Feature	sample	counts
Thermothelomyces_thermophilus	CM317	2.4743542338728735
Thermothelomyces_thermophilus	CMCD140	6.362165188468413
Thermothelomyces_thermophilus	CMCD147	1.2212981609633837
Thermothelomyces_thermophilus	CMCD152	9.911161719841763
Thermothelomyces_thermophilus	CMCD154	5.914849486441273
Thermothelomyces_thermophilus	CMCD159	3.6673196348933397
Thermothelomyces_thermophilus	CMCD161	10.722201680115788
Thermothelomyces_thermophilus	CMCD174	2.585486424800964
Thermothelomyces_thermophilus	CMCD196	29.135462567762545
Thermothelomyces_thermophilus	CMCD198	3.7412578564220476
Thermothelomyces_thermophilus	CMCD203	8.674576676111942
Thermothelomyces_thermophilus	CMCD211	8.502090337700613
Thermothelomyces_thermophilus	CMCD227	10.977807160716726
Thermothelomyces_thermophilus	CMCD240	13.196555913988663
Thermothelomyces_thermophilus	CMCD259	16.352698204902033
Thermothelomyces_thermophilus	CMCD270	15.1644705870258
Thermothelomyces_thermophilus	CMCD275	10.519975823685073
Thermothelomyces_thermophilus	CMCD282	28.814654274161967
Thermothelomyces_thermophilus	CMCD286	15.65695452293278
Thermothelomyces_thermophilus	CMCD287	16.0483783860061
Thermothelomyces_thermophilus	CMCD294	11.345770120451274
Thermothelomyces_thermophilus	CMCD327	5.7069774678082466
Thermothelomyces_thermophilus	CMCD335	12.01368906680269
Thermothelomyces_thermophilus	CMCD337	5.563898324526772
Thermothelomyces_thermophilus	CMCD357	13.38059384915657
Thermothelomyces_thermophilus	CMCD398	3.7147819062636254
Thermothelomyces_thermophilus	CMCD403	6.292978810243169
Thermothelomyces_thermophilus	CMCD422	5.1004358777751335
Thermothelomyces_thermophilus	CMCD426	2.258482624897595
Thermothelomyces_thermophilus	CMCD71	10.959868166052948
Thermothelomyces_thermophilus	CMCD72	5.5008285285634
Thermothelomyces_thermophilus	CMCD76	13.163871928033624
Thermothelomyces_thermophilus	CMCD88	12.514446497642666
Thermothelomyces_thermophilus	CMSA256	25.02610860587775
Thermothelomyces_thermophilus	CMSA316	1.2858099584794136
Thermothelomyces_thermophilus	CMUC110	15.151779603366787
Thermothelomyces_thermophilus	CMUC192	38.59694675657982
Thermothelomyces_thermophilus	CMUC199	14.86564043844923
Thermothelomyces_thermophilus	CMUC200	11.468927334725397
Thermothelomyces_thermophilus	CMUC208	15.587304711747615
Thermothelomyces_thermophilus	CMUC231	24.39670577191818
Thermothelomyces_thermophilus	CMUC234	19.976707187952606
Thermothelomyces_thermophilus	CMUC285	16.819164693523767
Thermothelomyces_thermophilus	CMUC291	11.857033780712376
Thermothelomyces_thermophilus	CMUC295	18.235263628303365
Thermothelomyces_thermophilus	CMUC299	27.236357194752504
Thermothelomyces_thermophilus	CMUC301	20.223040962015713
Thermothelomyces_thermophilus	CMUC307	17.86555570423908
Thermothelomyces_thermophilus	CMUC313	3.207406502091808
Thermothelomyces_thermophilus	CMUC314	8.096251761337866
Thermothelomyces_thermophilus	CMUC323	8.87227422966191
Thermothelomyces_thermophilus	CMUC324	10.920201515940025
Thermothelomyces_thermophilus	CMUC331	7.805346412007998
Thermothelomyces_thermophilus	CMUC333	4.877636128578769
Thermothelomyces_thermophilus	CMUC334	7.048953537447706
Thermothelomyces_thermophilus	CMUC346	20.915317050122827
Thermothelomyces_thermophilus	CMUC352	4.862987222745109
Thermothelomyces_thermophilus	CMUC360	4.065816188293807
Thermothelomyces_thermophilus	CMUC363	3.200902684577896
Thermothelomyces_thermophilus	CMUC365	6.297084703262785
Thermothelomyces_thermophilus	CMUC366	4.460197949718857
Thermothelomyces_thermophilus	CMUC368	9.528578952978947
Thermothelomyces_thermophilus	CMUC377	4.542416168028343
Thermothelomyces_thermophilus	CMUC379	2.003003396829638
Thermothelomyces_thermophilus	CMUC380	14.60941124938604
Thermothelomyces_thermophilus	CMUC383	17.92338805720355
Thermothelomyces_thermophilus	CMUC394	8.09431425891127
Thermothelomyces_thermophilus	CMUC419	10.694470979942718
Thermothelomyces_thermophilus	CMUC427	11.782785729057558
Thermothelomyces_thermophilus	CMUC428	8.427982266913958
Thermothelomyces_thermophilus	CMUC431	18.7328313888192
Thermothelomyces_thermophilus	CMUC435	12.878821579813202
Thermothelomyces_thermophilus	CMUC439	4.231244548296523
Thermothelomyces_thermophilus	CMUC89	17.30197867721658
Thermothelomyces_thermophilus	CS219	17.079484791786566
Thermothelomyces_thermophilus	CS256	31.526056469477435
Thermothelomyces_thermophilus	CS257	5.651609337802659
Thermothelomyces_thermophilus	CS259	34.16580746816727
Thermothelomyces_thermophilus	CS261	5.100435877775133
Thermothelomyces_thermophilus	CS266	6.65345297186097
Thermothelomyces_thermophilus	CS270	6.1229045641876825
Thermothelomyces_thermophilus	CS277	4.08726921079961
Thermothelomyces_thermophilus	CS288	7.614666767098863
Thermothelomyces_thermophilus	CS290	9.197651283015894
Thermothelomyces_thermophilus	CS292	51.929717695583214
Thermothelomyces_thermophilus	CS293	16.562205915915694
Thermothelomyces_thermophilus	CS301	9.331129985107209
Thermothelomyces_thermophilus	CS306	5.282686616929697
Thermothelomyces_thermophilus	CS308	2.9990755916306044
Thermothelomyces_thermophilus	CS315	2.6574965538257014
Thermothelomyces_thermophilus	CS317	1.888343222010762
Thermothelomyces_thermophilus	CS322	7.7869991451914435
Thermothelomyces_thermophilus	CS327	11.030288345113378
Thermothelomyces_thermophilus	CS328	4.129945171077335
Thermothelomyces_thermophilus	CS330	2.562926908462241
Thermothelomyces_thermophilus	CS331	4.872543000553568
Thermothelomyces_thermophilus	CS335	5.946256175379689
Thermothelomyces_thermophilus	CS338	7.251237954447094
Thermothelomyces_thermophilus	CS339	4.280233100856185
Thermothelomyces_thermophilus	CS343	7.288304700526968
Thermothelomyces_thermophilus	CS344	2.6999868827886444
Thermothelomyces_thermophilus	CS350	1.0603608647447353
Thermothelomyces_thermophilus	CS351	12.66740023990251
Thermothelomyces_thermophilus	CS361	11.939931488918997
Thermothelomyces_thermophilus	CS388	6.920943672993703
Thermothelomyces_thermophilus	CS396	6.727665877409507
Thermothelomyces_thermophilus	CS405	6.363946180125638
Thermothelomyces_thermophilus	CS415	2.1529658683305746
Thermothelomyces_thermophilus	CS424	5.835792089565799
Thermothelomyces_thermophilus	IM293	23.71406756142475
Thermothelomyces_thermophilus	IM296	3.9372170777509736
Thermothelomyces_thermophilus	IM297	78.70802991557524
Thermothelomyces_thermophilus	IM300	14.742272046519034
Thermothelomyces_thermophilus	IM305	13.90974581131693
Thermothelomyces_thermophilus	IM309	5.395519587497824
Thermothelomyces_thermophilus	IM310	7.683478638632208
Thermothelomyces_thermophilus	IM311	3.3687551240792466
Thermothelomyces_thermophilus	IM316	8.740445129829128
Thermothelomyces_thermophilus	IM320	5.660093097240548
Thermothelomyces_thermophilus	IM330	4.6858909687762305
Thermothelomyces_thermophilus	IM332	8.085500779090452
Thermothelomyces_thermophilus	IM340	9.17969548621871
Thermothelomyces_thermophilus	IM348	5.9436510500218
Thermothelomyces_thermophilus	IM354	8.667017555149592
Thermothelomyces_thermophilus	IM356	2.8014247210990804
Thermothelomyces_thermophilus	IM364	3.181973090062819
Thermothelomyces_thermophilus	IM372	1.785594708258294
Thermothelomyces_thermophilus	IM374	4.155930486015657
Thermothelomyces_thermophilus	IM376	3.7176757183336897
Thermothelomyces_thermophilus	IM381	3.538423706776959
Thermothelomyces_thermophilus	IM382	3.633932934422675
Thermothelomyces_thermophilus	IM385	10.908360399541577
Thermothelomyces_thermophilus	IM390	2.6999868827886444
Thermothelomyces_thermophilus	IM397	15.03067634201547
Thermothelomyces_thermophilus	IM404	14.659352235352227
Thermothelomyces_thermophilus	IM409	10.886318315958407
Thermothelomyces_thermophilus	IM412	10.200871755550269
Thermothelomyces_thermophilus	IM421	6.071947473541825
Thermothelomyces_thermophilus	IM425	4.122101503035926
Thermothelomyces_thermophilus	IM432	6.243175092735093
Thermothelomyces_thermophilus	IM438	36.617616153678284
Thermothelomyces_thermophilus	IM442	5.462778206143206
Thermothelomyces_thermophilus	IM445	4.829216478142714
Thermothelomyces_thermophilus	IM448	6.984911635283146
Thermothelomyces_thermophilus	IM449	6.727665877409508
Thermothelomyces_thermophilus	IM451	12.270126957548602
Thermothelomyces_thermophilus	IMSA256	18.739671747249876
Thermothelomyces_thermophilus	IMSA276	12.326268772835952
Thermothelomyces_thermophilus	IMSA286	19.329830575583653
Thermothelomyces_thermophilus	IMSA343	2.529200346012219
Thermothelomyces_thermophilus	IS_238	14.61623104604136
Thermothelomyces_thermophilus	IS238	18.428706499102468
Thermothelomyces_thermophilus	IS243	28.431206927176163
Thermothelomyces_thermophilus	IS253	20.621250987627228
Thermothelomyces_thermophilus	IS283	8.795519010935267
Thermothelomyces_thermophilus	IS322	5.880912700924972
Thermothelomyces_thermophilus	IS399	2.422621956281782
Thermothelomyces_thermophilus	IS418	4.261078281070928
Thermothelomyces_thermophilus	IS430	7.835455073930768
Thermothelomyces_thermophilus	IS437	2.6999868827886444
Thermothelomyces_thermophilus	IS444	2.86143342404234
Thermothelomyces_thermophilus	R276CMSA	3.7112448804403675
Thermothelomyces_thermophilus	R286CMSA	14.29286842946842
Thermothelomyces_thermophilus	R292CMSA	26.39311182797732
Thermothelomyces_thermophilus	R292IMSA	6.362165188468412
Thermothelomyces_thermophilus	R308CMSA	1.7539477255249634
Thermothelomyces_thermophilus	R316IMSA	6.7869018651025295
Thermothelomyces_thermophilus	R347CMSA	3.364889783240808
Thermothelomyces_thermophilus	R347IMSA	6.775447874692785
Thermothelomyces_thermophilus	R371CMSA	5.450899401634011
Thermothelomyces_thermophilus	SRR10104064	NA
Thermothelomyces_thermophilus	SRR10104065	NA
Thermothelomyces_thermophilus	SRR10104066	NA
Thermothelomyces_thermophilus	SRR10104067	NA
Thermothelomyces_thermophilus	SRR10104068	NA
Thermothelomyces_thermophilus	SRR10104069	NA
Thermothelomyces_thermophilus	SRR10104070	NA
Thermothelomyces_thermophilus	SRR10104071	NA
Thermothelomyces_thermophilus	SRR10104072	NA
Thermothelomyces_thermophilus	SRR10104073	NA
Thermothelomyces_thermophilus	SRR10104074	NA
Thermothelomyces_thermophilus	SRR10104075	NA
Thermothelomyces_thermophilus	SRR10104076	NA
Thermothelomyces_thermophilus	SRR10104077	NA
Thermothelomyces_thermophilus	SRR10104078	NA
Thermothelomyces_thermophilus	SRR10104079	NA
Thermothelomyces_thermophilus	SRR10104080	NA
Thermothelomyces_thermophilus	SRR10104081	NA
Thermothelomyces_thermophilus	SRR10104082	NA
Thermothelomyces_thermophilus	SRR10104083	NA
Thermothelomyces_thermophilus	SRR10104084	NA
Thermothelomyces_thermophilus	SRR10104085	NA
Thermothelomyces_thermophilus	SRR10104086	NA
Thermothelomyces_thermophilus	SRR10104087	NA
Thermothelomyces_thermophilus	SRR10104088	NA
Thermothelomyces_thermophilus	SRR10104089	NA
Thermothelomyces_thermophilus	SRR10104090	NA
Thermothelomyces_thermophilus	SRR10104091	NA
Thermothelomyces_thermophilus	SRR10104092	NA
Thermothelomyces_thermophilus	SRR10104093	NA
Thermothelomyces_thermophilus	SRR10104094	NA
Thermothelomyces_thermophilus	SRR10104095	NA
Thermothelomyces_thermophilus	SRR10104096	NA
Thermothelomyces_thermophilus	SRR10104097	NA
Thermothelomyces_thermophilus	SRR10104098	NA
Thermothelomyces_thermophilus	SRR10104099	NA
Thermothelomyces_thermophilus	SRR10104100	NA
Thermothelomyces_thermophilus	SRR10104101	NA
Thermothelomyces_thermophilus	SRR10104102	NA
Thermothelomyces_thermophilus	SRR10104103	NA
Thermothelomyces_thermophilus	SRR10104104	NA
Thermothelomyces_thermophilus	SRR10104105	NA
Thermothelomyces_thermophilus	SRR10104106	NA
Thermothelomyces_thermophilus	SRR10104107	NA
Thermothelomyces_thermophilus	SRR10104108	NA
Thermothelomyces_thermophilus	SRR10104109	NA
Thermothelomyces_thermophilus	SRR10104110	NA
Thermothelomyces_thermophilus	SRR10104111	NA
Thermothelomyces_thermophilus	SRR10104112	NA
Thermothelomyces_thermophilus	SRR10104113	NA
Thermothelomyces_thermophilus	SRR10104114	NA
Thermothelomyces_thermophilus	SRR10104115	NA
Thermothelomyces_thermophilus	SRR10104116	NA
Thermothelomyces_thermophilus	SRR10104117	NA
Thermothelomyces_thermophilus	SRR10104118	NA
Thermothelomyces_thermophilus	SRR10104119	NA
Thermothelomyces_thermophilus	SRR10104120	NA
Thermothelomyces_thermophilus	SRR10104121	NA
Thermothelomyces_thermophilus	SRR10104122	NA
Thermothelomyces_thermophilus	SRR10104123	NA
Thermothelomyces_thermophilus	SRR10104124	NA
Thermothelomyces_thermophilus	SRR10104125	NA
Thermothelomyces_thermophilus	SRR10104126	NA
Thermothelomyces_thermophilus	SRR10104127	NA
Thermothelomyces_thermophilus	SRR10104128	NA
Thermothelomyces_thermophilus	SRR10104129	NA
Thermothelomyces_thermophilus	SRR10104130	NA
Thermothelomyces_thermophilus	SRR10104131	NA
Thermothelomyces_thermophilus	SRR10104132	NA
Thermothelomyces_thermophilus	SRR10104133	NA
Thermothelomyces_thermophilus	SRR10104134	NA
Thermothelomyces_thermophilus	SRR10104135	NA
Thermothelomyces_thermophilus	SRR10104136	NA
Thermothelomyces_thermophilus	SRR10104137	NA
Thermothelomyces_thermophilus	SRR10104138	NA
Thermothelomyces_thermophilus	SRR10104139	NA
Thermothelomyces_thermophilus	SRR10104140	NA
Thermothelomyces_thermophilus	SRR10104141	NA
Thermothelomyces_thermophilus	SRR10104142	NA
Thermothelomyces_thermophilus	SRR10104143	NA
Thermothelomyces_thermophilus	SRR10104144	NA
Thermothelomyces_thermophilus	SRR10104145	NA
Thermothelomyces_thermophilus	SRR10104146	NA
Thermothelomyces_thermophilus	SRR10104147	NA
Thermothelomyces_thermophilus	SRR10104148	NA
Thermothelomyces_thermophilus	SRR10104149	NA
Thermothelomyces_thermophilus	SRR10104150	NA
Thermothelomyces_thermophilus	SRR10104151	NA
Thermothelomyces_thermophilus	SRR10104152	NA
Thermothelomyces_thermophilus	SRR10104153	NA
Thermothelomyces_thermophilus	SRR10104154	NA
Thermothelomyces_thermophilus	SRR10104155	NA
Thermothelomyces_thermophilus	SRR10104156	NA
Thermothelomyces_thermophilus	SRR10104157	NA
Thermothelomyces_thermophilus	SRR10104158	NA
Thermothelomyces_thermophilus	SRR10104159	NA
Thermothelomyces_thermophilus	SRR10104160	NA
Thermothelomyces_thermophilus	SRR10104161	NA
Thermothelomyces_thermophilus	SRR10104162	NA
Thermothelomyces_thermophilus	SRR10104163	NA
Thermothelomyces_thermophilus	SRR10104164	NA
Thermothelomyces_thermophilus	SRR10104165	NA
Thermothelomyces_thermophilus	SRR10104166	NA
Thermothelomyces_thermophilus	SRR10104167	NA
Thermothelomyces_thermophilus	SRR10104168	NA
Thermothelomyces_thermophilus	SRR10104169	NA
Thermothelomyces_thermophilus	SRR10104170	NA
Thermothelomyces_thermophilus	SRR10104171	NA
Thermothelomyces_thermophilus	SRR10104172	NA
Thermothelomyces_thermophilus	SRR10104173	NA
Thermothelomyces_thermophilus	SRR10104174	NA
Thermothelomyces_thermophilus	SRR10104175	NA
Thermothelomyces_thermophilus	SRR10104176	NA
Thermothelomyces_thermophilus	SRR10104177	NA
Thermothelomyces_thermophilus	SRR10104178	NA
Thermothelomyces_thermophilus	SRR10104179	NA
Thermothelomyces_thermophilus	SRR10104180	NA
Thermothelomyces_thermophilus	SRR10104181	NA
Thermothelomyces_thermophilus	SRR10104182	NA
Thermothelomyces_thermophilus	SRR10104183	NA
Thermothelomyces_thermophilus	SRR10104184	NA
Thermothelomyces_thermophilus	SRR10104185	NA
Thermothelomyces_thermophilus	SRR10104186	NA
Thermothelomyces_thermophilus	SRR10104187	NA
Thermothelomyces_thermophilus	SRR10104188	NA
Thermothelomyces_thermophilus	SRR10104189	NA
Thermothelomyces_thermophilus	SRR10104190	NA
Thermothelomyces_thermophilus	SRR10104191	NA
Thermothelomyces_thermophilus	SRR10104192	NA
Thermothelomyces_thermophilus	SRR10104193	NA
Thermothelomyces_thermophilus	SRR10104194	NA
Thermothelomyces_thermophilus	SRR10104195	NA
Thermothelomyces_thermophilus	SRR10104196	NA
Thermothelomyces_thermophilus	SRR10104197	NA
Thermothelomyces_thermophilus	SRR10104198	NA
Thermothelomyces_thermophilus	SRR10104199	NA
Thermothelomyces_thermophilus	SRR10104200	NA
Thermothelomyces_thermophilus	SRR10104201	NA
Thermothelomyces_thermophilus	SRR10104202	NA
Thermothelomyces_thermophilus	SRR10104203	NA
Thermothelomyces_thermophilus	SRR10104204	NA
Thermothelomyces_thermophilus	SRR10104205	NA
Thermothelomyces_thermophilus	SRR10104206	NA
Thermothelomyces_thermophilus	SRR10104207	NA
Thermothelomyces_thermophilus	SRR10104208	NA
Thermothelomyces_thermophilus	SRR10104209	NA
Thermothelomyces_thermophilus	SRR10104210	NA
Thermothelomyces_thermophilus	SRR10104211	NA
Thermothelomyces_thermophilus	SRR10104212	NA
Thermothelomyces_thermophilus	SRR10104213	NA
Thermothelomyces_thermophilus	SRR10104214	NA
Thermothelomyces_thermophilus	SRR10104215	NA
Thermothelomyces_thermophilus	SRR10104216	NA
Thermothelomyces_thermophilus	SRR10104217	NA
Thermothelomyces_thermophilus	SRR10104218	NA
Thermothelomyces_thermophilus	SRR10104219	NA
Thermothelomyces_thermophilus	SRR10104220	NA
Thermothelomyces_thermophilus	SRR10104221	NA
Thermothelomyces_thermophilus	SRR10104222	NA
Thermothelomyces_thermophilus	SRR10104223	NA
Thermothelomyces_thermophilus	SRR10104224	NA
Thermothelomyces_thermophilus	SRR10104225	NA
Thermothelomyces_thermophilus	SRR10104226	NA
Thermothelomyces_thermophilus	SRR10104227	NA
Thermothelomyces_thermophilus	SRR10104228	NA
Thermothelomyces_thermophilus	SRR10104229	NA
Thermothelomyces_thermophilus	SRR10104230	NA
Thermothelomyces_thermophilus	SRR10104231	NA
Thermothelomyces_thermophilus	SRR10104232	NA
Thermothelomyces_thermophilus	SRR10104233	NA
Thermothelomyces_thermophilus	SRR10104234	NA
Thermothelomyces_thermophilus	SRR10104235	NA
Thermothelomyces_thermophilus	SRR10104236	NA
Thermothelomyces_thermophilus	SRR10104237	NA
Thermothelomyces_thermophilus	SRR10104238	NA
Thermothelomyces_thermophilus	SRR10104239	NA
Thermothelomyces_thermophilus	SRR10104240	NA
Thermothelomyces_thermophilus	SRR10104241	NA
Thermothelomyces_thermophilus	SRR10104242	NA
Thermothelomyces_thermophilus	SRR10104243	NA
Thermothelomyces_thermophilus	SRR10104244	NA
Thermothelomyces_thermophilus	SRR10104245	NA
Thermothelomyces_thermophilus	SRR10104246	NA
Thermothelomyces_thermophilus	SRR10104247	NA
Thermothelomyces_thermophilus	SRR10104248	NA
Thermothelomyces_thermophilus	SRR10104249	NA
Thermothelomyces_thermophilus	SRR10104250	NA
Thermothelomyces_thermophilus	SRR10104251	NA
Thermothelomyces_thermophilus	SRR10104252	NA
Thermothelomyces_thermophilus	SRR10104253	NA
Thermothelomyces_thermophilus	SRR10104254	NA
Thermothelomyces_thermophilus	SRR10104255	NA
Thermothelomyces_thermophilus	SRR10104256	NA
Thermothelomyces_thermophilus	SRR10104257	NA
Thermothelomyces_thermophilus	SRR10104258	NA
Thermothelomyces_thermophilus	SRR10224277	2.2725750832378284
Thermothelomyces_thermophilus	SRR10224278	2.2725750832378284
Thermothelomyces_thermophilus	SRR10224279	2.2725750832378284
Thermothelomyces_thermophilus	SRR10224280	2.2725750832378284
Thermothelomyces_thermophilus	SRR10224281	2.2725750832378284
Thermothelomyces_thermophilus	SRR10224282	2.2725750832378284
Thermothelomyces_thermophilus	SRR10224283	2.2725750832378284
Thermothelomyces_thermophilus	SRR10224284	2.2725750832378284
Thermothelomyces_thermophilus	SRR10224285	2.2725750832378284
Thermothelomyces_thermophilus	SRR10224286	2.2725750832378284
Thermothelomyces_thermophilus	SRR10224287	2.2725750832378284
Thermothelomyces_thermophilus	SRR10224288	2.2725750832378284
Thermothelomyces_thermophilus	SRR10224289	2.2725750832378284
Thermothelomyces_thermophilus	SRR10224290	2.2725750832378284
Thermothelomyces_thermophilus	SRR10224291	2.2725750832378284
Thermothelomyces_thermophilus	SRR10224292	2.2725750832378284
Thermothelomyces_thermophilus	SRR10224293	2.2725750832378284
Thermothelomyces_thermophilus	SRR10224294	2.2725750832378284
Thermothelomyces_thermophilus	SRR10224295	2.2725750832378284
Thermothelomyces_thermophilus	SRR10224296	2.2725750832378284
Thermothelomyces_thermophilus	SRR10224297	2.2725750832378284
Thermothelomyces_thermophilus	SRR10224298	2.2725750832378284
Thermothelomyces_thermophilus	SRR10318388	NA
Thermothelomyces_thermophilus	SRR10318389	NA
Thermothelomyces_thermophilus	SRR10318390	NA
Thermothelomyces_thermophilus	SRR10318391	NA
Thermothelomyces_thermophilus	SRR10318392	NA
Thermothelomyces_thermophilus	SRR10318393	NA
Thermothelomyces_thermophilus	SRR10318394	NA
Thermothelomyces_thermophilus	SRR10318395	NA
Thermothelomyces_thermophilus	SRR10318396	NA
Thermothelomyces_thermophilus	SRR10318397	NA
Thermothelomyces_thermophilus	SRR10318398	NA
Thermothelomyces_thermophilus	SRR10318399	NA
Thermothelomyces_thermophilus	SRR10318400	NA
Thermothelomyces_thermophilus	SRR10318401	NA
Thermothelomyces_thermophilus	SRR10318402	NA
Thermothelomyces_thermophilus	SRR10318403	NA
Thermothelomyces_thermophilus	SRR10318404	NA
Thermothelomyces_thermophilus	SRR10318405	NA
Thermothelomyces_thermophilus	SRR10318406	NA
Thermothelomyces_thermophilus	SRR10318407	NA
Thermothelomyces_thermophilus	SRR10318408	NA
Thermothelomyces_thermophilus	SRR10318409	NA
Thermothelomyces_thermophilus	SRR10318410	NA
Thermothelomyces_thermophilus	SRR10318411	NA
Thermothelomyces_thermophilus	SRR10318412	NA
Thermothelomyces_thermophilus	SRR10318413	NA
Thermothelomyces_thermophilus	SRR10318414	NA
Thermothelomyces_thermophilus	SRR10318415	NA
Thermothelomyces_thermophilus	SRR10318416	NA
Thermothelomyces_thermophilus	SRR10318417	NA
Thermothelomyces_thermophilus	SRR10318418	NA
Thermothelomyces_thermophilus	SRR10318419	NA
Thermothelomyces_thermophilus	SRR10318420	NA
Thermothelomyces_thermophilus	SRR10318421	NA
Thermothelomyces_thermophilus	SRR10318422	NA
Thermothelomyces_thermophilus	SRR10318423	NA
Thermothelomyces_thermophilus	SRR10318424	NA
Thermothelomyces_thermophilus	SRR10318425	NA
Thermothelomyces_thermophilus	SRR10318426	NA
Thermothelomyces_thermophilus	SRR10318427	NA
Thermothelomyces_thermophilus	SRR10318428	NA
Thermothelomyces_thermophilus	SRR10318429	NA
Thermothelomyces_thermophilus	SRR10318430	NA
Thermothelomyces_thermophilus	SRR10318431	NA
Thermothelomyces_thermophilus	SRR10318432	NA
Thermothelomyces_thermophilus	SRR10318433	NA
Thermothelomyces_thermophilus	SRR10318434	NA
Thermothelomyces_thermophilus	SRR10318435	NA
Thermothelomyces_thermophilus	SRR10318436	NA
Thermothelomyces_thermophilus	SRR10318437	NA
Thermothelomyces_thermophilus	SRR10318438	NA
Thermothelomyces_thermophilus	SRR10318439	NA
Thermothelomyces_thermophilus	SRR10318440	NA
Thermothelomyces_thermophilus	SRR10318441	NA
Thermothelomyces_thermophilus	SRR10318442	NA
Thermothelomyces_thermophilus	SRR10318443	NA
Thermothelomyces_thermophilus	SRR10318444	NA
Thermothelomyces_thermophilus	SRR10318445	NA
Thermothelomyces_thermophilus	SRR10318446	NA
Thermothelomyces_thermophilus	SRR10318447	NA
Thermothelomyces_thermophilus	SRR10318448	NA
Thermothelomyces_thermophilus	SRR10318449	NA
Thermothelomyces_thermophilus	SRR10318450	NA
Thermothelomyces_thermophilus	SRR10318451	NA
Thermothelomyces_thermophilus	SRR10318452	NA
Thermothelomyces_thermophilus	SRR10318453	NA
Thermothelomyces_thermophilus	SRR10318454	NA
Thermothelomyces_thermophilus	SRR10318455	NA
Thermothelomyces_thermophilus	SRR10318456	NA
Thermothelomyces_thermophilus	SRR10318457	NA
Thermothelomyces_thermophilus	SRR10318458	NA
Thermothelomyces_thermophilus	SRR10318459	NA
Thermothelomyces_thermophilus	SRR10318460	NA
Thermothelomyces_thermophilus	SRR10318461	NA
Thermothelomyces_thermophilus	SRR10318462	NA
Thermothelomyces_thermophilus	SRR10318463	NA
Thermothelomyces_thermophilus	SRR10318464	NA
Thermothelomyces_thermophilus	SRR10318465	NA
Thermothelomyces_thermophilus	SRR10318466	NA
Thermothelomyces_thermophilus	SRR10318467	NA
Thermothelomyces_thermophilus	SRR10318468	NA
Thermothelomyces_thermophilus	SRR10318469	NA
Thermothelomyces_thermophilus	SRR10318470	NA
Thermothelomyces_thermophilus	SRR10318471	NA
Thermothelomyces_thermophilus	SRR10318472	NA
Thermothelomyces_thermophilus	SRR10318473	NA
Thermothelomyces_thermophilus	SRR10318474	NA
Thermothelomyces_thermophilus	SRR10318475	NA
Thermothelomyces_thermophilus	SRR10318476	NA
Thermothelomyces_thermophilus	SRR10318495	NA
Thermothelomyces_thermophilus	SRR10318496	NA
Thermothelomyces_thermophilus	SRR10318497	NA
Thermothelomyces_thermophilus	SRR10318498	NA
Thermothelomyces_thermophilus	SRR10318499	NA
Thermothelomyces_thermophilus	SRR10318500	NA
Thermothelomyces_thermophilus	SRR10318501	NA
Thermothelomyces_thermophilus	SRR10318502	NA
Thermothelomyces_thermophilus	SRR10318503	NA
Thermothelomyces_thermophilus	SRR10318504	NA
Thermothelomyces_thermophilus	SRR10318505	NA
Thermothelomyces_thermophilus	SRR10318506	NA
Thermothelomyces_thermophilus	SRR10318507	NA
Thermothelomyces_thermophilus	SRR10318508	NA
Thermothelomyces_thermophilus	SRR10318509	NA
Thermothelomyces_thermophilus	SRR10318510	NA
Thermothelomyces_thermophilus	SRR10318511	NA
Thermothelomyces_thermophilus	SRR10318512	NA
Thermothelomyces_thermophilus	SRR10318513	NA
Thermothelomyces_thermophilus	SRR10318514	NA
Thermothelomyces_thermophilus	SRR10318515	NA
Thermothelomyces_thermophilus	SRR10318516	NA
Thermothelomyces_thermophilus	SRR10318517	NA
Thermothelomyces_thermophilus	SRR10318518	NA
Thermothelomyces_thermophilus	SRR10318519	NA
Thermothelomyces_thermophilus	SRR10318520	NA
Thermothelomyces_thermophilus	SRR10318521	NA
Thermothelomyces_thermophilus	SRR10318522	NA
Thermothelomyces_thermophilus	SRR10318523	NA
Thermothelomyces_thermophilus	SRR10318524	NA
Thermothelomyces_thermophilus	SRR10318525	NA
Thermothelomyces_thermophilus	SRR10318526	NA
Thermothelomyces_thermophilus	SRR10318527	NA
Thermothelomyces_thermophilus	SRR10318528	NA
Thermothelomyces_thermophilus	SRR10318529	NA
Thermothelomyces_thermophilus	SRR10318530	NA
Thermothelomyces_thermophilus	SRR10318531	NA
Thermothelomyces_thermophilus	SRR10318532	NA
Thermothelomyces_thermophilus	SRR10318533	NA
Thermothelomyces_thermophilus	SRR10318534	NA
Thermothelomyces_thermophilus	SRR10318535	NA
Thermothelomyces_thermophilus	SRR10318536	NA
Thermothelomyces_thermophilus	SRR10318537	NA
Thermothelomyces_thermophilus	SRR10318538	NA
Thermothelomyces_thermophilus	SRR10318539	NA
Thermothelomyces_thermophilus	SRR10318540	NA
Thermothelomyces_thermophilus	SRR10318541	NA
Thermothelomyces_thermophilus	SRR10318542	NA
Thermothelomyces_thermophilus	SRR10318543	NA
Thermothelomyces_thermophilus	SRR10318544	NA
Thermothelomyces_thermophilus	SRR10318545	NA
Thermothelomyces_thermophilus	SRR10318546	NA
Thermothelomyces_thermophilus	SRR10318547	NA
Thermothelomyces_thermophilus	SRR10318548	NA
Thermothelomyces_thermophilus	SRR10318549	NA
Thermothelomyces_thermophilus	SRR10318568	NA
Thermothelomyces_thermophilus	SRR10318569	NA
Thermothelomyces_thermophilus	SRR10318570	NA
Thermothelomyces_thermophilus	SRR10318571	NA
Thermothelomyces_thermophilus	SRR10318572	NA
Thermothelomyces_thermophilus	SRR10318573	NA
Thermothelomyces_thermophilus	SRR10318574	NA
Thermothelomyces_thermophilus	SRR10318575	NA
Thermothelomyces_thermophilus	SRR10318576	NA
Thermothelomyces_thermophilus	SRR10318577	NA
Thermothelomyces_thermophilus	SRR10318578	NA
Thermothelomyces_thermophilus	SRR10318579	NA
Thermothelomyces_thermophilus	SRR10318580	NA
Thermothelomyces_thermophilus	SRR10318581	NA
Thermothelomyces_thermophilus	SRR10875803	10.498028477221055
Thermothelomyces_thermophilus	SRR10875804	13.192360346228678
Thermothelomyces_thermophilus	SRR10875805	8.977360555472425
Thermothelomyces_thermophilus	SRR10875806	10.73615375554045
Thermothelomyces_thermophilus	SRR10875807	9.339619333377245
Thermothelomyces_thermophilus	SRR10875808	11.934069311882078
Thermothelomyces_thermophilus	SRR10875809	5.196224574569885
Thermothelomyces_thermophilus	SRR10875810	13.48394549387778
Thermothelomyces_thermophilus	SRR10875812	12.648343032999703
Thermothelomyces_thermophilus	SRR10875813	8.816982572430266
Thermothelomyces_thermophilus	SRR10875814	8.261001260959878
Thermothelomyces_thermophilus	SRR10875815	11.41526125025863
Thermothelomyces_thermophilus	SRR10875816	8.837089296793167
Thermothelomyces_thermophilus	SRR10875817	8.71538534118959
Thermothelomyces_thermophilus	SRR10875818	7.873521357915791
Thermothelomyces_thermophilus	SRR10875819	7.499497774684831
Thermothelomyces_thermophilus	SRR10875820	8.796332720278302
Thermothelomyces_thermophilus	SRR10875821	11.046361620991462
Thermothelomyces_thermophilus	SRR10875822	9.04673808487925
Thermothelomyces_thermophilus	SRR10875823	8.64439628224859
Thermothelomyces_thermophilus	SRR10875824	9.143405796923659
Thermothelomyces_thermophilus	SRR10875825	4.173069945707885
Thermothelomyces_thermophilus	SRR10875826	5.915738729022995
Thermothelomyces_thermophilus	SRR10875827	9.65844410376077
Thermothelomyces_thermophilus	SRR10875829	6.800581170366844
Thermothelomyces_thermophilus	SRR10875830	4.091108258652196
Thermothelomyces_thermophilus	SRR10875831	8.068315479333778
Thermothelomyces_thermophilus	SRR10875832	6.610714131904952
Thermothelomyces_thermophilus	SRR10875834	13.02234030775848
Thermothelomyces_thermophilus	SRR10875835	8.981128894318319
Thermothelomyces_thermophilus	SRR10875836	7.318538107144484
Thermothelomyces_thermophilus	SRR10875837	5.676615572369453
Thermothelomyces_thermophilus	SRR10875838	11.361009265122169
Thermothelomyces_thermophilus	SRR10875839	8.182216517304392
Thermothelomyces_thermophilus	SRR10875840	6.85742048319528
Thermothelomyces_thermophilus	SRR10875841	7.9340113654279865
Thermothelomyces_thermophilus	SRR10875842	7.937734635647633
Thermothelomyces_thermophilus	SRR10875843	8.907031263855778
Thermothelomyces_thermophilus	SRR10875844	8.130968685664604
Thermothelomyces_thermophilus	SRR10875845	6.675573403171383
Thermothelomyces_thermophilus	SRR10875846	7.776541877886176
Thermothelomyces_thermophilus	SRR10875847	8.13640961454605
Thermothelomyces_thermophilus	SRR10875848	9.459980095515668
Thermothelomyces_thermophilus	SRR10875849	12.102861931846082
Thermothelomyces_thermophilus	SRR10875850	10.02045089467698
Thermothelomyces_thermophilus	SRR10875851	4.0166280008754995
Thermothelomyces_thermophilus	SRR10875852	6.7235962327781476
Thermothelomyces_thermophilus	SRR10875853	3.818367708075382
Thermothelomyces_thermophilus	SRR10875854	4.544403706048867
Thermothelomyces_thermophilus	SRR10875855	7.43751845423289
Thermothelomyces_thermophilus	SRR10875856	8.5083193495158
Thermothelomyces_thermophilus	SRR10875857	7.646459996819096
Thermothelomyces_thermophilus	SRR10875858	7.024811770807199
Thermothelomyces_thermophilus	SRR10875859	8.415481461876668
Thermothelomyces_thermophilus	SRR10875860	8.150214009869144
Thermothelomyces_thermophilus	SRR10875861	5.725948669621573
Thermothelomyces_thermophilus	SRR10875862	5.169564619931
Thermothelomyces_thermophilus	SRR10875863	5.9804607453627066
Thermothelomyces_thermophilus	SRR10875864	8.16415204434589
Thermothelomyces_thermophilus	SRR10875865	6.512689903046727
Thermothelomyces_thermophilus	SRR10875866	3.726496331081033
Thermothelomyces_thermophilus	SRR10875867	7.563846746967517
Thermothelomyces_thermophilus	SRR10875868	7.818239120831351
Thermothelomyces_thermophilus	SRR10875869	9.4415342699482
Thermothelomyces_thermophilus	SRR10875870	5.476943814632063
Thermothelomyces_thermophilus	SRR10875871	9.944410142744172
Thermothelomyces_thermophilus	SRR10875872	8.743604361900228
Thermothelomyces_thermophilus	SRR10875873	4.5641198455267205
Thermothelomyces_thermophilus	SRR10875874	6.958618174887328
Thermothelomyces_thermophilus	SRR10875875	5.567223436848768
Thermothelomyces_thermophilus	SRR10875876	2.6999868827886453
Thermothelomyces_thermophilus	SRR10875877	5.452864712055645
Thermothelomyces_thermophilus	SRR10875878	9.021223219739387
Thermothelomyces_thermophilus	SRR10875879	4.8901284059214865
Thermothelomyces_thermophilus	SRR10875880	8.997226774891814
Thermothelomyces_thermophilus	SRR10875881	8.663996153599527
Thermothelomyces_thermophilus	SRR10875882	9.12823969105344
Thermothelomyces_thermophilus	SRR10875883	8.79551901093527
Thermothelomyces_thermophilus	SRR10875884	6.664612425845788
Thermothelomyces_thermophilus	SRR10875885	3.4578494911430466
Thermothelomyces_thermophilus	SRR10875886	10.354378213637151
Thermothelomyces_thermophilus	SRR10875887	9.543201121132373
Thermothelomyces_thermophilus	SRR10875888	4.952581460085479
Thermothelomyces_thermophilus	SRR10875889	2.6987505871126225
Thermothelomyces_thermophilus	SRR10875890	14.314739515515619
Thermothelomyces_thermophilus	SRR10875891	8.631794855632375
Thermothelomyces_thermophilus	SRR10875892	6.405117759381592
Thermothelomyces_thermophilus	SRR10875893	8.376684772319305
Thermothelomyces_thermophilus	SRR10875894	6.103407110219755
Thermothelomyces_thermophilus	SRR10875895	6.823190505452814
Thermothelomyces_thermophilus	SRR10875896	13.493752935563112
Thermothelomyces_thermophilus	SRR10875897	7.353442566334211
Thermothelomyces_thermophilus	SRR10875898	8.531085139082645
Thermothelomyces_thermophilus	SRR10875899	7.405124917606431
Thermothelomyces_thermophilus	SRR10875900	8.092743659955602
Thermothelomyces_thermophilus	SRR10875901	3.8958429998362774
Thermothelomyces_thermophilus	SRR10875902	12.03997466701994
Thermothelomyces_thermophilus	SRR12430469	1.681916469352377
Thermothelomyces_thermophilus	SRR12430470	1.816966467211337
Thermothelomyces_thermophilus	SRR12430471	1.6938619686731966
Thermothelomyces_thermophilus	SRR12430472	3.1810825942342067
Thermothelomyces_thermophilus	SRR12430473	1.816966467211337
Thermothelomyces_thermophilus	SRR12430474	3.400290585183422
Thermothelomyces_thermophilus	SRR12430475	1.784055363179506
Thermothelomyces_thermophilus	SRR12430476	1.9406135066541987
Thermothelomyces_thermophilus	SRR12765534	NA
Thermothelomyces_thermophilus	SRR12765535	NA
Thermothelomyces_thermophilus	SRR12765536	NA
Thermothelomyces_thermophilus	SRR12765537	NA
Thermothelomyces_thermophilus	SRR12765538	NA
Thermothelomyces_thermophilus	SRR12765539	NA
Thermothelomyces_thermophilus	SRR12765540	NA
Thermothelomyces_thermophilus	SRR12765541	NA
Thermothelomyces_thermophilus	SRR12765542	NA
Thermothelomyces_thermophilus	SRR12765543	NA
Thermothelomyces_thermophilus	SRR12765544	NA
Thermothelomyces_thermophilus	SRR12765545	NA
Thermothelomyces_thermophilus	SRR12765546	NA
Thermothelomyces_thermophilus	SRR12765547	NA
Thermothelomyces_thermophilus	SRR12765548	NA
Thermothelomyces_thermophilus	SRR12765549	NA
Thermothelomyces_thermophilus	SRR12765550	NA
Thermothelomyces_thermophilus	SRR12765551	NA
Thermothelomyces_thermophilus	SRR12765552	NA
Thermothelomyces_thermophilus	SRR12765553	NA
Thermothelomyces_thermophilus	SRR12765554	NA
Thermothelomyces_thermophilus	SRR12765555	NA
Thermothelomyces_thermophilus	SRR12765556	NA
Thermothelomyces_thermophilus	SRR12765557	NA
Thermothelomyces_thermophilus	SRR12765558	NA
Thermothelomyces_thermophilus	SRR12765559	NA
Thermothelomyces_thermophilus	SRR12765560	NA
Thermothelomyces_thermophilus	SRR12765561	NA
Thermothelomyces_thermophilus	SRR12765562	NA
Thermothelomyces_thermophilus	SRR12765563	NA
Thermothelomyces_thermophilus	SRR12765564	NA
Thermothelomyces_thermophilus	SRR12765565	NA
Thermothelomyces_thermophilus	SRR12765566	NA
Thermothelomyces_thermophilus	SRR12765567	NA
Thermothelomyces_thermophilus	SRR12765568	NA
Thermothelomyces_thermophilus	SRR12765569	NA
Thermothelomyces_thermophilus	SRR12765570	NA
Thermothelomyces_thermophilus	SRR12765571	NA
Thermothelomyces_thermophilus	SRR12765572	NA
Thermothelomyces_thermophilus	SRR12765573	NA
Thermothelomyces_thermophilus	SRR12765574	NA
Thermothelomyces_thermophilus	SRR12765575	NA
Thermothelomyces_thermophilus	SRR12765576	NA
Thermothelomyces_thermophilus	SRR12765577	NA
Thermothelomyces_thermophilus	SRR12765578	NA
Thermothelomyces_thermophilus	SRR12765579	NA
Thermothelomyces_thermophilus	SRR12765580	NA
Thermothelomyces_thermophilus	SRR12765581	NA
Thermothelomyces_thermophilus	SRR12765582	NA
Thermothelomyces_thermophilus	SRR12765583	NA
Thermothelomyces_thermophilus	SRR12765584	NA
Thermothelomyces_thermophilus	SRR12765585	NA
Thermothelomyces_thermophilus	SRR12765586	NA
Thermothelomyces_thermophilus	SRR12765587	NA
Thermothelomyces_thermophilus	SRR12765588	NA
Thermothelomyces_thermophilus	SRR12765589	NA
Thermothelomyces_thermophilus	SRR12765590	NA
Thermothelomyces_thermophilus	SRR12765591	NA
Thermothelomyces_thermophilus	SRR12765592	NA
Thermothelomyces_thermophilus	SRR12765593	NA
Thermothelomyces_thermophilus	SRR12765594	NA
Thermothelomyces_thermophilus	SRR12765595	NA
Thermothelomyces_thermophilus	SRR12765596	NA
Thermothelomyces_thermophilus	SRR12765597	NA
Thermothelomyces_thermophilus	SRR12765598	NA
Thermothelomyces_thermophilus	SRR12765599	NA
Thermothelomyces_thermophilus	SRR12765600	NA
Thermothelomyces_thermophilus	SRR12765601	NA
Thermothelomyces_thermophilus	SRR12765602	NA
Thermothelomyces_thermophilus	SRR12765603	NA
Thermothelomyces_thermophilus	SRR12765604	NA
Thermothelomyces_thermophilus	SRR12765605	NA
Thermothelomyces_thermophilus	SRR12765606	NA
Thermothelomyces_thermophilus	SRR12765607	NA
Thermothelomyces_thermophilus	SRR12765608	NA
Thermothelomyces_thermophilus	SRR12765609	NA
Thermothelomyces_thermophilus	SRR12765610	NA
Thermothelomyces_thermophilus	SRR12765611	NA
Thermothelomyces_thermophilus	SRR12765612	NA
Thermothelomyces_thermophilus	SRR12765613	NA
Thermothelomyces_thermophilus	SRR12765614	NA
Thermothelomyces_thermophilus	SRR12765615	NA
Thermothelomyces_thermophilus	SRR12765616	NA
Thermothelomyces_thermophilus	SRR12765617	NA
Thermothelomyces_thermophilus	SRR12765618	NA
Thermothelomyces_thermophilus	SRR12765619	NA
Thermothelomyces_thermophilus	SRR12765620	NA
Thermothelomyces_thermophilus	SRR12765621	NA
Thermothelomyces_thermophilus	SRR12765622	NA
Thermothelomyces_thermophilus	SRR12765623	NA
Thermothelomyces_thermophilus	SRR12765624	NA
Thermothelomyces_thermophilus	SRR12765625	NA
Thermothelomyces_thermophilus	SRR12765626	NA
Thermothelomyces_thermophilus	SRR12765627	NA
Thermothelomyces_thermophilus	SRR12765628	NA
Thermothelomyces_thermophilus	SRR12765629	NA
Thermothelomyces_thermophilus	SRR12765630	NA
Thermothelomyces_thermophilus	SRR12765631	NA
Thermothelomyces_thermophilus	SRR12765632	NA
Thermothelomyces_thermophilus	SRR12765633	NA
Thermothelomyces_thermophilus	SRR12765634	NA
Thermothelomyces_thermophilus	SRR12765635	NA
Thermothelomyces_thermophilus	SRR12765636	NA
Thermothelomyces_thermophilus	SRR12765637	NA
Thermothelomyces_thermophilus	SRR12765638	NA
Thermothelomyces_thermophilus	SRR12765639	NA
Thermothelomyces_thermophilus	SRR12765640	NA
Thermothelomyces_thermophilus	SRR12765641	NA
Thermothelomyces_thermophilus	SRR12765642	NA
Thermothelomyces_thermophilus	SRR12765643	NA
Thermothelomyces_thermophilus	SRR12765644	NA
Thermothelomyces_thermophilus	SRR12765645	NA
Thermothelomyces_thermophilus	SRR12765646	NA
Thermothelomyces_thermophilus	SRR12765647	NA
Thermothelomyces_thermophilus	SRR12765648	NA
Thermothelomyces_thermophilus	SRR12765649	NA
Thermothelomyces_thermophilus	SRR12765650	NA
Thermothelomyces_thermophilus	SRR12765651	NA
Thermothelomyces_thermophilus	SRR12765652	NA
Thermothelomyces_thermophilus	SRR12774664	1.5656954522932782
Thermothelomyces_thermophilus	SRR12774665	1.6938619686731966
Thermothelomyces_thermophilus	SRR12774666	1.795628335251015
Thermothelomyces_thermophilus	SRR12774667	3.0493621412203544
Thermothelomyces_thermophilus	SRR12774668	1.816966467211337
Thermothelomyces_thermophilus	SRR12774669	1.6938619686731966
Thermothelomyces_thermophilus	SRR12774670	1.099451417651417
Thermothelomyces_thermophilus	SRR12774671	1.681916469352377
Thermothelomyces_thermophilus	SRR12774672	3.387723937346393
Thermothelomyces_thermophilus	SRR12774673	3.097981242640112
Thermothelomyces_thermophilus	SRR12774674	3.387723937346393
Thermothelomyces_thermophilus	SRR12774675	1.784055363179506
Thermothelomyces_thermophilus	SRR12774676	4.697086356879835
Thermothelomyces_thermophilus	SRR12774677	3.2563449515233627
Thermothelomyces_thermophilus	SRR12774678	1.784055363179506
Thermothelomyces_thermophilus	SRR12774679	1.6539056474193228
Thermothelomyces_thermophilus	SRR12774680	1.9454540853394646
Thermothelomyces_thermophilus	SRR12774681	1.099451417651417
Thermothelomyces_thermophilus	SRR12774682	1.5656954522932782
Thermothelomyces_thermophilus	SRR12774683	1.681916469352377
Thermothelomyces_thermophilus	SRR12774684	1.6808548326594481
Thermothelomyces_thermophilus	SRR12774685	1.6539056474193228
Thermothelomyces_thermophilus	SRR12774686	1.4188308152401492
Thermothelomyces_thermophilus	SRR12774687	1.1387621892944675
Thermothelomyces_thermophilus	SRR1609360	2.204245643107566
Thermothelomyces_thermophilus	SRR1609361	2.1276122739544747
Thermothelomyces_thermophilus	SRR1609362	2.2725750832378284
Thermothelomyces_thermophilus	SRR1609363	3.9275952430191854
Thermothelomyces_thermophilus	SRR1609364	2.1276122739544747
Thermothelomyces_thermophilus	SRR1609365	1.9637976215095927
Thermothelomyces_thermophilus	SRR1609366	1.9637976215095927
Thermothelomyces_thermophilus	SRR1609367	2.1276122739544747
Thermothelomyces_thermophilus	SRR1609368	2.1276122739544747
Thermothelomyces_thermophilus	SRR1609369	1.9637976215095927
Thermothelomyces_thermophilus	SRR1609370	2.204245643107566
Thermothelomyces_thermophilus	SRR1609371	3.6119924001059824
Thermothelomyces_thermophilus	SRR1609372	2.1643716193031426
Thermothelomyces_thermophilus	SRR1609373	2.145333685310171
Thermothelomyces_thermophilus	SRR1609374	2.204245643107566
Thermothelomyces_thermophilus	SRR1609375	2.145333685310171
Thermothelomyces_thermophilus	SRR1609376	2.204245643107566
Thermothelomyces_thermophilus	SRR1609377	2.145333685310171
Thermothelomyces_thermophilus	SRR1609378	1.9637976215095927
Thermothelomyces_thermophilus	SRR1609379	2.1276122739544747
Thermothelomyces_thermophilus	SRR1609380	2.204245643107566
Thermothelomyces_thermophilus	SRR1609381	2.204245643107566
Thermothelomyces_thermophilus	SRR1609382	3.8909081706789292
Thermothelomyces_thermophilus	SRR1609383	1.816966467211337
Thermothelomyces_thermophilus	SRR1609384	2.1276122739544747
Thermothelomyces_thermophilus	SRR1609385	2.204245643107566
Thermothelomyces_thermophilus	SRR1609386	2.1276122739544747
Thermothelomyces_thermophilus	SRR1609387	2.1643716193031426
Thermothelomyces_thermophilus	SRR1609388	2.145333685310171
Thermothelomyces_thermophilus	SRR1609389	2.1276122739544747
Thermothelomyces_thermophilus	SRR1609390	3.9275952430191854
Thermothelomyces_thermophilus	SRR1609391	1.6539056474193228
Thermothelomyces_thermophilus	SRR1609392	2.204245643107566
Thermothelomyces_thermophilus	SRR1609393	1.7496927159402649
Thermothelomyces_thermophilus	SRR1609394	2.228869143758175
Thermothelomyces_thermophilus	SRR1609395	2.2725750832378284
Thermothelomyces_thermophilus	SRR1609396	1.9637976215095927
Thermothelomyces_thermophilus	SRR1609397	2.1276122739544747
Thermothelomyces_thermophilus	SRR1609398	2.1276122739544747
Thermothelomyces_thermophilus	SRR1609399	2.145333685310171
Thermothelomyces_thermophilus	SRR1609400	2.1643716193031426
Thermothelomyces_thermophilus	SRR1609401	2.1643716193031426
Thermothelomyces_thermophilus	SRR1609402	14.616231046041358
Thermothelomyces_thermophilus	SRR1609403	1.9637976215095927
Thermothelomyces_thermophilus	SRR1609404	1.9454540853394646
Thermothelomyces_thermophilus	SRR1609405	1.784055363179506
Thermothelomyces_thermophilus	SRR1609406	1.795628335251015
Thermothelomyces_thermophilus	SRR1609407	3.387723937346393
Thermothelomyces_thermophilus	SRR1609408	2.1276122739544747
Thermothelomyces_thermophilus	SRR1609409	2.145333685310171
Thermothelomyces_thermophilus	SRR1609410	1.795628335251015
Thermothelomyces_thermophilus	SRR1609411	1.9637976215095927
Thermothelomyces_thermophilus	SRR1609412	1.795628335251015
Thermothelomyces_thermophilus	SRR1609413	1.9454540853394646
Thermothelomyces_thermophilus	SRR1609414	1.9637976215095927
Thermothelomyces_thermophilus	SRR1609415	1.9637976215095927
Thermothelomyces_thermophilus	SRR1609416	2.1276122739544747
Thermothelomyces_thermophilus	SRR1609417	2.204245643107566
Thermothelomyces_thermophilus	SRR1609418	2.1643716193031426
Thermothelomyces_thermophilus	SRR1609419	3.568110726359012
Thermothelomyces_thermophilus	SRR1609420	1.9637976215095927
Thermothelomyces_thermophilus	SRR1609421	2.204245643107566
Thermothelomyces_thermophilus	SRR1609422	2.145333685310171
Thermothelomyces_thermophilus	SRR1609423	2.1276122739544747
Thermothelomyces_thermophilus	SRR1609424	2.228869143758175
Thermothelomyces_thermophilus	SRR1609425	2.1276122739544747
Thermothelomyces_thermophilus	SRR1609426	2.204245643107566
Thermothelomyces_thermophilus	SRR1609427	2.145333685310171
Thermothelomyces_thermophilus	SRR1609428	2.1276122739544747
Thermothelomyces_thermophilus	SRR1609429	2.1276122739544747
Thermothelomyces_thermophilus	SRR1609430	2.145333685310171
Thermothelomyces_thermophilus	SRR1609431	2.145333685310171
Thermothelomyces_thermophilus	SRR1609432	1.9637976215095927
Thermothelomyces_thermophilus	SRR1609433	4.255224547908949
Thermothelomyces_thermophilus	SRR1609434	1.7451965429366416
Thermothelomyces_thermophilus	SRR1609435	2.204245643107566
Thermothelomyces_thermophilus	SRR1609436	2.204245643107566
Thermothelomyces_thermophilus	SRR1609437	2.204245643107566
Thermothelomyces_thermophilus	SRR1609438	2.1276122739544747
Thermothelomyces_thermophilus	SRR1609439	2.204245643107566
Thermothelomyces_thermophilus	SRR1609440	2.1643716193031426
Thermothelomyces_thermophilus	SRR1609441	1.6808548326594481
Thermothelomyces_thermophilus	SRR1609442	1.9637976215095927
Thermothelomyces_thermophilus	SRR1609443	2.204245643107566
Thermothelomyces_thermophilus	SRR1609444	2.145333685310171
Thermothelomyces_thermophilus	SRR1609445	2.145333685310171
Thermothelomyces_thermophilus	SRR1609446	2.1276122739544747
Thermothelomyces_thermophilus	SRR1609447	2.228869143758175
Thermothelomyces_thermophilus	SRR1609448	2.145333685310171
Thermothelomyces_thermophilus	SRR1609449	2.145333685310171
Thermothelomyces_thermophilus	SRR1609450	2.145333685310171
Thermothelomyces_thermophilus	SRR1609451	2.204245643107566
Thermothelomyces_thermophilus	SRR1609452	2.228869143758175
Thermothelomyces_thermophilus	SRR1609453	2.145333685310171
Thermothelomyces_thermophilus	SRR1609454	2.145333685310171
Thermothelomyces_thermophilus	SRR1609455	2.2725750832378284
Thermothelomyces_thermophilus	SRR1609456	2.204245643107566
Thermothelomyces_thermophilus	SRR1609457	1.795628335251015
Thermothelomyces_thermophilus	SRR1609458	2.2725750832378284
Thermothelomyces_thermophilus	SRR1609459	2.1276122739544747
Thermothelomyces_thermophilus	SRR1609460	1.9637976215095927
Thermothelomyces_thermophilus	SRR1609461	2.1276122739544747
Thermothelomyces_thermophilus	SRR1609462	2.204245643107566
Thermothelomyces_thermophilus	SRR1609463	2.1276122739544747
Thermothelomyces_thermophilus	SRR1609464	2.1276122739544747
Thermothelomyces_thermophilus	SRR1609465	2.204245643107566
Thermothelomyces_thermophilus	SRR1609466	1.7451965429366416
Thermothelomyces_thermophilus	SRR1609467	2.1276122739544747
Thermothelomyces_thermophilus	SRR1609468	2.145333685310171
Thermothelomyces_thermophilus	SRR1609469	2.1276122739544747
Thermothelomyces_thermophilus	SRR1609470	3.2991389784971656
Thermothelomyces_thermophilus	SRR1609471	2.145333685310171
Thermothelomyces_thermophilus	SRR1609472	2.1276122739544747
Thermothelomyces_thermophilus	SRR1609473	1.9637976215095927
Thermothelomyces_thermophilus	SRR1609474	2.1643716193031426
Thermothelomyces_thermophilus	SRR1609475	1.9637976215095927
Thermothelomyces_thermophilus	SRR1609476	3.8909081706789292
Thermothelomyces_thermophilus	SRR1609477	2.204245643107566
Thermothelomyces_thermophilus	SRR1609478	2.1276122739544747
Thermothelomyces_thermophilus	SRR1609479	2.204245643107566
Thermothelomyces_thermophilus	SRR1609480	2.145333685310171
Thermothelomyces_thermophilus	SRR1609481	1.784055363179506
Thermothelomyces_thermophilus	SRR1609482	2.145333685310171
Thermothelomyces_thermophilus	SRR1609483	1.9637976215095927
Thermothelomyces_thermophilus	SRR1609484	1.6495694892485828
Thermothelomyces_thermophilus	SRR1609485	2.145333685310171
Thermothelomyces_thermophilus	SRR1609486	2.204245643107566
Thermothelomyces_thermophilus	SRR1609487	1.816966467211337
Thermothelomyces_thermophilus	SRR1609488	2.204245643107566
Thermothelomyces_thermophilus	SRR1609489	2.204245643107566
Thermothelomyces_thermophilus	SRR1609490	2.228869143758175
Thermothelomyces_thermophilus	SRR1609491	2.145333685310171
Thermothelomyces_thermophilus	SRR1609492	2.1276122739544747
Thermothelomyces_thermophilus	SRR1609493	2.145333685310171
Thermothelomyces_thermophilus	SRR1609494	2.1276122739544747
Thermothelomyces_thermophilus	SRR1609495	2.1276122739544747
Thermothelomyces_thermophilus	SRR1609496	2.145333685310171
Thermothelomyces_thermophilus	SRR1609497	2.145333685310171
Thermothelomyces_thermophilus	SRR1609498	3.8909081706789292
Thermothelomyces_thermophilus	SRR1609499	2.145333685310171
Thermothelomyces_thermophilus	SRR1609500	2.145333685310171
Thermothelomyces_thermophilus	SRR1609501	1.9637976215095927
Thermothelomyces_thermophilus	SRR1609502	1.700145292591711
Thermothelomyces_thermophilus	SRR1609503	2.204245643107566
Thermothelomyces_thermophilus	SRR1609504	3.59125667050203
Thermothelomyces_thermophilus	SRR1609505	4.290667370620342
Thermothelomyces_thermophilus	SRR1609506	1.9637976215095927
Thermothelomyces_thermophilus	SRR1609507	2.1643716193031426
Thermothelomyces_thermophilus	SRR1609508	2.1276122739544747
Thermothelomyces_thermophilus	SRR1609509	2.1276122739544747
Thermothelomyces_thermophilus	SRR1609510	2.204245643107566
Thermothelomyces_thermophilus	SRR1609511	1.816966467211337
Thermothelomyces_thermophilus	SRR1609512	2.145333685310171
Thermothelomyces_thermophilus	SRR1609513	1.9637976215095927
Thermothelomyces_thermophilus	SRR1609514	1.9637976215095927
Thermothelomyces_thermophilus	SRR1609515	2.145333685310171
Thermothelomyces_thermophilus	SRR1609516	4.255224547908949
Thermothelomyces_thermophilus	SRR1609517	2.1643716193031426
Thermothelomyces_thermophilus	SRR1609518	3.8909081706789292
Thermothelomyces_thermophilus	SRR1609519	2.204245643107566
Thermothelomyces_thermophilus	SRR1609520	1.816966467211337
Thermothelomyces_thermophilus	SRR1609521	2.145333685310171
Thermothelomyces_thermophilus	SRR1609522	1.9454540853394646
Thermothelomyces_thermophilus	SRR1609523	2.1276122739544747
Thermothelomyces_thermophilus	SRR1609524	2.204245643107566
Thermothelomyces_thermophilus	SRR1609525	2.145333685310171
Thermothelomyces_thermophilus	SRR1609526	2.1276122739544747
Thermothelomyces_thermophilus	SRR1609527	2.204245643107566
Thermothelomyces_thermophilus	SRR1609528	1.700145292591711
Thermothelomyces_thermophilus	SRR1609529	1.816966467211337
Thermothelomyces_thermophilus	SRR1609530	1.9637976215095927
Thermothelomyces_thermophilus	SRR1609531	2.1276122739544747
Thermothelomyces_thermophilus	SRR1609532	4.290667370620342
Thermothelomyces_thermophilus	SRR1609533	2.1276122739544747
Thermothelomyces_thermophilus	SRR1609534	1.9454540853394646
Thermothelomyces_thermophilus	SRR1609535	2.204245643107566
Thermothelomyces_thermophilus	SRR1609536	2.145333685310171
Thermothelomyces_thermophilus	SRR1609537	1.784055363179506
Thermothelomyces_thermophilus	SRR1609538	2.145333685310171
Thermothelomyces_thermophilus	SRR1609539	54.31302616176798
Thermothelomyces_thermophilus	SRR1609540	2.204245643107566
Thermothelomyces_thermophilus	SRR1609541	1.681916469352377
Thermothelomyces_thermophilus	SRR1609542	2.145333685310171
Thermothelomyces_thermophilus	SRR1609543	2.145333685310171
Thermothelomyces_thermophilus	SRR1609544	1.795628335251015
Thermothelomyces_thermophilus	SRR1609545	1.816966467211337
Thermothelomyces_thermophilus	SRR1609546	1.9454540853394646
Thermothelomyces_thermophilus	SRR1609547	2.145333685310171
Thermothelomyces_thermophilus	SRR1609548	2.204245643107566
Thermothelomyces_thermophilus	SRR1609549	2.1276122739544747
Thermothelomyces_thermophilus	SRR1609550	2.1276122739544747
Thermothelomyces_thermophilus	SRR1609551	2.1643716193031426
Thermothelomyces_thermophilus	SRR1609552	2.145333685310171
Thermothelomyces_thermophilus	SRR1609553	2.1276122739544747
Thermothelomyces_thermophilus	SRR1609554	2.204245643107566
Thermothelomyces_thermophilus	SRR1609555	1.9637976215095927
Thermothelomyces_thermophilus	SRR1609556	2.204245643107566
Thermothelomyces_thermophilus	SRR1609557	2.204245643107566
Thermothelomyces_thermophilus	SRR1609558	2.204245643107566
Thermothelomyces_thermophilus	SRR1609559	2.204245643107566
Thermothelomyces_thermophilus	SRR1609560	2.1276122739544747
Thermothelomyces_thermophilus	SRR1609561	2.1276122739544747
Thermothelomyces_thermophilus	SRR1609562	2.145333685310171
Thermothelomyces_thermophilus	SRR1609563	2.145333685310171
Thermothelomyces_thermophilus	SRR1609564	2.1643716193031426
Thermothelomyces_thermophilus	SRR1609565	2.145333685310171
Thermothelomyces_thermophilus	SRR1609566	2.145333685310171
Thermothelomyces_thermophilus	SRR1609567	2.2725750832378284
Thermothelomyces_thermophilus	SRR1609568	2.204245643107566
Thermothelomyces_thermophilus	SRR1609569	2.204245643107566
Thermothelomyces_thermophilus	SRR1609570	1.9454540853394646
Thermothelomyces_thermophilus	SRR1609571	1.681916469352377
Thermothelomyces_thermophilus	SRR1609572	2.204245643107566
Thermothelomyces_thermophilus	SRR1609573	1.816966467211337
Thermothelomyces_thermophilus	SRR1609574	2.1276122739544747
Thermothelomyces_thermophilus	SRR1609575	2.1276122739544747
Thermothelomyces_thermophilus	SRR1609576	2.145333685310171
Thermothelomyces_thermophilus	SRR1609577	2.204245643107566
Thermothelomyces_thermophilus	SRR1609578	1.9454540853394646
Thermothelomyces_thermophilus	SRR1609579	1.795628335251015
Thermothelomyces_thermophilus	SRR1609580	1.8220195028711479
Thermothelomyces_thermophilus	SRR1609581	2.228869143758175
Thermothelomyces_thermophilus	SRR1609582	2.204245643107566
Thermothelomyces_thermophilus	SRR1609583	2.204245643107566
Thermothelomyces_thermophilus	SRR1609584	1.9454540853394646
Thermothelomyces_thermophilus	SRR1609585	2.145333685310171
Thermothelomyces_thermophilus	SRR1609586	2.2725750832378284
Thermothelomyces_thermophilus	SRR1609587	2.204245643107566
Thermothelomyces_thermophilus	SRR1609588	2.1276122739544747
Thermothelomyces_thermophilus	SRR1609589	2.1276122739544747
Thermothelomyces_thermophilus	SRR1609590	2.145333685310171
Thermothelomyces_thermophilus	SRR1609591	3.1313909045865564
Thermothelomyces_thermophilus	SRR1609592	2.145333685310171
Thermothelomyces_thermophilus	SRR1609593	1.9454540853394646
Thermothelomyces_thermophilus	SRR1609594	1.795628335251015
Thermothelomyces_thermophilus	SRR1609595	1.816966467211337
Thermothelomyces_thermophilus	SRR1609596	2.145333685310171
Thermothelomyces_thermophilus	SRR1609597	3.8909081706789292
Thermothelomyces_thermophilus	SRR1609598	2.145333685310171
Thermothelomyces_thermophilus	SRR1609599	1.6495694892485828
Thermothelomyces_thermophilus	SRR1609600	1.9637976215095927
Thermothelomyces_thermophilus	SRR1609601	1.816966467211337
Thermothelomyces_thermophilus	SRR1609602	1.9637976215095927
Thermothelomyces_thermophilus	SRR1609603	2.145333685310171
Thermothelomyces_thermophilus	SRR1609604	2.145333685310171
Thermothelomyces_thermophilus	SRR1609605	2.204245643107566
Thermothelomyces_thermophilus	SRR1609606	2.145333685310171
Thermothelomyces_thermophilus	SRR1609607	2.1276122739544747
Thermothelomyces_thermophilus	SRR1609608	2.228869143758175
Thermothelomyces_thermophilus	SRR1609609	2.204245643107566
Thermothelomyces_thermophilus	SRR1609610	2.204245643107566
Thermothelomyces_thermophilus	SRR1609611	1.9637976215095927
Thermothelomyces_thermophilus	SRR1609612	2.145333685310171
Thermothelomyces_thermophilus	SRR1609613	6.382836821863424
Thermothelomyces_thermophilus	SRR1609614	2.204245643107566
Thermothelomyces_thermophilus	SRR1609615	2.204245643107566
Thermothelomyces_thermophilus	SRR1609616	2.1276122739544747
Thermothelomyces_thermophilus	SRR1609617	1.9637976215095927
Thermothelomyces_thermophilus	SRR1609618	2.145333685310171
Thermothelomyces_thermophilus	SRR1609619	1.9454540853394646
Thermothelomyces_thermophilus	SRR1609620	1.784055363179506
Thermothelomyces_thermophilus	SRR1609621	4.255224547908949
Thermothelomyces_thermophilus	SRR1609622	2.1276122739544747
Thermothelomyces_thermophilus	SRR1609623	2.204245643107566
Thermothelomyces_thermophilus	SRR1609624	2.2725750832378284
Thermothelomyces_thermophilus	SRR1609625	4.290667370620342
Thermothelomyces_thermophilus	SRR1609626	1.9454540853394646
Thermothelomyces_thermophilus	SRR1609627	2.145333685310171
Thermothelomyces_thermophilus	SRR1609628	2.1276122739544747
Thermothelomyces_thermophilus	SRR1609629	1.9637976215095927
Thermothelomyces_thermophilus	SRR1609630	1.9454540853394646
Thermothelomyces_thermophilus	SRR1609631	1.9637976215095927
Thermothelomyces_thermophilus	SRR1609632	3.59125667050203
Thermothelomyces_thermophilus	SRR1609633	2.204245643107566
Thermothelomyces_thermophilus	SRR1609634	2.228869143758175
Thermothelomyces_thermophilus	SRR1609635	1.9637976215095927
Thermothelomyces_thermophilus	SRR1609636	1.7496927159402649
Thermothelomyces_thermophilus	SRR1609637	2.204245643107566
Thermothelomyces_thermophilus	SRR1609638	2.204245643107566
Thermothelomyces_thermophilus	SRR1609639	2.204245643107566
Thermothelomyces_thermophilus	SRR1609640	2.145333685310171
Thermothelomyces_thermophilus	SRR1609641	2.1276122739544747
Thermothelomyces_thermophilus	SRR1609642	2.204245643107566
Thermothelomyces_thermophilus	SRR1609643	2.145333685310171
Thermothelomyces_thermophilus	SRR1609644	2.1276122739544747
Thermothelomyces_thermophilus	SRR1609645	1.9454540853394646
Thermothelomyces_thermophilus	SRR1609646	1.784055363179506
Thermothelomyces_thermophilus	SRR1609647	2.1276122739544747
Thermothelomyces_thermophilus	SRR1609648	2.145333685310171
Thermothelomyces_thermophilus	SRR1609649	5.836362256018393
Thermothelomyces_thermophilus	SRR1609650	2.145333685310171
Thermothelomyces_thermophilus	SRR1609651	2.204245643107566
Thermothelomyces_thermophilus	SRR1609652	2.145333685310171
Thermothelomyces_thermophilus	SRR1609653	2.228869143758175
Thermothelomyces_thermophilus	SRR1609654	1.8220195028711479
Thermothelomyces_thermophilus	SRR1609655	1.9637976215095927
Thermothelomyces_thermophilus	SRR1609656	3.9275952430191854
Thermothelomyces_thermophilus	SRR1609657	2.204245643107566
Thermothelomyces_thermophilus	SRR1609658	2.145333685310171
Thermothelomyces_thermophilus	SRR1609659	2.204245643107566
Thermothelomyces_thermophilus	SRR1609660	2.145333685310171
Thermothelomyces_thermophilus	SRR1609661	2.145333685310171
Thermothelomyces_thermophilus	SRR1609662	2.145333685310171
Thermothelomyces_thermophilus	SRR1609663	2.204245643107566
Thermothelomyces_thermophilus	SRR1609664	2.1276122739544747
Thermothelomyces_thermophilus	SRR1609665	2.204245643107566
Thermothelomyces_thermophilus	SRR1609666	2.145333685310171
Thermothelomyces_thermophilus	SRR1609667	2.228869143758175
Thermothelomyces_thermophilus	SRR1609668	1.6938619686731966
Thermothelomyces_thermophilus	SRR1609669	2.145333685310171
Thermothelomyces_thermophilus	SRR1746771	NA
Thermothelomyces_thermophilus	SRR1746772	NA
Thermothelomyces_thermophilus	SRR1746773	NA
Thermothelomyces_thermophilus	SRR1746774	NA
Thermothelomyces_thermophilus	SRR1746775	NA
Thermothelomyces_thermophilus	SRR1746776	NA
Thermothelomyces_thermophilus	SRR1746777	NA
Thermothelomyces_thermophilus	SRR1746778	NA
Thermothelomyces_thermophilus	SRR1746779	NA
Thermothelomyces_thermophilus	SRR1746780	NA
Thermothelomyces_thermophilus	SRR1746781	NA
Thermothelomyces_thermophilus	SRR1746782	NA
Thermothelomyces_thermophilus	SRR1746783	NA
Thermothelomyces_thermophilus	SRR1746784	NA
Thermothelomyces_thermophilus	SRR1782685	2.145333685310171
Thermothelomyces_thermophilus	SRR1782686	1.9454540853394646
Thermothelomyces_thermophilus	SRR1782687	2.204245643107566
Thermothelomyces_thermophilus	SRR1782688	2.204245643107566
Thermothelomyces_thermophilus	SRR1782689	1.9454540853394646
Thermothelomyces_thermophilus	SRR1782690	2.228869143758175
Thermothelomyces_thermophilus	SRR1782691	2.145333685310171
Thermothelomyces_thermophilus	SRR1782692	2.228869143758175
Thermothelomyces_thermophilus	SRR1782693	2.204245643107566
Thermothelomyces_thermophilus	SRR1782694	2.204245643107566
Thermothelomyces_thermophilus	SRR1782695	2.204245643107566
Thermothelomyces_thermophilus	SRR1782696	2.204245643107566
Thermothelomyces_thermophilus	SRR1782697	2.145333685310171
Thermothelomyces_thermophilus	SRR1782698	2.204245643107566
Thermothelomyces_thermophilus	SRR1782699	1.816966467211337
Thermothelomyces_thermophilus	SRR1782700	2.204245643107566
Thermothelomyces_thermophilus	SRR1782701	2.1643716193031426
Thermothelomyces_thermophilus	SRR1782702	2.1276122739544747
Thermothelomyces_thermophilus	SRR1782703	2.145333685310171
Thermothelomyces_thermophilus	SRR1782704	2.204245643107566
Thermothelomyces_thermophilus	SRR1782705	1.681916469352377
Thermothelomyces_thermophilus	SRR1782706	2.1643716193031426
Thermothelomyces_thermophilus	SRR1782707	2.204245643107566
Thermothelomyces_thermophilus	SRR1782708	1.9637976215095927
Thermothelomyces_thermophilus	SRR1782709	2.1643716193031426
Thermothelomyces_thermophilus	SRR1782710	1.795628335251015
Thermothelomyces_thermophilus	SRR1782711	2.1276122739544747
Thermothelomyces_thermophilus	SRR1782712	1.9454540853394646
Thermothelomyces_thermophilus	SRR1782713	1.9637976215095927
Thermothelomyces_thermophilus	SRR1782714	2.1276122739544747
Thermothelomyces_thermophilus	SRR1782715	2.1276122739544747
Thermothelomyces_thermophilus	SRR1782716	1.7451965429366416
Thermothelomyces_thermophilus	SRR1782717	2.1643716193031426
Thermothelomyces_thermophilus	SRR1782718	1.9637976215095927
Thermothelomyces_thermophilus	SRR1782719	2.204245643107566
Thermothelomyces_thermophilus	SRR1782720	1.9637976215095927
Thermothelomyces_thermophilus	SRR1782721	1.7451965429366416
Thermothelomyces_thermophilus	SRR1782722	1.9637976215095927
Thermothelomyces_thermophilus	SRR1782723	2.1643716193031426
Thermothelomyces_thermophilus	SRR1782724	2.1276122739544747
Thermothelomyces_thermophilus	SRR1782725	2.2725750832378284
Thermothelomyces_thermophilus	SRR1782726	2.1643716193031426
Thermothelomyces_thermophilus	SRR1782727	2.1276122739544747
Thermothelomyces_thermophilus	SRR1782728	3.6119924001059824
Thermothelomyces_thermophilus	SRR1782729	1.9454540853394646
Thermothelomyces_thermophilus	SRR1782730	1.9454540853394646
Thermothelomyces_thermophilus	SRR1782731	2.204245643107566
Thermothelomyces_thermophilus	SRR1782732	2.228869143758175
Thermothelomyces_thermophilus	SRR1782733	1.9637976215095927
Thermothelomyces_thermophilus	SRR1782734	2.1276122739544747
Thermothelomyces_thermophilus	SRR1782735	2.204245643107566
Thermothelomyces_thermophilus	SRR1782736	2.204245643107566
Thermothelomyces_thermophilus	SRR1782737	4.290667370620342
Thermothelomyces_thermophilus	SRR1782738	2.204245643107566
Thermothelomyces_thermophilus	SRR1782739	1.816966467211337
Thermothelomyces_thermophilus	SRR1782740	2.204245643107566
Thermothelomyces_thermophilus	SRR1782741	2.1276122739544747
Thermothelomyces_thermophilus	SRR1782742	2.1276122739544747
Thermothelomyces_thermophilus	SRR1782743	2.145333685310171
Thermothelomyces_thermophilus	SRR1782744	2.1643716193031426
Thermothelomyces_thermophilus	SRR1782745	2.204245643107566
Thermothelomyces_thermophilus	SRR1782746	1.816966467211337
Thermothelomyces_thermophilus	SRR1782747	2.145333685310171
Thermothelomyces_thermophilus	SRR1782748	2.1276122739544747
Thermothelomyces_thermophilus	SRR1782749	2.145333685310171
Thermothelomyces_thermophilus	SRR1782750	2.1276122739544747
Thermothelomyces_thermophilus	SRR1782751	2.204245643107566
Thermothelomyces_thermophilus	SRR1782752	2.1276122739544747
Thermothelomyces_thermophilus	SRR1782753	2.145333685310171
Thermothelomyces_thermophilus	SRR1782754	4.255224547908949
Thermothelomyces_thermophilus	SRR1782755	1.9454540853394646
Thermothelomyces_thermophilus	SRR1782756	1.7496927159402649
Thermothelomyces_thermophilus	SRR1782757	1.9637976215095927
Thermothelomyces_thermophilus	SRR1782758	1.9637976215095927
Thermothelomyces_thermophilus	SRR1782759	2.204245643107566
Thermothelomyces_thermophilus	SRR1782760	3.8909081706789292
Thermothelomyces_thermophilus	SRR1782761	3.387723937346393
Thermothelomyces_thermophilus	SRR1782762	1.6539056474193228
Thermothelomyces_thermophilus	SRR1782763	2.1276122739544747
Thermothelomyces_thermophilus	SRR1782764	1.9637976215095927
Thermothelomyces_thermophilus	SRR1782765	1.9637976215095927
Thermothelomyces_thermophilus	SRR1782766	2.1643716193031426
Thermothelomyces_thermophilus	SRR1782767	2.1276122739544747
Thermothelomyces_thermophilus	SRR1782768	2.145333685310171
Thermothelomyces_thermophilus	SRR1782769	2.1276122739544747
Thermothelomyces_thermophilus	SRR1782770	2.1276122739544747
Thermothelomyces_thermophilus	SRR1782771	2.1276122739544747
Thermothelomyces_thermophilus	SRR1782772	2.145333685310171
Thermothelomyces_thermophilus	SRR1782773	14.616231046041358
Thermothelomyces_thermophilus	SRR1782774	2.204245643107566
Thermothelomyces_thermophilus	SRR1782775	2.145333685310171
Thermothelomyces_thermophilus	SRR1782776	1.681916469352377
Thermothelomyces_thermophilus	SRR1782777	1.9637976215095927
Thermothelomyces_thermophilus	SRR1782778	2.1276122739544747
Thermothelomyces_thermophilus	SRR1782779	1.816966467211337
Thermothelomyces_thermophilus	SRR1782780	1.700145292591711
Thermothelomyces_thermophilus	SRR1782781	1.8220195028711479
Thermothelomyces_thermophilus	SRR1782782	2.1276122739544747
Thermothelomyces_thermophilus	SRR1782783	54.31302616176798
Thermothelomyces_thermophilus	SRR1782784	1.9454540853394646
Thermothelomyces_thermophilus	SRR1782785	1.9454540853394646
Thermothelomyces_thermophilus	SRR1782786	1.9637976215095927
Thermothelomyces_thermophilus	SRR1782787	2.204245643107566
Thermothelomyces_thermophilus	SRR1782788	2.145333685310171
Thermothelomyces_thermophilus	SRR1782789	1.9637976215095927
Thermothelomyces_thermophilus	SRR1782790	1.9454540853394646
Thermothelomyces_thermophilus	SRR1782791	1.795628335251015
Thermothelomyces_thermophilus	SRR1782792	2.145333685310171
Thermothelomyces_thermophilus	SRR1782793	1.816966467211337
Thermothelomyces_thermophilus	SRR1782794	1.795628335251015
Thermothelomyces_thermophilus	SRR1782795	1.6495694892485828
Thermothelomyces_thermophilus	SRR1782796	1.816966467211337
Thermothelomyces_thermophilus	SRR1782797	1.795628335251015
Thermothelomyces_thermophilus	SRR1782798	3.387723937346393
Thermothelomyces_thermophilus	SRR1782799	3.8909081706789292
Thermothelomyces_thermophilus	SRR1782800	1.9454540853394646
Thermothelomyces_thermophilus	SRR1782801	1.9637976215095927
Thermothelomyces_thermophilus	SRR1782802	2.145333685310171
Thermothelomyces_thermophilus	SRR1782803	1.9637976215095927
Thermothelomyces_thermophilus	SRR1782804	2.1276122739544747
Thermothelomyces_thermophilus	SRR1782805	2.1276122739544747
Thermothelomyces_thermophilus	SRR1782806	1.9637976215095927
Thermothelomyces_thermophilus	SRR1782807	1.795628335251015
Thermothelomyces_thermophilus	SRR1782808	2.145333685310171
Thermothelomyces_thermophilus	SRR1782809	1.9454540853394646
Thermothelomyces_thermophilus	SRR1782810	3.1856114163218328
Thermothelomyces_thermophilus	SRR1782811	1.795628335251015
Thermothelomyces_thermophilus	SRR1782812	1.9637976215095927
Thermothelomyces_thermophilus	SRR1782813	1.9637976215095927
Thermothelomyces_thermophilus	SRR1782814	1.681916469352377
Thermothelomyces_thermophilus	SRR1782815	1.681916469352377
Thermothelomyces_thermophilus	SRR1782816	2.145333685310171
Thermothelomyces_thermophilus	SRR1782817	2.145333685310171
Thermothelomyces_thermophilus	SRR1782818	2.1276122739544747
Thermothelomyces_thermophilus	SRR1782819	2.145333685310171
Thermothelomyces_thermophilus	SRR1782820	2.204245643107566
Thermothelomyces_thermophilus	SRR1782821	2.204245643107566
Thermothelomyces_thermophilus	SRR1782822	1.6495694892485828
Thermothelomyces_thermophilus	SRR1782823	2.145333685310171
Thermothelomyces_thermophilus	SRR1782824	2.204245643107566
Thermothelomyces_thermophilus	SRR1782825	2.1276122739544747
Thermothelomyces_thermophilus	SRR1782826	2.204245643107566
Thermothelomyces_thermophilus	SRR1782827	2.204245643107566
Thermothelomyces_thermophilus	SRR1782828	2.145333685310171
Thermothelomyces_thermophilus	SRR1782829	2.145333685310171
Thermothelomyces_thermophilus	SRR1782830	2.1276122739544747
Thermothelomyces_thermophilus	SRR1782831	2.1276122739544747
Thermothelomyces_thermophilus	SRR1782832	2.1276122739544747
Thermothelomyces_thermophilus	SRR1782833	2.1276122739544747
Thermothelomyces_thermophilus	SRR1782834	2.1276122739544747
Thermothelomyces_thermophilus	SRR1782835	2.204245643107566
Thermothelomyces_thermophilus	SRR1782836	2.145333685310171
Thermothelomyces_thermophilus	SRR1782837	2.204245643107566
Thermothelomyces_thermophilus	SRR1782838	2.204245643107566
Thermothelomyces_thermophilus	SRR1782839	2.204245643107566
Thermothelomyces_thermophilus	SRR1782840	4.255224547908949
Thermothelomyces_thermophilus	SRR1782841	2.204245643107566
Thermothelomyces_thermophilus	SRR1782842	2.204245643107566
Thermothelomyces_thermophilus	SRR1782843	2.204245643107566
Thermothelomyces_thermophilus	SRR1782844	2.1276122739544747
Thermothelomyces_thermophilus	SRR1782845	2.204245643107566
Thermothelomyces_thermophilus	SRR1782846	2.145333685310171
Thermothelomyces_thermophilus	SRR1782847	2.228869143758175
Thermothelomyces_thermophilus	SRR1782848	2.2725750832378284
Thermothelomyces_thermophilus	SRR1782849	2.2725750832378284
Thermothelomyces_thermophilus	SRR1782850	2.2725750832378284
Thermothelomyces_thermophilus	SRR1782851	2.228869143758175
Thermothelomyces_thermophilus	SRR1782852	2.204245643107566
Thermothelomyces_thermophilus	SRR1782853	2.2725750832378284
Thermothelomyces_thermophilus	SRR1782854	2.145333685310171
Thermothelomyces_thermophilus	SRR1782855	2.145333685310171
Thermothelomyces_thermophilus	SRR1782856	2.145333685310171
Thermothelomyces_thermophilus	SRR1782857	1.9637976215095927
Thermothelomyces_thermophilus	SRR1782858	2.1643716193031426
Thermothelomyces_thermophilus	SRR1782859	2.1276122739544747
Thermothelomyces_thermophilus	SRR1782860	1.6808548326594481
Thermothelomyces_thermophilus	SRR1782861	2.145333685310171
Thermothelomyces_thermophilus	SRR1782862	1.9637976215095927
Thermothelomyces_thermophilus	SRR1782863	2.1643716193031426
Thermothelomyces_thermophilus	SRR1782864	3.9275952430191854
Thermothelomyces_thermophilus	SRR1782865	2.145333685310171
Thermothelomyces_thermophilus	SRR1782866	2.145333685310171
Thermothelomyces_thermophilus	SRR1782867	2.145333685310171
Thermothelomyces_thermophilus	SRR1782868	1.9454540853394646
Thermothelomyces_thermophilus	SRR1782869	2.204245643107566
Thermothelomyces_thermophilus	SRR1782870	2.145333685310171
Thermothelomyces_thermophilus	SRR1782871	2.145333685310171
Thermothelomyces_thermophilus	SRR1782872	2.1276122739544747
Thermothelomyces_thermophilus	SRR1782873	2.204245643107566
Thermothelomyces_thermophilus	SRR1782874	2.204245643107566
Thermothelomyces_thermophilus	SRR1782875	2.145333685310171
Thermothelomyces_thermophilus	SRR1782876	2.145333685310171
Thermothelomyces_thermophilus	SRR1782877	2.145333685310171
Thermothelomyces_thermophilus	SRR1782878	1.9454540853394646
Thermothelomyces_thermophilus	SRR1782879	3.9275952430191854
Thermothelomyces_thermophilus	SRR1782880	4.255224547908949
Thermothelomyces_thermophilus	SRR1782881	2.204245643107566
Thermothelomyces_thermophilus	SRR1782882	2.145333685310171
Thermothelomyces_thermophilus	SRR1782883	2.204245643107566
Thermothelomyces_thermophilus	SRR1782884	2.204245643107566
Thermothelomyces_thermophilus	SRR1782885	2.145333685310171
Thermothelomyces_thermophilus	SRR1782886	2.145333685310171
Thermothelomyces_thermophilus	SRR1782887	2.145333685310171
Thermothelomyces_thermophilus	SRR1782888	2.145333685310171
Thermothelomyces_thermophilus	SRR1782889	4.255224547908949
Thermothelomyces_thermophilus	SRR1782890	2.145333685310171
Thermothelomyces_thermophilus	SRR1782891	6.382836821863424
Thermothelomyces_thermophilus	SRR1782892	2.145333685310171
Thermothelomyces_thermophilus	SRR1782893	2.145333685310171
Thermothelomyces_thermophilus	SRR1782894	2.145333685310171
Thermothelomyces_thermophilus	SRR1782895	2.1276122739544747
Thermothelomyces_thermophilus	SRR1782896	2.204245643107566
Thermothelomyces_thermophilus	SRR1782897	2.1276122739544747
Thermothelomyces_thermophilus	SRR1782898	2.145333685310171
Thermothelomyces_thermophilus	SRR1782899	1.784055363179506
Thermothelomyces_thermophilus	SRR1782900	2.145333685310171
Thermothelomyces_thermophilus	SRR1782901	2.145333685310171
Thermothelomyces_thermophilus	SRR1782902	2.204245643107566
Thermothelomyces_thermophilus	SRR1782903	2.145333685310171
Thermothelomyces_thermophilus	SRR1782904	2.204245643107566
Thermothelomyces_thermophilus	SRR1782905	2.145333685310171
Thermothelomyces_thermophilus	SRR1782906	2.204245643107566
Thermothelomyces_thermophilus	SRR1782907	3.2991389784971656
Thermothelomyces_thermophilus	SRR1782908	2.1276122739544747
Thermothelomyces_thermophilus	SRR1782909	2.145333685310171
Thermothelomyces_thermophilus	SRR1782910	2.204245643107566
Thermothelomyces_thermophilus	SRR1782911	2.145333685310171
Thermothelomyces_thermophilus	SRR1782912	3.8909081706789292
Thermothelomyces_thermophilus	SRR1782913	2.204245643107566
Thermothelomyces_thermophilus	SRR1782914	2.1276122739544747
Thermothelomyces_thermophilus	SRR1782915	2.204245643107566
Thermothelomyces_thermophilus	SRR1782916	2.145333685310171
Thermothelomyces_thermophilus	SRR1782917	2.1643716193031426
Thermothelomyces_thermophilus	SRR1782918	2.204245643107566
Thermothelomyces_thermophilus	SRR1782919	2.1276122739544747
Thermothelomyces_thermophilus	SRR1782920	2.145333685310171
Thermothelomyces_thermophilus	SRR1782921	2.145333685310171
Thermothelomyces_thermophilus	SRR1782922	1.816966467211337
Thermothelomyces_thermophilus	SRR1782923	2.1276122739544747
Thermothelomyces_thermophilus	SRR1782924	2.145333685310171
Thermothelomyces_thermophilus	SRR1782925	1.9637976215095927
Thermothelomyces_thermophilus	SRR1782926	2.1643716193031426
Thermothelomyces_thermophilus	SRR1782927	2.145333685310171
Thermothelomyces_thermophilus	SRR1782928	2.1276122739544747
Thermothelomyces_thermophilus	SRR1782929	2.1276122739544747
Thermothelomyces_thermophilus	SRR1782930	1.6938619686731966
Thermothelomyces_thermophilus	SRR1782931	2.145333685310171
Thermothelomyces_thermophilus	SRR1782932	2.145333685310171
Thermothelomyces_thermophilus	SRR1782933	4.9617169422579686
Thermothelomyces_thermophilus	SRR1782934	2.204245643107566
Thermothelomyces_thermophilus	SRR1782935	3.387723937346393
Thermothelomyces_thermophilus	SRR1782936	1.816966467211337
Thermothelomyces_thermophilus	SRR1782937	2.204245643107566
Thermothelomyces_thermophilus	SRR1782938	2.204245643107566
Thermothelomyces_thermophilus	SRR1782939	2.1276122739544747
Thermothelomyces_thermophilus	SRR1782940	2.1276122739544747
Thermothelomyces_thermophilus	SRR1782941	1.8220195028711479
Thermothelomyces_thermophilus	SRR1782942	1.816966467211337
Thermothelomyces_thermophilus	SRR1782943	2.145333685310171
Thermothelomyces_thermophilus	SRR1782944	1.9637976215095927
Thermothelomyces_thermophilus	SRR1782945	2.1276122739544747
Thermothelomyces_thermophilus	SRR1782946	2.145333685310171
Thermothelomyces_thermophilus	SRR1782947	1.9454540853394646
Thermothelomyces_thermophilus	SRR1782948	2.145333685310171
Thermothelomyces_thermophilus	SRR1782949	1.784055363179506
Thermothelomyces_thermophilus	SRR1782950	2.204245643107566
Thermothelomyces_thermophilus	SRR1782951	1.9637976215095927
Thermothelomyces_thermophilus	SRR1782952	1.816966467211337
Thermothelomyces_thermophilus	SRR1782953	2.145333685310171
Thermothelomyces_thermophilus	SRR1782954	1.6938619686731966
Thermothelomyces_thermophilus	SRR1782955	1.7496927159402649
Thermothelomyces_thermophilus	SRR1782956	2.204245643107566
Thermothelomyces_thermophilus	SRR1782957	2.145333685310171
Thermothelomyces_thermophilus	SRR1782958	2.204245643107566
Thermothelomyces_thermophilus	SRR1782959	1.9637976215095927
Thermothelomyces_thermophilus	SRR1782960	4.290667370620342
Thermothelomyces_thermophilus	SRR1782961	1.784055363179506
Thermothelomyces_thermophilus	SRR1782962	2.1276122739544747
Thermothelomyces_thermophilus	SRR1782963	1.9637976215095927
Thermothelomyces_thermophilus	SRR1782964	2.1276122739544747
Thermothelomyces_thermophilus	SRR1782965	2.228869143758175
Thermothelomyces_thermophilus	SRR1782966	2.1276122739544747
Thermothelomyces_thermophilus	SRR1782967	2.228869143758175
Thermothelomyces_thermophilus	SRR1782968	2.1276122739544747
Thermothelomyces_thermophilus	SRR1782969	2.145333685310171
Thermothelomyces_thermophilus	SRR1782970	1.784055363179506
Thermothelomyces_thermophilus	SRR1782971	2.145333685310171
Thermothelomyces_thermophilus	SRR1782972	2.2725750832378284
Thermothelomyces_thermophilus	SRR1782973	2.228869143758175
Thermothelomyces_thermophilus	SRR1782974	2.1643716193031426
Thermothelomyces_thermophilus	SRR1782975	2.204245643107566
Thermothelomyces_thermophilus	SRR1782976	2.2725750832378284
Thermothelomyces_thermophilus	SRR1782977	2.145333685310171
Thermothelomyces_thermophilus	SRR1782978	1.9637976215095927
Thermothelomyces_thermophilus	SRR1782979	2.145333685310171
Thermothelomyces_thermophilus	SRR1782980	2.145333685310171
Thermothelomyces_thermophilus	SRR1782981	2.204245643107566
Thermothelomyces_thermophilus	SRR1782982	2.145333685310171
Thermothelomyces_thermophilus	SRR1782983	2.1276122739544747
Thermothelomyces_thermophilus	SRR1782984	2.145333685310171
Thermothelomyces_thermophilus	SRR1782985	1.9637976215095927
Thermothelomyces_thermophilus	SRR1782986	2.204245643107566
Thermothelomyces_thermophilus	SRR1782987	1.9637976215095927
Thermothelomyces_thermophilus	SRR1782988	3.59125667050203
Thermothelomyces_thermophilus	SRR1782989	1.9637976215095927
Thermothelomyces_thermophilus	SRR1782990	2.1276122739544747
Thermothelomyces_thermophilus	SRR1782991	2.204245643107566
Thermothelomyces_thermophilus	SRR1782992	2.204245643107566
Thermothelomyces_thermophilus	SRR1782993	2.1276122739544747
Thermothelomyces_thermophilus	SRR1782994	3.59125667050203
Thermothelomyces_thermophilus	SRR1782995	5.836362256018393
Thermothelomyces_thermophilus	SRR1782996	1.9637976215095927
Thermothelomyces_thermophilus	SRR1782997	2.145333685310171
Thermothelomyces_thermophilus	SRR1782998	2.204245643107566
Thermothelomyces_thermophilus	SRR1782999	1.6938619686731966
Thermothelomyces_thermophilus	SRR1783000	2.1276122739544747
Thermothelomyces_thermophilus	SRR1783001	1.9637976215095927
Thermothelomyces_thermophilus	SRR1783002	2.1276122739544747
Thermothelomyces_thermophilus	SRR1783003	1.9637976215095927
Thermothelomyces_thermophilus	SRR1783004	2.145333685310171
Thermothelomyces_thermophilus	SRR1783005	2.145333685310171
Thermothelomyces_thermophilus	SRR1783006	1.816966467211337
Thermothelomyces_thermophilus	SRR1813867	NA
Thermothelomyces_thermophilus	SRR1813868	NA
Thermothelomyces_thermophilus	SRR1813869	NA
Thermothelomyces_thermophilus	SRR1813870	NA
Thermothelomyces_thermophilus	SRR1813871	NA
Thermothelomyces_thermophilus	SRR1813872	NA
Thermothelomyces_thermophilus	SRR1813873	NA
Thermothelomyces_thermophilus	SRR1813874	NA
Thermothelomyces_thermophilus	SRR1813875	NA
Thermothelomyces_thermophilus	SRR1813876	NA
Thermothelomyces_thermophilus	SRR1813877	NA
Thermothelomyces_thermophilus	SRR1813878	NA
Thermothelomyces_thermophilus	SRR1813879	NA
Thermothelomyces_thermophilus	SRR1813880	NA
Thermothelomyces_thermophilus	SRR1813881	NA
Thermothelomyces_thermophilus	SRR1813882	NA
Thermothelomyces_thermophilus	SRR1813883	NA
Thermothelomyces_thermophilus	SRR1813884	NA
Thermothelomyces_thermophilus	SRR1813885	NA
Thermothelomyces_thermophilus	SRR1813886	NA
Thermothelomyces_thermophilus	SRR1813887	NA
Thermothelomyces_thermophilus	SRR1928188	NA
Thermothelomyces_thermophilus	SRR1928189	NA
Thermothelomyces_thermophilus	SRR1928190	NA
Thermothelomyces_thermophilus	SRR1928191	NA
Thermothelomyces_thermophilus	SRR1928192	NA
Thermothelomyces_thermophilus	SRR1928193	NA
Thermothelomyces_thermophilus	SRR2046996	4.646971863960168
Thermothelomyces_thermophilus	SRR2046997	1.5470052683647897
Thermothelomyces_thermophilus	SRR2046998	1.681916469352377
Thermothelomyces_thermophilus	SRR2046999	7.282187340234921
Thermothelomyces_thermophilus	SRR2047000	1.5928057081609164
Thermothelomyces_thermophilus	SRR2047001	1.681916469352377
Thermothelomyces_thermophilus	SRR2047002	3.972820603962457
Thermothelomyces_thermophilus	SRR2047003	1.5905412971171033
Thermothelomyces_thermophilus	SRR2047004	3.1313909045865564
Thermothelomyces_thermophilus	SRR2047005	3.2991389784971656
Thermothelomyces_thermophilus	SRR2047006	3.2563449515233627
Thermothelomyces_thermophilus	SRR2047007	1.681916469352377
Thermothelomyces_thermophilus	SRR2047008	2.945892998232461
Thermothelomyces_thermophilus	SRR2047009	1.6539056474193228
Thermothelomyces_thermophilus	SRR2313973	NA
Thermothelomyces_thermophilus	SRR2313974	NA
Thermothelomyces_thermophilus	SRR2313975	NA
Thermothelomyces_thermophilus	SRR2313976	NA
Thermothelomyces_thermophilus	SRR2313977	NA
Thermothelomyces_thermophilus	SRR2313978	NA
Thermothelomyces_thermophilus	SRR2313979	NA
Thermothelomyces_thermophilus	SRR2313980	NA
Thermothelomyces_thermophilus	SRR2313981	NA
Thermothelomyces_thermophilus	SRR2313982	NA
Thermothelomyces_thermophilus	SRR2313983	NA
Thermothelomyces_thermophilus	SRR2313984	NA
Thermothelomyces_thermophilus	SRR2313985	NA
Thermothelomyces_thermophilus	SRR2313986	NA
Thermothelomyces_thermophilus	SRR2313987	NA
Thermothelomyces_thermophilus	SRR2313988	NA
Thermothelomyces_thermophilus	SRR2313989	NA
Thermothelomyces_thermophilus	SRR2313990	NA
Thermothelomyces_thermophilus	SRR2313991	NA
Thermothelomyces_thermophilus	SRR2313992	NA
Thermothelomyces_thermophilus	SRR2313993	NA
Thermothelomyces_thermophilus	SRR2313994	NA
Thermothelomyces_thermophilus	SRR2313995	NA
Thermothelomyces_thermophilus	SRR2313996	NA
Thermothelomyces_thermophilus	SRR2313997	NA
Thermothelomyces_thermophilus	SRR2313998	NA
Thermothelomyces_thermophilus	SRR2313999	NA
Thermothelomyces_thermophilus	SRR2314000	NA
Thermothelomyces_thermophilus	SRR2314001	NA
Thermothelomyces_thermophilus	SRR2314002	NA
Thermothelomyces_thermophilus	SRR2314003	NA
Thermothelomyces_thermophilus	SRR2314004	NA
Thermothelomyces_thermophilus	SRR2314005	NA
Thermothelomyces_thermophilus	SRR2314006	NA
Thermothelomyces_thermophilus	SRR2314007	NA
Thermothelomyces_thermophilus	SRR2314008	NA
Thermothelomyces_thermophilus	SRR2314009	NA
Thermothelomyces_thermophilus	SRR2314010	NA
Thermothelomyces_thermophilus	SRR2314011	NA
Thermothelomyces_thermophilus	SRR2314012	NA
Thermothelomyces_thermophilus	SRR2314013	NA
Thermothelomyces_thermophilus	SRR2314014	NA
Thermothelomyces_thermophilus	SRR2314015	NA
Thermothelomyces_thermophilus	SRR2314016	NA
Thermothelomyces_thermophilus	SRR2314017	NA
Thermothelomyces_thermophilus	SRR2314018	NA
Thermothelomyces_thermophilus	SRR2314019	NA
Thermothelomyces_thermophilus	SRR2314020	NA
Thermothelomyces_thermophilus	SRR2314021	NA
Thermothelomyces_thermophilus	SRR2314022	NA
Thermothelomyces_thermophilus	SRR2314023	NA
Thermothelomyces_thermophilus	SRR2314024	NA
Thermothelomyces_thermophilus	SRR2314025	NA
Thermothelomyces_thermophilus	SRR2314026	NA
Thermothelomyces_thermophilus	SRR2314027	NA
Thermothelomyces_thermophilus	SRR2314028	NA
Thermothelomyces_thermophilus	SRR2314029	NA
Thermothelomyces_thermophilus	SRR2314030	NA
Thermothelomyces_thermophilus	SRR2314031	NA
Thermothelomyces_thermophilus	SRR2314032	NA
Thermothelomyces_thermophilus	SRR2314033	NA
Thermothelomyces_thermophilus	SRR2314034	NA
Thermothelomyces_thermophilus	SRR2314035	NA
Thermothelomyces_thermophilus	SRR2314036	NA
Thermothelomyces_thermophilus	SRR2314037	NA
Thermothelomyces_thermophilus	SRR2314038	NA
Thermothelomyces_thermophilus	SRR2314039	NA
Thermothelomyces_thermophilus	SRR2314040	NA
Thermothelomyces_thermophilus	SRR2314041	NA
Thermothelomyces_thermophilus	SRR2314042	NA
Thermothelomyces_thermophilus	SRR2314043	NA
Thermothelomyces_thermophilus	SRR2314044	NA
Thermothelomyces_thermophilus	SRR2314045	NA
Thermothelomyces_thermophilus	SRR3493774	1.784055363179506
Thermothelomyces_thermophilus	SRR3493775	1.6808548326594481
Thermothelomyces_thermophilus	SRR3493776	1.700145292591711
Thermothelomyces_thermophilus	SRR3493777	3.568110726359012
Thermothelomyces_thermophilus	SRR3493778	1.795628335251015
Thermothelomyces_thermophilus	SRR3493779	1.700145292591711
Thermothelomyces_thermophilus	SRR3493780	1.6281724757616813
Thermothelomyces_thermophilus	SRR3493781	1.6495694892485828
Thermothelomyces_thermophilus	SRR3493782	1.6539056474193228
Thermothelomyces_thermophilus	SRR3493783	5.042564497978344
Thermothelomyces_thermophilus	SRR3493784	3.3078112948386456
Thermothelomyces_thermophilus	SRR3493785	1.9454540853394646
Thermothelomyces_thermophilus	SRR3493786	1.700145292591711
Thermothelomyces_thermophilus	SRR3493787	1.681916469352377
Thermothelomyces_thermophilus	SRR3493788	1.7051461023383674
Thermothelomyces_thermophilus	SRR3493789	1.6539056474193228
Thermothelomyces_thermophilus	SRR3493790	8.978141676255074
Thermothelomyces_thermophilus	SRR3493791	2.099631259128318
Thermothelomyces_thermophilus	SRR3493792	6.567928431141131
Thermothelomyces_thermophilus	SRR3493793	2.1401165504280923
Thermothelomyces_thermophilus	SRR3493794	2.910920259981298
Thermothelomyces_thermophilus	SRR3493795	5.319030684886187
Thermothelomyces_thermophilus	SRR3493796	2.6999868827886444
Thermothelomyces_thermophilus	SRR3493797	4.854791560156612
Thermothelomyces_thermophilus	SRR3493798	4.69094347249881
Thermothelomyces_thermophilus	SRR3493799	7.136221452718024
Thermothelomyces_thermophilus	SRR3493800	3.0493621412203544
Thermothelomyces_thermophilus	SRR3493801	4.523369042439625
Thermothelomyces_thermophilus	SRR3493802	3.246557428954714
Thermothelomyces_thermophilus	SRR3493803	3.753101960652075
Thermothelomyces_thermophilus	SRR3493804	7.036415208748215
Thermothelomyces_thermophilus	SRR3493805	5.08158590601959
Thermothelomyces_thermophilus	SRR3493806	4.408491286215132
Thermothelomyces_thermophilus	SRR3493807	4.280233100856185
Thermothelomyces_thermophilus	SRR3493808	0.6746876467781556
Thermothelomyces_thermophilus	SRR3493809	1.407413235244528
Thermothelomyces_thermophilus	SRR3493810	10.99451417651417
Thermothelomyces_thermophilus	SRR3493811	4.6832078472048
Thermothelomyces_thermophilus	SRR3493812	4.328743238606286
Thermothelomyces_thermophilus	SRR3493813	1.9454540853394646
Thermothelomyces_thermophilus	SRR3493814	5.497257088257085
Thermothelomyces_thermophilus	SRR3493815	2.261684521219812
Thermothelomyces_thermophilus	SRR3493816	6.621367673270762
Thermothelomyces_thermophilus	SRR3493817	7.216978575791508
Thermothelomyces_thermophilus	SRR3493818	2.4422587136425222
Thermothelomyces_thermophilus	SRR3493819	4.457738287516351
Thermothelomyces_thermophilus	SRR3493820	1.784055363179506
Thermothelomyces_thermophilus	SRR3493821	2.8867914303166033
Thermothelomyces_thermophilus	SRR3493822	2.0814257098687996
Thermothelomyces_thermophilus	SRR3493823	6.800581170366844
Thermothelomyces_thermophilus	SRR3493824	3.246557428954714
Thermothelomyces_thermophilus	SRR3493825	5.886707642733319
Thermothelomyces_thermophilus	SRR3493826	2.115622274148261
Thermothelomyces_thermophilus	SRR3493827	7.423062701618623
Thermothelomyces_thermophilus	SRR3493828	3.4903930858732823
Thermothelomyces_thermophilus	SRR3493829	3.5260371235804353
Thermothelomyces_thermophilus	SRR3493830	4.234654921682991
Thermothelomyces_thermophilus	SRR3493831	5.319030684886187
Thermothelomyces_thermophilus	SRR3493832	10.353237103045956
Thermothelomyces_thermophilus	SRR3493833	5.773582860633207
Thermothelomyces_thermophilus	SRR3493834	2.650902161861839
Thermothelomyces_thermophilus	SRR3493835	2.477053157716523
Thermothelomyces_thermophilus	SRR3493836	3.332306212922894
Thermothelomyces_thermophilus	SRR3493837	1.9448168497130958
Thermothelomyces_thermophilus	SRR3493838	4.574043211830531
Thermothelomyces_thermophilus	SRR3493839	5.397501174225244
Thermothelomyces_thermophilus	SRR3493840	7.422489760880734
Thermothelomyces_thermophilus	SRR3493841	2.2820599227633602
Thermothelomyces_thermophilus	SRR3493846	6.420349651284277
Thermothelomyces_thermophilus	SRR3493847	8.038927075322746
Thermothelomyces_thermophilus	SRR3493848	3.1856114163218323
Thermothelomyces_thermophilus	SRR3493849	6.382836821863424
Thermothelomyces_thermophilus	SRR3493850	2.910920259981298
Thermothelomyces_thermophilus	SRR3714631	7.18251334100406
Thermothelomyces_thermophilus	SRR3714632	1.9454540853394646
Thermothelomyces_thermophilus	SRR3714633	2.6485470693083046
Thermothelomyces_thermophilus	SRR3714634	4.77162389135131
Thermothelomyces_thermophilus	SRR3714635	7.428872190128221
Thermothelomyces_thermophilus	SRR3714636	1.6808548326594481
Thermothelomyces_thermophilus	SRR3714637	20.621250987627224
Thermothelomyces_thermophilus	SRR3714638	13.256518492046073
Thermothelomyces_thermophilus	SRR3714639	8.795611341211336
Thermothelomyces_thermophilus	SRR3714640	6.915698982286095
Thermothelomyces_thermophilus	SRR3714641	9.110097514355738
Thermothelomyces_thermophilus	SRR3714642	8.769738627624815
Thermothelomyces_thermophilus	SRR3714643	1.5246810706101772
Thermothelomyces_thermophilus	SRR3714644	7.05207424716087
Thermothelomyces_thermophilus	SRR3714645	9.148086423661063
Thermothelomyces_thermophilus	SRR3714646	8.42798226691396
Thermothelomyces_thermophilus	SRR3714648	12.258780290669964
Thermothelomyces_thermophilus	SRR3714649	4.542416168028343
Thermothelomyces_thermophilus	SRR3714650	3.8812270133083975
Thermothelomyces_thermophilus	SRR3714651	8.150576727947636
Thermothelomyces_thermophilus	SRR3714652	2.820829698864348
Thermothelomyces_thermophilus	SRR3714653	7.05207424716087
Thermothelomyces_thermophilus	SRR3714654	11.144345718790877
Thermothelomyces_thermophilus	SRR3714655	2.6999868827886444
Thermothelomyces_thermophilus	SRR3714656	5.836362256018393
Thermothelomyces_thermophilus	SRR3714657	9.895062758862753
Thermothelomyces_thermophilus	SRR3714658	13.256518492046073
Thermothelomyces_thermophilus	SRR3714659	10.231361732228951
Thermothelomyces_thermophilus	SRR3714660	13.524062203293424
Thermothelomyces_thermophilus	SRR3714661	8.500726462958555
Thermothelomyces_thermophilus	SRR3714662	5.937991808704587
Thermothelomyces_thermophilus	SRR3714663	7.9158958242693425
Thermothelomyces_thermophilus	SRR3714664	4.641015805094369
Thermothelomyces_thermophilus	SRR3714665	2.3302999488751746
Thermothelomyces_thermophilus	SRR3714666	13.940915591880504
Thermothelomyces_thermophilus	SRR3714667	25.744004223722055
Thermothelomyces_thermophilus	SRR3714668	9.110097514355738
Thermothelomyces_thermophilus	SRR3714669	10.373548473429143
Thermothelomyces_thermophilus	SRR3714670	4.811319050527671
Thermothelomyces_thermophilus	SRR3714671	7.623405353050885
Thermothelomyces_thermophilus	SRR3714672	3.097981242640112
Thermothelomyces_thermophilus	SRR3714673	10.866703751196843
Thermothelomyces_thermophilus	SRR3714674	12.056469552408688
Thermothelomyces_thermophilus	SRR3714675	10.411540016406558
Thermothelomyces_thermophilus	SRR3714676	10.195062276328889
Thermothelomyces_thermophilus	SRR3714677	2.457045341086506
Thermothelomyces_thermophilus	SRR3714678	6.01998733350997
Thermothelomyces_thermophilus	SRR3714679	8.068315479333778
Thermothelomyces_thermophilus	SRR3714680	1.681916469352377
Thermothelomyces_thermophilus	SRR3714681	3.2563449515233627
Thermothelomyces_thermophilus	SRR3714682	3.8365787302613272
Thermothelomyces_thermophilus	SRR3714683	22.566637590914784
Thermothelomyces_thermophilus	SRR3714684	4.45773828751635
Thermothelomyces_thermophilus	SRR3714685	9.851892646711697
Thermothelomyces_thermophilus	SRR3714686	5.08158590601959
Thermothelomyces_thermophilus	SRR3714688	4.854791560156614
Thermothelomyces_thermophilus	SRR3714689	4.815989866807977
Thermothelomyces_thermophilus	SRR3714690	6.662210379774901
Thermothelomyces_thermophilus	SRR3714691	5.394212844618459
Thermothelomyces_thermophilus	SRR3714692	6.9807861717465665
Thermothelomyces_thermophilus	SRR3714693	1.1144345718790876
Thermothelomyces_thermophilus	SRR3714694	8.975296506531299
Thermothelomyces_thermophilus	SRR3714695	4.697086356879835
Thermothelomyces_thermophilus	SRR3714696	2.957869364511498
Thermothelomyces_thermophilus	SRR3714697	13.618178597376252
Thermothelomyces_thermophilus	SRR3714698	2.228869143758175
Thermothelomyces_thermophilus	SRR3714699	7.223984800211965
Thermothelomyces_thermophilus	SRR3714700	12.990561436424715
Thermothelomyces_thermophilus	SRR3714701	7.82847726146639
Thermothelomyces_thermophilus	SRR3714702	4.45349385652844
Thermothelomyces_thermophilus	SRR3714703	12.170708201340465
Thermothelomyces_thermophilus	SRR3714704	3.2991389784971656
Thermothelomyces_thermophilus	SRR3714705	4.7325909832183966
Thermothelomyces_thermophilus	SRR3714706	82.47847446242913
Thermothelomyces_thermophilus	SRR3714707	3.5797197263206715
Thermothelomyces_thermophilus	SRR3714708	1.9637976215095927
Thermothelomyces_thermophilus	SRR3714709	7.623405353050885
Thermothelomyces_thermophilus	SRR3714710	10.103770006108112
Thermothelomyces_thermophilus	SRR3714711	5.693810946472338
Thermothelomyces_thermophilus	SRR3714712	4.653857447831044
Thermothelomyces_thermophilus	SRR3714713	7.82847726146639
Thermothelomyces_thermophilus	SRR3714714	10.554527765692455
Thermothelomyces_thermophilus	SRR3714715	7.036415208748215
Thermothelomyces_thermophilus	SRR3714716	3.2563449515233627
Thermothelomyces_thermophilus	SRR3714717	13.02537980609345
Thermothelomyces_thermophilus	SRR3714718	2.457045341086506
Thermothelomyces_thermophilus	SRR3714719	13.83139796457219
Thermothelomyces_thermophilus	SRR3714720	3.332306212922894
Thermothelomyces_thermophilus	SRR3714721	7.945641207924912
Thermothelomyces_thermophilus	SRR3714723	7.037066176222641
Thermothelomyces_thermophilus	SRR3714724	8.325702839475198
Thermothelomyces_thermophilus	SRR3714725	5.35029137607023
Thermothelomyces_thermophilus	SRR3714726	13.529267114147197
Thermothelomyces_thermophilus	SRR3714727	3.2563449515233627
Thermothelomyces_thermophilus	SRR3714728	13.114903193527391
Thermothelomyces_thermophilus	SRR3714729	1.795628335251015
Thermothelomyces_thermophilus	SRR3714730	2.9689959043522935
Thermothelomyces_thermophilus	SRR3714731	3.6119924001059824
Thermothelomyces_thermophilus	SRR3714732	6.567928431141131
Thermothelomyces_thermophilus	SRR3714734	7.82847726146639
Thermothelomyces_thermophilus	SRR3714735	13.360481569585321
Thermothelomyces_thermophilus	SRR3714736	9.54324778270262
Thermothelomyces_thermophilus	SRR3714737	3.0493621412203544
Thermothelomyces_thermophilus	SRR3714738	7.795323224555392
Thermothelomyces_thermophilus	SRR3714739	8.462489096593044
Thermothelomyces_thermophilus	SRR3714740	11.63464361957761
Thermothelomyces_thermophilus	SRR3714741	3.568110726359012
Thermothelomyces_thermophilus	SRR3714744	7.422489760880734
Thermothelomyces_thermophilus	SRR3714745	4.69094347249881
Thermothelomyces_thermophilus	SRR3714746	1.9454540853394646
Thermothelomyces_thermophilus	SRR3714747	6.74881476148388
Thermothelomyces_thermophilus	SRR3714748	5.891785996464922
Thermothelomyces_thermophilus	SRR3714749	1.9637976215095927
Thermothelomyces_thermophilus	SRR3714750	7.364732495581152
Thermothelomyces_thermophilus	SRR3714751	1.6808548326594481
Thermothelomyces_thermophilus	SRR3714752	1.4616231046041357
Thermothelomyces_thermophilus	SRR3714753	4.280233100856185
Thermothelomyces_thermophilus	SRR3714754	5.065869454076466
Thermothelomyces_thermophilus	SRR3714755	1.3242735346541523
Thermothelomyces_thermophilus	SRR3714756	6.362165188468413
Thermothelomyces_thermophilus	SRR3714757	17.059503980417585
Thermothelomyces_thermophilus	SRR3714758	12.666719117200754
Thermothelomyces_thermophilus	SRR3714759	7.1966682323003255
Thermothelomyces_thermophilus	SRR3714760	3.9275952430191854
Thermothelomyces_thermophilus	SRR3714761	18.33539304261826
Thermothelomyces_thermophilus	SRR3714762	7.364732495581152
Thermothelomyces_thermophilus	SRR3714764	9.148086423661063
Thermothelomyces_thermophilus	SRR3714765	3.972820603962457
Thermothelomyces_thermophilus	SRR3714766	2.6999868827886444
Thermothelomyces_thermophilus	SRR3714767	4.384869313812407
Thermothelomyces_thermophilus	SRR3714768	7.05207424716087
Thermothelomyces_thermophilus	SRR5176628	2.1643716193031426
Thermothelomyces_thermophilus	SRR5176629	2.204245643107566
Thermothelomyces_thermophilus	SRR5176630	1.9637976215095927
Thermothelomyces_thermophilus	SRR5176631	2.228869143758175
Thermothelomyces_thermophilus	SRR5176632	2.204245643107566
Thermothelomyces_thermophilus	SRR5176633	1.795628335251015
Thermothelomyces_thermophilus	SRR5176634	1.816966467211337
Thermothelomyces_thermophilus	SRR5176635	1.9454540853394646
Thermothelomyces_thermophilus	SRR5176636	1.681916469352377
Thermothelomyces_thermophilus	SRR5176637	1.816966467211337
Thermothelomyces_thermophilus	SRR5176638	1.7451965429366416
Thermothelomyces_thermophilus	SRR5176639	2.145333685310171
Thermothelomyces_thermophilus	SRR5176640	2.204245643107566
Thermothelomyces_thermophilus	SRR5176641	1.700145292591711
Thermothelomyces_thermophilus	SRR5176642	1.9454540853394646
Thermothelomyces_thermophilus	SRR5176643	3.8909081706789292
Thermothelomyces_thermophilus	SRR5176644	1.9637976215095927
Thermothelomyces_thermophilus	SRR5176645	1.8220195028711479
Thermothelomyces_thermophilus	SRR5176646	2.145333685310171
Thermothelomyces_thermophilus	SRR5176647	2.145333685310171
Thermothelomyces_thermophilus	SRR5176648	2.204245643107566
Thermothelomyces_thermophilus	SRR5176649	54.31302616176798
Thermothelomyces_thermophilus	SRR5176650	1.9637976215095927
Thermothelomyces_thermophilus	SRR5176651	2.204245643107566
Thermothelomyces_thermophilus	SRR5176652	2.145333685310171
Thermothelomyces_thermophilus	SRR5176653	2.1276122739544747
Thermothelomyces_thermophilus	SRR5176654	2.145333685310171
Thermothelomyces_thermophilus	SRR5176655	6.382836821863424
Thermothelomyces_thermophilus	SRR5176656	2.2725750832378284
Thermothelomyces_thermophilus	SRR5176657	2.2725750832378284
Thermothelomyces_thermophilus	SRR5176658	2.204245643107566
Thermothelomyces_thermophilus	SRR5176659	2.1276122739544747
Thermothelomyces_thermophilus	SRR5176660	1.9454540853394646
Thermothelomyces_thermophilus	SRR5176661	2.204245643107566
Thermothelomyces_thermophilus	SRR5176662	1.9454540853394646
Thermothelomyces_thermophilus	SRR5176663	2.2725750832378284
Thermothelomyces_thermophilus	SRR5176664	2.145333685310171
Thermothelomyces_thermophilus	SRR5176665	1.9637976215095927
Thermothelomyces_thermophilus	SRR5176666	2.204245643107566
Thermothelomyces_thermophilus	SRR5176667	2.204245643107566
Thermothelomyces_thermophilus	SRR5176668	3.2563449515233627
Thermothelomyces_thermophilus	SRR5176669	3.2991389784971656
Thermothelomyces_thermophilus	SRR5176670	2.204245643107566
Thermothelomyces_thermophilus	SRR5176671	2.145333685310171
Thermothelomyces_thermophilus	SRR5176672	2.204245643107566
Thermothelomyces_thermophilus	SRR5176673	2.145333685310171
Thermothelomyces_thermophilus	SRR5176674	2.204245643107566
Thermothelomyces_thermophilus	SRR5176675	2.145333685310171
Thermothelomyces_thermophilus	SRR5176676	2.204245643107566
Thermothelomyces_thermophilus	SRR5176677	1.9454540853394646
Thermothelomyces_thermophilus	SRR5176678	2.1276122739544747
Thermothelomyces_thermophilus	SRR5176679	1.9454540853394646
Thermothelomyces_thermophilus	SRR5176680	2.1643716193031426
Thermothelomyces_thermophilus	SRR5176681	2.1643716193031426
Thermothelomyces_thermophilus	SRR5176682	2.204245643107566
Thermothelomyces_thermophilus	SRR5176683	2.145333685310171
Thermothelomyces_thermophilus	SRR5176684	2.145333685310171
Thermothelomyces_thermophilus	SRR5176685	2.1643716193031426
Thermothelomyces_thermophilus	SRR5176686	2.145333685310171
Thermothelomyces_thermophilus	SRR5176687	2.145333685310171
Thermothelomyces_thermophilus	SRR5176688	2.1276122739544747
Thermothelomyces_thermophilus	SRR5176689	1.795628335251015
Thermothelomyces_thermophilus	SRR5176690	2.204245643107566
Thermothelomyces_thermophilus	SRR5176691	2.204245643107566
Thermothelomyces_thermophilus	SRR5176692	2.145333685310171
Thermothelomyces_thermophilus	SRR5176693	1.795628335251015
Thermothelomyces_thermophilus	SRR5176694	2.1276122739544747
Thermothelomyces_thermophilus	SRR5176695	2.204245643107566
Thermothelomyces_thermophilus	SRR5176696	1.6938619686731966
Thermothelomyces_thermophilus	SRR5176697	1.816966467211337
Thermothelomyces_thermophilus	SRR5176698	1.9637976215095927
Thermothelomyces_thermophilus	SRR5176699	2.228869143758175
Thermothelomyces_thermophilus	SRR5176700	2.1276122739544747
Thermothelomyces_thermophilus	SRR5176701	2.1276122739544747
Thermothelomyces_thermophilus	SRR5176702	1.9454540853394646
Thermothelomyces_thermophilus	SRR5176703	2.145333685310171
Thermothelomyces_thermophilus	SRR5176704	4.9617169422579686
Thermothelomyces_thermophilus	SRR5176705	2.145333685310171
Thermothelomyces_thermophilus	SRR5176706	1.9637976215095927
Thermothelomyces_thermophilus	SRR5176707	1.9637976215095927
Thermothelomyces_thermophilus	SRR5176708	2.204245643107566
Thermothelomyces_thermophilus	SRR5176709	14.616231046041358
Thermothelomyces_thermophilus	SRR5176710	2.204245643107566
Thermothelomyces_thermophilus	SRR5176711	2.204245643107566
Thermothelomyces_thermophilus	SRR5176712	2.204245643107566
Thermothelomyces_thermophilus	SRR5176713	1.8220195028711479
Thermothelomyces_thermophilus	SRR5176714	1.9637976215095927
Thermothelomyces_thermophilus	SRR5176715	2.145333685310171
Thermothelomyces_thermophilus	SRR5176716	2.1276122739544747
Thermothelomyces_thermophilus	SRR5176717	2.204245643107566
Thermothelomyces_thermophilus	SRR5176718	1.9637976215095927
Thermothelomyces_thermophilus	SRR5176719	2.145333685310171
Thermothelomyces_thermophilus	SRR5176720	3.59125667050203
Thermothelomyces_thermophilus	SRR5176721	3.59125667050203
Thermothelomyces_thermophilus	SRR5176722	2.145333685310171
Thermothelomyces_thermophilus	SRR5176723	5.836362256018393
Thermothelomyces_thermophilus	SRR5176724	1.9637976215095927
Thermothelomyces_thermophilus	SRR5176725	2.1276122739544747
Thermothelomyces_thermophilus	SRR5176726	1.795628335251015
Thermothelomyces_thermophilus	SRR5176727	2.1276122739544747
Thermothelomyces_thermophilus	SRR5176728	2.1276122739544747
Thermothelomyces_thermophilus	SRR5176729	4.290667370620342
Thermothelomyces_thermophilus	SRR5176730	2.1276122739544747
Thermothelomyces_thermophilus	SRR5176731	1.816966467211337
Thermothelomyces_thermophilus	SRR5176732	4.290667370620342
Thermothelomyces_thermophilus	SRR5176733	2.145333685310171
Thermothelomyces_thermophilus	SRR5176734	2.228869143758175
Thermothelomyces_thermophilus	SRR5176735	1.6808548326594481
Thermothelomyces_thermophilus	SRR5176736	2.145333685310171
Thermothelomyces_thermophilus	SRR5176737	2.145333685310171
Thermothelomyces_thermophilus	SRR5176738	2.204245643107566
Thermothelomyces_thermophilus	SRR5176739	2.145333685310171
Thermothelomyces_thermophilus	SRR5176740	2.204245643107566
Thermothelomyces_thermophilus	SRR5176741	2.1276122739544747
Thermothelomyces_thermophilus	SRR5176742	1.700145292591711
Thermothelomyces_thermophilus	SRR5176743	1.9637976215095927
Thermothelomyces_thermophilus	SRR5176744	2.1276122739544747
Thermothelomyces_thermophilus	SRR5176745	2.1643716193031426
Thermothelomyces_thermophilus	SRR5176746	1.9454540853394646
Thermothelomyces_thermophilus	SRR5176747	1.9637976215095927
Thermothelomyces_thermophilus	SRR5176748	2.1276122739544747
Thermothelomyces_thermophilus	SRR5176749	1.7451965429366416
Thermothelomyces_thermophilus	SRR5176750	1.9637976215095927
Thermothelomyces_thermophilus	SRR5176751	2.204245643107566
Thermothelomyces_thermophilus	SRR5176752	2.204245643107566
Thermothelomyces_thermophilus	SRR5176753	2.145333685310171
Thermothelomyces_thermophilus	SRR5176754	3.2991389784971656
Thermothelomyces_thermophilus	SRR5176755	2.145333685310171
Thermothelomyces_thermophilus	SRR5176756	2.1276122739544747
Thermothelomyces_thermophilus	SRR5176757	2.1276122739544747
Thermothelomyces_thermophilus	SRR5176758	2.204245643107566
Thermothelomyces_thermophilus	SRR5176759	2.204245643107566
Thermothelomyces_thermophilus	SRR5176760	2.1276122739544747
Thermothelomyces_thermophilus	SRR5176761	2.145333685310171
Thermothelomyces_thermophilus	SRR5176762	2.1276122739544747
Thermothelomyces_thermophilus	SRR5176763	1.9637976215095927
Thermothelomyces_thermophilus	SRR5176764	2.1276122739544747
Thermothelomyces_thermophilus	SRR5176765	2.1276122739544747
Thermothelomyces_thermophilus	SRR5176766	2.1276122739544747
Thermothelomyces_thermophilus	SRR5176767	2.145333685310171
Thermothelomyces_thermophilus	SRR5176768	3.9275952430191854
Thermothelomyces_thermophilus	SRR5176769	2.1276122739544747
Thermothelomyces_thermophilus	SRR5176770	2.145333685310171
Thermothelomyces_thermophilus	SRR5176771	2.1276122739544747
Thermothelomyces_thermophilus	SRR5176772	2.204245643107566
Thermothelomyces_thermophilus	SRR5176773	1.9637976215095927
Thermothelomyces_thermophilus	SRR5176774	2.204245643107566
Thermothelomyces_thermophilus	SRR5176775	2.204245643107566
Thermothelomyces_thermophilus	SRR5176776	2.1276122739544747
Thermothelomyces_thermophilus	SRR5176777	2.1276122739544747
Thermothelomyces_thermophilus	SRR5176778	2.1276122739544747
Thermothelomyces_thermophilus	SRR5176779	1.9637976215095927
Thermothelomyces_thermophilus	SRR5176780	2.1276122739544747
Thermothelomyces_thermophilus	SRR5176781	2.204245643107566
Thermothelomyces_thermophilus	SRR5176782	4.290667370620342
Thermothelomyces_thermophilus	SRR5176783	1.6495694892485828
Thermothelomyces_thermophilus	SRR5176784	2.1276122739544747
Thermothelomyces_thermophilus	SRR5176785	2.1643716193031426
Thermothelomyces_thermophilus	SRR5176786	2.145333685310171
Thermothelomyces_thermophilus	SRR5176787	2.204245643107566
Thermothelomyces_thermophilus	SRR5176788	1.9454540853394646
Thermothelomyces_thermophilus	SRR5176789	1.784055363179506
Thermothelomyces_thermophilus	SRR5176790	2.1276122739544747
Thermothelomyces_thermophilus	SRR5176791	2.204245643107566
Thermothelomyces_thermophilus	SRR5176792	2.145333685310171
Thermothelomyces_thermophilus	SRR5176793	2.1276122739544747
Thermothelomyces_thermophilus	SRR5176794	4.255224547908949
Thermothelomyces_thermophilus	SRR5176795	2.204245643107566
Thermothelomyces_thermophilus	SRR5176796	1.9637976215095927
Thermothelomyces_thermophilus	SRR5176797	2.204245643107566
Thermothelomyces_thermophilus	SRR5176798	2.145333685310171
Thermothelomyces_thermophilus	SRR5176799	1.9637976215095927
Thermothelomyces_thermophilus	SRR5176800	2.1276122739544747
Thermothelomyces_thermophilus	SRR5176801	2.1276122739544747
Thermothelomyces_thermophilus	SRR5176802	2.204245643107566
Thermothelomyces_thermophilus	SRR5176803	2.145333685310171
Thermothelomyces_thermophilus	SRR5176804	2.204245643107566
Thermothelomyces_thermophilus	SRR5176805	2.204245643107566
Thermothelomyces_thermophilus	SRR5176806	1.816966467211337
Thermothelomyces_thermophilus	SRR5176807	2.145333685310171
Thermothelomyces_thermophilus	SRR5176808	2.1276122739544747
Thermothelomyces_thermophilus	SRR5176809	1.9637976215095927
Thermothelomyces_thermophilus	SRR5176810	2.204245643107566
Thermothelomyces_thermophilus	SRR5176811	2.204245643107566
Thermothelomyces_thermophilus	SRR5176812	2.145333685310171
Thermothelomyces_thermophilus	SRR5176813	2.145333685310171
Thermothelomyces_thermophilus	SRR5176814	2.204245643107566
Thermothelomyces_thermophilus	SRR5176815	2.145333685310171
Thermothelomyces_thermophilus	SRR5176816	2.204245643107566
Thermothelomyces_thermophilus	SRR5176817	2.204245643107566
Thermothelomyces_thermophilus	SRR5176818	2.145333685310171
Thermothelomyces_thermophilus	SRR5176819	2.228869143758175
Thermothelomyces_thermophilus	SRR5176820	1.816966467211337
Thermothelomyces_thermophilus	SRR5176821	2.145333685310171
Thermothelomyces_thermophilus	SRR5176822	2.145333685310171
Thermothelomyces_thermophilus	SRR5176823	2.145333685310171
Thermothelomyces_thermophilus	SRR5176824	2.1643716193031426
Thermothelomyces_thermophilus	SRR5176825	2.145333685310171
Thermothelomyces_thermophilus	SRR5176826	2.145333685310171
Thermothelomyces_thermophilus	SRR5176827	2.145333685310171
Thermothelomyces_thermophilus	SRR5176828	2.145333685310171
Thermothelomyces_thermophilus	SRR5176829	1.784055363179506
Thermothelomyces_thermophilus	SRR5176830	2.145333685310171
Thermothelomyces_thermophilus	SRR5176831	2.1276122739544747
Thermothelomyces_thermophilus	SRR5176832	4.255224547908949
Thermothelomyces_thermophilus	SRR5176833	1.9637976215095927
Thermothelomyces_thermophilus	SRR5176834	2.145333685310171
Thermothelomyces_thermophilus	SRR5176835	1.9454540853394646
Thermothelomyces_thermophilus	SRR5176836	2.1276122739544747
Thermothelomyces_thermophilus	SRR5176837	1.9637976215095927
Thermothelomyces_thermophilus	SRR5176838	2.204245643107566
Thermothelomyces_thermophilus	SRR5176839	2.1276122739544747
Thermothelomyces_thermophilus	SRR5176840	3.8909081706789292
Thermothelomyces_thermophilus	SRR5176841	2.145333685310171
Thermothelomyces_thermophilus	SRR5176842	2.145333685310171
Thermothelomyces_thermophilus	SRR5176843	2.145333685310171
Thermothelomyces_thermophilus	SRR5176844	2.204245643107566
Thermothelomyces_thermophilus	SRR5176845	2.204245643107566
Thermothelomyces_thermophilus	SRR5176846	2.204245643107566
Thermothelomyces_thermophilus	SRR5176847	1.9637976215095927
Thermothelomyces_thermophilus	SRR5176848	2.204245643107566
Thermothelomyces_thermophilus	SRR5176849	1.9637976215095927
Thermothelomyces_thermophilus	SRR5176850	1.9454540853394646
Thermothelomyces_thermophilus	SRR5176851	1.9637976215095927
Thermothelomyces_thermophilus	SRR5176852	2.145333685310171
Thermothelomyces_thermophilus	SRR5176853	2.1643716193031426
Thermothelomyces_thermophilus	SRR5176854	2.204245643107566
Thermothelomyces_thermophilus	SRR5176855	2.145333685310171
Thermothelomyces_thermophilus	SRR5176856	2.1276122739544747
Thermothelomyces_thermophilus	SRR5176857	2.1276122739544747
Thermothelomyces_thermophilus	SRR5176858	2.204245643107566
Thermothelomyces_thermophilus	SRR5176859	2.1276122739544747
Thermothelomyces_thermophilus	SRR5176860	2.1276122739544747
Thermothelomyces_thermophilus	SRR5176861	1.9637976215095927
Thermothelomyces_thermophilus	SRR5176862	2.1276122739544747
Thermothelomyces_thermophilus	SRR5176863	2.204245643107566
Thermothelomyces_thermophilus	SRR5176864	2.204245643107566
Thermothelomyces_thermophilus	SRR5176865	2.145333685310171
Thermothelomyces_thermophilus	SRR5176866	2.204245643107566
Thermothelomyces_thermophilus	SRR5176867	1.784055363179506
Thermothelomyces_thermophilus	SRR5176868	3.9275952430191854
Thermothelomyces_thermophilus	SRR5176869	2.145333685310171
Thermothelomyces_thermophilus	SRR5176870	3.8909081706789292
Thermothelomyces_thermophilus	SRR5176871	3.1313909045865564
Thermothelomyces_thermophilus	SRR5176872	2.145333685310171
Thermothelomyces_thermophilus	SRR5861974	NA
Thermothelomyces_thermophilus	SRR5861975	NA
Thermothelomyces_thermophilus	SRR5861976	NA
Thermothelomyces_thermophilus	SRR5861977	NA
Thermothelomyces_thermophilus	SRR5861978	NA
Thermothelomyces_thermophilus	SRR5861979	NA
Thermothelomyces_thermophilus	SRR5861980	NA
Thermothelomyces_thermophilus	SRR5861981	NA
Thermothelomyces_thermophilus	SRR5861982	NA
Thermothelomyces_thermophilus	SRR5861983	NA
Thermothelomyces_thermophilus	SRR5861984	NA
Thermothelomyces_thermophilus	SRR5861985	NA
Thermothelomyces_thermophilus	SRR5861986	NA
Thermothelomyces_thermophilus	SRR5861987	NA
Thermothelomyces_thermophilus	SRR5861988	NA
Thermothelomyces_thermophilus	SRR5861989	NA
Thermothelomyces_thermophilus	SRR5861990	NA
Thermothelomyces_thermophilus	SRR5861991	NA
Thermothelomyces_thermophilus	SRR5861992	NA
Thermothelomyces_thermophilus	SRR5861993	NA
Thermothelomyces_thermophilus	SRR5861994	NA
Thermothelomyces_thermophilus	SRR5861995	NA
Thermothelomyces_thermophilus	SRR5861996	NA
Thermothelomyces_thermophilus	SRR5861997	NA
Thermothelomyces_thermophilus	SRR5861998	NA
Thermothelomyces_thermophilus	SRR5861999	NA
Thermothelomyces_thermophilus	SRR5862000	NA
Thermothelomyces_thermophilus	SRR5862001	NA
Thermothelomyces_thermophilus	SRR5862002	NA
Thermothelomyces_thermophilus	SRR5862003	NA
Thermothelomyces_thermophilus	SRR5862004	NA
Thermothelomyces_thermophilus	SRR5862005	NA
Thermothelomyces_thermophilus	SRR5862006	NA
Thermothelomyces_thermophilus	SRR5862007	NA
Thermothelomyces_thermophilus	SRR5862008	NA
Thermothelomyces_thermophilus	SRR5862009	NA
Thermothelomyces_thermophilus	SRR5862010	NA
Thermothelomyces_thermophilus	SRR5862011	NA
Thermothelomyces_thermophilus	SRR5862012	NA
Thermothelomyces_thermophilus	SRR5862013	NA
Thermothelomyces_thermophilus	SRR5862014	NA
Thermothelomyces_thermophilus	SRR5862015	NA
Thermothelomyces_thermophilus	SRR5862016	NA
Thermothelomyces_thermophilus	SRR5862017	NA
Thermothelomyces_thermophilus	SRR5862018	NA
Thermothelomyces_thermophilus	SRR5862019	NA
Thermothelomyces_thermophilus	SRR5862020	NA
Thermothelomyces_thermophilus	SRR5862021	NA
Thermothelomyces_thermophilus	SRR5862022	NA
Thermothelomyces_thermophilus	SRR5862023	NA
Thermothelomyces_thermophilus	SRR5862024	NA
Thermothelomyces_thermophilus	SRR5862025	NA
Thermothelomyces_thermophilus	SRR5862026	NA
Thermothelomyces_thermophilus	SRR5862027	NA
Thermothelomyces_thermophilus	SRR5862028	NA
Thermothelomyces_thermophilus	SRR5862029	NA
Thermothelomyces_thermophilus	SRR5862030	NA
Thermothelomyces_thermophilus	SRR5862031	NA
Thermothelomyces_thermophilus	SRR5862032	NA
Thermothelomyces_thermophilus	SRR5862033	NA
Thermothelomyces_thermophilus	SRR5862034	NA
Thermothelomyces_thermophilus	SRR5862035	NA
Thermothelomyces_thermophilus	SRR5862036	NA
Thermothelomyces_thermophilus	SRR5862037	NA
Thermothelomyces_thermophilus	SRR5862038	NA
Thermothelomyces_thermophilus	SRR5862039	NA
Thermothelomyces_thermophilus	SRR5862040	NA
Thermothelomyces_thermophilus	SRR5862041	NA
Thermothelomyces_thermophilus	SRR5862042	NA
Thermothelomyces_thermophilus	SRR5862043	NA
Thermothelomyces_thermophilus	SRR5862044	NA
Thermothelomyces_thermophilus	SRR5862045	NA
Thermothelomyces_thermophilus	SRR5862046	NA
Thermothelomyces_thermophilus	SRR5862047	NA
Thermothelomyces_thermophilus	SRR5862048	NA
Thermothelomyces_thermophilus	SRR5862049	NA
Thermothelomyces_thermophilus	SRR5862050	NA
Thermothelomyces_thermophilus	SRR5862051	NA
Thermothelomyces_thermophilus	SRR5862052	NA
Thermothelomyces_thermophilus	SRR5862053	NA
Thermothelomyces_thermophilus	SRR5862054	NA
Thermothelomyces_thermophilus	SRR5862055	NA
Thermothelomyces_thermophilus	SRR5862056	NA
Thermothelomyces_thermophilus	SRR5862057	NA
Thermothelomyces_thermophilus	SRR5862058	NA
Thermothelomyces_thermophilus	SRR5862059	NA
Thermothelomyces_thermophilus	SRR5862060	NA
Thermothelomyces_thermophilus	SRR5862061	NA
Thermothelomyces_thermophilus	SRR5862062	NA
Thermothelomyces_thermophilus	SRR5862063	NA
Thermothelomyces_thermophilus	SRR5862064	NA
Thermothelomyces_thermophilus	SRR5862065	NA
Thermothelomyces_thermophilus	SRR5862066	NA
Thermothelomyces_thermophilus	SRR5862067	NA
Thermothelomyces_thermophilus	SRR5862068	NA
Thermothelomyces_thermophilus	SRR5862069	NA
Thermothelomyces_thermophilus	SRR5862070	NA
Thermothelomyces_thermophilus	SRR5862071	NA
Thermothelomyces_thermophilus	SRR5862072	NA
Thermothelomyces_thermophilus	SRR5862073	NA
Thermothelomyces_thermophilus	SRR5862074	NA
Thermothelomyces_thermophilus	SRR5862075	NA
Thermothelomyces_thermophilus	SRR5862076	NA
Thermothelomyces_thermophilus	SRR5862077	NA
Thermothelomyces_thermophilus	SRR5862078	NA
Thermothelomyces_thermophilus	SRR5862079	NA
Thermothelomyces_thermophilus	SRR5862080	NA
Thermothelomyces_thermophilus	SRR5862081	NA
Thermothelomyces_thermophilus	SRR5862082	NA
Thermothelomyces_thermophilus	SRR5862083	NA
Thermothelomyces_thermophilus	SRR5862084	NA
Thermothelomyces_thermophilus	SRR5862085	NA
Thermothelomyces_thermophilus	SRR5862086	NA
Thermothelomyces_thermophilus	SRR5862087	NA
Thermothelomyces_thermophilus	SRR5862088	NA
Thermothelomyces_thermophilus	SRR5862089	NA
Thermothelomyces_thermophilus	SRR5862090	NA
Thermothelomyces_thermophilus	SRR5862091	NA
Thermothelomyces_thermophilus	SRR5862092	NA
Thermothelomyces_thermophilus	SRR5862093	NA
Thermothelomyces_thermophilus	SRR5862094	NA
Thermothelomyces_thermophilus	SRR5862095	NA
Thermothelomyces_thermophilus	SRR5862096	NA
Thermothelomyces_thermophilus	SRR5862097	NA
Thermothelomyces_thermophilus	SRR5862098	NA
Thermothelomyces_thermophilus	SRR5862099	NA
Thermothelomyces_thermophilus	SRR5862100	NA
Thermothelomyces_thermophilus	SRR5862101	NA
Thermothelomyces_thermophilus	SRR5862102	NA
Thermothelomyces_thermophilus	SRR5862103	NA
Thermothelomyces_thermophilus	SRR5862104	NA
Thermothelomyces_thermophilus	SRR5862105	NA
Thermothelomyces_thermophilus	SRR5862106	NA
Thermothelomyces_thermophilus	SRR5862107	NA
Thermothelomyces_thermophilus	SRR5862108	NA
Thermothelomyces_thermophilus	SRR5862109	NA
Thermothelomyces_thermophilus	SRR5862110	NA
Thermothelomyces_thermophilus	SRR5862111	NA
Thermothelomyces_thermophilus	SRR5862112	NA
Thermothelomyces_thermophilus	SRR5862113	NA
Thermothelomyces_thermophilus	SRR5862114	NA
Thermothelomyces_thermophilus	SRR5862115	NA
Thermothelomyces_thermophilus	SRR5862116	NA
Thermothelomyces_thermophilus	SRR5862117	NA
Thermothelomyces_thermophilus	SRR5862118	NA
Thermothelomyces_thermophilus	SRR5862119	NA
Thermothelomyces_thermophilus	SRR5862120	NA
Thermothelomyces_thermophilus	SRR5862121	NA
Thermothelomyces_thermophilus	SRR5862122	NA
Thermothelomyces_thermophilus	SRR5862123	NA
Thermothelomyces_thermophilus	SRR5862124	NA
Thermothelomyces_thermophilus	SRR5862125	NA
Thermothelomyces_thermophilus	SRR5862126	NA
Thermothelomyces_thermophilus	SRR5862127	NA
Thermothelomyces_thermophilus	SRR5862128	NA
Thermothelomyces_thermophilus	SRR5862129	NA
Thermothelomyces_thermophilus	SRR5862130	NA
Thermothelomyces_thermophilus	SRR5862131	NA
Thermothelomyces_thermophilus	SRR5862132	NA
Thermothelomyces_thermophilus	SRR5862133	NA
Thermothelomyces_thermophilus	SRR5862134	NA
Thermothelomyces_thermophilus	SRR5862135	NA
Thermothelomyces_thermophilus	SRR5862136	NA
Thermothelomyces_thermophilus	SRR5862137	NA
Thermothelomyces_thermophilus	SRR5862138	NA
Thermothelomyces_thermophilus	SRR5862139	NA
Thermothelomyces_thermophilus	SRR5862140	NA
Thermothelomyces_thermophilus	SRR5862141	NA
Thermothelomyces_thermophilus	SRR5862142	NA
Thermothelomyces_thermophilus	SRR5862143	NA
Thermothelomyces_thermophilus	SRR5862144	NA
Thermothelomyces_thermophilus	SRR5862145	NA
Thermothelomyces_thermophilus	SRR5862146	NA
Thermothelomyces_thermophilus	SRR5862147	NA
Thermothelomyces_thermophilus	SRR5862148	NA
Thermothelomyces_thermophilus	SRR5862149	NA
Thermothelomyces_thermophilus	SRR5862150	NA
Thermothelomyces_thermophilus	SRR5862151	NA
Thermothelomyces_thermophilus	SRR5862152	NA
Thermothelomyces_thermophilus	SRR5862153	NA
Thermothelomyces_thermophilus	SRR5862154	NA
Thermothelomyces_thermophilus	SRR5862155	NA
Thermothelomyces_thermophilus	SRR5862156	NA
Thermothelomyces_thermophilus	SRR5862157	NA
Thermothelomyces_thermophilus	SRR5862158	NA
Thermothelomyces_thermophilus	SRR5862159	NA
Thermothelomyces_thermophilus	SRR5862160	NA
Thermothelomyces_thermophilus	SRR5862161	NA
Thermothelomyces_thermophilus	SRR5862162	NA
Thermothelomyces_thermophilus	SRR5862163	NA
Thermothelomyces_thermophilus	SRR5862164	NA
Thermothelomyces_thermophilus	SRR5862165	NA
Thermothelomyces_thermophilus	SRR5862166	NA
Thermothelomyces_thermophilus	SRR5862167	NA
Thermothelomyces_thermophilus	SRR5862168	NA
Thermothelomyces_thermophilus	SRR5862169	NA
Thermothelomyces_thermophilus	SRR5862170	NA
Thermothelomyces_thermophilus	SRR5862171	NA
Thermothelomyces_thermophilus	SRR5862172	NA
Thermothelomyces_thermophilus	SRR5862173	NA
Thermothelomyces_thermophilus	SRR5862174	NA
Thermothelomyces_thermophilus	SRR5862175	NA
Thermothelomyces_thermophilus	SRR5862176	NA
Thermothelomyces_thermophilus	SRR5862177	NA
Thermothelomyces_thermophilus	SRR5862178	NA
Thermothelomyces_thermophilus	SRR5862179	NA
Thermothelomyces_thermophilus	SRR5862180	NA
Thermothelomyces_thermophilus	SRR5862181	NA
Thermothelomyces_thermophilus	SRR5862182	NA
Thermothelomyces_thermophilus	SRR5862183	NA
Thermothelomyces_thermophilus	SRR5862184	NA
Thermothelomyces_thermophilus	SRR5862185	NA
Thermothelomyces_thermophilus	SRR5862186	NA
Thermothelomyces_thermophilus	SRR5862187	NA
Thermothelomyces_thermophilus	SRR5862188	NA
Thermothelomyces_thermophilus	SRR5862189	NA
Thermothelomyces_thermophilus	SRR5862190	NA
Thermothelomyces_thermophilus	SRR5862191	NA
Thermothelomyces_thermophilus	SRR5862192	NA
Thermothelomyces_thermophilus	SRR5862193	NA
Thermothelomyces_thermophilus	SRR5862194	NA
Thermothelomyces_thermophilus	SRR5862195	NA
Thermothelomyces_thermophilus	SRR5862196	NA
Thermothelomyces_thermophilus	SRR5862197	NA
Thermothelomyces_thermophilus	SRR5862198	NA
Thermothelomyces_thermophilus	SRR5862199	NA
Thermothelomyces_thermophilus	SRR5862200	NA
Thermothelomyces_thermophilus	SRR5862201	NA
Thermothelomyces_thermophilus	SRR5862202	NA
Thermothelomyces_thermophilus	SRR5862203	NA
Thermothelomyces_thermophilus	SRR5862204	NA
Thermothelomyces_thermophilus	SRR5862205	NA
Thermothelomyces_thermophilus	SRR5862206	NA
Thermothelomyces_thermophilus	SRR5862207	NA
Thermothelomyces_thermophilus	SRR5862208	NA
Thermothelomyces_thermophilus	SRR5862209	NA
Thermothelomyces_thermophilus	SRR5862210	NA
Thermothelomyces_thermophilus	SRR5862211	NA
Thermothelomyces_thermophilus	SRR5862212	NA
Thermothelomyces_thermophilus	SRR5862213	NA
Thermothelomyces_thermophilus	SRR5862214	NA
Thermothelomyces_thermophilus	SRR5862215	NA
Thermothelomyces_thermophilus	SRR5862216	NA
Thermothelomyces_thermophilus	SRR5862217	NA
Thermothelomyces_thermophilus	SRR5862218	NA
Thermothelomyces_thermophilus	SRR5862219	NA
Thermothelomyces_thermophilus	SRR5862220	NA
Thermothelomyces_thermophilus	SRR5862221	NA
Thermothelomyces_thermophilus	SRR5862222	NA
Thermothelomyces_thermophilus	SRR5862223	NA
Thermothelomyces_thermophilus	SRR5862224	NA
Thermothelomyces_thermophilus	SRR5862225	NA
Thermothelomyces_thermophilus	SRR5862226	NA
Thermothelomyces_thermophilus	SRR5862227	NA
Thermothelomyces_thermophilus	SRR5862228	NA
Thermothelomyces_thermophilus	SRR5862229	NA
Thermothelomyces_thermophilus	SRR5862230	NA
Thermothelomyces_thermophilus	SRR5862231	NA
Thermothelomyces_thermophilus	SRR5862232	NA
Thermothelomyces_thermophilus	SRR5862233	NA
Thermothelomyces_thermophilus	SRR5862234	NA
Thermothelomyces_thermophilus	SRR5862235	NA
Thermothelomyces_thermophilus	SRR5862236	NA
Thermothelomyces_thermophilus	SRR5862237	NA
Thermothelomyces_thermophilus	SRR5862238	NA
Thermothelomyces_thermophilus	SRR5862239	NA
Thermothelomyces_thermophilus	SRR5862240	NA
Thermothelomyces_thermophilus	SRR5862241	NA
Thermothelomyces_thermophilus	SRR5862242	NA
Thermothelomyces_thermophilus	SRR5862243	NA
Thermothelomyces_thermophilus	SRR5862244	NA
Thermothelomyces_thermophilus	SRR5862245	NA
Thermothelomyces_thermophilus	SRR5862246	NA
Thermothelomyces_thermophilus	SRR5862247	NA
Thermothelomyces_thermophilus	SRR5862248	NA
Thermothelomyces_thermophilus	SRR5862249	NA
Thermothelomyces_thermophilus	SRR5862250	NA
Thermothelomyces_thermophilus	SRR5862251	NA
Thermothelomyces_thermophilus	SRR5862252	NA
Thermothelomyces_thermophilus	SRR5862253	NA
Thermothelomyces_thermophilus	SRR5862254	NA
Thermothelomyces_thermophilus	SRR5862255	NA
Thermothelomyces_thermophilus	SRR5862256	NA
Thermothelomyces_thermophilus	SRR5862257	NA
Thermothelomyces_thermophilus	SRR5862258	NA
Thermothelomyces_thermophilus	SRR5862259	NA
Thermothelomyces_thermophilus	SRR5862260	NA
Thermothelomyces_thermophilus	SRR5862261	NA
Thermothelomyces_thermophilus	SRR5862262	NA
Thermothelomyces_thermophilus	SRR5862263	NA
Thermothelomyces_thermophilus	SRR5862264	NA
Thermothelomyces_thermophilus	SRR5862265	NA
Thermothelomyces_thermophilus	SRR5862266	NA
Thermothelomyces_thermophilus	SRR5862267	NA
Thermothelomyces_thermophilus	SRR5862268	NA
Thermothelomyces_thermophilus	SRR5862269	NA
Thermothelomyces_thermophilus	SRR5862270	NA
Thermothelomyces_thermophilus	SRR5862271	NA
Thermothelomyces_thermophilus	SRR5862272	NA
Thermothelomyces_thermophilus	SRR5862273	NA
Thermothelomyces_thermophilus	SRR5862274	NA
Thermothelomyces_thermophilus	SRR5862275	NA
Thermothelomyces_thermophilus	SRR5862276	NA
Thermothelomyces_thermophilus	SRR5862277	NA
Thermothelomyces_thermophilus	SRR5949109	2.8208296988643484
Thermothelomyces_thermophilus	SRR5949110	5.937991808704587
Thermothelomyces_thermophilus	SRR5949111	16.206807080942465
Thermothelomyces_thermophilus	SRR5949112	4.290667370620342
Thermothelomyces_thermophilus	SRR5949113	1.6495694892485828
Thermothelomyces_thermophilus	SRR5949114	1.784055363179506
Thermothelomyces_thermophilus	SRR5949115	2.945892998232461
Thermothelomyces_thermophilus	SRR5949116	17.715638748895184
Thermothelomyces_thermophilus	SRR5949117	2.2725750832378284
Thermothelomyces_thermophilus	SRR5949118	1.1753457078601448
Thermothelomyces_thermophilus	SRR5949119	1.5656954522932782
Thermothelomyces_thermophilus	SRR5949120	0.7948426177895387
Thermothelomyces_thermophilus	SRR5949121	1.0700582752140462
Thermothelomyces_thermophilus	SRR5949122	2.0272072649320747
Thermothelomyces_thermophilus	SRR5949123	3.218000527965257
Thermothelomyces_thermophilus	SRR5949124	3.1810825942342067
Thermothelomyces_thermophilus	SRR5949125	3.2991389784971656
Thermothelomyces_thermophilus	SRR5949126	1.143510802957633
Thermothelomyces_thermophilus	SRR5949127	0.8404274163297241
Thermothelomyces_thermophilus	SRR5949128	1.6938619686731966
Thermothelomyces_thermophilus	SRR5949129	3.2991389784971656
Thermothelomyces_thermophilus	SRR5949130	39.873019516239886
Thermothelomyces_thermophilus	SRR5949131	1.4104148494321742
Thermothelomyces_thermophilus	SRR5949132	4.234654921682991
Thermothelomyces_thermophilus	SRR5949133	1.5928057081609164
Thermothelomyces_thermophilus	SRR5949134	2.145333685310171
Thermothelomyces_thermophilus	SRR5949135	1.1377183629720833
Thermothelomyces_thermophilus	SRR5949136	1.6281724757616813
Thermothelomyces_thermophilus	SRR5949137	2.261684521219812
Thermothelomyces_thermophilus	SRR5949138	0.4037752421400611
Thermothelomyces_thermophilus	SRR5949139	23.66295491609198
Thermothelomyces_thermophilus	SRR5949140	3.3617096653188963
Thermothelomyces_thermophilus	SRR5949141	6.420349651284277
Thermothelomyces_thermophilus	SRR5949142	2.6485470693083046
Thermothelomyces_thermophilus	SRR5949143	2.204245643107566
Thermothelomyces_thermophilus	SRR5949144	0.8524875621142933
Thermothelomyces_thermophilus	SRR5949145	6.8097995076175355
Thermothelomyces_thermophilus	SRR5949146	1.6661531064614472
Thermothelomyces_thermophilus	SRR5949147	17.53947725524963
Thermothelomyces_thermophilus	SRR5949148	1.0638061369772374
Thermothelomyces_thermophilus	SRR5949149	1.23814536502137
Thermothelomyces_thermophilus	SRR5949150	3.1313909045865564
Thermothelomyces_thermophilus	SRR5949151	1.8093476169758493
Thermothelomyces_thermophilus	SRR5949152	2.6485470693083046
Thermothelomyces_thermophilus	SRR5949153	1.7991670580750814
Thermothelomyces_thermophilus	SRR5949154	1.4429144128687614
Thermothelomyces_thermophilus	SRR5949155	1.1831477458045991
Thermothelomyces_thermophilus	SRR5949156	1.700145292591711
Thermothelomyces_thermophilus	SRR5949157	1.700145292591711
Thermothelomyces_thermophilus	SRR5949158	8.519448417260309
Thermothelomyces_thermophilus	SRR5949159	2.1924346569062036
Thermothelomyces_thermophilus	SRR5949160	4.618794569896032
Thermothelomyces_thermophilus	SRR5949161	1.700145292591711
Thermothelomyces_thermophilus	SRR5949162	1.8042446439478774
Thermothelomyces_thermophilus	SRR5949163	2.228869143758175
Thermothelomyces_thermophilus	SRR5949164	2.145333685310171
Thermothelomyces_thermophilus	SRR5949165	1.784055363179506
Thermothelomyces_thermophilus	SRR5949166	8.40427416329724
Thermothelomyces_thermophilus	SRR5949167	1.1308422606099062
Thermothelomyces_thermophilus	SRR5949168	1.099451417651417
Thermothelomyces_thermophilus	SRR5949169	1.4616231046041357
Thermothelomyces_thermophilus	SRR5949170	2.2725750832378284
Thermothelomyces_thermophilus	SRR5949171	1.6206807080942467
Thermothelomyces_thermophilus	SRR5949172	3.9586612058030575
Thermothelomyces_thermophilus	SRR5949173	3.633932934422674
Thermothelomyces_thermophilus	SRR5949174	1.9637976215095927
Thermothelomyces_thermophilus	SRR5949175	2.204245643107566
Thermothelomyces_thermophilus	SRR5949176	6.142613352716265
Thermothelomyces_thermophilus	SRR5949177	1.5246810706101772
Thermothelomyces_thermophilus	SRR5949178	2.698750587112622
Thermothelomyces_thermophilus	SRR5949179	6.362165188468413
Thermothelomyces_thermophilus	SRR5949180	1.0726668426550856
Thermothelomyces_thermophilus	SRR5949181	2.1276122739544747
Thermothelomyces_thermophilus	SRR5949182	2.2094197486743457
Thermothelomyces_thermophilus	SRR5949183	3.5797197263206715
Thermothelomyces_thermophilus	SRR5949184	3.531396092411073
Thermothelomyces_thermophilus	SRR5949185	2.4079949334039883
Thermothelomyces_thermophilus	SRR5949186	2.5502179388875668
Thermothelomyces_thermophilus	SRR5949187	0.666461242584579
Thermothelomyces_thermophilus	SRR5949188	1.681916469352377
Thermothelomyces_thermophilus	SRR5949189	2.6999868827886444
Thermothelomyces_thermophilus	SRR5949190	2.6624032432239204
Thermothelomyces_thermophilus	SRR5949191	0.8330765532307236
Thermothelomyces_thermophilus	SRR5949192	2.945892998232461
Thermothelomyces_thermophilus	SRR5949193	3.1313909045865564
Thermothelomyces_thermophilus	SRR5949194	2.204245643107566
Thermothelomyces_thermophilus	SRR5949195	2.940595241925754
Thermothelomyces_thermophilus	SRR5949196	3.576791780052925
Thermothelomyces_thermophilus	SRR5949197	194.65095001456595
Thermothelomyces_thermophilus	SRR5949198	4.45349385652844
Thermothelomyces_thermophilus	SRR5949199	2.648547069308304
Thermothelomyces_thermophilus	SRR5949200	2.228869143758175
Thermothelomyces_thermophilus	SRR5949201	1.4616231046041357
Thermothelomyces_thermophilus	SRR5949202	5.836362256018393
Thermothelomyces_thermophilus	SRR5949203	2.957869364511498
Thermothelomyces_thermophilus	SRR5949204	1.1831477458045991
Thermothelomyces_thermophilus	SRR5949205	2.228869143758175
Thermothelomyces_thermophilus	SRR5949206	1.7496927159402649
Thermothelomyces_thermophilus	SRR5949207	6.512689903046725
Thermothelomyces_thermophilus	SRR5949208	0.7952706485585517
Thermothelomyces_thermophilus	SRR5949209	1.4433957151583017
Thermothelomyces_thermophilus	SRR5949210	3.0493621412203544
Thermothelomyces_thermophilus	SRR5949211	3.191418410931712
Thermothelomyces_thermophilus	SRR5949212	2.6999868827886444
Thermothelomyces_thermophilus	SRR5949213	1.4729464991162304
Thermothelomyces_thermophilus	SRR5949214	1.2039974667019941
Thermothelomyces_thermophilus	SRR5949215	1.4729464991162304
Thermothelomyces_thermophilus	SRR5949216	2.648547069308304
Thermothelomyces_thermophilus	SRR5949217	0.6503257781914408
Thermothelomyces_thermophilus	SRR5949218	1.4446620378045294
Thermothelomyces_thermophilus	SRR5949219	2.6999868827886444
Thermothelomyces_thermophilus	SRR5949220	1.016317181203918
Thermothelomyces_thermophilus	SRR5949221	1.410414849432174
Thermothelomyces_thermophilus	SRR5949222	1.410414849432174
Thermothelomyces_thermophilus	SRR5949223	14.091259070639502
Thermothelomyces_thermophilus	SRR5949224	1.5077896808132083
Thermothelomyces_thermophilus	SRR5949225	5.5721728593954385
Thermothelomyces_thermophilus	SRR5949226	8.42798226691396
Thermothelomyces_thermophilus	SRR5949227	1.9113668497930991
Thermothelomyces_thermophilus	SRR5949228	1.4694970954050437
Thermothelomyces_thermophilus	SRR5949229	1.3997541727522118
Thermothelomyces_thermophilus	SRR5949230	9.711339254130449
Thermothelomyces_thermophilus	SRR5949231	4.691377450815093
Thermothelomyces_thermophilus	SRR5949232	2.820829698864348
Thermothelomyces_thermophilus	SRR5949233	0.5961319633421541
Thermothelomyces_thermophilus	SRR5949234	6.195962485280224
Thermothelomyces_thermophilus	SRR5949235	3.3617096653188963
Thermothelomyces_thermophilus	SRR5949236	1.5246810706101772
Thermothelomyces_thermophilus	SRR5949237	2.436171103564664
Thermothelomyces_thermophilus	SRR5949238	2.6999868827886444
Thermothelomyces_thermophilus	SRR5949239	38.03634440257352
Thermothelomyces_thermophilus	SRR5949240	2.9232462092082714
Thermothelomyces_thermophilus	SRR5949241	1.6281724757616813
Thermothelomyces_thermophilus	SRR5949242	3.568110726359012
Thermothelomyces_thermophilus	SRR5949243	1.688895882293434
Thermothelomyces_thermophilus	SRR5949244	1.4729464991162304
Thermothelomyces_thermophilus	SRR5949245	1.0437969681955186
Thermothelomyces_thermophilus	SRR5949246	2.2820599227633602
Thermothelomyces_thermophilus	SRR5949247	8.140862378808407
Thermothelomyces_thermophilus	SRR5949248	2.4079949334039883
Thermothelomyces_thermophilus	SRR5949249	9.851892646711697
Thermothelomyces_thermophilus	SRR5949250	1.816966467211337
Thermothelomyces_thermophilus	SRR5949251	0.7818239120831351
Thermothelomyces_thermophilus	SRR5949252	0.8404274163297241
Thermothelomyces_thermophilus	SRR5949253	1.410414849432174
Thermothelomyces_thermophilus	SRR5949254	0.5961319633421541
Thermothelomyces_thermophilus	SRR5949255	1.8556315133032872
Thermothelomyces_thermophilus	SRR5949256	5.821840519962596
Thermothelomyces_thermophilus	SRR5949257	2.9689959043522935
Thermothelomyces_thermophilus	SRR5949258	1.9454540853394646
Thermothelomyces_thermophilus	SRR5949259	1.795628335251015
Thermothelomyces_thermophilus	SRR5949260	3.890908170678929
Thermothelomyces_thermophilus	SRR5949261	1.5905412971171033
Thermothelomyces_thermophilus	SRR5949262	2.3787404842393407
Thermothelomyces_thermophilus	SRR5949263	0.2654676180268194
Thermothelomyces_thermophilus	SRR5949264	1.7633965144860528
Thermothelomyces_thermophilus	SRR5949265	1.1727358681247027
Thermothelomyces_thermophilus	SRR5949266	2.9232462092082714
Thermothelomyces_thermophilus	SRR5949267	2.198902835302834
Thermothelomyces_thermophilus	SRR5949268	1.6808548326594481
Thermothelomyces_thermophilus	SRR5949269	2.1170329163500345
Thermothelomyces_thermophilus	SRR5949270	1.681916469352377
Thermothelomyces_thermophilus	SRR5949271	2.648547069308304
Thermothelomyces_thermophilus	SRR5949272	6.362165188468413
Thermothelomyces_thermophilus	SRR5949273	1.6808548326594481
Thermothelomyces_thermophilus	SRR5949274	0.5082270235367257
Thermothelomyces_thermophilus	SRR5949275	0.8269528237096616
Thermothelomyces_thermophilus	SRR5949276	1.1922639266843083
Thermothelomyces_thermophilus	SRR5949277	230.42589244727918
Thermothelomyces_thermophilus	SRR5949278	2.343567495520126
Thermothelomyces_thermophilus	SRR5949279	1.5246810706101772
Thermothelomyces_thermophilus	SRR5949280	13.380415223846294
Thermothelomyces_thermophilus	SRR5949281	1.1362875416189142
Thermothelomyces_thermophilus	SRR5949282	3.6050188783841817
Thermothelomyces_thermophilus	SRR5949283	3.711244880440367
Thermothelomyces_thermophilus	SRR5949284	2.9689959043522935
Thermothelomyces_thermophilus	SRR5949285	1.5656954522932782
Thermothelomyces_thermophilus	SRR5949286	0.7699372584878164
Thermothelomyces_thermophilus	SRR5949287	2.1276122739544747
Thermothelomyces_thermophilus	SRR5949288	1.0700582752140462
Thermothelomyces_thermophilus	SRR5949289	2.457045341086506
Thermothelomyces_thermophilus	SRR5949290	1.816966467211337
Thermothelomyces_thermophilus	SRR5949291	6.362165188468413
Thermothelomyces_thermophilus	SRR5949292	1.0700582752140462
Thermothelomyces_thermophilus	SRR5949293	2.228869143758175
Thermothelomyces_thermophilus	SRR5949294	1.5470052683647897
Thermothelomyces_thermophilus	SRR5949295	1.2170708201340465
Thermothelomyces_thermophilus	SRR5949296	0.38117026765254436
Thermothelomyces_thermophilus	SRR5949297	3.633932934422674
Thermothelomyces_thermophilus	SRR5949298	1.6281724757616813
Thermothelomyces_thermophilus	SRR5949299	1.4407327137080983
Thermothelomyces_thermophilus	SRR5949300	5.277263882846229
Thermothelomyces_thermophilus	SRR5949301	1.6938619686731966
Thermothelomyces_thermophilus	SRR5949302	1.410414849432174
Thermothelomyces_thermophilus	SRR5949303	93.66290656692406
Thermothelomyces_thermophilus	SRR5949304	1.4433957151583017
Thermothelomyces_thermophilus	SRR5949305	1.1526164970476824
Thermothelomyces_thermophilus	SRR5949306	1.1644019924107643
Thermothelomyces_thermophilus	SRR5949307	4.056902733780154
Thermothelomyces_thermophilus	SRR5949308	0.8247847446242914
Thermothelomyces_thermophilus	SRR5949309	1.4844979521761468
Thermothelomyces_thermophilus	SRR5949310	0.4729436050800497
Thermothelomyces_thermophilus	SRR5949311	0.42021370816486203
Thermothelomyces_thermophilus	SRR5949312	1.1526164970476822
Thermothelomyces_thermophilus	SRR5949313	5.042564497978344
Thermothelomyces_thermophilus	SRR5949314	2.386479817547114
Thermothelomyces_thermophilus	SRR5949315	2.885828825737523
Thermothelomyces_thermophilus	SRR5949316	0.8785102617673852
Thermothelomyces_thermophilus	SRR5949317	3.5260371235804353
Thermothelomyces_thermophilus	SRR5949318	4.948708467745748
Thermothelomyces_thermophilus	SRR5949319	1.6938619686731966
Thermothelomyces_thermophilus	SRR5949320	1.816966467211337
Thermothelomyces_thermophilus	SRR5949321	2.4079949334039883
Thermothelomyces_thermophilus	SRR5949322	1.0313368455765264
Thermothelomyces_thermophilus	SRR5949323	4.2906673706203415
Thermothelomyces_thermophilus	SRR5949324	2.204245643107566
Thermothelomyces_thermophilus	SRR5949325	2.6999868827886444
Thermothelomyces_thermophilus	SRR5949326	2.6999868827886444
Thermothelomyces_thermophilus	SRR5949327	0.8978141676255075
Thermothelomyces_thermophilus	SRR5949328	3.851468232687761
Thermothelomyces_thermophilus	SRR5949329	3.1793704711581547
Thermothelomyces_thermophilus	SRR5949330	7.05207424716087
Thermothelomyces_thermophilus	SRR5949331	1.7991670580750814
Thermothelomyces_thermophilus	SRR5949332	1.3242735346541523
Thermothelomyces_thermophilus	SRR5949333	0.8316915028517996
Thermothelomyces_thermophilus	SRR5949334	1.5656954522932782
Thermothelomyces_thermophilus	SRR5949335	11.36287541618914
Thermothelomyces_thermophilus	SRR5949336	1.410414849432174
Thermothelomyces_thermophilus	SRR5949337	1.0821858096515713
Thermothelomyces_thermophilus	SRR5949338	2.1643716193031426
Thermothelomyces_thermophilus	SRR5949339	1.548990621320056
Thermothelomyces_thermophilus	SRR5949340	1.816966467211337
Thermothelomyces_thermophilus	SRR5949341	0.7538948404066041
Thermothelomyces_thermophilus	SRR5949342	1.6281724757616813
Thermothelomyces_thermophilus	SRR5949343	1.492572923067803
Thermothelomyces_thermophilus	SRR5949344	3.4102922046767348
Thermothelomyces_thermophilus	SRR5949345	3.6119924001059824
Thermothelomyces_thermophilus	SRR5949346	4.815989866807977
Thermothelomyces_thermophilus	SRR5949347	11.410038938756685
Thermothelomyces_thermophilus	SRR5949348	3.9043275061524594
Thermothelomyces_thermophilus	SRR5949349	1.700145292591711
Thermothelomyces_thermophilus	SRR5949350	1.795628335251015
Thermothelomyces_thermophilus	SRR5949351	0.8748463579701324
Thermothelomyces_thermophilus	SRR5949352	1.6206807080942467
Thermothelomyces_thermophilus	SRR5949353	1.681916469352377
Thermothelomyces_thermophilus	SRR5949354	2.2215374752819295
Thermothelomyces_thermophilus	SRR5949355	7.008345115908032
Thermothelomyces_thermophilus	SRR5949356	1.6539056474193228
Thermothelomyces_thermophilus	SRR5949357	1.6539056474193228
Thermothelomyces_thermophilus	SRR5949358	0.9282031610188739
Thermothelomyces_thermophilus	SRR5949359	0.9118338316947749
Thermothelomyces_thermophilus	SRR5949360	0.9896653014507644
Thermothelomyces_thermophilus	SRR5949361	6.9987708637610595
Thermothelomyces_thermophilus	SRR5949362	2.228869143758175
Thermothelomyces_thermophilus	SRR5949363	3.2101748256421385
Thermothelomyces_thermophilus	SRR5949364	1.7020898191635796
Thermothelomyces_thermophilus	SRR5949365	4.7325909832183966
Thermothelomyces_thermophilus	SRR5949366	0.9703067533270994
Thermothelomyces_thermophilus	SRR5949367	2.2725750832378284
Thermothelomyces_thermophilus	SRR5949368	1.1727358681247024
Thermothelomyces_thermophilus	SRR5949369	5.72286684808468
Thermothelomyces_thermophilus	SRR5949370	6.362165188468413
Thermothelomyces_thermophilus	SRR5949371	5.042564497978344
Thermothelomyces_thermophilus	SRR5949372	1.410414849432174
Thermothelomyces_thermophilus	SRR5949373	2.1276122739544747
Thermothelomyces_thermophilus	SRR5949374	2.0461753228060413
Thermothelomyces_thermophilus	SRR5949375	1.1362875416189142
Thermothelomyces_thermophilus	SRR5949376	2.145333685310171
Thermothelomyces_thermophilus	SRR5949377	11.026037649462152
Thermothelomyces_thermophilus	SRR5949378	1.816966467211337
Thermothelomyces_thermophilus	SRR5949379	2.823103281121994
Thermothelomyces_thermophilus	SRR5949380	0.9101746903776664
Thermothelomyces_thermophilus	SRR5949381	1.1526164970476824
Thermothelomyces_thermophilus	SRR5949382	12.093965594165587
Thermothelomyces_thermophilus	SRR5949383	3.3078112948386456
Thermothelomyces_thermophilus	SRR5949384	2.6999868827886444
Thermothelomyces_thermophilus	SRR5949385	1.3961572343493134
Thermothelomyces_thermophilus	SRR5949386	3.59125667050203
Thermothelomyces_thermophilus	SRR5949387	3.9820142704022907
Thermothelomyces_thermophilus	SRR5949388	4.769055706737233
Thermothelomyces_thermophilus	SRR5949389	2.204245643107566
Thermothelomyces_thermophilus	SRR5949390	1.5928057081609164
Thermothelomyces_thermophilus	SRR5949391	8.978141676255074
Thermothelomyces_thermophilus	SRR5949392	1.9637976215095927
Thermothelomyces_thermophilus	SRR5949393	0.7735026341823948
Thermothelomyces_thermophilus	SRR5949394	1.1526164970476824
Thermothelomyces_thermophilus	SRR5949395	7.9640285408045814
Thermothelomyces_thermophilus	SRR5949396	0.7623405353050886
Thermothelomyces_thermophilus	SRR5949397	2.1401165504280923
Thermothelomyces_thermophilus	SRR5949398	0.781823912083135
Thermothelomyces_thermophilus	SRR5949399	3.4903930858732832
Thermothelomyces_thermophilus	SRR5949400	3.400290585183422
Thermothelomyces_thermophilus	SRR5949401	1.3242735346541523
Thermothelomyces_thermophilus	SRR5949402	0.7422489760880734
Thermothelomyces_thermophilus	SRR5949403	1.9637976215095927
Thermothelomyces_thermophilus	SRR5949404	1.4281312341098118
Thermothelomyces_thermophilus	SRR5949405	25.38746728977913
Thermothelomyces_thermophilus	SRR5949406	14.07413235244528
Thermothelomyces_thermophilus	SRR5949407	4.231244548296522
Thermothelomyces_thermophilus	SRR5949408	1.11337346413211
Thermothelomyces_thermophilus	SRR5949409	1.6808548326594481
Thermothelomyces_thermophilus	SRR5949410	1.784055363179506
Thermothelomyces_thermophilus	SRR5949411	1.5246810706101772
Thermothelomyces_thermophilus	SRR5949412	0.6545992071698643
Thermothelomyces_thermophilus	SRR5949413	1.6938619686731966
Thermothelomyces_thermophilus	SRR5949414	1.9406135066541987
Thermothelomyces_thermophilus	SRR5949415	0.82543024334758
Thermothelomyces_thermophilus	SRR5949416	0.24318176066743313
Thermothelomyces_thermophilus	SRR5949417	1.6281724757616813
Thermothelomyces_thermophilus	SRR5949418	1.4844979521761468
Thermothelomyces_thermophilus	SRR5949419	1.4104148494321738
Thermothelomyces_thermophilus	SRR5949420	2.323485931980084
Thermothelomyces_thermophilus	SRR5949421	1.049815629564159
Thermothelomyces_thermophilus	SRR5949422	3.2101748256421385
Thermothelomyces_thermophilus	SRR5949423	1.5656954522932782
Thermothelomyces_thermophilus	SRR5949424	1.681916469352377
Thermothelomyces_thermophilus	SRR5949425	1.2224063396807556
Thermothelomyces_thermophilus	SRR5949426	2.385811945675655
Thermothelomyces_thermophilus	SRR5949427	1.6281724757616813
Thermothelomyces_thermophilus	SRR5949428	2.945892998232461
Thermothelomyces_thermophilus	SRR5949429	1.6938619686731966
Thermothelomyces_thermophilus	SRR5949430	1.4616231046041364
Thermothelomyces_thermophilus	SRR5949431	1.2039974667019941
Thermothelomyces_thermophilus	SRR5949432	18.136553997598998
Thermothelomyces_thermophilus	SRR5949433	1.0638061369772374
Thermothelomyces_thermophilus	SRR5949434	2.945892998232461
Thermothelomyces_thermophilus	SRR5949435	2.699986882788644
Thermothelomyces_thermophilus	SRR5949436	2.1401165504280923
Thermothelomyces_thermophilus	SRR5949437	2.86143342404234
Thermothelomyces_thermophilus	SRR5949438	2.1276122739544747
Thermothelomyces_thermophilus	SRR5949439	2.384527853368616
Thermothelomyces_thermophilus	SRR5949440	4.9617169422579686
Thermothelomyces_thermophilus	SRR5949441	1.4616231046041357
Thermothelomyces_thermophilus	SRR5949442	14.846125403237245
Thermothelomyces_thermophilus	SRR5949443	0.5309352360536388
Thermothelomyces_thermophilus	SRR5949444	2.070647420609191
Thermothelomyces_thermophilus	SRR5949445	1.6808548326594481
Thermothelomyces_thermophilus	SRR5949446	1.795628335251015
Thermothelomyces_thermophilus	SRR5949447	1.1727358681247024
Thermothelomyces_thermophilus	SRR5949448	28.58573685893684
Thermothelomyces_thermophilus	SRR5949449	2.2725750832378284
Thermothelomyces_thermophilus	SRR5949450	2.099631259128318
Thermothelomyces_thermophilus	SRR5949451	0.5495990445460316
Thermothelomyces_thermophilus	SRR5949452	4.641015805094369
Thermothelomyces_thermophilus	SRR5949453	1.4616231046041357
Thermothelomyces_thermophilus	SRR5949454	1.4729464991162304
Thermothelomyces_thermophilus	SRR5949455	1.1107687376409647
Thermothelomyces_thermophilus	SRR5949456	2.6999868827886444
Thermothelomyces_thermophilus	SRR5949457	3.3078112948386456
Thermothelomyces_thermophilus	SRR5949458	1.2039974667019941
Thermothelomyces_thermophilus	SRR5949459	1.2211293568212611
Thermothelomyces_thermophilus	SRR5949460	1.1144345718790876
Thermothelomyces_thermophilus	SRR5949461	1.1727358681247024
Thermothelomyces_thermophilus	SRR5949462	3.1810825942342067
Thermothelomyces_thermophilus	SRR5949463	2.454910831860384
Thermothelomyces_thermophilus	SRR5949464	1.099451417651417
Thermothelomyces_thermophilus	SRR5949465	2.10106854082431
Thermothelomyces_thermophilus	SRR5949466	1.228522670543253
Thermothelomyces_thermophilus	SRR5949467	1.0700582752140462
Thermothelomyces_thermophilus	SRR5949468	1.1727358681247024
Thermothelomyces_thermophilus	SRR5949469	0.5218984840977593
Thermothelomyces_thermophilus	SRR5949470	1.7898598631603357
Thermothelomyces_thermophilus	SRR5949471	17.956283352510148
Thermothelomyces_thermophilus	SRR5949472	4.111351369528032
Thermothelomyces_thermophilus	SRR5949473	0.3230977887456875
Thermothelomyces_thermophilus	SRR5949474	3.59125667050203
Thermothelomyces_thermophilus	SRR5949475	1.7051461023383674
Thermothelomyces_thermophilus	SRR5949476	3.1313909045865564
Thermothelomyces_thermophilus	SRR5949477	1.6808548326594481
Thermothelomyces_thermophilus	SRR5949478	2.5783421139413156
Thermothelomyces_thermophilus	SRR5949479	9.084832336056685
Thermothelomyces_thermophilus	SRR5949480	2.474354233872874
Thermothelomyces_thermophilus	SRR5949481	3.2536563009626485
Thermothelomyces_thermophilus	SRR5949482	2.2094197486743457
Thermothelomyces_thermophilus	SRR5949483	19.820853917932304
Thermothelomyces_thermophilus	SRR5949484	4.772959635094228
Thermothelomyces_thermophilus	SRR5949485	2.9689959043522935
Thermothelomyces_thermophilus	SRR5949486	1.1922639266843083
Thermothelomyces_thermophilus	SRR5949487	1.1026037649462153
Thermothelomyces_thermophilus	SRR5949488	2.860444913746895
Thermothelomyces_thermophilus	SRR5949489	2.699986882788644
Thermothelomyces_thermophilus	SRR5949490	3.343303715637263
Thermothelomyces_thermophilus	SRR5949491	1.130842260609906
Thermothelomyces_thermophilus	SRR5949492	1.102122821553783
Thermothelomyces_thermophilus	SRR5949493	1.6539056474193232
Thermothelomyces_thermophilus	SRR5949494	1.816966467211337
Thermothelomyces_thermophilus	SRR5949495	2.024062940334467
Thermothelomyces_thermophilus	SRR5949496	1.6938619686731962
Thermothelomyces_thermophilus	SRR5949497	2.7362385647797787
Thermothelomyces_thermophilus	SRR5949498	3.6119924001059824
Thermothelomyces_thermophilus	SRR5949499	3.265895494787524
Thermothelomyces_thermophilus	SRR5949500	1.3446838661275586
Thermothelomyces_thermophilus	SRR5949501	2.8629743348107866
Thermothelomyces_thermophilus	SRR5949502	2.1609076107923286
Thermothelomyces_thermophilus	SRR5949503	2.648547069308304
Thermothelomyces_thermophilus	SRR5949504	2.4422587136425222
Thermothelomyces_thermophilus	SRR5949505	1.700145292591711
Thermothelomyces_thermophilus	SRR5949506	2.198902835302834
Thermothelomyces_thermophilus	SRR5949507	1.9454540853394646
Thermothelomyces_thermophilus	SRR5949508	1.6808548326594481
Thermothelomyces_thermophilus	SRR5949509	16.329477473937615
Thermothelomyces_thermophilus	SRR5949510	11.254732420376342
Thermothelomyces_thermophilus	SRR5949511	3.2563449515233627
Thermothelomyces_thermophilus	SRR5949512	0.5681437708094571
Thermothelomyces_thermophilus	SRR5949513	2.145333685310171
Thermothelomyces_thermophilus	SRR5949514	4.646971863960168
Thermothelomyces_thermophilus	SRR5949515	1.2039974667019941
Thermothelomyces_thermophilus	SRR5949516	1.5905412971171033
Thermothelomyces_thermophilus	SRR5949517	6.846179768290081
Thermothelomyces_thermophilus	SRR5949518	0.819015113695502
Thermothelomyces_thermophilus	SRR5949519	3.0426770503351155
Thermothelomyces_thermophilus	SRR5949520	1.099451417651417
Thermothelomyces_thermophilus	SRR5949521	5.235589628809925
Thermothelomyces_thermophilus	SRR5949522	2.2725750832378284
Thermothelomyces_thermophilus	SRR5949523	4.2222397057335845
Thermothelomyces_thermophilus	SRR5949524	4.697086356879835
Thermothelomyces_thermophilus	SRR5949525	1.6808548326594481
Thermothelomyces_thermophilus	SRR5949526	5.771657651475046
Thermothelomyces_thermophilus	SRR5949527	1.23814536502137
Thermothelomyces_thermophilus	SRR5949528	0.48097147095625403
Thermothelomyces_thermophilus	SRR5949529	2.1401165504280923
Thermothelomyces_thermophilus	SRR5949530	5.1004358777751335
Thermothelomyces_thermophilus	SRR5949531	2.1276122739544743
Thermothelomyces_thermophilus	SRR5949532	1.3493752935563113
Thermothelomyces_thermophilus	SRR5949533	1.700145292591711
Thermothelomyces_thermophilus	SRR5949534	1.5077896808132083
Thermothelomyces_thermophilus	SRR5949535	1.6808548326594481
Thermothelomyces_thermophilus	SRR5949536	3.493104311977558
Thermothelomyces_thermophilus	SRR5949537	15.71038097207674
Thermothelomyces_thermophilus	SRR5949538	2.228869143758175
Thermothelomyces_thermophilus	SRR5949539	1.9637976215095931
Thermothelomyces_thermophilus	SRR5949540	2.5972459431637707
Thermothelomyces_thermophilus	SRR5949541	1.099451417651417
Thermothelomyces_thermophilus	SRR5949542	4.418839497348691
Thermothelomyces_thermophilus	SRR5949543	4.056902733780155
Thermothelomyces_thermophilus	SRR5949544	1.9454540853394646
Thermothelomyces_thermophilus	SRR5949545	0.7828477261466391
Thermothelomyces_thermophilus	SRR5949546	0.5363334213275428
Thermothelomyces_thermophilus	SRR5949547	2.1276122739544747
Thermothelomyces_thermophilus	SRR5949548	2.43603850767356
Thermothelomyces_thermophilus	SRR5949549	1.56364782416627
Thermothelomyces_thermophilus	SRR5949550	1.099451417651417
Thermothelomyces_thermophilus	SRR5949551	1.099451417651417
Thermothelomyces_thermophilus	SRR5949552	3.097981242640112
Thermothelomyces_thermophilus	SRR5949553	1.8025094391920908
Thermothelomyces_thermophilus	SRR5949554	1.9454540853394646
Thermothelomyces_thermophilus	SRR5949555	1.0804538053961643
Thermothelomyces_thermophilus	SRR5949556	8.510449095817899
Thermothelomyces_thermophilus	SRR5949557	3.752754777999048
Thermothelomyces_thermophilus	SRR5949558	4.697086356879835
Thermothelomyces_thermophilus	SRR5949559	1.3961572343493132
Thermothelomyces_thermophilus	SRR5949560	1.0700582752140462
Thermothelomyces_thermophilus	SRR5949561	2.2725750832378284
Thermothelomyces_thermophilus	SRR5949562	0.9007466028060084
Thermothelomyces_thermophilus	SRR5949563	4.61046598819073
Thermothelomyces_thermophilus	SRR5949564	27.88933790903223
Thermothelomyces_thermophilus	SRR5949565	4.239588423493119
Thermothelomyces_thermophilus	SRR5949566	0.7828477261466391
Thermothelomyces_thermophilus	SRR5949567	6.362165188468413
Thermothelomyces_thermophilus	SRR5949568	0.7735026341823948
Thermothelomyces_thermophilus	SRR5949569	2.028451366890077
Thermothelomyces_thermophilus	SRR5949570	5.309352360536387
Thermothelomyces_thermophilus	SRR5949571	1.5656954522932782
Thermothelomyces_thermophilus	SRR5949572	8.096251761337866
Thermothelomyces_thermophilus	SRR5949573	2.305232994095365
Thermothelomyces_thermophilus	SRR5949574	1.5077896808132083
Thermothelomyces_thermophilus	SRR5949575	10.313368455765263
Thermothelomyces_thermophilus	SRR5949576	0.82543024334758
Thermothelomyces_thermophilus	SRR5949577	1.784055363179506
Thermothelomyces_thermophilus	SRR5949578	9.543247782702622
Thermothelomyces_thermophilus	SRR5949579	1.2969693902263097
Thermothelomyces_thermophilus	SRR5949580	4.255224547908949
Thermothelomyces_thermophilus	SRR5949581	1.0326604142133704
Thermothelomyces_thermophilus	SRR5949582	3.0426770503351155
Thermothelomyces_thermophilus	SRR5949583	3.1313909045865564
Thermothelomyces_thermophilus	SRR5949584	108.80929872586951
Thermothelomyces_thermophilus	SRR5949585	2.0461753228060413
Thermothelomyces_thermophilus	SRR5949586	1.681916469352377
Thermothelomyces_thermophilus	SRR5949587	6.298893777384954
Thermothelomyces_thermophilus	SRR5949588	1.228522670543253
Thermothelomyces_thermophilus	SRR5949589	2.1276122739544747
Thermothelomyces_thermophilus	SRR5949590	1.6539056474193228
Thermothelomyces_thermophilus	SRR5949591	1.410414849432174
Thermothelomyces_thermophilus	SRR5949592	1.1526164970476824
Thermothelomyces_thermophilus	SRR5949593	3.3078112948386456
Thermothelomyces_thermophilus	SRR5949594	1.130842260609906
Thermothelomyces_thermophilus	SRR5949595	1.0726668426550856
Thermothelomyces_thermophilus	SRR5949596	2.945892998232461
Thermothelomyces_thermophilus	SRR5949597	2.6999868827886444
Thermothelomyces_thermophilus	SRR5949598	4.146421622236322
Thermothelomyces_thermophilus	SRR5949599	3.2991389784971656
Thermothelomyces_thermophilus	SRR5949600	3.5228147676598756
Thermothelomyces_thermophilus	SRR5949601	1.5905412971171033
Thermothelomyces_thermophilus	SRR5949602	3.5182076043741075
Thermothelomyces_thermophilus	SRR5949603	1.2937423377694657
Thermothelomyces_thermophilus	SRR5949604	5.08158590601959
Thermothelomyces_thermophilus	SRR5949605	1.2978331908652405
Thermothelomyces_thermophilus	SRR5949606	1.1643681039925193
Thermothelomyces_thermophilus	SRR5949607	1.4184081826363162
Thermothelomyces_thermophilus	SRR5949608	2.5972459431637716
Thermothelomyces_thermophilus	SRR5950246	3.246557428954714
Thermothelomyces_thermophilus	SRR5950247	1.0618704721072774
Thermothelomyces_thermophilus	SRR5950248	0.43988519713295526
Thermothelomyces_thermophilus	SRR5950249	1.6495694892485828
Thermothelomyces_thermophilus	SRR5950250	1.7496927159402649
Thermothelomyces_thermophilus	SRR5950251	0.8469309843365983
Thermothelomyces_thermophilus	SRR5950252	0.8409582346761885
Thermothelomyces_thermophilus	SRR5950253	3.1793704711581547
Thermothelomyces_thermophilus	SRR5950254	1.446844700762458
Thermothelomyces_thermophilus	SRR5950255	3.2991389784971656
Thermothelomyces_thermophilus	SRR5950256	3.1313909045865564
Thermothelomyces_thermophilus	SRR5950257	1.3196555913988663
Thermothelomyces_thermophilus	SRR5950258	1.228522670543253
Thermothelomyces_thermophilus	SRR5950259	0.5513018824731076
Thermothelomyces_thermophilus	SRR5950260	1.5928057081609162
Thermothelomyces_thermophilus	SRR5950261	1.410414849432174
Thermothelomyces_thermophilus	SRR5950262	1.23814536502137
Thermothelomyces_thermophilus	SRR5950263	3.1313909045865564
Thermothelomyces_thermophilus	SRR5950264	1.9637976215095927
Thermothelomyces_thermophilus	SRR5950265	4.134764118548308
Thermothelomyces_thermophilus	SRR5950266	0.8404274163297241
Thermothelomyces_thermophilus	SRR5950267	3.6186952339516996
Thermothelomyces_thermophilus	SRR5950268	3.936808610865597
Thermothelomyces_thermophilus	SRR5950269	1.022777064663049
Thermothelomyces_thermophilus	SRR5950270	1.623278714477357
Thermothelomyces_thermophilus	SRR5950271	2.145333685310171
Thermothelomyces_thermophilus	SRR5950272	4.290667370620342
Thermothelomyces_thermophilus	SRR5950273	0.47690557067372336
Thermothelomyces_thermophilus	SRR5950274	4.384869313812408
Thermothelomyces_thermophilus	SRR5950275	1.6808548326594481
Thermothelomyces_thermophilus	SRR5950276	2.258482624897595
Thermothelomyces_thermophilus	SRR5950277	9.630524476926416
Thermothelomyces_thermophilus	SRR5950278	1.6301153455895272
Thermothelomyces_thermophilus	SRR5950279	1.099451417651417
Thermothelomyces_thermophilus	SRR5950280	0.42346549216829915
Thermothelomyces_thermophilus	SRR5950281	1.130842260609906
Thermothelomyces_thermophilus	SRR5950282	1.681916469352377
Thermothelomyces_thermophilus	SRR5950283	2.198902835302834
Thermothelomyces_thermophilus	SRR5950284	1.681916469352377
Thermothelomyces_thermophilus	SRR5950285	7.326776140927566
Thermothelomyces_thermophilus	SRR5950286	2.261684521219812
Thermothelomyces_thermophilus	SRR5950287	6.362165188468413
Thermothelomyces_thermophilus	SRR5950288	6.190726825106851
Thermothelomyces_thermophilus	SRR5950289	1.2039974667019941
Thermothelomyces_thermophilus	SRR5950290	1.6938619686731966
Thermothelomyces_thermophilus	SRR5950291	1.3633211118146602
Thermothelomyces_thermophilus	SRR5950292	3.1810825942342067
Thermothelomyces_thermophilus	SRR5950293	4.899139604632741
Thermothelomyces_thermophilus	SRR5950294	7.308115523020679
Thermothelomyces_thermophilus	SRR5950295	1.23814536502137
Thermothelomyces_thermophilus	SRR5950296	1.5775303277394654
Thermothelomyces_thermophilus	SRR5950297	1.6495694892485828
Thermothelomyces_thermophilus	SRR5950298	0.8316915028517996
Thermothelomyces_thermophilus	SRR5950299	1.6495694892485828
Thermothelomyces_thermophilus	SRR5950300	0.8995835290375408
Thermothelomyces_thermophilus	SRR5950301	4.341793268697817
Thermothelomyces_thermophilus	SRR5950302	1.6495694892485828
Thermothelomyces_thermophilus	SRR5950303	2.820829698864348
Thermothelomyces_thermophilus	SRR5950304	1.1922639266843083
Thermothelomyces_thermophilus	SRR5950305	1.5656954522932782
Thermothelomyces_thermophilus	SRR5950306	9.38188694499762
Thermothelomyces_thermophilus	SRR5950307	5.790996215323783
Thermothelomyces_thermophilus	SRR5950308	6.188021073459159
Thermothelomyces_thermophilus	SRR5950309	2.3892085622413743
Thermothelomyces_thermophilus	SRR5950310	4.45349385652844
Thermothelomyces_thermophilus	SRR5950311	1.0997129928323883
Thermothelomyces_thermophilus	SRR5950312	1.700145292591711
Thermothelomyces_thermophilus	SRR5950313	0.4550873451888332
Thermothelomyces_thermophilus	SRR5950314	5.1004358777751335
Thermothelomyces_thermophilus	SRR5950315	0.39142386307331956
Thermothelomyces_thermophilus	SRR5950316	1.4844979521761468
Thermothelomyces_thermophilus	SRR5950317	1.23814536502137
Thermothelomyces_thermophilus	SRR5950318	0.8934710331223658
Thermothelomyces_thermophilus	SRR5950319	1.5656954522932782
Thermothelomyces_thermophilus	SRR5950320	7.05207424716087
Thermothelomyces_thermophilus	SRR5950321	1.4997366136630843
Thermothelomyces_thermophilus	SRR5950322	0.8500726462958555
Thermothelomyces_thermophilus	SRR5950323	0.8978141676255075
Thermothelomyces_thermophilus	SRR5950324	1.5077896808132079
Thermothelomyces_thermophilus	SRR5950325	1.6539056474193228
Thermothelomyces_thermophilus	SRR5950326	2.648547069308304
Thermothelomyces_thermophilus	SRR5950327	0.7422489760880734
Thermothelomyces_thermophilus	SRR5950328	4.564015575502674
Thermothelomyces_thermophilus	SRR5950329	10.704332179077035
Thermothelomyces_thermophilus	SRR5950330	0.8525730511691838
Thermothelomyces_thermophilus	SRR5950331	2.1609076107923286
Thermothelomyces_thermophilus	SRR5950332	5.297094138616609
Thermothelomyces_thermophilus	SRR5950333	1.5775303277394654
Thermothelomyces_thermophilus	SRR5950334	1.2113109781408913
Thermothelomyces_thermophilus	SRR5950335	4.45773828751635
Thermothelomyces_thermophilus	SRR5950336	2.258482624897595
Thermothelomyces_thermophilus	SRR5950337	0.7052074247160871
Thermothelomyces_thermophilus	SRR5950338	1.5656954522932782
Thermothelomyces_thermophilus	SRR5950339	1.6938619686731966
Thermothelomyces_thermophilus	SRR5950340	0.82543024334758
Thermothelomyces_thermophilus	SRR5950341	2.198902835302834
Thermothelomyces_thermophilus	SRR5950342	3.3078112948386456
Thermothelomyces_thermophilus	SRR5950343	2.6999868827886444
Thermothelomyces_thermophilus	SRR5950344	2.6999868827886444
Thermothelomyces_thermophilus	SRR5950345	1.4729464991162304
Thermothelomyces_thermophilus	SRR5950346	0.4736382009908893
Thermothelomyces_thermophilus	SRR5950347	0.9604884758053989
Thermothelomyces_thermophilus	SRR5950348	0.7781816341357859
Thermothelomyces_thermophilus	SRR5950349	1.6819164693523767
Thermothelomyces_thermophilus	SRR5950350	1.8093476169758498
Thermothelomyces_thermophilus	SRR5950351	7.05207424716087
Thermothelomyces_thermophilus	SRR5950352	3.363832938704754
Thermothelomyces_thermophilus	SRR5950353	4.523369042439624
Thermothelomyces_thermophilus	SRR5950354	9.445627054894178
Thermothelomyces_thermophilus	SRR5950355	9.54324778270262
Thermothelomyces_thermophilus	SRR5950356	1.9406135066541987
Thermothelomyces_thermophilus	SRR5950357	1.6808548326594481
Thermothelomyces_thermophilus	SRR5950358	1.3122695369551987
Thermothelomyces_thermophilus	SRR5950359	3.8669096299339936
Thermothelomyces_thermophilus	SRR5950360	13.196555913988663
Thermothelomyces_thermophilus	SRR5950361	2.945892998232461
Thermothelomyces_thermophilus	SRR5950362	6.676677989432124
Thermothelomyces_thermophilus	SRR5950363	8.140862378808407
Thermothelomyces_thermophilus	SRR5950364	1.4729464991162304
Thermothelomyces_thermophilus	SRR5950365	0.8469309843365983
Thermothelomyces_thermophilus	SRR5950366	0.7828477261466391
Thermothelomyces_thermophilus	SRR5950367	1.8169664672113368
Thermothelomyces_thermophilus	SRR5950368	0.9622638101055342
Thermothelomyces_thermophilus	SRR5950369	6.557451596763696
Thermothelomyces_thermophilus	SRR5950370	0.7735026341823948
Thermothelomyces_thermophilus	SRR5950371	0.47325909832183966
Thermothelomyces_thermophilus	SRR5950372	6.01998733350997
Thermothelomyces_thermophilus	SRR5950373	1.6938619686731966
Thermothelomyces_thermophilus	SRR5950374	4.77162389135131
Thermothelomyces_thermophilus	SRR5950375	2.6934425028765223
Thermothelomyces_thermophilus	SRR5950376	1.795628335251015
Thermothelomyces_thermophilus	SRR5950377	2.6999868827886444
Thermothelomyces_thermophilus	SRR5950378	4.697086356879835
Thermothelomyces_thermophilus	SRR5950379	1.2969693902263095
Thermothelomyces_thermophilus	SRR5950380	9.368043983207155
Thermothelomyces_thermophilus	SRR5950381	1.0200871755550267
Thermothelomyces_thermophilus	SRR5950382	4.397805670605668
Thermothelomyces_thermophilus	SRR5950383	0.4909494053773983
Thermothelomyces_thermophilus	SRR5950384	0.6019987333509971
Thermothelomyces_thermophilus	SRR5950385	7.5086678985856
Thermothelomyces_thermophilus	SRR5950386	7.308115523020679
Thermothelomyces_thermophilus	SRR5950387	4.778417124482749
Thermothelomyces_thermophilus	SRR5950388	1.7051461023383674
Thermothelomyces_thermophilus	SRR5950389	6.2442771296064
Thermothelomyces_thermophilus	SRR5950390	3.276060454782008
Thermothelomyces_thermophilus	SRR5950391	7.364732495581152
Thermothelomyces_thermophilus	SRR5950392	1.061267455732603
Thermothelomyces_thermophilus	SRR5950393	2.8867914303166033
Thermothelomyces_thermophilus	SRR5950394	1.411551640560997
Thermothelomyces_thermophilus	SRR5950395	3.9278573309766145
Thermothelomyces_thermophilus	SRR5950396	0.9084832336056685
Thermothelomyces_thermophilus	SRR5950397	10.67276749427124
Thermothelomyces_thermophilus	SRR5950398	1.784055363179506
Thermothelomyces_thermophilus	SRR5950399	2.6245390739103973
Thermothelomyces_thermophilus	SRR5950400	1.052104642225879
Thermothelomyces_thermophilus	SRR5950401	4.231244548296522
Thermothelomyces_thermophilus	SRR5950402	4.255224547908949
Thermothelomyces_thermophilus	SRR5950403	0.6545992071698642
Thermothelomyces_thermophilus	SRR5950404	5.641659397728696
Thermothelomyces_thermophilus	SRR5950405	2.930710456371027
Thermothelomyces_thermophilus	SRR5950406	1.3242735346541523
Thermothelomyces_thermophilus	SRR5950407	4.868283280536186
Thermothelomyces_thermophilus	SRR5950408	3.9774663625785234
Thermothelomyces_thermophilus	SRR5950409	1.4844979521761468
Thermothelomyces_thermophilus	SRR5950410	1.9454540853394646
Thermothelomyces_thermophilus	SRR5950411	0.8995835290375407
Thermothelomyces_thermophilus	SRR5950412	0.4697086356879834
Thermothelomyces_thermophilus	SRR5950413	3.410292204676735
Thermothelomyces_thermophilus	SRR5950414	1.5656954522932782
Thermothelomyces_thermophilus	SRR5950415	4.545150166475657
Thermothelomyces_thermophilus	SRR5950416	1.0726668426550856
Thermothelomyces_thermophilus	SRR5950417	0.593617577418486
Thermothelomyces_thermophilus	SRR5950418	1.700145292591711
Thermothelomyces_thermophilus	SRR5950419	1.1727358681247024
Thermothelomyces_thermophilus	SRR5950420	2.2616845212198124
Thermothelomyces_thermophilus	SRR5950421	1.227455415930192
Thermothelomyces_thermophilus	SRR5950422	1.5470052683647897
Thermothelomyces_thermophilus	SRR5950423	2.3454717362494053
Thermothelomyces_thermophilus	SRR5950424	1.6281724757616813
Thermothelomyces_thermophilus	SRR5950425	1.5246810706101772
Thermothelomyces_thermophilus	SRR5950426	3.3410717445659595
Thermothelomyces_thermophilus	SRR5950427	1.5246810706101772
Thermothelomyces_thermophilus	SRR5950428	1.681916469352377
Thermothelomyces_thermophilus	SRR5950429	0.5246603391810362
Thermothelomyces_thermophilus	SRR5950430	7.098886474827594
Thermothelomyces_thermophilus	SRR5950431	4.476008518638215
Thermothelomyces_thermophilus	SRR5950432	1.5246810706101772
Thermothelomyces_thermophilus	SRR5950433	2.3892085622413743
Thermothelomyces_thermophilus	SRR5950434	1.4729464991162304
Thermothelomyces_thermophilus	SRR5950435	3.298354252954251
Thermothelomyces_thermophilus	SRR5950436	3.568110726359012
Thermothelomyces_thermophilus	SRR5950437	1.9637976215095931
Thermothelomyces_thermophilus	SRR5950438	3.87247655330014
Thermothelomyces_thermophilus	SRR5950439	3.255278922645974
Thermothelomyces_thermophilus	SRR5950440	1.4729464991162304
Thermothelomyces_thermophilus	SRR5950441	2.9917655021771
Thermothelomyces_thermophilus	SRR5950442	6.244193771128271
Thermothelomyces_thermophilus	SRR5950443	0.7079136480715185
Thermothelomyces_thermophilus	SRR5950444	0.7623405353050886
Thermothelomyces_thermophilus	SRR5950445	0.39820142704022915
Thermothelomyces_thermophilus	SRR5950446	6.9259891817700545
Thermothelomyces_thermophilus	SRR5950447	5.429500355802883
Thermothelomyces_thermophilus	SRR5950448	2.09423585152397
Thermothelomyces_thermophilus	SRR5950449	1.4616231046041357
Thermothelomyces_thermophilus	SRR5950450	4.418839497348691
Thermothelomyces_thermophilus	SRR5950451	1.6938619686731966
Thermothelomyces_thermophilus	SRR5950452	1.23814536502137
Thermothelomyces_thermophilus	SRR5950453	9.631979733615953
Thermothelomyces_thermophilus	SRR5950454	4.540366404528522
Thermothelomyces_thermophilus	SRR5950455	5.049765312453239
Thermothelomyces_thermophilus	SRR5950456	1.5246810706101772
Thermothelomyces_thermophilus	SRR5950457	5.386885005753045
Thermothelomyces_thermophilus	SRR5950458	5.891785996464922
Thermothelomyces_thermophilus	SRR5950459	0.882849023102768
Thermothelomyces_thermophilus	SRR5950460	6.048421460578136
Thermothelomyces_thermophilus	SRR5950461	2.1453336853101717
Thermothelomyces_thermophilus	SRR5950462	3.363832938704754
Thermothelomyces_thermophilus	SRR5950463	1.099451417651417
Thermothelomyces_thermophilus	SRR5950464	0.8140862378808407
Thermothelomyces_thermophilus	SRR5950465	1.1727358681247024
Thermothelomyces_thermophilus	SRR5950466	3.1914184109317114
Thermothelomyces_thermophilus	SRR5950467	0.5510614107768915
Thermothelomyces_thermophilus	SRR5950468	1.4616231046041357
Thermothelomyces_thermophilus	SRR5950469	1.7656980462055365
Thermothelomyces_thermophilus	SRR5950470	2.3287362079850387
Thermothelomyces_thermophilus	SRR5963912	1.9637976215095927
Thermothelomyces_thermophilus	SRR5963913	1.0726668426550856
Thermothelomyces_thermophilus	SRR5963914	2.1276122739544747
Thermothelomyces_thermophilus	SRR5963915	9.445627054894178
Thermothelomyces_thermophilus	SRR5963916	1.6808548326594481
Thermothelomyces_thermophilus	SRR5963917	1.816966467211337
Thermothelomyces_thermophilus	SRR5963918	1.6808548326594477
Thermothelomyces_thermophilus	SRR5963919	4.61046598819073
Thermothelomyces_thermophilus	SRR5963920	1.4104148494321742
Thermothelomyces_thermophilus	SRR5963921	0.8522156562141856
Thermothelomyces_thermophilus	SRR5963922	2.028451366890077
Thermothelomyces_thermophilus	SRR5963923	1.102122821553783
Thermothelomyces_thermophilus	SRR5963924	0.5297094138616609
Thermothelomyces_thermophilus	SRR5963925	0.7606866409211199
Thermothelomyces_thermophilus	SRR5963926	26.229806387054776
Thermothelomyces_thermophilus	SRR5963927	1.6495951030380591
Thermothelomyces_thermophilus	SRR5963928	1.0407128549344
Thermothelomyces_thermophilus	SRR5963929	1.4729464991162304
Thermothelomyces_thermophilus	SRR5963930	1.4844979521761468
Thermothelomyces_thermophilus	SRR5963931	1.349375293556311
Thermothelomyces_thermophilus	SRR5963932	1.3961572343493134
Thermothelomyces_thermophilus	SRR5963933	1.5656954522932782
Thermothelomyces_thermophilus	SRR5963934	10.67276749427124
Thermothelomyces_thermophilus	SRR5963935	13.01462520385059
Thermothelomyces_thermophilus	SRR5963936	28.891573430779246
Thermothelomyces_thermophilus	SRR5963937	6.577303970718611
Thermothelomyces_thermophilus	SRR5963938	1.9182893651306638
Thermothelomyces_thermophilus	SRR5963939	1.6938619686731966
Thermothelomyces_thermophilus	SRR5963940	1.6539056474193228
Thermothelomyces_thermophilus	SRR5963941	1.9637976215095927
Thermothelomyces_thermophilus	SRR5963942	1.784055363179506
Thermothelomyces_thermophilus	SRR5963943	1.5656954522932782
Thermothelomyces_thermophilus	SRR5963944	3.8909081706789292
Thermothelomyces_thermophilus	SRR5963945	4.250363231479278
Thermothelomyces_thermophilus	SRR5963946	5.746717622479481
Thermothelomyces_thermophilus	SRR5963947	5.667150975305703
Thermothelomyces_thermophilus	SRR5963948	2.4079949334039883
Thermothelomyces_thermophilus	SRR6467548	NA
Thermothelomyces_thermophilus	SRR6467549	NA
Thermothelomyces_thermophilus	SRR6467550	NA
Thermothelomyces_thermophilus	SRR6467551	NA
Thermothelomyces_thermophilus	SRR6467552	NA
Thermothelomyces_thermophilus	SRR6467553	NA
Thermothelomyces_thermophilus	SRR6467554	NA
Thermothelomyces_thermophilus	SRR6467555	NA
Thermothelomyces_thermophilus	SRR6467556	NA
Thermothelomyces_thermophilus	SRR6467557	NA
Thermothelomyces_thermophilus	SRR6467558	NA
Thermothelomyces_thermophilus	SRR6467559	NA
Thermothelomyces_thermophilus	SRR6467560	NA
Thermothelomyces_thermophilus	SRR6467561	NA
Thermothelomyces_thermophilus	SRR6467562	NA
Thermothelomyces_thermophilus	SRR6467563	NA
Thermothelomyces_thermophilus	SRR6467564	NA
Thermothelomyces_thermophilus	SRR6467565	NA
Thermothelomyces_thermophilus	SRR6467566	NA
Thermothelomyces_thermophilus	SRR6467567	NA
Thermothelomyces_thermophilus	SRR6467568	NA
Thermothelomyces_thermophilus	SRR6467569	NA
Thermothelomyces_thermophilus	SRR6467570	NA
Thermothelomyces_thermophilus	SRR6467571	NA
Thermothelomyces_thermophilus	SRR6467572	NA
Thermothelomyces_thermophilus	SRR6467573	NA
Thermothelomyces_thermophilus	SRR6467574	NA
Thermothelomyces_thermophilus	SRR6467575	NA
Thermothelomyces_thermophilus	SRR6467576	NA
Thermothelomyces_thermophilus	SRR6467577	NA
Thermothelomyces_thermophilus	SRR6467578	NA
Thermothelomyces_thermophilus	SRR6467579	NA
Thermothelomyces_thermophilus	SRR6467580	NA
Thermothelomyces_thermophilus	SRR6467581	NA
Thermothelomyces_thermophilus	SRR6467582	NA
Thermothelomyces_thermophilus	SRR6467583	NA
Thermothelomyces_thermophilus	SRR6467584	NA
Thermothelomyces_thermophilus	SRR6467585	NA
Thermothelomyces_thermophilus	SRR6467586	NA
Thermothelomyces_thermophilus	SRR6467587	NA
Thermothelomyces_thermophilus	SRR6467588	NA
Thermothelomyces_thermophilus	SRR6467589	NA
Thermothelomyces_thermophilus	SRR6467590	NA
Thermothelomyces_thermophilus	SRR6467591	NA
Thermothelomyces_thermophilus	SRR6467592	NA
Thermothelomyces_thermophilus	SRR6467593	NA
Thermothelomyces_thermophilus	SRR6467594	NA
Thermothelomyces_thermophilus	SRR6467595	NA
Thermothelomyces_thermophilus	SRR6467596	NA
Thermothelomyces_thermophilus	SRR6467597	NA
Thermothelomyces_thermophilus	SRR6467598	NA
Thermothelomyces_thermophilus	SRR6467599	NA
Thermothelomyces_thermophilus	SRR6467600	NA
Thermothelomyces_thermophilus	SRR6467601	NA
Thermothelomyces_thermophilus	SRR6467602	NA
Thermothelomyces_thermophilus	SRR6467603	NA
Thermothelomyces_thermophilus	SRR6467604	NA
Thermothelomyces_thermophilus	SRR6467605	NA
Thermothelomyces_thermophilus	SRR6467606	NA
Thermothelomyces_thermophilus	SRR6467607	NA
Thermothelomyces_thermophilus	SRR6467608	NA
Thermothelomyces_thermophilus	SRR6467609	NA
Thermothelomyces_thermophilus	SRR6467610	NA
Thermothelomyces_thermophilus	SRR6467611	NA
Thermothelomyces_thermophilus	SRR6467612	NA
Thermothelomyces_thermophilus	SRR6467613	NA
Thermothelomyces_thermophilus	SRR6467614	NA
Thermothelomyces_thermophilus	SRR6467615	NA
Thermothelomyces_thermophilus	SRR6467616	NA
Thermothelomyces_thermophilus	SRR6467617	NA
Thermothelomyces_thermophilus	SRR6467618	NA
Thermothelomyces_thermophilus	SRR6467619	NA
Thermothelomyces_thermophilus	SRR6467620	NA
Thermothelomyces_thermophilus	SRR6467621	NA
Thermothelomyces_thermophilus	SRR6467622	NA
Thermothelomyces_thermophilus	SRR6467623	NA
Thermothelomyces_thermophilus	SRR6467624	NA
Thermothelomyces_thermophilus	SRR6467625	NA
Thermothelomyces_thermophilus	SRR6467626	NA
Thermothelomyces_thermophilus	SRR6467627	NA
Thermothelomyces_thermophilus	SRR6467628	NA
Thermothelomyces_thermophilus	SRR6467629	NA
Thermothelomyces_thermophilus	SRR6467630	NA
Thermothelomyces_thermophilus	SRR6467631	NA
Thermothelomyces_thermophilus	SRR6467632	NA
Thermothelomyces_thermophilus	SRR6467633	NA
Thermothelomyces_thermophilus	SRR6467634	NA
Thermothelomyces_thermophilus	SRR6467635	NA
Thermothelomyces_thermophilus	SRR6467636	NA
Thermothelomyces_thermophilus	SRR6467637	NA
Thermothelomyces_thermophilus	SRR6467638	NA
Thermothelomyces_thermophilus	SRR6467639	NA
Thermothelomyces_thermophilus	SRR6467640	NA
Thermothelomyces_thermophilus	SRR6467641	NA
Thermothelomyces_thermophilus	SRR6467642	NA
Thermothelomyces_thermophilus	SRR6467643	NA
Thermothelomyces_thermophilus	SRR6467644	NA
Thermothelomyces_thermophilus	SRR6467645	NA
Thermothelomyces_thermophilus	SRR6467646	NA
Thermothelomyces_thermophilus	SRR6467647	NA
Thermothelomyces_thermophilus	SRR6467648	NA
Thermothelomyces_thermophilus	SRR6467649	NA
Thermothelomyces_thermophilus	SRR6467650	NA
Thermothelomyces_thermophilus	SRR6467651	NA
Thermothelomyces_thermophilus	SRR6467652	NA
Thermothelomyces_thermophilus	SRR6467653	NA
Thermothelomyces_thermophilus	SRR6467654	NA
Thermothelomyces_thermophilus	SRR6467655	NA
Thermothelomyces_thermophilus	SRR6467656	NA
Thermothelomyces_thermophilus	SRR6467657	NA
Thermothelomyces_thermophilus	SRR6467658	NA
Thermothelomyces_thermophilus	SRR6467659	NA
Thermothelomyces_thermophilus	SRR6467660	NA
Thermothelomyces_thermophilus	SRR6467661	NA
Thermothelomyces_thermophilus	SRR6467662	NA
Thermothelomyces_thermophilus	SRR6467663	NA
Thermothelomyces_thermophilus	SRR6467664	NA
Thermothelomyces_thermophilus	SRR6467665	NA
Thermothelomyces_thermophilus	SRR6467666	NA
Thermothelomyces_thermophilus	SRR6467667	NA
Thermothelomyces_thermophilus	SRR6467668	NA
Thermothelomyces_thermophilus	SRR6467669	NA
Thermothelomyces_thermophilus	SRR6467670	NA
Thermothelomyces_thermophilus	SRR6467671	NA
Thermothelomyces_thermophilus	SRR6467672	NA
Thermothelomyces_thermophilus	SRR6467673	NA
Thermothelomyces_thermophilus	SRR6467674	NA
Thermothelomyces_thermophilus	SRR6467675	NA
Thermothelomyces_thermophilus	SRR6467676	NA
Thermothelomyces_thermophilus	SRR6467677	NA
Thermothelomyces_thermophilus	SRR6467678	NA
Thermothelomyces_thermophilus	SRR6467679	NA
Thermothelomyces_thermophilus	SRR6467680	NA
Thermothelomyces_thermophilus	SRR6467681	NA
Thermothelomyces_thermophilus	SRR6467682	NA
Thermothelomyces_thermophilus	SRR6467683	NA
Thermothelomyces_thermophilus	SRR6467684	NA
Thermothelomyces_thermophilus	SRR6467685	NA
Thermothelomyces_thermophilus	SRR6467686	NA
Thermothelomyces_thermophilus	SRR6467687	NA
Thermothelomyces_thermophilus	SRR6467688	NA
Thermothelomyces_thermophilus	SRR6467689	NA
Thermothelomyces_thermophilus	SRR6467690	NA
Thermothelomyces_thermophilus	SRR6467691	NA
Thermothelomyces_thermophilus	SRR6467692	NA
Thermothelomyces_thermophilus	SRR6467693	NA
Thermothelomyces_thermophilus	SRR6467694	NA
Thermothelomyces_thermophilus	SRR6467695	NA
Thermothelomyces_thermophilus	SRR6467696	NA
Thermothelomyces_thermophilus	SRR6467697	NA
Thermothelomyces_thermophilus	SRR6467698	NA
Thermothelomyces_thermophilus	SRR6467699	NA
Thermothelomyces_thermophilus	SRR6467700	NA
Thermothelomyces_thermophilus	SRR6467701	NA
Thermothelomyces_thermophilus	SRR6467702	NA
Thermothelomyces_thermophilus	SRR6467703	NA
Thermothelomyces_thermophilus	SRR6467704	NA
Thermothelomyces_thermophilus	SRR6467705	NA
Thermothelomyces_thermophilus	SRR6467706	NA
Thermothelomyces_thermophilus	SRR6467707	NA
Thermothelomyces_thermophilus	SRR6467708	NA
Thermothelomyces_thermophilus	SRR6467709	NA
Thermothelomyces_thermophilus	SRR6467710	NA
Thermothelomyces_thermophilus	SRR6467711	NA
Thermothelomyces_thermophilus	SRR6467712	NA
Thermothelomyces_thermophilus	SRR6467713	NA
Thermothelomyces_thermophilus	SRR6467714	NA
Thermothelomyces_thermophilus	SRR6467715	NA
Thermothelomyces_thermophilus	SRR6467716	NA
Thermothelomyces_thermophilus	SRR6467717	NA
Thermothelomyces_thermophilus	SRR6467718	NA
Thermothelomyces_thermophilus	SRR6467719	NA
Thermothelomyces_thermophilus	SRR6467720	NA
Thermothelomyces_thermophilus	SRR6467721	NA
Thermothelomyces_thermophilus	SRR6467722	NA
Thermothelomyces_thermophilus	SRR6467723	NA
Thermothelomyces_thermophilus	SRR6467724	NA
Thermothelomyces_thermophilus	SRR6467725	NA
Thermothelomyces_thermophilus	SRR6467726	NA
Thermothelomyces_thermophilus	SRR6467727	NA
Thermothelomyces_thermophilus	SRR6467728	NA
Thermothelomyces_thermophilus	SRR6467729	NA
Thermothelomyces_thermophilus	SRR6467730	NA
Thermothelomyces_thermophilus	SRR6467731	NA
Thermothelomyces_thermophilus	SRR6467732	NA
Thermothelomyces_thermophilus	SRR6467733	NA
Thermothelomyces_thermophilus	SRR6467734	NA
Thermothelomyces_thermophilus	SRR6467735	NA
Thermothelomyces_thermophilus	SRR6467736	NA
Thermothelomyces_thermophilus	SRR6467737	NA
Thermothelomyces_thermophilus	SRR6467738	NA
Thermothelomyces_thermophilus	SRR6467739	NA
Thermothelomyces_thermophilus	SRR6467740	NA
Thermothelomyces_thermophilus	SRR6467741	NA
Thermothelomyces_thermophilus	SRR6467742	NA
Thermothelomyces_thermophilus	SRR6467743	NA
Thermothelomyces_thermophilus	SRR6467744	NA
Thermothelomyces_thermophilus	SRR6467745	NA
Thermothelomyces_thermophilus	SRR6467746	NA
Thermothelomyces_thermophilus	SRR6467747	NA
Thermothelomyces_thermophilus	SRR6467748	NA
Thermothelomyces_thermophilus	SRR6467749	NA
Thermothelomyces_thermophilus	SRR6467750	NA
Thermothelomyces_thermophilus	SRR6467751	NA
Thermothelomyces_thermophilus	SRR6467752	NA
Thermothelomyces_thermophilus	SRR6467753	NA
Thermothelomyces_thermophilus	SRR6467754	NA
Thermothelomyces_thermophilus	SRR6467755	NA
Thermothelomyces_thermophilus	SRR6467756	NA
Thermothelomyces_thermophilus	SRR6467757	NA
Thermothelomyces_thermophilus	SRR6467758	NA
Thermothelomyces_thermophilus	SRR6467759	NA
Thermothelomyces_thermophilus	SRR6467760	NA
Thermothelomyces_thermophilus	SRR6467761	NA
Thermothelomyces_thermophilus	SRR6467762	NA
Thermothelomyces_thermophilus	SRR6467763	NA
Thermothelomyces_thermophilus	SRR6467764	NA
Thermothelomyces_thermophilus	SRR6467765	NA
Thermothelomyces_thermophilus	SRR6467766	NA
Thermothelomyces_thermophilus	SRR6467767	NA
Thermothelomyces_thermophilus	SRR6467768	NA
Thermothelomyces_thermophilus	SRR6467769	NA
Thermothelomyces_thermophilus	SRR6467770	NA
Thermothelomyces_thermophilus	SRR6467771	NA
Thermothelomyces_thermophilus	SRR6467772	NA
Thermothelomyces_thermophilus	SRR6467773	NA
Thermothelomyces_thermophilus	SRR6868540	NA
Thermothelomyces_thermophilus	SRR6868541	NA
Thermothelomyces_thermophilus	SRR6868542	NA
Thermothelomyces_thermophilus	SRR6868543	NA
Thermothelomyces_thermophilus	SRR6868544	NA
Thermothelomyces_thermophilus	SRR6868545	NA
Thermothelomyces_thermophilus	SRR6868546	NA
Thermothelomyces_thermophilus	SRR6868557	NA
Thermothelomyces_thermophilus	SRR6868558	NA
Thermothelomyces_thermophilus	SRR6868559	NA
Thermothelomyces_thermophilus	SRR6868560	NA
Thermothelomyces_thermophilus	SRR6868569	NA
Thermothelomyces_thermophilus	SRR6868570	NA
Thermothelomyces_thermophilus	SRR6868571	NA
Thermothelomyces_thermophilus	SRR6868572	NA
Thermothelomyces_thermophilus	SRR6868573	NA
Thermothelomyces_thermophilus	SRR6868574	NA
Thermothelomyces_thermophilus	SRR6868575	NA
Thermothelomyces_thermophilus	SRR6868576	NA
Thermothelomyces_thermophilus	SRR6868577	NA
Thermothelomyces_thermophilus	SRR6868578	NA
Thermothelomyces_thermophilus	SRR6868579	NA
Thermothelomyces_thermophilus	SRR6868580	NA
Thermothelomyces_thermophilus	SRR6868581	NA
Thermothelomyces_thermophilus	SRR6868582	NA
Thermothelomyces_thermophilus	SRR6868585	NA
Thermothelomyces_thermophilus	SRR6868586	NA
Thermothelomyces_thermophilus	SRR6868587	NA
Thermothelomyces_thermophilus	SRR6868588	NA
Thermothelomyces_thermophilus	SRR6868589	NA
Thermothelomyces_thermophilus	SRR6868590	NA
Thermothelomyces_thermophilus	SRR6868591	NA
Thermothelomyces_thermophilus	SRR6868604	NA
Thermothelomyces_thermophilus	SRR6868605	NA
Thermothelomyces_thermophilus	SRR6868606	NA
Thermothelomyces_thermophilus	SRR6868607	NA
Thermothelomyces_thermophilus	SRR6868608	NA
Thermothelomyces_thermophilus	SRR6868609	NA
Thermothelomyces_thermophilus	SRR6868610	NA
Thermothelomyces_thermophilus	SRR6868620	NA
Thermothelomyces_thermophilus	SRR6868621	NA
Thermothelomyces_thermophilus	SRR6868622	NA
Thermothelomyces_thermophilus	SRR6868623	NA
Thermothelomyces_thermophilus	SRR6868636	NA
Thermothelomyces_thermophilus	SRR6868637	NA
Thermothelomyces_thermophilus	SRR6868638	NA
Thermothelomyces_thermophilus	SRR6868639	NA
Thermothelomyces_thermophilus	SRR6868650	NA
Thermothelomyces_thermophilus	SRR6868651	NA
Thermothelomyces_thermophilus	SRR6868652	NA
Thermothelomyces_thermophilus	SRR6868653	NA
Thermothelomyces_thermophilus	SRR6868654	NA
Thermothelomyces_thermophilus	SRR6868655	NA
Thermothelomyces_thermophilus	SRR6868665	NA
Thermothelomyces_thermophilus	SRR6868666	NA
Thermothelomyces_thermophilus	SRR6868667	NA
Thermothelomyces_thermophilus	SRR6868668	NA
Thermothelomyces_thermophilus	SRR6868669	NA
Thermothelomyces_thermophilus	SRR6868670	NA
Thermothelomyces_thermophilus	SRR6868671	NA
Thermothelomyces_thermophilus	SRR6868683	NA
Thermothelomyces_thermophilus	SRR6868684	NA
Thermothelomyces_thermophilus	SRR6868685	NA
Thermothelomyces_thermophilus	SRR6868686	NA
Thermothelomyces_thermophilus	SRR6868687	NA
Thermothelomyces_thermophilus	SRR6868688	NA
Thermothelomyces_thermophilus	SRR6868689	NA
Thermothelomyces_thermophilus	SRR6868698	NA
Thermothelomyces_thermophilus	SRR6868699	NA
Thermothelomyces_thermophilus	SRR6868700	NA
Thermothelomyces_thermophilus	SRR6868701	NA
Thermothelomyces_thermophilus	SRR6868702	NA
Thermothelomyces_thermophilus	SRR6868713	NA
Thermothelomyces_thermophilus	SRR6868714	NA
Thermothelomyces_thermophilus	SRR6868715	NA
Thermothelomyces_thermophilus	SRR6868716	NA
Thermothelomyces_thermophilus	SRR6868717	NA
Thermothelomyces_thermophilus	SRR6868718	NA
Thermothelomyces_thermophilus	SRR6868719	NA
Thermothelomyces_thermophilus	SRR6868720	NA
Thermothelomyces_thermophilus	SRR6868721	NA
Thermothelomyces_thermophilus	SRR6868722	NA
Thermothelomyces_thermophilus	SRR6868723	NA
Thermothelomyces_thermophilus	SRR6868724	NA
Thermothelomyces_thermophilus	SRR6868725	NA
Thermothelomyces_thermophilus	SRR6868726	NA
Thermothelomyces_thermophilus	SRR6868741	NA
Thermothelomyces_thermophilus	SRR7632756	NA
Thermothelomyces_thermophilus	SRR7632757	NA
Thermothelomyces_thermophilus	SRR7632758	NA
Thermothelomyces_thermophilus	SRR7632759	NA
Thermothelomyces_thermophilus	SRR7632760	NA
Thermothelomyces_thermophilus	SRR7632761	NA
Thermothelomyces_thermophilus	SRR7632762	NA
Thermothelomyces_thermophilus	SRR7632763	NA
Thermothelomyces_thermophilus	SRR7632764	NA
Thermothelomyces_thermophilus	SRR7632765	NA
Thermothelomyces_thermophilus	SRR7632766	NA
Thermothelomyces_thermophilus	SRR7632767	NA
Thermothelomyces_thermophilus	SRR7632768	NA
Thermothelomyces_thermophilus	SRR7632769	NA
Thermothelomyces_thermophilus	SRR7632770	NA
Thermothelomyces_thermophilus	SRR7632771	NA
Thermothelomyces_thermophilus	SRR7632772	NA
Thermothelomyces_thermophilus	SRR7632773	NA
Thermothelomyces_thermophilus	SRR7632774	NA
Thermothelomyces_thermophilus	SRR7632775	NA
Thermothelomyces_thermophilus	SRR7632776	NA
Thermothelomyces_thermophilus	SRR7632777	NA
Thermothelomyces_thermophilus	SRR7632778	NA
Thermothelomyces_thermophilus	SRR7632779	NA
Thermothelomyces_thermophilus	SRR7632780	NA
Thermothelomyces_thermophilus	SRR7632781	NA
Thermothelomyces_thermophilus	SRR7632782	NA
Thermothelomyces_thermophilus	SRR7632783	NA
Thermothelomyces_thermophilus	SRR7632784	NA
Thermothelomyces_thermophilus	SRR7632785	NA
Thermothelomyces_thermophilus	SRR7632786	NA
Thermothelomyces_thermophilus	SRR7632787	NA
Thermothelomyces_thermophilus	SRR7632788	NA
Thermothelomyces_thermophilus	SRR7632789	NA
Thermothelomyces_thermophilus	SRR7632790	NA
Thermothelomyces_thermophilus	SRR7632791	NA
Thermothelomyces_thermophilus	SRR7632792	NA
Thermothelomyces_thermophilus	SRR7632793	NA
Thermothelomyces_thermophilus	SRR7632794	NA
Thermothelomyces_thermophilus	SRR7632795	NA
Thermothelomyces_thermophilus	SRR7632796	NA
Thermothelomyces_thermophilus	SRR7632797	NA
Thermothelomyces_thermophilus	SRR7632798	NA
Thermothelomyces_thermophilus	SRR7632799	NA
Thermothelomyces_thermophilus	SRR7632800	NA
Thermothelomyces_thermophilus	SRR7632801	NA
Thermothelomyces_thermophilus	SRR7632802	NA
Thermothelomyces_thermophilus	SRR7632803	NA
Thermothelomyces_thermophilus	SRR7632804	NA
Thermothelomyces_thermophilus	SRR7632805	NA
Thermothelomyces_thermophilus	SRR7632806	NA
Thermothelomyces_thermophilus	SRR7632807	NA
Thermothelomyces_thermophilus	SRR7632808	NA
Thermothelomyces_thermophilus	SRR7632809	NA
Thermothelomyces_thermophilus	SRR7632810	NA
Thermothelomyces_thermophilus	SRR7632811	NA
Thermothelomyces_thermophilus	SRR7632812	NA
Thermothelomyces_thermophilus	SRR7632813	NA
Thermothelomyces_thermophilus	SRR7632814	NA
Thermothelomyces_thermophilus	SRR7632815	NA
Thermothelomyces_thermophilus	SRR7632816	NA
Thermothelomyces_thermophilus	SRR7632817	NA
Thermothelomyces_thermophilus	SRR7632818	NA
Thermothelomyces_thermophilus	SRR7632819	NA
Thermothelomyces_thermophilus	SRR7632820	NA
Thermothelomyces_thermophilus	SRR7632821	NA
Thermothelomyces_thermophilus	SRR7632822	NA
Thermothelomyces_thermophilus	SRR7632823	NA
Thermothelomyces_thermophilus	SRR7632824	NA
Thermothelomyces_thermophilus	SRR7632825	NA
Thermothelomyces_thermophilus	SRR7632826	NA
Thermothelomyces_thermophilus	SRR7632827	NA
Thermothelomyces_thermophilus	SRR7632828	NA
Thermothelomyces_thermophilus	SRR7632829	NA
Thermothelomyces_thermophilus	SRR7632830	NA
Thermothelomyces_thermophilus	SRR7632831	NA
Thermothelomyces_thermophilus	SRR7632832	NA
Thermothelomyces_thermophilus	SRR7632833	NA
Thermothelomyces_thermophilus	SRR7632834	NA
Thermothelomyces_thermophilus	SRR7632835	NA
Thermothelomyces_thermophilus	SRR7632836	NA
Thermothelomyces_thermophilus	SRR7632837	NA
Thermothelomyces_thermophilus	SRR7632838	NA
Thermothelomyces_thermophilus	SRR7632839	NA
Thermothelomyces_thermophilus	SRR7632840	NA
Thermothelomyces_thermophilus	SRR7632841	NA
Thermothelomyces_thermophilus	SRR7632842	NA
Thermothelomyces_thermophilus	SRR7632843	NA
Thermothelomyces_thermophilus	SRR7632844	NA
Thermothelomyces_thermophilus	SRR7632845	NA
Thermothelomyces_thermophilus	SRR7632846	NA
Thermothelomyces_thermophilus	SRR7632847	NA
Thermothelomyces_thermophilus	SRR7632848	NA
Thermothelomyces_thermophilus	SRR7632849	NA
Thermothelomyces_thermophilus	SRR7632850	NA
Thermothelomyces_thermophilus	SRR7632851	NA
Thermothelomyces_thermophilus	SRR7632852	NA
Thermothelomyces_thermophilus	SRR7632853	NA
Thermothelomyces_thermophilus	SRR7632854	NA
Thermothelomyces_thermophilus	SRR7632855	NA
Thermothelomyces_thermophilus	SRR7632856	NA
Thermothelomyces_thermophilus	SRR7632857	NA
Thermothelomyces_thermophilus	SRR7632858	NA
Thermothelomyces_thermophilus	SRR7632859	NA
Thermothelomyces_thermophilus	SRR7632860	NA
Thermothelomyces_thermophilus	SRR7632861	NA
Thermothelomyces_thermophilus	SRR7632862	NA
Thermothelomyces_thermophilus	SRR7632863	NA
Thermothelomyces_thermophilus	SRR7632864	NA
Thermothelomyces_thermophilus	SRR7632865	NA
Thermothelomyces_thermophilus	SRR7632866	NA
Thermothelomyces_thermophilus	SRR7632867	NA
Thermothelomyces_thermophilus	SRR7632868	NA
Thermothelomyces_thermophilus	SRR7632869	NA
Thermothelomyces_thermophilus	SRR7632870	NA
Thermothelomyces_thermophilus	SRR7632871	NA
Thermothelomyces_thermophilus	SRR7632872	NA
Thermothelomyces_thermophilus	SRR7632873	NA
Thermothelomyces_thermophilus	SRR7632874	NA
Thermothelomyces_thermophilus	SRR7632875	NA
Thermothelomyces_thermophilus	SRR7632876	NA
Thermothelomyces_thermophilus	SRR7632877	NA
Thermothelomyces_thermophilus	SRR7632878	NA
Thermothelomyces_thermophilus	SRR7632879	NA
Thermothelomyces_thermophilus	SRR7632880	NA
Thermothelomyces_thermophilus	SRR7632881	NA
Thermothelomyces_thermophilus	SRR7632882	NA
Thermothelomyces_thermophilus	SRR7632883	NA
Thermothelomyces_thermophilus	SRR7632884	NA
Thermothelomyces_thermophilus	SRR7632885	NA
Thermothelomyces_thermophilus	SRR7632886	NA
Thermothelomyces_thermophilus	SRR7632887	NA
Thermothelomyces_thermophilus	SRR7632888	NA
Thermothelomyces_thermophilus	SRR7632889	NA
Thermothelomyces_thermophilus	SRR7632890	NA
Thermothelomyces_thermophilus	SRR7632891	NA
Thermothelomyces_thermophilus	SRR7632892	NA
Thermothelomyces_thermophilus	SRR7632893	NA
Thermothelomyces_thermophilus	SRR7632894	NA
Thermothelomyces_thermophilus	SRR7632895	NA
Thermothelomyces_thermophilus	SRR7632896	NA
Thermothelomyces_thermophilus	SRR7632897	NA
Thermothelomyces_thermophilus	SRR7632898	NA
Thermothelomyces_thermophilus	SRR7632899	NA
Thermothelomyces_thermophilus	SRR7632900	NA
Thermothelomyces_thermophilus	SRR7632901	NA
Thermothelomyces_thermophilus	SRR7632902	NA
Thermothelomyces_thermophilus	SRR7632903	NA
Thermothelomyces_thermophilus	SRR7632904	NA
Thermothelomyces_thermophilus	SRR7632905	NA
Thermothelomyces_thermophilus	SRR7632906	NA
Thermothelomyces_thermophilus	SRR7632907	NA
Thermothelomyces_thermophilus	SRR7632908	NA
Thermothelomyces_thermophilus	SRR7632909	NA
Thermothelomyces_thermophilus	SRR7632910	NA
Thermothelomyces_thermophilus	SRR7632911	NA
Thermothelomyces_thermophilus	SRR7632912	NA
Thermothelomyces_thermophilus	SRR7632913	NA
Thermothelomyces_thermophilus	SRR7632914	NA
Thermothelomyces_thermophilus	SRR7632915	NA
Thermothelomyces_thermophilus	SRR7632916	NA
Thermothelomyces_thermophilus	SRR7632917	NA
Thermothelomyces_thermophilus	SRR7632918	NA
Thermothelomyces_thermophilus	SRR7632919	NA
Thermothelomyces_thermophilus	SRR7632920	NA
Thermothelomyces_thermophilus	SRR7632921	NA
Thermothelomyces_thermophilus	SRR7632922	NA
Thermothelomyces_thermophilus	SRR7632923	NA
Thermothelomyces_thermophilus	SRR7632924	NA
Thermothelomyces_thermophilus	SRR7632925	NA
Thermothelomyces_thermophilus	SRR7632926	NA
Thermothelomyces_thermophilus	SRR7632927	NA
Thermothelomyces_thermophilus	SRR7632928	NA
Thermothelomyces_thermophilus	SRR7632929	NA
Thermothelomyces_thermophilus	SRR7632930	NA
Thermothelomyces_thermophilus	SRR7632931	NA
Thermothelomyces_thermophilus	SRR7632932	NA
Thermothelomyces_thermophilus	SRR7632933	NA
Thermothelomyces_thermophilus	SRR7632934	NA
Thermothelomyces_thermophilus	SRR7632935	NA
Thermothelomyces_thermophilus	SRR7632936	NA
Thermothelomyces_thermophilus	SRR7632937	NA
Thermothelomyces_thermophilus	SRR7632938	NA
Thermothelomyces_thermophilus	SRR7632939	NA
Thermothelomyces_thermophilus	SRR7632940	NA
Thermothelomyces_thermophilus	SRR7632941	NA
Thermothelomyces_thermophilus	SRR7632942	NA
Thermothelomyces_thermophilus	SRR7632943	NA
Thermothelomyces_thermophilus	SRR7632944	NA
Thermothelomyces_thermophilus	SRR7632945	NA
Thermothelomyces_thermophilus	SRR8928966	NA
Thermothelomyces_thermophilus	SRR8928967	NA
Thermothelomyces_thermophilus	SRR8928968	NA
Thermothelomyces_thermophilus	SRR8928969	NA
Thermothelomyces_thermophilus	SRR8928970	NA
Thermothelomyces_thermophilus	SRR8928971	NA
Thermothelomyces_thermophilus	SRR8928972	NA
Thermothelomyces_thermophilus	SRR8928973	NA
Thermothelomyces_thermophilus	SRR8928974	NA
Thermothelomyces_thermophilus	SRR8928975	NA
Thermothelomyces_thermophilus	SRR8928976	NA
Thermothelomyces_thermophilus	SRR8928977	NA
Thermothelomyces_thermophilus	SRR8928978	NA
Thermothelomyces_thermophilus	SRR8928979	NA
Thermothelomyces_thermophilus	SRR8928980	NA
Thermothelomyces_thermophilus	SRR8928981	NA
Thermothelomyces_thermophilus	SRR8928982	NA
Thermothelomyces_thermophilus	SRR8928983	NA
Thermothelomyces_thermophilus	SRR8928984	NA
Thermothelomyces_thermophilus	SRR8928985	NA
Thermothelomyces_thermophilus	SRR8928986	NA
Thermothelomyces_thermophilus	SRR8928987	NA
Thermothelomyces_thermophilus	SRR8928988	NA
Thermothelomyces_thermophilus	SRR8928989	NA
Thermothelomyces_thermophilus	SRR8928990	NA
Thermothelomyces_thermophilus	SRR8928991	NA
Thermothelomyces_thermophilus	SRR9835604	NA
Thermothelomyces_thermophilus	SRR9835605	NA
Thermothelomyces_thermophilus	SRR9835606	NA
Thermothelomyces_thermophilus	SRR9835607	NA
Thermothelomyces_thermophilus	SRR9835608	NA
Thermothelomyces_thermophilus	SRR9835609	NA
Thermothelomyces_thermophilus	SRR9835610	NA
Thermothelomyces_thermophilus	SRR9835611	NA
Thermothelomyces_thermophilus	SRR9835612	NA
Thermothelomyces_thermophilus	SRR9835613	NA
Thermothelomyces_thermophilus	SRR9835614	NA
Thermothelomyces_thermophilus	SRR9835615	NA
Thermothelomyces_thermophilus	SRR9835616	NA
Thermothelomyces_thermophilus	SRR9835617	NA
Thermothelomyces_thermophilus	SRR9835618	NA
Thermothelomyces_thermophilus	SRR9835619	NA
Thermothelomyces_thermophilus	SRR9835620	NA
Thermothelomyces_thermophilus	SRR9835621	NA
Thermothelomyces_thermophilus	SRR9835622	NA
Thermothelomyces_thermophilus	SRR9835623	NA
Thermothelomyces_thermophilus	SRR9835624	NA
Thermothelomyces_thermophilus	SRR9835625	NA
Thermothelomyces_thermophilus	SRR9835626	NA
Thermothelomyces_thermophilus	SRR9835627	NA
Thermothelomyces_thermophilus	SRR9835628	NA
Thermothelomyces_thermophilus	SRR9835629	NA
Thermothelomyces_thermophilus	SRR9835630	NA
Thermothelomyces_thermophilus	SRR9835631	NA
Thermothelomyces_thermophilus	SRR9835632	NA
Thermothelomyces_thermophilus	SRR9835633	NA
Thermothelomyces_thermophilus	SRR9835634	NA
Thermothelomyces_thermophilus	SRR9835635	NA
Thermothelomyces_thermophilus	SRR9835636	NA
Thermothelomyces_thermophilus	SRR9835637	NA
Thermothelomyces_thermophilus	SRR9835638	NA
Thermothelomyces_thermophilus	SRR9835639	NA
Thermothelomyces_thermophilus	SRR9835640	NA
Thermothelomyces_thermophilus	SRR9835641	NA
Thermothelomyces_thermophilus	SRR9835642	NA
Thermothelomyces_thermophilus	SRR9835643	NA
Thermothelomyces_thermophilus	SRR9835644	NA
Thermothelomyces_thermophilus	SRR9835645	NA
Thermothelomyces_thermophilus	SRR9835646	NA
Thermothelomyces_thermophilus	SRR9835647	NA
Thermothelomyces_thermophilus	SRR9835648	NA
Thermothelomyces_thermophilus	SRR9835649	NA
Thermothelomyces_thermophilus	SRR9835650	NA
Thermothelomyces_thermophilus	SRR9835651	NA
Thermothelomyces_thermophilus	SRR9835652	NA
Thermothelomyces_thermophilus	SRR9835653	NA
Thermothelomyces_thermophilus	SRR9835654	NA
Thermothelomyces_thermophilus	SRR9835655	NA
Thermothelomyces_thermophilus	SRR9835656	NA
Thermothelomyces_thermophilus	SRR9835657	NA
Thermothelomyces_thermophilus	SRR9835658	NA
Thermothelomyces_thermophilus	SRR9835659	NA
Thermothelomyces_thermophilus	SRR9835660	NA
Thermothelomyces_thermophilus	SRR9835661	NA
Thermothelomyces_thermophilus	SRR9835662	NA
Thermothelomyces_thermophilus	SRR9835663	NA
Thermothelomyces_thermophilus	SRR9835664	NA
Thermothelomyces_thermophilus	SRR9835665	NA
Thermothelomyces_thermophilus	SRR9835666	NA
Thermothelomyces_thermophilus	SRR9835667	NA
Thermothelomyces_thermophilus	SRR9835668	NA
Thermothelomyces_thermophilus	SRR9835669	NA
Thermothelomyces_thermophilus	SRR9835670	NA
Thermothelomyces_thermophilus	SRR9835671	NA
Thermothelomyces_thermophilus	SRR9835672	NA
Thermothelomyces_thermophilus	SRR9835673	NA
Thermothelomyces_thermophilus	SRR9835674	NA
Thermothelomyces_thermophilus	SRR9835675	NA
Thermothelomyces_thermophilus	SRR9835676	NA
Thermothelomyces_thermophilus	SRR9835677	NA
Thermothelomyces_thermophilus	SRR9835678	NA
Thermothelomyces_thermophilus	SRR9835679	NA
Thermothelomyces_thermophilus	SRR9835680	NA
Thermothelomyces_thermophilus	SRR9835681	NA
Thermothelomyces_thermophilus	SRR9835682	NA
Thermothelomyces_thermophilus	SRR9835683	NA
Thermothelomyces_thermophilus	SRR9835684	NA
Thermothelomyces_thermophilus	SRR9835685	NA
Thermothelomyces_thermophilus	SRR9835686	NA
Thermothelomyces_thermophilus	SRR9835687	NA
Thermothelomyces_thermophilus	SRR9835688	NA
Thermothelomyces_thermophilus	SRR9835689	NA
Thermothelomyces_thermophilus	SRR9835690	NA
Thermothelomyces_thermophilus	SRR9835691	NA
Thermothelomyces_thermophilus	SRR9835692	NA
Thermothelomyces_thermophilus	SRR9835693	NA
Thermothelomyces_thermophilus	SRR9835694	NA
Thermothelomyces_thermophilus	SRR9835695	NA
Thermothelomyces_thermophilus	SRR9835696	NA
Thermothelomyces_thermophilus	SRR9835697	NA
Thermothelomyces_thermophilus	SRR9835698	NA
Thermothelomyces_thermophilus	SRR9835699	NA
Thermothelomyces_thermophilus	SRR9835700	NA
Thermothelomyces_thermophilus	SRR9835701	NA
Thermothelomyces_thermophilus	SRR9835702	NA
Thermothelomyces_thermophilus	SRR9835703	NA
Thermothelomyces_thermophilus	SRR9835704	NA
Thermothelomyces_thermophilus	SRR9835705	NA
Thermothelomyces_thermophilus	SRR9835706	NA
Thermothelomyces_thermophilus	SRR9835707	NA
Thermothelomyces_thermophilus	SRR9835708	NA
Thermothelomyces_thermophilus	SRR9835709	NA
Thermothelomyces_thermophilus	SRR9835710	NA
Thermothelomyces_thermophilus	SRR9835711	NA
Thermothelomyces_thermophilus	SRR9835712	NA
Thermothelomyces_thermophilus	SRR9835713	NA
Thermothelomyces_thermophilus	SRR9835714	NA
Thermothelomyces_thermophilus	SRR9835715	NA
Thermothelomyces_thermophilus	SRR9835716	NA
Thermothelomyces_thermophilus	SRR9835717	NA
Thermothelomyces_thermophilus	SRR9835718	NA
Thermothelomyces_thermophilus	SRR9835719	NA
Thermothelomyces_thermophilus	SRR9835720	NA
Thermothelomyces_thermophilus	SRR9835721	NA
Thermothelomyces_thermophilus	SRR9835722	NA
Thermothelomyces_thermophilus	SRR9835723	NA
Thermothelomyces_thermophilus	SRR9835724	NA
Thermothelomyces_thermophilus	SRR9835725	NA
Thermothelomyces_thermophilus	SRR9835726	NA
Thermothelomyces_thermophilus	SRR9835727	NA
Thermothelomyces_thermophilus	SRR9835728	NA
Thermothelomyces_thermophilus	SRR9835729	NA
Thermothelomyces_thermophilus	SRR9835730	NA
Thermothelomyces_thermophilus	SRR9835731	NA
Thermothelomyces_thermophilus	SRR9835732	NA
Thermothelomyces_thermophilus	SRR9835733	NA
Thermothelomyces_thermophilus	SRR9835734	NA
Thermothelomyces_thermophilus	SRR9835735	NA
Thermothelomyces_thermophilus	SRR9835736	NA
Thermothelomyces_thermophilus	SRR9835737	NA
Thermothelomyces_thermophilus	SRR9835738	NA
Thermothelomyces_thermophilus	SRR9835739	NA
Thermothelomyces_thermophilus	SRR9835740	NA
Thermothelomyces_thermophilus	SRR9835741	NA
Thermothelomyces_thermophilus	SRR9835742	NA
Thermothelomyces_thermophilus	SRR9835743	NA
Thermothelomyces_thermophilus	SRR9835744	NA
Thermothelomyces_thermophilus	SRR9835745	NA
Thermothelomyces_thermophilus	SRR9835746	NA
Thermothelomyces_thermophilus	SRR9835747	NA
Thermothelomyces_thermophilus	SRR9835748	NA
Thermothelomyces_thermophilus	SRR9835749	NA
Thermothelomyces_thermophilus	SRR9835750	NA
Thermothelomyces_thermophilus	SRR9835751	NA
Thermothelomyces_thermophilus	SRR9835752	NA
Thermothelomyces_thermophilus	SRR9835753	NA
Thermothelomyces_thermophilus	SRR9835754	NA
Thermothelomyces_thermophilus	SRR9835755	NA
Thermothelomyces_thermophilus	SRR9835756	NA
Thermothelomyces_thermophilus	SRR9835757	NA
Thermothelomyces_thermophilus	SRR9835758	NA
Thermothelomyces_thermophilus	SRR9835759	NA
Thermothelomyces_thermophilus	SRR9835760	NA
Thermothelomyces_thermophilus	SRR9835761	NA
Thermothelomyces_thermophilus	SRR9835762	NA
Thermothelomyces_thermophilus	SRR9835763	NA
Thermothelomyces_thermophilus	SRR9835764	NA
Thermothelomyces_thermophilus	SRR9835765	NA
Thermothelomyces_thermophilus	SRR9835766	NA
Thermothelomyces_thermophilus	SRR9835767	NA
Thermothelomyces_thermophilus	SRR9835768	NA
Thermothelomyces_thermophilus	SRR9835769	NA
Thermothelomyces_thermophilus	SRR9835770	NA
Thermothelomyces_thermophilus	SRR9835771	NA
Thermothelomyces_thermophilus	SRR9835772	NA
Thermothelomyces_thermophilus	SRR9835773	NA
Thermothelomyces_thermophilus	SRR9835774	NA
Thermothelomyces_thermophilus	SRR9835775	NA
Thermothelomyces_thermophilus	SRR9835776	NA
Thermothelomyces_thermophilus	SRR9835777	NA
Thermothelomyces_thermophilus	SRR9835778	NA
Thermothelomyces_thermophilus	SRR9835779	NA
Thermothelomyces_thermophilus	SRR9835780	NA
Thermothelomyces_thermophilus	SRR9835781	NA
Thermothelomyces_thermophilus	SRR9835782	NA
Thermothelomyces_thermophilus	SRR9835783	NA
Thermothelomyces_thermophilus	SRR9835784	NA
Thermothelomyces_thermophilus	SRR9835785	NA
Thermothelomyces_thermophilus	SRR9835786	NA
Thermothelomyces_thermophilus	SRR9835787	NA
Thermothelomyces_thermophilus	SRR9835788	NA
Thermothelomyces_thermophilus	SRR9835789	NA
Thermothelomyces_thermophilus	SRR9835790	NA
Thermothelomyces_thermophilus	SRR9835791	NA
Thermothelomyces_thermophilus	SRR9835792	NA
Thermothelomyces_thermophilus	SRR9835793	NA
Thermothelomyces_thermophilus	SRR9835794	NA
Thermothelomyces_thermophilus	SRR9835795	NA
Thermothelomyces_thermophilus	SRR9835796	NA
Thermothelomyces_thermophilus	SRR9835797	NA
Thermothelomyces_thermophilus	SRR9835798	NA
Thermothelomyces_thermophilus	SRR9835799	NA
Thermothelomyces_thermophilus	SRR9835800	NA
Thermothelomyces_thermophilus	SRR9835801	NA
Thermothelomyces_thermophilus	SRR9835802	NA
Thermothelomyces_thermophilus	SRR9867812	19.324159340567004
Thermothelomyces_thermophilus	SRR9867813	19.71614509312712
Thermothelomyces_thermophilus	SRR9867814	13.166740755557145
Thermothelomyces_thermophilus	SRR9867815	29.965060781928916
Thermothelomyces_thermophilus	SRR9867816	21.47230751108089
Thermothelomyces_thermophilus	SRR9867817	9.09030033295131
Thermothelomyces_thermophilus	SRR9867818	18.123245832817123
Thermothelomyces_thermophilus	SRR9867819	15.429719501752961
Thermothelomyces_thermophilus	SRR9867820	28.110723108328887
Thermothelomyces_thermophilus	SRR9867821	23.646567879238788
Thermothelomyces_thermophilus	SRR9867822	5.946435710873465
Thermothelomyces_thermophilus	SRR9867823	23.403679086151662
Thermothelomyces_thermophilus	SRR9867824	29.31203606167628
Thermothelomyces_thermophilus	SRR9867825	18.937883560065817
Thermothelomyces_thermophilus	SRR9867826	8.430589449256273
Thermothelomyces_thermophilus	SRR9867827	12.596559032803963
Thermothelomyces_thermophilus	SRR9867828	17.565078725724696
Thermothelomyces_thermophilus	SRR9867829	26.146562617813437
Thermothelomyces_thermophilus	SRR9867830	20.847514719691105
Thermothelomyces_thermophilus	SRR9867831	20.38115706478543
Thermothelomyces_thermophilus	SRR9879292	NA
Thermothelomyces_thermophilus	SRR9879293	NA
Thermothelomyces_thermophilus	SRR9879294	NA
Thermothelomyces_thermophilus	SRR9879295	NA
Thermothelomyces_thermophilus	SRR9879296	NA
Thermothelomyces_thermophilus	SRR9879297	NA
Thermothelomyces_thermophilus	SRR9879298	NA
Thermothelomyces_thermophilus	SRR9879299	NA
Thermothelomyces_thermophilus	SRR9879300	NA
Thermothelomyces_thermophilus	SRR9879301	NA
Thermothelomyces_thermophilus	SRR9879302	NA
Thermothelomyces_thermophilus	SRR9879303	NA
Thermothelomyces_thermophilus	SRR9879304	NA
Thermothelomyces_thermophilus	SRR9879305	NA
Thermothelomyces_thermophilus	SRR9879306	NA
Thermothelomyces_thermophilus	SRR9879307	NA
Thermothelomyces_thermophilus	SRR9879308	NA
Thermothelomyces_thermophilus	SRR9879309	NA
Thermothelomyces_thermophilus	T50_307	32.72790542471022
Thermothelomyces_thermophilus	T50_313	20.60645897111385
Thermothelomyces_thermophilus	T50_317	20.49621915524788
Thermothelomyces_thermophilus	T50_324	28.145956291876274
Thermothelomyces_thermophilus	T50_427	12.102154795148028
Thermothelomyces_thermophilus	T50_428	16.49236469902158
Thermothelomyces_thermophilus	T50_431	20.87708788818288
Thermothelomyces_thermophilus	T50_436	23.546830570933274
Thermothelomyces_thermophilus	T50_476	52.95958343424097
Thermothelomyces_thermophilus	UN_307	18.192962121612556
Thermothelomyces_thermophilus	UN_313	21.578339973494526
Thermothelomyces_thermophilus	UN_317	12.277051936836248
Thermothelomyces_thermophilus	UN_324	22.049474018830942
Thermothelomyces_thermophilus	UN_427	28.052397327763238
Thermothelomyces_thermophilus	UN_428	24.62745323061875
Thermothelomyces_thermophilus	UN_431	17.715423055310534
Thermothelomyces_thermophilus	UN_436	19.790125517725507
Thermothelomyces_thermophilus	UN_476	27.44177219080039
