Feature	sample	counts
Reovirales	CM317	1.0132359195772147
Reovirales	CMCD140	1.0050706363566932
Reovirales	CMCD147	0.1688726532628691
Reovirales	CMCD152	1.0156702301952802
Reovirales	CMCD154	1.0050706363566932
Reovirales	CMCD159	1.0132359195772147
Reovirales	CMCD161	1.0363501985106136
Reovirales	CMCD174	1.0156702301952802
Reovirales	CMCD196	1.0232825524381681
Reovirales	CMCD198	1.0132359195772147
Reovirales	CMCD203	1.0156702301952802
Reovirales	CMCD211	1.0232825524381681
Reovirales	CMCD227	1.0232825524381681
Reovirales	CMCD240	1.055369386249072
Reovirales	CMCD259	1.0363501985106136
Reovirales	CMCD270	1.0363501985106136
Reovirales	CMCD275	1.0156702301952802
Reovirales	CMCD282	1.0232825524381681
Reovirales	CMCD286	1.055369386249072
Reovirales	CMCD287	1.055369386249072
Reovirales	CMCD294	1.0050706363566932
Reovirales	CMCD327	1.0132359195772147
Reovirales	CMCD335	1.0156702301952802
Reovirales	CMCD337	1.0232825524381681
Reovirales	CMCD357	1.0050706363566932
Reovirales	CMCD398	1.0132359195772147
Reovirales	CMCD403	1.0132359195772147
Reovirales	CMCD422	1.0232825524381681
Reovirales	CMCD426	1.0232825524381681
Reovirales	CMCD71	1.0132359195772147
Reovirales	CMCD72	1.0132359195772147
Reovirales	CMCD76	1.0156702301952802
Reovirales	CMCD88	1.0363501985106136
Reovirales	CMSA256	1.055369386249072
Reovirales	CMSA316	1.0050706363566932
Reovirales	CMUC110	1.0314713030119538
Reovirales	CMUC192	1.0363501985106136
Reovirales	CMUC199	3.0397077587316437
Reovirales	CMUC200	1.0363501985106136
Reovirales	CMUC208	1.0232825524381681
Reovirales	CMUC231	1.055369386249072
Reovirales	CMUC234	1.055369386249072
Reovirales	CMUC285	1.055369386249072
Reovirales	CMUC291	1.0363501985106136
Reovirales	CMUC295	1.0314713030119538
Reovirales	CMUC299	1.0363501985106136
Reovirales	CMUC301	1.0314713030119538
Reovirales	CMUC307	1.0232825524381681
Reovirales	CMUC313	1.0050706363566932
Reovirales	CMUC314	1.0156702301952802
Reovirales	CMUC323	1.0050706363566932
Reovirales	CMUC324	1.055369386249072
Reovirales	CMUC331	1.0156702301952802
Reovirales	CMUC333	1.0156702301952802
Reovirales	CMUC334	1.0132359195772147
Reovirales	CMUC346	1.0050706363566932
Reovirales	CMUC352	1.0132359195772147
Reovirales	CMUC360	1.0156702301952802
Reovirales	CMUC363	0.5078351150976401
Reovirales	CMUC365	1.0156702301952802
Reovirales	CMUC366	1.0132359195772147
Reovirales	CMUC368	1.0232825524381681
Reovirales	CMUC377	1.0132359195772147
Reovirales	CMUC379	1.0132359195772147
Reovirales	CMUC380	1.0156702301952802
Reovirales	CMUC383	1.0132359195772147
Reovirales	CMUC394	1.0132359195772147
Reovirales	CMUC419	1.0132359195772147
Reovirales	CMUC427	1.0314713030119538
Reovirales	CMUC428	1.0132359195772147
Reovirales	CMUC431	1.0363501985106136
Reovirales	CMUC435	1.0232825524381681
Reovirales	CMUC439	1.0132359195772147
Reovirales	CMUC89	1.0363501985106136
Reovirales	CS219	1.0156702301952802
Reovirales	CS256	1.0314713030119538
Reovirales	CS257	1.0050706363566932
Reovirales	CS259	1.0232825524381681
Reovirales	CS261	1.0132359195772147
Reovirales	CS266	1.0132359195772147
Reovirales	CS270	1.0156702301952802
Reovirales	CS277	1.0050706363566932
Reovirales	CS288	1.0050706363566932
Reovirales	CS290	1.0156702301952802
Reovirales	CS292	1.0050706363566932
Reovirales	CS293	1.0156702301952802
Reovirales	CS301	1.0132359195772147
Reovirales	CS306	1.0050706363566932
Reovirales	CS308	1.0132359195772147
Reovirales	CS315	1.0050706363566932
Reovirales	CS317	1.0132359195772147
Reovirales	CS322	1.0132359195772147
Reovirales	CS327	1.0050706363566932
Reovirales	CS328	0.5025353181783466
Reovirales	CS330	0.21159229143847316
Reovirales	CS331	0.5078351150976401
Reovirales	CS335	0.38564657642740124
Reovirales	CS338	0.9944776049335196
Reovirales	CS339	1.0314713030119538
Reovirales	CS343	1.0050706363566932
Reovirales	CS344	1.0050706363566932
Reovirales	CS350	0.18814441174417937
Reovirales	CS351	1.0050706363566932
Reovirales	CS361	1.0232825524381681
Reovirales	CS388	1.0232825524381681
Reovirales	CS396	1.0156702301952802
Reovirales	CS405	1.0314713030119538
Reovirales	CS415	3.0397077587316437
Reovirales	CS424	1.7354095939233058
Reovirales	IM293	1.0314713030119538
Reovirales	IM296	1.0156702301952802
Reovirales	IM297	1.0579614571923661
Reovirales	IM300	1.057961457192366
Reovirales	IM305	1.0132359195772147
Reovirales	IM309	1.0156702301952802
Reovirales	IM310	1.0156702301952802
Reovirales	IM311	0.19282328821370068
Reovirales	IM316	0.8019450764087378
Reovirales	IM320	0.7823862224344917
Reovirales	IM330	1.0050706363566932
Reovirales	IM332	0.6328493849576942
Reovirales	IM340	1.0132359195772147
Reovirales	IM348	1.0156702301952802
Reovirales	IM354	1.055369386249072
Reovirales	IM356	0.5801119362112197
Reovirales	IM364	1.0156702301952802
Reovirales	IM372	1.0050706363566932
Reovirales	IM374	1.0132359195772147
Reovirales	IM376	0.6961343234534635
Reovirales	IM381	1.0132359195772147
Reovirales	IM382	1.0156702301952802
Reovirales	IM385	1.057961457192366
Reovirales	IM390	1.0132359195772147
Reovirales	IM397	1.0232825524381681
Reovirales	IM404	1.0314713030119538
Reovirales	IM409	1.0156702301952802
Reovirales	IM412	1.0132359195772147
Reovirales	IM421	1.0156702301952802
Reovirales	IM425	1.0132359195772147
Reovirales	IM432	1.0156702301952802
Reovirales	IM438	1.0363501985106136
Reovirales	IM442	1.0314713030119538
Reovirales	IM445	1.0156702301952802
Reovirales	IM448	1.0132359195772147
Reovirales	IM449	1.0156702301952802
Reovirales	IM451	1.0156702301952802
Reovirales	IMSA256	1.057961457192366
Reovirales	IMSA276	1.0363501985106136
Reovirales	IMSA286	1.0363501985106136
Reovirales	IMSA343	1.0132359195772147
Reovirales	IS_238	1.0314713030119538
Reovirales	IS238	0.9944776049335196
Reovirales	IS243	1.0314713030119538
Reovirales	IS253	1.0363501985106136
Reovirales	IS283	1.0156702301952802
Reovirales	IS322	1.0156702301952802
Reovirales	IS399	1.0156702301952802
Reovirales	IS418	1.0132359195772147
Reovirales	IS430	1.0232825524381681
Reovirales	IS437	1.0132359195772147
Reovirales	IS444	1.0156702301952802
Reovirales	R276CMSA	1.0156702301952802
Reovirales	R286CMSA	1.0314713030119538
Reovirales	R292CMSA	1.0314713030119538
Reovirales	R292IMSA	1.0156702301952802
Reovirales	R308CMSA	1.0156702301952802
Reovirales	R316IMSA	1.0156702301952802
Reovirales	R347CMSA	1.0132359195772147
Reovirales	R347IMSA	1.0132359195772147
Reovirales	R371CMSA	1.0314713030119538
Reovirales	SRR10104064	NA
Reovirales	SRR10104065	NA
Reovirales	SRR10104066	NA
Reovirales	SRR10104067	NA
Reovirales	SRR10104068	NA
Reovirales	SRR10104069	NA
Reovirales	SRR10104070	NA
Reovirales	SRR10104071	NA
Reovirales	SRR10104072	NA
Reovirales	SRR10104073	NA
Reovirales	SRR10104074	NA
Reovirales	SRR10104075	NA
Reovirales	SRR10104076	NA
Reovirales	SRR10104077	NA
Reovirales	SRR10104078	NA
Reovirales	SRR10104079	NA
Reovirales	SRR10104080	NA
Reovirales	SRR10104081	NA
Reovirales	SRR10104082	NA
Reovirales	SRR10104083	NA
Reovirales	SRR10104084	NA
Reovirales	SRR10104085	NA
Reovirales	SRR10104086	NA
Reovirales	SRR10104087	NA
Reovirales	SRR10104088	NA
Reovirales	SRR10104089	NA
Reovirales	SRR10104090	NA
Reovirales	SRR10104091	NA
Reovirales	SRR10104092	NA
Reovirales	SRR10104093	NA
Reovirales	SRR10104094	NA
Reovirales	SRR10104095	NA
Reovirales	SRR10104096	NA
Reovirales	SRR10104097	NA
Reovirales	SRR10104098	NA
Reovirales	SRR10104099	NA
Reovirales	SRR10104100	NA
Reovirales	SRR10104101	NA
Reovirales	SRR10104102	NA
Reovirales	SRR10104103	NA
Reovirales	SRR10104104	NA
Reovirales	SRR10104105	NA
Reovirales	SRR10104106	NA
Reovirales	SRR10104107	NA
Reovirales	SRR10104108	NA
Reovirales	SRR10104109	NA
Reovirales	SRR10104110	NA
Reovirales	SRR10104111	NA
Reovirales	SRR10104112	NA
Reovirales	SRR10104113	NA
Reovirales	SRR10104114	NA
Reovirales	SRR10104115	NA
Reovirales	SRR10104116	NA
Reovirales	SRR10104117	NA
Reovirales	SRR10104118	NA
Reovirales	SRR10104119	NA
Reovirales	SRR10104120	NA
Reovirales	SRR10104121	NA
Reovirales	SRR10104122	NA
Reovirales	SRR10104123	NA
Reovirales	SRR10104124	NA
Reovirales	SRR10104125	NA
Reovirales	SRR10104126	NA
Reovirales	SRR10104127	NA
Reovirales	SRR10104128	NA
Reovirales	SRR10104129	NA
Reovirales	SRR10104130	NA
Reovirales	SRR10104131	NA
Reovirales	SRR10104132	NA
Reovirales	SRR10104133	NA
Reovirales	SRR10104134	NA
Reovirales	SRR10104135	NA
Reovirales	SRR10104136	NA
Reovirales	SRR10104137	NA
Reovirales	SRR10104138	NA
Reovirales	SRR10104139	NA
Reovirales	SRR10104140	NA
Reovirales	SRR10104141	NA
Reovirales	SRR10104142	NA
Reovirales	SRR10104143	NA
Reovirales	SRR10104144	NA
Reovirales	SRR10104145	NA
Reovirales	SRR10104146	NA
Reovirales	SRR10104147	NA
Reovirales	SRR10104148	NA
Reovirales	SRR10104149	NA
Reovirales	SRR10104150	NA
Reovirales	SRR10104151	NA
Reovirales	SRR10104152	NA
Reovirales	SRR10104153	NA
Reovirales	SRR10104154	NA
Reovirales	SRR10104155	NA
Reovirales	SRR10104156	NA
Reovirales	SRR10104157	NA
Reovirales	SRR10104158	NA
Reovirales	SRR10104159	NA
Reovirales	SRR10104160	NA
Reovirales	SRR10104161	NA
Reovirales	SRR10104162	NA
Reovirales	SRR10104163	NA
Reovirales	SRR10104164	NA
Reovirales	SRR10104165	NA
Reovirales	SRR10104166	NA
Reovirales	SRR10104167	NA
Reovirales	SRR10104168	NA
Reovirales	SRR10104169	NA
Reovirales	SRR10104170	NA
Reovirales	SRR10104171	NA
Reovirales	SRR10104172	NA
Reovirales	SRR10104173	NA
Reovirales	SRR10104174	NA
Reovirales	SRR10104175	NA
Reovirales	SRR10104176	NA
Reovirales	SRR10104177	NA
Reovirales	SRR10104178	NA
Reovirales	SRR10104179	NA
Reovirales	SRR10104180	NA
Reovirales	SRR10104181	NA
Reovirales	SRR10104182	NA
Reovirales	SRR10104183	NA
Reovirales	SRR10104184	NA
Reovirales	SRR10104185	NA
Reovirales	SRR10104186	NA
Reovirales	SRR10104187	NA
Reovirales	SRR10104188	NA
Reovirales	SRR10104189	NA
Reovirales	SRR10104190	NA
Reovirales	SRR10104191	NA
Reovirales	SRR10104192	NA
Reovirales	SRR10104193	NA
Reovirales	SRR10104194	NA
Reovirales	SRR10104195	NA
Reovirales	SRR10104196	NA
Reovirales	SRR10104197	NA
Reovirales	SRR10104198	NA
Reovirales	SRR10104199	NA
Reovirales	SRR10104200	NA
Reovirales	SRR10104201	NA
Reovirales	SRR10104202	NA
Reovirales	SRR10104203	NA
Reovirales	SRR10104204	NA
Reovirales	SRR10104205	NA
Reovirales	SRR10104206	NA
Reovirales	SRR10104207	NA
Reovirales	SRR10104208	NA
Reovirales	SRR10104209	NA
Reovirales	SRR10104210	NA
Reovirales	SRR10104211	NA
Reovirales	SRR10104212	NA
Reovirales	SRR10104213	NA
Reovirales	SRR10104214	NA
Reovirales	SRR10104215	NA
Reovirales	SRR10104216	NA
Reovirales	SRR10104217	NA
Reovirales	SRR10104218	NA
Reovirales	SRR10104219	NA
Reovirales	SRR10104220	NA
Reovirales	SRR10104221	NA
Reovirales	SRR10104222	NA
Reovirales	SRR10104223	NA
Reovirales	SRR10104224	NA
Reovirales	SRR10104225	NA
Reovirales	SRR10104226	NA
Reovirales	SRR10104227	NA
Reovirales	SRR10104228	NA
Reovirales	SRR10104229	NA
Reovirales	SRR10104230	NA
Reovirales	SRR10104231	NA
Reovirales	SRR10104232	NA
Reovirales	SRR10104233	NA
Reovirales	SRR10104234	NA
Reovirales	SRR10104235	NA
Reovirales	SRR10104236	NA
Reovirales	SRR10104237	NA
Reovirales	SRR10104238	NA
Reovirales	SRR10104239	NA
Reovirales	SRR10104240	NA
Reovirales	SRR10104241	NA
Reovirales	SRR10104242	NA
Reovirales	SRR10104243	NA
Reovirales	SRR10104244	NA
Reovirales	SRR10104245	NA
Reovirales	SRR10104246	NA
Reovirales	SRR10104247	NA
Reovirales	SRR10104248	NA
Reovirales	SRR10104249	NA
Reovirales	SRR10104250	NA
Reovirales	SRR10104251	NA
Reovirales	SRR10104252	NA
Reovirales	SRR10104253	NA
Reovirales	SRR10104254	NA
Reovirales	SRR10104255	NA
Reovirales	SRR10104256	NA
Reovirales	SRR10104257	NA
Reovirales	SRR10104258	NA
Reovirales	SRR10224277	1.094546367151891
Reovirales	SRR10224278	1.156939729282204
Reovirales	SRR10224279	1.156939729282204
Reovirales	SRR10224280	1.057961457192366
Reovirales	SRR10224281	1.1466766852212897
Reovirales	SRR10224282	1.094546367151891
Reovirales	SRR10224283	1.094546367151891
Reovirales	SRR10224284	1.1852624872237028
Reovirales	SRR10224285	1.1852624872237028
Reovirales	SRR10224286	1.094546367151891
Reovirales	SRR10224287	1.094546367151891
Reovirales	SRR10224288	1.156939729282204
Reovirales	SRR10224289	1.156939729282204
Reovirales	SRR10224290	1.1852624872237028
Reovirales	SRR10224291	1.141607906829209
Reovirales	SRR10224292	1.057961457192366
Reovirales	SRR10224293	1.094546367151891
Reovirales	SRR10224294	1.094546367151891
Reovirales	SRR10224295	1.1852624872237028
Reovirales	SRR10224296	1.141607906829209
Reovirales	SRR10224297	1.1852624872237028
Reovirales	SRR10224298	1.094546367151891
Reovirales	SRR10318388	NA
Reovirales	SRR10318389	NA
Reovirales	SRR10318390	NA
Reovirales	SRR10318391	NA
Reovirales	SRR10318392	NA
Reovirales	SRR10318393	NA
Reovirales	SRR10318394	NA
Reovirales	SRR10318395	NA
Reovirales	SRR10318396	NA
Reovirales	SRR10318397	NA
Reovirales	SRR10318398	NA
Reovirales	SRR10318399	NA
Reovirales	SRR10318400	NA
Reovirales	SRR10318401	NA
Reovirales	SRR10318402	NA
Reovirales	SRR10318403	NA
Reovirales	SRR10318404	NA
Reovirales	SRR10318405	NA
Reovirales	SRR10318406	NA
Reovirales	SRR10318407	NA
Reovirales	SRR10318408	NA
Reovirales	SRR10318409	NA
Reovirales	SRR10318410	NA
Reovirales	SRR10318411	NA
Reovirales	SRR10318412	NA
Reovirales	SRR10318413	NA
Reovirales	SRR10318414	NA
Reovirales	SRR10318415	NA
Reovirales	SRR10318416	NA
Reovirales	SRR10318417	NA
Reovirales	SRR10318418	NA
Reovirales	SRR10318419	NA
Reovirales	SRR10318420	NA
Reovirales	SRR10318421	NA
Reovirales	SRR10318422	NA
Reovirales	SRR10318423	NA
Reovirales	SRR10318424	NA
Reovirales	SRR10318425	NA
Reovirales	SRR10318426	NA
Reovirales	SRR10318427	NA
Reovirales	SRR10318428	NA
Reovirales	SRR10318429	NA
Reovirales	SRR10318430	NA
Reovirales	SRR10318431	NA
Reovirales	SRR10318432	NA
Reovirales	SRR10318433	NA
Reovirales	SRR10318434	NA
Reovirales	SRR10318435	NA
Reovirales	SRR10318436	NA
Reovirales	SRR10318437	NA
Reovirales	SRR10318438	NA
Reovirales	SRR10318439	NA
Reovirales	SRR10318440	NA
Reovirales	SRR10318441	NA
Reovirales	SRR10318442	NA
Reovirales	SRR10318443	NA
Reovirales	SRR10318444	NA
Reovirales	SRR10318445	NA
Reovirales	SRR10318446	NA
Reovirales	SRR10318447	NA
Reovirales	SRR10318448	NA
Reovirales	SRR10318449	NA
Reovirales	SRR10318450	NA
Reovirales	SRR10318451	NA
Reovirales	SRR10318452	NA
Reovirales	SRR10318453	NA
Reovirales	SRR10318454	NA
Reovirales	SRR10318455	NA
Reovirales	SRR10318456	NA
Reovirales	SRR10318457	NA
Reovirales	SRR10318458	NA
Reovirales	SRR10318459	NA
Reovirales	SRR10318460	NA
Reovirales	SRR10318461	NA
Reovirales	SRR10318462	NA
Reovirales	SRR10318463	NA
Reovirales	SRR10318464	NA
Reovirales	SRR10318465	NA
Reovirales	SRR10318466	NA
Reovirales	SRR10318467	NA
Reovirales	SRR10318468	NA
Reovirales	SRR10318469	NA
Reovirales	SRR10318470	NA
Reovirales	SRR10318471	NA
Reovirales	SRR10318472	NA
Reovirales	SRR10318473	NA
Reovirales	SRR10318474	NA
Reovirales	SRR10318475	NA
Reovirales	SRR10318476	NA
Reovirales	SRR10318495	NA
Reovirales	SRR10318496	NA
Reovirales	SRR10318497	NA
Reovirales	SRR10318498	NA
Reovirales	SRR10318499	NA
Reovirales	SRR10318500	NA
Reovirales	SRR10318501	NA
Reovirales	SRR10318502	NA
Reovirales	SRR10318503	NA
Reovirales	SRR10318504	NA
Reovirales	SRR10318505	NA
Reovirales	SRR10318506	NA
Reovirales	SRR10318507	NA
Reovirales	SRR10318508	NA
Reovirales	SRR10318509	NA
Reovirales	SRR10318510	NA
Reovirales	SRR10318511	NA
Reovirales	SRR10318512	NA
Reovirales	SRR10318513	NA
Reovirales	SRR10318514	NA
Reovirales	SRR10318515	NA
Reovirales	SRR10318516	NA
Reovirales	SRR10318517	NA
Reovirales	SRR10318518	NA
Reovirales	SRR10318519	NA
Reovirales	SRR10318520	NA
Reovirales	SRR10318521	NA
Reovirales	SRR10318522	NA
Reovirales	SRR10318523	NA
Reovirales	SRR10318524	NA
Reovirales	SRR10318525	NA
Reovirales	SRR10318526	NA
Reovirales	SRR10318527	NA
Reovirales	SRR10318528	NA
Reovirales	SRR10318529	NA
Reovirales	SRR10318530	NA
Reovirales	SRR10318531	NA
Reovirales	SRR10318532	NA
Reovirales	SRR10318533	NA
Reovirales	SRR10318534	NA
Reovirales	SRR10318535	NA
Reovirales	SRR10318536	NA
Reovirales	SRR10318537	NA
Reovirales	SRR10318538	NA
Reovirales	SRR10318539	NA
Reovirales	SRR10318540	NA
Reovirales	SRR10318541	NA
Reovirales	SRR10318542	NA
Reovirales	SRR10318543	NA
Reovirales	SRR10318544	NA
Reovirales	SRR10318545	NA
Reovirales	SRR10318546	NA
Reovirales	SRR10318547	NA
Reovirales	SRR10318548	NA
Reovirales	SRR10318549	NA
Reovirales	SRR10318568	NA
Reovirales	SRR10318569	NA
Reovirales	SRR10318570	NA
Reovirales	SRR10318571	NA
Reovirales	SRR10318572	NA
Reovirales	SRR10318573	NA
Reovirales	SRR10318574	NA
Reovirales	SRR10318575	NA
Reovirales	SRR10318576	NA
Reovirales	SRR10318577	NA
Reovirales	SRR10318578	NA
Reovirales	SRR10318579	NA
Reovirales	SRR10318580	NA
Reovirales	SRR10318581	NA
Reovirales	SRR10875803	1.055369386249072
Reovirales	SRR10875804	1.055369386249072
Reovirales	SRR10875805	1.055369386249072
Reovirales	SRR10875806	1.057961457192366
Reovirales	SRR10875807	1.0363501985106136
Reovirales	SRR10875808	1.055369386249072
Reovirales	SRR10875809	1.055369386249072
Reovirales	SRR10875810	1.0314713030119538
Reovirales	SRR10875812	1.055369386249072
Reovirales	SRR10875813	1.055369386249072
Reovirales	SRR10875814	1.057961457192366
Reovirales	SRR10875815	1.0363501985106136
Reovirales	SRR10875816	1.0363501985106136
Reovirales	SRR10875817	1.0363501985106136
Reovirales	SRR10875818	1.0314713030119538
Reovirales	SRR10875819	1.055369386249072
Reovirales	SRR10875820	1.057961457192366
Reovirales	SRR10875821	1.0363501985106136
Reovirales	SRR10875822	1.055369386249072
Reovirales	SRR10875823	1.094546367151891
Reovirales	SRR10875824	1.0363501985106136
Reovirales	SRR10875825	1.055369386249072
Reovirales	SRR10875826	1.055369386249072
Reovirales	SRR10875827	1.055369386249072
Reovirales	SRR10875829	1.0314713030119538
Reovirales	SRR10875830	1.057961457192366
Reovirales	SRR10875831	1.0363501985106136
Reovirales	SRR10875832	1.057961457192366
Reovirales	SRR10875834	1.0314713030119538
Reovirales	SRR10875835	1.0363501985106136
Reovirales	SRR10875836	1.0363501985106136
Reovirales	SRR10875837	1.055369386249072
Reovirales	SRR10875838	1.0314713030119538
Reovirales	SRR10875839	1.094546367151891
Reovirales	SRR10875840	1.055369386249072
Reovirales	SRR10875841	1.055369386249072
Reovirales	SRR10875842	1.057961457192366
Reovirales	SRR10875843	1.0314713030119538
Reovirales	SRR10875844	1.0314713030119538
Reovirales	SRR10875845	1.0363501985106136
Reovirales	SRR10875846	1.0363501985106136
Reovirales	SRR10875847	3.109050595531841
Reovirales	SRR10875848	1.0363501985106136
Reovirales	SRR10875849	1.055369386249072
Reovirales	SRR10875850	1.055369386249072
Reovirales	SRR10875851	1.0232825524381681
Reovirales	SRR10875852	1.0314713030119538
Reovirales	SRR10875853	1.055369386249072
Reovirales	SRR10875854	1.055369386249072
Reovirales	SRR10875855	1.0363501985106136
Reovirales	SRR10875856	1.055369386249072
Reovirales	SRR10875857	1.055369386249072
Reovirales	SRR10875858	1.057961457192366
Reovirales	SRR10875859	1.0363501985106136
Reovirales	SRR10875860	1.057961457192366
Reovirales	SRR10875861	1.0232825524381681
Reovirales	SRR10875862	1.0363501985106136
Reovirales	SRR10875863	1.055369386249072
Reovirales	SRR10875864	1.055369386249072
Reovirales	SRR10875865	1.057961457192366
Reovirales	SRR10875866	1.055369386249072
Reovirales	SRR10875867	1.0156702301952802
Reovirales	SRR10875868	1.055369386249072
Reovirales	SRR10875869	1.0314713030119538
Reovirales	SRR10875870	1.0363501985106136
Reovirales	SRR10875871	1.0363501985106136
Reovirales	SRR10875872	1.055369386249072
Reovirales	SRR10875873	1.057961457192366
Reovirales	SRR10875874	1.0314713030119538
Reovirales	SRR10875875	1.0363501985106136
Reovirales	SRR10875876	1.055369386249072
Reovirales	SRR10875877	1.057961457192366
Reovirales	SRR10875878	1.094546367151891
Reovirales	SRR10875879	1.0314713030119538
Reovirales	SRR10875880	1.055369386249072
Reovirales	SRR10875881	1.0363501985106136
Reovirales	SRR10875882	1.057961457192366
Reovirales	SRR10875883	1.055369386249072
Reovirales	SRR10875884	1.0363501985106136
Reovirales	SRR10875885	1.055369386249072
Reovirales	SRR10875886	1.057961457192366
Reovirales	SRR10875887	1.0363501985106136
Reovirales	SRR10875888	1.057961457192366
Reovirales	SRR10875889	1.057961457192366
Reovirales	SRR10875890	1.0314713030119538
Reovirales	SRR10875891	1.0314713030119538
Reovirales	SRR10875892	1.0363501985106136
Reovirales	SRR10875893	1.057961457192366
Reovirales	SRR10875894	1.0314713030119538
Reovirales	SRR10875895	1.0314713030119538
Reovirales	SRR10875896	1.0363501985106136
Reovirales	SRR10875897	1.0363501985106136
Reovirales	SRR10875898	2.0465651048763362
Reovirales	SRR10875899	1.0363501985106136
Reovirales	SRR10875900	1.055369386249072
Reovirales	SRR10875901	1.057961457192366
Reovirales	SRR10875902	1.055369386249072
Reovirales	SRR12430469	1.141607906829209
Reovirales	SRR12430470	1.141607906829209
Reovirales	SRR12430471	1.141607906829209
Reovirales	SRR12430472	1.141607906829209
Reovirales	SRR12430473	1.141607906829209
Reovirales	SRR12430474	1.141607906829209
Reovirales	SRR12430475	1.141607906829209
Reovirales	SRR12430476	1.1466766852212897
Reovirales	SRR12765534	NA
Reovirales	SRR12765535	NA
Reovirales	SRR12765536	NA
Reovirales	SRR12765537	NA
Reovirales	SRR12765538	NA
Reovirales	SRR12765539	NA
Reovirales	SRR12765540	NA
Reovirales	SRR12765541	NA
Reovirales	SRR12765542	NA
Reovirales	SRR12765543	NA
Reovirales	SRR12765544	NA
Reovirales	SRR12765545	NA
Reovirales	SRR12765546	NA
Reovirales	SRR12765547	NA
Reovirales	SRR12765548	NA
Reovirales	SRR12765549	NA
Reovirales	SRR12765550	NA
Reovirales	SRR12765551	NA
Reovirales	SRR12765552	NA
Reovirales	SRR12765553	NA
Reovirales	SRR12765554	NA
Reovirales	SRR12765555	NA
Reovirales	SRR12765556	NA
Reovirales	SRR12765557	NA
Reovirales	SRR12765558	NA
Reovirales	SRR12765559	NA
Reovirales	SRR12765560	NA
Reovirales	SRR12765561	NA
Reovirales	SRR12765562	NA
Reovirales	SRR12765563	NA
Reovirales	SRR12765564	NA
Reovirales	SRR12765565	NA
Reovirales	SRR12765566	NA
Reovirales	SRR12765567	NA
Reovirales	SRR12765568	NA
Reovirales	SRR12765569	NA
Reovirales	SRR12765570	NA
Reovirales	SRR12765571	NA
Reovirales	SRR12765572	NA
Reovirales	SRR12765573	NA
Reovirales	SRR12765574	NA
Reovirales	SRR12765575	NA
Reovirales	SRR12765576	NA
Reovirales	SRR12765577	NA
Reovirales	SRR12765578	NA
Reovirales	SRR12765579	NA
Reovirales	SRR12765580	NA
Reovirales	SRR12765581	NA
Reovirales	SRR12765582	NA
Reovirales	SRR12765583	NA
Reovirales	SRR12765584	NA
Reovirales	SRR12765585	NA
Reovirales	SRR12765586	NA
Reovirales	SRR12765587	NA
Reovirales	SRR12765588	NA
Reovirales	SRR12765589	NA
Reovirales	SRR12765590	NA
Reovirales	SRR12765591	NA
Reovirales	SRR12765592	NA
Reovirales	SRR12765593	NA
Reovirales	SRR12765594	NA
Reovirales	SRR12765595	NA
Reovirales	SRR12765596	NA
Reovirales	SRR12765597	NA
Reovirales	SRR12765598	NA
Reovirales	SRR12765599	NA
Reovirales	SRR12765600	NA
Reovirales	SRR12765601	NA
Reovirales	SRR12765602	NA
Reovirales	SRR12765603	NA
Reovirales	SRR12765604	NA
Reovirales	SRR12765605	NA
Reovirales	SRR12765606	NA
Reovirales	SRR12765607	NA
Reovirales	SRR12765608	NA
Reovirales	SRR12765609	NA
Reovirales	SRR12765610	NA
Reovirales	SRR12765611	NA
Reovirales	SRR12765612	NA
Reovirales	SRR12765613	NA
Reovirales	SRR12765614	NA
Reovirales	SRR12765615	NA
Reovirales	SRR12765616	NA
Reovirales	SRR12765617	NA
Reovirales	SRR12765618	NA
Reovirales	SRR12765619	NA
Reovirales	SRR12765620	NA
Reovirales	SRR12765621	NA
Reovirales	SRR12765622	NA
Reovirales	SRR12765623	NA
Reovirales	SRR12765624	NA
Reovirales	SRR12765625	NA
Reovirales	SRR12765626	NA
Reovirales	SRR12765627	NA
Reovirales	SRR12765628	NA
Reovirales	SRR12765629	NA
Reovirales	SRR12765630	NA
Reovirales	SRR12765631	NA
Reovirales	SRR12765632	NA
Reovirales	SRR12765633	NA
Reovirales	SRR12765634	NA
Reovirales	SRR12765635	NA
Reovirales	SRR12765636	NA
Reovirales	SRR12765637	NA
Reovirales	SRR12765638	NA
Reovirales	SRR12765639	NA
Reovirales	SRR12765640	NA
Reovirales	SRR12765641	NA
Reovirales	SRR12765642	NA
Reovirales	SRR12765643	NA
Reovirales	SRR12765644	NA
Reovirales	SRR12765645	NA
Reovirales	SRR12765646	NA
Reovirales	SRR12765647	NA
Reovirales	SRR12765648	NA
Reovirales	SRR12765649	NA
Reovirales	SRR12765650	NA
Reovirales	SRR12765651	NA
Reovirales	SRR12765652	NA
Reovirales	SRR12774664	1.141607906829209
Reovirales	SRR12774665	1.1466766852212897
Reovirales	SRR12774666	1.141607906829209
Reovirales	SRR12774667	1.141607906829209
Reovirales	SRR12774668	1.094546367151891
Reovirales	SRR12774669	1.094546367151891
Reovirales	SRR12774670	1.141607906829209
Reovirales	SRR12774671	1.141607906829209
Reovirales	SRR12774672	1.141607906829209
Reovirales	SRR12774673	1.141607906829209
Reovirales	SRR12774674	1.094546367151891
Reovirales	SRR12774675	1.141607906829209
Reovirales	SRR12774676	1.094546367151891
Reovirales	SRR12774677	1.1466766852212897
Reovirales	SRR12774678	1.141607906829209
Reovirales	SRR12774679	1.094546367151891
Reovirales	SRR12774680	1.094546367151891
Reovirales	SRR12774681	1.094546367151891
Reovirales	SRR12774682	1.141607906829209
Reovirales	SRR12774683	1.094546367151891
Reovirales	SRR12774684	1.094546367151891
Reovirales	SRR12774685	1.057961457192366
Reovirales	SRR12774686	1.057961457192366
Reovirales	SRR12774687	1.057961457192366
Reovirales	SRR1609360	1.1466766852212897
Reovirales	SRR1609361	1.1466766852212897
Reovirales	SRR1609362	1.1466766852212897
Reovirales	SRR1609363	1.1466766852212897
Reovirales	SRR1609364	1.1466766852212897
Reovirales	SRR1609365	1.1466766852212897
Reovirales	SRR1609366	1.1466766852212897
Reovirales	SRR1609367	1.141607906829209
Reovirales	SRR1609368	1.141607906829209
Reovirales	SRR1609369	1.141607906829209
Reovirales	SRR1609370	1.1466766852212897
Reovirales	SRR1609371	1.094546367151891
Reovirales	SRR1609372	1.1466766852212897
Reovirales	SRR1609373	1.1466766852212897
Reovirales	SRR1609374	1.1466766852212897
Reovirales	SRR1609375	1.1466766852212897
Reovirales	SRR1609376	1.1466766852212897
Reovirales	SRR1609377	1.141607906829209
Reovirales	SRR1609378	1.1466766852212897
Reovirales	SRR1609379	1.1466766852212897
Reovirales	SRR1609380	1.055369386249072
Reovirales	SRR1609381	1.1466766852212897
Reovirales	SRR1609382	1.141607906829209
Reovirales	SRR1609383	1.1466766852212897
Reovirales	SRR1609384	1.1466766852212897
Reovirales	SRR1609385	1.1466766852212897
Reovirales	SRR1609386	1.141607906829209
Reovirales	SRR1609387	1.1466766852212897
Reovirales	SRR1609388	1.1466766852212897
Reovirales	SRR1609389	1.1466766852212897
Reovirales	SRR1609390	1.1466766852212897
Reovirales	SRR1609391	1.094546367151891
Reovirales	SRR1609392	1.141607906829209
Reovirales	SRR1609393	1.1466766852212897
Reovirales	SRR1609394	1.1466766852212897
Reovirales	SRR1609395	1.1466766852212897
Reovirales	SRR1609396	1.1466766852212897
Reovirales	SRR1609397	1.1466766852212897
Reovirales	SRR1609398	1.1466766852212897
Reovirales	SRR1609399	1.1466766852212897
Reovirales	SRR1609400	1.1466766852212897
Reovirales	SRR1609401	1.1466766852212897
Reovirales	SRR1609402	1.1466766852212897
Reovirales	SRR1609403	1.141607906829209
Reovirales	SRR1609404	1.1466766852212897
Reovirales	SRR1609405	1.141607906829209
Reovirales	SRR1609406	1.141607906829209
Reovirales	SRR1609407	1.094546367151891
Reovirales	SRR1609408	1.1466766852212897
Reovirales	SRR1609409	1.141607906829209
Reovirales	SRR1609410	1.141607906829209
Reovirales	SRR1609411	1.1466766852212897
Reovirales	SRR1609412	1.1466766852212897
Reovirales	SRR1609413	1.1466766852212897
Reovirales	SRR1609414	1.094546367151891
Reovirales	SRR1609415	1.1466766852212897
Reovirales	SRR1609416	1.141607906829209
Reovirales	SRR1609417	1.1466766852212897
Reovirales	SRR1609418	1.1466766852212897
Reovirales	SRR1609419	1.1466766852212897
Reovirales	SRR1609420	1.141607906829209
Reovirales	SRR1609421	1.141607906829209
Reovirales	SRR1609422	1.1466766852212897
Reovirales	SRR1609423	1.1466766852212897
Reovirales	SRR1609424	1.1466766852212897
Reovirales	SRR1609425	1.1466766852212897
Reovirales	SRR1609426	1.1466766852212897
Reovirales	SRR1609427	1.1466766852212897
Reovirales	SRR1609428	1.1466766852212897
Reovirales	SRR1609429	1.141607906829209
Reovirales	SRR1609430	1.1466766852212897
Reovirales	SRR1609431	1.1466766852212897
Reovirales	SRR1609432	1.1466766852212897
Reovirales	SRR1609433	1.1466766852212897
Reovirales	SRR1609434	1.1466766852212897
Reovirales	SRR1609435	1.1466766852212897
Reovirales	SRR1609436	1.1466766852212897
Reovirales	SRR1609437	1.1466766852212897
Reovirales	SRR1609438	1.1852624872237028
Reovirales	SRR1609439	1.1852624872237028
Reovirales	SRR1609440	1.1466766852212897
Reovirales	SRR1609441	1.1466766852212897
Reovirales	SRR1609442	1.1466766852212897
Reovirales	SRR1609443	1.141607906829209
Reovirales	SRR1609444	1.141607906829209
Reovirales	SRR1609445	1.1466766852212897
Reovirales	SRR1609446	1.094546367151891
Reovirales	SRR1609447	1.1466766852212897
Reovirales	SRR1609448	1.141607906829209
Reovirales	SRR1609449	1.1466766852212897
Reovirales	SRR1609450	1.1466766852212897
Reovirales	SRR1609451	1.1466766852212897
Reovirales	SRR1609452	1.1852624872237028
Reovirales	SRR1609453	1.1466766852212897
Reovirales	SRR1609454	1.141607906829209
Reovirales	SRR1609455	1.1839102377796105
Reovirales	SRR1609456	1.1466766852212897
Reovirales	SRR1609457	1.1466766852212897
Reovirales	SRR1609458	1.156939729282204
Reovirales	SRR1609459	1.1466766852212897
Reovirales	SRR1609460	1.1466766852212897
Reovirales	SRR1609461	1.141607906829209
Reovirales	SRR1609462	1.141607906829209
Reovirales	SRR1609463	1.1466766852212897
Reovirales	SRR1609464	1.1466766852212897
Reovirales	SRR1609465	1.1466766852212897
Reovirales	SRR1609466	1.0232825524381681
Reovirales	SRR1609467	1.141607906829209
Reovirales	SRR1609468	1.1466766852212897
Reovirales	SRR1609469	1.1852624872237028
Reovirales	SRR1609470	1.1466766852212897
Reovirales	SRR1609471	1.1466766852212897
Reovirales	SRR1609472	1.141607906829209
Reovirales	SRR1609473	1.1466766852212897
Reovirales	SRR1609474	1.1466766852212897
Reovirales	SRR1609475	1.141607906829209
Reovirales	SRR1609476	1.1466766852212897
Reovirales	SRR1609477	1.1466766852212897
Reovirales	SRR1609478	1.1852624872237028
Reovirales	SRR1609479	1.1466766852212897
Reovirales	SRR1609480	1.1852624872237028
Reovirales	SRR1609481	1.094546367151891
Reovirales	SRR1609482	1.141607906829209
Reovirales	SRR1609483	1.1466766852212897
Reovirales	SRR1609484	1.141607906829209
Reovirales	SRR1609485	1.1466766852212897
Reovirales	SRR1609486	1.1466766852212897
Reovirales	SRR1609487	1.1466766852212897
Reovirales	SRR1609488	1.141607906829209
Reovirales	SRR1609489	1.1466766852212897
Reovirales	SRR1609490	1.141607906829209
Reovirales	SRR1609491	1.1466766852212897
Reovirales	SRR1609492	1.141607906829209
Reovirales	SRR1609493	1.141607906829209
Reovirales	SRR1609494	1.1466766852212897
Reovirales	SRR1609495	1.141607906829209
Reovirales	SRR1609496	1.141607906829209
Reovirales	SRR1609497	1.1466766852212897
Reovirales	SRR1609498	1.141607906829209
Reovirales	SRR1609499	1.1466766852212897
Reovirales	SRR1609500	1.1466766852212897
Reovirales	SRR1609501	1.1466766852212897
Reovirales	SRR1609502	1.141607906829209
Reovirales	SRR1609503	1.1852624872237028
Reovirales	SRR1609504	1.141607906829209
Reovirales	SRR1609505	1.141607906829209
Reovirales	SRR1609506	1.1466766852212897
Reovirales	SRR1609507	1.141607906829209
Reovirales	SRR1609508	1.1466766852212897
Reovirales	SRR1609509	1.1466766852212897
Reovirales	SRR1609510	1.141607906829209
Reovirales	SRR1609511	1.1466766852212897
Reovirales	SRR1609512	1.141607906829209
Reovirales	SRR1609513	1.141607906829209
Reovirales	SRR1609514	1.1466766852212897
Reovirales	SRR1609515	1.141607906829209
Reovirales	SRR1609516	1.1466766852212897
Reovirales	SRR1609517	1.141607906829209
Reovirales	SRR1609518	1.1466766852212897
Reovirales	SRR1609519	1.141607906829209
Reovirales	SRR1609520	1.141607906829209
Reovirales	SRR1609521	1.1466766852212897
Reovirales	SRR1609522	1.141607906829209
Reovirales	SRR1609523	1.1466766852212897
Reovirales	SRR1609524	1.1466766852212897
Reovirales	SRR1609525	1.141607906829209
Reovirales	SRR1609526	1.1466766852212897
Reovirales	SRR1609527	1.141607906829209
Reovirales	SRR1609528	1.1466766852212897
Reovirales	SRR1609529	1.1466766852212897
Reovirales	SRR1609530	1.1466766852212897
Reovirales	SRR1609531	1.141607906829209
Reovirales	SRR1609532	1.1466766852212897
Reovirales	SRR1609533	1.1466766852212897
Reovirales	SRR1609534	1.094546367151891
Reovirales	SRR1609535	1.1466766852212897
Reovirales	SRR1609536	1.1466766852212897
Reovirales	SRR1609537	1.141607906829209
Reovirales	SRR1609538	1.141607906829209
Reovirales	SRR1609539	1.141607906829209
Reovirales	SRR1609540	1.141607906829209
Reovirales	SRR1609541	1.094546367151891
Reovirales	SRR1609542	1.1466766852212897
Reovirales	SRR1609543	1.1466766852212897
Reovirales	SRR1609544	1.1466766852212897
Reovirales	SRR1609545	1.141607906829209
Reovirales	SRR1609546	1.1466766852212897
Reovirales	SRR1609547	1.1466766852212897
Reovirales	SRR1609548	1.1466766852212897
Reovirales	SRR1609549	1.141607906829209
Reovirales	SRR1609550	1.1466766852212897
Reovirales	SRR1609551	1.141607906829209
Reovirales	SRR1609552	1.1466766852212897
Reovirales	SRR1609553	1.1466766852212897
Reovirales	SRR1609554	1.1466766852212897
Reovirales	SRR1609555	1.1466766852212897
Reovirales	SRR1609556	1.1466766852212897
Reovirales	SRR1609557	1.1466766852212897
Reovirales	SRR1609558	1.141607906829209
Reovirales	SRR1609559	1.1466766852212897
Reovirales	SRR1609560	1.141607906829209
Reovirales	SRR1609561	1.141607906829209
Reovirales	SRR1609562	1.141607906829209
Reovirales	SRR1609563	1.141607906829209
Reovirales	SRR1609564	1.1466766852212897
Reovirales	SRR1609565	1.1466766852212897
Reovirales	SRR1609566	1.1466766852212897
Reovirales	SRR1609567	1.1852624872237028
Reovirales	SRR1609568	1.1466766852212897
Reovirales	SRR1609569	1.1466766852212897
Reovirales	SRR1609570	1.141607906829209
Reovirales	SRR1609571	1.141607906829209
Reovirales	SRR1609572	1.1852624872237028
Reovirales	SRR1609573	1.1466766852212897
Reovirales	SRR1609574	1.094546367151891
Reovirales	SRR1609575	1.1852624872237028
Reovirales	SRR1609576	1.1466766852212897
Reovirales	SRR1609577	1.1466766852212897
Reovirales	SRR1609578	1.1466766852212897
Reovirales	SRR1609579	1.1466766852212897
Reovirales	SRR1609580	1.141607906829209
Reovirales	SRR1609581	1.141607906829209
Reovirales	SRR1609582	1.1466766852212897
Reovirales	SRR1609583	1.141607906829209
Reovirales	SRR1609584	1.1466766852212897
Reovirales	SRR1609585	1.1466766852212897
Reovirales	SRR1609586	1.1466766852212897
Reovirales	SRR1609587	1.1466766852212897
Reovirales	SRR1609588	1.141607906829209
Reovirales	SRR1609589	1.1466766852212897
Reovirales	SRR1609590	1.1466766852212897
Reovirales	SRR1609591	1.1466766852212897
Reovirales	SRR1609592	1.1466766852212897
Reovirales	SRR1609593	1.141607906829209
Reovirales	SRR1609594	1.141607906829209
Reovirales	SRR1609595	1.1466766852212897
Reovirales	SRR1609596	1.1466766852212897
Reovirales	SRR1609597	1.1466766852212897
Reovirales	SRR1609598	1.141607906829209
Reovirales	SRR1609599	1.1466766852212897
Reovirales	SRR1609600	1.1466766852212897
Reovirales	SRR1609601	1.094546367151891
Reovirales	SRR1609602	1.1466766852212897
Reovirales	SRR1609603	1.141607906829209
Reovirales	SRR1609604	1.1466766852212897
Reovirales	SRR1609605	1.1466766852212897
Reovirales	SRR1609606	1.1466766852212897
Reovirales	SRR1609607	1.1466766852212897
Reovirales	SRR1609608	1.141607906829209
Reovirales	SRR1609609	1.1466766852212897
Reovirales	SRR1609610	1.1466766852212897
Reovirales	SRR1609611	1.1466766852212897
Reovirales	SRR1609612	1.141607906829209
Reovirales	SRR1609613	1.1466766852212897
Reovirales	SRR1609614	1.1466766852212897
Reovirales	SRR1609615	1.141607906829209
Reovirales	SRR1609616	1.094546367151891
Reovirales	SRR1609617	1.1466766852212897
Reovirales	SRR1609618	1.1466766852212897
Reovirales	SRR1609619	1.1466766852212897
Reovirales	SRR1609620	1.1466766852212897
Reovirales	SRR1609621	1.1852624872237028
Reovirales	SRR1609622	1.1852624872237028
Reovirales	SRR1609623	1.1852624872237028
Reovirales	SRR1609624	1.156939729282204
Reovirales	SRR1609625	1.1466766852212897
Reovirales	SRR1609626	1.1466766852212897
Reovirales	SRR1609627	1.1852624872237028
Reovirales	SRR1609628	1.1466766852212897
Reovirales	SRR1609629	1.1466766852212897
Reovirales	SRR1609630	1.1466766852212897
Reovirales	SRR1609631	1.1466766852212897
Reovirales	SRR1609632	1.1466766852212897
Reovirales	SRR1609633	1.141607906829209
Reovirales	SRR1609634	1.1466766852212897
Reovirales	SRR1609635	1.141607906829209
Reovirales	SRR1609636	1.141607906829209
Reovirales	SRR1609637	1.1466766852212897
Reovirales	SRR1609638	1.1852624872237028
Reovirales	SRR1609639	1.1466766852212897
Reovirales	SRR1609640	1.1466766852212897
Reovirales	SRR1609641	1.1852624872237028
Reovirales	SRR1609642	1.141607906829209
Reovirales	SRR1609643	1.1466766852212897
Reovirales	SRR1609644	1.1466766852212897
Reovirales	SRR1609645	1.141607906829209
Reovirales	SRR1609646	1.141607906829209
Reovirales	SRR1609647	1.1466766852212897
Reovirales	SRR1609648	1.141607906829209
Reovirales	SRR1609649	1.1466766852212897
Reovirales	SRR1609650	1.1466766852212897
Reovirales	SRR1609651	1.1466766852212897
Reovirales	SRR1609652	1.1466766852212897
Reovirales	SRR1609653	1.1466766852212897
Reovirales	SRR1609654	1.094546367151891
Reovirales	SRR1609655	1.141607906829209
Reovirales	SRR1609656	1.1466766852212897
Reovirales	SRR1609657	1.1852624872237028
Reovirales	SRR1609658	1.1466766852212897
Reovirales	SRR1609659	1.1466766852212897
Reovirales	SRR1609660	1.141607906829209
Reovirales	SRR1609661	1.1466766852212897
Reovirales	SRR1609662	1.1466766852212897
Reovirales	SRR1609663	1.141607906829209
Reovirales	SRR1609664	1.1466766852212897
Reovirales	SRR1609665	1.141607906829209
Reovirales	SRR1609666	1.1466766852212897
Reovirales	SRR1609667	1.1466766852212897
Reovirales	SRR1609668	1.1466766852212897
Reovirales	SRR1609669	1.1466766852212897
Reovirales	SRR1746771	NA
Reovirales	SRR1746772	NA
Reovirales	SRR1746773	NA
Reovirales	SRR1746774	NA
Reovirales	SRR1746775	NA
Reovirales	SRR1746776	NA
Reovirales	SRR1746777	NA
Reovirales	SRR1746778	NA
Reovirales	SRR1746779	NA
Reovirales	SRR1746780	NA
Reovirales	SRR1746781	NA
Reovirales	SRR1746782	NA
Reovirales	SRR1746783	NA
Reovirales	SRR1746784	NA
Reovirales	SRR1782685	1.1466766852212897
Reovirales	SRR1782686	1.141607906829209
Reovirales	SRR1782687	1.1466766852212897
Reovirales	SRR1782688	1.1466766852212897
Reovirales	SRR1782689	1.141607906829209
Reovirales	SRR1782690	1.141607906829209
Reovirales	SRR1782691	1.1466766852212897
Reovirales	SRR1782692	1.1466766852212897
Reovirales	SRR1782693	1.141607906829209
Reovirales	SRR1782694	1.1466766852212897
Reovirales	SRR1782695	1.1466766852212897
Reovirales	SRR1782696	1.1466766852212897
Reovirales	SRR1782697	1.141607906829209
Reovirales	SRR1782698	1.1466766852212897
Reovirales	SRR1782699	1.1466766852212897
Reovirales	SRR1782700	1.1466766852212897
Reovirales	SRR1782701	1.141607906829209
Reovirales	SRR1782702	1.141607906829209
Reovirales	SRR1782703	1.1466766852212897
Reovirales	SRR1782704	1.055369386249072
Reovirales	SRR1782705	1.141607906829209
Reovirales	SRR1782706	1.1466766852212897
Reovirales	SRR1782707	1.141607906829209
Reovirales	SRR1782708	1.1466766852212897
Reovirales	SRR1782709	1.1466766852212897
Reovirales	SRR1782710	1.1466766852212897
Reovirales	SRR1782711	1.1466766852212897
Reovirales	SRR1782712	1.1466766852212897
Reovirales	SRR1782713	1.141607906829209
Reovirales	SRR1782714	1.141607906829209
Reovirales	SRR1782715	1.1466766852212897
Reovirales	SRR1782716	1.1466766852212897
Reovirales	SRR1782717	1.1466766852212897
Reovirales	SRR1782718	1.1466766852212897
Reovirales	SRR1782719	1.1466766852212897
Reovirales	SRR1782720	1.1466766852212897
Reovirales	SRR1782721	1.0232825524381681
Reovirales	SRR1782722	1.141607906829209
Reovirales	SRR1782723	1.1466766852212897
Reovirales	SRR1782724	1.094546367151891
Reovirales	SRR1782725	1.1466766852212897
Reovirales	SRR1782726	1.1466766852212897
Reovirales	SRR1782727	1.141607906829209
Reovirales	SRR1782728	1.094546367151891
Reovirales	SRR1782729	1.1466766852212897
Reovirales	SRR1782730	1.094546367151891
Reovirales	SRR1782731	1.1466766852212897
Reovirales	SRR1782732	1.1466766852212897
Reovirales	SRR1782733	1.1466766852212897
Reovirales	SRR1782734	1.1466766852212897
Reovirales	SRR1782735	1.1466766852212897
Reovirales	SRR1782736	1.1466766852212897
Reovirales	SRR1782737	1.1466766852212897
Reovirales	SRR1782738	1.1466766852212897
Reovirales	SRR1782739	1.1466766852212897
Reovirales	SRR1782740	1.1466766852212897
Reovirales	SRR1782741	1.1466766852212897
Reovirales	SRR1782742	1.1466766852212897
Reovirales	SRR1782743	1.1466766852212897
Reovirales	SRR1782744	1.1466766852212897
Reovirales	SRR1782745	1.1466766852212897
Reovirales	SRR1782746	1.1466766852212897
Reovirales	SRR1782747	1.1466766852212897
Reovirales	SRR1782748	1.1466766852212897
Reovirales	SRR1782749	1.1466766852212897
Reovirales	SRR1782750	1.141607906829209
Reovirales	SRR1782751	1.141607906829209
Reovirales	SRR1782752	1.1466766852212897
Reovirales	SRR1782753	1.1466766852212897
Reovirales	SRR1782754	1.1466766852212897
Reovirales	SRR1782755	1.1466766852212897
Reovirales	SRR1782756	1.1466766852212897
Reovirales	SRR1782757	1.1466766852212897
Reovirales	SRR1782758	1.094546367151891
Reovirales	SRR1782759	1.141607906829209
Reovirales	SRR1782760	1.141607906829209
Reovirales	SRR1782761	1.141607906829209
Reovirales	SRR1782762	1.094546367151891
Reovirales	SRR1782763	1.141607906829209
Reovirales	SRR1782764	1.1466766852212897
Reovirales	SRR1782765	1.141607906829209
Reovirales	SRR1782766	1.1466766852212897
Reovirales	SRR1782767	1.1466766852212897
Reovirales	SRR1782768	1.1466766852212897
Reovirales	SRR1782769	1.1466766852212897
Reovirales	SRR1782770	1.1466766852212897
Reovirales	SRR1782771	1.141607906829209
Reovirales	SRR1782772	1.141607906829209
Reovirales	SRR1782773	1.1466766852212897
Reovirales	SRR1782774	1.1466766852212897
Reovirales	SRR1782775	1.1466766852212897
Reovirales	SRR1782776	1.141607906829209
Reovirales	SRR1782777	1.1466766852212897
Reovirales	SRR1782778	1.1466766852212897
Reovirales	SRR1782779	1.094546367151891
Reovirales	SRR1782780	1.141607906829209
Reovirales	SRR1782781	1.094546367151891
Reovirales	SRR1782782	1.1466766852212897
Reovirales	SRR1782783	1.141607906829209
Reovirales	SRR1782784	1.141607906829209
Reovirales	SRR1782785	1.1466766852212897
Reovirales	SRR1782786	1.141607906829209
Reovirales	SRR1782787	1.141607906829209
Reovirales	SRR1782788	1.1466766852212897
Reovirales	SRR1782789	1.1466766852212897
Reovirales	SRR1782790	1.141607906829209
Reovirales	SRR1782791	1.1466766852212897
Reovirales	SRR1782792	1.1466766852212897
Reovirales	SRR1782793	1.1466766852212897
Reovirales	SRR1782794	1.1466766852212897
Reovirales	SRR1782795	1.1466766852212897
Reovirales	SRR1782796	1.141607906829209
Reovirales	SRR1782797	1.141607906829209
Reovirales	SRR1782798	1.1466766852212897
Reovirales	SRR1782799	1.1466766852212897
Reovirales	SRR1782800	1.1466766852212897
Reovirales	SRR1782801	1.1466766852212897
Reovirales	SRR1782802	1.1466766852212897
Reovirales	SRR1782803	1.1466766852212897
Reovirales	SRR1782804	1.141607906829209
Reovirales	SRR1782805	1.1466766852212897
Reovirales	SRR1782806	1.1466766852212897
Reovirales	SRR1782807	1.1466766852212897
Reovirales	SRR1782808	1.141607906829209
Reovirales	SRR1782809	1.1466766852212897
Reovirales	SRR1782810	1.094546367151891
Reovirales	SRR1782811	1.094546367151891
Reovirales	SRR1782812	1.141607906829209
Reovirales	SRR1782813	1.141607906829209
Reovirales	SRR1782814	1.141607906829209
Reovirales	SRR1782815	1.141607906829209
Reovirales	SRR1782816	1.141607906829209
Reovirales	SRR1782817	1.141607906829209
Reovirales	SRR1782818	1.141607906829209
Reovirales	SRR1782819	1.141607906829209
Reovirales	SRR1782820	1.141607906829209
Reovirales	SRR1782821	1.141607906829209
Reovirales	SRR1782822	1.141607906829209
Reovirales	SRR1782823	1.141607906829209
Reovirales	SRR1782824	1.1466766852212897
Reovirales	SRR1782825	1.1466766852212897
Reovirales	SRR1782826	1.1466766852212897
Reovirales	SRR1782827	1.1852624872237028
Reovirales	SRR1782828	1.1852624872237028
Reovirales	SRR1782829	1.1852624872237028
Reovirales	SRR1782830	1.1852624872237028
Reovirales	SRR1782831	1.1852624872237028
Reovirales	SRR1782832	1.1852624872237028
Reovirales	SRR1782833	1.1852624872237028
Reovirales	SRR1782834	1.1852624872237028
Reovirales	SRR1782835	1.1852624872237028
Reovirales	SRR1782836	1.1852624872237028
Reovirales	SRR1782837	1.1852624872237028
Reovirales	SRR1782838	1.1852624872237028
Reovirales	SRR1782839	1.1852624872237028
Reovirales	SRR1782840	1.1852624872237028
Reovirales	SRR1782841	1.1852624872237028
Reovirales	SRR1782842	1.1852624872237028
Reovirales	SRR1782843	1.1852624872237028
Reovirales	SRR1782844	1.1852624872237028
Reovirales	SRR1782845	1.1852624872237028
Reovirales	SRR1782846	1.1852624872237028
Reovirales	SRR1782847	1.1466766852212897
Reovirales	SRR1782848	1.156939729282204
Reovirales	SRR1782849	1.156939729282204
Reovirales	SRR1782850	1.1839102377796105
Reovirales	SRR1782851	1.1852624872237028
Reovirales	SRR1782852	1.1852624872237028
Reovirales	SRR1782853	1.1852624872237028
Reovirales	SRR1782854	1.1466766852212897
Reovirales	SRR1782855	1.141607906829209
Reovirales	SRR1782856	1.1466766852212897
Reovirales	SRR1782857	1.1466766852212897
Reovirales	SRR1782858	1.1466766852212897
Reovirales	SRR1782859	1.1466766852212897
Reovirales	SRR1782860	1.1466766852212897
Reovirales	SRR1782861	1.1466766852212897
Reovirales	SRR1782862	1.141607906829209
Reovirales	SRR1782863	1.1466766852212897
Reovirales	SRR1782864	1.1466766852212897
Reovirales	SRR1782865	1.1466766852212897
Reovirales	SRR1782866	1.1466766852212897
Reovirales	SRR1782867	1.1466766852212897
Reovirales	SRR1782868	1.1466766852212897
Reovirales	SRR1782869	1.1466766852212897
Reovirales	SRR1782870	1.1466766852212897
Reovirales	SRR1782871	1.1466766852212897
Reovirales	SRR1782872	1.141607906829209
Reovirales	SRR1782873	1.1466766852212897
Reovirales	SRR1782874	1.141607906829209
Reovirales	SRR1782875	1.1466766852212897
Reovirales	SRR1782876	1.141607906829209
Reovirales	SRR1782877	1.141607906829209
Reovirales	SRR1782878	1.1466766852212897
Reovirales	SRR1782879	1.1466766852212897
Reovirales	SRR1782880	1.1466766852212897
Reovirales	SRR1782881	1.1466766852212897
Reovirales	SRR1782882	1.141607906829209
Reovirales	SRR1782883	1.141607906829209
Reovirales	SRR1782884	1.1466766852212897
Reovirales	SRR1782885	1.141607906829209
Reovirales	SRR1782886	1.141607906829209
Reovirales	SRR1782887	1.141607906829209
Reovirales	SRR1782888	1.1466766852212897
Reovirales	SRR1782889	1.1466766852212897
Reovirales	SRR1782890	1.1466766852212897
Reovirales	SRR1782891	1.1466766852212897
Reovirales	SRR1782892	1.1466766852212897
Reovirales	SRR1782893	1.1466766852212897
Reovirales	SRR1782894	1.1466766852212897
Reovirales	SRR1782895	1.141607906829209
Reovirales	SRR1782896	1.1466766852212897
Reovirales	SRR1782897	1.1466766852212897
Reovirales	SRR1782898	1.1466766852212897
Reovirales	SRR1782899	1.141607906829209
Reovirales	SRR1782900	1.141607906829209
Reovirales	SRR1782901	1.1466766852212897
Reovirales	SRR1782902	1.1466766852212897
Reovirales	SRR1782903	1.1466766852212897
Reovirales	SRR1782904	1.141607906829209
Reovirales	SRR1782905	1.1466766852212897
Reovirales	SRR1782906	1.1466766852212897
Reovirales	SRR1782907	1.1466766852212897
Reovirales	SRR1782908	1.1466766852212897
Reovirales	SRR1782909	1.141607906829209
Reovirales	SRR1782910	1.1466766852212897
Reovirales	SRR1782911	1.1466766852212897
Reovirales	SRR1782912	1.1466766852212897
Reovirales	SRR1782913	1.141607906829209
Reovirales	SRR1782914	1.141607906829209
Reovirales	SRR1782915	1.1466766852212897
Reovirales	SRR1782916	1.1466766852212897
Reovirales	SRR1782917	1.1466766852212897
Reovirales	SRR1782918	1.094546367151891
Reovirales	SRR1782919	1.141607906829209
Reovirales	SRR1782920	1.1466766852212897
Reovirales	SRR1782921	1.1466766852212897
Reovirales	SRR1782922	1.1466766852212897
Reovirales	SRR1782923	1.1466766852212897
Reovirales	SRR1782924	1.1466766852212897
Reovirales	SRR1782925	1.1466766852212897
Reovirales	SRR1782926	1.1466766852212897
Reovirales	SRR1782927	1.1466766852212897
Reovirales	SRR1782928	1.1466766852212897
Reovirales	SRR1782929	1.1466766852212897
Reovirales	SRR1782930	1.1466766852212897
Reovirales	SRR1782931	1.1466766852212897
Reovirales	SRR1782932	1.141607906829209
Reovirales	SRR1782933	1.141607906829209
Reovirales	SRR1782934	1.1466766852212897
Reovirales	SRR1782935	1.141607906829209
Reovirales	SRR1782936	1.1466766852212897
Reovirales	SRR1782937	1.1466766852212897
Reovirales	SRR1782938	1.1852624872237028
Reovirales	SRR1782939	1.1466766852212897
Reovirales	SRR1782940	1.1466766852212897
Reovirales	SRR1782941	1.141607906829209
Reovirales	SRR1782942	1.1466766852212897
Reovirales	SRR1782943	1.1466766852212897
Reovirales	SRR1782944	1.1466766852212897
Reovirales	SRR1782945	1.094546367151891
Reovirales	SRR1782946	1.1466766852212897
Reovirales	SRR1782947	1.1466766852212897
Reovirales	SRR1782948	1.141607906829209
Reovirales	SRR1782949	1.141607906829209
Reovirales	SRR1782950	1.141607906829209
Reovirales	SRR1782951	1.141607906829209
Reovirales	SRR1782952	1.141607906829209
Reovirales	SRR1782953	1.141607906829209
Reovirales	SRR1782954	1.1466766852212897
Reovirales	SRR1782955	1.141607906829209
Reovirales	SRR1782956	1.141607906829209
Reovirales	SRR1782957	1.1466766852212897
Reovirales	SRR1782958	1.1466766852212897
Reovirales	SRR1782959	1.1466766852212897
Reovirales	SRR1782960	1.141607906829209
Reovirales	SRR1782961	1.1466766852212897
Reovirales	SRR1782962	1.1466766852212897
Reovirales	SRR1782963	1.141607906829209
Reovirales	SRR1782964	1.1466766852212897
Reovirales	SRR1782965	1.1466766852212897
Reovirales	SRR1782966	1.1466766852212897
Reovirales	SRR1782967	1.141607906829209
Reovirales	SRR1782968	1.1466766852212897
Reovirales	SRR1782969	1.1466766852212897
Reovirales	SRR1782970	1.1466766852212897
Reovirales	SRR1782971	1.1466766852212897
Reovirales	SRR1782972	1.1466766852212897
Reovirales	SRR1782973	1.1466766852212897
Reovirales	SRR1782974	1.141607906829209
Reovirales	SRR1782975	1.1466766852212897
Reovirales	SRR1782976	1.1466766852212897
Reovirales	SRR1782977	1.1466766852212897
Reovirales	SRR1782978	1.141607906829209
Reovirales	SRR1782979	1.1466766852212897
Reovirales	SRR1782980	1.1466766852212897
Reovirales	SRR1782981	1.1466766852212897
Reovirales	SRR1782982	1.1466766852212897
Reovirales	SRR1782983	1.1466766852212897
Reovirales	SRR1782984	1.1466766852212897
Reovirales	SRR1782985	1.141607906829209
Reovirales	SRR1782986	1.141607906829209
Reovirales	SRR1782987	1.1466766852212897
Reovirales	SRR1782988	1.1466766852212897
Reovirales	SRR1782989	1.1466766852212897
Reovirales	SRR1782990	1.141607906829209
Reovirales	SRR1782991	1.1466766852212897
Reovirales	SRR1782992	1.1466766852212897
Reovirales	SRR1782993	1.1466766852212897
Reovirales	SRR1782994	1.141607906829209
Reovirales	SRR1782995	1.1466766852212897
Reovirales	SRR1782996	1.1466766852212897
Reovirales	SRR1782997	1.141607906829209
Reovirales	SRR1782998	1.141607906829209
Reovirales	SRR1782999	1.141607906829209
Reovirales	SRR1783000	1.1466766852212897
Reovirales	SRR1783001	1.1466766852212897
Reovirales	SRR1783002	1.1466766852212897
Reovirales	SRR1783003	1.1466766852212897
Reovirales	SRR1783004	1.1466766852212897
Reovirales	SRR1783005	1.141607906829209
Reovirales	SRR1783006	1.1466766852212897
Reovirales	SRR1813867	NA
Reovirales	SRR1813868	NA
Reovirales	SRR1813869	NA
Reovirales	SRR1813870	NA
Reovirales	SRR1813871	NA
Reovirales	SRR1813872	NA
Reovirales	SRR1813873	NA
Reovirales	SRR1813874	NA
Reovirales	SRR1813875	NA
Reovirales	SRR1813876	NA
Reovirales	SRR1813877	NA
Reovirales	SRR1813878	NA
Reovirales	SRR1813879	NA
Reovirales	SRR1813880	NA
Reovirales	SRR1813881	NA
Reovirales	SRR1813882	NA
Reovirales	SRR1813883	NA
Reovirales	SRR1813884	NA
Reovirales	SRR1813885	NA
Reovirales	SRR1813886	NA
Reovirales	SRR1813887	NA
Reovirales	SRR1928188	NA
Reovirales	SRR1928189	NA
Reovirales	SRR1928190	NA
Reovirales	SRR1928191	NA
Reovirales	SRR1928192	NA
Reovirales	SRR1928193	NA
Reovirales	SRR2046996	1.141607906829209
Reovirales	SRR2046997	1.141607906829209
Reovirales	SRR2046998	1.057961457192366
Reovirales	SRR2046999	1.141607906829209
Reovirales	SRR2047000	1.141607906829209
Reovirales	SRR2047001	1.141607906829209
Reovirales	SRR2047002	1.141607906829209
Reovirales	SRR2047003	1.094546367151891
Reovirales	SRR2047004	1.141607906829209
Reovirales	SRR2047005	1.141607906829209
Reovirales	SRR2047006	1.094546367151891
Reovirales	SRR2047007	1.094546367151891
Reovirales	SRR2047008	1.141607906829209
Reovirales	SRR2047009	1.141607906829209
Reovirales	SRR2313973	NA
Reovirales	SRR2313974	NA
Reovirales	SRR2313975	NA
Reovirales	SRR2313976	NA
Reovirales	SRR2313977	NA
Reovirales	SRR2313978	NA
Reovirales	SRR2313979	NA
Reovirales	SRR2313980	NA
Reovirales	SRR2313981	NA
Reovirales	SRR2313982	NA
Reovirales	SRR2313983	NA
Reovirales	SRR2313984	NA
Reovirales	SRR2313985	NA
Reovirales	SRR2313986	NA
Reovirales	SRR2313987	NA
Reovirales	SRR2313988	NA
Reovirales	SRR2313989	NA
Reovirales	SRR2313990	NA
Reovirales	SRR2313991	NA
Reovirales	SRR2313992	NA
Reovirales	SRR2313993	NA
Reovirales	SRR2313994	NA
Reovirales	SRR2313995	NA
Reovirales	SRR2313996	NA
Reovirales	SRR2313997	NA
Reovirales	SRR2313998	NA
Reovirales	SRR2313999	NA
Reovirales	SRR2314000	NA
Reovirales	SRR2314001	NA
Reovirales	SRR2314002	NA
Reovirales	SRR2314003	NA
Reovirales	SRR2314004	NA
Reovirales	SRR2314005	NA
Reovirales	SRR2314006	NA
Reovirales	SRR2314007	NA
Reovirales	SRR2314008	NA
Reovirales	SRR2314009	NA
Reovirales	SRR2314010	NA
Reovirales	SRR2314011	NA
Reovirales	SRR2314012	NA
Reovirales	SRR2314013	NA
Reovirales	SRR2314014	NA
Reovirales	SRR2314015	NA
Reovirales	SRR2314016	NA
Reovirales	SRR2314017	NA
Reovirales	SRR2314018	NA
Reovirales	SRR2314019	NA
Reovirales	SRR2314020	NA
Reovirales	SRR2314021	NA
Reovirales	SRR2314022	NA
Reovirales	SRR2314023	NA
Reovirales	SRR2314024	NA
Reovirales	SRR2314025	NA
Reovirales	SRR2314026	NA
Reovirales	SRR2314027	NA
Reovirales	SRR2314028	NA
Reovirales	SRR2314029	NA
Reovirales	SRR2314030	NA
Reovirales	SRR2314031	NA
Reovirales	SRR2314032	NA
Reovirales	SRR2314033	NA
Reovirales	SRR2314034	NA
Reovirales	SRR2314035	NA
Reovirales	SRR2314036	NA
Reovirales	SRR2314037	NA
Reovirales	SRR2314038	NA
Reovirales	SRR2314039	NA
Reovirales	SRR2314040	NA
Reovirales	SRR2314041	NA
Reovirales	SRR2314042	NA
Reovirales	SRR2314043	NA
Reovirales	SRR2314044	NA
Reovirales	SRR2314045	NA
Reovirales	SRR3493774	1.057961457192366
Reovirales	SRR3493775	1.094546367151891
Reovirales	SRR3493776	1.057961457192366
Reovirales	SRR3493777	1.057961457192366
Reovirales	SRR3493778	1.094546367151891
Reovirales	SRR3493779	1.094546367151891
Reovirales	SRR3493780	1.057961457192366
Reovirales	SRR3493781	1.094546367151891
Reovirales	SRR3493782	1.055369386249072
Reovirales	SRR3493783	1.057961457192366
Reovirales	SRR3493784	1.057961457192366
Reovirales	SRR3493785	1.057961457192366
Reovirales	SRR3493786	1.057961457192366
Reovirales	SRR3493787	1.057961457192366
Reovirales	SRR3493788	1.057961457192366
Reovirales	SRR3493789	1.094546367151891
Reovirales	SRR3493790	1.055369386249072
Reovirales	SRR3493791	1.057961457192366
Reovirales	SRR3493792	1.0314713030119538
Reovirales	SRR3493793	1.057961457192366
Reovirales	SRR3493794	1.094546367151891
Reovirales	SRR3493795	1.057961457192366
Reovirales	SRR3493796	1.057961457192366
Reovirales	SRR3493797	1.057961457192366
Reovirales	SRR3493798	1.057961457192366
Reovirales	SRR3493799	1.055369386249072
Reovirales	SRR3493800	1.057961457192366
Reovirales	SRR3493801	1.055369386249072
Reovirales	SRR3493802	1.055369386249072
Reovirales	SRR3493803	2.110738772498144
Reovirales	SRR3493804	1.055369386249072
Reovirales	SRR3493805	1.0363501985106136
Reovirales	SRR3493806	1.055369386249072
Reovirales	SRR3493807	1.0314713030119538
Reovirales	SRR3493808	1.055369386249072
Reovirales	SRR3493809	2.0465651048763362
Reovirales	SRR3493810	1.055369386249072
Reovirales	SRR3493811	1.055369386249072
Reovirales	SRR3493812	4.231845828769464
Reovirales	SRR3493813	1.055369386249072
Reovirales	SRR3493814	5.28980728596183
Reovirales	SRR3493815	1.0363501985106136
Reovirales	SRR3493816	1.0363501985106136
Reovirales	SRR3493817	1.055369386249072
Reovirales	SRR3493818	4.221477544996288
Reovirales	SRR3493819	1.0363501985106136
Reovirales	SRR3493820	1.1104836705521814
Reovirales	SRR3493821	1.0363501985106136
Reovirales	SRR3493822	1.057961457192366
Reovirales	SRR3493823	1.055369386249072
Reovirales	SRR3493824	1.057961457192366
Reovirales	SRR3493825	1.057961457192366
Reovirales	SRR3493826	1.055369386249072
Reovirales	SRR3493827	1.057961457192366
Reovirales	SRR3493828	1.0232825524381681
Reovirales	SRR3493829	1.0314713030119538
Reovirales	SRR3493830	1.055369386249072
Reovirales	SRR3493831	1.094546367151891
Reovirales	SRR3493832	1.055369386249072
Reovirales	SRR3493833	2.072700397021227
Reovirales	SRR3493834	2.110738772498144
Reovirales	SRR3493835	1.0363501985106136
Reovirales	SRR3493836	1.055369386249072
Reovirales	SRR3493837	1.0363501985106136
Reovirales	SRR3493838	1.0363501985106136
Reovirales	SRR3493839	1.057961457192366
Reovirales	SRR3493840	1.057961457192366
Reovirales	SRR3493841	1.0363501985106136
Reovirales	SRR3493846	1.055369386249072
Reovirales	SRR3493847	1.057961457192366
Reovirales	SRR3493848	1.055369386249072
Reovirales	SRR3493849	1.0232825524381681
Reovirales	SRR3493850	1.055369386249072
Reovirales	SRR3714631	1.141607906829209
Reovirales	SRR3714632	1.1466766852212897
Reovirales	SRR3714633	1.094546367151891
Reovirales	SRR3714634	1.1466766852212897
Reovirales	SRR3714635	1.057961457192366
Reovirales	SRR3714636	1.141607906829209
Reovirales	SRR3714637	1.094546367151891
Reovirales	SRR3714638	1.094546367151891
Reovirales	SRR3714639	1.0363501985106136
Reovirales	SRR3714640	1.141607906829209
Reovirales	SRR3714641	1.141607906829209
Reovirales	SRR3714642	1.094546367151891
Reovirales	SRR3714643	1.141607906829209
Reovirales	SRR3714644	1.094546367151891
Reovirales	SRR3714645	1.057961457192366
Reovirales	SRR3714646	1.057961457192366
Reovirales	SRR3714648	1.094546367151891
Reovirales	SRR3714649	1.057961457192366
Reovirales	SRR3714650	1.094546367151891
Reovirales	SRR3714651	1.094546367151891
Reovirales	SRR3714652	1.141607906829209
Reovirales	SRR3714653	1.094546367151891
Reovirales	SRR3714654	1.094546367151891
Reovirales	SRR3714655	1.094546367151891
Reovirales	SRR3714656	1.055369386249072
Reovirales	SRR3714657	1.055369386249072
Reovirales	SRR3714658	1.057961457192366
Reovirales	SRR3714659	1.094546367151891
Reovirales	SRR3714660	1.057961457192366
Reovirales	SRR3714661	1.055369386249072
Reovirales	SRR3714662	1.1466766852212897
Reovirales	SRR3714663	1.1384762104912136
Reovirales	SRR3714664	1.1021362627525138
Reovirales	SRR3714665	1.141607906829209
Reovirales	SRR3714666	1.094546367151891
Reovirales	SRR3714667	1.0363501985106136
Reovirales	SRR3714668	1.094546367151891
Reovirales	SRR3714669	1.094546367151891
Reovirales	SRR3714670	1.094546367151891
Reovirales	SRR3714671	1.057961457192366
Reovirales	SRR3714672	1.057961457192366
Reovirales	SRR3714673	1.094546367151891
Reovirales	SRR3714674	1.094546367151891
Reovirales	SRR3714675	1.094546367151891
Reovirales	SRR3714676	1.094546367151891
Reovirales	SRR3714677	1.094546367151891
Reovirales	SRR3714678	1.057961457192366
Reovirales	SRR3714679	1.094546367151891
Reovirales	SRR3714680	1.094546367151891
Reovirales	SRR3714681	1.141607906829209
Reovirales	SRR3714682	1.057961457192366
Reovirales	SRR3714683	1.1021362627525138
Reovirales	SRR3714684	1.057961457192366
Reovirales	SRR3714685	1.094546367151891
Reovirales	SRR3714686	1.094546367151891
Reovirales	SRR3714688	1.141607906829209
Reovirales	SRR3714689	1.094546367151891
Reovirales	SRR3714690	1.094546367151891
Reovirales	SRR3714691	1.094546367151891
Reovirales	SRR3714692	1.141607906829209
Reovirales	SRR3714693	1.057961457192366
Reovirales	SRR3714694	1.057961457192366
Reovirales	SRR3714695	1.141607906829209
Reovirales	SRR3714696	1.057961457192366
Reovirales	SRR3714697	1.0363501985106136
Reovirales	SRR3714698	1.1466766852212897
Reovirales	SRR3714699	1.094546367151891
Reovirales	SRR3714700	1.094546367151891
Reovirales	SRR3714701	1.141607906829209
Reovirales	SRR3714702	1.094546367151891
Reovirales	SRR3714703	1.1021362627525138
Reovirales	SRR3714704	1.141607906829209
Reovirales	SRR3714705	1.094546367151891
Reovirales	SRR3714706	1.156939729282204
Reovirales	SRR3714707	1.141607906829209
Reovirales	SRR3714708	1.1466766852212897
Reovirales	SRR3714709	1.141607906829209
Reovirales	SRR3714710	1.141607906829209
Reovirales	SRR3714711	1.094546367151891
Reovirales	SRR3714712	1.057961457192366
Reovirales	SRR3714713	1.141607906829209
Reovirales	SRR3714714	1.094546367151891
Reovirales	SRR3714715	1.055369386249072
Reovirales	SRR3714716	1.094546367151891
Reovirales	SRR3714717	1.057961457192366
Reovirales	SRR3714718	1.094546367151891
Reovirales	SRR3714719	1.141607906829209
Reovirales	SRR3714720	1.057961457192366
Reovirales	SRR3714721	1.057961457192366
Reovirales	SRR3714723	1.094546367151891
Reovirales	SRR3714724	1.057961457192366
Reovirales	SRR3714725	1.057961457192366
Reovirales	SRR3714726	1.057961457192366
Reovirales	SRR3714727	1.094546367151891
Reovirales	SRR3714728	1.0363501985106136
Reovirales	SRR3714729	1.1466766852212897
Reovirales	SRR3714730	1.141607906829209
Reovirales	SRR3714731	1.0363501985106136
Reovirales	SRR3714732	1.094546367151891
Reovirales	SRR3714734	1.094546367151891
Reovirales	SRR3714735	1.094546367151891
Reovirales	SRR3714736	1.141607906829209
Reovirales	SRR3714737	1.057961457192366
Reovirales	SRR3714738	1.055369386249072
Reovirales	SRR3714739	1.094546367151891
Reovirales	SRR3714740	1.094546367151891
Reovirales	SRR3714741	1.094546367151891
Reovirales	SRR3714744	1.1466766852212897
Reovirales	SRR3714745	1.141607906829209
Reovirales	SRR3714746	1.156939729282204
Reovirales	SRR3714747	1.057961457192366
Reovirales	SRR3714748	1.141607906829209
Reovirales	SRR3714749	1.1466766852212897
Reovirales	SRR3714750	1.0963104249174644
Reovirales	SRR3714751	1.1466766852212897
Reovirales	SRR3714752	1.094546367151891
Reovirales	SRR3714753	1.057961457192366
Reovirales	SRR3714754	1.094546367151891
Reovirales	SRR3714755	1.1466766852212897
Reovirales	SRR3714756	1.1466766852212897
Reovirales	SRR3714757	1.094546367151891
Reovirales	SRR3714758	1.1384762104912136
Reovirales	SRR3714759	1.055369386249072
Reovirales	SRR3714760	1.141607906829209
Reovirales	SRR3714761	1.055369386249072
Reovirales	SRR3714762	1.1466766852212897
Reovirales	SRR3714764	1.141607906829209
Reovirales	SRR3714765	1.141607906829209
Reovirales	SRR3714766	1.094546367151891
Reovirales	SRR3714767	1.141607906829209
Reovirales	SRR3714768	1.057961457192366
Reovirales	SRR5176628	1.141607906829209
Reovirales	SRR5176629	1.1466766852212897
Reovirales	SRR5176630	1.1466766852212897
Reovirales	SRR5176631	1.1466766852212897
Reovirales	SRR5176632	1.141607906829209
Reovirales	SRR5176633	1.1466766852212897
Reovirales	SRR5176634	1.1466766852212897
Reovirales	SRR5176635	1.141607906829209
Reovirales	SRR5176636	1.141607906829209
Reovirales	SRR5176637	1.094546367151891
Reovirales	SRR5176638	1.0232825524381681
Reovirales	SRR5176639	1.1466766852212897
Reovirales	SRR5176640	1.1466766852212897
Reovirales	SRR5176641	1.141607906829209
Reovirales	SRR5176642	1.1466766852212897
Reovirales	SRR5176643	1.1466766852212897
Reovirales	SRR5176644	1.1466766852212897
Reovirales	SRR5176645	1.094546367151891
Reovirales	SRR5176646	1.1466766852212897
Reovirales	SRR5176647	1.1466766852212897
Reovirales	SRR5176648	1.141607906829209
Reovirales	SRR5176649	1.141607906829209
Reovirales	SRR5176650	1.141607906829209
Reovirales	SRR5176651	1.141607906829209
Reovirales	SRR5176652	1.1466766852212897
Reovirales	SRR5176653	1.1466766852212897
Reovirales	SRR5176654	1.1466766852212897
Reovirales	SRR5176655	1.1466766852212897
Reovirales	SRR5176656	1.1466766852212897
Reovirales	SRR5176657	1.1466766852212897
Reovirales	SRR5176658	1.141607906829209
Reovirales	SRR5176659	1.1466766852212897
Reovirales	SRR5176660	1.1466766852212897
Reovirales	SRR5176661	1.1466766852212897
Reovirales	SRR5176662	1.1466766852212897
Reovirales	SRR5176663	1.1466766852212897
Reovirales	SRR5176664	1.141607906829209
Reovirales	SRR5176665	1.141607906829209
Reovirales	SRR5176666	1.1466766852212897
Reovirales	SRR5176667	1.141607906829209
Reovirales	SRR5176668	1.141607906829209
Reovirales	SRR5176669	1.141607906829209
Reovirales	SRR5176670	1.141607906829209
Reovirales	SRR5176671	1.1466766852212897
Reovirales	SRR5176672	1.1466766852212897
Reovirales	SRR5176673	1.141607906829209
Reovirales	SRR5176674	1.1466766852212897
Reovirales	SRR5176675	1.1466766852212897
Reovirales	SRR5176676	1.1466766852212897
Reovirales	SRR5176677	1.094546367151891
Reovirales	SRR5176678	1.1466766852212897
Reovirales	SRR5176679	1.1466766852212897
Reovirales	SRR5176680	1.1466766852212897
Reovirales	SRR5176681	1.1466766852212897
Reovirales	SRR5176682	1.1466766852212897
Reovirales	SRR5176683	1.1466766852212897
Reovirales	SRR5176684	1.1466766852212897
Reovirales	SRR5176685	1.1466766852212897
Reovirales	SRR5176686	1.1466766852212897
Reovirales	SRR5176687	1.1466766852212897
Reovirales	SRR5176688	1.141607906829209
Reovirales	SRR5176689	1.1466766852212897
Reovirales	SRR5176690	1.1466766852212897
Reovirales	SRR5176691	1.1466766852212897
Reovirales	SRR5176692	1.141607906829209
Reovirales	SRR5176693	1.1466766852212897
Reovirales	SRR5176694	1.141607906829209
Reovirales	SRR5176695	1.1466766852212897
Reovirales	SRR5176696	1.1466766852212897
Reovirales	SRR5176697	1.1466766852212897
Reovirales	SRR5176698	1.1466766852212897
Reovirales	SRR5176699	1.141607906829209
Reovirales	SRR5176700	1.141607906829209
Reovirales	SRR5176701	1.1852624872237028
Reovirales	SRR5176702	1.1466766852212897
Reovirales	SRR5176703	1.1466766852212897
Reovirales	SRR5176704	1.055369386249072
Reovirales	SRR5176705	1.1466766852212897
Reovirales	SRR5176706	1.141607906829209
Reovirales	SRR5176707	1.1466766852212897
Reovirales	SRR5176708	1.1466766852212897
Reovirales	SRR5176709	1.1466766852212897
Reovirales	SRR5176710	1.141607906829209
Reovirales	SRR5176711	1.141607906829209
Reovirales	SRR5176712	1.1466766852212897
Reovirales	SRR5176713	1.141607906829209
Reovirales	SRR5176714	1.1466766852212897
Reovirales	SRR5176715	1.141607906829209
Reovirales	SRR5176716	1.1466766852212897
Reovirales	SRR5176717	1.141607906829209
Reovirales	SRR5176718	1.1466766852212897
Reovirales	SRR5176719	1.1466766852212897
Reovirales	SRR5176720	1.1466766852212897
Reovirales	SRR5176721	1.141607906829209
Reovirales	SRR5176722	1.1466766852212897
Reovirales	SRR5176723	1.1466766852212897
Reovirales	SRR5176724	1.1466766852212897
Reovirales	SRR5176725	1.141607906829209
Reovirales	SRR5176726	1.1466766852212897
Reovirales	SRR5176727	1.1466766852212897
Reovirales	SRR5176728	1.1852624872237028
Reovirales	SRR5176729	1.1466766852212897
Reovirales	SRR5176730	1.141607906829209
Reovirales	SRR5176731	1.1466766852212897
Reovirales	SRR5176732	1.141607906829209
Reovirales	SRR5176733	1.141607906829209
Reovirales	SRR5176734	1.1466766852212897
Reovirales	SRR5176735	1.1466766852212897
Reovirales	SRR5176736	1.1466766852212897
Reovirales	SRR5176737	1.1466766852212897
Reovirales	SRR5176738	1.141607906829209
Reovirales	SRR5176739	1.1466766852212897
Reovirales	SRR5176740	1.141607906829209
Reovirales	SRR5176741	1.1852624872237028
Reovirales	SRR5176742	1.1466766852212897
Reovirales	SRR5176743	1.1466766852212897
Reovirales	SRR5176744	1.1466766852212897
Reovirales	SRR5176745	1.1466766852212897
Reovirales	SRR5176746	1.1466766852212897
Reovirales	SRR5176747	1.1466766852212897
Reovirales	SRR5176748	1.1466766852212897
Reovirales	SRR5176749	1.1466766852212897
Reovirales	SRR5176750	1.1466766852212897
Reovirales	SRR5176751	1.141607906829209
Reovirales	SRR5176752	1.1466766852212897
Reovirales	SRR5176753	1.1466766852212897
Reovirales	SRR5176754	1.1466766852212897
Reovirales	SRR5176755	1.1466766852212897
Reovirales	SRR5176756	1.1466766852212897
Reovirales	SRR5176757	1.1466766852212897
Reovirales	SRR5176758	1.1466766852212897
Reovirales	SRR5176759	1.1852624872237028
Reovirales	SRR5176760	1.1466766852212897
Reovirales	SRR5176761	1.141607906829209
Reovirales	SRR5176762	1.1852624872237028
Reovirales	SRR5176763	1.1466766852212897
Reovirales	SRR5176764	1.1852624872237028
Reovirales	SRR5176765	1.141607906829209
Reovirales	SRR5176766	1.1466766852212897
Reovirales	SRR5176767	1.1466766852212897
Reovirales	SRR5176768	1.1466766852212897
Reovirales	SRR5176769	1.141607906829209
Reovirales	SRR5176770	1.1466766852212897
Reovirales	SRR5176771	1.141607906829209
Reovirales	SRR5176772	1.1466766852212897
Reovirales	SRR5176773	1.141607906829209
Reovirales	SRR5176774	1.1466766852212897
Reovirales	SRR5176775	1.094546367151891
Reovirales	SRR5176776	1.1466766852212897
Reovirales	SRR5176777	1.1466766852212897
Reovirales	SRR5176778	1.1466766852212897
Reovirales	SRR5176779	1.1466766852212897
Reovirales	SRR5176780	1.141607906829209
Reovirales	SRR5176781	1.141607906829209
Reovirales	SRR5176782	1.1466766852212897
Reovirales	SRR5176783	1.141607906829209
Reovirales	SRR5176784	1.1466766852212897
Reovirales	SRR5176785	1.1466766852212897
Reovirales	SRR5176786	1.1852624872237028
Reovirales	SRR5176787	1.1466766852212897
Reovirales	SRR5176788	1.141607906829209
Reovirales	SRR5176789	1.1466766852212897
Reovirales	SRR5176790	1.1466766852212897
Reovirales	SRR5176791	1.1466766852212897
Reovirales	SRR5176792	1.141607906829209
Reovirales	SRR5176793	1.141607906829209
Reovirales	SRR5176794	1.1466766852212897
Reovirales	SRR5176795	1.141607906829209
Reovirales	SRR5176796	1.1466766852212897
Reovirales	SRR5176797	1.141607906829209
Reovirales	SRR5176798	1.1466766852212897
Reovirales	SRR5176799	1.1466766852212897
Reovirales	SRR5176800	1.1466766852212897
Reovirales	SRR5176801	1.141607906829209
Reovirales	SRR5176802	1.1466766852212897
Reovirales	SRR5176803	1.141607906829209
Reovirales	SRR5176804	1.1852624872237028
Reovirales	SRR5176805	1.1466766852212897
Reovirales	SRR5176806	1.1466766852212897
Reovirales	SRR5176807	1.141607906829209
Reovirales	SRR5176808	1.1852624872237028
Reovirales	SRR5176809	1.1466766852212897
Reovirales	SRR5176810	1.141607906829209
Reovirales	SRR5176811	1.1466766852212897
Reovirales	SRR5176812	1.1466766852212897
Reovirales	SRR5176813	1.141607906829209
Reovirales	SRR5176814	1.141607906829209
Reovirales	SRR5176815	1.094546367151891
Reovirales	SRR5176816	1.1466766852212897
Reovirales	SRR5176817	1.1466766852212897
Reovirales	SRR5176818	1.1466766852212897
Reovirales	SRR5176819	1.1466766852212897
Reovirales	SRR5176820	1.1466766852212897
Reovirales	SRR5176821	1.1466766852212897
Reovirales	SRR5176822	1.1466766852212897
Reovirales	SRR5176823	1.1466766852212897
Reovirales	SRR5176824	1.1466766852212897
Reovirales	SRR5176825	1.1466766852212897
Reovirales	SRR5176826	1.1466766852212897
Reovirales	SRR5176827	1.141607906829209
Reovirales	SRR5176828	1.141607906829209
Reovirales	SRR5176829	1.141607906829209
Reovirales	SRR5176830	1.1466766852212897
Reovirales	SRR5176831	1.1466766852212897
Reovirales	SRR5176832	1.1466766852212897
Reovirales	SRR5176833	1.1466766852212897
Reovirales	SRR5176834	1.141607906829209
Reovirales	SRR5176835	1.1466766852212897
Reovirales	SRR5176836	1.1466766852212897
Reovirales	SRR5176837	1.1466766852212897
Reovirales	SRR5176838	1.1466766852212897
Reovirales	SRR5176839	1.1466766852212897
Reovirales	SRR5176840	1.141607906829209
Reovirales	SRR5176841	1.1466766852212897
Reovirales	SRR5176842	1.141607906829209
Reovirales	SRR5176843	1.1466766852212897
Reovirales	SRR5176844	1.1466766852212897
Reovirales	SRR5176845	1.1466766852212897
Reovirales	SRR5176846	1.1466766852212897
Reovirales	SRR5176847	1.1466766852212897
Reovirales	SRR5176848	1.1466766852212897
Reovirales	SRR5176849	1.1466766852212897
Reovirales	SRR5176850	1.1466766852212897
Reovirales	SRR5176851	1.141607906829209
Reovirales	SRR5176852	1.1466766852212897
Reovirales	SRR5176853	1.1466766852212897
Reovirales	SRR5176854	1.1466766852212897
Reovirales	SRR5176855	1.1466766852212897
Reovirales	SRR5176856	1.141607906829209
Reovirales	SRR5176857	1.1466766852212897
Reovirales	SRR5176858	1.1466766852212897
Reovirales	SRR5176859	1.141607906829209
Reovirales	SRR5176860	1.094546367151891
Reovirales	SRR5176861	1.094546367151891
Reovirales	SRR5176862	1.094546367151891
Reovirales	SRR5176863	1.1466766852212897
Reovirales	SRR5176864	1.141607906829209
Reovirales	SRR5176865	1.1466766852212897
Reovirales	SRR5176866	1.141607906829209
Reovirales	SRR5176867	1.141607906829209
Reovirales	SRR5176868	1.1466766852212897
Reovirales	SRR5176869	1.141607906829209
Reovirales	SRR5176870	1.1466766852212897
Reovirales	SRR5176871	1.1466766852212897
Reovirales	SRR5176872	1.141607906829209
Reovirales	SRR5861974	NA
Reovirales	SRR5861975	NA
Reovirales	SRR5861976	NA
Reovirales	SRR5861977	NA
Reovirales	SRR5861978	NA
Reovirales	SRR5861979	NA
Reovirales	SRR5861980	NA
Reovirales	SRR5861981	NA
Reovirales	SRR5861982	NA
Reovirales	SRR5861983	NA
Reovirales	SRR5861984	NA
Reovirales	SRR5861985	NA
Reovirales	SRR5861986	NA
Reovirales	SRR5861987	NA
Reovirales	SRR5861988	NA
Reovirales	SRR5861989	NA
Reovirales	SRR5861990	NA
Reovirales	SRR5861991	NA
Reovirales	SRR5861992	NA
Reovirales	SRR5861993	NA
Reovirales	SRR5861994	NA
Reovirales	SRR5861995	NA
Reovirales	SRR5861996	NA
Reovirales	SRR5861997	NA
Reovirales	SRR5861998	NA
Reovirales	SRR5861999	NA
Reovirales	SRR5862000	NA
Reovirales	SRR5862001	NA
Reovirales	SRR5862002	NA
Reovirales	SRR5862003	NA
Reovirales	SRR5862004	NA
Reovirales	SRR5862005	NA
Reovirales	SRR5862006	NA
Reovirales	SRR5862007	NA
Reovirales	SRR5862008	NA
Reovirales	SRR5862009	NA
Reovirales	SRR5862010	NA
Reovirales	SRR5862011	NA
Reovirales	SRR5862012	NA
Reovirales	SRR5862013	NA
Reovirales	SRR5862014	NA
Reovirales	SRR5862015	NA
Reovirales	SRR5862016	NA
Reovirales	SRR5862017	NA
Reovirales	SRR5862018	NA
Reovirales	SRR5862019	NA
Reovirales	SRR5862020	NA
Reovirales	SRR5862021	NA
Reovirales	SRR5862022	NA
Reovirales	SRR5862023	NA
Reovirales	SRR5862024	NA
Reovirales	SRR5862025	NA
Reovirales	SRR5862026	NA
Reovirales	SRR5862027	NA
Reovirales	SRR5862028	NA
Reovirales	SRR5862029	NA
Reovirales	SRR5862030	NA
Reovirales	SRR5862031	NA
Reovirales	SRR5862032	NA
Reovirales	SRR5862033	NA
Reovirales	SRR5862034	NA
Reovirales	SRR5862035	NA
Reovirales	SRR5862036	NA
Reovirales	SRR5862037	NA
Reovirales	SRR5862038	NA
Reovirales	SRR5862039	NA
Reovirales	SRR5862040	NA
Reovirales	SRR5862041	NA
Reovirales	SRR5862042	NA
Reovirales	SRR5862043	NA
Reovirales	SRR5862044	NA
Reovirales	SRR5862045	NA
Reovirales	SRR5862046	NA
Reovirales	SRR5862047	NA
Reovirales	SRR5862048	NA
Reovirales	SRR5862049	NA
Reovirales	SRR5862050	NA
Reovirales	SRR5862051	NA
Reovirales	SRR5862052	NA
Reovirales	SRR5862053	NA
Reovirales	SRR5862054	NA
Reovirales	SRR5862055	NA
Reovirales	SRR5862056	NA
Reovirales	SRR5862057	NA
Reovirales	SRR5862058	NA
Reovirales	SRR5862059	NA
Reovirales	SRR5862060	NA
Reovirales	SRR5862061	NA
Reovirales	SRR5862062	NA
Reovirales	SRR5862063	NA
Reovirales	SRR5862064	NA
Reovirales	SRR5862065	NA
Reovirales	SRR5862066	NA
Reovirales	SRR5862067	NA
Reovirales	SRR5862068	NA
Reovirales	SRR5862069	NA
Reovirales	SRR5862070	NA
Reovirales	SRR5862071	NA
Reovirales	SRR5862072	NA
Reovirales	SRR5862073	NA
Reovirales	SRR5862074	NA
Reovirales	SRR5862075	NA
Reovirales	SRR5862076	NA
Reovirales	SRR5862077	NA
Reovirales	SRR5862078	NA
Reovirales	SRR5862079	NA
Reovirales	SRR5862080	NA
Reovirales	SRR5862081	NA
Reovirales	SRR5862082	NA
Reovirales	SRR5862083	NA
Reovirales	SRR5862084	NA
Reovirales	SRR5862085	NA
Reovirales	SRR5862086	NA
Reovirales	SRR5862087	NA
Reovirales	SRR5862088	NA
Reovirales	SRR5862089	NA
Reovirales	SRR5862090	NA
Reovirales	SRR5862091	NA
Reovirales	SRR5862092	NA
Reovirales	SRR5862093	NA
Reovirales	SRR5862094	NA
Reovirales	SRR5862095	NA
Reovirales	SRR5862096	NA
Reovirales	SRR5862097	NA
Reovirales	SRR5862098	NA
Reovirales	SRR5862099	NA
Reovirales	SRR5862100	NA
Reovirales	SRR5862101	NA
Reovirales	SRR5862102	NA
Reovirales	SRR5862103	NA
Reovirales	SRR5862104	NA
Reovirales	SRR5862105	NA
Reovirales	SRR5862106	NA
Reovirales	SRR5862107	NA
Reovirales	SRR5862108	NA
Reovirales	SRR5862109	NA
Reovirales	SRR5862110	NA
Reovirales	SRR5862111	NA
Reovirales	SRR5862112	NA
Reovirales	SRR5862113	NA
Reovirales	SRR5862114	NA
Reovirales	SRR5862115	NA
Reovirales	SRR5862116	NA
Reovirales	SRR5862117	NA
Reovirales	SRR5862118	NA
Reovirales	SRR5862119	NA
Reovirales	SRR5862120	NA
Reovirales	SRR5862121	NA
Reovirales	SRR5862122	NA
Reovirales	SRR5862123	NA
Reovirales	SRR5862124	NA
Reovirales	SRR5862125	NA
Reovirales	SRR5862126	NA
Reovirales	SRR5862127	NA
Reovirales	SRR5862128	NA
Reovirales	SRR5862129	NA
Reovirales	SRR5862130	NA
Reovirales	SRR5862131	NA
Reovirales	SRR5862132	NA
Reovirales	SRR5862133	NA
Reovirales	SRR5862134	NA
Reovirales	SRR5862135	NA
Reovirales	SRR5862136	NA
Reovirales	SRR5862137	NA
Reovirales	SRR5862138	NA
Reovirales	SRR5862139	NA
Reovirales	SRR5862140	NA
Reovirales	SRR5862141	NA
Reovirales	SRR5862142	NA
Reovirales	SRR5862143	NA
Reovirales	SRR5862144	NA
Reovirales	SRR5862145	NA
Reovirales	SRR5862146	NA
Reovirales	SRR5862147	NA
Reovirales	SRR5862148	NA
Reovirales	SRR5862149	NA
Reovirales	SRR5862150	NA
Reovirales	SRR5862151	NA
Reovirales	SRR5862152	NA
Reovirales	SRR5862153	NA
Reovirales	SRR5862154	NA
Reovirales	SRR5862155	NA
Reovirales	SRR5862156	NA
Reovirales	SRR5862157	NA
Reovirales	SRR5862158	NA
Reovirales	SRR5862159	NA
Reovirales	SRR5862160	NA
Reovirales	SRR5862161	NA
Reovirales	SRR5862162	NA
Reovirales	SRR5862163	NA
Reovirales	SRR5862164	NA
Reovirales	SRR5862165	NA
Reovirales	SRR5862166	NA
Reovirales	SRR5862167	NA
Reovirales	SRR5862168	NA
Reovirales	SRR5862169	NA
Reovirales	SRR5862170	NA
Reovirales	SRR5862171	NA
Reovirales	SRR5862172	NA
Reovirales	SRR5862173	NA
Reovirales	SRR5862174	NA
Reovirales	SRR5862175	NA
Reovirales	SRR5862176	NA
Reovirales	SRR5862177	NA
Reovirales	SRR5862178	NA
Reovirales	SRR5862179	NA
Reovirales	SRR5862180	NA
Reovirales	SRR5862181	NA
Reovirales	SRR5862182	NA
Reovirales	SRR5862183	NA
Reovirales	SRR5862184	NA
Reovirales	SRR5862185	NA
Reovirales	SRR5862186	NA
Reovirales	SRR5862187	NA
Reovirales	SRR5862188	NA
Reovirales	SRR5862189	NA
Reovirales	SRR5862190	NA
Reovirales	SRR5862191	NA
Reovirales	SRR5862192	NA
Reovirales	SRR5862193	NA
Reovirales	SRR5862194	NA
Reovirales	SRR5862195	NA
Reovirales	SRR5862196	NA
Reovirales	SRR5862197	NA
Reovirales	SRR5862198	NA
Reovirales	SRR5862199	NA
Reovirales	SRR5862200	NA
Reovirales	SRR5862201	NA
Reovirales	SRR5862202	NA
Reovirales	SRR5862203	NA
Reovirales	SRR5862204	NA
Reovirales	SRR5862205	NA
Reovirales	SRR5862206	NA
Reovirales	SRR5862207	NA
Reovirales	SRR5862208	NA
Reovirales	SRR5862209	NA
Reovirales	SRR5862210	NA
Reovirales	SRR5862211	NA
Reovirales	SRR5862212	NA
Reovirales	SRR5862213	NA
Reovirales	SRR5862214	NA
Reovirales	SRR5862215	NA
Reovirales	SRR5862216	NA
Reovirales	SRR5862217	NA
Reovirales	SRR5862218	NA
Reovirales	SRR5862219	NA
Reovirales	SRR5862220	NA
Reovirales	SRR5862221	NA
Reovirales	SRR5862222	NA
Reovirales	SRR5862223	NA
Reovirales	SRR5862224	NA
Reovirales	SRR5862225	NA
Reovirales	SRR5862226	NA
Reovirales	SRR5862227	NA
Reovirales	SRR5862228	NA
Reovirales	SRR5862229	NA
Reovirales	SRR5862230	NA
Reovirales	SRR5862231	NA
Reovirales	SRR5862232	NA
Reovirales	SRR5862233	NA
Reovirales	SRR5862234	NA
Reovirales	SRR5862235	NA
Reovirales	SRR5862236	NA
Reovirales	SRR5862237	NA
Reovirales	SRR5862238	NA
Reovirales	SRR5862239	NA
Reovirales	SRR5862240	NA
Reovirales	SRR5862241	NA
Reovirales	SRR5862242	NA
Reovirales	SRR5862243	NA
Reovirales	SRR5862244	NA
Reovirales	SRR5862245	NA
Reovirales	SRR5862246	NA
Reovirales	SRR5862247	NA
Reovirales	SRR5862248	NA
Reovirales	SRR5862249	NA
Reovirales	SRR5862250	NA
Reovirales	SRR5862251	NA
Reovirales	SRR5862252	NA
Reovirales	SRR5862253	NA
Reovirales	SRR5862254	NA
Reovirales	SRR5862255	NA
Reovirales	SRR5862256	NA
Reovirales	SRR5862257	NA
Reovirales	SRR5862258	NA
Reovirales	SRR5862259	NA
Reovirales	SRR5862260	NA
Reovirales	SRR5862261	NA
Reovirales	SRR5862262	NA
Reovirales	SRR5862263	NA
Reovirales	SRR5862264	NA
Reovirales	SRR5862265	NA
Reovirales	SRR5862266	NA
Reovirales	SRR5862267	NA
Reovirales	SRR5862268	NA
Reovirales	SRR5862269	NA
Reovirales	SRR5862270	NA
Reovirales	SRR5862271	NA
Reovirales	SRR5862272	NA
Reovirales	SRR5862273	NA
Reovirales	SRR5862274	NA
Reovirales	SRR5862275	NA
Reovirales	SRR5862276	NA
Reovirales	SRR5862277	NA
Reovirales	SRR5949109	1.094546367151891
Reovirales	SRR5949110	1.1466766852212897
Reovirales	SRR5949111	1.156939729282204
Reovirales	SRR5949112	1.156939729282204
Reovirales	SRR5949113	1.057961457192366
Reovirales	SRR5949114	1.1466766852212897
Reovirales	SRR5949115	1.057961457192366
Reovirales	SRR5949116	1.094546367151891
Reovirales	SRR5949117	1.156939729282204
Reovirales	SRR5949118	1.055369386249072
Reovirales	SRR5949119	1.141607906829209
Reovirales	SRR5949120	1.055369386249072
Reovirales	SRR5949121	1.1466766852212897
Reovirales	SRR5949122	1.057961457192366
Reovirales	SRR5949123	1.094546367151891
Reovirales	SRR5949124	1.156939729282204
Reovirales	SRR5949125	1.141607906829209
Reovirales	SRR5949126	1.094546367151891
Reovirales	SRR5949127	1.141607906829209
Reovirales	SRR5949128	1.1466766852212897
Reovirales	SRR5949129	1.094546367151891
Reovirales	SRR5949130	1.141607906829209
Reovirales	SRR5949131	1.141607906829209
Reovirales	SRR5949132	1.1466766852212897
Reovirales	SRR5949133	1.141607906829209
Reovirales	SRR5949134	1.1852624872237028
Reovirales	SRR5949135	1.0363501985106136
Reovirales	SRR5949136	1.141607906829209
Reovirales	SRR5949137	1.094546367151891
Reovirales	SRR5949138	1.057961457192366
Reovirales	SRR5949139	2.283215813658418
Reovirales	SRR5949140	1.141607906829209
Reovirales	SRR5949141	1.141607906829209
Reovirales	SRR5949142	1.1466766852212897
Reovirales	SRR5949143	1.1466766852212897
Reovirales	SRR5949144	3.1738843715770977
Reovirales	SRR5949145	4.566431627316836
Reovirales	SRR5949146	1.156939729282204
Reovirales	SRR5949147	1.057961457192366
Reovirales	SRR5949148	1.0363501985106136
Reovirales	SRR5949149	1.156939729282204
Reovirales	SRR5949150	1.0363501985106136
Reovirales	SRR5949151	1.0363501985106136
Reovirales	SRR5949152	1.0314713030119538
Reovirales	SRR5949153	1.094546367151891
Reovirales	SRR5949154	1.1602238724224394
Reovirales	SRR5949155	1.094546367151891
Reovirales	SRR5949156	1.094546367151891
Reovirales	SRR5949157	1.156939729282204
Reovirales	SRR5949158	1.055369386249072
Reovirales	SRR5949159	1.057961457192366
Reovirales	SRR5949160	1.055369386249072
Reovirales	SRR5949161	1.057961457192366
Reovirales	SRR5949162	1.055369386249072
Reovirales	SRR5949163	1.1852624872237028
Reovirales	SRR5949164	1.1466766852212897
Reovirales	SRR5949165	1.156939729282204
Reovirales	SRR5949166	1.094546367151891
Reovirales	SRR5949167	1.055369386249072
Reovirales	SRR5949168	1.057961457192366
Reovirales	SRR5949169	1.055369386249072
Reovirales	SRR5949170	1.1852624872237028
Reovirales	SRR5949171	1.057961457192366
Reovirales	SRR5949172	1.094546367151891
Reovirales	SRR5949173	1.094546367151891
Reovirales	SRR5949174	1.1466766852212897
Reovirales	SRR5949175	1.156939729282204
Reovirales	SRR5949176	1.057961457192366
Reovirales	SRR5949177	1.094546367151891
Reovirales	SRR5949178	1.094546367151891
Reovirales	SRR5949179	1.1466766852212897
Reovirales	SRR5949180	1.141607906829209
Reovirales	SRR5949181	1.1466766852212897
Reovirales	SRR5949182	1.0363501985106136
Reovirales	SRR5949183	1.141607906829209
Reovirales	SRR5949184	1.141607906829209
Reovirales	SRR5949185	1.1852624872237028
Reovirales	SRR5949186	1.055369386249072
Reovirales	SRR5949187	55439.60922905001
Reovirales	SRR5949188	1.156939729282204
Reovirales	SRR5949189	1.094546367151891
Reovirales	SRR5949190	1.0314713030119538
Reovirales	SRR5949191	1.094546367151891
Reovirales	SRR5949192	1.1466766852212897
Reovirales	SRR5949193	1.057961457192366
Reovirales	SRR5949194	1.1852624872237028
Reovirales	SRR5949195	1.057961457192366
Reovirales	SRR5949196	1.057961457192366
Reovirales	SRR5949197	1.0363501985106136
Reovirales	SRR5949198	1.094546367151891
Reovirales	SRR5949199	1.094546367151891
Reovirales	SRR5949200	1.090540370049478
Reovirales	SRR5949201	1.156939729282204
Reovirales	SRR5949202	1.055369386249072
Reovirales	SRR5949203	1.0314713030119538
Reovirales	SRR5949204	1.094546367151891
Reovirales	SRR5949205	21.33472477002665
Reovirales	SRR5949206	1.094546367151891
Reovirales	SRR5949207	1.1466766852212897
Reovirales	SRR5949208	1.1602238724224394
Reovirales	SRR5949209	1.156939729282204
Reovirales	SRR5949210	1.156939729282204
Reovirales	SRR5949211	1.094546367151891
Reovirales	SRR5949212	1.094546367151891
Reovirales	SRR5949213	1.094546367151891
Reovirales	SRR5949214	1.141607906829209
Reovirales	SRR5949215	1.141607906829209
Reovirales	SRR5949216	1.0363501985106136
Reovirales	SRR5949217	1.094546367151891
Reovirales	SRR5949218	1.0363501985106136
Reovirales	SRR5949219	1.057961457192366
Reovirales	SRR5949220	1.0363501985106136
Reovirales	SRR5949221	1.094546367151891
Reovirales	SRR5949222	1.094546367151891
Reovirales	SRR5949223	1.1466766852212897
Reovirales	SRR5949224	9.498324476241649
Reovirales	SRR5949225	1.1466766852212897
Reovirales	SRR5949226	1.1466766852212897
Reovirales	SRR5949227	7.405730200346562
Reovirales	SRR5949228	1.094546367151891
Reovirales	SRR5949229	1.094546367151891
Reovirales	SRR5949230	1.1466766852212897
Reovirales	SRR5949231	1.094546367151891
Reovirales	SRR5949232	1.057961457192366
Reovirales	SRR5949233	1.0363501985106136
Reovirales	SRR5949234	1.1466766852212897
Reovirales	SRR5949235	1.094546367151891
Reovirales	SRR5949236	1.1466766852212897
Reovirales	SRR5949237	2.0465651048763362
Reovirales	SRR5949238	1.057961457192366
Reovirales	SRR5949239	1.057961457192366
Reovirales	SRR5949240	1.141607906829209
Reovirales	SRR5949241	1.1466766852212897
Reovirales	SRR5949242	1.057961457192366
Reovirales	SRR5949243	1.094546367151891
Reovirales	SRR5949244	1.057961457192366
Reovirales	SRR5949245	2.283215813658418
Reovirales	SRR5949246	1.057961457192366
Reovirales	SRR5949247	1.141607906829209
Reovirales	SRR5949248	1.055369386249072
Reovirales	SRR5949249	1.057961457192366
Reovirales	SRR5949250	1.156939729282204
Reovirales	SRR5949251	1.057961457192366
Reovirales	SRR5949252	1.094546367151891
Reovirales	SRR5949253	1.094546367151891
Reovirales	SRR5949254	1.055369386249072
Reovirales	SRR5949255	1.0363501985106136
Reovirales	SRR5949256	1.057961457192366
Reovirales	SRR5949257	1.057961457192366
Reovirales	SRR5949258	1.156939729282204
Reovirales	SRR5949259	1.156939729282204
Reovirales	SRR5949260	1.057961457192366
Reovirales	SRR5949261	1.1466766852212897
Reovirales	SRR5949262	1.141607906829209
Reovirales	SRR5949263	1.057961457192366
Reovirales	SRR5949264	1.094546367151891
Reovirales	SRR5949265	1.057961457192366
Reovirales	SRR5949266	1.057961457192366
Reovirales	SRR5949267	1.0314713030119538
Reovirales	SRR5949268	1.141607906829209
Reovirales	SRR5949269	1.094546367151891
Reovirales	SRR5949270	1.1466766852212897
Reovirales	SRR5949271	1.094546367151891
Reovirales	SRR5949272	1.156939729282204
Reovirales	SRR5949273	1.141607906829209
Reovirales	SRR5949274	1.094546367151891
Reovirales	SRR5949275	1.094546367151891
Reovirales	SRR5949276	1.141607906829209
Reovirales	SRR5949277	1.057961457192366
Reovirales	SRR5949278	1.0363501985106136
Reovirales	SRR5949279	1.094546367151891
Reovirales	SRR5949280	1.094546367151891
Reovirales	SRR5949281	1.055369386249072
Reovirales	SRR5949282	1.057961457192366
Reovirales	SRR5949283	1.0314713030119538
Reovirales	SRR5949284	1.1466766852212897
Reovirales	SRR5949285	1.0363501985106136
Reovirales	SRR5949286	1.057961457192366
Reovirales	SRR5949287	1.1466766852212897
Reovirales	SRR5949288	1.057961457192366
Reovirales	SRR5949289	1.094546367151891
Reovirales	SRR5949290	1.1466766852212897
Reovirales	SRR5949291	1.094546367151891
Reovirales	SRR5949292	1.1466766852212897
Reovirales	SRR5949293	1.1852624872237028
Reovirales	SRR5949294	1.094546367151891
Reovirales	SRR5949295	1.0232825524381681
Reovirales	SRR5949296	1.1466766852212897
Reovirales	SRR5949297	1.141607906829209
Reovirales	SRR5949298	1.156939729282204
Reovirales	SRR5949299	1.055369386249072
Reovirales	SRR5949300	1.0314713030119538
Reovirales	SRR5949301	1.156939729282204
Reovirales	SRR5949302	1.094546367151891
Reovirales	SRR5949303	1.141607906829209
Reovirales	SRR5949304	1.055369386249072
Reovirales	SRR5949305	1.1466766852212897
Reovirales	SRR5949306	1.094546367151891
Reovirales	SRR5949307	1.0363501985106136
Reovirales	SRR5949308	1.141607906829209
Reovirales	SRR5949309	1.141607906829209
Reovirales	SRR5949310	1.057961457192366
Reovirales	SRR5949311	1.0363501985106136
Reovirales	SRR5949312	1.057961457192366
Reovirales	SRR5949313	1.141607906829209
Reovirales	SRR5949314	1.1466766852212897
Reovirales	SRR5949315	1.057961457192366
Reovirales	SRR5949316	1.055369386249072
Reovirales	SRR5949317	1.055369386249072
Reovirales	SRR5949318	1.156939729282204
Reovirales	SRR5949319	1.1466766852212897
Reovirales	SRR5949320	1.156939729282204
Reovirales	SRR5949321	1.094546367151891
Reovirales	SRR5949322	1.0363501985106136
Reovirales	SRR5949323	1.057961457192366
Reovirales	SRR5949324	1.1852624872237028
Reovirales	SRR5949325	1.057961457192366
Reovirales	SRR5949326	1.094546367151891
Reovirales	SRR5949327	1.094546367151891
Reovirales	SRR5949328	1.0363501985106136
Reovirales	SRR5949329	1.055369386249072
Reovirales	SRR5949330	1.141607906829209
Reovirales	SRR5949331	1.057961457192366
Reovirales	SRR5949332	1.1466766852212897
Reovirales	SRR5949333	1.141607906829209
Reovirales	SRR5949334	1.094546367151891
Reovirales	SRR5949335	1.057961457192366
Reovirales	SRR5949336	1.141607906829209
Reovirales	SRR5949337	1.1466766852212897
Reovirales	SRR5949338	1.094546367151891
Reovirales	SRR5949339	1.141607906829209
Reovirales	SRR5949340	1.156939729282204
Reovirales	SRR5949341	1.094546367151891
Reovirales	SRR5949342	1.057961457192366
Reovirales	SRR5949343	1.057961457192366
Reovirales	SRR5949344	1.156939729282204
Reovirales	SRR5949345	1.094546367151891
Reovirales	SRR5949346	1.057961457192366
Reovirales	SRR5949347	1.057961457192366
Reovirales	SRR5949348	2.110738772498144
Reovirales	SRR5949349	1.141607906829209
Reovirales	SRR5949350	1.141607906829209
Reovirales	SRR5949351	1.094546367151891
Reovirales	SRR5949352	1.1466766852212897
Reovirales	SRR5949353	1.1466766852212897
Reovirales	SRR5949354	1.141607906829209
Reovirales	SRR5949355	1.057961457192366
Reovirales	SRR5949356	1.1466766852212897
Reovirales	SRR5949357	1.141607906829209
Reovirales	SRR5949358	1.141607906829209
Reovirales	SRR5949359	1.141607906829209
Reovirales	SRR5949360	1.055369386249072
Reovirales	SRR5949361	1.156939729282204
Reovirales	SRR5949362	1.141607906829209
Reovirales	SRR5949363	1.094546367151891
Reovirales	SRR5949364	1.055369386249072
Reovirales	SRR5949365	1.141607906829209
Reovirales	SRR5949366	1.057961457192366
Reovirales	SRR5949367	1.1852624872237028
Reovirales	SRR5949368	1.141607906829209
Reovirales	SRR5949369	1.057961457192366
Reovirales	SRR5949370	1.1466766852212897
Reovirales	SRR5949371	1.141607906829209
Reovirales	SRR5949372	1.094546367151891
Reovirales	SRR5949373	1.141607906829209
Reovirales	SRR5949374	1.094546367151891
Reovirales	SRR5949375	1.057961457192366
Reovirales	SRR5949376	1.1852624872237028
Reovirales	SRR5949377	1.057961457192366
Reovirales	SRR5949378	1.156939729282204
Reovirales	SRR5949379	1.094546367151891
Reovirales	SRR5949380	1.057961457192366
Reovirales	SRR5949381	1.094546367151891
Reovirales	SRR5949382	1.094546367151891
Reovirales	SRR5949383	1.141607906829209
Reovirales	SRR5949384	1.094546367151891
Reovirales	SRR5949385	1.141607906829209
Reovirales	SRR5949386	1.1466766852212897
Reovirales	SRR5949387	1.094546367151891
Reovirales	SRR5949388	1.094546367151891
Reovirales	SRR5949389	1.156939729282204
Reovirales	SRR5949390	1.094546367151891
Reovirales	SRR5949391	1.094546367151891
Reovirales	SRR5949392	1.1466766852212897
Reovirales	SRR5949393	1.1021362627525138
Reovirales	SRR5949394	1.141607906829209
Reovirales	SRR5949395	1.094546367151891
Reovirales	SRR5949396	1.141607906829209
Reovirales	SRR5949397	1.1466766852212897
Reovirales	SRR5949398	1.094546367151891
Reovirales	SRR5949399	1.057961457192366
Reovirales	SRR5949400	1.0314713030119538
Reovirales	SRR5949401	1.1852624872237028
Reovirales	SRR5949402	1.057961457192366
Reovirales	SRR5949403	1.156939729282204
Reovirales	SRR5949404	1.057961457192366
Reovirales	SRR5949405	1.0363501985106136
Reovirales	SRR5949406	1.055369386249072
Reovirales	SRR5949407	1.1466766852212897
Reovirales	SRR5949408	1.0363501985106136
Reovirales	SRR5949409	1.1466766852212897
Reovirales	SRR5949410	1.141607906829209
Reovirales	SRR5949411	1.094546367151891
Reovirales	SRR5949412	1.156939729282204
Reovirales	SRR5949413	1.141607906829209
Reovirales	SRR5949414	1.141607906829209
Reovirales	SRR5949415	1.141607906829209
Reovirales	SRR5949416	1.141607906829209
Reovirales	SRR5949417	1.057961457192366
Reovirales	SRR5949418	1.094546367151891
Reovirales	SRR5949419	1.057961457192366
Reovirales	SRR5949420	1.057961457192366
Reovirales	SRR5949421	1.057961457192366
Reovirales	SRR5949422	1.094546367151891
Reovirales	SRR5949423	1.094546367151891
Reovirales	SRR5949424	1.156939729282204
Reovirales	SRR5949425	1.057961457192366
Reovirales	SRR5949426	1.057961457192366
Reovirales	SRR5949427	1.055369386249072
Reovirales	SRR5949428	1.141607906829209
Reovirales	SRR5949429	1.1466766852212897
Reovirales	SRR5949430	1.0363501985106136
Reovirales	SRR5949431	1.1466766852212897
Reovirales	SRR5949432	1.094546367151891
Reovirales	SRR5949433	1.1466766852212897
Reovirales	SRR5949434	1.094546367151891
Reovirales	SRR5949435	1.057961457192366
Reovirales	SRR5949436	1.057961457192366
Reovirales	SRR5949437	1.094546367151891
Reovirales	SRR5949438	1.1852624872237028
Reovirales	SRR5949439	1.055369386249072
Reovirales	SRR5949440	1.156939729282204
Reovirales	SRR5949441	1.094546367151891
Reovirales	SRR5949442	1.1466766852212897
Reovirales	SRR5949443	1.0363501985106136
Reovirales	SRR5949444	6.347768743154195
Reovirales	SRR5949445	1.156939729282204
Reovirales	SRR5949446	1.0314713030119538
Reovirales	SRR5949447	1.094546367151891
Reovirales	SRR5949448	1.094546367151891
Reovirales	SRR5949449	1.1852624872237028
Reovirales	SRR5949450	1.057961457192366
Reovirales	SRR5949451	1.057961457192366
Reovirales	SRR5949452	1.057961457192366
Reovirales	SRR5949453	1.141607906829209
Reovirales	SRR5949454	1.141607906829209
Reovirales	SRR5949455	1.0363501985106136
Reovirales	SRR5949456	1.094546367151891
Reovirales	SRR5949457	1.094546367151891
Reovirales	SRR5949458	1.1466766852212897
Reovirales	SRR5949459	1.057961457192366
Reovirales	SRR5949460	1.055369386249072
Reovirales	SRR5949461	1.141607906829209
Reovirales	SRR5949462	1.141607906829209
Reovirales	SRR5949463	1.057961457192366
Reovirales	SRR5949464	1.094546367151891
Reovirales	SRR5949465	1.057961457192366
Reovirales	SRR5949466	1.1466766852212897
Reovirales	SRR5949467	1.141607906829209
Reovirales	SRR5949468	1.094546367151891
Reovirales	SRR5949469	1.094546367151891
Reovirales	SRR5949470	1.141607906829209
Reovirales	SRR5949471	1.094546367151891
Reovirales	SRR5949472	1.0232825524381681
Reovirales	SRR5949473	1.0156702301952802
Reovirales	SRR5949474	1.057961457192366
Reovirales	SRR5949475	1.156939729282204
Reovirales	SRR5949476	1.057961457192366
Reovirales	SRR5949477	1.094546367151891
Reovirales	SRR5949478	1.141607906829209
Reovirales	SRR5949479	1.141607906829209
Reovirales	SRR5949480	1.055369386249072
Reovirales	SRR5949481	1.057961457192366
Reovirales	SRR5949482	1.057961457192366
Reovirales	SRR5949483	1.156939729282204
Reovirales	SRR5949484	1.0314713030119538
Reovirales	SRR5949485	1.094546367151891
Reovirales	SRR5949486	1.094546367151891
Reovirales	SRR5949487	1.055369386249072
Reovirales	SRR5949488	1.0363501985106136
Reovirales	SRR5949489	1.141607906829209
Reovirales	SRR5949490	1.057961457192366
Reovirales	SRR5949491	1.057961457192366
Reovirales	SRR5949492	1.094546367151891
Reovirales	SRR5949493	1.055369386249072
Reovirales	SRR5949494	1.156939729282204
Reovirales	SRR5949495	1.055369386249072
Reovirales	SRR5949496	1.094546367151891
Reovirales	SRR5949497	1.057961457192366
Reovirales	SRR5949498	1.141607906829209
Reovirales	SRR5949499	1.0363501985106136
Reovirales	SRR5949500	1.0363501985106136
Reovirales	SRR5949501	1.055369386249072
Reovirales	SRR5949502	1.055369386249072
Reovirales	SRR5949503	1.1466766852212897
Reovirales	SRR5949504	3.1738843715770977
Reovirales	SRR5949505	1.1466766852212897
Reovirales	SRR5949506	1.057961457192366
Reovirales	SRR5949507	1.094546367151891
Reovirales	SRR5949508	1.141607906829209
Reovirales	SRR5949509	1.0314713030119538
Reovirales	SRR5949510	1.094546367151891
Reovirales	SRR5949511	1.094546367151891
Reovirales	SRR5949512	1.094546367151891
Reovirales	SRR5949513	1.156939729282204
Reovirales	SRR5949514	1.141607906829209
Reovirales	SRR5949515	1.141607906829209
Reovirales	SRR5949516	1.141607906829209
Reovirales	SRR5949517	1.094546367151891
Reovirales	SRR5949518	1.0363501985106136
Reovirales	SRR5949519	1.0363501985106136
Reovirales	SRR5949520	1.094546367151891
Reovirales	SRR5949521	1.057961457192366
Reovirales	SRR5949522	1.156939729282204
Reovirales	SRR5949523	1.141607906829209
Reovirales	SRR5949524	1.141607906829209
Reovirales	SRR5949525	1.0314713030119538
Reovirales	SRR5949526	1.141607906829209
Reovirales	SRR5949527	1.141607906829209
Reovirales	SRR5949528	1.1466766852212897
Reovirales	SRR5949529	1.055369386249072
Reovirales	SRR5949530	1.141607906829209
Reovirales	SRR5949531	1.141607906829209
Reovirales	SRR5949532	3.4400300556638688
Reovirales	SRR5949533	1.1852624872237028
Reovirales	SRR5949534	1.141607906829209
Reovirales	SRR5949535	1.094546367151891
Reovirales	SRR5949536	1.141607906829209
Reovirales	SRR5949537	2.110738772498144
Reovirales	SRR5949538	1.156939729282204
Reovirales	SRR5949539	1.1466766852212897
Reovirales	SRR5949540	1.0363501985106136
Reovirales	SRR5949541	1.1466766852212897
Reovirales	SRR5949542	1.055369386249072
Reovirales	SRR5949543	1.094546367151891
Reovirales	SRR5949544	1.094546367151891
Reovirales	SRR5949545	1.055369386249072
Reovirales	SRR5949546	1.055369386249072
Reovirales	SRR5949547	1.1466766852212897
Reovirales	SRR5949548	1.057961457192366
Reovirales	SRR5949549	1.057961457192366
Reovirales	SRR5949550	1.057961457192366
Reovirales	SRR5949551	1.055369386249072
Reovirales	SRR5949552	1.094546367151891
Reovirales	SRR5949553	1.156939729282204
Reovirales	SRR5949554	1.156939729282204
Reovirales	SRR5949555	1.055369386249072
Reovirales	SRR5949556	1.057961457192366
Reovirales	SRR5949557	1.0156702301952802
Reovirales	SRR5949558	9.5216531147312935
Reovirales	SRR5949559	1.055369386249072
Reovirales	SRR5949560	2.189092734303782
Reovirales	SRR5949561	1.141607906829209
Reovirales	SRR5949562	1.141607906829209
Reovirales	SRR5949563	1.057961457192366
Reovirales	SRR5949564	1.141607906829209
Reovirales	SRR5949565	1.141607906829209
Reovirales	SRR5949566	1.057961457192366
Reovirales	SRR5949567	1.141607906829209
Reovirales	SRR5949568	1.0314713030119538
Reovirales	SRR5949569	1.141607906829209
Reovirales	SRR5949570	1.094546367151891
Reovirales	SRR5949571	1.141607906829209
Reovirales	SRR5949572	1.094546367151891
Reovirales	SRR5949573	1.094546367151891
Reovirales	SRR5949574	1.057961457192366
Reovirales	SRR5949575	1.057961457192366
Reovirales	SRR5949576	1.094546367151891
Reovirales	SRR5949577	1.1466766852212897
Reovirales	SRR5949578	1.057961457192366
Reovirales	SRR5949579	2.072700397021227
Reovirales	SRR5949580	1.1852624872237028
Reovirales	SRR5949581	1.057961457192366
Reovirales	SRR5949582	1.057961457192366
Reovirales	SRR5949583	1.141607906829209
Reovirales	SRR5949584	1.0363501985106136
Reovirales	SRR5949585	1.141607906829209
Reovirales	SRR5949586	1.094546367151891
Reovirales	SRR5949587	1.057961457192366
Reovirales	SRR5949588	1.094546367151891
Reovirales	SRR5949589	1.156939729282204
Reovirales	SRR5949590	1.1021362627525138
Reovirales	SRR5949591	1.1466766852212897
Reovirales	SRR5949592	1.094546367151891
Reovirales	SRR5949593	1.141607906829209
Reovirales	SRR5949594	1.141607906829209
Reovirales	SRR5949595	1.0232825524381681
Reovirales	SRR5949596	1.057961457192366
Reovirales	SRR5949597	1.057961457192366
Reovirales	SRR5949598	1.0314713030119538
Reovirales	SRR5949599	1.094546367151891
Reovirales	SRR5949600	1.055369386249072
Reovirales	SRR5949601	1.1466766852212897
Reovirales	SRR5949602	1.141607906829209
Reovirales	SRR5949603	1.141607906829209
Reovirales	SRR5949604	1.057961457192366
Reovirales	SRR5949605	1.0363501985106136
Reovirales	SRR5949606	1.141607906829209
Reovirales	SRR5949607	1.094546367151891
Reovirales	SRR5949608	1.094546367151891
Reovirales	SRR5950246	1.094546367151891
Reovirales	SRR5950247	1.1466766852212897
Reovirales	SRR5950248	1.057961457192366
Reovirales	SRR5950249	1.057961457192366
Reovirales	SRR5950250	1.141607906829209
Reovirales	SRR5950251	1.094546367151891
Reovirales	SRR5950252	1.057961457192366
Reovirales	SRR5950253	1.094546367151891
Reovirales	SRR5950254	1.0314713030119538
Reovirales	SRR5950255	1.156939729282204
Reovirales	SRR5950256	1.141607906829209
Reovirales	SRR5950257	1.1852624872237028
Reovirales	SRR5950258	1.057961457192366
Reovirales	SRR5950259	1.094546367151891
Reovirales	SRR5950260	1.057961457192366
Reovirales	SRR5950261	1.156939729282204
Reovirales	SRR5950262	1.094546367151891
Reovirales	SRR5950263	1.0363501985106136
Reovirales	SRR5950264	1.1466766852212897
Reovirales	SRR5950265	1.0314713030119538
Reovirales	SRR5950266	1.1466766852212897
Reovirales	SRR5950267	1.141607906829209
Reovirales	SRR5950268	1.094546367151891
Reovirales	SRR5950269	1.0314713030119538
Reovirales	SRR5950270	1.0363501985106136
Reovirales	SRR5950271	1.141607906829209
Reovirales	SRR5950272	1.156939729282204
Reovirales	SRR5950273	1.141607906829209
Reovirales	SRR5950274	1.057961457192366
Reovirales	SRR5950275	1.1466766852212897
Reovirales	SRR5950276	1.094546367151891
Reovirales	SRR5950277	1.0363501985106136
Reovirales	SRR5950278	1.057961457192366
Reovirales	SRR5950279	1.055369386249072
Reovirales	SRR5950280	2.283215813658418
Reovirales	SRR5950281	1.057961457192366
Reovirales	SRR5950282	1.156939729282204
Reovirales	SRR5950283	1.1466766852212897
Reovirales	SRR5950284	1.1104836705521814
Reovirales	SRR5950285	1.1021362627525138
Reovirales	SRR5950286	1.094546367151891
Reovirales	SRR5950287	1.094546367151891
Reovirales	SRR5950288	1.141607906829209
Reovirales	SRR5950289	1.057961457192366
Reovirales	SRR5950290	1.156939729282204
Reovirales	SRR5950291	1.057961457192366
Reovirales	SRR5950292	1.1021362627525138
Reovirales	SRR5950293	1.055369386249072
Reovirales	SRR5950294	1.094546367151891
Reovirales	SRR5950295	1.094546367151891
Reovirales	SRR5950296	1.055369386249072
Reovirales	SRR5950297	1.156939729282204
Reovirales	SRR5950298	1.055369386249072
Reovirales	SRR5950299	1.055369386249072
Reovirales	SRR5950300	1.055369386249072
Reovirales	SRR5950301	1.094546367151891
Reovirales	SRR5950302	1.1466766852212897
Reovirales	SRR5950303	1.1466766852212897
Reovirales	SRR5950304	1.0314713030119538
Reovirales	SRR5950305	1.057961457192366
Reovirales	SRR5950306	1.1466766852212897
Reovirales	SRR5950307	1.0363501985106136
Reovirales	SRR5950308	1.1466766852212897
Reovirales	SRR5950309	1.094546367151891
Reovirales	SRR5950310	1.057961457192366
Reovirales	SRR5950311	1.0363501985106136
Reovirales	SRR5950312	1.1466766852212897
Reovirales	SRR5950313	1.094546367151891
Reovirales	SRR5950314	2.283215813658418
Reovirales	SRR5950315	1.057961457192366
Reovirales	SRR5950316	1.141607906829209
Reovirales	SRR5950317	1.094546367151891
Reovirales	SRR5950318	1.057961457192366
Reovirales	SRR5950319	1.141607906829209
Reovirales	SRR5950320	1.057961457192366
Reovirales	SRR5950321	1.057961457192366
Reovirales	SRR5950322	1.057961457192366
Reovirales	SRR5950323	1.055369386249072
Reovirales	SRR5950324	1.055369386249072
Reovirales	SRR5950325	1.141607906829209
Reovirales	SRR5950326	2.189092734303782
Reovirales	SRR5950327	1.1021362627525138
Reovirales	SRR5950328	1.094546367151891
Reovirales	SRR5950329	1.055369386249072
Reovirales	SRR5950330	1.1466766852212897
Reovirales	SRR5950331	1.057961457192366
Reovirales	SRR5950332	1.0314713030119538
Reovirales	SRR5950333	1.1466766852212897
Reovirales	SRR5950334	1.057961457192366
Reovirales	SRR5950335	1.057961457192366
Reovirales	SRR5950336	1.141607906829209
Reovirales	SRR5950337	1.094546367151891
Reovirales	SRR5950338	1.1466766852212897
Reovirales	SRR5950339	1.1466766852212897
Reovirales	SRR5950340	3.1738843715770977
Reovirales	SRR5950341	1.1466766852212897
Reovirales	SRR5950342	1.094546367151891
Reovirales	SRR5950343	1.057961457192366
Reovirales	SRR5950344	1.1466766852212897
Reovirales	SRR5950345	1.094546367151891
Reovirales	SRR5950346	1.094546367151891
Reovirales	SRR5950347	1.055369386249072
Reovirales	SRR5950348	1.094546367151891
Reovirales	SRR5950349	1.055369386249072
Reovirales	SRR5950350	1.057961457192366
Reovirales	SRR5950351	1.141607906829209
Reovirales	SRR5950352	1.141607906829209
Reovirales	SRR5950353	1.057961457192366
Reovirales	SRR5950354	1.141607906829209
Reovirales	SRR5950355	1.141607906829209
Reovirales	SRR5950356	1.055369386249072
Reovirales	SRR5950357	1.094546367151891
Reovirales	SRR5950358	1.094546367151891
Reovirales	SRR5950359	1.057961457192366
Reovirales	SRR5950360	1.141607906829209
Reovirales	SRR5950361	1.156939729282204
Reovirales	SRR5950362	6.139695314629009
Reovirales	SRR5950363	1.156939729282204
Reovirales	SRR5950364	1.057961457192366
Reovirales	SRR5950365	1.057961457192366
Reovirales	SRR5950366	1.055369386249072
Reovirales	SRR5950367	1.055369386249072
Reovirales	SRR5950368	1.141607906829209
Reovirales	SRR5950369	1.057961457192366
Reovirales	SRR5950370	1.055369386249072
Reovirales	SRR5950371	1.094546367151891
Reovirales	SRR5950372	1.141607906829209
Reovirales	SRR5950373	1.141607906829209
Reovirales	SRR5950374	1.1466766852212897
Reovirales	SRR5950375	1.0232825524381681
Reovirales	SRR5950376	1.1852624872237028
Reovirales	SRR5950377	1.0314713030119538
Reovirales	SRR5950378	1.156939729282204
Reovirales	SRR5950379	1.141607906829209
Reovirales	SRR5950380	1.057961457192366
Reovirales	SRR5950381	1.057961457192366
Reovirales	SRR5950382	1.141607906829209
Reovirales	SRR5950383	1.057961457192366
Reovirales	SRR5950384	1.094546367151891
Reovirales	SRR5950385	1.141607906829209
Reovirales	SRR5950386	1.141607906829209
Reovirales	SRR5950387	1.094546367151891
Reovirales	SRR5950388	1.1466766852212897
Reovirales	SRR5950389	1.141607906829209
Reovirales	SRR5950390	1.0363501985106136
Reovirales	SRR5950391	1.141607906829209
Reovirales	SRR5950392	1.057961457192366
Reovirales	SRR5950393	1.141607906829209
Reovirales	SRR5950394	1.055369386249072
Reovirales	SRR5950395	1.0363501985106136
Reovirales	SRR5950396	1.057961457192366
Reovirales	SRR5950397	1.094546367151891
Reovirales	SRR5950398	1.1466766852212897
Reovirales	SRR5950399	1.094546367151891
Reovirales	SRR5950400	1.0363501985106136
Reovirales	SRR5950401	1.1466766852212897
Reovirales	SRR5950402	1.1466766852212897
Reovirales	SRR5950403	1.094546367151891
Reovirales	SRR5950404	1.094546367151891
Reovirales	SRR5950405	1.0363501985106136
Reovirales	SRR5950406	1.141607906829209
Reovirales	SRR5950407	1.057961457192366
Reovirales	SRR5950408	1.057961457192366
Reovirales	SRR5950409	1.141607906829209
Reovirales	SRR5950410	1.156939729282204
Reovirales	SRR5950411	5.733383426106449
Reovirales	SRR5950412	1.094546367151891
Reovirales	SRR5950413	1.057961457192366
Reovirales	SRR5950414	1.141607906829209
Reovirales	SRR5950415	1.094546367151891
Reovirales	SRR5950416	1.094546367151891
Reovirales	SRR5950417	1.0363501985106136
Reovirales	SRR5950418	1.1021362627525138
Reovirales	SRR5950419	1.094546367151891
Reovirales	SRR5950420	1.057961457192366
Reovirales	SRR5950421	1.055369386249072
Reovirales	SRR5950422	1.055369386249072
Reovirales	SRR5950423	1.055369386249072
Reovirales	SRR5950424	1.094546367151891
Reovirales	SRR5950425	1.1466766852212897
Reovirales	SRR5950426	3.283639101455673
Reovirales	SRR5950427	1.1466766852212897
Reovirales	SRR5950428	1.094546367151891
Reovirales	SRR5950429	1.0363501985106136
Reovirales	SRR5950430	1.057961457192366
Reovirales	SRR5950431	1.057961457192366
Reovirales	SRR5950432	1.1466766852212897
Reovirales	SRR5950433	1.094546367151891
Reovirales	SRR5950434	1.094546367151891
Reovirales	SRR5950435	1.055369386249072
Reovirales	SRR5950436	1.141607906829209
Reovirales	SRR5950437	1.055369386249072
Reovirales	SRR5950438	1.094546367151891
Reovirales	SRR5950439	1.0363501985106136
Reovirales	SRR5950440	1.057961457192366
Reovirales	SRR5950441	1.057961457192366
Reovirales	SRR5950442	1.141607906829209
Reovirales	SRR5950443	1.1466766852212897
Reovirales	SRR5950444	1.094546367151891
Reovirales	SRR5950445	2.2933533704425795
Reovirales	SRR5950446	1.141607906829209
Reovirales	SRR5950447	1.094546367151891
Reovirales	SRR5950448	1.0363501985106136
Reovirales	SRR5950449	2.283215813658418
Reovirales	SRR5950450	1.1466766852212897
Reovirales	SRR5950451	1.141607906829209
Reovirales	SRR5950452	1.141607906829209
Reovirales	SRR5950453	1.094546367151891
Reovirales	SRR5950454	1.141607906829209
Reovirales	SRR5950455	1.0314713030119538
Reovirales	SRR5950456	1.055369386249072
Reovirales	SRR5950457	1.057961457192366
Reovirales	SRR5950458	1.057961457192366
Reovirales	SRR5950459	1.094546367151891
Reovirales	SRR5950460	1.055369386249072
Reovirales	SRR5950461	2.189092734303782
Reovirales	SRR5950462	1.1466766852212897
Reovirales	SRR5950463	1.1466766852212897
Reovirales	SRR5950464	2.110738772498144
Reovirales	SRR5950465	1.055369386249072
Reovirales	SRR5950466	1.055369386249072
Reovirales	SRR5950467	43.270144836211955
Reovirales	SRR5950468	1.141607906829209
Reovirales	SRR5950469	1.0363501985106136
Reovirales	SRR5950470	1.057961457192366
Reovirales	SRR5963912	1.1852624872237028
Reovirales	SRR5963913	1.1466766852212897
Reovirales	SRR5963914	1.156939729282204
Reovirales	SRR5963915	1.094546367151891
Reovirales	SRR5963916	1.141607906829209
Reovirales	SRR5963917	1.057961457192366
Reovirales	SRR5963918	1.094546367151891
Reovirales	SRR5963919	1.1466766852212897
Reovirales	SRR5963920	1.0232825524381681
Reovirales	SRR5963921	11.609063248739794
Reovirales	SRR5963922	1.1466766852212897
Reovirales	SRR5963923	1.156939729282204
Reovirales	SRR5963924	1.141607906829209
Reovirales	SRR5963925	1.055369386249072
Reovirales	SRR5963926	1.094546367151891
Reovirales	SRR5963927	1.094546367151891
Reovirales	SRR5963928	1.0363501985106136
Reovirales	SRR5963929	1.055369386249072
Reovirales	SRR5963930	1.156939729282204
Reovirales	SRR5963931	1.141607906829209
Reovirales	SRR5963932	1.057961457192366
Reovirales	SRR5963933	1.094546367151891
Reovirales	SRR5963934	1.057961457192366
Reovirales	SRR5963935	1.057961457192366
Reovirales	SRR5963936	1.055369386249072
Reovirales	SRR5963937	1.0232825524381681
Reovirales	SRR5963938	2.110738772498144
Reovirales	SRR5963939	1.094546367151891
Reovirales	SRR5963940	1.057961457192366
Reovirales	SRR5963941	1.1852624872237028
Reovirales	SRR5963942	1.1602238724224394
Reovirales	SRR5963943	1.094546367151891
Reovirales	SRR5963944	1.1852624872237028
Reovirales	SRR5963945	1.1466766852212897
Reovirales	SRR5963946	1.057961457192366
Reovirales	SRR5963947	1.094546367151891
Reovirales	SRR5963948	1.094546367151891
Reovirales	SRR6467548	NA
Reovirales	SRR6467549	NA
Reovirales	SRR6467550	NA
Reovirales	SRR6467551	NA
Reovirales	SRR6467552	NA
Reovirales	SRR6467553	NA
Reovirales	SRR6467554	NA
Reovirales	SRR6467555	NA
Reovirales	SRR6467556	NA
Reovirales	SRR6467557	NA
Reovirales	SRR6467558	NA
Reovirales	SRR6467559	NA
Reovirales	SRR6467560	NA
Reovirales	SRR6467561	NA
Reovirales	SRR6467562	NA
Reovirales	SRR6467563	NA
Reovirales	SRR6467564	NA
Reovirales	SRR6467565	NA
Reovirales	SRR6467566	NA
Reovirales	SRR6467567	NA
Reovirales	SRR6467568	NA
Reovirales	SRR6467569	NA
Reovirales	SRR6467570	NA
Reovirales	SRR6467571	NA
Reovirales	SRR6467572	NA
Reovirales	SRR6467573	NA
Reovirales	SRR6467574	NA
Reovirales	SRR6467575	NA
Reovirales	SRR6467576	NA
Reovirales	SRR6467577	NA
Reovirales	SRR6467578	NA
Reovirales	SRR6467579	NA
Reovirales	SRR6467580	NA
Reovirales	SRR6467581	NA
Reovirales	SRR6467582	NA
Reovirales	SRR6467583	NA
Reovirales	SRR6467584	NA
Reovirales	SRR6467585	NA
Reovirales	SRR6467586	NA
Reovirales	SRR6467587	NA
Reovirales	SRR6467588	NA
Reovirales	SRR6467589	NA
Reovirales	SRR6467590	NA
Reovirales	SRR6467591	NA
Reovirales	SRR6467592	NA
Reovirales	SRR6467593	NA
Reovirales	SRR6467594	NA
Reovirales	SRR6467595	NA
Reovirales	SRR6467596	NA
Reovirales	SRR6467597	NA
Reovirales	SRR6467598	NA
Reovirales	SRR6467599	NA
Reovirales	SRR6467600	NA
Reovirales	SRR6467601	NA
Reovirales	SRR6467602	NA
Reovirales	SRR6467603	NA
Reovirales	SRR6467604	NA
Reovirales	SRR6467605	NA
Reovirales	SRR6467606	NA
Reovirales	SRR6467607	NA
Reovirales	SRR6467608	NA
Reovirales	SRR6467609	NA
Reovirales	SRR6467610	NA
Reovirales	SRR6467611	NA
Reovirales	SRR6467612	NA
Reovirales	SRR6467613	NA
Reovirales	SRR6467614	NA
Reovirales	SRR6467615	NA
Reovirales	SRR6467616	NA
Reovirales	SRR6467617	NA
Reovirales	SRR6467618	NA
Reovirales	SRR6467619	NA
Reovirales	SRR6467620	NA
Reovirales	SRR6467621	NA
Reovirales	SRR6467622	NA
Reovirales	SRR6467623	NA
Reovirales	SRR6467624	NA
Reovirales	SRR6467625	NA
Reovirales	SRR6467626	NA
Reovirales	SRR6467627	NA
Reovirales	SRR6467628	NA
Reovirales	SRR6467629	NA
Reovirales	SRR6467630	NA
Reovirales	SRR6467631	NA
Reovirales	SRR6467632	NA
Reovirales	SRR6467633	NA
Reovirales	SRR6467634	NA
Reovirales	SRR6467635	NA
Reovirales	SRR6467636	NA
Reovirales	SRR6467637	NA
Reovirales	SRR6467638	NA
Reovirales	SRR6467639	NA
Reovirales	SRR6467640	NA
Reovirales	SRR6467641	NA
Reovirales	SRR6467642	NA
Reovirales	SRR6467643	NA
Reovirales	SRR6467644	NA
Reovirales	SRR6467645	NA
Reovirales	SRR6467646	NA
Reovirales	SRR6467647	NA
Reovirales	SRR6467648	NA
Reovirales	SRR6467649	NA
Reovirales	SRR6467650	NA
Reovirales	SRR6467651	NA
Reovirales	SRR6467652	NA
Reovirales	SRR6467653	NA
Reovirales	SRR6467654	NA
Reovirales	SRR6467655	NA
Reovirales	SRR6467656	NA
Reovirales	SRR6467657	NA
Reovirales	SRR6467658	NA
Reovirales	SRR6467659	NA
Reovirales	SRR6467660	NA
Reovirales	SRR6467661	NA
Reovirales	SRR6467662	NA
Reovirales	SRR6467663	NA
Reovirales	SRR6467664	NA
Reovirales	SRR6467665	NA
Reovirales	SRR6467666	NA
Reovirales	SRR6467667	NA
Reovirales	SRR6467668	NA
Reovirales	SRR6467669	NA
Reovirales	SRR6467670	NA
Reovirales	SRR6467671	NA
Reovirales	SRR6467672	NA
Reovirales	SRR6467673	NA
Reovirales	SRR6467674	NA
Reovirales	SRR6467675	NA
Reovirales	SRR6467676	NA
Reovirales	SRR6467677	NA
Reovirales	SRR6467678	NA
Reovirales	SRR6467679	NA
Reovirales	SRR6467680	NA
Reovirales	SRR6467681	NA
Reovirales	SRR6467682	NA
Reovirales	SRR6467683	NA
Reovirales	SRR6467684	NA
Reovirales	SRR6467685	NA
Reovirales	SRR6467686	NA
Reovirales	SRR6467687	NA
Reovirales	SRR6467688	NA
Reovirales	SRR6467689	NA
Reovirales	SRR6467690	NA
Reovirales	SRR6467691	NA
Reovirales	SRR6467692	NA
Reovirales	SRR6467693	NA
Reovirales	SRR6467694	NA
Reovirales	SRR6467695	NA
Reovirales	SRR6467696	NA
Reovirales	SRR6467697	NA
Reovirales	SRR6467698	NA
Reovirales	SRR6467699	NA
Reovirales	SRR6467700	NA
Reovirales	SRR6467701	NA
Reovirales	SRR6467702	NA
Reovirales	SRR6467703	NA
Reovirales	SRR6467704	NA
Reovirales	SRR6467705	NA
Reovirales	SRR6467706	NA
Reovirales	SRR6467707	NA
Reovirales	SRR6467708	NA
Reovirales	SRR6467709	NA
Reovirales	SRR6467710	NA
Reovirales	SRR6467711	NA
Reovirales	SRR6467712	NA
Reovirales	SRR6467713	NA
Reovirales	SRR6467714	NA
Reovirales	SRR6467715	NA
Reovirales	SRR6467716	NA
Reovirales	SRR6467717	NA
Reovirales	SRR6467718	NA
Reovirales	SRR6467719	NA
Reovirales	SRR6467720	NA
Reovirales	SRR6467721	NA
Reovirales	SRR6467722	NA
Reovirales	SRR6467723	NA
Reovirales	SRR6467724	NA
Reovirales	SRR6467725	NA
Reovirales	SRR6467726	NA
Reovirales	SRR6467727	NA
Reovirales	SRR6467728	NA
Reovirales	SRR6467729	NA
Reovirales	SRR6467730	NA
Reovirales	SRR6467731	NA
Reovirales	SRR6467732	NA
Reovirales	SRR6467733	NA
Reovirales	SRR6467734	NA
Reovirales	SRR6467735	NA
Reovirales	SRR6467736	NA
Reovirales	SRR6467737	NA
Reovirales	SRR6467738	NA
Reovirales	SRR6467739	NA
Reovirales	SRR6467740	NA
Reovirales	SRR6467741	NA
Reovirales	SRR6467742	NA
Reovirales	SRR6467743	NA
Reovirales	SRR6467744	NA
Reovirales	SRR6467745	NA
Reovirales	SRR6467746	NA
Reovirales	SRR6467747	NA
Reovirales	SRR6467748	NA
Reovirales	SRR6467749	NA
Reovirales	SRR6467750	NA
Reovirales	SRR6467751	NA
Reovirales	SRR6467752	NA
Reovirales	SRR6467753	NA
Reovirales	SRR6467754	NA
Reovirales	SRR6467755	NA
Reovirales	SRR6467756	NA
Reovirales	SRR6467757	NA
Reovirales	SRR6467758	NA
Reovirales	SRR6467759	NA
Reovirales	SRR6467760	NA
Reovirales	SRR6467761	NA
Reovirales	SRR6467762	NA
Reovirales	SRR6467763	NA
Reovirales	SRR6467764	NA
Reovirales	SRR6467765	NA
Reovirales	SRR6467766	NA
Reovirales	SRR6467767	NA
Reovirales	SRR6467768	NA
Reovirales	SRR6467769	NA
Reovirales	SRR6467770	NA
Reovirales	SRR6467771	NA
Reovirales	SRR6467772	NA
Reovirales	SRR6467773	NA
Reovirales	SRR6868540	NA
Reovirales	SRR6868541	NA
Reovirales	SRR6868542	NA
Reovirales	SRR6868543	NA
Reovirales	SRR6868544	NA
Reovirales	SRR6868545	NA
Reovirales	SRR6868546	NA
Reovirales	SRR6868557	NA
Reovirales	SRR6868558	NA
Reovirales	SRR6868559	NA
Reovirales	SRR6868560	NA
Reovirales	SRR6868569	NA
Reovirales	SRR6868570	NA
Reovirales	SRR6868571	NA
Reovirales	SRR6868572	NA
Reovirales	SRR6868573	NA
Reovirales	SRR6868574	NA
Reovirales	SRR6868575	NA
Reovirales	SRR6868576	NA
Reovirales	SRR6868577	NA
Reovirales	SRR6868578	NA
Reovirales	SRR6868579	NA
Reovirales	SRR6868580	NA
Reovirales	SRR6868581	NA
Reovirales	SRR6868582	NA
Reovirales	SRR6868585	NA
Reovirales	SRR6868586	NA
Reovirales	SRR6868587	NA
Reovirales	SRR6868588	NA
Reovirales	SRR6868589	NA
Reovirales	SRR6868590	NA
Reovirales	SRR6868591	NA
Reovirales	SRR6868604	NA
Reovirales	SRR6868605	NA
Reovirales	SRR6868606	NA
Reovirales	SRR6868607	NA
Reovirales	SRR6868608	NA
Reovirales	SRR6868609	NA
Reovirales	SRR6868610	NA
Reovirales	SRR6868620	NA
Reovirales	SRR6868621	NA
Reovirales	SRR6868622	NA
Reovirales	SRR6868623	NA
Reovirales	SRR6868636	NA
Reovirales	SRR6868637	NA
Reovirales	SRR6868638	NA
Reovirales	SRR6868639	NA
Reovirales	SRR6868650	NA
Reovirales	SRR6868651	NA
Reovirales	SRR6868652	NA
Reovirales	SRR6868653	NA
Reovirales	SRR6868654	NA
Reovirales	SRR6868655	NA
Reovirales	SRR6868665	NA
Reovirales	SRR6868666	NA
Reovirales	SRR6868667	NA
Reovirales	SRR6868668	NA
Reovirales	SRR6868669	NA
Reovirales	SRR6868670	NA
Reovirales	SRR6868671	NA
Reovirales	SRR6868683	NA
Reovirales	SRR6868684	NA
Reovirales	SRR6868685	NA
Reovirales	SRR6868686	NA
Reovirales	SRR6868687	NA
Reovirales	SRR6868688	NA
Reovirales	SRR6868689	NA
Reovirales	SRR6868698	NA
Reovirales	SRR6868699	NA
Reovirales	SRR6868700	NA
Reovirales	SRR6868701	NA
Reovirales	SRR6868702	NA
Reovirales	SRR6868713	NA
Reovirales	SRR6868714	NA
Reovirales	SRR6868715	NA
Reovirales	SRR6868716	NA
Reovirales	SRR6868717	NA
Reovirales	SRR6868718	NA
Reovirales	SRR6868719	NA
Reovirales	SRR6868720	NA
Reovirales	SRR6868721	NA
Reovirales	SRR6868722	NA
Reovirales	SRR6868723	NA
Reovirales	SRR6868724	NA
Reovirales	SRR6868725	NA
Reovirales	SRR6868726	NA
Reovirales	SRR6868741	NA
Reovirales	SRR7632756	NA
Reovirales	SRR7632757	NA
Reovirales	SRR7632758	NA
Reovirales	SRR7632759	NA
Reovirales	SRR7632760	NA
Reovirales	SRR7632761	NA
Reovirales	SRR7632762	NA
Reovirales	SRR7632763	NA
Reovirales	SRR7632764	NA
Reovirales	SRR7632765	NA
Reovirales	SRR7632766	NA
Reovirales	SRR7632767	NA
Reovirales	SRR7632768	NA
Reovirales	SRR7632769	NA
Reovirales	SRR7632770	NA
Reovirales	SRR7632771	NA
Reovirales	SRR7632772	NA
Reovirales	SRR7632773	NA
Reovirales	SRR7632774	NA
Reovirales	SRR7632775	NA
Reovirales	SRR7632776	NA
Reovirales	SRR7632777	NA
Reovirales	SRR7632778	NA
Reovirales	SRR7632779	NA
Reovirales	SRR7632780	NA
Reovirales	SRR7632781	NA
Reovirales	SRR7632782	NA
Reovirales	SRR7632783	NA
Reovirales	SRR7632784	NA
Reovirales	SRR7632785	NA
Reovirales	SRR7632786	NA
Reovirales	SRR7632787	NA
Reovirales	SRR7632788	NA
Reovirales	SRR7632789	NA
Reovirales	SRR7632790	NA
Reovirales	SRR7632791	NA
Reovirales	SRR7632792	NA
Reovirales	SRR7632793	NA
Reovirales	SRR7632794	NA
Reovirales	SRR7632795	NA
Reovirales	SRR7632796	NA
Reovirales	SRR7632797	NA
Reovirales	SRR7632798	NA
Reovirales	SRR7632799	NA
Reovirales	SRR7632800	NA
Reovirales	SRR7632801	NA
Reovirales	SRR7632802	NA
Reovirales	SRR7632803	NA
Reovirales	SRR7632804	NA
Reovirales	SRR7632805	NA
Reovirales	SRR7632806	NA
Reovirales	SRR7632807	NA
Reovirales	SRR7632808	NA
Reovirales	SRR7632809	NA
Reovirales	SRR7632810	NA
Reovirales	SRR7632811	NA
Reovirales	SRR7632812	NA
Reovirales	SRR7632813	NA
Reovirales	SRR7632814	NA
Reovirales	SRR7632815	NA
Reovirales	SRR7632816	NA
Reovirales	SRR7632817	NA
Reovirales	SRR7632818	NA
Reovirales	SRR7632819	NA
Reovirales	SRR7632820	NA
Reovirales	SRR7632821	NA
Reovirales	SRR7632822	NA
Reovirales	SRR7632823	NA
Reovirales	SRR7632824	NA
Reovirales	SRR7632825	NA
Reovirales	SRR7632826	NA
Reovirales	SRR7632827	NA
Reovirales	SRR7632828	NA
Reovirales	SRR7632829	NA
Reovirales	SRR7632830	NA
Reovirales	SRR7632831	NA
Reovirales	SRR7632832	NA
Reovirales	SRR7632833	NA
Reovirales	SRR7632834	NA
Reovirales	SRR7632835	NA
Reovirales	SRR7632836	NA
Reovirales	SRR7632837	NA
Reovirales	SRR7632838	NA
Reovirales	SRR7632839	NA
Reovirales	SRR7632840	NA
Reovirales	SRR7632841	NA
Reovirales	SRR7632842	NA
Reovirales	SRR7632843	NA
Reovirales	SRR7632844	NA
Reovirales	SRR7632845	NA
Reovirales	SRR7632846	NA
Reovirales	SRR7632847	NA
Reovirales	SRR7632848	NA
Reovirales	SRR7632849	NA
Reovirales	SRR7632850	NA
Reovirales	SRR7632851	NA
Reovirales	SRR7632852	NA
Reovirales	SRR7632853	NA
Reovirales	SRR7632854	NA
Reovirales	SRR7632855	NA
Reovirales	SRR7632856	NA
Reovirales	SRR7632857	NA
Reovirales	SRR7632858	NA
Reovirales	SRR7632859	NA
Reovirales	SRR7632860	NA
Reovirales	SRR7632861	NA
Reovirales	SRR7632862	NA
Reovirales	SRR7632863	NA
Reovirales	SRR7632864	NA
Reovirales	SRR7632865	NA
Reovirales	SRR7632866	NA
Reovirales	SRR7632867	NA
Reovirales	SRR7632868	NA
Reovirales	SRR7632869	NA
Reovirales	SRR7632870	NA
Reovirales	SRR7632871	NA
Reovirales	SRR7632872	NA
Reovirales	SRR7632873	NA
Reovirales	SRR7632874	NA
Reovirales	SRR7632875	NA
Reovirales	SRR7632876	NA
Reovirales	SRR7632877	NA
Reovirales	SRR7632878	NA
Reovirales	SRR7632879	NA
Reovirales	SRR7632880	NA
Reovirales	SRR7632881	NA
Reovirales	SRR7632882	NA
Reovirales	SRR7632883	NA
Reovirales	SRR7632884	NA
Reovirales	SRR7632885	NA
Reovirales	SRR7632886	NA
Reovirales	SRR7632887	NA
Reovirales	SRR7632888	NA
Reovirales	SRR7632889	NA
Reovirales	SRR7632890	NA
Reovirales	SRR7632891	NA
Reovirales	SRR7632892	NA
Reovirales	SRR7632893	NA
Reovirales	SRR7632894	NA
Reovirales	SRR7632895	NA
Reovirales	SRR7632896	NA
Reovirales	SRR7632897	NA
Reovirales	SRR7632898	NA
Reovirales	SRR7632899	NA
Reovirales	SRR7632900	NA
Reovirales	SRR7632901	NA
Reovirales	SRR7632902	NA
Reovirales	SRR7632903	NA
Reovirales	SRR7632904	NA
Reovirales	SRR7632905	NA
Reovirales	SRR7632906	NA
Reovirales	SRR7632907	NA
Reovirales	SRR7632908	NA
Reovirales	SRR7632909	NA
Reovirales	SRR7632910	NA
Reovirales	SRR7632911	NA
Reovirales	SRR7632912	NA
Reovirales	SRR7632913	NA
Reovirales	SRR7632914	NA
Reovirales	SRR7632915	NA
Reovirales	SRR7632916	NA
Reovirales	SRR7632917	NA
Reovirales	SRR7632918	NA
Reovirales	SRR7632919	NA
Reovirales	SRR7632920	NA
Reovirales	SRR7632921	NA
Reovirales	SRR7632922	NA
Reovirales	SRR7632923	NA
Reovirales	SRR7632924	NA
Reovirales	SRR7632925	NA
Reovirales	SRR7632926	NA
Reovirales	SRR7632927	NA
Reovirales	SRR7632928	NA
Reovirales	SRR7632929	NA
Reovirales	SRR7632930	NA
Reovirales	SRR7632931	NA
Reovirales	SRR7632932	NA
Reovirales	SRR7632933	NA
Reovirales	SRR7632934	NA
Reovirales	SRR7632935	NA
Reovirales	SRR7632936	NA
Reovirales	SRR7632937	NA
Reovirales	SRR7632938	NA
Reovirales	SRR7632939	NA
Reovirales	SRR7632940	NA
Reovirales	SRR7632941	NA
Reovirales	SRR7632942	NA
Reovirales	SRR7632943	NA
Reovirales	SRR7632944	NA
Reovirales	SRR7632945	NA
Reovirales	SRR8928966	NA
Reovirales	SRR8928967	NA
Reovirales	SRR8928968	NA
Reovirales	SRR8928969	NA
Reovirales	SRR8928970	NA
Reovirales	SRR8928971	NA
Reovirales	SRR8928972	NA
Reovirales	SRR8928973	NA
Reovirales	SRR8928974	NA
Reovirales	SRR8928975	NA
Reovirales	SRR8928976	NA
Reovirales	SRR8928977	NA
Reovirales	SRR8928978	NA
Reovirales	SRR8928979	NA
Reovirales	SRR8928980	NA
Reovirales	SRR8928981	NA
Reovirales	SRR8928982	NA
Reovirales	SRR8928983	NA
Reovirales	SRR8928984	NA
Reovirales	SRR8928985	NA
Reovirales	SRR8928986	NA
Reovirales	SRR8928987	NA
Reovirales	SRR8928988	NA
Reovirales	SRR8928989	NA
Reovirales	SRR8928990	NA
Reovirales	SRR8928991	NA
Reovirales	SRR9835604	NA
Reovirales	SRR9835605	NA
Reovirales	SRR9835606	NA
Reovirales	SRR9835607	NA
Reovirales	SRR9835608	NA
Reovirales	SRR9835609	NA
Reovirales	SRR9835610	NA
Reovirales	SRR9835611	NA
Reovirales	SRR9835612	NA
Reovirales	SRR9835613	NA
Reovirales	SRR9835614	NA
Reovirales	SRR9835615	NA
Reovirales	SRR9835616	NA
Reovirales	SRR9835617	NA
Reovirales	SRR9835618	NA
Reovirales	SRR9835619	NA
Reovirales	SRR9835620	NA
Reovirales	SRR9835621	NA
Reovirales	SRR9835622	NA
Reovirales	SRR9835623	NA
Reovirales	SRR9835624	NA
Reovirales	SRR9835625	NA
Reovirales	SRR9835626	NA
Reovirales	SRR9835627	NA
Reovirales	SRR9835628	NA
Reovirales	SRR9835629	NA
Reovirales	SRR9835630	NA
Reovirales	SRR9835631	NA
Reovirales	SRR9835632	NA
Reovirales	SRR9835633	NA
Reovirales	SRR9835634	NA
Reovirales	SRR9835635	NA
Reovirales	SRR9835636	NA
Reovirales	SRR9835637	NA
Reovirales	SRR9835638	NA
Reovirales	SRR9835639	NA
Reovirales	SRR9835640	NA
Reovirales	SRR9835641	NA
Reovirales	SRR9835642	NA
Reovirales	SRR9835643	NA
Reovirales	SRR9835644	NA
Reovirales	SRR9835645	NA
Reovirales	SRR9835646	NA
Reovirales	SRR9835647	NA
Reovirales	SRR9835648	NA
Reovirales	SRR9835649	NA
Reovirales	SRR9835650	NA
Reovirales	SRR9835651	NA
Reovirales	SRR9835652	NA
Reovirales	SRR9835653	NA
Reovirales	SRR9835654	NA
Reovirales	SRR9835655	NA
Reovirales	SRR9835656	NA
Reovirales	SRR9835657	NA
Reovirales	SRR9835658	NA
Reovirales	SRR9835659	NA
Reovirales	SRR9835660	NA
Reovirales	SRR9835661	NA
Reovirales	SRR9835662	NA
Reovirales	SRR9835663	NA
Reovirales	SRR9835664	NA
Reovirales	SRR9835665	NA
Reovirales	SRR9835666	NA
Reovirales	SRR9835667	NA
Reovirales	SRR9835668	NA
Reovirales	SRR9835669	NA
Reovirales	SRR9835670	NA
Reovirales	SRR9835671	NA
Reovirales	SRR9835672	NA
Reovirales	SRR9835673	NA
Reovirales	SRR9835674	NA
Reovirales	SRR9835675	NA
Reovirales	SRR9835676	NA
Reovirales	SRR9835677	NA
Reovirales	SRR9835678	NA
Reovirales	SRR9835679	NA
Reovirales	SRR9835680	NA
Reovirales	SRR9835681	NA
Reovirales	SRR9835682	NA
Reovirales	SRR9835683	NA
Reovirales	SRR9835684	NA
Reovirales	SRR9835685	NA
Reovirales	SRR9835686	NA
Reovirales	SRR9835687	NA
Reovirales	SRR9835688	NA
Reovirales	SRR9835689	NA
Reovirales	SRR9835690	NA
Reovirales	SRR9835691	NA
Reovirales	SRR9835692	NA
Reovirales	SRR9835693	NA
Reovirales	SRR9835694	NA
Reovirales	SRR9835695	NA
Reovirales	SRR9835696	NA
Reovirales	SRR9835697	NA
Reovirales	SRR9835698	NA
Reovirales	SRR9835699	NA
Reovirales	SRR9835700	NA
Reovirales	SRR9835701	NA
Reovirales	SRR9835702	NA
Reovirales	SRR9835703	NA
Reovirales	SRR9835704	NA
Reovirales	SRR9835705	NA
Reovirales	SRR9835706	NA
Reovirales	SRR9835707	NA
Reovirales	SRR9835708	NA
Reovirales	SRR9835709	NA
Reovirales	SRR9835710	NA
Reovirales	SRR9835711	NA
Reovirales	SRR9835712	NA
Reovirales	SRR9835713	NA
Reovirales	SRR9835714	NA
Reovirales	SRR9835715	NA
Reovirales	SRR9835716	NA
Reovirales	SRR9835717	NA
Reovirales	SRR9835718	NA
Reovirales	SRR9835719	NA
Reovirales	SRR9835720	NA
Reovirales	SRR9835721	NA
Reovirales	SRR9835722	NA
Reovirales	SRR9835723	NA
Reovirales	SRR9835724	NA
Reovirales	SRR9835725	NA
Reovirales	SRR9835726	NA
Reovirales	SRR9835727	NA
Reovirales	SRR9835728	NA
Reovirales	SRR9835729	NA
Reovirales	SRR9835730	NA
Reovirales	SRR9835731	NA
Reovirales	SRR9835732	NA
Reovirales	SRR9835733	NA
Reovirales	SRR9835734	NA
Reovirales	SRR9835735	NA
Reovirales	SRR9835736	NA
Reovirales	SRR9835737	NA
Reovirales	SRR9835738	NA
Reovirales	SRR9835739	NA
Reovirales	SRR9835740	NA
Reovirales	SRR9835741	NA
Reovirales	SRR9835742	NA
Reovirales	SRR9835743	NA
Reovirales	SRR9835744	NA
Reovirales	SRR9835745	NA
Reovirales	SRR9835746	NA
Reovirales	SRR9835747	NA
Reovirales	SRR9835748	NA
Reovirales	SRR9835749	NA
Reovirales	SRR9835750	NA
Reovirales	SRR9835751	NA
Reovirales	SRR9835752	NA
Reovirales	SRR9835753	NA
Reovirales	SRR9835754	NA
Reovirales	SRR9835755	NA
Reovirales	SRR9835756	NA
Reovirales	SRR9835757	NA
Reovirales	SRR9835758	NA
Reovirales	SRR9835759	NA
Reovirales	SRR9835760	NA
Reovirales	SRR9835761	NA
Reovirales	SRR9835762	NA
Reovirales	SRR9835763	NA
Reovirales	SRR9835764	NA
Reovirales	SRR9835765	NA
Reovirales	SRR9835766	NA
Reovirales	SRR9835767	NA
Reovirales	SRR9835768	NA
Reovirales	SRR9835769	NA
Reovirales	SRR9835770	NA
Reovirales	SRR9835771	NA
Reovirales	SRR9835772	NA
Reovirales	SRR9835773	NA
Reovirales	SRR9835774	NA
Reovirales	SRR9835775	NA
Reovirales	SRR9835776	NA
Reovirales	SRR9835777	NA
Reovirales	SRR9835778	NA
Reovirales	SRR9835779	NA
Reovirales	SRR9835780	NA
Reovirales	SRR9835781	NA
Reovirales	SRR9835782	NA
Reovirales	SRR9835783	NA
Reovirales	SRR9835784	NA
Reovirales	SRR9835785	NA
Reovirales	SRR9835786	NA
Reovirales	SRR9835787	NA
Reovirales	SRR9835788	NA
Reovirales	SRR9835789	NA
Reovirales	SRR9835790	NA
Reovirales	SRR9835791	NA
Reovirales	SRR9835792	NA
Reovirales	SRR9835793	NA
Reovirales	SRR9835794	NA
Reovirales	SRR9835795	NA
Reovirales	SRR9835796	NA
Reovirales	SRR9835797	NA
Reovirales	SRR9835798	NA
Reovirales	SRR9835799	NA
Reovirales	SRR9835800	NA
Reovirales	SRR9835801	NA
Reovirales	SRR9835802	NA
Reovirales	SRR9867812	0.527684693124536
Reovirales	SRR9867813	0.6590983392005046
Reovirales	SRR9867814	1.7124118602438136
Reovirales	SRR9867815	1.0314713030119538
Reovirales	SRR9867816	1.0132359195772147
Reovirales	SRR9867817	8.186260419505345
Reovirales	SRR9867818	1.0314713030119538
Reovirales	SRR9867819	1.055369386249072
Reovirales	SRR9867820	1.0050706363566932
Reovirales	SRR9867821	0.5708039534146045
Reovirales	SRR9867822	1.0314713030119538
Reovirales	SRR9867823	1.1466766852212897
Reovirales	SRR9867824	1.055369386249072
Reovirales	SRR9867825	1.3181966784010093
Reovirales	SRR9867826	1.0232825524381681
Reovirales	SRR9867827	1.0132359195772147
Reovirales	SRR9867828	0.43283270905935883
Reovirales	SRR9867829	1.0050706363566932
Reovirales	SRR9867830	1.0132359195772147
Reovirales	SRR9867831	2.0101412727133865
Reovirales	SRR9879292	NA
Reovirales	SRR9879293	NA
Reovirales	SRR9879294	NA
Reovirales	SRR9879295	NA
Reovirales	SRR9879296	NA
Reovirales	SRR9879297	NA
Reovirales	SRR9879298	NA
Reovirales	SRR9879299	NA
Reovirales	SRR9879300	NA
Reovirales	SRR9879301	NA
Reovirales	SRR9879302	NA
Reovirales	SRR9879303	NA
Reovirales	SRR9879304	NA
Reovirales	SRR9879305	NA
Reovirales	SRR9879306	NA
Reovirales	SRR9879307	NA
Reovirales	SRR9879308	NA
Reovirales	SRR9879309	NA
Reovirales	T50_307	1.057961457192366
Reovirales	T50_313	1.0132359195772147
Reovirales	T50_317	1.055369386249072
Reovirales	T50_324	1.0314713030119538
Reovirales	T50_427	1.055369386249072
Reovirales	T50_428	1.057961457192366
Reovirales	T50_431	1.057961457192366
Reovirales	T50_436	1.057961457192366
Reovirales	T50_476	1.0314713030119538
Reovirales	UN_307	3.0698476573145044
Reovirales	UN_313	1.0363501985106136
Reovirales	UN_317	1.0232825524381681
Reovirales	UN_324	1.055369386249072
Reovirales	UN_427	1.0314713030119538
Reovirales	UN_428	1.0156702301952802
Reovirales	UN_431	1.057961457192366
Reovirales	UN_436	1.057961457192366
Reovirales	UN_476	1.055369386249072
