Gene	sample	counts
C1orf21	CM317	721.7822312202059
C1orf21	CMCD140	1001.337532388305
C1orf21	CMCD147	1032.1329383295836
C1orf21	CMCD152	1818
C1orf21	CMCD154	1263.3840580484639
C1orf21	CMCD159	523.5986333717452
C1orf21	CMCD161	1062.2436620295168
C1orf21	CMCD174	516.813722663624
C1orf21	CMCD196	874.9674844881729
C1orf21	CMCD198	498.27593953216274
C1orf21	CMCD203	1388.4832089778133
C1orf21	CMCD211	851.5814193051513
C1orf21	CMCD227	766.2069883611807
C1orf21	CMCD240	1402.388786708461
C1orf21	CMCD259	1086
C1orf21	CMCD270	1036.3517287135749
C1orf21	CMCD275	1146.7089250879628
C1orf21	CMCD282	702.1204253391613
C1orf21	CMCD286	1234.680029472809
C1orf21	CMCD287	1490
C1orf21	CMCD294	551.1271389521834
C1orf21	CMCD327	787.023670436547
C1orf21	CMCD335	1007.7195445579924
C1orf21	CMCD337	959.360622312205
C1orf21	CMCD357	590.2249682997755
C1orf21	CMCD398	685.0876055946264
C1orf21	CMCD403	784.5940023682816
C1orf21	CMCD422	1085.2594471056645
C1orf21	CMCD426	624.9803452223298
C1orf21	CMCD71	1131.1782001071788
C1orf21	CMCD72	567.4799780394395
C1orf21	CMCD76	1735.9787745291408
C1orf21	CMCD88	1510.271670488876
C1orf21	CMSA256	1695
C1orf21	CMSA316	1020.2523655958672
C1orf21	CMUC110	1492
C1orf21	CMUC192	681.0454222295006
C1orf21	CMUC199	610.74331881739
C1orf21	CMUC200	1255.933788561971
C1orf21	CMUC208	1041.5423260035182
C1orf21	CMUC231	3028
C1orf21	CMUC234	1007
C1orf21	CMUC285	604.6539085919744
C1orf21	CMUC291	706.636267287285
C1orf21	CMUC295	1515.3624408858154
C1orf21	CMUC299	1195.4890225554705
C1orf21	CMUC301	1339.7228455006978
C1orf21	CMUC307	904.489688930235
C1orf21	CMUC313	1071.2185530240579
C1orf21	CMUC314	851.0122893457136
C1orf21	CMUC323	591.9326361831961
C1orf21	CMUC324	1074.9664871277184
C1orf21	CMUC331	730.6300020538885
C1orf21	CMUC333	1256.5371899167405
C1orf21	CMUC334	981.5175779228039
C1orf21	CMUC346	1187.748026189486
C1orf21	CMUC352	984.9268322173632
C1orf21	CMUC360	843.212665669591
C1orf21	CMUC363	669.1968701432221
C1orf21	CMUC365	831.5278737237415
C1orf21	CMUC366	1122.7475241457605
C1orf21	CMUC368	807
C1orf21	CMUC377	968.939027579266
C1orf21	CMUC379	617.8552733610966
C1orf21	CMUC380	615.0389603099729
C1orf21	CMUC383	562.9287170387582
C1orf21	CMUC394	577.3672301644928
C1orf21	CMUC419	768.7119392217883
C1orf21	CMUC427	871
C1orf21	CMUC428	739.6650880859295
C1orf21	CMUC431	756.4032579616882
C1orf21	CMUC435	720.5989272849152
C1orf21	CMUC439	860.5028719821609
C1orf21	CMUC89	1658
C1orf21	CS219	1122.7748464395638
C1orf21	CS256	1325.0272289596335
C1orf21	CS257	526.419472394318
C1orf21	CS259	848.3091327095349
C1orf21	CS261	636.817928195403
C1orf21	CS266	675.3289676202096
C1orf21	CS270	898.5394301040365
C1orf21	CS277	506.4908593200545
C1orf21	CS288	1071.5747033014711
C1orf21	CS290	960.6160582020672
C1orf21	CS292	853.7707653835052
C1orf21	CS293	758.569049435365
C1orf21	CS301	709.4813779682023
C1orf21	CS306	630.5889582363421
C1orf21	CS308	655.9824571167661
C1orf21	CS315	847.0870648516517
C1orf21	CS317	487.89579932313
C1orf21	CS322	573.5950025851594
C1orf21	CS327	812.8511451838483
C1orf21	CS328	510.35204584527975
C1orf21	CS330	538.4308441507768
C1orf21	CS331	1491.5226207264132
C1orf21	CS335	269.0648329221872
C1orf21	CS338	615.4071232023024
C1orf21	CS339	608.7924824298032
C1orf21	CS343	700.6148438069863
C1orf21	CS344	998.919287249897
C1orf21	CS350	636.4540479910816
C1orf21	CS351	711.8681975472346
C1orf21	CS361	605.1783227592124
C1orf21	CS388	619.943006164116
C1orf21	CS396	637.8802955177802
C1orf21	CS405	677.7711926660893
C1orf21	CS415	670.9079709492798
C1orf21	CS424	681.7176286809167
C1orf21	IM293	916.8641689915278
C1orf21	IM296	536.9507743621297
C1orf21	IM297	493.34767955844296
C1orf21	IM300	2122
C1orf21	IM305	1015.1003358664633
C1orf21	IM309	529.8487178418023
C1orf21	IM310	655.9025775867286
C1orf21	IM311	952.7407888390554
C1orf21	IM316	1050.4197367334511
C1orf21	IM320	717.6126706726187
C1orf21	IM330	623.5367931452266
C1orf21	IM332	489.53859500083604
C1orf21	IM340	633.7680880650319
C1orf21	IM348	649.1378756543287
C1orf21	IM354	1104.9518124498645
C1orf21	IM356	547.6752584791601
C1orf21	IM364	801.7007065845606
C1orf21	IM372	709.9934096864856
C1orf21	IM374	578.2477931274657
C1orf21	IM376	732.955630213929
C1orf21	IM381	728.0276137282054
C1orf21	IM382	752.2117985553895
C1orf21	IM385	1714
C1orf21	IM390	729.3509936655649
C1orf21	IM397	1199.5022084453938
C1orf21	IM404	1157.3264226048752
C1orf21	IM409	965.4998309242902
C1orf21	IM412	621
C1orf21	IM421	1061.6138946280319
C1orf21	IM425	472.3323880283298
C1orf21	IM432	751.2923566737276
C1orf21	IM438	784
C1orf21	IM442	724.6137610425371
C1orf21	IM445	973.1157148566014
C1orf21	IM448	607.6772012411232
C1orf21	IM449	831.9684332951254
C1orf21	IM451	1017.2485871523949
C1orf21	IMSA256	1187.849378525404
C1orf21	IMSA276	1258
C1orf21	IMSA286	1336
C1orf21	IMSA343	887.9807300939983
C1orf21	IS_238	2004
C1orf21	IS238	2727.037327435133
C1orf21	IS243	2384
C1orf21	IS253	2101
C1orf21	IS283	1558
C1orf21	IS322	753.9372340647927
C1orf21	IS399	755.4397201704099
C1orf21	IS418	696.2617013720459
C1orf21	IS430	748.4808394829873
C1orf21	IS437	745.6622429410957
C1orf21	IS444	977.654438735646
C1orf21	R276CMSA	520.7485845563373
C1orf21	R286CMSA	1228
C1orf21	R292CMSA	869.6437995690912
C1orf21	R292IMSA	678.4312937205872
C1orf21	R308CMSA	769.5849017209665
C1orf21	R316IMSA	918.8984136341121
C1orf21	R347CMSA	652.5143201998276
C1orf21	R347IMSA	812.9066788452052
C1orf21	R371CMSA	1237.927425814834
C1orf21	SRR10104064	693.4505334221395
C1orf21	SRR10104065	1465.5461509660918
C1orf21	SRR10104066	1583.147343091883
C1orf21	SRR10104067	916.8383949942813
C1orf21	SRR10104068	1490.9324711891043
C1orf21	SRR10104069	1916.7750705952783
C1orf21	SRR10104070	921.4799663287397
C1orf21	SRR10104071	445.0396919016932
C1orf21	SRR10104072	781.2862418103772
C1orf21	SRR10104073	765.5517966145362
C1orf21	SRR10104074	576.2544960960156
C1orf21	SRR10104075	584.3056396513892
C1orf21	SRR10104076	982.5997142420837
C1orf21	SRR10104077	851.242003933957
C1orf21	SRR10104078	843.95633530963255
C1orf21	SRR10104079	620.7425490622921
C1orf21	SRR10104080	808.0573695967
C1orf21	SRR10104081	1294.248469576967
C1orf21	SRR10104082	597.1059931545907
C1orf21	SRR10104083	595.668558900472
C1orf21	SRR10104084	487.9766146050056
C1orf21	SRR10104085	901.8319578553575
C1orf21	SRR10104086	1195.071896132845
C1orf21	SRR10104087	1658.3058074965668
C1orf21	SRR10104088	2592.4262737385397
C1orf21	SRR10104089	657.0370614725839
C1orf21	SRR10104090	1051.141625356525
C1orf21	SRR10104091	697.7210447273119
C1orf21	SRR10104092	2018.4413651172833
C1orf21	SRR10104093	582.5761927804732
C1orf21	SRR10104094	516.1875971449673
C1orf21	SRR10104095	635.4288544848596
C1orf21	SRR10104096	561.1996988617442
C1orf21	SRR10104097	761.7845662146542
C1orf21	SRR10104098	1344.1063400901044
C1orf21	SRR10104099	1061.9429121586636
C1orf21	SRR10104100	936.6448509543891
C1orf21	SRR10104101	2479.7573636665506
C1orf21	SRR10104102	1413.3727241131764
C1orf21	SRR10104103	1018.5504809128278
C1orf21	SRR10104104	1162.7658233959148
C1orf21	SRR10104105	738.062344134494
C1orf21	SRR10104106	502.2339895118342
C1orf21	SRR10104107	1186.266168398826
C1orf21	SRR10104108	2195.9613118809884
C1orf21	SRR10104109	597.067719928015
C1orf21	SRR10104110	482.0532194398871
C1orf21	SRR10104111	1036.0700228356245
C1orf21	SRR10104112	584.2273440149783
C1orf21	SRR10104113	1202.0910847346063
C1orf21	SRR10104114	465.42310943570305
C1orf21	SRR10104115	600.466531088501
C1orf21	SRR10104116	933.4322633964096
C1orf21	SRR10104117	1124.5147687102883
C1orf21	SRR10104118	576.2910981643558
C1orf21	SRR10104119	456.6163093804559
C1orf21	SRR10104120	829.1438399888216
C1orf21	SRR10104121	774.3808467856231
C1orf21	SRR10104122	658.043253820503
C1orf21	SRR10104123	683.5928781684719
C1orf21	SRR10104124	482.4620924021352
C1orf21	SRR10104125	727.0300256454402
C1orf21	SRR10104126	678.3140580131382
C1orf21	SRR10104127	586.5024542943371
C1orf21	SRR10104128	1010.436871641161
C1orf21	SRR10104129	1381.5684059871278
C1orf21	SRR10104130	914.9657957535795
C1orf21	SRR10104131	1109.4550579334518
C1orf21	SRR10104132	2123.2530530528998
C1orf21	SRR10104133	581.5695849146413
C1orf21	SRR10104134	1020.1162584320003
C1orf21	SRR10104135	577.8064893914931
C1orf21	SRR10104136	1178.4770536723934
C1orf21	SRR10104137	658.9145207684579
C1orf21	SRR10104138	515.446392012741
C1orf21	SRR10104139	1678.8979398285821
C1orf21	SRR10104140	655.3703075408898
C1orf21	SRR10104141	706.7713263343903
C1orf21	SRR10104142	614.8067159714436
C1orf21	SRR10104143	1371.1431755723509
C1orf21	SRR10104144	517.808607276725
C1orf21	SRR10104145	666.3958831567465
C1orf21	SRR10104146	2457.4351974660462
C1orf21	SRR10104147	2969.0655488214634
C1orf21	SRR10104148	657.163457703092
C1orf21	SRR10104149	758.715809367742
C1orf21	SRR10104150	2231.7045005487166
C1orf21	SRR10104151	1695.8915496961938
C1orf21	SRR10104152	2759.4299499974736
C1orf21	SRR10104153	729.3567382360258
C1orf21	SRR10104154	1038.9060727410542
C1orf21	SRR10104155	520.2186233187646
C1orf21	SRR10104156	1723.983299785845
C1orf21	SRR10104157	1000.8019125392665
C1orf21	SRR10104158	920.5807525610007
C1orf21	SRR10104159	1463.312172847714
C1orf21	SRR10104160	680.5869468032349
C1orf21	SRR10104161	2531.3611055349998
C1orf21	SRR10104162	884.7575430417353
C1orf21	SRR10104163	826.2908277552096
C1orf21	SRR10104164	1069.6441617661892
C1orf21	SRR10104165	653.6061673750868
C1orf21	SRR10104166	846.4227476319656
C1orf21	SRR10104167	1028.7763839698034
C1orf21	SRR10104168	656.5044195027281
C1orf21	SRR10104169	767.660465490452
C1orf21	SRR10104170	929.2426122915416
C1orf21	SRR10104171	825.427802188924
C1orf21	SRR10104172	793.2677453789858
C1orf21	SRR10104173	654.0740546144201
C1orf21	SRR10104174	828.3993874268388
C1orf21	SRR10104175	765.9732379603669
C1orf21	SRR10104176	1009.3092135173146
C1orf21	SRR10104177	1005.9727840633649
C1orf21	SRR10104178	1077.1274663982927
C1orf21	SRR10104179	1122.9565999559834
C1orf21	SRR10104180	878.9259396396958
C1orf21	SRR10104181	787.744113310266
C1orf21	SRR10104182	903.9654168622445
C1orf21	SRR10104183	627.0226111238643
C1orf21	SRR10104184	858.9959534384583
C1orf21	SRR10104185	483.7380343714629
C1orf21	SRR10104186	743.0201474141271
C1orf21	SRR10104187	578.7501701567215
C1orf21	SRR10104188	575.2945002483578
C1orf21	SRR10104189	624.1237167765745
C1orf21	SRR10104190	496.41191524797057
C1orf21	SRR10104191	539.0847739726868
C1orf21	SRR10104192	1223.2074569357592
C1orf21	SRR10104193	885.2785908409471
C1orf21	SRR10104194	932.8429438555804
C1orf21	SRR10104195	770.4283535235453
C1orf21	SRR10104196	792.2674879952772
C1orf21	SRR10104197	760.6738303902088
C1orf21	SRR10104198	1122.3912759437885
C1orf21	SRR10104199	486.96398685573035
C1orf21	SRR10104200	617.3135464054549
C1orf21	SRR10104201	1175.109620723551
C1orf21	SRR10104202	653.8885367272488
C1orf21	SRR10104203	821.2438455476145
C1orf21	SRR10104204	1278.1666894011223
C1orf21	SRR10104205	1117.3561635504325
C1orf21	SRR10104206	677.0941107523638
C1orf21	SRR10104207	1312.8140899925154
C1orf21	SRR10104208	787.6916241027312
C1orf21	SRR10104209	1127.564979054274
C1orf21	SRR10104210	995.6704631993456
C1orf21	SRR10104211	856.8104672342305
C1orf21	SRR10104212	1040.17995997637
C1orf21	SRR10104213	614.1594130547745
C1orf21	SRR10104214	955.042527562539
C1orf21	SRR10104215	1170.4213982810832
C1orf21	SRR10104216	550.2096440586133
C1orf21	SRR10104217	1206.4379860166093
C1orf21	SRR10104218	752.2886380956985
C1orf21	SRR10104219	562.459832723843
C1orf21	SRR10104220	1300.675075742355
C1orf21	SRR10104221	628.1375804414278
C1orf21	SRR10104222	855.9157708905384
C1orf21	SRR10104223	702.1994961926933
C1orf21	SRR10104224	1091.1312882908392
C1orf21	SRR10104225	1216.3275834581132
C1orf21	SRR10104226	907.2887371355349
C1orf21	SRR10104227	626.2824567086852
C1orf21	SRR10104228	693.020892084243
C1orf21	SRR10104229	1500.025140922803
C1orf21	SRR10104230	601.7210014837958
C1orf21	SRR10104231	705.1591581598207
C1orf21	SRR10104232	619.712443767544
C1orf21	SRR10104233	803.9838224780074
C1orf21	SRR10104234	1521.8446771073345
C1orf21	SRR10104235	1108.931400076362
C1orf21	SRR10104236	4312.768093177921
C1orf21	SRR10104237	1480.9932151114872
C1orf21	SRR10104238	847.9335647272752
C1orf21	SRR10104239	638.0148921097408
C1orf21	SRR10104240	682.5983247604654
C1orf21	SRR10104241	681.8159572155654
C1orf21	SRR10104242	573.311093969113
C1orf21	SRR10104243	952.2550752801202
C1orf21	SRR10104244	942.1327184519879
C1orf21	SRR10104245	1015.7664681771785
C1orf21	SRR10104246	479.0139421714862
C1orf21	SRR10104247	898.2033518490429
C1orf21	SRR10104248	601.7798364542207
C1orf21	SRR10104249	1266.699846876877
C1orf21	SRR10104250	582.0703690778244
C1orf21	SRR10104251	1182.1919665420774
C1orf21	SRR10104252	556.421988895371
C1orf21	SRR10104253	722.642555430489
C1orf21	SRR10104254	1153.6662962871342
C1orf21	SRR10104255	840.4643102468991
C1orf21	SRR10104256	914.2174863873615
C1orf21	SRR10104257	849.1844682444188
C1orf21	SRR10104258	1090.7114018510852
C1orf21	SRR10224277	924.1584091666599
C1orf21	SRR10224278	939.9906595274479
C1orf21	SRR10224279	931.5839335727259
C1orf21	SRR10224280	891.9123069925988
C1orf21	SRR10224281	1270.2264436005987
C1orf21	SRR10224282	907.7910561677757
C1orf21	SRR10224283	898.5657535393067
C1orf21	SRR10224284	949.084847153013
C1orf21	SRR10224285	965.242050716292
C1orf21	SRR10224286	954.7151303148281
C1orf21	SRR10224287	989.7355977122156
C1orf21	SRR10224288	937.9057336594934
C1orf21	SRR10224289	943.2896948836501
C1orf21	SRR10224290	939.8827775549149
C1orf21	SRR10224291	929.1642368935094
C1orf21	SRR10224292	908.6856767623703
C1orf21	SRR10224293	929.8045714912963
C1orf21	SRR10224294	1029.7740627904043
C1orf21	SRR10224295	971.9006546761473
C1orf21	SRR10224296	953.8160696208519
C1orf21	SRR10224297	964.869456111044
C1orf21	SRR10224298	898.9422415240651
C1orf21	SRR10318388	1212.1000983104602
C1orf21	SRR10318389	923.4184812325647
C1orf21	SRR10318390	673.3452591134522
C1orf21	SRR10318391	787.4824814439577
C1orf21	SRR10318392	422.90731043241414
C1orf21	SRR10318393	1391.040570973701
C1orf21	SRR10318394	534.1681037117519
C1orf21	SRR10318395	1236.6037202209893
C1orf21	SRR10318396	916.5026057542447
C1orf21	SRR10318397	598.6078993845695
C1orf21	SRR10318398	571.0432031259544
C1orf21	SRR10318399	1.0502301871086661
C1orf21	SRR10318400	418.19233822909683
C1orf21	SRR10318401	790.9128291579484
C1orf21	SRR10318402	481.0645209854773
C1orf21	SRR10318403	758.745721960321
C1orf21	SRR10318404	1383.4634545919025
C1orf21	SRR10318405	532.3390476285142
C1orf21	SRR10318406	768.5761575299318
C1orf21	SRR10318407	892.8368182609273
C1orf21	SRR10318408	836.5800718814908
C1orf21	SRR10318409	737.3360300263254
C1orf21	SRR10318410	539.2192303396556
C1orf21	SRR10318411	824.0348131201467
C1orf21	SRR10318412	1690.3294651195995
C1orf21	SRR10318413	940.6948694036594
C1orf21	SRR10318414	975.8651536497288
C1orf21	SRR10318415	1223.0243087664549
C1orf21	SRR10318416	863.6591424519612
C1orf21	SRR10318417	1411.2667647819112
C1orf21	SRR10318418	740.826216218332
C1orf21	SRR10318419	709.888187720587
C1orf21	SRR10318420	1569.8695284897562
C1orf21	SRR10318421	1424.8850578841398
C1orf21	SRR10318422	741.5992202284802
C1orf21	SRR10318423	1316.1071522858037
C1orf21	SRR10318424	876.8665961085253
C1orf21	SRR10318425	1442.5033260554624
C1orf21	SRR10318426	1.095574558517596
C1orf21	SRR10318427	4.433009599574842
C1orf21	SRR10318428	776.0819486055846
C1orf21	SRR10318429	832.3471866388659
C1orf21	SRR10318430	793.965747831848
C1orf21	SRR10318431	1.0052614054151265
C1orf21	SRR10318432	1084.950049388862
C1orf21	SRR10318433	1.275527749073799
C1orf21	SRR10318434	1855.8617427297806
C1orf21	SRR10318435	2309.939272943951
C1orf21	SRR10318436	184.52224607120505
C1orf21	SRR10318437	2751.9795906961976
C1orf21	SRR10318438	1123.4481516403243
C1orf21	SRR10318439	1938.9801374038639
C1orf21	SRR10318440	1866.4216501732276
C1orf21	SRR10318441	2051.7444281528174
C1orf21	SRR10318442	1198.8983076692284
C1orf21	SRR10318443	1747.0518164657185
C1orf21	SRR10318444	1142.9620029060122
C1orf21	SRR10318445	513.2998576524741
C1orf21	SRR10318446	1074.2908760097225
C1orf21	SRR10318447	1337.2107786847334
C1orf21	SRR10318448	863.1510849905845
C1orf21	SRR10318449	1438.0164457121186
C1orf21	SRR10318450	283.52221682039124
C1orf21	SRR10318451	947
C1orf21	SRR10318452	968.1058703927404
C1orf21	SRR10318453	722.2508322942654
C1orf21	SRR10318454	1185.6569644559622
C1orf21	SRR10318455	899.50026852009
C1orf21	SRR10318456	339.255318940558
C1orf21	SRR10318457	543.8965000783602
C1orf21	SRR10318458	361.66269364053767
C1orf21	SRR10318459	1004.6578682751195
C1orf21	SRR10318460	477.925171305421
C1orf21	SRR10318461	1294.632217983271
C1orf21	SRR10318462	1075.2785788433425
C1orf21	SRR10318463	782.4953573480569
C1orf21	SRR10318464	556.5321886906162
C1orf21	SRR10318465	525.5277450981964
C1orf21	SRR10318466	884.3854857074147
C1orf21	SRR10318467	691.5523688852295
C1orf21	SRR10318468	763.5045000698725
C1orf21	SRR10318469	654.4362895131754
C1orf21	SRR10318470	2776
C1orf21	SRR10318471	1385
C1orf21	SRR10318472	1202.3793095744002
C1orf21	SRR10318473	1546.0861103336497
C1orf21	SRR10318474	85.36402118228139
C1orf21	SRR10318475	1059.3275571595639
C1orf21	SRR10318476	1.0037100598776116
C1orf21	SRR10318495	1177.3939408410993
C1orf21	SRR10318496	1.008939117884696
C1orf21	SRR10318497	268.54148162120106
C1orf21	SRR10318498	1622.531095632723
C1orf21	SRR10318499	354.43043912186357
C1orf21	SRR10318500	319.85361554618817
C1orf21	SRR10318501	1189.837712914603
C1orf21	SRR10318502	263.1419778690691
C1orf21	SRR10318503	609.1588651841915
C1orf21	SRR10318504	1582.7237134427826
C1orf21	SRR10318505	1201.8645412458668
C1orf21	SRR10318506	1534.4043734961813
C1orf21	SRR10318507	1144.8895989869684
C1orf21	SRR10318508	1145.6784481488905
C1orf21	SRR10318509	1242.7053890022783
C1orf21	SRR10318510	1603.9273739133928
C1orf21	SRR10318511	1172.47555317988
C1orf21	SRR10318512	980.5426787089116
C1orf21	SRR10318513	914.0788756308932
C1orf21	SRR10318514	1236.728442227943
C1orf21	SRR10318515	1194.3783189785372
C1orf21	SRR10318516	863.1879400324406
C1orf21	SRR10318517	1426.845109467923
C1orf21	SRR10318518	949.9223470941652
C1orf21	SRR10318519	550.6439651207302
C1orf21	SRR10318520	1603.2183488028727
C1orf21	SRR10318521	1362.9910240328763
C1orf21	SRR10318522	1141.591511497247
C1orf21	SRR10318523	1182.710712439022
C1orf21	SRR10318524	782.1562339340006
C1orf21	SRR10318525	914.7571031208892
C1orf21	SRR10318526	1127.4301258531398
C1orf21	SRR10318527	1480.5325940302025
C1orf21	SRR10318528	2188.6317228476805
C1orf21	SRR10318529	1187.6858913745332
C1orf21	SRR10318530	778.3306142693136
C1orf21	SRR10318531	1369.2989879091808
C1orf21	SRR10318532	834.0329075666189
C1orf21	SRR10318533	1068.6940389814943
C1orf21	SRR10318534	1070.809563207629
C1orf21	SRR10318535	587.1339157850027
C1orf21	SRR10318536	881.6403873297312
C1orf21	SRR10318537	474.1976233330847
C1orf21	SRR10318538	1472.8018615473052
C1orf21	SRR10318539	367.73856034258716
C1orf21	SRR10318540	312.7254523005697
C1orf21	SRR10318541	475.4928639212814
C1orf21	SRR10318542	647.3264733530542
C1orf21	SRR10318543	794.0419683807536
C1orf21	SRR10318544	1273.1974146747239
C1orf21	SRR10318545	1018.9910259648716
C1orf21	SRR10318546	1606.310113698366
C1orf21	SRR10318547	545.2106919070352
C1orf21	SRR10318548	1329.5230525219758
C1orf21	SRR10318549	681.8591418186998
C1orf21	SRR10318568	1207.8646050973177
C1orf21	SRR10318569	740.6659222295267
C1orf21	SRR10318570	508.529768167748
C1orf21	SRR10318571	484.43554913390665
C1orf21	SRR10318572	1139.4712708885183
C1orf21	SRR10318573	882.3616834912635
C1orf21	SRR10318574	864.1437971721441
C1orf21	SRR10318575	838.0238447275347
C1orf21	SRR10318576	703.0695376124052
C1orf21	SRR10318577	122.36583948857461
C1orf21	SRR10318578	1442.2967485577674
C1orf21	SRR10318579	669.1133958923048
C1orf21	SRR10318580	224.3226093942855
C1orf21	SRR10318581	1214
C1orf21	SRR10875803	401.5173040493618
C1orf21	SRR10875804	559.3836341545343
C1orf21	SRR10875805	856.3163101828993
C1orf21	SRR10875806	1696.867223747858
C1orf21	SRR10875807	539.8231685427431
C1orf21	SRR10875808	771.7632547953829
C1orf21	SRR10875809	823.2606672015111
C1orf21	SRR10875810	664.1081931131978
C1orf21	SRR10875812	1183
C1orf21	SRR10875813	698.6477936500246
C1orf21	SRR10875814	486.97455906981963
C1orf21	SRR10875815	2037
C1orf21	SRR10875816	926
C1orf21	SRR10875817	508.7783394398395
C1orf21	SRR10875818	683.9480978404414
C1orf21	SRR10875819	1156
C1orf21	SRR10875820	859.5660023119643
C1orf21	SRR10875821	278.3217453261221
C1orf21	SRR10875822	430.2555283809641
C1orf21	SRR10875823	928
C1orf21	SRR10875824	744.0948972314457
C1orf21	SRR10875825	439.8039074709655
C1orf21	SRR10875826	524.4710638546782
C1orf21	SRR10875827	782.2539679044978
C1orf21	SRR10875829	2379.883912683385
C1orf21	SRR10875830	607
C1orf21	SRR10875831	379.37407582478977
C1orf21	SRR10875832	415
C1orf21	SRR10875834	671.290596564935
C1orf21	SRR10875835	280
C1orf21	SRR10875836	1296.2221150760506
C1orf21	SRR10875837	498.56434191842317
C1orf21	SRR10875838	1202
C1orf21	SRR10875839	754.0742310428024
C1orf21	SRR10875840	850.5665822001002
C1orf21	SRR10875841	530.0453803248859
C1orf21	SRR10875842	737.530467981279
C1orf21	SRR10875843	340.5687827626201
C1orf21	SRR10875844	506.3962813321472
C1orf21	SRR10875845	2216.5645995717255
C1orf21	SRR10875846	506.389555117368
C1orf21	SRR10875847	286.0952946851427
C1orf21	SRR10875848	558
C1orf21	SRR10875849	332.22567556533374
C1orf21	SRR10875850	657.1182036497956
C1orf21	SRR10875851	627.5415906492079
C1orf21	SRR10875852	1205.2176853265717
C1orf21	SRR10875853	229.5190456749098
C1orf21	SRR10875854	788.3770329463849
C1orf21	SRR10875855	669.6042247929414
C1orf21	SRR10875856	645.7277547577411
C1orf21	SRR10875857	935.0024912290071
C1orf21	SRR10875858	641.4470611044197
C1orf21	SRR10875859	630
C1orf21	SRR10875860	1383.0168430118806
C1orf21	SRR10875861	950.6756049696796
C1orf21	SRR10875862	1038.705783526554
C1orf21	SRR10875863	806.3893478120365
C1orf21	SRR10875864	338
C1orf21	SRR10875865	1048.4856304006485
C1orf21	SRR10875866	604.168012265326
C1orf21	SRR10875867	536.0122220719629
C1orf21	SRR10875868	860.6049554572115
C1orf21	SRR10875869	865
C1orf21	SRR10875870	506.1961352623761
C1orf21	SRR10875871	866.1558057240838
C1orf21	SRR10875872	449.73757889744513
C1orf21	SRR10875873	506.09720337025175
C1orf21	SRR10875874	914.7923968792388
C1orf21	SRR10875875	511.3150605001605
C1orf21	SRR10875876	763
C1orf21	SRR10875877	622.3273500157544
C1orf21	SRR10875878	293.31574860033885
C1orf21	SRR10875879	1419
C1orf21	SRR10875880	1135.5855688808426
C1orf21	SRR10875881	398.56075664486787
C1orf21	SRR10875882	450
C1orf21	SRR10875883	435.81207357520435
C1orf21	SRR10875884	1965.9248420690647
C1orf21	SRR10875885	706.3437499257484
C1orf21	SRR10875886	375.82155999152263
C1orf21	SRR10875887	1090
C1orf21	SRR10875888	256.03846712199714
C1orf21	SRR10875889	856.9379216246632
C1orf21	SRR10875890	777.7588621996942
C1orf21	SRR10875891	475
C1orf21	SRR10875892	800.4165590747629
C1orf21	SRR10875893	426
C1orf21	SRR10875894	371.5065693535348
C1orf21	SRR10875895	537
C1orf21	SRR10875896	579.8040264116746
C1orf21	SRR10875897	766.9969999231728
C1orf21	SRR10875898	414.56911506290487
C1orf21	SRR10875899	860.8358706627022
C1orf21	SRR10875900	621.3619117823553
C1orf21	SRR10875901	293.64828125154116
C1orf21	SRR10875902	799.696627276712
C1orf21	SRR12430469	462
C1orf21	SRR12430470	592.3224167896926
C1orf21	SRR12430471	447.71997090455613
C1orf21	SRR12430472	652.6353737709279
C1orf21	SRR12430473	515
C1orf21	SRR12430474	1276.2410037154305
C1orf21	SRR12430475	998.7288736962922
C1orf21	SRR12430476	831
C1orf21	SRR12765534	999
C1orf21	SRR12765535	1611.2712476139313
C1orf21	SRR12765536	756.4857127160656
C1orf21	SRR12765537	1263.331805325113
C1orf21	SRR12765538	617.4752230295317
C1orf21	SRR12765539	706.5177758810235
C1orf21	SRR12765540	336.04931613892217
C1orf21	SRR12765541	781.5106261269385
C1orf21	SRR12765542	798
C1orf21	SRR12765543	664.7359428267782
C1orf21	SRR12765544	1406.1309547248134
C1orf21	SRR12765545	1474.8315355655727
C1orf21	SRR12765546	926.2019496708836
C1orf21	SRR12765547	1063.5516167150784
C1orf21	SRR12765548	806.1630630662503
C1orf21	SRR12765549	385.938947797076
C1orf21	SRR12765550	215.3043067699218
C1orf21	SRR12765551	333.55721123030133
C1orf21	SRR12765552	360.38856043982685
C1orf21	SRR12765553	564.185272307102
C1orf21	SRR12765554	732.6755949166051
C1orf21	SRR12765555	973.8243329848225
C1orf21	SRR12765556	1265.3121158928975
C1orf21	SRR12765557	999.414875747214
C1orf21	SRR12765558	333.37770977649376
C1orf21	SRR12765559	1614.0706115324547
C1orf21	SRR12765560	1000.9671211095053
C1orf21	SRR12765561	692.9612610608842
C1orf21	SRR12765562	1333.6673025831046
C1orf21	SRR12765563	314.28112441505226
C1orf21	SRR12765564	1668.5246698627832
C1orf21	SRR12765565	315.33966788490005
C1orf21	SRR12765566	1209.6571095973552
C1orf21	SRR12765567	968.7053385236827
C1orf21	SRR12765568	1375.1628046894991
C1orf21	SRR12765569	1813.6339184147507
C1orf21	SRR12765570	1970.0391158011473
C1orf21	SRR12765571	2933.4585868693803
C1orf21	SRR12765572	1695.1623342801881
C1orf21	SRR12765573	1272.537755446756
C1orf21	SRR12765574	424.9369525760057
C1orf21	SRR12765575	581.7587341728226
C1orf21	SRR12765576	504.2717882711166
C1orf21	SRR12765577	333.6759052856666
C1orf21	SRR12765578	1006.0483308957827
C1orf21	SRR12765579	1111.421832857104
C1orf21	SRR12765580	904.2124842590649
C1orf21	SRR12765581	889.231040096423
C1orf21	SRR12765582	2134.1431477130564
C1orf21	SRR12765583	1213.7002392077027
C1orf21	SRR12765584	686.4940945491131
C1orf21	SRR12765585	1142.608367375168
C1orf21	SRR12765586	358.89600000139427
C1orf21	SRR12765587	970.3478985561055
C1orf21	SRR12765588	365.53965294439206
C1orf21	SRR12765589	580.4739425579144
C1orf21	SRR12765590	840.008069182455
C1orf21	SRR12765591	1.0281334706568328
C1orf21	SRR12765592	1330.6466246483717
C1orf21	SRR12765593	223.87211391685696
C1orf21	SRR12765594	649.7796815549974
C1orf21	SRR12765595	593.0426776073645
C1orf21	SRR12765596	593.637802544072
C1orf21	SRR12765597	115.92960943490748
C1orf21	SRR12765598	1428.2545177087936
C1orf21	SRR12765599	1812.59015574323
C1orf21	SRR12765600	190.88611806918385
C1orf21	SRR12765601	520.2805799188529
C1orf21	SRR12765602	1270.9273454636004
C1orf21	SRR12765603	815.0967658011821
C1orf21	SRR12765604	984.9752682840511
C1orf21	SRR12765605	1048.1283700219587
C1orf21	SRR12765606	553.2637429172145
C1orf21	SRR12765607	1376.989815770594
C1orf21	SRR12765608	1491.1273801812276
C1orf21	SRR12765609	517.4988990879186
C1orf21	SRR12765610	1607.9697821981604
C1orf21	SRR12765611	529.9311602335208
C1orf21	SRR12765612	520.3629351900196
C1orf21	SRR12765613	916.4994299888347
C1orf21	SRR12765614	539.5103223445404
C1orf21	SRR12765615	1467.3523864051363
C1orf21	SRR12765616	2023.4343817339864
C1orf21	SRR12765617	1495.6136589322257
C1orf21	SRR12765618	1390.0108945407953
C1orf21	SRR12765619	778.6793386350125
C1orf21	SRR12765620	1134.2037040821185
C1orf21	SRR12765621	824.156232139995
C1orf21	SRR12765622	1.0220255670364495
C1orf21	SRR12765623	1340
C1orf21	SRR12765624	433.71913242266436
C1orf21	SRR12765625	748.2013794942993
C1orf21	SRR12765626	58.287750826090885
C1orf21	SRR12765627	1484.8011222726182
C1orf21	SRR12765628	358.32432853110583
C1orf21	SRR12765629	466.6825946876908
C1orf21	SRR12765630	1428.4609958420695
C1orf21	SRR12765631	302.824107593037
C1orf21	SRR12765632	765.0047377853501
C1orf21	SRR12765633	74.42812209078488
C1orf21	SRR12765634	1478.034506760074
C1orf21	SRR12765635	784.805300761592
C1orf21	SRR12765636	1558.8183908676388
C1orf21	SRR12765637	837.8617793021649
C1orf21	SRR12765638	1871
C1orf21	SRR12765639	760.0226816198194
C1orf21	SRR12765640	1047.2939613548278
C1orf21	SRR12765641	967.1355751549789
C1orf21	SRR12765642	1584.8685441882214
C1orf21	SRR12765643	439.1356229561616
C1orf21	SRR12765644	1497.3527454001833
C1orf21	SRR12765645	546.3950709164969
C1orf21	SRR12765646	497.3735566182332
C1orf21	SRR12765647	482.74029080138916
C1orf21	SRR12765648	1599.8245743527627
C1orf21	SRR12765649	218.30401795433124
C1orf21	SRR12765650	723.0530382808904
C1orf21	SRR12765651	707.4567892921283
C1orf21	SRR12765652	1104.786637530237
C1orf21	SRR12774664	1453.6862376042245
C1orf21	SRR12774665	1009.5024371252816
C1orf21	SRR12774666	596.3080587922557
C1orf21	SRR12774667	635.4607304170386
C1orf21	SRR12774668	604.6603103662106
C1orf21	SRR12774669	657.0115838984508
C1orf21	SRR12774670	659.8920895321188
C1orf21	SRR12774671	726.5866306705519
C1orf21	SRR12774672	1173.222021852936
C1orf21	SRR12774673	973.7818476981504
C1orf21	SRR12774674	687.4001153721484
C1orf21	SRR12774675	650.7961662331797
C1orf21	SRR12774676	704.5883389201459
C1orf21	SRR12774677	662.1892526685043
C1orf21	SRR12774678	723.4121034948907
C1orf21	SRR12774679	795.1931895073013
C1orf21	SRR12774680	801.250589418612
C1orf21	SRR12774681	842.2895866324178
C1orf21	SRR12774682	1402.7859640408485
C1orf21	SRR12774683	1479.498185623444
C1orf21	SRR12774684	1285.764496352359
C1orf21	SRR12774685	1687.3773492182697
C1orf21	SRR12774686	801.298478711663
C1orf21	SRR12774687	717.533915426098
C1orf21	SRR1609360	254.00621988079465
C1orf21	SRR1609361	523.4855823956993
C1orf21	SRR1609362	149.5900183877831
C1orf21	SRR1609363	1677.377417358699
C1orf21	SRR1609364	1194.3577582485575
C1orf21	SRR1609365	814.7510883300799
C1orf21	SRR1609366	1573.0031544914798
C1orf21	SRR1609367	900.454024875222
C1orf21	SRR1609368	1803.1357745814703
C1orf21	SRR1609369	1520.3669403603392
C1orf21	SRR1609370	809.6857186162298
C1orf21	SRR1609371	1076.8687388115998
C1orf21	SRR1609372	736.6073222262739
C1orf21	SRR1609373	1653.4080202736027
C1orf21	SRR1609374	1397.662388566448
C1orf21	SRR1609375	970.424880102126
C1orf21	SRR1609376	1432.9315724426765
C1orf21	SRR1609377	767.1057728233992
C1orf21	SRR1609378	1179.5987519272342
C1orf21	SRR1609379	881.6114773905459
C1orf21	SRR1609380	1094.2345825534796
C1orf21	SRR1609381	1140.8206303249692
C1orf21	SRR1609382	1058.180820862219
C1orf21	SRR1609383	37.38949627341749
C1orf21	SRR1609384	864.4565055032393
C1orf21	SRR1609385	995.3976059284678
C1orf21	SRR1609386	860.8125332609377
C1orf21	SRR1609387	594.488070516383
C1orf21	SRR1609388	1248.0618368648593
C1orf21	SRR1609389	1174.9717242149939
C1orf21	SRR1609390	498.4751071671968
C1orf21	SRR1609391	691.8059562215944
C1orf21	SRR1609392	1088.932385012085
C1orf21	SRR1609393	752.5153101528863
C1orf21	SRR1609394	1214.551425956768
C1orf21	SRR1609395	534.9915209178776
C1orf21	SRR1609396	959.0901556212697
C1orf21	SRR1609397	1155.0020941847404
C1orf21	SRR1609398	1263.9365247634667
C1orf21	SRR1609399	595.2937069423992
C1orf21	SRR1609400	783.7353749031316
C1orf21	SRR1609401	1519.2334218234366
C1orf21	SRR1609402	2609.6753937128587
C1orf21	SRR1609403	1041.3810538202938
C1orf21	SRR1609404	1168.0967996336337
C1orf21	SRR1609405	623.2264819371837
C1orf21	SRR1609406	1104.5076304452896
C1orf21	SRR1609407	1219.9503235157292
C1orf21	SRR1609408	1560.1978049642867
C1orf21	SRR1609409	867.4103675501532
C1orf21	SRR1609410	722
C1orf21	SRR1609411	627.8751196890782
C1orf21	SRR1609412	1883
C1orf21	SRR1609413	1735.585121597882
C1orf21	SRR1609414	1045.7236576092228
C1orf21	SRR1609415	1099.197725739917
C1orf21	SRR1609416	788.1372944743589
C1orf21	SRR1609417	902.1313059790123
C1orf21	SRR1609418	758.1007230295345
C1orf21	SRR1609419	1431.991507159571
C1orf21	SRR1609420	682.2437237663897
C1orf21	SRR1609421	1036.6880296469888
C1orf21	SRR1609422	580.7074258514268
C1orf21	SRR1609423	482.8755216896764
C1orf21	SRR1609424	490.0170359622249
C1orf21	SRR1609425	1081.7830940785063
C1orf21	SRR1609426	1149.4639491449364
C1orf21	SRR1609427	537.8477340161353
C1orf21	SRR1609428	1240.732151679829
C1orf21	SRR1609429	1166.5036512129927
C1orf21	SRR1609430	450.87543861517116
C1orf21	SRR1609431	1144.6161392391475
C1orf21	SRR1609432	1482.2875046164245
C1orf21	SRR1609433	643.4174812274172
C1orf21	SRR1609434	1664.050660393797
C1orf21	SRR1609435	563.5880576234066
C1orf21	SRR1609436	891.9106590619745
C1orf21	SRR1609437	715.5139800610157
C1orf21	SRR1609438	551.404702189811
C1orf21	SRR1609439	434.4387753505133
C1orf21	SRR1609440	795.0457884645948
C1orf21	SRR1609441	1364.0848085744638
C1orf21	SRR1609442	1243.1435008268795
C1orf21	SRR1609443	618.4652949771369
C1orf21	SRR1609444	1177.6353914520696
C1orf21	SRR1609445	1102.8789321904758
C1orf21	SRR1609446	696.8747599153598
C1orf21	SRR1609447	1.2343308859580486
C1orf21	SRR1609448	1746.380119761446
C1orf21	SRR1609449	1448.6196594650398
C1orf21	SRR1609450	1347.8060538846894
C1orf21	SRR1609451	325.2236592981493
C1orf21	SRR1609452	1.2640053263343127
C1orf21	SRR1609453	1142.0996960324508
C1orf21	SRR1609454	1063.1541630399377
C1orf21	SRR1609455	1.252344349611058
C1orf21	SRR1609456	1147.5908597406944
C1orf21	SRR1609457	728.847604820246
C1orf21	SRR1609458	1.240929610314354
C1orf21	SRR1609459	1437.6048338558521
C1orf21	SRR1609460	594.830494077208
C1orf21	SRR1609461	1223.0867189983153
C1orf21	SRR1609462	438.6347046631186
C1orf21	SRR1609463	530.4805026501413
C1orf21	SRR1609464	334.8034556026581
C1orf21	SRR1609465	1183.3523796007441
C1orf21	SRR1609466	7.851499325491819
C1orf21	SRR1609467	268.2208298470138
C1orf21	SRR1609468	877.5118038973723
C1orf21	SRR1609469	2807.5050192465396
C1orf21	SRR1609470	1111.3665677499766
C1orf21	SRR1609471	1142.4445272604783
C1orf21	SRR1609472	244.65719261907287
C1orf21	SRR1609473	259.2338939921223
C1orf21	SRR1609474	1383.5776562923347
C1orf21	SRR1609475	1187.7721339787577
C1orf21	SRR1609476	1702.9692841879726
C1orf21	SRR1609477	1387.9060069536672
C1orf21	SRR1609478	727.5518613821257
C1orf21	SRR1609479	1298.6822422451341
C1orf21	SRR1609480	1535
C1orf21	SRR1609481	1680.664082496579
C1orf21	SRR1609482	513.8995506573372
C1orf21	SRR1609483	738.3907706830729
C1orf21	SRR1609484	1032.2638649326711
C1orf21	SRR1609485	1002.9016946945753
C1orf21	SRR1609486	763.4915765423651
C1orf21	SRR1609487	807.2130173196484
C1orf21	SRR1609488	1116.6058458688765
C1orf21	SRR1609489	1823.0366329268495
C1orf21	SRR1609490	625.35908892734
C1orf21	SRR1609491	1384.950930732073
C1orf21	SRR1609492	3483
C1orf21	SRR1609493	816.7145935355195
C1orf21	SRR1609494	1731.29318441001
C1orf21	SRR1609495	1286.9102822994942
C1orf21	SRR1609496	609.5480359970023
C1orf21	SRR1609497	1159.0420782997187
C1orf21	SRR1609498	879.3163176706406
C1orf21	SRR1609499	1470.1055199331547
C1orf21	SRR1609500	841.4496749700829
C1orf21	SRR1609501	1051.355222123298
C1orf21	SRR1609502	1238.0370144768863
C1orf21	SRR1609503	1.2577312251671255
C1orf21	SRR1609504	935
C1orf21	SRR1609505	933
C1orf21	SRR1609506	703.797920824309
C1orf21	SRR1609507	578.5454701432949
C1orf21	SRR1609508	2023.0915560884325
C1orf21	SRR1609509	1390.875480069919
C1orf21	SRR1609510	841.7694324957566
C1orf21	SRR1609511	464.8085492432106
C1orf21	SRR1609512	474.60524181979673
C1orf21	SRR1609513	358.1640027507446
C1orf21	SRR1609514	362.18280041662916
C1orf21	SRR1609515	1501.9692758695617
C1orf21	SRR1609516	1041.359945246303
C1orf21	SRR1609517	798.9829868170324
C1orf21	SRR1609518	1233.9963252323323
C1orf21	SRR1609519	751.2943526518598
C1orf21	SRR1609520	464.12963162678113
C1orf21	SRR1609521	614.0288614172613
C1orf21	SRR1609522	142.40162843362407
C1orf21	SRR1609523	974.6502165443079
C1orf21	SRR1609524	1122.6584160115904
C1orf21	SRR1609525	1147.3303571541803
C1orf21	SRR1609526	225.57187694135348
C1orf21	SRR1609527	1048
C1orf21	SRR1609528	818.2195267896147
C1orf21	SRR1609529	391.9937954858877
C1orf21	SRR1609530	654.1852775395646
C1orf21	SRR1609531	1639.274431397506
C1orf21	SRR1609532	439.21859420727566
C1orf21	SRR1609533	400.98492564457433
C1orf21	SRR1609534	1092.438012694916
C1orf21	SRR1609535	624.7903633051423
C1orf21	SRR1609536	719.9640744226198
C1orf21	SRR1609537	2184.436489053286
C1orf21	SRR1609538	1635
C1orf21	SRR1609539	724.4936371124159
C1orf21	SRR1609540	1251
C1orf21	SRR1609541	270.7472747872901
C1orf21	SRR1609542	2109.9931708946847
C1orf21	SRR1609543	595.2392535371788
C1orf21	SRR1609544	574.3902432947018
C1orf21	SRR1609545	224.09850157956055
C1orf21	SRR1609546	1349
C1orf21	SRR1609547	846.3927806269375
C1orf21	SRR1609548	648.7756796009736
C1orf21	SRR1609549	867.3172118755815
C1orf21	SRR1609550	2644
C1orf21	SRR1609551	616.1518081135371
C1orf21	SRR1609552	758.449591782678
C1orf21	SRR1609553	702.8631889093751
C1orf21	SRR1609554	940.5876053611061
C1orf21	SRR1609555	893.1685674772064
C1orf21	SRR1609556	174.8650847609035
C1orf21	SRR1609557	1166.3530711383582
C1orf21	SRR1609558	1028.4449444744844
C1orf21	SRR1609559	459.9327066139679
C1orf21	SRR1609560	684.0383550166408
C1orf21	SRR1609561	678.7672796705725
C1orf21	SRR1609562	1321.3269019611794
C1orf21	SRR1609563	1034.6114826553596
C1orf21	SRR1609564	797.7634167600432
C1orf21	SRR1609565	826.5512141827896
C1orf21	SRR1609566	1881.3368735542533
C1orf21	SRR1609567	1.258890072207468
C1orf21	SRR1609568	1155
C1orf21	SRR1609569	609
C1orf21	SRR1609570	237.2189591420048
C1orf21	SRR1609571	130.1180588745474
C1orf21	SRR1609572	509.8073395724396
C1orf21	SRR1609573	67.33155963801987
C1orf21	SRR1609574	662.4561698022076
C1orf21	SRR1609575	355.3946535598747
C1orf21	SRR1609576	1266.0780243109696
C1orf21	SRR1609577	822.4685315375964
C1orf21	SRR1609578	1283.2850726518661
C1orf21	SRR1609579	716.862292129923
C1orf21	SRR1609580	1028.939893918807
C1orf21	SRR1609581	504.41077876526356
C1orf21	SRR1609582	531.4513507230679
C1orf21	SRR1609583	508.7964678371322
C1orf21	SRR1609584	350.7243251438026
C1orf21	SRR1609585	755.6794206530982
C1orf21	SRR1609586	561.9635607535585
C1orf21	SRR1609587	734.8926579689355
C1orf21	SRR1609588	889.2995224666194
C1orf21	SRR1609589	1198.1761922206895
C1orf21	SRR1609590	727.2616188242955
C1orf21	SRR1609591	1287.200647442647
C1orf21	SRR1609592	1005.9222176752514
C1orf21	SRR1609593	1026.7068503055064
C1orf21	SRR1609594	1188.7262313029014
C1orf21	SRR1609595	539.1878679775668
C1orf21	SRR1609596	2048.3674747785176
C1orf21	SRR1609597	2162.1181299150735
C1orf21	SRR1609598	566.402004273716
C1orf21	SRR1609599	431.08407383130805
C1orf21	SRR1609600	277.415964484298
C1orf21	SRR1609601	384.6117190521548
C1orf21	SRR1609602	12.797347471822494
C1orf21	SRR1609603	1792
C1orf21	SRR1609604	1409.9431703504733
C1orf21	SRR1609605	1064.1860932339266
C1orf21	SRR1609606	1542.804363958123
C1orf21	SRR1609607	813.0991887646098
C1orf21	SRR1609608	613.4164226465535
C1orf21	SRR1609609	549.6658579528503
C1orf21	SRR1609610	1165
C1orf21	SRR1609611	1168.9893812923874
C1orf21	SRR1609612	1170.7347685876953
C1orf21	SRR1609613	1605.4434314272444
C1orf21	SRR1609614	361.2429153621419
C1orf21	SRR1609615	959.0584123394134
C1orf21	SRR1609616	2239
C1orf21	SRR1609617	2785
C1orf21	SRR1609618	946.0457424471903
C1orf21	SRR1609619	1212.4243798093144
C1orf21	SRR1609620	1403.7930746381403
C1orf21	SRR1609621	1274.0664648444838
C1orf21	SRR1609622	187.14973064030127
C1orf21	SRR1609623	373.10585497060646
C1orf21	SRR1609624	1.2336696420287332
C1orf21	SRR1609625	1006.6284958266997
C1orf21	SRR1609626	685.4113712997608
C1orf21	SRR1609627	868.8200982189373
C1orf21	SRR1609628	2079.985657748249
C1orf21	SRR1609629	688.2571662196203
C1orf21	SRR1609630	1104.1249615456345
C1orf21	SRR1609631	1064
C1orf21	SRR1609632	1634
C1orf21	SRR1609633	690.5220717741707
C1orf21	SRR1609634	1410.7545645904927
C1orf21	SRR1609635	457.2819419161914
C1orf21	SRR1609636	1156.0474698251533
C1orf21	SRR1609637	487.0077959390387
C1orf21	SRR1609638	472.5227176451252
C1orf21	SRR1609639	1195.645881501711
C1orf21	SRR1609640	612.1101075093987
C1orf21	SRR1609641	802.228708196304
C1orf21	SRR1609642	1116
C1orf21	SRR1609643	608.3787682977307
C1orf21	SRR1609644	1104.1912080567993
C1orf21	SRR1609645	882.8422623049072
C1orf21	SRR1609646	246.590267893108
C1orf21	SRR1609647	531.0751145136064
C1orf21	SRR1609648	1141.156839127838
C1orf21	SRR1609649	490.05665695843015
C1orf21	SRR1609650	1040.7712894022027
C1orf21	SRR1609651	1334.5945986743957
C1orf21	SRR1609652	555.9968605354533
C1orf21	SRR1609653	541.3364533856223
C1orf21	SRR1609654	851.9241564791396
C1orf21	SRR1609655	717.9054483146022
C1orf21	SRR1609656	563.1372593634509
C1orf21	SRR1609657	546.1528608325254
C1orf21	SRR1609658	1334.6345960585538
C1orf21	SRR1609659	1300.4063403038203
C1orf21	SRR1609660	1278.0268005608568
C1orf21	SRR1609661	1080.602193524423
C1orf21	SRR1609662	1426.7010056948511
C1orf21	SRR1609663	1300.4610762972522
C1orf21	SRR1609664	1317.6212750040752
C1orf21	SRR1609665	1551
C1orf21	SRR1609666	678.2676457186702
C1orf21	SRR1609667	620.8496077525162
C1orf21	SRR1609668	76.59346767393309
C1orf21	SRR1609669	571.0647524567253
C1orf21	SRR1746771	590.603871596899
C1orf21	SRR1746772	659.6679145597788
C1orf21	SRR1746773	544.2831401155415
C1orf21	SRR1746774	856.3319499326793
C1orf21	SRR1746775	756.488812118882
C1orf21	SRR1746776	673.3527764046545
C1orf21	SRR1746777	386.86918670604757
C1orf21	SRR1746778	787.9961629978598
C1orf21	SRR1746779	700.4544347164751
C1orf21	SRR1746780	542.2553301794104
C1orf21	SRR1746781	209.39894768965684
C1orf21	SRR1746782	277.2610428238664
C1orf21	SRR1746783	508
C1orf21	SRR1746784	753
C1orf21	SRR1782685	1503.2114245521525
C1orf21	SRR1782686	126.01577633442798
C1orf21	SRR1782687	709.7244223217847
C1orf21	SRR1782688	1089.1466207859808
C1orf21	SRR1782689	219.93744606529938
C1orf21	SRR1782690	589.0871097609692
C1orf21	SRR1782691	590.0605531763986
C1orf21	SRR1782692	1372.4276812501575
C1orf21	SRR1782693	594.3926563862934
C1orf21	SRR1782694	1394.3425257089968
C1orf21	SRR1782695	1107.7968752366148
C1orf21	SRR1782696	1297.4053851458739
C1orf21	SRR1782697	1702.005239853196
C1orf21	SRR1782698	781.651196692475
C1orf21	SRR1782699	515.5640247456281
C1orf21	SRR1782700	1031.9462713213136
C1orf21	SRR1782701	554.5141800823465
C1orf21	SRR1782702	838.9963453548897
C1orf21	SRR1782703	571.2468574384349
C1orf21	SRR1782704	1062.7357111806166
C1orf21	SRR1782705	113.73369930542805
C1orf21	SRR1782706	1345.4621035554683
C1orf21	SRR1782707	418.62574085343823
C1orf21	SRR1782708	603.8286311943015
C1orf21	SRR1782709	497.76455580978046
C1orf21	SRR1782710	1836
C1orf21	SRR1782711	315.6343138502975
C1orf21	SRR1782712	1134.5945994593158
C1orf21	SRR1782713	1154.0533907831411
C1orf21	SRR1782714	226.16389074558873
C1orf21	SRR1782715	1140.8506383883844
C1orf21	SRR1782716	1621.214920811271
C1orf21	SRR1782717	710.5858679084979
C1orf21	SRR1782718	787.3990325595439
C1orf21	SRR1782719	965.1026663769653
C1orf21	SRR1782720	1145.0009372798634
C1orf21	SRR1782721	1.1217593509927906
C1orf21	SRR1782722	1481.3318444590534
C1orf21	SRR1782723	757.7135306997021
C1orf21	SRR1782724	671.6851890803399
C1orf21	SRR1782725	132.56830974763693
C1orf21	SRR1782726	571.355433562175
C1orf21	SRR1782727	3409
C1orf21	SRR1782728	1045.1080206195677
C1orf21	SRR1782729	1679.335794257801
C1orf21	SRR1782730	1059.523753299795
C1orf21	SRR1782731	525.746295802317
C1orf21	SRR1782732	467.5291998023594
C1orf21	SRR1782733	571.6184484650104
C1orf21	SRR1782734	1353.531205693377
C1orf21	SRR1782735	541.5344798662968
C1orf21	SRR1782736	623.4565762110502
C1orf21	SRR1782737	975.6347651230219
C1orf21	SRR1782738	236.22761122164744
C1orf21	SRR1782739	23.242000211039223
C1orf21	SRR1782740	342.0717826697023
C1orf21	SRR1782741	459.8405237207508
C1orf21	SRR1782742	2584
C1orf21	SRR1782743	1310.6710656686246
C1orf21	SRR1782744	1348.7900287878538
C1orf21	SRR1782745	1150.0213113084533
C1orf21	SRR1782746	53.055811695372995
C1orf21	SRR1782747	1111.4051133505802
C1orf21	SRR1782748	1121.6080916095923
C1orf21	SRR1782749	1212.6522883062316
C1orf21	SRR1782750	1132.5934734968255
C1orf21	SRR1782751	1056.5313053746295
C1orf21	SRR1782752	508.46421939472674
C1orf21	SRR1782753	729.7750749070098
C1orf21	SRR1782754	619.2608003487679
C1orf21	SRR1782755	1071.9506402066754
C1orf21	SRR1782756	726.7185270268524
C1orf21	SRR1782757	1443.1194720542587
C1orf21	SRR1782758	1014.824007415436
C1orf21	SRR1782759	997.4427194188623
C1orf21	SRR1782760	1025.7075628166608
C1orf21	SRR1782761	1.1238501762695376
C1orf21	SRR1782762	665.5784567437848
C1orf21	SRR1782763	1757.6685990358785
C1orf21	SRR1782764	929.1283827827384
C1orf21	SRR1782765	1010.3278851787595
C1orf21	SRR1782766	1478.8726487789088
C1orf21	SRR1782767	836.2273522184515
C1orf21	SRR1782768	940.2266573245761
C1orf21	SRR1782769	1160.028601137923
C1orf21	SRR1782770	1228.7999379348475
C1orf21	SRR1782771	832.6477866208426
C1orf21	SRR1782772	741.0281846817513
C1orf21	SRR1782773	2550.21160810186
C1orf21	SRR1782774	1360.4635982219122
C1orf21	SRR1782775	1297.828876220914
C1orf21	SRR1782776	1019.2940275300281
C1orf21	SRR1782777	1067.1919684845236
C1orf21	SRR1782778	2030.767422368665
C1orf21	SRR1782779	364.0638842865588
C1orf21	SRR1782780	1203.6186582339471
C1orf21	SRR1782781	824.1457996077032
C1orf21	SRR1782782	208.25471418426014
C1orf21	SRR1782783	699.4724909973953
C1orf21	SRR1782784	854.9171723069127
C1orf21	SRR1782785	1697.8316308833469
C1orf21	SRR1782786	435.79887573520944
C1orf21	SRR1782787	1016
C1orf21	SRR1782788	534.0210017648318
C1orf21	SRR1782789	1135.3925562313818
C1orf21	SRR1782790	995.6216687969729
C1orf21	SRR1782791	551.2970286687299
C1orf21	SRR1782792	1371.4272396580666
C1orf21	SRR1782793	443.019070973305
C1orf21	SRR1782794	690.7478780983988
C1orf21	SRR1782795	409.60272641407846
C1orf21	SRR1782796	441.7517192103774
C1orf21	SRR1782797	1153.9173817981364
C1orf21	SRR1782798	1403.098488163132
C1orf21	SRR1782799	1198.939611447323
C1orf21	SRR1782800	1247.241746527362
C1orf21	SRR1782801	1531.5640721013674
C1orf21	SRR1782802	1610.9360252293498
C1orf21	SRR1782803	1162.2962493382743
C1orf21	SRR1782804	871.3917869389953
C1orf21	SRR1782805	853.5341108765563
C1orf21	SRR1782806	783.1236984535296
C1orf21	SRR1782807	456.7434665678443
C1orf21	SRR1782808	1074.0610637866403
C1orf21	SRR1782809	653.8705102436257
C1orf21	SRR1782810	732.1924514903684
C1orf21	SRR1782811	969.0445484317474
C1orf21	SRR1782812	1703.6096175306693
C1orf21	SRR1782813	1195.5041096710388
C1orf21	SRR1782814	454.9160326580649
C1orf21	SRR1782815	820.2467891520739
C1orf21	SRR1782816	1143.6170368986539
C1orf21	SRR1782817	453.6230717274717
C1orf21	SRR1782818	859.9309806773449
C1orf21	SRR1782819	542.8191699672017
C1orf21	SRR1782820	485.9129887782578
C1orf21	SRR1782821	1264.446019340373
C1orf21	SRR1782822	1000.9757710633293
C1orf21	SRR1782823	491.899760862183
C1orf21	SRR1782824	1349.7295648030804
C1orf21	SRR1782825	1687.8141728215605
C1orf21	SRR1782826	873.0272854384001
C1orf21	SRR1782827	487.52521411206754
C1orf21	SRR1782828	2705
C1orf21	SRR1782829	1495
C1orf21	SRR1782830	170.47679829516363
C1orf21	SRR1782831	335.06285983602606
C1orf21	SRR1782832	528.8542408753673
C1orf21	SRR1782833	700.9829789758388
C1orf21	SRR1782834	2745.493864564215
C1orf21	SRR1782835	314.6036459869381
C1orf21	SRR1782836	1078.0753839751678
C1orf21	SRR1782837	466.77259567820215
C1orf21	SRR1782838	522.9153069516238
C1orf21	SRR1782839	245.44668140418761
C1orf21	SRR1782840	1237.5350048372006
C1orf21	SRR1782841	413.21419002432214
C1orf21	SRR1782842	1230
C1orf21	SRR1782843	450.95129656648777
C1orf21	SRR1782844	774.2207233714954
C1orf21	SRR1782845	352.64093108431393
C1orf21	SRR1782846	839.6766217926224
C1orf21	SRR1782847	1.2341754014728283
C1orf21	SRR1782848	1.2339624247168026
C1orf21	SRR1782849	1.2407817669595906
C1orf21	SRR1782850	1.2523904174212142
C1orf21	SRR1782851	1.2640085575608608
C1orf21	SRR1782852	1.264344673893091
C1orf21	SRR1782853	1.2591344565382891
C1orf21	SRR1782854	1834.9882963153557
C1orf21	SRR1782855	1137.737797454259
C1orf21	SRR1782856	818.3501544248456
C1orf21	SRR1782857	1207.6632752363505
C1orf21	SRR1782858	770.8315777005762
C1orf21	SRR1782859	1049.6981727625684
C1orf21	SRR1782860	1327.0009452994784
C1orf21	SRR1782861	1109.0715361132532
C1orf21	SRR1782862	657.0862378341075
C1orf21	SRR1782863	768.035952502969
C1orf21	SRR1782864	476.21175269147625
C1orf21	SRR1782865	429.8329537178404
C1orf21	SRR1782866	1070.76598785008
C1orf21	SRR1782867	557.3458686896132
C1orf21	SRR1782868	1177.2999857428813
C1orf21	SRR1782869	863.0209232538848
C1orf21	SRR1782870	1410.5244711884504
C1orf21	SRR1782871	515.7604999454834
C1orf21	SRR1782872	761.1094115127718
C1orf21	SRR1782873	1116.1900104387432
C1orf21	SRR1782874	1005.495932127502
C1orf21	SRR1782875	1239.3947707103782
C1orf21	SRR1782876	1242.9305951686551
C1orf21	SRR1782877	1005.4307589806649
C1orf21	SRR1782878	660.277037268912
C1orf21	SRR1782879	540.8918449300239
C1orf21	SRR1782880	1010.2637489324832
C1orf21	SRR1782881	795.3081233479188
C1orf21	SRR1782882	1107.8965797436629
C1orf21	SRR1782883	725.3258063985855
C1orf21	SRR1782884	580.4175136741071
C1orf21	SRR1782885	1747
C1orf21	SRR1782886	1114.1731834495445
C1orf21	SRR1782887	1285.1947518019729
C1orf21	SRR1782888	915.9989418632878
C1orf21	SRR1782889	1259.4644167791753
C1orf21	SRR1782890	1048.6182549549976
C1orf21	SRR1782891	1564.1251273666026
C1orf21	SRR1782892	813.5091992912461
C1orf21	SRR1782893	1230.8075508008403
C1orf21	SRR1782894	693.9528776901276
C1orf21	SRR1782895	1596.90270526528
C1orf21	SRR1782896	1777.8338063315189
C1orf21	SRR1782897	677.8979635539123
C1orf21	SRR1782898	2059.6578116241903
C1orf21	SRR1782899	2133.060169193929
C1orf21	SRR1782900	586.6328630292696
C1orf21	SRR1782901	972.9770823532322
C1orf21	SRR1782902	1131
C1orf21	SRR1782903	1999.089472995205
C1orf21	SRR1782904	1083
C1orf21	SRR1782905	1109.3434291520125
C1orf21	SRR1782906	1132.2249747313015
C1orf21	SRR1782907	1079.2709846360453
C1orf21	SRR1782908	993.062675255007
C1orf21	SRR1782909	1332.5876895034569
C1orf21	SRR1782910	1122
C1orf21	SRR1782911	974.8153916421647
C1orf21	SRR1782912	1662.9389668946617
C1orf21	SRR1782913	1216
C1orf21	SRR1782914	653.8305802324716
C1orf21	SRR1782915	586
C1orf21	SRR1782916	908.7717481211123
C1orf21	SRR1782917	982.1712872754908
C1orf21	SRR1782918	827.8931360498395
C1orf21	SRR1782919	1166
C1orf21	SRR1782920	1125.2138874486332
C1orf21	SRR1782921	1430.979215574228
C1orf21	SRR1782922	27.297806677095004
C1orf21	SRR1782923	1968.0353229886775
C1orf21	SRR1782924	843.3513484395843
C1orf21	SRR1782925	1193.22433955335
C1orf21	SRR1782926	1944.3479661822066
C1orf21	SRR1782927	574.6692481383783
C1orf21	SRR1782928	1179.5452276328333
C1orf21	SRR1782929	1694.7365963172135
C1orf21	SRR1782930	623.8290520257204
C1orf21	SRR1782931	1039.8338795051284
C1orf21	SRR1782932	1074.0139739088488
C1orf21	SRR1782933	209.88374303720644
C1orf21	SRR1782934	1253.4020945218867
C1orf21	SRR1782935	1399.341171622939
C1orf21	SRR1782936	372.4279267132669
C1orf21	SRR1782937	1263.9869855549073
C1orf21	SRR1782938	1.258100037900621
C1orf21	SRR1782939	944.5036268581808
C1orf21	SRR1782940	1164.1021587202915
C1orf21	SRR1782941	997.8466625441172
C1orf21	SRR1782942	780.1289650195268
C1orf21	SRR1782943	732.4401641912299
C1orf21	SRR1782944	1020.3431117654625
C1orf21	SRR1782945	638.4169931099062
C1orf21	SRR1782946	571.2318317976132
C1orf21	SRR1782947	331.709770634402
C1orf21	SRR1782948	1594
C1orf21	SRR1782949	229.57748005071517
C1orf21	SRR1782950	1510
C1orf21	SRR1782951	339.13664641843536
C1orf21	SRR1782952	215.94156800208987
C1orf21	SRR1782953	1462.7828012646703
C1orf21	SRR1782954	60.82649282879382
C1orf21	SRR1782955	1122.1657236575763
C1orf21	SRR1782956	2067.118453057822
C1orf21	SRR1782957	547.6250390109657
C1orf21	SRR1782958	1161.4080302480966
C1orf21	SRR1782959	241.3588710076163
C1orf21	SRR1782960	904
C1orf21	SRR1782961	1465.3377177894843
C1orf21	SRR1782962	1281.455900828988
C1orf21	SRR1782963	692.8018422361653
C1orf21	SRR1782964	1148.4796316286706
C1orf21	SRR1782965	596.8752653383951
C1orf21	SRR1782966	2356
C1orf21	SRR1782967	869.578870529128
C1orf21	SRR1782968	1113.2009277961567
C1orf21	SRR1782969	584.1760382727961
C1orf21	SRR1782970	1365.2911761650498
C1orf21	SRR1782971	652.9977460393663
C1orf21	SRR1782972	511.91620612418944
C1orf21	SRR1782973	518.5107739393175
C1orf21	SRR1782974	704
C1orf21	SRR1782975	295.3974316743569
C1orf21	SRR1782976	600.9192286751559
C1orf21	SRR1782977	588.2115981687562
C1orf21	SRR1782978	1623.086405920157
C1orf21	SRR1782979	896.5883444733811
C1orf21	SRR1782980	848.5108950321082
C1orf21	SRR1782981	1725.307357244186
C1orf21	SRR1782982	1417.264603096241
C1orf21	SRR1782983	1071.0755947715622
C1orf21	SRR1782984	702.2526223035151
C1orf21	SRR1782985	1045.1285550102125
C1orf21	SRR1782986	732.2359521072212
C1orf21	SRR1782987	1759.2677383529856
C1orf21	SRR1782988	1592
C1orf21	SRR1782989	686.7151338672409
C1orf21	SRR1782990	894.3265133899409
C1orf21	SRR1782991	464.94812840703145
C1orf21	SRR1782992	984.4028528733925
C1orf21	SRR1782993	507.66025082953763
C1orf21	SRR1782994	906
C1orf21	SRR1782995	468.9484776970987
C1orf21	SRR1782996	1033
C1orf21	SRR1782997	1003.5169398237152
C1orf21	SRR1782998	665.4597696988565
C1orf21	SRR1782999	394.52634860353703
C1orf21	SRR1783000	1052.1485635426902
C1orf21	SRR1783001	663.0376382185416
C1orf21	SRR1783002	463.1004979791731
C1orf21	SRR1783003	1558
C1orf21	SRR1783004	1388.3974169636156
C1orf21	SRR1783005	1031.5362135456992
C1orf21	SRR1783006	1054.0578709538681
C1orf21	SRR1813867	461.42353262225066
C1orf21	SRR1813868	632.4105755002809
C1orf21	SRR1813869	649.8069253704125
C1orf21	SRR1813870	652.4942699473979
C1orf21	SRR1813871	787.4067395855818
C1orf21	SRR1813872	899.3922209249127
C1orf21	SRR1813873	747.4960280868131
C1orf21	SRR1813874	441.7649590194452
C1orf21	SRR1813875	997
C1orf21	SRR1813876	809.3427258304393
C1orf21	SRR1813877	761.0000285318214
C1orf21	SRR1813878	936.6737806878695
C1orf21	SRR1813879	738
C1orf21	SRR1813880	950
C1orf21	SRR1813881	531.0564966826204
C1orf21	SRR1813882	921.1522594529542
C1orf21	SRR1813883	644.568735572921
C1orf21	SRR1813884	497.7306419224372
C1orf21	SRR1813885	953
C1orf21	SRR1813886	1160.4604322250052
C1orf21	SRR1813887	594.5671134957755
C1orf21	SRR1928188	1297.5222731085182
C1orf21	SRR1928189	1222.859014813202
C1orf21	SRR1928190	823.1471760918052
C1orf21	SRR1928191	676.5238743812677
C1orf21	SRR1928192	464.8784367261656
C1orf21	SRR1928193	620.2964955213957
C1orf21	SRR2046996	509.3122314594733
C1orf21	SRR2046997	2068.483609301277
C1orf21	SRR2046998	1244.4171678383614
C1orf21	SRR2046999	490.70193390777206
C1orf21	SRR2047000	722.5436026502946
C1orf21	SRR2047001	506.670287915905
C1orf21	SRR2047002	1245.8062695299352
C1orf21	SRR2047003	983.600976211933
C1orf21	SRR2047004	587.5622659297928
C1orf21	SRR2047005	506.0341298120891
C1orf21	SRR2047006	775.480690898703
C1orf21	SRR2047007	1210.7758373318948
C1orf21	SRR2047008	473.8102332381181
C1orf21	SRR2047009	491.8713791998234
C1orf21	SRR2313973	225.8966939515867
C1orf21	SRR2313974	538.0717189353428
C1orf21	SRR2313975	806.3346718061249
C1orf21	SRR2313976	1197.5976475699256
C1orf21	SRR2313977	1602.9224225497303
C1orf21	SRR2313978	869.9841126722715
C1orf21	SRR2313979	385.0079683594605
C1orf21	SRR2313980	1584.2816111626544
C1orf21	SRR2313981	1194.2844038601436
C1orf21	SRR2313982	170.24614396484952
C1orf21	SRR2313983	49.83715118066869
C1orf21	SRR2313984	2343.7575682666547
C1orf21	SRR2313985	289.5539246625543
C1orf21	SRR2313986	996.1925172949393
C1orf21	SRR2313987	727.4472844748243
C1orf21	SRR2313988	456.13216760502115
C1orf21	SRR2313989	1676.9300974097068
C1orf21	SRR2313990	805.5414441096252
C1orf21	SRR2313991	803.3127181488333
C1orf21	SRR2313992	552.3629532513763
C1orf21	SRR2313993	1035.7685820557106
C1orf21	SRR2313994	655.2040688078905
C1orf21	SRR2313995	1114.7536883803805
C1orf21	SRR2313996	1478.6803589960412
C1orf21	SRR2313997	2013.426536149496
C1orf21	SRR2313998	726.6181532819045
C1orf21	SRR2313999	461.3092574725338
C1orf21	SRR2314000	802.9467613010617
C1orf21	SRR2314001	922.8469019710442
C1orf21	SRR2314002	946.1959285484057
C1orf21	SRR2314003	308.6545062816373
C1orf21	SRR2314004	1075.5374107679952
C1orf21	SRR2314005	1590.0758098539925
C1orf21	SRR2314006	1025.3512209801281
C1orf21	SRR2314007	1280.715032377967
C1orf21	SRR2314008	2553.3610745848177
C1orf21	SRR2314009	1003.2512922256776
C1orf21	SRR2314010	1322.720269990469
C1orf21	SRR2314011	867.1917784584195
C1orf21	SRR2314012	472.4766464029312
C1orf21	SRR2314013	791.3890842366784
C1orf21	SRR2314014	1645.9579430610888
C1orf21	SRR2314015	1303.1206061552916
C1orf21	SRR2314016	1141.7175579259967
C1orf21	SRR2314017	697.5709120370594
C1orf21	SRR2314018	415.131923032884
C1orf21	SRR2314019	1453.897135882727
C1orf21	SRR2314020	1593.1782489655911
C1orf21	SRR2314021	795.0187364987225
C1orf21	SRR2314022	1316.035507127051
C1orf21	SRR2314023	560.5112273229064
C1orf21	SRR2314024	769.0974008684356
C1orf21	SRR2314025	772.8460984355468
C1orf21	SRR2314026	432.6209482028726
C1orf21	SRR2314027	858.4593366521822
C1orf21	SRR2314028	982.824864950414
C1orf21	SRR2314029	1776.1489811107842
C1orf21	SRR2314030	817.8886467538163
C1orf21	SRR2314031	427.41962252695294
C1orf21	SRR2314032	331.8085852448631
C1orf21	SRR2314033	981.6330320227634
C1orf21	SRR2314034	251.270304417056
C1orf21	SRR2314035	343.5420068452455
C1orf21	SRR2314036	2485.827881424288
C1orf21	SRR2314037	866.8997507718798
C1orf21	SRR2314038	1590.1762592348716
C1orf21	SRR2314039	661.3551776462616
C1orf21	SRR2314040	409.6087335696305
C1orf21	SRR2314041	726.5105920377274
C1orf21	SRR2314042	1159.7145874135258
C1orf21	SRR2314043	1005.203822822196
C1orf21	SRR2314044	1221.1750749631553
C1orf21	SRR2314045	593.4854889265744
C1orf21	SRR3493774	667
C1orf21	SRR3493775	623
C1orf21	SRR3493776	573.9864686942877
C1orf21	SRR3493777	841.6053948274554
C1orf21	SRR3493778	705
C1orf21	SRR3493779	879.1308734472315
C1orf21	SRR3493780	1.0498945968332396
C1orf21	SRR3493781	856
C1orf21	SRR3493782	809.8535648550196
C1orf21	SRR3493783	935.5694959695887
C1orf21	SRR3493784	270.51461235634207
C1orf21	SRR3493785	878.7901077263843
C1orf21	SRR3493786	1.0407280627260045
C1orf21	SRR3493787	1132
C1orf21	SRR3493788	524
C1orf21	SRR3493789	10.182789000798175
C1orf21	SRR3493790	783
C1orf21	SRR3493791	861.2649173953245
C1orf21	SRR3493792	1057.7608826785022
C1orf21	SRR3493793	493.80170767855253
C1orf21	SRR3493794	1587.95841029228
C1orf21	SRR3493795	1242.602978032457
C1orf21	SRR3493796	602.005461644609
C1orf21	SRR3493797	1027
C1orf21	SRR3493798	1258.9300036719678
C1orf21	SRR3493799	1603
C1orf21	SRR3493800	1337.63153939993
C1orf21	SRR3493801	379.464527484738
C1orf21	SRR3493802	440
C1orf21	SRR3493803	1199
C1orf21	SRR3493804	741.53340971123
C1orf21	SRR3493805	714.7108171048212
C1orf21	SRR3493806	469
C1orf21	SRR3493807	1144
C1orf21	SRR3493808	898.871398018265
C1orf21	SRR3493809	1096.6939748238929
C1orf21	SRR3493810	801
C1orf21	SRR3493811	1324
C1orf21	SRR3493812	786.5658030135314
C1orf21	SRR3493813	680.2941931908981
C1orf21	SRR3493814	862
C1orf21	SRR3493815	502.3241082348432
C1orf21	SRR3493816	997
C1orf21	SRR3493817	1382.0143524165537
C1orf21	SRR3493818	669.3929498538353
C1orf21	SRR3493819	1400
C1orf21	SRR3493820	1.1220654621967874
C1orf21	SRR3493821	839.714079707612
C1orf21	SRR3493822	1257
C1orf21	SRR3493823	1140.660153199645
C1orf21	SRR3493824	1024.597818961789
C1orf21	SRR3493825	1331.7530310579639
C1orf21	SRR3493826	1264.9098918690888
C1orf21	SRR3493827	982
C1orf21	SRR3493828	1103
C1orf21	SRR3493829	1146.7449856492503
C1orf21	SRR3493830	1589.1353629108198
C1orf21	SRR3493831	993.4988921261037
C1orf21	SRR3493832	1566.2817456858145
C1orf21	SRR3493833	1845.0551053357688
C1orf21	SRR3493834	1616
C1orf21	SRR3493835	1268.6490888226783
C1orf21	SRR3493836	1832
C1orf21	SRR3493837	806.6269138655205
C1orf21	SRR3493838	659
C1orf21	SRR3493839	675.5881141756552
C1orf21	SRR3493840	622.965959539751
C1orf21	SRR3493841	1132.4766708607503
C1orf21	SRR3493846	196.3856566813383
C1orf21	SRR3493847	1.0367010057374855
C1orf21	SRR3493848	678.2439856435658
C1orf21	SRR3493849	929.729270631148
C1orf21	SRR3493850	505
C1orf21	SRR3714631	614
C1orf21	SRR3714632	175.98405293351234
C1orf21	SRR3714633	533.1158367913501
C1orf21	SRR3714634	730.8432989656682
C1orf21	SRR3714635	873
C1orf21	SRR3714636	1170
C1orf21	SRR3714637	111
C1orf21	SRR3714638	1096
C1orf21	SRR3714639	908.3830982706494
C1orf21	SRR3714640	687.7933569116707
C1orf21	SRR3714641	821.4071595288676
C1orf21	SRR3714642	614.1984166918003
C1orf21	SRR3714643	719.2260031066412
C1orf21	SRR3714644	476.86725153247335
C1orf21	SRR3714645	806.2477712378745
C1orf21	SRR3714646	1060.3814524810912
C1orf21	SRR3714648	1021.3954793578916
C1orf21	SRR3714649	126.06564523014238
C1orf21	SRR3714650	219.50119364260254
C1orf21	SRR3714651	582.9185493589928
C1orf21	SRR3714652	411.6992092599878
C1orf21	SRR3714653	1114
C1orf21	SRR3714654	361
C1orf21	SRR3714655	868.6513843601443
C1orf21	SRR3714656	556.5418407064909
C1orf21	SRR3714657	723.043960575752
C1orf21	SRR3714658	1684.2313985800588
C1orf21	SRR3714659	924.1037818042123
C1orf21	SRR3714660	1260
C1orf21	SRR3714661	1221
C1orf21	SRR3714662	346.77902821802945
C1orf21	SRR3714663	1012.7594481249608
C1orf21	SRR3714664	749.5007756740463
C1orf21	SRR3714665	851
C1orf21	SRR3714666	333
C1orf21	SRR3714667	330.5495973344413
C1orf21	SRR3714668	950
C1orf21	SRR3714669	752.0008949693184
C1orf21	SRR3714670	884.7663336581545
C1orf21	SRR3714671	1170.4730330207342
C1orf21	SRR3714672	454.2442206527078
C1orf21	SRR3714673	1472.2039105256522
C1orf21	SRR3714674	361.00997619406417
C1orf21	SRR3714675	517.9256287715251
C1orf21	SRR3714676	534
C1orf21	SRR3714677	1519.5960318652455
C1orf21	SRR3714678	494.9890697687514
C1orf21	SRR3714679	1263.0433166541973
C1orf21	SRR3714680	662.1407561371724
C1orf21	SRR3714681	700.4850113472921
C1orf21	SRR3714682	1244.7321873819399
C1orf21	SRR3714683	1820.790780601101
C1orf21	SRR3714684	775.266941822292
C1orf21	SRR3714685	648.1364075808449
C1orf21	SRR3714686	585.7986831468596
C1orf21	SRR3714688	421.1202367391296
C1orf21	SRR3714689	703.8139407821399
C1orf21	SRR3714690	817.9461887198048
C1orf21	SRR3714691	1135
C1orf21	SRR3714692	739.1354680500115
C1orf21	SRR3714693	630.5953724588896
C1orf21	SRR3714694	1362.5313733890441
C1orf21	SRR3714695	2236.413817921839
C1orf21	SRR3714696	994
C1orf21	SRR3714697	498.54970778046015
C1orf21	SRR3714698	49.64745031079955
C1orf21	SRR3714699	702.8830873090616
C1orf21	SRR3714700	837.3555032588147
C1orf21	SRR3714701	1239.2927205683445
C1orf21	SRR3714702	1146.547704228134
C1orf21	SRR3714703	1365.4502087423336
C1orf21	SRR3714704	535.1269792130073
C1orf21	SRR3714705	1015.6446994197322
C1orf21	SRR3714706	129.38563409690445
C1orf21	SRR3714707	393.2829015067657
C1orf21	SRR3714708	1.0232664352046819
C1orf21	SRR3714709	255.01020567730257
C1orf21	SRR3714710	795.5313245965067
C1orf21	SRR3714711	529.3287786093875
C1orf21	SRR3714712	626
C1orf21	SRR3714713	857
C1orf21	SRR3714714	548
C1orf21	SRR3714715	546.6246661052504
C1orf21	SRR3714716	1207
C1orf21	SRR3714717	580
C1orf21	SRR3714718	815
C1orf21	SRR3714719	655.7267123945305
C1orf21	SRR3714720	888.5567921277197
C1orf21	SRR3714721	766.9438215492085
C1orf21	SRR3714723	1032.6247469045206
C1orf21	SRR3714724	1002.9438317144064
C1orf21	SRR3714725	297.65404438259276
C1orf21	SRR3714726	1061.5230974511082
C1orf21	SRR3714727	624.997851589191
C1orf21	SRR3714728	1131.2891702227203
C1orf21	SRR3714729	179.589666410111
C1orf21	SRR3714730	892.7085703335088
C1orf21	SRR3714731	1245.2239932176494
C1orf21	SRR3714732	454.3931872128381
C1orf21	SRR3714734	1045.5206331108657
C1orf21	SRR3714735	511.3521660616384
C1orf21	SRR3714736	708.0373830752817
C1orf21	SRR3714737	589
C1orf21	SRR3714738	346.04736205971267
C1orf21	SRR3714739	678.8580555382053
C1orf21	SRR3714740	1007.4544610846766
C1orf21	SRR3714741	1279.3802029887484
C1orf21	SRR3714744	1072.6355752717664
C1orf21	SRR3714745	94.70174651854867
C1orf21	SRR3714746	360.0522634573377
C1orf21	SRR3714747	752.7022909711816
C1orf21	SRR3714748	609.2942126025114
C1orf21	SRR3714749	113.31789160261502
C1orf21	SRR3714750	769.7881340480351
C1orf21	SRR3714751	378.40822905301013
C1orf21	SRR3714752	995
C1orf21	SRR3714753	239.88172554931353
C1orf21	SRR3714754	1157
C1orf21	SRR3714755	890.5063601539591
C1orf21	SRR3714756	1.0216801788447836
C1orf21	SRR3714757	661.5074568965007
C1orf21	SRR3714758	1554.5634876345032
C1orf21	SRR3714759	1326.850759766379
C1orf21	SRR3714760	333.299665003287
C1orf21	SRR3714761	727.2616188242955
C1orf21	SRR3714762	878.2867573368545
C1orf21	SRR3714764	348
C1orf21	SRR3714765	613.3483155911807
C1orf21	SRR3714766	786
C1orf21	SRR3714767	915.6510687727489
C1orf21	SRR3714768	1617
C1orf21	SRR5176628	534.6831453765882
C1orf21	SRR5176629	1177.7557665955978
C1orf21	SRR5176630	1505.4043956494083
C1orf21	SRR5176631	1383.4160011145857
C1orf21	SRR5176632	1086.0888807885335
C1orf21	SRR5176633	530.4403164877567
C1orf21	SRR5176634	418.0124057913273
C1orf21	SRR5176635	991.0997903432611
C1orf21	SRR5176636	76.97068133551937
C1orf21	SRR5176637	335.6704699112441
C1orf21	SRR5176638	1.1227010298695481
C1orf21	SRR5176639	1072
C1orf21	SRR5176640	411.41398909387124
C1orf21	SRR5176641	1207.688739978849
C1orf21	SRR5176642	1251.3806293010775
C1orf21	SRR5176643	1201.06923843944
C1orf21	SRR5176644	1064.1914287418306
C1orf21	SRR5176645	814.422208424755
C1orf21	SRR5176646	635.6509494561686
C1orf21	SRR5176647	1244.2517116106185
C1orf21	SRR5176648	1269.572014269967
C1orf21	SRR5176649	683.6172869395625
C1orf21	SRR5176650	1156.2105871089925
C1orf21	SRR5176651	2101.8951527738664
C1orf21	SRR5176652	807.47648995525185
C1orf21	SRR5176653	1142.0777088432637
C1orf21	SRR5176654	1629.1914365885636
C1orf21	SRR5176655	1580.9896656456283
C1orf21	SRR5176656	94.16970558433916
C1orf21	SRR5176657	514.2400307864501
C1orf21	SRR5176658	1081.7830940785063
C1orf21	SRR5176659	2063.4497222303253
C1orf21	SRR5176660	1717.974475748403
C1orf21	SRR5176661	519.868356396767
C1orf21	SRR5176662	1729.8054410894329
C1orf21	SRR5176663	490.1339613175993
C1orf21	SRR5176664	1610
C1orf21	SRR5176665	587.2008453890763
C1orf21	SRR5176666	1026.96623543268
C1orf21	SRR5176667	157.4918691672597
C1orf21	SRR5176668	895.8719633508205
C1orf21	SRR5176669	874.299524337408
C1orf21	SRR5176670	908.8911727279675
C1orf21	SRR5176671	838.5071018822507
C1orf21	SRR5176672	1114.1767756792267
C1orf21	SRR5176673	998.761191206112
C1orf21	SRR5176674	769.7982040028681
C1orf21	SRR5176675	551.3268371410867
C1orf21	SRR5176676	1088.6749055745568
C1orf21	SRR5176677	1057.5208728587745
C1orf21	SRR5176678	174.8212908809432
C1orf21	SRR5176679	643.7716442300165
C1orf21	SRR5176680	1353.8316967180806
C1orf21	SRR5176681	695.7718487197055
C1orf21	SRR5176682	486.7944809892001
C1orf21	SRR5176683	1235.6257491639922
C1orf21	SRR5176684	2093.549698206527
C1orf21	SRR5176685	755.2500074921562
C1orf21	SRR5176686	1355.8827453364327
C1orf21	SRR5176687	404.823454093637
C1orf21	SRR5176688	218.86878532021882
C1orf21	SRR5176689	688.1246856941856
C1orf21	SRR5176690	674.8056640363608
C1orf21	SRR5176691	1107.0291242157182
C1orf21	SRR5176692	1724.7124282228704
C1orf21	SRR5176693	674.9509396873079
C1orf21	SRR5176694	3491
C1orf21	SRR5176695	313.4358392541185
C1orf21	SRR5176696	16.91839791078863
C1orf21	SRR5176697	494.2654702697469
C1orf21	SRR5176698	1.1648237836443878
C1orf21	SRR5176699	570.933361866246
C1orf21	SRR5176700	189.48850911506636
C1orf21	SRR5176701	505.7269668560851
C1orf21	SRR5176702	1319
C1orf21	SRR5176703	1305.835496056393
C1orf21	SRR5176704	743.232490364457
C1orf21	SRR5176705	571.2222636302391
C1orf21	SRR5176706	409.879888374668
C1orf21	SRR5176707	1136.9152750090043
C1orf21	SRR5176708	1031.0895785637956
C1orf21	SRR5176709	2602.4525205575
C1orf21	SRR5176710	1012
C1orf21	SRR5176711	710.3513740388023
C1orf21	SRR5176712	1270.0682324894117
C1orf21	SRR5176713	993.6881629165416
C1orf21	SRR5176714	206.7516292547898
C1orf21	SRR5176715	1290.6242425694838
C1orf21	SRR5176716	1047.069975506132
C1orf21	SRR5176717	803.2339894184714
C1orf21	SRR5176718	1212.5854480941878
C1orf21	SRR5176719	1318.0789560726191
C1orf21	SRR5176720	1609
C1orf21	SRR5176721	898
C1orf21	SRR5176722	537.4526111321416
C1orf21	SRR5176723	445.23860704938954
C1orf21	SRR5176724	611.3071059979375
C1orf21	SRR5176725	829.0707175462946
C1orf21	SRR5176726	1862
C1orf21	SRR5176727	2005.2928520793878
C1orf21	SRR5176728	685.5577370217271
C1orf21	SRR5176729	969.8746831759057
C1orf21	SRR5176730	1782.585924612902
C1orf21	SRR5176731	767.5480191449849
C1orf21	SRR5176732	895
C1orf21	SRR5176733	1475.33639839942
C1orf21	SRR5176734	441.0585752281839
C1orf21	SRR5176735	1334.1164186560122
C1orf21	SRR5176736	1108.172244349889
C1orf21	SRR5176737	2030.9206925640076
C1orf21	SRR5176738	576.304431106756
C1orf21	SRR5176739	1381.8911830351583
C1orf21	SRR5176740	392.62786630349916
C1orf21	SRR5176741	134.28693794335285
C1orf21	SRR5176742	779.1502675372534
C1orf21	SRR5176743	551.4574257933851
C1orf21	SRR5176744	286.7976333170314
C1orf21	SRR5176745	551.0081944234909
C1orf21	SRR5176746	302.68450564988103
C1orf21	SRR5176747	1029
C1orf21	SRR5176748	1069.3457649838701
C1orf21	SRR5176749	1640.4179800537847
C1orf21	SRR5176750	775.3796983648973
C1orf21	SRR5176751	922.3406764100047
C1orf21	SRR5176752	440.99230815167255
C1orf21	SRR5176753	1420.722815350543
C1orf21	SRR5176754	1077.6402266050156
C1orf21	SRR5176755	686.3703301071537
C1orf21	SRR5176756	478.4174551140951
C1orf21	SRR5176757	434.97577475138206
C1orf21	SRR5176758	929.4338191533576
C1orf21	SRR5176759	426.373709130707
C1orf21	SRR5176760	773.4664541438227
C1orf21	SRR5176761	1113.4745466707195
C1orf21	SRR5176762	304.05033413469266
C1orf21	SRR5176763	716.4362622219601
C1orf21	SRR5176764	762.5485265856373
C1orf21	SRR5176765	1132.9518837990047
C1orf21	SRR5176766	1165.2980974714146
C1orf21	SRR5176767	966.9710509806813
C1orf21	SRR5176768	453.79250099117667
C1orf21	SRR5176769	636.8753444406464
C1orf21	SRR5176770	1108.589601077047
C1orf21	SRR5176771	1256.0659619657442
C1orf21	SRR5176772	1358.4670961709992
C1orf21	SRR5176773	677.0419521923797
C1orf21	SRR5176774	1163.159742734704
C1orf21	SRR5176775	545.1808394343557
C1orf21	SRR5176776	1287.5682822122394
C1orf21	SRR5176777	1162.5160452562461
C1orf21	SRR5176778	1233.0614355056457
C1orf21	SRR5176779	697.5898918299289
C1orf21	SRR5176780	748.2977124749766
C1orf21	SRR5176781	446.83175309720843
C1orf21	SRR5176782	393.2076653057755
C1orf21	SRR5176783	997.1905692076547
C1orf21	SRR5176784	1409.6924303348392
C1orf21	SRR5176785	718.2661369250737
C1orf21	SRR5176786	1508
C1orf21	SRR5176787	864.5866444682616
C1orf21	SRR5176788	89.32807578578768
C1orf21	SRR5176789	1375.177846950492
C1orf21	SRR5176790	1209.2929332995022
C1orf21	SRR5176791	1270.0698690720824
C1orf21	SRR5176792	1770
C1orf21	SRR5176793	641.8514601915195
C1orf21	SRR5176794	1005.512087502874
C1orf21	SRR5176795	648.718123004195
C1orf21	SRR5176796	663.6973269725313
C1orf21	SRR5176797	1000.9543113683903
C1orf21	SRR5176798	1398.3379383973327
C1orf21	SRR5176799	2780
C1orf21	SRR5176800	485.8519832669427
C1orf21	SRR5176801	852.6153577119975
C1orf21	SRR5176802	694.7127830203397
C1orf21	SRR5176803	468.91561060996804
C1orf21	SRR5176804	324.78632175386826
C1orf21	SRR5176805	1304.032100458384
C1orf21	SRR5176806	344.9747581947611
C1orf21	SRR5176807	1143.822789878456
C1orf21	SRR5176808	2804.008689909904
C1orf21	SRR5176809	1016.4618238178563
C1orf21	SRR5176810	1524
C1orf21	SRR5176811	566
C1orf21	SRR5176812	1125.2138874486332
C1orf21	SRR5176813	566.6708932959712
C1orf21	SRR5176814	1081
C1orf21	SRR5176815	777.8265441959153
C1orf21	SRR5176816	1152.3806458570332
C1orf21	SRR5176817	1116.8356336662716
C1orf21	SRR5176818	551.4038165232511
C1orf21	SRR5176819	494.8975342784439
C1orf21	SRR5176820	13.29042957918841
C1orf21	SRR5176821	1112.28949637938
C1orf21	SRR5176822	789.6005577322943
C1orf21	SRR5176823	1068.0093548645598
C1orf21	SRR5176824	1357.6327665679357
C1orf21	SRR5176825	714.7929496199564
C1orf21	SRR5176826	969.9910354677099
C1orf21	SRR5176827	1341.051284219106
C1orf21	SRR5176828	1107.374056059039
C1orf21	SRR5176829	196.5356223558391
C1orf21	SRR5176830	568.3066290100047
C1orf21	SRR5176831	937.8063638034041
C1orf21	SRR5176832	601.0139123137351
C1orf21	SRR5176833	218.2565343854948
C1orf21	SRR5176834	428.67440798691587
C1orf21	SRR5176835	1070.8415621166162
C1orf21	SRR5176836	1149.0330793506712
C1orf21	SRR5176837	312.1500464043318
C1orf21	SRR5176838	122.99640304397583
C1orf21	SRR5176839	352.8197809508735
C1orf21	SRR5176840	841.4540052771373
C1orf21	SRR5176841	679.4445930303817
C1orf21	SRR5176842	727.5305701045053
C1orf21	SRR5176843	934.1935483543532
C1orf21	SRR5176844	1368.976481167341
C1orf21	SRR5176845	277.00828246534076
C1orf21	SRR5176846	783.4896646828694
C1orf21	SRR5176847	648.0389742765256
C1orf21	SRR5176848	959.193039707461
C1orf21	SRR5176849	1146.954660140497
C1orf21	SRR5176850	1135.3683487415462
C1orf21	SRR5176851	1493.6113167912463
C1orf21	SRR5176852	527.4913720078723
C1orf21	SRR5176853	743.858676348138
C1orf21	SRR5176854	581.0399521468769
C1orf21	SRR5176855	1442.2768820647348
C1orf21	SRR5176856	890.1661869509956
C1orf21	SRR5176857	988.5067853539869
C1orf21	SRR5176858	1132.7672689997921
C1orf21	SRR5176859	1190.1191774476324
C1orf21	SRR5176860	2224
C1orf21	SRR5176861	1009.9966845073503
C1orf21	SRR5176862	620.663362719494
C1orf21	SRR5176863	1802.5039084554612
C1orf21	SRR5176864	992.8380737331908
C1orf21	SRR5176865	802.5267286390417
C1orf21	SRR5176866	1219
C1orf21	SRR5176867	2170.1794911627962
C1orf21	SRR5176868	835.4417659256993
C1orf21	SRR5176869	1137.7772281174139
C1orf21	SRR5176870	2146.6623627660456
C1orf21	SRR5176871	1256.3040974864668
C1orf21	SRR5176872	1030.793048238844
C1orf21	SRR5861974	1392.2056951656073
C1orf21	SRR5861975	1263.6726803360448
C1orf21	SRR5861976	183.08353636258516
C1orf21	SRR5861977	1254
C1orf21	SRR5861978	1139.5181770901947
C1orf21	SRR5861979	860.1742133297612
C1orf21	SRR5861980	1418
C1orf21	SRR5861981	367.24113276950186
C1orf21	SRR5861982	1.2340601766014685
C1orf21	SRR5861983	997.6584085265862
C1orf21	SRR5861984	678.5614406815886
C1orf21	SRR5861985	1054.9896901049553
C1orf21	SRR5861986	2065.114999794283
C1orf21	SRR5861987	1174.0065800654147
C1orf21	SRR5861988	681.9116693133409
C1orf21	SRR5861989	808.0057501832126
C1orf21	SRR5861990	1095.3263922266094
C1orf21	SRR5861991	1055
C1orf21	SRR5861992	1621
C1orf21	SRR5861993	683.5830471628544
C1orf21	SRR5861994	1170
C1orf21	SRR5861995	1399.2385031432414
C1orf21	SRR5861996	481.02364839958744
C1orf21	SRR5861997	466.77912988573934
C1orf21	SRR5861998	1184.79615119523
C1orf21	SRR5861999	431.3591001104723
C1orf21	SRR5862000	794.285729499987
C1orf21	SRR5862001	1106
C1orf21	SRR5862002	1094.1804083464021
C1orf21	SRR5862003	242.60185489055553
C1orf21	SRR5862004	581.2548283843962
C1orf21	SRR5862005	1375.2428804161787
C1orf21	SRR5862006	1131.2610758345304
C1orf21	SRR5862007	484.1201255235126
C1orf21	SRR5862008	2168.691289011217
C1orf21	SRR5862009	1323.7083823467544
C1orf21	SRR5862010	535.2851634142556
C1orf21	SRR5862011	844.4441632615716
C1orf21	SRR5862012	710.982847097727
C1orf21	SRR5862013	1324.2034173724146
C1orf21	SRR5862014	1461.144473455829
C1orf21	SRR5862015	1038
C1orf21	SRR5862016	924.8567451445541
C1orf21	SRR5862017	1289.606434931298
C1orf21	SRR5862018	1268.073657369165
C1orf21	SRR5862019	582.7159521426707
C1orf21	SRR5862020	985.5230536078955
C1orf21	SRR5862021	568.4348863924216
C1orf21	SRR5862022	1415.8310068810445
C1orf21	SRR5862023	1306.8768313818055
C1orf21	SRR5862024	1289.5143385184138
C1orf21	SRR5862025	1538
C1orf21	SRR5862026	622.8868814027824
C1orf21	SRR5862027	1171.6321524132316
C1orf21	SRR5862028	73.24278853001566
C1orf21	SRR5862029	565.5035590883174
C1orf21	SRR5862030	780.1843426700351
C1orf21	SRR5862031	893.2724016247204
C1orf21	SRR5862032	350.05391883782613
C1orf21	SRR5862033	751.1592084204855
C1orf21	SRR5862034	1.2459835850410172
C1orf21	SRR5862035	1026.7667217591095
C1orf21	SRR5862036	575.0923848638287
C1orf21	SRR5862037	476.7462901985648
C1orf21	SRR5862038	483.68962625154796
C1orf21	SRR5862039	1071.84660978332
C1orf21	SRR5862040	822.3586082141493
C1orf21	SRR5862041	531.9186727702763
C1orf21	SRR5862042	1230.8654001063042
C1orf21	SRR5862043	2065
C1orf21	SRR5862044	1156.6233695074598
C1orf21	SRR5862045	444.88181262552615
C1orf21	SRR5862046	1135.1055245395269
C1orf21	SRR5862047	636.625963184687
C1orf21	SRR5862048	1.2476565419699956
C1orf21	SRR5862049	1651.376938126183
C1orf21	SRR5862050	882.9741059881296
C1orf21	SRR5862051	557.6777383978198
C1orf21	SRR5862052	1867.4289835586846
C1orf21	SRR5862053	787.0974974982161
C1orf21	SRR5862054	819.3513849454374
C1orf21	SRR5862055	709.1145054554529
C1orf21	SRR5862056	545.4334614160459
C1orf21	SRR5862057	1233.593597086428
C1orf21	SRR5862058	1352.0989415934243
C1orf21	SRR5862059	845.2182703107433
C1orf21	SRR5862060	611.7329062585175
C1orf21	SRR5862061	1092.8921474703598
C1orf21	SRR5862062	1167.6299930540063
C1orf21	SRR5862063	690.4765909049544
C1orf21	SRR5862064	1368.6454723329414
C1orf21	SRR5862065	1437.6161851210722
C1orf21	SRR5862066	1732.6576230865462
C1orf21	SRR5862067	1.2346054739520673
C1orf21	SRR5862068	1403.6782842327384
C1orf21	SRR5862069	1336.8829186280982
C1orf21	SRR5862070	320.2716796360664
C1orf21	SRR5862071	1.2526030228986182
C1orf21	SRR5862072	1.2641489791098965
C1orf21	SRR5862073	1132.1145761589667
C1orf21	SRR5862074	1137.7602998853986
C1orf21	SRR5862075	720.9305259087313
C1orf21	SRR5862076	1.2411031446573944
C1orf21	SRR5862077	1426.59192408931
C1orf21	SRR5862078	208.03194735936282
C1orf21	SRR5862079	588.0581177976389
C1orf21	SRR5862080	232.2511519579423
C1orf21	SRR5862081	1212.088222278334
C1orf21	SRR5862082	433.64837785133676
C1orf21	SRR5862083	603
C1orf21	SRR5862084	524.6450666226674
C1orf21	SRR5862085	1096
C1orf21	SRR5862086	126.08628619999558
C1orf21	SRR5862087	329.97337911404907
C1orf21	SRR5862088	4.487156871365245
C1orf21	SRR5862089	264.2413526890057
C1orf21	SRR5862090	868.4962716655499
C1orf21	SRR5862091	504.02160925046746
C1orf21	SRR5862092	63.29472139063285
C1orf21	SRR5862093	2787.501420961919
C1orf21	SRR5862094	1101.4860676125875
C1orf21	SRR5862095	239.28719301862384
C1orf21	SRR5862096	1132.4766708607503
C1orf21	SRR5862097	655.5194516556563
C1orf21	SRR5862098	1691.4684424815591
C1orf21	SRR5862099	1178.2701477378732
C1orf21	SRR5862100	1371.6360091697934
C1orf21	SRR5862101	254.10115394543146
C1orf21	SRR5862102	1376.0661788571986
C1orf21	SRR5862103	719.603329275288
C1orf21	SRR5862104	1256.2201966412163
C1orf21	SRR5862105	1289.3539958616593
C1orf21	SRR5862106	814.4731903391788
C1orf21	SRR5862107	1523
C1orf21	SRR5862108	709.9010798547545
C1orf21	SRR5862109	1272.2867615178714
C1orf21	SRR5862110	1020.1403664995416
C1orf21	SRR5862111	881.1629756013193
C1orf21	SRR5862112	507.9249491494054
C1orf21	SRR5862113	525.6130728056953
C1orf21	SRR5862114	730.4307261550399
C1orf21	SRR5862115	749.0933694720666
C1orf21	SRR5862116	451.3571053405655
C1orf21	SRR5862117	990.2617901404525
C1orf21	SRR5862118	1023.5425136236615
C1orf21	SRR5862119	799.3114423028312
C1orf21	SRR5862120	993.9379259489784
C1orf21	SRR5862121	1106.6252717695738
C1orf21	SRR5862122	345.7197684685635
C1orf21	SRR5862123	1809.1464711461313
C1orf21	SRR5862124	1015.2375662002995
C1orf21	SRR5862125	3459
C1orf21	SRR5862126	747.67222149386
C1orf21	SRR5862127	1373.196861680996
C1orf21	SRR5862128	1493.5205690978862
C1orf21	SRR5862129	555.5970902137065
C1orf21	SRR5862130	1718.6003441571963
C1orf21	SRR5862131	1275.8853499744985
C1orf21	SRR5862132	603.5426366275738
C1orf21	SRR5862133	1149.0996266506017
C1orf21	SRR5862134	605.172529250329
C1orf21	SRR5862135	728.2129658372305
C1orf21	SRR5862136	871.3134387839908
C1orf21	SRR5862137	1458.1444127465388
C1orf21	SRR5862138	833.4841377411028
C1orf21	SRR5862139	1042.4214348367616
C1orf21	SRR5862140	874.881743670187
C1orf21	SRR5862141	697.0762117211615
C1orf21	SRR5862142	1187.199304012664
C1orf21	SRR5862143	720.259099798477
C1orf21	SRR5862144	775.4512446814457
C1orf21	SRR5862145	1276.2036444363277
C1orf21	SRR5862146	1228.4960813101634
C1orf21	SRR5862147	997.2683763635929
C1orf21	SRR5862148	927
C1orf21	SRR5862149	1017.8288521465853
C1orf21	SRR5862150	793.9379424396404
C1orf21	SRR5862151	356.39669912206614
C1orf21	SRR5862152	398.6091427831559
C1orf21	SRR5862153	697.1727555820962
C1orf21	SRR5862154	924
C1orf21	SRR5862155	571.5922210202385
C1orf21	SRR5862156	532.4178017399327
C1orf21	SRR5862157	1178.9673195714806
C1orf21	SRR5862158	2008.0834584913373
C1orf21	SRR5862159	833.918731391115
C1orf21	SRR5862160	458.91359461699693
C1orf21	SRR5862161	2032.5393189555402
C1orf21	SRR5862162	353.1740687495042
C1orf21	SRR5862163	468.64828146765444
C1orf21	SRR5862164	357.055210699287
C1orf21	SRR5862165	2146.2485603097784
C1orf21	SRR5862166	1032.4025150045325
C1orf21	SRR5862167	1490.1023064137794
C1orf21	SRR5862168	1223.0158869165336
C1orf21	SRR5862169	550.0331128129312
C1orf21	SRR5862170	347.827666481002
C1orf21	SRR5862171	607.0458369427027
C1orf21	SRR5862172	744.3050244707384
C1orf21	SRR5862173	138.40475091953869
C1orf21	SRR5862174	559.4631974931708
C1orf21	SRR5862175	965.6925141937262
C1orf21	SRR5862176	1112.941231285746
C1orf21	SRR5862177	272.51975765104737
C1orf21	SRR5862178	379.6307720667324
C1orf21	SRR5862179	1137.3597935302998
C1orf21	SRR5862180	9.309930539490924
C1orf21	SRR5862181	221.59871745184165
C1orf21	SRR5862182	810.5572039519019
C1orf21	SRR5862183	647.2235652760094
C1orf21	SRR5862184	387.3447678758188
C1orf21	SRR5862185	1778
C1orf21	SRR5862186	1399.1977522919499
C1orf21	SRR5862187	433.25540354573735
C1orf21	SRR5862188	394.93018623686896
C1orf21	SRR5862189	1055.764744323217
C1orf21	SRR5862190	1082.4760528900474
C1orf21	SRR5862191	713.4593780273602
C1orf21	SRR5862192	618.7742235826628
C1orf21	SRR5862193	1358.857652326976
C1orf21	SRR5862194	805.2577291293111
C1orf21	SRR5862195	717.5254527962826
C1orf21	SRR5862196	1240
C1orf21	SRR5862197	1622
C1orf21	SRR5862198	266.4636709140282
C1orf21	SRR5862199	2094.1755841180793
C1orf21	SRR5862200	588.2865538011155
C1orf21	SRR5862201	222.58600570369956
C1orf21	SRR5862202	607.0080930090281
C1orf21	SRR5862203	543.038774744353
C1orf21	SRR5862204	1155
C1orf21	SRR5862205	1338
C1orf21	SRR5862206	1159.6359570402287
C1orf21	SRR5862207	838.4392713447792
C1orf21	SRR5862208	642.2761092173195
C1orf21	SRR5862209	858.5896032475866
C1orf21	SRR5862210	2625
C1orf21	SRR5862211	865.5003372473436
C1orf21	SRR5862212	903.9573608860544
C1orf21	SRR5862213	750.5125351764818
C1orf21	SRR5862214	695.9178136914782
C1orf21	SRR5862215	1160.746837005247
C1orf21	SRR5862216	885.2245665002227
C1orf21	SRR5862217	1156.4701046836137
C1orf21	SRR5862218	1593.5643366950553
C1orf21	SRR5862219	170.89961398672847
C1orf21	SRR5862220	1019.5614028554855
C1orf21	SRR5862221	2222
C1orf21	SRR5862222	950.0846415874934
C1orf21	SRR5862223	453.8506561522324
C1orf21	SRR5862224	676.3232383630341
C1orf21	SRR5862225	671.7964182645496
C1orf21	SRR5862226	1310.4136820909794
C1orf21	SRR5862227	2765
C1orf21	SRR5862228	1184.6498529659364
C1orf21	SRR5862229	1560.1663099668717
C1orf21	SRR5862230	1200.3315275387533
C1orf21	SRR5862231	1520.1648949762632
C1orf21	SRR5862232	807.0315647512771
C1orf21	SRR5862233	892.459444071204
C1orf21	SRR5862234	1789.4910015636815
C1orf21	SRR5862235	1508.356141621482
C1orf21	SRR5862236	801.7154577266514
C1orf21	SRR5862237	1068.1320350170124
C1orf21	SRR5862238	728.6551234906694
C1orf21	SRR5862239	1640.5633699426892
C1orf21	SRR5862240	1386.7794169292117
C1orf21	SRR5862241	1217.498119734113
C1orf21	SRR5862242	961.6390514344546
C1orf21	SRR5862243	760.2511086727733
C1orf21	SRR5862244	918.1036844490228
C1orf21	SRR5862245	1169.9996115830445
C1orf21	SRR5862246	873.6620566457483
C1orf21	SRR5862247	486.73292944331826
C1orf21	SRR5862248	1130.8134318133468
C1orf21	SRR5862249	1049.6829223298157
C1orf21	SRR5862250	34.35993073498293
C1orf21	SRR5862251	856.7614552738271
C1orf21	SRR5862252	1109.8254998022526
C1orf21	SRR5862253	986.6193502820046
C1orf21	SRR5862254	853.0650212404139
C1orf21	SRR5862255	588.6949892735329
C1orf21	SRR5862256	2102.0835312185372
C1orf21	SRR5862257	1237.8006912417243
C1orf21	SRR5862258	1164.9658814545778
C1orf21	SRR5862259	492.6667519349747
C1orf21	SRR5862260	684.6555827418701
C1orf21	SRR5862261	1079.7020837919408
C1orf21	SRR5862262	741.3338276869067
C1orf21	SRR5862263	745.4453550158601
C1orf21	SRR5862264	528.0632871201227
C1orf21	SRR5862265	950.1958155146937
C1orf21	SRR5862266	1264.8984381928478
C1orf21	SRR5862267	339.78820675254406
C1orf21	SRR5862268	1253.203593583224
C1orf21	SRR5862269	588.3139867467887
C1orf21	SRR5862270	776.7565956246947
C1orf21	SRR5862271	936.5555799139539
C1orf21	SRR5862272	1507.808357368127
C1orf21	SRR5862273	1032.554768448085
C1orf21	SRR5862274	2591.8588825729867
C1orf21	SRR5862275	1756.529057585865
C1orf21	SRR5862276	670.464392701513
C1orf21	SRR5862277	1158.5128943050124
C1orf21	SRR5949109	932.5108040976112
C1orf21	SRR5949110	931.166901595176
C1orf21	SRR5949111	932.5108040976112
C1orf21	SRR5949112	932.5689101095154
C1orf21	SRR5949113	932.1056454616626
C1orf21	SRR5949114	932.5689101095154
C1orf21	SRR5949115	932.5108040976112
C1orf21	SRR5949116	932.4888991313452
C1orf21	SRR5949117	932.5689101095154
C1orf21	SRR5949118	932.4530344699076
C1orf21	SRR5949119	932.5446099543774
C1orf21	SRR5949120	932.4496778339163
C1orf21	SRR5949121	932.4289855917441
C1orf21	SRR5949122	932.3740005161235
C1orf21	SRR5949123	932.2627050897788
C1orf21	SRR5949124	931.8157675534311
C1orf21	SRR5949125	932.1355925095999
C1orf21	SRR5949126	932.3785758580772
C1orf21	SRR5949127	932.4496778339163
C1orf21	SRR5949128	932.4496778339163
C1orf21	SRR5949129	932.5493258187657
C1orf21	SRR5949130	932.4912046646883
C1orf21	SRR5949131	932.3674664266198
C1orf21	SRR5949132	932.5108040976112
C1orf21	SRR5949133	932.4062001417474
C1orf21	SRR5949134	932.5689101095154
C1orf21	SRR5949135	932.4888991313452
C1orf21	SRR5949136	932.5446099543774
C1orf21	SRR5949137	931.8373696151774
C1orf21	SRR5949138	932.3303773632963
C1orf21	SRR5949139	932.3785758580772
C1orf21	SRR5949140	932.5108040976112
C1orf21	SRR5949141	932.5493258187657
C1orf21	SRR5949142	932.4912046646883
C1orf21	SRR5949143	932.5689101095154
C1orf21	SRR5949144	932.4530344699076
C1orf21	SRR5949145	932.4728446807641
C1orf21	SRR5949146	932.4496778339163
C1orf21	SRR5949147	932.4496778339163
C1orf21	SRR5949148	931.7961644049202
C1orf21	SRR5949149	932.4530344699076
C1orf21	SRR5949150	932.5493258187657
C1orf21	SRR5949151	932.2301675455828
C1orf21	SRR5949152	930.7483117327342
C1orf21	SRR5949153	932.3740005161235
C1orf21	SRR5949154	931.6472391143944
C1orf21	SRR5949155	932.4728446807641
C1orf21	SRR5949156	932.5493258187657
C1orf21	SRR5949157	932.5446099543774
C1orf21	SRR5949158	932.5689101095154
C1orf21	SRR5949159	931.7745170957202
C1orf21	SRR5949160	932.5108040976112
C1orf21	SRR5949161	932.5108040976112
C1orf21	SRR5949162	932.5108040976112
C1orf21	SRR5949163	932.5493258187657
C1orf21	SRR5949164	932.5689101095154
C1orf21	SRR5949165	932.4888991313452
C1orf21	SRR5949166	932.5493258187657
C1orf21	SRR5949167	932.4530344699076
C1orf21	SRR5949168	932.4728446807641
C1orf21	SRR5949169	928.3639706991546
C1orf21	SRR5949170	932.5689101095154
C1orf21	SRR5949171	932.3674664266198
C1orf21	SRR5949172	932.3303773632963
C1orf21	SRR5949173	932.5108040976112
C1orf21	SRR5949174	932.4728446807641
C1orf21	SRR5949175	932.5689101095154
C1orf21	SRR5949176	932.4289855917441
C1orf21	SRR5949177	931.768682808547
C1orf21	SRR5949178	932.3785758580772
C1orf21	SRR5949179	932.4728446807641
C1orf21	SRR5949180	932.5689101095154
C1orf21	SRR5949181	932.5446099543774
C1orf21	SRR5949182	932.4289855917441
C1orf21	SRR5949183	932.5493258187657
C1orf21	SRR5949184	932.4888991313452
C1orf21	SRR5949185	932.2940808889675
C1orf21	SRR5949186	932.0523012826486
C1orf21	SRR5949187	932.4912046646883
C1orf21	SRR5949188	932.4888991313452
C1orf21	SRR5949189	932.4496778339163
C1orf21	SRR5949190	932.4530344699076
C1orf21	SRR5949191	932.3303773632963
C1orf21	SRR5949192	932.5446099543774
C1orf21	SRR5949193	932.5493258187657
C1orf21	SRR5949194	932.5108040976112
C1orf21	SRR5949195	932.4888991313452
C1orf21	SRR5949196	932.3576803078679
C1orf21	SRR5949197	932.2046599354117
C1orf21	SRR5949198	931.8134245526669
C1orf21	SRR5949199	932.3785758580772
C1orf21	SRR5949200	932.5493258187657
C1orf21	SRR5949201	932.4728446807641
C1orf21	SRR5949202	932.4912046646883
C1orf21	SRR5949203	932.5446099543774
C1orf21	SRR5949204	932.5689101095154
C1orf21	SRR5949205	932.5689101095154
C1orf21	SRR5949206	932.4888991313452
C1orf21	SRR5949207	932.5108040976112
C1orf21	SRR5949208	932.4530344699076
C1orf21	SRR5949209	932.5108040976112
C1orf21	SRR5949210	932.4728446807641
C1orf21	SRR5949211	932.2046599354117
C1orf21	SRR5949212	932.4530344699076
C1orf21	SRR5949213	932.4062001417474
C1orf21	SRR5949214	932.2627050897788
C1orf21	SRR5949215	932.4496778339163
C1orf21	SRR5949216	932.4912046646883
C1orf21	SRR5949217	932.4912046646883
C1orf21	SRR5949218	932.4062001417474
C1orf21	SRR5949219	932.4289855917441
C1orf21	SRR5949220	932.2940808889675
C1orf21	SRR5949221	932.257318722791
C1orf21	SRR5949222	932.4496778339163
C1orf21	SRR5949223	931.7655468257736
C1orf21	SRR5949224	932.4728446807641
C1orf21	SRR5949225	932.5446099543774
C1orf21	SRR5949226	932.2940808889675
C1orf21	SRR5949227	932.5446099543774
C1orf21	SRR5949228	932.3303773632963
C1orf21	SRR5949229	932.3576803078679
C1orf21	SRR5949230	932.5446099543774
C1orf21	SRR5949231	932.220780103706
C1orf21	SRR5949232	931.6472391143944
C1orf21	SRR5949233	931.7765293489722
C1orf21	SRR5949234	932.4496778339163
C1orf21	SRR5949235	932.3303773632963
C1orf21	SRR5949236	930.9006796256512
C1orf21	SRR5949237	932.212873838369
C1orf21	SRR5949238	932.036777247588
C1orf21	SRR5949239	930.9713802820257
C1orf21	SRR5949240	932.5493258187657
C1orf21	SRR5949241	932.4530344699076
C1orf21	SRR5949242	932.4728446807641
C1orf21	SRR5949243	932.3674664266198
C1orf21	SRR5949244	932.3785758580772
C1orf21	SRR5949245	932.3785758580772
C1orf21	SRR5949246	932.4888991313452
C1orf21	SRR5949247	932.4496778339163
C1orf21	SRR5949248	932.4888991313452
C1orf21	SRR5949249	932.4728446807641
C1orf21	SRR5949250	932.5689101095154
C1orf21	SRR5949251	932.3303773632963
C1orf21	SRR5949252	932.5108040976112
C1orf21	SRR5949253	932.1732490309394
C1orf21	SRR5949254	932.2859159483605
C1orf21	SRR5949255	932.4728446807641
C1orf21	SRR5949256	932.3740005161235
C1orf21	SRR5949257	932.5493258187657
C1orf21	SRR5949258	932.5493258187657
C1orf21	SRR5949259	932.4289855917441
C1orf21	SRR5949260	932.5689101095154
C1orf21	SRR5949261	932.5689101095154
C1orf21	SRR5949262	932.3740005161235
C1orf21	SRR5949263	932.4912046646883
C1orf21	SRR5949264	932.4289855917441
C1orf21	SRR5949265	932.5446099543774
C1orf21	SRR5949266	931.9087187507963
C1orf21	SRR5949267	931.9214427456113
C1orf21	SRR5949268	932.5446099543774
C1orf21	SRR5949269	932.4496778339163
C1orf21	SRR5949270	932.4728446807641
C1orf21	SRR5949271	932.2627050897788
C1orf21	SRR5949272	932.5689101095154
C1orf21	SRR5949273	932.5689101095154
C1orf21	SRR5949274	932.4888991313452
C1orf21	SRR5949275	932.2454973809362
C1orf21	SRR5949276	932.4888991313452
C1orf21	SRR5949277	931.9214427456113
C1orf21	SRR5949278	932.4912046646883
C1orf21	SRR5949279	932.4912046646883
C1orf21	SRR5949280	932.1476788325447
C1orf21	SRR5949281	932.4888991313452
C1orf21	SRR5949282	932.5689101095154
C1orf21	SRR5949283	932.212873838369
C1orf21	SRR5949284	932.5689101095154
C1orf21	SRR5949285	931.4621047500777
C1orf21	SRR5949286	931.8439662805063
C1orf21	SRR5949287	932.5689101095154
C1orf21	SRR5949288	932.4912046646883
C1orf21	SRR5949289	932.3785758580772
C1orf21	SRR5949290	932.5689101095154
C1orf21	SRR5949291	932.4728446807641
C1orf21	SRR5949292	932.4496778339163
C1orf21	SRR5949293	932.5689101095154
C1orf21	SRR5949294	932.5493258187657
C1orf21	SRR5949295	932.4912046646883
C1orf21	SRR5949296	932.4912046646883
C1orf21	SRR5949297	932.5108040976112
C1orf21	SRR5949298	932.3372644996603
C1orf21	SRR5949299	932.4530344699076
C1orf21	SRR5949300	932.5493258187657
C1orf21	SRR5949301	932.5493258187657
C1orf21	SRR5949302	932.3785758580772
C1orf21	SRR5949303	932.3674664266198
C1orf21	SRR5949304	932.5108040976112
C1orf21	SRR5949305	931.8439662805063
C1orf21	SRR5949306	932.5446099543774
C1orf21	SRR5949307	932.4530344699076
C1orf21	SRR5949308	932.4888991313452
C1orf21	SRR5949309	932.2903630103192
C1orf21	SRR5949310	932.2903630103192
C1orf21	SRR5949311	932.4728446807641
C1orf21	SRR5949312	932.2130503614259
C1orf21	SRR5949313	932.4728446807641
C1orf21	SRR5949314	932.5493258187657
C1orf21	SRR5949315	932.4728446807641
C1orf21	SRR5949316	932.4912046646883
C1orf21	SRR5949317	932.036777247588
C1orf21	SRR5949318	931.9214427456113
C1orf21	SRR5949319	932.5108040976112
C1orf21	SRR5949320	932.5689101095154
C1orf21	SRR5949321	932.4888991313452
C1orf21	SRR5949322	932.3372644996603
C1orf21	SRR5949323	932.4728446807641
C1orf21	SRR5949324	932.5689101095154
C1orf21	SRR5949325	932.4912046646883
C1orf21	SRR5949326	932.4728446807641
C1orf21	SRR5949327	931.839326286317
C1orf21	SRR5949328	932.5108040976112
C1orf21	SRR5949329	932.5108040976112
C1orf21	SRR5949330	932.4912046646883
C1orf21	SRR5949331	932.5446099543774
C1orf21	SRR5949332	932.5689101095154
C1orf21	SRR5949333	932.4062001417474
C1orf21	SRR5949334	932.2046599354117
C1orf21	SRR5949335	932.5493258187657
C1orf21	SRR5949336	932.4888991313452
C1orf21	SRR5949337	932.5446099543774
C1orf21	SRR5949338	932.4912046646883
C1orf21	SRR5949339	932.4912046646883
C1orf21	SRR5949340	932.3372644996603
C1orf21	SRR5949341	932.4289855917441
C1orf21	SRR5949342	932.5446099543774
C1orf21	SRR5949343	932.4289855917441
C1orf21	SRR5949344	932.5108040976112
C1orf21	SRR5949345	932.5446099543774
C1orf21	SRR5949346	931.8247399390947
C1orf21	SRR5949347	932.1842624385878
C1orf21	SRR5949348	931.6532344270934
C1orf21	SRR5949349	932.4912046646883
C1orf21	SRR5949350	932.4530344699076
C1orf21	SRR5949351	932.4728446807641
C1orf21	SRR5949352	932.4888991313452
C1orf21	SRR5949353	932.4912046646883
C1orf21	SRR5949354	932.2627050897788
C1orf21	SRR5949355	932.4289855917441
C1orf21	SRR5949356	929.9836256739651
C1orf21	SRR5949357	932.4496778339163
C1orf21	SRR5949358	932.4728446807641
C1orf21	SRR5949359	932.4912046646883
C1orf21	SRR5949360	932.4289855917441
C1orf21	SRR5949361	932.3785758580772
C1orf21	SRR5949362	930.8811149657269
C1orf21	SRR5949363	932.5493258187657
C1orf21	SRR5949364	932.3303773632963
C1orf21	SRR5949365	932.1732490309394
C1orf21	SRR5949366	930.571987600334
C1orf21	SRR5949367	932.5689101095154
C1orf21	SRR5949368	931.6805453055125
C1orf21	SRR5949369	932.5493258187657
C1orf21	SRR5949370	932.5108040976112
C1orf21	SRR5949371	932.2903630103192
C1orf21	SRR5949372	932.4888991313452
C1orf21	SRR5949373	932.5493258187657
C1orf21	SRR5949374	932.3674664266198
C1orf21	SRR5949375	932.5493258187657
C1orf21	SRR5949376	932.5689101095154
C1orf21	SRR5949377	932.4912046646883
C1orf21	SRR5949378	932.5689101095154
C1orf21	SRR5949379	932.4912046646883
C1orf21	SRR5949380	931.7961644049202
C1orf21	SRR5949381	932.2454973809362
C1orf21	SRR5949382	932.5108040976112
C1orf21	SRR5949383	932.4062001417474
C1orf21	SRR5949384	932.5493258187657
C1orf21	SRR5949385	932.3740005161235
C1orf21	SRR5949386	932.5689101095154
C1orf21	SRR5949387	930.9713802820257
C1orf21	SRR5949388	932.2627050897788
C1orf21	SRR5949389	932.5689101095154
C1orf21	SRR5949390	932.4728446807641
C1orf21	SRR5949391	932.2903630103192
C1orf21	SRR5949392	932.5689101095154
C1orf21	SRR5949393	932.2903630103192
C1orf21	SRR5949394	932.2454973809362
C1orf21	SRR5949395	932.4728446807641
C1orf21	SRR5949396	931.7745170957202
C1orf21	SRR5949397	932.5493258187657
C1orf21	SRR5949398	932.5446099543774
C1orf21	SRR5949399	932.4728446807641
C1orf21	SRR5949400	927.9656496869858
C1orf21	SRR5949401	932.5689101095154
C1orf21	SRR5949402	932.4888991313452
C1orf21	SRR5949403	932.4530344699076
C1orf21	SRR5949404	932.2940808889675
C1orf21	SRR5949405	932.4912046646883
C1orf21	SRR5949406	932.5493258187657
C1orf21	SRR5949407	932.4912046646883
C1orf21	SRR5949408	932.4912046646883
C1orf21	SRR5949409	932.4888991313452
C1orf21	SRR5949410	932.4888991313452
C1orf21	SRR5949411	932.5689101095154
C1orf21	SRR5949412	932.3785758580772
C1orf21	SRR5949413	932.4912046646883
C1orf21	SRR5949414	932.5108040976112
C1orf21	SRR5949415	932.5446099543774
C1orf21	SRR5949416	932.4496778339163
C1orf21	SRR5949417	932.4062001417474
C1orf21	SRR5949418	932.4912046646883
C1orf21	SRR5949419	932.5108040976112
C1orf21	SRR5949420	932.4289855917441
C1orf21	SRR5949421	932.4062001417474
C1orf21	SRR5949422	932.4496778339163
C1orf21	SRR5949423	932.4496778339163
C1orf21	SRR5949424	932.5689101095154
C1orf21	SRR5949425	932.4496778339163
C1orf21	SRR5949426	932.5446099543774
C1orf21	SRR5949427	932.4496778339163
C1orf21	SRR5949428	932.5689101095154
C1orf21	SRR5949429	932.2130503614259
C1orf21	SRR5949430	932.4728446807641
C1orf21	SRR5949431	932.4728446807641
C1orf21	SRR5949432	932.4888991313452
C1orf21	SRR5949433	932.4530344699076
C1orf21	SRR5949434	932.4530344699076
C1orf21	SRR5949435	932.2859159483605
C1orf21	SRR5949436	932.5108040976112
C1orf21	SRR5949437	932.2130503614259
C1orf21	SRR5949438	932.1476788325447
C1orf21	SRR5949439	932.5493258187657
C1orf21	SRR5949440	932.5446099543774
C1orf21	SRR5949441	932.5446099543774
C1orf21	SRR5949442	932.3674664266198
C1orf21	SRR5949443	932.2940808889675
C1orf21	SRR5949444	932.2454973809362
C1orf21	SRR5949445	932.5689101095154
C1orf21	SRR5949446	932.5446099543774
C1orf21	SRR5949447	932.4530344699076
C1orf21	SRR5949448	932.5689101095154
C1orf21	SRR5949449	932.5689101095154
C1orf21	SRR5949450	932.4728446807641
C1orf21	SRR5949451	932.4062001417474
C1orf21	SRR5949452	932.4912046646883
C1orf21	SRR5949453	932.4728446807641
C1orf21	SRR5949454	932.4912046646883
C1orf21	SRR5949455	932.4530344699076
C1orf21	SRR5949456	932.5493258187657
C1orf21	SRR5949457	932.5446099543774
C1orf21	SRR5949458	932.5493258187657
C1orf21	SRR5949459	932.4888991313452
C1orf21	SRR5949460	932.2940808889675
C1orf21	SRR5949461	931.839326286317
C1orf21	SRR5949462	932.5108040976112
C1orf21	SRR5949463	932.2859159483605
C1orf21	SRR5949464	932.212873838369
C1orf21	SRR5949465	931.8055710723806
C1orf21	SRR5949466	932.4728446807641
C1orf21	SRR5949467	931.7961644049202
C1orf21	SRR5949468	932.5108040976112
C1orf21	SRR5949469	932.5446099543774
C1orf21	SRR5949470	932.4912046646883
C1orf21	SRR5949471	932.4289855917441
C1orf21	SRR5949472	932.4888991313452
C1orf21	SRR5949473	932.4888991313452
C1orf21	SRR5949474	932.4530344699076
C1orf21	SRR5949475	932.5689101095154
C1orf21	SRR5949476	932.4912046646883
C1orf21	SRR5949477	932.5446099543774
C1orf21	SRR5949478	932.4888991313452
C1orf21	SRR5949479	932.068832168819
C1orf21	SRR5949480	932.4496778339163
C1orf21	SRR5949481	932.5446099543774
C1orf21	SRR5949482	932.3785758580772
C1orf21	SRR5949483	932.0523012826486
C1orf21	SRR5949484	932.5108040976112
C1orf21	SRR5949485	932.2454973809362
C1orf21	SRR5949486	932.4530344699076
C1orf21	SRR5949487	932.4496778339163
C1orf21	SRR5949488	932.2130503614259
C1orf21	SRR5949489	932.3303773632963
C1orf21	SRR5949490	932.3303773632963
C1orf21	SRR5949491	932.4530344699076
C1orf21	SRR5949492	932.3303773632963
C1orf21	SRR5949493	932.4289855917441
C1orf21	SRR5949494	932.5689101095154
C1orf21	SRR5949495	932.220780103706
C1orf21	SRR5949496	932.4289855917441
C1orf21	SRR5949497	932.4289855917441
C1orf21	SRR5949498	932.4728446807641
C1orf21	SRR5949499	932.5108040976112
C1orf21	SRR5949500	932.1732490309394
C1orf21	SRR5949501	932.257318722791
C1orf21	SRR5949502	932.047689613844
C1orf21	SRR5949503	932.3576803078679
C1orf21	SRR5949504	932.4912046646883
C1orf21	SRR5949505	932.4912046646883
C1orf21	SRR5949506	932.4912046646883
C1orf21	SRR5949507	932.5446099543774
C1orf21	SRR5949508	932.4496778339163
C1orf21	SRR5949509	932.5108040976112
C1orf21	SRR5949510	932.4912046646883
C1orf21	SRR5949511	931.8059784923671
C1orf21	SRR5949512	932.4888991313452
C1orf21	SRR5949513	932.5689101095154
C1orf21	SRR5949514	932.3740005161235
C1orf21	SRR5949515	932.5108040976112
C1orf21	SRR5949516	932.4530344699076
C1orf21	SRR5949517	932.4912046646883
C1orf21	SRR5949518	932.068832168819
C1orf21	SRR5949519	932.3303773632963
C1orf21	SRR5949520	932.5446099543774
C1orf21	SRR5949521	931.9087187507963
C1orf21	SRR5949522	932.4888991313452
C1orf21	SRR5949523	932.5446099543774
C1orf21	SRR5949524	932.4530344699076
C1orf21	SRR5949525	932.3740005161235
C1orf21	SRR5949526	931.834459926656
C1orf21	SRR5949527	932.3576803078679
C1orf21	SRR5949528	931.3297467779796
C1orf21	SRR5949529	932.2627050897788
C1orf21	SRR5949530	932.4289855917441
C1orf21	SRR5949531	932.3785758580772
C1orf21	SRR5949532	932.5446099543774
C1orf21	SRR5949533	932.5689101095154
C1orf21	SRR5949534	932.3740005161235
C1orf21	SRR5949535	932.5108040976112
C1orf21	SRR5949536	932.4728446807641
C1orf21	SRR5949537	932.5446099543774
C1orf21	SRR5949538	932.5689101095154
C1orf21	SRR5949539	932.4289855917441
C1orf21	SRR5949540	932.2940808889675
C1orf21	SRR5949541	932.4289855917441
C1orf21	SRR5949542	932.2627050897788
C1orf21	SRR5949543	932.4496778339163
C1orf21	SRR5949544	932.2940808889675
C1orf21	SRR5949545	932.068832168819
C1orf21	SRR5949546	932.3576803078679
C1orf21	SRR5949547	932.5689101095154
C1orf21	SRR5949548	932.4530344699076
C1orf21	SRR5949549	932.1732490309394
C1orf21	SRR5949550	931.7961644049202
C1orf21	SRR5949551	932.4888991313452
C1orf21	SRR5949552	932.2301675455828
C1orf21	SRR5949553	932.5493258187657
C1orf21	SRR5949554	932.4912046646883
C1orf21	SRR5949555	925.3045341038112
C1orf21	SRR5949556	932.257318722791
C1orf21	SRR5949557	932.4728446807641
C1orf21	SRR5949558	932.220780103706
C1orf21	SRR5949559	932.5108040976112
C1orf21	SRR5949560	932.5108040976112
C1orf21	SRR5949561	931.8439662805063
C1orf21	SRR5949562	932.2454973809362
C1orf21	SRR5949563	932.4728446807641
C1orf21	SRR5949564	932.4888991313452
C1orf21	SRR5949565	932.5493258187657
C1orf21	SRR5949566	932.5108040976112
C1orf21	SRR5949567	930.9746404574695
C1orf21	SRR5949568	932.2903630103192
C1orf21	SRR5949569	932.3372644996603
C1orf21	SRR5949570	932.4289855917441
C1orf21	SRR5949571	932.1056454616626
C1orf21	SRR5949572	932.4062001417474
C1orf21	SRR5949573	932.2903630103192
C1orf21	SRR5949574	932.4728446807641
C1orf21	SRR5949575	932.4496778339163
C1orf21	SRR5949576	932.4062001417474
C1orf21	SRR5949577	932.5493258187657
C1orf21	SRR5949578	932.4728446807641
C1orf21	SRR5949579	932.5108040976112
C1orf21	SRR5949580	932.5108040976112
C1orf21	SRR5949581	932.5689101095154
C1orf21	SRR5949582	932.3372644996603
C1orf21	SRR5949583	932.5493258187657
C1orf21	SRR5949584	931.8157675534311
C1orf21	SRR5949585	932.4888991313452
C1orf21	SRR5949586	932.4912046646883
C1orf21	SRR5949587	932.4530344699076
C1orf21	SRR5949588	931.217158776876
C1orf21	SRR5949589	932.5689101095154
C1orf21	SRR5949590	932.3576803078679
C1orf21	SRR5949591	932.5108040976112
C1orf21	SRR5949592	932.3785758580772
C1orf21	SRR5949593	932.5689101095154
C1orf21	SRR5949594	932.4062001417474
C1orf21	SRR5949595	932.4912046646883
C1orf21	SRR5949596	932.4530344699076
C1orf21	SRR5949597	932.0277925457058
C1orf21	SRR5949598	932.4289855917441
C1orf21	SRR5949599	932.3576803078679
C1orf21	SRR5949600	932.4728446807641
C1orf21	SRR5949601	932.4062001417474
C1orf21	SRR5949602	932.5689101095154
C1orf21	SRR5949603	932.4888991313452
C1orf21	SRR5949604	932.4912046646883
C1orf21	SRR5949605	932.4062001417474
C1orf21	SRR5949606	932.220780103706
C1orf21	SRR5949607	932.5446099543774
C1orf21	SRR5949608	931.839326286317
C1orf21	SRR5950246	931.8059784923671
C1orf21	SRR5950247	932.220780103706
C1orf21	SRR5950248	932.4728446807641
C1orf21	SRR5950249	932.5689101095154
C1orf21	SRR5950250	932.2940808889675
C1orf21	SRR5950251	932.4728446807641
C1orf21	SRR5950252	932.5493258187657
C1orf21	SRR5950253	932.4912046646883
C1orf21	SRR5950254	932.220780103706
C1orf21	SRR5950255	932.0277925457058
C1orf21	SRR5950256	931.6996470068356
C1orf21	SRR5950257	931.6723964545022
C1orf21	SRR5950258	932.4888991313452
C1orf21	SRR5950259	932.5108040976112
C1orf21	SRR5950260	932.4728446807641
C1orf21	SRR5950261	932.4888991313452
C1orf21	SRR5950262	932.3740005161235
C1orf21	SRR5950263	932.047689613844
C1orf21	SRR5950264	932.5446099543774
C1orf21	SRR5950265	932.2940808889675
C1orf21	SRR5950266	931.8134245526669
C1orf21	SRR5950267	932.4888991313452
C1orf21	SRR5950268	932.4062001417474
C1orf21	SRR5950269	932.4289855917441
C1orf21	SRR5950270	932.212873838369
C1orf21	SRR5950271	932.5689101095154
C1orf21	SRR5950272	932.5689101095154
C1orf21	SRR5950273	932.4728446807641
C1orf21	SRR5950274	932.3674664266198
C1orf21	SRR5950275	932.4062001417474
C1orf21	SRR5950276	932.4888991313452
C1orf21	SRR5950277	932.257318722791
C1orf21	SRR5950278	932.036777247588
C1orf21	SRR5950279	932.4530344699076
C1orf21	SRR5950280	932.4912046646883
C1orf21	SRR5950281	932.4062001417474
C1orf21	SRR5950282	932.1056454616626
C1orf21	SRR5950283	932.4888991313452
C1orf21	SRR5950284	929.9146056936321
C1orf21	SRR5950285	932.2301675455828
C1orf21	SRR5950286	932.4728446807641
C1orf21	SRR5950287	931.9214427456113
C1orf21	SRR5950288	932.2859159483605
C1orf21	SRR5950289	931.8439662805063
C1orf21	SRR5950290	932.5108040976112
C1orf21	SRR5950291	932.4888991313452
C1orf21	SRR5950292	932.3785758580772
C1orf21	SRR5950293	932.212873838369
C1orf21	SRR5950294	932.5689101095154
C1orf21	SRR5950295	932.5493258187657
C1orf21	SRR5950296	932.4496778339163
C1orf21	SRR5950297	932.2046599354117
C1orf21	SRR5950298	932.5108040976112
C1orf21	SRR5950299	932.3372644996603
C1orf21	SRR5950300	932.4530344699076
C1orf21	SRR5950301	932.4888991313452
C1orf21	SRR5950302	932.4496778339163
C1orf21	SRR5950303	932.3372644996603
C1orf21	SRR5950304	932.2130503614259
C1orf21	SRR5950305	932.4496778339163
C1orf21	SRR5950306	932.4496778339163
C1orf21	SRR5950307	932.3303773632963
C1orf21	SRR5950308	932.3785758580772
C1orf21	SRR5950309	932.4062001417474
C1orf21	SRR5950310	932.4728446807641
C1orf21	SRR5950311	932.5446099543774
C1orf21	SRR5950312	932.4888991313452
C1orf21	SRR5950313	932.3785758580772
C1orf21	SRR5950314	932.5108040976112
C1orf21	SRR5950315	932.4888991313452
C1orf21	SRR5950316	932.5446099543774
C1orf21	SRR5950317	932.3372644996603
C1orf21	SRR5950318	932.212873838369
C1orf21	SRR5950319	932.3576803078679
C1orf21	SRR5950320	932.3372644996603
C1orf21	SRR5950321	931.7063685407336
C1orf21	SRR5950322	932.2627050897788
C1orf21	SRR5950323	932.3674664266198
C1orf21	SRR5950324	932.5108040976112
C1orf21	SRR5950325	932.3740005161235
C1orf21	SRR5950326	932.257318722791
C1orf21	SRR5950327	6026.108903017731
C1orf21	SRR5950328	932.4888991313452
C1orf21	SRR5950329	932.4496778339163
C1orf21	SRR5950330	932.3576803078679
C1orf21	SRR5950331	932.1056454616626
C1orf21	SRR5950332	932.220780103706
C1orf21	SRR5950333	932.5108040976112
C1orf21	SRR5950334	932.5108040976112
C1orf21	SRR5950335	932.5108040976112
C1orf21	SRR5950336	930.8584416182599
C1orf21	SRR5950337	931.8813502785341
C1orf21	SRR5950338	931.3973396989496
C1orf21	SRR5950339	932.5689101095154
C1orf21	SRR5950340	932.3303773632963
C1orf21	SRR5950341	932.3785758580772
C1orf21	SRR5950342	932.5446099543774
C1orf21	SRR5950343	932.3785758580772
C1orf21	SRR5950344	932.2627050897788
C1orf21	SRR5950345	932.3674664266198
C1orf21	SRR5950346	932.4888991313452
C1orf21	SRR5950347	932.4496778339163
C1orf21	SRR5950348	932.3303773632963
C1orf21	SRR5950349	932.5493258187657
C1orf21	SRR5950350	932.4728446807641
C1orf21	SRR5950351	931.9214427456113
C1orf21	SRR5950352	932.5446099543774
C1orf21	SRR5950353	932.4496778339163
C1orf21	SRR5950354	932.5446099543774
C1orf21	SRR5950355	932.5446099543774
C1orf21	SRR5950356	931.8373696151774
C1orf21	SRR5950357	932.5446099543774
C1orf21	SRR5950358	932.3372644996603
C1orf21	SRR5950359	932.4289855917441
C1orf21	SRR5950360	932.5446099543774
C1orf21	SRR5950361	932.5446099543774
C1orf21	SRR5950362	932.2627050897788
C1orf21	SRR5950363	932.2046599354117
C1orf21	SRR5950364	932.3576803078679
C1orf21	SRR5950365	932.4912046646883
C1orf21	SRR5950366	932.5108040976112
C1orf21	SRR5950367	931.7598609963576
C1orf21	SRR5950368	932.4496778339163
C1orf21	SRR5950369	932.5689101095154
C1orf21	SRR5950370	932.5689101095154
C1orf21	SRR5950371	932.4888991313452
C1orf21	SRR5950372	932.4912046646883
C1orf21	SRR5950373	932.4530344699076
C1orf21	SRR5950374	932.4530344699076
C1orf21	SRR5950375	932.5446099543774
C1orf21	SRR5950376	932.5689101095154
C1orf21	SRR5950377	932.1732490309394
C1orf21	SRR5950378	932.4530344699076
C1orf21	SRR5950379	932.4496778339163
C1orf21	SRR5950380	932.3785758580772
C1orf21	SRR5950381	932.3740005161235
C1orf21	SRR5950382	931.9214427456113
C1orf21	SRR5950383	932.5493258187657
C1orf21	SRR5950384	932.5108040976112
C1orf21	SRR5950385	931.9087187507963
C1orf21	SRR5950386	932.5446099543774
C1orf21	SRR5950387	932.5493258187657
C1orf21	SRR5950388	932.2940808889675
C1orf21	SRR5950389	931.4621047500777
C1orf21	SRR5950390	932.4062001417474
C1orf21	SRR5950391	932.5689101095154
C1orf21	SRR5950392	931.9214427456113
C1orf21	SRR5950393	932.2903630103192
C1orf21	SRR5950394	932.4289855917441
C1orf21	SRR5950395	932.4496778339163
C1orf21	SRR5950396	932.5689101095154
C1orf21	SRR5950397	932.5493258187657
C1orf21	SRR5950398	932.5493258187657
C1orf21	SRR5950399	932.3740005161235
C1orf21	SRR5950400	932.4062001417474
C1orf21	SRR5950401	932.5446099543774
C1orf21	SRR5950402	932.5446099543774
C1orf21	SRR5950403	932.4728446807641
C1orf21	SRR5950404	932.4912046646883
C1orf21	SRR5950405	931.217158776876
C1orf21	SRR5950406	932.1476788325447
C1orf21	SRR5950407	932.4888991313452
C1orf21	SRR5950408	932.2130503614259
C1orf21	SRR5950409	932.2903630103192
C1orf21	SRR5950410	932.5689101095154
C1orf21	SRR5950411	932.5108040976112
C1orf21	SRR5950412	932.5446099543774
C1orf21	SRR5950413	932.1355925095999
C1orf21	SRR5950414	932.4888991313452
C1orf21	SRR5950415	932.3372644996603
C1orf21	SRR5950416	932.3785758580772
C1orf21	SRR5950417	932.4062001417474
C1orf21	SRR5950418	932.2859159483605
C1orf21	SRR5950419	932.5446099543774
C1orf21	SRR5950420	932.4496778339163
C1orf21	SRR5950421	932.2940808889675
C1orf21	SRR5950422	932.220780103706
C1orf21	SRR5950423	932.4530344699076
C1orf21	SRR5950424	932.5108040976112
C1orf21	SRR5950425	932.5446099543774
C1orf21	SRR5950426	932.3303773632963
C1orf21	SRR5950427	932.5108040976112
C1orf21	SRR5950428	932.4530344699076
C1orf21	SRR5950429	932.5446099543774
C1orf21	SRR5950430	932.4289855917441
C1orf21	SRR5950431	932.4289855917441
C1orf21	SRR5950432	932.4912046646883
C1orf21	SRR5950433	932.4888991313452
C1orf21	SRR5950434	932.2940808889675
C1orf21	SRR5950435	932.4530344699076
C1orf21	SRR5950436	932.5446099543774
C1orf21	SRR5950437	932.4289855917441
C1orf21	SRR5950438	932.5108040976112
C1orf21	SRR5950439	932.5493258187657
C1orf21	SRR5950440	928.8913505405569
C1orf21	SRR5950441	932.220780103706
C1orf21	SRR5950442	932.4728446807641
C1orf21	SRR5950443	932.3740005161235
C1orf21	SRR5950444	932.4888991313452
C1orf21	SRR5950445	932.4912046646883
C1orf21	SRR5950446	6025.3241572649995
C1orf21	SRR5950447	932.1842624385878
C1orf21	SRR5950448	932.4888991313452
C1orf21	SRR5950449	932.4912046646883
C1orf21	SRR5950450	932.5446099543774
C1orf21	SRR5950451	932.5689101095154
C1orf21	SRR5950452	932.2301675455828
C1orf21	SRR5950453	932.5108040976112
C1orf21	SRR5950454	932.2301675455828
C1orf21	SRR5950455	932.5108040976112
C1orf21	SRR5950456	932.4530344699076
C1orf21	SRR5950457	932.3740005161235
C1orf21	SRR5950458	932.5689101095154
C1orf21	SRR5950459	932.4496778339163
C1orf21	SRR5950460	932.4496778339163
C1orf21	SRR5950461	932.4728446807641
C1orf21	SRR5950462	932.0523012826486
C1orf21	SRR5950463	932.3372644996603
C1orf21	SRR5950464	932.257318722791
C1orf21	SRR5950465	928.5615183654871
C1orf21	SRR5950466	932.4888991313452
C1orf21	SRR5950467	932.4496778339163
C1orf21	SRR5950468	932.4888991313452
C1orf21	SRR5950469	932.3576803078679
C1orf21	SRR5950470	932.5446099543774
C1orf21	SRR5963912	932.5689101095154
C1orf21	SRR5963913	932.2627050897788
C1orf21	SRR5963914	932.5689101095154
C1orf21	SRR5963915	932.2940808889675
C1orf21	SRR5963916	932.1732490309394
C1orf21	SRR5963917	932.4062001417474
C1orf21	SRR5963918	932.4289855917441
C1orf21	SRR5963919	932.4912046646883
C1orf21	SRR5963920	932.4530344699076
C1orf21	SRR5963921	932.5108040976112
C1orf21	SRR5963922	932.3785758580772
C1orf21	SRR5963923	932.4289855917441
C1orf21	SRR5963924	932.4912046646883
C1orf21	SRR5963925	932.2627050897788
C1orf21	SRR5963926	932.257318722791
C1orf21	SRR5963927	932.5493258187657
C1orf21	SRR5963928	932.2301675455828
C1orf21	SRR5963929	932.4888991313452
C1orf21	SRR5963930	932.1056454616626
C1orf21	SRR5963931	932.5689101095154
C1orf21	SRR5963932	932.4530344699076
C1orf21	SRR5963933	932.3740005161235
C1orf21	SRR5963934	932.1842624385878
C1orf21	SRR5963935	932.5689101095154
C1orf21	SRR5963936	932.2859159483605
C1orf21	SRR5963937	932.047689613844
C1orf21	SRR5963938	932.4888991313452
C1orf21	SRR5963939	932.4912046646883
C1orf21	SRR5963940	932.5446099543774
C1orf21	SRR5963941	932.5689101095154
C1orf21	SRR5963942	932.5689101095154
C1orf21	SRR5963943	932.5108040976112
C1orf21	SRR5963944	932.5689101095154
C1orf21	SRR5963945	932.5493258187657
C1orf21	SRR5963946	932.4888991313452
C1orf21	SRR5963947	932.4888991313452
C1orf21	SRR5963948	932.4888991313452
C1orf21	SRR6467548	682.62893950227
C1orf21	SRR6467549	975.9680594563741
C1orf21	SRR6467550	1140.686801399943
C1orf21	SRR6467551	1117.079450150804
C1orf21	SRR6467552	1302.1656830448203
C1orf21	SRR6467553	415.86285462342283
C1orf21	SRR6467554	1118.669093510325
C1orf21	SRR6467555	1307.5811438749079
C1orf21	SRR6467556	888.3849302344086
C1orf21	SRR6467557	1942.9368956890003
C1orf21	SRR6467558	1033.4795960684507
C1orf21	SRR6467559	1482.2167619248755
C1orf21	SRR6467560	1421.3723451373005
C1orf21	SRR6467561	1196.8519234394932
C1orf21	SRR6467562	1590.0081449426746
C1orf21	SRR6467563	1571.6793909294913
C1orf21	SRR6467564	1456.5717076897695
C1orf21	SRR6467565	1441.850920809066
C1orf21	SRR6467566	1149.805875528448
C1orf21	SRR6467567	1177.8998925759556
C1orf21	SRR6467568	347.41927467034037
C1orf21	SRR6467569	634.1498187334573
C1orf21	SRR6467570	785.8151851378283
C1orf21	SRR6467571	603.434070250839
C1orf21	SRR6467572	850.1987996638434
C1orf21	SRR6467573	622.2013398307129
C1orf21	SRR6467574	637
C1orf21	SRR6467575	1220.3595023574753
C1orf21	SRR6467576	998.6466674310487
C1orf21	SRR6467577	1138.637530720101
C1orf21	SRR6467578	428.186491224374
C1orf21	SRR6467579	455.7733078996063
C1orf21	SRR6467580	1509.2251912083088
C1orf21	SRR6467581	906.6581668865276
C1orf21	SRR6467582	457.43867224831837
C1orf21	SRR6467583	762
C1orf21	SRR6467584	809.9302323997726
C1orf21	SRR6467585	420.34109092275594
C1orf21	SRR6467586	594.096003669545
C1orf21	SRR6467587	913.7296333453316
C1orf21	SRR6467588	1888.2288154211876
C1orf21	SRR6467589	736
C1orf21	SRR6467590	320.8842944975115
C1orf21	SRR6467591	371.8712135335472
C1orf21	SRR6467592	313.419436829333
C1orf21	SRR6467593	749.3855623716349
C1orf21	SRR6467594	396.39768842239357
C1orf21	SRR6467595	1036.266263424793
C1orf21	SRR6467596	663
C1orf21	SRR6467597	689.7261606598323
C1orf21	SRR6467598	438.9257486131771
C1orf21	SRR6467599	750.7980757162762
C1orf21	SRR6467600	554.6598500055113
C1orf21	SRR6467601	231.28312799809675
C1orf21	SRR6467602	625.724724709801
C1orf21	SRR6467603	1033
C1orf21	SRR6467604	702.9573149889586
C1orf21	SRR6467605	546.9477818205186
C1orf21	SRR6467606	796
C1orf21	SRR6467607	567
C1orf21	SRR6467608	753.9756931147554
C1orf21	SRR6467609	942.1694792056431
C1orf21	SRR6467610	524.1805012538662
C1orf21	SRR6467611	844.5203988565717
C1orf21	SRR6467612	641.703006572959
C1orf21	SRR6467613	1014
C1orf21	SRR6467614	408
C1orf21	SRR6467615	288.62056619170403
C1orf21	SRR6467616	240.35447569375646
C1orf21	SRR6467617	710.7082180805277
C1orf21	SRR6467618	1099
C1orf21	SRR6467619	775.3296047019955
C1orf21	SRR6467620	308.79849140437614
C1orf21	SRR6467621	1118.6843067999362
C1orf21	SRR6467622	490.2744001963386
C1orf21	SRR6467623	926.0271358923487
C1orf21	SRR6467624	1239.2229137322631
C1orf21	SRR6467625	1313
C1orf21	SRR6467626	1517
C1orf21	SRR6467627	89.89567353229083
C1orf21	SRR6467628	828
C1orf21	SRR6467629	2049.7040394195383
C1orf21	SRR6467630	935.6730608367072
C1orf21	SRR6467631	878.7901077263843
C1orf21	SRR6467632	723.1534177634069
C1orf21	SRR6467633	689
C1orf21	SRR6467634	1072.2680379320702
C1orf21	SRR6467635	1352.9624128120229
C1orf21	SRR6467636	393.93157530096784
C1orf21	SRR6467637	767
C1orf21	SRR6467638	1470
C1orf21	SRR6467639	219.6939035988227
C1orf21	SRR6467640	323.631154154902
C1orf21	SRR6467641	422.8894860717861
C1orf21	SRR6467642	427.7822637381742
C1orf21	SRR6467643	50.62565002530912
C1orf21	SRR6467644	1016
C1orf21	SRR6467645	1071.3491138488405
C1orf21	SRR6467646	1072
C1orf21	SRR6467647	407.7003894422158
C1orf21	SRR6467648	896.1443078836528
C1orf21	SRR6467649	421.21740494117523
C1orf21	SRR6467650	123.67317927790585
C1orf21	SRR6467651	885.5723317734521
C1orf21	SRR6467652	520.0935554001427
C1orf21	SRR6467653	395.8896041365871
C1orf21	SRR6467654	411.5337046038413
C1orf21	SRR6467655	795
C1orf21	SRR6467656	687.6769710439111
C1orf21	SRR6467657	546
C1orf21	SRR6467658	1320
C1orf21	SRR6467659	567.5992407890569
C1orf21	SRR6467660	679.6188093554979
C1orf21	SRR6467661	1165.4940437863222
C1orf21	SRR6467662	1352.6874162150625
C1orf21	SRR6467663	482.3423946678947
C1orf21	SRR6467664	707.6141511288696
C1orf21	SRR6467665	1337
C1orf21	SRR6467666	919
C1orf21	SRR6467667	555.3918914249299
C1orf21	SRR6467668	770.3392887940388
C1orf21	SRR6467669	506
C1orf21	SRR6467670	1451
C1orf21	SRR6467671	884.6205516384209
C1orf21	SRR6467672	194.70802055947883
C1orf21	SRR6467673	204.9467741813
C1orf21	SRR6467674	510.1713194631659
C1orf21	SRR6467675	1057.0567719913456
C1orf21	SRR6467676	318.8306244392845
C1orf21	SRR6467677	1142
C1orf21	SRR6467678	666
C1orf21	SRR6467679	1385
C1orf21	SRR6467680	584.2015602271346
C1orf21	SRR6467681	991
C1orf21	SRR6467682	194.1551134931934
C1orf21	SRR6467683	410.54566175119373
C1orf21	SRR6467684	1396.6113588516102
C1orf21	SRR6467685	132.84655899344207
C1orf21	SRR6467686	985.4171769820399
C1orf21	SRR6467687	1464.300805982107
C1orf21	SRR6467688	939
C1orf21	SRR6467689	673.6052402973638
C1orf21	SRR6467690	454.4712793940739
C1orf21	SRR6467691	776.2831163216715
C1orf21	SRR6467692	325.3266993465025
C1orf21	SRR6467693	1145.4517286583211
C1orf21	SRR6467694	1027.7221200387257
C1orf21	SRR6467695	338.5397515639238
C1orf21	SRR6467696	972.2884451413378
C1orf21	SRR6467697	696
C1orf21	SRR6467698	1.0047021889912742
C1orf21	SRR6467699	1782
C1orf21	SRR6467700	665.6529886585147
C1orf21	SRR6467701	1164
C1orf21	SRR6467702	150.12192094435747
C1orf21	SRR6467703	442.3903973957856
C1orf21	SRR6467704	687.9145171355005
C1orf21	SRR6467705	605.9313916087635
C1orf21	SRR6467706	1.0184705122861608
C1orf21	SRR6467707	1862
C1orf21	SRR6467708	586.0095950684506
C1orf21	SRR6467709	505
C1orf21	SRR6467710	733.6596229651933
C1orf21	SRR6467711	1070.4596674740617
C1orf21	SRR6467712	80.89978575117193
C1orf21	SRR6467713	969.5700060111141
C1orf21	SRR6467714	354.10194584516717
C1orf21	SRR6467715	1865
C1orf21	SRR6467716	816
C1orf21	SRR6467717	221.68949794707876
C1orf21	SRR6467718	71.07863995199229
C1orf21	SRR6467719	729.6204288976074
C1orf21	SRR6467720	865
C1orf21	SRR6467721	771.2477032702077
C1orf21	SRR6467722	1453.711095317487
C1orf21	SRR6467723	772
C1orf21	SRR6467724	2532
C1orf21	SRR6467725	984
C1orf21	SRR6467726	649.8281385428445
C1orf21	SRR6467727	627.4334684786161
C1orf21	SRR6467728	1273
C1orf21	SRR6467729	394.7010073300496
C1orf21	SRR6467730	545.1567494409121
C1orf21	SRR6467731	253.48017710609213
C1orf21	SRR6467732	772.0555178733143
C1orf21	SRR6467733	1023.763771213601
C1orf21	SRR6467734	1466.674721139058
C1orf21	SRR6467735	506.1491226475665
C1orf21	SRR6467736	619.8205415458606
C1orf21	SRR6467737	1035.3862729143766
C1orf21	SRR6467738	167.06009675881342
C1orf21	SRR6467739	1419
C1orf21	SRR6467740	1192.3368072558194
C1orf21	SRR6467741	100.20388684400044
C1orf21	SRR6467742	685
C1orf21	SRR6467743	1291
C1orf21	SRR6467744	852
C1orf21	SRR6467745	638.229591210317
C1orf21	SRR6467746	868.838496973078
C1orf21	SRR6467747	975.4649674158758
C1orf21	SRR6467748	1321.5401294196286
C1orf21	SRR6467749	761
C1orf21	SRR6467750	797.888153934522
C1orf21	SRR6467751	1.0151179163865762
C1orf21	SRR6467752	799.5141142798877
C1orf21	SRR6467753	1256.0125852688657
C1orf21	SRR6467754	872.2003867507707
C1orf21	SRR6467755	1457.9777397859991
C1orf21	SRR6467756	1049.320563392412
C1orf21	SRR6467757	481
C1orf21	SRR6467758	905
C1orf21	SRR6467759	538.0299154468731
C1orf21	SRR6467760	644.9499087779241
C1orf21	SRR6467761	133.48755166564638
C1orf21	SRR6467762	462.302546625721
C1orf21	SRR6467763	831.7295367098277
C1orf21	SRR6467764	1308.2338863259852
C1orf21	SRR6467765	454.5644620166182
C1orf21	SRR6467766	187.7442027894504
C1orf21	SRR6467767	934.3162698386661
C1orf21	SRR6467768	109.34747615004484
C1orf21	SRR6467769	223.95570686497996
C1orf21	SRR6467770	1875
C1orf21	SRR6467771	1067.123325648731
C1orf21	SRR6467772	781.5196373270435
C1orf21	SRR6467773	813.176277445906
C1orf21	SRR6868540	591.6479471689167
C1orf21	SRR6868541	721.5218027451923
C1orf21	SRR6868542	749.3130447130669
C1orf21	SRR6868543	777.7169438868505
C1orf21	SRR6868544	999.7878630037217
C1orf21	SRR6868545	570.8876896620881
C1orf21	SRR6868546	699.9608532907645
C1orf21	SRR6868557	610.1913853219343
C1orf21	SRR6868558	515.2210770336637
C1orf21	SRR6868559	588.7141326413348
C1orf21	SRR6868560	1019.0782295397837
C1orf21	SRR6868569	585.125646015804
C1orf21	SRR6868570	667.2483108388218
C1orf21	SRR6868571	606.9963166884189
C1orf21	SRR6868572	893.4637321453279
C1orf21	SRR6868573	813.242195369415
C1orf21	SRR6868574	643.7890292263846
C1orf21	SRR6868575	1682.6350500772892
C1orf21	SRR6868576	2513.5870265469903
C1orf21	SRR6868577	756.0028354850505
C1orf21	SRR6868578	784.0254904817344
C1orf21	SRR6868579	668.2047635529988
C1orf21	SRR6868580	1474.723892732952
C1orf21	SRR6868581	690.847607348664
C1orf21	SRR6868582	606.3351744714338
C1orf21	SRR6868585	1048.9739990470912
C1orf21	SRR6868586	446.1521832517542
C1orf21	SRR6868587	710.2411450254498
C1orf21	SRR6868588	805.7569415051637
C1orf21	SRR6868589	873.5338165261543
C1orf21	SRR6868590	728.84533777796
C1orf21	SRR6868591	789.2251319466552
C1orf21	SRR6868604	487.385195940904
C1orf21	SRR6868605	839.0956727077421
C1orf21	SRR6868606	737.0702499655742
C1orf21	SRR6868607	631.1380989599235
C1orf21	SRR6868608	647.4616630294618
C1orf21	SRR6868609	624.4265322463884
C1orf21	SRR6868610	598.6586746063381
C1orf21	SRR6868620	742.3663827251115
C1orf21	SRR6868621	543.7340636611212
C1orf21	SRR6868622	834.7513949293317
C1orf21	SRR6868623	583.406876007983
C1orf21	SRR6868636	683.8348471208549
C1orf21	SRR6868637	654.6597852044741
C1orf21	SRR6868638	594.3446195697073
C1orf21	SRR6868639	959.2823188554903
C1orf21	SRR6868650	502.2387860627141
C1orf21	SRR6868651	997.2382280095981
C1orf21	SRR6868652	767.8801510899413
C1orf21	SRR6868653	592.0127031599471
C1orf21	SRR6868654	444.6224102691809
C1orf21	SRR6868655	720.6595808417013
C1orf21	SRR6868665	541.7261582423296
C1orf21	SRR6868666	491.9979301516525
C1orf21	SRR6868667	742.4720366630446
C1orf21	SRR6868668	934.9401439742546
C1orf21	SRR6868669	1214.2083929641733
C1orf21	SRR6868670	1057.7961833049105
C1orf21	SRR6868671	903.0213333985612
C1orf21	SRR6868683	995.601938942922
C1orf21	SRR6868684	1460.6917339253723
C1orf21	SRR6868685	576.2156989476827
C1orf21	SRR6868686	616.2977388310861
C1orf21	SRR6868687	441.0790642280501
C1orf21	SRR6868688	616.4330361312716
C1orf21	SRR6868689	1056.4851915631107
C1orf21	SRR6868698	866.6424672155241
C1orf21	SRR6868699	894.267377086093
C1orf21	SRR6868700	904.3766239906557
C1orf21	SRR6868701	640.726118788862
C1orf21	SRR6868702	2282.412001894088
C1orf21	SRR6868713	1112.5372396345656
C1orf21	SRR6868714	695.7689649193153
C1orf21	SRR6868715	1528.6441508810346
C1orf21	SRR6868716	1738.6037139107837
C1orf21	SRR6868717	829.4571376352221
C1orf21	SRR6868718	1154.485472868283
C1orf21	SRR6868719	2048.3137054384088
C1orf21	SRR6868720	815.1093227294173
C1orf21	SRR6868721	1258.0555965948831
C1orf21	SRR6868722	1290.4463984515007
C1orf21	SRR6868723	1109.3835678006353
C1orf21	SRR6868724	2254.759120301431
C1orf21	SRR6868725	2145.926085346594
C1orf21	SRR6868726	2518.05933674458
C1orf21	SRR6868741	796.417203807033
C1orf21	SRR7632756	193.5855567457533
C1orf21	SRR7632757	457.34131229283355
C1orf21	SRR7632758	1156.163947173561
C1orf21	SRR7632759	436.62458337398795
C1orf21	SRR7632760	802.9500510275296
C1orf21	SRR7632761	1057.5081309899037
C1orf21	SRR7632762	634.4226895628137
C1orf21	SRR7632763	373.0120039650096
C1orf21	SRR7632764	366.0571319016616
C1orf21	SRR7632765	1476.8699414335565
C1orf21	SRR7632766	694.9710034853352
C1orf21	SRR7632767	1029.4360981039624
C1orf21	SRR7632768	994.8482183078055
C1orf21	SRR7632769	371.2121034099555
C1orf21	SRR7632770	756.2093383841712
C1orf21	SRR7632771	603.2614303165091
C1orf21	SRR7632772	291.48105776558447
C1orf21	SRR7632773	1845.9670319573522
C1orf21	SRR7632774	1088.8675174271777
C1orf21	SRR7632775	516.3464163028559
C1orf21	SRR7632776	607.1648620148525
C1orf21	SRR7632777	620.5801412310941
C1orf21	SRR7632778	1348.6096081518372
C1orf21	SRR7632779	335.5401299498168
C1orf21	SRR7632780	1130.1585968809588
C1orf21	SRR7632781	530.7127657146295
C1orf21	SRR7632782	1351.2318908977745
C1orf21	SRR7632783	519.7869532350755
C1orf21	SRR7632784	570.9247010508841
C1orf21	SRR7632785	187.33500794428087
C1orf21	SRR7632786	254.10321080082545
C1orf21	SRR7632787	1598.2310722755005
C1orf21	SRR7632788	1670.7783805243432
C1orf21	SRR7632789	459.18222483317436
C1orf21	SRR7632790	1077.4820653588379
C1orf21	SRR7632791	324.9149015449415
C1orf21	SRR7632792	964.9908864835647
C1orf21	SRR7632793	1051.578744301597
C1orf21	SRR7632794	1174.1011005375126
C1orf21	SRR7632795	1942.2467150314617
C1orf21	SRR7632796	1060.923152317683
C1orf21	SRR7632797	70.19853600732141
C1orf21	SRR7632798	1110.3248055629338
C1orf21	SRR7632799	898.8438896957164
C1orf21	SRR7632800	504.44094119608513
C1orf21	SRR7632801	1149.0137863894895
C1orf21	SRR7632802	529.9177117071489
C1orf21	SRR7632803	35.83985467213197
C1orf21	SRR7632804	93.64264911170837
C1orf21	SRR7632805	982.0286455299514
C1orf21	SRR7632806	1872.5991789840107
C1orf21	SRR7632807	1131.7807775028173
C1orf21	SRR7632808	1409.4925746986755
C1orf21	SRR7632809	423.70597426561733
C1orf21	SRR7632810	1271.282788927082
C1orf21	SRR7632811	1643.1088909225368
C1orf21	SRR7632812	1315.3814708151408
C1orf21	SRR7632813	854.2716924585696
C1orf21	SRR7632814	2243.960580762959
C1orf21	SRR7632815	1782.9230221377304
C1orf21	SRR7632816	537.64090758528
C1orf21	SRR7632817	629.1180351188982
C1orf21	SRR7632818	442.38718701308494
C1orf21	SRR7632819	994.42732184359
C1orf21	SRR7632820	805.5077975987655
C1orf21	SRR7632821	2222.8295580459694
C1orf21	SRR7632822	1298.1320210730753
C1orf21	SRR7632823	2052.524928681308
C1orf21	SRR7632824	1724.854196196853
C1orf21	SRR7632825	1499.1974193980752
C1orf21	SRR7632826	2502.6134845561623
C1orf21	SRR7632827	426.13770047264495
C1orf21	SRR7632828	651.5080834140723
C1orf21	SRR7632829	1357.3903704848665
C1orf21	SRR7632830	318.72787411415055
C1orf21	SRR7632831	827.6085518076
C1orf21	SRR7632832	851.2122903026338
C1orf21	SRR7632833	522.7133072605282
C1orf21	SRR7632834	793.5051965995048
C1orf21	SRR7632835	109.88109145775174
C1orf21	SRR7632836	994.638315398157
C1orf21	SRR7632837	1493.5718231414744
C1orf21	SRR7632838	1004.6528250915377
C1orf21	SRR7632839	540.1345052373007
C1orf21	SRR7632840	1050.1542386383805
C1orf21	SRR7632841	1.1192560986710782
C1orf21	SRR7632842	1137.1131996713352
C1orf21	SRR7632843	681.6476103734459
C1orf21	SRR7632844	832.7447519202819
C1orf21	SRR7632845	1191.9365658654458
C1orf21	SRR7632846	469.12225342400575
C1orf21	SRR7632847	542.4694442975101
C1orf21	SRR7632848	901.153310558718
C1orf21	SRR7632849	928.4511191845459
C1orf21	SRR7632850	924.7645931291147
C1orf21	SRR7632851	1286.8824843192192
C1orf21	SRR7632852	984.2386582201726
C1orf21	SRR7632853	1258.357194016787
C1orf21	SRR7632854	1241.1418312162307
C1orf21	SRR7632855	2230
C1orf21	SRR7632856	1298.3640151019013
C1orf21	SRR7632857	391.85540588387244
C1orf21	SRR7632858	620.2204551200015
C1orf21	SRR7632859	842.1012009298428
C1orf21	SRR7632860	298.9484268361556
C1orf21	SRR7632861	687.4572262487577
C1orf21	SRR7632862	796.0228514539232
C1orf21	SRR7632863	199.5609846529505
C1orf21	SRR7632864	86.35954639900355
C1orf21	SRR7632865	2425.5446261604084
C1orf21	SRR7632866	1535.6480016586454
C1orf21	SRR7632867	1049.6917521486914
C1orf21	SRR7632868	930.2452474429949
C1orf21	SRR7632869	1069.5165399959799
C1orf21	SRR7632870	1150.3535113204837
C1orf21	SRR7632871	463.48644835225315
C1orf21	SRR7632872	561.523581133408
C1orf21	SRR7632873	1334.5919279761226
C1orf21	SRR7632874	1766.6832223371168
C1orf21	SRR7632875	1428.3543445888427
C1orf21	SRR7632876	937.0931076477906
C1orf21	SRR7632877	588.2212943685854
C1orf21	SRR7632878	751.2289624536603
C1orf21	SRR7632879	1339.0281441994737
C1orf21	SRR7632880	1282.1020867776683
C1orf21	SRR7632881	1026.9352178913466
C1orf21	SRR7632882	427.98215960085076
C1orf21	SRR7632883	988.7372546219879
C1orf21	SRR7632884	451.7297004016878
C1orf21	SRR7632885	1245.1587057234851
C1orf21	SRR7632886	948.6859861438843
C1orf21	SRR7632887	791.9242138722157
C1orf21	SRR7632888	616.5582326106937
C1orf21	SRR7632889	608.109176035607
C1orf21	SRR7632890	24.245400502602756
C1orf21	SRR7632891	1054.3809168481466
C1orf21	SRR7632892	1443.368753951464
C1orf21	SRR7632893	792.098016182076
C1orf21	SRR7632894	460.7053328475137
C1orf21	SRR7632895	1046.9974189262175
C1orf21	SRR7632896	598.2492129802861
C1orf21	SRR7632897	1453.9152699001554
C1orf21	SRR7632898	1615.0122543354285
C1orf21	SRR7632899	930.4235429585717
C1orf21	SRR7632900	1135.5179094970936
C1orf21	SRR7632901	1559.859496373486
C1orf21	SRR7632902	535.4715925320022
C1orf21	SRR7632903	693.0352640465923
C1orf21	SRR7632904	449.4685450403451
C1orf21	SRR7632905	161.79003695327043
C1orf21	SRR7632906	963.6444509088498
C1orf21	SRR7632907	660.827438570915
C1orf21	SRR7632908	518.0676305792634
C1orf21	SRR7632909	2267.807363161003
C1orf21	SRR7632910	569.8662436658714
C1orf21	SRR7632911	523.7128600023171
C1orf21	SRR7632912	242.73622934598598
C1orf21	SRR7632913	532.5373889992323
C1orf21	SRR7632914	669.2308047639254
C1orf21	SRR7632915	542.3325002846291
C1orf21	SRR7632916	495.663880928893
C1orf21	SRR7632917	372.5476725049003
C1orf21	SRR7632918	538.5695984618073
C1orf21	SRR7632919	753.524422643892
C1orf21	SRR7632920	502.75680656349044
C1orf21	SRR7632921	1002.0358242705954
C1orf21	SRR7632922	1199.3433586640444
C1orf21	SRR7632923	1274.2090302963056
C1orf21	SRR7632924	599.1665223299974
C1orf21	SRR7632925	542.3856845343837
C1orf21	SRR7632926	910.5380556165492
C1orf21	SRR7632927	563.3263964951902
C1orf21	SRR7632928	640.1084317219946
C1orf21	SRR7632929	101.9969822629479
C1orf21	SRR7632930	1796.6153113540545
C1orf21	SRR7632931	1671.2021514409637
C1orf21	SRR7632932	421.5596707611727
C1orf21	SRR7632933	299.2343735530064
C1orf21	SRR7632934	585.5583742309998
C1orf21	SRR7632935	711.118735447983
C1orf21	SRR7632936	644.2841389864535
C1orf21	SRR7632937	666.5136279641447
C1orf21	SRR7632938	252.56233315911325
C1orf21	SRR7632939	634.3400199078972
C1orf21	SRR7632940	530.4526534860922
C1orf21	SRR7632941	938.7355858298195
C1orf21	SRR7632942	1.0358472927277014
C1orf21	SRR7632943	1718
C1orf21	SRR7632944	708.7956544274645
C1orf21	SRR7632945	2197
C1orf21	SRR8928966	1385.2224541086819
C1orf21	SRR8928967	1012.3599128056533
C1orf21	SRR8928968	1337.0822496084108
C1orf21	SRR8928969	496.1405533798556
C1orf21	SRR8928970	454.40056939279356
C1orf21	SRR8928971	481.7348990831518
C1orf21	SRR8928972	149.82509058203647
C1orf21	SRR8928973	1227.3392718644725
C1orf21	SRR8928974	557.6703398851057
C1orf21	SRR8928975	730.4480270414045
C1orf21	SRR8928976	735.5926527222931
C1orf21	SRR8928977	943.2892168546393
C1orf21	SRR8928978	625.6104161495684
C1orf21	SRR8928979	1235.8973640786498
C1orf21	SRR8928980	1183.6626199896536
C1orf21	SRR8928981	1178.7716953523247
C1orf21	SRR8928982	871.9059156022882
C1orf21	SRR8928983	583.1528476024582
C1orf21	SRR8928984	526.9626442085914
C1orf21	SRR8928985	1604.9149474618862
C1orf21	SRR8928986	1090.8446573057627
C1orf21	SRR8928987	1756
C1orf21	SRR8928988	2668
C1orf21	SRR8928989	619.9913659757268
C1orf21	SRR8928990	1108.641669512247
C1orf21	SRR8928991	1260.2982701403023
C1orf21	SRR9835604	1372.5294448335428
C1orf21	SRR9835605	1117.2473303378983
C1orf21	SRR9835606	973.1416312728734
C1orf21	SRR9835607	650.9653151456652
C1orf21	SRR9835608	1153.0230552575865
C1orf21	SRR9835609	1031
C1orf21	SRR9835610	452.10973730929675
C1orf21	SRR9835611	767.8518100259196
C1orf21	SRR9835612	211.5783036081454
C1orf21	SRR9835613	1355.0435257200004
C1orf21	SRR9835614	456.5994379172122
C1orf21	SRR9835615	820.3111887573712
C1orf21	SRR9835616	684.0924672964227
C1orf21	SRR9835617	1304.7963496712966
C1orf21	SRR9835618	1440.7352365376619
C1orf21	SRR9835619	1014
C1orf21	SRR9835620	962.6939905280512
C1orf21	SRR9835621	539.5723399737963
C1orf21	SRR9835622	1267.504926917032
C1orf21	SRR9835623	1518.2731098027243
C1orf21	SRR9835624	537.6832475840876
C1orf21	SRR9835625	754.3907118283455
C1orf21	SRR9835626	868.6521037411535
C1orf21	SRR9835627	724.5083843558591
C1orf21	SRR9835628	1003.216319593595
C1orf21	SRR9835629	546.9934486818591
C1orf21	SRR9835630	446.57770741062774
C1orf21	SRR9835631	452.8625999414581
C1orf21	SRR9835632	1048.449116389323
C1orf21	SRR9835633	796.9884283829726
C1orf21	SRR9835634	504.2006308744549
C1orf21	SRR9835635	1208.8416277538927
C1orf21	SRR9835636	1133.321621441718
C1orf21	SRR9835637	415.8718849719901
C1orf21	SRR9835638	1112.919496860126
C1orf21	SRR9835639	610.391465884588
C1orf21	SRR9835640	1632.8649082730192
C1orf21	SRR9835641	858.3527373040118
C1orf21	SRR9835642	530.114536010665
C1orf21	SRR9835643	1850.0987712793794
C1orf21	SRR9835644	761.5027390218436
C1orf21	SRR9835645	794.8924330001392
C1orf21	SRR9835646	1212.3617498621772
C1orf21	SRR9835647	1330.2247506277909
C1orf21	SRR9835648	820.1091008642729
C1orf21	SRR9835649	584.9096343499584
C1orf21	SRR9835650	1069.092943297112
C1orf21	SRR9835651	1143.822789878456
C1orf21	SRR9835652	665.4927176765864
C1orf21	SRR9835653	1415.940667923217
C1orf21	SRR9835654	1715.278419432359
C1orf21	SRR9835655	1382.1080817631412
C1orf21	SRR9835656	1315.5451747167358
C1orf21	SRR9835657	290.32400910489287
C1orf21	SRR9835658	1108.2246836099857
C1orf21	SRR9835659	1114.6995775710304
C1orf21	SRR9835660	695.2759011557927
C1orf21	SRR9835661	1404.6721581470372
C1orf21	SRR9835662	560.8187413066819
C1orf21	SRR9835663	202.02085740852712
C1orf21	SRR9835664	1189.04852879701
C1orf21	SRR9835665	403.6847016851327
C1orf21	SRR9835666	575
C1orf21	SRR9835667	496.1536922877864
C1orf21	SRR9835668	1073
C1orf21	SRR9835669	93.4214004961718
C1orf21	SRR9835670	300.1276276375844
C1orf21	SRR9835671	233.12756066482106
C1orf21	SRR9835672	843.5019759351064
C1orf21	SRR9835673	30.68465888651084
C1orf21	SRR9835674	2777.4985953024175
C1orf21	SRR9835675	1078.7919810222688
C1orf21	SRR9835676	205.84645364476796
C1orf21	SRR9835677	1108.9396389925375
C1orf21	SRR9835678	628.8068206354085
C1orf21	SRR9835679	1694.8022819458847
C1orf21	SRR9835680	1156.6813941590992
C1orf21	SRR9835681	1351.107515762869
C1orf21	SRR9835682	222.74812389713148
C1orf21	SRR9835683	1355.5458039891014
C1orf21	SRR9835684	693.103528732406
C1orf21	SRR9835685	1234.293735500555
C1orf21	SRR9835686	1268.9440173970133
C1orf21	SRR9835687	788.6912183581503
C1orf21	SRR9835688	1502
C1orf21	SRR9835689	683.0100553850668
C1orf21	SRR9835690	1249.508300598239
C1orf21	SRR9835691	996.9106457846332
C1orf21	SRR9835692	858.4987853004089
C1orf21	SRR9835693	479.95269268803474
C1orf21	SRR9835694	497.1370670050639
C1orf21	SRR9835695	703.6616792072343
C1orf21	SRR9835696	999.7864582689764
C1orf21	SRR9835697	773.9760115122322
C1orf21	SRR9835698	968.9730614381982
C1orf21	SRR9835699	1082.751645759863
C1orf21	SRR9835700	315.7139711248759
C1orf21	SRR9835701	1792.0589286051008
C1orf21	SRR9835702	3454
C1orf21	SRR9835703	721.7786591196304
C1orf21	SRR9835704	1353.2841489525274
C1orf21	SRR9835705	1472.8625577212988
C1orf21	SRR9835706	524.5220685405229
C1orf21	SRR9835707	575.6385798760153
C1orf21	SRR9835708	1125.195040048668
C1orf21	SRR9835709	577.2683845407164
C1orf21	SRR9835710	702.0780514343127
C1orf21	SRR9835711	845.3742071443578
C1orf21	SRR9835712	1437.6161851210722
C1orf21	SRR9835713	807.5362587803592
C1orf21	SRR9835714	1017.5703410069509
C1orf21	SRR9835715	670.4431639391242
C1orf21	SRR9835716	1164.4691350576275
C1orf21	SRR9835717	1254.318231836838
C1orf21	SRR9835718	1207.5717050246892
C1orf21	SRR9835719	973.5309138036353
C1orf21	SRR9835720	994.2238467514484
C1orf21	SRR9835721	326.9214842262371
C1orf21	SRR9835722	671.2285232067853
C1orf21	SRR9835723	899
C1orf21	SRR9835724	543.8112428226241
C1orf21	SRR9835725	504.68008164475236
C1orf21	SRR9835726	1991.432503812885
C1orf21	SRR9835727	808.5484309325483
C1orf21	SRR9835728	429.9330561171684
C1orf21	SRR9835729	2017.5225043294586
C1orf21	SRR9835730	439.7309846273627
C1orf21	SRR9835731	325.8535892145777
C1orf21	SRR9835732	2131.03161524085
C1orf21	SRR9835733	1007.52110266272
C1orf21	SRR9835734	1469.8515506731799
C1orf21	SRR9835735	1200.1938067203114
C1orf21	SRR9835736	317.8498262423258
C1orf21	SRR9835737	579.2537468075385
C1orf21	SRR9835738	717.2892293281858
C1orf21	SRR9835739	105.8446318285223
C1orf21	SRR9835740	531.6023581978286
C1orf21	SRR9835741	941.0010553047613
C1orf21	SRR9835742	1090.2469814573324
C1orf21	SRR9835743	242.06804551706205
C1orf21	SRR9835744	1113.4931977484307
C1orf21	SRR9835745	190.21498299149297
C1orf21	SRR9835746	785.6350037577711
C1orf21	SRR9835747	620.3285240215914
C1orf21	SRR9835748	357.7059097470729
C1orf21	SRR9835749	1759
C1orf21	SRR9835750	1378.5073865883226
C1orf21	SRR9835751	404.32802633954896
C1orf21	SRR9835752	365.3808211710128
C1orf21	SRR9835753	1033.23140483464
C1orf21	SRR9835754	1058.443282058076
C1orf21	SRR9835755	688.1766876801931
C1orf21	SRR9835756	590.4432620107507
C1orf21	SRR9835757	1337.4005108304884
C1orf21	SRR9835758	779.5327675427351
C1orf21	SRR9835759	690.5604948580155
C1orf21	SRR9835760	1217
C1orf21	SRR9835761	1603.288402512363
C1orf21	SRR9835762	232.72194234664374
C1orf21	SRR9835763	2079.0958598863645
C1orf21	SRR9835764	560.5276168209901
C1orf21	SRR9835765	214.1534622612514
C1orf21	SRR9835766	581.0175874099566
C1orf21	SRR9835767	515.6148106022789
C1orf21	SRR9835768	1131
C1orf21	SRR9835769	1315
C1orf21	SRR9835770	1138.6255136287573
C1orf21	SRR9835771	812.430793370287
C1orf21	SRR9835772	834.5110748571713
C1orf21	SRR9835773	2612
C1orf21	SRR9835774	840.8957004355985
C1orf21	SRR9835775	724.7393590285343
C1orf21	SRR9835776	669.1838128170269
C1orf21	SRR9835777	1137.7772281174139
C1orf21	SRR9835778	859.6659074356808
C1orf21	SRR9835779	1132.990047603059
C1orf21	SRR9835780	1574.5208853830163
C1orf21	SRR9835781	139.47930164625564
C1orf21	SRR9835782	995.0131045365698
C1orf21	SRR9835783	2207
C1orf21	SRR9835784	925.8228213189204
C1orf21	SRR9835785	423.93955273680086
C1orf21	SRR9835786	650.3948192268832
C1orf21	SRR9835787	644.862368585323
C1orf21	SRR9835788	1289.164261863938
C1orf21	SRR9835789	2754
C1orf21	SRR9835790	836.0452689494139
C1orf21	SRR9835791	767.8156212268664
C1orf21	SRR9835792	1761.6408162815374
C1orf21	SRR9835793	755.5474222714524
C1orf21	SRR9835794	1065.1916086560616
C1orf21	SRR9835795	594.25502844317
C1orf21	SRR9835796	232.33870758384046
C1orf21	SRR9835797	1850
C1orf21	SRR9835798	468.7583443252691
C1orf21	SRR9835799	1012.0592571244044
C1orf21	SRR9835800	1709.0233478025139
C1orf21	SRR9835801	1001.0467144741056
C1orf21	SRR9835802	1178.7276768763506
C1orf21	SRR9867812	673.1093188309014
C1orf21	SRR9867813	346.7920429966574
C1orf21	SRR9867814	409.50452029773885
C1orf21	SRR9867815	858.5875576371237
C1orf21	SRR9867816	1716
C1orf21	SRR9867817	229.96672665432652
C1orf21	SRR9867818	1852
C1orf21	SRR9867819	102.62213035061438
C1orf21	SRR9867820	1158
C1orf21	SRR9867821	1143
C1orf21	SRR9867822	120.21959881649683
C1orf21	SRR9867823	823.1448773844238
C1orf21	SRR9867824	657.1595869434901
C1orf21	SRR9867825	654.2708506704879
C1orf21	SRR9867826	249.7633811477301
C1orf21	SRR9867827	1369.1489439199654
C1orf21	SRR9867828	358.8308544050602
C1orf21	SRR9867829	989.533299893627
C1orf21	SRR9867830	929
C1orf21	SRR9867831	627.5457664078134
C1orf21	SRR9879292	794.53047835385
C1orf21	SRR9879293	689.897923010478
C1orf21	SRR9879294	637.5430102826444
C1orf21	SRR9879295	663.8396679768923
C1orf21	SRR9879296	672.9635541840089
C1orf21	SRR9879297	724.0469043517147
C1orf21	SRR9879298	755.9691024152287
C1orf21	SRR9879299	815.3684096623064
C1orf21	SRR9879300	716.3505620388842
C1orf21	SRR9879301	820.2950858815988
C1orf21	SRR9879302	737.5492520439783
C1orf21	SRR9879303	797.316477194757
C1orf21	SRR9879304	684.2431152226183
C1orf21	SRR9879305	720.1875151898672
C1orf21	SRR9879306	881
C1orf21	SRR9879307	768.17351401556
C1orf21	SRR9879308	698.8668010419622
C1orf21	SRR9879309	722.6196425245353
C1orf21	T50_307	1461.8039062852877
C1orf21	T50_313	803.6713582934044
C1orf21	T50_317	1165.8186876109392
C1orf21	T50_324	995.4188875747486
C1orf21	T50_427	591.1105827410298
C1orf21	T50_428	492.1985497877284
C1orf21	T50_431	491.322618946555
C1orf21	T50_436	529.7784484293753
C1orf21	T50_476	549.9767672847952
C1orf21	UN_307	1076.6828763535514
C1orf21	UN_313	626.6202792807868
C1orf21	UN_317	1103.759689897397
C1orf21	UN_323	1522.6511146443493
C1orf21	UN_324	967.262323682311
C1orf21	UN_427	624.7766642404891
C1orf21	UN_428	493.835904421285
C1orf21	UN_431	497.48974657885384
C1orf21	UN_436	543.8352228494683
C1orf21	UN_476	530.6662328289669
