Gene	sample	counts
CLDN5	CM317	153.61546028884845
CLDN5	CMCD140	8709.213940974088
CLDN5	CMCD147	3553.1592584632335
CLDN5	CMCD152	1262
CLDN5	CMCD154	15602.944601797577
CLDN5	CMCD159	5090.421568423233
CLDN5	CMCD161	4119.579527814189
CLDN5	CMCD174	3530.2857038608227
CLDN5	CMCD196	3189.0395051702726
CLDN5	CMCD198	2421.3739871480307
CLDN5	CMCD203	1847.9668142609337
CLDN5	CMCD211	2386.8381101467967
CLDN5	CMCD227	1036.6813436946877
CLDN5	CMCD240	1071.320876848904
CLDN5	CMCD259	1741
CLDN5	CMCD270	3211.584649117237
CLDN5	CMCD275	6115.780933802468
CLDN5	CMCD282	7815.522310340968
CLDN5	CMCD286	352.4964358952906
CLDN5	CMCD287	773
CLDN5	CMCD294	3404.6464182374266
CLDN5	CMCD327	3781.3321177296166
CLDN5	CMCD335	5724.81153030054
CLDN5	CMCD337	5360.540728029897
CLDN5	CMCD357	1560.3179092769153
CLDN5	CMCD398	1973.7766258100692
CLDN5	CMCD403	2830.1786221500274
CLDN5	CMCD422	3607.5106274980535
CLDN5	CMCD426	260.68698891626593
CLDN5	CMCD71	6745.807362382936
CLDN5	CMCD72	34.53225018495575
CLDN5	CMCD76	353.81091651777524
CLDN5	CMCD88	1859.3344605555103
CLDN5	CMSA256	3885
CLDN5	CMSA316	3104.1077407803114
CLDN5	CMUC110	1605
CLDN5	CMUC192	5364.246160507064
CLDN5	CMUC199	6886.799241479593
CLDN5	CMUC200	2704.317128124659
CLDN5	CMUC208	11021.903632732128
CLDN5	CMUC231	9792
CLDN5	CMUC234	1715
CLDN5	CMUC285	1004.0490488826598
CLDN5	CMUC291	2785.2742900055805
CLDN5	CMUC295	4469.018030749779
CLDN5	CMUC299	1105.225589644403
CLDN5	CMUC301	1839.992765403871
CLDN5	CMUC307	2610.1847675004456
CLDN5	CMUC313	230.29114807229257
CLDN5	CMUC314	248.12393051643016
CLDN5	CMUC323	222.23076479542138
CLDN5	CMUC324	7376.632225448124
CLDN5	CMUC331	801.2710243519164
CLDN5	CMUC333	241.48434594491107
CLDN5	CMUC334	1838.1885559650443
CLDN5	CMUC346	25311.668575135936
CLDN5	CMUC352	6153.026052953415
CLDN5	CMUC360	771.1089697928564
CLDN5	CMUC363	5015.897399371052
CLDN5	CMUC365	4951.919625722863
CLDN5	CMUC366	7521.104058084558
CLDN5	CMUC368	2912
CLDN5	CMUC377	7429.201932703616
CLDN5	CMUC379	873.7779949092804
CLDN5	CMUC380	3669.8682333727525
CLDN5	CMUC383	1756.7433115515844
CLDN5	CMUC394	4442.604045017885
CLDN5	CMUC419	2607.470897840306
CLDN5	CMUC427	4347
CLDN5	CMUC428	1018.423223323756
CLDN5	CMUC431	3239.008917867732
CLDN5	CMUC435	1815.0650804415018
CLDN5	CMUC439	6581.085707475263
CLDN5	CMUC89	2572
CLDN5	CS219	2399.9312342645676
CLDN5	CS256	2078.7492230425714
CLDN5	CS257	708.0943838651222
CLDN5	CS259	3154.868675366039
CLDN5	CS261	10409.208803798492
CLDN5	CS266	2732.3892892363697
CLDN5	CS270	4576.776939357426
CLDN5	CS277	2043.3288381711914
CLDN5	CS288	3921.035119613481
CLDN5	CS290	2208.509741364878
CLDN5	CS292	4090.3934294026844
CLDN5	CS293	4874.772148784369
CLDN5	CS301	6085.522615365464
CLDN5	CS306	7669.914791859825
CLDN5	CS308	427.055871925782
CLDN5	CS315	1650.9973618346512
CLDN5	CS317	283.08679345342046
CLDN5	CS322	795.5337049988518
CLDN5	CS327	235.11392827320213
CLDN5	CS328	387.78302448285234
CLDN5	CS330	359.67180389271897
CLDN5	CS331	690.7461317298553
CLDN5	CS335	1035.3695540776846
CLDN5	CS338	344.29812252859125
CLDN5	CS339	19.90283115635895
CLDN5	CS343	827.6327867130011
CLDN5	CS344	1489.75881519807
CLDN5	CS350	3063.574629719129
CLDN5	CS351	1737.3213942972877
CLDN5	CS361	399.35625359744984
CLDN5	CS388	268.05549014441743
CLDN5	CS396	224.42064279706372
CLDN5	CS405	835.6785507153749
CLDN5	CS415	148.61203850882924
CLDN5	CS424	339.30238139826446
CLDN5	IM293	4089.696753791157
CLDN5	IM296	16097.848265170805
CLDN5	IM297	3468.816535336313
CLDN5	IM300	3112
CLDN5	IM305	4654.310793704142
CLDN5	IM309	1014.8312136082907
CLDN5	IM310	559.5953984974872
CLDN5	IM311	15118.305482406775
CLDN5	IM316	1609.3033478567036
CLDN5	IM320	335.2351162266248
CLDN5	IM330	3455.2225214968066
CLDN5	IM332	4614.030083828933
CLDN5	IM340	613.6987652763058
CLDN5	IM348	2169.323379982198
CLDN5	IM354	7043.6900861093
CLDN5	IM356	1391.881872377976
CLDN5	IM364	3108.116318040397
CLDN5	IM372	972.9909684858458
CLDN5	IM374	2009.699680288742
CLDN5	IM376	8221.89425083464
CLDN5	IM381	3104.496055202612
CLDN5	IM382	1818.1031399925873
CLDN5	IM385	3945
CLDN5	IM390	5879.042212692107
CLDN5	IM397	6564.897837284191
CLDN5	IM404	12344.48088028025
CLDN5	IM409	6350.172846308301
CLDN5	IM412	1487
CLDN5	IM421	2645.399599628129
CLDN5	IM425	331.0543969662847
CLDN5	IM432	291.7640220092146
CLDN5	IM438	2075
CLDN5	IM442	2398.0023746731445
CLDN5	IM445	2195.0739098116683
CLDN5	IM448	1414.8443927886758
CLDN5	IM449	3810.91964778458
CLDN5	IM451	9248.719615009077
CLDN5	IMSA256	1548.3209988894107
CLDN5	IMSA276	3731
CLDN5	IMSA286	2132
CLDN5	IMSA343	9696.911575952363
CLDN5	IS_238	2080
CLDN5	IS238	8084.887692223228
CLDN5	IS243	2711
CLDN5	IS253	2262
CLDN5	IS283	3916
CLDN5	IS322	11094.802889495033
CLDN5	IS399	1664.9891432555835
CLDN5	IS418	54.73755513931179
CLDN5	IS430	26.034116155929993
CLDN5	IS437	69.26325623836011
CLDN5	IS444	312.39276651744103
CLDN5	R276CMSA	4197.936442374399
CLDN5	R286CMSA	1224
CLDN5	R292CMSA	6168.847414264351
CLDN5	R292IMSA	5726.821619057274
CLDN5	R308CMSA	63.15091683106679
CLDN5	R316IMSA	2395.6630117941504
CLDN5	R347CMSA	44.85368485825329
CLDN5	R347IMSA	117.19493404059315
CLDN5	R371CMSA	12560.99758667428
CLDN5	SRR10104064	28.94015067251305
CLDN5	SRR10104065	294.71861512221335
CLDN5	SRR10104066	93.72558273130838
CLDN5	SRR10104067	133.0234278451524
CLDN5	SRR10104068	286.3313708146191
CLDN5	SRR10104069	142.6202031419178
CLDN5	SRR10104070	48.3905680641908
CLDN5	SRR10104071	1.1619835297694339
CLDN5	SRR10104072	34.29514367343219
CLDN5	SRR10104073	35.55841678264239
CLDN5	SRR10104074	42.889170510963
CLDN5	SRR10104075	23.095084571201156
CLDN5	SRR10104076	38.02948684828148
CLDN5	SRR10104077	27.60188080200898
CLDN5	SRR10104078	55.221834285692005
CLDN5	SRR10104079	31.692841413391676
CLDN5	SRR10104080	14.630565187683983
CLDN5	SRR10104081	112.76419161934326
CLDN5	SRR10104082	33.65506506871329
CLDN5	SRR10104083	41.55827155119572
CLDN5	SRR10104084	43.87509034825708
CLDN5	SRR10104085	132.9230776884314
CLDN5	SRR10104086	124.01689488171034
CLDN5	SRR10104087	170.54566683267777
CLDN5	SRR10104088	138.2492796816582
CLDN5	SRR10104089	14.803261350335513
CLDN5	SRR10104090	91.3589889225886
CLDN5	SRR10104091	57.36122191330666
CLDN5	SRR10104092	126.59567016540915
CLDN5	SRR10104093	102.44235006264094
CLDN5	SRR10104094	113.78884907003288
CLDN5	SRR10104095	51.72095327202345
CLDN5	SRR10104096	32.19998272157549
CLDN5	SRR10104097	40.48645247014946
CLDN5	SRR10104098	56.648159927169154
CLDN5	SRR10104099	66.04383362882113
CLDN5	SRR10104100	113.22080615932175
CLDN5	SRR10104101	138.76987679885806
CLDN5	SRR10104102	88.33579525707353
CLDN5	SRR10104103	58.985343258653934
CLDN5	SRR10104104	78.19473222837158
CLDN5	SRR10104105	42.26788754955252
CLDN5	SRR10104106	49.88328564000159
CLDN5	SRR10104107	216.05188088285
CLDN5	SRR10104108	176.20047206747958
CLDN5	SRR10104109	33.66923232676776
CLDN5	SRR10104110	15.51161349682805
CLDN5	SRR10104111	109.49493760775295
CLDN5	SRR10104112	17.84808586603803
CLDN5	SRR10104113	56.99569798310633
CLDN5	SRR10104114	22.33090676585444
CLDN5	SRR10104115	5.740597811553547
CLDN5	SRR10104116	60.76214509202217
CLDN5	SRR10104117	70.67190783022144
CLDN5	SRR10104118	14.92387306003312
CLDN5	SRR10104119	14.306516220797572
CLDN5	SRR10104120	59.59150275012596
CLDN5	SRR10104121	27.114175307619856
CLDN5	SRR10104122	29.51356786238136
CLDN5	SRR10104123	43.40272242339504
CLDN5	SRR10104124	48.134269079563374
CLDN5	SRR10104125	20.961411968533177
CLDN5	SRR10104126	53.058308218819086
CLDN5	SRR10104127	19.03456241117524
CLDN5	SRR10104128	72.02706824325995
CLDN5	SRR10104129	76.9818948358355
CLDN5	SRR10104130	48.978806834189335
CLDN5	SRR10104131	104.16943570387015
CLDN5	SRR10104132	150.07813325658543
CLDN5	SRR10104133	17.517156172127752
CLDN5	SRR10104134	71.09901195132123
CLDN5	SRR10104135	20.99105793200453
CLDN5	SRR10104136	77.14406208363643
CLDN5	SRR10104137	34.445784390931195
CLDN5	SRR10104138	4.794850158258055
CLDN5	SRR10104139	103.16119871235865
CLDN5	SRR10104140	21.769293432302284
CLDN5	SRR10104141	58.36700142401121
CLDN5	SRR10104142	87.37835175621545
CLDN5	SRR10104143	156.26999427478998
CLDN5	SRR10104144	32.89357956061163
CLDN5	SRR10104145	34.06496527318832
CLDN5	SRR10104146	162.55015069516574
CLDN5	SRR10104147	207.35376808570948
CLDN5	SRR10104148	65.29508714357645
CLDN5	SRR10104149	70.21265086690431
CLDN5	SRR10104150	62.7224292991933
CLDN5	SRR10104151	145.1030202948615
CLDN5	SRR10104152	172.96718345465214
CLDN5	SRR10104153	17.681375472388503
CLDN5	SRR10104154	44.318413817326714
CLDN5	SRR10104155	43.624203213313585
CLDN5	SRR10104156	176.71581873168824
CLDN5	SRR10104157	55.65844844132332
CLDN5	SRR10104158	60.21537073292577
CLDN5	SRR10104159	84.05184107014551
CLDN5	SRR10104160	16.930023552319277
CLDN5	SRR10104161	246.42454766981
CLDN5	SRR10104162	117.3553834484424
CLDN5	SRR10104163	85.5138886579581
CLDN5	SRR10104164	167.2274952618256
CLDN5	SRR10104165	91.44251626233329
CLDN5	SRR10104166	44.76774679972266
CLDN5	SRR10104167	51.13202703627254
CLDN5	SRR10104168	88.49432613986616
CLDN5	SRR10104169	106.59103926703204
CLDN5	SRR10104170	59.75174225377984
CLDN5	SRR10104171	113.67554099624141
CLDN5	SRR10104172	105.49323341415456
CLDN5	SRR10104173	47.78138385981965
CLDN5	SRR10104174	52.744530285603965
CLDN5	SRR10104175	97.15281389350447
CLDN5	SRR10104176	114.53154195941158
CLDN5	SRR10104177	53.32373575055553
CLDN5	SRR10104178	52.97348195401439
CLDN5	SRR10104179	60.029016403176996
CLDN5	SRR10104180	136.9489254787433
CLDN5	SRR10104181	56.48751790360448
CLDN5	SRR10104182	78.69572930301327
CLDN5	SRR10104183	97.51354989050064
CLDN5	SRR10104184	100.09703143515922
CLDN5	SRR10104185	83.10917771139671
CLDN5	SRR10104186	35.13586232556373
CLDN5	SRR10104187	38.87128008515294
CLDN5	SRR10104188	43.27903579850032
CLDN5	SRR10104189	40.334525914132364
CLDN5	SRR10104190	18.385626490665576
CLDN5	SRR10104191	23.984703926750893
CLDN5	SRR10104192	72.85883342486486
CLDN5	SRR10104193	43.69177534115133
CLDN5	SRR10104194	46.955181737697004
CLDN5	SRR10104195	69.84939064421859
CLDN5	SRR10104196	89.53351375505103
CLDN5	SRR10104197	141.35516366876874
CLDN5	SRR10104198	76.94638546232554
CLDN5	SRR10104199	55.312167772031735
CLDN5	SRR10104200	100.46881543847168
CLDN5	SRR10104201	41.05186447942536
CLDN5	SRR10104202	25.64268771479407
CLDN5	SRR10104203	131.93082948398788
CLDN5	SRR10104204	64.99152657971808
CLDN5	SRR10104205	47.24116132658079
CLDN5	SRR10104206	80.26343562110087
CLDN5	SRR10104207	63.00681313103339
CLDN5	SRR10104208	124.15811129267857
CLDN5	SRR10104209	85.94869168834758
CLDN5	SRR10104210	111.88461906054502
CLDN5	SRR10104211	94.7483632018828
CLDN5	SRR10104212	107.99125931194436
CLDN5	SRR10104213	65.76491124248017
CLDN5	SRR10104214	127.75110401052302
CLDN5	SRR10104215	224.38130433367914
CLDN5	SRR10104216	75.41483538255125
CLDN5	SRR10104217	124.0263350110533
CLDN5	SRR10104218	43.68815037099665
CLDN5	SRR10104219	63.91589008225488
CLDN5	SRR10104220	154.29982984523159
CLDN5	SRR10104221	26.17239918505949
CLDN5	SRR10104222	59.20776570480666
CLDN5	SRR10104223	33.0446821737738
CLDN5	SRR10104224	96.39693712343879
CLDN5	SRR10104225	85.62781121884936
CLDN5	SRR10104226	157.97008939816874
CLDN5	SRR10104227	104.56006592210407
CLDN5	SRR10104228	65.14621027696288
CLDN5	SRR10104229	180.50095056747423
CLDN5	SRR10104230	54.09968637193761
CLDN5	SRR10104231	76.55397588585208
CLDN5	SRR10104232	82.76981269498017
CLDN5	SRR10104233	57.96412071270013
CLDN5	SRR10104234	153.51493044122407
CLDN5	SRR10104235	83.53532203965062
CLDN5	SRR10104236	269.48492414661945
CLDN5	SRR10104237	103.89360931318548
CLDN5	SRR10104238	67.53453170394228
CLDN5	SRR10104239	102.08238273755853
CLDN5	SRR10104240	113.94554712536903
CLDN5	SRR10104241	110.33968162572509
CLDN5	SRR10104242	75.66001425986435
CLDN5	SRR10104243	64.12492089428419
CLDN5	SRR10104244	44.71490827090009
CLDN5	SRR10104245	95.84668212543633
CLDN5	SRR10104246	33.26485709524209
CLDN5	SRR10104247	55.01363285765634
CLDN5	SRR10104248	76.43357493425701
CLDN5	SRR10104249	48.284584593035866
CLDN5	SRR10104250	32.40153147948128
CLDN5	SRR10104251	37.69611230780761
CLDN5	SRR10104252	16.57427200964935
CLDN5	SRR10104253	20.89833874152099
CLDN5	SRR10104254	74.69781774521013
CLDN5	SRR10104255	110.34316711216957
CLDN5	SRR10104256	98.83432285268773
CLDN5	SRR10104257	96.54542242876644
CLDN5	SRR10104258	118.55558715772665
CLDN5	SRR10224277	1.0245658638211308
CLDN5	SRR10224278	1.0942848190075063
CLDN5	SRR10224279	1.0908476973919505
CLDN5	SRR10224280	1.0228352144410537
CLDN5	SRR10224281	1.016181154880479
CLDN5	SRR10224282	1.0506840927867773
CLDN5	SRR10224283	1.04241966767901
CLDN5	SRR10224284	1.1113405704367834
CLDN5	SRR10224285	1.1302600125483513
CLDN5	SRR10224286	1.0254727500696328
CLDN5	SRR10224287	1.034206476188313
CLDN5	SRR10224288	1.0982502736059643
CLDN5	SRR10224289	1.095574558517596
CLDN5	SRR10224290	1.0979938990127511
CLDN5	SRR10224291	1.031258864476703
CLDN5	SRR10224292	1.0118994173300337
CLDN5	SRR10224293	1.0308254672852508
CLDN5	SRR10224294	4.233397997082854
CLDN5	SRR10224295	1.0871371976243258
CLDN5	SRR10224296	1.0551062717044821
CLDN5	SRR10224297	1.1298237190995832
CLDN5	SRR10224298	2.0665338885610693
CLDN5	SRR10318388	496.729300471369
CLDN5	SRR10318389	662.1684212538195
CLDN5	SRR10318390	608.5421063566689
CLDN5	SRR10318391	247.9861284752823
CLDN5	SRR10318392	284.98070559114717
CLDN5	SRR10318393	428.2439248779887
CLDN5	SRR10318394	579.7801808787895
CLDN5	SRR10318395	386.75258512191783
CLDN5	SRR10318396	313.56689811833894
CLDN5	SRR10318397	594.5836445987908
CLDN5	SRR10318398	533.9103410597676
CLDN5	SRR10318399	220.5483392928199
CLDN5	SRR10318400	341.05006224508867
CLDN5	SRR10318401	347.27898336123116
CLDN5	SRR10318402	494.12055182641933
CLDN5	SRR10318403	432.13332508998417
CLDN5	SRR10318404	240.42811665608735
CLDN5	SRR10318405	321.8094807697798
CLDN5	SRR10318406	506.3560567256022
CLDN5	SRR10318407	454.49838033644494
CLDN5	SRR10318408	643.9860984987015
CLDN5	SRR10318409	396.25541749714085
CLDN5	SRR10318410	319.31418109499157
CLDN5	SRR10318411	900.3157458815733
CLDN5	SRR10318412	489.41168223141796
CLDN5	SRR10318413	442.7389940309646
CLDN5	SRR10318414	781.6981694699374
CLDN5	SRR10318415	296.9482889597565
CLDN5	SRR10318416	351.52442289272807
CLDN5	SRR10318417	481.5028647864051
CLDN5	SRR10318418	309.1795048716074
CLDN5	SRR10318419	384.5646052291157
CLDN5	SRR10318420	409.74897074174237
CLDN5	SRR10318421	481.32577061107406
CLDN5	SRR10318422	353.7628712711534
CLDN5	SRR10318423	448.7184202618265
CLDN5	SRR10318424	595.2671521011017
CLDN5	SRR10318425	337.22164286711785
CLDN5	SRR10318426	123.79992511248834
CLDN5	SRR10318427	78.68592039245345
CLDN5	SRR10318428	462.64498097520004
CLDN5	SRR10318429	487.9622831200106
CLDN5	SRR10318430	1521.3473287553072
CLDN5	SRR10318431	1261.6030637959836
CLDN5	SRR10318432	798.4350778974358
CLDN5	SRR10318433	7.653166494442794
CLDN5	SRR10318434	786.4841115135936
CLDN5	SRR10318435	764.6140450511336
CLDN5	SRR10318436	1011.863838510032
CLDN5	SRR10318437	289.20803698589134
CLDN5	SRR10318438	1087.4016868818112
CLDN5	SRR10318439	183.7562740263631
CLDN5	SRR10318440	161.546566345968
CLDN5	SRR10318441	539.5105094556284
CLDN5	SRR10318442	219.19771633780744
CLDN5	SRR10318443	218.50676763598776
CLDN5	SRR10318444	455.9742500560614
CLDN5	SRR10318445	310.81470670475255
CLDN5	SRR10318446	306.2231001709956
CLDN5	SRR10318447	246.6208843530423
CLDN5	SRR10318448	756.3902740115857
CLDN5	SRR10318449	349.73361641360935
CLDN5	SRR10318450	499.6827721976399
CLDN5	SRR10318451	952
CLDN5	SRR10318452	287.8152587654093
CLDN5	SRR10318453	242.79053401982364
CLDN5	SRR10318454	304.4525934153869
CLDN5	SRR10318455	445.7255245574942
CLDN5	SRR10318456	545.6272488598885
CLDN5	SRR10318457	394.6504991360477
CLDN5	SRR10318458	476.1385602550496
CLDN5	SRR10318459	333.20817074054565
CLDN5	SRR10318460	459.8523707098378
CLDN5	SRR10318461	410.46866446136266
CLDN5	SRR10318462	485.2849016877258
CLDN5	SRR10318463	517.6507748610222
CLDN5	SRR10318464	340.1589146065611
CLDN5	SRR10318465	1144.1489764709304
CLDN5	SRR10318466	213.01979164870377
CLDN5	SRR10318467	321.65226459778114
CLDN5	SRR10318468	302.9779762182034
CLDN5	SRR10318469	658.4512360746061
CLDN5	SRR10318470	357
CLDN5	SRR10318471	471
CLDN5	SRR10318472	222.99766643735742
CLDN5	SRR10318473	210.82992413640676
CLDN5	SRR10318474	551.3511485773233
CLDN5	SRR10318475	387.5833526669115
CLDN5	SRR10318476	735.7194738902894
CLDN5	SRR10318495	318.37693298254214
CLDN5	SRR10318496	788.9903901858323
CLDN5	SRR10318497	229.31632138439642
CLDN5	SRR10318498	318.3003629927242
CLDN5	SRR10318499	570.6930799419837
CLDN5	SRR10318500	403.3374208617027
CLDN5	SRR10318501	341.6763702626393
CLDN5	SRR10318502	647.3492763547061
CLDN5	SRR10318503	350.6671098922155
CLDN5	SRR10318504	182.23472782006593
CLDN5	SRR10318505	235.16916502312964
CLDN5	SRR10318506	189.27019646687722
CLDN5	SRR10318507	479.8211051457321
CLDN5	SRR10318508	207.27395866600088
CLDN5	SRR10318509	342.3985674722647
CLDN5	SRR10318510	502.04640616522283
CLDN5	SRR10318511	249.3137598136551
CLDN5	SRR10318512	323.4883862955402
CLDN5	SRR10318513	360.21330005652106
CLDN5	SRR10318514	327.5170366907469
CLDN5	SRR10318515	149.8033823803589
CLDN5	SRR10318516	233.40279963581142
CLDN5	SRR10318517	394.0619311460954
CLDN5	SRR10318518	259.8939189292626
CLDN5	SRR10318519	207.99872405107874
CLDN5	SRR10318520	351.7060252686302
CLDN5	SRR10318521	240.88206610301205
CLDN5	SRR10318522	280.3908975607273
CLDN5	SRR10318523	239.54903412959854
CLDN5	SRR10318524	351.76871861206985
CLDN5	SRR10318525	758.7754188703525
CLDN5	SRR10318526	426.81283335868864
CLDN5	SRR10318527	222.0798891045304
CLDN5	SRR10318528	323.8332782775084
CLDN5	SRR10318529	383.8680982248491
CLDN5	SRR10318530	321.19982658720704
CLDN5	SRR10318531	185.66765937751603
CLDN5	SRR10318532	272.2961125066349
CLDN5	SRR10318533	168.90279351719016
CLDN5	SRR10318534	205.61172221287177
CLDN5	SRR10318535	308.80399722948243
CLDN5	SRR10318536	338.3972785081087
CLDN5	SRR10318537	705.7354820607529
CLDN5	SRR10318538	317.6042109595209
CLDN5	SRR10318539	297.2133569892143
CLDN5	SRR10318540	460.5410197866911
CLDN5	SRR10318541	322.368043336462
CLDN5	SRR10318542	408.3601584236557
CLDN5	SRR10318543	189.92352424374258
CLDN5	SRR10318544	335.84341253230906
CLDN5	SRR10318545	645.6972837797206
CLDN5	SRR10318546	359.51703916316296
CLDN5	SRR10318547	281.1399516279371
CLDN5	SRR10318548	232.13894567844025
CLDN5	SRR10318549	493.51695641235284
CLDN5	SRR10318568	211.67726883350005
CLDN5	SRR10318569	405.36445743643014
CLDN5	SRR10318570	619.7390614052277
CLDN5	SRR10318571	872.7847083569558
CLDN5	SRR10318572	475.28210858048425
CLDN5	SRR10318573	422.65224793792646
CLDN5	SRR10318574	601.492202207989
CLDN5	SRR10318575	237.13864191330717
CLDN5	SRR10318576	440.92503858835124
CLDN5	SRR10318577	467.39738689898167
CLDN5	SRR10318578	308.27716763066786
CLDN5	SRR10318579	354.11848388303383
CLDN5	SRR10318580	433.623615480918
CLDN5	SRR10318581	609
CLDN5	SRR10875803	149.34485089640896
CLDN5	SRR10875804	17.74061079578305
CLDN5	SRR10875805	23.39662049680053
CLDN5	SRR10875806	73.70143792466423
CLDN5	SRR10875807	50.39641788908912
CLDN5	SRR10875808	69.41302646680366
CLDN5	SRR10875809	52.04886253702691
CLDN5	SRR10875810	86.42503882979972
CLDN5	SRR10875812	85
CLDN5	SRR10875813	108.29855076393154
CLDN5	SRR10875814	85.3460567441952
CLDN5	SRR10875815	117
CLDN5	SRR10875816	67
CLDN5	SRR10875817	48.63890043203322
CLDN5	SRR10875818	31.980569930902682
CLDN5	SRR10875819	44
CLDN5	SRR10875820	18.67268650931132
CLDN5	SRR10875821	58.14255638662139
CLDN5	SRR10875822	35.21664467175151
CLDN5	SRR10875823	79
CLDN5	SRR10875824	28.456029430331935
CLDN5	SRR10875825	31.056767953530596
CLDN5	SRR10875826	76.01029910937365
CLDN5	SRR10875827	61.503997476520716
CLDN5	SRR10875829	34.69878287906045
CLDN5	SRR10875830	20
CLDN5	SRR10875831	38.1381346067249
CLDN5	SRR10875832	128
CLDN5	SRR10875834	60.205434669500896
CLDN5	SRR10875835	126
CLDN5	SRR10875836	38.650986704085874
CLDN5	SRR10875837	102.92941252509382
CLDN5	SRR10875838	160
CLDN5	SRR10875839	86.0104334326107
CLDN5	SRR10875840	113.5722909950182
CLDN5	SRR10875841	72.27891549884808
CLDN5	SRR10875842	17.378191988248798
CLDN5	SRR10875843	67.34099108110155
CLDN5	SRR10875844	12.057054317432076
CLDN5	SRR10875845	35.34179042653201
CLDN5	SRR10875846	34.75746682431776
CLDN5	SRR10875847	58.22290207627465
CLDN5	SRR10875848	82
CLDN5	SRR10875849	50.22016025987603
CLDN5	SRR10875850	40.00719656924175
CLDN5	SRR10875851	66.51765814412803
CLDN5	SRR10875852	44.517778840135286
CLDN5	SRR10875853	72.16319339997163
CLDN5	SRR10875854	17.669069041487816
CLDN5	SRR10875855	32.93135531768564
CLDN5	SRR10875856	12.158053959873786
CLDN5	SRR10875857	86.4239275391576
CLDN5	SRR10875858	48.76498125355238
CLDN5	SRR10875859	59
CLDN5	SRR10875860	16.363190286463333
CLDN5	SRR10875861	56.200486914822385
CLDN5	SRR10875862	33.131633833807264
CLDN5	SRR10875863	29.158717065522517
CLDN5	SRR10875864	70
CLDN5	SRR10875865	28.81852177334038
CLDN5	SRR10875866	36.45841453325243
CLDN5	SRR10875867	33.62083830200484
CLDN5	SRR10875868	16.609245030267843
CLDN5	SRR10875869	50
CLDN5	SRR10875870	35.81895216142314
CLDN5	SRR10875871	88.01583245233185
CLDN5	SRR10875872	42.692904108600125
CLDN5	SRR10875873	42.7801463773897
CLDN5	SRR10875874	23.45621530459587
CLDN5	SRR10875875	71.20828695553492
CLDN5	SRR10875876	69
CLDN5	SRR10875877	17.803903381465016
CLDN5	SRR10875878	25.198947474255913
CLDN5	SRR10875879	40
CLDN5	SRR10875880	54.21893962826305
CLDN5	SRR10875881	57.04889261779481
CLDN5	SRR10875882	91
CLDN5	SRR10875883	96.62346203976817
CLDN5	SRR10875884	50.683238367670484
CLDN5	SRR10875885	147.2801861547305
CLDN5	SRR10875886	52.39335420793345
CLDN5	SRR10875887	30
CLDN5	SRR10875888	13.367470171027962
CLDN5	SRR10875889	61.138261074975965
CLDN5	SRR10875890	81.18359257496809
CLDN5	SRR10875891	87
CLDN5	SRR10875892	15.968410156104994
CLDN5	SRR10875893	194
CLDN5	SRR10875894	89.24459487263687
CLDN5	SRR10875895	215
CLDN5	SRR10875896	13.13145007552573
CLDN5	SRR10875897	171.44638821812097
CLDN5	SRR10875898	60.04104425048967
CLDN5	SRR10875899	20.710486428077562
CLDN5	SRR10875900	65.24801981559466
CLDN5	SRR10875901	155.34294741975725
CLDN5	SRR10875902	170.7894806998003
CLDN5	SRR12430469	525
CLDN5	SRR12430470	393.7452612328604
CLDN5	SRR12430471	296.8578067954122
CLDN5	SRR12430472	991.9672076961372
CLDN5	SRR12430473	544
CLDN5	SRR12430474	308.6912177340466
CLDN5	SRR12430475	455.6292508758248
CLDN5	SRR12430476	215
CLDN5	SRR12765534	369
CLDN5	SRR12765535	240.6378963455778
CLDN5	SRR12765536	182.84249630056297
CLDN5	SRR12765537	210.8900469938583
CLDN5	SRR12765538	92.05242018363204
CLDN5	SRR12765539	52.60205338676233
CLDN5	SRR12765540	279.87390806793815
CLDN5	SRR12765541	144.38762213973155
CLDN5	SRR12765542	611
CLDN5	SRR12765543	210.3980736470078
CLDN5	SRR12765544	346.9805161659072
CLDN5	SRR12765545	168.581017412355
CLDN5	SRR12765546	86.54167271674551
CLDN5	SRR12765547	184.48336100365816
CLDN5	SRR12765548	172.45766792176747
CLDN5	SRR12765549	112.85943120958882
CLDN5	SRR12765550	242.34735979416317
CLDN5	SRR12765551	93.27435693978032
CLDN5	SRR12765552	37.49707565269875
CLDN5	SRR12765553	13.582238037022826
CLDN5	SRR12765554	61.91624745774127
CLDN5	SRR12765555	65.32993428828998
CLDN5	SRR12765556	396.0447232730578
CLDN5	SRR12765557	102.06360207327462
CLDN5	SRR12765558	215.59126342013005
CLDN5	SRR12765559	355.67664003353286
CLDN5	SRR12765560	151.87790330480274
CLDN5	SRR12765561	309.8770328043607
CLDN5	SRR12765562	133.0620081023509
CLDN5	SRR12765563	174.26485424296166
CLDN5	SRR12765564	244.51652819610754
CLDN5	SRR12765565	263.1178120568274
CLDN5	SRR12765566	169.21098618847267
CLDN5	SRR12765567	103.35559051194105
CLDN5	SRR12765568	179.85229921728939
CLDN5	SRR12765569	65.74802269769035
CLDN5	SRR12765570	499.560021184749
CLDN5	SRR12765571	7.078321305786164
CLDN5	SRR12765572	94.62307566647131
CLDN5	SRR12765573	56.90209475574925
CLDN5	SRR12765574	194.34320342931065
CLDN5	SRR12765575	79.88940363640874
CLDN5	SRR12765576	76.87069943157265
CLDN5	SRR12765577	53.346304606799364
CLDN5	SRR12765578	218.2647741095795
CLDN5	SRR12765579	138.17131678895032
CLDN5	SRR12765580	157.78204423312542
CLDN5	SRR12765581	106.70772481157077
CLDN5	SRR12765582	359.3608771242905
CLDN5	SRR12765583	162.43203533868675
CLDN5	SRR12765584	123.52843589231829
CLDN5	SRR12765585	225.4881999333296
CLDN5	SRR12765586	315.66763025332716
CLDN5	SRR12765587	37.43782298913025
CLDN5	SRR12765588	414.88247111043944
CLDN5	SRR12765589	43.7901395262988
CLDN5	SRR12765590	52.500504323903435
CLDN5	SRR12765591	159.3606879518091
CLDN5	SRR12765592	123.00094849690831
CLDN5	SRR12765593	584.8911084314282
CLDN5	SRR12765594	145.3050626469443
CLDN5	SRR12765595	87.03356702087602
CLDN5	SRR12765596	247.09796857164415
CLDN5	SRR12765597	542.3489554433063
CLDN5	SRR12765598	191.3740185928567
CLDN5	SRR12765599	249.7703092308048
CLDN5	SRR12765600	289.9800044985416
CLDN5	SRR12765601	128.79244218030544
CLDN5	SRR12765602	369.1741336822839
CLDN5	SRR12765603	481.7858206780221
CLDN5	SRR12765604	146.18363756518673
CLDN5	SRR12765605	181.4068332730313
CLDN5	SRR12765606	141.86249818390115
CLDN5	SRR12765607	223.9499920154373
CLDN5	SRR12765608	84.74607573425111
CLDN5	SRR12765609	324.56727069009264
CLDN5	SRR12765610	93.81505002787259
CLDN5	SRR12765611	294.629658346151
CLDN5	SRR12765612	169.77091900987125
CLDN5	SRR12765613	309.85930234529206
CLDN5	SRR12765614	215.00038916523584
CLDN5	SRR12765615	158.44176386905528
CLDN5	SRR12765616	186.14388892132646
CLDN5	SRR12765617	174.47145178373233
CLDN5	SRR12765618	40.94288349162873
CLDN5	SRR12765619	127.73611198080914
CLDN5	SRR12765620	126.02263378690205
CLDN5	SRR12765621	550.440111246785
CLDN5	SRR12765622	711.3297946573689
CLDN5	SRR12765623	475
CLDN5	SRR12765624	492.95392134150046
CLDN5	SRR12765625	145.2035022199179
CLDN5	SRR12765626	329.62728053375537
CLDN5	SRR12765627	615.332001480903
CLDN5	SRR12765628	229.1609077815212
CLDN5	SRR12765629	227.14639564445127
CLDN5	SRR12765630	739.2736430094301
CLDN5	SRR12765631	399.40588277221156
CLDN5	SRR12765632	135.8889994750293
CLDN5	SRR12765633	249.79301249646983
CLDN5	SRR12765634	245.33361880915513
CLDN5	SRR12765635	270.12855202224284
CLDN5	SRR12765636	116.4052694479081
CLDN5	SRR12765637	264.09734699882824
CLDN5	SRR12765638	695
CLDN5	SRR12765639	128.90479674691645
CLDN5	SRR12765640	343.7375573736575
CLDN5	SRR12765641	60.12750151121576
CLDN5	SRR12765642	373.912692588366
CLDN5	SRR12765643	99.38866293234143
CLDN5	SRR12765644	226.8108045981511
CLDN5	SRR12765645	92.60933405364355
CLDN5	SRR12765646	355.41065887902084
CLDN5	SRR12765647	122.48634244214351
CLDN5	SRR12765648	91.07160764816486
CLDN5	SRR12765649	86.06216092430365
CLDN5	SRR12765650	95.72814873014606
CLDN5	SRR12765651	128.53502712429656
CLDN5	SRR12765652	121.29404986608273
CLDN5	SRR12774664	14.074417238215176
CLDN5	SRR12774665	41.555823214996536
CLDN5	SRR12774666	34.36351525243508
CLDN5	SRR12774667	123.84378452217045
CLDN5	SRR12774668	44.243437343869076
CLDN5	SRR12774669	62.13597925241163
CLDN5	SRR12774670	39.86629475710734
CLDN5	SRR12774671	128.96126345234904
CLDN5	SRR12774672	46.28491681409525
CLDN5	SRR12774673	57.81829720707768
CLDN5	SRR12774674	142.3973413364063
CLDN5	SRR12774675	113.8117301838629
CLDN5	SRR12774676	147.96355117323066
CLDN5	SRR12774677	96.04271603588994
CLDN5	SRR12774678	63.67696726289803
CLDN5	SRR12774679	104.38829514767662
CLDN5	SRR12774680	102.43836649529091
CLDN5	SRR12774681	143.23966622970457
CLDN5	SRR12774682	83.88417508313431
CLDN5	SRR12774683	191.35783204115342
CLDN5	SRR12774684	106.56062284077407
CLDN5	SRR12774685	67.49509396873079
CLDN5	SRR12774686	97.7441600461495
CLDN5	SRR12774687	95.73981941840333
CLDN5	SRR1609360	185.78140875578782
CLDN5	SRR1609361	188.86538658982096
CLDN5	SRR1609362	134.63101654900478
CLDN5	SRR1609363	123.91436776884082
CLDN5	SRR1609364	108.94479551591571
CLDN5	SRR1609365	293.22922108019065
CLDN5	SRR1609366	161.9267953152994
CLDN5	SRR1609367	416.13409835547566
CLDN5	SRR1609368	137.77445684197514
CLDN5	SRR1609369	192.17277982171504
CLDN5	SRR1609370	267.55703820610563
CLDN5	SRR1609371	244.22764698406615
CLDN5	SRR1609372	222.18318686716412
CLDN5	SRR1609373	126.95271819285432
CLDN5	SRR1609374	128.33628818974557
CLDN5	SRR1609375	107.71313503208245
CLDN5	SRR1609376	90.447453863403
CLDN5	SRR1609377	93.5004415105847
CLDN5	SRR1609378	346.04277450842073
CLDN5	SRR1609379	137.25087773011907
CLDN5	SRR1609380	162.5603836662551
CLDN5	SRR1609381	217.15620770220906
CLDN5	SRR1609382	230.3039753937907
CLDN5	SRR1609383	166.73694284091587
CLDN5	SRR1609384	106.03730499747678
CLDN5	SRR1609385	97.72628317313904
CLDN5	SRR1609386	121.82259242640171
CLDN5	SRR1609387	184.39206254999675
CLDN5	SRR1609388	113.46016698771449
CLDN5	SRR1609389	243.61615101044669
CLDN5	SRR1609390	138.80302780875195
CLDN5	SRR1609391	156.4545777916529
CLDN5	SRR1609392	77.20043028070752
CLDN5	SRR1609393	223.66427273988566
CLDN5	SRR1609394	137.806851039972
CLDN5	SRR1609395	167.93906765655177
CLDN5	SRR1609396	161.18320986954532
CLDN5	SRR1609397	136.00200406041756
CLDN5	SRR1609398	129.60875333425054
CLDN5	SRR1609399	173.6691590236679
CLDN5	SRR1609400	229.50818523378152
CLDN5	SRR1609401	129.3824870215568
CLDN5	SRR1609402	103.46288127499015
CLDN5	SRR1609403	153.49836342437857
CLDN5	SRR1609404	294.5547389024154
CLDN5	SRR1609405	159.0788112214459
CLDN5	SRR1609406	118.4835458114038
CLDN5	SRR1609407	147.3563661107742
CLDN5	SRR1609408	156.22135644022248
CLDN5	SRR1609409	185.50962032212442
CLDN5	SRR1609410	159
CLDN5	SRR1609411	57.94149594446191
CLDN5	SRR1609412	199
CLDN5	SRR1609413	330.9541473556937
CLDN5	SRR1609414	199.32855159409516
CLDN5	SRR1609415	408.07340500626583
CLDN5	SRR1609416	381.0332975830234
CLDN5	SRR1609417	394.68244636581784
CLDN5	SRR1609418	187.2719091235442
CLDN5	SRR1609419	77.37778670265752
CLDN5	SRR1609420	205.97932749942547
CLDN5	SRR1609421	191.23371420672606
CLDN5	SRR1609422	134.2440984455137
CLDN5	SRR1609423	288.8818623208981
CLDN5	SRR1609424	76.63262016149332
CLDN5	SRR1609425	174.2872762682038
CLDN5	SRR1609426	236.12240214078673
CLDN5	SRR1609427	584.0925859128498
CLDN5	SRR1609428	73.63694883953457
CLDN5	SRR1609429	136.17553353216053
CLDN5	SRR1609430	347.44521550300493
CLDN5	SRR1609431	85.64469351701368
CLDN5	SRR1609432	169.26120829741606
CLDN5	SRR1609433	276.3266298688281
CLDN5	SRR1609434	363.4717122763754
CLDN5	SRR1609435	119.54898192011656
CLDN5	SRR1609436	209.68428317654968
CLDN5	SRR1609437	148.2136101554961
CLDN5	SRR1609438	154.88896128927277
CLDN5	SRR1609439	257.82114238091214
CLDN5	SRR1609440	192.49532331046936
CLDN5	SRR1609441	249.5643771749019
CLDN5	SRR1609442	159.17072376875768
CLDN5	SRR1609443	194.72072093081144
CLDN5	SRR1609444	164.0885337282408
CLDN5	SRR1609445	380.3376845315654
CLDN5	SRR1609446	157.78296450913808
CLDN5	SRR1609447	25.92094860511902
CLDN5	SRR1609448	176.55489367894455
CLDN5	SRR1609449	248.6212287524774
CLDN5	SRR1609450	156.32546052491566
CLDN5	SRR1609451	323.1973436638929
CLDN5	SRR1609452	24.01610120035194
CLDN5	SRR1609453	229.4217810451151
CLDN5	SRR1609454	199.21435559830573
CLDN5	SRR1609455	21.289853943387985
CLDN5	SRR1609456	154.75393380040887
CLDN5	SRR1609457	139.93068656079308
CLDN5	SRR1609458	19.854873765029662
CLDN5	SRR1609459	173.6771202912447
CLDN5	SRR1609460	163.6036333455139
CLDN5	SRR1609461	237.40503882276883
CLDN5	SRR1609462	208.7780745307292
CLDN5	SRR1609463	96.63401945809025
CLDN5	SRR1609464	196.2292156704401
CLDN5	SRR1609465	169.05033994296343
CLDN5	SRR1609466	38.135853866674545
CLDN5	SRR1609467	432.1897899799053
CLDN5	SRR1609468	373.64372471885827
CLDN5	SRR1609469	693.1246805621132
CLDN5	SRR1609470	165.80061815438168
CLDN5	SRR1609471	154.3302256123804
CLDN5	SRR1609472	141.35748906879766
CLDN5	SRR1609473	103.69355759684893
CLDN5	SRR1609474	234.60664606696108
CLDN5	SRR1609475	220.7906892766021
CLDN5	SRR1609476	855.2944167789706
CLDN5	SRR1609477	246.40360268380323
CLDN5	SRR1609478	436.9404287062836
CLDN5	SRR1609479	118.24577614216396
CLDN5	SRR1609480	968
CLDN5	SRR1609481	194.0393889593164
CLDN5	SRR1609482	280.03510670585365
CLDN5	SRR1609483	443.03446240984374
CLDN5	SRR1609484	208.67052738385053
CLDN5	SRR1609485	360.32396216571567
CLDN5	SRR1609486	269.88072810761656
CLDN5	SRR1609487	117.46756595323241
CLDN5	SRR1609488	176.25347880979575
CLDN5	SRR1609489	153.33952987235185
CLDN5	SRR1609490	99.65071660955988
CLDN5	SRR1609491	131.46997965645042
CLDN5	SRR1609492	239
CLDN5	SRR1609493	155.70819433949018
CLDN5	SRR1609494	176.04666314453908
CLDN5	SRR1609495	529.196751599792
CLDN5	SRR1609496	296.26636889181066
CLDN5	SRR1609497	273.24567130900107
CLDN5	SRR1609498	197.07089258374995
CLDN5	SRR1609499	166.35140852686004
CLDN5	SRR1609500	169.2916607975524
CLDN5	SRR1609501	226.29169542844323
CLDN5	SRR1609502	91.18112217914874
CLDN5	SRR1609503	17.608237152339758
CLDN5	SRR1609504	204
CLDN5	SRR1609505	312
CLDN5	SRR1609506	73.43978304253659
CLDN5	SRR1609507	139.8570788694226
CLDN5	SRR1609508	244.13172091274853
CLDN5	SRR1609509	70.44955398328098
CLDN5	SRR1609510	166.9459089537582
CLDN5	SRR1609511	334.08114476855764
CLDN5	SRR1609512	137.46494319093478
CLDN5	SRR1609513	179.58363163132572
CLDN5	SRR1609514	167.968834975828
CLDN5	SRR1609515	103.20402629390583
CLDN5	SRR1609516	130.54656979944008
CLDN5	SRR1609517	202.5590670803744
CLDN5	SRR1609518	375.60764769652974
CLDN5	SRR1609519	267.4607895440621
CLDN5	SRR1609520	211.5567623229049
CLDN5	SRR1609521	181.30379105468887
CLDN5	SRR1609522	157.7687106386914
CLDN5	SRR1609523	179.85813274374343
CLDN5	SRR1609524	132.19709608832133
CLDN5	SRR1609525	182.0042021427753
CLDN5	SRR1609526	8.1654978078318
CLDN5	SRR1609527	105
CLDN5	SRR1609528	399.52519433870214
CLDN5	SRR1609529	77.98829438986247
CLDN5	SRR1609530	257.25258225826195
CLDN5	SRR1609531	187.71850500387853
CLDN5	SRR1609532	314.30321420337157
CLDN5	SRR1609533	89.33861037677045
CLDN5	SRR1609534	530.6985762862563
CLDN5	SRR1609535	83.58399509098894
CLDN5	SRR1609536	145.61071168097928
CLDN5	SRR1609537	134.5195264398623
CLDN5	SRR1609538	218
CLDN5	SRR1609539	160.9985860249813
CLDN5	SRR1609540	275
CLDN5	SRR1609541	362.0969650610506
CLDN5	SRR1609542	108.25618168960852
CLDN5	SRR1609543	513.0681781330564
CLDN5	SRR1609544	237.40122139675944
CLDN5	SRR1609545	101.9395439516046
CLDN5	SRR1609546	286
CLDN5	SRR1609547	448.3268172917032
CLDN5	SRR1609548	141.56957529754368
CLDN5	SRR1609549	49.532101843710365
CLDN5	SRR1609550	340
CLDN5	SRR1609551	78.91599512784218
CLDN5	SRR1609552	96.43862359091005
CLDN5	SRR1609553	363.9648182226864
CLDN5	SRR1609554	135.23469862488005
CLDN5	SRR1609555	180.64083387179454
CLDN5	SRR1609556	165.66165924717174
CLDN5	SRR1609557	141.89454963805738
CLDN5	SRR1609558	128.55561805931055
CLDN5	SRR1609559	103.25019944395198
CLDN5	SRR1609560	152.12045892122646
CLDN5	SRR1609561	180.4698823348642
CLDN5	SRR1609562	193.19400915038457
CLDN5	SRR1609563	93.41637658927033
CLDN5	SRR1609564	398.38122944855354
CLDN5	SRR1609565	65.63185819813714
CLDN5	SRR1609566	267.90237079412566
CLDN5	SRR1609567	10.071120577659745
CLDN5	SRR1609568	240
CLDN5	SRR1609569	354
CLDN5	SRR1609570	194.45846006919706
CLDN5	SRR1609571	663.9094657535961
CLDN5	SRR1609572	276.6946395691372
CLDN5	SRR1609573	257.08413679971227
CLDN5	SRR1609574	218.13807108813208
CLDN5	SRR1609575	63.348291722152894
CLDN5	SRR1609576	119.47921085884646
CLDN5	SRR1609577	330.39334172877807
CLDN5	SRR1609578	307.5476325559117
CLDN5	SRR1609579	385.6155307384277
CLDN5	SRR1609580	195.50865761042954
CLDN5	SRR1609581	77.12065625749898
CLDN5	SRR1609582	138.1571822562814
CLDN5	SRR1609583	113.98698872114977
CLDN5	SRR1609584	288.59601611832903
CLDN5	SRR1609585	159.14308328985777
CLDN5	SRR1609586	33.43737117727507
CLDN5	SRR1609587	50.61244200887985
CLDN5	SRR1609588	112.5567240522175
CLDN5	SRR1609589	170.45184324478427
CLDN5	SRR1609590	227.0816884086865
CLDN5	SRR1609591	146.47801599892944
CLDN5	SRR1609592	315.168822955309
CLDN5	SRR1609593	216.20173635228588
CLDN5	SRR1609594	517.9523268403497
CLDN5	SRR1609595	107.63255919704281
CLDN5	SRR1609596	81.21280737007338
CLDN5	SRR1609597	201.85125132973977
CLDN5	SRR1609598	381.3704965254966
CLDN5	SRR1609599	698.7239490535893
CLDN5	SRR1609600	196.97564764498483
CLDN5	SRR1609601	356.8456323826142
CLDN5	SRR1609602	76.78408483093497
CLDN5	SRR1609603	360
CLDN5	SRR1609604	228.6122140496839
CLDN5	SRR1609605	221.70543609040138
CLDN5	SRR1609606	132.1242208923294
CLDN5	SRR1609607	125.63337280046505
CLDN5	SRR1609608	122.47915260829689
CLDN5	SRR1609609	110.55309549051688
CLDN5	SRR1609610	364
CLDN5	SRR1609611	166.8531405848142
CLDN5	SRR1609612	275.64388815206866
CLDN5	SRR1609613	206.18537835038174
CLDN5	SRR1609614	206.42452306408106
CLDN5	SRR1609615	214.68462368267203
CLDN5	SRR1609616	477
CLDN5	SRR1609617	383
CLDN5	SRR1609618	238.76870275973627
CLDN5	SRR1609619	253.92662921503026
CLDN5	SRR1609620	45.57769722851105
CLDN5	SRR1609621	122.06020763751586
CLDN5	SRR1609622	158.03755031847663
CLDN5	SRR1609623	174.3199486338079
CLDN5	SRR1609624	9.869357136229866
CLDN5	SRR1609625	172.27870774347497
CLDN5	SRR1609626	534.2176864542254
CLDN5	SRR1609627	113.63040636428232
CLDN5	SRR1609628	354.6796352807708
CLDN5	SRR1609629	73.19721708687247
CLDN5	SRR1609630	141.40019943499954
CLDN5	SRR1609631	255
CLDN5	SRR1609632	174
CLDN5	SRR1609633	294.074079985221
CLDN5	SRR1609634	136.13428607556577
CLDN5	SRR1609635	308.61404600173455
CLDN5	SRR1609636	305.03935921146706
CLDN5	SRR1609637	135.55887103457778
CLDN5	SRR1609638	75.84963363500925
CLDN5	SRR1609639	122.68191551152965
CLDN5	SRR1609640	274.04929649930597
CLDN5	SRR1609641	154.0439165364474
CLDN5	SRR1609642	416
CLDN5	SRR1609643	173.09944988171705
CLDN5	SRR1609644	365.3941894294939
CLDN5	SRR1609645	193.6233598009626
CLDN5	SRR1609646	298.71503996807394
CLDN5	SRR1609647	111.32151438842902
CLDN5	SRR1609648	225.82259349495476
CLDN5	SRR1609649	137.13519618589817
CLDN5	SRR1609650	234.7528658574184
CLDN5	SRR1609651	108.37309523070282
CLDN5	SRR1609652	226.81460375634015
CLDN5	SRR1609653	80.93768332173383
CLDN5	SRR1609654	101.44418874235197
CLDN5	SRR1609655	112.77056130608057
CLDN5	SRR1609656	281.061298817434
CLDN5	SRR1609657	137.8048034753682
CLDN5	SRR1609658	141.83043490224694
CLDN5	SRR1609659	156.25037422255207
CLDN5	SRR1609660	288.1333006763283
CLDN5	SRR1609661	164.24352153661295
CLDN5	SRR1609662	134.63234842472536
CLDN5	SRR1609663	230.61376063868005
CLDN5	SRR1609664	197.4417201076443
CLDN5	SRR1609665	222
CLDN5	SRR1609666	105.75687429496507
CLDN5	SRR1609667	142.42430420170808
CLDN5	SRR1609668	132.91219390476624
CLDN5	SRR1609669	119.3117429239944
CLDN5	SRR1746771	76.2257213588116
CLDN5	SRR1746772	40.0870582574307
CLDN5	SRR1746773	50.45321242644065
CLDN5	SRR1746774	101.9442797538904
CLDN5	SRR1746775	514.0728212029809
CLDN5	SRR1746776	183.56683268733246
CLDN5	SRR1746777	83.56950774283337
CLDN5	SRR1746778	234.4005035922352
CLDN5	SRR1746779	71.12122673315746
CLDN5	SRR1746780	37.597781682361465
CLDN5	SRR1746781	51.61241668407035
CLDN5	SRR1746782	652.9698472301201
CLDN5	SRR1746783	106
CLDN5	SRR1746784	23
CLDN5	SRR1782685	132.12811710059486
CLDN5	SRR1782686	157.77585004473096
CLDN5	SRR1782687	50.62228404577637
CLDN5	SRR1782688	132.20267105712185
CLDN5	SRR1782689	194.4817231410749
CLDN5	SRR1782690	122.51378365912704
CLDN5	SRR1782691	181.32590853128718
CLDN5	SRR1782692	136.13353193884737
CLDN5	SRR1782693	194.7670334169009
CLDN5	SRR1782694	90.44933293593347
CLDN5	SRR1782695	217.15620770220906
CLDN5	SRR1782696	108.36796720475978
CLDN5	SRR1782697	176.55656015074646
CLDN5	SRR1782698	267.5652173293472
CLDN5	SRR1782699	107.62270894292435
CLDN5	SRR1782700	221.70720672918847
CLDN5	SRR1782701	139.8865172984504
CLDN5	SRR1782702	49.531109545047705
CLDN5	SRR1782703	173.68313943207244
CLDN5	SRR1782704	162.5599558211268
CLDN5	SRR1782705	663.9588932424988
CLDN5	SRR1782706	234.60367528463453
CLDN5	SRR1782707	208.81092109715863
CLDN5	SRR1782708	57.959118177463495
CLDN5	SRR1782709	35.70463058551168
CLDN5	SRR1782710	199
CLDN5	SRR1782711	196.25979771460806
CLDN5	SRR1782712	294.5290173440329
CLDN5	SRR1782713	220.7932085112121
CLDN5	SRR1782714	141.35243171599296
CLDN5	SRR1782715	243.608703979242
CLDN5	SRR1782716	363.42826653126804
CLDN5	SRR1782717	222.18318686716412
CLDN5	SRR1782718	293.2452582599332
CLDN5	SRR1782719	97.71916350580963
CLDN5	SRR1782720	346.0447277112476
CLDN5	SRR1782721	38.139817933754884
CLDN5	SRR1782722	192.17277982171504
CLDN5	SRR1782723	229.5190456749098
CLDN5	SRR1782724	157.80555647068226
CLDN5	SRR1782725	134.70650829195367
CLDN5	SRR1782726	184.4057219433475
CLDN5	SRR1782727	239
CLDN5	SRR1782728	244.27080955309424
CLDN5	SRR1782729	328.42041684177576
CLDN5	SRR1782730	530.7633168704077
CLDN5	SRR1782731	110.52034116080141
CLDN5	SRR1782732	76.66183183826217
CLDN5	SRR1782733	163.60810715782983
CLDN5	SRR1782734	70.44400327028727
CLDN5	SRR1782735	119.55956048996164
CLDN5	SRR1782736	141.6020655119869
CLDN5	SRR1782737	172.2886854221353
CLDN5	SRR1782738	185.83238749436265
CLDN5	SRR1782739	166.73608847049877
CLDN5	SRR1782740	206.45752563496825
CLDN5	SRR1782741	288.9823474758847
CLDN5	SRR1782742	340
CLDN5	SRR1782743	156.3185674650653
CLDN5	SRR1782744	122.61727534435035
CLDN5	SRR1782745	169.06123150397156
CLDN5	SRR1782746	257.11662590834607
CLDN5	SRR1782747	85.64771952384345
CLDN5	SRR1782748	136.01401291917227
CLDN5	SRR1782749	113.4645415959047
CLDN5	SRR1782750	136.19161131349978
CLDN5	SRR1782751	77.20805693122293
CLDN5	SRR1782752	96.65854467701736
CLDN5	SRR1782753	159.16904925955356
CLDN5	SRR1782754	276.34765357583456
CLDN5	SRR1782755	141.3891864070545
CLDN5	SRR1782756	223.7665680341675
CLDN5	SRR1782757	169.24857097652307
CLDN5	SRR1782758	199.35831932445387
CLDN5	SRR1782759	128.57267682337803
CLDN5	SRR1782760	230.30229155230663
CLDN5	SRR1782761	354.01280552490437
CLDN5	SRR1782762	156.5440530261382
CLDN5	SRR1782763	137.75777921505454
CLDN5	SRR1782764	161.19576468536732
CLDN5	SRR1782765	153.50562704304886
CLDN5	SRR1782766	129.38872115085462
CLDN5	SRR1782767	106.04332365089058
CLDN5	SRR1782768	107.71333226309383
CLDN5	SRR1782769	108.9418164546919
CLDN5	SRR1782770	129.61176777890051
CLDN5	SRR1782771	121.82633879216681
CLDN5	SRR1782772	93.50830552971897
CLDN5	SRR1782773	103.45482301476628
CLDN5	SRR1782774	128.3267063908657
CLDN5	SRR1782775	141.82249512162502
CLDN5	SRR1782776	48.73118856717266
CLDN5	SRR1782777	408.07340500626583
CLDN5	SRR1782778	354.65795141514917
CLDN5	SRR1782779	356.8648809249602
CLDN5	SRR1782780	91.18323168438992
CLDN5	SRR1782781	101.46518638386296
CLDN5	SRR1782782	8.166851536637653
CLDN5	SRR1782783	161.0296382152277
CLDN5	SRR1782784	193.66081485356122
CLDN5	SRR1782785	225.24299348393458
CLDN5	SRR1782786	308.648144932466
CLDN5	SRR1782787	105
CLDN5	SRR1782788	226.85854586250375
CLDN5	SRR1782789	166.84980217020305
CLDN5	SRR1782790	216.22086746600925
CLDN5	SRR1782791	237.41988825879608
CLDN5	SRR1782792	228.57120660967777
CLDN5	SRR1782793	334.07995516019724
CLDN5	SRR1782794	385.6507832531877
CLDN5	SRR1782795	698.6739772250116
CLDN5	SRR1782796	211.69520040399505
CLDN5	SRR1782797	517.9806913849412
CLDN5	SRR1782798	486.3938799809695
CLDN5	SRR1782799	375.60764769652974
CLDN5	SRR1782800	307.55278408345396
CLDN5	SRR1782801	161.90532869883137
CLDN5	SRR1782802	126.94054983045532
CLDN5	SRR1782803	159.58989952054026
CLDN5	SRR1782804	416.14222276143045
CLDN5	SRR1782805	137.24668214799084
CLDN5	SRR1782806	255.693397062292
CLDN5	SRR1782807	234.06808037263673
CLDN5	SRR1782808	140.67530185350833
CLDN5	SRR1782809	763.3558049820933
CLDN5	SRR1782810	436.26466901301114
CLDN5	SRR1782811	169.53263839023325
CLDN5	SRR1782812	218.7750757352108
CLDN5	SRR1782813	204.28226789833406
CLDN5	SRR1782814	371.8355990768593
CLDN5	SRR1782815	184.87427631147781
CLDN5	SRR1782816	164.0885337282408
CLDN5	SRR1782817	137.49194873155668
CLDN5	SRR1782818	112.56172034809586
CLDN5	SRR1782819	381.4127122307421
CLDN5	SRR1782820	113.9667990737918
CLDN5	SRR1782821	230.62853643797447
CLDN5	SRR1782822	208.6626229709055
CLDN5	SRR1782823	280.0817005725491
CLDN5	SRR1782824	246.41113515406462
CLDN5	SRR1782825	176.02352815481115
CLDN5	SRR1782826	394.7251394369698
CLDN5	SRR1782827	276.7034999014437
CLDN5	SRR1782828	229
CLDN5	SRR1782829	968
CLDN5	SRR1782830	158.0028862247858
CLDN5	SRR1782831	63.36124593053057
CLDN5	SRR1782832	154.93776588145525
CLDN5	SRR1782833	436.96311244187325
CLDN5	SRR1782834	693.1246805621132
CLDN5	SRR1782835	156.18620722755793
CLDN5	SRR1782836	287.1899319211082
CLDN5	SRR1782837	142.91055242129977
CLDN5	SRR1782838	137.82263904151327
CLDN5	SRR1782839	93.31030863299694
CLDN5	SRR1782840	122.038904307499
CLDN5	SRR1782841	257.8781431601421
CLDN5	SRR1782842	291
CLDN5	SRR1782843	75.84180896800022
CLDN5	SRR1782844	154.0439165364474
CLDN5	SRR1782845	174.28207865727654
CLDN5	SRR1782846	113.63288414678603
CLDN5	SRR1782847	25.917683430929394
CLDN5	SRR1782848	9.871699397734421
CLDN5	SRR1782849	19.85250827135345
CLDN5	SRR1782850	21.29063709616064
CLDN5	SRR1782851	24.016162593656357
CLDN5	SRR1782852	36.66599554289964
CLDN5	SRR1782853	10.073075652306313
CLDN5	SRR1782854	267.87417994324767
CLDN5	SRR1782855	275.6633429955253
CLDN5	SRR1782856	448.3834998445715
CLDN5	SRR1782857	159.14161591938563
CLDN5	SRR1782858	398.4298284738043
CLDN5	SRR1782859	174.2819485311898
CLDN5	SRR1782860	249.5643771749019
CLDN5	SRR1782861	229.42852915079942
CLDN5	SRR1782862	205.96739870946791
CLDN5	SRR1782863	192.51031707646223
CLDN5	SRR1782864	138.8106598270899
CLDN5	SRR1782865	347.4817803419925
CLDN5	SRR1782866	380.3376845315654
CLDN5	SRR1782867	134.25119464786303
CLDN5	SRR1782868	253.92744790532734
CLDN5	SRR1782869	209.73415460472316
CLDN5	SRR1782870	248.6212287524774
CLDN5	SRR1782871	584.1264141682765
CLDN5	SRR1782872	381.05609535553793
CLDN5	SRR1782873	236.09779698749296
CLDN5	SRR1782874	191.23546256679217
CLDN5	SRR1782875	243.2550969277466
CLDN5	SRR1782876	288.1430378137351
CLDN5	SRR1782877	282.9655429466542
CLDN5	SRR1782878	534.2699690878219
CLDN5	SRR1782879	281.10139032948706
CLDN5	SRR1782880	130.5509814723885
CLDN5	SRR1782881	330.3742078048804
CLDN5	SRR1782882	225.79413989340952
CLDN5	SRR1782883	267.4889368900861
CLDN5	SRR1782884	467.3361704927725
CLDN5	SRR1782885	360
CLDN5	SRR1782886	182.00843520249776
CLDN5	SRR1782887	193.17958496711898
CLDN5	SRR1782888	238.78176140576394
CLDN5	SRR1782889	88.38346784415265
CLDN5	SRR1782890	164.25348024127948
CLDN5	SRR1782891	206.14828933942428
CLDN5	SRR1782892	169.31410674904015
CLDN5	SRR1782893	119.46663829143557
CLDN5	SRR1782894	145.6694087279568
CLDN5	SRR1782895	187.69378119711337
CLDN5	SRR1782896	153.33064958778039
CLDN5	SRR1782897	364.01917273679015
CLDN5	SRR1782898	108.24479009995746
CLDN5	SRR1782899	134.50826478681716
CLDN5	SRR1782900	296.319671427754
CLDN5	SRR1782901	360.36188235304894
CLDN5	SRR1782902	364
CLDN5	SRR1782903	81.20674388796971
CLDN5	SRR1782904	416
CLDN5	SRR1782905	154.326005500822
CLDN5	SRR1782906	141.90553016632313
CLDN5	SRR1782907	165.8097881424092
CLDN5	SRR1782908	244.75484117396132
CLDN5	SRR1782909	266.9189197348792
CLDN5	SRR1782910	240
CLDN5	SRR1782911	315.2037371735512
CLDN5	SRR1782912	856.2610047427788
CLDN5	SRR1782913	275
CLDN5	SRR1782914	180.50537491080505
CLDN5	SRR1782915	354
CLDN5	SRR1782916	215.31521952146488
CLDN5	SRR1782917	199.64462325620295
CLDN5	SRR1782918	408.4406281842014
CLDN5	SRR1782919	289
CLDN5	SRR1782920	273.2948320938406
CLDN5	SRR1782921	166.34632337907692
CLDN5	SRR1782922	40.35327943570566
CLDN5	SRR1782923	136.76689010038842
CLDN5	SRR1782924	203.04764289010254
CLDN5	SRR1782925	145.51516336016465
CLDN5	SRR1782926	91.67651032258073
CLDN5	SRR1782927	186.54185018104425
CLDN5	SRR1782928	75.54730322157344
CLDN5	SRR1782929	135.1754189919682
CLDN5	SRR1782930	174.51166407150382
CLDN5	SRR1782931	229.62580367085283
CLDN5	SRR1782932	143.53644698034148
CLDN5	SRR1782933	235.45333609757677
CLDN5	SRR1782934	188.1109082468642
CLDN5	SRR1782935	213.96961202848962
CLDN5	SRR1782936	77.97389099230934
CLDN5	SRR1782937	156.2344360135651
CLDN5	SRR1782938	17.613400530608693
CLDN5	SRR1782939	179.8576055400153
CLDN5	SRR1782940	170.4542351270022
CLDN5	SRR1782941	195.5376288217765
CLDN5	SRR1782942	117.47115689483223
CLDN5	SRR1782943	96.45302573711669
CLDN5	SRR1782944	226.29788347300737
CLDN5	SRR1782945	218.16769685803095
CLDN5	SRR1782946	513.1064875094349
CLDN5	SRR1782947	288.61756478159447
CLDN5	SRR1782948	218
CLDN5	SRR1782949	298.7514805900136
CLDN5	SRR1782950	222
CLDN5	SRR1782951	179.6019518014791
CLDN5	SRR1782952	102.66770030747692
CLDN5	SRR1782953	103.1963209111377
CLDN5	SRR1782954	132.91715099625316
CLDN5	SRR1782955	305.10496634007836
CLDN5	SRR1782956	21.32096636258068
CLDN5	SRR1782957	119.31495263367408
CLDN5	SRR1782958	122.67686553269938
CLDN5	SRR1782959	103.74197087169472
CLDN5	SRR1782960	312
CLDN5	SRR1782961	190.6946345068507
CLDN5	SRR1782962	197.4570413227057
CLDN5	SRR1782963	112.78169524774783
CLDN5	SRR1782964	191.07979933891644
CLDN5	SRR1782965	142.44754231605398
CLDN5	SRR1782966	244
CLDN5	SRR1782967	202.83479428046635
CLDN5	SRR1782968	141.152275916599
CLDN5	SRR1782969	173.12669418483213
CLDN5	SRR1782970	45.577227690969764
CLDN5	SRR1782971	105.78156633659516
CLDN5	SRR1782972	167.95679061441973
CLDN5	SRR1782973	80.98444136577575
CLDN5	SRR1782974	352
CLDN5	SRR1782975	67.6085671085676
CLDN5	SRR1782976	88.8754489469138
CLDN5	SRR1782977	274.0986018677537
CLDN5	SRR1782978	234.9204008568648
CLDN5	SRR1782979	164.39133875046247
CLDN5	SRR1782980	373.66536463633577
CLDN5	SRR1782981	178.20075990315536
CLDN5	SRR1782982	129.75665990022364
CLDN5	SRR1782983	365.3669084968413
CLDN5	SRR1782984	227.0816884086865
CLDN5	SRR1782985	149.01640283382605
CLDN5	SRR1782986	191.585023085588
CLDN5	SRR1782987	90.1161618962827
CLDN5	SRR1782988	174
CLDN5	SRR1782989	91.84032185458541
CLDN5	SRR1782990	109.50936898652338
CLDN5	SRR1782991	135.56802880118627
CLDN5	SRR1782992	203.49672009500884
CLDN5	SRR1782993	111.33796245557265
CLDN5	SRR1782994	204
CLDN5	SRR1782995	137.1548235845278
CLDN5	SRR1782996	255
CLDN5	SRR1782997	93.42049589950503
CLDN5	SRR1782998	294.0870475441402
CLDN5	SRR1782999	88.92174178369876
CLDN5	SRR1783000	121.47898491284876
CLDN5	SRR1783001	73.21888029407206
CLDN5	SRR1783002	76.12610925685037
CLDN5	SRR1783003	280
CLDN5	SRR1783004	134.62029947404088
CLDN5	SRR1783005	199.19319985710055
CLDN5	SRR1783006	122.92220069432864
CLDN5	SRR1813867	12.612943944116191
CLDN5	SRR1813868	25.50042643146294
CLDN5	SRR1813869	48.5081375082112
CLDN5	SRR1813870	54.847344430360984
CLDN5	SRR1813871	173.28592763639685
CLDN5	SRR1813872	103.19518952776517
CLDN5	SRR1813873	100.46074181576759
CLDN5	SRR1813874	196.11533649833495
CLDN5	SRR1813875	42
CLDN5	SRR1813876	39.210392928431226
CLDN5	SRR1813877	212.53643653995866
CLDN5	SRR1813878	51.03671240927494
CLDN5	SRR1813879	67
CLDN5	SRR1813880	65
CLDN5	SRR1813881	42.8930247320578
CLDN5	SRR1813882	158.43556985615842
CLDN5	SRR1813883	95.08389732830356
CLDN5	SRR1813884	23.31528465217119
CLDN5	SRR1813885	9
CLDN5	SRR1813886	95.11970755942666
CLDN5	SRR1813887	49.5472594579813
CLDN5	SRR1928188	10.081758143811332
CLDN5	SRR1928189	19.13865014946527
CLDN5	SRR1928190	6.052552765380921
CLDN5	SRR1928191	14.1574502860056
CLDN5	SRR1928192	7.0896493618369485
CLDN5	SRR1928193	8.121721708954444
CLDN5	SRR2046996	2.017078144393954
CLDN5	SRR2046997	9.098901507190366
CLDN5	SRR2046998	1.0200140719986568
CLDN5	SRR2046999	1.0076015069974786
CLDN5	SRR2047000	10.105504932171952
CLDN5	SRR2047001	2.018606724764562
CLDN5	SRR2047002	1.0186478082828578
CLDN5	SRR2047003	1.023518185444259
CLDN5	SRR2047004	1.007825499021943
CLDN5	SRR2047005	2.016072230327048
CLDN5	SRR2047006	1.0150270823281453
CLDN5	SRR2047007	1.0260812180778769
CLDN5	SRR2047008	1.0124150282865771
CLDN5	SRR2047009	1.0183672447201313
CLDN5	SRR2313973	1508.341602214855
CLDN5	SRR2313974	364.7602289411874
CLDN5	SRR2313975	156.61888988715458
CLDN5	SRR2313976	34.5070508621843
CLDN5	SRR2313977	420.6536502223018
CLDN5	SRR2313978	199.26436583048488
CLDN5	SRR2313979	720.5004762212476
CLDN5	SRR2313980	149.87806988141935
CLDN5	SRR2313981	302.08370215285987
CLDN5	SRR2313982	205.71409062419318
CLDN5	SRR2313983	525.8327991919533
CLDN5	SRR2313984	245.3354125512929
CLDN5	SRR2313985	444.52644772138626
CLDN5	SRR2313986	467.9086066082291
CLDN5	SRR2313987	825.7780898245246
CLDN5	SRR2313988	333.0168480302146
CLDN5	SRR2313989	208.2264014866785
CLDN5	SRR2313990	207.22629835859212
CLDN5	SRR2313991	87.44923260860718
CLDN5	SRR2313992	277.19684970151786
CLDN5	SRR2313993	202.10118674257768
CLDN5	SRR2313994	246.34037532402746
CLDN5	SRR2313995	249.06208533183275
CLDN5	SRR2313996	382.729087484709
CLDN5	SRR2313997	120.46141669270489
CLDN5	SRR2313998	151.67769631272478
CLDN5	SRR2313999	593.5445150850106
CLDN5	SRR2314000	458.97082461304404
CLDN5	SRR2314001	121.69409696321462
CLDN5	SRR2314002	46.5010819585755
CLDN5	SRR2314003	444.58513322023913
CLDN5	SRR2314004	212.6882789803627
CLDN5	SRR2314005	78.7466115356263
CLDN5	SRR2314006	110.07746706347301
CLDN5	SRR2314007	314.8969404040092
CLDN5	SRR2314008	397.52327318045985
CLDN5	SRR2314009	188.55074537306703
CLDN5	SRR2314010	277.83165488384276
CLDN5	SRR2314011	934.6736009400852
CLDN5	SRR2314012	200.47516553130768
CLDN5	SRR2314013	179.12515077991316
CLDN5	SRR2314014	157.81772533345412
CLDN5	SRR2314015	147.14277532766633
CLDN5	SRR2314016	251.81995346170933
CLDN5	SRR2314017	56.09122830707349
CLDN5	SRR2314018	121.42608748711856
CLDN5	SRR2314019	405.3653850218231
CLDN5	SRR2314020	77.26965342781425
CLDN5	SRR2314021	278.40731986112024
CLDN5	SRR2314022	240.93573130479857
CLDN5	SRR2314023	693.8220057132193
CLDN5	SRR2314024	324.2571387060598
CLDN5	SRR2314025	439.1856242084967
CLDN5	SRR2314026	81.81956467193808
CLDN5	SRR2314027	236.78162454608312
CLDN5	SRR2314028	213.61397574942671
CLDN5	SRR2314029	413.967002933834
CLDN5	SRR2314030	103.49205235336987
CLDN5	SRR2314031	248.31044737280124
CLDN5	SRR2314032	55.97997603824378
CLDN5	SRR2314033	18.44404444301643
CLDN5	SRR2314034	213.16784022266634
CLDN5	SRR2314035	103.69103255390033
CLDN5	SRR2314036	21.36814797785921
CLDN5	SRR2314037	386.3026959579955
CLDN5	SRR2314038	143.82998423187013
CLDN5	SRR2314039	154.72070669706122
CLDN5	SRR2314040	113.31815218043077
CLDN5	SRR2314041	295.23939454515136
CLDN5	SRR2314042	365.4858093666869
CLDN5	SRR2314043	277.54121614066656
CLDN5	SRR2314044	709.004607667753
CLDN5	SRR2314045	86.65492707586655
CLDN5	SRR3493774	63
CLDN5	SRR3493775	70
CLDN5	SRR3493776	191.3288228980959
CLDN5	SRR3493777	35.02519479067888
CLDN5	SRR3493778	101
CLDN5	SRR3493779	38.13581414497123
CLDN5	SRR3493780	24.14757572716451
CLDN5	SRR3493781	68
CLDN5	SRR3493782	52.44381740032506
CLDN5	SRR3493783	35.09639052404673
CLDN5	SRR3493784	38.7907746020415
CLDN5	SRR3493785	30.02699684714297
CLDN5	SRR3493786	19.773833191794086
CLDN5	SRR3493787	55
CLDN5	SRR3493788	73
CLDN5	SRR3493789	51.932223904070696
CLDN5	SRR3493790	56
CLDN5	SRR3493791	21.030887517792806
CLDN5	SRR3493792	22.01583672556958
CLDN5	SRR3493793	22.216027748319338
CLDN5	SRR3493794	42.131556053238
CLDN5	SRR3493795	25.092951898878372
CLDN5	SRR3493796	43.36052738813767
CLDN5	SRR3493797	48
CLDN5	SRR3493798	3.033566273908356
CLDN5	SRR3493799	23
CLDN5	SRR3493800	14.10153731295107
CLDN5	SRR3493801	57.52520762401614
CLDN5	SRR3493802	94
CLDN5	SRR3493803	40
CLDN5	SRR3493804	10.007198511622537
CLDN5	SRR3493805	30.071983889403416
CLDN5	SRR3493806	123
CLDN5	SRR3493807	68
CLDN5	SRR3493808	50.1043142708063
CLDN5	SRR3493809	26.087871313285646
CLDN5	SRR3493810	93
CLDN5	SRR3493811	68
CLDN5	SRR3493812	49.03527270695043
CLDN5	SRR3493813	19.036214537005986
CLDN5	SRR3493814	71
CLDN5	SRR3493815	45.39521570714879
CLDN5	SRR3493816	4
CLDN5	SRR3493817	22.064089806360073
CLDN5	SRR3493818	13.046639202548514
CLDN5	SRR3493819	85
CLDN5	SRR3493820	22.441309243935745
CLDN5	SRR3493821	7.081925973437691
CLDN5	SRR3493822	80
CLDN5	SRR3493823	40.991242547603
CLDN5	SRR3493824	30.456794923406836
CLDN5	SRR3493825	48.063267286302455
CLDN5	SRR3493826	18.012957320920567
CLDN5	SRR3493827	72
CLDN5	SRR3493828	40
CLDN5	SRR3493829	23.05518764854262
CLDN5	SRR3493830	35.41075671849755
CLDN5	SRR3493831	26.118272189361676
CLDN5	SRR3493832	19.00341837038983
CLDN5	SRR3493833	40.45891807732455
CLDN5	SRR3493834	67
CLDN5	SRR3493835	18.094836449134874
CLDN5	SRR3493836	7
CLDN5	SRR3493837	42.03266796817849
CLDN5	SRR3493838	31
CLDN5	SRR3493839	1.0083404689188882
CLDN5	SRR3493840	9.176257996493877
CLDN5	SRR3493841	88.19287348296109
CLDN5	SRR3493846	33.753784742105026
CLDN5	SRR3493847	14.513814080324797
CLDN5	SRR3493848	45.01619373740481
CLDN5	SRR3493849	40.315145157454715
CLDN5	SRR3493850	80
CLDN5	SRR3714631	896
CLDN5	SRR3714632	102.57356228124719
CLDN5	SRR3714633	983.2800633039702
CLDN5	SRR3714634	3378.388583097496
CLDN5	SRR3714635	2381
CLDN5	SRR3714636	2055
CLDN5	SRR3714637	746
CLDN5	SRR3714638	1019
CLDN5	SRR3714639	4816.866697343214
CLDN5	SRR3714640	308.68285735033584
CLDN5	SRR3714641	2183.4148449802224
CLDN5	SRR3714642	1228.98627524223
CLDN5	SRR3714643	1468.063323816026
CLDN5	SRR3714644	1582.0947938166564
CLDN5	SRR3714645	1202.8290719466418
CLDN5	SRR3714646	3885.397699468451
CLDN5	SRR3714648	7360.54347134026
CLDN5	SRR3714649	4532.544813889888
CLDN5	SRR3714650	2208.1014571478318
CLDN5	SRR3714651	1172.3775592998538
CLDN5	SRR3714652	1310.4412739190461
CLDN5	SRR3714653	1463
CLDN5	SRR3714654	6395
CLDN5	SRR3714655	527.3954833615162
CLDN5	SRR3714656	232.78105526492445
CLDN5	SRR3714657	1647.3707655419544
CLDN5	SRR3714658	665.6948125672579
CLDN5	SRR3714659	1173.4651197513808
CLDN5	SRR3714660	525
CLDN5	SRR3714661	7017
CLDN5	SRR3714662	1432.6119037462033
CLDN5	SRR3714663	2783.08698145802
CLDN5	SRR3714664	533.9403841143627
CLDN5	SRR3714665	680
CLDN5	SRR3714666	1227
CLDN5	SRR3714667	642.7065446604614
CLDN5	SRR3714668	553
CLDN5	SRR3714669	6168.794643176885
CLDN5	SRR3714670	4476.532526653
CLDN5	SRR3714671	2771.487900257821
CLDN5	SRR3714672	1607.402838203732
CLDN5	SRR3714673	1218.0148574123184
CLDN5	SRR3714674	1609.3622303230711
CLDN5	SRR3714675	964.9851598654325
CLDN5	SRR3714676	1428
CLDN5	SRR3714677	846.002012463237
CLDN5	SRR3714678	713.1676233000803
CLDN5	SRR3714679	2267.668571693182
CLDN5	SRR3714680	1052.8138195161396
CLDN5	SRR3714681	2540.0108362750666
CLDN5	SRR3714682	624.2435178046683
CLDN5	SRR3714683	2647.511966069405
CLDN5	SRR3714684	2685.5152821728975
CLDN5	SRR3714685	988.7335923992179
CLDN5	SRR3714686	1620.939415013428
CLDN5	SRR3714688	299.2170103146447
CLDN5	SRR3714689	2070.4504609602072
CLDN5	SRR3714690	612.8611443285952
CLDN5	SRR3714691	542
CLDN5	SRR3714692	2784.101493811509
CLDN5	SRR3714693	813.3864879669084
CLDN5	SRR3714694	981.4915609170005
CLDN5	SRR3714695	1049.7827490286086
CLDN5	SRR3714696	7600
CLDN5	SRR3714697	7617.516587706302
CLDN5	SRR3714698	1495.5027889538803
CLDN5	SRR3714699	2061.179669537829
CLDN5	SRR3714700	1088.644007169329
CLDN5	SRR3714701	470.36109915033416
CLDN5	SRR3714702	2426.891861164321
CLDN5	SRR3714703	672.7144723422641
CLDN5	SRR3714704	1383.9996393892573
CLDN5	SRR3714705	7778.665089599141
CLDN5	SRR3714706	351.92892474358007
CLDN5	SRR3714707	2631.893208556727
CLDN5	SRR3714708	505.4936189911129
CLDN5	SRR3714709	2256.3447173709033
CLDN5	SRR3714710	937.911847761151
CLDN5	SRR3714711	1413.8026020220004
CLDN5	SRR3714712	1776
CLDN5	SRR3714713	2603
CLDN5	SRR3714714	640
CLDN5	SRR3714715	5436.101918436406
CLDN5	SRR3714716	1404
CLDN5	SRR3714717	2068
CLDN5	SRR3714718	725
CLDN5	SRR3714719	793.8863114403798
CLDN5	SRR3714720	3566.568235068208
CLDN5	SRR3714721	1394.6596723904922
CLDN5	SRR3714723	1323.184833332741
CLDN5	SRR3714724	3108.1229344829453
CLDN5	SRR3714725	4045.665174669526
CLDN5	SRR3714726	593.6508678933789
CLDN5	SRR3714727	5315.831650423226
CLDN5	SRR3714728	732.0106395558778
CLDN5	SRR3714729	200.11419971412369
CLDN5	SRR3714730	746.8941033098866
CLDN5	SRR3714731	6656.197329207595
CLDN5	SRR3714732	1014.6114384344285
CLDN5	SRR3714734	1976.0662325702797
CLDN5	SRR3714735	2814.4877910103814
CLDN5	SRR3714736	918.5808734861567
CLDN5	SRR3714737	636
CLDN5	SRR3714738	2688.7330750512597
CLDN5	SRR3714739	1062.6792096755005
CLDN5	SRR3714740	2653.5911116731904
CLDN5	SRR3714741	715.7721792933921
CLDN5	SRR3714744	2704.1152438263207
CLDN5	SRR3714745	3456.093408660441
CLDN5	SRR3714746	1045.8660986141713
CLDN5	SRR3714747	3845.7861513579282
CLDN5	SRR3714748	1491.9405457436758
CLDN5	SRR3714749	1189.3274208742928
CLDN5	SRR3714750	4093.6507945969533
CLDN5	SRR3714751	858.9266151520706
CLDN5	SRR3714752	5654
CLDN5	SRR3714753	5460.836928681431
CLDN5	SRR3714754	531
CLDN5	SRR3714755	1292.175634585189
CLDN5	SRR3714756	28.60704500765394
CLDN5	SRR3714757	1134.745349648593
CLDN5	SRR3714758	1144.120810716369
CLDN5	SRR3714759	824.3034143414353
CLDN5	SRR3714760	493.4436481880495
CLDN5	SRR3714761	5699.0501271554485
CLDN5	SRR3714762	854.6768982686594
CLDN5	SRR3714764	790
CLDN5	SRR3714765	905.2115055386887
CLDN5	SRR3714766	696
CLDN5	SRR3714767	2724.319134955325
CLDN5	SRR3714768	785
CLDN5	SRR5176628	139.96413786694114
CLDN5	SRR5176629	143.82499967819854
CLDN5	SRR5176630	218.4941133499141
CLDN5	SRR5176631	136.3220147083716
CLDN5	SRR5176632	251.715890191987
CLDN5	SRR5176633	237.54063508749638
CLDN5	SRR5176634	334.82585737514273
CLDN5	SRR5176635	216.33142631857984
CLDN5	SRR5176636	665.0266867388873
CLDN5	SRR5176637	357.29341429202975
CLDN5	SRR5176638	38.17183501556464
CLDN5	SRR5176639	274
CLDN5	SRR5176640	103.37559624439912
CLDN5	SRR5176641	91.33780386394656
CLDN5	SRR5176642	307.58515067688614
CLDN5	SRR5176643	375.6471763259299
CLDN5	SRR5176644	408.07340500626583
CLDN5	SRR5176645	101.80277605309438
CLDN5	SRR5176646	105.94182490936144
CLDN5	SRR5176647	243.41868569908627
CLDN5	SRR5176648	230.6489441406733
CLDN5	SRR5176649	161.08802048649483
CLDN5	SRR5176650	221.20592277727403
CLDN5	SRR5176651	21.333880235984143
CLDN5	SRR5176652	448.48631945210747
CLDN5	SRR5176653	243.65661391476127
CLDN5	SRR5176654	127.0285402290588
CLDN5	SRR5176655	206.2595763920199
CLDN5	SRR5176656	134.833896632122
CLDN5	SRR5176657	33.49042217306713
CLDN5	SRR5176658	176.29057829427512
CLDN5	SRR5176659	354.7650323795703
CLDN5	SRR5176660	225.25889105092696
CLDN5	SRR5176661	119.66022129828873
CLDN5	SRR5176662	333.9242826794416
CLDN5	SRR5176663	168.07468488714392
CLDN5	SRR5176664	218
CLDN5	SRR5176665	113.00084997178101
CLDN5	SRR5176666	197.76378140785724
CLDN5	SRR5176667	114.34341186116114
CLDN5	SRR5176668	219.95062777335164
CLDN5	SRR5176669	161.5333994156874
CLDN5	SRR5176670	124.80897609996453
CLDN5	SRR5176671	373.67162365839846
CLDN5	SRR5176672	154.858504922925
CLDN5	SRR5176673	93.44546356354972
CLDN5	SRR5176674	267.6251568603721
CLDN5	SRR5176675	173.73322919017852
CLDN5	SRR5176676	132.39264520551205
CLDN5	SRR5176677	530.7633168704077
CLDN5	SRR5176678	8.178773842383308
CLDN5	SRR5176679	534.7946260844965
CLDN5	SRR5176680	234.66416076446728
CLDN5	SRR5176681	222.24654736082678
CLDN5	SRR5176682	138.36274667120418
CLDN5	SRR5176683	119.54427979716671
CLDN5	SRR5176684	108.28705335551
CLDN5	SRR5176685	192.57370708963347
CLDN5	SRR5176686	131.5708441770909
CLDN5	SRR5176687	347.565546194537
CLDN5	SRR5176688	432.67116357284
CLDN5	SRR5176689	140.04294481916807
CLDN5	SRR5176690	148.70337581348377
CLDN5	SRR5176691	217.20191677650166
CLDN5	SRR5176692	176.71233895726132
CLDN5	SRR5176693	385.83016403020736
CLDN5	SRR5176694	239
CLDN5	SRR5176695	206.92851523572872
CLDN5	SRR5176696	133.0913968982039
CLDN5	SRR5176697	107.89578872832313
CLDN5	SRR5176698	76.87836972052959
CLDN5	SRR5176699	123.00180147926304
CLDN5	SRR5176700	141.571874626199
CLDN5	SRR5176701	155.13097142824697
CLDN5	SRR5176702	286
CLDN5	SRR5176703	142.13871100378904
CLDN5	SRR5176704	161.7032850657805
CLDN5	SRR5176705	181.38812231065486
CLDN5	SRR5176706	309.20763508966184
CLDN5	SRR5176707	167.22341264706432
CLDN5	SRR5176708	222.17405218808523
CLDN5	SRR5176709	103.4952160685029
CLDN5	SRR5176710	105
CLDN5	SRR5176711	267.50890954634724
CLDN5	SRR5176712	118.49918915571067
CLDN5	SRR5176713	195.71117117341024
CLDN5	SRR5176714	103.90594701009948
CLDN5	SRR5176715	193.24319535757203
CLDN5	SRR5176716	174.34466577805452
CLDN5	SRR5176717	167.08877474118577
CLDN5	SRR5176718	159.3914316130463
CLDN5	SRR5176719	156.36526018808257
CLDN5	SRR5176720	174
CLDN5	SRR5176721	204
CLDN5	SRR5176722	134.6181113272157
CLDN5	SRR5176723	137.30714412407477
CLDN5	SRR5176724	257.3924656833421
CLDN5	SRR5176725	49.602521562598824
CLDN5	SRR5176726	199
CLDN5	SRR5176727	244.15741312743046
CLDN5	SRR5176728	437.5682417164088
CLDN5	SRR5176729	172.3331048618345
CLDN5	SRR5176730	137.89625729642438
CLDN5	SRR5176731	117.54334848162726
CLDN5	SRR5176732	312
CLDN5	SRR5176733	103.23345722495942
CLDN5	SRR5176734	76.75284029706141
CLDN5	SRR5176735	249.58301145405488
CLDN5	SRR5176736	229.44976849559188
CLDN5	SRR5176737	81.2368277025603
CLDN5	SRR5176738	195.13465825193668
CLDN5	SRR5176739	228.80328121734567
CLDN5	SRR5176740	208.8659749133704
CLDN5	SRR5176741	158.22957028984214
CLDN5	SRR5176742	400.186129630029
CLDN5	SRR5176743	163.91945500647412
CLDN5	SRR5176744	196.60332460602152
CLDN5	SRR5176745	184.67857065842279
CLDN5	SRR5176746	288.65277359988653
CLDN5	SRR5176747	255
CLDN5	SRR5176748	365.4599290441129
CLDN5	SRR5176749	363.8597502225867
CLDN5	SRR5176750	293.6890338498759
CLDN5	SRR5176751	214.77791594313493
CLDN5	SRR5176752	135.6126687937945
CLDN5	SRR5176753	248.65155836763208
CLDN5	SRR5176754	165.86813189349587
CLDN5	SRR5176755	227.12254363604063
CLDN5	SRR5176756	189.30927256127634
CLDN5	SRR5176757	289.2800055385405
CLDN5	SRR5176758	95.0672241571443
CLDN5	SRR5176759	76.0280830739092
CLDN5	SRR5176760	125.7260166033522
CLDN5	SRR5176761	182.05862054869039
CLDN5	SRR5176762	63.38858556164971
CLDN5	SRR5176763	318.4161165430934
CLDN5	SRR5176764	154.11085707898707
CLDN5	SRR5176765	136.2347092808706
CLDN5	SRR5176766	170.48250995709162
CLDN5	SRR5176767	360.36188235304894
CLDN5	SRR5176768	139.0818179771615
CLDN5	SRR5176769	180.53159369971078
CLDN5	SRR5176770	154.36057736515843
CLDN5	SRR5176771	529.2919616264269
CLDN5	SRR5176772	246.5366211569591
CLDN5	SRR5176773	112.84032536539661
CLDN5	SRR5176774	122.75561298757256
CLDN5	SRR5176775	194.85167039042713
CLDN5	SRR5176776	197.62206994017143
CLDN5	SRR5176777	109.08056723516471
CLDN5	SRR5176778	129.74300585662994
CLDN5	SRR5176779	443.28118486599226
CLDN5	SRR5176780	381.1704165422133
CLDN5	SRR5176781	250.58807775046148
CLDN5	SRR5176782	314.5661322446204
CLDN5	SRR5176783	208.9255544797414
CLDN5	SRR5176784	173.70141769795384
CLDN5	SRR5176785	187.33021981169986
CLDN5	SRR5176786	968
CLDN5	SRR5176787	395.0092827873643
CLDN5	SRR5176788	158.12096173576208
CLDN5	SRR5176789	45.63643297402076
CLDN5	SRR5176790	73.68813366516166
CLDN5	SRR5176791	156.36285123603875
CLDN5	SRR5176792	360
CLDN5	SRR5176793	152.38926177503058
CLDN5	SRR5176794	130.58598538998365
CLDN5	SRR5176795	294.2328328796117
CLDN5	SRR5176796	73.63052009556588
CLDN5	SRR5176797	191.3292949295716
CLDN5	SRR5176798	134.7068898240421
CLDN5	SRR5176799	383
CLDN5	SRR5176800	96.76719998677696
CLDN5	SRR5176801	112.93592447020492
CLDN5	SRR5176802	50.70896226425837
CLDN5	SRR5176803	280.1444440260837
CLDN5	SRR5176804	174.64924849028768
CLDN5	SRR5176805	108.41837324827212
CLDN5	SRR5176806	78.26293021731892
CLDN5	SRR5176807	164.1180555906096
CLDN5	SRR5176808	693.2493835560341
CLDN5	SRR5176809	226.32548983530592
CLDN5	SRR5176810	222
CLDN5	SRR5176811	354
CLDN5	SRR5176812	273.2948320938406
CLDN5	SRR5176813	296.3508558579637
CLDN5	SRR5176814	416
CLDN5	SRR5176815	151.10320089333948
CLDN5	SRR5176816	169.40807029764483
CLDN5	SRR5176817	236.2343599564121
CLDN5	SRR5176818	513.3068255634628
CLDN5	SRR5176819	81.07895774348975
CLDN5	SRR5176820	257.62986568888306
CLDN5	SRR5176821	85.79365443942586
CLDN5	SRR5176822	65.88583532577162
CLDN5	SRR5176823	380.42814426096635
CLDN5	SRR5176824	122.68977594169493
CLDN5	SRR5176825	159.17658121788946
CLDN5	SRR5176826	315.5999938683921
CLDN5	SRR5176827	267.0057197621873
CLDN5	SRR5176828	225.89225984885204
CLDN5	SRR5176829	298.8143646022452
CLDN5	SRR5176830	274.1479161069389
CLDN5	SRR5176831	179.92212124416864
CLDN5	SRR5176832	276.76943188901413
CLDN5	SRR5176833	467.6925736832032
CLDN5	SRR5176834	137.53722223467793
CLDN5	SRR5176835	141.50764785233633
CLDN5	SRR5176836	191.17187992681025
CLDN5	SRR5176837	168.16164116058278
CLDN5	SRR5176838	166.04514410936738
CLDN5	SRR5176839	89.50590313208001
CLDN5	SRR5176840	197.10634844185023
CLDN5	SRR5176841	146.02988268115666
CLDN5	SRR5176842	93.58277042838034
CLDN5	SRR5176843	107.83032327283257
CLDN5	SRR5176844	128.37288614609497
CLDN5	SRR5176845	323.68367071957397
CLDN5	SRR5176846	330.47192266751796
CLDN5	SRR5176847	73.47843487859816
CLDN5	SRR5176848	97.8356728197936
CLDN5	SRR5176849	346.6351861757947
CLDN5	SRR5176850	294.99302632481243
CLDN5	SRR5176851	192.20735443962417
CLDN5	SRR5176852	119.60560179248267
CLDN5	SRR5176853	229.57363461418277
CLDN5	SRR5176854	83.75350661576604
CLDN5	SRR5176855	166.37801419231826
CLDN5	SRR5176856	85.35840148845163
CLDN5	SRR5176857	244.86868591509926
CLDN5	SRR5176858	141.97349771464062
CLDN5	SRR5176859	237.42276519788626
CLDN5	SRR5176860	477
CLDN5	SRR5176861	199.39418672317728
CLDN5	SRR5176862	218.2884111995627
CLDN5	SRR5176863	153.3832580610042
CLDN5	SRR5176864	128.62679497757938
CLDN5	SRR5176865	169.3221187765269
CLDN5	SRR5176866	275
CLDN5	SRR5176867	134.56920491245475
CLDN5	SRR5176868	51.76219119737914
CLDN5	SRR5176869	275.6728966804307
CLDN5	SRR5176870	201.90881371828505
CLDN5	SRR5176871	146.5019155215848
CLDN5	SRR5176872	199.8372279473921
CLDN5	SRR5861974	45.5962563918867
CLDN5	SRR5861975	122.12811047976152
CLDN5	SRR5861976	158.11759958586902
CLDN5	SRR5861977	291
CLDN5	SRR5861978	236.14353758041952
CLDN5	SRR5861979	245.33137774546006
CLDN5	SRR5861980	419
CLDN5	SRR5861981	174.43953806551337
CLDN5	SRR5861982	9.872481412811748
CLDN5	SRR5861983	172.28639183390845
CLDN5	SRR5861984	534.3797378324546
CLDN5	SRR5861985	199.40017286458172
CLDN5	SRR5861986	354.7067976356993
CLDN5	SRR5861987	169.16229410778624
CLDN5	SRR5861988	73.28005998591127
CLDN5	SRR5861989	150.86824157556225
CLDN5	SRR5861990	141.42950668860067
CLDN5	SRR5861991	255
CLDN5	SRR5861992	174
CLDN5	SRR5861993	294.1113550935629
CLDN5	SRR5861994	402
CLDN5	SRR5861995	136.1912025409788
CLDN5	SRR5861996	135.57033931929917
CLDN5	SRR5861997	75.91572661877959
CLDN5	SRR5861998	122.70384587930226
CLDN5	SRR5861999	63.67681954011734
CLDN5	SRR5862000	154.05541856800758
CLDN5	SRR5862001	416
CLDN5	SRR5862002	365.3941894294939
CLDN5	SRR5862003	298.7411270966345
CLDN5	SRR5862004	154.86720341037545
CLDN5	SRR5862005	122.6459293938405
CLDN5	SRR5862006	225.85070280636143
CLDN5	SRR5862007	137.1673688983286
CLDN5	SRR5862008	134.53918181828848
CLDN5	SRR5862009	108.38552334605721
CLDN5	SRR5862010	80.97634102730389
CLDN5	SRR5862011	101.54052515292517
CLDN5	SRR5862012	112.79047999284056
CLDN5	SRR5862013	141.91540093659648
CLDN5	SRR5862014	63.30956109196508
CLDN5	SRR5862015	105
CLDN5	SRR5862016	219.91707620701123
CLDN5	SRR5862017	156.28537718088444
CLDN5	SRR5862018	288.1529213499211
CLDN5	SRR5862019	194.57470374314093
CLDN5	SRR5862020	273.9794232535188
CLDN5	SRR5862021	237.43474900639202
CLDN5	SRR5862022	134.6496486316962
CLDN5	SRR5862023	197.4925666544594
CLDN5	SRR5862024	230.62853643797447
CLDN5	SRR5862025	222
CLDN5	SRR5862026	112.88564840956573
CLDN5	SRR5862027	191.10310940301216
CLDN5	SRR5862028	132.9638314852592
CLDN5	SRR5862029	119.42945200962659
CLDN5	SRR5862030	381.0669025894773
CLDN5	SRR5862031	394.77201965827555
CLDN5	SRR5862032	63.35331659948387
CLDN5	SRR5862033	187.2890292995077
CLDN5	SRR5862034	14.951803020492207
CLDN5	SRR5862035	191.26046777865764
CLDN5	SRR5862036	134.35786690623962
CLDN5	SRR5862037	289.0010697221388
CLDN5	SRR5862038	76.65616844611586
CLDN5	SRR5862039	174.30028981523148
CLDN5	SRR5862040	138.90512598966046
CLDN5	SRR5862041	584.2055744414565
CLDN5	SRR5862042	73.65014279324606
CLDN5	SRR5862043	236
CLDN5	SRR5862044	136.19115000260996
CLDN5	SRR5862045	347.4697678745644
CLDN5	SRR5862046	85.6873619767849
CLDN5	SRR5862047	276.44296975056136
CLDN5	SRR5862048	33.68672663318988
CLDN5	SRR5862049	363.5872963402051
CLDN5	SRR5862050	209.70635017218078
CLDN5	SRR5862051	119.57414571052352
CLDN5	SRR5862052	267.92237432034864
CLDN5	SRR5862053	192.51301849637895
CLDN5	SRR5862054	65.71239177507267
CLDN5	SRR5862055	148.3717219206936
CLDN5	SRR5862056	154.95268790228576
CLDN5	SRR5862057	159.2383891663853
CLDN5	SRR5862058	249.57200626891228
CLDN5	SRR5862059	113.10706780314082
CLDN5	SRR5862060	194.82582658068296
CLDN5	SRR5862061	380.35456739326565
CLDN5	SRR5862062	164.0885337282408
CLDN5	SRR5862063	157.9389269518664
CLDN5	SRR5862064	680.3149895417769
CLDN5	SRR5862065	248.62539324269588
CLDN5	SRR5862066	176.59585558540803
CLDN5	SRR5862067	25.92671495299341
CLDN5	SRR5862068	262.2476966247278
CLDN5	SRR5862069	156.33713291303098
CLDN5	SRR5862070	323.3122335566619
CLDN5	SRR5862071	21.29425138927651
CLDN5	SRR5862072	24.018830603088034
CLDN5	SRR5862073	229.42852915079942
CLDN5	SRR5862074	154.78364503741287
CLDN5	SRR5862075	139.95718310239337
CLDN5	SRR5862076	19.85765031451831
CLDN5	SRR5862077	173.68079019525027
CLDN5	SRR5862078	114.25588818700756
CLDN5	SRR5862079	163.68628021171392
CLDN5	SRR5862080	194.5612720349429
CLDN5	SRR5862081	237.4090154379877
CLDN5	SRR5862082	208.79366340990288
CLDN5	SRR5862083	354
CLDN5	SRR5862084	96.6716437538888
CLDN5	SRR5862085	274
CLDN5	SRR5862086	664.2594590048548
CLDN5	SRR5862087	196.36452622124395
CLDN5	SRR5862088	38.140833406604585
CLDN5	SRR5862089	432.3029026751165
CLDN5	SRR5862090	373.64372471885827
CLDN5	SRR5862091	276.8569402925103
CLDN5	SRR5862092	257.2624159748303
CLDN5	SRR5862093	693.1246805621132
CLDN5	SRR5862094	165.82591346357384
CLDN5	SRR5862095	141.39697769282319
CLDN5	SRR5862096	154.3375285951819
CLDN5	SRR5862097	218.17135124122305
CLDN5	SRR5862098	856.2224697567307
CLDN5	SRR5862099	220.92565270085123
CLDN5	SRR5862100	234.62194893693834
CLDN5	SRR5862101	103.75797119438452
CLDN5	SRR5862102	246.44460074562403
CLDN5	SRR5862103	437.08481024260027
CLDN5	SRR5862104	119.49656546786949
CLDN5	SRR5862105	118.31719020848168
CLDN5	SRR5862106	330.40897610553617
CLDN5	SRR5862107	968
CLDN5	SRR5862108	385.66257246010065
CLDN5	SRR5862109	307.55278408345396
CLDN5	SRR5862110	195.56050504042597
CLDN5	SRR5862111	112.68328374625166
CLDN5	SRR5862112	280.06138500530454
CLDN5	SRR5862113	138.21303449977015
CLDN5	SRR5862114	443.0810869798798
CLDN5	SRR5862115	318.1633128402863
CLDN5	SRR5862116	308.76929251706866
CLDN5	SRR5862117	169.5585030736945
CLDN5	SRR5862118	208.74216780305215
CLDN5	SRR5862119	117.48673209727544
CLDN5	SRR5862120	360.34003357666893
CLDN5	SRR5862121	176.25886681578731
CLDN5	SRR5862122	288.6008501998443
CLDN5	SRR5862123	153.3514737315003
CLDN5	SRR5862124	244.7805989652896
CLDN5	SRR5862125	239
CLDN5	SRR5862126	159.14308328985777
CLDN5	SRR5862127	131.49765269021236
CLDN5	SRR5862128	187.69378119711337
CLDN5	SRR5862129	33.443708342960974
CLDN5	SRR5862130	176.08610083577832
CLDN5	SRR5862131	529.196751599792
CLDN5	SRR5862132	296.26636889181066
CLDN5	SRR5862133	273.26149658154554
CLDN5	SRR5862134	274.0781372141986
CLDN5	SRR5862135	50.64067912637208
CLDN5	SRR5862136	197.07089258374995
CLDN5	SRR5862137	166.3587439971996
CLDN5	SRR5862138	169.3014654786615
CLDN5	SRR5862139	226.3085920010645
CLDN5	SRR5862140	193.63781711966294
CLDN5	SRR5862141	264.1657689951952
CLDN5	SRR5862142	170.45935952884534
CLDN5	SRR5862143	227.0816884086865
CLDN5	SRR5862144	158.9121876260291
CLDN5	SRR5862145	146.4824937796414
CLDN5	SRR5862146	91.22495653293294
CLDN5	SRR5862147	315.2979816179844
CLDN5	SRR5862148	204
CLDN5	SRR5862149	216.23834309438323
CLDN5	SRR5862150	378.92492707346474
CLDN5	SRR5862151	206.5480869911974
CLDN5	SRR5862152	144.4830054818123
CLDN5	SRR5862153	73.49405329708775
CLDN5	SRR5862154	312
CLDN5	SRR5862155	139.8790822567133
CLDN5	SRR5862156	107.71458416703841
CLDN5	SRR5862157	518.1710151293279
CLDN5	SRR5862158	244.13172091274853
CLDN5	SRR5862159	166.9849329444211
CLDN5	SRR5862160	334.3216684766358
CLDN5	SRR5862161	81.22135413685187
CLDN5	SRR5862162	179.59704064250354
CLDN5	SRR5862163	137.48354295732048
CLDN5	SRR5862164	168.0259815055468
CLDN5	SRR5862165	201.86989266367124
CLDN5	SRR5862166	130.55673827878329
CLDN5	SRR5862167	103.21488739786098
CLDN5	SRR5862168	375.61912988837025
CLDN5	SRR5862169	226.83847353234023
CLDN5	SRR5862170	359.9611897303393
CLDN5	SRR5862171	181.31237043998217
CLDN5	SRR5862172	267.46896572501635
CLDN5	SRR5862173	157.88393808599227
CLDN5	SRR5862174	381.5456732903794
CLDN5	SRR5862175	179.8740479091332
CLDN5	SRR5862176	132.2507861674104
CLDN5	SRR5862177	197.16391557329567
CLDN5	SRR5862178	356.9969590979841
CLDN5	SRR5862179	182.01779189123278
CLDN5	SRR5862180	76.80692695080013
CLDN5	SRR5862181	8.169537970574808
CLDN5	SRR5862182	399.7268403050475
CLDN5	SRR5862183	257.2814172525752
CLDN5	SRR5862184	78.08541739671678
CLDN5	SRR5862185	360
CLDN5	SRR5862186	228.6665873076117
CLDN5	SRR5862187	314.36206024713965
CLDN5	SRR5862188	89.37893688518614
CLDN5	SRR5862189	221.84168457603414
CLDN5	SRR5862190	530.7236892060362
CLDN5	SRR5862191	145.72787295877995
CLDN5	SRR5862192	83.61813832198146
CLDN5	SRR5862193	266.9543098367619
CLDN5	SRR5862194	125.66443962692121
CLDN5	SRR5862195	161.01552937924995
CLDN5	SRR5862196	275
CLDN5	SRR5862197	218
CLDN5	SRR5862198	362.2584616971706
CLDN5	SRR5862199	108.2675744781008
CLDN5	SRR5862200	513.1221729917736
CLDN5	SRR5862201	102.60154929580055
CLDN5	SRR5862202	122.62789757758144
CLDN5	SRR5862203	110.67647409075386
CLDN5	SRR5862204	364
CLDN5	SRR5862205	286
CLDN5	SRR5862206	166.97128793204345
CLDN5	SRR5862207	448.3739988246661
CLDN5	SRR5862208	141.7085383828689
CLDN5	SRR5862209	49.55346355610335
CLDN5	SRR5862210	340
CLDN5	SRR5862211	51.6408315780038
CLDN5	SRR5862212	161.42095730108113
CLDN5	SRR5862213	96.45141014316233
CLDN5	SRR5862214	364.00312157061467
CLDN5	SRR5862215	275.6523144874291
CLDN5	SRR5862216	180.6580747959638
CLDN5	SRR5862217	141.91669691939907
CLDN5	SRR5862218	206.20242045174712
CLDN5	SRR5862219	165.78285907694618
CLDN5	SRR5862220	128.5752310990169
CLDN5	SRR5862221	477
CLDN5	SRR5862222	214.69705733867326
CLDN5	SRR5862223	103.29014933119771
CLDN5	SRR5862224	152.19792696396146
CLDN5	SRR5862225	180.48261983226706
CLDN5	SRR5862226	193.2084344106639
CLDN5	SRR5862227	383
CLDN5	SRR5862228	108.97971390146604
CLDN5	SRR5862229	161.9514996161614
CLDN5	SRR5862230	143.75829852432307
CLDN5	SRR5862231	218.45481022071547
CLDN5	SRR5862232	293.37373863285416
CLDN5	SRR5862233	416.1468194264603
CLDN5	SRR5862234	137.80790737168317
CLDN5	SRR5862235	192.17277982171504
CLDN5	SRR5862236	267.57253401626986
CLDN5	SRR5862237	244.3506682423088
CLDN5	SRR5862238	222.199776668858
CLDN5	SRR5862239	126.97234927074867
CLDN5	SRR5862240	128.3497941915684
CLDN5	SRR5862241	126.78079593925474
CLDN5	SRR5862242	107.74385183611166
CLDN5	SRR5862243	93.52295384466656
CLDN5	SRR5862244	85.21625358421869
CLDN5	SRR5862245	346.21398428044836
CLDN5	SRR5862246	137.2611258720958
CLDN5	SRR5862247	250.40599056071537
CLDN5	SRR5862248	217.15620770220906
CLDN5	SRR5862249	230.4429626391375
CLDN5	SRR5862250	166.746722684476
CLDN5	SRR5862251	106.08485000442434
CLDN5	SRR5862252	251.64065081333823
CLDN5	SRR5862253	97.75493051823743
CLDN5	SRR5862254	121.8664316057734
CLDN5	SRR5862255	184.47120383057623
CLDN5	SRR5862256	21.325485099318495
CLDN5	SRR5862257	113.54109534731623
CLDN5	SRR5862258	243.62023166390912
CLDN5	SRR5862259	138.879310730641
CLDN5	SRR5862260	156.5231270031958
CLDN5	SRR5862261	77.26681578925377
CLDN5	SRR5862262	146.44878067384397
CLDN5	SRR5862263	223.73815704543347
CLDN5	SRR5862264	167.97441704582948
CLDN5	SRR5862265	161.20287281123885
CLDN5	SRR5862266	243.3270445490216
CLDN5	SRR5862267	189.94371806042835
CLDN5	SRR5862268	129.6417510603335
CLDN5	SRR5862269	173.68313943207244
CLDN5	SRR5862270	229.5190456749098
CLDN5	SRR5862271	124.73994834514531
CLDN5	SRR5862272	129.44297098800823
CLDN5	SRR5862273	153.528551576829
CLDN5	SRR5862274	103.47343600969674
CLDN5	SRR5862275	178.28668635242923
CLDN5	SRR5862276	105.80925165547399
CLDN5	SRR5862277	294.6916540583554
CLDN5	SRR5949109	1.1498283651018633
CLDN5	SRR5949110	1.148171272003916
CLDN5	SRR5949111	1.1498283651018633
CLDN5	SRR5949112	1.1499000124654937
CLDN5	SRR5949113	1.1493287860193127
CLDN5	SRR5949114	1.1499000124654937
CLDN5	SRR5949115	1.1498283651018633
CLDN5	SRR5949116	1.149801355279094
CLDN5	SRR5949117	1.1499000124654937
CLDN5	SRR5949118	1.149757132515299
CLDN5	SRR5949119	1.1498700492655702
CLDN5	SRR5949120	1.149752993629983
CLDN5	SRR5949121	1.149727479151349
CLDN5	SRR5949122	1.149659680044542
CLDN5	SRR5949123	1.1495224477062624
CLDN5	SRR5949124	1.1489713533334538
CLDN5	SRR5949125	1.1493657120956842
CLDN5	SRR5949126	1.1496653216499102
CLDN5	SRR5949127	1.149752993629983
CLDN5	SRR5949128	1.149752993629983
CLDN5	SRR5949129	1.1498758641415114
CLDN5	SRR5949130	1.1498041981068907
CLDN5	SRR5949131	1.1496516232140812
CLDN5	SRR5949132	1.1498283651018633
CLDN5	SRR5949133	1.1496993836519698
CLDN5	SRR5949134	1.1499000124654937
CLDN5	SRR5949135	1.149801355279094
CLDN5	SRR5949136	1.1498700492655702
CLDN5	SRR5949137	1.1489979896611313
CLDN5	SRR5949138	1.1496058907069004
CLDN5	SRR5949139	1.1496653216499102
CLDN5	SRR5949140	1.1498283651018633
CLDN5	SRR5949141	1.1498758641415114
CLDN5	SRR5949142	1.1498041981068907
CLDN5	SRR5949143	1.1499000124654937
CLDN5	SRR5949144	1.149757132515299
CLDN5	SRR5949145	1.1497815594090803
CLDN5	SRR5949146	1.149752993629983
CLDN5	SRR5949147	1.149752993629983
CLDN5	SRR5949148	1.1489471817569916
CLDN5	SRR5949149	1.149757132515299
CLDN5	SRR5949150	1.1498758641415114
CLDN5	SRR5949151	1.1494823274298185
CLDN5	SRR5949152	1.1476551316063306
CLDN5	SRR5949153	1.149659680044542
CLDN5	SRR5949154	1.1487635500794011
CLDN5	SRR5949155	1.1497815594090803
CLDN5	SRR5949156	1.1498758641415114
CLDN5	SRR5949157	1.1498700492655702
CLDN5	SRR5949158	1.1499000124654937
CLDN5	SRR5949159	1.1489204896371397
CLDN5	SRR5949160	1.1498283651018633
CLDN5	SRR5949161	1.1498283651018633
CLDN5	SRR5949162	1.1498283651018633
CLDN5	SRR5949163	1.1498758641415114
CLDN5	SRR5949164	1.1499000124654937
CLDN5	SRR5949165	1.149801355279094
CLDN5	SRR5949166	1.1498758641415114
CLDN5	SRR5949167	1.149757132515299
CLDN5	SRR5949168	1.1497815594090803
CLDN5	SRR5949169	1.1447151303318799
CLDN5	SRR5949170	1.1499000124654937
CLDN5	SRR5949171	1.1496516232140812
CLDN5	SRR5949172	1.1496058907069004
CLDN5	SRR5949173	1.1498283651018633
CLDN5	SRR5949174	1.1497815594090803
CLDN5	SRR5949175	1.1499000124654937
CLDN5	SRR5949176	1.149727479151349
CLDN5	SRR5949177	1.1489132956948793
CLDN5	SRR5949178	1.1496653216499102
CLDN5	SRR5949179	1.1497815594090803
CLDN5	SRR5949180	1.1499000124654937
CLDN5	SRR5949181	1.1498700492655702
CLDN5	SRR5949182	1.149727479151349
CLDN5	SRR5949183	1.1498758641415114
CLDN5	SRR5949184	1.149801355279094
CLDN5	SRR5949185	1.1495611354981103
CLDN5	SRR5949186	1.1492630102128836
CLDN5	SRR5949187	1.1498041981068907
CLDN5	SRR5949188	1.149801355279094
CLDN5	SRR5949189	1.149752993629983
CLDN5	SRR5949190	1.149757132515299
CLDN5	SRR5949191	1.1496058907069004
CLDN5	SRR5949192	1.1498700492655702
CLDN5	SRR5949193	1.1498758641415114
CLDN5	SRR5949194	1.1498283651018633
CLDN5	SRR5949195	1.149801355279094
CLDN5	SRR5949196	1.149639556483191
CLDN5	SRR5949197	1.1494508753827517
CLDN5	SRR5949198	1.1489684643066176
CLDN5	SRR5949199	1.1496653216499102
CLDN5	SRR5949200	1.1498758641415114
CLDN5	SRR5949201	1.1497815594090803
CLDN5	SRR5949202	1.1498041981068907
CLDN5	SRR5949203	1.1498700492655702
CLDN5	SRR5949204	1.1499000124654937
CLDN5	SRR5949205	1.1499000124654937
CLDN5	SRR5949206	1.149801355279094
CLDN5	SRR5949207	1.1498283651018633
CLDN5	SRR5949208	1.149757132515299
CLDN5	SRR5949209	1.1498283651018633
CLDN5	SRR5949210	1.1497815594090803
CLDN5	SRR5949211	1.1494508753827517
CLDN5	SRR5949212	1.149757132515299
CLDN5	SRR5949213	1.1496993836519698
CLDN5	SRR5949214	1.1495224477062624
CLDN5	SRR5949215	1.149752993629983
CLDN5	SRR5949216	1.1498041981068907
CLDN5	SRR5949217	1.1498041981068907
CLDN5	SRR5949218	1.1496993836519698
CLDN5	SRR5949219	1.149727479151349
CLDN5	SRR5949220	1.1495611354981103
CLDN5	SRR5949221	1.149515806070026
CLDN5	SRR5949222	1.149752993629983
CLDN5	SRR5949223	1.1489094288850477
CLDN5	SRR5949224	1.1497815594090803
CLDN5	SRR5949225	1.1498700492655702
CLDN5	SRR5949226	1.1495611354981103
CLDN5	SRR5949227	1.1498700492655702
CLDN5	SRR5949228	1.1496058907069004
CLDN5	SRR5949229	1.149639556483191
CLDN5	SRR5949230	1.1498700492655702
CLDN5	SRR5949231	1.1494707522857042
CLDN5	SRR5949232	1.1487635500794011
CLDN5	SRR5949233	1.1489229708372037
CLDN5	SRR5949234	1.149752993629983
CLDN5	SRR5949235	1.1496058907069004
CLDN5	SRR5949236	1.1478430081697302
CLDN5	SRR5949237	1.1494610034998385
CLDN5	SRR5949238	1.1492438683694057
CLDN5	SRR5949239	1.147930185304594
CLDN5	SRR5949240	1.1498758641415114
CLDN5	SRR5949241	1.149757132515299
CLDN5	SRR5949242	1.1497815594090803
CLDN5	SRR5949243	1.1496516232140812
CLDN5	SRR5949244	1.1496653216499102
CLDN5	SRR5949245	1.1496653216499102
CLDN5	SRR5949246	1.149801355279094
CLDN5	SRR5949247	1.149752993629983
CLDN5	SRR5949248	1.149801355279094
CLDN5	SRR5949249	1.1497815594090803
CLDN5	SRR5949250	1.1499000124654937
CLDN5	SRR5949251	1.1496058907069004
CLDN5	SRR5949252	1.1498283651018633
CLDN5	SRR5949253	1.1494121443044876
CLDN5	SRR5949254	1.1495510677538354
CLDN5	SRR5949255	1.1497815594090803
CLDN5	SRR5949256	1.149659680044542
CLDN5	SRR5949257	1.1498758641415114
CLDN5	SRR5949258	1.1498758641415114
CLDN5	SRR5949259	1.149727479151349
CLDN5	SRR5949260	1.1499000124654937
CLDN5	SRR5949261	1.1499000124654937
CLDN5	SRR5949262	1.149659680044542
CLDN5	SRR5949263	1.1498041981068907
CLDN5	SRR5949264	1.149727479151349
CLDN5	SRR5949265	1.1498700492655702
CLDN5	SRR5949266	1.1490859664004887
CLDN5	SRR5949267	1.1491016556665985
CLDN5	SRR5949268	1.1498700492655702
CLDN5	SRR5949269	1.149752993629983
CLDN5	SRR5949270	1.1497815594090803
CLDN5	SRR5949271	1.1495224477062624
CLDN5	SRR5949272	1.1499000124654937
CLDN5	SRR5949273	1.1499000124654937
CLDN5	SRR5949274	1.149801355279094
CLDN5	SRR5949275	1.1495012298161975
CLDN5	SRR5949276	1.149801355279094
CLDN5	SRR5949277	1.1491016556665985
CLDN5	SRR5949278	1.1498041981068907
CLDN5	SRR5949279	1.1498041981068907
CLDN5	SRR5949280	1.1493806150832857
CLDN5	SRR5949281	1.149801355279094
CLDN5	SRR5949282	1.1499000124654937
CLDN5	SRR5949283	1.1494610034998385
CLDN5	SRR5949284	1.1499000124654937
CLDN5	SRR5949285	1.1485352709618715
CLDN5	SRR5949286	1.1490061236504394
CLDN5	SRR5949287	1.1499000124654937
CLDN5	SRR5949288	1.1498041981068907
CLDN5	SRR5949289	1.1496653216499102
CLDN5	SRR5949290	1.1499000124654937
CLDN5	SRR5949291	1.1497815594090803
CLDN5	SRR5949292	1.149752993629983
CLDN5	SRR5949293	1.1499000124654937
CLDN5	SRR5949294	1.1498758641415114
CLDN5	SRR5949295	1.1498041981068907
CLDN5	SRR5949296	1.1498041981068907
CLDN5	SRR5949297	1.1498283651018633
CLDN5	SRR5949298	1.149614382860247
CLDN5	SRR5949299	1.149757132515299
CLDN5	SRR5949300	1.1498758641415114
CLDN5	SRR5949301	1.1498758641415114
CLDN5	SRR5949302	1.1496653216499102
CLDN5	SRR5949303	1.1496516232140812
CLDN5	SRR5949304	1.1498283651018633
CLDN5	SRR5949305	1.1490061236504394
CLDN5	SRR5949306	1.1498700492655702
CLDN5	SRR5949307	1.149757132515299
CLDN5	SRR5949308	1.149801355279094
CLDN5	SRR5949309	1.1495565511841175
CLDN5	SRR5949310	1.1495565511841175
CLDN5	SRR5949311	1.1497815594090803
CLDN5	SRR5949312	1.149461221160821
CLDN5	SRR5949313	1.1497815594090803
CLDN5	SRR5949314	1.1498758641415114
CLDN5	SRR5949315	1.1497815594090803
CLDN5	SRR5949316	1.1498041981068907
CLDN5	SRR5949317	1.1492438683694057
CLDN5	SRR5949318	1.1491016556665985
CLDN5	SRR5949319	1.1498283651018633
CLDN5	SRR5949320	1.1499000124654937
CLDN5	SRR5949321	1.149801355279094
CLDN5	SRR5949322	1.149614382860247
CLDN5	SRR5949323	1.1497815594090803
CLDN5	SRR5949324	1.1499000124654937
CLDN5	SRR5949325	1.1498041981068907
CLDN5	SRR5949326	1.1497815594090803
CLDN5	SRR5949327	1.1490004023259148
CLDN5	SRR5949328	1.1498283651018633
CLDN5	SRR5949329	1.1498283651018633
CLDN5	SRR5949330	1.1498041981068907
CLDN5	SRR5949331	1.1498700492655702
CLDN5	SRR5949332	1.1499000124654937
CLDN5	SRR5949333	1.1496993836519698
CLDN5	SRR5949334	1.1494508753827517
CLDN5	SRR5949335	1.1498758641415114
CLDN5	SRR5949336	1.149801355279094
CLDN5	SRR5949337	1.1498700492655702
CLDN5	SRR5949338	1.1498041981068907
CLDN5	SRR5949339	1.1498041981068907
CLDN5	SRR5949340	1.149614382860247
CLDN5	SRR5949341	1.149727479151349
CLDN5	SRR5949342	1.1498700492655702
CLDN5	SRR5949343	1.149727479151349
CLDN5	SRR5949344	1.1498283651018633
CLDN5	SRR5949345	1.1498700492655702
CLDN5	SRR5949346	1.1489824166943214
CLDN5	SRR5949347	1.1494257243385793
CLDN5	SRR5949348	1.1487709425734813
CLDN5	SRR5949349	1.1498041981068907
CLDN5	SRR5949350	1.149757132515299
CLDN5	SRR5949351	1.1497815594090803
CLDN5	SRR5949352	1.149801355279094
CLDN5	SRR5949353	1.1498041981068907
CLDN5	SRR5949354	1.1495224477062624
CLDN5	SRR5949355	1.149727479151349
CLDN5	SRR5949356	1.1467122388088349
CLDN5	SRR5949357	1.149752993629983
CLDN5	SRR5949358	1.1497815594090803
CLDN5	SRR5949359	1.1498041981068907
CLDN5	SRR5949360	1.149727479151349
CLDN5	SRR5949361	1.1496653216499102
CLDN5	SRR5949362	1.1478188840514512
CLDN5	SRR5949363	1.1498758641415114
CLDN5	SRR5949364	1.1496058907069004
CLDN5	SRR5949365	1.1494121443044876
CLDN5	SRR5949366	1.1474377159067004
CLDN5	SRR5949367	1.1499000124654937
CLDN5	SRR5949368	1.148804618132568
CLDN5	SRR5949369	1.1498758641415114
CLDN5	SRR5949370	1.1498283651018633
CLDN5	SRR5949371	1.1495565511841175
CLDN5	SRR5949372	1.149801355279094
CLDN5	SRR5949373	1.1498758641415114
CLDN5	SRR5949374	1.1496516232140812
CLDN5	SRR5949375	1.1498758641415114
CLDN5	SRR5949376	1.1499000124654937
CLDN5	SRR5949377	1.1498041981068907
CLDN5	SRR5949378	1.1499000124654937
CLDN5	SRR5949379	1.1498041981068907
CLDN5	SRR5949380	1.1489471817569916
CLDN5	SRR5949381	1.1495012298161975
CLDN5	SRR5949382	1.1498283651018633
CLDN5	SRR5949383	1.1496993836519698
CLDN5	SRR5949384	1.1498758641415114
CLDN5	SRR5949385	1.149659680044542
CLDN5	SRR5949386	1.1499000124654937
CLDN5	SRR5949387	1.147930185304594
CLDN5	SRR5949388	1.1495224477062624
CLDN5	SRR5949389	1.1499000124654937
CLDN5	SRR5949390	1.1497815594090803
CLDN5	SRR5949391	1.1495565511841175
CLDN5	SRR5949392	1.1499000124654937
CLDN5	SRR5949393	1.1495565511841175
CLDN5	SRR5949394	1.1495012298161975
CLDN5	SRR5949395	1.1497815594090803
CLDN5	SRR5949396	1.1489204896371397
CLDN5	SRR5949397	1.1498758641415114
CLDN5	SRR5949398	1.1498700492655702
CLDN5	SRR5949399	1.1497815594090803
CLDN5	SRR5949400	1.1442239823514004
CLDN5	SRR5949401	1.1499000124654937
CLDN5	SRR5949402	1.149801355279094
CLDN5	SRR5949403	1.149757132515299
CLDN5	SRR5949404	1.1495611354981103
CLDN5	SRR5949405	1.1498041981068907
CLDN5	SRR5949406	1.1498758641415114
CLDN5	SRR5949407	1.1498041981068907
CLDN5	SRR5949408	1.1498041981068907
CLDN5	SRR5949409	1.149801355279094
CLDN5	SRR5949410	1.149801355279094
CLDN5	SRR5949411	1.1499000124654937
CLDN5	SRR5949412	1.1496653216499102
CLDN5	SRR5949413	1.1498041981068907
CLDN5	SRR5949414	1.1498283651018633
CLDN5	SRR5949415	1.1498700492655702
CLDN5	SRR5949416	1.149752993629983
CLDN5	SRR5949417	1.1496993836519698
CLDN5	SRR5949418	1.1498041981068907
CLDN5	SRR5949419	1.1498283651018633
CLDN5	SRR5949420	1.149727479151349
CLDN5	SRR5949421	1.1496993836519698
CLDN5	SRR5949422	1.149752993629983
CLDN5	SRR5949423	1.149752993629983
CLDN5	SRR5949424	1.1499000124654937
CLDN5	SRR5949425	1.149752993629983
CLDN5	SRR5949426	1.1498700492655702
CLDN5	SRR5949427	1.149752993629983
CLDN5	SRR5949428	1.1499000124654937
CLDN5	SRR5949429	1.149461221160821
CLDN5	SRR5949430	1.1497815594090803
CLDN5	SRR5949431	1.1497815594090803
CLDN5	SRR5949432	1.149801355279094
CLDN5	SRR5949433	1.149757132515299
CLDN5	SRR5949434	1.149757132515299
CLDN5	SRR5949435	1.1495510677538354
CLDN5	SRR5949436	1.1498283651018633
CLDN5	SRR5949437	1.149461221160821
CLDN5	SRR5949438	1.1493806150832857
CLDN5	SRR5949439	1.1498758641415114
CLDN5	SRR5949440	1.1498700492655702
CLDN5	SRR5949441	1.1498700492655702
CLDN5	SRR5949442	1.1496516232140812
CLDN5	SRR5949443	1.1495611354981103
CLDN5	SRR5949444	1.1495012298161975
CLDN5	SRR5949445	1.1499000124654937
CLDN5	SRR5949446	1.1498700492655702
CLDN5	SRR5949447	1.149757132515299
CLDN5	SRR5949448	1.1499000124654937
CLDN5	SRR5949449	1.1499000124654937
CLDN5	SRR5949450	1.1497815594090803
CLDN5	SRR5949451	1.1496993836519698
CLDN5	SRR5949452	1.1498041981068907
CLDN5	SRR5949453	1.1497815594090803
CLDN5	SRR5949454	1.1498041981068907
CLDN5	SRR5949455	1.149757132515299
CLDN5	SRR5949456	1.1498758641415114
CLDN5	SRR5949457	1.1498700492655702
CLDN5	SRR5949458	1.1498758641415114
CLDN5	SRR5949459	1.149801355279094
CLDN5	SRR5949460	1.1495611354981103
CLDN5	SRR5949461	1.1490004023259148
CLDN5	SRR5949462	1.1498283651018633
CLDN5	SRR5949463	1.1495510677538354
CLDN5	SRR5949464	1.1494610034998385
CLDN5	SRR5949465	1.1489587806071277
CLDN5	SRR5949466	1.1497815594090803
CLDN5	SRR5949467	1.1489471817569916
CLDN5	SRR5949468	1.1498283651018633
CLDN5	SRR5949469	1.1498700492655702
CLDN5	SRR5949470	1.1498041981068907
CLDN5	SRR5949471	1.149727479151349
CLDN5	SRR5949472	1.149801355279094
CLDN5	SRR5949473	1.149801355279094
CLDN5	SRR5949474	1.149757132515299
CLDN5	SRR5949475	1.1499000124654937
CLDN5	SRR5949476	1.1498041981068907
CLDN5	SRR5949477	1.1498700492655702
CLDN5	SRR5949478	1.149801355279094
CLDN5	SRR5949479	1.149283393549715
CLDN5	SRR5949480	1.149752993629983
CLDN5	SRR5949481	1.1498700492655702
CLDN5	SRR5949482	1.1496653216499102
CLDN5	SRR5949483	1.1492630102128836
CLDN5	SRR5949484	1.1498283651018633
CLDN5	SRR5949485	1.1495012298161975
CLDN5	SRR5949486	1.149757132515299
CLDN5	SRR5949487	1.149752993629983
CLDN5	SRR5949488	1.149461221160821
CLDN5	SRR5949489	1.1496058907069004
CLDN5	SRR5949490	1.1496058907069004
CLDN5	SRR5949491	1.149757132515299
CLDN5	SRR5949492	1.1496058907069004
CLDN5	SRR5949493	1.149727479151349
CLDN5	SRR5949494	1.1499000124654937
CLDN5	SRR5949495	1.1494707522857042
CLDN5	SRR5949496	1.149727479151349
CLDN5	SRR5949497	1.149727479151349
CLDN5	SRR5949498	1.1497815594090803
CLDN5	SRR5949499	1.1498283651018633
CLDN5	SRR5949500	1.1494121443044876
CLDN5	SRR5949501	1.149515806070026
CLDN5	SRR5949502	1.1492573238148507
CLDN5	SRR5949503	1.149639556483191
CLDN5	SRR5949504	1.1498041981068907
CLDN5	SRR5949505	1.1498041981068907
CLDN5	SRR5949506	1.1498041981068907
CLDN5	SRR5949507	1.1498700492655702
CLDN5	SRR5949508	1.149752993629983
CLDN5	SRR5949509	1.1498283651018633
CLDN5	SRR5949510	1.1498041981068907
CLDN5	SRR5949511	1.1489592829745587
CLDN5	SRR5949512	1.149801355279094
CLDN5	SRR5949513	1.1499000124654937
CLDN5	SRR5949514	1.149659680044542
CLDN5	SRR5949515	1.1498283651018633
CLDN5	SRR5949516	1.149757132515299
CLDN5	SRR5949517	1.1498041981068907
CLDN5	SRR5949518	1.149283393549715
CLDN5	SRR5949519	1.1496058907069004
CLDN5	SRR5949520	1.1498700492655702
CLDN5	SRR5949521	1.1490859664004887
CLDN5	SRR5949522	1.149801355279094
CLDN5	SRR5949523	1.1498700492655702
CLDN5	SRR5949524	1.149757132515299
CLDN5	SRR5949525	1.149659680044542
CLDN5	SRR5949526	1.1489944018824365
CLDN5	SRR5949527	1.149639556483191
CLDN5	SRR5949528	1.1483720675437479
CLDN5	SRR5949529	1.1495224477062624
CLDN5	SRR5949530	1.149727479151349
CLDN5	SRR5949531	1.1496653216499102
CLDN5	SRR5949532	1.1498700492655702
CLDN5	SRR5949533	1.1499000124654937
CLDN5	SRR5949534	1.149659680044542
CLDN5	SRR5949535	1.1498283651018633
CLDN5	SRR5949536	1.1497815594090803
CLDN5	SRR5949537	1.1498700492655702
CLDN5	SRR5949538	1.1499000124654937
CLDN5	SRR5949539	1.149727479151349
CLDN5	SRR5949540	1.1495611354981103
CLDN5	SRR5949541	1.149727479151349
CLDN5	SRR5949542	1.1495224477062624
CLDN5	SRR5949543	1.149752993629983
CLDN5	SRR5949544	1.1495611354981103
CLDN5	SRR5949545	1.149283393549715
CLDN5	SRR5949546	1.149639556483191
CLDN5	SRR5949547	1.1499000124654937
CLDN5	SRR5949548	1.149757132515299
CLDN5	SRR5949549	1.1494121443044876
CLDN5	SRR5949550	1.1489471817569916
CLDN5	SRR5949551	1.149801355279094
CLDN5	SRR5949552	1.1494823274298185
CLDN5	SRR5949553	1.1498758641415114
CLDN5	SRR5949554	1.1498041981068907
CLDN5	SRR5949555	1.1409427054301
CLDN5	SRR5949556	1.149515806070026
CLDN5	SRR5949557	1.1497815594090803
CLDN5	SRR5949558	1.1494707522857042
CLDN5	SRR5949559	1.1498283651018633
CLDN5	SRR5949560	1.1498283651018633
CLDN5	SRR5949561	1.1490061236504394
CLDN5	SRR5949562	1.1495012298161975
CLDN5	SRR5949563	1.1497815594090803
CLDN5	SRR5949564	1.149801355279094
CLDN5	SRR5949565	1.1498758641415114
CLDN5	SRR5949566	1.1498283651018633
CLDN5	SRR5949567	1.1479342052496542
CLDN5	SRR5949568	1.1495565511841175
CLDN5	SRR5949569	1.149614382860247
CLDN5	SRR5949570	1.149727479151349
CLDN5	SRR5949571	1.1493287860193127
CLDN5	SRR5949572	1.1496993836519698
CLDN5	SRR5949573	1.1495565511841175
CLDN5	SRR5949574	1.1497815594090803
CLDN5	SRR5949575	1.149752993629983
CLDN5	SRR5949576	1.1496993836519698
CLDN5	SRR5949577	1.1498758641415114
CLDN5	SRR5949578	1.1497815594090803
CLDN5	SRR5949579	1.1498283651018633
CLDN5	SRR5949580	1.1498283651018633
CLDN5	SRR5949581	1.1499000124654937
CLDN5	SRR5949582	1.149614382860247
CLDN5	SRR5949583	1.1498758641415114
CLDN5	SRR5949584	1.1489713533334538
CLDN5	SRR5949585	1.149801355279094
CLDN5	SRR5949586	1.1498041981068907
CLDN5	SRR5949587	1.149757132515299
CLDN5	SRR5949588	1.14823324140182
CLDN5	SRR5949589	1.1499000124654937
CLDN5	SRR5949590	1.149639556483191
CLDN5	SRR5949591	1.1498283651018633
CLDN5	SRR5949592	1.1496653216499102
CLDN5	SRR5949593	1.1499000124654937
CLDN5	SRR5949594	1.1496993836519698
CLDN5	SRR5949595	1.1498041981068907
CLDN5	SRR5949596	1.149757132515299
CLDN5	SRR5949597	1.1492327898220787
CLDN5	SRR5949598	1.149727479151349
CLDN5	SRR5949599	1.149639556483191
CLDN5	SRR5949600	1.1497815594090803
CLDN5	SRR5949601	1.1496993836519698
CLDN5	SRR5949602	1.1499000124654937
CLDN5	SRR5949603	1.149801355279094
CLDN5	SRR5949604	1.1498041981068907
CLDN5	SRR5949605	1.1496993836519698
CLDN5	SRR5949606	1.1494707522857042
CLDN5	SRR5949607	1.1498700492655702
CLDN5	SRR5949608	1.1490004023259148
CLDN5	SRR5950246	1.1489592829745587
CLDN5	SRR5950247	1.1494707522857042
CLDN5	SRR5950248	1.1497815594090803
CLDN5	SRR5950249	1.1499000124654937
CLDN5	SRR5950250	1.1495611354981103
CLDN5	SRR5950251	1.1497815594090803
CLDN5	SRR5950252	1.1498758641415114
CLDN5	SRR5950253	1.1498041981068907
CLDN5	SRR5950254	1.1494707522857042
CLDN5	SRR5950255	1.1492327898220787
CLDN5	SRR5950256	1.14882817140177
CLDN5	SRR5950257	1.1487945702274995
CLDN5	SRR5950258	1.149801355279094
CLDN5	SRR5950259	1.1498283651018633
CLDN5	SRR5950260	1.1497815594090803
CLDN5	SRR5950261	1.149801355279094
CLDN5	SRR5950262	1.149659680044542
CLDN5	SRR5950263	1.1492573238148507
CLDN5	SRR5950264	1.1498700492655702
CLDN5	SRR5950265	1.1495611354981103
CLDN5	SRR5950266	1.1489684643066176
CLDN5	SRR5950267	1.149801355279094
CLDN5	SRR5950268	1.1496993836519698
CLDN5	SRR5950269	1.149727479151349
CLDN5	SRR5950270	1.1494610034998385
CLDN5	SRR5950271	1.1499000124654937
CLDN5	SRR5950272	1.1499000124654937
CLDN5	SRR5950273	1.1497815594090803
CLDN5	SRR5950274	1.1496516232140812
CLDN5	SRR5950275	1.1496993836519698
CLDN5	SRR5950276	1.149801355279094
CLDN5	SRR5950277	1.149515806070026
CLDN5	SRR5950278	1.1492438683694057
CLDN5	SRR5950279	1.149757132515299
CLDN5	SRR5950280	1.1498041981068907
CLDN5	SRR5950281	1.1496993836519698
CLDN5	SRR5950282	1.1493287860193127
CLDN5	SRR5950283	1.149801355279094
CLDN5	SRR5950284	1.1466271340242074
CLDN5	SRR5950285	1.1494823274298185
CLDN5	SRR5950286	1.1497815594090803
CLDN5	SRR5950287	1.1491016556665985
CLDN5	SRR5950288	1.1495510677538354
CLDN5	SRR5950289	1.1490061236504394
CLDN5	SRR5950290	1.1498283651018633
CLDN5	SRR5950291	1.149801355279094
CLDN5	SRR5950292	1.1496653216499102
CLDN5	SRR5950293	1.1494610034998385
CLDN5	SRR5950294	1.1499000124654937
CLDN5	SRR5950295	1.1498758641415114
CLDN5	SRR5950296	1.149752993629983
CLDN5	SRR5950297	1.1494508753827517
CLDN5	SRR5950298	1.1498283651018633
CLDN5	SRR5950299	1.149614382860247
CLDN5	SRR5950300	1.149757132515299
CLDN5	SRR5950301	1.149801355279094
CLDN5	SRR5950302	1.149752993629983
CLDN5	SRR5950303	1.149614382860247
CLDN5	SRR5950304	1.149461221160821
CLDN5	SRR5950305	1.149752993629983
CLDN5	SRR5950306	1.149752993629983
CLDN5	SRR5950307	1.1496058907069004
CLDN5	SRR5950308	1.1496653216499102
CLDN5	SRR5950309	1.1496993836519698
CLDN5	SRR5950310	1.1497815594090803
CLDN5	SRR5950311	1.1498700492655702
CLDN5	SRR5950312	1.149801355279094
CLDN5	SRR5950313	1.1496653216499102
CLDN5	SRR5950314	1.1498283651018633
CLDN5	SRR5950315	1.149801355279094
CLDN5	SRR5950316	1.1498700492655702
CLDN5	SRR5950317	1.149614382860247
CLDN5	SRR5950318	1.1494610034998385
CLDN5	SRR5950319	1.149639556483191
CLDN5	SRR5950320	1.149614382860247
CLDN5	SRR5950321	1.148836459359721
CLDN5	SRR5950322	1.1495224477062624
CLDN5	SRR5950323	1.1496516232140812
CLDN5	SRR5950324	1.1498283651018633
CLDN5	SRR5950325	1.149659680044542
CLDN5	SRR5950326	1.149515806070026
CLDN5	SRR5950327	1.149801355279094
CLDN5	SRR5950328	1.149801355279094
CLDN5	SRR5950329	1.149752993629983
CLDN5	SRR5950330	1.149639556483191
CLDN5	SRR5950331	1.1493287860193127
CLDN5	SRR5950332	1.1494707522857042
CLDN5	SRR5950333	1.1498283651018633
CLDN5	SRR5950334	1.1498283651018633
CLDN5	SRR5950335	1.1498283651018633
CLDN5	SRR5950336	1.1477909267796054
CLDN5	SRR5950337	1.1490522198255662
CLDN5	SRR5950338	1.1484554126990747
CLDN5	SRR5950339	1.1499000124654937
CLDN5	SRR5950340	1.1496058907069004
CLDN5	SRR5950341	1.1496653216499102
CLDN5	SRR5950342	1.1498700492655702
CLDN5	SRR5950343	1.1496653216499102
CLDN5	SRR5950344	1.1495224477062624
CLDN5	SRR5950345	1.1496516232140812
CLDN5	SRR5950346	1.149801355279094
CLDN5	SRR5950347	1.149752993629983
CLDN5	SRR5950348	1.1496058907069004
CLDN5	SRR5950349	1.1498758641415114
CLDN5	SRR5950350	1.1497815594090803
CLDN5	SRR5950351	1.1491016556665985
CLDN5	SRR5950352	1.1498700492655702
CLDN5	SRR5950353	1.149752993629983
CLDN5	SRR5950354	1.1498700492655702
CLDN5	SRR5950355	1.1498700492655702
CLDN5	SRR5950356	1.1489979896611313
CLDN5	SRR5950357	1.1498700492655702
CLDN5	SRR5950358	1.149614382860247
CLDN5	SRR5950359	1.149727479151349
CLDN5	SRR5950360	1.1498700492655702
CLDN5	SRR5950361	1.1498700492655702
CLDN5	SRR5950362	1.1495224477062624
CLDN5	SRR5950363	1.1494508753827517
CLDN5	SRR5950364	1.149639556483191
CLDN5	SRR5950365	1.1498041981068907
CLDN5	SRR5950366	1.1498283651018633
CLDN5	SRR5950367	1.1489024179979748
CLDN5	SRR5950368	1.149752993629983
CLDN5	SRR5950369	1.1499000124654937
CLDN5	SRR5950370	1.1499000124654937
CLDN5	SRR5950371	1.149801355279094
CLDN5	SRR5950372	1.1498041981068907
CLDN5	SRR5950373	1.149757132515299
CLDN5	SRR5950374	1.149757132515299
CLDN5	SRR5950375	1.1498700492655702
CLDN5	SRR5950376	1.1499000124654937
CLDN5	SRR5950377	1.1494121443044876
CLDN5	SRR5950378	1.149757132515299
CLDN5	SRR5950379	1.149752993629983
CLDN5	SRR5950380	1.1496653216499102
CLDN5	SRR5950381	1.149659680044542
CLDN5	SRR5950382	1.1491016556665985
CLDN5	SRR5950383	1.1498758641415114
CLDN5	SRR5950384	1.1498283651018633
CLDN5	SRR5950385	1.1490859664004887
CLDN5	SRR5950386	1.1498700492655702
CLDN5	SRR5950387	1.1498758641415114
CLDN5	SRR5950388	1.1495611354981103
CLDN5	SRR5950389	1.1485352709618715
CLDN5	SRR5950390	1.1496993836519698
CLDN5	SRR5950391	1.1499000124654937
CLDN5	SRR5950392	1.1491016556665985
CLDN5	SRR5950393	1.1495565511841175
CLDN5	SRR5950394	1.149727479151349
CLDN5	SRR5950395	1.149752993629983
CLDN5	SRR5950396	1.1499000124654937
CLDN5	SRR5950397	1.1498758641415114
CLDN5	SRR5950398	1.1498758641415114
CLDN5	SRR5950399	1.149659680044542
CLDN5	SRR5950400	1.1496993836519698
CLDN5	SRR5950401	1.1498700492655702
CLDN5	SRR5950402	1.1498700492655702
CLDN5	SRR5950403	1.1497815594090803
CLDN5	SRR5950404	1.1498041981068907
CLDN5	SRR5950405	1.14823324140182
CLDN5	SRR5950406	1.1493806150832857
CLDN5	SRR5950407	1.149801355279094
CLDN5	SRR5950408	1.149461221160821
CLDN5	SRR5950409	1.1495565511841175
CLDN5	SRR5950410	1.1499000124654937
CLDN5	SRR5950411	1.1498283651018633
CLDN5	SRR5950412	1.1498700492655702
CLDN5	SRR5950413	1.1493657120956842
CLDN5	SRR5950414	1.149801355279094
CLDN5	SRR5950415	1.149614382860247
CLDN5	SRR5950416	1.1496653216499102
CLDN5	SRR5950417	1.1496993836519698
CLDN5	SRR5950418	1.1495510677538354
CLDN5	SRR5950419	1.1498700492655702
CLDN5	SRR5950420	1.149752993629983
CLDN5	SRR5950421	1.1495611354981103
CLDN5	SRR5950422	1.1494707522857042
CLDN5	SRR5950423	1.149757132515299
CLDN5	SRR5950424	1.1498283651018633
CLDN5	SRR5950425	1.1498700492655702
CLDN5	SRR5950426	1.1496058907069004
CLDN5	SRR5950427	1.1498283651018633
CLDN5	SRR5950428	1.149757132515299
CLDN5	SRR5950429	1.1498700492655702
CLDN5	SRR5950430	1.149727479151349
CLDN5	SRR5950431	1.149727479151349
CLDN5	SRR5950432	1.1498041981068907
CLDN5	SRR5950433	1.149801355279094
CLDN5	SRR5950434	1.1495611354981103
CLDN5	SRR5950435	1.149757132515299
CLDN5	SRR5950436	1.1498700492655702
CLDN5	SRR5950437	1.149727479151349
CLDN5	SRR5950438	1.1498283651018633
CLDN5	SRR5950439	1.1498758641415114
CLDN5	SRR5950440	1.145365413736815
CLDN5	SRR5950441	1.1494707522857042
CLDN5	SRR5950442	1.1497815594090803
CLDN5	SRR5950443	1.149659680044542
CLDN5	SRR5950444	1.149801355279094
CLDN5	SRR5950445	1.1498041981068907
CLDN5	SRR5950446	1.1496516232140812
CLDN5	SRR5950447	1.1494257243385793
CLDN5	SRR5950448	1.149801355279094
CLDN5	SRR5950449	1.1498041981068907
CLDN5	SRR5950450	1.1498700492655702
CLDN5	SRR5950451	1.1499000124654937
CLDN5	SRR5950452	1.1494823274298185
CLDN5	SRR5950453	1.1498283651018633
CLDN5	SRR5950454	1.1494823274298185
CLDN5	SRR5950455	1.1498283651018633
CLDN5	SRR5950456	1.149757132515299
CLDN5	SRR5950457	1.149659680044542
CLDN5	SRR5950458	1.1499000124654937
CLDN5	SRR5950459	1.149752993629983
CLDN5	SRR5950460	1.149752993629983
CLDN5	SRR5950461	1.1497815594090803
CLDN5	SRR5950462	1.1492630102128836
CLDN5	SRR5950463	1.149614382860247
CLDN5	SRR5950464	1.149515806070026
CLDN5	SRR5950465	1.1449587156171235
CLDN5	SRR5950466	1.149801355279094
CLDN5	SRR5950467	1.149752993629983
CLDN5	SRR5950468	1.149801355279094
CLDN5	SRR5950469	1.149639556483191
CLDN5	SRR5950470	1.1498700492655702
CLDN5	SRR5963912	1.1499000124654937
CLDN5	SRR5963913	1.1495224477062624
CLDN5	SRR5963914	1.1499000124654937
CLDN5	SRR5963915	1.1495611354981103
CLDN5	SRR5963916	1.1494121443044876
CLDN5	SRR5963917	1.1496993836519698
CLDN5	SRR5963918	1.149727479151349
CLDN5	SRR5963919	1.1498041981068907
CLDN5	SRR5963920	1.149757132515299
CLDN5	SRR5963921	1.1498283651018633
CLDN5	SRR5963922	1.1496653216499102
CLDN5	SRR5963923	1.149727479151349
CLDN5	SRR5963924	1.1498041981068907
CLDN5	SRR5963925	1.1495224477062624
CLDN5	SRR5963926	1.149515806070026
CLDN5	SRR5963927	1.1498758641415114
CLDN5	SRR5963928	1.1494823274298185
CLDN5	SRR5963929	1.149801355279094
CLDN5	SRR5963930	1.1493287860193127
CLDN5	SRR5963931	1.1499000124654937
CLDN5	SRR5963932	1.149757132515299
CLDN5	SRR5963933	1.149659680044542
CLDN5	SRR5963934	1.1494257243385793
CLDN5	SRR5963935	1.1499000124654937
CLDN5	SRR5963936	1.1495510677538354
CLDN5	SRR5963937	1.1492573238148507
CLDN5	SRR5963938	1.149801355279094
CLDN5	SRR5963939	1.1498041981068907
CLDN5	SRR5963940	1.1498700492655702
CLDN5	SRR5963941	1.1499000124654937
CLDN5	SRR5963942	1.1499000124654937
CLDN5	SRR5963943	1.1498283651018633
CLDN5	SRR5963944	1.1499000124654937
CLDN5	SRR5963945	1.1498758641415114
CLDN5	SRR5963946	1.149801355279094
CLDN5	SRR5963947	1.149801355279094
CLDN5	SRR5963948	1.149801355279094
CLDN5	SRR6467548	291.83396969845563
CLDN5	SRR6467549	504.25016405246
CLDN5	SRR6467550	370.47084611838864
CLDN5	SRR6467551	264.2772129565141
CLDN5	SRR6467552	189.07323735077014
CLDN5	SRR6467553	98.03218657375972
CLDN5	SRR6467554	153.38241684328037
CLDN5	SRR6467555	354.03089155340797
CLDN5	SRR6467556	172.01074958980576
CLDN5	SRR6467557	382.3165781210006
CLDN5	SRR6467558	451.95603263408066
CLDN5	SRR6467559	543.1788268852484
CLDN5	SRR6467560	354.58542511953976
CLDN5	SRR6467561	457.3828057588636
CLDN5	SRR6467562	416.57410363081436
CLDN5	SRR6467563	208.2827361859185
CLDN5	SRR6467564	183.3306022126819
CLDN5	SRR6467565	410.94770642107136
CLDN5	SRR6467566	121.24851949272286
CLDN5	SRR6467567	269.9564560667641
CLDN5	SRR6467568	364.4890078188831
CLDN5	SRR6467569	259.74776575322414
CLDN5	SRR6467570	506.68036556366417
CLDN5	SRR6467571	357.25698686492456
CLDN5	SRR6467572	284.7411364554647
CLDN5	SRR6467573	221.49562259345765
CLDN5	SRR6467574	296
CLDN5	SRR6467575	418.9805691934564
CLDN5	SRR6467576	483.24853826391796
CLDN5	SRR6467577	361.51991960418337
CLDN5	SRR6467578	338.3077230192577
CLDN5	SRR6467579	305.19631704142154
CLDN5	SRR6467580	790.3198162163384
CLDN5	SRR6467581	766.4444276052145
CLDN5	SRR6467582	342.6083882682878
CLDN5	SRR6467583	466
CLDN5	SRR6467584	343.24180852629775
CLDN5	SRR6467585	297.65085885721925
CLDN5	SRR6467586	518.4328333908766
CLDN5	SRR6467587	387.6428747525649
CLDN5	SRR6467588	361.8363001249328
CLDN5	SRR6467589	396
CLDN5	SRR6467590	249.68809165587618
CLDN5	SRR6467591	182.90404796079358
CLDN5	SRR6467592	383.964004604424
CLDN5	SRR6467593	345.5611708523357
CLDN5	SRR6467594	463.32197348071975
CLDN5	SRR6467595	266.5830039371324
CLDN5	SRR6467596	503
CLDN5	SRR6467597	511.3487053167722
CLDN5	SRR6467598	901.8900270692666
CLDN5	SRR6467599	535.9975567279298
CLDN5	SRR6467600	201.96853233896337
CLDN5	SRR6467601	465.5829924483426
CLDN5	SRR6467602	299.8131692149708
CLDN5	SRR6467603	530
CLDN5	SRR6467604	300.2631959738552
CLDN5	SRR6467605	195.69691276146997
CLDN5	SRR6467606	503
CLDN5	SRR6467607	699
CLDN5	SRR6467608	690.8101762713649
CLDN5	SRR6467609	391.07034646433806
CLDN5	SRR6467610	315.11428977111024
CLDN5	SRR6467611	613.3021925676851
CLDN5	SRR6467612	429.47834452453526
CLDN5	SRR6467613	607
CLDN5	SRR6467614	997
CLDN5	SRR6467615	209.62967439186923
CLDN5	SRR6467616	393.85817445615555
CLDN5	SRR6467617	764.0616678797741
CLDN5	SRR6467618	514
CLDN5	SRR6467619	549.0031979916548
CLDN5	SRR6467620	186.48220584809727
CLDN5	SRR6467621	364.85391138218944
CLDN5	SRR6467622	373.5424001495913
CLDN5	SRR6467623	416.676290781662
CLDN5	SRR6467624	498.08959728705975
CLDN5	SRR6467625	693
CLDN5	SRR6467626	544
CLDN5	SRR6467627	298.97886927593356
CLDN5	SRR6467628	517
CLDN5	SRR6467629	392.96204684003953
CLDN5	SRR6467630	367.2641853765471
CLDN5	SRR6467631	486.4373489237162
CLDN5	SRR6467632	242.72976835791232
CLDN5	SRR6467633	405
CLDN5	SRR6467634	282.12295754579753
CLDN5	SRR6467635	521.9580363289626
CLDN5	SRR6467636	259.5908073137147
CLDN5	SRR6467637	1534
CLDN5	SRR6467638	385
CLDN5	SRR6467639	331.04560816260954
CLDN5	SRR6467640	621.7393466256634
CLDN5	SRR6467641	284.6177448024909
CLDN5	SRR6467642	1042.1866704218864
CLDN5	SRR6467643	139.72679406985318
CLDN5	SRR6467644	307
CLDN5	SRR6467645	641.0734859489011
CLDN5	SRR6467646	464
CLDN5	SRR6467647	438.8283521370591
CLDN5	SRR6467648	320.8417892422954
CLDN5	SRR6467649	233.22777552828796
CLDN5	SRR6467650	797.3400907917019
CLDN5	SRR6467651	391.13613747638317
CLDN5	SRR6467652	282.0507358131543
CLDN5	SRR6467653	243.3913127472385
CLDN5	SRR6467654	458.7095195218426
CLDN5	SRR6467655	558
CLDN5	SRR6467656	794.5648633794846
CLDN5	SRR6467657	384
CLDN5	SRR6467658	404
CLDN5	SRR6467659	775.7981254857403
CLDN5	SRR6467660	411.7986563354054
CLDN5	SRR6467661	250.2508320795722
CLDN5	SRR6467662	619.9817324319037
CLDN5	SRR6467663	508.414956541835
CLDN5	SRR6467664	273.2499089969405
CLDN5	SRR6467665	481
CLDN5	SRR6467666	376
CLDN5	SRR6467667	373.4949837530096
CLDN5	SRR6467668	291.59735790508813
CLDN5	SRR6467669	272
CLDN5	SRR6467670	415
CLDN5	SRR6467671	872.4768693033634
CLDN5	SRR6467672	258.2655609493605
CLDN5	SRR6467673	272.5893055613349
CLDN5	SRR6467674	413.57083293759604
CLDN5	SRR6467675	148.27036782703036
CLDN5	SRR6467676	343.2220383308145
CLDN5	SRR6467677	658
CLDN5	SRR6467678	503
CLDN5	SRR6467679	587
CLDN5	SRR6467680	429.55997075524607
CLDN5	SRR6467681	553
CLDN5	SRR6467682	388.3102269863868
CLDN5	SRR6467683	689.6358160451086
CLDN5	SRR6467684	889.2995515444209
CLDN5	SRR6467685	284.96093952028417
CLDN5	SRR6467686	397.5717675425507
CLDN5	SRR6467687	271.1421419630198
CLDN5	SRR6467688	1569
CLDN5	SRR6467689	318.11941633233823
CLDN5	SRR6467690	326.77691549352664
CLDN5	SRR6467691	473.6131448024706
CLDN5	SRR6467692	515.5176928106117
CLDN5	SRR6467693	296.2716841425934
CLDN5	SRR6467694	201.51414118406387
CLDN5	SRR6467695	449.04234109517495
CLDN5	SRR6467696	596.8770732673212
CLDN5	SRR6467697	194
CLDN5	SRR6467698	305.4294654533474
CLDN5	SRR6467699	471
CLDN5	SRR6467700	460.2224588980352
CLDN5	SRR6467701	586
CLDN5	SRR6467702	235.32625445331712
CLDN5	SRR6467703	258.14542639799845
CLDN5	SRR6467704	578.6103154332126
CLDN5	SRR6467705	347.25304004156715
CLDN5	SRR6467706	170.08457555178884
CLDN5	SRR6467707	306
CLDN5	SRR6467708	231.39866061677282
CLDN5	SRR6467709	677
CLDN5	SRR6467710	318.28616657971554
CLDN5	SRR6467711	440.60079858614324
CLDN5	SRR6467712	140.56337774266123
CLDN5	SRR6467713	604.7143939929945
CLDN5	SRR6467714	664.9471198967485
CLDN5	SRR6467715	689
CLDN5	SRR6467716	452
CLDN5	SRR6467717	157.91580675682323
CLDN5	SRR6467718	279.2375140971125
CLDN5	SRR6467719	355.27597225550625
CLDN5	SRR6467720	402
CLDN5	SRR6467721	161.26088341104344
CLDN5	SRR6467722	739.8351110097925
CLDN5	SRR6467723	392
CLDN5	SRR6467724	677
CLDN5	SRR6467725	302
CLDN5	SRR6467726	251.3411160092275
CLDN5	SRR6467727	412.9434329284183
CLDN5	SRR6467728	443
CLDN5	SRR6467729	337.30825881522094
CLDN5	SRR6467730	368.78250697473464
CLDN5	SRR6467731	237.32207816705835
CLDN5	SRR6467732	401.2424185464429
CLDN5	SRR6467733	526.9077726598376
CLDN5	SRR6467734	375.35751157113333
CLDN5	SRR6467735	266.18200872302305
CLDN5	SRR6467736	498.07007802792367
CLDN5	SRR6467737	213.3157335839143
CLDN5	SRR6467738	315.1133561618337
CLDN5	SRR6467739	528
CLDN5	SRR6467740	506.69287593333297
CLDN5	SRR6467741	614.2498263537227
CLDN5	SRR6467742	299
CLDN5	SRR6467743	380
CLDN5	SRR6467744	545
CLDN5	SRR6467745	396.1425048891623
CLDN5	SRR6467746	396.1177834227606
CLDN5	SRR6467747	475.767906185521
CLDN5	SRR6467748	625.5923778115939
CLDN5	SRR6467749	358
CLDN5	SRR6467750	246.58352495966386
CLDN5	SRR6467751	150.23745162521328
CLDN5	SRR6467752	291.373996250804
CLDN5	SRR6467753	484.56659357484585
CLDN5	SRR6467754	396.7591010747268
CLDN5	SRR6467755	695.425846417263
CLDN5	SRR6467756	438.5519148529355
CLDN5	SRR6467757	264
CLDN5	SRR6467758	496
CLDN5	SRR6467759	300.6933546142338
CLDN5	SRR6467760	1314.0854391350204
CLDN5	SRR6467761	1028.7574470472748
CLDN5	SRR6467762	536.6729563002935
CLDN5	SRR6467763	463.241767281423
CLDN5	SRR6467764	509.04042269493584
CLDN5	SRR6467765	463.57565179227805
CLDN5	SRR6467766	289.2275556486128
CLDN5	SRR6467767	237.60629276069525
CLDN5	SRR6467768	323.99252192605877
CLDN5	SRR6467769	229.0456092937295
CLDN5	SRR6467770	513
CLDN5	SRR6467771	463.3396813480682
CLDN5	SRR6467772	287.02718638944253
CLDN5	SRR6467773	484.8940024770032
CLDN5	SRR6868540	99.45368580197913
CLDN5	SRR6868541	20.556176716387245
CLDN5	SRR6868542	23.055785991171287
CLDN5	SRR6868543	41.627147127102965
CLDN5	SRR6868544	57.44748809597998
CLDN5	SRR6868545	61.49598093307951
CLDN5	SRR6868546	27.429525455516167
CLDN5	SRR6868557	11.652960483578607
CLDN5	SRR6868558	4.1973203831663035
CLDN5	SRR6868559	25.820795291286615
CLDN5	SRR6868560	68.67920674797352
CLDN5	SRR6868569	15.929010327109003
CLDN5	SRR6868570	17.37093611678403
CLDN5	SRR6868571	19.85013772302919
CLDN5	SRR6868572	17.20145350676169
CLDN5	SRR6868573	49.98159459376686
CLDN5	SRR6868574	38.46538224937518
CLDN5	SRR6868575	17.44194868982556
CLDN5	SRR6868576	17.27202079680632
CLDN5	SRR6868577	58.86907325498344
CLDN5	SRR6868578	10.155770602095005
CLDN5	SRR6868579	36.54244800680462
CLDN5	SRR6868580	54.58196724302906
CLDN5	SRR6868581	21.718263105272374
CLDN5	SRR6868582	26.856413179313932
CLDN5	SRR6868585	43.962847913279646
CLDN5	SRR6868586	8.47795122568654
CLDN5	SRR6868587	20.141166799229172
CLDN5	SRR6868588	40.287847075258185
CLDN5	SRR6868589	14.154483138155278
CLDN5	SRR6868590	21.67953554297048
CLDN5	SRR6868591	23.301897348874288
CLDN5	SRR6868604	15.062677137246482
CLDN5	SRR6868605	15.481469976157603
CLDN5	SRR6868606	16.656954801481906
CLDN5	SRR6868607	44.49006271356837
CLDN5	SRR6868608	17.41589916376717
CLDN5	SRR6868609	27.148979662886454
CLDN5	SRR6868610	11.432717744218262
CLDN5	SRR6868620	51.58131542095461
CLDN5	SRR6868621	43.948429957571825
CLDN5	SRR6868622	21.50893164848585
CLDN5	SRR6868623	23.209676803210893
CLDN5	SRR6868636	32.364702688162595
CLDN5	SRR6868637	52.331738315718155
CLDN5	SRR6868638	29.298678429492615
CLDN5	SRR6868639	70.75844290820265
CLDN5	SRR6868650	60.310247601733785
CLDN5	SRR6868651	89.5353207810475
CLDN5	SRR6868652	34.013483202641694
CLDN5	SRR6868653	29.549687421064487
CLDN5	SRR6868654	29.43847008631563
CLDN5	SRR6868655	18.637747780388825
CLDN5	SRR6868665	8.115747689023664
CLDN5	SRR6868666	20.205253804995998
CLDN5	SRR6868667	38.43860680271893
CLDN5	SRR6868668	50.37393017102665
CLDN5	SRR6868669	55.42030009380044
CLDN5	SRR6868670	274.8844749685523
CLDN5	SRR6868671	101.46307116837765
CLDN5	SRR6868683	70.89739137945529
CLDN5	SRR6868684	72.12038463748361
CLDN5	SRR6868685	74.58110997017879
CLDN5	SRR6868686	65.67107053118131
CLDN5	SRR6868687	22.619439191182053
CLDN5	SRR6868688	85.2732366648259
CLDN5	SRR6868689	66.98177007028367
CLDN5	SRR6868698	94.70945881438747
CLDN5	SRR6868699	66.46581856720961
CLDN5	SRR6868700	25.40383775254651
CLDN5	SRR6868701	88.93359377511017
CLDN5	SRR6868702	52.399745738848814
CLDN5	SRR6868713	135.40416903817604
CLDN5	SRR6868714	59.084333770600715
CLDN5	SRR6868715	36.30025688107998
CLDN5	SRR6868716	68.45689203586178
CLDN5	SRR6868717	26.267826526815806
CLDN5	SRR6868718	51.19892097068038
CLDN5	SRR6868719	92.14907623488196
CLDN5	SRR6868720	50.25334912018602
CLDN5	SRR6868721	20.225974221782685
CLDN5	SRR6868722	28.4732065852183
CLDN5	SRR6868723	20.393080290452854
CLDN5	SRR6868724	29.282585977940663
CLDN5	SRR6868725	51.21302309437356
CLDN5	SRR6868726	76.18332388239972
CLDN5	SRR6868741	4.0581768346855185
CLDN5	SRR7632756	334.7416918728651
CLDN5	SRR7632757	149.02132647744014
CLDN5	SRR7632758	215.2647908636088
CLDN5	SRR7632759	82.3819968630166
CLDN5	SRR7632760	127.53336261555427
CLDN5	SRR7632761	111.79371670464698
CLDN5	SRR7632762	132.12770063622236
CLDN5	SRR7632763	139.24426306050768
CLDN5	SRR7632764	199.10189610515306
CLDN5	SRR7632765	134.3520516986399
CLDN5	SRR7632766	230.96959166278202
CLDN5	SRR7632767	73.17315984575391
CLDN5	SRR7632768	191.04337593653466
CLDN5	SRR7632769	234.6626920738683
CLDN5	SRR7632770	253.07805857923597
CLDN5	SRR7632771	169.28254422146938
CLDN5	SRR7632772	175.29630047440745
CLDN5	SRR7632773	248.3408806609292
CLDN5	SRR7632774	112.71087056547496
CLDN5	SRR7632775	268.909123737923
CLDN5	SRR7632776	138.03919085123997
CLDN5	SRR7632777	181.25855610215123
CLDN5	SRR7632778	206.86044622433243
CLDN5	SRR7632779	224.71953657189565
CLDN5	SRR7632780	159.58722638017093
CLDN5	SRR7632781	235.6364679772955
CLDN5	SRR7632782	172.32514737631033
CLDN5	SRR7632783	172.25497868836806
CLDN5	SRR7632784	298.57546203367787
CLDN5	SRR7632785	166.18428124089434
CLDN5	SRR7632786	128.09301200205545
CLDN5	SRR7632787	141.55187260731506
CLDN5	SRR7632788	216.4895801999149
CLDN5	SRR7632789	291.18872794298863
CLDN5	SRR7632790	119.15921622525106
CLDN5	SRR7632791	109.69795711324392
CLDN5	SRR7632792	206.4959621389674
CLDN5	SRR7632793	95.13801921496643
CLDN5	SRR7632794	105.72951591461305
CLDN5	SRR7632795	154.49689778659354
CLDN5	SRR7632796	116.97618649715584
CLDN5	SRR7632797	59.84137495706087
CLDN5	SRR7632798	67.3838423665911
CLDN5	SRR7632799	196.87979694023147
CLDN5	SRR7632800	121.79660552018152
CLDN5	SRR7632801	195.02071265053453
CLDN5	SRR7632802	275.3088111603547
CLDN5	SRR7632803	331.77465467916454
CLDN5	SRR7632804	58.26653722506298
CLDN5	SRR7632805	170.52591393267798
CLDN5	SRR7632806	294.3516949797828
CLDN5	SRR7632807	79.68866436962794
CLDN5	SRR7632808	154.25777105071342
CLDN5	SRR7632809	105.92649356640433
CLDN5	SRR7632810	156.65095977300538
CLDN5	SRR7632811	210.4226459576043
CLDN5	SRR7632812	92.66086930703902
CLDN5	SRR7632813	141.87551076167057
CLDN5	SRR7632814	279.99329250128153
CLDN5	SRR7632815	328.5658028360091
CLDN5	SRR7632816	18.279790857899524
CLDN5	SRR7632817	92.70116742646017
CLDN5	SRR7632818	513.7723921901963
CLDN5	SRR7632819	187.45756974269287
CLDN5	SRR7632820	193.32187142370373
CLDN5	SRR7632821	252.4349024910249
CLDN5	SRR7632822	163.02594024396655
CLDN5	SRR7632823	248.9125585882467
CLDN5	SRR7632824	132.60381706347385
CLDN5	SRR7632825	95.26672564736933
CLDN5	SRR7632826	251.16192907780757
CLDN5	SRR7632827	58.01379585642444
CLDN5	SRR7632828	61.55981890526668
CLDN5	SRR7632829	85.21733267617995
CLDN5	SRR7632830	76.53662766556906
CLDN5	SRR7632831	82.76085518076
CLDN5	SRR7632832	109.57202306637004
CLDN5	SRR7632833	200.8817740176275
CLDN5	SRR7632834	149.23249482091853
CLDN5	SRR7632835	114.3207315166508
CLDN5	SRR7632836	134.9866285183213
CLDN5	SRR7632837	287.84470445987984
CLDN5	SRR7632838	98.41497062121186
CLDN5	SRR7632839	170.9414445413929
CLDN5	SRR7632840	150.46370838194656
CLDN5	SRR7632841	38.05470735481666
CLDN5	SRR7632842	237.44125843357395
CLDN5	SRR7632843	280.1291549479915
CLDN5	SRR7632844	91.48756325715956
CLDN5	SRR7632845	75.37541521071537
CLDN5	SRR7632846	80.81076848690927
CLDN5	SRR7632847	82.9057075247138
CLDN5	SRR7632848	133.2051926021845
CLDN5	SRR7632849	76.86523426800163
CLDN5	SRR7632850	97.23702184052027
CLDN5	SRR7632851	298.99310467699286
CLDN5	SRR7632852	115.1449091508849
CLDN5	SRR7632853	139.70579070953144
CLDN5	SRR7632854	331.17247564488235
CLDN5	SRR7632855	273
CLDN5	SRR7632856	153.99201109348132
CLDN5	SRR7632857	178.21369144307624
CLDN5	SRR7632858	186.68843130702388
CLDN5	SRR7632859	101.88384900138838
CLDN5	SRR7632860	335.51046465064945
CLDN5	SRR7632861	166.5923953179505
CLDN5	SRR7632862	96.26804315372543
CLDN5	SRR7632863	51.863306745964536
CLDN5	SRR7632864	26.917261215273832
CLDN5	SRR7632865	337.4932035574144
CLDN5	SRR7632866	221.2459465389011
CLDN5	SRR7632867	212.16098936595304
CLDN5	SRR7632868	122.04981747047012
CLDN5	SRR7632869	429.240833580762
CLDN5	SRR7632870	175.66480321211574
CLDN5	SRR7632871	207.04496672424912
CLDN5	SRR7632872	119.7366459769767
CLDN5	SRR7632873	202.84993939140466
CLDN5	SRR7632874	164.43589583614482
CLDN5	SRR7632875	199.32855159409516
CLDN5	SRR7632876	139.95546412921547
CLDN5	SRR7632877	214.46652502642232
CLDN5	SRR7632878	143.09123094355434
CLDN5	SRR7632879	258.58477634989833
CLDN5	SRR7632880	381.57800201716316
CLDN5	SRR7632881	83.12802356080002
CLDN5	SRR7632882	100.340314930343
CLDN5	SRR7632883	251.52984967632784
CLDN5	SRR7632884	42.381962737915785
CLDN5	SRR7632885	256.26753023364705
CLDN5	SRR7632886	357.1766607244657
CLDN5	SRR7632887	137.37460852885374
CLDN5	SRR7632888	61.2406325320386
CLDN5	SRR7632889	357.8329505243538
CLDN5	SRR7632890	35.266037094694916
CLDN5	SRR7632891	98.42284625990644
CLDN5	SRR7632892	208.20720004735404
CLDN5	SRR7632893	90.31786029861155
CLDN5	SRR7632894	71.19991507643394
CLDN5	SRR7632895	63.730277673769756
CLDN5	SRR7632896	84.87980286728845
CLDN5	SRR7632897	176.71898308178686
CLDN5	SRR7632898	124.46334340434626
CLDN5	SRR7632899	108.75080372243046
CLDN5	SRR7632900	103.68647577854667
CLDN5	SRR7632901	143.90961805252164
CLDN5	SRR7632902	154.48303254334567
CLDN5	SRR7632903	253.10853121701632
CLDN5	SRR7632904	106.3145738854212
CLDN5	SRR7632905	112.59712031207333
CLDN5	SRR7632906	195.16849638660247
CLDN5	SRR7632907	404.9238115037955
CLDN5	SRR7632908	163.65314686903088
CLDN5	SRR7632909	426.46819882452496
CLDN5	SRR7632910	160.89119812060122
CLDN5	SRR7632911	285.66156000126387
CLDN5	SRR7632912	177.73573278471778
CLDN5	SRR7632913	125.98797075727367
CLDN5	SRR7632914	94.86784905744398
CLDN5	SRR7632915	198.5417631099798
CLDN5	SRR7632916	240.69274876382457
CLDN5	SRR7632917	47.35775497943647
CLDN5	SRR7632918	186.70412746675987
CLDN5	SRR7632919	153.32759336261253
CLDN5	SRR7632920	154.77221610505842
CLDN5	SRR7632921	203.44363704887846
CLDN5	SRR7632922	250.15740365742897
CLDN5	SRR7632923	207.14738398948663
CLDN5	SRR7632924	71.03520625561825
CLDN5	SRR7632925	253.59636013535118
CLDN5	SRR7632926	168.05232570104096
CLDN5	SRR7632927	237.78088837568717
CLDN5	SRR7632928	155.51223654687956
CLDN5	SRR7632929	148.8323312612403
CLDN5	SRR7632930	439.3950538631922
CLDN5	SRR7632931	232.16700546964287
CLDN5	SRR7632932	145.64835340167036
CLDN5	SRR7632933	110.29799434718325
CLDN5	SRR7632934	160.70212671862774
CLDN5	SRR7632935	156.56733521937124
CLDN5	SRR7632936	57.17894101939999
CLDN5	SRR7632937	60.86882447161138
CLDN5	SRR7632938	191.9884402469682
CLDN5	SRR7632939	105.8946872779796
CLDN5	SRR7632940	161.04824394264662
CLDN5	SRR7632941	355.47332303457796
CLDN5	SRR7632942	131.55260617641807
CLDN5	SRR7632943	274
CLDN5	SRR7632944	61.10307365754004
CLDN5	SRR7632945	301
CLDN5	SRR8928966	91.81008253742903
CLDN5	SRR8928967	77.32598328967804
CLDN5	SRR8928968	589.8892277684165
CLDN5	SRR8928969	459.83758605937834
CLDN5	SRR8928970	591.7305192537267
CLDN5	SRR8928971	277.1487390122735
CLDN5	SRR8928972	592.969724697919
CLDN5	SRR8928973	148.89033789831305
CLDN5	SRR8928974	10.870766859358787
CLDN5	SRR8928975	118.95867868960016
CLDN5	SRR8928976	83.47150669189142
CLDN5	SRR8928977	83.62131435900586
CLDN5	SRR8928978	186.46043347780298
CLDN5	SRR8928979	211.08148049858127
CLDN5	SRR8928980	549.6665042183714
CLDN5	SRR8928981	563.5844071341158
CLDN5	SRR8928982	169.9306192821165
CLDN5	SRR8928983	78.15450534878306
CLDN5	SRR8928984	661.7202669642235
CLDN5	SRR8928985	326.47509387532665
CLDN5	SRR8928986	76.692131318444
CLDN5	SRR8928987	259
CLDN5	SRR8928988	436
CLDN5	SRR8928989	714.6698504350742
CLDN5	SRR8928990	81.85959455833365
CLDN5	SRR8928991	84.4949567218458
CLDN5	SRR9835604	45.64953807650364
CLDN5	SRR9835605	236.32144251071657
CLDN5	SRR9835606	172.37936207923195
CLDN5	SRR9835607	534.9017318251201
CLDN5	SRR9835608	169.50250900353603
CLDN5	SRR9835609	255
CLDN5	SRR9835610	135.632921192789
CLDN5	SRR9835611	154.17102834940238
CLDN5	SRR9835612	298.81675106742813
CLDN5	SRR9835613	122.72851532133635
CLDN5	SRR9835614	137.38390167420545
CLDN5	SRR9835615	101.88909568849476
CLDN5	SRR9835616	112.83999460559549
CLDN5	SRR9835617	142.24838635632176
CLDN5	SRR9835618	63.340069715193785
CLDN5	SRR9835619	105
CLDN5	SRR9835620	274.3376403070543
CLDN5	SRR9835621	237.57289595861178
CLDN5	SRR9835622	230.63776360040927
CLDN5	SRR9835623	222.0399409592917
CLDN5	SRR9835624	119.59874518505369
CLDN5	SRR9835625	381.2080724664512
CLDN5	SRR9835626	395.02508662010695
CLDN5	SRR9835627	187.39013537281556
CLDN5	SRR9835628	191.3766071513886
CLDN5	SRR9835629	134.70734183956233
CLDN5	SRR9835630	289.2725575189409
CLDN5	SRR9835631	76.7380539280275
CLDN5	SRR9835632	174.40740559439982
CLDN5	SRR9835633	139.04475741700406
CLDN5	SRR9835634	584.711709656803
CLDN5	SRR9835635	73.7221711161522
CLDN5	SRR9835636	136.27916933339844
CLDN5	SRR9835637	347.5644256046101
CLDN5	SRR9835638	85.84224794293168
CLDN5	SRR9835639	276.89943982181643
CLDN5	SRR9835640	363.98856610320104
CLDN5	SRR9835641	209.81955800764734
CLDN5	SRR9835642	119.70328232498886
CLDN5	SRR9835643	268.0284166747663
CLDN5	SRR9835644	192.63310394228455
CLDN5	SRR9835645	65.89781827980428
CLDN5	SRR9835646	159.49471813340884
CLDN5	SRR9835647	249.60509638758094
CLDN5	SRR9835648	113.3316596671734
CLDN5	SRR9835649	195.3071962448823
CLDN5	SRR9835650	380.45654977427745
CLDN5	SRR9835651	164.1180555906096
CLDN5	SRR9835652	158.4990289428206
CLDN5	SRR9835653	248.69212864373782
CLDN5	SRR9835654	176.78075583077904
CLDN5	SRR9835655	262.3492431564944
CLDN5	SRR9835656	156.4215299205875
CLDN5	SRR9835657	323.82293323238054
CLDN5	SRR9835658	229.46062617241117
CLDN5	SRR9835659	154.93116872377138
CLDN5	SRR9835660	140.06282646471766
CLDN5	SRR9835661	173.70141769795384
CLDN5	SRR9835662	163.99392796332577
CLDN5	SRR9835663	194.87870588398323
CLDN5	SRR9835664	237.4090154379877
CLDN5	SRR9835665	208.87168644404875
CLDN5	SRR9835666	354
CLDN5	SRR9835667	96.81047654395832
CLDN5	SRR9835668	274
CLDN5	SRR9835669	665.2425002364761
CLDN5	SRR9835670	196.70526946517356
CLDN5	SRR9835671	432.8063843646895
CLDN5	SRR9835672	373.66536463633577
CLDN5	SRR9835673	257.75113464669107
CLDN5	SRR9835674	693.3741089857981
CLDN5	SRR9835675	165.8906587778885
CLDN5	SRR9835676	141.58750779798854
CLDN5	SRR9835677	154.40931682174573
CLDN5	SRR9835678	218.32172812461383
CLDN5	SRR9835679	866.7041282388409
CLDN5	SRR9835680	221.29599746533694
CLDN5	SRR9835681	234.71355507684586
CLDN5	SRR9835682	103.94912448532801
CLDN5	SRR9835683	246.5543593001706
CLDN5	SRR9835684	437.80356030878306
CLDN5	SRR9835685	119.60989782130784
CLDN5	SRR9835686	118.58342654588702
CLDN5	SRR9835687	330.54702017812923
CLDN5	SRR9835688	968
CLDN5	SRR9835689	385.83016403020736
CLDN5	SRR9835690	307.6175206765512
CLDN5	SRR9835691	195.74966121682067
CLDN5	SRR9835692	113.04076532425313
CLDN5	SRR9835693	280.139751589878
CLDN5	SRR9835694	138.43044345466208
CLDN5	SRR9835695	443.3068579005576
CLDN5	SRR9835696	209.04625945624053
CLDN5	SRR9835697	117.6041472038067
CLDN5	SRR9835698	360.36188235304894
CLDN5	SRR9835699	176.28518931890463
CLDN5	SRR9835700	288.65277359988653
CLDN5	SRR9835701	153.43313714414126
CLDN5	SRR9835702	239
CLDN5	SRR9835703	159.17171539531378
CLDN5	SRR9835704	131.61115331312627
CLDN5	SRR9835705	187.74730626713216
CLDN5	SRR9835706	33.45716898097986
CLDN5	SRR9835707	296.32872981443575
CLDN5	SRR9835708	273.29025438904483
CLDN5	SRR9835709	274.1274477715014
CLDN5	SRR9835710	50.728182907103516
CLDN5	SRR9835711	197.0872411922349
CLDN5	SRR9835712	166.41860999309483
CLDN5	SRR9835713	169.3221187765269
CLDN5	SRR9835714	226.34930813737296
CLDN5	SRR9835715	264.35764934930984
CLDN5	SRR9835716	170.5079698189463
CLDN5	SRR9835717	146.50436947854269
CLDN5	SRR9835718	91.40576404728513
CLDN5	SRR9835719	315.76702178294073
CLDN5	SRR9835720	216.35437960684354
CLDN5	SRR9835721	207.11795895078376
CLDN5	SRR9835722	73.67142327879351
CLDN5	SRR9835723	312
CLDN5	SRR9835724	139.98104213397175
CLDN5	SRR9835725	107.9254757081446
CLDN5	SRR9835726	244.1756436835899
CLDN5	SRR9835727	167.14699817534623
CLDN5	SRR9835728	335.2020437523686
CLDN5	SRR9835729	81.26271648467734
CLDN5	SRR9835730	137.541426698513
CLDN5	SRR9835731	168.18249765913689
CLDN5	SRR9835732	201.95066226469157
CLDN5	SRR9835733	130.58598538998365
CLDN5	SRR9835734	103.2706069026859
CLDN5	SRR9835735	375.68670911528943
CLDN5	SRR9835736	360.3647711537197
CLDN5	SRR9835737	181.3926092944022
CLDN5	SRR9835738	267.4807600986391
CLDN5	SRR9835739	158.25313885041197
CLDN5	SRR9835740	382.2179745957256
CLDN5	SRR9835741	179.95639839695755
CLDN5	SRR9835742	132.459913635003
CLDN5	SRR9835743	197.5854559562344
CLDN5	SRR9835744	182.06167009256185
CLDN5	SRR9835745	8.181289591031955
CLDN5	SRR9835746	400.40085133600684
CLDN5	SRR9835747	257.38104076098443
CLDN5	SRR9835748	78.34481020396986
CLDN5	SRR9835749	360
CLDN5	SRR9835750	228.91088277655393
CLDN5	SRR9835751	314.5893870771553
CLDN5	SRR9835752	89.52350604190059
CLDN5	SRR9835753	222.41771924033347
CLDN5	SRR9835754	530.7236892060362
CLDN5	SRR9835755	146.16142039225343
CLDN5	SRR9835756	83.75081730648947
CLDN5	SRR9835757	267.0784803910735
CLDN5	SRR9835758	125.73109153915081
CLDN5	SRR9835759	161.0636722700911
CLDN5	SRR9835760	275
CLDN5	SRR9835761	218.0392213023675
CLDN5	SRR9835762	362.86975844571464
CLDN5	SRR9835763	108.3175845961058
CLDN5	SRR9835764	513.3991767662736
CLDN5	SRR9835765	104.27593132237996
CLDN5	SRR9835766	123.18394079363038
CLDN5	SRR9835767	111.00761515984678
CLDN5	SRR9835768	364
CLDN5	SRR9835769	286
CLDN5	SRR9835770	167.32489626802527
CLDN5	SRR9835771	448.4457102019158
CLDN5	SRR9835772	49.625051781555086
CLDN5	SRR9835773	340
CLDN5	SRR9835774	51.77929189874375
CLDN5	SRR9835775	96.49788969034576
CLDN5	SRR9835776	364.1884918329547
CLDN5	SRR9835777	275.6728966804307
CLDN5	SRR9835778	180.77086838600763
CLDN5	SRR9835779	142.0014192995834
CLDN5	SRR9835780	206.33034503110773
CLDN5	SRR9835781	166.14446225509863
CLDN5	SRR9835782	128.6481589703848
CLDN5	SRR9835783	477
CLDN5	SRR9835784	214.88729258378413
CLDN5	SRR9835785	103.37442295798839
CLDN5	SRR9835786	152.49940637152076
CLDN5	SRR9835787	180.52134734892402
CLDN5	SRR9835788	193.32455519793322
CLDN5	SRR9835789	383
CLDN5	SRR9835790	113.82303059190815
CLDN5	SRR9835791	203.51739357820554
CLDN5	SRR9835792	342.1820670812246
CLDN5	SRR9835793	187.38377714159364
CLDN5	SRR9835794	408.07340500626583
CLDN5	SRR9835795	58.15663089746326
CLDN5	SRR9835796	467.69480098045807
CLDN5	SRR9835797	199
CLDN5	SRR9835798	386.62547202896127
CLDN5	SRR9835799	199.40573481956088
CLDN5	SRR9835800	225.26669786500622
CLDN5	SRR9835801	93.471229363546
CLDN5	SRR9835802	254.0188264477996
CLDN5	SRR9867812	2.375679948814946
CLDN5	SRR9867813	3.4958875302082397
CLDN5	SRR9867814	9.081753474345014
CLDN5	SRR9867815	5.141242860102538
CLDN5	SRR9867816	38
CLDN5	SRR9867817	5.065346402077677
CLDN5	SRR9867818	6
CLDN5	SRR9867819	9.32928457732858
CLDN5	SRR9867820	4
CLDN5	SRR9867821	3
CLDN5	SRR9867822	9.092238565953542
CLDN5	SRR9867823	1.8966471829134188
CLDN5	SRR9867824	1.8004372245027127
CLDN5	SRR9867825	3.0095255320629617
CLDN5	SRR9867826	2.668412191749253
CLDN5	SRR9867827	3.96567398673415
CLDN5	SRR9867828	10.107911391691838
CLDN5	SRR9867829	3.635762277625084
CLDN5	SRR9867830	2
CLDN5	SRR9867831	3.451214114066801
CLDN5	SRR9879292	8.503336223185016
CLDN5	SRR9879293	2.029111538266112
CLDN5	SRR9879294	1.0200688164522311
CLDN5	SRR9879295	1.0197229922840128
CLDN5	SRR9879296	2.0239505388992747
CLDN5	SRR9879297	10.154935544904834
CLDN5	SRR9879298	5.053269401171315
CLDN5	SRR9879299	16.04661076826187
CLDN5	SRR9879300	6.087965116477769
CLDN5	SRR9879301	10.00359860831218
CLDN5	SRR9879302	1.0103414411561347
CLDN5	SRR9879303	2.0083538468381787
CLDN5	SRR9879304	1.0167059661554507
CLDN5	SRR9879305	1.010080666465452
CLDN5	SRR9879306	3
CLDN5	SRR9879307	2.1557722563579795
CLDN5	SRR9879308	1.011384661421074
CLDN5	SRR9879309	6.063941056149946
CLDN5	T50_307	17.091242370598273
CLDN5	T50_313	1038.371843458735
CLDN5	T50_317	16.262510027702728
CLDN5	T50_324	6.06346530502385
CLDN5	T50_427	2163.342854361501
CLDN5	T50_428	4102.6611225660145
CLDN5	T50_431	3447.2963304818613
CLDN5	T50_436	4635.057832076017
CLDN5	T50_476	14439.408349867286
CLDN5	UN_307	13.167335270551426
CLDN5	UN_313	831.4379110198142
CLDN5	UN_317	28.223992070435724
CLDN5	UN_323	12.108557571724448
CLDN5	UN_324	5.106981645629942
CLDN5	UN_427	2033.5472716730758
CLDN5	UN_428	3109.4493859164345
CLDN5	UN_431	3351.2443172177964
CLDN5	UN_436	3782.676105597413
CLDN5	UN_476	10071.560840934557
