Gene	sample	counts
EWSAT1	CM317	10.52160686909921
EWSAT1	CMCD140	1.0094128350688558
EWSAT1	CMCD147	1.0404565910580479
EWSAT1	CMCD152	2
EWSAT1	CMCD154	3.029697980931568
EWSAT1	CMCD159	1.0863042186135794
EWSAT1	CMCD161	3.0091888442762516
EWSAT1	CMCD174	1.092629434806816
EWSAT1	CMCD196	7.064328017782249
EWSAT1	CMCD198	1.029495742835047
EWSAT1	CMCD203	1.0032393128452408
EWSAT1	CMCD211	0.8033786974576899
EWSAT1	CMCD227	3.288442010133823
EWSAT1	CMCD240	2.7898981167940207
EWSAT1	CMCD259	5
EWSAT1	CMCD270	1.0051908134952228
EWSAT1	CMCD275	1.008539072196977
EWSAT1	CMCD282	2.0263215738503937
EWSAT1	CMCD286	3.770015357168883
EWSAT1	CMCD287	3
EWSAT1	CMCD294	1.0639520056991958
EWSAT1	CMCD327	1.0051387872752835
EWSAT1	CMCD335	1.0047054282731729
EWSAT1	CMCD337	1.0066743151229853
EWSAT1	CMCD357	2.0423009283729257
EWSAT1	CMCD398	4.0240094308054415
EWSAT1	CMCD403	1.0071810043238532
EWSAT1	CMCD422	2.0041725708322518
EWSAT1	CMCD426	1.1140469611806236
EWSAT1	CMCD71	3.0191588970832175
EWSAT1	CMCD72	1.1510750061651915
EWSAT1	CMCD76	2.004594427862749
EWSAT1	CMCD88	2.0003598284620874
EWSAT1	CMSA256	4
EWSAT1	CMSA316	1.0081545114583668
EWSAT1	CMUC110	7
EWSAT1	CMUC192	1.0134604497462807
EWSAT1	CMUC199	1.0281874054164815
EWSAT1	CMUC200	3.0070242343862037
EWSAT1	CMUC208	2.004893794039496
EWSAT1	CMUC231	4
EWSAT1	CMUC234	1
EWSAT1	CMUC285	1.0111269374447733
EWSAT1	CMUC291	1.0066043693551068
EWSAT1	CMUC295	4.003599579619063
EWSAT1	CMUC299	1.0029270323451933
EWSAT1	CMUC301	1.0005398398063463
EWSAT1	CMUC307	1.0027601872840743
EWSAT1	CMUC313	3.1261241819768224
EWSAT1	CMUC314	1.055846512835873
EWSAT1	CMUC323	1.0241049068913428
EWSAT1	CMUC324	10.008998949047658
EWSAT1	CMUC331	1.0091574614003984
EWSAT1	CMUC333	1.0232387540038606
EWSAT1	CMUC334	1.0150130071590526
EWSAT1	CMUC346	10.108493839910517
EWSAT1	CMUC352	1.00605396549271
EWSAT1	CMUC360	1.0014402205102033
EWSAT1	CMUC363	8.211004541634628
EWSAT1	CMUC365	3.020077023209715
EWSAT1	CMUC366	10.033489938746742
EWSAT1	CMUC368	7
EWSAT1	CMUC377	5.0204094693226224
EWSAT1	CMUC379	1.0708063663103926
EWSAT1	CMUC380	1.01827642435426
EWSAT1	CMUC383	1.0142859766464112
EWSAT1	CMUC394	10.0762169313175
EWSAT1	CMUC419	1.0249492522957178
EWSAT1	CMUC427	1
EWSAT1	CMUC428	3.0190411758609366
EWSAT1	CMUC431	1.0018586198168056
EWSAT1	CMUC435	2.0100388487724272
EWSAT1	CMUC439	4.025744430325899
EWSAT1	CMUC89	1
EWSAT1	CS219	5.012387707319482
EWSAT1	CS256	3.006869657245764
EWSAT1	CS257	1.0944271775349645
EWSAT1	CS259	4.006182444909256
EWSAT1	CS261	2.0476460713678555
EWSAT1	CS266	1.0357806251843706
EWSAT1	CS270	3.039028512189526
EWSAT1	CS277	15.435911903087376
EWSAT1	CS288	2.018031456311622
EWSAT1	CS290	6.04794999917356
EWSAT1	CS292	1.0139795313343294
EWSAT1	CS293	8.134788733891313
EWSAT1	CS301	1.0267458436587589
EWSAT1	CS306	1.0388615456941386
EWSAT1	CS308	1.0265766152062068
EWSAT1	CS315	2.056036565173912
EWSAT1	CS317	1.0722984600508352
EWSAT1	CS322	1.0134187324826138
EWSAT1	CS327	3.0142811317077194
EWSAT1	CS328	1.0566294945036847
EWSAT1	CS330	38.76702077885594
EWSAT1	CS331	13.244394856177166
EWSAT1	CS335	8.076993108358339
EWSAT1	CS338	2.061665404362822
EWSAT1	CS339	1.1707547739034676
EWSAT1	CS343	5.0403945597624915
EWSAT1	CS344	1.014131256091266
EWSAT1	CS350	1.0232380192782662
EWSAT1	CS351	1.008311894542825
EWSAT1	CS361	1.0239903938396149
EWSAT1	CS388	1.034963282410878
EWSAT1	CS396	1.01090379638317
EWSAT1	CS405	1.0253724548654906
EWSAT1	CS415	1.0768988297741249
EWSAT1	CS424	1.0376219614625826
EWSAT1	IM293	2.0106670372621225
EWSAT1	IM296	1.0674965693084089
EWSAT1	IM297	1.098769887658002
EWSAT1	IM300	2
EWSAT1	IM305	5.050250427196334
EWSAT1	IM309	1.068243382745569
EWSAT1	IM310	1.0137597798867521
EWSAT1	IM311	7.087338492957905
EWSAT1	IM316	1.0051863509411016
EWSAT1	IM320	1.0476097382082026
EWSAT1	IM330	2.021188956710621
EWSAT1	IM332	1.0306075684228129
EWSAT1	IM340	1.056280146775053
EWSAT1	IM348	1.0369614627065955
EWSAT1	IM354	5.036243447811597
EWSAT1	IM356	4.034440209791235
EWSAT1	IM364	1.017386683482945
EWSAT1	IM372	6.999935025078027
EWSAT1	IM374	1.0494515301768887
EWSAT1	IM376	1.0151740030663836
EWSAT1	IM381	1.012555790998895
EWSAT1	IM382	1.0318406015848964
EWSAT1	IM385	3
EWSAT1	IM390	1.028703799246213
EWSAT1	IM397	10.11384661421074
EWSAT1	IM404	1.0028825152555245
EWSAT1	IM409	2.0114579810922715
EWSAT1	IM412	4
EWSAT1	IM421	1.0158984637588822
EWSAT1	IM425	2.1086267322693293
EWSAT1	IM432	1.0420143643186235
EWSAT1	IM438	3
EWSAT1	IM442	1.0426097281187585
EWSAT1	IM445	2.0231095942964687
EWSAT1	IM448	1.0230255913150224
EWSAT1	IM449	1.008446585812273
EWSAT1	IM451	6.03111810564661
EWSAT1	IMSA256	4.0163968842786275
EWSAT1	IMSA276	2
EWSAT1	IMSA286	3
EWSAT1	IMSA343	6.075124721281631
EWSAT1	IS_238	4
EWSAT1	IS238	1.5354939906729352
EWSAT1	IS243	5
EWSAT1	IS253	4
EWSAT1	IS283	1
EWSAT1	IS322	1.0106397239474434
EWSAT1	IS399	2.0145059204544262
EWSAT1	IS418	1.0947511027862358
EWSAT1	IS430	1.0847548398304163
EWSAT1	IS437	1.0822383787243768
EWSAT1	IS444	1.0378497226493058
EWSAT1	R276CMSA	1.0649255307900556
EWSAT1	R286CMSA	4
EWSAT1	R292CMSA	1.004207620749528
EWSAT1	R292IMSA	1.0768750693977573
EWSAT1	R308CMSA	1.070354522560454
EWSAT1	R316IMSA	1.0198650539779268
EWSAT1	R347CMSA	1.0679448775774594
EWSAT1	R347IMSA	1.0654084912781197
EWSAT1	R371CMSA	10.039962901985676
EWSAT1	SRR10104064	1.1130827181735787
EWSAT1	SRR10104065	3.017596741865666
EWSAT1	SRR10104066	1.0187563340359607
EWSAT1	SRR10104067	1.0232571372704031
EWSAT1	SRR10104068	1.004671476542523
EWSAT1	SRR10104069	1.011490802424949
EWSAT1	SRR10104070	1.0295865545572511
EWSAT1	SRR10104071	1.1619835297694339
EWSAT1	SRR10104072	1.071723239794756
EWSAT1	SRR10104073	2.0916715754495523
EWSAT1	SRR10104074	1.099722320793923
EWSAT1	SRR10104075	1.1547542285600578
EWSAT1	SRR10104076	1.0278239688724724
EWSAT1	SRR10104077	1.1040752320803593
EWSAT1	SRR10104078	1.0419214016168303
EWSAT1	SRR10104079	1.092856600461782
EWSAT1	SRR10104080	1.1254280913603063
EWSAT1	SRR10104081	1.0158936181922817
EWSAT1	SRR10104082	1.085647260281074
EWSAT1	SRR10104083	1.065596706440916
EWSAT1	SRR10104084	1.0701241548355385
EWSAT1	SRR10104085	1.0224852129879336
EWSAT1	SRR10104086	1.0249330155513252
EWSAT1	SRR10104087	2.006419609796209
EWSAT1	SRR10104088	1.0091188297931257
EWSAT1	SRR10104089	1.1387124115642702
EWSAT1	SRR10104090	1.0265054935122315
EWSAT1	SRR10104091	1.0429313075146665
EWSAT1	SRR10104092	2.0255307226465464
EWSAT1	SRR10104093	1.0347712127539488
EWSAT1	SRR10104094	1.0344440824548444
EWSAT1	SRR10104095	1.0555296586127236
EWSAT1	SRR10104096	1.1499993829134103
EWSAT1	SRR10104097	1.0654329597407752
EWSAT1	SRR10104098	1.0299665441303483
EWSAT1	SRR10104099	1.0483148195050975
EWSAT1	SRR10104100	1.0292800559938342
EWSAT1	SRR10104101	1.0055788173830293
EWSAT1	SRR10104102	1.0153539684721093
EWSAT1	SRR10104103	1.0533097010473917
EWSAT1	SRR10104104	1.0155160029658645
EWSAT1	SRR10104105	2.1675839769001293
EWSAT1	SRR10104106	1.1337110372727635
EWSAT1	SRR10104107	1.0095882284245328
EWSAT1	SRR10104108	1.0068598403855975
EWSAT1	SRR10104109	1.122307744225592
EWSAT1	SRR10104110	1.1932010382175424
EWSAT1	SRR10104111	1.0329711095071032
EWSAT1	SRR10104112	1.189872391069202
EWSAT1	SRR10104113	1.0362854178746606
EWSAT1	SRR10104114	1.1753108824133915
EWSAT1	SRR10104115	1.1481195623107094
EWSAT1	SRR10104116	1.0476231912417615
EWSAT1	SRR10104117	1.0392927622091388
EWSAT1	SRR10104118	1.1479902353871632
EWSAT1	SRR10104119	1.1922096850664645
EWSAT1	SRR10104120	1.0274397025883788
EWSAT1	SRR10104121	1.0845670123047944
EWSAT1	SRR10104122	1.0930951060141245
EWSAT1	SRR10104123	1.085068060584876
EWSAT1	SRR10104124	2.2388032130029476
EWSAT1	SRR10104125	1.1032322088701674
EWSAT1	SRR10104126	1.0403589846827273
EWSAT1	SRR10104127	1.1896601506984525
EWSAT1	SRR10104128	1.0289581177608564
EWSAT1	SRR10104129	1.0264252644778067
EWSAT1	SRR10104130	1.0421022730678582
EWSAT1	SRR10104131	1.0113537446977683
EWSAT1	SRR10104132	2.0144715873367174
EWSAT1	SRR10104133	1.1678104114751833
EWSAT1	SRR10104134	1.0304204630626266
EWSAT1	SRR10104135	1.1047925227370805
EWSAT1	SRR10104136	1.0150534484689004
EWSAT1	SRR10104137	1.1111543351913287
EWSAT1	SRR10104138	1.1987125395645137
EWSAT1	SRR10104139	1.0113843011015555
EWSAT1	SRR10104140	1.1457522859106466
EWSAT1	SRR10104141	1.0612182077092946
EWSAT1	SRR10104142	1.0527512259784992
EWSAT1	SRR10104143	1.008193511450258
EWSAT1	SRR10104144	1.0610832116326332
EWSAT1	SRR10104145	1.064530164787135
EWSAT1	SRR10104146	1.009628265187365
EWSAT1	SRR10104147	1.0017090245686449
EWSAT1	SRR10104148	1.0531465668318782
EWSAT1	SRR10104149	1.0479500129388701
EWSAT1	SRR10104150	2.0233041709417194
EWSAT1	SRR10104151	1.0076598631587603
EWSAT1	SRR10104152	1.0056231596200704
EWSAT1	SRR10104153	1.1050859670242814
EWSAT1	SRR10104154	2.061321572898917
EWSAT1	SRR10104155	3.271815240998519
EWSAT1	SRR10104156	1.0040671518845923
EWSAT1	SRR10104157	1.0501594045532703
EWSAT1	SRR10104158	1.0205995039478943
EWSAT1	SRR10104159	1.0126727839776568
EWSAT1	SRR10104160	1.1286682368212853
EWSAT1	SRR10104161	1.001725803535813
EWSAT1	SRR10104162	1.0204815952038468
EWSAT1	SRR10104163	1.0302878151561219
EWSAT1	SRR10104164	1.019679849157473
EWSAT1	SRR10104165	1.03911950298106
EWSAT1	SRR10104166	1.0411103906912247
EWSAT1	SRR10104167	1.0226405407254509
EWSAT1	SRR10104168	4.116015169296101
EWSAT1	SRR10104169	1.0249138391060775
EWSAT1	SRR10104170	1.0302024526513764
EWSAT1	SRR10104171	1.0241039729391117
EWSAT1	SRR10104172	1.03424738641328
EWSAT1	SRR10104173	1.0618085302182145
EWSAT1	SRR10104174	1.034206476188313
EWSAT1	SRR10104175	1.0226611988789944
EWSAT1	SRR10104176	1.022603053209032
EWSAT1	SRR10104177	1.0254564567414526
EWSAT1	SRR10104178	1.0386957245885173
EWSAT1	SRR10104179	1.0349830414340861
EWSAT1	SRR10104180	1.0220069065577857
EWSAT1	SRR10104181	1.027045780065536
EWSAT1	SRR10104182	1.0354701224080693
EWSAT1	SRR10104183	1.0485327945215122
EWSAT1	SRR10104184	1.0213982799506043
EWSAT1	SRR10104185	1.0655022783512398
EWSAT1	SRR10104186	1.0334077154577568
EWSAT1	SRR10104187	1.0797577801431373
EWSAT1	SRR10104188	1.0555862389878126
EWSAT1	SRR10104189	1.0614348924771675
EWSAT1	SRR10104190	1.1491016556665985
EWSAT1	SRR10104191	2.2842575168334185
EWSAT1	SRR10104192	1.0261807524628852
EWSAT1	SRR10104193	1.0402803652655077
EWSAT1	SRR10104194	2.0868969661198666
EWSAT1	SRR10104195	1.0425282185704265
EWSAT1	SRR10104196	1.0410873692447795
EWSAT1	SRR10104197	4.067774494065287
EWSAT1	SRR10104198	1.0259518061643405
EWSAT1	SRR10104199	1.0845523092555243
EWSAT1	SRR10104200	1.0357609839017698
EWSAT1	SRR10104201	1.026296611985634
EWSAT1	SRR10104202	1.0684453214497531
EWSAT1	SRR10104203	1.0227196084030068
EWSAT1	SRR10104204	1.0316115330113982
EWSAT1	SRR10104205	1.0269817679691475
EWSAT1	SRR10104206	1.0290184053987292
EWSAT1	SRR10104207	1.0328985759185803
EWSAT1	SRR10104208	1.0176894368252343
EWSAT1	SRR10104209	2.046397421151133
EWSAT1	SRR10104210	1.0264643950508716
EWSAT1	SRR10104211	1.0187996043213206
EWSAT1	SRR10104212	1.0187854652070223
EWSAT1	SRR10104213	1.0607243748787123
EWSAT1	SRR10104214	1.0302508387945404
EWSAT1	SRR10104215	1.0107265960976537
EWSAT1	SRR10104216	1.062180780035933
EWSAT1	SRR10104217	1.0250110331492008
EWSAT1	SRR10104218	1.0655646431950403
EWSAT1	SRR10104219	1.0652648347042482
EWSAT1	SRR10104220	1.0355693278203462
EWSAT1	SRR10104221	1.090516632710812
EWSAT1	SRR10104222	1.0387327316632746
EWSAT1	SRR10104223	1.1801672204919216
EWSAT1	SRR10104224	1.0254993311004128
EWSAT1	SRR10104225	1.031660376130715
EWSAT1	SRR10104226	1.0392769039353207
EWSAT1	SRR10104227	1.0779388239392174
EWSAT1	SRR10104228	1.1232105220166013
EWSAT1	SRR10104229	1.0373617848705414
EWSAT1	SRR10104230	1.1040752320803593
EWSAT1	SRR10104231	1.07822501247679
EWSAT1	SRR10104232	1.0611514448074382
EWSAT1	SRR10104233	1.0734096428277802
EWSAT1	SRR10104234	1.0234328696081605
EWSAT1	SRR10104235	1.0441915254956329
EWSAT1	SRR10104236	1.0093068320098109
EWSAT1	SRR10104237	1.018564797188093
EWSAT1	SRR10104238	1.0719766937133695
EWSAT1	SRR10104239	1.0633581535162346
EWSAT1	SRR10104240	1.0749579917487644
EWSAT1	SRR10104241	1.0409403926955196
EWSAT1	SRR10104242	1.0656340036600613
EWSAT1	SRR10104243	1.0687486815714031
EWSAT1	SRR10104244	1.0398815876953509
EWSAT1	SRR10104245	1.0418117622330036
EWSAT1	SRR10104246	1.108828569841403
EWSAT1	SRR10104247	1.0579544780318526
EWSAT1	SRR10104248	2.15305844885231
EWSAT1	SRR10104249	5.136657935429347
EWSAT1	SRR10104250	1.157197552838617
EWSAT1	SRR10104251	1.0471142307724335
EWSAT1	SRR10104252	1.1838765721178106
EWSAT1	SRR10104253	1.09991256534321
EWSAT1	SRR10104254	1.0374696909056962
EWSAT1	SRR10104255	1.031244552450183
EWSAT1	SRR10104256	1.0295241963821637
EWSAT1	SRR10104257	1.038122821814693
EWSAT1	SRR10104258	1.0309181491976231
EWSAT1	SRR10224277	1.0245658638211308
EWSAT1	SRR10224278	1.0942848190075063
EWSAT1	SRR10224279	1.0908476973919505
EWSAT1	SRR10224280	1.0228352144410537
EWSAT1	SRR10224281	2.032362309760958
EWSAT1	SRR10224282	1.0506840927867773
EWSAT1	SRR10224283	1.04241966767901
EWSAT1	SRR10224284	1.1113405704367834
EWSAT1	SRR10224285	1.1302600125483513
EWSAT1	SRR10224286	1.0254727500696328
EWSAT1	SRR10224287	1.034206476188313
EWSAT1	SRR10224288	9.884252462453677
EWSAT1	SRR10224289	4.382298234070384
EWSAT1	SRR10224290	1.0979938990127511
EWSAT1	SRR10224291	1.031258864476703
EWSAT1	SRR10224292	7.083295921310237
EWSAT1	SRR10224293	1.0308254672852508
EWSAT1	SRR10224294	1.0583494992707134
EWSAT1	SRR10224295	1.0871371976243258
EWSAT1	SRR10224296	1.0551062717044821
EWSAT1	SRR10224297	1.1298237190995832
EWSAT1	SRR10224298	1.0332669442805347
EWSAT1	SRR10318388	1.0075645039987202
EWSAT1	SRR10318389	2.0096158459903477
EWSAT1	SRR10318390	1.0125492618247403
EWSAT1	SRR10318391	1.012188279490948
EWSAT1	SRR10318392	2.028332424136279
EWSAT1	SRR10318393	1.002913173016367
EWSAT1	SRR10318394	2.027203429646117
EWSAT1	SRR10318395	2.009104338295677
EWSAT1	SRR10318396	2.016507383397678
EWSAT1	SRR10318397	1.0060636964446545
EWSAT1	SRR10318398	2.0071817333073967
EWSAT1	SRR10318399	1.0502301871086661
EWSAT1	SRR10318400	2.030059894316004
EWSAT1	SRR10318401	1.0036964837029803
EWSAT1	SRR10318402	1.004310064687844
EWSAT1	SRR10318403	1.004961221139498
EWSAT1	SRR10318404	2.0035676388007277
EWSAT1	SRR10318405	1.0025217469463543
EWSAT1	SRR10318406	2.0093494314508025
EWSAT1	SRR10318407	2.019992801495311
EWSAT1	SRR10318408	6.018561668212164
EWSAT1	SRR10318409	4.012713088578641
EWSAT1	SRR10318410	1.0041326449528036
EWSAT1	SRR10318411	3.0110894511089406
EWSAT1	SRR10318412	3.0148563587151003
EWSAT1	SRR10318413	3.011829891367106
EWSAT1	SRR10318414	1.0060465501543596
EWSAT1	SRR10318415	1.0066043693551068
EWSAT1	SRR10318416	3.0303829559717936
EWSAT1	SRR10318417	1.0073281690092157
EWSAT1	SRR10318418	1.0038295612714525
EWSAT1	SRR10318419	1.0040851311465162
EWSAT1	SRR10318420	2.003662448614877
EWSAT1	SRR10318421	4.01942188401732
EWSAT1	SRR10318422	1.0021611084168651
EWSAT1	SRR10318423	1.0016036166558628
EWSAT1	SRR10318424	2.0042665053909148
EWSAT1	SRR10318425	3.019895309257772
EWSAT1	SRR10318426	2.191149117035192
EWSAT1	SRR10318427	1.1082523998937106
EWSAT1	SRR10318428	2.0027921254337664
EWSAT1	SRR10318429	4.016150478353997
EWSAT1	SRR10318430	2.0177020275269326
EWSAT1	SRR10318431	3.0157842162453794
EWSAT1	SRR10318432	1.0018005996203712
EWSAT1	SRR10318433	1.275527749073799
EWSAT1	SRR10318434	2.0063370191673306
EWSAT1	SRR10318435	3.0182133357281593
EWSAT1	SRR10318436	3.0085148815957345
EWSAT1	SRR10318437	5.0035992558112685
EWSAT1	SRR10318438	7.009034814155321
EWSAT1	SRR10318439	1.0041326449528036
EWSAT1	SRR10318440	3.0480484216220374
EWSAT1	SRR10318441	2.0056152767867226
EWSAT1	SRR10318442	2.0581945196038256
EWSAT1	SRR10318443	1.00232462218343
EWSAT1	SRR10318444	1.0087925886196047
EWSAT1	SRR10318445	1.0124257547386077
EWSAT1	SRR10318446	2.0080203289901353
EWSAT1	SRR10318447	2.021482658631494
EWSAT1	SRR10318448	3.0215323861980785
EWSAT1	SRR10318449	2.0042041055221165
EWSAT1	SRR10318450	1.005397931987203
EWSAT1	SRR10318451	4
EWSAT1	SRR10318452	1.0063470586203123
EWSAT1	SRR10318453	3.0603848826028193
EWSAT1	SRR10318454	4.019176150698177
EWSAT1	SRR10318455	1.0061524256376846
EWSAT1	SRR10318456	5.033461705349525
EWSAT1	SRR10318457	1.001651013035654
EWSAT1	SRR10318458	4.052243066000422
EWSAT1	SRR10318459	2.013342421393025
EWSAT1	SRR10318460	2.0080889550647942
EWSAT1	SRR10318461	2.0071817333073967
EWSAT1	SRR10318462	1.0068151487297214
EWSAT1	SRR10318463	3.0095975282617573
EWSAT1	SRR10318464	4.025549285284747
EWSAT1	SRR10318465	1.0010052287584692
EWSAT1	SRR10318466	2.0191449445374765
EWSAT1	SRR10318467	2.010326653736132
EWSAT1	SRR10318468	4.039706349576045
EWSAT1	SRR10318469	3.0112099210728935
EWSAT1	SRR10318470	3
EWSAT1	SRR10318471	2
EWSAT1	SRR10318472	2.008987985922139
EWSAT1	SRR10318473	2.0079040393943504
EWSAT1	SRR10318474	2.0085652042889737
EWSAT1	SRR10318475	1.0041019499142785
EWSAT1	SRR10318476	2.0074201197552233
EWSAT1	SRR10318495	3.0035559715334164
EWSAT1	SRR10318496	2.017878235769392
EWSAT1	SRR10318497	1.0057733394052475
EWSAT1	SRR10318498	2.0018890754259386
EWSAT1	SRR10318499	2.002431859445557
EWSAT1	SRR10318500	1.0058289797049942
EWSAT1	SRR10318501	2.009861001544937
EWSAT1	SRR10318502	4.002159359225385
EWSAT1	SRR10318503	4.007624113053891
EWSAT1	SRR10318504	2.0136434013266955
EWSAT1	SRR10318505	3.002159553486761
EWSAT1	SRR10318506	3.036420264174501
EWSAT1	SRR10318507	2.024561625087477
EWSAT1	SRR10318508	2.062427449412944
EWSAT1	SRR10318509	2.0141092204250866
EWSAT1	SRR10318510	1.008125313584785
EWSAT1	SRR10318511	5.00630039786456
EWSAT1	SRR10318512	2.0155039644581945
EWSAT1	SRR10318513	1.0033796658956018
EWSAT1	SRR10318514	1.0046534867814323
EWSAT1	SRR10318515	1.012185016083506
EWSAT1	SRR10318516	1.0060465501543596
EWSAT1	SRR10318517	1.0027021148755608
EWSAT1	SRR10318518	2.014681542087307
EWSAT1	SRR10318519	2.009649507739891
EWSAT1	SRR10318520	2.004022936003591
EWSAT1	SRR10318521	4.0147011017168674
EWSAT1	SRR10318522	1.0013960627168832
EWSAT1	SRR10318523	2.004594427862749
EWSAT1	SRR10318524	1.0079332911520626
EWSAT1	SRR10318525	1.006333446777656
EWSAT1	SRR10318526	2.013268081880607
EWSAT1	SRR10318527	2.000719721662436
EWSAT1	SRR10318528	2.005159617817389
EWSAT1	SRR10318529	2.004533149999212
EWSAT1	SRR10318530	3.020688024331101
EWSAT1	SRR10318531	1.0090633661821524
EWSAT1	SRR10318532	3.0255123611848327
EWSAT1	SRR10318533	3.0709598821307305
EWSAT1	SRR10318534	3.053639438805026
EWSAT1	SRR10318535	1.0158026224654026
EWSAT1	SRR10318536	1.0041462270270287
EWSAT1	SRR10318537	1.0110823525225687
EWSAT1	SRR10318538	3.0057180847904186
EWSAT1	SRR10318539	1.007502905048184
EWSAT1	SRR10318540	1.0055480781368802
EWSAT1	SRR10318541	2.0148002708528874
EWSAT1	SRR10318542	2.016593374931633
EWSAT1	SRR10318543	1.0102315119348009
EWSAT1	SRR10318544	4.010070597400705
EWSAT1	SRR10318545	1.0089020059058134
EWSAT1	SRR10318546	2.0028804410204066
EWSAT1	SRR10318547	1.004071255814061
EWSAT1	SRR10318548	1.0049305007724685
EWSAT1	SRR10318549	3.0215323861980785
EWSAT1	SRR10318568	3.0096294146943134
EWSAT1	SRR10318569	1.0008998949047658
EWSAT1	SRR10318570	3.032980724658537
EWSAT1	SRR10318571	2.0017997898095317
EWSAT1	SRR10318572	4.019299015479782
EWSAT1	SRR10318573	1.001545611227314
EWSAT1	SRR10318574	2.004974007359963
EWSAT1	SRR10318575	1.0048247538699455
EWSAT1	SRR10318576	1.0043850537320074
EWSAT1	SRR10318577	2.0059973686651573
EWSAT1	SRR10318578	1.0008998949047658
EWSAT1	SRR10318579	2.0063370191673306
EWSAT1	SRR10318580	1.0014402205102033
EWSAT1	SRR10318581	1
EWSAT1	SRR10875803	0.8160920814011419
EWSAT1	SRR10875804	2.7719704368411016
EWSAT1	SRR10875805	4.159399199431205
EWSAT1	SRR10875806	0.8670757402901675
EWSAT1	SRR10875807	0.9691618824824831
EWSAT1	SRR10875808	2.739987886847513
EWSAT1	SRR10875809	1.2694844521226076
EWSAT1	SRR10875810	2.729211752519991
EWSAT1	SRR10875812	1
EWSAT1	SRR10875813	0.8142748177739214
EWSAT1	SRR10875814	1.004071255814061
EWSAT1	SRR10875815	1
EWSAT1	SRR10875816	2
EWSAT1	SRR10875817	3.8602301930185092
EWSAT1	SRR10875818	1.4536622695864856
EWSAT1	SRR10875819	2
EWSAT1	SRR10875820	1.2448457672874211
EWSAT1	SRR10875821	1.906313324151521
EWSAT1	SRR10875822	3.0623169279783924
EWSAT1	SRR10875823	3
EWSAT1	SRR10875824	0.6054474346879135
EWSAT1	SRR10875825	1.0018312243074385
EWSAT1	SRR10875826	2.5336766369791217
EWSAT1	SRR10875827	1.2813332807608482
EWSAT1	SRR10875829	0.7543213669360967
EWSAT1	SRR10875830	1
EWSAT1	SRR10875831	3.0109053636888077
EWSAT1	SRR10875832	2
EWSAT1	SRR10875834	3.0102717334750446
EWSAT1	SRR10875835	3
EWSAT1	SRR10875836	0.9427069927825823
EWSAT1	SRR10875837	4.020680176761477
EWSAT1	SRR10875838	1
EWSAT1	SRR10875839	2.96587701491761
EWSAT1	SRR10875840	2.451200525072335
EWSAT1	SRR10875841	1.00387382637289
EWSAT1	SRR10875842	2.085383038589856
EWSAT1	SRR10875843	1.103950673460681
EWSAT1	SRR10875844	2.4114108634864153
EWSAT1	SRR10875845	2.718599263579385
EWSAT1	SRR10875846	3.7431118118496047
EWSAT1	SRR10875847	4.517294126607516
EWSAT1	SRR10875848	5
EWSAT1	SRR10875849	1.9315446253798474
EWSAT1	SRR10875850	2.0003598284620874
EWSAT1	SRR10875851	0.8752323440016847
EWSAT1	SRR10875852	1.618828321459465
EWSAT1	SRR10875853	1.002266574999606
EWSAT1	SRR10875854	2.524152720212545
EWSAT1	SRR10875855	2.9272315837942795
EWSAT1	SRR10875856	1.3508948844304207
EWSAT1	SRR10875857	1.740079077969616
EWSAT1	SRR10875858	2.8133643030895605
EWSAT1	SRR10875859	2
EWSAT1	SRR10875860	0.6545276114585332
EWSAT1	SRR10875861	1.183168145575208
EWSAT1	SRR10875862	1.7437702017793295
EWSAT1	SRR10875863	1.0054730022593972
EWSAT1	SRR10875864	1
EWSAT1	SRR10875865	0.8476035815688346
EWSAT1	SRR10875866	2.2321478285664753
EWSAT1	SRR10875867	0.9605953800572812
EWSAT1	SRR10875868	1.2303144466865068
EWSAT1	SRR10875869	7
EWSAT1	SRR10875870	2.7033171442583503
EWSAT1	SRR10875871	1.0001799142310437
EWSAT1	SRR10875872	2.92417151428768
EWSAT1	SRR10875873	1.6143451463165925
EWSAT1	SRR10875874	2.9320269130744836
EWSAT1	SRR10875875	1.9780079709870813
EWSAT1	SRR10875876	1
EWSAT1	SRR10875877	0.8092683355211371
EWSAT1	SRR10875878	1.0079578989702365
EWSAT1	SRR10875879	3
EWSAT1	SRR10875880	2.0081088751208536
EWSAT1	SRR10875881	1.5629833593916387
EWSAT1	SRR10875882	3
EWSAT1	SRR10875883	2.0129887924951704
EWSAT1	SRR10875884	2.9240329827502203
EWSAT1	SRR10875885	1.0019060282634729
EWSAT1	SRR10875886	1.0075645039987202
EWSAT1	SRR10875887	1
EWSAT1	SRR10875888	1.0282669362329202
EWSAT1	SRR10875889	1.002266574999606
EWSAT1	SRR10875890	1.002266574999606
EWSAT1	SRR10875891	1
EWSAT1	SRR10875892	0.9980256347565621
EWSAT1	SRR10875893	2
EWSAT1	SRR10875894	1.0377278473562426
EWSAT1	SRR10875895	1
EWSAT1	SRR10875896	1.01011154427121
EWSAT1	SRR10875897	1.002610457415912
EWSAT1	SRR10875898	0.9530324484204709
EWSAT1	SRR10875899	1.8009118633110923
EWSAT1	SRR10875900	1.003815689470687
EWSAT1	SRR10875901	1.0022125639984338
EWSAT1	SRR10875902	1.0046440041164724
EWSAT1	SRR12430469	15
EWSAT1	SRR12430470	20.454299284823918
EWSAT1	SRR12430471	12.652955699476585
EWSAT1	SRR12430472	14.46016337749471
EWSAT1	SRR12430473	9
EWSAT1	SRR12430474	7.479302632322714
EWSAT1	SRR12430475	2.611055878944555
EWSAT1	SRR12430476	22
EWSAT1	SRR12765534	2
EWSAT1	SRR12765535	1.0026579014399075
EWSAT1	SRR12765536	1.0046291005525438
EWSAT1	SRR12765537	2.0084766380367456
EWSAT1	SRR12765538	1.0342968559958656
EWSAT1	SRR12765539	1.0314128115051437
EWSAT1	SRR12765540	1.003132286981857
EWSAT1	SRR12765541	3.029110953980382
EWSAT1	SRR12765542	2
EWSAT1	SRR12765543	1.0164158147198445
EWSAT1	SRR12765544	1.0116050033991464
EWSAT1	SRR12765545	4.037868680535449
EWSAT1	SRR12765546	1.0302580085326847
EWSAT1	SRR12765547	2.0162115956683953
EWSAT1	SRR12765548	1.0204595735015827
EWSAT1	SRR12765549	1.0076734929427573
EWSAT1	SRR12765550	2.080234848018568
EWSAT1	SRR12765551	1.0138517058671774
EWSAT1	SRR12765552	2.083170869594375
EWSAT1	SRR12765553	1.044787541309448
EWSAT1	SRR12765554	1.0319374576290212
EWSAT1	SRR12765555	1.0207802232545309
EWSAT1	SRR12765556	1.0154992904437379
EWSAT1	SRR12765557	2.021061427193557
EWSAT1	SRR12765558	2.103329399220781
EWSAT1	SRR12765559	1.0019060282634729
EWSAT1	SRR12765560	1.0193147872805552
EWSAT1	SRR12765561	2.00567658773049
EWSAT1	SRR12765562	2.031481039730548
EWSAT1	SRR12765563	1.0073112962020905
EWSAT1	SRR12765564	4.008467675346026
EWSAT1	SRR12765565	2.0085329164643317
EWSAT1	SRR12765566	1.0072082511218612
EWSAT1	SRR12765567	1.0132901030582455
EWSAT1	SRR12765568	1.0104061753780302
EWSAT1	SRR12765569	2.023016083005857
EWSAT1	SRR12765570	4.028709848264105
EWSAT1	SRR12765571	2.022377515938904
EWSAT1	SRR12765572	5.033142322684644
EWSAT1	SRR12765573	1.0345835410136228
EWSAT1	SRR12765574	1.006959603260677
EWSAT1	SRR12765575	1.0242231235437018
EWSAT1	SRR12765576	1.0249426590876354
EWSAT1	SRR12765577	1.0460059726823405
EWSAT1	SRR12765578	2.0303699917170186
EWSAT1	SRR12765579	1.008549757583579
EWSAT1	SRR12765580	1.0114233604687528
EWSAT1	SRR12765581	1.0162640458244836
EWSAT1	SRR12765582	3.003015686275408
EWSAT1	SRR12765583	1.008894629432837
EWSAT1	SRR12765584	2.0250563261035786
EWSAT1	SRR12765585	1.011157847234662
EWSAT1	SRR12765586	1.0053109243736533
EWSAT1	SRR12765587	1.0118330537602769
EWSAT1	SRR12765588	3.020988867309025
EWSAT1	SRR12765589	2.036750675641805
EWSAT1	SRR12765590	3.088264960229614
EWSAT1	SRR12765591	2.0562669413136656
EWSAT1	SRR12765592	1.0165367644372587
EWSAT1	SRR12765593	3.0252988367142835
EWSAT1	SRR12765594	1.023275089062988
EWSAT1	SRR12765595	2.024036442345954
EWSAT1	SRR12765596	2.0089265737532043
EWSAT1	SRR12765597	3.02425068091063
EWSAT1	SRR12765598	3.0216950304135266
EWSAT1	SRR12765599	1.003093611368694
EWSAT1	SRR12765600	1.0430935413616602
EWSAT1	SRR12765601	1.0221622395262338
EWSAT1	SRR12765602	1.008672496399683
EWSAT1	SRR12765603	1.0100331670398786
EWSAT1	SRR12765604	2.0163260353818857
EWSAT1	SRR12765605	1.0078157404057295
EWSAT1	SRR12765606	1.013303558456437
EWSAT1	SRR12765607	1.008783747817285
EWSAT1	SRR12765608	2.0177637079583595
EWSAT1	SRR12765609	2.009704462477354
EWSAT1	SRR12765610	1.008763978794329
EWSAT1	SRR12765611	2.0111239477552973
EWSAT1	SRR12765612	2.0091233018919676
EWSAT1	SRR12765613	3.018110087778819
EWSAT1	SRR12765614	1.0046747157254012
EWSAT1	SRR12765615	2.01836641871408
EWSAT1	SRR12765616	1.0061831833585213
EWSAT1	SRR12765617	1.0085055016400712
EWSAT1	SRR12765618	1.0235720872907181
EWSAT1	SRR12765619	2.0437777916929463
EWSAT1	SRR12765620	1.0081810702952163
EWSAT1	SRR12765621	1.0026231534549817
EWSAT1	SRR12765622	1.0220255670364495
EWSAT1	SRR12765623	1
EWSAT1	SRR12765624	1.003979473200612
EWSAT1	SRR12765625	1.0083576543049855
EWSAT1	SRR12765626	1.004961221139498
EWSAT1	SRR12765627	8.00431871845077
EWSAT1	SRR12765628	2.083280979832011
EWSAT1	SRR12765629	1.0324836165656877
EWSAT1	SRR12765630	4.006903214143252
EWSAT1	SRR12765631	1.006060158116402
EWSAT1	SRR12765632	2.013170362593027
EWSAT1	SRR12765633	2.039126632624243
EWSAT1	SRR12765634	3.0163969525715792
EWSAT1	SRR12765635	1.0232142122054655
EWSAT1	SRR12765636	1.0122197343296355
EWSAT1	SRR12765637	3.1070276117509206
EWSAT1	SRR12765638	3
EWSAT1	SRR12765639	3.093715121925995
EWSAT1	SRR12765640	1.0050805771159577
EWSAT1	SRR12765641	1.0191101951053518
EWSAT1	SRR12765642	2.004893794039496
EWSAT1	SRR12765643	1.0141700299218512
EWSAT1	SRR12765644	4.014350523861081
EWSAT1	SRR12765645	1.0289926005960395
EWSAT1	SRR12765646	3.020487185940687
EWSAT1	SRR12765647	1.0292969953121303
EWSAT1	SRR12765648	1.0119067516462763
EWSAT1	SRR12765649	1.0495385478573618
EWSAT1	SRR12765650	2.036769121918001
EWSAT1	SRR12765651	1.0282802169943726
EWSAT1	SRR12765652	1.0107837488840228
EWSAT1	SRR12774664	1.0053155170153698
EWSAT1	SRR12774665	2.0271133275608064
EWSAT1	SRR12774666	1.0106916250716198
EWSAT1	SRR12774667	1.015112987886643
EWSAT1	SRR12774668	1.0534151748540257
EWSAT1	SRR12774669	2.037245221390545
EWSAT1	SRR12774670	1.0491130199238774
EWSAT1	SRR12774671	1.0484655565231629
EWSAT1	SRR12774672	1.0061938437846794
EWSAT1	SRR12774673	3.04306827405672
EWSAT1	SRR12774674	1.0244413045784626
EWSAT1	SRR12774675	5.173260462902859
EWSAT1	SRR12774676	6.039328619315537
EWSAT1	SRR12774677	1.0109759582725257
EWSAT1	SRR12774678	1.0438847092278365
EWSAT1	SRR12774679	1.023414658310555
EWSAT1	SRR12774680	2.0284825048572457
EWSAT1	SRR12774681	1.008730043871159
EWSAT1	SRR12774682	1.0106527118449917
EWSAT1	SRR12774683	1.0071464844271232
EWSAT1	SRR12774684	2.0105777894485675
EWSAT1	SRR12774685	4.02955784887945
EWSAT1	SRR12774686	2.0363366676281145
EWSAT1	SRR12774687	1.0294604238537992
EWSAT1	SRR1609360	2.0992249576925177
EWSAT1	SRR1609361	2.0528846368458797
EWSAT1	SRR1609362	2.1370002626826157
EWSAT1	SRR1609363	2.0148677685990375
EWSAT1	SRR1609364	2.0174962132576986
EWSAT1	SRR1609365	2.0292679659528767
EWSAT1	SRR1609366	1.0057564926416112
EWSAT1	SRR1609367	1.0027327671216282
EWSAT1	SRR1609368	1.0056529696494536
EWSAT1	SRR1609369	2.0017997898095317
EWSAT1	SRR1609370	1.0020862854161259
EWSAT1	SRR1609371	1.0304964007766504
EWSAT1	SRR1609372	1.000825166068307
EWSAT1	SRR1609373	1.0075612554988438
EWSAT1	SRR1609374	1.0026272514823873
EWSAT1	SRR1609375	1.0066648133839482
EWSAT1	SRR1609376	1.01626352655509
EWSAT1	SRR1609377	3.0161432745349903
EWSAT1	SRR1609378	1.0177728662012375
EWSAT1	SRR1609379	1.0018312243074385
EWSAT1	SRR1609380	1.0160023979140944
EWSAT1	SRR1609381	2.0014397023245074
EWSAT1	SRR1609382	1.0145549576818973
EWSAT1	SRR1609383	5.0526346315429045
EWSAT1	SRR1609384	2.019758190428129
EWSAT1	SRR1609385	2.014974910786372
EWSAT1	SRR1609386	1.0067982845157166
EWSAT1	SRR1609387	3.0228206975409306
EWSAT1	SRR1609388	3.0391116157423523
EWSAT1	SRR1609389	2.0050712017320715
EWSAT1	SRR1609390	2.0263215738503937
EWSAT1	SRR1609391	1.0643168557255298
EWSAT1	SRR1609392	1.0157951352724675
EWSAT1	SRR1609393	1.0451601529901198
EWSAT1	SRR1609394	1.028409336119194
EWSAT1	SRR1609395	1.0056231596200704
EWSAT1	SRR1609396	1.0011379495002815
EWSAT1	SRR1609397	2.0298806576181727
EWSAT1	SRR1609398	3.0141570542848966
EWSAT1	SRR1609399	2.0077359424701493
EWSAT1	SRR1609400	1.0022191494924957
EWSAT1	SRR1609401	1.0108006798559126
EWSAT1	SRR1609402	2.008987985922139
EWSAT1	SRR1609403	1.00325727728352
EWSAT1	SRR1609404	2.0244311952056044
EWSAT1	SRR1609405	2.0136558382461507
EWSAT1	SRR1609406	2.0081956917187083
EWSAT1	SRR1609407	1.0024242592569674
EWSAT1	SRR1609408	1.0078797189691773
EWSAT1	SRR1609409	1.0192836281435407
EWSAT1	SRR1609410	2
EWSAT1	SRR1609411	2.1069634888895243
EWSAT1	SRR1609412	6
EWSAT1	SRR1609413	0.9620760097549236
EWSAT1	SRR1609414	1.001651013035654
EWSAT1	SRR1609415	2.0003598284620874
EWSAT1	SRR1609416	2.005438408331702
EWSAT1	SRR1609417	1.0068429754230048
EWSAT1	SRR1609418	2.002908118968387
EWSAT1	SRR1609419	1.004906320813734
EWSAT1	SRR1609420	1.0047772073142707
EWSAT1	SRR1609421	1.0064932326669793
EWSAT1	SRR1609422	1.0170007457993464
EWSAT1	SRR1609423	2.1086267322693293
EWSAT1	SRR1609424	1.0793326783308919
EWSAT1	SRR1609425	1.001651013035654
EWSAT1	SRR1609426	1.0047761793224967
EWSAT1	SRR1609427	3.0159686019596372
EWSAT1	SRR1609428	2.0174506531379333
EWSAT1	SRR1609429	2.002581375472949
EWSAT1	SRR1609430	2.0083538468381787
EWSAT1	SRR1609431	1.0075846296119257
EWSAT1	SRR1609432	1.001545611227314
EWSAT1	SRR1609433	3.0254740496587016
EWSAT1	SRR1609434	2.0305682250076837
EWSAT1	SRR1609435	3.013839880339073
EWSAT1	SRR1609436	2.0065481643688963
EWSAT1	SRR1609437	1.0221628286585938
EWSAT1	SRR1609438	1.0325930752618184
EWSAT1	SRR1609439	2.0300877352827724
EWSAT1	SRR1609440	2.005159617817389
EWSAT1	SRR1609441	2.004533149999212
EWSAT1	SRR1609442	2.0148192882121223
EWSAT1	SRR1609443	2.017831304982502
EWSAT1	SRR1609444	2.0010796796126926
EWSAT1	SRR1609445	4.014118042549502
EWSAT1	SRR1609446	1.011429259673962
EWSAT1	SRR1609447	1.2343308859580486
EWSAT1	SRR1609448	2.017770213473652
EWSAT1	SRR1609449	4.010019818588345
EWSAT1	SRR1609450	2.0041725708322518
EWSAT1	SRR1609451	3.0394734513845734
EWSAT1	SRR1609452	1.2640053263343127
EWSAT1	SRR1609453	1.0018418386249568
EWSAT1	SRR1609454	1.0163997734607435
EWSAT1	SRR1609455	3.757033048833174
EWSAT1	SRR1609456	2.009791348057258
EWSAT1	SRR1609457	3.0200867603048867
EWSAT1	SRR1609458	1.240929610314354
EWSAT1	SRR1609459	1.0039139901228018
EWSAT1	SRR1609460	2.019797942537209
EWSAT1	SRR1609461	3.0051270737059346
EWSAT1	SRR1609462	1.0037407429361982
EWSAT1	SRR1609463	1.0066043693551068
EWSAT1	SRR1609464	1.011490802424949
EWSAT1	SRR1609465	1.0122774846884037
EWSAT1	SRR1609466	1.1216427607845454
EWSAT1	SRR1609467	2.0243081497887836
EWSAT1	SRR1609468	1.001725803535813
EWSAT1	SRR1609469	2.0003598284620874
EWSAT1	SRR1609470	1.004852231238677
EWSAT1	SRR1609471	2.0042886443166283
EWSAT1	SRR1609472	1.0873653005292128
EWSAT1	SRR1609473	1.0580975264984585
EWSAT1	SRR1609474	2.0051850091193257
EWSAT1	SRR1609475	2.0443582340426123
EWSAT1	SRR1609476	1.9048873424921393
EWSAT1	SRR1609477	2.0114579810922715
EWSAT1	SRR1609478	1.0232796925205707
EWSAT1	SRR1609479	1.0106476593347347
EWSAT1	SRR1609480	3
EWSAT1	SRR1609481	2.0212436349928793
EWSAT1	SRR1609482	1.0037100598776116
EWSAT1	SRR1609483	2.0092265868927153
EWSAT1	SRR1609484	3.024210541794935
EWSAT1	SRR1609485	3.0026996847142975
EWSAT1	SRR1609486	1.0032740821844481
EWSAT1	SRR1609487	1.0039962901985677
EWSAT1	SRR1609488	1.0014402205102033
EWSAT1	SRR1609489	1.0022191494924957
EWSAT1	SRR1609490	1.0168440470363254
EWSAT1	SRR1609491	2.0071752619305405
EWSAT1	SRR1609492	3
EWSAT1	SRR1609493	3.013706987215939
EWSAT1	SRR1609494	1.005980932254509
EWSAT1	SRR1609495	1.002266574999606
EWSAT1	SRR1609496	1.0008998949047658
EWSAT1	SRR1609497	3.0026996847142975
EWSAT1	SRR1609498	5.00179930415609
EWSAT1	SRR1609499	1.0021169188365064
EWSAT1	SRR1609500	3.0051774106074394
EWSAT1	SRR1609501	1.0012906877364744
EWSAT1	SRR1609502	1.0131235797683193
EWSAT1	SRR1609503	1.2577312251671255
EWSAT1	SRR1609504	2
EWSAT1	SRR1609505	2
EWSAT1	SRR1609506	2.039993973403794
EWSAT1	SRR1609507	1.0061660350318171
EWSAT1	SRR1609508	3.001619519419039
EWSAT1	SRR1609509	2.0128443995223138
EWSAT1	SRR1609510	3.01709474012816
EWSAT1	SRR1609511	1.0375190831321666
EWSAT1	SRR1609512	1.003393745919232
EWSAT1	SRR1609513	1.0032605119068476
EWSAT1	SRR1609514	1.049805218598925
EWSAT1	SRR1609515	2.003961675609822
EWSAT1	SRR1609516	4.016817532290465
EWSAT1	SRR1609517	2.0460511826300447
EWSAT1	SRR1609518	1.0016203938574126
EWSAT1	SRR1609519	2.003451607071626
EWSAT1	SRR1609520	1.0793712363413515
EWSAT1	SRR1609521	4.0067136144682625
EWSAT1	SRR1609522	1.0244721470044897
EWSAT1	SRR1609523	2.0095880753490887
EWSAT1	SRR1609524	1.0169007391409333
EWSAT1	SRR1609525	1.0055480781368802
EWSAT1	SRR1609526	1.020687225978975
EWSAT1	SRR1609527	1
EWSAT1	SRR1609528	2.0178040118116267
EWSAT1	SRR1609529	1.026161768287664
EWSAT1	SRR1609530	1.0048928994463358
EWSAT1	SRR1609531	1.0038422727480136
EWSAT1	SRR1609532	1.0073820968056781
EWSAT1	SRR1609533	1.0388210508926796
EWSAT1	SRR1609534	4.005272273858537
EWSAT1	SRR1609535	2.0895998772747233
EWSAT1	SRR1609536	2.0223709955691564
EWSAT1	SRR1609537	2.007754125968094
EWSAT1	SRR1609538	1
EWSAT1	SRR1609539	1.0062411626561332
EWSAT1	SRR1609540	2
EWSAT1	SRR1609541	1.1005986779971142
EWSAT1	SRR1609542	1.0023720526815605
EWSAT1	SRR1609543	2.0041725708322518
EWSAT1	SRR1609544	2.011874757599656
EWSAT1	SRR1609545	11.373420192947622
EWSAT1	SRR1609546	1
EWSAT1	SRR1609547	4.020868316517518
EWSAT1	SRR1609548	1.0184861532197387
EWSAT1	SRR1609549	2.021718442600423
EWSAT1	SRR1609550	4
EWSAT1	SRR1609551	1.0117435272800281
EWSAT1	SRR1609552	5.022844978693231
EWSAT1	SRR1609553	1.0026579014399075
EWSAT1	SRR1609554	1.0092141688423883
EWSAT1	SRR1609555	1.0035601881766363
EWSAT1	SRR1609556	3.0678085045772545
EWSAT1	SRR1609557	1.0063443236741658
EWSAT1	SRR1609558	2.0086815321767273
EWSAT1	SRR1609559	3.128793922544
EWSAT1	SRR1609560	2.014840515512933
EWSAT1	SRR1609561	1.002610457415912
EWSAT1	SRR1609562	1.0010052287584692
EWSAT1	SRR1609563	1.0044771676265627
EWSAT1	SRR1609564	3.0028735888081926
EWSAT1	SRR1609565	1.0254977843458928
EWSAT1	SRR1609566	1.0033796658956018
EWSAT1	SRR1609567	2.517780144414936
EWSAT1	SRR1609568	1
EWSAT1	SRR1609569	3
EWSAT1	SRR1609570	1.0181071207811365
EWSAT1	SRR1609571	1.0245516446814755
EWSAT1	SRR1609572	2.0270669565504558
EWSAT1	SRR1609573	1.020175146030604
EWSAT1	SRR1609574	2.0104891344528304
EWSAT1	SRR1609575	1.0736998596975067
EWSAT1	SRR1609576	2.008053964014226
EWSAT1	SRR1609577	1.0042350812424865
EWSAT1	SRR1609578	5.00891909700182
EWSAT1	SRR1609579	3.020487185940687
EWSAT1	SRR1609580	1.0077765856207708
EWSAT1	SRR1609581	1.0421710305067429
EWSAT1	SRR1609582	2.016893171624546
EWSAT1	SRR1609583	1.0362453520104524
EWSAT1	SRR1609584	3.006208501232594
EWSAT1	SRR1609585	2.0017997898095317
EWSAT1	SRR1609586	2.1572497533725854
EWSAT1	SRR1609587	2.024497680355194
EWSAT1	SRR1609588	2.028049082021937
EWSAT1	SRR1609589	4.01063160575963
EWSAT1	SRR1609590	4.001439443324872
EWSAT1	SRR1609591	1.0032740821844481
EWSAT1	SRR1609592	1.0069291468220734
EWSAT1	SRR1609593	4.022357885623923
EWSAT1	SRR1609594	1.0256481719610884
EWSAT1	SRR1609595	1.0250719923527887
EWSAT1	SRR1609596	2.0052545029647746
EWSAT1	SRR1609597	3.0127052437274595
EWSAT1	SRR1609598	2.055905641646882
EWSAT1	SRR1609599	1.0215262413064172
EWSAT1	SRR1609600	1.031286113324528
EWSAT1	SRR1609601	3.085120741060065
EWSAT1	SRR1609602	1.1633952247111359
EWSAT1	SRR1609603	4
EWSAT1	SRR1609604	1.0071022645360526
EWSAT1	SRR1609605	2.0155039644581945
EWSAT1	SRR1609606	1.016340160710226
EWSAT1	SRR1609607	1.0050669824037204
EWSAT1	SRR1609608	4.082638420276563
EWSAT1	SRR1609609	3.099619499734118
EWSAT1	SRR1609610	1
EWSAT1	SRR1609611	2.034794397375783
EWSAT1	SRR1609612	1.002341411462068
EWSAT1	SRR1609613	2.0017997898095317
EWSAT1	SRR1609614	1.0118849169807895
EWSAT1	SRR1609615	3.0095975282617573
EWSAT1	SRR1609616	5
EWSAT1	SRR1609617	1
EWSAT1	SRR1609618	2.006459687056607
EWSAT1	SRR1609619	1.0036625660673133
EWSAT1	SRR1609620	2.025675432378269
EWSAT1	SRR1609621	1.00876204659104
EWSAT1	SRR1609622	2.0794414515589033
EWSAT1	SRR1609623	1.0194149042912743
EWSAT1	SRR1609624	1.2336696420287332
EWSAT1	SRR1609625	1.0016203938574126
EWSAT1	SRR1609626	1.0079578989702365
EWSAT1	SRR1609627	1.0055788173830293
EWSAT1	SRR1609628	4.0076794946979755
EWSAT1	SRR1609629	2.033256030190902
EWSAT1	SRR1609630	2.00567658773049
EWSAT1	SRR1609631	1
EWSAT1	SRR1609632	1
EWSAT1	SRR1609633	2.0073316039946825
EWSAT1	SRR1609634	3.0252063572347945
EWSAT1	SRR1609635	1.0252958338928058
EWSAT1	SRR1609636	1.0340317261405663
EWSAT1	SRR1609637	2.008279570882634
EWSAT1	SRR1609638	1.0249950491217468
EWSAT1	SRR1609639	3.0167684142179425
EWSAT1	SRR1609640	5.000899571155219
EWSAT1	SRR1609641	2.000570344629187
EWSAT1	SRR1609642	1
EWSAT1	SRR1609643	1.0122774846884037
EWSAT1	SRR1609644	3.0032399131191276
EWSAT1	SRR1609645	1.0032298435283036
EWSAT1	SRR1609646	4.009597851920455
EWSAT1	SRR1609647	1.0212982971415507
EWSAT1	SRR1609648	4.0146238843547515
EWSAT1	SRR1609649	2.0166940615573257
EWSAT1	SRR1609650	2.0150460588619605
EWSAT1	SRR1609651	1.0034545854694705
EWSAT1	SRR1609652	1.0036044413997351
EWSAT1	SRR1609653	1.0511387444381015
EWSAT1	SRR1609654	1.0351447830852243
EWSAT1	SRR1609655	1.0068800116614336
EWSAT1	SRR1609656	1.0146617285827944
EWSAT1	SRR1609657	4.053082455157889
EWSAT1	SRR1609658	1.0203628410233592
EWSAT1	SRR1609659	2.0161338609361557
EWSAT1	SRR1609660	1.0039487828443494
EWSAT1	SRR1609661	1.0014848874183715
EWSAT1	SRR1609662	2.009438036189931
EWSAT1	SRR1609663	2.005337049032
EWSAT1	SRR1609664	1.00735571483492
EWSAT1	SRR1609665	1
EWSAT1	SRR1609666	2.0337860441339437
EWSAT1	SRR1609667	2.005976115517015
EWSAT1	SRR1609668	1.126374524616663
EWSAT1	SRR1609669	1.0197584865298666
EWSAT1	SRR1746771	2.327502942253789
EWSAT1	SRR1746772	3.53709337565565
EWSAT1	SRR1746773	0.764442612521828
EWSAT1	SRR1746774	2.146195363239798
EWSAT1	SRR1746775	1.414879324411874
EWSAT1	SRR1746776	2.469508959919271
EWSAT1	SRR1746777	1.440853581772989
EWSAT1	SRR1746778	1.0801866524987798
EWSAT1	SRR1746779	1.1953147350110498
EWSAT1	SRR1746780	1.5886386626349915
EWSAT1	SRR1746781	2.9492809533754483
EWSAT1	SRR1746782	3.013706987215939
EWSAT1	SRR1746783	2
EWSAT1	SRR1746784	3
EWSAT1	SRR1782685	1.0163701315430376
EWSAT1	SRR1782686	1.0245185067839673
EWSAT1	SRR1782687	2.0248913618310547
EWSAT1	SRR1782688	1.0169436235163218
EWSAT1	SRR1782689	1.0182289169689787
EWSAT1	SRR1782690	4.0837927886375684
EWSAT1	SRR1782691	4.007202398481485
EWSAT1	SRR1782692	3.0251895986410524
EWSAT1	SRR1782693	2.018311227118144
EWSAT1	SRR1782694	1.0162846397295895
EWSAT1	SRR1782695	2.0014397023245074
EWSAT1	SRR1782696	1.0034071037477756
EWSAT1	SRR1782697	2.017789258865674
EWSAT1	SRR1782698	1.0021169188365064
EWSAT1	SRR1782699	1.0249781804088034
EWSAT1	SRR1782700	2.0155200611744406
EWSAT1	SRR1782701	1.00637782229101
EWSAT1	SRR1782702	2.0216779406141923
EWSAT1	SRR1782703	2.007897565688699
EWSAT1	SRR1782704	1.0159997238820426
EWSAT1	SRR1782705	1.024627921670523
EWSAT1	SRR1782706	2.005159617817389
EWSAT1	SRR1782707	1.0038986591209549
EWSAT1	SRR1782708	2.107604297362309
EWSAT1	SRR1782709	1.0501361936915201
EWSAT1	SRR1782710	6
EWSAT1	SRR1782711	1.0116484418278766
EWSAT1	SRR1782712	2.0242544147356214
EWSAT1	SRR1782713	2.044381560289001
EWSAT1	SRR1782714	1.0873263978153305
EWSAT1	SRR1782715	2.0050099092941727
EWSAT1	SRR1782716	2.030325511347866
EWSAT1	SRR1782717	1.000825166068307
EWSAT1	SRR1782718	2.0293789498957318
EWSAT1	SRR1782719	2.0148281135218484
EWSAT1	SRR1782720	1.017778610915434
EWSAT1	SRR1782721	1.1217593509927906
EWSAT1	SRR1782722	2.0017997898095317
EWSAT1	SRR1782723	1.002266574999606
EWSAT1	SRR1782724	1.011574079940271
EWSAT1	SRR1782725	2.1381985443167246
EWSAT1	SRR1782726	3.02304462202209
EWSAT1	SRR1782727	3
EWSAT1	SRR1782728	1.0306785213210727
EWSAT1	SRR1782729	0.9547105140749295
EWSAT1	SRR1782730	4.005760882040813
EWSAT1	SRR1782731	3.0987011540411613
EWSAT1	SRR1782732	1.0797441103980587
EWSAT1	SRR1782733	2.0198531747880226
EWSAT1	SRR1782734	2.0126858077224936
EWSAT1	SRR1782735	3.014106566973823
EWSAT1	SRR1782736	1.01871989576969
EWSAT1	SRR1782737	1.0016784036170656
EWSAT1	SRR1782738	2.099800988636866
EWSAT1	SRR1782739	5.052608741530266
EWSAT1	SRR1782740	1.01204669428906
EWSAT1	SRR1782741	2.109360200553903
EWSAT1	SRR1782742	4
EWSAT1	SRR1782743	2.004084198270068
EWSAT1	SRR1782744	1.0050596339700848
EWSAT1	SRR1782745	1.0123427036165962
EWSAT1	SRR1782746	1.0203040710648652
EWSAT1	SRR1782747	1.0076202296922758
EWSAT1	SRR1782748	2.030059894316004
EWSAT1	SRR1782749	3.0392287927474473
EWSAT1	SRR1782750	2.0028178134338206
EWSAT1	SRR1782751	1.0158954859371438
EWSAT1	SRR1782752	1.0068598403855975
EWSAT1	SRR1782753	2.002126405780548
EWSAT1	SRR1782754	3.025704236231765
EWSAT1	SRR1782755	2.0055203745681487
EWSAT1	SRR1782756	1.0456381683839602
EWSAT1	SRR1782757	1.0014708341806098
EWSAT1	SRR1782758	1.0018005996203712
EWSAT1	SRR1782759	2.0089480753652817
EWSAT1	SRR1782760	1.0145475398780028
EWSAT1	SRR1782761	1.1238501762695376
EWSAT1	SRR1782762	1.0649255307900556
EWSAT1	SRR1782763	1.0055312351463837
EWSAT1	SRR1782764	1.0012159297227785
EWSAT1	SRR1782765	1.003304751915352
EWSAT1	SRR1782766	1.0108493839910517
EWSAT1	SRR1782767	2.019872831445535
EWSAT1	SRR1782768	1.0066666566644284
EWSAT1	SRR1782769	2.0174410454572573
EWSAT1	SRR1782770	3.0142271576488495
EWSAT1	SRR1782771	1.0068292462162547
EWSAT1	SRR1782772	3.0163969525715792
EWSAT1	SRR1782773	2.0088315148498306
EWSAT1	SRR1782774	1.0025523936786382
EWSAT1	SRR1782775	1.0203057202994605
EWSAT1	SRR1782776	2.0304661902988608
EWSAT1	SRR1782777	2.0003598284620874
EWSAT1	SRR1782778	4.007434479267222
EWSAT1	SRR1782779	3.085287154970837
EWSAT1	SRR1782780	1.0131470187154437
EWSAT1	SRR1782781	1.0353590447332954
EWSAT1	SRR1782782	1.0208564420797066
EWSAT1	SRR1782783	1.0064352388451732
EWSAT1	SRR1782784	1.0034239111583483
EWSAT1	SRR1782785	2.0021599420794187
EWSAT1	SRR1782786	1.0254091193769634
EWSAT1	SRR1782787	1
EWSAT1	SRR1782788	1.0037988754978042
EWSAT1	SRR1782789	2.0347536850024763
EWSAT1	SRR1782790	4.0227138133211024
EWSAT1	SRR1782791	2.0120329513457293
EWSAT1	SRR1782792	1.0069216150206068
EWSAT1	SRR1782793	1.0375153886962647
EWSAT1	SRR1782794	3.0207633152991202
EWSAT1	SRR1782795	1.0214531830775024
EWSAT1	SRR1782796	1.0800775530816074
EWSAT1	SRR1782797	1.0257043393761212
EWSAT1	SRR1782798	1.0196936687232063
EWSAT1	SRR1782799	1.0016203938574126
EWSAT1	SRR1782800	5.009002998101856
EWSAT1	SRR1782801	1.0056231596200704
EWSAT1	SRR1782802	1.00746468119409
EWSAT1	SRR1782803	1.0037100598776116
EWSAT1	SRR1782804	1.0027523440034467
EWSAT1	SRR1782805	1.0018005996203712
EWSAT1	SRR1782806	2.005438408331702
EWSAT1	SRR1782807	1.0356994706753837
EWSAT1	SRR1782808	1.026827020828528
EWSAT1	SRR1782809	1.013752729059885
EWSAT1	SRR1782810	1.0169339604032894
EWSAT1	SRR1782811	1.0031517064510844
EWSAT1	SRR1782812	2.025695145696396
EWSAT1	SRR1782813	1.0063165906321876
EWSAT1	SRR1782814	5.065880096414977
EWSAT1	SRR1782815	2.124991681741124
EWSAT1	SRR1782816	2.0010796796126926
EWSAT1	SRR1782817	1.0035908666536983
EWSAT1	SRR1782818	2.0281391053710967
EWSAT1	SRR1782819	2.0561332195727338
EWSAT1	SRR1782820	1.0360618097617436
EWSAT1	SRR1782821	2.0054655342432564
EWSAT1	SRR1782822	3.024095985085587
EWSAT1	SRR1782823	1.003877062984047
EWSAT1	SRR1782824	2.0115194706454256
EWSAT1	SRR1782825	1.0058487323132066
EWSAT1	SRR1782826	1.0069518863188005
EWSAT1	SRR1782827	2.027131867409844
EWSAT1	SRR1782828	4
EWSAT1	SRR1782829	3
EWSAT1	SRR1782830	2.078985345062971
EWSAT1	SRR1782831	1.0739194225513655
EWSAT1	SRR1782832	1.0329184392097017
EWSAT1	SRR1782833	1.0233328160231223
EWSAT1	SRR1782834	2.0003598284620874
EWSAT1	SRR1782835	1.115615765911128
EWSAT1	SRR1782836	2.782848177530118
EWSAT1	SRR1782837	1.0281334706568328
EWSAT1	SRR1782838	4.053607030632743
EWSAT1	SRR1782839	2.028484970282542
EWSAT1	SRR1782840	1.0085859860123885
EWSAT1	SRR1782841	2.0305365603160794
EWSAT1	SRR1782842	2
EWSAT1	SRR1782843	1.0248893103783814
EWSAT1	SRR1782844	2.000570344629187
EWSAT1	SRR1782845	1.0191934424402136
EWSAT1	SRR1782846	1.0056007446618231
EWSAT1	SRR1782847	1.2341754014728283
EWSAT1	SRR1782848	1.2339624247168026
EWSAT1	SRR1782849	1.2407817669595906
EWSAT1	SRR1782850	3.7571712522636425
EWSAT1	SRR1782851	1.2640085575608608
EWSAT1	SRR1782852	1.264344673893091
EWSAT1	SRR1782853	2.5182689130765783
EWSAT1	SRR1782854	1.0032740821844481
EWSAT1	SRR1782855	1.0024121563473647
EWSAT1	SRR1782856	4.021376680220372
EWSAT1	SRR1782857	2.014450834422603
EWSAT1	SRR1782858	3.0032399131191276
EWSAT1	SRR1782859	1.0016203938574126
EWSAT1	SRR1782860	2.004533149999212
EWSAT1	SRR1782861	1.0018713063353686
EWSAT1	SRR1782862	1.0047190180949654
EWSAT1	SRR1782863	2.005315802879815
EWSAT1	SRR1782864	2.026432990176495
EWSAT1	SRR1782865	2.0085652042889737
EWSAT1	SRR1782866	4.014118042549502
EWSAT1	SRR1782867	1.0170545049080533
EWSAT1	SRR1782868	1.0036658019973412
EWSAT1	SRR1782869	2.0070254029160113
EWSAT1	SRR1782870	4.010019818588345
EWSAT1	SRR1782871	3.0161432745349903
EWSAT1	SRR1782872	2.005558396608094
EWSAT1	SRR1782873	1.004671476542523
EWSAT1	SRR1782874	1.0065024345620641
EWSAT1	SRR1782875	1.0051863509411016
EWSAT1	SRR1782876	1.003982710152387
EWSAT1	SRR1782877	1.0034239111583483
EWSAT1	SRR1782878	1.0080565454487205
EWSAT1	SRR1782879	1.014806463283347
EWSAT1	SRR1782880	4.016953276073491
EWSAT1	SRR1782881	1.0041769234190894
EWSAT1	SRR1782882	4.014118042549502
EWSAT1	SRR1782883	2.003662448614877
EWSAT1	SRR1782884	2.0014397023245074
EWSAT1	SRR1782885	4
EWSAT1	SRR1782886	1.0055714652071701
EWSAT1	SRR1782887	1.0009304920576112
EWSAT1	SRR1782888	2.006569423577848
EWSAT1	SRR1782889	2.0087151782761965
EWSAT1	SRR1782890	1.001545611227314
EWSAT1	SRR1782891	2.0014397023245074
EWSAT1	SRR1782892	3.0055758594504165
EWSAT1	SRR1782893	2.0078426603602617
EWSAT1	SRR1782894	2.0231862323327334
EWSAT1	SRR1782895	1.0037100598776116
EWSAT1	SRR1782896	1.0021611084168651
EWSAT1	SRR1782897	1.0028076383933613
EWSAT1	SRR1782898	1.002266574999606
EWSAT1	SRR1782899	2.007586041594286
EWSAT1	SRR1782900	1.0010799710397094
EWSAT1	SRR1782901	3.003015686275408
EWSAT1	SRR1782902	1
EWSAT1	SRR1782903	2.0051047873572765
EWSAT1	SRR1782904	1
EWSAT1	SRR1782905	2.004233837673013
EWSAT1	SRR1782906	1.0064221997611569
EWSAT1	SRR1782907	1.004907806923692
EWSAT1	SRR1782908	4.012374445474776
EWSAT1	SRR1782909	1.0034545854694705
EWSAT1	SRR1782910	1
EWSAT1	SRR1782911	1.0070406938452114
EWSAT1	SRR1782912	1.9070400996498413
EWSAT1	SRR1782913	2
EWSAT1	SRR1782914	1.0028076383933613
EWSAT1	SRR1782915	3
EWSAT1	SRR1782916	1.010869575218145
EWSAT1	SRR1782917	1.0032393128452408
EWSAT1	SRR1782918	5.005399855198546
EWSAT1	SRR1782919	1
EWSAT1	SRR1782920	3.0032399131191276
EWSAT1	SRR1782921	1.0020862854161259
EWSAT1	SRR1782922	2.3737223197473916
EWSAT1	SRR1782923	1.0056388977969737
EWSAT1	SRR1782924	2.0103727018822033
EWSAT1	SRR1782925	1.0035528507597562
EWSAT1	SRR1782926	2.014868358738038
EWSAT1	SRR1782927	2.005826346032734
EWSAT1	SRR1782928	1.0072973762876458
EWSAT1	SRR1782929	2.0175435670443016
EWSAT1	SRR1782930	1.002940598112091
EWSAT1	SRR1782931	1.0027327671216282
EWSAT1	SRR1782932	1.0037513774849056
EWSAT1	SRR1782933	1.0653997108487636
EWSAT1	SRR1782934	2.011881371624216
EWSAT1	SRR1782935	2.009104338295677
EWSAT1	SRR1782936	1.0259722498988069
EWSAT1	SRR1782937	2.0159282066266466
EWSAT1	SRR1782938	1.258100037900621
EWSAT1	SRR1782939	2.00958218480464
EWSAT1	SRR1782940	4.010687885341229
EWSAT1	SRR1782941	1.0079259217617345
EWSAT1	SRR1782942	1.004026982007113
EWSAT1	SRR1782943	5.023595090474828
EWSAT1	SRR1782944	1.0013180684646343
EWSAT1	SRR1782945	2.010762183023327
EWSAT1	SRR1782946	2.0043222168337302
EWSAT1	SRR1782947	3.0064329664749425
EWSAT1	SRR1782948	1
EWSAT1	SRR1782949	4.010086987785417
EWSAT1	SRR1782950	1
EWSAT1	SRR1782951	1.00336285922614
EWSAT1	SRR1782952	11.454660778106929
EWSAT1	SRR1782953	2.0038120565269457
EWSAT1	SRR1782954	1.1264165338665522
EWSAT1	SRR1782955	1.0342541231867062
EWSAT1	SRR1782956	1.0152841125038419
EWSAT1	SRR1782957	1.0197859199459323
EWSAT1	SRR1782958	3.0166442344106406
EWSAT1	SRR1782959	1.058591539507089
EWSAT1	SRR1782960	2
EWSAT1	SRR1782961	2.0073119421773757
EWSAT1	SRR1782962	1.0074338842995187
EWSAT1	SRR1782963	1.0069794218548913
EWSAT1	SRR1782964	1.00041779758595
EWSAT1	SRR1782965	2.006303412902169
EWSAT1	SRR1782966	1
EWSAT1	SRR1782967	1.0041326449528036
EWSAT1	SRR1782968	3.0032399131191276
EWSAT1	SRR1782969	1.0124368080984334
EWSAT1	SRR1782970	2.0256545640431005
EWSAT1	SRR1782971	2.0342608910883686
EWSAT1	SRR1782972	1.0057292851162858
EWSAT1	SRR1782973	1.0517459917633214
EWSAT1	SRR1782974	1
EWSAT1	SRR1782975	1.0401318016702708
EWSAT1	SRR1782976	1.009948283487657
EWSAT1	SRR1782977	5.00179930415609
EWSAT1	SRR1782978	1.0169714322808001
EWSAT1	SRR1782979	1.0085358205549844
EWSAT1	SRR1782980	1.0017838194003639
EWSAT1	SRR1782981	1.0125043176315647
EWSAT1	SRR1782982	1.0058655806218886
EWSAT1	SRR1782983	3.003015686275408
EWSAT1	SRR1782984	4.001439443324872
EWSAT1	SRR1782985	1.0068675867150407
EWSAT1	SRR1782986	1.0030629480920839
EWSAT1	SRR1782987	3.0038720632094233
EWSAT1	SRR1782988	1
EWSAT1	SRR1782989	1.0436400210748342
EWSAT1	SRR1782990	2.027951277528211
EWSAT1	SRR1782991	2.008415241499056
EWSAT1	SRR1782992	4.009787588078992
EWSAT1	SRR1782993	1.021449196840116
EWSAT1	SRR1782994	2
EWSAT1	SRR1782995	2.0169826997724676
EWSAT1	SRR1782996	1
EWSAT1	SRR1782997	1.0045214612850002
EWSAT1	SRR1782998	2.0074201197552233
EWSAT1	SRR1782999	1.022088986019526
EWSAT1	SRR1783000	1.00395855299875
EWSAT1	SRR1783001	2.0338577859464464
EWSAT1	SRR1783002	1.0573070730118106
EWSAT1	SRR1783003	1
EWSAT1	SRR1783004	2.0092582011050877
EWSAT1	SRR1783005	1.016291836005615
EWSAT1	SRR1783006	1.0243516724527386
EWSAT1	SRR1813867	1.0510786620096826
EWSAT1	SRR1813868	1.0200170572585177
EWSAT1	SRR1813869	1.0105861980877333
EWSAT1	SRR1813870	1.2608584926519768
EWSAT1	SRR1813871	1.128898551377178
EWSAT1	SRR1813872	0.838985280713538
EWSAT1	SRR1813873	2.837874062592305
EWSAT1	SRR1813874	1.01090379638317
EWSAT1	SRR1813875	1
EWSAT1	SRR1813876	1.0053946904725954
EWSAT1	SRR1813877	0.5435714489513009
EWSAT1	SRR1813878	1.0007198511622537
EWSAT1	SRR1813879	1
EWSAT1	SRR1813880	1
EWSAT1	SRR1813881	1.021262493620424
EWSAT1	SRR1813882	0.6546924374221423
EWSAT1	SRR1813883	1.0008831297716165
EWSAT1	SRR1813884	1.0137080283552693
EWSAT1	SRR1813885	1
EWSAT1	SRR1813886	1.001260079572912
EWSAT1	SRR1813887	2.0223371207339302
EWSAT1	SRR1928188	2.016351628762266
EWSAT1	SRR1928189	1.0072973762876458
EWSAT1	SRR1928190	2.017517588460307
EWSAT1	SRR1928191	3.0337393470012004
EWSAT1	SRR1928192	2.025614103381985
EWSAT1	SRR1928193	1.0152152136193056
EWSAT1	SRR2046996	1.008539072196977
EWSAT1	SRR2046997	1.0109890563544852
EWSAT1	SRR2046998	1.0200140719986568
EWSAT1	SRR2046999	1.0076015069974786
EWSAT1	SRR2047000	2.0211009864343903
EWSAT1	SRR2047001	1.009303362382281
EWSAT1	SRR2047002	1.0186478082828578
EWSAT1	SRR2047003	1.023518185444259
EWSAT1	SRR2047004	1.007825499021943
EWSAT1	SRR2047005	1.008036115163524
EWSAT1	SRR2047006	1.0150270823281453
EWSAT1	SRR2047007	1.0260812180778769
EWSAT1	SRR2047008	2.0248300565731543
EWSAT1	SRR2047009	1.0183672447201313
EWSAT1	SRR2313973	2.0259793179514505
EWSAT1	SRR2313974	1.0076249418264847
EWSAT1	SRR2313975	1.0104444508848685
EWSAT1	SRR2313976	1.0149132606524793
EWSAT1	SRR2313977	2.0175235022652362
EWSAT1	SRR2313978	3.0814077190281166
EWSAT1	SRR2313979	2.0210392039866694
EWSAT1	SRR2313980	2.0117861729049578
EWSAT1	SRR2313981	4.014401357513088
EWSAT1	SRR2313982	1.0133699045526758
EWSAT1	SRR2313983	1.0170847179728304
EWSAT1	SRR2313984	2.0109460045187943
EWSAT1	SRR2313985	1.019556072755473
EWSAT1	SRR2313986	1.0062550679746862
EWSAT1	SRR2313987	1.003375564792861
EWSAT1	SRR2313988	1.0091419637279229
EWSAT1	SRR2313989	1.010807774207177
EWSAT1	SRR2313990	1.0158151880323143
EWSAT1	SRR2313991	1.0168515419605484
EWSAT1	SRR2313992	2.030746151659472
EWSAT1	SRR2313993	1.0105059337128883
EWSAT1	SRR2313994	1.0221592337096574
EWSAT1	SRR2313995	1.0042826021444868
EWSAT1	SRR2313996	1.004538287361441
EWSAT1	SRR2313997	1.0122808125437386
EWSAT1	SRR2313998	1.0248492994103025
EWSAT1	SRR2313999	2.018858894846975
EWSAT1	SRR2314000	1.0087270870616352
EWSAT1	SRR2314001	3.042352424080365
EWSAT1	SRR2314002	2.021786172111978
EWSAT1	SRR2314003	5.11017394506022
EWSAT1	SRR2314004	2.0160026443636276
EWSAT1	SRR2314005	1.0095719427644396
EWSAT1	SRR2314006	1.0192358061432685
EWSAT1	SRR2314007	2.0121210249457455
EWSAT1	SRR2314008	1.0013180684646343
EWSAT1	SRR2314009	2.016585512011412
EWSAT1	SRR2314010	4.026545722954243
EWSAT1	SRR2314011	1.0071913803233676
EWSAT1	SRR2314012	3.0222386763513724
EWSAT1	SRR2314013	1.0120065015814301
EWSAT1	SRR2314014	1.0116520854708597
EWSAT1	SRR2314015	4.0313089130867485
EWSAT1	SRR2314016	1.0032667468593996
EWSAT1	SRR2314017	1.0198405146740634
EWSAT1	SRR2314018	2.07565961516442
EWSAT1	SRR2314019	3.0101389976868056
EWSAT1	SRR2314020	1.0167059661554507
EWSAT1	SRR2314021	2.0101611542319153
EWSAT1	SRR2314022	1.012335005482347
EWSAT1	SRR2314023	1.009930139320552
EWSAT1	SRR2314024	1.013303558456437
EWSAT1	SRR2314025	1.0050014283947293
EWSAT1	SRR2314026	1.022744558399226
EWSAT1	SRR2314027	2.015162762094324
EWSAT1	SRR2314028	1.0028825152555245
EWSAT1	SRR2314029	2.004682822924136
EWSAT1	SRR2314030	1.0047772073142707
EWSAT1	SRR2314031	1.0176657679213166
EWSAT1	SRR2314032	1.0178177461498867
EWSAT1	SRR2314033	1.024669135723135
EWSAT1	SRR2314034	1.0297963295780983
EWSAT1	SRR2314035	1.0473841672111144
EWSAT1	SRR2314036	1.0175308560885339
EWSAT1	SRR2314037	1.0139178371600932
EWSAT1	SRR2314038	2.0116081710751064
EWSAT1	SRR2314039	1.0112464490004
EWSAT1	SRR2314040	1.0396160750498236
EWSAT1	SRR2314041	1.0076429847957384
EWSAT1	SRR2314042	4.016327575458098
EWSAT1	SRR2314043	1.0092407859660601
EWSAT1	SRR2314044	2.008511636452558
EWSAT1	SRR2314045	1.0076154311147274
EWSAT1	SRR3493774	1
EWSAT1	SRR3493775	1
EWSAT1	SRR3493776	0.9287806936800772
EWSAT1	SRR3493777	1.0007198511622537
EWSAT1	SRR3493778	2
EWSAT1	SRR3493779	1.0035740564466114
EWSAT1	SRR3493780	1.0498945968332396
EWSAT1	SRR3493781	1
EWSAT1	SRR3493782	1.008534950006251
EWSAT1	SRR3493783	1.0027540149727638
EWSAT1	SRR3493784	1.0208098579484606
EWSAT1	SRR3493785	2.0017997898095317
EWSAT1	SRR3493786	1.0407280627260045
EWSAT1	SRR3493787	1
EWSAT1	SRR3493788	3
EWSAT1	SRR3493789	1.0182789000798176
EWSAT1	SRR3493790	1
EWSAT1	SRR3493791	2.0029416683612196
EWSAT1	SRR3493792	1.0007198511622537
EWSAT1	SRR3493793	1.0098194431054244
EWSAT1	SRR3493794	2.006264573963714
EWSAT1	SRR3493795	1.003718075955135
EWSAT1	SRR3493796	1.0083843578636666
EWSAT1	SRR3493797	1
EWSAT1	SRR3493798	1.011188757969452
EWSAT1	SRR3493799	2
EWSAT1	SRR3493800	1.0072526652107907
EWSAT1	SRR3493801	1.0092141688423883
EWSAT1	SRR3493802	1
EWSAT1	SRR3493803	1
EWSAT1	SRR3493804	2.0014397023245074
EWSAT1	SRR3493805	1.0023994629801138
EWSAT1	SRR3493806	1
EWSAT1	SRR3493807	2
EWSAT1	SRR3493808	1.0020862854161259
EWSAT1	SRR3493809	1.0033796658956018
EWSAT1	SRR3493810	1
EWSAT1	SRR3493811	1
EWSAT1	SRR3493812	3.002159553486761
EWSAT1	SRR3493813	2.0038120565269457
EWSAT1	SRR3493814	1
EWSAT1	SRR3493815	1.488367728103239
EWSAT1	SRR3493816	2
EWSAT1	SRR3493817	2.005826346032734
EWSAT1	SRR3493818	2.0071752619305405
EWSAT1	SRR3493819	2
EWSAT1	SRR3493820	1.1220654621967874
EWSAT1	SRR3493821	1.0117037104910989
EWSAT1	SRR3493822	1
EWSAT1	SRR3493823	1.5765862518308846
EWSAT1	SRR3493824	0.7809434595745343
EWSAT1	SRR3493825	3.0039542053939035
EWSAT1	SRR3493826	2.0014397023245074
EWSAT1	SRR3493827	2
EWSAT1	SRR3493828	1
EWSAT1	SRR3493829	1.0023994629801138
EWSAT1	SRR3493830	1.242482691877107
EWSAT1	SRR3493831	1.0045489303600643
EWSAT1	SRR3493832	2.0003598284620874
EWSAT1	SRR3493833	0.6422050488464214
EWSAT1	SRR3493834	1
EWSAT1	SRR3493835	1.005268691618604
EWSAT1	SRR3493836	2
EWSAT1	SRR3493837	2.001555617532309
EWSAT1	SRR3493838	2
EWSAT1	SRR3493839	1.0083404689188882
EWSAT1	SRR3493840	1.019584221832653
EWSAT1	SRR3493841	1.0021917441245578
EWSAT1	SRR3493846	1.0228419618819704
EWSAT1	SRR3493847	1.0367010057374855
EWSAT1	SRR3493848	2.000719721662436
EWSAT1	SRR3493849	0.6202330024223802
EWSAT1	SRR3493850	2
EWSAT1	SRR3714631	2
EWSAT1	SRR3714632	2.011246319240141
EWSAT1	SRR3714633	2.0232100067982928
EWSAT1	SRR3714634	3.0200136320895377
EWSAT1	SRR3714635	1
EWSAT1	SRR3714636	6
EWSAT1	SRR3714637	2
EWSAT1	SRR3714638	2
EWSAT1	SRR3714639	5.800658354218706
EWSAT1	SRR3714640	5.993841890297784
EWSAT1	SRR3714641	3.8204984164133378
EWSAT1	SRR3714642	2.3577674345174677
EWSAT1	SRR3714643	3.9481756803658254
EWSAT1	SRR3714644	1.4925422583176005
EWSAT1	SRR3714645	5.032757623207707
EWSAT1	SRR3714646	5.00179930415609
EWSAT1	SRR3714648	4.146395721344621
EWSAT1	SRR3714649	3.878942930158227
EWSAT1	SRR3714650	4.0275448374789455
EWSAT1	SRR3714651	1.6351151454670205
EWSAT1	SRR3714652	4.4847408416120675
EWSAT1	SRR3714653	1
EWSAT1	SRR3714654	11
EWSAT1	SRR3714655	1.0007504428112262
EWSAT1	SRR3714656	1.5881748409887633
EWSAT1	SRR3714657	2.2489703283849205
EWSAT1	SRR3714658	5.488649809152892
EWSAT1	SRR3714659	1.0477367140637328
EWSAT1	SRR3714660	1
EWSAT1	SRR3714661	4
EWSAT1	SRR3714662	1.0110175749796777
EWSAT1	SRR3714663	4.003001771244905
EWSAT1	SRR3714664	3.6077052980700186
EWSAT1	SRR3714665	1
EWSAT1	SRR3714666	3
EWSAT1	SRR3714667	2.331462677123802
EWSAT1	SRR3714668	2
EWSAT1	SRR3714669	6.3661451425974045
EWSAT1	SRR3714670	1.0134780454274392
EWSAT1	SRR3714671	3.0037802387187362
EWSAT1	SRR3714672	2.0054932479148246
EWSAT1	SRR3714673	1.2309397245197762
EWSAT1	SRR3714674	2.024355006695687
EWSAT1	SRR3714675	1.5077893122897383
EWSAT1	SRR3714676	3
EWSAT1	SRR3714677	9.021348474134044
EWSAT1	SRR3714678	2.8188443608698828
EWSAT1	SRR3714679	4.0064815754296506
EWSAT1	SRR3714680	6.010354821214879
EWSAT1	SRR3714681	4.014240752706545
EWSAT1	SRR3714682	1.8774241136982504
EWSAT1	SRR3714683	4.0083451416645035
EWSAT1	SRR3714684	2.3510748804315145
EWSAT1	SRR3714685	2.003512851872782
EWSAT1	SRR3714686	3.445874606746233
EWSAT1	SRR3714688	4.02985872477636
EWSAT1	SRR3714689	6.187375303579252
EWSAT1	SRR3714690	1.5959925633557168
EWSAT1	SRR3714691	3
EWSAT1	SRR3714692	1.4738493879362145
EWSAT1	SRR3714693	2.7180835019779725
EWSAT1	SRR3714694	5.024700823807169
EWSAT1	SRR3714695	8.266005897863058
EWSAT1	SRR3714696	7
EWSAT1	SRR3714697	3.027629804334778
EWSAT1	SRR3714698	2.0264265432979407
EWSAT1	SRR3714699	3.3311994659197235
EWSAT1	SRR3714700	4.092646643493718
EWSAT1	SRR3714701	3.000708766509309
EWSAT1	SRR3714702	2.929849329373426
EWSAT1	SRR3714703	2.002126405780548
EWSAT1	SRR3714704	2.199151969368523
EWSAT1	SRR3714705	4.5832342031576365
EWSAT1	SRR3714706	1.0350850727752356
EWSAT1	SRR3714707	2.0014397023245074
EWSAT1	SRR3714708	1.0232664352046819
EWSAT1	SRR3714709	2.7032883994060346
EWSAT1	SRR3714710	4.234365001179011
EWSAT1	SRR3714711	2.7110308763604998
EWSAT1	SRR3714712	5
EWSAT1	SRR3714713	3
EWSAT1	SRR3714714	4
EWSAT1	SRR3714715	5.024123769349728
EWSAT1	SRR3714716	9
EWSAT1	SRR3714717	3
EWSAT1	SRR3714718	4
EWSAT1	SRR3714719	4.782447659279397
EWSAT1	SRR3714720	4.113688852443147
EWSAT1	SRR3714721	0.5949913278116434
EWSAT1	SRR3714723	2.4571677499215245
EWSAT1	SRR3714724	9.026494485429657
EWSAT1	SRR3714725	6.074572334338628
EWSAT1	SRR3714726	3.038131360764477
EWSAT1	SRR3714727	1.914235380058778
EWSAT1	SRR3714728	2.0165582356911234
EWSAT1	SRR3714729	1.0262266652006342
EWSAT1	SRR3714730	4.860482234120737
EWSAT1	SRR3714731	7.001259399617306
EWSAT1	SRR3714732	3.8184301446456983
EWSAT1	SRR3714734	2.1490660495598473
EWSAT1	SRR3714735	6.836258904567359
EWSAT1	SRR3714736	0.8489656871406255
EWSAT1	SRR3714737	11
EWSAT1	SRR3714738	1.8309384235963635
EWSAT1	SRR3714739	1.3659115805597695
EWSAT1	SRR3714740	9.415462253127819
EWSAT1	SRR3714741	1.0010799710397094
EWSAT1	SRR3714744	2.8756985932218937
EWSAT1	SRR3714745	1.0406785331708646
EWSAT1	SRR3714746	2.017099515167158
EWSAT1	SRR3714747	7.782741561001878
EWSAT1	SRR3714748	3.1933658941431413
EWSAT1	SRR3714749	1.020881906329865
EWSAT1	SRR3714750	3.495858919382539
EWSAT1	SRR3714751	1.0010799710397094
EWSAT1	SRR3714752	2
EWSAT1	SRR3714753	1.0079064098710653
EWSAT1	SRR3714754	2
EWSAT1	SRR3714755	2.0920274709959887
EWSAT1	SRR3714756	1.0216801788447836
EWSAT1	SRR3714757	5.127964782143416
EWSAT1	SRR3714758	0.9479045656307946
EWSAT1	SRR3714759	2.0961307421269813
EWSAT1	SRR3714760	3.0026996847142975
EWSAT1	SRR3714761	7.0025190258185255
EWSAT1	SRR3714762	0.9443943627278005
EWSAT1	SRR3714764	1
EWSAT1	SRR3714765	1.7424668056567636
EWSAT1	SRR3714766	1
EWSAT1	SRR3714767	2.743523801566289
EWSAT1	SRR3714768	1
EWSAT1	SRR5176628	1.0069362436470586
EWSAT1	SRR5176629	1.005769228518871
EWSAT1	SRR5176630	1.002266574999606
EWSAT1	SRR5176631	3.0293781046304797
EWSAT1	SRR5176632	2.0057043043186216
EWSAT1	SRR5176633	2.013056229555054
EWSAT1	SRR5176634	1.0398318552023067
EWSAT1	SRR5176635	4.024770722206136
EWSAT1	SRR5176636	1.0262757511402583
EWSAT1	SRR5176637	3.0889920543979517
EWSAT1	SRR5176638	1.1227010298695481
EWSAT1	SRR5176639	2
EWSAT1	SRR5176640	3.132593825587852
EWSAT1	SRR5176641	1.014864487377184
EWSAT1	SRR5176642	5.009530141317365
EWSAT1	SRR5176643	1.001725803535813
EWSAT1	SRR5176644	2.0003598284620874
EWSAT1	SRR5176645	1.0388038372764734
EWSAT1	SRR5176646	2.0373427867184892
EWSAT1	SRR5176647	1.00586233759953
EWSAT1	SRR5176648	2.005642992527594
EWSAT1	SRR5176649	1.0068001280405927
EWSAT1	SRR5176650	2.048202988678463
EWSAT1	SRR5176651	1.0158990588563879
EWSAT1	SRR5176652	4.022298829166883
EWSAT1	SRR5176653	2.0054042297511216
EWSAT1	SRR5176654	1.0081630176909429
EWSAT1	SRR5176655	2.002520159145824
EWSAT1	SRR5176656	2.1402205814622537
EWSAT1	SRR5176657	2.160672398262396
EWSAT1	SRR5176658	1.001651013035654
EWSAT1	SRR5176659	4.0086444336674605
EWSAT1	SRR5176660	2.002301253786017
EWSAT1	SRR5176661	3.0166442344106406
EWSAT1	SRR5176662	0.9707101240681442
EWSAT1	SRR5176663	1.0064352388451732
EWSAT1	SRR5176664	1
EWSAT1	SRR5176665	1.0089361604623304
EWSAT1	SRR5176666	2.007754125968094
EWSAT1	SRR5176667	1.0787114326524636
EWSAT1	SRR5176668	2.0086815321767273
EWSAT1	SRR5176669	1.0095837463480462
EWSAT1	SRR5176670	1.0065240008061656
EWSAT1	SRR5176671	1.0018005996203712
EWSAT1	SRR5176672	2.0111494145834414
EWSAT1	SRR5176673	1.0047899307908572
EWSAT1	SRR5176674	1.002341411462068
EWSAT1	SRR5176675	2.0084766380367456
EWSAT1	SRR5176676	1.0184049631193235
EWSAT1	SRR5176677	4.005760882040813
EWSAT1	SRR5176678	1.0223467302979135
EWSAT1	SRR5176679	1.0090464643103707
EWSAT1	SRR5176680	2.00567658773049
EWSAT1	SRR5176681	1.001110573697418
EWSAT1	SRR5176682	2.0198941119883824
EWSAT1	SRR5176683	2.009147559616247
EWSAT1	SRR5176684	1.0026579014399075
EWSAT1	SRR5176685	2.005976115517015
EWSAT1	SRR5176686	2.0087151782761965
EWSAT1	SRR5176687	2.0090493999684216
EWSAT1	SRR5176688	2.026562827039063
EWSAT1	SRR5176689	3.022509600413699
EWSAT1	SRR5176690	1.0255405228516121
EWSAT1	SRR5176691	2.0018609841152224
EWSAT1	SRR5176692	2.0195695880829865
EWSAT1	SRR5176693	3.0221683866595876
EWSAT1	SRR5176694	3
EWSAT1	SRR5176695	1.0143554668418076
EWSAT1	SRR5176696	1.1278931940525754
EWSAT1	SRR5176697	1.027578940269744
EWSAT1	SRR5176698	1.1648237836443878
EWSAT1	SRR5176699	4.100060049308768
EWSAT1	SRR5176700	1.0890144202015308
EWSAT1	SRR5176701	1.034206476188313
EWSAT1	SRR5176702	1
EWSAT1	SRR5176703	1.0225806547035183
EWSAT1	SRR5176704	1.0043682302222392
EWSAT1	SRR5176705	4.008577288633257
EWSAT1	SRR5176706	1.0272678906633284
EWSAT1	SRR5176707	2.0393099103300525
EWSAT1	SRR5176708	2.019764110800775
EWSAT1	SRR5176709	2.0096158459903477
EWSAT1	SRR5176710	1
EWSAT1	SRR5176711	2.0038120565269457
EWSAT1	SRR5176712	1.0128135825274416
EWSAT1	SRR5176713	1.0088204699660321
EWSAT1	SRR5176714	1.0602647654091784
EWSAT1	SRR5176715	1.001260079572912
EWSAT1	SRR5176716	1.001980837804911
EWSAT1	SRR5176717	3.0196766519491405
EWSAT1	SRR5176718	2.017613058392991
EWSAT1	SRR5176719	2.004682822924136
EWSAT1	SRR5176720	1
EWSAT1	SRR5176721	2
EWSAT1	SRR5176722	1.019834176721331
EWSAT1	SRR5176723	2.019222707706982
EWSAT1	SRR5176724	1.005439319075555
EWSAT1	SRR5176725	2.0245927168407682
EWSAT1	SRR5176726	6
EWSAT1	SRR5176727	3.001935407304473
EWSAT1	SRR5176728	1.024749980600489
EWSAT1	SRR5176729	1.0019366561734564
EWSAT1	SRR5176730	1.006542024061492
EWSAT1	SRR5176731	1.0046440041164724
EWSAT1	SRR5176732	2
EWSAT1	SRR5176733	2.004533149999212
EWSAT1	SRR5176734	1.0810259196769214
EWSAT1	SRR5176735	2.004682822924136
EWSAT1	SRR5176736	1.0019640545659034
EWSAT1	SRR5176737	2.0058475975940815
EWSAT1	SRR5176738	2.022120810900898
EWSAT1	SRR5176739	1.0079439701204655
EWSAT1	SRR5176740	1.0041633409296653
EWSAT1	SRR5176741	2.081968030129502
EWSAT1	SRR5176742	2.02114206883853
EWSAT1	SRR5176743	2.023696975388569
EWSAT1	SRR5176744	1.013419199000111
EWSAT1	SRR5176745	3.0275175517774224
EWSAT1	SRR5176746	3.006799724998818
EWSAT1	SRR5176747	1
EWSAT1	SRR5176748	3.0037802387187362
EWSAT1	SRR5176749	2.032736034763054
EWSAT1	SRR5176750	2.0324500612448158
EWSAT1	SRR5176751	3.0109053636888077
EWSAT1	SRR5176752	2.009076574722882
EWSAT1	SRR5176753	4.010509005929549
EWSAT1	SRR5176754	1.0052614054151265
EWSAT1	SRR5176755	4.002159359225385
EWSAT1	SRR5176756	2.057709484361699
EWSAT1	SRR5176757	2.1115328871426313
EWSAT1	SRR5176758	1.0113534484802584
EWSAT1	SRR5176759	1.0274065280258
EWSAT1	SRR5176760	1.0058081328268176
EWSAT1	SRR5176761	1.0058487323132066
EWSAT1	SRR5176762	1.074382806129656
EWSAT1	SRR5176763	3.022937815282532
EWSAT1	SRR5176764	2.0014397023245074
EWSAT1	SRR5176765	2.003451607071626
EWSAT1	SRR5176766	4.01135317546098
EWSAT1	SRR5176767	3.003015686275408
EWSAT1	SRR5176768	2.0303915033162268
EWSAT1	SRR5176769	1.0029532983317264
EWSAT1	SRR5176770	2.004682822924136
EWSAT1	SRR5176771	1.002446897019748
EWSAT1	SRR5176772	2.0125438461792577
EWSAT1	SRR5176773	1.007502905048184
EWSAT1	SRR5176774	3.018580647235391
EWSAT1	SRR5176775	1.0095941471006586
EWSAT1	SRR5176776	1.008275867041691
EWSAT1	SRR5176777	2.020010504354902
EWSAT1	SRR5176778	3.017279205968138
EWSAT1	SRR5176779	2.0103455095963367
EWSAT1	SRR5176780	2.0061600870642806
EWSAT1	SRR5176781	2.01275564458202
EWSAT1	SRR5176782	1.0082247828353217
EWSAT1	SRR5176783	3.027906586662919
EWSAT1	SRR5176784	1.0040544375604268
EWSAT1	SRR5176785	2.0035317626919773
EWSAT1	SRR5176786	3
EWSAT1	SRR5176787	1.0076767418045007
EWSAT1	SRR5176788	1.0267594917906628
EWSAT1	SRR5176789	2.028285909956478
EWSAT1	SRR5176790	2.0188529771277164
EWSAT1	SRR5176791	2.0175851772392095
EWSAT1	SRR5176792	4
EWSAT1	SRR5176793	2.0184008182123256
EWSAT1	SRR5176794	4.018030319691804
EWSAT1	SRR5176795	2.008415241499056
EWSAT1	SRR5176796	2.04529222487683
EWSAT1	SRR5176797	1.0069962891030084
EWSAT1	SRR5176798	2.010550594388688
EWSAT1	SRR5176799	1
EWSAT1	SRR5176800	1.0079916665289268
EWSAT1	SRR5176801	2.034881521985674
EWSAT1	SRR5176802	2.0283584905703345
EWSAT1	SRR5176803	1.0041019499142785
EWSAT1	SRR5176804	1.0213406344461267
EWSAT1	SRR5176805	1.00387382637289
EWSAT1	SRR5176806	1.0297753975963018
EWSAT1	SRR5176807	2.0014397023245074
EWSAT1	SRR5176808	2.000719721662436
EWSAT1	SRR5176809	1.0014402205102033
EWSAT1	SRR5176810	1
EWSAT1	SRR5176811	3
EWSAT1	SRR5176812	3.0032399131191276
EWSAT1	SRR5176813	1.0011853238444721
EWSAT1	SRR5176814	1
EWSAT1	SRR5176815	1.0141154422371776
EWSAT1	SRR5176816	1.0144195826206277
EWSAT1	SRR5176817	1.0052525955592004
EWSAT1	SRR5176818	2.0051047873572765
EWSAT1	SRR5176819	1.0529734771881787
EWSAT1	SRR5176820	1.022340736860647
EWSAT1	SRR5176821	1.009337111052069
EWSAT1	SRR5176822	1.0294661769651816
EWSAT1	SRR5176823	4.015072762648721
EWSAT1	SRR5176824	1.0056539011614338
EWSAT1	SRR5176825	2.002221147394836
EWSAT1	SRR5176826	1.0083066896753743
EWSAT1	SRR5176827	1.0037809013616064
EWSAT1	SRR5176828	4.015862397312925
EWSAT1	SRR5176829	4.010931068486513
EWSAT1	SRR5176830	5.002699199031732
EWSAT1	SRR5176831	2.010303030661102
EWSAT1	SRR5176832	3.030322246960009
EWSAT1	SRR5176833	1.0057904810391467
EWSAT1	SRR5176834	1.0039213301801309
EWSAT1	SRR5176835	2.007200678756544
EWSAT1	SRR5176836	1.0008998949047658
EWSAT1	SRR5176837	1.0510102572536424
EWSAT1	SRR5176838	3.0749100760993957
EWSAT1	SRR5176839	1.0407663154893023
EWSAT1	SRR5176840	5.002699199031732
EWSAT1	SRR5176841	2.028192815016065
EWSAT1	SRR5176842	3.0187990460767855
EWSAT1	SRR5176843	1.0077600305872203
EWSAT1	SRR5176844	1.002913173016367
EWSAT1	SRR5176845	3.0440470600586895
EWSAT1	SRR5176846	1.0044739290806017
EWSAT1	SRR5176847	2.0410676355166157
EWSAT1	SRR5176848	2.0172303674184247
EWSAT1	SRR5176849	1.0195152534582197
EWSAT1	SRR5176850	2.0274434798956182
EWSAT1	SRR5176851	2.0021599420794187
EWSAT1	SRR5176852	1.0222701007904502
EWSAT1	SRR5176853	1.0025049546470863
EWSAT1	SRR5176854	2.093837665394151
EWSAT1	SRR5176855	1.002277193929628
EWSAT1	SRR5176856	1.016171446291091
EWSAT1	SRR5176857	4.014240752706545
EWSAT1	SRR5176858	1.0069042391109264
EWSAT1	SRR5176859	3.005351458201092
EWSAT1	SRR5176860	5
EWSAT1	SRR5176861	1.001980837804911
EWSAT1	SRR5176862	2.011874757599656
EWSAT1	SRR5176863	1.0025049546470863
EWSAT1	SRR5176864	2.009793671524678
EWSAT1	SRR5176865	3.0057180847904186
EWSAT1	SRR5176866	2
EWSAT1	SRR5176867	2.0084955957082795
EWSAT1	SRR5176868	2.0704876478951655
EWSAT1	SRR5176869	1.002446897019748
EWSAT1	SRR5176870	3.013564383855001
EWSAT1	SRR5176871	1.0034377775451013
EWSAT1	SRR5176872	1.0195776936091434
EWSAT1	SRR5861974	2.0265002840838533
EWSAT1	SRR5861975	1.009323227105467
EWSAT1	SRR5861976	2.080494731393013
EWSAT1	SRR5861977	2
EWSAT1	SRR5861978	1.0048661173634874
EWSAT1	SRR5861979	1.0095941471006586
EWSAT1	SRR5861980	5
EWSAT1	SRR5861981	1.0201142576930606
EWSAT1	SRR5861982	1.2340601766014685
EWSAT1	SRR5861983	1.0016650688017934
EWSAT1	SRR5861984	1.0082636562876501
EWSAT1	SRR5861985	1.0173478207376618
EWSAT1	SRR5861986	4.007986413962704
EWSAT1	SRR5861987	1.0129478689088995
EWSAT1	SRR5861988	2.035557221830868
EWSAT1	SRR5861989	1.0125385340641762
EWSAT1	SRR5861990	2.0060922934553287
EWSAT1	SRR5861991	1
EWSAT1	SRR5861992	1
EWSAT1	SRR5861993	2.007586041594286
EWSAT1	SRR5861994	2
EWSAT1	SRR5861995	3.0264711675773066
EWSAT1	SRR5861996	2.0084494713970247
EWSAT1	SRR5861997	1.0258881975510754
EWSAT1	SRR5861998	3.017307685556613
EWSAT1	SRR5861999	1.0270454764535055
EWSAT1	SRR5862000	2.000719721662436
EWSAT1	SRR5862001	1
EWSAT1	SRR5862002	3.0032399131191276
EWSAT1	SRR5862003	4.009948014719926
EWSAT1	SRR5862004	3.016893572929392
EWSAT1	SRR5862005	1.0052945032282008
EWSAT1	SRR5862006	4.015123605446425
EWSAT1	SRR5862007	2.017167189681303
EWSAT1	SRR5862008	2.008047489825201
EWSAT1	SRR5862009	1.0035696606116409
EWSAT1	SRR5862010	1.0516407925623883
EWSAT1	SRR5862011	1.03612780768291
EWSAT1	SRR5862012	1.0070578570789335
EWSAT1	SRR5862013	1.0209741074575287
EWSAT1	SRR5862014	3.0147410043792897
EWSAT1	SRR5862015	1
EWSAT1	SRR5862016	2.0083751251781847
EWSAT1	SRR5862017	2.016585512011412
EWSAT1	SRR5862018	1.0040171475607007
EWSAT1	SRR5862019	1.0081590867520256
EWSAT1	SRR5862020	3.010762892895811
EWSAT1	SRR5862021	2.0121588898846783
EWSAT1	SRR5862022	2.0096962482342717
EWSAT1	SRR5862023	1.00761513599214
EWSAT1	SRR5862024	2.0054655342432564
EWSAT1	SRR5862025	1
EWSAT1	SRR5862026	1.0079075750854083
EWSAT1	SRR5862027	1.0005398398063463
EWSAT1	SRR5862028	1.12681213123101
EWSAT1	SRR5862029	1.0207645470908255
EWSAT1	SRR5862030	2.0056152767867226
EWSAT1	SRR5862031	1.0070714787200907
EWSAT1	SRR5862032	1.073785027109896
EWSAT1	SRR5862033	2.003091222454628
EWSAT1	SRR5862034	1.2459835850410172
EWSAT1	SRR5862035	1.0066340409403034
EWSAT1	SRR5862036	1.0178626280775729
EWSAT1	SRR5862037	2.109496859285685
EWSAT1	SRR5862038	1.079664344311491
EWSAT1	SRR5862039	1.001725803535813
EWSAT1	SRR5862040	2.0131177679660937
EWSAT1	SRR5862041	3.01655201949117
EWSAT1	SRR5862042	2.01781213132181
EWSAT1	SRR5862043	3
EWSAT1	SRR5862044	2.0028110294501467
EWSAT1	SRR5862045	2.0084957680610662
EWSAT1	SRR5862046	1.008086611491587
EWSAT1	SRR5862047	3.0267478439842486
EWSAT1	SRR5862048	1.2476565419699956
EWSAT1	SRR5862049	2.0312139460346654
EWSAT1	SRR5862050	2.0067593317912036
EWSAT1	SRR5862051	3.014474261609837
EWSAT1	SRR5862052	1.0034545854694705
EWSAT1	SRR5862053	2.0053439426706143
EWSAT1	SRR5862054	1.0267561214855105
EWSAT1	SRR5862055	1.0232532546254731
EWSAT1	SRR5862056	1.0330179193485718
EWSAT1	SRR5862057	2.0156758122327254
EWSAT1	SRR5862058	2.004594427862749
EWSAT1	SRR5862059	3.0847382128129315
EWSAT1	SRR5862060	2.0189204827013776
EWSAT1	SRR5862061	4.014296225786445
EWSAT1	SRR5862062	2.0010796796126926
EWSAT1	SRR5862063	1.0124290189222205
EWSAT1	SRR5862064	4.007746624693826
EWSAT1	SRR5862065	4.010086987785417
EWSAT1	SRR5862066	2.0182383495475205
EWSAT1	SRR5862067	1.2346054739520673
EWSAT1	SRR5862068	1.0047804468380375
EWSAT1	SRR5862069	2.0043222168337302
EWSAT1	SRR5862070	3.040553920595567
EWSAT1	SRR5862071	3.7578090686958547
EWSAT1	SRR5862072	1.2641489791098965
EWSAT1	SRR5862073	1.0018713063353686
EWSAT1	SRR5862074	2.010177208278089
EWSAT1	SRR5862075	3.020658628109209
EWSAT1	SRR5862076	1.2411031446573944
EWSAT1	SRR5862077	1.003935203440753
EWSAT1	SRR5862078	1.0778857376132789
EWSAT1	SRR5862079	2.0208182742186906
EWSAT1	SRR5862080	1.0186454033243084
EWSAT1	SRR5862081	3.0051774106074394
EWSAT1	SRR5862082	1.003815689470687
EWSAT1	SRR5862083	3
EWSAT1	SRR5862084	1.0069962891030084
EWSAT1	SRR5862085	2
EWSAT1	SRR5862086	1.0250917577235414
EWSAT1	SRR5862087	1.012188279490948
EWSAT1	SRR5862088	1.1217892178413114
EWSAT1	SRR5862089	2.0248379516398902
EWSAT1	SRR5862090	1.001725803535813
EWSAT1	SRR5862091	2.0282559728389034
EWSAT1	SRR5862092	1.0208826030747233
EWSAT1	SRR5862093	2.0003598284620874
EWSAT1	SRR5862094	1.0050055361428718
EWSAT1	SRR5862095	1.087669059175563
EWSAT1	SRR5862096	2.0043834882491156
EWSAT1	SRR5862097	2.010795863974406
EWSAT1	SRR5862098	1.9069542756274624
EWSAT1	SRR5862099	2.0456078953782524
EWSAT1	SRR5862100	2.005315802879815
EWSAT1	SRR5862101	1.0587548081059646
EWSAT1	SRR5862102	2.011792659147951
EWSAT1	SRR5862103	1.023617822582202
EWSAT1	SRR5862104	2.0083456381154536
EWSAT1	SRR5862105	1.0112580359699288
EWSAT1	SRR5862106	1.0042826021444868
EWSAT1	SRR5862107	3
EWSAT1	SRR5862108	3.020855658956402
EWSAT1	SRR5862109	5.009002998101856
EWSAT1	SRR5862110	1.0080438404145668
EWSAT1	SRR5862111	2.0303294368693994
EWSAT1	SRR5862112	1.0038042473308406
EWSAT1	SRR5862113	2.01770853284336
EWSAT1	SRR5862114	2.009438036189931
EWSAT1	SRR5862115	3.0205377801293007
EWSAT1	SRR5862116	1.0258116030467397
EWSAT1	SRR5862117	1.003304751915352
EWSAT1	SRR5862118	3.0252488087398866
EWSAT1	SRR5862119	1.0041601033955165
EWSAT1	SRR5862120	3.0028336131389075
EWSAT1	SRR5862121	1.0014708341806098
EWSAT1	SRR5862122	3.006258856248378
EWSAT1	SRR5862123	1.0022972139313746
EWSAT1	SRR5862124	4.01279670434901
EWSAT1	SRR5862125	3
EWSAT1	SRR5862126	2.0017997898095317
EWSAT1	SRR5862127	2.0075977509956084
EWSAT1	SRR5862128	1.0037100598776116
EWSAT1	SRR5862129	2.1576586027716758
EWSAT1	SRR5862130	1.0062062904901619
EWSAT1	SRR5862131	1.002266574999606
EWSAT1	SRR5862132	1.0008998949047658
EWSAT1	SRR5862133	3.0028735888081926
EWSAT1	SRR5862134	5.001425861572968
EWSAT1	SRR5862135	2.025627165054883
EWSAT1	SRR5862136	5.00179930415609
EWSAT1	SRR5862137	1.0021611084168651
EWSAT1	SRR5862138	3.005351458201092
EWSAT1	SRR5862139	1.0013654513321437
EWSAT1	SRR5862140	1.003304751915352
EWSAT1	SRR5862141	2.0088651634615604
EWSAT1	SRR5862142	4.010808459502243
EWSAT1	SRR5862143	4.001439443324872
EWSAT1	SRR5862144	1.0057733394052475
EWSAT1	SRR5862145	1.003304751915352
EWSAT1	SRR5862146	1.0136106281436992
EWSAT1	SRR5862147	1.0073417943066594
EWSAT1	SRR5862148	2
EWSAT1	SRR5862149	4.023038941290851
EWSAT1	SRR5862150	3.0073406910592437
EWSAT1	SRR5862151	1.0124906225058696
EWSAT1	SRR5862152	1.0247021665376759
EWSAT1	SRR5862153	2.0415014804746594
EWSAT1	SRR5862154	2
EWSAT1	SRR5862155	1.00632433278211
EWSAT1	SRR5862156	1.0258531825432229
EWSAT1	SRR5862157	1.0260812180778769
EWSAT1	SRR5862158	3.001619519419039
EWSAT1	SRR5862159	3.0177999929714656
EWSAT1	SRR5862160	1.0382660511696764
EWSAT1	SRR5862161	2.0054655342432564
EWSAT1	SRR5862162	1.0033354225838187
EWSAT1	SRR5862163	1.0035295106373756
EWSAT1	SRR5862164	1.0501623844096677
EWSAT1	SRR5862165	3.0129834725921083
EWSAT1	SRR5862166	4.017130408577947
EWSAT1	SRR5862167	2.0041725708322518
EWSAT1	SRR5862168	1.001651013035654
EWSAT1	SRR5862169	1.0037100598776116
EWSAT1	SRR5862170	1.0111269374447733
EWSAT1	SRR5862171	4.006903214143252
EWSAT1	SRR5862172	2.003512851872782
EWSAT1	SRR5862173	1.025220377181768
EWSAT1	SRR5862174	2.056849990783716
EWSAT1	SRR5862175	2.0097658984260693
EWSAT1	SRR5862176	1.0173137397493108
EWSAT1	SRR5862177	1.0322718092842704
EWSAT1	SRR5862178	3.0864290411929463
EWSAT1	SRR5862179	1.0056231596200704
EWSAT1	SRR5862180	1.1637413174363656
EWSAT1	SRR5862181	1.021192246321851
EWSAT1	SRR5862182	2.0188224257830685
EWSAT1	SRR5862183	1.0050055361428718
EWSAT1	SRR5862184	1.0274397025883788
EWSAT1	SRR5862185	4
EWSAT1	SRR5862186	1.0073417943066594
EWSAT1	SRR5862187	1.0075707059203194
EWSAT1	SRR5862188	1.039289963781234
EWSAT1	SRR5862189	2.0167425870548557
EWSAT1	SRR5862190	4.005461805328575
EWSAT1	SRR5862191	2.0239982355386106
EWSAT1	SRR5862192	2.0904534580495366
EWSAT1	SRR5862193	1.0035876309652703
EWSAT1	SRR5862194	1.0053155170153698
EWSAT1	SRR5862195	1.0063470586203123
EWSAT1	SRR5862196	2
EWSAT1	SRR5862197	1
EWSAT1	SRR5862198	1.1010895492315216
EWSAT1	SRR5862199	1.0024775414638962
EWSAT1	SRR5862200	2.0043834882491156
EWSAT1	SRR5862201	11.44728029333312
EWSAT1	SRR5862202	4.087596585919381
EWSAT1	SRR5862203	3.1030787128248742
EWSAT1	SRR5862204	1
EWSAT1	SRR5862205	1
EWSAT1	SRR5862206	2.0362352186834567
EWSAT1	SRR5862207	4.021291469279516
EWSAT1	SRR5862208	1.019485887646539
EWSAT1	SRR5862209	2.0225903492287083
EWSAT1	SRR5862210	4
EWSAT1	SRR5862211	2.065633263120152
EWSAT1	SRR5862212	1.0088809831317571
EWSAT1	SRR5862213	5.023510944956372
EWSAT1	SRR5862214	1.0027634203047235
EWSAT1	SRR5862215	1.0023720526815605
EWSAT1	SRR5862216	1.0036559710886879
EWSAT1	SRR5862217	1.0065013965914829
EWSAT1	SRR5862218	2.0019652471043408
EWSAT1	SRR5862219	3.070052945869374
EWSAT1	SRR5862220	2.008987985922139
EWSAT1	SRR5862221	5
EWSAT1	SRR5862222	3.0097718318505597
EWSAT1	SRR5862223	3.1300045251878097
EWSAT1	SRR5862224	2.0158665823041253
EWSAT1	SRR5862225	1.0026812212903726
EWSAT1	SRR5862226	1.0010799710397094
EWSAT1	SRR5862227	1
EWSAT1	SRR5862228	2.0181428500271488
EWSAT1	SRR5862229	1.0059099355041081
EWSAT1	SRR5862230	1.005302786883378
EWSAT1	SRR5862231	1.0020862854161259
EWSAT1	SRR5862232	2.0302680874245964
EWSAT1	SRR5862233	1.0027634203047235
EWSAT1	SRR5862234	1.0058971340998772
EWSAT1	SRR5862235	2.0017997898095317
EWSAT1	SRR5862236	1.0021443221583142
EWSAT1	SRR5862237	1.031015477815649
EWSAT1	SRR5862238	1.0008998949047658
EWSAT1	SRR5862239	1.0077170577043544
EWSAT1	SRR5862240	1.0027327671216282
EWSAT1	SRR5862241	1.0061967931686884
EWSAT1	SRR5862242	1.0069518863188005
EWSAT1	SRR5862243	3.0168694788602117
EWSAT1	SRR5862244	1.0144792093359367
EWSAT1	SRR5862245	1.01827642435426
EWSAT1	SRR5862246	1.0019060282634729
EWSAT1	SRR5862247	2.011293096873216
EWSAT1	SRR5862248	2.0014397023245074
EWSAT1	SRR5862249	1.0151672362957598
EWSAT1	SRR5862250	5.052930990438667
EWSAT1	SRR5862251	2.0206638096080827
EWSAT1	SRR5862252	2.0051047873572765
EWSAT1	SRR5862253	2.015565577695617
EWSAT1	SRR5862254	1.0071605917832513
EWSAT1	SRR5862255	3.024118095583217
EWSAT1	SRR5862256	1.0154992904437379
EWSAT1	SRR5862257	3.041279339660256
EWSAT1	SRR5862258	2.0051047873572765
EWSAT1	SRR5862259	2.027435193148044
EWSAT1	SRR5862260	1.0647831768924885
EWSAT1	SRR5862261	1.0166686288059708
EWSAT1	SRR5862262	2.019983181708193
EWSAT1	SRR5862263	1.0455054067543619
EWSAT1	SRR5862264	1.0058348326097575
EWSAT1	SRR5862265	1.001260079572912
EWSAT1	SRR5862266	1.0054836551612463
EWSAT1	SRR5862267	4.220971512453963
EWSAT1	SRR5862268	3.0149244432635696
EWSAT1	SRR5862269	2.007897565688699
EWSAT1	SRR5862270	1.002266574999606
EWSAT1	SRR5862271	1.005967325364075
EWSAT1	SRR5862272	1.0112732108438143
EWSAT1	SRR5862273	1.0034545854694705
EWSAT1	SRR5862274	2.0091929322271214
EWSAT1	SRR5862275	1.0129925360933478
EWSAT1	SRR5862276	2.034793301066807
EWSAT1	SRR5862277	2.0253721928409307
EWSAT1	SRR5949109	1.1498283651018633
EWSAT1	SRR5949110	1.148171272003916
EWSAT1	SRR5949111	1.1498283651018633
EWSAT1	SRR5949112	1.1499000124654937
EWSAT1	SRR5949113	1.1493287860193127
EWSAT1	SRR5949114	1.1499000124654937
EWSAT1	SRR5949115	1.1498283651018633
EWSAT1	SRR5949116	1.149801355279094
EWSAT1	SRR5949117	1.1499000124654937
EWSAT1	SRR5949118	1.149757132515299
EWSAT1	SRR5949119	1.1498700492655702
EWSAT1	SRR5949120	1.149752993629983
EWSAT1	SRR5949121	1.149727479151349
EWSAT1	SRR5949122	1.149659680044542
EWSAT1	SRR5949123	1.1495224477062624
EWSAT1	SRR5949124	1.1489713533334538
EWSAT1	SRR5949125	1.1493657120956842
EWSAT1	SRR5949126	1.1496653216499102
EWSAT1	SRR5949127	1.149752993629983
EWSAT1	SRR5949128	1.149752993629983
EWSAT1	SRR5949129	1.1498758641415114
EWSAT1	SRR5949130	1.1498041981068907
EWSAT1	SRR5949131	1.1496516232140812
EWSAT1	SRR5949132	1.1498283651018633
EWSAT1	SRR5949133	1.1496993836519698
EWSAT1	SRR5949134	1.1499000124654937
EWSAT1	SRR5949135	1.149801355279094
EWSAT1	SRR5949136	1.1498700492655702
EWSAT1	SRR5949137	1.1489979896611313
EWSAT1	SRR5949138	1.1496058907069004
EWSAT1	SRR5949139	1.1496653216499102
EWSAT1	SRR5949140	1.1498283651018633
EWSAT1	SRR5949141	1.1498758641415114
EWSAT1	SRR5949142	1.1498041981068907
EWSAT1	SRR5949143	1.1499000124654937
EWSAT1	SRR5949144	1.149757132515299
EWSAT1	SRR5949145	1.1497815594090803
EWSAT1	SRR5949146	1.149752993629983
EWSAT1	SRR5949147	1.149752993629983
EWSAT1	SRR5949148	1.1489471817569916
EWSAT1	SRR5949149	1.149757132515299
EWSAT1	SRR5949150	1.1498758641415114
EWSAT1	SRR5949151	1.1494823274298185
EWSAT1	SRR5949152	1.1476551316063306
EWSAT1	SRR5949153	1.149659680044542
EWSAT1	SRR5949154	1.1487635500794011
EWSAT1	SRR5949155	1.1497815594090803
EWSAT1	SRR5949156	1.1498758641415114
EWSAT1	SRR5949157	1.1498700492655702
EWSAT1	SRR5949158	1.1499000124654937
EWSAT1	SRR5949159	1.1489204896371397
EWSAT1	SRR5949160	1.1498283651018633
EWSAT1	SRR5949161	1.1498283651018633
EWSAT1	SRR5949162	1.1498283651018633
EWSAT1	SRR5949163	1.1498758641415114
EWSAT1	SRR5949164	1.1499000124654937
EWSAT1	SRR5949165	1.149801355279094
EWSAT1	SRR5949166	1.1498758641415114
EWSAT1	SRR5949167	1.149757132515299
EWSAT1	SRR5949168	1.1497815594090803
EWSAT1	SRR5949169	1.1447151303318799
EWSAT1	SRR5949170	1.1499000124654937
EWSAT1	SRR5949171	1.1496516232140812
EWSAT1	SRR5949172	1.1496058907069004
EWSAT1	SRR5949173	1.1498283651018633
EWSAT1	SRR5949174	1.1497815594090803
EWSAT1	SRR5949175	1.1499000124654937
EWSAT1	SRR5949176	1.149727479151349
EWSAT1	SRR5949177	1.1489132956948793
EWSAT1	SRR5949178	1.1496653216499102
EWSAT1	SRR5949179	1.1497815594090803
EWSAT1	SRR5949180	1.1499000124654937
EWSAT1	SRR5949181	1.1498700492655702
EWSAT1	SRR5949182	1.149727479151349
EWSAT1	SRR5949183	1.1498758641415114
EWSAT1	SRR5949184	1.149801355279094
EWSAT1	SRR5949185	1.1495611354981103
EWSAT1	SRR5949186	1.1492630102128836
EWSAT1	SRR5949187	1.1498041981068907
EWSAT1	SRR5949188	1.149801355279094
EWSAT1	SRR5949189	1.149752993629983
EWSAT1	SRR5949190	1.149757132515299
EWSAT1	SRR5949191	1.1496058907069004
EWSAT1	SRR5949192	1.1498700492655702
EWSAT1	SRR5949193	1.1498758641415114
EWSAT1	SRR5949194	1.1498283651018633
EWSAT1	SRR5949195	1.149801355279094
EWSAT1	SRR5949196	1.149639556483191
EWSAT1	SRR5949197	1.1494508753827517
EWSAT1	SRR5949198	1.1489684643066176
EWSAT1	SRR5949199	1.1496653216499102
EWSAT1	SRR5949200	1.1498758641415114
EWSAT1	SRR5949201	1.1497815594090803
EWSAT1	SRR5949202	1.1498041981068907
EWSAT1	SRR5949203	1.1498700492655702
EWSAT1	SRR5949204	1.1499000124654937
EWSAT1	SRR5949205	1.1499000124654937
EWSAT1	SRR5949206	1.149801355279094
EWSAT1	SRR5949207	1.1498283651018633
EWSAT1	SRR5949208	1.149757132515299
EWSAT1	SRR5949209	1.1498283651018633
EWSAT1	SRR5949210	1.1497815594090803
EWSAT1	SRR5949211	1.1494508753827517
EWSAT1	SRR5949212	1.149757132515299
EWSAT1	SRR5949213	1.1496993836519698
EWSAT1	SRR5949214	1.1495224477062624
EWSAT1	SRR5949215	1.149752993629983
EWSAT1	SRR5949216	1.1498041981068907
EWSAT1	SRR5949217	1.1498041981068907
EWSAT1	SRR5949218	1.1496993836519698
EWSAT1	SRR5949219	1.149727479151349
EWSAT1	SRR5949220	1.1495611354981103
EWSAT1	SRR5949221	1.149515806070026
EWSAT1	SRR5949222	1.149752993629983
EWSAT1	SRR5949223	1.1489094288850477
EWSAT1	SRR5949224	1.1497815594090803
EWSAT1	SRR5949225	1.1498700492655702
EWSAT1	SRR5949226	1.1495611354981103
EWSAT1	SRR5949227	1.1498700492655702
EWSAT1	SRR5949228	1.1496058907069004
EWSAT1	SRR5949229	1.149639556483191
EWSAT1	SRR5949230	1.1498700492655702
EWSAT1	SRR5949231	1.1494707522857042
EWSAT1	SRR5949232	1.1487635500794011
EWSAT1	SRR5949233	1.1489229708372037
EWSAT1	SRR5949234	1.149752993629983
EWSAT1	SRR5949235	1.1496058907069004
EWSAT1	SRR5949236	1.1478430081697302
EWSAT1	SRR5949237	1.1494610034998385
EWSAT1	SRR5949238	1.1492438683694057
EWSAT1	SRR5949239	1.147930185304594
EWSAT1	SRR5949240	1.1498758641415114
EWSAT1	SRR5949241	1.149757132515299
EWSAT1	SRR5949242	1.1497815594090803
EWSAT1	SRR5949243	1.1496516232140812
EWSAT1	SRR5949244	1.1496653216499102
EWSAT1	SRR5949245	1.1496653216499102
EWSAT1	SRR5949246	1.149801355279094
EWSAT1	SRR5949247	1.149752993629983
EWSAT1	SRR5949248	1.149801355279094
EWSAT1	SRR5949249	1.1497815594090803
EWSAT1	SRR5949250	1.1499000124654937
EWSAT1	SRR5949251	1.1496058907069004
EWSAT1	SRR5949252	1.1498283651018633
EWSAT1	SRR5949253	1.1494121443044876
EWSAT1	SRR5949254	1.1495510677538354
EWSAT1	SRR5949255	1.1497815594090803
EWSAT1	SRR5949256	1.149659680044542
EWSAT1	SRR5949257	1.1498758641415114
EWSAT1	SRR5949258	1.1498758641415114
EWSAT1	SRR5949259	1.149727479151349
EWSAT1	SRR5949260	1.1499000124654937
EWSAT1	SRR5949261	1.1499000124654937
EWSAT1	SRR5949262	1.149659680044542
EWSAT1	SRR5949263	1.1498041981068907
EWSAT1	SRR5949264	1.149727479151349
EWSAT1	SRR5949265	1.1498700492655702
EWSAT1	SRR5949266	1.1490859664004887
EWSAT1	SRR5949267	1.1491016556665985
EWSAT1	SRR5949268	1.1498700492655702
EWSAT1	SRR5949269	1.149752993629983
EWSAT1	SRR5949270	1.1497815594090803
EWSAT1	SRR5949271	1.1495224477062624
EWSAT1	SRR5949272	1.1499000124654937
EWSAT1	SRR5949273	1.1499000124654937
EWSAT1	SRR5949274	1.149801355279094
EWSAT1	SRR5949275	1.1495012298161975
EWSAT1	SRR5949276	1.149801355279094
EWSAT1	SRR5949277	1.1491016556665985
EWSAT1	SRR5949278	1.1498041981068907
EWSAT1	SRR5949279	1.1498041981068907
EWSAT1	SRR5949280	1.1493806150832857
EWSAT1	SRR5949281	1.149801355279094
EWSAT1	SRR5949282	1.1499000124654937
EWSAT1	SRR5949283	1.1494610034998385
EWSAT1	SRR5949284	1.1499000124654937
EWSAT1	SRR5949285	1.1485352709618715
EWSAT1	SRR5949286	1.1490061236504394
EWSAT1	SRR5949287	1.1499000124654937
EWSAT1	SRR5949288	1.1498041981068907
EWSAT1	SRR5949289	1.1496653216499102
EWSAT1	SRR5949290	1.1499000124654937
EWSAT1	SRR5949291	1.1497815594090803
EWSAT1	SRR5949292	1.149752993629983
EWSAT1	SRR5949293	1.1499000124654937
EWSAT1	SRR5949294	1.1498758641415114
EWSAT1	SRR5949295	1.1498041981068907
EWSAT1	SRR5949296	1.1498041981068907
EWSAT1	SRR5949297	1.1498283651018633
EWSAT1	SRR5949298	1.149614382860247
EWSAT1	SRR5949299	1.149757132515299
EWSAT1	SRR5949300	1.1498758641415114
EWSAT1	SRR5949301	1.1498758641415114
EWSAT1	SRR5949302	1.1496653216499102
EWSAT1	SRR5949303	1.1496516232140812
EWSAT1	SRR5949304	1.1498283651018633
EWSAT1	SRR5949305	1.1490061236504394
EWSAT1	SRR5949306	1.1498700492655702
EWSAT1	SRR5949307	1.149757132515299
EWSAT1	SRR5949308	1.149801355279094
EWSAT1	SRR5949309	1.1495565511841175
EWSAT1	SRR5949310	1.1495565511841175
EWSAT1	SRR5949311	1.1497815594090803
EWSAT1	SRR5949312	1.149461221160821
EWSAT1	SRR5949313	1.1497815594090803
EWSAT1	SRR5949314	1.1498758641415114
EWSAT1	SRR5949315	1.1497815594090803
EWSAT1	SRR5949316	1.1498041981068907
EWSAT1	SRR5949317	1.1492438683694057
EWSAT1	SRR5949318	1.1491016556665985
EWSAT1	SRR5949319	1.1498283651018633
EWSAT1	SRR5949320	1.1499000124654937
EWSAT1	SRR5949321	1.149801355279094
EWSAT1	SRR5949322	1.149614382860247
EWSAT1	SRR5949323	1.1497815594090803
EWSAT1	SRR5949324	1.1499000124654937
EWSAT1	SRR5949325	1.1498041981068907
EWSAT1	SRR5949326	1.1497815594090803
EWSAT1	SRR5949327	1.1490004023259148
EWSAT1	SRR5949328	1.1498283651018633
EWSAT1	SRR5949329	1.1498283651018633
EWSAT1	SRR5949330	1.1498041981068907
EWSAT1	SRR5949331	1.1498700492655702
EWSAT1	SRR5949332	1.1499000124654937
EWSAT1	SRR5949333	1.1496993836519698
EWSAT1	SRR5949334	1.1494508753827517
EWSAT1	SRR5949335	1.1498758641415114
EWSAT1	SRR5949336	1.149801355279094
EWSAT1	SRR5949337	1.1498700492655702
EWSAT1	SRR5949338	1.1498041981068907
EWSAT1	SRR5949339	1.1498041981068907
EWSAT1	SRR5949340	1.149614382860247
EWSAT1	SRR5949341	1.149727479151349
EWSAT1	SRR5949342	1.1498700492655702
EWSAT1	SRR5949343	1.149727479151349
EWSAT1	SRR5949344	1.1498283651018633
EWSAT1	SRR5949345	1.1498700492655702
EWSAT1	SRR5949346	1.1489824166943214
EWSAT1	SRR5949347	1.1494257243385793
EWSAT1	SRR5949348	1.1487709425734813
EWSAT1	SRR5949349	1.1498041981068907
EWSAT1	SRR5949350	1.149757132515299
EWSAT1	SRR5949351	1.1497815594090803
EWSAT1	SRR5949352	1.149801355279094
EWSAT1	SRR5949353	1.1498041981068907
EWSAT1	SRR5949354	1.1495224477062624
EWSAT1	SRR5949355	1.149727479151349
EWSAT1	SRR5949356	1.1467122388088349
EWSAT1	SRR5949357	1.149752993629983
EWSAT1	SRR5949358	1.1497815594090803
EWSAT1	SRR5949359	1.1498041981068907
EWSAT1	SRR5949360	1.149727479151349
EWSAT1	SRR5949361	1.1496653216499102
EWSAT1	SRR5949362	1.1478188840514512
EWSAT1	SRR5949363	1.1498758641415114
EWSAT1	SRR5949364	1.1496058907069004
EWSAT1	SRR5949365	1.1494121443044876
EWSAT1	SRR5949366	1.1474377159067004
EWSAT1	SRR5949367	1.1499000124654937
EWSAT1	SRR5949368	1.148804618132568
EWSAT1	SRR5949369	1.1498758641415114
EWSAT1	SRR5949370	1.1498283651018633
EWSAT1	SRR5949371	1.1495565511841175
EWSAT1	SRR5949372	1.149801355279094
EWSAT1	SRR5949373	1.1498758641415114
EWSAT1	SRR5949374	1.1496516232140812
EWSAT1	SRR5949375	1.1498758641415114
EWSAT1	SRR5949376	1.1499000124654937
EWSAT1	SRR5949377	1.1498041981068907
EWSAT1	SRR5949378	1.1499000124654937
EWSAT1	SRR5949379	1.1498041981068907
EWSAT1	SRR5949380	1.1489471817569916
EWSAT1	SRR5949381	1.1495012298161975
EWSAT1	SRR5949382	1.1498283651018633
EWSAT1	SRR5949383	1.1496993836519698
EWSAT1	SRR5949384	1.1498758641415114
EWSAT1	SRR5949385	1.149659680044542
EWSAT1	SRR5949386	1.1499000124654937
EWSAT1	SRR5949387	1.147930185304594
EWSAT1	SRR5949388	1.1495224477062624
EWSAT1	SRR5949389	1.1499000124654937
EWSAT1	SRR5949390	1.1497815594090803
EWSAT1	SRR5949391	1.1495565511841175
EWSAT1	SRR5949392	1.1499000124654937
EWSAT1	SRR5949393	1.1495565511841175
EWSAT1	SRR5949394	1.1495012298161975
EWSAT1	SRR5949395	1.1497815594090803
EWSAT1	SRR5949396	1.1489204896371397
EWSAT1	SRR5949397	1.1498758641415114
EWSAT1	SRR5949398	1.1498700492655702
EWSAT1	SRR5949399	1.1497815594090803
EWSAT1	SRR5949400	1.1442239823514004
EWSAT1	SRR5949401	1.1499000124654937
EWSAT1	SRR5949402	1.149801355279094
EWSAT1	SRR5949403	1.149757132515299
EWSAT1	SRR5949404	1.1495611354981103
EWSAT1	SRR5949405	1.1498041981068907
EWSAT1	SRR5949406	1.1498758641415114
EWSAT1	SRR5949407	1.1498041981068907
EWSAT1	SRR5949408	1.1498041981068907
EWSAT1	SRR5949409	1.149801355279094
EWSAT1	SRR5949410	1.149801355279094
EWSAT1	SRR5949411	1.1499000124654937
EWSAT1	SRR5949412	1.1496653216499102
EWSAT1	SRR5949413	1.1498041981068907
EWSAT1	SRR5949414	1.1498283651018633
EWSAT1	SRR5949415	1.1498700492655702
EWSAT1	SRR5949416	1.149752993629983
EWSAT1	SRR5949417	1.1496993836519698
EWSAT1	SRR5949418	1.1498041981068907
EWSAT1	SRR5949419	1.1498283651018633
EWSAT1	SRR5949420	1.149727479151349
EWSAT1	SRR5949421	1.1496993836519698
EWSAT1	SRR5949422	1.149752993629983
EWSAT1	SRR5949423	1.149752993629983
EWSAT1	SRR5949424	1.1499000124654937
EWSAT1	SRR5949425	1.149752993629983
EWSAT1	SRR5949426	1.1498700492655702
EWSAT1	SRR5949427	1.149752993629983
EWSAT1	SRR5949428	1.1499000124654937
EWSAT1	SRR5949429	1.149461221160821
EWSAT1	SRR5949430	1.1497815594090803
EWSAT1	SRR5949431	1.1497815594090803
EWSAT1	SRR5949432	1.149801355279094
EWSAT1	SRR5949433	1.149757132515299
EWSAT1	SRR5949434	1.149757132515299
EWSAT1	SRR5949435	1.1495510677538354
EWSAT1	SRR5949436	1.1498283651018633
EWSAT1	SRR5949437	1.149461221160821
EWSAT1	SRR5949438	1.1493806150832857
EWSAT1	SRR5949439	1.1498758641415114
EWSAT1	SRR5949440	1.1498700492655702
EWSAT1	SRR5949441	1.1498700492655702
EWSAT1	SRR5949442	1.1496516232140812
EWSAT1	SRR5949443	1.1495611354981103
EWSAT1	SRR5949444	1.1495012298161975
EWSAT1	SRR5949445	1.1499000124654937
EWSAT1	SRR5949446	1.1498700492655702
EWSAT1	SRR5949447	1.149757132515299
EWSAT1	SRR5949448	1.1499000124654937
EWSAT1	SRR5949449	1.1499000124654937
EWSAT1	SRR5949450	1.1497815594090803
EWSAT1	SRR5949451	1.1496993836519698
EWSAT1	SRR5949452	1.1498041981068907
EWSAT1	SRR5949453	1.1497815594090803
EWSAT1	SRR5949454	1.1498041981068907
EWSAT1	SRR5949455	1.149757132515299
EWSAT1	SRR5949456	1.1498758641415114
EWSAT1	SRR5949457	1.1498700492655702
EWSAT1	SRR5949458	1.1498758641415114
EWSAT1	SRR5949459	1.149801355279094
EWSAT1	SRR5949460	1.1495611354981103
EWSAT1	SRR5949461	1.1490004023259148
EWSAT1	SRR5949462	1.1498283651018633
EWSAT1	SRR5949463	1.1495510677538354
EWSAT1	SRR5949464	1.1494610034998385
EWSAT1	SRR5949465	1.1489587806071277
EWSAT1	SRR5949466	1.1497815594090803
EWSAT1	SRR5949467	1.1489471817569916
EWSAT1	SRR5949468	1.1498283651018633
EWSAT1	SRR5949469	1.1498700492655702
EWSAT1	SRR5949470	1.1498041981068907
EWSAT1	SRR5949471	1.149727479151349
EWSAT1	SRR5949472	1.149801355279094
EWSAT1	SRR5949473	1.149801355279094
EWSAT1	SRR5949474	1.149757132515299
EWSAT1	SRR5949475	1.1499000124654937
EWSAT1	SRR5949476	1.1498041981068907
EWSAT1	SRR5949477	1.1498700492655702
EWSAT1	SRR5949478	1.149801355279094
EWSAT1	SRR5949479	1.149283393549715
EWSAT1	SRR5949480	1.149752993629983
EWSAT1	SRR5949481	1.1498700492655702
EWSAT1	SRR5949482	1.1496653216499102
EWSAT1	SRR5949483	1.1492630102128836
EWSAT1	SRR5949484	1.1498283651018633
EWSAT1	SRR5949485	1.1495012298161975
EWSAT1	SRR5949486	1.149757132515299
EWSAT1	SRR5949487	1.149752993629983
EWSAT1	SRR5949488	1.149461221160821
EWSAT1	SRR5949489	1.1496058907069004
EWSAT1	SRR5949490	1.1496058907069004
EWSAT1	SRR5949491	1.149757132515299
EWSAT1	SRR5949492	1.1496058907069004
EWSAT1	SRR5949493	1.149727479151349
EWSAT1	SRR5949494	1.1499000124654937
EWSAT1	SRR5949495	1.1494707522857042
EWSAT1	SRR5949496	1.149727479151349
EWSAT1	SRR5949497	1.149727479151349
EWSAT1	SRR5949498	1.1497815594090803
EWSAT1	SRR5949499	1.1498283651018633
EWSAT1	SRR5949500	1.1494121443044876
EWSAT1	SRR5949501	1.149515806070026
EWSAT1	SRR5949502	1.1492573238148507
EWSAT1	SRR5949503	1.149639556483191
EWSAT1	SRR5949504	1.1498041981068907
EWSAT1	SRR5949505	1.1498041981068907
EWSAT1	SRR5949506	1.1498041981068907
EWSAT1	SRR5949507	1.1498700492655702
EWSAT1	SRR5949508	1.149752993629983
EWSAT1	SRR5949509	1.1498283651018633
EWSAT1	SRR5949510	1.1498041981068907
EWSAT1	SRR5949511	1.1489592829745587
EWSAT1	SRR5949512	1.149801355279094
EWSAT1	SRR5949513	1.1499000124654937
EWSAT1	SRR5949514	1.149659680044542
EWSAT1	SRR5949515	1.1498283651018633
EWSAT1	SRR5949516	1.149757132515299
EWSAT1	SRR5949517	1.1498041981068907
EWSAT1	SRR5949518	1.149283393549715
EWSAT1	SRR5949519	1.1496058907069004
EWSAT1	SRR5949520	1.1498700492655702
EWSAT1	SRR5949521	1.1490859664004887
EWSAT1	SRR5949522	1.149801355279094
EWSAT1	SRR5949523	1.1498700492655702
EWSAT1	SRR5949524	1.149757132515299
EWSAT1	SRR5949525	1.149659680044542
EWSAT1	SRR5949526	1.1489944018824365
EWSAT1	SRR5949527	1.149639556483191
EWSAT1	SRR5949528	1.1483720675437479
EWSAT1	SRR5949529	1.1495224477062624
EWSAT1	SRR5949530	1.149727479151349
EWSAT1	SRR5949531	1.1496653216499102
EWSAT1	SRR5949532	1.1498700492655702
EWSAT1	SRR5949533	1.1499000124654937
EWSAT1	SRR5949534	1.149659680044542
EWSAT1	SRR5949535	1.1498283651018633
EWSAT1	SRR5949536	1.1497815594090803
EWSAT1	SRR5949537	1.1498700492655702
EWSAT1	SRR5949538	1.1499000124654937
EWSAT1	SRR5949539	1.149727479151349
EWSAT1	SRR5949540	1.1495611354981103
EWSAT1	SRR5949541	1.149727479151349
EWSAT1	SRR5949542	1.1495224477062624
EWSAT1	SRR5949543	1.149752993629983
EWSAT1	SRR5949544	1.1495611354981103
EWSAT1	SRR5949545	1.149283393549715
EWSAT1	SRR5949546	1.149639556483191
EWSAT1	SRR5949547	1.1499000124654937
EWSAT1	SRR5949548	1.149757132515299
EWSAT1	SRR5949549	1.1494121443044876
EWSAT1	SRR5949550	1.1489471817569916
EWSAT1	SRR5949551	1.149801355279094
EWSAT1	SRR5949552	1.1494823274298185
EWSAT1	SRR5949553	1.1498758641415114
EWSAT1	SRR5949554	1.1498041981068907
EWSAT1	SRR5949555	1.1409427054301
EWSAT1	SRR5949556	1.149515806070026
EWSAT1	SRR5949557	1.1497815594090803
EWSAT1	SRR5949558	1.1494707522857042
EWSAT1	SRR5949559	1.1498283651018633
EWSAT1	SRR5949560	1.1498283651018633
EWSAT1	SRR5949561	1.1490061236504394
EWSAT1	SRR5949562	1.1495012298161975
EWSAT1	SRR5949563	1.1497815594090803
EWSAT1	SRR5949564	1.149801355279094
EWSAT1	SRR5949565	1.1498758641415114
EWSAT1	SRR5949566	1.1498283651018633
EWSAT1	SRR5949567	1.1479342052496542
EWSAT1	SRR5949568	1.1495565511841175
EWSAT1	SRR5949569	1.149614382860247
EWSAT1	SRR5949570	1.149727479151349
EWSAT1	SRR5949571	1.1493287860193127
EWSAT1	SRR5949572	1.1496993836519698
EWSAT1	SRR5949573	1.1495565511841175
EWSAT1	SRR5949574	1.1497815594090803
EWSAT1	SRR5949575	1.149752993629983
EWSAT1	SRR5949576	1.1496993836519698
EWSAT1	SRR5949577	1.1498758641415114
EWSAT1	SRR5949578	1.1497815594090803
EWSAT1	SRR5949579	1.1498283651018633
EWSAT1	SRR5949580	1.1498283651018633
EWSAT1	SRR5949581	1.1499000124654937
EWSAT1	SRR5949582	1.149614382860247
EWSAT1	SRR5949583	1.1498758641415114
EWSAT1	SRR5949584	1.1489713533334538
EWSAT1	SRR5949585	1.149801355279094
EWSAT1	SRR5949586	1.1498041981068907
EWSAT1	SRR5949587	1.149757132515299
EWSAT1	SRR5949588	1.14823324140182
EWSAT1	SRR5949589	1.1499000124654937
EWSAT1	SRR5949590	1.149639556483191
EWSAT1	SRR5949591	1.1498283651018633
EWSAT1	SRR5949592	1.1496653216499102
EWSAT1	SRR5949593	1.1499000124654937
EWSAT1	SRR5949594	1.1496993836519698
EWSAT1	SRR5949595	1.1498041981068907
EWSAT1	SRR5949596	1.149757132515299
EWSAT1	SRR5949597	1.1492327898220787
EWSAT1	SRR5949598	1.149727479151349
EWSAT1	SRR5949599	1.149639556483191
EWSAT1	SRR5949600	1.1497815594090803
EWSAT1	SRR5949601	1.1496993836519698
EWSAT1	SRR5949602	1.1499000124654937
EWSAT1	SRR5949603	1.149801355279094
EWSAT1	SRR5949604	1.1498041981068907
EWSAT1	SRR5949605	1.1496993836519698
EWSAT1	SRR5949606	1.1494707522857042
EWSAT1	SRR5949607	1.1498700492655702
EWSAT1	SRR5949608	1.1490004023259148
EWSAT1	SRR5950246	1.1489592829745587
EWSAT1	SRR5950247	1.1494707522857042
EWSAT1	SRR5950248	1.1497815594090803
EWSAT1	SRR5950249	1.1499000124654937
EWSAT1	SRR5950250	1.1495611354981103
EWSAT1	SRR5950251	1.1497815594090803
EWSAT1	SRR5950252	1.1498758641415114
EWSAT1	SRR5950253	1.1498041981068907
EWSAT1	SRR5950254	1.1494707522857042
EWSAT1	SRR5950255	1.1492327898220787
EWSAT1	SRR5950256	1.14882817140177
EWSAT1	SRR5950257	1.1487945702274995
EWSAT1	SRR5950258	1.149801355279094
EWSAT1	SRR5950259	1.1498283651018633
EWSAT1	SRR5950260	1.1497815594090803
EWSAT1	SRR5950261	1.149801355279094
EWSAT1	SRR5950262	1.149659680044542
EWSAT1	SRR5950263	1.1492573238148507
EWSAT1	SRR5950264	1.1498700492655702
EWSAT1	SRR5950265	1.1495611354981103
EWSAT1	SRR5950266	1.1489684643066176
EWSAT1	SRR5950267	1.149801355279094
EWSAT1	SRR5950268	1.1496993836519698
EWSAT1	SRR5950269	1.149727479151349
EWSAT1	SRR5950270	1.1494610034998385
EWSAT1	SRR5950271	1.1499000124654937
EWSAT1	SRR5950272	1.1499000124654937
EWSAT1	SRR5950273	1.1497815594090803
EWSAT1	SRR5950274	1.1496516232140812
EWSAT1	SRR5950275	1.1496993836519698
EWSAT1	SRR5950276	1.149801355279094
EWSAT1	SRR5950277	1.149515806070026
EWSAT1	SRR5950278	1.1492438683694057
EWSAT1	SRR5950279	1.149757132515299
EWSAT1	SRR5950280	1.1498041981068907
EWSAT1	SRR5950281	1.1496993836519698
EWSAT1	SRR5950282	1.1493287860193127
EWSAT1	SRR5950283	1.149801355279094
EWSAT1	SRR5950284	1.1466271340242074
EWSAT1	SRR5950285	1.1494823274298185
EWSAT1	SRR5950286	1.1497815594090803
EWSAT1	SRR5950287	1.1491016556665985
EWSAT1	SRR5950288	1.1495510677538354
EWSAT1	SRR5950289	1.1490061236504394
EWSAT1	SRR5950290	1.1498283651018633
EWSAT1	SRR5950291	1.149801355279094
EWSAT1	SRR5950292	1.1496653216499102
EWSAT1	SRR5950293	1.1494610034998385
EWSAT1	SRR5950294	1.1499000124654937
EWSAT1	SRR5950295	1.1498758641415114
EWSAT1	SRR5950296	1.149752993629983
EWSAT1	SRR5950297	1.1494508753827517
EWSAT1	SRR5950298	1.1498283651018633
EWSAT1	SRR5950299	1.149614382860247
EWSAT1	SRR5950300	1.149757132515299
EWSAT1	SRR5950301	1.149801355279094
EWSAT1	SRR5950302	1.149752993629983
EWSAT1	SRR5950303	1.149614382860247
EWSAT1	SRR5950304	1.149461221160821
EWSAT1	SRR5950305	1.149752993629983
EWSAT1	SRR5950306	1.149752993629983
EWSAT1	SRR5950307	1.1496058907069004
EWSAT1	SRR5950308	1.1496653216499102
EWSAT1	SRR5950309	1.1496993836519698
EWSAT1	SRR5950310	1.1497815594090803
EWSAT1	SRR5950311	1.1498700492655702
EWSAT1	SRR5950312	1.149801355279094
EWSAT1	SRR5950313	1.1496653216499102
EWSAT1	SRR5950314	1.1498283651018633
EWSAT1	SRR5950315	1.149801355279094
EWSAT1	SRR5950316	1.1498700492655702
EWSAT1	SRR5950317	1.149614382860247
EWSAT1	SRR5950318	1.1494610034998385
EWSAT1	SRR5950319	1.149639556483191
EWSAT1	SRR5950320	1.149614382860247
EWSAT1	SRR5950321	1.148836459359721
EWSAT1	SRR5950322	1.1495224477062624
EWSAT1	SRR5950323	1.1496516232140812
EWSAT1	SRR5950324	1.1498283651018633
EWSAT1	SRR5950325	1.149659680044542
EWSAT1	SRR5950326	1.149515806070026
EWSAT1	SRR5950327	1.149801355279094
EWSAT1	SRR5950328	1.149801355279094
EWSAT1	SRR5950329	1.149752993629983
EWSAT1	SRR5950330	1.149639556483191
EWSAT1	SRR5950331	1.1493287860193127
EWSAT1	SRR5950332	1.1494707522857042
EWSAT1	SRR5950333	1.1498283651018633
EWSAT1	SRR5950334	1.1498283651018633
EWSAT1	SRR5950335	1.1498283651018633
EWSAT1	SRR5950336	1.1477909267796054
EWSAT1	SRR5950337	1.1490522198255662
EWSAT1	SRR5950338	1.1484554126990747
EWSAT1	SRR5950339	1.1499000124654937
EWSAT1	SRR5950340	1.1496058907069004
EWSAT1	SRR5950341	1.1496653216499102
EWSAT1	SRR5950342	1.1498700492655702
EWSAT1	SRR5950343	1.1496653216499102
EWSAT1	SRR5950344	1.1495224477062624
EWSAT1	SRR5950345	1.1496516232140812
EWSAT1	SRR5950346	1.149801355279094
EWSAT1	SRR5950347	1.149752993629983
EWSAT1	SRR5950348	1.1496058907069004
EWSAT1	SRR5950349	1.1498758641415114
EWSAT1	SRR5950350	1.1497815594090803
EWSAT1	SRR5950351	1.1491016556665985
EWSAT1	SRR5950352	1.1498700492655702
EWSAT1	SRR5950353	1.149752993629983
EWSAT1	SRR5950354	1.1498700492655702
EWSAT1	SRR5950355	1.1498700492655702
EWSAT1	SRR5950356	1.1489979896611313
EWSAT1	SRR5950357	1.1498700492655702
EWSAT1	SRR5950358	1.149614382860247
EWSAT1	SRR5950359	1.149727479151349
EWSAT1	SRR5950360	1.1498700492655702
EWSAT1	SRR5950361	1.1498700492655702
EWSAT1	SRR5950362	1.1495224477062624
EWSAT1	SRR5950363	1.1494508753827517
EWSAT1	SRR5950364	1.149639556483191
EWSAT1	SRR5950365	1.1498041981068907
EWSAT1	SRR5950366	1.1498283651018633
EWSAT1	SRR5950367	1.1489024179979748
EWSAT1	SRR5950368	1.149752993629983
EWSAT1	SRR5950369	1.1499000124654937
EWSAT1	SRR5950370	1.1499000124654937
EWSAT1	SRR5950371	1.149801355279094
EWSAT1	SRR5950372	1.1498041981068907
EWSAT1	SRR5950373	1.149757132515299
EWSAT1	SRR5950374	1.149757132515299
EWSAT1	SRR5950375	1.1498700492655702
EWSAT1	SRR5950376	1.1499000124654937
EWSAT1	SRR5950377	1.1494121443044876
EWSAT1	SRR5950378	1.149757132515299
EWSAT1	SRR5950379	1.149752993629983
EWSAT1	SRR5950380	1.1496653216499102
EWSAT1	SRR5950381	1.149659680044542
EWSAT1	SRR5950382	1.1491016556665985
EWSAT1	SRR5950383	1.1498758641415114
EWSAT1	SRR5950384	1.1498283651018633
EWSAT1	SRR5950385	1.1490859664004887
EWSAT1	SRR5950386	1.1498700492655702
EWSAT1	SRR5950387	1.1498758641415114
EWSAT1	SRR5950388	1.1495611354981103
EWSAT1	SRR5950389	1.1485352709618715
EWSAT1	SRR5950390	1.1496993836519698
EWSAT1	SRR5950391	1.1499000124654937
EWSAT1	SRR5950392	1.1491016556665985
EWSAT1	SRR5950393	1.1495565511841175
EWSAT1	SRR5950394	1.149727479151349
EWSAT1	SRR5950395	1.149752993629983
EWSAT1	SRR5950396	1.1499000124654937
EWSAT1	SRR5950397	1.1498758641415114
EWSAT1	SRR5950398	1.1498758641415114
EWSAT1	SRR5950399	1.149659680044542
EWSAT1	SRR5950400	1.1496993836519698
EWSAT1	SRR5950401	1.1498700492655702
EWSAT1	SRR5950402	1.1498700492655702
EWSAT1	SRR5950403	1.1497815594090803
EWSAT1	SRR5950404	1.1498041981068907
EWSAT1	SRR5950405	1.14823324140182
EWSAT1	SRR5950406	1.1493806150832857
EWSAT1	SRR5950407	1.149801355279094
EWSAT1	SRR5950408	1.149461221160821
EWSAT1	SRR5950409	1.1495565511841175
EWSAT1	SRR5950410	1.1499000124654937
EWSAT1	SRR5950411	1.1498283651018633
EWSAT1	SRR5950412	1.1498700492655702
EWSAT1	SRR5950413	1.1493657120956842
EWSAT1	SRR5950414	1.149801355279094
EWSAT1	SRR5950415	1.149614382860247
EWSAT1	SRR5950416	1.1496653216499102
EWSAT1	SRR5950417	1.1496993836519698
EWSAT1	SRR5950418	1.1495510677538354
EWSAT1	SRR5950419	1.1498700492655702
EWSAT1	SRR5950420	1.149752993629983
EWSAT1	SRR5950421	1.1495611354981103
EWSAT1	SRR5950422	1.1494707522857042
EWSAT1	SRR5950423	1.149757132515299
EWSAT1	SRR5950424	1.1498283651018633
EWSAT1	SRR5950425	1.1498700492655702
EWSAT1	SRR5950426	1.1496058907069004
EWSAT1	SRR5950427	1.1498283651018633
EWSAT1	SRR5950428	1.149757132515299
EWSAT1	SRR5950429	1.1498700492655702
EWSAT1	SRR5950430	1.149727479151349
EWSAT1	SRR5950431	1.149727479151349
EWSAT1	SRR5950432	1.1498041981068907
EWSAT1	SRR5950433	1.149801355279094
EWSAT1	SRR5950434	1.1495611354981103
EWSAT1	SRR5950435	1.149757132515299
EWSAT1	SRR5950436	1.1498700492655702
EWSAT1	SRR5950437	1.149727479151349
EWSAT1	SRR5950438	1.1498283651018633
EWSAT1	SRR5950439	1.1498758641415114
EWSAT1	SRR5950440	1.145365413736815
EWSAT1	SRR5950441	1.1494707522857042
EWSAT1	SRR5950442	1.1497815594090803
EWSAT1	SRR5950443	1.149659680044542
EWSAT1	SRR5950444	1.149801355279094
EWSAT1	SRR5950445	1.1498041981068907
EWSAT1	SRR5950446	1.1496516232140812
EWSAT1	SRR5950447	1.1494257243385793
EWSAT1	SRR5950448	1.149801355279094
EWSAT1	SRR5950449	1.1498041981068907
EWSAT1	SRR5950450	1.1498700492655702
EWSAT1	SRR5950451	1.1499000124654937
EWSAT1	SRR5950452	1.1494823274298185
EWSAT1	SRR5950453	1.1498283651018633
EWSAT1	SRR5950454	1.1494823274298185
EWSAT1	SRR5950455	1.1498283651018633
EWSAT1	SRR5950456	1.149757132515299
EWSAT1	SRR5950457	1.149659680044542
EWSAT1	SRR5950458	1.1499000124654937
EWSAT1	SRR5950459	1.149752993629983
EWSAT1	SRR5950460	1.149752993629983
EWSAT1	SRR5950461	1.1497815594090803
EWSAT1	SRR5950462	1.1492630102128836
EWSAT1	SRR5950463	1.149614382860247
EWSAT1	SRR5950464	1.149515806070026
EWSAT1	SRR5950465	1.1449587156171235
EWSAT1	SRR5950466	1.149801355279094
EWSAT1	SRR5950467	1.149752993629983
EWSAT1	SRR5950468	1.149801355279094
EWSAT1	SRR5950469	1.149639556483191
EWSAT1	SRR5950470	1.1498700492655702
EWSAT1	SRR5963912	1.1499000124654937
EWSAT1	SRR5963913	1.1495224477062624
EWSAT1	SRR5963914	1.1499000124654937
EWSAT1	SRR5963915	1.1495611354981103
EWSAT1	SRR5963916	1.1494121443044876
EWSAT1	SRR5963917	1.1496993836519698
EWSAT1	SRR5963918	1.149727479151349
EWSAT1	SRR5963919	1.1498041981068907
EWSAT1	SRR5963920	1.149757132515299
EWSAT1	SRR5963921	1.1498283651018633
EWSAT1	SRR5963922	1.1496653216499102
EWSAT1	SRR5963923	1.149727479151349
EWSAT1	SRR5963924	1.1498041981068907
EWSAT1	SRR5963925	1.1495224477062624
EWSAT1	SRR5963926	1.149515806070026
EWSAT1	SRR5963927	1.1498758641415114
EWSAT1	SRR5963928	1.1494823274298185
EWSAT1	SRR5963929	1.149801355279094
EWSAT1	SRR5963930	1.1493287860193127
EWSAT1	SRR5963931	1.1499000124654937
EWSAT1	SRR5963932	1.149757132515299
EWSAT1	SRR5963933	1.149659680044542
EWSAT1	SRR5963934	1.1494257243385793
EWSAT1	SRR5963935	1.1499000124654937
EWSAT1	SRR5963936	1.1495510677538354
EWSAT1	SRR5963937	1.1492573238148507
EWSAT1	SRR5963938	1.149801355279094
EWSAT1	SRR5963939	1.1498041981068907
EWSAT1	SRR5963940	1.1498700492655702
EWSAT1	SRR5963941	1.1499000124654937
EWSAT1	SRR5963942	1.1499000124654937
EWSAT1	SRR5963943	1.1498283651018633
EWSAT1	SRR5963944	1.1499000124654937
EWSAT1	SRR5963945	1.1498758641415114
EWSAT1	SRR5963946	1.149801355279094
EWSAT1	SRR5963947	1.149801355279094
EWSAT1	SRR5963948	1.149801355279094
EWSAT1	SRR6467548	2.019612247048136
EWSAT1	SRR6467549	3.049900185801169
EWSAT1	SRR6467550	2.0189146927432624
EWSAT1	SRR6467551	2.0329016381270315
EWSAT1	SRR6467552	1.0165227814557534
EWSAT1	SRR6467553	1.031917753407997
EWSAT1	SRR6467554	1.0225494456218691
EWSAT1	SRR6467555	1.0144151620441488
EWSAT1	SRR6467556	2.0236558775271267
EWSAT1	SRR6467557	2.022839037677252
EWSAT1	SRR6467558	1.0202167779550353
EWSAT1	SRR6467559	1.0021749573528569
EWSAT1	SRR6467560	4.040859545521821
EWSAT1	SRR6467561	1.0074511140063074
EWSAT1	SRR6467562	1.003793020797143
EWSAT1	SRR6467563	3.0185903795060653
EWSAT1	SRR6467564	1.007311001168582
EWSAT1	SRR6467565	1.0096995243760967
EWSAT1	SRR6467566	1.0275298262095158
EWSAT1	SRR6467567	1.0110728691639104
EWSAT1	SRR6467568	2.008203899828557
EWSAT1	SRR6467569	2.0292794199470636
EWSAT1	SRR6467570	3.684948113190285
EWSAT1	SRR6467571	3.002159553486761
EWSAT1	SRR6467572	2.012304851275369
EWSAT1	SRR6467573	1.0067982845157166
EWSAT1	SRR6467574	2
EWSAT1	SRR6467575	2.857984783038584
EWSAT1	SRR6467576	3.0140241471762033
EWSAT1	SRR6467577	1.0014402205102033
EWSAT1	SRR6467578	3.029621400172457
EWSAT1	SRR6467579	2.0211676625259702
EWSAT1	SRR6467580	3.8087701986329563
EWSAT1	SRR6467581	0.8602069894559086
EWSAT1	SRR6467582	2.823695507705669
EWSAT1	SRR6467583	5
EWSAT1	SRR6467584	2.0072620381654835
EWSAT1	SRR6467585	2.903910818119212
EWSAT1	SRR6467586	4.904094369913697
EWSAT1	SRR6467587	0.7911079076582958
EWSAT1	SRR6467588	1.670013692884305
EWSAT1	SRR6467589	2
EWSAT1	SRR6467590	2.005526840609447
EWSAT1	SRR6467591	3.031558805980004
EWSAT1	SRR6467592	4.03111815857663
EWSAT1	SRR6467593	7.031768011530087
EWSAT1	SRR6467594	2.2062951118129512
EWSAT1	SRR6467595	3.006575232373674
EWSAT1	SRR6467596	1
EWSAT1	SRR6467597	4.247082270072859
EWSAT1	SRR6467598	1.7806318402157286
EWSAT1	SRR6467599	3.0112222288085944
EWSAT1	SRR6467600	2.009637137701128
EWSAT1	SRR6467601	3.0167364521490883
EWSAT1	SRR6467602	1.2730920136516806
EWSAT1	SRR6467603	2
EWSAT1	SRR6467604	5.021123678492562
EWSAT1	SRR6467605	2.007147823194564
EWSAT1	SRR6467606	4
EWSAT1	SRR6467607	4
EWSAT1	SRR6467608	1.0026272514823873
EWSAT1	SRR6467609	4.000719656924175
EWSAT1	SRR6467610	1.0099816979843277
EWSAT1	SRR6467611	2.459768152009432
EWSAT1	SRR6467612	1.0058040855375532
EWSAT1	SRR6467613	4
EWSAT1	SRR6467614	2
EWSAT1	SRR6467615	2.025407482047046
EWSAT1	SRR6467616	2.019785510031567
EWSAT1	SRR6467617	1.0066688641367247
EWSAT1	SRR6467618	4
EWSAT1	SRR6467619	0.646646876315259
EWSAT1	SRR6467620	3.007777513678988
EWSAT1	SRR6467621	3.015321581670987
EWSAT1	SRR6467622	2.030121739943431
EWSAT1	SRR6467623	1.4368147957988344
EWSAT1	SRR6467624	2.0003598284620874
EWSAT1	SRR6467625	2
EWSAT1	SRR6467626	1
EWSAT1	SRR6467627	2.0201274951076593
EWSAT1	SRR6467628	2
EWSAT1	SRR6467629	3.5007754729624905
EWSAT1	SRR6467630	6.004319106973522
EWSAT1	SRR6467631	2.0017997898095317
EWSAT1	SRR6467632	7.050242234462184
EWSAT1	SRR6467633	3
EWSAT1	SRR6467634	5.019981450992838
EWSAT1	SRR6467635	1.179566183794266
EWSAT1	SRR6467636	1.0100809623101739
EWSAT1	SRR6467637	8
EWSAT1	SRR6467638	2
EWSAT1	SRR6467639	1.0031685095836653
EWSAT1	SRR6467640	1.0209184673656215
EWSAT1	SRR6467641	2.0185655659751127
EWSAT1	SRR6467642	0.8521559038609048
EWSAT1	SRR6467643	3.0375390015185473
EWSAT1	SRR6467644	1
EWSAT1	SRR6467645	3.719962200864029
EWSAT1	SRR6467646	2
EWSAT1	SRR6467647	0.759218602313251
EWSAT1	SRR6467648	4.023094535953548
EWSAT1	SRR6467649	3.0158764076933786
EWSAT1	SRR6467650	1.0054730022593972
EWSAT1	SRR6467651	5.014565865081835
EWSAT1	SRR6467652	4.000719656924175
EWSAT1	SRR6467653	1.00992245953211
EWSAT1	SRR6467654	4.014962971744793
EWSAT1	SRR6467655	2
EWSAT1	SRR6467656	2.837731654926731
EWSAT1	SRR6467657	3
EWSAT1	SRR6467658	3
EWSAT1	SRR6467659	3.166522961166287
EWSAT1	SRR6467660	6.041056083159981
EWSAT1	SRR6467661	4.217710653026498
EWSAT1	SRR6467662	1.789269069067543
EWSAT1	SRR6467663	3.0083725239161834
EWSAT1	SRR6467664	2.5778293301598163
EWSAT1	SRR6467665	2
EWSAT1	SRR6467666	2
EWSAT1	SRR6467667	0.6063230255730675
EWSAT1	SRR6467668	1.4507331239059111
EWSAT1	SRR6467669	1
EWSAT1	SRR6467670	2
EWSAT1	SRR6467671	5.60477646233424
EWSAT1	SRR6467672	2.017699694916879
EWSAT1	SRR6467673	4.038360082390147
EWSAT1	SRR6467674	4.025020271898745
EWSAT1	SRR6467675	1.0086419580070092
EWSAT1	SRR6467676	0.5807479497983324
EWSAT1	SRR6467677	2
EWSAT1	SRR6467678	4
EWSAT1	SRR6467679	3
EWSAT1	SRR6467680	3.0321880288605603
EWSAT1	SRR6467681	5
EWSAT1	SRR6467682	1.0059850440061833
EWSAT1	SRR6467683	2.0223924224196734
EWSAT1	SRR6467684	1.0025925045596629
EWSAT1	SRR6467685	3.0422876105368415
EWSAT1	SRR6467686	1.0014402205102033
EWSAT1	SRR6467687	0.6661969090000487
EWSAT1	SRR6467688	2
EWSAT1	SRR6467689	2.0198058179830998
EWSAT1	SRR6467690	1.0054674322877741
EWSAT1	SRR6467691	2.0110961562737604
EWSAT1	SRR6467692	3.003015686275408
EWSAT1	SRR6467693	0.9908751978013158
EWSAT1	SRR6467694	1.0075707059203194
EWSAT1	SRR6467695	1.0045689957386463
EWSAT1	SRR6467696	0.675200309125929
EWSAT1	SRR6467697	1
EWSAT1	SRR6467698	1.0047021889912742
EWSAT1	SRR6467699	1
EWSAT1	SRR6467700	2.1777087960474852
EWSAT1	SRR6467701	7
EWSAT1	SRR6467702	1.014337303678091
EWSAT1	SRR6467703	3.037005016447041
EWSAT1	SRR6467704	2.005581682610789
EWSAT1	SRR6467705	6.0391833050707335
EWSAT1	SRR6467706	1.0184705122861608
EWSAT1	SRR6467707	4
EWSAT1	SRR6467708	2.003451607071626
EWSAT1	SRR6467709	2
EWSAT1	SRR6467710	2.0017997898095317
EWSAT1	SRR6467711	5.006827256660719
EWSAT1	SRR6467712	2.0224946437792983
EWSAT1	SRR6467713	1.4478397302306334
EWSAT1	SRR6467714	2.011942874120268
EWSAT1	SRR6467715	6
EWSAT1	SRR6467716	6
EWSAT1	SRR6467717	2.024561625087477
EWSAT1	SRR6467718	2.0308182843426366
EWSAT1	SRR6467719	1.0036044413997351
EWSAT1	SRR6467720	4
EWSAT1	SRR6467721	3.004861181572238
EWSAT1	SRR6467722	5.99056770048415
EWSAT1	SRR6467723	6
EWSAT1	SRR6467724	2
EWSAT1	SRR6467725	2
EWSAT1	SRR6467726	1.5907665570204272
EWSAT1	SRR6467727	3.006869657245764
EWSAT1	SRR6467728	4
EWSAT1	SRR6467729	3.0206709744646654
EWSAT1	SRR6467730	3.0063791329462064
EWSAT1	SRR6467731	2.01976236737922
EWSAT1	SRR6467732	3.538292932508315
EWSAT1	SRR6467733	2.003451607071626
EWSAT1	SRR6467734	0.993009289870723
EWSAT1	SRR6467735	3.024795553670716
EWSAT1	SRR6467736	1.0062021778341892
EWSAT1	SRR6467737	3.0186188714704856
EWSAT1	SRR6467738	2.000719721662436
EWSAT1	SRR6467739	2
EWSAT1	SRR6467740	3.0160290234126963
EWSAT1	SRR6467741	3.0061166053200132
EWSAT1	SRR6467742	5
EWSAT1	SRR6467743	3
EWSAT1	SRR6467744	2
EWSAT1	SRR6467745	3.001079582493654
EWSAT1	SRR6467746	2.0158665823041253
EWSAT1	SRR6467747	4.222792066735393
EWSAT1	SRR6467748	6.655238061825467
EWSAT1	SRR6467749	1
EWSAT1	SRR6467750	4.009488210726242
EWSAT1	SRR6467751	2.0302358327731524
EWSAT1	SRR6467752	3.024643559696927
EWSAT1	SRR6467753	2.6624538108508014
EWSAT1	SRR6467754	4.185222585176443
EWSAT1	SRR6467755	0.8950139593529768
EWSAT1	SRR6467756	1.001260079572912
EWSAT1	SRR6467757	3
EWSAT1	SRR6467758	3
EWSAT1	SRR6467759	3.0169901800759242
EWSAT1	SRR6467760	3.023202697396519
EWSAT1	SRR6467761	1.0036658019973412
EWSAT1	SRR6467762	1.0050055361428718
EWSAT1	SRR6467763	0.9571110894244277
EWSAT1	SRR6467764	3.9592032876272785
EWSAT1	SRR6467765	3.0037299252199445
EWSAT1	SRR6467766	3.0445005857748715
EWSAT1	SRR6467767	1.0068063252571833
EWSAT1	SRR6467768	1.0124766310189337
EWSAT1	SRR6467769	1.0179804857499088
EWSAT1	SRR6467770	2
EWSAT1	SRR6467771	2.5079279098677576
EWSAT1	SRR6467772	2.0142258693995965
EWSAT1	SRR6467773	4.015685320720523
EWSAT1	SRR6868540	1.014833528591624
EWSAT1	SRR6868541	1.0278088358193622
EWSAT1	SRR6868542	1.0479902723259678
EWSAT1	SRR6868543	4.0611850855710205
EWSAT1	SRR6868544	1.007850668350526
EWSAT1	SRR6868545	1.0249330155513252
EWSAT1	SRR6868546	1.0159083502043025
EWSAT1	SRR6868557	1.0593600439616915
EWSAT1	SRR6868558	1.0493300957915759
EWSAT1	SRR6868559	2.065663623302929
EWSAT1	SRR6868560	1.0099883345290224
EWSAT1	SRR6868569	1.0619340218072668
EWSAT1	SRR6868570	2.043639543151062
EWSAT1	SRR6868571	1.0447440906857468
EWSAT1	SRR6868572	2.023700412560199
EWSAT1	SRR6868573	2.0825664414069522
EWSAT1	SRR6868574	1.012246901299347
EWSAT1	SRR6868575	1.0259969817544445
EWSAT1	SRR6868576	2.0320024466830966
EWSAT1	SRR6868577	1.0327907588593586
EWSAT1	SRR6868578	2.0311541204190013
EWSAT1	SRR6868579	1.0440699430515605
EWSAT1	SRR6868580	1.010777171167205
EWSAT1	SRR6868581	3.1026090150389103
EWSAT1	SRR6868582	1.0329389684351513
EWSAT1	SRR6868585	2.0447836238734722
EWSAT1	SRR6868586	1.0597439032108176
EWSAT1	SRR6868587	1.060061410485746
EWSAT1	SRR6868588	1.0071961768814546
EWSAT1	SRR6868589	1.011034509868234
EWSAT1	SRR6868590	3.0970765061386403
EWSAT1	SRR6868591	1.0131259716901864
EWSAT1	SRR6868604	1.0759055098033201
EWSAT1	SRR6868605	1.032097998410507
EWSAT1	SRR6868606	1.041059675092619
EWSAT1	SRR6868607	1.034652621245776
EWSAT1	SRR6868608	1.0244646566921864
EWSAT1	SRR6868609	1.0441915254956329
EWSAT1	SRR6868610	1.0393379767471147
EWSAT1	SRR6868620	1.0113983415873453
EWSAT1	SRR6868621	2.0441130212824103
EWSAT1	SRR6868622	1.024234840404088
EWSAT1	SRR6868623	1.0549853092368588
EWSAT1	SRR6868636	1.0440226673600839
EWSAT1	SRR6868637	1.0261125159944735
EWSAT1	SRR6868638	1.0463813724818791
EWSAT1	SRR6868639	2.0216697973772186
EWSAT1	SRR6868650	1.0398318552023067
EWSAT1	SRR6868651	3.087424854518879
EWSAT1	SRR6868652	1.0307116122012634
EWSAT1	SRR6868653	2.037909477314792
EWSAT1	SRR6868654	4.0604786325952595
EWSAT1	SRR6868655	2.0708608644876474
EWSAT1	SRR6868665	1.014468461127958
EWSAT1	SRR6868666	2.0205253804995995
EWSAT1	SRR6868667	1.0115422842820772
EWSAT1	SRR6868668	2.014957206841066
EWSAT1	SRR6868669	3.0229254596618422
EWSAT1	SRR6868670	1.0180906480316751
EWSAT1	SRR6868671	1.0146307116837765
EWSAT1	SRR6868683	1.012819876849361
EWSAT1	SRR6868684	3.047340195950012
EWSAT1	SRR6868685	1.0216590406873807
EWSAT1	SRR6868686	2.020648324036348
EWSAT1	SRR6868687	2.056312653743823
EWSAT1	SRR6868688	1.0273883935521193
EWSAT1	SRR6868689	3.044625912285621
EWSAT1	SRR6868698	1.0183812775740588
EWSAT1	SRR6868699	1.0070578570789335
EWSAT1	SRR6868700	1.0161535101018604
EWSAT1	SRR6868701	2.021218040343413
EWSAT1	SRR6868702	1.007687418054785
EWSAT1	SRR6868713	2.020957746838448
EWSAT1	SRR6868714	1.0186954098379435
EWSAT1	SRR6868715	1.0083404689188882
EWSAT1	SRR6868716	2.0134380010547583
EWSAT1	SRR6868717	2.0206020405242926
EWSAT1	SRR6868718	1.0039004111898113
EWSAT1	SRR6868719	2.0032407877148253
EWSAT1	SRR6868720	4.0202679296148816
EWSAT1	SRR6868721	2.0225974221782685
EWSAT1	SRR6868722	2.0338004703727357
EWSAT1	SRR6868723	1.0196540145226427
EWSAT1	SRR6868724	2.0194886881338387
EWSAT1	SRR6868725	4.0167076936763575
EWSAT1	SRR6868726	2.0048243126947294
EWSAT1	SRR6868741	3.043632626014139
EWSAT1	SRR7632756	2.016516216101597
EWSAT1	SRR7632757	1.0277332860513113
EWSAT1	SRR7632758	1.01063282095591
EWSAT1	SRR7632759	3.089324882363122
EWSAT1	SRR7632760	1.020266900924434
EWSAT1	SRR7632761	1.0071506009427655
EWSAT1	SRR7632762	3.1458976341957707
EWSAT1	SRR7632763	1.0163814821934867
EWSAT1	SRR7632764	1.0369890422143389
EWSAT1	SRR7632765	1.0026272514823873
EWSAT1	SRR7632766	1.0311142484945626
EWSAT1	SRR7632767	1.0023720526815605
EWSAT1	SRR7632768	2.0323763397503685
EWSAT1	SRR7632769	3.0344313630241593
EWSAT1	SRR7632770	3.024837353536685
EWSAT1	SRR7632771	1.0259548134634506
EWSAT1	SRR7632772	2.0383290752838072
EWSAT1	SRR7632773	3.016285999930314
EWSAT1	SRR7632774	1.0063470586203123
EWSAT1	SRR7632775	1.0224681510947642
EWSAT1	SRR7632776	1.0378886530168419
EWSAT1	SRR7632777	1.0240596389952048
EWSAT1	SRR7632778	1.0041769234190894
EWSAT1	SRR7632779	1.0261166053511217
EWSAT1	SRR7632780	1.003693247674031
EWSAT1	SRR7632781	2.122851062858518
EWSAT1	SRR7632782	1.013677337507708
EWSAT1	SRR7632783	1.0073390566571232
EWSAT1	SRR7632784	2.0174017704978233
EWSAT1	SRR7632785	1.0071774620660263
EWSAT1	SRR7632786	2.0828132032854545
EWSAT1	SRR7632787	1.0039139901228018
EWSAT1	SRR7632788	2.004533149999212
EWSAT1	SRR7632789	2.0362848107901304
EWSAT1	SRR7632790	2.0196477326313738
EWSAT1	SRR7632791	3.134227346092683
EWSAT1	SRR7632792	2.0145947525752916
EWSAT1	SRR7632793	2.02421317478652
EWSAT1	SRR7632794	1.0069477706153624
EWSAT1	SRR7632795	2.0064532180077084
EWSAT1	SRR7632796	2.0343684608201014
EWSAT1	SRR7632797	1.1507956722511705
EWSAT1	SRR7632798	1.0057289905461357
EWSAT1	SRR7632799	1.0307842771739868
EWSAT1	SRR7632800	1.0149717126681794
EWSAT1	SRR7632801	2.010522810830253
EWSAT1	SRR7632802	1.0349955306780252
EWSAT1	SRR7632803	1.0239958477751991
EWSAT1	SRR7632804	1.0404738790189818
EWSAT1	SRR7632805	2.006187222737388
EWSAT1	SRR7632806	3.013839880339073
EWSAT1	SRR7632807	2.0174345410032393
EWSAT1	SRR7632808	2.016441451643313
EWSAT1	SRR7632809	1.0487771640238053
EWSAT1	SRR7632810	1.0041728190577268
EWSAT1	SRR7632811	2.0136138369148737
EWSAT1	SRR7632812	1.0071833620330328
EWSAT1	SRR7632813	1.0062092961820608
EWSAT1	SRR7632814	2.0071203763532726
EWSAT1	SRR7632815	2.0157411216933077
EWSAT1	SRR7632816	1.07528181517056
EWSAT1	SRR7632817	1.041586150859103
EWSAT1	SRR7632818	1.0054254250297385
EWSAT1	SRR7632819	2.004893794039496
EWSAT1	SRR7632820	1.006884746998457
EWSAT1	SRR7632821	1.001725803535813
EWSAT1	SRR7632822	1.0125834797761897
EWSAT1	SRR7632823	2.0073593434536026
EWSAT1	SRR7632824	1.0045743716929838
EWSAT1	SRR7632825	1.0028076383933613
EWSAT1	SRR7632826	2.0012902715363152
EWSAT1	SRR7632827	1.0547962882986262
EWSAT1	SRR7632828	2.051993963508889
EWSAT1	SRR7632829	1.014492055668809
EWSAT1	SRR7632830	1.0484469543228638
EWSAT1	SRR7632831	1.0092787217165853
EWSAT1	SRR7632832	1.014555769133056
EWSAT1	SRR7632833	3.1552111102245157
EWSAT1	SRR7632834	1.0291896194546106
EWSAT1	SRR7632835	1.1099100147247651
EWSAT1	SRR7632836	1.0149370565287317
EWSAT1	SRR7632837	3.0193500467819563
EWSAT1	SRR7632838	1.0251559439709568
EWSAT1	SRR7632839	2.02297567504607
EWSAT1	SRR7632840	1.0305733450818257
EWSAT1	SRR7632841	1.1192560986710782
EWSAT1	SRR7632842	2.0037236998613834
EWSAT1	SRR7632843	1.0375153886962647
EWSAT1	SRR7632844	2.0792628012990813
EWSAT1	SRR7632845	1.0050055361428718
EWSAT1	SRR7632846	1.0494904998299905
EWSAT1	SRR7632847	1.0235272533915285
EWSAT1	SRR7632848	1.0091302469862462
EWSAT1	SRR7632849	1.011384661421074
EWSAT1	SRR7632850	1.0128856441720862
EWSAT1	SRR7632851	1.0101118401249758
EWSAT1	SRR7632852	2.002520159145824
EWSAT1	SRR7632853	2.010155262007647
EWSAT1	SRR7632854	2.0132065388746647
EWSAT1	SRR7632855	2
EWSAT1	SRR7632856	1.0064837326371328
EWSAT1	SRR7632857	3.2207293634290886
EWSAT1	SRR7632858	1.0371579517056881
EWSAT1	SRR7632859	1.0396311122590651
EWSAT1	SRR7632860	1.0753540533674661
EWSAT1	SRR7632861	1.0543822488477879
EWSAT1	SRR7632862	1.0351402489647896
EWSAT1	SRR7632863	1.127463190129664
EWSAT1	SRR7632864	2.2431051012728194
EWSAT1	SRR7632865	1.0014635120398052
EWSAT1	SRR7632866	1.0056633933586414
EWSAT1	SRR7632867	1.0102904255521574
EWSAT1	SRR7632868	1.0256287182392447
EWSAT1	SRR7632869	1.0244411302643486
EWSAT1	SRR7632870	2.0075977509956084
EWSAT1	SRR7632871	1.050989678803295
EWSAT1	SRR7632872	1.0322124653187648
EWSAT1	SRR7632873	1.004207620749528
EWSAT1	SRR7632874	1.0026579014399075
EWSAT1	SRR7632875	2.003302026071308
EWSAT1	SRR7632876	1.0141700299218512
EWSAT1	SRR7632877	2.0821992721011875
EWSAT1	SRR7632878	1.0220802210253883
EWSAT1	SRR7632879	2.004533149999212
EWSAT1	SRR7632880	1.0175413387124352
EWSAT1	SRR7632881	1.013756384887805
EWSAT1	SRR7632882	2.0477615291906734
EWSAT1	SRR7632883	1.02247906372491
EWSAT1	SRR7632884	3.1011192247255455
EWSAT1	SRR7632885	2.009941413597232
EWSAT1	SRR7632886	2.0646049752859286
EWSAT1	SRR7632887	1.0101074156533363
EWSAT1	SRR7632888	1.0379768225769255
EWSAT1	SRR7632889	1.0341992789721208
EWSAT1	SRR7632890	1.1020636592092161
EWSAT1	SRR7632891	1.0470515559564515
EWSAT1	SRR7632892	2.011663768573469
EWSAT1	SRR7632893	1.038136325271397
EWSAT1	SRR7632894	1.0470575746534403
EWSAT1	SRR7632895	1.0115917091074564
EWSAT1	SRR7632896	1.0226482273167283
EWSAT1	SRR7632897	2.0081702622930324
EWSAT1	SRR7632898	1.003736640357631
EWSAT1	SRR7632899	1.0069518863188005
EWSAT1	SRR7632900	1.0066648133839482
EWSAT1	SRR7632901	1.0063609654022492
EWSAT1	SRR7632902	1.0438042739415248
EWSAT1	SRR7632903	1.0043989334008585
EWSAT1	SRR7632904	1.0526195434200118
EWSAT1	SRR7632905	1.0931759253599354
EWSAT1	SRR7632906	1.0165025853468879
EWSAT1	SRR7632907	3.083176229724331
EWSAT1	SRR7632908	1.0040070360063245
EWSAT1	SRR7632909	2.006909170938941
EWSAT1	SRR7632910	1.0380077298103303
EWSAT1	SRR7632911	2.0259685106472616
EWSAT1	SRR7632912	2.0312655175396315
EWSAT1	SRR7632913	1.0587224433384341
EWSAT1	SRR7632914	1.0311722723635215
EWSAT1	SRR7632915	3.1348699438417866
EWSAT1	SRR7632916	1.0198845286602736
EWSAT1	SRR7632917	1.0523945550985883
EWSAT1	SRR7632918	2.051693708425933
EWSAT1	SRR7632919	2.017468333718586
EWSAT1	SRR7632920	1.0115831117977676
EWSAT1	SRR7632921	1.0121573982531267
EWSAT1	SRR7632922	1.0086992082960846
EWSAT1	SRR7632923	1.0104750438511543
EWSAT1	SRR7632924	1.029495742835047
EWSAT1	SRR7632925	2.0701743684518465
EWSAT1	SRR7632926	1.0184989436426726
EWSAT1	SRR7632927	1.020518834230417
EWSAT1	SRR7632928	3.009914255746056
EWSAT1	SRR7632929	1.0407855332953868
EWSAT1	SRR7632930	3.0026996847142975
EWSAT1	SRR7632931	4.002879404649015
EWSAT1	SRR7632932	1.025692629589228
EWSAT1	SRR7632933	1.0212777254368819
EWSAT1	SRR7632934	1.0043882919914233
EWSAT1	SRR7632935	3.0303355203749276
EWSAT1	SRR7632936	2.042105036407143
EWSAT1	SRR7632937	1.0144804078601897
EWSAT1	SRR7632938	1.026676151053306
EWSAT1	SRR7632939	2.056207519960769
EWSAT1	SRR7632940	1.0065515246415413
EWSAT1	SRR7632941	3.0644251985739484
EWSAT1	SRR7632942	1.0358472927277014
EWSAT1	SRR7632943	3
EWSAT1	SRR7632944	1.0183845609590005
EWSAT1	SRR7632945	3
EWSAT1	SRR8928966	1.0089020059058134
EWSAT1	SRR8928967	1.0174471485483954
EWSAT1	SRR8928968	4.033430617219942
EWSAT1	SRR8928969	1.0084157589021454
EWSAT1	SRR8928970	1.0097790430950968
EWSAT1	SRR8928971	5.039067982041336
EWSAT1	SRR8928972	1.0551062717044821
EWSAT1	SRR8928973	1.0060157966102234
EWSAT1	SRR8928974	1.0870766859358787
EWSAT1	SRR8928975	1.0434971814877207
EWSAT1	SRR8928976	1.0433938336486428
EWSAT1	SRR8928977	1.0197721263293398
EWSAT1	SRR8928978	1.0189094725563004
EWSAT1	SRR8928979	6.1183037825675735
EWSAT1	SRR8928980	1.016019416300132
EWSAT1	SRR8928981	1.0118211977273175
EWSAT1	SRR8928982	1.0114917814411697
EWSAT1	SRR8928983	2.003961675609822
EWSAT1	SRR8928984	2.0113078023228677
EWSAT1	SRR8928985	1.0170563672128556
EWSAT1	SRR8928986	3.0273209730964736
EWSAT1	SRR8928987	1
EWSAT1	SRR8928988	1
EWSAT1	SRR8928989	1.0180482199929832
EWSAT1	SRR8928990	1.0106122784979463
EWSAT1	SRR8928991	2.036023053538453
EWSAT1	SRR9835604	2.0288683589557173
EWSAT1	SRR9835605	1.0056231596200704
EWSAT1	SRR9835606	1.0022055934839067
EWSAT1	SRR9835607	1.0092485506134343
EWSAT1	SRR9835608	1.0149850838535093
EWSAT1	SRR9835609	1
EWSAT1	SRR9835610	2.009376610263541
EWSAT1	SRR9835611	2.002221147394836
EWSAT1	SRR9835612	4.010963101576216
EWSAT1	SRR9835613	1.005971437060134
EWSAT1	SRR9835614	2.0203514952089034
EWSAT1	SRR9835615	1.0396846498825996
EWSAT1	SRR9835616	1.007499951835674
EWSAT1	SRR9835617	1.0233696860167032
EWSAT1	SRR9835618	3.016193795961609
EWSAT1	SRR9835619	1
EWSAT1	SRR9835620	3.0146993440335637
EWSAT1	SRR9835621	2.0133296267678964
EWSAT1	SRR9835622	2.0055457704383417
EWSAT1	SRR9835623	1.0001799142310437
EWSAT1	SRR9835624	1.022211497308151
EWSAT1	SRR9835625	2.006358276139217
EWSAT1	SRR9835626	1.0077170577043544
EWSAT1	SRR9835627	2.0041725708322518
EWSAT1	SRR9835628	1.007245300796782
EWSAT1	SRR9835629	1.0205101654512299
EWSAT1	SRR9835630	2.111478522036065
EWSAT1	SRR9835631	1.0808176609581337
EWSAT1	SRR9835632	1.002341411462068
EWSAT1	SRR9835633	2.0151414118406388
EWSAT1	SRR9835634	3.019165454338053
EWSAT1	SRR9835635	2.019785510031567
EWSAT1	SRR9835636	2.0041054313735067
EWSAT1	SRR9835637	2.0090429225700004
EWSAT1	SRR9835638	1.009908799328608
EWSAT1	SRR9835639	3.031745691479742
EWSAT1	SRR9835640	2.033455676554196
EWSAT1	SRR9835641	2.0078426603602617
EWSAT1	SRR9835642	3.0177298065123246
EWSAT1	SRR9835643	1.0038517478455666
EWSAT1	SRR9835644	2.0065948327321306
EWSAT1	SRR9835645	1.029653410621942
EWSAT1	SRR9835646	2.0189204827013776
EWSAT1	SRR9835647	2.0048602119484413
EWSAT1	SRR9835648	3.0908634454683654
EWSAT1	SRR9835649	2.0239087693770186
EWSAT1	SRR9835650	4.015372556984459
EWSAT1	SRR9835651	2.0014397023245074
EWSAT1	SRR9835652	1.016019416300132
EWSAT1	SRR9835653	4.011163365221578
EWSAT1	SRR9835654	2.0203514952089034
EWSAT1	SRR9835655	1.0051695140095571
EWSAT1	SRR9835656	2.0054042297511216
EWSAT1	SRR9835657	3.045356738862513
EWSAT1	SRR9835658	1.0020114680017955
EWSAT1	SRR9835659	2.0120931003087192
EWSAT1	SRR9835660	3.022938700677359
EWSAT1	SRR9835661	1.0040544375604268
EWSAT1	SRR9835662	2.02461639460896
EWSAT1	SRR9835663	1.0203073606491269
EWSAT1	SRR9835664	3.0051774106074394
EWSAT1	SRR9835665	1.004190800211773
EWSAT1	SRR9835666	3
EWSAT1	SRR9835667	1.008442463999566
EWSAT1	SRR9835668	2
EWSAT1	SRR9835669	1.0266087966612285
EWSAT1	SRR9835670	1.0139446879648122
EWSAT1	SRR9835671	2.027196179694096
EWSAT1	SRR9835672	1.0017838194003639
EWSAT1	SRR9835673	1.0228219628836945
EWSAT1	SRR9835674	2.0010796796126926
EWSAT1	SRR9835675	1.005397931987203
EWSAT1	SRR9835676	1.0891346753691427
EWSAT1	SRR9835677	2.005315802879815
EWSAT1	SRR9835678	2.012181826033307
EWSAT1	SRR9835679	1.9302987265898461
EWSAT1	SRR9835680	2.0490370135679346
EWSAT1	SRR9835681	2.0060987613405628
EWSAT1	SRR9835682	1.0607053518911023
EWSAT1	SRR9835683	2.0126886473483316
EWSAT1	SRR9835684	1.0253010780065177
EWSAT1	SRR9835685	2.0102503835513925
EWSAT1	SRR9835686	1.0135335602212565
EWSAT1	SRR9835687	1.0047021889912742
EWSAT1	SRR9835688	3
EWSAT1	SRR9835689	3.0221683866595876
EWSAT1	SRR9835690	5.010057340008977
EWSAT1	SRR9835691	1.009018872251653
EWSAT1	SRR9835692	2.0367705463829395
EWSAT1	SRR9835693	1.0040851311465162
EWSAT1	SRR9835694	2.0208823861994465
EWSAT1	SRR9835695	2.010461940592098
EWSAT1	SRR9835696	3.0296559341484133
EWSAT1	SRR9835697	1.0051636513145872
EWSAT1	SRR9835698	3.003015686275408
EWSAT1	SRR9835699	1.0016203938574126
EWSAT1	SRR9835700	3.006799724998818
EWSAT1	SRR9835701	1.0028309617264135
EWSAT1	SRR9835702	3
EWSAT1	SRR9835703	2.0021599420794187
EWSAT1	SRR9835704	2.0093305849332257
EWSAT1	SRR9835705	1.0039962901985677
EWSAT1	SRR9835706	2.1585270310309586
EWSAT1	SRR9835707	1.001110573697418
EWSAT1	SRR9835708	3.003189608670822
EWSAT1	SRR9835709	5.002325689260974
EWSAT1	SRR9835710	2.0291273162841406
EWSAT1	SRR9835711	5.002214243457739
EWSAT1	SRR9835712	1.0025217469463543
EWSAT1	SRR9835713	3.0057180847904186
EWSAT1	SRR9835714	1.001545611227314
EWSAT1	SRR9835715	2.0103243296525464
EWSAT1	SRR9835716	4.01195223103403
EWSAT1	SRR9835717	1.0034545854694705
EWSAT1	SRR9835718	1.0156196005253904
EWSAT1	SRR9835719	1.0088403251851141
EWSAT1	SRR9835720	4.0251977601273214
EWSAT1	SRR9835721	1.0152841125038419
EWSAT1	SRR9835722	2.046428424410931
EWSAT1	SRR9835723	2
EWSAT1	SRR9835724	1.0070578570789335
EWSAT1	SRR9835725	1.027861673410901
EWSAT1	SRR9835726	3.002159553486761
EWSAT1	SRR9835727	3.0207288826869796
EWSAT1	SRR9835728	1.041000135876921
EWSAT1	SRR9835729	2.0064868267821567
EWSAT1	SRR9835730	1.0039520196971752
EWSAT1	SRR9835731	1.0511406103696055
EWSAT1	SRR9835732	3.0141889890252473
EWSAT1	SRR9835733	4.018030319691804
EWSAT1	SRR9835734	2.0052545029647746
EWSAT1	SRR9835735	1.0018312243074385
EWSAT1	SRR9835736	1.012260593128426
EWSAT1	SRR9835737	4.008676448495076
EWSAT1	SRR9835738	2.0036011992407423
EWSAT1	SRR9835739	1.0276177847429349
EWSAT1	SRR9835740	2.060474256580731
EWSAT1	SRR9835741	2.010686015608464
EWSAT1	SRR9835742	1.018922412576946
EWSAT1	SRR9835743	1.0344788269959917
EWSAT1	SRR9835744	1.0058655806218886
EWSAT1	SRR9835745	1.0226611988789944
EWSAT1	SRR9835746	2.0222265218990247
EWSAT1	SRR9835747	1.0053946904725954
EWSAT1	SRR9835748	1.0308527658417086
EWSAT1	SRR9835749	4
EWSAT1	SRR9835750	1.008417985799797
EWSAT1	SRR9835751	1.008299317554985
EWSAT1	SRR9835752	1.0409710004872161
EWSAT1	SRR9835753	2.0219792658212135
EWSAT1	SRR9835754	4.005461805328575
EWSAT1	SRR9835755	2.0300197276701866
EWSAT1	SRR9835756	2.0937704326622364
EWSAT1	SRR9835757	1.0040544375604268
EWSAT1	SRR9835758	1.0058487323132066
EWSAT1	SRR9835759	1.0066479516880693
EWSAT1	SRR9835760	2
EWSAT1	SRR9835761	1.0001799142310437
EWSAT1	SRR9835762	1.102947594059923
EWSAT1	SRR9835763	1.002940598112091
EWSAT1	SRR9835764	2.0054655342432564
EWSAT1	SRR9835765	11.634091511174624
EWSAT1	SRR9835766	4.106131359787679
EWSAT1	SRR9835767	3.112363041864863
EWSAT1	SRR9835768	1
EWSAT1	SRR9835769	1
EWSAT1	SRR9835770	2.040547515463723
EWSAT1	SRR9835771	4.021934620644985
EWSAT1	SRR9835772	2.0255123176144934
EWSAT1	SRR9835773	4
EWSAT1	SRR9835774	2.07117167594975
EWSAT1	SRR9835775	5.025931754705508
EWSAT1	SRR9835776	1.0032740821844481
EWSAT1	SRR9835777	1.002446897019748
EWSAT1	SRR9835778	1.0042826021444868
EWSAT1	SRR9835779	1.0071022645360526
EWSAT1	SRR9835780	2.0032072333117257
EWSAT1	SRR9835781	3.0767493010203446
EWSAT1	SRR9835782	2.0101274839122625
EWSAT1	SRR9835783	5
EWSAT1	SRR9835784	3.012438681081086
EWSAT1	SRR9835785	3.1325582714541937
EWSAT1	SRR9835786	2.01985968704001
EWSAT1	SRR9835787	1.0028963741606889
EWSAT1	SRR9835788	1.001681633149913
EWSAT1	SRR9835789	1
EWSAT1	SRR9835790	1.0072834565655588
EWSAT1	SRR9835791	2.0557312482647028
EWSAT1	SRR9835792	0.9947153112826297
EWSAT1	SRR9835793	2.00410456835929
EWSAT1	SRR9835794	2.0003598284620874
EWSAT1	SRR9835795	2.114786578089573
EWSAT1	SRR9835796	1.0057952709257163
EWSAT1	SRR9835797	6
EWSAT1	SRR9835798	3.004861181572238
EWSAT1	SRR9835799	1.0020388684400043
EWSAT1	SRR9835800	2.0023706476889442
EWSAT1	SRR9835801	1.0050669824037204
EWSAT1	SRR9835802	1.004026982007113
EWSAT1	SRR9867812	3.9594665813582433
EWSAT1	SRR9867813	7.341363813437304
EWSAT1	SRR9867814	2.4768418566395494
EWSAT1	SRR9867815	1.468926531457868
EWSAT1	SRR9867816	3
EWSAT1	SRR9867817	1.0130692804155355
EWSAT1	SRR9867818	2
EWSAT1	SRR9867819	3.1097615257761935
EWSAT1	SRR9867820	1
EWSAT1	SRR9867821	6
EWSAT1	SRR9867822	6.06149237730236
EWSAT1	SRR9867823	1.8966471829134188
EWSAT1	SRR9867824	1.8004372245027127
EWSAT1	SRR9867825	2.4076204256503697
EWSAT1	SRR9867826	2.668412191749253
EWSAT1	SRR9867827	7.9313479734683
EWSAT1	SRR9867828	1.0107911391691837
EWSAT1	SRR9867829	4.241722657229265
EWSAT1	SRR9867830	5
EWSAT1	SRR9867831	4.026416466411268
EWSAT1	SRR9879292	0.5314585139490635
EWSAT1	SRR9879293	1.014555769133056
EWSAT1	SRR9879294	1.0200688164522311
EWSAT1	SRR9879295	1.0197229922840128
EWSAT1	SRR9879296	1.0119752694496373
EWSAT1	SRR9879297	1.0154935544904835
EWSAT1	SRR9879298	1.010653880234263
EWSAT1	SRR9879299	1.002913173016367
EWSAT1	SRR9879300	1.0146608527462948
EWSAT1	SRR9879301	1.000359860831218
EWSAT1	SRR9879302	3.031024323468404
EWSAT1	SRR9879303	1.0041769234190894
EWSAT1	SRR9879304	1.0167059661554507
EWSAT1	SRR9879305	1.010080666465452
EWSAT1	SRR9879306	1
EWSAT1	SRR9879307	0.7185907521193264
EWSAT1	SRR9879308	1.011384661421074
EWSAT1	SRR9879309	3.031970528074973
EWSAT1	T50_307	1.0053671982704868
EWSAT1	T50_313	1.016019416300132
EWSAT1	T50_317	2.032813753462841
EWSAT1	T50_324	1.0105775508373083
EWSAT1	T50_427	5.078269611177232
EWSAT1	T50_428	4.026164006443586
EWSAT1	T50_431	9.042747587973404
EWSAT1	T50_436	6.043100172198197
EWSAT1	T50_476	19.13838567474562
EWSAT1	UN_307	1.0128719438885714
EWSAT1	UN_313	1.0139486719753832
EWSAT1	UN_317	1.007999716801276
EWSAT1	UN_323	3.027139392931112
EWSAT1	UN_324	1.0213963291259884
EWSAT1	UN_427	4.030817188648316
EWSAT1	UN_428	5.0494468754732615
EWSAT1	UN_431	11.100176901353736
EWSAT1	UN_436	4.02840905814421
EWSAT1	UN_476	15.133067476111226
