Gene	sample	counts
GPSM2	CM317	82.06853357897384
GPSM2	CMCD140	163.52487928115465
GPSM2	CMCD147	18.72821863904486
GPSM2	CMCD152	283
GPSM2	CMCD154	147.44530173866966
GPSM2	CMCD159	18.467171716430848
GPSM2	CMCD161	158.48394579854926
GPSM2	CMCD174	1.092629434806816
GPSM2	CMCD196	77.70760819560475
GPSM2	CMCD198	144.12940399690658
GPSM2	CMCD203	672.1703396063115
GPSM2	CMCD211	473.99343150003705
GPSM2	CMCD227	426.6753508148635
GPSM2	CMCD240	997.853559773328
GPSM2	CMCD259	526
GPSM2	CMCD270	191.99144537758755
GPSM2	CMCD275	105.89660258068257
GPSM2	CMCD282	59.77648642858661
GPSM2	CMCD286	880.2985858989342
GPSM2	CMCD287	827
GPSM2	CMCD294	55.32550429635818
GPSM2	CMCD327	100.51387872752835
GPSM2	CMCD335	100.47054282731729
GPSM2	CMCD337	142.9477527474639
GPSM2	CMCD357	18.38070835535633
GPSM2	CMCD398	57.34213438897755
GPSM2	CMCD403	55.39495523781192
GPSM2	CMCD422	124.25869939159962
GPSM2	CMCD426	15.59665745652873
GPSM2	CMCD71	113.72165179013453
GPSM2	CMCD72	11.510750061651917
GPSM2	CMCD76	271.62254497540255
GPSM2	CMCD88	383.06890715048974
GPSM2	CMSA256	289
GPSM2	CMSA316	170.378112436464
GPSM2	CMUC110	437
GPSM2	CMUC192	45.60572023858263
GPSM2	CMUC199	50.38118286540759
GPSM2	CMUC200	177.414429828786
GPSM2	CMUC208	81.19819865859958
GPSM2	CMUC231	782
GPSM2	CMUC234	520
GPSM2	CMUC285	49.54521993479389
GPSM2	CMUC291	60.39626216130641
GPSM2	CMUC295	255.22947320071526
GPSM2	CMUC299	286.8371312507253
GPSM2	CMUC301	454.24508727208126
GPSM2	CMUC307	163.44991052730413
GPSM2	CMUC313	98.99393242926604
GPSM2	CMUC314	25.340316308060952
GPSM2	CMUC323	58.373979692806536
GPSM2	CMUC324	181.1628809777626
GPSM2	CMUC331	47.430400685818725
GPSM2	CMUC333	198.50831827674892
GPSM2	CMUC334	182.70234128862947
GPSM2	CMUC346	68.73775811139153
GPSM2	CMUC352	118.7143679281398
GPSM2	CMUC360	66.0950545536734
GPSM2	CMUC363	47.21327611439911
GPSM2	CMUC365	75.50192558024288
GPSM2	CMUC366	109.36504033233949
GPSM2	CMUC368	300
GPSM2	CMUC377	157.64085733673033
GPSM2	CMUC379	22.486933692518246
GPSM2	CMUC380	44.804162671587434
GPSM2	CMUC383	20.285719532928226
GPSM2	CMUC394	117.89173809641474
GPSM2	CMUC419	90.19553420202315
GPSM2	CMUC427	305
GPSM2	CMUC428	112.71087056547496
GPSM2	CMUC431	142.26392401398638
GPSM2	CMUC435	105.52703956055244
GPSM2	CMUC439	102.65648297331042
GPSM2	CMUC89	398
GPSM2	CS219	188.46577779521252
GPSM2	CS256	107.24501777509892
GPSM2	CS257	37.2105240361888
GPSM2	CS259	147.22720485041515
GPSM2	CS261	32.76233714188569
GPSM2	CS266	38.32388313182171
GPSM2	CS270	106.36599792663341
GPSM2	CS277	102.26291635795387
GPSM2	CS288	67.60405378643932
GPSM2	CS290	137.08686664793404
GPSM2	CS292	49.68499703538214
GPSM2	CS293	57.96036972897561
GPSM2	CS301	99.59434683489961
GPSM2	CS306	59.2151081045659
GPSM2	CS308	47.222524299485514
GPSM2	CS315	52.42893241193475
GPSM2	CS317	155.4832767073711
GPSM2	CS322	67.89905507633512
GPSM2	CS327	263.24721883580753
GPSM2	CS328	76.0773236042653
GPSM2	CS330	38.76702077885594
GPSM2	CS331	52.977579424708665
GPSM2	CS335	22.211731047985435
GPSM2	CS338	18.554988639265396
GPSM2	CS339	23.415095478069354
GPSM2	CS343	58.4685768932449
GPSM2	CS344	141.97837585277725
GPSM2	CS350	33.766854636182785
GPSM2	CS351	36.2992282035417
GPSM2	CS361	43.00759654126383
GPSM2	CS388	32.08386175473722
GPSM2	CS396	125.35207075151307
GPSM2	CS405	25.634311371637267
GPSM2	CS415	47.383548510061495
GPSM2	CS424	7.2633537302380775
GPSM2	IM293	68.36267926691215
GPSM2	IM296	61.91480101988772
GPSM2	IM297	31.864326742082064
GPSM2	IM300	471
GPSM2	IM305	60.60300512635602
GPSM2	IM309	59.82162943375187
GPSM2	IM310	66.90814547252563
GPSM2	IM311	47.5864155955745
GPSM2	IM316	91.47195793564025
GPSM2	IM320	29.333072669829672
GPSM2	IM330	54.57210183118677
GPSM2	IM332	44.31612544218095
GPSM2	IM340	84.50241174200424
GPSM2	IM348	40.44149704555722
GPSM2	IM354	97.70312288754499
GPSM2	IM356	44.37884230770358
GPSM2	IM364	49.8519474906643
GPSM2	IM372	57.99946163636079
GPSM2	IM374	40.92860967689866
GPSM2	IM376	53.804222162518336
GPSM2	IM381	42.527343221953586
GPSM2	IM382	37.14626165705627
GPSM2	IM385	395
GPSM2	IM390	11.31574179170834
GPSM2	IM397	83.94492689794914
GPSM2	IM404	155.4467898646063
GPSM2	IM409	65.37238438549882
GPSM2	IM412	68
GPSM2	IM421	108.7011356222004
GPSM2	IM425	82.23644255850384
GPSM2	IM432	27.092373472284212
GPSM2	IM438	117
GPSM2	IM442	47.96004749346289
GPSM2	IM445	86.99371255474814
GPSM2	IM448	38.87497246997084
GPSM2	IM449	44.37164977574002
GPSM2	IM451	46.238572143290675
GPSM2	IMSA256	128.52470029691608
GPSM2	IMSA276	234
GPSM2	IMSA286	400
GPSM2	IMSA343	59.738726425936036
GPSM2	IS_238	510
GPSM2	IS238	590.1415237486315
GPSM2	IS243	670
GPSM2	IS253	406
GPSM2	IS283	229
GPSM2	IS322	89.94693543132246
GPSM2	IS399	69.50045425567771
GPSM2	IS418	74.44307498946404
GPSM2	IS430	65.08529038982498
GPSM2	IS437	87.66130867667452
GPSM2	IS444	92.36862531578821
GPSM2	R276CMSA	8.519404246320445
GPSM2	R286CMSA	381
GPSM2	R292CMSA	60.25245724497168
GPSM2	R292IMSA	24.76812659614842
GPSM2	R308CMSA	81.34694371459452
GPSM2	R316IMSA	107.08583066768233
GPSM2	R347CMSA	37.378070715211074
GPSM2	R347IMSA	52.205016072627856
GPSM2	R371CMSA	117.46756595323241
GPSM2	SRR10104064	23.374737081645154
GPSM2	SRR10104065	58.34020367606954
GPSM2	SRR10104066	51.95657303583399
GPSM2	SRR10104067	64.46519964803541
GPSM2	SRR10104068	62.28963154563644
GPSM2	SRR10104069	61.700938947921884
GPSM2	SRR10104070	40.153875627732795
GPSM2	SRR10104071	9.295868238155471
GPSM2	SRR10104072	25.721357755074145
GPSM2	SRR10104073	55.42929674941314
GPSM2	SRR10104074	8.797778566351385
GPSM2	SRR10104075	17.321313428400867
GPSM2	SRR10104076	60.64161416347588
GPSM2	SRR10104077	23.185579873687544
GPSM2	SRR10104078	27.08995644203759
GPSM2	SRR10104079	22.94998860969742
GPSM2	SRR10104080	11.254280913603065
GPSM2	SRR10104081	49.77878729142181
GPSM2	SRR10104082	21.71294520562148
GPSM2	SRR10104083	25.574320954581985
GPSM2	SRR10104084	19.262234787039695
GPSM2	SRR10104085	40.899408519517344
GPSM2	SRR10104086	28.698124435437105
GPSM2	SRR10104087	154.49430995430808
GPSM2	SRR10104088	72.65655574510505
GPSM2	SRR10104089	17.080686173464052
GPSM2	SRR10104090	62.61683510424612
GPSM2	SRR10104091	23.98742007283733
GPSM2	SRR10104092	61.77868704071966
GPSM2	SRR10104093	21.730195467832928
GPSM2	SRR10104094	16.55110531927751
GPSM2	SRR10104095	31.665889758381706
GPSM2	SRR10104096	17.249990743701154
GPSM2	SRR10104097	19.177793275333954
GPSM2	SRR10104098	41.19866176521393
GPSM2	SRR10104099	24.11124084861724
GPSM2	SRR10104100	46.317602519722534
GPSM2	SRR10104101	108.60251227736717
GPSM2	SRR10104102	68.02871588763134
GPSM2	SRR10104103	26.332742526184795
GPSM2	SRR10104104	68.03957219871293
GPSM2	SRR10104105	18.424463803651097
GPSM2	SRR10104106	9.069688298182108
GPSM2	SRR10104107	108.025940441425
GPSM2	SRR10104108	102.69970371933094
GPSM2	SRR10104109	8.978461953804736
GPSM2	SRR10104110	10.73880934395788
GPSM2	SRR10104111	34.088046613734406
GPSM2	SRR10104112	10.708851519622819
GPSM2	SRR10104113	23.834564611117194
GPSM2	SRR10104114	5.876554412066958
GPSM2	SRR10104115	10.333076060796385
GPSM2	SRR10104116	28.285826163527563
GPSM2	SRR10104117	36.37524667731986
GPSM2	SRR10104118	18.36784376619461
GPSM2	SRR10104119	5.961048425332322
GPSM2	SRR10104120	29.79575137506298
GPSM2	SRR10104121	22.77590725840068
GPSM2	SRR10104122	15.303331484197743
GPSM2	SRR10104123	10.85068060584876
GPSM2	SRR10104124	11.194016065014738
GPSM2	SRR10104125	35.303430683845356
GPSM2	SRR10104126	33.29148750984727
GPSM2	SRR10104127	8.327621054889168
GPSM2	SRR10104128	49.38998965252111
GPSM2	SRR10104129	36.95130952120104
GPSM2	SRR10104130	40.64198864964647
GPSM2	SRR10104131	78.88559208642593
GPSM2	SRR10104132	78.56439190613197
GPSM2	SRR10104133	12.845914526227016
GPSM2	SRR10104134	46.368920837818195
GPSM2	SRR10104135	24.305435500215772
GPSM2	SRR10104136	45.67740518110052
GPSM2	SRR10104137	16.667315027869932
GPSM2	SRR10104138	7.192275237387083
GPSM2	SRR10104139	63.717210969397996
GPSM2	SRR10104140	12.603275145017111
GPSM2	SRR10104141	31.83654623127884
GPSM2	SRR10104142	32.63528800533348
GPSM2	SRR10104143	88.7210290076227
GPSM2	SRR10104144	23.34383065591793
GPSM2	SRR10104145	22.35513346052984
GPSM2	SRR10104146	73.70286335867763
GPSM2	SRR10104147	171.29224320123828
GPSM2	SRR10104148	28.434957304460713
GPSM2	SRR10104149	29.342600362288366
GPSM2	SRR10104150	116.33998982914888
GPSM2	SRR10104151	137.0417413895914
GPSM2	SRR10104152	129.7253875909891
GPSM2	SRR10104153	11.050859670242813
GPSM2	SRR10104154	35.04246673928159
GPSM2	SRR10104155	29.44633716898667
GPSM2	SRR10104156	109.44331955542056
GPSM2	SRR10104157	19.953028686512134
GPSM2	SRR10104158	47.968176685551036
GPSM2	SRR10104159	68.86174931048066
GPSM2	SRR10104160	19.187360025961848
GPSM2	SRR10104161	145.2502415126929
GPSM2	SRR10104162	57.14696933141543
GPSM2	SRR10104163	45.33266386686936
GPSM2	SRR10104164	47.92495291040124
GPSM2	SRR10104165	39.48654111328028
GPSM2	SRR10104166	30.192201330045513
GPSM2	SRR10104167	60.335791902801596
GPSM2	SRR10104168	39.102144108312956
GPSM2	SRR10104169	37.92181204692486
GPSM2	SRR10104170	46.35911036931194
GPSM2	SRR10104171	31.747223161112466
GPSM2	SRR10104172	38.26715329729136
GPSM2	SRR10104173	35.03968149720107
GPSM2	SRR10104174	52.744530285603965
GPSM2	SRR10104175	34.770480761885814
GPSM2	SRR10104176	48.062343500824504
GPSM2	SRR10104177	38.967345356175194
GPSM2	SRR10104178	43.62522043271773
GPSM2	SRR10104179	60.029016403176996
GPSM2	SRR10104180	34.74823482296472
GPSM2	SRR10104181	46.21706010294912
GPSM2	SRR10104182	67.30555795652451
GPSM2	SRR10104183	30.407451041123853
GPSM2	SRR10104184	45.962922597777194
GPSM2	SRR10104185	22.375547845376037
GPSM2	SRR10104186	41.33630861831027
GPSM2	SRR10104187	15.116608922003921
GPSM2	SRR10104188	23.222897257731876
GPSM2	SRR10104189	32.904481666792194
GPSM2	SRR10104190	20.683829801998773
GPSM2	SRR10104191	13.70554510100051
GPSM2	SRR10104192	52.33521837560715
GPSM2	SRR10104193	36.40981278429277
GPSM2	SRR10104194	41.73793932239734
GPSM2	SRR10104195	26.063205464260665
GPSM2	SRR10104196	66.62959163166589
GPSM2	SRR10104197	36.60997044658759
GPSM2	SRR10104198	43.0899758589023
GPSM2	SRR10104199	15.183732329577339
GPSM2	SRR10104200	41.43043935607079
GPSM2	SRR10104201	63.630389943109314
GPSM2	SRR10104202	13.88978917884679
GPSM2	SRR10104203	53.18141963695635
GPSM2	SRR10104204	41.26446132045593
GPSM2	SRR10104205	30.809453039074427
GPSM2	SRR10104206	38.07368099975298
GPSM2	SRR10104207	51.64492879592901
GPSM2	SRR10104208	41.7252669098346
GPSM2	SRR10104209	28.649563896115858
GPSM2	SRR10104210	48.24382656739097
GPSM2	SRR10104211	45.84598219445942
GPSM2	SRR10104212	40.75141860828089
GPSM2	SRR10104213	30.76100687148266
GPSM2	SRR10104214	47.39153858454886
GPSM2	SRR10104215	68.72940853464046
GPSM2	SRR10104216	16.99489248057493
GPSM2	SRR10104217	52.27556269060924
GPSM2	SRR10104218	31.966939295851212
GPSM2	SRR10104219	42.610593388169924
GPSM2	SRR10104220	40.3872037849935
GPSM2	SRR10104221	29.443949083191928
GPSM2	SRR10104222	19.735921901602218
GPSM2	SRR10104223	9.441337763935373
GPSM2	SRR10104224	26.66298260861073
GPSM2	SRR10104225	43.32973579749004
GPSM2	SRR10104226	46.76746067708943
GPSM2	SRR10104227	37.7278588378726
GPSM2	SRR10104228	16.84815783024902
GPSM2	SRR10104229	89.21311349886658
GPSM2	SRR10104230	20.977429409526827
GPSM2	SRR10104231	28.03385032439654
GPSM2	SRR10104232	26.528786120185956
GPSM2	SRR10104233	54.74389178421679
GPSM2	SRR10104234	49.1247777411917
GPSM2	SRR10104235	39.67927796883405
GPSM2	SRR10104236	228.10334403421723
GPSM2	SRR10104237	78.42948938348316
GPSM2	SRR10104238	42.87906774853478
GPSM2	SRR10104239	14.887014149227285
GPSM2	SRR10104240	24.72403381022158
GPSM2	SRR10104241	16.655046283128314
GPSM2	SRR10104242	35.16592212078202
GPSM2	SRR10104243	30.99371176557069
GPSM2	SRR10104244	31.196447630860526
GPSM2	SRR10104245	36.463411678155126
GPSM2	SRR10104246	15.523599977779645
GPSM2	SRR10104247	60.303405247815604
GPSM2	SRR10104248	48.44381509917698
GPSM2	SRR10104249	50.3392477672076
GPSM2	SRR10104250	16.20076573974064
GPSM2	SRR10104251	56.54416846171141
GPSM2	SRR10104252	8.287136004824674
GPSM2	SRR10104253	13.198950784118521
GPSM2	SRR10104254	53.9484239270962
GPSM2	SRR10104255	50.53098307005896
GPSM2	SRR10104256	63.830500175694155
GPSM2	SRR10104257	41.52491287258771
GPSM2	SRR10104258	72.16427044383362
GPSM2	SRR10224277	40.982634552845234
GPSM2	SRR10224278	4.377139276030025
GPSM2	SRR10224279	1.0908476973919505
GPSM2	SRR10224280	5.114176072205269
GPSM2	SRR10224281	60.970869292828745
GPSM2	SRR10224282	22.064365948522326
GPSM2	SRR10224283	17.72113435054317
GPSM2	SRR10224284	1.1113405704367834
GPSM2	SRR10224285	1.1302600125483513
GPSM2	SRR10224286	33.84060075229788
GPSM2	SRR10224287	19.649923047577946
GPSM2	SRR10224288	1.0982502736059643
GPSM2	SRR10224289	1.095574558517596
GPSM2	SRR10224290	2.1959877980255023
GPSM2	SRR10224291	25.781471611917574
GPSM2	SRR10224292	34.40458018922115
GPSM2	SRR10224293	19.585683878419765
GPSM2	SRR10224294	1.0583494992707134
GPSM2	SRR10224295	1.0871371976243258
GPSM2	SRR10224296	9.495956445340338
GPSM2	SRR10224297	2.2596474381991665
GPSM2	SRR10224298	26.864940551293902
GPSM2	SRR10318388	492.6990424553741
GPSM2	SRR10318389	562.6924368772973
GPSM2	SRR10318390	237.94907652881395
GPSM2	SRR10318391	397.7899938399426
GPSM2	SRR10318392	211.96073832224113
GPSM2	SRR10318393	370.07496084303943
GPSM2	SRR10318394	287.86288700974865
GPSM2	SRR10318395	312.4157246049778
GPSM2	SRR10318396	439.59860958069385
GPSM2	SRR10318397	447.6983449178713
GPSM2	SRR10318398	252.904898396732
GPSM2	SRR10318399	91.37002627845396
GPSM2	SRR10318400	128.90880328906624
GPSM2	SRR10318401	513.8925996559259
GPSM2	SRR10318402	296.271469082914
GPSM2	SRR10318403	453.2375107339136
GPSM2	SRR10318404	399.71174394074524
GPSM2	SRR10318405	478.202873293411
GPSM2	SRR10318406	252.1733536470757
GPSM2	SRR10318407	502.9782075723324
GPSM2	SRR10318408	536.6550820822513
GPSM2	SRR10318409	795.5203698107157
GPSM2	SRR10318410	504.07458776630745
GPSM2	SRR10318411	533.9665293299855
GPSM2	SRR10318412	278.3717371213609
GPSM2	SRR10318413	426.6759012770067
GPSM2	SRR10318414	534.2107181319649
GPSM2	SRR10318415	433.84648319205104
GPSM2	SRR10318416	478.8005070435434
GPSM2	SRR10318417	261.9053239423961
GPSM2	SRR10318418	698.665374644931
GPSM2	SRR10318419	548.2304816059979
GPSM2	SRR10318420	479.87715644326306
GPSM2	SRR10318421	747.6124704272214
GPSM2	SRR10318422	403.87092669199666
GPSM2	SRR10318423	398.6382394290334
GPSM2	SRR10318424	721.5359419407293
GPSM2	SRR10318425	253.67120597765285
GPSM2	SRR10318426	35.05838587256307
GPSM2	SRR10318427	25.489805197555345
GPSM2	SRR10318428	453.63241641074814
GPSM2	SRR10318429	320.28800064873127
GPSM2	SRR10318430	238.08883924817806
GPSM2	SRR10318431	187.98388281262865
GPSM2	SRR10318432	324.58339427700025
GPSM2	SRR10318433	3.826583247221397
GPSM2	SRR10318434	467.476525465988
GPSM2	SRR10318435	303.8334757966347
GPSM2	SRR10318436	321.9110923307436
GPSM2	SRR10318437	480.3455285578818
GPSM2	SRR10318438	316.4078573247259
GPSM2	SRR10318439	882.6325949135145
GPSM2	SRR10318440	301.7567937405817
GPSM2	SRR10318441	572.6031615226093
GPSM2	SRR10318442	255.21612043087438
GPSM2	SRR10318443	710.6481571280519
GPSM2	SRR10318444	413.60496133403797
GPSM2	SRR10318445	342.1999051016494
GPSM2	SRR10318446	628.5103629739124
GPSM2	SRR10318447	511.43511263376803
GPSM2	SRR10318448	413.9499369091368
GPSM2	SRR10318449	520.0909653829892
GPSM2	SRR10318450	353.90007205949547
GPSM2	SRR10318451	534
GPSM2	SRR10318452	601.7955410549467
GPSM2	SRR10318453	271.35412625745
GPSM2	SRR10318454	591.8236881903066
GPSM2	SRR10318455	620.7960466184513
GPSM2	SRR10318456	435.89778368326887
GPSM2	SRR10318457	491.8106474005061
GPSM2	SRR10318458	436.62919036154545
GPSM2	SRR10318459	463.0687569203958
GPSM2	SRR10318460	494.99392742347175
GPSM2	SRR10318461	529.8959775931528
GPSM2	SRR10318462	556.768777247536
GPSM2	SRR10318463	506.6155839240625
GPSM2	SRR10318464	442.8104213813221
GPSM2	SRR10318465	380.38198692821834
GPSM2	SRR10318466	425.0300108251388
GPSM2	SRR10318467	436.24088386074067
GPSM2	SRR10318468	324.1864345534776
GPSM2	SRR10318469	402.49839278341005
GPSM2	SRR10318470	456
GPSM2	SRR10318471	550
GPSM2	SRR10318472	486.1750925931576
GPSM2	SRR10318473	367.4464392091661
GPSM2	SRR10318474	327.3961282991027
GPSM2	SRR10318475	402.64488191562566
GPSM2	SRR10318476	491.8179293400297
GPSM2	SRR10318495	446.5286544346346
GPSM2	SRR10318496	429.8080642188805
GPSM2	SRR10318497	309.7781885368162
GPSM2	SRR10318498	529.4996604501607
GPSM2	SRR10318499	311.3781541437841
GPSM2	SRR10318500	226.3115204336237
GPSM2	SRR10318501	328.6122737525972
GPSM2	SRR10318502	326.1759877768689
GPSM2	SRR10318503	275.52415777245506
GPSM2	SRR10318504	366.48309904145856
GPSM2	SRR10318505	348.2505082044643
GPSM2	SRR10318506	423.07455680831384
GPSM2	SRR10318507	332.02810651434623
GPSM2	SRR10318508	129.93292931301548
GPSM2	SRR10318509	181.26982983825778
GPSM2	SRR10318510	315.5432231520377
GPSM2	SRR10318511	448.56451564866467
GPSM2	SRR10318512	293.2558268286673
GPSM2	SRR10318513	571.926409560493
GPSM2	SRR10318514	322.49376925683976
GPSM2	SRR10318515	428.1542618033231
GPSM2	SRR10318516	516.1018802291865
GPSM2	SRR10318517	494.3321426336515
GPSM2	SRR10318518	390.8482191649375
GPSM2	SRR10318519	431.06981941020666
GPSM2	SRR10318520	465.9353326208349
GPSM2	SRR10318521	597.186788880384
GPSM2	SRR10318522	326.45511644570394
GPSM2	SRR10318523	529.2129289557658
GPSM2	SRR10318524	326.5703863332683
GPSM2	SRR10318525	385.4257101158422
GPSM2	SRR10318526	411.71332274458405
GPSM2	SRR10318527	517.1860480497397
GPSM2	SRR10318528	404.0396629902039
GPSM2	SRR10318529	582.3168800747711
GPSM2	SRR10318530	464.1790597388791
GPSM2	SRR10318531	195.75829303933756
GPSM2	SRR10318532	378.18904514810407
GPSM2	SRR10318533	325.52174750585743
GPSM2	SRR10318534	160.82501044373137
GPSM2	SRR10318535	300.67757624975917
GPSM2	SRR10318536	530.1892078702712
GPSM2	SRR10318537	308.3801175193835
GPSM2	SRR10318538	406.77384747496995
GPSM2	SRR10318539	412.0686881647072
GPSM2	SRR10318540	357.97511581672933
GPSM2	SRR10318541	274.0128368359927
GPSM2	SRR10318542	432.5592789228353
GPSM2	SRR10318543	400.0516787261812
GPSM2	SRR10318544	525.3192482594924
GPSM2	SRR10318545	249.19879545873593
GPSM2	SRR10318546	390.56168599897927
GPSM2	SRR10318547	353.4330820465495
GPSM2	SRR10318548	411.01657481593963
GPSM2	SRR10318549	406.8996946746746
GPSM2	SRR10318568	363.1619493731138
GPSM2	SRR10318569	489.44004860843046
GPSM2	SRR10318570	357.8917255097073
GPSM2	SRR10318571	496.4463478727638
GPSM2	SRR10318572	397.91060253249844
GPSM2	SRR10318573	543.8392668964315
GPSM2	SRR10318574	263.65408196783517
GPSM2	SRR10318575	327.57286976160225
GPSM2	SRR10318576	484.11359589882755
GPSM2	SRR10318577	276.8276368757917
GPSM2	SRR10318578	492.44274829314475
GPSM2	SRR10318579	773.4429208890059
GPSM2	SRR10318580	473.6812243013261
GPSM2	SRR10318581	524
GPSM2	SRR10875803	219.52876989690716
GPSM2	SRR10875804	226.7471817336021
GPSM2	SRR10875805	168.9755924768927
GPSM2	SRR10875806	241.04705580066658
GPSM2	SRR10875807	354.7132489885888
GPSM2	SRR10875808	337.93183937785994
GPSM2	SRR10875809	178.36256552322638
GPSM2	SRR10875810	279.28933600787906
GPSM2	SRR10875812	313
GPSM2	SRR10875813	340.3668738294991
GPSM2	SRR10875814	540.1903356279648
GPSM2	SRR10875815	403
GPSM2	SRR10875816	455
GPSM2	SRR10875817	249.3708704689957
GPSM2	SRR10875818	255.84455944722146
GPSM2	SRR10875819	403
GPSM2	SRR10875820	283.824834941532
GPSM2	SRR10875821	554.7371773280926
GPSM2	SRR10875822	191.90519415331258
GPSM2	SRR10875823	447
GPSM2	SRR10875824	257.3151597423632
GPSM2	SRR10875825	350.64092850760346
GPSM2	SRR10875826	282.92722446266856
GPSM2	SRR10875827	236.4059903003765
GPSM2	SRR10875829	290.41372627039726
GPSM2	SRR10875830	291
GPSM2	SRR10875831	287.03964467166634
GPSM2	SRR10875832	342
GPSM2	SRR10875834	392.3387492629142
GPSM2	SRR10875835	471
GPSM2	SRR10875836	262.0725439935579
GPSM2	SRR10875837	224.35395386329043
GPSM2	SRR10875838	376
GPSM2	SRR10875839	197.97229074575048
GPSM2	SRR10875840	205.08377726438536
GPSM2	SRR10875841	234.90647537125625
GPSM2	SRR10875842	166.83064308718846
GPSM2	SRR10875843	210.8545786309901
GPSM2	SRR10875844	206.57753063866957
GPSM2	SRR10875845	310.82651580257635
GPSM2	SRR10875846	152.93285402699814
GPSM2	SRR10875847	142.0438042033252
GPSM2	SRR10875848	364
GPSM2	SRR10875849	570.7714367997448
GPSM2	SRR10875850	290.05217512700267
GPSM2	SRR10875851	374.59944323272106
GPSM2	SRR10875852	284.1043704161361
GPSM2	SRR10875853	369.8363661748546
GPSM2	SRR10875854	271.76710954288404
GPSM2	SRR10875855	263.45084254148514
GPSM2	SRR10875856	273.5562140971602
GPSM2	SRR10875857	222.73012198011085
GPSM2	SRR10875858	432.32031457476245
GPSM2	SRR10875859	322
GPSM2	SRR10875860	305.66439455113505
GPSM2	SRR10875861	230.71778838716557
GPSM2	SRR10875862	266.215584138311
GPSM2	SRR10875863	234.27520952643954
GPSM2	SRR10875864	369
GPSM2	SRR10875865	351.7554863510664
GPSM2	SRR10875866	296.1316119231524
GPSM2	SRR10875867	286.2574232570698
GPSM2	SRR10875868	332.8000578287001
GPSM2	SRR10875869	216
GPSM2	SRR10875870	308.85398373151656
GPSM2	SRR10875871	291.0523550412337
GPSM2	SRR10875872	202.35266878870743
GPSM2	SRR10875873	330.13358242174314
GPSM2	SRR10875874	187.06331705415204
GPSM2	SRR10875875	430.21673368969016
GPSM2	SRR10875876	357
GPSM2	SRR10875877	355.2687992937792
GPSM2	SRR10875878	487.8516231015945
GPSM2	SRR10875879	408
GPSM2	SRR10875880	407.6461016495333
GPSM2	SRR10875881	328.2265054722441
GPSM2	SRR10875882	432
GPSM2	SRR10875883	501.2342093312974
GPSM2	SRR10875884	401.5671962976969
GPSM2	SRR10875885	202.38501770922153
GPSM2	SRR10875886	214.6112393517274
GPSM2	SRR10875887	281
GPSM2	SRR10875888	124.42029928418334
GPSM2	SRR10875889	586.3259463747695
GPSM2	SRR10875890	366.8295664498558
GPSM2	SRR10875891	258
GPSM2	SRR10875892	329.3484594696655
GPSM2	SRR10875893	313
GPSM2	SRR10875894	171.74395873745814
GPSM2	SRR10875895	371
GPSM2	SRR10875896	419.1962908725522
GPSM2	SRR10875897	274.7152653319599
GPSM2	SRR10875898	386.9311740587112
GPSM2	SRR10875899	316.0600320110967
GPSM2	SRR10875900	295.12181270438197
GPSM2	SRR10875901	359.7943104754378
GPSM2	SRR10875902	511.3637980952844
GPSM2	SRR12430469	290
GPSM2	SRR12430470	287.2124524577358
GPSM2	SRR12430471	265.71206968900833
GPSM2	SRR12430472	416.45270527184766
GPSM2	SRR12430473	338
GPSM2	SRR12430474	603.1037668063861
GPSM2	SRR12430475	469.99005821001987
GPSM2	SRR12430476	480
GPSM2	SRR12765534	319
GPSM2	SRR12765535	450.19339774651843
GPSM2	SRR12765536	244.12487143426816
GPSM2	SRR12765537	338.42831350919164
GPSM2	SRR12765538	157.21312211137155
GPSM2	SRR12765539	300.1411281479968
GPSM2	SRR12765540	314.98353811230317
GPSM2	SRR12765541	429.12405181388743
GPSM2	SRR12765542	315
GPSM2	SRR12765543	189.05334153789107
GPSM2	SRR12765544	182.08890061184636
GPSM2	SRR12765545	249.33839102306396
GPSM2	SRR12765546	228.717277894256
GPSM2	SRR12765547	642.1633932203838
GPSM2	SRR12765548	335.7311996820207
GPSM2	SRR12765549	545.1513596820317
GPSM2	SRR12765550	182.0205492016247
GPSM2	SRR12765551	485.63496711037794
GPSM2	SRR12765552	220.81611217700376
GPSM2	SRR12765553	335.37680076033286
GPSM2	SRR12765554	286.87861322086786
GPSM2	SRR12765555	361.3561990321039
GPSM2	SRR12765556	505.7186466409815
GPSM2	SRR12765557	344.59097333650146
GPSM2	SRR12765558	201.91962232519495
GPSM2	SRR12765559	366.69760634443105
GPSM2	SRR12765560	181.43803213593884
GPSM2	SRR12765561	210.59604171170142
GPSM2	SRR12765562	171.6601478572313
GPSM2	SRR12765563	201.46225924041812
GPSM2	SRR12765564	403.8531182911121
GPSM2	SRR12765565	232.98981830986247
GPSM2	SRR12765566	328.3498898657267
GPSM2	SRR12765567	369.8508876162596
GPSM2	SRR12765568	392.03759604667573
GPSM2	SRR12765569	475.4087795063764
GPSM2	SRR12765570	485.45953671582464
GPSM2	SRR12765571	296.27830608504945
GPSM2	SRR12765572	304.0017962901525
GPSM2	SRR12765573	108.63127180643039
GPSM2	SRR12765574	178.23184977713981
GPSM2	SRR12765575	289.8551439628676
GPSM2	SRR12765576	182.43979331759908
GPSM2	SRR12765577	206.06317661842107
GPSM2	SRR12765578	255.82661895634433
GPSM2	SRR12765579	245.07759109280968
GPSM2	SRR12765580	262.97007372187574
GPSM2	SRR12765581	196.1389608441253
GPSM2	SRR12765582	631.6342993465942
GPSM2	SRR12765583	258.27702513480625
GPSM2	SRR12765584	247.05687178463657
GPSM2	SRR12765585	364.0168250044783
GPSM2	SRR12765586	267.4127058833918
GPSM2	SRR12765587	664.774316320502
GPSM2	SRR12765588	221.53918360266184
GPSM2	SRR12765589	382.9091270206593
GPSM2	SRR12765590	324.2678208241095
GPSM2	SRR12765591	163.47322183443643
GPSM2	SRR12765592	417.79661018371337
GPSM2	SRR12765593	354.9683968411426
GPSM2	SRR12765594	248.6558466423061
GPSM2	SRR12765595	216.57189933101705
GPSM2	SRR12765596	281.2497203254486
GPSM2	SRR12765597	138.10744776158543
GPSM2	SRR12765598	553.9774222424799
GPSM2	SRR12765599	698.153153512611
GPSM2	SRR12765600	204.44633410688542
GPSM2	SRR12765601	222.83136821671894
GPSM2	SRR12765602	461.97200335105475
GPSM2	SRR12765603	381.7925371410741
GPSM2	SRR12765604	334.710121873393
GPSM2	SRR12765605	321.49322118942774
GPSM2	SRR12765606	266.49883587404287
GPSM2	SRR12765607	370.22363544894364
GPSM2	SRR12765608	487.2899354719438
GPSM2	SRR12765609	327.5818273838087
GPSM2	SRR12765610	416.6195232420578
GPSM2	SRR12765611	327.81320348411344
GPSM2	SRR12765612	218.99443990622444
GPSM2	SRR12765613	301.8110087778819
GPSM2	SRR12765614	208.97234087088344
GPSM2	SRR12765615	268.4427336889726
GPSM2	SRR12765616	586.604795898018
GPSM2	SRR12765617	388.2746181314274
GPSM2	SRR12765618	372.5802397738214
GPSM2	SRR12765619	148.1738898977386
GPSM2	SRR12765620	294.3888725262032
GPSM2	SRR12765621	349.91548055578863
GPSM2	SRR12765622	84.82812206402531
GPSM2	SRR12765623	611
GPSM2	SRR12765624	438.73902978866744
GPSM2	SRR12765625	345.86667542661
GPSM2	SRR12765626	208.0269727758761
GPSM2	SRR12765627	459.247786471113
GPSM2	SRR12765628	180.20380475546892
GPSM2	SRR12765629	210.62665777940026
GPSM2	SRR12765630	294.50738623952907
GPSM2	SRR12765631	192.1574902002328
GPSM2	SRR12765632	277.8175100378377
GPSM2	SRR12765633	159.05187734469098
GPSM2	SRR12765634	321.7490082743018
GPSM2	SRR12765635	164.73748816507992
GPSM2	SRR12765636	255.0793730510682
GPSM2	SRR12765637	204.02814650497712
GPSM2	SRR12765638	394
GPSM2	SRR12765639	207.27891316904166
GPSM2	SRR12765640	218.1024852341628
GPSM2	SRR12765641	234.39534487423094
GPSM2	SRR12765642	481.174510569479
GPSM2	SRR12765643	533.4534357388937
GPSM2	SRR12765644	608.1741043649538
GPSM2	SRR12765645	324.13266918775247
GPSM2	SRR12765646	184.24971834238193
GPSM2	SRR12765647	198.65432009524116
GPSM2	SRR12765648	317.73872001693076
GPSM2	SRR12765649	152.18308943931746
GPSM2	SRR12765650	335.0485205555112
GPSM2	SRR12765651	252.95693338061562
GPSM2	SRR12765652	356.80666335606
GPSM2	SRR12774664	169.89832237559747
GPSM2	SRR12774665	55.74561650792218
GPSM2	SRR12774666	134.42198613452544
GPSM2	SRR12774667	58.876553297425296
GPSM2	SRR12774668	48.45709804328518
GPSM2	SRR12774669	99.82501584813672
GPSM2	SRR12774670	44.06274683680285
GPSM2	SRR12774671	41.938622260926515
GPSM2	SRR12774672	88.54505825305178
GPSM2	SRR12774673	75.06235076006575
GPSM2	SRR12774674	63.51536088386468
GPSM2	SRR12774675	51.73260462902859
GPSM2	SRR12774676	82.53749113064566
GPSM2	SRR12774677	100.08661986898004
GPSM2	SRR12774678	39.66761895065779
GPSM2	SRR12774679	44.00683030735387
GPSM2	SRR12774680	99.39564273800504
GPSM2	SRR12774681	112.97776491356981
GPSM2	SRR12774682	95.00135491342921
GPSM2	SRR12774683	92.65747656729533
GPSM2	SRR12774684	86.4548449462884
GPSM2	SRR12774685	91.6724410620075
GPSM2	SRR12774686	39.70856501874823
GPSM2	SRR12774687	37.06057525873677
GPSM2	SRR1609360	36.73643675961906
GPSM2	SRR1609361	74.93028924487461
GPSM2	SRR1609362	45.945505647676235
GPSM2	SRR1609363	198.46447520700522
GPSM2	SRR1609364	248.15203423069693
GPSM2	SRR1609365	135.96095371884275
GPSM2	SRR1609366	175.00162971964033
GPSM2	SRR1609367	192.5246912873526
GPSM2	SRR1609368	266.49803695710517
GPSM2	SRR1609369	248.2231739363819
GPSM2	SRR1609370	257.5361753519444
GPSM2	SRR1609371	80.37871926057873
GPSM2	SRR1609372	279.2302213330576
GPSM2	SRR1609373	200.5046898442699
GPSM2	SRR1609374	296.77766643878664
GPSM2	SRR1609375	192.2729793563341
GPSM2	SRR1609376	288.6188415416455
GPSM2	SRR1609377	206.103123759891
GPSM2	SRR1609378	89.5640122257089
GPSM2	SRR1609379	264.48344321716377
GPSM2	SRR1609380	234.6965539181558
GPSM2	SRR1609381	290.20875683705356
GPSM2	SRR1609382	189.7217770865148
GPSM2	SRR1609383	29.305280862948848
GPSM2	SRR1609384	180.76835804331756
GPSM2	SRR1609385	155.15306813055065
GPSM2	SRR1609386	242.6383865682877
GPSM2	SRR1609387	144.08778658278436
GPSM2	SRR1609388	172.21632489206664
GPSM2	SRR1609389	220.55783219052785
GPSM2	SRR1609390	165.14520826880707
GPSM2	SRR1609391	62.79469448780626
GPSM2	SRR1609392	167.60619731995712
GPSM2	SRR1609393	42.851566272594916
GPSM2	SRR1609394	155.2898097539983
GPSM2	SRR1609395	143.80411182567008
GPSM2	SRR1609396	205.2332796475577
GPSM2	SRR1609397	180.65937852801738
GPSM2	SRR1609398	249.17031648755145
GPSM2	SRR1609399	215.83161381554103
GPSM2	SRR1609400	188.41720010458917
GPSM2	SRR1609401	235.51655840642763
GPSM2	SRR1609402	272.21787209244985
GPSM2	SRR1609403	239.77848927076127
GPSM2	SRR1609404	153.85677083562592
GPSM2	SRR1609405	145.99004827284594
GPSM2	SRR1609406	204.83596055530825
GPSM2	SRR1609407	233.5648524068734
GPSM2	SRR1609408	252.97780946126352
GPSM2	SRR1609409	149.83469333710048
GPSM2	SRR1609410	186
GPSM2	SRR1609411	255.9960639000772
GPSM2	SRR1609412	450
GPSM2	SRR1609413	306.9022471118206
GPSM2	SRR1609414	186.30708842463164
GPSM2	SRR1609415	305.0548738404683
GPSM2	SRR1609416	166.45138789153125
GPSM2	SRR1609417	153.04013226429672
GPSM2	SRR1609418	209.30389843219643
GPSM2	SRR1609419	224.0941095414627
GPSM2	SRR1609420	148.70702668251204
GPSM2	SRR1609421	237.53240290940712
GPSM2	SRR1609422	162.72011932789542
GPSM2	SRR1609423	44.28116137765592
GPSM2	SRR1609424	48.56997052489013
GPSM2	SRR1609425	269.44412250659093
GPSM2	SRR1609426	232.10329742349674
GPSM2	SRR1609427	105.5589010685873
GPSM2	SRR1609428	179.55310812927607
GPSM2	SRR1609429	235.3033116180715
GPSM2	SRR1609430	134.55970773815798
GPSM2	SRR1609431	166.25146388596775
GPSM2	SRR1609432	300.46368336819415
GPSM2	SRR1609433	127.06991008566547
GPSM2	SRR1609434	92.39085423784962
GPSM2	SRR1609435	164.75658012520265
GPSM2	SRR1609436	222.7268462449475
GPSM2	SRR1609437	136.96981904025156
GPSM2	SRR1609438	57.82521221466183
GPSM2	SRR1609439	104.54951836706279
GPSM2	SRR1609440	162.41792904320852
GPSM2	SRR1609441	240.54397799990545
GPSM2	SRR1609442	170.25222985392435
GPSM2	SRR1609443	154.3640948311614
GPSM2	SRR1609444	311.16789017977374
GPSM2	SRR1609445	231.8153169572338
GPSM2	SRR1609446	173.96583266392147
GPSM2	SRR1609447	16.04630151745463
GPSM2	SRR1609448	278.452289459364
GPSM2	SRR1609449	169.4233373353576
GPSM2	SRR1609450	247.51531249778313
GPSM2	SRR1609451	58.76315339343508
GPSM2	SRR1609452	21.488090547683317
GPSM2	SRR1609453	257.4733525266139
GPSM2	SRR1609454	181.9355594494731
GPSM2	SRR1609455	20.037509593776928
GPSM2	SRR1609456	208.0134045239262
GPSM2	SRR1609457	203.3525085271957
GPSM2	SRR1609458	21.095803375344016
GPSM2	SRR1609459	466.8200054071028
GPSM2	SRR1609460	211.06888499513832
GPSM2	SRR1609461	373.6374661641045
GPSM2	SRR1609462	142.53118549694014
GPSM2	SRR1609463	230.51240058231946
GPSM2	SRR1609464	102.16057104491985
GPSM2	SRR1609465	175.12400485109387
GPSM2	SRR1609466	29.162711780398183
GPSM2	SRR1609467	94.13032896517844
GPSM2	SRR1609468	228.39348320616537
GPSM2	SRR1609469	271.0487567566128
GPSM2	SRR1609470	287.3877381342616
GPSM2	SRR1609471	179.38383366633823
GPSM2	SRR1609472	43.49461202116851
GPSM2	SRR1609473	43.381998586436794
GPSM2	SRR1609474	431.114776960655
GPSM2	SRR1609475	82.7965084787258
GPSM2	SRR1609476	351.4517146897997
GPSM2	SRR1609477	210.19735902414234
GPSM2	SRR1609478	73.67613786148108
GPSM2	SRR1609479	184.94852165825645
GPSM2	SRR1609480	320
GPSM2	SRR1609481	170.7950871568983
GPSM2	SRR1609482	166.61586993968353
GPSM2	SRR1609483	171.78887317932717
GPSM2	SRR1609484	171.371930701713
GPSM2	SRR1609485	262.2357724650486
GPSM2	SRR1609486	196.64172010815184
GPSM2	SRR1609487	196.78327287891926
GPSM2	SRR1609488	345.4968760760201
GPSM2	SRR1609489	257.57032141957137
GPSM2	SRR1609490	217.6046260657736
GPSM2	SRR1609491	240.86103143166486
GPSM2	SRR1609492	519
GPSM2	SRR1609493	283.2884567982983
GPSM2	SRR1609494	246.46532840235474
GPSM2	SRR1609495	143.32412022494367
GPSM2	SRR1609496	187.1682803471912
GPSM2	SRR1609497	197.17727929623885
GPSM2	SRR1609498	274.0986018677537
GPSM2	SRR1609499	320.677414027682
GPSM2	SRR1609500	254.4383540980965
GPSM2	SRR1609501	282.3639739416858
GPSM2	SRR1609502	126.64044747103993
GPSM2	SRR1609503	5.030924900668502
GPSM2	SRR1609504	337
GPSM2	SRR1609505	257
GPSM2	SRR1609506	163.19951787230352
GPSM2	SRR1609507	225.38119184712704
GPSM2	SRR1609508	354.1911032914466
GPSM2	SRR1609509	220.40646174769336
GPSM2	SRR1609510	255.44735466418422
GPSM2	SRR1609511	90.2641602324985
GPSM2	SRR1609512	178.6040867736233
GPSM2	SRR1609513	132.43038757170387
GPSM2	SRR1609514	48.29104005555055
GPSM2	SRR1609515	257.5090753158621
GPSM2	SRR1609516	309.29494998636574
GPSM2	SRR1609517	227.11168127193494
GPSM2	SRR1609518	225.36458861791783
GPSM2	SRR1609519	236.40728963445187
GPSM2	SRR1609520	42.0954782173127
GPSM2	SRR1609521	183.30714786192303
GPSM2	SRR1609522	77.85988317234121
GPSM2	SRR1609523	305.4573874530615
GPSM2	SRR1609524	296.9350158291525
GPSM2	SRR1609525	311.71990422243283
GPSM2	SRR1609526	62.26192078471748
GPSM2	SRR1609527	352
GPSM2	SRR1609528	87.77447451380577
GPSM2	SRR1609529	151.8719417065743
GPSM2	SRR1609530	221.07643787819387
GPSM2	SRR1609531	286.0950477331839
GPSM2	SRR1609532	160.17375339210284
GPSM2	SRR1609533	167.2501891937214
GPSM2	SRR1609534	352.46396009955134
GPSM2	SRR1609535	115.97279318874715
GPSM2	SRR1609536	198.19235756577734
GPSM2	SRR1609537	333.28718491070356
GPSM2	SRR1609538	324
GPSM2	SRR1609539	227.41050276028608
GPSM2	SRR1609540	259
GPSM2	SRR1609541	23.1125722379394
GPSM2	SRR1609542	251.59538522307164
GPSM2	SRR1609543	119.24826796451899
GPSM2	SRR1609544	181.06872818396906
GPSM2	SRR1609545	172.28625403391027
GPSM2	SRR1609546	301
GPSM2	SRR1609547	257.33557225712116
GPSM2	SRR1609548	202.678744490728
GPSM2	SRR1609549	197.11754815354124
GPSM2	SRR1609550	537
GPSM2	SRR1609551	148.72629851016413
GPSM2	SRR1609552	137.62595241619456
GPSM2	SRR1609553	298.79205462909243
GPSM2	SRR1609554	142.29919780677676
GPSM2	SRR1609555	196.69779688262074
GPSM2	SRR1609556	66.46918426584051
GPSM2	SRR1609557	180.13563393767566
GPSM2	SRR1609558	228.98969466814694
GPSM2	SRR1609559	127.23761951678932
GPSM2	SRR1609560	147.08335763244412
GPSM2	SRR1609561	206.5377542276779
GPSM2	SRR1609562	227.22818692817253
GPSM2	SRR1609563	330.4729881491391
GPSM2	SRR1609564	247.23659214520785
GPSM2	SRR1609565	142.5441920240791
GPSM2	SRR1609566	334.1254287432354
GPSM2	SRR1609567	13.84779079428215
GPSM2	SRR1609568	240
GPSM2	SRR1609569	160
GPSM2	SRR1609570	86.5391052663966
GPSM2	SRR1609571	44.05572072130345
GPSM2	SRR1609572	99.32628087097233
GPSM2	SRR1609573	60.19033361580564
GPSM2	SRR1609574	148.77619594950943
GPSM2	SRR1609575	79.4537896176155
GPSM2	SRR1609576	202.81345036543684
GPSM2	SRR1609577	162.6860831612828
GPSM2	SRR1609578	260.46379304409464
GPSM2	SRR1609579	209.42044489188766
GPSM2	SRR1609580	300.3174225149897
GPSM2	SRR1609581	120.89183953878218
GPSM2	SRR1609582	217.824462535451
GPSM2	SRR1609583	149.21933068950517
GPSM2	SRR1609584	156.32284206409489
GPSM2	SRR1609585	212.19077771981034
GPSM2	SRR1609586	108.94111254531555
GPSM2	SRR1609587	120.45761198113405
GPSM2	SRR1609588	177.4542946769195
GPSM2	SRR1609589	239.63523844413788
GPSM2	SRR1609590	197.07089258374995
GPSM2	SRR1609591	296.96912832659666
GPSM2	SRR1609592	255.76000329280666
GPSM2	SRR1609593	215.1961468808799
GPSM2	SRR1609594	74.87231655315945
GPSM2	SRR1609595	147.61036689880157
GPSM2	SRR1609596	297.78029369026905
GPSM2	SRR1609597	321.35522599759565
GPSM2	SRR1609598	43.17401847458452
GPSM2	SRR1609599	55.16241703054652
GPSM2	SRR1609600	112.41018635237354
GPSM2	SRR1609601	42.16331679448756
GPSM2	SRR1609602	10.470557022400223
GPSM2	SRR1609603	222
GPSM2	SRR1609604	195.37783931999417
GPSM2	SRR1609605	162.24806913888466
GPSM2	SRR1609606	208.34973294559634
GPSM2	SRR1609607	276.39342016102313
GPSM2	SRR1609608	166.36751562626992
GPSM2	SRR1609609	99.18782399149178
GPSM2	SRR1609610	227
GPSM2	SRR1609611	107.84410306091651
GPSM2	SRR1609612	398.931881761903
GPSM2	SRR1609613	215.19347740452463
GPSM2	SRR1609614	195.2937889772924
GPSM2	SRR1609615	206.659030273974
GPSM2	SRR1609616	390
GPSM2	SRR1609617	517
GPSM2	SRR1609618	183.59106136567956
GPSM2	SRR1609619	177.64827419391443
GPSM2	SRR1609620	65.83445155229374
GPSM2	SRR1609621	194.69107499207075
GPSM2	SRR1609622	65.50240572410544
GPSM2	SRR1609623	120.29095870637038
GPSM2	SRR1609624	22.206053556517197
GPSM2	SRR1609625	212.34352349777149
GPSM2	SRR1609626	104.8276214929046
GPSM2	SRR1609627	185.02650239847742
GPSM2	SRR1609628	284.54524412355624
GPSM2	SRR1609629	173.84339058132213
GPSM2	SRR1609630	238.67551393992827
GPSM2	SRR1609631	252
GPSM2	SRR1609632	274
GPSM2	SRR1609633	132.48388586364905
GPSM2	SRR1609634	229.9156831498444
GPSM2	SRR1609635	66.64422920303238
GPSM2	SRR1609636	53.76964975930945
GPSM2	SRR1609637	192.79483880473285
GPSM2	SRR1609638	153.74925736826202
GPSM2	SRR1609639	282.5706414650806
GPSM2	SRR1609640	169.0304055050464
GPSM2	SRR1609641	273.077852041884
GPSM2	SRR1609642	257
GPSM2	SRR1609643	150.82934521857217
GPSM2	SRR1609644	264.28511235448326
GPSM2	SRR1609645	295.9528038408496
GPSM2	SRR1609646	138.3311258912557
GPSM2	SRR1609647	214.47264239972566
GPSM2	SRR1609648	229.83721737930952
GPSM2	SRR1609649	181.50246554015933
GPSM2	SRR1609650	247.85066524002116
GPSM2	SRR1609651	224.7738271451614
GPSM2	SRR1609652	206.74251492834543
GPSM2	SRR1609653	88.29565453280054
GPSM2	SRR1609654	119.04165005480078
GPSM2	SRR1609655	466.18544539924375
GPSM2	SRR1609656	94.36354075819987
GPSM2	SRR1609657	121.59247365473666
GPSM2	SRR1609658	271.41651571221354
GPSM2	SRR1609659	208.6698546068921
GPSM2	SRR1609660	323.2715080758805
GPSM2	SRR1609661	275.40834404005216
GPSM2	SRR1609662	248.1655974694565
GPSM2	SRR1609663	351.9366521051161
GPSM2	SRR1609664	195.42700867797447
GPSM2	SRR1609665	241
GPSM2	SRR1609666	77.28386967708987
GPSM2	SRR1609667	220.65737270687168
GPSM2	SRR1609668	41.67585741081653
GPSM2	SRR1609669	93.81778076074774
GPSM2	SRR1746771	517.8694046514681
GPSM2	SRR1746772	354.8883686907836
GPSM2	SRR1746773	398.2746011238724
GPSM2	SRR1746774	679.8073813062059
GPSM2	SRR1746775	360.3226012835573
GPSM2	SRR1746776	485.67009545079
GPSM2	SRR1746777	588.588688154266
GPSM2	SRR1746778	428.83410104201556
GPSM2	SRR1746779	665.1926500336492
GPSM2	SRR1746780	396.63011943786955
GPSM2	SRR1746781	291.97881438416937
GPSM2	SRR1746782	179.8178502372177
GPSM2	SRR1746783	544
GPSM2	SRR1746784	593
GPSM2	SRR1782685	208.35587696632268
GPSM2	SRR1782686	77.86340651558152
GPSM2	SRR1782687	120.48103602894776
GPSM2	SRR1782688	296.94753806676596
GPSM2	SRR1782689	86.54945794236318
GPSM2	SRR1782690	166.4145561369809
GPSM2	SRR1782691	183.32950973052792
GPSM2	SRR1782692	229.91440949672
GPSM2	SRR1782693	154.40080887453803
GPSM2	SRR1782694	288.6248376832034
GPSM2	SRR1782695	290.20875683705356
GPSM2	SRR1782696	224.76319123950177
GPSM2	SRR1782697	278.454917723463
GPSM2	SRR1782698	257.5440481409821
GPSM2	SRR1782699	147.5968579788677
GPSM2	SRR1782700	162.24936492454248
GPSM2	SRR1782701	225.42863219318625
GPSM2	SRR1782702	197.11359920988374
GPSM2	SRR1782703	215.84898831153512
GPSM2	SRR1782704	234.69593621675185
GPSM2	SRR1782705	44.05900063183248
GPSM2	SRR1782706	431.1093178307387
GPSM2	SRR1782707	142.5536095951756
GPSM2	SRR1782708	256.07392212952055
GPSM2	SRR1782709	180.62342531494144
GPSM2	SRR1782710	450
GPSM2	SRR1782711	102.17649262461553
GPSM2	SRR1782712	153.84333551990724
GPSM2	SRR1782713	82.79745319170453
GPSM2	SRR1782714	43.493055912613215
GPSM2	SRR1782715	220.551090022359
GPSM2	SRR1782716	92.3798107663279
GPSM2	SRR1782717	279.2302213330576
GPSM2	SRR1782718	135.96838964301404
GPSM2	SRR1782719	155.1417647411823
GPSM2	SRR1782720	89.5645177605582
GPSM2	SRR1782721	29.165743125812554
GPSM2	SRR1782722	248.2231739363819
GPSM2	SRR1782723	188.42611609992593
GPSM2	SRR1782724	173.99074174972662
GPSM2	SRR1782725	45.97126870280958
GPSM2	SRR1782726	144.09846031638628
GPSM2	SRR1782727	519
GPSM2	SRR1782728	80.39292466304367
GPSM2	SRR1782729	304.5526539899025
GPSM2	SRR1782730	352.5069576195915
GPSM2	SRR1782731	99.15843692931716
GPSM2	SRR1782732	48.58848496791264
GPSM2	SRR1782733	211.07465676534838
GPSM2	SRR1782734	220.38909594561304
GPSM2	SRR1782735	164.771158994569
GPSM2	SRR1782736	202.7252592581683
GPSM2	SRR1782737	212.35582156681792
GPSM2	SRR1782738	36.746517301145154
GPSM2	SRR1782739	29.30513070087554
GPSM2	SRR1782740	195.3250119977886
GPSM2	SRR1782741	44.29656421163196
GPSM2	SRR1782742	537
GPSM2	SRR1782743	247.5043984863534
GPSM2	SRR1782744	297.4976516551451
GPSM2	SRR1782745	175.13528772567113
GPSM2	SRR1782746	60.197940192827055
GPSM2	SRR1782747	166.25733789922552
GPSM2	SRR1782748	180.67533059412435
GPSM2	SRR1782749	172.22296492235535
GPSM2	SRR1782750	235.3310930784739
GPSM2	SRR1782751	167.62275517962874
GPSM2	SRR1782752	230.57090344830183
GPSM2	SRR1782753	212.22539901273808
GPSM2	SRR1782754	127.07957792173413
GPSM2	SRR1782755	238.6569245736097
GPSM2	SRR1782756	42.87116490374237
GPSM2	SRR1782757	300.44125025418293
GPSM2	SRR1782758	186.33491152938905
GPSM2	SRR1782759	229.0200805916421
GPSM2	SRR1782760	189.72038995718654
GPSM2	SRR1782761	17.981602820312602
GPSM2	SRR1782762	62.830606316613284
GPSM2	SRR1782763	266.46577731379165
GPSM2	SRR1782764	205.24926559316958
GPSM2	SRR1782765	239.78983570776913
GPSM2	SRR1782766	235.52790646991505
GPSM2	SRR1782767	180.7786184143754
GPSM2	SRR1782768	192.2733314229058
GPSM2	SRR1782769	248.14524859124265
GPSM2	SRR1782770	249.17611169897154
GPSM2	SRR1782771	242.64584833811736
GPSM2	SRR1782772	206.1204584257246
GPSM2	SRR1782773	272.19667026215205
GPSM2	SRR1782774	296.75550852887693
GPSM2	SRR1782775	271.4013215996565
GPSM2	SRR1782776	111.67564046643734
GPSM2	SRR1782777	305.0548738404683
GPSM2	SRR1782778	284.52784802797277
GPSM2	SRR1782779	42.165591117934774
GPSM2	SRR1782780	126.64337733943046
GPSM2	SRR1782781	119.06629014432897
GPSM2	SRR1782782	62.2722429668621
GPSM2	SRR1782783	227.45436397900912
GPSM2	SRR1782784	296.0100537917127
GPSM2	SRR1782785	577.6231432899123
GPSM2	SRR1782786	66.65159275950262
GPSM2	SRR1782787	352
GPSM2	SRR1782788	206.78256835254766
GPSM2	SRR1782789	107.84194530513123
GPSM2	SRR1782790	215.215189012679
GPSM2	SRR1782791	181.08296562111565
GPSM2	SRR1782792	195.34279331399773
GPSM2	SRR1782793	90.26383881657503
GPSM2	SRR1782794	209.439589860739
GPSM2	SRR1782795	55.15847188618513
GPSM2	SRR1782796	42.123024570182686
GPSM2	SRR1782797	74.87641677445684
GPSM2	SRR1782798	69.33916947317803
GPSM2	SRR1782799	225.36458861791783
GPSM2	SRR1782800	260.4681559012965
GPSM2	SRR1782801	174.97842977389226
GPSM2	SRR1782802	200.4854715576239
GPSM2	SRR1782803	241.8941244305044
GPSM2	SRR1782804	192.5284500486618
GPSM2	SRR1782805	264.475358299778
GPSM2	SRR1782806	221.60094412065305
GPSM2	SRR1782807	105.64134600888914
GPSM2	SRR1782808	144.78260993682244
GPSM2	SRR1782809	97.32026198974896
GPSM2	SRR1782810	83.38858475306974
GPSM2	SRR1782811	188.59252081280385
GPSM2	SRR1782812	136.73442233450675
GPSM2	SRR1782813	198.24436835454094
GPSM2	SRR1782814	84.09360960048862
GPSM2	SRR1782815	90.31214647399779
GPSM2	SRR1782816	311.16789017977374
GPSM2	SRR1782817	178.63917426435833
GPSM2	SRR1782818	177.46217171997094
GPSM2	SRR1782819	43.178797611027406
GPSM2	SRR1782820	149.19290060569108
GPSM2	SRR1782821	351.95920125969144
GPSM2	SRR1782822	171.36543915484992
GPSM2	SRR1782823	166.64359245535178
GPSM2	SRR1782824	210.20378468244695
GPSM2	SRR1782825	246.4329394167356
GPSM2	SRR1782826	153.0566867204577
GPSM2	SRR1782827	99.32946150308237
GPSM2	SRR1782828	410
GPSM2	SRR1782829	320
GPSM2	SRR1782830	65.48803836948359
GPSM2	SRR1782831	79.47003726880105
GPSM2	SRR1782832	57.843432595743295
GPSM2	SRR1782833	73.67996275366481
GPSM2	SRR1782834	271.0487567566128
GPSM2	SRR1782835	10.040541893200151
GPSM2	SRR1782836	306.669869163819
GPSM2	SRR1782837	112.06654830159479
GPSM2	SRR1782838	121.6082109189823
GPSM2	SRR1782839	113.59515833582236
GPSM2	SRR1782840	194.65709530039098
GPSM2	SRR1782841	104.57263285627808
GPSM2	SRR1782842	302
GPSM2	SRR1782843	153.7333965567572
GPSM2	SRR1782844	273.077852041884
GPSM2	SRR1782845	120.26482620794522
GPSM2	SRR1782846	185.0305370177755
GPSM2	SRR1782847	16.044280219146767
GPSM2	SRR1782848	22.21132364490245
GPSM2	SRR1782849	21.093290038313043
GPSM2	SRR1782850	20.038246678739426
GPSM2	SRR1782851	21.488145478534637
GPSM2	SRR1782852	10.114757391144728
GPSM2	SRR1782853	13.850479021921181
GPSM2	SRR1782854	334.09026936742123
GPSM2	SRR1782855	398.96003822625113
GPSM2	SRR1782856	257.3681075341038
GPSM2	SRR1782857	170.22109550870996
GPSM2	SRR1782858	247.2667528468082
GPSM2	SRR1782859	269.435885947644
GPSM2	SRR1782860	240.54397799990545
GPSM2	SRR1782861	257.48092572818973
GPSM2	SRR1782862	148.6984146780549
GPSM2	SRR1782863	162.43058003326502
GPSM2	SRR1782864	165.15428869938432
GPSM2	SRR1782865	134.57386868736126
GPSM2	SRR1782866	231.8153169572338
GPSM2	SRR1782867	162.72872078528854
GPSM2	SRR1782868	177.64884695352941
GPSM2	SRR1782869	222.77981972367724
GPSM2	SRR1782870	169.4233373353576
GPSM2	SRR1782871	105.56501460872467
GPSM2	SRR1782872	166.46134691847183
GPSM2	SRR1782873	232.07911108132285
GPSM2	SRR1782874	237.5345745566471
GPSM2	SRR1782875	196.01133843351482
GPSM2	SRR1782876	323.2824326690686
GPSM2	SRR1782877	261.8936408123289
GPSM2	SRR1782878	104.83788072666694
GPSM2	SRR1782879	94.37700108535125
GPSM2	SRR1782880	309.30540225765884
GPSM2	SRR1782881	162.6766615938925
GPSM2	SRR1782882	229.80825793595903
GPSM2	SRR1782883	236.43216893655548
GPSM2	SRR1782884	162.1166158882851
GPSM2	SRR1782885	222
GPSM2	SRR1782886	311.7271542142227
GPSM2	SRR1782887	227.21122169707775
GPSM2	SRR1782888	183.60110225737313
GPSM2	SRR1782889	263.1416883541818
GPSM2	SRR1782890	275.4250430875113
GPSM2	SRR1782891	215.15476799988454
GPSM2	SRR1782892	254.47208943346862
GPSM2	SRR1782893	202.79210869638644
GPSM2	SRR1782894	198.27225076860788
GPSM2	SRR1782895	286.0573670651193
GPSM2	SRR1782896	257.55540486313436
GPSM2	SRR1782897	298.83667624122165
GPSM2	SRR1782898	251.5689103249011
GPSM2	SRR1782899	333.2592829046515
GPSM2	SRR1782900	187.20195458442564
GPSM2	SRR1782901	262.2633699347189
GPSM2	SRR1782902	227
GPSM2	SRR1782903	297.75806092255556
GPSM2	SRR1782904	257
GPSM2	SRR1782905	179.37892847173464
GPSM2	SRR1782906	180.14957375724708
GPSM2	SRR1782907	287.40363278017594
GPSM2	SRR1782908	149.4609480939354
GPSM2	SRR1782909	321.1054673502306
GPSM2	SRR1782910	240
GPSM2	SRR1782911	255.78833623668373
GPSM2	SRR1782912	351.8488983853957
GPSM2	SRR1782913	259
GPSM2	SRR1782914	206.57837350903242
GPSM2	SRR1782915	160
GPSM2	SRR1782916	220.3695673975556
GPSM2	SRR1782917	261.84546065260787
GPSM2	SRR1782918	230.24839333913314
GPSM2	SRR1782919	187
GPSM2	SRR1782920	197.21275429482273
GPSM2	SRR1782921	320.6676113331603
GPSM2	SRR1782922	30.858390156716094
GPSM2	SRR1782923	224.25747420872514
GPSM2	SRR1782924	215.10987910139573
GPSM2	SRR1782925	228.8100499732244
GPSM2	SRR1782926	243.7990714073026
GPSM2	SRR1782927	227.66129027471533
GPSM2	SRR1782928	239.73677555645972
GPSM2	SRR1782929	215.8771616737403
GPSM2	SRR1782930	160.47049569793452
GPSM2	SRR1782931	184.50282915037957
GPSM2	SRR1782932	217.8140489142245
GPSM2	SRR1782933	33.02739103631168
GPSM2	SRR1782934	167.99209453062204
GPSM2	SRR1782935	242.0970727646291
GPSM2	SRR1782936	151.84389298502344
GPSM2	SRR1782937	208.6485693858579
GPSM2	SRR1782938	5.032400151602484
GPSM2	SRR1782939	305.4564920903053
GPSM2	SRR1782940	239.6386011491384
GPSM2	SRR1782941	300.3619246849969
GPSM2	SRR1782942	196.78928847339415
GPSM2	SRR1782943	137.64650547901027
GPSM2	SRR1782944	282.3716953070269
GPSM2	SRR1782945	148.79640154372618
GPSM2	SRR1782946	119.25717190160695
GPSM2	SRR1782947	156.33451425669702
GPSM2	SRR1782948	324
GPSM2	SRR1782949	138.3480010785969
GPSM2	SRR1782950	241
GPSM2	SRR1782951	132.44389741785048
GPSM2	SRR1782952	173.5168984535457
GPSM2	SRR1782953	257.48984926371253
GPSM2	SRR1782954	41.67741175306243
GPSM2	SRR1782955	53.781214405708724
GPSM2	SRR1782956	190.87341315072229
GPSM2	SRR1782957	93.82030463502578
GPSM2	SRR1782958	282.55900995646334
GPSM2	SRR1782959	43.40225311979065
GPSM2	SRR1782960	257
GPSM2	SRR1782961	332.2101264303557
GPSM2	SRR1782962	195.44217355410666
GPSM2	SRR1782963	466.2314723188147
GPSM2	SRR1782964	170.07102558961148
GPSM2	SRR1782965	220.69337541923855
GPSM2	SRR1782966	369
GPSM2	SRR1782967	182.75214138141027
GPSM2	SRR1782968	218.23543368665662
GPSM2	SRR1782969	150.8530844066666
GPSM2	SRR1782970	65.83377333140078
GPSM2	SRR1782971	77.301913861358
GPSM2	SRR1782972	143.81928777162886
GPSM2	SRR1782973	88.34666330811899
GPSM2	SRR1782974	214
GPSM2	SRR1782975	75.92962152192976
GPSM2	SRR1782976	219.15877751682154
GPSM2	SRR1782977	169.06081648047584
GPSM2	SRR1782978	160.6814863003664
GPSM2	SRR1782979	239.0229894715313
GPSM2	SRR1782980	228.406710823283
GPSM2	SRR1782981	170.10072536210285
GPSM2	SRR1782982	240.4018737686314
GPSM2	SRR1782983	264.2653803922359
GPSM2	SRR1782984	197.07089258374995
GPSM2	SRR1782985	278.9023215200663
GPSM2	SRR1782986	181.55439360466718
GPSM2	SRR1782987	290.37429944357757
GPSM2	SRR1782988	274
GPSM2	SRR1782989	82.4475616649119
GPSM2	SRR1782990	167.3059803960774
GPSM2	SRR1782991	192.80786318390938
GPSM2	SRR1782992	383.93716155856345
GPSM2	SRR1782993	214.50433133642437
GPSM2	SRR1782994	337
GPSM2	SRR1782995	181.52844297952208
GPSM2	SRR1782996	252
GPSM2	SRR1782997	330.4875607627651
GPSM2	SRR1782998	132.48972790384474
GPSM2	SRR1782999	173.75512762331942
GPSM2	SRR1783000	210.83129612973752
GPSM2	SRR1783001	173.89484069842118
GPSM2	SRR1783002	107.84532144720468
GPSM2	SRR1783003	282
GPSM2	SRR1783004	248.14338783647833
GPSM2	SRR1783005	181.91623864500508
GPSM2	SRR1783006	124.97090403923411
GPSM2	SRR1813867	119.82296746910382
GPSM2	SRR1813868	205.02342850896204
GPSM2	SRR1813869	289.0276526530917
GPSM2	SRR1813870	472.19150549816527
GPSM2	SRR1813871	487.68417419494097
GPSM2	SRR1813872	635.9508427808618
GPSM2	SRR1813873	554.5205918305363
GPSM2	SRR1813874	110.18851380576551
GPSM2	SRR1813875	360
GPSM2	SRR1813876	515.7674762124415
GPSM2	SRR1813877	634.6196666506438
GPSM2	SRR1813878	479.34480870671956
GPSM2	SRR1813879	424
GPSM2	SRR1813880	336
GPSM2	SRR1813881	148.08306157496148
GPSM2	SRR1813882	695.2833685423151
GPSM2	SRR1813883	380.33558931321426
GPSM2	SRR1813884	80.08293424006627
GPSM2	SRR1813885	383
GPSM2	SRR1813886	780.9828620668715
GPSM2	SRR1813887	335.70796204183245
GPSM2	SRR1928188	212.72509683441908
GPSM2	SRR1928189	541.9259884427535
GPSM2	SRR1928190	258.2422513229193
GPSM2	SRR1928191	236.63166906609362
GPSM2	SRR1928192	234.97123599231028
GPSM2	SRR1928193	148.22142118841862
GPSM2	SRR2046996	361.05698784651776
GPSM2	SRR2046997	223.4285814543412
GPSM2	SRR2046998	120.3616604958415
GPSM2	SRR2046999	391.95698622201917
GPSM2	SRR2047000	361.7770765717559
GPSM2	SRR2047001	312.8840423385071
GPSM2	SRR2047002	169.09553617495442
GPSM2	SRR2047003	152.5042096311946
GPSM2	SRR2047004	332.5824146772412
GPSM2	SRR2047005	416.31891556253544
GPSM2	SRR2047006	229.39612060616082
GPSM2	SRR2047007	104.66028424394345
GPSM2	SRR2047008	376.61839052260666
GPSM2	SRR2047009	261.72038189307375
GPSM2	SRR2313973	113.45484180528122
GPSM2	SRR2313974	226.71561191095904
GPSM2	SRR2313975	307.17511306899996
GPSM2	SRR2313976	221.2510908222405
GPSM2	SRR2313977	324.82128386470305
GPSM2	SRR2313978	205.4271812685411
GPSM2	SRR2313979	109.13611701528015
GPSM2	SRR2313980	343.0095424802953
GPSM2	SRR2313981	414.4869401632263
GPSM2	SRR2313982	145.9252662555853
GPSM2	SRR2313983	139.34060636227778
GPSM2	SRR2313984	593.2290713330443
GPSM2	SRR2313985	159.0507473498538
GPSM2	SRR2313986	396.46449678202634
GPSM2	SRR2313987	328.10380968726554
GPSM2	SRR2313988	373.3825265793315
GPSM2	SRR2313989	297.1774856169101
GPSM2	SRR2313990	291.5389589652742
GPSM2	SRR2313991	328.44304805325714
GPSM2	SRR2313992	239.62804589581765
GPSM2	SRR2313993	452.706658303374
GPSM2	SRR2313994	270.87219693305923
GPSM2	SRR2313995	263.12204176185554
GPSM2	SRR2313996	450.03315273792555
GPSM2	SRR2313997	487.919351646082
GPSM2	SRR2313998	246.9886811578829
GPSM2	SRR2313999	268.50823301464766
GPSM2	SRR2314000	270.33885933251827
GPSM2	SRR2314001	350.8846462439355
GPSM2	SRR2314002	399.30276899211566
GPSM2	SRR2314003	123.66620947045732
GPSM2	SRR2314004	392.1125143287255
GPSM2	SRR2314005	463.39352172887783
GPSM2	SRR2314006	308.82844926141036
GPSM2	SRR2314007	514.0969218736379
GPSM2	SRR2314008	598.7882049418514
GPSM2	SRR2314009	371.0517342100998
GPSM2	SRR2314010	416.74748232576417
GPSM2	SRR2314011	424.0275711161378
GPSM2	SRR2314012	294.1645644982002
GPSM2	SRR2314013	209.48534582735604
GPSM2	SRR2314014	325.75197152161684
GPSM2	SRR2314015	277.15248777471396
GPSM2	SRR2314016	304.99309104525753
GPSM2	SRR2314017	260.0593312418862
GPSM2	SRR2314018	205.49030190127758
GPSM2	SRR2314019	479.6154802980977
GPSM2	SRR2314020	431.0833296499111
GPSM2	SRR2314021	427.159245274282
GPSM2	SRR2314022	294.589486595363
GPSM2	SRR2314023	208.04560870003374
GPSM2	SRR2314024	371.8824059535123
GPSM2	SRR2314025	235.17033424436664
GPSM2	SRR2314026	307.84611207816704
GPSM2	SRR2314027	414.11594761038367
GPSM2	SRR2314028	314.9051097902347
GPSM2	SRR2314029	623.4563579294062
GPSM2	SRR2314030	472.2452874377072
GPSM2	SRR2314031	171.98551477870248
GPSM2	SRR2314032	229.00899288372455
GPSM2	SRR2314033	140.3796715940695
GPSM2	SRR2314034	101.94983662823174
GPSM2	SRR2314035	158.15500924887826
GPSM2	SRR2314036	247.25999802951372
GPSM2	SRR2314037	231.17326687250127
GPSM2	SRR2314038	362.0894707935192
GPSM2	SRR2314039	280.11526637311084
GPSM2	SRR2314040	151.78394695727425
GPSM2	SRR2314041	417.1641957054357
GPSM2	SRR2314042	389.58377481943546
GPSM2	SRR2314043	305.79995814771627
GPSM2	SRR2314044	360.52783874323416
GPSM2	SRR2314045	285.15516700546783
GPSM2	SRR3493774	512
GPSM2	SRR3493775	467
GPSM2	SRR3493776	656.6479504318146
GPSM2	SRR3493777	548.394478436915
GPSM2	SRR3493778	610
GPSM2	SRR3493779	478.70482492503356
GPSM2	SRR3493780	207.87913017298143
GPSM2	SRR3493781	693
GPSM2	SRR3493782	391.3115606024254
GPSM2	SRR3493783	529.4541199056193
GPSM2	SRR3493784	422.6152811906627
GPSM2	SRR3493785	654.5885312677168
GPSM2	SRR3493786	243.53036667788507
GPSM2	SRR3493787	605
GPSM2	SRR3493788	510
GPSM2	SRR3493789	291.2277654228278
GPSM2	SRR3493790	589
GPSM2	SRR3493791	734.078121454387
GPSM2	SRR3493792	631.4542260833821
GPSM2	SRR3493793	410.99651334390774
GPSM2	SRR3493794	542.6945672571848
GPSM2	SRR3493795	496.84044759779175
GPSM2	SRR3493796	403.3537431454667
GPSM2	SRR3493797	687
GPSM2	SRR3493798	445.93424226452834
GPSM2	SRR3493799	507
GPSM2	SRR3493800	510.67710126187086
GPSM2	SRR3493801	591.3995029416396
GPSM2	SRR3493802	526
GPSM2	SRR3493803	578
GPSM2	SRR3493804	491.35344692066656
GPSM2	SRR3493805	624.494865436611
GPSM2	SRR3493806	739
GPSM2	SRR3493807	492
GPSM2	SRR3493808	380.79278845812786
GPSM2	SRR3493809	419.41270034436155
GPSM2	SRR3493810	656
GPSM2	SRR3493811	992
GPSM2	SRR3493812	757.5449273298261
GPSM2	SRR3493813	597.1359928450298
GPSM2	SRR3493814	626
GPSM2	SRR3493815	445.0219507028685
GPSM2	SRR3493816	536
GPSM2	SRR3493817	619.8003409241148
GPSM2	SRR3493818	825.9526202844174
GPSM2	SRR3493819	1352
GPSM2	SRR3493820	261.44125269185145
GPSM2	SRR3493821	502.81674411407613
GPSM2	SRR3493822	679
GPSM2	SRR3493823	636.9408457396773
GPSM2	SRR3493824	520.8892875362144
GPSM2	SRR3493825	1079.420877804876
GPSM2	SRR3493826	706.5082149205512
GPSM2	SRR3493827	631
GPSM2	SRR3493828	604
GPSM2	SRR3493829	516.2357234347587
GPSM2	SRR3493830	592.0430026794415
GPSM2	SRR3493831	555.5155584891156
GPSM2	SRR3493832	886.1594040087047
GPSM2	SRR3493833	790.5544151299448
GPSM2	SRR3493834	1245
GPSM2	SRR3493835	436.28661216247417
GPSM2	SRR3493836	442
GPSM2	SRR3493837	545.4239057775542
GPSM2	SRR3493838	660
GPSM2	SRR3493839	335.7773761499898
GPSM2	SRR3493840	318.1102772117877
GPSM2	SRR3493841	530.1594326418912
GPSM2	SRR3493846	323.21805995470265
GPSM2	SRR3493847	244.6614373540466
GPSM2	SRR3493848	462.1662557040227
GPSM2	SRR3493849	431.0619366835543
GPSM2	SRR3493850	413
GPSM2	SRR3714631	509
GPSM2	SRR3714632	372.08056905942607
GPSM2	SRR3714633	121.39260040789756
GPSM2	SRR3714634	311.0614041052224
GPSM2	SRR3714635	502
GPSM2	SRR3714636	311
GPSM2	SRR3714637	581
GPSM2	SRR3714638	914
GPSM2	SRR3714639	361.3810154678254
GPSM2	SRR3714640	706.5241128188512
GPSM2	SRR3714641	383.96009084954045
GPSM2	SRR3714642	335.3924175601098
GPSM2	SRR3714643	272.42412194524195
GPSM2	SRR3714644	610.4497836518985
GPSM2	SRR3714645	281.8344268996316
GPSM2	SRR3714646	549.1975635963387
GPSM2	SRR3714648	374.5577468281308
GPSM2	SRR3714649	99.88278045157435
GPSM2	SRR3714650	112.77125544941048
GPSM2	SRR3714651	560.8444948951881
GPSM2	SRR3714652	609.9247544592412
GPSM2	SRR3714653	720
GPSM2	SRR3714654	361
GPSM2	SRR3714655	567.4255010739653
GPSM2	SRR3714656	567.432182473271
GPSM2	SRR3714657	655.0126081421081
GPSM2	SRR3714658	639.8197491812514
GPSM2	SRR3714659	513.3909898912291
GPSM2	SRR3714660	1536
GPSM2	SRR3714661	530
GPSM2	SRR3714662	71.78224782355711
GPSM2	SRR3714663	394.2956744676231
GPSM2	SRR3714664	637.6619114338757
GPSM2	SRR3714665	616
GPSM2	SRR3714666	508
GPSM2	SRR3714667	525.097205169994
GPSM2	SRR3714668	413
GPSM2	SRR3714669	202.12510827746758
GPSM2	SRR3714670	133.77910199642199
GPSM2	SRR3714671	268.3377013255405
GPSM2	SRR3714672	412.1288624464965
GPSM2	SRR3714673	602.5449951524304
GPSM2	SRR3714674	301.62889599765737
GPSM2	SRR3714675	380.7168013531589
GPSM2	SRR3714676	269
GPSM2	SRR3714677	274.6499424347476
GPSM2	SRR3714678	524.8688199939721
GPSM2	SRR3714679	289.4682938247922
GPSM2	SRR3714680	356.61438605874946
GPSM2	SRR3714681	137.4877457801992
GPSM2	SRR3714682	618.6112454635735
GPSM2	SRR3714683	308.6425759081668
GPSM2	SRR3714684	286.2433666925369
GPSM2	SRR3714685	615.078445524944
GPSM2	SRR3714686	618.8790793716234
GPSM2	SRR3714688	267.98560519762793
GPSM2	SRR3714689	512.0053063711831
GPSM2	SRR3714690	517.1015905272523
GPSM2	SRR3714691	781
GPSM2	SRR3714692	433.31172005324703
GPSM2	SRR3714693	484.49838422757364
GPSM2	SRR3714694	1175.7799927708777
GPSM2	SRR3714695	556.5777304561126
GPSM2	SRR3714696	365
GPSM2	SRR3714697	128.16966171683893
GPSM2	SRR3714698	126.65165895612131
GPSM2	SRR3714699	204.868767154063
GPSM2	SRR3714700	527.9514170106896
GPSM2	SRR3714701	910.7151106355752
GPSM2	SRR3714702	466.82265981349923
GPSM2	SRR3714703	470.4997053584288
GPSM2	SRR3714704	332.071947374647
GPSM2	SRR3714705	296.99357636461485
GPSM2	SRR3714706	53.82442378431225
GPSM2	SRR3714707	183.13173276269242
GPSM2	SRR3714708	79.8147819459652
GPSM2	SRR3714709	315.38364659737067
GPSM2	SRR3714710	729.3693714530847
GPSM2	SRR3714711	618.1150398101939
GPSM2	SRR3714712	790
GPSM2	SRR3714713	670
GPSM2	SRR3714714	378
GPSM2	SRR3714715	121.58379521826342
GPSM2	SRR3714716	382
GPSM2	SRR3714717	529
GPSM2	SRR3714718	575
GPSM2	SRR3714719	272.5995165789256
GPSM2	SRR3714720	311.81761501519054
GPSM2	SRR3714721	292.7357332833286
GPSM2	SRR3714723	380.2467093003559
GPSM2	SRR3714724	430.26290380548033
GPSM2	SRR3714725	111.36715946287485
GPSM2	SRR3714726	1232.8737061982247
GPSM2	SRR3714727	366.57607528125595
GPSM2	SRR3714728	195.60614886203896
GPSM2	SRR3714729	185.7470264013148
GPSM2	SRR3714730	1091.988341932459
GPSM2	SRR3714731	145.02608756350133
GPSM2	SRR3714732	541.6715905190255
GPSM2	SRR3714734	367.4902944747339
GPSM2	SRR3714735	416.32816728815214
GPSM2	SRR3714736	563.7132162613754
GPSM2	SRR3714737	514
GPSM2	SRR3714738	521.8174507249636
GPSM2	SRR3714739	660.4182492006485
GPSM2	SRR3714740	454.2960537134173
GPSM2	SRR3714741	567.6123435795151
GPSM2	SRR3714744	376.7165157120681
GPSM2	SRR3714745	62.44071199025187
GPSM2	SRR3714746	130.10291872828168
GPSM2	SRR3714747	389.69298816159403
GPSM2	SRR3714748	182.02185596615908
GPSM2	SRR3714749	42.87704006585433
GPSM2	SRR3714750	136.33849785591903
GPSM2	SRR3714751	606.6544624500639
GPSM2	SRR3714752	264
GPSM2	SRR3714753	145.1385230214334
GPSM2	SRR3714754	1016
GPSM2	SRR3714755	331.9350253980302
GPSM2	SRR3714756	58.235770194152664
GPSM2	SRR3714757	473.97045914954145
GPSM2	SRR3714758	564.0032165503228
GPSM2	SRR3714759	1170.1649867923873
GPSM2	SRR3714760	527.4742446148116
GPSM2	SRR3714761	298.107238527703
GPSM2	SRR3714762	520.3612938630181
GPSM2	SRR3714764	317
GPSM2	SRR3714765	445.20026884530307
GPSM2	SRR3714766	489
GPSM2	SRR3714767	537.7306651069927
GPSM2	SRR3714768	713
GPSM2	SRR5176628	225.55371857694115
GPSM2	SRR5176629	263.5115378719442
GPSM2	SRR5176630	298.6754393498826
GPSM2	SRR5176631	230.23273595191645
GPSM2	SRR5176632	217.61891701857044
GPSM2	SRR5176633	181.17506065995485
GPSM2	SRR5176634	90.46537140260068
GPSM2	SRR5176635	215.3252336380283
GPSM2	SRR5176636	44.1298572990311
GPSM2	SRR5176637	42.21622474343867
GPSM2	SRR5176638	29.190226776608252
GPSM2	SRR5176639	219
GPSM2	SRR5176640	127.39214890723932
GPSM2	SRR5176641	126.858060922148
GPSM2	SRR5176642	260.49556734850296
GPSM2	SRR5176643	225.38830579555795
GPSM2	SRR5176644	305.0548738404683
GPSM2	SRR5176645	119.46244128679443
GPSM2	SRR5176646	77.4190258953026
GPSM2	SRR5176647	196.14315583190836
GPSM2	SRR5176648	351.99034518859276
GPSM2	SRR5176649	227.53682893717396
GPSM2	SRR5176650	82.95222104147776
GPSM2	SRR5176651	190.9890230650009
GPSM2	SRR5176652	257.4271250666805
GPSM2	SRR5176653	220.59446527262335
GPSM2	SRR5176654	200.62444052049764
GPSM2	SRR5176655	215.27091710817612
GPSM2	SRR5176656	46.014742501438455
GPSM2	SRR5176657	109.11395611225097
GPSM2	SRR5176658	345.56959949730066
GPSM2	SRR5176659	284.6137547903897
GPSM2	SRR5176660	577.663911717266
GPSM2	SRR5176661	164.90988481444833
GPSM2	SRR5176662	309.656529577738
GPSM2	SRR5176663	143.92023915485976
GPSM2	SRR5176664	324
GPSM2	SRR5176665	180.59957272275716
GPSM2	SRR5176666	244.94600336810745
GPSM2	SRR5176667	70.11624312241013
GPSM2	SRR5176668	298.28920752824405
GPSM2	SRR5176669	185.7634093280405
GPSM2	SRR5176670	162.05036412979265
GPSM2	SRR5176671	228.41053671344463
GPSM2	SRR5176672	208.1539644093862
GPSM2	SRR5176673	330.575887230192
GPSM2	SRR5176674	257.60174274575144
GPSM2	SRR5176675	215.91123858895017
GPSM2	SRR5176676	297.37424923084245
GPSM2	SRR5176677	352.5069576195915
GPSM2	SRR5176678	62.36315054817272
GPSM2	SRR5176679	104.94083228827856
GPSM2	SRR5176680	431.2204663620553
GPSM2	SRR5176681	279.3098500615796
GPSM2	SRR5176682	218.1485640947453
GPSM2	SRR5176683	202.923903521241
GPSM2	SRR5176684	251.66713326141678
GPSM2	SRR5176685	162.48406535687823
GPSM2	SRR5176686	241.0458213931436
GPSM2	SRR5176687	134.60630979788425
GPSM2	SRR5176688	94.23517145731644
GPSM2	SRR5176689	203.51564642785576
GPSM2	SRR5176690	137.42243006211604
GPSM2	SRR5176691	290.26984269670726
GPSM2	SRR5176692	278.70060315545214
GPSM2	SRR5176693	209.5370081417314
GPSM2	SRR5176694	519
GPSM2	SRR5176695	195.77060510046886
GPSM2	SRR5176696	41.73204817994529
GPSM2	SRR5176697	147.97136739884314
GPSM2	SRR5176698	10.483414052799489
GPSM2	SRR5176699	167.0774470093323
GPSM2	SRR5176700	43.560576808061235
GPSM2	SRR5176701	57.91556266654553
GPSM2	SRR5176702	301
GPSM2	SRR5176703	272.00645415113587
GPSM2	SRR5176704	222.9697471093371
GPSM2	SRR5176705	183.3924109549715
GPSM2	SRR5176706	66.77241289311634
GPSM2	SRR5176707	108.08342524749278
GPSM2	SRR5176708	162.59101091946238
GPSM2	SRR5176709	272.30294713169206
GPSM2	SRR5176710	352
GPSM2	SRR5176711	236.4498226701796
GPSM2	SRR5176712	185.3448856025218
GPSM2	SRR5176713	300.6285000498776
GPSM2	SRR5176714	43.47085538177632
GPSM2	SRR5176715	227.28603806305105
GPSM2	SRR5176716	269.53284536952106
GPSM2	SRR5176717	255.6659565316939
GPSM2	SRR5176718	170.48830343420775
GPSM2	SRR5176719	247.57832863113074
GPSM2	SRR5176720	274
GPSM2	SRR5176721	337
GPSM2	SRR5176722	163.17346827541297
GPSM2	SRR5176723	181.73004369362837
GPSM2	SRR5176724	221.1966501966221
GPSM2	SRR5176725	197.39778989197492
GPSM2	SRR5176726	450
GPSM2	SRR5176727	354.2283780619278
GPSM2	SRR5176728	73.78199860323521
GPSM2	SRR5176729	212.41057110877276
GPSM2	SRR5176730	266.73363637629535
GPSM2	SRR5176731	196.91022480682858
GPSM2	SRR5176732	257
GPSM2	SRR5176733	257.58250977489877
GPSM2	SRR5176734	48.646166385461456
GPSM2	SRR5176735	240.56193875089627
GPSM2	SRR5176736	257.5047620234372
GPSM2	SRR5176737	297.8683682427211
GPSM2	SRR5176738	154.69224203391872
GPSM2	SRR5176739	195.5411302033703
GPSM2	SRR5176740	142.59119441201247
GPSM2	SRR5176741	65.58199294907931
GPSM2	SRR5176742	87.91967999447606
GPSM2	SRR5176743	211.4763339281055
GPSM2	SRR5176744	102.3553390990112
GPSM2	SRR5176745	144.31166996805715
GPSM2	SRR5176746	156.35358569993855
GPSM2	SRR5176747	252
GPSM2	SRR5176748	264.3326610072488
GPSM2	SRR5176749	92.48948958171897
GPSM2	SRR5176750	136.17415410340266
GPSM2	SRR5176751	206.7488349732981
GPSM2	SRR5176752	192.87135117339665
GPSM2	SRR5176753	169.44400550052347
GPSM2	SRR5176754	287.5047619487262
GPSM2	SRR5176755	197.10634844185023
GPSM2	SRR5176756	75.10639617920202
GPSM2	SRR5176757	44.34219062999526
GPSM2	SRR5176758	248.7929483261436
GPSM2	SRR5176759	154.11097920387
GPSM2	SRR5176760	276.59723652737483
GPSM2	SRR5176761	311.813107017094
GPSM2	SRR5176762	79.50432765359456
GPSM2	SRR5176763	97.74165602746854
GPSM2	SRR5176764	273.19651936729525
GPSM2	SRR5176765	235.40556383091607
GPSM2	SRR5176766	239.67835223379353
GPSM2	SRR5176767	262.2633699347189
GPSM2	SRR5176768	165.47690752027248
GPSM2	SRR5176769	206.60837945633565
GPSM2	SRR5176770	179.41911265171015
GPSM2	SRR5176771	143.34990627382396
GPSM2	SRR5176772	210.31083192573246
GPSM2	SRR5176773	466.47384503730916
GPSM2	SRR5176774	282.7403872910483
GPSM2	SRR5176775	234.22584212735282
GPSM2	SRR5176776	195.60551820608805
GPSM2	SRR5176777	248.46129203565295
GPSM2	SRR5176778	249.42841436003275
GPSM2	SRR5176779	171.8845410704868
GPSM2	SRR5176780	166.51128722633527
GPSM2	SRR5176781	198.25643099132895
GPSM2	SRR5176782	160.30774047081616
GPSM2	SRR5176783	171.58137324423208
GPSM2	SRR5176784	466.8853134655985
GPSM2	SRR5176785	209.36906920131162
GPSM2	SRR5176786	320
GPSM2	SRR5176787	153.16686475428412
GPSM2	SRR5176788	78.03372137609038
GPSM2	SRR5176789	65.91929207358554
GPSM2	SRR5176790	179.67791496436678
GPSM2	SRR5176791	208.8200658442582
GPSM2	SRR5176792	222
GPSM2	SRR5176793	147.34325972949975
GPSM2	SRR5176794	309.38833461626893
GPSM2	SRR5176795	132.5554059389377
GPSM2	SRR5176796	163.6233779901464
GPSM2	SRR5176797	237.65112422830998
GPSM2	SRR5176798	248.30299840700297
GPSM2	SRR5176799	517
GPSM2	SRR5176800	230.8300916351242
GPSM2	SRR5176801	178.05213317374648
GPSM2	SRR5176802	120.68733018893491
GPSM2	SRR5176803	166.68092368577024
GPSM2	SRR5176804	120.51819486464295
GPSM2	SRR5176805	224.86773710752735
GPSM2	SRR5176806	152.40675884425264
GPSM2	SRR5176807	311.2238737114609
GPSM2	SRR5176808	271.0975222852601
GPSM2	SRR5176809	282.4061421838773
GPSM2	SRR5176810	241
GPSM2	SRR5176811	160
GPSM2	SRR5176812	197.21275429482273
GPSM2	SRR5176813	187.22165555891627
GPSM2	SRR5176814	257
GPSM2	SRR5176815	187.61135681387788
GPSM2	SRR5176816	175.4945877933686
GPSM2	SRR5176817	232.21334957417528
GPSM2	SRR5176818	119.30373484775797
GPSM2	SRR5176819	88.449772083807
GPSM2	SRR5176820	60.31810347477817
GPSM2	SRR5176821	166.54062332359138
GPSM2	SRR5176822	143.09579859816023
GPSM2	SRR5176823	231.87045204296365
GPSM2	SRR5176824	297.67355474378445
GPSM2	SRR5176825	212.2354416238526
GPSM2	SRR5176826	256.10989917754506
GPSM2	SRR5176827	321.20988843571405
GPSM2	SRR5176828	229.90812224616496
GPSM2	SRR5176829	138.3771218627847
GPSM2	SRR5176830	169.09123292727253
GPSM2	SRR5176831	305.5660606604875
GPSM2	SRR5176832	127.27353437232037
GPSM2	SRR5176833	139.80487686444138
GPSM2	SRR5176834	178.69799677206328
GPSM2	SRR5176835	238.85688077202872
GPSM2	SRR5176836	170.15298213381018
GPSM2	SRR5176837	48.34647183366755
GPSM2	SRR5176838	66.62305164882024
GPSM2	SRR5176839	167.56337679377768
GPSM2	SRR5176840	274.1479161069389
GPSM2	SRR5176841	198.76289587157436
GPSM2	SRR5176842	206.28460148191365
GPSM2	SRR5176843	192.48216584215908
GPSM2	SRR5176844	296.8622992128446
GPSM2	SRR5176845	58.851576494468
GPSM2	SRR5176846	162.72477651105748
GPSM2	SRR5176847	174.51128283667066
GPSM2	SRR5176848	155.3267382912187
GPSM2	SRR5176849	89.71734230432332
GPSM2	SRR5176850	154.085704472067
GPSM2	SRR5176851	248.2678328178479
GPSM2	SRR5176852	94.04884927272141
GPSM2	SRR5176853	188.47093147365223
GPSM2	SRR5176854	116.20799042937539
GPSM2	SRR5176855	320.728702057481
GPSM2	SRR5176856	154.4580598362458
GPSM2	SRR5176857	149.53046803831882
GPSM2	SRR5176858	180.23585880085582
GPSM2	SRR5176859	373.66536463633577
GPSM2	SRR5176860	390
GPSM2	SRR5176861	186.36843583171344
GPSM2	SRR5176862	148.87873206237455
GPSM2	SRR5176863	257.64377334430117
GPSM2	SRR5176864	229.11647855381327
GPSM2	SRR5176865	254.4841311789221
GPSM2	SRR5176866	259
GPSM2	SRR5176867	333.41026888757443
GPSM2	SRR5176868	104.55962621870586
GPSM2	SRR5176869	398.97386501385967
GPSM2	SRR5176870	321.4468676112001
GPSM2	SRR5176871	297.01758215335
GPSM2	SRR5176872	182.50440715603668
GPSM2	SRR5861974	65.86125923272523
GPSM2	SRR5861975	194.79938283135513
GPSM2	SRR5861976	65.53558403887992
GPSM2	SRR5861977	302
GPSM2	SRR5861978	232.12407311096558
GPSM2	SRR5861979	179.70775818391724
GPSM2	SRR5861980	227
GPSM2	SRR5861981	120.37348240778117
GPSM2	SRR5861982	22.213083178826434
GPSM2	SRR5861983	212.35299458598018
GPSM2	SRR5861984	104.85942025391562
GPSM2	SRR5861985	182.10525991204148
GPSM2	SRR5861986	284.56703539135196
GPSM2	SRR5861987	175.23998132123964
GPSM2	SRR5861988	174.04014246653924
GPSM2	SRR5861989	187.3196288018726
GPSM2	SRR5861990	238.7249829211841
GPSM2	SRR5861991	252
GPSM2	SRR5861992	274
GPSM2	SRR5861993	132.50067874522287
GPSM2	SRR5861994	318
GPSM2	SRR5861995	230.0118087358753
GPSM2	SRR5861996	192.81114925411438
GPSM2	SRR5861997	153.88322963266134
GPSM2	SRR5861998	282.62115321380276
GPSM2	SRR5861999	81.13659263982694
GPSM2	SRR5862000	273.09824200692253
GPSM2	SRR5862001	257
GPSM2	SRR5862002	264.28511235448326
GPSM2	SRR5862003	138.34320650783746
GPSM2	SRR5862004	153.861572219399
GPSM2	SRR5862005	297.56717295554745
GPSM2	SRR5862006	229.86582641180786
GPSM2	SRR5862007	181.54504707131724
GPSM2	SRR5862008	333.3358833109834
GPSM2	SRR5862009	224.79960397700756
GPSM2	SRR5862010	88.33782657524061
GPSM2	SRR5862011	119.15469788353465
GPSM2	SRR5862012	466.2677878275462
GPSM2	SRR5862013	271.5791125837026
GPSM2	SRR5862014	443.16692764375557
GPSM2	SRR5862015	352
GPSM2	SRR5862016	298.24370608896044
GPSM2	SRR5862017	208.71660049318118
GPSM2	SRR5862018	323.29352151454566
GPSM2	SRR5862019	233.89290812646993
GPSM2	SRR5862020	131.46997965645042
GPSM2	SRR5862021	181.09430008962104
GPSM2	SRR5862022	248.19748665693257
GPSM2	SRR5862023	195.47733638247513
GPSM2	SRR5862024	351.95920125969144
GPSM2	SRR5862025	241
GPSM2	SRR5862026	180.4154559402881
GPSM2	SRR5862027	170.09177276707888
GPSM2	SRR5862028	41.69204885554738
GPSM2	SRR5862029	93.91033833235595
GPSM2	SRR5862030	166.46606797329798
GPSM2	SRR5862031	153.07486476545378
GPSM2	SRR5862032	79.46009200613231
GPSM2	SRR5862033	209.3230327465086
GPSM2	SRR5862034	22.42770453073831
GPSM2	SRR5862035	237.5656336619116
GPSM2	SRR5862036	162.85802049241167
GPSM2	SRR5862037	44.29943404499939
GPSM2	SRR5862038	48.58489549401709
GPSM2	SRR5862039	269.4642411511337
GPSM2	SRR5862040	156.01662701737226
GPSM2	SRR5862041	105.57932068219095
GPSM2	SRR5862042	179.58527968764108
GPSM2	SRR5862043	400
GPSM2	SRR5862044	235.33029596039222
GPSM2	SRR5862045	134.56921646009144
GPSM2	SRR5862046	166.33429089611187
GPSM2	SRR5862047	127.12340944733845
GPSM2	SRR5862048	17.467191587579936
GPSM2	SRR5862049	92.42023454457728
GPSM2	SRR5862050	222.7502858288236
GPSM2	SRR5862051	164.79125963467106
GPSM2	SRR5862052	334.1503769613337
GPSM2	SRR5862053	162.43285935631974
GPSM2	SRR5862054	142.71910088648596
GPSM2	SRR5862055	137.1159361198134
GPSM2	SRR5862056	57.84900348352002
GPSM2	SRR5862057	170.3246061336653
GPSM2	SRR5862058	240.5513313435299
GPSM2	SRR5862059	128.53075886720546
GPSM2	SRR5862060	154.4474169266554
GPSM2	SRR5862061	231.8256070391672
GPSM2	SRR5862062	311.16789017977374
GPSM2	SRR5862063	174.13779125462193
GPSM2	SRR5862064	300.5809968520369
GPSM2	SRR5862065	169.4261752339339
GPSM2	SRR5862066	278.5168922375578
GPSM2	SRR5862067	16.049871161376874
GPSM2	SRR5862068	325.5488647755241
GPSM2	SRR5862069	247.5337937789657
GPSM2	SRR5862070	58.78404246484762
GPSM2	SRR5862071	20.041648366377892
GPSM2	SRR5862072	21.490532644868242
GPSM2	SRR5862073	257.48092572818973
GPSM2	SRR5862074	208.05334105678224
GPSM2	SRR5862075	203.39101429268675
GPSM2	SRR5862076	21.098753459175704
GPSM2	SRR5862077	466.82986959995014
GPSM2	SRR5862078	70.06257294486312
GPSM2	SRR5862079	211.17550965585315
GPSM2	SRR5862080	86.58485928256621
GPSM2	SRR5862081	373.64372471885827
GPSM2	SRR5862082	142.54182790483756
GPSM2	SRR5862083	160
GPSM2	SRR5862084	230.60215020458892
GPSM2	SRR5862085	219
GPSM2	SRR5862086	44.078945582112276
GPSM2	SRR5862087	102.23101622858576
GPSM2	SRR5862088	29.166519663874094
GPSM2	SRR5862089	94.1549647512549
GPSM2	SRR5862090	228.39348320616537
GPSM2	SRR5862091	99.38454266910625
GPSM2	SRR5862092	60.23207358140868
GPSM2	SRR5862093	271.0487567566128
GPSM2	SRR5862094	287.4315833368613
GPSM2	SRR5862095	43.50676236702252
GPSM2	SRR5862096	179.39232219829586
GPSM2	SRR5862097	148.79889393410605
GPSM2	SRR5862098	351.8330638532668
GPSM2	SRR5862099	82.84711976281922
GPSM2	SRR5862100	431.1428976191602
GPSM2	SRR5862101	43.408947132344544
GPSM2	SRR5862102	210.2323328809609
GPSM2	SRR5862103	73.70048322591855
GPSM2	SRR5862104	202.8429094496608
GPSM2	SRR5862105	185.06022058249698
GPSM2	SRR5862106	162.69378154740687
GPSM2	SRR5862107	320
GPSM2	SRR5862108	209.44599235431053
GPSM2	SRR5862109	260.4681559012965
GPSM2	SRR5862110	300.3970644435409
GPSM2	SRR5862111	177.65382572607243
GPSM2	SRR5862112	166.63150505691954
GPSM2	SRR5862113	217.9125215470829
GPSM2	SRR5862114	171.8069520942391
GPSM2	SRR5862115	97.66405489084738
GPSM2	SRR5862116	66.67775419803809
GPSM2	SRR5862117	188.62129336008618
GPSM2	SRR5862118	171.43076582859356
GPSM2	SRR5862119	196.81538026552124
GPSM2	SRR5862120	262.24746888079795
GPSM2	SRR5862121	345.5074377923104
GPSM2	SRR5862122	156.32546052491566
GPSM2	SRR5862123	257.5903839803633
GPSM2	SRR5862124	149.47667723700062
GPSM2	SRR5862125	519
GPSM2	SRR5862126	212.19077771981034
GPSM2	SRR5862127	240.91173011947302
GPSM2	SRR5862128	221.81992323295216
GPSM2	SRR5862129	108.96175943996963
GPSM2	SRR5862130	246.52054117008964
GPSM2	SRR5862131	143.32412022494367
GPSM2	SRR5862132	187.1682803471912
GPSM2	SRR5862133	197.18869899840465
GPSM2	SRR5862134	169.0481941211663
GPSM2	SRR5862135	120.52481632076555
GPSM2	SRR5862136	274.0986018677537
GPSM2	SRR5862137	320.6915546933969
GPSM2	SRR5862138	254.45309012769243
GPSM2	SRR5862139	282.38505727566456
GPSM2	SRR5862140	295.97490181502883
GPSM2	SRR5862141	137.6072636971169
GPSM2	SRR5862142	239.64580545525902
GPSM2	SRR5862143	197.07089258374995
GPSM2	SRR5862144	249.43178817250134
GPSM2	SRR5862145	296.9782065669442
GPSM2	SRR5862146	126.70132851796241
GPSM2	SRR5862147	255.8648157538915
GPSM2	SRR5862148	337
GPSM2	SRR5862149	215.23258335906053
GPSM2	SRR5862150	213.52118906520633
GPSM2	SRR5862151	195.41069014363285
GPSM2	SRR5862152	138.33479248258624
GPSM2	SRR5862153	163.32011843797275
GPSM2	SRR5862154	257
GPSM2	SRR5862155	225.41665054319265
GPSM2	SRR5862156	147.7228582862241
GPSM2	SRR5862157	74.90392891968501
GPSM2	SRR5862158	354.1911032914466
GPSM2	SRR5862159	255.5070660715841
GPSM2	SRR5862160	90.32914645176184
GPSM2	SRR5862161	297.81163183512353
GPSM2	SRR5862162	132.4402757810641
GPSM2	SRR5862163	178.62825289345287
GPSM2	SRR5862164	48.30746968284471
GPSM2	SRR5862165	321.3849037431582
GPSM2	SRR5862166	309.319041460502
GPSM2	SRR5862167	257.5361753519444
GPSM2	SRR5862168	225.37147793302216
GPSM2	SRR5862169	206.764272334788
GPSM2	SRR5862170	132.4576288052653
GPSM2	SRR5862171	183.31582204705379
GPSM2	SRR5862172	236.41451652098826
GPSM2	SRR5862173	77.91674866581437
GPSM2	SRR5862174	43.19384980645804
GPSM2	SRR5862175	305.4844165607625
GPSM2	SRR5862176	297.05561200679875
GPSM2	SRR5862177	112.51762721198548
GPSM2	SRR5862178	42.1811968963036
GPSM2	SRR5862179	311.7431794822219
GPSM2	SRR5862180	10.473671856927291
GPSM2	SRR5862181	62.29272702563291
GPSM2	SRR5862182	87.81877552156347
GPSM2	SRR5862183	221.10121795143178
GPSM2	SRR5862184	152.06107598308006
GPSM2	SRR5862185	222
GPSM2	SRR5862186	195.42430809549194
GPSM2	SRR5862187	160.2037422413308
GPSM2	SRR5862188	167.32568416877868
GPSM2	SRR5862189	162.3477782579159
GPSM2	SRR5862190	352.48063886891464
GPSM2	SRR5862191	198.35182708278384
GPSM2	SRR5862192	116.02016692174928
GPSM2	SRR5862193	321.1480419088865
GPSM2	SRR5862194	276.4617671792267
GPSM2	SRR5862195	227.43443524819057
GPSM2	SRR5862196	259
GPSM2	SRR5862197	324
GPSM2	SRR5862198	23.122880533861956
GPSM2	SRR5862199	251.621862907438
GPSM2	SRR5862200	119.2608175508224
GPSM2	SRR5862201	173.40509777678687
GPSM2	SRR5862202	166.56956087621478
GPSM2	SRR5862203	99.29851881039598
GPSM2	SRR5862204	227
GPSM2	SRR5862205	301
GPSM2	SRR5862206	107.92046659022321
GPSM2	SRR5862207	257.36265403388904
GPSM2	SRR5862208	202.87769164166124
GPSM2	SRR5862209	197.20255904979905
GPSM2	SRR5862210	537
GPSM2	SRR5862211	104.31447978756766
GPSM2	SRR5862212	185.6341008962433
GPSM2	SRR5862213	137.6441998918046
GPSM2	SRR5862214	298.82349925080763
GPSM2	SRR5862215	398.944076967261
GPSM2	SRR5862216	196.71657033338283
GPSM2	SRR5862217	180.16374998987544
GPSM2	SRR5862218	215.21126406371664
GPSM2	SRR5862219	66.51781382716977
GPSM2	SRR5862220	229.02463039512384
GPSM2	SRR5862221	390
GPSM2	SRR5862222	206.6709991204051
GPSM2	SRR5862223	127.28685069097092
GPSM2	SRR5862224	147.15826050820115
GPSM2	SRR5862225	206.55233158581675
GPSM2	SRR5862226	227.245153426014
GPSM2	SRR5862227	517
GPSM2	SRR5862228	248.2315705533393
GPSM2	SRR5862229	175.02832877771482
GPSM2	SRR5862230	263.38933016344504
GPSM2	SRR5862231	298.62171305400557
GPSM2	SRR5862232	136.02796185744796
GPSM2	SRR5862233	192.53057669850693
GPSM2	SRR5862234	266.56274053646746
GPSM2	SRR5862235	248.2231739363819
GPSM2	SRR5862236	257.55109079468673
GPSM2	SRR5862237	80.41920726962063
GPSM2	SRR5862238	279.25107067842964
GPSM2	SRR5862239	200.53569448316654
GPSM2	SRR5862240	296.8088990680019
GPSM2	SRR5862241	271.6731341555459
GPSM2	SRR5862242	192.32781028689092
GPSM2	SRR5862243	206.15274772211447
GPSM2	SRR5862244	154.2008398190624
GPSM2	SRR5862245	89.60832534317487
GPSM2	SRR5862246	264.5031914615568
GPSM2	SRR5862247	198.11237004201178
GPSM2	SRR5862248	290.20875683705356
GPSM2	SRR5862249	189.83627318730709
GPSM2	SRR5862250	29.306999744544267
GPSM2	SRR5862251	180.8494109599234
GPSM2	SRR5862252	217.5538694282645
GPSM2	SRR5862253	155.19854948256253
GPSM2	SRR5862254	242.72570261976355
GPSM2	SRR5862255	144.1496292228
GPSM2	SRR5862256	190.91386660342272
GPSM2	SRR5862257	172.33916258074785
GPSM2	SRR5862258	220.56152660930044
GPSM2	SRR5862259	165.2359682415656
GPSM2	SRR5862260	62.822207436656825
GPSM2	SRR5862261	167.75032375298517
GPSM2	SRR5862262	135.3388731744489
GPSM2	SRR5862263	42.86572167692884
GPSM2	SRR5862264	143.8343810631953
GPSM2	SRR5862265	205.258316312447
GPSM2	SRR5862266	196.06931275644303
GPSM2	SRR5862267	47.48592951510709
GPSM2	SRR5862268	249.2337539764551
GPSM2	SRR5862269	215.84898831153512
GPSM2	SRR5862270	188.42611609992593
GPSM2	SRR5862271	161.9607393836161
GPSM2	SRR5862272	235.6266581266087
GPSM2	SRR5862273	239.82564592720345
GPSM2	SRR5862274	272.24564231677493
GPSM2	SRR5862275	170.18274606368243
GPSM2	SRR5862276	77.32214544053868
GPSM2	SRR5862277	153.92828665591074
GPSM2	SRR5949109	1.1498283651018633
GPSM2	SRR5949110	1.148171272003916
GPSM2	SRR5949111	1.1498283651018633
GPSM2	SRR5949112	1.1499000124654937
GPSM2	SRR5949113	1.1493287860193127
GPSM2	SRR5949114	1.1499000124654937
GPSM2	SRR5949115	1.1498283651018633
GPSM2	SRR5949116	1.149801355279094
GPSM2	SRR5949117	1.1499000124654937
GPSM2	SRR5949118	1.149757132515299
GPSM2	SRR5949119	1.1498700492655702
GPSM2	SRR5949120	1.149752993629983
GPSM2	SRR5949121	1.149727479151349
GPSM2	SRR5949122	1.149659680044542
GPSM2	SRR5949123	1.1495224477062624
GPSM2	SRR5949124	1.1489713533334538
GPSM2	SRR5949125	1.1493657120956842
GPSM2	SRR5949126	1.1496653216499102
GPSM2	SRR5949127	1.149752993629983
GPSM2	SRR5949128	1.149752993629983
GPSM2	SRR5949129	1.1498758641415114
GPSM2	SRR5949130	1.1498041981068907
GPSM2	SRR5949131	1.1496516232140812
GPSM2	SRR5949132	1.1498283651018633
GPSM2	SRR5949133	1.1496993836519698
GPSM2	SRR5949134	1.1499000124654937
GPSM2	SRR5949135	1.149801355279094
GPSM2	SRR5949136	1.1498700492655702
GPSM2	SRR5949137	1.1489979896611313
GPSM2	SRR5949138	1.1496058907069004
GPSM2	SRR5949139	1.1496653216499102
GPSM2	SRR5949140	1.1498283651018633
GPSM2	SRR5949141	1.1498758641415114
GPSM2	SRR5949142	1.1498041981068907
GPSM2	SRR5949143	1.1499000124654937
GPSM2	SRR5949144	1.149757132515299
GPSM2	SRR5949145	1.1497815594090803
GPSM2	SRR5949146	1.149752993629983
GPSM2	SRR5949147	1.149752993629983
GPSM2	SRR5949148	1.1489471817569916
GPSM2	SRR5949149	1.149757132515299
GPSM2	SRR5949150	1.1498758641415114
GPSM2	SRR5949151	1.1494823274298185
GPSM2	SRR5949152	1.1476551316063306
GPSM2	SRR5949153	1.149659680044542
GPSM2	SRR5949154	1.1487635500794011
GPSM2	SRR5949155	1.1497815594090803
GPSM2	SRR5949156	1.1498758641415114
GPSM2	SRR5949157	1.1498700492655702
GPSM2	SRR5949158	1.1499000124654937
GPSM2	SRR5949159	1.1489204896371397
GPSM2	SRR5949160	1.1498283651018633
GPSM2	SRR5949161	1.1498283651018633
GPSM2	SRR5949162	1.1498283651018633
GPSM2	SRR5949163	1.1498758641415114
GPSM2	SRR5949164	1.1499000124654937
GPSM2	SRR5949165	1.149801355279094
GPSM2	SRR5949166	1.1498758641415114
GPSM2	SRR5949167	1.149757132515299
GPSM2	SRR5949168	1.1497815594090803
GPSM2	SRR5949169	1.1447151303318799
GPSM2	SRR5949170	1.1499000124654937
GPSM2	SRR5949171	1.1496516232140812
GPSM2	SRR5949172	1.1496058907069004
GPSM2	SRR5949173	1.1498283651018633
GPSM2	SRR5949174	1.1497815594090803
GPSM2	SRR5949175	1.1499000124654937
GPSM2	SRR5949176	1.149727479151349
GPSM2	SRR5949177	1.1489132956948793
GPSM2	SRR5949178	1.1496653216499102
GPSM2	SRR5949179	1.1497815594090803
GPSM2	SRR5949180	1.1499000124654937
GPSM2	SRR5949181	1.1498700492655702
GPSM2	SRR5949182	1.149727479151349
GPSM2	SRR5949183	1.1498758641415114
GPSM2	SRR5949184	1.149801355279094
GPSM2	SRR5949185	1.1495611354981103
GPSM2	SRR5949186	1.1492630102128836
GPSM2	SRR5949187	1.1498041981068907
GPSM2	SRR5949188	1.149801355279094
GPSM2	SRR5949189	1.149752993629983
GPSM2	SRR5949190	1.149757132515299
GPSM2	SRR5949191	1.1496058907069004
GPSM2	SRR5949192	1.1498700492655702
GPSM2	SRR5949193	1.1498758641415114
GPSM2	SRR5949194	1.1498283651018633
GPSM2	SRR5949195	1.149801355279094
GPSM2	SRR5949196	1.149639556483191
GPSM2	SRR5949197	1.1494508753827517
GPSM2	SRR5949198	1.1489684643066176
GPSM2	SRR5949199	1.1496653216499102
GPSM2	SRR5949200	1.1498758641415114
GPSM2	SRR5949201	1.1497815594090803
GPSM2	SRR5949202	1.1498041981068907
GPSM2	SRR5949203	1.1498700492655702
GPSM2	SRR5949204	1.1499000124654937
GPSM2	SRR5949205	1.1499000124654937
GPSM2	SRR5949206	1.149801355279094
GPSM2	SRR5949207	1.1498283651018633
GPSM2	SRR5949208	1.149757132515299
GPSM2	SRR5949209	1.1498283651018633
GPSM2	SRR5949210	1.1497815594090803
GPSM2	SRR5949211	1.1494508753827517
GPSM2	SRR5949212	1.149757132515299
GPSM2	SRR5949213	1.1496993836519698
GPSM2	SRR5949214	1.1495224477062624
GPSM2	SRR5949215	1.149752993629983
GPSM2	SRR5949216	1.1498041981068907
GPSM2	SRR5949217	1.1498041981068907
GPSM2	SRR5949218	1.1496993836519698
GPSM2	SRR5949219	1.149727479151349
GPSM2	SRR5949220	1.1495611354981103
GPSM2	SRR5949221	1.149515806070026
GPSM2	SRR5949222	1.149752993629983
GPSM2	SRR5949223	1.1489094288850477
GPSM2	SRR5949224	1.1497815594090803
GPSM2	SRR5949225	1.1498700492655702
GPSM2	SRR5949226	1.1495611354981103
GPSM2	SRR5949227	1.1498700492655702
GPSM2	SRR5949228	1.1496058907069004
GPSM2	SRR5949229	1.149639556483191
GPSM2	SRR5949230	1.1498700492655702
GPSM2	SRR5949231	1.1494707522857042
GPSM2	SRR5949232	1.1487635500794011
GPSM2	SRR5949233	1.1489229708372037
GPSM2	SRR5949234	1.149752993629983
GPSM2	SRR5949235	1.1496058907069004
GPSM2	SRR5949236	1.1478430081697302
GPSM2	SRR5949237	1.1494610034998385
GPSM2	SRR5949238	1.1492438683694057
GPSM2	SRR5949239	1.147930185304594
GPSM2	SRR5949240	1.1498758641415114
GPSM2	SRR5949241	1.149757132515299
GPSM2	SRR5949242	1.1497815594090803
GPSM2	SRR5949243	1.1496516232140812
GPSM2	SRR5949244	1.1496653216499102
GPSM2	SRR5949245	1.1496653216499102
GPSM2	SRR5949246	1.149801355279094
GPSM2	SRR5949247	1.149752993629983
GPSM2	SRR5949248	1.149801355279094
GPSM2	SRR5949249	1.1497815594090803
GPSM2	SRR5949250	1.1499000124654937
GPSM2	SRR5949251	1.1496058907069004
GPSM2	SRR5949252	1.1498283651018633
GPSM2	SRR5949253	1.1494121443044876
GPSM2	SRR5949254	1.1495510677538354
GPSM2	SRR5949255	1.1497815594090803
GPSM2	SRR5949256	1.149659680044542
GPSM2	SRR5949257	1.1498758641415114
GPSM2	SRR5949258	1.1498758641415114
GPSM2	SRR5949259	1.149727479151349
GPSM2	SRR5949260	1.1499000124654937
GPSM2	SRR5949261	1.1499000124654937
GPSM2	SRR5949262	1.149659680044542
GPSM2	SRR5949263	1.1498041981068907
GPSM2	SRR5949264	1.149727479151349
GPSM2	SRR5949265	1.1498700492655702
GPSM2	SRR5949266	1.1490859664004887
GPSM2	SRR5949267	1.1491016556665985
GPSM2	SRR5949268	1.1498700492655702
GPSM2	SRR5949269	1.149752993629983
GPSM2	SRR5949270	1.1497815594090803
GPSM2	SRR5949271	1.1495224477062624
GPSM2	SRR5949272	1.1499000124654937
GPSM2	SRR5949273	1.1499000124654937
GPSM2	SRR5949274	1.149801355279094
GPSM2	SRR5949275	1.1495012298161975
GPSM2	SRR5949276	1.149801355279094
GPSM2	SRR5949277	1.1491016556665985
GPSM2	SRR5949278	1.1498041981068907
GPSM2	SRR5949279	1.1498041981068907
GPSM2	SRR5949280	1.1493806150832857
GPSM2	SRR5949281	1.149801355279094
GPSM2	SRR5949282	1.1499000124654937
GPSM2	SRR5949283	1.1494610034998385
GPSM2	SRR5949284	1.1499000124654937
GPSM2	SRR5949285	1.1485352709618715
GPSM2	SRR5949286	1.1490061236504394
GPSM2	SRR5949287	1.1499000124654937
GPSM2	SRR5949288	1.1498041981068907
GPSM2	SRR5949289	1.1496653216499102
GPSM2	SRR5949290	1.1499000124654937
GPSM2	SRR5949291	1.1497815594090803
GPSM2	SRR5949292	1.149752993629983
GPSM2	SRR5949293	1.1499000124654937
GPSM2	SRR5949294	1.1498758641415114
GPSM2	SRR5949295	1.1498041981068907
GPSM2	SRR5949296	1.1498041981068907
GPSM2	SRR5949297	1.1498283651018633
GPSM2	SRR5949298	1.149614382860247
GPSM2	SRR5949299	1.149757132515299
GPSM2	SRR5949300	1.1498758641415114
GPSM2	SRR5949301	1.1498758641415114
GPSM2	SRR5949302	1.1496653216499102
GPSM2	SRR5949303	1.1496516232140812
GPSM2	SRR5949304	1.1498283651018633
GPSM2	SRR5949305	1.1490061236504394
GPSM2	SRR5949306	1.1498700492655702
GPSM2	SRR5949307	1.149757132515299
GPSM2	SRR5949308	1.149801355279094
GPSM2	SRR5949309	1.1495565511841175
GPSM2	SRR5949310	1.1495565511841175
GPSM2	SRR5949311	1.1497815594090803
GPSM2	SRR5949312	1.149461221160821
GPSM2	SRR5949313	1.1497815594090803
GPSM2	SRR5949314	1.1498758641415114
GPSM2	SRR5949315	1.1497815594090803
GPSM2	SRR5949316	1.1498041981068907
GPSM2	SRR5949317	1.1492438683694057
GPSM2	SRR5949318	1.1491016556665985
GPSM2	SRR5949319	1.1498283651018633
GPSM2	SRR5949320	1.1499000124654937
GPSM2	SRR5949321	1.149801355279094
GPSM2	SRR5949322	1.149614382860247
GPSM2	SRR5949323	1.1497815594090803
GPSM2	SRR5949324	1.1499000124654937
GPSM2	SRR5949325	1.1498041981068907
GPSM2	SRR5949326	1.1497815594090803
GPSM2	SRR5949327	1.1490004023259148
GPSM2	SRR5949328	1.1498283651018633
GPSM2	SRR5949329	1.1498283651018633
GPSM2	SRR5949330	1.1498041981068907
GPSM2	SRR5949331	1.1498700492655702
GPSM2	SRR5949332	1.1499000124654937
GPSM2	SRR5949333	1.1496993836519698
GPSM2	SRR5949334	1.1494508753827517
GPSM2	SRR5949335	1.1498758641415114
GPSM2	SRR5949336	1.149801355279094
GPSM2	SRR5949337	1.1498700492655702
GPSM2	SRR5949338	1.1498041981068907
GPSM2	SRR5949339	1.1498041981068907
GPSM2	SRR5949340	1.149614382860247
GPSM2	SRR5949341	1.149727479151349
GPSM2	SRR5949342	1.1498700492655702
GPSM2	SRR5949343	1.149727479151349
GPSM2	SRR5949344	1.1498283651018633
GPSM2	SRR5949345	1.1498700492655702
GPSM2	SRR5949346	1.1489824166943214
GPSM2	SRR5949347	1.1494257243385793
GPSM2	SRR5949348	1.1487709425734813
GPSM2	SRR5949349	1.1498041981068907
GPSM2	SRR5949350	1.149757132515299
GPSM2	SRR5949351	1.1497815594090803
GPSM2	SRR5949352	1.149801355279094
GPSM2	SRR5949353	1.1498041981068907
GPSM2	SRR5949354	1.1495224477062624
GPSM2	SRR5949355	1.149727479151349
GPSM2	SRR5949356	1.1467122388088349
GPSM2	SRR5949357	1.149752993629983
GPSM2	SRR5949358	1.1497815594090803
GPSM2	SRR5949359	1.1498041981068907
GPSM2	SRR5949360	1.149727479151349
GPSM2	SRR5949361	1.1496653216499102
GPSM2	SRR5949362	1.1478188840514512
GPSM2	SRR5949363	1.1498758641415114
GPSM2	SRR5949364	1.1496058907069004
GPSM2	SRR5949365	1.1494121443044876
GPSM2	SRR5949366	1.1474377159067004
GPSM2	SRR5949367	1.1499000124654937
GPSM2	SRR5949368	1.148804618132568
GPSM2	SRR5949369	1.1498758641415114
GPSM2	SRR5949370	1.1498283651018633
GPSM2	SRR5949371	1.1495565511841175
GPSM2	SRR5949372	1.149801355279094
GPSM2	SRR5949373	1.1498758641415114
GPSM2	SRR5949374	1.1496516232140812
GPSM2	SRR5949375	1.1498758641415114
GPSM2	SRR5949376	1.1499000124654937
GPSM2	SRR5949377	1.1498041981068907
GPSM2	SRR5949378	1.1499000124654937
GPSM2	SRR5949379	1.1498041981068907
GPSM2	SRR5949380	1.1489471817569916
GPSM2	SRR5949381	1.1495012298161975
GPSM2	SRR5949382	1.1498283651018633
GPSM2	SRR5949383	1.1496993836519698
GPSM2	SRR5949384	1.1498758641415114
GPSM2	SRR5949385	1.149659680044542
GPSM2	SRR5949386	1.1499000124654937
GPSM2	SRR5949387	1.147930185304594
GPSM2	SRR5949388	1.1495224477062624
GPSM2	SRR5949389	1.1499000124654937
GPSM2	SRR5949390	1.1497815594090803
GPSM2	SRR5949391	1.1495565511841175
GPSM2	SRR5949392	1.1499000124654937
GPSM2	SRR5949393	1.1495565511841175
GPSM2	SRR5949394	1.1495012298161975
GPSM2	SRR5949395	1.1497815594090803
GPSM2	SRR5949396	1.1489204896371397
GPSM2	SRR5949397	1.1498758641415114
GPSM2	SRR5949398	1.1498700492655702
GPSM2	SRR5949399	1.1497815594090803
GPSM2	SRR5949400	1.1442239823514004
GPSM2	SRR5949401	1.1499000124654937
GPSM2	SRR5949402	1.149801355279094
GPSM2	SRR5949403	1.149757132515299
GPSM2	SRR5949404	1.1495611354981103
GPSM2	SRR5949405	1.1498041981068907
GPSM2	SRR5949406	1.1498758641415114
GPSM2	SRR5949407	1.1498041981068907
GPSM2	SRR5949408	1.1498041981068907
GPSM2	SRR5949409	1.149801355279094
GPSM2	SRR5949410	1.149801355279094
GPSM2	SRR5949411	1.1499000124654937
GPSM2	SRR5949412	1.1496653216499102
GPSM2	SRR5949413	1.1498041981068907
GPSM2	SRR5949414	1.1498283651018633
GPSM2	SRR5949415	1.1498700492655702
GPSM2	SRR5949416	1.149752993629983
GPSM2	SRR5949417	1.1496993836519698
GPSM2	SRR5949418	1.1498041981068907
GPSM2	SRR5949419	1.1498283651018633
GPSM2	SRR5949420	1.149727479151349
GPSM2	SRR5949421	1.1496993836519698
GPSM2	SRR5949422	1.149752993629983
GPSM2	SRR5949423	1.149752993629983
GPSM2	SRR5949424	1.1499000124654937
GPSM2	SRR5949425	1.149752993629983
GPSM2	SRR5949426	1.1498700492655702
GPSM2	SRR5949427	1.149752993629983
GPSM2	SRR5949428	1.1499000124654937
GPSM2	SRR5949429	1.149461221160821
GPSM2	SRR5949430	1.1497815594090803
GPSM2	SRR5949431	1.1497815594090803
GPSM2	SRR5949432	1.149801355279094
GPSM2	SRR5949433	1.149757132515299
GPSM2	SRR5949434	1.149757132515299
GPSM2	SRR5949435	1.1495510677538354
GPSM2	SRR5949436	1.1498283651018633
GPSM2	SRR5949437	1.149461221160821
GPSM2	SRR5949438	1.1493806150832857
GPSM2	SRR5949439	1.1498758641415114
GPSM2	SRR5949440	1.1498700492655702
GPSM2	SRR5949441	1.1498700492655702
GPSM2	SRR5949442	1.1496516232140812
GPSM2	SRR5949443	1.1495611354981103
GPSM2	SRR5949444	1.1495012298161975
GPSM2	SRR5949445	1.1499000124654937
GPSM2	SRR5949446	1.1498700492655702
GPSM2	SRR5949447	1.149757132515299
GPSM2	SRR5949448	1.1499000124654937
GPSM2	SRR5949449	1.1499000124654937
GPSM2	SRR5949450	1.1497815594090803
GPSM2	SRR5949451	1.1496993836519698
GPSM2	SRR5949452	1.1498041981068907
GPSM2	SRR5949453	1.1497815594090803
GPSM2	SRR5949454	1.1498041981068907
GPSM2	SRR5949455	1.149757132515299
GPSM2	SRR5949456	1.1498758641415114
GPSM2	SRR5949457	1.1498700492655702
GPSM2	SRR5949458	1.1498758641415114
GPSM2	SRR5949459	1.149801355279094
GPSM2	SRR5949460	1.1495611354981103
GPSM2	SRR5949461	1.1490004023259148
GPSM2	SRR5949462	1.1498283651018633
GPSM2	SRR5949463	1.1495510677538354
GPSM2	SRR5949464	1.1494610034998385
GPSM2	SRR5949465	1.1489587806071277
GPSM2	SRR5949466	1.1497815594090803
GPSM2	SRR5949467	1.1489471817569916
GPSM2	SRR5949468	1.1498283651018633
GPSM2	SRR5949469	1.1498700492655702
GPSM2	SRR5949470	1.1498041981068907
GPSM2	SRR5949471	1.149727479151349
GPSM2	SRR5949472	1.149801355279094
GPSM2	SRR5949473	1.149801355279094
GPSM2	SRR5949474	1.149757132515299
GPSM2	SRR5949475	1.1499000124654937
GPSM2	SRR5949476	1.1498041981068907
GPSM2	SRR5949477	1.1498700492655702
GPSM2	SRR5949478	1.149801355279094
GPSM2	SRR5949479	1.149283393549715
GPSM2	SRR5949480	1.149752993629983
GPSM2	SRR5949481	1.1498700492655702
GPSM2	SRR5949482	1.1496653216499102
GPSM2	SRR5949483	1.1492630102128836
GPSM2	SRR5949484	1.1498283651018633
GPSM2	SRR5949485	1.1495012298161975
GPSM2	SRR5949486	1.149757132515299
GPSM2	SRR5949487	1.149752993629983
GPSM2	SRR5949488	1.149461221160821
GPSM2	SRR5949489	1.1496058907069004
GPSM2	SRR5949490	1.1496058907069004
GPSM2	SRR5949491	1.149757132515299
GPSM2	SRR5949492	1.1496058907069004
GPSM2	SRR5949493	1.149727479151349
GPSM2	SRR5949494	1.1499000124654937
GPSM2	SRR5949495	1.1494707522857042
GPSM2	SRR5949496	1.149727479151349
GPSM2	SRR5949497	1.149727479151349
GPSM2	SRR5949498	1.1497815594090803
GPSM2	SRR5949499	1.1498283651018633
GPSM2	SRR5949500	1.1494121443044876
GPSM2	SRR5949501	1.149515806070026
GPSM2	SRR5949502	1.1492573238148507
GPSM2	SRR5949503	1.149639556483191
GPSM2	SRR5949504	1.1498041981068907
GPSM2	SRR5949505	1.1498041981068907
GPSM2	SRR5949506	1.1498041981068907
GPSM2	SRR5949507	1.1498700492655702
GPSM2	SRR5949508	1.149752993629983
GPSM2	SRR5949509	1.1498283651018633
GPSM2	SRR5949510	1.1498041981068907
GPSM2	SRR5949511	1.1489592829745587
GPSM2	SRR5949512	1.149801355279094
GPSM2	SRR5949513	1.1499000124654937
GPSM2	SRR5949514	1.149659680044542
GPSM2	SRR5949515	1.1498283651018633
GPSM2	SRR5949516	1.149757132515299
GPSM2	SRR5949517	1.1498041981068907
GPSM2	SRR5949518	1.149283393549715
GPSM2	SRR5949519	1.1496058907069004
GPSM2	SRR5949520	1.1498700492655702
GPSM2	SRR5949521	1.1490859664004887
GPSM2	SRR5949522	1.149801355279094
GPSM2	SRR5949523	1.1498700492655702
GPSM2	SRR5949524	1.149757132515299
GPSM2	SRR5949525	1.149659680044542
GPSM2	SRR5949526	1.1489944018824365
GPSM2	SRR5949527	1.149639556483191
GPSM2	SRR5949528	1.1483720675437479
GPSM2	SRR5949529	1.1495224477062624
GPSM2	SRR5949530	1.149727479151349
GPSM2	SRR5949531	1.1496653216499102
GPSM2	SRR5949532	1.1498700492655702
GPSM2	SRR5949533	1.1499000124654937
GPSM2	SRR5949534	1.149659680044542
GPSM2	SRR5949535	1.1498283651018633
GPSM2	SRR5949536	1.1497815594090803
GPSM2	SRR5949537	1.1498700492655702
GPSM2	SRR5949538	1.1499000124654937
GPSM2	SRR5949539	1.149727479151349
GPSM2	SRR5949540	1.1495611354981103
GPSM2	SRR5949541	1.149727479151349
GPSM2	SRR5949542	1.1495224477062624
GPSM2	SRR5949543	1.149752993629983
GPSM2	SRR5949544	1.1495611354981103
GPSM2	SRR5949545	1.149283393549715
GPSM2	SRR5949546	1.149639556483191
GPSM2	SRR5949547	1.1499000124654937
GPSM2	SRR5949548	1.149757132515299
GPSM2	SRR5949549	1.1494121443044876
GPSM2	SRR5949550	1.1489471817569916
GPSM2	SRR5949551	1.149801355279094
GPSM2	SRR5949552	1.1494823274298185
GPSM2	SRR5949553	1.1498758641415114
GPSM2	SRR5949554	1.1498041981068907
GPSM2	SRR5949555	1.1409427054301
GPSM2	SRR5949556	1.149515806070026
GPSM2	SRR5949557	1.1497815594090803
GPSM2	SRR5949558	1.1494707522857042
GPSM2	SRR5949559	1.1498283651018633
GPSM2	SRR5949560	1.1498283651018633
GPSM2	SRR5949561	1.1490061236504394
GPSM2	SRR5949562	1.1495012298161975
GPSM2	SRR5949563	1.1497815594090803
GPSM2	SRR5949564	1.149801355279094
GPSM2	SRR5949565	1.1498758641415114
GPSM2	SRR5949566	1.1498283651018633
GPSM2	SRR5949567	1.1479342052496542
GPSM2	SRR5949568	1.1495565511841175
GPSM2	SRR5949569	1.149614382860247
GPSM2	SRR5949570	1.149727479151349
GPSM2	SRR5949571	1.1493287860193127
GPSM2	SRR5949572	1.1496993836519698
GPSM2	SRR5949573	1.1495565511841175
GPSM2	SRR5949574	1.1497815594090803
GPSM2	SRR5949575	1.149752993629983
GPSM2	SRR5949576	1.1496993836519698
GPSM2	SRR5949577	1.1498758641415114
GPSM2	SRR5949578	1.1497815594090803
GPSM2	SRR5949579	1.1498283651018633
GPSM2	SRR5949580	1.1498283651018633
GPSM2	SRR5949581	1.1499000124654937
GPSM2	SRR5949582	1.149614382860247
GPSM2	SRR5949583	1.1498758641415114
GPSM2	SRR5949584	1.1489713533334538
GPSM2	SRR5949585	1.149801355279094
GPSM2	SRR5949586	1.1498041981068907
GPSM2	SRR5949587	1.149757132515299
GPSM2	SRR5949588	1.14823324140182
GPSM2	SRR5949589	1.1499000124654937
GPSM2	SRR5949590	1.149639556483191
GPSM2	SRR5949591	1.1498283651018633
GPSM2	SRR5949592	1.1496653216499102
GPSM2	SRR5949593	1.1499000124654937
GPSM2	SRR5949594	1.1496993836519698
GPSM2	SRR5949595	1.1498041981068907
GPSM2	SRR5949596	1.149757132515299
GPSM2	SRR5949597	1.1492327898220787
GPSM2	SRR5949598	1.149727479151349
GPSM2	SRR5949599	1.149639556483191
GPSM2	SRR5949600	1.1497815594090803
GPSM2	SRR5949601	1.1496993836519698
GPSM2	SRR5949602	1.1499000124654937
GPSM2	SRR5949603	1.149801355279094
GPSM2	SRR5949604	1.1498041981068907
GPSM2	SRR5949605	1.1496993836519698
GPSM2	SRR5949606	1.1494707522857042
GPSM2	SRR5949607	1.1498700492655702
GPSM2	SRR5949608	1.1490004023259148
GPSM2	SRR5950246	1.1489592829745587
GPSM2	SRR5950247	1.1494707522857042
GPSM2	SRR5950248	1.1497815594090803
GPSM2	SRR5950249	1.1499000124654937
GPSM2	SRR5950250	1.1495611354981103
GPSM2	SRR5950251	1.1497815594090803
GPSM2	SRR5950252	1.1498758641415114
GPSM2	SRR5950253	1.1498041981068907
GPSM2	SRR5950254	1.1494707522857042
GPSM2	SRR5950255	1.1492327898220787
GPSM2	SRR5950256	1.14882817140177
GPSM2	SRR5950257	1.1487945702274995
GPSM2	SRR5950258	1.149801355279094
GPSM2	SRR5950259	1.1498283651018633
GPSM2	SRR5950260	1.1497815594090803
GPSM2	SRR5950261	1.149801355279094
GPSM2	SRR5950262	1.149659680044542
GPSM2	SRR5950263	1.1492573238148507
GPSM2	SRR5950264	1.1498700492655702
GPSM2	SRR5950265	1.1495611354981103
GPSM2	SRR5950266	1.1489684643066176
GPSM2	SRR5950267	1.149801355279094
GPSM2	SRR5950268	1.1496993836519698
GPSM2	SRR5950269	1.149727479151349
GPSM2	SRR5950270	1.1494610034998385
GPSM2	SRR5950271	1.1499000124654937
GPSM2	SRR5950272	1.1499000124654937
GPSM2	SRR5950273	1.1497815594090803
GPSM2	SRR5950274	1.1496516232140812
GPSM2	SRR5950275	1.1496993836519698
GPSM2	SRR5950276	1.149801355279094
GPSM2	SRR5950277	1.149515806070026
GPSM2	SRR5950278	1.1492438683694057
GPSM2	SRR5950279	1.149757132515299
GPSM2	SRR5950280	1.1498041981068907
GPSM2	SRR5950281	1.1496993836519698
GPSM2	SRR5950282	1.1493287860193127
GPSM2	SRR5950283	1.149801355279094
GPSM2	SRR5950284	1.1466271340242074
GPSM2	SRR5950285	1.1494823274298185
GPSM2	SRR5950286	1.1497815594090803
GPSM2	SRR5950287	1.1491016556665985
GPSM2	SRR5950288	1.1495510677538354
GPSM2	SRR5950289	1.1490061236504394
GPSM2	SRR5950290	1.1498283651018633
GPSM2	SRR5950291	1.149801355279094
GPSM2	SRR5950292	1.1496653216499102
GPSM2	SRR5950293	1.1494610034998385
GPSM2	SRR5950294	1.1499000124654937
GPSM2	SRR5950295	1.1498758641415114
GPSM2	SRR5950296	1.149752993629983
GPSM2	SRR5950297	1.1494508753827517
GPSM2	SRR5950298	1.1498283651018633
GPSM2	SRR5950299	1.149614382860247
GPSM2	SRR5950300	1.149757132515299
GPSM2	SRR5950301	1.149801355279094
GPSM2	SRR5950302	1.149752993629983
GPSM2	SRR5950303	1.149614382860247
GPSM2	SRR5950304	1.149461221160821
GPSM2	SRR5950305	1.149752993629983
GPSM2	SRR5950306	1.149752993629983
GPSM2	SRR5950307	1.1496058907069004
GPSM2	SRR5950308	1.1496653216499102
GPSM2	SRR5950309	1.1496993836519698
GPSM2	SRR5950310	1.1497815594090803
GPSM2	SRR5950311	1.1498700492655702
GPSM2	SRR5950312	1.149801355279094
GPSM2	SRR5950313	1.1496653216499102
GPSM2	SRR5950314	1.1498283651018633
GPSM2	SRR5950315	1.149801355279094
GPSM2	SRR5950316	1.1498700492655702
GPSM2	SRR5950317	1.149614382860247
GPSM2	SRR5950318	1.1494610034998385
GPSM2	SRR5950319	1.149639556483191
GPSM2	SRR5950320	1.149614382860247
GPSM2	SRR5950321	1.148836459359721
GPSM2	SRR5950322	1.1495224477062624
GPSM2	SRR5950323	1.1496516232140812
GPSM2	SRR5950324	1.1498283651018633
GPSM2	SRR5950325	1.149659680044542
GPSM2	SRR5950326	1.149515806070026
GPSM2	SRR5950327	1.149801355279094
GPSM2	SRR5950328	1.149801355279094
GPSM2	SRR5950329	1.149752993629983
GPSM2	SRR5950330	1.149639556483191
GPSM2	SRR5950331	1.1493287860193127
GPSM2	SRR5950332	1.1494707522857042
GPSM2	SRR5950333	1.1498283651018633
GPSM2	SRR5950334	1.1498283651018633
GPSM2	SRR5950335	1.1498283651018633
GPSM2	SRR5950336	1.1477909267796054
GPSM2	SRR5950337	1.1490522198255662
GPSM2	SRR5950338	1.1484554126990747
GPSM2	SRR5950339	1.1499000124654937
GPSM2	SRR5950340	1.1496058907069004
GPSM2	SRR5950341	1.1496653216499102
GPSM2	SRR5950342	1.1498700492655702
GPSM2	SRR5950343	1.1496653216499102
GPSM2	SRR5950344	1.1495224477062624
GPSM2	SRR5950345	1.1496516232140812
GPSM2	SRR5950346	1.149801355279094
GPSM2	SRR5950347	1.149752993629983
GPSM2	SRR5950348	1.1496058907069004
GPSM2	SRR5950349	1.1498758641415114
GPSM2	SRR5950350	1.1497815594090803
GPSM2	SRR5950351	1.1491016556665985
GPSM2	SRR5950352	1.1498700492655702
GPSM2	SRR5950353	1.149752993629983
GPSM2	SRR5950354	1.1498700492655702
GPSM2	SRR5950355	1.1498700492655702
GPSM2	SRR5950356	1.1489979896611313
GPSM2	SRR5950357	1.1498700492655702
GPSM2	SRR5950358	1.149614382860247
GPSM2	SRR5950359	1.149727479151349
GPSM2	SRR5950360	1.1498700492655702
GPSM2	SRR5950361	1.1498700492655702
GPSM2	SRR5950362	1.1495224477062624
GPSM2	SRR5950363	1.1494508753827517
GPSM2	SRR5950364	1.149639556483191
GPSM2	SRR5950365	1.1498041981068907
GPSM2	SRR5950366	1.1498283651018633
GPSM2	SRR5950367	1.1489024179979748
GPSM2	SRR5950368	1.149752993629983
GPSM2	SRR5950369	1.1499000124654937
GPSM2	SRR5950370	1.1499000124654937
GPSM2	SRR5950371	1.149801355279094
GPSM2	SRR5950372	1.1498041981068907
GPSM2	SRR5950373	1.149757132515299
GPSM2	SRR5950374	1.149757132515299
GPSM2	SRR5950375	1.1498700492655702
GPSM2	SRR5950376	1.1499000124654937
GPSM2	SRR5950377	1.1494121443044876
GPSM2	SRR5950378	1.149757132515299
GPSM2	SRR5950379	1.149752993629983
GPSM2	SRR5950380	1.1496653216499102
GPSM2	SRR5950381	1.149659680044542
GPSM2	SRR5950382	1.1491016556665985
GPSM2	SRR5950383	1.1498758641415114
GPSM2	SRR5950384	1.1498283651018633
GPSM2	SRR5950385	1.1490859664004887
GPSM2	SRR5950386	1.1498700492655702
GPSM2	SRR5950387	1.1498758641415114
GPSM2	SRR5950388	1.1495611354981103
GPSM2	SRR5950389	1.1485352709618715
GPSM2	SRR5950390	1.1496993836519698
GPSM2	SRR5950391	1.1499000124654937
GPSM2	SRR5950392	1.1491016556665985
GPSM2	SRR5950393	1.1495565511841175
GPSM2	SRR5950394	1.149727479151349
GPSM2	SRR5950395	1.149752993629983
GPSM2	SRR5950396	1.1499000124654937
GPSM2	SRR5950397	1.1498758641415114
GPSM2	SRR5950398	1.1498758641415114
GPSM2	SRR5950399	1.149659680044542
GPSM2	SRR5950400	1.1496993836519698
GPSM2	SRR5950401	1.1498700492655702
GPSM2	SRR5950402	1.1498700492655702
GPSM2	SRR5950403	1.1497815594090803
GPSM2	SRR5950404	1.1498041981068907
GPSM2	SRR5950405	1.14823324140182
GPSM2	SRR5950406	1.1493806150832857
GPSM2	SRR5950407	1.149801355279094
GPSM2	SRR5950408	1.149461221160821
GPSM2	SRR5950409	1.1495565511841175
GPSM2	SRR5950410	1.1499000124654937
GPSM2	SRR5950411	1.1498283651018633
GPSM2	SRR5950412	1.1498700492655702
GPSM2	SRR5950413	1.1493657120956842
GPSM2	SRR5950414	1.149801355279094
GPSM2	SRR5950415	1.149614382860247
GPSM2	SRR5950416	1.1496653216499102
GPSM2	SRR5950417	1.1496993836519698
GPSM2	SRR5950418	1.1495510677538354
GPSM2	SRR5950419	1.1498700492655702
GPSM2	SRR5950420	1.149752993629983
GPSM2	SRR5950421	1.1495611354981103
GPSM2	SRR5950422	1.1494707522857042
GPSM2	SRR5950423	1.149757132515299
GPSM2	SRR5950424	1.1498283651018633
GPSM2	SRR5950425	1.1498700492655702
GPSM2	SRR5950426	1.1496058907069004
GPSM2	SRR5950427	1.1498283651018633
GPSM2	SRR5950428	1.149757132515299
GPSM2	SRR5950429	1.1498700492655702
GPSM2	SRR5950430	1.149727479151349
GPSM2	SRR5950431	1.149727479151349
GPSM2	SRR5950432	1.1498041981068907
GPSM2	SRR5950433	1.149801355279094
GPSM2	SRR5950434	1.1495611354981103
GPSM2	SRR5950435	1.149757132515299
GPSM2	SRR5950436	1.1498700492655702
GPSM2	SRR5950437	1.149727479151349
GPSM2	SRR5950438	1.1498283651018633
GPSM2	SRR5950439	1.1498758641415114
GPSM2	SRR5950440	1.145365413736815
GPSM2	SRR5950441	1.1494707522857042
GPSM2	SRR5950442	1.1497815594090803
GPSM2	SRR5950443	1.149659680044542
GPSM2	SRR5950444	1.149801355279094
GPSM2	SRR5950445	1.1498041981068907
GPSM2	SRR5950446	1.1496516232140812
GPSM2	SRR5950447	1.1494257243385793
GPSM2	SRR5950448	1.149801355279094
GPSM2	SRR5950449	1.1498041981068907
GPSM2	SRR5950450	1.1498700492655702
GPSM2	SRR5950451	1.1499000124654937
GPSM2	SRR5950452	1.1494823274298185
GPSM2	SRR5950453	1.1498283651018633
GPSM2	SRR5950454	1.1494823274298185
GPSM2	SRR5950455	1.1498283651018633
GPSM2	SRR5950456	1.149757132515299
GPSM2	SRR5950457	1.149659680044542
GPSM2	SRR5950458	1.1499000124654937
GPSM2	SRR5950459	1.149752993629983
GPSM2	SRR5950460	1.149752993629983
GPSM2	SRR5950461	1.1497815594090803
GPSM2	SRR5950462	1.1492630102128836
GPSM2	SRR5950463	1.149614382860247
GPSM2	SRR5950464	1.149515806070026
GPSM2	SRR5950465	1.1449587156171235
GPSM2	SRR5950466	1.149801355279094
GPSM2	SRR5950467	1.149752993629983
GPSM2	SRR5950468	1.149801355279094
GPSM2	SRR5950469	1.149639556483191
GPSM2	SRR5950470	1.1498700492655702
GPSM2	SRR5963912	1.1499000124654937
GPSM2	SRR5963913	1.1495224477062624
GPSM2	SRR5963914	1.1499000124654937
GPSM2	SRR5963915	1.1495611354981103
GPSM2	SRR5963916	1.1494121443044876
GPSM2	SRR5963917	1.1496993836519698
GPSM2	SRR5963918	1.149727479151349
GPSM2	SRR5963919	1.1498041981068907
GPSM2	SRR5963920	1.149757132515299
GPSM2	SRR5963921	1.1498283651018633
GPSM2	SRR5963922	1.1496653216499102
GPSM2	SRR5963923	1.149727479151349
GPSM2	SRR5963924	1.1498041981068907
GPSM2	SRR5963925	1.1495224477062624
GPSM2	SRR5963926	1.149515806070026
GPSM2	SRR5963927	1.1498758641415114
GPSM2	SRR5963928	1.1494823274298185
GPSM2	SRR5963929	1.149801355279094
GPSM2	SRR5963930	1.1493287860193127
GPSM2	SRR5963931	1.1499000124654937
GPSM2	SRR5963932	1.149757132515299
GPSM2	SRR5963933	1.149659680044542
GPSM2	SRR5963934	1.1494257243385793
GPSM2	SRR5963935	1.1499000124654937
GPSM2	SRR5963936	1.1495510677538354
GPSM2	SRR5963937	1.1492573238148507
GPSM2	SRR5963938	1.149801355279094
GPSM2	SRR5963939	1.1498041981068907
GPSM2	SRR5963940	1.1498700492655702
GPSM2	SRR5963941	1.1499000124654937
GPSM2	SRR5963942	1.1499000124654937
GPSM2	SRR5963943	1.1498283651018633
GPSM2	SRR5963944	1.1499000124654937
GPSM2	SRR5963945	1.1498758641415114
GPSM2	SRR5963946	1.149801355279094
GPSM2	SRR5963947	1.149801355279094
GPSM2	SRR5963948	1.149801355279094
GPSM2	SRR6467548	503.8932556385099
GPSM2	SRR6467549	754.3419792881558
GPSM2	SRR6467550	438.1044883252879
GPSM2	SRR6467551	632.2324094575068
GPSM2	SRR6467552	605.8475777476291
GPSM2	SRR6467553	408.63943034956685
GPSM2	SRR6467554	670.7924363279462
GPSM2	SRR6467555	632.9950611155489
GPSM2	SRR6467556	966.295681519203
GPSM2	SRR6467557	661.4683653204613
GPSM2	SRR6467558	588.6650808800554
GPSM2	SRR6467559	1115.4207275337299
GPSM2	SRR6467560	580.8735596687618
GPSM2	SRR6467561	561.1502705015132
GPSM2	SRR6467562	672.5413239340859
GPSM2	SRR6467563	1008.2091867550258
GPSM2	SRR6467564	709.1469448226817
GPSM2	SRR6467565	686.5956765757458
GPSM2	SRR6467566	442.8653550963013
GPSM2	SRR6467567	577.3226082925929
GPSM2	SRR6467568	587.399640699853
GPSM2	SRR6467569	422.0901193489892
GPSM2	SRR6467570	632.8898384404315
GPSM2	SRR6467571	722.5197325391472
GPSM2	SRR6467572	372.2763974859433
GPSM2	SRR6467573	713.8199837216431
GPSM2	SRR6467574	507
GPSM2	SRR6467575	684.201557059437
GPSM2	SRR6467576	558.599141943323
GPSM2	SRR6467577	614.8842953932648
GPSM2	SRR6467578	433.2358602246614
GPSM2	SRR6467579	617.466720901684
GPSM2	SRR6467580	683.6742506546157
GPSM2	SRR6467581	821.4976749303927
GPSM2	SRR6467582	889.4640849272857
GPSM2	SRR6467583	819
GPSM2	SRR6467584	728.6361198540706
GPSM2	SRR6467585	664.2695996447698
GPSM2	SRR6467586	598.299513129471
GPSM2	SRR6467587	664.5306424329684
GPSM2	SRR6467588	1360.5044884697472
GPSM2	SRR6467589	811
GPSM2	SRR6467590	664.8321476620317
GPSM2	SRR6467591	602.2696827880275
GPSM2	SRR6467592	479.703060870619
GPSM2	SRR6467593	597.7002809800573
GPSM2	SRR6467594	621.4397898273146
GPSM2	SRR6467595	717.5692887931834
GPSM2	SRR6467596	807
GPSM2	SRR6467597	681.2319961196866
GPSM2	SRR6467598	535.0798679848265
GPSM2	SRR6467599	582.169630902995
GPSM2	SRR6467600	478.29363877286846
GPSM2	SRR6467601	397.20363286629663
GPSM2	SRR6467602	520.0580875767115
GPSM2	SRR6467603	582
GPSM2	SRR6467604	478.01097419249186
GPSM2	SRR6467605	432.5403558984285
GPSM2	SRR6467606	553
GPSM2	SRR6467607	549
GPSM2	SRR6467608	486.2742169689579
GPSM2	SRR6467609	825.148429240611
GPSM2	SRR6467610	522.1605378578975
GPSM2	SRR6467611	409.1414359509022
GPSM2	SRR6467612	542.1284021047412
GPSM2	SRR6467613	590
GPSM2	SRR6467614	572
GPSM2	SRR6467615	732.184804760007
GPSM2	SRR6467616	412.03624404643966
GPSM2	SRR6467617	460.0476709104832
GPSM2	SRR6467618	804
GPSM2	SRR6467619	506.97115103116306
GPSM2	SRR6467620	480.2418096840785
GPSM2	SRR6467621	424.15523582171886
GPSM2	SRR6467622	375.57252188953476
GPSM2	SRR6467623	895.1356177826739
GPSM2	SRR6467624	459.08258063204903
GPSM2	SRR6467625	731
GPSM2	SRR6467626	820
GPSM2	SRR6467627	319.18014422701015
GPSM2	SRR6467628	708
GPSM2	SRR6467629	1061.6101621758753
GPSM2	SRR6467630	617.4441481671106
GPSM2	SRR6467631	805.7244153983364
GPSM2	SRR6467632	623.4428490188702
GPSM2	SRR6467633	665
GPSM2	SRR6467634	745.9692436175358
GPSM2	SRR6467635	808.0028358990721
GPSM2	SRR6467636	421.20376128334254
GPSM2	SRR6467637	586
GPSM2	SRR6467638	1026
GPSM2	SRR6467639	508.6064343589183
GPSM2	SRR6467640	298.1081924707615
GPSM2	SRR6467641	627.7738910182601
GPSM2	SRR6467642	449.9383172385577
GPSM2	SRR6467643	389.81750519488025
GPSM2	SRR6467644	819
GPSM2	SRR6467645	706.7928181641655
GPSM2	SRR6467646	882
GPSM2	SRR6467647	460.8456916041433
GPSM2	SRR6467648	496.85217519026315
GPSM2	SRR6467649	540.8471691130126
GPSM2	SRR6467650	199.08365444736063
GPSM2	SRR6467651	646.8789965955567
GPSM2	SRR6467652	713.1282788467341
GPSM2	SRR6467653	526.1696014162293
GPSM2	SRR6467654	438.6347046631186
GPSM2	SRR6467655	797
GPSM2	SRR6467656	617.6795902223851
GPSM2	SRR6467657	635
GPSM2	SRR6467658	1002
GPSM2	SRR6467659	483.6863823181503
GPSM2	SRR6467660	517.5171377907051
GPSM2	SRR6467661	791.5236992179728
GPSM2	SRR6467662	847.2189042034817
GPSM2	SRR6467663	449.2502969048167
GPSM2	SRR6467664	786.2379456987439
GPSM2	SRR6467665	882
GPSM2	SRR6467666	840
GPSM2	SRR6467667	535.9895546065917
GPSM2	SRR6467668	781.2197872233331
GPSM2	SRR6467669	854
GPSM2	SRR6467670	1295
GPSM2	SRR6467671	723.016163641117
GPSM2	SRR6467672	524.6019206783885
GPSM2	SRR6467673	380.6154377652714
GPSM2	SRR6467674	761.7350864568374
GPSM2	SRR6467675	647.5481370404999
GPSM2	SRR6467676	551.7105523084158
GPSM2	SRR6467677	786
GPSM2	SRR6467678	570
GPSM2	SRR6467679	615
GPSM2	SRR6467680	306.2509909149166
GPSM2	SRR6467681	632
GPSM2	SRR6467682	497.96259678306075
GPSM2	SRR6467683	314.48202168625926
GPSM2	SRR6467684	598.5477252221186
GPSM2	SRR6467685	315.3838156256526
GPSM2	SRR6467686	558.8036430446934
GPSM2	SRR6467687	912.0235684210667
GPSM2	SRR6467688	673
GPSM2	SRR6467689	470.61475559006226
GPSM2	SRR6467690	457.4876816909373
GPSM2	SRR6467691	459.5354717085542
GPSM2	SRR6467692	466.4684366014467
GPSM2	SRR6467693	884.8515516365751
GPSM2	SRR6467694	589.4288629633868
GPSM2	SRR6467695	294.33871575142336
GPSM2	SRR6467696	718.4131289099885
GPSM2	SRR6467697	823
GPSM2	SRR6467698	310.45297639830375
GPSM2	SRR6467699	699
GPSM2	SRR6467700	567.6560928363779
GPSM2	SRR6467701	1030
GPSM2	SRR6467702	326.6166117843453
GPSM2	SRR6467703	482.8837976150795
GPSM2	SRR6467704	499.38983897008643
GPSM2	SRR6467705	556.6113946173526
GPSM2	SRR6467706	129.3457550603424
GPSM2	SRR6467707	920
GPSM2	SRR6467708	964.661948804988
GPSM2	SRR6467709	684
GPSM2	SRR6467710	673.6056292709073
GPSM2	SRR6467711	655.8943706225542
GPSM2	SRR6467712	550.1185431079691
GPSM2	SRR6467713	1062.714361989285
GPSM2	SRR6467714	384.2810889569712
GPSM2	SRR6467715	795
GPSM2	SRR6467716	1100
GPSM2	SRR6467717	433.2561877687201
GPSM2	SRR6467718	345.23910833824823
GPSM2	SRR6467719	523.8815184106618
GPSM2	SRR6467720	847
GPSM2	SRR6467721	810.3108986306469
GPSM2	SRR6467722	961.486115927706
GPSM2	SRR6467723	1095
GPSM2	SRR6467724	873
GPSM2	SRR6467725	506
GPSM2	SRR6467726	570.2898106918232
GPSM2	SRR6467727	497.13578333129965
GPSM2	SRR6467728	1032
GPSM2	SRR6467729	545.7345560532829
GPSM2	SRR6467730	640.358755317542
GPSM2	SRR6467731	428.1896218843946
GPSM2	SRR6467732	733.8419542022244
GPSM2	SRR6467733	692.1925302432468
GPSM2	SRR6467734	1127.0655440032706
GPSM2	SRR6467735	564.628503351867
GPSM2	SRR6467736	463.8592039815612
GPSM2	SRR6467737	521.2148584739039
GPSM2	SRR6467738	504.18136985893386
GPSM2	SRR6467739	1116
GPSM2	SRR6467740	595.1630606201054
GPSM2	SRR6467741	475.96846250900205
GPSM2	SRR6467742	802
GPSM2	SRR6467743	920
GPSM2	SRR6467744	782
GPSM2	SRR6467745	641.2306707928108
GPSM2	SRR6467746	572.5061093743716
GPSM2	SRR6467747	870.5989644252802
GPSM2	SRR6467748	904.161628113717
GPSM2	SRR6467749	726
GPSM2	SRR6467750	533.2619320265901
GPSM2	SRR6467751	292.353959919334
GPSM2	SRR6467752	581.739777981709
GPSM2	SRR6467753	734.1716383421085
GPSM2	SRR6467754	883.9190099892647
GPSM2	SRR6467755	774.187074840325
GPSM2	SRR6467756	733.9236383269446
GPSM2	SRR6467757	646
GPSM2	SRR6467758	750
GPSM2	SRR6467759	572.222470821067
GPSM2	SRR6467760	288.21199048513483
GPSM2	SRR6467761	346.26470168908276
GPSM2	SRR6467762	561.7980947038653
GPSM2	SRR6467763	744.6324275722047
GPSM2	SRR6467764	1053.148074508856
GPSM2	SRR6467765	534.6639266891501
GPSM2	SRR6467766	551.0546060252518
GPSM2	SRR6467767	376.54556564618656
GPSM2	SRR6467768	443.4647643862929
GPSM2	SRR6467769	332.87961884022025
GPSM2	SRR6467770	701
GPSM2	SRR6467771	808.8067509323519
GPSM2	SRR6467772	580.0970503870839
GPSM2	SRR6467773	558.1802595801528
GPSM2	SRR6868540	150.19536223156032
GPSM2	SRR6868541	78.11347152227154
GPSM2	SRR6868542	101.65505641561886
GPSM2	SRR6868543	89.34607188256246
GPSM2	SRR6868544	134.04413889061993
GPSM2	SRR6868545	49.19678474646361
GPSM2	SRR6868546	121.9090020245163
GPSM2	SRR6868557	38.13696158262089
GPSM2	SRR6868558	69.255786322244
GPSM2	SRR6868559	102.250349353495
GPSM2	SRR6868560	180.78791188069502
GPSM2	SRR6868569	91.32632587542496
GPSM2	SRR6868570	77.65830263974037
GPSM2	SRR6868571	41.78976362742987
GPSM2	SRR6868572	173.026385273897
GPSM2	SRR6868573	55.18801069728424
GPSM2	SRR6868574	123.49412195852032
GPSM2	SRR6868575	53.35184305123112
GPSM2	SRR6868576	76.20009175061611
GPSM2	SRR6868577	67.13139932585831
GPSM2	SRR6868578	111.71347662304507
GPSM2	SRR6868579	67.86454629835144
GPSM2	SRR6868580	163.7459017290872
GPSM2	SRR6868581	62.052180300778204
GPSM2	SRR6868582	164.23729598118905
GPSM2	SRR6868585	77.70177770719194
GPSM2	SRR6868586	42.3897561284327
GPSM2	SRR6868587	40.282333598458344
GPSM2	SRR6868588	138.99307240964075
GPSM2	SRR6868589	114.24689961511046
GPSM2	SRR6868590	109.43003655023196
GPSM2	SRR6868591	120.56199063113219
GPSM2	SRR6868604	43.036220392132805
GPSM2	SRR6868605	110.43448582992424
GPSM2	SRR6868606	91.61325140815048
GPSM2	SRR6868607	166.57907202056995
GPSM2	SRR6868608	183.37917354790136
GPSM2	SRR6868609	81.44693898865935
GPSM2	SRR6868610	113.28783946543551
GPSM2	SRR6868620	161.82373465397527
GPSM2	SRR6868621	49.05871251077785
GPSM2	SRR6868622	88.08419627475156
GPSM2	SRR6868623	96.00366314055415
GPSM2	SRR6868636	73.08158671520587
GPSM2	SRR6868637	37.96616309179552
GPSM2	SRR6868638	74.29307744621342
GPSM2	SRR6868639	88.95347108459762
GPSM2	SRR6868650	57.19075203612687
GPSM2	SRR6868651	40.13652310874543
GPSM2	SRR6868652	78.33408252729602
GPSM2	SRR6868653	84.57324330856387
GPSM2	SRR6868654	139.07139316638762
GPSM2	SRR6868655	80.76357371501825
GPSM2	SRR6868665	137.96771071340228
GPSM2	SRR6868666	135.3752004934732
GPSM2	SRR6868667	79.91184045828409
GPSM2	SRR6868668	201.4957206841066
GPSM2	SRR6868669	104.7947492682772
GPSM2	SRR6868670	84.50152378662904
GPSM2	SRR6868671	183.64815881476355
GPSM2	SRR6868683	97.23070817753867
GPSM2	SRR6868684	83.29396535596699
GPSM2	SRR6868685	73.5594509294914
GPSM2	SRR6868686	188.93061829739852
GPSM2	SRR6868687	115.1535086096541
GPSM2	SRR6868688	74.9993527293047
GPSM2	SRR6868689	101.4875304095207
GPSM2	SRR6868698	68.23154559746195
GPSM2	SRR6868699	141.99515784812962
GPSM2	SRR6868700	95.51842994957488
GPSM2	SRR6868701	179.88840559056376
GPSM2	SRR6868702	138.05317627350553
GPSM2	SRR6868713	100.03740846850319
GPSM2	SRR6868714	97.79475934444257
GPSM2	SRR6868715	75.62553516891663
GPSM2	SRR6868716	143.9608170754152
GPSM2	SRR6868717	130.32883161381687
GPSM2	SRR6868718	194.7566797708234
GPSM2	SRR6868719	161.26088341104344
GPSM2	SRR6868720	170.86138700863248
GPSM2	SRR6868721	84.94909173148729
GPSM2	SRR6868722	56.9464131704366
GPSM2	SRR6868723	67.29716495849442
GPSM2	SRR6868724	83.80878055755431
GPSM2	SRR6868725	229.95651546297148
GPSM2	SRR6868726	207.49931636390448
GPSM2	SRR6868741	117.68712820588004
GPSM2	SRR7632756	205.6846540423629
GPSM2	SRR7632757	209.65759035446752
GPSM2	SRR7632758	147.55239185956285
GPSM2	SRR7632759	139.0196197063405
GPSM2	SRR7632760	185.68857596824702
GPSM2	SRR7632761	436.0962102082175
GPSM2	SRR7632762	57.674789960255794
GPSM2	SRR7632763	158.55551122218395
GPSM2	SRR7632764	98.51395901036219
GPSM2	SRR7632765	353.92741977328274
GPSM2	SRR7632766	135.07596655278772
GPSM2	SRR7632767	226.53608390603264
GPSM2	SRR7632768	130.07208574402358
GPSM2	SRR7632769	177.00849617640927
GPSM2	SRR7632770	220.813126808178
GPSM2	SRR7632771	182.61995679649422
GPSM2	SRR7632772	166.1238196356303
GPSM2	SRR7632773	360.94889132499424
GPSM2	SRR7632774	290.8342999412702
GPSM2	SRR7632775	114.51643292261359
GPSM2	SRR7632776	189.93362350208204
GPSM2	SRR7632777	239.62995552487791
GPSM2	SRR7632778	369.5371078182249
GPSM2	SRR7632779	64.64534613712067
GPSM2	SRR7632780	231.85314021270113
GPSM2	SRR7632781	93.4054467657748
GPSM2	SRR7632782	346.6776494276361
GPSM2	SRR7632783	205.49716755805312
GPSM2	SRR7632784	227.96640006625407
GPSM2	SRR7632785	191.36371779254497
GPSM2	SRR7632786	217.65397974332998
GPSM2	SRR7632787	688.684997224242
GPSM2	SRR7632788	366.8295664498558
GPSM2	SRR7632789	186.32006018729692
GPSM2	SRR7632790	174.69952887261383
GPSM2	SRR7632791	193.2773530090488
GPSM2	SRR7632792	162.17487758231098
GPSM2	SRR7632793	199.3849977164722
GPSM2	SRR7632794	225.55630061784117
GPSM2	SRR7632795	371.193845331426
GPSM2	SRR7632796	160.71510840478803
GPSM2	SRR7632797	59.84137495706087
GPSM2	SRR7632798	318.816090003125
GPSM2	SRR7632799	101.0168591630507
GPSM2	SRR7632800	225.32372021233581
GPSM2	SRR7632801	317.66260411118
GPSM2	SRR7632802	117.98949049729487
GPSM2	SRR7632803	95.23161384309353
GPSM2	SRR7632804	178.96150719126487
GPSM2	SRR7632805	325.00233008345685
GPSM2	SRR7632806	274.25942911085565
GPSM2	SRR7632807	306.65005023249233
GPSM2	SRR7632808	283.3100239558854
GPSM2	SRR7632809	119.56059669871381
GPSM2	SRR7632810	275.14335242181716
GPSM2	SRR7632811	314.1237585587203
GPSM2	SRR7632812	341.4351597291981
GPSM2	SRR7632813	308.90625392789264
GPSM2	SRR7632814	432.5344411041303
GPSM2	SRR7632815	280.18801591536976
GPSM2	SRR7632816	67.74275435574529
GPSM2	SRR7632817	98.9506843316148
GPSM2	SRR7632818	213.15019010630456
GPSM2	SRR7632819	335.8197105016156
GPSM2	SRR7632820	285.95526814756175
GPSM2	SRR7632821	387.66788596835966
GPSM2	SRR7632822	230.86903338897127
GPSM2	SRR7632823	304.11494053322076
GPSM2	SRR7632824	212.96976679891256
GPSM2	SRR7632825	453.2690525537993
GPSM2	SRR7632826	480.30966516871564
GPSM2	SRR7632827	151.89066551500215
GPSM2	SRR7632828	184.67945671580003
GPSM2	SRR7632829	207.97087141210585
GPSM2	SRR7632830	118.47450583848361
GPSM2	SRR7632831	397.65581635633464
GPSM2	SRR7632832	155.22703267735756
GPSM2	SRR7632833	89.39764812302795
GPSM2	SRR7632834	171.87466644891995
GPSM2	SRR7632835	42.17658055954107
GPSM2	SRR7632836	238.51020828425195
GPSM2	SRR7632837	274.76085425715803
GPSM2	SRR7632838	165.05010697932406
GPSM2	SRR7632839	172.96442021643898
GPSM2	SRR7632840	219.5121225024289
GPSM2	SRR7632841	106.32932937375243
GPSM2	SRR7632842	295.54924572955406
GPSM2	SRR7632843	67.4385002652572
GPSM2	SRR7632844	123.71613667729532
GPSM2	SRR7632845	309.5417051320045
GPSM2	SRR7632846	98.6521069840191
GPSM2	SRR7632847	148.41145174177163
GPSM2	SRR7632848	233.1090870538229
GPSM2	SRR7632849	319.59755300905937
GPSM2	SRR7632850	215.74464220865434
GPSM2	SRR7632851	182.83024306262064
GPSM2	SRR7632852	255.3213202910926
GPSM2	SRR7632853	232.1729327618832
GPSM2	SRR7632854	274.8026925563917
GPSM2	SRR7632855	452
GPSM2	SRR7632856	520.3520897733977
GPSM2	SRR7632857	44.01663463353088
GPSM2	SRR7632858	119.27316444615414
GPSM2	SRR7632859	112.28016012397904
GPSM2	SRR7632860	20.431727013981856
GPSM2	SRR7632861	57.99102368662833
GPSM2	SRR7632862	186.32524481366212
GPSM2	SRR7632863	64.26540183739084
GPSM2	SRR7632864	79.63023109518508
GPSM2	SRR7632865	441.6454088095541
GPSM2	SRR7632866	313.7669787278961
GPSM2	SRR7632867	228.32563617478758
GPSM2	SRR7632868	207.17700108432743
GPSM2	SRR7632869	94.24858398432006
GPSM2	SRR7632870	211.8015627300367
GPSM2	SRR7632871	62.00839104939441
GPSM2	SRR7632872	198.1847933412028
GPSM2	SRR7632873	346.45162915858714
GPSM2	SRR7632874	301.8000283334121
GPSM2	SRR7632875	353.5828076015859
GPSM2	SRR7632876	184.57894544577695
GPSM2	SRR7632877	78.08247270379452
GPSM2	SRR7632878	133.89250895432585
GPSM2	SRR7632879	411.93156232483807
GPSM2	SRR7632880	103.78921654866838
GPSM2	SRR7632881	306.15442823611716
GPSM2	SRR7632882	199.65674909609066
GPSM2	SRR7632883	117.58509232836464
GPSM2	SRR7632884	162.2919060939702
GPSM2	SRR7632885	170.8450201557647
GPSM2	SRR7632886	87.74571144965198
GPSM2	SRR7632887	186.86987189586722
GPSM2	SRR7632888	174.38010619292348
GPSM2	SRR7632889	82.73594231776966
GPSM2	SRR7632890	83.75683809990043
GPSM2	SRR7632891	115.17567115520966
GPSM2	SRR7632892	327.90119427747544
GPSM2	SRR7632893	120.42381373148206
GPSM2	SRR7632894	129.83513925702658
GPSM2	SRR7632895	229.63131796739262
GPSM2	SRR7632896	190.21257028091145
GPSM2	SRR7632897	235.9600058194313
GPSM2	SRR7632898	272.01262953691804
GPSM2	SRR7632899	355.45401587053664
GPSM2	SRR7632900	225.4929181980044
GPSM2	SRR7632901	272.72382162400953
GPSM2	SRR7632902	141.95738125604737
GPSM2	SRR7632903	276.2097066852361
GPSM2	SRR7632904	167.3665074037819
GPSM2	SRR7632905	60.12467589479644
GPSM2	SRR7632906	202.2840144840307
GPSM2	SRR7632907	116.13297131961647
GPSM2	SRR7632908	306.222145981929
GPSM2	SRR7632909	435.4992900937502
GPSM2	SRR7632910	167.11924449946318
GPSM2	SRR7632911	197.53192978810802
GPSM2	SRR7632912	166.5637724382498
GPSM2	SRR7632913	129.16413808728896
GPSM2	SRR7632914	139.2082567690754
GPSM2	SRR7632915	84.64148848372824
GPSM2	SRR7632916	150.94291024172048
GPSM2	SRR7632917	172.5927070361685
GPSM2	SRR7632918	165.16134352828757
GPSM2	SRR7632919	271.34949088514986
GPSM2	SRR7632920	254.9189441730374
GPSM2	SRR7632921	190.28559087158783
GPSM2	SRR7632922	188.62675195136782
GPSM2	SRR7632923	317.2891637692625
GPSM2	SRR7632924	252.22645699458653
GPSM2	SRR7632925	45.54383610594062
GPSM2	SRR7632926	188.42230457389442
GPSM2	SRR7632927	195.93961617224008
GPSM2	SRR7632928	327.07734912440475
GPSM2	SRR7632929	129.05740612862795
GPSM2	SRR7632930	331.29786521347745
GPSM2	SRR7632931	472.33976974858376
GPSM2	SRR7632932	104.62064821810125
GPSM2	SRR7632933	165.44699152077487
GPSM2	SRR7632934	238.04002520196732
GPSM2	SRR7632935	280.8110915547433
GPSM2	SRR7632936	120.48419714802142
GPSM2	SRR7632937	323.61925010740055
GPSM2	SRR7632938	135.52125193903638
GPSM2	SRR7632939	176.8338467166261
GPSM2	SRR7632940	318.07028178672704
GPSM2	SRR7632941	133.8132336710624
GPSM2	SRR7632942	71.47346319821139
GPSM2	SRR7632943	504
GPSM2	SRR7632944	321.8095212630442
GPSM2	SRR7632945	423
GPSM2	SRR8928966	479.2284528052614
GPSM2	SRR8928967	272.67583581096994
GPSM2	SRR8928968	624.173388014786
GPSM2	SRR8928969	214.79255664615698
GPSM2	SRR8928970	181.76022775711743
GPSM2	SRR8928971	275.133111819457
GPSM2	SRR8928972	87.57382055147201
GPSM2	SRR8928973	492.94774033900944
GPSM2	SRR8928974	105.44643853578023
GPSM2	SRR8928975	379.83297406153036
GPSM2	SRR8928976	132.51101687337763
GPSM2	SRR8928977	244.74531031904158
GPSM2	SRR8928978	245.5571828860684
GPSM2	SRR8928979	234.53497833175697
GPSM2	SRR8928980	382.02330052884963
GPSM2	SRR8928981	521.0879168295685
GPSM2	SRR8928982	381.332401603321
GPSM2	SRR8928983	493.97655303782113
GPSM2	SRR8928984	239.34562847642127
GPSM2	SRR8928985	307.1510228982824
GPSM2	SRR8928986	514.6445654264005
GPSM2	SRR8928987	652
GPSM2	SRR8928988	1624
GPSM2	SRR8928989	190.37501713868787
GPSM2	SRR8928990	487.1151182360102
GPSM2	SRR8928991	398.0425069667675
GPSM2	SRR9835604	65.93822166606081
GPSM2	SRR9835605	232.29894987223628
GPSM2	SRR9835606	212.46758581858822
GPSM2	SRR9835607	104.96184926379716
GPSM2	SRR9835608	175.5924195066571
GPSM2	SRR9835609	252
GPSM2	SRR9835610	192.90015458529993
GPSM2	SRR9835611	273.3031866193951
GPSM2	SRR9835612	138.37822700437945
GPSM2	SRR9835613	297.7675453697996
GPSM2	SRR9835614	181.83163456880132
GPSM2	SRR9835615	119.56373473649896
GPSM2	SRR9835616	466.4724776999171
GPSM2	SRR9835617	272.2163364804431
GPSM2	SRR9835618	443.38048800635653
GPSM2	SRR9835619	352
GPSM2	SRR9835620	131.64187135613227
GPSM2	SRR9835621	181.19966640911068
GPSM2	SRR9835622	351.97328271192896
GPSM2	SRR9835623	241.04335932968152
GPSM2	SRR9835624	94.04345775234991
GPSM2	SRR9835625	166.527736919555
GPSM2	SRR9835626	153.17299277106187
GPSM2	SRR9835627	209.43603365197032
GPSM2	SRR9835628	237.7098909880406
GPSM2	SRR9835629	163.28162647219676
GPSM2	SRR9835630	44.34104896275736
GPSM2	SRR9835631	48.63679474311602
GPSM2	SRR9835632	269.62983968329627
GPSM2	SRR9835633	156.1734594176495
GPSM2	SRR9835634	105.67079090183186
GPSM2	SRR9835635	179.76091039280945
GPSM2	SRR9835636	235.48238818638703
GPSM2	SRR9835637	134.60587581219002
GPSM2	SRR9835638	166.6349518892203
GPSM2	SRR9835639	127.33331904214916
GPSM2	SRR9835640	92.5222332832159
GPSM2	SRR9835641	222.87053529998906
GPSM2	SRR9835642	164.96922942267372
GPSM2	SRR9835643	334.2826320325737
GPSM2	SRR9835644	162.5341814513026
GPSM2	SRR9835645	143.12182407644994
GPSM2	SRR9835646	170.59878078826642
GPSM2	SRR9835647	240.58322543381297
GPSM2	SRR9835648	128.78597689451522
GPSM2	SRR9835649	154.82902085734193
GPSM2	SRR9835650	231.88776516585247
GPSM2	SRR9835651	311.2238737114609
GPSM2	SRR9835652	174.7553396036227
GPSM2	SRR9835653	169.47165218061167
GPSM2	SRR9835654	278.8085063388287
GPSM2	SRR9835655	325.67492253909654
GPSM2	SRR9835656	247.6674223742635
GPSM2	SRR9835657	58.87689695134191
GPSM2	SRR9835658	257.51694727646145
GPSM2	SRR9835659	208.25163588195244
GPSM2	SRR9835660	203.5445391789422
GPSM2	SRR9835661	466.8853134655985
GPSM2	SRR9835662	211.57241323663632
GPSM2	SRR9835663	86.72612565517579
GPSM2	SRR9835664	373.64372471885827
GPSM2	SRR9835665	142.59509363007174
GPSM2	SRR9835666	160
GPSM2	SRR9835667	230.93332425590057
GPSM2	SRR9835668	219
GPSM2	SRR9835669	44.144178256432824
GPSM2	SRR9835670	102.40841348444603
GPSM2	SRR9835671	94.26462235577547
GPSM2	SRR9835672	228.406710823283
GPSM2	SRR9835673	60.34649581013798
GPSM2	SRR9835674	271.1462965875199
GPSM2	SRR9835675	287.54380854834005
GPSM2	SRR9835676	43.565387014765705
GPSM2	SRR9835677	179.47576435774343
GPSM2	SRR9835678	148.90145512646473
GPSM2	SRR9835679	356.1401150558266
GPSM2	SRR9835680	82.98599904950136
GPSM2	SRR9835681	431.311233688221
GPSM2	SRR9835682	43.488919427535194
GPSM2	SRR9835683	210.32596364790064
GPSM2	SRR9835684	73.82167761646927
GPSM2	SRR9835685	203.03528873869064
GPSM2	SRR9835686	185.47664152048995
GPSM2	SRR9835687	162.76175461658644
GPSM2	SRR9835688	320
GPSM2	SRR9835689	209.5370081417314
GPSM2	SRR9835690	260.52298168046684
GPSM2	SRR9835691	300.6876239309926
GPSM2	SRR9835692	178.2174228085072
GPSM2	SRR9835693	166.6781317703217
GPSM2	SRR9835694	218.25529770954023
GPSM2	SRR9835695	171.89449592062437
GPSM2	SRR9835696	171.68050293507676
GPSM2	SRR9835697	197.0120756576591
GPSM2	SRR9835698	262.2633699347189
GPSM2	SRR9835699	345.55903588080736
GPSM2	SRR9835700	156.35358569993855
GPSM2	SRR9835701	257.7275571636883
GPSM2	SRR9835702	519
GPSM2	SRR9835703	212.22895386041836
GPSM2	SRR9835704	241.11967019198707
GPSM2	SRR9835705	221.88318013388346
GPSM2	SRR9835706	109.0056150670634
GPSM2	SRR9835707	187.20767728141718
GPSM2	SRR9835708	197.209450969384
GPSM2	SRR9835709	169.07860829702093
GPSM2	SRR9835710	120.73307531890636
GPSM2	SRR9835711	274.1213405414841
GPSM2	SRR9835712	320.8069590228334
GPSM2	SRR9835713	254.4841311789221
GPSM2	SRR9835714	282.4358623661025
GPSM2	SRR9835715	137.70721658119942
GPSM2	SRR9835716	239.71414580428333
GPSM2	SRR9835717	297.02255729896325
GPSM2	SRR9835718	126.95245006567379
GPSM2	SRR9835719	256.245442597019
GPSM2	SRR9835720	215.34808016681168
GPSM2	SRR9835721	195.9498337132415
GPSM2	SRR9835722	163.71427395287446
GPSM2	SRR9835723	257
GPSM2	SRR9835724	225.58095998568112
GPSM2	SRR9835725	148.01208097116972
GPSM2	SRR9835726	354.2548273114378
GPSM2	SRR9835727	255.75504540083097
GPSM2	SRR9835728	90.56701182129213
GPSM2	SRR9835729	297.9632937771503
GPSM2	SRR9835730	178.70345950609718
GPSM2	SRR9835731	48.35246807700185
GPSM2	SRR9835732	321.51349216269307
GPSM2	SRR9835733	309.38833461626893
GPSM2	SRR9835734	257.67520363097356
GPSM2	SRR9835735	225.41202546917367
GPSM2	SRR9835736	132.60613769982382
GPSM2	SRR9835737	183.39694751864974
GPSM2	SRR9835738	236.4249415104076
GPSM2	SRR9835739	78.09895164046306
GPSM2	SRR9835740	43.269959388195346
GPSM2	SRR9835741	305.6242743724866
GPSM2	SRR9835742	297.52534447246825
GPSM2	SRR9835743	112.75819214256309
GPSM2	SRR9835744	311.8183299927855
GPSM2	SRR9835745	62.382333131618665
GPSM2	SRR9835746	87.96685370260757
GPSM2	SRR9835747	221.186831903971
GPSM2	SRR9835748	152.56620934457288
GPSM2	SRR9835749	222
GPSM2	SRR9835750	195.63308924516065
GPSM2	SRR9835751	160.31959149124262
GPSM2	SRR9835752	167.59633107844178
GPSM2	SRR9835753	162.76933089860768
GPSM2	SRR9835754	352.48063886891464
GPSM2	SRR9835755	198.94193331167827
GPSM2	SRR9835756	116.20425901275414
GPSM2	SRR9835757	321.2974200193366
GPSM2	SRR9835758	276.6084013861318
GPSM2	SRR9835759	227.50243708150367
GPSM2	SRR9835760	259
GPSM2	SRR9835761	324.05829221085816
GPSM2	SRR9835762	23.161899475258384
GPSM2	SRR9835763	251.7380901261348
GPSM2	SRR9835764	119.32519928747374
GPSM2	SRR9835765	176.23494178038598
GPSM2	SRR9835766	167.32485291134793
GPSM2	SRR9835767	99.59561733967561
GPSM2	SRR9835768	227
GPSM2	SRR9835769	301
GPSM2	SRR9835770	108.14901831957731
GPSM2	SRR9835771	257.40381572127905
GPSM2	SRR9835772	197.48745096741308
GPSM2	SRR9835773	537
GPSM2	SRR9835774	104.59416963546238
GPSM2	SRR9835775	137.71053007893093
GPSM2	SRR9835776	298.97567649096555
GPSM2	SRR9835777	398.97386501385967
GPSM2	SRR9835778	196.83939002031943
GPSM2	SRR9835779	180.2713053519534
GPSM2	SRR9835780	215.3447775810105
GPSM2	SRR9835781	66.66290152210748
GPSM2	SRR9835782	229.1545331659979
GPSM2	SRR9835783	390
GPSM2	SRR9835784	206.8541227675679
GPSM2	SRR9835785	127.39070303913721
GPSM2	SRR9835786	147.44975715392073
GPSM2	SRR9835787	206.59665307710193
GPSM2	SRR9835788	227.38173072503025
GPSM2	SRR9835789	517
GPSM2	SRR9835790	185.34015600806285
GPSM2	SRR9835791	228.186168557382
GPSM2	SRR9835792	317.3141842991589
GPSM2	SRR9835793	179.36735886815646
GPSM2	SRR9835794	305.0548738404683
GPSM2	SRR9835795	256.9465692378831
GPSM2	SRR9835796	139.80554265867457
GPSM2	SRR9835797	450
GPSM2	SRR9835798	178.28843010661944
GPSM2	SRR9835799	186.3792295298408
GPSM2	SRR9835800	577.6839318582604
GPSM2	SRR9835801	330.667037210824
GPSM2	SRR9835802	177.71277581525902
GPSM2	SRR9867812	442.66836379585163
GPSM2	SRR9867813	294.00414129051296
GPSM2	SRR9867814	248.50979961616812
GPSM2	SRR9867815	991.5254087340608
GPSM2	SRR9867816	1288
GPSM2	SRR9867817	179.31326263354975
GPSM2	SRR9867818	1190
GPSM2	SRR9867819	55.97570746397148
GPSM2	SRR9867820	1059
GPSM2	SRR9867821	1459
GPSM2	SRR9867822	224.27521796018735
GPSM2	SRR9867823	783.315286543242
GPSM2	SRR9867824	893.0168633533456
GPSM2	SRR9867825	514.0269608763539
GPSM2	SRR9867826	238.02236750403338
GPSM2	SRR9867827	1253.1529798079914
GPSM2	SRR9867828	186.996360746299
GPSM2	SRR9867829	694.4305950263911
GPSM2	SRR9867830	909
GPSM2	SRR9867831	527.4605570998762
GPSM2	SRR9879292	254.03716966765234
GPSM2	SRR9879293	85.2226846071767
GPSM2	SRR9879294	66.30447306939503
GPSM2	SRR9879295	67.301717490744835
GPSM2	SRR9879296	72.86221940037389
GPSM2	SRR9879297	100.53386189455786
GPSM2	SRR9879298	134.41696607115696
GPSM2	SRR9879299	253.73703277314087
GPSM2	SRR9879300	107.55405039110725
GPSM2	SRR9879301	198.07125244458115
GPSM2	SRR9879302	119.22029005642389
GPSM2	SRR9879303	158.65995390021612
GPSM2	SRR9879304	113.87106820941047
GPSM2	SRR9879305	89.89717931542522
GPSM2	SRR9879306	200
GPSM2	SRR9879307	169.58741750016105
GPSM2	SRR9879308	76.86523426800163
GPSM2	SRR9879309	91.96977268494085
GPSM2	T50_307	1567.3674621036887
GPSM2	T50_313	1108.477183183444
GPSM2	T50_317	1171.9171288713278
GPSM2	T50_324	1317.79312629185
GPSM2	T50_427	586.0323131298526
GPSM2	T50_428	587.8199449407635
GPSM2	T50_431	679.2108188300024
GPSM2	T50_436	817.8328899708226
GPSM2	T50_476	631.5667272666054
GPSM2	UN_307	217.76746793604283
GPSM2	UN_313	451.20715902904556
GPSM2	UN_317	408.23988530451675
GPSM2	UN_323	1079.6797168120966
GPSM2	UN_324	214.49322911645757
GPSM2	UN_427	673.1464705042689
GPSM2	UN_428	345.3821662823711
GPSM2	UN_431	632.710083377163
GPSM2	UN_436	727.1278349950298
GPSM2	UN_476	583.1275334128192
