Gene	sample	counts
KCNJ4	CM317	1.052160686909921
KCNJ4	CMCD140	8.075302680550847
KCNJ4	CMCD147	1.0404565910580479
KCNJ4	CMCD152	11
KCNJ4	CMCD154	4.039597307908758
KCNJ4	CMCD159	1.0863042186135794
KCNJ4	CMCD161	1.0030629480920839
KCNJ4	CMCD174	1.092629434806816
KCNJ4	CMCD196	5.045948584130178
KCNJ4	CMCD198	2.058991485670094
KCNJ4	CMCD203	1.0032393128452408
KCNJ4	CMCD211	0.8033786974576899
KCNJ4	CMCD227	8.221105025334557
KCNJ4	CMCD240	4.649830194656701
KCNJ4	CMCD259	7
KCNJ4	CMCD270	7.03633569446656
KCNJ4	CMCD275	56.478188043030706
KCNJ4	CMCD282	7.092125508476378
KCNJ4	CMCD286	23.562595982305517
KCNJ4	CMCD287	26
KCNJ4	CMCD294	1.0639520056991958
KCNJ4	CMCD327	1.0051387872752835
KCNJ4	CMCD335	3.0141162848195187
KCNJ4	CMCD337	1.0066743151229853
KCNJ4	CMCD357	1.0211504641864628
KCNJ4	CMCD398	1.0060023577013604
KCNJ4	CMCD403	9.064629038914678
KCNJ4	CMCD422	3.006258856248378
KCNJ4	CMCD426	1.1140469611806236
KCNJ4	CMCD71	19.121339681527044
KCNJ4	CMCD72	1.1510750061651915
KCNJ4	CMCD76	11.025269353245122
KCNJ4	CMCD88	8.00143931384835
KCNJ4	CMSA256	40
KCNJ4	CMSA316	1.0081545114583668
KCNJ4	CMUC110	7
KCNJ4	CMUC192	5.067302248731403
KCNJ4	CMUC199	3.084562216249444
KCNJ4	CMUC200	17.039803994855152
KCNJ4	CMUC208	3.0073406910592437
KCNJ4	CMUC231	2
KCNJ4	CMUC234	1
KCNJ4	CMUC285	7.077888562113412
KCNJ4	CMUC291	1.0066043693551068
KCNJ4	CMUC295	4.003599579619063
KCNJ4	CMUC299	6.01756219407116
KCNJ4	CMUC301	7.003778878644424
KCNJ4	CMUC307	1.0027601872840743
KCNJ4	CMUC313	1.0420413939922741
KCNJ4	CMUC314	1.055846512835873
KCNJ4	CMUC323	1.0241049068913428
KCNJ4	CMUC324	1.0008998949047658
KCNJ4	CMUC331	2.018314922800797
KCNJ4	CMUC333	1.0232387540038606
KCNJ4	CMUC334	11.165143078749578
KCNJ4	CMUC346	1.0108493839910517
KCNJ4	CMUC352	7.04237775844897
KCNJ4	CMUC360	3.0043206615306097
KCNJ4	CMUC363	1.0263755677043285
KCNJ4	CMUC365	9.060231069629145
KCNJ4	CMUC366	1.0033489938746742
KCNJ4	CMUC368	2
KCNJ4	CMUC377	3.012245681593573
KCNJ4	CMUC379	1.0708063663103926
KCNJ4	CMUC380	1.01827642435426
KCNJ4	CMUC383	1.0142859766464112
KCNJ4	CMUC394	12.091460317581
KCNJ4	CMUC419	1.0249492522957178
KCNJ4	CMUC427	2
KCNJ4	CMUC428	1.0063470586203123
KCNJ4	CMUC431	1.0018586198168056
KCNJ4	CMUC435	1.0050194243862136
KCNJ4	CMUC439	1.0064361075814747
KCNJ4	CMUC89	4
KCNJ4	CS219	17.042118204886236
KCNJ4	CS256	102.23356834635598
KCNJ4	CS257	1.0944271775349645
KCNJ4	CS259	9.013910501045824
KCNJ4	CS261	1.0238230356839277
KCNJ4	CS266	30.037638130346746
KCNJ4	CS270	8.104076032505402
KCNJ4	CS277	38.58977975771844
KCNJ4	CS288	4.036062912623244
KCNJ4	CS290	4.031966666115707
KCNJ4	CS292	1.0139795313343294
KCNJ4	CS293	2.033697183472828
KCNJ4	CS301	2.0534916873175177
KCNJ4	CS306	1.0388615456941386
KCNJ4	CS308	1.0265766152062068
KCNJ4	CS315	35.98063989054346
KCNJ4	CS317	1.0722984600508352
KCNJ4	CS322	1.0134187324826138
KCNJ4	CS327	1.0047603772359066
KCNJ4	CS328	1.0566294945036847
KCNJ4	CS330	1.0768616883015538
KCNJ4	CS331	1.0187996043213206
KCNJ4	CS335	0.5048120692723962
KCNJ4	CS338	2.061665404362822
KCNJ4	CS339	1.1707547739034676
KCNJ4	CS343	1.0080789119524982
KCNJ4	CS344	1.014131256091266
KCNJ4	CS350	1.0232380192782662
KCNJ4	CS351	1.008311894542825
KCNJ4	CS361	1.0239903938396149
KCNJ4	CS388	1.034963282410878
KCNJ4	CS396	1.01090379638317
KCNJ4	CS405	3.076117364596472
KCNJ4	CS415	1.0768988297741249
KCNJ4	CS424	15.564329421938737
KCNJ4	IM293	4.021334074524245
KCNJ4	IM296	1.0674965693084089
KCNJ4	IM297	1.098769887658002
KCNJ4	IM300	144
KCNJ4	IM305	25.251252135981673
KCNJ4	IM309	7.477703679218984
KCNJ4	IM310	1.0137597798867521
KCNJ4	IM311	1.0124769275654149
KCNJ4	IM316	2.0103727018822033
KCNJ4	IM320	1.0476097382082026
KCNJ4	IM330	4.042377913421242
KCNJ4	IM332	1.0306075684228129
KCNJ4	IM340	1.056280146775053
KCNJ4	IM348	8.295691701652764
KCNJ4	IM354	12.086984274747833
KCNJ4	IM356	4.034440209791235
KCNJ4	IM364	15.260800252244174
KCNJ4	IM372	9.999907178682895
KCNJ4	IM374	1.0494515301768887
KCNJ4	IM376	2.0303480061327672
KCNJ4	IM381	1.012555790998895
KCNJ4	IM382	43.33730526656565
KCNJ4	IM385	2
KCNJ4	IM390	1.028703799246213
KCNJ4	IM397	9.102461952789666
KCNJ4	IM404	11.03170766781077
KCNJ4	IM409	2.0114579810922715
KCNJ4	IM412	1
KCNJ4	IM421	7.111289246312175
KCNJ4	IM425	1.0543133661346646
KCNJ4	IM432	1.0420143643186235
KCNJ4	IM438	2
KCNJ4	IM442	1.0426097281187585
KCNJ4	IM445	2.0231095942964687
KCNJ4	IM448	1.0230255913150224
KCNJ4	IM449	2.016893171624546
KCNJ4	IM451	2.0103727018822033
KCNJ4	IMSA256	34.13937351636833
KCNJ4	IMSA276	4
KCNJ4	IMSA286	31
KCNJ4	IMSA343	7.087645508161902
KCNJ4	IS_238	50
KCNJ4	IS238	52.71862701310411
KCNJ4	IS243	51
KCNJ4	IS253	20
KCNJ4	IS283	21
KCNJ4	IS322	1.0106397239474434
KCNJ4	IS399	10.072529602272132
KCNJ4	IS418	1.0947511027862358
KCNJ4	IS430	2.1695096796608326
KCNJ4	IS437	1.0822383787243768
KCNJ4	IS444	7.26494805854514
KCNJ4	R276CMSA	1.0649255307900556
KCNJ4	R286CMSA	16
KCNJ4	R292CMSA	11.046283828244809
KCNJ4	R292IMSA	1.0768750693977573
KCNJ4	R308CMSA	5.351772612802271
KCNJ4	R316IMSA	1.0198650539779268
KCNJ4	R347CMSA	1.0679448775774594
KCNJ4	R347IMSA	2.1308169825562393
KCNJ4	R371CMSA	1.0039962901985677
KCNJ4	SRR10104064	1.1130827181735787
KCNJ4	SRR10104065	2.011731161243777
KCNJ4	SRR10104066	1.0187563340359607
KCNJ4	SRR10104067	1.0232571372704031
KCNJ4	SRR10104068	1.004671476542523
KCNJ4	SRR10104069	1.011490802424949
KCNJ4	SRR10104070	4.1183462182290045
KCNJ4	SRR10104071	1.1619835297694339
KCNJ4	SRR10104072	2.143446479589512
KCNJ4	SRR10104073	1.0458357877247761
KCNJ4	SRR10104074	1.099722320793923
KCNJ4	SRR10104075	1.1547542285600578
KCNJ4	SRR10104076	1.0278239688724724
KCNJ4	SRR10104077	1.1040752320803593
KCNJ4	SRR10104078	2.0838428032336607
KCNJ4	SRR10104079	1.092856600461782
KCNJ4	SRR10104080	1.1254280913603063
KCNJ4	SRR10104081	1.0158936181922817
KCNJ4	SRR10104082	1.085647260281074
KCNJ4	SRR10104083	1.065596706440916
KCNJ4	SRR10104084	2.140248309671077
KCNJ4	SRR10104085	2.044970425975867
KCNJ4	SRR10104086	1.0249330155513252
KCNJ4	SRR10104087	3.0096294146943134
KCNJ4	SRR10104088	2.0182376595862515
KCNJ4	SRR10104089	2.2774248231285403
KCNJ4	SRR10104090	1.0265054935122315
KCNJ4	SRR10104091	1.0429313075146665
KCNJ4	SRR10104092	5.063826806616365
KCNJ4	SRR10104093	1.0347712127539488
KCNJ4	SRR10104094	1.0344440824548444
KCNJ4	SRR10104095	3.1665889758381707
KCNJ4	SRR10104096	1.1499993829134103
KCNJ4	SRR10104097	1.0654329597407752
KCNJ4	SRR10104098	1.0299665441303483
KCNJ4	SRR10104099	1.0483148195050975
KCNJ4	SRR10104100	5.146400279969171
KCNJ4	SRR10104101	12.066945808596353
KCNJ4	SRR10104102	1.0153539684721093
KCNJ4	SRR10104103	1.0533097010473917
KCNJ4	SRR10104104	1.0155160029658645
KCNJ4	SRR10104105	3.2513759653501935
KCNJ4	SRR10104106	2.267422074545527
KCNJ4	SRR10104107	1.0095882284245328
KCNJ4	SRR10104108	4.02743936154239
KCNJ4	SRR10104109	1.122307744225592
KCNJ4	SRR10104110	1.1932010382175424
KCNJ4	SRR10104111	2.0659422190142065
KCNJ4	SRR10104112	1.189872391069202
KCNJ4	SRR10104113	1.0362854178746606
KCNJ4	SRR10104114	1.1753108824133915
KCNJ4	SRR10104115	1.1481195623107094
KCNJ4	SRR10104116	2.095246382483523
KCNJ4	SRR10104117	2.0785855244182776
KCNJ4	SRR10104118	1.1479902353871632
KCNJ4	SRR10104119	1.1922096850664645
KCNJ4	SRR10104120	1.0274397025883788
KCNJ4	SRR10104121	2.1691340246095887
KCNJ4	SRR10104122	1.0930951060141245
KCNJ4	SRR10104123	1.085068060584876
KCNJ4	SRR10104124	2.2388032130029476
KCNJ4	SRR10104125	1.1032322088701674
KCNJ4	SRR10104126	1.0403589846827273
KCNJ4	SRR10104127	1.1896601506984525
KCNJ4	SRR10104128	1.0289581177608564
KCNJ4	SRR10104129	3.0792757934334203
KCNJ4	SRR10104130	1.0421022730678582
KCNJ4	SRR10104131	1.0113537446977683
KCNJ4	SRR10104132	6.043414762010151
KCNJ4	SRR10104133	1.1678104114751833
KCNJ4	SRR10104134	1.0304204630626266
KCNJ4	SRR10104135	1.1047925227370805
KCNJ4	SRR10104136	1.0150534484689004
KCNJ4	SRR10104137	1.1111543351913287
KCNJ4	SRR10104138	1.1987125395645137
KCNJ4	SRR10104139	1.0113843011015555
KCNJ4	SRR10104140	1.1457522859106466
KCNJ4	SRR10104141	1.0612182077092946
KCNJ4	SRR10104142	2.1055024519569985
KCNJ4	SRR10104143	1.008193511450258
KCNJ4	SRR10104144	1.0610832116326332
KCNJ4	SRR10104145	1.064530164787135
KCNJ4	SRR10104146	7.067397856311555
KCNJ4	SRR10104147	3.0051270737059346
KCNJ4	SRR10104148	1.0531465668318782
KCNJ4	SRR10104149	1.0479500129388701
KCNJ4	SRR10104150	6.069912512825159
KCNJ4	SRR10104151	5.038299315793802
KCNJ4	SRR10104152	4.022492638480282
KCNJ4	SRR10104153	1.1050859670242814
KCNJ4	SRR10104154	2.061321572898917
KCNJ4	SRR10104155	1.0906050803328398
KCNJ4	SRR10104156	1.0040671518845923
KCNJ4	SRR10104157	1.0501594045532703
KCNJ4	SRR10104158	3.061798511843683
KCNJ4	SRR10104159	1.0126727839776568
KCNJ4	SRR10104160	1.1286682368212853
KCNJ4	SRR10104161	7.012080624750691
KCNJ4	SRR10104162	1.0204815952038468
KCNJ4	SRR10104163	1.0302878151561219
KCNJ4	SRR10104164	1.019679849157473
KCNJ4	SRR10104165	1.03911950298106
KCNJ4	SRR10104166	1.0411103906912247
KCNJ4	SRR10104167	2.0452810814509017
KCNJ4	SRR10104168	1.0290037923240252
KCNJ4	SRR10104169	1.0249138391060775
KCNJ4	SRR10104170	2.060404905302753
KCNJ4	SRR10104171	1.0241039729391117
KCNJ4	SRR10104172	1.03424738641328
KCNJ4	SRR10104173	2.123617060436429
KCNJ4	SRR10104174	1.034206476188313
KCNJ4	SRR10104175	1.0226611988789944
KCNJ4	SRR10104176	1.022603053209032
KCNJ4	SRR10104177	1.0254564567414526
KCNJ4	SRR10104178	1.0386957245885173
KCNJ4	SRR10104179	1.0349830414340861
KCNJ4	SRR10104180	3.0660207196733573
KCNJ4	SRR10104181	1.027045780065536
KCNJ4	SRR10104182	3.1064103672242083
KCNJ4	SRR10104183	1.0485327945215122
KCNJ4	SRR10104184	1.0213982799506043
KCNJ4	SRR10104185	8.524018226809918
KCNJ4	SRR10104186	4.133630861831027
KCNJ4	SRR10104187	1.0797577801431373
KCNJ4	SRR10104188	1.0555862389878126
KCNJ4	SRR10104189	1.0614348924771675
KCNJ4	SRR10104190	1.1491016556665985
KCNJ4	SRR10104191	1.1421287584167092
KCNJ4	SRR10104192	2.0523615049257704
KCNJ4	SRR10104193	1.0402803652655077
KCNJ4	SRR10104194	1.0434484830599333
KCNJ4	SRR10104195	4.170112874281706
KCNJ4	SRR10104196	1.0410873692447795
KCNJ4	SRR10104197	3.0508308705489653
KCNJ4	SRR10104198	1.0259518061643405
KCNJ4	SRR10104199	1.0845523092555243
KCNJ4	SRR10104200	1.0357609839017698
KCNJ4	SRR10104201	1.026296611985634
KCNJ4	SRR10104202	1.0684453214497531
KCNJ4	SRR10104203	2.0454392168060136
KCNJ4	SRR10104204	1.0316115330113982
KCNJ4	SRR10104205	1.0269817679691475
KCNJ4	SRR10104206	1.0290184053987292
KCNJ4	SRR10104207	1.0328985759185803
KCNJ4	SRR10104208	1.0176894368252343
KCNJ4	SRR10104209	1.0231987105755664
KCNJ4	SRR10104210	1.0264643950508716
KCNJ4	SRR10104211	1.0187996043213206
KCNJ4	SRR10104212	1.0187854652070223
KCNJ4	SRR10104213	1.0607243748787123
KCNJ4	SRR10104214	1.0302508387945404
KCNJ4	SRR10104215	2.0214531921953074
KCNJ4	SRR10104216	1.062180780035933
KCNJ4	SRR10104217	1.0250110331492008
KCNJ4	SRR10104218	1.0655646431950403
KCNJ4	SRR10104219	1.0652648347042482
KCNJ4	SRR10104220	1.0355693278203462
KCNJ4	SRR10104221	1.090516632710812
KCNJ4	SRR10104222	1.0387327316632746
KCNJ4	SRR10104223	1.1801672204919216
KCNJ4	SRR10104224	1.0254993311004128
KCNJ4	SRR10104225	1.031660376130715
KCNJ4	SRR10104226	2.0785538078706414
KCNJ4	SRR10104227	1.0779388239392174
KCNJ4	SRR10104228	1.1232105220166013
KCNJ4	SRR10104229	1.0373617848705414
KCNJ4	SRR10104230	1.1040752320803593
KCNJ4	SRR10104231	1.07822501247679
KCNJ4	SRR10104232	1.0611514448074382
KCNJ4	SRR10104233	1.0734096428277802
KCNJ4	SRR10104234	1.0234328696081605
KCNJ4	SRR10104235	1.0441915254956329
KCNJ4	SRR10104236	1.0093068320098109
KCNJ4	SRR10104237	1.018564797188093
KCNJ4	SRR10104238	1.0719766937133695
KCNJ4	SRR10104239	1.0633581535162346
KCNJ4	SRR10104240	1.0749579917487644
KCNJ4	SRR10104241	1.0409403926955196
KCNJ4	SRR10104242	1.0656340036600613
KCNJ4	SRR10104243	1.0687486815714031
KCNJ4	SRR10104244	1.0398815876953509
KCNJ4	SRR10104245	1.0418117622330036
KCNJ4	SRR10104246	1.108828569841403
KCNJ4	SRR10104247	1.0579544780318526
KCNJ4	SRR10104248	1.076529224426155
KCNJ4	SRR10104249	1.0273315870858695
KCNJ4	SRR10104250	1.157197552838617
KCNJ4	SRR10104251	1.0471142307724335
KCNJ4	SRR10104252	1.1838765721178106
KCNJ4	SRR10104253	1.09991256534321
KCNJ4	SRR10104254	1.0374696909056962
KCNJ4	SRR10104255	4.124978209800732
KCNJ4	SRR10104256	1.0295241963821637
KCNJ4	SRR10104257	1.038122821814693
KCNJ4	SRR10104258	1.0309181491976231
KCNJ4	SRR10224277	1.0245658638211308
KCNJ4	SRR10224278	1.0942848190075063
KCNJ4	SRR10224279	1.0908476973919505
KCNJ4	SRR10224280	1.0228352144410537
KCNJ4	SRR10224281	1.016181154880479
KCNJ4	SRR10224282	1.0506840927867773
KCNJ4	SRR10224283	1.04241966767901
KCNJ4	SRR10224284	1.1113405704367834
KCNJ4	SRR10224285	1.1302600125483513
KCNJ4	SRR10224286	1.0254727500696328
KCNJ4	SRR10224287	3.1026194285649393
KCNJ4	SRR10224288	1.0982502736059643
KCNJ4	SRR10224289	1.095574558517596
KCNJ4	SRR10224290	1.0979938990127511
KCNJ4	SRR10224291	1.031258864476703
KCNJ4	SRR10224292	1.0118994173300337
KCNJ4	SRR10224293	1.0308254672852508
KCNJ4	SRR10224294	1.0583494992707134
KCNJ4	SRR10224295	1.0871371976243258
KCNJ4	SRR10224296	1.0551062717044821
KCNJ4	SRR10224297	1.1298237190995832
KCNJ4	SRR10224298	1.0332669442805347
KCNJ4	SRR10318388	10.0756450399872
KCNJ4	SRR10318389	7.033655460966217
KCNJ4	SRR10318390	51.64001235306175
KCNJ4	SRR10318391	7.085317956436637
KCNJ4	SRR10318392	44.62331333099814
KCNJ4	SRR10318393	4.011652692065468
KCNJ4	SRR10318394	8.108813718584468
KCNJ4	SRR10318395	78.3550691935314
KCNJ4	SRR10318396	4.033014766795356
KCNJ4	SRR10318397	3.0181910893339636
KCNJ4	SRR10318398	52.18672506599232
KCNJ4	SRR10318399	3.1506905613259986
KCNJ4	SRR10318400	30.45089841474006
KCNJ4	SRR10318401	15.055447255544703
KCNJ4	SRR10318402	23.099131487820415
KCNJ4	SRR10318403	7.034728547976487
KCNJ4	SRR10318404	47.083839511817104
KCNJ4	SRR10318405	8.020173975570835
KCNJ4	SRR10318406	59.27580822779867
KCNJ4	SRR10318407	8.079971205981243
KCNJ4	SRR10318408	24.074246672848655
KCNJ4	SRR10318409	2.0063565442893205
KCNJ4	SRR10318410	49.20249960268738
KCNJ4	SRR10318411	9.033268353326822
KCNJ4	SRR10318412	26.1287551088642
KCNJ4	SRR10318413	2.0078865942447375
KCNJ4	SRR10318414	2.0120931003087192
KCNJ4	SRR10318415	4.026417477420427
KCNJ4	SRR10318416	3.0303829559717936
KCNJ4	SRR10318417	38.278470422350196
KCNJ4	SRR10318418	3.011488683814358
KCNJ4	SRR10318419	10.040851311465163
KCNJ4	SRR10318420	50.091561215371925
KCNJ4	SRR10318421	8.03884376803464
KCNJ4	SRR10318422	6.012966650501191
KCNJ4	SRR10318423	5.008018083279314
KCNJ4	SRR10318424	7.014932768868203
KCNJ4	SRR10318425	28.18568955307254
KCNJ4	SRR10318426	1.095574558517596
KCNJ4	SRR10318427	1.1082523998937106
KCNJ4	SRR10318428	9.01256456445195
KCNJ4	SRR10318429	30.121128587654976
KCNJ4	SRR10318430	12.106212165161596
KCNJ4	SRR10318431	1.0052614054151265
KCNJ4	SRR10318432	43.07742578367596
KCNJ4	SRR10318433	1.275527749073799
KCNJ4	SRR10318434	30.095055287509958
KCNJ4	SRR10318435	60.36426671456318
KCNJ4	SRR10318436	9.025544644787203
KCNJ4	SRR10318437	35.02519479067888
KCNJ4	SRR10318438	9.01161618962827
KCNJ4	SRR10318439	7.028928514669626
KCNJ4	SRR10318440	49.78479088649328
KCNJ4	SRR10318441	7.019653468753529
KCNJ4	SRR10318442	20.581945196038255
KCNJ4	SRR10318443	4.00929848873372
KCNJ4	SRR10318444	23.20222953825091
KCNJ4	SRR10318445	5.062128773693039
KCNJ4	SRR10318446	6.024060986970406
KCNJ4	SRR10318447	4.042965317262988
KCNJ4	SRR10318448	12.086129544792314
KCNJ4	SRR10318449	33.069367741114924
KCNJ4	SRR10318450	34.1835296875649
KCNJ4	SRR10318451	47
KCNJ4	SRR10318452	12.076164703443746
KCNJ4	SRR10318453	47.946029827444164
KCNJ4	SRR10318454	33.15820324325996
KCNJ4	SRR10318455	45.2768591536958
KCNJ4	SRR10318456	19.127154480328198
KCNJ4	SRR10318457	15.024765195534812
KCNJ4	SRR10318458	15.195911497501582
KCNJ4	SRR10318459	3.0200136320895377
KCNJ4	SRR10318460	14.05662268545356
KCNJ4	SRR10318461	4.014363466614793
KCNJ4	SRR10318462	9.061336338567493
KCNJ4	SRR10318463	9.028792584785272
KCNJ4	SRR10318464	9.05748589189068
KCNJ4	SRR10318465	72.07237647060978
KCNJ4	SRR10318466	6.0574348336124295
KCNJ4	SRR10318467	11.056796595548727
KCNJ4	SRR10318468	38.37721032097243
KCNJ4	SRR10318469	26.09715264929841
KCNJ4	SRR10318470	6
KCNJ4	SRR10318471	14
KCNJ4	SRR10318472	2.008987985922139
KCNJ4	SRR10318473	3.0118560590915253
KCNJ4	SRR10318474	13.05567382787833
KCNJ4	SRR10318475	3.0123058497428357
KCNJ4	SRR10318476	33.122431975961184
KCNJ4	SRR10318495	4.0047412953778885
KCNJ4	SRR10318496	22.196660593463314
KCNJ4	SRR10318497	4.02309335762099
KCNJ4	SRR10318498	71.06706217762081
KCNJ4	SRR10318499	51.0620124158617
KCNJ4	SRR10318500	1.0058289797049942
KCNJ4	SRR10318501	66.32541305098293
KCNJ4	SRR10318502	17.009177276707888
KCNJ4	SRR10318503	30.057180847904185
KCNJ4	SRR10318504	12.081860407960171
KCNJ4	SRR10318505	105.07558437203664
KCNJ4	SRR10318506	3.036420264174501
KCNJ4	SRR10318507	3.0368424376312158
KCNJ4	SRR10318508	12.374564696477664
KCNJ4	SRR10318509	4.028218440850173
KCNJ4	SRR10318510	8.06500250867828
KCNJ4	SRR10318511	10.01260079572912
KCNJ4	SRR10318512	52.40310307591305
KCNJ4	SRR10318513	6.020277995373611
KCNJ4	SRR10318514	41.19079295803872
KCNJ4	SRR10318515	3.036555048250518
KCNJ4	SRR10318516	4.0241862006174385
KCNJ4	SRR10318517	10.027021148755608
KCNJ4	SRR10318518	6.044044626261921
KCNJ4	SRR10318519	6.028948523219674
KCNJ4	SRR10318520	52.104596336093365
KCNJ4	SRR10318521	8.029402203433735
KCNJ4	SRR10318522	33.04607006965715
KCNJ4	SRR10318523	2.004594427862749
KCNJ4	SRR10318524	6.047599746912376
KCNJ4	SRR10318525	28.177336509774364
KCNJ4	SRR10318526	1.0066340409403034
KCNJ4	SRR10318527	6.002159164987308
KCNJ4	SRR10318528	47.12125101870865
KCNJ4	SRR10318529	2.004533149999212
KCNJ4	SRR10318530	11.075856089214035
KCNJ4	SRR10318531	64.58005543565775
KCNJ4	SRR10318532	2.0170082407898886
KCNJ4	SRR10318533	4.094613176174307
KCNJ4	SRR10318534	47.84035120794541
KCNJ4	SRR10318535	2.0316052449308053
KCNJ4	SRR10318536	3.012438681081086
KCNJ4	SRR10318537	19.210564697928806
KCNJ4	SRR10318538	3.0057180847904186
KCNJ4	SRR10318539	6.0450174302891035
KCNJ4	SRR10318540	55.30514429752841
KCNJ4	SRR10318541	4.029600541705775
KCNJ4	SRR10318542	4.033186749863266
KCNJ4	SRR10318543	2.0204630238696017
KCNJ4	SRR10318544	2.0050352987003524
KCNJ4	SRR10318545	30.267060177174404
KCNJ4	SRR10318546	2.0028804410204066
KCNJ4	SRR10318547	2.008142511628122
KCNJ4	SRR10318548	1.0049305007724685
KCNJ4	SRR10318549	4.028709848264105
KCNJ4	SRR10318568	4.012839219592418
KCNJ4	SRR10318569	7.006299264333361
KCNJ4	SRR10318570	2.021987149772358
KCNJ4	SRR10318571	3.0026996847142975
KCNJ4	SRR10318572	2.009649507739891
KCNJ4	SRR10318573	9.013910501045824
KCNJ4	SRR10318574	83.20642130543847
KCNJ4	SRR10318575	7.033773277089619
KCNJ4	SRR10318576	3.013155161196022
KCNJ4	SRR10318577	18.053976317986418
KCNJ4	SRR10318578	3.0026996847142975
KCNJ4	SRR10318579	6.0190110575019915
KCNJ4	SRR10318580	56.08065234857138
KCNJ4	SRR10318581	12
KCNJ4	SRR10875803	2.448276244203426
KCNJ4	SRR10875804	1.6631822621046608
KCNJ4	SRR10875805	2.0796995997156027
KCNJ4	SRR10875806	1.734151480580335
KCNJ4	SRR10875807	0.9691618824824831
KCNJ4	SRR10875808	1.8266585912316753
KCNJ4	SRR10875809	2.5389689042452153
KCNJ4	SRR10875810	1.819474501679994
KCNJ4	SRR10875812	1
KCNJ4	SRR10875813	4.071374088869607
KCNJ4	SRR10875814	1.004071255814061
KCNJ4	SRR10875815	1
KCNJ4	SRR10875816	1
KCNJ4	SRR10875817	2.3161381158111056
KCNJ4	SRR10875818	0.7268311347932428
KCNJ4	SRR10875819	2
KCNJ4	SRR10875820	1.2448457672874211
KCNJ4	SRR10875821	0.9531566620757606
KCNJ4	SRR10875822	0.5103861546630654
KCNJ4	SRR10875823	3
KCNJ4	SRR10875824	3.0272371734395676
KCNJ4	SRR10875825	1.0018312243074385
KCNJ4	SRR10875826	2.5336766369791217
KCNJ4	SRR10875827	1.2813332807608482
KCNJ4	SRR10875829	0.7543213669360967
KCNJ4	SRR10875830	1
KCNJ4	SRR10875831	1.0036351212296024
KCNJ4	SRR10875832	3
KCNJ4	SRR10875834	1.0034239111583483
KCNJ4	SRR10875835	3
KCNJ4	SRR10875836	0.9427069927825823
KCNJ4	SRR10875837	4.020680176761477
KCNJ4	SRR10875838	1
KCNJ4	SRR10875839	2.224407761188208
KCNJ4	SRR10875840	0.8170668416907784
KCNJ4	SRR10875841	1.00387382637289
KCNJ4	SRR10875842	2.7805107181198077
KCNJ4	SRR10875843	1.6559260101910216
KCNJ4	SRR10875844	1.6076072423242769
KCNJ4	SRR10875845	1.8123995090529232
KCNJ4	SRR10875846	1.0694605176713157
KCNJ4	SRR10875847	5.52113726585363
KCNJ4	SRR10875848	2
KCNJ4	SRR10875849	0.9657723126899237
KCNJ4	SRR10875850	2.0003598284620874
KCNJ4	SRR10875851	1.7504646880033694
KCNJ4	SRR10875852	0.8094141607297325
KCNJ4	SRR10875853	1.002266574999606
KCNJ4	SRR10875854	0.8413842400708483
KCNJ4	SRR10875855	0.7318078959485699
KCNJ4	SRR10875856	0.6754474422152104
KCNJ4	SRR10875857	1.1600527186464107
KCNJ4	SRR10875858	0.9377881010298534
KCNJ4	SRR10875859	1
KCNJ4	SRR10875860	1.3090552229170664
KCNJ4	SRR10875861	1.7747522183628122
KCNJ4	SRR10875862	2.3250269357057727
KCNJ4	SRR10875863	1.0054730022593972
KCNJ4	SRR10875864	2
KCNJ4	SRR10875865	1.6952071631376693
KCNJ4	SRR10875866	1.4880985523776502
KCNJ4	SRR10875867	0.9605953800572812
KCNJ4	SRR10875868	0.6151572233432534
KCNJ4	SRR10875869	2
KCNJ4	SRR10875870	0.6758292860645876
KCNJ4	SRR10875871	2.0003598284620874
KCNJ4	SRR10875872	3.5090058171452156
KCNJ4	SRR10875873	1.6143451463165925
KCNJ4	SRR10875874	1.75921614784469
KCNJ4	SRR10875875	1.9780079709870813
KCNJ4	SRR10875876	2
KCNJ4	SRR10875877	0.8092683355211371
KCNJ4	SRR10875878	1.0079578989702365
KCNJ4	SRR10875879	1
KCNJ4	SRR10875880	1.0040544375604268
KCNJ4	SRR10875881	0.7814916796958193
KCNJ4	SRR10875882	2
KCNJ4	SRR10875883	1.0064943962475852
KCNJ4	SRR10875884	0.97467766091674
KCNJ4	SRR10875885	3.0057180847904186
KCNJ4	SRR10875886	1.0075645039987202
KCNJ4	SRR10875887	2
KCNJ4	SRR10875888	1.0282669362329202
KCNJ4	SRR10875889	1.002266574999606
KCNJ4	SRR10875890	3.006799724998818
KCNJ4	SRR10875891	1
KCNJ4	SRR10875892	0.9980256347565621
KCNJ4	SRR10875893	2
KCNJ4	SRR10875894	1.5565917710343637
KCNJ4	SRR10875895	2
KCNJ4	SRR10875896	1.01011154427121
KCNJ4	SRR10875897	1.002610457415912
KCNJ4	SRR10875898	1.9060648968409417
KCNJ4	SRR10875899	1.8009118633110923
KCNJ4	SRR10875900	2.007631378941374
KCNJ4	SRR10875901	2.0044251279968677
KCNJ4	SRR10875902	3.013932012349417
KCNJ4	SRR12430469	1
KCNJ4	SRR12430470	0.8522624702009965
KCNJ4	SRR12430471	0.973304284575122
KCNJ4	SRR12430472	1.9280217836659614
KCNJ4	SRR12430473	1
KCNJ4	SRR12430474	0.6799366029384285
KCNJ4	SRR12430475	0.6527639697361387
KCNJ4	SRR12430476	1
KCNJ4	SRR12765534	12
KCNJ4	SRR12765535	25.066447535997685
KCNJ4	SRR12765536	14.064807407735614
KCNJ4	SRR12765537	20.08476638036746
KCNJ4	SRR12765538	16.54874969593385
KCNJ4	SRR12765539	13.408366549566868
KCNJ4	SRR12765540	6.018793721891143
KCNJ4	SRR12765541	12.116443815921528
KCNJ4	SRR12765542	9
KCNJ4	SRR12765543	8.131326517758756
KCNJ4	SRR12765544	20.232100067982927
KCNJ4	SRR12765545	9.085204531204761
KCNJ4	SRR12765546	13.3933541109249
KCNJ4	SRR12765547	6.048634787005185
KCNJ4	SRR12765548	20.409191470031654
KCNJ4	SRR12765549	10.076734929427573
KCNJ4	SRR12765550	6.2407045440557045
KCNJ4	SRR12765551	2.027703411734355
KCNJ4	SRR12765552	6.2495126087831245
KCNJ4	SRR12765553	7.313512789166137
KCNJ4	SRR12765554	6.191624745774127
KCNJ4	SRR12765555	13.270142902308901
KCNJ4	SRR12765556	7.108495033106165
KCNJ4	SRR12765557	15.157960703951678
KCNJ4	SRR12765558	2.103329399220781
KCNJ4	SRR12765559	34.06480496095808
KCNJ4	SRR12765560	1.0193147872805552
KCNJ4	SRR12765561	30.085148815957346
KCNJ4	SRR12765562	3.0472215595958216
KCNJ4	SRR12765563	2.014622592404181
KCNJ4	SRR12765564	6.012701513019038
KCNJ4	SRR12765565	3.012799374696497
KCNJ4	SRR12765566	6.043249506731167
KCNJ4	SRR12765567	19.252511958106666
KCNJ4	SRR12765568	4.041624701512121
KCNJ4	SRR12765569	40.46032166011714
KCNJ4	SRR12765570	17.122016855122446
KCNJ4	SRR12765571	14.156642611572329
KCNJ4	SRR12765572	6.039770787221573
KCNJ4	SRR12765573	2.0691670820272456
KCNJ4	SRR12765574	13.0904748423888
KCNJ4	SRR12765575	2.0484462470874036
KCNJ4	SRR12765576	12.299311909051623
KCNJ4	SRR12765577	1.0460059726823405
KCNJ4	SRR12765578	14.21258994201913
KCNJ4	SRR12765579	1.008549757583579
KCNJ4	SRR12765580	14.159927046562538
KCNJ4	SRR12765581	1.0162640458244836
KCNJ4	SRR12765582	14.01407320261857
KCNJ4	SRR12765583	1.008894629432837
KCNJ4	SRR12765584	12.15033795662147
KCNJ4	SRR12765585	3.033473541703986
KCNJ4	SRR12765586	8.042487394989227
KCNJ4	SRR12765587	4.0473322150411075
KCNJ4	SRR12765588	7.048974023721059
KCNJ4	SRR12765589	3.0551260134627074
KCNJ4	SRR12765590	10.294216534098712
KCNJ4	SRR12765591	1.0281334706568328
KCNJ4	SRR12765592	11.181904408809846
KCNJ4	SRR12765593	2.0168658911428556
KCNJ4	SRR12765594	14.325851246881832
KCNJ4	SRR12765595	3.036054663518931
KCNJ4	SRR12765596	6.026779721259613
KCNJ4	SRR12765597	1.0080835603035434
KCNJ4	SRR12765598	3.0216950304135266
KCNJ4	SRR12765599	1.003093611368694
KCNJ4	SRR12765600	6.258561248169962
KCNJ4	SRR12765601	6.1329734371574025
KCNJ4	SRR12765602	17.14743243879461
KCNJ4	SRR12765603	1.0100331670398786
KCNJ4	SRR12765604	17.13877130074603
KCNJ4	SRR12765605	1.0078157404057295
KCNJ4	SRR12765606	13.17294625993368
KCNJ4	SRR12765607	5.0439187390864255
KCNJ4	SRR12765608	21.186518933562777
KCNJ4	SRR12765609	7.033965618670738
KCNJ4	SRR12765610	28.24539140624121
KCNJ4	SRR12765611	7.03893381714354
KCNJ4	SRR12765612	10.045616509459837
KCNJ4	SRR12765613	22.132807310378006
KCNJ4	SRR12765614	11.051421872979413
KCNJ4	SRR12765615	30.275496280711202
KCNJ4	SRR12765616	4.024732733434085
KCNJ4	SRR12765617	26.221143042641852
KCNJ4	SRR12765618	2.0471441745814363
KCNJ4	SRR12765619	4.0875555833858925
KCNJ4	SRR12765620	2.0163621405904326
KCNJ4	SRR12765621	15.039347301824726
KCNJ4	SRR12765622	3.0660767011093486
KCNJ4	SRR12765623	18
KCNJ4	SRR12765624	5.01989736600306
KCNJ4	SRR12765625	4.033430617219942
KCNJ4	SRR12765626	2.009922442278996
KCNJ4	SRR12765627	13.007017917482504
KCNJ4	SRR12765628	5.2082024495800265
KCNJ4	SRR12765629	9.292352549091188
KCNJ4	SRR12765630	10.01725803535813
KCNJ4	SRR12765631	4.024240632465608
KCNJ4	SRR12765632	2.013170362593027
KCNJ4	SRR12765633	1.0195633163121216
KCNJ4	SRR12765634	9.049190857714738
KCNJ4	SRR12765635	2.046428424410931
KCNJ4	SRR12765636	17.207735483603805
KCNJ4	SRR12765637	3.1070276117509206
KCNJ4	SRR12765638	10
KCNJ4	SRR12765639	1.0312383739753317
KCNJ4	SRR12765640	12.060966925391492
KCNJ4	SRR12765641	1.0191101951053518
KCNJ4	SRR12765642	19.046491043375212
KCNJ4	SRR12765643	3.042510089765554
KCNJ4	SRR12765644	13.046639202548514
KCNJ4	SRR12765645	3.0869778017881186
KCNJ4	SRR12765646	29.19804279742664
KCNJ4	SRR12765647	1.0292969953121303
KCNJ4	SRR12765648	25.297668791156905
KCNJ4	SRR12765649	8.396308382858894
KCNJ4	SRR12765650	3.055153682877002
KCNJ4	SRR12765651	14.395923037921214
KCNJ4	SRR12765652	7.07548624218816
KCNJ4	SRR12774664	1.0053155170153698
KCNJ4	SRR12774665	1.0135566637804032
KCNJ4	SRR12774666	1.0106916250716198
KCNJ4	SRR12774667	1.015112987886643
KCNJ4	SRR12774668	1.0534151748540257
KCNJ4	SRR12774669	1.0186226106952725
KCNJ4	SRR12774670	1.0491130199238774
KCNJ4	SRR12774671	1.0484655565231629
KCNJ4	SRR12774672	1.0061938437846794
KCNJ4	SRR12774673	1.01435609135224
KCNJ4	SRR12774674	1.0244413045784626
KCNJ4	SRR12774675	2.069304185161144
KCNJ4	SRR12774676	1.0065547698859227
KCNJ4	SRR12774677	2.0219519165450515
KCNJ4	SRR12774678	1.0438847092278365
KCNJ4	SRR12774679	1.023414658310555
KCNJ4	SRR12774680	2.0284825048572457
KCNJ4	SRR12774681	1.008730043871159
KCNJ4	SRR12774682	2.0213054236899834
KCNJ4	SRR12774683	1.0071464844271232
KCNJ4	SRR12774684	2.0105777894485675
KCNJ4	SRR12774685	2.014778924439725
KCNJ4	SRR12774686	1.0181683338140572
KCNJ4	SRR12774687	1.0294604238537992
KCNJ4	SRR1609360	2.0992249576925177
KCNJ4	SRR1609361	2.0528846368458797
KCNJ4	SRR1609362	2.1370002626826157
KCNJ4	SRR1609363	45.334524793478344
KCNJ4	SRR1609364	14.12247349280389
KCNJ4	SRR1609365	11.16097381274082
KCNJ4	SRR1609366	17.097860374907388
KCNJ4	SRR1609367	8.021862136973025
KCNJ4	SRR1609368	20.113059392989072
KCNJ4	SRR1609369	9.008099054142892
KCNJ4	SRR1609370	21.043811993738647
KCNJ4	SRR1609371	10.304964007766504
KCNJ4	SRR1609372	11.009076826751377
KCNJ4	SRR1609373	46.34781775294682
KCNJ4	SRR1609374	22.05779953261252
KCNJ4	SRR1609375	15.099972200759222
KCNJ4	SRR1609376	4.06505410622036
KCNJ4	SRR1609377	7.037667640581644
KCNJ4	SRR1609378	14.248820126817325
KCNJ4	SRR1609379	7.01281857015207
KCNJ4	SRR1609380	13.208031172883226
KCNJ4	SRR1609381	9.006478660460283
KCNJ4	SRR1609382	10.145549576818974
KCNJ4	SRR1609383	3.031580778925743
KCNJ4	SRR1609384	17.167944618639098
KCNJ4	SRR1609385	10.07487455393186
KCNJ4	SRR1609386	1.0067982845157166
KCNJ4	SRR1609387	5.038034495901551
KCNJ4	SRR1609388	9.117334847227058
KCNJ4	SRR1609389	14.0354984121245
KCNJ4	SRR1609390	7.092125508476378
KCNJ4	SRR1609391	7.450217990078709
KCNJ4	SRR1609392	11.17374648799714
KCNJ4	SRR1609393	3.1354804589703598
KCNJ4	SRR1609394	17.4829587140263
KCNJ4	SRR1609395	4.022492638480282
KCNJ4	SRR1609396	6.006827697001689
KCNJ4	SRR1609397	13.194224274518122
KCNJ4	SRR1609398	11.051909199044621
KCNJ4	SRR1609399	16.061887539761194
KCNJ4	SRR1609400	5.011095747462479
KCNJ4	SRR1609401	14.151209517982776
KCNJ4	SRR1609402	25.112349824026737
KCNJ4	SRR1609403	14.04560188196928
KCNJ4	SRR1609404	29.354252330481263
KCNJ4	SRR1609405	13.08876294859998
KCNJ4	SRR1609406	10.040978458593543
KCNJ4	SRR1609407	19.04606092588238
KCNJ4	SRR1609408	22.173353817321903
KCNJ4	SRR1609409	6.1157017688612445
KCNJ4	SRR1609410	4
KCNJ4	SRR1609411	4.213926977779049
KCNJ4	SRR1609412	7
KCNJ4	SRR1609413	12.506988126814006
KCNJ4	SRR1609414	10.01651013035654
KCNJ4	SRR1609415	13.002338885003567
KCNJ4	SRR1609416	4.010876816663404
KCNJ4	SRR1609417	17.11633058219108
KCNJ4	SRR1609418	16.023264951747095
KCNJ4	SRR1609419	46.225690757431764
KCNJ4	SRR1609420	8.038217658514165
KCNJ4	SRR1609421	35.227263143344274
KCNJ4	SRR1609422	8.136005966394771
KCNJ4	SRR1609423	2.1086267322693293
KCNJ4	SRR1609424	11.87265946163981
KCNJ4	SRR1609425	27.04457735196266
KCNJ4	SRR1609426	14.066866510514954
KCNJ4	SRR1609427	3.0159686019596372
KCNJ4	SRR1609428	31.270485123637968
KCNJ4	SRR1609429	9.01161618962827
KCNJ4	SRR1609430	3.0125307702572686
KCNJ4	SRR1609431	3.0227538888357772
KCNJ4	SRR1609432	22.034003447000906
KCNJ4	SRR1609433	10.084913498862338
KCNJ4	SRR1609434	15.22926168755763
KCNJ4	SRR1609435	6.027679760678146
KCNJ4	SRR1609436	10.032740821844483
KCNJ4	SRR1609437	5.110814143292969
KCNJ4	SRR1609438	7.228151526832729
KCNJ4	SRR1609439	8.12035094113109
KCNJ4	SRR1609440	10.025798089086946
KCNJ4	SRR1609441	19.043064924992514
KCNJ4	SRR1609442	25.18524110265153
KCNJ4	SRR1609443	5.044578262456255
KCNJ4	SRR1609444	11.00593823786981
KCNJ4	SRR1609445	23.081178744659642
KCNJ4	SRR1609446	5.05714629836981
KCNJ4	SRR1609447	3.702992657874146
KCNJ4	SRR1609448	21.186587241473347
KCNJ4	SRR1609449	13.032564410412123
KCNJ4	SRR1609450	29.060502277067652
KCNJ4	SRR1609451	1.013157817128191
KCNJ4	SRR1609452	2.5280106526686255
KCNJ4	SRR1609453	20.036836772499136
KCNJ4	SRR1609454	4.065599093842974
KCNJ4	SRR1609455	1.252344349611058
KCNJ4	SRR1609456	15.073435110429434
KCNJ4	SRR1609457	17.113824975061025
KCNJ4	SRR1609458	2.481859220628708
KCNJ4	SRR1609459	12.046967881473622
KCNJ4	SRR1609460	7.06929279888023
KCNJ4	SRR1609461	21.03588951594154
KCNJ4	SRR1609462	2.0074814858723964
KCNJ4	SRR1609463	5.033021846775534
KCNJ4	SRR1609464	6.068944814549694
KCNJ4	SRR1609465	5.061387423442019
KCNJ4	SRR1609466	1.1216427607845454
KCNJ4	SRR1609467	1.0121540748943918
KCNJ4	SRR1609468	17.029338660108824
KCNJ4	SRR1609469	15.002698713465655
KCNJ4	SRR1609470	5.0242611561933845
KCNJ4	SRR1609471	5.01072161079157
KCNJ4	SRR1609472	5.436826502646063
KCNJ4	SRR1609473	16.929560423975335
KCNJ4	SRR1609474	14.03629506383528
KCNJ4	SRR1609475	9.199612053191755
KCNJ4	SRR1609476	30.47819747987423
KCNJ4	SRR1609477	14.0802058676459
KCNJ4	SRR1609478	1.0232796925205707
KCNJ4	SRR1609479	21.22360084602943
KCNJ4	SRR1609480	12
KCNJ4	SRR1609481	2.0212436349928793
KCNJ4	SRR1609482	5.018550299388059
KCNJ4	SRR1609483	10.046132934463577
KCNJ4	SRR1609484	20.161403611966236
KCNJ4	SRR1609485	11.009898843952424
KCNJ4	SRR1609486	10.032740821844483
KCNJ4	SRR1609487	10.039962901985676
KCNJ4	SRR1609488	11.015842425612234
KCNJ4	SRR1609489	12.026629793909947
KCNJ4	SRR1609490	16.269504752581206
KCNJ4	SRR1609491	11.039463940617972
KCNJ4	SRR1609492	15
KCNJ4	SRR1609493	4.018275982954585
KCNJ4	SRR1609494	20.11961864509018
KCNJ4	SRR1609495	10.02266574999606
KCNJ4	SRR1609496	5.004499474523829
KCNJ4	SRR1609497	18.016198108285785
KCNJ4	SRR1609498	8.002878886649745
KCNJ4	SRR1609499	31.065624483931696
KCNJ4	SRR1609500	6.010354821214879
KCNJ4	SRR1609501	13.016778940574168
KCNJ4	SRR1609502	29.380583813281262
KCNJ4	SRR1609503	2.515462450334251
KCNJ4	SRR1609504	12
KCNJ4	SRR1609505	4
KCNJ4	SRR1609506	8.159975893615176
KCNJ4	SRR1609507	11.067826385349989
KCNJ4	SRR1609508	12.006478077676157
KCNJ4	SRR1609509	24.154132794267767
KCNJ4	SRR1609510	6.03418948025632
KCNJ4	SRR1609511	1.0375190831321666
KCNJ4	SRR1609512	4.013574983676928
KCNJ4	SRR1609513	5.016302559534238
KCNJ4	SRR1609514	5.249026092994625
KCNJ4	SRR1609515	16.031693404878578
KCNJ4	SRR1609516	21.088292044524938
KCNJ4	SRR1609517	17.391435052355376
KCNJ4	SRR1609518	20.032407877148252
KCNJ4	SRR1609519	6.010354821214879
KCNJ4	SRR1609520	1.0793712363413515
KCNJ4	SRR1609521	6.010070421702394
KCNJ4	SRR1609522	2.0489442940089795
KCNJ4	SRR1609523	3.014382113023633
KCNJ4	SRR1609524	12.2028088696912
KCNJ4	SRR1609525	20.110961562737604
KCNJ4	SRR1609526	1.020687225978975
KCNJ4	SRR1609527	11
KCNJ4	SRR1609528	26.23145215355115
KCNJ4	SRR1609529	9.235455914588977
KCNJ4	SRR1609530	3.014678698339007
KCNJ4	SRR1609531	30.115268182440406
KCNJ4	SRR1609532	2.0147641936113563
KCNJ4	SRR1609533	4.1552842035707185
KCNJ4	SRR1609534	5.006590342323173
KCNJ4	SRR1609535	2.0895998772747233
KCNJ4	SRR1609536	1.0111854977845782
KCNJ4	SRR1609537	28.108557763553314
KCNJ4	SRR1609538	21
KCNJ4	SRR1609539	3.0187234879683995
KCNJ4	SRR1609540	9
KCNJ4	SRR1609541	1.1005986779971142
KCNJ4	SRR1609542	29.06878952776525
KCNJ4	SRR1609543	5.01043142708063
KCNJ4	SRR1609544	6.035624272798969
KCNJ4	SRR1609545	5.054853419087832
KCNJ4	SRR1609546	8
KCNJ4	SRR1609547	14.073039107811312
KCNJ4	SRR1609548	12.221833838636865
KCNJ4	SRR1609549	22.238902868604654
KCNJ4	SRR1609550	72
KCNJ4	SRR1609551	2.0234870545600563
KCNJ4	SRR1609552	11.05025895312511
KCNJ4	SRR1609553	13.034552718718796
KCNJ4	SRR1609554	14.128998363793437
KCNJ4	SRR1609555	4.014240752706545
KCNJ4	SRR1609556	1.0226028348590848
KCNJ4	SRR1609557	15.095164855112486
KCNJ4	SRR1609558	9.039066894795273
KCNJ4	SRR1609559	5.214656537573333
KCNJ4	SRR1609560	13.096463350834066
KCNJ4	SRR1609561	4.010441829663648
KCNJ4	SRR1609562	32.032167320271014
KCNJ4	SRR1609563	29.12983786117032
KCNJ4	SRR1609564	11.010536492296707
KCNJ4	SRR1609565	19.484457902571965
KCNJ4	SRR1609566	14.047315322538426
KCNJ4	SRR1609567	3.7766702166224047
KCNJ4	SRR1609568	18
KCNJ4	SRR1609569	8
KCNJ4	SRR1609570	2.036214241562273
KCNJ4	SRR1609571	1.0245516446814755
KCNJ4	SRR1609572	4.0541339131009115
KCNJ4	SRR1609573	1.020175146030604
KCNJ4	SRR1609574	5.026222836132075
KCNJ4	SRR1609575	5.368499298487533
KCNJ4	SRR1609576	31.124836442220506
KCNJ4	SRR1609577	10.042350812424864
KCNJ4	SRR1609578	16.028541110405822
KCNJ4	SRR1609579	3.020487185940687
KCNJ4	SRR1609580	11.085542441828478
KCNJ4	SRR1609581	5.210855152533714
KCNJ4	SRR1609582	7.059126100685912
KCNJ4	SRR1609583	13.471189576135883
KCNJ4	SRR1609584	2.0041390008217292
KCNJ4	SRR1609585	4.003599579619063
KCNJ4	SRR1609586	7.550374136804049
KCNJ4	SRR1609587	9.110239561598373
KCNJ4	SRR1609588	9.126220869098717
KCNJ4	SRR1609589	15.039868521598612
KCNJ4	SRR1609590	12.004318329974616
KCNJ4	SRR1609591	22.07202980805786
KCNJ4	SRR1609592	15.103937202331101
KCNJ4	SRR1609593	6.033536828435885
KCNJ4	SRR1609594	6.15388903176653
KCNJ4	SRR1609595	7.1755039464695205
KCNJ4	SRR1609596	16.042036023718197
KCNJ4	SRR1609597	37.156698005972
KCNJ4	SRR1609598	11.30748102905785
KCNJ4	SRR1609599	1.0215262413064172
KCNJ4	SRR1609600	7.219002793271695
KCNJ4	SRR1609601	2.0567471607067103
KCNJ4	SRR1609602	3.4901856741334076
KCNJ4	SRR1609603	36
KCNJ4	SRR1609604	27.191761142473418
KCNJ4	SRR1609605	8.062015857832778
KCNJ4	SRR1609606	8.130721285681808
KCNJ4	SRR1609607	5.025334912018602
KCNJ4	SRR1609608	10.206596050691408
KCNJ4	SRR1609609	7.232445499379609
KCNJ4	SRR1609610	18
KCNJ4	SRR1609611	33.574107556700426
KCNJ4	SRR1609612	13.030438349006882
KCNJ4	SRR1609613	8.007199159238127
KCNJ4	SRR1609614	7.083194418865527
KCNJ4	SRR1609615	13.041589289134283
KCNJ4	SRR1609616	23
KCNJ4	SRR1609617	16
KCNJ4	SRR1609618	18.058137183509466
KCNJ4	SRR1609619	4.014650264269253
KCNJ4	SRR1609620	22.28242975616096
KCNJ4	SRR1609621	21.184002978411844
KCNJ4	SRR1609622	3.1191621773383544
KCNJ4	SRR1609623	4.077659617165097
KCNJ4	SRR1609624	2.4673392840574664
KCNJ4	SRR1609625	17.027546695576014
KCNJ4	SRR1609626	4.031831595880946
KCNJ4	SRR1609627	14.07810344336241
KCNJ4	SRR1609628	26.049916715536842
KCNJ4	SRR1609629	2.033256030190902
KCNJ4	SRR1609630	29.0823105220921
KCNJ4	SRR1609631	14
KCNJ4	SRR1609632	18
KCNJ4	SRR1609633	8.02932641597873
KCNJ4	SRR1609634	25.21005297695662
KCNJ4	SRR1609635	1.0252958338928058
KCNJ4	SRR1609636	8.27225380912453
KCNJ4	SRR1609637	6.0248387126479015
KCNJ4	SRR1609638	6.149970294730481
KCNJ4	SRR1609639	19.106199956713635
KCNJ4	SRR1609640	11.001979056541481
KCNJ4	SRR1609641	10.002851723145936
KCNJ4	SRR1609642	12
KCNJ4	SRR1609643	5.061387423442019
KCNJ4	SRR1609644	15.01619956559564
KCNJ4	SRR1609645	11.03552827881134
KCNJ4	SRR1609646	1.0023994629801138
KCNJ4	SRR1609647	1.0212982971415507
KCNJ4	SRR1609648	30.109679132660634
KCNJ4	SRR1609649	6.050082184671977
KCNJ4	SRR1609650	21.157983618050586
KCNJ4	SRR1609651	18.062182538450468
KCNJ4	SRR1609652	1.0036044413997351
KCNJ4	SRR1609653	14.715942422133422
KCNJ4	SRR1609654	4.140579132340897
KCNJ4	SRR1609655	3.020640034984301
KCNJ4	SRR1609656	10.146617285827944
KCNJ4	SRR1609657	2.0265412275789445
KCNJ4	SRR1609658	4.081451364093437
KCNJ4	SRR1609659	12.096803165616935
KCNJ4	SRR1609660	12.047385394132194
KCNJ4	SRR1609661	17.025243086112315
KCNJ4	SRR1609662	23.108537416184205
KCNJ4	SRR1609663	13.034690818708002
KCNJ4	SRR1609664	3.02206714450476
KCNJ4	SRR1609665	28
KCNJ4	SRR1609666	10.168930220669719
KCNJ4	SRR1609667	2.005976115517015
KCNJ4	SRR1609668	1.126374524616663
KCNJ4	SRR1609669	8.158067892238932
KCNJ4	SRR1746771	6.40063309119792
KCNJ4	SRR1746772	6.484671188702025
KCNJ4	SRR1746773	3.82221306260914
KCNJ4	SRR1746774	12.340623338628838
KCNJ4	SRR1746775	1.8865057658824989
KCNJ4	SRR1746776	9.878035839677084
KCNJ4	SRR1746777	7.204267908864946
KCNJ4	SRR1746778	3.2405599574963393
KCNJ4	SRR1746779	10.757832615099447
KCNJ4	SRR1746780	3.706823546148313
KCNJ4	SRR1746781	11.797123813501793
KCNJ4	SRR1746782	1.0045689957386463
KCNJ4	SRR1746783	13
KCNJ4	SRR1746784	8
KCNJ4	SRR1782685	8.1309610523443
KCNJ4	SRR1782686	2.0490370135679346
KCNJ4	SRR1782687	9.112011128239747
KCNJ4	SRR1782688	12.203323482195861
KCNJ4	SRR1782689	2.0364578339379573
KCNJ4	SRR1782690	10.20948197159392
KCNJ4	SRR1782691	6.0108035977222265
KCNJ4	SRR1782692	25.20991332200877
KCNJ4	SRR1782693	5.04577806779536
KCNJ4	SRR1782694	4.065138558918358
KCNJ4	SRR1782695	9.006478660460283
KCNJ4	SRR1782696	18.061327867459962
KCNJ4	SRR1782697	21.186787218089574
KCNJ4	SRR1782698	21.04445529556663
KCNJ4	SRR1782699	7.174847262861623
KCNJ4	SRR1782700	8.062080244697762
KCNJ4	SRR1782701	11.07015604520111
KCNJ4	SRR1782702	22.238457346756114
KCNJ4	SRR1782703	16.06318052550959
KCNJ4	SRR1782704	13.207996410466553
KCNJ4	SRR1782705	1.024627921670523
KCNJ4	SRR1782706	14.036117324721724
KCNJ4	SRR1782707	2.0077973182419098
KCNJ4	SRR1782708	4.215208594724618
KCNJ4	SRR1782709	3.15040858107456
KCNJ4	SRR1782710	7
KCNJ4	SRR1782711	6.069890650967259
KCNJ4	SRR1782712	29.351689013666512
KCNJ4	SRR1782713	9.199717021300504
KCNJ4	SRR1782714	5.436631989076652
KCNJ4	SRR1782715	14.03506936505921
KCNJ4	SRR1782716	15.227441335108995
KCNJ4	SRR1782717	11.009076826751377
KCNJ4	SRR1782718	11.161584224426525
KCNJ4	SRR1782719	10.074140567609241
KCNJ4	SRR1782720	14.248900552816078
KCNJ4	SRR1782721	1.1217593509927906
KCNJ4	SRR1782722	9.008099054142892
KCNJ4	SRR1782723	5.01133287499803
KCNJ4	SRR1782724	5.057870399701355
KCNJ4	SRR1782725	2.1381985443167246
KCNJ4	SRR1782726	5.03840770337015
KCNJ4	SRR1782727	15
KCNJ4	SRR1782728	10.306785213210727
KCNJ4	SRR1782729	12.411236682974083
KCNJ4	SRR1782730	5.007201102551016
KCNJ4	SRR1782731	7.230302692762709
KCNJ4	SRR1782732	11.877185214378645
KCNJ4	SRR1782733	7.06948611175808
KCNJ4	SRR1782734	24.152229692669923
KCNJ4	SRR1782735	6.028213133947646
KCNJ4	SRR1782736	12.224638749236279
KCNJ4	SRR1782737	17.028532861490117
KCNJ4	SRR1782738	2.099800988636866
KCNJ4	SRR1782739	3.0315652449181596
KCNJ4	SRR1782740	7.08432686002342
KCNJ4	SRR1782741	2.109360200553903
KCNJ4	SRR1782742	72
KCNJ4	SRR1782743	29.059220874915987
KCNJ4	SRR1782744	9.045536705730763
KCNJ4	SRR1782745	5.061713518082981
KCNJ4	SRR1782746	1.0203040710648652
KCNJ4	SRR1782747	3.0228606890768277
KCNJ4	SRR1782748	13.195389313054026
KCNJ4	SRR1782749	9.117686378242343
KCNJ4	SRR1782750	9.012680160452192
KCNJ4	SRR1782751	11.174850345308583
KCNJ4	SRR1782752	5.034299201927988
KCNJ4	SRR1782753	4.004252811561096
KCNJ4	SRR1782754	10.085680787439216
KCNJ4	SRR1782755	29.080045431238155
KCNJ4	SRR1782756	3.1369145051518807
KCNJ4	SRR1782757	22.032358351973414
KCNJ4	SRR1782758	10.018005996203712
KCNJ4	SRR1782759	9.040266339143768
KCNJ4	SRR1782760	10.145475398780029
KCNJ4	SRR1782761	2.2477003525390753
KCNJ4	SRR1782762	7.4544787155303895
KCNJ4	SRR1782763	20.110624702927673
KCNJ4	SRR1782764	6.007295578336671
KCNJ4	SRR1782765	14.046266526814929
KCNJ4	SRR1782766	14.151891375874724
KCNJ4	SRR1782767	17.168919067287046
KCNJ4	SRR1782768	15.099999849966427
KCNJ4	SRR1782769	14.122087318200801
KCNJ4	SRR1782770	11.052166244712447
KCNJ4	SRR1782771	1.0068292462162547
KCNJ4	SRR1782772	7.038259556000352
KCNJ4	SRR1782773	25.110393935622884
KCNJ4	SRR1782774	22.056152660930042
KCNJ4	SRR1782775	4.081222881197842
KCNJ4	SRR1782776	11.167564046643733
KCNJ4	SRR1782777	13.002338885003567
KCNJ4	SRR1782778	26.048324115236944
KCNJ4	SRR1782779	2.0568581033138913
KCNJ4	SRR1782780	29.381263542747867
KCNJ4	SRR1782781	4.141436178933182
KCNJ4	SRR1782782	1.0208564420797066
KCNJ4	SRR1782783	3.0193057165355195
KCNJ4	SRR1782784	11.03766302274183
KCNJ4	SRR1782785	26.02807924703244
KCNJ4	SRR1782786	1.0254091193769634
KCNJ4	SRR1782787	11
KCNJ4	SRR1782788	1.0037988754978042
KCNJ4	SRR1782789	33.57343580254086
KCNJ4	SRR1782790	6.034070719981654
KCNJ4	SRR1782791	6.0360988540371885
KCNJ4	SRR1782792	27.18688360555639
KCNJ4	SRR1782793	1.0375153886962647
KCNJ4	SRR1782794	3.0207633152991202
KCNJ4	SRR1782795	1.0214531830775024
KCNJ4	SRR1782796	1.0800775530816074
KCNJ4	SRR1782797	6.154226036256727
KCNJ4	SRR1782798	17.334792368294508
KCNJ4	SRR1782799	20.032407877148252
KCNJ4	SRR1782800	16.02880959392594
KCNJ4	SRR1782801	17.0955937135412
KCNJ4	SRR1782802	46.34337533492814
KCNJ4	SRR1782803	20.074201197552235
KCNJ4	SRR1782804	8.022018752027574
KCNJ4	SRR1782805	7.012604197342598
KCNJ4	SRR1782806	2.005438408331702
KCNJ4	SRR1782807	3.1070984120261516
KCNJ4	SRR1782808	15.40240531242792
KCNJ4	SRR1782809	6.08251637435931
KCNJ4	SRR1782810	4.067735841613158
KCNJ4	SRR1782811	25.07879266127711
KCNJ4	SRR1782812	40.51390291392793
KCNJ4	SRR1782813	21.132648403275937
KCNJ4	SRR1782814	15.197640289244932
KCNJ4	SRR1782815	6.374975045223373
KCNJ4	SRR1782816	11.00593823786981
KCNJ4	SRR1782817	4.014363466614793
KCNJ4	SRR1782818	9.126625974169935
KCNJ4	SRR1782819	11.308732707650035
KCNJ4	SRR1782820	13.468803526902667
KCNJ4	SRR1782821	13.035525972581166
KCNJ4	SRR1782822	20.16063990057058
KCNJ4	SRR1782823	5.0193853149202345
KCNJ4	SRR1782824	14.080636294517978
KCNJ4	SRR1782825	20.11697464626413
KCNJ4	SRR1782826	17.11818206741961
KCNJ4	SRR1782827	4.054263734819688
KCNJ4	SRR1782828	22
KCNJ4	SRR1782829	12
KCNJ4	SRR1782830	3.1184780175944566
KCNJ4	SRR1782831	5.369597112756828
KCNJ4	SRR1782832	7.230429074467912
KCNJ4	SRR1782833	1.0233328160231223
KCNJ4	SRR1782834	15.002698713465655
KCNJ4	SRR1782835	3.346847297733384
KCNJ4	SRR1782836	15.583949794168662
KCNJ4	SRR1782837	21.59080288379349
KCNJ4	SRR1782838	2.0268035153163715
KCNJ4	SRR1782839	9.12818236627144
KCNJ4	SRR1782840	21.180305706260157
KCNJ4	SRR1782841	8.122146241264318
KCNJ4	SRR1782842	12
KCNJ4	SRR1782843	6.149335862270288
KCNJ4	SRR1782844	10.002851723145936
KCNJ4	SRR1782845	4.076773769760854
KCNJ4	SRR1782846	14.078410425265526
KCNJ4	SRR1782847	3.702526204418485
KCNJ4	SRR1782848	2.4679248494336052
KCNJ4	SRR1782849	2.4815635339191813
KCNJ4	SRR1782850	1.2523904174212142
KCNJ4	SRR1782851	2.5280171151217217
KCNJ4	SRR1782852	1.264344673893091
KCNJ4	SRR1782853	3.7774033696148677
KCNJ4	SRR1782854	14.045837150582274
KCNJ4	SRR1782855	13.03135803251574
KCNJ4	SRR1782856	14.074818380771301
KCNJ4	SRR1782857	25.180635430282535
KCNJ4	SRR1782858	11.011879681436803
KCNJ4	SRR1782859	27.04375063415014
KCNJ4	SRR1782860	19.043064924992514
KCNJ4	SRR1782861	20.037426126707373
KCNJ4	SRR1782862	8.037752144759724
KCNJ4	SRR1782863	10.026579014399074
KCNJ4	SRR1782864	7.092515465617732
KCNJ4	SRR1782865	3.0128478064334607
KCNJ4	SRR1782866	23.081178744659642
KCNJ4	SRR1782867	8.136436039264426
KCNJ4	SRR1782868	4.014663207989365
KCNJ4	SRR1782869	10.035127014580056
KCNJ4	SRR1782870	13.032564410412123
KCNJ4	SRR1782871	3.0161432745349903
KCNJ4	SRR1782872	4.011116793216188
KCNJ4	SRR1782873	14.065400671595324
KCNJ4	SRR1782874	35.22758520967224
KCNJ4	SRR1782875	24.12447242258644
KCNJ4	SRR1782876	12.047792521828645
KCNJ4	SRR1782877	4.013695644633393
KCNJ4	SRR1782878	4.032226181794882
KCNJ4	SRR1782879	10.148064632833469
KCNJ4	SRR1782880	21.089004699385832
KCNJ4	SRR1782881	10.041769234190895
KCNJ4	SRR1782882	30.10588531912127
KCNJ4	SRR1782883	6.010987345844631
KCNJ4	SRR1782884	2.0014397023245074
KCNJ4	SRR1782885	36
KCNJ4	SRR1782886	20.1114293041434
KCNJ4	SRR1782887	32.02977574584356
KCNJ4	SRR1782888	18.059124812200633
KCNJ4	SRR1782889	17.07407901534767
KCNJ4	SRR1782890	17.02627539086434
KCNJ4	SRR1782891	8.00575880929803
KCNJ4	SRR1782892	6.011151718900833
KCNJ4	SRR1782893	31.121561235584057
KCNJ4	SRR1782894	1.0115931161663667
KCNJ4	SRR1782895	30.11130179632835
KCNJ4	SRR1782896	12.025933301002382
KCNJ4	SRR1782897	13.036499299113697
KCNJ4	SRR1782898	29.065730674988576
KCNJ4	SRR1782899	28.106204582320004
KCNJ4	SRR1782900	5.005399855198546
KCNJ4	SRR1782901	11.011057516343161
KCNJ4	SRR1782902	18
KCNJ4	SRR1782903	16.040838298858212
KCNJ4	SRR1782904	12
KCNJ4	SRR1782905	5.010584594182531
KCNJ4	SRR1782906	15.096332996417354
KCNJ4	SRR1782907	5.024539034618461
KCNJ4	SRR1782908	5.01546805684347
KCNJ4	SRR1782909	24.08291005126729
KCNJ4	SRR1782910	18
KCNJ4	SRR1782911	15.105610407678173
KCNJ4	SRR1782912	30.51264159439746
KCNJ4	SRR1782913	9
KCNJ4	SRR1782914	4.011230553573445
KCNJ4	SRR1782915	8
KCNJ4	SRR1782916	19.206521929144753
KCNJ4	SRR1782917	10.032393128452409
KCNJ4	SRR1782918	2.0021599420794187
KCNJ4	SRR1782919	9
KCNJ4	SRR1782920	18.019439478714766
KCNJ4	SRR1782921	31.064674847899905
KCNJ4	SRR1782922	1.1868611598736958
KCNJ4	SRR1782923	28.157889138315262
KCNJ4	SRR1782924	8.041490807528813
KCNJ4	SRR1782925	16.0568456121561
KCNJ4	SRR1782926	46.34197225097488
KCNJ4	SRR1782927	20.05826346032734
KCNJ4	SRR1782928	21.153244902040562
KCNJ4	SRR1782929	31.271925289186676
KCNJ4	SRR1782930	11.032346579233
KCNJ4	SRR1782931	25.068319178040703
KCNJ4	SRR1782932	22.082530304667923
KCNJ4	SRR1782933	3.1961991325462913
KCNJ4	SRR1782934	39.23168674667222
KCNJ4	SRR1782935	24.109252059548126
KCNJ4	SRR1782936	9.233750249089264
KCNJ4	SRR1782937	12.095569239759879
KCNJ4	SRR1782938	2.516200075801242
KCNJ4	SRR1782939	3.01437327720696
KCNJ4	SRR1782940	15.040079570029606
KCNJ4	SRR1782941	11.08718513937908
KCNJ4	SRR1782942	10.040269820071131
KCNJ4	SRR1782943	11.051909199044621
KCNJ4	SRR1782944	13.017134890040248
KCNJ4	SRR1782945	5.026905457558317
KCNJ4	SRR1782946	5.010805542084326
KCNJ4	SRR1782947	2.0042886443166283
KCNJ4	SRR1782948	21
KCNJ4	SRR1782949	1.0025217469463543
KCNJ4	SRR1782950	28
KCNJ4	SRR1782951	5.0168142961307005
KCNJ4	SRR1782952	5.090960345825302
KCNJ4	SRR1782953	16.030496452215566
KCNJ4	SRR1782954	1.1264165338665522
KCNJ4	SRR1782955	8.27403298549365
KCNJ4	SRR1782956	21.32096636258068
KCNJ4	SRR1782957	8.158287359567458
KCNJ4	SRR1782958	19.105413484600724
KCNJ4	SRR1782959	16.937464632113425
KCNJ4	SRR1782960	4
KCNJ4	SRR1782961	33.1206470459267
KCNJ4	SRR1782962	3.0223016528985567
KCNJ4	SRR1782963	3.020938265564674
KCNJ4	SRR1782964	11.00459577344545
KCNJ4	SRR1782965	2.006303412902169
KCNJ4	SRR1782966	31
KCNJ4	SRR1782967	10.041326449528038
KCNJ4	SRR1782968	4.004319884158837
KCNJ4	SRR1782969	5.062184040492167
KCNJ4	SRR1782970	22.28220020447411
KCNJ4	SRR1782971	10.171304455441843
KCNJ4	SRR1782972	4.022917140465143
KCNJ4	SRR1782973	14.7244438846865
KCNJ4	SRR1782974	6
KCNJ4	SRR1782975	9.361186215032436
KCNJ4	SRR1782976	29.288500221142048
KCNJ4	SRR1782977	11.003958469143397
KCNJ4	SRR1782978	33.5600572652664
KCNJ4	SRR1782979	13.110965667214797
KCNJ4	SRR1782980	17.030324929806188
KCNJ4	SRR1782981	12.150051811578775
KCNJ4	SRR1782982	19.111446031815884
KCNJ4	SRR1782983	15.01507843137704
KCNJ4	SRR1782984	12.004318329974616
KCNJ4	SRR1782985	20.137351734300818
KCNJ4	SRR1782986	4.012251792368335
KCNJ4	SRR1782987	20.025813754729487
KCNJ4	SRR1782988	18
KCNJ4	SRR1782989	5.218200105374171
KCNJ4	SRR1782990	6.083853832584633
KCNJ4	SRR1782991	6.025245724497168
KCNJ4	SRR1782992	7.017128279138236
KCNJ4	SRR1782993	1.021449196840116
KCNJ4	SRR1782994	12
KCNJ4	SRR1782995	6.050948099317403
KCNJ4	SRR1782996	14
KCNJ4	SRR1782997	29.131122377265008
KCNJ4	SRR1782998	8.029680479020893
KCNJ4	SRR1782999	4.088355944078104
KCNJ4	SRR1783000	20.079171059975003
KCNJ4	SRR1783001	2.0338577859464464
KCNJ4	SRR1783002	5.286535365059053
KCNJ4	SRR1783003	13
KCNJ4	SRR1783004	23.10646931270851
KCNJ4	SRR1783005	4.06516734402246
KCNJ4	SRR1783006	17.413978431696556
KCNJ4	SRR1813867	4.20431464803873
KCNJ4	SRR1813868	4.080068229034071
KCNJ4	SRR1813869	12.1270343770528
KCNJ4	SRR1813870	1.2608584926519768
KCNJ4	SRR1813871	1.128898551377178
KCNJ4	SRR1813872	3.355941122854152
KCNJ4	SRR1813873	1.135149625036922
KCNJ4	SRR1813874	4.04361518553268
KCNJ4	SRR1813875	4
KCNJ4	SRR1813876	1.0053946904725954
KCNJ4	SRR1813877	1.630714346853903
KCNJ4	SRR1813878	6.004319106973522
KCNJ4	SRR1813879	1
KCNJ4	SRR1813880	2
KCNJ4	SRR1813881	6.1275749617225435
KCNJ4	SRR1813882	0.6546924374221423
KCNJ4	SRR1813883	5.004415648858083
KCNJ4	SRR1813884	2.0274160567105386
KCNJ4	SRR1813885	1
KCNJ4	SRR1813886	1.001260079572912
KCNJ4	SRR1813887	1.0111685603669651
KCNJ4	SRR1928188	2.016351628762266
KCNJ4	SRR1928189	1.0072973762876458
KCNJ4	SRR1928190	2.017517588460307
KCNJ4	SRR1928191	1.0112464490004
KCNJ4	SRR1928192	2.025614103381985
KCNJ4	SRR1928193	1.0152152136193056
KCNJ4	SRR2046996	1.008539072196977
KCNJ4	SRR2046997	1.0109890563544852
KCNJ4	SRR2046998	1.0200140719986568
KCNJ4	SRR2046999	1.0076015069974786
KCNJ4	SRR2047000	1.0105504932171951
KCNJ4	SRR2047001	1.009303362382281
KCNJ4	SRR2047002	1.0186478082828578
KCNJ4	SRR2047003	1.023518185444259
KCNJ4	SRR2047004	1.007825499021943
KCNJ4	SRR2047005	1.008036115163524
KCNJ4	SRR2047006	1.0150270823281453
KCNJ4	SRR2047007	1.0260812180778769
KCNJ4	SRR2047008	1.0124150282865771
KCNJ4	SRR2047009	1.0183672447201313
KCNJ4	SRR2313973	1.0129896589757252
KCNJ4	SRR2313974	2.0152498836529693
KCNJ4	SRR2313975	1.0104444508848685
KCNJ4	SRR2313976	5.074566303262396
KCNJ4	SRR2313977	13.113902764724036
KCNJ4	SRR2313978	6.162815438056233
KCNJ4	SRR2313979	1.0105196019933347
KCNJ4	SRR2313980	2.0117861729049578
KCNJ4	SRR2313981	10.03600339378272
KCNJ4	SRR2313982	1.0133699045526758
KCNJ4	SRR2313983	1.0170847179728304
KCNJ4	SRR2313984	6.032838013556383
KCNJ4	SRR2313985	1.019556072755473
KCNJ4	SRR2313986	1.0062550679746862
KCNJ4	SRR2313987	1.003375564792861
KCNJ4	SRR2313988	3.027425891183769
KCNJ4	SRR2313989	2.021615548414354
KCNJ4	SRR2313990	5.079075940161571
KCNJ4	SRR2313991	3.0505546258816456
KCNJ4	SRR2313992	4.061492303318944
KCNJ4	SRR2313993	14.147083071980438
KCNJ4	SRR2313994	12.26591080451589
KCNJ4	SRR2313995	3.0128478064334607
KCNJ4	SRR2313996	20.09076574722882
KCNJ4	SRR2313997	4.049123250174954
KCNJ4	SRR2313998	5.124246497051512
KCNJ4	SRR2313999	3.0282883422704625
KCNJ4	SRR2314000	1.0087270870616352
KCNJ4	SRR2314001	11.155292221628006
KCNJ4	SRR2314002	1.010893086055989
KCNJ4	SRR2314003	7.1542435230843076
KCNJ4	SRR2314004	1.0080013221818138
KCNJ4	SRR2314005	1.0095719427644396
KCNJ4	SRR2314006	1.0192358061432685
KCNJ4	SRR2314007	5.030302562364364
KCNJ4	SRR2314008	20.02636136929269
KCNJ4	SRR2314009	10.082927560057062
KCNJ4	SRR2314010	8.053091445908485
KCNJ4	SRR2314011	1.0071913803233676
KCNJ4	SRR2314012	2.0148257842342483
KCNJ4	SRR2314013	1.0120065015814301
KCNJ4	SRR2314014	8.093216683766878
KCNJ4	SRR2314015	3.0234816848150614
KCNJ4	SRR2314016	7.022867228015798
KCNJ4	SRR2314017	1.0198405146740634
KCNJ4	SRR2314018	7.2648086530754705
KCNJ4	SRR2314019	10.033796658956017
KCNJ4	SRR2314020	4.066823864621803
KCNJ4	SRR2314021	7.035564039811703
KCNJ4	SRR2314022	2.024670010964694
KCNJ4	SRR2314023	2.019860278641104
KCNJ4	SRR2314024	5.066517792282184
KCNJ4	SRR2314025	4.020005713578917
KCNJ4	SRR2314026	3.068233675197678
KCNJ4	SRR2314027	11.083395191518784
KCNJ4	SRR2314028	13.03747269832182
KCNJ4	SRR2314029	15.035121171931017
KCNJ4	SRR2314030	1.0047772073142707
KCNJ4	SRR2314031	4.070663071685266
KCNJ4	SRR2314032	2.0356354922997735
KCNJ4	SRR2314033	1.024669135723135
KCNJ4	SRR2314034	4.119185318312393
KCNJ4	SRR2314035	5.236920836055572
KCNJ4	SRR2314036	9.157777704796805
KCNJ4	SRR2314037	7.097424860120653
KCNJ4	SRR2314038	1.0058040855375532
KCNJ4	SRR2314039	11.1237109390044
KCNJ4	SRR2314040	4.158464300199294
KCNJ4	SRR2314041	2.015285969591477
KCNJ4	SRR2314042	5.0204094693226224
KCNJ4	SRR2314043	1.0092407859660601
KCNJ4	SRR2314044	10.042558182262791
KCNJ4	SRR2314045	2.015230862229455
KCNJ4	SRR3493774	9
KCNJ4	SRR3493775	13
KCNJ4	SRR3493776	8.359026243120695
KCNJ4	SRR3493777	7.005038958135776
KCNJ4	SRR3493778	2
KCNJ4	SRR3493779	12.042888677359334
KCNJ4	SRR3493780	4.199578387332958
KCNJ4	SRR3493781	11
KCNJ4	SRR3493782	10.085349500062511
KCNJ4	SRR3493783	12.033048179673166
KCNJ4	SRR3493784	2.041619715896921
KCNJ4	SRR3493785	19.01709800319055
KCNJ4	SRR3493786	4.162912250904018
KCNJ4	SRR3493787	6
KCNJ4	SRR3493788	14
KCNJ4	SRR3493789	8.14623120063854
KCNJ4	SRR3493790	15
KCNJ4	SRR3493791	15.022062512709146
KCNJ4	SRR3493792	15.010797767433806
KCNJ4	SRR3493793	5.049097215527122
KCNJ4	SRR3493794	7.021926008873001
KCNJ4	SRR3493795	4.01487230382054
KCNJ4	SRR3493796	4.033537431454667
KCNJ4	SRR3493797	7
KCNJ4	SRR3493798	11.123076337663973
KCNJ4	SRR3493799	18
KCNJ4	SRR3493800	7.050768656475535
KCNJ4	SRR3493801	6.0552850130543305
KCNJ4	SRR3493802	5
KCNJ4	SRR3493803	8
KCNJ4	SRR3493804	8.00575880929803
KCNJ4	SRR3493805	5.01199731490057
KCNJ4	SRR3493806	3
KCNJ4	SRR3493807	8
KCNJ4	SRR3493808	5.01043142708063
KCNJ4	SRR3493809	16.05407465432963
KCNJ4	SRR3493810	5
KCNJ4	SRR3493811	15
KCNJ4	SRR3493812	5.0035992558112685
KCNJ4	SRR3493813	6.011436169580837
KCNJ4	SRR3493814	1
KCNJ4	SRR3493815	1.488367728103239
KCNJ4	SRR3493816	15
KCNJ4	SRR3493817	8.023305384130936
KCNJ4	SRR3493818	5.017938154826352
KCNJ4	SRR3493819	8
KCNJ4	SRR3493820	5.610327310983936
KCNJ4	SRR3493821	5.058518552455494
KCNJ4	SRR3493822	8
KCNJ4	SRR3493823	4.729758755492654
KCNJ4	SRR3493824	3.904717297872671
KCNJ4	SRR3493825	9.01186261618171
KCNJ4	SRR3493826	13.009358065109298
KCNJ4	SRR3493827	4
KCNJ4	SRR3493828	19
KCNJ4	SRR3493829	13.031193018741481
KCNJ4	SRR3493830	3.1062067296927673
KCNJ4	SRR3493831	1.0045489303600643
KCNJ4	SRR3493832	4.000719656924175
KCNJ4	SRR3493833	17.33953631885338
KCNJ4	SRR3493834	9
KCNJ4	SRR3493835	10.05268691618604
KCNJ4	SRR3493836	8
KCNJ4	SRR3493837	5.003889043830772
KCNJ4	SRR3493838	11
KCNJ4	SRR3493839	10.083404689188884
KCNJ4	SRR3493840	5.0979211091632655
KCNJ4	SRR3493841	3.006575232373674
KCNJ4	SRR3493846	9.205577656937734
KCNJ4	SRR3493847	2.073402011474971
KCNJ4	SRR3493848	3.001079582493654
KCNJ4	SRR3493849	4.341631016956661
KCNJ4	SRR3493850	3
KCNJ4	SRR3714631	6
KCNJ4	SRR3714632	6.0337389577204235
KCNJ4	SRR3714633	2.0232100067982928
KCNJ4	SRR3714634	1.0066712106965126
KCNJ4	SRR3714635	11
KCNJ4	SRR3714636	1
KCNJ4	SRR3714637	1
KCNJ4	SRR3714638	39
KCNJ4	SRR3714639	9.861119202171801
KCNJ4	SRR3714640	8.990762835446676
KCNJ4	SRR3714641	17.192242873860017
KCNJ4	SRR3714642	2.9472092931468343
KCNJ4	SRR3714643	15.134673441402331
KCNJ4	SRR3714644	9.701524679064402
KCNJ4	SRR3714645	6.039309147849248
KCNJ4	SRR3714646	11.003958469143397
KCNJ4	SRR3714648	4.837461674902058
KCNJ4	SRR3714649	2.90920719761867
KCNJ4	SRR3714650	1.0068862093697364
KCNJ4	SRR3714651	8.993133300068614
KCNJ4	SRR3714652	1.793896336644827
KCNJ4	SRR3714653	8
KCNJ4	SRR3714654	10
KCNJ4	SRR3714655	5.003752214056131
KCNJ4	SRR3714656	1.3612927208475114
KCNJ4	SRR3714657	8.433638731443452
KCNJ4	SRR3714658	0.7840928298789845
KCNJ4	SRR3714659	8.905762069541728
KCNJ4	SRR3714660	35
KCNJ4	SRR3714661	8
KCNJ4	SRR3714662	2.0220351499593554
KCNJ4	SRR3714663	4.003001771244905
KCNJ4	SRR3714664	15.332747516797578
KCNJ4	SRR3714665	1
KCNJ4	SRR3714666	5
KCNJ4	SRR3714667	1.554308451415868
KCNJ4	SRR3714668	7
KCNJ4	SRR3714669	0.7957681428246756
KCNJ4	SRR3714670	11.148258499701832
KCNJ4	SRR3714671	3.0037802387187362
KCNJ4	SRR3714672	8.021972991659299
KCNJ4	SRR3714673	2.4618794490395524
KCNJ4	SRR3714674	3.3739250111594785
KCNJ4	SRR3714675	5.2772625930140835
KCNJ4	SRR3714676	1
KCNJ4	SRR3714677	20.047441053631207
KCNJ4	SRR3714678	5.0739198495657885
KCNJ4	SRR3714679	2.0032407877148253
KCNJ4	SRR3714680	11.018983838893943
KCNJ4	SRR3714681	1.0035601881766363
KCNJ4	SRR3714682	2.8161361705473755
KCNJ4	SRR3714683	4.0083451416645035
KCNJ4	SRR3714684	1.1755374402157572
KCNJ4	SRR3714685	1.001756425936391
KCNJ4	SRR3714686	11.026798741587946
KCNJ4	SRR3714688	2.01492936238818
KCNJ4	SRR3714689	1.546843825894813
KCNJ4	SRR3714690	7.181966535100726
KCNJ4	SRR3714691	5
KCNJ4	SRR3714692	12.527719797457822
KCNJ4	SRR3714693	7.474729630439425
KCNJ4	SRR3714694	6.69960109840956
KCNJ4	SRR3714695	1.8368901995251241
KCNJ4	SRR3714696	2
KCNJ4	SRR3714697	4.036839739113038
KCNJ4	SRR3714698	1.0132132716489703
KCNJ4	SRR3714699	5.829599065359516
KCNJ4	SRR3714700	15.552057245276128
KCNJ4	SRR3714701	3.000708766509309
KCNJ4	SRR3714702	1.9532328862489505
KCNJ4	SRR3714703	2.002126405780548
KCNJ4	SRR3714704	3.665253282280872
KCNJ4	SRR3714705	39.41581414715567
KCNJ4	SRR3714706	3.1052552183257065
KCNJ4	SRR3714707	13.009358065109298
KCNJ4	SRR3714708	1.0232664352046819
KCNJ4	SRR3714709	0.9010961331353448
KCNJ4	SRR3714710	4.234365001179011
KCNJ4	SRR3714711	14.910669819982747
KCNJ4	SRR3714712	9
KCNJ4	SRR3714713	44
KCNJ4	SRR3714714	8
KCNJ4	SRR3714715	7.033773277089619
KCNJ4	SRR3714716	8
KCNJ4	SRR3714717	12
KCNJ4	SRR3714718	14
KCNJ4	SRR3714719	7.4393630255457275
KCNJ4	SRR3714720	11.518328786840812
KCNJ4	SRR3714721	2.9749566390582176
KCNJ4	SRR3714723	11.671546812127241
KCNJ4	SRR3714724	12.035325980572877
KCNJ4	SRR3714725	4.049714889559086
KCNJ4	SRR3714726	44.96434413931426
KCNJ4	SRR3714727	20.09947149061717
KCNJ4	SRR3714728	5.041395589227808
KCNJ4	SRR3714729	1.0262266652006342
KCNJ4	SRR3714730	4.860482234120737
KCNJ4	SRR3714731	1.0001799142310437
KCNJ4	SRR3714732	5.454900206636712
KCNJ4	SRR3714734	6.447198148679543
KCNJ4	SRR3714735	0.6836258904567358
KCNJ4	SRR3714736	2.5468970614218764
KCNJ4	SRR3714737	5
KCNJ4	SRR3714738	1.8309384235963635
KCNJ4	SRR3714739	3.4147789513994233
KCNJ4	SRR3714740	21.184790069537595
KCNJ4	SRR3714741	12.01295965247651
KCNJ4	SRR3714744	9.585661977406312
KCNJ4	SRR3714745	1.0406785331708646
KCNJ4	SRR3714746	1.008549757583579
KCNJ4	SRR3714747	16.677303345004024
KCNJ4	SRR3714748	1.2773463576572566
KCNJ4	SRR3714749	1.020881906329865
KCNJ4	SRR3714750	1.3983435677530156
KCNJ4	SRR3714751	3.0032399131191276
KCNJ4	SRR3714752	2
KCNJ4	SRR3714753	1.0079064098710653
KCNJ4	SRR3714754	11
KCNJ4	SRR3714755	6.9734249033199625
KCNJ4	SRR3714756	6.130081073068702
KCNJ4	SRR3714757	2.9302655897962375
KCNJ4	SRR3714758	4.739522828153973
KCNJ4	SRR3714759	4.716294169785708
KCNJ4	SRR3714760	1.0008998949047658
KCNJ4	SRR3714761	4.001439443324872
KCNJ4	SRR3714762	8.499549264550204
KCNJ4	SRR3714764	12
KCNJ4	SRR3714765	5.227400416970291
KCNJ4	SRR3714766	7
KCNJ4	SRR3714767	8.230571404698866
KCNJ4	SRR3714768	3
KCNJ4	SRR5176628	11.076298680117645
KCNJ4	SRR5176629	20.11538457037742
KCNJ4	SRR5176630	26.058930949989758
KCNJ4	SRR5176631	25.24481753858733
KCNJ4	SRR5176632	11.031373673752418
KCNJ4	SRR5176633	6.039168688665162
KCNJ4	SRR5176634	1.0398318552023067
KCNJ4	SRR5176635	6.037156083309204
KCNJ4	SRR5176636	1.0262757511402583
KCNJ4	SRR5176637	2.0593280362653013
KCNJ4	SRR5176638	1.1227010298695481
KCNJ4	SRR5176639	16
KCNJ4	SRR5176640	5.220989709313087
KCNJ4	SRR5176641	29.431070133938338
KCNJ4	SRR5176642	16.030496452215566
KCNJ4	SRR5176643	20.03451607071626
KCNJ4	SRR5176644	13.002338885003567
KCNJ4	SRR5176645	4.155215349105894
KCNJ4	SRR5176646	10.186713933592447
KCNJ4	SRR5176647	24.14069610238872
KCNJ4	SRR5176648	13.036679451429361
KCNJ4	SRR5176649	3.0204003841217784
KCNJ4	SRR5176650	9.216913449053084
KCNJ4	SRR5176651	21.333880235984143
KCNJ4	SRR5176652	14.07804590208409
KCNJ4	SRR5176653	14.03782960825785
KCNJ4	SRR5176654	46.37549881378337
KCNJ4	SRR5176655	8.010080636583297
KCNJ4	SRR5176656	2.1402205814622537
KCNJ4	SRR5176657	7.562353393918385
KCNJ4	SRR5176658	11.018161143392195
KCNJ4	SRR5176659	26.056188818838496
KCNJ4	SRR5176660	26.029916299218225
KCNJ4	SRR5176661	6.033288468821281
KCNJ4	SRR5176662	12.619231612885875
KCNJ4	SRR5176663	4.025740955380693
KCNJ4	SRR5176664	21
KCNJ4	SRR5176665	3.0268084813869915
KCNJ4	SRR5176666	13.05040181879261
KCNJ4	SRR5176667	7.550980028567245
KCNJ4	SRR5176668	20.086815321767276
KCNJ4	SRR5176669	13.124588702524601
KCNJ4	SRR5176670	12.078288009673987
KCNJ4	SRR5176671	17.03061019354631
KCNJ4	SRR5176672	15.083620609375812
KCNJ4	SRR5176673	29.138907992934858
KCNJ4	SRR5176674	21.049169640703425
KCNJ4	SRR5176675	16.067813104293965
KCNJ4	SRR5176676	12.220859557431881
KCNJ4	SRR5176677	5.007201102551016
KCNJ4	SRR5176678	1.0223467302979135
KCNJ4	SRR5176679	4.036185857241483
KCNJ4	SRR5176680	14.039736114113428
KCNJ4	SRR5176681	11.012216310671597
KCNJ4	SRR5176682	7.069629391959338
KCNJ4	SRR5176683	31.14178717405183
KCNJ4	SRR5176684	29.077079141757316
KCNJ4	SRR5176685	10.029880577585077
KCNJ4	SRR5176686	11.047933480519081
KCNJ4	SRR5176687	3.0135740999526326
KCNJ4	SRR5176688	1.0132814135195316
KCNJ4	SRR5176689	17.127554402344295
KCNJ4	SRR5176690	5.127702614258061
KCNJ4	SRR5176691	9.008374428518502
KCNJ4	SRR5176692	21.205480674871357
KCNJ4	SRR5176693	3.0221683866595876
KCNJ4	SRR5176694	15
KCNJ4	SRR5176695	7.100488267892652
KCNJ4	SRR5176696	1.1278931940525754
KCNJ4	SRR5176697	7.1930525818882085
KCNJ4	SRR5176698	3.4944713509331633
KCNJ4	SRR5176699	10.25015012327192
KCNJ4	SRR5176700	5.445072101007654
KCNJ4	SRR5176701	7.239445333318192
KCNJ4	SRR5176702	8
KCNJ4	SRR5176703	4.090322618814073
KCNJ4	SRR5176704	6.026209381333435
KCNJ4	SRR5176705	6.012865932949885
KCNJ4	SRR5176706	1.0272678906633284
KCNJ4	SRR5176707	33.64861352044587
KCNJ4	SRR5176708	8.0790564432031
KCNJ4	SRR5176709	25.120198074879344
KCNJ4	SRR5176710	11
KCNJ4	SRR5176711	6.011436169580837
KCNJ4	SRR5176712	21.26908523307627
KCNJ4	SRR5176713	11.097025169626354
KCNJ4	SRR5176714	16.964236246546854
KCNJ4	SRR5176715	32.040322546333186
KCNJ4	SRR5176716	27.0534826207326
KCNJ4	SRR5176717	6.039353303898281
KCNJ4	SRR5176718	25.22016322991239
KCNJ4	SRR5176719	29.06790093239997
KCNJ4	SRR5176720	18
KCNJ4	SRR5176721	12
KCNJ4	SRR5176722	8.158673413770648
KCNJ4	SRR5176723	6.057668123120946
KCNJ4	SRR5176724	3.016317957226665
KCNJ4	SRR5176725	22.27051988524845
KCNJ4	SRR5176726	7
KCNJ4	SRR5176727	12.007741629217891
KCNJ4	SRR5176728	1.024749980600489
KCNJ4	SRR5176729	17.032923154948758
KCNJ4	SRR5176730	20.13084048122984
KCNJ4	SRR5176731	10.046440041164724
KCNJ4	SRR5176732	4
KCNJ4	SRR5176733	16.036265199993696
KCNJ4	SRR5176734	11.891285116446134
KCNJ4	SRR5176735	19.04448681777929
KCNJ4	SRR5176736	20.039281091318067
KCNJ4	SRR5176737	16.046780780752652
KCNJ4	SRR5176738	5.055302027252246
KCNJ4	SRR5176739	27.21448719325257
KCNJ4	SRR5176740	2.0083266818593306
KCNJ4	SRR5176741	3.1229520451942525
KCNJ4	SRR5176742	26.27484689490089
KCNJ4	SRR5176743	7.082939413859993
KCNJ4	SRR5176744	6.080515194000665
KCNJ4	SRR5176745	5.045862586295704
KCNJ4	SRR5176746	2.004533149999212
KCNJ4	SRR5176747	14
KCNJ4	SRR5176748	15.018901193593683
KCNJ4	SRR5176749	15.245520260722907
KCNJ4	SRR5176750	11.178475336846487
KCNJ4	SRR5176751	13.047256575984832
KCNJ4	SRR5176752	6.027229724168645
KCNJ4	SRR5176753	13.034154269271037
KCNJ4	SRR5176754	5.0263070270756325
KCNJ4	SRR5176755	12.006478077676157
KCNJ4	SRR5176756	2.057709484361699
KCNJ4	SRR5176757	2.1115328871426313
KCNJ4	SRR5176758	4.045413793921034
KCNJ4	SRR5176759	6.1644391681548
KCNJ4	SRR5176760	5.029040664134088
KCNJ4	SRR5176761	20.11697464626413
KCNJ4	SRR5176762	5.371914030648281
KCNJ4	SRR5176763	8.061167507420086
KCNJ4	SRR5176764	10.007198511622537
KCNJ4	SRR5176765	9.015532231822318
KCNJ4	SRR5176766	15.042574407978673
KCNJ4	SRR5176767	11.011057516343161
KCNJ4	SRR5176768	7.106370261606793
KCNJ4	SRR5176769	4.011813193326906
KCNJ4	SRR5176770	5.011707057310339
KCNJ4	SRR5176771	10.02446897019748
KCNJ4	SRR5176772	14.087806923254806
KCNJ4	SRR5176773	3.0225087151445518
KCNJ4	SRR5176774	19.117677432490808
KCNJ4	SRR5176775	13.124723912308562
KCNJ4	SRR5176776	3.024827601125073
KCNJ4	SRR5176777	14.140073530484313
KCNJ4	SRR5176778	11.06335708854984
KCNJ4	SRR5176779	10.051727547981685
KCNJ4	SRR5176780	4.012320174128561
KCNJ4	SRR5176781	6.03826693374606
KCNJ4	SRR5176782	2.0164495656706434
KCNJ4	SRR5176783	20.186043911086127
KCNJ4	SRR5176784	12.048653250725122
KCNJ4	SRR5176785	16.02825410153582
KCNJ4	SRR5176786	12
KCNJ4	SRR5176787	17.130504610676514
KCNJ4	SRR5176788	2.0535189835813257
KCNJ4	SRR5176789	22.31114500952126
KCNJ4	SRR5176790	31.292221145479605
KCNJ4	SRR5176791	12.105511063435259
KCNJ4	SRR5176792	36
KCNJ4	SRR5176793	13.119605318380115
KCNJ4	SRR5176794	21.094659178381974
KCNJ4	SRR5176795	8.033660965996225
KCNJ4	SRR5176796	8.18116889950732
KCNJ4	SRR5176797	35.24487011860529
KCNJ4	SRR5176798	23.121331835469913
KCNJ4	SRR5176799	16
KCNJ4	SRR5176800	5.039958332644633
KCNJ4	SRR5176801	9.156966848935534
KCNJ4	SRR5176802	9.127613207566506
KCNJ4	SRR5176803	5.020509749571392
KCNJ4	SRR5176804	4.085362537784507
KCNJ4	SRR5176805	18.06972887471202
KCNJ4	SRR5176806	9.267978578366716
KCNJ4	SRR5176807	11.00791836278479
KCNJ4	SRR5176808	15.00539791246827
KCNJ4	SRR5176809	13.018722866632642
KCNJ4	SRR5176810	28
KCNJ4	SRR5176811	8
KCNJ4	SRR5176812	18.019439478714766
KCNJ4	SRR5176813	5.00592661922236
KCNJ4	SRR5176814	12
KCNJ4	SRR5176815	16.225847075794842
KCNJ4	SRR5176816	5.072097913103138
KCNJ4	SRR5176817	14.073536337828806
KCNJ4	SRR5176818	5.012761968393192
KCNJ4	SRR5176819	14.7416286806345
KCNJ4	SRR5176820	1.022340736860647
KCNJ4	SRR5176821	3.028011333156207
KCNJ4	SRR5176822	19.55985736233845
KCNJ4	SRR5176823	23.086668385230148
KCNJ4	SRR5176824	9.050885110452905
KCNJ4	SRR5176825	4.004442294789672
KCNJ4	SRR5176826	15.124600345130613
KCNJ4	SRR5176827	24.090741632678554
KCNJ4	SRR5176828	30.11896797984694
KCNJ4	SRR5176829	1.0027327671216282
KCNJ4	SRR5176830	11.00593823786981
KCNJ4	SRR5176831	3.015454545991653
KCNJ4	SRR5176832	10.101074156533363
KCNJ4	SRR5176833	3.01737144311744
KCNJ4	SRR5176834	4.015685320720523
KCNJ4	SRR5176835	29.104409841969886
KCNJ4	SRR5176836	11.009898843952424
KCNJ4	SRR5176837	5.255051286268212
KCNJ4	SRR5176838	1.0249700253664653
KCNJ4	SRR5176839	4.163065261957209
KCNJ4	SRR5176840	8.00431871845077
KCNJ4	SRR5176841	1.0140964075080325
KCNJ4	SRR5176842	7.043864440845833
KCNJ4	SRR5176843	15.116400458808304
KCNJ4	SRR5176844	22.064089806360073
KCNJ4	SRR5176845	1.0146823533528966
KCNJ4	SRR5176846	10.044739290806017
KCNJ4	SRR5176847	2.0410676355166157
KCNJ4	SRR5176848	10.086151837092125
KCNJ4	SRR5176849	14.273213548415075
KCNJ4	SRR5176850	29.397930458486464
KCNJ4	SRR5176851	9.009719739357383
KCNJ4	SRR5176852	8.178160806323602
KCNJ4	SRR5176853	5.012524773235432
KCNJ4	SRR5176854	2.093837665394151
KCNJ4	SRR5176855	31.07059301181847
KCNJ4	SRR5176856	21.33960037211291
KCNJ4	SRR5176857	5.017800940883181
KCNJ4	SRR5176858	15.103563586663896
KCNJ4	SRR5176859	21.037460207407644
KCNJ4	SRR5176860	23
KCNJ4	SRR5176861	10.01980837804911
KCNJ4	SRR5176862	5.02968689399914
KCNJ4	SRR5176863	12.030059455765036
KCNJ4	SRR5176864	9.04407152186105
KCNJ4	SRR5176865	6.011436169580837
KCNJ4	SRR5176866	9
KCNJ4	SRR5176867	28.118938339915914
KCNJ4	SRR5176868	14.493413535266159
KCNJ4	SRR5176869	13.031809661256723
KCNJ4	SRR5176870	37.16729406754501
KCNJ4	SRR5176871	22.07563110599223
KCNJ4	SRR5176872	4.078310774436574
KCNJ4	SRR5861974	22.291503124922386
KCNJ4	SRR5861975	21.195787769214807
KCNJ4	SRR5861976	3.12074209708952
KCNJ4	SRR5861977	12
KCNJ4	SRR5861978	14.068125643088823
KCNJ4	SRR5861979	13.124723912308562
KCNJ4	SRR5861980	28
KCNJ4	SRR5861981	4.0804570307722425
KCNJ4	SRR5861982	2.468120353202937
KCNJ4	SRR5861983	17.028306169630486
KCNJ4	SRR5861984	4.0330546251506005
KCNJ4	SRR5861985	4.069391282950647
KCNJ4	SRR5861986	26.051911690757574
KCNJ4	SRR5861987	5.064739344544498
KCNJ4	SRR5861988	2.035557221830868
KCNJ4	SRR5861989	16.20061654502682
KCNJ4	SRR5861990	29.088338255102265
KCNJ4	SRR5861991	14
KCNJ4	SRR5861992	18
KCNJ4	SRR5861993	8.030344166377144
KCNJ4	SRR5861994	19
KCNJ4	SRR5861995	25.22059306314422
KCNJ4	SRR5861996	6.0253484141910745
KCNJ4	SRR5861997	6.155329185306453
KCNJ4	SRR5861998	19.10961534185855
KCNJ4	SRR5861999	14.378636670349078
KCNJ4	SRR5862000	10.00359860831218
KCNJ4	SRR5862001	12
KCNJ4	SRR5862002	15.01619956559564
KCNJ4	SRR5862003	1.0024870036799816
KCNJ4	SRR5862004	11.061943100741104
KCNJ4	SRR5862005	9.047650529053808
KCNJ4	SRR5862006	30.11342704084819
KCNJ4	SRR5862007	6.051501569043908
KCNJ4	SRR5862008	28.112664857552815
KCNJ4	SRR5862009	18.064253891009535
KCNJ4	SRR5862010	14.722971095873435
KCNJ4	SRR5862011	4.14451123073164
KCNJ4	SRR5862012	3.0211735712368006
KCNJ4	SRR5862013	4.083896429830115
KCNJ4	SRR5862014	5.0245683406321495
KCNJ4	SRR5862015	11
KCNJ4	SRR5862016	20.083751251781848
KCNJ4	SRR5862017	12.099513072068474
KCNJ4	SRR5862018	12.048205770728408
KCNJ4	SRR5862019	13.106068127776332
KCNJ4	SRR5862020	5.017938154826352
KCNJ4	SRR5862021	6.036476669654035
KCNJ4	SRR5862022	23.111506854694124
KCNJ4	SRR5862023	3.0228454079764195
KCNJ4	SRR5862024	13.035525972581166
KCNJ4	SRR5862025	28
KCNJ4	SRR5862026	3.023722725256225
KCNJ4	SRR5862027	11.00593823786981
KCNJ4	SRR5862028	1.12681213123101
KCNJ4	SRR5862029	8.166116376726604
KCNJ4	SRR5862030	4.011230553573445
KCNJ4	SRR5862031	17.12021513824154
KCNJ4	SRR5862032	5.36892513554948
KCNJ4	SRR5862033	16.024729779637024
KCNJ4	SRR5862034	3.7379507551230517
KCNJ4	SRR5862035	35.23219143291062
KCNJ4	SRR5862036	8.142901024620583
KCNJ4	SRR5862037	2.109496859285685
KCNJ4	SRR5862038	11.8763077874264
KCNJ4	SRR5862039	27.046596695466953
KCNJ4	SRR5862040	15.098383259745702
KCNJ4	SRR5862041	3.01655201949117
KCNJ4	SRR5862042	31.276088035488055
KCNJ4	SRR5862043	27
KCNJ4	SRR5862044	9.01264963252566
KCNJ4	SRR5862045	3.012743652091599
KCNJ4	SRR5862046	3.024259834474761
KCNJ4	SRR5862047	10.089159479947496
KCNJ4	SRR5862048	1.2476565419699956
KCNJ4	SRR5862049	15.234104595259991
KCNJ4	SRR5862050	10.033796658956017
KCNJ4	SRR5862051	6.028948523219674
KCNJ4	SRR5862052	14.048364196572587
KCNJ4	SRR5862053	10.02671971335307
KCNJ4	SRR5862054	19.508366308224698
KCNJ4	SRR5862055	5.116266273127366
KCNJ4	SRR5862056	7.231125435440003
KCNJ4	SRR5862057	25.195947652909066
KCNJ4	SRR5862058	19.043647064696117
KCNJ4	SRR5862059	8.22596856750115
KCNJ4	SRR5862060	5.047301206753445
KCNJ4	SRR5862061	23.08220329827206
KCNJ4	SRR5862062	11.00593823786981
KCNJ4	SRR5862063	5.062145094611102
KCNJ4	SRR5862064	7.013556593214195
KCNJ4	SRR5862065	13.032782710302607
KCNJ4	SRR5862066	21.191502670248962
KCNJ4	SRR5862067	3.7038164218562017
KCNJ4	SRR5862068	9.043024021542337
KCNJ4	SRR5862069	29.062672144089092
KCNJ4	SRR5862070	1.0135179735318556
KCNJ4	SRR5862071	1.2526030228986182
KCNJ4	SRR5862072	2.528297958219793
KCNJ4	SRR5862073	20.037426126707373
KCNJ4	SRR5862074	15.07632906208567
KCNJ4	SRR5862075	17.117065559285518
KCNJ4	SRR5862076	2.4822062893147887
KCNJ4	SRR5862077	12.047222441289035
KCNJ4	SRR5862078	7.545200163292952
KCNJ4	SRR5862079	7.072863959765417
KCNJ4	SRR5862080	2.037290806648617
KCNJ4	SRR5862081	21.036241874252074
KCNJ4	SRR5862082	2.007631378941374
KCNJ4	SRR5862083	8
KCNJ4	SRR5862084	5.034981445515042
KCNJ4	SRR5862085	16
KCNJ4	SRR5862086	1.0250917577235414
KCNJ4	SRR5862087	6.073129676945689
KCNJ4	SRR5862088	1.1217892178413114
KCNJ4	SRR5862089	1.0124189758199451
KCNJ4	SRR5862090	17.029338660108824
KCNJ4	SRR5862091	4.056511945677807
KCNJ4	SRR5862092	1.0208826030747233
KCNJ4	SRR5862093	15.002698713465655
KCNJ4	SRR5862094	5.025027680714358
KCNJ4	SRR5862095	5.438345295877815
KCNJ4	SRR5862096	5.0109587206227895
KCNJ4	SRR5862097	5.026989659936015
KCNJ4	SRR5862098	30.5112684100394
KCNJ4	SRR5862099	9.205235529202135
KCNJ4	SRR5862100	14.037210620158705
KCNJ4	SRR5862101	16.940076929695433
KCNJ4	SRR5862102	14.082548614035659
KCNJ4	SRR5862103	1.023617822582202
KCNJ4	SRR5862104	31.12935739078953
KCNJ4	SRR5862105	21.236418755368504
KCNJ4	SRR5862106	10.042826021444869
KCNJ4	SRR5862107	12
KCNJ4	SRR5862108	3.020855658956402
KCNJ4	SRR5862109	16.02880959392594
KCNJ4	SRR5862110	11.088482244560236
KCNJ4	SRR5862111	9.136482465912296
KCNJ4	SRR5862112	5.019021236654203
KCNJ4	SRR5862113	7.06197986495176
KCNJ4	SRR5862114	10.047190180949656
KCNJ4	SRR5862115	8.054767413678135
KCNJ4	SRR5862116	1.0258116030467397
KCNJ4	SRR5862117	25.0826187978838
KCNJ4	SRR5862118	20.168325391599243
KCNJ4	SRR5862119	10.041601033955166
KCNJ4	SRR5862120	11.010389914842662
KCNJ4	SRR5862121	11.016179175986707
KCNJ4	SRR5862122	2.0041725708322518
KCNJ4	SRR5862123	12.027566567176496
KCNJ4	SRR5862124	5.015995880436263
KCNJ4	SRR5862125	15
KCNJ4	SRR5862126	4.003599579619063
KCNJ4	SRR5862127	11.041787630475847
KCNJ4	SRR5862128	7.025970419143282
KCNJ4	SRR5862129	7.551805109700865
KCNJ4	SRR5862130	20.124125809803235
KCNJ4	SRR5862131	10.02266574999606
KCNJ4	SRR5862132	5.004499474523829
KCNJ4	SRR5862133	18.017241532849155
KCNJ4	SRR5862134	11.003136895460528
KCNJ4	SRR5862135	9.115322242746974
KCNJ4	SRR5862136	8.002878886649745
KCNJ4	SRR5862137	31.06699436092282
KCNJ4	SRR5862138	6.010702916402184
KCNJ4	SRR5862139	13.017750867317869
KCNJ4	SRR5862140	11.036352271068873
KCNJ4	SRR5862141	8.035460653846242
KCNJ4	SRR5862142	15.04053172313341
KCNJ4	SRR5862143	12.004318329974616
KCNJ4	SRR5862144	15.086600091078711
KCNJ4	SRR5862145	22.072704542137746
KCNJ4	SRR5862146	29.394708216167277
KCNJ4	SRR5862147	15.110126914599892
KCNJ4	SRR5862148	12
KCNJ4	SRR5862149	6.034558411936276
KCNJ4	SRR5862150	19.046491043375212
KCNJ4	SRR5862151	7.087434357541088
KCNJ4	SRR5862152	6.148212999226056
KCNJ4	SRR5862153	8.166005921898638
KCNJ4	SRR5862154	4
KCNJ4	SRR5862155	11.06956766060321
KCNJ4	SRR5862156	7.18097227780256
KCNJ4	SRR5862157	6.156487308467262
KCNJ4	SRR5862158	12.006478077676157
KCNJ4	SRR5862159	6.035599985942931
KCNJ4	SRR5862160	1.0382660511696764
KCNJ4	SRR5862161	16.04372427394605
KCNJ4	SRR5862162	5.016677112919094
KCNJ4	SRR5862163	4.014118042549502
KCNJ4	SRR5862164	5.250811922048338
KCNJ4	SRR5862165	37.16012949530267
KCNJ4	SRR5862166	21.089934645034223
KCNJ4	SRR5862167	16.033380566658014
KCNJ4	SRR5862168	20.03302026071308
KCNJ4	SRR5862169	1.0037100598776116
KCNJ4	SRR5862170	5.055634687223867
KCNJ4	SRR5862171	6.010354821214879
KCNJ4	SRR5862172	6.0105385556183455
KCNJ4	SRR5862173	2.050440754363536
KCNJ4	SRR5862174	11.31267494931044
KCNJ4	SRR5862175	3.0146488476391036
KCNJ4	SRR5862176	12.20776487699173
KCNJ4	SRR5862177	7.225902664989893
KCNJ4	SRR5862178	2.0576193607952975
KCNJ4	SRR5862179	20.11246319240141
KCNJ4	SRR5862180	3.491223952309097
KCNJ4	SRR5862181	1.021192246321851
KCNJ4	SRR5862182	26.24469153517989
KCNJ4	SRR5862183	3.015016608428615
KCNJ4	SRR5862184	9.246957323295408
KCNJ4	SRR5862185	36
KCNJ4	SRR5862186	27.198228446279806
KCNJ4	SRR5862187	2.0151414118406388
KCNJ4	SRR5862188	4.157159855124936
KCNJ4	SRR5862189	8.066970348219423
KCNJ4	SRR5862190	5.006827256660719
KCNJ4	SRR5862191	1.0119991177693053
KCNJ4	SRR5862192	2.0904534580495366
KCNJ4	SRR5862193	24.086103143166486
KCNJ4	SRR5862194	5.026577585076849
KCNJ4	SRR5862195	3.0190411758609366
KCNJ4	SRR5862196	9
KCNJ4	SRR5862197	21
KCNJ4	SRR5862198	1.1010895492315216
KCNJ4	SRR5862199	29.071848702452993
KCNJ4	SRR5862200	5.0109587206227895
KCNJ4	SRR5862201	5.087680130370275
KCNJ4	SRR5862202	10.218991464798453
KCNJ4	SRR5862203	7.240516996591373
KCNJ4	SRR5862204	18
KCNJ4	SRR5862205	8
KCNJ4	SRR5862206	33.597881108277036
KCNJ4	SRR5862207	14.074520142478308
KCNJ4	SRR5862208	12.233830651758467
KCNJ4	SRR5862209	22.24849384151579
KCNJ4	SRR5862210	72
KCNJ4	SRR5862211	14.459432841841062
KCNJ4	SRR5862212	13.115452780712841
KCNJ4	SRR5862213	11.051724078904018
KCNJ4	SRR5862214	13.035924463961406
KCNJ4	SRR5862215	13.030836684860285
KCNJ4	SRR5862216	4.0146238843547515
KCNJ4	SRR5862217	15.097520948872242
KCNJ4	SRR5862218	8.007860988417363
KCNJ4	SRR5862219	1.023350981956458
KCNJ4	SRR5862220	9.040445936649625
KCNJ4	SRR5862221	23
KCNJ4	SRR5862222	13.04234460468576
KCNJ4	SRR5862223	5.216674208646349
KCNJ4	SRR5862224	13.103132784976815
KCNJ4	SRR5862225	4.0107248851614905
KCNJ4	SRR5862226	32.0345590732707
KCNJ4	SRR5862227	16
KCNJ4	SRR5862228	14.126999950190042
KCNJ4	SRR5862229	17.100468903569837
KCNJ4	SRR5862230	20.10605573766756
KCNJ4	SRR5862231	26.054243420819276
KCNJ4	SRR5862232	11.16647448083528
KCNJ4	SRR5862233	8.022107362437788
KCNJ4	SRR5862234	20.117942681997544
KCNJ4	SRR5862235	9.008099054142892
KCNJ4	SRR5862236	21.045030765324597
KCNJ4	SRR5862237	10.310154778156491
KCNJ4	SRR5862238	11.009898843952424
KCNJ4	SRR5862239	46.354984654400305
KCNJ4	SRR5862240	22.060120876675818
KCNJ4	SRR5862241	19.11773907020508
KCNJ4	SRR5862242	15.10427829478201
KCNJ4	SRR5862243	7.039362117340493
KCNJ4	SRR5862244	21.304063396054673
KCNJ4	SRR5862245	14.255869940959638
KCNJ4	SRR5862246	7.0133421978443105
KCNJ4	SRR5862247	6.033879290619647
KCNJ4	SRR5862248	9.006478660460283
KCNJ4	SRR5862249	10.1516723629576
KCNJ4	SRR5862250	3.0317585942632
KCNJ4	SRR5862251	17.175642381668702
KCNJ4	SRR5862252	11.028076330465021
KCNJ4	SRR5862253	10.077827888478087
KCNJ4	SRR5862254	1.0071605917832513
KCNJ4	SRR5862255	5.0401968259720284
KCNJ4	SRR5862256	21.325485099318495
KCNJ4	SRR5862257	9.123838018980768
KCNJ4	SRR5862258	14.035733511500936
KCNJ4	SRR5862259	7.096023176018154
KCNJ4	SRR5862260	7.45348223824742
KCNJ4	SRR5862261	11.183354916865678
KCNJ4	SRR5862262	7.069941135978674
KCNJ4	SRR5862263	3.136516220263086
KCNJ4	SRR5862264	4.02333933043903
KCNJ4	SRR5862265	6.0075604774374725
KCNJ4	SRR5862266	24.13160772386991
KCNJ4	SRR5862267	1.0552428781134908
KCNJ4	SRR5862268	11.05472295863309
KCNJ4	SRR5862269	16.06318052550959
KCNJ4	SRR5862270	5.01133287499803
KCNJ4	SRR5862271	12.071607904368902
KCNJ4	SRR5862272	14.1578249518134
KCNJ4	SRR5862273	14.048364196572587
KCNJ4	SRR5862274	25.114911652839016
KCNJ4	SRR5862275	12.155910433120175
KCNJ4	SRR5862276	10.173966505334036
KCNJ4	SRR5862277	29.367896796193495
KCNJ4	SRR5949109	1.1498283651018633
KCNJ4	SRR5949110	1.148171272003916
KCNJ4	SRR5949111	1.1498283651018633
KCNJ4	SRR5949112	1.1499000124654937
KCNJ4	SRR5949113	1.1493287860193127
KCNJ4	SRR5949114	1.1499000124654937
KCNJ4	SRR5949115	1.1498283651018633
KCNJ4	SRR5949116	1.149801355279094
KCNJ4	SRR5949117	1.1499000124654937
KCNJ4	SRR5949118	1.149757132515299
KCNJ4	SRR5949119	1.1498700492655702
KCNJ4	SRR5949120	1.149752993629983
KCNJ4	SRR5949121	1.149727479151349
KCNJ4	SRR5949122	1.149659680044542
KCNJ4	SRR5949123	1.1495224477062624
KCNJ4	SRR5949124	1.1489713533334538
KCNJ4	SRR5949125	1.1493657120956842
KCNJ4	SRR5949126	1.1496653216499102
KCNJ4	SRR5949127	1.149752993629983
KCNJ4	SRR5949128	1.149752993629983
KCNJ4	SRR5949129	1.1498758641415114
KCNJ4	SRR5949130	1.1498041981068907
KCNJ4	SRR5949131	1.1496516232140812
KCNJ4	SRR5949132	1.1498283651018633
KCNJ4	SRR5949133	1.1496993836519698
KCNJ4	SRR5949134	1.1499000124654937
KCNJ4	SRR5949135	1.149801355279094
KCNJ4	SRR5949136	1.1498700492655702
KCNJ4	SRR5949137	1.1489979896611313
KCNJ4	SRR5949138	1.1496058907069004
KCNJ4	SRR5949139	1.1496653216499102
KCNJ4	SRR5949140	1.1498283651018633
KCNJ4	SRR5949141	1.1498758641415114
KCNJ4	SRR5949142	1.1498041981068907
KCNJ4	SRR5949143	1.1499000124654937
KCNJ4	SRR5949144	1.149757132515299
KCNJ4	SRR5949145	1.1497815594090803
KCNJ4	SRR5949146	1.149752993629983
KCNJ4	SRR5949147	1.149752993629983
KCNJ4	SRR5949148	1.1489471817569916
KCNJ4	SRR5949149	1.149757132515299
KCNJ4	SRR5949150	1.1498758641415114
KCNJ4	SRR5949151	1.1494823274298185
KCNJ4	SRR5949152	1.1476551316063306
KCNJ4	SRR5949153	1.149659680044542
KCNJ4	SRR5949154	1.1487635500794011
KCNJ4	SRR5949155	1.1497815594090803
KCNJ4	SRR5949156	1.1498758641415114
KCNJ4	SRR5949157	1.1498700492655702
KCNJ4	SRR5949158	1.1499000124654937
KCNJ4	SRR5949159	1.1489204896371397
KCNJ4	SRR5949160	1.1498283651018633
KCNJ4	SRR5949161	1.1498283651018633
KCNJ4	SRR5949162	1.1498283651018633
KCNJ4	SRR5949163	1.1498758641415114
KCNJ4	SRR5949164	1.1499000124654937
KCNJ4	SRR5949165	1.149801355279094
KCNJ4	SRR5949166	1.1498758641415114
KCNJ4	SRR5949167	1.149757132515299
KCNJ4	SRR5949168	1.1497815594090803
KCNJ4	SRR5949169	1.1447151303318799
KCNJ4	SRR5949170	1.1499000124654937
KCNJ4	SRR5949171	1.1496516232140812
KCNJ4	SRR5949172	1.1496058907069004
KCNJ4	SRR5949173	1.1498283651018633
KCNJ4	SRR5949174	1.1497815594090803
KCNJ4	SRR5949175	1.1499000124654937
KCNJ4	SRR5949176	1.149727479151349
KCNJ4	SRR5949177	1.1489132956948793
KCNJ4	SRR5949178	1.1496653216499102
KCNJ4	SRR5949179	1.1497815594090803
KCNJ4	SRR5949180	1.1499000124654937
KCNJ4	SRR5949181	1.1498700492655702
KCNJ4	SRR5949182	1.149727479151349
KCNJ4	SRR5949183	1.1498758641415114
KCNJ4	SRR5949184	1.149801355279094
KCNJ4	SRR5949185	1.1495611354981103
KCNJ4	SRR5949186	1.1492630102128836
KCNJ4	SRR5949187	1.1498041981068907
KCNJ4	SRR5949188	1.149801355279094
KCNJ4	SRR5949189	1.149752993629983
KCNJ4	SRR5949190	1.149757132515299
KCNJ4	SRR5949191	1.1496058907069004
KCNJ4	SRR5949192	1.1498700492655702
KCNJ4	SRR5949193	1.1498758641415114
KCNJ4	SRR5949194	1.1498283651018633
KCNJ4	SRR5949195	1.149801355279094
KCNJ4	SRR5949196	1.149639556483191
KCNJ4	SRR5949197	1.1494508753827517
KCNJ4	SRR5949198	1.1489684643066176
KCNJ4	SRR5949199	1.1496653216499102
KCNJ4	SRR5949200	1.1498758641415114
KCNJ4	SRR5949201	1.1497815594090803
KCNJ4	SRR5949202	1.1498041981068907
KCNJ4	SRR5949203	1.1498700492655702
KCNJ4	SRR5949204	1.1499000124654937
KCNJ4	SRR5949205	1.1499000124654937
KCNJ4	SRR5949206	1.149801355279094
KCNJ4	SRR5949207	1.1498283651018633
KCNJ4	SRR5949208	1.149757132515299
KCNJ4	SRR5949209	1.1498283651018633
KCNJ4	SRR5949210	1.1497815594090803
KCNJ4	SRR5949211	1.1494508753827517
KCNJ4	SRR5949212	1.149757132515299
KCNJ4	SRR5949213	1.1496993836519698
KCNJ4	SRR5949214	1.1495224477062624
KCNJ4	SRR5949215	1.149752993629983
KCNJ4	SRR5949216	1.1498041981068907
KCNJ4	SRR5949217	1.1498041981068907
KCNJ4	SRR5949218	1.1496993836519698
KCNJ4	SRR5949219	1.149727479151349
KCNJ4	SRR5949220	1.1495611354981103
KCNJ4	SRR5949221	1.149515806070026
KCNJ4	SRR5949222	1.149752993629983
KCNJ4	SRR5949223	1.1489094288850477
KCNJ4	SRR5949224	1.1497815594090803
KCNJ4	SRR5949225	1.1498700492655702
KCNJ4	SRR5949226	1.1495611354981103
KCNJ4	SRR5949227	1.1498700492655702
KCNJ4	SRR5949228	1.1496058907069004
KCNJ4	SRR5949229	1.149639556483191
KCNJ4	SRR5949230	1.1498700492655702
KCNJ4	SRR5949231	1.1494707522857042
KCNJ4	SRR5949232	1.1487635500794011
KCNJ4	SRR5949233	1.1489229708372037
KCNJ4	SRR5949234	1.149752993629983
KCNJ4	SRR5949235	1.1496058907069004
KCNJ4	SRR5949236	1.1478430081697302
KCNJ4	SRR5949237	1.1494610034998385
KCNJ4	SRR5949238	1.1492438683694057
KCNJ4	SRR5949239	1.147930185304594
KCNJ4	SRR5949240	1.1498758641415114
KCNJ4	SRR5949241	1.149757132515299
KCNJ4	SRR5949242	1.1497815594090803
KCNJ4	SRR5949243	1.1496516232140812
KCNJ4	SRR5949244	1.1496653216499102
KCNJ4	SRR5949245	1.1496653216499102
KCNJ4	SRR5949246	1.149801355279094
KCNJ4	SRR5949247	1.149752993629983
KCNJ4	SRR5949248	1.149801355279094
KCNJ4	SRR5949249	1.1497815594090803
KCNJ4	SRR5949250	1.1499000124654937
KCNJ4	SRR5949251	1.1496058907069004
KCNJ4	SRR5949252	1.1498283651018633
KCNJ4	SRR5949253	1.1494121443044876
KCNJ4	SRR5949254	1.1495510677538354
KCNJ4	SRR5949255	1.1497815594090803
KCNJ4	SRR5949256	1.149659680044542
KCNJ4	SRR5949257	1.1498758641415114
KCNJ4	SRR5949258	1.1498758641415114
KCNJ4	SRR5949259	1.149727479151349
KCNJ4	SRR5949260	1.1499000124654937
KCNJ4	SRR5949261	1.1499000124654937
KCNJ4	SRR5949262	1.149659680044542
KCNJ4	SRR5949263	1.1498041981068907
KCNJ4	SRR5949264	1.149727479151349
KCNJ4	SRR5949265	1.1498700492655702
KCNJ4	SRR5949266	1.1490859664004887
KCNJ4	SRR5949267	1.1491016556665985
KCNJ4	SRR5949268	1.1498700492655702
KCNJ4	SRR5949269	1.149752993629983
KCNJ4	SRR5949270	1.1497815594090803
KCNJ4	SRR5949271	1.1495224477062624
KCNJ4	SRR5949272	1.1499000124654937
KCNJ4	SRR5949273	1.1499000124654937
KCNJ4	SRR5949274	1.149801355279094
KCNJ4	SRR5949275	1.1495012298161975
KCNJ4	SRR5949276	1.149801355279094
KCNJ4	SRR5949277	1.1491016556665985
KCNJ4	SRR5949278	1.1498041981068907
KCNJ4	SRR5949279	1.1498041981068907
KCNJ4	SRR5949280	1.1493806150832857
KCNJ4	SRR5949281	1.149801355279094
KCNJ4	SRR5949282	1.1499000124654937
KCNJ4	SRR5949283	1.1494610034998385
KCNJ4	SRR5949284	1.1499000124654937
KCNJ4	SRR5949285	1.1485352709618715
KCNJ4	SRR5949286	1.1490061236504394
KCNJ4	SRR5949287	1.1499000124654937
KCNJ4	SRR5949288	1.1498041981068907
KCNJ4	SRR5949289	1.1496653216499102
KCNJ4	SRR5949290	1.1499000124654937
KCNJ4	SRR5949291	1.1497815594090803
KCNJ4	SRR5949292	1.149752993629983
KCNJ4	SRR5949293	1.1499000124654937
KCNJ4	SRR5949294	1.1498758641415114
KCNJ4	SRR5949295	1.1498041981068907
KCNJ4	SRR5949296	1.1498041981068907
KCNJ4	SRR5949297	1.1498283651018633
KCNJ4	SRR5949298	1.149614382860247
KCNJ4	SRR5949299	1.149757132515299
KCNJ4	SRR5949300	1.1498758641415114
KCNJ4	SRR5949301	1.1498758641415114
KCNJ4	SRR5949302	1.1496653216499102
KCNJ4	SRR5949303	1.1496516232140812
KCNJ4	SRR5949304	1.1498283651018633
KCNJ4	SRR5949305	1.1490061236504394
KCNJ4	SRR5949306	1.1498700492655702
KCNJ4	SRR5949307	1.149757132515299
KCNJ4	SRR5949308	1.149801355279094
KCNJ4	SRR5949309	1.1495565511841175
KCNJ4	SRR5949310	1.1495565511841175
KCNJ4	SRR5949311	1.1497815594090803
KCNJ4	SRR5949312	1.149461221160821
KCNJ4	SRR5949313	1.1497815594090803
KCNJ4	SRR5949314	1.1498758641415114
KCNJ4	SRR5949315	1.1497815594090803
KCNJ4	SRR5949316	1.1498041981068907
KCNJ4	SRR5949317	1.1492438683694057
KCNJ4	SRR5949318	1.1491016556665985
KCNJ4	SRR5949319	1.1498283651018633
KCNJ4	SRR5949320	1.1499000124654937
KCNJ4	SRR5949321	1.149801355279094
KCNJ4	SRR5949322	1.149614382860247
KCNJ4	SRR5949323	1.1497815594090803
KCNJ4	SRR5949324	1.1499000124654937
KCNJ4	SRR5949325	1.1498041981068907
KCNJ4	SRR5949326	1.1497815594090803
KCNJ4	SRR5949327	1.1490004023259148
KCNJ4	SRR5949328	1.1498283651018633
KCNJ4	SRR5949329	1.1498283651018633
KCNJ4	SRR5949330	1.1498041981068907
KCNJ4	SRR5949331	1.1498700492655702
KCNJ4	SRR5949332	1.1499000124654937
KCNJ4	SRR5949333	1.1496993836519698
KCNJ4	SRR5949334	1.1494508753827517
KCNJ4	SRR5949335	1.1498758641415114
KCNJ4	SRR5949336	1.149801355279094
KCNJ4	SRR5949337	1.1498700492655702
KCNJ4	SRR5949338	1.1498041981068907
KCNJ4	SRR5949339	1.1498041981068907
KCNJ4	SRR5949340	1.149614382860247
KCNJ4	SRR5949341	1.149727479151349
KCNJ4	SRR5949342	1.1498700492655702
KCNJ4	SRR5949343	1.149727479151349
KCNJ4	SRR5949344	1.1498283651018633
KCNJ4	SRR5949345	1.1498700492655702
KCNJ4	SRR5949346	1.1489824166943214
KCNJ4	SRR5949347	1.1494257243385793
KCNJ4	SRR5949348	1.1487709425734813
KCNJ4	SRR5949349	1.1498041981068907
KCNJ4	SRR5949350	1.149757132515299
KCNJ4	SRR5949351	1.1497815594090803
KCNJ4	SRR5949352	1.149801355279094
KCNJ4	SRR5949353	1.1498041981068907
KCNJ4	SRR5949354	1.1495224477062624
KCNJ4	SRR5949355	1.149727479151349
KCNJ4	SRR5949356	1.1467122388088349
KCNJ4	SRR5949357	1.149752993629983
KCNJ4	SRR5949358	1.1497815594090803
KCNJ4	SRR5949359	1.1498041981068907
KCNJ4	SRR5949360	1.149727479151349
KCNJ4	SRR5949361	1.1496653216499102
KCNJ4	SRR5949362	1.1478188840514512
KCNJ4	SRR5949363	1.1498758641415114
KCNJ4	SRR5949364	1.1496058907069004
KCNJ4	SRR5949365	1.1494121443044876
KCNJ4	SRR5949366	1.1474377159067004
KCNJ4	SRR5949367	1.1499000124654937
KCNJ4	SRR5949368	1.148804618132568
KCNJ4	SRR5949369	1.1498758641415114
KCNJ4	SRR5949370	1.1498283651018633
KCNJ4	SRR5949371	1.1495565511841175
KCNJ4	SRR5949372	1.149801355279094
KCNJ4	SRR5949373	1.1498758641415114
KCNJ4	SRR5949374	1.1496516232140812
KCNJ4	SRR5949375	1.1498758641415114
KCNJ4	SRR5949376	1.1499000124654937
KCNJ4	SRR5949377	1.1498041981068907
KCNJ4	SRR5949378	1.1499000124654937
KCNJ4	SRR5949379	1.1498041981068907
KCNJ4	SRR5949380	1.1489471817569916
KCNJ4	SRR5949381	1.1495012298161975
KCNJ4	SRR5949382	1.1498283651018633
KCNJ4	SRR5949383	1.1496993836519698
KCNJ4	SRR5949384	1.1498758641415114
KCNJ4	SRR5949385	1.149659680044542
KCNJ4	SRR5949386	1.1499000124654937
KCNJ4	SRR5949387	1.147930185304594
KCNJ4	SRR5949388	1.1495224477062624
KCNJ4	SRR5949389	1.1499000124654937
KCNJ4	SRR5949390	1.1497815594090803
KCNJ4	SRR5949391	1.1495565511841175
KCNJ4	SRR5949392	1.1499000124654937
KCNJ4	SRR5949393	1.1495565511841175
KCNJ4	SRR5949394	1.1495012298161975
KCNJ4	SRR5949395	1.1497815594090803
KCNJ4	SRR5949396	1.1489204896371397
KCNJ4	SRR5949397	1.1498758641415114
KCNJ4	SRR5949398	1.1498700492655702
KCNJ4	SRR5949399	1.1497815594090803
KCNJ4	SRR5949400	1.1442239823514004
KCNJ4	SRR5949401	1.1499000124654937
KCNJ4	SRR5949402	1.149801355279094
KCNJ4	SRR5949403	1.149757132515299
KCNJ4	SRR5949404	1.1495611354981103
KCNJ4	SRR5949405	1.1498041981068907
KCNJ4	SRR5949406	1.1498758641415114
KCNJ4	SRR5949407	1.1498041981068907
KCNJ4	SRR5949408	1.1498041981068907
KCNJ4	SRR5949409	1.149801355279094
KCNJ4	SRR5949410	1.149801355279094
KCNJ4	SRR5949411	1.1499000124654937
KCNJ4	SRR5949412	1.1496653216499102
KCNJ4	SRR5949413	1.1498041981068907
KCNJ4	SRR5949414	1.1498283651018633
KCNJ4	SRR5949415	1.1498700492655702
KCNJ4	SRR5949416	1.149752993629983
KCNJ4	SRR5949417	1.1496993836519698
KCNJ4	SRR5949418	1.1498041981068907
KCNJ4	SRR5949419	1.1498283651018633
KCNJ4	SRR5949420	1.149727479151349
KCNJ4	SRR5949421	1.1496993836519698
KCNJ4	SRR5949422	1.149752993629983
KCNJ4	SRR5949423	1.149752993629983
KCNJ4	SRR5949424	1.1499000124654937
KCNJ4	SRR5949425	1.149752993629983
KCNJ4	SRR5949426	1.1498700492655702
KCNJ4	SRR5949427	1.149752993629983
KCNJ4	SRR5949428	1.1499000124654937
KCNJ4	SRR5949429	1.149461221160821
KCNJ4	SRR5949430	1.1497815594090803
KCNJ4	SRR5949431	1.1497815594090803
KCNJ4	SRR5949432	1.149801355279094
KCNJ4	SRR5949433	1.149757132515299
KCNJ4	SRR5949434	1.149757132515299
KCNJ4	SRR5949435	1.1495510677538354
KCNJ4	SRR5949436	1.1498283651018633
KCNJ4	SRR5949437	1.149461221160821
KCNJ4	SRR5949438	1.1493806150832857
KCNJ4	SRR5949439	1.1498758641415114
KCNJ4	SRR5949440	1.1498700492655702
KCNJ4	SRR5949441	1.1498700492655702
KCNJ4	SRR5949442	1.1496516232140812
KCNJ4	SRR5949443	1.1495611354981103
KCNJ4	SRR5949444	1.1495012298161975
KCNJ4	SRR5949445	1.1499000124654937
KCNJ4	SRR5949446	1.1498700492655702
KCNJ4	SRR5949447	1.149757132515299
KCNJ4	SRR5949448	1.1499000124654937
KCNJ4	SRR5949449	1.1499000124654937
KCNJ4	SRR5949450	1.1497815594090803
KCNJ4	SRR5949451	1.1496993836519698
KCNJ4	SRR5949452	1.1498041981068907
KCNJ4	SRR5949453	1.1497815594090803
KCNJ4	SRR5949454	1.1498041981068907
KCNJ4	SRR5949455	1.149757132515299
KCNJ4	SRR5949456	1.1498758641415114
KCNJ4	SRR5949457	1.1498700492655702
KCNJ4	SRR5949458	1.1498758641415114
KCNJ4	SRR5949459	1.149801355279094
KCNJ4	SRR5949460	1.1495611354981103
KCNJ4	SRR5949461	1.1490004023259148
KCNJ4	SRR5949462	1.1498283651018633
KCNJ4	SRR5949463	1.1495510677538354
KCNJ4	SRR5949464	1.1494610034998385
KCNJ4	SRR5949465	1.1489587806071277
KCNJ4	SRR5949466	1.1497815594090803
KCNJ4	SRR5949467	1.1489471817569916
KCNJ4	SRR5949468	1.1498283651018633
KCNJ4	SRR5949469	1.1498700492655702
KCNJ4	SRR5949470	1.1498041981068907
KCNJ4	SRR5949471	1.149727479151349
KCNJ4	SRR5949472	1.149801355279094
KCNJ4	SRR5949473	1.149801355279094
KCNJ4	SRR5949474	1.149757132515299
KCNJ4	SRR5949475	1.1499000124654937
KCNJ4	SRR5949476	1.1498041981068907
KCNJ4	SRR5949477	1.1498700492655702
KCNJ4	SRR5949478	1.149801355279094
KCNJ4	SRR5949479	1.149283393549715
KCNJ4	SRR5949480	1.149752993629983
KCNJ4	SRR5949481	1.1498700492655702
KCNJ4	SRR5949482	1.1496653216499102
KCNJ4	SRR5949483	1.1492630102128836
KCNJ4	SRR5949484	1.1498283651018633
KCNJ4	SRR5949485	1.1495012298161975
KCNJ4	SRR5949486	1.149757132515299
KCNJ4	SRR5949487	1.149752993629983
KCNJ4	SRR5949488	1.149461221160821
KCNJ4	SRR5949489	1.1496058907069004
KCNJ4	SRR5949490	1.1496058907069004
KCNJ4	SRR5949491	1.149757132515299
KCNJ4	SRR5949492	1.1496058907069004
KCNJ4	SRR5949493	1.149727479151349
KCNJ4	SRR5949494	1.1499000124654937
KCNJ4	SRR5949495	1.1494707522857042
KCNJ4	SRR5949496	1.149727479151349
KCNJ4	SRR5949497	1.149727479151349
KCNJ4	SRR5949498	1.1497815594090803
KCNJ4	SRR5949499	1.1498283651018633
KCNJ4	SRR5949500	1.1494121443044876
KCNJ4	SRR5949501	1.149515806070026
KCNJ4	SRR5949502	1.1492573238148507
KCNJ4	SRR5949503	1.149639556483191
KCNJ4	SRR5949504	1.1498041981068907
KCNJ4	SRR5949505	1.1498041981068907
KCNJ4	SRR5949506	1.1498041981068907
KCNJ4	SRR5949507	1.1498700492655702
KCNJ4	SRR5949508	1.149752993629983
KCNJ4	SRR5949509	1.1498283651018633
KCNJ4	SRR5949510	1.1498041981068907
KCNJ4	SRR5949511	1.1489592829745587
KCNJ4	SRR5949512	1.149801355279094
KCNJ4	SRR5949513	1.1499000124654937
KCNJ4	SRR5949514	1.149659680044542
KCNJ4	SRR5949515	1.1498283651018633
KCNJ4	SRR5949516	1.149757132515299
KCNJ4	SRR5949517	1.1498041981068907
KCNJ4	SRR5949518	1.149283393549715
KCNJ4	SRR5949519	1.1496058907069004
KCNJ4	SRR5949520	1.1498700492655702
KCNJ4	SRR5949521	1.1490859664004887
KCNJ4	SRR5949522	1.149801355279094
KCNJ4	SRR5949523	1.1498700492655702
KCNJ4	SRR5949524	1.149757132515299
KCNJ4	SRR5949525	1.149659680044542
KCNJ4	SRR5949526	1.1489944018824365
KCNJ4	SRR5949527	1.149639556483191
KCNJ4	SRR5949528	1.1483720675437479
KCNJ4	SRR5949529	1.1495224477062624
KCNJ4	SRR5949530	1.149727479151349
KCNJ4	SRR5949531	1.1496653216499102
KCNJ4	SRR5949532	1.1498700492655702
KCNJ4	SRR5949533	1.1499000124654937
KCNJ4	SRR5949534	1.149659680044542
KCNJ4	SRR5949535	1.1498283651018633
KCNJ4	SRR5949536	1.1497815594090803
KCNJ4	SRR5949537	1.1498700492655702
KCNJ4	SRR5949538	1.1499000124654937
KCNJ4	SRR5949539	1.149727479151349
KCNJ4	SRR5949540	1.1495611354981103
KCNJ4	SRR5949541	1.149727479151349
KCNJ4	SRR5949542	1.1495224477062624
KCNJ4	SRR5949543	1.149752993629983
KCNJ4	SRR5949544	1.1495611354981103
KCNJ4	SRR5949545	1.149283393549715
KCNJ4	SRR5949546	1.149639556483191
KCNJ4	SRR5949547	1.1499000124654937
KCNJ4	SRR5949548	1.149757132515299
KCNJ4	SRR5949549	1.1494121443044876
KCNJ4	SRR5949550	1.1489471817569916
KCNJ4	SRR5949551	1.149801355279094
KCNJ4	SRR5949552	1.1494823274298185
KCNJ4	SRR5949553	1.1498758641415114
KCNJ4	SRR5949554	1.1498041981068907
KCNJ4	SRR5949555	1.1409427054301
KCNJ4	SRR5949556	1.149515806070026
KCNJ4	SRR5949557	1.1497815594090803
KCNJ4	SRR5949558	1.1494707522857042
KCNJ4	SRR5949559	1.1498283651018633
KCNJ4	SRR5949560	1.1498283651018633
KCNJ4	SRR5949561	1.1490061236504394
KCNJ4	SRR5949562	1.1495012298161975
KCNJ4	SRR5949563	1.1497815594090803
KCNJ4	SRR5949564	1.149801355279094
KCNJ4	SRR5949565	1.1498758641415114
KCNJ4	SRR5949566	1.1498283651018633
KCNJ4	SRR5949567	1.1479342052496542
KCNJ4	SRR5949568	1.1495565511841175
KCNJ4	SRR5949569	1.149614382860247
KCNJ4	SRR5949570	1.149727479151349
KCNJ4	SRR5949571	1.1493287860193127
KCNJ4	SRR5949572	1.1496993836519698
KCNJ4	SRR5949573	1.1495565511841175
KCNJ4	SRR5949574	1.1497815594090803
KCNJ4	SRR5949575	1.149752993629983
KCNJ4	SRR5949576	1.1496993836519698
KCNJ4	SRR5949577	1.1498758641415114
KCNJ4	SRR5949578	1.1497815594090803
KCNJ4	SRR5949579	1.1498283651018633
KCNJ4	SRR5949580	1.1498283651018633
KCNJ4	SRR5949581	1.1499000124654937
KCNJ4	SRR5949582	1.149614382860247
KCNJ4	SRR5949583	1.1498758641415114
KCNJ4	SRR5949584	1.1489713533334538
KCNJ4	SRR5949585	1.149801355279094
KCNJ4	SRR5949586	1.1498041981068907
KCNJ4	SRR5949587	1.149757132515299
KCNJ4	SRR5949588	1.14823324140182
KCNJ4	SRR5949589	1.1499000124654937
KCNJ4	SRR5949590	1.149639556483191
KCNJ4	SRR5949591	1.1498283651018633
KCNJ4	SRR5949592	1.1496653216499102
KCNJ4	SRR5949593	1.1499000124654937
KCNJ4	SRR5949594	1.1496993836519698
KCNJ4	SRR5949595	1.1498041981068907
KCNJ4	SRR5949596	1.149757132515299
KCNJ4	SRR5949597	1.1492327898220787
KCNJ4	SRR5949598	1.149727479151349
KCNJ4	SRR5949599	1.149639556483191
KCNJ4	SRR5949600	1.1497815594090803
KCNJ4	SRR5949601	1.1496993836519698
KCNJ4	SRR5949602	1.1499000124654937
KCNJ4	SRR5949603	1.149801355279094
KCNJ4	SRR5949604	1.1498041981068907
KCNJ4	SRR5949605	1.1496993836519698
KCNJ4	SRR5949606	1.1494707522857042
KCNJ4	SRR5949607	1.1498700492655702
KCNJ4	SRR5949608	1.1490004023259148
KCNJ4	SRR5950246	1.1489592829745587
KCNJ4	SRR5950247	1.1494707522857042
KCNJ4	SRR5950248	1.1497815594090803
KCNJ4	SRR5950249	1.1499000124654937
KCNJ4	SRR5950250	1.1495611354981103
KCNJ4	SRR5950251	1.1497815594090803
KCNJ4	SRR5950252	1.1498758641415114
KCNJ4	SRR5950253	1.1498041981068907
KCNJ4	SRR5950254	1.1494707522857042
KCNJ4	SRR5950255	1.1492327898220787
KCNJ4	SRR5950256	1.14882817140177
KCNJ4	SRR5950257	1.1487945702274995
KCNJ4	SRR5950258	1.149801355279094
KCNJ4	SRR5950259	1.1498283651018633
KCNJ4	SRR5950260	1.1497815594090803
KCNJ4	SRR5950261	1.149801355279094
KCNJ4	SRR5950262	1.149659680044542
KCNJ4	SRR5950263	1.1492573238148507
KCNJ4	SRR5950264	1.1498700492655702
KCNJ4	SRR5950265	1.1495611354981103
KCNJ4	SRR5950266	1.1489684643066176
KCNJ4	SRR5950267	1.149801355279094
KCNJ4	SRR5950268	1.1496993836519698
KCNJ4	SRR5950269	1.149727479151349
KCNJ4	SRR5950270	1.1494610034998385
KCNJ4	SRR5950271	1.1499000124654937
KCNJ4	SRR5950272	1.1499000124654937
KCNJ4	SRR5950273	1.1497815594090803
KCNJ4	SRR5950274	1.1496516232140812
KCNJ4	SRR5950275	1.1496993836519698
KCNJ4	SRR5950276	1.149801355279094
KCNJ4	SRR5950277	1.149515806070026
KCNJ4	SRR5950278	1.1492438683694057
KCNJ4	SRR5950279	1.149757132515299
KCNJ4	SRR5950280	1.1498041981068907
KCNJ4	SRR5950281	1.1496993836519698
KCNJ4	SRR5950282	1.1493287860193127
KCNJ4	SRR5950283	1.149801355279094
KCNJ4	SRR5950284	1.1466271340242074
KCNJ4	SRR5950285	1.1494823274298185
KCNJ4	SRR5950286	1.1497815594090803
KCNJ4	SRR5950287	1.1491016556665985
KCNJ4	SRR5950288	1.1495510677538354
KCNJ4	SRR5950289	1.1490061236504394
KCNJ4	SRR5950290	1.1498283651018633
KCNJ4	SRR5950291	1.149801355279094
KCNJ4	SRR5950292	1.1496653216499102
KCNJ4	SRR5950293	1.1494610034998385
KCNJ4	SRR5950294	1.1499000124654937
KCNJ4	SRR5950295	1.1498758641415114
KCNJ4	SRR5950296	1.149752993629983
KCNJ4	SRR5950297	1.1494508753827517
KCNJ4	SRR5950298	1.1498283651018633
KCNJ4	SRR5950299	1.149614382860247
KCNJ4	SRR5950300	1.149757132515299
KCNJ4	SRR5950301	1.149801355279094
KCNJ4	SRR5950302	1.149752993629983
KCNJ4	SRR5950303	1.149614382860247
KCNJ4	SRR5950304	1.149461221160821
KCNJ4	SRR5950305	1.149752993629983
KCNJ4	SRR5950306	1.149752993629983
KCNJ4	SRR5950307	1.1496058907069004
KCNJ4	SRR5950308	1.1496653216499102
KCNJ4	SRR5950309	1.1496993836519698
KCNJ4	SRR5950310	1.1497815594090803
KCNJ4	SRR5950311	1.1498700492655702
KCNJ4	SRR5950312	1.149801355279094
KCNJ4	SRR5950313	1.1496653216499102
KCNJ4	SRR5950314	1.1498283651018633
KCNJ4	SRR5950315	1.149801355279094
KCNJ4	SRR5950316	1.1498700492655702
KCNJ4	SRR5950317	1.149614382860247
KCNJ4	SRR5950318	1.1494610034998385
KCNJ4	SRR5950319	1.149639556483191
KCNJ4	SRR5950320	1.149614382860247
KCNJ4	SRR5950321	1.148836459359721
KCNJ4	SRR5950322	1.1495224477062624
KCNJ4	SRR5950323	1.1496516232140812
KCNJ4	SRR5950324	1.1498283651018633
KCNJ4	SRR5950325	1.149659680044542
KCNJ4	SRR5950326	1.149515806070026
KCNJ4	SRR5950327	1.149801355279094
KCNJ4	SRR5950328	1.149801355279094
KCNJ4	SRR5950329	1.149752993629983
KCNJ4	SRR5950330	1.149639556483191
KCNJ4	SRR5950331	1.1493287860193127
KCNJ4	SRR5950332	1.1494707522857042
KCNJ4	SRR5950333	1.1498283651018633
KCNJ4	SRR5950334	1.1498283651018633
KCNJ4	SRR5950335	1.1498283651018633
KCNJ4	SRR5950336	1.1477909267796054
KCNJ4	SRR5950337	1.1490522198255662
KCNJ4	SRR5950338	1.1484554126990747
KCNJ4	SRR5950339	1.1499000124654937
KCNJ4	SRR5950340	1.1496058907069004
KCNJ4	SRR5950341	1.1496653216499102
KCNJ4	SRR5950342	1.1498700492655702
KCNJ4	SRR5950343	1.1496653216499102
KCNJ4	SRR5950344	1.1495224477062624
KCNJ4	SRR5950345	1.1496516232140812
KCNJ4	SRR5950346	1.149801355279094
KCNJ4	SRR5950347	1.149752993629983
KCNJ4	SRR5950348	1.1496058907069004
KCNJ4	SRR5950349	1.1498758641415114
KCNJ4	SRR5950350	1.1497815594090803
KCNJ4	SRR5950351	1.1491016556665985
KCNJ4	SRR5950352	1.1498700492655702
KCNJ4	SRR5950353	1.149752993629983
KCNJ4	SRR5950354	1.1498700492655702
KCNJ4	SRR5950355	1.1498700492655702
KCNJ4	SRR5950356	1.1489979896611313
KCNJ4	SRR5950357	1.1498700492655702
KCNJ4	SRR5950358	1.149614382860247
KCNJ4	SRR5950359	1.149727479151349
KCNJ4	SRR5950360	1.1498700492655702
KCNJ4	SRR5950361	1.1498700492655702
KCNJ4	SRR5950362	1.1495224477062624
KCNJ4	SRR5950363	1.1494508753827517
KCNJ4	SRR5950364	1.149639556483191
KCNJ4	SRR5950365	1.1498041981068907
KCNJ4	SRR5950366	1.1498283651018633
KCNJ4	SRR5950367	1.1489024179979748
KCNJ4	SRR5950368	1.149752993629983
KCNJ4	SRR5950369	1.1499000124654937
KCNJ4	SRR5950370	1.1499000124654937
KCNJ4	SRR5950371	1.149801355279094
KCNJ4	SRR5950372	1.1498041981068907
KCNJ4	SRR5950373	1.149757132515299
KCNJ4	SRR5950374	1.149757132515299
KCNJ4	SRR5950375	1.1498700492655702
KCNJ4	SRR5950376	1.1499000124654937
KCNJ4	SRR5950377	1.1494121443044876
KCNJ4	SRR5950378	1.149757132515299
KCNJ4	SRR5950379	1.149752993629983
KCNJ4	SRR5950380	1.1496653216499102
KCNJ4	SRR5950381	1.149659680044542
KCNJ4	SRR5950382	1.1491016556665985
KCNJ4	SRR5950383	1.1498758641415114
KCNJ4	SRR5950384	1.1498283651018633
KCNJ4	SRR5950385	1.1490859664004887
KCNJ4	SRR5950386	1.1498700492655702
KCNJ4	SRR5950387	1.1498758641415114
KCNJ4	SRR5950388	1.1495611354981103
KCNJ4	SRR5950389	1.1485352709618715
KCNJ4	SRR5950390	1.1496993836519698
KCNJ4	SRR5950391	1.1499000124654937
KCNJ4	SRR5950392	1.1491016556665985
KCNJ4	SRR5950393	1.1495565511841175
KCNJ4	SRR5950394	1.149727479151349
KCNJ4	SRR5950395	1.149752993629983
KCNJ4	SRR5950396	1.1499000124654937
KCNJ4	SRR5950397	1.1498758641415114
KCNJ4	SRR5950398	1.1498758641415114
KCNJ4	SRR5950399	1.149659680044542
KCNJ4	SRR5950400	1.1496993836519698
KCNJ4	SRR5950401	1.1498700492655702
KCNJ4	SRR5950402	1.1498700492655702
KCNJ4	SRR5950403	1.1497815594090803
KCNJ4	SRR5950404	1.1498041981068907
KCNJ4	SRR5950405	1.14823324140182
KCNJ4	SRR5950406	1.1493806150832857
KCNJ4	SRR5950407	1.149801355279094
KCNJ4	SRR5950408	1.149461221160821
KCNJ4	SRR5950409	1.1495565511841175
KCNJ4	SRR5950410	1.1499000124654937
KCNJ4	SRR5950411	1.1498283651018633
KCNJ4	SRR5950412	1.1498700492655702
KCNJ4	SRR5950413	1.1493657120956842
KCNJ4	SRR5950414	1.149801355279094
KCNJ4	SRR5950415	1.149614382860247
KCNJ4	SRR5950416	1.1496653216499102
KCNJ4	SRR5950417	1.1496993836519698
KCNJ4	SRR5950418	1.1495510677538354
KCNJ4	SRR5950419	1.1498700492655702
KCNJ4	SRR5950420	1.149752993629983
KCNJ4	SRR5950421	1.1495611354981103
KCNJ4	SRR5950422	1.1494707522857042
KCNJ4	SRR5950423	1.149757132515299
KCNJ4	SRR5950424	1.1498283651018633
KCNJ4	SRR5950425	1.1498700492655702
KCNJ4	SRR5950426	1.1496058907069004
KCNJ4	SRR5950427	1.1498283651018633
KCNJ4	SRR5950428	1.149757132515299
KCNJ4	SRR5950429	1.1498700492655702
KCNJ4	SRR5950430	1.149727479151349
KCNJ4	SRR5950431	1.149727479151349
KCNJ4	SRR5950432	1.1498041981068907
KCNJ4	SRR5950433	1.149801355279094
KCNJ4	SRR5950434	1.1495611354981103
KCNJ4	SRR5950435	1.149757132515299
KCNJ4	SRR5950436	1.1498700492655702
KCNJ4	SRR5950437	1.149727479151349
KCNJ4	SRR5950438	1.1498283651018633
KCNJ4	SRR5950439	1.1498758641415114
KCNJ4	SRR5950440	1.145365413736815
KCNJ4	SRR5950441	1.1494707522857042
KCNJ4	SRR5950442	1.1497815594090803
KCNJ4	SRR5950443	1.149659680044542
KCNJ4	SRR5950444	1.149801355279094
KCNJ4	SRR5950445	1.1498041981068907
KCNJ4	SRR5950446	1.1496516232140812
KCNJ4	SRR5950447	1.1494257243385793
KCNJ4	SRR5950448	1.149801355279094
KCNJ4	SRR5950449	1.1498041981068907
KCNJ4	SRR5950450	1.1498700492655702
KCNJ4	SRR5950451	1.1499000124654937
KCNJ4	SRR5950452	1.1494823274298185
KCNJ4	SRR5950453	1.1498283651018633
KCNJ4	SRR5950454	1.1494823274298185
KCNJ4	SRR5950455	1.1498283651018633
KCNJ4	SRR5950456	1.149757132515299
KCNJ4	SRR5950457	1.149659680044542
KCNJ4	SRR5950458	1.1499000124654937
KCNJ4	SRR5950459	1.149752993629983
KCNJ4	SRR5950460	1.149752993629983
KCNJ4	SRR5950461	1.1497815594090803
KCNJ4	SRR5950462	1.1492630102128836
KCNJ4	SRR5950463	1.149614382860247
KCNJ4	SRR5950464	1.149515806070026
KCNJ4	SRR5950465	1.1449587156171235
KCNJ4	SRR5950466	1.149801355279094
KCNJ4	SRR5950467	1.149752993629983
KCNJ4	SRR5950468	1.149801355279094
KCNJ4	SRR5950469	1.149639556483191
KCNJ4	SRR5950470	1.1498700492655702
KCNJ4	SRR5963912	1.1499000124654937
KCNJ4	SRR5963913	1.1495224477062624
KCNJ4	SRR5963914	1.1499000124654937
KCNJ4	SRR5963915	1.1495611354981103
KCNJ4	SRR5963916	1.1494121443044876
KCNJ4	SRR5963917	1.1496993836519698
KCNJ4	SRR5963918	1.149727479151349
KCNJ4	SRR5963919	1.1498041981068907
KCNJ4	SRR5963920	1.149757132515299
KCNJ4	SRR5963921	1.1498283651018633
KCNJ4	SRR5963922	1.1496653216499102
KCNJ4	SRR5963923	1.149727479151349
KCNJ4	SRR5963924	1.1498041981068907
KCNJ4	SRR5963925	1.1495224477062624
KCNJ4	SRR5963926	1.149515806070026
KCNJ4	SRR5963927	1.1498758641415114
KCNJ4	SRR5963928	1.1494823274298185
KCNJ4	SRR5963929	1.149801355279094
KCNJ4	SRR5963930	1.1493287860193127
KCNJ4	SRR5963931	1.1499000124654937
KCNJ4	SRR5963932	1.149757132515299
KCNJ4	SRR5963933	1.149659680044542
KCNJ4	SRR5963934	1.1494257243385793
KCNJ4	SRR5963935	1.1499000124654937
KCNJ4	SRR5963936	1.1495510677538354
KCNJ4	SRR5963937	1.1492573238148507
KCNJ4	SRR5963938	1.149801355279094
KCNJ4	SRR5963939	1.1498041981068907
KCNJ4	SRR5963940	1.1498700492655702
KCNJ4	SRR5963941	1.1499000124654937
KCNJ4	SRR5963942	1.1499000124654937
KCNJ4	SRR5963943	1.1498283651018633
KCNJ4	SRR5963944	1.1499000124654937
KCNJ4	SRR5963945	1.1498758641415114
KCNJ4	SRR5963946	1.149801355279094
KCNJ4	SRR5963947	1.149801355279094
KCNJ4	SRR5963948	1.149801355279094
KCNJ4	SRR6467548	2.019612247048136
KCNJ4	SRR6467549	8.13306716213645
KCNJ4	SRR6467550	1.0094573463716312
KCNJ4	SRR6467551	1.0164508190635158
KCNJ4	SRR6467552	5.082613907278767
KCNJ4	SRR6467553	4.127671013631988
KCNJ4	SRR6467554	3.0676483368656076
KCNJ4	SRR6467555	1.0144151620441488
KCNJ4	SRR6467556	5.059139693817817
KCNJ4	SRR6467557	5.057097594193129
KCNJ4	SRR6467558	2.0404335559100706
KCNJ4	SRR6467559	3.006524872058571
KCNJ4	SRR6467560	2.0204297727609104
KCNJ4	SRR6467561	1.0074511140063074
KCNJ4	SRR6467562	2.007586041594286
KCNJ4	SRR6467563	2.0123935863373767
KCNJ4	SRR6467564	2.014622002337164
KCNJ4	SRR6467565	2.0193990487521933
KCNJ4	SRR6467566	2.0550596524190317
KCNJ4	SRR6467567	1.0110728691639104
KCNJ4	SRR6467568	1.0041019499142785
KCNJ4	SRR6467569	6.087838259841191
KCNJ4	SRR6467570	20.267214622546568
KCNJ4	SRR6467571	7.005038958135776
KCNJ4	SRR6467572	11.06767668201453
KCNJ4	SRR6467573	27.183553681924348
KCNJ4	SRR6467574	25
KCNJ4	SRR6467575	13.146730001977486
KCNJ4	SRR6467576	7.032723010077808
KCNJ4	SRR6467577	15.021603307653049
KCNJ4	SRR6467578	8.078990400459887
KCNJ4	SRR6467579	19.201092793996718
KCNJ4	SRR6467580	48.56182003257019
KCNJ4	SRR6467581	7.741862905103177
KCNJ4	SRR6467582	7.529854687215117
KCNJ4	SRR6467583	12
KCNJ4	SRR6467584	28.101668534316772
KCNJ4	SRR6467585	10.889665567947045
KCNJ4	SRR6467586	26.622226579531496
KCNJ4	SRR6467587	13.448834430191027
KCNJ4	SRR6467588	17.256808159804486
KCNJ4	SRR6467589	14
KCNJ4	SRR6467590	13.035924463961406
KCNJ4	SRR6467591	15.157794029900021
KCNJ4	SRR6467592	13.101134015374049
KCNJ4	SRR6467593	5.022691436807205
KCNJ4	SRR6467594	16.17949748662831
KCNJ4	SRR6467595	14.03068441774381
KCNJ4	SRR6467596	20
KCNJ4	SRR6467597	20.38599489634972
KCNJ4	SRR6467598	0.8903159201078643
KCNJ4	SRR6467599	50.18703714680991
KCNJ4	SRR6467600	18.08673423931015
KCNJ4	SRR6467601	4.022315269532117
KCNJ4	SRR6467602	12.094374129690966
KCNJ4	SRR6467603	24
KCNJ4	SRR6467604	13.054921564080662
KCNJ4	SRR6467605	14.050034762361946
KCNJ4	SRR6467606	37
KCNJ4	SRR6467607	13
KCNJ4	SRR6467608	5.0131362574119365
KCNJ4	SRR6467609	22.003958113082962
KCNJ4	SRR6467610	18.1796705637179
KCNJ4	SRR6467611	17.218377064066026
KCNJ4	SRR6467612	4.023216342150213
KCNJ4	SRR6467613	21
KCNJ4	SRR6467614	8
KCNJ4	SRR6467615	25.31759352558807
KCNJ4	SRR6467616	15.148391325236751
KCNJ4	SRR6467617	28.18672819582829
KCNJ4	SRR6467618	20
KCNJ4	SRR6467619	4.526528134206813
KCNJ4	SRR6467620	20.051850091193256
KCNJ4	SRR6467621	17.086822296135594
KCNJ4	SRR6467622	28.421704359208032
KCNJ4	SRR6467623	16.523370151686596
KCNJ4	SRR6467624	45.008096140396965
KCNJ4	SRR6467625	33
KCNJ4	SRR6467626	14
KCNJ4	SRR6467627	7.070446232876807
KCNJ4	SRR6467628	13
KCNJ4	SRR6467629	25.380622178978054
KCNJ4	SRR6467630	22.01583672556958
KCNJ4	SRR6467631	14.012598528666722
KCNJ4	SRR6467632	29.20814639991476
KCNJ4	SRR6467633	23
KCNJ4	SRR6467634	37.147862737347005
KCNJ4	SRR6467635	7.667180194662728
KCNJ4	SRR6467636	8.08064769848139
KCNJ4	SRR6467637	8
KCNJ4	SRR6467638	7
KCNJ4	SRR6467639	12.038022115003983
KCNJ4	SRR6467640	14.292858543118701
KCNJ4	SRR6467641	34.31561462157691
KCNJ4	SRR6467642	6.817247230887238
KCNJ4	SRR6467643	16.20020800809892
KCNJ4	SRR6467644	6
KCNJ4	SRR6467645	17.97981730417614
KCNJ4	SRR6467646	12
KCNJ4	SRR6467647	8.351404625445761
KCNJ4	SRR6467648	7.040415437918709
KCNJ4	SRR6467649	8.042337087182343
KCNJ4	SRR6467650	4.021892009037589
KCNJ4	SRR6467651	22.064089806360073
KCNJ4	SRR6467652	11.001979056541481
KCNJ4	SRR6467653	8.07937967625688
KCNJ4	SRR6467654	2.0074814858723964
KCNJ4	SRR6467655	9
KCNJ4	SRR6467656	6.621373861495705
KCNJ4	SRR6467657	8
KCNJ4	SRR6467658	50
KCNJ4	SRR6467659	21.374029987872436
KCNJ4	SRR6467660	27.184752374219915
KCNJ4	SRR6467661	20.385601489628073
KCNJ4	SRR6467662	34.89074684681709
KCNJ4	SRR6467663	7.019535889137761
KCNJ4	SRR6467664	18.68926264365867
KCNJ4	SRR6467665	48
KCNJ4	SRR6467666	16
KCNJ4	SRR6467667	6.669553281303743
KCNJ4	SRR6467668	20.310263734682756
KCNJ4	SRR6467669	16
KCNJ4	SRR6467670	5
KCNJ4	SRR6467671	14.946070566224641
KCNJ4	SRR6467672	10.088498474584396
KCNJ4	SRR6467673	20.191800411950737
KCNJ4	SRR6467674	24.15012163139247
KCNJ4	SRR6467675	4.034567832028037
KCNJ4	SRR6467676	15.099446694756644
KCNJ4	SRR6467677	20
KCNJ4	SRR6467678	11
KCNJ4	SRR6467679	20
KCNJ4	SRR6467680	7.075105400674641
KCNJ4	SRR6467681	14
KCNJ4	SRR6467682	5.029925220030917
KCNJ4	SRR6467683	10.111962112098368
KCNJ4	SRR6467684	17.044072577514267
KCNJ4	SRR6467685	13.183246312326313
KCNJ4	SRR6467686	9.01296198459183
KCNJ4	SRR6467687	12.657741271000926
KCNJ4	SRR6467688	22
KCNJ4	SRR6467689	31.306990178738047
KCNJ4	SRR6467690	8.043739458302193
KCNJ4	SRR6467691	9.04993270323192
KCNJ4	SRR6467692	1.0010052287584692
KCNJ4	SRR6467693	35.67150712084737
KCNJ4	SRR6467694	5.0378535296015965
KCNJ4	SRR6467695	3.013706987215939
KCNJ4	SRR6467696	12.153605564266721
KCNJ4	SRR6467697	17
KCNJ4	SRR6467698	5.023510944956372
KCNJ4	SRR6467699	3
KCNJ4	SRR6467700	10.162641048221598
KCNJ4	SRR6467701	52
KCNJ4	SRR6467702	14.200722251493273
KCNJ4	SRR6467703	13.16035507127051
KCNJ4	SRR6467704	4.011163365221578
KCNJ4	SRR6467705	17.111019364367078
KCNJ4	SRR6467706	8.147764098289286
KCNJ4	SRR6467707	24
KCNJ4	SRR6467708	29.050048302538578
KCNJ4	SRR6467709	20
KCNJ4	SRR6467710	14.012598528666722
KCNJ4	SRR6467711	14.019116318650013
KCNJ4	SRR6467712	11.123720540786142
KCNJ4	SRR6467713	14.961010545716544
KCNJ4	SRR6467714	9.053742933541205
KCNJ4	SRR6467715	31
KCNJ4	SRR6467716	37
KCNJ4	SRR6467717	2.024561625087477
KCNJ4	SRR6467718	4.061636568685273
KCNJ4	SRR6467719	8.028835531197881
KCNJ4	SRR6467720	17
KCNJ4	SRR6467721	13.021065120146364
KCNJ4	SRR6467722	89.85851550726225
KCNJ4	SRR6467723	29
KCNJ4	SRR6467724	5
KCNJ4	SRR6467725	12
KCNJ4	SRR6467726	19.88458196275534
KCNJ4	SRR6467727	12.027478628983056
KCNJ4	SRR6467728	16
KCNJ4	SRR6467729	13.089574222680216
KCNJ4	SRR6467730	9.01913739883862
KCNJ4	SRR6467731	17.16798012272337
KCNJ4	SRR6467732	41.04419801709645
KCNJ4	SRR6467733	20.03451607071626
KCNJ4	SRR6467734	11.916111478448677
KCNJ4	SRR6467735	13.10744739923977
KCNJ4	SRR6467736	4.024808711336757
KCNJ4	SRR6467737	29.179982424214693
KCNJ4	SRR6467738	7.0025190258185255
KCNJ4	SRR6467739	32
KCNJ4	SRR6467740	9.04808707023809
KCNJ4	SRR6467741	12.024466421280053
KCNJ4	SRR6467742	29
KCNJ4	SRR6467743	20
KCNJ4	SRR6467744	18
KCNJ4	SRR6467745	15.00539791246827
KCNJ4	SRR6467746	17.134865949585066
KCNJ4	SRR6467747	33.07853785609391
KCNJ4	SRR6467748	27.571700541848365
KCNJ4	SRR6467749	10
KCNJ4	SRR6467750	16.037952842904968
KCNJ4	SRR6467751	5.075589581932881
KCNJ4	SRR6467752	22.180719437777466
KCNJ4	SRR6467753	33.94628608834772
KCNJ4	SRR6467754	10.881578721458752
KCNJ4	SRR6467755	41.170642130236935
KCNJ4	SRR6467756	31.039062466760278
KCNJ4	SRR6467757	15
KCNJ4	SRR6467758	36
KCNJ4	SRR6467759	20.11326786717283
KCNJ4	SRR6467760	11.085076557120571
KCNJ4	SRR6467761	4.014663207989365
KCNJ4	SRR6467762	11.05506089757159
KCNJ4	SRR6467763	26.799110503883973
KCNJ4	SRR6467764	35.63282958864551
KCNJ4	SRR6467765	27.0335693269795
KCNJ4	SRR6467766	9.133501757324614
KCNJ4	SRR6467767	13.088482228343382
KCNJ4	SRR6467768	8.09981304815147
KCNJ4	SRR6467769	13.233746314748817
KCNJ4	SRR6467770	5
KCNJ4	SRR6467771	17.555495369074304
KCNJ4	SRR6467772	2.0142258693995965
KCNJ4	SRR6467773	31.121561235584057
KCNJ4	SRR6868540	1.014833528591624
KCNJ4	SRR6868541	1.0278088358193622
KCNJ4	SRR6868542	1.0479902723259678
KCNJ4	SRR6868543	1.0152962713927551
KCNJ4	SRR6868544	1.007850668350526
KCNJ4	SRR6868545	1.0249330155513252
KCNJ4	SRR6868546	1.0159083502043025
KCNJ4	SRR6868557	1.0593600439616915
KCNJ4	SRR6868558	1.0493300957915759
KCNJ4	SRR6868559	1.0328318116514645
KCNJ4	SRR6868560	1.0099883345290224
KCNJ4	SRR6868569	1.0619340218072668
KCNJ4	SRR6868570	1.021819771575531
KCNJ4	SRR6868571	1.0447440906857468
KCNJ4	SRR6868572	2.023700412560199
KCNJ4	SRR6868573	1.0412832207034761
KCNJ4	SRR6868574	1.012246901299347
KCNJ4	SRR6868575	1.0259969817544445
KCNJ4	SRR6868576	1.0160012233415483
KCNJ4	SRR6868577	1.0327907588593586
KCNJ4	SRR6868578	1.0155770602095007
KCNJ4	SRR6868579	1.0440699430515605
KCNJ4	SRR6868580	3.0323315135016147
KCNJ4	SRR6868581	1.03420300501297
KCNJ4	SRR6868582	2.0658779368703026
KCNJ4	SRR6868585	1.0223918119367361
KCNJ4	SRR6868586	1.0597439032108176
KCNJ4	SRR6868587	1.060061410485746
KCNJ4	SRR6868588	1.0071961768814546
KCNJ4	SRR6868589	1.011034509868234
KCNJ4	SRR6868590	1.0323588353795468
KCNJ4	SRR6868591	1.0131259716901864
KCNJ4	SRR6868604	1.0759055098033201
KCNJ4	SRR6868605	1.032097998410507
KCNJ4	SRR6868606	1.041059675092619
KCNJ4	SRR6868607	1.034652621245776
KCNJ4	SRR6868608	2.048929313384373
KCNJ4	SRR6868609	1.0441915254956329
KCNJ4	SRR6868610	1.0393379767471147
KCNJ4	SRR6868620	1.0113983415873453
KCNJ4	SRR6868621	2.0441130212824103
KCNJ4	SRR6868622	1.024234840404088
KCNJ4	SRR6868623	1.0549853092368588
KCNJ4	SRR6868636	1.0440226673600839
KCNJ4	SRR6868637	3.0783375479834207
KCNJ4	SRR6868638	2.0927627449637582
KCNJ4	SRR6868639	1.0108348986886093
KCNJ4	SRR6868650	1.0398318552023067
KCNJ4	SRR6868651	1.0291416181729598
KCNJ4	SRR6868652	1.0307116122012634
KCNJ4	SRR6868653	1.018954738657396
KCNJ4	SRR6868654	1.0151196581488149
KCNJ4	SRR6868655	1.0354304322438237
KCNJ4	SRR6868665	1.014468461127958
KCNJ4	SRR6868666	1.0102626902497998
KCNJ4	SRR6868667	2.0230845685641543
KCNJ4	SRR6868668	1.007478603420533
KCNJ4	SRR6868669	1.0076418198872807
KCNJ4	SRR6868670	1.0180906480316751
KCNJ4	SRR6868671	1.0146307116837765
KCNJ4	SRR6868683	1.012819876849361
KCNJ4	SRR6868684	3.047340195950012
KCNJ4	SRR6868685	1.0216590406873807
KCNJ4	SRR6868686	2.020648324036348
KCNJ4	SRR6868687	1.0281563268719116
KCNJ4	SRR6868688	1.0273883935521193
KCNJ4	SRR6868689	1.014875304095207
KCNJ4	SRR6868698	2.0367625551481177
KCNJ4	SRR6868699	2.014115714157867
KCNJ4	SRR6868700	1.0161535101018604
KCNJ4	SRR6868701	1.0106090201717064
KCNJ4	SRR6868702	2.01537483610957
KCNJ4	SRR6868713	1.010478873419224
KCNJ4	SRR6868714	2.037390819675887
KCNJ4	SRR6868715	1.0083404689188882
KCNJ4	SRR6868716	1.0067190005273792
KCNJ4	SRR6868717	1.0103010202621463
KCNJ4	SRR6868718	2.0078008223796227
KCNJ4	SRR6868719	2.0032407877148253
KCNJ4	SRR6868720	1.0050669824037204
KCNJ4	SRR6868721	1.0112987110891343
KCNJ4	SRR6868722	1.0169002351863679
KCNJ4	SRR6868723	1.0196540145226427
KCNJ4	SRR6868724	1.0097443440669194
KCNJ4	SRR6868725	3.0125307702572686
KCNJ4	SRR6868726	2.0048243126947294
KCNJ4	SRR6868741	1.0145442086713796
KCNJ4	SRR7632756	3.0247743241523954
KCNJ4	SRR7632757	8.22186628841049
KCNJ4	SRR7632758	1.01063282095591
KCNJ4	SRR7632759	9.267974647089368
KCNJ4	SRR7632760	6.121601405546605
KCNJ4	SRR7632761	2.014301201885531
KCNJ4	SRR7632762	2.097265089463847
KCNJ4	SRR7632763	9.147433339741381
KCNJ4	SRR7632764	2.0739780844286777
KCNJ4	SRR7632765	7.018390760376712
KCNJ4	SRR7632766	3.093342745483688
KCNJ4	SRR7632767	2.004744105363121
KCNJ4	SRR7632768	5.080940849375922
KCNJ4	SRR7632769	8.091816968064425
KCNJ4	SRR7632770	9.074512060610054
KCNJ4	SRR7632771	2.0519096269269013
KCNJ4	SRR7632772	4.0766581505676145
KCNJ4	SRR7632773	3.016285999930314
KCNJ4	SRR7632774	3.0190411758609366
KCNJ4	SRR7632775	3.0674044532842926
KCNJ4	SRR7632776	2.0757773060336837
KCNJ4	SRR7632777	7.168417472966433
KCNJ4	SRR7632778	4.0167076936763575
KCNJ4	SRR7632779	1.0261166053511217
KCNJ4	SRR7632780	8.029545981392248
KCNJ4	SRR7632781	2.122851062858518
KCNJ4	SRR7632782	2.027354675015416
KCNJ4	SRR7632783	2.0146781133142464
KCNJ4	SRR7632784	7.0609061967423825
KCNJ4	SRR7632785	8.05741969652821
KCNJ4	SRR7632786	3.1242198049281815
KCNJ4	SRR7632787	4.015655960491207
KCNJ4	SRR7632788	2.004533149999212
KCNJ4	SRR7632789	13.235851270135846
KCNJ4	SRR7632790	1.0098238663156869
KCNJ4	SRR7632791	6.268454692185366
KCNJ4	SRR7632792	2.0145947525752916
KCNJ4	SRR7632793	19.23002516047194
KCNJ4	SRR7632794	24.166746494768695
KCNJ4	SRR7632795	8.025812872030833
KCNJ4	SRR7632796	1.0171842304100507
KCNJ4	SRR7632797	1.1507956722511705
KCNJ4	SRR7632798	1.0057289905461357
KCNJ4	SRR7632799	1.0307842771739868
KCNJ4	SRR7632800	7.104801988677256
KCNJ4	SRR7632801	1.0052614054151265
KCNJ4	SRR7632802	1.0349955306780252
KCNJ4	SRR7632803	3.0719875433255974
KCNJ4	SRR7632804	1.0404738790189818
KCNJ4	SRR7632805	2.006187222737388
KCNJ4	SRR7632806	3.013839880339073
KCNJ4	SRR7632807	7.061020893511337
KCNJ4	SRR7632808	6.049324354929938
KCNJ4	SRR7632809	1.0487771640238053
KCNJ4	SRR7632810	6.0250369143463605
KCNJ4	SRR7632811	7.047648429202058
KCNJ4	SRR7632812	2.0143667240660657
KCNJ4	SRR7632813	3.0186278885461824
KCNJ4	SRR7632814	4.014240752706545
KCNJ4	SRR7632815	8.06296448677323
KCNJ4	SRR7632816	1.07528181517056
KCNJ4	SRR7632817	1.041586150859103
KCNJ4	SRR7632818	5.027127125148692
KCNJ4	SRR7632819	5.01223448509874
KCNJ4	SRR7632820	13.08950171097994
KCNJ4	SRR7632821	2.003451607071626
KCNJ4	SRR7632822	2.0251669595523794
KCNJ4	SRR7632823	4.014718686907205
KCNJ4	SRR7632824	7.032020601850886
KCNJ4	SRR7632825	4.011230553573445
KCNJ4	SRR7632826	2.0012902715363152
KCNJ4	SRR7632827	2.1095925765972523
KCNJ4	SRR7632828	3.077990945263334
KCNJ4	SRR7632829	2.028984111337618
KCNJ4	SRR7632830	4.193787817291455
KCNJ4	SRR7632831	1.0092787217165853
KCNJ4	SRR7632832	2.029111538266112
KCNJ4	SRR7632833	1.0517370367415053
KCNJ4	SRR7632834	3.0875688583638317
KCNJ4	SRR7632835	2.2198200294495303
KCNJ4	SRR7632836	1.0149370565287317
KCNJ4	SRR7632837	3.0193500467819563
KCNJ4	SRR7632838	1.0251559439709568
KCNJ4	SRR7632839	2.02297567504607
KCNJ4	SRR7632840	1.0305733450818257
KCNJ4	SRR7632841	7.834792690697547
KCNJ4	SRR7632842	9.016756649376227
KCNJ4	SRR7632843	3.112546166088794
KCNJ4	SRR7632844	1.0396314006495406
KCNJ4	SRR7632845	6.03003321685723
KCNJ4	SRR7632846	2.098980999659981
KCNJ4	SRR7632847	7.164690773740699
KCNJ4	SRR7632848	2.0182604939724924
KCNJ4	SRR7632849	2.022769322842148
KCNJ4	SRR7632850	2.0257712883441723
KCNJ4	SRR7632851	4.040447360499903
KCNJ4	SRR7632852	1.001260079572912
KCNJ4	SRR7632853	2.010155262007647
KCNJ4	SRR7632854	2.0132065388746647
KCNJ4	SRR7632855	3
KCNJ4	SRR7632856	7.0453861284599295
KCNJ4	SRR7632857	2.1471529089527257
KCNJ4	SRR7632858	1.0371579517056881
KCNJ4	SRR7632859	2.0792622245181303
KCNJ4	SRR7632860	1.0753540533674661
KCNJ4	SRR7632861	1.0543822488477879
KCNJ4	SRR7632862	1.0351402489647896
KCNJ4	SRR7632863	1.127463190129664
KCNJ4	SRR7632864	1.1215525506364097
KCNJ4	SRR7632865	1.0014635120398052
KCNJ4	SRR7632866	5.0283169667932075
KCNJ4	SRR7632867	4.04116170220863
KCNJ4	SRR7632868	1.0256287182392447
KCNJ4	SRR7632869	4.097764521057394
KCNJ4	SRR7632870	2.0075977509956084
KCNJ4	SRR7632871	1.050989678803295
KCNJ4	SRR7632872	2.0644249306375295
KCNJ4	SRR7632873	4.016830482998112
KCNJ4	SRR7632874	2.005315802879815
KCNJ4	SRR7632875	3.004953039106962
KCNJ4	SRR7632876	2.0283400598437025
KCNJ4	SRR7632877	1.0410996360505937
KCNJ4	SRR7632878	4.088320884101553
KCNJ4	SRR7632879	1.002266574999606
KCNJ4	SRR7632880	2.0350826774248705
KCNJ4	SRR7632881	2.02751276977561
KCNJ4	SRR7632882	1.0238807645953367
KCNJ4	SRR7632883	2.04495812744982
KCNJ4	SRR7632884	5.168532041209242
KCNJ4	SRR7632885	7.034794947590312
KCNJ4	SRR7632886	3.0969074629288933
KCNJ4	SRR7632887	1.0101074156533363
KCNJ4	SRR7632888	1.0379768225769255
KCNJ4	SRR7632889	1.0341992789721208
KCNJ4	SRR7632890	1.1020636592092161
KCNJ4	SRR7632891	1.0470515559564515
KCNJ4	SRR7632892	5.029159421433672
KCNJ4	SRR7632893	1.038136325271397
KCNJ4	SRR7632894	1.0470575746534403
KCNJ4	SRR7632895	1.0115917091074564
KCNJ4	SRR7632896	2.0452964546334567
KCNJ4	SRR7632897	3.0122553934395486
KCNJ4	SRR7632898	1.003736640357631
KCNJ4	SRR7632899	2.013903772637601
KCNJ4	SRR7632900	2.0133296267678964
KCNJ4	SRR7632901	2.0127219308044983
KCNJ4	SRR7632902	3.1314128218245743
KCNJ4	SRR7632903	4.017595733603434
KCNJ4	SRR7632904	10.526195434200119
KCNJ4	SRR7632905	6.559055552159611
KCNJ4	SRR7632906	1.0165025853468879
KCNJ4	SRR7632907	4.110901639632441
KCNJ4	SRR7632908	7.028049252044271
KCNJ4	SRR7632909	34.117455905962
KCNJ4	SRR7632910	4.152030919241321
KCNJ4	SRR7632911	5.064921276618154
KCNJ4	SRR7632912	6.093796552618895
KCNJ4	SRR7632913	3.1761673300153026
KCNJ4	SRR7632914	2.062344544727043
KCNJ4	SRR7632915	7.314696535630835
KCNJ4	SRR7632916	4.079538114641094
KCNJ4	SRR7632917	14.733523771380236
KCNJ4	SRR7632918	14.361855958981527
KCNJ4	SRR7632919	8.069873334874345
KCNJ4	SRR7632920	13.150580453370978
KCNJ4	SRR7632921	10.121573982531267
KCNJ4	SRR7632922	16.139187332737354
KCNJ4	SRR7632923	11.115225482362698
KCNJ4	SRR7632924	4.117982971340188
KCNJ4	SRR7632925	4.140348736903693
KCNJ4	SRR7632926	1.0184989436426726
KCNJ4	SRR7632927	6.1231130053825025
KCNJ4	SRR7632928	14.046266526814929
KCNJ4	SRR7632929	3.12235659988616
KCNJ4	SRR7632930	3.0026996847142975
KCNJ4	SRR7632931	15.010797767433806
KCNJ4	SRR7632932	6.154155777535368
KCNJ4	SRR7632933	10.21277725436882
KCNJ4	SRR7632934	3.01316487597427
KCNJ4	SRR7632935	12.12134208149971
KCNJ4	SRR7632936	3.063157554610714
KCNJ4	SRR7632937	9.130323670741708
KCNJ4	SRR7632938	6.160056906319835
KCNJ4	SRR7632939	2.056207519960769
KCNJ4	SRR7632940	6.039309147849248
KCNJ4	SRR7632941	38.81605251527001
KCNJ4	SRR7632942	2.0716945854554027
KCNJ4	SRR7632943	9
KCNJ4	SRR7632944	14.257383853426008
KCNJ4	SRR7632945	18
KCNJ4	SRR8928966	8.071216047246507
KCNJ4	SRR8928967	1.0174471485483954
KCNJ4	SRR8928968	3.0250729629149564
KCNJ4	SRR8928969	1.0084157589021454
KCNJ4	SRR8928970	1.0097790430950968
KCNJ4	SRR8928971	6.046881578449604
KCNJ4	SRR8928972	1.0551062717044821
KCNJ4	SRR8928973	1.0060157966102234
KCNJ4	SRR8928974	1.0870766859358787
KCNJ4	SRR8928975	1.0434971814877207
KCNJ4	SRR8928976	1.0433938336486428
KCNJ4	SRR8928977	1.0197721263293398
KCNJ4	SRR8928978	1.0189094725563004
KCNJ4	SRR8928979	1.0197172970945956
KCNJ4	SRR8928980	1.016019416300132
KCNJ4	SRR8928981	1.0118211977273175
KCNJ4	SRR8928982	15.172376721617544
KCNJ4	SRR8928983	1.001980837804911
KCNJ4	SRR8928984	1.0056539011614338
KCNJ4	SRR8928985	1.0170563672128556
KCNJ4	SRR8928986	2.018213982064316
KCNJ4	SRR8928987	2
KCNJ4	SRR8928988	12
KCNJ4	SRR8928989	2.0360964399859665
KCNJ4	SRR8928990	4.042449113991785
KCNJ4	SRR8928991	4.072046107076906
KCNJ4	SRR9835604	22.31755194851289
KCNJ4	SRR9835605	14.078724234680987
KCNJ4	SRR9835606	17.037495089226415
KCNJ4	SRR9835607	4.036994202453737
KCNJ4	SRR9835608	5.074925419267546
KCNJ4	SRR9835609	14
KCNJ4	SRR9835610	6.028129830790623
KCNJ4	SRR9835611	10.01110573697418
KCNJ4	SRR9835612	1.002740775394054
KCNJ4	SRR9835613	9.053742933541205
KCNJ4	SRR9835614	6.061054485626711
KCNJ4	SRR9835615	4.158738599530398
KCNJ4	SRR9835616	3.022499855507022
KCNJ4	SRR9835617	4.093478744066813
KCNJ4	SRR9835618	5.026989659936015
KCNJ4	SRR9835619	11
KCNJ4	SRR9835620	5.024498906722606
KCNJ4	SRR9835621	6.039988880303689
KCNJ4	SRR9835622	13.03604750784922
KCNJ4	SRR9835623	28.005037598469222
KCNJ4	SRR9835624	8.177691978465209
KCNJ4	SRR9835625	4.012716552278434
KCNJ4	SRR9835626	17.131189980974025
KCNJ4	SRR9835627	16.033380566658014
KCNJ4	SRR9835628	35.253585527887374
KCNJ4	SRR9835629	8.164081323609839
KCNJ4	SRR9835630	2.111478522036065
KCNJ4	SRR9835631	11.888994270539472
KCNJ4	SRR9835632	27.06321810947583
KCNJ4	SRR9835633	15.113560588804791
KCNJ4	SRR9835634	3.019165454338053
KCNJ4	SRR9835635	31.306675405489287
KCNJ4	SRR9835636	9.018474441180778
KCNJ4	SRR9835637	3.013564383855001
KCNJ4	SRR9835638	3.029726397985824
KCNJ4	SRR9835639	10.10581897159914
KCNJ4	SRR9835640	15.250917574156468
KCNJ4	SRR9835641	10.039213301801308
KCNJ4	SRR9835642	6.035459613024649
KCNJ4	SRR9835643	14.053924469837934
KCNJ4	SRR9835644	10.032974163660654
KCNJ4	SRR9835645	19.563414801816897
KCNJ4	SRR9835646	25.23650603376722
KCNJ4	SRR9835647	19.046172013510194
KCNJ4	SRR9835648	8.242302521248975
KCNJ4	SRR9835649	5.059771923442547
KCNJ4	SRR9835650	23.088392202660636
KCNJ4	SRR9835651	11.00791836278479
KCNJ4	SRR9835652	5.08009708150066
KCNJ4	SRR9835653	13.036280936970128
KCNJ4	SRR9835654	21.213690699693487
KCNJ4	SRR9835655	9.046525626086014
KCNJ4	SRR9835656	29.07836133139126
KCNJ4	SRR9835657	1.015118912954171
KCNJ4	SRR9835658	20.04022936003591
KCNJ4	SRR9835659	15.090698252315393
KCNJ4	SRR9835660	17.129985970505036
KCNJ4	SRR9835661	12.048653250725122
KCNJ4	SRR9835662	7.08615738113136
KCNJ4	SRR9835663	2.0406147212982537
KCNJ4	SRR9835664	21.036241874252074
KCNJ4	SRR9835665	2.008381600423546
KCNJ4	SRR9835666	8
KCNJ4	SRR9835667	5.042212319997829
KCNJ4	SRR9835668	16
KCNJ4	SRR9835669	1.0266087966612285
KCNJ4	SRR9835670	6.083668127788873
KCNJ4	SRR9835671	1.013598089847048
KCNJ4	SRR9835672	17.030324929806188
KCNJ4	SRR9835673	1.0228219628836945
KCNJ4	SRR9835674	15.008097597095196
KCNJ4	SRR9835675	5.026989659936015
KCNJ4	SRR9835676	5.445673376845713
KCNJ4	SRR9835677	5.013289507199537
KCNJ4	SRR9835678	5.030454565083268
KCNJ4	SRR9835679	30.884779625437538
KCNJ4	SRR9835680	9.220666561055706
KCNJ4	SRR9835681	14.04269132938394
KCNJ4	SRR9835682	16.971285630257636
KCNJ4	SRR9835683	14.088820531438321
KCNJ4	SRR9835684	1.0253010780065177
KCNJ4	SRR9835685	31.158880945046583
KCNJ4	SRR9835686	21.28420476464639
KCNJ4	SRR9835687	10.047021889912743
KCNJ4	SRR9835688	12
KCNJ4	SRR9835689	3.0221683866595876
KCNJ4	SRR9835690	16.03218348802873
KCNJ4	SRR9835691	11.099207594768183
KCNJ4	SRR9835692	9.165467458723226
KCNJ4	SRR9835693	5.0204256557325815
KCNJ4	SRR9835694	7.073088351698063
KCNJ4	SRR9835695	10.052309702960489
KCNJ4	SRR9835696	20.197706227656088
KCNJ4	SRR9835697	10.051636513145873
KCNJ4	SRR9835698	11.011057516343161
KCNJ4	SRR9835699	11.01782433243154
KCNJ4	SRR9835700	2.004533149999212
KCNJ4	SRR9835701	12.033971540716962
KCNJ4	SRR9835702	15
KCNJ4	SRR9835703	4.004319884158837
KCNJ4	SRR9835704	11.05131821713274
KCNJ4	SRR9835705	7.027974031389974
KCNJ4	SRR9835706	7.554844608608355
KCNJ4	SRR9835707	5.00555286848709
KCNJ4	SRR9835708	18.01913765202493
KCNJ4	SRR9835709	11.005116516374143
KCNJ4	SRR9835710	9.131072923278632
KCNJ4	SRR9835711	8.003542789532382
KCNJ4	SRR9835712	31.078174155336985
KCNJ4	SRR9835713	6.011436169580837
KCNJ4	SRR9835714	13.020092945955081
KCNJ4	SRR9835715	8.041297318610185
KCNJ4	SRR9835716	15.044820866377615
KCNJ4	SRR9835717	22.07600088032835
KCNJ4	SRR9835718	29.45296841523632
KCNJ4	SRR9835719	15.132604877776714
KCNJ4	SRR9835720	6.037796640190982
KCNJ4	SRR9835721	7.106988787526894
KCNJ4	SRR9835722	8.185713697643724
KCNJ4	SRR9835723	4
KCNJ4	SRR9835724	11.077636427868269
KCNJ4	SRR9835725	7.195031713876307
KCNJ4	SRR9835726	12.008638213947044
KCNJ4	SRR9835727	6.041457765373959
KCNJ4	SRR9835728	1.041000135876921
KCNJ4	SRR9835729	16.051894614257254
KCNJ4	SRR9835730	4.015808078788701
KCNJ4	SRR9835731	5.255703051848028
KCNJ4	SRR9835732	37.174997531311384
KCNJ4	SRR9835733	21.094659178381974
KCNJ4	SRR9835734	16.042036023718197
KCNJ4	SRR9835735	20.03662448614877
KCNJ4	SRR9835736	5.06130296564213
KCNJ4	SRR9835737	6.013014672742615
KCNJ4	SRR9835738	6.0108035977222265
KCNJ4	SRR9835739	2.0552355694858697
KCNJ4	SRR9835740	11.33260841119402
KCNJ4	SRR9835741	3.0160290234126963
KCNJ4	SRR9835742	12.227068950923353
KCNJ4	SRR9835743	7.241351788971942
KCNJ4	SRR9835744	20.117311612437774
KCNJ4	SRR9835745	1.0226611988789944
KCNJ4	SRR9835746	26.28894478468732
KCNJ4	SRR9835747	3.0161840714177863
KCNJ4	SRR9835748	9.277674892575378
KCNJ4	SRR9835749	36
KCNJ4	SRR9835750	27.22728561659452
KCNJ4	SRR9835751	2.01659863510997
KCNJ4	SRR9835752	4.1638840019488645
KCNJ4	SRR9835753	8.087917063284854
KCNJ4	SRR9835754	5.006827256660719
KCNJ4	SRR9835755	1.0150098638350933
KCNJ4	SRR9835756	2.0937704326622364
KCNJ4	SRR9835757	24.097306501450245
KCNJ4	SRR9835758	5.029243661566032
KCNJ4	SRR9835759	3.019943855064208
KCNJ4	SRR9835760	9
KCNJ4	SRR9835761	21.00377819885192
KCNJ4	SRR9835762	1.102947594059923
KCNJ4	SRR9835763	29.085277345250635
KCNJ4	SRR9835764	5.01366383560814
KCNJ4	SRR9835765	5.170707338299833
KCNJ4	SRR9835766	10.2653283994692
KCNJ4	SRR9835767	7.262180431018013
KCNJ4	SRR9835768	18
KCNJ4	SRR9835769	8
KCNJ4	SRR9835770	33.669034005151424
KCNJ4	SRR9835771	14.076771172257448
KCNJ4	SRR9835772	22.280635493759426
KCNJ4	SRR9835773	72
KCNJ4	SRR9835774	14.498201731648251
KCNJ4	SRR9835775	11.057049860352118
KCNJ4	SRR9835776	13.042563068397827
KCNJ4	SRR9835777	13.031809661256723
KCNJ4	SRR9835778	4.017130408577947
KCNJ4	SRR9835779	15.106533968040786
KCNJ4	SRR9835780	8.012828933246903
KCNJ4	SRR9835781	1.025583100340115
KCNJ4	SRR9835782	9.04557367760518
KCNJ4	SRR9835783	23
KCNJ4	SRR9835784	13.053900951351373
KCNJ4	SRR9835785	5.220930452423656
KCNJ4	SRR9835786	13.129087965760066
KCNJ4	SRR9835787	4.0115854966427555
KCNJ4	SRR9835788	32.053812260797216
KCNJ4	SRR9835789	16
KCNJ4	SRR9835790	14.101968391917826
KCNJ4	SRR9835791	17.473715610249972
KCNJ4	SRR9835792	12.931299046674187
KCNJ4	SRR9835793	11.022575125976095
KCNJ4	SRR9835794	13.002338885003567
KCNJ4	SRR9835795	4.229573156179146
KCNJ4	SRR9835796	3.0173858127771487
KCNJ4	SRR9835797	7
KCNJ4	SRR9835798	4.0064815754296506
KCNJ4	SRR9835799	10.020388684400043
KCNJ4	SRR9835800	26.030818419956276
KCNJ4	SRR9835801	29.146942489707893
KCNJ4	SRR9835802	4.016107928028452
KCNJ4	SRR9867812	3.167573265086595
KCNJ4	SRR9867813	3.146298777187416
KCNJ4	SRR9867814	9.907367426558197
KCNJ4	SRR9867815	1.468926531457868
KCNJ4	SRR9867816	3
KCNJ4	SRR9867817	12.156831364986424
KCNJ4	SRR9867818	1
KCNJ4	SRR9867819	21.768330680433355
KCNJ4	SRR9867820	2
KCNJ4	SRR9867821	5
KCNJ4	SRR9867822	13.133233484155115
KCNJ4	SRR9867823	0.9483235914567094
KCNJ4	SRR9867824	1.8004372245027127
KCNJ4	SRR9867825	1.805715319237777
KCNJ4	SRR9867826	1.6010473150495519
KCNJ4	SRR9867827	0.9914184966835375
KCNJ4	SRR9867828	2.0215822783383675
KCNJ4	SRR9867829	1.2119207592083614
KCNJ4	SRR9867830	1
KCNJ4	SRR9867831	1.1504047046889339
KCNJ4	SRR9879292	0.5314585139490635
KCNJ4	SRR9879293	1.014555769133056
KCNJ4	SRR9879294	1.0200688164522311
KCNJ4	SRR9879295	1.0197229922840128
KCNJ4	SRR9879296	1.0119752694496373
KCNJ4	SRR9879297	1.0154935544904835
KCNJ4	SRR9879298	1.010653880234263
KCNJ4	SRR9879299	1.002913173016367
KCNJ4	SRR9879300	1.0146608527462948
KCNJ4	SRR9879301	1.000359860831218
KCNJ4	SRR9879302	2.0206828823122693
KCNJ4	SRR9879303	1.0041769234190894
KCNJ4	SRR9879304	1.0167059661554507
KCNJ4	SRR9879305	1.010080666465452
KCNJ4	SRR9879306	1
KCNJ4	SRR9879307	0.7185907521193264
KCNJ4	SRR9879308	1.011384661421074
KCNJ4	SRR9879309	1.0106568426916576
KCNJ4	T50_307	1.0053671982704868
KCNJ4	T50_313	2.032038832600264
KCNJ4	T50_317	1.0164068767314205
KCNJ4	T50_324	1.0105775508373083
KCNJ4	T50_427	1.0156539222354464
KCNJ4	T50_428	1.0065410016108964
KCNJ4	T50_431	1.0047497319970449
KCNJ4	T50_436	1.0071833620330328
KCNJ4	T50_476	1.0072834565655588
KCNJ4	UN_307	1.0128719438885714
KCNJ4	UN_313	1.0139486719753832
KCNJ4	UN_317	1.007999716801276
KCNJ4	UN_323	1.0090464643103707
KCNJ4	UN_324	1.0213963291259884
KCNJ4	UN_427	1.007704297162079
KCNJ4	UN_428	1.0098893750946523
KCNJ4	UN_431	1.009106991032158
KCNJ4	UN_436	1.0071022645360526
KCNJ4	UN_476	1.0088711650740816
