Gene	sample	counts
KIAA0391	CM317	18.938892364378578
KIAA0391	CMCD140	47.442403248236225
KIAA0391	CMCD147	31.213697731741437
KIAA0391	CMCD152	134
KIAA0391	CMCD154	28.277181155361305
KIAA0391	CMCD159	18.467171716430848
KIAA0391	CMCD161	44.13476971605169
KIAA0391	CMCD174	1.092629434806816
KIAA0391	CMCD196	25.229742920650892
KIAA0391	CMCD198	9.265461685515422
KIAA0391	CMCD203	104.33688853590506
KIAA0391	CMCD211	172.72641995340334
KIAA0391	CMCD227	172.6432055320257
KIAA0391	CMCD240	164.6039888908472
KIAA0391	CMCD259	186
KIAA0391	CMCD270	33.171296845342354
KIAA0391	CMCD275	30.25617216590931
KIAA0391	CMCD282	33.4343059685315
KIAA0391	CMCD286	212.06336384074967
KIAA0391	CMCD287	208
KIAA0391	CMCD294	1.0639520056991958
KIAA0391	CMCD327	47.241523001938326
KIAA0391	CMCD335	53.249387698478166
KIAA0391	CMCD337	45.30034418053434
KIAA0391	CMCD357	28.592212997220958
KIAA0391	CMCD398	38.2280895926517
KIAA0391	CMCD403	87.62474737617522
KIAA0391	CMCD422	64.13352226663206
KIAA0391	CMCD426	5.570234805903118
KIAA0391	CMCD71	39.249065662081826
KIAA0391	CMCD72	1.1510750061651915
KIAA0391	CMCD76	50.114860696568734
KIAA0391	CMCD88	132.02374867849775
KIAA0391	CMSA256	123
KIAA0391	CMSA316	13.106008648958769
KIAA0391	CMUC110	189
KIAA0391	CMUC192	26.349971693403297
KIAA0391	CMUC199	16.450998486663703
KIAA0391	CMUC200	58.13580186479994
KIAA0391	CMUC208	61.14926071820462
KIAA0391	CMUC231	102
KIAA0391	CMUC234	155
KIAA0391	CMUC285	25.27817343611933
KIAA0391	CMUC291	36.23775729678385
KIAA0391	CMUC295	99.0890895955718
KIAA0391	CMUC299	95.27806807279336
KIAA0391	CMUC301	113.06100189811714
KIAA0391	CMUC307	73.20149367173742
KIAA0391	CMUC313	6.252248363953645
KIAA0391	CMUC314	7.390925589851111
KIAA0391	CMUC323	40.964196275653705
KIAA0391	CMUC324	75.06749211785743
KIAA0391	CMUC331	44.40292830161753
KIAA0391	CMUC333	30.697162620115815
KIAA0391	CMUC334	21.315273150340104
KIAA0391	CMUC346	31.336330903722605
KIAA0391	CMUC352	51.308752240128214
KIAA0391	CMUC360	13.018722866632642
KIAA0391	CMUC363	16.422009083269256
KIAA0391	CMUC365	34.22753959637677
KIAA0391	CMUC366	53.17749667535774
KIAA0391	CMUC368	168
KIAA0391	CMUC377	66.26940499505861
KIAA0391	CMUC379	6.424838197862356
KIAA0391	CMUC380	17.310699214022417
KIAA0391	CMUC383	53.7571567622598
KIAA0391	CMUC394	17.129568783239748
KIAA0391	CMUC419	16.399188036731484
KIAA0391	CMUC427	156
KIAA0391	CMUC428	55.349088224117175
KIAA0391	CMUC431	61.11337580882514
KIAA0391	CMUC435	76.38147625335223
KIAA0391	CMUC439	31.199519335025716
KIAA0391	CMUC89	134
KIAA0391	CS219	62.15360757076157
KIAA0391	CS256	56.12823360192093
KIAA0391	CS257	13.133126130419576
KIAA0391	CS259	74.11437523082122
KIAA0391	CS261	33.78616017756961
KIAA0391	CS266	53.86059250958727
KIAA0391	CS270	52.67649421128512
KIAA0391	CS277	38.58977975771844
KIAA0391	CS288	41.36964485438825
KIAA0391	CS290	54.43154999256204
KIAA0391	CS292	33.46132453403287
KIAA0391	CS293	37.623397894247326
KIAA0391	CS301	37.98959621537408
KIAA0391	CS306	11.427477002635523
KIAA0391	CS308	36.95675814742344
KIAA0391	CS315	40.09271302089128
KIAA0391	CS317	1.0722984600508352
KIAA0391	CS322	53.71119282157853
KIAA0391	CS327	95.45223583741112
KIAA0391	CS328	4.226517978014739
KIAA0391	CS330	7.538031818110876
KIAA0391	CS331	43.80838298581678
KIAA0391	CS335	5.048120692723963
KIAA0391	CS338	9.277494319632698
KIAA0391	CS339	7.024528643420806
KIAA0391	CS343	40.32315647809993
KIAA0391	CS344	31.438068938829247
KIAA0391	CS350	37.85980671329585
KIAA0391	CS351	38.31585199262735
KIAA0391	CS361	23.551779058311144
KIAA0391	CS388	8.279706259287025
KIAA0391	CS396	38.414344262560455
KIAA0391	CS405	18.456704187578833
KIAA0391	CS415	1.0768988297741249
KIAA0391	CS424	11.413841576088407
KIAA0391	IM293	40.21334074524245
KIAA0391	IM296	93.93969809913999
KIAA0391	IM297	8.790159101264017
KIAA0391	IM300	140
KIAA0391	IM305	21.211051794224606
KIAA0391	IM309	19.228380889420244
KIAA0391	IM310	38.52287163569658
KIAA0391	IM311	36.44916939235494
KIAA0391	IM316	26.13484512446864
KIAA0391	IM320	7.333268167457418
KIAA0391	IM330	10.105944783553106
KIAA0391	IM332	20.612151368456257
KIAA0391	IM340	16.90048234840085
KIAA0391	IM348	30.071882418491267
KIAA0391	IM354	30.217460686869583
KIAA0391	IM356	2.0172201048956175
KIAA0391	IM364	14.243413568761229
KIAA0391	IM372	2.9999721536048685
KIAA0391	IM374	40.92860967689866
KIAA0391	IM376	10.151740030663836
KIAA0391	IM381	17.213448446981214
KIAA0391	IM382	2.063681203169793
KIAA0391	IM385	97
KIAA0391	IM390	14.40185318944698
KIAA0391	IM397	38.432617134000814
KIAA0391	IM404	65.18736349160909
KIAA0391	IM409	41.234888612391565
KIAA0391	IM412	27
KIAA0391	IM421	31.49285237652535
KIAA0391	IM425	1.0543133661346646
KIAA0391	IM432	10.420143643186236
KIAA0391	IM438	89
KIAA0391	IM442	8.340877824950068
KIAA0391	IM445	34.392863103039964
KIAA0391	IM448	1.0230255913150224
KIAA0391	IM449	37.3125236750541
KIAA0391	IM451	36.18670863387966
KIAA0391	IMSA256	51.2090602745525
KIAA0391	IMSA276	120
KIAA0391	IMSA286	88
KIAA0391	IMSA343	32.400665180168694
KIAA0391	IS_238	104
KIAA0391	IS238	236.97790589385636
KIAA0391	IS243	165
KIAA0391	IS253	111
KIAA0391	IS283	92
KIAA0391	IS322	29.30855199447586
KIAA0391	IS399	21.152312164771477
KIAA0391	IS418	4.379004411144943
KIAA0391	IS430	8.67803871864333
KIAA0391	IS437	7.575668651070638
KIAA0391	IS444	17.643445285038197
KIAA0391	R276CMSA	4.259702123160222
KIAA0391	R286CMSA	111
KIAA0391	R292CMSA	38.159889588482066
KIAA0391	R292IMSA	41.99812770651254
KIAA0391	R308CMSA	10.703545225604541
KIAA0391	R316IMSA	19.37743602558061
KIAA0391	R347CMSA	8.543559020619675
KIAA0391	R347IMSA	22.37357831684051
KIAA0391	R371CMSA	33.13187757655273
KIAA0391	SRR10104064	5.565413590867894
KIAA0391	SRR10104065	45.26395112798499
KIAA0391	SRR10104066	14.26258867650345
KIAA0391	SRR10104067	18.418628470867258
KIAA0391	SRR10104068	32.14948724936074
KIAA0391	SRR10104069	32.367705677598366
KIAA0391	SRR10104070	6.177519327343506
KIAA0391	SRR10104071	2.3239670595388677
KIAA0391	SRR10104072	5.35861619897378
KIAA0391	SRR10104073	16.73337260359642
KIAA0391	SRR10104074	6.598333924763538
KIAA0391	SRR10104075	5.773771142800289
KIAA0391	SRR10104076	10.278239688724724
KIAA0391	SRR10104077	11.040752320803593
KIAA0391	SRR10104078	22.922270835570266
KIAA0391	SRR10104079	15.299992406464947
KIAA0391	SRR10104080	10.128852822242758
KIAA0391	SRR10104081	25.397340454807043
KIAA0391	SRR10104082	6.513883561686444
KIAA0391	SRR10104083	10.65596706440916
KIAA0391	SRR10104084	28.893352180559543
KIAA0391	SRR10104085	31.697041602625944
KIAA0391	SRR10104086	23.573459357680477
KIAA0391	SRR10104087	75.24073536735783
KIAA0391	SRR10104088	50.45594148965628
KIAA0391	SRR10104089	7.970986880949892
KIAA0391	SRR10104090	27.71564832483025
KIAA0391	SRR10104091	17.72983222774933
KIAA0391	SRR10104092	34.434022284991286
KIAA0391	SRR10104093	14.486796978555285
KIAA0391	SRR10104094	17.585549401732354
KIAA0391	SRR10104095	22.166122830867195
KIAA0391	SRR10104096	3.4499981487402307
KIAA0391	SRR10104097	15.981494396111628
KIAA0391	SRR10104098	26.779130147389054
KIAA0391	SRR10104099	17.821351931586655
KIAA0391	SRR10104100	17.49776095189518
KIAA0391	SRR10104101	57.317992590832674
KIAA0391	SRR10104102	21.322433337914298
KIAA0391	SRR10104103	12.639716412568701
KIAA0391	SRR10104104	34.52754410083939
KIAA0391	SRR10104105	13.005503861400774
KIAA0391	SRR10104106	3.40113311181829
KIAA0391	SRR10104107	33.31641153800958
KIAA0391	SRR10104108	37.253814094267106
KIAA0391	SRR10104109	3.3669232326767764
KIAA0391	SRR10104110	2.386402076435085
KIAA0391	SRR10104111	11.362682204578135
KIAA0391	SRR10104112	1.189872391069202
KIAA0391	SRR10104113	11.399139596621266
KIAA0391	SRR10104114	2.350621764826783
KIAA0391	SRR10104115	8.036836936174966
KIAA0391	SRR10104116	14.666724677384662
KIAA0391	SRR10104117	17.66797695755536
KIAA0391	SRR10104118	9.183921883097305
KIAA0391	SRR10104119	13.114306535731108
KIAA0391	SRR10104120	25.68599256470947
KIAA0391	SRR10104121	15.18393817226712
KIAA0391	SRR10104122	20.768807014268365
KIAA0391	SRR10104123	14.105884787603388
KIAA0391	SRR10104124	13.432819278017687
KIAA0391	SRR10104125	7.722625462091171
KIAA0391	SRR10104126	18.726461724289088
KIAA0391	SRR10104127	3.568980452095358
KIAA0391	SRR10104128	26.752911061782267
KIAA0391	SRR10104129	15.3963789671671
KIAA0391	SRR10104130	23.96835228056074
KIAA0391	SRR10104131	29.329258596235285
KIAA0391	SRR10104132	43.31113912773942
KIAA0391	SRR10104133	5.839052057375917
KIAA0391	SRR10104134	29.882193428816173
KIAA0391	SRR10104135	7.733547659159564
KIAA0391	SRR10104136	19.286015520909107
KIAA0391	SRR10104137	10.00038901672196
KIAA0391	SRR10104138	3.5961376186935414
KIAA0391	SRR10104139	40.455372044062216
KIAA0391	SRR10104140	8.020266001374527
KIAA0391	SRR10104141	15.91827311563942
KIAA0391	SRR10104142	17.89677084163449
KIAA0391	SRR10104143	43.35232099236109
KIAA0391	SRR10104144	24.40491386755056
KIAA0391	SRR10104145	10.645301647871351
KIAA0391	SRR10104146	36.346617546745136
KIAA0391	SRR10104147	52.088869277569536
KIAA0391	SRR10104148	9.478319101486905
KIAA0391	SRR10104149	24.102850297594014
KIAA0391	SRR10104150	56.652516786368146
KIAA0391	SRR10104151	40.30639452635042
KIAA0391	SRR10104152	67.37675169454472
KIAA0391	SRR10104153	15.471203538339939
KIAA0391	SRR10104154	16.490572583191337
KIAA0391	SRR10104155	14.177866044326915
KIAA0391	SRR10104156	52.2114918979988
KIAA0391	SRR10104157	15.752391068299053
KIAA0391	SRR10104158	22.453189086853676
KIAA0391	SRR10104159	28.35483795137439
KIAA0391	SRR10104160	6.772009420927711
KIAA0391	SRR10104161	73.12598365811435
KIAA0391	SRR10104162	53.06504295060004
KIAA0391	SRR10104163	13.393741597029583
KIAA0391	SRR10104164	18.354237284834515
KIAA0391	SRR10104165	14.54767304173484
KIAA0391	SRR10104166	27.06887015797184
KIAA0391	SRR10104167	20.452810814509014
KIAA0391	SRR10104168	48.36317823922918
KIAA0391	SRR10104169	27.672673655864088
KIAA0391	SRR10104170	19.573846600376154
KIAA0391	SRR10104171	43.01236686344269
KIAA0391	SRR10104172	23.78768988750544
KIAA0391	SRR10104173	30.79244737632822
KIAA0391	SRR10104174	19.649923047577946
KIAA0391	SRR10104175	23.521207574216874
KIAA0391	SRR10104176	26.587679383434832
KIAA0391	SRR10104177	33.840063072467935
KIAA0391	SRR10104178	28.04478456388997
KIAA0391	SRR10104179	21.73464387011581
KIAA0391	SRR10104180	15.330103598366787
KIAA0391	SRR10104181	42.10887698268697
KIAA0391	SRR10104182	17.602992080937177
KIAA0391	SRR10104183	27.261852657559317
KIAA0391	SRR10104184	25.534956998765107
KIAA0391	SRR10104185	24.506552402078515
KIAA0391	SRR10104186	21.70156202461289
KIAA0391	SRR10104187	29.153460063864706
KIAA0391	SRR10104188	38.00110460356125
KIAA0391	SRR10104189	11.675783817248842
KIAA0391	SRR10104190	25.280236424665166
KIAA0391	SRR10104191	9.137030067333674
KIAA0391	SRR10104192	35.91632633620098
KIAA0391	SRR10104193	21.845887670575664
KIAA0391	SRR10104194	15.651727245899002
KIAA0391	SRR10104195	28.14826190140152
KIAA0391	SRR10104196	24.986096861874707
KIAA0391	SRR10104197	52.881068422848735
KIAA0391	SRR10104198	25.648795154108512
KIAA0391	SRR10104199	20.60649387585496
KIAA0391	SRR10104200	17.607936726330088
KIAA0391	SRR10104201	28.736305135597757
KIAA0391	SRR10104202	27.77957835769358
KIAA0391	SRR10104203	29.658868643687196
KIAA0391	SRR10104204	30.948345990341945
KIAA0391	SRR10104205	10.269817679691476
KIAA0391	SRR10104206	28.812515351164418
KIAA0391	SRR10104207	29.954058701638825
KIAA0391	SRR10104208	24.42454648380562
KIAA0391	SRR10104209	19.44077550093576
KIAA0391	SRR10104210	26.688074271322666
KIAA0391	SRR10104211	39.7331845685315
KIAA0391	SRR10104212	23.432065699761512
KIAA0391	SRR10104213	24.396660622210387
KIAA0391	SRR10104214	29.877274325041675
KIAA0391	SRR10104215	45.482696824394424
KIAA0391	SRR10104216	29.741061841006125
KIAA0391	SRR10104217	28.700308928177623
KIAA0391	SRR10104218	20.245728220705768
KIAA0391	SRR10104219	29.827415371718946
KIAA0391	SRR10104220	36.24492647371212
KIAA0391	SRR10104221	11.995682959818932
KIAA0391	SRR10104222	28.045783754908417
KIAA0391	SRR10104223	9.441337763935373
KIAA0391	SRR10104224	58.45346187272352
KIAA0391	SRR10104225	21.66486789874502
KIAA0391	SRR10104226	21.824814982641733
KIAA0391	SRR10104227	18.324960006966695
KIAA0391	SRR10104228	17.97136835226562
KIAA0391	SRR10104229	31.120853546116244
KIAA0391	SRR10104230	25.393730337848265
KIAA0391	SRR10104231	1.07822501247679
KIAA0391	SRR10104232	29.71224045460827
KIAA0391	SRR10104233	32.202289284833405
KIAA0391	SRR10104234	34.79671756667746
KIAA0391	SRR10104235	18.79544745892139
KIAA0391	SRR10104236	78.72593289676524
KIAA0391	SRR10104237	12.222777566257117
KIAA0391	SRR10104238	35.37523089254119
KIAA0391	SRR10104239	11.696939688678581
KIAA0391	SRR10104240	16.124369876231466
KIAA0391	SRR10104241	27.064450210083514
KIAA0391	SRR10104242	15.98451005490092
KIAA0391	SRR10104243	7.481240770999822
KIAA0391	SRR10104244	13.51846064003956
KIAA0391	SRR10104245	41.67247048932014
KIAA0391	SRR10104246	14.414771407938241
KIAA0391	SRR10104247	29.622725384891876
KIAA0391	SRR10104248	39.831581303767734
KIAA0391	SRR10104249	13.355310632116302
KIAA0391	SRR10104250	9.257580422708935
KIAA0391	SRR10104251	13.612485000041636
KIAA0391	SRR10104252	5.919382860589053
KIAA0391	SRR10104253	13.198950784118521
KIAA0391	SRR10104254	16.59951505449114
KIAA0391	SRR10104255	14.43742373430256
KIAA0391	SRR10104256	36.033346873375734
KIAA0391	SRR10104257	20.762456436293856
KIAA0391	SRR10104258	34.02029892352156
KIAA0391	SRR10224277	13.3193562296747
KIAA0391	SRR10224278	1.0942848190075063
KIAA0391	SRR10224279	4.363390789567802
KIAA0391	SRR10224280	61.370112866463224
KIAA0391	SRR10224281	122.95791974053796
KIAA0391	SRR10224282	9.456156835080996
KIAA0391	SRR10224283	77.13905540824675
KIAA0391	SRR10224284	3.33402171131035
KIAA0391	SRR10224285	1.1302600125483513
KIAA0391	SRR10224286	69.73214700473503
KIAA0391	SRR10224287	6.205238857129879
KIAA0391	SRR10224288	2.1965005472119286
KIAA0391	SRR10224289	1.095574558517596
KIAA0391	SRR10224290	1.0979938990127511
KIAA0391	SRR10224291	17.53140069610395
KIAA0391	SRR10224292	59.702065622472
KIAA0391	SRR10224293	16.493207476564013
KIAA0391	SRR10224294	5.291747496353567
KIAA0391	SRR10224295	2.1742743952486516
KIAA0391	SRR10224296	4.2204250868179285
KIAA0391	SRR10224297	1.1298237190995832
KIAA0391	SRR10224298	18.598804997049623
KIAA0391	SRR10318388	118.89261147184898
KIAA0391	SRR10318389	91.4375209925608
KIAA0391	SRR10318390	53.66511087671123
KIAA0391	SRR10318391	64.78004988742067
KIAA0391	SRR10318392	43.60914711893
KIAA0391	SRR10318393	97.2825777825876
KIAA0391	SRR10318394	56.76169603009128
KIAA0391	SRR10318395	67.30499533290518
KIAA0391	SRR10318396	96.79235440308855
KIAA0391	SRR10318397	73.44264984045978
KIAA0391	SRR10318398	63.226224599183
KIAA0391	SRR10318399	13.65299243241266
KIAA0391	SRR10318400	41.616227833478085
KIAA0391	SRR10318401	88.32529056586226
KIAA0391	SRR10318402	111.47841718035069
KIAA0391	SRR10318403	105.5209282196473
KIAA0391	SRR10318404	122.21762596684441
KIAA0391	SRR10318405	88.22191373127919
KIAA0391	SRR10318406	70.32723010077808
KIAA0391	SRR10318407	64.63976964784995
KIAA0391	SRR10318408	107.33101641645025
KIAA0391	SRR10318409	117.37185784092526
KIAA0391	SRR10318410	132.54550913377008
KIAA0391	SRR10318411	95.35116595178312
KIAA0391	SRR10318412	62.30703141344541
KIAA0391	SRR10318413	103.40615960360397
KIAA0391	SRR10318414	93.56232916435545
KIAA0391	SRR10318415	121.79912869196792
KIAA0391	SRR10318416	97.982382243088
KIAA0391	SRR10318417	67.49098732361746
KIAA0391	SRR10318418	144.55145682308918
KIAA0391	SRR10318419	101.41259824579814
KIAA0391	SRR10318420	119.21791569258518
KIAA0391	SRR10318421	88.42728144838104
KIAA0391	SRR10318422	99.21394973326966
KIAA0391	SRR10318423	106.16998336552146
KIAA0391	SRR10318424	103.21972502763212
KIAA0391	SRR10318425	63.41780149441321
KIAA0391	SRR10318426	10.95574558517596
KIAA0391	SRR10318427	5.541261999468554
KIAA0391	SRR10318428	105.14658658527274
KIAA0391	SRR10318429	73.29474622996044
KIAA0391	SRR10318430	59.522209812044515
KIAA0391	SRR10318431	73.38408259530424
KIAA0391	SRR10318432	68.12244077418524
KIAA0391	SRR10318433	1.275527749073799
KIAA0391	SRR10318434	74.23446970919123
KIAA0391	SRR10318435	61.37033782647257
KIAA0391	SRR10318436	58.1646210441842
KIAA0391	SRR10318437	74.05326898600677
KIAA0391	SRR10318438	119.15359184064046
KIAA0391	SRR10318439	126.52071326405327
KIAA0391	SRR10318440	46.73674246487124
KIAA0391	SRR10318441	94.26391800897596
KIAA0391	SRR10318442	50.425765730293726
KIAA0391	SRR10318443	104.24176070707672
KIAA0391	SRR10318444	56.49238496269787
KIAA0391	SRR10318445	84.03133764330444
KIAA0391	SRR10318446	96.3849757915265
KIAA0391	SRR10318447	86.92375432115425
KIAA0391	SRR10318448	71.50959980668786
KIAA0391	SRR10318449	87.18287859021207
KIAA0391	SRR10318450	60.32387591923218
KIAA0391	SRR10318451	124
KIAA0391	SRR10318452	90.5712352758281
KIAA0391	SRR10318453	29.58372053182725
KIAA0391	SRR10318454	95.45543357908171
KIAA0391	SRR10318455	84.5168037535655
KIAA0391	SRR10318456	97.64915708378079
KIAA0391	SRR10318457	73.12052395160275
KIAA0391	SRR10318458	59.770585223506224
KIAA0391	SRR10318459	65.43362869527331
KIAA0391	SRR10318460	73.29524685986499
KIAA0391	SRR10318461	97.34831406540874
KIAA0391	SRR10318462	81.55202704710744
KIAA0391	SRR10318463	146.46707970873885
KIAA0391	SRR10318464	85.54292231230086
KIAA0391	SRR10318465	82.08242875819448
KIAA0391	SRR10318466	100.95724722687382
KIAA0391	SRR10318467	89.45953609125787
KIAA0391	SRR10318468	56.55588889406464
KIAA0391	SRR10318469	87.32508771111391
KIAA0391	SRR10318470	177
KIAA0391	SRR10318471	104
KIAA0391	SRR10318472	129.57972509197796
KIAA0391	SRR10318473	100.3952019697175
KIAA0391	SRR10318474	48.20556490293537
KIAA0391	SRR10318475	90.36917549228507
KIAA0391	SRR10318476	91.33761544886266
KIAA0391	SRR10318495	102.12090303213616
KIAA0391	SRR10318496	63.563164426735845
KIAA0391	SRR10318497	77.44454713420404
KIAA0391	SRR10318498	98.09256469587098
KIAA0391	SRR10318499	81.09849030754505
KIAA0391	SRR10318500	70.40802857934959
KIAA0391	SRR10318501	90.44374506952217
KIAA0391	SRR10318502	127.06855965540599
KIAA0391	SRR10318503	97.18488474155687
KIAA0391	SRR10318504	67.4570539444443
KIAA0391	SRR10318505	108.07774392552341
KIAA0391	SRR10318506	89.0683277491187
KIAA0391	SRR10318507	67.82281444043049
KIAA0391	SRR10318508	52.59189996003008
KIAA0391	SRR10318509	62.43738583317768
KIAA0391	SRR10318510	74.60127320527408
KIAA0391	SRR10318511	94.11844747985374
KIAA0391	SRR10318512	64.49612686266222
KIAA0391	SRR10318513	105.35486491903819
KIAA0391	SRR10318514	93.4327742706732
KIAA0391	SRR10318515	99.1941315761836
KIAA0391	SRR10318516	95.57442226466416
KIAA0391	SRR10318517	95.25670091317828
KIAA0391	SRR10318518	72.52853551514305
KIAA0391	SRR10318519	83.40045457120549
KIAA0391	SRR10318520	100.20114680017954
KIAA0391	SRR10318521	138.50718800923192
KIAA0391	SRR10318522	106.14798264798962
KIAA0391	SRR10318523	105.24120746279434
KIAA0391	SRR10318524	95.75366265944595
KIAA0391	SRR10318525	87.55100986965606
KIAA0391	SRR10318526	100.66340409403034
KIAA0391	SRR10318527	115.04138399559007
KIAA0391	SRR10318528	127.32763573140421
KIAA0391	SRR10318529	111.25158982495627
KIAA0391	SRR10318530	67.46203254339459
KIAA0391	SRR10318531	67.60724553420421
KIAA0391	SRR10318532	74.62930490922588
KIAA0391	SRR10318533	62.44285093665818
KIAA0391	SRR10318534	50.89399064675043
KIAA0391	SRR10318535	61.96395997038956
KIAA0391	SRR10318536	88.36486797837853
KIAA0391	SRR10318537	60.66494115135412
KIAA0391	SRR10318538	115.21919325029938
KIAA0391	SRR10318539	60.450174302891035
KIAA0391	SRR10318540	83.46049048536105
KIAA0391	SRR10318541	55.4070074484544
KIAA0391	SRR10318542	79.65543830979951
KIAA0391	SRR10318543	80.81852095478408
KIAA0391	SRR10318544	122.3071532207215
KIAA0391	SRR10318545	72.64094442521856
KIAA0391	SRR10318546	148.21315263551008
KIAA0391	SRR10318547	69.28091665117022
KIAA0391	SRR10318548	120.59166009269623
KIAA0391	SRR10318549	94.67468143420646
KIAA0391	SRR10318568	94.30172166042182
KIAA0391	SRR10318569	111.099888334429
KIAA0391	SRR10318570	78.85749884112195
KIAA0391	SRR10318571	108.09718864971471
KIAA0391	SRR10318572	98.47282587925467
KIAA0391	SRR10318573	96.14837867782214
KIAA0391	SRR10318574	86.21388231647842
KIAA0391	SRR10318575	72.34738227863608
KIAA0391	SRR10318576	89.39026978214865
KIAA0391	SRR10318577	89.2668829055995
KIAA0391	SRR10318578	126.11338675800049
KIAA0391	SRR10318579	109.3453675446195
KIAA0391	SRR10318580	84.12097852285707
KIAA0391	SRR10318581	130
KIAA0391	SRR10875803	212.1839411642969
KIAA0391	SRR10875804	137.48973366731863
KIAA0391	SRR10875805	135.70039888144308
KIAA0391	SRR10875806	255.78734338559943
KIAA0391	SRR10875807	172.510815081882
KIAA0391	SRR10875808	204.58576221794763
KIAA0391	SRR10875809	159.32029874138726
KIAA0391	SRR10875810	180.1279756663194
KIAA0391	SRR10875812	161
KIAA0391	SRR10875813	157.15503983036683
KIAA0391	SRR10875814	133.54147702327012
KIAA0391	SRR10875815	263
KIAA0391	SRR10875816	231
KIAA0391	SRR10875817	136.65214883285523
KIAA0391	SRR10875818	141.0052401498891
KIAA0391	SRR10875819	196
KIAA0391	SRR10875820	151.24876072542168
KIAA0391	SRR10875821	130.5824627043792
KIAA0391	SRR10875822	136.78348944970153
KIAA0391	SRR10875823	132
KIAA0391	SRR10875824	189.50504705731692
KIAA0391	SRR10875825	147.26918997319348
KIAA0391	SRR10875826	156.2433926137125
KIAA0391	SRR10875827	127.49266143570439
KIAA0391	SRR10875829	229.3136955485734
KIAA0391	SRR10875830	178
KIAA0391	SRR10875831	152.5525384268996
KIAA0391	SRR10875832	112
KIAA0391	SRR10875834	130.44510845058528
KIAA0391	SRR10875835	140
KIAA0391	SRR10875836	185.71327757816871
KIAA0391	SRR10875837	139.9196701512994
KIAA0391	SRR10875838	137
KIAA0391	SRR10875839	126.04977313399843
KIAA0391	SRR10875840	181.3888388553528
KIAA0391	SRR10875841	126.48810212298413
KIAA0391	SRR10875842	196.02600562744644
KIAA0391	SRR10875843	87.21210320339381
KIAA0391	SRR10875844	147.09606267267134
KIAA0391	SRR10875845	183.05235041434526
KIAA0391	SRR10875846	89.29995322555486
KIAA0391	SRR10875847	76.29207858270472
KIAA0391	SRR10875848	189
KIAA0391	SRR10875849	195.08600716336457
KIAA0391	SRR10875850	203.03652258890187
KIAA0391	SRR10875851	105.90311362420385
KIAA0391	SRR10875852	203.9723685038926
KIAA0391	SRR10875853	121.27425557495233
KIAA0391	SRR10875854	185.10453281558665
KIAA0391	SRR10875855	190.27005294662817
KIAA0391	SRR10875856	260.7227126950712
KIAA0391	SRR10875857	179.80817139019368
KIAA0391	SRR10875858	158.48618907404523
KIAA0391	SRR10875859	157
KIAA0391	SRR10875860	261.8110445834133
KIAA0391	SRR10875861	178.06680590906882
KIAA0391	SRR10875862	111.02003617995065
KIAA0391	SRR10875863	153.83736934568776
KIAA0391	SRR10875864	139
KIAA0391	SRR10875865	232.2433813498607
KIAA0391	SRR10875866	188.98851615196156
KIAA0391	SRR10875867	160.41942846956596
KIAA0391	SRR10875868	166.7076075260217
KIAA0391	SRR10875869	167
KIAA0391	SRR10875870	106.78102719820484
KIAA0391	SRR10875871	119.0214097934942
KIAA0391	SRR10875872	118.7213634800798
KIAA0391	SRR10875873	213.0935593137902
KIAA0391	SRR10875874	98.51610427930264
KIAA0391	SRR10875875	248.2400003588787
KIAA0391	SRR10875876	139
KIAA0391	SRR10875877	170.75561879495993
KIAA0391	SRR10875878	93.740084604232
KIAA0391	SRR10875879	191
KIAA0391	SRR10875880	123.4986958199325
KIAA0391	SRR10875881	166.45772777520952
KIAA0391	SRR10875882	149
KIAA0391	SRR10875883	98.63645083226335
KIAA0391	SRR10875884	209.5556970970991
KIAA0391	SRR10875885	142.27065601341315
KIAA0391	SRR10875886	63.47656375191937
KIAA0391	SRR10875887	183
KIAA0391	SRR10875888	45.24374519424849
KIAA0391	SRR10875889	131.29692132494839
KIAA0391	SRR10875890	103.23345722495942
KIAA0391	SRR10875891	140
KIAA0391	SRR10875892	200.60315258606897
KIAA0391	SRR10875893	141
KIAA0391	SRR10875894	90.2823227199931
KIAA0391	SRR10875895	100
KIAA0391	SRR10875896	73.73814273179833
KIAA0391	SRR10875897	83.21666796552071
KIAA0391	SRR10875898	152.48519174727534
KIAA0391	SRR10875899	164.78343549296494
KIAA0391	SRR10875900	132.5036710101307
KIAA0391	SRR10875901	84.18585537586846
KIAA0391	SRR10875902	116.53870447751079
KIAA0391	SRR12430469	101
KIAA0391	SRR12430470	132.10068288115446
KIAA0391	SRR12430471	123.60964414104049
KIAA0391	SRR12430472	90.61702383230019
KIAA0391	SRR12430473	105
KIAA0391	SRR12430474	102.67042704370272
KIAA0391	SRR12430475	77.02614842886436
KIAA0391	SRR12430476	62
KIAA0391	SRR12765534	109
KIAA0391	SRR12765535	99.26313224255084
KIAA0391	SRR12765536	58.26848783204754
KIAA0391	SRR12765537	84.35601879754333
KIAA0391	SRR12765538	29.9946088238801
KIAA0391	SRR12765539	60.85335587880348
KIAA0391	SRR12765540	83.25997981949415
KIAA0391	SRR12765541	66.6404409875684
KIAA0391	SRR12765542	106
KIAA0391	SRR12765543	62.00136469791051
KIAA0391	SRR12765544	43.499015146163295
KIAA0391	SRR12765545	66.6248332288349
KIAA0391	SRR12765546	40.1800623327747
KIAA0391	SRR12765547	70.56740584839383
KIAA0391	SRR12765548	40.81838294006331
KIAA0391	SRR12765549	95.72898182956195
KIAA0391	SRR12765550	28.08317044825067
KIAA0391	SRR12765551	68.94191599896806
KIAA0391	SRR12765552	23.956465000335314
KIAA0391	SRR12765553	30.298838697974
KIAA0391	SRR12765554	40.24556084753183
KIAA0391	SRR12765555	55.122132055744665
KIAA0391	SRR12765556	63.97645529795549
KIAA0391	SRR12765557	82.86351851493583
KIAA0391	SRR12765558	18.929964592987027
KIAA0391	SRR12765559	76.14485814802394
KIAA0391	SRR12765560	39.75327670394166
KIAA0391	SRR12765561	77.21854862762385
KIAA0391	SRR12765562	47.73980443366788
KIAA0391	SRR12765563	86.62877147337979
KIAA0391	SRR12765564	95.2011072894681
KIAA0391	SRR12765565	59.25172103569778
KIAA0391	SRR12765566	66.47574457404284
KIAA0391	SRR12765567	67.89043690490244
KIAA0391	SRR12765568	73.75965080259621
KIAA0391	SRR12765569	83.95516744474307
KIAA0391	SRR12765570	115.82540813759302
KIAA0391	SRR12765571	64.71608051004493
KIAA0391	SRR12765572	76.5037633048066
KIAA0391	SRR12765573	43.452508722572155
KIAA0391	SRR12765574	74.5150106412901
KIAA0391	SRR12765575	67.59872615388431
KIAA0391	SRR12765576	52.2720756134694
KIAA0391	SRR12765577	47.07026877070532
KIAA0391	SRR12765578	42.637769826057394
KIAA0391	SRR12765579	87.74382890977137
KIAA0391	SRR12765580	70.79963523281269
KIAA0391	SRR12765581	52.84573038287314
KIAA0391	SRR12765582	94.09449150329611
KIAA0391	SRR12765583	62.55146702483589
KIAA0391	SRR12765584	50.62640815258946
KIAA0391	SRR12765585	61.68062868131438
KIAA0391	SRR12765586	63.33458823554017
KIAA0391	SRR12765587	72.85197987073994
KIAA0391	SRR12765588	54.37779961156245
KIAA0391	SRR12765589	59.06576959361234
KIAA0391	SRR12765590	59.706455897772535
KIAA0391	SRR12765591	45.237872708900646
KIAA0391	SRR12765592	65.05835292398456
KIAA0391	SRR12765593	81.68306859128565
KIAA0391	SRR12765594	42.9775537406455
KIAA0391	SRR12765595	65.7811843762435
KIAA0391	SRR12765596	56.24994406508973
KIAA0391	SRR12765597	63.50926429912323
KIAA0391	SRR12765598	81.58576582116523
KIAA0391	SRR12765599	107.33101641645025
KIAA0391	SRR12765600	32.33589978221147
KIAA0391	SRR12765601	51.10811197631169
KIAA0391	SRR12765602	69.59840225157812
KIAA0391	SRR12765603	68.68225535871174
KIAA0391	SRR12765604	89.72650857449392
KIAA0391	SRR12765605	70.54710182840107
KIAA0391	SRR12765606	63.83812418275552
KIAA0391	SRR12765607	84.73783481665194
KIAA0391	SRR12765608	81.71943017231357
KIAA0391	SRR12765609	84.40758742404886
KIAA0391	SRR12765610	61.534602706454066
KIAA0391	SRR12765611	71.39490014531304
KIAA0391	SRR12765612	54.246329151083124
KIAA0391	SRR12765613	69.41653201891283
KIAA0391	SRR12765614	46.21503692336845
KIAA0391	SRR12765615	67.61527502692168
KIAA0391	SRR12765616	70.4328228350965
KIAA0391	SRR12765617	60.510330098404275
KIAA0391	SRR12765618	54.249320626408064
KIAA0391	SRR12765619	41.8974447297054
KIAA0391	SRR12765620	68.55631278007472
KIAA0391	SRR12765621	75.19673650912362
KIAA0391	SRR12765622	28.61671587702059
KIAA0391	SRR12765623	85
KIAA0391	SRR12765624	66.26264523124038
KIAA0391	SRR12765625	46.384452098029335
KIAA0391	SRR12765626	87.43162623913634
KIAA0391	SRR12765627	88.04750590295848
KIAA0391	SRR12765628	33.332495677312174
KIAA0391	SRR12765629	20.649672331313752
KIAA0391	SRR12765630	51.08801598032647
KIAA0391	SRR12765631	64.38785011944972
KIAA0391	SRR12765632	63.414866421680344
KIAA0391	SRR12765633	38.74340601986062
KIAA0391	SRR12765634	57.31154209886001
KIAA0391	SRR12765635	27.626783729547565
KIAA0391	SRR12765636	53.64764591947069
KIAA0391	SRR12765637	32.10595198809285
KIAA0391	SRR12765638	112
KIAA0391	SRR12765639	53.624395446717244
KIAA0391	SRR12765640	60.30483462695746
KIAA0391	SRR12765641	60.12750151121576
KIAA0391	SRR12765642	78.19085796754034
KIAA0391	SRR12765643	73.02024215437329
KIAA0391	SRR12765644	77.27624758432582
KIAA0391	SRR12765645	40.13071142324554
KIAA0391	SRR12765646	73.49852152455672
KIAA0391	SRR12765647	50.435552770294386
KIAA0391	SRR12765648	73.86919287017817
KIAA0391	SRR12765649	16.79261676571779
KIAA0391	SRR12765650	51.93761260890903
KIAA0391	SRR12765651	29.820126292836804
KIAA0391	SRR12765652	60.647024933041365
KIAA0391	SRR12774664	144.76543445021323
KIAA0391	SRR12774665	77.03030644731065
KIAA0391	SRR12774666	80.85533000572958
KIAA0391	SRR12774667	72.07302213995165
KIAA0391	SRR12774668	45.2968525187231
KIAA0391	SRR12774669	62.13597925241163
KIAA0391	SRR12774670	39.86629475710734
KIAA0391	SRR12774671	38.79322559135703
KIAA0391	SRR12774672	116.7184858790228
KIAA0391	SRR12774673	88.24897994764488
KIAA0391	SRR12774674	62.49091957928622
KIAA0391	SRR12774675	55.87121299935088
KIAA0391	SRR12774676	109.71446991756558
KIAA0391	SRR12774677	90.98783624452732
KIAA0391	SRR12774678	45.93092720602481
KIAA0391	SRR12774679	54.24097689045942
KIAA0391	SRR12774680	65.92568140786048
KIAA0391	SRR12774681	82.71586359743505
KIAA0391	SRR12774682	56.59655186331953
KIAA0391	SRR12774683	93.66462305172246
KIAA0391	SRR12774684	103.54475615660122
KIAA0391	SRR12774685	112.8276197686246
KIAA0391	SRR12774686	69.23544669935589
KIAA0391	SRR12774687	33.97219398717537
KIAA0391	SRR1609360	20.99224957692518
KIAA0391	SRR1609361	26.68750027899644
KIAA0391	SRR1609362	19.23300236414354
KIAA0391	SRR1609363	71.52780578526584
KIAA0391	SRR1609364	55.48114586458671
KIAA0391	SRR1609365	35.51218940417534
KIAA0391	SRR1609366	61.35114605113828
KIAA0391	SRR1609367	66.18036263002746
KIAA0391	SRR1609368	52.29395442177158
KIAA0391	SRR1609369	92.08279033123846
KIAA0391	SRR1609370	85.17733426037071
KIAA0391	SRR1609371	36.067374027182765
KIAA0391	SRR1609372	89.07343978007931
KIAA0391	SRR1609373	85.64270671740172
KIAA0391	SRR1609374	82.21543462155576
KIAA0391	SRR1609375	64.42654805657268
KIAA0391	SRR1609376	73.17097391196647
KIAA0391	SRR1609377	94.50582260209636
KIAA0391	SRR1609378	35.62205031704331
KIAA0391	SRR1609379	88.16114773905458
KIAA0391	SRR1609380	49.78411749779062
KIAA0391	SRR1609381	79.05686824181805
KIAA0391	SRR1609382	57.82963258786815
KIAA0391	SRR1609383	12.126323115702972
KIAA0391	SRR1609384	35.34576833249226
KIAA0391	SRR1609385	50.3743727696593
KIAA0391	SRR1609386	60.407897070942994
KIAA0391	SRR1609387	55.41837945491706
KIAA0391	SRR1609388	30.391116157423525
KIAA0391	SRR1609389	81.20538367014889
KIAA0391	SRR1609390	45.59223541163386
KIAA0391	SRR1609391	10.643168557255299
KIAA0391	SRR1609392	39.61601027562623
KIAA0391	SRR1609393	15.677402294851799
KIAA0391	SRR1609394	40.10796410864857
KIAA0391	SRR1609395	64.35988221568451
KIAA0391	SRR1609396	73.08307031352055
KIAA0391	SRR1609397	53.79183742688158
KIAA0391	SRR1609398	68.32089323045766
KIAA0391	SRR1609399	95.36745726733209
KIAA0391	SRR1609400	71.1575596139672
KIAA0391	SRR1609401	52.56163535250745
KIAA0391	SRR1609402	58.26065159174203
KIAA0391	SRR1609403	67.21823757799584
KIAA0391	SRR1609404	32.39089912328967
KIAA0391	SRR1609405	43.293600522292245
KIAA0391	SRR1609406	54.22128367640513
KIAA0391	SRR1609407	61.14787981467501
KIAA0391	SRR1609408	49.38610622948969
KIAA0391	SRR1609409	38.73277786945455
KIAA0391	SRR1609410	54
KIAA0391	SRR1609411	25.28356186667429
KIAA0391	SRR1609412	125
KIAA0391	SRR1609413	145.27347747299345
KIAA0391	SRR1609414	58.09575875606794
KIAA0391	SRR1609415	81.01457305271454
KIAA0391	SRR1609416	62.16859065828276
KIAA0391	SRR1609417	48.328462820304225
KIAA0391	SRR1609418	66.09596792595677
KIAA0391	SRR1609419	74.36306774021632
KIAA0391	SRR1609420	58.27707802422769
KIAA0391	SRR1609421	46.29868870268105
KIAA0391	SRR1609422	37.62902759457582
KIAA0391	SRR1609423	13.706073759750641
KIAA0391	SRR1609424	15.110657496632484
KIAA0391	SRR1609425	71.11722192553144
KIAA0391	SRR1609426	57.272242221382314
KIAA0391	SRR1609427	47.25017476403432
KIAA0391	SRR1609428	46.40136502217247
KIAA0391	SRR1609429	43.0554995726684
KIAA0391	SRR1609430	60.25061540514537
KIAA0391	SRR1609431	56.42473925826784
KIAA0391	SRR1609432	68.10510156345735
KIAA0391	SRR1609433	45.38211074488052
KIAA0391	SRR1609434	30.45852337511526
KIAA0391	SRR1609435	52.239891259210594
KIAA0391	SRR1609436	63.206267177620234
KIAA0391	SRR1609437	36.797861831709376
KIAA0391	SRR1609438	18.58667535471273
KIAA0391	SRR1609439	30.45131602924159
KIAA0391	SRR1609440	48.12383082761734
KIAA0391	SRR1609441	64.14506079997479
KIAA0391	SRR1609442	44.32602434066669
KIAA0391	SRR1609443	50.44578262456255
KIAA0391	SRR1609444	79.04264734470136
KIAA0391	SRR1609445	44.15529846804453
KIAA0391	SRR1609446	45.51431668532829
KIAA0391	SRR1609447	11.108977973622437
KIAA0391	SRR1609448	53.47091065705178
KIAA0391	SRR1609449	78.19538646247274
KIAA0391	SRR1609450	49.10222798539017
KIAA0391	SRR1609451	65.85525811333243
KIAA0391	SRR1609452	2.5280106526686255
KIAA0391	SRR1609453	72.13261238099689
KIAA0391	SRR1609454	33.54119252420453
KIAA0391	SRR1609455	5.009377398444232
KIAA0391	SRR1609456	51.24967937546008
KIAA0391	SRR1609457	58.38834403256114
KIAA0391	SRR1609458	9.927436882514831
KIAA0391	SRR1609459	81.31703319994695
KIAA0391	SRR1609460	48.47515062089301
KIAA0391	SRR1609461	76.12988586721701
KIAA0391	SRR1609462	75.28055572021486
KIAA0391	SRR1609463	53.35003157582066
KIAA0391	SRR1609464	40.45963209699796
KIAA0391	SRR1609465	46.56476429566658
KIAA0391	SRR1609466	10.09478484706091
KIAA0391	SRR1609467	67.81432301792425
KIAA0391	SRR1609468	77.1328868722576
KIAA0391	SRR1609469	46.008276054628006
KIAA0391	SRR1609470	56.271724949365904
KIAA0391	SRR1609471	58.12437068518222
KIAA0391	SRR1609472	9.786287704762914
KIAA0391	SRR1609473	12.697170317981502
KIAA0391	SRR1609474	66.17110530093774
KIAA0391	SRR1609475	26.576657042553958
KIAA0391	SRR1609476	107.62613485080588
KIAA0391	SRR1609477	54.30936548949133
KIAA0391	SRR1609478	35.81478923821997
KIAA0391	SRR1609479	54.57497360407567
KIAA0391	SRR1609480	65
KIAA0391	SRR1609481	59.62668723228994
KIAA0391	SRR1609482	57.21147341302386
KIAA0391	SRR1609483	69.31831724779867
KIAA0391	SRR1609484	40.32280722393247
KIAA0391	SRR1609485	89.08009064652416
KIAA0391	SRR1609486	67.21936350635802
KIAA0391	SRR1609487	63.25176628250976
KIAA0391	SRR1609488	103.14834271255093
KIAA0391	SRR1609489	59.13092982005725
KIAA0391	SRR1609490	42.70744997552566
KIAA0391	SRR1609491	62.222433119846755
KIAA0391	SRR1609492	81
KIAA0391	SRR1609493	56.255863761364196
KIAA0391	SRR1609494	58.34689407076153
KIAA0391	SRR1609495	44.09972929998266
KIAA0391	SRR1609496	95.08549001595274
KIAA0391	SRR1609497	70.0629926433336
KIAA0391	SRR1609498	85.03058817065353
KIAA0391	SRR1609499	65.13759972437292
KIAA0391	SRR1609500	90.15532231822317
KIAA0391	SRR1609501	81.10454570665443
KIAA0391	SRR1609502	43.564313930037734
KIAA0391	SRR1609503	2.515462450334251
KIAA0391	SRR1609504	110
KIAA0391	SRR1609505	135
KIAA0391	SRR1609506	32.6399035744607
KIAA0391	SRR1609507	54.332965891718125
KIAA0391	SRR1609508	74.03994814566963
KIAA0391	SRR1609509	75.48166498208677
KIAA0391	SRR1609510	59.33619655585381
KIAA0391	SRR1609511	44.613320574683165
KIAA0391	SRR1609512	75.2545309439424
KIAA0391	SRR1609513	76.24779890492042
KIAA0391	SRR1609514	17.846688716181724
KIAA0391	SRR1609515	57.11290775487993
KIAA0391	SRR1609516	70.29430681508313
KIAA0391	SRR1609517	36.8289212873408
KIAA0391	SRR1609518	79.1280111147356
KIAA0391	SRR1609519	72.12425785457854
KIAA0391	SRR1609520	12.952454836096218
KIAA0391	SRR1609521	58.09734740978981
KIAA0391	SRR1609522	50.199135203219996
KIAA0391	SRR1609523	69.33078859954355
KIAA0391	SRR1609524	41.692930304778265
KIAA0391	SRR1609525	44.244115438022725
KIAA0391	SRR1609526	30.620616779369254
KIAA0391	SRR1609527	88
KIAA0391	SRR1609528	34.302668200797655
KIAA0391	SRR1609529	36.94182365835591
KIAA0391	SRR1609530	53.259323670655796
KIAA0391	SRR1609531	66.25359000136889
KIAA0391	SRR1609532	66.48721838917476
KIAA0391	SRR1609533	35.319915730351106
KIAA0391	SRR1609534	71.093582860989045
KIAA0391	SRR1609535	30.299198220483486
KIAA0391	SRR1609536	40.44741991138313
KIAA0391	SRR1609537	63.244254967994955
KIAA0391	SRR1609538	82
KIAA0391	SRR1609539	88.54922231373972
KIAA0391	SRR1609540	84
KIAA0391	SRR1609541	11.005986779971142
KIAA0391	SRR1609542	49.11623058139646
KIAA0391	SRR1609543	61.127263410383684
KIAA0391	SRR1609544	62.368117485589345
KIAA0391	SRR1609545	92.25107489835293
KIAA0391	SRR1609546	84
KIAA0391	SRR1609547	47.24520271908084
KIAA0391	SRR1609548	28.517612290152684
KIAA0391	SRR1609549	52.564679507611
KIAA0391	SRR1609550	97
KIAA0391	SRR1609551	51.59891989128143
KIAA0391	SRR1609552	73.33353668892119
KIAA0391	SRR1609553	78.20731631231278
KIAA0391	SRR1609554	42.386995091380314
KIAA0391	SRR1609555	69.24565298418791
KIAA0391	SRR1609556	47.0397304035179
KIAA0391	SRR1609557	50.31721618370829
KIAA0391	SRR1609558	51.22137907050655
KIAA0391	SRR1609559	21.901557457807996
KIAA0391	SRR1609560	48.3561723723104
KIAA0391	SRR1609561	83.21666796552071
KIAA0391	SRR1609562	79.07941307191908
KIAA0391	SRR1609563	53.237289884207826
KIAA0391	SRR1609564	99.09482843067036
KIAA0391	SRR1609565	35.892422452106246
KIAA0391	SRR1609566	74.25009527627454
KIAA0391	SRR1609567	5.035560288829872
KIAA0391	SRR1609568	92
KIAA0391	SRR1609569	91
KIAA0391	SRR1609570	37.66996346890205
KIAA0391	SRR1609571	16.39282631490361
KIAA0391	SRR1609572	28.37893739170638
KIAA0391	SRR1609573	32.64560467297933
KIAA0391	SRR1609574	50.26222836132076
KIAA0391	SRR1609575	7.515899017882546
KIAA0391	SRR1609576	60.24161892042679
KIAA0391	SRR1609577	58.245634712064216
KIAA0391	SRR1609578	78.1391379132284
KIAA0391	SRR1609579	58.39608559485328
KIAA0391	SRR1609580	35.272180496726975
KIAA0391	SRR1609581	31.26513091520229
KIAA0391	SRR1609582	68.57436783523457
KIAA0391	SRR1609583	32.123605912324024
KIAA0391	SRR1609584	78.16142103204744
KIAA0391	SRR1609585	81.07289148728603
KIAA0391	SRR1609586	24.80837216378473
KIAA0391	SRR1609587	34.4164605660383
KIAA0391	SRR1609588	49.68720250953746
KIAA0391	SRR1609589	68.18073729791371
KIAA0391	SRR1609590	61.0219515107043
KIAA0391	SRR1609591	69.22591167072693
KIAA0391	SRR1609592	48.332599047459524
KIAA0391	SRR1609593	53.29624198451698
KIAA0391	SRR1609594	30.76944515883265
KIAA0391	SRR1609595	31.77723176293645
KIAA0391	SRR1609596	44.11559906522504
KIAA0391	SRR1609597	74.313396011944
KIAA0391	SRR1609598	26.726773341409466
KIAA0391	SRR1609599	15.322893619596258
KIAA0391	SRR1609600	36.09501396635848
KIAA0391	SRR1609601	18.510724446360392
KIAA0391	SRR1609602	12.797347471822494
KIAA0391	SRR1609603	62
KIAA0391	SRR1609604	34.241476994225785
KIAA0391	SRR1609605	51.395351093683956
KIAA0391	SRR1609606	53.86602851764198
KIAA0391	SRR1609607	77.39015764508648
KIAA0391	SRR1609608	42.86770341290391
KIAA0391	SRR1609609	46.494292496011774
KIAA0391	SRR1609610	77
KIAA0391	SRR1609611	30.521915960636747
KIAA0391	SRR1609612	62.14516751064821
KIAA0391	SRR1609613	63.056693379000244
KIAA0391	SRR1609614	53.629900599981845
KIAA0391	SRR1609615	51.163157980449874
KIAA0391	SRR1609616	110
KIAA0391	SRR1609617	134
KIAA0391	SRR1609618	57.184101081113305
KIAA0391	SRR1609619	46.16847803909641
KIAA0391	SRR1609620	17.218241175215287
KIAA0391	SRR1609621	30.262861397731204
KIAA0391	SRR1609622	14.556090160912321
KIAA0391	SRR1609623	30.58244712873823
KIAA0391	SRR1609624	13.570366062316065
KIAA0391	SRR1609625	67.10856638844665
KIAA0391	SRR1609626	49.389937049541594
KIAA0391	SRR1609627	46.256625599619355
KIAA0391	SRR1609628	63.12095204149311
KIAA0391	SRR1609629	41.68174861891349
KIAA0391	SRR1609630	62.175974219645184
KIAA0391	SRR1609631	102
KIAA0391	SRR1609632	114
KIAA0391	SRR1609633	64.23461132782984
KIAA0391	SRR1609634	40.33608476313059
KIAA0391	SRR1609635	21.531212511748922
KIAA0391	SRR1609636	32.05498351035756
KIAA0391	SRR1609637	73.30220433721614
KIAA0391	SRR1609638	37.92481681750463
KIAA0391	SRR1609639	73.40803141263659
KIAA0391	SRR1609640	90.01619228079393
KIAA0391	SRR1609641	77.0219582682237
KIAA0391	SRR1609642	88
KIAA0391	SRR1609643	48.589319265043386
KIAA0391	SRR1609644	76.08207779901791
KIAA0391	SRR1609645	63.20348014228313
KIAA0391	SRR1609646	103.24714468695173
KIAA0391	SRR1609647	35.745440399954276
KIAA0391	SRR1609648	67.24495006294208
KIAA0391	SRR1609649	51.425698569711805
KIAA0391	SRR1609650	57.42881267756588
KIAA0391	SRR1609651	65.22454805551558
KIAA0391	SRR1609652	78.28114642917934
KIAA0391	SRR1609653	30.483023588704945
KIAA0391	SRR1609654	34.1597778418124
KIAA0391	SRR1609655	85.58480099122185
KIAA0391	SRR1609656	28.410528400318242
KIAA0391	SRR1609657	38.50428332399994
KIAA0391	SRR1609658	45.91632784605117
KIAA0391	SRR1609659	52.41948038434005
KIAA0391	SRR1609660	93.3672368045245
KIAA0391	SRR1609661	65.09651768219415
KIAA0391	SRR1609662	68.32089323045766
KIAA0391	SRR1609663	55.14676884838001
KIAA0391	SRR1609664	76.55903432745392
KIAA0391	SRR1609665	71
KIAA0391	SRR1609666	28.473004617875212
KIAA0391	SRR1609667	59.17629540775195
KIAA0391	SRR1609668	6.758247147699978
KIAA0391	SRR1609669	33.652030055485596
KIAA0391	SRR1746771	108.81076255036466
KIAA0391	SRR1746772	121.44020589751065
KIAA0391	SRR1746773	135.30634241636355
KIAA0391	SRR1746774	121.79658686385852
KIAA0391	SRR1746775	115.07685171883243
KIAA0391	SRR1746776	101.2498673566901
KIAA0391	SRR1746777	141.20365101375293
KIAA0391	SRR1746778	109.63894522862614
KIAA0391	SRR1746779	130.88696348370993
KIAA0391	SRR1746780	90.02285754931619
KIAA0391	SRR1746781	84.05450717120029
KIAA0391	SRR1746782	54.2467257698869
KIAA0391	SRR1746783	129
KIAA0391	SRR1746784	169
KIAA0391	SRR1782685	53.86761697178099
KIAA0391	SRR1782686	50.2014068324144
KIAA0391	SRR1782687	34.42315315112793
KIAA0391	SRR1782688	41.6946885641692
KIAA0391	SRR1782689	37.67446992785221
KIAA0391	SRR1782690	42.879824280694464
KIAA0391	SRR1782691	58.104434777981524
KIAA0391	SRR1782692	40.33586131521403
KIAA0391	SRR1782693	50.4577806779536
KIAA0391	SRR1782694	73.17249406053044
KIAA0391	SRR1782695	79.05686824181805
KIAA0391	SRR1782696	65.22146174360542
KIAA0391	SRR1782697	53.47141535994036
KIAA0391	SRR1782698	85.17993810110303
KIAA0391	SRR1782699	31.774323592672904
KIAA0391	SRR1782700	51.395761559948234
KIAA0391	SRR1782701	54.34440240371454
KIAA0391	SRR1782702	52.56362645596899
KIAA0391	SRR1782703	95.37513437021319
KIAA0391	SRR1782704	49.783986470220086
KIAA0391	SRR1782705	16.394046746728367
KIAA0391	SRR1782706	66.17026738797385
KIAA0391	SRR1782707	75.29239943407163
KIAA0391	SRR1782708	25.291251568347707
KIAA0391	SRR1782709	18.90245148644736
KIAA0391	SRR1782710	125
KIAA0391	SRR1782711	40.465937673115064
KIAA0391	SRR1782712	32.38807063576994
KIAA0391	SRR1782713	26.576960283757014
KIAA0391	SRR1782714	9.785937580337974
KIAA0391	SRR1782715	81.202901326414
KIAA0391	SRR1782716	30.45488267021799
KIAA0391	SRR1782717	89.07343978007931
KIAA0391	SRR1782718	35.5141316231753
KIAA0391	SRR1782719	50.370702838046206
KIAA0391	SRR1782720	35.6222513820402
KIAA0391	SRR1782721	10.095834158935116
KIAA0391	SRR1782722	92.08279033123846
KIAA0391	SRR1782723	71.16092682497202
KIAA0391	SRR1782724	45.5208335973122
KIAA0391	SRR1782725	19.243786898850523
KIAA0391	SRR1782726	55.42248473707165
KIAA0391	SRR1782727	81
KIAA0391	SRR1782728	36.07374824623754
KIAA0391	SRR1782729	144.16128762531434
KIAA0391	SRR1782730	71.10225565622443
KIAA0391	SRR1782731	46.480517310617415
KIAA0391	SRR1782732	15.116417545572823
KIAA0391	SRR1782733	48.47647619491254
KIAA0391	SRR1782734	75.4757177895935
KIAA0391	SRR1782735	52.244513827546264
KIAA0391	SRR1782736	28.52415708155132
KIAA0391	SRR1782737	67.1124530423434
KIAA0391	SRR1782738	20.99800988636866
KIAA0391	SRR1782739	12.126260979672638
KIAA0391	SRR1782740	53.638474797320185
KIAA0391	SRR1782741	13.710841303600368
KIAA0391	SRR1782742	97
KIAA0391	SRR1782743	49.10006285761667
KIAA0391	SRR1782744	55.278279868354666
KIAA0391	SRR1782745	46.56776436636342
KIAA0391	SRR1782746	32.64973027407569
KIAA0391	SRR1782747	56.42673286276745
KIAA0391	SRR1782748	53.79658719937411
KIAA0391	SRR1782749	30.392287927474474
KIAA0391	SRR1782750	43.060582988827136
KIAA0391	SRR1782751	39.61992395154861
KIAA0391	SRR1782752	53.363571540436666
KIAA0391	SRR1782753	81.08611943411219
KIAA0391	SRR1782754	45.38556354347647
KIAA0391	SRR1782755	62.17113161161261
KIAA0391	SRR1782756	15.684572525759405
KIAA0391	SRR1782757	68.10001672428146
KIAA0391	SRR1782758	58.104434777981524
KIAA0391	SRR1782759	51.22817592181468
KIAA0391	SRR1782760	57.82920977304616
KIAA0391	SRR1782761	13.486202115234452
KIAA0391	SRR1782762	10.649255307900557
KIAA0391	SRR1782763	52.28762422761194
KIAA0391	SRR1782764	73.08876286976283
KIAA0391	SRR1782765	67.2214183783286
KIAA0391	SRR1782766	52.564167967534694
KIAA0391	SRR1782767	35.34777455029686
KIAA0391	SRR1782768	64.42666602652342
KIAA0391	SRR1782769	55.479628750074575
KIAA0391	SRR1782770	68.32248224004059
KIAA0391	SRR1782771	60.409754772975276
KIAA0391	SRR1782772	94.51377118057616
KIAA0391	SRR1782773	58.256113930645085
KIAA0391	SRR1782774	82.20929628164834
KIAA0391	SRR1782775	45.91375741347573
KIAA0391	SRR1782776	32.48745904478177
KIAA0391	SRR1782777	81.01457305271454
KIAA0391	SRR1782778	63.11709304845875
KIAA0391	SRR1782779	18.511722929825023
KIAA0391	SRR1782780	43.565321804764075
KIAA0391	SRR1782781	34.16684847619875
KIAA0391	SRR1782782	30.6256932623912
KIAA0391	SRR1782783	88.56630101837524
KIAA0391	SRR1782784	63.21570640297594
KIAA0391	SRR1782785	106.11447693020918
KIAA0391	SRR1782786	21.53359150691623
KIAA0391	SRR1782787	88
KIAA0391	SRR1782788	78.29631228882873
KIAA0391	SRR1782789	30.521305275037143
KIAA0391	SRR1782790	53.30095802650461
KIAA0391	SRR1782791	62.373021491717616
KIAA0391	SRR1782792	34.23533491070064
KIAA0391	SRR1782793	44.61316171393938
KIAA0391	SRR1782794	58.40142409578299
KIAA0391	SRR1782795	15.321797746162536
KIAA0391	SRR1782796	12.960930636979288
KIAA0391	SRR1782797	30.771130181283638
KIAA0391	SRR1782798	23.45295438063375
KIAA0391	SRR1782799	79.1280111147356
KIAA0391	SRR1782800	78.14044677038895
KIAA0391	SRR1782801	61.3430127368243
KIAA0391	SRR1782802	85.63449790149764
KIAA0391	SRR1782803	54.20034323339103
KIAA0391	SRR1782804	66.18165470422748
KIAA0391	SRR1782805	88.15845276659266
KIAA0391	SRR1782806	76.20665951660467
KIAA0391	SRR1782807	21.74968888418306
KIAA0391	SRR1782808	21.563367437399087
KIAA0391	SRR1782809	35.481345517095974
KIAA0391	SRR1782810	35.59268861411513
KIAA0391	SRR1782811	57.17964726771181
KIAA0391	SRR1782812	49.62953106956171
KIAA0391	SRR1782813	66.41689498172437
KIAA0391	SRR1782814	23.303048443508896
KIAA0391	SRR1782815	15.937437613058432
KIAA0391	SRR1782816	79.04264734470136
KIAA0391	SRR1782817	75.26931499902739
KIAA0391	SRR1782818	49.689408081591864
KIAA0391	SRR1782819	26.729731854445536
KIAA0391	SRR1782820	32.11791610261405
KIAA0391	SRR1782821	55.15030219168955
KIAA0391	SRR1782822	40.32127980114116
KIAA0391	SRR1782823	57.220992590090674
KIAA0391	SRR1782824	54.31102570742649
KIAA0391	SRR1782825	58.339226474165976
KIAA0391	SRR1782826	48.33369054330243
KIAA0391	SRR1782827	28.37984614373782
KIAA0391	SRR1782828	118
KIAA0391	SRR1782829	65
KIAA0391	SRR1782830	14.552897415440798
KIAA0391	SRR1782831	7.5174359578595595
KIAA0391	SRR1782832	18.59253190577463
KIAA0391	SRR1782833	35.81664856080928
KIAA0391	SRR1782834	46.008276054628006
KIAA0391	SRR1782835	6.693694595466768
KIAA0391	SRR1782836	92.94712912950594
KIAA0391	SRR1782837	20.562669413136657
KIAA0391	SRR1782838	38.50926679101106
KIAA0391	SRR1782839	26.37030461367305
KIAA0391	SRR1782840	30.257579580371655
KIAA0391	SRR1782841	30.458048404741188
KIAA0391	SRR1782842	72
KIAA0391	SRR1782843	37.92090448400011
KIAA0391	SRR1782844	77.0219582682237
KIAA0391	SRR1782845	30.57580327320641
KIAA0391	SRR1782846	46.25763425444387
KIAA0391	SRR1782847	11.107578613255454
KIAA0391	SRR1782848	13.57358667188483
KIAA0391	SRR1782849	9.926254135676725
KIAA0391	SRR1782850	5.009561669684857
KIAA0391	SRR1782851	2.5280171151217217
KIAA0391	SRR1782852	3.7930340216792726
KIAA0391	SRR1782853	5.036537826153157
KIAA0391	SRR1782854	74.24228208164917
KIAA0391	SRR1782855	62.14955369353661
KIAA0391	SRR1782856	47.25117599258937
KIAA0391	SRR1782857	44.317918357297266
KIAA0391	SRR1782858	99.10691713293122
KIAA0391	SRR1782859	71.1150479638763
KIAA0391	SRR1782860	64.14506079997479
KIAA0391	SRR1782861	72.13473405614654
KIAA0391	SRR1782862	58.273703049508
KIAA0391	SRR1782863	48.12757926911556
KIAA0391	SRR1782864	45.59474227897113
KIAA0391	SRR1782865	60.256956128669216
KIAA0391	SRR1782866	44.15529846804453
KIAA0391	SRR1782867	37.63101668159797
KIAA0391	SRR1782868	46.1686268918777
KIAA0391	SRR1782869	63.22130019185435
KIAA0391	SRR1782870	78.19538646247274
KIAA0391	SRR1782871	47.25291130104818
KIAA0391	SRR1782872	62.172310294850924
KIAA0391	SRR1782873	57.26627416292382
KIAA0391	SRR1782874	46.29911198985494
KIAA0391	SRR1782875	74.38378996964151
KIAA0391	SRR1782876	93.370392044172
KIAA0391	SRR1782877	57.19516293602585
KIAA0391	SRR1782878	49.3947707269873
KIAA0391	SRR1782879	28.414580971933713
KIAA0391	SRR1782880	70.2966823312861
KIAA0391	SRR1782881	58.242261558307185
KIAA0391	SRR1782882	67.23647721270417
KIAA0391	SRR1782883	72.13184815013557
KIAA0391	SRR1782884	91.06550645576509
KIAA0391	SRR1782885	62
KIAA0391	SRR1782886	44.24514446911548
KIAA0391	SRR1782887	79.07350887255129
KIAA0391	SRR1782888	57.187228571968674
KIAA0391	SRR1782889	43.18737633293823
KIAA0391	SRR1782890	65.10046472977541
KIAA0391	SRR1782891	63.045350623221985
KIAA0391	SRR1782892	90.1672757835125
KIAA0391	SRR1782893	60.23527981080785
KIAA0391	SRR1782894	40.46372464665467
KIAA0391	SRR1782895	66.24486395192237
KIAA0391	SRR1782896	59.12750539659505
KIAA0391	SRR1782897	78.21899579468219
KIAA0391	SRR1782898	49.111062174980695
KIAA0391	SRR1782899	63.23896031022001
KIAA0391	SRR1782900	95.10259724877238
KIAA0391	SRR1782901	89.08946535950376
KIAA0391	SRR1782902	77
KIAA0391	SRR1782903	44.112305321860084
KIAA0391	SRR1782904	88
KIAA0391	SRR1782905	58.12278129251737
KIAA0391	SRR1782906	50.32110998805785
KIAA0391	SRR1782907	56.27483718772676
KIAA0391	SRR1782908	51.15777417980339
KIAA0391	SRR1782909	58.20036595722929
KIAA0391	SRR1782910	92
KIAA0391	SRR1782911	48.33795330457015
KIAA0391	SRR1782912	107.74776563021604
KIAA0391	SRR1782913	84
KIAA0391	SRR1782914	83.23303398664899
KIAA0391	SRR1782915	91
KIAA0391	SRR1782916	37.40217428307136
KIAA0391	SRR1782917	59.19111945786921
KIAA0391	SRR1782918	94.10151727773267
KIAA0391	SRR1782919	67
KIAA0391	SRR1782920	70.07559797277965
KIAA0391	SRR1782921	65.13560855204818
KIAA0391	SRR1782922	8.308028119115871
KIAA0391	SRR1782923	65.36652835680329
KIAA0391	SRR1782924	56.29043565270169
KIAA0391	SRR1782925	75.26646380698172
KIAA0391	SRR1782926	56.416314044665064
KIAA0391	SRR1782927	66.19226941908022
KIAA0391	SRR1782928	59.4305452009711
KIAA0391	SRR1782929	58.508763444284746
KIAA0391	SRR1782930	51.14997050371663
KIAA0391	SRR1782931	59.161233260176054
KIAA0391	SRR1782932	47.17631474179056
KIAA0391	SRR1782933	14.915595951882691
KIAA0391	SRR1782934	50.2970342906054
KIAA0391	SRR1782935	60.273130148870315
KIAA0391	SRR1782936	36.935000996357054
KIAA0391	SRR1782937	52.41413337229281
KIAA0391	SRR1782938	2.516200075801242
KIAA0391	SRR1782939	69.33058537576008
KIAA0391	SRR1782940	68.18169405080089
KIAA0391	SRR1782941	35.27740726166071
KIAA0391	SRR1782942	63.25369986644812
KIAA0391	SRR1782943	73.34448832093248
KIAA0391	SRR1782944	81.10676354563539
KIAA0391	SRR1782945	50.26905457558317
KIAA0391	SRR1782946	61.131827613428776
KIAA0391	SRR1782947	78.16725712834851
KIAA0391	SRR1782948	82
KIAA0391	SRR1782949	103.2597399354745
KIAA0391	SRR1782950	71
KIAA0391	SRR1782951	76.25557730118665
KIAA0391	SRR1782952	92.91002631131175
KIAA0391	SRR1782953	57.10864361101795
KIAA0391	SRR1782954	6.758499203199313
KIAA0391	SRR1782955	32.06187781878789
KIAA0391	SRR1782956	70.0546037627651
KIAA0391	SRR1782957	33.652935358215764
KIAA0391	SRR1782958	73.40500970399225
KIAA0391	SRR1782959	12.703098474085067
KIAA0391	SRR1782960	135
KIAA0391	SRR1782961	56.20473438096652
KIAA0391	SRR1782962	76.56497520676344
KIAA0391	SRR1782963	85.59325085766577
KIAA0391	SRR1782964	74.0309170213603
KIAA0391	SRR1782965	59.18595068061398
KIAA0391	SRR1782966	133
KIAA0391	SRR1782967	58.239693407262614
KIAA0391	SRR1782968	102.11015704605035
KIAA0391	SRR1782969	48.59696678872481
KIAA0391	SRR1782970	17.218063794366355
KIAA0391	SRR1782971	28.47965247523716
KIAA0391	SRR1782972	64.36667424744229
KIAA0391	SRR1782973	30.50063376113632
KIAA0391	SRR1782974	135
KIAA0391	SRR1782975	30.16382224843785
KIAA0391	SRR1782976	41.40787962299393
KIAA0391	SRR1782977	90.03238747480962
KIAA0391	SRR1782978	37.6279429943896
KIAA0391	SRR1782979	56.478005951079126
KIAA0391	SRR1782980	77.13735409382802
KIAA0391	SRR1782981	73.91281518710421
KIAA0391	SRR1782982	48.281547869850655
KIAA0391	SRR1782983	76.07639738564366
KIAA0391	SRR1782984	61.0219515107043
KIAA0391	SRR1782985	76.5219365903431
KIAA0391	SRR1782986	59.18071393743295
KIAA0391	SRR1782987	79.10196433118148
KIAA0391	SRR1782988	114
KIAA0391	SRR1782989	26.091000526870854
KIAA0391	SRR1782990	42.586976828092425
KIAA0391	SRR1782991	73.30715631471554
KIAA0391	SRR1782992	91.22266762879707
KIAA0391	SRR1782993	35.75072188940406
KIAA0391	SRR1782994	110
KIAA0391	SRR1782995	51.43305884419792
KIAA0391	SRR1782996	102
KIAA0391	SRR1782997	53.239637448105015
KIAA0391	SRR1782998	64.23744383216714
KIAA0391	SRR1782999	49.06027132893725
KIAA0391	SRR1783000	89.352311216888765
KIAA0391	SRR1783001	41.69408461190215
KIAA0391	SRR1783002	10.573070730118106
KIAA0391	SRR1783003	82
KIAA0391	SRR1783004	68.31477883757299
KIAA0391	SRR1783005	33.537630588185294
KIAA0391	SRR1783006	35.85230853584585
KIAA0391	SRR1813867	24.1748092262227
KIAA0391	SRR1813868	36.720614061306634
KIAA0391	SRR1813869	48.5081375082112
KIAA0391	SRR1813870	99.60782091950617
KIAA0391	SRR1813871	111.19650731065205
KIAA0391	SRR1813872	114.10199817704117
KIAA0391	SRR1813873	86.83894631532452
KIAA0391	SRR1813874	34.370729077027775
KIAA0391	SRR1813875	86
KIAA0391	SRR1813876	109.5880212615129
KIAA0391	SRR1813877	120.12929021823751
KIAA0391	SRR1813878	92.06622630692735
KIAA0391	SRR1813879	122
KIAA0391	SRR1813880	62
KIAA0391	SRR1813881	41.87176223843738
KIAA0391	SRR1813882	109.33363704949777
KIAA0391	SRR1813883	76.06711786264286
KIAA0391	SRR1813884	36.49348902078969
KIAA0391	SRR1813885	120
KIAA0391	SRR1813886	137.17263090148896
KIAA0391	SRR1813887	48.53609089761433
KIAA0391	SRR1928188	189.53705310365302
KIAA0391	SRR1928189	185.34271723692683
KIAA0391	SRR1928190	153.33133672298334
KIAA0391	SRR1928191	177.9793750240704
KIAA0391	SRR1928192	198.51018213143453
KIAA0391	SRR1928193	223.34734699624724
KIAA0391	SRR2046996	207.75904887257724
KIAA0391	SRR2046997	168.835172411199
KIAA0391	SRR2046998	116.28160420784687
KIAA0391	SRR2046999	180.36066975254866
KIAA0391	SRR2047000	216.25780554847978
KIAA0391	SRR2047001	177.63739177928144
KIAA0391	SRR2047002	112.05125891111437
KIAA0391	SRR2047003	88.02256394820628
KIAA0391	SRR2047004	194.510321311235
KIAA0391	SRR2047005	193.54293411139662
KIAA0391	SRR2047006	101.50270823281453
KIAA0391	SRR2047007	47.19973603158234
KIAA0391	SRR2047008	198.4333455441691
KIAA0391	SRR2047009	99.79998998257287
KIAA0391	SRR2313973	52.67546226673771
KIAA0391	SRR2313974	49.37362214949774
KIAA0391	SRR2313975	56.584889249552624
KIAA0391	SRR2313976	67.99918846371612
KIAA0391	SRR2313977	85.74474884627254
KIAA0391	SRR2313978	54.438203036163394
KIAA0391	SRR2313979	42.441823283720055
KIAA0391	SRR2313980	119.70127728784499
KIAA0391	SRR2313981	92.33123122280102
KIAA0391	SRR2313982	50.66849522763379
KIAA0391	SRR2313983	55.939659488505676
KIAA0391	SRR2313984	127.69507128694343
KIAA0391	SRR2313985	51.997359710529125
KIAA0391	SRR2313986	56.350283806582425
KIAA0391	SRR2313987	99.33418091449325
KIAA0391	SRR2313988	77.70393120705006
KIAA0391	SRR2313989	63.68088977505216
KIAA0391	SRR2313990	47.74331383751877
KIAA0391	SRR2313991	59.99424097567236
KIAA0391	SRR2313992	47.722534563997584
KIAA0391	SRR2313993	87.91401623302129
KIAA0391	SRR2313994	48.0414839843539
KIAA0391	SRR2313995	84.35973858013689
KIAA0391	SRR2313996	83.3766778509996
KIAA0391	SRR2313997	69.84737606551796
KIAA0391	SRR2313998	60.46610866520785
KIAA0391	SRR2313999	53.499760713444836
KIAA0391	SRR2314000	44.38399183071195
KIAA0391	SRR2314001	55.77646110814003
KIAA0391	SRR2314002	70.76251602391923
KIAA0391	SRR2314003	48.03563508356607
KIAA0391	SRR2314004	74.59209784145422
KIAA0391	SRR2314005	95.90933456262178
KIAA0391	SRR2314006	46.884847082590355
KIAA0391	SRR2314007	112.67877739696175
KIAA0391	SRR2314008	140.18452958504884
KIAA0391	SRR2314009	83.68829874847361
KIAA0391	SRR2314010	78.51764159760774
KIAA0391	SRR2314011	60.431482819402056
KIAA0391	SRR2314012	58.429947742793196
KIAA0391	SRR2314013	57.68437059014152
KIAA0391	SRR2314014	41.47773550430525
KIAA0391	SRR2314015	75.58704212037654
KIAA0391	SRR2314016	89.29074047048657
KIAA0391	SRR2314017	50.99202573370318
KIAA0391	SRR2314018	40.47536249570619
KIAA0391	SRR2314019	91.30754959649977
KIAA0391	SRR2314020	74.2195355293479
KIAA0391	SRR2314021	81.41152674639257
KIAA0391	SRR2314022	53.65375529056439
KIAA0391	SRR2314023	59.58587821991257
KIAA0391	SRR2314024	58.77160639047334
KIAA0391	SRR2314025	92.46013141231509
KIAA0391	SRR2314026	51.137227919961305
KIAA0391	SRR2314027	72.54585943539568
KIAA0391	SRR2314028	78.22483618993091
KIAA0391	SRR2314029	89.20838562012403
KIAA0391	SRR2314030	87.41561703634154
KIAA0391	SRR2314031	38.67129918101003
KIAA0391	SRR2314032	50.89088730749434
KIAA0391	SRR2314033	35.863419750309724
KIAA0391	SRR2314034	56.63879812679541
KIAA0391	SRR2314035	20.947683344222288
KIAA0391	SRR2314036	55.96419708486936
KIAA0391	SRR2314037	48.66805618368448
KIAA0391	SRR2314038	78.45271867192915
KIAA0391	SRR2314039	65.731019185026
KIAA0391	SRR2314040	27.030017951295413
KIAA0391	SRR2314041	72.55029490529316
KIAA0391	SRR2314042	80.32655150916196
KIAA0391	SRR2314043	46.42507615443877
KIAA0391	SRR2314044	67.2851398211607
KIAA0391	SRR2314045	84.6396962136371
KIAA0391	SRR3493774	82
KIAA0391	SRR3493775	108
KIAA0391	SRR3493776	119.81270948472995
KIAA0391	SRR3493777	108.07774392552341
KIAA0391	SRR3493778	102
KIAA0391	SRR3493779	98.35025753176791
KIAA0391	SRR3493780	35.69641629233015
KIAA0391	SRR3493781	90
KIAA0391	SRR3493782	58.49502710036256
KIAA0391	SRR3493783	112.30844967694955
KIAA0391	SRR3493784	46.957253465629194
KIAA0391	SRR3493785	87.07829085671462
KIAA0391	SRR3493786	39.54766638358817
KIAA0391	SRR3493787	128
KIAA0391	SRR3493788	87
KIAA0391	SRR3493789	43.78599270343216
KIAA0391	SRR3493790	81
KIAA0391	SRR3493791	90.13237507625489
KIAA0391	SRR3493792	101.07270496738762
KIAA0391	SRR3493793	84.82483322085565
KIAA0391	SRR3493794	104.32575784611315
KIAA0391	SRR3493795	91.33834491191728
KIAA0391	SRR3493796	70.58690505045666
KIAA0391	SRR3493797	98
KIAA0391	SRR3493798	69.7720242998922
KIAA0391	SRR3493799	98
KIAA0391	SRR3493800	67.48592856912298
KIAA0391	SRR3493801	73.67263432549436
KIAA0391	SRR3493802	64
KIAA0391	SRR3493803	92
KIAA0391	SRR3493804	81.05830794414256
KIAA0391	SRR3493805	114.27353877973299
KIAA0391	SRR3493806	92
KIAA0391	SRR3493807	68
KIAA0391	SRR3493808	78.16273026245783
KIAA0391	SRR3493809	90.30416993060416
KIAA0391	SRR3493810	84
KIAA0391	SRR3493811	129
KIAA0391	SRR3493812	73.05254913484453
KIAA0391	SRR3493813	85.16201240239519
KIAA0391	SRR3493814	101
KIAA0391	SRR3493815	95.99971846265892
KIAA0391	SRR3493816	120
KIAA0391	SRR3493817	87.25344605242393
KIAA0391	SRR3493818	84.30136100108271
KIAA0391	SRR3493819	126
KIAA0391	SRR3493820	37.02816025249398
KIAA0391	SRR3493821	114.32251928549417
KIAA0391	SRR3493822	109
KIAA0391	SRR3493823	104.84298574675383
KIAA0391	SRR3493824	79.65623287660249
KIAA0391	SRR3493825	108.14235139418052
KIAA0391	SRR3493826	99.07126526506312
KIAA0391	SRR3493827	89
KIAA0391	SRR3493828	96
KIAA0391	SRR3493829	92.22075059417048
KIAA0391	SRR3493830	85.11006439358184
KIAA0391	SRR3493831	67.30477833412431
KIAA0391	SRR3493832	136.02446833542194
KIAA0391	SRR3493833	132.93644511120922
KIAA0391	SRR3493834	132
KIAA0391	SRR3493835	56.29504673064183
KIAA0391	SRR3493836	101
KIAA0391	SRR3493837	72.05600223116312
KIAA0391	SRR3493838	86
KIAA0391	SRR3493839	89.74230173378106
KIAA0391	SRR3493840	37.72461620780816
KIAA0391	SRR3493841	136.29807720093987
KIAA0391	SRR3493846	42.95936239904276
KIAA0391	SRR3493847	34.211133189337026
KIAA0391	SRR3493848	73.0262698406789
KIAA0391	SRR3493849	83.11122232459896
KIAA0391	SRR3493850	133
KIAA0391	SRR3714631	127
KIAA0391	SRR3714632	167.93906765655177
KIAA0391	SRR3714633	114.31136538410354
KIAA0391	SRR3714634	121.80721649427802
KIAA0391	SRR3714635	125
KIAA0391	SRR3714636	131
KIAA0391	SRR3714637	208
KIAA0391	SRR3714638	267
KIAA0391	SRR3714639	109.63244289473356
KIAA0391	SRR3714640	179.8152567089335
KIAA0391	SRR3714641	112.70470328419346
KIAA0391	SRR3714642	163.27539484033463
KIAA0391	SRR3714643	121.07738753121865
KIAA0391	SRR3714644	266.4187931096917
KIAA0391	SRR3714645	127.83204362947575
KIAA0391	SRR3714646	136.04894107304565
KIAA0391	SRR3714648	113.33481638341965
KIAA0391	SRR3714649	221.09974701901893
KIAA0391	SRR3714650	367.5134664199538
KIAA0391	SRR3714651	177.40999328317173
KIAA0391	SRR3714652	126.46969173346031
KIAA0391	SRR3714653	232
KIAA0391	SRR3714654	229
KIAA0391	SRR3714655	158.11856996417373
KIAA0391	SRR3714656	149.515317173085
KIAA0391	SRR3714657	160.2391358974256
KIAA0391	SRR3714658	299.5234610137721
KIAA0391	SRR3714659	152.44569189627313
KIAA0391	SRR3714660	251
KIAA0391	SRR3714661	157
KIAA0391	SRR3714662	39.429685424207435
KIAA0391	SRR3714663	156.11706907855128
KIAA0391	SRR3714664	187.60067549964097
KIAA0391	SRR3714665	173
KIAA0391	SRR3714666	191
KIAA0391	SRR3714667	183.66744867564174
KIAA0391	SRR3714668	167
KIAA0391	SRR3714669	124.93559842347406
KIAA0391	SRR3714670	140.87344831441408
KIAA0391	SRR3714671	139.1751510606348
KIAA0391	SRR3714672	113.31036850718759
KIAA0391	SRR3714673	233.87854765875747
KIAA0391	SRR3714674	143.05442047316188
KIAA0391	SRR3714675	155.30229916584304
KIAA0391	SRR3714676	299
KIAA0391	SRR3714677	105.24906553156384
KIAA0391	SRR3714678	188.86257217828214
KIAA0391	SRR3714679	133.21551238303587
KIAA0391	SRR3714680	138.2381608879422
KIAA0391	SRR3714681	105.37381975854682
KIAA0391	SRR3714682	218.71990924584617
KIAA0391	SRR3714683	142.29625252908988
KIAA0391	SRR3714684	154.58317338837207
KIAA0391	SRR3714685	165.2898102795045
KIAA0391	SRR3714686	153.686007460882
KIAA0391	SRR3714688	150.1122374979194
KIAA0391	SRR3714689	216.55813562527382
KIAA0391	SRR3714690	173.16519312409525
KIAA0391	SRR3714691	175
KIAA0391	SRR3714692	112.01255348315229
KIAA0391	SRR3714693	150.8536343597775
KIAA0391	SRR3714694	305.66930011493616
KIAA0391	SRR3714695	232.3666102399282
KIAA0391	SRR3714696	105
KIAA0391	SRR3714697	39.35918745635212
KIAA0391	SRR3714698	111.45345988138675
KIAA0391	SRR3714699	149.07117609990763
KIAA0391	SRR3714700	267.6590904844891
KIAA0391	SRR3714701	206.29872769751498
KIAA0391	SRR3714702	159.18848022928947
KIAA0391	SRR3714703	213.22646221562837
KIAA0391	SRR3714704	203.0550318383603
KIAA0391	SRR3714705	101.74779931009952
KIAA0391	SRR3714706	44.50865812933513
KIAA0391	SRR3714707	133.09574020457976
KIAA0391	SRR3714708	65.48905185309964
KIAA0391	SRR3714709	343.31762672456637
KIAA0391	SRR3714710	200.07374630570828
KIAA0391	SRR3714711	140.29584785165585
KIAA0391	SRR3714712	205
KIAA0391	SRR3714713	181
KIAA0391	SRR3714714	153
KIAA0391	SRR3714715	99.47765063312461
KIAA0391	SRR3714716	214
KIAA0391	SRR3714717	189
KIAA0391	SRR3714718	202
KIAA0391	SRR3714719	131.78300216681004
KIAA0391	SRR3714720	132.46078104866933
KIAA0391	SRR3714721	114.8333262676472
KIAA0391	SRR3714723	127.1584310584389
KIAA0391	SRR3714724	165.48573223287707
KIAA0391	SRR3714725	105.29258712853621
KIAA0391	SRR3714726	261.8869232978979
KIAA0391	SRR3714727	151.22459502464346
KIAA0391	SRR3714728	113.93554031654847
KIAA0391	SRR3714729	54.39001325563361
KIAA0391	SRR3714730	231.6829864930885
KIAA0391	SRR3714731	87.0156525381008
KIAA0391	SRR3714732	187.6485671083029
KIAA0391	SRR3714734	196.63954353472604
KIAA0391	SRR3714735	471.018238524691
KIAA0391	SRR3714736	228.37176984082825
KIAA0391	SRR3714737	248
KIAA0391	SRR3714738	181.26290393603998
KIAA0391	SRR3714739	158.44574334493325
KIAA0391	SRR3714740	180.46302651828321
KIAA0391	SRR3714741	223.24083354185518
KIAA0391	SRR3714744	132.28213528820712
KIAA0391	SRR3714745	56.196640791226685
KIAA0391	SRR3714746	45.384739091261054
KIAA0391	SRR3714747	166.21712333854012
KIAA0391	SRR3714748	164.13900695895748
KIAA0391	SRR3714749	37.77263053420501
KIAA0391	SRR3714750	118.85920325900634
KIAA0391	SRR3714751	140.1511959455593
KIAA0391	SRR3714752	83
KIAA0391	SRR3714753	201.58128197421306
KIAA0391	SRR3714754	263
KIAA0391	SRR3714755	131.7977306727473
KIAA0391	SRR3714756	32.693765723033074
KIAA0391	SRR3714757	160.432041041344
KIAA0391	SRR3714758	222.75757292323672
KIAA0391	SRR3714759	319.6599381743646
KIAA0391	SRR3714760	164.14758276438158
KIAA0391	SRR3714761	77.02770928400379
KIAA0391	SRR3714762	195.4896330846547
KIAA0391	SRR3714764	173
KIAA0391	SRR3714765	197.76998244204268
KIAA0391	SRR3714766	191
KIAA0391	SRR3714767	131.68914247518185
KIAA0391	SRR3714768	246
KIAA0391	SRR5176628	54.374557156941165
KIAA0391	SRR5176629	50.288461425943545
KIAA0391	SRR5176630	72.16319339997163
KIAA0391	SRR5176631	40.39170806173973
KIAA0391	SRR5176632	64.18253773819589
KIAA0391	SRR5176633	62.404743116206674
KIAA0391	SRR5176634	44.712769773699186
KIAA0391	SRR5176635	53.328212069231306
KIAA0391	SRR5176636	16.420412018244132
KIAA0391	SRR5176637	18.53395232638771
KIAA0391	SRR5176638	10.104309268825935
KIAA0391	SRR5176639	89
KIAA0391	SRR5176640	21.928156779114964
KIAA0391	SRR5176641	43.63917295721891
KIAA0391	SRR5176642	78.14867020455088
KIAA0391	SRR5176643	79.13633847932923
KIAA0391	SRR5176644	81.01457305271454
KIAA0391	SRR5176645	34.28052663012362
KIAA0391	SRR5176646	28.52279901405885
KIAA0391	SRR5176647	74.43381298236523
KIAA0391	SRR5176648	55.15518229450883
KIAA0391	SRR5176649	88.59841126757216
KIAA0391	SRR5176650	26.626638852820022
KIAA0391	SRR5176651	70.09703506109076
KIAA0391	SRR5176652	47.26201124271088
KIAA0391	SRR5176653	81.21887130492043
KIAA0391	SRR5176654	85.69385650373015
KIAA0391	SRR5176655	63.079385013093464
KIAA0391	SRR5176656	19.26198523316028
KIAA0391	SRR5176657	24.84773258001755
KIAA0391	SRR5176658	103.17005434267237
KIAA0391	SRR5176659	63.13614983026251
KIAA0391	SRR5176660	106.12196645065892
KIAA0391	SRR5176661	52.288500063117766
KIAA0391	SRR5176662	146.57722873428978
KIAA0391	SRR5176663	64.41185528609108
KIAA0391	SRR5176664	82
KIAA0391	SRR5176665	58.518297306815164
KIAA0391	SRR5176666	57.220992590090674
KIAA0391	SRR5176667	19.416805787744345
KIAA0391	SRR5176668	79.34292052098073
KIAA0391	SRR5176669	48.460019824706215
KIAA0391	SRR5176670	54.35229604353294
KIAA0391	SRR5176671	77.13864617076858
KIAA0391	SRR5176672	51.28431007187776
KIAA0391	SRR5176673	53.25386633191543
KIAA0391	SRR5176674	85.19901997427577
KIAA0391	SRR5176675	95.40264030674543
KIAA0391	SRR5176676	41.75460348789226
KIAA0391	SRR5176677	71.10225565622443
KIAA0391	SRR5176678	30.670401908937404
KIAA0391	SRR5176679	49.44327675120817
KIAA0391	SRR5176680	66.18732739510617
KIAA0391	SRR5176681	89.0988410590702
KIAA0391	SRR5176682	68.676399807605
KIAA0391	SRR5176683	60.27442678848742
KIAA0391	SRR5176684	49.13023717055547
KIAA0391	SRR5176685	48.14342677240837
KIAA0391	SRR5176686	62.2701705265621
KIAA0391	SRR5176687	60.271481999052654
KIAA0391	SRR5176688	67.88985470580862
KIAA0391	SRR5176689	58.435185607998186
KIAA0391	SRR5176690	36.91945882265804
KIAA0391	SRR5176691	79.07350887255129
KIAA0391	SRR5176692	53.518594084199144
KIAA0391	SRR5176693	58.428588808752025
KIAA0391	SRR5176694	81
KIAA0391	SRR5176695	53.760839742615794
KIAA0391	SRR5176696	6.767359164315453
KIAA0391	SRR5176697	31.854947148362065
KIAA0391	SRR5176698	12.813061620088265
KIAA0391	SRR5176699	43.050630517742064
KIAA0391	SRR5176700	9.801129781813778
KIAA0391	SRR5176701	18.615716571389633
KIAA0391	SRR5176702	84
KIAA0391	SRR5176703	46.01612946165832
KIAA0391	SRR5176704	75.32761726666794
KIAA0391	SRR5176705	58.12437068518222
KIAA0391	SRR5176706	21.572625703929894
KIAA0391	SRR5176707	30.58964865495079
KIAA0391	SRR5176708	51.50398482541976
KIAA0391	SRR5176709	58.27885953372008
KIAA0391	SRR5176710	88
KIAA0391	SRR5176711	72.13723403497005
KIAA0391	SRR5176712	54.69193345648185
KIAA0391	SRR5176713	35.308716448811126
KIAA0391	SRR5176714	12.72317718491014
KIAA0391	SRR5176715	79.09954628626006
KIAA0391	SRR5176716	71.14063948414868
KIAA0391	SRR5176717	59.38697415499976
KIAA0391	SRR5176718	44.38748728464581
KIAA0391	SRR5176719	49.11472916164132
KIAA0391	SRR5176720	114
KIAA0391	SRR5176721	110
KIAA0391	SRR5176722	37.733864538689254
KIAA0391	SRR5176723	51.49017904652804
KIAA0391	SRR5176724	53.28828391100441
KIAA0391	SRR5176725	52.639410637859974
KIAA0391	SRR5176726	125
KIAA0391	SRR5176727	74.04774004684366
KIAA0391	SRR5176728	35.866249321017115
KIAA0391	SRR5176729	67.12975596362158
KIAA0391	SRR5176730	52.340185251197575
KIAA0391	SRR5176731	63.29257225933775
KIAA0391	SRR5176732	135
KIAA0391	SRR5176733	57.12919477497754
KIAA0391	SRR5176734	15.134362875476898
KIAA0391	SRR5176735	64.14985033357235
KIAA0391	SRR5176736	72.14141192874504
KIAA0391	SRR5176737	44.12864714706979
KIAA0391	SRR5176738	50.55302027252246
KIAA0391	SRR5176739	34.27009498409583
KIAA0391	SRR5176740	75.3122505697249
KIAA0391	SRR5176741	14.573776210906512
KIAA0391	SRR5176742	34.35941517025501
KIAA0391	SRR5176743	48.56872740932567
KIAA0391	SRR5176744	40.53676796000443
KIAA0391	SRR5176745	55.50448844925275
KIAA0391	SRR5176746	78.17679284996927
KIAA0391	SRR5176747	102
KIAA0391	SRR5176748	76.09576604754132
KIAA0391	SRR5176749	30.491040521445814
KIAA0391	SRR5176750	35.567876071784276
KIAA0391	SRR5176751	51.18539118270973
KIAA0391	SRR5176752	73.33129497738518
KIAA0391	SRR5176753	78.20492561562621
KIAA0391	SRR5176754	56.29463870324708
KIAA0391	SRR5176755	61.032930228187134
KIAA0391	SRR5176756	26.750223296702092
KIAA0391	SRR5176757	13.724963766427104
KIAA0391	SRR5176758	74.84015518753912
KIAA0391	SRR5176759	38.0140415369546
KIAA0391	SRR5176760	77.44722622766496
KIAA0391	SRR5176761	44.25734422178109
KIAA0391	SRR5176762	7.520679642907593
KIAA0391	SRR5176763	48.36700504452051
KIAA0391	SRR5176764	77.05542853949353
KIAA0391	SRR5176765	43.07420955203996
KIAA0391	SRR5176766	68.19300398283664
KIAA0391	SRR5176767	89.08946535950376
KIAA0391	SRR5176768	45.6838088246151
KIAA0391	SRR5176769	83.24512376153329
KIAA0391	SRR5176770	58.13580186479994
KIAA0391	SRR5176771	44.107663468868914
KIAA0391	SRR5176772	54.33868384683996
KIAA0391	SRR5176773	85.63774692909564
KIAA0391	SRR5176774	73.45212908272785
KIAA0391	SRR5176775	60.57564882603952
KIAA0391	SRR5176776	76.62896589516852
KIAA0391	SRR5176777	55.550288869759804
KIAA0391	SRR5176778	68.39166200194447
KIAA0391	SRR5176779	69.35692008107361
KIAA0391	SRR5176780	62.1909626989927
KIAA0391	SRR5176781	51.32526893684151
KIAA0391	SRR5176782	66.54283566713123
KIAA0391	SRR5176783	40.372087822172254
KIAA0391	SRR5176784	81.32840944239457
KIAA0391	SRR5176785	66.11654816883525
KIAA0391	SRR5176786	65
KIAA0391	SRR5176787	48.36848360661604
KIAA0391	SRR5176788	50.31121509774248
KIAA0391	SRR5176789	17.24043023463006
KIAA0391	SRR5176790	46.43361847393748
KIAA0391	SRR5176791	52.45721460821945
KIAA0391	SRR5176792	62
KIAA0391	SRR5176793	48.44161963709581
KIAA0391	SRR5176794	70.31553059460657
KIAA0391	SRR5176795	64.2692877279698
KIAA0391	SRR5176796	32.72467559802928
KIAA0391	SRR5176797	46.321829298738386
KIAA0391	SRR5176798	68.35872020921539
KIAA0391	SRR5176799	134
KIAA0391	SRR5176800	53.42355832603312
KIAA0391	SRR5176801	49.85459728864902
KIAA0391	SRR5176802	34.48209433969569
KIAA0391	SRR5176803	57.233811145113876
KIAA0391	SRR5176804	30.6402190333838
KIAA0391	SRR5176805	65.25179871423785
KIAA0391	SRR5176806	37.07191431346686
KIAA0391	SRR5176807	79.05686824181805
KIAA0391	SRR5176808	46.01655359823603
KIAA0391	SRR5176809	81.11665786132646
KIAA0391	SRR5176810	71
KIAA0391	SRR5176811	91
KIAA0391	SRR5176812	70.07559797277965
KIAA0391	SRR5176813	95.11260576522484
KIAA0391	SRR5176814	88
KIAA0391	SRR5176815	54.76223388080759
KIAA0391	SRR5176816	46.663300800548875
KIAA0391	SRR5176817	57.29939794687442
KIAA0391	SRR5176818	61.15569601439694
KIAA0391	SRR5176819	30.53623083845718
KIAA0391	SRR5176820	32.7149035795407
KIAA0391	SRR5176821	56.522878218915864
KIAA0391	SRR5176822	36.03131619378136
KIAA0391	SRR5176823	44.16580038913593
KIAA0391	SRR5176824	55.31096456387886
KIAA0391	SRR5176825	81.08995646949086
KIAA0391	SRR5176826	48.39872110441796
KIAA0391	SRR5176827	58.21929227897317
KIAA0391	SRR5176828	67.26569515499149
KIAA0391	SRR5176829	103.2814750135277
KIAA0391	SRR5176830	90.04858558257118
KIAA0391	SRR5176831	69.35545455780802
KIAA0391	SRR5176832	45.45483370440013
KIAA0391	SRR5176833	79.45744800209258
KIAA0391	SRR5176834	75.2940997635098
KIAA0391	SRR5176835	62.22322104145286
KIAA0391	SRR5176836	74.06659222295266
KIAA0391	SRR5176837	17.867174373311922
KIAA0391	SRR5176838	47.1486211668574
KIAA0391	SRR5176839	35.38605472663628
KIAA0391	SRR5176840	85.04588638353944
KIAA0391	SRR5176841	40.5638563003213
KIAA0391	SRR5176842	94.58903677707261
KIAA0391	SRR5176843	64.4966419575821
KIAA0391	SRR5176844	82.23888018734209
KIAA0391	SRR5176845	65.95435296793828
KIAA0391	SRR5176846	58.259487886674904
KIAA0391	SRR5176847	41.841886528090626
KIAA0391	SRR5176848	50.43075918546062
KIAA0391	SRR5176849	35.683033871037686
KIAA0391	SRR5176850	32.43909567832989
KIAA0391	SRR5176851	92.09935733565325
KIAA0391	SRR5176852	33.73491332608486
KIAA0391	SRR5176853	71.17785177994313
KIAA0391	SRR5176854	30.36064614821519
KIAA0391	SRR5176855	65.14801760542582
KIAA0391	SRR5176856	49.79240086826345
KIAA0391	SRR5176857	51.181569597008455
KIAA0391	SRR5176858	50.34521195554632
KIAA0391	SRR5176859	76.13557027442766
KIAA0391	SRR5176860	110
KIAA0391	SRR5176861	58.114888592684835
KIAA0391	SRR5176862	50.296868939991406
KIAA0391	SRR5176863	59.14779232417809
KIAA0391	SRR5176864	51.24973862387928
KIAA0391	SRR5176865	90.17154254371256
KIAA0391	SRR5176866	84
KIAA0391	SRR5176867	63.26761126481081
KIAA0391	SRR5176868	16.563901183161324
KIAA0391	SRR5176869	62.151707615224375
KIAA0391	SRR5176870	74.33458813509002
KIAA0391	SRR5176871	69.237206650612
KIAA0391	SRR5176872	33.64606388910173
KIAA0391	SRR5861974	17.225252414712752
KIAA0391	SRR5861975	30.279696813164012
KIAA0391	SRR5861976	14.563463119751093
KIAA0391	SRR5861977	72
KIAA0391	SRR5861978	57.27736868971878
KIAA0391	SRR5861979	57.54686638473755
KIAA0391	SRR5861980	94
KIAA0391	SRR5861981	30.60342773079182
KIAA0391	SRR5861982	13.574661942616153
KIAA0391	SRR5861983	67.11155960972016
KIAA0391	SRR5861984	49.404919158094856
KIAA0391	SRR5861985	33.57247808434284
KIAA0391	SRR5861986	63.12578601991258
KIAA0391	SRR5861987	46.59560196980938
KIAA0391	SRR5861988	41.7289230475328
KIAA0391	SRR5861989	54.67708083946551
KIAA0391	SRR5861990	62.188861097115186
KIAA0391	SRR5861991	102
KIAA0391	SRR5861992	114
KIAA0391	SRR5861993	64.24275333101716
KIAA0391	SRR5861994	87
KIAA0391	SRR5861995	40.35294890103076
KIAA0391	SRR5861996	73.3084057059914
KIAA0391	SRR5861997	37.95786330938979
KIAA0391	SRR5861998	73.42115368187758
KIAA0391	SRR5861999	31.83840977005867
KIAA0391	SRR5862000	77.02770928400379
KIAA0391	SRR5862001	88
KIAA0391	SRR5862002	76.08207779901791
KIAA0391	SRR5862003	103.2561613790381
KIAA0391	SRR5862004	67.37728979542308
KIAA0391	SRR5862005	55.29119767755105
KIAA0391	SRR5862006	67.25332039122763
KIAA0391	SRR5862007	51.43776333687322
KIAA0391	SRR5862008	63.25349592949384
KIAA0391	SRR5862009	65.23202793975666
KIAA0391	SRR5862010	30.497582984309258
KIAA0391	SRR5862011	34.19221765353603
KIAA0391	SRR5862012	85.59991785170935
KIAA0391	SRR5862013	45.94383483558879
KIAA0391	SRR5862014	93.45697113575798
KIAA0391	SRR5862015	88
KIAA0391	SRR5862016	79.3308174445383
KIAA0391	SRR5862017	52.431223312296716
KIAA0391	SRR5862018	93.37359472314517
KIAA0391	SRR5862019	60.48954520512154
KIAA0391	SRR5862020	50.179381548263514
KIAA0391	SRR5862021	62.376925586425024
KIAA0391	SRR5862022	68.32967243996524
KIAA0391	SRR5862023	76.57875033540263
KIAA0391	SRR5862024	55.15030219168955
KIAA0391	SRR5862025	71
KIAA0391	SRR5862026	58.45863935495368
KIAA0391	SRR5862027	74.03994814566963
KIAA0391	SRR5862028	6.76087278738606
KIAA0391	SRR5862029	33.685230053997245
KIAA0391	SRR5862030	62.1740735803884
KIAA0391	SRR5862031	48.33943097856435
KIAA0391	SRR5862032	7.516495189769272
KIAA0391	SRR5862033	66.10201034100272
KIAA0391	SRR5862034	3.7379507551230517
KIAA0391	SRR5862035	46.305165883253956
KIAA0391	SRR5862036	37.6609172388702
KIAA0391	SRR5862037	13.711729585356952
KIAA0391	SRR5862038	15.115300820360874
KIAA0391	SRR5862039	71.12253205104273
KIAA0391	SRR5862040	40.26235535932187
KIAA0391	SRR5862041	47.25931497202833
KIAA0391	SRR5862042	46.409679020401626
KIAA0391	SRR5862043	87
KIAA0391	SRR5862044	43.060437133178155
KIAA0391	SRR5862045	60.254873041831985
KIAA0391	SRR5862046	56.45285024352887
KIAA0391	SRR5862047	45.40121765976373
KIAA0391	SRR5862048	8.733595793789968
KIAA0391	SRR5862049	30.468209190519982
KIAA0391	SRR5862050	63.212918951422914
KIAA0391	SRR5862051	52.25088720123717
KIAA0391	SRR5862052	74.25563932474081
KIAA0391	SRR5862053	48.12825462409474
KIAA0391	SRR5862054	35.93646425199287
KIAA0391	SRR5862055	36.83711716651703
KIAA0391	SRR5862056	18.59432254827429
KIAA0391	SRR5862057	44.34486786911996
KIAA0391	SRR5862058	64.14702169160797
KIAA0391	SRR5862059	27.76264391531638
KIAA0391	SRR5862060	50.47301206753444
KIAA0391	SRR5862061	44.1572584836509
KIAA0391	SRR5862062	79.04264734470136
KIAA0391	SRR5862063	45.55930585149992
KIAA0391	SRR5862064	64.12394599510121
KIAA0391	SRR5862065	78.19669626181565
KIAA0391	SRR5862066	53.483316263009286
KIAA0391	SRR5862067	11.111449265568606
KIAA0391	SRR5862068	68.32507038498655
KIAA0391	SRR5862069	49.10589431242639
KIAA0391	SRR5862070	65.87866827957062
KIAA0391	SRR5862071	5.010412091594473
KIAA0391	SRR5862072	2.528297958219793
KIAA0391	SRR5862073	72.13473405614654
KIAA0391	SRR5862074	51.259518811091276
KIAA0391	SRR5862075	58.39940014344471
KIAA0391	SRR5862076	9.928825157259155
KIAA0391	SRR5862077	81.31875147870099
KIAA0391	SRR5862078	19.40194327703902
KIAA0391	SRR5862079	48.499638581248576
KIAA0391	SRR5862080	37.68987992299941
KIAA0391	SRR5862081	76.1311610687218
KIAA0391	SRR5862082	75.28617671030152
KIAA0391	SRR5862083	91
KIAA0391	SRR5862084	53.370803322459444
KIAA0391	SRR5862085	89
KIAA0391	SRR5862086	16.401468123576663
KIAA0391	SRR5862087	40.48753117963793
KIAA0391	SRR5862088	10.096102960571802
KIAA0391	SRR5862089	67.83207137993632
KIAA0391	SRR5862090	77.1328868722576
KIAA0391	SRR5862091	28.395583619744645
KIAA0391	SRR5862092	32.66824329839115
KIAA0391	SRR5862093	46.008276054628006
KIAA0391	SRR5862094	56.28031002400082
KIAA0391	SRR5862095	9.789021532580067
KIAA0391	SRR5862096	58.12712115922436
KIAA0391	SRR5862097	50.26989659936015
KIAA0391	SRR5862098	107.74291657295163
KIAA0391	SRR5862099	26.592902639917277
KIAA0391	SRR5862100	66.17542149503389
KIAA0391	SRR5862101	12.705057697271574
KIAA0391	SRR5862102	54.318401796994685
KIAA0391	SRR5862103	35.82662379037707
KIAA0391	SRR5862104	60.2503691434636
KIAA0391	SRR5862105	54.60793394237616
KIAA0391	SRR5862106	58.24839092438024
KIAA0391	SRR5862107	65
KIAA0391	SRR5862108	58.40320940649043
KIAA0391	SRR5862109	78.14044677038895
KIAA0391	SRR5862110	35.28153441450984
KIAA0391	SRR5862111	49.74307120330028
KIAA0391	SRR5862112	57.21684209785792
KIAA0391	SRR5862113	68.60209011667423
KIAA0391	SRR5862114	69.32561224855262
KIAA0391	SRR5862115	48.32860448206881
KIAA0391	SRR5862116	21.542043663981534
KIAA0391	SRR5862117	57.188370859175066
KIAA0391	SRR5862118	40.336650783198486
KIAA0391	SRR5862119	63.262086513917545
KIAA0391	SRR5862120	89.08406385645426
KIAA0391	SRR5862121	103.15149592060281
KIAA0391	SRR5862122	78.16273026245783
KIAA0391	SRR5862123	59.13553562195111
KIAA0391	SRR5862124	51.163157980449874
KIAA0391	SRR5862125	81
KIAA0391	SRR5862126	81.07289148728603
KIAA0391	SRR5862127	62.23553028086386
KIAA0391	SRR5862128	80.29680479020894
KIAA0391	SRR5862129	24.81307393187427
KIAA0391	SRR5862130	58.359964848429385
KIAA0391	SRR5862131	44.09972929998266
KIAA0391	SRR5862132	95.08549001595274
KIAA0391	SRR5862133	70.0670504055245
KIAA0391	SRR5862134	90.02566550831341
KIAA0391	SRR5862135	34.435661805933016
KIAA0391	SRR5862136	85.03058817065353
KIAA0391	SRR5862137	65.14047204709624
KIAA0391	SRR5862138	90.16054374603276
KIAA0391	SRR5862139	81.11060155790365
KIAA0391	SRR5862140	63.20819937066718
KIAA0391	SRR5862141	51.22606166826979
KIAA0391	SRR5862142	68.18374381153814
KIAA0391	SRR5862143	61.0219515107043
KIAA0391	SRR5862144	45.25980027323613
KIAA0391	SRR5862145	69.2280278821593
KIAA0391	SRR5862146	43.58525701017907
KIAA0391	SRR5862147	48.35240612671965
KIAA0391	SRR5862148	110
KIAA0391	SRR5862149	53.305265972103776
KIAA0391	SRR5862150	54.13213243906639
KIAA0391	SRR5862151	53.6620029928111
KIAA0391	SRR5862152	33.81517149574331
KIAA0391	SRR5862153	32.66402368759455
KIAA0391	SRR5862154	135
KIAA0391	SRR5862155	54.34151397023394
KIAA0391	SRR5862156	31.80144865883991
KIAA0391	SRR5862157	30.78243654233631
KIAA0391	SRR5862158	74.03994814566963
KIAA0391	SRR5862159	59.35006652843882
KIAA0391	SRR5862160	44.645440200296086
KIAA0391	SRR5862161	44.120241753351635
KIAA0391	SRR5862162	76.25349211637023
KIAA0391	SRR5862163	75.26471329780318
KIAA0391	SRR5862164	17.85276053496435
KIAA0391	SRR5862165	74.32025899060534
KIAA0391	SRR5862166	70.29978215011408
KIAA0391	SRR5862167	57.118918268719185
KIAA0391	SRR5862168	79.13043002981667
KIAA0391	SRR5862169	78.28938467045371
KIAA0391	SRR5862170	61.67874318413117
KIAA0391	SRR5862171	58.100096605077155
KIAA0391	SRR5862172	72.12646266742014
KIAA0391	SRR5862173	50.235798481906635
KIAA0391	SRR5862174	26.73904988018831
KIAA0391	SRR5862175	69.33692349569938
KIAA0391	SRR5862176	41.70986332972174
KIAA0391	SRR5862177	36.129513324949464
KIAA0391	SRR5862178	18.518574247157677
KIAA0391	SRR5862179	44.2474190232831
KIAA0391	SRR5862180	12.801154491800022
KIAA0391	SRR5862181	30.635767389655527
KIAA0391	SRR5862182	34.31998123831216
KIAA0391	SRR5862183	53.2652934155722
KIAA0391	SRR5862184	36.98782929318163
KIAA0391	SRR5862185	62
KIAA0391	SRR5862186	34.24962100642642
KIAA0391	SRR5862187	66.49966659074107
KIAA0391	SRR5862188	35.335858768561955
KIAA0391	SRR5862189	51.42693596989883
KIAA0391	SRR5862190	71.09694704458221
KIAA0391	SRR5862191	40.47996471077221
KIAA0391	SRR5862192	30.31157514171828
KIAA0391	SRR5862193	58.20808259598568
KIAA0391	SRR5862194	77.40929481018347
KIAA0391	SRR5862195	88.55854115858747
KIAA0391	SRR5862196	84
KIAA0391	SRR5862197	82
KIAA0391	SRR5862198	11.010895492315216
KIAA0391	SRR5862199	49.12139953173092
KIAA0391	SRR5862200	61.13369639159803
KIAA0391	SRR5862201	92.85016237925753
KIAA0391	SRR5862202	42.9197641521535
KIAA0391	SRR5862203	46.54618069237311
KIAA0391	SRR5862204	77
KIAA0391	SRR5862205	84
KIAA0391	SRR5862206	30.543528280251852
KIAA0391	SRR5862207	47.25017476403432
KIAA0391	SRR5862208	28.54560485410309
KIAA0391	SRR5862209	52.587349079946414
KIAA0391	SRR5862210	97
KIAA0391	SRR5862211	16.525066104961216
KIAA0391	SRR5862212	48.42628719032434
KIAA0391	SRR5862213	73.34325979636303
KIAA0391	SRR5862214	78.21554678376845
KIAA0391	SRR5862215	62.14706726625674
KIAA0391	SRR5862216	69.25226200511946
KIAA0391	SRR5862217	50.32506982957415
KIAA0391	SRR5862218	63.061905283786736
KIAA0391	SRR5862219	47.07414516999707
KIAA0391	SRR5862220	51.22919364101455
KIAA0391	SRR5862221	110
KIAA0391	SRR5862222	51.16612114145952
KIAA0391	SRR5862223	21.910031676314667
KIAA0391	SRR5862224	48.38079797529901
KIAA0391	SRR5862225	83.22254136710092
KIAA0391	SRR5862226	79.08531771213703
KIAA0391	SRR5862227	134
KIAA0391	SRR5862228	55.498928375746594
KIAA0391	SRR5862229	61.3605060657506
KIAA0391	SRR5862230	50.2651393441689
KIAA0391	SRR5862231	72.15021254996107
KIAA0391	SRR5862232	35.52969152993044
KIAA0391	SRR5862233	66.18238574011176
KIAA0391	SRR5862234	52.30665097319361
KIAA0391	SRR5862235	92.08279033123846
KIAA0391	SRR5862236	85.1822673834567
KIAA0391	SRR5862237	36.08554172354771
KIAA0391	SRR5862238	89.08009064652416
KIAA0391	SRR5862239	85.65594990487013
KIAA0391	SRR5862240	82.2240869039735
KIAA0391	SRR5862241	69.4275787286395
KIAA0391	SRR5862242	64.44492072440323
KIAA0391	SRR5862243	94.52857700428663
KIAA0391	SRR5862244	49.7094812574609
KIAA0391	SRR5862245	35.6396748523991
KIAA0391	SRR5862246	88.16773048718561
KIAA0391	SRR5862247	51.287973970267004
KIAA0391	SRR5862248	79.05686824181805
KIAA0391	SRR5862249	57.864532468858314
KIAA0391	SRR5862250	12.1270343770528
KIAA0391	SRR5862251	35.361616668141444
KIAA0391	SRR5862252	64.16335319543285
KIAA0391	SRR5862253	50.38913944239043
KIAA0391	SRR5862254	60.429635506995076
KIAA0391	SRR5862255	55.44216508569231
KIAA0391	SRR5862256	70.06945104061792
KIAA0391	SRR5862257	30.412793396602563
KIAA0391	SRR5862258	81.20674388796971
KIAA0391	SRR5862259	45.61729184583099
KIAA0391	SRR5862260	10.647831768924886
KIAA0391	SRR5862261	39.65007652343286
KIAA0391	SRR5862262	47.469604770142524
KIAA0391	SRR5862263	15.68258110131543
KIAA0391	SRR5862264	64.37342928702448
KIAA0391	SRR5862265	73.09198580882259
KIAA0391	SRR5862266	74.40579048193223
KIAA0391	SRR5862267	12.662914537361889
KIAA0391	SRR5862268	68.3382873806409
KIAA0391	SRR5862269	95.37513437021319
KIAA0391	SRR5862270	71.16092682497202
KIAA0391	SRR5862271	54.32223556966006
KIAA0391	SRR5862272	52.58620696387834
KIAA0391	SRR5862273	67.23145722645452
KIAA0391	SRR5862274	58.266595034586516
KIAA0391	SRR5862275	73.9484551348144
KIAA0391	SRR5862276	28.487106214935302
KIAA0391	SRR5862277	32.40595508545489
KIAA0391	SRR5949109	1.1498283651018633
KIAA0391	SRR5949110	1.148171272003916
KIAA0391	SRR5949111	1.1498283651018633
KIAA0391	SRR5949112	1.1499000124654937
KIAA0391	SRR5949113	1.1493287860193127
KIAA0391	SRR5949114	1.1499000124654937
KIAA0391	SRR5949115	1.1498283651018633
KIAA0391	SRR5949116	1.149801355279094
KIAA0391	SRR5949117	1.1499000124654937
KIAA0391	SRR5949118	1.149757132515299
KIAA0391	SRR5949119	1.1498700492655702
KIAA0391	SRR5949120	1.149752993629983
KIAA0391	SRR5949121	1.149727479151349
KIAA0391	SRR5949122	1.149659680044542
KIAA0391	SRR5949123	1.1495224477062624
KIAA0391	SRR5949124	1.1489713533334538
KIAA0391	SRR5949125	1.1493657120956842
KIAA0391	SRR5949126	1.1496653216499102
KIAA0391	SRR5949127	1.149752993629983
KIAA0391	SRR5949128	1.149752993629983
KIAA0391	SRR5949129	1.1498758641415114
KIAA0391	SRR5949130	1.1498041981068907
KIAA0391	SRR5949131	1.1496516232140812
KIAA0391	SRR5949132	1.1498283651018633
KIAA0391	SRR5949133	1.1496993836519698
KIAA0391	SRR5949134	1.1499000124654937
KIAA0391	SRR5949135	1.149801355279094
KIAA0391	SRR5949136	1.1498700492655702
KIAA0391	SRR5949137	1.1489979896611313
KIAA0391	SRR5949138	1.1496058907069004
KIAA0391	SRR5949139	1.1496653216499102
KIAA0391	SRR5949140	1.1498283651018633
KIAA0391	SRR5949141	1.1498758641415114
KIAA0391	SRR5949142	1.1498041981068907
KIAA0391	SRR5949143	1.1499000124654937
KIAA0391	SRR5949144	1.149757132515299
KIAA0391	SRR5949145	1.1497815594090803
KIAA0391	SRR5949146	1.149752993629983
KIAA0391	SRR5949147	1.149752993629983
KIAA0391	SRR5949148	1.1489471817569916
KIAA0391	SRR5949149	1.149757132515299
KIAA0391	SRR5949150	1.1498758641415114
KIAA0391	SRR5949151	1.1494823274298185
KIAA0391	SRR5949152	1.1476551316063306
KIAA0391	SRR5949153	1.149659680044542
KIAA0391	SRR5949154	1.1487635500794011
KIAA0391	SRR5949155	1.1497815594090803
KIAA0391	SRR5949156	1.1498758641415114
KIAA0391	SRR5949157	1.1498700492655702
KIAA0391	SRR5949158	1.1499000124654937
KIAA0391	SRR5949159	1.1489204896371397
KIAA0391	SRR5949160	1.1498283651018633
KIAA0391	SRR5949161	1.1498283651018633
KIAA0391	SRR5949162	1.1498283651018633
KIAA0391	SRR5949163	1.1498758641415114
KIAA0391	SRR5949164	1.1499000124654937
KIAA0391	SRR5949165	1.149801355279094
KIAA0391	SRR5949166	1.1498758641415114
KIAA0391	SRR5949167	1.149757132515299
KIAA0391	SRR5949168	1.1497815594090803
KIAA0391	SRR5949169	1.1447151303318799
KIAA0391	SRR5949170	1.1499000124654937
KIAA0391	SRR5949171	1.1496516232140812
KIAA0391	SRR5949172	1.1496058907069004
KIAA0391	SRR5949173	1.1498283651018633
KIAA0391	SRR5949174	1.1497815594090803
KIAA0391	SRR5949175	1.1499000124654937
KIAA0391	SRR5949176	1.149727479151349
KIAA0391	SRR5949177	1.1489132956948793
KIAA0391	SRR5949178	1.1496653216499102
KIAA0391	SRR5949179	1.1497815594090803
KIAA0391	SRR5949180	1.1499000124654937
KIAA0391	SRR5949181	1.1498700492655702
KIAA0391	SRR5949182	1.149727479151349
KIAA0391	SRR5949183	1.1498758641415114
KIAA0391	SRR5949184	1.149801355279094
KIAA0391	SRR5949185	1.1495611354981103
KIAA0391	SRR5949186	1.1492630102128836
KIAA0391	SRR5949187	1.1498041981068907
KIAA0391	SRR5949188	1.149801355279094
KIAA0391	SRR5949189	1.149752993629983
KIAA0391	SRR5949190	1.149757132515299
KIAA0391	SRR5949191	1.1496058907069004
KIAA0391	SRR5949192	1.1498700492655702
KIAA0391	SRR5949193	1.1498758641415114
KIAA0391	SRR5949194	1.1498283651018633
KIAA0391	SRR5949195	1.149801355279094
KIAA0391	SRR5949196	1.149639556483191
KIAA0391	SRR5949197	1.1494508753827517
KIAA0391	SRR5949198	1.1489684643066176
KIAA0391	SRR5949199	1.1496653216499102
KIAA0391	SRR5949200	1.1498758641415114
KIAA0391	SRR5949201	1.1497815594090803
KIAA0391	SRR5949202	1.1498041981068907
KIAA0391	SRR5949203	1.1498700492655702
KIAA0391	SRR5949204	1.1499000124654937
KIAA0391	SRR5949205	1.1499000124654937
KIAA0391	SRR5949206	1.149801355279094
KIAA0391	SRR5949207	1.1498283651018633
KIAA0391	SRR5949208	1.149757132515299
KIAA0391	SRR5949209	1.1498283651018633
KIAA0391	SRR5949210	1.1497815594090803
KIAA0391	SRR5949211	1.1494508753827517
KIAA0391	SRR5949212	1.149757132515299
KIAA0391	SRR5949213	1.1496993836519698
KIAA0391	SRR5949214	1.1495224477062624
KIAA0391	SRR5949215	1.149752993629983
KIAA0391	SRR5949216	1.1498041981068907
KIAA0391	SRR5949217	1.1498041981068907
KIAA0391	SRR5949218	1.1496993836519698
KIAA0391	SRR5949219	1.149727479151349
KIAA0391	SRR5949220	1.1495611354981103
KIAA0391	SRR5949221	1.149515806070026
KIAA0391	SRR5949222	1.149752993629983
KIAA0391	SRR5949223	1.1489094288850477
KIAA0391	SRR5949224	1.1497815594090803
KIAA0391	SRR5949225	1.1498700492655702
KIAA0391	SRR5949226	1.1495611354981103
KIAA0391	SRR5949227	1.1498700492655702
KIAA0391	SRR5949228	1.1496058907069004
KIAA0391	SRR5949229	1.149639556483191
KIAA0391	SRR5949230	1.1498700492655702
KIAA0391	SRR5949231	1.1494707522857042
KIAA0391	SRR5949232	1.1487635500794011
KIAA0391	SRR5949233	1.1489229708372037
KIAA0391	SRR5949234	1.149752993629983
KIAA0391	SRR5949235	1.1496058907069004
KIAA0391	SRR5949236	1.1478430081697302
KIAA0391	SRR5949237	1.1494610034998385
KIAA0391	SRR5949238	1.1492438683694057
KIAA0391	SRR5949239	1.147930185304594
KIAA0391	SRR5949240	1.1498758641415114
KIAA0391	SRR5949241	1.149757132515299
KIAA0391	SRR5949242	1.1497815594090803
KIAA0391	SRR5949243	1.1496516232140812
KIAA0391	SRR5949244	1.1496653216499102
KIAA0391	SRR5949245	1.1496653216499102
KIAA0391	SRR5949246	1.149801355279094
KIAA0391	SRR5949247	1.149752993629983
KIAA0391	SRR5949248	1.149801355279094
KIAA0391	SRR5949249	1.1497815594090803
KIAA0391	SRR5949250	1.1499000124654937
KIAA0391	SRR5949251	1.1496058907069004
KIAA0391	SRR5949252	1.1498283651018633
KIAA0391	SRR5949253	1.1494121443044876
KIAA0391	SRR5949254	1.1495510677538354
KIAA0391	SRR5949255	1.1497815594090803
KIAA0391	SRR5949256	1.149659680044542
KIAA0391	SRR5949257	1.1498758641415114
KIAA0391	SRR5949258	1.1498758641415114
KIAA0391	SRR5949259	1.149727479151349
KIAA0391	SRR5949260	1.1499000124654937
KIAA0391	SRR5949261	1.1499000124654937
KIAA0391	SRR5949262	1.149659680044542
KIAA0391	SRR5949263	1.1498041981068907
KIAA0391	SRR5949264	1.149727479151349
KIAA0391	SRR5949265	1.1498700492655702
KIAA0391	SRR5949266	1.1490859664004887
KIAA0391	SRR5949267	1.1491016556665985
KIAA0391	SRR5949268	1.1498700492655702
KIAA0391	SRR5949269	1.149752993629983
KIAA0391	SRR5949270	1.1497815594090803
KIAA0391	SRR5949271	1.1495224477062624
KIAA0391	SRR5949272	1.1499000124654937
KIAA0391	SRR5949273	1.1499000124654937
KIAA0391	SRR5949274	1.149801355279094
KIAA0391	SRR5949275	1.1495012298161975
KIAA0391	SRR5949276	1.149801355279094
KIAA0391	SRR5949277	1.1491016556665985
KIAA0391	SRR5949278	1.1498041981068907
KIAA0391	SRR5949279	1.1498041981068907
KIAA0391	SRR5949280	1.1493806150832857
KIAA0391	SRR5949281	1.149801355279094
KIAA0391	SRR5949282	1.1499000124654937
KIAA0391	SRR5949283	1.1494610034998385
KIAA0391	SRR5949284	1.1499000124654937
KIAA0391	SRR5949285	1.1485352709618715
KIAA0391	SRR5949286	1.1490061236504394
KIAA0391	SRR5949287	1.1499000124654937
KIAA0391	SRR5949288	1.1498041981068907
KIAA0391	SRR5949289	1.1496653216499102
KIAA0391	SRR5949290	1.1499000124654937
KIAA0391	SRR5949291	1.1497815594090803
KIAA0391	SRR5949292	1.149752993629983
KIAA0391	SRR5949293	1.1499000124654937
KIAA0391	SRR5949294	1.1498758641415114
KIAA0391	SRR5949295	1.1498041981068907
KIAA0391	SRR5949296	1.1498041981068907
KIAA0391	SRR5949297	1.1498283651018633
KIAA0391	SRR5949298	1.149614382860247
KIAA0391	SRR5949299	1.149757132515299
KIAA0391	SRR5949300	1.1498758641415114
KIAA0391	SRR5949301	1.1498758641415114
KIAA0391	SRR5949302	1.1496653216499102
KIAA0391	SRR5949303	1.1496516232140812
KIAA0391	SRR5949304	1.1498283651018633
KIAA0391	SRR5949305	1.1490061236504394
KIAA0391	SRR5949306	1.1498700492655702
KIAA0391	SRR5949307	1.149757132515299
KIAA0391	SRR5949308	1.149801355279094
KIAA0391	SRR5949309	1.1495565511841175
KIAA0391	SRR5949310	1.1495565511841175
KIAA0391	SRR5949311	1.1497815594090803
KIAA0391	SRR5949312	1.149461221160821
KIAA0391	SRR5949313	1.1497815594090803
KIAA0391	SRR5949314	1.1498758641415114
KIAA0391	SRR5949315	1.1497815594090803
KIAA0391	SRR5949316	1.1498041981068907
KIAA0391	SRR5949317	1.1492438683694057
KIAA0391	SRR5949318	1.1491016556665985
KIAA0391	SRR5949319	1.1498283651018633
KIAA0391	SRR5949320	1.1499000124654937
KIAA0391	SRR5949321	1.149801355279094
KIAA0391	SRR5949322	1.149614382860247
KIAA0391	SRR5949323	1.1497815594090803
KIAA0391	SRR5949324	1.1499000124654937
KIAA0391	SRR5949325	1.1498041981068907
KIAA0391	SRR5949326	1.1497815594090803
KIAA0391	SRR5949327	1.1490004023259148
KIAA0391	SRR5949328	1.1498283651018633
KIAA0391	SRR5949329	1.1498283651018633
KIAA0391	SRR5949330	1.1498041981068907
KIAA0391	SRR5949331	1.1498700492655702
KIAA0391	SRR5949332	1.1499000124654937
KIAA0391	SRR5949333	1.1496993836519698
KIAA0391	SRR5949334	1.1494508753827517
KIAA0391	SRR5949335	1.1498758641415114
KIAA0391	SRR5949336	1.149801355279094
KIAA0391	SRR5949337	1.1498700492655702
KIAA0391	SRR5949338	1.1498041981068907
KIAA0391	SRR5949339	1.1498041981068907
KIAA0391	SRR5949340	1.149614382860247
KIAA0391	SRR5949341	1.149727479151349
KIAA0391	SRR5949342	1.1498700492655702
KIAA0391	SRR5949343	1.149727479151349
KIAA0391	SRR5949344	1.1498283651018633
KIAA0391	SRR5949345	1.1498700492655702
KIAA0391	SRR5949346	1.1489824166943214
KIAA0391	SRR5949347	1.1494257243385793
KIAA0391	SRR5949348	1.1487709425734813
KIAA0391	SRR5949349	1.1498041981068907
KIAA0391	SRR5949350	1.149757132515299
KIAA0391	SRR5949351	1.1497815594090803
KIAA0391	SRR5949352	1.149801355279094
KIAA0391	SRR5949353	1.1498041981068907
KIAA0391	SRR5949354	1.1495224477062624
KIAA0391	SRR5949355	1.149727479151349
KIAA0391	SRR5949356	1.1467122388088349
KIAA0391	SRR5949357	1.149752993629983
KIAA0391	SRR5949358	1.1497815594090803
KIAA0391	SRR5949359	1.1498041981068907
KIAA0391	SRR5949360	1.149727479151349
KIAA0391	SRR5949361	1.1496653216499102
KIAA0391	SRR5949362	1.1478188840514512
KIAA0391	SRR5949363	1.1498758641415114
KIAA0391	SRR5949364	1.1496058907069004
KIAA0391	SRR5949365	1.1494121443044876
KIAA0391	SRR5949366	1.1474377159067004
KIAA0391	SRR5949367	1.1499000124654937
KIAA0391	SRR5949368	1.148804618132568
KIAA0391	SRR5949369	1.1498758641415114
KIAA0391	SRR5949370	1.1498283651018633
KIAA0391	SRR5949371	1.1495565511841175
KIAA0391	SRR5949372	1.149801355279094
KIAA0391	SRR5949373	1.1498758641415114
KIAA0391	SRR5949374	1.1496516232140812
KIAA0391	SRR5949375	1.1498758641415114
KIAA0391	SRR5949376	1.1499000124654937
KIAA0391	SRR5949377	1.1498041981068907
KIAA0391	SRR5949378	1.1499000124654937
KIAA0391	SRR5949379	1.1498041981068907
KIAA0391	SRR5949380	1.1489471817569916
KIAA0391	SRR5949381	1.1495012298161975
KIAA0391	SRR5949382	1.1498283651018633
KIAA0391	SRR5949383	1.1496993836519698
KIAA0391	SRR5949384	1.1498758641415114
KIAA0391	SRR5949385	1.149659680044542
KIAA0391	SRR5949386	1.1499000124654937
KIAA0391	SRR5949387	1.147930185304594
KIAA0391	SRR5949388	1.1495224477062624
KIAA0391	SRR5949389	1.1499000124654937
KIAA0391	SRR5949390	1.1497815594090803
KIAA0391	SRR5949391	1.1495565511841175
KIAA0391	SRR5949392	1.1499000124654937
KIAA0391	SRR5949393	1.1495565511841175
KIAA0391	SRR5949394	1.1495012298161975
KIAA0391	SRR5949395	1.1497815594090803
KIAA0391	SRR5949396	1.1489204896371397
KIAA0391	SRR5949397	1.1498758641415114
KIAA0391	SRR5949398	1.1498700492655702
KIAA0391	SRR5949399	1.1497815594090803
KIAA0391	SRR5949400	1.1442239823514004
KIAA0391	SRR5949401	1.1499000124654937
KIAA0391	SRR5949402	1.149801355279094
KIAA0391	SRR5949403	1.149757132515299
KIAA0391	SRR5949404	1.1495611354981103
KIAA0391	SRR5949405	1.1498041981068907
KIAA0391	SRR5949406	1.1498758641415114
KIAA0391	SRR5949407	1.1498041981068907
KIAA0391	SRR5949408	1.1498041981068907
KIAA0391	SRR5949409	1.149801355279094
KIAA0391	SRR5949410	1.149801355279094
KIAA0391	SRR5949411	1.1499000124654937
KIAA0391	SRR5949412	1.1496653216499102
KIAA0391	SRR5949413	1.1498041981068907
KIAA0391	SRR5949414	1.1498283651018633
KIAA0391	SRR5949415	1.1498700492655702
KIAA0391	SRR5949416	1.149752993629983
KIAA0391	SRR5949417	1.1496993836519698
KIAA0391	SRR5949418	1.1498041981068907
KIAA0391	SRR5949419	1.1498283651018633
KIAA0391	SRR5949420	1.149727479151349
KIAA0391	SRR5949421	1.1496993836519698
KIAA0391	SRR5949422	1.149752993629983
KIAA0391	SRR5949423	1.149752993629983
KIAA0391	SRR5949424	1.1499000124654937
KIAA0391	SRR5949425	1.149752993629983
KIAA0391	SRR5949426	1.1498700492655702
KIAA0391	SRR5949427	1.149752993629983
KIAA0391	SRR5949428	1.1499000124654937
KIAA0391	SRR5949429	1.149461221160821
KIAA0391	SRR5949430	1.1497815594090803
KIAA0391	SRR5949431	1.1497815594090803
KIAA0391	SRR5949432	1.149801355279094
KIAA0391	SRR5949433	1.149757132515299
KIAA0391	SRR5949434	1.149757132515299
KIAA0391	SRR5949435	1.1495510677538354
KIAA0391	SRR5949436	1.1498283651018633
KIAA0391	SRR5949437	1.149461221160821
KIAA0391	SRR5949438	1.1493806150832857
KIAA0391	SRR5949439	1.1498758641415114
KIAA0391	SRR5949440	1.1498700492655702
KIAA0391	SRR5949441	1.1498700492655702
KIAA0391	SRR5949442	1.1496516232140812
KIAA0391	SRR5949443	1.1495611354981103
KIAA0391	SRR5949444	1.1495012298161975
KIAA0391	SRR5949445	1.1499000124654937
KIAA0391	SRR5949446	1.1498700492655702
KIAA0391	SRR5949447	1.149757132515299
KIAA0391	SRR5949448	1.1499000124654937
KIAA0391	SRR5949449	1.1499000124654937
KIAA0391	SRR5949450	1.1497815594090803
KIAA0391	SRR5949451	1.1496993836519698
KIAA0391	SRR5949452	1.1498041981068907
KIAA0391	SRR5949453	1.1497815594090803
KIAA0391	SRR5949454	1.1498041981068907
KIAA0391	SRR5949455	1.149757132515299
KIAA0391	SRR5949456	1.1498758641415114
KIAA0391	SRR5949457	1.1498700492655702
KIAA0391	SRR5949458	1.1498758641415114
KIAA0391	SRR5949459	1.149801355279094
KIAA0391	SRR5949460	1.1495611354981103
KIAA0391	SRR5949461	1.1490004023259148
KIAA0391	SRR5949462	1.1498283651018633
KIAA0391	SRR5949463	1.1495510677538354
KIAA0391	SRR5949464	1.1494610034998385
KIAA0391	SRR5949465	1.1489587806071277
KIAA0391	SRR5949466	1.1497815594090803
KIAA0391	SRR5949467	1.1489471817569916
KIAA0391	SRR5949468	1.1498283651018633
KIAA0391	SRR5949469	1.1498700492655702
KIAA0391	SRR5949470	1.1498041981068907
KIAA0391	SRR5949471	1.149727479151349
KIAA0391	SRR5949472	1.149801355279094
KIAA0391	SRR5949473	1.149801355279094
KIAA0391	SRR5949474	1.149757132515299
KIAA0391	SRR5949475	1.1499000124654937
KIAA0391	SRR5949476	1.1498041981068907
KIAA0391	SRR5949477	1.1498700492655702
KIAA0391	SRR5949478	1.149801355279094
KIAA0391	SRR5949479	1.149283393549715
KIAA0391	SRR5949480	1.149752993629983
KIAA0391	SRR5949481	1.1498700492655702
KIAA0391	SRR5949482	1.1496653216499102
KIAA0391	SRR5949483	1.1492630102128836
KIAA0391	SRR5949484	1.1498283651018633
KIAA0391	SRR5949485	1.1495012298161975
KIAA0391	SRR5949486	1.149757132515299
KIAA0391	SRR5949487	1.149752993629983
KIAA0391	SRR5949488	1.149461221160821
KIAA0391	SRR5949489	1.1496058907069004
KIAA0391	SRR5949490	1.1496058907069004
KIAA0391	SRR5949491	1.149757132515299
KIAA0391	SRR5949492	1.1496058907069004
KIAA0391	SRR5949493	1.149727479151349
KIAA0391	SRR5949494	1.1499000124654937
KIAA0391	SRR5949495	1.1494707522857042
KIAA0391	SRR5949496	1.149727479151349
KIAA0391	SRR5949497	1.149727479151349
KIAA0391	SRR5949498	1.1497815594090803
KIAA0391	SRR5949499	1.1498283651018633
KIAA0391	SRR5949500	1.1494121443044876
KIAA0391	SRR5949501	1.149515806070026
KIAA0391	SRR5949502	1.1492573238148507
KIAA0391	SRR5949503	1.149639556483191
KIAA0391	SRR5949504	1.1498041981068907
KIAA0391	SRR5949505	1.1498041981068907
KIAA0391	SRR5949506	1.1498041981068907
KIAA0391	SRR5949507	1.1498700492655702
KIAA0391	SRR5949508	1.149752993629983
KIAA0391	SRR5949509	1.1498283651018633
KIAA0391	SRR5949510	1.1498041981068907
KIAA0391	SRR5949511	1.1489592829745587
KIAA0391	SRR5949512	1.149801355279094
KIAA0391	SRR5949513	1.1499000124654937
KIAA0391	SRR5949514	1.149659680044542
KIAA0391	SRR5949515	1.1498283651018633
KIAA0391	SRR5949516	1.149757132515299
KIAA0391	SRR5949517	1.1498041981068907
KIAA0391	SRR5949518	1.149283393549715
KIAA0391	SRR5949519	1.1496058907069004
KIAA0391	SRR5949520	1.1498700492655702
KIAA0391	SRR5949521	1.1490859664004887
KIAA0391	SRR5949522	1.149801355279094
KIAA0391	SRR5949523	1.1498700492655702
KIAA0391	SRR5949524	1.149757132515299
KIAA0391	SRR5949525	1.149659680044542
KIAA0391	SRR5949526	1.1489944018824365
KIAA0391	SRR5949527	1.149639556483191
KIAA0391	SRR5949528	1.1483720675437479
KIAA0391	SRR5949529	1.1495224477062624
KIAA0391	SRR5949530	1.149727479151349
KIAA0391	SRR5949531	1.1496653216499102
KIAA0391	SRR5949532	1.1498700492655702
KIAA0391	SRR5949533	1.1499000124654937
KIAA0391	SRR5949534	1.149659680044542
KIAA0391	SRR5949535	1.1498283651018633
KIAA0391	SRR5949536	1.1497815594090803
KIAA0391	SRR5949537	1.1498700492655702
KIAA0391	SRR5949538	1.1499000124654937
KIAA0391	SRR5949539	1.149727479151349
KIAA0391	SRR5949540	1.1495611354981103
KIAA0391	SRR5949541	1.149727479151349
KIAA0391	SRR5949542	1.1495224477062624
KIAA0391	SRR5949543	1.149752993629983
KIAA0391	SRR5949544	1.1495611354981103
KIAA0391	SRR5949545	1.149283393549715
KIAA0391	SRR5949546	1.149639556483191
KIAA0391	SRR5949547	1.1499000124654937
KIAA0391	SRR5949548	1.149757132515299
KIAA0391	SRR5949549	1.1494121443044876
KIAA0391	SRR5949550	1.1489471817569916
KIAA0391	SRR5949551	1.149801355279094
KIAA0391	SRR5949552	1.1494823274298185
KIAA0391	SRR5949553	1.1498758641415114
KIAA0391	SRR5949554	1.1498041981068907
KIAA0391	SRR5949555	1.1409427054301
KIAA0391	SRR5949556	1.149515806070026
KIAA0391	SRR5949557	1.1497815594090803
KIAA0391	SRR5949558	1.1494707522857042
KIAA0391	SRR5949559	1.1498283651018633
KIAA0391	SRR5949560	1.1498283651018633
KIAA0391	SRR5949561	1.1490061236504394
KIAA0391	SRR5949562	1.1495012298161975
KIAA0391	SRR5949563	1.1497815594090803
KIAA0391	SRR5949564	1.149801355279094
KIAA0391	SRR5949565	1.1498758641415114
KIAA0391	SRR5949566	1.1498283651018633
KIAA0391	SRR5949567	1.1479342052496542
KIAA0391	SRR5949568	1.1495565511841175
KIAA0391	SRR5949569	1.149614382860247
KIAA0391	SRR5949570	1.149727479151349
KIAA0391	SRR5949571	1.1493287860193127
KIAA0391	SRR5949572	1.1496993836519698
KIAA0391	SRR5949573	1.1495565511841175
KIAA0391	SRR5949574	1.1497815594090803
KIAA0391	SRR5949575	1.149752993629983
KIAA0391	SRR5949576	1.1496993836519698
KIAA0391	SRR5949577	1.1498758641415114
KIAA0391	SRR5949578	1.1497815594090803
KIAA0391	SRR5949579	1.1498283651018633
KIAA0391	SRR5949580	1.1498283651018633
KIAA0391	SRR5949581	1.1499000124654937
KIAA0391	SRR5949582	1.149614382860247
KIAA0391	SRR5949583	1.1498758641415114
KIAA0391	SRR5949584	1.1489713533334538
KIAA0391	SRR5949585	1.149801355279094
KIAA0391	SRR5949586	1.1498041981068907
KIAA0391	SRR5949587	1.149757132515299
KIAA0391	SRR5949588	1.14823324140182
KIAA0391	SRR5949589	1.1499000124654937
KIAA0391	SRR5949590	1.149639556483191
KIAA0391	SRR5949591	1.1498283651018633
KIAA0391	SRR5949592	1.1496653216499102
KIAA0391	SRR5949593	1.1499000124654937
KIAA0391	SRR5949594	1.1496993836519698
KIAA0391	SRR5949595	1.1498041981068907
KIAA0391	SRR5949596	1.149757132515299
KIAA0391	SRR5949597	1.1492327898220787
KIAA0391	SRR5949598	1.149727479151349
KIAA0391	SRR5949599	1.149639556483191
KIAA0391	SRR5949600	1.1497815594090803
KIAA0391	SRR5949601	1.1496993836519698
KIAA0391	SRR5949602	1.1499000124654937
KIAA0391	SRR5949603	1.149801355279094
KIAA0391	SRR5949604	1.1498041981068907
KIAA0391	SRR5949605	1.1496993836519698
KIAA0391	SRR5949606	1.1494707522857042
KIAA0391	SRR5949607	1.1498700492655702
KIAA0391	SRR5949608	1.1490004023259148
KIAA0391	SRR5950246	1.1489592829745587
KIAA0391	SRR5950247	1.1494707522857042
KIAA0391	SRR5950248	1.1497815594090803
KIAA0391	SRR5950249	1.1499000124654937
KIAA0391	SRR5950250	1.1495611354981103
KIAA0391	SRR5950251	1.1497815594090803
KIAA0391	SRR5950252	1.1498758641415114
KIAA0391	SRR5950253	1.1498041981068907
KIAA0391	SRR5950254	1.1494707522857042
KIAA0391	SRR5950255	1.1492327898220787
KIAA0391	SRR5950256	1.14882817140177
KIAA0391	SRR5950257	1.1487945702274995
KIAA0391	SRR5950258	1.149801355279094
KIAA0391	SRR5950259	1.1498283651018633
KIAA0391	SRR5950260	1.1497815594090803
KIAA0391	SRR5950261	1.149801355279094
KIAA0391	SRR5950262	1.149659680044542
KIAA0391	SRR5950263	1.1492573238148507
KIAA0391	SRR5950264	1.1498700492655702
KIAA0391	SRR5950265	1.1495611354981103
KIAA0391	SRR5950266	1.1489684643066176
KIAA0391	SRR5950267	1.149801355279094
KIAA0391	SRR5950268	1.1496993836519698
KIAA0391	SRR5950269	1.149727479151349
KIAA0391	SRR5950270	1.1494610034998385
KIAA0391	SRR5950271	1.1499000124654937
KIAA0391	SRR5950272	1.1499000124654937
KIAA0391	SRR5950273	1.1497815594090803
KIAA0391	SRR5950274	1.1496516232140812
KIAA0391	SRR5950275	1.1496993836519698
KIAA0391	SRR5950276	1.149801355279094
KIAA0391	SRR5950277	1.149515806070026
KIAA0391	SRR5950278	1.1492438683694057
KIAA0391	SRR5950279	1.149757132515299
KIAA0391	SRR5950280	1.1498041981068907
KIAA0391	SRR5950281	1.1496993836519698
KIAA0391	SRR5950282	1.1493287860193127
KIAA0391	SRR5950283	1.149801355279094
KIAA0391	SRR5950284	1.1466271340242074
KIAA0391	SRR5950285	1.1494823274298185
KIAA0391	SRR5950286	1.1497815594090803
KIAA0391	SRR5950287	1.1491016556665985
KIAA0391	SRR5950288	1.1495510677538354
KIAA0391	SRR5950289	1.1490061236504394
KIAA0391	SRR5950290	1.1498283651018633
KIAA0391	SRR5950291	1.149801355279094
KIAA0391	SRR5950292	1.1496653216499102
KIAA0391	SRR5950293	1.1494610034998385
KIAA0391	SRR5950294	1.1499000124654937
KIAA0391	SRR5950295	1.1498758641415114
KIAA0391	SRR5950296	1.149752993629983
KIAA0391	SRR5950297	1.1494508753827517
KIAA0391	SRR5950298	1.1498283651018633
KIAA0391	SRR5950299	1.149614382860247
KIAA0391	SRR5950300	1.149757132515299
KIAA0391	SRR5950301	1.149801355279094
KIAA0391	SRR5950302	1.149752993629983
KIAA0391	SRR5950303	1.149614382860247
KIAA0391	SRR5950304	1.149461221160821
KIAA0391	SRR5950305	1.149752993629983
KIAA0391	SRR5950306	1.149752993629983
KIAA0391	SRR5950307	1.1496058907069004
KIAA0391	SRR5950308	1.1496653216499102
KIAA0391	SRR5950309	1.1496993836519698
KIAA0391	SRR5950310	1.1497815594090803
KIAA0391	SRR5950311	1.1498700492655702
KIAA0391	SRR5950312	1.149801355279094
KIAA0391	SRR5950313	1.1496653216499102
KIAA0391	SRR5950314	1.1498283651018633
KIAA0391	SRR5950315	1.149801355279094
KIAA0391	SRR5950316	1.1498700492655702
KIAA0391	SRR5950317	1.149614382860247
KIAA0391	SRR5950318	1.1494610034998385
KIAA0391	SRR5950319	1.149639556483191
KIAA0391	SRR5950320	1.149614382860247
KIAA0391	SRR5950321	1.148836459359721
KIAA0391	SRR5950322	1.1495224477062624
KIAA0391	SRR5950323	1.1496516232140812
KIAA0391	SRR5950324	1.1498283651018633
KIAA0391	SRR5950325	1.149659680044542
KIAA0391	SRR5950326	1.149515806070026
KIAA0391	SRR5950327	1.149801355279094
KIAA0391	SRR5950328	1.149801355279094
KIAA0391	SRR5950329	1.149752993629983
KIAA0391	SRR5950330	1.149639556483191
KIAA0391	SRR5950331	1.1493287860193127
KIAA0391	SRR5950332	1.1494707522857042
KIAA0391	SRR5950333	1.1498283651018633
KIAA0391	SRR5950334	1.1498283651018633
KIAA0391	SRR5950335	1.1498283651018633
KIAA0391	SRR5950336	1.1477909267796054
KIAA0391	SRR5950337	1.1490522198255662
KIAA0391	SRR5950338	1.1484554126990747
KIAA0391	SRR5950339	1.1499000124654937
KIAA0391	SRR5950340	1.1496058907069004
KIAA0391	SRR5950341	1.1496653216499102
KIAA0391	SRR5950342	1.1498700492655702
KIAA0391	SRR5950343	1.1496653216499102
KIAA0391	SRR5950344	1.1495224477062624
KIAA0391	SRR5950345	1.1496516232140812
KIAA0391	SRR5950346	1.149801355279094
KIAA0391	SRR5950347	1.149752993629983
KIAA0391	SRR5950348	1.1496058907069004
KIAA0391	SRR5950349	1.1498758641415114
KIAA0391	SRR5950350	1.1497815594090803
KIAA0391	SRR5950351	1.1491016556665985
KIAA0391	SRR5950352	1.1498700492655702
KIAA0391	SRR5950353	1.149752993629983
KIAA0391	SRR5950354	1.1498700492655702
KIAA0391	SRR5950355	1.1498700492655702
KIAA0391	SRR5950356	1.1489979896611313
KIAA0391	SRR5950357	1.1498700492655702
KIAA0391	SRR5950358	1.149614382860247
KIAA0391	SRR5950359	1.149727479151349
KIAA0391	SRR5950360	1.1498700492655702
KIAA0391	SRR5950361	1.1498700492655702
KIAA0391	SRR5950362	1.1495224477062624
KIAA0391	SRR5950363	1.1494508753827517
KIAA0391	SRR5950364	1.149639556483191
KIAA0391	SRR5950365	1.1498041981068907
KIAA0391	SRR5950366	1.1498283651018633
KIAA0391	SRR5950367	1.1489024179979748
KIAA0391	SRR5950368	1.149752993629983
KIAA0391	SRR5950369	1.1499000124654937
KIAA0391	SRR5950370	1.1499000124654937
KIAA0391	SRR5950371	1.149801355279094
KIAA0391	SRR5950372	1.1498041981068907
KIAA0391	SRR5950373	1.149757132515299
KIAA0391	SRR5950374	1.149757132515299
KIAA0391	SRR5950375	1.1498700492655702
KIAA0391	SRR5950376	1.1499000124654937
KIAA0391	SRR5950377	1.1494121443044876
KIAA0391	SRR5950378	1.149757132515299
KIAA0391	SRR5950379	1.149752993629983
KIAA0391	SRR5950380	1.1496653216499102
KIAA0391	SRR5950381	1.149659680044542
KIAA0391	SRR5950382	1.1491016556665985
KIAA0391	SRR5950383	1.1498758641415114
KIAA0391	SRR5950384	1.1498283651018633
KIAA0391	SRR5950385	1.1490859664004887
KIAA0391	SRR5950386	1.1498700492655702
KIAA0391	SRR5950387	1.1498758641415114
KIAA0391	SRR5950388	1.1495611354981103
KIAA0391	SRR5950389	1.1485352709618715
KIAA0391	SRR5950390	1.1496993836519698
KIAA0391	SRR5950391	1.1499000124654937
KIAA0391	SRR5950392	1.1491016556665985
KIAA0391	SRR5950393	1.1495565511841175
KIAA0391	SRR5950394	1.149727479151349
KIAA0391	SRR5950395	1.149752993629983
KIAA0391	SRR5950396	1.1499000124654937
KIAA0391	SRR5950397	1.1498758641415114
KIAA0391	SRR5950398	1.1498758641415114
KIAA0391	SRR5950399	1.149659680044542
KIAA0391	SRR5950400	1.1496993836519698
KIAA0391	SRR5950401	1.1498700492655702
KIAA0391	SRR5950402	1.1498700492655702
KIAA0391	SRR5950403	1.1497815594090803
KIAA0391	SRR5950404	1.1498041981068907
KIAA0391	SRR5950405	1.14823324140182
KIAA0391	SRR5950406	1.1493806150832857
KIAA0391	SRR5950407	1.149801355279094
KIAA0391	SRR5950408	1.149461221160821
KIAA0391	SRR5950409	1.1495565511841175
KIAA0391	SRR5950410	1.1499000124654937
KIAA0391	SRR5950411	1.1498283651018633
KIAA0391	SRR5950412	1.1498700492655702
KIAA0391	SRR5950413	1.1493657120956842
KIAA0391	SRR5950414	1.149801355279094
KIAA0391	SRR5950415	1.149614382860247
KIAA0391	SRR5950416	1.1496653216499102
KIAA0391	SRR5950417	1.1496993836519698
KIAA0391	SRR5950418	1.1495510677538354
KIAA0391	SRR5950419	1.1498700492655702
KIAA0391	SRR5950420	1.149752993629983
KIAA0391	SRR5950421	1.1495611354981103
KIAA0391	SRR5950422	1.1494707522857042
KIAA0391	SRR5950423	1.149757132515299
KIAA0391	SRR5950424	1.1498283651018633
KIAA0391	SRR5950425	1.1498700492655702
KIAA0391	SRR5950426	1.1496058907069004
KIAA0391	SRR5950427	1.1498283651018633
KIAA0391	SRR5950428	1.149757132515299
KIAA0391	SRR5950429	1.1498700492655702
KIAA0391	SRR5950430	1.149727479151349
KIAA0391	SRR5950431	1.149727479151349
KIAA0391	SRR5950432	1.1498041981068907
KIAA0391	SRR5950433	1.149801355279094
KIAA0391	SRR5950434	1.1495611354981103
KIAA0391	SRR5950435	1.149757132515299
KIAA0391	SRR5950436	1.1498700492655702
KIAA0391	SRR5950437	1.149727479151349
KIAA0391	SRR5950438	1.1498283651018633
KIAA0391	SRR5950439	1.1498758641415114
KIAA0391	SRR5950440	1.145365413736815
KIAA0391	SRR5950441	1.1494707522857042
KIAA0391	SRR5950442	1.1497815594090803
KIAA0391	SRR5950443	1.149659680044542
KIAA0391	SRR5950444	1.149801355279094
KIAA0391	SRR5950445	1.1498041981068907
KIAA0391	SRR5950446	1.1496516232140812
KIAA0391	SRR5950447	1.1494257243385793
KIAA0391	SRR5950448	1.149801355279094
KIAA0391	SRR5950449	1.1498041981068907
KIAA0391	SRR5950450	1.1498700492655702
KIAA0391	SRR5950451	1.1499000124654937
KIAA0391	SRR5950452	1.1494823274298185
KIAA0391	SRR5950453	1.1498283651018633
KIAA0391	SRR5950454	1.1494823274298185
KIAA0391	SRR5950455	1.1498283651018633
KIAA0391	SRR5950456	1.149757132515299
KIAA0391	SRR5950457	1.149659680044542
KIAA0391	SRR5950458	1.1499000124654937
KIAA0391	SRR5950459	1.149752993629983
KIAA0391	SRR5950460	1.149752993629983
KIAA0391	SRR5950461	1.1497815594090803
KIAA0391	SRR5950462	1.1492630102128836
KIAA0391	SRR5950463	1.149614382860247
KIAA0391	SRR5950464	1.149515806070026
KIAA0391	SRR5950465	1.1449587156171235
KIAA0391	SRR5950466	1.149801355279094
KIAA0391	SRR5950467	1.149752993629983
KIAA0391	SRR5950468	1.149801355279094
KIAA0391	SRR5950469	1.149639556483191
KIAA0391	SRR5950470	1.1498700492655702
KIAA0391	SRR5963912	1.1499000124654937
KIAA0391	SRR5963913	1.1495224477062624
KIAA0391	SRR5963914	1.1499000124654937
KIAA0391	SRR5963915	1.1495611354981103
KIAA0391	SRR5963916	1.1494121443044876
KIAA0391	SRR5963917	1.1496993836519698
KIAA0391	SRR5963918	1.149727479151349
KIAA0391	SRR5963919	1.1498041981068907
KIAA0391	SRR5963920	1.149757132515299
KIAA0391	SRR5963921	1.1498283651018633
KIAA0391	SRR5963922	1.1496653216499102
KIAA0391	SRR5963923	1.149727479151349
KIAA0391	SRR5963924	1.1498041981068907
KIAA0391	SRR5963925	1.1495224477062624
KIAA0391	SRR5963926	1.149515806070026
KIAA0391	SRR5963927	1.1498758641415114
KIAA0391	SRR5963928	1.1494823274298185
KIAA0391	SRR5963929	1.149801355279094
KIAA0391	SRR5963930	1.1493287860193127
KIAA0391	SRR5963931	1.1499000124654937
KIAA0391	SRR5963932	1.149757132515299
KIAA0391	SRR5963933	1.149659680044542
KIAA0391	SRR5963934	1.1494257243385793
KIAA0391	SRR5963935	1.1499000124654937
KIAA0391	SRR5963936	1.1495510677538354
KIAA0391	SRR5963937	1.1492573238148507
KIAA0391	SRR5963938	1.149801355279094
KIAA0391	SRR5963939	1.1498041981068907
KIAA0391	SRR5963940	1.1498700492655702
KIAA0391	SRR5963941	1.1499000124654937
KIAA0391	SRR5963942	1.1499000124654937
KIAA0391	SRR5963943	1.1498283651018633
KIAA0391	SRR5963944	1.1499000124654937
KIAA0391	SRR5963945	1.1498758641415114
KIAA0391	SRR5963946	1.149801355279094
KIAA0391	SRR5963947	1.149801355279094
KIAA0391	SRR5963948	1.149801355279094
KIAA0391	SRR6467548	112.08847971117154
KIAA0391	SRR6467549	84.38057180716568
KIAA0391	SRR6467550	115.07813748636595
KIAA0391	SRR6467551	106.72733600166916
KIAA0391	SRR6467552	124.01577933760193
KIAA0391	SRR6467553	68.1065717249278
KIAA0391	SRR6467554	83.84905454099328
KIAA0391	SRR6467555	108.54242233872394
KIAA0391	SRR6467556	147.72687905948024
KIAA0391	SRR6467557	147.66724975043937
KIAA0391	SRR6467558	146.9112160255251
KIAA0391	SRR6467559	193.4197667691014
KIAA0391	SRR6467560	146.48115852516602
KIAA0391	SRR6467561	137.0133515048578
KIAA0391	SRR6467562	125.47412759964288
KIAA0391	SRR6467563	167.02866766600226
KIAA0391	SRR6467564	178.294047206839
KIAA0391	SRR6467565	159.5325248514233
KIAA0391	SRR6467566	120.22098966651335
KIAA0391	SRR6467567	120.31767143050534
KIAA0391	SRR6467568	128.52504958902765
KIAA0391	SRR6467569	120.74212548685028
KIAA0391	SRR6467570	250.5764716969394
KIAA0391	SRR6467571	217.15620770220906
KIAA0391	SRR6467572	96.59063286121771
KIAA0391	SRR6467573	179.21009464379756
KIAA0391	SRR6467574	197
KIAA0391	SRR6467575	173.76547480874592
KIAA0391	SRR6467576	205.95831672370724
KIAA0391	SRR6467577	173.24915814826517
KIAA0391	SRR6467578	115.12561320655337
KIAA0391	SRR6467579	161.69341300207762
KIAA0391	SRR6467580	198.05605032891373
KIAA0391	SRR6467581	196.12719359594715
KIAA0391	SRR6467582	206.12977206251384
KIAA0391	SRR6467583	222
KIAA0391	SRR6467584	183.66447649214177
KIAA0391	SRR6467585	154.63325106484805
KIAA0391	SRR6467586	270.425775255241
KIAA0391	SRR6467587	218.34578251368964
KIAA0391	SRR6467588	374.08306720608437
KIAA0391	SRR6467589	201
KIAA0391	SRR6467590	178.4918888142408
KIAA0391	SRR6467591	134.39910706511353
KIAA0391	SRR6467592	143.10469462947037
KIAA0391	SRR6467593	153.69435796630046
KIAA0391	SRR6467594	226.51296481279633
KIAA0391	SRR6467595	184.40328091891865
KIAA0391	SRR6467596	239
KIAA0391	SRR6467597	224.24594385984696
KIAA0391	SRR6467598	215.45645266610316
KIAA0391	SRR6467599	169.6321855562175
KIAA0391	SRR6467600	164.79024529149248
KIAA0391	SRR6467601	122.68061572072958
KIAA0391	SRR6467602	215.15255030713402
KIAA0391	SRR6467603	208
KIAA0391	SRR6467604	141.59568773349025
KIAA0391	SRR6467605	166.59326932514878
KIAA0391	SRR6467606	183
KIAA0391	SRR6467607	210
KIAA0391	SRR6467608	137.35993345308708
KIAA0391	SRR6467609	171.03076533350847
KIAA0391	SRR6467610	141.3974377178059
KIAA0391	SRR6467611	213.1799065074841
KIAA0391	SRR6467612	121.70229435004394
KIAA0391	SRR6467613	177
KIAA0391	SRR6467614	153
KIAA0391	SRR6467615	134.68959755612855
KIAA0391	SRR6467616	108.05852478668884
KIAA0391	SRR6467617	127.84694574536404
KIAA0391	SRR6467618	186
KIAA0391	SRR6467619	202.40047228667606
KIAA0391	SRR6467620	204.5288709301712
KIAA0391	SRR6467621	152.77629347133
KIAA0391	SRR6467622	79.1747478577938
KIAA0391	SRR6467623	270.8395890080803
KIAA0391	SRR6467624	138.02482816388402
KIAA0391	SRR6467625	173
KIAA0391	SRR6467626	198
KIAA0391	SRR6467627	134.33847842465934
KIAA0391	SRR6467628	200
KIAA0391	SRR6467629	283.5628133099617
KIAA0391	SRR6467630	152.10941737666258
KIAA0391	SRR6467631	185.16648055738167
KIAA0391	SRR6467632	152.08379677196996
KIAA0391	SRR6467633	144
KIAA0391	SRR6467634	144.57546578859373
KIAA0391	SRR6467635	189.9101555908768
KIAA0391	SRR6467636	108.07866296718862
KIAA0391	SRR6467637	153
KIAA0391	SRR6467638	259
KIAA0391	SRR6467639	171.54181513880675
KIAA0391	SRR6467640	64.31786344403415
KIAA0391	SRR6467641	112.03038891161876
KIAA0391	SRR6467642	206.22172873433897
KIAA0391	SRR6467643	97.20124804859351
KIAA0391	SRR6467644	197
KIAA0391	SRR6467645	229.3976690532818
KIAA0391	SRR6467646	228
KIAA0391	SRR6467647	136.65934841638517
KIAA0391	SRR6467648	133.76789332045547
KIAA0391	SRR6467649	143.75677543338438
KIAA0391	SRR6467650	90.49257020334574
KIAA0391	SRR6467651	124.36123345402952
KIAA0391	SRR6467652	190.0341837038983
KIAA0391	SRR6467653	152.4982913893486
KIAA0391	SRR6467654	146.54614846868495
KIAA0391	SRR6467655	229
KIAA0391	SRR6467656	180.66891536366853
KIAA0391	SRR6467657	254
KIAA0391	SRR6467658	240
KIAA0391	SRR6467659	232.7394376457221
KIAA0391	SRR6467660	122.83480702425295
KIAA0391	SRR6467661	213.69733975334256
KIAA0391	SRR6467662	197.7142321319635
KIAA0391	SRR6467663	103.28745665445562
KIAA0391	SRR6467664	219.75995039612434
KIAA0391	SRR6467665	128
KIAA0391	SRR6467666	253
KIAA0391	SRR6467667	156.43134059785143
KIAA0391	SRR6467668	221.23680139565144
KIAA0391	SRR6467669	241
KIAA0391	SRR6467670	309
KIAA0391	SRR6467671	225.12518790375864
KIAA0391	SRR6467672	139.22127894926464
KIAA0391	SRR6467673	117.11244238931427
KIAA0391	SRR6467674	180.11965716746883
KIAA0391	SRR6467675	143.22715803699532
KIAA0391	SRR6467676	173.06288903990307
KIAA0391	SRR6467677	250
KIAA0391	SRR6467678	192
KIAA0391	SRR6467679	203
KIAA0391	SRR6467680	93.99782889467737
KIAA0391	SRR6467681	246
KIAA0391	SRR6467682	127.76010058878529
KIAA0391	SRR6467683	92.01885522009515
KIAA0391	SRR6467684	173.44850328882166
KIAA0391	SRR6467685	112.56464158986313
KIAA0391	SRR6467686	153.22035373806108
KIAA0391	SRR6467687	226.50694906001655
KIAA0391	SRR6467688	182
KIAA0391	SRR6467689	135.3269898048677
KIAA0391	SRR6467690	157.85838686918055
KIAA0391	SRR6467691	148.82111556425826
KIAA0391	SRR6467692	181.18194640528293
KIAA0391	SRR6467693	283.3903065711763
KIAA0391	SRR6467694	183.3778684774981
KIAA0391	SRR6467695	84.3837956420463
KIAA0391	SRR6467696	198.50889088302313
KIAA0391	SRR6467697	308
KIAA0391	SRR6467698	145.68181740373478
KIAA0391	SRR6467699	250
KIAA0391	SRR6467700	199.6233063043528
KIAA0391	SRR6467701	202
KIAA0391	SRR6467702	127.80650026343946
KIAA0391	SRR6467703	176.14629095392837
KIAA0391	SRR6467704	129.3600185283959
KIAA0391	SRR6467705	161.04488813521957
KIAA0391	SRR6467706	34.62799741772947
KIAA0391	SRR6467707	237
KIAA0391	SRR6467708	217.37449936727143
KIAA0391	SRR6467709	232
KIAA0391	SRR6467710	207.1862782452865
KIAA0391	SRR6467711	118.16112325719297
KIAA0391	SRR6467712	181.01327061824722
KIAA0391	SRR6467713	250.47627332989956
KIAA0391	SRR6467714	81.48368640187086
KIAA0391	SRR6467715	220
KIAA0391	SRR6467716	218
KIAA0391	SRR6467717	95.15439637911143
KIAA0391	SRR6467718	89.35600451107601
KIAA0391	SRR6467719	169.60915059655525
KIAA0391	SRR6467720	230
KIAA0391	SRR6467721	174.2819485311898
KIAA0391	SRR6467722	260.5896949710605
KIAA0391	SRR6467723	218
KIAA0391	SRR6467724	265
KIAA0391	SRR6467725	159
KIAA0391	SRR6467726	182.14277077883892
KIAA0391	SRR6467727	174.39844012025432
KIAA0391	SRR6467728	195
KIAA0391	SRR6467729	149.01976807359014
KIAA0391	SRR6467730	164.34872593439263
KIAA0391	SRR6467731	128.25491032858048
KIAA0391	SRR6467732	215.8358688830072
KIAA0391	SRR6467733	142.24506410208545
KIAA0391	SRR6467734	241.3012574385857
KIAA0391	SRR6467735	126.03314806961318
KIAA0391	SRR6467736	127.78767658494203
KIAA0391	SRR6467737	143.88749954009313
KIAA0391	SRR6467738	113.04066427392763
KIAA0391	SRR6467739	197
KIAA0391	SRR6467740	156.8335092174602
KIAA0391	SRR6467741	154.31398573976068
KIAA0391	SRR6467742	178
KIAA0391	SRR6467743	169
KIAA0391	SRR6467744	224
KIAA0391	SRR6467745	206.07413133123092
KIAA0391	SRR6467746	140.1027274701367
KIAA0391	SRR6467747	197.06362978098502
KIAA0391	SRR6467748	239.5885702257168
KIAA0391	SRR6467749	212
KIAA0391	SRR6467750	191.45306206217805
KIAA0391	SRR6467751	115.72344246806969
KIAA0391	SRR6467752	131.06788758686685
KIAA0391	SRR6467753	189.6998340231196
KIAA0391	SRR6467754	255.29857769576302
KIAA0391	SRR6467755	180.79281978930132
KIAA0391	SRR6467756	187.23563488013457
KIAA0391	SRR6467757	212
KIAA0391	SRR6467758	179
KIAA0391	SRR6467759	157.8891527573067
KIAA0391	SRR6467760	98.75795478161963
KIAA0391	SRR6467761	132.48388586364905
KIAA0391	SRR6467762	125.62569201785897
KIAA0391	SRR6467763	259.3771052340199
KIAA0391	SRR6467764	374.42751091560837
KIAA0391	SRR6467765	170.2113624291302
KIAA0391	SRR6467766	108.58718755930376
KIAA0391	SRR6467767	111.75550210354734
KIAA0391	SRR6467768	112.38490604310164
KIAA0391	SRR6467769	102.8160290607408
KIAA0391	SRR6467770	229
KIAA0391	SRR6467771	213.80085431622635
KIAA0391	SRR6467772	171.20919889896572
KIAA0391	SRR6467773	189.74113140404472
KIAA0391	SRR6868540	75.09768111578016
KIAA0391	SRR6868541	62.6963389849811
KIAA0391	SRR6868542	35.6316692590829
KIAA0391	SRR6868543	103.56021968206103
KIAA0391	SRR6868544	127.9970348805168
KIAA0391	SRR6868545	52.271583793117586
KIAA0391	SRR6868546	73.14540121470978
KIAA0391	SRR6868557	49.7899220661995
KIAA0391	SRR6868558	49.31851450220407
KIAA0391	SRR6868559	40.28044065440712
KIAA0391	SRR6868560	103.01881012196029
KIAA0391	SRR6868569	36.105756741447074
KIAA0391	SRR6868570	59.2655467513808
KIAA0391	SRR6868571	39.70027544605838
KIAA0391	SRR6868572	94.10206918404926
KIAA0391	SRR6868573	46.85774493165643
KIAA0391	SRR6868574	99.20019632733599
KIAA0391	SRR6868575	77.97577061333779
KIAA0391	SRR6868576	89.40810765405624
KIAA0391	SRR6868577	51.63953794296793
KIAA0391	SRR6868578	72.10597127487455
KIAA0391	SRR6868579	64.73233646919675
KIAA0391	SRR6868580	92.99149974738285
KIAA0391	SRR6868581	44.47072921555772
KIAA0391	SRR6868582	109.49153065412604
KIAA0391	SRR6868585	64.41068415201437
KIAA0391	SRR6868586	57.22617077338415
KIAA0391	SRR6868587	41.342395008944095
KIAA0391	SRR6868588	135.97148387899637
KIAA0391	SRR6868589	117.28000314471517
KIAA0391	SRR6868590	44.39142992132051
KIAA0391	SRR6868591	72.94506996169342
KIAA0391	SRR6868604	37.656692843116204
KIAA0391	SRR6868605	36.12342994436774
KIAA0391	SRR6868606	60.3814611553719
KIAA0391	SRR6868607	73.46033610845011
KIAA0391	SRR6868608	54.29662680468588
KIAA0391	SRR6868609	60.563108478746706
KIAA0391	SRR6868610	47.80954693036728
KIAA0391	SRR6868620	73.83207893587621
KIAA0391	SRR6868621	71.54395574488437
KIAA0391	SRR6868622	76.8176130303066
KIAA0391	SRR6868623	32.70454458634262
KIAA0391	SRR6868636	33.408725355522684
KIAA0391	SRR6868637	51.30562579972368
KIAA0391	SRR6868638	50.2263058791302
KIAA0391	SRR6868639	94.00764557804067
KIAA0391	SRR6868650	40.55344235288996
KIAA0391	SRR6868651	50.42793929047503
KIAA0391	SRR6868652	71.11910124188718
KIAA0391	SRR6868653	59.099374842128974
KIAA0391	SRR6868654	100.49684615673267
KIAA0391	SRR6868655	59.01953463789795
KIAA0391	SRR6868665	129.85196302437862
KIAA0391	SRR6868666	117.19047206897677
KIAA0391	SRR6868667	95.08497472251524
KIAA0391	SRR6868668	101.75533894547384
KIAA0391	SRR6868669	160.21504936207765
KIAA0391	SRR6868670	67.19398277009056
KIAA0391	SRR6868671	70.00951910618059
KIAA0391	SRR6868683	49.62817396561869
KIAA0391	SRR6868684	78.21506502938364
KIAA0391	SRR6868685	67.42949668536713
KIAA0391	SRR6868686	63.65042220714496
KIAA0391	SRR6868687	31.87284613302926
KIAA0391	SRR6868688	48.28725449694961
KIAA0391	SRR6868689	78.14539841533094
KIAA0391	SRR6868698	70.26830815261006
KIAA0391	SRR6868699	136.95986856273495
KIAA0391	SRR6868700	123.97072823242698
KIAA0391	SRR6868701	68.72141337167604
KIAA0391	SRR6868702	98.75336696936893
KIAA0391	SRR6868713	72.75447888618413
KIAA0391	SRR6868714	74.36476491816987
KIAA0391	SRR6868715	111.9257920499966
KIAA0391	SRR6868716	102.68533805379268
KIAA0391	SRR6868717	130.32883161381687
KIAA0391	SRR6868718	146.56946003371246
KIAA0391	SRR6868719	154.24954065404154
KIAA0391	SRR6868720	161.81578416699898
KIAA0391	SRR6868721	112.25415693089391
KIAA0391	SRR6868722	77.28441787416395
KIAA0391	SRR6868723	50.98270072613214
KIAA0391	SRR6868724	86.83801358975506
KIAA0391	SRR6868725	193.80614621988425
KIAA0391	SRR6868726	279.67299162091473
KIAA0391	SRR6868741	88.26534615441003
KIAA0391	SRR7632756	78.64413242796228
KIAA0391	SRR7632757	33.91519843969327
KIAA0391	SRR7632758	66.70176618309004
KIAA0391	SRR7632759	43.250548353083715
KIAA0391	SRR7632760	37.74987533420406
KIAA0391	SRR7632761	79.56489747447849
KIAA0391	SRR7632762	23.06991598410232
KIAA0391	SRR7632763	52.851837074061315
KIAA0391	SRR7632764	38.368594561930536
KIAA0391	SRR7632765	110.28899766306262
KIAA0391	SRR7632766	31.96454170333144
KIAA0391	SRR7632767	106.25143758424541
KIAA0391	SRR7632768	36.58277411550664
KIAA0391	SRR7632769	58.665673018467075
KIAA0391	SRR7632770	50.41395589227808
KIAA0391	SRR7632771	54.37560511356289
KIAA0391	SRR7632772	34.65159427982473
KIAA0391	SRR7632773	84.45600799804879
KIAA0391	SRR7632774	66.41890586894061
KIAA0391	SRR7632775	30.674044532842927
KIAA0391	SRR7632776	32.174548243522096
KIAA0391	SRR7632777	43.0105048377986
KIAA0391	SRR7632778	85.3550384906226
KIAA0391	SRR7632779	23.600681923075797
KIAA0391	SRR7632780	64.23636785113798
KIAA0391	SRR7632781	20.167085097155923
KIAA0391	SRR7632782	53.724898887908516
KIAA0391	SRR7632783	76.55776830594137
KIAA0391	SRR7632784	73.63516462317055
KIAA0391	SRR7632785	78.55984204115005
KIAA0391	SRR7632786	38.53204426078091
KIAA0391	SRR7632787	127.49707674559583
KIAA0391	SRR7632788	87.19719202496573
KIAA0391	SRR7632789	48.87083545896312
KIAA0391	SRR7632790	71.69749450841377
KIAA0391	SRR7632791	37.6107281531122
KIAA0391	SRR7632792	56.408653072108166
KIAA0391	SRR7632793	39.47215690833714
KIAA0391	SRR7632794	84.58361273169044
KIAA0391	SRR7632795	105.33879394540469
KIAA0391	SRR7632796	66.1169749766533
KIAA0391	SRR7632797	20.71432210052107
KIAA0391	SRR7632798	96.54998309242903
KIAA0391	SRR7632799	40.200586809785484
KIAA0391	SRR7632800	66.98813303609984
KIAA0391	SRR7632801	67.35251416281348
KIAA0391	SRR7632802	24.839892736272603
KIAA0391	SRR7632803	32.76786712880637
KIAA0391	SRR7632804	39.538007402721306
KIAA0391	SRR7632805	104.32173558234417
KIAA0391	SRR7632806	97.4474894642967
KIAA0391	SRR7632807	78.67994709912632
KIAA0391	SRR7632808	78.6412166140892
KIAA0391	SRR7632809	29.36576059266655
KIAA0391	SRR7632810	69.28792451498315
KIAA0391	SRR7632811	51.347152841329276
KIAA0391	SRR7632812	74.53156879044442
KIAA0391	SRR7632813	86.53399947165722
KIAA0391	SRR7632814	76.27057430142436
KIAA0391	SRR7632815	64.50371589418585
KIAA0391	SRR7632816	25.806763564093444
KIAA0391	SRR7632817	37.497101430927714
KIAA0391	SRR7632818	68.36892890202222
KIAA0391	SRR7632819	94.23000831985631
KIAA0391	SRR7632820	65.4475085548997
KIAA0391	SRR7632821	78.13461267579342
KIAA0391	SRR7632822	62.78017574612377
KIAA0391	SRR7632823	59.21710063188127
KIAA0391	SRR7632824	59.26988792988604
KIAA0391	SRR7632825	101.2835714777295
KIAA0391	SRR7632826	128.08257737832417
KIAA0391	SRR7632827	30.589092360660157
KIAA0391	SRR7632828	42.06587625193223
KIAA0391	SRR7632829	60.86952334012854
KIAA0391	SRR7632830	39.84098426426882
KIAA0391	SRR7632831	97.90003600650878
KIAA0391	SRR7632832	41.59678653445529
KIAA0391	SRR7632833	23.138214808313116
KIAA0391	SRR7632834	42.19677439763903
KIAA0391	SRR7632835	18.868470250321007
KIAA0391	SRR7632836	56.836475165608974
KIAA0391	SRR7632837	67.43215104479702
KIAA0391	SRR7632838	36.90561398295445
KIAA0391	SRR7632839	100.13729591478047
KIAA0391	SRR7632840	49.46752056392764
KIAA0391	SRR7632841	22.385121973421565
KIAA0391	SRR7632842	94.17501389348503
KIAA0391	SRR7632843	18.675276996532762
KIAA0391	SRR7632844	37.42673042338346
KIAA0391	SRR7632845	74.37040967457251
KIAA0391	SRR7632846	39.880638993539634
KIAA0391	SRR7632847	38.894035628878086
KIAA0391	SRR7632848	64.58433580711976
KIAA0391	SRR7632849	66.75138765379089
KIAA0391	SRR7632850	60.773138650325166
KIAA0391	SRR7632851	71.71794064887328
KIAA0391	SRR7632852	114.14364907131198
KIAA0391	SRR7632853	80.40621048030587
KIAA0391	SRR7632854	77.5084517466746
KIAA0391	SRR7632855	139
KIAA0391	SRR7632856	95.61595460052762
KIAA0391	SRR7632857	16.103646817145442
KIAA0391	SRR7632858	39.41200216481615
KIAA0391	SRR7632859	24.951146694217567
KIAA0391	SRR7632860	7.527478373572263
KIAA0391	SRR7632861	25.30517397234691
KIAA0391	SRR7632862	42.44075020755637
KIAA0391	SRR7632863	15.784484661815295
KIAA0391	SRR7632864	21.309498462091785
KIAA0391	SRR7632865	122.17854846885625
KIAA0391	SRR7632866	90.50970540227773
KIAA0391	SRR7632867	68.6997489375467
KIAA0391	SRR7632868	39.99952001133054
KIAA0391	SRR7632869	32.782116168459154
KIAA0391	SRR7632870	60.227932529868255
KIAA0391	SRR7632871	18.917814218459313
KIAA0391	SRR7632872	42.32071107806935
KIAA0391	SRR7632873	67.28191059021837
KIAA0391	SRR7632874	83.22060581951231
KIAA0391	SRR7632875	97.16014826445844
KIAA0391	SRR7632876	52.736841555936266
KIAA0391	SRR7632877	31.23298908151781
KIAA0391	SRR7632878	52.1260912722948
KIAA0391	SRR7632879	100.22665749996061
KIAA0391	SRR7632880	37.6490295323601
KIAA0391	SRR7632881	111.51320233765856
KIAA0391	SRR7632882	69.6238919924829
KIAA0391	SRR7632883	40.8991625489964
KIAA0391	SRR7632884	69.25832935220384
KIAA0391	SRR7632885	75.3728030098962
KIAA0391	SRR7632886	36.130587067503754
KIAA0391	SRR7632887	57.57612269224017
KIAA0391	SRR7632888	37.36716561276932
KIAA0391	SRR7632889	38.26537332196847
KIAA0391	SRR7632890	15.428891228929027
KIAA0391	SRR7632891	38.74090757038871
KIAA0391	SRR7632892	92.53653335437957
KIAA0391	SRR7632893	36.3347713844989
KIAA0391	SRR7632894	41.88230298613761
KIAA0391	SRR7632895	64.74186938287721
KIAA0391	SRR7632896	70.56272768485425
KIAA0391	SRR7632897	91.37174693433298
KIAA0391	SRR7632898	85.31761443039865
KIAA0391	SRR7632899	75.52139147391004
KIAA0391	SRR7632900	64.42654805657268
KIAA0391	SRR7632901	88.55976495539792
KIAA0391	SRR7632902	34.44554104007032
KIAA0391	SRR7632903	84.3695104056721
KIAA0391	SRR7632904	21.052390868400238
KIAA0391	SRR7632905	14.211287029679157
KIAA0391	SRR7632906	70.13867838893526
KIAA0391	SRR7632907	44.192192626048744
KIAA0391	SRR7632908	97.38868249261347
KIAA0391	SRR7632909	86.29709435037446
KIAA0391	SRR7632910	33.21624735393057
KIAA0391	SRR7632911	53.68816553215243
KIAA0391	SRR7632912	52.812903456030426
KIAA0391	SRR7632913	31.761673300153024
KIAA0391	SRR7632914	45.37157998399495
KIAA0391	SRR7632915	30.303742790470604
KIAA0391	SRR7632916	33.656189445789025
KIAA0391	SRR7632917	30.519442097859063
KIAA0391	SRR7632918	59.499117544352046
KIAA0391	SRR7632919	65.56772084585405
KIAA0391	SRR7632920	78.90348272022587
KIAA0391	SRR7632921	68.82670308121261
KIAA0391	SRR7632922	65.5654485392455
KIAA0391	SRR7632923	64.67040280647387
KIAA0391	SRR7632924	46.327308427577115
KIAA0391	SRR7632925	21.736830868744388
KIAA0391	SRR7632926	41.75845668934957
KIAA0391	SRR7632927	39.80023453498627
KIAA0391	SRR7632928	88.29081816855098
KIAA0391	SRR7632929	35.38670813204315
KIAA0391	SRR7632930	83.07469127709555
KIAA0391	SRR7632931	114.08206303249692
KIAA0391	SRR7632932	55.38740199781831
KIAA0391	SRR7632933	56.170274899028506
KIAA0391	SRR7632934	63.276462395459674
KIAA0391	SRR7632935	69.69771696862334
KIAA0391	SRR7632936	50.031573391974995
KIAA0391	SRR7632937	63.912265695191955
KIAA0391	SRR7632938	25.666903776332646
KIAA0391	SRR7632939	57.57381055890153
KIAA0391	SRR7632940	83.54377654524792
KIAA0391	SRR7632941	28.601301853356848
KIAA0391	SRR7632942	29.003724196375636
KIAA0391	SRR7632943	130
KIAA0391	SRR7632944	63.139842779458036
KIAA0391	SRR7632945	113
KIAA0391	SRR8928966	121.06824070869762
KIAA0391	SRR8928967	76.30853614112965
KIAA0391	SRR8928968	65.54324752982406
KIAA0391	SRR8928969	164.37176870104972
KIAA0391	SRR8928970	70.68453301665679
KIAA0391	SRR8928971	81.63290130906965
KIAA0391	SRR8928972	31.65318815113446
KIAA0391	SRR8928973	126.75799037288814
KIAA0391	SRR8928974	21.741533718717573
KIAA0391	SRR8928975	2.0869943629754415
KIAA0391	SRR8928976	1.0433938336486428
KIAA0391	SRR8928977	63.225871832419074
KIAA0391	SRR8928978	33.624012594357914
KIAA0391	SRR8928979	82.59710106466224
KIAA0391	SRR8928980	52.833009647606865
KIAA0391	SRR8928981	83.98115941136734
KIAA0391	SRR8928982	76.87337538952889
KIAA0391	SRR8928983	165.3268382378103
KIAA0391	SRR8928984	91.51450500569048
KIAA0391	SRR8928985	73.22805843932561
KIAA0391	SRR8928986	100.91069910321579
KIAA0391	SRR8928987	146
KIAA0391	SRR8928988	591
KIAA0391	SRR8928989	33.59559125976845
KIAA0391	SRR8928990	70.74285949485625
KIAA0391	SRR8928991	72.27881840061508
KIAA0391	SRR9835604	17.245381051123598
KIAA0391	SRR9835605	57.32052009834402
KIAA0391	SRR9835606	67.14777476342175
KIAA0391	SRR9835607	49.45317898005828
KIAA0391	SRR9835608	46.689313857261425
KIAA0391	SRR9835609	102
KIAA0391	SRR9835610	73.34224627461924
KIAA0391	SRR9835611	77.08551417470119
KIAA0391	SRR9835612	103.28229986558758
KIAA0391	SRR9835613	55.32842903830737
KIAA0391	SRR9835614	51.518963127827035
KIAA0391	SRR9835615	34.30959344612579
KIAA0391	SRR9835616	85.63749590603229
KIAA0391	SRR9835617	46.051635870751646
KIAA0391	SRR9835618	93.50200767480987
KIAA0391	SRR9835619	88
KIAA0391	SRR9835620	50.24498906722606
KIAA0391	SRR9835621	62.413218429804786
KIAA0391	SRR9835622	55.15250868705439
KIAA0391	SRR9835623	71.0127739104041
KIAA0391	SRR9835624	33.73297941116899
KIAA0391	SRR9835625	62.19710656031572
KIAA0391	SRR9835626	48.370418769809014
KIAA0391	SRR9835627	66.13769483746431
KIAA0391	SRR9835628	46.33328383665198
KIAA0391	SRR9835629	37.7588761216955
KIAA0391	SRR9835630	13.724610393234423
KIAA0391	SRR9835631	15.131447253413873
KIAA0391	SRR9835632	71.16624021380682
KIAA0391	SRR9835633	40.30282823681277
KIAA0391	SRR9835634	47.3002587846295
KIAA0391	SRR9835635	46.45506673072604
KIAA0391	SRR9835636	43.08826677453039
KIAA0391	SRR9835637	60.27128767710001
KIAA0391	SRR9835638	56.55489276240205
KIAA0391	SRR9835639	45.47618537219613
KIAA0391	SRR9835640	30.501835148312935
KIAA0391	SRR9835641	63.24704380134824
KIAA0391	SRR9835642	52.30731664621362
KIAA0391	SRR9835643	74.28502934057194
KIAA0391	SRR9835644	48.15827598557114
KIAA0391	SRR9835645	36.03786937176797
KIAA0391	SRR9835646	44.41625061943031
KIAA0391	SRR9835647	64.15552678235012
KIAA0391	SRR9835648	27.81777100921529
KIAA0391	SRR9835649	50.59771923442547
KIAA0391	SRR9835650	44.16909812682904
KIAA0391	SRR9835651	79.05686824181805
KIAA0391	SRR9835652	45.72087373350594
KIAA0391	SRR9835653	78.21768562182076
KIAA0391	SRR9835654	53.53931462303594
KIAA0391	SRR9835655	68.35152695264989
KIAA0391	SRR9835656	49.13240362890248
KIAA0391	SRR9835657	65.98272934202112
KIAA0391	SRR9835658	72.14482569612927
KIAA0391	SRR9835659	51.308374057872335
KIAA0391	SRR9835660	58.44348154642895
KIAA0391	SRR9835661	81.32840944239457
KIAA0391	SRR9835662	48.59079347061504
KIAA0391	SRR9835663	37.751372344017696
KIAA0391	SRR9835664	76.1311610687218
KIAA0391	SRR9835665	75.31431001588297
KIAA0391	SRR9835666	91
KIAA0391	SRR9835667	53.44745059197699
KIAA0391	SRR9835668	89
KIAA0391	SRR9835669	16.425740746579656
KIAA0391	SRR9835670	40.557787518592484
KIAA0391	SRR9835671	67.91107201975223
KIAA0391	SRR9835672	77.13735409382802
KIAA0391	SRR9835673	32.730302812278225
KIAA0391	SRR9835674	46.02483263109193
KIAA0391	SRR9835675	56.30228419128337
KIAA0391	SRR9835676	9.802212078322283
KIAA0391	SRR9835677	58.15415828351463
KIAA0391	SRR9835678	50.30454565083268
KIAA0391	SRR9835679	109.0618780523263
KIAA0391	SRR9835680	26.63748117638315
KIAA0391	SRR9835681	66.20125912423858
KIAA0391	SRR9835682	12.728464222693226
KIAA0391	SRR9835683	54.34259347840495
KIAA0391	SRR9835684	35.88553773022812
KIAA0391	SRR9835685	60.30751150654177
KIAA0391	SRR9835686	54.73081225194786
KIAA0391	SRR9835687	58.27272696149391
KIAA0391	SRR9835688	65
KIAA0391	SRR9835689	58.428588808752025
KIAA0391	SRR9835690	78.15689450414004
KIAA0391	SRR9835691	35.315660528807854
KIAA0391	SRR9835692	49.90087838638201
KIAA0391	SRR9835693	57.23285247535142
KIAA0391	SRR9835694	68.71000113078118
KIAA0391	SRR9835695	69.36093695042739
KIAA0391	SRR9835696	40.395412455312176
KIAA0391	SRR9835697	63.325310032819
KIAA0391	SRR9835698	89.08946535950376
KIAA0391	SRR9835699	103.1669005673135
KIAA0391	SRR9835700	78.17679284996927
KIAA0391	SRR9835701	59.1670267418584
KIAA0391	SRR9835702	81
KIAA0391	SRR9835703	81.08747765421646
KIAA0391	SRR9835704	62.28924813292999
KIAA0391	SRR9835705	80.31970321588541
KIAA0391	SRR9835706	24.823060856856024
KIAA0391	SRR9835707	95.10550450125471
KIAA0391	SRR9835708	70.07442420231918
KIAA0391	SRR9835709	90.04186240669753
KIAA0391	SRR9835710	34.49516437683039
KIAA0391	SRR9835711	85.03764213878156
KIAA0391	SRR9835712	65.16391355151303
KIAA0391	SRR9835713	90.17154254371256
KIAA0391	SRR9835714	81.12519450941242
KIAA0391	SRR9835715	51.26327040613993
KIAA0391	SRR9835716	68.20318792757851
KIAA0391	SRR9835717	69.23836639739346
KIAA0391	SRR9835718	43.671642822591785
KIAA0391	SRR9835719	48.424335608885485
KIAA0391	SRR9835720	53.33387032168701
KIAA0391	SRR9835721	53.810057962703624
KIAA0391	SRR9835722	32.742854790574896
KIAA0391	SRR9835723	135
KIAA0391	SRR9835724	54.38112428226241
KIAA0391	SRR9835725	31.863711875737927
KIAA0391	SRR9835726	74.05326898600677
KIAA0391	SRR9835727	59.40766802617727
KIAA0391	SRR9835728	44.76300584270761
KIAA0391	SRR9835729	44.14271018920745
KIAA0391	SRR9835730	75.29640147728813
KIAA0391	SRR9835731	17.86939037628329
KIAA0391	SRR9835732	74.34999506262277
KIAA0391	SRR9835733	70.31553059460657
KIAA0391	SRR9835734	57.14975333449608
KIAA0391	SRR9835735	79.14466672028765
KIAA0391	SRR9835736	61.74789618083399
KIAA0391	SRR9835737	58.12580850317861
KIAA0391	SRR9835738	72.12964317266672
KIAA0391	SRR9835739	50.35327145240381
KIAA0391	SRR9835740	26.7861653355495
KIAA0391	SRR9835741	69.36866753849202
KIAA0391	SRR9835742	41.77581891565479
KIAA0391	SRR9835743	36.20675894485971
KIAA0391	SRR9835744	44.2580855473631
KIAA0391	SRR9835745	30.679835966369836
KIAA0391	SRR9835746	34.37785087228342
KIAA0391	SRR9835747	53.28591859504756
KIAA0391	SRR9835748	37.11069957030151
KIAA0391	SRR9835749	62
KIAA0391	SRR9835750	34.2862115171931
KIAA0391	SRR9835751	66.547754958629
KIAA0391	SRR9835752	35.393014016565346
KIAA0391	SRR9835753	51.56047127844094
KIAA0391	SRR9835754	71.09694704458221
KIAA0391	SRR9835755	40.60039455340373
KIAA0391	SRR9835756	30.35967127360243
KIAA0391	SRR9835757	58.23515737850475
KIAA0391	SRR9835758	77.4503523881169
KIAA0391	SRR9835759	88.5850197485501
KIAA0391	SRR9835760	84
KIAA0391	SRR9835761	82.01475296694558
KIAA0391	SRR9835762	11.02947594059923
KIAA0391	SRR9835763	49.14408930749245
KIAA0391	SRR9835764	61.16669879441931
KIAA0391	SRR9835765	94.36540892397196
KIAA0391	SRR9835766	43.11437927777064
KIAA0391	SRR9835767	46.685445627972946
KIAA0391	SRR9835768	77
KIAA0391	SRR9835769	84
KIAA0391	SRR9835770	30.60821273195584
KIAA0391	SRR9835771	47.257731792578575
KIAA0391	SRR9835772	52.66332025797683
KIAA0391	SRR9835773	97
KIAA0391	SRR9835774	16.569373407598
KIAA0391	SRR9835775	73.37860361870041
KIAA0391	SRR9835776	78.25537841038695
KIAA0391	SRR9835777	62.151707615224375
KIAA0391	SRR9835778	69.2954995479696
KIAA0391	SRR9835779	50.35511322680262
KIAA0391	SRR9835780	63.10102784931936
KIAA0391	SRR9835781	47.176822615645285
KIAA0391	SRR9835782	51.25825083976269
KIAA0391	SRR9835783	110
KIAA0391	SRR9835784	51.211457578378464
KIAA0391	SRR9835785	21.927907900179356
KIAA0391	SRR9835786	48.47663248896024
KIAA0391	SRR9835787	83.24039905533719
KIAA0391	SRR9835788	79.13284901884313
KIAA0391	SRR9835789	134
KIAA0391	SRR9835790	46.33503900201571
KIAA0391	SRR9835791	37.00316246876464
KIAA0391	SRR9835792	150.20201200367708
KIAA0391	SRR9835793	48.098509640622964
KIAA0391	SRR9835794	81.01457305271454
KIAA0391	SRR9835795	25.377438937074874
KIAA0391	SRR9835796	79.45782640313158
KIAA0391	SRR9835797	125
KIAA0391	SRR9835798	81.13125190245043
KIAA0391	SRR9835799	58.11825436952025
KIAA0391	SRR9835800	106.12564432751404
KIAA0391	SRR9835801	53.268550067397186
KIAA0391	SRR9835802	46.1852411723272
KIAA0391	SRR9867812	77.60554499462157
KIAA0391	SRR9867813	39.50352909135311
KIAA0391	SRR9867814	69.35157198590738
KIAA0391	SRR9867815	103.55932046777968
KIAA0391	SRR9867816	111
KIAA0391	SRR9867817	83.0716809940739
KIAA0391	SRR9867818	98
KIAA0391	SRR9867819	36.28055113405559
KIAA0391	SRR9867820	127
KIAA0391	SRR9867821	122
KIAA0391	SRR9867822	86.88139074133383
KIAA0391	SRR9867823	91.98738837130081
KIAA0391	SRR9867824	115.22798236817361
KIAA0391	SRR9867825	46.948598300182205
KIAA0391	SRR9867826	68.31135210878088
KIAA0391	SRR9867827	81.29631672805009
KIAA0391	SRR9867828	100.06832277774919
KIAA0391	SRR9867829	72.71524555250168
KIAA0391	SRR9867830	62
KIAA0391	SRR9867831	68.44907992899155
KIAA0391	SRR9879292	339.6019904134516
KIAA0391	SRR9879293	112.61569037376921
KIAA0391	SRR9879294	68.34461070229949
KIAA0391	SRR9879295	89.73562332099311
KIAA0391	SRR9879296	110.30530437001048
KIAA0391	SRR9879297	99.51836834006738
KIAA0391	SRR9879298	162.71527471771634
KIAA0391	SRR9879299	209.60885316042072
KIAA0391	SRR9879300	135.96455426800352
KIAA0391	SRR9879301	219.07880952203675
KIAA0391	SRR9879302	113.15824140948708
KIAA0391	SRR9879303	191.7977923730461
KIAA0391	SRR9879304	103.70400854785596
KIAA0391	SRR9879305	140.4012126386978
KIAA0391	SRR9879306	213
KIAA0391	SRR9879307	237.85353895149706
KIAA0391	SRR9879308	134.51415996900283
KIAA0391	SRR9879309	109.15093901069902
KIAA0391	T50_307	152.815814137114
KIAA0391	T50_313	118.87427170711544
KIAA0391	T50_317	112.82116331718767
KIAA0391	T50_324	122.2798836513143
KIAA0391	T50_427	142.1915491129625
KIAA0391	T50_428	225.46518436084082
KIAA0391	T50_431	223.05444050334398
KIAA0391	T50_436	186.32892197611108
KIAA0391	T50_476	169.2236207030139
KIAA0391	UN_307	84.06837134275142
KIAA0391	UN_313	81.11589375803065
KIAA0391	UN_317	109.87196913133907
KIAA0391	UN_323	121.08557571724448
KIAA0391	UN_324	61.2837797475593
KIAA0391	UN_427	207.58708521538833
KIAA0391	UN_428	130.27572938721016
KIAA0391	UN_431	159.43890458308096
KIAA0391	UN_436	142.0014192995834
KIAA0391	UN_476	137.2064784500751
