Gene	sample	counts
LINC00622	CM317	1.052160686909921
LINC00622	CMCD140	4.037651340275423
LINC00622	CMCD147	23.9305015943351
LINC00622	CMCD152	22
LINC00622	CMCD154	2.019798653954379
LINC00622	CMCD159	1.0863042186135794
LINC00622	CMCD161	2.0061258961841677
LINC00622	CMCD174	1.092629434806816
LINC00622	CMCD196	1.0091897168260358
LINC00622	CMCD198	1.029495742835047
LINC00622	CMCD203	35.113375949583435
LINC00622	CMCD211	24.904739621188387
LINC00622	CMCD227	9.043215527868012
LINC00622	CMCD240	10.229626428244742
LINC00622	CMCD259	12
LINC00622	CMCD270	7.03633569446656
LINC00622	CMCD275	1.008539072196977
LINC00622	CMCD282	1.0131607869251968
LINC00622	CMCD286	12.25254991079887
LINC00622	CMCD287	14
LINC00622	CMCD294	1.0639520056991958
LINC00622	CMCD327	10.051387872752835
LINC00622	CMCD335	10.047054282731729
LINC00622	CMCD337	9.060068836106868
LINC00622	CMCD357	3.0634513925593887
LINC00622	CMCD398	7.042016503909523
LINC00622	CMCD403	6.0430860259431185
LINC00622	CMCD422	7.014603997912882
LINC00622	CMCD426	3.342140883541871
LINC00622	CMCD71	7.0447040931941745
LINC00622	CMCD72	1.1510750061651915
LINC00622	CMCD76	2.004594427862749
LINC00622	CMCD88	17.003058541927743
LINC00622	CMSA256	17
LINC00622	CMSA316	14.114163160417135
LINC00622	CMUC110	24
LINC00622	CMUC192	1.0134604497462807
LINC00622	CMUC199	1.0281874054164815
LINC00622	CMUC200	5.011707057310339
LINC00622	CMUC208	3.0073406910592437
LINC00622	CMUC231	12
LINC00622	CMUC234	8
LINC00622	CMUC285	3.03338081233432
LINC00622	CMUC291	15.099065540326603
LINC00622	CMUC295	5.004499474523829
LINC00622	CMUC299	15.0439054851779
LINC00622	CMUC301	9.004858558257117
LINC00622	CMUC307	10.027601872840743
LINC00622	CMUC313	8.336331151938193
LINC00622	CMUC314	1.055846512835873
LINC00622	CMUC323	3.072314720674028
LINC00622	CMUC324	25.022497372619146
LINC00622	CMUC331	3.0274723842011952
LINC00622	CMUC333	5.1161937700193025
LINC00622	CMUC334	9.135117064431473
LINC00622	CMUC346	8.086795071928414
LINC00622	CMUC352	21.12713327534691
LINC00622	CMUC360	1.0014402205102033
LINC00622	CMUC363	1.0263755677043285
LINC00622	CMUC365	13.087000433908766
LINC00622	CMUC366	17.056932895869462
LINC00622	CMUC368	5
LINC00622	CMUC377	13.053064620238818
LINC00622	CMUC379	1.0708063663103926
LINC00622	CMUC380	10.182764243542598
LINC00622	CMUC383	1.0142859766464112
LINC00622	CMUC394	1.0076216931317499
LINC00622	CMUC419	4.099797009182871
LINC00622	CMUC427	14
LINC00622	CMUC428	1.0063470586203123
LINC00622	CMUC431	11.020444817984862
LINC00622	CMUC435	5.0250971219310685
LINC00622	CMUC439	2.0128722151629495
LINC00622	CMUC89	17
LINC00622	CS219	3.007432624391689
LINC00622	CS256	3.006869657245764
LINC00622	CS257	1.0944271775349645
LINC00622	CS259	3.004636833681942
LINC00622	CS261	1.0238230356839277
LINC00622	CS266	1.0357806251843706
LINC00622	CS270	1.0130095040631752
LINC00622	CS277	2.894233481828883
LINC00622	CS288	1.009015728155811
LINC00622	CS290	1.0079916665289268
LINC00622	CS292	1.0139795313343294
LINC00622	CS293	1.016848591736414
LINC00622	CS301	1.0267458436587589
LINC00622	CS306	1.0388615456941386
LINC00622	CS308	1.0265766152062068
LINC00622	CS315	6.168109695521736
LINC00622	CS317	1.0722984600508352
LINC00622	CS322	2.0268374649652277
LINC00622	CS327	2.009520754471813
LINC00622	CS328	1.0566294945036847
LINC00622	CS330	1.0768616883015538
LINC00622	CS331	1.0187996043213206
LINC00622	CS335	1.0096241385447924
LINC00622	CS338	1.030832702181411
LINC00622	CS339	4.68301909561387
LINC00622	CS343	1.0080789119524982
LINC00622	CS344	9.127181304821395
LINC00622	CS350	1.0232380192782662
LINC00622	CS351	1.008311894542825
LINC00622	CS361	3.071971181518845
LINC00622	CS388	1.034963282410878
LINC00622	CS396	3.0327113891495094
LINC00622	CS405	2.050744909730981
LINC00622	CS415	1.0768988297741249
LINC00622	CS424	1.0376219614625826
LINC00622	IM293	2.0106670372621225
LINC00622	IM296	1.0674965693084089
LINC00622	IM297	1.098769887658002
LINC00622	IM300	16
LINC00622	IM305	8.080400683514135
LINC00622	IM309	1.068243382745569
LINC00622	IM310	1.0137597798867521
LINC00622	IM311	5.0623846378270745
LINC00622	IM316	2.0103727018822033
LINC00622	IM320	1.0476097382082026
LINC00622	IM330	4.042377913421242
LINC00622	IM332	1.0306075684228129
LINC00622	IM340	1.056280146775053
LINC00622	IM348	5.1848073135329775
LINC00622	IM354	4.0289947582492776
LINC00622	IM356	1.0086100524478088
LINC00622	IM364	4.06954673393178
LINC00622	IM372	0.9999907178682895
LINC00622	IM374	1.0494515301768887
LINC00622	IM376	2.0303480061327672
LINC00622	IM381	4.05022316399558
LINC00622	IM382	1.0318406015848964
LINC00622	IM385	28
LINC00622	IM390	1.028703799246213
LINC00622	IM397	1.011384661421074
LINC00622	IM404	23.066297850877064
LINC00622	IM409	31.177598706930205
LINC00622	IM412	3
LINC00622	IM421	15.238476956383233
LINC00622	IM425	1.0543133661346646
LINC00622	IM432	1.0420143643186235
LINC00622	IM438	11
LINC00622	IM442	8.340877824950068
LINC00622	IM445	4.0462191885929375
LINC00622	IM448	1.0230255913150224
LINC00622	IM449	7.059126100685912
LINC00622	IM451	12.06223621129322
LINC00622	IMSA256	7.028694547487597
LINC00622	IMSA276	19
LINC00622	IMSA286	12
LINC00622	IMSA343	1.0125207868802717
LINC00622	IS_238	9
LINC00622	IS238	7.165638623140365
LINC00622	IS243	7
LINC00622	IS253	16
LINC00622	IS283	4
LINC00622	IS322	3.0319191718423304
LINC00622	IS399	13.094288482953772
LINC00622	IS418	1.0947511027862358
LINC00622	IS430	1.0847548398304163
LINC00622	IS437	1.0822383787243768
LINC00622	IS444	5.189248613246528
LINC00622	R276CMSA	1.0649255307900556
LINC00622	R286CMSA	8
LINC00622	R292CMSA	8.033660965996225
LINC00622	R292IMSA	1.0768750693977573
LINC00622	R308CMSA	1.070354522560454
LINC00622	R316IMSA	3.059595161933781
LINC00622	R347CMSA	1.0679448775774594
LINC00622	R347IMSA	1.0654084912781197
LINC00622	R371CMSA	7.027974031389974
LINC00622	SRR10104064	1.1130827181735787
LINC00622	SRR10104065	1.0058655806218886
LINC00622	SRR10104066	1.0187563340359607
LINC00622	SRR10104067	1.0232571372704031
LINC00622	SRR10104068	1.004671476542523
LINC00622	SRR10104069	1.011490802424949
LINC00622	SRR10104070	1.0295865545572511
LINC00622	SRR10104071	1.1619835297694339
LINC00622	SRR10104072	1.071723239794756
LINC00622	SRR10104073	1.0458357877247761
LINC00622	SRR10104074	1.099722320793923
LINC00622	SRR10104075	1.1547542285600578
LINC00622	SRR10104076	1.0278239688724724
LINC00622	SRR10104077	1.1040752320803593
LINC00622	SRR10104078	1.0419214016168303
LINC00622	SRR10104079	1.092856600461782
LINC00622	SRR10104080	1.1254280913603063
LINC00622	SRR10104081	1.0158936181922817
LINC00622	SRR10104082	1.085647260281074
LINC00622	SRR10104083	1.065596706440916
LINC00622	SRR10104084	1.0701241548355385
LINC00622	SRR10104085	1.0224852129879336
LINC00622	SRR10104086	1.0249330155513252
LINC00622	SRR10104087	2.006419609796209
LINC00622	SRR10104088	1.0091188297931257
LINC00622	SRR10104089	1.1387124115642702
LINC00622	SRR10104090	1.0265054935122315
LINC00622	SRR10104091	1.0429313075146665
LINC00622	SRR10104092	1.0127653613232732
LINC00622	SRR10104093	1.0347712127539488
LINC00622	SRR10104094	1.0344440824548444
LINC00622	SRR10104095	1.0555296586127236
LINC00622	SRR10104096	1.1499993829134103
LINC00622	SRR10104097	1.0654329597407752
LINC00622	SRR10104098	1.0299665441303483
LINC00622	SRR10104099	1.0483148195050975
LINC00622	SRR10104100	1.0292800559938342
LINC00622	SRR10104101	1.0055788173830293
LINC00622	SRR10104102	1.0153539684721093
LINC00622	SRR10104103	2.1066194020947835
LINC00622	SRR10104104	1.0155160029658645
LINC00622	SRR10104105	1.0837919884500646
LINC00622	SRR10104106	1.1337110372727635
LINC00622	SRR10104107	1.0095882284245328
LINC00622	SRR10104108	1.0068598403855975
LINC00622	SRR10104109	1.122307744225592
LINC00622	SRR10104110	1.1932010382175424
LINC00622	SRR10104111	1.0329711095071032
LINC00622	SRR10104112	1.189872391069202
LINC00622	SRR10104113	1.0362854178746606
LINC00622	SRR10104114	1.1753108824133915
LINC00622	SRR10104115	1.1481195623107094
LINC00622	SRR10104116	1.0476231912417615
LINC00622	SRR10104117	1.0392927622091388
LINC00622	SRR10104118	1.1479902353871632
LINC00622	SRR10104119	1.1922096850664645
LINC00622	SRR10104120	1.0274397025883788
LINC00622	SRR10104121	1.0845670123047944
LINC00622	SRR10104122	1.0930951060141245
LINC00622	SRR10104123	1.085068060584876
LINC00622	SRR10104124	1.1194016065014738
LINC00622	SRR10104125	1.1032322088701674
LINC00622	SRR10104126	1.0403589846827273
LINC00622	SRR10104127	1.1896601506984525
LINC00622	SRR10104128	1.0289581177608564
LINC00622	SRR10104129	1.0264252644778067
LINC00622	SRR10104130	4.168409092271433
LINC00622	SRR10104131	1.0113537446977683
LINC00622	SRR10104132	2.0144715873367174
LINC00622	SRR10104133	1.1678104114751833
LINC00622	SRR10104134	1.0304204630626266
LINC00622	SRR10104135	1.1047925227370805
LINC00622	SRR10104136	1.0150534484689004
LINC00622	SRR10104137	1.1111543351913287
LINC00622	SRR10104138	1.1987125395645137
LINC00622	SRR10104139	2.022768602203111
LINC00622	SRR10104140	1.1457522859106466
LINC00622	SRR10104141	1.0612182077092946
LINC00622	SRR10104142	1.0527512259784992
LINC00622	SRR10104143	1.008193511450258
LINC00622	SRR10104144	1.0610832116326332
LINC00622	SRR10104145	1.064530164787135
LINC00622	SRR10104146	1.009628265187365
LINC00622	SRR10104147	1.0017090245686449
LINC00622	SRR10104148	3.159439700495635
LINC00622	SRR10104149	1.0479500129388701
LINC00622	SRR10104150	1.0116520854708597
LINC00622	SRR10104151	2.0153197263175207
LINC00622	SRR10104152	2.011246319240141
LINC00622	SRR10104153	1.1050859670242814
LINC00622	SRR10104154	1.0306607864494586
LINC00622	SRR10104155	1.0906050803328398
LINC00622	SRR10104156	1.0040671518845923
LINC00622	SRR10104157	1.0501594045532703
LINC00622	SRR10104158	1.0205995039478943
LINC00622	SRR10104159	1.0126727839776568
LINC00622	SRR10104160	1.1286682368212853
LINC00622	SRR10104161	1.001725803535813
LINC00622	SRR10104162	1.0204815952038468
LINC00622	SRR10104163	1.0302878151561219
LINC00622	SRR10104164	1.019679849157473
LINC00622	SRR10104165	1.03911950298106
LINC00622	SRR10104166	1.0411103906912247
LINC00622	SRR10104167	1.0226405407254509
LINC00622	SRR10104168	1.0290037923240252
LINC00622	SRR10104169	1.0249138391060775
LINC00622	SRR10104170	1.0302024526513764
LINC00622	SRR10104171	1.0241039729391117
LINC00622	SRR10104172	1.03424738641328
LINC00622	SRR10104173	1.0618085302182145
LINC00622	SRR10104174	1.034206476188313
LINC00622	SRR10104175	1.0226611988789944
LINC00622	SRR10104176	1.022603053209032
LINC00622	SRR10104177	1.0254564567414526
LINC00622	SRR10104178	1.0386957245885173
LINC00622	SRR10104179	1.0349830414340861
LINC00622	SRR10104180	2.0440138131155714
LINC00622	SRR10104181	1.027045780065536
LINC00622	SRR10104182	1.0354701224080693
LINC00622	SRR10104183	1.0485327945215122
LINC00622	SRR10104184	1.0213982799506043
LINC00622	SRR10104185	1.0655022783512398
LINC00622	SRR10104186	1.0334077154577568
LINC00622	SRR10104187	1.0797577801431373
LINC00622	SRR10104188	1.0555862389878126
LINC00622	SRR10104189	1.0614348924771675
LINC00622	SRR10104190	1.1491016556665985
LINC00622	SRR10104191	1.1421287584167092
LINC00622	SRR10104192	1.0261807524628852
LINC00622	SRR10104193	1.0402803652655077
LINC00622	SRR10104194	1.0434484830599333
LINC00622	SRR10104195	1.0425282185704265
LINC00622	SRR10104196	1.0410873692447795
LINC00622	SRR10104197	1.0169436235163218
LINC00622	SRR10104198	1.0259518061643405
LINC00622	SRR10104199	1.0845523092555243
LINC00622	SRR10104200	1.0357609839017698
LINC00622	SRR10104201	1.026296611985634
LINC00622	SRR10104202	1.0684453214497531
LINC00622	SRR10104203	1.0227196084030068
LINC00622	SRR10104204	1.0316115330113982
LINC00622	SRR10104205	1.0269817679691475
LINC00622	SRR10104206	1.0290184053987292
LINC00622	SRR10104207	2.0657971518371605
LINC00622	SRR10104208	1.0176894368252343
LINC00622	SRR10104209	1.0231987105755664
LINC00622	SRR10104210	1.0264643950508716
LINC00622	SRR10104211	1.0187996043213206
LINC00622	SRR10104212	1.0187854652070223
LINC00622	SRR10104213	1.0607243748787123
LINC00622	SRR10104214	1.0302508387945404
LINC00622	SRR10104215	1.0107265960976537
LINC00622	SRR10104216	1.062180780035933
LINC00622	SRR10104217	1.0250110331492008
LINC00622	SRR10104218	1.0655646431950403
LINC00622	SRR10104219	1.0652648347042482
LINC00622	SRR10104220	1.0355693278203462
LINC00622	SRR10104221	1.090516632710812
LINC00622	SRR10104222	1.0387327316632746
LINC00622	SRR10104223	1.1801672204919216
LINC00622	SRR10104224	1.0254993311004128
LINC00622	SRR10104225	1.031660376130715
LINC00622	SRR10104226	1.0392769039353207
LINC00622	SRR10104227	1.0779388239392174
LINC00622	SRR10104228	1.1232105220166013
LINC00622	SRR10104229	1.0373617848705414
LINC00622	SRR10104230	1.1040752320803593
LINC00622	SRR10104231	1.07822501247679
LINC00622	SRR10104232	1.0611514448074382
LINC00622	SRR10104233	1.0734096428277802
LINC00622	SRR10104234	1.0234328696081605
LINC00622	SRR10104235	1.0441915254956329
LINC00622	SRR10104236	1.0093068320098109
LINC00622	SRR10104237	1.018564797188093
LINC00622	SRR10104238	1.0719766937133695
LINC00622	SRR10104239	1.0633581535162346
LINC00622	SRR10104240	1.0749579917487644
LINC00622	SRR10104241	1.0409403926955196
LINC00622	SRR10104242	1.0656340036600613
LINC00622	SRR10104243	1.0687486815714031
LINC00622	SRR10104244	1.0398815876953509
LINC00622	SRR10104245	1.0418117622330036
LINC00622	SRR10104246	1.108828569841403
LINC00622	SRR10104247	1.0579544780318526
LINC00622	SRR10104248	1.076529224426155
LINC00622	SRR10104249	1.0273315870858695
LINC00622	SRR10104250	1.157197552838617
LINC00622	SRR10104251	1.0471142307724335
LINC00622	SRR10104252	1.1838765721178106
LINC00622	SRR10104253	1.09991256534321
LINC00622	SRR10104254	1.0374696909056962
LINC00622	SRR10104255	1.031244552450183
LINC00622	SRR10104256	1.0295241963821637
LINC00622	SRR10104257	1.038122821814693
LINC00622	SRR10104258	1.0309181491976231
LINC00622	SRR10224277	1.0245658638211308
LINC00622	SRR10224278	1.0942848190075063
LINC00622	SRR10224279	1.0908476973919505
LINC00622	SRR10224280	33.75356207655477
LINC00622	SRR10224281	1.016181154880479
LINC00622	SRR10224282	1.0506840927867773
LINC00622	SRR10224283	1.04241966767901
LINC00622	SRR10224284	1.1113405704367834
LINC00622	SRR10224285	1.1302600125483513
LINC00622	SRR10224286	1.0254727500696328
LINC00622	SRR10224287	1.034206476188313
LINC00622	SRR10224288	1.0982502736059643
LINC00622	SRR10224289	1.095574558517596
LINC00622	SRR10224290	1.0979938990127511
LINC00622	SRR10224291	1.031258864476703
LINC00622	SRR10224292	1.0118994173300337
LINC00622	SRR10224293	1.0308254672852508
LINC00622	SRR10224294	1.0583494992707134
LINC00622	SRR10224295	1.0871371976243258
LINC00622	SRR10224296	1.0551062717044821
LINC00622	SRR10224297	1.1298237190995832
LINC00622	SRR10224298	1.0332669442805347
LINC00622	SRR10318388	6.045387023992321
LINC00622	SRR10318389	6.028847537971043
LINC00622	SRR10318390	2.0250985236494805
LINC00622	SRR10318391	3.0365648384728443
LINC00622	SRR10318392	7.099163484476976
LINC00622	SRR10318393	4.011652692065468
LINC00622	SRR10318394	3.0408051444691755
LINC00622	SRR10318395	3.0136565074435158
LINC00622	SRR10318396	4.033014766795356
LINC00622	SRR10318397	4.024254785778618
LINC00622	SRR10318398	1.0035908666536983
LINC00622	SRR10318399	2.1004603742173322
LINC00622	SRR10318400	4.060119788632008
LINC00622	SRR10318401	4.014785934811921
LINC00622	SRR10318402	5.021550323439221
LINC00622	SRR10318403	3.014883663418494
LINC00622	SRR10318404	2.0035676388007277
LINC00622	SRR10318405	4.010086987785417
LINC00622	SRR10318406	4.018698862901605
LINC00622	SRR10318407	2.019992801495311
LINC00622	SRR10318408	6.018561668212164
LINC00622	SRR10318409	3.0095348164339812
LINC00622	SRR10318410	9.037193804575233
LINC00622	SRR10318411	4.014785934811921
LINC00622	SRR10318412	4.019808478286801
LINC00622	SRR10318413	2.0078865942447375
LINC00622	SRR10318414	4.0241862006174385
LINC00622	SRR10318415	3.0198131080653203
LINC00622	SRR10318416	6.060765911943587
LINC00622	SRR10318417	3.021984507027647
LINC00622	SRR10318418	9.034466051443074
LINC00622	SRR10318419	4.016340524586065
LINC00622	SRR10318420	8.014649794459508
LINC00622	SRR10318421	4.01942188401732
LINC00622	SRR10318422	2.0043222168337302
LINC00622	SRR10318423	3.0048108499675883
LINC00622	SRR10318424	5.010666263477288
LINC00622	SRR10318425	8.053054158020725
LINC00622	SRR10318426	3.2867236755527878
LINC00622	SRR10318427	1.1082523998937106
LINC00622	SRR10318428	6.0083763763013
LINC00622	SRR10318429	6.024225717530995
LINC00622	SRR10318430	8.07080811010773
LINC00622	SRR10318431	18.094705297472277
LINC00622	SRR10318432	5.009002998101856
LINC00622	SRR10318433	1.275527749073799
LINC00622	SRR10318434	2.0063370191673306
LINC00622	SRR10318435	5.030355559546932
LINC00622	SRR10318436	23.06528075890063
LINC00622	SRR10318437	2.0014397023245074
LINC00622	SRR10318438	10.012906877364744
LINC00622	SRR10318439	3.012397934858411
LINC00622	SRR10318440	1.0160161405406791
LINC00622	SRR10318441	10.028076383933612
LINC00622	SRR10318442	4.116389039207651
LINC00622	SRR10318443	5.01162311091715
LINC00622	SRR10318444	2.0175851772392095
LINC00622	SRR10318445	3.037277264215823
LINC00622	SRR10318446	4.0160406579802705
LINC00622	SRR10318447	2.021482658631494
LINC00622	SRR10318448	2.0143549241320526
LINC00622	SRR10318449	1.0021020527610582
LINC00622	SRR10318450	4.021591727948812
LINC00622	SRR10318451	4
LINC00622	SRR10318452	3.0190411758609366
LINC00622	SRR10318453	7.140898059406578
LINC00622	SRR10318454	2.0095880753490887
LINC00622	SRR10318455	9.05537183073916
LINC00622	SRR10318456	3.020077023209715
LINC00622	SRR10318457	3.004953039106962
LINC00622	SRR10318458	2.026121533000211
LINC00622	SRR10318459	6.040027264179075
LINC00622	SRR10318460	4.0161779101295885
LINC00622	SRR10318461	2.0071817333073967
LINC00622	SRR10318462	2.013630297459443
LINC00622	SRR10318463	3.0095975282617573
LINC00622	SRR10318464	4.025549285284747
LINC00622	SRR10318465	4.004020915033877
LINC00622	SRR10318466	3.0287174168062148
LINC00622	SRR10318467	1.005163326868066
LINC00622	SRR10318468	1.0099265873940113
LINC00622	SRR10318469	9.03362976321868
LINC00622	SRR10318470	3
LINC00622	SRR10318471	5
LINC00622	SRR10318472	4.017975971844278
LINC00622	SRR10318473	3.0118560590915253
LINC00622	SRR10318474	4.017130408577947
LINC00622	SRR10318475	6.024611699485671
LINC00622	SRR10318476	3.011130179632835
LINC00622	SRR10318495	6.007111943066833
LINC00622	SRR10318496	2.017878235769392
LINC00622	SRR10318497	4.02309335762099
LINC00622	SRR10318498	1.0009445377129693
LINC00622	SRR10318499	2.002431859445557
LINC00622	SRR10318500	6.034973878229965
LINC00622	SRR10318501	7.03451350540728
LINC00622	SRR10318502	11.00593823786981
LINC00622	SRR10318503	1.0019060282634729
LINC00622	SRR10318504	2.0136434013266955
LINC00622	SRR10318505	7.005038958135776
LINC00622	SRR10318506	1.012140088058167
LINC00622	SRR10318507	4.049123250174954
LINC00622	SRR10318508	2.062427449412944
LINC00622	SRR10318509	4.028218440850173
LINC00622	SRR10318510	1.008125313584785
LINC00622	SRR10318511	3.0037802387187362
LINC00622	SRR10318512	9.069767840061875
LINC00622	SRR10318513	1.0033796658956018
LINC00622	SRR10318514	4.018613947125729
LINC00622	SRR10318515	6.073110096501036
LINC00622	SRR10318516	2.0120931003087192
LINC00622	SRR10318517	3.0081063446266825
LINC00622	SRR10318518	2.014681542087307
LINC00622	SRR10318519	2.009649507739891
LINC00622	SRR10318520	4.008045872007182
LINC00622	SRR10318521	1.0036752754292169
LINC00622	SRR10318522	1.0013960627168832
LINC00622	SRR10318523	7.0160804975196225
LINC00622	SRR10318524	1.0079332911520626
LINC00622	SRR10318525	4.025333787110624
LINC00622	SRR10318526	2.013268081880607
LINC00622	SRR10318527	5.00179930415609
LINC00622	SRR10318528	8.020638471269557
LINC00622	SRR10318529	4.009066299998424
LINC00622	SRR10318530	2.0137920162207337
LINC00622	SRR10318531	2.018126732364305
LINC00622	SRR10318532	6.051024722369665
LINC00622	SRR10318533	1.0236532940435767
LINC00622	SRR10318534	2.0357596258700172
LINC00622	SRR10318535	1.0158026224654026
LINC00622	SRR10318536	4.016584908108115
LINC00622	SRR10318537	3.033247057567706
LINC00622	SRR10318538	4.007624113053891
LINC00622	SRR10318539	5.03751452524092
LINC00622	SRR10318540	4.022192312547521
LINC00622	SRR10318541	4.029600541705775
LINC00622	SRR10318542	1.0082966874658166
LINC00622	SRR10318543	4.0409260477392035
LINC00622	SRR10318544	1.0025176493501762
LINC00622	SRR10318545	1.0089020059058134
LINC00622	SRR10318546	6.0086413230612195
LINC00622	SRR10318547	5.020356279070305
LINC00622	SRR10318548	9.044374506952217
LINC00622	SRR10318549	1.0071774620660263
LINC00622	SRR10318568	6.019258829388627
LINC00622	SRR10318569	4.003599579619063
LINC00622	SRR10318570	4.043974299544716
LINC00622	SRR10318571	4.003599579619063
LINC00622	SRR10318572	3.014474261609837
LINC00622	SRR10318573	1.001545611227314
LINC00622	SRR10318574	6.014922022079889
LINC00622	SRR10318575	3.014474261609837
LINC00622	SRR10318576	3.013155161196022
LINC00622	SRR10318577	3.008996052997736
LINC00622	SRR10318578	3.0026996847142975
LINC00622	SRR10318579	6.0190110575019915
LINC00622	SRR10318580	1.0014402205102033
LINC00622	SRR10318581	6
LINC00622	SRR10875803	6.528736651209135
LINC00622	SRR10875804	6.098334961050424
LINC00622	SRR10875805	3.119549399573404
LINC00622	SRR10875806	6.93660592232134
LINC00622	SRR10875807	3.8766475299299326
LINC00622	SRR10875808	10.959951547390052
LINC00622	SRR10875809	3.8084533563678233
LINC00622	SRR10875810	12.736321511759957
LINC00622	SRR10875812	2
LINC00622	SRR10875813	6.514198542191371
LINC00622	SRR10875814	8.032570046512488
LINC00622	SRR10875815	4
LINC00622	SRR10875816	9
LINC00622	SRR10875817	7.7204603860370185
LINC00622	SRR10875818	5.087817943552699
LINC00622	SRR10875819	3
LINC00622	SRR10875820	11.826034789230501
LINC00622	SRR10875821	6.672096634530324
LINC00622	SRR10875822	5.103861546630654
LINC00622	SRR10875823	10
LINC00622	SRR10875824	7.265369216254962
LINC00622	SRR10875825	10.018312243074385
LINC00622	SRR10875826	6.756471031944324
LINC00622	SRR10875827	7.047333044184665
LINC00622	SRR10875829	1.5086427338721935
LINC00622	SRR10875830	5
LINC00622	SRR10875831	3.0109053636888077
LINC00622	SRR10875832	5
LINC00622	SRR10875834	4.013695644633393
LINC00622	SRR10875835	5
LINC00622	SRR10875836	5.656241956695494
LINC00622	SRR10875837	1.608272070704591
LINC00622	SRR10875838	5
LINC00622	SRR10875839	6.673223283564623
LINC00622	SRR10875840	4.90240105014467
LINC00622	SRR10875841	21.08135035383069
LINC00622	SRR10875842	2.085383038589856
LINC00622	SRR10875843	2.207901346921362
LINC00622	SRR10875844	5.626625348134969
LINC00622	SRR10875845	5.43719852715877
LINC00622	SRR10875846	3.7431118118496047
LINC00622	SRR10875847	6.023058835476688
LINC00622	SRR10875848	4
LINC00622	SRR10875849	14.486584690348854
LINC00622	SRR10875850	4.000719656924175
LINC00622	SRR10875851	7.877091096015163
LINC00622	SRR10875852	8.903555768027058
LINC00622	SRR10875853	4.009066299998424
LINC00622	SRR10875854	5.04830544042509
LINC00622	SRR10875855	9.513502647331409
LINC00622	SRR10875856	4.7281320955064725
LINC00622	SRR10875857	6.960316311878464
LINC00622	SRR10875858	3.7511524041194138
LINC00622	SRR10875859	5
LINC00622	SRR10875860	7.199803726043865
LINC00622	SRR10875861	3.5495044367256243
LINC00622	SRR10875862	7.556337541043761
LINC00622	SRR10875863	9.049257020334574
LINC00622	SRR10875864	9
LINC00622	SRR10875865	4.238017907844173
LINC00622	SRR10875866	9.672640590454726
LINC00622	SRR10875867	13.448335320801936
LINC00622	SRR10875868	7.997043903462294
LINC00622	SRR10875869	17
LINC00622	SRR10875870	12.164927149162576
LINC00622	SRR10875871	6.001079485386262
LINC00622	SRR10875872	8.187680240005504
LINC00622	SRR10875873	19.37214175579911
LINC00622	SRR10875874	8.209675356608553
LINC00622	SRR10875875	8.901035869441865
LINC00622	SRR10875876	4
LINC00622	SRR10875877	7.283415019690234
LINC00622	SRR10875878	3.0238736969107096
LINC00622	SRR10875879	5
LINC00622	SRR10875880	8.032435500483414
LINC00622	SRR10875881	2.3444750390874582
LINC00622	SRR10875882	8
LINC00622	SRR10875883	6.038966377485511
LINC00622	SRR10875884	3.89871064366696
LINC00622	SRR10875885	3.0057180847904186
LINC00622	SRR10875886	1.0075645039987202
LINC00622	SRR10875887	6
LINC00622	SRR10875888	5.141334681164601
LINC00622	SRR10875889	4.009066299998424
LINC00622	SRR10875890	9.020399174996454
LINC00622	SRR10875891	8
LINC00622	SRR10875892	15.968410156104994
LINC00622	SRR10875893	17
LINC00622	SRR10875894	4.6697753131030915
LINC00622	SRR10875895	3
LINC00622	SRR10875896	1.01011154427121
LINC00622	SRR10875897	3.0078313722477366
LINC00622	SRR10875898	10.48335693262518
LINC00622	SRR10875899	12.606383043177647
LINC00622	SRR10875900	6.022894136824122
LINC00622	SRR10875901	13.028763331979642
LINC00622	SRR10875902	4.0185760164658895
LINC00622	SRR12430469	100
LINC00622	SRR12430470	101.41923395391859
LINC00622	SRR12430471	74.94442991228439
LINC00622	SRR12430472	152.31372090961096
LINC00622	SRR12430473	78
LINC00622	SRR12430474	53.03505502919743
LINC00622	SRR12430475	116.19198661303268
LINC00622	SRR12430476	110
LINC00622	SRR12765534	3
LINC00622	SRR12765535	2.005315802879815
LINC00622	SRR12765536	3.0138873016576317
LINC00622	SRR12765537	6.025429914110237
LINC00622	SRR12765538	3.1028905679875964
LINC00622	SRR12765539	4.125651246020575
LINC00622	SRR12765540	5.015661434909286
LINC00622	SRR12765541	1.009703651326794
LINC00622	SRR12765542	2
LINC00622	SRR12765543	1.0164158147198445
LINC00622	SRR12765544	3.034815010197439
LINC00622	SRR12765545	5.047335850669311
LINC00622	SRR12765546	3.090774025598054
LINC00622	SRR12765547	4.0324231913367905
LINC00622	SRR12765548	8.163676588012661
LINC00622	SRR12765549	4.030693971771029
LINC00622	SRR12765550	1.040117424009284
LINC00622	SRR12765551	2.027703411734355
LINC00622	SRR12765552	1.0415854347971876
LINC00622	SRR12765553	1.044787541309448
LINC00622	SRR12765554	1.0319374576290212
LINC00622	SRR12765555	1.0207802232545309
LINC00622	SRR12765556	3.046497871331214
LINC00622	SRR12765557	10.105307135967784
LINC00622	SRR12765558	1.0516646996103904
LINC00622	SRR12765559	3.0057180847904186
LINC00622	SRR12765560	7.135203510963887
LINC00622	SRR12765561	1.002838293865245
LINC00622	SRR12765562	1.015740519865274
LINC00622	SRR12765563	11.080424258222996
LINC00622	SRR12765564	9.019052269528558
LINC00622	SRR12765565	8.034131665857327
LINC00622	SRR12765566	4.028833004487445
LINC00622	SRR12765567	3.0398703091747366
LINC00622	SRR12765568	5.052030876890151
LINC00622	SRR12765569	1.0115080415029285
LINC00622	SRR12765570	12.086129544792314
LINC00622	SRR12765571	2.022377515938904
LINC00622	SRR12765572	4.026513858147715
LINC00622	SRR12765573	1.0345835410136228
LINC00622	SRR12765574	8.055676826085415
LINC00622	SRR12765575	1.0242231235437018
LINC00622	SRR12765576	2.0498853181752708
LINC00622	SRR12765577	1.0460059726823405
LINC00622	SRR12765578	5.075924979292546
LINC00622	SRR12765579	2.017099515167158
LINC00622	SRR12765580	4.045693441875011
LINC00622	SRR12765581	3.0487921374734506
LINC00622	SRR12765582	7.007036601309285
LINC00622	SRR12765583	7.062262406029858
LINC00622	SRR12765584	4.050112652207157
LINC00622	SRR12765585	6.066947083407972
LINC00622	SRR12765586	7.037176470615574
LINC00622	SRR12765587	3.0354991612808306
LINC00622	SRR12765588	6.04197773461805
LINC00622	SRR12765589	1.0183753378209024
LINC00622	SRR12765590	1.0294216534098712
LINC00622	SRR12765591	2.0562669413136656
LINC00622	SRR12765592	1.0165367644372587
LINC00622	SRR12765593	3.0252988367142835
LINC00622	SRR12765594	3.069825267188964
LINC00622	SRR12765595	3.036054663518931
LINC00622	SRR12765596	4.0178531475064085
LINC00622	SRR12765597	9.07275204273189
LINC00622	SRR12765598	5.036158384022544
LINC00622	SRR12765599	7.021655279580858
LINC00622	SRR12765600	1.0430935413616602
LINC00622	SRR12765601	1.0221622395262338
LINC00622	SRR12765602	3.0260174891990483
LINC00622	SRR12765603	1.0100331670398786
LINC00622	SRR12765604	2.0163260353818857
LINC00622	SRR12765605	5.039078702028648
LINC00622	SRR12765606	3.0399106753693106
LINC00622	SRR12765607	4.03513499126914
LINC00622	SRR12765608	5.044409269895898
LINC00622	SRR12765609	5.0242611561933845
LINC00622	SRR12765610	1.008763978794329
LINC00622	SRR12765611	4.022247895510595
LINC00622	SRR12765612	3.0136849528379512
LINC00622	SRR12765613	1.006036695926273
LINC00622	SRR12765614	3.0140241471762033
LINC00622	SRR12765615	3.02754962807112
LINC00622	SRR12765616	4.024732733434085
LINC00622	SRR12765617	4.034022006560285
LINC00622	SRR12765618	3.0707162618721546
LINC00622	SRR12765619	6.131333375078839
LINC00622	SRR12765620	5.040905351476082
LINC00622	SRR12765621	10.026231534549817
LINC00622	SRR12765622	4.088102268145798
LINC00622	SRR12765623	8
LINC00622	SRR12765624	4.015917892802448
LINC00622	SRR12765625	2.016715308609971
LINC00622	SRR12765626	7.034728547976487
LINC00622	SRR12765627	12.006478077676157
LINC00622	SRR12765628	1.0416404899160054
LINC00622	SRR12765629	3.0974508496970627
LINC00622	SRR12765630	10.01725803535813
LINC00622	SRR12765631	5.03030079058201
LINC00622	SRR12765632	2.013170362593027
LINC00622	SRR12765633	4.078253265248486
LINC00622	SRR12765634	4.021862603428772
LINC00622	SRR12765635	5.116071061027327
LINC00622	SRR12765636	2.024439468659271
LINC00622	SRR12765637	2.0713517411672804
LINC00622	SRR12765638	4
LINC00622	SRR12765639	3.093715121925995
LINC00622	SRR12765640	8.040644616927661
LINC00622	SRR12765641	3.0573305853160555
LINC00622	SRR12765642	3.0073406910592437
LINC00622	SRR12765643	2.0283400598437025
LINC00622	SRR12765644	3.010762892895811
LINC00622	SRR12765645	1.0289926005960395
LINC00622	SRR12765646	1.0068290619802291
LINC00622	SRR12765647	3.087890985936391
LINC00622	SRR12765648	1.0119067516462763
LINC00622	SRR12765649	4.198154191429447
LINC00622	SRR12765650	3.055153682877002
LINC00622	SRR12765651	2.056560433988745
LINC00622	SRR12765652	4.043134995536091
LINC00622	SRR12774664	3.015946551046109
LINC00622	SRR12774665	1.0135566637804032
LINC00622	SRR12774666	4.042766500286479
LINC00622	SRR12774667	3.045338963659929
LINC00622	SRR12774668	3.1602455245620766
LINC00622	SRR12774669	1.0186226106952725
LINC00622	SRR12774670	4.19645207969551
LINC00622	SRR12774671	1.0484655565231629
LINC00622	SRR12774672	2.0123876875693587
LINC00622	SRR12774673	4.05742436540896
LINC00622	SRR12774674	1.0244413045784626
LINC00622	SRR12774675	1.034652092580572
LINC00622	SRR12774676	2.0131095397718455
LINC00622	SRR12774677	2.0219519165450515
LINC00622	SRR12774678	1.0438847092278365
LINC00622	SRR12774679	2.04682931662111
LINC00622	SRR12774680	1.0142412524286228
LINC00622	SRR12774681	12.104760526453909
LINC00622	SRR12774682	3.031958135534975
LINC00622	SRR12774683	1.0071464844271232
LINC00622	SRR12774684	5.026444473621418
LINC00622	SRR12774685	5.036947311099313
LINC00622	SRR12774686	6.109010002884344
LINC00622	SRR12774687	1.0294604238537992
LINC00622	SRR1609360	2.0992249576925177
LINC00622	SRR1609361	2.0528846368458797
LINC00622	SRR1609362	2.1370002626826157
LINC00622	SRR1609363	6.044603305797113
LINC00622	SRR1609364	4.034992426515397
LINC00622	SRR1609365	2.0292679659528767
LINC00622	SRR1609366	4.023025970566445
LINC00622	SRR1609367	4.010931068486513
LINC00622	SRR1609368	4.022611878597814
LINC00622	SRR1609369	2.0017997898095317
LINC00622	SRR1609370	3.006258856248378
LINC00622	SRR1609371	1.0304964007766504
LINC00622	SRR1609372	5.004125830341534
LINC00622	SRR1609373	2.0151225109976876
LINC00622	SRR1609374	4.010509005929549
LINC00622	SRR1609375	3.0199944401518444
LINC00622	SRR1609376	5.081317632775449
LINC00622	SRR1609377	1.0053810915116634
LINC00622	SRR1609378	2.035545732402475
LINC00622	SRR1609379	2.003662448614877
LINC00622	SRR1609380	3.048007193742283
LINC00622	SRR1609381	4.002879404649015
LINC00622	SRR1609382	4.058219830727589
LINC00622	SRR1609383	3.031580778925743
LINC00622	SRR1609384	5.049395476070323
LINC00622	SRR1609385	2.014974910786372
LINC00622	SRR1609386	2.0135965690314332
LINC00622	SRR1609387	1.0076068991803102
LINC00622	SRR1609388	1.0130372052474508
LINC00622	SRR1609389	5.012678004330178
LINC00622	SRR1609390	3.0394823607755903
LINC00622	SRR1609391	3.1929505671765894
LINC00622	SRR1609392	8.12636108217974
LINC00622	SRR1609393	2.0903203059802395
LINC00622	SRR1609394	4.113637344476776
LINC00622	SRR1609395	2.011246319240141
LINC00622	SRR1609396	2.002275899000563
LINC00622	SRR1609397	1.0149403288090864
LINC00622	SRR1609398	4.018876072379862
LINC00622	SRR1609399	1.0038679712350747
LINC00622	SRR1609400	2.0044382989849914
LINC00622	SRR1609401	2.021601359711825
LINC00622	SRR1609402	2.008987985922139
LINC00622	SRR1609403	2.00651455456704
LINC00622	SRR1609404	6.073293585616812
LINC00622	SRR1609405	5.034139595615377
LINC00622	SRR1609406	2.0081956917187083
LINC00622	SRR1609407	2.004848518513935
LINC00622	SRR1609408	4.031518875876709
LINC00622	SRR1609409	2.0385672562870814
LINC00622	SRR1609410	1
LINC00622	SRR1609411	3.1604452333342863
LINC00622	SRR1609412	13
LINC00622	SRR1609413	5.772456058529541
LINC00622	SRR1609414	6.009906078213924
LINC00622	SRR1609415	4.000719656924175
LINC00622	SRR1609416	8.021753633326808
LINC00622	SRR1609417	7.047900827961033
LINC00622	SRR1609418	2.002908118968387
LINC00622	SRR1609419	4.019625283254936
LINC00622	SRR1609420	4.019108829257083
LINC00622	SRR1609421	2.0129864653339586
LINC00622	SRR1609422	2.034001491598693
LINC00622	SRR1609423	4.217253464538659
LINC00622	SRR1609424	1.0793326783308919
LINC00622	SRR1609425	3.004953039106962
LINC00622	SRR1609426	4.019104717289987
LINC00622	SRR1609427	5.026614336599396
LINC00622	SRR1609428	1.0087253265689666
LINC00622	SRR1609429	1.0012906877364744
LINC00622	SRR1609430	2.0083538468381787
LINC00622	SRR1609431	7.05309240728348
LINC00622	SRR1609432	5.007728056136569
LINC00622	SRR1609433	6.050948099317403
LINC00622	SRR1609434	4.0611364500153675
LINC00622	SRR1609435	6.027679760678146
LINC00622	SRR1609436	3.0098222465533446
LINC00622	SRR1609437	2.0443256573171875
LINC00622	SRR1609438	1.0325930752618184
LINC00622	SRR1609439	3.045131602924159
LINC00622	SRR1609440	6.0154788534521675
LINC00622	SRR1609441	5.01133287499803
LINC00622	SRR1609442	2.0148192882121223
LINC00622	SRR1609443	3.026746957473753
LINC00622	SRR1609444	4.002159359225385
LINC00622	SRR1609445	4.014118042549502
LINC00622	SRR1609446	2.022858519347924
LINC00622	SRR1609447	2.4686617719160973
LINC00622	SRR1609448	5.04442553368413
LINC00622	SRR1609449	4.010019818588345
LINC00622	SRR1609450	4.0083451416645035
LINC00622	SRR1609451	3.0394734513845734
LINC00622	SRR1609452	1.2640053263343127
LINC00622	SRR1609453	7.012892870374697
LINC00622	SRR1609454	4.065599093842974
LINC00622	SRR1609455	1.252344349611058
LINC00622	SRR1609456	2.009791348057258
LINC00622	SRR1609457	2.0133911735365912
LINC00622	SRR1609458	2.481859220628708
LINC00622	SRR1609459	5.0195699506140095
LINC00622	SRR1609460	2.019797942537209
LINC00622	SRR1609461	3.0051270737059346
LINC00622	SRR1609462	4.014962971744793
LINC00622	SRR1609463	3.0198131080653203
LINC00622	SRR1609464	4.045963209699796
LINC00622	SRR1609465	3.0368324540652116
LINC00622	SRR1609466	1.1216427607845454
LINC00622	SRR1609467	3.0364622246831754
LINC00622	SRR1609468	4.006903214143252
LINC00622	SRR1609469	2.0003598284620874
LINC00622	SRR1609470	1.004852231238677
LINC00622	SRR1609471	8.017154577266513
LINC00622	SRR1609472	3.2620959015876383
LINC00622	SRR1609473	1.0580975264984585
LINC00622	SRR1609474	9.023332541036964
LINC00622	SRR1609475	2.0443582340426123
LINC00622	SRR1609476	4.762218356230348
LINC00622	SRR1609477	3.017186971638407
LINC00622	SRR1609478	1.0232796925205707
LINC00622	SRR1609479	7.074533615343143
LINC00622	SRR1609480	6
LINC00622	SRR1609481	2.0212436349928793
LINC00622	SRR1609482	10.037100598776117
LINC00622	SRR1609483	4.0184531737854305
LINC00622	SRR1609484	7.056491264188183
LINC00622	SRR1609485	8.007199159238127
LINC00622	SRR1609486	10.032740821844483
LINC00622	SRR1609487	3.011988870595703
LINC00622	SRR1609488	4.005760882040813
LINC00622	SRR1609489	4.008876597969983
LINC00622	SRR1609490	3.050532141108976
LINC00622	SRR1609491	4.014350523861081
LINC00622	SRR1609492	4
LINC00622	SRR1609493	3.013706987215939
LINC00622	SRR1609494	5.029904661272545
LINC00622	SRR1609495	7.015866024997242
LINC00622	SRR1609496	2.0017997898095317
LINC00622	SRR1609497	4.003599579619063
LINC00622	SRR1609498	4.001439443324872
LINC00622	SRR1609499	2.004233837673013
LINC00622	SRR1609500	5.008629017679065
LINC00622	SRR1609501	3.0038720632094233
LINC00622	SRR1609502	3.039370739304958
LINC00622	SRR1609503	1.2577312251671255
LINC00622	SRR1609504	4
LINC00622	SRR1609505	6
LINC00622	SRR1609506	5.099984933509485
LINC00622	SRR1609507	3.0184981050954516
LINC00622	SRR1609508	2.0010796796126926
LINC00622	SRR1609509	1.0064221997611569
LINC00622	SRR1609510	2.0113964934187734
LINC00622	SRR1609511	4.150076332528666
LINC00622	SRR1609512	7.023756221434624
LINC00622	SRR1609513	5.016302559534238
LINC00622	SRR1609514	3.149415655796775
LINC00622	SRR1609515	7.0138658646343774
LINC00622	SRR1609516	9.037839447653544
LINC00622	SRR1609517	1.0230255913150224
LINC00622	SRR1609518	6.009722363144476
LINC00622	SRR1609519	3.0051774106074394
LINC00622	SRR1609520	1.0793712363413515
LINC00622	SRR1609521	2.0033568072341312
LINC00622	SRR1609522	6.1468328820269384
LINC00622	SRR1609523	3.014382113023633
LINC00622	SRR1609524	2.0338014782818665
LINC00622	SRR1609525	11.061028859505681
LINC00622	SRR1609526	6.12412335587385
LINC00622	SRR1609527	3
LINC00622	SRR1609528	10.089020059058134
LINC00622	SRR1609529	2.052323536575328
LINC00622	SRR1609530	1.0048928994463358
LINC00622	SRR1609531	3.011526818244041
LINC00622	SRR1609532	7.051674677639747
LINC00622	SRR1609533	2.0776421017853592
LINC00622	SRR1609534	8.010544547717075
LINC00622	SRR1609535	1.0447999386373616
LINC00622	SRR1609536	3.0335564933537347
LINC00622	SRR1609537	4.015508251936188
LINC00622	SRR1609538	5
LINC00622	SRR1609539	3.0187234879683995
LINC00622	SRR1609540	5
LINC00622	SRR1609541	1.1005986779971142
LINC00622	SRR1609542	5.011860263407802
LINC00622	SRR1609543	11.022949139577387
LINC00622	SRR1609544	5.02968689399914
LINC00622	SRR1609545	0.842475569847972
LINC00622	SRR1609546	4
LINC00622	SRR1609547	2.010434158258759
LINC00622	SRR1609548	5.092430766098694
LINC00622	SRR1609549	1.0108592213002114
LINC00622	SRR1609550	7
LINC00622	SRR1609551	2.0234870545600563
LINC00622	SRR1609552	4.018275982954585
LINC00622	SRR1609553	9.023921112959167
LINC00622	SRR1609554	4.036856675369553
LINC00622	SRR1609555	2.0071203763532726
LINC00622	SRR1609556	1.0226028348590848
LINC00622	SRR1609557	7.0444102657191605
LINC00622	SRR1609558	3.013022298265091
LINC00622	SRR1609559	4.171725230058666
LINC00622	SRR1609560	4.029681031025866
LINC00622	SRR1609561	7.018273201911385
LINC00622	SRR1609562	5.005026143792346
LINC00622	SRR1609563	5.022385838132814
LINC00622	SRR1609564	4.003831451744257
LINC00622	SRR1609565	1.0254977843458928
LINC00622	SRR1609566	3.0101389976868056
LINC00622	SRR1609567	1.258890072207468
LINC00622	SRR1609568	7
LINC00622	SRR1609569	3
LINC00622	SRR1609570	6.108642724686819
LINC00622	SRR1609571	8.196413157451804
LINC00622	SRR1609572	4.0541339131009115
LINC00622	SRR1609573	10.201751460306042
LINC00622	SRR1609574	2.0104891344528304
LINC00622	SRR1609575	1.0736998596975067
LINC00622	SRR1609576	5.020134910035566
LINC00622	SRR1609577	2.008470162484973
LINC00622	SRR1609578	8.014270555202911
LINC00622	SRR1609579	6.040974371881374
LINC00622	SRR1609580	4.031106342483083
LINC00622	SRR1609581	3.126513091520229
LINC00622	SRR1609582	8.067572686498185
LINC00622	SRR1609583	3.1087360560313573
LINC00622	SRR1609584	6.012417002465188
LINC00622	SRR1609585	8.007199159238127
LINC00622	SRR1609586	3.235874630058878
LINC00622	SRR1609587	2.024497680355194
LINC00622	SRR1609588	5.0701227050548425
LINC00622	SRR1609589	3.0079737043197223
LINC00622	SRR1609590	7.0025190258185255
LINC00622	SRR1609591	1.0032740821844481
LINC00622	SRR1609592	5.034645734110367
LINC00622	SRR1609593	2.0111789428119615
LINC00622	SRR1609594	3.076944515883265
LINC00622	SRR1609595	1.0250719923527887
LINC00622	SRR1609596	1.0026272514823873
LINC00622	SRR1609597	6.025410487454919
LINC00622	SRR1609598	1.027952820823441
LINC00622	SRR1609599	6.1291574478385025
LINC00622	SRR1609600	1.031286113324528
LINC00622	SRR1609601	7.198615062473486
LINC00622	SRR1609602	1.1633952247111359
LINC00622	SRR1609603	6
LINC00622	SRR1609604	3.0213067936081575
LINC00622	SRR1609605	2.0155039644581945
LINC00622	SRR1609606	3.049020482130678
LINC00622	SRR1609607	5.025334912018602
LINC00622	SRR1609608	1.0206596050691408
LINC00622	SRR1609609	2.0664129998227456
LINC00622	SRR1609610	11
LINC00622	SRR1609611	1.0173971986878916
LINC00622	SRR1609612	2.004682822924136
LINC00622	SRR1609613	9.008099054142892
LINC00622	SRR1609614	3.035654750942369
LINC00622	SRR1609615	5.015995880436263
LINC00622	SRR1609616	8
LINC00622	SRR1609617	9
LINC00622	SRR1609618	8.025838748226429
LINC00622	SRR1609619	5.0183128303365665
LINC00622	SRR1609620	1.0128377161891344
LINC00622	SRR1609621	1.00876204659104
LINC00622	SRR1609622	2.0794414515589033
LINC00622	SRR1609623	4.077659617165097
LINC00622	SRR1609624	1.2336696420287332
LINC00622	SRR1609625	5.008101969287063
LINC00622	SRR1609626	3.0238736969107096
LINC00622	SRR1609627	1.0055788173830293
LINC00622	SRR1609628	7.013439115721457
LINC00622	SRR1609629	1.016628015095451
LINC00622	SRR1609630	8.02270635092196
LINC00622	SRR1609631	4
LINC00622	SRR1609632	5
LINC00622	SRR1609633	1.0036658019973412
LINC00622	SRR1609634	7.058814833547854
LINC00622	SRR1609635	2.0505916677856115
LINC00622	SRR1609636	3.102095178421699
LINC00622	SRR1609637	2.008279570882634
LINC00622	SRR1609638	2.0499900982434935
LINC00622	SRR1609639	4.022357885623923
LINC00622	SRR1609640	9.001619228079393
LINC00622	SRR1609641	5.001425861572968
LINC00622	SRR1609642	4
LINC00622	SRR1609643	2.0245549693768075
LINC00622	SRR1609644	3.0032399131191276
LINC00622	SRR1609645	2.006459687056607
LINC00622	SRR1609646	9.021595166821026
LINC00622	SRR1609647	3.063894891424652
LINC00622	SRR1609648	5.018279855443439
LINC00622	SRR1609649	1.0083470307786628
LINC00622	SRR1609650	3.022569088292941
LINC00622	SRR1609651	3.0103637564084114
LINC00622	SRR1609652	4.014417765598941
LINC00622	SRR1609653	5.255693722190508
LINC00622	SRR1609654	2.0702895661704486
LINC00622	SRR1609655	3.020640034984301
LINC00622	SRR1609656	3.043985185748383
LINC00622	SRR1609657	1.0132706137894723
LINC00622	SRR1609658	3.0610885230700777
LINC00622	SRR1609659	1.0080669304680778
LINC00622	SRR1609660	2.007897565688699
LINC00622	SRR1609661	5.007424437091858
LINC00622	SRR1609662	4.018876072379862
LINC00622	SRR1609663	8.021348196128
LINC00622	SRR1609664	8.05884571867936
LINC00622	SRR1609665	5
LINC00622	SRR1609666	5.084465110334859
LINC00622	SRR1609667	4.01195223103403
LINC00622	SRR1609668	1.126374524616663
LINC00622	SRR1609669	4.079033946119466
LINC00622	SRR1746771	2.327502942253789
LINC00622	SRR1746772	7.0741867513113
LINC00622	SRR1746773	2.293327837565484
LINC00622	SRR1746774	8.584781452959191
LINC00622	SRR1746775	7.546023063529995
LINC00622	SRR1746776	6.585357226451389
LINC00622	SRR1746777	4.322560745318968
LINC00622	SRR1746778	11.882053177486577
LINC00622	SRR1746779	5.976573675055248
LINC00622	SRR1746780	4.236369767026644
LINC00622	SRR1746781	5.8985619067508965
LINC00622	SRR1746782	3.013706987215939
LINC00622	SRR1746783	5
LINC00622	SRR1746784	6
LINC00622	SRR1782685	3.0491103946291127
LINC00622	SRR1782686	6.147111040703804
LINC00622	SRR1782687	2.0248913618310547
LINC00622	SRR1782688	2.0338872470326437
LINC00622	SRR1782689	6.109373501813871
LINC00622	SRR1782690	1.0209481971593921
LINC00622	SRR1782691	2.0036011992407423
LINC00622	SRR1782692	7.058775730162456
LINC00622	SRR1782693	3.027466840677216
LINC00622	SRR1782694	5.081423198647947
LINC00622	SRR1782695	4.002879404649015
LINC00622	SRR1782696	3.010221311243327
LINC00622	SRR1782697	5.044473147164185
LINC00622	SRR1782698	3.006350756509519
LINC00622	SRR1782699	1.0249781804088034
LINC00622	SRR1782700	2.0155200611744406
LINC00622	SRR1782701	3.01913346687303
LINC00622	SRR1782702	1.0108389703070961
LINC00622	SRR1782703	1.0039487828443494
LINC00622	SRR1782704	3.047999171646128
LINC00622	SRR1782705	8.197023373364184
LINC00622	SRR1782706	9.023218280178252
LINC00622	SRR1782707	4.0155946364838195
LINC00622	SRR1782708	3.1614064460434634
LINC00622	SRR1782709	1.0501361936915201
LINC00622	SRR1782710	13
LINC00622	SRR1782711	4.046593767311506
LINC00622	SRR1782712	6.072763244206865
LINC00622	SRR1782713	2.044381560289001
LINC00622	SRR1782714	3.2619791934459914
LINC00622	SRR1782715	5.012524773235432
LINC00622	SRR1782716	4.060651022695732
LINC00622	SRR1782717	5.004125830341534
LINC00622	SRR1782718	2.0293789498957318
LINC00622	SRR1782719	2.0148281135218484
LINC00622	SRR1782720	2.035557221830868
LINC00622	SRR1782721	1.1217593509927906
LINC00622	SRR1782722	2.0017997898095317
LINC00622	SRR1782723	2.004533149999212
LINC00622	SRR1782724	2.023148159880542
LINC00622	SRR1782725	2.1381985443167246
LINC00622	SRR1782726	1.00768154067403
LINC00622	SRR1782727	4
LINC00622	SRR1782728	1.0306785213210727
LINC00622	SRR1782729	5.728263084449577
LINC00622	SRR1782730	8.011521764081627
LINC00622	SRR1782731	2.065800769360774
LINC00622	SRR1782732	1.0797441103980587
LINC00622	SRR1782733	2.0198531747880226
LINC00622	SRR1782734	1.0063429038612468
LINC00622	SRR1782735	6.028213133947646
LINC00622	SRR1782736	5.09359947884845
LINC00622	SRR1782737	5.0083920180853285
LINC00622	SRR1782738	2.099800988636866
LINC00622	SRR1782739	3.0315652449181596
LINC00622	SRR1782740	3.0361400828671803
LINC00622	SRR1782741	4.218720401107806
LINC00622	SRR1782742	7
LINC00622	SRR1782743	4.008168396540136
LINC00622	SRR1782744	4.020238535880339
LINC00622	SRR1782745	3.0370281108497883
LINC00622	SRR1782746	10.203040710648652
LINC00622	SRR1782747	7.0533416078459314
LINC00622	SRR1782748	1.015029947158002
LINC00622	SRR1782749	1.013076264249149
LINC00622	SRR1782750	1.0014089067169103
LINC00622	SRR1782751	8.12716388749715
LINC00622	SRR1782752	3.0205795211567925
LINC00622	SRR1782753	8.008505623122192
LINC00622	SRR1782754	6.05140847246353
LINC00622	SRR1782755	8.022081498272595
LINC00622	SRR1782756	2.0912763367679204
LINC00622	SRR1782757	5.007354170903049
LINC00622	SRR1782758	6.0108035977222265
LINC00622	SRR1782759	3.013422113047923
LINC00622	SRR1782760	4.058190159512011
LINC00622	SRR1782761	1.1238501762695376
LINC00622	SRR1782762	3.194776592370167
LINC00622	SRR1782763	4.022124940585535
LINC00622	SRR1782764	2.002431859445557
LINC00622	SRR1782765	2.006609503830704
LINC00622	SRR1782766	2.0216987679821035
LINC00622	SRR1782767	5.049682078613838
LINC00622	SRR1782768	3.019999969993285
LINC00622	SRR1782769	4.034882090914515
LINC00622	SRR1782770	4.018969543531799
LINC00622	SRR1782771	2.0136584924325094
LINC00622	SRR1782772	1.005465650857193
LINC00622	SRR1782773	2.0088315148498306
LINC00622	SRR1782774	4.010209574714553
LINC00622	SRR1782775	3.060917160898382
LINC00622	SRR1782776	3.045699285448291
LINC00622	SRR1782777	4.000719656924175
LINC00622	SRR1782778	7.013010338717639
LINC00622	SRR1782779	7.19900336159862
LINC00622	SRR1782780	3.0394410561463308
LINC00622	SRR1782781	2.070718089466591
LINC00622	SRR1782782	6.125138652478239
LINC00622	SRR1782783	3.0193057165355195
LINC00622	SRR1782784	2.0068478223166966
LINC00622	SRR1782785	4.004319884158837
LINC00622	SRR1782786	2.050818238753927
LINC00622	SRR1782787	3
LINC00622	SRR1782788	4.015195501991217
LINC00622	SRR1782789	1.0173768425012382
LINC00622	SRR1782790	2.0113569066605512
LINC00622	SRR1782791	5.030082378364324
LINC00622	SRR1782792	3.0207648450618207
LINC00622	SRR1782793	4.150061554785059
LINC00622	SRR1782794	6.0415266305982405
LINC00622	SRR1782795	6.128719098465015
LINC00622	SRR1782796	1.0800775530816074
LINC00622	SRR1782797	3.0771130181283635
LINC00622	SRR1782798	4.078774674892825
LINC00622	SRR1782799	6.009722363144476
LINC00622	SRR1782800	8.01440479696297
LINC00622	SRR1782801	4.022492638480282
LINC00622	SRR1782802	2.01492936238818
LINC00622	SRR1782803	5.018550299388059
LINC00622	SRR1782804	4.011009376013787
LINC00622	SRR1782805	2.0036011992407423
LINC00622	SRR1782806	3.008157612497553
LINC00622	SRR1782807	4.142797882701535
LINC00622	SRR1782808	3.080481062485584
LINC00622	SRR1782809	4.05501091623954
LINC00622	SRR1782810	3.050801881209868
LINC00622	SRR1782811	2.006303412902169
LINC00622	SRR1782812	3.0385427185445946
LINC00622	SRR1782813	6.037899543793125
LINC00622	SRR1782814	3.0395280578489863
LINC00622	SRR1782815	1.062495840870562
LINC00622	SRR1782816	4.002159359225385
LINC00622	SRR1782817	7.025136066575889
LINC00622	SRR1782818	5.070347763427741
LINC00622	SRR1782819	1.0280666097863669
LINC00622	SRR1782820	3.1081854292852307
LINC00622	SRR1782821	8.021862136973025
LINC00622	SRR1782822	7.0562239651997025
LINC00622	SRR1782823	10.038770629840469
LINC00622	SRR1782824	3.017279205968138
LINC00622	SRR1782825	5.029243661566032
LINC00622	SRR1782826	7.048663204231604
LINC00622	SRR1782827	4.054263734819688
LINC00622	SRR1782828	8
LINC00622	SRR1782829	6
LINC00622	SRR1782830	2.078985345062971
LINC00622	SRR1782831	1.0739194225513655
LINC00622	SRR1782832	1.0329184392097017
LINC00622	SRR1782833	1.0233328160231223
LINC00622	SRR1782834	2.0003598284620874
LINC00622	SRR1782835	1.115615765911128
LINC00622	SRR1782836	6.678835626072283
LINC00622	SRR1782837	2.0562669413136656
LINC00622	SRR1782838	1.0134017576581857
LINC00622	SRR1782839	3.0427274554238135
LINC00622	SRR1782840	1.0085859860123885
LINC00622	SRR1782841	3.045804840474119
LINC00622	SRR1782842	4
LINC00622	SRR1782843	2.0497786207567628
LINC00622	SRR1782844	5.001425861572968
LINC00622	SRR1782845	4.076773769760854
LINC00622	SRR1782846	1.0056007446618231
LINC00622	SRR1782847	2.4683508029456567
LINC00622	SRR1782848	1.2339624247168026
LINC00622	SRR1782849	2.4815635339191813
LINC00622	SRR1782850	1.2523904174212142
LINC00622	SRR1782851	1.2640085575608608
LINC00622	SRR1782852	1.264344673893091
LINC00622	SRR1782853	1.2591344565382891
LINC00622	SRR1782854	3.0098222465533446
LINC00622	SRR1782855	2.0048243126947294
LINC00622	SRR1782856	2.010688340110186
LINC00622	SRR1782857	2.014450834422603
LINC00622	SRR1782858	4.004319884158837
LINC00622	SRR1782859	3.004861181572238
LINC00622	SRR1782860	5.01133287499803
LINC00622	SRR1782861	7.0130991443475805
LINC00622	SRR1782862	4.018876072379862
LINC00622	SRR1782863	6.015947408639445
LINC00622	SRR1782864	3.039649485264742
LINC00622	SRR1782865	2.0085652042889737
LINC00622	SRR1782866	4.014118042549502
LINC00622	SRR1782867	2.0341090098161065
LINC00622	SRR1782868	5.018329009986706
LINC00622	SRR1782869	3.0105381043740165
LINC00622	SRR1782870	4.010019818588345
LINC00622	SRR1782871	5.026905457558317
LINC00622	SRR1782872	8.022233586432376
LINC00622	SRR1782873	4.018685906170092
LINC00622	SRR1782874	2.0130048691241282
LINC00622	SRR1782875	5.025931754705508
LINC00622	SRR1782876	2.007965420304774
LINC00622	SRR1782877	6.020543466950089
LINC00622	SRR1782878	3.0241696363461616
LINC00622	SRR1782879	3.0444193898500407
LINC00622	SRR1782880	9.038144871165356
LINC00622	SRR1782881	2.0083538468381787
LINC00622	SRR1782882	5.017647553186879
LINC00622	SRR1782883	3.0054936729223156
LINC00622	SRR1782884	6.004319106973522
LINC00622	SRR1782885	6
LINC00622	SRR1782886	11.06128611727887
LINC00622	SRR1782887	5.004652460288057
LINC00622	SRR1782888	8.026277694311393
LINC00622	SRR1782889	5.021787945690492
LINC00622	SRR1782890	5.007728056136569
LINC00622	SRR1782891	9.006478660460283
LINC00622	SRR1782892	5.009293099084028
LINC00622	SRR1782893	5.019606650900654
LINC00622	SRR1782894	3.0347793484991
LINC00622	SRR1782895	3.011130179632835
LINC00622	SRR1782896	4.0086444336674605
LINC00622	SRR1782897	9.025268745540252
LINC00622	SRR1782898	5.01133287499803
LINC00622	SRR1782899	4.015172083188572
LINC00622	SRR1782900	2.0021599420794187
LINC00622	SRR1782901	8.008041830067754
LINC00622	SRR1782902	11
LINC00622	SRR1782903	1.0025523936786382
LINC00622	SRR1782904	4
LINC00622	SRR1782905	8.016935350692052
LINC00622	SRR1782906	7.044955398328098
LINC00622	SRR1782907	1.004907806923692
LINC00622	SRR1782908	5.01546805684347
LINC00622	SRR1782909	2.006909170938941
LINC00622	SRR1782910	7
LINC00622	SRR1782911	5.035203469226057
LINC00622	SRR1782912	4.7676002491246035
LINC00622	SRR1782913	5
LINC00622	SRR1782914	7.019653468753529
LINC00622	SRR1782915	3
LINC00622	SRR1782916	6.06521745130887
LINC00622	SRR1782917	1.0032393128452408
LINC00622	SRR1782918	7.007559797277965
LINC00622	SRR1782919	4
LINC00622	SRR1782920	4.004319884158837
LINC00622	SRR1782921	2.0041725708322518
LINC00622	SRR1782922	2.3737223197473916
LINC00622	SRR1782923	1.0056388977969737
LINC00622	SRR1782924	2.0103727018822033
LINC00622	SRR1782925	7.024869955318294
LINC00622	SRR1782926	4.029736717476076
LINC00622	SRR1782927	5.014565865081835
LINC00622	SRR1782928	2.0145947525752916
LINC00622	SRR1782929	4.035087134088603
LINC00622	SRR1782930	5.014702990560454
LINC00622	SRR1782931	2.0054655342432564
LINC00622	SRR1782932	2.0075027549698112
LINC00622	SRR1782933	3.1961991325462913
LINC00622	SRR1782934	4.023762743248432
LINC00622	SRR1782935	2.009104338295677
LINC00622	SRR1782936	2.0519444997976137
LINC00622	SRR1782937	1.0079641033133233
LINC00622	SRR1782938	1.258100037900621
LINC00622	SRR1782939	3.01437327720696
LINC00622	SRR1782940	3.008015914005921
LINC00622	SRR1782941	4.031703687046938
LINC00622	SRR1782942	3.012080946021339
LINC00622	SRR1782943	4.018876072379862
LINC00622	SRR1782944	3.0039542053939035
LINC00622	SRR1782945	2.010762183023327
LINC00622	SRR1782946	11.023772192585517
LINC00622	SRR1782947	6.012865932949885
LINC00622	SRR1782948	5
LINC00622	SRR1782949	9.02269572251719
LINC00622	SRR1782950	5
LINC00622	SRR1782951	5.0168142961307005
LINC00622	SRR1782952	0.8484933909708836
LINC00622	SRR1782953	7.0133421978443105
LINC00622	SRR1782954	1.1264165338665522
LINC00622	SRR1782955	3.1027623695601187
LINC00622	SRR1782956	1.0152841125038419
LINC00622	SRR1782957	4.079143679783729
LINC00622	SRR1782958	4.022192312547521
LINC00622	SRR1782959	1.058591539507089
LINC00622	SRR1782960	6
LINC00622	SRR1782961	5.018279855443439
LINC00622	SRR1782962	8.05947107439615
LINC00622	SRR1782963	3.020938265564674
LINC00622	SRR1782964	7.00292458310165
LINC00622	SRR1782965	4.012606825804338
LINC00622	SRR1782966	6
LINC00622	SRR1782967	3.012397934858411
LINC00622	SRR1782968	4.004319884158837
LINC00622	SRR1782969	2.024873616196867
LINC00622	SRR1782970	1.0128272820215503
LINC00622	SRR1782971	5.085652227720922
LINC00622	SRR1782972	2.0114585702325716
LINC00622	SRR1782973	5.258729958816607
LINC00622	SRR1782974	8
LINC00622	SRR1782975	3.1203954050108123
LINC00622	SRR1782976	1.009948283487657
LINC00622	SRR1782977	9.003238747480962
LINC00622	SRR1782978	3.0509142968424
LINC00622	SRR1782979	1.0085358205549844
LINC00622	SRR1782980	4.0071352776014555
LINC00622	SRR1782981	2.0250086352631294
LINC00622	SRR1782982	5.0293279031094436
LINC00622	SRR1782983	3.003015686275408
LINC00622	SRR1782984	7.0025190258185255
LINC00622	SRR1782985	2.0137351734300815
LINC00622	SRR1782986	1.0030629480920839
LINC00622	SRR1782987	3.0038720632094233
LINC00622	SRR1782988	5
LINC00622	SRR1782989	3.1309200632245027
LINC00622	SRR1782990	3.0419269162923164
LINC00622	SRR1782991	2.008415241499056
LINC00622	SRR1782992	6.0146813821184875
LINC00622	SRR1782993	3.064347590520348
LINC00622	SRR1782994	4
LINC00622	SRR1782995	1.0084913498862338
LINC00622	SRR1782996	4
LINC00622	SRR1782997	5.022607306425002
LINC00622	SRR1782998	1.0037100598776116
LINC00622	SRR1782999	2.044177972039052
LINC00622	SRR1783000	3.0118756589962503
LINC00622	SRR1783001	1.0169288929732232
LINC00622	SRR1783002	1.0573070730118106
LINC00622	SRR1783003	1
LINC00622	SRR1783004	4.018516402210175
LINC00622	SRR1783005	4.06516734402246
LINC00622	SRR1783006	2.0487033449054772
LINC00622	SRR1813867	1.0510786620096826
LINC00622	SRR1813868	1.0200170572585177
LINC00622	SRR1813869	3.0317585942632
LINC00622	SRR1813870	1.891287738977965
LINC00622	SRR1813871	1.128898551377178
LINC00622	SRR1813872	7.5508675264218414
LINC00622	SRR1813873	2.837874062592305
LINC00622	SRR1813874	5.054518981915849
LINC00622	SRR1813875	4
LINC00622	SRR1813876	1.0053946904725954
LINC00622	SRR1813877	4.3485715916104075
LINC00622	SRR1813878	3.002159553486761
LINC00622	SRR1813879	3
LINC00622	SRR1813880	3
LINC00622	SRR1813881	3.0637874808612717
LINC00622	SRR1813882	5.892231936799281
LINC00622	SRR1813883	4.003532519086466
LINC00622	SRR1813884	3.0411240850658077
LINC00622	SRR1813885	2
LINC00622	SRR1813886	5.00630039786456
LINC00622	SRR1813887	3.0335056811008956
LINC00622	SRR1928188	1.008175814381133
LINC00622	SRR1928189	10.072973762876458
LINC00622	SRR1928190	12.105105530761842
LINC00622	SRR1928191	6.067478694002401
LINC00622	SRR1928192	4.05122820676397
LINC00622	SRR1928193	3.045645640857917
LINC00622	SRR2046996	40.34156288787908
LINC00622	SRR2046997	41.45055131053389
LINC00622	SRR2046998	86.70119611988582
LINC00622	SRR2046999	23.174834660942008
LINC00622	SRR2047000	7.073853452520367
LINC00622	SRR2047001	15.139550435734213
LINC00622	SRR2047002	56.02562945555719
LINC00622	SRR2047003	70.62275479565388
LINC00622	SRR2047004	10.078254990219431
LINC00622	SRR2047005	10.080361151635241
LINC00622	SRR2047006	46.69124578709468
LINC00622	SRR2047007	22.573786797713293
LINC00622	SRR2047008	20.24830056573154
LINC00622	SRR2047009	9.165305202481182
LINC00622	SRR2313973	15.194844884635877
LINC00622	SRR2313974	9.06862447643836
LINC00622	SRR2313975	8.083555607078948
LINC00622	SRR2313976	3.044739781957438
LINC00622	SRR2313977	8.070094009060945
LINC00622	SRR2313978	2.054271812685411
LINC00622	SRR2313979	10.105196019933347
LINC00622	SRR2313980	3.0176792593574366
LINC00622	SRR2313981	3.0108010181348157
LINC00622	SRR2313982	7.09358933186873
LINC00622	SRR2313983	5.085423589864153
LINC00622	SRR2313984	6.032838013556383
LINC00622	SRR2313985	6.117336436532838
LINC00622	SRR2313986	10.062550679746861
LINC00622	SRR2313987	8.027004518342888
LINC00622	SRR2313988	15.137129455918844
LINC00622	SRR2313989	3.0324233226215314
LINC00622	SRR2313990	3.0474455640969427
LINC00622	SRR2313991	1.0168515419605484
LINC00622	SRR2313992	5.076865379148679
LINC00622	SRR2313993	2.0210118674257767
LINC00622	SRR2313994	3.0664777011289726
LINC00622	SRR2313995	4.017130408577947
LINC00622	SRR2313996	4.018153149445764
LINC00622	SRR2313997	1.0122808125437386
LINC00622	SRR2313998	4.09939719764121
LINC00622	SRR2313999	14.132012263928825
LINC00622	SRR2314000	5.043635435308176
LINC00622	SRR2314001	2.0282349493869103
LINC00622	SRR2314002	6.065358516335934
LINC00622	SRR2314003	2.044069578024088
LINC00622	SRR2314004	4.032005288727255
LINC00622	SRR2314005	6.057431656586639
LINC00622	SRR2314006	2.038471612286537
LINC00622	SRR2314007	8.048484099782982
LINC00622	SRR2314008	7.009226479252441
LINC00622	SRR2314009	5.041463780028531
LINC00622	SRR2314010	5.033182153692804
LINC00622	SRR2314011	8.057531042586941
LINC00622	SRR2314012	6.044477352702745
LINC00622	SRR2314013	4.0480260063257205
LINC00622	SRR2314014	4.046608341883439
LINC00622	SRR2314015	3.0234816848150614
LINC00622	SRR2314016	3.009800240578199
LINC00622	SRR2314017	3.0595215440221906
LINC00622	SRR2314018	3.11348942274663
LINC00622	SRR2314019	2.0067593317912036
LINC00622	SRR2314020	3.050117898466352
LINC00622	SRR2314021	3.015241731347873
LINC00622	SRR2314022	4.049340021929388
LINC00622	SRR2314023	8.079441114564416
LINC00622	SRR2314024	2.026607116912874
LINC00622	SRR2314025	4.020005713578917
LINC00622	SRR2314026	2.045489116798452
LINC00622	SRR2314027	6.045488286282973
LINC00622	SRR2314028	4.011530061022098
LINC00622	SRR2314029	4.009365645848272
LINC00622	SRR2314030	5.023886036571353
LINC00622	SRR2314031	2.035331535842633
LINC00622	SRR2314032	16.285083938398188
LINC00622	SRR2314033	3.074007407169405
LINC00622	SRR2314034	3.089388988734295
LINC00622	SRR2314035	5.236920836055572
LINC00622	SRR2314036	3.0525925682656014
LINC00622	SRR2314037	1.0139178371600932
LINC00622	SRR2314038	7.040628598762873
LINC00622	SRR2314039	2.0224928980008
LINC00622	SRR2314040	1.0396160750498236
LINC00622	SRR2314041	3.022928954387215
LINC00622	SRR2314042	4.016327575458098
LINC00622	SRR2314043	5.046203929830301
LINC00622	SRR2314044	5.021279091131396
LINC00622	SRR2314045	8.06092344891782
LINC00622	SRR3493774	2
LINC00622	SRR3493775	1
LINC00622	SRR3493776	3.715122774720309
LINC00622	SRR3493777	3.002159553486761
LINC00622	SRR3493778	5
LINC00622	SRR3493779	1.0035740564466114
LINC00622	SRR3493780	3.149683790499719
LINC00622	SRR3493781	2
LINC00622	SRR3493782	1.008534950006251
LINC00622	SRR3493783	3.0082620449182915
LINC00622	SRR3493784	1.0208098579484606
LINC00622	SRR3493785	4.003599579619063
LINC00622	SRR3493786	2.081456125452009
LINC00622	SRR3493787	1
LINC00622	SRR3493788	3
LINC00622	SRR3493789	2.036557800159635
LINC00622	SRR3493790	2
LINC00622	SRR3493791	2.0029416683612196
LINC00622	SRR3493792	5.0035992558112685
LINC00622	SRR3493793	2.0196388862108487
LINC00622	SRR3493794	3.0093968609455715
LINC00622	SRR3493795	3.0111542278654047
LINC00622	SRR3493796	2.0167687157273333
LINC00622	SRR3493797	4
LINC00622	SRR3493798	1.011188757969452
LINC00622	SRR3493799	4
LINC00622	SRR3493800	2.0145053304215814
LINC00622	SRR3493801	1.0092141688423883
LINC00622	SRR3493802	4
LINC00622	SRR3493803	5
LINC00622	SRR3493804	1.0007198511622537
LINC00622	SRR3493805	4.009597851920455
LINC00622	SRR3493806	3
LINC00622	SRR3493807	1
LINC00622	SRR3493808	4.0083451416645035
LINC00622	SRR3493809	3.0101389976868056
LINC00622	SRR3493810	6
LINC00622	SRR3493811	3
LINC00622	SRR3493812	3.002159553486761
LINC00622	SRR3493813	1.0019060282634729
LINC00622	SRR3493814	2
LINC00622	SRR3493815	1.488367728103239
LINC00622	SRR3493816	3
LINC00622	SRR3493817	6.017479038098202
LINC00622	SRR3493818	8.028701047722162
LINC00622	SRR3493819	4
LINC00622	SRR3493820	1.1220654621967874
LINC00622	SRR3493821	5.058518552455494
LINC00622	SRR3493822	3
LINC00622	SRR3493823	3.1531725036617693
LINC00622	SRR3493824	2.342830378723603
LINC00622	SRR3493825	2.0026361369292687
LINC00622	SRR3493826	5.0035992558112685
LINC00622	SRR3493827	1
LINC00622	SRR3493828	2
LINC00622	SRR3493829	7.016796240860797
LINC00622	SRR3493830	6.833654805324088
LINC00622	SRR3493831	6.027293582160387
LINC00622	SRR3493832	3.000539742693131
LINC00622	SRR3493833	5.137640390771371
LINC00622	SRR3493834	5
LINC00622	SRR3493835	3.015806074855812
LINC00622	SRR3493836	3
LINC00622	SRR3493837	4.003111235064618
LINC00622	SRR3493838	2
LINC00622	SRR3493839	1.0083404689188882
LINC00622	SRR3493840	1.019584221832653
LINC00622	SRR3493841	1.0021917441245578
LINC00622	SRR3493846	4.091367847527882
LINC00622	SRR3493847	2.073402011474971
LINC00622	SRR3493848	2.000719721662436
LINC00622	SRR3493849	0.6202330024223802
LINC00622	SRR3493850	6
LINC00622	SRR3714631	5
LINC00622	SRR3714632	4.022492638480282
LINC00622	SRR3714633	1.0116050033991464
LINC00622	SRR3714634	10.066712106965126
LINC00622	SRR3714635	20
LINC00622	SRR3714636	16
LINC00622	SRR3714637	31
LINC00622	SRR3714638	5
LINC00622	SRR3714639	11.601316708437412
LINC00622	SRR3714640	2.247690708861669
LINC00622	SRR3714641	5.730747624620006
LINC00622	SRR3714642	5.894418586293669
LINC00622	SRR3714643	8.55438064079262
LINC00622	SRR3714644	2.2388133874764007
LINC00622	SRR3714645	6.039309147849248
LINC00622	SRR3714646	2.000719721662436
LINC00622	SRR3714648	23.496242420952854
LINC00622	SRR3714649	3.878942930158227
LINC00622	SRR3714650	14.09640693117631
LINC00622	SRR3714651	8.993133300068614
LINC00622	SRR3714652	2.6908445049672407
LINC00622	SRR3714653	1
LINC00622	SRR3714654	12
LINC00622	SRR3714655	2.0015008856224523
LINC00622	SRR3714656	2.041939081271267
LINC00622	SRR3714657	10.682609059828373
LINC00622	SRR3714658	5.488649809152892
LINC00622	SRR3714659	9.953498783605461
LINC00622	SRR3714660	2
LINC00622	SRR3714661	5
LINC00622	SRR3714662	11.121193324776455
LINC00622	SRR3714663	5.003752214056131
LINC00622	SRR3714664	0.9019263245175047
LINC00622	SRR3714665	4
LINC00622	SRR3714666	9
LINC00622	SRR3714667	5.1810281713862265
LINC00622	SRR3714668	5
LINC00622	SRR3714669	14.32382657084416
LINC00622	SRR3714670	6.080868272564636
LINC00622	SRR3714671	10.01260079572912
LINC00622	SRR3714672	14.038452735403773
LINC00622	SRR3714673	11.078457520677985
LINC00622	SRR3714674	10.121775033478436
LINC00622	SRR3714675	3.0155786245794767
LINC00622	SRR3714676	31
LINC00622	SRR3714677	1.0023720526815605
LINC00622	SRR3714678	5.0739198495657885
LINC00622	SRR3714679	7.011342757001889
LINC00622	SRR3714680	4.006903214143252
LINC00622	SRR3714681	2.0071203763532726
LINC00622	SRR3714682	10.325832625340377
LINC00622	SRR3714683	7.014603997912882
LINC00622	SRR3714684	9.404299521726058
LINC00622	SRR3714685	2.003512851872782
LINC00622	SRR3714686	14.47267334833418
LINC00622	SRR3714688	4.02985872477636
LINC00622	SRR3714689	9.281062955368878
LINC00622	SRR3714690	0.7979962816778584
LINC00622	SRR3714691	5
LINC00622	SRR3714692	14.738493879362144
LINC00622	SRR3714693	8.154250505933918
LINC00622	SRR3714694	12.561752059517925
LINC00622	SRR3714695	15.613566695963556
LINC00622	SRR3714696	5
LINC00622	SRR3714697	3.027629804334778
LINC00622	SRR3714698	3.039639814946911
LINC00622	SRR3714699	7.495198798319378
LINC00622	SRR3714700	3.274117314794974
LINC00622	SRR3714701	5.2512403413912905
LINC00622	SRR3714702	24.415411078111884
LINC00622	SRR3714703	6.006379217341644
LINC00622	SRR3714704	3.665253282280872
LINC00622	SRR3714705	10.0831152469468
LINC00622	SRR3714706	3.1052552183257065
LINC00622	SRR3714707	13.009358065109298
LINC00622	SRR3714708	3.069799305614046
LINC00622	SRR3714709	15.318634263300861
LINC00622	SRR3714710	10.056616877800153
LINC00622	SRR3714711	5.4220617527209996
LINC00622	SRR3714712	4
LINC00622	SRR3714713	4
LINC00622	SRR3714714	5
LINC00622	SRR3714715	4.019299015479782
LINC00622	SRR3714716	5
LINC00622	SRR3714717	8
LINC00622	SRR3714718	4
LINC00622	SRR3714719	8.50212917205226
LINC00622	SRR3714720	7.4046399343976645
LINC00622	SRR3714721	3.569947966869861
LINC00622	SRR3714723	11.671546812127241
LINC00622	SRR3714724	7.020606822000845
LINC00622	SRR3714725	10.124287223897714
LINC00622	SRR3714726	3.6457576329173724
LINC00622	SRR3714727	4.785588450146945
LINC00622	SRR3714728	3.024837353536685
LINC00622	SRR3714729	4.104906660802537
LINC00622	SRR3714730	4.860482234120737
LINC00622	SRR3714731	53.00953545424532
LINC00622	SRR3714732	17.45568066123748
LINC00622	SRR3714734	20.41612747081855
LINC00622	SRR3714735	39.65030164649068
LINC00622	SRR3714736	7.64069118426563
LINC00622	SRR3714737	16
LINC00622	SRR3714738	5.49281527078909
LINC00622	SRR3714739	2.731823161119539
LINC00622	SRR3714740	8.630840398700501
LINC00622	SRR3714741	6.006479826238255
LINC00622	SRR3714744	16.29562536159073
LINC00622	SRR3714745	1.0406785331708646
LINC00622	SRR3714746	10.08549757583579
LINC00622	SRR3714747	17.789123568004293
LINC00622	SRR3714748	7.025404967114912
LINC00622	SRR3714749	1.020881906329865
LINC00622	SRR3714750	12.585092109777142
LINC00622	SRR3714751	5.005399855198546
LINC00622	SRR3714752	11
LINC00622	SRR3714753	8.063251278968522
LINC00622	SRR3714754	3
LINC00622	SRR3714755	6.9734249033199625
LINC00622	SRR3714756	2.043360357689567
LINC00622	SRR3714757	8.058230371939654
LINC00622	SRR3714758	8.531141090677151
LINC00622	SRR3714759	16.76904593701585
LINC00622	SRR3714760	17.01529821338102
LINC00622	SRR3714761	7.0025190258185255
LINC00622	SRR3714762	1.888788725455601
LINC00622	SRR3714764	7
LINC00622	SRR3714765	1.7424668056567636
LINC00622	SRR3714766	6
LINC00622	SRR3714767	6.17292855352415
LINC00622	SRR3714768	4
LINC00622	SRR5176628	3.020808730941176
LINC00622	SRR5176629	5.028846142594355
LINC00622	SRR5176630	3.006799724998818
LINC00622	SRR5176631	7.068548910804453
LINC00622	SRR5176632	2.0057043043186216
LINC00622	SRR5176633	5.032640573887635
LINC00622	SRR5176634	4.159327420809227
LINC00622	SRR5176635	2.012385361103068
LINC00622	SRR5176636	8.210206009122066
LINC00622	SRR5176637	7.207648126928554
LINC00622	SRR5176638	1.1227010298695481
LINC00622	SRR5176639	3
LINC00622	SRR5176640	4.176791767450469
LINC00622	SRR5176641	3.044593462131552
LINC00622	SRR5176642	8.015248226107783
LINC00622	SRR5176643	6.010354821214879
LINC00622	SRR5176644	4.000719656924175
LINC00622	SRR5176645	2.077607674552947
LINC00622	SRR5176646	5.0933569667962235
LINC00622	SRR5176647	5.02931168799765
LINC00622	SRR5176648	8.022571970110375
LINC00622	SRR5176649	3.0204003841217784
LINC00622	SRR5176650	2.048202988678463
LINC00622	SRR5176651	1.0158990588563879
LINC00622	SRR5176652	2.0111494145834414
LINC00622	SRR5176653	5.013510574377804
LINC00622	SRR5176654	2.0163260353818857
LINC00622	SRR5176655	9.011340716156209
LINC00622	SRR5176656	2.1402205814622537
LINC00622	SRR5176657	3.2410085973935936
LINC00622	SRR5176658	4.006604052142616
LINC00622	SRR5176659	7.015127758918056
LINC00622	SRR5176660	4.004602507572034
LINC00622	SRR5176661	6.033288468821281
LINC00622	SRR5176662	5.824260744408865
LINC00622	SRR5176663	2.0128704776903463
LINC00622	SRR5176664	5
LINC00622	SRR5176665	4.0357446418493215
LINC00622	SRR5176666	3.011631188952141
LINC00622	SRR5176667	2.157422865304927
LINC00622	SRR5176668	4.017363064353455
LINC00622	SRR5176669	1.0095837463480462
LINC00622	SRR5176670	2.013048001612331
LINC00622	SRR5176671	4.007202398481485
LINC00622	SRR5176672	2.0111494145834414
LINC00622	SRR5176673	5.023949653954286
LINC00622	SRR5176674	3.0070242343862037
LINC00622	SRR5176675	1.0042383190183728
LINC00622	SRR5176676	2.036809926238647
LINC00622	SRR5176677	8.011521764081627
LINC00622	SRR5176678	6.134080381787481
LINC00622	SRR5176679	3.027139392931112
LINC00622	SRR5176680	9.025544644787203
LINC00622	SRR5176681	5.00555286848709
LINC00622	SRR5176682	8.07957644795353
LINC00622	SRR5176683	5.022868899040618
LINC00622	SRR5176684	5.013289507199537
LINC00622	SRR5176685	6.017928346551046
LINC00622	SRR5176686	4.017430356552393
LINC00622	SRR5176687	2.0090493999684216
LINC00622	SRR5176688	3.039844240558595
LINC00622	SRR5176689	2.0150064002757997
LINC00622	SRR5176690	2.0510810457032242
LINC00622	SRR5176691	4.003721968230445
LINC00622	SRR5176692	5.048923970207467
LINC00622	SRR5176693	6.044336773319175
LINC00622	SRR5176694	4
LINC00622	SRR5176695	3.0430664005254227
LINC00622	SRR5176696	1.1278931940525754
LINC00622	SRR5176697	1.027578940269744
LINC00622	SRR5176698	1.1648237836443878
LINC00622	SRR5176699	1.025015012327192
LINC00622	SRR5176700	3.2670432606045923
LINC00622	SRR5176701	1.034206476188313
LINC00622	SRR5176702	4
LINC00622	SRR5176703	3.067741964110555
LINC00622	SRR5176704	4.017472920888957
LINC00622	SRR5176705	2.0042886443166283
LINC00622	SRR5176706	2.0545357813266567
LINC00622	SRR5176707	1.0196549551650262
LINC00622	SRR5176708	2.019764110800775
LINC00622	SRR5176709	2.0096158459903477
LINC00622	SRR5176710	3
LINC00622	SRR5176711	3.0057180847904186
LINC00622	SRR5176712	7.089695077692091
LINC00622	SRR5176713	4.035281879864129
LINC00622	SRR5176714	1.0602647654091784
LINC00622	SRR5176715	5.00630039786456
LINC00622	SRR5176716	3.005942513414733
LINC00622	SRR5176717	2.0131177679660937
LINC00622	SRR5176718	2.017613058392991
LINC00622	SRR5176719	4.009365645848272
LINC00622	SRR5176720	5
LINC00622	SRR5176721	4
LINC00622	SRR5176722	2.039668353442662
LINC00622	SRR5176723	1.009611353853491
LINC00622	SRR5176724	1.005439319075555
LINC00622	SRR5176725	1.0122963584203841
LINC00622	SRR5176726	13
LINC00622	SRR5176727	2.0012902715363152
LINC00622	SRR5176728	1.024749980600489
LINC00622	SRR5176729	5.009683280867281
LINC00622	SRR5176730	4.026168096245968
LINC00622	SRR5176731	3.013932012349417
LINC00622	SRR5176732	6
LINC00622	SRR5176733	7.015866024997242
LINC00622	SRR5176734	1.0810259196769214
LINC00622	SRR5176735	5.011707057310339
LINC00622	SRR5176736	7.0137483819613236
LINC00622	SRR5176737	1.0029237987970407
LINC00622	SRR5176738	3.0331812163513474
LINC00622	SRR5176739	3.0238319103613964
LINC00622	SRR5176740	4.016653363718661
LINC00622	SRR5176741	2.081968030129502
LINC00622	SRR5176742	10.10571034419265
LINC00622	SRR5176743	2.023696975388569
LINC00622	SRR5176744	4.053676796000444
LINC00622	SRR5176745	1.0091725172591408
LINC00622	SRR5176746	6.013599449997636
LINC00622	SRR5176747	4
LINC00622	SRR5176748	3.0037802387187362
LINC00622	SRR5176749	4.065472069526108
LINC00622	SRR5176750	2.0324500612448158
LINC00622	SRR5176751	5.018175606148013
LINC00622	SRR5176752	2.009076574722882
LINC00622	SRR5176753	4.010509005929549
LINC00622	SRR5176754	1.0052614054151265
LINC00622	SRR5176755	7.003778878644424
LINC00622	SRR5176756	2.057709484361699
LINC00622	SRR5176757	4.223065774285263
LINC00622	SRR5176758	1.0113534484802584
LINC00622	SRR5176759	2.0548130560516
LINC00622	SRR5176760	5.029040664134088
LINC00622	SRR5176761	11.064336055445272
LINC00622	SRR5176762	1.074382806129656
LINC00622	SRR5176763	7.053521568992575
LINC00622	SRR5176764	5.0035992558112685
LINC00622	SRR5176765	1.001725803535813
LINC00622	SRR5176766	3.0085148815957345
LINC00622	SRR5176767	8.008041830067754
LINC00622	SRR5176768	3.0455872549743397
LINC00622	SRR5176769	7.020673088322085
LINC00622	SRR5176770	8.018731291696543
LINC00622	SRR5176771	7.017128279138236
LINC00622	SRR5176772	3.018815769268887
LINC00622	SRR5176773	3.0225087151445518
LINC00622	SRR5176774	4.024774196313855
LINC00622	SRR5176775	5.047970735503293
LINC00622	SRR5176776	8.066206936333527
LINC00622	SRR5176777	4.040021008709804
LINC00622	SRR5176778	4.023038941290851
LINC00622	SRR5176779	4.0206910191926735
LINC00622	SRR5176780	8.024640348257122
LINC00622	SRR5176781	2.01275564458202
LINC00622	SRR5176782	7.057573479847252
LINC00622	SRR5176783	7.065115368880145
LINC00622	SRR5176784	5.020272187802134
LINC00622	SRR5176785	2.0035317626919773
LINC00622	SRR5176786	6
LINC00622	SRR5176787	7.053737192631505
LINC00622	SRR5176788	6.1605569507439775
LINC00622	SRR5176789	1.014142954978239
LINC00622	SRR5176790	1.0094264885638582
LINC00622	SRR5176791	1.0087925886196047
LINC00622	SRR5176792	6
LINC00622	SRR5176793	4.036801636424651
LINC00622	SRR5176794	9.040568219306559
LINC00622	SRR5176795	1.004207620749528
LINC00622	SRR5176796	5.113230562192075
LINC00622	SRR5176797	2.013992578206017
LINC00622	SRR5176798	4.021101188777376
LINC00622	SRR5176799	9
LINC00622	SRR5176800	3.02397499958678
LINC00622	SRR5176801	5.087203804964186
LINC00622	SRR5176802	2.0283584905703345
LINC00622	SRR5176803	10.041019499142784
LINC00622	SRR5176804	4.085362537784507
LINC00622	SRR5176805	3.01162147911867
LINC00622	SRR5176806	2.0595507951926035
LINC00622	SRR5176807	4.002879404649015
LINC00622	SRR5176808	2.000719721662436
LINC00622	SRR5176809	3.0043206615306097
LINC00622	SRR5176810	5
LINC00622	SRR5176811	3
LINC00622	SRR5176812	4.004319884158837
LINC00622	SRR5176813	2.0023706476889442
LINC00622	SRR5176814	4
LINC00622	SRR5176815	1.0141154422371776
LINC00622	SRR5176816	3.0432587478618833
LINC00622	SRR5176817	4.021010382236802
LINC00622	SRR5176818	11.028076330465021
LINC00622	SRR5176819	5.264867385940893
LINC00622	SRR5176820	10.22340736860647
LINC00622	SRR5176821	7.065359777364483
LINC00622	SRR5176822	1.0294661769651816
LINC00622	SRR5176823	4.015072762648721
LINC00622	SRR5176824	4.022615604645735
LINC00622	SRR5176825	8.008884589579344
LINC00622	SRR5176826	5.041533448376871
LINC00622	SRR5176827	2.0075618027232127
LINC00622	SRR5176828	5.0198279966411565
LINC00622	SRR5176829	9.024594904094652
LINC00622	SRR5176830	9.004858558257117
LINC00622	SRR5176831	3.015454545991653
LINC00622	SRR5176832	6.060644493920018
LINC00622	SRR5176833	5.028952405195733
LINC00622	SRR5176834	7.0274493112609155
LINC00622	SRR5176835	8.028802715026176
LINC00622	SRR5176836	7.006299264333361
LINC00622	SRR5176837	3.1530307717609274
LINC00622	SRR5176838	1.0249700253664653
LINC00622	SRR5176839	2.0815326309786046
LINC00622	SRR5176840	4.002159359225385
LINC00622	SRR5176841	3.042289222524097
LINC00622	SRR5176842	1.0062663486922618
LINC00622	SRR5176843	3.0232800917616607
LINC00622	SRR5176844	4.011652692065468
LINC00622	SRR5176845	3.0440470600586895
LINC00622	SRR5176846	2.0089478581612035
LINC00622	SRR5176847	1.0205338177583079
LINC00622	SRR5176848	2.0172303674184247
LINC00622	SRR5176849	2.0390305069164394
LINC00622	SRR5176850	6.082330439686855
LINC00622	SRR5176851	2.0021599420794187
LINC00622	SRR5176852	4.089080403161801
LINC00622	SRR5176853	2.0050099092941727
LINC00622	SRR5176854	1.0469188326970755
LINC00622	SRR5176855	2.004554387859256
LINC00622	SRR5176856	2.032342892582182
LINC00622	SRR5176857	5.017800940883181
LINC00622	SRR5176858	7.048329673776485
LINC00622	SRR5176859	3.005351458201092
LINC00622	SRR5176860	8
LINC00622	SRR5176861	6.011885026829466
LINC00622	SRR5176862	2.011874757599656
LINC00622	SRR5176863	4.010019818588345
LINC00622	SRR5176864	3.0146905072870167
LINC00622	SRR5176865	5.009530141317365
LINC00622	SRR5176866	5
LINC00622	SRR5176867	4.016991191416559
LINC00622	SRR5176868	2.0704876478951655
LINC00622	SRR5176869	2.004893794039496
LINC00622	SRR5176870	6.027128767710002
LINC00622	SRR5176871	1.0034377775451013
LINC00622	SRR5176872	4.078310774436574
LINC00622	SRR5861974	1.0132501420419266
LINC00622	SRR5861975	1.009323227105467
LINC00622	SRR5861976	2.080494731393013
LINC00622	SRR5861977	4
LINC00622	SRR5861978	4.01946446945395
LINC00622	SRR5861979	4.038376588402635
LINC00622	SRR5861980	8
LINC00622	SRR5861981	4.0804570307722425
LINC00622	SRR5861982	1.2340601766014685
LINC00622	SRR5861983	5.008325344008967
LINC00622	SRR5861984	3.0247909688629506
LINC00622	SRR5861985	4.069391282950647
LINC00622	SRR5861986	7.013976224434732
LINC00622	SRR5861987	3.0388436067266986
LINC00622	SRR5861988	1.017778610915434
LINC00622	SRR5861989	1.0125385340641762
LINC00622	SRR5861990	8.024369173821315
LINC00622	SRR5861991	4
LINC00622	SRR5861992	5
LINC00622	SRR5861993	1.003793020797143
LINC00622	SRR5861994	5
LINC00622	SRR5861995	7.061766057680382
LINC00622	SRR5861996	2.0084494713970247
LINC00622	SRR5861997	2.051776395102151
LINC00622	SRR5861998	4.023076914075484
LINC00622	SRR5861999	5.135227382267527
LINC00622	SRR5862000	5.00179930415609
LINC00622	SRR5862001	4
LINC00622	SRR5862002	3.0032399131191276
LINC00622	SRR5862003	9.022383033119834
LINC00622	SRR5862004	3.016893572929392
LINC00622	SRR5862005	4.021178012912803
LINC00622	SRR5862006	5.018904506808032
LINC00622	SRR5862007	1.0085835948406514
LINC00622	SRR5862008	4.016094979650402
LINC00622	SRR5862009	3.010708981834923
LINC00622	SRR5862010	5.258203962811941
LINC00622	SRR5862011	2.07225561536582
LINC00622	SRR5862012	3.0211735712368006
LINC00622	SRR5862013	3.062922322372586
LINC00622	SRR5862014	3.0147410043792897
LINC00622	SRR5862015	3
LINC00622	SRR5862016	4.0167502503563695
LINC00622	SRR5862017	1.008292756005706
LINC00622	SRR5862018	2.0080342951214014
LINC00622	SRR5862019	5.040795433760128
LINC00622	SRR5862020	2.0071752619305405
LINC00622	SRR5862021	5.030397224711695
LINC00622	SRR5862022	4.0193924964685435
LINC00622	SRR5862023	8.06092108793712
LINC00622	SRR5862024	8.021862136973025
LINC00622	SRR5862025	5
LINC00622	SRR5862026	4.031630300341633
LINC00622	SRR5862027	7.003778878644424
LINC00622	SRR5862028	1.12681213123101
LINC00622	SRR5862029	4.083058188363302
LINC00622	SRR5862030	8.02246110714689
LINC00622	SRR5862031	7.049500351040635
LINC00622	SRR5862032	1.073785027109896
LINC00622	SRR5862033	2.003091222454628
LINC00622	SRR5862034	1.2459835850410172
LINC00622	SRR5862035	2.013268081880607
LINC00622	SRR5862036	2.0357252561551458
LINC00622	SRR5862037	4.21899371857137
LINC00622	SRR5862038	1.079664344311491
LINC00622	SRR5862039	3.0051774106074394
LINC00622	SRR5862040	3.0196766519491405
LINC00622	SRR5862041	5.02758669915195
LINC00622	SRR5862042	1.008906065660905
LINC00622	SRR5862043	4
LINC00622	SRR5862044	1.0014055147250733
LINC00622	SRR5862045	2.0084957680610662
LINC00622	SRR5862046	7.056606280441109
LINC00622	SRR5862047	6.053495687968497
LINC00622	SRR5862048	2.4953130839399913
LINC00622	SRR5862049	4.062427892069331
LINC00622	SRR5862050	3.0101389976868056
LINC00622	SRR5862051	6.028948523219674
LINC00622	SRR5862052	3.0103637564084114
LINC00622	SRR5862053	6.016031828011842
LINC00622	SRR5862054	1.0267561214855105
LINC00622	SRR5862055	2.0465065092509462
LINC00622	SRR5862056	1.0330179193485718
LINC00622	SRR5862057	2.0156758122327254
LINC00622	SRR5862058	5.011486069656873
LINC00622	SRR5862059	1.0282460709376438
LINC00622	SRR5862060	3.0283807240520666
LINC00622	SRR5862061	4.014296225786445
LINC00622	SRR5862062	4.002159359225385
LINC00622	SRR5862063	2.024858037844441
LINC00622	SRR5862064	4.007746624693826
LINC00622	SRR5862065	4.010086987785417
LINC00622	SRR5862066	5.045595873868801
LINC00622	SRR5862067	2.4692109479041346
LINC00622	SRR5862068	6.028682681028225
LINC00622	SRR5862069	4.0086444336674605
LINC00622	SRR5862070	3.040553920595567
LINC00622	SRR5862071	1.2526030228986182
LINC00622	SRR5862072	1.2641489791098965
LINC00622	SRR5862073	7.0130991443475805
LINC00622	SRR5862074	2.010177208278089
LINC00622	SRR5862075	2.0137724187394728
LINC00622	SRR5862076	2.4822062893147887
LINC00622	SRR5862077	5.019676017203765
LINC00622	SRR5862078	2.1557714752265578
LINC00622	SRR5862079	2.0208182742186906
LINC00622	SRR5862080	6.11187241994585
LINC00622	SRR5862081	3.0051774106074394
LINC00622	SRR5862082	4.015262757882748
LINC00622	SRR5862083	3
LINC00622	SRR5862084	3.020988867309025
LINC00622	SRR5862085	3
LINC00622	SRR5862086	8.200734061788332
LINC00622	SRR5862087	4.048753117963792
LINC00622	SRR5862088	1.1217892178413114
LINC00622	SRR5862089	3.0372569274598353
LINC00622	SRR5862090	4.006903214143252
LINC00622	SRR5862091	4.056511945677807
LINC00622	SRR5862092	10.208826030747234
LINC00622	SRR5862093	2.0003598284620874
LINC00622	SRR5862094	1.0050055361428718
LINC00622	SRR5862095	3.263007177526689
LINC00622	SRR5862096	8.017533952996462
LINC00622	SRR5862097	2.010795863974406
LINC00622	SRR5862098	4.767385689068656
LINC00622	SRR5862099	2.0456078953782524
LINC00622	SRR5862100	9.023921112959167
LINC00622	SRR5862101	1.0587548081059646
LINC00622	SRR5862102	3.0176889887219267
LINC00622	SRR5862103	1.023617822582202
LINC00622	SRR5862104	5.020864095288633
LINC00622	SRR5862105	7.078806251789502
LINC00622	SRR5862106	2.0085652042889737
LINC00622	SRR5862107	6
LINC00622	SRR5862108	6.041711317912804
LINC00622	SRR5862109	8.01440479696297
LINC00622	SRR5862110	4.032175361658267
LINC00622	SRR5862111	5.075823592173498
LINC00622	SRR5862112	10.038042473308407
LINC00622	SRR5862113	8.07083413137344
LINC00622	SRR5862114	4.018876072379862
LINC00622	SRR5862115	7.047921486968368
LINC00622	SRR5862116	2.0516232060934794
LINC00622	SRR5862117	2.006609503830704
LINC00622	SRR5862118	7.058913887059735
LINC00622	SRR5862119	3.01248031018655
LINC00622	SRR5862120	8.007556301703755
LINC00622	SRR5862121	4.005883336722439
LINC00622	SRR5862122	6.012517712496756
LINC00622	SRR5862123	4.009188855725498
LINC00622	SRR5862124	5.015995880436263
LINC00622	SRR5862125	4
LINC00622	SRR5862126	8.007199159238127
LINC00622	SRR5862127	4.015195501991217
LINC00622	SRR5862128	4.0148402395104466
LINC00622	SRR5862129	3.2364879041575136
LINC00622	SRR5862130	5.031031452450809
LINC00622	SRR5862131	7.015866024997242
LINC00622	SRR5862132	2.0017997898095317
LINC00622	SRR5862133	4.003831451744257
LINC00622	SRR5862134	9.002566550831341
LINC00622	SRR5862135	2.025627165054883
LINC00622	SRR5862136	4.001439443324872
LINC00622	SRR5862137	2.0043222168337302
LINC00622	SRR5862138	5.00891909700182
LINC00622	SRR5862139	3.0040963539964314
LINC00622	SRR5862140	2.006609503830704
LINC00622	SRR5862141	2.0088651634615604
LINC00622	SRR5862142	3.0081063446266825
LINC00622	SRR5862143	7.0025190258185255
LINC00622	SRR5862144	4.02309335762099
LINC00622	SRR5862145	1.003304751915352
LINC00622	SRR5862146	3.0408318844310975
LINC00622	SRR5862147	5.036708971533297
LINC00622	SRR5862148	4
LINC00622	SRR5862149	2.0115194706454256
LINC00622	SRR5862150	4.009787588078992
LINC00622	SRR5862151	3.0374718675176093
LINC00622	SRR5862152	2.0494043330753517
LINC00622	SRR5862153	5.1037537011866485
LINC00622	SRR5862154	6
LINC00622	SRR5862155	3.0189729983463303
LINC00622	SRR5862156	1.0258531825432229
LINC00622	SRR5862157	3.078243654233631
LINC00622	SRR5862158	2.0010796796126926
LINC00622	SRR5862159	2.011866661980977
LINC00622	SRR5862160	4.153064204678706
LINC00622	SRR5862161	1.0027327671216282
LINC00622	SRR5862162	5.016677112919094
LINC00622	SRR5862163	7.0247065744616295
LINC00622	SRR5862164	3.150487153229003
LINC00622	SRR5862165	6.025966945184217
LINC00622	SRR5862166	9.038543419300382
LINC00622	SRR5862167	7.014603997912882
LINC00622	SRR5862168	6.009906078213924
LINC00622	SRR5862169	4.0148402395104466
LINC00622	SRR5862170	6.06676162466864
LINC00622	SRR5862171	2.003451607071626
LINC00622	SRR5862172	3.0052692778091727
LINC00622	SRR5862173	6.1513222630906075
LINC00622	SRR5862174	1.028424995391858
LINC00622	SRR5862175	3.0146488476391036
LINC00622	SRR5862176	2.0346274794986217
LINC00622	SRR5862177	1.0322718092842704
LINC00622	SRR5862178	7.201667762783541
LINC00622	SRR5862179	11.061854755820775
LINC00622	SRR5862180	1.1637413174363656
LINC00622	SRR5862181	6.127153477931106
LINC00622	SRR5862182	10.094112128915341
LINC00622	SRR5862183	1.0050055361428718
LINC00622	SRR5862184	2.0548794051767576
LINC00622	SRR5862185	6
LINC00622	SRR5862186	3.022025382919978
LINC00622	SRR5862187	7.052994941442235
LINC00622	SRR5862188	2.078579927562468
LINC00622	SRR5862189	2.0167425870548557
LINC00622	SRR5862190	8.01092361065715
LINC00622	SRR5862191	3.035997353307916
LINC00622	SRR5862192	1.0452267290247683
LINC00622	SRR5862193	2.0071752619305405
LINC00622	SRR5862194	5.026577585076849
LINC00622	SRR5862195	3.0190411758609366
LINC00622	SRR5862196	5
LINC00622	SRR5862197	5
LINC00622	SRR5862198	1.1010895492315216
LINC00622	SRR5862199	5.012387707319482
LINC00622	SRR5862200	11.024109185370136
LINC00622	SRR5862201	0.8479466883950459
LINC00622	SRR5862202	1.0218991464798453
LINC00622	SRR5862203	2.06871914188325
LINC00622	SRR5862204	11
LINC00622	SRR5862205	4
LINC00622	SRR5862206	1.0181176093417283
LINC00622	SRR5862207	2.010645734639758
LINC00622	SRR5862208	5.097429438232695
LINC00622	SRR5862209	1.0112951746143541
LINC00622	SRR5862210	7
LINC00622	SRR5862211	2.065633263120152
LINC00622	SRR5862212	1.0088809831317571
LINC00622	SRR5862213	4.018808755965097
LINC00622	SRR5862214	9.024870782742513
LINC00622	SRR5862215	2.004744105363121
LINC00622	SRR5862216	2.0073119421773757
LINC00622	SRR5862217	7.04550977614038
LINC00622	SRR5862218	9.008843611969533
LINC00622	SRR5862219	1.023350981956458
LINC00622	SRR5862220	3.0134819788832083
LINC00622	SRR5862221	8
LINC00622	SRR5862222	5.0162863864176
LINC00622	SRR5862223	4.173339366917079
LINC00622	SRR5862224	4.031733164608251
LINC00622	SRR5862225	7.018768549032608
LINC00622	SRR5862226	5.005399855198546
LINC00622	SRR5862227	9
LINC00622	SRR5862228	4.0362857000542975
LINC00622	SRR5862229	4.0236397420164325
LINC00622	SRR5862230	5.02651393441689
LINC00622	SRR5862231	3.006258856248378
LINC00622	SRR5862232	2.0302680874245964
LINC00622	SRR5862233	4.011053681218894
LINC00622	SRR5862234	4.023588536399509
LINC00622	SRR5862235	2.0017997898095317
LINC00622	SRR5862236	3.0064329664749425
LINC00622	SRR5862237	1.031015477815649
LINC00622	SRR5862238	5.004499474523829
LINC00622	SRR5862239	2.0154341154087088
LINC00622	SRR5862240	4.010931068486513
LINC00622	SRR5862241	4.0247871726747535
LINC00622	SRR5862242	3.020855658956402
LINC00622	SRR5862243	1.0056231596200704
LINC00622	SRR5862244	2.0289584186718734
LINC00622	SRR5862245	2.03655284870852
LINC00622	SRR5862246	2.0038120565269457
LINC00622	SRR5862247	2.011293096873216
LINC00622	SRR5862248	4.002879404649015
LINC00622	SRR5862249	4.060668945183039
LINC00622	SRR5862250	3.0317585942632
LINC00622	SRR5862251	5.051659524020207
LINC00622	SRR5862252	2.0051047873572765
LINC00622	SRR5862253	2.015565577695617
LINC00622	SRR5862254	2.0143211835665027
LINC00622	SRR5862255	1.0080393651944055
LINC00622	SRR5862256	1.0154992904437379
LINC00622	SRR5862257	1.0137597798867521
LINC00622	SRR5862258	5.012761968393192
LINC00622	SRR5862259	3.041152789722066
LINC00622	SRR5862260	3.194349530677466
LINC00622	SRR5862261	8.133349030447766
LINC00622	SRR5862262	2.019983181708193
LINC00622	SRR5862263	2.0910108135087238
LINC00622	SRR5862264	2.011669665219515
LINC00622	SRR5862265	2.002520159145824
LINC00622	SRR5862266	5.027418275806231
LINC00622	SRR5862267	3.1657286343404722
LINC00622	SRR5862268	4.019899257684759
LINC00622	SRR5862269	1.0039487828443494
LINC00622	SRR5862270	2.004533149999212
LINC00622	SRR5862271	2.01193465072815
LINC00622	SRR5862272	2.0225464216876285
LINC00622	SRR5862273	2.006909170938941
LINC00622	SRR5862274	2.0091929322271214
LINC00622	SRR5862275	2.0259850721866957
LINC00622	SRR5862276	5.086983252667018
LINC00622	SRR5862277	6.076116578522792
LINC00622	SRR5949109	1.1498283651018633
LINC00622	SRR5949110	1.148171272003916
LINC00622	SRR5949111	1.1498283651018633
LINC00622	SRR5949112	1.1499000124654937
LINC00622	SRR5949113	1.1493287860193127
LINC00622	SRR5949114	1.1499000124654937
LINC00622	SRR5949115	1.1498283651018633
LINC00622	SRR5949116	1.149801355279094
LINC00622	SRR5949117	1.1499000124654937
LINC00622	SRR5949118	1.149757132515299
LINC00622	SRR5949119	1.1498700492655702
LINC00622	SRR5949120	1.149752993629983
LINC00622	SRR5949121	1.149727479151349
LINC00622	SRR5949122	1.149659680044542
LINC00622	SRR5949123	1.1495224477062624
LINC00622	SRR5949124	1.1489713533334538
LINC00622	SRR5949125	1.1493657120956842
LINC00622	SRR5949126	1.1496653216499102
LINC00622	SRR5949127	1.149752993629983
LINC00622	SRR5949128	1.149752993629983
LINC00622	SRR5949129	1.1498758641415114
LINC00622	SRR5949130	1.1498041981068907
LINC00622	SRR5949131	1.1496516232140812
LINC00622	SRR5949132	1.1498283651018633
LINC00622	SRR5949133	1.1496993836519698
LINC00622	SRR5949134	1.1499000124654937
LINC00622	SRR5949135	1.149801355279094
LINC00622	SRR5949136	1.1498700492655702
LINC00622	SRR5949137	1.1489979896611313
LINC00622	SRR5949138	1.1496058907069004
LINC00622	SRR5949139	1.1496653216499102
LINC00622	SRR5949140	1.1498283651018633
LINC00622	SRR5949141	1.1498758641415114
LINC00622	SRR5949142	1.1498041981068907
LINC00622	SRR5949143	1.1499000124654937
LINC00622	SRR5949144	1.149757132515299
LINC00622	SRR5949145	1.1497815594090803
LINC00622	SRR5949146	1.149752993629983
LINC00622	SRR5949147	1.149752993629983
LINC00622	SRR5949148	1.1489471817569916
LINC00622	SRR5949149	1.149757132515299
LINC00622	SRR5949150	1.1498758641415114
LINC00622	SRR5949151	1.1494823274298185
LINC00622	SRR5949152	1.1476551316063306
LINC00622	SRR5949153	1.149659680044542
LINC00622	SRR5949154	1.1487635500794011
LINC00622	SRR5949155	1.1497815594090803
LINC00622	SRR5949156	1.1498758641415114
LINC00622	SRR5949157	1.1498700492655702
LINC00622	SRR5949158	1.1499000124654937
LINC00622	SRR5949159	1.1489204896371397
LINC00622	SRR5949160	1.1498283651018633
LINC00622	SRR5949161	1.1498283651018633
LINC00622	SRR5949162	1.1498283651018633
LINC00622	SRR5949163	1.1498758641415114
LINC00622	SRR5949164	1.1499000124654937
LINC00622	SRR5949165	1.149801355279094
LINC00622	SRR5949166	1.1498758641415114
LINC00622	SRR5949167	1.149757132515299
LINC00622	SRR5949168	1.1497815594090803
LINC00622	SRR5949169	1.1447151303318799
LINC00622	SRR5949170	1.1499000124654937
LINC00622	SRR5949171	1.1496516232140812
LINC00622	SRR5949172	1.1496058907069004
LINC00622	SRR5949173	1.1498283651018633
LINC00622	SRR5949174	1.1497815594090803
LINC00622	SRR5949175	1.1499000124654937
LINC00622	SRR5949176	1.149727479151349
LINC00622	SRR5949177	1.1489132956948793
LINC00622	SRR5949178	1.1496653216499102
LINC00622	SRR5949179	1.1497815594090803
LINC00622	SRR5949180	1.1499000124654937
LINC00622	SRR5949181	1.1498700492655702
LINC00622	SRR5949182	1.149727479151349
LINC00622	SRR5949183	1.1498758641415114
LINC00622	SRR5949184	1.149801355279094
LINC00622	SRR5949185	1.1495611354981103
LINC00622	SRR5949186	1.1492630102128836
LINC00622	SRR5949187	1.1498041981068907
LINC00622	SRR5949188	1.149801355279094
LINC00622	SRR5949189	1.149752993629983
LINC00622	SRR5949190	1.149757132515299
LINC00622	SRR5949191	1.1496058907069004
LINC00622	SRR5949192	1.1498700492655702
LINC00622	SRR5949193	1.1498758641415114
LINC00622	SRR5949194	1.1498283651018633
LINC00622	SRR5949195	1.149801355279094
LINC00622	SRR5949196	1.149639556483191
LINC00622	SRR5949197	1.1494508753827517
LINC00622	SRR5949198	1.1489684643066176
LINC00622	SRR5949199	1.1496653216499102
LINC00622	SRR5949200	1.1498758641415114
LINC00622	SRR5949201	1.1497815594090803
LINC00622	SRR5949202	1.1498041981068907
LINC00622	SRR5949203	1.1498700492655702
LINC00622	SRR5949204	1.1499000124654937
LINC00622	SRR5949205	1.1499000124654937
LINC00622	SRR5949206	1.149801355279094
LINC00622	SRR5949207	1.1498283651018633
LINC00622	SRR5949208	1.149757132515299
LINC00622	SRR5949209	1.1498283651018633
LINC00622	SRR5949210	1.1497815594090803
LINC00622	SRR5949211	1.1494508753827517
LINC00622	SRR5949212	1.149757132515299
LINC00622	SRR5949213	1.1496993836519698
LINC00622	SRR5949214	1.1495224477062624
LINC00622	SRR5949215	1.149752993629983
LINC00622	SRR5949216	1.1498041981068907
LINC00622	SRR5949217	1.1498041981068907
LINC00622	SRR5949218	1.1496993836519698
LINC00622	SRR5949219	1.149727479151349
LINC00622	SRR5949220	1.1495611354981103
LINC00622	SRR5949221	1.149515806070026
LINC00622	SRR5949222	1.149752993629983
LINC00622	SRR5949223	1.1489094288850477
LINC00622	SRR5949224	1.1497815594090803
LINC00622	SRR5949225	1.1498700492655702
LINC00622	SRR5949226	1.1495611354981103
LINC00622	SRR5949227	1.1498700492655702
LINC00622	SRR5949228	1.1496058907069004
LINC00622	SRR5949229	1.149639556483191
LINC00622	SRR5949230	1.1498700492655702
LINC00622	SRR5949231	1.1494707522857042
LINC00622	SRR5949232	1.1487635500794011
LINC00622	SRR5949233	1.1489229708372037
LINC00622	SRR5949234	1.149752993629983
LINC00622	SRR5949235	1.1496058907069004
LINC00622	SRR5949236	1.1478430081697302
LINC00622	SRR5949237	1.1494610034998385
LINC00622	SRR5949238	1.1492438683694057
LINC00622	SRR5949239	1.147930185304594
LINC00622	SRR5949240	1.1498758641415114
LINC00622	SRR5949241	1.149757132515299
LINC00622	SRR5949242	1.1497815594090803
LINC00622	SRR5949243	1.1496516232140812
LINC00622	SRR5949244	1.1496653216499102
LINC00622	SRR5949245	1.1496653216499102
LINC00622	SRR5949246	1.149801355279094
LINC00622	SRR5949247	1.149752993629983
LINC00622	SRR5949248	1.149801355279094
LINC00622	SRR5949249	1.1497815594090803
LINC00622	SRR5949250	1.1499000124654937
LINC00622	SRR5949251	1.1496058907069004
LINC00622	SRR5949252	1.1498283651018633
LINC00622	SRR5949253	1.1494121443044876
LINC00622	SRR5949254	1.1495510677538354
LINC00622	SRR5949255	1.1497815594090803
LINC00622	SRR5949256	1.149659680044542
LINC00622	SRR5949257	1.1498758641415114
LINC00622	SRR5949258	1.1498758641415114
LINC00622	SRR5949259	1.149727479151349
LINC00622	SRR5949260	1.1499000124654937
LINC00622	SRR5949261	1.1499000124654937
LINC00622	SRR5949262	1.149659680044542
LINC00622	SRR5949263	1.1498041981068907
LINC00622	SRR5949264	1.149727479151349
LINC00622	SRR5949265	1.1498700492655702
LINC00622	SRR5949266	1.1490859664004887
LINC00622	SRR5949267	1.1491016556665985
LINC00622	SRR5949268	1.1498700492655702
LINC00622	SRR5949269	1.149752993629983
LINC00622	SRR5949270	1.1497815594090803
LINC00622	SRR5949271	1.1495224477062624
LINC00622	SRR5949272	1.1499000124654937
LINC00622	SRR5949273	1.1499000124654937
LINC00622	SRR5949274	1.149801355279094
LINC00622	SRR5949275	1.1495012298161975
LINC00622	SRR5949276	1.149801355279094
LINC00622	SRR5949277	1.1491016556665985
LINC00622	SRR5949278	1.1498041981068907
LINC00622	SRR5949279	1.1498041981068907
LINC00622	SRR5949280	1.1493806150832857
LINC00622	SRR5949281	1.149801355279094
LINC00622	SRR5949282	1.1499000124654937
LINC00622	SRR5949283	1.1494610034998385
LINC00622	SRR5949284	1.1499000124654937
LINC00622	SRR5949285	1.1485352709618715
LINC00622	SRR5949286	1.1490061236504394
LINC00622	SRR5949287	1.1499000124654937
LINC00622	SRR5949288	1.1498041981068907
LINC00622	SRR5949289	1.1496653216499102
LINC00622	SRR5949290	1.1499000124654937
LINC00622	SRR5949291	1.1497815594090803
LINC00622	SRR5949292	1.149752993629983
LINC00622	SRR5949293	1.1499000124654937
LINC00622	SRR5949294	1.1498758641415114
LINC00622	SRR5949295	1.1498041981068907
LINC00622	SRR5949296	1.1498041981068907
LINC00622	SRR5949297	1.1498283651018633
LINC00622	SRR5949298	1.149614382860247
LINC00622	SRR5949299	1.149757132515299
LINC00622	SRR5949300	1.1498758641415114
LINC00622	SRR5949301	1.1498758641415114
LINC00622	SRR5949302	1.1496653216499102
LINC00622	SRR5949303	1.1496516232140812
LINC00622	SRR5949304	1.1498283651018633
LINC00622	SRR5949305	1.1490061236504394
LINC00622	SRR5949306	1.1498700492655702
LINC00622	SRR5949307	1.149757132515299
LINC00622	SRR5949308	1.149801355279094
LINC00622	SRR5949309	1.1495565511841175
LINC00622	SRR5949310	1.1495565511841175
LINC00622	SRR5949311	1.1497815594090803
LINC00622	SRR5949312	1.149461221160821
LINC00622	SRR5949313	1.1497815594090803
LINC00622	SRR5949314	1.1498758641415114
LINC00622	SRR5949315	1.1497815594090803
LINC00622	SRR5949316	1.1498041981068907
LINC00622	SRR5949317	1.1492438683694057
LINC00622	SRR5949318	1.1491016556665985
LINC00622	SRR5949319	1.1498283651018633
LINC00622	SRR5949320	1.1499000124654937
LINC00622	SRR5949321	1.149801355279094
LINC00622	SRR5949322	1.149614382860247
LINC00622	SRR5949323	1.1497815594090803
LINC00622	SRR5949324	1.1499000124654937
LINC00622	SRR5949325	1.1498041981068907
LINC00622	SRR5949326	1.1497815594090803
LINC00622	SRR5949327	1.1490004023259148
LINC00622	SRR5949328	1.1498283651018633
LINC00622	SRR5949329	1.1498283651018633
LINC00622	SRR5949330	1.1498041981068907
LINC00622	SRR5949331	1.1498700492655702
LINC00622	SRR5949332	1.1499000124654937
LINC00622	SRR5949333	1.1496993836519698
LINC00622	SRR5949334	1.1494508753827517
LINC00622	SRR5949335	1.1498758641415114
LINC00622	SRR5949336	1.149801355279094
LINC00622	SRR5949337	1.1498700492655702
LINC00622	SRR5949338	1.1498041981068907
LINC00622	SRR5949339	1.1498041981068907
LINC00622	SRR5949340	1.149614382860247
LINC00622	SRR5949341	1.149727479151349
LINC00622	SRR5949342	1.1498700492655702
LINC00622	SRR5949343	1.149727479151349
LINC00622	SRR5949344	1.1498283651018633
LINC00622	SRR5949345	1.1498700492655702
LINC00622	SRR5949346	1.1489824166943214
LINC00622	SRR5949347	1.1494257243385793
LINC00622	SRR5949348	1.1487709425734813
LINC00622	SRR5949349	1.1498041981068907
LINC00622	SRR5949350	1.149757132515299
LINC00622	SRR5949351	1.1497815594090803
LINC00622	SRR5949352	1.149801355279094
LINC00622	SRR5949353	1.1498041981068907
LINC00622	SRR5949354	1.1495224477062624
LINC00622	SRR5949355	1.149727479151349
LINC00622	SRR5949356	1.1467122388088349
LINC00622	SRR5949357	1.149752993629983
LINC00622	SRR5949358	1.1497815594090803
LINC00622	SRR5949359	1.1498041981068907
LINC00622	SRR5949360	1.149727479151349
LINC00622	SRR5949361	1.1496653216499102
LINC00622	SRR5949362	1.1478188840514512
LINC00622	SRR5949363	1.1498758641415114
LINC00622	SRR5949364	1.1496058907069004
LINC00622	SRR5949365	1.1494121443044876
LINC00622	SRR5949366	1.1474377159067004
LINC00622	SRR5949367	1.1499000124654937
LINC00622	SRR5949368	1.148804618132568
LINC00622	SRR5949369	1.1498758641415114
LINC00622	SRR5949370	1.1498283651018633
LINC00622	SRR5949371	1.1495565511841175
LINC00622	SRR5949372	1.149801355279094
LINC00622	SRR5949373	1.1498758641415114
LINC00622	SRR5949374	1.1496516232140812
LINC00622	SRR5949375	1.1498758641415114
LINC00622	SRR5949376	1.1499000124654937
LINC00622	SRR5949377	1.1498041981068907
LINC00622	SRR5949378	1.1499000124654937
LINC00622	SRR5949379	1.1498041981068907
LINC00622	SRR5949380	1.1489471817569916
LINC00622	SRR5949381	1.1495012298161975
LINC00622	SRR5949382	1.1498283651018633
LINC00622	SRR5949383	1.1496993836519698
LINC00622	SRR5949384	1.1498758641415114
LINC00622	SRR5949385	1.149659680044542
LINC00622	SRR5949386	1.1499000124654937
LINC00622	SRR5949387	1.147930185304594
LINC00622	SRR5949388	1.1495224477062624
LINC00622	SRR5949389	1.1499000124654937
LINC00622	SRR5949390	1.1497815594090803
LINC00622	SRR5949391	1.1495565511841175
LINC00622	SRR5949392	1.1499000124654937
LINC00622	SRR5949393	1.1495565511841175
LINC00622	SRR5949394	1.1495012298161975
LINC00622	SRR5949395	1.1497815594090803
LINC00622	SRR5949396	1.1489204896371397
LINC00622	SRR5949397	1.1498758641415114
LINC00622	SRR5949398	1.1498700492655702
LINC00622	SRR5949399	1.1497815594090803
LINC00622	SRR5949400	1.1442239823514004
LINC00622	SRR5949401	1.1499000124654937
LINC00622	SRR5949402	1.149801355279094
LINC00622	SRR5949403	1.149757132515299
LINC00622	SRR5949404	1.1495611354981103
LINC00622	SRR5949405	1.1498041981068907
LINC00622	SRR5949406	1.1498758641415114
LINC00622	SRR5949407	1.1498041981068907
LINC00622	SRR5949408	1.1498041981068907
LINC00622	SRR5949409	1.149801355279094
LINC00622	SRR5949410	1.149801355279094
LINC00622	SRR5949411	1.1499000124654937
LINC00622	SRR5949412	1.1496653216499102
LINC00622	SRR5949413	1.1498041981068907
LINC00622	SRR5949414	1.1498283651018633
LINC00622	SRR5949415	1.1498700492655702
LINC00622	SRR5949416	1.149752993629983
LINC00622	SRR5949417	1.1496993836519698
LINC00622	SRR5949418	1.1498041981068907
LINC00622	SRR5949419	1.1498283651018633
LINC00622	SRR5949420	1.149727479151349
LINC00622	SRR5949421	1.1496993836519698
LINC00622	SRR5949422	1.149752993629983
LINC00622	SRR5949423	1.149752993629983
LINC00622	SRR5949424	1.1499000124654937
LINC00622	SRR5949425	1.149752993629983
LINC00622	SRR5949426	1.1498700492655702
LINC00622	SRR5949427	1.149752993629983
LINC00622	SRR5949428	1.1499000124654937
LINC00622	SRR5949429	1.149461221160821
LINC00622	SRR5949430	1.1497815594090803
LINC00622	SRR5949431	1.1497815594090803
LINC00622	SRR5949432	1.149801355279094
LINC00622	SRR5949433	1.149757132515299
LINC00622	SRR5949434	1.149757132515299
LINC00622	SRR5949435	1.1495510677538354
LINC00622	SRR5949436	1.1498283651018633
LINC00622	SRR5949437	1.149461221160821
LINC00622	SRR5949438	1.1493806150832857
LINC00622	SRR5949439	1.1498758641415114
LINC00622	SRR5949440	1.1498700492655702
LINC00622	SRR5949441	1.1498700492655702
LINC00622	SRR5949442	1.1496516232140812
LINC00622	SRR5949443	1.1495611354981103
LINC00622	SRR5949444	1.1495012298161975
LINC00622	SRR5949445	1.1499000124654937
LINC00622	SRR5949446	1.1498700492655702
LINC00622	SRR5949447	1.149757132515299
LINC00622	SRR5949448	1.1499000124654937
LINC00622	SRR5949449	1.1499000124654937
LINC00622	SRR5949450	1.1497815594090803
LINC00622	SRR5949451	1.1496993836519698
LINC00622	SRR5949452	1.1498041981068907
LINC00622	SRR5949453	1.1497815594090803
LINC00622	SRR5949454	1.1498041981068907
LINC00622	SRR5949455	1.149757132515299
LINC00622	SRR5949456	1.1498758641415114
LINC00622	SRR5949457	1.1498700492655702
LINC00622	SRR5949458	1.1498758641415114
LINC00622	SRR5949459	1.149801355279094
LINC00622	SRR5949460	1.1495611354981103
LINC00622	SRR5949461	1.1490004023259148
LINC00622	SRR5949462	1.1498283651018633
LINC00622	SRR5949463	1.1495510677538354
LINC00622	SRR5949464	1.1494610034998385
LINC00622	SRR5949465	1.1489587806071277
LINC00622	SRR5949466	1.1497815594090803
LINC00622	SRR5949467	1.1489471817569916
LINC00622	SRR5949468	1.1498283651018633
LINC00622	SRR5949469	1.1498700492655702
LINC00622	SRR5949470	1.1498041981068907
LINC00622	SRR5949471	1.149727479151349
LINC00622	SRR5949472	1.149801355279094
LINC00622	SRR5949473	1.149801355279094
LINC00622	SRR5949474	1.149757132515299
LINC00622	SRR5949475	1.1499000124654937
LINC00622	SRR5949476	1.1498041981068907
LINC00622	SRR5949477	1.1498700492655702
LINC00622	SRR5949478	1.149801355279094
LINC00622	SRR5949479	1.149283393549715
LINC00622	SRR5949480	1.149752993629983
LINC00622	SRR5949481	1.1498700492655702
LINC00622	SRR5949482	1.1496653216499102
LINC00622	SRR5949483	1.1492630102128836
LINC00622	SRR5949484	1.1498283651018633
LINC00622	SRR5949485	1.1495012298161975
LINC00622	SRR5949486	1.149757132515299
LINC00622	SRR5949487	1.149752993629983
LINC00622	SRR5949488	1.149461221160821
LINC00622	SRR5949489	1.1496058907069004
LINC00622	SRR5949490	1.1496058907069004
LINC00622	SRR5949491	1.149757132515299
LINC00622	SRR5949492	1.1496058907069004
LINC00622	SRR5949493	1.149727479151349
LINC00622	SRR5949494	1.1499000124654937
LINC00622	SRR5949495	1.1494707522857042
LINC00622	SRR5949496	1.149727479151349
LINC00622	SRR5949497	1.149727479151349
LINC00622	SRR5949498	1.1497815594090803
LINC00622	SRR5949499	1.1498283651018633
LINC00622	SRR5949500	1.1494121443044876
LINC00622	SRR5949501	1.149515806070026
LINC00622	SRR5949502	1.1492573238148507
LINC00622	SRR5949503	1.149639556483191
LINC00622	SRR5949504	1.1498041981068907
LINC00622	SRR5949505	1.1498041981068907
LINC00622	SRR5949506	1.1498041981068907
LINC00622	SRR5949507	1.1498700492655702
LINC00622	SRR5949508	1.149752993629983
LINC00622	SRR5949509	1.1498283651018633
LINC00622	SRR5949510	1.1498041981068907
LINC00622	SRR5949511	1.1489592829745587
LINC00622	SRR5949512	1.149801355279094
LINC00622	SRR5949513	1.1499000124654937
LINC00622	SRR5949514	1.149659680044542
LINC00622	SRR5949515	1.1498283651018633
LINC00622	SRR5949516	1.149757132515299
LINC00622	SRR5949517	1.1498041981068907
LINC00622	SRR5949518	1.149283393549715
LINC00622	SRR5949519	1.1496058907069004
LINC00622	SRR5949520	1.1498700492655702
LINC00622	SRR5949521	1.1490859664004887
LINC00622	SRR5949522	1.149801355279094
LINC00622	SRR5949523	1.1498700492655702
LINC00622	SRR5949524	1.149757132515299
LINC00622	SRR5949525	1.149659680044542
LINC00622	SRR5949526	1.1489944018824365
LINC00622	SRR5949527	1.149639556483191
LINC00622	SRR5949528	1.1483720675437479
LINC00622	SRR5949529	1.1495224477062624
LINC00622	SRR5949530	1.149727479151349
LINC00622	SRR5949531	1.1496653216499102
LINC00622	SRR5949532	1.1498700492655702
LINC00622	SRR5949533	1.1499000124654937
LINC00622	SRR5949534	1.149659680044542
LINC00622	SRR5949535	1.1498283651018633
LINC00622	SRR5949536	1.1497815594090803
LINC00622	SRR5949537	1.1498700492655702
LINC00622	SRR5949538	1.1499000124654937
LINC00622	SRR5949539	1.149727479151349
LINC00622	SRR5949540	1.1495611354981103
LINC00622	SRR5949541	1.149727479151349
LINC00622	SRR5949542	1.1495224477062624
LINC00622	SRR5949543	1.149752993629983
LINC00622	SRR5949544	1.1495611354981103
LINC00622	SRR5949545	1.149283393549715
LINC00622	SRR5949546	1.149639556483191
LINC00622	SRR5949547	1.1499000124654937
LINC00622	SRR5949548	1.149757132515299
LINC00622	SRR5949549	1.1494121443044876
LINC00622	SRR5949550	1.1489471817569916
LINC00622	SRR5949551	1.149801355279094
LINC00622	SRR5949552	1.1494823274298185
LINC00622	SRR5949553	1.1498758641415114
LINC00622	SRR5949554	1.1498041981068907
LINC00622	SRR5949555	1.1409427054301
LINC00622	SRR5949556	1.149515806070026
LINC00622	SRR5949557	1.1497815594090803
LINC00622	SRR5949558	1.1494707522857042
LINC00622	SRR5949559	1.1498283651018633
LINC00622	SRR5949560	1.1498283651018633
LINC00622	SRR5949561	1.1490061236504394
LINC00622	SRR5949562	1.1495012298161975
LINC00622	SRR5949563	1.1497815594090803
LINC00622	SRR5949564	1.149801355279094
LINC00622	SRR5949565	1.1498758641415114
LINC00622	SRR5949566	1.1498283651018633
LINC00622	SRR5949567	1.1479342052496542
LINC00622	SRR5949568	1.1495565511841175
LINC00622	SRR5949569	1.149614382860247
LINC00622	SRR5949570	1.149727479151349
LINC00622	SRR5949571	1.1493287860193127
LINC00622	SRR5949572	1.1496993836519698
LINC00622	SRR5949573	1.1495565511841175
LINC00622	SRR5949574	1.1497815594090803
LINC00622	SRR5949575	1.149752993629983
LINC00622	SRR5949576	1.1496993836519698
LINC00622	SRR5949577	1.1498758641415114
LINC00622	SRR5949578	1.1497815594090803
LINC00622	SRR5949579	1.1498283651018633
LINC00622	SRR5949580	1.1498283651018633
LINC00622	SRR5949581	1.1499000124654937
LINC00622	SRR5949582	1.149614382860247
LINC00622	SRR5949583	1.1498758641415114
LINC00622	SRR5949584	1.1489713533334538
LINC00622	SRR5949585	1.149801355279094
LINC00622	SRR5949586	1.1498041981068907
LINC00622	SRR5949587	1.149757132515299
LINC00622	SRR5949588	1.14823324140182
LINC00622	SRR5949589	1.1499000124654937
LINC00622	SRR5949590	1.149639556483191
LINC00622	SRR5949591	1.1498283651018633
LINC00622	SRR5949592	1.1496653216499102
LINC00622	SRR5949593	1.1499000124654937
LINC00622	SRR5949594	1.1496993836519698
LINC00622	SRR5949595	1.1498041981068907
LINC00622	SRR5949596	1.149757132515299
LINC00622	SRR5949597	1.1492327898220787
LINC00622	SRR5949598	1.149727479151349
LINC00622	SRR5949599	1.149639556483191
LINC00622	SRR5949600	1.1497815594090803
LINC00622	SRR5949601	1.1496993836519698
LINC00622	SRR5949602	1.1499000124654937
LINC00622	SRR5949603	1.149801355279094
LINC00622	SRR5949604	1.1498041981068907
LINC00622	SRR5949605	1.1496993836519698
LINC00622	SRR5949606	1.1494707522857042
LINC00622	SRR5949607	1.1498700492655702
LINC00622	SRR5949608	1.1490004023259148
LINC00622	SRR5950246	1.1489592829745587
LINC00622	SRR5950247	1.1494707522857042
LINC00622	SRR5950248	1.1497815594090803
LINC00622	SRR5950249	1.1499000124654937
LINC00622	SRR5950250	1.1495611354981103
LINC00622	SRR5950251	1.1497815594090803
LINC00622	SRR5950252	1.1498758641415114
LINC00622	SRR5950253	1.1498041981068907
LINC00622	SRR5950254	1.1494707522857042
LINC00622	SRR5950255	1.1492327898220787
LINC00622	SRR5950256	1.14882817140177
LINC00622	SRR5950257	1.1487945702274995
LINC00622	SRR5950258	1.149801355279094
LINC00622	SRR5950259	1.1498283651018633
LINC00622	SRR5950260	1.1497815594090803
LINC00622	SRR5950261	1.149801355279094
LINC00622	SRR5950262	1.149659680044542
LINC00622	SRR5950263	1.1492573238148507
LINC00622	SRR5950264	1.1498700492655702
LINC00622	SRR5950265	1.1495611354981103
LINC00622	SRR5950266	1.1489684643066176
LINC00622	SRR5950267	1.149801355279094
LINC00622	SRR5950268	1.1496993836519698
LINC00622	SRR5950269	1.149727479151349
LINC00622	SRR5950270	1.1494610034998385
LINC00622	SRR5950271	1.1499000124654937
LINC00622	SRR5950272	1.1499000124654937
LINC00622	SRR5950273	1.1497815594090803
LINC00622	SRR5950274	1.1496516232140812
LINC00622	SRR5950275	1.1496993836519698
LINC00622	SRR5950276	1.149801355279094
LINC00622	SRR5950277	1.149515806070026
LINC00622	SRR5950278	1.1492438683694057
LINC00622	SRR5950279	1.149757132515299
LINC00622	SRR5950280	1.1498041981068907
LINC00622	SRR5950281	1.1496993836519698
LINC00622	SRR5950282	1.1493287860193127
LINC00622	SRR5950283	1.149801355279094
LINC00622	SRR5950284	1.1466271340242074
LINC00622	SRR5950285	1.1494823274298185
LINC00622	SRR5950286	1.1497815594090803
LINC00622	SRR5950287	1.1491016556665985
LINC00622	SRR5950288	1.1495510677538354
LINC00622	SRR5950289	1.1490061236504394
LINC00622	SRR5950290	1.1498283651018633
LINC00622	SRR5950291	1.149801355279094
LINC00622	SRR5950292	1.1496653216499102
LINC00622	SRR5950293	1.1494610034998385
LINC00622	SRR5950294	1.1499000124654937
LINC00622	SRR5950295	1.1498758641415114
LINC00622	SRR5950296	1.149752993629983
LINC00622	SRR5950297	1.1494508753827517
LINC00622	SRR5950298	1.1498283651018633
LINC00622	SRR5950299	1.149614382860247
LINC00622	SRR5950300	1.149757132515299
LINC00622	SRR5950301	1.149801355279094
LINC00622	SRR5950302	1.149752993629983
LINC00622	SRR5950303	1.149614382860247
LINC00622	SRR5950304	1.149461221160821
LINC00622	SRR5950305	1.149752993629983
LINC00622	SRR5950306	1.149752993629983
LINC00622	SRR5950307	1.1496058907069004
LINC00622	SRR5950308	1.1496653216499102
LINC00622	SRR5950309	1.1496993836519698
LINC00622	SRR5950310	1.1497815594090803
LINC00622	SRR5950311	1.1498700492655702
LINC00622	SRR5950312	1.149801355279094
LINC00622	SRR5950313	1.1496653216499102
LINC00622	SRR5950314	1.1498283651018633
LINC00622	SRR5950315	1.149801355279094
LINC00622	SRR5950316	1.1498700492655702
LINC00622	SRR5950317	1.149614382860247
LINC00622	SRR5950318	1.1494610034998385
LINC00622	SRR5950319	1.149639556483191
LINC00622	SRR5950320	1.149614382860247
LINC00622	SRR5950321	1.148836459359721
LINC00622	SRR5950322	1.1495224477062624
LINC00622	SRR5950323	1.1496516232140812
LINC00622	SRR5950324	1.1498283651018633
LINC00622	SRR5950325	1.149659680044542
LINC00622	SRR5950326	1.149515806070026
LINC00622	SRR5950327	1.149801355279094
LINC00622	SRR5950328	1.149801355279094
LINC00622	SRR5950329	1.149752993629983
LINC00622	SRR5950330	1.149639556483191
LINC00622	SRR5950331	1.1493287860193127
LINC00622	SRR5950332	1.1494707522857042
LINC00622	SRR5950333	1.1498283651018633
LINC00622	SRR5950334	1.1498283651018633
LINC00622	SRR5950335	1.1498283651018633
LINC00622	SRR5950336	1.1477909267796054
LINC00622	SRR5950337	1.1490522198255662
LINC00622	SRR5950338	1.1484554126990747
LINC00622	SRR5950339	1.1499000124654937
LINC00622	SRR5950340	1.1496058907069004
LINC00622	SRR5950341	1.1496653216499102
LINC00622	SRR5950342	1.1498700492655702
LINC00622	SRR5950343	1.1496653216499102
LINC00622	SRR5950344	1.1495224477062624
LINC00622	SRR5950345	1.1496516232140812
LINC00622	SRR5950346	1.149801355279094
LINC00622	SRR5950347	1.149752993629983
LINC00622	SRR5950348	1.1496058907069004
LINC00622	SRR5950349	1.1498758641415114
LINC00622	SRR5950350	1.1497815594090803
LINC00622	SRR5950351	1.1491016556665985
LINC00622	SRR5950352	1.1498700492655702
LINC00622	SRR5950353	1.149752993629983
LINC00622	SRR5950354	1.1498700492655702
LINC00622	SRR5950355	1.1498700492655702
LINC00622	SRR5950356	1.1489979896611313
LINC00622	SRR5950357	1.1498700492655702
LINC00622	SRR5950358	1.149614382860247
LINC00622	SRR5950359	1.149727479151349
LINC00622	SRR5950360	1.1498700492655702
LINC00622	SRR5950361	1.1498700492655702
LINC00622	SRR5950362	1.1495224477062624
LINC00622	SRR5950363	1.1494508753827517
LINC00622	SRR5950364	1.149639556483191
LINC00622	SRR5950365	1.1498041981068907
LINC00622	SRR5950366	1.1498283651018633
LINC00622	SRR5950367	1.1489024179979748
LINC00622	SRR5950368	1.149752993629983
LINC00622	SRR5950369	1.1499000124654937
LINC00622	SRR5950370	1.1499000124654937
LINC00622	SRR5950371	1.149801355279094
LINC00622	SRR5950372	1.1498041981068907
LINC00622	SRR5950373	1.149757132515299
LINC00622	SRR5950374	1.149757132515299
LINC00622	SRR5950375	1.1498700492655702
LINC00622	SRR5950376	1.1499000124654937
LINC00622	SRR5950377	1.1494121443044876
LINC00622	SRR5950378	1.149757132515299
LINC00622	SRR5950379	1.149752993629983
LINC00622	SRR5950380	1.1496653216499102
LINC00622	SRR5950381	1.149659680044542
LINC00622	SRR5950382	1.1491016556665985
LINC00622	SRR5950383	1.1498758641415114
LINC00622	SRR5950384	1.1498283651018633
LINC00622	SRR5950385	1.1490859664004887
LINC00622	SRR5950386	1.1498700492655702
LINC00622	SRR5950387	1.1498758641415114
LINC00622	SRR5950388	1.1495611354981103
LINC00622	SRR5950389	1.1485352709618715
LINC00622	SRR5950390	1.1496993836519698
LINC00622	SRR5950391	1.1499000124654937
LINC00622	SRR5950392	1.1491016556665985
LINC00622	SRR5950393	1.1495565511841175
LINC00622	SRR5950394	1.149727479151349
LINC00622	SRR5950395	1.149752993629983
LINC00622	SRR5950396	1.1499000124654937
LINC00622	SRR5950397	1.1498758641415114
LINC00622	SRR5950398	1.1498758641415114
LINC00622	SRR5950399	1.149659680044542
LINC00622	SRR5950400	1.1496993836519698
LINC00622	SRR5950401	1.1498700492655702
LINC00622	SRR5950402	1.1498700492655702
LINC00622	SRR5950403	1.1497815594090803
LINC00622	SRR5950404	1.1498041981068907
LINC00622	SRR5950405	1.14823324140182
LINC00622	SRR5950406	1.1493806150832857
LINC00622	SRR5950407	1.149801355279094
LINC00622	SRR5950408	1.149461221160821
LINC00622	SRR5950409	1.1495565511841175
LINC00622	SRR5950410	1.1499000124654937
LINC00622	SRR5950411	1.1498283651018633
LINC00622	SRR5950412	1.1498700492655702
LINC00622	SRR5950413	1.1493657120956842
LINC00622	SRR5950414	1.149801355279094
LINC00622	SRR5950415	1.149614382860247
LINC00622	SRR5950416	1.1496653216499102
LINC00622	SRR5950417	1.1496993836519698
LINC00622	SRR5950418	1.1495510677538354
LINC00622	SRR5950419	1.1498700492655702
LINC00622	SRR5950420	1.149752993629983
LINC00622	SRR5950421	1.1495611354981103
LINC00622	SRR5950422	1.1494707522857042
LINC00622	SRR5950423	1.149757132515299
LINC00622	SRR5950424	1.1498283651018633
LINC00622	SRR5950425	1.1498700492655702
LINC00622	SRR5950426	1.1496058907069004
LINC00622	SRR5950427	1.1498283651018633
LINC00622	SRR5950428	1.149757132515299
LINC00622	SRR5950429	1.1498700492655702
LINC00622	SRR5950430	1.149727479151349
LINC00622	SRR5950431	1.149727479151349
LINC00622	SRR5950432	1.1498041981068907
LINC00622	SRR5950433	1.149801355279094
LINC00622	SRR5950434	1.1495611354981103
LINC00622	SRR5950435	1.149757132515299
LINC00622	SRR5950436	1.1498700492655702
LINC00622	SRR5950437	1.149727479151349
LINC00622	SRR5950438	1.1498283651018633
LINC00622	SRR5950439	1.1498758641415114
LINC00622	SRR5950440	1.145365413736815
LINC00622	SRR5950441	1.1494707522857042
LINC00622	SRR5950442	1.1497815594090803
LINC00622	SRR5950443	1.149659680044542
LINC00622	SRR5950444	1.149801355279094
LINC00622	SRR5950445	1.1498041981068907
LINC00622	SRR5950446	1.1496516232140812
LINC00622	SRR5950447	1.1494257243385793
LINC00622	SRR5950448	1.149801355279094
LINC00622	SRR5950449	1.1498041981068907
LINC00622	SRR5950450	1.1498700492655702
LINC00622	SRR5950451	1.1499000124654937
LINC00622	SRR5950452	1.1494823274298185
LINC00622	SRR5950453	1.1498283651018633
LINC00622	SRR5950454	1.1494823274298185
LINC00622	SRR5950455	1.1498283651018633
LINC00622	SRR5950456	1.149757132515299
LINC00622	SRR5950457	1.149659680044542
LINC00622	SRR5950458	1.1499000124654937
LINC00622	SRR5950459	1.149752993629983
LINC00622	SRR5950460	1.149752993629983
LINC00622	SRR5950461	1.1497815594090803
LINC00622	SRR5950462	1.1492630102128836
LINC00622	SRR5950463	1.149614382860247
LINC00622	SRR5950464	1.149515806070026
LINC00622	SRR5950465	1.1449587156171235
LINC00622	SRR5950466	1.149801355279094
LINC00622	SRR5950467	1.149752993629983
LINC00622	SRR5950468	1.149801355279094
LINC00622	SRR5950469	1.149639556483191
LINC00622	SRR5950470	1.1498700492655702
LINC00622	SRR5963912	1.1499000124654937
LINC00622	SRR5963913	1.1495224477062624
LINC00622	SRR5963914	1.1499000124654937
LINC00622	SRR5963915	1.1495611354981103
LINC00622	SRR5963916	1.1494121443044876
LINC00622	SRR5963917	1.1496993836519698
LINC00622	SRR5963918	1.149727479151349
LINC00622	SRR5963919	1.1498041981068907
LINC00622	SRR5963920	1.149757132515299
LINC00622	SRR5963921	1.1498283651018633
LINC00622	SRR5963922	1.1496653216499102
LINC00622	SRR5963923	1.149727479151349
LINC00622	SRR5963924	1.1498041981068907
LINC00622	SRR5963925	1.1495224477062624
LINC00622	SRR5963926	1.149515806070026
LINC00622	SRR5963927	1.1498758641415114
LINC00622	SRR5963928	1.1494823274298185
LINC00622	SRR5963929	1.149801355279094
LINC00622	SRR5963930	1.1493287860193127
LINC00622	SRR5963931	1.1499000124654937
LINC00622	SRR5963932	1.149757132515299
LINC00622	SRR5963933	1.149659680044542
LINC00622	SRR5963934	1.1494257243385793
LINC00622	SRR5963935	1.1499000124654937
LINC00622	SRR5963936	1.1495510677538354
LINC00622	SRR5963937	1.1492573238148507
LINC00622	SRR5963938	1.149801355279094
LINC00622	SRR5963939	1.1498041981068907
LINC00622	SRR5963940	1.1498700492655702
LINC00622	SRR5963941	1.1499000124654937
LINC00622	SRR5963942	1.1499000124654937
LINC00622	SRR5963943	1.1498283651018633
LINC00622	SRR5963944	1.1499000124654937
LINC00622	SRR5963945	1.1498758641415114
LINC00622	SRR5963946	1.149801355279094
LINC00622	SRR5963947	1.149801355279094
LINC00622	SRR5963948	1.149801355279094
LINC00622	SRR6467548	4.039224494096272
LINC00622	SRR6467549	5.083166976335282
LINC00622	SRR6467550	12.113488156459573
LINC00622	SRR6467551	5.0822540953175785
LINC00622	SRR6467552	2.0330455629115067
LINC00622	SRR6467553	4.127671013631988
LINC00622	SRR6467554	2.0450988912437382
LINC00622	SRR6467555	5.072075810220745
LINC00622	SRR6467556	4.0473117550542534
LINC00622	SRR6467557	5.057097594193129
LINC00622	SRR6467558	6.121300667730212
LINC00622	SRR6467559	8.017399658822855
LINC00622	SRR6467560	8.081719091043642
LINC00622	SRR6467561	6.044706684037845
LINC00622	SRR6467562	8.030344166377144
LINC00622	SRR6467563	5.030983965843442
LINC00622	SRR6467564	4.029244004674328
LINC00622	SRR6467565	5.048497621880483
LINC00622	SRR6467566	3.0825894786285475
LINC00622	SRR6467567	4.0442914766556415
LINC00622	SRR6467568	15.061529248714178
LINC00622	SRR6467569	7.102477969814722
LINC00622	SRR6467570	10.133607311273284
LINC00622	SRR6467571	17.012237469758315
LINC00622	SRR6467572	9.05537183073916
LINC00622	SRR6467573	5.033991422578583
LINC00622	SRR6467574	7
LINC00622	SRR6467575	6.859163479292602
LINC00622	SRR6467576	9.04207244152861
LINC00622	SRR6467577	15.021603307653049
LINC00622	SRR6467578	10.098738000574857
LINC00622	SRR6467579	3.0317514937889554
LINC00622	SRR6467580	11.426310595898869
LINC00622	SRR6467581	15.483725810206353
LINC00622	SRR6467582	11.294782030822676
LINC00622	SRR6467583	6
LINC00622	SRR6467584	3.0108930572482255
LINC00622	SRR6467585	10.163687863417243
LINC00622	SRR6467586	12.610528379778078
LINC00622	SRR6467587	10.284402799557846
LINC00622	SRR6467588	11.690095850190136
LINC00622	SRR6467589	4
LINC00622	SRR6467590	7.019343942133065
LINC00622	SRR6467591	3.031558805980004
LINC00622	SRR6467592	10.077795396441577
LINC00622	SRR6467593	4.018153149445764
LINC00622	SRR6467594	13.973202374815358
LINC00622	SRR6467595	9.019725697121022
LINC00622	SRR6467596	13
LINC00622	SRR6467597	15.289496172262293
LINC00622	SRR6467598	18.69663432226515
LINC00622	SRR6467599	6.022444457617189
LINC00622	SRR6467600	5.02409284425282
LINC00622	SRR6467601	9.050209356447265
LINC00622	SRR6467602	10.821282116039285
LINC00622	SRR6467603	11
LINC00622	SRR6467604	5.021123678492562
LINC00622	SRR6467605	9.032165204375536
LINC00622	SRR6467606	11
LINC00622	SRR6467607	13
LINC00622	SRR6467608	12.03152701778865
LINC00622	SRR6467609	17.003058541927743
LINC00622	SRR6467610	8.079853583874621
LINC00622	SRR6467611	15.57853162939307
LINC00622	SRR6467612	7.040628598762873
LINC00622	SRR6467613	8
LINC00622	SRR6467614	13
LINC00622	SRR6467615	10.127037410235229
LINC00622	SRR6467616	6.059356530094701
LINC00622	SRR6467617	12.080026369640697
LINC00622	SRR6467618	10
LINC00622	SRR6467619	12.93293752630518
LINC00622	SRR6467620	11.028517550156291
LINC00622	SRR6467621	6.030643163341974
LINC00622	SRR6467622	9.13554782974544
LINC00622	SRR6467623	8.620888774793006
LINC00622	SRR6467624	7.001259399617306
LINC00622	SRR6467625	4
LINC00622	SRR6467626	8
LINC00622	SRR6467627	7.070446232876807
LINC00622	SRR6467628	10
LINC00622	SRR6467629	14.003101891849962
LINC00622	SRR6467630	10.007198511622537
LINC00622	SRR6467631	8.007199159238127
LINC00622	SRR6467632	14.100484468924368
LINC00622	SRR6467633	20
LINC00622	SRR6467634	6.023977741191406
LINC00622	SRR6467635	10.02631256225126
LINC00622	SRR6467636	7.070566736171218
LINC00622	SRR6467637	11
LINC00622	SRR6467638	10
LINC00622	SRR6467639	17.053864662922308
LINC00622	SRR6467640	24.502043216774915
LINC00622	SRR6467641	6.055696697925338
LINC00622	SRR6467642	13.634494461774477
LINC00622	SRR6467643	4.05005200202473
LINC00622	SRR6467644	14
LINC00622	SRR6467645	13.639861403168107
LINC00622	SRR6467646	7
LINC00622	SRR6467647	8.351404625445761
LINC00622	SRR6467648	14.080830875837417
LINC00622	SRR6467649	13.068797766671308
LINC00622	SRR6467650	16.087568036150355
LINC00622	SRR6467651	4.011652692065468
LINC00622	SRR6467652	6.001079485386262
LINC00622	SRR6467653	8.07937967625688
LINC00622	SRR6467654	12.044888915234377
LINC00622	SRR6467655	11
LINC00622	SRR6467656	14.188658274633653
LINC00622	SRR6467657	26
LINC00622	SRR6467658	9
LINC00622	SRR6467659	14.249353325248292
LINC00622	SRR6467660	11.0752694857933
LINC00622	SRR6467661	4.920662428530914
LINC00622	SRR6467662	8.051710810803945
LINC00622	SRR6467663	8.022326730443156
LINC00622	SRR6467664	12.889146650799082
LINC00622	SRR6467665	10
LINC00622	SRR6467666	7
LINC00622	SRR6467667	8.488522358022946
LINC00622	SRR6467668	20.310263734682756
LINC00622	SRR6467669	24
LINC00622	SRR6467670	17
LINC00622	SRR6467671	14.946070566224641
LINC00622	SRR6467672	13.115048016959713
LINC00622	SRR6467673	6.057540123585221
LINC00622	SRR6467674	8.05004054379749
LINC00622	SRR6467675	10.086419580070093
LINC00622	SRR6467676	12.195706945764982
LINC00622	SRR6467677	19
LINC00622	SRR6467678	14
LINC00622	SRR6467679	14
LINC00622	SRR6467680	17.18239883020984
LINC00622	SRR6467681	16
LINC00622	SRR6467682	8.047880352049466
LINC00622	SRR6467683	18.20153180177706
LINC00622	SRR6467684	22.057035100312582
LINC00622	SRR6467685	5.070479350894736
LINC00622	SRR6467686	11.015842425612234
LINC00622	SRR6467687	13.323938180000974
LINC00622	SRR6467688	23
LINC00622	SRR6467689	9.08912618092395
LINC00622	SRR6467690	6.032804593726645
LINC00622	SRR6467691	8.044384625095041
LINC00622	SRR6467692	7.007036601309285
LINC00622	SRR6467693	5.945251186807895
LINC00622	SRR6467694	4.0302828236812775
LINC00622	SRR6467695	8.03655196590917
LINC00622	SRR6467696	12.828805873392652
LINC00622	SRR6467697	16
LINC00622	SRR6467698	6.028213133947646
LINC00622	SRR6467699	24
LINC00622	SRR6467700	13.79215570830074
LINC00622	SRR6467701	10
LINC00622	SRR6467702	2.028674607356182
LINC00622	SRR6467703	7.086345038376429
LINC00622	SRR6467704	17.047444302191707
LINC00622	SRR6467705	6.0391833050707335
LINC00622	SRR6467706	5.092352561430804
LINC00622	SRR6467707	11
LINC00622	SRR6467708	11.018983838893943
LINC00622	SRR6467709	10
LINC00622	SRR6467710	8.007199159238127
LINC00622	SRR6467711	11.015019964653582
LINC00622	SRR6467712	12.13496786267579
LINC00622	SRR6467713	12.547944328665489
LINC00622	SRR6467714	4.023885748240536
LINC00622	SRR6467715	16
LINC00622	SRR6467716	6
LINC00622	SRR6467717	6.0736848752624315
LINC00622	SRR6467718	6.09245485302791
LINC00622	SRR6467719	8.028835531197881
LINC00622	SRR6467720	14
LINC00622	SRR6467721	17.027546695576014
LINC00622	SRR6467722	22.963842851855908
LINC00622	SRR6467723	7
LINC00622	SRR6467724	19
LINC00622	SRR6467725	7
LINC00622	SRR6467726	7.953832785102136
LINC00622	SRR6467727	3.006869657245764
LINC00622	SRR6467728	8
LINC00622	SRR6467729	11.075793573037107
LINC00622	SRR6467730	6.012758265892413
LINC00622	SRR6467731	9.08893065320649
LINC00622	SRR6467732	15.568488903036585
LINC00622	SRR6467733	10.01725803535813
LINC00622	SRR6467734	9.93009289870723
LINC00622	SRR6467735	7.057856291898338
LINC00622	SRR6467736	11.068223956176082
LINC00622	SRR6467737	9.055856614411455
LINC00622	SRR6467738	5.00179930415609
LINC00622	SRR6467739	15
LINC00622	SRR6467740	7.037401054629624
LINC00622	SRR6467741	17.034660763480073
LINC00622	SRR6467742	17
LINC00622	SRR6467743	15
LINC00622	SRR6467744	6
LINC00622	SRR6467745	10.00359860831218
LINC00622	SRR6467746	10.079332911520627
LINC00622	SRR6467747	11.964577522416947
LINC00622	SRR6467748	28.522448836394858
LINC00622	SRR6467749	9
LINC00622	SRR6467750	16.037952842904968
LINC00622	SRR6467751	8.12094333109261
LINC00622	SRR6467752	12.098574238787709
LINC00622	SRR6467753	7.321747979839704
LINC00622	SRR6467754	10.044534204423464
LINC00622	SRR6467755	10.740167512235722
LINC00622	SRR6467756	5.00630039786456
LINC00622	SRR6467757	5
LINC00622	SRR6467758	7
LINC00622	SRR6467759	5.0283169667932075
LINC00622	SRR6467760	20.154684649310127
LINC00622	SRR6467761	25.091645049933533
LINC00622	SRR6467762	5.025027680714358
LINC00622	SRR6467763	26.799110503883973
LINC00622	SRR6467764	16.402413620170154
LINC00622	SRR6467765	15.018649626099721
LINC00622	SRR6467766	5.07416764295812
LINC00622	SRR6467767	12.081675903086198
LINC00622	SRR6467768	6.074859786113602
LINC00622	SRR6467769	3.053941457249727
LINC00622	SRR6467770	14
LINC00622	SRR6467771	5.015855819735515
LINC00622	SRR6467772	9.064016412298185
LINC00622	SRR6467773	8.031370641441047
LINC00622	SRR6868540	6.089001171549743
LINC00622	SRR6868541	3.083426507458087
LINC00622	SRR6868542	5.2399513616298385
LINC00622	SRR6868543	4.0611850855710205
LINC00622	SRR6868544	8.062805346804208
LINC00622	SRR6868545	9.224397139961926
LINC00622	SRR6868546	4.06363340081721
LINC00622	SRR6868557	1.0593600439616915
LINC00622	SRR6868558	9.443970862124184
LINC00622	SRR6868559	7.229822681560252
LINC00622	SRR6868560	6.059930007174135
LINC00622	SRR6868569	2.1238680436145336
LINC00622	SRR6868570	5.1090988578776555
LINC00622	SRR6868571	2.0894881813714936
LINC00622	SRR6868572	7.082951443960696
LINC00622	SRR6868573	5.206416103517381
LINC00622	SRR6868574	5.061234506496734
LINC00622	SRR6868575	10.259969817544446
LINC00622	SRR6868576	2.0320024466830966
LINC00622	SRR6868577	3.098372276578076
LINC00622	SRR6868578	13.202501782723509
LINC00622	SRR6868579	4.176279772206242
LINC00622	SRR6868580	5.0538858558360245
LINC00622	SRR6868581	2.06840601002594
LINC00622	SRR6868582	7.230572779046059
LINC00622	SRR6868585	2.0447836238734722
LINC00622	SRR6868586	2.119487806421635
LINC00622	SRR6868587	1.060061410485746
LINC00622	SRR6868588	10.071961768814546
LINC00622	SRR6868589	7.077241569077639
LINC00622	SRR6868590	7.226511847656828
LINC00622	SRR6868591	11.14438568859205
LINC00622	SRR6868604	4.3036220392132805
LINC00622	SRR6868605	5.1604899920525344
LINC00622	SRR6868606	1.041059675092619
LINC00622	SRR6868607	3.1039578637373286
LINC00622	SRR6868608	5.122323283460932
LINC00622	SRR6868609	1.0441915254956329
LINC00622	SRR6868610	4.157351906988459
LINC00622	SRR6868620	13.14817844063549
LINC00622	SRR6868621	5.1102825532060265
LINC00622	SRR6868622	4.096939361616352
LINC00622	SRR6868623	3.1649559277105763
LINC00622	SRR6868636	2.0880453347201677
LINC00622	SRR6868637	3.0783375479834207
LINC00622	SRR6868638	1.0463813724818791
LINC00622	SRR6868639	3.032504696065828
LINC00622	SRR6868650	3.11949556560692
LINC00622	SRR6868651	1.0291416181729598
LINC00622	SRR6868652	9.276404509811371
LINC00622	SRR6868653	4.075818954629584
LINC00622	SRR6868654	5.075598290744074
LINC00622	SRR6868655	8.28344345795059
LINC00622	SRR6868665	13.188089994663454
LINC00622	SRR6868666	6.061576141498799
LINC00622	SRR6868667	6.0692537056924625
LINC00622	SRR6868668	8.059828827364264
LINC00622	SRR6868669	5.038209099436404
LINC00622	SRR6868670	2.0361812960633503
LINC00622	SRR6868671	4.058522846735106
LINC00622	SRR6868683	4.051279507397444
LINC00622	SRR6868684	4.063120261266683
LINC00622	SRR6868685	7.151613284811664
LINC00622	SRR6868686	5.05162081009087
LINC00622	SRR6868687	3.0844689806157346
LINC00622	SRR6868688	3.0821651806563577
LINC00622	SRR6868689	5.074376520476036
LINC00622	SRR6868698	5.091906387870294
LINC00622	SRR6868699	8.056462856631468
LINC00622	SRR6868700	4.064614040407442
LINC00622	SRR6868701	5.053045100858532
LINC00622	SRR6868702	3.023062254164355
LINC00622	SRR6868713	7.073352113934568
LINC00622	SRR6868714	8.149563278703548
LINC00622	SRR6868715	7.058383282432218
LINC00622	SRR6868716	5.033595002636896
LINC00622	SRR6868717	8.08240816209717
LINC00622	SRR6868718	7.02730287832868
LINC00622	SRR6868719	5.008101969287063
LINC00622	SRR6868720	18.091205683266967
LINC00622	SRR6868721	6.067792266534806
LINC00622	SRR6868722	5.084501175931839
LINC00622	SRR6868723	2.0393080290452854
LINC00622	SRR6868724	5.048721720334597
LINC00622	SRR6868725	6.025061540514537
LINC00622	SRR6868726	11.02653371982101
LINC00622	SRR6868741	6.087265252028278
LINC00622	SRR7632756	3.0247743241523954
LINC00622	SRR7632757	4.110933144205245
LINC00622	SRR7632758	9.095695388603188
LINC00622	SRR7632759	3.089324882363122
LINC00622	SRR7632760	2.040533801848868
LINC00622	SRR7632761	4.028602403771062
LINC00622	SRR7632762	1.0486325447319236
LINC00622	SRR7632763	1.0163814821934867
LINC00622	SRR7632764	4.147956168857355
LINC00622	SRR7632765	7.018390760376712
LINC00622	SRR7632766	2.062228496989125
LINC00622	SRR7632767	6.0142323160893625
LINC00622	SRR7632768	9.14569352887666
LINC00622	SRR7632769	4.045908484032212
LINC00622	SRR7632770	6.04967470707337
LINC00622	SRR7632771	1.0259548134634506
LINC00622	SRR7632772	4.0766581505676145
LINC00622	SRR7632773	9.048857999790942
LINC00622	SRR7632774	2.0126941172406245
LINC00622	SRR7632775	3.0674044532842926
LINC00622	SRR7632776	3.1136659590505253
LINC00622	SRR7632777	4.096238555980819
LINC00622	SRR7632778	3.0125307702572686
LINC00622	SRR7632779	5.130583026755608
LINC00622	SRR7632780	3.011079743022093
LINC00622	SRR7632781	4.245702125717036
LINC00622	SRR7632782	3.0410320125231234
LINC00622	SRR7632783	3.0220171699713694
LINC00622	SRR7632784	4.034803540995647
LINC00622	SRR7632785	4.028709848264105
LINC00622	SRR7632786	2.0828132032854545
LINC00622	SRR7632787	4.015655960491207
LINC00622	SRR7632788	8.018132599996848
LINC00622	SRR7632789	2.0362848107901304
LINC00622	SRR7632790	3.029471598947061
LINC00622	SRR7632791	1.0447424486975612
LINC00622	SRR7632792	2.0145947525752916
LINC00622	SRR7632793	1.01210658739326
LINC00622	SRR7632794	4.02779108246145
LINC00622	SRR7632795	4.012906436015417
LINC00622	SRR7632796	1.0171842304100507
LINC00622	SRR7632797	1.1507956722511705
LINC00622	SRR7632798	3.017186971638407
LINC00622	SRR7632799	4.123137108695947
LINC00622	SRR7632800	1.0149717126681794
LINC00622	SRR7632801	7.036829837905885
LINC00622	SRR7632802	2.0699910613560504
LINC00622	SRR7632803	5.119979238875995
LINC00622	SRR7632804	2.0809477580379636
LINC00622	SRR7632805	2.006187222737388
LINC00622	SRR7632806	2.0092265868927153
LINC00622	SRR7632807	5.043586352508098
LINC00622	SRR7632808	3.024662177464969
LINC00622	SRR7632809	1.0487771640238053
LINC00622	SRR7632810	2.0083456381154536
LINC00622	SRR7632811	4.0272276738297474
LINC00622	SRR7632812	4.028733448132131
LINC00622	SRR7632813	4.024837184728243
LINC00622	SRR7632814	9.032041693589727
LINC00622	SRR7632815	6.0472233650799225
LINC00622	SRR7632816	2.15056363034112
LINC00622	SRR7632817	8.332689206872825
LINC00622	SRR7632818	9.048828825267647
LINC00622	SRR7632819	3.0073406910592437
LINC00622	SRR7632820	3.0206542409953707
LINC00622	SRR7632821	7.012080624750691
LINC00622	SRR7632822	2.0251669595523794
LINC00622	SRR7632823	5.0183983586340055
LINC00622	SRR7632824	1.0045743716929838
LINC00622	SRR7632825	3.008422915180084
LINC00622	SRR7632826	11.007096493449733
LINC00622	SRR7632827	5.27398144149313
LINC00622	SRR7632828	4.103987927017778
LINC00622	SRR7632829	6.086952334012854
LINC00622	SRR7632830	2.0968939086457277
LINC00622	SRR7632831	4.037114886866341
LINC00622	SRR7632832	4.058223076532224
LINC00622	SRR7632833	1.0517370367415053
LINC00622	SRR7632834	3.0875688583638317
LINC00622	SRR7632835	1.1099100147247651
LINC00622	SRR7632836	3.044811169586195
LINC00622	SRR7632837	4.025800062375942
LINC00622	SRR7632838	5.125779719854784
LINC00622	SRR7632839	9.103390537707314
LINC00622	SRR7632840	5.152866725409129
LINC00622	SRR7632841	2.2385121973421565
LINC00622	SRR7632842	3.0055855497920754
LINC00622	SRR7632843	3.112546166088794
LINC00622	SRR7632844	6.237788403897243
LINC00622	SRR7632845	5.025027680714358
LINC00622	SRR7632846	4.197961999319962
LINC00622	SRR7632847	5.117636266957643
LINC00622	SRR7632848	3.027390740958739
LINC00622	SRR7632849	1.011384661421074
LINC00622	SRR7632850	2.0257712883441723
LINC00622	SRR7632851	3.0303355203749276
LINC00622	SRR7632852	2.002520159145824
LINC00622	SRR7632853	6.0304657860229405
LINC00622	SRR7632854	2.0132065388746647
LINC00622	SRR7632855	4
LINC00622	SRR7632856	3.0194511979113985
LINC00622	SRR7632857	1.0735764544763629
LINC00622	SRR7632858	1.0371579517056881
LINC00622	SRR7632859	2.0792622245181303
LINC00622	SRR7632860	1.0753540533674661
LINC00622	SRR7632861	3.163146746543364
LINC00622	SRR7632862	4.1405609958591585
LINC00622	SRR7632863	4.509852760518656
LINC00622	SRR7632864	3.364657651909229
LINC00622	SRR7632865	7.010244584278637
LINC00622	SRR7632866	2.011326786717283
LINC00622	SRR7632867	2.020580851104315
LINC00622	SRR7632868	1.0256287182392447
LINC00622	SRR7632869	7.17108791185044
LINC00622	SRR7632870	4.015195501991217
LINC00622	SRR7632871	1.050989678803295
LINC00622	SRR7632872	2.0644249306375295
LINC00622	SRR7632873	4.016830482998112
LINC00622	SRR7632874	6.015947408639445
LINC00622	SRR7632875	6.009906078213924
LINC00622	SRR7632876	4.056680119687405
LINC00622	SRR7632877	2.0821992721011875
LINC00622	SRR7632878	2.0441604420507766
LINC00622	SRR7632879	2.004533149999212
LINC00622	SRR7632880	3.0526240161373055
LINC00622	SRR7632881	4.05502553955122
LINC00622	SRR7632882	6.143284587572021
LINC00622	SRR7632883	2.04495812744982
LINC00622	SRR7632884	4.134825632967394
LINC00622	SRR7632885	3.0149121203958478
LINC00622	SRR7632886	3.0969074629288933
LINC00622	SRR7632887	4.040429662613345
LINC00622	SRR7632888	2.075953645153851
LINC00622	SRR7632889	1.0341992789721208
LINC00622	SRR7632890	2.2041273184184322
LINC00622	SRR7632891	2.094103111912903
LINC00622	SRR7632892	5.029159421433672
LINC00622	SRR7632893	2.076272650542794
LINC00622	SRR7632894	1.0470575746534403
LINC00622	SRR7632895	1.0115917091074564
LINC00622	SRR7632896	3.067944681950185
LINC00622	SRR7632897	3.0122553934395486
LINC00622	SRR7632898	3.0112099210728935
LINC00622	SRR7632899	4.027807545275202
LINC00622	SRR7632900	8.053318507071586
LINC00622	SRR7632901	5.031804827011245
LINC00622	SRR7632902	4.175217095766099
LINC00622	SRR7632903	6.02639360040515
LINC00622	SRR7632904	2.1052390868400237
LINC00622	SRR7632905	2.1863518507198707
LINC00622	SRR7632906	2.0330051706937757
LINC00622	SRR7632907	6.166352459448662
LINC00622	SRR7632908	6.024042216037946
LINC00622	SRR7632909	9.031091269225234
LINC00622	SRR7632910	1.0380077298103303
LINC00622	SRR7632911	4.051937021294523
LINC00622	SRR7632912	2.0312655175396315
LINC00622	SRR7632913	2.1174448866768683
LINC00622	SRR7632914	4.124689089454086
LINC00622	SRR7632915	3.1348699438417866
LINC00622	SRR7632916	4.079538114641094
LINC00622	SRR7632917	1.0523945550985883
LINC00622	SRR7632918	3.077540562638899
LINC00622	SRR7632919	3.026202500577879
LINC00622	SRR7632920	3.0347493353933026
LINC00622	SRR7632921	4.048629593012507
LINC00622	SRR7632922	7.060894458072592
LINC00622	SRR7632923	4.041900175404617
LINC00622	SRR7632924	1.029495742835047
LINC00622	SRR7632925	2.0701743684518465
LINC00622	SRR7632926	5.092494718213363
LINC00622	SRR7632927	4.082075336921668
LINC00622	SRR7632928	2.006609503830704
LINC00622	SRR7632929	3.12235659988616
LINC00622	SRR7632930	8.007199159238127
LINC00622	SRR7632931	3.002159553486761
LINC00622	SRR7632932	2.051385259178456
LINC00622	SRR7632933	3.063833176310646
LINC00622	SRR7632934	4.017553167965693
LINC00622	SRR7632935	5.050559200624879
LINC00622	SRR7632936	1.0210525182035715
LINC00622	SRR7632937	2.0289608157203793
LINC00622	SRR7632938	2.053352302106612
LINC00622	SRR7632939	2.056207519960769
LINC00622	SRR7632940	4.026206098566165
LINC00622	SRR7632941	5.107375330956581
LINC00622	SRR7632942	1.0358472927277014
LINC00622	SRR7632943	5
LINC00622	SRR7632944	1.0183845609590005
LINC00622	SRR7632945	6
LINC00622	SRR8928966	1.0089020059058134
LINC00622	SRR8928967	1.0174471485483954
LINC00622	SRR8928968	1.0083576543049855
LINC00622	SRR8928969	8.067326071217163
LINC00622	SRR8928970	11.107569474046066
LINC00622	SRR8928971	11.08594956049094
LINC00622	SRR8928972	1.0551062717044821
LINC00622	SRR8928973	10.060157966102233
LINC00622	SRR8928974	1.0870766859358787
LINC00622	SRR8928975	2.0869943629754415
LINC00622	SRR8928976	1.0433938336486428
LINC00622	SRR8928977	1.0197721263293398
LINC00622	SRR8928978	1.0189094725563004
LINC00622	SRR8928979	5.098586485472977
LINC00622	SRR8928980	1.016019416300132
LINC00622	SRR8928981	3.0354635931819525
LINC00622	SRR8928982	1.0114917814411697
LINC00622	SRR8928983	2.003961675609822
LINC00622	SRR8928984	2.0113078023228677
LINC00622	SRR8928985	1.0170563672128556
LINC00622	SRR8928986	1.009106991032158
LINC00622	SRR8928987	8
LINC00622	SRR8928988	5
LINC00622	SRR8928989	1.0180482199929832
LINC00622	SRR8928990	1.0106122784979463
LINC00622	SRR8928991	1.0180115267692265
LINC00622	SRR9835604	1.0144341794778586
LINC00622	SRR9835605	4.022492638480282
LINC00622	SRR9835606	5.011027967419533
LINC00622	SRR9835607	3.027745651840303
LINC00622	SRR9835608	3.044955251560528
LINC00622	SRR9835609	4
LINC00622	SRR9835610	2.009376610263541
LINC00622	SRR9835611	5.00555286848709
LINC00622	SRR9835612	9.024666978546486
LINC00622	SRR9835613	4.023885748240536
LINC00622	SRR9835614	1.0101757476044517
LINC00622	SRR9835615	2.079369299765199
LINC00622	SRR9835616	3.022499855507022
LINC00622	SRR9835617	3.07010905805011
LINC00622	SRR9835618	3.016193795961609
LINC00622	SRR9835619	3
LINC00622	SRR9835620	2.009799562689042
LINC00622	SRR9835621	5.033324066919741
LINC00622	SRR9835622	8.022183081753367
LINC00622	SRR9835623	5.000899571155219
LINC00622	SRR9835624	4.088845989232604
LINC00622	SRR9835625	8.025433104556868
LINC00622	SRR9835626	7.054019403930481
LINC00622	SRR9835627	2.0041725708322518
LINC00622	SRR9835628	2.014490601593564
LINC00622	SRR9835629	2.0410203309024597
LINC00622	SRR9835630	4.22295704407213
LINC00622	SRR9835631	1.0808176609581337
LINC00622	SRR9835632	3.0070242343862037
LINC00622	SRR9835633	3.022712117760958
LINC00622	SRR9835634	5.031942423896756
LINC00622	SRR9835635	1.0098927550157835
LINC00622	SRR9835636	1.0020527156867534
LINC00622	SRR9835637	2.0090429225700004
LINC00622	SRR9835638	7.069361595300256
LINC00622	SRR9835639	6.063491382959484
LINC00622	SRR9835640	4.066911353108392
LINC00622	SRR9835641	3.0117639905403926
LINC00622	SRR9835642	6.035459613024649
LINC00622	SRR9835643	3.0115552435367
LINC00622	SRR9835644	6.019784498196392
LINC00622	SRR9835645	1.029653410621942
LINC00622	SRR9835646	2.0189204827013776
LINC00622	SRR9835647	5.0121505298711035
LINC00622	SRR9835648	1.0302878151561219
LINC00622	SRR9835649	3.035863154065528
LINC00622	SRR9835650	4.015372556984459
LINC00622	SRR9835651	4.002879404649015
LINC00622	SRR9835652	2.032038832600264
LINC00622	SRR9835653	4.011163365221578
LINC00622	SRR9835654	5.050878738022258
LINC00622	SRR9835655	6.031017084057343
LINC00622	SRR9835656	4.010808459502243
LINC00622	SRR9835657	3.045356738862513
LINC00622	SRR9835658	7.014080276012568
LINC00622	SRR9835659	2.0120931003087192
LINC00622	SRR9835660	2.0152924671182397
LINC00622	SRR9835661	5.020272187802134
LINC00622	SRR9835662	2.02461639460896
LINC00622	SRR9835663	6.121844163894761
LINC00622	SRR9835664	3.0051774106074394
LINC00622	SRR9835665	4.016763200847092
LINC00622	SRR9835666	3
LINC00622	SRR9835667	3.0253273919986974
LINC00622	SRR9835668	3
LINC00622	SRR9835669	8.212870373289828
LINC00622	SRR9835670	4.055778751859249
LINC00622	SRR9835671	3.040794269541144
LINC00622	SRR9835672	4.0071352776014555
LINC00622	SRR9835673	10.228219628836946
LINC00622	SRR9835674	2.0010796796126926
LINC00622	SRR9835675	1.005397931987203
LINC00622	SRR9835676	3.2674040261074278
LINC00622	SRR9835677	8.02126321151926
LINC00622	SRR9835678	2.012181826033307
LINC00622	SRR9835679	4.825746816474615
LINC00622	SRR9835680	2.0490370135679346
LINC00622	SRR9835681	9.027444426032533
LINC00622	SRR9835682	1.0607053518911023
LINC00622	SRR9835683	3.0190329710224972
LINC00622	SRR9835684	1.0253010780065177
LINC00622	SRR9835685	5.025625958878481
LINC00622	SRR9835686	7.094734921548796
LINC00622	SRR9835687	2.0094043779825483
LINC00622	SRR9835688	6
LINC00622	SRR9835689	6.044336773319175
LINC00622	SRR9835690	8.016091744014364
LINC00622	SRR9835691	4.036075489006612
LINC00622	SRR9835692	5.091926365957348
LINC00622	SRR9835693	10.040851311465163
LINC00622	SRR9835694	8.083529544797786
LINC00622	SRR9835695	4.020923881184196
LINC00622	SRR9835696	7.069197179679631
LINC00622	SRR9835697	3.0154909539437615
LINC00622	SRR9835698	8.008041830067754
LINC00622	SRR9835699	4.0064815754296506
LINC00622	SRR9835700	6.013599449997636
LINC00622	SRR9835701	4.011323846905654
LINC00622	SRR9835702	4
LINC00622	SRR9835703	8.008639768317675
LINC00622	SRR9835704	4.018661169866451
LINC00622	SRR9835705	4.015985160794271
LINC00622	SRR9835706	3.237790546546438
LINC00622	SRR9835707	2.002221147394836
LINC00622	SRR9835708	4.004252811561096
LINC00622	SRR9835709	9.004186240669753
LINC00622	SRR9835710	2.0291273162841406
LINC00622	SRR9835711	4.001771394766191
LINC00622	SRR9835712	2.0050434938927086
LINC00622	SRR9835713	5.009530141317365
LINC00622	SRR9835714	3.004636833681942
LINC00622	SRR9835715	2.0103243296525464
LINC00622	SRR9835716	3.008964173275523
LINC00622	SRR9835717	1.0034545854694705
LINC00622	SRR9835718	3.046858801576171
LINC00622	SRR9835719	5.044201625925571
LINC00622	SRR9835720	2.0125988800636607
LINC00622	SRR9835721	3.045852337511526
LINC00622	SRR9835722	5.116071061027327
LINC00622	SRR9835723	6
LINC00622	SRR9835724	3.0211735712368006
LINC00622	SRR9835725	1.027861673410901
LINC00622	SRR9835726	2.0014397023245074
LINC00622	SRR9835727	2.013819255124653
LINC00622	SRR9835728	4.164000543507684
LINC00622	SRR9835729	1.0032434133910784
LINC00622	SRR9835730	7.027664137880226
LINC00622	SRR9835731	3.1534218311088162
LINC00622	SRR9835732	6.028377978050495
LINC00622	SRR9835733	9.040568219306559
LINC00622	SRR9835734	7.018390760376712
LINC00622	SRR9835735	6.010987345844631
LINC00622	SRR9835736	6.073563558770556
LINC00622	SRR9835737	2.004338224247538
LINC00622	SRR9835738	3.0054017988611132
LINC00622	SRR9835739	6.16570670845761
LINC00622	SRR9835740	1.0302371282903655
LINC00622	SRR9835741	3.0160290234126963
LINC00622	SRR9835742	2.037844825153892
LINC00622	SRR9835743	1.0344788269959917
LINC00622	SRR9835744	11.064521386840775
LINC00622	SRR9835745	6.1359671932739674
LINC00622	SRR9835746	10.111132609495122
LINC00622	SRR9835747	1.0053946904725954
LINC00622	SRR9835748	2.061705531683417
LINC00622	SRR9835749	6
LINC00622	SRR9835750	3.025253957399391
LINC00622	SRR9835751	7.058095222884894
LINC00622	SRR9835752	2.0819420009744323
LINC00622	SRR9835753	2.0219792658212135
LINC00622	SRR9835754	8.01092361065715
LINC00622	SRR9835755	3.0450295915052794
LINC00622	SRR9835756	1.0468852163311182
LINC00622	SRR9835757	2.0081088751208536
LINC00622	SRR9835758	5.029243661566032
LINC00622	SRR9835759	3.019943855064208
LINC00622	SRR9835760	5
LINC00622	SRR9835761	5.000899571155219
LINC00622	SRR9835762	1.102947594059923
LINC00622	SRR9835763	5.014702990560454
LINC00622	SRR9835764	11.030060438337909
LINC00622	SRR9835765	0.8617845563833055
LINC00622	SRR9835766	1.0265328399469198
LINC00622	SRR9835767	2.074908694576575
LINC00622	SRR9835768	11
LINC00622	SRR9835769	4
LINC00622	SRR9835770	1.0202737577318615
LINC00622	SRR9835771	2.0109673103224925
LINC00622	SRR9835772	1.0127561588072467
LINC00622	SRR9835773	7
LINC00622	SRR9835774	2.07117167594975
LINC00622	SRR9835775	4.020745403764407
LINC00622	SRR9835776	9.029466739660034
LINC00622	SRR9835777	2.004893794039496
LINC00622	SRR9835778	2.0085652042889737
LINC00622	SRR9835779	7.049715851752367
LINC00622	SRR9835780	9.014432549902764
LINC00622	SRR9835781	1.025583100340115
LINC00622	SRR9835782	3.0151912258683935
LINC00622	SRR9835783	8
LINC00622	SRR9835784	5.020731135135144
LINC00622	SRR9835785	4.176744361938925
LINC00622	SRR9835786	4.03971937408002
LINC00622	SRR9835787	7.020274619124823
LINC00622	SRR9835788	5.008408165749565
LINC00622	SRR9835789	9
LINC00622	SRR9835790	1.0072834565655588
LINC00622	SRR9835791	1.0278656241323514
LINC00622	SRR9835792	5.968291867695778
LINC00622	SRR9835793	4.00820913671858
LINC00622	SRR9835794	4.000719656924175
LINC00622	SRR9835795	3.1721798671343593
LINC00622	SRR9835796	5.028976354628581
LINC00622	SRR9835797	13
LINC00622	SRR9835798	2.0032407877148253
LINC00622	SRR9835799	6.0122332106400265
LINC00622	SRR9835800	4.0047412953778885
LINC00622	SRR9835801	5.025334912018602
LINC00622	SRR9835802	5.020134910035566
LINC00622	SRR9867812	1.5837866325432974
LINC00622	SRR9867813	1.048766259062472
LINC00622	SRR9867814	1.6512279044263662
LINC00622	SRR9867815	0.734463265728934
LINC00622	SRR9867816	1
LINC00622	SRR9867817	1.0130692804155355
LINC00622	SRR9867818	2
LINC00622	SRR9867819	2.0731743505174625
LINC00622	SRR9867820	1
LINC00622	SRR9867821	4
LINC00622	SRR9867822	1.0102487295503935
LINC00622	SRR9867823	1.8966471829134188
LINC00622	SRR9867824	2.400582966003617
LINC00622	SRR9867825	1.805715319237777
LINC00622	SRR9867826	1.0673648766997013
LINC00622	SRR9867827	6.939929476784763
LINC00622	SRR9867828	3.0323734175075514
LINC00622	SRR9867829	0.6059603796041807
LINC00622	SRR9867830	2
LINC00622	SRR9867831	2.3008094093778677
LINC00622	SRR9879292	17.006672446370033
LINC00622	SRR9879293	3.0436673073991676
LINC00622	SRR9879294	9.180619348070081
LINC00622	SRR9879295	13.256398899692165
LINC00622	SRR9879296	8.095802155597099
LINC00622	SRR9879297	9.139441990414351
LINC00622	SRR9879298	10.10653880234263
LINC00622	SRR9879299	10.02913173016367
LINC00622	SRR9879300	7.102625969224064
LINC00622	SRR9879301	35.01259512909263
LINC00622	SRR9879302	5.051707205780673
LINC00622	SRR9879303	12.050123081029074
LINC00622	SRR9879304	9.150353695399057
LINC00622	SRR9879305	8.080645331723616
LINC00622	SRR9879306	13
LINC00622	SRR9879307	22.27631331569912
LINC00622	SRR9879308	14.159385259895036
LINC00622	SRR9879309	14.149195797683207
LINC00622	T50_307	3.01610159481146
LINC00622	T50_313	2.032038832600264
LINC00622	T50_317	10.164068767314205
LINC00622	T50_324	2.0211551016746165
LINC00622	T50_427	10.156539222354464
LINC00622	T50_428	8.052328012887171
LINC00622	T50_431	9.042747587973404
LINC00622	T50_436	23.165217326759755
LINC00622	T50_476	14.101968391917826
LINC00622	UN_307	3.0386158316657137
LINC00622	UN_313	10.139486719753831
LINC00622	UN_317	4.031998867205104
LINC00622	UN_323	3.027139392931112
LINC00622	UN_324	6.128377974755931
LINC00622	UN_427	3.0231128914862375
LINC00622	UN_428	12.118672501135828
LINC00622	UN_431	24.21856778477179
LINC00622	UN_436	32.22727246515368
LINC00622	UN_476	17.15080980625939
