Gene	sample	counts
LINC01033	CM317	8.417285495279367
LINC01033	CMCD140	1.0094128350688558
LINC01033	CMCD147	27.051871367509246
LINC01033	CMCD152	1
LINC01033	CMCD154	1.0098993269771894
LINC01033	CMCD159	1.0863042186135794
LINC01033	CMCD161	2.0061258961841677
LINC01033	CMCD174	1.092629434806816
LINC01033	CMCD196	1.0091897168260358
LINC01033	CMCD198	1.029495742835047
LINC01033	CMCD203	1.0032393128452408
LINC01033	CMCD211	1.6067573949153797
LINC01033	CMCD227	1.6442210050669115
LINC01033	CMCD240	0.9299660389313402
LINC01033	CMCD259	4
LINC01033	CMCD270	1.0051908134952228
LINC01033	CMCD275	1.008539072196977
LINC01033	CMCD282	1.0131607869251968
LINC01033	CMCD286	0.9425038392922207
LINC01033	CMCD287	1
LINC01033	CMCD294	1.0639520056991958
LINC01033	CMCD327	3.0154163618258507
LINC01033	CMCD335	1.0047054282731729
LINC01033	CMCD337	4.026697260491941
LINC01033	CMCD357	1.0211504641864628
LINC01033	CMCD398	1.0060023577013604
LINC01033	CMCD403	1.0071810043238532
LINC01033	CMCD422	2.0041725708322518
LINC01033	CMCD426	1.1140469611806236
LINC01033	CMCD71	1.0063862990277392
LINC01033	CMCD72	1.1510750061651915
LINC01033	CMCD76	1.0022972139313746
LINC01033	CMCD88	1.0001799142310437
LINC01033	CMSA256	2
LINC01033	CMSA316	1.0081545114583668
LINC01033	CMUC110	1
LINC01033	CMUC192	2.0269208994925614
LINC01033	CMUC199	1.0281874054164815
LINC01033	CMUC200	1.002341411462068
LINC01033	CMUC208	1.002446897019748
LINC01033	CMUC231	3
LINC01033	CMUC234	2
LINC01033	CMUC285	1.0111269374447733
LINC01033	CMUC291	1.0066043693551068
LINC01033	CMUC295	1.0008998949047658
LINC01033	CMUC299	1.0029270323451933
LINC01033	CMUC301	1.0005398398063463
LINC01033	CMUC307	1.0027601872840743
LINC01033	CMUC313	1.0420413939922741
LINC01033	CMUC314	1.055846512835873
LINC01033	CMUC323	1.0241049068913428
LINC01033	CMUC324	3.0026996847142975
LINC01033	CMUC331	3.0274723842011952
LINC01033	CMUC333	1.0232387540038606
LINC01033	CMUC334	1.0150130071590526
LINC01033	CMUC346	3.032548151973155
LINC01033	CMUC352	1.00605396549271
LINC01033	CMUC360	4.005760882040813
LINC01033	CMUC363	1.0263755677043285
LINC01033	CMUC365	1.0066923410699051
LINC01033	CMUC366	2.0066979877493485
LINC01033	CMUC368	3
LINC01033	CMUC377	1.0040818938645244
LINC01033	CMUC379	1.0708063663103926
LINC01033	CMUC380	1.01827642435426
LINC01033	CMUC383	1.0142859766464112
LINC01033	CMUC394	18.137190476371497
LINC01033	CMUC419	7.174644766070024
LINC01033	CMUC427	2
LINC01033	CMUC428	2.0126941172406245
LINC01033	CMUC431	1.0018586198168056
LINC01033	CMUC435	1.0050194243862136
LINC01033	CMUC439	1.0064361075814747
LINC01033	CMUC89	1
LINC01033	CS219	2.0049550829277925
LINC01033	CS256	2.004579771497176
LINC01033	CS257	1.0944271775349645
LINC01033	CS259	3.004636833681942
LINC01033	CS261	1.0238230356839277
LINC01033	CS266	12.429367502212447
LINC01033	CS270	1.0130095040631752
LINC01033	CS277	0.964744493942961
LINC01033	CS288	2.018031456311622
LINC01033	CS290	1.0079916665289268
LINC01033	CS292	1.0139795313343294
LINC01033	CS293	1.016848591736414
LINC01033	CS301	1.0267458436587589
LINC01033	CS306	1.0388615456941386
LINC01033	CS308	1.0265766152062068
LINC01033	CS315	1.028018282586956
LINC01033	CS317	17.156775360813363
LINC01033	CS322	1.0134187324826138
LINC01033	CS327	1.0047603772359066
LINC01033	CS328	1.0566294945036847
LINC01033	CS330	1.0768616883015538
LINC01033	CS331	5.093998021606602
LINC01033	CS335	20.19248277089585
LINC01033	CS338	1.030832702181411
LINC01033	CS339	1.1707547739034676
LINC01033	CS343	4.032315647809993
LINC01033	CS344	1.014131256091266
LINC01033	CS350	10.232380192782662
LINC01033	CS351	1.008311894542825
LINC01033	CS361	1.0239903938396149
LINC01033	CS388	1.034963282410878
LINC01033	CS396	1.01090379638317
LINC01033	CS405	1.0253724548654906
LINC01033	CS415	1.0768988297741249
LINC01033	CS424	2.075243922925165
LINC01033	IM293	1.0053335186310612
LINC01033	IM296	1.0674965693084089
LINC01033	IM297	1.098769887658002
LINC01033	IM300	1
LINC01033	IM305	1.0100500854392669
LINC01033	IM309	1.068243382745569
LINC01033	IM310	1.0137597798867521
LINC01033	IM311	1.0124769275654149
LINC01033	IM316	1.0051863509411016
LINC01033	IM320	1.0476097382082026
LINC01033	IM330	1.0105944783553105
LINC01033	IM332	18.55093623161063
LINC01033	IM340	1.056280146775053
LINC01033	IM348	1.0369614627065955
LINC01033	IM354	2.0144973791246388
LINC01033	IM356	23.1980312062996
LINC01033	IM364	1.017386683482945
LINC01033	IM372	17.999832921629213
LINC01033	IM374	1.0494515301768887
LINC01033	IM376	1.0151740030663836
LINC01033	IM381	1.012555790998895
LINC01033	IM382	11.35024661743386
LINC01033	IM385	1
LINC01033	IM390	1.028703799246213
LINC01033	IM397	2.022769322842148
LINC01033	IM404	2.005765030511049
LINC01033	IM409	1.0057289905461357
LINC01033	IM412	1
LINC01033	IM421	1.0158984637588822
LINC01033	IM425	40.063907913117255
LINC01033	IM432	1.0420143643186235
LINC01033	IM438	2
LINC01033	IM442	1.0426097281187585
LINC01033	IM445	1.0115547971482344
LINC01033	IM448	1.0230255913150224
LINC01033	IM449	1.008446585812273
LINC01033	IM451	1.0051863509411016
LINC01033	IMSA256	1.0040992210696569
LINC01033	IMSA276	2
LINC01033	IMSA286	2
LINC01033	IMSA343	1.0125207868802717
LINC01033	IS_238	4
LINC01033	IS238	1.5354939906729352
LINC01033	IS243	1
LINC01033	IS253	1
LINC01033	IS283	1
LINC01033	IS322	1.0106397239474434
LINC01033	IS399	3.02175888068164
LINC01033	IS418	1.0947511027862358
LINC01033	IS430	1.0847548398304163
LINC01033	IS437	1.0822383787243768
LINC01033	IS444	1.0378497226493058
LINC01033	R276CMSA	1.0649255307900556
LINC01033	R286CMSA	1
LINC01033	R292CMSA	2.008415241499056
LINC01033	R292IMSA	1.0768750693977573
LINC01033	R308CMSA	1.070354522560454
LINC01033	R316IMSA	1.0198650539779268
LINC01033	R347CMSA	1.0679448775774594
LINC01033	R347IMSA	1.0654084912781197
LINC01033	R371CMSA	1.0039962901985677
LINC01033	SRR10104064	1.1130827181735787
LINC01033	SRR10104065	2.011731161243777
LINC01033	SRR10104066	2.0375126680719213
LINC01033	SRR10104067	1.0232571372704031
LINC01033	SRR10104068	1.004671476542523
LINC01033	SRR10104069	1.011490802424949
LINC01033	SRR10104070	1.0295865545572511
LINC01033	SRR10104071	2.3239670595388677
LINC01033	SRR10104072	2.143446479589512
LINC01033	SRR10104073	1.0458357877247761
LINC01033	SRR10104074	1.099722320793923
LINC01033	SRR10104075	1.1547542285600578
LINC01033	SRR10104076	1.0278239688724724
LINC01033	SRR10104077	1.1040752320803593
LINC01033	SRR10104078	1.0419214016168303
LINC01033	SRR10104079	1.092856600461782
LINC01033	SRR10104080	1.1254280913603063
LINC01033	SRR10104081	1.0158936181922817
LINC01033	SRR10104082	1.085647260281074
LINC01033	SRR10104083	1.065596706440916
LINC01033	SRR10104084	1.0701241548355385
LINC01033	SRR10104085	1.0224852129879336
LINC01033	SRR10104086	2.0498660311026504
LINC01033	SRR10104087	1.0032098048981044
LINC01033	SRR10104088	1.0091188297931257
LINC01033	SRR10104089	1.1387124115642702
LINC01033	SRR10104090	1.0265054935122315
LINC01033	SRR10104091	2.085862615029333
LINC01033	SRR10104092	1.0127653613232732
LINC01033	SRR10104093	1.0347712127539488
LINC01033	SRR10104094	1.0344440824548444
LINC01033	SRR10104095	1.0555296586127236
LINC01033	SRR10104096	1.1499993829134103
LINC01033	SRR10104097	1.0654329597407752
LINC01033	SRR10104098	1.0299665441303483
LINC01033	SRR10104099	1.0483148195050975
LINC01033	SRR10104100	1.0292800559938342
LINC01033	SRR10104101	1.0055788173830293
LINC01033	SRR10104102	1.0153539684721093
LINC01033	SRR10104103	1.0533097010473917
LINC01033	SRR10104104	1.0155160029658645
LINC01033	SRR10104105	1.0837919884500646
LINC01033	SRR10104106	1.1337110372727635
LINC01033	SRR10104107	1.0095882284245328
LINC01033	SRR10104108	1.0068598403855975
LINC01033	SRR10104109	1.122307744225592
LINC01033	SRR10104110	1.1932010382175424
LINC01033	SRR10104111	2.0659422190142065
LINC01033	SRR10104112	1.189872391069202
LINC01033	SRR10104113	1.0362854178746606
LINC01033	SRR10104114	1.1753108824133915
LINC01033	SRR10104115	1.1481195623107094
LINC01033	SRR10104116	1.0476231912417615
LINC01033	SRR10104117	1.0392927622091388
LINC01033	SRR10104118	1.1479902353871632
LINC01033	SRR10104119	1.1922096850664645
LINC01033	SRR10104120	1.0274397025883788
LINC01033	SRR10104121	1.0845670123047944
LINC01033	SRR10104122	1.0930951060141245
LINC01033	SRR10104123	1.085068060584876
LINC01033	SRR10104124	1.1194016065014738
LINC01033	SRR10104125	1.1032322088701674
LINC01033	SRR10104126	1.0403589846827273
LINC01033	SRR10104127	1.1896601506984525
LINC01033	SRR10104128	1.0289581177608564
LINC01033	SRR10104129	1.0264252644778067
LINC01033	SRR10104130	1.0421022730678582
LINC01033	SRR10104131	1.0113537446977683
LINC01033	SRR10104132	1.0072357936683587
LINC01033	SRR10104133	1.1678104114751833
LINC01033	SRR10104134	1.0304204630626266
LINC01033	SRR10104135	1.1047925227370805
LINC01033	SRR10104136	1.0150534484689004
LINC01033	SRR10104137	1.1111543351913287
LINC01033	SRR10104138	1.1987125395645137
LINC01033	SRR10104139	1.0113843011015555
LINC01033	SRR10104140	1.1457522859106466
LINC01033	SRR10104141	1.0612182077092946
LINC01033	SRR10104142	1.0527512259784992
LINC01033	SRR10104143	1.008193511450258
LINC01033	SRR10104144	1.0610832116326332
LINC01033	SRR10104145	1.064530164787135
LINC01033	SRR10104146	1.009628265187365
LINC01033	SRR10104147	1.0017090245686449
LINC01033	SRR10104148	1.0531465668318782
LINC01033	SRR10104149	1.0479500129388701
LINC01033	SRR10104150	1.0116520854708597
LINC01033	SRR10104151	1.0076598631587603
LINC01033	SRR10104152	1.0056231596200704
LINC01033	SRR10104153	1.1050859670242814
LINC01033	SRR10104154	1.0306607864494586
LINC01033	SRR10104155	2.1812101606656795
LINC01033	SRR10104156	1.0040671518845923
LINC01033	SRR10104157	1.0501594045532703
LINC01033	SRR10104158	1.0205995039478943
LINC01033	SRR10104159	1.0126727839776568
LINC01033	SRR10104160	1.1286682368212853
LINC01033	SRR10104161	1.001725803535813
LINC01033	SRR10104162	2.0409631904076937
LINC01033	SRR10104163	2.0605756303122438
LINC01033	SRR10104164	1.019679849157473
LINC01033	SRR10104165	1.03911950298106
LINC01033	SRR10104166	1.0411103906912247
LINC01033	SRR10104167	1.0226405407254509
LINC01033	SRR10104168	1.0290037923240252
LINC01033	SRR10104169	1.0249138391060775
LINC01033	SRR10104170	1.0302024526513764
LINC01033	SRR10104171	1.0241039729391117
LINC01033	SRR10104172	1.03424738641328
LINC01033	SRR10104173	1.0618085302182145
LINC01033	SRR10104174	1.034206476188313
LINC01033	SRR10104175	1.0226611988789944
LINC01033	SRR10104176	1.022603053209032
LINC01033	SRR10104177	1.0254564567414526
LINC01033	SRR10104178	1.0386957245885173
LINC01033	SRR10104179	1.0349830414340861
LINC01033	SRR10104180	1.0220069065577857
LINC01033	SRR10104181	1.027045780065536
LINC01033	SRR10104182	1.0354701224080693
LINC01033	SRR10104183	1.0485327945215122
LINC01033	SRR10104184	1.0213982799506043
LINC01033	SRR10104185	1.0655022783512398
LINC01033	SRR10104186	1.0334077154577568
LINC01033	SRR10104187	1.0797577801431373
LINC01033	SRR10104188	1.0555862389878126
LINC01033	SRR10104189	1.0614348924771675
LINC01033	SRR10104190	1.1491016556665985
LINC01033	SRR10104191	1.1421287584167092
LINC01033	SRR10104192	1.0261807524628852
LINC01033	SRR10104193	1.0402803652655077
LINC01033	SRR10104194	1.0434484830599333
LINC01033	SRR10104195	1.0425282185704265
LINC01033	SRR10104196	1.0410873692447795
LINC01033	SRR10104197	1.0169436235163218
LINC01033	SRR10104198	1.0259518061643405
LINC01033	SRR10104199	1.0845523092555243
LINC01033	SRR10104200	1.0357609839017698
LINC01033	SRR10104201	1.026296611985634
LINC01033	SRR10104202	1.0684453214497531
LINC01033	SRR10104203	1.0227196084030068
LINC01033	SRR10104204	1.0316115330113982
LINC01033	SRR10104205	1.0269817679691475
LINC01033	SRR10104206	1.0290184053987292
LINC01033	SRR10104207	1.0328985759185803
LINC01033	SRR10104208	1.0176894368252343
LINC01033	SRR10104209	1.0231987105755664
LINC01033	SRR10104210	1.0264643950508716
LINC01033	SRR10104211	1.0187996043213206
LINC01033	SRR10104212	1.0187854652070223
LINC01033	SRR10104213	1.0607243748787123
LINC01033	SRR10104214	1.0302508387945404
LINC01033	SRR10104215	1.0107265960976537
LINC01033	SRR10104216	1.062180780035933
LINC01033	SRR10104217	1.0250110331492008
LINC01033	SRR10104218	1.0655646431950403
LINC01033	SRR10104219	1.0652648347042482
LINC01033	SRR10104220	1.0355693278203462
LINC01033	SRR10104221	1.090516632710812
LINC01033	SRR10104222	1.0387327316632746
LINC01033	SRR10104223	1.1801672204919216
LINC01033	SRR10104224	1.0254993311004128
LINC01033	SRR10104225	1.031660376130715
LINC01033	SRR10104226	1.0392769039353207
LINC01033	SRR10104227	1.0779388239392174
LINC01033	SRR10104228	1.1232105220166013
LINC01033	SRR10104229	1.0373617848705414
LINC01033	SRR10104230	1.1040752320803593
LINC01033	SRR10104231	1.07822501247679
LINC01033	SRR10104232	1.0611514448074382
LINC01033	SRR10104233	1.0734096428277802
LINC01033	SRR10104234	1.0234328696081605
LINC01033	SRR10104235	1.0441915254956329
LINC01033	SRR10104236	1.0093068320098109
LINC01033	SRR10104237	1.018564797188093
LINC01033	SRR10104238	1.0719766937133695
LINC01033	SRR10104239	1.0633581535162346
LINC01033	SRR10104240	1.0749579917487644
LINC01033	SRR10104241	1.0409403926955196
LINC01033	SRR10104242	1.0656340036600613
LINC01033	SRR10104243	1.0687486815714031
LINC01033	SRR10104244	1.0398815876953509
LINC01033	SRR10104245	1.0418117622330036
LINC01033	SRR10104246	1.108828569841403
LINC01033	SRR10104247	1.0579544780318526
LINC01033	SRR10104248	1.076529224426155
LINC01033	SRR10104249	1.0273315870858695
LINC01033	SRR10104250	1.157197552838617
LINC01033	SRR10104251	1.0471142307724335
LINC01033	SRR10104252	1.1838765721178106
LINC01033	SRR10104253	1.09991256534321
LINC01033	SRR10104254	1.0374696909056962
LINC01033	SRR10104255	1.031244552450183
LINC01033	SRR10104256	1.0295241963821637
LINC01033	SRR10104257	1.038122821814693
LINC01033	SRR10104258	1.0309181491976231
LINC01033	SRR10224277	1.0245658638211308
LINC01033	SRR10224278	1.0942848190075063
LINC01033	SRR10224279	1.0908476973919505
LINC01033	SRR10224280	1.0228352144410537
LINC01033	SRR10224281	4.064724619521916
LINC01033	SRR10224282	1.0506840927867773
LINC01033	SRR10224283	1.04241966767901
LINC01033	SRR10224284	1.1113405704367834
LINC01033	SRR10224285	1.1302600125483513
LINC01033	SRR10224286	5.127363750348164
LINC01033	SRR10224287	1.034206476188313
LINC01033	SRR10224288	1.0982502736059643
LINC01033	SRR10224289	1.095574558517596
LINC01033	SRR10224290	1.0979938990127511
LINC01033	SRR10224291	3.093776593430109
LINC01033	SRR10224292	1.0118994173300337
LINC01033	SRR10224293	5.154127336426254
LINC01033	SRR10224294	1.0583494992707134
LINC01033	SRR10224295	1.0871371976243258
LINC01033	SRR10224296	1.0551062717044821
LINC01033	SRR10224297	1.1298237190995832
LINC01033	SRR10224298	8.266135554244277
LINC01033	SRR10318388	1.0075645039987202
LINC01033	SRR10318389	1.0048079229951739
LINC01033	SRR10318390	1.0125492618247403
LINC01033	SRR10318391	1.012188279490948
LINC01033	SRR10318392	3.042498636204418
LINC01033	SRR10318393	1.002913173016367
LINC01033	SRR10318394	1.0136017148230585
LINC01033	SRR10318395	1.0045521691478385
LINC01033	SRR10318396	1.008253691698839
LINC01033	SRR10318397	1.0060636964446545
LINC01033	SRR10318398	1.0035908666536983
LINC01033	SRR10318399	1.0502301871086661
LINC01033	SRR10318400	1.015029947158002
LINC01033	SRR10318401	1.0036964837029803
LINC01033	SRR10318402	1.004310064687844
LINC01033	SRR10318403	1.004961221139498
LINC01033	SRR10318404	1.0017838194003639
LINC01033	SRR10318405	1.0025217469463543
LINC01033	SRR10318406	1.0046747157254012
LINC01033	SRR10318407	1.0099964007476554
LINC01033	SRR10318408	1.003093611368694
LINC01033	SRR10318409	1.0031782721446603
LINC01033	SRR10318410	1.0041326449528036
LINC01033	SRR10318411	1.0036964837029803
LINC01033	SRR10318412	1.0049521195717002
LINC01033	SRR10318413	2.0078865942447375
LINC01033	SRR10318414	1.0060465501543596
LINC01033	SRR10318415	1.0066043693551068
LINC01033	SRR10318416	1.010127651990598
LINC01033	SRR10318417	2.0146563380184315
LINC01033	SRR10318418	1.0038295612714525
LINC01033	SRR10318419	1.0040851311465162
LINC01033	SRR10318420	6.010987345844631
LINC01033	SRR10318421	1.00485547100433
LINC01033	SRR10318422	1.0021611084168651
LINC01033	SRR10318423	1.0016036166558628
LINC01033	SRR10318424	1.0021332526954574
LINC01033	SRR10318425	1.0066317697525906
LINC01033	SRR10318426	1.095574558517596
LINC01033	SRR10318427	1.1082523998937106
LINC01033	SRR10318428	1.0013960627168832
LINC01033	SRR10318429	1.0040376195884992
LINC01033	SRR10318430	1.0088510137634663
LINC01033	SRR10318431	1.0052614054151265
LINC01033	SRR10318432	1.0018005996203712
LINC01033	SRR10318433	1.275527749073799
LINC01033	SRR10318434	1.0031685095836653
LINC01033	SRR10318435	1.0060711119093864
LINC01033	SRR10318436	2.00567658773049
LINC01033	SRR10318437	2.0014397023245074
LINC01033	SRR10318438	1.0012906877364744
LINC01033	SRR10318439	1.0041326449528036
LINC01033	SRR10318440	1.0160161405406791
LINC01033	SRR10318441	1.0028076383933613
LINC01033	SRR10318442	1.0290972598019128
LINC01033	SRR10318443	1.00232462218343
LINC01033	SRR10318444	1.0087925886196047
LINC01033	SRR10318445	1.0124257547386077
LINC01033	SRR10318446	2.0080203289901353
LINC01033	SRR10318447	3.0322239879472415
LINC01033	SRR10318448	1.0071774620660263
LINC01033	SRR10318449	1.0021020527610582
LINC01033	SRR10318450	2.010795863974406
LINC01033	SRR10318451	4
LINC01033	SRR10318452	1.0063470586203123
LINC01033	SRR10318453	1.0201282942009398
LINC01033	SRR10318454	2.0095880753490887
LINC01033	SRR10318455	1.0061524256376846
LINC01033	SRR10318456	3.020077023209715
LINC01033	SRR10318457	2.003302026071308
LINC01033	SRR10318458	1.0130607665001055
LINC01033	SRR10318459	1.0066712106965126
LINC01033	SRR10318460	1.0040444775323971
LINC01033	SRR10318461	1.0035908666536983
LINC01033	SRR10318462	1.0068151487297214
LINC01033	SRR10318463	1.0031991760872525
LINC01033	SRR10318464	1.0063873213211867
LINC01033	SRR10318465	1.0010052287584692
LINC01033	SRR10318466	4.038289889074953
LINC01033	SRR10318467	1.005163326868066
LINC01033	SRR10318468	1.0099265873940113
LINC01033	SRR10318469	1.003736640357631
LINC01033	SRR10318470	2
LINC01033	SRR10318471	1
LINC01033	SRR10318472	1.0044939929610694
LINC01033	SRR10318473	1.0039520196971752
LINC01033	SRR10318474	1.0042826021444868
LINC01033	SRR10318475	1.0041019499142785
LINC01033	SRR10318476	1.0037100598776116
LINC01033	SRR10318495	2.0023706476889442
LINC01033	SRR10318496	1.008939117884696
LINC01033	SRR10318497	1.0057733394052475
LINC01033	SRR10318498	1.0009445377129693
LINC01033	SRR10318499	1.0012159297227785
LINC01033	SRR10318500	1.0058289797049942
LINC01033	SRR10318501	1.0049305007724685
LINC01033	SRR10318502	1.0005398398063463
LINC01033	SRR10318503	2.0038120565269457
LINC01033	SRR10318504	3.020465101990043
LINC01033	SRR10318505	1.0007198511622537
LINC01033	SRR10318506	1.012140088058167
LINC01033	SRR10318507	1.0122808125437386
LINC01033	SRR10318508	1.031213724706472
LINC01033	SRR10318509	1.0070546102125433
LINC01033	SRR10318510	1.008125313584785
LINC01033	SRR10318511	1.001260079572912
LINC01033	SRR10318512	1.0077519822290972
LINC01033	SRR10318513	1.0033796658956018
LINC01033	SRR10318514	1.0046534867814323
LINC01033	SRR10318515	1.012185016083506
LINC01033	SRR10318516	2.0120931003087192
LINC01033	SRR10318517	3.0081063446266825
LINC01033	SRR10318518	2.014681542087307
LINC01033	SRR10318519	1.0048247538699455
LINC01033	SRR10318520	1.0020114680017955
LINC01033	SRR10318521	1.0036752754292169
LINC01033	SRR10318522	1.0013960627168832
LINC01033	SRR10318523	2.004594427862749
LINC01033	SRR10318524	1.0079332911520626
LINC01033	SRR10318525	2.012666893555312
LINC01033	SRR10318526	1.0066340409403034
LINC01033	SRR10318527	1.000359860831218
LINC01033	SRR10318528	1.0025798089086946
LINC01033	SRR10318529	1.002266574999606
LINC01033	SRR10318530	1.0068960081103668
LINC01033	SRR10318531	1.0090633661821524
LINC01033	SRR10318532	1.0085041203949443
LINC01033	SRR10318533	1.0236532940435767
LINC01033	SRR10318534	1.0178798129350086
LINC01033	SRR10318535	1.0158026224654026
LINC01033	SRR10318536	2.0082924540540574
LINC01033	SRR10318537	2.0221647050451375
LINC01033	SRR10318538	1.0019060282634729
LINC01033	SRR10318539	2.015005810096368
LINC01033	SRR10318540	1.0055480781368802
LINC01033	SRR10318541	1.0074001354264437
LINC01033	SRR10318542	1.0082966874658166
LINC01033	SRR10318543	1.0102315119348009
LINC01033	SRR10318544	1.0025176493501762
LINC01033	SRR10318545	1.0089020059058134
LINC01033	SRR10318546	1.0014402205102033
LINC01033	SRR10318547	1.004071255814061
LINC01033	SRR10318548	1.0049305007724685
LINC01033	SRR10318549	1.0071774620660263
LINC01033	SRR10318568	1.0032098048981044
LINC01033	SRR10318569	1.0008998949047658
LINC01033	SRR10318570	1.010993574886179
LINC01033	SRR10318571	1.0008998949047658
LINC01033	SRR10318572	1.0048247538699455
LINC01033	SRR10318573	4.006182444909256
LINC01033	SRR10318574	3.0074610110399447
LINC01033	SRR10318575	1.0048247538699455
LINC01033	SRR10318576	1.0043850537320074
LINC01033	SRR10318577	1.0029986843325787
LINC01033	SRR10318578	1.0008998949047658
LINC01033	SRR10318579	1.0031685095836653
LINC01033	SRR10318580	2.0028804410204066
LINC01033	SRR10318581	1
LINC01033	SRR10875803	2.448276244203426
LINC01033	SRR10875804	3.3263645242093216
LINC01033	SRR10875805	4.159399199431205
LINC01033	SRR10875806	6.069530182031173
LINC01033	SRR10875807	2.9074856474474493
LINC01033	SRR10875808	6.3933050693108635
LINC01033	SRR10875809	4.443195582429127
LINC01033	SRR10875810	3.638949003359988
LINC01033	SRR10875812	3
LINC01033	SRR10875813	3.2570992710956856
LINC01033	SRR10875814	9.036641302326549
LINC01033	SRR10875815	5
LINC01033	SRR10875816	6
LINC01033	SRR10875817	9.264552463244422
LINC01033	SRR10875818	2.907324539172971
LINC01033	SRR10875819	6
LINC01033	SRR10875820	1.8672686509311318
LINC01033	SRR10875821	2.8594699862272814
LINC01033	SRR10875822	3.572703082641458
LINC01033	SRR10875823	5
LINC01033	SRR10875824	6.659921781567048
LINC01033	SRR10875825	6.010987345844631
LINC01033	SRR10875826	5.067353273958243
LINC01033	SRR10875827	4.484666482662969
LINC01033	SRR10875829	8.297535036297065
LINC01033	SRR10875830	6
LINC01033	SRR10875831	10.036351212296026
LINC01033	SRR10875832	6
LINC01033	SRR10875834	5.017119555791741
LINC01033	SRR10875835	16
LINC01033	SRR10875836	3.770827971130329
LINC01033	SRR10875837	5.628952247466068
LINC01033	SRR10875838	9
LINC01033	SRR10875839	5.93175402983522
LINC01033	SRR10875840	2.451200525072335
LINC01033	SRR10875841	3.01162147911867
LINC01033	SRR10875842	6.95127679529952
LINC01033	SRR10875843	7.727654714224768
LINC01033	SRR10875844	11.253250696269937
LINC01033	SRR10875845	10.87439705431754
LINC01033	SRR10875846	3.7431118118496047
LINC01033	SRR10875847	11.544196101330318
LINC01033	SRR10875848	8
LINC01033	SRR10875849	13.520812377658931
LINC01033	SRR10875850	5.000899571155219
LINC01033	SRR10875851	6.126626408011793
LINC01033	SRR10875852	4.856484964378395
LINC01033	SRR10875853	6.013599449997636
LINC01033	SRR10875854	5.889689680495938
LINC01033	SRR10875855	2.1954236878457096
LINC01033	SRR10875856	6.754474422152104
LINC01033	SRR10875857	2.3201054372928214
LINC01033	SRR10875858	7.5023048082388275
LINC01033	SRR10875859	7
LINC01033	SRR10875860	5.890748503126799
LINC01033	SRR10875861	4.141088509513228
LINC01033	SRR10875862	3.487540403558659
LINC01033	SRR10875863	4.021892009037589
LINC01033	SRR10875864	4
LINC01033	SRR10875865	5.085621489413008
LINC01033	SRR10875866	2.2321478285664753
LINC01033	SRR10875867	5.763572280343687
LINC01033	SRR10875868	4.306100563402774
LINC01033	SRR10875869	13
LINC01033	SRR10875870	3.379146430322938
LINC01033	SRR10875871	8.00143931384835
LINC01033	SRR10875872	2.92417151428768
LINC01033	SRR10875873	7.264553158424666
LINC01033	SRR10875874	5.864053826148967
LINC01033	SRR10875875	6.923027898454784
LINC01033	SRR10875876	2
LINC01033	SRR10875877	4.855610013126823
LINC01033	SRR10875878	2.015915797940473
LINC01033	SRR10875879	11
LINC01033	SRR10875880	7.028381062922987
LINC01033	SRR10875881	4.6889500781749165
LINC01033	SRR10875882	9
LINC01033	SRR10875883	7.045460773733096
LINC01033	SRR10875884	10.72145427008414
LINC01033	SRR10875885	8.015248226107783
LINC01033	SRR10875886	5.0378225199936
LINC01033	SRR10875887	8
LINC01033	SRR10875888	3.0848008086987604
LINC01033	SRR10875889	11.024932324995666
LINC01033	SRR10875890	4.009066299998424
LINC01033	SRR10875891	9
LINC01033	SRR10875892	7.984205078052497
LINC01033	SRR10875893	8
LINC01033	SRR10875894	6.226367084137455
LINC01033	SRR10875895	8
LINC01033	SRR10875896	5.05055772135605
LINC01033	SRR10875897	12.031325488990946
LINC01033	SRR10875898	13.342454277886592
LINC01033	SRR10875899	3.6018237266221846
LINC01033	SRR10875900	4.015262757882748
LINC01033	SRR10875901	9.019913075985905
LINC01033	SRR10875902	8.037152032931779
LINC01033	SRR12430469	2
LINC01033	SRR12430470	0.8522624702009965
LINC01033	SRR12430471	0.973304284575122
LINC01033	SRR12430472	3.856043567331923
LINC01033	SRR12430473	6
LINC01033	SRR12430474	0.6799366029384285
LINC01033	SRR12430475	3.2638198486806935
LINC01033	SRR12430476	1
LINC01033	SRR12765534	1
LINC01033	SRR12765535	1.0026579014399075
LINC01033	SRR12765536	1.0046291005525438
LINC01033	SRR12765537	1.0042383190183728
LINC01033	SRR12765538	1.0342968559958656
LINC01033	SRR12765539	1.0314128115051437
LINC01033	SRR12765540	3.0093968609455715
LINC01033	SRR12765541	1.009703651326794
LINC01033	SRR12765542	1
LINC01033	SRR12765543	1.0164158147198445
LINC01033	SRR12765544	1.0116050033991464
LINC01033	SRR12765545	1.0094671701338622
LINC01033	SRR12765546	1.0302580085326847
LINC01033	SRR12765547	1.0081057978341976
LINC01033	SRR12765548	2.0409191470031653
LINC01033	SRR12765549	1.0076734929427573
LINC01033	SRR12765550	1.040117424009284
LINC01033	SRR12765551	1.0138517058671774
LINC01033	SRR12765552	1.0415854347971876
LINC01033	SRR12765553	1.044787541309448
LINC01033	SRR12765554	1.0319374576290212
LINC01033	SRR12765555	2.0415604465090618
LINC01033	SRR12765556	1.0154992904437379
LINC01033	SRR12765557	1.0105307135967785
LINC01033	SRR12765558	1.0516646996103904
LINC01033	SRR12765559	1.0019060282634729
LINC01033	SRR12765560	1.0193147872805552
LINC01033	SRR12765561	1.002838293865245
LINC01033	SRR12765562	1.015740519865274
LINC01033	SRR12765563	1.0073112962020905
LINC01033	SRR12765564	1.0021169188365064
LINC01033	SRR12765565	2.0085329164643317
LINC01033	SRR12765566	1.0072082511218612
LINC01033	SRR12765567	1.0132901030582455
LINC01033	SRR12765568	2.0208123507560605
LINC01033	SRR12765569	1.0115080415029285
LINC01033	SRR12765570	1.0071774620660263
LINC01033	SRR12765571	2.022377515938904
LINC01033	SRR12765572	1.0066284645369288
LINC01033	SRR12765573	1.0345835410136228
LINC01033	SRR12765574	2.013919206521354
LINC01033	SRR12765575	2.0484462470874036
LINC01033	SRR12765576	1.0249426590876354
LINC01033	SRR12765577	1.0460059726823405
LINC01033	SRR12765578	1.0151849958585093
LINC01033	SRR12765579	2.017099515167158
LINC01033	SRR12765580	1.0114233604687528
LINC01033	SRR12765581	1.0162640458244836
LINC01033	SRR12765582	3.003015686275408
LINC01033	SRR12765583	1.008894629432837
LINC01033	SRR12765584	1.0125281630517893
LINC01033	SRR12765585	3.033473541703986
LINC01033	SRR12765586	3.0159327731209604
LINC01033	SRR12765587	1.0118330537602769
LINC01033	SRR12765588	1.0069962891030084
LINC01033	SRR12765589	1.0183753378209024
LINC01033	SRR12765590	1.0294216534098712
LINC01033	SRR12765591	1.0281334706568328
LINC01033	SRR12765592	1.0165367644372587
LINC01033	SRR12765593	1.0084329455714278
LINC01033	SRR12765594	1.023275089062988
LINC01033	SRR12765595	1.012018221172977
LINC01033	SRR12765596	1.0044632868766021
LINC01033	SRR12765597	1.0080835603035434
LINC01033	SRR12765598	1.0072316768045089
LINC01033	SRR12765599	1.003093611368694
LINC01033	SRR12765600	1.0430935413616602
LINC01033	SRR12765601	1.0221622395262338
LINC01033	SRR12765602	2.017344992799366
LINC01033	SRR12765603	1.0100331670398786
LINC01033	SRR12765604	3.024489053072829
LINC01033	SRR12765605	1.0078157404057295
LINC01033	SRR12765606	1.013303558456437
LINC01033	SRR12765607	1.008783747817285
LINC01033	SRR12765608	1.0088818539791797
LINC01033	SRR12765609	1.004852231238677
LINC01033	SRR12765610	1.008763978794329
LINC01033	SRR12765611	1.0055619738776487
LINC01033	SRR12765612	1.0045616509459838
LINC01033	SRR12765613	1.006036695926273
LINC01033	SRR12765614	1.0046747157254012
LINC01033	SRR12765615	1.00918320935704
LINC01033	SRR12765616	1.0061831833585213
LINC01033	SRR12765617	1.0085055016400712
LINC01033	SRR12765618	1.0235720872907181
LINC01033	SRR12765619	1.0218888958464731
LINC01033	SRR12765620	3.0245432108856494
LINC01033	SRR12765621	1.0026231534549817
LINC01033	SRR12765622	2.044051134072899
LINC01033	SRR12765623	1
LINC01033	SRR12765624	2.007958946401224
LINC01033	SRR12765625	1.0083576543049855
LINC01033	SRR12765626	1.004961221139498
LINC01033	SRR12765627	1.0005398398063463
LINC01033	SRR12765628	1.0416404899160054
LINC01033	SRR12765629	1.0324836165656877
LINC01033	SRR12765630	2.003451607071626
LINC01033	SRR12765631	1.006060158116402
LINC01033	SRR12765632	1.0065851812965134
LINC01033	SRR12765633	1.0195633163121216
LINC01033	SRR12765634	1.005465650857193
LINC01033	SRR12765635	1.0232142122054655
LINC01033	SRR12765636	1.0122197343296355
LINC01033	SRR12765637	1.0356758705836402
LINC01033	SRR12765638	1
LINC01033	SRR12765639	1.0312383739753317
LINC01033	SRR12765640	2.0101611542319153
LINC01033	SRR12765641	1.0191101951053518
LINC01033	SRR12765642	1.002446897019748
LINC01033	SRR12765643	1.0141700299218512
LINC01033	SRR12765644	3.010762892895811
LINC01033	SRR12765645	1.0289926005960395
LINC01033	SRR12765646	1.0068290619802291
LINC01033	SRR12765647	2.0585939906242605
LINC01033	SRR12765648	1.0119067516462763
LINC01033	SRR12765649	1.0495385478573618
LINC01033	SRR12765650	1.0183845609590005
LINC01033	SRR12765651	1.0282802169943726
LINC01033	SRR12765652	1.0107837488840228
LINC01033	SRR12774664	1.0053155170153698
LINC01033	SRR12774665	1.0135566637804032
LINC01033	SRR12774666	1.0106916250716198
LINC01033	SRR12774667	1.015112987886643
LINC01033	SRR12774668	1.0534151748540257
LINC01033	SRR12774669	3.0558678320858177
LINC01033	SRR12774670	1.0491130199238774
LINC01033	SRR12774671	1.0484655565231629
LINC01033	SRR12774672	2.0123876875693587
LINC01033	SRR12774673	1.01435609135224
LINC01033	SRR12774674	3.0733239137353876
LINC01033	SRR12774675	1.034652092580572
LINC01033	SRR12774676	1.0065547698859227
LINC01033	SRR12774677	2.0219519165450515
LINC01033	SRR12774678	1.0438847092278365
LINC01033	SRR12774679	2.04682931662111
LINC01033	SRR12774680	1.0142412524286228
LINC01033	SRR12774681	2.017460087742318
LINC01033	SRR12774682	1.0106527118449917
LINC01033	SRR12774683	2.0142929688542464
LINC01033	SRR12774684	1.0052888947242837
LINC01033	SRR12774685	3.0221683866595876
LINC01033	SRR12774686	1.0181683338140572
LINC01033	SRR12774687	1.0294604238537992
LINC01033	SRR1609360	1.0496124788462589
LINC01033	SRR1609361	1.0264423184229399
LINC01033	SRR1609362	2.1370002626826157
LINC01033	SRR1609363	1.0074338842995187
LINC01033	SRR1609364	1.0087481066288493
LINC01033	SRR1609365	1.0146339829764384
LINC01033	SRR1609366	2.0115129852832223
LINC01033	SRR1609367	2.0054655342432564
LINC01033	SRR1609368	1.0056529696494536
LINC01033	SRR1609369	3.0026996847142975
LINC01033	SRR1609370	2.0041725708322518
LINC01033	SRR1609371	1.0304964007766504
LINC01033	SRR1609372	2.001650332136614
LINC01033	SRR1609373	1.0075612554988438
LINC01033	SRR1609374	1.0026272514823873
LINC01033	SRR1609375	1.0066648133839482
LINC01033	SRR1609376	1.01626352655509
LINC01033	SRR1609377	2.010762183023327
LINC01033	SRR1609378	1.0177728662012375
LINC01033	SRR1609379	1.0018312243074385
LINC01033	SRR1609380	1.0160023979140944
LINC01033	SRR1609381	2.0014397023245074
LINC01033	SRR1609382	1.0145549576818973
LINC01033	SRR1609383	5.0526346315429045
LINC01033	SRR1609384	2.019758190428129
LINC01033	SRR1609385	1.007487455393186
LINC01033	SRR1609386	2.0135965690314332
LINC01033	SRR1609387	2.0152137983606204
LINC01033	SRR1609388	2.0260744104949016
LINC01033	SRR1609389	1.0025356008660358
LINC01033	SRR1609390	1.0131607869251968
LINC01033	SRR1609391	1.0643168557255298
LINC01033	SRR1609392	1.0157951352724675
LINC01033	SRR1609393	1.0451601529901198
LINC01033	SRR1609394	1.028409336119194
LINC01033	SRR1609395	1.0056231596200704
LINC01033	SRR1609396	2.002275899000563
LINC01033	SRR1609397	1.0149403288090864
LINC01033	SRR1609398	1.0047190180949654
LINC01033	SRR1609399	1.0038679712350747
LINC01033	SRR1609400	1.0022191494924957
LINC01033	SRR1609401	1.0108006798559126
LINC01033	SRR1609402	2.008987985922139
LINC01033	SRR1609403	1.00325727728352
LINC01033	SRR1609404	1.0122155976028022
LINC01033	SRR1609405	1.0068279191230753
LINC01033	SRR1609406	1.0040978458593541
LINC01033	SRR1609407	1.0024242592569674
LINC01033	SRR1609408	1.0078797189691773
LINC01033	SRR1609409	1.0192836281435407
LINC01033	SRR1609410	1
LINC01033	SRR1609411	1.0534817444447622
LINC01033	SRR1609412	1
LINC01033	SRR1609413	0.9620760097549236
LINC01033	SRR1609414	1.001651013035654
LINC01033	SRR1609415	1.0001799142310437
LINC01033	SRR1609416	1.002719204165851
LINC01033	SRR1609417	1.0068429754230048
LINC01033	SRR1609418	1.0014540594841934
LINC01033	SRR1609419	1.004906320813734
LINC01033	SRR1609420	1.0047772073142707
LINC01033	SRR1609421	1.0064932326669793
LINC01033	SRR1609422	1.0170007457993464
LINC01033	SRR1609423	2.1086267322693293
LINC01033	SRR1609424	1.0793326783308919
LINC01033	SRR1609425	1.001651013035654
LINC01033	SRR1609426	1.0047761793224967
LINC01033	SRR1609427	2.010645734639758
LINC01033	SRR1609428	1.0087253265689666
LINC01033	SRR1609429	1.0012906877364744
LINC01033	SRR1609430	1.0041769234190894
LINC01033	SRR1609431	1.0075846296119257
LINC01033	SRR1609432	1.001545611227314
LINC01033	SRR1609433	1.0084913498862338
LINC01033	SRR1609434	3.045852337511526
LINC01033	SRR1609435	1.0046132934463576
LINC01033	SRR1609436	2.0065481643688963
LINC01033	SRR1609437	1.0221628286585938
LINC01033	SRR1609438	1.0325930752618184
LINC01033	SRR1609439	1.0150438676413862
LINC01033	SRR1609440	2.005159617817389
LINC01033	SRR1609441	1.002266574999606
LINC01033	SRR1609442	1.0074096441060612
LINC01033	SRR1609443	1.008915652491251
LINC01033	SRR1609444	2.0010796796126926
LINC01033	SRR1609445	1.0035295106373756
LINC01033	SRR1609446	1.011429259673962
LINC01033	SRR1609447	1.2343308859580486
LINC01033	SRR1609448	1.008885106736826
LINC01033	SRR1609449	2.0050099092941727
LINC01033	SRR1609450	1.0020862854161259
LINC01033	SRR1609451	2.026315634256382
LINC01033	SRR1609452	1.2640053263343127
LINC01033	SRR1609453	1.0018418386249568
LINC01033	SRR1609454	1.0163997734607435
LINC01033	SRR1609455	1.252344349611058
LINC01033	SRR1609456	1.004895674028629
LINC01033	SRR1609457	1.0066955867682956
LINC01033	SRR1609458	1.240929610314354
LINC01033	SRR1609459	1.0039139901228018
LINC01033	SRR1609460	2.019797942537209
LINC01033	SRR1609461	2.0034180491372897
LINC01033	SRR1609462	1.0037407429361982
LINC01033	SRR1609463	1.0066043693551068
LINC01033	SRR1609464	1.011490802424949
LINC01033	SRR1609465	1.0122774846884037
LINC01033	SRR1609466	1.1216427607845454
LINC01033	SRR1609467	1.0121540748943918
LINC01033	SRR1609468	2.003451607071626
LINC01033	SRR1609469	3.000539742693131
LINC01033	SRR1609470	1.004852231238677
LINC01033	SRR1609471	1.0021443221583142
LINC01033	SRR1609472	1.0873653005292128
LINC01033	SRR1609473	2.116195052996917
LINC01033	SRR1609474	1.0025925045596629
LINC01033	SRR1609475	1.0221791170213061
LINC01033	SRR1609476	0.9524436712460697
LINC01033	SRR1609477	2.0114579810922715
LINC01033	SRR1609478	2.0465593850411414
LINC01033	SRR1609479	1.0106476593347347
LINC01033	SRR1609480	1
LINC01033	SRR1609481	1.0106218174964396
LINC01033	SRR1609482	2.0074201197552233
LINC01033	SRR1609483	1.0046132934463576
LINC01033	SRR1609484	1.0080701805983117
LINC01033	SRR1609485	1.0008998949047658
LINC01033	SRR1609486	1.0032740821844481
LINC01033	SRR1609487	1.0039962901985677
LINC01033	SRR1609488	1.0014402205102033
LINC01033	SRR1609489	1.0022191494924957
LINC01033	SRR1609490	1.0168440470363254
LINC01033	SRR1609491	1.0035876309652703
LINC01033	SRR1609492	1
LINC01033	SRR1609493	1.0045689957386463
LINC01033	SRR1609494	2.011961864509018
LINC01033	SRR1609495	2.004533149999212
LINC01033	SRR1609496	1.0008998949047658
LINC01033	SRR1609497	1.0008998949047658
LINC01033	SRR1609498	2.000719721662436
LINC01033	SRR1609499	1.0021169188365064
LINC01033	SRR1609500	1.001725803535813
LINC01033	SRR1609501	1.0012906877364744
LINC01033	SRR1609502	1.0131235797683193
LINC01033	SRR1609503	1.2577312251671255
LINC01033	SRR1609504	1
LINC01033	SRR1609505	1
LINC01033	SRR1609506	1.019996986701897
LINC01033	SRR1609507	1.0061660350318171
LINC01033	SRR1609508	1.0005398398063463
LINC01033	SRR1609509	1.0064221997611569
LINC01033	SRR1609510	2.0113964934187734
LINC01033	SRR1609511	1.0375190831321666
LINC01033	SRR1609512	1.003393745919232
LINC01033	SRR1609513	1.0032605119068476
LINC01033	SRR1609514	1.049805218598925
LINC01033	SRR1609515	1.001980837804911
LINC01033	SRR1609516	1.0042043830726162
LINC01033	SRR1609517	1.0230255913150224
LINC01033	SRR1609518	1.0016203938574126
LINC01033	SRR1609519	1.001725803535813
LINC01033	SRR1609520	2.158742472682703
LINC01033	SRR1609521	1.0016784036170656
LINC01033	SRR1609522	1.0244721470044897
LINC01033	SRR1609523	1.0047940376745443
LINC01033	SRR1609524	1.0169007391409333
LINC01033	SRR1609525	1.0055480781368802
LINC01033	SRR1609526	2.04137445195795
LINC01033	SRR1609527	1
LINC01033	SRR1609528	1.0089020059058134
LINC01033	SRR1609529	1.026161768287664
LINC01033	SRR1609530	1.0048928994463358
LINC01033	SRR1609531	1.0038422727480136
LINC01033	SRR1609532	1.0073820968056781
LINC01033	SRR1609533	1.0388210508926796
LINC01033	SRR1609534	1.0013180684646343
LINC01033	SRR1609535	1.0447999386373616
LINC01033	SRR1609536	1.0111854977845782
LINC01033	SRR1609537	1.003877062984047
LINC01033	SRR1609538	1
LINC01033	SRR1609539	1.0062411626561332
LINC01033	SRR1609540	1
LINC01033	SRR1609541	2.2011973559942284
LINC01033	SRR1609542	2.004744105363121
LINC01033	SRR1609543	1.0020862854161259
LINC01033	SRR1609544	1.005937378799828
LINC01033	SRR1609545	7.161042343707762
LINC01033	SRR1609546	1
LINC01033	SRR1609547	1.0052170791293795
LINC01033	SRR1609548	1.0184861532197387
LINC01033	SRR1609549	1.0108592213002114
LINC01033	SRR1609550	1
LINC01033	SRR1609551	1.0117435272800281
LINC01033	SRR1609552	1.0045689957386463
LINC01033	SRR1609553	2.005315802879815
LINC01033	SRR1609554	1.0092141688423883
LINC01033	SRR1609555	1.0035601881766363
LINC01033	SRR1609556	1.0226028348590848
LINC01033	SRR1609557	1.0063443236741658
LINC01033	SRR1609558	1.0043407660883636
LINC01033	SRR1609559	1.0429313075146665
LINC01033	SRR1609560	1.0074202577564666
LINC01033	SRR1609561	3.0078313722477366
LINC01033	SRR1609562	2.0020104575169384
LINC01033	SRR1609563	2.0089543352531254
LINC01033	SRR1609564	2.0019157258721285
LINC01033	SRR1609565	1.0254977843458928
LINC01033	SRR1609566	2.0067593317912036
LINC01033	SRR1609567	1.258890072207468
LINC01033	SRR1609568	1
LINC01033	SRR1609569	3
LINC01033	SRR1609570	1.0181071207811365
LINC01033	SRR1609571	1.0245516446814755
LINC01033	SRR1609572	4.0541339131009115
LINC01033	SRR1609573	2.040350292061208
LINC01033	SRR1609574	1.0052445672264152
LINC01033	SRR1609575	1.0736998596975067
LINC01033	SRR1609576	1.004026982007113
LINC01033	SRR1609577	1.0042350812424865
LINC01033	SRR1609578	1.0017838194003639
LINC01033	SRR1609579	1.0068290619802291
LINC01033	SRR1609580	1.0077765856207708
LINC01033	SRR1609581	2.0843420610134857
LINC01033	SRR1609582	1.008446585812273
LINC01033	SRR1609583	1.0362453520104524
LINC01033	SRR1609584	1.0020695004108646
LINC01033	SRR1609585	1.0008998949047658
LINC01033	SRR1609586	1.0786248766862927
LINC01033	SRR1609587	2.024497680355194
LINC01033	SRR1609588	1.0140245410109685
LINC01033	SRR1609589	1.0026579014399075
LINC01033	SRR1609590	1.000359860831218
LINC01033	SRR1609591	1.0032740821844481
LINC01033	SRR1609592	1.0069291468220734
LINC01033	SRR1609593	1.0055894714059808
LINC01033	SRR1609594	1.0256481719610884
LINC01033	SRR1609595	1.0250719923527887
LINC01033	SRR1609596	1.0026272514823873
LINC01033	SRR1609597	1.0042350812424865
LINC01033	SRR1609598	1.027952820823441
LINC01033	SRR1609599	2.0430524826128345
LINC01033	SRR1609600	1.031286113324528
LINC01033	SRR1609601	1.0283735803533551
LINC01033	SRR1609602	1.1633952247111359
LINC01033	SRR1609603	1
LINC01033	SRR1609604	2.014204529072105
LINC01033	SRR1609605	1.0077519822290972
LINC01033	SRR1609606	1.016340160710226
LINC01033	SRR1609607	1.0050669824037204
LINC01033	SRR1609608	1.0206596050691408
LINC01033	SRR1609609	1.0332064999113728
LINC01033	SRR1609610	1
LINC01033	SRR1609611	1.0173971986878916
LINC01033	SRR1609612	1.002341411462068
LINC01033	SRR1609613	2.0017997898095317
LINC01033	SRR1609614	1.0118849169807895
LINC01033	SRR1609615	1.0031991760872525
LINC01033	SRR1609616	1
LINC01033	SRR1609617	1
LINC01033	SRR1609618	1.0032298435283036
LINC01033	SRR1609619	1.0036625660673133
LINC01033	SRR1609620	3.0385131485674033
LINC01033	SRR1609621	1.00876204659104
LINC01033	SRR1609622	1.0397207257794516
LINC01033	SRR1609623	1.0194149042912743
LINC01033	SRR1609624	1.2336696420287332
LINC01033	SRR1609625	1.0016203938574126
LINC01033	SRR1609626	1.0079578989702365
LINC01033	SRR1609627	1.0055788173830293
LINC01033	SRR1609628	1.0019198736744939
LINC01033	SRR1609629	2.033256030190902
LINC01033	SRR1609630	1.002838293865245
LINC01033	SRR1609631	1
LINC01033	SRR1609632	2
LINC01033	SRR1609633	1.0036658019973412
LINC01033	SRR1609634	1.0084021190782648
LINC01033	SRR1609635	2.0505916677856115
LINC01033	SRR1609636	2.0680634522811325
LINC01033	SRR1609637	2.008279570882634
LINC01033	SRR1609638	3.0749851473652403
LINC01033	SRR1609639	3.0167684142179425
LINC01033	SRR1609640	3.000539742693131
LINC01033	SRR1609641	3.0008555169437803
LINC01033	SRR1609642	2
LINC01033	SRR1609643	1.0122774846884037
LINC01033	SRR1609644	1.0010799710397094
LINC01033	SRR1609645	2.006459687056607
LINC01033	SRR1609646	1.0023994629801138
LINC01033	SRR1609647	1.0212982971415507
LINC01033	SRR1609648	1.0036559710886879
LINC01033	SRR1609649	1.0083470307786628
LINC01033	SRR1609650	2.0150460588619605
LINC01033	SRR1609651	1.0034545854694705
LINC01033	SRR1609652	1.0036044413997351
LINC01033	SRR1609653	1.0511387444381015
LINC01033	SRR1609654	1.0351447830852243
LINC01033	SRR1609655	1.0068800116614336
LINC01033	SRR1609656	1.0146617285827944
LINC01033	SRR1609657	4.053082455157889
LINC01033	SRR1609658	1.0203628410233592
LINC01033	SRR1609659	1.0080669304680778
LINC01033	SRR1609660	1.0039487828443494
LINC01033	SRR1609661	1.0014848874183715
LINC01033	SRR1609662	2.009438036189931
LINC01033	SRR1609663	3.0080055735480005
LINC01033	SRR1609664	1.00735571483492
LINC01033	SRR1609665	4
LINC01033	SRR1609666	1.0168930220669719
LINC01033	SRR1609667	1.0029880577585075
LINC01033	SRR1609668	1.126374524616663
LINC01033	SRR1609669	1.0197584865298666
LINC01033	SRR1746771	1.1637514711268946
LINC01033	SRR1746772	4.126608938264925
LINC01033	SRR1746773	3.057770450087312
LINC01033	SRR1746774	1.6096465224298484
LINC01033	SRR1746775	2.3581322073531235
LINC01033	SRR1746776	2.469508959919271
LINC01033	SRR1746777	1.440853581772989
LINC01033	SRR1746778	2.1603733049975595
LINC01033	SRR1746779	2.988286837527624
LINC01033	SRR1746780	3.706823546148313
LINC01033	SRR1746781	3.6866011917193107
LINC01033	SRR1746782	2.0091379914772927
LINC01033	SRR1746783	1
LINC01033	SRR1746784	4
LINC01033	SRR1782685	1.0163701315430376
LINC01033	SRR1782686	1.0245185067839673
LINC01033	SRR1782687	2.0248913618310547
LINC01033	SRR1782688	1.0169436235163218
LINC01033	SRR1782689	1.0182289169689787
LINC01033	SRR1782690	1.0209481971593921
LINC01033	SRR1782691	1.0018005996203712
LINC01033	SRR1782692	1.0083965328803508
LINC01033	SRR1782693	1.009155613559072
LINC01033	SRR1782694	1.0162846397295895
LINC01033	SRR1782695	2.0014397023245074
LINC01033	SRR1782696	1.0034071037477756
LINC01033	SRR1782697	1.008894629432837
LINC01033	SRR1782698	2.004233837673013
LINC01033	SRR1782699	1.0249781804088034
LINC01033	SRR1782700	1.0077600305872203
LINC01033	SRR1782701	1.00637782229101
LINC01033	SRR1782702	1.0108389703070961
LINC01033	SRR1782703	1.0039487828443494
LINC01033	SRR1782704	1.0159997238820426
LINC01033	SRR1782705	1.024627921670523
LINC01033	SRR1782706	1.0025798089086946
LINC01033	SRR1782707	1.0038986591209549
LINC01033	SRR1782708	1.0538021486811544
LINC01033	SRR1782709	2.1002723873830402
LINC01033	SRR1782710	1
LINC01033	SRR1782711	1.0116484418278766
LINC01033	SRR1782712	1.0121272073678107
LINC01033	SRR1782713	1.0221907801445005
LINC01033	SRR1782714	1.0873263978153305
LINC01033	SRR1782715	1.0025049546470863
LINC01033	SRR1782716	3.045488267021799
LINC01033	SRR1782717	2.001650332136614
LINC01033	SRR1782718	1.0146894749478659
LINC01033	SRR1782719	1.0074140567609242
LINC01033	SRR1782720	1.017778610915434
LINC01033	SRR1782721	1.1217593509927906
LINC01033	SRR1782722	3.0026996847142975
LINC01033	SRR1782723	1.002266574999606
LINC01033	SRR1782724	1.011574079940271
LINC01033	SRR1782725	2.1381985443167246
LINC01033	SRR1782726	2.01536308134806
LINC01033	SRR1782727	1
LINC01033	SRR1782728	1.0306785213210727
LINC01033	SRR1782729	0.9547105140749295
LINC01033	SRR1782730	1.0014402205102033
LINC01033	SRR1782731	1.032900384680387
LINC01033	SRR1782732	1.0797441103980587
LINC01033	SRR1782733	2.0198531747880226
LINC01033	SRR1782734	1.0063429038612468
LINC01033	SRR1782735	1.0047021889912742
LINC01033	SRR1782736	1.01871989576969
LINC01033	SRR1782737	1.0016784036170656
LINC01033	SRR1782738	1.049900494318433
LINC01033	SRR1782739	5.052608741530266
LINC01033	SRR1782740	1.01204669428906
LINC01033	SRR1782741	2.109360200553903
LINC01033	SRR1782742	1
LINC01033	SRR1782743	1.002042099135034
LINC01033	SRR1782744	2.0101192679401696
LINC01033	SRR1782745	1.0123427036165962
LINC01033	SRR1782746	2.0406081421297304
LINC01033	SRR1782747	1.0076202296922758
LINC01033	SRR1782748	1.015029947158002
LINC01033	SRR1782749	2.026152528498298
LINC01033	SRR1782750	1.0014089067169103
LINC01033	SRR1782751	1.0158954859371438
LINC01033	SRR1782752	1.0068598403855975
LINC01033	SRR1782753	1.001063202890274
LINC01033	SRR1782754	1.0085680787439217
LINC01033	SRR1782755	1.0027601872840743
LINC01033	SRR1782756	1.0456381683839602
LINC01033	SRR1782757	1.0014708341806098
LINC01033	SRR1782758	1.0018005996203712
LINC01033	SRR1782759	1.0044740376826409
LINC01033	SRR1782760	1.0145475398780028
LINC01033	SRR1782761	1.1238501762695376
LINC01033	SRR1782762	1.0649255307900556
LINC01033	SRR1782763	1.0055312351463837
LINC01033	SRR1782764	2.002431859445557
LINC01033	SRR1782765	1.003304751915352
LINC01033	SRR1782766	1.0108493839910517
LINC01033	SRR1782767	2.019872831445535
LINC01033	SRR1782768	1.0066666566644284
LINC01033	SRR1782769	1.0087205227286287
LINC01033	SRR1782770	1.0047423858829498
LINC01033	SRR1782771	2.0136584924325094
LINC01033	SRR1782772	2.010931301714386
LINC01033	SRR1782773	2.0088315148498306
LINC01033	SRR1782774	1.0025523936786382
LINC01033	SRR1782775	1.0203057202994605
LINC01033	SRR1782776	3.045699285448291
LINC01033	SRR1782777	1.0001799142310437
LINC01033	SRR1782778	1.0018586198168056
LINC01033	SRR1782779	1.0284290516569456
LINC01033	SRR1782780	1.0131470187154437
LINC01033	SRR1782781	1.0353590447332954
LINC01033	SRR1782782	2.041712884159413
LINC01033	SRR1782783	1.0064352388451732
LINC01033	SRR1782784	2.0068478223166966
LINC01033	SRR1782785	2.0021599420794187
LINC01033	SRR1782786	2.050818238753927
LINC01033	SRR1782787	1
LINC01033	SRR1782788	1.0037988754978042
LINC01033	SRR1782789	1.0173768425012382
LINC01033	SRR1782790	1.0056784533302756
LINC01033	SRR1782791	1.0060164756728647
LINC01033	SRR1782792	2.0138432300412137
LINC01033	SRR1782793	1.0375153886962647
LINC01033	SRR1782794	1.0069211050997067
LINC01033	SRR1782795	2.042906366155005
LINC01033	SRR1782796	2.1601551061632147
LINC01033	SRR1782797	1.0257043393761212
LINC01033	SRR1782798	1.0196936687232063
LINC01033	SRR1782799	1.0016203938574126
LINC01033	SRR1782800	1.0018005996203712
LINC01033	SRR1782801	2.011246319240141
LINC01033	SRR1782802	1.00746468119409
LINC01033	SRR1782803	1.0037100598776116
LINC01033	SRR1782804	2.0055046880068934
LINC01033	SRR1782805	1.0018005996203712
LINC01033	SRR1782806	2.005438408331702
LINC01033	SRR1782807	1.0356994706753837
LINC01033	SRR1782808	1.026827020828528
LINC01033	SRR1782809	1.013752729059885
LINC01033	SRR1782810	1.0169339604032894
LINC01033	SRR1782811	1.0031517064510844
LINC01033	SRR1782812	1.012847572848198
LINC01033	SRR1782813	1.0063165906321876
LINC01033	SRR1782814	1.0131760192829955
LINC01033	SRR1782815	1.062495840870562
LINC01033	SRR1782816	2.0010796796126926
LINC01033	SRR1782817	1.0035908666536983
LINC01033	SRR1782818	1.0140695526855483
LINC01033	SRR1782819	1.0280666097863669
LINC01033	SRR1782820	1.0360618097617436
LINC01033	SRR1782821	3.0081983013648843
LINC01033	SRR1782822	1.008031995028529
LINC01033	SRR1782823	2.007754125968094
LINC01033	SRR1782824	2.0115194706454256
LINC01033	SRR1782825	2.011697464626413
LINC01033	SRR1782826	1.0069518863188005
LINC01033	SRR1782827	4.054263734819688
LINC01033	SRR1782828	5
LINC01033	SRR1782829	1
LINC01033	SRR1782830	1.0394926725314855
LINC01033	SRR1782831	1.0739194225513655
LINC01033	SRR1782832	1.0329184392097017
LINC01033	SRR1782833	2.0466656320462446
LINC01033	SRR1782834	3.000539742693131
LINC01033	SRR1782835	2.231231531822256
LINC01033	SRR1782836	2.2262785420240943
LINC01033	SRR1782837	2.0562669413136656
LINC01033	SRR1782838	4.053607030632743
LINC01033	SRR1782839	1.014242485141271
LINC01033	SRR1782840	1.0085859860123885
LINC01033	SRR1782841	1.0152682801580397
LINC01033	SRR1782842	4
LINC01033	SRR1782843	3.074667931135144
LINC01033	SRR1782844	3.0008555169437803
LINC01033	SRR1782845	1.0191934424402136
LINC01033	SRR1782846	1.0056007446618231
LINC01033	SRR1782847	1.2341754014728283
LINC01033	SRR1782848	1.2339624247168026
LINC01033	SRR1782849	1.2407817669595906
LINC01033	SRR1782850	1.2523904174212142
LINC01033	SRR1782851	1.2640085575608608
LINC01033	SRR1782852	1.264344673893091
LINC01033	SRR1782853	1.2591344565382891
LINC01033	SRR1782854	2.0065481643688963
LINC01033	SRR1782855	1.0024121563473647
LINC01033	SRR1782856	1.005344170055093
LINC01033	SRR1782857	1.0072254172113015
LINC01033	SRR1782858	2.0021599420794187
LINC01033	SRR1782859	1.0016203938574126
LINC01033	SRR1782860	1.002266574999606
LINC01033	SRR1782861	1.0018713063353686
LINC01033	SRR1782862	1.0047190180949654
LINC01033	SRR1782863	2.005315802879815
LINC01033	SRR1782864	1.0132164950882474
LINC01033	SRR1782865	1.0042826021444868
LINC01033	SRR1782866	1.0035295106373756
LINC01033	SRR1782867	1.0170545049080533
LINC01033	SRR1782868	1.0036658019973412
LINC01033	SRR1782869	2.0070254029160113
LINC01033	SRR1782870	2.0050099092941727
LINC01033	SRR1782871	2.010762183023327
LINC01033	SRR1782872	1.002779198304047
LINC01033	SRR1782873	1.004671476542523
LINC01033	SRR1782874	1.0065024345620641
LINC01033	SRR1782875	1.0051863509411016
LINC01033	SRR1782876	1.003982710152387
LINC01033	SRR1782877	1.0034239111583483
LINC01033	SRR1782878	1.0080565454487205
LINC01033	SRR1782879	1.014806463283347
LINC01033	SRR1782880	1.0042383190183728
LINC01033	SRR1782881	1.0041769234190894
LINC01033	SRR1782882	1.0035295106373756
LINC01033	SRR1782883	1.0018312243074385
LINC01033	SRR1782884	1.0007198511622537
LINC01033	SRR1782885	1
LINC01033	SRR1782886	1.0055714652071701
LINC01033	SRR1782887	2.0018609841152224
LINC01033	SRR1782888	1.003284711788924
LINC01033	SRR1782889	1.0043575891380983
LINC01033	SRR1782890	1.001545611227314
LINC01033	SRR1782891	2.0014397023245074
LINC01033	SRR1782892	1.0018586198168056
LINC01033	SRR1782893	1.0039213301801309
LINC01033	SRR1782894	1.0115931161663667
LINC01033	SRR1782895	1.0037100598776116
LINC01033	SRR1782896	1.0021611084168651
LINC01033	SRR1782897	2.0056152767867226
LINC01033	SRR1782898	2.004533149999212
LINC01033	SRR1782899	1.003793020797143
LINC01033	SRR1782900	1.0010799710397094
LINC01033	SRR1782901	1.0010052287584692
LINC01033	SRR1782902	1
LINC01033	SRR1782903	1.0025523936786382
LINC01033	SRR1782904	2
LINC01033	SRR1782905	1.0021169188365064
LINC01033	SRR1782906	1.0064221997611569
LINC01033	SRR1782907	1.004907806923692
LINC01033	SRR1782908	1.003093611368694
LINC01033	SRR1782909	1.0034545854694705
LINC01033	SRR1782910	1
LINC01033	SRR1782911	1.0070406938452114
LINC01033	SRR1782912	0.9535200498249207
LINC01033	SRR1782913	1
LINC01033	SRR1782914	3.008422915180084
LINC01033	SRR1782915	3
LINC01033	SRR1782916	2.02173915043629
LINC01033	SRR1782917	1.0032393128452408
LINC01033	SRR1782918	1.0010799710397094
LINC01033	SRR1782919	1
LINC01033	SRR1782920	1.0010799710397094
LINC01033	SRR1782921	1.0020862854161259
LINC01033	SRR1782922	2.3737223197473916
LINC01033	SRR1782923	1.0056388977969737
LINC01033	SRR1782924	1.0051863509411016
LINC01033	SRR1782925	1.0035528507597562
LINC01033	SRR1782926	1.007434179369019
LINC01033	SRR1782927	1.002913173016367
LINC01033	SRR1782928	1.0072973762876458
LINC01033	SRR1782929	1.0087717835221508
LINC01033	SRR1782930	1.002940598112091
LINC01033	SRR1782931	2.0054655342432564
LINC01033	SRR1782932	1.0037513774849056
LINC01033	SRR1782933	1.0653997108487636
LINC01033	SRR1782934	3.0178220574363244
LINC01033	SRR1782935	1.0045521691478385
LINC01033	SRR1782936	1.0259722498988069
LINC01033	SRR1782937	1.0079641033133233
LINC01033	SRR1782938	1.258100037900621
LINC01033	SRR1782939	1.00479109240232
LINC01033	SRR1782940	1.0026719713353072
LINC01033	SRR1782941	1.0079259217617345
LINC01033	SRR1782942	1.004026982007113
LINC01033	SRR1782943	1.0047190180949654
LINC01033	SRR1782944	1.0013180684646343
LINC01033	SRR1782945	1.0053810915116634
LINC01033	SRR1782946	1.0021611084168651
LINC01033	SRR1782947	1.0021443221583142
LINC01033	SRR1782948	1
LINC01033	SRR1782949	1.0025217469463543
LINC01033	SRR1782950	4
LINC01033	SRR1782951	1.00336285922614
LINC01033	SRR1782952	7.212193823252511
LINC01033	SRR1782953	1.0019060282634729
LINC01033	SRR1782954	1.1264165338665522
LINC01033	SRR1782955	2.0685082463734124
LINC01033	SRR1782956	1.0152841125038419
LINC01033	SRR1782957	1.0197859199459323
LINC01033	SRR1782958	3.0166442344106406
LINC01033	SRR1782959	2.117183079014178
LINC01033	SRR1782960	1
LINC01033	SRR1782961	1.0036559710886879
LINC01033	SRR1782962	1.0074338842995187
LINC01033	SRR1782963	1.0069794218548913
LINC01033	SRR1782964	3.00125339275785
LINC01033	SRR1782965	1.0031517064510844
LINC01033	SRR1782966	1
LINC01033	SRR1782967	1.0041326449528036
LINC01033	SRR1782968	2.0021599420794187
LINC01033	SRR1782969	1.0124368080984334
LINC01033	SRR1782970	3.038481846064651
LINC01033	SRR1782971	1.0171304455441843
LINC01033	SRR1782972	1.0057292851162858
LINC01033	SRR1782973	1.0517459917633214
LINC01033	SRR1782974	2
LINC01033	SRR1782975	2.0802636033405415
LINC01033	SRR1782976	1.009948283487657
LINC01033	SRR1782977	3.001079582493654
LINC01033	SRR1782978	1.0169714322808001
LINC01033	SRR1782979	1.0085358205549844
LINC01033	SRR1782980	2.0035676388007277
LINC01033	SRR1782981	1.0125043176315647
LINC01033	SRR1782982	1.0058655806218886
LINC01033	SRR1782983	1.0010052287584692
LINC01033	SRR1782984	1.000359860831218
LINC01033	SRR1782985	1.0068675867150407
LINC01033	SRR1782986	2.0061258961841677
LINC01033	SRR1782987	1.0012906877364744
LINC01033	SRR1782988	2
LINC01033	SRR1782989	1.0436400210748342
LINC01033	SRR1782990	1.0139756387641055
LINC01033	SRR1782991	2.008415241499056
LINC01033	SRR1782992	1.002446897019748
LINC01033	SRR1782993	1.021449196840116
LINC01033	SRR1782994	1
LINC01033	SRR1782995	1.0084913498862338
LINC01033	SRR1782996	1
LINC01033	SRR1782997	2.0090429225700004
LINC01033	SRR1782998	1.0037100598776116
LINC01033	SRR1782999	1.022088986019526
LINC01033	SRR1783000	1.00395855299875
LINC01033	SRR1783001	2.0338577859464464
LINC01033	SRR1783002	1.0573070730118106
LINC01033	SRR1783003	1
LINC01033	SRR1783004	2.0092582011050877
LINC01033	SRR1783005	1.016291836005615
LINC01033	SRR1783006	1.0243516724527386
LINC01033	SRR1813867	2.102157324019365
LINC01033	SRR1813868	1.0200170572585177
LINC01033	SRR1813869	1.0105861980877333
LINC01033	SRR1813870	1.891287738977965
LINC01033	SRR1813871	1.128898551377178
LINC01033	SRR1813872	0.838985280713538
LINC01033	SRR1813873	4.540598500147688
LINC01033	SRR1813874	1.01090379638317
LINC01033	SRR1813875	8
LINC01033	SRR1813876	1.0053946904725954
LINC01033	SRR1813877	2.1742857958052038
LINC01033	SRR1813878	1.0007198511622537
LINC01033	SRR1813879	2
LINC01033	SRR1813880	1
LINC01033	SRR1813881	1.021262493620424
LINC01033	SRR1813882	1.3093848748442847
LINC01033	SRR1813883	1.0008831297716165
LINC01033	SRR1813884	1.0137080283552693
LINC01033	SRR1813885	2
LINC01033	SRR1813886	1.001260079572912
LINC01033	SRR1813887	1.0111685603669651
LINC01033	SRR1928188	1.008175814381133
LINC01033	SRR1928189	1.0072973762876458
LINC01033	SRR1928190	1.0087587942301535
LINC01033	SRR1928191	1.0112464490004
LINC01033	SRR1928192	2.025614103381985
LINC01033	SRR1928193	2.030430427238611
LINC01033	SRR2046996	2.017078144393954
LINC01033	SRR2046997	1.0109890563544852
LINC01033	SRR2046998	3.06004221599597
LINC01033	SRR2046999	1.0076015069974786
LINC01033	SRR2047000	2.0211009864343903
LINC01033	SRR2047001	2.018606724764562
LINC01033	SRR2047002	5.093239041414289
LINC01033	SRR2047003	3.070554556332777
LINC01033	SRR2047004	4.031301996087772
LINC01033	SRR2047005	2.016072230327048
LINC01033	SRR2047006	2.0300541646562906
LINC01033	SRR2047007	2.0521624361557538
LINC01033	SRR2047008	3.037245084859731
LINC01033	SRR2047009	1.0183672447201313
LINC01033	SRR2313973	1.0129896589757252
LINC01033	SRR2313974	2.0152498836529693
LINC01033	SRR2313975	1.0104444508848685
LINC01033	SRR2313976	1.0149132606524793
LINC01033	SRR2313977	1.0087617511326181
LINC01033	SRR2313978	1.0271359063427055
LINC01033	SRR2313979	1.0105196019933347
LINC01033	SRR2313980	1.0058930864524789
LINC01033	SRR2313981	2.007200678756544
LINC01033	SRR2313982	2.0267398091053517
LINC01033	SRR2313983	2.034169435945661
LINC01033	SRR2313984	1.0054730022593972
LINC01033	SRR2313985	2.039112145510946
LINC01033	SRR2313986	1.0062550679746862
LINC01033	SRR2313987	2.006751129585722
LINC01033	SRR2313988	1.0091419637279229
LINC01033	SRR2313989	1.010807774207177
LINC01033	SRR2313990	1.0158151880323143
LINC01033	SRR2313991	1.0168515419605484
LINC01033	SRR2313992	2.030746151659472
LINC01033	SRR2313993	1.0105059337128883
LINC01033	SRR2313994	1.0221592337096574
LINC01033	SRR2313995	1.0042826021444868
LINC01033	SRR2313996	1.004538287361441
LINC01033	SRR2313997	1.0122808125437386
LINC01033	SRR2313998	1.0248492994103025
LINC01033	SRR2313999	1.0094294474234875
LINC01033	SRR2314000	1.0087270870616352
LINC01033	SRR2314001	3.042352424080365
LINC01033	SRR2314002	1.010893086055989
LINC01033	SRR2314003	1.022034789012044
LINC01033	SRR2314004	2.0160026443636276
LINC01033	SRR2314005	2.0191438855288792
LINC01033	SRR2314006	2.038471612286537
LINC01033	SRR2314007	1.0060605124728728
LINC01033	SRR2314008	1.0013180684646343
LINC01033	SRR2314009	2.016585512011412
LINC01033	SRR2314010	1.0066364307385607
LINC01033	SRR2314011	1.0071913803233676
LINC01033	SRR2314012	2.0148257842342483
LINC01033	SRR2314013	1.0120065015814301
LINC01033	SRR2314014	1.0116520854708597
LINC01033	SRR2314015	1.0078272282716871
LINC01033	SRR2314016	1.0032667468593996
LINC01033	SRR2314017	1.0198405146740634
LINC01033	SRR2314018	1.03782980758221
LINC01033	SRR2314019	1.0033796658956018
LINC01033	SRR2314020	2.0334119323109014
LINC01033	SRR2314021	1.0050805771159577
LINC01033	SRR2314022	1.012335005482347
LINC01033	SRR2314023	1.009930139320552
LINC01033	SRR2314024	1.013303558456437
LINC01033	SRR2314025	1.0050014283947293
LINC01033	SRR2314026	2.045489116798452
LINC01033	SRR2314027	1.007581381047162
LINC01033	SRR2314028	1.0028825152555245
LINC01033	SRR2314029	2.004682822924136
LINC01033	SRR2314030	1.0047772073142707
LINC01033	SRR2314031	1.0176657679213166
LINC01033	SRR2314032	1.0178177461498867
LINC01033	SRR2314033	1.024669135723135
LINC01033	SRR2314034	1.0297963295780983
LINC01033	SRR2314035	1.0473841672111144
LINC01033	SRR2314036	1.0175308560885339
LINC01033	SRR2314037	1.0139178371600932
LINC01033	SRR2314038	1.0058040855375532
LINC01033	SRR2314039	1.0112464490004
LINC01033	SRR2314040	1.0396160750498236
LINC01033	SRR2314041	1.0076429847957384
LINC01033	SRR2314042	1.0040818938645244
LINC01033	SRR2314043	1.0092407859660601
LINC01033	SRR2314044	1.004255818226279
LINC01033	SRR2314045	1.0076154311147274
LINC01033	SRR3493774	1
LINC01033	SRR3493775	1
LINC01033	SRR3493776	0.9287806936800772
LINC01033	SRR3493777	1.0007198511622537
LINC01033	SRR3493778	3
LINC01033	SRR3493779	2.0071481128932227
LINC01033	SRR3493780	1.0498945968332396
LINC01033	SRR3493781	1
LINC01033	SRR3493782	1.008534950006251
LINC01033	SRR3493783	2.0055080299455277
LINC01033	SRR3493784	1.0208098579484606
LINC01033	SRR3493785	2.0017997898095317
LINC01033	SRR3493786	1.0407280627260045
LINC01033	SRR3493787	2
LINC01033	SRR3493788	2
LINC01033	SRR3493789	1.0182789000798176
LINC01033	SRR3493790	1
LINC01033	SRR3493791	1.0014708341806098
LINC01033	SRR3493792	4.002879404649015
LINC01033	SRR3493793	1.0098194431054244
LINC01033	SRR3493794	3.0093968609455715
LINC01033	SRR3493795	1.003718075955135
LINC01033	SRR3493796	1.0083843578636666
LINC01033	SRR3493797	1
LINC01033	SRR3493798	1.011188757969452
LINC01033	SRR3493799	1
LINC01033	SRR3493800	1.0072526652107907
LINC01033	SRR3493801	2.0184283376847767
LINC01033	SRR3493802	1
LINC01033	SRR3493803	1
LINC01033	SRR3493804	1.0007198511622537
LINC01033	SRR3493805	3.0071983889403415
LINC01033	SRR3493806	2
LINC01033	SRR3493807	2
LINC01033	SRR3493808	1.0020862854161259
LINC01033	SRR3493809	2.0067593317912036
LINC01033	SRR3493810	2
LINC01033	SRR3493811	1
LINC01033	SRR3493812	1.0007198511622537
LINC01033	SRR3493813	2.0038120565269457
LINC01033	SRR3493814	1
LINC01033	SRR3493815	1.488367728103239
LINC01033	SRR3493816	1
LINC01033	SRR3493817	2.005826346032734
LINC01033	SRR3493818	4.014350523861081
LINC01033	SRR3493819	1
LINC01033	SRR3493820	1.1220654621967874
LINC01033	SRR3493821	1.0117037104910989
LINC01033	SRR3493822	1
LINC01033	SRR3493823	0.7882931259154423
LINC01033	SRR3493824	0.7809434595745343
LINC01033	SRR3493825	1.0013180684646343
LINC01033	SRR3493826	2.0014397023245074
LINC01033	SRR3493827	2
LINC01033	SRR3493828	1
LINC01033	SRR3493829	2.0047989259602277
LINC01033	SRR3493830	2.484965383754214
LINC01033	SRR3493831	4.018195721440257
LINC01033	SRR3493832	3.000539742693131
LINC01033	SRR3493833	1.2844100976928428
LINC01033	SRR3493834	1
LINC01033	SRR3493835	3.015806074855812
LINC01033	SRR3493836	1
LINC01033	SRR3493837	3.0023334262984633
LINC01033	SRR3493838	2
LINC01033	SRR3493839	1.0083404689188882
LINC01033	SRR3493840	4.078336887330612
LINC01033	SRR3493841	1.0021917441245578
LINC01033	SRR3493846	1.0228419618819704
LINC01033	SRR3493847	2.073402011474971
LINC01033	SRR3493848	2.000719721662436
LINC01033	SRR3493849	1.2404660048447604
LINC01033	SRR3493850	6
LINC01033	SRR3714631	1
LINC01033	SRR3714632	2.011246319240141
LINC01033	SRR3714633	1.0116050033991464
LINC01033	SRR3714634	1.0066712106965126
LINC01033	SRR3714635	1
LINC01033	SRR3714636	1
LINC01033	SRR3714637	2
LINC01033	SRR3714638	2
LINC01033	SRR3714639	3.4803950125312237
LINC01033	SRR3714640	2.996920945148892
LINC01033	SRR3714641	1.2734994721377793
LINC01033	SRR3714642	0.5894418586293669
LINC01033	SRR3714643	1.9740878401829127
LINC01033	SRR3714644	2.2388133874764007
LINC01033	SRR3714645	2.0131030492830826
LINC01033	SRR3714646	1.000359860831218
LINC01033	SRR3714648	0.6910659535574368
LINC01033	SRR3714649	0.9697357325395568
LINC01033	SRR3714650	2.0137724187394728
LINC01033	SRR3714651	0.8175575727335103
LINC01033	SRR3714652	2.6908445049672407
LINC01033	SRR3714653	2
LINC01033	SRR3714654	1
LINC01033	SRR3714655	1.0007504428112262
LINC01033	SRR3714656	8.621520565367572
LINC01033	SRR3714657	3.373455492577381
LINC01033	SRR3714658	0.7840928298789845
LINC01033	SRR3714659	0.5238683570318664
LINC01033	SRR3714660	1
LINC01033	SRR3714661	1
LINC01033	SRR3714662	3.0330527249390333
LINC01033	SRR3714663	1.0007504428112262
LINC01033	SRR3714664	0.9019263245175047
LINC01033	SRR3714665	2
LINC01033	SRR3714666	1
LINC01033	SRR3714667	5.440079579955538
LINC01033	SRR3714668	1
LINC01033	SRR3714669	6.3661451425974045
LINC01033	SRR3714670	1.0134780454274392
LINC01033	SRR3714671	3.0037802387187362
LINC01033	SRR3714672	2.0054932479148246
LINC01033	SRR3714673	0.6154698622598881
LINC01033	SRR3714674	3.3739250111594785
LINC01033	SRR3714675	1.5077893122897383
LINC01033	SRR3714676	4
LINC01033	SRR3714677	3.0071161580446812
LINC01033	SRR3714678	0.5637688721739765
LINC01033	SRR3714679	1.0016203938574126
LINC01033	SRR3714680	2.003451607071626
LINC01033	SRR3714681	1.0035601881766363
LINC01033	SRR3714682	1.8774241136982504
LINC01033	SRR3714683	1.0020862854161259
LINC01033	SRR3714684	0.5877687201078786
LINC01033	SRR3714685	4.007025703745564
LINC01033	SRR3714686	1.3783498426984933
LINC01033	SRR3714688	1.00746468119409
LINC01033	SRR3714689	0.7734219129474065
LINC01033	SRR3714690	5.585973971745008
LINC01033	SRR3714691	2
LINC01033	SRR3714692	0.7369246939681072
LINC01033	SRR3714693	2.0385626264834795
LINC01033	SRR3714694	1.67490027460239
LINC01033	SRR3714695	0.9184450997625621
LINC01033	SRR3714696	4
LINC01033	SRR3714697	1.0092099347782595
LINC01033	SRR3714698	1.0132132716489703
LINC01033	SRR3714699	0.8327998664799309
LINC01033	SRR3714700	1.637058657397487
LINC01033	SRR3714701	0.7501771916273272
LINC01033	SRR3714702	0.9766164431244753
LINC01033	SRR3714703	1.001063202890274
LINC01033	SRR3714704	0.7330506564561744
LINC01033	SRR3714705	1.8332936812630547
LINC01033	SRR3714706	1.0350850727752356
LINC01033	SRR3714707	1.0007198511622537
LINC01033	SRR3714708	1.0232664352046819
LINC01033	SRR3714709	3.604384532541379
LINC01033	SRR3714710	0.5292956251473764
LINC01033	SRR3714711	0.6777577190901249
LINC01033	SRR3714712	3
LINC01033	SRR3714713	1
LINC01033	SRR3714714	2
LINC01033	SRR3714715	3.014474261609837
LINC01033	SRR3714716	1
LINC01033	SRR3714717	3
LINC01033	SRR3714718	3
LINC01033	SRR3714719	0.5313830732532663
LINC01033	SRR3714720	4.113688852443147
LINC01033	SRR3714721	1.1899826556232869
LINC01033	SRR3714723	2.4571677499215245
LINC01033	SRR3714724	3.008831495143219
LINC01033	SRR3714725	4.049714889559086
LINC01033	SRR3714726	1.2152525443057909
LINC01033	SRR3714727	3.828470760117556
LINC01033	SRR3714728	1.0082791178455617
LINC01033	SRR3714729	1.0262266652006342
LINC01033	SRR3714730	0.8100803723534562
LINC01033	SRR3714731	1.0001799142310437
LINC01033	SRR3714732	0.5454900206636712
LINC01033	SRR3714734	1.0745330247799236
LINC01033	SRR3714735	3.4181294522836794
LINC01033	SRR3714736	1.697931374281251
LINC01033	SRR3714737	1
LINC01033	SRR3714738	0.9154692117981817
LINC01033	SRR3714739	0.6829557902798847
LINC01033	SRR3714740	5.492352980991228
LINC01033	SRR3714741	1.0010799710397094
LINC01033	SRR3714744	4.792830988703156
LINC01033	SRR3714745	5.203392665854323
LINC01033	SRR3714746	1.008549757583579
LINC01033	SRR3714747	0.5559101115001341
LINC01033	SRR3714748	3.1933658941431413
LINC01033	SRR3714749	1.020881906329865
LINC01033	SRR3714750	2.796687135506031
LINC01033	SRR3714751	1.0010799710397094
LINC01033	SRR3714752	5
LINC01033	SRR3714753	1.0079064098710653
LINC01033	SRR3714754	1
LINC01033	SRR3714755	0.6973424903319962
LINC01033	SRR3714756	5.108400894223918
LINC01033	SRR3714757	2.1976991923471783
LINC01033	SRR3714758	0.9479045656307946
LINC01033	SRR3714759	0.5240326855317453
LINC01033	SRR3714760	1.0008998949047658
LINC01033	SRR3714761	2.000719721662436
LINC01033	SRR3714762	1.888788725455601
LINC01033	SRR3714764	1
LINC01033	SRR3714765	0.8712334028283818
LINC01033	SRR3714766	2
LINC01033	SRR3714767	2.0576428511747165
LINC01033	SRR3714768	2
LINC01033	SRR5176628	1.0069362436470586
LINC01033	SRR5176629	1.005769228518871
LINC01033	SRR5176630	1.002266574999606
LINC01033	SRR5176631	1.0097927015434933
LINC01033	SRR5176632	2.0057043043186216
LINC01033	SRR5176633	1.006528114777527
LINC01033	SRR5176634	1.0398318552023067
LINC01033	SRR5176635	1.006192680551534
LINC01033	SRR5176636	1.0262757511402583
LINC01033	SRR5176637	1.0296640181326506
LINC01033	SRR5176638	1.1227010298695481
LINC01033	SRR5176639	1
LINC01033	SRR5176640	1.0441979418626173
LINC01033	SRR5176641	1.014864487377184
LINC01033	SRR5176642	1.0019060282634729
LINC01033	SRR5176643	1.001725803535813
LINC01033	SRR5176644	1.0001799142310437
LINC01033	SRR5176645	1.0388038372764734
LINC01033	SRR5176646	1.0186713933592446
LINC01033	SRR5176647	1.00586233759953
LINC01033	SRR5176648	3.008464488791391
LINC01033	SRR5176649	1.0068001280405927
LINC01033	SRR5176650	1.0241014943392315
LINC01033	SRR5176651	1.0158990588563879
LINC01033	SRR5176652	1.0055747072917207
LINC01033	SRR5176653	1.0027021148755608
LINC01033	SRR5176654	1.0081630176909429
LINC01033	SRR5176655	2.002520159145824
LINC01033	SRR5176656	2.1402205814622537
LINC01033	SRR5176657	1.080336199131198
LINC01033	SRR5176658	1.001651013035654
LINC01033	SRR5176659	1.0021611084168651
LINC01033	SRR5176660	2.002301253786017
LINC01033	SRR5176661	1.0055480781368802
LINC01033	SRR5176662	0.9707101240681442
LINC01033	SRR5176663	1.0064352388451732
LINC01033	SRR5176664	1
LINC01033	SRR5176665	1.0089361604623304
LINC01033	SRR5176666	1.003877062984047
LINC01033	SRR5176667	1.0787114326524636
LINC01033	SRR5176668	1.0043407660883636
LINC01033	SRR5176669	1.0095837463480462
LINC01033	SRR5176670	2.013048001612331
LINC01033	SRR5176671	2.0036011992407423
LINC01033	SRR5176672	1.0055747072917207
LINC01033	SRR5176673	2.0095798615817144
LINC01033	SRR5176674	2.004682822924136
LINC01033	SRR5176675	1.0042383190183728
LINC01033	SRR5176676	1.0184049631193235
LINC01033	SRR5176677	1.0014402205102033
LINC01033	SRR5176678	2.044693460595827
LINC01033	SRR5176679	1.0090464643103707
LINC01033	SRR5176680	1.002838293865245
LINC01033	SRR5176681	2.002221147394836
LINC01033	SRR5176682	1.0099470559941912
LINC01033	SRR5176683	1.0045737798081236
LINC01033	SRR5176684	2.005315802879815
LINC01033	SRR5176685	2.005976115517015
LINC01033	SRR5176686	1.0043575891380983
LINC01033	SRR5176687	1.0045246999842108
LINC01033	SRR5176688	1.0132814135195316
LINC01033	SRR5176689	1.0075032001378998
LINC01033	SRR5176690	1.0255405228516121
LINC01033	SRR5176691	2.0018609841152224
LINC01033	SRR5176692	1.0097847940414932
LINC01033	SRR5176693	1.0073894622198625
LINC01033	SRR5176694	1
LINC01033	SRR5176695	1.0143554668418076
LINC01033	SRR5176696	1.1278931940525754
LINC01033	SRR5176697	1.027578940269744
LINC01033	SRR5176698	1.1648237836443878
LINC01033	SRR5176699	1.025015012327192
LINC01033	SRR5176700	1.0890144202015308
LINC01033	SRR5176701	1.034206476188313
LINC01033	SRR5176702	1
LINC01033	SRR5176703	1.0225806547035183
LINC01033	SRR5176704	1.0043682302222392
LINC01033	SRR5176705	1.0021443221583142
LINC01033	SRR5176706	2.0545357813266567
LINC01033	SRR5176707	1.0196549551650262
LINC01033	SRR5176708	1.0098820554003876
LINC01033	SRR5176709	2.0096158459903477
LINC01033	SRR5176710	1
LINC01033	SRR5176711	1.0019060282634729
LINC01033	SRR5176712	1.0128135825274416
LINC01033	SRR5176713	1.0088204699660321
LINC01033	SRR5176714	2.1205295308183567
LINC01033	SRR5176715	2.002520159145824
LINC01033	SRR5176716	1.001980837804911
LINC01033	SRR5176717	2.0131177679660937
LINC01033	SRR5176718	1.0088065291964956
LINC01033	SRR5176719	1.002341411462068
LINC01033	SRR5176720	2
LINC01033	SRR5176721	1
LINC01033	SRR5176722	1.019834176721331
LINC01033	SRR5176723	1.009611353853491
LINC01033	SRR5176724	1.005439319075555
LINC01033	SRR5176725	1.0122963584203841
LINC01033	SRR5176726	1
LINC01033	SRR5176727	1.0006451357681576
LINC01033	SRR5176728	2.049499961200978
LINC01033	SRR5176729	1.0019366561734564
LINC01033	SRR5176730	1.006542024061492
LINC01033	SRR5176731	1.0046440041164724
LINC01033	SRR5176732	1
LINC01033	SRR5176733	1.002266574999606
LINC01033	SRR5176734	1.0810259196769214
LINC01033	SRR5176735	1.002341411462068
LINC01033	SRR5176736	1.0019640545659034
LINC01033	SRR5176737	1.0029237987970407
LINC01033	SRR5176738	1.011060405450449
LINC01033	SRR5176739	2.015887940240931
LINC01033	SRR5176740	1.0041633409296653
LINC01033	SRR5176741	1.040984015064751
LINC01033	SRR5176742	1.010571034419265
LINC01033	SRR5176743	2.023696975388569
LINC01033	SRR5176744	1.013419199000111
LINC01033	SRR5176745	2.0183450345182816
LINC01033	SRR5176746	1.002266574999606
LINC01033	SRR5176747	1
LINC01033	SRR5176748	1.001260079572912
LINC01033	SRR5176749	3.0491040521445814
LINC01033	SRR5176750	1.0162250306224079
LINC01033	SRR5176751	1.0036351212296024
LINC01033	SRR5176752	2.009076574722882
LINC01033	SRR5176753	2.0052545029647746
LINC01033	SRR5176754	1.0052614054151265
LINC01033	SRR5176755	1.0005398398063463
LINC01033	SRR5176756	1.0288547421808496
LINC01033	SRR5176757	2.1115328871426313
LINC01033	SRR5176758	2.022706896960517
LINC01033	SRR5176759	3.0822195840774
LINC01033	SRR5176760	1.0058081328268176
LINC01033	SRR5176761	1.0058487323132066
LINC01033	SRR5176762	1.074382806129656
LINC01033	SRR5176763	1.0076459384275107
LINC01033	SRR5176764	3.002159553486761
LINC01033	SRR5176765	1.001725803535813
LINC01033	SRR5176766	1.002838293865245
LINC01033	SRR5176767	1.0010052287584692
LINC01033	SRR5176768	1.0151957516581134
LINC01033	SRR5176769	3.0088598949951795
LINC01033	SRR5176770	1.002341411462068
LINC01033	SRR5176771	2.004893794039496
LINC01033	SRR5176772	2.0125438461792577
LINC01033	SRR5176773	1.007502905048184
LINC01033	SRR5176774	3.018580647235391
LINC01033	SRR5176775	1.0095941471006586
LINC01033	SRR5176776	1.008275867041691
LINC01033	SRR5176777	1.010005252177451
LINC01033	SRR5176778	1.0057597353227128
LINC01033	SRR5176779	1.0051727547981684
LINC01033	SRR5176780	1.0030800435321403
LINC01033	SRR5176781	1.00637782229101
LINC01033	SRR5176782	1.0082247828353217
LINC01033	SRR5176783	1.0093021955543062
LINC01033	SRR5176784	1.0040544375604268
LINC01033	SRR5176785	1.0017658813459887
LINC01033	SRR5176786	1
LINC01033	SRR5176787	1.0076767418045007
LINC01033	SRR5176788	1.0267594917906628
LINC01033	SRR5176789	3.042428864934717
LINC01033	SRR5176790	1.0094264885638582
LINC01033	SRR5176791	1.0087925886196047
LINC01033	SRR5176792	1
LINC01033	SRR5176793	1.0092004091061628
LINC01033	SRR5176794	1.004507579922951
LINC01033	SRR5176795	1.004207620749528
LINC01033	SRR5176796	1.022646112438415
LINC01033	SRR5176797	1.0069962891030084
LINC01033	SRR5176798	2.010550594388688
LINC01033	SRR5176799	1
LINC01033	SRR5176800	1.0079916665289268
LINC01033	SRR5176801	1.017440760992837
LINC01033	SRR5176802	2.0283584905703345
LINC01033	SRR5176803	2.008203899828557
LINC01033	SRR5176804	1.0213406344461267
LINC01033	SRR5176805	1.00387382637289
LINC01033	SRR5176806	1.0297753975963018
LINC01033	SRR5176807	2.0014397023245074
LINC01033	SRR5176808	3.001079582493654
LINC01033	SRR5176809	1.0014402205102033
LINC01033	SRR5176810	4
LINC01033	SRR5176811	3
LINC01033	SRR5176812	1.0010799710397094
LINC01033	SRR5176813	1.0011853238444721
LINC01033	SRR5176814	2
LINC01033	SRR5176815	1.0141154422371776
LINC01033	SRR5176816	1.0144195826206277
LINC01033	SRR5176817	1.0052525955592004
LINC01033	SRR5176818	1.0025523936786382
LINC01033	SRR5176819	1.0529734771881787
LINC01033	SRR5176820	2.044681473721294
LINC01033	SRR5176821	1.009337111052069
LINC01033	SRR5176822	1.0294661769651816
LINC01033	SRR5176823	1.0037681906621803
LINC01033	SRR5176824	2.0113078023228677
LINC01033	SRR5176825	1.001110573697418
LINC01033	SRR5176826	1.0083066896753743
LINC01033	SRR5176827	1.0037809013616064
LINC01033	SRR5176828	1.0039655993282313
LINC01033	SRR5176829	1.0027327671216282
LINC01033	SRR5176830	3.001619519419039
LINC01033	SRR5176831	1.005151515330551
LINC01033	SRR5176832	1.0101074156533363
LINC01033	SRR5176833	1.0057904810391467
LINC01033	SRR5176834	1.0039213301801309
LINC01033	SRR5176835	1.003600339378272
LINC01033	SRR5176836	3.0026996847142975
LINC01033	SRR5176837	1.0510102572536424
LINC01033	SRR5176838	1.0249700253664653
LINC01033	SRR5176839	1.0407663154893023
LINC01033	SRR5176840	2.0010796796126926
LINC01033	SRR5176841	1.0140964075080325
LINC01033	SRR5176842	2.0125326973845237
LINC01033	SRR5176843	1.0077600305872203
LINC01033	SRR5176844	1.002913173016367
LINC01033	SRR5176845	2.029364706705793
LINC01033	SRR5176846	1.0044739290806017
LINC01033	SRR5176847	2.0410676355166157
LINC01033	SRR5176848	1.0086151837092123
LINC01033	SRR5176849	1.0195152534582197
LINC01033	SRR5176850	1.0137217399478091
LINC01033	SRR5176851	3.0032399131191276
LINC01033	SRR5176852	1.0222701007904502
LINC01033	SRR5176853	1.0025049546470863
LINC01033	SRR5176854	1.0469188326970755
LINC01033	SRR5176855	1.002277193929628
LINC01033	SRR5176856	1.016171446291091
LINC01033	SRR5176857	1.0035601881766363
LINC01033	SRR5176858	1.0069042391109264
LINC01033	SRR5176859	2.0035676388007277
LINC01033	SRR5176860	1
LINC01033	SRR5176861	1.001980837804911
LINC01033	SRR5176862	1.005937378799828
LINC01033	SRR5176863	1.0025049546470863
LINC01033	SRR5176864	1.004896835762339
LINC01033	SRR5176865	1.0019060282634729
LINC01033	SRR5176866	1
LINC01033	SRR5176867	1.0042477978541398
LINC01033	SRR5176868	1.0352438239475827
LINC01033	SRR5176869	1.002446897019748
LINC01033	SRR5176870	1.0045214612850002
LINC01033	SRR5176871	1.0034377775451013
LINC01033	SRR5176872	1.0195776936091434
LINC01033	SRR5861974	3.0397504261257797
LINC01033	SRR5861975	1.009323227105467
LINC01033	SRR5861976	1.0402473656965066
LINC01033	SRR5861977	4
LINC01033	SRR5861978	1.0048661173634874
LINC01033	SRR5861979	1.0095941471006586
LINC01033	SRR5861980	1
LINC01033	SRR5861981	1.0201142576930606
LINC01033	SRR5861982	1.2340601766014685
LINC01033	SRR5861983	1.0016650688017934
LINC01033	SRR5861984	1.0082636562876501
LINC01033	SRR5861985	1.0173478207376618
LINC01033	SRR5861986	1.001996603490676
LINC01033	SRR5861987	1.0129478689088995
LINC01033	SRR5861988	2.035557221830868
LINC01033	SRR5861989	1.0125385340641762
LINC01033	SRR5861990	1.0030461467276643
LINC01033	SRR5861991	1
LINC01033	SRR5861992	2
LINC01033	SRR5861993	1.003793020797143
LINC01033	SRR5861994	1
LINC01033	SRR5861995	1.0088237225257688
LINC01033	SRR5861996	2.0084494713970247
LINC01033	SRR5861997	3.0776645926532264
LINC01033	SRR5861998	3.017307685556613
LINC01033	SRR5861999	2.054090952907011
LINC01033	SRR5862000	3.001079582493654
LINC01033	SRR5862001	2
LINC01033	SRR5862002	1.0010799710397094
LINC01033	SRR5862003	1.0024870036799816
LINC01033	SRR5862004	1.005631190976464
LINC01033	SRR5862005	2.0105890064564016
LINC01033	SRR5862006	1.0037809013616064
LINC01033	SRR5862007	1.0085835948406514
LINC01033	SRR5862008	1.0040237449126006
LINC01033	SRR5862009	1.0035696606116409
LINC01033	SRR5862010	1.0516407925623883
LINC01033	SRR5862011	1.03612780768291
LINC01033	SRR5862012	1.0070578570789335
LINC01033	SRR5862013	1.0209741074575287
LINC01033	SRR5862014	1.00491366812643
LINC01033	SRR5862015	1
LINC01033	SRR5862016	1.0041875625890924
LINC01033	SRR5862017	1.008292756005706
LINC01033	SRR5862018	1.0040171475607007
LINC01033	SRR5862019	1.0081590867520256
LINC01033	SRR5862020	2.0071752619305405
LINC01033	SRR5862021	1.0060794449423391
LINC01033	SRR5862022	2.0096962482342717
LINC01033	SRR5862023	1.00761513599214
LINC01033	SRR5862024	3.0081983013648843
LINC01033	SRR5862025	4
LINC01033	SRR5862026	1.0079075750854083
LINC01033	SRR5862027	3.001619519419039
LINC01033	SRR5862028	1.12681213123101
LINC01033	SRR5862029	1.0207645470908255
LINC01033	SRR5862030	1.0028076383933613
LINC01033	SRR5862031	1.0070714787200907
LINC01033	SRR5862032	1.073785027109896
LINC01033	SRR5862033	1.001545611227314
LINC01033	SRR5862034	1.2459835850410172
LINC01033	SRR5862035	1.0066340409403034
LINC01033	SRR5862036	1.0178626280775729
LINC01033	SRR5862037	2.109496859285685
LINC01033	SRR5862038	1.079664344311491
LINC01033	SRR5862039	1.001725803535813
LINC01033	SRR5862040	1.0065588839830468
LINC01033	SRR5862041	2.01103467966078
LINC01033	SRR5862042	1.008906065660905
LINC01033	SRR5862043	1
LINC01033	SRR5862044	1.0014055147250733
LINC01033	SRR5862045	1.0042478840305331
LINC01033	SRR5862046	1.008086611491587
LINC01033	SRR5862047	1.0089159479947496
LINC01033	SRR5862048	1.2476565419699956
LINC01033	SRR5862049	3.046820919051998
LINC01033	SRR5862050	2.0067593317912036
LINC01033	SRR5862051	1.0048247538699455
LINC01033	SRR5862052	2.006909170938941
LINC01033	SRR5862053	2.0053439426706143
LINC01033	SRR5862054	1.0267561214855105
LINC01033	SRR5862055	1.0232532546254731
LINC01033	SRR5862056	1.0330179193485718
LINC01033	SRR5862057	1.0078379061163627
LINC01033	SRR5862058	1.0022972139313746
LINC01033	SRR5862059	1.0282460709376438
LINC01033	SRR5862060	1.0094602413506888
LINC01033	SRR5862061	1.0035740564466114
LINC01033	SRR5862062	2.0010796796126926
LINC01033	SRR5862063	1.0124290189222205
LINC01033	SRR5862064	1.0019366561734564
LINC01033	SRR5862065	2.0050434938927086
LINC01033	SRR5862066	1.0091191747737602
LINC01033	SRR5862067	1.2346054739520673
LINC01033	SRR5862068	1.0047804468380375
LINC01033	SRR5862069	1.0021611084168651
LINC01033	SRR5862070	2.027035947063711
LINC01033	SRR5862071	1.2526030228986182
LINC01033	SRR5862072	1.2641489791098965
LINC01033	SRR5862073	1.0018713063353686
LINC01033	SRR5862074	1.0050886041390446
LINC01033	SRR5862075	1.0068862093697364
LINC01033	SRR5862076	1.2411031446573944
LINC01033	SRR5862077	1.003935203440753
LINC01033	SRR5862078	1.0778857376132789
LINC01033	SRR5862079	2.0208182742186906
LINC01033	SRR5862080	1.0186454033243084
LINC01033	SRR5862081	2.003451607071626
LINC01033	SRR5862082	1.003815689470687
LINC01033	SRR5862083	3
LINC01033	SRR5862084	1.0069962891030084
LINC01033	SRR5862085	1
LINC01033	SRR5862086	1.0250917577235414
LINC01033	SRR5862087	1.012188279490948
LINC01033	SRR5862088	1.1217892178413114
LINC01033	SRR5862089	1.0124189758199451
LINC01033	SRR5862090	2.003451607071626
LINC01033	SRR5862091	4.056511945677807
LINC01033	SRR5862092	2.0417652061494467
LINC01033	SRR5862093	3.000539742693131
LINC01033	SRR5862094	1.0050055361428718
LINC01033	SRR5862095	1.087669059175563
LINC01033	SRR5862096	1.0021917441245578
LINC01033	SRR5862097	1.005397931987203
LINC01033	SRR5862098	0.9534771378137312
LINC01033	SRR5862099	1.0228039476891262
LINC01033	SRR5862100	1.0026579014399075
LINC01033	SRR5862101	2.117509616211929
LINC01033	SRR5862102	2.011792659147951
LINC01033	SRR5862103	2.047235645164404
LINC01033	SRR5862104	1.0041728190577268
LINC01033	SRR5862105	1.0112580359699288
LINC01033	SRR5862106	1.0042826021444868
LINC01033	SRR5862107	1
LINC01033	SRR5862108	1.0069518863188005
LINC01033	SRR5862109	1.0018005996203712
LINC01033	SRR5862110	1.0080438404145668
LINC01033	SRR5862111	1.0151647184346997
LINC01033	SRR5862112	2.0076084946616812
LINC01033	SRR5862113	1.00885426642168
LINC01033	SRR5862114	1.0047190180949654
LINC01033	SRR5862115	1.006845926709767
LINC01033	SRR5862116	2.0516232060934794
LINC01033	SRR5862117	1.003304751915352
LINC01033	SRR5862118	1.008416269579962
LINC01033	SRR5862119	1.0041601033955165
LINC01033	SRR5862120	1.0009445377129693
LINC01033	SRR5862121	1.0014708341806098
LINC01033	SRR5862122	1.0020862854161259
LINC01033	SRR5862123	1.0022972139313746
LINC01033	SRR5862124	1.0031991760872525
LINC01033	SRR5862125	1
LINC01033	SRR5862126	1.0008998949047658
LINC01033	SRR5862127	1.0037988754978042
LINC01033	SRR5862128	1.0037100598776116
LINC01033	SRR5862129	1.0788293013858379
LINC01033	SRR5862130	2.0124125809803237
LINC01033	SRR5862131	2.004533149999212
LINC01033	SRR5862132	1.0008998949047658
LINC01033	SRR5862133	1.0009578629360643
LINC01033	SRR5862134	3.0008555169437803
LINC01033	SRR5862135	2.025627165054883
LINC01033	SRR5862136	2.000719721662436
LINC01033	SRR5862137	1.0021611084168651
LINC01033	SRR5862138	1.0017838194003639
LINC01033	SRR5862139	1.0013654513321437
LINC01033	SRR5862140	2.006609503830704
LINC01033	SRR5862141	1.0044325817307802
LINC01033	SRR5862142	1.0027021148755608
LINC01033	SRR5862143	1.000359860831218
LINC01033	SRR5862144	1.0057733394052475
LINC01033	SRR5862145	1.003304751915352
LINC01033	SRR5862146	1.0136106281436992
LINC01033	SRR5862147	1.0073417943066594
LINC01033	SRR5862148	1
LINC01033	SRR5862149	1.0057597353227128
LINC01033	SRR5862150	1.002446897019748
LINC01033	SRR5862151	1.0124906225058696
LINC01033	SRR5862152	1.0247021665376759
LINC01033	SRR5862153	1.0207507402373297
LINC01033	SRR5862154	1
LINC01033	SRR5862155	1.00632433278211
LINC01033	SRR5862156	1.0258531825432229
LINC01033	SRR5862157	1.0260812180778769
LINC01033	SRR5862158	1.0005398398063463
LINC01033	SRR5862159	2.011866661980977
LINC01033	SRR5862160	1.0382660511696764
LINC01033	SRR5862161	1.0027327671216282
LINC01033	SRR5862162	1.0033354225838187
LINC01033	SRR5862163	1.0035295106373756
LINC01033	SRR5862164	1.0501623844096677
LINC01033	SRR5862165	1.0043278241973694
LINC01033	SRR5862166	1.0042826021444868
LINC01033	SRR5862167	1.0020862854161259
LINC01033	SRR5862168	1.001651013035654
LINC01033	SRR5862169	1.0037100598776116
LINC01033	SRR5862170	1.0111269374447733
LINC01033	SRR5862171	1.001725803535813
LINC01033	SRR5862172	1.001756425936391
LINC01033	SRR5862173	1.025220377181768
LINC01033	SRR5862174	1.028424995391858
LINC01033	SRR5862175	1.0048829492130347
LINC01033	SRR5862176	1.0173137397493108
LINC01033	SRR5862177	1.0322718092842704
LINC01033	SRR5862178	1.0288096803976488
LINC01033	SRR5862179	1.0056231596200704
LINC01033	SRR5862180	1.1637413174363656
LINC01033	SRR5862181	2.042384492643702
LINC01033	SRR5862182	1.0094112128915342
LINC01033	SRR5862183	1.0050055361428718
LINC01033	SRR5862184	1.0274397025883788
LINC01033	SRR5862185	1
LINC01033	SRR5862186	2.0146835886133188
LINC01033	SRR5862187	1.0075707059203194
LINC01033	SRR5862188	1.039289963781234
LINC01033	SRR5862189	1.0083712935274278
LINC01033	SRR5862190	1.0013654513321437
LINC01033	SRR5862191	1.0119991177693053
LINC01033	SRR5862192	1.0452267290247683
LINC01033	SRR5862193	1.0035876309652703
LINC01033	SRR5862194	1.0053155170153698
LINC01033	SRR5862195	1.0063470586203123
LINC01033	SRR5862196	1
LINC01033	SRR5862197	1
LINC01033	SRR5862198	2.202179098463043
LINC01033	SRR5862199	2.0049550829277925
LINC01033	SRR5862200	1.0021917441245578
LINC01033	SRR5862201	7.20754685135789
LINC01033	SRR5862202	1.0218991464798453
LINC01033	SRR5862203	1.034359570941625
LINC01033	SRR5862204	1
LINC01033	SRR5862205	1
LINC01033	SRR5862206	1.0181176093417283
LINC01033	SRR5862207	1.005322867319879
LINC01033	SRR5862208	1.019485887646539
LINC01033	SRR5862209	1.0112951746143541
LINC01033	SRR5862210	1
LINC01033	SRR5862211	1.032816631560076
LINC01033	SRR5862212	1.0088809831317571
LINC01033	SRR5862213	1.0047021889912742
LINC01033	SRR5862214	2.005526840609447
LINC01033	SRR5862215	1.0023720526815605
LINC01033	SRR5862216	1.0036559710886879
LINC01033	SRR5862217	1.0065013965914829
LINC01033	SRR5862218	2.0019652471043408
LINC01033	SRR5862219	1.023350981956458
LINC01033	SRR5862220	1.0044939929610694
LINC01033	SRR5862221	1
LINC01033	SRR5862222	1.00325727728352
LINC01033	SRR5862223	1.0433348417292698
LINC01033	SRR5862224	1.0079332911520626
LINC01033	SRR5862225	3.008043663871118
LINC01033	SRR5862226	2.0021599420794187
LINC01033	SRR5862227	1
LINC01033	SRR5862228	1.0090714250135744
LINC01033	SRR5862229	2.0118198710082162
LINC01033	SRR5862230	1.005302786883378
LINC01033	SRR5862231	1.0020862854161259
LINC01033	SRR5862232	1.0151340437122982
LINC01033	SRR5862233	2.005526840609447
LINC01033	SRR5862234	1.0058971340998772
LINC01033	SRR5862235	3.0026996847142975
LINC01033	SRR5862236	2.0042886443166283
LINC01033	SRR5862237	1.031015477815649
LINC01033	SRR5862238	2.0017997898095317
LINC01033	SRR5862239	1.0077170577043544
LINC01033	SRR5862240	1.0027327671216282
LINC01033	SRR5862241	1.0061967931686884
LINC01033	SRR5862242	1.0069518863188005
LINC01033	SRR5862243	2.011246319240141
LINC01033	SRR5862244	1.0144792093359367
LINC01033	SRR5862245	1.01827642435426
LINC01033	SRR5862246	1.0019060282634729
LINC01033	SRR5862247	1.005646548436608
LINC01033	SRR5862248	2.0014397023245074
LINC01033	SRR5862249	1.0151672362957598
LINC01033	SRR5862250	5.052930990438667
LINC01033	SRR5862251	2.0206638096080827
LINC01033	SRR5862252	2.0051047873572765
LINC01033	SRR5862253	1.0077827888478086
LINC01033	SRR5862254	2.0143211835665027
LINC01033	SRR5862255	2.016078730388811
LINC01033	SRR5862256	1.0154992904437379
LINC01033	SRR5862257	2.0275195597735043
LINC01033	SRR5862258	1.0025523936786382
LINC01033	SRR5862259	1.013717596574022
LINC01033	SRR5862260	1.0647831768924885
LINC01033	SRR5862261	1.0166686288059708
LINC01033	SRR5862262	1.0099915908540964
LINC01033	SRR5862263	1.0455054067543619
LINC01033	SRR5862264	1.0058348326097575
LINC01033	SRR5862265	2.002520159145824
LINC01033	SRR5862266	1.0054836551612463
LINC01033	SRR5862267	1.0552428781134908
LINC01033	SRR5862268	1.0049748144211899
LINC01033	SRR5862269	1.0039487828443494
LINC01033	SRR5862270	1.002266574999606
LINC01033	SRR5862271	2.01193465072815
LINC01033	SRR5862272	1.0112732108438143
LINC01033	SRR5862273	1.0034545854694705
LINC01033	SRR5862274	2.0091929322271214
LINC01033	SRR5862275	1.0129925360933478
LINC01033	SRR5862276	1.0173966505334036
LINC01033	SRR5862277	1.0126860964204654
LINC01033	SRR5949109	1.1498283651018633
LINC01033	SRR5949110	1.148171272003916
LINC01033	SRR5949111	1.1498283651018633
LINC01033	SRR5949112	1.1499000124654937
LINC01033	SRR5949113	1.1493287860193127
LINC01033	SRR5949114	1.1499000124654937
LINC01033	SRR5949115	1.1498283651018633
LINC01033	SRR5949116	1.149801355279094
LINC01033	SRR5949117	1.1499000124654937
LINC01033	SRR5949118	1.149757132515299
LINC01033	SRR5949119	1.1498700492655702
LINC01033	SRR5949120	1.149752993629983
LINC01033	SRR5949121	1.149727479151349
LINC01033	SRR5949122	1.149659680044542
LINC01033	SRR5949123	1.1495224477062624
LINC01033	SRR5949124	1.1489713533334538
LINC01033	SRR5949125	1.1493657120956842
LINC01033	SRR5949126	1.1496653216499102
LINC01033	SRR5949127	1.149752993629983
LINC01033	SRR5949128	1.149752993629983
LINC01033	SRR5949129	1.1498758641415114
LINC01033	SRR5949130	1.1498041981068907
LINC01033	SRR5949131	1.1496516232140812
LINC01033	SRR5949132	1.1498283651018633
LINC01033	SRR5949133	1.1496993836519698
LINC01033	SRR5949134	1.1499000124654937
LINC01033	SRR5949135	1.149801355279094
LINC01033	SRR5949136	1.1498700492655702
LINC01033	SRR5949137	1.1489979896611313
LINC01033	SRR5949138	1.1496058907069004
LINC01033	SRR5949139	1.1496653216499102
LINC01033	SRR5949140	1.1498283651018633
LINC01033	SRR5949141	1.1498758641415114
LINC01033	SRR5949142	1.1498041981068907
LINC01033	SRR5949143	1.1499000124654937
LINC01033	SRR5949144	1.149757132515299
LINC01033	SRR5949145	1.1497815594090803
LINC01033	SRR5949146	1.149752993629983
LINC01033	SRR5949147	1.149752993629983
LINC01033	SRR5949148	1.1489471817569916
LINC01033	SRR5949149	1.149757132515299
LINC01033	SRR5949150	1.1498758641415114
LINC01033	SRR5949151	1.1494823274298185
LINC01033	SRR5949152	1.1476551316063306
LINC01033	SRR5949153	1.149659680044542
LINC01033	SRR5949154	1.1487635500794011
LINC01033	SRR5949155	1.1497815594090803
LINC01033	SRR5949156	1.1498758641415114
LINC01033	SRR5949157	1.1498700492655702
LINC01033	SRR5949158	1.1499000124654937
LINC01033	SRR5949159	1.1489204896371397
LINC01033	SRR5949160	1.1498283651018633
LINC01033	SRR5949161	1.1498283651018633
LINC01033	SRR5949162	1.1498283651018633
LINC01033	SRR5949163	1.1498758641415114
LINC01033	SRR5949164	1.1499000124654937
LINC01033	SRR5949165	1.149801355279094
LINC01033	SRR5949166	1.1498758641415114
LINC01033	SRR5949167	1.149757132515299
LINC01033	SRR5949168	1.1497815594090803
LINC01033	SRR5949169	1.1447151303318799
LINC01033	SRR5949170	1.1499000124654937
LINC01033	SRR5949171	1.1496516232140812
LINC01033	SRR5949172	1.1496058907069004
LINC01033	SRR5949173	1.1498283651018633
LINC01033	SRR5949174	1.1497815594090803
LINC01033	SRR5949175	1.1499000124654937
LINC01033	SRR5949176	1.149727479151349
LINC01033	SRR5949177	1.1489132956948793
LINC01033	SRR5949178	1.1496653216499102
LINC01033	SRR5949179	1.1497815594090803
LINC01033	SRR5949180	1.1499000124654937
LINC01033	SRR5949181	1.1498700492655702
LINC01033	SRR5949182	1.149727479151349
LINC01033	SRR5949183	1.1498758641415114
LINC01033	SRR5949184	1.149801355279094
LINC01033	SRR5949185	1.1495611354981103
LINC01033	SRR5949186	1.1492630102128836
LINC01033	SRR5949187	1.1498041981068907
LINC01033	SRR5949188	1.149801355279094
LINC01033	SRR5949189	1.149752993629983
LINC01033	SRR5949190	1.149757132515299
LINC01033	SRR5949191	1.1496058907069004
LINC01033	SRR5949192	1.1498700492655702
LINC01033	SRR5949193	1.1498758641415114
LINC01033	SRR5949194	1.1498283651018633
LINC01033	SRR5949195	1.149801355279094
LINC01033	SRR5949196	1.149639556483191
LINC01033	SRR5949197	1.1494508753827517
LINC01033	SRR5949198	1.1489684643066176
LINC01033	SRR5949199	1.1496653216499102
LINC01033	SRR5949200	1.1498758641415114
LINC01033	SRR5949201	1.1497815594090803
LINC01033	SRR5949202	1.1498041981068907
LINC01033	SRR5949203	1.1498700492655702
LINC01033	SRR5949204	1.1499000124654937
LINC01033	SRR5949205	1.1499000124654937
LINC01033	SRR5949206	1.149801355279094
LINC01033	SRR5949207	1.1498283651018633
LINC01033	SRR5949208	1.149757132515299
LINC01033	SRR5949209	1.1498283651018633
LINC01033	SRR5949210	1.1497815594090803
LINC01033	SRR5949211	1.1494508753827517
LINC01033	SRR5949212	1.149757132515299
LINC01033	SRR5949213	1.1496993836519698
LINC01033	SRR5949214	1.1495224477062624
LINC01033	SRR5949215	1.149752993629983
LINC01033	SRR5949216	1.1498041981068907
LINC01033	SRR5949217	1.1498041981068907
LINC01033	SRR5949218	1.1496993836519698
LINC01033	SRR5949219	1.149727479151349
LINC01033	SRR5949220	1.1495611354981103
LINC01033	SRR5949221	1.149515806070026
LINC01033	SRR5949222	1.149752993629983
LINC01033	SRR5949223	1.1489094288850477
LINC01033	SRR5949224	1.1497815594090803
LINC01033	SRR5949225	1.1498700492655702
LINC01033	SRR5949226	1.1495611354981103
LINC01033	SRR5949227	1.1498700492655702
LINC01033	SRR5949228	1.1496058907069004
LINC01033	SRR5949229	1.149639556483191
LINC01033	SRR5949230	1.1498700492655702
LINC01033	SRR5949231	1.1494707522857042
LINC01033	SRR5949232	1.1487635500794011
LINC01033	SRR5949233	1.1489229708372037
LINC01033	SRR5949234	1.149752993629983
LINC01033	SRR5949235	1.1496058907069004
LINC01033	SRR5949236	1.1478430081697302
LINC01033	SRR5949237	1.1494610034998385
LINC01033	SRR5949238	1.1492438683694057
LINC01033	SRR5949239	1.147930185304594
LINC01033	SRR5949240	1.1498758641415114
LINC01033	SRR5949241	1.149757132515299
LINC01033	SRR5949242	1.1497815594090803
LINC01033	SRR5949243	1.1496516232140812
LINC01033	SRR5949244	1.1496653216499102
LINC01033	SRR5949245	1.1496653216499102
LINC01033	SRR5949246	1.149801355279094
LINC01033	SRR5949247	1.149752993629983
LINC01033	SRR5949248	1.149801355279094
LINC01033	SRR5949249	1.1497815594090803
LINC01033	SRR5949250	1.1499000124654937
LINC01033	SRR5949251	1.1496058907069004
LINC01033	SRR5949252	1.1498283651018633
LINC01033	SRR5949253	1.1494121443044876
LINC01033	SRR5949254	1.1495510677538354
LINC01033	SRR5949255	1.1497815594090803
LINC01033	SRR5949256	1.149659680044542
LINC01033	SRR5949257	1.1498758641415114
LINC01033	SRR5949258	1.1498758641415114
LINC01033	SRR5949259	1.149727479151349
LINC01033	SRR5949260	1.1499000124654937
LINC01033	SRR5949261	1.1499000124654937
LINC01033	SRR5949262	1.149659680044542
LINC01033	SRR5949263	1.1498041981068907
LINC01033	SRR5949264	1.149727479151349
LINC01033	SRR5949265	1.1498700492655702
LINC01033	SRR5949266	1.1490859664004887
LINC01033	SRR5949267	1.1491016556665985
LINC01033	SRR5949268	1.1498700492655702
LINC01033	SRR5949269	1.149752993629983
LINC01033	SRR5949270	1.1497815594090803
LINC01033	SRR5949271	1.1495224477062624
LINC01033	SRR5949272	1.1499000124654937
LINC01033	SRR5949273	1.1499000124654937
LINC01033	SRR5949274	1.149801355279094
LINC01033	SRR5949275	1.1495012298161975
LINC01033	SRR5949276	1.149801355279094
LINC01033	SRR5949277	1.1491016556665985
LINC01033	SRR5949278	1.1498041981068907
LINC01033	SRR5949279	1.1498041981068907
LINC01033	SRR5949280	1.1493806150832857
LINC01033	SRR5949281	1.149801355279094
LINC01033	SRR5949282	1.1499000124654937
LINC01033	SRR5949283	1.1494610034998385
LINC01033	SRR5949284	1.1499000124654937
LINC01033	SRR5949285	1.1485352709618715
LINC01033	SRR5949286	1.1490061236504394
LINC01033	SRR5949287	1.1499000124654937
LINC01033	SRR5949288	1.1498041981068907
LINC01033	SRR5949289	1.1496653216499102
LINC01033	SRR5949290	1.1499000124654937
LINC01033	SRR5949291	1.1497815594090803
LINC01033	SRR5949292	1.149752993629983
LINC01033	SRR5949293	1.1499000124654937
LINC01033	SRR5949294	1.1498758641415114
LINC01033	SRR5949295	1.1498041981068907
LINC01033	SRR5949296	1.1498041981068907
LINC01033	SRR5949297	1.1498283651018633
LINC01033	SRR5949298	1.149614382860247
LINC01033	SRR5949299	1.149757132515299
LINC01033	SRR5949300	1.1498758641415114
LINC01033	SRR5949301	1.1498758641415114
LINC01033	SRR5949302	1.1496653216499102
LINC01033	SRR5949303	1.1496516232140812
LINC01033	SRR5949304	1.1498283651018633
LINC01033	SRR5949305	1.1490061236504394
LINC01033	SRR5949306	1.1498700492655702
LINC01033	SRR5949307	1.149757132515299
LINC01033	SRR5949308	1.149801355279094
LINC01033	SRR5949309	1.1495565511841175
LINC01033	SRR5949310	1.1495565511841175
LINC01033	SRR5949311	1.1497815594090803
LINC01033	SRR5949312	1.149461221160821
LINC01033	SRR5949313	1.1497815594090803
LINC01033	SRR5949314	1.1498758641415114
LINC01033	SRR5949315	1.1497815594090803
LINC01033	SRR5949316	1.1498041981068907
LINC01033	SRR5949317	1.1492438683694057
LINC01033	SRR5949318	1.1491016556665985
LINC01033	SRR5949319	1.1498283651018633
LINC01033	SRR5949320	1.1499000124654937
LINC01033	SRR5949321	1.149801355279094
LINC01033	SRR5949322	1.149614382860247
LINC01033	SRR5949323	1.1497815594090803
LINC01033	SRR5949324	1.1499000124654937
LINC01033	SRR5949325	1.1498041981068907
LINC01033	SRR5949326	1.1497815594090803
LINC01033	SRR5949327	1.1490004023259148
LINC01033	SRR5949328	1.1498283651018633
LINC01033	SRR5949329	1.1498283651018633
LINC01033	SRR5949330	1.1498041981068907
LINC01033	SRR5949331	1.1498700492655702
LINC01033	SRR5949332	1.1499000124654937
LINC01033	SRR5949333	1.1496993836519698
LINC01033	SRR5949334	1.1494508753827517
LINC01033	SRR5949335	1.1498758641415114
LINC01033	SRR5949336	1.149801355279094
LINC01033	SRR5949337	1.1498700492655702
LINC01033	SRR5949338	1.1498041981068907
LINC01033	SRR5949339	1.1498041981068907
LINC01033	SRR5949340	1.149614382860247
LINC01033	SRR5949341	1.149727479151349
LINC01033	SRR5949342	1.1498700492655702
LINC01033	SRR5949343	1.149727479151349
LINC01033	SRR5949344	1.1498283651018633
LINC01033	SRR5949345	1.1498700492655702
LINC01033	SRR5949346	1.1489824166943214
LINC01033	SRR5949347	1.1494257243385793
LINC01033	SRR5949348	1.1487709425734813
LINC01033	SRR5949349	1.1498041981068907
LINC01033	SRR5949350	1.149757132515299
LINC01033	SRR5949351	1.1497815594090803
LINC01033	SRR5949352	1.149801355279094
LINC01033	SRR5949353	1.1498041981068907
LINC01033	SRR5949354	1.1495224477062624
LINC01033	SRR5949355	1.149727479151349
LINC01033	SRR5949356	1.1467122388088349
LINC01033	SRR5949357	1.149752993629983
LINC01033	SRR5949358	1.1497815594090803
LINC01033	SRR5949359	1.1498041981068907
LINC01033	SRR5949360	1.149727479151349
LINC01033	SRR5949361	1.1496653216499102
LINC01033	SRR5949362	1.1478188840514512
LINC01033	SRR5949363	1.1498758641415114
LINC01033	SRR5949364	1.1496058907069004
LINC01033	SRR5949365	1.1494121443044876
LINC01033	SRR5949366	1.1474377159067004
LINC01033	SRR5949367	1.1499000124654937
LINC01033	SRR5949368	1.148804618132568
LINC01033	SRR5949369	1.1498758641415114
LINC01033	SRR5949370	1.1498283651018633
LINC01033	SRR5949371	1.1495565511841175
LINC01033	SRR5949372	1.149801355279094
LINC01033	SRR5949373	1.1498758641415114
LINC01033	SRR5949374	1.1496516232140812
LINC01033	SRR5949375	1.1498758641415114
LINC01033	SRR5949376	1.1499000124654937
LINC01033	SRR5949377	1.1498041981068907
LINC01033	SRR5949378	1.1499000124654937
LINC01033	SRR5949379	1.1498041981068907
LINC01033	SRR5949380	1.1489471817569916
LINC01033	SRR5949381	1.1495012298161975
LINC01033	SRR5949382	1.1498283651018633
LINC01033	SRR5949383	1.1496993836519698
LINC01033	SRR5949384	1.1498758641415114
LINC01033	SRR5949385	1.149659680044542
LINC01033	SRR5949386	1.1499000124654937
LINC01033	SRR5949387	1.147930185304594
LINC01033	SRR5949388	1.1495224477062624
LINC01033	SRR5949389	1.1499000124654937
LINC01033	SRR5949390	1.1497815594090803
LINC01033	SRR5949391	1.1495565511841175
LINC01033	SRR5949392	1.1499000124654937
LINC01033	SRR5949393	1.1495565511841175
LINC01033	SRR5949394	1.1495012298161975
LINC01033	SRR5949395	1.1497815594090803
LINC01033	SRR5949396	1.1489204896371397
LINC01033	SRR5949397	1.1498758641415114
LINC01033	SRR5949398	1.1498700492655702
LINC01033	SRR5949399	1.1497815594090803
LINC01033	SRR5949400	1.1442239823514004
LINC01033	SRR5949401	1.1499000124654937
LINC01033	SRR5949402	1.149801355279094
LINC01033	SRR5949403	1.149757132515299
LINC01033	SRR5949404	1.1495611354981103
LINC01033	SRR5949405	1.1498041981068907
LINC01033	SRR5949406	1.1498758641415114
LINC01033	SRR5949407	1.1498041981068907
LINC01033	SRR5949408	1.1498041981068907
LINC01033	SRR5949409	1.149801355279094
LINC01033	SRR5949410	1.149801355279094
LINC01033	SRR5949411	1.1499000124654937
LINC01033	SRR5949412	1.1496653216499102
LINC01033	SRR5949413	1.1498041981068907
LINC01033	SRR5949414	1.1498283651018633
LINC01033	SRR5949415	1.1498700492655702
LINC01033	SRR5949416	1.149752993629983
LINC01033	SRR5949417	1.1496993836519698
LINC01033	SRR5949418	1.1498041981068907
LINC01033	SRR5949419	1.1498283651018633
LINC01033	SRR5949420	1.149727479151349
LINC01033	SRR5949421	1.1496993836519698
LINC01033	SRR5949422	1.149752993629983
LINC01033	SRR5949423	1.149752993629983
LINC01033	SRR5949424	1.1499000124654937
LINC01033	SRR5949425	1.149752993629983
LINC01033	SRR5949426	1.1498700492655702
LINC01033	SRR5949427	1.149752993629983
LINC01033	SRR5949428	1.1499000124654937
LINC01033	SRR5949429	1.149461221160821
LINC01033	SRR5949430	1.1497815594090803
LINC01033	SRR5949431	1.1497815594090803
LINC01033	SRR5949432	1.149801355279094
LINC01033	SRR5949433	1.149757132515299
LINC01033	SRR5949434	1.149757132515299
LINC01033	SRR5949435	1.1495510677538354
LINC01033	SRR5949436	1.1498283651018633
LINC01033	SRR5949437	1.149461221160821
LINC01033	SRR5949438	1.1493806150832857
LINC01033	SRR5949439	1.1498758641415114
LINC01033	SRR5949440	1.1498700492655702
LINC01033	SRR5949441	1.1498700492655702
LINC01033	SRR5949442	1.1496516232140812
LINC01033	SRR5949443	1.1495611354981103
LINC01033	SRR5949444	1.1495012298161975
LINC01033	SRR5949445	1.1499000124654937
LINC01033	SRR5949446	1.1498700492655702
LINC01033	SRR5949447	1.149757132515299
LINC01033	SRR5949448	1.1499000124654937
LINC01033	SRR5949449	1.1499000124654937
LINC01033	SRR5949450	1.1497815594090803
LINC01033	SRR5949451	1.1496993836519698
LINC01033	SRR5949452	1.1498041981068907
LINC01033	SRR5949453	1.1497815594090803
LINC01033	SRR5949454	1.1498041981068907
LINC01033	SRR5949455	1.149757132515299
LINC01033	SRR5949456	1.1498758641415114
LINC01033	SRR5949457	1.1498700492655702
LINC01033	SRR5949458	1.1498758641415114
LINC01033	SRR5949459	1.149801355279094
LINC01033	SRR5949460	1.1495611354981103
LINC01033	SRR5949461	1.1490004023259148
LINC01033	SRR5949462	1.1498283651018633
LINC01033	SRR5949463	1.1495510677538354
LINC01033	SRR5949464	1.1494610034998385
LINC01033	SRR5949465	1.1489587806071277
LINC01033	SRR5949466	1.1497815594090803
LINC01033	SRR5949467	1.1489471817569916
LINC01033	SRR5949468	1.1498283651018633
LINC01033	SRR5949469	1.1498700492655702
LINC01033	SRR5949470	1.1498041981068907
LINC01033	SRR5949471	1.149727479151349
LINC01033	SRR5949472	1.149801355279094
LINC01033	SRR5949473	1.149801355279094
LINC01033	SRR5949474	1.149757132515299
LINC01033	SRR5949475	1.1499000124654937
LINC01033	SRR5949476	1.1498041981068907
LINC01033	SRR5949477	1.1498700492655702
LINC01033	SRR5949478	1.149801355279094
LINC01033	SRR5949479	1.149283393549715
LINC01033	SRR5949480	1.149752993629983
LINC01033	SRR5949481	1.1498700492655702
LINC01033	SRR5949482	1.1496653216499102
LINC01033	SRR5949483	1.1492630102128836
LINC01033	SRR5949484	1.1498283651018633
LINC01033	SRR5949485	1.1495012298161975
LINC01033	SRR5949486	1.149757132515299
LINC01033	SRR5949487	1.149752993629983
LINC01033	SRR5949488	1.149461221160821
LINC01033	SRR5949489	1.1496058907069004
LINC01033	SRR5949490	1.1496058907069004
LINC01033	SRR5949491	1.149757132515299
LINC01033	SRR5949492	1.1496058907069004
LINC01033	SRR5949493	1.149727479151349
LINC01033	SRR5949494	1.1499000124654937
LINC01033	SRR5949495	1.1494707522857042
LINC01033	SRR5949496	1.149727479151349
LINC01033	SRR5949497	1.149727479151349
LINC01033	SRR5949498	1.1497815594090803
LINC01033	SRR5949499	1.1498283651018633
LINC01033	SRR5949500	1.1494121443044876
LINC01033	SRR5949501	1.149515806070026
LINC01033	SRR5949502	1.1492573238148507
LINC01033	SRR5949503	1.149639556483191
LINC01033	SRR5949504	1.1498041981068907
LINC01033	SRR5949505	1.1498041981068907
LINC01033	SRR5949506	1.1498041981068907
LINC01033	SRR5949507	1.1498700492655702
LINC01033	SRR5949508	1.149752993629983
LINC01033	SRR5949509	1.1498283651018633
LINC01033	SRR5949510	1.1498041981068907
LINC01033	SRR5949511	1.1489592829745587
LINC01033	SRR5949512	1.149801355279094
LINC01033	SRR5949513	1.1499000124654937
LINC01033	SRR5949514	1.149659680044542
LINC01033	SRR5949515	1.1498283651018633
LINC01033	SRR5949516	1.149757132515299
LINC01033	SRR5949517	1.1498041981068907
LINC01033	SRR5949518	1.149283393549715
LINC01033	SRR5949519	1.1496058907069004
LINC01033	SRR5949520	1.1498700492655702
LINC01033	SRR5949521	1.1490859664004887
LINC01033	SRR5949522	1.149801355279094
LINC01033	SRR5949523	1.1498700492655702
LINC01033	SRR5949524	1.149757132515299
LINC01033	SRR5949525	1.149659680044542
LINC01033	SRR5949526	1.1489944018824365
LINC01033	SRR5949527	1.149639556483191
LINC01033	SRR5949528	1.1483720675437479
LINC01033	SRR5949529	1.1495224477062624
LINC01033	SRR5949530	1.149727479151349
LINC01033	SRR5949531	1.1496653216499102
LINC01033	SRR5949532	1.1498700492655702
LINC01033	SRR5949533	1.1499000124654937
LINC01033	SRR5949534	1.149659680044542
LINC01033	SRR5949535	1.1498283651018633
LINC01033	SRR5949536	1.1497815594090803
LINC01033	SRR5949537	1.1498700492655702
LINC01033	SRR5949538	1.1499000124654937
LINC01033	SRR5949539	1.149727479151349
LINC01033	SRR5949540	1.1495611354981103
LINC01033	SRR5949541	1.149727479151349
LINC01033	SRR5949542	1.1495224477062624
LINC01033	SRR5949543	1.149752993629983
LINC01033	SRR5949544	1.1495611354981103
LINC01033	SRR5949545	1.149283393549715
LINC01033	SRR5949546	1.149639556483191
LINC01033	SRR5949547	1.1499000124654937
LINC01033	SRR5949548	1.149757132515299
LINC01033	SRR5949549	1.1494121443044876
LINC01033	SRR5949550	1.1489471817569916
LINC01033	SRR5949551	1.149801355279094
LINC01033	SRR5949552	1.1494823274298185
LINC01033	SRR5949553	1.1498758641415114
LINC01033	SRR5949554	1.1498041981068907
LINC01033	SRR5949555	1.1409427054301
LINC01033	SRR5949556	1.149515806070026
LINC01033	SRR5949557	1.1497815594090803
LINC01033	SRR5949558	1.1494707522857042
LINC01033	SRR5949559	1.1498283651018633
LINC01033	SRR5949560	1.1498283651018633
LINC01033	SRR5949561	1.1490061236504394
LINC01033	SRR5949562	1.1495012298161975
LINC01033	SRR5949563	1.1497815594090803
LINC01033	SRR5949564	1.149801355279094
LINC01033	SRR5949565	1.1498758641415114
LINC01033	SRR5949566	1.1498283651018633
LINC01033	SRR5949567	1.1479342052496542
LINC01033	SRR5949568	1.1495565511841175
LINC01033	SRR5949569	1.149614382860247
LINC01033	SRR5949570	1.149727479151349
LINC01033	SRR5949571	1.1493287860193127
LINC01033	SRR5949572	1.1496993836519698
LINC01033	SRR5949573	1.1495565511841175
LINC01033	SRR5949574	1.1497815594090803
LINC01033	SRR5949575	1.149752993629983
LINC01033	SRR5949576	1.1496993836519698
LINC01033	SRR5949577	1.1498758641415114
LINC01033	SRR5949578	1.1497815594090803
LINC01033	SRR5949579	1.1498283651018633
LINC01033	SRR5949580	1.1498283651018633
LINC01033	SRR5949581	1.1499000124654937
LINC01033	SRR5949582	1.149614382860247
LINC01033	SRR5949583	1.1498758641415114
LINC01033	SRR5949584	1.1489713533334538
LINC01033	SRR5949585	1.149801355279094
LINC01033	SRR5949586	1.1498041981068907
LINC01033	SRR5949587	1.149757132515299
LINC01033	SRR5949588	1.14823324140182
LINC01033	SRR5949589	1.1499000124654937
LINC01033	SRR5949590	1.149639556483191
LINC01033	SRR5949591	1.1498283651018633
LINC01033	SRR5949592	1.1496653216499102
LINC01033	SRR5949593	1.1499000124654937
LINC01033	SRR5949594	1.1496993836519698
LINC01033	SRR5949595	1.1498041981068907
LINC01033	SRR5949596	1.149757132515299
LINC01033	SRR5949597	1.1492327898220787
LINC01033	SRR5949598	1.149727479151349
LINC01033	SRR5949599	1.149639556483191
LINC01033	SRR5949600	1.1497815594090803
LINC01033	SRR5949601	1.1496993836519698
LINC01033	SRR5949602	1.1499000124654937
LINC01033	SRR5949603	1.149801355279094
LINC01033	SRR5949604	1.1498041981068907
LINC01033	SRR5949605	1.1496993836519698
LINC01033	SRR5949606	1.1494707522857042
LINC01033	SRR5949607	1.1498700492655702
LINC01033	SRR5949608	1.1490004023259148
LINC01033	SRR5950246	1.1489592829745587
LINC01033	SRR5950247	1.1494707522857042
LINC01033	SRR5950248	1.1497815594090803
LINC01033	SRR5950249	1.1499000124654937
LINC01033	SRR5950250	1.1495611354981103
LINC01033	SRR5950251	1.1497815594090803
LINC01033	SRR5950252	1.1498758641415114
LINC01033	SRR5950253	1.1498041981068907
LINC01033	SRR5950254	1.1494707522857042
LINC01033	SRR5950255	1.1492327898220787
LINC01033	SRR5950256	1.14882817140177
LINC01033	SRR5950257	1.1487945702274995
LINC01033	SRR5950258	1.149801355279094
LINC01033	SRR5950259	1.1498283651018633
LINC01033	SRR5950260	1.1497815594090803
LINC01033	SRR5950261	1.149801355279094
LINC01033	SRR5950262	1.149659680044542
LINC01033	SRR5950263	1.1492573238148507
LINC01033	SRR5950264	1.1498700492655702
LINC01033	SRR5950265	1.1495611354981103
LINC01033	SRR5950266	1.1489684643066176
LINC01033	SRR5950267	1.149801355279094
LINC01033	SRR5950268	1.1496993836519698
LINC01033	SRR5950269	1.149727479151349
LINC01033	SRR5950270	1.1494610034998385
LINC01033	SRR5950271	1.1499000124654937
LINC01033	SRR5950272	1.1499000124654937
LINC01033	SRR5950273	1.1497815594090803
LINC01033	SRR5950274	1.1496516232140812
LINC01033	SRR5950275	1.1496993836519698
LINC01033	SRR5950276	1.149801355279094
LINC01033	SRR5950277	1.149515806070026
LINC01033	SRR5950278	1.1492438683694057
LINC01033	SRR5950279	1.149757132515299
LINC01033	SRR5950280	1.1498041981068907
LINC01033	SRR5950281	1.1496993836519698
LINC01033	SRR5950282	1.1493287860193127
LINC01033	SRR5950283	1.149801355279094
LINC01033	SRR5950284	1.1466271340242074
LINC01033	SRR5950285	1.1494823274298185
LINC01033	SRR5950286	1.1497815594090803
LINC01033	SRR5950287	1.1491016556665985
LINC01033	SRR5950288	1.1495510677538354
LINC01033	SRR5950289	1.1490061236504394
LINC01033	SRR5950290	1.1498283651018633
LINC01033	SRR5950291	1.149801355279094
LINC01033	SRR5950292	1.1496653216499102
LINC01033	SRR5950293	1.1494610034998385
LINC01033	SRR5950294	1.1499000124654937
LINC01033	SRR5950295	1.1498758641415114
LINC01033	SRR5950296	1.149752993629983
LINC01033	SRR5950297	1.1494508753827517
LINC01033	SRR5950298	1.1498283651018633
LINC01033	SRR5950299	1.149614382860247
LINC01033	SRR5950300	1.149757132515299
LINC01033	SRR5950301	1.149801355279094
LINC01033	SRR5950302	1.149752993629983
LINC01033	SRR5950303	1.149614382860247
LINC01033	SRR5950304	1.149461221160821
LINC01033	SRR5950305	1.149752993629983
LINC01033	SRR5950306	1.149752993629983
LINC01033	SRR5950307	1.1496058907069004
LINC01033	SRR5950308	1.1496653216499102
LINC01033	SRR5950309	1.1496993836519698
LINC01033	SRR5950310	1.1497815594090803
LINC01033	SRR5950311	1.1498700492655702
LINC01033	SRR5950312	1.149801355279094
LINC01033	SRR5950313	1.1496653216499102
LINC01033	SRR5950314	1.1498283651018633
LINC01033	SRR5950315	1.149801355279094
LINC01033	SRR5950316	1.1498700492655702
LINC01033	SRR5950317	1.149614382860247
LINC01033	SRR5950318	1.1494610034998385
LINC01033	SRR5950319	1.149639556483191
LINC01033	SRR5950320	1.149614382860247
LINC01033	SRR5950321	1.148836459359721
LINC01033	SRR5950322	1.1495224477062624
LINC01033	SRR5950323	1.1496516232140812
LINC01033	SRR5950324	1.1498283651018633
LINC01033	SRR5950325	1.149659680044542
LINC01033	SRR5950326	1.149515806070026
LINC01033	SRR5950327	1.149801355279094
LINC01033	SRR5950328	1.149801355279094
LINC01033	SRR5950329	1.149752993629983
LINC01033	SRR5950330	1.149639556483191
LINC01033	SRR5950331	1.1493287860193127
LINC01033	SRR5950332	1.1494707522857042
LINC01033	SRR5950333	1.1498283651018633
LINC01033	SRR5950334	1.1498283651018633
LINC01033	SRR5950335	1.1498283651018633
LINC01033	SRR5950336	1.1477909267796054
LINC01033	SRR5950337	1.1490522198255662
LINC01033	SRR5950338	1.1484554126990747
LINC01033	SRR5950339	1.1499000124654937
LINC01033	SRR5950340	1.1496058907069004
LINC01033	SRR5950341	1.1496653216499102
LINC01033	SRR5950342	1.1498700492655702
LINC01033	SRR5950343	1.1496653216499102
LINC01033	SRR5950344	1.1495224477062624
LINC01033	SRR5950345	1.1496516232140812
LINC01033	SRR5950346	1.149801355279094
LINC01033	SRR5950347	1.149752993629983
LINC01033	SRR5950348	1.1496058907069004
LINC01033	SRR5950349	1.1498758641415114
LINC01033	SRR5950350	1.1497815594090803
LINC01033	SRR5950351	1.1491016556665985
LINC01033	SRR5950352	1.1498700492655702
LINC01033	SRR5950353	1.149752993629983
LINC01033	SRR5950354	1.1498700492655702
LINC01033	SRR5950355	1.1498700492655702
LINC01033	SRR5950356	1.1489979896611313
LINC01033	SRR5950357	1.1498700492655702
LINC01033	SRR5950358	1.149614382860247
LINC01033	SRR5950359	1.149727479151349
LINC01033	SRR5950360	1.1498700492655702
LINC01033	SRR5950361	1.1498700492655702
LINC01033	SRR5950362	1.1495224477062624
LINC01033	SRR5950363	1.1494508753827517
LINC01033	SRR5950364	1.149639556483191
LINC01033	SRR5950365	1.1498041981068907
LINC01033	SRR5950366	1.1498283651018633
LINC01033	SRR5950367	1.1489024179979748
LINC01033	SRR5950368	1.149752993629983
LINC01033	SRR5950369	1.1499000124654937
LINC01033	SRR5950370	1.1499000124654937
LINC01033	SRR5950371	1.149801355279094
LINC01033	SRR5950372	1.1498041981068907
LINC01033	SRR5950373	1.149757132515299
LINC01033	SRR5950374	1.149757132515299
LINC01033	SRR5950375	1.1498700492655702
LINC01033	SRR5950376	1.1499000124654937
LINC01033	SRR5950377	1.1494121443044876
LINC01033	SRR5950378	1.149757132515299
LINC01033	SRR5950379	1.149752993629983
LINC01033	SRR5950380	1.1496653216499102
LINC01033	SRR5950381	1.149659680044542
LINC01033	SRR5950382	1.1491016556665985
LINC01033	SRR5950383	1.1498758641415114
LINC01033	SRR5950384	1.1498283651018633
LINC01033	SRR5950385	1.1490859664004887
LINC01033	SRR5950386	1.1498700492655702
LINC01033	SRR5950387	1.1498758641415114
LINC01033	SRR5950388	1.1495611354981103
LINC01033	SRR5950389	1.1485352709618715
LINC01033	SRR5950390	1.1496993836519698
LINC01033	SRR5950391	1.1499000124654937
LINC01033	SRR5950392	1.1491016556665985
LINC01033	SRR5950393	1.1495565511841175
LINC01033	SRR5950394	1.149727479151349
LINC01033	SRR5950395	1.149752993629983
LINC01033	SRR5950396	1.1499000124654937
LINC01033	SRR5950397	1.1498758641415114
LINC01033	SRR5950398	1.1498758641415114
LINC01033	SRR5950399	1.149659680044542
LINC01033	SRR5950400	1.1496993836519698
LINC01033	SRR5950401	1.1498700492655702
LINC01033	SRR5950402	1.1498700492655702
LINC01033	SRR5950403	1.1497815594090803
LINC01033	SRR5950404	1.1498041981068907
LINC01033	SRR5950405	1.14823324140182
LINC01033	SRR5950406	1.1493806150832857
LINC01033	SRR5950407	1.149801355279094
LINC01033	SRR5950408	1.149461221160821
LINC01033	SRR5950409	1.1495565511841175
LINC01033	SRR5950410	1.1499000124654937
LINC01033	SRR5950411	1.1498283651018633
LINC01033	SRR5950412	1.1498700492655702
LINC01033	SRR5950413	1.1493657120956842
LINC01033	SRR5950414	1.149801355279094
LINC01033	SRR5950415	1.149614382860247
LINC01033	SRR5950416	1.1496653216499102
LINC01033	SRR5950417	1.1496993836519698
LINC01033	SRR5950418	1.1495510677538354
LINC01033	SRR5950419	1.1498700492655702
LINC01033	SRR5950420	1.149752993629983
LINC01033	SRR5950421	1.1495611354981103
LINC01033	SRR5950422	1.1494707522857042
LINC01033	SRR5950423	1.149757132515299
LINC01033	SRR5950424	1.1498283651018633
LINC01033	SRR5950425	1.1498700492655702
LINC01033	SRR5950426	1.1496058907069004
LINC01033	SRR5950427	1.1498283651018633
LINC01033	SRR5950428	1.149757132515299
LINC01033	SRR5950429	1.1498700492655702
LINC01033	SRR5950430	1.149727479151349
LINC01033	SRR5950431	1.149727479151349
LINC01033	SRR5950432	1.1498041981068907
LINC01033	SRR5950433	1.149801355279094
LINC01033	SRR5950434	1.1495611354981103
LINC01033	SRR5950435	1.149757132515299
LINC01033	SRR5950436	1.1498700492655702
LINC01033	SRR5950437	1.149727479151349
LINC01033	SRR5950438	1.1498283651018633
LINC01033	SRR5950439	1.1498758641415114
LINC01033	SRR5950440	1.145365413736815
LINC01033	SRR5950441	1.1494707522857042
LINC01033	SRR5950442	1.1497815594090803
LINC01033	SRR5950443	1.149659680044542
LINC01033	SRR5950444	1.149801355279094
LINC01033	SRR5950445	1.1498041981068907
LINC01033	SRR5950446	1.1496516232140812
LINC01033	SRR5950447	1.1494257243385793
LINC01033	SRR5950448	1.149801355279094
LINC01033	SRR5950449	1.1498041981068907
LINC01033	SRR5950450	1.1498700492655702
LINC01033	SRR5950451	1.1499000124654937
LINC01033	SRR5950452	1.1494823274298185
LINC01033	SRR5950453	1.1498283651018633
LINC01033	SRR5950454	1.1494823274298185
LINC01033	SRR5950455	1.1498283651018633
LINC01033	SRR5950456	1.149757132515299
LINC01033	SRR5950457	1.149659680044542
LINC01033	SRR5950458	1.1499000124654937
LINC01033	SRR5950459	1.149752993629983
LINC01033	SRR5950460	1.149752993629983
LINC01033	SRR5950461	1.1497815594090803
LINC01033	SRR5950462	1.1492630102128836
LINC01033	SRR5950463	1.149614382860247
LINC01033	SRR5950464	1.149515806070026
LINC01033	SRR5950465	1.1449587156171235
LINC01033	SRR5950466	1.149801355279094
LINC01033	SRR5950467	1.149752993629983
LINC01033	SRR5950468	1.149801355279094
LINC01033	SRR5950469	1.149639556483191
LINC01033	SRR5950470	1.1498700492655702
LINC01033	SRR5963912	1.1499000124654937
LINC01033	SRR5963913	1.1495224477062624
LINC01033	SRR5963914	1.1499000124654937
LINC01033	SRR5963915	1.1495611354981103
LINC01033	SRR5963916	1.1494121443044876
LINC01033	SRR5963917	1.1496993836519698
LINC01033	SRR5963918	1.149727479151349
LINC01033	SRR5963919	1.1498041981068907
LINC01033	SRR5963920	1.149757132515299
LINC01033	SRR5963921	1.1498283651018633
LINC01033	SRR5963922	1.1496653216499102
LINC01033	SRR5963923	1.149727479151349
LINC01033	SRR5963924	1.1498041981068907
LINC01033	SRR5963925	1.1495224477062624
LINC01033	SRR5963926	1.149515806070026
LINC01033	SRR5963927	1.1498758641415114
LINC01033	SRR5963928	1.1494823274298185
LINC01033	SRR5963929	1.149801355279094
LINC01033	SRR5963930	1.1493287860193127
LINC01033	SRR5963931	1.1499000124654937
LINC01033	SRR5963932	1.149757132515299
LINC01033	SRR5963933	1.149659680044542
LINC01033	SRR5963934	1.1494257243385793
LINC01033	SRR5963935	1.1499000124654937
LINC01033	SRR5963936	1.1495510677538354
LINC01033	SRR5963937	1.1492573238148507
LINC01033	SRR5963938	1.149801355279094
LINC01033	SRR5963939	1.1498041981068907
LINC01033	SRR5963940	1.1498700492655702
LINC01033	SRR5963941	1.1499000124654937
LINC01033	SRR5963942	1.1499000124654937
LINC01033	SRR5963943	1.1498283651018633
LINC01033	SRR5963944	1.1499000124654937
LINC01033	SRR5963945	1.1498758641415114
LINC01033	SRR5963946	1.149801355279094
LINC01033	SRR5963947	1.149801355279094
LINC01033	SRR5963948	1.149801355279094
LINC01033	SRR6467548	1.009806123524068
LINC01033	SRR6467549	1.0166333952670563
LINC01033	SRR6467550	1.0094573463716312
LINC01033	SRR6467551	1.0164508190635158
LINC01033	SRR6467552	2.0330455629115067
LINC01033	SRR6467553	1.031917753407997
LINC01033	SRR6467554	1.0225494456218691
LINC01033	SRR6467555	1.0144151620441488
LINC01033	SRR6467556	1.0118279387635634
LINC01033	SRR6467557	1.011419518838626
LINC01033	SRR6467558	1.0202167779550353
LINC01033	SRR6467559	1.0021749573528569
LINC01033	SRR6467560	1.0102148863804552
LINC01033	SRR6467561	1.0074511140063074
LINC01033	SRR6467562	1.003793020797143
LINC01033	SRR6467563	1.0061967931686884
LINC01033	SRR6467564	1.007311001168582
LINC01033	SRR6467565	2.0193990487521933
LINC01033	SRR6467566	2.0550596524190317
LINC01033	SRR6467567	1.0110728691639104
LINC01033	SRR6467568	2.008203899828557
LINC01033	SRR6467569	1.0146397099735318
LINC01033	SRR6467570	1.8424740565951425
LINC01033	SRR6467571	1.0007198511622537
LINC01033	SRR6467572	1.0061524256376846
LINC01033	SRR6467573	1.0067982845157166
LINC01033	SRR6467574	2
LINC01033	SRR6467575	0.5715969566077168
LINC01033	SRR6467576	1.0046747157254012
LINC01033	SRR6467577	1.0014402205102033
LINC01033	SRR6467578	2.0197476001149717
LINC01033	SRR6467579	2.0211676625259702
LINC01033	SRR6467580	1.9043850993164781
LINC01033	SRR6467581	0.8602069894559086
LINC01033	SRR6467582	1.8824636718037793
LINC01033	SRR6467583	1
LINC01033	SRR6467584	2.0072620381654835
LINC01033	SRR6467585	2.177933113589409
LINC01033	SRR6467586	0.700584909987671
LINC01033	SRR6467587	1.5822158153165915
LINC01033	SRR6467588	0.556671230961435
LINC01033	SRR6467589	1
LINC01033	SRR6467590	2.005526840609447
LINC01033	SRR6467591	3.031558805980004
LINC01033	SRR6467592	1.0077795396441576
LINC01033	SRR6467593	1.004538287361441
LINC01033	SRR6467594	0.7354317039376504
LINC01033	SRR6467595	1.0021917441245578
LINC01033	SRR6467596	1
LINC01033	SRR6467597	2.548249362043715
LINC01033	SRR6467598	0.8903159201078643
LINC01033	SRR6467599	1.0037407429361982
LINC01033	SRR6467600	2.009637137701128
LINC01033	SRR6467601	2.0111576347660587
LINC01033	SRR6467602	1.909638020477521
LINC01033	SRR6467603	2
LINC01033	SRR6467604	4.016898942794049
LINC01033	SRR6467605	2.007147823194564
LINC01033	SRR6467606	4
LINC01033	SRR6467607	3
LINC01033	SRR6467608	1.0026272514823873
LINC01033	SRR6467609	2.0003598284620874
LINC01033	SRR6467610	2.0199633959686554
LINC01033	SRR6467611	0.8199227173364774
LINC01033	SRR6467612	1.0058040855375532
LINC01033	SRR6467613	1
LINC01033	SRR6467614	1
LINC01033	SRR6467615	1.012703741023523
LINC01033	SRR6467616	2.019785510031567
LINC01033	SRR6467617	1.0066688641367247
LINC01033	SRR6467618	1
LINC01033	SRR6467619	2.586587505261036
LINC01033	SRR6467620	2.0051850091193257
LINC01033	SRR6467621	1.005107193890329
LINC01033	SRR6467622	1.0150608699717154
LINC01033	SRR6467623	0.7184073978994172
LINC01033	SRR6467624	1.0001799142310437
LINC01033	SRR6467625	1
LINC01033	SRR6467626	1
LINC01033	SRR6467627	1.0100637475538297
LINC01033	SRR6467628	2
LINC01033	SRR6467629	1.7503877364812452
LINC01033	SRR6467630	1.0007198511622537
LINC01033	SRR6467631	1.0008998949047658
LINC01033	SRR6467632	2.0143549241320526
LINC01033	SRR6467633	2
LINC01033	SRR6467634	2.0079925803971355
LINC01033	SRR6467635	1.179566183794266
LINC01033	SRR6467636	2.0201619246203477
LINC01033	SRR6467637	2
LINC01033	SRR6467638	1
LINC01033	SRR6467639	1.0031685095836653
LINC01033	SRR6467640	1.0209184673656215
LINC01033	SRR6467641	1.0092827829875564
LINC01033	SRR6467642	0.8521559038609048
LINC01033	SRR6467643	1.0125130005061824
LINC01033	SRR6467644	1
LINC01033	SRR6467645	0.6199937001440049
LINC01033	SRR6467646	1
LINC01033	SRR6467647	3.796093011566255
LINC01033	SRR6467648	3.017320901965161
LINC01033	SRR6467649	1.0052921358977929
LINC01033	SRR6467650	1.0054730022593972
LINC01033	SRR6467651	2.005826346032734
LINC01033	SRR6467652	1.0001799142310437
LINC01033	SRR6467653	1.00992245953211
LINC01033	SRR6467654	1.0037407429361982
LINC01033	SRR6467655	1
LINC01033	SRR6467656	2.837731654926731
LINC01033	SRR6467657	1
LINC01033	SRR6467658	2
LINC01033	SRR6467659	2.3748922208747154
LINC01033	SRR6467660	2.013685361053327
LINC01033	SRR6467661	0.7029517755044163
LINC01033	SRR6467662	0.8946345345337715
LINC01033	SRR6467663	3.0083725239161834
LINC01033	SRR6467664	1.2889146650799082
LINC01033	SRR6467665	3
LINC01033	SRR6467666	1
LINC01033	SRR6467667	0.6063230255730675
LINC01033	SRR6467668	1.4507331239059111
LINC01033	SRR6467669	1
LINC01033	SRR6467670	1
LINC01033	SRR6467671	0.9341294103890401
LINC01033	SRR6467672	1.0088498474584395
LINC01033	SRR6467673	1.0095900205975368
LINC01033	SRR6467674	3.0187652039240587
LINC01033	SRR6467675	2.0172839160140184
LINC01033	SRR6467676	0.5807479497983324
LINC01033	SRR6467677	2
LINC01033	SRR6467678	1
LINC01033	SRR6467679	2
LINC01033	SRR6467680	1.01072934295352
LINC01033	SRR6467681	1
LINC01033	SRR6467682	3.01795513201855
LINC01033	SRR6467683	1.0111962112098367
LINC01033	SRR6467684	1.0025925045596629
LINC01033	SRR6467685	1.014095870178947
LINC01033	SRR6467686	1.0014402205102033
LINC01033	SRR6467687	0.6661969090000487
LINC01033	SRR6467688	1
LINC01033	SRR6467689	1.0099029089915499
LINC01033	SRR6467690	1.0054674322877741
LINC01033	SRR6467691	2.0110961562737604
LINC01033	SRR6467692	2.0020104575169384
LINC01033	SRR6467693	2.9726255934039476
LINC01033	SRR6467694	1.0075707059203194
LINC01033	SRR6467695	2.0091379914772927
LINC01033	SRR6467696	0.675200309125929
LINC01033	SRR6467697	1
LINC01033	SRR6467698	1.0047021889912742
LINC01033	SRR6467699	2
LINC01033	SRR6467700	0.7259029320158285
LINC01033	SRR6467701	2
LINC01033	SRR6467702	1.014337303678091
LINC01033	SRR6467703	1.012335005482347
LINC01033	SRR6467704	2.005581682610789
LINC01033	SRR6467705	1.006530550845122
LINC01033	SRR6467706	1.0184705122861608
LINC01033	SRR6467707	1
LINC01033	SRR6467708	1.001725803535813
LINC01033	SRR6467709	1
LINC01033	SRR6467710	3.0026996847142975
LINC01033	SRR6467711	1.0013654513321437
LINC01033	SRR6467712	1.0112473218896492
LINC01033	SRR6467713	0.9652264868204222
LINC01033	SRR6467714	2.011942874120268
LINC01033	SRR6467715	2
LINC01033	SRR6467716	2
LINC01033	SRR6467717	1.0122808125437386
LINC01033	SRR6467718	2.0308182843426366
LINC01033	SRR6467719	5.018022206998675
LINC01033	SRR6467720	1
LINC01033	SRR6467721	1.0016203938574126
LINC01033	SRR6467722	0.9984279500806916
LINC01033	SRR6467723	2
LINC01033	SRR6467724	2
LINC01033	SRR6467725	2
LINC01033	SRR6467726	1.5907665570204272
LINC01033	SRR6467727	1.002289885748588
LINC01033	SRR6467728	2
LINC01033	SRR6467729	1.006890324821555
LINC01033	SRR6467730	1.0021263776487355
LINC01033	SRR6467731	1.00988118368961
LINC01033	SRR6467732	0.7076585865016629
LINC01033	SRR6467733	1.001725803535813
LINC01033	SRR6467734	0.993009289870723
LINC01033	SRR6467735	2.016530369113811
LINC01033	SRR6467736	3.0186065335025676
LINC01033	SRR6467737	1.0062062904901619
LINC01033	SRR6467738	1.000359860831218
LINC01033	SRR6467739	1
LINC01033	SRR6467740	1.005343007804232
LINC01033	SRR6467741	3.0061166053200132
LINC01033	SRR6467742	1
LINC01033	SRR6467743	1
LINC01033	SRR6467744	2
LINC01033	SRR6467745	1.000359860831218
LINC01033	SRR6467746	1.0079332911520626
LINC01033	SRR6467747	0.7037986777892322
LINC01033	SRR6467748	0.9507482945464953
LINC01033	SRR6467749	1
LINC01033	SRR6467750	1.0023720526815605
LINC01033	SRR6467751	1.0151179163865762
LINC01033	SRR6467752	1.0082145198989758
LINC01033	SRR6467753	1.9968403581381011
LINC01033	SRR6467754	0.8370445170352886
LINC01033	SRR6467755	1.7900279187059536
LINC01033	SRR6467756	1.001260079572912
LINC01033	SRR6467757	1
LINC01033	SRR6467758	1
LINC01033	SRR6467759	1.0056633933586414
LINC01033	SRR6467760	1.0077342324655063
LINC01033	SRR6467761	1.0036658019973412
LINC01033	SRR6467762	1.0050055361428718
LINC01033	SRR6467763	0.9571110894244277
LINC01033	SRR6467764	1.1312009393220797
LINC01033	SRR6467765	2.002486616813296
LINC01033	SRR6467766	1.014833528591624
LINC01033	SRR6467767	2.0136126505143666
LINC01033	SRR6467768	1.0124766310189337
LINC01033	SRR6467769	1.0179804857499088
LINC01033	SRR6467770	1
LINC01033	SRR6467771	0.6269819774669394
LINC01033	SRR6467772	1.0071129346997982
LINC01033	SRR6467773	1.0039213301801309
LINC01033	SRR6868540	3.0445005857748715
LINC01033	SRR6868541	2.0556176716387244
LINC01033	SRR6868542	1.0479902723259678
LINC01033	SRR6868543	2.0305925427855103
LINC01033	SRR6868544	2.015701336701052
LINC01033	SRR6868545	1.0249330155513252
LINC01033	SRR6868546	2.031816700408605
LINC01033	SRR6868557	1.0593600439616915
LINC01033	SRR6868558	1.0493300957915759
LINC01033	SRR6868559	1.0328318116514645
LINC01033	SRR6868560	1.0099883345290224
LINC01033	SRR6868569	1.0619340218072668
LINC01033	SRR6868570	2.043639543151062
LINC01033	SRR6868571	2.0894881813714936
LINC01033	SRR6868572	3.0355506188402988
LINC01033	SRR6868573	2.0825664414069522
LINC01033	SRR6868574	1.012246901299347
LINC01033	SRR6868575	1.0259969817544445
LINC01033	SRR6868576	2.0320024466830966
LINC01033	SRR6868577	3.098372276578076
LINC01033	SRR6868578	2.0311541204190013
LINC01033	SRR6868579	1.0440699430515605
LINC01033	SRR6868580	1.010777171167205
LINC01033	SRR6868581	2.06840601002594
LINC01033	SRR6868582	2.0658779368703026
LINC01033	SRR6868585	1.0223918119367361
LINC01033	SRR6868586	1.0597439032108176
LINC01033	SRR6868587	1.060061410485746
LINC01033	SRR6868588	2.014392353762909
LINC01033	SRR6868589	2.022069019736468
LINC01033	SRR6868590	1.0323588353795468
LINC01033	SRR6868591	1.0131259716901864
LINC01033	SRR6868604	1.0759055098033201
LINC01033	SRR6868605	1.032097998410507
LINC01033	SRR6868606	1.041059675092619
LINC01033	SRR6868607	1.034652621245776
LINC01033	SRR6868608	1.0244646566921864
LINC01033	SRR6868609	1.0441915254956329
LINC01033	SRR6868610	1.0393379767471147
LINC01033	SRR6868620	1.0113983415873453
LINC01033	SRR6868621	1.0220565106412052
LINC01033	SRR6868622	2.048469680808176
LINC01033	SRR6868623	1.0549853092368588
LINC01033	SRR6868636	2.0880453347201677
LINC01033	SRR6868637	2.052225031988947
LINC01033	SRR6868638	1.0463813724818791
LINC01033	SRR6868639	1.0108348986886093
LINC01033	SRR6868650	1.0398318552023067
LINC01033	SRR6868651	1.0291416181729598
LINC01033	SRR6868652	2.061423224402527
LINC01033	SRR6868653	1.018954738657396
LINC01033	SRR6868654	3.0453589744464447
LINC01033	SRR6868655	1.0354304322438237
LINC01033	SRR6868665	1.014468461127958
LINC01033	SRR6868666	1.0102626902497998
LINC01033	SRR6868667	1.0115422842820772
LINC01033	SRR6868668	1.007478603420533
LINC01033	SRR6868669	1.0076418198872807
LINC01033	SRR6868670	2.0361812960633503
LINC01033	SRR6868671	1.0146307116837765
LINC01033	SRR6868683	1.012819876849361
LINC01033	SRR6868684	1.0157800653166706
LINC01033	SRR6868685	1.0216590406873807
LINC01033	SRR6868686	1.010324162018174
LINC01033	SRR6868687	3.0844689806157346
LINC01033	SRR6868688	1.0273883935521193
LINC01033	SRR6868689	2.029750608190414
LINC01033	SRR6868698	3.0551438327221767
LINC01033	SRR6868699	3.0211735712368006
LINC01033	SRR6868700	1.0161535101018604
LINC01033	SRR6868701	1.0106090201717064
LINC01033	SRR6868702	1.007687418054785
LINC01033	SRR6868713	1.010478873419224
LINC01033	SRR6868714	2.037390819675887
LINC01033	SRR6868715	1.0083404689188882
LINC01033	SRR6868716	1.0067190005273792
LINC01033	SRR6868717	1.0103010202621463
LINC01033	SRR6868718	2.0078008223796227
LINC01033	SRR6868719	4.0064815754296506
LINC01033	SRR6868720	1.0050669824037204
LINC01033	SRR6868721	1.0112987110891343
LINC01033	SRR6868722	2.0338004703727357
LINC01033	SRR6868723	1.0196540145226427
LINC01033	SRR6868724	2.0194886881338387
LINC01033	SRR6868725	1.0041769234190894
LINC01033	SRR6868726	1.0024121563473647
LINC01033	SRR6868741	3.043632626014139
LINC01033	SRR7632756	1.0082581080507984
LINC01033	SRR7632757	1.0277332860513113
LINC01033	SRR7632758	1.01063282095591
LINC01033	SRR7632759	1.0297749607877074
LINC01033	SRR7632760	2.040533801848868
LINC01033	SRR7632761	1.0071506009427655
LINC01033	SRR7632762	1.0486325447319236
LINC01033	SRR7632763	1.0163814821934867
LINC01033	SRR7632764	1.0369890422143389
LINC01033	SRR7632765	1.0026272514823873
LINC01033	SRR7632766	1.0311142484945626
LINC01033	SRR7632767	2.004744105363121
LINC01033	SRR7632768	2.0323763397503685
LINC01033	SRR7632769	1.011477121008053
LINC01033	SRR7632770	1.0082791178455617
LINC01033	SRR7632771	1.0259548134634506
LINC01033	SRR7632772	1.0191645376419036
LINC01033	SRR7632773	1.005428666643438
LINC01033	SRR7632774	1.0063470586203123
LINC01033	SRR7632775	1.0224681510947642
LINC01033	SRR7632776	1.0378886530168419
LINC01033	SRR7632777	1.0240596389952048
LINC01033	SRR7632778	1.0041769234190894
LINC01033	SRR7632779	1.0261166053511217
LINC01033	SRR7632780	1.003693247674031
LINC01033	SRR7632781	1.061425531429259
LINC01033	SRR7632782	1.013677337507708
LINC01033	SRR7632783	1.0073390566571232
LINC01033	SRR7632784	1.0087008852489117
LINC01033	SRR7632785	2.0143549241320526
LINC01033	SRR7632786	1.0414066016427272
LINC01033	SRR7632787	1.0039139901228018
LINC01033	SRR7632788	1.002266574999606
LINC01033	SRR7632789	1.0181424053950652
LINC01033	SRR7632790	1.0098238663156869
LINC01033	SRR7632791	1.0447424486975612
LINC01033	SRR7632792	1.0072973762876458
LINC01033	SRR7632793	2.02421317478652
LINC01033	SRR7632794	1.0069477706153624
LINC01033	SRR7632795	1.0032266090038542
LINC01033	SRR7632796	1.0171842304100507
LINC01033	SRR7632797	1.1507956722511705
LINC01033	SRR7632798	2.0114579810922715
LINC01033	SRR7632799	1.0307842771739868
LINC01033	SRR7632800	1.0149717126681794
LINC01033	SRR7632801	1.0052614054151265
LINC01033	SRR7632802	1.0349955306780252
LINC01033	SRR7632803	1.0239958477751991
LINC01033	SRR7632804	1.0404738790189818
LINC01033	SRR7632805	2.006187222737388
LINC01033	SRR7632806	1.0046132934463576
LINC01033	SRR7632807	1.0087172705016196
LINC01033	SRR7632808	1.0082207258216564
LINC01033	SRR7632809	1.0487771640238053
LINC01033	SRR7632810	1.0041728190577268
LINC01033	SRR7632811	1.0068069184574369
LINC01033	SRR7632812	1.0071833620330328
LINC01033	SRR7632813	1.0062092961820608
LINC01033	SRR7632814	1.0035601881766363
LINC01033	SRR7632815	2.0157411216933077
LINC01033	SRR7632816	1.07528181517056
LINC01033	SRR7632817	1.041586150859103
LINC01033	SRR7632818	2.010850850059477
LINC01033	SRR7632819	2.004893794039496
LINC01033	SRR7632820	1.006884746998457
LINC01033	SRR7632821	2.003451607071626
LINC01033	SRR7632822	1.0125834797761897
LINC01033	SRR7632823	1.0036796717268013
LINC01033	SRR7632824	2.0091487433859676
LINC01033	SRR7632825	1.0028076383933613
LINC01033	SRR7632826	1.0006451357681576
LINC01033	SRR7632827	1.0547962882986262
LINC01033	SRR7632828	1.0259969817544445
LINC01033	SRR7632829	1.014492055668809
LINC01033	SRR7632830	1.0484469543228638
LINC01033	SRR7632831	1.0092787217165853
LINC01033	SRR7632832	1.014555769133056
LINC01033	SRR7632833	1.0517370367415053
LINC01033	SRR7632834	1.0291896194546106
LINC01033	SRR7632835	1.1099100147247651
LINC01033	SRR7632836	1.0149370565287317
LINC01033	SRR7632837	1.0064500155939855
LINC01033	SRR7632838	2.0503118879419135
LINC01033	SRR7632839	1.011487837523035
LINC01033	SRR7632840	1.0305733450818257
LINC01033	SRR7632841	1.1192560986710782
LINC01033	SRR7632842	1.0018618499306917
LINC01033	SRR7632843	1.0375153886962647
LINC01033	SRR7632844	1.0396314006495406
LINC01033	SRR7632845	1.0050055361428718
LINC01033	SRR7632846	1.0494904998299905
LINC01033	SRR7632847	1.0235272533915285
LINC01033	SRR7632848	1.0091302469862462
LINC01033	SRR7632849	1.011384661421074
LINC01033	SRR7632850	1.0128856441720862
LINC01033	SRR7632851	1.0101118401249758
LINC01033	SRR7632852	1.001260079572912
LINC01033	SRR7632853	1.0050776310038234
LINC01033	SRR7632854	1.0066032694373324
LINC01033	SRR7632855	1
LINC01033	SRR7632856	1.0064837326371328
LINC01033	SRR7632857	1.0735764544763629
LINC01033	SRR7632858	1.0371579517056881
LINC01033	SRR7632859	1.0396311122590651
LINC01033	SRR7632860	1.0753540533674661
LINC01033	SRR7632861	1.0543822488477879
LINC01033	SRR7632862	1.0351402489647896
LINC01033	SRR7632863	1.127463190129664
LINC01033	SRR7632864	1.1215525506364097
LINC01033	SRR7632865	1.0014635120398052
LINC01033	SRR7632866	1.0056633933586414
LINC01033	SRR7632867	1.0102904255521574
LINC01033	SRR7632868	1.0256287182392447
LINC01033	SRR7632869	1.0244411302643486
LINC01033	SRR7632870	1.0037988754978042
LINC01033	SRR7632871	1.050989678803295
LINC01033	SRR7632872	1.0322124653187648
LINC01033	SRR7632873	1.004207620749528
LINC01033	SRR7632874	2.005315802879815
LINC01033	SRR7632875	1.001651013035654
LINC01033	SRR7632876	1.0141700299218512
LINC01033	SRR7632877	1.0410996360505937
LINC01033	SRR7632878	1.0220802210253883
LINC01033	SRR7632879	1.002266574999606
LINC01033	SRR7632880	1.0175413387124352
LINC01033	SRR7632881	1.013756384887805
LINC01033	SRR7632882	1.0238807645953367
LINC01033	SRR7632883	1.02247906372491
LINC01033	SRR7632884	1.0337064082418486
LINC01033	SRR7632885	1.004970706798616
LINC01033	SRR7632886	1.0323024876429643
LINC01033	SRR7632887	1.0101074156533363
LINC01033	SRR7632888	1.0379768225769255
LINC01033	SRR7632889	1.0341992789721208
LINC01033	SRR7632890	1.1020636592092161
LINC01033	SRR7632891	2.094103111912903
LINC01033	SRR7632892	1.0058318842867344
LINC01033	SRR7632893	1.038136325271397
LINC01033	SRR7632894	1.0470575746534403
LINC01033	SRR7632895	1.0115917091074564
LINC01033	SRR7632896	3.067944681950185
LINC01033	SRR7632897	1.0040851311465162
LINC01033	SRR7632898	1.003736640357631
LINC01033	SRR7632899	2.013903772637601
LINC01033	SRR7632900	1.0066648133839482
LINC01033	SRR7632901	1.0063609654022492
LINC01033	SRR7632902	1.0438042739415248
LINC01033	SRR7632903	1.0043989334008585
LINC01033	SRR7632904	1.0526195434200118
LINC01033	SRR7632905	1.0931759253599354
LINC01033	SRR7632906	1.0165025853468879
LINC01033	SRR7632907	1.0277254099081103
LINC01033	SRR7632908	1.0040070360063245
LINC01033	SRR7632909	1.0034545854694705
LINC01033	SRR7632910	1.0380077298103303
LINC01033	SRR7632911	1.0129842553236308
LINC01033	SRR7632912	1.0156327587698157
LINC01033	SRR7632913	2.1174448866768683
LINC01033	SRR7632914	1.0311722723635215
LINC01033	SRR7632915	1.044956647947262
LINC01033	SRR7632916	1.0198845286602736
LINC01033	SRR7632917	1.0523945550985883
LINC01033	SRR7632918	1.0258468542129664
LINC01033	SRR7632919	1.008734166859293
LINC01033	SRR7632920	2.023166223595535
LINC01033	SRR7632921	1.0121573982531267
LINC01033	SRR7632922	1.0086992082960846
LINC01033	SRR7632923	1.0104750438511543
LINC01033	SRR7632924	1.029495742835047
LINC01033	SRR7632925	1.0350871842259233
LINC01033	SRR7632926	1.0184989436426726
LINC01033	SRR7632927	1.020518834230417
LINC01033	SRR7632928	1.003304751915352
LINC01033	SRR7632929	1.0407855332953868
LINC01033	SRR7632930	1.0008998949047658
LINC01033	SRR7632931	1.0007198511622537
LINC01033	SRR7632932	2.051385259178456
LINC01033	SRR7632933	1.0212777254368819
LINC01033	SRR7632934	1.0043882919914233
LINC01033	SRR7632935	2.0202236802499516
LINC01033	SRR7632936	1.0210525182035715
LINC01033	SRR7632937	1.0144804078601897
LINC01033	SRR7632938	1.026676151053306
LINC01033	SRR7632939	1.0281037599803844
LINC01033	SRR7632940	1.0065515246415413
LINC01033	SRR7632941	1.0214750661913161
LINC01033	SRR7632942	1.0358472927277014
LINC01033	SRR7632943	2
LINC01033	SRR7632944	1.0183845609590005
LINC01033	SRR7632945	1
LINC01033	SRR8928966	1.0089020059058134
LINC01033	SRR8928967	1.0174471485483954
LINC01033	SRR8928968	1.0083576543049855
LINC01033	SRR8928969	1.0084157589021454
LINC01033	SRR8928970	1.0097790430950968
LINC01033	SRR8928971	1.0078135964082673
LINC01033	SRR8928972	1.0551062717044821
LINC01033	SRR8928973	1.0060157966102234
LINC01033	SRR8928974	1.0870766859358787
LINC01033	SRR8928975	1.0434971814877207
LINC01033	SRR8928976	1.0433938336486428
LINC01033	SRR8928977	1.0197721263293398
LINC01033	SRR8928978	1.0189094725563004
LINC01033	SRR8928979	1.0197172970945956
LINC01033	SRR8928980	1.016019416300132
LINC01033	SRR8928981	1.0118211977273175
LINC01033	SRR8928982	1.0114917814411697
LINC01033	SRR8928983	4.007923351219644
LINC01033	SRR8928984	2.0113078023228677
LINC01033	SRR8928985	1.0170563672128556
LINC01033	SRR8928986	1.009106991032158
LINC01033	SRR8928987	1
LINC01033	SRR8928988	1
LINC01033	SRR8928989	1.0180482199929832
LINC01033	SRR8928990	1.0106122784979463
LINC01033	SRR8928991	1.0180115267692265
LINC01033	SRR9835604	3.043302538433576
LINC01033	SRR9835605	1.0056231596200704
LINC01033	SRR9835606	1.0022055934839067
LINC01033	SRR9835607	1.0092485506134343
LINC01033	SRR9835608	1.0149850838535093
LINC01033	SRR9835609	1
LINC01033	SRR9835610	2.009376610263541
LINC01033	SRR9835611	3.003331721092254
LINC01033	SRR9835612	1.002740775394054
LINC01033	SRR9835613	2.011942874120268
LINC01033	SRR9835614	1.0101757476044517
LINC01033	SRR9835615	1.0396846498825996
LINC01033	SRR9835616	1.007499951835674
LINC01033	SRR9835617	1.0233696860167032
LINC01033	SRR9835618	1.005397931987203
LINC01033	SRR9835619	1
LINC01033	SRR9835620	2.009799562689042
LINC01033	SRR9835621	1.0066648133839482
LINC01033	SRR9835622	3.0083186556575123
LINC01033	SRR9835623	4.000719656924175
LINC01033	SRR9835624	1.022211497308151
LINC01033	SRR9835625	1.0031791380696085
LINC01033	SRR9835626	1.0077170577043544
LINC01033	SRR9835627	1.0020862854161259
LINC01033	SRR9835628	1.007245300796782
LINC01033	SRR9835629	1.0205101654512299
LINC01033	SRR9835630	2.111478522036065
LINC01033	SRR9835631	1.0808176609581337
LINC01033	SRR9835632	1.002341411462068
LINC01033	SRR9835633	1.0075707059203194
LINC01033	SRR9835634	2.0127769695587023
LINC01033	SRR9835635	1.0098927550157835
LINC01033	SRR9835636	1.0020527156867534
LINC01033	SRR9835637	1.0045214612850002
LINC01033	SRR9835638	1.009908799328608
LINC01033	SRR9835639	1.010581897159914
LINC01033	SRR9835640	3.0501835148312932
LINC01033	SRR9835641	2.0078426603602617
LINC01033	SRR9835642	1.0059099355041081
LINC01033	SRR9835643	2.0077034956911333
LINC01033	SRR9835644	2.0065948327321306
LINC01033	SRR9835645	1.029653410621942
LINC01033	SRR9835646	1.0094602413506888
LINC01033	SRR9835647	1.0024301059742207
LINC01033	SRR9835648	1.0302878151561219
LINC01033	SRR9835649	1.0119543846885093
LINC01033	SRR9835650	1.0038431392461147
LINC01033	SRR9835651	2.0014397023245074
LINC01033	SRR9835652	1.016019416300132
LINC01033	SRR9835653	2.005581682610789
LINC01033	SRR9835654	1.0101757476044517
LINC01033	SRR9835655	1.0051695140095571
LINC01033	SRR9835656	1.0027021148755608
LINC01033	SRR9835657	2.030237825908342
LINC01033	SRR9835658	1.0020114680017955
LINC01033	SRR9835659	1.0060465501543596
LINC01033	SRR9835660	1.0076462335591199
LINC01033	SRR9835661	1.0040544375604268
LINC01033	SRR9835662	2.02461639460896
LINC01033	SRR9835663	1.0203073606491269
LINC01033	SRR9835664	2.003451607071626
LINC01033	SRR9835665	1.004190800211773
LINC01033	SRR9835666	3
LINC01033	SRR9835667	1.008442463999566
LINC01033	SRR9835668	1
LINC01033	SRR9835669	1.0266087966612285
LINC01033	SRR9835670	1.0139446879648122
LINC01033	SRR9835671	1.013598089847048
LINC01033	SRR9835672	2.0035676388007277
LINC01033	SRR9835673	2.045643925767389
LINC01033	SRR9835674	3.001619519419039
LINC01033	SRR9835675	1.005397931987203
LINC01033	SRR9835676	1.0891346753691427
LINC01033	SRR9835677	1.0026579014399075
LINC01033	SRR9835678	1.0060909130166535
LINC01033	SRR9835679	0.9651493632949231
LINC01033	SRR9835680	1.0245185067839673
LINC01033	SRR9835681	1.0030493806702814
LINC01033	SRR9835682	2.1214107037822045
LINC01033	SRR9835683	2.0126886473483316
LINC01033	SRR9835684	2.0506021560130354
LINC01033	SRR9835685	1.0051251917756963
LINC01033	SRR9835686	1.0135335602212565
LINC01033	SRR9835687	1.0047021889912742
LINC01033	SRR9835688	1
LINC01033	SRR9835689	1.0073894622198625
LINC01033	SRR9835690	1.0020114680017955
LINC01033	SRR9835691	1.009018872251653
LINC01033	SRR9835692	1.0183852731914698
LINC01033	SRR9835693	2.0081702622930324
LINC01033	SRR9835694	1.0104411930997232
LINC01033	SRR9835695	1.005230970296049
LINC01033	SRR9835696	1.0098853113828044
LINC01033	SRR9835697	1.0051636513145872
LINC01033	SRR9835698	1.0010052287584692
LINC01033	SRR9835699	1.0016203938574126
LINC01033	SRR9835700	1.002266574999606
LINC01033	SRR9835701	1.0028309617264135
LINC01033	SRR9835702	1
LINC01033	SRR9835703	1.0010799710397094
LINC01033	SRR9835704	1.0046652924666128
LINC01033	SRR9835705	1.0039962901985677
LINC01033	SRR9835706	1.0792635155154793
LINC01033	SRR9835707	1.001110573697418
LINC01033	SRR9835708	1.001063202890274
LINC01033	SRR9835709	3.0013954135565846
LINC01033	SRR9835710	2.0291273162841406
LINC01033	SRR9835711	2.0008856973830955
LINC01033	SRR9835712	1.0025217469463543
LINC01033	SRR9835713	1.0019060282634729
LINC01033	SRR9835714	1.001545611227314
LINC01033	SRR9835715	1.0051621648262732
LINC01033	SRR9835716	1.0029880577585075
LINC01033	SRR9835717	1.0034545854694705
LINC01033	SRR9835718	1.0156196005253904
LINC01033	SRR9835719	1.0088403251851141
LINC01033	SRR9835720	1.0062994400318304
LINC01033	SRR9835721	1.0152841125038419
LINC01033	SRR9835722	1.0232142122054655
LINC01033	SRR9835723	1
LINC01033	SRR9835724	1.0070578570789335
LINC01033	SRR9835725	1.027861673410901
LINC01033	SRR9835726	1.0007198511622537
LINC01033	SRR9835727	2.013819255124653
LINC01033	SRR9835728	1.041000135876921
LINC01033	SRR9835729	1.0032434133910784
LINC01033	SRR9835730	1.0039520196971752
LINC01033	SRR9835731	1.0511406103696055
LINC01033	SRR9835732	1.004729663008416
LINC01033	SRR9835733	1.004507579922951
LINC01033	SRR9835734	1.0026272514823873
LINC01033	SRR9835735	1.0018312243074385
LINC01033	SRR9835736	1.012260593128426
LINC01033	SRR9835737	1.002169112123769
LINC01033	SRR9835738	1.0018005996203712
LINC01033	SRR9835739	1.0276177847429349
LINC01033	SRR9835740	1.0302371282903655
LINC01033	SRR9835741	1.005343007804232
LINC01033	SRR9835742	1.018922412576946
LINC01033	SRR9835743	1.0344788269959917
LINC01033	SRR9835744	1.0058655806218886
LINC01033	SRR9835745	2.045322397757989
LINC01033	SRR9835746	1.0111132609495124
LINC01033	SRR9835747	1.0053946904725954
LINC01033	SRR9835748	1.0308527658417086
LINC01033	SRR9835749	1
LINC01033	SRR9835750	2.016835971599594
LINC01033	SRR9835751	1.008299317554985
LINC01033	SRR9835752	1.0409710004872161
LINC01033	SRR9835753	1.0109896329106067
LINC01033	SRR9835754	1.0013654513321437
LINC01033	SRR9835755	1.0150098638350933
LINC01033	SRR9835756	1.0468852163311182
LINC01033	SRR9835757	1.0040544375604268
LINC01033	SRR9835758	1.0058487323132066
LINC01033	SRR9835759	1.0066479516880693
LINC01033	SRR9835760	1
LINC01033	SRR9835761	1.0001799142310437
LINC01033	SRR9835762	2.205895188119846
LINC01033	SRR9835763	2.005881196224182
LINC01033	SRR9835764	1.0027327671216282
LINC01033	SRR9835765	7.325168729258096
LINC01033	SRR9835766	1.0265328399469198
LINC01033	SRR9835767	1.0374543472882876
LINC01033	SRR9835768	1
LINC01033	SRR9835769	1
LINC01033	SRR9835770	1.0202737577318615
LINC01033	SRR9835771	1.0054836551612463
LINC01033	SRR9835772	1.0127561588072467
LINC01033	SRR9835773	1
LINC01033	SRR9835774	1.035585837974875
LINC01033	SRR9835775	1.0051863509411016
LINC01033	SRR9835776	2.0065481643688963
LINC01033	SRR9835777	1.002446897019748
LINC01033	SRR9835778	1.0042826021444868
LINC01033	SRR9835779	1.0071022645360526
LINC01033	SRR9835780	2.0032072333117257
LINC01033	SRR9835781	1.025583100340115
LINC01033	SRR9835782	1.0050637419561312
LINC01033	SRR9835783	1
LINC01033	SRR9835784	1.0041462270270287
LINC01033	SRR9835785	1.0441860904847313
LINC01033	SRR9835786	1.009929843520005
LINC01033	SRR9835787	3.008689122482067
LINC01033	SRR9835788	2.003363266299826
LINC01033	SRR9835789	1
LINC01033	SRR9835790	1.0072834565655588
LINC01033	SRR9835791	1.0278656241323514
LINC01033	SRR9835792	0.9947153112826297
LINC01033	SRR9835793	2.00410456835929
LINC01033	SRR9835794	1.0001799142310437
LINC01033	SRR9835795	1.0573932890447866
LINC01033	SRR9835796	1.0057952709257163
LINC01033	SRR9835797	1
LINC01033	SRR9835798	1.0016203938574126
LINC01033	SRR9835799	1.0020388684400043
LINC01033	SRR9835800	2.0023706476889442
LINC01033	SRR9835801	2.0101339648074408
LINC01033	SRR9835802	1.004026982007113
LINC01033	SRR9867812	3.167573265086595
LINC01033	SRR9867813	9.089307578541424
LINC01033	SRR9867814	1.6512279044263662
LINC01033	SRR9867815	4.406779594373604
LINC01033	SRR9867816	3
LINC01033	SRR9867817	1.0130692804155355
LINC01033	SRR9867818	6
LINC01033	SRR9867819	1.0365871752587312
LINC01033	SRR9867820	1
LINC01033	SRR9867821	1
LINC01033	SRR9867822	4.040994918201574
LINC01033	SRR9867823	2.8449707743701285
LINC01033	SRR9867824	1.2002914830018085
LINC01033	SRR9867825	3.611430638475554
LINC01033	SRR9867826	5.336824383498506
LINC01033	SRR9867827	2.974255490050613
LINC01033	SRR9867828	3.0323734175075514
LINC01033	SRR9867829	1.2119207592083614
LINC01033	SRR9867830	4
LINC01033	SRR9867831	2.3008094093778677
LINC01033	SRR9879292	3.720209597643444
LINC01033	SRR9879293	1.014555769133056
LINC01033	SRR9879294	2.0401376329044623
LINC01033	SRR9879295	1.0197229922840128
LINC01033	SRR9879296	5.059876347248187
LINC01033	SRR9879297	2.030987108980967
LINC01033	SRR9879298	8.085231041874104
LINC01033	SRR9879299	3.008739519049101
LINC01033	SRR9879300	1.0146608527462948
LINC01033	SRR9879301	2.000719721662436
LINC01033	SRR9879302	4.041365764624539
LINC01033	SRR9879303	2.0083538468381787
LINC01033	SRR9879304	1.0167059661554507
LINC01033	SRR9879305	1.010080666465452
LINC01033	SRR9879306	5
LINC01033	SRR9879307	2.8743630084773057
LINC01033	SRR9879308	3.034153984263222
LINC01033	SRR9879309	5.053284213458288
LINC01033	T50_307	1.0053671982704868
LINC01033	T50_313	2.032038832600264
LINC01033	T50_317	1.0164068767314205
LINC01033	T50_324	1.0105775508373083
LINC01033	T50_427	1.0156539222354464
LINC01033	T50_428	3.0196230048326895
LINC01033	T50_431	1.0047497319970449
LINC01033	T50_436	1.0071833620330328
LINC01033	T50_476	1.0072834565655588
LINC01033	UN_307	7.090103607219999
LINC01033	UN_313	1.0139486719753832
LINC01033	UN_317	1.007999716801276
LINC01033	UN_323	1.0090464643103707
LINC01033	UN_324	1.0213963291259884
LINC01033	UN_427	1.007704297162079
LINC01033	UN_428	2.0197787501893045
LINC01033	UN_431	1.009106991032158
LINC01033	UN_436	2.014204529072105
LINC01033	UN_476	1.0088711650740816
