Gene	sample	counts
RBM12B	CM317	8.417285495279367
RBM12B	CMCD140	37.34827489754767
RBM12B	CMCD147	1.0404565910580479
RBM12B	CMCD152	198
RBM12B	CMCD154	16.15838923163503
RBM12B	CMCD159	1.0863042186135794
RBM12B	CMCD161	40.122517923683354
RBM12B	CMCD174	10.926294348068161
RBM12B	CMCD196	13.119466318738464
RBM12B	CMCD198	1.029495742835047
RBM12B	CMCD203	366.18234918851294
RBM12B	CMCD211	271.54199974069917
RBM12B	CMCD227	325.55575900324845
RBM12B	CMCD240	278.98981167940207
RBM12B	CMCD259	332
RBM12B	CMCD270	35.1816784723328
RBM12B	CMCD275	26.2220158771214
RBM12B	CMCD282	11.144768656177165
RBM12B	CMCD286	402.44913937777824
RBM12B	CMCD287	294
RBM12B	CMCD294	1.0639520056991958
RBM12B	CMCD327	57.29291087469116
RBM12B	CMCD335	84.39525597494652
RBM12B	CMCD337	36.240275344427474
RBM12B	CMCD357	19.401858819542795
RBM12B	CMCD398	83.49819568921292
RBM12B	CMCD403	51.36623122051651
RBM12B	CMCD422	92.19193825828359
RBM12B	CMCD426	2.2280939223612473
RBM12B	CMCD71	7.0447040931941745
RBM12B	CMCD72	9.208600049321532
RBM12B	CMCD76	119.27336845783358
RBM12B	CMCD88	146.02626747773238
RBM12B	CMSA256	195
RBM12B	CMSA316	25.203862786459172
RBM12B	CMUC110	308
RBM12B	CMUC192	13.174985846701649
RBM12B	CMUC199	1.0281874054164815
RBM12B	CMUC200	64.14985033357235
RBM12B	CMUC208	42.10276967482942
RBM12B	CMUC231	270
RBM12B	CMUC234	388
RBM12B	CMUC285	25.27817343611933
RBM12B	CMUC291	46.30380099033491
RBM12B	CMUC295	104.09358907009565
RBM12B	CMUC299	147.4302737547434
RBM12B	CMUC301	146.07881661172658
RBM12B	CMUC307	116.32018172495262
RBM12B	CMUC313	41.68165575969096
RBM12B	CMUC314	9.502618615522858
RBM12B	CMUC323	50.18114043767579
RBM12B	CMUC324	153.13768392042917
RBM12B	CMUC331	63.5769200682251
RBM12B	CMUC333	74.6964290422818
RBM12B	CMUC334	30.450390214771577
RBM12B	CMUC346	39.42312597565102
RBM12B	CMUC352	55.33296810209905
RBM12B	CMUC360	36.05184793836732
RBM12B	CMUC363	15.395633515564926
RBM12B	CMUC365	32.214154914236964
RBM12B	CMUC366	84.28131548547263
RBM12B	CMUC368	269
RBM12B	CMUC377	81.33063340302648
RBM12B	CMUC379	4.28322546524157
RBM12B	CMUC380	23.420357760147976
RBM12B	CMUC383	29.414293322745927
RBM12B	CMUC394	24.182920635162
RBM12B	CMUC419	12.299391027548612
RBM12B	CMUC427	335
RBM12B	CMUC428	168.05995878959214
RBM12B	CMUC431	119.22117575819986
RBM12B	CMUC435	239.19462300391885
RBM12B	CMUC439	79.50845249893649
RBM12B	CMUC89	235
RBM12B	CS219	58.143697404905986
RBM12B	CS256	45.10304485868646
RBM12B	CS257	3.283281532604894
RBM12B	CS259	40.061824449092555
RBM12B	CS261	5.119115178419638
RBM12B	CS266	11.393586877028076
RBM12B	CS270	26.33824710564256
RBM12B	CS277	13.506422915201453
RBM12B	CS288	23.20736174758365
RBM12B	CS290	30.2397499958678
RBM12B	CS292	9.125815782008964
RBM12B	CS293	3.050545775209242
RBM12B	CS301	8.213966749270071
RBM12B	CS306	2.077723091388277
RBM12B	CS308	28.744145225773792
RBM12B	CS315	15.420274238804339
RBM12B	CS317	20.373670740965867
RBM12B	CS322	52.697774089095915
RBM12B	CS327	230.0901263870226
RBM12B	CS328	1.0566294945036847
RBM12B	CS330	1.0768616883015538
RBM12B	CS331	1.0187996043213206
RBM12B	CS335	23.22135518653023
RBM12B	CS338	10.30832702181411
RBM12B	CS339	5.8537738695173385
RBM12B	CS343	57.4604979812924
RBM12B	CS344	38.53698773146811
RBM12B	CS350	12.278856231339194
RBM12B	CS351	32.2659806253704
RBM12B	CS361	41.98360614742421
RBM12B	CS388	22.769192213039318
RBM12B	CS396	108.16670621299917
RBM12B	CS405	16.40595927784785
RBM12B	CS415	7.538291808418874
RBM12B	CS424	6.225731768775495
RBM12B	IM293	25.13333796577653
RBM12B	IM296	1.0674965693084089
RBM12B	IM297	1.098769887658002
RBM12B	IM300	183
RBM12B	IM305	33.33165281949581
RBM12B	IM309	1.068243382745569
RBM12B	IM310	32.44031295637607
RBM12B	IM311	19.237061623742882
RBM12B	IM316	22.114099720704235
RBM12B	IM320	1.0476097382082026
RBM12B	IM330	23.24367300217214
RBM12B	IM332	1.0306075684228129
RBM12B	IM340	1.056280146775053
RBM12B	IM348	9.332653164359359
RBM12B	IM354	52.37693185724061
RBM12B	IM356	3.025830157343426
RBM12B	IM364	11.191253518312394
RBM12B	IM372	17.999832921629213
RBM12B	IM374	1.0494515301768887
RBM12B	IM376	6.091044018398302
RBM12B	IM381	37.46456426695911
RBM12B	IM382	5.159203007924482
RBM12B	IM385	115
RBM12B	IM390	1.028703799246213
RBM12B	IM397	20.22769322842148
RBM12B	IM404	58.16718588482042
RBM12B	IM409	84.4812352058754
RBM12B	IM412	68
RBM12B	IM421	30.476953912766465
RBM12B	IM425	31.62940098403994
RBM12B	IM432	9.378129278867611
RBM12B	IM438	190
RBM12B	IM442	18.766975106137654
RBM12B	IM445	40.46219188592937
RBM12B	IM448	5.115127956575111
RBM12B	IM449	51.430775876425926
RBM12B	IM451	47.24375849423178
RBM12B	IMSA256	44.180365727064896
RBM12B	IMSA276	312
RBM12B	IMSA286	147
RBM12B	IMSA343	29.36310281952788
RBM12B	IS_238	176
RBM12B	IS238	272.8060990095582
RBM12B	IS243	226
RBM12B	IS253	228
RBM12B	IS283	130
RBM12B	IS322	23.244713650791198
RBM12B	IS399	39.282865448861315
RBM12B	IS418	10.947511027862358
RBM12B	IS430	23.86460647626916
RBM12B	IS437	14.069098923416899
RBM12B	IS444	43.58968835127084
RBM12B	R276CMSA	4.259702123160222
RBM12B	R286CMSA	183
RBM12B	R292CMSA	52.218796278975454
RBM12B	R292IMSA	1.0768750693977573
RBM12B	R308CMSA	17.125672360967265
RBM12B	R316IMSA	61.191903238675614
RBM12B	R347CMSA	10.679448775774594
RBM12B	R347IMSA	14.915718877893674
RBM12B	R371CMSA	42.16784418833984
RBM12B	SRR10104064	40.07097785424884
RBM12B	SRR10104065	266.55437886480047
RBM12B	SRR10104066	111.04444040991972
RBM12B	SRR10104067	123.81411360971879
RBM12B	SRR10104068	238.10713994057798
RBM12B	SRR10104069	179.03387202921596
RBM12B	SRR10104070	115.31369411041211
RBM12B	SRR10104071	6.971901178616604
RBM12B	SRR10104072	81.45096622440145
RBM12B	SRR10104073	92.0335493197803
RBM12B	SRR10104074	75.88084013478068
RBM12B	SRR10104075	40.416397999602026
RBM12B	SRR10104076	87.36503735416017
RBM12B	SRR10104077	41.954858819053655
RBM12B	SRR10104078	87.52139773581375
RBM12B	SRR10104079	93.98566763971324
RBM12B	SRR10104080	33.76284274080919
RBM12B	SRR10104081	125.97080865584293
RBM12B	SRR10104082	81.42354452108056
RBM12B	SRR10104083	79.9197529830687
RBM12B	SRR10104084	47.085462812763694
RBM12B	SRR10104085	135.99053332739518
RBM12B	SRR10104086	91.21903838406794
RBM12B	SRR10104087	383.2261454710759
RBM12B	SRR10104088	250.26146978869517
RBM12B	SRR10104089	36.438797170056645
RBM12B	SRR10104090	127.2866811955167
RBM12B	SRR10104091	81.34864198614399
RBM12B	SRR10104092	190.39988792877534
RBM12B	SRR10104093	112.79006219018044
RBM12B	SRR10104094	139.64995113140398
RBM12B	SRR10104095	52.77648293063618
RBM12B	SRR10104096	32.19998272157549
RBM12B	SRR10104097	59.66424574548341
RBM12B	SRR10104098	125.65591838390247
RBM12B	SRR10104099	59.75394471179055
RBM12B	SRR10104100	125.57216683124777
RBM12B	SRR10104101	333.85216737116576
RBM12B	SRR10104102	134.02672383831845
RBM12B	SRR10104103	89.5313245890283
RBM12B	SRR10104104	166.5446244864018
RBM12B	SRR10104105	75.86543919150452
RBM12B	SRR10104106	39.67988630454672
RBM12B	SRR10104107	227.15735139551987
RBM12B	SRR10104108	315.14713004069205
RBM12B	SRR10104109	34.791540070993356
RBM12B	SRR10104110	15.51161349682805
RBM12B	SRR10104111	74.37391988451144
RBM12B	SRR10104112	16.65821347496883
RBM12B	SRR10104113	104.66482720534071
RBM12B	SRR10104114	14.103730588960698
RBM12B	SRR10104115	32.147347744699864
RBM12B	SRR10104116	63.90501466574746
RBM12B	SRR10104117	78.98624992789455
RBM12B	SRR10104118	43.623628944712195
RBM12B	SRR10104119	13.114306535731108
RBM12B	SRR10104120	130.4848422287241
RBM12B	SRR10104121	71.58142281211643
RBM12B	SRR10104122	55.747850406720346
RBM12B	SRR10104123	35.80724599930091
RBM12B	SRR10104124	47.014867473061905
RBM12B	SRR10104125	30.890501848364686
RBM12B	SRR10104126	108.19733440700362
RBM12B	SRR10104127	29.741503767461314
RBM12B	SRR10104128	121.41705789578107
RBM12B	SRR10104129	143.69953702689293
RBM12B	SRR10104130	97.95761366837867
RBM12B	SRR10104131	253.84978991913985
RBM12B	SRR10104132	307.20691706884935
RBM12B	SRR10104133	32.698691521305136
RBM12B	SRR10104134	168.98895594227076
RBM12B	SRR10104135	49.71566352316862
RBM12B	SRR10104136	181.69456727593317
RBM12B	SRR10104137	52.22425375399245
RBM12B	SRR10104138	23.974250791290277
RBM12B	SRR10104139	219.47039333903754
RBM12B	SRR10104140	30.935311719587457
RBM12B	SRR10104141	92.32598407070864
RBM12B	SRR10104142	130.54115202133391
RBM12B	SRR10104143	250.031990839664
RBM12B	SRR10104144	101.86398831673279
RBM12B	SRR10104145	96.87224499562929
RBM12B	SRR10104146	286.73442731321165
RBM12B	SRR10104147	505.8630574071657
RBM12B	SRR10104148	74.77340624506336
RBM12B	SRR10104149	100.60320124213155
RBM12B	SRR10104150	213.4585900343514
RBM12B	SRR10104151	315.397537168692
RBM12B	SRR10104152	471.6372618618131
RBM12B	SRR10104153	36.467836911801285
RBM12B	SRR10104154	110.28070415009206
RBM12B	SRR10104155	111.24171819394965
RBM12B	SRR10104156	548.2206649289874
RBM12B	SRR10104157	78.76195534149527
RBM12B	SRR10104158	131.65733600927837
RBM12B	SRR10104159	168.10368214029103
RBM12B	SRR10104160	39.50338828874498
RBM12B	SRR10104161	533.9198532845884
RBM12B	SRR10104162	84.6999724019193
RBM12B	SRR10104163	113.3316596671734
RBM12B	SRR10104164	171.30621465845547
RBM12B	SRR10104165	74.81660421463631
RBM12B	SRR10104166	92.658824771519
RBM12B	SRR10104167	126.8074270499559
RBM12B	SRR10104168	59.68221995479346
RBM12B	SRR10104169	165.01112809607847
RBM12B	SRR10104170	137.01692620263307
RBM12B	SRR10104171	110.60322907742407
RBM12B	SRR10104172	87.9110278451288
RBM12B	SRR10104173	52.02861798069251
RBM12B	SRR10104174	58.94976914273384
RBM12B	SRR10104175	124.76466626323733
RBM12B	SRR10104176	159.526076300609
RBM12B	SRR10104177	142.5384474870619
RBM12B	SRR10104178	115.29522542932543
RBM12B	SRR10104179	66.23891465178151
RBM12B	SRR10104180	143.08096691809
RBM12B	SRR10104181	125.29958516799539
RBM12B	SRR10104182	89.05043052709397
RBM12B	SRR10104183	40.892778986338975
RBM12B	SRR10104184	99.07563315520862
RBM12B	SRR10104185	53.275113917561995
RBM12B	SRR10104186	73.37194779750072
RBM12B	SRR10104187	53.98788900715686
RBM12B	SRR10104188	59.112829383317504
RBM12B	SRR10104189	47.764570161472534
RBM12B	SRR10104190	25.280236424665166
RBM12B	SRR10104191	25.126832685167603
RBM12B	SRR10104192	102.61807524628853
RBM12B	SRR10104193	89.46411141283366
RBM12B	SRR10104194	104.34484830599334
RBM12B	SRR10104195	62.5516931142256
RBM12B	SRR10104196	67.67067900091067
RBM12B	SRR10104197	143.3890509158014
RBM12B	SRR10104198	89.25780713629761
RBM12B	SRR10104199	36.87477851468782
RBM12B	SRR10104200	46.60924427557965
RBM12B	SRR10104201	75.94594928693692
RBM12B	SRR10104202	42.73781285799012
RBM12B	SRR10104203	108.40827849071871
RBM12B	SRR10104204	88.71859183898025
RBM12B	SRR10104205	116.04893978051368
RBM12B	SRR10104206	81.2924540264996
RBM12B	SRR10104207	73.3357988902192
RBM12B	SRR10104208	156.72417327108607
RBM12B	SRR10104209	137.1086272171259
RBM12B	SRR10104210	108.8052258753924
RBM12B	SRR10104211	185.42152798648033
RBM12B	SRR10104212	86.5967645425969
RBM12B	SRR10104213	39.24680187051236
RBM12B	SRR10104214	93.75282633030318
RBM12B	SRR10104215	232.46711710246038
RBM12B	SRR10104216	48.860315881652916
RBM12B	SRR10104217	142.47653360773893
RBM12B	SRR10104218	75.65508966684787
RBM12B	SRR10104219	51.13271206580391
RBM12B	SRR10104220	25.889233195508655
RBM12B	SRR10104221	52.34479837011898
RBM12B	SRR10104222	87.25354945971507
RBM12B	SRR10104223	23.60334440983843
RBM12B	SRR10104224	114.85592508324622
RBM12B	SRR10104225	71.18456595301934
RBM12B	SRR10104226	69.63155256366649
RBM12B	SRR10104227	60.36457414059617
RBM12B	SRR10104228	23.587420962348627
RBM12B	SRR10104229	279.0503201301757
RBM12B	SRR10104230	54.09968637193761
RBM12B	SRR10104231	40.972550474118016
RBM12B	SRR10104232	39.262603457875215
RBM12B	SRR10104233	94.46004856884466
RBM12B	SRR10104234	139.18687026670983
RBM12B	SRR10104235	90.84466271812006
RBM12B	SRR10104236	423.9088694441205
RBM12B	SRR10104237	188.4344874797972
RBM12B	SRR10104238	28.943370730260977
RBM12B	SRR10104239	75.49842889965267
RBM12B	SRR10104240	19.34924385147776
RBM12B	SRR10104241	59.333602383644624
RBM12B	SRR10104242	11.721974040260674
RBM12B	SRR10104243	72.67491034685541
RBM12B	SRR10104244	167.4209356189515
RBM12B	SRR10104245	70.84319983184425
RBM12B	SRR10104246	79.83565702858102
RBM12B	SRR10104247	28.564770906860023
RBM12B	SRR10104248	30.142818283932343
RBM12B	SRR10104249	141.77175901784997
RBM12B	SRR10104250	34.71592658515851
RBM12B	SRR10104251	68.06242500020818
RBM12B	SRR10104252	27.229161158709644
RBM12B	SRR10104253	37.39702722166914
RBM12B	SRR10104254	66.39806021796456
RBM12B	SRR10104255	144.3742373430256
RBM12B	SRR10104256	78.24383892504446
RBM12B	SRR10104257	74.74484317065789
RBM12B	SRR10104258	128.86476864970288
RBM12B	SRR10224277	78.89157151422707
RBM12B	SRR10224278	18.602841923127606
RBM12B	SRR10224279	14.181020066095359
RBM12B	SRR10224280	350.8324785532814
RBM12B	SRR10224281	3.0485434646414373
RBM12B	SRR10224282	47.28078417540498
RBM12B	SRR10224283	1.04241966767901
RBM12B	SRR10224284	27.783514260919585
RBM12B	SRR10224285	2.2605200250967026
RBM12B	SRR10224286	121.00578450821666
RBM12B	SRR10224287	54.81294323798059
RBM12B	SRR10224288	6.589501641635785
RBM12B	SRR10224289	1.095574558517596
RBM12B	SRR10224290	9.88194509111476
RBM12B	SRR10224291	172.2202303676094
RBM12B	SRR10224292	78.92815455174264
RBM12B	SRR10224293	35.04806588769853
RBM12B	SRR10224294	193.67795836654057
RBM12B	SRR10224295	6.522823185745954
RBM12B	SRR10224296	51.70020731351962
RBM12B	SRR10224297	1.1298237190995832
RBM12B	SRR10224298	95.06055887380919
RBM12B	SRR10318388	148.11198208781187
RBM12B	SRR10318389	170.81734690917955
RBM12B	SRR10318390	145.8070937027626
RBM12B	SRR10318391	137.65760601076894
RBM12B	SRR10318392	114.60078196369976
RBM12B	SRR10318393	190.55350287310972
RBM12B	SRR10318394	85.14254404513692
RBM12B	SRR10318395	169.7693165859847
RBM12B	SRR10318396	134.0977409959456
RBM12B	SRR10318397	94.56998746579752
RBM12B	SRR10318398	101.36267753202354
RBM12B	SRR10318399	26.255754677716656
RBM12B	SRR10318400	77.14227598400815
RBM12B	SRR10318401	151.55816903915002
RBM12B	SRR10318402	152.6551298325523
RBM12B	SRR10318403	116.57550165218177
RBM12B	SRR10318404	260.46379304409464
RBM12B	SRR10318405	214.53965384651983
RBM12B	SRR10318406	163.76197866324037
RBM12B	SRR10318407	106.04962207850382
RBM12B	SRR10318408	225.69606255795614
RBM12B	SRR10318409	182.5784455303282
RBM12B	SRR10318410	168.694284352071
RBM12B	SRR10318411	164.60622332728875
RBM12B	SRR10318412	135.6685361421795
RBM12B	SRR10318413	191.75316975037242
RBM12B	SRR10318414	83.50186366281184
RBM12B	SRR10318415	122.80573306132302
RBM12B	SRR10318416	74.74944624730425
RBM12B	SRR10318417	111.81342676002295
RBM12B	SRR10318418	247.9459016340488
RBM12B	SRR10318419	148.6045994096844
RBM12B	SRR10318420	258.47245587131914
RBM12B	SRR10318421	124.60207840453691
RBM12B	SRR10318422	201.43438279178991
RBM12B	SRR10318423	273.4377873470505
RBM12B	SRR10318424	211.45011631874152
RBM12B	SRR10318425	98.64991343575389
RBM12B	SRR10318426	9.860171026658364
RBM12B	SRR10318427	9.974271599043396
RBM12B	SRR10318428	248.34622355378704
RBM12B	SRR10318429	181.73080914551835
RBM12B	SRR10318430	99.87625036258316
RBM12B	SRR10318431	203.06280389385554
RBM12B	SRR10318432	195.35111692597238
RBM12B	SRR10318433	1.275527749073799
RBM12B	SRR10318434	132.4182432650438
RBM12B	SRR10318435	115.69817786957944
RBM12B	SRR10318436	230.65280758900633
RBM12B	SRR10318437	337.2425898416795
RBM12B	SRR10318438	245.31621849543623
RBM12B	SRR10318439	234.96703891895606
RBM12B	SRR10318440	93.47348492974248
RBM12B	SRR10318441	177.49695199562495
RBM12B	SRR10318442	74.09500270573773
RBM12B	SRR10318443	227.5276892356386
RBM12B	SRR10318444	134.16941428640743
RBM12B	SRR10318445	106.30470424755381
RBM12B	SRR10318446	233.93436832735077
RBM12B	SRR10318447	132.40711414036286
RBM12B	SRR10318448	133.95460245478148
RBM12B	SRR10318449	231.48557418780447
RBM12B	SRR10318450	150.80968979808046
RBM12B	SRR10318451	252
RBM12B	SRR10318452	194.22498231372026
RBM12B	SRR10318453	79.57000694767329
RBM12B	SRR10318454	161.77184006560162
RBM12B	SRR10318455	214.31046666082682
RBM12B	SRR10318456	186.23808309793245
RBM12B	SRR10318457	164.27076613784726
RBM12B	SRR10318458	123.59341351301286
RBM12B	SRR10318459	119.79387407288499
RBM12B	SRR10318460	163.65924983778072
RBM12B	SRR10318461	182.6535377309731
RBM12B	SRR10318462	128.87233903740434
RBM12B	SRR10318463	220.70381873919555
RBM12B	SRR10318464	152.97087284082036
RBM12B	SRR10318465	216.21712941182938
RBM12B	SRR10318466	178.69432759156666
RBM12B	SRR10318467	166.85711226009897
RBM12B	SRR10318468	155.52869445867773
RBM12B	SRR10318469	121.45213348327337
RBM12B	SRR10318470	327
RBM12B	SRR10318471	171
RBM12B	SRR10318472	171.76847279634288
RBM12B	SRR10318473	184.72717162428023
RBM12B	SRR10318474	131.56102088092777
RBM12B	SRR10318475	158.648108086456
RBM12B	SRR10318476	196.72717173601188
RBM12B	SRR10318495	228.27025383653964
RBM12B	SRR10318496	73.6525556055828
RBM12B	SRR10318497	125.72166742565592
RBM12B	SRR10318498	365.34475626523374
RBM12B	SRR10318499	163.19819654481287
RBM12B	SRR10318500	150.87434695574913
RBM12B	SRR10318501	164.80860212668486
RBM12B	SRR10318502	246.1328005923612
RBM12B	SRR10318503	182.34689714395205
RBM12B	SRR10318504	175.1869759154225
RBM12B	SRR10318505	258.18572159986144
RBM12B	SRR10318506	147.77245285649238
RBM12B	SRR10318507	92.11755394148021
RBM12B	SRR10318508	17.530633320010025
RBM12B	SRR10318509	94.66313335997906
RBM12B	SRR10318510	91.73940353621542
RBM12B	SRR10318511	157.1978324929472
RBM12B	SRR10318512	118.91473390303346
RBM12B	SRR10318513	253.85505547158726
RBM12B	SRR10318514	279.29366932523817
RBM12B	SRR10318515	115.38909183351969
RBM12B	SRR10318516	170.02186697608676
RBM12B	SRR10318517	245.6620181445124
RBM12B	SRR10318518	157.14516028280994
RBM12B	SRR10318519	150.72371308049185
RBM12B	SRR10318520	270.54309636048475
RBM12B	SRR10318521	239.87839082758282
RBM12B	SRR10318522	265.36995661997406
RBM12B	SRR10318523	281.64551711471626
RBM12B	SRR10318524	148.1661937993532
RBM12B	SRR10318525	119.75368016654105
RBM12B	SRR10318526	209.3798805155831
RBM12B	SRR10318527	240.08636659949232
RBM12B	SRR10318528	280.7223464944345
RBM12B	SRR10318529	223.50544622491213
RBM12B	SRR10318530	174.19300940309347
RBM12B	SRR10318531	137.23261780077272
RBM12B	SRR10318532	102.86742028028432
RBM12B	SRR10318533	72.67938387709395
RBM12B	SRR10318534	92.62706297708579
RBM12B	SRR10318535	164.56002483939523
RBM12B	SRR10318536	228.94533976216255
RBM12B	SRR10318537	76.84225879171522
RBM12B	SRR10318538	217.4136081331736
RBM12B	SRR10318539	116.87033698558935
RBM12B	SRR10318540	241.33153875285123
RBM12B	SRR10318541	126.9324170637319
RBM12B	SRR10318542	101.83796543404748
RBM12B	SRR10318543	159.61657888569854
RBM12B	SRR10318544	180.45317688303172
RBM12B	SRR10318545	90.80118053152322
RBM12B	SRR10318546	185.2664407943876
RBM12B	SRR10318547	209.85089246513877
RBM12B	SRR10318548	188.9269341452241
RBM12B	SRR10318549	155.10532915816805
RBM12B	SRR10318568	229.73504532166592
RBM12B	SRR10318569	249.2240738312867
RBM12B	SRR10318570	78.85749884112195
RBM12B	SRR10318571	317.2852666848107
RBM12B	SRR10318572	183.88292995820004
RBM12B	SRR10318573	228.3523993598276
RBM12B	SRR10318574	188.46755669183653
RBM12B	SRR10318575	207.99872405107874
RBM12B	SRR10318576	175.7673844031013
RBM12B	SRR10318577	210.62972370984153
RBM12B	SRR10318578	282.25377036314393
RBM12B	SRR10318579	233.738262732994
RBM12B	SRR10318580	304.43782703510175
RBM12B	SRR10318581	299
RBM12B	SRR10875803	895.2530132970527
RBM12B	SRR10875804	776.7061164028767
RBM12B	SRR10875805	726.8550101006031
RBM12B	SRR10875806	1633.5706947066756
RBM12B	SRR10875807	892.5980937663669
RBM12B	SRR10875808	982.7423220826413
RBM12B	SRR10875809	706.4680976062311
RBM12B	SRR10875810	608.614220811958
RBM12B	SRR10875812	628
RBM12B	SRR10875813	825.6746652227563
RBM12B	SRR10875814	819.3221447442738
RBM12B	SRR10875815	1050
RBM12B	SRR10875816	877
RBM12B	SRR10875817	921.82297009282
RBM12B	SRR10875818	697.0310582667198
RBM12B	SRR10875819	810
RBM12B	SRR10875820	890.6871464941498
RBM12B	SRR10875821	901.6862023236695
RBM12B	SRR10875822	873.2707106285048
RBM12B	SRR10875823	908
RBM12B	SRR10875824	1201.8131578555083
RBM12B	SRR10875825	458.83870073280684
RBM12B	SRR10875826	973.7763874789757
RBM12B	SRR10875827	567.6306433770558
RBM12B	SRR10875829	539.3397773593092
RBM12B	SRR10875830	884
RBM12B	SRR10875831	431.5631021287291
RBM12B	SRR10875832	676
RBM12B	SRR10875834	824.8144549721623
RBM12B	SRR10875835	535
RBM12B	SRR10875836	649.5251180271991
RBM12B	SRR10875837	309.59237361063373
RBM12B	SRR10875838	814
RBM12B	SRR10875839	417.4471898496536
RBM12B	SRR10875840	857.9201837753172
RBM12B	SRR10875841	563.1732165951912
RBM12B	SRR10875842	979.4349004577023
RBM12B	SRR10875843	239.00532080423744
RBM12B	SRR10875844	347.2431643420438
RBM12B	SRR10875845	498.4098649895539
RBM12B	SRR10875846	264.156747864815
RBM12B	SRR10875847	374.4334909388008
RBM12B	SRR10875848	1248
RBM12B	SRR10875849	925.2098755569468
RBM12B	SRR10875850	959.1725377475709
RBM12B	SRR10875851	1181.5636644022743
RBM12B	SRR10875852	1079.758490413463
RBM12B	SRR10875853	817.8495251996785
RBM12B	SRR10875854	885.9776047946034
RBM12B	SRR10875855	892.8056330572552
RBM12B	SRR10875856	979.398791212055
RBM12B	SRR10875857	1017.3662342529022
RBM12B	SRR10875858	1039.0692159410776
RBM12B	SRR10875859	873
RBM12B	SRR10875860	736.9980905023084
RBM12B	SRR10875861	666.1236659588421
RBM12B	SRR10875862	757.3775243061555
RBM12B	SRR10875863	375.0414298427551
RBM12B	SRR10875864	583
RBM12B	SRR10875865	702.6633691205639
RBM12B	SRR10875866	1023.8118040358232
RBM12B	SRR10875867	828.0332176093764
RBM12B	SRR10875868	1054.9946380336796
RBM12B	SRR10875869	444
RBM12B	SRR10875870	908.9903897568703
RBM12B	SRR10875871	467.0840199458974
RBM12B	SRR10875872	638.6390587204293
RBM12B	SRR10875873	1041.2526193742021
RBM12B	SRR10875874	565.2947888407604
RBM12B	SRR10875875	997.9050213629824
RBM12B	SRR10875876	1020
RBM12B	SRR10875877	803.6034571724891
RBM12B	SRR10875878	459.62880193042787
RBM12B	SRR10875879	940
RBM12B	SRR10875880	461.8650412777963
RBM12B	SRR10875881	585.3372680921688
RBM12B	SRR10875882	445
RBM12B	SRR10875883	345.2275779129217
RBM12B	SRR10875884	820.6785904918951
RBM12B	SRR10875885	382.7281027966466
RBM12B	SRR10875886	221.66419087971843
RBM12B	SRR10875887	618
RBM12B	SRR10875888	211.82298886398155
RBM12B	SRR10875889	517.1695526997967
RBM12B	SRR10875890	446.0086258748247
RBM12B	SRR10875891	399
RBM12B	SRR10875892	881.2566354900443
RBM12B	SRR10875893	625
RBM12B	SRR10875894	345.0445092459507
RBM12B	SRR10875895	415
RBM12B	SRR10875896	368.6907136589917
RBM12B	SRR10875897	369.96325878647156
RBM12B	SRR10875898	653.780259616443
RBM12B	SRR10875899	823.0167215331692
RBM12B	SRR10875900	464.7666642249281
RBM12B	SRR10875901	384.84962457539865
RBM12B	SRR10875902	330.5278773543194
RBM12B	SRR12430469	293
RBM12B	SRR12430470	289.76923986833884
RBM12B	SRR12430471	316.32389248691464
RBM12B	SRR12430472	463.6892389716637
RBM12B	SRR12430473	318
RBM12B	SRR12430474	441.27885530704015
RBM12B	SRR12430475	408.6302450548228
RBM12B	SRR12430476	277
RBM12B	SRR12765534	491
RBM12B	SRR12765535	189.50234337214252
RBM12B	SRR12765536	279.2868899536072
RBM12B	SRR12765537	169.716275914105
RBM12B	SRR12765538	95.15531075161962
RBM12B	SRR12765539	100.04704271599894
RBM12B	SRR12765540	265.8300560501921
RBM12B	SRR12765541	109.04799434329375
RBM12B	SRR12765542	396
RBM12B	SRR12765543	113.83857124862259
RBM12B	SRR12765544	102.17210534331377
RBM12B	SRR12765545	85.8047094613783
RBM12B	SRR12765546	93.7534787764743
RBM12B	SRR12765547	151.21586967512962
RBM12B	SRR12765548	59.186655263091794
RBM12B	SRR12765549	244.86465878509003
RBM12B	SRR12765550	48.88551892843635
RBM12B	SRR12765551	179.4517519384904
RBM12B	SRR12765552	103.11695804492156
RBM12B	SRR12765553	67.91119018511414
RBM12B	SRR12765554	119.70474508496646
RBM12B	SRR12765555	237.84179201830568
RBM12B	SRR12765556	174.66587795632293
RBM12B	SRR12765557	278.9064769527109
RBM12B	SRR12765558	62.04821727701304
RBM12B	SRR12765559	230.43838650059877
RBM12B	SRR12765560	122.31777447366663
RBM12B	SRR12765561	229.64996929514106
RBM12B	SRR12765562	134.07774862221615
RBM12B	SRR12765563	246.79126756951217
RBM12B	SRR12765564	225.47630673821394
RBM12B	SRR12765565	285.21167413793506
RBM12B	SRR12765566	175.25423569520382
RBM12B	SRR12765567	201.64473050859087
RBM12B	SRR12765568	216.22692153089847
RBM12B	SRR12765569	259.9575666662526
RBM12B	SRR12765570	192.370895254611
RBM12B	SRR12765571	220.43914923734053
RBM12B	SRR12765572	159.04729739683475
RBM12B	SRR12765573	83.80126682210344
RBM12B	SRR12765574	235.62854716299842
RBM12B	SRR12765575	66.57450303034062
RBM12B	SRR12765576	111.71874984055225
RBM12B	SRR12765577	91.00251962336361
RBM12B	SRR12765578	172.58144929594658
RBM12B	SRR12765579	110.94047333419368
RBM12B	SRR12765580	171.94197127968798
RBM12B	SRR12765581	112.80530908651767
RBM12B	SRR12765582	289.29051111119765
RBM12B	SRR12765583	74.65820257802993
RBM12B	SRR12765584	136.69130201199155
RBM12B	SRR12765585	119.31662597369011
RBM12B	SRR12765586	264.39677311027083
RBM12B	SRR12765587	180.1062835693293
RBM12B	SRR12765588	236.64412793920698
RBM12B	SRR12765589	113.03966249812017
RBM12B	SRR12765590	141.03076651715236
RBM12B	SRR12765591	131.6010842440746
RBM12B	SRR12765592	140.2820734923417
RBM12B	SRR12765593	201.68658911428557
RBM12B	SRR12765594	123.81628577662156
RBM12B	SRR12765595	160.91089716650333
RBM12B	SRR12765596	192.85695108030762
RBM12B	SRR12765597	217.74604902556536
RBM12B	SRR12765598	156.12090990469886
RBM12B	SRR12765599	227.70224978069353
RBM12B	SRR12765600	102.22316705344271
RBM12B	SRR12765601	127.77027994077922
RBM12B	SRR12765602	208.79520675473435
RBM12B	SRR12765603	147.46484238782227
RBM12B	SRR12765604	163.32240886593274
RBM12B	SRR12765605	115.8988101466589
RBM12B	SRR12765606	134.7693732747061
RBM12B	SRR12765607	120.04526599025692
RBM12B	SRR12765608	150.3233962428978
RBM12B	SRR12765609	197.95588955401934
RBM12B	SRR12765610	204.77908769524876
RBM12B	SRR12765611	187.03452714124265
RBM12B	SRR12765612	281.27726226487545
RBM12B	SRR12765613	157.94776126042484
RBM12B	SRR12765614	198.9255937136294
RBM12B	SRR12765615	154.40503103162712
RBM12B	SRR12765616	216.3293844220821
RBM12B	SRR12765617	176.48846278701245
RBM12B	SRR12765618	103.38078081636253
RBM12B	SRR12765619	141.0206676268133
RBM12B	SRR12765620	147.1944362631016
RBM12B	SRR12765621	311.8158007244993
RBM12B	SRR12765622	95.04837773438982
RBM12B	SRR12765623	411
RBM12B	SRR12765624	262.0386425053597
RBM12B	SRR12765625	163.35393999740765
RBM12B	SRR12765626	276.36433581336195
RBM12B	SRR12765627	215.11606555836448
RBM12B	SRR12765628	37.49905763697619
RBM12B	SRR12765629	77.43627124242657
RBM12B	SRR12765630	224.38657999202212
RBM12B	SRR12765631	209.26051288821162
RBM12B	SRR12765632	227.48825097301201
RBM12B	SRR12765633	114.19109142695763
RBM12B	SRR12765634	207.12592407658178
RBM12B	SRR12765635	50.1374963980678
RBM12B	SRR12765636	175.11401403902696
RBM12B	SRR12765637	34.177303729260124
RBM12B	SRR12765638	415
RBM12B	SRR12765639	62.90554081249523
RBM12B	SRR12765640	240.21425793071387
RBM12B	SRR12765641	105.98746029095659
RBM12B	SRR12765642	260.6361932251345
RBM12B	SRR12765643	197.763155834761
RBM12B	SRR12765644	245.87896958649122
RBM12B	SRR12765645	130.682060275697
RBM12B	SRR12765646	169.1472824126785
RBM12B	SRR12765647	100.87110554058877
RBM12B	SRR12765648	171.01224102822067
RBM12B	SRR12765649	71.36862125430059
RBM12B	SRR12765650	119.15099363220307
RBM12B	SRR12765651	144.98751059620653
RBM12B	SRR12765652	158.6930485747916
RBM12B	SRR12774664	186.98868616485876
RBM12B	SRR12774665	124.6674696449896
RBM12B	SRR12774666	249.6408313926901
RBM12B	SRR12774667	156.327400134543
RBM12B	SRR12774668	66.3651560158036
RBM12B	SRR12774669	185.38931514653962
RBM12B	SRR12774670	40.91540777703122
RBM12B	SRR12774671	61.859467834866614
RBM12B	SRR12774672	219.3502579450601
RBM12B	SRR12774673	142.00985278931358
RBM12B	SRR12774674	55.31983044723698
RBM12B	SRR12774675	61.04447346225374
RBM12B	SRR12774676	266.73701401976956
RBM12B	SRR12774677	233.53544636095344
RBM12B	SRR12774678	50.106466042936155
RBM12B	SRR12774679	40.9365863324222
RBM12B	SRR12774680	103.45260774771953
RBM12B	SRR12774681	143.23966622970457
RBM12B	SRR12774682	111.17179830294909
RBM12B	SRR12774683	196.39356446328904
RBM12B	SRR12774684	181.95728994509534
RBM12B	SRR12774685	251.84736555496565
RBM12B	SRR12774686	109.96218005191818
RBM12B	SRR12774687	45.296258649567164
RBM12B	SRR1609360	31.488374365387767
RBM12B	SRR1609361	51.322115921146995
RBM12B	SRR1609362	18.164502232802235
RBM12B	SRR1609363	159.17455371932397
RBM12B	SRR1609364	142.23348303466776
RBM12B	SRR1609365	81.17071863811506
RBM12B	SRR1609366	200.14554203568062
RBM12B	SRR1609367	280.76517479405584
RBM12B	SRR1609368	147.83098653846966
RBM12B	SRR1609369	270.2429716242868
RBM12B	SRR1609370	397.828255310202
RBM12B	SRR1609371	51.52482003883252
RBM12B	SRR1609372	361.2978849506588
RBM12B	SRR1609373	145.0888207918335
RBM12B	SRR1609374	209.54909555981897
RBM12B	SRR1609375	138.91974424698483
RBM12B	SRR1609376	140.24436666460238
RBM12B	SRR1609377	223.1946023155893
RBM12B	SRR1609378	36.63982318324455
RBM12B	SRR1609379	243.44498750670755
RBM12B	SRR1609380	156.46436927877053
RBM12B	SRR1609381	349.25122805562654
RBM12B	SRR1609382	57.82963258786815
RBM12B	SRR1609383	28.294753936640266
RBM12B	SRR1609384	126.23488690175807
RBM12B	SRR1609385	131.98085665650737
RBM12B	SRR1609386	163.10132209154608
RBM12B	SRR1609387	153.15624867540714
RBM12B	SRR1609388	140.81217152939567
RBM12B	SRR1609389	257.65164942257115
RBM12B	SRR1609390	176.28997692498424
RBM12B	SRR1609391	37.25108995039354
RBM12B	SRR1609392	119.86382596215115
RBM12B	SRR1609393	35.535445201664075
RBM12B	SRR1609394	80.21592821729713
RBM12B	SRR1609395	211.1808635202148
RBM12B	SRR1609396	337.38348898159484
RBM12B	SRR1609397	108.59861518257225
RBM12B	SRR1609398	175.82582816661898
RBM12B	SRR1609399	368.41954544327234
RBM12B	SRR1609400	297.6590873992712
RBM12B	SRR1609401	155.66330469781053
RBM12B	SRR1609402	209.93924452886353
RBM12B	SRR1609403	189.61562540658528
RBM12B	SRR1609404	80.97724780822416
RBM12B	SRR1609405	205.39289550110738
RBM12B	SRR1609406	207.84825409288632
RBM12B	SRR1609407	215.52121574024798
RBM12B	SRR1609408	166.30015362991426
RBM12B	SRR1609409	161.04681324667945
RBM12B	SRR1609410	276
RBM12B	SRR1609411	77.95764908891239
RBM12B	SRR1609412	302
RBM12B	SRR1609413	344.4232114922626
RBM12B	SRR1609414	169.27902120302554
RBM12B	SRR1609415	311.0559533258546
RBM12B	SRR1609416	173.47042232069222
RBM12B	SRR1609417	111.75957027195352
RBM12B	SRR1609418	186.27045506406
RBM12B	SRR1609419	199.97635784193307
RBM12B	SRR1609420	134.64014578011225
RBM12B	SRR1609421	187.20774127605816
RBM12B	SRR1609422	50.85003728996732
RBM12B	SRR1609423	25.303520787231953
RBM12B	SRR1609424	35.61797838491943
RBM12B	SRR1609425	228.37643097212913
RBM12B	SRR1609426	237.12717832010924
RBM12B	SRR1609427	145.77181576138247
RBM12B	SRR1609428	190.6490867215347
RBM12B	SRR1609429	199.2568468595584
RBM12B	SRR1609430	155.64742312995887
RBM12B	SRR1609431	107.81155536847605
RBM12B	SRR1609432	219.33848885878174
RBM12B	SRR1609433	102.86611768839585
RBM12B	SRR1609434	73.10045610027662
RBM12B	SRR1609435	187.86268587446887
RBM12B	SRR1609436	226.73994257368528
RBM12B	SRR1609437	82.7951891213461
RBM12B	SRR1609438	37.17335070942546
RBM12B	SRR1609439	62.93271979376595
RBM12B	SRR1609440	288.74298496570407
RBM12B	SRR1609441	150.3399862499409
RBM12B	SRR1609442	105.77801263113642
RBM12B	SRR1609443	141.24819134877515
RBM12B	SRR1609444	203.1095874806883
RBM12B	SRR1609445	144.5082495317821
RBM12B	SRR1609446	103.16578448674413
RBM12B	SRR1609447	32.09260303490926
RBM12B	SRR1609448	190.67928517326013
RBM12B	SRR1609449	225.56361479559442
RBM12B	SRR1609450	188.39222165823168
RBM12B	SRR1609451	171.2236710946643
RBM12B	SRR1609452	13.904058589677438
RBM12B	SRR1609453	174.32047992074246
RBM12B	SRR1609454	113.83677462760328
RBM12B	SRR1609455	7.514066097666348
RBM12B	SRR1609456	151.73924677832298
RBM12B	SRR1609457	126.84364393280525
RBM12B	SRR1609458	21.095803375344016
RBM12B	SRR1609459	215.8415078764024
RBM12B	SRR1609460	139.3660580350674
RBM12B	SRR1609461	274.46827273180867
RBM12B	SRR1609462	198.74066710136725
RBM12B	SRR1609463	166.08972094359262
RBM12B	SRR1609464	89.01119061339551
RBM12B	SRR1609465	165.00123000420982
RBM12B	SRR1609466	26.91942625882909
RBM12B	SRR1609467	207.49158535335033
RBM12B	SRR1609468	238.4107412415235
RBM12B	SRR1609469	102.01835125156646
RBM12B	SRR1609470	199.9655940164967
RBM12B	SRR1609471	187.40098824360476
RBM12B	SRR1609472	25.009401912171892
RBM12B	SRR1609473	21.161950529969168
RBM12B	SRR1609474	251.65071864447535
RBM12B	SRR1609475	51.1089558510653
RBM12B	SRR1609476	338.11750329235474
RBM12B	SRR1609477	112.6416469411672
RBM12B	SRR1609478	35.81478923821997
RBM12B	SRR1609479	109.14994720815135
RBM12B	SRR1609480	146
RBM12B	SRR1609481	64.67979631977214
RBM12B	SRR1609482	158.58618946066264
RBM12B	SRR1609483	128.59050156113378
RBM12B	SRR1609484	84.67789517025818
RBM12B	SRR1609485	168.15118234400066
RBM12B	SRR1609486	138.45182334145386
RBM12B	SRR1609487	184.73531739653646
RBM12B	SRR1609488	311.4479085786732
RBM12B	SRR1609489	224.49708948631903
RBM12B	SRR1609490	116.93706540917741
RBM12B	SRR1609491	175.6278354189223
RBM12B	SRR1609492	387
RBM12B	SRR1609493	143.65336639062642
RBM12B	SRR1609494	140.83733051563127
RBM12B	SRR1609495	201.4555815749208
RBM12B	SRR1609496	238.21417498733425
RBM12B	SRR1609497	214.19257750961987
RBM12B	SRR1609498	349.1255914300951
RBM12B	SRR1609499	211.44666987450285
RBM12B	SRR1609500	220.37967677787887
RBM12B	SRR1609501	181.23361448030187
RBM12B	SRR1609502	129.67981821034488
RBM12B	SRR1609503	3.773193675501377
RBM12B	SRR1609504	311
RBM12B	SRR1609505	345
RBM12B	SRR1609506	126.47962635103524
RBM12B	SRR1609507	190.16538062101344
RBM12B	SRR1609508	257.13873883023103
RBM12B	SRR1609509	177.1303071579636
RBM12B	SRR1609510	107.60971239790437
RBM12B	SRR1609511	54.988511406004825
RBM12B	SRR1609512	202.68553667568486
RBM12B	SRR1609513	264.86077514340775
RBM12B	SRR1609514	49.34084527414948
RBM12B	SRR1609515	145.2872214817121
RBM12B	SRR1609516	175.7357670377078
RBM12B	SRR1609517	105.37163590544729
RBM12B	SRR1609518	232.37593137491973
RBM12B	SRR1609519	164.28303177987334
RBM12B	SRR1609520	25.904909672192435
RBM12B	SRR1609521	260.43638494043705
RBM12B	SRR1609522	113.71640831749835
RBM12B	SRR1609523	194.9300433088616
RBM12B	SRR1609524	234.90407074155559
RBM12B	SRR1609525	194.07077908041788
RBM12B	SRR1609526	167.39270506055192
RBM12B	SRR1609527	407
RBM12B	SRR1609528	104.9258086142046
RBM12B	SRR1609529	93.38072091417743
RBM12B	SRR1609530	185.90518639757212
RBM12B	SRR1609531	148.56865636670602
RBM12B	SRR1609532	139.0187293591836
RBM12B	SRR1609533	100.76564193658993
RBM12B	SRR1609534	263.34665200619884
RBM12B	SRR1609535	66.86719607279115
RBM12B	SRR1609536	136.51004220091806
RBM12B	SRR1609537	230.8917244863308
RBM12B	SRR1609538	268
RBM12B	SRR1609539	160.9985860249813
RBM12B	SRR1609540	221
RBM12B	SRR1609541	33.01796033991343
RBM12B	SRR1609542	174.4127371665915
RBM12B	SRR1609543	150.3129428124189
RBM12B	SRR1609544	223.31809809356184
RBM12B	SRR1609545	124.68638433749986
RBM12B	SRR1609546	255
RBM12B	SRR1609547	153.79821310679506
RBM12B	SRR1609548	83.51586456401857
RBM12B	SRR1609549	178.92208217013743
RBM12B	SRR1609550	336
RBM12B	SRR1609551	111.29178800080308
RBM12B	SRR1609552	151.6899183565356
RBM12B	SRR1609553	160.42526423038518
RBM12B	SRR1609554	169.54798036552125
RBM12B	SRR1609555	192.6835561299142
RBM12B	SRR1609556	110.44110616478116
RBM12B	SRR1609557	160.00874746419237
RBM12B	SRR1609558	161.69886334022655
RBM12B	SRR1609559	69.87639760348266
RBM12B	SRR1609560	132.97947402385358
RBM12B	SRR1609561	188.4907659941915
RBM12B	SRR1609562	214.21511895431243
RBM12B	SRR1609563	248.10586040376097
RBM12B	SRR1609564	221.2116877088702
RBM12B	SRR1609565	104.60077400328106
RBM12B	SRR1609566	209.70635017218078
RBM12B	SRR1609567	11.330010649867214
RBM12B	SRR1609568	295
RBM12B	SRR1609569	260
RBM12B	SRR1609570	143.55310403014025
RBM12B	SRR1609571	54.301237168118206
RBM12B	SRR1609572	90.20447956649528
RBM12B	SRR1609573	93.85611343481558
RBM12B	SRR1609574	142.74472854615095
RBM12B	SRR1609575	32.210995790925196
RBM12B	SRR1609576	194.78123450937994
RBM12B	SRR1609577	160.67761299879783
RBM12B	SRR1609578	194.3460609636706
RBM12B	SRR1609579	152.03118835901458
RBM12B	SRR1609580	140.08094540128715
RBM12B	SRR1609581	99.00624789814057
RBM12B	SRR1609582	158.32611397252688
RBM12B	SRR1609583	50.77602224851217
RBM12B	SRR1609584	214.44287308792505
RBM12B	SRR1609585	265.2384721497629
RBM12B	SRR1609586	106.78386279194297
RBM12B	SRR1609587	86.04115141509575
RBM12B	SRR1609588	117.62684675727235
RBM12B	SRR1609589	205.54486979518103
RBM12B	SRR1609590	198.07125244458115
RBM12B	SRR1609591	235.76940931334534
RBM12B	SRR1609592	115.79685188453844
RBM12B	SRR1609593	201.11789428119616
RBM12B	SRR1609594	44.1028713943268
RBM12B	SRR1609595	104.55734321998445
RBM12B	SRR1609596	204.53595930240704
RBM12B	SRR1609597	194.82160576104238
RBM12B	SRR1609598	39.06220719129076
RBM12B	SRR1609599	65.3776794436107
RBM12B	SRR1609600	108.28504189907544
RBM12B	SRR1609601	63.759161981908015
RBM12B	SRR1609602	17.45092837066704
RBM12B	SRR1609603	277
RBM12B	SRR1609604	100.71022645360524
RBM12B	SRR1609605	103.79845416959701
RBM12B	SRR1609606	120.9444791245169
RBM12B	SRR1609607	155.78538227257667
RBM12B	SRR1609608	104.10727971705235
RBM12B	SRR1609609	110.55309549051688
RBM12B	SRR1609610	199
RBM12B	SRR1609611	78.33958429896765
RBM12B	SRR1609612	248.58067004259283
RBM12B	SRR1609613	164.14758276438158
RBM12B	SRR1609614	118.39053528675238
RBM12B	SRR1609615	171.54705911092017
RBM12B	SRR1609616	409
RBM12B	SRR1609617	332
RBM12B	SRR1609618	155.50062574688707
RBM12B	SRR1609619	163.59699826897204
RBM12B	SRR1609620	82.03985501131989
RBM12B	SRR1609621	71.62210530796385
RBM12B	SRR1609622	27.03273887026574
RBM12B	SRR1609623	99.90266062054489
RBM12B	SRR1609624	34.54274997680453
RBM12B	SRR1609625	185.29977286362134
RBM12B	SRR1609626	100.79578989702365
RBM12B	SRR1609627	169.94282013773196
RBM12B	SRR1609628	241.46268955555303
RBM12B	SRR1609629	135.21152600769497
RBM12B	SRR1609630	195.55346730372275
RBM12B	SRR1609631	282
RBM12B	SRR1609632	302
RBM12B	SRR1609633	219.80281063741774
RBM12B	SRR1609634	179.49557719593116
RBM12B	SRR1609635	47.163608359069066
RBM12B	SRR1609636	51.701586307028315
RBM12B	SRR1609637	298.22951627607114
RBM12B	SRR1609638	111.72446035427039
RBM12B	SRR1609639	230.27998895196959
RBM12B	SRR1609640	233.04192001583317
RBM12B	SRR1609641	240.06844135550244
RBM12B	SRR1609642	317
RBM12B	SRR1609643	108.31369086165921
RBM12B	SRR1609644	273.2948320938406
RBM12B	SRR1609645	204.65888807977393
RBM12B	SRR1609646	213.51108561476426
RBM12B	SRR1609647	89.87425014845647
RBM12B	SRR1609648	162.59226731636744
RBM12B	SRR1609649	144.19362540134878
RBM12B	SRR1609650	141.05322412033723
RBM12B	SRR1609651	217.7496450468751
RBM12B	SRR1609652	188.6776349831502
RBM12B	SRR1609653	96.70476448830534
RBM12B	SRR1609654	80.7412930806475
RBM12B	SRR1609655	219.49984254219254
RBM12B	SRR1609656	107.5541432297762
RBM12B	SRR1609657	107.40668506168404
RBM12B	SRR1609658	125.50462944587319
RBM12B	SRR1609659	136.0890356131905
RBM12B	SRR1609660	160.6318052550959
RBM12B	SRR1609661	212.31479613269477
RBM12B	SRR1609662	228.07121710755717
RBM12B	SRR1609663	192.51235670707203
RBM12B	SRR1609664	170.24311580710147
RBM12B	SRR1609665	229
RBM12B	SRR1609666	93.55415803016142
RBM12B	SRR1609667	274.8187278258311
RBM12B	SRR1609668	23.653865016949922
RBM12B	SRR1609669	116.2524674644048
RBM12B	SRR1746771	540.5625583384426
RBM12B	SRR1746772	654.9517900589045
RBM12B	SRR1746773	995.30428150342
RBM12B	SRR1746774	618.1042646130618
RBM12B	SRR1746775	594.7209426944578
RBM12B	SRR1746776	381.12754948087417
RBM12B	SRR1746777	545.3630807010763
RBM12B	SRR1746778	586.001258980588
RBM12B	SRR1746779	485.2977824144862
RBM12B	SRR1746780	625.3940868573083
RBM12B	SRR1746781	392.9916870372785
RBM12B	SRR1746782	211.96405810085437
RBM12B	SRR1746783	674
RBM12B	SRR1746784	770
RBM12B	SRR1782685	120.94804565362146
RBM12B	SRR1782686	113.72155425302037
RBM12B	SRR1782687	86.05788287781982
RBM12B	SRR1782688	234.91397703227034
RBM12B	SRR1782689	143.57027729262597
RBM12B	SRR1782690	104.13671611025799
RBM12B	SRR1782691	260.4681559012965
RBM12B	SRR1782692	179.49458285270245
RBM12B	SRR1782693	141.28178589827007
RBM12B	SRR1782694	140.24728028268333
RBM12B	SRR1782695	349.25122805562654
RBM12B	SRR1782696	217.73934151326733
RBM12B	SRR1782697	190.68108496280618
RBM12B	SRR1782698	397.840416778093
RBM12B	SRR1782699	104.54777440169794
RBM12B	SRR1782700	103.79928315048369
RBM12B	SRR1782701	190.2054084130009
RBM12B	SRR1782702	178.91849774435602
RBM12B	SRR1782703	368.44920330387623
RBM12B	SRR1782704	156.46395747783455
RBM12B	SRR1782705	54.305279848537715
RBM12B	SRR1782706	251.64753203608234
RBM12B	SRR1782707	198.77193450594908
RBM12B	SRR1782708	77.98135900240543
RBM12B	SRR1782709	69.30898878364032
RBM12B	SRR1782710	302
RBM12B	SRR1782711	89.02506288085314
RBM12B	SRR1782712	80.97017658942487
RBM12B	SRR1782713	51.109539007225024
RBM12B	SRR1782714	25.0085071497526
RBM12B	SRR1782715	257.64377334430117
RBM12B	SRR1782716	73.09171840852318
RBM12B	SRR1782717	361.2978849506588
RBM12B	SRR1782718	81.17515799582927
RBM12B	SRR1782719	131.97124143568107
RBM12B	SRR1782720	36.64002999295563
RBM12B	SRR1782721	26.922224423826975
RBM12B	SRR1782722	270.2429716242868
RBM12B	SRR1782723	297.67317277488297
RBM12B	SRR1782724	103.18055615390765
RBM12B	SRR1782725	18.17468762669216
RBM12B	SRR1782726	153.16759418245255
RBM12B	SRR1782727	387
RBM12B	SRR1782728	51.53392606605363
RBM12B	SRR1782729	341.78636403882473
RBM12B	SRR1782730	263.37877799418345
RBM12B	SRR1782731	110.52034116080141
RBM12B	SRR1782732	35.63155564313594
RBM12B	SRR1782733	139.36986906037356
RBM12B	SRR1782734	177.11635107957943
RBM12B	SRR1782735	187.8793093413683
RBM12B	SRR1782736	83.53503145311457
RBM12B	SRR1782737	185.31050466915715
RBM12B	SRR1782738	31.49701482955299
RBM12B	SRR1782739	28.29460895256949
RBM12B	SRR1782740	118.40946323182003
RBM12B	SRR1782741	25.312322406646835
RBM12B	SRR1782742	336
RBM12B	SRR1782743	188.3839146373864
RBM12B	SRR1782744	218.0979405715084
RBM12B	SRR1782745	165.01186068950517
RBM12B	SRR1782746	93.86797453796761
RBM12B	SRR1782747	107.81536457707352
RBM12B	SRR1782748	108.60820434590622
RBM12B	SRR1782749	140.81760073063174
RBM12B	SRR1782750	199.28037243666515
RBM12B	SRR1782751	119.87566734058298
RBM12B	SRR1782752	166.1318736636236
RBM12B	SRR1782753	265.2817487659226
RBM12B	SRR1782754	102.87394403188001
RBM12B	SRR1782755	195.5382365203945
RBM12B	SRR1782756	35.55169772505465
RBM12B	SRR1782757	219.32211268555355
RBM12B	SRR1782758	169.30430133584272
RBM12B	SRR1782759	161.72032006690517
RBM12B	SRR1782760	57.82920977304616
RBM12B	SRR1782761	5.619250881347688
RBM12B	SRR1782762	37.27239357765195
RBM12B	SRR1782763	147.81309156651838
RBM12B	SRR1782764	337.40976831657633
RBM12B	SRR1782765	189.62459811200154
RBM12B	SRR1782766	155.670805134622
RBM12B	SRR1782767	126.24205196534594
RBM12B	SRR1782768	138.9199986196911
RBM12B	SRR1782769	142.22959370473666
RBM12B	SRR1782770	175.82991752951622
RBM12B	SRR1782771	163.10633788703325
RBM12B	SRR1782772	223.21337449029687
RBM12B	SRR1782773	209.9228933018073
RBM12B	SRR1782774	209.5334502788354
RBM12B	SRR1782775	125.49760359683366
RBM12B	SRR1782776	76.14248213620728
RBM12B	SRR1782777	311.0559533258546
RBM12B	SRR1782778	241.44792737585013
RBM12B	SRR1782779	63.762601202730636
RBM12B	SRR1782780	129.6828183955768
RBM12B	SRR1782781	80.75800548919705
RBM12B	SRR1782782	167.42045650107187
RBM12B	SRR1782783	161.0296382152277
RBM12B	SRR1782784	204.69847787630303
RBM12B	SRR1782785	269.2905122096818
RBM12B	SRR1782786	47.168819491340315
RBM12B	SRR1782787	407
RBM12B	SRR1782788	188.71418859358718
RBM12B	SRR1782789	78.33801687259533
RBM12B	SRR1782790	201.13569066605513
RBM12B	SRR1782791	223.33565759937596
RBM12B	SRR1782792	100.6921615020607
RBM12B	SRR1782793	54.98831560090203
RBM12B	SRR1782794	152.0450868700557
RBM12B	SRR1782795	65.37300371696016
RBM12B	SRR1782796	25.921861273958577
RBM12B	SRR1782797	44.10528659317321
RBM12B	SRR1782798	63.2210074608388
RBM12B	SRR1782799	232.37593137491973
RBM12B	SRR1782800	194.349316326352
RBM12B	SRR1782801	200.11900876439404
RBM12B	SRR1782802	145.07491409194895
RBM12B	SRR1782803	241.8941244305044
RBM12B	SRR1782804	280.7706563209651
RBM12B	SRR1782805	243.4375457077502
RBM12B	SRR1782806	309.84023408724795
RBM12B	SRR1782807	64.21336718187379
RBM12B	SRR1782808	83.17298868711076
RBM12B	SRR1782809	83.12772378291056
RBM12B	SRR1782810	38.643490495325
RBM12B	SRR1782811	183.57676228054842
RBM12B	SRR1782812	94.19482427488242
RBM12B	SRR1782813	156.98538813862126
RBM12B	SRR1782814	104.35712998614854
RBM12B	SRR1782815	39.3123461122108
RBM12B	SRR1782816	203.1095874806883
RBM12B	SRR1782817	202.72535506404708
RBM12B	SRR1782818	117.63206811152361
RBM12B	SRR1782819	39.06653117188194
RBM12B	SRR1782820	50.76702867832544
RBM12B	SRR1782821	192.5246912873526
RBM12B	SRR1782822	84.67468758239643
RBM12B	SRR1782823	158.6125759514794
RBM12B	SRR1782824	112.64509035614383
RBM12B	SRR1782825	140.81882252384892
RBM12B	SRR1782826	111.77165938138687
RBM12B	SRR1782827	90.20736809973806
RBM12B	SRR1782828	254
RBM12B	SRR1782829	146
RBM12B	SRR1782830	27.026809485818625
RBM12B	SRR1782831	32.21758267654097
RBM12B	SRR1782832	37.18506381154926
RBM12B	SRR1782833	35.81664856080928
RBM12B	SRR1782834	102.01835125156646
RBM12B	SRR1782835	7.809310361377896
RBM12B	SRR1782836	406.29583391939724
RBM12B	SRR1782837	51.406673532841644
RBM12B	SRR1782838	107.42058631176769
RBM12B	SRR1782839	132.86576555350652
RBM12B	SRR1782840	71.60960500687958
RBM12B	SRR1782841	62.946633369798455
RBM12B	SRR1782842	312
RBM12B	SRR1782843	111.71293483124357
RBM12B	SRR1782844	240.06844135550244
RBM12B	SRR1782845	99.88095735914094
RBM12B	SRR1782846	169.94652584784814
RBM12B	SRR1782847	32.088560438293534
RBM12B	SRR1782848	34.550947892070475
RBM12B	SRR1782849	21.093290038313043
RBM12B	SRR1782850	7.514342504527285
RBM12B	SRR1782851	13.90409413316947
RBM12B	SRR1782852	17.700825434503273
RBM12B	SRR1782853	11.332210108844603
RBM12B	SRR1782854	209.68428317654968
RBM12B	SRR1782855	248.59821477414644
RBM12B	SRR1782856	153.81765801842923
RBM12B	SRR1782857	105.75866880718665
RBM12B	SRR1782858	221.23867359977575
RBM12B	SRR1782859	228.36944979949007
RBM12B	SRR1782860	150.3399862499409
RBM12B	SRR1782861	174.32560730235414
RBM12B	SRR1782862	134.63234842472536
RBM12B	SRR1782863	288.76547561469334
RBM12B	SRR1782864	176.29967014535504
RBM12B	SRR1782865	155.66380333239547
RBM12B	SRR1782866	144.5082495317821
RBM12B	SRR1782867	50.85272524540267
RBM12B	SRR1782868	163.5975257255666
RBM12B	SRR1782869	226.79387052950926
RBM12B	SRR1782870	225.56361479559442
RBM12B	SRR1782871	145.7802582691912
RBM12B	SRR1782872	173.48080130660014
RBM12B	SRR1782873	237.10246846403547
RBM12B	SRR1782874	187.2094528285439
RBM12B	SRR1782875	174.90242506375168
RBM12B	SRR1782876	160.63723362438193
RBM12B	SRR1782877	191.65396703124452
RBM12B	SRR1782878	100.80565454487206
RBM12B	SRR1782879	107.56948510803477
RBM12B	SRR1782880	175.74170582821526
RBM12B	SRR1782881	160.6683077470543
RBM12B	SRR1782882	162.57178072325488
RBM12B	SRR1782883	164.30032078641992
RBM12B	SRR1782884	292.2101965393781
RBM12B	SRR1782885	277
RBM12B	SRR1782886	194.07529278498382
RBM12B	SRR1782887	214.1991253003288
RBM12B	SRR1782888	155.50913032728323
RBM12B	SRR1782889	168.7320749752005
RBM12B	SRR1782890	212.32766958019056
RBM12B	SRR1782891	164.1180555906096
RBM12B	SRR1782892	220.40889635969722
RBM12B	SRR1782893	194.7607380549454
RBM12B	SRR1782894	136.5650706824595
RBM12B	SRR1782895	148.54908886188653
RBM12B	SRR1782896	224.4840882853778
RBM12B	SRR1782897	160.4492221429378
RBM12B	SRR1782898	174.39438404993146
RBM12B	SRR1782899	230.8723947833429
RBM12B	SRR1782900	238.2570331074508
RBM12B	SRR1782901	168.16887843142283
RBM12B	SRR1782902	199
RBM12B	SRR1782903	204.5206883104422
RBM12B	SRR1782904	317
RBM12B	SRR1782905	187.3958638224267
RBM12B	SRR1782906	160.02112976202395
RBM12B	SRR1782907	199.97665357781474
RBM12B	SRR1782908	199.6156286623701
RBM12B	SRR1782909	189.65291665372993
RBM12B	SRR1782910	295
RBM12B	SRR1782911	115.80967979219932
RBM12B	SRR1782912	338.49961768784686
RBM12B	SRR1782913	221
RBM12B	SRR1782914	188.52783601795193
RBM12B	SRR1782915	260
RBM12B	SRR1782916	105.13043582268708
RBM12B	SRR1782917	220.712648825953
RBM12B	SRR1782918	234.25271322329198
RBM12B	SRR1782919	219
RBM12B	SRR1782920	214.2311138024978
RBM12B	SRR1782921	211.44020622280257
RBM12B	SRR1782922	9.494889278989566
RBM12B	SRR1782923	205.15033515058263
RBM12B	SRR1782924	210.08394734669022
RBM12B	SRR1782925	133.47252915104758
RBM12B	SRR1782926	162.19690287841206
RBM12B	SRR1782927	232.67585613979716
RBM12B	SRR1782928	157.13839070087275
RBM12B	SRR1782929	147.28068039423403
RBM12B	SRR1782930	209.614585005427
RBM12B	SRR1782931	114.31153545186561
RBM12B	SRR1782932	217.8140489142245
RBM12B	SRR1782933	33.02739103631168
RBM12B	SRR1782934	182.07526413199156
RBM12B	SRR1782935	152.69192971047147
RBM12B	SRR1782936	93.36347474079143
RBM12B	SRR1782937	136.07515394729865
RBM12B	SRR1782938	3.7743001137018632
RBM12B	SRR1782939	194.9294719260501
RBM12B	SRR1782940	205.54775412373795
RBM12B	SRR1782941	140.1017031248811
RBM12B	SRR1782942	184.7409646893088
RBM12B	SRR1782943	151.7125717323398
RBM12B	SRR1782944	181.23857039209884
RBM12B	SRR1782945	142.7641149946562
RBM12B	SRR1782946	150.3241662625298
RBM12B	SRR1782947	214.45888494187923
RBM12B	SRR1782948	268
RBM12B	SRR1782949	213.53713209957348
RBM12B	SRR1782950	229
RBM12B	SRR1782951	264.88779483570096
RBM12B	SRR1782952	125.57702186369077
RBM12B	SRR1782953	145.27637409820358
RBM12B	SRR1782954	23.654747211197595
RBM12B	SRR1782955	51.71270615933531
RBM12B	SRR1782956	214.22494773831065
RBM12B	SRR1782957	116.25559487383629
RBM12B	SRR1782958	230.27050989334555
RBM12B	SRR1782959	21.17183079014178
RBM12B	SRR1782960	345
RBM12B	SRR1782961	306.1150711820498
RBM12B	SRR1782962	170.2563264466187
RBM12B	SRR1782963	219.5215139643663
RBM12B	SRR1782964	215.08982648097924
RBM12B	SRR1782965	274.8635675675971
RBM12B	SRR1782966	373
RBM12B	SRR1782967	192.7934678309383
RBM12B	SRR1782968	268.28943223864206
RBM12B	SRR1782969	108.33073846653238
RBM12B	SRR1782970	82.03900984374557
RBM12B	SRR1782971	93.57600099006495
RBM12B	SRR1782972	211.20314987442
RBM12B	SRR1782973	96.76063124222557
RBM12B	SRR1782974	381
RBM12B	SRR1782975	44.72566747182164
RBM12B	SRR1782976	151.49224252314852
RBM12B	SRR1782977	233.08384757367378
RBM12B	SRR1782978	76.27285742106001
RBM12B	SRR1782979	142.2035506982528
RBM12B	SRR1782980	238.4245490172866
RBM12B	SRR1782981	119.47550948052462
RBM12B	SRR1782982	167.9795519638554
RBM12B	SRR1782983	273.27442745106214
RBM12B	SRR1782984	198.07125244458115
RBM12B	SRR1782985	180.22929802199232
RBM12B	SRR1782986	277.84843662150723
RBM12B	SRR1782987	223.2878233652338
RBM12B	SRR1782988	302
RBM12B	SRR1782989	45.920160927292706
RBM12B	SRR1782990	86.18792929494896
RBM12B	SRR1782991	298.2496633626098
RBM12B	SRR1782992	180.44044146355463
RBM12B	SRR1782993	89.8875293219302
RBM12B	SRR1782994	311
RBM12B	SRR1782995	144.21426303373144
RBM12B	SRR1782996	282
RBM12B	SRR1782997	248.11680093739506
RBM12B	SRR1782998	219.81250311319695
RBM12B	SRR1782999	132.87156818253837
RBM12B	SRR1783000	249.98567969668878
RBM12B	SRR1783001	135.2515427654387
RBM12B	SRR1783002	57.094581942637774
RBM12B	SRR1783003	261
RBM12B	SRR1783004	228.05080582542746
RBM12B	SRR1783005	113.82468563262888
RBM12B	SRR1783006	87.06989215848279
RBM12B	SRR1813867	139.7934620472878
RBM12B	SRR1813868	174.42291679120652
RBM12B	SRR1813869	209.19134300416079
RBM12B	SRR1813870	522.6258452042443
RBM12B	SRR1813871	369.1498263003373
RBM12B	SRR1813872	406.06887586535237
RBM12B	SRR1813873	388.78874657514575
RBM12B	SRR1813874	141.52653149364377
RBM12B	SRR1813875	344
RBM12B	SRR1813876	369.9852460939151
RBM12B	SRR1813877	486.76823253589
RBM12B	SRR1813878	437.3145749579049
RBM12B	SRR1813879	426
RBM12B	SRR1813880	424
RBM12B	SRR1813881	160.33821149840657
RBM12B	SRR1813882	409.18277338883894
RBM12B	SRR1813883	346.30556290097934
RBM12B	SRR1813884	127.72721157276392
RBM12B	SRR1813885	238
RBM12B	SRR1813886	330.415826259061
RBM12B	SRR1813887	225.49058896183325
RBM12B	SRR1928188	639.1834663176384
RBM12B	SRR1928189	469.40057735004297
RBM12B	SRR1928190	374.24951265938694
RBM12B	SRR1928191	425.7347550291684
RBM12B	SRR1928192	593.5049322909216
RBM12B	SRR1928193	547.2010001408057
RBM12B	SRR2046996	796.7458670356118
RBM12B	SRR2046997	904.8352054372642
RBM12B	SRR2046998	717.0698926150557
RBM12B	SRR2046999	1038.8371537144005
RBM12B	SRR2047000	748.8179154739416
RBM12B	SRR2047001	633.8425115760724
RBM12B	SRR2047002	700.8296920986062
RBM12B	SRR2047003	554.7468565107885
RBM12B	SRR2047004	979.6063850493287
RBM12B	SRR2047005	1140.0888462499456
RBM12B	SRR2047006	667.8878201719195
RBM12B	SRR2047007	492.51898467738096
RBM12B	SRR2047008	688.4422192348724
RBM12B	SRR2047009	818.7672647549856
RBM12B	SRR2313973	161.0653557771403
RBM12B	SRR2313974	163.2352405758905
RBM12B	SRR2313975	202.08889017697368
RBM12B	SRR2313976	114.68519845373017
RBM12B	SRR2313977	154.3405479232906
RBM12B	SRR2313978	127.36485238649549
RBM12B	SRR2313979	182.90404796079358
RBM12B	SRR2313980	296.7384605034813
RBM12B	SRR2313981	268.9648909533769
RBM12B	SRR2313982	203.68735081508783
RBM12B	SRR2313983	130.1868439005223
RBM12B	SRR2313984	310.6911576981537
RBM12B	SRR2313985	122.34672873065676
RBM12B	SRR2313986	230.43241056620315
RBM12B	SRR2313987	303.01942056744406
RBM12B	SRR2313988	197.7918248906729
RBM12B	SRR2313989	171.8373216152201
RBM12B	SRR2313990	140.18249594845938
RBM12B	SRR2313991	176.93216830113545
RBM12B	SRR2313992	138.09073831284408
RBM12B	SRR2313993	180.880562134607
RBM12B	SRR2313994	128.79206344741684
RBM12B	SRR2313995	170.72804236456278
RBM12B	SRR2313996	252.13911012772166
RBM12B	SRR2313997	207.5175665714664
RBM12B	SRR2313998	122.98191592923631
RBM12B	SRR2313999	198.85760114242703
RBM12B	SRR2314000	170.47487771341636
RBM12B	SRR2314001	135.89174160892298
RBM12B	SRR2314002	171.85182462951812
RBM12B	SRR2314003	110.37975721330075
RBM12B	SRR2314004	168.33622080436288
RBM12B	SRR2314005	189.79952523971468
RBM12B	SRR2314006	140.65454124777105
RBM12B	SRR2314007	233.40603889370647
RBM12B	SRR2314008	414.5456803443587
RBM12B	SRR2314009	176.45123230099856
RBM12B	SRR2314010	194.28083113254223
RBM12B	SRR2314011	215.53895538920065
RBM12B	SRR2314012	329.4240157222996
RBM12B	SRR2314013	156.86100774512167
RBM12B	SRR2314014	134.54972736762434
RBM12B	SRR2314015	189.47151891507718
RBM12B	SRR2314016	260.8493541834439
RBM12B	SRR2314017	145.83719359839108
RBM12B	SRR2314018	108.97212979613205
RBM12B	SRR2314019	276.9327877871861
RBM12B	SRR2314020	234.8590781819091
RBM12B	SRR2314021	296.4987702492075
RBM12B	SRR2314022	168.04761091006958
RBM12B	SRR2314023	154.51931131604448
RBM12B	SRR2314024	127.67624836551104
RBM12B	SRR2314025	321.6004570863134
RBM12B	SRR2314026	158.52540655188005
RBM12B	SRR2314027	179.34948582639487
RBM12B	SRR2314028	262.7552189969474
RBM12B	SRR2314029	359.84056671488236
RBM12B	SRR2314030	365.7389034623945
RBM12B	SRR2314031	212.69214549555517
RBM12B	SRR2314032	145.54793769943382
RBM12B	SRR2314033	108.61492838665231
RBM12B	SRR2314034	149.32046778882426
RBM12B	SRR2314035	95.3119592162114
RBM12B	SRR2314036	139.40172728412912
RBM12B	SRR2314037	142.96241503957316
RBM12B	SRR2314038	203.17242527858576
RBM12B	SRR2314039	169.8894034320672
RBM12B	SRR2314040	113.31815218043077
RBM12B	SRR2314041	172.30695040007126
RBM12B	SRR2314042	253.02863725386015
RBM12B	SRR2314043	130.19206138962178
RBM12B	SRR2314044	204.86818691816092
RBM12B	SRR2314045	199.507855360716
RBM12B	SRR3493774	285
RBM12B	SRR3493775	333
RBM12B	SRR3493776	367.7971546973106
RBM12B	SRR3493777	305.21955460448737
RBM12B	SRR3493778	342
RBM12B	SRR3493779	259.92568061967233
RBM12B	SRR3493780	128.08714081365522
RBM12B	SRR3493781	306
RBM12B	SRR3493782	232.97157345144402
RBM12B	SRR3493783	332.9143329709576
RBM12B	SRR3493784	216.41168988507366
RBM12B	SRR3493785	338.30416447781084
RBM12B	SRR3493786	148.82411296981866
RBM12B	SRR3493787	414
RBM12B	SRR3493788	402
RBM12B	SRR3493789	229.11275251795894
RBM12B	SRR3493790	399
RBM12B	SRR3493791	359.52802947083893
RBM12B	SRR3493792	404.2908198695505
RBM12B	SRR3493793	334.2502356678955
RBM12B	SRR3493794	365.140152461396
RBM12B	SRR3493795	402.4909484580091
RBM12B	SRR3493796	248.062552034462
RBM12B	SRR3493797	472
RBM12B	SRR3493798	262.9090770720575
RBM12B	SRR3493799	442
RBM12B	SRR3493800	380.74150744967886
RBM12B	SRR3493801	243.2206146910156
RBM12B	SRR3493802	373
RBM12B	SRR3493803	476
RBM12B	SRR3493804	385.2771426974677
RBM12B	SRR3493805	397.9525868031052
RBM12B	SRR3493806	460
RBM12B	SRR3493807	334
RBM12B	SRR3493808	397.828255310202
RBM12B	SRR3493809	377.27075437674625
RBM12B	SRR3493810	515
RBM12B	SRR3493811	477
RBM12B	SRR3493812	378.2721037393319
RBM12B	SRR3493813	454.8653368316167
RBM12B	SRR3493814	393
RBM12B	SRR3493815	447.99868615907496
RBM12B	SRR3493816	439
RBM12B	SRR3493817	295.8593860398283
RBM12B	SRR3493818	491.75793917298245
RBM12B	SRR3493819	473
RBM12B	SRR3493820	41.51642210128113
RBM12B	SRR3493821	248.87911278081032
RBM12B	SRR3493822	501
RBM12B	SRR3493823	414.64218423152266
RBM12B	SRR3493824	491.9943795319566
RBM12B	SRR3493825	424.558861029005
RBM12B	SRR3493826	415.2987382323353
RBM12B	SRR3493827	378
RBM12B	SRR3493828	429
RBM12B	SRR3493829	443.06056263721035
RBM12B	SRR3493830	455.36990657295974
RBM12B	SRR3493831	279.2646026400979
RBM12B	SRR3493832	452.0813212324317
RBM12B	SRR3493833	468.80968565788766
RBM12B	SRR3493834	488
RBM12B	SRR3493835	355.86511683298585
RBM12B	SRR3493836	492
RBM12B	SRR3493837	428.3329021519141
RBM12B	SRR3493838	378
RBM12B	SRR3493839	330.7356738053954
RBM12B	SRR3493840	289.56191900047344
RBM12B	SRR3493841	453.9928600884247
RBM12B	SRR3493846	147.28924251100375
RBM12B	SRR3493847	132.69772873439814
RBM12B	SRR3493848	281.1011208935723
RBM12B	SRR3493849	421.75844164721855
RBM12B	SRR3493850	707
RBM12B	SRR3714631	243
RBM12B	SRR3714632	202.13025508363418
RBM12B	SRR3714633	30.34815010197439
RBM12B	SRR3714634	119.79387407288499
RBM12B	SRR3714635	286
RBM12B	SRR3714636	383
RBM12B	SRR3714637	609
RBM12B	SRR3714638	353
RBM12B	SRR3714639	346.8793695822786
RBM12B	SRR3714640	278.71364789884694
RBM12B	SRR3714641	276.3493854538981
RBM12B	SRR3714642	259.9438596555508
RBM12B	SRR3714643	263.21171202438836
RBM12B	SRR3714644	241.04557471829247
RBM12B	SRR3714645	97.6354978902295
RBM12B	SRR3714646	132.04750162972078
RBM12B	SRR3714648	248.78374328067727
RBM12B	SRR3714649	255.04049765790344
RBM12B	SRR3714650	134.9227520555447
RBM12B	SRR3714651	444.7513195670296
RBM12B	SRR3714652	305.859325397943
RBM12B	SRR3714653	273
RBM12B	SRR3714654	577
RBM12B	SRR3714655	186.13958236288806
RBM12B	SRR3714656	292.4510528620737
RBM12B	SRR3714657	298.5508110930982
RBM12B	SRR3714658	254.83016971067
RBM12B	SRR3714659	239.9317075205948
RBM12B	SRR3714660	397
RBM12B	SRR3714661	159
RBM12B	SRR3714662	63.6941072237197
RBM12B	SRR3714663	184.13808147726562
RBM12B	SRR3714664	435.6304147419547
RBM12B	SRR3714665	183
RBM12B	SRR3714666	259
RBM12B	SRR3714667	412.15079103377434
RBM12B	SRR3714668	150
RBM12B	SRR3714669	261.01195084649356
RBM12B	SRR3714670	68.91650708906587
RBM12B	SRR3714671	53.066784217364344
RBM12B	SRR3714672	226.62073701437518
RBM12B	SRR3714673	240.64871614361624
RBM12B	SRR3714674	296.2306159798022
RBM12B	SRR3714675	305.327335738672
RBM12B	SRR3714676	275
RBM12B	SRR3714677	133.31548300664753
RBM12B	SRR3714678	467.3643950322265
RBM12B	SRR3714679	130.21065120146363
RBM12B	SRR3714680	122.2105480313692
RBM12B	SRR3714681	68.24209279601128
RBM12B	SRR3714682	397.0752000471799
RBM12B	SRR3714683	161.33589195199627
RBM12B	SRR3714684	252.15278092627995
RBM12B	SRR3714685	182.31966952042313
RBM12B	SRR3714686	303.92614031501773
RBM12B	SRR3714688	283.09757541553927
RBM12B	SRR3714689	335.6651102191744
RBM12B	SRR3714690	209.0750257995989
RBM12B	SRR3714691	304
RBM12B	SRR3714692	322.77301595803095
RBM12B	SRR3714693	349.953250879664
RBM12B	SRR3714694	271.3338444855872
RBM12B	SRR3714695	326.9664555154721
RBM12B	SRR3714696	316
RBM12B	SRR3714697	75.69074510836946
RBM12B	SRR3714698	82.070275003566607
RBM12B	SRR3714699	278.9879552707768
RBM12B	SRR3714700	314.31526222031755
RBM12B	SRR3714701	295.5698135011669
RBM12B	SRR3714702	476.58882424474393
RBM12B	SRR3714703	146.15522762198
RBM12B	SRR3714704	145.8770806347787
RBM12B	SRR3714705	169.57966551683256
RBM12B	SRR3714706	21.736786528279946
RBM12B	SRR3714707	93.06694615808959
RBM12B	SRR3714708	125.86177153017587
RBM12B	SRR3714709	434.3283361712362
RBM12B	SRR3714710	547.8209720275346
RBM12B	SRR3714711	507.64053159850357
RBM12B	SRR3714712	324
RBM12B	SRR3714713	254
RBM12B	SRR3714714	254
RBM12B	SRR3714715	174.83950717337052
RBM12B	SRR3714716	90
RBM12B	SRR3714717	359
RBM12B	SRR3714718	243
RBM12B	SRR3714719	396.9431557201899
RBM12B	SRR3714720	164.54755409772588
RBM12B	SRR3714721	136.848005396678
RBM12B	SRR3714723	263.5312411790835
RBM12B	SRR3714724	152.44746242058977
RBM12B	SRR3714725	105.29258712853621
RBM12B	SRR3714726	442.95955239946073
RBM12B	SRR3714727	225.8797748469358
RBM12B	SRR3714728	72.59609648488043
RBM12B	SRR3714729	80.04567988564946
RBM12B	SRR3714730	426.9123562302714
RBM12B	SRR3714731	145.02608756350133
RBM12B	SRR3714732	375.2971342166058
RBM12B	SRR3714734	301.4065134507686
RBM12B	SRR3714735	374.6269879702912
RBM12B	SRR3714736	302.23178462206266
RBM12B	SRR3714737	386
RBM12B	SRR3714738	322.24516255296
RBM12B	SRR3714739	299.1346361425895
RBM12B	SRR3714740	225.18647222064035
RBM12B	SRR3714741	202.21815415002126
RBM12B	SRR3714744	414.1005974239527
RBM12B	SRR3714745	16.650856530733833
RBM12B	SRR3714746	78.66688109151916
RBM12B	SRR3714747	347.999729799084
RBM12B	SRR3714748	282.93221822108234
RBM12B	SRR3714749	60.23203247346204
RBM12B	SRR3714750	192.97141234991616
RBM12B	SRR3714751	226.24407345497428
RBM12B	SRR3714752	228
RBM12B	SRR3714753	318.4984255192566
RBM12B	SRR3714754	312
RBM12B	SRR3714755	197.34792476395492
RBM12B	SRR3714756	38.823846796101776
RBM12B	SRR3714757	390.4578898403487
RBM12B	SRR3714758	236.02823684206786
RBM12B	SRR3714759	366.29884718668995
RBM12B	SRR3714760	198.1781791911436
RBM12B	SRR3714761	206.07413133123092
RBM12B	SRR3714762	271.9855764656065
RBM12B	SRR3714764	236
RBM12B	SRR3714765	251.78645341740233
RBM12B	SRR3714766	195
RBM12B	SRR3714767	170.0984756971099
RBM12B	SRR3714768	280
RBM12B	SRR5176628	190.3109500492941
RBM12B	SRR5176629	293.68461472751034
RBM12B	SRR5176630	323.73210372487273
RBM12B	SRR5176631	179.7431008747418
RBM12B	SRR5176632	365.0381833859891
RBM12B	SRR5176633	223.449241480611
RBM12B	SRR5176634	55.11108832572225
RBM12B	SRR5176635	201.23853611030682
RBM12B	SRR5176636	54.392614810433685
RBM12B	SRR5176637	63.839169124224334
RBM12B	SRR5176638	26.944824716869157
RBM12B	SRR5176639	319
RBM12B	SRR5176640	69.96126210479537
RBM12B	SRR5176641	129.90265438427954
RBM12B	SRR5176642	194.36976948311374
RBM12B	SRR5176643	232.40038642030862
RBM12B	SRR5176644	311.0559533258546
RBM12B	SRR5176645	81.02669930756491
RBM12B	SRR5176646	93.7177681890505
RBM12B	SRR5176647	175.02004674231821
RBM12B	SRR5176648	192.54172728264902
RBM12B	SRR5176649	161.08802048649483
RBM12B	SRR5176650	51.205074716961576
RBM12B	SRR5176651	214.35470141869783
RBM12B	SRR5176652	153.85293021563328
RBM12B	SRR5176653	257.6944435230191
RBM12B	SRR5176654	145.17547454749578
RBM12B	SRR5176655	164.2066530499576
RBM12B	SRR5176656	18.191874942429155
RBM12B	SRR5176657	106.95328371398858
RBM12B	SRR5176658	311.51346505408844
RBM12B	SRR5176659	241.5208271284645
RBM12B	SRR5176660	269.30951863421933
RBM12B	SRR5176661	188.03749061159658
RBM12B	SRR5176662	347.5142244163956
RBM12B	SRR5176663	211.35140015748635
RBM12B	SRR5176664	268
RBM12B	SRR5176665	236.09106154818534
RBM12B	SRR5176666	171.66297777027202
RBM12B	SRR5176667	57.17170593058057
RBM12B	SRR5176668	250.08085075600258
RBM12B	SRR5176669	132.25547077159405
RBM12B	SRR5176670	191.23956015317145
RBM12B	SRR5176671	238.42854270964833
RBM12B	SRR5176672	151.84178080104985
RBM12B	SRR5176673	248.18311290534172
RBM12B	SRR5176674	397.92954035044096
RBM12B	SRR5176675	368.5554630797429
RBM12B	SRR5176676	235.25154648056372
RBM12B	SRR5176677	263.37877799418345
RBM12B	SRR5176678	167.6648637688578
RBM12B	SRR5176679	100.90464643103707
RBM12B	SRR5176680	251.71241176017645
RBM12B	SRR5176681	361.40091710476787
RBM12B	SRR5176682	158.56168779108802
RBM12B	SRR5176683	194.88731328277598
RBM12B	SRR5176684	174.46247485054388
RBM12B	SRR5176685	288.86056063445017
RBM12B	SRR5176686	175.7625780991672
RBM12B	SRR5176687	155.70132849755268
RBM12B	SRR5176688	207.72268977150395
RBM12B	SRR5176689	126.94540321737537
RBM12B	SRR5176690	83.06878235098058
RBM12B	SRR5176691	349.32474172810635
RBM12B	SRR5176692	190.84932607384224
RBM12B	SRR5176693	152.11580879519926
RBM12B	SRR5176694	387
RBM12B	SRR5176695	118.67958962049147
RBM12B	SRR5176696	23.685757075104085
RBM12B	SRR5176697	104.8130519075139
RBM12B	SRR5176698	17.472356754665817
RBM12B	SRR5176699	104.55153125737358
RBM12B	SRR5176700	25.04733166463521
RBM12B	SRR5176701	37.23143314277927
RBM12B	SRR5176702	255
RBM12B	SRR5176703	125.77742052853276
RBM12B	SRR5176704	215.93916949778142
RBM12B	SRR5176705	260.5575237611617
RBM12B	SRR5176706	47.2543229705131
RBM12B	SRR5176707	78.51343154770703
RBM12B	SRR5176708	104.01785170623991
RBM12B	SRR5176709	210.00485590599132
RBM12B	SRR5176710	407
RBM12B	SRR5176711	164.31258863520955
RBM12B	SRR5176712	109.3838669129637
RBM12B	SRR5176713	140.22604532527848
RBM12B	SRR5176714	21.20529530818357
RBM12B	SRR5176715	214.2696570286032
RBM12B	SRR5176716	228.4516310195197
RBM12B	SRR5176717	107.70180058618601
RBM12B	SRR5176718	105.92468556563203
RBM12B	SRR5176719	188.44018535486876
RBM12B	SRR5176720	302
RBM12B	SRR5176721	311
RBM12B	SRR5176722	50.99170883606656
RBM12B	SRR5176723	144.37442360104922
RBM12B	SRR5176724	186.00627402897769
RBM12B	SRR5176725	179.176455440408
RBM12B	SRR5176726	302
RBM12B	SRR5176727	257.1657998924165
RBM12B	SRR5176728	35.866249321017115
RBM12B	SRR5176729	185.35828139208942
RBM12B	SRR5176730	147.9616775370393
RBM12B	SRR5176731	184.8544967574309
RBM12B	SRR5176732	345
RBM12B	SRR5176733	145.32865337494286
RBM12B	SRR5176734	35.6738553493384
RBM12B	SRR5176735	150.35121171931019
RBM12B	SRR5176736	174.3417454944672
RBM12B	SRR5176737	204.5964549545963
RBM12B	SRR5176738	141.5484567630629
RBM12B	SRR5176739	100.79439701204656
RBM12B	SRR5176740	198.82434150407374
RBM12B	SRR5176741	27.065584391683522
RBM12B	SRR5176742	105.09938757960356
RBM12B	SRR5176743	139.6350913018113
RBM12B	SRR5176744	89.18088951200976
RBM12B	SRR5176745	153.3942226233894
RBM12B	SRR5176746	214.4850470499157
RBM12B	SRR5176747	282
RBM12B	SRR5176748	273.34400172340503
RBM12B	SRR5176749	73.17849725146995
RBM12B	SRR5176750	81.29800244979263
RBM12B	SRR5176751	171.62160573026202
RBM12B	SRR5176752	298.347871346348
RBM12B	SRR5176753	225.59113158353716
RBM12B	SRR5176754	200.04701967761017
RBM12B	SRR5176755	198.10688828165658
RBM12B	SRR5176756	51.44273710904248
RBM12B	SRR5176757	25.338394645711578
RBM12B	SRR5176758	132.48730175091387
RBM12B	SRR5176759	111.9873115548122
RBM12B	SRR5176760	155.90026058815673
RBM12B	SRR5176761	194.12880533644886
RBM12B	SRR5176762	32.231484183889684
RBM12B	SRR5176763	102.77988571960609
RBM12B	SRR5176764	240.1727642789409
RBM12B	SRR5176765	199.34343490362681
RBM12B	SRR5176766	205.5818502423752
RBM12B	SRR5176767	168.16887843142283
RBM12B	SRR5176768	176.64406078851172
RBM12B	SRR5176769	188.55522008636459
RBM12B	SRR5176770	187.43784394340668
RBM12B	SRR5176771	201.49182630096934
RBM12B	SRR5176772	112.70245538603845
RBM12B	SRR5176773	219.6356333005041
RBM12B	SRR5176774	230.4183227389682
RBM12B	SRR5176775	114.08413862237444
RBM12B	SRR5176776	170.39862153004577
RBM12B	SRR5176777	142.4107405570206
RBM12B	SRR5176778	176.00795368147473
RBM12B	SRR5176779	128.66211261416555
RBM12B	SRR5176780	173.53284753106027
RBM12B	SRR5176781	200.26918663591098
RBM12B	SRR5176782	139.1350200312744
RBM12B	SRR5176783	84.78138442656173
RBM12B	SRR5176784	215.87170407549178
RBM12B	SRR5176785	186.32845393035387
RBM12B	SRR5176786	146
RBM12B	SRR5176787	111.85211834029958
RBM12B	SRR5176788	113.97030358876357
RBM12B	SRR5176789	82.14557935323735
RBM12B	SRR5176790	190.78160633856922
RBM12B	SRR5176791	136.18699946364666
RBM12B	SRR5176792	277
RBM12B	SRR5176793	133.21445400201347
RBM12B	SRR5176794	175.78882648651643
RBM12B	SRR5176795	219.92146894414662
RBM12B	SRR5176796	126.80811794236347
RBM12B	SRR5176797	187.30130977315957
RBM12B	SRR5176798	228.1974924631161
RBM12B	SRR5176799	332
RBM12B	SRR5176800	166.31862497727292
RBM12B	SRR5176801	118.0231282751691
RBM12B	SRR5176802	86.20523584923922
RBM12B	SRR5176803	158.648108086456
RBM12B	SRR5176804	100.09138217572041
RBM12B	SRR5176805	217.84062032291712
RBM12B	SRR5176806	93.70956118126345
RBM12B	SRR5176807	203.14612978593752
RBM12B	SRR5176808	102.03670580478423
RBM12B	SRR5176809	181.26067991234677
RBM12B	SRR5176810	229
RBM12B	SRR5176811	260
RBM12B	SRR5176812	214.2311138024978
RBM12B	SRR5176813	238.28210707498437
RBM12B	SRR5176814	317
RBM12B	SRR5176815	147.04673912439077
RBM12B	SRR5176816	165.35039196716232
RBM12B	SRR5176817	237.2396125519713
RBM12B	SRR5176818	150.38285905179575
RBM12B	SRR5176819	96.87355990131243
RBM12B	SRR5176820	94.05534779117951
RBM12B	SRR5176821	107.99907088257137
RBM12B	SRR5176822	105.00555005044852
RBM12B	SRR5176823	144.54261945535396
RBM12B	SRR5176824	218.22689655203115
RBM12B	SRR5176825	265.29430202981575
RBM12B	SRR5176826	115.95526931266804
RBM12B	SRR5176827	189.7145903573436
RBM12B	SRR5176828	162.64242709117346
RBM12B	SRR5176829	213.58207939690678
RBM12B	SRR5176830	233.1257826748787
RBM12B	SRR5176831	194.9993939741269
RBM12B	SRR5176832	103.0309563966403
RBM12B	SRR5176833	263.51710603225644
RBM12B	SRR5176834	202.79210869638644
RBM12B	SRR5176835	195.70206617876303
RBM12B	SRR5176836	215.19347740452463
RBM12B	SRR5176837	49.397482090921194
RBM12B	SRR5176838	110.69676273957825
RBM12B	SRR5176839	100.95433260246233
RBM12B	SRR5176840	349.1884040924149
RBM12B	SRR5176841	136.90301501358437
RBM12B	SRR5176842	223.39112940968212
RBM12B	SRR5176843	139.0708842210364
RBM12B	SRR5176844	209.60885316042072
RBM12B	SRR5176845	171.48131771663952
RBM12B	SRR5176846	160.71582865289628
RBM12B	SRR5176847	135.73099776185495
RBM12B	SRR5176848	132.12858906590682
RBM12B	SRR5176849	36.7025491244959
RBM12B	SRR5176850	81.09773919582473
RBM12B	SRR5176851	270.2915921807215
RBM12B	SRR5176852	116.53879149011132
RBM12B	SRR5176853	297.74397153018464
RBM12B	SRR5176854	67.00280529261283
RBM12B	SRR5176855	211.48048791915153
RBM12B	SRR5176856	117.87588776976654
RBM12B	SRR5176857	199.70847744715064
RBM12B	SRR5176858	160.0977740186373
RBM12B	SRR5176859	274.48876651569975
RBM12B	SRR5176860	409
RBM12B	SRR5176861	169.33476158902997
RBM12B	SRR5176862	142.84310778957558
RBM12B	SRR5176863	224.56110984094735
RBM12B	SRR5176864	161.78839055773656
RBM12B	SRR5176865	220.41932621796403
RBM12B	SRR5176866	221
RBM12B	SRR5176867	230.97699350645217
RBM12B	SRR5176868	67.29084855659288
RBM12B	SRR5176869	248.6068304608975
RBM12B	SRR5176870	194.87716348929004
RBM12B	SRR5176871	235.8078777230988
RBM12B	SRR5176872	114.19270168422406
RBM12B	SRR5861974	82.07326150539606
RBM12B	SRR5861975	71.66194912448816
RBM12B	SRR5861976	27.046431508109173
RBM12B	SRR5861977	312
RBM12B	SRR5861978	237.148403697783
RBM12B	SRR5861979	106.00738544556917
RBM12B	SRR5861980	358
RBM12B	SRR5861981	99.97119725391995
RBM12B	SRR5861982	34.553684944841116
RBM12B	SRR5861983	185.30803772833178
RBM12B	SRR5861984	100.82636562876502
RBM12B	SRR5861985	113.94295592261814
RBM12B	SRR5861986	241.4811814412529
RBM12B	SRR5861987	165.11050263215063
RBM12B	SRR5861988	135.36455525175273
RBM12B	SRR5861989	146.81808743930554
RBM12B	SRR5861990	195.59399861189453
RBM12B	SRR5861991	282
RBM12B	SRR5861992	302
RBM12B	SRR5861993	219.83067155457434
RBM12B	SRR5861994	311
RBM12B	SRR5861995	179.57062260958685
RBM12B	SRR5861996	298.25474650245815
RBM12B	SRR5861997	111.82181353306723
RBM12B	SRR5861998	230.32115333082146
RBM12B	SRR5861999	99.62341121599003
RBM12B	SRR5862000	240.08636659949232
RBM12B	SRR5862001	317
RBM12B	SRR5862002	273.2948320938406
RBM12B	SRR5862003	213.52973178383607
RBM12B	SRR5862004	186.04177033064585
RBM12B	SRR5862005	218.14890720051957
RBM12B	SRR5862006	162.61250602058024
RBM12B	SRR5862007	144.22745406221316
RBM12B	SRR5862008	230.92546132989813
RBM12B	SRR5862009	217.77461635272607
RBM12B	SRR5862010	96.75095291573972
RBM12B	SRR5862011	80.81796899926698
RBM12B	SRR5862012	219.53861284320752
RBM12B	SRR5862013	125.57981521727602
RBM12B	SRR5862014	208.01712930217099
RBM12B	SRR5862015	407
RBM12B	SRR5862016	250.042703084684
RBM12B	SRR5862017	136.11952206077032
RBM12B	SRR5862018	160.6427436097121
RBM12B	SRR5862019	113.92197680297889
RBM12B	SRR5862020	155.5560827996169
RBM12B	SRR5862021	223.3496367771993
RBM12B	SRR5862022	228.10052417458985
RBM12B	SRR5862023	170.28695798267165
RBM12B	SRR5862024	192.5246912873526
RBM12B	SRR5862025	229
RBM12B	SRR5862026	235.85037256998555
RBM12B	SRR5862027	215.11606555836448
RBM12B	SRR5862028	23.663054755851213
RBM12B	SRR5862029	116.36715836835411
RBM12B	SRR5862030	173.4857214420515
RBM12B	SRR5862031	111.78493413793007
RBM12B	SRR5862032	32.213550813296884
RBM12B	SRR5862033	186.2874836882804
RBM12B	SRR5862034	14.951803020492207
RBM12B	SRR5862035	187.23393161489642
RBM12B	SRR5862036	50.89313140387864
RBM12B	SRR5862037	25.31396231142822
RBM12B	SRR5862038	35.6289233622792
RBM12B	SRR5862039	228.39348320616537
RBM12B	SRR5862040	278.816810863304
RBM12B	SRR5862041	145.80001427540654
RBM12B	SRR5862042	190.68324640991105
RBM12B	SRR5862043	361
RBM12B	SRR5862044	199.2796974302896
RBM12B	SRR5862045	155.65842202473263
RBM12B	SRR5862046	107.86526742959981
RBM12B	SRR5862047	102.90942669546445
RBM12B	SRR5862048	19.96250467151993
RBM12B	SRR5862049	73.12370205724795
RBM12B	SRR5862050	226.763804492406
RBM12B	SRR5862051	187.90222897367983
RBM12B	SRR5862052	209.72200836311933
RBM12B	SRR5862053	288.76952774456845
RBM12B	SRR5862054	104.72912439152206
RBM12B	SRR5862055	82.88351362466332
RBM12B	SRR5862056	37.18864509654858
RBM12B	SRR5862057	105.82298014221807
RBM12B	SRR5862058	150.3445820897062
RBM12B	SRR5862059	85.34442388782443
RBM12B	SRR5862060	141.32443378909645
RBM12B	SRR5862061	144.51466412831203
RBM12B	SRR5862062	203.1095874806883
RBM12B	SRR5862063	103.26775993006649
RBM12B	SRR5862064	202.39120454703817
RBM12B	SRR5862065	225.56739306292974
RBM12B	SRR5862066	190.72352403224068
RBM12B	SRR5862067	32.09974232275375
RBM12B	SRR5862068	232.10428321958665
RBM12B	SRR5862069	188.40628838237066
RBM12B	SRR5862070	171.28453752688358
RBM12B	SRR5862071	7.5156181373917095
RBM12B	SRR5862072	13.905638770208864
RBM12B	SRR5862073	174.32560730235414
RBM12B	SRR5862074	151.76837922499573
RBM12B	SRR5862075	126.8676623805868
RBM12B	SRR5862076	21.098753459175704
RBM12B	SRR5862077	215.84606873976188
RBM12B	SRR5862078	57.12794409350378
RBM12B	SRR5862079	139.43646092108963
RBM12B	SRR5862080	143.62900186872747
RBM12B	SRR5862081	274.4728701688128
RBM12B	SRR5862082	198.75550651519603
RBM12B	SRR5862083	260
RBM12B	SRR5862084	166.1543877019964
RBM12B	SRR5862085	319
RBM12B	SRR5862086	54.329863159347696
RBM12B	SRR5862087	89.07256859520344
RBM12B	SRR5862088	26.922941228191473
RBM12B	SRR5862089	207.54589004308875
RBM12B	SRR5862090	238.4107412415235
RBM12B	SRR5862091	90.25739079133119
RBM12B	SRR5862092	93.92119948287456
RBM12B	SRR5862093	102.01835125156646
RBM12B	SRR5862094	199.99610169243147
RBM12B	SRR5862095	25.016388361037947
RBM12B	SRR5862096	187.40985615129233
RBM12B	SRR5862097	142.76650634218282
RBM12B	SRR5862098	338.4843839238746
RBM12B	SRR5862099	51.14019738445631
RBM12B	SRR5862100	251.66713326141678
RBM12B	SRR5862101	21.17509616211929
RBM12B	SRR5862102	112.66038891228527
RBM12B	SRR5862103	35.82662379037707
RBM12B	SRR5862104	194.809526897199
RBM12B	SRR5862105	109.21586788475231
RBM12B	SRR5862106	160.6852163431179
RBM12B	SRR5862107	146
RBM12B	SRR5862108	152.0497348341389
RBM12B	SRR5862109	194.349316326352
RBM12B	SRR5862110	140.11809381762478
RBM12B	SRR5862111	117.75910733842515
RBM12B	SRR5862112	158.60107107827284
RBM12B	SRR5862113	158.39011982820375
RBM12B	SRR5862114	128.60403431615558
RBM12B	SRR5862115	102.69828452439621
RBM12B	SRR5862116	47.18733374015003
RBM12B	SRR5862117	183.60476960050943
RBM12B	SRR5862118	84.70696664471681
RBM12B	SRR5862119	184.76545902477505
RBM12B	SRR5862120	168.15868233577882
RBM12B	SRR5862121	311.45742943016967
RBM12B	SRR5862122	214.44646507905097
RBM12B	SRR5862123	224.51457592062792
RBM12B	SRR5862124	199.63663604136323
RBM12B	SRR5862125	387
RBM12B	SRR5862126	265.2384721497629
RBM12B	SRR5862127	175.66480321211574
RBM12B	SRR5862128	236.87557413111634
RBM12B	SRR5862129	106.80410083719795
RBM12B	SRR5862130	140.86888066862267
RBM12B	SRR5862131	201.4555815749208
RBM12B	SRR5862132	238.21417498733425
RBM12B	SRR5862133	214.20498266831774
RBM12B	SRR5862134	233.06644514930028
RBM12B	SRR5862135	86.08915451483253
RBM12B	SRR5862136	349.1255914300951
RBM12B	SRR5862137	211.45599387595857
RBM12B	SRR5862138	220.39244026808007
RBM12B	SRR5862139	181.24714669111802
RBM12B	SRR5862140	204.67416939073183
RBM12B	SRR5862141	89.39449977403945
RBM12B	SRR5862142	205.55393354948995
RBM12B	SRR5862143	198.07125244458115
RBM12B	SRR5862144	135.7794008197084
RBM12B	SRR5862145	235.77661670010772
RBM12B	SRR5862146	129.7421604023935
RBM12B	SRR5862147	115.84430634526584
RBM12B	SRR5862148	311
RBM12B	SRR5862149	201.15194706454255
RBM12B	SRR5862150	209.51140147712732
RBM12B	SRR5862151	118.46140283318675
RBM12B	SRR5862152	96.32200365454153
RBM12B	SRR5862153	126.57309178942889
RBM12B	SRR5862154	345
RBM12B	SRR5862155	190.1952988958188
RBM12B	SRR5862156	104.63702461940873
RBM12B	SRR5862157	44.12149237734871
RBM12B	SRR5862158	257.13873883023103
RBM12B	SRR5862159	107.63486641598227
RBM12B	SRR5862160	55.02810071199285
RBM12B	SRR5862161	204.55748449281214
RBM12B	SRR5862162	264.8805515621282
RBM12B	SRR5862163	202.71296114874988
RBM12B	SRR5862164	49.35763206725438
RBM12B	SRR5862165	194.83959789428965
RBM12B	SRR5862166	175.7494553752852
RBM12B	SRR5862167	145.30251138533828
RBM12B	SRR5862168	232.38303502427175
RBM12B	SRR5862169	188.697491256991
RBM12B	SRR5862170	162.7914369286085
RBM12B	SRR5862171	260.4487089193114
RBM12B	SRR5862172	164.2880538535681
RBM12B	SRR5862173	113.79946186717625
RBM12B	SRR5862174	39.08014982489061
RBM12B	SRR5862175	194.9472921473287
RBM12B	SRR5862176	234.9994738820908
RBM12B	SRR5862177	108.3885399748484
RBM12B	SRR5862178	63.78620018465422
RBM12B	SRR5862179	194.0852698066736
RBM12B	SRR5862180	17.456119761545484
RBM12B	SRR5862181	167.47552839678355
RBM12B	SRR5862182	104.97876614071956
RBM12B	SRR5862183	185.92602418643128
RBM12B	SRR5862184	93.49701293554246
RBM12B	SRR5862185	277
RBM12B	SRR5862186	100.73417943066595
RBM12B	SRR5862187	139.04475741700406
RBM12B	SRR5862188	100.8111264867797
RBM12B	SRR5862189	103.86224323332507
RBM12B	SRR5862190	263.3591137003538
RBM12B	SRR5862191	136.61988089885622
RBM12B	SRR5862192	66.89451065758517
RBM12B	SRR5862193	189.6780622524361
RBM12B	SRR5862194	155.8239051373823
RBM12B	SRR5862195	161.01552937924995
RBM12B	SRR5862196	221
RBM12B	SRR5862197	268
RBM12B	SRR5862198	33.03268647694565
RBM12B	SRR5862199	174.43109221471795
RBM12B	SRR5862200	150.32876161868367
RBM12B	SRR5862201	125.4961098824668
RBM12B	SRR5862202	104.23371294094422
RBM12B	SRR5862203	110.67647409075386
RBM12B	SRR5862204	199
RBM12B	SRR5862205	255
RBM12B	SRR5862206	78.3950559193131
RBM12B	SRR5862207	153.8143986999415
RBM12B	SRR5862208	83.59784278701619
RBM12B	SRR5862209	178.99924590674067
RBM12B	SRR5862210	336
RBM12B	SRR5862211	67.13308105140493
RBM12B	SRR5862212	132.16340879026018
RBM12B	SRR5862213	151.71003053768243
RBM12B	SRR5862214	160.44214724875576
RBM12B	SRR5862215	248.58826906502696
RBM12B	SRR5862216	192.70194644902807
RBM12B	SRR5862217	160.03372205804578
RBM12B	SRR5862218	164.16115026255596
RBM12B	SRR5862219	110.52190605129746
RBM12B	SRR5862220	161.7235328667322
RBM12B	SRR5862221	409
RBM12B	SRR5862222	171.5569944154819
RBM12B	SRR5862223	69.90343439586108
RBM12B	SRR5862224	133.04719443207227
RBM12B	SRR5862225	188.50406960259005
RBM12B	SRR5862226	214.2311138024978
RBM12B	SRR5862227	332
RBM12B	SRR5862228	142.279070926914
RBM12B	SRR5862229	200.1760771653175
RBM12B	SRR5862230	293.54841376994636
RBM12B	SRR5862231	323.6738701894087
RBM12B	SRR5862232	81.21072349698386
RBM12B	SRR5862233	280.7737576853226
RBM12B	SRR5862234	147.86687871268194
RBM12B	SRR5862235	270.2429716242868
RBM12B	SRR5862236	397.85129589685073
RBM12B	SRR5862237	51.55077389078245
RBM12B	SRR5862238	361.32486206062043
RBM12B	SRR5862239	145.11125630942703
RBM12B	SRR5862240	209.57114832842026
RBM12B	SRR5862241	243.4996239468226
RBM12B	SRR5862242	138.9593603119945
RBM12B	SRR5862243	223.24834143565565
RBM12B	SRR5862244	117.67958828296867
RBM12B	SRR5862245	36.65795127675335
RBM12B	SRR5862246	243.4631648680239
RBM12B	SRR5862247	200.12366313888498
RBM12B	SRR5862248	349.25122805562654
RBM12B	SRR5862249	57.864532468858314
RBM12B	SRR5862250	28.296413546456535
RBM12B	SRR5862251	126.29148810050516
RBM12B	SRR5862252	364.9290712990244
RBM12B	SRR5862253	132.01954533906292
RBM12B	SRR5862254	163.16001586888672
RBM12B	SRR5862255	153.22198350954966
RBM12B	SRR5862256	214.2703502836287
RBM12B	SRR5862257	140.91260940425855
RBM12B	SRR5862258	257.6559651754101
RBM12B	SRR5862259	176.38686180387984
RBM12B	SRR5862260	37.2674111912371
RBM12B	SRR5862261	119.96689819910453
RBM12B	SRR5862262	170.68857885434227
RBM12B	SRR5862263	35.547183829648304
RBM12B	SRR5862264	211.22531484804907
RBM12B	SRR5862265	337.4246468160714
RBM12B	SRR5862266	174.95415599805685
RBM12B	SRR5862267	40.09922936831265
RBM12B	SRR5862268	175.87059252370824
RBM12B	SRR5862269	368.44920330387623
RBM12B	SRR5862270	297.67317277488297
RBM12B	SRR5862271	191.13379181917426
RBM12B	SRR5862272	155.7360744699474
RBM12B	SRR5862273	189.65291665372993
RBM12B	SRR5862274	209.96066141773417
RBM12B	SRR5862275	119.53311925901505
RBM12B	SRR5862276	93.60049184907314
RBM12B	SRR5862277	81.01488771363722
RBM12B	SRR5949109	1.1498283651018633
RBM12B	SRR5949110	1.148171272003916
RBM12B	SRR5949111	1.1498283651018633
RBM12B	SRR5949112	1.1499000124654937
RBM12B	SRR5949113	1.1493287860193127
RBM12B	SRR5949114	1.1499000124654937
RBM12B	SRR5949115	1.1498283651018633
RBM12B	SRR5949116	1.149801355279094
RBM12B	SRR5949117	1.1499000124654937
RBM12B	SRR5949118	1.149757132515299
RBM12B	SRR5949119	1.1498700492655702
RBM12B	SRR5949120	1.149752993629983
RBM12B	SRR5949121	1.149727479151349
RBM12B	SRR5949122	1.149659680044542
RBM12B	SRR5949123	1.1495224477062624
RBM12B	SRR5949124	1.1489713533334538
RBM12B	SRR5949125	1.1493657120956842
RBM12B	SRR5949126	1.1496653216499102
RBM12B	SRR5949127	1.149752993629983
RBM12B	SRR5949128	1.149752993629983
RBM12B	SRR5949129	1.1498758641415114
RBM12B	SRR5949130	1.1498041981068907
RBM12B	SRR5949131	1.1496516232140812
RBM12B	SRR5949132	1.1498283651018633
RBM12B	SRR5949133	1.1496993836519698
RBM12B	SRR5949134	1.1499000124654937
RBM12B	SRR5949135	1.149801355279094
RBM12B	SRR5949136	1.1498700492655702
RBM12B	SRR5949137	1.1489979896611313
RBM12B	SRR5949138	1.1496058907069004
RBM12B	SRR5949139	1.1496653216499102
RBM12B	SRR5949140	1.1498283651018633
RBM12B	SRR5949141	1.1498758641415114
RBM12B	SRR5949142	1.1498041981068907
RBM12B	SRR5949143	1.1499000124654937
RBM12B	SRR5949144	1.149757132515299
RBM12B	SRR5949145	1.1497815594090803
RBM12B	SRR5949146	1.149752993629983
RBM12B	SRR5949147	1.149752993629983
RBM12B	SRR5949148	1.1489471817569916
RBM12B	SRR5949149	1.149757132515299
RBM12B	SRR5949150	1.1498758641415114
RBM12B	SRR5949151	1.1494823274298185
RBM12B	SRR5949152	1.1476551316063306
RBM12B	SRR5949153	1.149659680044542
RBM12B	SRR5949154	1.1487635500794011
RBM12B	SRR5949155	1.1497815594090803
RBM12B	SRR5949156	1.1498758641415114
RBM12B	SRR5949157	1.1498700492655702
RBM12B	SRR5949158	1.1499000124654937
RBM12B	SRR5949159	1.1489204896371397
RBM12B	SRR5949160	1.1498283651018633
RBM12B	SRR5949161	1.1498283651018633
RBM12B	SRR5949162	1.1498283651018633
RBM12B	SRR5949163	1.1498758641415114
RBM12B	SRR5949164	1.1499000124654937
RBM12B	SRR5949165	1.149801355279094
RBM12B	SRR5949166	1.1498758641415114
RBM12B	SRR5949167	1.149757132515299
RBM12B	SRR5949168	1.1497815594090803
RBM12B	SRR5949169	1.1447151303318799
RBM12B	SRR5949170	1.1499000124654937
RBM12B	SRR5949171	1.1496516232140812
RBM12B	SRR5949172	1.1496058907069004
RBM12B	SRR5949173	1.1498283651018633
RBM12B	SRR5949174	1.1497815594090803
RBM12B	SRR5949175	1.1499000124654937
RBM12B	SRR5949176	1.149727479151349
RBM12B	SRR5949177	1.1489132956948793
RBM12B	SRR5949178	1.1496653216499102
RBM12B	SRR5949179	1.1497815594090803
RBM12B	SRR5949180	1.1499000124654937
RBM12B	SRR5949181	1.1498700492655702
RBM12B	SRR5949182	1.149727479151349
RBM12B	SRR5949183	1.1498758641415114
RBM12B	SRR5949184	1.149801355279094
RBM12B	SRR5949185	1.1495611354981103
RBM12B	SRR5949186	1.1492630102128836
RBM12B	SRR5949187	1.1498041981068907
RBM12B	SRR5949188	1.149801355279094
RBM12B	SRR5949189	1.149752993629983
RBM12B	SRR5949190	1.149757132515299
RBM12B	SRR5949191	1.1496058907069004
RBM12B	SRR5949192	1.1498700492655702
RBM12B	SRR5949193	1.1498758641415114
RBM12B	SRR5949194	1.1498283651018633
RBM12B	SRR5949195	1.149801355279094
RBM12B	SRR5949196	1.149639556483191
RBM12B	SRR5949197	1.1494508753827517
RBM12B	SRR5949198	1.1489684643066176
RBM12B	SRR5949199	1.1496653216499102
RBM12B	SRR5949200	1.1498758641415114
RBM12B	SRR5949201	1.1497815594090803
RBM12B	SRR5949202	1.1498041981068907
RBM12B	SRR5949203	1.1498700492655702
RBM12B	SRR5949204	1.1499000124654937
RBM12B	SRR5949205	1.1499000124654937
RBM12B	SRR5949206	1.149801355279094
RBM12B	SRR5949207	1.1498283651018633
RBM12B	SRR5949208	1.149757132515299
RBM12B	SRR5949209	1.1498283651018633
RBM12B	SRR5949210	1.1497815594090803
RBM12B	SRR5949211	1.1494508753827517
RBM12B	SRR5949212	1.149757132515299
RBM12B	SRR5949213	1.1496993836519698
RBM12B	SRR5949214	1.1495224477062624
RBM12B	SRR5949215	1.149752993629983
RBM12B	SRR5949216	1.1498041981068907
RBM12B	SRR5949217	1.1498041981068907
RBM12B	SRR5949218	1.1496993836519698
RBM12B	SRR5949219	1.149727479151349
RBM12B	SRR5949220	1.1495611354981103
RBM12B	SRR5949221	1.149515806070026
RBM12B	SRR5949222	1.149752993629983
RBM12B	SRR5949223	1.1489094288850477
RBM12B	SRR5949224	1.1497815594090803
RBM12B	SRR5949225	1.1498700492655702
RBM12B	SRR5949226	1.1495611354981103
RBM12B	SRR5949227	1.1498700492655702
RBM12B	SRR5949228	1.1496058907069004
RBM12B	SRR5949229	1.149639556483191
RBM12B	SRR5949230	1.1498700492655702
RBM12B	SRR5949231	1.1494707522857042
RBM12B	SRR5949232	1.1487635500794011
RBM12B	SRR5949233	1.1489229708372037
RBM12B	SRR5949234	1.149752993629983
RBM12B	SRR5949235	1.1496058907069004
RBM12B	SRR5949236	1.1478430081697302
RBM12B	SRR5949237	1.1494610034998385
RBM12B	SRR5949238	1.1492438683694057
RBM12B	SRR5949239	1.147930185304594
RBM12B	SRR5949240	1.1498758641415114
RBM12B	SRR5949241	1.149757132515299
RBM12B	SRR5949242	1.1497815594090803
RBM12B	SRR5949243	1.1496516232140812
RBM12B	SRR5949244	1.1496653216499102
RBM12B	SRR5949245	1.1496653216499102
RBM12B	SRR5949246	1.149801355279094
RBM12B	SRR5949247	1.149752993629983
RBM12B	SRR5949248	1.149801355279094
RBM12B	SRR5949249	1.1497815594090803
RBM12B	SRR5949250	1.1499000124654937
RBM12B	SRR5949251	1.1496058907069004
RBM12B	SRR5949252	1.1498283651018633
RBM12B	SRR5949253	1.1494121443044876
RBM12B	SRR5949254	1.1495510677538354
RBM12B	SRR5949255	1.1497815594090803
RBM12B	SRR5949256	1.149659680044542
RBM12B	SRR5949257	1.1498758641415114
RBM12B	SRR5949258	1.1498758641415114
RBM12B	SRR5949259	1.149727479151349
RBM12B	SRR5949260	1.1499000124654937
RBM12B	SRR5949261	1.1499000124654937
RBM12B	SRR5949262	1.149659680044542
RBM12B	SRR5949263	1.1498041981068907
RBM12B	SRR5949264	1.149727479151349
RBM12B	SRR5949265	1.1498700492655702
RBM12B	SRR5949266	1.1490859664004887
RBM12B	SRR5949267	1.1491016556665985
RBM12B	SRR5949268	1.1498700492655702
RBM12B	SRR5949269	1.149752993629983
RBM12B	SRR5949270	1.1497815594090803
RBM12B	SRR5949271	1.1495224477062624
RBM12B	SRR5949272	1.1499000124654937
RBM12B	SRR5949273	1.1499000124654937
RBM12B	SRR5949274	1.149801355279094
RBM12B	SRR5949275	1.1495012298161975
RBM12B	SRR5949276	1.149801355279094
RBM12B	SRR5949277	1.1491016556665985
RBM12B	SRR5949278	1.1498041981068907
RBM12B	SRR5949279	1.1498041981068907
RBM12B	SRR5949280	1.1493806150832857
RBM12B	SRR5949281	1.149801355279094
RBM12B	SRR5949282	1.1499000124654937
RBM12B	SRR5949283	1.1494610034998385
RBM12B	SRR5949284	1.1499000124654937
RBM12B	SRR5949285	1.1485352709618715
RBM12B	SRR5949286	1.1490061236504394
RBM12B	SRR5949287	1.1499000124654937
RBM12B	SRR5949288	1.1498041981068907
RBM12B	SRR5949289	1.1496653216499102
RBM12B	SRR5949290	1.1499000124654937
RBM12B	SRR5949291	1.1497815594090803
RBM12B	SRR5949292	1.149752993629983
RBM12B	SRR5949293	1.1499000124654937
RBM12B	SRR5949294	1.1498758641415114
RBM12B	SRR5949295	1.1498041981068907
RBM12B	SRR5949296	1.1498041981068907
RBM12B	SRR5949297	1.1498283651018633
RBM12B	SRR5949298	1.149614382860247
RBM12B	SRR5949299	1.149757132515299
RBM12B	SRR5949300	1.1498758641415114
RBM12B	SRR5949301	1.1498758641415114
RBM12B	SRR5949302	1.1496653216499102
RBM12B	SRR5949303	1.1496516232140812
RBM12B	SRR5949304	1.1498283651018633
RBM12B	SRR5949305	1.1490061236504394
RBM12B	SRR5949306	1.1498700492655702
RBM12B	SRR5949307	1.149757132515299
RBM12B	SRR5949308	1.149801355279094
RBM12B	SRR5949309	1.1495565511841175
RBM12B	SRR5949310	1.1495565511841175
RBM12B	SRR5949311	1.1497815594090803
RBM12B	SRR5949312	1.149461221160821
RBM12B	SRR5949313	1.1497815594090803
RBM12B	SRR5949314	1.1498758641415114
RBM12B	SRR5949315	1.1497815594090803
RBM12B	SRR5949316	1.1498041981068907
RBM12B	SRR5949317	1.1492438683694057
RBM12B	SRR5949318	1.1491016556665985
RBM12B	SRR5949319	1.1498283651018633
RBM12B	SRR5949320	1.1499000124654937
RBM12B	SRR5949321	1.149801355279094
RBM12B	SRR5949322	1.149614382860247
RBM12B	SRR5949323	1.1497815594090803
RBM12B	SRR5949324	1.1499000124654937
RBM12B	SRR5949325	1.1498041981068907
RBM12B	SRR5949326	1.1497815594090803
RBM12B	SRR5949327	1.1490004023259148
RBM12B	SRR5949328	1.1498283651018633
RBM12B	SRR5949329	1.1498283651018633
RBM12B	SRR5949330	1.1498041981068907
RBM12B	SRR5949331	1.1498700492655702
RBM12B	SRR5949332	1.1499000124654937
RBM12B	SRR5949333	1.1496993836519698
RBM12B	SRR5949334	1.1494508753827517
RBM12B	SRR5949335	1.1498758641415114
RBM12B	SRR5949336	1.149801355279094
RBM12B	SRR5949337	1.1498700492655702
RBM12B	SRR5949338	1.1498041981068907
RBM12B	SRR5949339	1.1498041981068907
RBM12B	SRR5949340	1.149614382860247
RBM12B	SRR5949341	1.149727479151349
RBM12B	SRR5949342	1.1498700492655702
RBM12B	SRR5949343	1.149727479151349
RBM12B	SRR5949344	1.1498283651018633
RBM12B	SRR5949345	1.1498700492655702
RBM12B	SRR5949346	1.1489824166943214
RBM12B	SRR5949347	1.1494257243385793
RBM12B	SRR5949348	1.1487709425734813
RBM12B	SRR5949349	1.1498041981068907
RBM12B	SRR5949350	1.149757132515299
RBM12B	SRR5949351	1.1497815594090803
RBM12B	SRR5949352	1.149801355279094
RBM12B	SRR5949353	1.1498041981068907
RBM12B	SRR5949354	1.1495224477062624
RBM12B	SRR5949355	1.149727479151349
RBM12B	SRR5949356	1.1467122388088349
RBM12B	SRR5949357	1.149752993629983
RBM12B	SRR5949358	1.1497815594090803
RBM12B	SRR5949359	1.1498041981068907
RBM12B	SRR5949360	1.149727479151349
RBM12B	SRR5949361	1.1496653216499102
RBM12B	SRR5949362	1.1478188840514512
RBM12B	SRR5949363	1.1498758641415114
RBM12B	SRR5949364	1.1496058907069004
RBM12B	SRR5949365	1.1494121443044876
RBM12B	SRR5949366	1.1474377159067004
RBM12B	SRR5949367	1.1499000124654937
RBM12B	SRR5949368	1.148804618132568
RBM12B	SRR5949369	1.1498758641415114
RBM12B	SRR5949370	1.1498283651018633
RBM12B	SRR5949371	1.1495565511841175
RBM12B	SRR5949372	1.149801355279094
RBM12B	SRR5949373	1.1498758641415114
RBM12B	SRR5949374	1.1496516232140812
RBM12B	SRR5949375	1.1498758641415114
RBM12B	SRR5949376	1.1499000124654937
RBM12B	SRR5949377	1.1498041981068907
RBM12B	SRR5949378	1.1499000124654937
RBM12B	SRR5949379	1.1498041981068907
RBM12B	SRR5949380	1.1489471817569916
RBM12B	SRR5949381	1.1495012298161975
RBM12B	SRR5949382	1.1498283651018633
RBM12B	SRR5949383	1.1496993836519698
RBM12B	SRR5949384	1.1498758641415114
RBM12B	SRR5949385	1.149659680044542
RBM12B	SRR5949386	1.1499000124654937
RBM12B	SRR5949387	1.147930185304594
RBM12B	SRR5949388	1.1495224477062624
RBM12B	SRR5949389	1.1499000124654937
RBM12B	SRR5949390	1.1497815594090803
RBM12B	SRR5949391	1.1495565511841175
RBM12B	SRR5949392	1.1499000124654937
RBM12B	SRR5949393	1.1495565511841175
RBM12B	SRR5949394	1.1495012298161975
RBM12B	SRR5949395	1.1497815594090803
RBM12B	SRR5949396	1.1489204896371397
RBM12B	SRR5949397	1.1498758641415114
RBM12B	SRR5949398	1.1498700492655702
RBM12B	SRR5949399	1.1497815594090803
RBM12B	SRR5949400	1.1442239823514004
RBM12B	SRR5949401	1.1499000124654937
RBM12B	SRR5949402	1.149801355279094
RBM12B	SRR5949403	1.149757132515299
RBM12B	SRR5949404	1.1495611354981103
RBM12B	SRR5949405	1.1498041981068907
RBM12B	SRR5949406	1.1498758641415114
RBM12B	SRR5949407	1.1498041981068907
RBM12B	SRR5949408	1.1498041981068907
RBM12B	SRR5949409	1.149801355279094
RBM12B	SRR5949410	1.149801355279094
RBM12B	SRR5949411	1.1499000124654937
RBM12B	SRR5949412	1.1496653216499102
RBM12B	SRR5949413	1.1498041981068907
RBM12B	SRR5949414	1.1498283651018633
RBM12B	SRR5949415	1.1498700492655702
RBM12B	SRR5949416	1.149752993629983
RBM12B	SRR5949417	1.1496993836519698
RBM12B	SRR5949418	1.1498041981068907
RBM12B	SRR5949419	1.1498283651018633
RBM12B	SRR5949420	1.149727479151349
RBM12B	SRR5949421	1.1496993836519698
RBM12B	SRR5949422	1.149752993629983
RBM12B	SRR5949423	1.149752993629983
RBM12B	SRR5949424	1.1499000124654937
RBM12B	SRR5949425	1.149752993629983
RBM12B	SRR5949426	1.1498700492655702
RBM12B	SRR5949427	1.149752993629983
RBM12B	SRR5949428	1.1499000124654937
RBM12B	SRR5949429	1.149461221160821
RBM12B	SRR5949430	1.1497815594090803
RBM12B	SRR5949431	1.1497815594090803
RBM12B	SRR5949432	1.149801355279094
RBM12B	SRR5949433	1.149757132515299
RBM12B	SRR5949434	1.149757132515299
RBM12B	SRR5949435	1.1495510677538354
RBM12B	SRR5949436	1.1498283651018633
RBM12B	SRR5949437	1.149461221160821
RBM12B	SRR5949438	1.1493806150832857
RBM12B	SRR5949439	1.1498758641415114
RBM12B	SRR5949440	1.1498700492655702
RBM12B	SRR5949441	1.1498700492655702
RBM12B	SRR5949442	1.1496516232140812
RBM12B	SRR5949443	1.1495611354981103
RBM12B	SRR5949444	1.1495012298161975
RBM12B	SRR5949445	1.1499000124654937
RBM12B	SRR5949446	1.1498700492655702
RBM12B	SRR5949447	1.149757132515299
RBM12B	SRR5949448	1.1499000124654937
RBM12B	SRR5949449	1.1499000124654937
RBM12B	SRR5949450	1.1497815594090803
RBM12B	SRR5949451	1.1496993836519698
RBM12B	SRR5949452	1.1498041981068907
RBM12B	SRR5949453	1.1497815594090803
RBM12B	SRR5949454	1.1498041981068907
RBM12B	SRR5949455	1.149757132515299
RBM12B	SRR5949456	1.1498758641415114
RBM12B	SRR5949457	1.1498700492655702
RBM12B	SRR5949458	1.1498758641415114
RBM12B	SRR5949459	1.149801355279094
RBM12B	SRR5949460	1.1495611354981103
RBM12B	SRR5949461	1.1490004023259148
RBM12B	SRR5949462	1.1498283651018633
RBM12B	SRR5949463	1.1495510677538354
RBM12B	SRR5949464	1.1494610034998385
RBM12B	SRR5949465	1.1489587806071277
RBM12B	SRR5949466	1.1497815594090803
RBM12B	SRR5949467	1.1489471817569916
RBM12B	SRR5949468	1.1498283651018633
RBM12B	SRR5949469	1.1498700492655702
RBM12B	SRR5949470	1.1498041981068907
RBM12B	SRR5949471	1.149727479151349
RBM12B	SRR5949472	1.149801355279094
RBM12B	SRR5949473	1.149801355279094
RBM12B	SRR5949474	1.149757132515299
RBM12B	SRR5949475	1.1499000124654937
RBM12B	SRR5949476	1.1498041981068907
RBM12B	SRR5949477	1.1498700492655702
RBM12B	SRR5949478	1.149801355279094
RBM12B	SRR5949479	1.149283393549715
RBM12B	SRR5949480	1.149752993629983
RBM12B	SRR5949481	1.1498700492655702
RBM12B	SRR5949482	1.1496653216499102
RBM12B	SRR5949483	1.1492630102128836
RBM12B	SRR5949484	1.1498283651018633
RBM12B	SRR5949485	1.1495012298161975
RBM12B	SRR5949486	1.149757132515299
RBM12B	SRR5949487	1.149752993629983
RBM12B	SRR5949488	1.149461221160821
RBM12B	SRR5949489	1.1496058907069004
RBM12B	SRR5949490	1.1496058907069004
RBM12B	SRR5949491	1.149757132515299
RBM12B	SRR5949492	1.1496058907069004
RBM12B	SRR5949493	1.149727479151349
RBM12B	SRR5949494	1.1499000124654937
RBM12B	SRR5949495	1.1494707522857042
RBM12B	SRR5949496	1.149727479151349
RBM12B	SRR5949497	1.149727479151349
RBM12B	SRR5949498	1.1497815594090803
RBM12B	SRR5949499	1.1498283651018633
RBM12B	SRR5949500	1.1494121443044876
RBM12B	SRR5949501	1.149515806070026
RBM12B	SRR5949502	1.1492573238148507
RBM12B	SRR5949503	1.149639556483191
RBM12B	SRR5949504	1.1498041981068907
RBM12B	SRR5949505	1.1498041981068907
RBM12B	SRR5949506	1.1498041981068907
RBM12B	SRR5949507	1.1498700492655702
RBM12B	SRR5949508	1.149752993629983
RBM12B	SRR5949509	1.1498283651018633
RBM12B	SRR5949510	1.1498041981068907
RBM12B	SRR5949511	1.1489592829745587
RBM12B	SRR5949512	1.149801355279094
RBM12B	SRR5949513	1.1499000124654937
RBM12B	SRR5949514	1.149659680044542
RBM12B	SRR5949515	1.1498283651018633
RBM12B	SRR5949516	1.149757132515299
RBM12B	SRR5949517	1.1498041981068907
RBM12B	SRR5949518	1.149283393549715
RBM12B	SRR5949519	1.1496058907069004
RBM12B	SRR5949520	1.1498700492655702
RBM12B	SRR5949521	1.1490859664004887
RBM12B	SRR5949522	1.149801355279094
RBM12B	SRR5949523	1.1498700492655702
RBM12B	SRR5949524	1.149757132515299
RBM12B	SRR5949525	1.149659680044542
RBM12B	SRR5949526	1.1489944018824365
RBM12B	SRR5949527	1.149639556483191
RBM12B	SRR5949528	1.1483720675437479
RBM12B	SRR5949529	1.1495224477062624
RBM12B	SRR5949530	1.149727479151349
RBM12B	SRR5949531	1.1496653216499102
RBM12B	SRR5949532	1.1498700492655702
RBM12B	SRR5949533	1.1499000124654937
RBM12B	SRR5949534	1.149659680044542
RBM12B	SRR5949535	1.1498283651018633
RBM12B	SRR5949536	1.1497815594090803
RBM12B	SRR5949537	1.1498700492655702
RBM12B	SRR5949538	1.1499000124654937
RBM12B	SRR5949539	1.149727479151349
RBM12B	SRR5949540	1.1495611354981103
RBM12B	SRR5949541	1.149727479151349
RBM12B	SRR5949542	1.1495224477062624
RBM12B	SRR5949543	1.149752993629983
RBM12B	SRR5949544	1.1495611354981103
RBM12B	SRR5949545	1.149283393549715
RBM12B	SRR5949546	1.149639556483191
RBM12B	SRR5949547	1.1499000124654937
RBM12B	SRR5949548	1.149757132515299
RBM12B	SRR5949549	1.1494121443044876
RBM12B	SRR5949550	1.1489471817569916
RBM12B	SRR5949551	1.149801355279094
RBM12B	SRR5949552	1.1494823274298185
RBM12B	SRR5949553	1.1498758641415114
RBM12B	SRR5949554	1.1498041981068907
RBM12B	SRR5949555	1.1409427054301
RBM12B	SRR5949556	1.149515806070026
RBM12B	SRR5949557	1.1497815594090803
RBM12B	SRR5949558	1.1494707522857042
RBM12B	SRR5949559	1.1498283651018633
RBM12B	SRR5949560	1.1498283651018633
RBM12B	SRR5949561	1.1490061236504394
RBM12B	SRR5949562	1.1495012298161975
RBM12B	SRR5949563	1.1497815594090803
RBM12B	SRR5949564	1.149801355279094
RBM12B	SRR5949565	1.1498758641415114
RBM12B	SRR5949566	1.1498283651018633
RBM12B	SRR5949567	1.1479342052496542
RBM12B	SRR5949568	1.1495565511841175
RBM12B	SRR5949569	1.149614382860247
RBM12B	SRR5949570	1.149727479151349
RBM12B	SRR5949571	1.1493287860193127
RBM12B	SRR5949572	1.1496993836519698
RBM12B	SRR5949573	1.1495565511841175
RBM12B	SRR5949574	1.1497815594090803
RBM12B	SRR5949575	1.149752993629983
RBM12B	SRR5949576	1.1496993836519698
RBM12B	SRR5949577	1.1498758641415114
RBM12B	SRR5949578	1.1497815594090803
RBM12B	SRR5949579	1.1498283651018633
RBM12B	SRR5949580	1.1498283651018633
RBM12B	SRR5949581	1.1499000124654937
RBM12B	SRR5949582	1.149614382860247
RBM12B	SRR5949583	1.1498758641415114
RBM12B	SRR5949584	1.1489713533334538
RBM12B	SRR5949585	1.149801355279094
RBM12B	SRR5949586	1.1498041981068907
RBM12B	SRR5949587	1.149757132515299
RBM12B	SRR5949588	1.14823324140182
RBM12B	SRR5949589	1.1499000124654937
RBM12B	SRR5949590	1.149639556483191
RBM12B	SRR5949591	1.1498283651018633
RBM12B	SRR5949592	1.1496653216499102
RBM12B	SRR5949593	1.1499000124654937
RBM12B	SRR5949594	1.1496993836519698
RBM12B	SRR5949595	1.1498041981068907
RBM12B	SRR5949596	1.149757132515299
RBM12B	SRR5949597	1.1492327898220787
RBM12B	SRR5949598	1.149727479151349
RBM12B	SRR5949599	1.149639556483191
RBM12B	SRR5949600	1.1497815594090803
RBM12B	SRR5949601	1.1496993836519698
RBM12B	SRR5949602	1.1499000124654937
RBM12B	SRR5949603	1.149801355279094
RBM12B	SRR5949604	1.1498041981068907
RBM12B	SRR5949605	1.1496993836519698
RBM12B	SRR5949606	1.1494707522857042
RBM12B	SRR5949607	1.1498700492655702
RBM12B	SRR5949608	1.1490004023259148
RBM12B	SRR5950246	1.1489592829745587
RBM12B	SRR5950247	1.1494707522857042
RBM12B	SRR5950248	1.1497815594090803
RBM12B	SRR5950249	1.1499000124654937
RBM12B	SRR5950250	1.1495611354981103
RBM12B	SRR5950251	1.1497815594090803
RBM12B	SRR5950252	1.1498758641415114
RBM12B	SRR5950253	1.1498041981068907
RBM12B	SRR5950254	1.1494707522857042
RBM12B	SRR5950255	1.1492327898220787
RBM12B	SRR5950256	1.14882817140177
RBM12B	SRR5950257	1.1487945702274995
RBM12B	SRR5950258	1.149801355279094
RBM12B	SRR5950259	1.1498283651018633
RBM12B	SRR5950260	1.1497815594090803
RBM12B	SRR5950261	1.149801355279094
RBM12B	SRR5950262	1.149659680044542
RBM12B	SRR5950263	1.1492573238148507
RBM12B	SRR5950264	1.1498700492655702
RBM12B	SRR5950265	1.1495611354981103
RBM12B	SRR5950266	1.1489684643066176
RBM12B	SRR5950267	1.149801355279094
RBM12B	SRR5950268	1.1496993836519698
RBM12B	SRR5950269	1.149727479151349
RBM12B	SRR5950270	1.1494610034998385
RBM12B	SRR5950271	1.1499000124654937
RBM12B	SRR5950272	1.1499000124654937
RBM12B	SRR5950273	1.1497815594090803
RBM12B	SRR5950274	1.1496516232140812
RBM12B	SRR5950275	1.1496993836519698
RBM12B	SRR5950276	1.149801355279094
RBM12B	SRR5950277	1.149515806070026
RBM12B	SRR5950278	1.1492438683694057
RBM12B	SRR5950279	1.149757132515299
RBM12B	SRR5950280	1.1498041981068907
RBM12B	SRR5950281	1.1496993836519698
RBM12B	SRR5950282	1.1493287860193127
RBM12B	SRR5950283	1.149801355279094
RBM12B	SRR5950284	1.1466271340242074
RBM12B	SRR5950285	1.1494823274298185
RBM12B	SRR5950286	1.1497815594090803
RBM12B	SRR5950287	1.1491016556665985
RBM12B	SRR5950288	1.1495510677538354
RBM12B	SRR5950289	1.1490061236504394
RBM12B	SRR5950290	1.1498283651018633
RBM12B	SRR5950291	1.149801355279094
RBM12B	SRR5950292	1.1496653216499102
RBM12B	SRR5950293	1.1494610034998385
RBM12B	SRR5950294	1.1499000124654937
RBM12B	SRR5950295	1.1498758641415114
RBM12B	SRR5950296	1.149752993629983
RBM12B	SRR5950297	1.1494508753827517
RBM12B	SRR5950298	1.1498283651018633
RBM12B	SRR5950299	1.149614382860247
RBM12B	SRR5950300	1.149757132515299
RBM12B	SRR5950301	1.149801355279094
RBM12B	SRR5950302	1.149752993629983
RBM12B	SRR5950303	1.149614382860247
RBM12B	SRR5950304	1.149461221160821
RBM12B	SRR5950305	1.149752993629983
RBM12B	SRR5950306	1.149752993629983
RBM12B	SRR5950307	1.1496058907069004
RBM12B	SRR5950308	1.1496653216499102
RBM12B	SRR5950309	1.1496993836519698
RBM12B	SRR5950310	1.1497815594090803
RBM12B	SRR5950311	1.1498700492655702
RBM12B	SRR5950312	1.149801355279094
RBM12B	SRR5950313	1.1496653216499102
RBM12B	SRR5950314	1.1498283651018633
RBM12B	SRR5950315	1.149801355279094
RBM12B	SRR5950316	1.1498700492655702
RBM12B	SRR5950317	1.149614382860247
RBM12B	SRR5950318	1.1494610034998385
RBM12B	SRR5950319	1.149639556483191
RBM12B	SRR5950320	1.149614382860247
RBM12B	SRR5950321	1.148836459359721
RBM12B	SRR5950322	1.1495224477062624
RBM12B	SRR5950323	1.1496516232140812
RBM12B	SRR5950324	1.1498283651018633
RBM12B	SRR5950325	1.149659680044542
RBM12B	SRR5950326	1.149515806070026
RBM12B	SRR5950327	1.149801355279094
RBM12B	SRR5950328	1.149801355279094
RBM12B	SRR5950329	1.149752993629983
RBM12B	SRR5950330	1.149639556483191
RBM12B	SRR5950331	1.1493287860193127
RBM12B	SRR5950332	1.1494707522857042
RBM12B	SRR5950333	1.1498283651018633
RBM12B	SRR5950334	1.1498283651018633
RBM12B	SRR5950335	1.1498283651018633
RBM12B	SRR5950336	1.1477909267796054
RBM12B	SRR5950337	1.1490522198255662
RBM12B	SRR5950338	1.1484554126990747
RBM12B	SRR5950339	1.1499000124654937
RBM12B	SRR5950340	1.1496058907069004
RBM12B	SRR5950341	1.1496653216499102
RBM12B	SRR5950342	1.1498700492655702
RBM12B	SRR5950343	1.1496653216499102
RBM12B	SRR5950344	1.1495224477062624
RBM12B	SRR5950345	1.1496516232140812
RBM12B	SRR5950346	1.149801355279094
RBM12B	SRR5950347	1.149752993629983
RBM12B	SRR5950348	1.1496058907069004
RBM12B	SRR5950349	1.1498758641415114
RBM12B	SRR5950350	1.1497815594090803
RBM12B	SRR5950351	1.1491016556665985
RBM12B	SRR5950352	1.1498700492655702
RBM12B	SRR5950353	1.149752993629983
RBM12B	SRR5950354	1.1498700492655702
RBM12B	SRR5950355	1.1498700492655702
RBM12B	SRR5950356	1.1489979896611313
RBM12B	SRR5950357	1.1498700492655702
RBM12B	SRR5950358	1.149614382860247
RBM12B	SRR5950359	1.149727479151349
RBM12B	SRR5950360	1.1498700492655702
RBM12B	SRR5950361	1.1498700492655702
RBM12B	SRR5950362	1.1495224477062624
RBM12B	SRR5950363	1.1494508753827517
RBM12B	SRR5950364	1.149639556483191
RBM12B	SRR5950365	1.1498041981068907
RBM12B	SRR5950366	1.1498283651018633
RBM12B	SRR5950367	1.1489024179979748
RBM12B	SRR5950368	1.149752993629983
RBM12B	SRR5950369	1.1499000124654937
RBM12B	SRR5950370	1.1499000124654937
RBM12B	SRR5950371	1.149801355279094
RBM12B	SRR5950372	1.1498041981068907
RBM12B	SRR5950373	1.149757132515299
RBM12B	SRR5950374	1.149757132515299
RBM12B	SRR5950375	1.1498700492655702
RBM12B	SRR5950376	1.1499000124654937
RBM12B	SRR5950377	1.1494121443044876
RBM12B	SRR5950378	1.149757132515299
RBM12B	SRR5950379	1.149752993629983
RBM12B	SRR5950380	1.1496653216499102
RBM12B	SRR5950381	1.149659680044542
RBM12B	SRR5950382	1.1491016556665985
RBM12B	SRR5950383	1.1498758641415114
RBM12B	SRR5950384	1.1498283651018633
RBM12B	SRR5950385	1.1490859664004887
RBM12B	SRR5950386	1.1498700492655702
RBM12B	SRR5950387	1.1498758641415114
RBM12B	SRR5950388	1.1495611354981103
RBM12B	SRR5950389	1.1485352709618715
RBM12B	SRR5950390	1.1496993836519698
RBM12B	SRR5950391	1.1499000124654937
RBM12B	SRR5950392	1.1491016556665985
RBM12B	SRR5950393	1.1495565511841175
RBM12B	SRR5950394	1.149727479151349
RBM12B	SRR5950395	1.149752993629983
RBM12B	SRR5950396	1.1499000124654937
RBM12B	SRR5950397	1.1498758641415114
RBM12B	SRR5950398	1.1498758641415114
RBM12B	SRR5950399	1.149659680044542
RBM12B	SRR5950400	1.1496993836519698
RBM12B	SRR5950401	1.1498700492655702
RBM12B	SRR5950402	1.1498700492655702
RBM12B	SRR5950403	1.1497815594090803
RBM12B	SRR5950404	1.1498041981068907
RBM12B	SRR5950405	1.14823324140182
RBM12B	SRR5950406	1.1493806150832857
RBM12B	SRR5950407	1.149801355279094
RBM12B	SRR5950408	1.149461221160821
RBM12B	SRR5950409	1.1495565511841175
RBM12B	SRR5950410	1.1499000124654937
RBM12B	SRR5950411	1.1498283651018633
RBM12B	SRR5950412	1.1498700492655702
RBM12B	SRR5950413	1.1493657120956842
RBM12B	SRR5950414	1.149801355279094
RBM12B	SRR5950415	1.149614382860247
RBM12B	SRR5950416	1.1496653216499102
RBM12B	SRR5950417	1.1496993836519698
RBM12B	SRR5950418	1.1495510677538354
RBM12B	SRR5950419	1.1498700492655702
RBM12B	SRR5950420	1.149752993629983
RBM12B	SRR5950421	1.1495611354981103
RBM12B	SRR5950422	1.1494707522857042
RBM12B	SRR5950423	1.149757132515299
RBM12B	SRR5950424	1.1498283651018633
RBM12B	SRR5950425	1.1498700492655702
RBM12B	SRR5950426	1.1496058907069004
RBM12B	SRR5950427	1.1498283651018633
RBM12B	SRR5950428	1.149757132515299
RBM12B	SRR5950429	1.1498700492655702
RBM12B	SRR5950430	1.149727479151349
RBM12B	SRR5950431	1.149727479151349
RBM12B	SRR5950432	1.1498041981068907
RBM12B	SRR5950433	1.149801355279094
RBM12B	SRR5950434	1.1495611354981103
RBM12B	SRR5950435	1.149757132515299
RBM12B	SRR5950436	1.1498700492655702
RBM12B	SRR5950437	1.149727479151349
RBM12B	SRR5950438	1.1498283651018633
RBM12B	SRR5950439	1.1498758641415114
RBM12B	SRR5950440	1.145365413736815
RBM12B	SRR5950441	1.1494707522857042
RBM12B	SRR5950442	1.1497815594090803
RBM12B	SRR5950443	1.149659680044542
RBM12B	SRR5950444	1.149801355279094
RBM12B	SRR5950445	1.1498041981068907
RBM12B	SRR5950446	1.1496516232140812
RBM12B	SRR5950447	1.1494257243385793
RBM12B	SRR5950448	1.149801355279094
RBM12B	SRR5950449	1.1498041981068907
RBM12B	SRR5950450	1.1498700492655702
RBM12B	SRR5950451	1.1499000124654937
RBM12B	SRR5950452	1.1494823274298185
RBM12B	SRR5950453	1.1498283651018633
RBM12B	SRR5950454	1.1494823274298185
RBM12B	SRR5950455	1.1498283651018633
RBM12B	SRR5950456	1.149757132515299
RBM12B	SRR5950457	1.149659680044542
RBM12B	SRR5950458	1.1499000124654937
RBM12B	SRR5950459	1.149752993629983
RBM12B	SRR5950460	1.149752993629983
RBM12B	SRR5950461	1.1497815594090803
RBM12B	SRR5950462	1.1492630102128836
RBM12B	SRR5950463	1.149614382860247
RBM12B	SRR5950464	1.149515806070026
RBM12B	SRR5950465	1.1449587156171235
RBM12B	SRR5950466	1.149801355279094
RBM12B	SRR5950467	1.149752993629983
RBM12B	SRR5950468	1.149801355279094
RBM12B	SRR5950469	1.149639556483191
RBM12B	SRR5950470	1.1498700492655702
RBM12B	SRR5963912	1.1499000124654937
RBM12B	SRR5963913	1.1495224477062624
RBM12B	SRR5963914	1.1499000124654937
RBM12B	SRR5963915	1.1495611354981103
RBM12B	SRR5963916	1.1494121443044876
RBM12B	SRR5963917	1.1496993836519698
RBM12B	SRR5963918	1.149727479151349
RBM12B	SRR5963919	1.1498041981068907
RBM12B	SRR5963920	1.149757132515299
RBM12B	SRR5963921	1.1498283651018633
RBM12B	SRR5963922	1.1496653216499102
RBM12B	SRR5963923	1.149727479151349
RBM12B	SRR5963924	1.1498041981068907
RBM12B	SRR5963925	1.1495224477062624
RBM12B	SRR5963926	1.149515806070026
RBM12B	SRR5963927	1.1498758641415114
RBM12B	SRR5963928	1.1494823274298185
RBM12B	SRR5963929	1.149801355279094
RBM12B	SRR5963930	1.1493287860193127
RBM12B	SRR5963931	1.1499000124654937
RBM12B	SRR5963932	1.149757132515299
RBM12B	SRR5963933	1.149659680044542
RBM12B	SRR5963934	1.1494257243385793
RBM12B	SRR5963935	1.1499000124654937
RBM12B	SRR5963936	1.1495510677538354
RBM12B	SRR5963937	1.1492573238148507
RBM12B	SRR5963938	1.149801355279094
RBM12B	SRR5963939	1.1498041981068907
RBM12B	SRR5963940	1.1498700492655702
RBM12B	SRR5963941	1.1499000124654937
RBM12B	SRR5963942	1.1499000124654937
RBM12B	SRR5963943	1.1498283651018633
RBM12B	SRR5963944	1.1499000124654937
RBM12B	SRR5963945	1.1498758641415114
RBM12B	SRR5963946	1.149801355279094
RBM12B	SRR5963947	1.149801355279094
RBM12B	SRR5963948	1.149801355279094
RBM12B	SRR6467548	256.4907553751133
RBM12B	SRR6467549	264.3246827694347
RBM12B	SRR6467550	417.9153413978553
RBM12B	SRR6467551	341.5274752053413
RBM12B	SRR6467552	366.964724105527
RBM12B	SRR6467553	218.76656372249536
RBM12B	SRR6467554	244.38931750362673
RBM12B	SRR6467555	300.26688796506807
RBM12B	SRR6467556	399.6720358116075
RBM12B	SRR6467557	316.57430939648987
RBM12B	SRR6467558	304.02459983060055
RBM12B	SRR6467559	564.2245009896585
RBM12B	SRR6467560	371.75907818800755
RBM12B	SRR6467561	384.8463255504094
RBM12B	SRR6467562	503.9040964401658
RBM12B	SRR6467563	486.9992478936452
RBM12B	SRR6467564	338.4564963926435
RBM12B	SRR6467565	428.112598335465
RBM12B	SRR6467566	222.97397228746493
RBM12B	SRR6467567	362.97516002984383
RBM12B	SRR6467568	362.48080391905455
RBM12B	SRR6467569	237.42569213380645
RBM12B	SRR6467570	550.8997429219476
RBM12B	SRR6467571	642.4621444461669
RBM12B	SRR6467572	242.48273457868197
RBM12B	SRR6467573	450.0388331785253
RBM12B	SRR6467574	557
RBM12B	SRR6467575	462.9935348522506
RBM12B	SRR6467576	347.6174516409888
RBM12B	SRR6467577	447.64377856806084
RBM12B	SRR6467578	261.55731421488883
RBM12B	SRR6467579	321.3656583416293
RBM12B	SRR6467580	409.4427963530428
RBM12B	SRR6467581	602.1448926191359
RBM12B	SRR6467582	616.5068525157377
RBM12B	SRR6467583	671
RBM12B	SRR6467584	429.55407616741354
RBM12B	SRR6467585	434.1346673088222
RBM12B	SRR6467586	520.5345881208395
RBM12B	SRR6467587	452.5137231805452
RBM12B	SRR6467588	894.570668155026
RBM12B	SRR6467589	557
RBM12B	SRR6467590	518.4286882975421
RBM12B	SRR6467591	446.6496640810539
RBM12B	SRR6467592	332.567248082572
RBM12B	SRR6467593	391.76993207096194
RBM12B	SRR6467594	470.67629052009625
RBM12B	SRR6467595	505.1046390387772
RBM12B	SRR6467596	386
RBM12B	SRR6467597	612.4292633445062
RBM12B	SRR6467598	898.3287633888351
RBM12B	SRR6467599	414.5449268326499
RBM12B	SRR6467600	485.3273687548224
RBM12B	SRR6467601	307.707118119207
RBM12B	SRR6467602	530.8793696927509
RBM12B	SRR6467603	260
RBM12B	SRR6467604	319.3434659521269
RBM12B	SRR6467605	402.43313855051
RBM12B	SRR6467606	385
RBM12B	SRR6467607	648
RBM12B	SRR6467608	371.9747102999657
RBM12B	SRR6467609	419.0753840628073
RBM12B	SRR6467610	317.1342531670789
RBM12B	SRR6467611	486.21417138053107
RBM12B	SRR6467612	510.94847545307704
RBM12B	SRR6467613	537
RBM12B	SRR6467614	539
RBM12B	SRR6467615	339.25575324288013
RBM12B	SRR6467616	320.13600334000336
RBM12B	SRR6467617	291.93397059965014
RBM12B	SRR6467618	548
RBM12B	SRR6467619	435.83999463648456
RBM12B	SRR6467620	416.07588939226
RBM12B	SRR6467621	325.6547308204666
RBM12B	SRR6467622	164.4398609354179
RBM12B	SRR6467623	637.227361936783
RBM12B	SRR6467624	302.0543340977752
RBM12B	SRR6467625	338
RBM12B	SRR6467626	321
RBM12B	SRR6467627	451.49849515656183
RBM12B	SRR6467628	620
RBM12B	SRR6467629	582.003922380014
RBM12B	SRR6467630	404.2908198695505
RBM12B	SRR6467631	563.5066408313832
RBM12B	SRR6467632	305.1747710060059
RBM12B	SRR6467633	508
RBM12B	SRR6467634	369.4706347930729
RBM12B	SRR6467635	503.6747604801515
RBM12B	SRR6467636	236.35894518058072
RBM12B	SRR6467637	477
RBM12B	SRR6467638	562
RBM12B	SRR6467639	438.3846386880617
RBM12B	SRR6467640	125.57297148597144
RBM12B	SRR6467641	368.38821579045805
RBM12B	SRR6467642	541.1189989516745
RBM12B	SRR6467643	317.9290821589413
RBM12B	SRR6467644	501
RBM12B	SRR6467645	502.194897116644
RBM12B	SRR6467646	488
RBM12B	SRR6467647	499.56584032211913
RBM12B	SRR6467648	304.74941109848123
RBM12B	SRR6467649	541.8524612489103
RBM12B	SRR6467650	241.3135205422553
RBM12B	SRR6467651	270.7865567144191
RBM12B	SRR6467652	550.0989528270741
RBM12B	SRR6467653	321.15534213121094
RBM12B	SRR6467654	424.58233426201184
RBM12B	SRR6467655	531
RBM12B	SRR6467656	659.2996544946437
RBM12B	SRR6467657	559
RBM12B	SRR6467658	613
RBM12B	SRR6467659	465.4788752914442
RBM12B	SRR6467660	250.70382745113923
RBM12B	SRR6467661	545.4905777914271
RBM12B	SRR6467662	574.3553711706813
RBM12B	SRR6467663	295.82329818509135
RBM12B	SRR6467664	471.0983100867064
RBM12B	SRR6467665	517
RBM12B	SRR6467666	546
RBM12B	SRR6467667	460.1991764099583
RBM12B	SRR6467668	446.8258021630206
RBM12B	SRR6467669	477
RBM12B	SRR6467670	614
RBM12B	SRR6467671	647.3516813996048
RBM12B	SRR6467672	289.53990622057216
RBM12B	SRR6467673	349.31814712674776
RBM12B	SRR6467674	485.01494276379873
RBM12B	SRR6467675	258.21234124979435
RBM12B	SRR6467676	497.12024502737256
RBM12B	SRR6467677	600
RBM12B	SRR6467678	727
RBM12B	SRR6467679	463
RBM12B	SRR6467680	250.66087705247298
RBM12B	SRR6467681	479
RBM12B	SRR6467682	529.1481331472525
RBM12B	SRR6467683	121.34354534518042
RBM12B	SRR6467684	273.70775374478796
RBM12B	SRR6467685	246.42529645348415
RBM12B	SRR6467686	481.69274606540773
RBM12B	SRR6467687	609.5701717350446
RBM12B	SRR6467688	443
RBM12B	SRR6467689	363.565047236958
RBM12B	SRR6467690	382.0776242693542
RBM12B	SRR6467691	420.3190966612159
RBM12B	SRR6467692	462.4644156864128
RBM12B	SRR6467693	649.0232545598619
RBM12B	SRR6467694	365.74816624907595
RBM12B	SRR6467695	267.2153528664799
RBM12B	SRR6467696	579.321865230047
RBM12B	SRR6467697	570
RBM12B	SRR6467698	442.0689631561607
RBM12B	SRR6467699	431
RBM12B	SRR6467700	519.0205963913173
RBM12B	SRR6467701	645
RBM12B	SRR6467702	246.4839647937761
RBM12B	SRR6467703	277.3797915021631
RBM12B	SRR6467704	310.86516080467226
RBM12B	SRR6467705	422.7428313549513
RBM12B	SRR6467706	54.997407663452684
RBM12B	SRR6467707	767
RBM12B	SRR6467708	387.66788596835966
RBM12B	SRR6467709	465
RBM12B	SRR6467710	537.4832435638592
RBM12B	SRR6467711	531.7250546573683
RBM12B	SRR6467712	305.3966912106741
RBM12B	SRR6467713	735.5025829571617
RBM12B	SRR6467714	217.28983040498892
RBM12B	SRR6467715	530
RBM12B	SRR6467716	578
RBM12B	SRR6467717	286.475469949878
RBM12B	SRR6467718	236.59033012591718
RBM12B	SRR6467719	440.5823497744837
RBM12B	SRR6467720	536
RBM12B	SRR6467721	493.7988541717044
RBM12B	SRR6467722	607.0441936490605
RBM12B	SRR6467723	482
RBM12B	SRR6467724	278
RBM12B	SRR6467725	615
RBM12B	SRR6467726	719.8218670517433
RBM12B	SRR6467727	584.3350033914269
RBM12B	SRR6467728	717
RBM12B	SRR6467729	460.1488784434507
RBM12B	SRR6467730	559.1865187279944
RBM12B	SRR6467731	327.20150351543367
RBM12B	SRR6467732	493.23803479165906
RBM12B	SRR6467733	338.5833215951048
RBM12B	SRR6467734	693.1204843297646
RBM12B	SRR6467735	330.710980534665
RBM12B	SRR6467736	321.98469690694054
RBM12B	SRR6467737	329.0294569902829
RBM12B	SRR6467738	310.11155685767756
RBM12B	SRR6467739	710
RBM12B	SRR6467740	303.6135883568781
RBM12B	SRR6467741	481.9806957196421
RBM12B	SRR6467742	504
RBM12B	SRR6467743	484
RBM12B	SRR6467744	564
RBM12B	SRR6467745	558.2008023438196
RBM12B	SRR6467746	323.5465864598121
RBM12B	SRR6467747	394.12725956197005
RBM12B	SRR6467748	456.35918138231773
RBM12B	SRR6467749	523
RBM12B	SRR6467750	342.81124201709366
RBM12B	SRR6467751	190.84216828067633
RBM12B	SRR6467752	374.04758688251997
RBM12B	SRR6467753	440.63610569580766
RBM12B	SRR6467754	631.9686103616428
RBM12B	SRR6467755	431.39672840813483
RBM12B	SRR6467756	427.53805397763347
RBM12B	SRR6467757	515
RBM12B	SRR6467758	554
RBM12B	SRR6467759	451.54286361802997
RBM12B	SRR6467760	227.74793653720445
RBM12B	SRR6467761	287.0484193712396
RBM12B	SRR6467762	396.97718677643434
RBM12B	SRR6467763	594.3659865325695
RBM12B	SRR6467764	785.6190523591843
RBM12B	SRR6467765	488.6067345024443
RBM12B	SRR6467766	211.08537394705778
RBM12B	SRR6467767	166.12304366743524
RBM12B	SRR6467768	336.142241498286
RBM12B	SRR6467769	225.9916678364798
RBM12B	SRR6467770	504
RBM12B	SRR6467771	542.3394105089026
RBM12B	SRR6467772	306.1623321487387
RBM12B	SRR6467773	314.22737634638094
RBM12B	SRR6868540	289.2275556486128
RBM12B	SRR6868541	227.14575271607907
RBM12B	SRR6868542	156.15055057656917
RBM12B	SRR6868543	307.6347702320048
RBM12B	SRR6868544	416.2423260287672
RBM12B	SRR6868545	100.44343552402987
RBM12B	SRR6868546	257.02481260168855
RBM12B	SRR6868557	198.1003282208363
RBM12B	SRR6868558	103.88367948336602
RBM12B	SRR6868559	186.9425579089151
RBM12B	SRR6868560	401.97535714255093
RBM12B	SRR6868569	170.97137751096997
RBM12B	SRR6868570	262.6076812949115
RBM12B	SRR6868571	203.72509768372063
RBM12B	SRR6868572	396.645280861799
RBM12B	SRR6868573	173.89429785748052
RBM12B	SRR6868574	437.29066136131786
RBM12B	SRR6868575	293.4351367817712
RBM12B	SRR6868576	376.9364538597144
RBM12B	SRR6868577	212.75489632502786
RBM12B	SRR6868578	331.0781216282972
RBM12B	SRR6868579	217.1665481547246
RBM12B	SRR6868580	323.44869477350557
RBM12B	SRR6868581	201.66958597752918
RBM12B	SRR6868582	253.07004726661208
RBM12B	SRR6868585	264.7994792916146
RBM12B	SRR6868586	164.2603049976767
RBM12B	SRR6868587	77.38448296545945
RBM12B	SRR6868588	457.2670643041804
RBM12B	SRR6868589	358.9172510032231
RBM12B	SRR6868590	249.83083816185032
RBM12B	SRR6868591	316.09530316733816
RBM12B	SRR6868604	118.34960607836521
RBM12B	SRR6868605	189.90603170753326
RBM12B	SRR6868606	215.49935274417214
RBM12B	SRR6868607	265.9057236601645
RBM12B	SRR6868608	233.5779417258185
RBM12B	SRR6868609	134.70070678893663
RBM12B	SRR6868610	186.04149783773354
RBM12B	SRR6868620	251.838187055249
RBM12B	SRR6868621	134.9114594046391
RBM12B	SRR6868622	291.9069295151651
RBM12B	SRR6868623	139.25806081926535
RBM12B	SRR6868636	172.26374011441382
RBM12B	SRR6868637	165.20411507511025
RBM12B	SRR6868638	158.00358724476374
RBM12B	SRR6868639	421.5181527531501
RBM12B	SRR6868650	112.30184036184912
RBM12B	SRR6868651	127.61356065344701
RBM12B	SRR6868652	202.01947599144762
RBM12B	SRR6868653	370.89952487129216
RBM12B	SRR6868654	332.95924787281126
RBM12B	SRR6868655	209.15694731325237
RBM12B	SRR6868665	418.9754744458466
RBM12B	SRR6868666	503.1108197444003
RBM12B	SRR6868667	526.0019878266801
RBM12B	SRR6868668	400.9764841613721
RBM12B	SRR6868669	529.0119554408224
RBM12B	SRR6868670	242.30557423153869
RBM12B	SRR6868671	289.1697528298763
RBM12B	SRR6868683	338.28183886768664
RBM12B	SRR6868684	246.83455587195095
RBM12B	SRR6868685	185.94194540510327
RBM12B	SRR6868686	337.4482701140701
RBM12B	SRR6868687	110.01272697529454
RBM12B	SRR6868688	254.7923216009256
RBM12B	SRR6868689	189.78168186580373
RBM12B	SRR6868698	123.22413458646112
RBM12B	SRR6868699	561.938284250045
RBM12B	SRR6868700	502.9959875004209
RBM12B	SRR6868701	246.5886009218964
RBM12B	SRR6868702	557.2511421842961
RBM12B	SRR6868713	384.9924507727244
RBM12B	SRR6868714	195.58951868888514
RBM12B	SRR6868715	282.33533129728875
RBM12B	SRR6868716	393.6271292062052
RBM12B	SRR6868717	252.5752550655366
RBM12B	SRR6868718	587.2817405460396
RBM12B	SRR6868719	810.3108986306469
RBM12B	SRR6868720	450.27000811686673
RBM12B	SRR6868721	451.0392251457539
RBM12B	SRR6868722	225.75185221137366
RBM12B	SRR6868723	340.5644408505627
RBM12B	SRR6868724	535.1645023554673
RBM12B	SRR6868725	1008.1936311127658
RBM12B	SRR6868726	853.0527450516073
RBM12B	SRR6868741	243.4906100811311
RBM12B	SRR7632756	163.33781350422936
RBM12B	SRR7632757	140.79946018902965
RBM12B	SRR7632758	125.31846979853282
RBM12B	SRR7632759	93.70952143168138
RBM12B	SRR7632760	109.16855839891446
RBM12B	SRR7632761	225.6017346111795
RBM12B	SRR7632762	33.556241431421554
RBM12B	SRR7632763	139.24426306050768
RBM12B	SRR7632764	62.21934253286033
RBM12B	SRR7632765	230.6042678409491
RBM12B	SRR7632766	56.711283667200945
RBM12B	SRR7632767	239.56692059089292
RBM12B	SRR7632768	51.8255966636344
RBM12B	SRR7632769	127.44611724701468
RBM12B	SRR7632770	164.34949620882654
RBM12B	SRR7632771	84.12829470400295
RBM12B	SRR7632772	132.4913898934475
RBM12B	SRR7632773	194.04773266218353
RBM12B	SRR7632774	228.44078230681086
RBM12B	SRR7632775	80.77498393648638
RBM12B	SRR7632776	71.61431705816209
RBM12B	SRR7632777	135.17587234736703
RBM12B	SRR7632778	241.00246162058147
RBM12B	SRR7632779	56.43641329431169
RBM12B	SRR7632780	209.77188876387245
RBM12B	SRR7632781	36.08846806859481
RBM12B	SRR7632782	83.12154167563205
RBM12B	SRR7632783	177.29167397165367
RBM12B	SRR7632784	220.90549386951167
RBM12B	SRR7632785	147.04790946163982
RBM12B	SRR7632786	87.47815453798908
RBM12B	SRR7632787	282.09983122450734
RBM12B	SRR7632788	266.6029089498952
RBM12B	SRR7632789	99.77795572871638
RBM12B	SRR7632790	154.5030515463001
RBM12B	SRR7632791	60.59506202445854
RBM12B	SRR7632792	106.77352188649046
RBM12B	SRR7632793	134.61017612330357
RBM12B	SRR7632794	158.0907999866119
RBM12B	SRR7632795	297.9583028741447
RBM12B	SRR7632796	185.12752993462922
RBM12B	SRR7632797	28.769891806279265
RBM12B	SRR7632798	216.23173296741916
RBM12B	SRR7632799	56.69313524456927
RBM12B	SRR7632800	165.44038916491323
RBM12B	SRR7632801	209.0943723263463
RBM12B	SRR7632802	47.609794411189156
RBM12B	SRR7632803	171.00730657845827
RBM12B	SRR7632804	118.61402220816393
RBM12B	SRR7632805	251.7764964535422
RBM12B	SRR7632806	190.87652575480794
RBM12B	SRR7632807	210.8219095348385
RBM12B	SRR7632808	149.21666742160514
RBM12B	SRR7632809	72.36562431764257
RBM12B	SRR7632810	195.8136997162567
RBM12B	SRR7632811	141.9597755024986
RBM12B	SRR7632812	229.6378065435315
RBM12B	SRR7632813	166.02453387004002
RBM12B	SRR7632814	162.5767504846151
RBM12B	SRR7632815	92.72409159789214
RBM12B	SRR7632816	51.61352712818689
RBM12B	SRR7632817	79.16054746529183
RBM12B	SRR7632818	166.90062055493658
RBM12B	SRR7632819	353.863754647971
RBM12B	SRR7632820	190.30121718270834
RBM12B	SRR7632821	174.30028981523148
RBM12B	SRR7632822	158.9756063248618
RBM12B	SRR7632823	145.53355240038618
RBM12B	SRR7632824	197.9011512235178
RBM12B	SRR7632825	189.5306436563453
RBM12B	SRR7632826	171.11031821635495
RBM12B	SRR7632827	54.849406991528554
RBM12B	SRR7632828	141.58758348211336
RBM12B	SRR7632829	98.40572939987447
RBM12B	SRR7632830	63.95526421369469
RBM12B	SRR7632831	190.75367840443462
RBM12B	SRR7632832	90.29546345284197
RBM12B	SRR7632833	33.65558517572817
RBM12B	SRR7632834	104.97734118437027
RBM12B	SRR7632835	17.758560235596242
RBM12B	SRR7632836	186.7484184012866
RBM12B	SRR7632837	108.69660168415044
RBM12B	SRR7632838	109.69168600489239
RBM12B	SRR7632839	168.91846886634684
RBM12B	SRR7632840	108.21020123359172
RBM12B	SRR7632841	50.36652444019852
RBM12B	SRR7632842	245.45615323301948
RBM12B	SRR7632843	36.31303860436926
RBM12B	SRR7632844	70.69493524416876
RBM12B	SRR7632845	195.97607954786
RBM12B	SRR7632846	85.00873048622923
RBM12B	SRR7632847	118.72916139341731
RBM12B	SRR7632848	170.5430117406756
RBM12B	SRR7632849	151.7076992131611
RBM12B	SRR7632850	127.62359116568285
RBM12B	SRR7632851	154.54711153912132
RBM12B	SRR7632852	315.3969250654673
RBM12B	SRR7632853	180.9139735806882
RBM12B	SRR7632854	165.0829361877225
RBM12B	SRR7632855	403
RBM12B	SRR7632856	161.03739722194126
RBM12B	SRR7632857	21.471529089527255
RBM12B	SRR7632858	57.04368734381285
RBM12B	SRR7632859	48.86266227617607
RBM12B	SRR7632860	12.904248640409593
RBM12B	SRR7632861	32.685849714281424
RBM12B	SRR7632862	136.63851286335222
RBM12B	SRR7632863	40.5886748446679
RBM12B	SRR7632864	61.68539028500253
RBM12B	SRR7632865	291.42588200358335
RBM12B	SRR7632866	217.22329296546656
RBM12B	SRR7632867	141.44065957730203
RBM12B	SRR7632868	119.99856003399162
RBM12B	SRR7632869	65.56423233691831
RBM12B	SRR7632870	197.74837847306742
RBM12B	SRR7632871	37.835628436918626
RBM12B	SRR7632872	102.1890340665577
RBM12B	SRR7632873	164.6900498029226
RBM12B	SRR7632874	201.5342381894214
RBM12B	SRR7632875	181.2988333594534
RBM12B	SRR7632876	97.36032287249773
RBM12B	SRR7632877	34.356287989669596
RBM12B	SRR7632878	136.95874961740202
RBM12B	SRR7632879	220.49864649991332
RBM12B	SRR7632880	56.982314967896365
RBM12B	SRR7632881	155.10472688783418
RBM12B	SRR7632882	78.83881887384094
RBM12B	SRR7632883	57.25882756859496
RBM12B	SRR7632884	124.04476898902182
RBM12B	SRR7632885	210.03887772091073
RBM12B	SRR7632886	38.195192042789685
RBM12B	SRR7632887	115.15224538448034
RBM12B	SRR7632888	72.65837758038478
RBM12B	SRR7632889	45.50476827477331
RBM12B	SRR7632890	55.103182960460806
RBM12B	SRR7632891	56.54078402164838
RBM12B	SRR7632892	118.68816234583467
RBM12B	SRR7632893	60.21190686574103
RBM12B	SRR7632894	101.56458474138371
RBM12B	SRR7632895	170.95899883916013
RBM12B	SRR7632896	108.4007120955732
RBM12B	SRR7632897	116.47387521299588
RBM12B	SRR7632898	192.7174349486652
RBM12B	SRR7632899	164.1331574699645
RBM12B	SRR7632900	179.18633678234278
RBM12B	SRR7632901	156.99231060275085
RBM12B	SRR7632902	79.32912481955589
RBM12B	SRR7632903	229.00295681539572
RBM12B	SRR7632904	67.36765077888076
RBM12B	SRR7632905	31.70210183543812
RBM12B	SRR7632906	89.45222751052614
RBM12B	SRR7632907	48.30309426568119
RBM12B	SRR7632908	262.0458363976507
RBM12B	SRR7632909	156.5389153332374
RBM12B	SRR7632910	64.35647924824049
RBM12B	SRR7632911	124.59706340480659
RBM12B	SRR7632912	79.21935518404564
RBM12B	SRR7632913	44.466342620214235
RBM12B	SRR7632914	115.4912945047144
RBM12B	SRR7632915	73.14696535630836
RBM12B	SRR7632916	94.84926116540544
RBM12B	SRR7632917	92.61072084867577
RBM12B	SRR7632918	101.55883856708367
RBM12B	SRR7632919	172.4935425329391
RBM12B	SRR7632920	154.77221610505842
RBM12B	SRR7632921	118.42241559561582
RBM12B	SRR7632922	103.89601845449671
RBM12B	SRR7632923	113.17320491132928
RBM12B	SRR7632924	121.48049765453554
RBM12B	SRR7632925	49.68418484284431
RBM12B	SRR7632926	93.70190281512586
RBM12B	SRR7632927	118.38018477072838
RBM12B	SRR7632928	220.72704542137745
RBM12B	SRR7632929	98.87462566306174
RBM12B	SRR7632930	192.17277982171504
RBM12B	SRR7632931	268.192920111484
RBM12B	SRR7632932	117.95465240276121
RBM12B	SRR7632933	107.2341611708726
RBM12B	SRR7632934	257.12340274980437
RBM12B	SRR7632935	164.64822994037107
RBM12B	SRR7632936	142.9473525485
RBM12B	SRR7632937	161.30238484977016
RBM12B	SRR7632938	131.41454733482317
RBM12B	SRR7632939	128.51296999754805
RBM12B	SRR7632940	182.185825960119
RBM12B	SRR7632941	42.90195278003527
RBM12B	SRR7632942	124.30167512732416
RBM12B	SRR7632943	318
RBM12B	SRR7632944	159.8863760705631
RBM12B	SRR7632945	346
RBM12B	SRR8928966	183.62016507485805
RBM12B	SRR8928967	122.09365782580744
RBM12B	SRR8928968	212.76346505835195
RBM12B	SRR8928969	231.93562454749346
RBM12B	SRR8928970	186.80912297259292
RBM12B	SRR8928971	140.08608990074916
RBM12B	SRR8928972	8.440850173635857
RBM12B	SRR8928973	295.7686442034057
RBM12B	SRR8928974	28.263993834332844
RBM12B	SRR8928975	66.78381961521413
RBM12B	SRR8928976	67.82059918716178
RBM12B	SRR8928977	140.7285534334489
RBM12B	SRR8928978	80.49384833194773
RBM12B	SRR8928979	63.22247241986492
RBM12B	SRR8928980	60.961164978007915
RBM12B	SRR8928981	88.02844420227662
RBM12B	SRR8928982	172.96509462644002
RBM12B	SRR8928983	544.0755949280667
RBM12B	SRR8928984	225.2664738601612
RBM12B	SRR8928985	62.0404383999842
RBM12B	SRR8928986	233.10371492842847
RBM12B	SRR8928987	239
RBM12B	SRR8928988	941
RBM12B	SRR8928989	94.67848445934743
RBM12B	SRR8928990	189.99510835761393
RBM12B	SRR8928991	111.98126794461491
RBM12B	SRR9835604	82.16916853770655
RBM12B	SRR9835605	237.32706567033665
RBM12B	SRR9835606	185.40803479452273
RBM12B	SRR9835607	100.92485506134342
RBM12B	SRR9835608	165.44256866812202
RBM12B	SRR9835609	282
RBM12B	SRR9835610	298.39242662413585
RBM12B	SRR9835611	240.26653768738032
RBM12B	SRR9835612	213.58378515893352
RBM12B	SRR9835613	218.29580184204906
RBM12B	SRR9835614	144.4551319074366
RBM12B	SRR9835615	81.09540269084277
RBM12B	SRR9835616	219.63498950017694
RBM12B	SRR9835617	125.8744713800545
RBM12B	SRR9835618	208.117371921351
RBM12B	SRR9835619	407
RBM12B	SRR9835620	155.75946610840077
RBM12B	SRR9835621	223.4795885712365
RBM12B	SRR9835622	192.5323939620808
RBM12B	SRR9835623	229.041200358909
RBM12B	SRR9835624	116.53211069312923
RBM12B	SRR9835625	173.54999088604225
RBM12B	SRR9835626	111.85659340518335
RBM12B	SRR9835627	186.38804908739942
RBM12B	SRR9835628	187.34762594820148
RBM12B	SRR9835629	51.02550827256149
RBM12B	SRR9835630	25.33774226443278
RBM12B	SRR9835631	35.66698281161842
RBM12B	SRR9835632	228.53384181335147
RBM12B	SRR9835633	279.09708553992846
RBM12B	SRR9835634	145.92633029300592
RBM12B	SRR9835635	190.86973069798307
RBM12B	SRR9835636	199.40849042166388
RBM12B	SRR9835637	155.70082649917504
RBM12B	SRR9835638	108.06024152816106
RBM12B	SRR9835639	103.07935351031122
RBM12B	SRR9835640	73.20440435595104
RBM12B	SRR9835641	226.88622062070957
RBM12B	SRR9835642	188.10515793926822
RBM12B	SRR9835643	209.80501529972344
RBM12B	SRR9835644	288.94965591342685
RBM12B	SRR9835645	105.02464788343809
RBM12B	SRR9835646	105.99332534182233
RBM12B	SRR9835647	150.3645158961331
RBM12B	SRR9835648	85.5138886579581
RBM12B	SRR9835649	141.6736138563913
RBM12B	SRR9835650	144.55341205144052
RBM12B	SRR9835651	203.14612978593752
RBM12B	SRR9835652	103.63398046261347
RBM12B	SRR9835653	225.62793929371375
RBM12B	SRR9835654	190.92321629724137
RBM12B	SRR9835655	232.1941577362077
RBM12B	SRR9835656	188.50799759660543
RBM12B	SRR9835657	171.5550962892549
RBM12B	SRR9835658	174.3499954323124
RBM12B	SRR9835659	151.9130290733083
RBM12B	SRR9835660	126.96342542844909
RBM12B	SRR9835661	215.87170407549178
RBM12B	SRR9835662	139.69853122801825
RBM12B	SRR9835663	143.8633378515269
RBM12B	SRR9835664	274.4728701688128
RBM12B	SRR9835665	198.82977844193104
RBM12B	SRR9835666	260
RBM12B	SRR9835667	166.39300655992835
RBM12B	SRR9835668	319
RBM12B	SRR9835669	54.41026622304511
RBM12B	SRR9835670	89.22713254090347
RBM12B	SRR9835671	207.78760841864485
RBM12B	SRR9835672	238.4245490172866
RBM12B	SRR9835673	94.0996205852999
RBM12B	SRR9835674	102.05506366024733
RBM12B	SRR9835675	200.0741884654534
RBM12B	SRR9835676	25.05009753349028
RBM12B	SRR9835677	187.49702756926268
RBM12B	SRR9835678	142.8649096483648
RBM12B	SRR9835679	342.62802396969767
RBM12B	SRR9835680	51.22592533919837
RBM12B	SRR9835681	251.76539454824066
RBM12B	SRR9835682	21.214107037822046
RBM12B	SRR9835683	112.71056425150657
RBM12B	SRR9835684	35.88553773022812
RBM12B	SRR9835685	194.99428720448506
RBM12B	SRR9835686	109.46162450389572
RBM12B	SRR9835687	160.7523502386039
RBM12B	SRR9835688	146
RBM12B	SRR9835689	152.11580879519926
RBM12B	SRR9835690	194.3902247923483
RBM12B	SRR9835691	140.25362324297976
RBM12B	SRR9835692	118.13269169021048
RBM12B	SRR9835693	158.64545072114956
RBM12B	SRR9835694	158.63926731665657
RBM12B	SRR9835695	128.66956419789426
RBM12B	SRR9835696	84.83036615615558
RBM12B	SRR9835697	184.95011184188405
RBM12B	SRR9835698	168.16887843142283
RBM12B	SRR9835699	311.50394248965534
RBM12B	SRR9835700	214.4850470499157
RBM12B	SRR9835701	224.63413542671663
RBM12B	SRR9835702	387
RBM12B	SRR9835703	265.28619232552296
RBM12B	SRR9835704	175.81642618165725
RBM12B	SRR9835705	236.94312448686196
RBM12B	SRR9835706	106.84708803603245
RBM12B	SRR9835707	238.2643165399855
RBM12B	SRR9835708	214.22752541851864
RBM12B	SRR9835709	233.1083771195614
RBM12B	SRR9835710	86.23791094207597
RBM12B	SRR9835711	349.1545541933502
RBM12B	SRR9835712	211.53208860568077
RBM12B	SRR9835713	220.41932621796403
RBM12B	SRR9835714	181.27975563214383
RBM12B	SRR9835715	89.45943266953832
RBM12B	SRR9835716	205.61255184049406
RBM12B	SRR9835717	235.81182758532557
RBM12B	SRR9835718	129.99930886724997
RBM12B	SRR9835719	116.01663739628813
RBM12B	SRR9835720	201.25988800636608
RBM12B	SRR9835721	118.7882411629495
RBM12B	SRR9835722	126.8785623134777
RBM12B	SRR9835723	345
RBM12B	SRR9835724	190.33393498791844
RBM12B	SRR9835725	104.8418906879119
RBM12B	SRR9835726	257.1850017486992
RBM12B	SRR9835727	107.73933014916895
RBM12B	SRR9835728	55.173007201476814
RBM12B	SRR9835729	204.66165633177997
RBM12B	SRR9835730	202.79830797882937
RBM12B	SRR9835731	49.40360868737146
RBM12B	SRR9835732	194.91755462363267
RBM12B	SRR9835733	175.78882648651643
RBM12B	SRR9835734	145.38095146494618
RBM12B	SRR9835735	232.42484403932573
RBM12B	SRR9835736	162.97395549367658
RBM12B	SRR9835737	260.56396915218
RBM12B	SRR9835738	164.29529833774086
RBM12B	SRR9835739	114.06557410646577
RBM12B	SRR9835740	39.14901087503389
RBM12B	SRR9835741	195.03654351402102
RBM12B	SRR9835742	235.37107730527455
RBM12B	SRR9835743	108.62027683457912
RBM12B	SRR9835744	194.1320570600245
RBM12B	SRR9835745	167.7164366161551
RBM12B	SRR9835746	105.15577913874928
RBM12B	SRR9835747	185.99801773743016
RBM12B	SRR9835748	93.80760169159548
RBM12B	SRR9835749	277
RBM12B	SRR9835750	100.84179857997971
RBM12B	SRR9835751	139.14530582258791
RBM12B	SRR9835752	100.97418704725996
RBM12B	SRR9835753	104.1319321897925
RBM12B	SRR9835754	263.3591137003538
RBM12B	SRR9835755	137.02633161773758
RBM12B	SRR9835756	67.00065384519156
RBM12B	SRR9835757	189.76628869892068
RBM12B	SRR9835758	155.906553508547
RBM12B	SRR9835759	161.0636722700911
RBM12B	SRR9835760	221
RBM12B	SRR9835761	268.0482170139197
RBM12B	SRR9835762	33.08842782179769
RBM12B	SRR9835763	174.51166407150382
RBM12B	SRR9835764	150.4099150682442
RBM12B	SRR9835765	127.54411434472921
RBM12B	SRR9835766	104.70634967458582
RBM12B	SRR9835767	111.00761515984678
RBM12B	SRR9835768	199
RBM12B	SRR9835769	255
RBM12B	SRR9835770	78.56107934535333
RBM12B	SRR9835771	153.83899923967067
RBM12B	SRR9835772	179.25784010888265
RBM12B	SRR9835773	336
RBM12B	SRR9835774	67.31307946836688
RBM12B	SRR9835775	151.78313899210633
RBM12B	SRR9835776	160.52385314951172
RBM12B	SRR9835777	248.6068304608975
RBM12B	SRR9835778	192.8222596117415
RBM12B	SRR9835779	160.12926006123234
RBM12B	SRR9835780	164.2629931315615
RBM12B	SRR9835781	110.76297483673241
RBM12B	SRR9835782	161.8152624549371
RBM12B	SRR9835783	409
RBM12B	SRR9835784	171.7090048216219
RBM12B	SRR9835785	69.96046806247699
RBM12B	SRR9835786	133.31073934464067
RBM12B	SRR9835787	188.54451834220953
RBM12B	SRR9835788	214.35986949408138
RBM12B	SRR9835789	332
RBM12B	SRR9835790	170.23090415957947
RBM12B	SRR9835791	105.87015928563218
RBM12B	SRR9835792	356.10808143918143
RBM12B	SRR9835793	251.51512332909093
RBM12B	SRR9835794	311.0559533258546
RBM12B	SRR9835795	78.2471033893142
RBM12B	SRR9835796	263.5183609825377
RBM12B	SRR9835797	302
RBM12B	SRR9835798	237.38403334420678
RBM12B	SRR9835799	169.34456876636074
RBM12B	SRR9835800	269.318852114163
RBM12B	SRR9835801	248.25154465371895
RBM12B	SRR9835802	163.65639806715944
RBM12B	SRR9867812	280.33023396016364
RBM12B	SRR9867813	116.4130547559344
RBM12B	SRR9867814	211.35717176657488
RBM12B	SRR9867815	359.8870002071776
RBM12B	SRR9867816	531
RBM12B	SRR9867817	146.89504566025263
RBM12B	SRR9867818	405
RBM12B	SRR9867819	121.28069950527154
RBM12B	SRR9867820	358
RBM12B	SRR9867821	506
RBM12B	SRR9867822	278.8286493559086
RBM12B	SRR9867823	382.1744073570539
RBM12B	SRR9867824	420.7021647921339
RBM12B	SRR9867825	211.26869235081992
RBM12B	SRR9867826	162.77314369670444
RBM12B	SRR9867827	404.4987466468833
RBM12B	SRR9867828	143.5323417620241
RBM12B	SRR9867829	229.0530234903803
RBM12B	SRR9867830	260
RBM12B	SRR9867831	227.78013152840887
RBM12B	SRR9879292	1541.229690452284
RBM12B	SRR9879293	470.7538768777379
RBM12B	SRR9879294	395.7867007834657
RBM12B	SRR9879295	464.9936844815098
RBM12B	SRR9879296	515.0954121498654
RBM12B	SRR9879297	425.49179933151254
RBM12B	SRR9879298	662.9889454336765
RBM12B	SRR9879299	923.683032348074
RBM12B	SRR9879300	655.4709108741065
RBM12B	SRR9879301	1071.3854109502345
RBM12B	SRR9879302	692.0838871919523
RBM12B	SRR9879303	868.6130387575124
RBM12B	SRR9879304	474.80168619459545
RBM12B	SRR9879305	708.0665471922819
RBM12B	SRR9879306	1214
RBM12B	SRR9879307	1101.5996229989275
RBM12B	SRR9879308	577.5006416714332
RBM12B	SRR9879309	576.0744003342448
RBM12B	T50_307	771.1166410734633
RBM12B	T50_313	455.1766985024591
RBM12B	T50_317	553.9417478186241
RBM12B	T50_324	593.2090223414999
RBM12B	T50_427	433.6842247945356
RBM12B	T50_428	647.2058640358065
RBM12B	T50_431	519.4556114424722
RBM12B	T50_436	507.62041446464855
RBM12B	T50_476	554.0059011110574
RBM12B	UN_307	193.4585412827171
RBM12B	UN_313	258.55691135372274
RBM12B	UN_317	385.0558918180874
RBM12B	UN_323	642.7625977657061
RBM12B	UN_324	261.47746025625304
RBM12B	UN_427	530.0524603072537
RBM12B	UN_428	362.5502856589802
RBM12B	UN_431	531.7993842739472
RBM12B	UN_436	456.21732583483174
RBM12B	UN_476	528.6484904988188
