Gene	sample	counts
RN7SL50P	CM317	1.052160686909921
RN7SL50P	CMCD140	1.0094128350688558
RN7SL50P	CMCD147	1.0404565910580479
RN7SL50P	CMCD152	1
RN7SL50P	CMCD154	1.0098993269771894
RN7SL50P	CMCD159	1.0863042186135794
RN7SL50P	CMCD161	1.0030629480920839
RN7SL50P	CMCD174	1.092629434806816
RN7SL50P	CMCD196	1.0091897168260358
RN7SL50P	CMCD198	1.029495742835047
RN7SL50P	CMCD203	1.0032393128452408
RN7SL50P	CMCD211	0.8033786974576899
RN7SL50P	CMCD227	0.8221105025334557
RN7SL50P	CMCD240	0.9299660389313402
RN7SL50P	CMCD259	1
RN7SL50P	CMCD270	1.0051908134952228
RN7SL50P	CMCD275	2.017078144393954
RN7SL50P	CMCD282	1.0131607869251968
RN7SL50P	CMCD286	0.9425038392922207
RN7SL50P	CMCD287	1
RN7SL50P	CMCD294	1.0639520056991958
RN7SL50P	CMCD327	1.0051387872752835
RN7SL50P	CMCD335	1.0047054282731729
RN7SL50P	CMCD337	1.0066743151229853
RN7SL50P	CMCD357	1.0211504641864628
RN7SL50P	CMCD398	1.0060023577013604
RN7SL50P	CMCD403	1.0071810043238532
RN7SL50P	CMCD422	1.0020862854161259
RN7SL50P	CMCD426	1.1140469611806236
RN7SL50P	CMCD71	1.0063862990277392
RN7SL50P	CMCD72	1.1510750061651915
RN7SL50P	CMCD76	1.0022972139313746
RN7SL50P	CMCD88	1.0001799142310437
RN7SL50P	CMSA256	1
RN7SL50P	CMSA316	1.0081545114583668
RN7SL50P	CMUC110	1
RN7SL50P	CMUC192	1.0134604497462807
RN7SL50P	CMUC199	1.0281874054164815
RN7SL50P	CMUC200	1.002341411462068
RN7SL50P	CMUC208	1.002446897019748
RN7SL50P	CMUC231	1
RN7SL50P	CMUC234	1
RN7SL50P	CMUC285	1.0111269374447733
RN7SL50P	CMUC291	1.0066043693551068
RN7SL50P	CMUC295	1.0008998949047658
RN7SL50P	CMUC299	1.0029270323451933
RN7SL50P	CMUC301	1.0005398398063463
RN7SL50P	CMUC307	1.0027601872840743
RN7SL50P	CMUC313	1.0420413939922741
RN7SL50P	CMUC314	1.055846512835873
RN7SL50P	CMUC323	1.0241049068913428
RN7SL50P	CMUC324	1.0008998949047658
RN7SL50P	CMUC331	1.0091574614003984
RN7SL50P	CMUC333	1.0232387540038606
RN7SL50P	CMUC334	1.0150130071590526
RN7SL50P	CMUC346	1.0108493839910517
RN7SL50P	CMUC352	1.00605396549271
RN7SL50P	CMUC360	1.0014402205102033
RN7SL50P	CMUC363	4.105502270817314
RN7SL50P	CMUC365	1.0066923410699051
RN7SL50P	CMUC366	1.0033489938746742
RN7SL50P	CMUC368	1
RN7SL50P	CMUC377	1.0040818938645244
RN7SL50P	CMUC379	1.0708063663103926
RN7SL50P	CMUC380	1.01827642435426
RN7SL50P	CMUC383	1.0142859766464112
RN7SL50P	CMUC394	1.0076216931317499
RN7SL50P	CMUC419	1.0249492522957178
RN7SL50P	CMUC427	1
RN7SL50P	CMUC428	1.0063470586203123
RN7SL50P	CMUC431	1.0018586198168056
RN7SL50P	CMUC435	1.0050194243862136
RN7SL50P	CMUC439	1.0064361075814747
RN7SL50P	CMUC89	1
RN7SL50P	CS219	1.0024775414638962
RN7SL50P	CS256	1.002289885748588
RN7SL50P	CS257	1.0944271775349645
RN7SL50P	CS259	1.001545611227314
RN7SL50P	CS261	1.0238230356839277
RN7SL50P	CS266	1.0357806251843706
RN7SL50P	CS270	1.0130095040631752
RN7SL50P	CS277	3.858977975771844
RN7SL50P	CS288	1.009015728155811
RN7SL50P	CS290	1.0079916665289268
RN7SL50P	CS292	1.0139795313343294
RN7SL50P	CS293	1.016848591736414
RN7SL50P	CS301	1.0267458436587589
RN7SL50P	CS306	1.0388615456941386
RN7SL50P	CS308	1.0265766152062068
RN7SL50P	CS315	1.028018282586956
RN7SL50P	CS317	1.0722984600508352
RN7SL50P	CS322	1.0134187324826138
RN7SL50P	CS327	1.0047603772359066
RN7SL50P	CS328	1.0566294945036847
RN7SL50P	CS330	1.0768616883015538
RN7SL50P	CS331	1.0187996043213206
RN7SL50P	CS335	1.5144362078171887
RN7SL50P	CS338	1.030832702181411
RN7SL50P	CS339	1.1707547739034676
RN7SL50P	CS343	1.0080789119524982
RN7SL50P	CS344	1.014131256091266
RN7SL50P	CS350	1.0232380192782662
RN7SL50P	CS351	1.008311894542825
RN7SL50P	CS361	1.0239903938396149
RN7SL50P	CS388	1.034963282410878
RN7SL50P	CS396	1.01090379638317
RN7SL50P	CS405	1.0253724548654906
RN7SL50P	CS415	1.0768988297741249
RN7SL50P	CS424	1.0376219614625826
RN7SL50P	IM293	1.0053335186310612
RN7SL50P	IM296	1.0674965693084089
RN7SL50P	IM297	1.098769887658002
RN7SL50P	IM300	1
RN7SL50P	IM305	1.0100500854392669
RN7SL50P	IM309	1.068243382745569
RN7SL50P	IM310	1.0137597798867521
RN7SL50P	IM311	1.0124769275654149
RN7SL50P	IM316	1.0051863509411016
RN7SL50P	IM320	1.0476097382082026
RN7SL50P	IM330	1.0105944783553105
RN7SL50P	IM332	1.0306075684228129
RN7SL50P	IM340	1.056280146775053
RN7SL50P	IM348	1.0369614627065955
RN7SL50P	IM354	1.0072486895623194
RN7SL50P	IM356	1.0086100524478088
RN7SL50P	IM364	1.017386683482945
RN7SL50P	IM372	0.9999907178682895
RN7SL50P	IM374	1.0494515301768887
RN7SL50P	IM376	1.0151740030663836
RN7SL50P	IM381	1.012555790998895
RN7SL50P	IM382	1.0318406015848964
RN7SL50P	IM385	1
RN7SL50P	IM390	1.028703799246213
RN7SL50P	IM397	1.011384661421074
RN7SL50P	IM404	1.0028825152555245
RN7SL50P	IM409	1.0057289905461357
RN7SL50P	IM412	1
RN7SL50P	IM421	1.0158984637588822
RN7SL50P	IM425	1.0543133661346646
RN7SL50P	IM432	1.0420143643186235
RN7SL50P	IM438	1
RN7SL50P	IM442	1.0426097281187585
RN7SL50P	IM445	1.0115547971482344
RN7SL50P	IM448	1.0230255913150224
RN7SL50P	IM449	1.008446585812273
RN7SL50P	IM451	1.0051863509411016
RN7SL50P	IMSA256	1.0040992210696569
RN7SL50P	IMSA276	1
RN7SL50P	IMSA286	1
RN7SL50P	IMSA343	1.0125207868802717
RN7SL50P	IS_238	1
RN7SL50P	IS238	0.5118313302243118
RN7SL50P	IS243	1
RN7SL50P	IS253	1
RN7SL50P	IS283	1
RN7SL50P	IS322	1.0106397239474434
RN7SL50P	IS399	1.0072529602272131
RN7SL50P	IS418	1.0947511027862358
RN7SL50P	IS430	1.0847548398304163
RN7SL50P	IS437	1.0822383787243768
RN7SL50P	IS444	1.0378497226493058
RN7SL50P	R276CMSA	1.0649255307900556
RN7SL50P	R286CMSA	1
RN7SL50P	R292CMSA	1.004207620749528
RN7SL50P	R292IMSA	1.0768750693977573
RN7SL50P	R308CMSA	1.070354522560454
RN7SL50P	R316IMSA	1.0198650539779268
RN7SL50P	R347CMSA	1.0679448775774594
RN7SL50P	R347IMSA	1.0654084912781197
RN7SL50P	R371CMSA	1.0039962901985677
RN7SL50P	SRR10104064	1.1130827181735787
RN7SL50P	SRR10104065	1.0058655806218886
RN7SL50P	SRR10104066	1.0187563340359607
RN7SL50P	SRR10104067	1.0232571372704031
RN7SL50P	SRR10104068	1.004671476542523
RN7SL50P	SRR10104069	1.011490802424949
RN7SL50P	SRR10104070	1.0295865545572511
RN7SL50P	SRR10104071	1.1619835297694339
RN7SL50P	SRR10104072	1.071723239794756
RN7SL50P	SRR10104073	1.0458357877247761
RN7SL50P	SRR10104074	1.099722320793923
RN7SL50P	SRR10104075	1.1547542285600578
RN7SL50P	SRR10104076	1.0278239688724724
RN7SL50P	SRR10104077	1.1040752320803593
RN7SL50P	SRR10104078	1.0419214016168303
RN7SL50P	SRR10104079	1.092856600461782
RN7SL50P	SRR10104080	1.1254280913603063
RN7SL50P	SRR10104081	1.0158936181922817
RN7SL50P	SRR10104082	1.085647260281074
RN7SL50P	SRR10104083	1.065596706440916
RN7SL50P	SRR10104084	1.0701241548355385
RN7SL50P	SRR10104085	1.0224852129879336
RN7SL50P	SRR10104086	1.0249330155513252
RN7SL50P	SRR10104087	1.0032098048981044
RN7SL50P	SRR10104088	1.0091188297931257
RN7SL50P	SRR10104089	1.1387124115642702
RN7SL50P	SRR10104090	1.0265054935122315
RN7SL50P	SRR10104091	1.0429313075146665
RN7SL50P	SRR10104092	1.0127653613232732
RN7SL50P	SRR10104093	1.0347712127539488
RN7SL50P	SRR10104094	1.0344440824548444
RN7SL50P	SRR10104095	1.0555296586127236
RN7SL50P	SRR10104096	1.1499993829134103
RN7SL50P	SRR10104097	1.0654329597407752
RN7SL50P	SRR10104098	1.0299665441303483
RN7SL50P	SRR10104099	1.0483148195050975
RN7SL50P	SRR10104100	1.0292800559938342
RN7SL50P	SRR10104101	1.0055788173830293
RN7SL50P	SRR10104102	1.0153539684721093
RN7SL50P	SRR10104103	1.0533097010473917
RN7SL50P	SRR10104104	1.0155160029658645
RN7SL50P	SRR10104105	1.0837919884500646
RN7SL50P	SRR10104106	1.1337110372727635
RN7SL50P	SRR10104107	1.0095882284245328
RN7SL50P	SRR10104108	1.0068598403855975
RN7SL50P	SRR10104109	1.122307744225592
RN7SL50P	SRR10104110	1.1932010382175424
RN7SL50P	SRR10104111	1.0329711095071032
RN7SL50P	SRR10104112	1.189872391069202
RN7SL50P	SRR10104113	1.0362854178746606
RN7SL50P	SRR10104114	1.1753108824133915
RN7SL50P	SRR10104115	1.1481195623107094
RN7SL50P	SRR10104116	1.0476231912417615
RN7SL50P	SRR10104117	1.0392927622091388
RN7SL50P	SRR10104118	1.1479902353871632
RN7SL50P	SRR10104119	1.1922096850664645
RN7SL50P	SRR10104120	1.0274397025883788
RN7SL50P	SRR10104121	1.0845670123047944
RN7SL50P	SRR10104122	1.0930951060141245
RN7SL50P	SRR10104123	1.085068060584876
RN7SL50P	SRR10104124	1.1194016065014738
RN7SL50P	SRR10104125	1.1032322088701674
RN7SL50P	SRR10104126	1.0403589846827273
RN7SL50P	SRR10104127	1.1896601506984525
RN7SL50P	SRR10104128	1.0289581177608564
RN7SL50P	SRR10104129	1.0264252644778067
RN7SL50P	SRR10104130	1.0421022730678582
RN7SL50P	SRR10104131	1.0113537446977683
RN7SL50P	SRR10104132	1.0072357936683587
RN7SL50P	SRR10104133	1.1678104114751833
RN7SL50P	SRR10104134	1.0304204630626266
RN7SL50P	SRR10104135	1.1047925227370805
RN7SL50P	SRR10104136	1.0150534484689004
RN7SL50P	SRR10104137	1.1111543351913287
RN7SL50P	SRR10104138	1.1987125395645137
RN7SL50P	SRR10104139	1.0113843011015555
RN7SL50P	SRR10104140	1.1457522859106466
RN7SL50P	SRR10104141	1.0612182077092946
RN7SL50P	SRR10104142	1.0527512259784992
RN7SL50P	SRR10104143	1.008193511450258
RN7SL50P	SRR10104144	1.0610832116326332
RN7SL50P	SRR10104145	1.064530164787135
RN7SL50P	SRR10104146	1.009628265187365
RN7SL50P	SRR10104147	1.0017090245686449
RN7SL50P	SRR10104148	1.0531465668318782
RN7SL50P	SRR10104149	1.0479500129388701
RN7SL50P	SRR10104150	1.0116520854708597
RN7SL50P	SRR10104151	1.0076598631587603
RN7SL50P	SRR10104152	1.0056231596200704
RN7SL50P	SRR10104153	1.1050859670242814
RN7SL50P	SRR10104154	2.061321572898917
RN7SL50P	SRR10104155	1.0906050803328398
RN7SL50P	SRR10104156	1.0040671518845923
RN7SL50P	SRR10104157	1.0501594045532703
RN7SL50P	SRR10104158	1.0205995039478943
RN7SL50P	SRR10104159	1.0126727839776568
RN7SL50P	SRR10104160	1.1286682368212853
RN7SL50P	SRR10104161	1.001725803535813
RN7SL50P	SRR10104162	1.0204815952038468
RN7SL50P	SRR10104163	1.0302878151561219
RN7SL50P	SRR10104164	1.019679849157473
RN7SL50P	SRR10104165	1.03911950298106
RN7SL50P	SRR10104166	1.0411103906912247
RN7SL50P	SRR10104167	1.0226405407254509
RN7SL50P	SRR10104168	1.0290037923240252
RN7SL50P	SRR10104169	1.0249138391060775
RN7SL50P	SRR10104170	1.0302024526513764
RN7SL50P	SRR10104171	1.0241039729391117
RN7SL50P	SRR10104172	1.03424738641328
RN7SL50P	SRR10104173	1.0618085302182145
RN7SL50P	SRR10104174	1.034206476188313
RN7SL50P	SRR10104175	1.0226611988789944
RN7SL50P	SRR10104176	1.022603053209032
RN7SL50P	SRR10104177	1.0254564567414526
RN7SL50P	SRR10104178	1.0386957245885173
RN7SL50P	SRR10104179	1.0349830414340861
RN7SL50P	SRR10104180	1.0220069065577857
RN7SL50P	SRR10104181	1.027045780065536
RN7SL50P	SRR10104182	1.0354701224080693
RN7SL50P	SRR10104183	1.0485327945215122
RN7SL50P	SRR10104184	1.0213982799506043
RN7SL50P	SRR10104185	1.0655022783512398
RN7SL50P	SRR10104186	1.0334077154577568
RN7SL50P	SRR10104187	1.0797577801431373
RN7SL50P	SRR10104188	1.0555862389878126
RN7SL50P	SRR10104189	1.0614348924771675
RN7SL50P	SRR10104190	1.1491016556665985
RN7SL50P	SRR10104191	1.1421287584167092
RN7SL50P	SRR10104192	1.0261807524628852
RN7SL50P	SRR10104193	1.0402803652655077
RN7SL50P	SRR10104194	1.0434484830599333
RN7SL50P	SRR10104195	1.0425282185704265
RN7SL50P	SRR10104196	1.0410873692447795
RN7SL50P	SRR10104197	1.0169436235163218
RN7SL50P	SRR10104198	1.0259518061643405
RN7SL50P	SRR10104199	1.0845523092555243
RN7SL50P	SRR10104200	1.0357609839017698
RN7SL50P	SRR10104201	1.026296611985634
RN7SL50P	SRR10104202	1.0684453214497531
RN7SL50P	SRR10104203	1.0227196084030068
RN7SL50P	SRR10104204	1.0316115330113982
RN7SL50P	SRR10104205	1.0269817679691475
RN7SL50P	SRR10104206	1.0290184053987292
RN7SL50P	SRR10104207	1.0328985759185803
RN7SL50P	SRR10104208	1.0176894368252343
RN7SL50P	SRR10104209	1.0231987105755664
RN7SL50P	SRR10104210	1.0264643950508716
RN7SL50P	SRR10104211	1.0187996043213206
RN7SL50P	SRR10104212	1.0187854652070223
RN7SL50P	SRR10104213	1.0607243748787123
RN7SL50P	SRR10104214	1.0302508387945404
RN7SL50P	SRR10104215	1.0107265960976537
RN7SL50P	SRR10104216	1.062180780035933
RN7SL50P	SRR10104217	1.0250110331492008
RN7SL50P	SRR10104218	1.0655646431950403
RN7SL50P	SRR10104219	1.0652648347042482
RN7SL50P	SRR10104220	1.0355693278203462
RN7SL50P	SRR10104221	1.090516632710812
RN7SL50P	SRR10104222	1.0387327316632746
RN7SL50P	SRR10104223	1.1801672204919216
RN7SL50P	SRR10104224	1.0254993311004128
RN7SL50P	SRR10104225	1.031660376130715
RN7SL50P	SRR10104226	1.0392769039353207
RN7SL50P	SRR10104227	1.0779388239392174
RN7SL50P	SRR10104228	1.1232105220166013
RN7SL50P	SRR10104229	1.0373617848705414
RN7SL50P	SRR10104230	1.1040752320803593
RN7SL50P	SRR10104231	1.07822501247679
RN7SL50P	SRR10104232	1.0611514448074382
RN7SL50P	SRR10104233	1.0734096428277802
RN7SL50P	SRR10104234	1.0234328696081605
RN7SL50P	SRR10104235	1.0441915254956329
RN7SL50P	SRR10104236	1.0093068320098109
RN7SL50P	SRR10104237	1.018564797188093
RN7SL50P	SRR10104238	1.0719766937133695
RN7SL50P	SRR10104239	1.0633581535162346
RN7SL50P	SRR10104240	1.0749579917487644
RN7SL50P	SRR10104241	1.0409403926955196
RN7SL50P	SRR10104242	1.0656340036600613
RN7SL50P	SRR10104243	1.0687486815714031
RN7SL50P	SRR10104244	1.0398815876953509
RN7SL50P	SRR10104245	1.0418117622330036
RN7SL50P	SRR10104246	1.108828569841403
RN7SL50P	SRR10104247	1.0579544780318526
RN7SL50P	SRR10104248	1.076529224426155
RN7SL50P	SRR10104249	1.0273315870858695
RN7SL50P	SRR10104250	1.157197552838617
RN7SL50P	SRR10104251	1.0471142307724335
RN7SL50P	SRR10104252	1.1838765721178106
RN7SL50P	SRR10104253	1.09991256534321
RN7SL50P	SRR10104254	1.0374696909056962
RN7SL50P	SRR10104255	1.031244552450183
RN7SL50P	SRR10104256	1.0295241963821637
RN7SL50P	SRR10104257	1.038122821814693
RN7SL50P	SRR10104258	1.0309181491976231
RN7SL50P	SRR10224277	1.0245658638211308
RN7SL50P	SRR10224278	1.0942848190075063
RN7SL50P	SRR10224279	1.0908476973919505
RN7SL50P	SRR10224280	1.0228352144410537
RN7SL50P	SRR10224281	1.016181154880479
RN7SL50P	SRR10224282	1.0506840927867773
RN7SL50P	SRR10224283	1.04241966767901
RN7SL50P	SRR10224284	1.1113405704367834
RN7SL50P	SRR10224285	1.1302600125483513
RN7SL50P	SRR10224286	1.0254727500696328
RN7SL50P	SRR10224287	1.034206476188313
RN7SL50P	SRR10224288	1.0982502736059643
RN7SL50P	SRR10224289	1.095574558517596
RN7SL50P	SRR10224290	1.0979938990127511
RN7SL50P	SRR10224291	1.031258864476703
RN7SL50P	SRR10224292	1.0118994173300337
RN7SL50P	SRR10224293	1.0308254672852508
RN7SL50P	SRR10224294	1.0583494992707134
RN7SL50P	SRR10224295	1.0871371976243258
RN7SL50P	SRR10224296	1.0551062717044821
RN7SL50P	SRR10224297	1.1298237190995832
RN7SL50P	SRR10224298	1.0332669442805347
RN7SL50P	SRR10318388	1.0075645039987202
RN7SL50P	SRR10318389	1.0048079229951739
RN7SL50P	SRR10318390	1.0125492618247403
RN7SL50P	SRR10318391	1.012188279490948
RN7SL50P	SRR10318392	1.0141662120681394
RN7SL50P	SRR10318393	1.002913173016367
RN7SL50P	SRR10318394	1.0136017148230585
RN7SL50P	SRR10318395	1.0045521691478385
RN7SL50P	SRR10318396	1.008253691698839
RN7SL50P	SRR10318397	1.0060636964446545
RN7SL50P	SRR10318398	1.0035908666536983
RN7SL50P	SRR10318399	1.0502301871086661
RN7SL50P	SRR10318400	1.015029947158002
RN7SL50P	SRR10318401	1.0036964837029803
RN7SL50P	SRR10318402	1.004310064687844
RN7SL50P	SRR10318403	1.004961221139498
RN7SL50P	SRR10318404	1.0017838194003639
RN7SL50P	SRR10318405	1.0025217469463543
RN7SL50P	SRR10318406	1.0046747157254012
RN7SL50P	SRR10318407	1.0099964007476554
RN7SL50P	SRR10318408	1.003093611368694
RN7SL50P	SRR10318409	1.0031782721446603
RN7SL50P	SRR10318410	1.0041326449528036
RN7SL50P	SRR10318411	1.0036964837029803
RN7SL50P	SRR10318412	1.0049521195717002
RN7SL50P	SRR10318413	1.0039432971223687
RN7SL50P	SRR10318414	1.0060465501543596
RN7SL50P	SRR10318415	1.0066043693551068
RN7SL50P	SRR10318416	1.010127651990598
RN7SL50P	SRR10318417	1.0073281690092157
RN7SL50P	SRR10318418	1.0038295612714525
RN7SL50P	SRR10318419	1.0040851311465162
RN7SL50P	SRR10318420	1.0018312243074385
RN7SL50P	SRR10318421	1.00485547100433
RN7SL50P	SRR10318422	1.0021611084168651
RN7SL50P	SRR10318423	1.0016036166558628
RN7SL50P	SRR10318424	1.0021332526954574
RN7SL50P	SRR10318425	1.0066317697525906
RN7SL50P	SRR10318426	1.095574558517596
RN7SL50P	SRR10318427	1.1082523998937106
RN7SL50P	SRR10318428	1.0013960627168832
RN7SL50P	SRR10318429	1.0040376195884992
RN7SL50P	SRR10318430	1.0088510137634663
RN7SL50P	SRR10318431	1.0052614054151265
RN7SL50P	SRR10318432	1.0018005996203712
RN7SL50P	SRR10318433	1.275527749073799
RN7SL50P	SRR10318434	1.0031685095836653
RN7SL50P	SRR10318435	1.0060711119093864
RN7SL50P	SRR10318436	1.002838293865245
RN7SL50P	SRR10318437	1.0007198511622537
RN7SL50P	SRR10318438	1.0012906877364744
RN7SL50P	SRR10318439	1.0041326449528036
RN7SL50P	SRR10318440	1.0160161405406791
RN7SL50P	SRR10318441	1.0028076383933613
RN7SL50P	SRR10318442	1.0290972598019128
RN7SL50P	SRR10318443	1.00232462218343
RN7SL50P	SRR10318444	1.0087925886196047
RN7SL50P	SRR10318445	1.0124257547386077
RN7SL50P	SRR10318446	1.0040101644950676
RN7SL50P	SRR10318447	1.010741329315747
RN7SL50P	SRR10318448	1.0071774620660263
RN7SL50P	SRR10318449	1.0021020527610582
RN7SL50P	SRR10318450	1.005397931987203
RN7SL50P	SRR10318451	1
RN7SL50P	SRR10318452	1.0063470586203123
RN7SL50P	SRR10318453	1.0201282942009398
RN7SL50P	SRR10318454	1.0047940376745443
RN7SL50P	SRR10318455	1.0061524256376846
RN7SL50P	SRR10318456	1.0066923410699051
RN7SL50P	SRR10318457	1.001651013035654
RN7SL50P	SRR10318458	1.0130607665001055
RN7SL50P	SRR10318459	1.0066712106965126
RN7SL50P	SRR10318460	1.0040444775323971
RN7SL50P	SRR10318461	1.0035908666536983
RN7SL50P	SRR10318462	1.0068151487297214
RN7SL50P	SRR10318463	1.0031991760872525
RN7SL50P	SRR10318464	1.0063873213211867
RN7SL50P	SRR10318465	1.0010052287584692
RN7SL50P	SRR10318466	1.0095724722687383
RN7SL50P	SRR10318467	1.005163326868066
RN7SL50P	SRR10318468	1.0099265873940113
RN7SL50P	SRR10318469	1.003736640357631
RN7SL50P	SRR10318470	1
RN7SL50P	SRR10318471	1
RN7SL50P	SRR10318472	1.0044939929610694
RN7SL50P	SRR10318473	1.0039520196971752
RN7SL50P	SRR10318474	1.0042826021444868
RN7SL50P	SRR10318475	1.0041019499142785
RN7SL50P	SRR10318476	1.0037100598776116
RN7SL50P	SRR10318495	1.0011853238444721
RN7SL50P	SRR10318496	1.008939117884696
RN7SL50P	SRR10318497	1.0057733394052475
RN7SL50P	SRR10318498	1.0009445377129693
RN7SL50P	SRR10318499	1.0012159297227785
RN7SL50P	SRR10318500	1.0058289797049942
RN7SL50P	SRR10318501	1.0049305007724685
RN7SL50P	SRR10318502	1.0005398398063463
RN7SL50P	SRR10318503	1.0019060282634729
RN7SL50P	SRR10318504	1.0068217006633478
RN7SL50P	SRR10318505	1.0007198511622537
RN7SL50P	SRR10318506	1.012140088058167
RN7SL50P	SRR10318507	1.0122808125437386
RN7SL50P	SRR10318508	1.031213724706472
RN7SL50P	SRR10318509	1.0070546102125433
RN7SL50P	SRR10318510	1.008125313584785
RN7SL50P	SRR10318511	1.001260079572912
RN7SL50P	SRR10318512	1.0077519822290972
RN7SL50P	SRR10318513	1.0033796658956018
RN7SL50P	SRR10318514	1.0046534867814323
RN7SL50P	SRR10318515	1.012185016083506
RN7SL50P	SRR10318516	1.0060465501543596
RN7SL50P	SRR10318517	1.0027021148755608
RN7SL50P	SRR10318518	1.0073407710436535
RN7SL50P	SRR10318519	1.0048247538699455
RN7SL50P	SRR10318520	1.0020114680017955
RN7SL50P	SRR10318521	1.0036752754292169
RN7SL50P	SRR10318522	1.0013960627168832
RN7SL50P	SRR10318523	1.0022972139313746
RN7SL50P	SRR10318524	1.0079332911520626
RN7SL50P	SRR10318525	1.006333446777656
RN7SL50P	SRR10318526	1.0066340409403034
RN7SL50P	SRR10318527	1.000359860831218
RN7SL50P	SRR10318528	1.0025798089086946
RN7SL50P	SRR10318529	1.002266574999606
RN7SL50P	SRR10318530	1.0068960081103668
RN7SL50P	SRR10318531	1.0090633661821524
RN7SL50P	SRR10318532	1.0085041203949443
RN7SL50P	SRR10318533	1.0236532940435767
RN7SL50P	SRR10318534	1.0178798129350086
RN7SL50P	SRR10318535	1.0158026224654026
RN7SL50P	SRR10318536	1.0041462270270287
RN7SL50P	SRR10318537	1.0110823525225687
RN7SL50P	SRR10318538	1.0019060282634729
RN7SL50P	SRR10318539	1.007502905048184
RN7SL50P	SRR10318540	1.0055480781368802
RN7SL50P	SRR10318541	1.0074001354264437
RN7SL50P	SRR10318542	1.0082966874658166
RN7SL50P	SRR10318543	1.0102315119348009
RN7SL50P	SRR10318544	1.0025176493501762
RN7SL50P	SRR10318545	1.0089020059058134
RN7SL50P	SRR10318546	1.0014402205102033
RN7SL50P	SRR10318547	1.004071255814061
RN7SL50P	SRR10318548	1.0049305007724685
RN7SL50P	SRR10318549	1.0071774620660263
RN7SL50P	SRR10318568	1.0032098048981044
RN7SL50P	SRR10318569	1.0008998949047658
RN7SL50P	SRR10318570	1.010993574886179
RN7SL50P	SRR10318571	1.0008998949047658
RN7SL50P	SRR10318572	1.0048247538699455
RN7SL50P	SRR10318573	1.001545611227314
RN7SL50P	SRR10318574	1.0024870036799816
RN7SL50P	SRR10318575	1.0048247538699455
RN7SL50P	SRR10318576	1.0043850537320074
RN7SL50P	SRR10318577	1.0029986843325787
RN7SL50P	SRR10318578	1.0008998949047658
RN7SL50P	SRR10318579	1.0031685095836653
RN7SL50P	SRR10318580	1.0014402205102033
RN7SL50P	SRR10318581	1
RN7SL50P	SRR10875803	0.8160920814011419
RN7SL50P	SRR10875804	1.1087881747364405
RN7SL50P	SRR10875805	0.5199248999289007
RN7SL50P	SRR10875806	0.8670757402901675
RN7SL50P	SRR10875807	0.9691618824824831
RN7SL50P	SRR10875808	0.9133292956158376
RN7SL50P	SRR10875809	0.6347422260613038
RN7SL50P	SRR10875810	0.909737250839997
RN7SL50P	SRR10875812	2
RN7SL50P	SRR10875813	0.8142748177739214
RN7SL50P	SRR10875814	1.004071255814061
RN7SL50P	SRR10875815	1
RN7SL50P	SRR10875816	1
RN7SL50P	SRR10875817	0.7720460386037018
RN7SL50P	SRR10875818	0.7268311347932428
RN7SL50P	SRR10875819	1
RN7SL50P	SRR10875820	0.6224228836437106
RN7SL50P	SRR10875821	0.9531566620757606
RN7SL50P	SRR10875822	1.0207723093261307
RN7SL50P	SRR10875823	1
RN7SL50P	SRR10875824	2.421789738751654
RN7SL50P	SRR10875825	1.0018312243074385
RN7SL50P	SRR10875826	0.8445588789930405
RN7SL50P	SRR10875827	0.6406666403804241
RN7SL50P	SRR10875829	0.7543213669360967
RN7SL50P	SRR10875830	1
RN7SL50P	SRR10875831	1.0036351212296024
RN7SL50P	SRR10875832	1
RN7SL50P	SRR10875834	1.0034239111583483
RN7SL50P	SRR10875835	1
RN7SL50P	SRR10875836	0.9427069927825823
RN7SL50P	SRR10875837	0.8041360353522955
RN7SL50P	SRR10875838	1
RN7SL50P	SRR10875839	0.7414692537294025
RN7SL50P	SRR10875840	0.8170668416907784
RN7SL50P	SRR10875841	1.00387382637289
RN7SL50P	SRR10875842	1.3902553590599038
RN7SL50P	SRR10875843	0.5519753367303405
RN7SL50P	SRR10875844	0.8038036211621384
RN7SL50P	SRR10875845	0.9061997545264616
RN7SL50P	SRR10875846	0.5347302588356578
RN7SL50P	SRR10875847	1.0038431392461147
RN7SL50P	SRR10875848	1
RN7SL50P	SRR10875849	1.9315446253798474
RN7SL50P	SRR10875850	1.0001799142310437
RN7SL50P	SRR10875851	0.8752323440016847
RN7SL50P	SRR10875852	0.8094141607297325
RN7SL50P	SRR10875853	1.002266574999606
RN7SL50P	SRR10875854	0.8413842400708483
RN7SL50P	SRR10875855	0.7318078959485699
RN7SL50P	SRR10875856	0.6754474422152104
RN7SL50P	SRR10875857	0.5800263593232053
RN7SL50P	SRR10875858	0.9377881010298534
RN7SL50P	SRR10875859	1
RN7SL50P	SRR10875860	0.6545276114585332
RN7SL50P	SRR10875861	0.591584072787604
RN7SL50P	SRR10875862	0.5812567339264432
RN7SL50P	SRR10875863	1.0054730022593972
RN7SL50P	SRR10875864	1
RN7SL50P	SRR10875865	0.8476035815688346
RN7SL50P	SRR10875866	0.7440492761888251
RN7SL50P	SRR10875867	0.9605953800572812
RN7SL50P	SRR10875868	0.6151572233432534
RN7SL50P	SRR10875869	1
RN7SL50P	SRR10875870	0.6758292860645876
RN7SL50P	SRR10875871	1.0001799142310437
RN7SL50P	SRR10875872	0.5848343028575359
RN7SL50P	SRR10875873	0.8071725731582963
RN7SL50P	SRR10875874	1.1728107652297934
RN7SL50P	SRR10875875	0.9890039854935406
RN7SL50P	SRR10875876	1
RN7SL50P	SRR10875877	0.8092683355211371
RN7SL50P	SRR10875878	1.0079578989702365
RN7SL50P	SRR10875879	1
RN7SL50P	SRR10875880	1.0040544375604268
RN7SL50P	SRR10875881	0.7814916796958193
RN7SL50P	SRR10875882	1
RN7SL50P	SRR10875883	1.0064943962475852
RN7SL50P	SRR10875884	1.94935532183348
RN7SL50P	SRR10875885	1.0019060282634729
RN7SL50P	SRR10875886	1.0075645039987202
RN7SL50P	SRR10875887	1
RN7SL50P	SRR10875888	1.0282669362329202
RN7SL50P	SRR10875889	1.002266574999606
RN7SL50P	SRR10875890	1.002266574999606
RN7SL50P	SRR10875891	1
RN7SL50P	SRR10875892	0.9980256347565621
RN7SL50P	SRR10875893	2
RN7SL50P	SRR10875894	0.5188639236781213
RN7SL50P	SRR10875895	1
RN7SL50P	SRR10875896	1.01011154427121
RN7SL50P	SRR10875897	1.002610457415912
RN7SL50P	SRR10875898	0.9530324484204709
RN7SL50P	SRR10875899	0.9004559316555462
RN7SL50P	SRR10875900	1.003815689470687
RN7SL50P	SRR10875901	1.0022125639984338
RN7SL50P	SRR10875902	1.0046440041164724
RN7SL50P	SRR12430469	3
RN7SL50P	SRR12430470	2.5567874106029898
RN7SL50P	SRR12430471	3.893217138300488
RN7SL50P	SRR12430472	1.9280217836659614
RN7SL50P	SRR12430473	2
RN7SL50P	SRR12430474	1.359873205876857
RN7SL50P	SRR12430475	0.6527639697361387
RN7SL50P	SRR12430476	1
RN7SL50P	SRR12765534	1
RN7SL50P	SRR12765535	1.0026579014399075
RN7SL50P	SRR12765536	1.0046291005525438
RN7SL50P	SRR12765537	1.0042383190183728
RN7SL50P	SRR12765538	1.0342968559958656
RN7SL50P	SRR12765539	1.0314128115051437
RN7SL50P	SRR12765540	1.003132286981857
RN7SL50P	SRR12765541	1.009703651326794
RN7SL50P	SRR12765542	1
RN7SL50P	SRR12765543	1.0164158147198445
RN7SL50P	SRR12765544	1.0116050033991464
RN7SL50P	SRR12765545	1.0094671701338622
RN7SL50P	SRR12765546	1.0302580085326847
RN7SL50P	SRR12765547	1.0081057978341976
RN7SL50P	SRR12765548	1.0204595735015827
RN7SL50P	SRR12765549	1.0076734929427573
RN7SL50P	SRR12765550	1.040117424009284
RN7SL50P	SRR12765551	1.0138517058671774
RN7SL50P	SRR12765552	1.0415854347971876
RN7SL50P	SRR12765553	1.044787541309448
RN7SL50P	SRR12765554	1.0319374576290212
RN7SL50P	SRR12765555	1.0207802232545309
RN7SL50P	SRR12765556	1.0154992904437379
RN7SL50P	SRR12765557	1.0105307135967785
RN7SL50P	SRR12765558	1.0516646996103904
RN7SL50P	SRR12765559	1.0019060282634729
RN7SL50P	SRR12765560	1.0193147872805552
RN7SL50P	SRR12765561	1.002838293865245
RN7SL50P	SRR12765562	1.015740519865274
RN7SL50P	SRR12765563	1.0073112962020905
RN7SL50P	SRR12765564	1.0021169188365064
RN7SL50P	SRR12765565	1.0042664582321659
RN7SL50P	SRR12765566	1.0072082511218612
RN7SL50P	SRR12765567	1.0132901030582455
RN7SL50P	SRR12765568	1.0104061753780302
RN7SL50P	SRR12765569	1.0115080415029285
RN7SL50P	SRR12765570	1.0071774620660263
RN7SL50P	SRR12765571	1.011188757969452
RN7SL50P	SRR12765572	1.0066284645369288
RN7SL50P	SRR12765573	1.0345835410136228
RN7SL50P	SRR12765574	1.006959603260677
RN7SL50P	SRR12765575	1.0242231235437018
RN7SL50P	SRR12765576	1.0249426590876354
RN7SL50P	SRR12765577	1.0460059726823405
RN7SL50P	SRR12765578	1.0151849958585093
RN7SL50P	SRR12765579	1.008549757583579
RN7SL50P	SRR12765580	1.0114233604687528
RN7SL50P	SRR12765581	1.0162640458244836
RN7SL50P	SRR12765582	1.0010052287584692
RN7SL50P	SRR12765583	1.008894629432837
RN7SL50P	SRR12765584	1.0125281630517893
RN7SL50P	SRR12765585	1.011157847234662
RN7SL50P	SRR12765586	1.0053109243736533
RN7SL50P	SRR12765587	1.0118330537602769
RN7SL50P	SRR12765588	1.0069962891030084
RN7SL50P	SRR12765589	1.0183753378209024
RN7SL50P	SRR12765590	1.0294216534098712
RN7SL50P	SRR12765591	1.0281334706568328
RN7SL50P	SRR12765592	1.0165367644372587
RN7SL50P	SRR12765593	1.0084329455714278
RN7SL50P	SRR12765594	1.023275089062988
RN7SL50P	SRR12765595	1.012018221172977
RN7SL50P	SRR12765596	1.0044632868766021
RN7SL50P	SRR12765597	1.0080835603035434
RN7SL50P	SRR12765598	1.0072316768045089
RN7SL50P	SRR12765599	1.003093611368694
RN7SL50P	SRR12765600	1.0430935413616602
RN7SL50P	SRR12765601	1.0221622395262338
RN7SL50P	SRR12765602	1.008672496399683
RN7SL50P	SRR12765603	1.0100331670398786
RN7SL50P	SRR12765604	1.0081630176909429
RN7SL50P	SRR12765605	1.0078157404057295
RN7SL50P	SRR12765606	1.013303558456437
RN7SL50P	SRR12765607	1.008783747817285
RN7SL50P	SRR12765608	1.0088818539791797
RN7SL50P	SRR12765609	1.004852231238677
RN7SL50P	SRR12765610	1.008763978794329
RN7SL50P	SRR12765611	1.0055619738776487
RN7SL50P	SRR12765612	1.0045616509459838
RN7SL50P	SRR12765613	1.006036695926273
RN7SL50P	SRR12765614	1.0046747157254012
RN7SL50P	SRR12765615	1.00918320935704
RN7SL50P	SRR12765616	1.0061831833585213
RN7SL50P	SRR12765617	1.0085055016400712
RN7SL50P	SRR12765618	1.0235720872907181
RN7SL50P	SRR12765619	1.0218888958464731
RN7SL50P	SRR12765620	1.0081810702952163
RN7SL50P	SRR12765621	1.0026231534549817
RN7SL50P	SRR12765622	1.0220255670364495
RN7SL50P	SRR12765623	1
RN7SL50P	SRR12765624	1.003979473200612
RN7SL50P	SRR12765625	1.0083576543049855
RN7SL50P	SRR12765626	1.004961221139498
RN7SL50P	SRR12765627	1.0005398398063463
RN7SL50P	SRR12765628	1.0416404899160054
RN7SL50P	SRR12765629	1.0324836165656877
RN7SL50P	SRR12765630	1.001725803535813
RN7SL50P	SRR12765631	1.006060158116402
RN7SL50P	SRR12765632	1.0065851812965134
RN7SL50P	SRR12765633	1.0195633163121216
RN7SL50P	SRR12765634	1.005465650857193
RN7SL50P	SRR12765635	1.0232142122054655
RN7SL50P	SRR12765636	1.0122197343296355
RN7SL50P	SRR12765637	1.0356758705836402
RN7SL50P	SRR12765638	1
RN7SL50P	SRR12765639	1.0312383739753317
RN7SL50P	SRR12765640	1.0050805771159577
RN7SL50P	SRR12765641	1.0191101951053518
RN7SL50P	SRR12765642	1.002446897019748
RN7SL50P	SRR12765643	1.0141700299218512
RN7SL50P	SRR12765644	1.0035876309652703
RN7SL50P	SRR12765645	1.0289926005960395
RN7SL50P	SRR12765646	1.0068290619802291
RN7SL50P	SRR12765647	1.0292969953121303
RN7SL50P	SRR12765648	1.0119067516462763
RN7SL50P	SRR12765649	1.0495385478573618
RN7SL50P	SRR12765650	1.0183845609590005
RN7SL50P	SRR12765651	1.0282802169943726
RN7SL50P	SRR12765652	1.0107837488840228
RN7SL50P	SRR12774664	1.0053155170153698
RN7SL50P	SRR12774665	1.0135566637804032
RN7SL50P	SRR12774666	1.0106916250716198
RN7SL50P	SRR12774667	1.015112987886643
RN7SL50P	SRR12774668	1.0534151748540257
RN7SL50P	SRR12774669	1.0186226106952725
RN7SL50P	SRR12774670	1.0491130199238774
RN7SL50P	SRR12774671	1.0484655565231629
RN7SL50P	SRR12774672	1.0061938437846794
RN7SL50P	SRR12774673	1.01435609135224
RN7SL50P	SRR12774674	1.0244413045784626
RN7SL50P	SRR12774675	1.034652092580572
RN7SL50P	SRR12774676	1.0065547698859227
RN7SL50P	SRR12774677	1.0109759582725257
RN7SL50P	SRR12774678	1.0438847092278365
RN7SL50P	SRR12774679	1.023414658310555
RN7SL50P	SRR12774680	1.0142412524286228
RN7SL50P	SRR12774681	1.008730043871159
RN7SL50P	SRR12774682	1.0106527118449917
RN7SL50P	SRR12774683	1.0071464844271232
RN7SL50P	SRR12774684	1.0052888947242837
RN7SL50P	SRR12774685	1.0073894622198625
RN7SL50P	SRR12774686	1.0181683338140572
RN7SL50P	SRR12774687	1.0294604238537992
RN7SL50P	SRR1609360	1.0496124788462589
RN7SL50P	SRR1609361	1.0264423184229399
RN7SL50P	SRR1609362	1.0685001313413078
RN7SL50P	SRR1609363	1.0074338842995187
RN7SL50P	SRR1609364	1.0087481066288493
RN7SL50P	SRR1609365	1.0146339829764384
RN7SL50P	SRR1609366	1.0057564926416112
RN7SL50P	SRR1609367	1.0027327671216282
RN7SL50P	SRR1609368	1.0056529696494536
RN7SL50P	SRR1609369	1.0008998949047658
RN7SL50P	SRR1609370	1.0020862854161259
RN7SL50P	SRR1609371	1.0304964007766504
RN7SL50P	SRR1609372	1.000825166068307
RN7SL50P	SRR1609373	1.0075612554988438
RN7SL50P	SRR1609374	1.0026272514823873
RN7SL50P	SRR1609375	1.0066648133839482
RN7SL50P	SRR1609376	1.01626352655509
RN7SL50P	SRR1609377	1.0053810915116634
RN7SL50P	SRR1609378	1.0177728662012375
RN7SL50P	SRR1609379	1.0018312243074385
RN7SL50P	SRR1609380	1.0160023979140944
RN7SL50P	SRR1609381	1.0007198511622537
RN7SL50P	SRR1609382	1.0145549576818973
RN7SL50P	SRR1609383	1.010526926308581
RN7SL50P	SRR1609384	1.0098790952140646
RN7SL50P	SRR1609385	1.007487455393186
RN7SL50P	SRR1609386	1.0067982845157166
RN7SL50P	SRR1609387	1.0076068991803102
RN7SL50P	SRR1609388	1.0130372052474508
RN7SL50P	SRR1609389	1.0025356008660358
RN7SL50P	SRR1609390	1.0131607869251968
RN7SL50P	SRR1609391	1.0643168557255298
RN7SL50P	SRR1609392	1.0157951352724675
RN7SL50P	SRR1609393	1.0451601529901198
RN7SL50P	SRR1609394	1.028409336119194
RN7SL50P	SRR1609395	1.0056231596200704
RN7SL50P	SRR1609396	1.0011379495002815
RN7SL50P	SRR1609397	1.0149403288090864
RN7SL50P	SRR1609398	1.0047190180949654
RN7SL50P	SRR1609399	1.0038679712350747
RN7SL50P	SRR1609400	1.0022191494924957
RN7SL50P	SRR1609401	1.0108006798559126
RN7SL50P	SRR1609402	1.0044939929610694
RN7SL50P	SRR1609403	1.00325727728352
RN7SL50P	SRR1609404	1.0122155976028022
RN7SL50P	SRR1609405	1.0068279191230753
RN7SL50P	SRR1609406	1.0040978458593541
RN7SL50P	SRR1609407	1.0024242592569674
RN7SL50P	SRR1609408	1.0078797189691773
RN7SL50P	SRR1609409	1.0192836281435407
RN7SL50P	SRR1609410	2
RN7SL50P	SRR1609411	1.0534817444447622
RN7SL50P	SRR1609412	1
RN7SL50P	SRR1609413	0.9620760097549236
RN7SL50P	SRR1609414	1.001651013035654
RN7SL50P	SRR1609415	1.0001799142310437
RN7SL50P	SRR1609416	1.002719204165851
RN7SL50P	SRR1609417	1.0068429754230048
RN7SL50P	SRR1609418	1.0014540594841934
RN7SL50P	SRR1609419	1.004906320813734
RN7SL50P	SRR1609420	1.0047772073142707
RN7SL50P	SRR1609421	1.0064932326669793
RN7SL50P	SRR1609422	1.0170007457993464
RN7SL50P	SRR1609423	1.0543133661346646
RN7SL50P	SRR1609424	1.0793326783308919
RN7SL50P	SRR1609425	1.001651013035654
RN7SL50P	SRR1609426	1.0047761793224967
RN7SL50P	SRR1609427	1.005322867319879
RN7SL50P	SRR1609428	1.0087253265689666
RN7SL50P	SRR1609429	1.0012906877364744
RN7SL50P	SRR1609430	1.0041769234190894
RN7SL50P	SRR1609431	1.0075846296119257
RN7SL50P	SRR1609432	1.001545611227314
RN7SL50P	SRR1609433	1.0084913498862338
RN7SL50P	SRR1609434	1.0152841125038419
RN7SL50P	SRR1609435	1.0046132934463576
RN7SL50P	SRR1609436	1.0032740821844481
RN7SL50P	SRR1609437	1.0221628286585938
RN7SL50P	SRR1609438	2.065186150523637
RN7SL50P	SRR1609439	1.0150438676413862
RN7SL50P	SRR1609440	1.0025798089086946
RN7SL50P	SRR1609441	1.002266574999606
RN7SL50P	SRR1609442	1.0074096441060612
RN7SL50P	SRR1609443	1.008915652491251
RN7SL50P	SRR1609444	1.0005398398063463
RN7SL50P	SRR1609445	1.0035295106373756
RN7SL50P	SRR1609446	1.011429259673962
RN7SL50P	SRR1609447	1.2343308859580486
RN7SL50P	SRR1609448	1.008885106736826
RN7SL50P	SRR1609449	1.0025049546470863
RN7SL50P	SRR1609450	1.0020862854161259
RN7SL50P	SRR1609451	1.013157817128191
RN7SL50P	SRR1609452	1.2640053263343127
RN7SL50P	SRR1609453	1.0018418386249568
RN7SL50P	SRR1609454	1.0163997734607435
RN7SL50P	SRR1609455	1.252344349611058
RN7SL50P	SRR1609456	1.004895674028629
RN7SL50P	SRR1609457	1.0066955867682956
RN7SL50P	SRR1609458	1.240929610314354
RN7SL50P	SRR1609459	1.0039139901228018
RN7SL50P	SRR1609460	1.0098989712686044
RN7SL50P	SRR1609461	1.0017090245686449
RN7SL50P	SRR1609462	1.0037407429361982
RN7SL50P	SRR1609463	1.0066043693551068
RN7SL50P	SRR1609464	1.011490802424949
RN7SL50P	SRR1609465	1.0122774846884037
RN7SL50P	SRR1609466	1.1216427607845454
RN7SL50P	SRR1609467	1.0121540748943918
RN7SL50P	SRR1609468	1.001725803535813
RN7SL50P	SRR1609469	1.0001799142310437
RN7SL50P	SRR1609470	1.004852231238677
RN7SL50P	SRR1609471	1.0021443221583142
RN7SL50P	SRR1609472	1.0873653005292128
RN7SL50P	SRR1609473	1.0580975264984585
RN7SL50P	SRR1609474	1.0025925045596629
RN7SL50P	SRR1609475	1.0221791170213061
RN7SL50P	SRR1609476	0.9524436712460697
RN7SL50P	SRR1609477	1.0057289905461357
RN7SL50P	SRR1609478	1.0232796925205707
RN7SL50P	SRR1609479	1.0106476593347347
RN7SL50P	SRR1609480	1
RN7SL50P	SRR1609481	1.0106218174964396
RN7SL50P	SRR1609482	1.0037100598776116
RN7SL50P	SRR1609483	1.0046132934463576
RN7SL50P	SRR1609484	1.0080701805983117
RN7SL50P	SRR1609485	1.0008998949047658
RN7SL50P	SRR1609486	1.0032740821844481
RN7SL50P	SRR1609487	1.0039962901985677
RN7SL50P	SRR1609488	1.0014402205102033
RN7SL50P	SRR1609489	1.0022191494924957
RN7SL50P	SRR1609490	1.0168440470363254
RN7SL50P	SRR1609491	1.0035876309652703
RN7SL50P	SRR1609492	1
RN7SL50P	SRR1609493	1.0045689957386463
RN7SL50P	SRR1609494	1.005980932254509
RN7SL50P	SRR1609495	1.002266574999606
RN7SL50P	SRR1609496	1.0008998949047658
RN7SL50P	SRR1609497	1.0008998949047658
RN7SL50P	SRR1609498	1.000359860831218
RN7SL50P	SRR1609499	1.0021169188365064
RN7SL50P	SRR1609500	1.001725803535813
RN7SL50P	SRR1609501	1.0012906877364744
RN7SL50P	SRR1609502	1.0131235797683193
RN7SL50P	SRR1609503	1.2577312251671255
RN7SL50P	SRR1609504	1
RN7SL50P	SRR1609505	1
RN7SL50P	SRR1609506	1.019996986701897
RN7SL50P	SRR1609507	1.0061660350318171
RN7SL50P	SRR1609508	1.0005398398063463
RN7SL50P	SRR1609509	1.0064221997611569
RN7SL50P	SRR1609510	1.0056982467093867
RN7SL50P	SRR1609511	1.0375190831321666
RN7SL50P	SRR1609512	1.003393745919232
RN7SL50P	SRR1609513	1.0032605119068476
RN7SL50P	SRR1609514	1.049805218598925
RN7SL50P	SRR1609515	1.001980837804911
RN7SL50P	SRR1609516	1.0042043830726162
RN7SL50P	SRR1609517	1.0230255913150224
RN7SL50P	SRR1609518	1.0016203938574126
RN7SL50P	SRR1609519	1.001725803535813
RN7SL50P	SRR1609520	1.0793712363413515
RN7SL50P	SRR1609521	1.0016784036170656
RN7SL50P	SRR1609522	1.0244721470044897
RN7SL50P	SRR1609523	1.0047940376745443
RN7SL50P	SRR1609524	1.0169007391409333
RN7SL50P	SRR1609525	1.0055480781368802
RN7SL50P	SRR1609526	1.020687225978975
RN7SL50P	SRR1609527	1
RN7SL50P	SRR1609528	1.0089020059058134
RN7SL50P	SRR1609529	1.026161768287664
RN7SL50P	SRR1609530	1.0048928994463358
RN7SL50P	SRR1609531	1.0038422727480136
RN7SL50P	SRR1609532	1.0073820968056781
RN7SL50P	SRR1609533	1.0388210508926796
RN7SL50P	SRR1609534	1.0013180684646343
RN7SL50P	SRR1609535	1.0447999386373616
RN7SL50P	SRR1609536	1.0111854977845782
RN7SL50P	SRR1609537	1.003877062984047
RN7SL50P	SRR1609538	1
RN7SL50P	SRR1609539	1.0062411626561332
RN7SL50P	SRR1609540	1
RN7SL50P	SRR1609541	1.1005986779971142
RN7SL50P	SRR1609542	1.0023720526815605
RN7SL50P	SRR1609543	1.0020862854161259
RN7SL50P	SRR1609544	1.005937378799828
RN7SL50P	SRR1609545	0.421237784923986
RN7SL50P	SRR1609546	1
RN7SL50P	SRR1609547	1.0052170791293795
RN7SL50P	SRR1609548	1.0184861532197387
RN7SL50P	SRR1609549	1.0108592213002114
RN7SL50P	SRR1609550	1
RN7SL50P	SRR1609551	1.0117435272800281
RN7SL50P	SRR1609552	1.0045689957386463
RN7SL50P	SRR1609553	1.0026579014399075
RN7SL50P	SRR1609554	1.0092141688423883
RN7SL50P	SRR1609555	1.0035601881766363
RN7SL50P	SRR1609556	1.0226028348590848
RN7SL50P	SRR1609557	1.0063443236741658
RN7SL50P	SRR1609558	1.0043407660883636
RN7SL50P	SRR1609559	1.0429313075146665
RN7SL50P	SRR1609560	1.0074202577564666
RN7SL50P	SRR1609561	1.002610457415912
RN7SL50P	SRR1609562	1.0010052287584692
RN7SL50P	SRR1609563	1.0044771676265627
RN7SL50P	SRR1609564	1.0009578629360643
RN7SL50P	SRR1609565	1.0254977843458928
RN7SL50P	SRR1609566	1.0033796658956018
RN7SL50P	SRR1609567	1.258890072207468
RN7SL50P	SRR1609568	2
RN7SL50P	SRR1609569	1
RN7SL50P	SRR1609570	1.0181071207811365
RN7SL50P	SRR1609571	1.0245516446814755
RN7SL50P	SRR1609572	1.0135334782752279
RN7SL50P	SRR1609573	1.020175146030604
RN7SL50P	SRR1609574	1.0052445672264152
RN7SL50P	SRR1609575	1.0736998596975067
RN7SL50P	SRR1609576	1.004026982007113
RN7SL50P	SRR1609577	1.0042350812424865
RN7SL50P	SRR1609578	1.0017838194003639
RN7SL50P	SRR1609579	1.0068290619802291
RN7SL50P	SRR1609580	1.0077765856207708
RN7SL50P	SRR1609581	1.0421710305067429
RN7SL50P	SRR1609582	1.008446585812273
RN7SL50P	SRR1609583	1.0362453520104524
RN7SL50P	SRR1609584	1.0020695004108646
RN7SL50P	SRR1609585	1.0008998949047658
RN7SL50P	SRR1609586	1.0786248766862927
RN7SL50P	SRR1609587	1.012248840177597
RN7SL50P	SRR1609588	1.0140245410109685
RN7SL50P	SRR1609589	1.0026579014399075
RN7SL50P	SRR1609590	1.000359860831218
RN7SL50P	SRR1609591	1.0032740821844481
RN7SL50P	SRR1609592	1.0069291468220734
RN7SL50P	SRR1609593	1.0055894714059808
RN7SL50P	SRR1609594	1.0256481719610884
RN7SL50P	SRR1609595	1.0250719923527887
RN7SL50P	SRR1609596	1.0026272514823873
RN7SL50P	SRR1609597	1.0042350812424865
RN7SL50P	SRR1609598	1.027952820823441
RN7SL50P	SRR1609599	1.0215262413064172
RN7SL50P	SRR1609600	1.031286113324528
RN7SL50P	SRR1609601	1.0283735803533551
RN7SL50P	SRR1609602	1.1633952247111359
RN7SL50P	SRR1609603	1
RN7SL50P	SRR1609604	1.0071022645360526
RN7SL50P	SRR1609605	1.0077519822290972
RN7SL50P	SRR1609606	1.016340160710226
RN7SL50P	SRR1609607	1.0050669824037204
RN7SL50P	SRR1609608	1.0206596050691408
RN7SL50P	SRR1609609	1.0332064999113728
RN7SL50P	SRR1609610	1
RN7SL50P	SRR1609611	1.0173971986878916
RN7SL50P	SRR1609612	1.002341411462068
RN7SL50P	SRR1609613	1.0008998949047658
RN7SL50P	SRR1609614	1.0118849169807895
RN7SL50P	SRR1609615	1.0031991760872525
RN7SL50P	SRR1609616	1
RN7SL50P	SRR1609617	1
RN7SL50P	SRR1609618	1.0032298435283036
RN7SL50P	SRR1609619	1.0036625660673133
RN7SL50P	SRR1609620	1.0128377161891344
RN7SL50P	SRR1609621	2.01752409318208
RN7SL50P	SRR1609622	1.0397207257794516
RN7SL50P	SRR1609623	1.0194149042912743
RN7SL50P	SRR1609624	1.2336696420287332
RN7SL50P	SRR1609625	1.0016203938574126
RN7SL50P	SRR1609626	1.0079578989702365
RN7SL50P	SRR1609627	1.0055788173830293
RN7SL50P	SRR1609628	1.0019198736744939
RN7SL50P	SRR1609629	1.016628015095451
RN7SL50P	SRR1609630	1.002838293865245
RN7SL50P	SRR1609631	1
RN7SL50P	SRR1609632	1
RN7SL50P	SRR1609633	1.0036658019973412
RN7SL50P	SRR1609634	1.0084021190782648
RN7SL50P	SRR1609635	1.0252958338928058
RN7SL50P	SRR1609636	1.0340317261405663
RN7SL50P	SRR1609637	1.004139785441317
RN7SL50P	SRR1609638	1.0249950491217468
RN7SL50P	SRR1609639	1.0055894714059808
RN7SL50P	SRR1609640	1.0001799142310437
RN7SL50P	SRR1609641	1.0002851723145936
RN7SL50P	SRR1609642	1
RN7SL50P	SRR1609643	1.0122774846884037
RN7SL50P	SRR1609644	1.0010799710397094
RN7SL50P	SRR1609645	1.0032298435283036
RN7SL50P	SRR1609646	1.0023994629801138
RN7SL50P	SRR1609647	1.0212982971415507
RN7SL50P	SRR1609648	1.0036559710886879
RN7SL50P	SRR1609649	1.0083470307786628
RN7SL50P	SRR1609650	1.0075230294309803
RN7SL50P	SRR1609651	1.0034545854694705
RN7SL50P	SRR1609652	1.0036044413997351
RN7SL50P	SRR1609653	1.0511387444381015
RN7SL50P	SRR1609654	1.0351447830852243
RN7SL50P	SRR1609655	1.0068800116614336
RN7SL50P	SRR1609656	1.0146617285827944
RN7SL50P	SRR1609657	1.0132706137894723
RN7SL50P	SRR1609658	1.0203628410233592
RN7SL50P	SRR1609659	1.0080669304680778
RN7SL50P	SRR1609660	1.0039487828443494
RN7SL50P	SRR1609661	1.0014848874183715
RN7SL50P	SRR1609662	1.0047190180949654
RN7SL50P	SRR1609663	1.002668524516
RN7SL50P	SRR1609664	1.00735571483492
RN7SL50P	SRR1609665	1
RN7SL50P	SRR1609666	1.0168930220669719
RN7SL50P	SRR1609667	1.0029880577585075
RN7SL50P	SRR1609668	1.126374524616663
RN7SL50P	SRR1609669	1.0197584865298666
RN7SL50P	SRR1746771	2.327502942253789
RN7SL50P	SRR1746772	4.126608938264925
RN7SL50P	SRR1746773	4.586655675130968
RN7SL50P	SRR1746774	1.073097681619899
RN7SL50P	SRR1746775	0.9432528829412494
RN7SL50P	SRR1746776	2.469508959919271
RN7SL50P	SRR1746777	0.7204267908864945
RN7SL50P	SRR1746778	0.5400933262493899
RN7SL50P	SRR1746779	1.7929721025165746
RN7SL50P	SRR1746780	1.5886386626349915
RN7SL50P	SRR1746781	2.2119607150315863
RN7SL50P	SRR1746782	2.0091379914772927
RN7SL50P	SRR1746783	1
RN7SL50P	SRR1746784	2
RN7SL50P	SRR1782685	1.0163701315430376
RN7SL50P	SRR1782686	1.0245185067839673
RN7SL50P	SRR1782687	1.0124456809155273
RN7SL50P	SRR1782688	1.0169436235163218
RN7SL50P	SRR1782689	1.0182289169689787
RN7SL50P	SRR1782690	1.0209481971593921
RN7SL50P	SRR1782691	1.0018005996203712
RN7SL50P	SRR1782692	1.0083965328803508
RN7SL50P	SRR1782693	1.009155613559072
RN7SL50P	SRR1782694	1.0162846397295895
RN7SL50P	SRR1782695	1.0007198511622537
RN7SL50P	SRR1782696	1.0034071037477756
RN7SL50P	SRR1782697	1.008894629432837
RN7SL50P	SRR1782698	1.0021169188365064
RN7SL50P	SRR1782699	1.0249781804088034
RN7SL50P	SRR1782700	1.0077600305872203
RN7SL50P	SRR1782701	1.00637782229101
RN7SL50P	SRR1782702	1.0108389703070961
RN7SL50P	SRR1782703	1.0039487828443494
RN7SL50P	SRR1782704	1.0159997238820426
RN7SL50P	SRR1782705	1.024627921670523
RN7SL50P	SRR1782706	1.0025798089086946
RN7SL50P	SRR1782707	1.0038986591209549
RN7SL50P	SRR1782708	1.0538021486811544
RN7SL50P	SRR1782709	1.0501361936915201
RN7SL50P	SRR1782710	1
RN7SL50P	SRR1782711	1.0116484418278766
RN7SL50P	SRR1782712	1.0121272073678107
RN7SL50P	SRR1782713	1.0221907801445005
RN7SL50P	SRR1782714	1.0873263978153305
RN7SL50P	SRR1782715	1.0025049546470863
RN7SL50P	SRR1782716	1.015162755673933
RN7SL50P	SRR1782717	1.000825166068307
RN7SL50P	SRR1782718	1.0146894749478659
RN7SL50P	SRR1782719	1.0074140567609242
RN7SL50P	SRR1782720	1.017778610915434
RN7SL50P	SRR1782721	1.1217593509927906
RN7SL50P	SRR1782722	1.0008998949047658
RN7SL50P	SRR1782723	1.002266574999606
RN7SL50P	SRR1782724	1.011574079940271
RN7SL50P	SRR1782725	1.0690992721583623
RN7SL50P	SRR1782726	1.00768154067403
RN7SL50P	SRR1782727	1
RN7SL50P	SRR1782728	1.0306785213210727
RN7SL50P	SRR1782729	0.9547105140749295
RN7SL50P	SRR1782730	1.0014402205102033
RN7SL50P	SRR1782731	1.032900384680387
RN7SL50P	SRR1782732	1.0797441103980587
RN7SL50P	SRR1782733	1.0099265873940113
RN7SL50P	SRR1782734	1.0063429038612468
RN7SL50P	SRR1782735	1.0047021889912742
RN7SL50P	SRR1782736	1.01871989576969
RN7SL50P	SRR1782737	1.0016784036170656
RN7SL50P	SRR1782738	1.049900494318433
RN7SL50P	SRR1782739	1.0105217483060531
RN7SL50P	SRR1782740	1.01204669428906
RN7SL50P	SRR1782741	1.0546801002769515
RN7SL50P	SRR1782742	1
RN7SL50P	SRR1782743	1.002042099135034
RN7SL50P	SRR1782744	1.0050596339700848
RN7SL50P	SRR1782745	1.0123427036165962
RN7SL50P	SRR1782746	1.0203040710648652
RN7SL50P	SRR1782747	1.0076202296922758
RN7SL50P	SRR1782748	1.015029947158002
RN7SL50P	SRR1782749	1.013076264249149
RN7SL50P	SRR1782750	1.0014089067169103
RN7SL50P	SRR1782751	1.0158954859371438
RN7SL50P	SRR1782752	1.0068598403855975
RN7SL50P	SRR1782753	1.001063202890274
RN7SL50P	SRR1782754	1.0085680787439217
RN7SL50P	SRR1782755	1.0027601872840743
RN7SL50P	SRR1782756	1.0456381683839602
RN7SL50P	SRR1782757	1.0014708341806098
RN7SL50P	SRR1782758	1.0018005996203712
RN7SL50P	SRR1782759	1.0044740376826409
RN7SL50P	SRR1782760	1.0145475398780028
RN7SL50P	SRR1782761	1.1238501762695376
RN7SL50P	SRR1782762	1.0649255307900556
RN7SL50P	SRR1782763	1.0055312351463837
RN7SL50P	SRR1782764	1.0012159297227785
RN7SL50P	SRR1782765	1.003304751915352
RN7SL50P	SRR1782766	1.0108493839910517
RN7SL50P	SRR1782767	1.0099364157227675
RN7SL50P	SRR1782768	1.0066666566644284
RN7SL50P	SRR1782769	1.0087205227286287
RN7SL50P	SRR1782770	1.0047423858829498
RN7SL50P	SRR1782771	1.0068292462162547
RN7SL50P	SRR1782772	1.005465650857193
RN7SL50P	SRR1782773	1.0044157574249153
RN7SL50P	SRR1782774	1.0025523936786382
RN7SL50P	SRR1782775	1.0203057202994605
RN7SL50P	SRR1782776	1.0152330951494304
RN7SL50P	SRR1782777	1.0001799142310437
RN7SL50P	SRR1782778	1.0018586198168056
RN7SL50P	SRR1782779	1.0284290516569456
RN7SL50P	SRR1782780	1.0131470187154437
RN7SL50P	SRR1782781	1.0353590447332954
RN7SL50P	SRR1782782	1.0208564420797066
RN7SL50P	SRR1782783	1.0064352388451732
RN7SL50P	SRR1782784	1.0034239111583483
RN7SL50P	SRR1782785	1.0010799710397094
RN7SL50P	SRR1782786	1.0254091193769634
RN7SL50P	SRR1782787	1
RN7SL50P	SRR1782788	1.0037988754978042
RN7SL50P	SRR1782789	1.0173768425012382
RN7SL50P	SRR1782790	1.0056784533302756
RN7SL50P	SRR1782791	1.0060164756728647
RN7SL50P	SRR1782792	1.0069216150206068
RN7SL50P	SRR1782793	1.0375153886962647
RN7SL50P	SRR1782794	1.0069211050997067
RN7SL50P	SRR1782795	1.0214531830775024
RN7SL50P	SRR1782796	1.0800775530816074
RN7SL50P	SRR1782797	1.0257043393761212
RN7SL50P	SRR1782798	1.0196936687232063
RN7SL50P	SRR1782799	1.0016203938574126
RN7SL50P	SRR1782800	1.0018005996203712
RN7SL50P	SRR1782801	1.0056231596200704
RN7SL50P	SRR1782802	1.00746468119409
RN7SL50P	SRR1782803	1.0037100598776116
RN7SL50P	SRR1782804	1.0027523440034467
RN7SL50P	SRR1782805	1.0018005996203712
RN7SL50P	SRR1782806	1.002719204165851
RN7SL50P	SRR1782807	1.0356994706753837
RN7SL50P	SRR1782808	1.026827020828528
RN7SL50P	SRR1782809	1.013752729059885
RN7SL50P	SRR1782810	1.0169339604032894
RN7SL50P	SRR1782811	1.0031517064510844
RN7SL50P	SRR1782812	1.012847572848198
RN7SL50P	SRR1782813	1.0063165906321876
RN7SL50P	SRR1782814	1.0131760192829955
RN7SL50P	SRR1782815	1.062495840870562
RN7SL50P	SRR1782816	1.0005398398063463
RN7SL50P	SRR1782817	1.0035908666536983
RN7SL50P	SRR1782818	1.0140695526855483
RN7SL50P	SRR1782819	1.0280666097863669
RN7SL50P	SRR1782820	1.0360618097617436
RN7SL50P	SRR1782821	1.0027327671216282
RN7SL50P	SRR1782822	1.008031995028529
RN7SL50P	SRR1782823	1.003877062984047
RN7SL50P	SRR1782824	1.0057597353227128
RN7SL50P	SRR1782825	1.0058487323132066
RN7SL50P	SRR1782826	1.0069518863188005
RN7SL50P	SRR1782827	1.013565933704922
RN7SL50P	SRR1782828	1
RN7SL50P	SRR1782829	1
RN7SL50P	SRR1782830	1.0394926725314855
RN7SL50P	SRR1782831	1.0739194225513655
RN7SL50P	SRR1782832	2.0658368784194034
RN7SL50P	SRR1782833	1.0233328160231223
RN7SL50P	SRR1782834	1.0001799142310437
RN7SL50P	SRR1782835	1.115615765911128
RN7SL50P	SRR1782836	0.5565696355060236
RN7SL50P	SRR1782837	1.0281334706568328
RN7SL50P	SRR1782838	1.0134017576581857
RN7SL50P	SRR1782839	1.014242485141271
RN7SL50P	SRR1782840	2.017171972024777
RN7SL50P	SRR1782841	1.0152682801580397
RN7SL50P	SRR1782842	1
RN7SL50P	SRR1782843	1.0248893103783814
RN7SL50P	SRR1782844	1.0002851723145936
RN7SL50P	SRR1782845	1.0191934424402136
RN7SL50P	SRR1782846	1.0056007446618231
RN7SL50P	SRR1782847	1.2341754014728283
RN7SL50P	SRR1782848	1.2339624247168026
RN7SL50P	SRR1782849	1.2407817669595906
RN7SL50P	SRR1782850	1.2523904174212142
RN7SL50P	SRR1782851	1.2640085575608608
RN7SL50P	SRR1782852	1.264344673893091
RN7SL50P	SRR1782853	1.2591344565382891
RN7SL50P	SRR1782854	1.0032740821844481
RN7SL50P	SRR1782855	1.0024121563473647
RN7SL50P	SRR1782856	1.005344170055093
RN7SL50P	SRR1782857	1.0072254172113015
RN7SL50P	SRR1782858	1.0010799710397094
RN7SL50P	SRR1782859	1.0016203938574126
RN7SL50P	SRR1782860	1.002266574999606
RN7SL50P	SRR1782861	1.0018713063353686
RN7SL50P	SRR1782862	1.0047190180949654
RN7SL50P	SRR1782863	1.0026579014399075
RN7SL50P	SRR1782864	1.0132164950882474
RN7SL50P	SRR1782865	1.0042826021444868
RN7SL50P	SRR1782866	1.0035295106373756
RN7SL50P	SRR1782867	1.0170545049080533
RN7SL50P	SRR1782868	1.0036658019973412
RN7SL50P	SRR1782869	1.0035127014580056
RN7SL50P	SRR1782870	1.0025049546470863
RN7SL50P	SRR1782871	1.0053810915116634
RN7SL50P	SRR1782872	1.002779198304047
RN7SL50P	SRR1782873	1.004671476542523
RN7SL50P	SRR1782874	1.0065024345620641
RN7SL50P	SRR1782875	1.0051863509411016
RN7SL50P	SRR1782876	1.003982710152387
RN7SL50P	SRR1782877	1.0034239111583483
RN7SL50P	SRR1782878	1.0080565454487205
RN7SL50P	SRR1782879	1.014806463283347
RN7SL50P	SRR1782880	1.0042383190183728
RN7SL50P	SRR1782881	1.0041769234190894
RN7SL50P	SRR1782882	1.0035295106373756
RN7SL50P	SRR1782883	1.0018312243074385
RN7SL50P	SRR1782884	1.0007198511622537
RN7SL50P	SRR1782885	1
RN7SL50P	SRR1782886	1.0055714652071701
RN7SL50P	SRR1782887	1.0009304920576112
RN7SL50P	SRR1782888	1.003284711788924
RN7SL50P	SRR1782889	1.0043575891380983
RN7SL50P	SRR1782890	1.001545611227314
RN7SL50P	SRR1782891	1.0007198511622537
RN7SL50P	SRR1782892	1.0018586198168056
RN7SL50P	SRR1782893	1.0039213301801309
RN7SL50P	SRR1782894	1.0115931161663667
RN7SL50P	SRR1782895	1.0037100598776116
RN7SL50P	SRR1782896	1.0021611084168651
RN7SL50P	SRR1782897	1.0028076383933613
RN7SL50P	SRR1782898	1.002266574999606
RN7SL50P	SRR1782899	1.003793020797143
RN7SL50P	SRR1782900	1.0010799710397094
RN7SL50P	SRR1782901	1.0010052287584692
RN7SL50P	SRR1782902	1
RN7SL50P	SRR1782903	1.0025523936786382
RN7SL50P	SRR1782904	1
RN7SL50P	SRR1782905	1.0021169188365064
RN7SL50P	SRR1782906	1.0064221997611569
RN7SL50P	SRR1782907	1.004907806923692
RN7SL50P	SRR1782908	1.003093611368694
RN7SL50P	SRR1782909	1.0034545854694705
RN7SL50P	SRR1782910	2
RN7SL50P	SRR1782911	1.0070406938452114
RN7SL50P	SRR1782912	0.9535200498249207
RN7SL50P	SRR1782913	1
RN7SL50P	SRR1782914	1.0028076383933613
RN7SL50P	SRR1782915	1
RN7SL50P	SRR1782916	1.010869575218145
RN7SL50P	SRR1782917	1.0032393128452408
RN7SL50P	SRR1782918	1.0010799710397094
RN7SL50P	SRR1782919	1
RN7SL50P	SRR1782920	1.0010799710397094
RN7SL50P	SRR1782921	1.0020862854161259
RN7SL50P	SRR1782922	1.1868611598736958
RN7SL50P	SRR1782923	1.0056388977969737
RN7SL50P	SRR1782924	1.0051863509411016
RN7SL50P	SRR1782925	1.0035528507597562
RN7SL50P	SRR1782926	1.007434179369019
RN7SL50P	SRR1782927	1.002913173016367
RN7SL50P	SRR1782928	1.0072973762876458
RN7SL50P	SRR1782929	1.0087717835221508
RN7SL50P	SRR1782930	1.002940598112091
RN7SL50P	SRR1782931	1.0027327671216282
RN7SL50P	SRR1782932	1.0037513774849056
RN7SL50P	SRR1782933	1.0653997108487636
RN7SL50P	SRR1782934	1.005940685812108
RN7SL50P	SRR1782935	1.0045521691478385
RN7SL50P	SRR1782936	1.0259722498988069
RN7SL50P	SRR1782937	1.0079641033133233
RN7SL50P	SRR1782938	1.258100037900621
RN7SL50P	SRR1782939	1.00479109240232
RN7SL50P	SRR1782940	1.0026719713353072
RN7SL50P	SRR1782941	1.0079259217617345
RN7SL50P	SRR1782942	1.004026982007113
RN7SL50P	SRR1782943	1.0047190180949654
RN7SL50P	SRR1782944	1.0013180684646343
RN7SL50P	SRR1782945	1.0053810915116634
RN7SL50P	SRR1782946	1.0021611084168651
RN7SL50P	SRR1782947	1.0021443221583142
RN7SL50P	SRR1782948	1
RN7SL50P	SRR1782949	1.0025217469463543
RN7SL50P	SRR1782950	1
RN7SL50P	SRR1782951	1.00336285922614
RN7SL50P	SRR1782952	0.4242466954854418
RN7SL50P	SRR1782953	1.0019060282634729
RN7SL50P	SRR1782954	1.1264165338665522
RN7SL50P	SRR1782955	1.0342541231867062
RN7SL50P	SRR1782956	1.0152841125038419
RN7SL50P	SRR1782957	1.0197859199459323
RN7SL50P	SRR1782958	1.0055480781368802
RN7SL50P	SRR1782959	1.058591539507089
RN7SL50P	SRR1782960	1
RN7SL50P	SRR1782961	1.0036559710886879
RN7SL50P	SRR1782962	1.0074338842995187
RN7SL50P	SRR1782963	1.0069794218548913
RN7SL50P	SRR1782964	1.00041779758595
RN7SL50P	SRR1782965	1.0031517064510844
RN7SL50P	SRR1782966	1
RN7SL50P	SRR1782967	1.0041326449528036
RN7SL50P	SRR1782968	1.0010799710397094
RN7SL50P	SRR1782969	1.0124368080984334
RN7SL50P	SRR1782970	1.0128272820215503
RN7SL50P	SRR1782971	1.0171304455441843
RN7SL50P	SRR1782972	1.0057292851162858
RN7SL50P	SRR1782973	1.0517459917633214
RN7SL50P	SRR1782974	1
RN7SL50P	SRR1782975	1.0401318016702708
RN7SL50P	SRR1782976	1.009948283487657
RN7SL50P	SRR1782977	1.000359860831218
RN7SL50P	SRR1782978	1.0169714322808001
RN7SL50P	SRR1782979	1.0085358205549844
RN7SL50P	SRR1782980	1.0017838194003639
RN7SL50P	SRR1782981	1.0125043176315647
RN7SL50P	SRR1782982	1.0058655806218886
RN7SL50P	SRR1782983	1.0010052287584692
RN7SL50P	SRR1782984	1.000359860831218
RN7SL50P	SRR1782985	1.0068675867150407
RN7SL50P	SRR1782986	1.0030629480920839
RN7SL50P	SRR1782987	1.0012906877364744
RN7SL50P	SRR1782988	1
RN7SL50P	SRR1782989	1.0436400210748342
RN7SL50P	SRR1782990	1.0139756387641055
RN7SL50P	SRR1782991	1.004207620749528
RN7SL50P	SRR1782992	1.002446897019748
RN7SL50P	SRR1782993	1.021449196840116
RN7SL50P	SRR1782994	1
RN7SL50P	SRR1782995	1.0084913498862338
RN7SL50P	SRR1782996	1
RN7SL50P	SRR1782997	1.0045214612850002
RN7SL50P	SRR1782998	1.0037100598776116
RN7SL50P	SRR1782999	1.022088986019526
RN7SL50P	SRR1783000	1.00395855299875
RN7SL50P	SRR1783001	1.0169288929732232
RN7SL50P	SRR1783002	1.0573070730118106
RN7SL50P	SRR1783003	1
RN7SL50P	SRR1783004	1.0046291005525438
RN7SL50P	SRR1783005	1.016291836005615
RN7SL50P	SRR1783006	1.0243516724527386
RN7SL50P	SRR1813867	1.0510786620096826
RN7SL50P	SRR1813868	1.0200170572585177
RN7SL50P	SRR1813869	1.0105861980877333
RN7SL50P	SRR1813870	0.6304292463259884
RN7SL50P	SRR1813871	0.564449275688589
RN7SL50P	SRR1813872	0.838985280713538
RN7SL50P	SRR1813873	0.567574812518461
RN7SL50P	SRR1813874	1.01090379638317
RN7SL50P	SRR1813875	1
RN7SL50P	SRR1813876	1.0053946904725954
RN7SL50P	SRR1813877	0.27178572447565047
RN7SL50P	SRR1813878	1.0007198511622537
RN7SL50P	SRR1813879	1
RN7SL50P	SRR1813880	1
RN7SL50P	SRR1813881	1.021262493620424
RN7SL50P	SRR1813882	0.6546924374221423
RN7SL50P	SRR1813883	1.0008831297716165
RN7SL50P	SRR1813884	1.0137080283552693
RN7SL50P	SRR1813885	1
RN7SL50P	SRR1813886	1.001260079572912
RN7SL50P	SRR1813887	1.0111685603669651
RN7SL50P	SRR1928188	1.008175814381133
RN7SL50P	SRR1928189	1.0072973762876458
RN7SL50P	SRR1928190	2.017517588460307
RN7SL50P	SRR1928191	1.0112464490004
RN7SL50P	SRR1928192	1.0128070516909926
RN7SL50P	SRR1928193	1.0152152136193056
RN7SL50P	SRR2046996	1.008539072196977
RN7SL50P	SRR2046997	1.0109890563544852
RN7SL50P	SRR2046998	1.0200140719986568
RN7SL50P	SRR2046999	1.0076015069974786
RN7SL50P	SRR2047000	1.0105504932171951
RN7SL50P	SRR2047001	1.009303362382281
RN7SL50P	SRR2047002	1.0186478082828578
RN7SL50P	SRR2047003	1.023518185444259
RN7SL50P	SRR2047004	1.007825499021943
RN7SL50P	SRR2047005	1.008036115163524
RN7SL50P	SRR2047006	1.0150270823281453
RN7SL50P	SRR2047007	1.0260812180778769
RN7SL50P	SRR2047008	1.0124150282865771
RN7SL50P	SRR2047009	1.0183672447201313
RN7SL50P	SRR2313973	1.0129896589757252
RN7SL50P	SRR2313974	1.0076249418264847
RN7SL50P	SRR2313975	1.0104444508848685
RN7SL50P	SRR2313976	1.0149132606524793
RN7SL50P	SRR2313977	1.0087617511326181
RN7SL50P	SRR2313978	1.0271359063427055
RN7SL50P	SRR2313979	1.0105196019933347
RN7SL50P	SRR2313980	1.0058930864524789
RN7SL50P	SRR2313981	1.003600339378272
RN7SL50P	SRR2313982	1.0133699045526758
RN7SL50P	SRR2313983	1.0170847179728304
RN7SL50P	SRR2313984	1.0054730022593972
RN7SL50P	SRR2313985	1.019556072755473
RN7SL50P	SRR2313986	1.0062550679746862
RN7SL50P	SRR2313987	1.003375564792861
RN7SL50P	SRR2313988	1.0091419637279229
RN7SL50P	SRR2313989	1.010807774207177
RN7SL50P	SRR2313990	1.0158151880323143
RN7SL50P	SRR2313991	1.0168515419605484
RN7SL50P	SRR2313992	1.015373075829736
RN7SL50P	SRR2313993	1.0105059337128883
RN7SL50P	SRR2313994	1.0221592337096574
RN7SL50P	SRR2313995	1.0042826021444868
RN7SL50P	SRR2313996	1.004538287361441
RN7SL50P	SRR2313997	1.0122808125437386
RN7SL50P	SRR2313998	1.0248492994103025
RN7SL50P	SRR2313999	1.0094294474234875
RN7SL50P	SRR2314000	1.0087270870616352
RN7SL50P	SRR2314001	1.0141174746934551
RN7SL50P	SRR2314002	1.010893086055989
RN7SL50P	SRR2314003	1.022034789012044
RN7SL50P	SRR2314004	1.0080013221818138
RN7SL50P	SRR2314005	1.0095719427644396
RN7SL50P	SRR2314006	1.0192358061432685
RN7SL50P	SRR2314007	1.0060605124728728
RN7SL50P	SRR2314008	1.0013180684646343
RN7SL50P	SRR2314009	1.008292756005706
RN7SL50P	SRR2314010	1.0066364307385607
RN7SL50P	SRR2314011	1.0071913803233676
RN7SL50P	SRR2314012	1.0074128921171241
RN7SL50P	SRR2314013	1.0120065015814301
RN7SL50P	SRR2314014	1.0116520854708597
RN7SL50P	SRR2314015	1.0078272282716871
RN7SL50P	SRR2314016	1.0032667468593996
RN7SL50P	SRR2314017	1.0198405146740634
RN7SL50P	SRR2314018	1.03782980758221
RN7SL50P	SRR2314019	1.0033796658956018
RN7SL50P	SRR2314020	1.0167059661554507
RN7SL50P	SRR2314021	1.0050805771159577
RN7SL50P	SRR2314022	1.012335005482347
RN7SL50P	SRR2314023	1.009930139320552
RN7SL50P	SRR2314024	1.013303558456437
RN7SL50P	SRR2314025	1.0050014283947293
RN7SL50P	SRR2314026	1.022744558399226
RN7SL50P	SRR2314027	1.007581381047162
RN7SL50P	SRR2314028	1.0028825152555245
RN7SL50P	SRR2314029	1.002341411462068
RN7SL50P	SRR2314030	1.0047772073142707
RN7SL50P	SRR2314031	1.0176657679213166
RN7SL50P	SRR2314032	1.0178177461498867
RN7SL50P	SRR2314033	1.024669135723135
RN7SL50P	SRR2314034	1.0297963295780983
RN7SL50P	SRR2314035	1.0473841672111144
RN7SL50P	SRR2314036	1.0175308560885339
RN7SL50P	SRR2314037	1.0139178371600932
RN7SL50P	SRR2314038	1.0058040855375532
RN7SL50P	SRR2314039	1.0112464490004
RN7SL50P	SRR2314040	1.0396160750498236
RN7SL50P	SRR2314041	1.0076429847957384
RN7SL50P	SRR2314042	1.0040818938645244
RN7SL50P	SRR2314043	1.0092407859660601
RN7SL50P	SRR2314044	1.004255818226279
RN7SL50P	SRR2314045	1.0076154311147274
RN7SL50P	SRR3493774	3
RN7SL50P	SRR3493775	1
RN7SL50P	SRR3493776	2.7863420810402317
RN7SL50P	SRR3493777	1.0007198511622537
RN7SL50P	SRR3493778	1
RN7SL50P	SRR3493779	1.0035740564466114
RN7SL50P	SRR3493780	1.0498945968332396
RN7SL50P	SRR3493781	1
RN7SL50P	SRR3493782	1.008534950006251
RN7SL50P	SRR3493783	1.0027540149727638
RN7SL50P	SRR3493784	1.0208098579484606
RN7SL50P	SRR3493785	1.0008998949047658
RN7SL50P	SRR3493786	1.0407280627260045
RN7SL50P	SRR3493787	1
RN7SL50P	SRR3493788	2
RN7SL50P	SRR3493789	1.0182789000798176
RN7SL50P	SRR3493790	1
RN7SL50P	SRR3493791	1.0014708341806098
RN7SL50P	SRR3493792	1.0007198511622537
RN7SL50P	SRR3493793	1.0098194431054244
RN7SL50P	SRR3493794	1.003132286981857
RN7SL50P	SRR3493795	1.003718075955135
RN7SL50P	SRR3493796	1.0083843578636666
RN7SL50P	SRR3493797	1
RN7SL50P	SRR3493798	1.011188757969452
RN7SL50P	SRR3493799	1
RN7SL50P	SRR3493800	1.0072526652107907
RN7SL50P	SRR3493801	1.0092141688423883
RN7SL50P	SRR3493802	1
RN7SL50P	SRR3493803	1
RN7SL50P	SRR3493804	1.0007198511622537
RN7SL50P	SRR3493805	1.0023994629801138
RN7SL50P	SRR3493806	1
RN7SL50P	SRR3493807	1
RN7SL50P	SRR3493808	1.0020862854161259
RN7SL50P	SRR3493809	1.0033796658956018
RN7SL50P	SRR3493810	1
RN7SL50P	SRR3493811	1
RN7SL50P	SRR3493812	1.0007198511622537
RN7SL50P	SRR3493813	1.0019060282634729
RN7SL50P	SRR3493814	1
RN7SL50P	SRR3493815	0.7441838640516195
RN7SL50P	SRR3493816	1
RN7SL50P	SRR3493817	1.002913173016367
RN7SL50P	SRR3493818	1.0035876309652703
RN7SL50P	SRR3493819	1
RN7SL50P	SRR3493820	1.1220654621967874
RN7SL50P	SRR3493821	1.0117037104910989
RN7SL50P	SRR3493822	1
RN7SL50P	SRR3493823	0.7882931259154423
RN7SL50P	SRR3493824	0.7809434595745343
RN7SL50P	SRR3493825	1.0013180684646343
RN7SL50P	SRR3493826	1.0007198511622537
RN7SL50P	SRR3493827	1
RN7SL50P	SRR3493828	1
RN7SL50P	SRR3493829	1.0023994629801138
RN7SL50P	SRR3493830	0.6212413459385535
RN7SL50P	SRR3493831	1.0045489303600643
RN7SL50P	SRR3493832	1.0001799142310437
RN7SL50P	SRR3493833	0.6422050488464214
RN7SL50P	SRR3493834	1
RN7SL50P	SRR3493835	1.005268691618604
RN7SL50P	SRR3493836	1
RN7SL50P	SRR3493837	1.0007778087661545
RN7SL50P	SRR3493838	1
RN7SL50P	SRR3493839	1.0083404689188882
RN7SL50P	SRR3493840	1.019584221832653
RN7SL50P	SRR3493841	1.0021917441245578
RN7SL50P	SRR3493846	1.0228419618819704
RN7SL50P	SRR3493847	1.0367010057374855
RN7SL50P	SRR3493848	1.000359860831218
RN7SL50P	SRR3493849	0.6202330024223802
RN7SL50P	SRR3493850	1
RN7SL50P	SRR3714631	1
RN7SL50P	SRR3714632	1.0056231596200704
RN7SL50P	SRR3714633	1.0116050033991464
RN7SL50P	SRR3714634	1.0066712106965126
RN7SL50P	SRR3714635	1
RN7SL50P	SRR3714636	1
RN7SL50P	SRR3714637	1
RN7SL50P	SRR3714638	1
RN7SL50P	SRR3714639	0.5800658354218706
RN7SL50P	SRR3714640	0.749230236287223
RN7SL50P	SRR3714641	0.6367497360688896
RN7SL50P	SRR3714642	0.5894418586293669
RN7SL50P	SRR3714643	0.658029280060971
RN7SL50P	SRR3714644	0.7462711291588002
RN7SL50P	SRR3714645	1.0065515246415413
RN7SL50P	SRR3714646	1.000359860831218
RN7SL50P	SRR3714648	0.6910659535574368
RN7SL50P	SRR3714649	0.9697357325395568
RN7SL50P	SRR3714650	1.0068862093697364
RN7SL50P	SRR3714651	0.8175575727335103
RN7SL50P	SRR3714652	0.8969481683224135
RN7SL50P	SRR3714653	1
RN7SL50P	SRR3714654	1
RN7SL50P	SRR3714655	1.0007504428112262
RN7SL50P	SRR3714656	0.6806463604237557
RN7SL50P	SRR3714657	0.5622425820962301
RN7SL50P	SRR3714658	0.7840928298789845
RN7SL50P	SRR3714659	0.5238683570318664
RN7SL50P	SRR3714660	1
RN7SL50P	SRR3714661	1
RN7SL50P	SRR3714662	1.0110175749796777
RN7SL50P	SRR3714663	1.0007504428112262
RN7SL50P	SRR3714664	0.9019263245175047
RN7SL50P	SRR3714665	1
RN7SL50P	SRR3714666	1
RN7SL50P	SRR3714667	0.25905140856931136
RN7SL50P	SRR3714668	1
RN7SL50P	SRR3714669	0.7957681428246756
RN7SL50P	SRR3714670	1.0134780454274392
RN7SL50P	SRR3714671	1.001260079572912
RN7SL50P	SRR3714672	1.0027466239574123
RN7SL50P	SRR3714673	0.6154698622598881
RN7SL50P	SRR3714674	0.6747850022318956
RN7SL50P	SRR3714675	0.7538946561448692
RN7SL50P	SRR3714676	1
RN7SL50P	SRR3714677	1.0023720526815605
RN7SL50P	SRR3714678	0.5637688721739765
RN7SL50P	SRR3714679	1.0016203938574126
RN7SL50P	SRR3714680	1.001725803535813
RN7SL50P	SRR3714681	1.0035601881766363
RN7SL50P	SRR3714682	0.9387120568491252
RN7SL50P	SRR3714683	1.0020862854161259
RN7SL50P	SRR3714684	0.5877687201078786
RN7SL50P	SRR3714685	1.001756425936391
RN7SL50P	SRR3714686	0.6891749213492466
RN7SL50P	SRR3714688	1.00746468119409
RN7SL50P	SRR3714689	0.7734219129474065
RN7SL50P	SRR3714690	0.7979962816778584
RN7SL50P	SRR3714691	1
RN7SL50P	SRR3714692	0.7369246939681072
RN7SL50P	SRR3714693	0.6795208754944931
RN7SL50P	SRR3714694	0.837450137301195
RN7SL50P	SRR3714695	0.9184450997625621
RN7SL50P	SRR3714696	1
RN7SL50P	SRR3714697	1.0092099347782595
RN7SL50P	SRR3714698	1.0132132716489703
RN7SL50P	SRR3714699	0.8327998664799309
RN7SL50P	SRR3714700	0.8185293286987435
RN7SL50P	SRR3714701	0.7501771916273272
RN7SL50P	SRR3714702	0.9766164431244753
RN7SL50P	SRR3714703	1.001063202890274
RN7SL50P	SRR3714704	0.7330506564561744
RN7SL50P	SRR3714705	0.9166468406315273
RN7SL50P	SRR3714706	1.0350850727752356
RN7SL50P	SRR3714707	1.0007198511622537
RN7SL50P	SRR3714708	1.0232664352046819
RN7SL50P	SRR3714709	0.9010961331353448
RN7SL50P	SRR3714710	0.5292956251473764
RN7SL50P	SRR3714711	0.6777577190901249
RN7SL50P	SRR3714712	1
RN7SL50P	SRR3714713	1
RN7SL50P	SRR3714714	1
RN7SL50P	SRR3714715	1.0048247538699455
RN7SL50P	SRR3714716	1
RN7SL50P	SRR3714717	1
RN7SL50P	SRR3714718	1
RN7SL50P	SRR3714719	0.5313830732532663
RN7SL50P	SRR3714720	0.8227377704886294
RN7SL50P	SRR3714721	0.5949913278116434
RN7SL50P	SRR3714723	0.6142919374803811
RN7SL50P	SRR3714724	1.0029438317144064
RN7SL50P	SRR3714725	2.024857444779543
RN7SL50P	SRR3714726	0.6076262721528954
RN7SL50P	SRR3714727	0.957117690029389
RN7SL50P	SRR3714728	1.0082791178455617
RN7SL50P	SRR3714729	1.0262266652006342
RN7SL50P	SRR3714730	0.8100803723534562
RN7SL50P	SRR3714731	1.0001799142310437
RN7SL50P	SRR3714732	0.5454900206636712
RN7SL50P	SRR3714734	0.5372665123899618
RN7SL50P	SRR3714735	0.6836258904567358
RN7SL50P	SRR3714736	0.8489656871406255
RN7SL50P	SRR3714737	1
RN7SL50P	SRR3714738	0.9154692117981817
RN7SL50P	SRR3714739	0.6829557902798847
RN7SL50P	SRR3714740	0.7846218544273182
RN7SL50P	SRR3714741	1.0010799710397094
RN7SL50P	SRR3714744	0.9585661977406312
RN7SL50P	SRR3714745	1.0406785331708646
RN7SL50P	SRR3714746	1.008549757583579
RN7SL50P	SRR3714747	0.5559101115001341
RN7SL50P	SRR3714748	0.6386731788286283
RN7SL50P	SRR3714749	1.020881906329865
RN7SL50P	SRR3714750	0.6991717838765078
RN7SL50P	SRR3714751	1.0010799710397094
RN7SL50P	SRR3714752	1
RN7SL50P	SRR3714753	1.0079064098710653
RN7SL50P	SRR3714754	1
RN7SL50P	SRR3714755	0.6973424903319962
RN7SL50P	SRR3714756	1.0216801788447836
RN7SL50P	SRR3714757	0.7325663974490594
RN7SL50P	SRR3714758	0.9479045656307946
RN7SL50P	SRR3714759	0.5240326855317453
RN7SL50P	SRR3714760	1.0008998949047658
RN7SL50P	SRR3714761	1.000359860831218
RN7SL50P	SRR3714762	0.9443943627278005
RN7SL50P	SRR3714764	1
RN7SL50P	SRR3714765	0.8712334028283818
RN7SL50P	SRR3714766	1
RN7SL50P	SRR3714767	0.6858809503915723
RN7SL50P	SRR3714768	1
RN7SL50P	SRR5176628	1.0069362436470586
RN7SL50P	SRR5176629	1.005769228518871
RN7SL50P	SRR5176630	1.002266574999606
RN7SL50P	SRR5176631	1.0097927015434933
RN7SL50P	SRR5176632	1.0028521521593108
RN7SL50P	SRR5176633	1.006528114777527
RN7SL50P	SRR5176634	1.0398318552023067
RN7SL50P	SRR5176635	1.006192680551534
RN7SL50P	SRR5176636	1.0262757511402583
RN7SL50P	SRR5176637	1.0296640181326506
RN7SL50P	SRR5176638	1.1227010298695481
RN7SL50P	SRR5176639	1
RN7SL50P	SRR5176640	1.0441979418626173
RN7SL50P	SRR5176641	1.014864487377184
RN7SL50P	SRR5176642	1.0019060282634729
RN7SL50P	SRR5176643	1.001725803535813
RN7SL50P	SRR5176644	1.0001799142310437
RN7SL50P	SRR5176645	1.0388038372764734
RN7SL50P	SRR5176646	1.0186713933592446
RN7SL50P	SRR5176647	1.00586233759953
RN7SL50P	SRR5176648	1.002821496263797
RN7SL50P	SRR5176649	1.0068001280405927
RN7SL50P	SRR5176650	1.0241014943392315
RN7SL50P	SRR5176651	1.0158990588563879
RN7SL50P	SRR5176652	1.0055747072917207
RN7SL50P	SRR5176653	1.0027021148755608
RN7SL50P	SRR5176654	1.0081630176909429
RN7SL50P	SRR5176655	1.001260079572912
RN7SL50P	SRR5176656	1.0701102907311268
RN7SL50P	SRR5176657	1.080336199131198
RN7SL50P	SRR5176658	1.001651013035654
RN7SL50P	SRR5176659	1.0021611084168651
RN7SL50P	SRR5176660	1.0011506268930086
RN7SL50P	SRR5176661	1.0055480781368802
RN7SL50P	SRR5176662	0.9707101240681442
RN7SL50P	SRR5176663	1.0064352388451732
RN7SL50P	SRR5176664	1
RN7SL50P	SRR5176665	1.0089361604623304
RN7SL50P	SRR5176666	1.003877062984047
RN7SL50P	SRR5176667	1.0787114326524636
RN7SL50P	SRR5176668	1.0043407660883636
RN7SL50P	SRR5176669	1.0095837463480462
RN7SL50P	SRR5176670	1.0065240008061656
RN7SL50P	SRR5176671	1.0018005996203712
RN7SL50P	SRR5176672	1.0055747072917207
RN7SL50P	SRR5176673	1.0047899307908572
RN7SL50P	SRR5176674	1.002341411462068
RN7SL50P	SRR5176675	1.0042383190183728
RN7SL50P	SRR5176676	1.0184049631193235
RN7SL50P	SRR5176677	1.0014402205102033
RN7SL50P	SRR5176678	1.0223467302979135
RN7SL50P	SRR5176679	1.0090464643103707
RN7SL50P	SRR5176680	1.002838293865245
RN7SL50P	SRR5176681	1.001110573697418
RN7SL50P	SRR5176682	1.0099470559941912
RN7SL50P	SRR5176683	1.0045737798081236
RN7SL50P	SRR5176684	1.0026579014399075
RN7SL50P	SRR5176685	1.0029880577585075
RN7SL50P	SRR5176686	1.0043575891380983
RN7SL50P	SRR5176687	1.0045246999842108
RN7SL50P	SRR5176688	1.0132814135195316
RN7SL50P	SRR5176689	1.0075032001378998
RN7SL50P	SRR5176690	1.0255405228516121
RN7SL50P	SRR5176691	1.0009304920576112
RN7SL50P	SRR5176692	1.0097847940414932
RN7SL50P	SRR5176693	1.0073894622198625
RN7SL50P	SRR5176694	1
RN7SL50P	SRR5176695	1.0143554668418076
RN7SL50P	SRR5176696	1.1278931940525754
RN7SL50P	SRR5176697	1.027578940269744
RN7SL50P	SRR5176698	1.1648237836443878
RN7SL50P	SRR5176699	1.025015012327192
RN7SL50P	SRR5176700	1.0890144202015308
RN7SL50P	SRR5176701	2.068412952376626
RN7SL50P	SRR5176702	1
RN7SL50P	SRR5176703	1.0225806547035183
RN7SL50P	SRR5176704	1.0043682302222392
RN7SL50P	SRR5176705	1.0021443221583142
RN7SL50P	SRR5176706	1.0272678906633284
RN7SL50P	SRR5176707	1.0196549551650262
RN7SL50P	SRR5176708	1.0098820554003876
RN7SL50P	SRR5176709	1.0048079229951739
RN7SL50P	SRR5176710	1
RN7SL50P	SRR5176711	1.0019060282634729
RN7SL50P	SRR5176712	1.0128135825274416
RN7SL50P	SRR5176713	1.0088204699660321
RN7SL50P	SRR5176714	1.0602647654091784
RN7SL50P	SRR5176715	1.001260079572912
RN7SL50P	SRR5176716	1.001980837804911
RN7SL50P	SRR5176717	1.0065588839830468
RN7SL50P	SRR5176718	1.0088065291964956
RN7SL50P	SRR5176719	1.002341411462068
RN7SL50P	SRR5176720	1
RN7SL50P	SRR5176721	1
RN7SL50P	SRR5176722	1.019834176721331
RN7SL50P	SRR5176723	1.009611353853491
RN7SL50P	SRR5176724	1.005439319075555
RN7SL50P	SRR5176725	1.0122963584203841
RN7SL50P	SRR5176726	1
RN7SL50P	SRR5176727	1.0006451357681576
RN7SL50P	SRR5176728	1.024749980600489
RN7SL50P	SRR5176729	1.0019366561734564
RN7SL50P	SRR5176730	1.006542024061492
RN7SL50P	SRR5176731	1.0046440041164724
RN7SL50P	SRR5176732	1
RN7SL50P	SRR5176733	1.002266574999606
RN7SL50P	SRR5176734	1.0810259196769214
RN7SL50P	SRR5176735	1.002341411462068
RN7SL50P	SRR5176736	1.0019640545659034
RN7SL50P	SRR5176737	1.0029237987970407
RN7SL50P	SRR5176738	1.011060405450449
RN7SL50P	SRR5176739	1.0079439701204655
RN7SL50P	SRR5176740	1.0041633409296653
RN7SL50P	SRR5176741	1.040984015064751
RN7SL50P	SRR5176742	1.010571034419265
RN7SL50P	SRR5176743	1.0118484876942846
RN7SL50P	SRR5176744	1.013419199000111
RN7SL50P	SRR5176745	1.0091725172591408
RN7SL50P	SRR5176746	1.002266574999606
RN7SL50P	SRR5176747	1
RN7SL50P	SRR5176748	1.001260079572912
RN7SL50P	SRR5176749	1.016368017381527
RN7SL50P	SRR5176750	1.0162250306224079
RN7SL50P	SRR5176751	1.0036351212296024
RN7SL50P	SRR5176752	1.004538287361441
RN7SL50P	SRR5176753	1.0026272514823873
RN7SL50P	SRR5176754	1.0052614054151265
RN7SL50P	SRR5176755	1.0005398398063463
RN7SL50P	SRR5176756	1.0288547421808496
RN7SL50P	SRR5176757	1.0557664435713157
RN7SL50P	SRR5176758	1.0113534484802584
RN7SL50P	SRR5176759	1.0274065280258
RN7SL50P	SRR5176760	1.0058081328268176
RN7SL50P	SRR5176761	1.0058487323132066
RN7SL50P	SRR5176762	1.074382806129656
RN7SL50P	SRR5176763	1.0076459384275107
RN7SL50P	SRR5176764	1.0007198511622537
RN7SL50P	SRR5176765	1.001725803535813
RN7SL50P	SRR5176766	1.002838293865245
RN7SL50P	SRR5176767	1.0010052287584692
RN7SL50P	SRR5176768	1.0151957516581134
RN7SL50P	SRR5176769	1.0029532983317264
RN7SL50P	SRR5176770	1.002341411462068
RN7SL50P	SRR5176771	1.002446897019748
RN7SL50P	SRR5176772	1.0062719230896289
RN7SL50P	SRR5176773	1.007502905048184
RN7SL50P	SRR5176774	1.0061935490784637
RN7SL50P	SRR5176775	1.0095941471006586
RN7SL50P	SRR5176776	1.008275867041691
RN7SL50P	SRR5176777	1.010005252177451
RN7SL50P	SRR5176778	1.0057597353227128
RN7SL50P	SRR5176779	1.0051727547981684
RN7SL50P	SRR5176780	1.0030800435321403
RN7SL50P	SRR5176781	1.00637782229101
RN7SL50P	SRR5176782	1.0082247828353217
RN7SL50P	SRR5176783	1.0093021955543062
RN7SL50P	SRR5176784	1.0040544375604268
RN7SL50P	SRR5176785	1.0017658813459887
RN7SL50P	SRR5176786	1
RN7SL50P	SRR5176787	1.0076767418045007
RN7SL50P	SRR5176788	1.0267594917906628
RN7SL50P	SRR5176789	1.014142954978239
RN7SL50P	SRR5176790	1.0094264885638582
RN7SL50P	SRR5176791	1.0087925886196047
RN7SL50P	SRR5176792	1
RN7SL50P	SRR5176793	1.0092004091061628
RN7SL50P	SRR5176794	1.004507579922951
RN7SL50P	SRR5176795	1.004207620749528
RN7SL50P	SRR5176796	1.022646112438415
RN7SL50P	SRR5176797	1.0069962891030084
RN7SL50P	SRR5176798	1.005275297194344
RN7SL50P	SRR5176799	1
RN7SL50P	SRR5176800	1.0079916665289268
RN7SL50P	SRR5176801	1.017440760992837
RN7SL50P	SRR5176802	1.0141792452851672
RN7SL50P	SRR5176803	1.0041019499142785
RN7SL50P	SRR5176804	1.0213406344461267
RN7SL50P	SRR5176805	1.00387382637289
RN7SL50P	SRR5176806	1.0297753975963018
RN7SL50P	SRR5176807	1.0007198511622537
RN7SL50P	SRR5176808	1.000359860831218
RN7SL50P	SRR5176809	1.0014402205102033
RN7SL50P	SRR5176810	1
RN7SL50P	SRR5176811	1
RN7SL50P	SRR5176812	1.0010799710397094
RN7SL50P	SRR5176813	1.0011853238444721
RN7SL50P	SRR5176814	1
RN7SL50P	SRR5176815	1.0141154422371776
RN7SL50P	SRR5176816	1.0144195826206277
RN7SL50P	SRR5176817	1.0052525955592004
RN7SL50P	SRR5176818	1.0025523936786382
RN7SL50P	SRR5176819	1.0529734771881787
RN7SL50P	SRR5176820	1.022340736860647
RN7SL50P	SRR5176821	1.009337111052069
RN7SL50P	SRR5176822	1.0294661769651816
RN7SL50P	SRR5176823	1.0037681906621803
RN7SL50P	SRR5176824	1.0056539011614338
RN7SL50P	SRR5176825	1.001110573697418
RN7SL50P	SRR5176826	1.0083066896753743
RN7SL50P	SRR5176827	1.0037809013616064
RN7SL50P	SRR5176828	1.0039655993282313
RN7SL50P	SRR5176829	1.0027327671216282
RN7SL50P	SRR5176830	1.0005398398063463
RN7SL50P	SRR5176831	1.005151515330551
RN7SL50P	SRR5176832	1.0101074156533363
RN7SL50P	SRR5176833	1.0057904810391467
RN7SL50P	SRR5176834	1.0039213301801309
RN7SL50P	SRR5176835	1.003600339378272
RN7SL50P	SRR5176836	1.0008998949047658
RN7SL50P	SRR5176837	1.0510102572536424
RN7SL50P	SRR5176838	1.0249700253664653
RN7SL50P	SRR5176839	1.0407663154893023
RN7SL50P	SRR5176840	1.0005398398063463
RN7SL50P	SRR5176841	1.0140964075080325
RN7SL50P	SRR5176842	1.0062663486922618
RN7SL50P	SRR5176843	1.0077600305872203
RN7SL50P	SRR5176844	1.002913173016367
RN7SL50P	SRR5176845	1.0146823533528966
RN7SL50P	SRR5176846	1.0044739290806017
RN7SL50P	SRR5176847	1.0205338177583079
RN7SL50P	SRR5176848	1.0086151837092123
RN7SL50P	SRR5176849	1.0195152534582197
RN7SL50P	SRR5176850	1.0137217399478091
RN7SL50P	SRR5176851	1.0010799710397094
RN7SL50P	SRR5176852	1.0222701007904502
RN7SL50P	SRR5176853	1.0025049546470863
RN7SL50P	SRR5176854	1.0469188326970755
RN7SL50P	SRR5176855	1.002277193929628
RN7SL50P	SRR5176856	1.016171446291091
RN7SL50P	SRR5176857	1.0035601881766363
RN7SL50P	SRR5176858	1.0069042391109264
RN7SL50P	SRR5176859	1.0017838194003639
RN7SL50P	SRR5176860	1
RN7SL50P	SRR5176861	1.001980837804911
RN7SL50P	SRR5176862	1.005937378799828
RN7SL50P	SRR5176863	1.0025049546470863
RN7SL50P	SRR5176864	1.004896835762339
RN7SL50P	SRR5176865	1.0019060282634729
RN7SL50P	SRR5176866	1
RN7SL50P	SRR5176867	1.0042477978541398
RN7SL50P	SRR5176868	1.0352438239475827
RN7SL50P	SRR5176869	1.002446897019748
RN7SL50P	SRR5176870	1.0045214612850002
RN7SL50P	SRR5176871	1.0034377775451013
RN7SL50P	SRR5176872	1.0195776936091434
RN7SL50P	SRR5861974	1.0132501420419266
RN7SL50P	SRR5861975	2.018646454210934
RN7SL50P	SRR5861976	1.0402473656965066
RN7SL50P	SRR5861977	1
RN7SL50P	SRR5861978	1.0048661173634874
RN7SL50P	SRR5861979	1.0095941471006586
RN7SL50P	SRR5861980	1
RN7SL50P	SRR5861981	1.0201142576930606
RN7SL50P	SRR5861982	1.2340601766014685
RN7SL50P	SRR5861983	1.0016650688017934
RN7SL50P	SRR5861984	1.0082636562876501
RN7SL50P	SRR5861985	1.0173478207376618
RN7SL50P	SRR5861986	1.001996603490676
RN7SL50P	SRR5861987	1.0129478689088995
RN7SL50P	SRR5861988	1.017778610915434
RN7SL50P	SRR5861989	1.0125385340641762
RN7SL50P	SRR5861990	1.0030461467276643
RN7SL50P	SRR5861991	1
RN7SL50P	SRR5861992	1
RN7SL50P	SRR5861993	1.003793020797143
RN7SL50P	SRR5861994	1
RN7SL50P	SRR5861995	1.0088237225257688
RN7SL50P	SRR5861996	1.0042247356985123
RN7SL50P	SRR5861997	1.0258881975510754
RN7SL50P	SRR5861998	1.005769228518871
RN7SL50P	SRR5861999	1.0270454764535055
RN7SL50P	SRR5862000	1.000359860831218
RN7SL50P	SRR5862001	1
RN7SL50P	SRR5862002	1.0010799710397094
RN7SL50P	SRR5862003	1.0024870036799816
RN7SL50P	SRR5862004	1.005631190976464
RN7SL50P	SRR5862005	1.0052945032282008
RN7SL50P	SRR5862006	1.0037809013616064
RN7SL50P	SRR5862007	1.0085835948406514
RN7SL50P	SRR5862008	1.0040237449126006
RN7SL50P	SRR5862009	1.0035696606116409
RN7SL50P	SRR5862010	1.0516407925623883
RN7SL50P	SRR5862011	1.03612780768291
RN7SL50P	SRR5862012	1.0070578570789335
RN7SL50P	SRR5862013	1.0209741074575287
RN7SL50P	SRR5862014	1.00491366812643
RN7SL50P	SRR5862015	1
RN7SL50P	SRR5862016	1.0041875625890924
RN7SL50P	SRR5862017	1.008292756005706
RN7SL50P	SRR5862018	1.0040171475607007
RN7SL50P	SRR5862019	1.0081590867520256
RN7SL50P	SRR5862020	1.0035876309652703
RN7SL50P	SRR5862021	1.0060794449423391
RN7SL50P	SRR5862022	1.0048481241171359
RN7SL50P	SRR5862023	1.00761513599214
RN7SL50P	SRR5862024	1.0027327671216282
RN7SL50P	SRR5862025	1
RN7SL50P	SRR5862026	1.0079075750854083
RN7SL50P	SRR5862027	1.0005398398063463
RN7SL50P	SRR5862028	1.12681213123101
RN7SL50P	SRR5862029	1.0207645470908255
RN7SL50P	SRR5862030	1.0028076383933613
RN7SL50P	SRR5862031	1.0070714787200907
RN7SL50P	SRR5862032	1.073785027109896
RN7SL50P	SRR5862033	1.001545611227314
RN7SL50P	SRR5862034	1.2459835850410172
RN7SL50P	SRR5862035	1.0066340409403034
RN7SL50P	SRR5862036	1.0178626280775729
RN7SL50P	SRR5862037	1.0547484296428424
RN7SL50P	SRR5862038	1.079664344311491
RN7SL50P	SRR5862039	1.001725803535813
RN7SL50P	SRR5862040	1.0065588839830468
RN7SL50P	SRR5862041	1.00551733983039
RN7SL50P	SRR5862042	1.008906065660905
RN7SL50P	SRR5862043	1
RN7SL50P	SRR5862044	1.0014055147250733
RN7SL50P	SRR5862045	1.0042478840305331
RN7SL50P	SRR5862046	1.008086611491587
RN7SL50P	SRR5862047	1.0089159479947496
RN7SL50P	SRR5862048	1.2476565419699956
RN7SL50P	SRR5862049	1.0156069730173327
RN7SL50P	SRR5862050	1.0033796658956018
RN7SL50P	SRR5862051	1.0048247538699455
RN7SL50P	SRR5862052	1.0034545854694705
RN7SL50P	SRR5862053	1.0026719713353072
RN7SL50P	SRR5862054	1.0267561214855105
RN7SL50P	SRR5862055	1.0232532546254731
RN7SL50P	SRR5862056	2.0660358386971436
RN7SL50P	SRR5862057	1.0078379061163627
RN7SL50P	SRR5862058	1.0022972139313746
RN7SL50P	SRR5862059	1.0282460709376438
RN7SL50P	SRR5862060	1.0094602413506888
RN7SL50P	SRR5862061	1.0035740564466114
RN7SL50P	SRR5862062	1.0005398398063463
RN7SL50P	SRR5862063	1.0124290189222205
RN7SL50P	SRR5862064	1.0019366561734564
RN7SL50P	SRR5862065	1.0025217469463543
RN7SL50P	SRR5862066	1.0091191747737602
RN7SL50P	SRR5862067	1.2346054739520673
RN7SL50P	SRR5862068	1.0047804468380375
RN7SL50P	SRR5862069	1.0021611084168651
RN7SL50P	SRR5862070	1.0135179735318556
RN7SL50P	SRR5862071	1.2526030228986182
RN7SL50P	SRR5862072	1.2641489791098965
RN7SL50P	SRR5862073	1.0018713063353686
RN7SL50P	SRR5862074	1.0050886041390446
RN7SL50P	SRR5862075	1.0068862093697364
RN7SL50P	SRR5862076	1.2411031446573944
RN7SL50P	SRR5862077	1.003935203440753
RN7SL50P	SRR5862078	1.0778857376132789
RN7SL50P	SRR5862079	1.0104091371093453
RN7SL50P	SRR5862080	1.0186454033243084
RN7SL50P	SRR5862081	1.001725803535813
RN7SL50P	SRR5862082	1.003815689470687
RN7SL50P	SRR5862083	1
RN7SL50P	SRR5862084	1.0069962891030084
RN7SL50P	SRR5862085	1
RN7SL50P	SRR5862086	1.0250917577235414
RN7SL50P	SRR5862087	1.012188279490948
RN7SL50P	SRR5862088	1.1217892178413114
RN7SL50P	SRR5862089	1.0124189758199451
RN7SL50P	SRR5862090	1.001725803535813
RN7SL50P	SRR5862091	1.0141279864194517
RN7SL50P	SRR5862092	1.0208826030747233
RN7SL50P	SRR5862093	1.0001799142310437
RN7SL50P	SRR5862094	1.0050055361428718
RN7SL50P	SRR5862095	1.087669059175563
RN7SL50P	SRR5862096	1.0021917441245578
RN7SL50P	SRR5862097	1.005397931987203
RN7SL50P	SRR5862098	0.9534771378137312
RN7SL50P	SRR5862099	1.0228039476891262
RN7SL50P	SRR5862100	1.0026579014399075
RN7SL50P	SRR5862101	1.0587548081059646
RN7SL50P	SRR5862102	1.0058963295739756
RN7SL50P	SRR5862103	1.023617822582202
RN7SL50P	SRR5862104	1.0041728190577268
RN7SL50P	SRR5862105	1.0112580359699288
RN7SL50P	SRR5862106	1.0042826021444868
RN7SL50P	SRR5862107	1
RN7SL50P	SRR5862108	1.0069518863188005
RN7SL50P	SRR5862109	1.0018005996203712
RN7SL50P	SRR5862110	1.0080438404145668
RN7SL50P	SRR5862111	1.0151647184346997
RN7SL50P	SRR5862112	1.0038042473308406
RN7SL50P	SRR5862113	1.00885426642168
RN7SL50P	SRR5862114	1.0047190180949654
RN7SL50P	SRR5862115	1.006845926709767
RN7SL50P	SRR5862116	1.0258116030467397
RN7SL50P	SRR5862117	1.003304751915352
RN7SL50P	SRR5862118	1.008416269579962
RN7SL50P	SRR5862119	1.0041601033955165
RN7SL50P	SRR5862120	1.0009445377129693
RN7SL50P	SRR5862121	1.0014708341806098
RN7SL50P	SRR5862122	1.0020862854161259
RN7SL50P	SRR5862123	1.0022972139313746
RN7SL50P	SRR5862124	1.0031991760872525
RN7SL50P	SRR5862125	1
RN7SL50P	SRR5862126	1.0008998949047658
RN7SL50P	SRR5862127	1.0037988754978042
RN7SL50P	SRR5862128	1.0037100598776116
RN7SL50P	SRR5862129	1.0788293013858379
RN7SL50P	SRR5862130	1.0062062904901619
RN7SL50P	SRR5862131	1.002266574999606
RN7SL50P	SRR5862132	1.0008998949047658
RN7SL50P	SRR5862133	1.0009578629360643
RN7SL50P	SRR5862134	1.0002851723145936
RN7SL50P	SRR5862135	1.0128135825274416
RN7SL50P	SRR5862136	1.000359860831218
RN7SL50P	SRR5862137	1.0021611084168651
RN7SL50P	SRR5862138	1.0017838194003639
RN7SL50P	SRR5862139	1.0013654513321437
RN7SL50P	SRR5862140	1.003304751915352
RN7SL50P	SRR5862141	1.0044325817307802
RN7SL50P	SRR5862142	1.0027021148755608
RN7SL50P	SRR5862143	1.000359860831218
RN7SL50P	SRR5862144	1.0057733394052475
RN7SL50P	SRR5862145	1.003304751915352
RN7SL50P	SRR5862146	1.0136106281436992
RN7SL50P	SRR5862147	1.0073417943066594
RN7SL50P	SRR5862148	1
RN7SL50P	SRR5862149	1.0057597353227128
RN7SL50P	SRR5862150	1.002446897019748
RN7SL50P	SRR5862151	1.0124906225058696
RN7SL50P	SRR5862152	1.0247021665376759
RN7SL50P	SRR5862153	1.0207507402373297
RN7SL50P	SRR5862154	1
RN7SL50P	SRR5862155	1.00632433278211
RN7SL50P	SRR5862156	1.0258531825432229
RN7SL50P	SRR5862157	1.0260812180778769
RN7SL50P	SRR5862158	1.0005398398063463
RN7SL50P	SRR5862159	1.0059333309904885
RN7SL50P	SRR5862160	1.0382660511696764
RN7SL50P	SRR5862161	1.0027327671216282
RN7SL50P	SRR5862162	1.0033354225838187
RN7SL50P	SRR5862163	1.0035295106373756
RN7SL50P	SRR5862164	1.0501623844096677
RN7SL50P	SRR5862165	1.0043278241973694
RN7SL50P	SRR5862166	1.0042826021444868
RN7SL50P	SRR5862167	1.0020862854161259
RN7SL50P	SRR5862168	1.001651013035654
RN7SL50P	SRR5862169	1.0037100598776116
RN7SL50P	SRR5862170	1.0111269374447733
RN7SL50P	SRR5862171	1.001725803535813
RN7SL50P	SRR5862172	1.001756425936391
RN7SL50P	SRR5862173	1.025220377181768
RN7SL50P	SRR5862174	1.028424995391858
RN7SL50P	SRR5862175	1.0048829492130347
RN7SL50P	SRR5862176	1.0173137397493108
RN7SL50P	SRR5862177	1.0322718092842704
RN7SL50P	SRR5862178	1.0288096803976488
RN7SL50P	SRR5862179	1.0056231596200704
RN7SL50P	SRR5862180	1.1637413174363656
RN7SL50P	SRR5862181	1.021192246321851
RN7SL50P	SRR5862182	1.0094112128915342
RN7SL50P	SRR5862183	1.0050055361428718
RN7SL50P	SRR5862184	1.0274397025883788
RN7SL50P	SRR5862185	1
RN7SL50P	SRR5862186	1.0073417943066594
RN7SL50P	SRR5862187	1.0075707059203194
RN7SL50P	SRR5862188	1.039289963781234
RN7SL50P	SRR5862189	1.0083712935274278
RN7SL50P	SRR5862190	1.0013654513321437
RN7SL50P	SRR5862191	1.0119991177693053
RN7SL50P	SRR5862192	1.0452267290247683
RN7SL50P	SRR5862193	1.0035876309652703
RN7SL50P	SRR5862194	1.0053155170153698
RN7SL50P	SRR5862195	1.0063470586203123
RN7SL50P	SRR5862196	1
RN7SL50P	SRR5862197	1
RN7SL50P	SRR5862198	1.1010895492315216
RN7SL50P	SRR5862199	1.0024775414638962
RN7SL50P	SRR5862200	1.0021917441245578
RN7SL50P	SRR5862201	0.42397334419752297
RN7SL50P	SRR5862202	1.0218991464798453
RN7SL50P	SRR5862203	1.034359570941625
RN7SL50P	SRR5862204	1
RN7SL50P	SRR5862205	1
RN7SL50P	SRR5862206	1.0181176093417283
RN7SL50P	SRR5862207	1.005322867319879
RN7SL50P	SRR5862208	1.019485887646539
RN7SL50P	SRR5862209	1.0112951746143541
RN7SL50P	SRR5862210	1
RN7SL50P	SRR5862211	1.032816631560076
RN7SL50P	SRR5862212	1.0088809831317571
RN7SL50P	SRR5862213	1.0047021889912742
RN7SL50P	SRR5862214	1.0027634203047235
RN7SL50P	SRR5862215	1.0023720526815605
RN7SL50P	SRR5862216	1.0036559710886879
RN7SL50P	SRR5862217	1.0065013965914829
RN7SL50P	SRR5862218	1.0009826235521704
RN7SL50P	SRR5862219	1.023350981956458
RN7SL50P	SRR5862220	1.0044939929610694
RN7SL50P	SRR5862221	1
RN7SL50P	SRR5862222	1.00325727728352
RN7SL50P	SRR5862223	1.0433348417292698
RN7SL50P	SRR5862224	1.0079332911520626
RN7SL50P	SRR5862225	1.0026812212903726
RN7SL50P	SRR5862226	1.0010799710397094
RN7SL50P	SRR5862227	1
RN7SL50P	SRR5862228	1.0090714250135744
RN7SL50P	SRR5862229	1.0059099355041081
RN7SL50P	SRR5862230	1.005302786883378
RN7SL50P	SRR5862231	1.0020862854161259
RN7SL50P	SRR5862232	1.0151340437122982
RN7SL50P	SRR5862233	1.0027634203047235
RN7SL50P	SRR5862234	1.0058971340998772
RN7SL50P	SRR5862235	1.0008998949047658
RN7SL50P	SRR5862236	1.0021443221583142
RN7SL50P	SRR5862237	1.031015477815649
RN7SL50P	SRR5862238	1.0008998949047658
RN7SL50P	SRR5862239	1.0077170577043544
RN7SL50P	SRR5862240	1.0027327671216282
RN7SL50P	SRR5862241	1.0061967931686884
RN7SL50P	SRR5862242	1.0069518863188005
RN7SL50P	SRR5862243	1.0056231596200704
RN7SL50P	SRR5862244	1.0144792093359367
RN7SL50P	SRR5862245	1.01827642435426
RN7SL50P	SRR5862246	1.0019060282634729
RN7SL50P	SRR5862247	1.005646548436608
RN7SL50P	SRR5862248	1.0007198511622537
RN7SL50P	SRR5862249	1.0151672362957598
RN7SL50P	SRR5862250	1.0105861980877333
RN7SL50P	SRR5862251	1.0103319048040413
RN7SL50P	SRR5862252	1.0025523936786382
RN7SL50P	SRR5862253	1.0077827888478086
RN7SL50P	SRR5862254	1.0071605917832513
RN7SL50P	SRR5862255	1.0080393651944055
RN7SL50P	SRR5862256	1.0154992904437379
RN7SL50P	SRR5862257	1.0137597798867521
RN7SL50P	SRR5862258	1.0025523936786382
RN7SL50P	SRR5862259	1.013717596574022
RN7SL50P	SRR5862260	1.0647831768924885
RN7SL50P	SRR5862261	1.0166686288059708
RN7SL50P	SRR5862262	1.0099915908540964
RN7SL50P	SRR5862263	1.0455054067543619
RN7SL50P	SRR5862264	1.0058348326097575
RN7SL50P	SRR5862265	1.001260079572912
RN7SL50P	SRR5862266	1.0054836551612463
RN7SL50P	SRR5862267	1.0552428781134908
RN7SL50P	SRR5862268	1.0049748144211899
RN7SL50P	SRR5862269	1.0039487828443494
RN7SL50P	SRR5862270	1.002266574999606
RN7SL50P	SRR5862271	1.005967325364075
RN7SL50P	SRR5862272	1.0112732108438143
RN7SL50P	SRR5862273	1.0034545854694705
RN7SL50P	SRR5862274	1.0045964661135607
RN7SL50P	SRR5862275	1.0129925360933478
RN7SL50P	SRR5862276	1.0173966505334036
RN7SL50P	SRR5862277	1.0126860964204654
RN7SL50P	SRR5949109	1.1498283651018633
RN7SL50P	SRR5949110	1.148171272003916
RN7SL50P	SRR5949111	1.1498283651018633
RN7SL50P	SRR5949112	1.1499000124654937
RN7SL50P	SRR5949113	1.1493287860193127
RN7SL50P	SRR5949114	1.1499000124654937
RN7SL50P	SRR5949115	1.1498283651018633
RN7SL50P	SRR5949116	1.149801355279094
RN7SL50P	SRR5949117	1.1499000124654937
RN7SL50P	SRR5949118	1.149757132515299
RN7SL50P	SRR5949119	1.1498700492655702
RN7SL50P	SRR5949120	1.149752993629983
RN7SL50P	SRR5949121	1.149727479151349
RN7SL50P	SRR5949122	1.149659680044542
RN7SL50P	SRR5949123	1.1495224477062624
RN7SL50P	SRR5949124	1.1489713533334538
RN7SL50P	SRR5949125	1.1493657120956842
RN7SL50P	SRR5949126	1.1496653216499102
RN7SL50P	SRR5949127	1.149752993629983
RN7SL50P	SRR5949128	1.149752993629983
RN7SL50P	SRR5949129	1.1498758641415114
RN7SL50P	SRR5949130	1.1498041981068907
RN7SL50P	SRR5949131	1.1496516232140812
RN7SL50P	SRR5949132	1.1498283651018633
RN7SL50P	SRR5949133	1.1496993836519698
RN7SL50P	SRR5949134	1.1499000124654937
RN7SL50P	SRR5949135	1.149801355279094
RN7SL50P	SRR5949136	1.1498700492655702
RN7SL50P	SRR5949137	1.1489979896611313
RN7SL50P	SRR5949138	1.1496058907069004
RN7SL50P	SRR5949139	1.1496653216499102
RN7SL50P	SRR5949140	1.1498283651018633
RN7SL50P	SRR5949141	1.1498758641415114
RN7SL50P	SRR5949142	1.1498041981068907
RN7SL50P	SRR5949143	1.1499000124654937
RN7SL50P	SRR5949144	1.149757132515299
RN7SL50P	SRR5949145	1.1497815594090803
RN7SL50P	SRR5949146	1.149752993629983
RN7SL50P	SRR5949147	1.149752993629983
RN7SL50P	SRR5949148	1.1489471817569916
RN7SL50P	SRR5949149	1.149757132515299
RN7SL50P	SRR5949150	1.1498758641415114
RN7SL50P	SRR5949151	1.1494823274298185
RN7SL50P	SRR5949152	1.1476551316063306
RN7SL50P	SRR5949153	1.149659680044542
RN7SL50P	SRR5949154	1.1487635500794011
RN7SL50P	SRR5949155	1.1497815594090803
RN7SL50P	SRR5949156	1.1498758641415114
RN7SL50P	SRR5949157	1.1498700492655702
RN7SL50P	SRR5949158	1.1499000124654937
RN7SL50P	SRR5949159	1.1489204896371397
RN7SL50P	SRR5949160	1.1498283651018633
RN7SL50P	SRR5949161	1.1498283651018633
RN7SL50P	SRR5949162	1.1498283651018633
RN7SL50P	SRR5949163	1.1498758641415114
RN7SL50P	SRR5949164	1.1499000124654937
RN7SL50P	SRR5949165	1.149801355279094
RN7SL50P	SRR5949166	1.1498758641415114
RN7SL50P	SRR5949167	1.149757132515299
RN7SL50P	SRR5949168	1.1497815594090803
RN7SL50P	SRR5949169	1.1447151303318799
RN7SL50P	SRR5949170	1.1499000124654937
RN7SL50P	SRR5949171	1.1496516232140812
RN7SL50P	SRR5949172	1.1496058907069004
RN7SL50P	SRR5949173	1.1498283651018633
RN7SL50P	SRR5949174	1.1497815594090803
RN7SL50P	SRR5949175	1.1499000124654937
RN7SL50P	SRR5949176	1.149727479151349
RN7SL50P	SRR5949177	1.1489132956948793
RN7SL50P	SRR5949178	1.1496653216499102
RN7SL50P	SRR5949179	1.1497815594090803
RN7SL50P	SRR5949180	1.1499000124654937
RN7SL50P	SRR5949181	1.1498700492655702
RN7SL50P	SRR5949182	1.149727479151349
RN7SL50P	SRR5949183	1.1498758641415114
RN7SL50P	SRR5949184	1.149801355279094
RN7SL50P	SRR5949185	1.1495611354981103
RN7SL50P	SRR5949186	1.1492630102128836
RN7SL50P	SRR5949187	1.1498041981068907
RN7SL50P	SRR5949188	1.149801355279094
RN7SL50P	SRR5949189	1.149752993629983
RN7SL50P	SRR5949190	1.149757132515299
RN7SL50P	SRR5949191	1.1496058907069004
RN7SL50P	SRR5949192	1.1498700492655702
RN7SL50P	SRR5949193	1.1498758641415114
RN7SL50P	SRR5949194	1.1498283651018633
RN7SL50P	SRR5949195	1.149801355279094
RN7SL50P	SRR5949196	1.149639556483191
RN7SL50P	SRR5949197	1.1494508753827517
RN7SL50P	SRR5949198	1.1489684643066176
RN7SL50P	SRR5949199	1.1496653216499102
RN7SL50P	SRR5949200	1.1498758641415114
RN7SL50P	SRR5949201	1.1497815594090803
RN7SL50P	SRR5949202	1.1498041981068907
RN7SL50P	SRR5949203	1.1498700492655702
RN7SL50P	SRR5949204	1.1499000124654937
RN7SL50P	SRR5949205	1.1499000124654937
RN7SL50P	SRR5949206	1.149801355279094
RN7SL50P	SRR5949207	1.1498283651018633
RN7SL50P	SRR5949208	1.149757132515299
RN7SL50P	SRR5949209	1.1498283651018633
RN7SL50P	SRR5949210	1.1497815594090803
RN7SL50P	SRR5949211	1.1494508753827517
RN7SL50P	SRR5949212	1.149757132515299
RN7SL50P	SRR5949213	1.1496993836519698
RN7SL50P	SRR5949214	1.1495224477062624
RN7SL50P	SRR5949215	1.149752993629983
RN7SL50P	SRR5949216	1.1498041981068907
RN7SL50P	SRR5949217	1.1498041981068907
RN7SL50P	SRR5949218	1.1496993836519698
RN7SL50P	SRR5949219	1.149727479151349
RN7SL50P	SRR5949220	1.1495611354981103
RN7SL50P	SRR5949221	1.149515806070026
RN7SL50P	SRR5949222	1.149752993629983
RN7SL50P	SRR5949223	1.1489094288850477
RN7SL50P	SRR5949224	1.1497815594090803
RN7SL50P	SRR5949225	1.1498700492655702
RN7SL50P	SRR5949226	1.1495611354981103
RN7SL50P	SRR5949227	1.1498700492655702
RN7SL50P	SRR5949228	1.1496058907069004
RN7SL50P	SRR5949229	1.149639556483191
RN7SL50P	SRR5949230	1.1498700492655702
RN7SL50P	SRR5949231	1.1494707522857042
RN7SL50P	SRR5949232	1.1487635500794011
RN7SL50P	SRR5949233	1.1489229708372037
RN7SL50P	SRR5949234	1.149752993629983
RN7SL50P	SRR5949235	1.1496058907069004
RN7SL50P	SRR5949236	1.1478430081697302
RN7SL50P	SRR5949237	1.1494610034998385
RN7SL50P	SRR5949238	1.1492438683694057
RN7SL50P	SRR5949239	1.147930185304594
RN7SL50P	SRR5949240	1.1498758641415114
RN7SL50P	SRR5949241	1.149757132515299
RN7SL50P	SRR5949242	1.1497815594090803
RN7SL50P	SRR5949243	1.1496516232140812
RN7SL50P	SRR5949244	1.1496653216499102
RN7SL50P	SRR5949245	1.1496653216499102
RN7SL50P	SRR5949246	1.149801355279094
RN7SL50P	SRR5949247	1.149752993629983
RN7SL50P	SRR5949248	1.149801355279094
RN7SL50P	SRR5949249	1.1497815594090803
RN7SL50P	SRR5949250	1.1499000124654937
RN7SL50P	SRR5949251	1.1496058907069004
RN7SL50P	SRR5949252	1.1498283651018633
RN7SL50P	SRR5949253	1.1494121443044876
RN7SL50P	SRR5949254	1.1495510677538354
RN7SL50P	SRR5949255	1.1497815594090803
RN7SL50P	SRR5949256	1.149659680044542
RN7SL50P	SRR5949257	1.1498758641415114
RN7SL50P	SRR5949258	1.1498758641415114
RN7SL50P	SRR5949259	1.149727479151349
RN7SL50P	SRR5949260	1.1499000124654937
RN7SL50P	SRR5949261	1.1499000124654937
RN7SL50P	SRR5949262	1.149659680044542
RN7SL50P	SRR5949263	1.1498041981068907
RN7SL50P	SRR5949264	1.149727479151349
RN7SL50P	SRR5949265	1.1498700492655702
RN7SL50P	SRR5949266	1.1490859664004887
RN7SL50P	SRR5949267	1.1491016556665985
RN7SL50P	SRR5949268	1.1498700492655702
RN7SL50P	SRR5949269	1.149752993629983
RN7SL50P	SRR5949270	1.1497815594090803
RN7SL50P	SRR5949271	1.1495224477062624
RN7SL50P	SRR5949272	1.1499000124654937
RN7SL50P	SRR5949273	1.1499000124654937
RN7SL50P	SRR5949274	1.149801355279094
RN7SL50P	SRR5949275	1.1495012298161975
RN7SL50P	SRR5949276	1.149801355279094
RN7SL50P	SRR5949277	1.1491016556665985
RN7SL50P	SRR5949278	1.1498041981068907
RN7SL50P	SRR5949279	1.1498041981068907
RN7SL50P	SRR5949280	1.1493806150832857
RN7SL50P	SRR5949281	1.149801355279094
RN7SL50P	SRR5949282	1.1499000124654937
RN7SL50P	SRR5949283	1.1494610034998385
RN7SL50P	SRR5949284	1.1499000124654937
RN7SL50P	SRR5949285	1.1485352709618715
RN7SL50P	SRR5949286	1.1490061236504394
RN7SL50P	SRR5949287	1.1499000124654937
RN7SL50P	SRR5949288	1.1498041981068907
RN7SL50P	SRR5949289	1.1496653216499102
RN7SL50P	SRR5949290	1.1499000124654937
RN7SL50P	SRR5949291	1.1497815594090803
RN7SL50P	SRR5949292	1.149752993629983
RN7SL50P	SRR5949293	1.1499000124654937
RN7SL50P	SRR5949294	1.1498758641415114
RN7SL50P	SRR5949295	1.1498041981068907
RN7SL50P	SRR5949296	1.1498041981068907
RN7SL50P	SRR5949297	1.1498283651018633
RN7SL50P	SRR5949298	1.149614382860247
RN7SL50P	SRR5949299	1.149757132515299
RN7SL50P	SRR5949300	1.1498758641415114
RN7SL50P	SRR5949301	1.1498758641415114
RN7SL50P	SRR5949302	1.1496653216499102
RN7SL50P	SRR5949303	1.1496516232140812
RN7SL50P	SRR5949304	1.1498283651018633
RN7SL50P	SRR5949305	1.1490061236504394
RN7SL50P	SRR5949306	1.1498700492655702
RN7SL50P	SRR5949307	1.149757132515299
RN7SL50P	SRR5949308	1.149801355279094
RN7SL50P	SRR5949309	1.1495565511841175
RN7SL50P	SRR5949310	1.1495565511841175
RN7SL50P	SRR5949311	1.1497815594090803
RN7SL50P	SRR5949312	1.149461221160821
RN7SL50P	SRR5949313	1.1497815594090803
RN7SL50P	SRR5949314	1.1498758641415114
RN7SL50P	SRR5949315	1.1497815594090803
RN7SL50P	SRR5949316	1.1498041981068907
RN7SL50P	SRR5949317	1.1492438683694057
RN7SL50P	SRR5949318	1.1491016556665985
RN7SL50P	SRR5949319	1.1498283651018633
RN7SL50P	SRR5949320	1.1499000124654937
RN7SL50P	SRR5949321	1.149801355279094
RN7SL50P	SRR5949322	1.149614382860247
RN7SL50P	SRR5949323	1.1497815594090803
RN7SL50P	SRR5949324	1.1499000124654937
RN7SL50P	SRR5949325	1.1498041981068907
RN7SL50P	SRR5949326	1.1497815594090803
RN7SL50P	SRR5949327	1.1490004023259148
RN7SL50P	SRR5949328	1.1498283651018633
RN7SL50P	SRR5949329	1.1498283651018633
RN7SL50P	SRR5949330	1.1498041981068907
RN7SL50P	SRR5949331	1.1498700492655702
RN7SL50P	SRR5949332	1.1499000124654937
RN7SL50P	SRR5949333	1.1496993836519698
RN7SL50P	SRR5949334	1.1494508753827517
RN7SL50P	SRR5949335	1.1498758641415114
RN7SL50P	SRR5949336	1.149801355279094
RN7SL50P	SRR5949337	1.1498700492655702
RN7SL50P	SRR5949338	1.1498041981068907
RN7SL50P	SRR5949339	1.1498041981068907
RN7SL50P	SRR5949340	1.149614382860247
RN7SL50P	SRR5949341	1.149727479151349
RN7SL50P	SRR5949342	1.1498700492655702
RN7SL50P	SRR5949343	1.149727479151349
RN7SL50P	SRR5949344	1.1498283651018633
RN7SL50P	SRR5949345	1.1498700492655702
RN7SL50P	SRR5949346	1.1489824166943214
RN7SL50P	SRR5949347	1.1494257243385793
RN7SL50P	SRR5949348	1.1487709425734813
RN7SL50P	SRR5949349	1.1498041981068907
RN7SL50P	SRR5949350	1.149757132515299
RN7SL50P	SRR5949351	1.1497815594090803
RN7SL50P	SRR5949352	1.149801355279094
RN7SL50P	SRR5949353	1.1498041981068907
RN7SL50P	SRR5949354	1.1495224477062624
RN7SL50P	SRR5949355	1.149727479151349
RN7SL50P	SRR5949356	1.1467122388088349
RN7SL50P	SRR5949357	1.149752993629983
RN7SL50P	SRR5949358	1.1497815594090803
RN7SL50P	SRR5949359	1.1498041981068907
RN7SL50P	SRR5949360	1.149727479151349
RN7SL50P	SRR5949361	1.1496653216499102
RN7SL50P	SRR5949362	1.1478188840514512
RN7SL50P	SRR5949363	1.1498758641415114
RN7SL50P	SRR5949364	1.1496058907069004
RN7SL50P	SRR5949365	1.1494121443044876
RN7SL50P	SRR5949366	1.1474377159067004
RN7SL50P	SRR5949367	1.1499000124654937
RN7SL50P	SRR5949368	1.148804618132568
RN7SL50P	SRR5949369	1.1498758641415114
RN7SL50P	SRR5949370	1.1498283651018633
RN7SL50P	SRR5949371	1.1495565511841175
RN7SL50P	SRR5949372	1.149801355279094
RN7SL50P	SRR5949373	1.1498758641415114
RN7SL50P	SRR5949374	1.1496516232140812
RN7SL50P	SRR5949375	1.1498758641415114
RN7SL50P	SRR5949376	1.1499000124654937
RN7SL50P	SRR5949377	1.1498041981068907
RN7SL50P	SRR5949378	1.1499000124654937
RN7SL50P	SRR5949379	1.1498041981068907
RN7SL50P	SRR5949380	1.1489471817569916
RN7SL50P	SRR5949381	1.1495012298161975
RN7SL50P	SRR5949382	1.1498283651018633
RN7SL50P	SRR5949383	1.1496993836519698
RN7SL50P	SRR5949384	1.1498758641415114
RN7SL50P	SRR5949385	1.149659680044542
RN7SL50P	SRR5949386	1.1499000124654937
RN7SL50P	SRR5949387	1.147930185304594
RN7SL50P	SRR5949388	1.1495224477062624
RN7SL50P	SRR5949389	1.1499000124654937
RN7SL50P	SRR5949390	1.1497815594090803
RN7SL50P	SRR5949391	1.1495565511841175
RN7SL50P	SRR5949392	1.1499000124654937
RN7SL50P	SRR5949393	1.1495565511841175
RN7SL50P	SRR5949394	1.1495012298161975
RN7SL50P	SRR5949395	1.1497815594090803
RN7SL50P	SRR5949396	1.1489204896371397
RN7SL50P	SRR5949397	1.1498758641415114
RN7SL50P	SRR5949398	1.1498700492655702
RN7SL50P	SRR5949399	1.1497815594090803
RN7SL50P	SRR5949400	1.1442239823514004
RN7SL50P	SRR5949401	1.1499000124654937
RN7SL50P	SRR5949402	1.149801355279094
RN7SL50P	SRR5949403	1.149757132515299
RN7SL50P	SRR5949404	1.1495611354981103
RN7SL50P	SRR5949405	1.1498041981068907
RN7SL50P	SRR5949406	1.1498758641415114
RN7SL50P	SRR5949407	1.1498041981068907
RN7SL50P	SRR5949408	1.1498041981068907
RN7SL50P	SRR5949409	1.149801355279094
RN7SL50P	SRR5949410	1.149801355279094
RN7SL50P	SRR5949411	1.1499000124654937
RN7SL50P	SRR5949412	1.1496653216499102
RN7SL50P	SRR5949413	1.1498041981068907
RN7SL50P	SRR5949414	1.1498283651018633
RN7SL50P	SRR5949415	1.1498700492655702
RN7SL50P	SRR5949416	1.149752993629983
RN7SL50P	SRR5949417	1.1496993836519698
RN7SL50P	SRR5949418	1.1498041981068907
RN7SL50P	SRR5949419	1.1498283651018633
RN7SL50P	SRR5949420	1.149727479151349
RN7SL50P	SRR5949421	1.1496993836519698
RN7SL50P	SRR5949422	1.149752993629983
RN7SL50P	SRR5949423	1.149752993629983
RN7SL50P	SRR5949424	1.1499000124654937
RN7SL50P	SRR5949425	1.149752993629983
RN7SL50P	SRR5949426	1.1498700492655702
RN7SL50P	SRR5949427	1.149752993629983
RN7SL50P	SRR5949428	1.1499000124654937
RN7SL50P	SRR5949429	1.149461221160821
RN7SL50P	SRR5949430	1.1497815594090803
RN7SL50P	SRR5949431	1.1497815594090803
RN7SL50P	SRR5949432	1.149801355279094
RN7SL50P	SRR5949433	1.149757132515299
RN7SL50P	SRR5949434	1.149757132515299
RN7SL50P	SRR5949435	1.1495510677538354
RN7SL50P	SRR5949436	1.1498283651018633
RN7SL50P	SRR5949437	1.149461221160821
RN7SL50P	SRR5949438	1.1493806150832857
RN7SL50P	SRR5949439	1.1498758641415114
RN7SL50P	SRR5949440	1.1498700492655702
RN7SL50P	SRR5949441	1.1498700492655702
RN7SL50P	SRR5949442	1.1496516232140812
RN7SL50P	SRR5949443	1.1495611354981103
RN7SL50P	SRR5949444	1.1495012298161975
RN7SL50P	SRR5949445	1.1499000124654937
RN7SL50P	SRR5949446	1.1498700492655702
RN7SL50P	SRR5949447	1.149757132515299
RN7SL50P	SRR5949448	1.1499000124654937
RN7SL50P	SRR5949449	1.1499000124654937
RN7SL50P	SRR5949450	1.1497815594090803
RN7SL50P	SRR5949451	1.1496993836519698
RN7SL50P	SRR5949452	1.1498041981068907
RN7SL50P	SRR5949453	1.1497815594090803
RN7SL50P	SRR5949454	1.1498041981068907
RN7SL50P	SRR5949455	1.149757132515299
RN7SL50P	SRR5949456	1.1498758641415114
RN7SL50P	SRR5949457	1.1498700492655702
RN7SL50P	SRR5949458	1.1498758641415114
RN7SL50P	SRR5949459	1.149801355279094
RN7SL50P	SRR5949460	1.1495611354981103
RN7SL50P	SRR5949461	1.1490004023259148
RN7SL50P	SRR5949462	1.1498283651018633
RN7SL50P	SRR5949463	1.1495510677538354
RN7SL50P	SRR5949464	1.1494610034998385
RN7SL50P	SRR5949465	1.1489587806071277
RN7SL50P	SRR5949466	1.1497815594090803
RN7SL50P	SRR5949467	1.1489471817569916
RN7SL50P	SRR5949468	1.1498283651018633
RN7SL50P	SRR5949469	1.1498700492655702
RN7SL50P	SRR5949470	1.1498041981068907
RN7SL50P	SRR5949471	1.149727479151349
RN7SL50P	SRR5949472	1.149801355279094
RN7SL50P	SRR5949473	1.149801355279094
RN7SL50P	SRR5949474	1.149757132515299
RN7SL50P	SRR5949475	1.1499000124654937
RN7SL50P	SRR5949476	1.1498041981068907
RN7SL50P	SRR5949477	1.1498700492655702
RN7SL50P	SRR5949478	1.149801355279094
RN7SL50P	SRR5949479	1.149283393549715
RN7SL50P	SRR5949480	1.149752993629983
RN7SL50P	SRR5949481	1.1498700492655702
RN7SL50P	SRR5949482	1.1496653216499102
RN7SL50P	SRR5949483	1.1492630102128836
RN7SL50P	SRR5949484	1.1498283651018633
RN7SL50P	SRR5949485	1.1495012298161975
RN7SL50P	SRR5949486	1.149757132515299
RN7SL50P	SRR5949487	1.149752993629983
RN7SL50P	SRR5949488	1.149461221160821
RN7SL50P	SRR5949489	1.1496058907069004
RN7SL50P	SRR5949490	1.1496058907069004
RN7SL50P	SRR5949491	1.149757132515299
RN7SL50P	SRR5949492	1.1496058907069004
RN7SL50P	SRR5949493	1.149727479151349
RN7SL50P	SRR5949494	1.1499000124654937
RN7SL50P	SRR5949495	1.1494707522857042
RN7SL50P	SRR5949496	1.149727479151349
RN7SL50P	SRR5949497	1.149727479151349
RN7SL50P	SRR5949498	1.1497815594090803
RN7SL50P	SRR5949499	1.1498283651018633
RN7SL50P	SRR5949500	1.1494121443044876
RN7SL50P	SRR5949501	1.149515806070026
RN7SL50P	SRR5949502	1.1492573238148507
RN7SL50P	SRR5949503	1.149639556483191
RN7SL50P	SRR5949504	1.1498041981068907
RN7SL50P	SRR5949505	1.1498041981068907
RN7SL50P	SRR5949506	1.1498041981068907
RN7SL50P	SRR5949507	1.1498700492655702
RN7SL50P	SRR5949508	1.149752993629983
RN7SL50P	SRR5949509	1.1498283651018633
RN7SL50P	SRR5949510	1.1498041981068907
RN7SL50P	SRR5949511	1.1489592829745587
RN7SL50P	SRR5949512	1.149801355279094
RN7SL50P	SRR5949513	1.1499000124654937
RN7SL50P	SRR5949514	1.149659680044542
RN7SL50P	SRR5949515	1.1498283651018633
RN7SL50P	SRR5949516	1.149757132515299
RN7SL50P	SRR5949517	1.1498041981068907
RN7SL50P	SRR5949518	1.149283393549715
RN7SL50P	SRR5949519	1.1496058907069004
RN7SL50P	SRR5949520	1.1498700492655702
RN7SL50P	SRR5949521	1.1490859664004887
RN7SL50P	SRR5949522	1.149801355279094
RN7SL50P	SRR5949523	1.1498700492655702
RN7SL50P	SRR5949524	1.149757132515299
RN7SL50P	SRR5949525	1.149659680044542
RN7SL50P	SRR5949526	1.1489944018824365
RN7SL50P	SRR5949527	1.149639556483191
RN7SL50P	SRR5949528	1.1483720675437479
RN7SL50P	SRR5949529	1.1495224477062624
RN7SL50P	SRR5949530	1.149727479151349
RN7SL50P	SRR5949531	1.1496653216499102
RN7SL50P	SRR5949532	1.1498700492655702
RN7SL50P	SRR5949533	1.1499000124654937
RN7SL50P	SRR5949534	1.149659680044542
RN7SL50P	SRR5949535	1.1498283651018633
RN7SL50P	SRR5949536	1.1497815594090803
RN7SL50P	SRR5949537	1.1498700492655702
RN7SL50P	SRR5949538	1.1499000124654937
RN7SL50P	SRR5949539	1.149727479151349
RN7SL50P	SRR5949540	1.1495611354981103
RN7SL50P	SRR5949541	1.149727479151349
RN7SL50P	SRR5949542	1.1495224477062624
RN7SL50P	SRR5949543	1.149752993629983
RN7SL50P	SRR5949544	1.1495611354981103
RN7SL50P	SRR5949545	1.149283393549715
RN7SL50P	SRR5949546	1.149639556483191
RN7SL50P	SRR5949547	1.1499000124654937
RN7SL50P	SRR5949548	1.149757132515299
RN7SL50P	SRR5949549	1.1494121443044876
RN7SL50P	SRR5949550	1.1489471817569916
RN7SL50P	SRR5949551	1.149801355279094
RN7SL50P	SRR5949552	1.1494823274298185
RN7SL50P	SRR5949553	1.1498758641415114
RN7SL50P	SRR5949554	1.1498041981068907
RN7SL50P	SRR5949555	1.1409427054301
RN7SL50P	SRR5949556	1.149515806070026
RN7SL50P	SRR5949557	1.1497815594090803
RN7SL50P	SRR5949558	1.1494707522857042
RN7SL50P	SRR5949559	1.1498283651018633
RN7SL50P	SRR5949560	1.1498283651018633
RN7SL50P	SRR5949561	1.1490061236504394
RN7SL50P	SRR5949562	1.1495012298161975
RN7SL50P	SRR5949563	1.1497815594090803
RN7SL50P	SRR5949564	1.149801355279094
RN7SL50P	SRR5949565	1.1498758641415114
RN7SL50P	SRR5949566	1.1498283651018633
RN7SL50P	SRR5949567	1.1479342052496542
RN7SL50P	SRR5949568	1.1495565511841175
RN7SL50P	SRR5949569	1.149614382860247
RN7SL50P	SRR5949570	1.149727479151349
RN7SL50P	SRR5949571	1.1493287860193127
RN7SL50P	SRR5949572	1.1496993836519698
RN7SL50P	SRR5949573	1.1495565511841175
RN7SL50P	SRR5949574	1.1497815594090803
RN7SL50P	SRR5949575	1.149752993629983
RN7SL50P	SRR5949576	1.1496993836519698
RN7SL50P	SRR5949577	1.1498758641415114
RN7SL50P	SRR5949578	1.1497815594090803
RN7SL50P	SRR5949579	1.1498283651018633
RN7SL50P	SRR5949580	1.1498283651018633
RN7SL50P	SRR5949581	1.1499000124654937
RN7SL50P	SRR5949582	1.149614382860247
RN7SL50P	SRR5949583	1.1498758641415114
RN7SL50P	SRR5949584	1.1489713533334538
RN7SL50P	SRR5949585	1.149801355279094
RN7SL50P	SRR5949586	1.1498041981068907
RN7SL50P	SRR5949587	1.149757132515299
RN7SL50P	SRR5949588	1.14823324140182
RN7SL50P	SRR5949589	1.1499000124654937
RN7SL50P	SRR5949590	1.149639556483191
RN7SL50P	SRR5949591	1.1498283651018633
RN7SL50P	SRR5949592	1.1496653216499102
RN7SL50P	SRR5949593	1.1499000124654937
RN7SL50P	SRR5949594	1.1496993836519698
RN7SL50P	SRR5949595	1.1498041981068907
RN7SL50P	SRR5949596	1.149757132515299
RN7SL50P	SRR5949597	1.1492327898220787
RN7SL50P	SRR5949598	1.149727479151349
RN7SL50P	SRR5949599	1.149639556483191
RN7SL50P	SRR5949600	1.1497815594090803
RN7SL50P	SRR5949601	1.1496993836519698
RN7SL50P	SRR5949602	1.1499000124654937
RN7SL50P	SRR5949603	1.149801355279094
RN7SL50P	SRR5949604	1.1498041981068907
RN7SL50P	SRR5949605	1.1496993836519698
RN7SL50P	SRR5949606	1.1494707522857042
RN7SL50P	SRR5949607	1.1498700492655702
RN7SL50P	SRR5949608	1.1490004023259148
RN7SL50P	SRR5950246	1.1489592829745587
RN7SL50P	SRR5950247	1.1494707522857042
RN7SL50P	SRR5950248	1.1497815594090803
RN7SL50P	SRR5950249	1.1499000124654937
RN7SL50P	SRR5950250	1.1495611354981103
RN7SL50P	SRR5950251	1.1497815594090803
RN7SL50P	SRR5950252	1.1498758641415114
RN7SL50P	SRR5950253	1.1498041981068907
RN7SL50P	SRR5950254	1.1494707522857042
RN7SL50P	SRR5950255	1.1492327898220787
RN7SL50P	SRR5950256	1.14882817140177
RN7SL50P	SRR5950257	1.1487945702274995
RN7SL50P	SRR5950258	1.149801355279094
RN7SL50P	SRR5950259	1.1498283651018633
RN7SL50P	SRR5950260	1.1497815594090803
RN7SL50P	SRR5950261	1.149801355279094
RN7SL50P	SRR5950262	1.149659680044542
RN7SL50P	SRR5950263	1.1492573238148507
RN7SL50P	SRR5950264	1.1498700492655702
RN7SL50P	SRR5950265	1.1495611354981103
RN7SL50P	SRR5950266	1.1489684643066176
RN7SL50P	SRR5950267	1.149801355279094
RN7SL50P	SRR5950268	1.1496993836519698
RN7SL50P	SRR5950269	1.149727479151349
RN7SL50P	SRR5950270	1.1494610034998385
RN7SL50P	SRR5950271	1.1499000124654937
RN7SL50P	SRR5950272	1.1499000124654937
RN7SL50P	SRR5950273	1.1497815594090803
RN7SL50P	SRR5950274	1.1496516232140812
RN7SL50P	SRR5950275	1.1496993836519698
RN7SL50P	SRR5950276	1.149801355279094
RN7SL50P	SRR5950277	1.149515806070026
RN7SL50P	SRR5950278	1.1492438683694057
RN7SL50P	SRR5950279	1.149757132515299
RN7SL50P	SRR5950280	1.1498041981068907
RN7SL50P	SRR5950281	1.1496993836519698
RN7SL50P	SRR5950282	1.1493287860193127
RN7SL50P	SRR5950283	1.149801355279094
RN7SL50P	SRR5950284	1.1466271340242074
RN7SL50P	SRR5950285	1.1494823274298185
RN7SL50P	SRR5950286	1.1497815594090803
RN7SL50P	SRR5950287	1.1491016556665985
RN7SL50P	SRR5950288	1.1495510677538354
RN7SL50P	SRR5950289	1.1490061236504394
RN7SL50P	SRR5950290	1.1498283651018633
RN7SL50P	SRR5950291	1.149801355279094
RN7SL50P	SRR5950292	1.1496653216499102
RN7SL50P	SRR5950293	1.1494610034998385
RN7SL50P	SRR5950294	1.1499000124654937
RN7SL50P	SRR5950295	1.1498758641415114
RN7SL50P	SRR5950296	1.149752993629983
RN7SL50P	SRR5950297	1.1494508753827517
RN7SL50P	SRR5950298	1.1498283651018633
RN7SL50P	SRR5950299	1.149614382860247
RN7SL50P	SRR5950300	1.149757132515299
RN7SL50P	SRR5950301	1.149801355279094
RN7SL50P	SRR5950302	1.149752993629983
RN7SL50P	SRR5950303	1.149614382860247
RN7SL50P	SRR5950304	1.149461221160821
RN7SL50P	SRR5950305	1.149752993629983
RN7SL50P	SRR5950306	1.149752993629983
RN7SL50P	SRR5950307	1.1496058907069004
RN7SL50P	SRR5950308	1.1496653216499102
RN7SL50P	SRR5950309	1.1496993836519698
RN7SL50P	SRR5950310	1.1497815594090803
RN7SL50P	SRR5950311	1.1498700492655702
RN7SL50P	SRR5950312	1.149801355279094
RN7SL50P	SRR5950313	1.1496653216499102
RN7SL50P	SRR5950314	1.1498283651018633
RN7SL50P	SRR5950315	1.149801355279094
RN7SL50P	SRR5950316	1.1498700492655702
RN7SL50P	SRR5950317	1.149614382860247
RN7SL50P	SRR5950318	1.1494610034998385
RN7SL50P	SRR5950319	1.149639556483191
RN7SL50P	SRR5950320	1.149614382860247
RN7SL50P	SRR5950321	1.148836459359721
RN7SL50P	SRR5950322	1.1495224477062624
RN7SL50P	SRR5950323	1.1496516232140812
RN7SL50P	SRR5950324	1.1498283651018633
RN7SL50P	SRR5950325	1.149659680044542
RN7SL50P	SRR5950326	1.149515806070026
RN7SL50P	SRR5950327	1.149801355279094
RN7SL50P	SRR5950328	1.149801355279094
RN7SL50P	SRR5950329	1.149752993629983
RN7SL50P	SRR5950330	1.149639556483191
RN7SL50P	SRR5950331	1.1493287860193127
RN7SL50P	SRR5950332	1.1494707522857042
RN7SL50P	SRR5950333	1.1498283651018633
RN7SL50P	SRR5950334	1.1498283651018633
RN7SL50P	SRR5950335	1.1498283651018633
RN7SL50P	SRR5950336	1.1477909267796054
RN7SL50P	SRR5950337	1.1490522198255662
RN7SL50P	SRR5950338	1.1484554126990747
RN7SL50P	SRR5950339	1.1499000124654937
RN7SL50P	SRR5950340	1.1496058907069004
RN7SL50P	SRR5950341	1.1496653216499102
RN7SL50P	SRR5950342	1.1498700492655702
RN7SL50P	SRR5950343	1.1496653216499102
RN7SL50P	SRR5950344	1.1495224477062624
RN7SL50P	SRR5950345	1.1496516232140812
RN7SL50P	SRR5950346	1.149801355279094
RN7SL50P	SRR5950347	1.149752993629983
RN7SL50P	SRR5950348	1.1496058907069004
RN7SL50P	SRR5950349	1.1498758641415114
RN7SL50P	SRR5950350	1.1497815594090803
RN7SL50P	SRR5950351	1.1491016556665985
RN7SL50P	SRR5950352	1.1498700492655702
RN7SL50P	SRR5950353	1.149752993629983
RN7SL50P	SRR5950354	1.1498700492655702
RN7SL50P	SRR5950355	1.1498700492655702
RN7SL50P	SRR5950356	1.1489979896611313
RN7SL50P	SRR5950357	1.1498700492655702
RN7SL50P	SRR5950358	1.149614382860247
RN7SL50P	SRR5950359	1.149727479151349
RN7SL50P	SRR5950360	1.1498700492655702
RN7SL50P	SRR5950361	1.1498700492655702
RN7SL50P	SRR5950362	1.1495224477062624
RN7SL50P	SRR5950363	1.1494508753827517
RN7SL50P	SRR5950364	1.149639556483191
RN7SL50P	SRR5950365	1.1498041981068907
RN7SL50P	SRR5950366	1.1498283651018633
RN7SL50P	SRR5950367	1.1489024179979748
RN7SL50P	SRR5950368	1.149752993629983
RN7SL50P	SRR5950369	1.1499000124654937
RN7SL50P	SRR5950370	1.1499000124654937
RN7SL50P	SRR5950371	1.149801355279094
RN7SL50P	SRR5950372	1.1498041981068907
RN7SL50P	SRR5950373	1.149757132515299
RN7SL50P	SRR5950374	1.149757132515299
RN7SL50P	SRR5950375	1.1498700492655702
RN7SL50P	SRR5950376	1.1499000124654937
RN7SL50P	SRR5950377	1.1494121443044876
RN7SL50P	SRR5950378	1.149757132515299
RN7SL50P	SRR5950379	1.149752993629983
RN7SL50P	SRR5950380	1.1496653216499102
RN7SL50P	SRR5950381	1.149659680044542
RN7SL50P	SRR5950382	1.1491016556665985
RN7SL50P	SRR5950383	1.1498758641415114
RN7SL50P	SRR5950384	1.1498283651018633
RN7SL50P	SRR5950385	1.1490859664004887
RN7SL50P	SRR5950386	1.1498700492655702
RN7SL50P	SRR5950387	1.1498758641415114
RN7SL50P	SRR5950388	1.1495611354981103
RN7SL50P	SRR5950389	1.1485352709618715
RN7SL50P	SRR5950390	1.1496993836519698
RN7SL50P	SRR5950391	1.1499000124654937
RN7SL50P	SRR5950392	1.1491016556665985
RN7SL50P	SRR5950393	1.1495565511841175
RN7SL50P	SRR5950394	1.149727479151349
RN7SL50P	SRR5950395	1.149752993629983
RN7SL50P	SRR5950396	1.1499000124654937
RN7SL50P	SRR5950397	1.1498758641415114
RN7SL50P	SRR5950398	1.1498758641415114
RN7SL50P	SRR5950399	1.149659680044542
RN7SL50P	SRR5950400	1.1496993836519698
RN7SL50P	SRR5950401	1.1498700492655702
RN7SL50P	SRR5950402	1.1498700492655702
RN7SL50P	SRR5950403	1.1497815594090803
RN7SL50P	SRR5950404	1.1498041981068907
RN7SL50P	SRR5950405	1.14823324140182
RN7SL50P	SRR5950406	1.1493806150832857
RN7SL50P	SRR5950407	1.149801355279094
RN7SL50P	SRR5950408	1.149461221160821
RN7SL50P	SRR5950409	1.1495565511841175
RN7SL50P	SRR5950410	1.1499000124654937
RN7SL50P	SRR5950411	1.1498283651018633
RN7SL50P	SRR5950412	1.1498700492655702
RN7SL50P	SRR5950413	1.1493657120956842
RN7SL50P	SRR5950414	1.149801355279094
RN7SL50P	SRR5950415	1.149614382860247
RN7SL50P	SRR5950416	1.1496653216499102
RN7SL50P	SRR5950417	1.1496993836519698
RN7SL50P	SRR5950418	1.1495510677538354
RN7SL50P	SRR5950419	1.1498700492655702
RN7SL50P	SRR5950420	1.149752993629983
RN7SL50P	SRR5950421	1.1495611354981103
RN7SL50P	SRR5950422	1.1494707522857042
RN7SL50P	SRR5950423	1.149757132515299
RN7SL50P	SRR5950424	1.1498283651018633
RN7SL50P	SRR5950425	1.1498700492655702
RN7SL50P	SRR5950426	1.1496058907069004
RN7SL50P	SRR5950427	1.1498283651018633
RN7SL50P	SRR5950428	1.149757132515299
RN7SL50P	SRR5950429	1.1498700492655702
RN7SL50P	SRR5950430	1.149727479151349
RN7SL50P	SRR5950431	1.149727479151349
RN7SL50P	SRR5950432	1.1498041981068907
RN7SL50P	SRR5950433	1.149801355279094
RN7SL50P	SRR5950434	1.1495611354981103
RN7SL50P	SRR5950435	1.149757132515299
RN7SL50P	SRR5950436	1.1498700492655702
RN7SL50P	SRR5950437	1.149727479151349
RN7SL50P	SRR5950438	1.1498283651018633
RN7SL50P	SRR5950439	1.1498758641415114
RN7SL50P	SRR5950440	1.145365413736815
RN7SL50P	SRR5950441	1.1494707522857042
RN7SL50P	SRR5950442	1.1497815594090803
RN7SL50P	SRR5950443	1.149659680044542
RN7SL50P	SRR5950444	1.149801355279094
RN7SL50P	SRR5950445	1.1498041981068907
RN7SL50P	SRR5950446	1.1496516232140812
RN7SL50P	SRR5950447	1.1494257243385793
RN7SL50P	SRR5950448	1.149801355279094
RN7SL50P	SRR5950449	1.1498041981068907
RN7SL50P	SRR5950450	1.1498700492655702
RN7SL50P	SRR5950451	1.1499000124654937
RN7SL50P	SRR5950452	1.1494823274298185
RN7SL50P	SRR5950453	1.1498283651018633
RN7SL50P	SRR5950454	1.1494823274298185
RN7SL50P	SRR5950455	1.1498283651018633
RN7SL50P	SRR5950456	1.149757132515299
RN7SL50P	SRR5950457	1.149659680044542
RN7SL50P	SRR5950458	1.1499000124654937
RN7SL50P	SRR5950459	1.149752993629983
RN7SL50P	SRR5950460	1.149752993629983
RN7SL50P	SRR5950461	1.1497815594090803
RN7SL50P	SRR5950462	1.1492630102128836
RN7SL50P	SRR5950463	1.149614382860247
RN7SL50P	SRR5950464	1.149515806070026
RN7SL50P	SRR5950465	1.1449587156171235
RN7SL50P	SRR5950466	1.149801355279094
RN7SL50P	SRR5950467	1.149752993629983
RN7SL50P	SRR5950468	1.149801355279094
RN7SL50P	SRR5950469	1.149639556483191
RN7SL50P	SRR5950470	1.1498700492655702
RN7SL50P	SRR5963912	1.1499000124654937
RN7SL50P	SRR5963913	1.1495224477062624
RN7SL50P	SRR5963914	1.1499000124654937
RN7SL50P	SRR5963915	1.1495611354981103
RN7SL50P	SRR5963916	1.1494121443044876
RN7SL50P	SRR5963917	1.1496993836519698
RN7SL50P	SRR5963918	1.149727479151349
RN7SL50P	SRR5963919	1.1498041981068907
RN7SL50P	SRR5963920	1.149757132515299
RN7SL50P	SRR5963921	1.1498283651018633
RN7SL50P	SRR5963922	1.1496653216499102
RN7SL50P	SRR5963923	1.149727479151349
RN7SL50P	SRR5963924	1.1498041981068907
RN7SL50P	SRR5963925	1.1495224477062624
RN7SL50P	SRR5963926	1.149515806070026
RN7SL50P	SRR5963927	1.1498758641415114
RN7SL50P	SRR5963928	1.1494823274298185
RN7SL50P	SRR5963929	1.149801355279094
RN7SL50P	SRR5963930	1.1493287860193127
RN7SL50P	SRR5963931	1.1499000124654937
RN7SL50P	SRR5963932	1.149757132515299
RN7SL50P	SRR5963933	1.149659680044542
RN7SL50P	SRR5963934	1.1494257243385793
RN7SL50P	SRR5963935	1.1499000124654937
RN7SL50P	SRR5963936	1.1495510677538354
RN7SL50P	SRR5963937	1.1492573238148507
RN7SL50P	SRR5963938	1.149801355279094
RN7SL50P	SRR5963939	1.1498041981068907
RN7SL50P	SRR5963940	1.1498700492655702
RN7SL50P	SRR5963941	1.1499000124654937
RN7SL50P	SRR5963942	1.1499000124654937
RN7SL50P	SRR5963943	1.1498283651018633
RN7SL50P	SRR5963944	1.1499000124654937
RN7SL50P	SRR5963945	1.1498758641415114
RN7SL50P	SRR5963946	1.149801355279094
RN7SL50P	SRR5963947	1.149801355279094
RN7SL50P	SRR5963948	1.149801355279094
RN7SL50P	SRR6467548	1.009806123524068
RN7SL50P	SRR6467549	1.0166333952670563
RN7SL50P	SRR6467550	1.0094573463716312
RN7SL50P	SRR6467551	1.0164508190635158
RN7SL50P	SRR6467552	1.0165227814557534
RN7SL50P	SRR6467553	1.031917753407997
RN7SL50P	SRR6467554	1.0225494456218691
RN7SL50P	SRR6467555	1.0144151620441488
RN7SL50P	SRR6467556	1.0118279387635634
RN7SL50P	SRR6467557	1.011419518838626
RN7SL50P	SRR6467558	1.0202167779550353
RN7SL50P	SRR6467559	1.0021749573528569
RN7SL50P	SRR6467560	1.0102148863804552
RN7SL50P	SRR6467561	1.0074511140063074
RN7SL50P	SRR6467562	1.003793020797143
RN7SL50P	SRR6467563	1.0061967931686884
RN7SL50P	SRR6467564	1.007311001168582
RN7SL50P	SRR6467565	1.0096995243760967
RN7SL50P	SRR6467566	1.0275298262095158
RN7SL50P	SRR6467567	1.0110728691639104
RN7SL50P	SRR6467568	1.0041019499142785
RN7SL50P	SRR6467569	1.0146397099735318
RN7SL50P	SRR6467570	0.9212370282975713
RN7SL50P	SRR6467571	1.0007198511622537
RN7SL50P	SRR6467572	1.0061524256376846
RN7SL50P	SRR6467573	1.0067982845157166
RN7SL50P	SRR6467574	1
RN7SL50P	SRR6467575	0.5715969566077168
RN7SL50P	SRR6467576	1.0046747157254012
RN7SL50P	SRR6467577	1.0014402205102033
RN7SL50P	SRR6467578	1.0098738000574858
RN7SL50P	SRR6467579	1.0105838312629851
RN7SL50P	SRR6467580	0.9521925496582391
RN7SL50P	SRR6467581	0.8602069894559086
RN7SL50P	SRR6467582	0.9412318359018896
RN7SL50P	SRR6467583	1
RN7SL50P	SRR6467584	1.0036310190827418
RN7SL50P	SRR6467585	0.725977704529803
RN7SL50P	SRR6467586	0.700584909987671
RN7SL50P	SRR6467587	0.7911079076582958
RN7SL50P	SRR6467588	0.556671230961435
RN7SL50P	SRR6467589	1
RN7SL50P	SRR6467590	1.0027634203047235
RN7SL50P	SRR6467591	1.0105196019933347
RN7SL50P	SRR6467592	1.0077795396441576
RN7SL50P	SRR6467593	1.004538287361441
RN7SL50P	SRR6467594	0.7354317039376504
RN7SL50P	SRR6467595	1.0021917441245578
RN7SL50P	SRR6467596	1
RN7SL50P	SRR6467597	0.8494164540145718
RN7SL50P	SRR6467598	0.8903159201078643
RN7SL50P	SRR6467599	1.0037407429361982
RN7SL50P	SRR6467600	1.004818568850564
RN7SL50P	SRR6467601	1.0055788173830293
RN7SL50P	SRR6467602	0.6365460068258403
RN7SL50P	SRR6467603	1
RN7SL50P	SRR6467604	1.0042247356985123
RN7SL50P	SRR6467605	1.003573911597282
RN7SL50P	SRR6467606	1
RN7SL50P	SRR6467607	1
RN7SL50P	SRR6467608	1.0026272514823873
RN7SL50P	SRR6467609	1.0001799142310437
RN7SL50P	SRR6467610	1.0099816979843277
RN7SL50P	SRR6467611	0.8199227173364774
RN7SL50P	SRR6467612	1.0058040855375532
RN7SL50P	SRR6467613	1
RN7SL50P	SRR6467614	1
RN7SL50P	SRR6467615	1.012703741023523
RN7SL50P	SRR6467616	1.0098927550157835
RN7SL50P	SRR6467617	1.0066688641367247
RN7SL50P	SRR6467618	1
RN7SL50P	SRR6467619	0.646646876315259
RN7SL50P	SRR6467620	1.0025925045596629
RN7SL50P	SRR6467621	1.005107193890329
RN7SL50P	SRR6467622	1.0150608699717154
RN7SL50P	SRR6467623	0.7184073978994172
RN7SL50P	SRR6467624	1.0001799142310437
RN7SL50P	SRR6467625	1
RN7SL50P	SRR6467626	1
RN7SL50P	SRR6467627	1.0100637475538297
RN7SL50P	SRR6467628	1
RN7SL50P	SRR6467629	0.8751938682406226
RN7SL50P	SRR6467630	1.0007198511622537
RN7SL50P	SRR6467631	1.0008998949047658
RN7SL50P	SRR6467632	1.0071774620660263
RN7SL50P	SRR6467633	1
RN7SL50P	SRR6467634	1.0039962901985677
RN7SL50P	SRR6467635	0.589783091897133
RN7SL50P	SRR6467636	1.0100809623101739
RN7SL50P	SRR6467637	1
RN7SL50P	SRR6467638	1
RN7SL50P	SRR6467639	1.0031685095836653
RN7SL50P	SRR6467640	1.0209184673656215
RN7SL50P	SRR6467641	1.0092827829875564
RN7SL50P	SRR6467642	0.8521559038609048
RN7SL50P	SRR6467643	1.0125130005061824
RN7SL50P	SRR6467644	1
RN7SL50P	SRR6467645	0.6199937001440049
RN7SL50P	SRR6467646	1
RN7SL50P	SRR6467647	0.759218602313251
RN7SL50P	SRR6467648	1.005773633988387
RN7SL50P	SRR6467649	1.0052921358977929
RN7SL50P	SRR6467650	1.0054730022593972
RN7SL50P	SRR6467651	1.002913173016367
RN7SL50P	SRR6467652	1.0001799142310437
RN7SL50P	SRR6467653	1.00992245953211
RN7SL50P	SRR6467654	1.0037407429361982
RN7SL50P	SRR6467655	1
RN7SL50P	SRR6467656	0.9459105516422436
RN7SL50P	SRR6467657	1
RN7SL50P	SRR6467658	1
RN7SL50P	SRR6467659	0.7916307402915718
RN7SL50P	SRR6467660	1.0068426805266635
RN7SL50P	SRR6467661	0.7029517755044163
RN7SL50P	SRR6467662	0.8946345345337715
RN7SL50P	SRR6467663	1.0027908413053945
RN7SL50P	SRR6467664	0.6444573325399541
RN7SL50P	SRR6467665	1
RN7SL50P	SRR6467666	1
RN7SL50P	SRR6467667	0.6063230255730675
RN7SL50P	SRR6467668	0.7253665619529556
RN7SL50P	SRR6467669	1
RN7SL50P	SRR6467670	1
RN7SL50P	SRR6467671	0.9341294103890401
RN7SL50P	SRR6467672	1.0088498474584395
RN7SL50P	SRR6467673	1.0095900205975368
RN7SL50P	SRR6467674	1.0062550679746862
RN7SL50P	SRR6467675	1.0086419580070092
RN7SL50P	SRR6467676	0.5807479497983324
RN7SL50P	SRR6467677	1
RN7SL50P	SRR6467678	1
RN7SL50P	SRR6467679	1
RN7SL50P	SRR6467680	1.01072934295352
RN7SL50P	SRR6467681	1
RN7SL50P	SRR6467682	1.0059850440061833
RN7SL50P	SRR6467683	1.0111962112098367
RN7SL50P	SRR6467684	1.0025925045596629
RN7SL50P	SRR6467685	1.014095870178947
RN7SL50P	SRR6467686	1.0014402205102033
RN7SL50P	SRR6467687	0.6661969090000487
RN7SL50P	SRR6467688	1
RN7SL50P	SRR6467689	1.0099029089915499
RN7SL50P	SRR6467690	1.0054674322877741
RN7SL50P	SRR6467691	1.0055480781368802
RN7SL50P	SRR6467692	1.0010052287584692
RN7SL50P	SRR6467693	0.9908751978013158
RN7SL50P	SRR6467694	1.0075707059203194
RN7SL50P	SRR6467695	1.0045689957386463
RN7SL50P	SRR6467696	0.675200309125929
RN7SL50P	SRR6467697	1
RN7SL50P	SRR6467698	1.0047021889912742
RN7SL50P	SRR6467699	1
RN7SL50P	SRR6467700	0.7259029320158285
RN7SL50P	SRR6467701	1
RN7SL50P	SRR6467702	1.014337303678091
RN7SL50P	SRR6467703	1.012335005482347
RN7SL50P	SRR6467704	1.0027908413053945
RN7SL50P	SRR6467705	1.006530550845122
RN7SL50P	SRR6467706	1.0184705122861608
RN7SL50P	SRR6467707	1
RN7SL50P	SRR6467708	1.001725803535813
RN7SL50P	SRR6467709	1
RN7SL50P	SRR6467710	1.0008998949047658
RN7SL50P	SRR6467711	1.0013654513321437
RN7SL50P	SRR6467712	1.0112473218896492
RN7SL50P	SRR6467713	0.4826132434102111
RN7SL50P	SRR6467714	1.005971437060134
RN7SL50P	SRR6467715	1
RN7SL50P	SRR6467716	1
RN7SL50P	SRR6467717	1.0122808125437386
RN7SL50P	SRR6467718	1.0154091421713183
RN7SL50P	SRR6467719	1.0036044413997351
RN7SL50P	SRR6467720	1
RN7SL50P	SRR6467721	1.0016203938574126
RN7SL50P	SRR6467722	0.9984279500806916
RN7SL50P	SRR6467723	1
RN7SL50P	SRR6467724	1
RN7SL50P	SRR6467725	1
RN7SL50P	SRR6467726	0.7953832785102136
RN7SL50P	SRR6467727	1.002289885748588
RN7SL50P	SRR6467728	1
RN7SL50P	SRR6467729	1.006890324821555
RN7SL50P	SRR6467730	1.0021263776487355
RN7SL50P	SRR6467731	1.00988118368961
RN7SL50P	SRR6467732	0.7076585865016629
RN7SL50P	SRR6467733	1.001725803535813
RN7SL50P	SRR6467734	0.993009289870723
RN7SL50P	SRR6467735	1.0082651845569055
RN7SL50P	SRR6467736	1.0062021778341892
RN7SL50P	SRR6467737	1.0062062904901619
RN7SL50P	SRR6467738	1.000359860831218
RN7SL50P	SRR6467739	1
RN7SL50P	SRR6467740	1.005343007804232
RN7SL50P	SRR6467741	1.0020388684400043
RN7SL50P	SRR6467742	1
RN7SL50P	SRR6467743	1
RN7SL50P	SRR6467744	1
RN7SL50P	SRR6467745	1.000359860831218
RN7SL50P	SRR6467746	1.0079332911520626
RN7SL50P	SRR6467747	0.7037986777892322
RN7SL50P	SRR6467748	0.9507482945464953
RN7SL50P	SRR6467749	1
RN7SL50P	SRR6467750	1.0023720526815605
RN7SL50P	SRR6467751	1.0151179163865762
RN7SL50P	SRR6467752	1.0082145198989758
RN7SL50P	SRR6467753	0.6656134527127003
RN7SL50P	SRR6467754	0.8370445170352886
RN7SL50P	SRR6467755	0.8950139593529768
RN7SL50P	SRR6467756	1.001260079572912
RN7SL50P	SRR6467757	1
RN7SL50P	SRR6467758	1
RN7SL50P	SRR6467759	1.0056633933586414
RN7SL50P	SRR6467760	1.0077342324655063
RN7SL50P	SRR6467761	1.0036658019973412
RN7SL50P	SRR6467762	1.0050055361428718
RN7SL50P	SRR6467763	0.9571110894244277
RN7SL50P	SRR6467764	0.5656004696610398
RN7SL50P	SRR6467765	1.001243308406648
RN7SL50P	SRR6467766	1.014833528591624
RN7SL50P	SRR6467767	1.0068063252571833
RN7SL50P	SRR6467768	1.0124766310189337
RN7SL50P	SRR6467769	1.0179804857499088
RN7SL50P	SRR6467770	1
RN7SL50P	SRR6467771	0.6269819774669394
RN7SL50P	SRR6467772	1.0071129346997982
RN7SL50P	SRR6467773	1.0039213301801309
RN7SL50P	SRR6868540	1.014833528591624
RN7SL50P	SRR6868541	1.0278088358193622
RN7SL50P	SRR6868542	1.0479902723259678
RN7SL50P	SRR6868543	1.0152962713927551
RN7SL50P	SRR6868544	1.007850668350526
RN7SL50P	SRR6868545	1.0249330155513252
RN7SL50P	SRR6868546	1.0159083502043025
RN7SL50P	SRR6868557	1.0593600439616915
RN7SL50P	SRR6868558	1.0493300957915759
RN7SL50P	SRR6868559	1.0328318116514645
RN7SL50P	SRR6868560	1.0099883345290224
RN7SL50P	SRR6868569	1.0619340218072668
RN7SL50P	SRR6868570	1.021819771575531
RN7SL50P	SRR6868571	1.0447440906857468
RN7SL50P	SRR6868572	1.0118502062800996
RN7SL50P	SRR6868573	1.0412832207034761
RN7SL50P	SRR6868574	1.012246901299347
RN7SL50P	SRR6868575	1.0259969817544445
RN7SL50P	SRR6868576	1.0160012233415483
RN7SL50P	SRR6868577	1.0327907588593586
RN7SL50P	SRR6868578	1.0155770602095007
RN7SL50P	SRR6868579	1.0440699430515605
RN7SL50P	SRR6868580	1.010777171167205
RN7SL50P	SRR6868581	1.03420300501297
RN7SL50P	SRR6868582	1.0329389684351513
RN7SL50P	SRR6868585	1.0223918119367361
RN7SL50P	SRR6868586	1.0597439032108176
RN7SL50P	SRR6868587	1.060061410485746
RN7SL50P	SRR6868588	1.0071961768814546
RN7SL50P	SRR6868589	1.011034509868234
RN7SL50P	SRR6868590	1.0323588353795468
RN7SL50P	SRR6868591	1.0131259716901864
RN7SL50P	SRR6868604	1.0759055098033201
RN7SL50P	SRR6868605	1.032097998410507
RN7SL50P	SRR6868606	1.041059675092619
RN7SL50P	SRR6868607	1.034652621245776
RN7SL50P	SRR6868608	1.0244646566921864
RN7SL50P	SRR6868609	1.0441915254956329
RN7SL50P	SRR6868610	1.0393379767471147
RN7SL50P	SRR6868620	1.0113983415873453
RN7SL50P	SRR6868621	1.0220565106412052
RN7SL50P	SRR6868622	1.024234840404088
RN7SL50P	SRR6868623	1.0549853092368588
RN7SL50P	SRR6868636	1.0440226673600839
RN7SL50P	SRR6868637	1.0261125159944735
RN7SL50P	SRR6868638	1.0463813724818791
RN7SL50P	SRR6868639	1.0108348986886093
RN7SL50P	SRR6868650	1.0398318552023067
RN7SL50P	SRR6868651	1.0291416181729598
RN7SL50P	SRR6868652	1.0307116122012634
RN7SL50P	SRR6868653	1.018954738657396
RN7SL50P	SRR6868654	1.0151196581488149
RN7SL50P	SRR6868655	1.0354304322438237
RN7SL50P	SRR6868665	1.014468461127958
RN7SL50P	SRR6868666	1.0102626902497998
RN7SL50P	SRR6868667	1.0115422842820772
RN7SL50P	SRR6868668	1.007478603420533
RN7SL50P	SRR6868669	1.0076418198872807
RN7SL50P	SRR6868670	1.0180906480316751
RN7SL50P	SRR6868671	1.0146307116837765
RN7SL50P	SRR6868683	1.012819876849361
RN7SL50P	SRR6868684	1.0157800653166706
RN7SL50P	SRR6868685	1.0216590406873807
RN7SL50P	SRR6868686	1.010324162018174
RN7SL50P	SRR6868687	1.0281563268719116
RN7SL50P	SRR6868688	1.0273883935521193
RN7SL50P	SRR6868689	1.014875304095207
RN7SL50P	SRR6868698	1.0183812775740588
RN7SL50P	SRR6868699	1.0070578570789335
RN7SL50P	SRR6868700	1.0161535101018604
RN7SL50P	SRR6868701	1.0106090201717064
RN7SL50P	SRR6868702	1.007687418054785
RN7SL50P	SRR6868713	1.010478873419224
RN7SL50P	SRR6868714	1.0186954098379435
RN7SL50P	SRR6868715	1.0083404689188882
RN7SL50P	SRR6868716	1.0067190005273792
RN7SL50P	SRR6868717	1.0103010202621463
RN7SL50P	SRR6868718	1.0039004111898113
RN7SL50P	SRR6868719	1.0016203938574126
RN7SL50P	SRR6868720	1.0050669824037204
RN7SL50P	SRR6868721	1.0112987110891343
RN7SL50P	SRR6868722	1.0169002351863679
RN7SL50P	SRR6868723	1.0196540145226427
RN7SL50P	SRR6868724	1.0097443440669194
RN7SL50P	SRR6868725	1.0041769234190894
RN7SL50P	SRR6868726	1.0024121563473647
RN7SL50P	SRR6868741	1.0145442086713796
RN7SL50P	SRR7632756	1.0082581080507984
RN7SL50P	SRR7632757	1.0277332860513113
RN7SL50P	SRR7632758	1.01063282095591
RN7SL50P	SRR7632759	1.0297749607877074
RN7SL50P	SRR7632760	1.020266900924434
RN7SL50P	SRR7632761	1.0071506009427655
RN7SL50P	SRR7632762	1.0486325447319236
RN7SL50P	SRR7632763	1.0163814821934867
RN7SL50P	SRR7632764	1.0369890422143389
RN7SL50P	SRR7632765	1.0026272514823873
RN7SL50P	SRR7632766	1.0311142484945626
RN7SL50P	SRR7632767	1.0023720526815605
RN7SL50P	SRR7632768	1.0161881698751842
RN7SL50P	SRR7632769	1.011477121008053
RN7SL50P	SRR7632770	1.0082791178455617
RN7SL50P	SRR7632771	1.0259548134634506
RN7SL50P	SRR7632772	1.0191645376419036
RN7SL50P	SRR7632773	1.005428666643438
RN7SL50P	SRR7632774	1.0063470586203123
RN7SL50P	SRR7632775	1.0224681510947642
RN7SL50P	SRR7632776	1.0378886530168419
RN7SL50P	SRR7632777	1.0240596389952048
RN7SL50P	SRR7632778	1.0041769234190894
RN7SL50P	SRR7632779	1.0261166053511217
RN7SL50P	SRR7632780	1.003693247674031
RN7SL50P	SRR7632781	1.061425531429259
RN7SL50P	SRR7632782	1.013677337507708
RN7SL50P	SRR7632783	1.0073390566571232
RN7SL50P	SRR7632784	1.0087008852489117
RN7SL50P	SRR7632785	1.0071774620660263
RN7SL50P	SRR7632786	1.0414066016427272
RN7SL50P	SRR7632787	1.0039139901228018
RN7SL50P	SRR7632788	1.002266574999606
RN7SL50P	SRR7632789	1.0181424053950652
RN7SL50P	SRR7632790	1.0098238663156869
RN7SL50P	SRR7632791	1.0447424486975612
RN7SL50P	SRR7632792	1.0072973762876458
RN7SL50P	SRR7632793	1.01210658739326
RN7SL50P	SRR7632794	1.0069477706153624
RN7SL50P	SRR7632795	1.0032266090038542
RN7SL50P	SRR7632796	1.0171842304100507
RN7SL50P	SRR7632797	1.1507956722511705
RN7SL50P	SRR7632798	1.0057289905461357
RN7SL50P	SRR7632799	1.0307842771739868
RN7SL50P	SRR7632800	1.0149717126681794
RN7SL50P	SRR7632801	1.0052614054151265
RN7SL50P	SRR7632802	1.0349955306780252
RN7SL50P	SRR7632803	1.0239958477751991
RN7SL50P	SRR7632804	1.0404738790189818
RN7SL50P	SRR7632805	1.003093611368694
RN7SL50P	SRR7632806	1.0046132934463576
RN7SL50P	SRR7632807	1.0087172705016196
RN7SL50P	SRR7632808	1.0082207258216564
RN7SL50P	SRR7632809	1.0487771640238053
RN7SL50P	SRR7632810	1.0041728190577268
RN7SL50P	SRR7632811	1.0068069184574369
RN7SL50P	SRR7632812	1.0071833620330328
RN7SL50P	SRR7632813	1.0062092961820608
RN7SL50P	SRR7632814	1.0035601881766363
RN7SL50P	SRR7632815	1.0078705608466538
RN7SL50P	SRR7632816	1.07528181517056
RN7SL50P	SRR7632817	1.041586150859103
RN7SL50P	SRR7632818	1.0054254250297385
RN7SL50P	SRR7632819	1.002446897019748
RN7SL50P	SRR7632820	1.006884746998457
RN7SL50P	SRR7632821	1.001725803535813
RN7SL50P	SRR7632822	1.0125834797761897
RN7SL50P	SRR7632823	1.0036796717268013
RN7SL50P	SRR7632824	1.0045743716929838
RN7SL50P	SRR7632825	1.0028076383933613
RN7SL50P	SRR7632826	1.0006451357681576
RN7SL50P	SRR7632827	1.0547962882986262
RN7SL50P	SRR7632828	1.0259969817544445
RN7SL50P	SRR7632829	1.014492055668809
RN7SL50P	SRR7632830	1.0484469543228638
RN7SL50P	SRR7632831	1.0092787217165853
RN7SL50P	SRR7632832	1.014555769133056
RN7SL50P	SRR7632833	1.0517370367415053
RN7SL50P	SRR7632834	1.0291896194546106
RN7SL50P	SRR7632835	1.1099100147247651
RN7SL50P	SRR7632836	1.0149370565287317
RN7SL50P	SRR7632837	1.0064500155939855
RN7SL50P	SRR7632838	1.0251559439709568
RN7SL50P	SRR7632839	1.011487837523035
RN7SL50P	SRR7632840	1.0305733450818257
RN7SL50P	SRR7632841	1.1192560986710782
RN7SL50P	SRR7632842	1.0018618499306917
RN7SL50P	SRR7632843	1.0375153886962647
RN7SL50P	SRR7632844	1.0396314006495406
RN7SL50P	SRR7632845	1.0050055361428718
RN7SL50P	SRR7632846	1.0494904998299905
RN7SL50P	SRR7632847	1.0235272533915285
RN7SL50P	SRR7632848	1.0091302469862462
RN7SL50P	SRR7632849	1.011384661421074
RN7SL50P	SRR7632850	1.0128856441720862
RN7SL50P	SRR7632851	1.0101118401249758
RN7SL50P	SRR7632852	1.001260079572912
RN7SL50P	SRR7632853	1.0050776310038234
RN7SL50P	SRR7632854	1.0066032694373324
RN7SL50P	SRR7632855	1
RN7SL50P	SRR7632856	1.0064837326371328
RN7SL50P	SRR7632857	1.0735764544763629
RN7SL50P	SRR7632858	1.0371579517056881
RN7SL50P	SRR7632859	1.0396311122590651
RN7SL50P	SRR7632860	1.0753540533674661
RN7SL50P	SRR7632861	1.0543822488477879
RN7SL50P	SRR7632862	1.0351402489647896
RN7SL50P	SRR7632863	1.127463190129664
RN7SL50P	SRR7632864	1.1215525506364097
RN7SL50P	SRR7632865	1.0014635120398052
RN7SL50P	SRR7632866	1.0056633933586414
RN7SL50P	SRR7632867	1.0102904255521574
RN7SL50P	SRR7632868	1.0256287182392447
RN7SL50P	SRR7632869	1.0244411302643486
RN7SL50P	SRR7632870	1.0037988754978042
RN7SL50P	SRR7632871	1.050989678803295
RN7SL50P	SRR7632872	1.0322124653187648
RN7SL50P	SRR7632873	1.004207620749528
RN7SL50P	SRR7632874	1.0026579014399075
RN7SL50P	SRR7632875	1.001651013035654
RN7SL50P	SRR7632876	1.0141700299218512
RN7SL50P	SRR7632877	1.0410996360505937
RN7SL50P	SRR7632878	1.0220802210253883
RN7SL50P	SRR7632879	1.002266574999606
RN7SL50P	SRR7632880	1.0175413387124352
RN7SL50P	SRR7632881	1.013756384887805
RN7SL50P	SRR7632882	1.0238807645953367
RN7SL50P	SRR7632883	1.02247906372491
RN7SL50P	SRR7632884	1.0337064082418486
RN7SL50P	SRR7632885	1.004970706798616
RN7SL50P	SRR7632886	1.0323024876429643
RN7SL50P	SRR7632887	1.0101074156533363
RN7SL50P	SRR7632888	1.0379768225769255
RN7SL50P	SRR7632889	1.0341992789721208
RN7SL50P	SRR7632890	1.1020636592092161
RN7SL50P	SRR7632891	1.0470515559564515
RN7SL50P	SRR7632892	1.0058318842867344
RN7SL50P	SRR7632893	1.038136325271397
RN7SL50P	SRR7632894	1.0470575746534403
RN7SL50P	SRR7632895	1.0115917091074564
RN7SL50P	SRR7632896	1.0226482273167283
RN7SL50P	SRR7632897	1.0040851311465162
RN7SL50P	SRR7632898	1.003736640357631
RN7SL50P	SRR7632899	1.0069518863188005
RN7SL50P	SRR7632900	1.0066648133839482
RN7SL50P	SRR7632901	1.0063609654022492
RN7SL50P	SRR7632902	1.0438042739415248
RN7SL50P	SRR7632903	1.0043989334008585
RN7SL50P	SRR7632904	1.0526195434200118
RN7SL50P	SRR7632905	1.0931759253599354
RN7SL50P	SRR7632906	1.0165025853468879
RN7SL50P	SRR7632907	1.0277254099081103
RN7SL50P	SRR7632908	1.0040070360063245
RN7SL50P	SRR7632909	1.0034545854694705
RN7SL50P	SRR7632910	1.0380077298103303
RN7SL50P	SRR7632911	1.0129842553236308
RN7SL50P	SRR7632912	1.0156327587698157
RN7SL50P	SRR7632913	1.0587224433384341
RN7SL50P	SRR7632914	1.0311722723635215
RN7SL50P	SRR7632915	1.044956647947262
RN7SL50P	SRR7632916	1.0198845286602736
RN7SL50P	SRR7632917	1.0523945550985883
RN7SL50P	SRR7632918	1.0258468542129664
RN7SL50P	SRR7632919	1.008734166859293
RN7SL50P	SRR7632920	1.0115831117977676
RN7SL50P	SRR7632921	1.0121573982531267
RN7SL50P	SRR7632922	1.0086992082960846
RN7SL50P	SRR7632923	1.0104750438511543
RN7SL50P	SRR7632924	1.029495742835047
RN7SL50P	SRR7632925	1.0350871842259233
RN7SL50P	SRR7632926	1.0184989436426726
RN7SL50P	SRR7632927	1.020518834230417
RN7SL50P	SRR7632928	1.003304751915352
RN7SL50P	SRR7632929	1.0407855332953868
RN7SL50P	SRR7632930	1.0008998949047658
RN7SL50P	SRR7632931	1.0007198511622537
RN7SL50P	SRR7632932	1.025692629589228
RN7SL50P	SRR7632933	1.0212777254368819
RN7SL50P	SRR7632934	1.0043882919914233
RN7SL50P	SRR7632935	2.0202236802499516
RN7SL50P	SRR7632936	1.0210525182035715
RN7SL50P	SRR7632937	1.0144804078601897
RN7SL50P	SRR7632938	1.026676151053306
RN7SL50P	SRR7632939	1.0281037599803844
RN7SL50P	SRR7632940	1.0065515246415413
RN7SL50P	SRR7632941	1.0214750661913161
RN7SL50P	SRR7632942	1.0358472927277014
RN7SL50P	SRR7632943	1
RN7SL50P	SRR7632944	1.0183845609590005
RN7SL50P	SRR7632945	1
RN7SL50P	SRR8928966	1.0089020059058134
RN7SL50P	SRR8928967	1.0174471485483954
RN7SL50P	SRR8928968	1.0083576543049855
RN7SL50P	SRR8928969	1.0084157589021454
RN7SL50P	SRR8928970	1.0097790430950968
RN7SL50P	SRR8928971	1.0078135964082673
RN7SL50P	SRR8928972	1.0551062717044821
RN7SL50P	SRR8928973	1.0060157966102234
RN7SL50P	SRR8928974	1.0870766859358787
RN7SL50P	SRR8928975	1.0434971814877207
RN7SL50P	SRR8928976	1.0433938336486428
RN7SL50P	SRR8928977	1.0197721263293398
RN7SL50P	SRR8928978	1.0189094725563004
RN7SL50P	SRR8928979	1.0197172970945956
RN7SL50P	SRR8928980	1.016019416300132
RN7SL50P	SRR8928981	1.0118211977273175
RN7SL50P	SRR8928982	1.0114917814411697
RN7SL50P	SRR8928983	1.001980837804911
RN7SL50P	SRR8928984	1.0056539011614338
RN7SL50P	SRR8928985	1.0170563672128556
RN7SL50P	SRR8928986	1.009106991032158
RN7SL50P	SRR8928987	1
RN7SL50P	SRR8928988	1
RN7SL50P	SRR8928989	1.0180482199929832
RN7SL50P	SRR8928990	1.0106122784979463
RN7SL50P	SRR8928991	1.0180115267692265
RN7SL50P	SRR9835604	1.0144341794778586
RN7SL50P	SRR9835605	1.0056231596200704
RN7SL50P	SRR9835606	1.0022055934839067
RN7SL50P	SRR9835607	1.0092485506134343
RN7SL50P	SRR9835608	1.0149850838535093
RN7SL50P	SRR9835609	1
RN7SL50P	SRR9835610	1.0046883051317705
RN7SL50P	SRR9835611	1.001110573697418
RN7SL50P	SRR9835612	1.002740775394054
RN7SL50P	SRR9835613	1.005971437060134
RN7SL50P	SRR9835614	1.0101757476044517
RN7SL50P	SRR9835615	1.0396846498825996
RN7SL50P	SRR9835616	1.007499951835674
RN7SL50P	SRR9835617	1.0233696860167032
RN7SL50P	SRR9835618	1.005397931987203
RN7SL50P	SRR9835619	1
RN7SL50P	SRR9835620	1.004899781344521
RN7SL50P	SRR9835621	1.0066648133839482
RN7SL50P	SRR9835622	1.0027728852191709
RN7SL50P	SRR9835623	1.0001799142310437
RN7SL50P	SRR9835624	1.022211497308151
RN7SL50P	SRR9835625	1.0031791380696085
RN7SL50P	SRR9835626	1.0077170577043544
RN7SL50P	SRR9835627	1.0020862854161259
RN7SL50P	SRR9835628	1.007245300796782
RN7SL50P	SRR9835629	1.0205101654512299
RN7SL50P	SRR9835630	1.0557392610180325
RN7SL50P	SRR9835631	1.0808176609581337
RN7SL50P	SRR9835632	1.002341411462068
RN7SL50P	SRR9835633	1.0075707059203194
RN7SL50P	SRR9835634	1.0063884847793512
RN7SL50P	SRR9835635	1.0098927550157835
RN7SL50P	SRR9835636	1.0020527156867534
RN7SL50P	SRR9835637	1.0045214612850002
RN7SL50P	SRR9835638	1.009908799328608
RN7SL50P	SRR9835639	1.010581897159914
RN7SL50P	SRR9835640	1.016727838277098
RN7SL50P	SRR9835641	1.0039213301801309
RN7SL50P	SRR9835642	1.0059099355041081
RN7SL50P	SRR9835643	1.0038517478455666
RN7SL50P	SRR9835644	1.0032974163660653
RN7SL50P	SRR9835645	1.029653410621942
RN7SL50P	SRR9835646	1.0094602413506888
RN7SL50P	SRR9835647	1.0024301059742207
RN7SL50P	SRR9835648	1.0302878151561219
RN7SL50P	SRR9835649	1.0119543846885093
RN7SL50P	SRR9835650	1.0038431392461147
RN7SL50P	SRR9835651	1.0007198511622537
RN7SL50P	SRR9835652	1.016019416300132
RN7SL50P	SRR9835653	1.0027908413053945
RN7SL50P	SRR9835654	1.0101757476044517
RN7SL50P	SRR9835655	1.0051695140095571
RN7SL50P	SRR9835656	1.0027021148755608
RN7SL50P	SRR9835657	1.015118912954171
RN7SL50P	SRR9835658	1.0020114680017955
RN7SL50P	SRR9835659	1.0060465501543596
RN7SL50P	SRR9835660	1.0076462335591199
RN7SL50P	SRR9835661	1.0040544375604268
RN7SL50P	SRR9835662	1.01230819730448
RN7SL50P	SRR9835663	1.0203073606491269
RN7SL50P	SRR9835664	1.001725803535813
RN7SL50P	SRR9835665	1.004190800211773
RN7SL50P	SRR9835666	1
RN7SL50P	SRR9835667	1.008442463999566
RN7SL50P	SRR9835668	1
RN7SL50P	SRR9835669	1.0266087966612285
RN7SL50P	SRR9835670	1.0139446879648122
RN7SL50P	SRR9835671	1.013598089847048
RN7SL50P	SRR9835672	1.0017838194003639
RN7SL50P	SRR9835673	1.0228219628836945
RN7SL50P	SRR9835674	1.0005398398063463
RN7SL50P	SRR9835675	1.005397931987203
RN7SL50P	SRR9835676	1.0891346753691427
RN7SL50P	SRR9835677	1.0026579014399075
RN7SL50P	SRR9835678	1.0060909130166535
RN7SL50P	SRR9835679	0.9651493632949231
RN7SL50P	SRR9835680	1.0245185067839673
RN7SL50P	SRR9835681	1.0030493806702814
RN7SL50P	SRR9835682	1.0607053518911023
RN7SL50P	SRR9835683	1.0063443236741658
RN7SL50P	SRR9835684	1.0253010780065177
RN7SL50P	SRR9835685	1.0051251917756963
RN7SL50P	SRR9835686	1.0135335602212565
RN7SL50P	SRR9835687	1.0047021889912742
RN7SL50P	SRR9835688	1
RN7SL50P	SRR9835689	1.0073894622198625
RN7SL50P	SRR9835690	1.0020114680017955
RN7SL50P	SRR9835691	1.009018872251653
RN7SL50P	SRR9835692	1.0183852731914698
RN7SL50P	SRR9835693	1.0040851311465162
RN7SL50P	SRR9835694	1.0104411930997232
RN7SL50P	SRR9835695	1.005230970296049
RN7SL50P	SRR9835696	1.0098853113828044
RN7SL50P	SRR9835697	1.0051636513145872
RN7SL50P	SRR9835698	1.0010052287584692
RN7SL50P	SRR9835699	1.0016203938574126
RN7SL50P	SRR9835700	1.002266574999606
RN7SL50P	SRR9835701	1.0028309617264135
RN7SL50P	SRR9835702	1
RN7SL50P	SRR9835703	1.0010799710397094
RN7SL50P	SRR9835704	1.0046652924666128
RN7SL50P	SRR9835705	1.0039962901985677
RN7SL50P	SRR9835706	1.0792635155154793
RN7SL50P	SRR9835707	1.001110573697418
RN7SL50P	SRR9835708	1.001063202890274
RN7SL50P	SRR9835709	1.000465137852195
RN7SL50P	SRR9835710	1.0145636581420703
RN7SL50P	SRR9835711	1.0004428486915478
RN7SL50P	SRR9835712	1.0025217469463543
RN7SL50P	SRR9835713	1.0019060282634729
RN7SL50P	SRR9835714	1.001545611227314
RN7SL50P	SRR9835715	1.0051621648262732
RN7SL50P	SRR9835716	1.0029880577585075
RN7SL50P	SRR9835717	1.0034545854694705
RN7SL50P	SRR9835718	1.0156196005253904
RN7SL50P	SRR9835719	1.0088403251851141
RN7SL50P	SRR9835720	1.0062994400318304
RN7SL50P	SRR9835721	1.0152841125038419
RN7SL50P	SRR9835722	1.0232142122054655
RN7SL50P	SRR9835723	1
RN7SL50P	SRR9835724	1.0070578570789335
RN7SL50P	SRR9835725	1.027861673410901
RN7SL50P	SRR9835726	1.0007198511622537
RN7SL50P	SRR9835727	1.0069096275623266
RN7SL50P	SRR9835728	1.041000135876921
RN7SL50P	SRR9835729	1.0032434133910784
RN7SL50P	SRR9835730	1.0039520196971752
RN7SL50P	SRR9835731	1.0511406103696055
RN7SL50P	SRR9835732	1.004729663008416
RN7SL50P	SRR9835733	1.004507579922951
RN7SL50P	SRR9835734	1.0026272514823873
RN7SL50P	SRR9835735	1.0018312243074385
RN7SL50P	SRR9835736	1.012260593128426
RN7SL50P	SRR9835737	1.002169112123769
RN7SL50P	SRR9835738	1.0018005996203712
RN7SL50P	SRR9835739	1.0276177847429349
RN7SL50P	SRR9835740	1.0302371282903655
RN7SL50P	SRR9835741	1.005343007804232
RN7SL50P	SRR9835742	1.018922412576946
RN7SL50P	SRR9835743	1.0344788269959917
RN7SL50P	SRR9835744	1.0058655806218886
RN7SL50P	SRR9835745	1.0226611988789944
RN7SL50P	SRR9835746	1.0111132609495124
RN7SL50P	SRR9835747	1.0053946904725954
RN7SL50P	SRR9835748	1.0308527658417086
RN7SL50P	SRR9835749	1
RN7SL50P	SRR9835750	1.008417985799797
RN7SL50P	SRR9835751	1.008299317554985
RN7SL50P	SRR9835752	1.0409710004872161
RN7SL50P	SRR9835753	1.0109896329106067
RN7SL50P	SRR9835754	1.0013654513321437
RN7SL50P	SRR9835755	1.0150098638350933
RN7SL50P	SRR9835756	1.0468852163311182
RN7SL50P	SRR9835757	1.0040544375604268
RN7SL50P	SRR9835758	1.0058487323132066
RN7SL50P	SRR9835759	1.0066479516880693
RN7SL50P	SRR9835760	1
RN7SL50P	SRR9835761	1.0001799142310437
RN7SL50P	SRR9835762	1.102947594059923
RN7SL50P	SRR9835763	1.002940598112091
RN7SL50P	SRR9835764	1.0027327671216282
RN7SL50P	SRR9835765	0.43089227819165277
RN7SL50P	SRR9835766	1.0265328399469198
RN7SL50P	SRR9835767	1.0374543472882876
RN7SL50P	SRR9835768	1
RN7SL50P	SRR9835769	1
RN7SL50P	SRR9835770	1.0202737577318615
RN7SL50P	SRR9835771	1.0054836551612463
RN7SL50P	SRR9835772	1.0127561588072467
RN7SL50P	SRR9835773	1
RN7SL50P	SRR9835774	1.035585837974875
RN7SL50P	SRR9835775	1.0051863509411016
RN7SL50P	SRR9835776	1.0032740821844481
RN7SL50P	SRR9835777	1.002446897019748
RN7SL50P	SRR9835778	1.0042826021444868
RN7SL50P	SRR9835779	1.0071022645360526
RN7SL50P	SRR9835780	1.0016036166558628
RN7SL50P	SRR9835781	1.025583100340115
RN7SL50P	SRR9835782	1.0050637419561312
RN7SL50P	SRR9835783	1
RN7SL50P	SRR9835784	1.0041462270270287
RN7SL50P	SRR9835785	1.0441860904847313
RN7SL50P	SRR9835786	1.009929843520005
RN7SL50P	SRR9835787	1.0028963741606889
RN7SL50P	SRR9835788	1.001681633149913
RN7SL50P	SRR9835789	1
RN7SL50P	SRR9835790	1.0072834565655588
RN7SL50P	SRR9835791	1.0278656241323514
RN7SL50P	SRR9835792	0.9947153112826297
RN7SL50P	SRR9835793	1.002052284179645
RN7SL50P	SRR9835794	1.0001799142310437
RN7SL50P	SRR9835795	1.0573932890447866
RN7SL50P	SRR9835796	1.0057952709257163
RN7SL50P	SRR9835797	1
RN7SL50P	SRR9835798	1.0016203938574126
RN7SL50P	SRR9835799	1.0020388684400043
RN7SL50P	SRR9835800	1.0011853238444721
RN7SL50P	SRR9835801	1.0050669824037204
RN7SL50P	SRR9835802	1.004026982007113
RN7SL50P	SRR9867812	0.7918933162716487
RN7SL50P	SRR9867813	0.349588753020824
RN7SL50P	SRR9867814	0.8256139522131831
RN7SL50P	SRR9867815	0.734463265728934
RN7SL50P	SRR9867816	1
RN7SL50P	SRR9867817	1.0130692804155355
RN7SL50P	SRR9867818	1
RN7SL50P	SRR9867819	1.0365871752587312
RN7SL50P	SRR9867820	1
RN7SL50P	SRR9867821	1
RN7SL50P	SRR9867822	1.0102487295503935
RN7SL50P	SRR9867823	0.9483235914567094
RN7SL50P	SRR9867824	0.6001457415009043
RN7SL50P	SRR9867825	0.6019051064125924
RN7SL50P	SRR9867826	0.5336824383498506
RN7SL50P	SRR9867827	0.9914184966835375
RN7SL50P	SRR9867828	1.0107911391691837
RN7SL50P	SRR9867829	0.6059603796041807
RN7SL50P	SRR9867830	1
RN7SL50P	SRR9867831	1.1504047046889339
RN7SL50P	SRR9879292	0.5314585139490635
RN7SL50P	SRR9879293	1.014555769133056
RN7SL50P	SRR9879294	1.0200688164522311
RN7SL50P	SRR9879295	1.0197229922840128
RN7SL50P	SRR9879296	1.0119752694496373
RN7SL50P	SRR9879297	1.0154935544904835
RN7SL50P	SRR9879298	1.010653880234263
RN7SL50P	SRR9879299	1.002913173016367
RN7SL50P	SRR9879300	1.0146608527462948
RN7SL50P	SRR9879301	1.000359860831218
RN7SL50P	SRR9879302	1.0103414411561347
RN7SL50P	SRR9879303	1.0041769234190894
RN7SL50P	SRR9879304	1.0167059661554507
RN7SL50P	SRR9879305	1.010080666465452
RN7SL50P	SRR9879306	1
RN7SL50P	SRR9879307	0.7185907521193264
RN7SL50P	SRR9879308	1.011384661421074
RN7SL50P	SRR9879309	1.0106568426916576
RN7SL50P	T50_307	1.0053671982704868
RN7SL50P	T50_313	1.016019416300132
RN7SL50P	T50_317	1.0164068767314205
RN7SL50P	T50_324	1.0105775508373083
RN7SL50P	T50_427	1.0156539222354464
RN7SL50P	T50_428	1.0065410016108964
RN7SL50P	T50_431	1.0047497319970449
RN7SL50P	T50_436	1.0071833620330328
RN7SL50P	T50_476	1.0072834565655588
RN7SL50P	UN_307	1.0128719438885714
RN7SL50P	UN_313	1.0139486719753832
RN7SL50P	UN_317	1.007999716801276
RN7SL50P	UN_323	1.0090464643103707
RN7SL50P	UN_324	1.0213963291259884
RN7SL50P	UN_427	1.007704297162079
RN7SL50P	UN_428	1.0098893750946523
RN7SL50P	UN_431	1.009106991032158
RN7SL50P	UN_436	1.0071022645360526
RN7SL50P	UN_476	1.0088711650740816
