Gene	sample	counts
RP11-337N6.3	CM317	1.052160686909921
RP11-337N6.3	CMCD140	12.11295402082627
RP11-337N6.3	CMCD147	1.0404565910580479
RP11-337N6.3	CMCD152	1
RP11-337N6.3	CMCD154	2.019798653954379
RP11-337N6.3	CMCD159	1.0863042186135794
RP11-337N6.3	CMCD161	10.030629480920839
RP11-337N6.3	CMCD174	1.092629434806816
RP11-337N6.3	CMCD196	1.0091897168260358
RP11-337N6.3	CMCD198	1.029495742835047
RP11-337N6.3	CMCD203	10.032393128452409
RP11-337N6.3	CMCD211	9.640544369492279
RP11-337N6.3	CMCD227	7.398994522801101
RP11-337N6.3	CMCD240	5.579796233588041
RP11-337N6.3	CMCD259	4
RP11-337N6.3	CMCD270	3.0155724404856685
RP11-337N6.3	CMCD275	1.008539072196977
RP11-337N6.3	CMCD282	3.0394823607755903
RP11-337N6.3	CMCD286	11.31004607150665
RP11-337N6.3	CMCD287	17
RP11-337N6.3	CMCD294	1.0639520056991958
RP11-337N6.3	CMCD327	5.025693936376418
RP11-337N6.3	CMCD335	4.0188217130926915
RP11-337N6.3	CMCD337	8.053394520983883
RP11-337N6.3	CMCD357	2.0423009283729257
RP11-337N6.3	CMCD398	4.0240094308054415
RP11-337N6.3	CMCD403	1.0071810043238532
RP11-337N6.3	CMCD422	5.01043142708063
RP11-337N6.3	CMCD426	1.1140469611806236
RP11-337N6.3	CMCD71	2.0127725980554785
RP11-337N6.3	CMCD72	1.1510750061651915
RP11-337N6.3	CMCD76	14.032160995039245
RP11-337N6.3	CMCD88	14.002518799234611
RP11-337N6.3	CMSA256	9
RP11-337N6.3	CMSA316	15.122317671875503
RP11-337N6.3	CMUC110	8
RP11-337N6.3	CMUC192	5.067302248731403
RP11-337N6.3	CMUC199	2.056374810832963
RP11-337N6.3	CMUC200	10.023414114620678
RP11-337N6.3	CMUC208	13.031809661256723
RP11-337N6.3	CMUC231	6
RP11-337N6.3	CMUC234	5
RP11-337N6.3	CMUC285	2.0222538748895467
RP11-337N6.3	CMUC291	3.0198131080653203
RP11-337N6.3	CMUC295	14.012598528666722
RP11-337N6.3	CMUC299	4.011708129380773
RP11-337N6.3	CMUC301	3.001619519419039
RP11-337N6.3	CMUC307	4.011040749136297
RP11-337N6.3	CMUC313	10.42041393992274
RP11-337N6.3	CMUC314	1.055846512835873
RP11-337N6.3	CMUC323	2.0482098137826856
RP11-337N6.3	CMUC324	6.005399369428595
RP11-337N6.3	CMUC331	4.036629845601594
RP11-337N6.3	CMUC333	3.0697162620115814
RP11-337N6.3	CMUC334	7.105091050113368
RP11-337N6.3	CMUC346	16.173590143856828
RP11-337N6.3	CMUC352	1.00605396549271
RP11-337N6.3	CMUC360	6.0086413230612195
RP11-337N6.3	CMUC363	1.0263755677043285
RP11-337N6.3	CMUC365	3.020077023209715
RP11-337N6.3	CMUC366	6.020093963248045
RP11-337N6.3	CMUC368	7
RP11-337N6.3	CMUC377	9.03673704478072
RP11-337N6.3	CMUC379	1.0708063663103926
RP11-337N6.3	CMUC380	3.0548292730627797
RP11-337N6.3	CMUC383	1.0142859766464112
RP11-337N6.3	CMUC394	8.060973545053999
RP11-337N6.3	CMUC419	8.199594018365742
RP11-337N6.3	CMUC427	14
RP11-337N6.3	CMUC428	6.038082351721873
RP11-337N6.3	CMUC431	7.013010338717639
RP11-337N6.3	CMUC435	1.0050194243862136
RP11-337N6.3	CMUC439	1.0064361075814747
RP11-337N6.3	CMUC89	10
RP11-337N6.3	CS219	11.02725295610286
RP11-337N6.3	CS256	3.006869657245764
RP11-337N6.3	CS257	1.0944271775349645
RP11-337N6.3	CS259	9.013910501045824
RP11-337N6.3	CS261	4.095292142735711
RP11-337N6.3	CS266	1.0357806251843706
RP11-337N6.3	CS270	18.234171073137155
RP11-337N6.3	CS277	0.964744493942961
RP11-337N6.3	CS288	6.054094368934865
RP11-337N6.3	CS290	5.039958332644633
RP11-337N6.3	CS292	1.0139795313343294
RP11-337N6.3	CS293	1.016848591736414
RP11-337N6.3	CS301	1.0267458436587589
RP11-337N6.3	CS306	2.077723091388277
RP11-337N6.3	CS308	1.0265766152062068
RP11-337N6.3	CS315	14.392255956217383
RP11-337N6.3	CS317	1.0722984600508352
RP11-337N6.3	CS322	10.134187324826138
RP11-337N6.3	CS327	8.038083017887253
RP11-337N6.3	CS328	1.0566294945036847
RP11-337N6.3	CS330	1.0768616883015538
RP11-337N6.3	CS331	1.0187996043213206
RP11-337N6.3	CS335	1.5144362078171887
RP11-337N6.3	CS338	1.030832702181411
RP11-337N6.3	CS339	1.1707547739034676
RP11-337N6.3	CS343	7.056552383667488
RP11-337N6.3	CS344	2.028262512182532
RP11-337N6.3	CS350	1.0232380192782662
RP11-337N6.3	CS351	5.041559472714125
RP11-337N6.3	CS361	4.0959615753584595
RP11-337N6.3	CS388	1.034963282410878
RP11-337N6.3	CS396	2.02180759276634
RP11-337N6.3	CS405	3.076117364596472
RP11-337N6.3	CS415	3.2306964893223746
RP11-337N6.3	CS424	5.188109807312912
RP11-337N6.3	IM293	3.0160005558931835
RP11-337N6.3	IM296	1.0674965693084089
RP11-337N6.3	IM297	1.098769887658002
RP11-337N6.3	IM300	7
RP11-337N6.3	IM305	1.0100500854392669
RP11-337N6.3	IM309	1.068243382745569
RP11-337N6.3	IM310	2.0275195597735043
RP11-337N6.3	IM311	17.212107768612054
RP11-337N6.3	IM316	1.0051863509411016
RP11-337N6.3	IM320	1.0476097382082026
RP11-337N6.3	IM330	1.0105944783553105
RP11-337N6.3	IM332	1.0306075684228129
RP11-337N6.3	IM340	1.056280146775053
RP11-337N6.3	IM348	2.073922925413191
RP11-337N6.3	IM354	5.036243447811597
RP11-337N6.3	IM356	1.0086100524478088
RP11-337N6.3	IM364	3.0521600504488346
RP11-337N6.3	IM372	2.9999721536048685
RP11-337N6.3	IM374	1.0494515301768887
RP11-337N6.3	IM376	9.136566027597453
RP11-337N6.3	IM381	8.10044632799116
RP11-337N6.3	IM382	8.254724812679171
RP11-337N6.3	IM385	9
RP11-337N6.3	IM390	1.028703799246213
RP11-337N6.3	IM397	5.05692330710537
RP11-337N6.3	IM404	8.023060122044196
RP11-337N6.3	IM409	12.068747886553629
RP11-337N6.3	IM412	1
RP11-337N6.3	IM421	5.079492318794411
RP11-337N6.3	IM425	1.0543133661346646
RP11-337N6.3	IM432	1.0420143643186235
RP11-337N6.3	IM438	9
RP11-337N6.3	IM442	1.0426097281187585
RP11-337N6.3	IM445	2.0231095942964687
RP11-337N6.3	IM448	1.0230255913150224
RP11-337N6.3	IM449	5.042232929061366
RP11-337N6.3	IM451	13.06742256223432
RP11-337N6.3	IMSA256	4.0163968842786275
RP11-337N6.3	IMSA276	7
RP11-337N6.3	IMSA286	6
RP11-337N6.3	IMSA343	16.200332590084347
RP11-337N6.3	IS_238	4
RP11-337N6.3	IS238	17.4022652276266
RP11-337N6.3	IS243	22
RP11-337N6.3	IS253	5
RP11-337N6.3	IS283	8
RP11-337N6.3	IS322	2.021279447894887
RP11-337N6.3	IS399	3.02175888068164
RP11-337N6.3	IS418	1.0947511027862358
RP11-337N6.3	IS430	1.0847548398304163
RP11-337N6.3	IS437	1.0822383787243768
RP11-337N6.3	IS444	5.189248613246528
RP11-337N6.3	R276CMSA	1.0649255307900556
RP11-337N6.3	R286CMSA	7
RP11-337N6.3	R292CMSA	4.016830482998112
RP11-337N6.3	R292IMSA	1.0768750693977573
RP11-337N6.3	R308CMSA	1.070354522560454
RP11-337N6.3	R316IMSA	6.119190323867562
RP11-337N6.3	R347CMSA	1.0679448775774594
RP11-337N6.3	R347IMSA	4.261633965112479
RP11-337N6.3	R371CMSA	10.039962901985676
RP11-337N6.3	SRR10104064	1.1130827181735787
RP11-337N6.3	SRR10104065	4.023462322487554
RP11-337N6.3	SRR10104066	6.1125380042157635
RP11-337N6.3	SRR10104067	6.13954282362242
RP11-337N6.3	SRR10104068	9.042043288882708
RP11-337N6.3	SRR10104069	6.068944814549694
RP11-337N6.3	SRR10104070	2.0591731091145022
RP11-337N6.3	SRR10104071	1.1619835297694339
RP11-337N6.3	SRR10104072	2.143446479589512
RP11-337N6.3	SRR10104073	5.229178938623881
RP11-337N6.3	SRR10104074	1.099722320793923
RP11-337N6.3	SRR10104075	1.1547542285600578
RP11-337N6.3	SRR10104076	2.055647937744945
RP11-337N6.3	SRR10104077	1.1040752320803593
RP11-337N6.3	SRR10104078	4.167685606467321
RP11-337N6.3	SRR10104079	1.092856600461782
RP11-337N6.3	SRR10104080	5.627140456801532
RP11-337N6.3	SRR10104081	6.09536170915369
RP11-337N6.3	SRR10104082	1.085647260281074
RP11-337N6.3	SRR10104083	2.131193412881832
RP11-337N6.3	SRR10104084	4.280496619342154
RP11-337N6.3	SRR10104085	1.0224852129879336
RP11-337N6.3	SRR10104086	4.099732062205301
RP11-337N6.3	SRR10104087	8.025678439184835
RP11-337N6.3	SRR10104088	4.036475319172503
RP11-337N6.3	SRR10104089	2.2774248231285403
RP11-337N6.3	SRR10104090	2.053010987024463
RP11-337N6.3	SRR10104091	4.171725230058666
RP11-337N6.3	SRR10104092	5.063826806616365
RP11-337N6.3	SRR10104093	2.0695424255078976
RP11-337N6.3	SRR10104094	1.0344440824548444
RP11-337N6.3	SRR10104095	1.0555296586127236
RP11-337N6.3	SRR10104096	3.4499981487402307
RP11-337N6.3	SRR10104097	2.1308659194815505
RP11-337N6.3	SRR10104098	7.2097658089124375
RP11-337N6.3	SRR10104099	3.144944458515292
RP11-337N6.3	SRR10104100	5.146400279969171
RP11-337N6.3	SRR10104101	6.0334729042981765
RP11-337N6.3	SRR10104102	4.061415873888437
RP11-337N6.3	SRR10104103	4.213238804189567
RP11-337N6.3	SRR10104104	9.139644026692782
RP11-337N6.3	SRR10104105	1.0837919884500646
RP11-337N6.3	SRR10104106	3.40113311181829
RP11-337N6.3	SRR10104107	5.047941142122664
RP11-337N6.3	SRR10104108	6.041159042313585
RP11-337N6.3	SRR10104109	1.122307744225592
RP11-337N6.3	SRR10104110	4.77280415287017
RP11-337N6.3	SRR10104111	5.164855547535517
RP11-337N6.3	SRR10104112	1.189872391069202
RP11-337N6.3	SRR10104113	2.072570835749321
RP11-337N6.3	SRR10104114	1.1753108824133915
RP11-337N6.3	SRR10104115	1.1481195623107094
RP11-337N6.3	SRR10104116	2.095246382483523
RP11-337N6.3	SRR10104117	3.1178782866274166
RP11-337N6.3	SRR10104118	2.2959804707743263
RP11-337N6.3	SRR10104119	1.1922096850664645
RP11-337N6.3	SRR10104120	5.137198512941893
RP11-337N6.3	SRR10104121	2.1691340246095887
RP11-337N6.3	SRR10104122	1.0930951060141245
RP11-337N6.3	SRR10104123	1.085068060584876
RP11-337N6.3	SRR10104124	2.2388032130029476
RP11-337N6.3	SRR10104125	2.2064644177403347
RP11-337N6.3	SRR10104126	3.1210769540481813
RP11-337N6.3	SRR10104127	3.568980452095358
RP11-337N6.3	SRR10104128	2.057916235521713
RP11-337N6.3	SRR10104129	4.105701057911227
RP11-337N6.3	SRR10104130	1.0421022730678582
RP11-337N6.3	SRR10104131	6.06812246818661
RP11-337N6.3	SRR10104132	1.0072357936683587
RP11-337N6.3	SRR10104133	3.50343123442555
RP11-337N6.3	SRR10104134	3.09126138918788
RP11-337N6.3	SRR10104135	4.419170090948322
RP11-337N6.3	SRR10104136	2.030106896937801
RP11-337N6.3	SRR10104137	1.1111543351913287
RP11-337N6.3	SRR10104138	3.5961376186935414
RP11-337N6.3	SRR10104139	10.113843011015554
RP11-337N6.3	SRR10104140	2.291504571821293
RP11-337N6.3	SRR10104141	1.0612182077092946
RP11-337N6.3	SRR10104142	2.1055024519569985
RP11-337N6.3	SRR10104143	8.065548091602064
RP11-337N6.3	SRR10104144	3.1832496348978996
RP11-337N6.3	SRR10104145	2.12906032957427
RP11-337N6.3	SRR10104146	2.01925653037473
RP11-337N6.3	SRR10104147	14.023926343961028
RP11-337N6.3	SRR10104148	2.1062931336637565
RP11-337N6.3	SRR10104149	1.0479500129388701
RP11-337N6.3	SRR10104150	4.046608341883439
RP11-337N6.3	SRR10104151	10.076598631587604
RP11-337N6.3	SRR10104152	4.022492638480282
RP11-337N6.3	SRR10104153	1.1050859670242814
RP11-337N6.3	SRR10104154	5.153303932247293
RP11-337N6.3	SRR10104155	4.362420321331359
RP11-337N6.3	SRR10104156	11.044738670730515
RP11-337N6.3	SRR10104157	3.150478213659811
RP11-337N6.3	SRR10104158	3.061798511843683
RP11-337N6.3	SRR10104159	4.050691135910627
RP11-337N6.3	SRR10104160	2.2573364736425705
RP11-337N6.3	SRR10104161	7.012080624750691
RP11-337N6.3	SRR10104162	5.102407976019235
RP11-337N6.3	SRR10104163	4.1211512606244876
RP11-337N6.3	SRR10104164	4.078719396629892
RP11-337N6.3	SRR10104165	1.03911950298106
RP11-337N6.3	SRR10104166	4.164441562764899
RP11-337N6.3	SRR10104167	5.113202703627254
RP11-337N6.3	SRR10104168	5.145018961620126
RP11-337N6.3	SRR10104169	3.074741517318232
RP11-337N6.3	SRR10104170	2.060404905302753
RP11-337N6.3	SRR10104171	3.072311918817335
RP11-337N6.3	SRR10104172	2.06849477282656
RP11-337N6.3	SRR10104173	1.0618085302182145
RP11-337N6.3	SRR10104174	1.034206476188313
RP11-337N6.3	SRR10104175	3.0679835966369837
RP11-337N6.3	SRR10104176	8.180824425672256
RP11-337N6.3	SRR10104177	1.0254564567414526
RP11-337N6.3	SRR10104178	4.154782898354069
RP11-337N6.3	SRR10104179	2.0699660828681723
RP11-337N6.3	SRR10104180	7.1540483459045
RP11-337N6.3	SRR10104181	1.027045780065536
RP11-337N6.3	SRR10104182	2.0709402448161387
RP11-337N6.3	SRR10104183	1.0485327945215122
RP11-337N6.3	SRR10104184	4.085593119802417
RP11-337N6.3	SRR10104185	1.0655022783512398
RP11-337N6.3	SRR10104186	7.233854008204297
RP11-337N6.3	SRR10104187	2.1595155602862746
RP11-337N6.3	SRR10104188	4.22234495595125
RP11-337N6.3	SRR10104189	1.0614348924771675
RP11-337N6.3	SRR10104190	1.1491016556665985
RP11-337N6.3	SRR10104191	2.2842575168334185
RP11-337N6.3	SRR10104192	2.0523615049257704
RP11-337N6.3	SRR10104193	5.201401826327539
RP11-337N6.3	SRR10104194	5.217242415299667
RP11-337N6.3	SRR10104195	3.1275846557112796
RP11-337N6.3	SRR10104196	6.246524215468677
RP11-337N6.3	SRR10104197	12.203323482195861
RP11-337N6.3	SRR10104198	1.0259518061643405
RP11-337N6.3	SRR10104199	1.0845523092555243
RP11-337N6.3	SRR10104200	7.250326887312389
RP11-337N6.3	SRR10104201	4.105186447942536
RP11-337N6.3	SRR10104202	1.0684453214497531
RP11-337N6.3	SRR10104203	5.113598042015034
RP11-337N6.3	SRR10104204	3.0948345990341943
RP11-337N6.3	SRR10104205	7.188872375784033
RP11-337N6.3	SRR10104206	5.1450920269936455
RP11-337N6.3	SRR10104207	4.131594303674321
RP11-337N6.3	SRR10104208	7.123826057776639
RP11-337N6.3	SRR10104209	2.046397421151133
RP11-337N6.3	SRR10104210	5.132321975254358
RP11-337N6.3	SRR10104211	4.075198417285282
RP11-337N6.3	SRR10104212	10.187854652070223
RP11-337N6.3	SRR10104213	3.182173124636137
RP11-337N6.3	SRR10104214	1.0302508387945404
RP11-337N6.3	SRR10104215	3.0321797882929613
RP11-337N6.3	SRR10104216	1.062180780035933
RP11-337N6.3	SRR10104217	4.100044132596803
RP11-337N6.3	SRR10104218	2.1311292863900806
RP11-337N6.3	SRR10104219	4.261059338816993
RP11-337N6.3	SRR10104220	2.0711386556406923
RP11-337N6.3	SRR10104221	1.090516632710812
RP11-337N6.3	SRR10104222	8.309861853306197
RP11-337N6.3	SRR10104223	1.1801672204919216
RP11-337N6.3	SRR10104224	6.152995986602476
RP11-337N6.3	SRR10104225	1.031660376130715
RP11-337N6.3	SRR10104226	1.0392769039353207
RP11-337N6.3	SRR10104227	1.0779388239392174
RP11-337N6.3	SRR10104228	2.2464210440332026
RP11-337N6.3	SRR10104229	1.0373617848705414
RP11-337N6.3	SRR10104230	1.1040752320803593
RP11-337N6.3	SRR10104231	1.07822501247679
RP11-337N6.3	SRR10104232	3.1834543344223145
RP11-337N6.3	SRR10104233	13.954325356761142
RP11-337N6.3	SRR10104234	8.187462956865284
RP11-337N6.3	SRR10104235	5.220957627478164
RP11-337N6.3	SRR10104236	19.176829808186405
RP11-337N6.3	SRR10104237	3.055694391564279
RP11-337N6.3	SRR10104238	2.143953387426739
RP11-337N6.3	SRR10104239	2.1267163070324693
RP11-337N6.3	SRR10104240	1.0749579917487644
RP11-337N6.3	SRR10104241	2.0818807853910393
RP11-337N6.3	SRR10104242	1.0656340036600613
RP11-337N6.3	SRR10104243	1.0687486815714031
RP11-337N6.3	SRR10104244	4.1595263507814035
RP11-337N6.3	SRR10104245	2.0836235244660073
RP11-337N6.3	SRR10104246	2.217657139682806
RP11-337N6.3	SRR10104247	4.23181791212741
RP11-337N6.3	SRR10104248	2.15305844885231
RP11-337N6.3	SRR10104249	1.0273315870858695
RP11-337N6.3	SRR10104250	1.157197552838617
RP11-337N6.3	SRR10104251	1.0471142307724335
RP11-337N6.3	SRR10104252	2.3677531442356212
RP11-337N6.3	SRR10104253	2.19982513068642
RP11-337N6.3	SRR10104254	1.0374696909056962
RP11-337N6.3	SRR10104255	1.031244552450183
RP11-337N6.3	SRR10104256	3.0885725891464917
RP11-337N6.3	SRR10104257	1.038122821814693
RP11-337N6.3	SRR10104258	1.0309181491976231
RP11-337N6.3	SRR10224277	1.0245658638211308
RP11-337N6.3	SRR10224278	1.0942848190075063
RP11-337N6.3	SRR10224279	1.0908476973919505
RP11-337N6.3	SRR10224280	1.0228352144410537
RP11-337N6.3	SRR10224281	17.275079632968144
RP11-337N6.3	SRR10224282	1.0506840927867773
RP11-337N6.3	SRR10224283	1.04241966767901
RP11-337N6.3	SRR10224284	1.1113405704367834
RP11-337N6.3	SRR10224285	1.1302600125483513
RP11-337N6.3	SRR10224286	1.0254727500696328
RP11-337N6.3	SRR10224287	1.034206476188313
RP11-337N6.3	SRR10224288	1.0982502736059643
RP11-337N6.3	SRR10224289	1.095574558517596
RP11-337N6.3	SRR10224290	1.0979938990127511
RP11-337N6.3	SRR10224291	1.031258864476703
RP11-337N6.3	SRR10224292	1.0118994173300337
RP11-337N6.3	SRR10224293	1.0308254672852508
RP11-337N6.3	SRR10224294	1.0583494992707134
RP11-337N6.3	SRR10224295	1.0871371976243258
RP11-337N6.3	SRR10224296	1.0551062717044821
RP11-337N6.3	SRR10224297	1.1298237190995832
RP11-337N6.3	SRR10224298	1.0332669442805347
RP11-337N6.3	SRR10318388	7.052951527991041
RP11-337N6.3	SRR10318389	3.0144237689855213
RP11-337N6.3	SRR10318390	3.0376477854742205
RP11-337N6.3	SRR10318391	5.060941397454741
RP11-337N6.3	SRR10318392	5.070831060340697
RP11-337N6.3	SRR10318393	6.017479038098202
RP11-337N6.3	SRR10318394	8.108813718584468
RP11-337N6.3	SRR10318395	3.0136565074435158
RP11-337N6.3	SRR10318396	5.041268458494195
RP11-337N6.3	SRR10318397	6.036382178667927
RP11-337N6.3	SRR10318398	1.0035908666536983
RP11-337N6.3	SRR10318399	1.0502301871086661
RP11-337N6.3	SRR10318400	2.030059894316004
RP11-337N6.3	SRR10318401	4.014785934811921
RP11-337N6.3	SRR10318402	3.0129301940635322
RP11-337N6.3	SRR10318403	7.034728547976487
RP11-337N6.3	SRR10318404	4.0071352776014555
RP11-337N6.3	SRR10318405	4.010086987785417
RP11-337N6.3	SRR10318406	2.0093494314508025
RP11-337N6.3	SRR10318407	3.029989202242966
RP11-337N6.3	SRR10318408	3.009280834106082
RP11-337N6.3	SRR10318409	7.022247905012622
RP11-337N6.3	SRR10318410	2.0082652899056073
RP11-337N6.3	SRR10318411	2.0073929674059605
RP11-337N6.3	SRR10318412	3.0148563587151003
RP11-337N6.3	SRR10318413	2.0078865942447375
RP11-337N6.3	SRR10318414	6.036279300926157
RP11-337N6.3	SRR10318415	3.0198131080653203
RP11-337N6.3	SRR10318416	3.0303829559717936
RP11-337N6.3	SRR10318417	2.0146563380184315
RP11-337N6.3	SRR10318418	3.011488683814358
RP11-337N6.3	SRR10318419	3.0122553934395486
RP11-337N6.3	SRR10318420	5.009156121537193
RP11-337N6.3	SRR10318421	2.00971094200866
RP11-337N6.3	SRR10318422	1.0021611084168651
RP11-337N6.3	SRR10318423	5.008018083279314
RP11-337N6.3	SRR10318424	8.017066021563659
RP11-337N6.3	SRR10318425	3.019895309257772
RP11-337N6.3	SRR10318426	1.095574558517596
RP11-337N6.3	SRR10318427	1.1082523998937106
RP11-337N6.3	SRR10318428	4.005584250867533
RP11-337N6.3	SRR10318429	1.0040376195884992
RP11-337N6.3	SRR10318430	2.0177020275269326
RP11-337N6.3	SRR10318431	4.021045621660506
RP11-337N6.3	SRR10318432	2.0036011992407423
RP11-337N6.3	SRR10318433	1.275527749073799
RP11-337N6.3	SRR10318434	2.0063370191673306
RP11-337N6.3	SRR10318435	5.030355559546932
RP11-337N6.3	SRR10318436	5.014191469326224
RP11-337N6.3	SRR10318437	1.0007198511622537
RP11-337N6.3	SRR10318438	11.014197565101219
RP11-337N6.3	SRR10318439	5.020663224764019
RP11-337N6.3	SRR10318440	2.0320322810813582
RP11-337N6.3	SRR10318441	6.016845830360168
RP11-337N6.3	SRR10318442	2.0581945196038256
RP11-337N6.3	SRR10318443	9.02092159965087
RP11-337N6.3	SRR10318444	4.035170354478419
RP11-337N6.3	SRR10318445	3.037277264215823
RP11-337N6.3	SRR10318446	2.0080203289901353
RP11-337N6.3	SRR10318447	5.0537066465787355
RP11-337N6.3	SRR10318448	2.0143549241320526
RP11-337N6.3	SRR10318449	2.0042041055221165
RP11-337N6.3	SRR10318450	3.016193795961609
RP11-337N6.3	SRR10318451	8
RP11-337N6.3	SRR10318452	7.044429410342185
RP11-337N6.3	SRR10318453	2.0402565884018795
RP11-337N6.3	SRR10318454	5.023970188372721
RP11-337N6.3	SRR10318455	3.0184572769130535
RP11-337N6.3	SRR10318456	5.033461705349525
RP11-337N6.3	SRR10318457	4.006604052142616
RP11-337N6.3	SRR10318458	2.026121533000211
RP11-337N6.3	SRR10318459	8.0533696855721
RP11-337N6.3	SRR10318460	2.0080889550647942
RP11-337N6.3	SRR10318461	4.014363466614793
RP11-337N6.3	SRR10318462	3.0204454461891643
RP11-337N6.3	SRR10318463	8.02559340869802
RP11-337N6.3	SRR10318464	6.038323927927119
RP11-337N6.3	SRR10318465	1.0010052287584692
RP11-337N6.3	SRR10318466	4.038289889074953
RP11-337N6.3	SRR10318467	6.030979961208397
RP11-337N6.3	SRR10318468	6.059559524364068
RP11-337N6.3	SRR10318469	6.022419842145787
RP11-337N6.3	SRR10318470	8
RP11-337N6.3	SRR10318471	4
RP11-337N6.3	SRR10318472	4.017975971844278
RP11-337N6.3	SRR10318473	11.043472216668926
RP11-337N6.3	SRR10318474	5.021413010722434
RP11-337N6.3	SRR10318475	6.024611699485671
RP11-337N6.3	SRR10318476	4.0148402395104466
RP11-337N6.3	SRR10318495	4.0047412953778885
RP11-337N6.3	SRR10318496	3.026817353654088
RP11-337N6.3	SRR10318497	4.02309335762099
RP11-337N6.3	SRR10318498	4.003778150851877
RP11-337N6.3	SRR10318499	7.008511508059449
RP11-337N6.3	SRR10318500	4.023315918819977
RP11-337N6.3	SRR10318501	4.019722003089874
RP11-337N6.3	SRR10318502	2.0010796796126926
RP11-337N6.3	SRR10318503	5.009530141317365
RP11-337N6.3	SRR10318504	2.0136434013266955
RP11-337N6.3	SRR10318505	1.0007198511622537
RP11-337N6.3	SRR10318506	1.012140088058167
RP11-337N6.3	SRR10318507	5.061404062718693
RP11-337N6.3	SRR10318508	2.062427449412944
RP11-337N6.3	SRR10318509	4.028218440850173
RP11-337N6.3	SRR10318510	7.056877195093494
RP11-337N6.3	SRR10318511	1.001260079572912
RP11-337N6.3	SRR10318512	4.031007928916389
RP11-337N6.3	SRR10318513	4.013518663582407
RP11-337N6.3	SRR10318514	2.0093069735628646
RP11-337N6.3	SRR10318515	6.073110096501036
RP11-337N6.3	SRR10318516	5.030232750771797
RP11-337N6.3	SRR10318517	6.016212689253365
RP11-337N6.3	SRR10318518	5.036703855218267
RP11-337N6.3	SRR10318519	6.028948523219674
RP11-337N6.3	SRR10318520	4.008045872007182
RP11-337N6.3	SRR10318521	5.018376377146084
RP11-337N6.3	SRR10318522	4.005584250867533
RP11-337N6.3	SRR10318523	9.020674925382371
RP11-337N6.3	SRR10318524	2.0158665823041253
RP11-337N6.3	SRR10318525	5.031667233888279
RP11-337N6.3	SRR10318526	12.07960849128364
RP11-337N6.3	SRR10318527	2.000719721662436
RP11-337N6.3	SRR10318528	4.010319235634778
RP11-337N6.3	SRR10318529	16.036265199993696
RP11-337N6.3	SRR10318530	3.020688024331101
RP11-337N6.3	SRR10318531	1.0090633661821524
RP11-337N6.3	SRR10318532	4.034016481579777
RP11-337N6.3	SRR10318533	5.118266470217884
RP11-337N6.3	SRR10318534	2.0357596258700172
RP11-337N6.3	SRR10318535	4.063210489861611
RP11-337N6.3	SRR10318536	7.029023589189201
RP11-337N6.3	SRR10318537	4.044329410090275
RP11-337N6.3	SRR10318538	6.011436169580837
RP11-337N6.3	SRR10318539	4.030011620192736
RP11-337N6.3	SRR10318540	1.0055480781368802
RP11-337N6.3	SRR10318541	2.0148002708528874
RP11-337N6.3	SRR10318542	3.0248900623974495
RP11-337N6.3	SRR10318543	2.0204630238696017
RP11-337N6.3	SRR10318544	12.030211792202115
RP11-337N6.3	SRR10318545	2.0178040118116267
RP11-337N6.3	SRR10318546	12.017282646122439
RP11-337N6.3	SRR10318547	4.016285023256244
RP11-337N6.3	SRR10318548	3.0147915023174057
RP11-337N6.3	SRR10318549	6.043064772396157
RP11-337N6.3	SRR10318568	5.016049024490522
RP11-337N6.3	SRR10318569	8.007199159238127
RP11-337N6.3	SRR10318570	9.09894217397561
RP11-337N6.3	SRR10318571	6.005399369428595
RP11-337N6.3	SRR10318572	5.024123769349728
RP11-337N6.3	SRR10318573	6.009273667363884
RP11-337N6.3	SRR10318574	7.017409025759871
RP11-337N6.3	SRR10318575	4.019299015479782
RP11-337N6.3	SRR10318576	5.021925268660037
RP11-337N6.3	SRR10318577	3.008996052997736
RP11-337N6.3	SRR10318578	8.007199159238127
RP11-337N6.3	SRR10318579	8.025348076669323
RP11-337N6.3	SRR10318580	7.010081543571422
RP11-337N6.3	SRR10318581	9
RP11-337N6.3	SRR10875803	12.241381221017129
RP11-337N6.3	SRR10875804	11.087881747364406
RP11-337N6.3	SRR10875805	13.518047398151417
RP11-337N6.3	SRR10875806	16.474439065513184
RP11-337N6.3	SRR10875807	15.50659011971973
RP11-337N6.3	SRR10875808	11.87328084300589
RP11-337N6.3	SRR10875809	14.59907119940999
RP11-337N6.3	SRR10875810	17.285007765959943
RP11-337N6.3	SRR10875812	19
RP11-337N6.3	SRR10875813	17.91404599102627
RP11-337N6.3	SRR10875814	9.036641302326549
RP11-337N6.3	SRR10875815	24
RP11-337N6.3	SRR10875816	16
RP11-337N6.3	SRR10875817	10.036598501848124
RP11-337N6.3	SRR10875818	22.531765178590526
RP11-337N6.3	SRR10875819	15
RP11-337N6.3	SRR10875820	10.58118902194308
RP11-337N6.3	SRR10875821	12.391036606984887
RP11-337N6.3	SRR10875822	11.228495402587438
RP11-337N6.3	SRR10875823	10
RP11-337N6.3	SRR10875824	23.612449952828626
RP11-337N6.3	SRR10875825	9.016481018766946
RP11-337N6.3	SRR10875826	22.803089732812094
RP11-337N6.3	SRR10875827	10.89133288646721
RP11-337N6.3	SRR10875829	22.629641008082903
RP11-337N6.3	SRR10875830	29
RP11-337N6.3	SRR10875831	8.02908096983682
RP11-337N6.3	SRR10875832	7
RP11-337N6.3	SRR10875834	11.03766302274183
RP11-337N6.3	SRR10875835	11
RP11-337N6.3	SRR10875836	24.510381812347138
RP11-337N6.3	SRR10875837	12.062040530284431
RP11-337N6.3	SRR10875838	13
RP11-337N6.3	SRR10875839	8.897631044752831
RP11-337N6.3	SRR10875840	13.890136308743232
RP11-337N6.3	SRR10875841	10.038738263728899
RP11-337N6.3	SRR10875842	9.036659833889376
RP11-337N6.3	SRR10875843	7.175679377494427
RP11-337N6.3	SRR10875844	6.4304289692971075
RP11-337N6.3	SRR10875845	19.936394599582158
RP11-337N6.3	SRR10875846	10.159874917877499
RP11-337N6.3	SRR10875847	7.0269019747228025
RP11-337N6.3	SRR10875848	9
RP11-337N6.3	SRR10875849	15.45235700303878
RP11-337N6.3	SRR10875850	13.002338885003567
RP11-337N6.3	SRR10875851	14.87894984802864
RP11-337N6.3	SRR10875852	21.854182339702778
RP11-337N6.3	SRR10875853	23.052131224990937
RP11-337N6.3	SRR10875854	14.303532081204422
RP11-337N6.3	SRR10875855	11.708926335177118
RP11-337N6.3	SRR10875856	9.456264191012945
RP11-337N6.3	SRR10875857	15.08068534240334
RP11-337N6.3	SRR10875858	15.94239771750751
RP11-337N6.3	SRR10875859	11
RP11-337N6.3	SRR10875860	18.32677312083893
RP11-337N6.3	SRR10875861	21.297026620353744
RP11-337N6.3	SRR10875862	15.693931816013965
RP11-337N6.3	SRR10875863	25.136825056484927
RP11-337N6.3	SRR10875864	16
RP11-337N6.3	SRR10875865	22.885296702358534
RP11-337N6.3	SRR10875866	22.321478285664753
RP11-337N6.3	SRR10875867	27.857266021661154
RP11-337N6.3	SRR10875868	15.378930583581335
RP11-337N6.3	SRR10875869	13
RP11-337N6.3	SRR10875870	10.137439290968814
RP11-337N6.3	SRR10875871	11.001979056541481
RP11-337N6.3	SRR10875872	12.281520360008255
RP11-337N6.3	SRR10875873	20.9864869021157
RP11-337N6.3	SRR10875874	22.86980992198097
RP11-337N6.3	SRR10875875	22.747091666351434
RP11-337N6.3	SRR10875876	15
RP11-337N6.3	SRR10875877	13.75756170385933
RP11-337N6.3	SRR10875878	7.055705292791656
RP11-337N6.3	SRR10875879	27
RP11-337N6.3	SRR10875880	16.06487100096683
RP11-337N6.3	SRR10875881	10.159391836045652
RP11-337N6.3	SRR10875882	18
RP11-337N6.3	SRR10875883	14.090921547466191
RP11-337N6.3	SRR10875884	24.366941522918502
RP11-337N6.3	SRR10875885	10.01906028263473
RP11-337N6.3	SRR10875886	3.0226935119961604
RP11-337N6.3	SRR10875887	25
RP11-337N6.3	SRR10875888	4.113067744931681
RP11-337N6.3	SRR10875889	6.013599449997636
RP11-337N6.3	SRR10875890	8.018132599996848
RP11-337N6.3	SRR10875891	11
RP11-337N6.3	SRR10875892	20.958538329887805
RP11-337N6.3	SRR10875893	12
RP11-337N6.3	SRR10875894	12.971598091953032
RP11-337N6.3	SRR10875895	12
RP11-337N6.3	SRR10875896	15.151673164068152
RP11-337N6.3	SRR10875897	11.028715031575034
RP11-337N6.3	SRR10875898	19.060648968409417
RP11-337N6.3	SRR10875899	18.009118633110923
RP11-337N6.3	SRR10875900	13.04960396311893
RP11-337N6.3	SRR10875901	9.019913075985905
RP11-337N6.3	SRR10875902	5.023220020582362
RP11-337N6.3	SRR12430469	35
RP11-337N6.3	SRR12430470	23.011086695426908
RP11-337N6.3	SRR12430471	34.06564996012927
RP11-337N6.3	SRR12430472	53.02059905081394
RP11-337N6.3	SRR12430473	25
RP11-337N6.3	SRR12430474	35.356703352798284
RP11-337N6.3	SRR12430475	39.81860215390446
RP11-337N6.3	SRR12430476	29
RP11-337N6.3	SRR12765534	2
RP11-337N6.3	SRR12765535	5.013289507199537
RP11-337N6.3	SRR12765536	3.0138873016576317
RP11-337N6.3	SRR12765537	4.016953276073491
RP11-337N6.3	SRR12765538	3.1028905679875964
RP11-337N6.3	SRR12765539	5.1570640575257185
RP11-337N6.3	SRR12765540	12.037587443782286
RP11-337N6.3	SRR12765541	5.04851825663397
RP11-337N6.3	SRR12765542	7
RP11-337N6.3	SRR12765543	2.032831629439689
RP11-337N6.3	SRR12765544	8.092840027193171
RP11-337N6.3	SRR12765545	14.13254038187407
RP11-337N6.3	SRR12765546	3.090774025598054
RP11-337N6.3	SRR12765547	10.081057978341976
RP11-337N6.3	SRR12765548	6.1227574410094965
RP11-337N6.3	SRR12765549	5.038367464713787
RP11-337N6.3	SRR12765550	5.20058712004642
RP11-337N6.3	SRR12765551	7.096961941070242
RP11-337N6.3	SRR12765552	2.083170869594375
RP11-337N6.3	SRR12765553	1.044787541309448
RP11-337N6.3	SRR12765554	6.191624745774127
RP11-337N6.3	SRR12765555	6.124681339527185
RP11-337N6.3	SRR12765556	9.139493613993642
RP11-337N6.3	SRR12765557	3.0315921407903357
RP11-337N6.3	SRR12765558	2.103329399220781
RP11-337N6.3	SRR12765559	3.0057180847904186
RP11-337N6.3	SRR12765560	3.057944361841666
RP11-337N6.3	SRR12765561	3.0085148815957345
RP11-337N6.3	SRR12765562	6.094443119191643
RP11-337N6.3	SRR12765563	3.0219338886062714
RP11-337N6.3	SRR12765564	4.008467675346026
RP11-337N6.3	SRR12765565	6.025598749392994
RP11-337N6.3	SRR12765566	3.0216247533655833
RP11-337N6.3	SRR12765567	3.0398703091747366
RP11-337N6.3	SRR12765568	9.093655578402272
RP11-337N6.3	SRR12765569	2.023016083005857
RP11-337N6.3	SRR12765570	9.064597158594236
RP11-337N6.3	SRR12765571	5.055943789847261
RP11-337N6.3	SRR12765572	8.05302771629543
RP11-337N6.3	SRR12765573	8.276668328108983
RP11-337N6.3	SRR12765574	4.027838413042708
RP11-337N6.3	SRR12765575	3.0726693706311052
RP11-337N6.3	SRR12765576	3.0748279772629057
RP11-337N6.3	SRR12765577	7.322041808776383
RP11-337N6.3	SRR12765578	4.060739983434037
RP11-337N6.3	SRR12765579	4.034199030334316
RP11-337N6.3	SRR12765580	2.0228467209375056
RP11-337N6.3	SRR12765581	5.081320229122418
RP11-337N6.3	SRR12765582	16.016083660135507
RP11-337N6.3	SRR12765583	8.071157035462695
RP11-337N6.3	SRR12765584	6.075168978310735
RP11-337N6.3	SRR12765585	1.011157847234662
RP11-337N6.3	SRR12765586	4.021243697494613
RP11-337N6.3	SRR12765587	3.0354991612808306
RP11-337N6.3	SRR12765588	3.020988867309025
RP11-337N6.3	SRR12765589	2.036750675641805
RP11-337N6.3	SRR12765590	4.117686613639485
RP11-337N6.3	SRR12765591	5.140667353284164
RP11-337N6.3	SRR12765592	2.0330735288745174
RP11-337N6.3	SRR12765593	5.042164727857139
RP11-337N6.3	SRR12765594	3.069825267188964
RP11-337N6.3	SRR12765595	5.060091105864885
RP11-337N6.3	SRR12765596	4.0178531475064085
RP11-337N6.3	SRR12765597	3.02425068091063
RP11-337N6.3	SRR12765598	2.0144633536090177
RP11-337N6.3	SRR12765599	8.024748890949551
RP11-337N6.3	SRR12765600	1.0430935413616602
RP11-337N6.3	SRR12765601	2.0443244790524675
RP11-337N6.3	SRR12765602	3.0260174891990483
RP11-337N6.3	SRR12765603	10.100331670398786
RP11-337N6.3	SRR12765604	2.0163260353818857
RP11-337N6.3	SRR12765605	4.031262961622918
RP11-337N6.3	SRR12765606	4.053214233825748
RP11-337N6.3	SRR12765607	3.026351243451855
RP11-337N6.3	SRR12765608	5.044409269895898
RP11-337N6.3	SRR12765609	4.019408924954708
RP11-337N6.3	SRR12765610	4.035055915177316
RP11-337N6.3	SRR12765611	6.033371843265892
RP11-337N6.3	SRR12765612	4.018246603783935
RP11-337N6.3	SRR12765613	2.012073391852546
RP11-337N6.3	SRR12765614	6.0280482943524065
RP11-337N6.3	SRR12765615	2.01836641871408
RP11-337N6.3	SRR12765616	7.043282283509649
RP11-337N6.3	SRR12765617	6.0510330098404275
RP11-337N6.3	SRR12765618	3.0707162618721546
RP11-337N6.3	SRR12765619	1.0218888958464731
RP11-337N6.3	SRR12765620	5.040905351476082
RP11-337N6.3	SRR12765621	1.0026231534549817
RP11-337N6.3	SRR12765622	4.088102268145798
RP11-337N6.3	SRR12765623	4
RP11-337N6.3	SRR12765624	6.0238768392036715
RP11-337N6.3	SRR12765625	5.041788271524927
RP11-337N6.3	SRR12765626	2.009922442278996
RP11-337N6.3	SRR12765627	12.006478077676157
RP11-337N6.3	SRR12765628	3.124921469748016
RP11-337N6.3	SRR12765629	1.0324836165656877
RP11-337N6.3	SRR12765630	5.008629017679065
RP11-337N6.3	SRR12765631	5.03030079058201
RP11-337N6.3	SRR12765632	2.013170362593027
RP11-337N6.3	SRR12765633	3.0586899489363653
RP11-337N6.3	SRR12765634	3.0163969525715792
RP11-337N6.3	SRR12765635	3.069642636616396
RP11-337N6.3	SRR12765636	1.0122197343296355
RP11-337N6.3	SRR12765637	1.0356758705836402
RP11-337N6.3	SRR12765638	3
RP11-337N6.3	SRR12765639	2.0624767479506634
RP11-337N6.3	SRR12765640	5.025402885579788
RP11-337N6.3	SRR12765641	4.076440780421407
RP11-337N6.3	SRR12765642	3.0073406910592437
RP11-337N6.3	SRR12765643	4.056680119687405
RP11-337N6.3	SRR12765644	6.021525785791622
RP11-337N6.3	SRR12765645	3.0869778017881186
RP11-337N6.3	SRR12765646	4.027316247920917
RP11-337N6.3	SRR12765647	4.117187981248521
RP11-337N6.3	SRR12765648	1.0119067516462763
RP11-337N6.3	SRR12765649	1.0495385478573618
RP11-337N6.3	SRR12765650	2.036769121918001
RP11-337N6.3	SRR12765651	2.056560433988745
RP11-337N6.3	SRR12765652	2.0215674977680456
RP11-337N6.3	SRR12774664	7.037208619107588
RP11-337N6.3	SRR12774665	6.08133998268242
RP11-337N6.3	SRR12774666	3.03207487521486
RP11-337N6.3	SRR12774667	3.045338963659929
RP11-337N6.3	SRR12774668	2.1068303497080514
RP11-337N6.3	SRR12774669	1.0186226106952725
RP11-337N6.3	SRR12774670	1.0491130199238774
RP11-337N6.3	SRR12774671	5.242327782615814
RP11-337N6.3	SRR12774672	8.049550750277435
RP11-337N6.3	SRR12774673	5.0717804567612
RP11-337N6.3	SRR12774674	1.0244413045784626
RP11-337N6.3	SRR12774675	2.069304185161144
RP11-337N6.3	SRR12774676	11.07210246874515
RP11-337N6.3	SRR12774677	2.0219519165450515
RP11-337N6.3	SRR12774678	2.087769418455673
RP11-337N6.3	SRR12774679	6.1404879498633305
RP11-337N6.3	SRR12774680	3.0427237572858683
RP11-337N6.3	SRR12774681	3.026190131613477
RP11-337N6.3	SRR12774682	3.031958135534975
RP11-337N6.3	SRR12774683	6.0428789065627395
RP11-337N6.3	SRR12774684	8.04231115779427
RP11-337N6.3	SRR12774685	4.02955784887945
RP11-337N6.3	SRR12774686	4.072673335256229
RP11-337N6.3	SRR12774687	1.0294604238537992
RP11-337N6.3	SRR1609360	3.1488374365387766
RP11-337N6.3	SRR1609361	4.1057692736917595
RP11-337N6.3	SRR1609362	3.2055003940239235
RP11-337N6.3	SRR1609363	4.029735537198075
RP11-337N6.3	SRR1609364	7.061236746401945
RP11-337N6.3	SRR1609365	8.117071863811507
RP11-337N6.3	SRR1609366	2.0115129852832223
RP11-337N6.3	SRR1609367	5.01366383560814
RP11-337N6.3	SRR1609368	4.022611878597814
RP11-337N6.3	SRR1609369	3.0026996847142975
RP11-337N6.3	SRR1609370	5.01043142708063
RP11-337N6.3	SRR1609371	4.121985603106602
RP11-337N6.3	SRR1609372	6.004950996409842
RP11-337N6.3	SRR1609373	3.0226837664965314
RP11-337N6.3	SRR1609374	4.010509005929549
RP11-337N6.3	SRR1609375	3.0199944401518444
RP11-337N6.3	SRR1609376	11.178898792105988
RP11-337N6.3	SRR1609377	3.0161432745349903
RP11-337N6.3	SRR1609378	7.1244100634086625
RP11-337N6.3	SRR1609379	4.007324897229754
RP11-337N6.3	SRR1609380	1.0160023979140944
RP11-337N6.3	SRR1609381	7.005038958135776
RP11-337N6.3	SRR1609382	7.1018847037732815
RP11-337N6.3	SRR1609383	1.010526926308581
RP11-337N6.3	SRR1609384	3.029637285642194
RP11-337N6.3	SRR1609385	5.03743727696593
RP11-337N6.3	SRR1609386	2.0135965690314332
RP11-337N6.3	SRR1609387	6.045641395081861
RP11-337N6.3	SRR1609388	3.0391116157423523
RP11-337N6.3	SRR1609389	3.007606802598107
RP11-337N6.3	SRR1609390	5.0658039346259836
RP11-337N6.3	SRR1609391	1.0643168557255298
RP11-337N6.3	SRR1609392	4.06318054108987
RP11-337N6.3	SRR1609393	5.225800764950599
RP11-337N6.3	SRR1609394	2.056818672238388
RP11-337N6.3	SRR1609395	4.022492638480282
RP11-337N6.3	SRR1609396	6.006827697001689
RP11-337N6.3	SRR1609397	2.0298806576181727
RP11-337N6.3	SRR1609398	2.009438036189931
RP11-337N6.3	SRR1609399	4.015471884940299
RP11-337N6.3	SRR1609400	3.006657448477487
RP11-337N6.3	SRR1609401	3.032402039567738
RP11-337N6.3	SRR1609402	8.035951943688556
RP11-337N6.3	SRR1609403	4.01302910913408
RP11-337N6.3	SRR1609404	6.073293585616812
RP11-337N6.3	SRR1609405	7.047795433861528
RP11-337N6.3	SRR1609406	2.0081956917187083
RP11-337N6.3	SRR1609407	5.012121296284837
RP11-337N6.3	SRR1609408	6.047278313815064
RP11-337N6.3	SRR1609409	5.096418140717704
RP11-337N6.3	SRR1609410	5
RP11-337N6.3	SRR1609411	3.1604452333342863
RP11-337N6.3	SRR1609412	11
RP11-337N6.3	SRR1609413	9.620760097549235
RP11-337N6.3	SRR1609414	2.003302026071308
RP11-337N6.3	SRR1609415	4.000719656924175
RP11-337N6.3	SRR1609416	4.010876816663404
RP11-337N6.3	SRR1609417	9.061586778807042
RP11-337N6.3	SRR1609418	8.011632475873547
RP11-337N6.3	SRR1609419	3.014718962441202
RP11-337N6.3	SRR1609420	4.019108829257083
RP11-337N6.3	SRR1609421	4.025972930667917
RP11-337N6.3	SRR1609422	4.068002983197386
RP11-337N6.3	SRR1609423	2.1086267322693293
RP11-337N6.3	SRR1609424	1.0793326783308919
RP11-337N6.3	SRR1609425	5.00825506517827
RP11-337N6.3	SRR1609426	2.0095523586449935
RP11-337N6.3	SRR1609427	11.05855154051867
RP11-337N6.3	SRR1609428	6.052351959413801
RP11-337N6.3	SRR1609429	3.0038720632094233
RP11-337N6.3	SRR1609430	5.020884617095447
RP11-337N6.3	SRR1609431	4.030338518447703
RP11-337N6.3	SRR1609432	5.007728056136569
RP11-337N6.3	SRR1609433	5.042456749431169
RP11-337N6.3	SRR1609434	6.091704675023052
RP11-337N6.3	SRR1609435	3.013839880339073
RP11-337N6.3	SRR1609436	2.0065481643688963
RP11-337N6.3	SRR1609437	2.0443256573171875
RP11-337N6.3	SRR1609438	1.0325930752618184
RP11-337N6.3	SRR1609439	3.045131602924159
RP11-337N6.3	SRR1609440	7.018058662360862
RP11-337N6.3	SRR1609441	4.009066299998424
RP11-337N6.3	SRR1609442	5.037048220530306
RP11-337N6.3	SRR1609443	6.053493914947506
RP11-337N6.3	SRR1609444	8.00431871845077
RP11-337N6.3	SRR1609445	4.014118042549502
RP11-337N6.3	SRR1609446	3.034287779021886
RP11-337N6.3	SRR1609447	1.2343308859580486
RP11-337N6.3	SRR1609448	3.026655320210478
RP11-337N6.3	SRR1609449	5.012524773235432
RP11-337N6.3	SRR1609450	3.006258856248378
RP11-337N6.3	SRR1609451	4.052631268512764
RP11-337N6.3	SRR1609452	1.2640053263343127
RP11-337N6.3	SRR1609453	7.012892870374697
RP11-337N6.3	SRR1609454	2.032799546921487
RP11-337N6.3	SRR1609455	2.504688699222116
RP11-337N6.3	SRR1609456	4.019582696114516
RP11-337N6.3	SRR1609457	8.053564694146365
RP11-337N6.3	SRR1609458	1.240929610314354
RP11-337N6.3	SRR1609459	5.0195699506140095
RP11-337N6.3	SRR1609460	5.0494948563430215
RP11-337N6.3	SRR1609461	7.011963171980514
RP11-337N6.3	SRR1609462	3.0112222288085944
RP11-337N6.3	SRR1609463	7.046230585485747
RP11-337N6.3	SRR1609464	4.045963209699796
RP11-337N6.3	SRR1609465	2.0245549693768075
RP11-337N6.3	SRR1609466	3.3649282823536364
RP11-337N6.3	SRR1609467	5.060770374471959
RP11-337N6.3	SRR1609468	5.008629017679065
RP11-337N6.3	SRR1609469	12.002158970772523
RP11-337N6.3	SRR1609470	2.009704462477354
RP11-337N6.3	SRR1609471	8.017154577266513
RP11-337N6.3	SRR1609472	3.2620959015876383
RP11-337N6.3	SRR1609473	5.290487632492292
RP11-337N6.3	SRR1609474	4.0103700182386515
RP11-337N6.3	SRR1609475	6.1330747021278365
RP11-337N6.3	SRR1609476	6.667105698722488
RP11-337N6.3	SRR1609477	3.017186971638407
RP11-337N6.3	SRR1609478	3.0698390775617117
RP11-337N6.3	SRR1609479	3.031942978004204
RP11-337N6.3	SRR1609480	6
RP11-337N6.3	SRR1609481	8.084974539971517
RP11-337N6.3	SRR1609482	3.011130179632835
RP11-337N6.3	SRR1609483	4.0184531737854305
RP11-337N6.3	SRR1609484	4.032280722393247
RP11-337N6.3	SRR1609485	4.003599579619063
RP11-337N6.3	SRR1609486	2.0065481643688963
RP11-337N6.3	SRR1609487	3.011988870595703
RP11-337N6.3	SRR1609488	3.0043206615306097
RP11-337N6.3	SRR1609489	7.01553404644747
RP11-337N6.3	SRR1609490	1.0168440470363254
RP11-337N6.3	SRR1609491	5.017938154826352
RP11-337N6.3	SRR1609492	8
RP11-337N6.3	SRR1609493	6.027413974431878
RP11-337N6.3	SRR1609494	3.0179427967635273
RP11-337N6.3	SRR1609495	8.018132599996848
RP11-337N6.3	SRR1609496	4.003599579619063
RP11-337N6.3	SRR1609497	3.0026996847142975
RP11-337N6.3	SRR1609498	4.001439443324872
RP11-337N6.3	SRR1609499	7.014818431855544
RP11-337N6.3	SRR1609500	8.013806428286504
RP11-337N6.3	SRR1609501	14.018069628310641
RP11-337N6.3	SRR1609502	3.039370739304958
RP11-337N6.3	SRR1609503	1.2577312251671255
RP11-337N6.3	SRR1609504	11
RP11-337N6.3	SRR1609505	4
RP11-337N6.3	SRR1609506	4.079987946807588
RP11-337N6.3	SRR1609507	10.06166035031817
RP11-337N6.3	SRR1609508	8.00431871845077
RP11-337N6.3	SRR1609509	6.038533198566942
RP11-337N6.3	SRR1609510	8.045585973675093
RP11-337N6.3	SRR1609511	2.075038166264333
RP11-337N6.3	SRR1609512	2.006787491838464
RP11-337N6.3	SRR1609513	4.0130420476273905
RP11-337N6.3	SRR1609514	3.149415655796775
RP11-337N6.3	SRR1609515	4.007923351219644
RP11-337N6.3	SRR1609516	11.046248213798776
RP11-337N6.3	SRR1609517	6.138153547890133
RP11-337N6.3	SRR1609518	3.004861181572238
RP11-337N6.3	SRR1609519	8.013806428286504
RP11-337N6.3	SRR1609520	1.0793712363413515
RP11-337N6.3	SRR1609521	4.0067136144682625
RP11-337N6.3	SRR1609522	4.097888588017959
RP11-337N6.3	SRR1609523	5.023970188372721
RP11-337N6.3	SRR1609524	2.0338014782818665
RP11-337N6.3	SRR1609525	3.0166442344106406
RP11-337N6.3	SRR1609526	2.04137445195795
RP11-337N6.3	SRR1609527	9
RP11-337N6.3	SRR1609528	10.089020059058134
RP11-337N6.3	SRR1609529	5.130808841438321
RP11-337N6.3	SRR1609530	2.0097857988926715
RP11-337N6.3	SRR1609531	5.019211363740068
RP11-337N6.3	SRR1609532	4.029528387222713
RP11-337N6.3	SRR1609533	2.0776421017853592
RP11-337N6.3	SRR1609534	7.009226479252441
RP11-337N6.3	SRR1609535	3.134399815912085
RP11-337N6.3	SRR1609536	4.044741991138313
RP11-337N6.3	SRR1609537	2.007754125968094
RP11-337N6.3	SRR1609538	7
RP11-337N6.3	SRR1609539	7.043688138592932
RP11-337N6.3	SRR1609540	8
RP11-337N6.3	SRR1609541	3.3017960339913426
RP11-337N6.3	SRR1609542	4.009488210726242
RP11-337N6.3	SRR1609543	12.025035424993511
RP11-337N6.3	SRR1609544	1.005937378799828
RP11-337N6.3	SRR1609545	1.684951139695944
RP11-337N6.3	SRR1609546	9
RP11-337N6.3	SRR1609547	5.026085395646898
RP11-337N6.3	SRR1609548	2.0369723064394774
RP11-337N6.3	SRR1609549	2.021718442600423
RP11-337N6.3	SRR1609550	11
RP11-337N6.3	SRR1609551	3.035230581840084
RP11-337N6.3	SRR1609552	3.013706987215939
RP11-337N6.3	SRR1609553	9.023921112959167
RP11-337N6.3	SRR1609554	2.0184283376847767
RP11-337N6.3	SRR1609555	3.0106805645299093
RP11-337N6.3	SRR1609556	5.113014174295424
RP11-337N6.3	SRR1609557	4.025377294696663
RP11-337N6.3	SRR1609558	7.030385362618546
RP11-337N6.3	SRR1609559	2.085862615029333
RP11-337N6.3	SRR1609560	5.037101288782333
RP11-337N6.3	SRR1609561	5.01305228707956
RP11-337N6.3	SRR1609562	10.010052287584692
RP11-337N6.3	SRR1609563	3.013431502879688
RP11-337N6.3	SRR1609564	4.003831451744257
RP11-337N6.3	SRR1609565	3.0764933530376783
RP11-337N6.3	SRR1609566	7.023657661269213
RP11-337N6.3	SRR1609567	1.258890072207468
RP11-337N6.3	SRR1609568	5
RP11-337N6.3	SRR1609569	7
RP11-337N6.3	SRR1609570	4.072428483124546
RP11-337N6.3	SRR1609571	2.049103289362951
RP11-337N6.3	SRR1609572	3.0406004348256834
RP11-337N6.3	SRR1609573	1.020175146030604
RP11-337N6.3	SRR1609574	6.031467403358491
RP11-337N6.3	SRR1609575	2.1473997193950134
RP11-337N6.3	SRR1609576	7.028188874049792
RP11-337N6.3	SRR1609577	2.008470162484973
RP11-337N6.3	SRR1609578	6.010702916402184
RP11-337N6.3	SRR1609579	8.054632495841833
RP11-337N6.3	SRR1609580	1.0077765856207708
RP11-337N6.3	SRR1609581	3.126513091520229
RP11-337N6.3	SRR1609582	2.016893171624546
RP11-337N6.3	SRR1609583	6.2174721120627146
RP11-337N6.3	SRR1609584	8.016556003286917
RP11-337N6.3	SRR1609585	4.003599579619063
RP11-337N6.3	SRR1609586	2.1572497533725854
RP11-337N6.3	SRR1609587	10.122488401775971
RP11-337N6.3	SRR1609588	4.056098164043874
RP11-337N6.3	SRR1609589	6.015947408639445
RP11-337N6.3	SRR1609590	5.00179930415609
RP11-337N6.3	SRR1609591	4.0130963287377925
RP11-337N6.3	SRR1609592	4.027716587288293
RP11-337N6.3	SRR1609593	5.027947357029904
RP11-337N6.3	SRR1609594	2.0512963439221767
RP11-337N6.3	SRR1609595	6.1504319541167325
RP11-337N6.3	SRR1609596	6.015763508894325
RP11-337N6.3	SRR1609597	6.025410487454919
RP11-337N6.3	SRR1609598	4.111811283293764
RP11-337N6.3	SRR1609599	2.0430524826128345
RP11-337N6.3	SRR1609600	2.062572226649056
RP11-337N6.3	SRR1609601	2.0567471607067103
RP11-337N6.3	SRR1609602	1.1633952247111359
RP11-337N6.3	SRR1609603	8
RP11-337N6.3	SRR1609604	4.02840905814421
RP11-337N6.3	SRR1609605	3.0232559466872915
RP11-337N6.3	SRR1609606	4.065360642840904
RP11-337N6.3	SRR1609607	7.035468876826043
RP11-337N6.3	SRR1609608	4.082638420276563
RP11-337N6.3	SRR1609609	2.0664129998227456
RP11-337N6.3	SRR1609610	5
RP11-337N6.3	SRR1609611	3.052191596063675
RP11-337N6.3	SRR1609612	4.009365645848272
RP11-337N6.3	SRR1609613	3.0026996847142975
RP11-337N6.3	SRR1609614	2.023769833961579
RP11-337N6.3	SRR1609615	9.028792584785272
RP11-337N6.3	SRR1609616	14
RP11-337N6.3	SRR1609617	9
RP11-337N6.3	SRR1609618	4.012919374113214
RP11-337N6.3	SRR1609619	4.014650264269253
RP11-337N6.3	SRR1609620	2.025675432378269
RP11-337N6.3	SRR1609621	6.052572279546241
RP11-337N6.3	SRR1609622	1.0397207257794516
RP11-337N6.3	SRR1609623	6.1164894257476465
RP11-337N6.3	SRR1609624	2.4673392840574664
RP11-337N6.3	SRR1609625	5.008101969287063
RP11-337N6.3	SRR1609626	5.039789494851183
RP11-337N6.3	SRR1609627	3.0167364521490883
RP11-337N6.3	SRR1609628	6.011519242046963
RP11-337N6.3	SRR1609629	4.066512060381804
RP11-337N6.3	SRR1609630	6.017029763191469
RP11-337N6.3	SRR1609631	4
RP11-337N6.3	SRR1609632	6
RP11-337N6.3	SRR1609633	13.047655425965436
RP11-337N6.3	SRR1609634	5.042010595391324
RP11-337N6.3	SRR1609635	2.0505916677856115
RP11-337N6.3	SRR1609636	6.204190356843398
RP11-337N6.3	SRR1609637	2.008279570882634
RP11-337N6.3	SRR1609638	3.0749851473652403
RP11-337N6.3	SRR1609639	5.027947357029904
RP11-337N6.3	SRR1609640	6.001079485386262
RP11-337N6.3	SRR1609641	3.0008555169437803
RP11-337N6.3	SRR1609642	8
RP11-337N6.3	SRR1609643	2.0245549693768075
RP11-337N6.3	SRR1609644	3.0032399131191276
RP11-337N6.3	SRR1609645	2.006459687056607
RP11-337N6.3	SRR1609646	5.01199731490057
RP11-337N6.3	SRR1609647	3.063894891424652
RP11-337N6.3	SRR1609648	3.0109679132660636
RP11-337N6.3	SRR1609649	6.050082184671977
RP11-337N6.3	SRR1609650	3.022569088292941
RP11-337N6.3	SRR1609651	2.006909170938941
RP11-337N6.3	SRR1609652	9.032439972597617
RP11-337N6.3	SRR1609653	2.102277488876203
RP11-337N6.3	SRR1609654	1.0351447830852243
RP11-337N6.3	SRR1609655	7.048160081630035
RP11-337N6.3	SRR1609656	9.13195555724515
RP11-337N6.3	SRR1609657	3.0398118413684165
RP11-337N6.3	SRR1609658	3.0610885230700777
RP11-337N6.3	SRR1609659	6.048401582808467
RP11-337N6.3	SRR1609660	4.015795131377398
RP11-337N6.3	SRR1609661	2.002969774836743
RP11-337N6.3	SRR1609662	4.018876072379862
RP11-337N6.3	SRR1609663	5.013342622580001
RP11-337N6.3	SRR1609664	4.02942285933968
RP11-337N6.3	SRR1609665	7
RP11-337N6.3	SRR1609666	6.101358132401831
RP11-337N6.3	SRR1609667	7.0209164043095535
RP11-337N6.3	SRR1609668	5.631872623083315
RP11-337N6.3	SRR1609669	3.0592754595896
RP11-337N6.3	SRR1746771	16.292520595776526
RP11-337N6.3	SRR1746772	10.61128012696695
RP11-337N6.3	SRR1746773	17.582180088002044
RP11-337N6.3	SRR1746774	13.950269861058686
RP11-337N6.3	SRR1746775	11.319034595294992
RP11-337N6.3	SRR1746776	6.585357226451389
RP11-337N6.3	SRR1746777	16.569816190389375
RP11-337N6.3	SRR1746778	11.882053177486577
RP11-337N6.3	SRR1746779	14.941434187638121
RP11-337N6.3	SRR1746780	16.415932847228245
RP11-337N6.3	SRR1746781	11.05980357515793
RP11-337N6.3	SRR1746782	5.022844978693231
RP11-337N6.3	SRR1746783	19
RP11-337N6.3	SRR1746784	21
RP11-337N6.3	SRR1782685	4.06548052617215
RP11-337N6.3	SRR1782686	4.098074027135869
RP11-337N6.3	SRR1782687	10.124456809155273
RP11-337N6.3	SRR1782688	2.0338872470326437
RP11-337N6.3	SRR1782689	4.072915667875915
RP11-337N6.3	SRR1782690	4.0837927886375684
RP11-337N6.3	SRR1782691	4.007202398481485
RP11-337N6.3	SRR1782692	5.041982664401754
RP11-337N6.3	SRR1782693	6.054933681354432
RP11-337N6.3	SRR1782694	11.179131037025485
RP11-337N6.3	SRR1782695	7.005038958135776
RP11-337N6.3	SRR1782696	2.0068142074955513
RP11-337N6.3	SRR1782697	3.0266838882985105
RP11-337N6.3	SRR1782698	5.010584594182531
RP11-337N6.3	SRR1782699	6.1498690824528195
RP11-337N6.3	SRR1782700	3.0232800917616607
RP11-337N6.3	SRR1782701	10.0637782229101
RP11-337N6.3	SRR1782702	2.0216779406141923
RP11-337N6.3	SRR1782703	4.015795131377398
RP11-337N6.3	SRR1782704	1.0159997238820426
RP11-337N6.3	SRR1782705	2.049255843341046
RP11-337N6.3	SRR1782706	4.010319235634778
RP11-337N6.3	SRR1782707	3.011695977362865
RP11-337N6.3	SRR1782708	3.1614064460434634
RP11-337N6.3	SRR1782709	1.0501361936915201
RP11-337N6.3	SRR1782710	11
RP11-337N6.3	SRR1782711	4.046593767311506
RP11-337N6.3	SRR1782712	6.072763244206865
RP11-337N6.3	SRR1782713	6.1331446808670025
RP11-337N6.3	SRR1782714	3.2619791934459914
RP11-337N6.3	SRR1782715	3.007514863941259
RP11-337N6.3	SRR1782716	6.090976534043598
RP11-337N6.3	SRR1782717	6.004950996409842
RP11-337N6.3	SRR1782718	8.117515799582927
RP11-337N6.3	SRR1782719	5.037070283804621
RP11-337N6.3	SRR1782720	7.124450276408039
RP11-337N6.3	SRR1782721	3.365278052978372
RP11-337N6.3	SRR1782722	3.0026996847142975
RP11-337N6.3	SRR1782723	3.006799724998818
RP11-337N6.3	SRR1782724	3.034722239820813
RP11-337N6.3	SRR1782725	3.207297816475087
RP11-337N6.3	SRR1782726	6.04608924404418
RP11-337N6.3	SRR1782727	8
RP11-337N6.3	SRR1782728	4.122714085284291
RP11-337N6.3	SRR1782729	9.547105140749295
RP11-337N6.3	SRR1782730	7.010081543571422
RP11-337N6.3	SRR1782731	2.065800769360774
RP11-337N6.3	SRR1782732	1.0797441103980587
RP11-337N6.3	SRR1782733	5.049632936970057
RP11-337N6.3	SRR1782734	6.038057423167481
RP11-337N6.3	SRR1782735	3.014106566973823
RP11-337N6.3	SRR1782736	2.03743979153938
RP11-337N6.3	SRR1782737	5.0083920180853285
RP11-337N6.3	SRR1782738	3.149701482955299
RP11-337N6.3	SRR1782739	1.0105217483060531
RP11-337N6.3	SRR1782740	2.02409338857812
RP11-337N6.3	SRR1782741	2.109360200553903
RP11-337N6.3	SRR1782742	11
RP11-337N6.3	SRR1782743	3.0061262974051024
RP11-337N6.3	SRR1782744	4.020238535880339
RP11-337N6.3	SRR1782745	2.0246854072331923
RP11-337N6.3	SRR1782746	1.0203040710648652
RP11-337N6.3	SRR1782747	4.030480918769103
RP11-337N6.3	SRR1782748	2.030059894316004
RP11-337N6.3	SRR1782749	3.0392287927474473
RP11-337N6.3	SRR1782750	3.0042267201507307
RP11-337N6.3	SRR1782751	4.063581943748575
RP11-337N6.3	SRR1782752	7.048018882699183
RP11-337N6.3	SRR1782753	4.004252811561096
RP11-337N6.3	SRR1782754	5.042840393719608
RP11-337N6.3	SRR1782755	6.016561123704446
RP11-337N6.3	SRR1782756	5.228190841919801
RP11-337N6.3	SRR1782757	5.007354170903049
RP11-337N6.3	SRR1782758	2.0036011992407423
RP11-337N6.3	SRR1782759	7.031318263778486
RP11-337N6.3	SRR1782760	7.10183277914602
RP11-337N6.3	SRR1782761	6.743101057617226
RP11-337N6.3	SRR1782762	1.0649255307900556
RP11-337N6.3	SRR1782763	4.022124940585535
RP11-337N6.3	SRR1782764	6.007295578336671
RP11-337N6.3	SRR1782765	4.013219007661408
RP11-337N6.3	SRR1782766	3.032548151973155
RP11-337N6.3	SRR1782767	3.0298092471683025
RP11-337N6.3	SRR1782768	3.019999969993285
RP11-337N6.3	SRR1782769	7.061043659100401
RP11-337N6.3	SRR1782770	2.0094847717658997
RP11-337N6.3	SRR1782771	2.0136584924325094
RP11-337N6.3	SRR1782772	3.0163969525715792
RP11-337N6.3	SRR1782773	8.035326059399322
RP11-337N6.3	SRR1782774	4.010209574714553
RP11-337N6.3	SRR1782775	3.060917160898382
RP11-337N6.3	SRR1782776	8.121864761195443
RP11-337N6.3	SRR1782777	4.000719656924175
RP11-337N6.3	SRR1782778	6.011151718900833
RP11-337N6.3	SRR1782779	2.0568581033138913
RP11-337N6.3	SRR1782780	3.0394410561463308
RP11-337N6.3	SRR1782781	1.0353590447332954
RP11-337N6.3	SRR1782782	2.041712884159413
RP11-337N6.3	SRR1782783	7.045046671916212
RP11-337N6.3	SRR1782784	2.0068478223166966
RP11-337N6.3	SRR1782785	12.01295965247651
RP11-337N6.3	SRR1782786	2.050818238753927
RP11-337N6.3	SRR1782787	9
RP11-337N6.3	SRR1782788	9.034189879480238
RP11-337N6.3	SRR1782789	3.0521305275037145
RP11-337N6.3	SRR1782790	5.0283922666513785
RP11-337N6.3	SRR1782791	1.0060164756728647
RP11-337N6.3	SRR1782792	4.027686460082427
RP11-337N6.3	SRR1782793	2.0750307773925294
RP11-337N6.3	SRR1782794	8.055368840797653
RP11-337N6.3	SRR1782795	2.042906366155005
RP11-337N6.3	SRR1782796	1.0800775530816074
RP11-337N6.3	SRR1782797	2.0514086787522423
RP11-337N6.3	SRR1782798	3.0590810061696194
RP11-337N6.3	SRR1782799	3.004861181572238
RP11-337N6.3	SRR1782800	6.0108035977222265
RP11-337N6.3	SRR1782801	2.011246319240141
RP11-337N6.3	SRR1782802	3.0223940435822696
RP11-337N6.3	SRR1782803	7.025970419143282
RP11-337N6.3	SRR1782804	5.013761720017234
RP11-337N6.3	SRR1782805	4.007202398481485
RP11-337N6.3	SRR1782806	5.0135960208292545
RP11-337N6.3	SRR1782807	3.1070984120261516
RP11-337N6.3	SRR1782808	2.053654041657056
RP11-337N6.3	SRR1782809	7.0962691034191945
RP11-337N6.3	SRR1782810	1.0169339604032894
RP11-337N6.3	SRR1782811	7.02206194515759
RP11-337N6.3	SRR1782812	5.064237864240991
RP11-337N6.3	SRR1782813	4.02526636252875
RP11-337N6.3	SRR1782814	4.052704077131982
RP11-337N6.3	SRR1782815	4.249983363482248
RP11-337N6.3	SRR1782816	8.00431871845077
RP11-337N6.3	SRR1782817	2.0071817333073967
RP11-337N6.3	SRR1782818	4.056278210742193
RP11-337N6.3	SRR1782819	4.1122664391454675
RP11-337N6.3	SRR1782820	6.216370858570461
RP11-337N6.3	SRR1782821	5.01366383560814
RP11-337N6.3	SRR1782822	4.032127980114116
RP11-337N6.3	SRR1782823	3.011631188952141
RP11-337N6.3	SRR1782824	3.017279205968138
RP11-337N6.3	SRR1782825	3.0175461969396196
RP11-337N6.3	SRR1782826	9.062566976869205
RP11-337N6.3	SRR1782827	3.0406978011147663
RP11-337N6.3	SRR1782828	3
RP11-337N6.3	SRR1782829	6
RP11-337N6.3	SRR1782830	1.0394926725314855
RP11-337N6.3	SRR1782831	2.147838845102731
RP11-337N6.3	SRR1782832	1.0329184392097017
RP11-337N6.3	SRR1782833	3.069998448069367
RP11-337N6.3	SRR1782834	12.002158970772523
RP11-337N6.3	SRR1782835	1.115615765911128
RP11-337N6.3	SRR1782836	8.905114168096377
RP11-337N6.3	SRR1782837	5.140667353284164
RP11-337N6.3	SRR1782838	3.0402052729745574
RP11-337N6.3	SRR1782839	1.014242485141271
RP11-337N6.3	SRR1782840	6.05151591607433
RP11-337N6.3	SRR1782841	3.045804840474119
RP11-337N6.3	SRR1782842	5
RP11-337N6.3	SRR1782843	3.074667931135144
RP11-337N6.3	SRR1782844	3.0008555169437803
RP11-337N6.3	SRR1782845	6.115160654641282
RP11-337N6.3	SRR1782846	3.01680223398547
RP11-337N6.3	SRR1782847	1.2341754014728283
RP11-337N6.3	SRR1782848	2.4679248494336052
RP11-337N6.3	SRR1782849	1.2407817669595906
RP11-337N6.3	SRR1782850	2.5047808348424283
RP11-337N6.3	SRR1782851	1.2640085575608608
RP11-337N6.3	SRR1782852	1.264344673893091
RP11-337N6.3	SRR1782853	1.2591344565382891
RP11-337N6.3	SRR1782854	7.022918575291137
RP11-337N6.3	SRR1782855	4.009648625389459
RP11-337N6.3	SRR1782856	5.026720850275464
RP11-337N6.3	SRR1782857	5.036127086056507
RP11-337N6.3	SRR1782858	4.004319884158837
RP11-337N6.3	SRR1782859	5.008101969287063
RP11-337N6.3	SRR1782860	4.009066299998424
RP11-337N6.3	SRR1782861	7.0130991443475805
RP11-337N6.3	SRR1782862	4.018876072379862
RP11-337N6.3	SRR1782863	7.018605310079352
RP11-337N6.3	SRR1782864	5.066082475441236
RP11-337N6.3	SRR1782865	5.021413010722434
RP11-337N6.3	SRR1782866	4.014118042549502
RP11-337N6.3	SRR1782867	4.068218019632213
RP11-337N6.3	SRR1782868	4.014663207989365
RP11-337N6.3	SRR1782869	2.0070254029160113
RP11-337N6.3	SRR1782870	5.012524773235432
RP11-337N6.3	SRR1782871	11.059192006628297
RP11-337N6.3	SRR1782872	4.011116793216188
RP11-337N6.3	SRR1782873	2.009342953085046
RP11-337N6.3	SRR1782874	4.0260097382482565
RP11-337N6.3	SRR1782875	7.036304456587711
RP11-337N6.3	SRR1782876	4.015930840609548
RP11-337N6.3	SRR1782877	6.020543466950089
RP11-337N6.3	SRR1782878	5.040282727243603
RP11-337N6.3	SRR1782879	9.133258169550121
RP11-337N6.3	SRR1782880	11.046621509202103
RP11-337N6.3	SRR1782881	2.0083538468381787
RP11-337N6.3	SRR1782882	3.010588531912127
RP11-337N6.3	SRR1782883	8.014649794459508
RP11-337N6.3	SRR1782884	7.005038958135776
RP11-337N6.3	SRR1782885	8
RP11-337N6.3	SRR1782886	3.01671439562151
RP11-337N6.3	SRR1782887	10.009304920576113
RP11-337N6.3	SRR1782888	4.013138847155696
RP11-337N6.3	SRR1782889	7.030503123966688
RP11-337N6.3	SRR1782890	2.003091222454628
RP11-337N6.3	SRR1782891	3.002159553486761
RP11-337N6.3	SRR1782892	8.014868958534445
RP11-337N6.3	SRR1782893	7.0274493112609155
RP11-337N6.3	SRR1782894	4.046372464665467
RP11-337N6.3	SRR1782895	5.018550299388059
RP11-337N6.3	SRR1782896	7.015127758918056
RP11-337N6.3	SRR1782897	9.025268745540252
RP11-337N6.3	SRR1782898	4.009066299998424
RP11-337N6.3	SRR1782899	2.007586041594286
RP11-337N6.3	SRR1782900	4.004319884158837
RP11-337N6.3	SRR1782901	4.004020915033877
RP11-337N6.3	SRR1782902	5
RP11-337N6.3	SRR1782903	6.01531436207183
RP11-337N6.3	SRR1782904	8
RP11-337N6.3	SRR1782905	8.016935350692052
RP11-337N6.3	SRR1782906	4.0256887990446275
RP11-337N6.3	SRR1782907	2.009815613847384
RP11-337N6.3	SRR1782908	8.024748890949551
RP11-337N6.3	SRR1782909	4.013818341877882
RP11-337N6.3	SRR1782910	5
RP11-337N6.3	SRR1782911	4.028162775380846
RP11-337N6.3	SRR1782912	6.674640348774445
RP11-337N6.3	SRR1782913	8
RP11-337N6.3	SRR1782914	5.014038191966806
RP11-337N6.3	SRR1782915	7
RP11-337N6.3	SRR1782916	8.08695660174516
RP11-337N6.3	SRR1782917	5.016196564226204
RP11-337N6.3	SRR1782918	7.007559797277965
RP11-337N6.3	SRR1782919	2
RP11-337N6.3	SRR1782920	3.0032399131191276
RP11-337N6.3	SRR1782921	7.014603997912882
RP11-337N6.3	SRR1782922	1.1868611598736958
RP11-337N6.3	SRR1782923	3.016916693390921
RP11-337N6.3	SRR1782924	2.0103727018822033
RP11-337N6.3	SRR1782925	4.014211403039025
RP11-337N6.3	SRR1782926	3.022302538107057
RP11-337N6.3	SRR1782927	3.008739519049101
RP11-337N6.3	SRR1782928	2.0145947525752916
RP11-337N6.3	SRR1782929	5.043858917610754
RP11-337N6.3	SRR1782930	8.023524784896727
RP11-337N6.3	SRR1782931	5.01366383560814
RP11-337N6.3	SRR1782932	12.045016529818867
RP11-337N6.3	SRR1782933	6.392398265092583
RP11-337N6.3	SRR1782934	8.047525486496864
RP11-337N6.3	SRR1782935	5.022760845739193
RP11-337N6.3	SRR1782936	5.129861249494035
RP11-337N6.3	SRR1782937	6.047784619879939
RP11-337N6.3	SRR1782938	1.258100037900621
RP11-337N6.3	SRR1782939	5.0239554620116005
RP11-337N6.3	SRR1782940	6.016031828011842
RP11-337N6.3	SRR1782941	1.0079259217617345
RP11-337N6.3	SRR1782942	3.012080946021339
RP11-337N6.3	SRR1782943	3.0141570542848966
RP11-337N6.3	SRR1782944	14.018452958504882
RP11-337N6.3	SRR1782945	6.032286549069981
RP11-337N6.3	SRR1782946	12.025933301002382
RP11-337N6.3	SRR1782947	8.017154577266513
RP11-337N6.3	SRR1782948	7
RP11-337N6.3	SRR1782949	5.012608734731772
RP11-337N6.3	SRR1782950	7
RP11-337N6.3	SRR1782951	4.01345143690456
RP11-337N6.3	SRR1782952	1.6969867819417672
RP11-337N6.3	SRR1782953	4.007624113053891
RP11-337N6.3	SRR1782954	5.632082669332761
RP11-337N6.3	SRR1782955	6.2055247391202375
RP11-337N6.3	SRR1782956	4.0611364500153675
RP11-337N6.3	SRR1782957	3.059357759837797
RP11-337N6.3	SRR1782958	5.027740390684401
RP11-337N6.3	SRR1782959	5.292957697535445
RP11-337N6.3	SRR1782960	4
RP11-337N6.3	SRR1782961	3.0109679132660636
RP11-337N6.3	SRR1782962	4.029735537198075
RP11-337N6.3	SRR1782963	7.04885595298424
RP11-337N6.3	SRR1782964	4.0016711903438
RP11-337N6.3	SRR1782965	7.02206194515759
RP11-337N6.3	SRR1782966	15
RP11-337N6.3	SRR1782967	10.041326449528038
RP11-337N6.3	SRR1782968	7.007559797277965
RP11-337N6.3	SRR1782969	2.024873616196867
RP11-337N6.3	SRR1782970	2.0256545640431005
RP11-337N6.3	SRR1782971	6.102782673265105
RP11-337N6.3	SRR1782972	4.022917140465143
RP11-337N6.3	SRR1782973	2.103491983526643
RP11-337N6.3	SRR1782974	14
RP11-337N6.3	SRR1782975	2.0802636033405415
RP11-337N6.3	SRR1782976	3.0298448504629705
RP11-337N6.3	SRR1782977	6.002159164987308
RP11-337N6.3	SRR1782978	4.0678857291232005
RP11-337N6.3	SRR1782979	3.0256074616649533
RP11-337N6.3	SRR1782980	5.00891909700182
RP11-337N6.3	SRR1782981	3.037512952894694
RP11-337N6.3	SRR1782982	4.023462322487554
RP11-337N6.3	SRR1782983	3.003015686275408
RP11-337N6.3	SRR1782984	5.00179930415609
RP11-337N6.3	SRR1782985	6.041205520290245
RP11-337N6.3	SRR1782986	7.021440636644587
RP11-337N6.3	SRR1782987	5.006453438682372
RP11-337N6.3	SRR1782988	6
RP11-337N6.3	SRR1782989	3.1309200632245027
RP11-337N6.3	SRR1782990	6.083853832584633
RP11-337N6.3	SRR1782991	2.008415241499056
RP11-337N6.3	SRR1782992	2.004893794039496
RP11-337N6.3	SRR1782993	3.064347590520348
RP11-337N6.3	SRR1782994	11
RP11-337N6.3	SRR1782995	6.050948099317403
RP11-337N6.3	SRR1782996	4
RP11-337N6.3	SRR1782997	3.013564383855001
RP11-337N6.3	SRR1782998	13.048230778408952
RP11-337N6.3	SRR1782999	4.088355944078104
RP11-337N6.3	SRR1783000	2.0079171059975
RP11-337N6.3	SRR1783001	4.067715571892893
RP11-337N6.3	SRR1783002	3.171921219035432
RP11-337N6.3	SRR1783003	2
RP11-337N6.3	SRR1783004	4.018516402210175
RP11-337N6.3	SRR1783005	2.03258367201123
RP11-337N6.3	SRR1783006	6.146110034716432
RP11-337N6.3	SRR1813867	3.1532359860290478
RP11-337N6.3	SRR1813868	1.0200170572585177
RP11-337N6.3	SRR1813869	6.0635171885264
RP11-337N6.3	SRR1813870	22.065023621409594
RP11-337N6.3	SRR1813871	8.466739135328837
RP11-337N6.3	SRR1813872	8.38985280713538
RP11-337N6.3	SRR1813873	13.621795500443064
RP11-337N6.3	SRR1813874	6.065422778299019
RP11-337N6.3	SRR1813875	8
RP11-337N6.3	SRR1813876	1.0053946904725954
RP11-337N6.3	SRR1813877	11.958571876928621
RP11-337N6.3	SRR1813878	7.005038958135776
RP11-337N6.3	SRR1813879	12
RP11-337N6.3	SRR1813880	7
RP11-337N6.3	SRR1813881	4.085049974481696
RP11-337N6.3	SRR1813882	13.093848748442845
RP11-337N6.3	SRR1813883	12.010597557259398
RP11-337N6.3	SRR1813884	6.082248170131615
RP11-337N6.3	SRR1813885	4
RP11-337N6.3	SRR1813886	8.010080636583297
RP11-337N6.3	SRR1813887	3.0335056811008956
RP11-337N6.3	SRR1928188	11.089933958192464
RP11-337N6.3	SRR1928189	58.42324782468346
RP11-337N6.3	SRR1928190	49.42918091727752
RP11-337N6.3	SRR1928191	31.348639919012403
RP11-337N6.3	SRR1928192	16.20491282705588
RP11-337N6.3	SRR1928193	20.304304272386112
RP11-337N6.3	SRR2046996	12.102468866363722
RP11-337N6.3	SRR2046997	11.120879619899336
RP11-337N6.3	SRR2046998	8.160112575989254
RP11-337N6.3	SRR2046999	12.091218083969743
RP11-337N6.3	SRR2047000	16.168807891475122
RP11-337N6.3	SRR2047001	9.083730261440529
RP11-337N6.3	SRR2047002	10.186478082828579
RP11-337N6.3	SRR2047003	6.141109112665554
RP11-337N6.3	SRR2047004	10.078254990219431
RP11-337N6.3	SRR2047005	17.136613957779907
RP11-337N6.3	SRR2047006	6.090162493968871
RP11-337N6.3	SRR2047007	5.130406090389385
RP11-337N6.3	SRR2047008	6.074490169719462
RP11-337N6.3	SRR2047009	15.27550867080197
RP11-337N6.3	SRR2313973	3.0389689769271757
RP11-337N6.3	SRR2313974	2.0152498836529693
RP11-337N6.3	SRR2313975	3.031333352654605
RP11-337N6.3	SRR2313976	3.044739781957438
RP11-337N6.3	SRR2313977	5.043808755663091
RP11-337N6.3	SRR2313978	8.217087250741644
RP11-337N6.3	SRR2313979	5.052598009966673
RP11-337N6.3	SRR2313980	8.047144691619831
RP11-337N6.3	SRR2313981	5.01800169689136
RP11-337N6.3	SRR2313982	6.080219427316055
RP11-337N6.3	SRR2313983	2.034169435945661
RP11-337N6.3	SRR2313984	4.021892009037589
RP11-337N6.3	SRR2313985	1.019556072755473
RP11-337N6.3	SRR2313986	4.025020271898745
RP11-337N6.3	SRR2313987	6.020253388757166
RP11-337N6.3	SRR2313988	1.0091419637279229
RP11-337N6.3	SRR2313989	6.064846645243063
RP11-337N6.3	SRR2313990	4.063260752129257
RP11-337N6.3	SRR2313991	7.11796079372384
RP11-337N6.3	SRR2313992	5.076865379148679
RP11-337N6.3	SRR2313993	3.031517801138665
RP11-337N6.3	SRR2313994	12.26591080451589
RP11-337N6.3	SRR2313995	7.0299782150114085
RP11-337N6.3	SRR2313996	6.027229724168645
RP11-337N6.3	SRR2313997	3.0368424376312158
RP11-337N6.3	SRR2313998	2.049698598820605
RP11-337N6.3	SRR2313999	9.084865026811388
RP11-337N6.3	SRR2314000	5.043635435308176
RP11-337N6.3	SRR2314001	2.0282349493869103
RP11-337N6.3	SRR2314002	7.076251602391923
RP11-337N6.3	SRR2314003	3.066104367036132
RP11-337N6.3	SRR2314004	10.080013221818136
RP11-337N6.3	SRR2314005	4.0382877710577585
RP11-337N6.3	SRR2314006	9.173122255289417
RP11-337N6.3	SRR2314007	7.042423587310109
RP11-337N6.3	SRR2314008	11.01449875311098
RP11-337N6.3	SRR2314009	2.016585512011412
RP11-337N6.3	SRR2314010	8.053091445908485
RP11-337N6.3	SRR2314011	7.050339662263573
RP11-337N6.3	SRR2314012	5.03706446058562
RP11-337N6.3	SRR2314013	4.0480260063257205
RP11-337N6.3	SRR2314014	6.069912512825159
RP11-337N6.3	SRR2314015	2.0156544565433743
RP11-337N6.3	SRR2314016	5.016333734296999
RP11-337N6.3	SRR2314017	3.0595215440221906
RP11-337N6.3	SRR2314018	2.07565961516442
RP11-337N6.3	SRR2314019	3.0101389976868056
RP11-337N6.3	SRR2314020	1.0167059661554507
RP11-337N6.3	SRR2314021	5.025402885579788
RP11-337N6.3	SRR2314022	6.074010032894082
RP11-337N6.3	SRR2314023	4.039720557282208
RP11-337N6.3	SRR2314024	5.066517792282184
RP11-337N6.3	SRR2314025	5.025007141973647
RP11-337N6.3	SRR2314026	6.136467350395356
RP11-337N6.3	SRR2314027	5.037906905235811
RP11-337N6.3	SRR2314028	6.017295091533147
RP11-337N6.3	SRR2314029	6.014048468772407
RP11-337N6.3	SRR2314030	3.014331621942812
RP11-337N6.3	SRR2314031	6.105994607527899
RP11-337N6.3	SRR2314032	1.0178177461498867
RP11-337N6.3	SRR2314033	6.14801481433881
RP11-337N6.3	SRR2314034	2.0595926591561966
RP11-337N6.3	SRR2314035	3.142152501633343
RP11-337N6.3	SRR2314036	4.0701234243541355
RP11-337N6.3	SRR2314037	3.04175351148028
RP11-337N6.3	SRR2314038	2.0116081710751064
RP11-337N6.3	SRR2314039	1.0112464490004
RP11-337N6.3	SRR2314040	4.158464300199294
RP11-337N6.3	SRR2314041	7.053500893570169
RP11-337N6.3	SRR2314042	8.032655150916195
RP11-337N6.3	SRR2314043	5.046203929830301
RP11-337N6.3	SRR2314044	2.008511636452558
RP11-337N6.3	SRR2314045	4.03046172445891
RP11-337N6.3	SRR3493774	14
RP11-337N6.3	SRR3493775	4
RP11-337N6.3	SRR3493776	7.430245549440618
RP11-337N6.3	SRR3493777	4.002879404649015
RP11-337N6.3	SRR3493778	13
RP11-337N6.3	SRR3493779	6.021444338679667
RP11-337N6.3	SRR3493780	3.149683790499719
RP11-337N6.3	SRR3493781	22
RP11-337N6.3	SRR3493782	12.102419400075012
RP11-337N6.3	SRR3493783	10.027540149727638
RP11-337N6.3	SRR3493784	4.083239431793842
RP11-337N6.3	SRR3493785	13.011698633761956
RP11-337N6.3	SRR3493786	8.325824501808036
RP11-337N6.3	SRR3493787	10
RP11-337N6.3	SRR3493788	16
RP11-337N6.3	SRR3493789	9.164510100718358
RP11-337N6.3	SRR3493790	7
RP11-337N6.3	SRR3493791	8.011766673444878
RP11-337N6.3	SRR3493792	10.007198511622537
RP11-337N6.3	SRR3493793	5.049097215527122
RP11-337N6.3	SRR3493794	3.0093968609455715
RP11-337N6.3	SRR3493795	4.01487230382054
RP11-337N6.3	SRR3493796	5.041921789318334
RP11-337N6.3	SRR3493797	11
RP11-337N6.3	SRR3493798	4.044755031877808
RP11-337N6.3	SRR3493799	8
RP11-337N6.3	SRR3493800	7.050768656475535
RP11-337N6.3	SRR3493801	10.092141688423885
RP11-337N6.3	SRR3493802	7
RP11-337N6.3	SRR3493803	11
RP11-337N6.3	SRR3493804	7.005038958135776
RP11-337N6.3	SRR3493805	5.01199731490057
RP11-337N6.3	SRR3493806	7
RP11-337N6.3	SRR3493807	6
RP11-337N6.3	SRR3493808	9.018776568745134
RP11-337N6.3	SRR3493809	8.027037327164814
RP11-337N6.3	SRR3493810	12
RP11-337N6.3	SRR3493811	4
RP11-337N6.3	SRR3493812	9.006478660460283
RP11-337N6.3	SRR3493813	11.020966310898201
RP11-337N6.3	SRR3493814	15
RP11-337N6.3	SRR3493815	8.186022504567815
RP11-337N6.3	SRR3493816	9
RP11-337N6.3	SRR3493817	5.014565865081835
RP11-337N6.3	SRR3493818	9.032288678687433
RP11-337N6.3	SRR3493819	11
RP11-337N6.3	SRR3493820	1.1220654621967874
RP11-337N6.3	SRR3493821	8.093629683928791
RP11-337N6.3	SRR3493822	9
RP11-337N6.3	SRR3493823	9.459517510985307
RP11-337N6.3	SRR3493824	8.590378055319876
RP11-337N6.3	SRR3493825	5.006590342323173
RP11-337N6.3	SRR3493826	7.005038958135776
RP11-337N6.3	SRR3493827	6
RP11-337N6.3	SRR3493828	6
RP11-337N6.3	SRR3493829	6.014396777880683
RP11-337N6.3	SRR3493830	11.803585572832517
RP11-337N6.3	SRR3493831	5.022744651800322
RP11-337N6.3	SRR3493832	7.001259399617306
RP11-337N6.3	SRR3493833	8.9908706838499
RP11-337N6.3	SRR3493834	9
RP11-337N6.3	SRR3493835	6.031612149711624
RP11-337N6.3	SRR3493836	9
RP11-337N6.3	SRR3493837	9.00700027889539
RP11-337N6.3	SRR3493838	9
RP11-337N6.3	SRR3493839	5.041702344594442
RP11-337N6.3	SRR3493840	6.117505330995918
RP11-337N6.3	SRR3493841	10.021917441245579
RP11-337N6.3	SRR3493846	9.205577656937734
RP11-337N6.3	SRR3493847	8.293608045899884
RP11-337N6.3	SRR3493848	12.004318329974616
RP11-337N6.3	SRR3493849	6.202330024223802
RP11-337N6.3	SRR3493850	9
RP11-337N6.3	SRR3714631	4
RP11-337N6.3	SRR3714632	10.056231596200705
RP11-337N6.3	SRR3714633	4.0464200135965855
RP11-337N6.3	SRR3714634	7.046698474875588
RP11-337N6.3	SRR3714635	9
RP11-337N6.3	SRR3714636	9
RP11-337N6.3	SRR3714637	7
RP11-337N6.3	SRR3714638	5
RP11-337N6.3	SRR3714639	6.380724189640577
RP11-337N6.3	SRR3714640	11.238453544308344
RP11-337N6.3	SRR3714641	5.093997888551117
RP11-337N6.3	SRR3714642	5.894418586293669
RP11-337N6.3	SRR3714643	12.502556321158448
RP11-337N6.3	SRR3714644	8.955253549905603
RP11-337N6.3	SRR3714645	9.058963721773871
RP11-337N6.3	SRR3714646	10.00359860831218
RP11-337N6.3	SRR3714648	6.910659535574369
RP11-337N6.3	SRR3714649	1.9394714650791136
RP11-337N6.3	SRR3714650	5.034431046848682
RP11-337N6.3	SRR3714651	4.087787863667551
RP11-337N6.3	SRR3714652	13.454222524836203
RP11-337N6.3	SRR3714653	4
RP11-337N6.3	SRR3714654	6
RP11-337N6.3	SRR3714655	9.006753985301035
RP11-337N6.3	SRR3714656	13.612927208475114
RP11-337N6.3	SRR3714657	10.682609059828373
RP11-337N6.3	SRR3714658	10.1932067884268
RP11-337N6.3	SRR3714659	7.858025355477996
RP11-337N6.3	SRR3714660	5
RP11-337N6.3	SRR3714661	5
RP11-337N6.3	SRR3714662	2.0220351499593554
RP11-337N6.3	SRR3714663	6.004502656867357
RP11-337N6.3	SRR3714664	11.72504221872756
RP11-337N6.3	SRR3714665	23
RP11-337N6.3	SRR3714666	3
RP11-337N6.3	SRR3714667	11.65731338561901
RP11-337N6.3	SRR3714668	8
RP11-337N6.3	SRR3714669	12.732290285194809
RP11-337N6.3	SRR3714670	6.080868272564636
RP11-337N6.3	SRR3714671	12.015120954874945
RP11-337N6.3	SRR3714672	6.016479743744474
RP11-337N6.3	SRR3714673	9.232047933898322
RP11-337N6.3	SRR3714674	4.048710013391374
RP11-337N6.3	SRR3714675	8.29284121759356
RP11-337N6.3	SRR3714676	8
RP11-337N6.3	SRR3714677	10.023720526815604
RP11-337N6.3	SRR3714678	11.839146315653506
RP11-337N6.3	SRR3714679	15.024305907861189
RP11-337N6.3	SRR3714680	9.015532231822318
RP11-337N6.3	SRR3714681	6.021361129059819
RP11-337N6.3	SRR3714682	24.406513478077255
RP11-337N6.3	SRR3714683	14.029207995825764
RP11-337N6.3	SRR3714684	9.992068241833937
RP11-337N6.3	SRR3714685	3.0052692778091727
RP11-337N6.3	SRR3714686	4.824224449444726
RP11-337N6.3	SRR3714688	8.05971744955272
RP11-337N6.3	SRR3714689	14.695016346000722
RP11-337N6.3	SRR3714690	11.969944225167875
RP11-337N6.3	SRR3714691	7
RP11-337N6.3	SRR3714692	4.421548163808644
RP11-337N6.3	SRR3714693	14.269938385384357
RP11-337N6.3	SRR3714694	13.39920219681912
RP11-337N6.3	SRR3714695	20.205792194776368
RP11-337N6.3	SRR3714696	14
RP11-337N6.3	SRR3714697	6.055259608669556
RP11-337N6.3	SRR3714698	6.079279629893822
RP11-337N6.3	SRR3714699	8.327998664799308
RP11-337N6.3	SRR3714700	4.092646643493718
RP11-337N6.3	SRR3714701	9.002126299527927
RP11-337N6.3	SRR3714702	6.836315101871327
RP11-337N6.3	SRR3714703	4.004252811561096
RP11-337N6.3	SRR3714704	10.262709190386442
RP11-337N6.3	SRR3714705	15.582996290735965
RP11-337N6.3	SRR3714706	5.175425363876178
RP11-337N6.3	SRR3714707	1.0007198511622537
RP11-337N6.3	SRR3714708	4.093065740818727
RP11-337N6.3	SRR3714709	16.219730396436205
RP11-337N6.3	SRR3714710	13.761686253831787
RP11-337N6.3	SRR3714711	10.844123505441999
RP11-337N6.3	SRR3714712	22
RP11-337N6.3	SRR3714713	5
RP11-337N6.3	SRR3714714	5
RP11-337N6.3	SRR3714715	3.014474261609837
RP11-337N6.3	SRR3714716	12
RP11-337N6.3	SRR3714717	6
RP11-337N6.3	SRR3714718	4
RP11-337N6.3	SRR3714719	4.25106458602613
RP11-337N6.3	SRR3714720	6.581902163909035
RP11-337N6.3	SRR3714721	4.7599306224931475
RP11-337N6.3	SRR3714723	5.52862743732343
RP11-337N6.3	SRR3714724	5.014719158572032
RP11-337N6.3	SRR3714725	1.0124287223897714
RP11-337N6.3	SRR3714726	6.076262721528954
RP11-337N6.3	SRR3714727	13.399647660411446
RP11-337N6.3	SRR3714728	5.041395589227808
RP11-337N6.3	SRR3714729	8.209813321605074
RP11-337N6.3	SRR3714730	8.100803723534563
RP11-337N6.3	SRR3714731	6.001079485386262
RP11-337N6.3	SRR3714732	10.364310392609752
RP11-337N6.3	SRR3714734	9.670797223019314
RP11-337N6.3	SRR3714735	8.20351068548083
RP11-337N6.3	SRR3714736	10.187588245687506
RP11-337N6.3	SRR3714737	6
RP11-337N6.3	SRR3714738	12.816568965174543
RP11-337N6.3	SRR3714739	8.195469483358616
RP11-337N6.3	SRR3714740	15.692437088546365
RP11-337N6.3	SRR3714741	17.018359507675058
RP11-337N6.3	SRR3714744	5.751397186443787
RP11-337N6.3	SRR3714745	11.44746386487951
RP11-337N6.3	SRR3714746	5.042748787917895
RP11-337N6.3	SRR3714747	7.782741561001878
RP11-337N6.3	SRR3714748	10.857444040086682
RP11-337N6.3	SRR3714749	1.020881906329865
RP11-337N6.3	SRR3714750	4.195030703259047
RP11-337N6.3	SRR3714751	4.004319884158837
RP11-337N6.3	SRR3714752	3
RP11-337N6.3	SRR3714753	2.0158128197421306
RP11-337N6.3	SRR3714754	8
RP11-337N6.3	SRR3714755	9.762794864647947
RP11-337N6.3	SRR3714756	1.0216801788447836
RP11-337N6.3	SRR3714757	5.860531179592475
RP11-337N6.3	SRR3714758	11.374854787569536
RP11-337N6.3	SRR3714759	12.052751767230141
RP11-337N6.3	SRR3714760	7.006299264333361
RP11-337N6.3	SRR3714761	13.004678190805834
RP11-337N6.3	SRR3714762	8.499549264550204
RP11-337N6.3	SRR3714764	4
RP11-337N6.3	SRR3714765	6.098633819798673
RP11-337N6.3	SRR3714766	14
RP11-337N6.3	SRR3714767	4.8011666527410055
RP11-337N6.3	SRR3714768	13
RP11-337N6.3	SRR5176628	10.069362436470586
RP11-337N6.3	SRR5176629	8.046153828150969
RP11-337N6.3	SRR5176630	4.009066299998424
RP11-337N6.3	SRR5176631	5.048963507717466
RP11-337N6.3	SRR5176632	6.017112912955865
RP11-337N6.3	SRR5176633	1.006528114777527
RP11-337N6.3	SRR5176634	2.0796637104046134
RP11-337N6.3	SRR5176635	5.030963402757671
RP11-337N6.3	SRR5176636	2.0525515022805165
RP11-337N6.3	SRR5176637	2.0593280362653013
RP11-337N6.3	SRR5176638	3.3681030896086446
RP11-337N6.3	SRR5176639	11
RP11-337N6.3	SRR5176640	2.0883958837252345
RP11-337N6.3	SRR5176641	3.044593462131552
RP11-337N6.3	SRR5176642	6.011436169580837
RP11-337N6.3	SRR5176643	3.0051774106074394
RP11-337N6.3	SRR5176644	4.000719656924175
RP11-337N6.3	SRR5176645	1.0388038372764734
RP11-337N6.3	SRR5176646	6.112028360155468
RP11-337N6.3	SRR5176647	7.04103636319671
RP11-337N6.3	SRR5176648	5.014107481318985
RP11-337N6.3	SRR5176649	7.047600896284149
RP11-337N6.3	SRR5176650	6.144608966035389
RP11-337N6.3	SRR5176651	4.0635962354255515
RP11-337N6.3	SRR5176652	5.027873536458604
RP11-337N6.3	SRR5176653	3.0081063446266825
RP11-337N6.3	SRR5176654	3.024489053072829
RP11-337N6.3	SRR5176655	3.0037802387187362
RP11-337N6.3	SRR5176656	3.2103308721933805
RP11-337N6.3	SRR5176657	2.160672398262396
RP11-337N6.3	SRR5176658	3.004953039106962
RP11-337N6.3	SRR5176659	6.012966650501191
RP11-337N6.3	SRR5176660	12.013807522716103
RP11-337N6.3	SRR5176661	3.0166442344106406
RP11-337N6.3	SRR5176662	9.707101240681443
RP11-337N6.3	SRR5176663	4.025740955380693
RP11-337N6.3	SRR5176664	7
RP11-337N6.3	SRR5176665	2.0178723209246607
RP11-337N6.3	SRR5176666	3.011631188952141
RP11-337N6.3	SRR5176667	1.0787114326524636
RP11-337N6.3	SRR5176668	3.013022298265091
RP11-337N6.3	SRR5176669	4.038334985392185
RP11-337N6.3	SRR5176670	7.045668005643159
RP11-337N6.3	SRR5176671	5.009002998101856
RP11-337N6.3	SRR5176672	4.022298829166883
RP11-337N6.3	SRR5176673	3.0143697923725714
RP11-337N6.3	SRR5176674	5.011707057310339
RP11-337N6.3	SRR5176675	4.016953276073491
RP11-337N6.3	SRR5176676	2.036809926238647
RP11-337N6.3	SRR5176677	7.010081543571422
RP11-337N6.3	SRR5176678	2.044693460595827
RP11-337N6.3	SRR5176679	5.045232321551853
RP11-337N6.3	SRR5176680	4.01135317546098
RP11-337N6.3	SRR5176681	6.006663442184508
RP11-337N6.3	SRR5176682	2.0198941119883824
RP11-337N6.3	SRR5176683	7.032016458656866
RP11-337N6.3	SRR5176684	4.01063160575963
RP11-337N6.3	SRR5176685	7.0209164043095535
RP11-337N6.3	SRR5176686	5.021787945690492
RP11-337N6.3	SRR5176687	5.022623499921054
RP11-337N6.3	SRR5176688	5.066407067597658
RP11-337N6.3	SRR5176689	8.060025601103199
RP11-337N6.3	SRR5176690	2.0510810457032242
RP11-337N6.3	SRR5176691	7.006513444403279
RP11-337N6.3	SRR5176692	3.0293543821244797
RP11-337N6.3	SRR5176693	8.0591156977589
RP11-337N6.3	SRR5176694	8
RP11-337N6.3	SRR5176695	2.028710933683615
RP11-337N6.3	SRR5176696	5.6394659702628775
RP11-337N6.3	SRR5176697	6.165473641618465
RP11-337N6.3	SRR5176698	1.1648237836443878
RP11-337N6.3	SRR5176699	4.100060049308768
RP11-337N6.3	SRR5176700	3.2670432606045923
RP11-337N6.3	SRR5176701	1.034206476188313
RP11-337N6.3	SRR5176702	9
RP11-337N6.3	SRR5176703	3.067741964110555
RP11-337N6.3	SRR5176704	3.0131046906667174
RP11-337N6.3	SRR5176705	4.008577288633257
RP11-337N6.3	SRR5176706	2.0545357813266567
RP11-337N6.3	SRR5176707	3.058964865495079
RP11-337N6.3	SRR5176708	3.0296461662011622
RP11-337N6.3	SRR5176709	8.03846338396139
RP11-337N6.3	SRR5176710	9
RP11-337N6.3	SRR5176711	8.015248226107783
RP11-337N6.3	SRR5176712	3.038440747582325
RP11-337N6.3	SRR5176713	1.0088204699660321
RP11-337N6.3	SRR5176714	5.301323827045892
RP11-337N6.3	SRR5176715	10.01260079572912
RP11-337N6.3	SRR5176716	5.009904189024555
RP11-337N6.3	SRR5176717	8.052471071864375
RP11-337N6.3	SRR5176718	5.044032645982478
RP11-337N6.3	SRR5176719	3.0070242343862037
RP11-337N6.3	SRR5176720	6
RP11-337N6.3	SRR5176721	11
RP11-337N6.3	SRR5176722	4.079336706885324
RP11-337N6.3	SRR5176723	6.057668123120946
RP11-337N6.3	SRR5176724	2.01087863815111
RP11-337N6.3	SRR5176725	2.0245927168407682
RP11-337N6.3	SRR5176726	11
RP11-337N6.3	SRR5176727	8.005161086145261
RP11-337N6.3	SRR5176728	3.074249941801467
RP11-337N6.3	SRR5176729	5.009683280867281
RP11-337N6.3	SRR5176730	4.026168096245968
RP11-337N6.3	SRR5176731	3.013932012349417
RP11-337N6.3	SRR5176732	4
RP11-337N6.3	SRR5176733	4.009066299998424
RP11-337N6.3	SRR5176734	1.0810259196769214
RP11-337N6.3	SRR5176735	4.009365645848272
RP11-337N6.3	SRR5176736	7.0137483819613236
RP11-337N6.3	SRR5176737	6.017542792782245
RP11-337N6.3	SRR5176738	6.066362432702695
RP11-337N6.3	SRR5176739	4.031775880481862
RP11-337N6.3	SRR5176740	3.012490022788996
RP11-337N6.3	SRR5176741	1.040984015064751
RP11-337N6.3	SRR5176742	10.10571034419265
RP11-337N6.3	SRR5176743	5.059242438471424
RP11-337N6.3	SRR5176744	4.053676796000444
RP11-337N6.3	SRR5176745	6.055035103554845
RP11-337N6.3	SRR5176746	8.018132599996848
RP11-337N6.3	SRR5176747	4
RP11-337N6.3	SRR5176748	3.0037802387187362
RP11-337N6.3	SRR5176749	6.098208104289163
RP11-337N6.3	SRR5176750	8.129800244979263
RP11-337N6.3	SRR5176751	9.032716091066423
RP11-337N6.3	SRR5176752	2.009076574722882
RP11-337N6.3	SRR5176753	5.0131362574119365
RP11-337N6.3	SRR5176754	2.010522810830253
RP11-337N6.3	SRR5176755	5.002699199031732
RP11-337N6.3	SRR5176756	4.115418968723398
RP11-337N6.3	SRR5176757	2.1115328871426313
RP11-337N6.3	SRR5176758	2.022706896960517
RP11-337N6.3	SRR5176759	3.0822195840774
RP11-337N6.3	SRR5176760	7.0406569297877235
RP11-337N6.3	SRR5176761	3.0175461969396196
RP11-337N6.3	SRR5176762	2.148765612259312
RP11-337N6.3	SRR5176763	8.061167507420086
RP11-337N6.3	SRR5176764	3.002159553486761
RP11-337N6.3	SRR5176765	3.0051774106074394
RP11-337N6.3	SRR5176766	6.017029763191469
RP11-337N6.3	SRR5176767	4.004020915033877
RP11-337N6.3	SRR5176768	5.075978758290566
RP11-337N6.3	SRR5176769	5.014766491658633
RP11-337N6.3	SRR5176770	8.018731291696543
RP11-337N6.3	SRR5176771	8.019575176157984
RP11-337N6.3	SRR5176772	3.018815769268887
RP11-337N6.3	SRR5176773	7.052520335337288
RP11-337N6.3	SRR5176774	5.030967745392318
RP11-337N6.3	SRR5176775	7.0671590297046105
RP11-337N6.3	SRR5176776	4.033103468166764
RP11-337N6.3	SRR5176777	7.070036765242157
RP11-337N6.3	SRR5176778	2.0115194706454256
RP11-337N6.3	SRR5176779	4.0206910191926735
RP11-337N6.3	SRR5176780	4.012320174128561
RP11-337N6.3	SRR5176781	2.01275564458202
RP11-337N6.3	SRR5176782	4.032899131341287
RP11-337N6.3	SRR5176783	4.037208782217225
RP11-337N6.3	SRR5176784	5.020272187802134
RP11-337N6.3	SRR5176785	8.01412705076791
RP11-337N6.3	SRR5176786	6
RP11-337N6.3	SRR5176787	9.069090676240506
RP11-337N6.3	SRR5176788	4.107037967162651
RP11-337N6.3	SRR5176789	2.028285909956478
RP11-337N6.3	SRR5176790	6.056558931383149
RP11-337N6.3	SRR5176791	6.052755531717629
RP11-337N6.3	SRR5176792	8
RP11-337N6.3	SRR5176793	5.046002045530813
RP11-337N6.3	SRR5176794	11.049583379152462
RP11-337N6.3	SRR5176795	13.054699069743863
RP11-337N6.3	SRR5176796	4.09058444975366
RP11-337N6.3	SRR5176797	4.027985156412034
RP11-337N6.3	SRR5176798	4.021101188777376
RP11-337N6.3	SRR5176799	9
RP11-337N6.3	SRR5176800	7.055941665702487
RP11-337N6.3	SRR5176801	4.069763043971348
RP11-337N6.3	SRR5176802	10.141792452851673
RP11-337N6.3	SRR5176803	3.0123058497428357
RP11-337N6.3	SRR5176804	6.12804380667676
RP11-337N6.3	SRR5176805	2.00774765274578
RP11-337N6.3	SRR5176806	5.148876987981509
RP11-337N6.3	SRR5176807	8.00575880929803
RP11-337N6.3	SRR5176808	12.004318329974616
RP11-337N6.3	SRR5176809	14.020163087142844
RP11-337N6.3	SRR5176810	7
RP11-337N6.3	SRR5176811	7
RP11-337N6.3	SRR5176812	3.0032399131191276
RP11-337N6.3	SRR5176813	4.0047412953778885
RP11-337N6.3	SRR5176814	8
RP11-337N6.3	SRR5176815	3.0423463267115327
RP11-337N6.3	SRR5176816	2.0288391652412554
RP11-337N6.3	SRR5176817	2.010505191118401
RP11-337N6.3	SRR5176818	12.03062872414366
RP11-337N6.3	SRR5176819	2.1059469543763574
RP11-337N6.3	SRR5176820	1.022340736860647
RP11-337N6.3	SRR5176821	4.037348444208276
RP11-337N6.3	SRR5176822	3.0883985308955446
RP11-337N6.3	SRR5176823	4.015072762648721
RP11-337N6.3	SRR5176824	4.022615604645735
RP11-337N6.3	SRR5176825	4.004442294789672
RP11-337N6.3	SRR5176826	4.033226758701497
RP11-337N6.3	SRR5176827	4.015123605446425
RP11-337N6.3	SRR5176828	3.0118967979846936
RP11-337N6.3	SRR5176829	5.01366383560814
RP11-337N6.3	SRR5176830	6.003239038838078
RP11-337N6.3	SRR5176831	5.025757576652755
RP11-337N6.3	SRR5176832	5.050537078266681
RP11-337N6.3	SRR5176833	4.023161924156587
RP11-337N6.3	SRR5176834	2.0078426603602617
RP11-337N6.3	SRR5176835	6.021602036269631
RP11-337N6.3	SRR5176836	4.003599579619063
RP11-337N6.3	SRR5176837	3.1530307717609274
RP11-337N6.3	SRR5176838	5.124850126832326
RP11-337N6.3	SRR5176839	2.0815326309786046
RP11-337N6.3	SRR5176840	4.002159359225385
RP11-337N6.3	SRR5176841	4.05638563003213
RP11-337N6.3	SRR5176842	3.0187990460767855
RP11-337N6.3	SRR5176843	3.0232800917616607
RP11-337N6.3	SRR5176844	4.011652692065468
RP11-337N6.3	SRR5176845	4.058729413411586
RP11-337N6.3	SRR5176846	2.0089478581612035
RP11-337N6.3	SRR5176847	4.0821352710332315
RP11-337N6.3	SRR5176848	5.043075918546062
RP11-337N6.3	SRR5176849	7.136606774207538
RP11-337N6.3	SRR5176850	6.082330439686855
RP11-337N6.3	SRR5176851	3.0032399131191276
RP11-337N6.3	SRR5176852	3.0668103023713504
RP11-337N6.3	SRR5176853	3.007514863941259
RP11-337N6.3	SRR5176854	3.1407564980912266
RP11-337N6.3	SRR5176855	7.015940357507397
RP11-337N6.3	SRR5176856	4.064685785164364
RP11-337N6.3	SRR5176857	8.02848150541309
RP11-337N6.3	SRR5176858	4.027616956443706
RP11-337N6.3	SRR5176859	7.012486735802548
RP11-337N6.3	SRR5176860	14
RP11-337N6.3	SRR5176861	2.003961675609822
RP11-337N6.3	SRR5176862	6.035624272798969
RP11-337N6.3	SRR5176863	7.017534682529605
RP11-337N6.3	SRR5176864	7.034277850336372
RP11-337N6.3	SRR5176865	8.015248226107783
RP11-337N6.3	SRR5176866	8
RP11-337N6.3	SRR5176867	2.0084955957082795
RP11-337N6.3	SRR5176868	1.0352438239475827
RP11-337N6.3	SRR5176869	4.009787588078992
RP11-337N6.3	SRR5176870	6.027128767710002
RP11-337N6.3	SRR5176871	4.013751110180405
RP11-337N6.3	SRR5176872	2.039155387218287
RP11-337N6.3	SRR5861974	2.0265002840838533
RP11-337N6.3	SRR5861975	6.055939362632802
RP11-337N6.3	SRR5861976	1.0402473656965066
RP11-337N6.3	SRR5861977	5
RP11-337N6.3	SRR5861978	2.009732234726975
RP11-337N6.3	SRR5861979	6.057564882603952
RP11-337N6.3	SRR5861980	8
RP11-337N6.3	SRR5861981	6.120685546158364
RP11-337N6.3	SRR5861982	2.468120353202937
RP11-337N6.3	SRR5861983	5.008325344008967
RP11-337N6.3	SRR5861984	5.041318281438251
RP11-337N6.3	SRR5861985	2.0346956414753237
RP11-337N6.3	SRR5861986	6.0119796209440555
RP11-337N6.3	SRR5861987	2.025895737817799
RP11-337N6.3	SRR5861988	4.071114443661736
RP11-337N6.3	SRR5861989	3.0376156021925285
RP11-337N6.3	SRR5861990	6.018276880365986
RP11-337N6.3	SRR5861991	4
RP11-337N6.3	SRR5861992	6
RP11-337N6.3	SRR5861993	13.04930927036286
RP11-337N6.3	SRR5861994	11
RP11-337N6.3	SRR5861995	5.044118612628845
RP11-337N6.3	SRR5861996	2.0084494713970247
RP11-337N6.3	SRR5861997	3.0776645926532264
RP11-337N6.3	SRR5861998	5.028846142594355
RP11-337N6.3	SRR5861999	2.054090952907011
RP11-337N6.3	SRR5862000	3.001079582493654
RP11-337N6.3	SRR5862001	8
RP11-337N6.3	SRR5862002	3.0032399131191276
RP11-337N6.3	SRR5862003	5.012435018399908
RP11-337N6.3	SRR5862004	3.016893572929392
RP11-337N6.3	SRR5862005	4.021178012912803
RP11-337N6.3	SRR5862006	3.0113427040848193
RP11-337N6.3	SRR5862007	6.051501569043908
RP11-337N6.3	SRR5862008	2.008047489825201
RP11-337N6.3	SRR5862009	2.0071393212232818
RP11-337N6.3	SRR5862010	2.1032815851247766
RP11-337N6.3	SRR5862011	1.03612780768291
RP11-337N6.3	SRR5862012	7.049404999552535
RP11-337N6.3	SRR5862013	3.062922322372586
RP11-337N6.3	SRR5862014	4.01965467250572
RP11-337N6.3	SRR5862015	9
RP11-337N6.3	SRR5862016	3.012562687767277
RP11-337N6.3	SRR5862017	6.049756536034237
RP11-337N6.3	SRR5862018	4.016068590242803
RP11-337N6.3	SRR5862019	7.05711360726418
RP11-337N6.3	SRR5862020	5.017938154826352
RP11-337N6.3	SRR5862021	1.0060794449423391
RP11-337N6.3	SRR5862022	4.0193924964685435
RP11-337N6.3	SRR5862023	4.03046054396856
RP11-337N6.3	SRR5862024	5.01366383560814
RP11-337N6.3	SRR5862025	7
RP11-337N6.3	SRR5862026	2.0158151501708166
RP11-337N6.3	SRR5862027	4.002159359225385
RP11-337N6.3	SRR5862028	5.63406065615505
RP11-337N6.3	SRR5862029	3.0622936412724764
RP11-337N6.3	SRR5862030	4.011230553573445
RP11-337N6.3	SRR5862031	9.063643308480817
RP11-337N6.3	SRR5862032	2.147570054219792
RP11-337N6.3	SRR5862033	8.012364889818512
RP11-337N6.3	SRR5862034	1.2459835850410172
RP11-337N6.3	SRR5862035	4.026536163761214
RP11-337N6.3	SRR5862036	4.0714505123102915
RP11-337N6.3	SRR5862037	2.109496859285685
RP11-337N6.3	SRR5862038	1.079664344311491
RP11-337N6.3	SRR5862039	5.008629017679065
RP11-337N6.3	SRR5862040	3.0196766519491405
RP11-337N6.3	SRR5862041	11.060690738134289
RP11-337N6.3	SRR5862042	6.05343639396543
RP11-337N6.3	SRR5862043	8
RP11-337N6.3	SRR5862044	3.00421654417522
RP11-337N6.3	SRR5862045	5.021239420152665
RP11-337N6.3	SRR5862046	4.032346445966348
RP11-337N6.3	SRR5862047	5.044579739973748
RP11-337N6.3	SRR5862048	1.2476565419699956
RP11-337N6.3	SRR5862049	6.093641838103996
RP11-337N6.3	SRR5862050	2.0067593317912036
RP11-337N6.3	SRR5862051	3.014474261609837
RP11-337N6.3	SRR5862052	7.0241820982862935
RP11-337N6.3	SRR5862053	7.01870379934715
RP11-337N6.3	SRR5862054	3.0802683644565314
RP11-337N6.3	SRR5862055	2.0465065092509462
RP11-337N6.3	SRR5862056	1.0330179193485718
RP11-337N6.3	SRR5862057	5.0391895305818135
RP11-337N6.3	SRR5862058	4.009188855725498
RP11-337N6.3	SRR5862059	4.112984283750575
RP11-337N6.3	SRR5862060	6.056761448104133
RP11-337N6.3	SRR5862061	4.014296225786445
RP11-337N6.3	SRR5862062	8.00431871845077
RP11-337N6.3	SRR5862063	3.0372870567666617
RP11-337N6.3	SRR5862064	7.013556593214195
RP11-337N6.3	SRR5862065	5.012608734731772
RP11-337N6.3	SRR5862066	3.0273575243212805
RP11-337N6.3	SRR5862067	1.2346054739520673
RP11-337N6.3	SRR5862068	4.01912178735215
RP11-337N6.3	SRR5862069	3.0064833252505956
RP11-337N6.3	SRR5862070	4.054071894127422
RP11-337N6.3	SRR5862071	2.5052060457972365
RP11-337N6.3	SRR5862072	1.2641489791098965
RP11-337N6.3	SRR5862073	7.0130991443475805
RP11-337N6.3	SRR5862074	4.020354416556178
RP11-337N6.3	SRR5862075	8.055089674957891
RP11-337N6.3	SRR5862076	1.2411031446573944
RP11-337N6.3	SRR5862077	5.019676017203765
RP11-337N6.3	SRR5862078	1.0778857376132789
RP11-337N6.3	SRR5862079	5.052045685546727
RP11-337N6.3	SRR5862080	4.074581613297234
RP11-337N6.3	SRR5862081	7.012080624750691
RP11-337N6.3	SRR5862082	3.011447068412061
RP11-337N6.3	SRR5862083	7
RP11-337N6.3	SRR5862084	7.048974023721059
RP11-337N6.3	SRR5862085	11
RP11-337N6.3	SRR5862086	2.050183515447083
RP11-337N6.3	SRR5862087	4.048753117963792
RP11-337N6.3	SRR5862088	3.365367653523934
RP11-337N6.3	SRR5862089	5.0620948790997256
RP11-337N6.3	SRR5862090	5.008629017679065
RP11-337N6.3	SRR5862091	3.0423839592583546
RP11-337N6.3	SRR5862092	1.0208826030747233
RP11-337N6.3	SRR5862093	12.002158970772523
RP11-337N6.3	SRR5862094	2.0100110722857436
RP11-337N6.3	SRR5862095	3.263007177526689
RP11-337N6.3	SRR5862096	8.017533952996462
RP11-337N6.3	SRR5862097	6.032387591923218
RP11-337N6.3	SRR5862098	6.674339964696118
RP11-337N6.3	SRR5862099	6.136823686134757
RP11-337N6.3	SRR5862100	4.01063160575963
RP11-337N6.3	SRR5862101	5.293774040529822
RP11-337N6.3	SRR5862102	3.0176889887219267
RP11-337N6.3	SRR5862103	3.070853467746606
RP11-337N6.3	SRR5862104	7.0292097334040875
RP11-337N6.3	SRR5862105	3.0337741079097866
RP11-337N6.3	SRR5862106	2.0085652042889737
RP11-337N6.3	SRR5862107	6
RP11-337N6.3	SRR5862108	8.055615090550404
RP11-337N6.3	SRR5862109	6.0108035977222265
RP11-337N6.3	SRR5862110	1.0080438404145668
RP11-337N6.3	SRR5862111	4.060658873738799
RP11-337N6.3	SRR5862112	3.011412741992522
RP11-337N6.3	SRR5862113	2.01770853284336
RP11-337N6.3	SRR5862114	4.018876072379862
RP11-337N6.3	SRR5862115	8.054767413678135
RP11-337N6.3	SRR5862116	2.0516232060934794
RP11-337N6.3	SRR5862117	7.023133263407464
RP11-337N6.3	SRR5862118	4.033665078319848
RP11-337N6.3	SRR5862119	3.01248031018655
RP11-337N6.3	SRR5862120	4.003778150851877
RP11-337N6.3	SRR5862121	3.0044125025418293
RP11-337N6.3	SRR5862122	8.016690283329007
RP11-337N6.3	SRR5862123	7.0160804975196225
RP11-337N6.3	SRR5862124	8.02559340869802
RP11-337N6.3	SRR5862125	8
RP11-337N6.3	SRR5862126	4.003599579619063
RP11-337N6.3	SRR5862127	5.018994377489021
RP11-337N6.3	SRR5862128	5.018550299388059
RP11-337N6.3	SRR5862129	2.1576586027716758
RP11-337N6.3	SRR5862130	3.0186188714704856
RP11-337N6.3	SRR5862131	8.018132599996848
RP11-337N6.3	SRR5862132	4.003599579619063
RP11-337N6.3	SRR5862133	3.0028735888081926
RP11-337N6.3	SRR5862134	6.0017110338875606
RP11-337N6.3	SRR5862135	10.128135825274416
RP11-337N6.3	SRR5862136	4.001439443324872
RP11-337N6.3	SRR5862137	7.015127758918056
RP11-337N6.3	SRR5862138	8.014270555202911
RP11-337N6.3	SRR5862139	14.019116318650013
RP11-337N6.3	SRR5862140	2.006609503830704
RP11-337N6.3	SRR5862141	10.044325817307802
RP11-337N6.3	SRR5862142	6.016212689253365
RP11-337N6.3	SRR5862143	5.00179930415609
RP11-337N6.3	SRR5862144	1.0057733394052475
RP11-337N6.3	SRR5862145	4.013219007661408
RP11-337N6.3	SRR5862146	3.0408318844310975
RP11-337N6.3	SRR5862147	4.0293671772266375
RP11-337N6.3	SRR5862148	11
RP11-337N6.3	SRR5862149	5.0287986766135635
RP11-337N6.3	SRR5862150	2.004893794039496
RP11-337N6.3	SRR5862151	2.0249812450117393
RP11-337N6.3	SRR5862152	2.0494043330753517
RP11-337N6.3	SRR5862153	4.083002960949319
RP11-337N6.3	SRR5862154	4
RP11-337N6.3	SRR5862155	10.0632433278211
RP11-337N6.3	SRR5862156	6.155119095259337
RP11-337N6.3	SRR5862157	2.0521624361557538
RP11-337N6.3	SRR5862158	8.00431871845077
RP11-337N6.3	SRR5862159	8.047466647923908
RP11-337N6.3	SRR5862160	2.076532102339353
RP11-337N6.3	SRR5862161	6.016396602729769
RP11-337N6.3	SRR5862162	4.013341690335275
RP11-337N6.3	SRR5862163	2.007059021274751
RP11-337N6.3	SRR5862164	3.150487153229003
RP11-337N6.3	SRR5862165	6.025966945184217
RP11-337N6.3	SRR5862166	11.047108623589356
RP11-337N6.3	SRR5862167	4.0083451416645035
RP11-337N6.3	SRR5862168	3.004953039106962
RP11-337N6.3	SRR5862169	9.033390538898505
RP11-337N6.3	SRR5862170	4.044507749779093
RP11-337N6.3	SRR5862171	4.006903214143252
RP11-337N6.3	SRR5862172	8.014051407491127
RP11-337N6.3	SRR5862173	4.100881508727072
RP11-337N6.3	SRR5862174	4.113699981567432
RP11-337N6.3	SRR5862175	5.024414746065173
RP11-337N6.3	SRR5862176	2.0346274794986217
RP11-337N6.3	SRR5862177	2.064543618568541
RP11-337N6.3	SRR5862178	2.0576193607952975
RP11-337N6.3	SRR5862179	3.0168694788602117
RP11-337N6.3	SRR5862180	1.1637413174363656
RP11-337N6.3	SRR5862181	2.042384492643702
RP11-337N6.3	SRR5862182	10.094112128915341
RP11-337N6.3	SRR5862183	2.0100110722857436
RP11-337N6.3	SRR5862184	5.137198512941893
RP11-337N6.3	SRR5862185	8
RP11-337N6.3	SRR5862186	4.0293671772266375
RP11-337N6.3	SRR5862187	4.0302828236812775
RP11-337N6.3	SRR5862188	2.078579927562468
RP11-337N6.3	SRR5862189	3.0251138805822837
RP11-337N6.3	SRR5862190	7.009558159325007
RP11-337N6.3	SRR5862191	4.047996471077221
RP11-337N6.3	SRR5862192	3.1356801870743047
RP11-337N6.3	SRR5862193	4.014350523861081
RP11-337N6.3	SRR5862194	7.037208619107588
RP11-337N6.3	SRR5862195	7.044429410342185
RP11-337N6.3	SRR5862196	8
RP11-337N6.3	SRR5862197	7
RP11-337N6.3	SRR5862198	3.3032686476945647
RP11-337N6.3	SRR5862199	4.009910165855585
RP11-337N6.3	SRR5862200	12.026300929494695
RP11-337N6.3	SRR5862201	1.6958933767900919
RP11-337N6.3	SRR5862202	4.087596585919381
RP11-337N6.3	SRR5862203	2.06871914188325
RP11-337N6.3	SRR5862204	5
RP11-337N6.3	SRR5862205	9
RP11-337N6.3	SRR5862206	3.0543528280251855
RP11-337N6.3	SRR5862207	5.026614336599396
RP11-337N6.3	SRR5862208	2.038971775293078
RP11-337N6.3	SRR5862209	2.0225903492287083
RP11-337N6.3	SRR5862210	11
RP11-337N6.3	SRR5862211	1.032816631560076
RP11-337N6.3	SRR5862212	4.0355239325270285
RP11-337N6.3	SRR5862213	3.014106566973823
RP11-337N6.3	SRR5862214	9.024870782742513
RP11-337N6.3	SRR5862215	4.009488210726242
RP11-337N6.3	SRR5862216	3.0109679132660636
RP11-337N6.3	SRR5862217	4.026005586365931
RP11-337N6.3	SRR5862218	3.002947870656511
RP11-337N6.3	SRR5862219	5.11675490978229
RP11-337N6.3	SRR5862220	7.031457950727487
RP11-337N6.3	SRR5862221	14
RP11-337N6.3	SRR5862222	9.02931549555168
RP11-337N6.3	SRR5862223	2.0866696834585396
RP11-337N6.3	SRR5862224	5.0396664557603135
RP11-337N6.3	SRR5862225	5.013406106451863
RP11-337N6.3	SRR5862226	10.010799710397093
RP11-337N6.3	SRR5862227	9
RP11-337N6.3	SRR5862228	7.063499975095021
RP11-337N6.3	SRR5862229	2.0118198710082162
RP11-337N6.3	SRR5862230	8.042422295067023
RP11-337N6.3	SRR5862231	4.0083451416645035
RP11-337N6.3	SRR5862232	8.121072349698386
RP11-337N6.3	SRR5862233	5.0138171015236175
RP11-337N6.3	SRR5862234	4.023588536399509
RP11-337N6.3	SRR5862235	3.0026996847142975
RP11-337N6.3	SRR5862236	5.01072161079157
RP11-337N6.3	SRR5862237	4.124061911262596
RP11-337N6.3	SRR5862238	6.005399369428595
RP11-337N6.3	SRR5862239	3.0231511731130634
RP11-337N6.3	SRR5862240	4.010931068486513
RP11-337N6.3	SRR5862241	5.030983965843442
RP11-337N6.3	SRR5862242	3.020855658956402
RP11-337N6.3	SRR5862243	3.0168694788602117
RP11-337N6.3	SRR5862244	4.057916837343747
RP11-337N6.3	SRR5862245	7.127934970479819
RP11-337N6.3	SRR5862246	4.007624113053891
RP11-337N6.3	SRR5862247	2.011293096873216
RP11-337N6.3	SRR5862248	7.005038958135776
RP11-337N6.3	SRR5862249	7.106170654070319
RP11-337N6.3	SRR5862250	1.0105861980877333
RP11-337N6.3	SRR5862251	3.030995714412124
RP11-337N6.3	SRR5862252	6.01531436207183
RP11-337N6.3	SRR5862253	5.038913944239043
RP11-337N6.3	SRR5862254	2.0143211835665027
RP11-337N6.3	SRR5862255	6.048236191166434
RP11-337N6.3	SRR5862256	4.0619971617749515
RP11-337N6.3	SRR5862257	3.041279339660256
RP11-337N6.3	SRR5862258	3.007657181035915
RP11-337N6.3	SRR5862259	5.06858798287011
RP11-337N6.3	SRR5862260	1.0647831768924885
RP11-337N6.3	SRR5862261	4.066674515223883
RP11-337N6.3	SRR5862262	5.049957954270481
RP11-337N6.3	SRR5862263	5.22752703377181
RP11-337N6.3	SRR5862264	4.02333933043903
RP11-337N6.3	SRR5862265	6.0075604774374725
RP11-337N6.3	SRR5862266	7.038385586128724
RP11-337N6.3	SRR5862267	4.220971512453963
RP11-337N6.3	SRR5862268	2.0099496288423797
RP11-337N6.3	SRR5862269	4.015795131377398
RP11-337N6.3	SRR5862270	3.006799724998818
RP11-337N6.3	SRR5862271	7.041771277548525
RP11-337N6.3	SRR5862272	3.0338196325314426
RP11-337N6.3	SRR5862273	4.013818341877882
RP11-337N6.3	SRR5862274	8.036771728908485
RP11-337N6.3	SRR5862275	3.0389776082800437
RP11-337N6.3	SRR5862276	6.104379903200422
RP11-337N6.3	SRR5862277	6.076116578522792
RP11-337N6.3	SRR5949109	1.1498283651018633
RP11-337N6.3	SRR5949110	1.148171272003916
RP11-337N6.3	SRR5949111	1.1498283651018633
RP11-337N6.3	SRR5949112	1.1499000124654937
RP11-337N6.3	SRR5949113	1.1493287860193127
RP11-337N6.3	SRR5949114	1.1499000124654937
RP11-337N6.3	SRR5949115	1.1498283651018633
RP11-337N6.3	SRR5949116	1.149801355279094
RP11-337N6.3	SRR5949117	1.1499000124654937
RP11-337N6.3	SRR5949118	1.149757132515299
RP11-337N6.3	SRR5949119	1.1498700492655702
RP11-337N6.3	SRR5949120	1.149752993629983
RP11-337N6.3	SRR5949121	1.149727479151349
RP11-337N6.3	SRR5949122	1.149659680044542
RP11-337N6.3	SRR5949123	1.1495224477062624
RP11-337N6.3	SRR5949124	1.1489713533334538
RP11-337N6.3	SRR5949125	1.1493657120956842
RP11-337N6.3	SRR5949126	1.1496653216499102
RP11-337N6.3	SRR5949127	1.149752993629983
RP11-337N6.3	SRR5949128	1.149752993629983
RP11-337N6.3	SRR5949129	1.1498758641415114
RP11-337N6.3	SRR5949130	1.1498041981068907
RP11-337N6.3	SRR5949131	1.1496516232140812
RP11-337N6.3	SRR5949132	1.1498283651018633
RP11-337N6.3	SRR5949133	1.1496993836519698
RP11-337N6.3	SRR5949134	1.1499000124654937
RP11-337N6.3	SRR5949135	1.149801355279094
RP11-337N6.3	SRR5949136	1.1498700492655702
RP11-337N6.3	SRR5949137	1.1489979896611313
RP11-337N6.3	SRR5949138	1.1496058907069004
RP11-337N6.3	SRR5949139	1.1496653216499102
RP11-337N6.3	SRR5949140	1.1498283651018633
RP11-337N6.3	SRR5949141	1.1498758641415114
RP11-337N6.3	SRR5949142	1.1498041981068907
RP11-337N6.3	SRR5949143	1.1499000124654937
RP11-337N6.3	SRR5949144	1.149757132515299
RP11-337N6.3	SRR5949145	1.1497815594090803
RP11-337N6.3	SRR5949146	1.149752993629983
RP11-337N6.3	SRR5949147	1.149752993629983
RP11-337N6.3	SRR5949148	1.1489471817569916
RP11-337N6.3	SRR5949149	1.149757132515299
RP11-337N6.3	SRR5949150	1.1498758641415114
RP11-337N6.3	SRR5949151	1.1494823274298185
RP11-337N6.3	SRR5949152	1.1476551316063306
RP11-337N6.3	SRR5949153	1.149659680044542
RP11-337N6.3	SRR5949154	1.1487635500794011
RP11-337N6.3	SRR5949155	1.1497815594090803
RP11-337N6.3	SRR5949156	1.1498758641415114
RP11-337N6.3	SRR5949157	1.1498700492655702
RP11-337N6.3	SRR5949158	1.1499000124654937
RP11-337N6.3	SRR5949159	1.1489204896371397
RP11-337N6.3	SRR5949160	1.1498283651018633
RP11-337N6.3	SRR5949161	1.1498283651018633
RP11-337N6.3	SRR5949162	1.1498283651018633
RP11-337N6.3	SRR5949163	1.1498758641415114
RP11-337N6.3	SRR5949164	1.1499000124654937
RP11-337N6.3	SRR5949165	1.149801355279094
RP11-337N6.3	SRR5949166	1.1498758641415114
RP11-337N6.3	SRR5949167	1.149757132515299
RP11-337N6.3	SRR5949168	1.1497815594090803
RP11-337N6.3	SRR5949169	1.1447151303318799
RP11-337N6.3	SRR5949170	1.1499000124654937
RP11-337N6.3	SRR5949171	1.1496516232140812
RP11-337N6.3	SRR5949172	1.1496058907069004
RP11-337N6.3	SRR5949173	1.1498283651018633
RP11-337N6.3	SRR5949174	1.1497815594090803
RP11-337N6.3	SRR5949175	1.1499000124654937
RP11-337N6.3	SRR5949176	1.149727479151349
RP11-337N6.3	SRR5949177	1.1489132956948793
RP11-337N6.3	SRR5949178	1.1496653216499102
RP11-337N6.3	SRR5949179	1.1497815594090803
RP11-337N6.3	SRR5949180	1.1499000124654937
RP11-337N6.3	SRR5949181	1.1498700492655702
RP11-337N6.3	SRR5949182	1.149727479151349
RP11-337N6.3	SRR5949183	1.1498758641415114
RP11-337N6.3	SRR5949184	1.149801355279094
RP11-337N6.3	SRR5949185	1.1495611354981103
RP11-337N6.3	SRR5949186	1.1492630102128836
RP11-337N6.3	SRR5949187	1.1498041981068907
RP11-337N6.3	SRR5949188	1.149801355279094
RP11-337N6.3	SRR5949189	1.149752993629983
RP11-337N6.3	SRR5949190	1.149757132515299
RP11-337N6.3	SRR5949191	1.1496058907069004
RP11-337N6.3	SRR5949192	1.1498700492655702
RP11-337N6.3	SRR5949193	1.1498758641415114
RP11-337N6.3	SRR5949194	1.1498283651018633
RP11-337N6.3	SRR5949195	1.149801355279094
RP11-337N6.3	SRR5949196	1.149639556483191
RP11-337N6.3	SRR5949197	1.1494508753827517
RP11-337N6.3	SRR5949198	1.1489684643066176
RP11-337N6.3	SRR5949199	1.1496653216499102
RP11-337N6.3	SRR5949200	1.1498758641415114
RP11-337N6.3	SRR5949201	1.1497815594090803
RP11-337N6.3	SRR5949202	1.1498041981068907
RP11-337N6.3	SRR5949203	1.1498700492655702
RP11-337N6.3	SRR5949204	1.1499000124654937
RP11-337N6.3	SRR5949205	1.1499000124654937
RP11-337N6.3	SRR5949206	1.149801355279094
RP11-337N6.3	SRR5949207	1.1498283651018633
RP11-337N6.3	SRR5949208	1.149757132515299
RP11-337N6.3	SRR5949209	1.1498283651018633
RP11-337N6.3	SRR5949210	1.1497815594090803
RP11-337N6.3	SRR5949211	1.1494508753827517
RP11-337N6.3	SRR5949212	1.149757132515299
RP11-337N6.3	SRR5949213	1.1496993836519698
RP11-337N6.3	SRR5949214	1.1495224477062624
RP11-337N6.3	SRR5949215	1.149752993629983
RP11-337N6.3	SRR5949216	1.1498041981068907
RP11-337N6.3	SRR5949217	1.1498041981068907
RP11-337N6.3	SRR5949218	1.1496993836519698
RP11-337N6.3	SRR5949219	1.149727479151349
RP11-337N6.3	SRR5949220	1.1495611354981103
RP11-337N6.3	SRR5949221	1.149515806070026
RP11-337N6.3	SRR5949222	1.149752993629983
RP11-337N6.3	SRR5949223	1.1489094288850477
RP11-337N6.3	SRR5949224	1.1497815594090803
RP11-337N6.3	SRR5949225	1.1498700492655702
RP11-337N6.3	SRR5949226	1.1495611354981103
RP11-337N6.3	SRR5949227	1.1498700492655702
RP11-337N6.3	SRR5949228	1.1496058907069004
RP11-337N6.3	SRR5949229	1.149639556483191
RP11-337N6.3	SRR5949230	1.1498700492655702
RP11-337N6.3	SRR5949231	1.1494707522857042
RP11-337N6.3	SRR5949232	1.1487635500794011
RP11-337N6.3	SRR5949233	1.1489229708372037
RP11-337N6.3	SRR5949234	1.149752993629983
RP11-337N6.3	SRR5949235	1.1496058907069004
RP11-337N6.3	SRR5949236	1.1478430081697302
RP11-337N6.3	SRR5949237	1.1494610034998385
RP11-337N6.3	SRR5949238	1.1492438683694057
RP11-337N6.3	SRR5949239	1.147930185304594
RP11-337N6.3	SRR5949240	1.1498758641415114
RP11-337N6.3	SRR5949241	1.149757132515299
RP11-337N6.3	SRR5949242	1.1497815594090803
RP11-337N6.3	SRR5949243	1.1496516232140812
RP11-337N6.3	SRR5949244	1.1496653216499102
RP11-337N6.3	SRR5949245	1.1496653216499102
RP11-337N6.3	SRR5949246	1.149801355279094
RP11-337N6.3	SRR5949247	1.149752993629983
RP11-337N6.3	SRR5949248	1.149801355279094
RP11-337N6.3	SRR5949249	1.1497815594090803
RP11-337N6.3	SRR5949250	1.1499000124654937
RP11-337N6.3	SRR5949251	1.1496058907069004
RP11-337N6.3	SRR5949252	1.1498283651018633
RP11-337N6.3	SRR5949253	1.1494121443044876
RP11-337N6.3	SRR5949254	1.1495510677538354
RP11-337N6.3	SRR5949255	1.1497815594090803
RP11-337N6.3	SRR5949256	1.149659680044542
RP11-337N6.3	SRR5949257	1.1498758641415114
RP11-337N6.3	SRR5949258	1.1498758641415114
RP11-337N6.3	SRR5949259	1.149727479151349
RP11-337N6.3	SRR5949260	1.1499000124654937
RP11-337N6.3	SRR5949261	1.1499000124654937
RP11-337N6.3	SRR5949262	1.149659680044542
RP11-337N6.3	SRR5949263	1.1498041981068907
RP11-337N6.3	SRR5949264	1.149727479151349
RP11-337N6.3	SRR5949265	1.1498700492655702
RP11-337N6.3	SRR5949266	1.1490859664004887
RP11-337N6.3	SRR5949267	1.1491016556665985
RP11-337N6.3	SRR5949268	1.1498700492655702
RP11-337N6.3	SRR5949269	1.149752993629983
RP11-337N6.3	SRR5949270	1.1497815594090803
RP11-337N6.3	SRR5949271	1.1495224477062624
RP11-337N6.3	SRR5949272	1.1499000124654937
RP11-337N6.3	SRR5949273	1.1499000124654937
RP11-337N6.3	SRR5949274	1.149801355279094
RP11-337N6.3	SRR5949275	1.1495012298161975
RP11-337N6.3	SRR5949276	1.149801355279094
RP11-337N6.3	SRR5949277	1.1491016556665985
RP11-337N6.3	SRR5949278	1.1498041981068907
RP11-337N6.3	SRR5949279	1.1498041981068907
RP11-337N6.3	SRR5949280	1.1493806150832857
RP11-337N6.3	SRR5949281	1.149801355279094
RP11-337N6.3	SRR5949282	1.1499000124654937
RP11-337N6.3	SRR5949283	1.1494610034998385
RP11-337N6.3	SRR5949284	1.1499000124654937
RP11-337N6.3	SRR5949285	1.1485352709618715
RP11-337N6.3	SRR5949286	1.1490061236504394
RP11-337N6.3	SRR5949287	1.1499000124654937
RP11-337N6.3	SRR5949288	1.1498041981068907
RP11-337N6.3	SRR5949289	1.1496653216499102
RP11-337N6.3	SRR5949290	1.1499000124654937
RP11-337N6.3	SRR5949291	1.1497815594090803
RP11-337N6.3	SRR5949292	1.149752993629983
RP11-337N6.3	SRR5949293	1.1499000124654937
RP11-337N6.3	SRR5949294	1.1498758641415114
RP11-337N6.3	SRR5949295	1.1498041981068907
RP11-337N6.3	SRR5949296	1.1498041981068907
RP11-337N6.3	SRR5949297	1.1498283651018633
RP11-337N6.3	SRR5949298	1.149614382860247
RP11-337N6.3	SRR5949299	1.149757132515299
RP11-337N6.3	SRR5949300	1.1498758641415114
RP11-337N6.3	SRR5949301	1.1498758641415114
RP11-337N6.3	SRR5949302	1.1496653216499102
RP11-337N6.3	SRR5949303	1.1496516232140812
RP11-337N6.3	SRR5949304	1.1498283651018633
RP11-337N6.3	SRR5949305	1.1490061236504394
RP11-337N6.3	SRR5949306	1.1498700492655702
RP11-337N6.3	SRR5949307	1.149757132515299
RP11-337N6.3	SRR5949308	1.149801355279094
RP11-337N6.3	SRR5949309	1.1495565511841175
RP11-337N6.3	SRR5949310	1.1495565511841175
RP11-337N6.3	SRR5949311	1.1497815594090803
RP11-337N6.3	SRR5949312	1.149461221160821
RP11-337N6.3	SRR5949313	1.1497815594090803
RP11-337N6.3	SRR5949314	1.1498758641415114
RP11-337N6.3	SRR5949315	1.1497815594090803
RP11-337N6.3	SRR5949316	1.1498041981068907
RP11-337N6.3	SRR5949317	1.1492438683694057
RP11-337N6.3	SRR5949318	1.1491016556665985
RP11-337N6.3	SRR5949319	1.1498283651018633
RP11-337N6.3	SRR5949320	1.1499000124654937
RP11-337N6.3	SRR5949321	1.149801355279094
RP11-337N6.3	SRR5949322	1.149614382860247
RP11-337N6.3	SRR5949323	1.1497815594090803
RP11-337N6.3	SRR5949324	1.1499000124654937
RP11-337N6.3	SRR5949325	1.1498041981068907
RP11-337N6.3	SRR5949326	1.1497815594090803
RP11-337N6.3	SRR5949327	1.1490004023259148
RP11-337N6.3	SRR5949328	1.1498283651018633
RP11-337N6.3	SRR5949329	1.1498283651018633
RP11-337N6.3	SRR5949330	1.1498041981068907
RP11-337N6.3	SRR5949331	1.1498700492655702
RP11-337N6.3	SRR5949332	1.1499000124654937
RP11-337N6.3	SRR5949333	1.1496993836519698
RP11-337N6.3	SRR5949334	1.1494508753827517
RP11-337N6.3	SRR5949335	1.1498758641415114
RP11-337N6.3	SRR5949336	1.149801355279094
RP11-337N6.3	SRR5949337	1.1498700492655702
RP11-337N6.3	SRR5949338	1.1498041981068907
RP11-337N6.3	SRR5949339	1.1498041981068907
RP11-337N6.3	SRR5949340	1.149614382860247
RP11-337N6.3	SRR5949341	1.149727479151349
RP11-337N6.3	SRR5949342	1.1498700492655702
RP11-337N6.3	SRR5949343	1.149727479151349
RP11-337N6.3	SRR5949344	1.1498283651018633
RP11-337N6.3	SRR5949345	1.1498700492655702
RP11-337N6.3	SRR5949346	1.1489824166943214
RP11-337N6.3	SRR5949347	1.1494257243385793
RP11-337N6.3	SRR5949348	1.1487709425734813
RP11-337N6.3	SRR5949349	1.1498041981068907
RP11-337N6.3	SRR5949350	1.149757132515299
RP11-337N6.3	SRR5949351	1.1497815594090803
RP11-337N6.3	SRR5949352	1.149801355279094
RP11-337N6.3	SRR5949353	1.1498041981068907
RP11-337N6.3	SRR5949354	1.1495224477062624
RP11-337N6.3	SRR5949355	1.149727479151349
RP11-337N6.3	SRR5949356	1.1467122388088349
RP11-337N6.3	SRR5949357	1.149752993629983
RP11-337N6.3	SRR5949358	1.1497815594090803
RP11-337N6.3	SRR5949359	1.1498041981068907
RP11-337N6.3	SRR5949360	1.149727479151349
RP11-337N6.3	SRR5949361	1.1496653216499102
RP11-337N6.3	SRR5949362	1.1478188840514512
RP11-337N6.3	SRR5949363	1.1498758641415114
RP11-337N6.3	SRR5949364	1.1496058907069004
RP11-337N6.3	SRR5949365	1.1494121443044876
RP11-337N6.3	SRR5949366	1.1474377159067004
RP11-337N6.3	SRR5949367	1.1499000124654937
RP11-337N6.3	SRR5949368	1.148804618132568
RP11-337N6.3	SRR5949369	1.1498758641415114
RP11-337N6.3	SRR5949370	1.1498283651018633
RP11-337N6.3	SRR5949371	1.1495565511841175
RP11-337N6.3	SRR5949372	1.149801355279094
RP11-337N6.3	SRR5949373	1.1498758641415114
RP11-337N6.3	SRR5949374	1.1496516232140812
RP11-337N6.3	SRR5949375	1.1498758641415114
RP11-337N6.3	SRR5949376	1.1499000124654937
RP11-337N6.3	SRR5949377	1.1498041981068907
RP11-337N6.3	SRR5949378	1.1499000124654937
RP11-337N6.3	SRR5949379	1.1498041981068907
RP11-337N6.3	SRR5949380	1.1489471817569916
RP11-337N6.3	SRR5949381	1.1495012298161975
RP11-337N6.3	SRR5949382	1.1498283651018633
RP11-337N6.3	SRR5949383	1.1496993836519698
RP11-337N6.3	SRR5949384	1.1498758641415114
RP11-337N6.3	SRR5949385	1.149659680044542
RP11-337N6.3	SRR5949386	1.1499000124654937
RP11-337N6.3	SRR5949387	1.147930185304594
RP11-337N6.3	SRR5949388	1.1495224477062624
RP11-337N6.3	SRR5949389	1.1499000124654937
RP11-337N6.3	SRR5949390	1.1497815594090803
RP11-337N6.3	SRR5949391	1.1495565511841175
RP11-337N6.3	SRR5949392	1.1499000124654937
RP11-337N6.3	SRR5949393	1.1495565511841175
RP11-337N6.3	SRR5949394	1.1495012298161975
RP11-337N6.3	SRR5949395	1.1497815594090803
RP11-337N6.3	SRR5949396	1.1489204896371397
RP11-337N6.3	SRR5949397	1.1498758641415114
RP11-337N6.3	SRR5949398	1.1498700492655702
RP11-337N6.3	SRR5949399	1.1497815594090803
RP11-337N6.3	SRR5949400	1.1442239823514004
RP11-337N6.3	SRR5949401	1.1499000124654937
RP11-337N6.3	SRR5949402	1.149801355279094
RP11-337N6.3	SRR5949403	1.149757132515299
RP11-337N6.3	SRR5949404	1.1495611354981103
RP11-337N6.3	SRR5949405	1.1498041981068907
RP11-337N6.3	SRR5949406	1.1498758641415114
RP11-337N6.3	SRR5949407	1.1498041981068907
RP11-337N6.3	SRR5949408	1.1498041981068907
RP11-337N6.3	SRR5949409	1.149801355279094
RP11-337N6.3	SRR5949410	1.149801355279094
RP11-337N6.3	SRR5949411	1.1499000124654937
RP11-337N6.3	SRR5949412	1.1496653216499102
RP11-337N6.3	SRR5949413	1.1498041981068907
RP11-337N6.3	SRR5949414	1.1498283651018633
RP11-337N6.3	SRR5949415	1.1498700492655702
RP11-337N6.3	SRR5949416	1.149752993629983
RP11-337N6.3	SRR5949417	1.1496993836519698
RP11-337N6.3	SRR5949418	1.1498041981068907
RP11-337N6.3	SRR5949419	1.1498283651018633
RP11-337N6.3	SRR5949420	1.149727479151349
RP11-337N6.3	SRR5949421	1.1496993836519698
RP11-337N6.3	SRR5949422	1.149752993629983
RP11-337N6.3	SRR5949423	1.149752993629983
RP11-337N6.3	SRR5949424	1.1499000124654937
RP11-337N6.3	SRR5949425	1.149752993629983
RP11-337N6.3	SRR5949426	1.1498700492655702
RP11-337N6.3	SRR5949427	1.149752993629983
RP11-337N6.3	SRR5949428	1.1499000124654937
RP11-337N6.3	SRR5949429	1.149461221160821
RP11-337N6.3	SRR5949430	1.1497815594090803
RP11-337N6.3	SRR5949431	1.1497815594090803
RP11-337N6.3	SRR5949432	1.149801355279094
RP11-337N6.3	SRR5949433	1.149757132515299
RP11-337N6.3	SRR5949434	1.149757132515299
RP11-337N6.3	SRR5949435	1.1495510677538354
RP11-337N6.3	SRR5949436	1.1498283651018633
RP11-337N6.3	SRR5949437	1.149461221160821
RP11-337N6.3	SRR5949438	1.1493806150832857
RP11-337N6.3	SRR5949439	1.1498758641415114
RP11-337N6.3	SRR5949440	1.1498700492655702
RP11-337N6.3	SRR5949441	1.1498700492655702
RP11-337N6.3	SRR5949442	1.1496516232140812
RP11-337N6.3	SRR5949443	1.1495611354981103
RP11-337N6.3	SRR5949444	1.1495012298161975
RP11-337N6.3	SRR5949445	1.1499000124654937
RP11-337N6.3	SRR5949446	1.1498700492655702
RP11-337N6.3	SRR5949447	1.149757132515299
RP11-337N6.3	SRR5949448	1.1499000124654937
RP11-337N6.3	SRR5949449	1.1499000124654937
RP11-337N6.3	SRR5949450	1.1497815594090803
RP11-337N6.3	SRR5949451	1.1496993836519698
RP11-337N6.3	SRR5949452	1.1498041981068907
RP11-337N6.3	SRR5949453	1.1497815594090803
RP11-337N6.3	SRR5949454	1.1498041981068907
RP11-337N6.3	SRR5949455	1.149757132515299
RP11-337N6.3	SRR5949456	1.1498758641415114
RP11-337N6.3	SRR5949457	1.1498700492655702
RP11-337N6.3	SRR5949458	1.1498758641415114
RP11-337N6.3	SRR5949459	1.149801355279094
RP11-337N6.3	SRR5949460	1.1495611354981103
RP11-337N6.3	SRR5949461	1.1490004023259148
RP11-337N6.3	SRR5949462	1.1498283651018633
RP11-337N6.3	SRR5949463	1.1495510677538354
RP11-337N6.3	SRR5949464	1.1494610034998385
RP11-337N6.3	SRR5949465	1.1489587806071277
RP11-337N6.3	SRR5949466	1.1497815594090803
RP11-337N6.3	SRR5949467	1.1489471817569916
RP11-337N6.3	SRR5949468	1.1498283651018633
RP11-337N6.3	SRR5949469	1.1498700492655702
RP11-337N6.3	SRR5949470	1.1498041981068907
RP11-337N6.3	SRR5949471	1.149727479151349
RP11-337N6.3	SRR5949472	1.149801355279094
RP11-337N6.3	SRR5949473	1.149801355279094
RP11-337N6.3	SRR5949474	1.149757132515299
RP11-337N6.3	SRR5949475	1.1499000124654937
RP11-337N6.3	SRR5949476	1.1498041981068907
RP11-337N6.3	SRR5949477	1.1498700492655702
RP11-337N6.3	SRR5949478	1.149801355279094
RP11-337N6.3	SRR5949479	1.149283393549715
RP11-337N6.3	SRR5949480	1.149752993629983
RP11-337N6.3	SRR5949481	1.1498700492655702
RP11-337N6.3	SRR5949482	1.1496653216499102
RP11-337N6.3	SRR5949483	1.1492630102128836
RP11-337N6.3	SRR5949484	1.1498283651018633
RP11-337N6.3	SRR5949485	1.1495012298161975
RP11-337N6.3	SRR5949486	1.149757132515299
RP11-337N6.3	SRR5949487	1.149752993629983
RP11-337N6.3	SRR5949488	1.149461221160821
RP11-337N6.3	SRR5949489	1.1496058907069004
RP11-337N6.3	SRR5949490	1.1496058907069004
RP11-337N6.3	SRR5949491	1.149757132515299
RP11-337N6.3	SRR5949492	1.1496058907069004
RP11-337N6.3	SRR5949493	1.149727479151349
RP11-337N6.3	SRR5949494	1.1499000124654937
RP11-337N6.3	SRR5949495	1.1494707522857042
RP11-337N6.3	SRR5949496	1.149727479151349
RP11-337N6.3	SRR5949497	1.149727479151349
RP11-337N6.3	SRR5949498	1.1497815594090803
RP11-337N6.3	SRR5949499	1.1498283651018633
RP11-337N6.3	SRR5949500	1.1494121443044876
RP11-337N6.3	SRR5949501	1.149515806070026
RP11-337N6.3	SRR5949502	1.1492573238148507
RP11-337N6.3	SRR5949503	1.149639556483191
RP11-337N6.3	SRR5949504	1.1498041981068907
RP11-337N6.3	SRR5949505	1.1498041981068907
RP11-337N6.3	SRR5949506	1.1498041981068907
RP11-337N6.3	SRR5949507	1.1498700492655702
RP11-337N6.3	SRR5949508	1.149752993629983
RP11-337N6.3	SRR5949509	1.1498283651018633
RP11-337N6.3	SRR5949510	1.1498041981068907
RP11-337N6.3	SRR5949511	1.1489592829745587
RP11-337N6.3	SRR5949512	1.149801355279094
RP11-337N6.3	SRR5949513	1.1499000124654937
RP11-337N6.3	SRR5949514	1.149659680044542
RP11-337N6.3	SRR5949515	1.1498283651018633
RP11-337N6.3	SRR5949516	1.149757132515299
RP11-337N6.3	SRR5949517	1.1498041981068907
RP11-337N6.3	SRR5949518	1.149283393549715
RP11-337N6.3	SRR5949519	1.1496058907069004
RP11-337N6.3	SRR5949520	1.1498700492655702
RP11-337N6.3	SRR5949521	1.1490859664004887
RP11-337N6.3	SRR5949522	1.149801355279094
RP11-337N6.3	SRR5949523	1.1498700492655702
RP11-337N6.3	SRR5949524	1.149757132515299
RP11-337N6.3	SRR5949525	1.149659680044542
RP11-337N6.3	SRR5949526	1.1489944018824365
RP11-337N6.3	SRR5949527	1.149639556483191
RP11-337N6.3	SRR5949528	1.1483720675437479
RP11-337N6.3	SRR5949529	1.1495224477062624
RP11-337N6.3	SRR5949530	1.149727479151349
RP11-337N6.3	SRR5949531	1.1496653216499102
RP11-337N6.3	SRR5949532	1.1498700492655702
RP11-337N6.3	SRR5949533	1.1499000124654937
RP11-337N6.3	SRR5949534	1.149659680044542
RP11-337N6.3	SRR5949535	1.1498283651018633
RP11-337N6.3	SRR5949536	1.1497815594090803
RP11-337N6.3	SRR5949537	1.1498700492655702
RP11-337N6.3	SRR5949538	1.1499000124654937
RP11-337N6.3	SRR5949539	1.149727479151349
RP11-337N6.3	SRR5949540	1.1495611354981103
RP11-337N6.3	SRR5949541	1.149727479151349
RP11-337N6.3	SRR5949542	1.1495224477062624
RP11-337N6.3	SRR5949543	1.149752993629983
RP11-337N6.3	SRR5949544	1.1495611354981103
RP11-337N6.3	SRR5949545	1.149283393549715
RP11-337N6.3	SRR5949546	1.149639556483191
RP11-337N6.3	SRR5949547	1.1499000124654937
RP11-337N6.3	SRR5949548	1.149757132515299
RP11-337N6.3	SRR5949549	1.1494121443044876
RP11-337N6.3	SRR5949550	1.1489471817569916
RP11-337N6.3	SRR5949551	1.149801355279094
RP11-337N6.3	SRR5949552	1.1494823274298185
RP11-337N6.3	SRR5949553	1.1498758641415114
RP11-337N6.3	SRR5949554	1.1498041981068907
RP11-337N6.3	SRR5949555	1.1409427054301
RP11-337N6.3	SRR5949556	1.149515806070026
RP11-337N6.3	SRR5949557	1.1497815594090803
RP11-337N6.3	SRR5949558	1.1494707522857042
RP11-337N6.3	SRR5949559	1.1498283651018633
RP11-337N6.3	SRR5949560	1.1498283651018633
RP11-337N6.3	SRR5949561	1.1490061236504394
RP11-337N6.3	SRR5949562	1.1495012298161975
RP11-337N6.3	SRR5949563	1.1497815594090803
RP11-337N6.3	SRR5949564	1.149801355279094
RP11-337N6.3	SRR5949565	1.1498758641415114
RP11-337N6.3	SRR5949566	1.1498283651018633
RP11-337N6.3	SRR5949567	1.1479342052496542
RP11-337N6.3	SRR5949568	1.1495565511841175
RP11-337N6.3	SRR5949569	1.149614382860247
RP11-337N6.3	SRR5949570	1.149727479151349
RP11-337N6.3	SRR5949571	1.1493287860193127
RP11-337N6.3	SRR5949572	1.1496993836519698
RP11-337N6.3	SRR5949573	1.1495565511841175
RP11-337N6.3	SRR5949574	1.1497815594090803
RP11-337N6.3	SRR5949575	1.149752993629983
RP11-337N6.3	SRR5949576	1.1496993836519698
RP11-337N6.3	SRR5949577	1.1498758641415114
RP11-337N6.3	SRR5949578	1.1497815594090803
RP11-337N6.3	SRR5949579	1.1498283651018633
RP11-337N6.3	SRR5949580	1.1498283651018633
RP11-337N6.3	SRR5949581	1.1499000124654937
RP11-337N6.3	SRR5949582	1.149614382860247
RP11-337N6.3	SRR5949583	1.1498758641415114
RP11-337N6.3	SRR5949584	1.1489713533334538
RP11-337N6.3	SRR5949585	1.149801355279094
RP11-337N6.3	SRR5949586	1.1498041981068907
RP11-337N6.3	SRR5949587	1.149757132515299
RP11-337N6.3	SRR5949588	1.14823324140182
RP11-337N6.3	SRR5949589	1.1499000124654937
RP11-337N6.3	SRR5949590	1.149639556483191
RP11-337N6.3	SRR5949591	1.1498283651018633
RP11-337N6.3	SRR5949592	1.1496653216499102
RP11-337N6.3	SRR5949593	1.1499000124654937
RP11-337N6.3	SRR5949594	1.1496993836519698
RP11-337N6.3	SRR5949595	1.1498041981068907
RP11-337N6.3	SRR5949596	1.149757132515299
RP11-337N6.3	SRR5949597	1.1492327898220787
RP11-337N6.3	SRR5949598	1.149727479151349
RP11-337N6.3	SRR5949599	1.149639556483191
RP11-337N6.3	SRR5949600	1.1497815594090803
RP11-337N6.3	SRR5949601	1.1496993836519698
RP11-337N6.3	SRR5949602	1.1499000124654937
RP11-337N6.3	SRR5949603	1.149801355279094
RP11-337N6.3	SRR5949604	1.1498041981068907
RP11-337N6.3	SRR5949605	1.1496993836519698
RP11-337N6.3	SRR5949606	1.1494707522857042
RP11-337N6.3	SRR5949607	1.1498700492655702
RP11-337N6.3	SRR5949608	1.1490004023259148
RP11-337N6.3	SRR5950246	1.1489592829745587
RP11-337N6.3	SRR5950247	1.1494707522857042
RP11-337N6.3	SRR5950248	1.1497815594090803
RP11-337N6.3	SRR5950249	1.1499000124654937
RP11-337N6.3	SRR5950250	1.1495611354981103
RP11-337N6.3	SRR5950251	1.1497815594090803
RP11-337N6.3	SRR5950252	1.1498758641415114
RP11-337N6.3	SRR5950253	1.1498041981068907
RP11-337N6.3	SRR5950254	1.1494707522857042
RP11-337N6.3	SRR5950255	1.1492327898220787
RP11-337N6.3	SRR5950256	1.14882817140177
RP11-337N6.3	SRR5950257	1.1487945702274995
RP11-337N6.3	SRR5950258	1.149801355279094
RP11-337N6.3	SRR5950259	1.1498283651018633
RP11-337N6.3	SRR5950260	1.1497815594090803
RP11-337N6.3	SRR5950261	1.149801355279094
RP11-337N6.3	SRR5950262	1.149659680044542
RP11-337N6.3	SRR5950263	1.1492573238148507
RP11-337N6.3	SRR5950264	1.1498700492655702
RP11-337N6.3	SRR5950265	1.1495611354981103
RP11-337N6.3	SRR5950266	1.1489684643066176
RP11-337N6.3	SRR5950267	1.149801355279094
RP11-337N6.3	SRR5950268	1.1496993836519698
RP11-337N6.3	SRR5950269	1.149727479151349
RP11-337N6.3	SRR5950270	1.1494610034998385
RP11-337N6.3	SRR5950271	1.1499000124654937
RP11-337N6.3	SRR5950272	1.1499000124654937
RP11-337N6.3	SRR5950273	1.1497815594090803
RP11-337N6.3	SRR5950274	1.1496516232140812
RP11-337N6.3	SRR5950275	1.1496993836519698
RP11-337N6.3	SRR5950276	1.149801355279094
RP11-337N6.3	SRR5950277	1.149515806070026
RP11-337N6.3	SRR5950278	1.1492438683694057
RP11-337N6.3	SRR5950279	1.149757132515299
RP11-337N6.3	SRR5950280	1.1498041981068907
RP11-337N6.3	SRR5950281	1.1496993836519698
RP11-337N6.3	SRR5950282	1.1493287860193127
RP11-337N6.3	SRR5950283	1.149801355279094
RP11-337N6.3	SRR5950284	1.1466271340242074
RP11-337N6.3	SRR5950285	1.1494823274298185
RP11-337N6.3	SRR5950286	1.1497815594090803
RP11-337N6.3	SRR5950287	1.1491016556665985
RP11-337N6.3	SRR5950288	1.1495510677538354
RP11-337N6.3	SRR5950289	1.1490061236504394
RP11-337N6.3	SRR5950290	1.1498283651018633
RP11-337N6.3	SRR5950291	1.149801355279094
RP11-337N6.3	SRR5950292	1.1496653216499102
RP11-337N6.3	SRR5950293	1.1494610034998385
RP11-337N6.3	SRR5950294	1.1499000124654937
RP11-337N6.3	SRR5950295	1.1498758641415114
RP11-337N6.3	SRR5950296	1.149752993629983
RP11-337N6.3	SRR5950297	1.1494508753827517
RP11-337N6.3	SRR5950298	1.1498283651018633
RP11-337N6.3	SRR5950299	1.149614382860247
RP11-337N6.3	SRR5950300	1.149757132515299
RP11-337N6.3	SRR5950301	1.149801355279094
RP11-337N6.3	SRR5950302	1.149752993629983
RP11-337N6.3	SRR5950303	1.149614382860247
RP11-337N6.3	SRR5950304	1.149461221160821
RP11-337N6.3	SRR5950305	1.149752993629983
RP11-337N6.3	SRR5950306	1.149752993629983
RP11-337N6.3	SRR5950307	1.1496058907069004
RP11-337N6.3	SRR5950308	1.1496653216499102
RP11-337N6.3	SRR5950309	1.1496993836519698
RP11-337N6.3	SRR5950310	1.1497815594090803
RP11-337N6.3	SRR5950311	1.1498700492655702
RP11-337N6.3	SRR5950312	1.149801355279094
RP11-337N6.3	SRR5950313	1.1496653216499102
RP11-337N6.3	SRR5950314	1.1498283651018633
RP11-337N6.3	SRR5950315	1.149801355279094
RP11-337N6.3	SRR5950316	1.1498700492655702
RP11-337N6.3	SRR5950317	1.149614382860247
RP11-337N6.3	SRR5950318	1.1494610034998385
RP11-337N6.3	SRR5950319	1.149639556483191
RP11-337N6.3	SRR5950320	1.149614382860247
RP11-337N6.3	SRR5950321	1.148836459359721
RP11-337N6.3	SRR5950322	1.1495224477062624
RP11-337N6.3	SRR5950323	1.1496516232140812
RP11-337N6.3	SRR5950324	1.1498283651018633
RP11-337N6.3	SRR5950325	1.149659680044542
RP11-337N6.3	SRR5950326	1.149515806070026
RP11-337N6.3	SRR5950327	1.149801355279094
RP11-337N6.3	SRR5950328	1.149801355279094
RP11-337N6.3	SRR5950329	1.149752993629983
RP11-337N6.3	SRR5950330	1.149639556483191
RP11-337N6.3	SRR5950331	1.1493287860193127
RP11-337N6.3	SRR5950332	1.1494707522857042
RP11-337N6.3	SRR5950333	1.1498283651018633
RP11-337N6.3	SRR5950334	1.1498283651018633
RP11-337N6.3	SRR5950335	1.1498283651018633
RP11-337N6.3	SRR5950336	1.1477909267796054
RP11-337N6.3	SRR5950337	1.1490522198255662
RP11-337N6.3	SRR5950338	1.1484554126990747
RP11-337N6.3	SRR5950339	1.1499000124654937
RP11-337N6.3	SRR5950340	1.1496058907069004
RP11-337N6.3	SRR5950341	1.1496653216499102
RP11-337N6.3	SRR5950342	1.1498700492655702
RP11-337N6.3	SRR5950343	1.1496653216499102
RP11-337N6.3	SRR5950344	1.1495224477062624
RP11-337N6.3	SRR5950345	1.1496516232140812
RP11-337N6.3	SRR5950346	1.149801355279094
RP11-337N6.3	SRR5950347	1.149752993629983
RP11-337N6.3	SRR5950348	1.1496058907069004
RP11-337N6.3	SRR5950349	1.1498758641415114
RP11-337N6.3	SRR5950350	1.1497815594090803
RP11-337N6.3	SRR5950351	1.1491016556665985
RP11-337N6.3	SRR5950352	1.1498700492655702
RP11-337N6.3	SRR5950353	1.149752993629983
RP11-337N6.3	SRR5950354	1.1498700492655702
RP11-337N6.3	SRR5950355	1.1498700492655702
RP11-337N6.3	SRR5950356	1.1489979896611313
RP11-337N6.3	SRR5950357	1.1498700492655702
RP11-337N6.3	SRR5950358	1.149614382860247
RP11-337N6.3	SRR5950359	1.149727479151349
RP11-337N6.3	SRR5950360	1.1498700492655702
RP11-337N6.3	SRR5950361	1.1498700492655702
RP11-337N6.3	SRR5950362	1.1495224477062624
RP11-337N6.3	SRR5950363	1.1494508753827517
RP11-337N6.3	SRR5950364	1.149639556483191
RP11-337N6.3	SRR5950365	1.1498041981068907
RP11-337N6.3	SRR5950366	1.1498283651018633
RP11-337N6.3	SRR5950367	1.1489024179979748
RP11-337N6.3	SRR5950368	1.149752993629983
RP11-337N6.3	SRR5950369	1.1499000124654937
RP11-337N6.3	SRR5950370	1.1499000124654937
RP11-337N6.3	SRR5950371	1.149801355279094
RP11-337N6.3	SRR5950372	1.1498041981068907
RP11-337N6.3	SRR5950373	1.149757132515299
RP11-337N6.3	SRR5950374	1.149757132515299
RP11-337N6.3	SRR5950375	1.1498700492655702
RP11-337N6.3	SRR5950376	1.1499000124654937
RP11-337N6.3	SRR5950377	1.1494121443044876
RP11-337N6.3	SRR5950378	1.149757132515299
RP11-337N6.3	SRR5950379	1.149752993629983
RP11-337N6.3	SRR5950380	1.1496653216499102
RP11-337N6.3	SRR5950381	1.149659680044542
RP11-337N6.3	SRR5950382	1.1491016556665985
RP11-337N6.3	SRR5950383	1.1498758641415114
RP11-337N6.3	SRR5950384	1.1498283651018633
RP11-337N6.3	SRR5950385	1.1490859664004887
RP11-337N6.3	SRR5950386	1.1498700492655702
RP11-337N6.3	SRR5950387	1.1498758641415114
RP11-337N6.3	SRR5950388	1.1495611354981103
RP11-337N6.3	SRR5950389	1.1485352709618715
RP11-337N6.3	SRR5950390	1.1496993836519698
RP11-337N6.3	SRR5950391	1.1499000124654937
RP11-337N6.3	SRR5950392	1.1491016556665985
RP11-337N6.3	SRR5950393	1.1495565511841175
RP11-337N6.3	SRR5950394	1.149727479151349
RP11-337N6.3	SRR5950395	1.149752993629983
RP11-337N6.3	SRR5950396	1.1499000124654937
RP11-337N6.3	SRR5950397	1.1498758641415114
RP11-337N6.3	SRR5950398	1.1498758641415114
RP11-337N6.3	SRR5950399	1.149659680044542
RP11-337N6.3	SRR5950400	1.1496993836519698
RP11-337N6.3	SRR5950401	1.1498700492655702
RP11-337N6.3	SRR5950402	1.1498700492655702
RP11-337N6.3	SRR5950403	1.1497815594090803
RP11-337N6.3	SRR5950404	1.1498041981068907
RP11-337N6.3	SRR5950405	1.14823324140182
RP11-337N6.3	SRR5950406	1.1493806150832857
RP11-337N6.3	SRR5950407	1.149801355279094
RP11-337N6.3	SRR5950408	1.149461221160821
RP11-337N6.3	SRR5950409	1.1495565511841175
RP11-337N6.3	SRR5950410	1.1499000124654937
RP11-337N6.3	SRR5950411	1.1498283651018633
RP11-337N6.3	SRR5950412	1.1498700492655702
RP11-337N6.3	SRR5950413	1.1493657120956842
RP11-337N6.3	SRR5950414	1.149801355279094
RP11-337N6.3	SRR5950415	1.149614382860247
RP11-337N6.3	SRR5950416	1.1496653216499102
RP11-337N6.3	SRR5950417	1.1496993836519698
RP11-337N6.3	SRR5950418	1.1495510677538354
RP11-337N6.3	SRR5950419	1.1498700492655702
RP11-337N6.3	SRR5950420	1.149752993629983
RP11-337N6.3	SRR5950421	1.1495611354981103
RP11-337N6.3	SRR5950422	1.1494707522857042
RP11-337N6.3	SRR5950423	1.149757132515299
RP11-337N6.3	SRR5950424	1.1498283651018633
RP11-337N6.3	SRR5950425	1.1498700492655702
RP11-337N6.3	SRR5950426	1.1496058907069004
RP11-337N6.3	SRR5950427	1.1498283651018633
RP11-337N6.3	SRR5950428	1.149757132515299
RP11-337N6.3	SRR5950429	1.1498700492655702
RP11-337N6.3	SRR5950430	1.149727479151349
RP11-337N6.3	SRR5950431	1.149727479151349
RP11-337N6.3	SRR5950432	1.1498041981068907
RP11-337N6.3	SRR5950433	1.149801355279094
RP11-337N6.3	SRR5950434	1.1495611354981103
RP11-337N6.3	SRR5950435	1.149757132515299
RP11-337N6.3	SRR5950436	1.1498700492655702
RP11-337N6.3	SRR5950437	1.149727479151349
RP11-337N6.3	SRR5950438	1.1498283651018633
RP11-337N6.3	SRR5950439	1.1498758641415114
RP11-337N6.3	SRR5950440	1.145365413736815
RP11-337N6.3	SRR5950441	1.1494707522857042
RP11-337N6.3	SRR5950442	1.1497815594090803
RP11-337N6.3	SRR5950443	1.149659680044542
RP11-337N6.3	SRR5950444	1.149801355279094
RP11-337N6.3	SRR5950445	1.1498041981068907
RP11-337N6.3	SRR5950446	1.1496516232140812
RP11-337N6.3	SRR5950447	1.1494257243385793
RP11-337N6.3	SRR5950448	1.149801355279094
RP11-337N6.3	SRR5950449	1.1498041981068907
RP11-337N6.3	SRR5950450	1.1498700492655702
RP11-337N6.3	SRR5950451	1.1499000124654937
RP11-337N6.3	SRR5950452	1.1494823274298185
RP11-337N6.3	SRR5950453	1.1498283651018633
RP11-337N6.3	SRR5950454	1.1494823274298185
RP11-337N6.3	SRR5950455	1.1498283651018633
RP11-337N6.3	SRR5950456	1.149757132515299
RP11-337N6.3	SRR5950457	1.149659680044542
RP11-337N6.3	SRR5950458	1.1499000124654937
RP11-337N6.3	SRR5950459	1.149752993629983
RP11-337N6.3	SRR5950460	1.149752993629983
RP11-337N6.3	SRR5950461	1.1497815594090803
RP11-337N6.3	SRR5950462	1.1492630102128836
RP11-337N6.3	SRR5950463	1.149614382860247
RP11-337N6.3	SRR5950464	1.149515806070026
RP11-337N6.3	SRR5950465	1.1449587156171235
RP11-337N6.3	SRR5950466	1.149801355279094
RP11-337N6.3	SRR5950467	1.149752993629983
RP11-337N6.3	SRR5950468	1.149801355279094
RP11-337N6.3	SRR5950469	1.149639556483191
RP11-337N6.3	SRR5950470	1.1498700492655702
RP11-337N6.3	SRR5963912	1.1499000124654937
RP11-337N6.3	SRR5963913	1.1495224477062624
RP11-337N6.3	SRR5963914	1.1499000124654937
RP11-337N6.3	SRR5963915	1.1495611354981103
RP11-337N6.3	SRR5963916	1.1494121443044876
RP11-337N6.3	SRR5963917	1.1496993836519698
RP11-337N6.3	SRR5963918	1.149727479151349
RP11-337N6.3	SRR5963919	1.1498041981068907
RP11-337N6.3	SRR5963920	1.149757132515299
RP11-337N6.3	SRR5963921	1.1498283651018633
RP11-337N6.3	SRR5963922	1.1496653216499102
RP11-337N6.3	SRR5963923	1.149727479151349
RP11-337N6.3	SRR5963924	1.1498041981068907
RP11-337N6.3	SRR5963925	1.1495224477062624
RP11-337N6.3	SRR5963926	1.149515806070026
RP11-337N6.3	SRR5963927	1.1498758641415114
RP11-337N6.3	SRR5963928	1.1494823274298185
RP11-337N6.3	SRR5963929	1.149801355279094
RP11-337N6.3	SRR5963930	1.1493287860193127
RP11-337N6.3	SRR5963931	1.1499000124654937
RP11-337N6.3	SRR5963932	1.149757132515299
RP11-337N6.3	SRR5963933	1.149659680044542
RP11-337N6.3	SRR5963934	1.1494257243385793
RP11-337N6.3	SRR5963935	1.1499000124654937
RP11-337N6.3	SRR5963936	1.1495510677538354
RP11-337N6.3	SRR5963937	1.1492573238148507
RP11-337N6.3	SRR5963938	1.149801355279094
RP11-337N6.3	SRR5963939	1.1498041981068907
RP11-337N6.3	SRR5963940	1.1498700492655702
RP11-337N6.3	SRR5963941	1.1499000124654937
RP11-337N6.3	SRR5963942	1.1499000124654937
RP11-337N6.3	SRR5963943	1.1498283651018633
RP11-337N6.3	SRR5963944	1.1499000124654937
RP11-337N6.3	SRR5963945	1.1498758641415114
RP11-337N6.3	SRR5963946	1.149801355279094
RP11-337N6.3	SRR5963947	1.149801355279094
RP11-337N6.3	SRR5963948	1.149801355279094
RP11-337N6.3	SRR6467548	11.107867358764748
RP11-337N6.3	SRR6467549	15.249500929005846
RP11-337N6.3	SRR6467550	5.047286731858156
RP11-337N6.3	SRR6467551	5.0822540953175785
RP11-337N6.3	SRR6467552	18.29741006620356
RP11-337N6.3	SRR6467553	4.127671013631988
RP11-337N6.3	SRR6467554	12.27059334746243
RP11-337N6.3	SRR6467555	6.086490972264893
RP11-337N6.3	SRR6467556	6.07096763258138
RP11-337N6.3	SRR6467557	9.102775669547633
RP11-337N6.3	SRR6467558	9.18195100159532
RP11-337N6.3	SRR6467559	15.032624360292855
RP11-337N6.3	SRR6467560	5.0510744319022765
RP11-337N6.3	SRR6467561	7.052157798044152
RP11-337N6.3	SRR6467562	9.034137187174288
RP11-337N6.3	SRR6467563	12.074361518024261
RP11-337N6.3	SRR6467564	3.0219330035057457
RP11-337N6.3	SRR6467565	10.096995243760967
RP11-337N6.3	SRR6467566	6.165178957257095
RP11-337N6.3	SRR6467567	5.0553643458195525
RP11-337N6.3	SRR6467568	4.016407799657114
RP11-337N6.3	SRR6467569	3.0439191299205954
RP11-337N6.3	SRR6467570	13.818555424463568
RP11-337N6.3	SRR6467571	13.009358065109298
RP11-337N6.3	SRR6467572	12.073829107652214
RP11-337N6.3	SRR6467573	12.0815794141886
RP11-337N6.3	SRR6467574	14
RP11-337N6.3	SRR6467575	8.573954349115752
RP11-337N6.3	SRR6467576	16.07479545160642
RP11-337N6.3	SRR6467577	8.011521764081627
RP11-337N6.3	SRR6467578	5.049369000287428
RP11-337N6.3	SRR6467579	8.084670650103881
RP11-337N6.3	SRR6467580	17.139465893848303
RP11-337N6.3	SRR6467581	16.343932799662262
RP11-337N6.3	SRR6467582	15.059709374430234
RP11-337N6.3	SRR6467583	12
RP11-337N6.3	SRR6467584	12.043572228992902
RP11-337N6.3	SRR6467585	7.25977704529803
RP11-337N6.3	SRR6467586	8.407018919852051
RP11-337N6.3	SRR6467587	13.448834430191027
RP11-337N6.3	SRR6467588	11.1334246192287
RP11-337N6.3	SRR6467589	6
RP11-337N6.3	SRR6467590	8.022107362437788
RP11-337N6.3	SRR6467591	8.084156815946677
RP11-337N6.3	SRR6467592	10.077795396441577
RP11-337N6.3	SRR6467593	11.04992116097585
RP11-337N6.3	SRR6467594	8.825180447251805
RP11-337N6.3	SRR6467595	17.037259650117484
RP11-337N6.3	SRR6467596	3
RP11-337N6.3	SRR6467597	9.34358099416029
RP11-337N6.3	SRR6467598	12.464422881510101
RP11-337N6.3	SRR6467599	6.022444457617189
RP11-337N6.3	SRR6467600	8.038548550804512
RP11-337N6.3	SRR6467601	14.07810344336241
RP11-337N6.3	SRR6467602	7.002006075084243
RP11-337N6.3	SRR6467603	15
RP11-337N6.3	SRR6467604	7.029573149889586
RP11-337N6.3	SRR6467605	9.032165204375536
RP11-337N6.3	SRR6467606	15
RP11-337N6.3	SRR6467607	12
RP11-337N6.3	SRR6467608	9.023645263341486
RP11-337N6.3	SRR6467609	12.002158970772523
RP11-337N6.3	SRR6467610	4.039926791937311
RP11-337N6.3	SRR6467611	13.938686194720114
RP11-337N6.3	SRR6467612	8.046432684300425
RP11-337N6.3	SRR6467613	15
RP11-337N6.3	SRR6467614	12
RP11-337N6.3	SRR6467615	8.101629928188183
RP11-337N6.3	SRR6467616	8.079142040126268
RP11-337N6.3	SRR6467617	10.066688641367247
RP11-337N6.3	SRR6467618	11
RP11-337N6.3	SRR6467619	9.053056268413625
RP11-337N6.3	SRR6467620	13.033702559275616
RP11-337N6.3	SRR6467621	8.040857551122633
RP11-337N6.3	SRR6467622	6.090365219830293
RP11-337N6.3	SRR6467623	12.212925764290093
RP11-337N6.3	SRR6467624	24.004317941545047
RP11-337N6.3	SRR6467625	16
RP11-337N6.3	SRR6467626	14
RP11-337N6.3	SRR6467627	8.080509980430637
RP11-337N6.3	SRR6467628	5
RP11-337N6.3	SRR6467629	7.876744814165603
RP11-337N6.3	SRR6467630	6.004319106973522
RP11-337N6.3	SRR6467631	12.01079873885719
RP11-337N6.3	SRR6467632	13.09330700685834
RP11-337N6.3	SRR6467633	10
RP11-337N6.3	SRR6467634	15.059944352978516
RP11-337N6.3	SRR6467635	8.846746378456993
RP11-337N6.3	SRR6467636	7.070566736171218
RP11-337N6.3	SRR6467637	13
RP11-337N6.3	SRR6467638	12
RP11-337N6.3	SRR6467639	17.053864662922308
RP11-337N6.3	SRR6467640	17.355613945215566
RP11-337N6.3	SRR6467641	8.07426226390045
RP11-337N6.3	SRR6467642	5.965091327026333
RP11-337N6.3	SRR6467643	6.0750780030370946
RP11-337N6.3	SRR6467644	14
RP11-337N6.3	SRR6467645	19.839798404608157
RP11-337N6.3	SRR6467646	6
RP11-337N6.3	SRR6467647	7.59218602313251
RP11-337N6.3	SRR6467648	12.069283607860644
RP11-337N6.3	SRR6467649	4.0211685435911715
RP11-337N6.3	SRR6467650	5.027365011296985
RP11-337N6.3	SRR6467651	10.02913173016367
RP11-337N6.3	SRR6467652	20.003598284620875
RP11-337N6.3	SRR6467653	11.109147054853208
RP11-337N6.3	SRR6467654	3.0112222288085944
RP11-337N6.3	SRR6467655	16
RP11-337N6.3	SRR6467656	11.350926619706923
RP11-337N6.3	SRR6467657	8
RP11-337N6.3	SRR6467658	12
RP11-337N6.3	SRR6467659	12.666091844665148
RP11-337N6.3	SRR6467660	20.136853610533272
RP11-337N6.3	SRR6467661	9.841324857061828
RP11-337N6.3	SRR6467662	13.419518018006574
RP11-337N6.3	SRR6467663	11.03069925435934
RP11-337N6.3	SRR6467664	6.444573325399541
RP11-337N6.3	SRR6467665	13
RP11-337N6.3	SRR6467666	11
RP11-337N6.3	SRR6467667	12.732783537034418
RP11-337N6.3	SRR6467668	6.5282990575766
RP11-337N6.3	SRR6467669	13
RP11-337N6.3	SRR6467670	10
RP11-337N6.3	SRR6467671	7.473035283112321
RP11-337N6.3	SRR6467672	6.053099084750637
RP11-337N6.3	SRR6467673	11.105490226572906
RP11-337N6.3	SRR6467674	6.037530407848117
RP11-337N6.3	SRR6467675	8.069135664056073
RP11-337N6.3	SRR6467676	4.6459835983866595
RP11-337N6.3	SRR6467677	9
RP11-337N6.3	SRR6467678	16
RP11-337N6.3	SRR6467679	8
RP11-337N6.3	SRR6467680	10.1072934295352
RP11-337N6.3	SRR6467681	10
RP11-337N6.3	SRR6467682	5.029925220030917
RP11-337N6.3	SRR6467683	13.145550745727878
RP11-337N6.3	SRR6467684	18.04666508207393
RP11-337N6.3	SRR6467685	3.0422876105368415
RP11-337N6.3	SRR6467686	10.014402205102032
RP11-337N6.3	SRR6467687	15.98872581600117
RP11-337N6.3	SRR6467688	15
RP11-337N6.3	SRR6467689	7.06932036294085
RP11-337N6.3	SRR6467690	11.060141755165516
RP11-337N6.3	SRR6467691	5.027740390684401
RP11-337N6.3	SRR6467692	8.008041830067754
RP11-337N6.3	SRR6467693	11.89050237361579
RP11-337N6.3	SRR6467694	8.060565647362555
RP11-337N6.3	SRR6467695	13.059396944602403
RP11-337N6.3	SRR6467696	6.75200309125929
RP11-337N6.3	SRR6467697	10
RP11-337N6.3	SRR6467698	6.028213133947646
RP11-337N6.3	SRR6467699	16
RP11-337N6.3	SRR6467700	20.325282096443196
RP11-337N6.3	SRR6467701	12
RP11-337N6.3	SRR6467702	6.086023822068546
RP11-337N6.3	SRR6467703	5.061675027411734
RP11-337N6.3	SRR6467704	9.02511757174855
RP11-337N6.3	SRR6467705	11.071836059296345
RP11-337N6.3	SRR6467706	8.147764098289286
RP11-337N6.3	SRR6467707	3
RP11-337N6.3	SRR6467708	7.012080624750691
RP11-337N6.3	SRR6467709	4
RP11-337N6.3	SRR6467710	13.011698633761956
RP11-337N6.3	SRR6467711	13.017750867317869
RP11-337N6.3	SRR6467712	3.0337419656689475
RP11-337N6.3	SRR6467713	16.891463519357387
RP11-337N6.3	SRR6467714	7.041800059420938
RP11-337N6.3	SRR6467715	13
RP11-337N6.3	SRR6467716	19
RP11-337N6.3	SRR6467717	13.1596505630686
RP11-337N6.3	SRR6467718	2.0308182843426366
RP11-337N6.3	SRR6467719	5.018022206998675
RP11-337N6.3	SRR6467720	9
RP11-337N6.3	SRR6467721	13.021065120146364
RP11-337N6.3	SRR6467722	14.976419251210375
RP11-337N6.3	SRR6467723	12
RP11-337N6.3	SRR6467724	14
RP11-337N6.3	SRR6467725	10
RP11-337N6.3	SRR6467726	9.544599342122563
RP11-337N6.3	SRR6467727	19.043507829223174
RP11-337N6.3	SRR6467728	16
RP11-337N6.3	SRR6467729	5.034451624107776
RP11-337N6.3	SRR6467730	8.017011021189884
RP11-337N6.3	SRR6467731	8.07904946951688
RP11-337N6.3	SRR6467732	4.953610105511641
RP11-337N6.3	SRR6467733	5.008629017679065
RP11-337N6.3	SRR6467734	9.93009289870723
RP11-337N6.3	SRR6467735	8.066121476455244
RP11-337N6.3	SRR6467736	5.031010889170946
RP11-337N6.3	SRR6467737	9.055856614411455
RP11-337N6.3	SRR6467738	7.0025190258185255
RP11-337N6.3	SRR6467739	12
RP11-337N6.3	SRR6467740	10.053430078042322
RP11-337N6.3	SRR6467741	10.020388684400043
RP11-337N6.3	SRR6467742	15
RP11-337N6.3	SRR6467743	17
RP11-337N6.3	SRR6467744	8
RP11-337N6.3	SRR6467745	10.00359860831218
RP11-337N6.3	SRR6467746	4.031733164608251
RP11-337N6.3	SRR6467747	14.075973555784644
RP11-337N6.3	SRR6467748	17.113469301836915
RP11-337N6.3	SRR6467749	12
RP11-337N6.3	SRR6467750	9.021348474134044
RP11-337N6.3	SRR6467751	3.045353749159729
RP11-337N6.3	SRR6467752	7.05750163929283
RP11-337N6.3	SRR6467753	14.643495959679408
RP11-337N6.3	SRR6467754	7.533400653317597
RP11-337N6.3	SRR6467755	4.475069796764884
RP11-337N6.3	SRR6467756	5.00630039786456
RP11-337N6.3	SRR6467757	13
RP11-337N6.3	SRR6467758	14
RP11-337N6.3	SRR6467759	7.03964375351049
RP11-337N6.3	SRR6467760	13.100545022051582
RP11-337N6.3	SRR6467761	13.047655425965436
RP11-337N6.3	SRR6467762	8.040044289142974
RP11-337N6.3	SRR6467763	4.785555447122138
RP11-337N6.3	SRR6467764	6.7872056359324775
RP11-337N6.3	SRR6467765	12.014919700879778
RP11-337N6.3	SRR6467766	8.118668228732991
RP11-337N6.3	SRR6467767	2.0136126505143666
RP11-337N6.3	SRR6467768	7.087336417132536
RP11-337N6.3	SRR6467769	8.14384388599927
RP11-337N6.3	SRR6467770	17
RP11-337N6.3	SRR6467771	11.28567559440491
RP11-337N6.3	SRR6467772	7.049790542898588
RP11-337N6.3	SRR6467773	8.031370641441047
RP11-337N6.3	SRR6868540	4.059334114366496
RP11-337N6.3	SRR6868541	7.194661850735536
RP11-337N6.3	SRR6868542	3.143970816977903
RP11-337N6.3	SRR6868543	5.076481356963776
RP11-337N6.3	SRR6868544	8.062805346804208
RP11-337N6.3	SRR6868545	4.099732062205301
RP11-337N6.3	SRR6868546	2.031816700408605
RP11-337N6.3	SRR6868557	3.1780801318850744
RP11-337N6.3	SRR6868558	5.246650478957879
RP11-337N6.3	SRR6868559	2.065663623302929
RP11-337N6.3	SRR6868560	6.059930007174135
RP11-337N6.3	SRR6868569	2.1238680436145336
RP11-337N6.3	SRR6868570	5.1090988578776555
RP11-337N6.3	SRR6868571	4.178976362742987
RP11-337N6.3	SRR6868572	6.0711012376805975
RP11-337N6.3	SRR6868573	6.247699324220857
RP11-337N6.3	SRR6868574	9.110222111694123
RP11-337N6.3	SRR6868575	3.077990945263334
RP11-337N6.3	SRR6868576	10.160012233415483
RP11-337N6.3	SRR6868577	2.065581517718717
RP11-337N6.3	SRR6868578	5.077885301047503
RP11-337N6.3	SRR6868579	3.132209829154682
RP11-337N6.3	SRR6868580	2.02155434233441
RP11-337N6.3	SRR6868581	2.06840601002594
RP11-337N6.3	SRR6868582	1.0329389684351513
RP11-337N6.3	SRR6868585	8.179134495493889
RP11-337N6.3	SRR6868586	4.23897561284327
RP11-337N6.3	SRR6868587	3.180184231457238
RP11-337N6.3	SRR6868588	6.043177061288728
RP11-337N6.3	SRR6868589	4.044138039472936
RP11-337N6.3	SRR6868590	1.0323588353795468
RP11-337N6.3	SRR6868591	3.0393779150705593
RP11-337N6.3	SRR6868604	3.2277165294099603
RP11-337N6.3	SRR6868605	1.032097998410507
RP11-337N6.3	SRR6868606	4.164238700370476
RP11-337N6.3	SRR6868607	3.1039578637373286
RP11-337N6.3	SRR6868608	3.0733939700765593
RP11-337N6.3	SRR6868609	1.0441915254956329
RP11-337N6.3	SRR6868610	1.0393379767471147
RP11-337N6.3	SRR6868620	3.034195024762036
RP11-337N6.3	SRR6868621	4.088226042564821
RP11-337N6.3	SRR6868622	5.121174202020439
RP11-337N6.3	SRR6868623	1.0549853092368588
RP11-337N6.3	SRR6868636	1.0440226673600839
RP11-337N6.3	SRR6868637	3.0783375479834207
RP11-337N6.3	SRR6868638	3.1391441174456376
RP11-337N6.3	SRR6868639	3.032504696065828
RP11-337N6.3	SRR6868650	2.0796637104046134
RP11-337N6.3	SRR6868651	2.0582832363459196
RP11-337N6.3	SRR6868652	2.061423224402527
RP11-337N6.3	SRR6868653	9.170592647916564
RP11-337N6.3	SRR6868654	2.0302393162976298
RP11-337N6.3	SRR6868655	7.248013025706766
RP11-337N6.3	SRR6868665	9.130216150151622
RP11-337N6.3	SRR6868666	10.102626902497999
RP11-337N6.3	SRR6868667	9.103880558538693
RP11-337N6.3	SRR6868668	2.014957206841066
RP11-337N6.3	SRR6868669	7.053492739210966
RP11-337N6.3	SRR6868670	2.0361812960633503
RP11-337N6.3	SRR6868671	3.0438921350513297
RP11-337N6.3	SRR6868683	2.025639753698722
RP11-337N6.3	SRR6868684	4.063120261266683
RP11-337N6.3	SRR6868685	4.086636162749523
RP11-337N6.3	SRR6868686	3.0309724860545217
RP11-337N6.3	SRR6868687	2.056312653743823
RP11-337N6.3	SRR6868688	5.136941967760596
RP11-337N6.3	SRR6868689	7.10412712866645
RP11-337N6.3	SRR6868698	9.16543149816653
RP11-337N6.3	SRR6868699	8.056462856631468
RP11-337N6.3	SRR6868700	4.064614040407442
RP11-337N6.3	SRR6868701	3.0318270605151194
RP11-337N6.3	SRR6868702	7.053811926383495
RP11-337N6.3	SRR6868713	3.031436620257672
RP11-337N6.3	SRR6868714	2.037390819675887
RP11-337N6.3	SRR6868715	9.075064220269995
RP11-337N6.3	SRR6868716	4.026876002109517
RP11-337N6.3	SRR6868717	4.041204081048585
RP11-337N6.3	SRR6868718	5.019502055949057
RP11-337N6.3	SRR6868719	6.009722363144476
RP11-337N6.3	SRR6868720	14.070937753652085
RP11-337N6.3	SRR6868721	7.07909097762394
RP11-337N6.3	SRR6868722	2.0338004703727357
RP11-337N6.3	SRR6868723	2.0393080290452854
RP11-337N6.3	SRR6868724	9.087699096602275
RP11-337N6.3	SRR6868725	15.062653851286342
RP11-337N6.3	SRR6868726	10.024121563473647
RP11-337N6.3	SRR6868741	8.116353669371037
RP11-337N6.3	SRR7632756	1.0082581080507984
RP11-337N6.3	SRR7632757	5.138666430256556
RP11-337N6.3	SRR7632758	3.0318984628677295
RP11-337N6.3	SRR7632759	3.089324882363122
RP11-337N6.3	SRR7632760	2.040533801848868
RP11-337N6.3	SRR7632761	6.042903605656593
RP11-337N6.3	SRR7632762	1.0486325447319236
RP11-337N6.3	SRR7632763	1.0163814821934867
RP11-337N6.3	SRR7632764	5.184945211071694
RP11-337N6.3	SRR7632765	3.0078817544471623
RP11-337N6.3	SRR7632766	5.1555712424728135
RP11-337N6.3	SRR7632767	3.0071161580446812
RP11-337N6.3	SRR7632768	3.048564509625553
RP11-337N6.3	SRR7632769	2.022954242016106
RP11-337N6.3	SRR7632770	2.0165582356911234
RP11-337N6.3	SRR7632771	2.0519096269269013
RP11-337N6.3	SRR7632772	1.0191645376419036
RP11-337N6.3	SRR7632773	5.02714333321719
RP11-337N6.3	SRR7632774	4.025388234481249
RP11-337N6.3	SRR7632775	5.112340755473821
RP11-337N6.3	SRR7632776	2.0757773060336837
RP11-337N6.3	SRR7632777	2.0481192779904096
RP11-337N6.3	SRR7632778	4.0167076936763575
RP11-337N6.3	SRR7632779	4.104466421404487
RP11-337N6.3	SRR7632780	7.025852733718216
RP11-337N6.3	SRR7632781	7.429978720004813
RP11-337N6.3	SRR7632782	4.054709350030832
RP11-337N6.3	SRR7632783	6.044034339942739
RP11-337N6.3	SRR7632784	8.069607081991293
RP11-337N6.3	SRR7632785	4.028709848264105
RP11-337N6.3	SRR7632786	1.0414066016427272
RP11-337N6.3	SRR7632787	8.031311920982414
RP11-337N6.3	SRR7632788	1.002266574999606
RP11-337N6.3	SRR7632789	4.072569621580261
RP11-337N6.3	SRR7632790	1.0098238663156869
RP11-337N6.3	SRR7632791	4.178969794790245
RP11-337N6.3	SRR7632792	5.036486881438229
RP11-337N6.3	SRR7632793	3.03631976217978
RP11-337N6.3	SRR7632794	3.020843311846087
RP11-337N6.3	SRR7632795	7.022586263026979
RP11-337N6.3	SRR7632796	5.085921152050254
RP11-337N6.3	SRR7632797	2.301591344502341
RP11-337N6.3	SRR7632798	11.063018896007492
RP11-337N6.3	SRR7632799	7.215489940217907
RP11-337N6.3	SRR7632800	2.029943425336359
RP11-337N6.3	SRR7632801	8.042091243321012
RP11-337N6.3	SRR7632802	1.0349955306780252
RP11-337N6.3	SRR7632803	1.0239958477751991
RP11-337N6.3	SRR7632804	1.0404738790189818
RP11-337N6.3	SRR7632805	5.01546805684347
RP11-337N6.3	SRR7632806	7.032293054124503
RP11-337N6.3	SRR7632807	4.0348690820064785
RP11-337N6.3	SRR7632808	8.065765806573252
RP11-337N6.3	SRR7632809	6.292662984142832
RP11-337N6.3	SRR7632810	7.0292097334040875
RP11-337N6.3	SRR7632811	8.054455347659495
RP11-337N6.3	SRR7632812	5.035916810165165
RP11-337N6.3	SRR7632813	3.0186278885461824
RP11-337N6.3	SRR7632814	4.014240752706545
RP11-337N6.3	SRR7632815	6.0472233650799225
RP11-337N6.3	SRR7632816	2.15056363034112
RP11-337N6.3	SRR7632817	2.083172301718206
RP11-337N6.3	SRR7632818	4.021701700118954
RP11-337N6.3	SRR7632819	4.009787588078992
RP11-337N6.3	SRR7632820	7.048193228989198
RP11-337N6.3	SRR7632821	11.018983838893943
RP11-337N6.3	SRR7632822	5.062917398880949
RP11-337N6.3	SRR7632823	6.022078030360807
RP11-337N6.3	SRR7632824	4.018297486771935
RP11-337N6.3	SRR7632825	8.02246110714689
RP11-337N6.3	SRR7632826	12.007741629217891
RP11-337N6.3	SRR7632827	3.1643888648958782
RP11-337N6.3	SRR7632828	4.103987927017778
RP11-337N6.3	SRR7632829	7.101444389681663
RP11-337N6.3	SRR7632830	5.242234771614319
RP11-337N6.3	SRR7632831	3.027836165149756
RP11-337N6.3	SRR7632832	5.07277884566528
RP11-337N6.3	SRR7632833	6.3104222204490314
RP11-337N6.3	SRR7632834	5.1459480972730525
RP11-337N6.3	SRR7632835	1.1099100147247651
RP11-337N6.3	SRR7632836	3.044811169586195
RP11-337N6.3	SRR7632837	5.032250077969928
RP11-337N6.3	SRR7632838	3.0754678319128708
RP11-337N6.3	SRR7632839	3.034463512569105
RP11-337N6.3	SRR7632840	4.122293380327303
RP11-337N6.3	SRR7632841	4.477024394684313
RP11-337N6.3	SRR7632842	6.011171099584151
RP11-337N6.3	SRR7632843	4.150061554785059
RP11-337N6.3	SRR7632844	2.0792628012990813
RP11-337N6.3	SRR7632845	8.040044289142974
RP11-337N6.3	SRR7632846	2.098980999659981
RP11-337N6.3	SRR7632847	3.0705817601745857
RP11-337N6.3	SRR7632848	6.054781481917478
RP11-337N6.3	SRR7632849	2.022769322842148
RP11-337N6.3	SRR7632850	8.10308515337669
RP11-337N6.3	SRR7632851	6.060671040749855
RP11-337N6.3	SRR7632852	5.00630039786456
RP11-337N6.3	SRR7632853	4.020310524015294
RP11-337N6.3	SRR7632854	1.0066032694373324
RP11-337N6.3	SRR7632855	17
RP11-337N6.3	SRR7632856	5.0324186631856644
RP11-337N6.3	SRR7632857	4.294305817905451
RP11-337N6.3	SRR7632858	3.1114738551170644
RP11-337N6.3	SRR7632859	3.118893336777196
RP11-337N6.3	SRR7632860	1.0753540533674661
RP11-337N6.3	SRR7632861	5.2719112442389395
RP11-337N6.3	SRR7632862	3.1054207468943686
RP11-337N6.3	SRR7632863	4.509852760518656
RP11-337N6.3	SRR7632864	2.2431051012728194
RP11-337N6.3	SRR7632865	11.016098632437858
RP11-337N6.3	SRR7632866	8.045307146869131
RP11-337N6.3	SRR7632867	4.04116170220863
RP11-337N6.3	SRR7632868	1.0256287182392447
RP11-337N6.3	SRR7632869	9.219970172379137
RP11-337N6.3	SRR7632870	8.030391003982434
RP11-337N6.3	SRR7632871	4.20395871521318
RP11-337N6.3	SRR7632872	4.128849861275059
RP11-337N6.3	SRR7632873	5.02103810374764
RP11-337N6.3	SRR7632874	11.029236915838982
RP11-337N6.3	SRR7632875	6.009906078213924
RP11-337N6.3	SRR7632876	5.070850149609257
RP11-337N6.3	SRR7632877	1.0410996360505937
RP11-337N6.3	SRR7632878	3.0662406630761647
RP11-337N6.3	SRR7632879	9.020399174996454
RP11-337N6.3	SRR7632880	7.122789370987046
RP11-337N6.3	SRR7632881	10.13756384887805
RP11-337N6.3	SRR7632882	6.143284587572021
RP11-337N6.3	SRR7632883	3.06743719117473
RP11-337N6.3	SRR7632884	3.1011192247255455
RP11-337N6.3	SRR7632885	6.0298242407916955
RP11-337N6.3	SRR7632886	6.193814925857787
RP11-337N6.3	SRR7632887	3.030322246960009
RP11-337N6.3	SRR7632888	3.1139304677307766
RP11-337N6.3	SRR7632889	7.239394952804846
RP11-337N6.3	SRR7632890	1.1020636592092161
RP11-337N6.3	SRR7632891	3.1411546678693543
RP11-337N6.3	SRR7632892	1.0058318842867344
RP11-337N6.3	SRR7632893	5.1906816263569855
RP11-337N6.3	SRR7632894	1.0470575746534403
RP11-337N6.3	SRR7632895	3.0347751273223693
RP11-337N6.3	SRR7632896	3.067944681950185
RP11-337N6.3	SRR7632897	10.040851311465163
RP11-337N6.3	SRR7632898	3.0112099210728935
RP11-337N6.3	SRR7632899	3.020855658956402
RP11-337N6.3	SRR7632900	7.046653693687637
RP11-337N6.3	SRR7632901	6.038165792413495
RP11-337N6.3	SRR7632902	6.2628256436491485
RP11-337N6.3	SRR7632903	3.013196800202575
RP11-337N6.3	SRR7632904	3.1578586302600353
RP11-337N6.3	SRR7632905	3.2795277760798056
RP11-337N6.3	SRR7632906	4.0660103413875515
RP11-337N6.3	SRR7632907	7.194077869356772
RP11-337N6.3	SRR7632908	6.024042216037946
RP11-337N6.3	SRR7632909	9.031091269225234
RP11-337N6.3	SRR7632910	4.152030919241321
RP11-337N6.3	SRR7632911	5.064921276618154
RP11-337N6.3	SRR7632912	5.078163793849079
RP11-337N6.3	SRR7632913	6.352334660030605
RP11-337N6.3	SRR7632914	3.0935168170905647
RP11-337N6.3	SRR7632915	4.179826591789048
RP11-337N6.3	SRR7632916	3.0596535859808207
RP11-337N6.3	SRR7632917	3.157183665295765
RP11-337N6.3	SRR7632918	3.077540562638899
RP11-337N6.3	SRR7632919	6.052405001155758
RP11-337N6.3	SRR7632920	4.04633244719107
RP11-337N6.3	SRR7632921	9.10941658427814
RP11-337N6.3	SRR7632922	10.086992082960846
RP11-337N6.3	SRR7632923	5.052375219255771
RP11-337N6.3	SRR7632924	3.088487228505141
RP11-337N6.3	SRR7632925	7.245610289581462
RP11-337N6.3	SRR7632926	8.14799154914138
RP11-337N6.3	SRR7632927	3.0615565026912512
RP11-337N6.3	SRR7632928	6.019828511492112
RP11-337N6.3	SRR7632929	3.12235659988616
RP11-337N6.3	SRR7632930	4.003599579619063
RP11-337N6.3	SRR7632931	6.004319106973522
RP11-337N6.3	SRR7632932	3.077077888767684
RP11-337N6.3	SRR7632933	3.063833176310646
RP11-337N6.3	SRR7632934	2.0087765839828466
RP11-337N6.3	SRR7632935	1.0101118401249758
RP11-337N6.3	SRR7632936	4.084210072814286
RP11-337N6.3	SRR7632937	7.101362855021328
RP11-337N6.3	SRR7632938	3.0800284531599176
RP11-337N6.3	SRR7632939	4.112415039921538
RP11-337N6.3	SRR7632940	3.019654573924624
RP11-337N6.3	SRR7632941	6.128850397147897
RP11-337N6.3	SRR7632942	1.0358472927277014
RP11-337N6.3	SRR7632943	9
RP11-337N6.3	SRR7632944	2.036769121918001
RP11-337N6.3	SRR7632945	12
RP11-337N6.3	SRR8928966	4.035608023623253
RP11-337N6.3	SRR8928967	4.069788594193581
RP11-337N6.3	SRR8928968	10.083576543049855
RP11-337N6.3	SRR8928969	1.0084157589021454
RP11-337N6.3	SRR8928970	6.058674258570581
RP11-337N6.3	SRR8928971	9.070322367674406
RP11-337N6.3	SRR8928972	1.0551062717044821
RP11-337N6.3	SRR8928973	4.024063186440894
RP11-337N6.3	SRR8928974	9.783690173422908
RP11-337N6.3	SRR8928975	33.391909807607064
RP11-337N6.3	SRR8928976	27.12823967486471
RP11-337N6.3	SRR8928977	12.237265515952078
RP11-337N6.3	SRR8928978	12.226913670675605
RP11-337N6.3	SRR8928979	1.0197172970945956
RP11-337N6.3	SRR8928980	1.016019416300132
RP11-337N6.3	SRR8928981	1.0118211977273175
RP11-337N6.3	SRR8928982	11.126409595852866
RP11-337N6.3	SRR8928983	9.017827540244198
RP11-337N6.3	SRR8928984	3.0169617034843017
RP11-337N6.3	SRR8928985	10.170563672128557
RP11-337N6.3	SRR8928986	6.054641946192947
RP11-337N6.3	SRR8928987	9
RP11-337N6.3	SRR8928988	3
RP11-337N6.3	SRR8928989	3.0541446599789497
RP11-337N6.3	SRR8928990	7.074285949485625
RP11-337N6.3	SRR8928991	4.072046107076906
RP11-337N6.3	SRR9835604	2.0288683589557173
RP11-337N6.3	SRR9835605	2.011246319240141
RP11-337N6.3	SRR9835606	5.011027967419533
RP11-337N6.3	SRR9835607	5.046242753067172
RP11-337N6.3	SRR9835608	2.0299701677070185
RP11-337N6.3	SRR9835609	4
RP11-337N6.3	SRR9835610	2.009376610263541
RP11-337N6.3	SRR9835611	3.003331721092254
RP11-337N6.3	SRR9835612	5.01370387697027
RP11-337N6.3	SRR9835613	4.023885748240536
RP11-337N6.3	SRR9835614	6.061054485626711
RP11-337N6.3	SRR9835615	1.0396846498825996
RP11-337N6.3	SRR9835616	7.052499662849718
RP11-337N6.3	SRR9835617	3.07010905805011
RP11-337N6.3	SRR9835618	4.021591727948812
RP11-337N6.3	SRR9835619	9
RP11-337N6.3	SRR9835620	5.024498906722606
RP11-337N6.3	SRR9835621	1.0066648133839482
RP11-337N6.3	SRR9835622	5.013864426095854
RP11-337N6.3	SRR9835623	7.001259399617306
RP11-337N6.3	SRR9835624	3.0666344919244537
RP11-337N6.3	SRR9835625	4.012716552278434
RP11-337N6.3	SRR9835626	9.06945351933919
RP11-337N6.3	SRR9835627	8.016690283329007
RP11-337N6.3	SRR9835628	4.028981203187128
RP11-337N6.3	SRR9835629	4.082040661804919
RP11-337N6.3	SRR9835630	2.111478522036065
RP11-337N6.3	SRR9835631	1.0808176609581337
RP11-337N6.3	SRR9835632	5.011707057310339
RP11-337N6.3	SRR9835633	3.022712117760958
RP11-337N6.3	SRR9835634	11.070273332572862
RP11-337N6.3	SRR9835635	6.059356530094701
RP11-337N6.3	SRR9835636	3.0061581470602596
RP11-337N6.3	SRR9835637	5.022607306425002
RP11-337N6.3	SRR9835638	4.039635197314432
RP11-337N6.3	SRR9835639	5.05290948579957
RP11-337N6.3	SRR9835640	6.1003670296625865
RP11-337N6.3	SRR9835641	2.0078426603602617
RP11-337N6.3	SRR9835642	3.0177298065123246
RP11-337N6.3	SRR9835643	7.026962234918967
RP11-337N6.3	SRR9835644	7.023081914562458
RP11-337N6.3	SRR9835645	3.0889602318658262
RP11-337N6.3	SRR9835646	5.047301206753445
RP11-337N6.3	SRR9835647	4.009720423896883
RP11-337N6.3	SRR9835648	4.1211512606244876
RP11-337N6.3	SRR9835649	6.071726308131056
RP11-337N6.3	SRR9835650	4.015372556984459
RP11-337N6.3	SRR9835651	8.00575880929803
RP11-337N6.3	SRR9835652	3.048058248900396
RP11-337N6.3	SRR9835653	5.013954206526972
RP11-337N6.3	SRR9835654	3.0305272428133554
RP11-337N6.3	SRR9835655	4.0206780560382285
RP11-337N6.3	SRR9835656	3.0081063446266825
RP11-337N6.3	SRR9835657	4.060475651816684
RP11-337N6.3	SRR9835658	7.014080276012568
RP11-337N6.3	SRR9835659	4.0241862006174385
RP11-337N6.3	SRR9835660	8.061169868472959
RP11-337N6.3	SRR9835661	5.020272187802134
RP11-337N6.3	SRR9835662	5.0615409865224
RP11-337N6.3	SRR9835663	4.081229442596507
RP11-337N6.3	SRR9835664	7.012080624750691
RP11-337N6.3	SRR9835665	3.0125724006353187
RP11-337N6.3	SRR9835666	7
RP11-337N6.3	SRR9835667	7.059097247996961
RP11-337N6.3	SRR9835668	11
RP11-337N6.3	SRR9835669	2.053217593322457
RP11-337N6.3	SRR9835670	4.055778751859249
RP11-337N6.3	SRR9835671	5.06799044923524
RP11-337N6.3	SRR9835672	5.00891909700182
RP11-337N6.3	SRR9835673	1.0228219628836945
RP11-337N6.3	SRR9835674	12.006478077676157
RP11-337N6.3	SRR9835675	2.010795863974406
RP11-337N6.3	SRR9835676	3.2674040261074278
RP11-337N6.3	SRR9835677	8.02126321151926
RP11-337N6.3	SRR9835678	6.036545478099922
RP11-337N6.3	SRR9835679	6.756045543064461
RP11-337N6.3	SRR9835680	6.147111040703804
RP11-337N6.3	SRR9835681	4.0121975226811255
RP11-337N6.3	SRR9835682	5.3035267594555116
RP11-337N6.3	SRR9835683	3.0190329710224972
RP11-337N6.3	SRR9835684	3.0759032340195533
RP11-337N6.3	SRR9835685	7.035876342429873
RP11-337N6.3	SRR9835686	3.0406006806637698
RP11-337N6.3	SRR9835687	2.0094043779825483
RP11-337N6.3	SRR9835688	6
RP11-337N6.3	SRR9835689	8.0591156977589
RP11-337N6.3	SRR9835690	6.012068808010773
RP11-337N6.3	SRR9835691	1.009018872251653
RP11-337N6.3	SRR9835692	4.073541092765879
RP11-337N6.3	SRR9835693	3.0122553934395486
RP11-337N6.3	SRR9835694	2.0208823861994465
RP11-337N6.3	SRR9835695	4.020923881184196
RP11-337N6.3	SRR9835696	4.039541245531217
RP11-337N6.3	SRR9835697	3.0154909539437615
RP11-337N6.3	SRR9835698	4.004020915033877
RP11-337N6.3	SRR9835699	3.004861181572238
RP11-337N6.3	SRR9835700	8.018132599996848
RP11-337N6.3	SRR9835701	7.0198167320848945
RP11-337N6.3	SRR9835702	8
RP11-337N6.3	SRR9835703	4.004319884158837
RP11-337N6.3	SRR9835704	5.023326462333064
RP11-337N6.3	SRR9835705	5.019981450992838
RP11-337N6.3	SRR9835706	2.1585270310309586
RP11-337N6.3	SRR9835707	4.004442294789672
RP11-337N6.3	SRR9835708	3.003189608670822
RP11-337N6.3	SRR9835709	6.002790827113169
RP11-337N6.3	SRR9835710	10.145636581420703
RP11-337N6.3	SRR9835711	4.001771394766191
RP11-337N6.3	SRR9835712	7.01765222862448
RP11-337N6.3	SRR9835713	8.015248226107783
RP11-337N6.3	SRR9835714	14.021638557182396
RP11-337N6.3	SRR9835715	10.051621648262731
RP11-337N6.3	SRR9835716	6.017928346551046
RP11-337N6.3	SRR9835717	4.013818341877882
RP11-337N6.3	SRR9835718	3.046858801576171
RP11-337N6.3	SRR9835719	4.0353613007404565
RP11-337N6.3	SRR9835720	5.031497200159151
RP11-337N6.3	SRR9835721	2.0305682250076837
RP11-337N6.3	SRR9835722	4.092856848821862
RP11-337N6.3	SRR9835723	4
RP11-337N6.3	SRR9835724	10.070578570789335
RP11-337N6.3	SRR9835725	6.167170040465406
RP11-337N6.3	SRR9835726	8.00575880929803
RP11-337N6.3	SRR9835727	8.055277020498613
RP11-337N6.3	SRR9835728	2.082000271753842
RP11-337N6.3	SRR9835729	6.01946048034647
RP11-337N6.3	SRR9835730	2.0079040393943504
RP11-337N6.3	SRR9835731	3.1534218311088162
RP11-337N6.3	SRR9835732	6.028377978050495
RP11-337N6.3	SRR9835733	11.049583379152462
RP11-337N6.3	SRR9835734	4.010509005929549
RP11-337N6.3	SRR9835735	3.0054936729223156
RP11-337N6.3	SRR9835736	4.049042372513704
RP11-337N6.3	SRR9835737	4.008676448495076
RP11-337N6.3	SRR9835738	8.01440479696297
RP11-337N6.3	SRR9835739	4.110471138971739
RP11-337N6.3	SRR9835740	4.120948513161462
RP11-337N6.3	SRR9835741	5.026715039021161
RP11-337N6.3	SRR9835742	2.037844825153892
RP11-337N6.3	SRR9835743	2.0689576539919834
RP11-337N6.3	SRR9835744	3.017596741865666
RP11-337N6.3	SRR9835745	2.045322397757989
RP11-337N6.3	SRR9835746	10.111132609495122
RP11-337N6.3	SRR9835747	2.010789380945191
RP11-337N6.3	SRR9835748	5.154263829208543
RP11-337N6.3	SRR9835749	8
RP11-337N6.3	SRR9835750	4.033671943199188
RP11-337N6.3	SRR9835751	4.03319727021994
RP11-337N6.3	SRR9835752	2.0819420009744323
RP11-337N6.3	SRR9835753	3.03296889873182
RP11-337N6.3	SRR9835754	7.009558159325007
RP11-337N6.3	SRR9835755	4.060039455340373
RP11-337N6.3	SRR9835756	3.140655648993355
RP11-337N6.3	SRR9835757	4.016217750241707
RP11-337N6.3	SRR9835758	7.040941126192446
RP11-337N6.3	SRR9835759	7.046535661816486
RP11-337N6.3	SRR9835760	8
RP11-337N6.3	SRR9835761	7.001259399617306
RP11-337N6.3	SRR9835762	3.308842782179769
RP11-337N6.3	SRR9835763	4.011762392448364
RP11-337N6.3	SRR9835764	12.032793205459537
RP11-337N6.3	SRR9835765	1.723569112766611
RP11-337N6.3	SRR9835766	4.106131359787679
RP11-337N6.3	SRR9835767	2.074908694576575
RP11-337N6.3	SRR9835768	5
RP11-337N6.3	SRR9835769	9
RP11-337N6.3	SRR9835770	3.060821273195584
RP11-337N6.3	SRR9835771	5.027418275806231
RP11-337N6.3	SRR9835772	2.0255123176144934
RP11-337N6.3	SRR9835773	11
RP11-337N6.3	SRR9835774	1.035585837974875
RP11-337N6.3	SRR9835775	3.015559052823305
RP11-337N6.3	SRR9835776	9.029466739660034
RP11-337N6.3	SRR9835777	4.009787588078992
RP11-337N6.3	SRR9835778	3.0128478064334607
RP11-337N6.3	SRR9835779	4.02840905814421
RP11-337N6.3	SRR9835780	3.0048108499675883
RP11-337N6.3	SRR9835781	5.127915501700574
RP11-337N6.3	SRR9835782	7.035446193692918
RP11-337N6.3	SRR9835783	14
RP11-337N6.3	SRR9835784	9.037316043243258
RP11-337N6.3	SRR9835785	2.0883721809694626
RP11-337N6.3	SRR9835786	5.049649217600025
RP11-337N6.3	SRR9835787	5.014481870803445
RP11-337N6.3	SRR9835788	10.01681633149913
RP11-337N6.3	SRR9835789	9
RP11-337N6.3	SRR9835790	3.0218503696966765
RP11-337N6.3	SRR9835791	6.167193744794107
RP11-337N6.3	SRR9835792	9.947153112826298
RP11-337N6.3	SRR9835793	7.014365989257516
RP11-337N6.3	SRR9835794	4.000719656924175
RP11-337N6.3	SRR9835795	3.1721798671343593
RP11-337N6.3	SRR9835796	4.023181083702865
RP11-337N6.3	SRR9835797	11
RP11-337N6.3	SRR9835798	7.011342757001889
RP11-337N6.3	SRR9835799	2.0040777368800087
RP11-337N6.3	SRR9835800	12.014223886133665
RP11-337N6.3	SRR9835801	3.015200947211161
RP11-337N6.3	SRR9835802	4.016107928028452
RP11-337N6.3	SRR9867812	10.294613111531433
RP11-337N6.3	SRR9867813	3.845476283229064
RP11-337N6.3	SRR9867814	8.25613952213183
RP11-337N6.3	SRR9867815	15.423728580307612
RP11-337N6.3	SRR9867816	10
RP11-337N6.3	SRR9867817	2.026138560831071
RP11-337N6.3	SRR9867818	23
RP11-337N6.3	SRR9867819	1.0365871752587312
RP11-337N6.3	SRR9867820	3
RP11-337N6.3	SRR9867821	10
RP11-337N6.3	SRR9867822	1.0102487295503935
RP11-337N6.3	SRR9867823	9.483235914567095
RP11-337N6.3	SRR9867824	21.00510095253165
RP11-337N6.3	SRR9867825	6.620956170538516
RP11-337N6.3	SRR9867826	2.668412191749253
RP11-337N6.3	SRR9867827	16.85411444362014
RP11-337N6.3	SRR9867828	1.0107911391691837
RP11-337N6.3	SRR9867829	6.665564175645987
RP11-337N6.3	SRR9867830	12
RP11-337N6.3	SRR9867831	5.176821171100202
RP11-337N6.3	SRR9879292	16.475213932420967
RP11-337N6.3	SRR9879293	6.087334614798335
RP11-337N6.3	SRR9879294	4.0802752658089245
RP11-337N6.3	SRR9879295	5.098614961420064
RP11-337N6.3	SRR9879296	8.095802155597099
RP11-337N6.3	SRR9879297	7.108454881433384
RP11-337N6.3	SRR9879298	6.063923281405578
RP11-337N6.3	SRR9879299	9.026218557147303
RP11-337N6.3	SRR9879300	10.146608527462949
RP11-337N6.3	SRR9879301	12.004318329974616
RP11-337N6.3	SRR9879302	5.051707205780673
RP11-337N6.3	SRR9879303	11.045946157609984
RP11-337N6.3	SRR9879304	7.116941763088154
RP11-337N6.3	SRR9879305	4.040322665861808
RP11-337N6.3	SRR9879306	9
RP11-337N6.3	SRR9879307	6.467316769073938
RP11-337N6.3	SRR9879308	5.05692330710537
RP11-337N6.3	SRR9879309	7.074597898841604
RP11-337N6.3	T50_307	23.123445560221196
RP11-337N6.3	T50_313	5.08009708150066
RP11-337N6.3	T50_317	19.311730657896987
RP11-337N6.3	T50_324	8.084620406698466
RP11-337N6.3	T50_427	5.078269611177232
RP11-337N6.3	T50_428	19.124279030607035
RP11-337N6.3	T50_431	19.090244907943855
RP11-337N6.3	T50_436	13.093383706429426
RP11-337N6.3	T50_476	2.0145669131311177
RP11-337N6.3	UN_307	13.167335270551426
RP11-337N6.3	UN_313	7.0976407038276825
RP11-337N6.3	UN_317	10.079997168012758
RP11-337N6.3	UN_323	5.045232321551853
RP11-337N6.3	UN_324	7.149774303881919
RP11-337N6.3	UN_427	14.107860160269109
RP11-337N6.3	UN_428	11.108783126041176
RP11-337N6.3	UN_431	15.136604865482369
RP11-337N6.3	UN_436	12.08522717443263
RP11-337N6.3	UN_476	9.079840485666734
