Gene	sample	counts
RP11-849H4.4	CM317	2.104321373819842
RP11-849H4.4	CMCD140	46.43299041316737
RP11-849H4.4	CMCD147	1.0404565910580479
RP11-849H4.4	CMCD152	12
RP11-849H4.4	CMCD154	20.197986539543788
RP11-849H4.4	CMCD159	1.0863042186135794
RP11-849H4.4	CMCD161	49.15008445651211
RP11-849H4.4	CMCD174	1.092629434806816
RP11-849H4.4	CMCD196	16.147035469216572
RP11-849H4.4	CMCD198	11.324453171185517
RP11-849H4.4	CMCD203	25.080982821131023
RP11-849H4.4	CMCD211	26.511497016103768
RP11-849H4.4	CMCD227	22.196983568403304
RP11-849H4.4	CMCD240	20.459252856489485
RP11-849H4.4	CMCD259	16
RP11-849H4.4	CMCD270	10.051908134952228
RP11-849H4.4	CMCD275	16.13662515515163
RP11-849H4.4	CMCD282	24.315858886204722
RP11-849H4.4	CMCD286	25.44760366088996
RP11-849H4.4	CMCD287	19
RP11-849H4.4	CMCD294	69.15688037044772
RP11-849H4.4	CMCD327	6.030832723651701
RP11-849H4.4	CMCD335	9.042348854458556
RP11-849H4.4	CMCD337	8.053394520983883
RP11-849H4.4	CMCD357	3.0634513925593887
RP11-849H4.4	CMCD398	7.042016503909523
RP11-849H4.4	CMCD403	25.17952510809633
RP11-849H4.4	CMCD422	11.022949139577387
RP11-849H4.4	CMCD426	1.1140469611806236
RP11-849H4.4	CMCD71	22.140498578610263
RP11-849H4.4	CMCD72	1.1510750061651915
RP11-849H4.4	CMCD76	9.020674925382371
RP11-849H4.4	CMCD88	6.001079485386262
RP11-849H4.4	CMSA256	26
RP11-849H4.4	CMSA316	15.122317671875503
RP11-849H4.4	CMUC110	16
RP11-849H4.4	CMUC192	7.094223148223964
RP11-849H4.4	CMUC199	20.56374810832963
RP11-849H4.4	CMUC200	8.018731291696543
RP11-849H4.4	CMUC208	43.10521657184916
RP11-849H4.4	CMUC231	19
RP11-849H4.4	CMUC234	15
RP11-849H4.4	CMUC285	6.06676162466864
RP11-849H4.4	CMUC291	19.12548301774703
RP11-849H4.4	CMUC295	9.008099054142892
RP11-849H4.4	CMUC299	4.011708129380773
RP11-849H4.4	CMUC301	10.005398398063464
RP11-849H4.4	CMUC307	6.016561123704446
RP11-849H4.4	CMUC313	1.0420413939922741
RP11-849H4.4	CMUC314	1.055846512835873
RP11-849H4.4	CMUC323	7.168734348239399
RP11-849H4.4	CMUC324	16.014398318476253
RP11-849H4.4	CMUC331	10.091574614003985
RP11-849H4.4	CMUC333	2.046477508007721
RP11-849H4.4	CMUC334	2.0300260143181053
RP11-849H4.4	CMUC346	17.184439527847882
RP11-849H4.4	CMUC352	14.08475551689794
RP11-849H4.4	CMUC360	24.034565292244878
RP11-849H4.4	CMUC363	6.15825340622597
RP11-849H4.4	CMUC365	22.14723150353791
RP11-849H4.4	CMUC366	9.030140944872068
RP11-849H4.4	CMUC368	45
RP11-849H4.4	CMUC377	13.053064620238818
RP11-849H4.4	CMUC379	1.0708063663103926
RP11-849H4.4	CMUC380	7.127934970479819
RP11-849H4.4	CMUC383	8.11428781317129
RP11-849H4.4	CMUC394	31.236272487084246
RP11-849H4.4	CMUC419	6.149695513774306
RP11-849H4.4	CMUC427	25
RP11-849H4.4	CMUC428	2.0126941172406245
RP11-849H4.4	CMUC431	25.04646549542014
RP11-849H4.4	CMUC435	16.080310790179418
RP11-849H4.4	CMUC439	4.025744430325899
RP11-849H4.4	CMUC89	9
RP11-849H4.4	CS219	14.034685580494548
RP11-849H4.4	CS256	13.029768514731645
RP11-849H4.4	CS257	8.755417420279716
RP11-849H4.4	CS259	20.030912224546277
RP11-849H4.4	CS261	27.643221963466047
RP11-849H4.4	CS266	1.0357806251843706
RP11-849H4.4	CS270	28.36426611376891
RP11-849H4.4	CS277	28.942334818288828
RP11-849H4.4	CS288	20.180314563116216
RP11-849H4.4	CS290	24.19179999669424
RP11-849H4.4	CS292	16.22367250134927
RP11-849H4.4	CS293	14.235880284309797
RP11-849H4.4	CS301	9.24071259292883
RP11-849H4.4	CS306	25.97153864235346
RP11-849H4.4	CS308	3.0797298456186204
RP11-849H4.4	CS315	13.364237673630427
RP11-849H4.4	CS317	24.662864581169206
RP11-849H4.4	CS322	11.147606057308751
RP11-849H4.4	CS327	21.099967921954036
RP11-849H4.4	CS328	15.849442417555272
RP11-849H4.4	CS330	1.0768616883015538
RP11-849H4.4	CS331	11.206795647534525
RP11-849H4.4	CS335	5.048120692723963
RP11-849H4.4	CS338	10.30832702181411
RP11-849H4.4	CS339	1.1707547739034676
RP11-849H4.4	CS343	15.121183679287475
RP11-849H4.4	CS344	8.113050048730129
RP11-849H4.4	CS350	16.37180830845226
RP11-849H4.4	CS351	34.28260441445605
RP11-849H4.4	CS361	5.119951969198074
RP11-849H4.4	CS388	1.034963282410878
RP11-849H4.4	CS396	6.065422778299019
RP11-849H4.4	CS405	2.050744909730981
RP11-849H4.4	CS415	11.845887127515374
RP11-849H4.4	CS424	1.0376219614625826
RP11-849H4.4	IM293	13.069335742203796
RP11-849H4.4	IM296	58.71231131196249
RP11-849H4.4	IM297	47.247105169294095
RP11-849H4.4	IM300	32
RP11-849H4.4	IM305	25.251252135981673
RP11-849H4.4	IM309	28.842571334130366
RP11-849H4.4	IM310	24.33023471728205
RP11-849H4.4	IM311	18.22458469617747
RP11-849H4.4	IM316	17.08816796599873
RP11-849H4.4	IM320	4.19043895283281
RP11-849H4.4	IM330	16.169511653684967
RP11-849H4.4	IM332	36.071264894798446
RP11-849H4.4	IM340	21.12560293550106
RP11-849H4.4	IM348	7.258730238946168
RP11-849H4.4	IM354	6.043492137373916
RP11-849H4.4	IM356	37.31857194056892
RP11-849H4.4	IM364	1.017386683482945
RP11-849H4.4	IM372	16.999842203760924
RP11-849H4.4	IM374	18.890127543183997
RP11-849H4.4	IM376	14.21243604292937
RP11-849H4.4	IM381	7.087890536992264
RP11-849H4.4	IM382	3.0955218047546893
RP11-849H4.4	IM385	15
RP11-849H4.4	IM390	1.028703799246213
RP11-849H4.4	IM397	6.068307968526444
RP11-849H4.4	IM404	18.051885274599442
RP11-849H4.4	IM409	16.091663848738172
RP11-849H4.4	IM412	14
RP11-849H4.4	IM421	4.063593855035529
RP11-849H4.4	IM425	87.50800938917718
RP11-849H4.4	IM432	5.210071821593118
RP11-849H4.4	IM438	30
RP11-849H4.4	IM442	3.1278291843562753
RP11-849H4.4	IM445	4.0462191885929375
RP11-849H4.4	IM448	15.345383869725334
RP11-849H4.4	IM449	12.101359029747277
RP11-849H4.4	IM451	14.072608913175422
RP11-849H4.4	IMSA256	10.040992210696567
RP11-849H4.4	IMSA276	14
RP11-849H4.4	IMSA286	13
RP11-849H4.4	IMSA343	12.150249442563261
RP11-849H4.4	IS_238	10
RP11-849H4.4	IS238	31.73354247390733
RP11-849H4.4	IS243	8
RP11-849H4.4	IS253	12
RP11-849H4.4	IS283	18
RP11-849H4.4	IS322	38.40430951000285
RP11-849H4.4	IS399	18.13055328408984
RP11-849H4.4	IS418	1.0947511027862358
RP11-849H4.4	IS430	2.1695096796608326
RP11-849H4.4	IS437	1.0822383787243768
RP11-849H4.4	IS444	3.1135491679479173
RP11-849H4.4	R276CMSA	31.94776592370167
RP11-849H4.4	R286CMSA	12
RP11-849H4.4	R292CMSA	32.1346438639849
RP11-849H4.4	R292IMSA	15.076250971568603
RP11-849H4.4	R308CMSA	1.070354522560454
RP11-849H4.4	R316IMSA	4.079460215911707
RP11-849H4.4	R347CMSA	7.475614143042215
RP11-849H4.4	R347IMSA	1.0654084912781197
RP11-849H4.4	R371CMSA	6.023977741191406
RP11-849H4.4	SRR10104064	2.2261654363471575
RP11-849H4.4	SRR10104065	5.0293279031094436
RP11-849H4.4	SRR10104066	3.0562690021078818
RP11-849H4.4	SRR10104067	6.13954282362242
RP11-849H4.4	SRR10104068	3.0140144296275695
RP11-849H4.4	SRR10104069	7.0804356169746425
RP11-849H4.4	SRR10104070	4.1183462182290045
RP11-849H4.4	SRR10104071	1.1619835297694339
RP11-849H4.4	SRR10104072	1.071723239794756
RP11-849H4.4	SRR10104073	2.0916715754495523
RP11-849H4.4	SRR10104074	1.099722320793923
RP11-849H4.4	SRR10104075	1.1547542285600578
RP11-849H4.4	SRR10104076	1.0278239688724724
RP11-849H4.4	SRR10104077	3.312225696241078
RP11-849H4.4	SRR10104078	3.125764204850491
RP11-849H4.4	SRR10104079	1.092856600461782
RP11-849H4.4	SRR10104080	1.1254280913603063
RP11-849H4.4	SRR10104081	1.0158936181922817
RP11-849H4.4	SRR10104082	1.085647260281074
RP11-849H4.4	SRR10104083	4.262386825763664
RP11-849H4.4	SRR10104084	3.210372464506616
RP11-849H4.4	SRR10104085	6.134911277927602
RP11-849H4.4	SRR10104086	2.0498660311026504
RP11-849H4.4	SRR10104087	5.016049024490522
RP11-849H4.4	SRR10104088	5.045594148965629
RP11-849H4.4	SRR10104089	2.2774248231285403
RP11-849H4.4	SRR10104090	3.0795164805366944
RP11-849H4.4	SRR10104091	2.085862615029333
RP11-849H4.4	SRR10104092	4.051061445293093
RP11-849H4.4	SRR10104093	3.104313638261847
RP11-849H4.4	SRR10104094	5.172220412274222
RP11-849H4.4	SRR10104095	3.1665889758381707
RP11-849H4.4	SRR10104096	1.1499993829134103
RP11-849H4.4	SRR10104097	3.1962988792223257
RP11-849H4.4	SRR10104098	3.0898996323910444
RP11-849H4.4	SRR10104099	3.144944458515292
RP11-849H4.4	SRR10104100	2.0585601119876684
RP11-849H4.4	SRR10104101	10.055788173830294
RP11-849H4.4	SRR10104102	8.122831747776875
RP11-849H4.4	SRR10104103	1.0533097010473917
RP11-849H4.4	SRR10104104	5.077580014829323
RP11-849H4.4	SRR10104105	1.0837919884500646
RP11-849H4.4	SRR10104106	3.40113311181829
RP11-849H4.4	SRR10104107	4.038352913698131
RP11-849H4.4	SRR10104108	1.0068598403855975
RP11-849H4.4	SRR10104109	1.122307744225592
RP11-849H4.4	SRR10104110	1.1932010382175424
RP11-849H4.4	SRR10104111	1.0329711095071032
RP11-849H4.4	SRR10104112	1.189872391069202
RP11-849H4.4	SRR10104113	3.1088562536239817
RP11-849H4.4	SRR10104114	2.350621764826783
RP11-849H4.4	SRR10104115	1.1481195623107094
RP11-849H4.4	SRR10104116	1.0476231912417615
RP11-849H4.4	SRR10104117	3.1178782866274166
RP11-849H4.4	SRR10104118	4.591960941548653
RP11-849H4.4	SRR10104119	1.1922096850664645
RP11-849H4.4	SRR10104120	1.0274397025883788
RP11-849H4.4	SRR10104121	1.0845670123047944
RP11-849H4.4	SRR10104122	2.186190212028249
RP11-849H4.4	SRR10104123	3.2552041817546282
RP11-849H4.4	SRR10104124	3.358204819504422
RP11-849H4.4	SRR10104125	2.2064644177403347
RP11-849H4.4	SRR10104126	1.0403589846827273
RP11-849H4.4	SRR10104127	1.1896601506984525
RP11-849H4.4	SRR10104128	4.115832471043426
RP11-849H4.4	SRR10104129	3.0792757934334203
RP11-849H4.4	SRR10104130	1.0421022730678582
RP11-849H4.4	SRR10104131	5.056768723488842
RP11-849H4.4	SRR10104132	11.079593730351945
RP11-849H4.4	SRR10104133	2.3356208229503665
RP11-849H4.4	SRR10104134	2.060840926125253
RP11-849H4.4	SRR10104135	1.1047925227370805
RP11-849H4.4	SRR10104136	3.045160345406701
RP11-849H4.4	SRR10104137	1.1111543351913287
RP11-849H4.4	SRR10104138	1.1987125395645137
RP11-849H4.4	SRR10104139	3.0341529033046664
RP11-849H4.4	SRR10104140	4.583009143642586
RP11-849H4.4	SRR10104141	2.1224364154185893
RP11-849H4.4	SRR10104142	3.158253677935498
RP11-849H4.4	SRR10104143	5.04096755725129
RP11-849H4.4	SRR10104144	7.427582481428432
RP11-849H4.4	SRR10104145	2.12906032957427
RP11-849H4.4	SRR10104146	2.01925653037473
RP11-849H4.4	SRR10104147	4.006836098274579
RP11-849H4.4	SRR10104148	2.1062931336637565
RP11-849H4.4	SRR10104149	3.143850038816611
RP11-849H4.4	SRR10104150	3.0349562564125794
RP11-849H4.4	SRR10104151	10.076598631587604
RP11-849H4.4	SRR10104152	3.0168694788602117
RP11-849H4.4	SRR10104153	3.3152579010728442
RP11-849H4.4	SRR10104154	2.061321572898917
RP11-849H4.4	SRR10104155	2.1812101606656795
RP11-849H4.4	SRR10104156	1.0040671518845923
RP11-849H4.4	SRR10104157	1.0501594045532703
RP11-849H4.4	SRR10104158	2.0411990078957887
RP11-849H4.4	SRR10104159	5.063363919888284
RP11-849H4.4	SRR10104160	1.1286682368212853
RP11-849H4.4	SRR10104161	7.012080624750691
RP11-849H4.4	SRR10104162	6.122889571223081
RP11-849H4.4	SRR10104163	1.0302878151561219
RP11-849H4.4	SRR10104164	1.019679849157473
RP11-849H4.4	SRR10104165	3.11735850894318
RP11-849H4.4	SRR10104166	2.0822207813824494
RP11-849H4.4	SRR10104167	4.090562162901803
RP11-849H4.4	SRR10104168	2.0580075846480503
RP11-849H4.4	SRR10104169	3.074741517318232
RP11-849H4.4	SRR10104170	1.0302024526513764
RP11-849H4.4	SRR10104171	2.0482079458782234
RP11-849H4.4	SRR10104172	1.03424738641328
RP11-849H4.4	SRR10104173	2.123617060436429
RP11-849H4.4	SRR10104174	1.034206476188313
RP11-849H4.4	SRR10104175	2.045322397757989
RP11-849H4.4	SRR10104176	2.045206106418064
RP11-849H4.4	SRR10104177	2.050912913482905
RP11-849H4.4	SRR10104178	2.0773914491770347
RP11-849H4.4	SRR10104179	1.0349830414340861
RP11-849H4.4	SRR10104180	1.0220069065577857
RP11-849H4.4	SRR10104181	8.216366240524287
RP11-849H4.4	SRR10104182	2.0709402448161387
RP11-849H4.4	SRR10104183	1.0485327945215122
RP11-849H4.4	SRR10104184	1.0213982799506043
RP11-849H4.4	SRR10104185	1.0655022783512398
RP11-849H4.4	SRR10104186	5.167038577288784
RP11-849H4.4	SRR10104187	2.1595155602862746
RP11-849H4.4	SRR10104188	3.1667587169634377
RP11-849H4.4	SRR10104189	1.0614348924771675
RP11-849H4.4	SRR10104190	1.1491016556665985
RP11-849H4.4	SRR10104191	2.2842575168334185
RP11-849H4.4	SRR10104192	1.0261807524628852
RP11-849H4.4	SRR10104193	1.0402803652655077
RP11-849H4.4	SRR10104194	2.0868969661198666
RP11-849H4.4	SRR10104195	4.170112874281706
RP11-849H4.4	SRR10104196	1.0410873692447795
RP11-849H4.4	SRR10104197	5.084718117581609
RP11-849H4.4	SRR10104198	1.0259518061643405
RP11-849H4.4	SRR10104199	2.1691046185110485
RP11-849H4.4	SRR10104200	1.0357609839017698
RP11-849H4.4	SRR10104201	2.052593223971268
RP11-849H4.4	SRR10104202	3.205335964349259
RP11-849H4.4	SRR10104203	3.06815882520902
RP11-849H4.4	SRR10104204	2.0632230660227964
RP11-849H4.4	SRR10104205	1.0269817679691475
RP11-849H4.4	SRR10104206	2.0580368107974585
RP11-849H4.4	SRR10104207	3.0986957277557408
RP11-849H4.4	SRR10104208	1.0176894368252343
RP11-849H4.4	SRR10104209	2.046397421151133
RP11-849H4.4	SRR10104210	1.0264643950508716
RP11-849H4.4	SRR10104211	4.075198417285282
RP11-849H4.4	SRR10104212	4.075141860828089
RP11-849H4.4	SRR10104213	2.1214487497574246
RP11-849H4.4	SRR10104214	1.0302508387945404
RP11-849H4.4	SRR10104215	5.053632980488269
RP11-849H4.4	SRR10104216	3.186542340107799
RP11-849H4.4	SRR10104217	11.27512136464121
RP11-849H4.4	SRR10104218	3.196693929585121
RP11-849H4.4	SRR10104219	2.1305296694084963
RP11-849H4.4	SRR10104220	2.0711386556406923
RP11-849H4.4	SRR10104221	1.090516632710812
RP11-849H4.4	SRR10104222	1.0387327316632746
RP11-849H4.4	SRR10104223	1.1801672204919216
RP11-849H4.4	SRR10104224	1.0254993311004128
RP11-849H4.4	SRR10104225	1.031660376130715
RP11-849H4.4	SRR10104226	1.0392769039353207
RP11-849H4.4	SRR10104227	2.1558776478784347
RP11-849H4.4	SRR10104228	1.1232105220166013
RP11-849H4.4	SRR10104229	1.0373617848705414
RP11-849H4.4	SRR10104230	1.1040752320803593
RP11-849H4.4	SRR10104231	1.07822501247679
RP11-849H4.4	SRR10104232	1.0611514448074382
RP11-849H4.4	SRR10104233	1.0734096428277802
RP11-849H4.4	SRR10104234	4.093731478432642
RP11-849H4.4	SRR10104235	2.0883830509912658
RP11-849H4.4	SRR10104236	6.055840992058864
RP11-849H4.4	SRR10104237	5.0928239859404645
RP11-849H4.4	SRR10104238	1.0719766937133695
RP11-849H4.4	SRR10104239	3.190074460548704
RP11-849H4.4	SRR10104240	3.224873975246293
RP11-849H4.4	SRR10104241	2.0818807853910393
RP11-849H4.4	SRR10104242	5.328170018300306
RP11-849H4.4	SRR10104243	1.0687486815714031
RP11-849H4.4	SRR10104244	2.0797631753907018
RP11-849H4.4	SRR10104245	1.0418117622330036
RP11-849H4.4	SRR10104246	1.108828569841403
RP11-849H4.4	SRR10104247	1.0579544780318526
RP11-849H4.4	SRR10104248	1.076529224426155
RP11-849H4.4	SRR10104249	1.0273315870858695
RP11-849H4.4	SRR10104250	1.157197552838617
RP11-849H4.4	SRR10104251	1.0471142307724335
RP11-849H4.4	SRR10104252	1.1838765721178106
RP11-849H4.4	SRR10104253	1.09991256534321
RP11-849H4.4	SRR10104254	1.0374696909056962
RP11-849H4.4	SRR10104255	4.124978209800732
RP11-849H4.4	SRR10104256	1.0295241963821637
RP11-849H4.4	SRR10104257	1.038122821814693
RP11-849H4.4	SRR10104258	2.0618362983952463
RP11-849H4.4	SRR10224277	1.0245658638211308
RP11-849H4.4	SRR10224278	1.0942848190075063
RP11-849H4.4	SRR10224279	1.0908476973919505
RP11-849H4.4	SRR10224280	1.0228352144410537
RP11-849H4.4	SRR10224281	6.097086929282875
RP11-849H4.4	SRR10224282	1.0506840927867773
RP11-849H4.4	SRR10224283	1.04241966767901
RP11-849H4.4	SRR10224284	1.1113405704367834
RP11-849H4.4	SRR10224285	1.1302600125483513
RP11-849H4.4	SRR10224286	2.0509455001392656
RP11-849H4.4	SRR10224287	5.171032380941565
RP11-849H4.4	SRR10224288	1.0982502736059643
RP11-849H4.4	SRR10224289	1.095574558517596
RP11-849H4.4	SRR10224290	1.0979938990127511
RP11-849H4.4	SRR10224291	1.031258864476703
RP11-849H4.4	SRR10224292	2.0237988346600675
RP11-849H4.4	SRR10224293	1.0308254672852508
RP11-849H4.4	SRR10224294	1.0583494992707134
RP11-849H4.4	SRR10224295	1.0871371976243258
RP11-849H4.4	SRR10224296	1.0551062717044821
RP11-849H4.4	SRR10224297	1.1298237190995832
RP11-849H4.4	SRR10224298	4.133067777122139
RP11-849H4.4	SRR10318388	4.030258015994881
RP11-849H4.4	SRR10318389	3.0144237689855213
RP11-849H4.4	SRR10318390	10.125492618247403
RP11-849H4.4	SRR10318391	3.0365648384728443
RP11-849H4.4	SRR10318392	11.155828332749534
RP11-849H4.4	SRR10318393	9.026218557147303
RP11-849H4.4	SRR10318394	6.081610288938351
RP11-849H4.4	SRR10318395	10.045521691478386
RP11-849H4.4	SRR10318396	5.041268458494195
RP11-849H4.4	SRR10318397	7.042445875112581
RP11-849H4.4	SRR10318398	9.032317799883286
RP11-849H4.4	SRR10318399	3.1506905613259986
RP11-849H4.4	SRR10318400	6.090179682948012
RP11-849H4.4	SRR10318401	1.0036964837029803
RP11-849H4.4	SRR10318402	6.0258603881270645
RP11-849H4.4	SRR10318403	4.019844884557992
RP11-849H4.4	SRR10318404	8.014270555202911
RP11-849H4.4	SRR10318405	9.02269572251719
RP11-849H4.4	SRR10318406	6.0280482943524065
RP11-849H4.4	SRR10318407	1.0099964007476554
RP11-849H4.4	SRR10318408	5.01546805684347
RP11-849H4.4	SRR10318409	12.038139265735925
RP11-849H4.4	SRR10318410	2.0082652899056073
RP11-849H4.4	SRR10318411	1.0036964837029803
RP11-849H4.4	SRR10318412	6.0297127174302005
RP11-849H4.4	SRR10318413	12.047319565468424
RP11-849H4.4	SRR10318414	2.0120931003087192
RP11-849H4.4	SRR10318415	4.026417477420427
RP11-849H4.4	SRR10318416	2.020255303981196
RP11-849H4.4	SRR10318417	8.058625352073726
RP11-849H4.4	SRR10318418	10.038295612714526
RP11-849H4.4	SRR10318419	6.024510786879097
RP11-849H4.4	SRR10318420	13.0238059159967
RP11-849H4.4	SRR10318421	5.02427735502165
RP11-849H4.4	SRR10318422	7.015127758918056
RP11-849H4.4	SRR10318423	7.011225316591039
RP11-849H4.4	SRR10318424	6.012799516172745
RP11-849H4.4	SRR10318425	10.066317697525907
RP11-849H4.4	SRR10318426	1.095574558517596
RP11-849H4.4	SRR10318427	2.216504799787421
RP11-849H4.4	SRR10318428	15.020940940753249
RP11-849H4.4	SRR10318429	10.040376195884992
RP11-849H4.4	SRR10318430	8.07080811010773
RP11-849H4.4	SRR10318431	7.036829837905885
RP11-849H4.4	SRR10318432	22.039613191648165
RP11-849H4.4	SRR10318433	1.275527749073799
RP11-849H4.4	SRR10318434	5.015842547918326
RP11-849H4.4	SRR10318435	4.0242844476375454
RP11-849H4.4	SRR10318436	9.025544644787203
RP11-849H4.4	SRR10318437	13.009358065109298
RP11-849H4.4	SRR10318438	14.018069628310641
RP11-849H4.4	SRR10318439	2.0082652899056073
RP11-849H4.4	SRR10318440	5.080080702703396
RP11-849H4.4	SRR10318441	7.019653468753529
RP11-849H4.4	SRR10318442	3.0872917794057386
RP11-849H4.4	SRR10318443	12.02789546620116
RP11-849H4.4	SRR10318444	4.035170354478419
RP11-849H4.4	SRR10318445	7.086980283170254
RP11-849H4.4	SRR10318446	8.032081315960541
RP11-849H4.4	SRR10318447	7.0751893052102295
RP11-849H4.4	SRR10318448	7.050242234462184
RP11-849H4.4	SRR10318449	12.0252246331327
RP11-849H4.4	SRR10318450	5.026989659936015
RP11-849H4.4	SRR10318451	10
RP11-849H4.4	SRR10318452	10.063470586203122
RP11-849H4.4	SRR10318453	5.100641471004699
RP11-849H4.4	SRR10318454	3.014382113023633
RP11-849H4.4	SRR10318455	8.049219405101477
RP11-849H4.4	SRR10318456	6.04015404641943
RP11-849H4.4	SRR10318457	7.011557091249578
RP11-849H4.4	SRR10318458	1.0130607665001055
RP11-849H4.4	SRR10318459	12.08005452835815
RP11-849H4.4	SRR10318460	6.024266865194383
RP11-849H4.4	SRR10318461	7.025136066575889
RP11-849H4.4	SRR10318462	3.0204454461891643
RP11-849H4.4	SRR10318463	9.028792584785272
RP11-849H4.4	SRR10318464	9.05748589189068
RP11-849H4.4	SRR10318465	17.017088888893976
RP11-849H4.4	SRR10318466	4.038289889074953
RP11-849H4.4	SRR10318467	16.082613229889056
RP11-849H4.4	SRR10318468	7.06948611175808
RP11-849H4.4	SRR10318469	4.014946561430524
RP11-849H4.4	SRR10318470	8
RP11-849H4.4	SRR10318471	13
RP11-849H4.4	SRR10318472	8.035951943688556
RP11-849H4.4	SRR10318473	12.047424236366101
RP11-849H4.4	SRR10318474	8.034260817155895
RP11-849H4.4	SRR10318475	7.02871364939995
RP11-849H4.4	SRR10318476	10.037100598776117
RP11-849H4.4	SRR10318495	11.013038562289193
RP11-849H4.4	SRR10318496	4.035756471538784
RP11-849H4.4	SRR10318497	5.028866697026237
RP11-849H4.4	SRR10318498	10.009445377129692
RP11-849H4.4	SRR10318499	14.017023016118898
RP11-849H4.4	SRR10318500	6.034973878229965
RP11-849H4.4	SRR10318501	11.054235508497154
RP11-849H4.4	SRR10318502	13.007017917482504
RP11-849H4.4	SRR10318503	10.01906028263473
RP11-849H4.4	SRR10318504	6.040930203980086
RP11-849H4.4	SRR10318505	11.00791836278479
RP11-849H4.4	SRR10318506	3.036420264174501
RP11-849H4.4	SRR10318507	3.0368424376312158
RP11-849H4.4	SRR10318508	3.093641174119416
RP11-849H4.4	SRR10318509	6.04232766127526
RP11-849H4.4	SRR10318510	4.03250125433914
RP11-849H4.4	SRR10318511	9.011340716156209
RP11-849H4.4	SRR10318512	3.0232559466872915
RP11-849H4.4	SRR10318513	5.016898329478009
RP11-849H4.4	SRR10318514	11.051188354595755
RP11-849H4.4	SRR10318515	1.012185016083506
RP11-849H4.4	SRR10318516	4.0241862006174385
RP11-849H4.4	SRR10318517	6.016212689253365
RP11-849H4.4	SRR10318518	9.066066939392881
RP11-849H4.4	SRR10318519	4.019299015479782
RP11-849H4.4	SRR10318520	11.02212614801975
RP11-849H4.4	SRR10318521	7.025726928004517
RP11-849H4.4	SRR10318522	13.018148815319483
RP11-849H4.4	SRR10318523	12.027566567176496
RP11-849H4.4	SRR10318524	4.031733164608251
RP11-849H4.4	SRR10318525	2.012666893555312
RP11-849H4.4	SRR10318526	4.026536163761214
RP11-849H4.4	SRR10318527	4.001439443324872
RP11-849H4.4	SRR10318528	12.030957706904335
RP11-849H4.4	SRR10318529	5.01133287499803
RP11-849H4.4	SRR10318530	3.020688024331101
RP11-849H4.4	SRR10318531	6.0543801970929145
RP11-849H4.4	SRR10318532	8.068032963159554
RP11-849H4.4	SRR10318533	3.0709598821307305
RP11-849H4.4	SRR10318534	2.0357596258700172
RP11-849H4.4	SRR10318535	9.142223602188624
RP11-849H4.4	SRR10318536	7.029023589189201
RP11-849H4.4	SRR10318537	6.066494115135412
RP11-849H4.4	SRR10318538	5.009530141317365
RP11-849H4.4	SRR10318539	2.015005810096368
RP11-849H4.4	SRR10318540	7.038836546958161
RP11-849H4.4	SRR10318541	4.029600541705775
RP11-849H4.4	SRR10318542	5.041483437329083
RP11-849H4.4	SRR10318543	6.061389071608806
RP11-849H4.4	SRR10318544	9.022658844151586
RP11-849H4.4	SRR10318545	5.044510029529067
RP11-849H4.4	SRR10318546	6.0086413230612195
RP11-849H4.4	SRR10318547	6.024427534884366
RP11-849H4.4	SRR10318548	2.009861001544937
RP11-849H4.4	SRR10318549	7.050242234462184
RP11-849H4.4	SRR10318568	4.012839219592418
RP11-849H4.4	SRR10318569	5.004499474523829
RP11-849H4.4	SRR10318570	2.021987149772358
RP11-849H4.4	SRR10318571	13.011698633761956
RP11-849H4.4	SRR10318572	4.019299015479782
RP11-849H4.4	SRR10318573	5.007728056136569
RP11-849H4.4	SRR10318574	6.014922022079889
RP11-849H4.4	SRR10318575	8.038598030959564
RP11-849H4.4	SRR10318576	5.021925268660037
RP11-849H4.4	SRR10318577	4.011994737330315
RP11-849H4.4	SRR10318578	10.008998949047658
RP11-849H4.4	SRR10318579	7.022179567085657
RP11-849H4.4	SRR10318580	9.01296198459183
RP11-849H4.4	SRR10318581	11
RP11-849H4.4	SRR10875803	61.20690610508564
RP11-849H4.4	SRR10875804	24.947733931569914
RP11-849H4.4	SRR10875805	40.55414219445425
RP11-849H4.4	SRR10875806	66.7648320023429
RP11-849H4.4	SRR10875807	39.735637181781804
RP11-849H4.4	SRR10875808	34.70651323340183
RP11-849H4.4	SRR10875809	24.75494681639085
RP11-849H4.4	SRR10875810	31.840803779399895
RP11-849H4.4	SRR10875812	33
RP11-849H4.4	SRR10875813	39.899466070922145
RP11-849H4.4	SRR10875814	31.126208930235894
RP11-849H4.4	SRR10875815	37
RP11-849H4.4	SRR10875816	23
RP11-849H4.4	SRR10875817	36.286163814373985
RP11-849H4.4	SRR10875818	28.346414256936466
RP11-849H4.4	SRR10875819	32
RP11-849H4.4	SRR10875820	28.631452647610686
RP11-849H4.4	SRR10875821	20.01628990359097
RP11-849H4.4	SRR10875822	32.66471389843618
RP11-849H4.4	SRR10875823	25
RP11-849H4.4	SRR10875824	41.17042555877811
RP11-849H4.4	SRR10875825	50.091561215371925
RP11-849H4.4	SRR10875826	32.93779628072858
RP11-849H4.4	SRR10875827	30.751998738260358
RP11-849H4.4	SRR10875829	58.08274525407945
RP11-849H4.4	SRR10875830	41
RP11-849H4.4	SRR10875831	30.109053636888074
RP11-849H4.4	SRR10875832	21
RP11-849H4.4	SRR10875834	28.09586951243375
RP11-849H4.4	SRR10875835	26
RP11-849H4.4	SRR10875836	37.70827971130329
RP11-849H4.4	SRR10875837	35.381985555501
RP11-849H4.4	SRR10875838	65
RP11-849H4.4	SRR10875839	23.72701611934088
RP11-849H4.4	SRR10875840	31.048539984249576
RP11-849H4.4	SRR10875841	25.09684565932225
RP11-849H4.4	SRR10875842	52.134575964746396
RP11-849H4.4	SRR10875843	22.63098880594396
RP11-849H4.4	SRR10875844	28.133126740674843
RP11-849H4.4	SRR10875845	30.810791653899695
RP11-849H4.4	SRR10875846	16.576638023905392
RP11-849H4.4	SRR10875847	25.096078481152865
RP11-849H4.4	SRR10875848	34
RP11-849H4.4	SRR10875849	37.665120194907026
RP11-849H4.4	SRR10875850	36.006476912317574
RP11-849H4.4	SRR10875851	34.134061416065705
RP11-849H4.4	SRR10875852	48.56484964378395
RP11-849H4.4	SRR10875853	16.036265199993696
RP11-849H4.4	SRR10875854	38.703675043259025
RP11-849H4.4	SRR10875855	25.613276358199943
RP11-849H4.4	SRR10875856	46.60587351284951
RP11-849H4.4	SRR10875857	36.541660637361936
RP11-849H4.4	SRR10875858	38.44931214222399
RP11-849H4.4	SRR10875859	32
RP11-849H4.4	SRR10875860	47.125988025014394
RP11-849H4.4	SRR10875861	24.254946984291767
RP11-849H4.4	SRR10875862	26.737809760616386
RP11-849H4.4	SRR10875863	21.11493304744734
RP11-849H4.4	SRR10875864	39
RP11-849H4.4	SRR10875865	26.27571102863387
RP11-849H4.4	SRR10875866	36.45841453325243
RP11-849H4.4	SRR10875867	25.93607526154659
RP11-849H4.4	SRR10875868	36.29427617725195
RP11-849H4.4	SRR10875869	20
RP11-849H4.4	SRR10875870	27.709000728648093
RP11-849H4.4	SRR10875871	26.004677770007135
RP11-849H4.4	SRR10875872	27.487212234304188
RP11-849H4.4	SRR10875873	46.00883667002289
RP11-849H4.4	SRR10875874	31.665890661204422
RP11-849H4.4	SRR10875875	54.39521920214473
RP11-849H4.4	SRR10875876	42
RP11-849H4.4	SRR10875877	27.51512340771866
RP11-849H4.4	SRR10875878	26.20690537322615
RP11-849H4.4	SRR10875879	41
RP11-849H4.4	SRR10875880	36.145959752175365
RP11-849H4.4	SRR10875881	32.82265054722441
RP11-849H4.4	SRR10875882	28
RP11-849H4.4	SRR10875883	26.168854302437214
RP11-849H4.4	SRR10875884	36.06307345391938
RP11-849H4.4	SRR10875885	19.036214537005986
RP11-849H4.4	SRR10875886	28.211806111964165
RP11-849H4.4	SRR10875887	26
RP11-849H4.4	SRR10875888	7.197868553630441
RP11-849H4.4	SRR10875889	16.036265199993696
RP11-849H4.4	SRR10875890	24.054397799990543
RP11-849H4.4	SRR10875891	26
RP11-849H4.4	SRR10875892	54.891409911610914
RP11-849H4.4	SRR10875893	28
RP11-849H4.4	SRR10875894	15.047053786665517
RP11-849H4.4	SRR10875895	25
RP11-849H4.4	SRR10875896	14.14156161979694
RP11-849H4.4	SRR10875897	22.05743006315007
RP11-849H4.4	SRR10875898	24.778843658932242
RP11-849H4.4	SRR10875899	28.814589812977477
RP11-849H4.4	SRR10875900	22.083945168355115
RP11-849H4.4	SRR10875901	12.026550767981208
RP11-849H4.4	SRR10875902	13.06037205351414
RP11-849H4.4	SRR12430469	28
RP11-849H4.4	SRR12430470	34.94276127824086
RP11-849H4.4	SRR12430471	36.985562813854635
RP11-849H4.4	SRR12430472	67.48076242830865
RP11-849H4.4	SRR12430473	31
RP11-849H4.4	SRR12430474	69.35353349971972
RP11-849H4.4	SRR12430475	39.16583818416832
RP11-849H4.4	SRR12430476	28
RP11-849H4.4	SRR12765534	18
RP11-849H4.4	SRR12765535	6.015947408639445
RP11-849H4.4	SRR12765536	11.050920106077982
RP11-849H4.4	SRR12765537	8.033906552146982
RP11-849H4.4	SRR12765538	3.1028905679875964
RP11-849H4.4	SRR12765539	3.094238434515431
RP11-849H4.4	SRR12765540	9.028190582836714
RP11-849H4.4	SRR12765541	6.058221907960764
RP11-849H4.4	SRR12765542	27
RP11-849H4.4	SRR12765543	3.0492474441595334
RP11-849H4.4	SRR12765544	6.069630020394878
RP11-849H4.4	SRR12765545	3.028401510401587
RP11-849H4.4	SRR12765546	3.090774025598054
RP11-849H4.4	SRR12765547	2.0162115956683953
RP11-849H4.4	SRR12765548	2.0409191470031653
RP11-849H4.4	SRR12765549	2.0153469858855146
RP11-849H4.4	SRR12765550	3.1203522720278523
RP11-849H4.4	SRR12765551	2.027703411734355
RP11-849H4.4	SRR12765552	4.16634173918875
RP11-849H4.4	SRR12765553	2.089575082618896
RP11-849H4.4	SRR12765554	3.0958123728870635
RP11-849H4.4	SRR12765555	3.0623406697635924
RP11-849H4.4	SRR12765556	1.0154992904437379
RP11-849H4.4	SRR12765557	4.042122854387114
RP11-849H4.4	SRR12765558	1.0516646996103904
RP11-849H4.4	SRR12765559	16.030496452215566
RP11-849H4.4	SRR12765560	3.057944361841666
RP11-849H4.4	SRR12765561	11.031221232517693
RP11-849H4.4	SRR12765562	1.015740519865274
RP11-849H4.4	SRR12765563	4.029245184808362
RP11-849H4.4	SRR12765564	6.012701513019038
RP11-849H4.4	SRR12765565	12.051197498785989
RP11-849H4.4	SRR12765566	5.036041255609305
RP11-849H4.4	SRR12765567	5.066450515291228
RP11-849H4.4	SRR12765568	5.052030876890151
RP11-849H4.4	SRR12765569	6.069048249017571
RP11-849H4.4	SRR12765570	3.0215323861980785
RP11-849H4.4	SRR12765571	11.123076337663973
RP11-849H4.4	SRR12765572	7.046399251758502
RP11-849H4.4	SRR12765573	6.207501246081736
RP11-849H4.4	SRR12765574	6.041757619564062
RP11-849H4.4	SRR12765575	2.0484462470874036
RP11-849H4.4	SRR12765576	4.0997706363505415
RP11-849H4.4	SRR12765577	4.184023890729362
RP11-849H4.4	SRR12765578	10.151849958585093
RP11-849H4.4	SRR12765579	5.042748787917895
RP11-849H4.4	SRR12765580	5.057116802343764
RP11-849H4.4	SRR12765581	6.097584274946901
RP11-849H4.4	SRR12765582	7.007036601309285
RP11-849H4.4	SRR12765583	8.071157035462695
RP11-849H4.4	SRR12765584	8.100225304414314
RP11-849H4.4	SRR12765585	6.066947083407972
RP11-849H4.4	SRR12765586	9.047798319362881
RP11-849H4.4	SRR12765587	1.0118330537602769
RP11-849H4.4	SRR12765588	9.062966601927075
RP11-849H4.4	SRR12765589	3.0551260134627074
RP11-849H4.4	SRR12765590	4.117686613639485
RP11-849H4.4	SRR12765591	2.0562669413136656
RP11-849H4.4	SRR12765592	1.0165367644372587
RP11-849H4.4	SRR12765593	9.07589651014285
RP11-849H4.4	SRR12765594	3.069825267188964
RP11-849H4.4	SRR12765595	3.036054663518931
RP11-849H4.4	SRR12765596	4.0178531475064085
RP11-849H4.4	SRR12765597	8.064668482428347
RP11-849H4.4	SRR12765598	5.036158384022544
RP11-849H4.4	SRR12765599	13.040216947793022
RP11-849H4.4	SRR12765600	4.172374165446641
RP11-849H4.4	SRR12765601	5.110811197631168
RP11-849H4.4	SRR12765602	4.034689985598732
RP11-849H4.4	SRR12765603	8.080265336319028
RP11-849H4.4	SRR12765604	10.081630176909428
RP11-849H4.4	SRR12765605	5.039078702028648
RP11-849H4.4	SRR12765606	10.133035584564368
RP11-849H4.4	SRR12765607	7.061486234720996
RP11-849H4.4	SRR12765608	11.097700393770978
RP11-849H4.4	SRR12765609	3.0145566937160306
RP11-849H4.4	SRR12765610	4.035055915177316
RP11-849H4.4	SRR12765611	5.027809869388243
RP11-849H4.4	SRR12765612	9.041054858513853
RP11-849H4.4	SRR12765613	7.042256871483911
RP11-849H4.4	SRR12765614	5.023373578627005
RP11-849H4.4	SRR12765615	6.05509925614224
RP11-849H4.4	SRR12765616	5.0309159167926065
RP11-849H4.4	SRR12765617	8.06804401312057
RP11-849H4.4	SRR12765618	2.0471441745814363
RP11-849H4.4	SRR12765619	5.109444479232366
RP11-849H4.4	SRR12765620	7.057267492066515
RP11-849H4.4	SRR12765621	12.03147784145978
RP11-849H4.4	SRR12765622	4.088102268145798
RP11-849H4.4	SRR12765623	36
RP11-849H4.4	SRR12765624	8.031835785604896
RP11-849H4.4	SRR12765625	5.041788271524927
RP11-849H4.4	SRR12765626	12.059534653673976
RP11-849H4.4	SRR12765627	13.007017917482504
RP11-849H4.4	SRR12765628	2.083280979832011
RP11-849H4.4	SRR12765629	3.0974508496970627
RP11-849H4.4	SRR12765630	5.008629017679065
RP11-849H4.4	SRR12765631	8.048481264931215
RP11-849H4.4	SRR12765632	8.052681450372107
RP11-849H4.4	SRR12765633	2.039126632624243
RP11-849H4.4	SRR12765634	10.05465650857193
RP11-849H4.4	SRR12765635	3.069642636616396
RP11-849H4.4	SRR12765636	7.08553814030745
RP11-849H4.4	SRR12765637	3.1070276117509206
RP11-849H4.4	SRR12765638	12
RP11-849H4.4	SRR12765639	2.0624767479506634
RP11-849H4.4	SRR12765640	6.030483462695746
RP11-849H4.4	SRR12765641	6.114661170632111
RP11-849H4.4	SRR12765642	9.022022073177732
RP11-849H4.4	SRR12765643	3.042510089765554
RP11-849H4.4	SRR12765644	7.025113416756892
RP11-849H4.4	SRR12765645	3.0869778017881186
RP11-849H4.4	SRR12765646	13.088777805742978
RP11-849H4.4	SRR12765647	2.0585939906242605
RP11-849H4.4	SRR12765648	5.059533758231381
RP11-849H4.4	SRR12765649	4.198154191429447
RP11-849H4.4	SRR12765650	4.073538243836002
RP11-849H4.4	SRR12765651	4.11312086797749
RP11-849H4.4	SRR12765652	2.0215674977680456
RP11-849H4.4	SRR12774664	20.106310340307395
RP11-849H4.4	SRR12774665	5.067783318902016
RP11-849H4.4	SRR12774666	21.22452412650402
RP11-849H4.4	SRR12774667	9.136016890979787
RP11-849H4.4	SRR12774668	11.58756692339428
RP11-849H4.4	SRR12774669	11.204848717647998
RP11-849H4.4	SRR12774670	4.19645207969551
RP11-849H4.4	SRR12774671	3.1453966695694886
RP11-849H4.4	SRR12774672	14.08671381298551
RP11-849H4.4	SRR12774673	19.27276573569256
RP11-849H4.4	SRR12774674	14.342178264098477
RP11-849H4.4	SRR12774675	5.173260462902859
RP11-849H4.4	SRR12774676	19.124540627832534
RP11-849H4.4	SRR12774677	14.153663415815359
RP11-849H4.4	SRR12774678	14.614385929189712
RP11-849H4.4	SRR12774679	14.327805216347771
RP11-849H4.4	SRR12774680	13.185136281572097
RP11-849H4.4	SRR12774681	13.113490570325068
RP11-849H4.4	SRR12774682	8.085221694759934
RP11-849H4.4	SRR12774683	15.10719726640685
RP11-849H4.4	SRR12774684	25.132222368107094
RP11-849H4.4	SRR12774685	41.30296795101437
RP11-849H4.4	SRR12774686	9.163515004326515
RP11-849H4.4	SRR12774687	8.235683390830394
RP11-849H4.4	SRR1609360	8.39689983077007
RP11-849H4.4	SRR1609361	5.132211592114699
RP11-849H4.4	SRR1609362	4.274000525365231
RP11-849H4.4	SRR1609363	11.081772727294707
RP11-849H4.4	SRR1609364	8.069984853030794
RP11-849H4.4	SRR1609365	5.073169914882191
RP11-849H4.4	SRR1609366	12.069077911699333
RP11-849H4.4	SRR1609367	13.035525972581166
RP11-849H4.4	SRR1609368	5.028264848247268
RP11-849H4.4	SRR1609369	9.008099054142892
RP11-849H4.4	SRR1609370	11.022949139577387
RP11-849H4.4	SRR1609371	1.0304964007766504
RP11-849H4.4	SRR1609372	20.016503321366137
RP11-849H4.4	SRR1609373	14.105857576983814
RP11-849H4.4	SRR1609374	13.034154269271037
RP11-849H4.4	SRR1609375	14.093307387375274
RP11-849H4.4	SRR1609376	4.06505410622036
RP11-849H4.4	SRR1609377	18.096859647209943
RP11-849H4.4	SRR1609378	8.1421829296099
RP11-849H4.4	SRR1609379	13.0238059159967
RP11-849H4.4	SRR1609380	3.048007193742283
RP11-849H4.4	SRR1609381	25.017996279056344
RP11-849H4.4	SRR1609382	4.058219830727589
RP11-849H4.4	SRR1609383	3.031580778925743
RP11-849H4.4	SRR1609384	9.08891185692658
RP11-849H4.4	SRR1609385	3.022462366179558
RP11-849H4.4	SRR1609386	11.074781129672882
RP11-849H4.4	SRR1609387	4.030427596721241
RP11-849H4.4	SRR1609388	6.078223231484705
RP11-849H4.4	SRR1609389	10.025356008660356
RP11-849H4.4	SRR1609390	11.144768656177165
RP11-849H4.4	SRR1609391	2.1286337114510596
RP11-849H4.4	SRR1609392	4.06318054108987
RP11-849H4.4	SRR1609393	2.0903203059802395
RP11-849H4.4	SRR1609394	3.085228008357582
RP11-849H4.4	SRR1609395	18.10121687316127
RP11-849H4.4	SRR1609396	24.027310788006755
RP11-849H4.4	SRR1609397	15.224104932136296
RP11-849H4.4	SRR1609398	13.061347235234551
RP11-849H4.4	SRR1609399	11.04254768358582
RP11-849H4.4	SRR1609400	19.042163840357418
RP11-849H4.4	SRR1609401	11.118807478415038
RP11-849H4.4	SRR1609402	17.07639788033818
RP11-849H4.4	SRR1609403	21.06840282295392
RP11-849H4.4	SRR1609404	7.085509183219615
RP11-849H4.4	SRR1609405	15.102418786846131
RP11-849H4.4	SRR1609406	37.151620296796104
RP11-849H4.4	SRR1609407	36.08727333325083
RP11-849H4.4	SRR1609408	12.094556627630128
RP11-849H4.4	SRR1609409	9.173552653291866
RP11-849H4.4	SRR1609410	35
RP11-849H4.4	SRR1609411	2.1069634888895243
RP11-849H4.4	SRR1609412	21
RP11-849H4.4	SRR1609413	36.55888837068709
RP11-849H4.4	SRR1609414	9.014859117320887
RP11-849H4.4	SRR1609415	24.004317941545047
RP11-849H4.4	SRR1609416	12.032630449990211
RP11-849H4.4	SRR1609417	5.034214877115024
RP11-849H4.4	SRR1609418	9.013086535357742
RP11-849H4.4	SRR1609419	14.068688491392276
RP11-849H4.4	SRR1609420	6.028663243885624
RP11-849H4.4	SRR1609421	8.051945861335835
RP11-849H4.4	SRR1609422	6.102004474796078
RP11-849H4.4	SRR1609423	4.217253464538659
RP11-849H4.4	SRR1609424	11.87265946163981
RP11-849H4.4	SRR1609425	22.03632228678439
RP11-849H4.4	SRR1609426	18.08597122780494
RP11-849H4.4	SRR1609427	7.037260071239154
RP11-849H4.4	SRR1609428	10.087253265689668
RP11-849H4.4	SRR1609429	13.016778940574168
RP11-849H4.4	SRR1609430	12.050123081029074
RP11-849H4.4	SRR1609431	15.113769444178885
RP11-849H4.4	SRR1609432	14.021638557182396
RP11-849H4.4	SRR1609433	5.042456749431169
RP11-849H4.4	SRR1609434	7.106988787526894
RP11-849H4.4	SRR1609435	15.069199401695364
RP11-849H4.4	SRR1609436	12.039288986213379
RP11-849H4.4	SRR1609437	2.0443256573171875
RP11-849H4.4	SRR1609438	3.0977792257854553
RP11-849H4.4	SRR1609439	2.0300877352827724
RP11-849H4.4	SRR1609440	15.03869713363042
RP11-849H4.4	SRR1609441	6.013599449997636
RP11-849H4.4	SRR1609442	10.074096441060613
RP11-849H4.4	SRR1609443	4.035662609965004
RP11-849H4.4	SRR1609444	19.010256956320582
RP11-849H4.4	SRR1609445	7.0247065744616295
RP11-849H4.4	SRR1609446	9.102863337065658
RP11-849H4.4	SRR1609447	2.4686617719160973
RP11-849H4.4	SRR1609448	5.04442553368413
RP11-849H4.4	SRR1609449	11.02755450111795
RP11-849H4.4	SRR1609450	16.033380566658014
RP11-849H4.4	SRR1609451	7.092104719897337
RP11-849H4.4	SRR1609452	1.2640053263343127
RP11-849H4.4	SRR1609453	14.025785740749393
RP11-849H4.4	SRR1609454	2.032799546921487
RP11-849H4.4	SRR1609455	2.504688699222116
RP11-849H4.4	SRR1609456	8.039165392229032
RP11-849H4.4	SRR1609457	7.046869107378069
RP11-849H4.4	SRR1609458	6.20464805157177
RP11-849H4.4	SRR1609459	5.0195699506140095
RP11-849H4.4	SRR1609460	10.098989712686043
RP11-849H4.4	SRR1609461	7.011963171980514
RP11-849H4.4	SRR1609462	14.052370401106774
RP11-849H4.4	SRR1609463	8.052834954840854
RP11-849H4.4	SRR1609464	9.103417221824541
RP11-849H4.4	SRR1609465	9.110497362195634
RP11-849H4.4	SRR1609466	4.486571043138182
RP11-849H4.4	SRR1609467	9.109386674049526
RP11-849H4.4	SRR1609468	17.029338660108824
RP11-849H4.4	SRR1609469	6.001079485386262
RP11-849H4.4	SRR1609470	10.048522312386769
RP11-849H4.4	SRR1609471	17.036453476691342
RP11-849H4.4	SRR1609472	6.524191803175277
RP11-849H4.4	SRR1609473	7.406682685489209
RP11-849H4.4	SRR1609474	18.04666508207393
RP11-849H4.4	SRR1609475	3.0665373510639182
RP11-849H4.4	SRR1609476	6.667105698722488
RP11-849H4.4	SRR1609477	7.04010293382295
RP11-849H4.4	SRR1609478	3.0698390775617117
RP11-849H4.4	SRR1609479	7.074533615343143
RP11-849H4.4	SRR1609480	8
RP11-849H4.4	SRR1609481	5.0531090874821984
RP11-849H4.4	SRR1609482	14.051940838286564
RP11-849H4.4	SRR1609483	8.036906347570861
RP11-849H4.4	SRR1609484	6.04842108358987
RP11-849H4.4	SRR1609485	9.008099054142892
RP11-849H4.4	SRR1609486	13.042563068397827
RP11-849H4.4	SRR1609487	11.043959192184245
RP11-849H4.4	SRR1609488	17.024483748673454
RP11-849H4.4	SRR1609489	13.028848943402444
RP11-849H4.4	SRR1609490	6.101064282217952
RP11-849H4.4	SRR1609491	11.039463940617972
RP11-849H4.4	SRR1609492	19
RP11-849H4.4	SRR1609493	10.045689957386463
RP11-849H4.4	SRR1609494	9.053828390290581
RP11-849H4.4	SRR1609495	9.020399174996454
RP11-849H4.4	SRR1609496	13.011698633761956
RP11-849H4.4	SRR1609497	10.008998949047658
RP11-849H4.4	SRR1609498	10.00359860831218
RP11-849H4.4	SRR1609499	12.025403026038076
RP11-849H4.4	SRR1609500	28.048322499002765
RP11-849H4.4	SRR1609501	15.019360316047116
RP11-849H4.4	SRR1609502	4.052494319073277
RP11-849H4.4	SRR1609503	2.515462450334251
RP11-849H4.4	SRR1609504	18
RP11-849H4.4	SRR1609505	33
RP11-849H4.4	SRR1609506	10.19996986701897
RP11-849H4.4	SRR1609507	10.06166035031817
RP11-849H4.4	SRR1609508	7.003778878644424
RP11-849H4.4	SRR1609509	4.0256887990446275
RP11-849H4.4	SRR1609510	4.022792986837547
RP11-849H4.4	SRR1609511	2.075038166264333
RP11-849H4.4	SRR1609512	15.05090618878848
RP11-849H4.4	SRR1609513	14.045647166695867
RP11-849H4.4	SRR1609514	2.09961043719785
RP11-849H4.4	SRR1609515	14.027731729268755
RP11-849H4.4	SRR1609516	10.042043830726161
RP11-849H4.4	SRR1609517	1.0230255913150224
RP11-849H4.4	SRR1609518	7.011342757001889
RP11-849H4.4	SRR1609519	11.018983838893943
RP11-849H4.4	SRR1609520	4.317484945365406
RP11-849H4.4	SRR1609521	10.016784036170657
RP11-849H4.4	SRR1609522	5.122360735022449
RP11-849H4.4	SRR1609523	9.0431463390709
RP11-849H4.4	SRR1609524	2.0338014782818665
RP11-849H4.4	SRR1609525	4.022192312547521
RP11-849H4.4	SRR1609526	7.144810581852826
RP11-849H4.4	SRR1609527	21
RP11-849H4.4	SRR1609528	13.115726076775575
RP11-849H4.4	SRR1609529	3.0784853048629923
RP11-849H4.4	SRR1609530	13.063607692802364
RP11-849H4.4	SRR1609531	9.034580454732122
RP11-849H4.4	SRR1609532	7.051674677639747
RP11-849H4.4	SRR1609533	5.194105254463398
RP11-849H4.4	SRR1609534	12.015816821575614
RP11-849H4.4	SRR1609535	4.179199754549447
RP11-849H4.4	SRR1609536	5.055927488922891
RP11-849H4.4	SRR1609537	16.062033007744752
RP11-849H4.4	SRR1609538	11
RP11-849H4.4	SRR1609539	10.062411626561332
RP11-849H4.4	SRR1609540	15
RP11-849H4.4	SRR1609541	1.1005986779971142
RP11-849H4.4	SRR1609542	16.037952842904968
RP11-849H4.4	SRR1609543	12.025035424993511
RP11-849H4.4	SRR1609544	6.035624272798969
RP11-849H4.4	SRR1609545	5.4760912040118175
RP11-849H4.4	SRR1609546	5
RP11-849H4.4	SRR1609547	6.031302474776276
RP11-849H4.4	SRR1609548	5.092430766098694
RP11-849H4.4	SRR1609549	6.0651553278012695
RP11-849H4.4	SRR1609550	12
RP11-849H4.4	SRR1609551	1.0117435272800281
RP11-849H4.4	SRR1609552	13.059396944602403
RP11-849H4.4	SRR1609553	5.013289507199537
RP11-849H4.4	SRR1609554	8.073713350739107
RP11-849H4.4	SRR1609555	10.035601881766363
RP11-849H4.4	SRR1609556	7.158219844013594
RP11-849H4.4	SRR1609557	8.050754589393327
RP11-849H4.4	SRR1609558	11.047748426972001
RP11-849H4.4	SRR1609559	2.085862615029333
RP11-849H4.4	SRR1609560	14.103883608590532
RP11-849H4.4	SRR1609561	10.02610457415912
RP11-849H4.4	SRR1609562	18.018094117652446
RP11-849H4.4	SRR1609563	7.031340173385939
RP11-849H4.4	SRR1609564	14.0134100811049
RP11-849H4.4	SRR1609565	8.203982274767142
RP11-849H4.4	SRR1609566	12.040555990747222
RP11-849H4.4	SRR1609567	2.517780144414936
RP11-849H4.4	SRR1609568	28
RP11-849H4.4	SRR1609569	31
RP11-849H4.4	SRR1609570	2.036214241562273
RP11-849H4.4	SRR1609571	9.220964802133281
RP11-849H4.4	SRR1609572	4.0541339131009115
RP11-849H4.4	SRR1609573	6.121050876183625
RP11-849H4.4	SRR1609574	8.041956537811322
RP11-849H4.4	SRR1609575	2.1473997193950134
RP11-849H4.4	SRR1609576	2.008053964014226
RP11-849H4.4	SRR1609577	12.050820974909838
RP11-849H4.4	SRR1609578	5.00891909700182
RP11-849H4.4	SRR1609579	8.054632495841833
RP11-849H4.4	SRR1609580	3.0233297568623123
RP11-849H4.4	SRR1609581	5.210855152533714
RP11-849H4.4	SRR1609582	7.059126100685912
RP11-849H4.4	SRR1609583	2.072490704020905
RP11-849H4.4	SRR1609584	10.020695004108646
RP11-849H4.4	SRR1609585	10.008998949047658
RP11-849H4.4	SRR1609586	8.628999013490342
RP11-849H4.4	SRR1609587	2.024497680355194
RP11-849H4.4	SRR1609588	16.224392656175496
RP11-849H4.4	SRR1609589	11.029236915838982
RP11-849H4.4	SRR1609590	17.006117634130707
RP11-849H4.4	SRR1609591	15.049111232766723
RP11-849H4.4	SRR1609592	3.0207874404662203
RP11-849H4.4	SRR1609593	2.0111789428119615
RP11-849H4.4	SRR1609594	6.15388903176653
RP11-849H4.4	SRR1609595	2.0501439847055773
RP11-849H4.4	SRR1609596	17.044663275200584
RP11-849H4.4	SRR1609597	12.050820974909838
RP11-849H4.4	SRR1609598	6.167716924940646
RP11-849H4.4	SRR1609599	5.107631206532085
RP11-849H4.4	SRR1609600	5.15643056662264
RP11-849H4.4	SRR1609601	2.0567471607067103
RP11-849H4.4	SRR1609602	1.1633952247111359
RP11-849H4.4	SRR1609603	30
RP11-849H4.4	SRR1609604	9.063920380824472
RP11-849H4.4	SRR1609605	5.038759911145486
RP11-849H4.4	SRR1609606	3.049020482130678
RP11-849H4.4	SRR1609607	8.040535859229763
RP11-849H4.4	SRR1609608	3.061978815207422
RP11-849H4.4	SRR1609609	7.232445499379609
RP11-849H4.4	SRR1609610	9
RP11-849H4.4	SRR1609611	3.052191596063675
RP11-849H4.4	SRR1609612	12.028096937544815
RP11-849H4.4	SRR1609613	18.016198108285785
RP11-849H4.4	SRR1609614	8.095079335846316
RP11-849H4.4	SRR1609615	16.05118681739604
RP11-849H4.4	SRR1609616	26
RP11-849H4.4	SRR1609617	27
RP11-849H4.4	SRR1609618	14.04521780939625
RP11-849H4.4	SRR1609619	3.01098769820194
RP11-849H4.4	SRR1609620	2.025675432378269
RP11-849H4.4	SRR1609621	6.052572279546241
RP11-849H4.4	SRR1609622	6.238324354676709
RP11-849H4.4	SRR1609623	6.1164894257476465
RP11-849H4.4	SRR1609624	6.168348210143666
RP11-849H4.4	SRR1609625	22.03564866486308
RP11-849H4.4	SRR1609626	3.0238736969107096
RP11-849H4.4	SRR1609627	12.066945808596353
RP11-849H4.4	SRR1609628	13.024958357768421
RP11-849H4.4	SRR1609629	8.133024120763608
RP11-849H4.4	SRR1609630	10.028382938652449
RP11-849H4.4	SRR1609631	21
RP11-849H4.4	SRR1609632	28
RP11-849H4.4	SRR1609633	10.036658019973412
RP11-849H4.4	SRR1609634	7.058814833547854
RP11-849H4.4	SRR1609635	3.0758875016784173
RP11-849H4.4	SRR1609636	5.170158630702832
RP11-849H4.4	SRR1609637	10.04139785441317
RP11-849H4.4	SRR1609638	6.149970294730481
RP11-849H4.4	SRR1609639	14.078252599683731
RP11-849H4.4	SRR1609640	19.00341837038983
RP11-849H4.4	SRR1609641	8.002281378516749
RP11-849H4.4	SRR1609642	18
RP11-849H4.4	SRR1609643	7.0859423928188265
RP11-849H4.4	SRR1609644	26.02807924703244
RP11-849H4.4	SRR1609645	11.03552827881134
RP11-849H4.4	SRR1609646	17.040790870661937
RP11-849H4.4	SRR1609647	2.0425965942831015
RP11-849H4.4	SRR1609648	10.036559710886879
RP11-849H4.4	SRR1609649	6.050082184671977
RP11-849H4.4	SRR1609650	8.060184235447842
RP11-849H4.4	SRR1609651	8.027636683755764
RP11-849H4.4	SRR1609652	15.054066620996027
RP11-849H4.4	SRR1609653	6.3068324666286095
RP11-849H4.4	SRR1609654	2.0702895661704486
RP11-849H4.4	SRR1609655	6.041280069968602
RP11-849H4.4	SRR1609656	7.1026321000795605
RP11-849H4.4	SRR1609657	5.066353068947361
RP11-849H4.4	SRR1609658	5.1018142051167965
RP11-849H4.4	SRR1609659	11.088736235148856
RP11-849H4.4	SRR1609660	4.015795131377398
RP11-849H4.4	SRR1609661	11.016333761602088
RP11-849H4.4	SRR1609662	18.084942325709378
RP11-849H4.4	SRR1609663	11.029353769676002
RP11-849H4.4	SRR1609664	14.10298000768888
RP11-849H4.4	SRR1609665	23
RP11-849H4.4	SRR1609666	7.118251154468803
RP11-849H4.4	SRR1609667	17.050796981894628
RP11-849H4.4	SRR1609668	6.758247147699978
RP11-849H4.4	SRR1609669	10.197584865298667
RP11-849H4.4	SRR1746771	37.82192281162408
RP11-849H4.4	SRR1746772	24.75965362958955
RP11-849H4.4	SRR1746773	24.462163600698496
RP11-849H4.4	SRR1746774	33.80257697102682
RP11-849H4.4	SRR1746775	32.07059802000248
RP11-849H4.4	SRR1746776	36.21946474548264
RP11-849H4.4	SRR1746777	38.90304670787071
RP11-849H4.4	SRR1746778	47.52821270994631
RP11-849H4.4	SRR1746779	33.46881258030939
RP11-849H4.4	SRR1746780	63.016000284521326
RP11-849H4.4	SRR1746781	26.543528580379036
RP11-849H4.4	SRR1746782	14.063965940341049
RP11-849H4.4	SRR1746783	64
RP11-849H4.4	SRR1746784	26
RP11-849H4.4	SRR1782685	3.0491103946291127
RP11-849H4.4	SRR1782686	5.122592533919836
RP11-849H4.4	SRR1782687	2.0248913618310547
RP11-849H4.4	SRR1782688	2.0338872470326437
RP11-849H4.4	SRR1782689	2.0364578339379573
RP11-849H4.4	SRR1782690	3.062844591478176
RP11-849H4.4	SRR1782691	10.018005996203712
RP11-849H4.4	SRR1782692	7.058775730162456
RP11-849H4.4	SRR1782693	4.036622454236288
RP11-849H4.4	SRR1782694	4.065138558918358
RP11-849H4.4	SRR1782695	25.017996279056344
RP11-849H4.4	SRR1782696	8.027256829982205
RP11-849H4.4	SRR1782697	5.044473147164185
RP11-849H4.4	SRR1782698	11.023286107201569
RP11-849H4.4	SRR1782699	2.049956360817607
RP11-849H4.4	SRR1782700	5.038800152936101
RP11-849H4.4	SRR1782701	10.0637782229101
RP11-849H4.4	SRR1782702	6.065033821842577
RP11-849H4.4	SRR1782703	11.043436611287843
RP11-849H4.4	SRR1782704	3.047999171646128
RP11-849H4.4	SRR1782705	9.221651295034706
RP11-849H4.4	SRR1782706	18.046436560356504
RP11-849H4.4	SRR1782707	14.054581227693369
RP11-849H4.4	SRR1782708	2.107604297362309
RP11-849H4.4	SRR1782709	2.1002723873830402
RP11-849H4.4	SRR1782710	21
RP11-849H4.4	SRR1782711	9.10483597645089
RP11-849H4.4	SRR1782712	7.084890451574675
RP11-849H4.4	SRR1782713	3.0665723404335012
RP11-849H4.4	SRR1782714	6.523958386891983
RP11-849H4.4	SRR1782715	10.025049546470864
RP11-849H4.4	SRR1782716	7.1061392897175315
RP11-849H4.4	SRR1782717	20.016503321366137
RP11-849H4.4	SRR1782718	5.073447374739329
RP11-849H4.4	SRR1782719	3.022242170282772
RP11-849H4.4	SRR1782720	8.142228887323473
RP11-849H4.4	SRR1782721	4.487037403971162
RP11-849H4.4	SRR1782722	9.008099054142892
RP11-849H4.4	SRR1782723	19.043064924992514
RP11-849H4.4	SRR1782724	9.10416671946244
RP11-849H4.4	SRR1782725	4.276397088633449
RP11-849H4.4	SRR1782726	4.03072616269612
RP11-849H4.4	SRR1782727	19
RP11-849H4.4	SRR1782728	1.0306785213210727
RP11-849H4.4	SRR1782729	36.27899953484732
RP11-849H4.4	SRR1782730	12.017282646122439
RP11-849H4.4	SRR1782731	7.230302692762709
RP11-849H4.4	SRR1782732	11.877185214378645
RP11-849H4.4	SRR1782733	10.099265873940114
RP11-849H4.4	SRR1782734	4.025371615444987
RP11-849H4.4	SRR1782735	15.070532834869114
RP11-849H4.4	SRR1782736	5.09359947884845
RP11-849H4.4	SRR1782737	22.036924879575444
RP11-849H4.4	SRR1782738	8.399203954547463
RP11-849H4.4	SRR1782739	3.0315652449181596
RP11-849H4.4	SRR1782740	8.09637355431248
RP11-849H4.4	SRR1782741	4.218720401107806
RP11-849H4.4	SRR1782742	12
RP11-849H4.4	SRR1782743	16.032673586160545
RP11-849H4.4	SRR1782744	10.050596339700848
RP11-849H4.4	SRR1782745	9.111084332549366
RP11-849H4.4	SRR1782746	6.121824426389192
RP11-849H4.4	SRR1782747	15.114303445384138
RP11-849H4.4	SRR1782748	15.22544920737003
RP11-849H4.4	SRR1782749	6.078457585494895
RP11-849H4.4	SRR1782750	13.018315787319834
RP11-849H4.4	SRR1782751	4.063581943748575
RP11-849H4.4	SRR1782752	8.05487872308478
RP11-849H4.4	SRR1782753	10.01063202890274
RP11-849H4.4	SRR1782754	5.042840393719608
RP11-849H4.4	SRR1782755	10.027601872840743
RP11-849H4.4	SRR1782756	2.0912763367679204
RP11-849H4.4	SRR1782757	14.020591678528538
RP11-849H4.4	SRR1782758	9.01620539658334
RP11-849H4.4	SRR1782759	11.04921441450905
RP11-849H4.4	SRR1782760	4.058190159512011
RP11-849H4.4	SRR1782761	17.981602820312602
RP11-849H4.4	SRR1782762	2.129851061580111
RP11-849H4.4	SRR1782763	5.027656175731918
RP11-849H4.4	SRR1782764	24.029182313346684
RP11-849H4.4	SRR1782765	21.069399790222395
RP11-849H4.4	SRR1782766	11.11934322390157
RP11-849H4.4	SRR1782767	9.089427741504908
RP11-849H4.4	SRR1782768	14.093333193301998
RP11-849H4.4	SRR1782769	8.06976418182903
RP11-849H4.4	SRR1782770	13.061651016478347
RP11-849H4.4	SRR1782771	11.0751217083788
RP11-849H4.4	SRR1782772	18.098381715429475
RP11-849H4.4	SRR1782773	17.07506787622356
RP11-849H4.4	SRR1782774	13.033181117822298
RP11-849H4.4	SRR1782775	5.101528601497304
RP11-849H4.4	SRR1782776	8.121864761195443
RP11-849H4.4	SRR1782777	24.004317941545047
RP11-849H4.4	SRR1782778	13.024162057618472
RP11-849H4.4	SRR1782779	2.0568581033138913
RP11-849H4.4	SRR1782780	4.052588074861775
RP11-849H4.4	SRR1782781	2.070718089466591
RP11-849H4.4	SRR1782782	7.1459950945579465
RP11-849H4.4	SRR1782783	10.06435238845173
RP11-849H4.4	SRR1782784	11.03766302274183
RP11-849H4.4	SRR1782785	14.01511959455593
RP11-849H4.4	SRR1782786	3.07622735813089
RP11-849H4.4	SRR1782787	21
RP11-849H4.4	SRR1782788	15.056983132467064
RP11-849H4.4	SRR1782789	3.0521305275037145
RP11-849H4.4	SRR1782790	2.0113569066605512
RP11-849H4.4	SRR1782791	6.0360988540371885
RP11-849H4.4	SRR1782792	9.062294535185462
RP11-849H4.4	SRR1782793	2.0750307773925294
RP11-849H4.4	SRR1782794	8.055368840797653
RP11-849H4.4	SRR1782795	5.107265915387512
RP11-849H4.4	SRR1782796	4.320310212326429
RP11-849H4.4	SRR1782797	6.154226036256727
RP11-849H4.4	SRR1782798	6.118162012339239
RP11-849H4.4	SRR1782799	7.011342757001889
RP11-849H4.4	SRR1782800	5.009002998101856
RP11-849H4.4	SRR1782801	12.067477915440847
RP11-849H4.4	SRR1782802	14.104505536717259
RP11-849H4.4	SRR1782803	9.033390538898505
RP11-849H4.4	SRR1782804	13.03578047204481
RP11-849H4.4	SRR1782805	13.023407795064825
RP11-849H4.4	SRR1782806	13.035349654156063
RP11-849H4.4	SRR1782807	1.0356994706753837
RP11-849H4.4	SRR1782808	2.053654041657056
RP11-849H4.4	SRR1782809	5.068763645299424
RP11-849H4.4	SRR1782810	8.135471683226315
RP11-849H4.4	SRR1782811	5.015758532255422
RP11-849H4.4	SRR1782812	4.051390291392792
RP11-849H4.4	SRR1782813	3.0189497718965623
RP11-849H4.4	SRR1782814	13.171288250678941
RP11-849H4.4	SRR1782815	1.062495840870562
RP11-849H4.4	SRR1782816	19.010256956320582
RP11-849H4.4	SRR1782817	15.053862999805476
RP11-849H4.4	SRR1782818	16.225112842968773
RP11-849H4.4	SRR1782819	6.168399658718201
RP11-849H4.4	SRR1782820	2.072123619523487
RP11-849H4.4	SRR1782821	11.030060438337909
RP11-849H4.4	SRR1782822	6.048191970171174
RP11-849H4.4	SRR1782823	14.054278881776657
RP11-849H4.4	SRR1782824	7.040318147258989
RP11-849H4.4	SRR1782825	9.052638590818859
RP11-849H4.4	SRR1782826	5.034759431594003
RP11-849H4.4	SRR1782827	4.054263734819688
RP11-849H4.4	SRR1782828	17
RP11-849H4.4	SRR1782829	8
RP11-849H4.4	SRR1782830	6.236956035188913
RP11-849H4.4	SRR1782831	2.147838845102731
RP11-849H4.4	SRR1782832	3.0987553176291054
RP11-849H4.4	SRR1782833	3.069998448069367
RP11-849H4.4	SRR1782834	6.001079485386262
RP11-849H4.4	SRR1782835	2.231231531822256
RP11-849H4.4	SRR1782836	30.611329952831298
RP11-849H4.4	SRR1782837	2.0562669413136656
RP11-849H4.4	SRR1782838	5.067008788290929
RP11-849H4.4	SRR1782839	3.0427274554238135
RP11-849H4.4	SRR1782840	6.05151591607433
RP11-849H4.4	SRR1782841	2.0305365603160794
RP11-849H4.4	SRR1782842	11
RP11-849H4.4	SRR1782843	6.149335862270288
RP11-849H4.4	SRR1782844	8.002281378516749
RP11-849H4.4	SRR1782845	6.115160654641282
RP11-849H4.4	SRR1782846	12.06720893594188
RP11-849H4.4	SRR1782847	2.4683508029456567
RP11-849H4.4	SRR1782848	6.1698121235840135
RP11-849H4.4	SRR1782849	6.203908834797954
RP11-849H4.4	SRR1782850	2.5047808348424283
RP11-849H4.4	SRR1782851	1.2640085575608608
RP11-849H4.4	SRR1782852	1.264344673893091
RP11-849H4.4	SRR1782853	2.5182689130765783
RP11-849H4.4	SRR1782854	12.039288986213379
RP11-849H4.4	SRR1782855	12.028945876168375
RP11-849H4.4	SRR1782856	6.032065020330558
RP11-849H4.4	SRR1782857	10.072254172113015
RP11-849H4.4	SRR1782858	14.01511959455593
RP11-849H4.4	SRR1782859	22.03564866486308
RP11-849H4.4	SRR1782860	6.013599449997636
RP11-849H4.4	SRR1782861	14.026198288695161
RP11-849H4.4	SRR1782862	6.028314108569793
RP11-849H4.4	SRR1782863	15.039868521598612
RP11-849H4.4	SRR1782864	11.14538144597072
RP11-849H4.4	SRR1782865	12.051391225733843
RP11-849H4.4	SRR1782866	7.0247065744616295
RP11-849H4.4	SRR1782867	6.10232702944832
RP11-849H4.4	SRR1782868	3.0109974059920237
RP11-849H4.4	SRR1782869	12.042152417496066
RP11-849H4.4	SRR1782870	11.02755450111795
RP11-849H4.4	SRR1782871	7.037667640581644
RP11-849H4.4	SRR1782872	12.033350379648565
RP11-849H4.4	SRR1782873	18.084086577765415
RP11-849H4.4	SRR1782874	8.052019476496513
RP11-849H4.4	SRR1782875	7.036304456587711
RP11-849H4.4	SRR1782876	4.015930840609548
RP11-849H4.4	SRR1782877	8.027391289266786
RP11-849H4.4	SRR1782878	3.0241696363461616
RP11-849H4.4	SRR1782879	7.103645242983428
RP11-849H4.4	SRR1782880	10.04238319018373
RP11-849H4.4	SRR1782881	12.050123081029074
RP11-849H4.4	SRR1782882	10.035295106373757
RP11-849H4.4	SRR1782883	11.020143467381823
RP11-849H4.4	SRR1782884	26.018716130218596
RP11-849H4.4	SRR1782885	30
RP11-849H4.4	SRR1782886	4.0222858608286804
RP11-849H4.4	SRR1782887	18.016748857037005
RP11-849H4.4	SRR1782888	14.045985965044938
RP11-849H4.4	SRR1782889	12.05229106965718
RP11-849H4.4	SRR1782890	11.017001723500453
RP11-849H4.4	SRR1782891	18.012957320920567
RP11-849H4.4	SRR1782892	28.052041354870557
RP11-849H4.4	SRR1782893	2.0078426603602617
RP11-849H4.4	SRR1782894	5.057965580831834
RP11-849H4.4	SRR1782895	9.033390538898505
RP11-849H4.4	SRR1782896	13.028094409419248
RP11-849H4.4	SRR1782897	5.014038191966806
RP11-849H4.4	SRR1782898	16.036265199993696
RP11-849H4.4	SRR1782899	16.06068833275429
RP11-849H4.4	SRR1782900	13.01403962351622
RP11-849H4.4	SRR1782901	9.009047058826223
RP11-849H4.4	SRR1782902	9
RP11-849H4.4	SRR1782903	17.04339069253685
RP11-849H4.4	SRR1782904	18
RP11-849H4.4	SRR1782905	17.03598762022061
RP11-849H4.4	SRR1782906	8.051377598089255
RP11-849H4.4	SRR1782907	10.049078069236922
RP11-849H4.4	SRR1782908	9.027842502318245
RP11-849H4.4	SRR1782909	5.017272927347353
RP11-849H4.4	SRR1782910	28
RP11-849H4.4	SRR1782911	3.0211220815356343
RP11-849H4.4	SRR1782912	6.674640348774445
RP11-849H4.4	SRR1782913	15
RP11-849H4.4	SRR1782914	10.028076383933612
RP11-849H4.4	SRR1782915	31
RP11-849H4.4	SRR1782916	8.08695660174516
RP11-849H4.4	SRR1782917	12.03887175414289
RP11-849H4.4	SRR1782918	14.01511959455593
RP11-849H4.4	SRR1782919	20
RP11-849H4.4	SRR1782920	10.010799710397093
RP11-849H4.4	SRR1782921	12.025035424993511
RP11-849H4.4	SRR1782922	1.1868611598736958
RP11-849H4.4	SRR1782923	14.078944569157631
RP11-849H4.4	SRR1782924	11.057049860352118
RP11-849H4.4	SRR1782925	21.07460986595488
RP11-849H4.4	SRR1782926	20.14868358738038
RP11-849H4.4	SRR1782927	12.034958076196403
RP11-849H4.4	SRR1782928	16.116758020602333
RP11-849H4.4	SRR1782929	14.122804969310112
RP11-849H4.4	SRR1782930	10.029405981120908
RP11-849H4.4	SRR1782931	23.062853643797446
RP11-849H4.4	SRR1782932	16.06002203975849
RP11-849H4.4	SRR1782933	10.653997108487637
RP11-849H4.4	SRR1782934	13.077228915557404
RP11-849H4.4	SRR1782935	10.045521691478386
RP11-849H4.4	SRR1782936	3.077916749696421
RP11-849H4.4	SRR1782937	11.087605136446555
RP11-849H4.4	SRR1782938	2.516200075801242
RP11-849H4.4	SRR1782939	9.04311983162088
RP11-849H4.4	SRR1782940	11.029391684688377
RP11-849H4.4	SRR1782941	3.0237777652852036
RP11-849H4.4	SRR1782942	11.044296802078243
RP11-849H4.4	SRR1782943	13.061347235234551
RP11-849H4.4	SRR1782944	15.019771026969517
RP11-849H4.4	SRR1782945	8.043048732093308
RP11-849H4.4	SRR1782946	12.025933301002382
RP11-849H4.4	SRR1782947	10.02144322158314
RP11-849H4.4	SRR1782948	11
RP11-849H4.4	SRR1782949	17.042869698088026
RP11-849H4.4	SRR1782950	23
RP11-849H4.4	SRR1782951	14.047080029165961
RP11-849H4.4	SRR1782952	5.5152070413107435
RP11-849H4.4	SRR1782953	14.026684395688621
RP11-849H4.4	SRR1782954	6.758499203199313
RP11-849H4.4	SRR1782955	5.1712706159335315
RP11-849H4.4	SRR1782956	11.168125237542261
RP11-849H4.4	SRR1782957	10.197859199459323
RP11-849H4.4	SRR1782958	14.077673093916323
RP11-849H4.4	SRR1782959	7.410140776549623
RP11-849H4.4	SRR1782960	33
RP11-849H4.4	SRR1782961	14.05118359524163
RP11-849H4.4	SRR1782962	14.104074380193264
RP11-849H4.4	SRR1782963	6.041876531129348
RP11-849H4.4	SRR1782964	14.0058491662033
RP11-849H4.4	SRR1782965	17.053579009668432
RP11-849H4.4	SRR1782966	34
RP11-849H4.4	SRR1782967	14.057857029339251
RP11-849H4.4	SRR1782968	17.018359507675058
RP11-849H4.4	SRR1782969	7.087057656689034
RP11-849H4.4	SRR1782970	2.0256545640431005
RP11-849H4.4	SRR1782971	7.11991311880929
RP11-849H4.4	SRR1782972	18.103127132093146
RP11-849H4.4	SRR1782973	6.310475950579928
RP11-849H4.4	SRR1782974	25
RP11-849H4.4	SRR1782975	2.0802636033405415
RP11-849H4.4	SRR1782976	9.089534551388912
RP11-849H4.4	SRR1782977	19.00683735579314
RP11-849H4.4	SRR1782978	2.0339428645616002
RP11-849H4.4	SRR1782979	6.051214923329907
RP11-849H4.4	SRR1782980	17.030324929806188
RP11-849H4.4	SRR1782981	7.087530223420952
RP11-849H4.4	SRR1782982	4.023462322487554
RP11-849H4.4	SRR1782983	26.026135947720203
RP11-849H4.4	SRR1782984	17.006117634130707
RP11-849H4.4	SRR1782985	5.0343379335752045
RP11-849H4.4	SRR1782986	16.04900716947334
RP11-849H4.4	SRR1782987	20.025813754729487
RP11-849H4.4	SRR1782988	28
RP11-849H4.4	SRR1782989	4.174560084299337
RP11-849H4.4	SRR1782990	6.083853832584633
RP11-849H4.4	SRR1782991	10.04207620749528
RP11-849H4.4	SRR1782992	8.019575176157984
RP11-849H4.4	SRR1782993	2.042898393680232
RP11-849H4.4	SRR1782994	18
RP11-849H4.4	SRR1782995	6.050948099317403
RP11-849H4.4	SRR1782996	21
RP11-849H4.4	SRR1782997	7.031650228995002
RP11-849H4.4	SRR1782998	10.037100598776117
RP11-849H4.4	SRR1782999	7.154622902136682
RP11-849H4.4	SRR1783000	16.06333684798
RP11-849H4.4	SRR1783001	8.135431143785786
RP11-849H4.4	SRR1783002	3.171921219035432
RP11-849H4.4	SRR1783003	19
RP11-849H4.4	SRR1783004	18.08332380994579
RP11-849H4.4	SRR1783005	2.03258367201123
RP11-849H4.4	SRR1783006	6.146110034716432
RP11-849H4.4	SRR1813867	5.2553933100484125
RP11-849H4.4	SRR1813868	7.140119400809623
RP11-849H4.4	SRR1813869	8.084689584701866
RP11-849H4.4	SRR1813870	28.369316084669475
RP11-849H4.4	SRR1813871	15.804579719280493
RP11-849H4.4	SRR1813872	27.686514263546755
RP11-849H4.4	SRR1813873	25.54086656333074
RP11-849H4.4	SRR1813874	14.152653149364378
RP11-849H4.4	SRR1813875	25
RP11-849H4.4	SRR1813876	13.07013097614374
RP11-849H4.4	SRR1813877	14.404643397209474
RP11-849H4.4	SRR1813878	27.019435981380852
RP11-849H4.4	SRR1813879	14
RP11-849H4.4	SRR1813880	36
RP11-849H4.4	SRR1813881	7.148837455342967
RP11-849H4.4	SRR1813882	22.25954287235284
RP11-849H4.4	SRR1813883	30.026493893148494
RP11-849H4.4	SRR1813884	6.082248170131615
RP11-849H4.4	SRR1813885	20
RP11-849H4.4	SRR1813886	25.031501989322802
RP11-849H4.4	SRR1813887	4.0446742414678605
RP11-849H4.4	SRR1928188	13.10628558695473
RP11-849H4.4	SRR1928189	12.08756851545175
RP11-849H4.4	SRR1928190	13.113864324991996
RP11-849H4.4	SRR1928191	7.0787251430028
RP11-849H4.4	SRR1928192	12.15368462029191
RP11-849H4.4	SRR1928193	29.441241194959865
RP11-849H4.4	SRR2046996	67.57211783719745
RP11-849H4.4	SRR2046997	34.37362791605249
RP11-849H4.4	SRR2046998	25.50035179996642
RP11-849H4.4	SRR2046999	83.63092508079072
RP11-849H4.4	SRR2047000	36.379817755819026
RP11-849H4.4	SRR2047001	80.74426899058247
RP11-849H4.4	SRR2047002	15.279717124242868
RP11-849H4.4	SRR2047003	13.305736410775369
RP11-849H4.4	SRR2047004	48.375623953053264
RP11-849H4.4	SRR2047005	47.377697412685635
RP11-849H4.4	SRR2047006	29.435785387516212
RP11-849H4.4	SRR2047007	12.312974616934524
RP11-849H4.4	SRR2047008	56.69524158404832
RP11-849H4.4	SRR2047009	38.69795529936499
RP11-849H4.4	SRR2313973	7.090927612830076
RP11-849H4.4	SRR2313974	5.038124709132423
RP11-849H4.4	SRR2313975	5.052222254424342
RP11-849H4.4	SRR2313976	4.059653042609917
RP11-849H4.4	SRR2313977	7.061332257928328
RP11-849H4.4	SRR2313978	4.108543625370822
RP11-849H4.4	SRR2313979	11.115715621926682
RP11-849H4.4	SRR2313980	15.088396296787185
RP11-849H4.4	SRR2313981	7.025202375647903
RP11-849H4.4	SRR2313982	8.106959236421407
RP11-849H4.4	SRR2313983	4.068338871891322
RP11-849H4.4	SRR2313984	7.03831101581578
RP11-849H4.4	SRR2313985	7.1368925092883115
RP11-849H4.4	SRR2313986	3.0187652039240587
RP11-849H4.4	SRR2313987	13.043882342307194
RP11-849H4.4	SRR2313988	3.027425891183769
RP11-849H4.4	SRR2313989	11.118885516278949
RP11-849H4.4	SRR2313990	3.0474455640969427
RP11-849H4.4	SRR2313991	2.0337030839210968
RP11-849H4.4	SRR2313992	4.061492303318944
RP11-849H4.4	SRR2313993	5.052529668564442
RP11-849H4.4	SRR2313994	2.044318467419315
RP11-849H4.4	SRR2313995	9.038543419300382
RP11-849H4.4	SRR2313996	7.031768011530087
RP11-849H4.4	SRR2313997	2.024561625087477
RP11-849H4.4	SRR2313998	8.19879439528242
RP11-849H4.4	SRR2313999	1.0094294474234875
RP11-849H4.4	SRR2314000	5.043635435308176
RP11-849H4.4	SRR2314001	5.0705873734672755
RP11-849H4.4	SRR2314002	7.076251602391923
RP11-849H4.4	SRR2314003	6.132208734072264
RP11-849H4.4	SRR2314004	10.080013221818136
RP11-849H4.4	SRR2314005	6.057431656586639
RP11-849H4.4	SRR2314006	7.13465064300288
RP11-849H4.4	SRR2314007	5.030302562364364
RP11-849H4.4	SRR2314008	8.010544547717075
RP11-849H4.4	SRR2314009	4.033171024022824
RP11-849H4.4	SRR2314010	8.053091445908485
RP11-849H4.4	SRR2314011	9.06472242291031
RP11-849H4.4	SRR2314012	11.081541813288364
RP11-849H4.4	SRR2314013	2.0240130031628603
RP11-849H4.4	SRR2314014	4.046608341883439
RP11-849H4.4	SRR2314015	4.0313089130867485
RP11-849H4.4	SRR2314016	7.022867228015798
RP11-849H4.4	SRR2314017	5.0992025733703175
RP11-849H4.4	SRR2314018	1.03782980758221
RP11-849H4.4	SRR2314019	7.023657661269213
RP11-849H4.4	SRR2314020	3.050117898466352
RP11-849H4.4	SRR2314021	7.035564039811703
RP11-849H4.4	SRR2314022	6.074010032894082
RP11-849H4.4	SRR2314023	4.039720557282208
RP11-849H4.4	SRR2314024	6.079821350738621
RP11-849H4.4	SRR2314025	10.050014283947293
RP11-849H4.4	SRR2314026	5.11372279199613
RP11-849H4.4	SRR2314027	8.060651048377297
RP11-849H4.4	SRR2314028	8.023060122044196
RP11-849H4.4	SRR2314029	5.011707057310339
RP11-849H4.4	SRR2314030	7.033440451199894
RP11-849H4.4	SRR2314031	8.141326143370533
RP11-849H4.4	SRR2314032	3.0534532384496607
RP11-849H4.4	SRR2314033	2.04933827144627
RP11-849H4.4	SRR2314034	3.089388988734295
RP11-849H4.4	SRR2314035	2.0947683344222288
RP11-849H4.4	SRR2314036	5.087654280442669
RP11-849H4.4	SRR2314037	3.04175351148028
RP11-849H4.4	SRR2314038	11.063844940913086
RP11-849H4.4	SRR2314039	17.1911896330068
RP11-849H4.4	SRR2314040	4.158464300199294
RP11-849H4.4	SRR2314041	4.030571939182954
RP11-849H4.4	SRR2314042	8.032655150916195
RP11-849H4.4	SRR2314043	8.073926287728481
RP11-849H4.4	SRR2314044	11.04681400048907
RP11-849H4.4	SRR2314045	7.053308017803091
RP11-849H4.4	SRR3493774	29
RP11-849H4.4	SRR3493775	20
RP11-849H4.4	SRR3493776	22.290736648321854
RP11-849H4.4	SRR3493777	22.01583672556958
RP11-849H4.4	SRR3493778	16
RP11-849H4.4	SRR3493779	16.05718490314578
RP11-849H4.4	SRR3493780	8.399156774665917
RP11-849H4.4	SRR3493781	21
RP11-849H4.4	SRR3493782	11.093884450068762
RP11-849H4.4	SRR3493783	13.03580219464593
RP11-849H4.4	SRR3493784	7.145669005639225
RP11-849H4.4	SRR3493785	4.003599579619063
RP11-849H4.4	SRR3493786	7.285096439082032
RP11-849H4.4	SRR3493787	32
RP11-849H4.4	SRR3493788	13
RP11-849H4.4	SRR3493789	7.127952300558722
RP11-849H4.4	SRR3493790	14
RP11-849H4.4	SRR3493791	15.022062512709146
RP11-849H4.4	SRR3493792	18.012957320920567
RP11-849H4.4	SRR3493793	11.108013874159669
RP11-849H4.4	SRR3493794	12.037587443782286
RP11-849H4.4	SRR3493795	10.03718075955135
RP11-849H4.4	SRR3493796	10.083843578636667
RP11-849H4.4	SRR3493797	11
RP11-849H4.4	SRR3493798	10.111887579694521
RP11-849H4.4	SRR3493799	7
RP11-849H4.4	SRR3493800	12.087031982529489
RP11-849H4.4	SRR3493801	5.046070844211942
RP11-849H4.4	SRR3493802	4
RP11-849H4.4	SRR3493803	23
RP11-849H4.4	SRR3493804	14.010077916271552
RP11-849H4.4	SRR3493805	10.02399462980114
RP11-849H4.4	SRR3493806	16
RP11-849H4.4	SRR3493807	20
RP11-849H4.4	SRR3493808	11.022949139577387
RP11-849H4.4	SRR3493809	8.027037327164814
RP11-849H4.4	SRR3493810	10
RP11-849H4.4	SRR3493811	10
RP11-849H4.4	SRR3493812	12.008638213947044
RP11-849H4.4	SRR3493813	15.028590423952092
RP11-849H4.4	SRR3493814	16
RP11-849H4.4	SRR3493815	17.860412737238867
RP11-849H4.4	SRR3493816	20
RP11-849H4.4	SRR3493817	9.026218557147303
RP11-849H4.4	SRR3493818	11.039463940617972
RP11-849H4.4	SRR3493819	14
RP11-849H4.4	SRR3493820	1.1220654621967874
RP11-849H4.4	SRR3493821	8.093629683928791
RP11-849H4.4	SRR3493822	9
RP11-849H4.4	SRR3493823	11.036103762816193
RP11-849H4.4	SRR3493824	13.276038812767082
RP11-849H4.4	SRR3493825	16.02108909543415
RP11-849H4.4	SRR3493826	10.007198511622537
RP11-849H4.4	SRR3493827	15
RP11-849H4.4	SRR3493828	10
RP11-849H4.4	SRR3493829	7.016796240860797
RP11-849H4.4	SRR3493830	20.500964415972266
RP11-849H4.4	SRR3493831	13.059136094680838
RP11-849H4.4	SRR3493832	7.001259399617306
RP11-849H4.4	SRR3493833	21.19276661193191
RP11-849H4.4	SRR3493834	14
RP11-849H4.4	SRR3493835	11.057955607804645
RP11-849H4.4	SRR3493836	13
RP11-849H4.4	SRR3493837	18.01400055779078
RP11-849H4.4	SRR3493838	10
RP11-849H4.4	SRR3493839	11.091745158107772
RP11-849H4.4	SRR3493840	4.078336887330612
RP11-849H4.4	SRR3493841	30.065752323736735
RP11-849H4.4	SRR3493846	6.137051771291822
RP11-849H4.4	SRR3493847	4.146804022949942
RP11-849H4.4	SRR3493848	18.006477494961924
RP11-849H4.4	SRR3493849	24.18908709447283
RP11-849H4.4	SRR3493850	28
RP11-849H4.4	SRR3714631	33
RP11-849H4.4	SRR3714632	21.118086352021482
RP11-849H4.4	SRR3714633	19.22049506458378
RP11-849H4.4	SRR3714634	14.093396949751176
RP11-849H4.4	SRR3714635	47
RP11-849H4.4	SRR3714636	39
RP11-849H4.4	SRR3714637	49
RP11-849H4.4	SRR3714638	23
RP11-849H4.4	SRR3714639	28.423225935671663
RP11-849H4.4	SRR3714640	34.46459086921226
RP11-849H4.4	SRR3714641	29.927237595237813
RP11-849H4.4	SRR3714642	32.41930222461518
RP11-849H4.4	SRR3714643	24.347083362255923
RP11-849H4.4	SRR3714644	22.388133874764005
RP11-849H4.4	SRR3714645	15.09827286962312
RP11-849H4.4	SRR3714646	18.006477494961924
RP11-849H4.4	SRR3714648	48.37461674902058
RP11-849H4.4	SRR3714649	46.54731516189872
RP11-849H4.4	SRR3714650	64.44071739966313
RP11-849H4.4	SRR3714651	42.51299378214254
RP11-849H4.4	SRR3714652	27.80539321799482
RP11-849H4.4	SRR3714653	18
RP11-849H4.4	SRR3714654	66
RP11-849H4.4	SRR3714655	29.021762841525558
RP11-849H4.4	SRR3714656	30.175321978786503
RP11-849H4.4	SRR3714657	37.108010418351185
RP11-849H4.4	SRR3714658	39.98873432382821
RP11-849H4.4	SRR3714659	34.051443207071316
RP11-849H4.4	SRR3714660	36
RP11-849H4.4	SRR3714661	15
RP11-849H4.4	SRR3714662	18.1983163496342
RP11-849H4.4	SRR3714663	14.010506199357167
RP11-849H4.4	SRR3714664	49.605947848462755
RP11-849H4.4	SRR3714665	26
RP11-849H4.4	SRR3714666	53
RP11-849H4.4	SRR3714667	33.935734522579786
RP11-849H4.4	SRR3714668	12
RP11-849H4.4	SRR3714669	24.66881242756494
RP11-849H4.4	SRR3714670	26.350429181113423
RP11-849H4.4	SRR3714671	28.03528222804154
RP11-849H4.4	SRR3714672	36.09887846246684
RP11-849H4.4	SRR3714673	36.312721873333395
RP11-849H4.4	SRR3714674	30.365325100435307
RP11-849H4.4	SRR3714675	33.17136487037424
RP11-849H4.4	SRR3714676	44
RP11-849H4.4	SRR3714677	21.04981310631277
RP11-849H4.4	SRR3714678	47.920354134788006
RP11-849H4.4	SRR3714679	36.05833417886686
RP11-849H4.4	SRR3714680	25.043145088395327
RP11-849H4.4	SRR3714681	22.078324139886
RP11-849H4.4	SRR3714682	56.32272341094751
RP11-849H4.4	SRR3714683	21.043811993738647
RP11-849H4.4	SRR3714684	31.739510885825446
RP11-849H4.4	SRR3714685	50.08782129681954
RP11-849H4.4	SRR3714686	24.12112224722363
RP11-849H4.4	SRR3714688	39.291122566569506
RP11-849H4.4	SRR3714689	41.76478329915995
RP11-849H4.4	SRR3714690	58.25372856248366
RP11-849H4.4	SRR3714691	23
RP11-849H4.4	SRR3714692	19.160042043170787
RP11-849H4.4	SRR3714693	42.80981515615307
RP11-849H4.4	SRR3714694	21.77370356983107
RP11-849H4.4	SRR3714695	43.166919688840416
RP11-849H4.4	SRR3714696	27
RP11-849H4.4	SRR3714697	13.119729152117372
RP11-849H4.4	SRR3714698	11.145345988138674
RP11-849H4.4	SRR3714699	30.813595059757443
RP11-849H4.4	SRR3714700	32.741173147949745
RP11-849H4.4	SRR3714701	30.00708766509309
RP11-849H4.4	SRR3714702	39.064657724979014
RP11-849H4.4	SRR3714703	17.01807444913466
RP11-849H4.4	SRR3714704	32.25422888407167
RP11-849H4.4	SRR3714705	40.3324609877872
RP11-849H4.4	SRR3714706	10.350850727752356
RP11-849H4.4	SRR3714707	39.028074195327896
RP11-849H4.4	SRR3714708	13.302463657660866
RP11-849H4.4	SRR3714709	54.96686412125603
RP11-849H4.4	SRR3714710	43.402241262084864
RP11-849H4.4	SRR3714711	27.110308763604994
RP11-849H4.4	SRR3714712	52
RP11-849H4.4	SRR3714713	42
RP11-849H4.4	SRR3714714	33
RP11-849H4.4	SRR3714715	22.106144585138804
RP11-849H4.4	SRR3714716	48
RP11-849H4.4	SRR3714717	36
RP11-849H4.4	SRR3714718	20
RP11-849H4.4	SRR3714719	37.19681512772864
RP11-849H4.4	SRR3714720	13.16380432781807
RP11-849H4.4	SRR3714721	16.659757178726018
RP11-849H4.4	SRR3714723	40.543267873705155
RP11-849H4.4	SRR3714724	9.026494485429657
RP11-849H4.4	SRR3714725	16.198859558236343
RP11-849H4.4	SRR3714726	35.84995005702083
RP11-849H4.4	SRR3714727	25.8421776307935
RP11-849H4.4	SRR3714728	23.190419710447916
RP11-849H4.4	SRR3714729	7.183586656404439
RP11-849H4.4	SRR3714730	42.12417936237973
RP11-849H4.4	SRR3714731	36.006476912317574
RP11-849H4.4	SRR3714732	24.547050929865204
RP11-849H4.4	SRR3714734	47.27945309031664
RP11-849H4.4	SRR3714735	75.19884795024095
RP11-849H4.4	SRR3714736	39.901387295609396
RP11-849H4.4	SRR3714737	24
RP11-849H4.4	SRR3714738	35.703299260129086
RP11-849H4.4	SRR3714739	22.537541079236195
RP11-849H4.4	SRR3714740	42.36958013907519
RP11-849H4.4	SRR3714741	21.022679391833893
RP11-849H4.4	SRR3714744	43.13547889832841
RP11-849H4.4	SRR3714745	23.935606262929884
RP11-849H4.4	SRR3714746	16.136796121337262
RP11-849H4.4	SRR3714747	50.58782014651221
RP11-849H4.4	SRR3714748	38.3203907297177
RP11-849H4.4	SRR3714749	12.250582875958381
RP11-849H4.4	SRR3714750	38.45444811320793
RP11-849H4.4	SRR3714751	26.02807924703244
RP11-849H4.4	SRR3714752	30
RP11-849H4.4	SRR3714753	34.26881793561622
RP11-849H4.4	SRR3714754	19
RP11-849H4.4	SRR3714755	20.22293221962789
RP11-849H4.4	SRR3714756	18.390243219206106
RP11-849H4.4	SRR3714757	15.383894346430248
RP11-849H4.4	SRR3714758	36.96827805960099
RP11-849H4.4	SRR3714759	46.114876326793585
RP11-849H4.4	SRR3714760	29.026096952238206
RP11-849H4.4	SRR3714761	15.00539791246827
RP11-849H4.4	SRR3714762	34.94259142092862
RP11-849H4.4	SRR3714764	24
RP11-849H4.4	SRR3714765	41.819203335762325
RP11-849H4.4	SRR3714766	46
RP11-849H4.4	SRR3714767	15.089380908614588
RP11-849H4.4	SRR3714768	20
RP11-849H4.4	SRR5176628	10.069362436470586
RP11-849H4.4	SRR5176629	6.034615371113226
RP11-849H4.4	SRR5176630	16.036265199993696
RP11-849H4.4	SRR5176631	7.068548910804453
RP11-849H4.4	SRR5176632	7.0199650651151755
RP11-849H4.4	SRR5176633	6.039168688665162
RP11-849H4.4	SRR5176634	2.0796637104046134
RP11-849H4.4	SRR5176635	2.012385361103068
RP11-849H4.4	SRR5176636	9.236481760262324
RP11-849H4.4	SRR5176637	2.0593280362653013
RP11-849H4.4	SRR5176638	4.4908041194781925
RP11-849H4.4	SRR5176639	27
RP11-849H4.4	SRR5176640	2.0883958837252345
RP11-849H4.4	SRR5176641	4.059457949508736
RP11-849H4.4	SRR5176642	5.009530141317365
RP11-849H4.4	SRR5176643	7.012080624750691
RP11-849H4.4	SRR5176644	24.004317941545047
RP11-849H4.4	SRR5176645	2.077607674552947
RP11-849H4.4	SRR5176646	7.130699753514713
RP11-849H4.4	SRR5176647	7.04103636319671
RP11-849H4.4	SRR5176648	11.031036458901767
RP11-849H4.4	SRR5176649	10.068001280405927
RP11-849H4.4	SRR5176650	3.0723044830176947
RP11-849H4.4	SRR5176651	11.174889647420267
RP11-849H4.4	SRR5176652	6.033448243750325
RP11-849H4.4	SRR5176653	10.027021148755608
RP11-849H4.4	SRR5176654	14.1142822476732
RP11-849H4.4	SRR5176655	18.022681432312417
RP11-849H4.4	SRR5176656	4.280441162924507
RP11-849H4.4	SRR5176657	8.642689593049584
RP11-849H4.4	SRR5176658	17.02806722160612
RP11-849H4.4	SRR5176659	13.028094409419248
RP11-849H4.4	SRR5176660	14.01610877650212
RP11-849H4.4	SRR5176661	15.083221172053202
RP11-849H4.4	SRR5176662	36.88698471458948
RP11-849H4.4	SRR5176663	18.115834299213116
RP11-849H4.4	SRR5176664	11
RP11-849H4.4	SRR5176665	12.107233925547966
RP11-849H4.4	SRR5176666	12.046524755808564
RP11-849H4.4	SRR5176667	1.0787114326524636
RP11-849H4.4	SRR5176668	10.043407660883638
RP11-849H4.4	SRR5176669	7.0670862244363235
RP11-849H4.4	SRR5176670	20.13048001612331
RP11-849H4.4	SRR5176671	17.03061019354631
RP11-849H4.4	SRR5176672	8.044597658333766
RP11-849H4.4	SRR5176673	7.033529515536
RP11-849H4.4	SRR5176674	11.025755526082746
RP11-849H4.4	SRR5176675	11.046621509202103
RP11-849H4.4	SRR5176676	2.036809926238647
RP11-849H4.4	SRR5176677	12.017282646122439
RP11-849H4.4	SRR5176678	7.156427112085394
RP11-849H4.4	SRR5176679	3.027139392931112
RP11-849H4.4	SRR5176680	18.051089289574406
RP11-849H4.4	SRR5176681	20.02221147394836
RP11-849H4.4	SRR5176682	7.069629391959338
RP11-849H4.4	SRR5176683	2.009147559616247
RP11-849H4.4	SRR5176684	16.04252642303852
RP11-849H4.4	SRR5176685	15.044820866377615
RP11-849H4.4	SRR5176686	11.047933480519081
RP11-849H4.4	SRR5176687	12.05429639981053
RP11-849H4.4	SRR5176688	9.119532721675784
RP11-849H4.4	SRR5176689	7.052522400965298
RP11-849H4.4	SRR5176690	2.0510810457032242
RP11-849H4.4	SRR5176691	25.023262301440283
RP11-849H4.4	SRR5176692	5.048923970207467
RP11-849H4.4	SRR5176693	8.0591156977589
RP11-849H4.4	SRR5176694	19
RP11-849H4.4	SRR5176695	8.11484373473446
RP11-849H4.4	SRR5176696	6.767359164315453
RP11-849H4.4	SRR5176697	2.055157880539488
RP11-849H4.4	SRR5176698	1.1648237836443878
RP11-849H4.4	SRR5176699	3.075045036981576
RP11-849H4.4	SRR5176700	6.5340865212091845
RP11-849H4.4	SRR5176701	3.1026194285649393
RP11-849H4.4	SRR5176702	5
RP11-849H4.4	SRR5176703	5.112903273517592
RP11-849H4.4	SRR5176704	3.0131046906667174
RP11-849H4.4	SRR5176705	10.02144322158314
RP11-849H4.4	SRR5176706	3.081803671989985
RP11-849H4.4	SRR5176707	3.058964865495079
RP11-849H4.4	SRR5176708	5.049410277001937
RP11-849H4.4	SRR5176709	17.081734690917955
RP11-849H4.4	SRR5176710	21
RP11-849H4.4	SRR5176711	11.020966310898201
RP11-849H4.4	SRR5176712	7.089695077692091
RP11-849H4.4	SRR5176713	3.0264614098980966
RP11-849H4.4	SRR5176714	7.421853357864249
RP11-849H4.4	SRR5176715	18.022681432312417
RP11-849H4.4	SRR5176716	22.043578431708042
RP11-849H4.4	SRR5176717	4.026235535932187
RP11-849H4.4	SRR5176718	10.088065291964956
RP11-849H4.4	SRR5176719	16.037462583393086
RP11-849H4.4	SRR5176720	28
RP11-849H4.4	SRR5176721	18
RP11-849H4.4	SRR5176722	6.119005060327987
RP11-849H4.4	SRR5176723	6.057668123120946
RP11-849H4.4	SRR5176724	13.070711147982214
RP11-849H4.4	SRR5176725	6.073778150522305
RP11-849H4.4	SRR5176726	21
RP11-849H4.4	SRR5176727	7.004515950377103
RP11-849H4.4	SRR5176728	3.074249941801467
RP11-849H4.4	SRR5176729	22.04260643581604
RP11-849H4.4	SRR5176730	5.03271012030746
RP11-849H4.4	SRR5176731	11.051084045281195
RP11-849H4.4	SRR5176732	33
RP11-849H4.4	SRR5176733	14.031732049994485
RP11-849H4.4	SRR5176734	11.891285116446134
RP11-849H4.4	SRR5176735	6.014048468772407
RP11-849H4.4	SRR5176736	14.027496763922647
RP11-849H4.4	SRR5176737	17.049704579549694
RP11-849H4.4	SRR5176738	4.044241621801796
RP11-849H4.4	SRR5176739	9.07149573108419
RP11-849H4.4	SRR5176740	14.058286773015315
RP11-849H4.4	SRR5176741	6.245904090388505
RP11-849H4.4	SRR5176742	13.137423447450445
RP11-849H4.4	SRR5176743	10.118484876942848
RP11-849H4.4	SRR5176744	9.120772791000999
RP11-849H4.4	SRR5176745	4.036690069036563
RP11-849H4.4	SRR5176746	10.02266574999606
RP11-849H4.4	SRR5176747	21
RP11-849H4.4	SRR5176748	26.032762068895718
RP11-849H4.4	SRR5176749	7.11457612167069
RP11-849H4.4	SRR5176750	5.08112515311204
RP11-849H4.4	SRR5176751	16.05816193967364
RP11-849H4.4	SRR5176752	10.04538287361441
RP11-849H4.4	SRR5176753	11.02889976630626
RP11-849H4.4	SRR5176754	10.052614054151265
RP11-849H4.4	SRR5176755	17.009177276707888
RP11-849H4.4	SRR5176756	5.1442737109042485
RP11-849H4.4	SRR5176757	4.223065774285263
RP11-849H4.4	SRR5176758	14.158948278723619
RP11-849H4.4	SRR5176759	6.1644391681548
RP11-849H4.4	SRR5176760	8.04646506261454
RP11-849H4.4	SRR5176761	4.023394929252826
RP11-849H4.4	SRR5176762	2.148765612259312
RP11-849H4.4	SRR5176763	7.053521568992575
RP11-849H4.4	SRR5176764	8.00575880929803
RP11-849H4.4	SRR5176765	13.02243544596557
RP11-849H4.4	SRR5176766	11.031221232517693
RP11-849H4.4	SRR5176767	9.009047058826223
RP11-849H4.4	SRR5176768	11.167153268239247
RP11-849H4.4	SRR5176769	10.029532983317266
RP11-849H4.4	SRR5176770	17.039803994855152
RP11-849H4.4	SRR5176771	9.022022073177732
RP11-849H4.4	SRR5176772	7.043903461627403
RP11-849H4.4	SRR5176773	6.0450174302891035
RP11-849H4.4	SRR5176774	14.086709687098491
RP11-849H4.4	SRR5176775	8.07675317680527
RP11-849H4.4	SRR5176776	14.115862138583674
RP11-849H4.4	SRR5176777	8.080042017419608
RP11-849H4.4	SRR5176778	13.074876559195266
RP11-849H4.4	SRR5176779	8.041382038385347
RP11-849H4.4	SRR5176780	12.036960522385684
RP11-849H4.4	SRR5176781	4.02551128916404
RP11-849H4.4	SRR5176782	7.057573479847252
RP11-849H4.4	SRR5176783	6.055813173325838
RP11-849H4.4	SRR5176784	5.020272187802134
RP11-849H4.4	SRR5176785	9.015892932113896
RP11-849H4.4	SRR5176786	8
RP11-849H4.4	SRR5176787	5.038383709022503
RP11-849H4.4	SRR5176788	5.133797458953314
RP11-849H4.4	SRR5176789	2.028285909956478
RP11-849H4.4	SRR5176790	10.094264885638582
RP11-849H4.4	SRR5176791	11.096718474815653
RP11-849H4.4	SRR5176792	30
RP11-849H4.4	SRR5176793	14.128805727486279
RP11-849H4.4	SRR5176794	10.04507579922951
RP11-849H4.4	SRR5176795	10.04207620749528
RP11-849H4.4	SRR5176796	10.22646112438415
RP11-849H4.4	SRR5176797	8.055970312824067
RP11-849H4.4	SRR5176798	18.094955349498193
RP11-849H4.4	SRR5176799	27
RP11-849H4.4	SRR5176800	8.063933332231414
RP11-849H4.4	SRR5176801	16.279052175885393
RP11-849H4.4	SRR5176802	2.0283584905703345
RP11-849H4.4	SRR5176803	14.0574272987999
RP11-849H4.4	SRR5176804	6.12804380667676
RP11-849H4.4	SRR5176805	8.03099061098312
RP11-849H4.4	SRR5176806	3.089326192788905
RP11-849H4.4	SRR5176807	19.013677172082822
RP11-849H4.4	SRR5176808	6.002159164987308
RP11-849H4.4	SRR5176809	15.021603307653049
RP11-849H4.4	SRR5176810	23
RP11-849H4.4	SRR5176811	31
RP11-849H4.4	SRR5176812	10.010799710397093
RP11-849H4.4	SRR5176813	13.015409209978138
RP11-849H4.4	SRR5176814	18
RP11-849H4.4	SRR5176815	4.056461768948711
RP11-849H4.4	SRR5176816	9.129776243585649
RP11-849H4.4	SRR5176817	18.09454672006561
RP11-849H4.4	SRR5176818	12.03062872414366
RP11-849H4.4	SRR5176819	6.317840863129072
RP11-849H4.4	SRR5176820	6.134044421163882
RP11-849H4.4	SRR5176821	15.140056665781035
RP11-849H4.4	SRR5176822	8.235729415721453
RP11-849H4.4	SRR5176823	7.026377334635262
RP11-849H4.4	SRR5176824	10.056539011614339
RP11-849H4.4	SRR5176825	10.01110573697418
RP11-849H4.4	SRR5176826	3.0249200690261224
RP11-849H4.4	SRR5176827	5.018904506808032
RP11-849H4.4	SRR5176828	10.039655993282313
RP11-849H4.4	SRR5176829	17.04645704106768
RP11-849H4.4	SRR5176830	19.010256956320582
RP11-849H4.4	SRR5176831	9.04636363797496
RP11-849H4.4	SRR5176832	5.050537078266681
RP11-849H4.4	SRR5176833	11.063695291430612
RP11-849H4.4	SRR5176834	15.058819952701963
RP11-849H4.4	SRR5176835	10.03600339378272
RP11-849H4.4	SRR5176836	14.012598528666722
RP11-849H4.4	SRR5176837	2.1020205145072848
RP11-849H4.4	SRR5176838	7.1747901775652565
RP11-849H4.4	SRR5176839	5.203831577446512
RP11-849H4.4	SRR5176840	10.005398398063464
RP11-849H4.4	SRR5176841	5.070482037540162
RP11-849H4.4	SRR5176842	18.11279427646071
RP11-849H4.4	SRR5176843	14.108640428221083
RP11-849H4.4	SRR5176844	13.037871249212772
RP11-849H4.4	SRR5176845	7.102776473470276
RP11-849H4.4	SRR5176846	12.05368714896722
RP11-849H4.4	SRR5176847	8.164270542066463
RP11-849H4.4	SRR5176848	3.025845551127637
RP11-849H4.4	SRR5176849	8.156122027665758
RP11-849H4.4	SRR5176850	7.096052179634664
RP11-849H4.4	SRR5176851	9.009719739357383
RP11-849H4.4	SRR5176852	10.2227010079045
RP11-849H4.4	SRR5176853	19.04759413829464
RP11-849H4.4	SRR5176854	4.187675330788302
RP11-849H4.4	SRR5176855	12.027326327155537
RP11-849H4.4	SRR5176856	9.145543016619817
RP11-849H4.4	SRR5176857	9.032041693589727
RP11-849H4.4	SRR5176858	8.055233912887411
RP11-849H4.4	SRR5176859	7.012486735802548
RP11-849H4.4	SRR5176860	26
RP11-849H4.4	SRR5176861	9.017827540244198
RP11-849H4.4	SRR5176862	8.047499030398624
RP11-849H4.4	SRR5176863	13.032564410412123
RP11-849H4.4	SRR5176864	11.053865193385727
RP11-849H4.4	SRR5176865	28.053368791377242
RP11-849H4.4	SRR5176866	15
RP11-849H4.4	SRR5176867	16.067964765666236
RP11-849H4.4	SRR5176868	1.0352438239475827
RP11-849H4.4	SRR5176869	12.029362764236975
RP11-849H4.4	SRR5176870	12.054257535420003
RP11-849H4.4	SRR5176871	15.051566663176521
RP11-849H4.4	SRR5176872	2.039155387218287
RP11-849H4.4	SRR5861974	2.0265002840838533
RP11-849H4.4	SRR5861975	6.055939362632802
RP11-849H4.4	SRR5861976	6.24148419417904
RP11-849H4.4	SRR5861977	11
RP11-849H4.4	SRR5861978	18.087590112542774
RP11-849H4.4	SRR5861979	9.086347323905928
RP11-849H4.4	SRR5861980	26
RP11-849H4.4	SRR5861981	6.120685546158364
RP11-849H4.4	SRR5861982	6.170300883007342
RP11-849H4.4	SRR5861983	22.036631513639453
RP11-849H4.4	SRR5861984	3.0247909688629506
RP11-849H4.4	SRR5861985	2.0346956414753237
RP11-849H4.4	SRR5861986	13.025955845378787
RP11-849H4.4	SRR5861987	9.116530820180095
RP11-849H4.4	SRR5861988	8.142228887323473
RP11-849H4.4	SRR5861989	4.050154136256705
RP11-849H4.4	SRR5861990	10.030461467276643
RP11-849H4.4	SRR5861991	21
RP11-849H4.4	SRR5861992	28
RP11-849H4.4	SRR5861993	10.03793020797143
RP11-849H4.4	SRR5861994	27
RP11-849H4.4	SRR5861995	7.061766057680382
RP11-849H4.4	SRR5861996	10.042247356985124
RP11-849H4.4	SRR5861997	6.155329185306453
RP11-849H4.4	SRR5861998	14.080769199264193
RP11-849H4.4	SRR5861999	8.216363811628044
RP11-849H4.4	SRR5862000	8.002878886649745
RP11-849H4.4	SRR5862001	18
RP11-849H4.4	SRR5862002	26.02807924703244
RP11-849H4.4	SRR5862003	17.042279062559686
RP11-849H4.4	SRR5862004	5.02815595488232
RP11-849H4.4	SRR5862005	10.052945032282008
RP11-849H4.4	SRR5862006	10.037809013616064
RP11-849H4.4	SRR5862007	6.051501569043908
RP11-849H4.4	SRR5862008	16.06437991860161
RP11-849H4.4	SRR5862009	8.028557284893127
RP11-849H4.4	SRR5862010	6.309844755374329
RP11-849H4.4	SRR5862011	2.07225561536582
RP11-849H4.4	SRR5862012	6.042347142473601
RP11-849H4.4	SRR5862013	5.104870537287643
RP11-849H4.4	SRR5862014	20.098273362528598
RP11-849H4.4	SRR5862015	21
RP11-849H4.4	SRR5862016	10.041875625890924
RP11-849H4.4	SRR5862017	11.091220316062767
RP11-849H4.4	SRR5862018	4.016068590242803
RP11-849H4.4	SRR5862019	8.065272694016205
RP11-849H4.4	SRR5862020	10.035876309652703
RP11-849H4.4	SRR5862021	6.036476669654035
RP11-849H4.4	SRR5862022	18.087266234108444
RP11-849H4.4	SRR5862023	14.10661190388996
RP11-849H4.4	SRR5862024	11.030060438337909
RP11-849H4.4	SRR5862025	23
RP11-849H4.4	SRR5862026	12.0948909010249
RP11-849H4.4	SRR5862027	14.007557757288849
RP11-849H4.4	SRR5862028	6.76087278738606
RP11-849H4.4	SRR5862029	10.207645470908256
RP11-849H4.4	SRR5862030	12.033691660720336
RP11-849H4.4	SRR5862031	5.035357393600453
RP11-849H4.4	SRR5862032	2.147570054219792
RP11-849H4.4	SRR5862033	9.013910501045824
RP11-849H4.4	SRR5862034	2.4919671700820345
RP11-849H4.4	SRR5862035	8.053072327522427
RP11-849H4.4	SRR5862036	6.107175768465437
RP11-849H4.4	SRR5862037	4.21899371857137
RP11-849H4.4	SRR5862038	11.8763077874264
RP11-849H4.4	SRR5862039	22.037967677787886
RP11-849H4.4	SRR5862040	10.065588839830468
RP11-849H4.4	SRR5862041	7.03862137881273
RP11-849H4.4	SRR5862042	10.08906065660905
RP11-849H4.4	SRR5862043	31
RP11-849H4.4	SRR5862044	13.018271691425953
RP11-849H4.4	SRR5862045	12.050974608366396
RP11-849H4.4	SRR5862046	15.121299172373805
RP11-849H4.4	SRR5862047	5.044579739973748
RP11-849H4.4	SRR5862048	2.4953130839399913
RP11-849H4.4	SRR5862049	7.109248811121329
RP11-849H4.4	SRR5862050	12.040555990747222
RP11-849H4.4	SRR5862051	15.072371308049183
RP11-849H4.4	SRR5862052	12.041455025633645
RP11-849H4.4	SRR5862053	15.040079570029606
RP11-849H4.4	SRR5862054	8.214048971884084
RP11-849H4.4	SRR5862055	2.0465065092509462
RP11-849H4.4	SRR5862056	3.0990537580457156
RP11-849H4.4	SRR5862057	10.078379061163627
RP11-849H4.4	SRR5862058	6.013783283588248
RP11-849H4.4	SRR5862059	6.169476425625863
RP11-849H4.4	SRR5862060	4.037840965402755
RP11-849H4.4	SRR5862061	7.025018395126279
RP11-849H4.4	SRR5862062	19.010256956320582
RP11-849H4.4	SRR5862063	9.111861170299985
RP11-849H4.4	SRR5862064	9.017429905561107
RP11-849H4.4	SRR5862065	11.027739216409898
RP11-849H4.4	SRR5862066	5.045595873868801
RP11-849H4.4	SRR5862067	2.4692109479041346
RP11-849H4.4	SRR5862068	5.023902234190188
RP11-849H4.4	SRR5862069	16.034577734669842
RP11-849H4.4	SRR5862070	7.094625814722989
RP11-849H4.4	SRR5862071	2.5052060457972365
RP11-849H4.4	SRR5862072	1.2641489791098965
RP11-849H4.4	SRR5862073	14.026198288695161
RP11-849H4.4	SRR5862074	8.040708833112356
RP11-849H4.4	SRR5862075	7.048203465588155
RP11-849H4.4	SRR5862076	6.205515723286972
RP11-849H4.4	SRR5862077	5.019676017203765
RP11-849H4.4	SRR5862078	1.0778857376132789
RP11-849H4.4	SRR5862079	10.104091371093453
RP11-849H4.4	SRR5862080	2.037290806648617
RP11-849H4.4	SRR5862081	7.012080624750691
RP11-849H4.4	SRR5862082	14.053419652589618
RP11-849H4.4	SRR5862083	31
RP11-849H4.4	SRR5862084	8.055970312824067
RP11-849H4.4	SRR5862085	27
RP11-849H4.4	SRR5862086	9.225825819511872
RP11-849H4.4	SRR5862087	9.109694515418534
RP11-849H4.4	SRR5862088	4.487156871365245
RP11-849H4.4	SRR5862089	9.111770782379505
RP11-849H4.4	SRR5862090	17.029338660108824
RP11-849H4.4	SRR5862091	4.056511945677807
RP11-849H4.4	SRR5862092	6.12529561844834
RP11-849H4.4	SRR5862093	6.001079485386262
RP11-849H4.4	SRR5862094	10.050055361428717
RP11-849H4.4	SRR5862095	6.526014355053378
RP11-849H4.4	SRR5862096	17.037259650117484
RP11-849H4.4	SRR5862097	8.043183455897625
RP11-849H4.4	SRR5862098	6.674339964696118
RP11-849H4.4	SRR5862099	3.0684118430673784
RP11-849H4.4	SRR5862100	18.047842225918334
RP11-849H4.4	SRR5862101	7.411283656741752
RP11-849H4.4	SRR5862102	7.041274307017829
RP11-849H4.4	SRR5862103	3.070853467746606
RP11-849H4.4	SRR5862104	2.0083456381154536
RP11-849H4.4	SRR5862105	7.078806251789502
RP11-849H4.4	SRR5862106	12.051391225733843
RP11-849H4.4	SRR5862107	8
RP11-849H4.4	SRR5862108	8.055615090550404
RP11-849H4.4	SRR5862109	5.009002998101856
RP11-849H4.4	SRR5862110	3.0241315212437008
RP11-849H4.4	SRR5862111	16.242635494955195
RP11-849H4.4	SRR5862112	14.05325946263177
RP11-849H4.4	SRR5862113	7.06197986495176
RP11-849H4.4	SRR5862114	8.037752144759724
RP11-849H4.4	SRR5862115	7.047921486968368
RP11-849H4.4	SRR5862116	3.077434809140219
RP11-849H4.4	SRR5862117	5.01652375957676
RP11-849H4.4	SRR5862118	6.050497617479773
RP11-849H4.4	SRR5862119	11.045761137350683
RP11-849H4.4	SRR5862120	9.008500839416723
RP11-849H4.4	SRR5862121	17.025004181070365
RP11-849H4.4	SRR5862122	10.02086285416126
RP11-849H4.4	SRR5862123	13.02986378110787
RP11-849H4.4	SRR5862124	9.028792584785272
RP11-849H4.4	SRR5862125	19
RP11-849H4.4	SRR5862126	10.008998949047658
RP11-849H4.4	SRR5862127	11.041787630475847
RP11-849H4.4	SRR5862128	12.04452071853134
RP11-849H4.4	SRR5862129	8.630634411086703
RP11-849H4.4	SRR5862130	9.055856614411455
RP11-849H4.4	SRR5862131	9.020399174996454
RP11-849H4.4	SRR5862132	13.011698633761956
RP11-849H4.4	SRR5862133	10.009578629360643
RP11-849H4.4	SRR5862134	19.005418273977277
RP11-849H4.4	SRR5862135	2.025627165054883
RP11-849H4.4	SRR5862136	10.00359860831218
RP11-849H4.4	SRR5862137	12.025933301002382
RP11-849H4.4	SRR5862138	28.04994694321019
RP11-849H4.4	SRR5862139	15.020481769982156
RP11-849H4.4	SRR5862140	11.036352271068873
RP11-849H4.4	SRR5862141	7.031028072115462
RP11-849H4.4	SRR5862142	11.029723263631169
RP11-849H4.4	SRR5862143	17.006117634130707
RP11-849H4.4	SRR5862144	14.080826751673463
RP11-849H4.4	SRR5862145	15.04957127873028
RP11-849H4.4	SRR5862146	4.054442512574797
RP11-849H4.4	SRR5862147	3.022025382919978
RP11-849H4.4	SRR5862148	18
RP11-849H4.4	SRR5862149	2.0115194706454256
RP11-849H4.4	SRR5862150	13.031809661256723
RP11-849H4.4	SRR5862151	8.099924980046957
RP11-849H4.4	SRR5862152	3.074106499613028
RP11-849H4.4	SRR5862153	10.207507402373297
RP11-849H4.4	SRR5862154	33
RP11-849H4.4	SRR5862155	10.0632433278211
RP11-849H4.4	SRR5862156	2.0517063650864458
RP11-849H4.4	SRR5862157	6.156487308467262
RP11-849H4.4	SRR5862158	7.003778878644424
RP11-849H4.4	SRR5862159	4.023733323961954
RP11-849H4.4	SRR5862160	2.076532102339353
RP11-849H4.4	SRR5862161	17.04645704106768
RP11-849H4.4	SRR5862162	14.046695916173462
RP11-849H4.4	SRR5862163	15.052942659560635
RP11-849H4.4	SRR5862164	2.1003247688193354
RP11-849H4.4	SRR5862165	12.051933890368433
RP11-849H4.4	SRR5862166	10.042826021444869
RP11-849H4.4	SRR5862167	14.029207995825764
RP11-849H4.4	SRR5862168	7.011557091249578
RP11-849H4.4	SRR5862169	15.055650898164174
RP11-849H4.4	SRR5862170	3.03338081233432
RP11-849H4.4	SRR5862171	10.01725803535813
RP11-849H4.4	SRR5862172	11.0193206853003
RP11-849H4.4	SRR5862173	5.12610188590884
RP11-849H4.4	SRR5862174	6.170549972351149
RP11-849H4.4	SRR5862175	9.043946542917311
RP11-849H4.4	SRR5862176	2.0346274794986217
RP11-849H4.4	SRR5862177	5.161359046421352
RP11-849H4.4	SRR5862178	2.0576193607952975
RP11-849H4.4	SRR5862179	4.022492638480282
RP11-849H4.4	SRR5862180	1.1637413174363656
RP11-849H4.4	SRR5862181	7.148345724252956
RP11-849H4.4	SRR5862182	13.122345767589945
RP11-849H4.4	SRR5862183	13.065071969857332
RP11-849H4.4	SRR5862184	3.082319107765136
RP11-849H4.4	SRR5862185	30
RP11-849H4.4	SRR5862186	9.066076148759935
RP11-849H4.4	SRR5862187	7.052994941442235
RP11-849H4.4	SRR5862188	5.196449818906171
RP11-849H4.4	SRR5862189	5.04185646763714
RP11-849H4.4	SRR5862190	12.016385415985726
RP11-849H4.4	SRR5862191	5.059995588846526
RP11-849H4.4	SRR5862192	4.180906916099073
RP11-849H4.4	SRR5862193	5.017938154826352
RP11-849H4.4	SRR5862194	8.042524136122958
RP11-849H4.4	SRR5862195	10.063470586203122
RP11-849H4.4	SRR5862196	15
RP11-849H4.4	SRR5862197	11
RP11-849H4.4	SRR5862198	1.1010895492315216
RP11-849H4.4	SRR5862199	16.03964066342234
RP11-849H4.4	SRR5862200	12.026300929494695
RP11-849H4.4	SRR5862201	5.511653474567798
RP11-849H4.4	SRR5862202	3.065697439439536
RP11-849H4.4	SRR5862203	7.240516996591373
RP11-849H4.4	SRR5862204	9
RP11-849H4.4	SRR5862205	5
RP11-849H4.4	SRR5862206	3.0543528280251855
RP11-849H4.4	SRR5862207	6.0319372039192745
RP11-849H4.4	SRR5862208	5.097429438232695
RP11-849H4.4	SRR5862209	6.067771047686125
RP11-849H4.4	SRR5862210	12
RP11-849H4.4	SRR5862211	1.032816631560076
RP11-849H4.4	SRR5862212	7.0621668819223
RP11-849H4.4	SRR5862213	13.061128456886566
RP11-849H4.4	SRR5862214	5.0138171015236175
RP11-849H4.4	SRR5862215	12.028464632178725
RP11-849H4.4	SRR5862216	10.036559710886879
RP11-849H4.4	SRR5862217	8.052011172731863
RP11-849H4.4	SRR5862218	18.017687223939067
RP11-849H4.4	SRR5862219	7.163456873695206
RP11-849H4.4	SRR5862220	11.049433922571765
RP11-849H4.4	SRR5862221	26
RP11-849H4.4	SRR5862222	16.05211643653632
RP11-849H4.4	SRR5862223	2.0866696834585396
RP11-849H4.4	SRR5862224	14.111066076128877
RP11-849H4.4	SRR5862225	10.026812212903726
RP11-849H4.4	SRR5862226	18.019439478714766
RP11-849H4.4	SRR5862227	27
RP11-849H4.4	SRR5862228	8.072571400108595
RP11-849H4.4	SRR5862229	12.070919226049298
RP11-849H4.4	SRR5862230	6.031816721300268
RP11-849H4.4	SRR5862231	16.033380566658014
RP11-849H4.4	SRR5862232	5.075670218561491
RP11-849H4.4	SRR5862233	13.035924463961406
RP11-849H4.4	SRR5862234	5.029485670499386
RP11-849H4.4	SRR5862235	9.008099054142892
RP11-849H4.4	SRR5862236	11.023587543741456
RP11-849H4.4	SRR5862237	1.031015477815649
RP11-849H4.4	SRR5862238	20.017997898095317
RP11-849H4.4	SRR5862239	14.108038807860963
RP11-849H4.4	SRR5862240	13.035525972581166
RP11-849H4.4	SRR5862241	5.030983965843442
RP11-849H4.4	SRR5862242	14.097326408463209
RP11-849H4.4	SRR5862243	18.10121687316127
RP11-849H4.4	SRR5862244	9.13031288402343
RP11-849H4.4	SRR5862245	8.14621139483408
RP11-849H4.4	SRR5862246	13.024778367425148
RP11-849H4.4	SRR5862247	4.022586193746432
RP11-849H4.4	SRR5862248	25.017996279056344
RP11-849H4.4	SRR5862249	4.060668945183039
RP11-849H4.4	SRR5862250	3.0317585942632
RP11-849H4.4	SRR5862251	9.092987143236371
RP11-849H4.4	SRR5862252	7.017866755750468
RP11-849H4.4	SRR5862253	3.0233483665434258
RP11-849H4.4	SRR5862254	11.078766509615765
RP11-849H4.4	SRR5862255	4.032157460777622
RP11-849H4.4	SRR5862256	11.170492194881117
RP11-849H4.4	SRR5862257	6.082558679320512
RP11-849H4.4	SRR5862258	10.025523936786383
RP11-849H4.4	SRR5862259	11.150893562314241
RP11-849H4.4	SRR5862260	2.129566353784977
RP11-849H4.4	SRR5862261	4.066674515223883
RP11-849H4.4	SRR5862262	9.089924317686867
RP11-849H4.4	SRR5862263	2.0910108135087238
RP11-849H4.4	SRR5862264	18.105026986975634
RP11-849H4.4	SRR5862265	24.03024190974989
RP11-849H4.4	SRR5862266	7.038385586128724
RP11-849H4.4	SRR5862267	4.220971512453963
RP11-849H4.4	SRR5862268	13.064672587475469
RP11-849H4.4	SRR5862269	11.043436611287843
RP11-849H4.4	SRR5862270	19.043064924992514
RP11-849H4.4	SRR5862271	20.119346507281502
RP11-849H4.4	SRR5862272	11.124005319281956
RP11-849H4.4	SRR5862273	21.07254629485888
RP11-849H4.4	SRR5862274	17.078139923930532
RP11-849H4.4	SRR5862275	7.090947752653435
RP11-849H4.4	SRR5862276	7.121776553733826
RP11-849H4.4	SRR5862277	7.088802674943257
RP11-849H4.4	SRR5949109	1.1498283651018633
RP11-849H4.4	SRR5949110	1.148171272003916
RP11-849H4.4	SRR5949111	1.1498283651018633
RP11-849H4.4	SRR5949112	1.1499000124654937
RP11-849H4.4	SRR5949113	1.1493287860193127
RP11-849H4.4	SRR5949114	1.1499000124654937
RP11-849H4.4	SRR5949115	1.1498283651018633
RP11-849H4.4	SRR5949116	1.149801355279094
RP11-849H4.4	SRR5949117	1.1499000124654937
RP11-849H4.4	SRR5949118	1.149757132515299
RP11-849H4.4	SRR5949119	1.1498700492655702
RP11-849H4.4	SRR5949120	1.149752993629983
RP11-849H4.4	SRR5949121	1.149727479151349
RP11-849H4.4	SRR5949122	1.149659680044542
RP11-849H4.4	SRR5949123	1.1495224477062624
RP11-849H4.4	SRR5949124	1.1489713533334538
RP11-849H4.4	SRR5949125	1.1493657120956842
RP11-849H4.4	SRR5949126	1.1496653216499102
RP11-849H4.4	SRR5949127	1.149752993629983
RP11-849H4.4	SRR5949128	1.149752993629983
RP11-849H4.4	SRR5949129	1.1498758641415114
RP11-849H4.4	SRR5949130	1.1498041981068907
RP11-849H4.4	SRR5949131	1.1496516232140812
RP11-849H4.4	SRR5949132	1.1498283651018633
RP11-849H4.4	SRR5949133	1.1496993836519698
RP11-849H4.4	SRR5949134	1.1499000124654937
RP11-849H4.4	SRR5949135	1.149801355279094
RP11-849H4.4	SRR5949136	1.1498700492655702
RP11-849H4.4	SRR5949137	1.1489979896611313
RP11-849H4.4	SRR5949138	1.1496058907069004
RP11-849H4.4	SRR5949139	1.1496653216499102
RP11-849H4.4	SRR5949140	1.1498283651018633
RP11-849H4.4	SRR5949141	1.1498758641415114
RP11-849H4.4	SRR5949142	1.1498041981068907
RP11-849H4.4	SRR5949143	1.1499000124654937
RP11-849H4.4	SRR5949144	1.149757132515299
RP11-849H4.4	SRR5949145	1.1497815594090803
RP11-849H4.4	SRR5949146	1.149752993629983
RP11-849H4.4	SRR5949147	1.149752993629983
RP11-849H4.4	SRR5949148	1.1489471817569916
RP11-849H4.4	SRR5949149	1.149757132515299
RP11-849H4.4	SRR5949150	1.1498758641415114
RP11-849H4.4	SRR5949151	1.1494823274298185
RP11-849H4.4	SRR5949152	1.1476551316063306
RP11-849H4.4	SRR5949153	1.149659680044542
RP11-849H4.4	SRR5949154	1.1487635500794011
RP11-849H4.4	SRR5949155	1.1497815594090803
RP11-849H4.4	SRR5949156	1.1498758641415114
RP11-849H4.4	SRR5949157	1.1498700492655702
RP11-849H4.4	SRR5949158	1.1499000124654937
RP11-849H4.4	SRR5949159	1.1489204896371397
RP11-849H4.4	SRR5949160	1.1498283651018633
RP11-849H4.4	SRR5949161	1.1498283651018633
RP11-849H4.4	SRR5949162	1.1498283651018633
RP11-849H4.4	SRR5949163	1.1498758641415114
RP11-849H4.4	SRR5949164	1.1499000124654937
RP11-849H4.4	SRR5949165	1.149801355279094
RP11-849H4.4	SRR5949166	1.1498758641415114
RP11-849H4.4	SRR5949167	1.149757132515299
RP11-849H4.4	SRR5949168	1.1497815594090803
RP11-849H4.4	SRR5949169	1.1447151303318799
RP11-849H4.4	SRR5949170	1.1499000124654937
RP11-849H4.4	SRR5949171	1.1496516232140812
RP11-849H4.4	SRR5949172	1.1496058907069004
RP11-849H4.4	SRR5949173	1.1498283651018633
RP11-849H4.4	SRR5949174	1.1497815594090803
RP11-849H4.4	SRR5949175	1.1499000124654937
RP11-849H4.4	SRR5949176	1.149727479151349
RP11-849H4.4	SRR5949177	1.1489132956948793
RP11-849H4.4	SRR5949178	1.1496653216499102
RP11-849H4.4	SRR5949179	1.1497815594090803
RP11-849H4.4	SRR5949180	1.1499000124654937
RP11-849H4.4	SRR5949181	1.1498700492655702
RP11-849H4.4	SRR5949182	1.149727479151349
RP11-849H4.4	SRR5949183	1.1498758641415114
RP11-849H4.4	SRR5949184	1.149801355279094
RP11-849H4.4	SRR5949185	1.1495611354981103
RP11-849H4.4	SRR5949186	1.1492630102128836
RP11-849H4.4	SRR5949187	1.1498041981068907
RP11-849H4.4	SRR5949188	1.149801355279094
RP11-849H4.4	SRR5949189	1.149752993629983
RP11-849H4.4	SRR5949190	1.149757132515299
RP11-849H4.4	SRR5949191	1.1496058907069004
RP11-849H4.4	SRR5949192	1.1498700492655702
RP11-849H4.4	SRR5949193	1.1498758641415114
RP11-849H4.4	SRR5949194	1.1498283651018633
RP11-849H4.4	SRR5949195	1.149801355279094
RP11-849H4.4	SRR5949196	1.149639556483191
RP11-849H4.4	SRR5949197	1.1494508753827517
RP11-849H4.4	SRR5949198	1.1489684643066176
RP11-849H4.4	SRR5949199	1.1496653216499102
RP11-849H4.4	SRR5949200	1.1498758641415114
RP11-849H4.4	SRR5949201	1.1497815594090803
RP11-849H4.4	SRR5949202	1.1498041981068907
RP11-849H4.4	SRR5949203	1.1498700492655702
RP11-849H4.4	SRR5949204	1.1499000124654937
RP11-849H4.4	SRR5949205	1.1499000124654937
RP11-849H4.4	SRR5949206	1.149801355279094
RP11-849H4.4	SRR5949207	1.1498283651018633
RP11-849H4.4	SRR5949208	1.149757132515299
RP11-849H4.4	SRR5949209	1.1498283651018633
RP11-849H4.4	SRR5949210	1.1497815594090803
RP11-849H4.4	SRR5949211	1.1494508753827517
RP11-849H4.4	SRR5949212	1.149757132515299
RP11-849H4.4	SRR5949213	1.1496993836519698
RP11-849H4.4	SRR5949214	1.1495224477062624
RP11-849H4.4	SRR5949215	1.149752993629983
RP11-849H4.4	SRR5949216	1.1498041981068907
RP11-849H4.4	SRR5949217	1.1498041981068907
RP11-849H4.4	SRR5949218	1.1496993836519698
RP11-849H4.4	SRR5949219	1.149727479151349
RP11-849H4.4	SRR5949220	1.1495611354981103
RP11-849H4.4	SRR5949221	1.149515806070026
RP11-849H4.4	SRR5949222	1.149752993629983
RP11-849H4.4	SRR5949223	1.1489094288850477
RP11-849H4.4	SRR5949224	1.1497815594090803
RP11-849H4.4	SRR5949225	1.1498700492655702
RP11-849H4.4	SRR5949226	1.1495611354981103
RP11-849H4.4	SRR5949227	1.1498700492655702
RP11-849H4.4	SRR5949228	1.1496058907069004
RP11-849H4.4	SRR5949229	1.149639556483191
RP11-849H4.4	SRR5949230	1.1498700492655702
RP11-849H4.4	SRR5949231	1.1494707522857042
RP11-849H4.4	SRR5949232	1.1487635500794011
RP11-849H4.4	SRR5949233	1.1489229708372037
RP11-849H4.4	SRR5949234	1.149752993629983
RP11-849H4.4	SRR5949235	1.1496058907069004
RP11-849H4.4	SRR5949236	1.1478430081697302
RP11-849H4.4	SRR5949237	1.1494610034998385
RP11-849H4.4	SRR5949238	1.1492438683694057
RP11-849H4.4	SRR5949239	1.147930185304594
RP11-849H4.4	SRR5949240	1.1498758641415114
RP11-849H4.4	SRR5949241	1.149757132515299
RP11-849H4.4	SRR5949242	1.1497815594090803
RP11-849H4.4	SRR5949243	1.1496516232140812
RP11-849H4.4	SRR5949244	1.1496653216499102
RP11-849H4.4	SRR5949245	1.1496653216499102
RP11-849H4.4	SRR5949246	1.149801355279094
RP11-849H4.4	SRR5949247	1.149752993629983
RP11-849H4.4	SRR5949248	1.149801355279094
RP11-849H4.4	SRR5949249	1.1497815594090803
RP11-849H4.4	SRR5949250	1.1499000124654937
RP11-849H4.4	SRR5949251	1.1496058907069004
RP11-849H4.4	SRR5949252	1.1498283651018633
RP11-849H4.4	SRR5949253	1.1494121443044876
RP11-849H4.4	SRR5949254	1.1495510677538354
RP11-849H4.4	SRR5949255	1.1497815594090803
RP11-849H4.4	SRR5949256	1.149659680044542
RP11-849H4.4	SRR5949257	1.1498758641415114
RP11-849H4.4	SRR5949258	1.1498758641415114
RP11-849H4.4	SRR5949259	1.149727479151349
RP11-849H4.4	SRR5949260	1.1499000124654937
RP11-849H4.4	SRR5949261	1.1499000124654937
RP11-849H4.4	SRR5949262	1.149659680044542
RP11-849H4.4	SRR5949263	1.1498041981068907
RP11-849H4.4	SRR5949264	1.149727479151349
RP11-849H4.4	SRR5949265	1.1498700492655702
RP11-849H4.4	SRR5949266	1.1490859664004887
RP11-849H4.4	SRR5949267	1.1491016556665985
RP11-849H4.4	SRR5949268	1.1498700492655702
RP11-849H4.4	SRR5949269	1.149752993629983
RP11-849H4.4	SRR5949270	1.1497815594090803
RP11-849H4.4	SRR5949271	1.1495224477062624
RP11-849H4.4	SRR5949272	1.1499000124654937
RP11-849H4.4	SRR5949273	1.1499000124654937
RP11-849H4.4	SRR5949274	1.149801355279094
RP11-849H4.4	SRR5949275	1.1495012298161975
RP11-849H4.4	SRR5949276	1.149801355279094
RP11-849H4.4	SRR5949277	1.1491016556665985
RP11-849H4.4	SRR5949278	1.1498041981068907
RP11-849H4.4	SRR5949279	1.1498041981068907
RP11-849H4.4	SRR5949280	1.1493806150832857
RP11-849H4.4	SRR5949281	1.149801355279094
RP11-849H4.4	SRR5949282	1.1499000124654937
RP11-849H4.4	SRR5949283	1.1494610034998385
RP11-849H4.4	SRR5949284	1.1499000124654937
RP11-849H4.4	SRR5949285	1.1485352709618715
RP11-849H4.4	SRR5949286	1.1490061236504394
RP11-849H4.4	SRR5949287	1.1499000124654937
RP11-849H4.4	SRR5949288	1.1498041981068907
RP11-849H4.4	SRR5949289	1.1496653216499102
RP11-849H4.4	SRR5949290	1.1499000124654937
RP11-849H4.4	SRR5949291	1.1497815594090803
RP11-849H4.4	SRR5949292	1.149752993629983
RP11-849H4.4	SRR5949293	1.1499000124654937
RP11-849H4.4	SRR5949294	1.1498758641415114
RP11-849H4.4	SRR5949295	1.1498041981068907
RP11-849H4.4	SRR5949296	1.1498041981068907
RP11-849H4.4	SRR5949297	1.1498283651018633
RP11-849H4.4	SRR5949298	1.149614382860247
RP11-849H4.4	SRR5949299	1.149757132515299
RP11-849H4.4	SRR5949300	1.1498758641415114
RP11-849H4.4	SRR5949301	1.1498758641415114
RP11-849H4.4	SRR5949302	1.1496653216499102
RP11-849H4.4	SRR5949303	1.1496516232140812
RP11-849H4.4	SRR5949304	1.1498283651018633
RP11-849H4.4	SRR5949305	1.1490061236504394
RP11-849H4.4	SRR5949306	1.1498700492655702
RP11-849H4.4	SRR5949307	1.149757132515299
RP11-849H4.4	SRR5949308	1.149801355279094
RP11-849H4.4	SRR5949309	1.1495565511841175
RP11-849H4.4	SRR5949310	1.1495565511841175
RP11-849H4.4	SRR5949311	1.1497815594090803
RP11-849H4.4	SRR5949312	1.149461221160821
RP11-849H4.4	SRR5949313	1.1497815594090803
RP11-849H4.4	SRR5949314	1.1498758641415114
RP11-849H4.4	SRR5949315	1.1497815594090803
RP11-849H4.4	SRR5949316	1.1498041981068907
RP11-849H4.4	SRR5949317	1.1492438683694057
RP11-849H4.4	SRR5949318	1.1491016556665985
RP11-849H4.4	SRR5949319	1.1498283651018633
RP11-849H4.4	SRR5949320	1.1499000124654937
RP11-849H4.4	SRR5949321	1.149801355279094
RP11-849H4.4	SRR5949322	1.149614382860247
RP11-849H4.4	SRR5949323	1.1497815594090803
RP11-849H4.4	SRR5949324	1.1499000124654937
RP11-849H4.4	SRR5949325	1.1498041981068907
RP11-849H4.4	SRR5949326	1.1497815594090803
RP11-849H4.4	SRR5949327	1.1490004023259148
RP11-849H4.4	SRR5949328	1.1498283651018633
RP11-849H4.4	SRR5949329	1.1498283651018633
RP11-849H4.4	SRR5949330	1.1498041981068907
RP11-849H4.4	SRR5949331	1.1498700492655702
RP11-849H4.4	SRR5949332	1.1499000124654937
RP11-849H4.4	SRR5949333	1.1496993836519698
RP11-849H4.4	SRR5949334	1.1494508753827517
RP11-849H4.4	SRR5949335	1.1498758641415114
RP11-849H4.4	SRR5949336	1.149801355279094
RP11-849H4.4	SRR5949337	1.1498700492655702
RP11-849H4.4	SRR5949338	1.1498041981068907
RP11-849H4.4	SRR5949339	1.1498041981068907
RP11-849H4.4	SRR5949340	1.149614382860247
RP11-849H4.4	SRR5949341	1.149727479151349
RP11-849H4.4	SRR5949342	1.1498700492655702
RP11-849H4.4	SRR5949343	1.149727479151349
RP11-849H4.4	SRR5949344	1.1498283651018633
RP11-849H4.4	SRR5949345	1.1498700492655702
RP11-849H4.4	SRR5949346	1.1489824166943214
RP11-849H4.4	SRR5949347	1.1494257243385793
RP11-849H4.4	SRR5949348	1.1487709425734813
RP11-849H4.4	SRR5949349	1.1498041981068907
RP11-849H4.4	SRR5949350	1.149757132515299
RP11-849H4.4	SRR5949351	1.1497815594090803
RP11-849H4.4	SRR5949352	1.149801355279094
RP11-849H4.4	SRR5949353	1.1498041981068907
RP11-849H4.4	SRR5949354	1.1495224477062624
RP11-849H4.4	SRR5949355	1.149727479151349
RP11-849H4.4	SRR5949356	1.1467122388088349
RP11-849H4.4	SRR5949357	1.149752993629983
RP11-849H4.4	SRR5949358	1.1497815594090803
RP11-849H4.4	SRR5949359	1.1498041981068907
RP11-849H4.4	SRR5949360	1.149727479151349
RP11-849H4.4	SRR5949361	1.1496653216499102
RP11-849H4.4	SRR5949362	1.1478188840514512
RP11-849H4.4	SRR5949363	1.1498758641415114
RP11-849H4.4	SRR5949364	1.1496058907069004
RP11-849H4.4	SRR5949365	1.1494121443044876
RP11-849H4.4	SRR5949366	1.1474377159067004
RP11-849H4.4	SRR5949367	1.1499000124654937
RP11-849H4.4	SRR5949368	1.148804618132568
RP11-849H4.4	SRR5949369	1.1498758641415114
RP11-849H4.4	SRR5949370	1.1498283651018633
RP11-849H4.4	SRR5949371	1.1495565511841175
RP11-849H4.4	SRR5949372	1.149801355279094
RP11-849H4.4	SRR5949373	1.1498758641415114
RP11-849H4.4	SRR5949374	1.1496516232140812
RP11-849H4.4	SRR5949375	1.1498758641415114
RP11-849H4.4	SRR5949376	1.1499000124654937
RP11-849H4.4	SRR5949377	1.1498041981068907
RP11-849H4.4	SRR5949378	1.1499000124654937
RP11-849H4.4	SRR5949379	1.1498041981068907
RP11-849H4.4	SRR5949380	1.1489471817569916
RP11-849H4.4	SRR5949381	1.1495012298161975
RP11-849H4.4	SRR5949382	1.1498283651018633
RP11-849H4.4	SRR5949383	1.1496993836519698
RP11-849H4.4	SRR5949384	1.1498758641415114
RP11-849H4.4	SRR5949385	1.149659680044542
RP11-849H4.4	SRR5949386	1.1499000124654937
RP11-849H4.4	SRR5949387	1.147930185304594
RP11-849H4.4	SRR5949388	1.1495224477062624
RP11-849H4.4	SRR5949389	1.1499000124654937
RP11-849H4.4	SRR5949390	1.1497815594090803
RP11-849H4.4	SRR5949391	1.1495565511841175
RP11-849H4.4	SRR5949392	1.1499000124654937
RP11-849H4.4	SRR5949393	1.1495565511841175
RP11-849H4.4	SRR5949394	1.1495012298161975
RP11-849H4.4	SRR5949395	1.1497815594090803
RP11-849H4.4	SRR5949396	1.1489204896371397
RP11-849H4.4	SRR5949397	1.1498758641415114
RP11-849H4.4	SRR5949398	1.1498700492655702
RP11-849H4.4	SRR5949399	1.1497815594090803
RP11-849H4.4	SRR5949400	1.1442239823514004
RP11-849H4.4	SRR5949401	1.1499000124654937
RP11-849H4.4	SRR5949402	1.149801355279094
RP11-849H4.4	SRR5949403	1.149757132515299
RP11-849H4.4	SRR5949404	1.1495611354981103
RP11-849H4.4	SRR5949405	1.1498041981068907
RP11-849H4.4	SRR5949406	1.1498758641415114
RP11-849H4.4	SRR5949407	1.1498041981068907
RP11-849H4.4	SRR5949408	1.1498041981068907
RP11-849H4.4	SRR5949409	1.149801355279094
RP11-849H4.4	SRR5949410	1.149801355279094
RP11-849H4.4	SRR5949411	1.1499000124654937
RP11-849H4.4	SRR5949412	1.1496653216499102
RP11-849H4.4	SRR5949413	1.1498041981068907
RP11-849H4.4	SRR5949414	1.1498283651018633
RP11-849H4.4	SRR5949415	1.1498700492655702
RP11-849H4.4	SRR5949416	1.149752993629983
RP11-849H4.4	SRR5949417	1.1496993836519698
RP11-849H4.4	SRR5949418	1.1498041981068907
RP11-849H4.4	SRR5949419	1.1498283651018633
RP11-849H4.4	SRR5949420	1.149727479151349
RP11-849H4.4	SRR5949421	1.1496993836519698
RP11-849H4.4	SRR5949422	1.149752993629983
RP11-849H4.4	SRR5949423	1.149752993629983
RP11-849H4.4	SRR5949424	1.1499000124654937
RP11-849H4.4	SRR5949425	1.149752993629983
RP11-849H4.4	SRR5949426	1.1498700492655702
RP11-849H4.4	SRR5949427	1.149752993629983
RP11-849H4.4	SRR5949428	1.1499000124654937
RP11-849H4.4	SRR5949429	1.149461221160821
RP11-849H4.4	SRR5949430	1.1497815594090803
RP11-849H4.4	SRR5949431	1.1497815594090803
RP11-849H4.4	SRR5949432	1.149801355279094
RP11-849H4.4	SRR5949433	1.149757132515299
RP11-849H4.4	SRR5949434	1.149757132515299
RP11-849H4.4	SRR5949435	1.1495510677538354
RP11-849H4.4	SRR5949436	1.1498283651018633
RP11-849H4.4	SRR5949437	1.149461221160821
RP11-849H4.4	SRR5949438	1.1493806150832857
RP11-849H4.4	SRR5949439	1.1498758641415114
RP11-849H4.4	SRR5949440	1.1498700492655702
RP11-849H4.4	SRR5949441	1.1498700492655702
RP11-849H4.4	SRR5949442	1.1496516232140812
RP11-849H4.4	SRR5949443	1.1495611354981103
RP11-849H4.4	SRR5949444	1.1495012298161975
RP11-849H4.4	SRR5949445	1.1499000124654937
RP11-849H4.4	SRR5949446	1.1498700492655702
RP11-849H4.4	SRR5949447	1.149757132515299
RP11-849H4.4	SRR5949448	1.1499000124654937
RP11-849H4.4	SRR5949449	1.1499000124654937
RP11-849H4.4	SRR5949450	1.1497815594090803
RP11-849H4.4	SRR5949451	1.1496993836519698
RP11-849H4.4	SRR5949452	1.1498041981068907
RP11-849H4.4	SRR5949453	1.1497815594090803
RP11-849H4.4	SRR5949454	1.1498041981068907
RP11-849H4.4	SRR5949455	1.149757132515299
RP11-849H4.4	SRR5949456	1.1498758641415114
RP11-849H4.4	SRR5949457	1.1498700492655702
RP11-849H4.4	SRR5949458	1.1498758641415114
RP11-849H4.4	SRR5949459	1.149801355279094
RP11-849H4.4	SRR5949460	1.1495611354981103
RP11-849H4.4	SRR5949461	1.1490004023259148
RP11-849H4.4	SRR5949462	1.1498283651018633
RP11-849H4.4	SRR5949463	1.1495510677538354
RP11-849H4.4	SRR5949464	1.1494610034998385
RP11-849H4.4	SRR5949465	1.1489587806071277
RP11-849H4.4	SRR5949466	1.1497815594090803
RP11-849H4.4	SRR5949467	1.1489471817569916
RP11-849H4.4	SRR5949468	1.1498283651018633
RP11-849H4.4	SRR5949469	1.1498700492655702
RP11-849H4.4	SRR5949470	1.1498041981068907
RP11-849H4.4	SRR5949471	1.149727479151349
RP11-849H4.4	SRR5949472	1.149801355279094
RP11-849H4.4	SRR5949473	1.149801355279094
RP11-849H4.4	SRR5949474	1.149757132515299
RP11-849H4.4	SRR5949475	1.1499000124654937
RP11-849H4.4	SRR5949476	1.1498041981068907
RP11-849H4.4	SRR5949477	1.1498700492655702
RP11-849H4.4	SRR5949478	1.149801355279094
RP11-849H4.4	SRR5949479	1.149283393549715
RP11-849H4.4	SRR5949480	1.149752993629983
RP11-849H4.4	SRR5949481	1.1498700492655702
RP11-849H4.4	SRR5949482	1.1496653216499102
RP11-849H4.4	SRR5949483	1.1492630102128836
RP11-849H4.4	SRR5949484	1.1498283651018633
RP11-849H4.4	SRR5949485	1.1495012298161975
RP11-849H4.4	SRR5949486	1.149757132515299
RP11-849H4.4	SRR5949487	1.149752993629983
RP11-849H4.4	SRR5949488	1.149461221160821
RP11-849H4.4	SRR5949489	1.1496058907069004
RP11-849H4.4	SRR5949490	1.1496058907069004
RP11-849H4.4	SRR5949491	1.149757132515299
RP11-849H4.4	SRR5949492	1.1496058907069004
RP11-849H4.4	SRR5949493	1.149727479151349
RP11-849H4.4	SRR5949494	1.1499000124654937
RP11-849H4.4	SRR5949495	1.1494707522857042
RP11-849H4.4	SRR5949496	1.149727479151349
RP11-849H4.4	SRR5949497	1.149727479151349
RP11-849H4.4	SRR5949498	1.1497815594090803
RP11-849H4.4	SRR5949499	1.1498283651018633
RP11-849H4.4	SRR5949500	1.1494121443044876
RP11-849H4.4	SRR5949501	1.149515806070026
RP11-849H4.4	SRR5949502	1.1492573238148507
RP11-849H4.4	SRR5949503	1.149639556483191
RP11-849H4.4	SRR5949504	1.1498041981068907
RP11-849H4.4	SRR5949505	1.1498041981068907
RP11-849H4.4	SRR5949506	1.1498041981068907
RP11-849H4.4	SRR5949507	1.1498700492655702
RP11-849H4.4	SRR5949508	1.149752993629983
RP11-849H4.4	SRR5949509	1.1498283651018633
RP11-849H4.4	SRR5949510	1.1498041981068907
RP11-849H4.4	SRR5949511	1.1489592829745587
RP11-849H4.4	SRR5949512	1.149801355279094
RP11-849H4.4	SRR5949513	1.1499000124654937
RP11-849H4.4	SRR5949514	1.149659680044542
RP11-849H4.4	SRR5949515	1.1498283651018633
RP11-849H4.4	SRR5949516	1.149757132515299
RP11-849H4.4	SRR5949517	1.1498041981068907
RP11-849H4.4	SRR5949518	1.149283393549715
RP11-849H4.4	SRR5949519	1.1496058907069004
RP11-849H4.4	SRR5949520	1.1498700492655702
RP11-849H4.4	SRR5949521	1.1490859664004887
RP11-849H4.4	SRR5949522	1.149801355279094
RP11-849H4.4	SRR5949523	1.1498700492655702
RP11-849H4.4	SRR5949524	1.149757132515299
RP11-849H4.4	SRR5949525	1.149659680044542
RP11-849H4.4	SRR5949526	1.1489944018824365
RP11-849H4.4	SRR5949527	1.149639556483191
RP11-849H4.4	SRR5949528	1.1483720675437479
RP11-849H4.4	SRR5949529	1.1495224477062624
RP11-849H4.4	SRR5949530	1.149727479151349
RP11-849H4.4	SRR5949531	1.1496653216499102
RP11-849H4.4	SRR5949532	1.1498700492655702
RP11-849H4.4	SRR5949533	1.1499000124654937
RP11-849H4.4	SRR5949534	1.149659680044542
RP11-849H4.4	SRR5949535	1.1498283651018633
RP11-849H4.4	SRR5949536	1.1497815594090803
RP11-849H4.4	SRR5949537	1.1498700492655702
RP11-849H4.4	SRR5949538	1.1499000124654937
RP11-849H4.4	SRR5949539	1.149727479151349
RP11-849H4.4	SRR5949540	1.1495611354981103
RP11-849H4.4	SRR5949541	1.149727479151349
RP11-849H4.4	SRR5949542	1.1495224477062624
RP11-849H4.4	SRR5949543	1.149752993629983
RP11-849H4.4	SRR5949544	1.1495611354981103
RP11-849H4.4	SRR5949545	1.149283393549715
RP11-849H4.4	SRR5949546	1.149639556483191
RP11-849H4.4	SRR5949547	1.1499000124654937
RP11-849H4.4	SRR5949548	1.149757132515299
RP11-849H4.4	SRR5949549	1.1494121443044876
RP11-849H4.4	SRR5949550	1.1489471817569916
RP11-849H4.4	SRR5949551	1.149801355279094
RP11-849H4.4	SRR5949552	1.1494823274298185
RP11-849H4.4	SRR5949553	1.1498758641415114
RP11-849H4.4	SRR5949554	1.1498041981068907
RP11-849H4.4	SRR5949555	1.1409427054301
RP11-849H4.4	SRR5949556	1.149515806070026
RP11-849H4.4	SRR5949557	1.1497815594090803
RP11-849H4.4	SRR5949558	1.1494707522857042
RP11-849H4.4	SRR5949559	1.1498283651018633
RP11-849H4.4	SRR5949560	1.1498283651018633
RP11-849H4.4	SRR5949561	1.1490061236504394
RP11-849H4.4	SRR5949562	1.1495012298161975
RP11-849H4.4	SRR5949563	1.1497815594090803
RP11-849H4.4	SRR5949564	1.149801355279094
RP11-849H4.4	SRR5949565	1.1498758641415114
RP11-849H4.4	SRR5949566	1.1498283651018633
RP11-849H4.4	SRR5949567	1.1479342052496542
RP11-849H4.4	SRR5949568	1.1495565511841175
RP11-849H4.4	SRR5949569	1.149614382860247
RP11-849H4.4	SRR5949570	1.149727479151349
RP11-849H4.4	SRR5949571	1.1493287860193127
RP11-849H4.4	SRR5949572	1.1496993836519698
RP11-849H4.4	SRR5949573	1.1495565511841175
RP11-849H4.4	SRR5949574	1.1497815594090803
RP11-849H4.4	SRR5949575	1.149752993629983
RP11-849H4.4	SRR5949576	1.1496993836519698
RP11-849H4.4	SRR5949577	1.1498758641415114
RP11-849H4.4	SRR5949578	1.1497815594090803
RP11-849H4.4	SRR5949579	1.1498283651018633
RP11-849H4.4	SRR5949580	1.1498283651018633
RP11-849H4.4	SRR5949581	1.1499000124654937
RP11-849H4.4	SRR5949582	1.149614382860247
RP11-849H4.4	SRR5949583	1.1498758641415114
RP11-849H4.4	SRR5949584	1.1489713533334538
RP11-849H4.4	SRR5949585	1.149801355279094
RP11-849H4.4	SRR5949586	1.1498041981068907
RP11-849H4.4	SRR5949587	1.149757132515299
RP11-849H4.4	SRR5949588	1.14823324140182
RP11-849H4.4	SRR5949589	1.1499000124654937
RP11-849H4.4	SRR5949590	1.149639556483191
RP11-849H4.4	SRR5949591	1.1498283651018633
RP11-849H4.4	SRR5949592	1.1496653216499102
RP11-849H4.4	SRR5949593	1.1499000124654937
RP11-849H4.4	SRR5949594	1.1496993836519698
RP11-849H4.4	SRR5949595	1.1498041981068907
RP11-849H4.4	SRR5949596	1.149757132515299
RP11-849H4.4	SRR5949597	1.1492327898220787
RP11-849H4.4	SRR5949598	1.149727479151349
RP11-849H4.4	SRR5949599	1.149639556483191
RP11-849H4.4	SRR5949600	1.1497815594090803
RP11-849H4.4	SRR5949601	1.1496993836519698
RP11-849H4.4	SRR5949602	1.1499000124654937
RP11-849H4.4	SRR5949603	1.149801355279094
RP11-849H4.4	SRR5949604	1.1498041981068907
RP11-849H4.4	SRR5949605	1.1496993836519698
RP11-849H4.4	SRR5949606	1.1494707522857042
RP11-849H4.4	SRR5949607	1.1498700492655702
RP11-849H4.4	SRR5949608	1.1490004023259148
RP11-849H4.4	SRR5950246	1.1489592829745587
RP11-849H4.4	SRR5950247	1.1494707522857042
RP11-849H4.4	SRR5950248	1.1497815594090803
RP11-849H4.4	SRR5950249	1.1499000124654937
RP11-849H4.4	SRR5950250	1.1495611354981103
RP11-849H4.4	SRR5950251	1.1497815594090803
RP11-849H4.4	SRR5950252	1.1498758641415114
RP11-849H4.4	SRR5950253	1.1498041981068907
RP11-849H4.4	SRR5950254	1.1494707522857042
RP11-849H4.4	SRR5950255	1.1492327898220787
RP11-849H4.4	SRR5950256	1.14882817140177
RP11-849H4.4	SRR5950257	1.1487945702274995
RP11-849H4.4	SRR5950258	1.149801355279094
RP11-849H4.4	SRR5950259	1.1498283651018633
RP11-849H4.4	SRR5950260	1.1497815594090803
RP11-849H4.4	SRR5950261	1.149801355279094
RP11-849H4.4	SRR5950262	1.149659680044542
RP11-849H4.4	SRR5950263	1.1492573238148507
RP11-849H4.4	SRR5950264	1.1498700492655702
RP11-849H4.4	SRR5950265	1.1495611354981103
RP11-849H4.4	SRR5950266	1.1489684643066176
RP11-849H4.4	SRR5950267	1.149801355279094
RP11-849H4.4	SRR5950268	1.1496993836519698
RP11-849H4.4	SRR5950269	1.149727479151349
RP11-849H4.4	SRR5950270	1.1494610034998385
RP11-849H4.4	SRR5950271	1.1499000124654937
RP11-849H4.4	SRR5950272	1.1499000124654937
RP11-849H4.4	SRR5950273	1.1497815594090803
RP11-849H4.4	SRR5950274	1.1496516232140812
RP11-849H4.4	SRR5950275	1.1496993836519698
RP11-849H4.4	SRR5950276	1.149801355279094
RP11-849H4.4	SRR5950277	1.149515806070026
RP11-849H4.4	SRR5950278	1.1492438683694057
RP11-849H4.4	SRR5950279	1.149757132515299
RP11-849H4.4	SRR5950280	1.1498041981068907
RP11-849H4.4	SRR5950281	1.1496993836519698
RP11-849H4.4	SRR5950282	1.1493287860193127
RP11-849H4.4	SRR5950283	1.149801355279094
RP11-849H4.4	SRR5950284	1.1466271340242074
RP11-849H4.4	SRR5950285	1.1494823274298185
RP11-849H4.4	SRR5950286	1.1497815594090803
RP11-849H4.4	SRR5950287	1.1491016556665985
RP11-849H4.4	SRR5950288	1.1495510677538354
RP11-849H4.4	SRR5950289	1.1490061236504394
RP11-849H4.4	SRR5950290	1.1498283651018633
RP11-849H4.4	SRR5950291	1.149801355279094
RP11-849H4.4	SRR5950292	1.1496653216499102
RP11-849H4.4	SRR5950293	1.1494610034998385
RP11-849H4.4	SRR5950294	1.1499000124654937
RP11-849H4.4	SRR5950295	1.1498758641415114
RP11-849H4.4	SRR5950296	1.149752993629983
RP11-849H4.4	SRR5950297	1.1494508753827517
RP11-849H4.4	SRR5950298	1.1498283651018633
RP11-849H4.4	SRR5950299	1.149614382860247
RP11-849H4.4	SRR5950300	1.149757132515299
RP11-849H4.4	SRR5950301	1.149801355279094
RP11-849H4.4	SRR5950302	1.149752993629983
RP11-849H4.4	SRR5950303	1.149614382860247
RP11-849H4.4	SRR5950304	1.149461221160821
RP11-849H4.4	SRR5950305	1.149752993629983
RP11-849H4.4	SRR5950306	1.149752993629983
RP11-849H4.4	SRR5950307	1.1496058907069004
RP11-849H4.4	SRR5950308	1.1496653216499102
RP11-849H4.4	SRR5950309	1.1496993836519698
RP11-849H4.4	SRR5950310	1.1497815594090803
RP11-849H4.4	SRR5950311	1.1498700492655702
RP11-849H4.4	SRR5950312	1.149801355279094
RP11-849H4.4	SRR5950313	1.1496653216499102
RP11-849H4.4	SRR5950314	1.1498283651018633
RP11-849H4.4	SRR5950315	1.149801355279094
RP11-849H4.4	SRR5950316	1.1498700492655702
RP11-849H4.4	SRR5950317	1.149614382860247
RP11-849H4.4	SRR5950318	1.1494610034998385
RP11-849H4.4	SRR5950319	1.149639556483191
RP11-849H4.4	SRR5950320	1.149614382860247
RP11-849H4.4	SRR5950321	1.148836459359721
RP11-849H4.4	SRR5950322	1.1495224477062624
RP11-849H4.4	SRR5950323	1.1496516232140812
RP11-849H4.4	SRR5950324	1.1498283651018633
RP11-849H4.4	SRR5950325	1.149659680044542
RP11-849H4.4	SRR5950326	1.149515806070026
RP11-849H4.4	SRR5950327	1.149801355279094
RP11-849H4.4	SRR5950328	1.149801355279094
RP11-849H4.4	SRR5950329	1.149752993629983
RP11-849H4.4	SRR5950330	1.149639556483191
RP11-849H4.4	SRR5950331	1.1493287860193127
RP11-849H4.4	SRR5950332	1.1494707522857042
RP11-849H4.4	SRR5950333	1.1498283651018633
RP11-849H4.4	SRR5950334	1.1498283651018633
RP11-849H4.4	SRR5950335	1.1498283651018633
RP11-849H4.4	SRR5950336	1.1477909267796054
RP11-849H4.4	SRR5950337	1.1490522198255662
RP11-849H4.4	SRR5950338	1.1484554126990747
RP11-849H4.4	SRR5950339	1.1499000124654937
RP11-849H4.4	SRR5950340	1.1496058907069004
RP11-849H4.4	SRR5950341	1.1496653216499102
RP11-849H4.4	SRR5950342	1.1498700492655702
RP11-849H4.4	SRR5950343	1.1496653216499102
RP11-849H4.4	SRR5950344	1.1495224477062624
RP11-849H4.4	SRR5950345	1.1496516232140812
RP11-849H4.4	SRR5950346	1.149801355279094
RP11-849H4.4	SRR5950347	1.149752993629983
RP11-849H4.4	SRR5950348	1.1496058907069004
RP11-849H4.4	SRR5950349	1.1498758641415114
RP11-849H4.4	SRR5950350	1.1497815594090803
RP11-849H4.4	SRR5950351	1.1491016556665985
RP11-849H4.4	SRR5950352	1.1498700492655702
RP11-849H4.4	SRR5950353	1.149752993629983
RP11-849H4.4	SRR5950354	1.1498700492655702
RP11-849H4.4	SRR5950355	1.1498700492655702
RP11-849H4.4	SRR5950356	1.1489979896611313
RP11-849H4.4	SRR5950357	1.1498700492655702
RP11-849H4.4	SRR5950358	1.149614382860247
RP11-849H4.4	SRR5950359	1.149727479151349
RP11-849H4.4	SRR5950360	1.1498700492655702
RP11-849H4.4	SRR5950361	1.1498700492655702
RP11-849H4.4	SRR5950362	1.1495224477062624
RP11-849H4.4	SRR5950363	1.1494508753827517
RP11-849H4.4	SRR5950364	1.149639556483191
RP11-849H4.4	SRR5950365	1.1498041981068907
RP11-849H4.4	SRR5950366	1.1498283651018633
RP11-849H4.4	SRR5950367	1.1489024179979748
RP11-849H4.4	SRR5950368	1.149752993629983
RP11-849H4.4	SRR5950369	1.1499000124654937
RP11-849H4.4	SRR5950370	1.1499000124654937
RP11-849H4.4	SRR5950371	1.149801355279094
RP11-849H4.4	SRR5950372	1.1498041981068907
RP11-849H4.4	SRR5950373	1.149757132515299
RP11-849H4.4	SRR5950374	1.149757132515299
RP11-849H4.4	SRR5950375	1.1498700492655702
RP11-849H4.4	SRR5950376	1.1499000124654937
RP11-849H4.4	SRR5950377	1.1494121443044876
RP11-849H4.4	SRR5950378	1.149757132515299
RP11-849H4.4	SRR5950379	1.149752993629983
RP11-849H4.4	SRR5950380	1.1496653216499102
RP11-849H4.4	SRR5950381	1.149659680044542
RP11-849H4.4	SRR5950382	1.1491016556665985
RP11-849H4.4	SRR5950383	1.1498758641415114
RP11-849H4.4	SRR5950384	1.1498283651018633
RP11-849H4.4	SRR5950385	1.1490859664004887
RP11-849H4.4	SRR5950386	1.1498700492655702
RP11-849H4.4	SRR5950387	1.1498758641415114
RP11-849H4.4	SRR5950388	1.1495611354981103
RP11-849H4.4	SRR5950389	1.1485352709618715
RP11-849H4.4	SRR5950390	1.1496993836519698
RP11-849H4.4	SRR5950391	1.1499000124654937
RP11-849H4.4	SRR5950392	1.1491016556665985
RP11-849H4.4	SRR5950393	1.1495565511841175
RP11-849H4.4	SRR5950394	1.149727479151349
RP11-849H4.4	SRR5950395	1.149752993629983
RP11-849H4.4	SRR5950396	1.1499000124654937
RP11-849H4.4	SRR5950397	1.1498758641415114
RP11-849H4.4	SRR5950398	1.1498758641415114
RP11-849H4.4	SRR5950399	1.149659680044542
RP11-849H4.4	SRR5950400	1.1496993836519698
RP11-849H4.4	SRR5950401	1.1498700492655702
RP11-849H4.4	SRR5950402	1.1498700492655702
RP11-849H4.4	SRR5950403	1.1497815594090803
RP11-849H4.4	SRR5950404	1.1498041981068907
RP11-849H4.4	SRR5950405	1.14823324140182
RP11-849H4.4	SRR5950406	1.1493806150832857
RP11-849H4.4	SRR5950407	1.149801355279094
RP11-849H4.4	SRR5950408	1.149461221160821
RP11-849H4.4	SRR5950409	1.1495565511841175
RP11-849H4.4	SRR5950410	1.1499000124654937
RP11-849H4.4	SRR5950411	1.1498283651018633
RP11-849H4.4	SRR5950412	1.1498700492655702
RP11-849H4.4	SRR5950413	1.1493657120956842
RP11-849H4.4	SRR5950414	1.149801355279094
RP11-849H4.4	SRR5950415	1.149614382860247
RP11-849H4.4	SRR5950416	1.1496653216499102
RP11-849H4.4	SRR5950417	1.1496993836519698
RP11-849H4.4	SRR5950418	1.1495510677538354
RP11-849H4.4	SRR5950419	1.1498700492655702
RP11-849H4.4	SRR5950420	1.149752993629983
RP11-849H4.4	SRR5950421	1.1495611354981103
RP11-849H4.4	SRR5950422	1.1494707522857042
RP11-849H4.4	SRR5950423	1.149757132515299
RP11-849H4.4	SRR5950424	1.1498283651018633
RP11-849H4.4	SRR5950425	1.1498700492655702
RP11-849H4.4	SRR5950426	1.1496058907069004
RP11-849H4.4	SRR5950427	1.1498283651018633
RP11-849H4.4	SRR5950428	1.149757132515299
RP11-849H4.4	SRR5950429	1.1498700492655702
RP11-849H4.4	SRR5950430	1.149727479151349
RP11-849H4.4	SRR5950431	1.149727479151349
RP11-849H4.4	SRR5950432	1.1498041981068907
RP11-849H4.4	SRR5950433	1.149801355279094
RP11-849H4.4	SRR5950434	1.1495611354981103
RP11-849H4.4	SRR5950435	1.149757132515299
RP11-849H4.4	SRR5950436	1.1498700492655702
RP11-849H4.4	SRR5950437	1.149727479151349
RP11-849H4.4	SRR5950438	1.1498283651018633
RP11-849H4.4	SRR5950439	1.1498758641415114
RP11-849H4.4	SRR5950440	1.145365413736815
RP11-849H4.4	SRR5950441	1.1494707522857042
RP11-849H4.4	SRR5950442	1.1497815594090803
RP11-849H4.4	SRR5950443	1.149659680044542
RP11-849H4.4	SRR5950444	1.149801355279094
RP11-849H4.4	SRR5950445	1.1498041981068907
RP11-849H4.4	SRR5950446	1.1496516232140812
RP11-849H4.4	SRR5950447	1.1494257243385793
RP11-849H4.4	SRR5950448	1.149801355279094
RP11-849H4.4	SRR5950449	1.1498041981068907
RP11-849H4.4	SRR5950450	1.1498700492655702
RP11-849H4.4	SRR5950451	1.1499000124654937
RP11-849H4.4	SRR5950452	1.1494823274298185
RP11-849H4.4	SRR5950453	1.1498283651018633
RP11-849H4.4	SRR5950454	1.1494823274298185
RP11-849H4.4	SRR5950455	1.1498283651018633
RP11-849H4.4	SRR5950456	1.149757132515299
RP11-849H4.4	SRR5950457	1.149659680044542
RP11-849H4.4	SRR5950458	1.1499000124654937
RP11-849H4.4	SRR5950459	1.149752993629983
RP11-849H4.4	SRR5950460	1.149752993629983
RP11-849H4.4	SRR5950461	1.1497815594090803
RP11-849H4.4	SRR5950462	1.1492630102128836
RP11-849H4.4	SRR5950463	1.149614382860247
RP11-849H4.4	SRR5950464	1.149515806070026
RP11-849H4.4	SRR5950465	1.1449587156171235
RP11-849H4.4	SRR5950466	1.149801355279094
RP11-849H4.4	SRR5950467	1.149752993629983
RP11-849H4.4	SRR5950468	1.149801355279094
RP11-849H4.4	SRR5950469	1.149639556483191
RP11-849H4.4	SRR5950470	1.1498700492655702
RP11-849H4.4	SRR5963912	1.1499000124654937
RP11-849H4.4	SRR5963913	1.1495224477062624
RP11-849H4.4	SRR5963914	1.1499000124654937
RP11-849H4.4	SRR5963915	1.1495611354981103
RP11-849H4.4	SRR5963916	1.1494121443044876
RP11-849H4.4	SRR5963917	1.1496993836519698
RP11-849H4.4	SRR5963918	1.149727479151349
RP11-849H4.4	SRR5963919	1.1498041981068907
RP11-849H4.4	SRR5963920	1.149757132515299
RP11-849H4.4	SRR5963921	1.1498283651018633
RP11-849H4.4	SRR5963922	1.1496653216499102
RP11-849H4.4	SRR5963923	1.149727479151349
RP11-849H4.4	SRR5963924	1.1498041981068907
RP11-849H4.4	SRR5963925	1.1495224477062624
RP11-849H4.4	SRR5963926	1.149515806070026
RP11-849H4.4	SRR5963927	1.1498758641415114
RP11-849H4.4	SRR5963928	1.1494823274298185
RP11-849H4.4	SRR5963929	1.149801355279094
RP11-849H4.4	SRR5963930	1.1493287860193127
RP11-849H4.4	SRR5963931	1.1499000124654937
RP11-849H4.4	SRR5963932	1.149757132515299
RP11-849H4.4	SRR5963933	1.149659680044542
RP11-849H4.4	SRR5963934	1.1494257243385793
RP11-849H4.4	SRR5963935	1.1499000124654937
RP11-849H4.4	SRR5963936	1.1495510677538354
RP11-849H4.4	SRR5963937	1.1492573238148507
RP11-849H4.4	SRR5963938	1.149801355279094
RP11-849H4.4	SRR5963939	1.1498041981068907
RP11-849H4.4	SRR5963940	1.1498700492655702
RP11-849H4.4	SRR5963941	1.1499000124654937
RP11-849H4.4	SRR5963942	1.1499000124654937
RP11-849H4.4	SRR5963943	1.1498283651018633
RP11-849H4.4	SRR5963944	1.1499000124654937
RP11-849H4.4	SRR5963945	1.1498758641415114
RP11-849H4.4	SRR5963946	1.149801355279094
RP11-849H4.4	SRR5963947	1.149801355279094
RP11-849H4.4	SRR5963948	1.149801355279094
RP11-849H4.4	SRR6467548	13.127479605812884
RP11-849H4.4	SRR6467549	3.049900185801169
RP11-849H4.4	SRR6467550	2.0189146927432624
RP11-849H4.4	SRR6467551	6.098704914381095
RP11-849H4.4	SRR6467552	7.115659470190274
RP11-849H4.4	SRR6467553	2.063835506815994
RP11-849H4.4	SRR6467554	2.0450988912437382
RP11-849H4.4	SRR6467555	5.072075810220745
RP11-849H4.4	SRR6467556	4.0473117550542534
RP11-849H4.4	SRR6467557	2.022839037677252
RP11-849H4.4	SRR6467558	3.060650333865106
RP11-849H4.4	SRR6467559	5.010874786764285
RP11-849H4.4	SRR6467560	5.0510744319022765
RP11-849H4.4	SRR6467561	9.067060026056767
RP11-849H4.4	SRR6467562	11.041723228768573
RP11-849H4.4	SRR6467563	13.080558311192949
RP11-849H4.4	SRR6467564	16.11697601869731
RP11-849H4.4	SRR6467565	8.077596195008773
RP11-849H4.4	SRR6467566	5.137649131047579
RP11-849H4.4	SRR6467567	11.121801560803014
RP11-849H4.4	SRR6467568	13.05332534888562
RP11-849H4.4	SRR6467569	7.102477969814722
RP11-849H4.4	SRR6467570	26.715873820629568
RP11-849H4.4	SRR6467571	27.019435981380852
RP11-849H4.4	SRR6467572	8.049219405101477
RP11-849H4.4	SRR6467573	6.0407897070943
RP11-849H4.4	SRR6467574	19
RP11-849H4.4	SRR6467575	29.723041743601275
RP11-849H4.4	SRR6467576	9.04207244152861
RP11-849H4.4	SRR6467577	8.011521764081627
RP11-849H4.4	SRR6467578	8.078990400459887
RP11-849H4.4	SRR6467579	7.074086818840896
RP11-849H4.4	SRR6467580	15.235080794531825
RP11-849H4.4	SRR6467581	14.623518820750444
RP11-849H4.4	SRR6467582	21.648332225743463
RP11-849H4.4	SRR6467583	26
RP11-849H4.4	SRR6467584	11.039941209910161
RP11-849H4.4	SRR6467585	7.25977704529803
RP11-849H4.4	SRR6467586	22.41871711960547
RP11-849H4.4	SRR6467587	15.03105024550762
RP11-849H4.4	SRR6467588	12.803438312113006
RP11-849H4.4	SRR6467589	20
RP11-849H4.4	SRR6467590	20.05526840609447
RP11-849H4.4	SRR6467591	15.157794029900021
RP11-849H4.4	SRR6467592	7.054456777509103
RP11-849H4.4	SRR6467593	17.077150885144494
RP11-849H4.4	SRR6467594	14.708634078753008
RP11-849H4.4	SRR6467595	16.035067905992925
RP11-849H4.4	SRR6467596	15
RP11-849H4.4	SRR6467597	24.63307716642258
RP11-849H4.4	SRR6467598	22.25789800269661
RP11-849H4.4	SRR6467599	15.056111144042973
RP11-849H4.4	SRR6467600	9.043367119655075
RP11-849H4.4	SRR6467601	10.055788173830294
RP11-849H4.4	SRR6467602	21.64256423207857
RP11-849H4.4	SRR6467603	25
RP11-849H4.4	SRR6467604	7.029573149889586
RP11-849H4.4	SRR6467605	12.042886939167383
RP11-849H4.4	SRR6467606	15
RP11-849H4.4	SRR6467607	45
RP11-849H4.4	SRR6467608	13.034154269271037
RP11-849H4.4	SRR6467609	12.002158970772523
RP11-849H4.4	SRR6467610	8.079853583874621
RP11-849H4.4	SRR6467611	33.61683141079557
RP11-849H4.4	SRR6467612	20.116081710751065
RP11-849H4.4	SRR6467613	22
RP11-849H4.4	SRR6467614	28
RP11-849H4.4	SRR6467615	10.127037410235229
RP11-849H4.4	SRR6467616	7.069249285110484
RP11-849H4.4	SRR6467617	14.093364097914145
RP11-849H4.4	SRR6467618	17
RP11-849H4.4	SRR6467619	20.046053165773028
RP11-849H4.4	SRR6467620	22.057035100312582
RP11-849H4.4	SRR6467621	11.05617913279362
RP11-849H4.4	SRR6467622	7.105426089802008
RP11-849H4.4	SRR6467623	24.425851528580186
RP11-849H4.4	SRR6467624	7.001259399617306
RP11-849H4.4	SRR6467625	10
RP11-849H4.4	SRR6467626	11
RP11-849H4.4	SRR6467627	7.070446232876807
RP11-849H4.4	SRR6467628	13
RP11-849H4.4	SRR6467629	15.753489628331206
RP11-849H4.4	SRR6467630	11.00791836278479
RP11-849H4.4	SRR6467631	11.009898843952424
RP11-849H4.4	SRR6467632	10.071774620660262
RP11-849H4.4	SRR6467633	28
RP11-849H4.4	SRR6467634	15.059944352978516
RP11-849H4.4	SRR6467635	15.92414348122259
RP11-849H4.4	SRR6467636	12.120971547722087
RP11-849H4.4	SRR6467637	12
RP11-849H4.4	SRR6467638	19
RP11-849H4.4	SRR6467639	24.076044230007966
RP11-849H4.4	SRR6467640	20.418369347312428
RP11-849H4.4	SRR6467641	12.111393395850676
RP11-849H4.4	SRR6467642	15.338806269496287
RP11-849H4.4	SRR6467643	8.10010400404946
RP11-849H4.4	SRR6467644	26
RP11-849H4.4	SRR6467645	22.93976690532818
RP11-849H4.4	SRR6467646	13
RP11-849H4.4	SRR6467647	18.221246455518024
RP11-849H4.4	SRR6467648	11.063509973872257
RP11-849H4.4	SRR6467649	8.042337087182343
RP11-849H4.4	SRR6467650	6.032838013556383
RP11-849H4.4	SRR6467651	4.011652692065468
RP11-849H4.4	SRR6467652	16.0028786276967
RP11-849H4.4	SRR6467653	24.238139028770636
RP11-849H4.4	SRR6467654	17.06359262991537
RP11-849H4.4	SRR6467655	36
RP11-849H4.4	SRR6467656	29.32322710090955
RP11-849H4.4	SRR6467657	16
RP11-849H4.4	SRR6467658	21
RP11-849H4.4	SRR6467659	19.790768507289293
RP11-849H4.4	SRR6467660	6.041056083159981
RP11-849H4.4	SRR6467661	18.276746163114822
RP11-849H4.4	SRR6467662	16.10342162160789
RP11-849H4.4	SRR6467663	4.011163365221578
RP11-849H4.4	SRR6467664	18.68926264365867
RP11-849H4.4	SRR6467665	10
RP11-849H4.4	SRR6467666	14
RP11-849H4.4	SRR6467667	26.67821312521497
RP11-849H4.4	SRR6467668	15.958064362965022
RP11-849H4.4	SRR6467669	29
RP11-849H4.4	SRR6467670	23
RP11-849H4.4	SRR6467671	23.353235259726002
RP11-849H4.4	SRR6467672	12.106198169501274
RP11-849H4.4	SRR6467673	6.057540123585221
RP11-849H4.4	SRR6467674	21.13135642746841
RP11-849H4.4	SRR6467675	9.077777622063083
RP11-849H4.4	SRR6467676	19.745430293143304
RP11-849H4.4	SRR6467677	25
RP11-849H4.4	SRR6467678	19
RP11-849H4.4	SRR6467679	20
RP11-849H4.4	SRR6467680	17.18239883020984
RP11-849H4.4	SRR6467681	25
RP11-849H4.4	SRR6467682	13.077805572080383
RP11-849H4.4	SRR6467683	7.0783734784688574
RP11-849H4.4	SRR6467684	13.033702559275616
RP11-849H4.4	SRR6467685	16.225533922863153
RP11-849H4.4	SRR6467686	25.03600551275508
RP11-849H4.4	SRR6467687	24.649285633001803
RP11-849H4.4	SRR6467688	11
RP11-849H4.4	SRR6467689	8.079223271932399
RP11-849H4.4	SRR6467690	12.06560918745329
RP11-849H4.4	SRR6467691	20.110961562737604
RP11-849H4.4	SRR6467692	19.019099346410915
RP11-849H4.4	SRR6467693	21.79925435162895
RP11-849H4.4	SRR6467694	16.12113129472511
RP11-849H4.4	SRR6467695	8.03655196590917
RP11-849H4.4	SRR6467696	24.982411437659373
RP11-849H4.4	SRR6467697	24
RP11-849H4.4	SRR6467698	19.089341590834213
RP11-849H4.4	SRR6467699	17
RP11-849H4.4	SRR6467700	14.518058640316568
RP11-849H4.4	SRR6467701	23
RP11-849H4.4	SRR6467702	7.100361125746637
RP11-849H4.4	SRR6467703	14.172690076752858
RP11-849H4.4	SRR6467704	19.053025984802495
RP11-849H4.4	SRR6467705	16.104488813521954
RP11-849H4.4	SRR6467706	4.073882049144643
RP11-849H4.4	SRR6467707	29
RP11-849H4.4	SRR6467708	20.03451607071626
RP11-849H4.4	SRR6467709	23
RP11-849H4.4	SRR6467710	13.011698633761956
RP11-849H4.4	SRR6467711	17.023212672646444
RP11-849H4.4	SRR6467712	9.101225897006843
RP11-849H4.4	SRR6467713	26.54372838756161
RP11-849H4.4	SRR6467714	11.065685807661474
RP11-849H4.4	SRR6467715	24
RP11-849H4.4	SRR6467716	17
RP11-849H4.4	SRR6467717	12.147369750524863
RP11-849H4.4	SRR6467718	14.215727990398458
RP11-849H4.4	SRR6467719	26.093715476393115
RP11-849H4.4	SRR6467720	26
RP11-849H4.4	SRR6467721	15.024305907861189
RP11-849H4.4	SRR6467722	21.965414901775215
RP11-849H4.4	SRR6467723	13
RP11-849H4.4	SRR6467724	20
RP11-849H4.4	SRR6467725	27
RP11-849H4.4	SRR6467726	25.452264912326836
RP11-849H4.4	SRR6467727	25.0572471437147
RP11-849H4.4	SRR6467728	25
RP11-849H4.4	SRR6467729	8.05512259857244
RP11-849H4.4	SRR6467730	11.02339015413609
RP11-849H4.4	SRR6467731	19.18774249010259
RP11-849H4.4	SRR6467732	16.98380607603991
RP11-849H4.4	SRR6467733	6.010354821214879
RP11-849H4.4	SRR6467734	15.888148637931568
RP11-849H4.4	SRR6467735	10.082651845569053
RP11-849H4.4	SRR6467736	10.062021778341892
RP11-849H4.4	SRR6467737	15.093094357352427
RP11-849H4.4	SRR6467738	7.0025190258185255
RP11-849H4.4	SRR6467739	17
RP11-849H4.4	SRR6467740	13.069459101455017
RP11-849H4.4	SRR6467741	25.05097171100011
RP11-849H4.4	SRR6467742	26
RP11-849H4.4	SRR6467743	14
RP11-849H4.4	SRR6467744	13
RP11-849H4.4	SRR6467745	19.00683735579314
RP11-849H4.4	SRR6467746	10.079332911520627
RP11-849H4.4	SRR6467747	13.37217487799541
RP11-849H4.4	SRR6467748	15.211972712743925
RP11-849H4.4	SRR6467749	21
RP11-849H4.4	SRR6467750	9.021348474134044
RP11-849H4.4	SRR6467751	13.196532913025491
RP11-849H4.4	SRR6467752	10.082145198989757
RP11-849H4.4	SRR6467753	14.643495959679408
RP11-849H4.4	SRR6467754	27.622469062164523
RP11-849H4.4	SRR6467755	15.215237309000607
RP11-849H4.4	SRR6467756	17.021421352739505
RP11-849H4.4	SRR6467757	31
RP11-849H4.4	SRR6467758	16
RP11-849H4.4	SRR6467759	22.12459465389011
RP11-849H4.4	SRR6467760	2.0154684649310126
RP11-849H4.4	SRR6467761	16.05865283195746
RP11-849H4.4	SRR6467762	19.095105186714562
RP11-849H4.4	SRR6467763	22.013555056761838
RP11-849H4.4	SRR6467764	21.492817847119515
RP11-849H4.4	SRR6467765	34.04227248582603
RP11-849H4.4	SRR6467766	10.14833528591624
RP11-849H4.4	SRR6467767	6.040837951543099
RP11-849H4.4	SRR6467768	8.09981304815147
RP11-849H4.4	SRR6467769	11.197785343248999
RP11-849H4.4	SRR6467770	22
RP11-849H4.4	SRR6467771	16.928513391607364
RP11-849H4.4	SRR6467772	18.12803282459637
RP11-849H4.4	SRR6467773	4.015685320720523
RP11-849H4.4	SRR6868540	6.089001171549743
RP11-849H4.4	SRR6868541	11.305897194012985
RP11-849H4.4	SRR6868542	9.431912450933709
RP11-849H4.4	SRR6868543	14.214147799498573
RP11-849H4.4	SRR6868544	9.070656015154734
RP11-849H4.4	SRR6868545	8.199464124410602
RP11-849H4.4	SRR6868546	13.206808552655932
RP11-849H4.4	SRR6868557	3.1780801318850744
RP11-849H4.4	SRR6868558	2.0986601915831518
RP11-849H4.4	SRR6868559	10.328318116514646
RP11-849H4.4	SRR6868560	8.079906676232179
RP11-849H4.4	SRR6868569	8.495472174458135
RP11-849H4.4	SRR6868570	10.218197715755311
RP11-849H4.4	SRR6868571	9.402696816171721
RP11-849H4.4	SRR6868572	18.213303713041793
RP11-849H4.4	SRR6868573	5.206416103517381
RP11-849H4.4	SRR6868574	6.0734814077960815
RP11-849H4.4	SRR6868575	6.155981890526668
RP11-849H4.4	SRR6868576	11.17601345675703
RP11-849H4.4	SRR6868577	7.229535312015511
RP11-849H4.4	SRR6868578	8.124616481676005
RP11-849H4.4	SRR6868579	5.220349715257803
RP11-849H4.4	SRR6868580	11.118548882839255
RP11-849H4.4	SRR6868581	8.27362404010376
RP11-849H4.4	SRR6868582	8.26351174748121
RP11-849H4.4	SRR6868585	8.179134495493889
RP11-849H4.4	SRR6868586	3.1792317096324525
RP11-849H4.4	SRR6868587	3.180184231457238
RP11-849H4.4	SRR6868588	17.12233500698473
RP11-849H4.4	SRR6868589	6.066207059209405
RP11-849H4.4	SRR6868590	9.291229518415921
RP11-849H4.4	SRR6868591	7.091881801831305
RP11-849H4.4	SRR6868604	3.2277165294099603
RP11-849H4.4	SRR6868605	11.353077982515575
RP11-849H4.4	SRR6868606	7.287417725648333
RP11-849H4.4	SRR6868607	8.277220969966208
RP11-849H4.4	SRR6868608	3.0733939700765593
RP11-849H4.4	SRR6868609	6.265149152973797
RP11-849H4.4	SRR6868610	3.1180139302413443
RP11-849H4.4	SRR6868620	21.239365173334253
RP11-849H4.4	SRR6868621	11.242621617053258
RP11-849H4.4	SRR6868622	5.121174202020439
RP11-849H4.4	SRR6868623	5.274926546184294
RP11-849H4.4	SRR6868636	7.308158671520586
RP11-849H4.4	SRR6868637	6.1566750959668415
RP11-849H4.4	SRR6868638	8.371050979855033
RP11-849H4.4	SRR6868639	19.205863075083577
RP11-849H4.4	SRR6868650	9.35848669682076
RP11-849H4.4	SRR6868651	7.203991327210718
RP11-849H4.4	SRR6868652	5.153558061006317
RP11-849H4.4	SRR6868653	6.113728431944376
RP11-849H4.4	SRR6868654	9.136076923339333
RP11-849H4.4	SRR6868655	6.212582593462942
RP11-849H4.4	SRR6868665	9.130216150151622
RP11-849H4.4	SRR6868666	20.205253804995998
RP11-849H4.4	SRR6868667	16.184676548513234
RP11-849H4.4	SRR6868668	14.104700447887462
RP11-849H4.4	SRR6868669	17.129910938083775
RP11-849H4.4	SRR6868670	8.144725184253401
RP11-849H4.4	SRR6868671	9.13167640515399
RP11-849H4.4	SRR6868683	13.166658399041696
RP11-849H4.4	SRR6868684	4.063120261266683
RP11-849H4.4	SRR6868685	5.108295203436903
RP11-849H4.4	SRR6868686	17.175510754308956
RP11-849H4.4	SRR6868687	4.112625307487646
RP11-849H4.4	SRR6868688	3.0821651806563577
RP11-849H4.4	SRR6868689	7.10412712866645
RP11-849H4.4	SRR6868698	12.220575330888707
RP11-849H4.4	SRR6868699	15.105867856184002
RP11-849H4.4	SRR6868700	8.129228080814883
RP11-849H4.4	SRR6868701	14.14852628240389
RP11-849H4.4	SRR6868702	14.10762385276699
RP11-849H4.4	SRR6868713	20.20957746838448
RP11-849H4.4	SRR6868714	14.261735737731208
RP11-849H4.4	SRR6868715	12.10008562702666
RP11-849H4.4	SRR6868716	18.120942009492826
RP11-849H4.4	SRR6868717	8.08240816209717
RP11-849H4.4	SRR6868718	41.15991685878227
RP11-849H4.4	SRR6868719	77.12477032702077
RP11-849H4.4	SRR6868720	15.076004736055806
RP11-849H4.4	SRR6868721	8.090389688713074
RP11-849H4.4	SRR6868722	18.30420423335462
RP11-849H4.4	SRR6868723	15.294810217839641
RP11-849H4.4	SRR6868724	18.17539819320455
RP11-849H4.4	SRR6868725	18.07518462154361
RP11-849H4.4	SRR6868726	39.09407409754722
RP11-849H4.4	SRR6868741	15.218163130070694
RP11-849H4.4	SRR7632756	17.140387836863574
RP11-849H4.4	SRR7632757	5.138666430256556
RP11-849H4.4	SRR7632758	9.095695388603188
RP11-849H4.4	SRR7632759	7.208424725513952
RP11-849H4.4	SRR7632760	4.081067603697736
RP11-849H4.4	SRR7632761	11.078656610370421
RP11-849H4.4	SRR7632762	3.1458976341957707
RP11-849H4.4	SRR7632763	5.081907410967434
RP11-849H4.4	SRR7632764	2.0739780844286777
RP11-849H4.4	SRR7632765	11.02889976630626
RP11-849H4.4	SRR7632766	3.093342745483688
RP11-849H4.4	SRR7632767	19.04506900094965
RP11-849H4.4	SRR7632768	5.080940849375922
RP11-849H4.4	SRR7632769	5.057385605040265
RP11-849H4.4	SRR7632770	8.066232942764493
RP11-849H4.4	SRR7632771	5.129774067317253
RP11-849H4.4	SRR7632772	2.0383290752838072
RP11-849H4.4	SRR7632773	6.032571999860628
RP11-849H4.4	SRR7632774	10.063470586203122
RP11-849H4.4	SRR7632775	9.202213359852879
RP11-849H4.4	SRR7632776	2.0757773060336837
RP11-849H4.4	SRR7632777	7.168417472966433
RP11-849H4.4	SRR7632778	14.058476927867252
RP11-849H4.4	SRR7632779	3.078349816053365
RP11-849H4.4	SRR7632780	17.062785210458525
RP11-849H4.4	SRR7632781	1.061425531429259
RP11-849H4.4	SRR7632782	4.054709350030832
RP11-849H4.4	SRR7632783	5.036695283285615
RP11-849H4.4	SRR7632784	6.052205311493471
RP11-849H4.4	SRR7632785	13.09330700685834
RP11-849H4.4	SRR7632786	6.248439609856363
RP11-849H4.4	SRR7632787	11.04305389135082
RP11-849H4.4	SRR7632788	9.020399174996454
RP11-849H4.4	SRR7632789	4.072569621580261
RP11-849H4.4	SRR7632790	15.147357994735303
RP11-849H4.4	SRR7632791	2.0894848973951223
RP11-849H4.4	SRR7632792	5.036486881438229
RP11-849H4.4	SRR7632793	10.121065873932599
RP11-849H4.4	SRR7632794	8.0555821649229
RP11-849H4.4	SRR7632795	15.048399135057812
RP11-849H4.4	SRR7632796	7.120289612870355
RP11-849H4.4	SRR7632797	1.1507956722511705
RP11-849H4.4	SRR7632798	20.114579810922713
RP11-849H4.4	SRR7632799	1.0307842771739868
RP11-849H4.4	SRR7632800	13.194632264686332
RP11-849H4.4	SRR7632801	20.10522810830253
RP11-849H4.4	SRR7632802	2.0699910613560504
RP11-849H4.4	SRR7632803	3.0719875433255974
RP11-849H4.4	SRR7632804	3.121421637056945
RP11-849H4.4	SRR7632805	13.040216947793022
RP11-849H4.4	SRR7632806	6.027679760678146
RP11-849H4.4	SRR7632807	7.061020893511337
RP11-849H4.4	SRR7632808	5.041103629108282
RP11-849H4.4	SRR7632809	3.146331492071416
RP11-849H4.4	SRR7632810	11.045901009634994
RP11-849H4.4	SRR7632811	9.061262266116932
RP11-849H4.4	SRR7632812	15.107750430495493
RP11-849H4.4	SRR7632813	8.049674369456486
RP11-849H4.4	SRR7632814	8.02848150541309
RP11-849H4.4	SRR7632815	4.031482243386615
RP11-849H4.4	SRR7632816	4.30112726068224
RP11-849H4.4	SRR7632817	2.083172301718206
RP11-849H4.4	SRR7632818	2.010850850059477
RP11-849H4.4	SRR7632819	12.029362764236975
RP11-849H4.4	SRR7632820	4.027538987993828
RP11-849H4.4	SRR7632821	10.01725803535813
RP11-849H4.4	SRR7632822	6.075500878657139
RP11-849H4.4	SRR7632823	7.025757702087608
RP11-849H4.4	SRR7632824	10.045743716929838
RP11-849H4.4	SRR7632825	9.025268745540252
RP11-849H4.4	SRR7632826	8.005161086145261
RP11-849H4.4	SRR7632827	5.27398144149313
RP11-849H4.4	SRR7632828	8.207975854035556
RP11-849H4.4	SRR7632829	5.072460278344045
RP11-849H4.4	SRR7632830	3.1453408629685913
RP11-849H4.4	SRR7632831	6.055672330299512
RP11-849H4.4	SRR7632832	17.24744807526195
RP11-849H4.4	SRR7632833	3.1552111102245157
RP11-849H4.4	SRR7632834	4.1167584778184425
RP11-849H4.4	SRR7632835	1.1099100147247651
RP11-849H4.4	SRR7632836	8.119496452229853
RP11-849H4.4	SRR7632837	1.0064500155939855
RP11-849H4.4	SRR7632838	9.226403495738612
RP11-849H4.4	SRR7632839	6.06892702513821
RP11-849H4.4	SRR7632840	4.122293380327303
RP11-849H4.4	SRR7632841	2.2385121973421565
RP11-849H4.4	SRR7632842	20.037236998613835
RP11-849H4.4	SRR7632843	5.187576943481323
RP11-849H4.4	SRR7632844	6.237788403897243
RP11-849H4.4	SRR7632845	16.08008857828595
RP11-849H4.4	SRR7632846	5.2474524991499525
RP11-849H4.4	SRR7632847	6.1411635203491715
RP11-849H4.4	SRR7632848	10.091302469862462
RP11-849H4.4	SRR7632849	6.068307968526444
RP11-849H4.4	SRR7632850	8.10308515337669
RP11-849H4.4	SRR7632851	7.070782880874831
RP11-849H4.4	SRR7632852	22.027721750604066
RP11-849H4.4	SRR7632853	7.035543417026764
RP11-849H4.4	SRR7632854	6.039619616623994
RP11-849H4.4	SRR7632855	54
RP11-849H4.4	SRR7632856	8.051869861097062
RP11-849H4.4	SRR7632857	2.1471529089527257
RP11-849H4.4	SRR7632858	2.0743159034113763
RP11-849H4.4	SRR7632859	5.198155561295326
RP11-849H4.4	SRR7632860	1.0753540533674661
RP11-849H4.4	SRR7632861	1.0543822488477879
RP11-849H4.4	SRR7632862	5.175701244823948
RP11-849H4.4	SRR7632863	2.254926380259328
RP11-849H4.4	SRR7632864	2.2431051012728194
RP11-849H4.4	SRR7632865	13.019025656517469
RP11-849H4.4	SRR7632866	14.07928750702098
RP11-849H4.4	SRR7632867	5.051452127760787
RP11-849H4.4	SRR7632868	4.102514872956979
RP11-849H4.4	SRR7632869	1.0244411302643486
RP11-849H4.4	SRR7632870	17.06458088346267
RP11-849H4.4	SRR7632871	4.20395871521318
RP11-849H4.4	SRR7632872	8.257699722550118
RP11-849H4.4	SRR7632873	16.06732193199245
RP11-849H4.4	SRR7632874	21.055815930238055
RP11-849H4.4	SRR7632875	21.034671273748735
RP11-849H4.4	SRR7632876	4.056680119687405
RP11-849H4.4	SRR7632877	3.123298908151781
RP11-849H4.4	SRR7632878	7.1545615471777175
RP11-849H4.4	SRR7632879	13.029465474994879
RP11-849H4.4	SRR7632880	5.0877066935621755
RP11-849H4.4	SRR7632881	8.11005107910244
RP11-849H4.4	SRR7632882	4.095523058381347
RP11-849H4.4	SRR7632883	4.08991625489964
RP11-849H4.4	SRR7632884	4.134825632967394
RP11-849H4.4	SRR7632885	13.064619188382007
RP11-849H4.4	SRR7632886	1.0323024876429643
RP11-849H4.4	SRR7632887	5.050537078266681
RP11-849H4.4	SRR7632888	2.075953645153851
RP11-849H4.4	SRR7632889	4.136797115888483
RP11-849H4.4	SRR7632890	2.2041273184184322
RP11-849H4.4	SRR7632891	3.1411546678693543
RP11-849H4.4	SRR7632892	6.034991305720407
RP11-849H4.4	SRR7632893	1.038136325271397
RP11-849H4.4	SRR7632894	6.282345447920641
RP11-849H4.4	SRR7632895	9.104325381967108
RP11-849H4.4	SRR7632896	6.13588936390037
RP11-849H4.4	SRR7632897	5.0204256557325815
RP11-849H4.4	SRR7632898	16.059786245722098
RP11-849H4.4	SRR7632899	12.083422635825608
RP11-849H4.4	SRR7632900	28.18661477475055
RP11-849H4.4	SRR7632901	16.101775446435987
RP11-849H4.4	SRR7632902	4.175217095766099
RP11-849H4.4	SRR7632903	13.05718613421116
RP11-849H4.4	SRR7632904	4.210478173680047
RP11-849H4.4	SRR7632905	2.1863518507198707
RP11-849H4.4	SRR7632906	4.0660103413875515
RP11-849H4.4	SRR7632907	3.083176229724331
RP11-849H4.4	SRR7632908	11.04407739606957
RP11-849H4.4	SRR7632909	4.013818341877882
RP11-849H4.4	SRR7632910	2.0760154596206606
RP11-849H4.4	SRR7632911	11.142826808559938
RP11-849H4.4	SRR7632912	6.093796552618895
RP11-849H4.4	SRR7632913	1.0587224433384341
RP11-849H4.4	SRR7632914	9.280550451271694
RP11-849H4.4	SRR7632915	3.1348699438417866
RP11-849H4.4	SRR7632916	3.0596535859808207
RP11-849H4.4	SRR7632917	4.209578220394353
RP11-849H4.4	SRR7632918	4.103387416851866
RP11-849H4.4	SRR7632919	4.034936667437172
RP11-849H4.4	SRR7632920	7.081081782584373
RP11-849H4.4	SRR7632921	5.060786991265633
RP11-849H4.4	SRR7632922	10.086992082960846
RP11-849H4.4	SRR7632923	5.052375219255771
RP11-849H4.4	SRR7632924	3.088487228505141
RP11-849H4.4	SRR7632925	2.0701743684518465
RP11-849H4.4	SRR7632926	3.0554968309280173
RP11-849H4.4	SRR7632927	5.102594171152085
RP11-849H4.4	SRR7632928	11.036352271068873
RP11-849H4.4	SRR7632929	4.163142133181547
RP11-849H4.4	SRR7632930	12.01079873885719
RP11-849H4.4	SRR7632931	14.010077916271552
RP11-849H4.4	SRR7632932	5.12846314794614
RP11-849H4.4	SRR7632933	6.127666352621292
RP11-849H4.4	SRR7632934	9.03949462792281
RP11-849H4.4	SRR7632935	4.040447360499903
RP11-849H4.4	SRR7632936	4.084210072814286
RP11-849H4.4	SRR7632937	8.115843262881517
RP11-849H4.4	SRR7632938	6.160056906319835
RP11-849H4.4	SRR7632939	4.112415039921538
RP11-849H4.4	SRR7632940	6.039309147849248
RP11-849H4.4	SRR7632941	4.0859002647652645
RP11-849H4.4	SRR7632942	8.286778341821611
RP11-849H4.4	SRR7632943	14
RP11-849H4.4	SRR7632944	12.220614731508007
RP11-849H4.4	SRR7632945	11
RP11-849H4.4	SRR8928966	2.0178040118116267
RP11-849H4.4	SRR8928967	6.104682891290372
RP11-849H4.4	SRR8928968	4.033430617219942
RP11-849H4.4	SRR8928969	9.07574183011931
RP11-849H4.4	SRR8928970	6.058674258570581
RP11-849H4.4	SRR8928971	3.023440789224802
RP11-849H4.4	SRR8928972	1.0551062717044821
RP11-849H4.4	SRR8928973	8.048126372881788
RP11-849H4.4	SRR8928974	1.0870766859358787
RP11-849H4.4	SRR8928975	1.0434971814877207
RP11-849H4.4	SRR8928976	1.0433938336486428
RP11-849H4.4	SRR8928977	1.0197721263293398
RP11-849H4.4	SRR8928978	1.0189094725563004
RP11-849H4.4	SRR8928979	1.0197172970945956
RP11-849H4.4	SRR8928980	1.016019416300132
RP11-849H4.4	SRR8928981	1.0118211977273175
RP11-849H4.4	SRR8928982	2.0229835628823394
RP11-849H4.4	SRR8928983	20.03961675609822
RP11-849H4.4	SRR8928984	9.050885110452905
RP11-849H4.4	SRR8928985	1.0170563672128556
RP11-849H4.4	SRR8928986	3.0273209730964736
RP11-849H4.4	SRR8928987	34
RP11-849H4.4	SRR8928988	26
RP11-849H4.4	SRR8928989	1.0180482199929832
RP11-849H4.4	SRR8928990	1.0106122784979463
RP11-849H4.4	SRR8928991	1.0180115267692265
RP11-849H4.4	SRR9835604	2.0288683589557173
RP11-849H4.4	SRR9835605	18.10121687316127
RP11-849H4.4	SRR9835606	22.048523056645948
RP11-849H4.4	SRR9835607	3.027745651840303
RP11-849H4.4	SRR9835608	9.134865754681583
RP11-849H4.4	SRR9835609	21
RP11-849H4.4	SRR9835610	10.046883051317705
RP11-849H4.4	SRR9835611	8.008884589579344
RP11-849H4.4	SRR9835612	17.04659318169892
RP11-849H4.4	SRR9835613	10.05971437060134
RP11-849H4.4	SRR9835614	6.061054485626711
RP11-849H4.4	SRR9835615	2.079369299765199
RP11-849H4.4	SRR9835616	6.044999711014044
RP11-849H4.4	SRR9835617	5.116848430083516
RP11-849H4.4	SRR9835618	20.10795863974406
RP11-849H4.4	SRR9835619	21
RP11-849H4.4	SRR9835620	10.048997813445212
RP11-849H4.4	SRR9835621	6.039988880303689
RP11-849H4.4	SRR9835622	11.030501737410878
RP11-849H4.4	SRR9835623	23.004138027314003
RP11-849H4.4	SRR9835624	10.222114973081512
RP11-849H4.4	SRR9835625	12.0381496568353
RP11-849H4.4	SRR9835626	5.038585288521772
RP11-849H4.4	SRR9835627	9.018776568745134
RP11-849H4.4	SRR9835628	8.057962406374257
RP11-849H4.4	SRR9835629	6.123060992707379
RP11-849H4.4	SRR9835630	4.22295704407213
RP11-849H4.4	SRR9835631	11.888994270539472
RP11-849H4.4	SRR9835632	22.05151105216549
RP11-849H4.4	SRR9835633	10.075707059203193
RP11-849H4.4	SRR9835634	7.044719393455457
RP11-849H4.4	SRR9835635	10.098927550157834
RP11-849H4.4	SRR9835636	13.026685303927792
RP11-849H4.4	SRR9835637	12.054257535420003
RP11-849H4.4	SRR9835638	15.14863198992912
RP11-849H4.4	SRR9835639	5.05290948579957
RP11-849H4.4	SRR9835640	7.117094867939684
RP11-849H4.4	SRR9835641	12.04705596216157
RP11-849H4.4	SRR9835642	15.088649032561621
RP11-849H4.4	SRR9835643	12.0462209741468
RP11-849H4.4	SRR9835644	15.049461245490981
RP11-849H4.4	SRR9835645	8.237227284975535
RP11-849H4.4	SRR9835646	10.09460241350689
RP11-849H4.4	SRR9835647	6.014580635845324
RP11-849H4.4	SRR9835648	6.181726890936731
RP11-849H4.4	SRR9835649	4.047817538754037
RP11-849H4.4	SRR9835650	7.0269019747228025
RP11-849H4.4	SRR9835651	19.013677172082822
RP11-849H4.4	SRR9835652	9.144174746701188
RP11-849H4.4	SRR9835653	11.03069925435934
RP11-849H4.4	SRR9835654	5.050878738022258
RP11-849H4.4	SRR9835655	5.025847570047786
RP11-849H4.4	SRR9835656	16.043233838008973
RP11-849H4.4	SRR9835657	7.105832390679197
RP11-849H4.4	SRR9835658	14.028160552025136
RP11-849H4.4	SRR9835659	8.048372401234877
RP11-849H4.4	SRR9835660	7.053523634913838
RP11-849H4.4	SRR9835661	5.020272187802134
RP11-849H4.4	SRR9835662	10.1230819730448
RP11-849H4.4	SRR9835663	2.0406147212982537
RP11-849H4.4	SRR9835664	7.012080624750691
RP11-849H4.4	SRR9835665	14.05867120296482
RP11-849H4.4	SRR9835666	31
RP11-849H4.4	SRR9835667	8.067539711996528
RP11-849H4.4	SRR9835668	27
RP11-849H4.4	SRR9835669	9.239479169951057
RP11-849H4.4	SRR9835670	9.125502191683308
RP11-849H4.4	SRR9835671	9.122382808623433
RP11-849H4.4	SRR9835672	17.030324929806188
RP11-849H4.4	SRR9835673	6.136931777302168
RP11-849H4.4	SRR9835674	6.003239038838078
RP11-849H4.4	SRR9835675	10.05397931987203
RP11-849H4.4	SRR9835676	6.5348080522148555
RP11-849H4.4	SRR9835677	17.045184324478427
RP11-849H4.4	SRR9835678	8.048727304133228
RP11-849H4.4	SRR9835679	6.756045543064461
RP11-849H4.4	SRR9835680	3.073555520351902
RP11-849H4.4	SRR9835681	18.054888852065066
RP11-849H4.4	SRR9835682	7.424937463237716
RP11-849H4.4	SRR9835683	7.0444102657191605
RP11-849H4.4	SRR9835684	3.0759032340195533
RP11-849H4.4	SRR9835685	2.0102503835513925
RP11-849H4.4	SRR9835686	7.094734921548796
RP11-849H4.4	SRR9835687	12.056426267895292
RP11-849H4.4	SRR9835688	8
RP11-849H4.4	SRR9835689	8.0591156977589
RP11-849H4.4	SRR9835690	5.010057340008977
RP11-849H4.4	SRR9835691	3.027056616754959
RP11-849H4.4	SRR9835692	16.294164371063516
RP11-849H4.4	SRR9835693	14.057191836051228
RP11-849H4.4	SRR9835694	7.073088351698063
RP11-849H4.4	SRR9835695	8.041847762368391
RP11-849H4.4	SRR9835696	6.0593118682968266
RP11-849H4.4	SRR9835697	11.056800164460459
RP11-849H4.4	SRR9835698	9.009047058826223
RP11-849H4.4	SRR9835699	17.027546695576014
RP11-849H4.4	SRR9835700	10.02266574999606
RP11-849H4.4	SRR9835701	13.036802502443376
RP11-849H4.4	SRR9835702	19
RP11-849H4.4	SRR9835703	10.010799710397093
RP11-849H4.4	SRR9835704	11.05131821713274
RP11-849H4.4	SRR9835705	12.047955482382813
RP11-849H4.4	SRR9835706	8.634108124123834
RP11-849H4.4	SRR9835707	13.014437458066434
RP11-849H4.4	SRR9835708	10.01063202890274
RP11-849H4.4	SRR9835709	19.008837619191702
RP11-849H4.4	SRR9835710	2.0291273162841406
RP11-849H4.4	SRR9835711	10.004428486915478
RP11-849H4.4	SRR9835712	12.030260963356252
RP11-849H4.4	SRR9835713	28.053368791377242
RP11-849H4.4	SRR9835714	15.023184168409708
RP11-849H4.4	SRR9835715	7.0361351537839125
RP11-849H4.4	SRR9835716	11.032868635343585
RP11-849H4.4	SRR9835717	15.051818782042057
RP11-849H4.4	SRR9835718	4.062478402101561
RP11-849H4.4	SRR9835719	3.026520975555343
RP11-849H4.4	SRR9835720	2.0125988800636607
RP11-849H4.4	SRR9835721	8.122272900030735
RP11-849H4.4	SRR9835722	10.232142122054654
RP11-849H4.4	SRR9835723	33
RP11-849H4.4	SRR9835724	10.070578570789335
RP11-849H4.4	SRR9835725	2.055723346821802
RP11-849H4.4	SRR9835726	7.005038958135776
RP11-849H4.4	SRR9835727	4.027638510249306
RP11-849H4.4	SRR9835728	2.082000271753842
RP11-849H4.4	SRR9835729	17.055138027648333
RP11-849H4.4	SRR9835730	15.059280295457626
RP11-849H4.4	SRR9835731	2.102281220739211
RP11-849H4.4	SRR9835732	12.05675595610099
RP11-849H4.4	SRR9835733	10.04507579922951
RP11-849H4.4	SRR9835734	14.036781520753424
RP11-849H4.4	SRR9835735	7.01281857015207
RP11-849H4.4	SRR9835736	3.036781779385278
RP11-849H4.4	SRR9835737	10.02169112123769
RP11-849H4.4	SRR9835738	11.019806595824083
RP11-849H4.4	SRR9835739	5.138088923714675
RP11-849H4.4	SRR9835740	6.181422769742193
RP11-849H4.4	SRR9835741	9.04808707023809
RP11-849H4.4	SRR9835742	2.037844825153892
RP11-849H4.4	SRR9835743	5.1723941349799585
RP11-849H4.4	SRR9835744	4.023462322487554
RP11-849H4.4	SRR9835745	7.158628392152962
RP11-849H4.4	SRR9835746	13.14447239234366
RP11-849H4.4	SRR9835747	13.07013097614374
RP11-849H4.4	SRR9835748	3.092558297525126
RP11-849H4.4	SRR9835749	30
RP11-849H4.4	SRR9835750	9.075761872198173
RP11-849H4.4	SRR9835751	7.058095222884894
RP11-849H4.4	SRR9835752	5.204855002436081
RP11-849H4.4	SRR9835753	5.054948164553034
RP11-849H4.4	SRR9835754	12.016385415985726
RP11-849H4.4	SRR9835755	5.075049319175466
RP11-849H4.4	SRR9835756	4.187540865324473
RP11-849H4.4	SRR9835757	5.020272187802134
RP11-849H4.4	SRR9835758	8.046789858505653
RP11-849H4.4	SRR9835759	10.066479516880694
RP11-849H4.4	SRR9835760	15
RP11-849H4.4	SRR9835761	11.001979056541481
RP11-849H4.4	SRR9835762	1.102947594059923
RP11-849H4.4	SRR9835763	16.047049569793455
RP11-849H4.4	SRR9835764	12.032793205459537
RP11-849H4.4	SRR9835765	5.601599616491486
RP11-849H4.4	SRR9835766	3.0795985198407596
RP11-849H4.4	SRR9835767	7.262180431018013
RP11-849H4.4	SRR9835768	9
RP11-849H4.4	SRR9835769	5
RP11-849H4.4	SRR9835770	3.060821273195584
RP11-849H4.4	SRR9835771	6.032901930967477
RP11-849H4.4	SRR9835772	6.07653695284348
RP11-849H4.4	SRR9835773	12
RP11-849H4.4	SRR9835774	1.035585837974875
RP11-849H4.4	SRR9835775	13.06742256223432
RP11-849H4.4	SRR9835776	5.016370410922241
RP11-849H4.4	SRR9835777	12.029362764236975
RP11-849H4.4	SRR9835778	10.042826021444869
RP11-849H4.4	SRR9835779	8.05681811628842
RP11-849H4.4	SRR9835780	18.02886509980553
RP11-849H4.4	SRR9835781	7.179081702380804
RP11-849H4.4	SRR9835782	11.055701161517442
RP11-849H4.4	SRR9835783	26
RP11-849H4.4	SRR9835784	16.06633963243246
RP11-849H4.4	SRR9835785	2.0883721809694626
RP11-849H4.4	SRR9835786	14.13901780928007
RP11-849H4.4	SRR9835787	10.02896374160689
RP11-849H4.4	SRR9835788	18.030269396698433
RP11-849H4.4	SRR9835789	27
RP11-849H4.4	SRR9835790	12.087401478786706
RP11-849H4.4	SRR9835791	1.0278656241323514
RP11-849H4.4	SRR9835792	37.79918182873993
RP11-849H4.4	SRR9835793	19.038993399413258
RP11-849H4.4	SRR9835794	24.004317941545047
RP11-849H4.4	SRR9835795	2.114786578089573
RP11-849H4.4	SRR9835796	11.063747980182878
RP11-849H4.4	SRR9835797	21
RP11-849H4.4	SRR9835798	12.019444726288953
RP11-849H4.4	SRR9835799	9.01834981596004
RP11-849H4.4	SRR9835800	14.016594533822609
RP11-849H4.4	SRR9835801	7.035468876826043
RP11-849H4.4	SRR9835802	3.012080946021339
RP11-849H4.4	SRR9867812	20.589226223062866
RP11-849H4.4	SRR9867813	10.48766259062472
RP11-849H4.4	SRR9867814	32.19894413631414
RP11-849H4.4	SRR9867815	30.11299389488629
RP11-849H4.4	SRR9867816	36
RP11-849H4.4	SRR9867817	17.222177767064103
RP11-849H4.4	SRR9867818	34
RP11-849H4.4	SRR9867819	5.182935876293656
RP11-849H4.4	SRR9867820	40
RP11-849H4.4	SRR9867821	41
RP11-849H4.4	SRR9867822	18.184477131907084
RP11-849H4.4	SRR9867823	41.72623802409522
RP11-849H4.4	SRR9867824	27.00655836754069
RP11-849H4.4	SRR9867825	22.270488937265917
RP11-849H4.4	SRR9867826	21.347297533994023
RP11-849H4.4	SRR9867827	50.562343330860415
RP11-849H4.4	SRR9867828	31.334525314244697
RP11-849H4.4	SRR9867829	27.87417746179231
RP11-849H4.4	SRR9867830	33
RP11-849H4.4	SRR9867831	22.432891741434208
RP11-849H4.4	SRR9879292	60.054812076244176
RP11-849H4.4	SRR9879293	18.262003844395007
RP11-849H4.4	SRR9879294	15.301032246783468
RP11-849H4.4	SRR9879295	21.414182837964265
RP11-849H4.4	SRR9879296	19.22753011954311
RP11-849H4.4	SRR9879297	19.294377535319185
RP11-849H4.4	SRR9879298	29.308962526793625
RP11-849H4.4	SRR9879299	29.084482017474645
RP11-849H4.4	SRR9879300	27.39584302414996
RP11-849H4.4	SRR9879301	37.013314850755066
RP11-849H4.4	SRR9879302	30.31024323468404
RP11-849H4.4	SRR9879303	27.112776932315416
RP11-849H4.4	SRR9879304	28.467767052352617
RP11-849H4.4	SRR9879305	23.231855328705397
RP11-849H4.4	SRR9879306	47
RP11-849H4.4	SRR9879307	41.67826362292094
RP11-849H4.4	SRR9879308	16.182154582737184
RP11-849H4.4	SRR9879309	22.234450539216468
RP11-849H4.4	T50_307	16.08587517232779
RP11-849H4.4	T50_313	6.096116497800792
RP11-849H4.4	T50_317	6.0984412603885225
RP11-849H4.4	T50_324	12.1269306100477
RP11-849H4.4	T50_427	9.140885300119018
RP11-849H4.4	T50_428	11.071951017719861
RP11-849H4.4	T50_431	26.123493031923168
RP11-849H4.4	T50_436	10.07183362033033
RP11-849H4.4	T50_476	11.080118022221148
RP11-849H4.4	UN_307	23.29605470943714
RP11-849H4.4	UN_313	17.237127423581516
RP11-849H4.4	UN_317	21.167994052826792
RP11-849H4.4	UN_323	12.108557571724448
RP11-849H4.4	UN_324	14.299548607763837
RP11-849H4.4	UN_427	9.069338674458713
RP11-849H4.4	UN_428	10.098893750946523
RP11-849H4.4	UN_431	23.20946079373963
RP11-849H4.4	UN_436	23.163352084329208
RP11-849H4.4	UN_476	12.10645398088898
