Gene	sample	counts
RP11-173M1.4	CM317	1.052160686909921
RP11-173M1.4	CMCD140	5.047064175344279
RP11-173M1.4	CMCD147	1.0404565910580479
RP11-173M1.4	CMCD152	4
RP11-173M1.4	CMCD154	1.0098993269771894
RP11-173M1.4	CMCD159	1.0863042186135794
RP11-173M1.4	CMCD161	2.0061258961841677
RP11-173M1.4	CMCD174	1.092629434806816
RP11-173M1.4	CMCD196	1.0091897168260358
RP11-173M1.4	CMCD198	1.029495742835047
RP11-173M1.4	CMCD203	3.0097179385357227
RP11-173M1.4	CMCD211	9.640544369492279
RP11-173M1.4	CMCD227	2.4663315076003673
RP11-173M1.4	CMCD240	0.9299660389313402
RP11-173M1.4	CMCD259	3
RP11-173M1.4	CMCD270	1.0051908134952228
RP11-173M1.4	CMCD275	1.008539072196977
RP11-173M1.4	CMCD282	5.0658039346259836
RP11-173M1.4	CMCD286	11.31004607150665
RP11-173M1.4	CMCD287	5
RP11-173M1.4	CMCD294	1.0639520056991958
RP11-173M1.4	CMCD327	3.0154163618258507
RP11-173M1.4	CMCD335	1.0047054282731729
RP11-173M1.4	CMCD337	7.046720205860898
RP11-173M1.4	CMCD357	1.0211504641864628
RP11-173M1.4	CMCD398	7.042016503909523
RP11-173M1.4	CMCD403	1.0071810043238532
RP11-173M1.4	CMCD422	1.0020862854161259
RP11-173M1.4	CMCD426	1.1140469611806236
RP11-173M1.4	CMCD71	2.0127725980554785
RP11-173M1.4	CMCD72	1.1510750061651915
RP11-173M1.4	CMCD76	2.004594427862749
RP11-173M1.4	CMCD88	1.0001799142310437
RP11-173M1.4	CMSA256	3
RP11-173M1.4	CMSA316	5.0407725572918345
RP11-173M1.4	CMUC110	5
RP11-173M1.4	CMUC192	1.0134604497462807
RP11-173M1.4	CMUC199	2.056374810832963
RP11-173M1.4	CMUC200	1.002341411462068
RP11-173M1.4	CMUC208	3.0073406910592437
RP11-173M1.4	CMUC231	2
RP11-173M1.4	CMUC234	2
RP11-173M1.4	CMUC285	1.0111269374447733
RP11-173M1.4	CMUC291	1.0066043693551068
RP11-173M1.4	CMUC295	5.004499474523829
RP11-173M1.4	CMUC299	1.0029270323451933
RP11-173M1.4	CMUC301	1.0005398398063463
RP11-173M1.4	CMUC307	1.0027601872840743
RP11-173M1.4	CMUC313	1.0420413939922741
RP11-173M1.4	CMUC314	1.055846512835873
RP11-173M1.4	CMUC323	1.0241049068913428
RP11-173M1.4	CMUC324	5.004499474523829
RP11-173M1.4	CMUC331	1.0091574614003984
RP11-173M1.4	CMUC333	1.0232387540038606
RP11-173M1.4	CMUC334	1.0150130071590526
RP11-173M1.4	CMUC346	1.0108493839910517
RP11-173M1.4	CMUC352	1.00605396549271
RP11-173M1.4	CMUC360	1.0014402205102033
RP11-173M1.4	CMUC363	1.0263755677043285
RP11-173M1.4	CMUC365	1.0066923410699051
RP11-173M1.4	CMUC366	6.020093963248045
RP11-173M1.4	CMUC368	2
RP11-173M1.4	CMUC377	3.012245681593573
RP11-173M1.4	CMUC379	1.0708063663103926
RP11-173M1.4	CMUC380	1.01827642435426
RP11-173M1.4	CMUC383	1.0142859766464112
RP11-173M1.4	CMUC394	5.03810846565875
RP11-173M1.4	CMUC419	4.099797009182871
RP11-173M1.4	CMUC427	5
RP11-173M1.4	CMUC428	1.0063470586203123
RP11-173M1.4	CMUC431	2.003717239633611
RP11-173M1.4	CMUC435	1.0050194243862136
RP11-173M1.4	CMUC439	1.0064361075814747
RP11-173M1.4	CMUC89	3
RP11-173M1.4	CS219	1.0024775414638962
RP11-173M1.4	CS256	2.004579771497176
RP11-173M1.4	CS257	1.0944271775349645
RP11-173M1.4	CS259	3.004636833681942
RP11-173M1.4	CS261	1.0238230356839277
RP11-173M1.4	CS266	1.0357806251843706
RP11-173M1.4	CS270	1.0130095040631752
RP11-173M1.4	CS277	13.506422915201453
RP11-173M1.4	CS288	1.009015728155811
RP11-173M1.4	CS290	1.0079916665289268
RP11-173M1.4	CS292	1.0139795313343294
RP11-173M1.4	CS293	1.016848591736414
RP11-173M1.4	CS301	1.0267458436587589
RP11-173M1.4	CS306	1.0388615456941386
RP11-173M1.4	CS308	2.0531532304124136
RP11-173M1.4	CS315	1.028018282586956
RP11-173M1.4	CS317	1.0722984600508352
RP11-173M1.4	CS322	7.093931127378296
RP11-173M1.4	CS327	1.0047603772359066
RP11-173M1.4	CS328	1.0566294945036847
RP11-173M1.4	CS330	1.0768616883015538
RP11-173M1.4	CS331	1.0187996043213206
RP11-173M1.4	CS335	2.5240603463619813
RP11-173M1.4	CS338	1.030832702181411
RP11-173M1.4	CS339	1.1707547739034676
RP11-173M1.4	CS343	1.0080789119524982
RP11-173M1.4	CS344	3.042393768273798
RP11-173M1.4	CS350	1.0232380192782662
RP11-173M1.4	CS351	2.01662378908565
RP11-173M1.4	CS361	1.0239903938396149
RP11-173M1.4	CS388	5.1748164120543905
RP11-173M1.4	CS396	5.054518981915849
RP11-173M1.4	CS405	6.152234729192944
RP11-173M1.4	CS415	1.0768988297741249
RP11-173M1.4	CS424	1.0376219614625826
RP11-173M1.4	IM293	1.0053335186310612
RP11-173M1.4	IM296	1.0674965693084089
RP11-173M1.4	IM297	1.098769887658002
RP11-173M1.4	IM300	3
RP11-173M1.4	IM305	1.0100500854392669
RP11-173M1.4	IM309	1.068243382745569
RP11-173M1.4	IM310	4.055039119547009
RP11-173M1.4	IM311	3.037430782696245
RP11-173M1.4	IM316	4.020745403764407
RP11-173M1.4	IM320	1.0476097382082026
RP11-173M1.4	IM330	3.0317834350659316
RP11-173M1.4	IM332	1.0306075684228129
RP11-173M1.4	IM340	1.056280146775053
RP11-173M1.4	IM348	1.0369614627065955
RP11-173M1.4	IM354	2.0144973791246388
RP11-173M1.4	IM356	1.0086100524478088
RP11-173M1.4	IM364	3.0521600504488346
RP11-173M1.4	IM372	4.999953589341447
RP11-173M1.4	IM374	1.0494515301768887
RP11-173M1.4	IM376	1.0151740030663836
RP11-173M1.4	IM381	1.012555790998895
RP11-173M1.4	IM382	1.0318406015848964
RP11-173M1.4	IM385	7
RP11-173M1.4	IM390	1.028703799246213
RP11-173M1.4	IM397	4.045538645684296
RP11-173M1.4	IM404	7.020177606788671
RP11-173M1.4	IM409	5.028644952730678
RP11-173M1.4	IM412	6
RP11-173M1.4	IM421	1.0158984637588822
RP11-173M1.4	IM425	1.0543133661346646
RP11-173M1.4	IM432	1.0420143643186235
RP11-173M1.4	IM438	3
RP11-173M1.4	IM442	3.1278291843562753
RP11-173M1.4	IM445	1.0115547971482344
RP11-173M1.4	IM448	1.0230255913150224
RP11-173M1.4	IM449	3.0253397574368193
RP11-173M1.4	IM451	2.0103727018822033
RP11-173M1.4	IMSA256	3.01229766320897
RP11-173M1.4	IMSA276	3
RP11-173M1.4	IMSA286	3
RP11-173M1.4	IMSA343	1.0125207868802717
RP11-173M1.4	IS_238	1
RP11-173M1.4	IS238	7.165638623140365
RP11-173M1.4	IS243	4
RP11-173M1.4	IS253	3
RP11-173M1.4	IS283	5
RP11-173M1.4	IS322	3.0319191718423304
RP11-173M1.4	IS399	4.0290118409088524
RP11-173M1.4	IS418	4.379004411144943
RP11-173M1.4	IS430	1.0847548398304163
RP11-173M1.4	IS437	1.0822383787243768
RP11-173M1.4	IS444	1.0378497226493058
RP11-173M1.4	R276CMSA	1.0649255307900556
RP11-173M1.4	R286CMSA	1
RP11-173M1.4	R292CMSA	1.004207620749528
RP11-173M1.4	R292IMSA	1.0768750693977573
RP11-173M1.4	R308CMSA	1.070354522560454
RP11-173M1.4	R316IMSA	1.0198650539779268
RP11-173M1.4	R347CMSA	1.0679448775774594
RP11-173M1.4	R347IMSA	1.0654084912781197
RP11-173M1.4	R371CMSA	1.0039962901985677
RP11-173M1.4	SRR10104064	1.1130827181735787
RP11-173M1.4	SRR10104065	1.0058655806218886
RP11-173M1.4	SRR10104066	1.0187563340359607
RP11-173M1.4	SRR10104067	9.209314235433629
RP11-173M1.4	SRR10104068	5.023357382712616
RP11-173M1.4	SRR10104069	1.011490802424949
RP11-173M1.4	SRR10104070	1.0295865545572511
RP11-173M1.4	SRR10104071	1.1619835297694339
RP11-173M1.4	SRR10104072	1.071723239794756
RP11-173M1.4	SRR10104073	5.229178938623881
RP11-173M1.4	SRR10104074	9.897500887145307
RP11-173M1.4	SRR10104075	1.1547542285600578
RP11-173M1.4	SRR10104076	1.0278239688724724
RP11-173M1.4	SRR10104077	1.1040752320803593
RP11-173M1.4	SRR10104078	1.0419214016168303
RP11-173M1.4	SRR10104079	1.092856600461782
RP11-173M1.4	SRR10104080	1.1254280913603063
RP11-173M1.4	SRR10104081	1.0158936181922817
RP11-173M1.4	SRR10104082	9.770825342529665
RP11-173M1.4	SRR10104083	1.065596706440916
RP11-173M1.4	SRR10104084	1.0701241548355385
RP11-173M1.4	SRR10104085	1.0224852129879336
RP11-173M1.4	SRR10104086	1.0249330155513252
RP11-173M1.4	SRR10104087	1.0032098048981044
RP11-173M1.4	SRR10104088	1.0091188297931257
RP11-173M1.4	SRR10104089	1.1387124115642702
RP11-173M1.4	SRR10104090	1.0265054935122315
RP11-173M1.4	SRR10104091	1.0429313075146665
RP11-173M1.4	SRR10104092	1.0127653613232732
RP11-173M1.4	SRR10104093	1.0347712127539488
RP11-173M1.4	SRR10104094	1.0344440824548444
RP11-173M1.4	SRR10104095	9.499766927514512
RP11-173M1.4	SRR10104096	1.1499993829134103
RP11-173M1.4	SRR10104097	1.0654329597407752
RP11-173M1.4	SRR10104098	1.0299665441303483
RP11-173M1.4	SRR10104099	1.0483148195050975
RP11-173M1.4	SRR10104100	1.0292800559938342
RP11-173M1.4	SRR10104101	1.0055788173830293
RP11-173M1.4	SRR10104102	5.076769842360547
RP11-173M1.4	SRR10104103	1.0533097010473917
RP11-173M1.4	SRR10104104	5.077580014829323
RP11-173M1.4	SRR10104105	1.0837919884500646
RP11-173M1.4	SRR10104106	1.1337110372727635
RP11-173M1.4	SRR10104107	1.0095882284245328
RP11-173M1.4	SRR10104108	1.0068598403855975
RP11-173M1.4	SRR10104109	1.122307744225592
RP11-173M1.4	SRR10104110	1.1932010382175424
RP11-173M1.4	SRR10104111	1.0329711095071032
RP11-173M1.4	SRR10104112	1.189872391069202
RP11-173M1.4	SRR10104113	1.0362854178746606
RP11-173M1.4	SRR10104114	1.1753108824133915
RP11-173M1.4	SRR10104115	1.1481195623107094
RP11-173M1.4	SRR10104116	1.0476231912417615
RP11-173M1.4	SRR10104117	1.0392927622091388
RP11-173M1.4	SRR10104118	1.1479902353871632
RP11-173M1.4	SRR10104119	1.1922096850664645
RP11-173M1.4	SRR10104120	1.0274397025883788
RP11-173M1.4	SRR10104121	1.0845670123047944
RP11-173M1.4	SRR10104122	1.0930951060141245
RP11-173M1.4	SRR10104123	1.085068060584876
RP11-173M1.4	SRR10104124	1.1194016065014738
RP11-173M1.4	SRR10104125	1.1032322088701674
RP11-173M1.4	SRR10104126	1.0403589846827273
RP11-173M1.4	SRR10104127	1.1896601506984525
RP11-173M1.4	SRR10104128	1.0289581177608564
RP11-173M1.4	SRR10104129	1.0264252644778067
RP11-173M1.4	SRR10104130	1.0421022730678582
RP11-173M1.4	SRR10104131	1.0113537446977683
RP11-173M1.4	SRR10104132	1.0072357936683587
RP11-173M1.4	SRR10104133	1.1678104114751833
RP11-173M1.4	SRR10104134	1.0304204630626266
RP11-173M1.4	SRR10104135	1.1047925227370805
RP11-173M1.4	SRR10104136	1.0150534484689004
RP11-173M1.4	SRR10104137	1.1111543351913287
RP11-173M1.4	SRR10104138	1.1987125395645137
RP11-173M1.4	SRR10104139	1.0113843011015555
RP11-173M1.4	SRR10104140	1.1457522859106466
RP11-173M1.4	SRR10104141	5.306091038546474
RP11-173M1.4	SRR10104142	1.0527512259784992
RP11-173M1.4	SRR10104143	1.008193511450258
RP11-173M1.4	SRR10104144	1.0610832116326332
RP11-173M1.4	SRR10104145	1.064530164787135
RP11-173M1.4	SRR10104146	13.125167447435743
RP11-173M1.4	SRR10104147	5.008545122843224
RP11-173M1.4	SRR10104148	1.0531465668318782
RP11-173M1.4	SRR10104149	9.431550116449833
RP11-173M1.4	SRR10104150	1.0116520854708597
RP11-173M1.4	SRR10104151	9.068938768428843
RP11-173M1.4	SRR10104152	1.0056231596200704
RP11-173M1.4	SRR10104153	1.1050859670242814
RP11-173M1.4	SRR10104154	1.0306607864494586
RP11-173M1.4	SRR10104155	1.0906050803328398
RP11-173M1.4	SRR10104156	5.020335759422961
RP11-173M1.4	SRR10104157	1.0501594045532703
RP11-173M1.4	SRR10104158	5.102997519739472
RP11-173M1.4	SRR10104159	1.0126727839776568
RP11-173M1.4	SRR10104160	1.1286682368212853
RP11-173M1.4	SRR10104161	5.008629017679065
RP11-173M1.4	SRR10104162	1.0204815952038468
RP11-173M1.4	SRR10104163	1.0302878151561219
RP11-173M1.4	SRR10104164	1.019679849157473
RP11-173M1.4	SRR10104165	1.03911950298106
RP11-173M1.4	SRR10104166	1.0411103906912247
RP11-173M1.4	SRR10104167	1.0226405407254509
RP11-173M1.4	SRR10104168	1.0290037923240252
RP11-173M1.4	SRR10104169	1.0249138391060775
RP11-173M1.4	SRR10104170	1.0302024526513764
RP11-173M1.4	SRR10104171	1.0241039729391117
RP11-173M1.4	SRR10104172	9.30822647771952
RP11-173M1.4	SRR10104173	1.0618085302182145
RP11-173M1.4	SRR10104174	1.034206476188313
RP11-173M1.4	SRR10104175	1.0226611988789944
RP11-173M1.4	SRR10104176	1.022603053209032
RP11-173M1.4	SRR10104177	1.0254564567414526
RP11-173M1.4	SRR10104178	1.0386957245885173
RP11-173M1.4	SRR10104179	1.0349830414340861
RP11-173M1.4	SRR10104180	1.0220069065577857
RP11-173M1.4	SRR10104181	1.027045780065536
RP11-173M1.4	SRR10104182	1.0354701224080693
RP11-173M1.4	SRR10104183	1.0485327945215122
RP11-173M1.4	SRR10104184	1.0213982799506043
RP11-173M1.4	SRR10104185	5.327511391756199
RP11-173M1.4	SRR10104186	1.0334077154577568
RP11-173M1.4	SRR10104187	1.0797577801431373
RP11-173M1.4	SRR10104188	1.0555862389878126
RP11-173M1.4	SRR10104189	1.0614348924771675
RP11-173M1.4	SRR10104190	1.1491016556665985
RP11-173M1.4	SRR10104191	1.1421287584167092
RP11-173M1.4	SRR10104192	1.0261807524628852
RP11-173M1.4	SRR10104193	1.0402803652655077
RP11-173M1.4	SRR10104194	1.0434484830599333
RP11-173M1.4	SRR10104195	1.0425282185704265
RP11-173M1.4	SRR10104196	1.0410873692447795
RP11-173M1.4	SRR10104197	1.0169436235163218
RP11-173M1.4	SRR10104198	1.0259518061643405
RP11-173M1.4	SRR10104199	1.0845523092555243
RP11-173M1.4	SRR10104200	1.0357609839017698
RP11-173M1.4	SRR10104201	1.026296611985634
RP11-173M1.4	SRR10104202	1.0684453214497531
RP11-173M1.4	SRR10104203	1.0227196084030068
RP11-173M1.4	SRR10104204	9.284503797102584
RP11-173M1.4	SRR10104205	1.0269817679691475
RP11-173M1.4	SRR10104206	1.0290184053987292
RP11-173M1.4	SRR10104207	1.0328985759185803
RP11-173M1.4	SRR10104208	1.0176894368252343
RP11-173M1.4	SRR10104209	1.0231987105755664
RP11-173M1.4	SRR10104210	1.0264643950508716
RP11-173M1.4	SRR10104211	1.0187996043213206
RP11-173M1.4	SRR10104212	5.093927326035112
RP11-173M1.4	SRR10104213	1.0607243748787123
RP11-173M1.4	SRR10104214	1.0302508387945404
RP11-173M1.4	SRR10104215	1.0107265960976537
RP11-173M1.4	SRR10104216	1.062180780035933
RP11-173M1.4	SRR10104217	1.0250110331492008
RP11-173M1.4	SRR10104218	1.0655646431950403
RP11-173M1.4	SRR10104219	1.0652648347042482
RP11-173M1.4	SRR10104220	1.0355693278203462
RP11-173M1.4	SRR10104221	9.814649694397309
RP11-173M1.4	SRR10104222	1.0387327316632746
RP11-173M1.4	SRR10104223	1.1801672204919216
RP11-173M1.4	SRR10104224	1.0254993311004128
RP11-173M1.4	SRR10104225	1.031660376130715
RP11-173M1.4	SRR10104226	1.0392769039353207
RP11-173M1.4	SRR10104227	1.0779388239392174
RP11-173M1.4	SRR10104228	1.1232105220166013
RP11-173M1.4	SRR10104229	1.0373617848705414
RP11-173M1.4	SRR10104230	1.1040752320803593
RP11-173M1.4	SRR10104231	1.07822501247679
RP11-173M1.4	SRR10104232	1.0611514448074382
RP11-173M1.4	SRR10104233	1.0734096428277802
RP11-173M1.4	SRR10104234	21.49209026177137
RP11-173M1.4	SRR10104235	5.220957627478164
RP11-173M1.4	SRR10104236	1.0093068320098109
RP11-173M1.4	SRR10104237	1.018564797188093
RP11-173M1.4	SRR10104238	1.0719766937133695
RP11-173M1.4	SRR10104239	1.0633581535162346
RP11-173M1.4	SRR10104240	1.0749579917487644
RP11-173M1.4	SRR10104241	1.0409403926955196
RP11-173M1.4	SRR10104242	1.0656340036600613
RP11-173M1.4	SRR10104243	1.0687486815714031
RP11-173M1.4	SRR10104244	1.0398815876953509
RP11-173M1.4	SRR10104245	1.0418117622330036
RP11-173M1.4	SRR10104246	1.108828569841403
RP11-173M1.4	SRR10104247	1.0579544780318526
RP11-173M1.4	SRR10104248	1.076529224426155
RP11-173M1.4	SRR10104249	1.0273315870858695
RP11-173M1.4	SRR10104250	1.157197552838617
RP11-173M1.4	SRR10104251	1.0471142307724335
RP11-173M1.4	SRR10104252	1.1838765721178106
RP11-173M1.4	SRR10104253	1.09991256534321
RP11-173M1.4	SRR10104254	1.0374696909056962
RP11-173M1.4	SRR10104255	1.031244552450183
RP11-173M1.4	SRR10104256	1.0295241963821637
RP11-173M1.4	SRR10104257	1.038122821814693
RP11-173M1.4	SRR10104258	1.0309181491976231
RP11-173M1.4	SRR10224277	4.098263455284523
RP11-173M1.4	SRR10224278	2.1885696380150126
RP11-173M1.4	SRR10224279	2.181695394783901
RP11-173M1.4	SRR10224280	3.068505643323161
RP11-173M1.4	SRR10224281	13.210355013446227
RP11-173M1.4	SRR10224282	2.1013681855735546
RP11-173M1.4	SRR10224283	2.08483933535802
RP11-173M1.4	SRR10224284	2.2226811408735667
RP11-173M1.4	SRR10224285	2.2605200250967026
RP11-173M1.4	SRR10224286	2.0509455001392656
RP11-173M1.4	SRR10224287	2.068412952376626
RP11-173M1.4	SRR10224288	2.1965005472119286
RP11-173M1.4	SRR10224289	2.191149117035192
RP11-173M1.4	SRR10224290	2.1959877980255023
RP11-173M1.4	SRR10224291	2.062517728953406
RP11-173M1.4	SRR10224292	2.0237988346600675
RP11-173M1.4	SRR10224293	2.0616509345705016
RP11-173M1.4	SRR10224294	2.116698998541427
RP11-173M1.4	SRR10224295	2.1742743952486516
RP11-173M1.4	SRR10224296	2.1102125434089642
RP11-173M1.4	SRR10224297	2.2596474381991665
RP11-173M1.4	SRR10224298	2.0665338885610693
RP11-173M1.4	SRR10318388	1.0075645039987202
RP11-173M1.4	SRR10318389	4.019231691980695
RP11-173M1.4	SRR10318390	4.050197047298961
RP11-173M1.4	SRR10318391	4.048753117963792
RP11-173M1.4	SRR10318392	1.0141662120681394
RP11-173M1.4	SRR10318393	6.017479038098202
RP11-173M1.4	SRR10318394	1.0136017148230585
RP11-173M1.4	SRR10318395	2.009104338295677
RP11-173M1.4	SRR10318396	1.008253691698839
RP11-173M1.4	SRR10318397	1.0060636964446545
RP11-173M1.4	SRR10318398	2.0071817333073967
RP11-173M1.4	SRR10318399	1.0502301871086661
RP11-173M1.4	SRR10318400	1.015029947158002
RP11-173M1.4	SRR10318401	4.014785934811921
RP11-173M1.4	SRR10318402	2.008620129375688
RP11-173M1.4	SRR10318403	2.009922442278996
RP11-173M1.4	SRR10318404	2.0035676388007277
RP11-173M1.4	SRR10318405	8.020173975570835
RP11-173M1.4	SRR10318406	2.0093494314508025
RP11-173M1.4	SRR10318407	2.019992801495311
RP11-173M1.4	SRR10318408	1.003093611368694
RP11-173M1.4	SRR10318409	8.025426177157282
RP11-173M1.4	SRR10318410	2.0082652899056073
RP11-173M1.4	SRR10318411	1.0036964837029803
RP11-173M1.4	SRR10318412	1.0049521195717002
RP11-173M1.4	SRR10318413	2.0078865942447375
RP11-173M1.4	SRR10318414	1.0060465501543596
RP11-173M1.4	SRR10318415	1.0066043693551068
RP11-173M1.4	SRR10318416	1.010127651990598
RP11-173M1.4	SRR10318417	2.0146563380184315
RP11-173M1.4	SRR10318418	4.01531824508581
RP11-173M1.4	SRR10318419	2.0081702622930324
RP11-173M1.4	SRR10318420	1.0018312243074385
RP11-173M1.4	SRR10318421	1.00485547100433
RP11-173M1.4	SRR10318422	6.012966650501191
RP11-173M1.4	SRR10318423	4.006414466623451
RP11-173M1.4	SRR10318424	1.0021332526954574
RP11-173M1.4	SRR10318425	1.0066317697525906
RP11-173M1.4	SRR10318426	1.095574558517596
RP11-173M1.4	SRR10318427	4.433009599574842
RP11-173M1.4	SRR10318428	8.011168501735066
RP11-173M1.4	SRR10318429	2.0080752391769985
RP11-173M1.4	SRR10318430	1.0088510137634663
RP11-173M1.4	SRR10318431	4.021045621660506
RP11-173M1.4	SRR10318432	2.0036011992407423
RP11-173M1.4	SRR10318433	1.275527749073799
RP11-173M1.4	SRR10318434	6.0190110575019915
RP11-173M1.4	SRR10318435	2.0121422238187727
RP11-173M1.4	SRR10318436	2.00567658773049
RP11-173M1.4	SRR10318437	4.002879404649015
RP11-173M1.4	SRR10318438	1.0012906877364744
RP11-173M1.4	SRR10318439	4.0165305798112145
RP11-173M1.4	SRR10318440	1.0160161405406791
RP11-173M1.4	SRR10318441	1.0028076383933613
RP11-173M1.4	SRR10318442	1.0290972598019128
RP11-173M1.4	SRR10318443	4.00929848873372
RP11-173M1.4	SRR10318444	4.035170354478419
RP11-173M1.4	SRR10318445	1.0124257547386077
RP11-173M1.4	SRR10318446	4.0160406579802705
RP11-173M1.4	SRR10318447	1.010741329315747
RP11-173M1.4	SRR10318448	2.0143549241320526
RP11-173M1.4	SRR10318449	2.0042041055221165
RP11-173M1.4	SRR10318450	2.010795863974406
RP11-173M1.4	SRR10318451	14
RP11-173M1.4	SRR10318452	4.025388234481249
RP11-173M1.4	SRR10318453	1.0201282942009398
RP11-173M1.4	SRR10318454	2.0095880753490887
RP11-173M1.4	SRR10318455	6.036914553826107
RP11-173M1.4	SRR10318456	2.0133846821398103
RP11-173M1.4	SRR10318457	4.006604052142616
RP11-173M1.4	SRR10318458	1.0130607665001055
RP11-173M1.4	SRR10318459	1.0066712106965126
RP11-173M1.4	SRR10318460	2.0080889550647942
RP11-173M1.4	SRR10318461	1.0035908666536983
RP11-173M1.4	SRR10318462	4.027260594918886
RP11-173M1.4	SRR10318463	4.01279670434901
RP11-173M1.4	SRR10318464	2.0127746426423734
RP11-173M1.4	SRR10318465	6.006031372550816
RP11-173M1.4	SRR10318466	1.0095724722687383
RP11-173M1.4	SRR10318467	1.005163326868066
RP11-173M1.4	SRR10318468	1.0099265873940113
RP11-173M1.4	SRR10318469	4.014946561430524
RP11-173M1.4	SRR10318470	1
RP11-173M1.4	SRR10318471	2
RP11-173M1.4	SRR10318472	2.008987985922139
RP11-173M1.4	SRR10318473	1.0039520196971752
RP11-173M1.4	SRR10318474	4.017130408577947
RP11-173M1.4	SRR10318475	1.0041019499142785
RP11-173M1.4	SRR10318476	1.0037100598776116
RP11-173M1.4	SRR10318495	1.0011853238444721
RP11-173M1.4	SRR10318496	1.008939117884696
RP11-173M1.4	SRR10318497	4.02309335762099
RP11-173M1.4	SRR10318498	2.0018890754259386
RP11-173M1.4	SRR10318499	2.002431859445557
RP11-173M1.4	SRR10318500	1.0058289797049942
RP11-173M1.4	SRR10318501	2.009861001544937
RP11-173M1.4	SRR10318502	6.003239038838078
RP11-173M1.4	SRR10318503	4.007624113053891
RP11-173M1.4	SRR10318504	1.0068217006633478
RP11-173M1.4	SRR10318505	10.007198511622537
RP11-173M1.4	SRR10318506	1.012140088058167
RP11-173M1.4	SRR10318507	1.0122808125437386
RP11-173M1.4	SRR10318508	1.031213724706472
RP11-173M1.4	SRR10318509	4.028218440850173
RP11-173M1.4	SRR10318510	4.03250125433914
RP11-173M1.4	SRR10318511	1.001260079572912
RP11-173M1.4	SRR10318512	2.0155039644581945
RP11-173M1.4	SRR10318513	1.0033796658956018
RP11-173M1.4	SRR10318514	2.0093069735628646
RP11-173M1.4	SRR10318515	1.012185016083506
RP11-173M1.4	SRR10318516	1.0060465501543596
RP11-173M1.4	SRR10318517	1.0027021148755608
RP11-173M1.4	SRR10318518	1.0073407710436535
RP11-173M1.4	SRR10318519	1.0048247538699455
RP11-173M1.4	SRR10318520	4.008045872007182
RP11-173M1.4	SRR10318521	1.0036752754292169
RP11-173M1.4	SRR10318522	1.0013960627168832
RP11-173M1.4	SRR10318523	2.004594427862749
RP11-173M1.4	SRR10318524	4.031733164608251
RP11-173M1.4	SRR10318525	1.006333446777656
RP11-173M1.4	SRR10318526	1.0066340409403034
RP11-173M1.4	SRR10318527	4.001439443324872
RP11-173M1.4	SRR10318528	2.005159617817389
RP11-173M1.4	SRR10318529	6.013599449997636
RP11-173M1.4	SRR10318530	1.0068960081103668
RP11-173M1.4	SRR10318531	1.0090633661821524
RP11-173M1.4	SRR10318532	1.0085041203949443
RP11-173M1.4	SRR10318533	1.0236532940435767
RP11-173M1.4	SRR10318534	2.0357596258700172
RP11-173M1.4	SRR10318535	1.0158026224654026
RP11-173M1.4	SRR10318536	6.024877362162172
RP11-173M1.4	SRR10318537	2.0221647050451375
RP11-173M1.4	SRR10318538	2.0038120565269457
RP11-173M1.4	SRR10318539	1.007502905048184
RP11-173M1.4	SRR10318540	2.0110961562737604
RP11-173M1.4	SRR10318541	2.0148002708528874
RP11-173M1.4	SRR10318542	1.0082966874658166
RP11-173M1.4	SRR10318543	1.0102315119348009
RP11-173M1.4	SRR10318544	1.0025176493501762
RP11-173M1.4	SRR10318545	4.035608023623253
RP11-173M1.4	SRR10318546	4.005760882040813
RP11-173M1.4	SRR10318547	2.008142511628122
RP11-173M1.4	SRR10318548	1.0049305007724685
RP11-173M1.4	SRR10318549	2.0143549241320526
RP11-173M1.4	SRR10318568	8.025678439184835
RP11-173M1.4	SRR10318569	2.0017997898095317
RP11-173M1.4	SRR10318570	1.010993574886179
RP11-173M1.4	SRR10318571	2.0017997898095317
RP11-173M1.4	SRR10318572	2.009649507739891
RP11-173M1.4	SRR10318573	1.001545611227314
RP11-173M1.4	SRR10318574	4.009948014719926
RP11-173M1.4	SRR10318575	2.009649507739891
RP11-173M1.4	SRR10318576	1.0043850537320074
RP11-173M1.4	SRR10318577	1.0029986843325787
RP11-173M1.4	SRR10318578	1.0008998949047658
RP11-173M1.4	SRR10318579	2.0063370191673306
RP11-173M1.4	SRR10318580	1.0014402205102033
RP11-173M1.4	SRR10318581	4
RP11-173M1.4	SRR10875803	4.0804604070057096
RP11-173M1.4	SRR10875804	3.880758611577542
RP11-173M1.4	SRR10875805	1.0398497998578013
RP11-173M1.4	SRR10875806	4.335378701450837
RP11-173M1.4	SRR10875807	0.9691618824824831
RP11-173M1.4	SRR10875808	0.9133292956158376
RP11-173M1.4	SRR10875809	5.0779378084904305
RP11-173M1.4	SRR10875810	0.909737250839997
RP11-173M1.4	SRR10875812	2
RP11-173M1.4	SRR10875813	3.2570992710956856
RP11-173M1.4	SRR10875814	1.004071255814061
RP11-173M1.4	SRR10875815	1
RP11-173M1.4	SRR10875816	1
RP11-173M1.4	SRR10875817	0.7720460386037018
RP11-173M1.4	SRR10875818	4.360986808759456
RP11-173M1.4	SRR10875819	1
RP11-173M1.4	SRR10875820	3.1121144182185527
RP11-173M1.4	SRR10875821	3.812626648303042
RP11-173M1.4	SRR10875822	1.5311584639891962
RP11-173M1.4	SRR10875823	1
RP11-173M1.4	SRR10875824	1.210894869375827
RP11-173M1.4	SRR10875825	5.009156121537193
RP11-173M1.4	SRR10875826	0.8445588789930405
RP11-173M1.4	SRR10875827	1.2813332807608482
RP11-173M1.4	SRR10875829	2.2629641008082904
RP11-173M1.4	SRR10875830	1
RP11-173M1.4	SRR10875831	1.0036351212296024
RP11-173M1.4	SRR10875832	1
RP11-173M1.4	SRR10875834	1.0034239111583483
RP11-173M1.4	SRR10875835	2
RP11-173M1.4	SRR10875836	0.9427069927825823
RP11-173M1.4	SRR10875837	0.8041360353522955
RP11-173M1.4	SRR10875838	2
RP11-173M1.4	SRR10875839	0.7414692537294025
RP11-173M1.4	SRR10875840	5.719467891835448
RP11-173M1.4	SRR10875841	1.00387382637289
RP11-173M1.4	SRR10875842	3.47563839764976
RP11-173M1.4	SRR10875843	4.967778030573065
RP11-173M1.4	SRR10875844	0.8038036211621384
RP11-173M1.4	SRR10875845	0.9061997545264616
RP11-173M1.4	SRR10875846	1.0694605176713157
RP11-173M1.4	SRR10875847	2.509607848115287
RP11-173M1.4	SRR10875848	1
RP11-173M1.4	SRR10875849	0.9657723126899237
RP11-173M1.4	SRR10875850	1.0001799142310437
RP11-173M1.4	SRR10875851	2.6256970320050543
RP11-173M1.4	SRR10875852	3.23765664291893
RP11-173M1.4	SRR10875853	1.002266574999606
RP11-173M1.4	SRR10875854	0.8413842400708483
RP11-173M1.4	SRR10875855	1.4636157918971398
RP11-173M1.4	SRR10875856	5.403579537721683
RP11-173M1.4	SRR10875857	1.740079077969616
RP11-173M1.4	SRR10875858	0.9377881010298534
RP11-173M1.4	SRR10875859	1
RP11-173M1.4	SRR10875860	0.6545276114585332
RP11-173M1.4	SRR10875861	3.5495044367256243
RP11-173M1.4	SRR10875862	0.5812567339264432
RP11-173M1.4	SRR10875863	1.0054730022593972
RP11-173M1.4	SRR10875864	3
RP11-173M1.4	SRR10875865	0.8476035815688346
RP11-173M1.4	SRR10875866	0.7440492761888251
RP11-173M1.4	SRR10875867	0.9605953800572812
RP11-173M1.4	SRR10875868	3.0757861167162672
RP11-173M1.4	SRR10875869	3
RP11-173M1.4	SRR10875870	0.6758292860645876
RP11-173M1.4	SRR10875871	1.0001799142310437
RP11-173M1.4	SRR10875872	1.1696686057150718
RP11-173M1.4	SRR10875873	0.8071725731582963
RP11-173M1.4	SRR10875874	0.5864053826148967
RP11-173M1.4	SRR10875875	0.9890039854935406
RP11-173M1.4	SRR10875876	1
RP11-173M1.4	SRR10875877	0.8092683355211371
RP11-173M1.4	SRR10875878	1.0079578989702365
RP11-173M1.4	SRR10875879	1
RP11-173M1.4	SRR10875880	1.0040544375604268
RP11-173M1.4	SRR10875881	0.7814916796958193
RP11-173M1.4	SRR10875882	1
RP11-173M1.4	SRR10875883	1.0064943962475852
RP11-173M1.4	SRR10875884	1.94935532183348
RP11-173M1.4	SRR10875885	2.0038120565269457
RP11-173M1.4	SRR10875886	2.0151290079974404
RP11-173M1.4	SRR10875887	4
RP11-173M1.4	SRR10875888	1.0282669362329202
RP11-173M1.4	SRR10875889	1.002266574999606
RP11-173M1.4	SRR10875890	2.004533149999212
RP11-173M1.4	SRR10875891	8
RP11-173M1.4	SRR10875892	3.9921025390262486
RP11-173M1.4	SRR10875893	7
RP11-173M1.4	SRR10875894	1.5565917710343637
RP11-173M1.4	SRR10875895	6
RP11-173M1.4	SRR10875896	1.01011154427121
RP11-173M1.4	SRR10875897	1.002610457415912
RP11-173M1.4	SRR10875898	9.530324484204709
RP11-173M1.4	SRR10875899	3.6018237266221846
RP11-173M1.4	SRR10875900	3.011447068412061
RP11-173M1.4	SRR10875901	1.0022125639984338
RP11-173M1.4	SRR10875902	4.0185760164658895
RP11-173M1.4	SRR12430469	1
RP11-173M1.4	SRR12430470	0.8522624702009965
RP11-173M1.4	SRR12430471	0.973304284575122
RP11-173M1.4	SRR12430472	4.820054459164903
RP11-173M1.4	SRR12430473	1
RP11-173M1.4	SRR12430474	4.079619617630572
RP11-173M1.4	SRR12430475	3.9165838184168322
RP11-173M1.4	SRR12430476	2
RP11-173M1.4	SRR12765534	8
RP11-173M1.4	SRR12765535	1.0026579014399075
RP11-173M1.4	SRR12765536	1.0046291005525438
RP11-173M1.4	SRR12765537	2.0084766380367456
RP11-173M1.4	SRR12765538	2.0685937119917313
RP11-173M1.4	SRR12765539	2.0628256230102875
RP11-173M1.4	SRR12765540	8.025058295854857
RP11-173M1.4	SRR12765541	2.019407302653588
RP11-173M1.4	SRR12765542	4
RP11-173M1.4	SRR12765543	4.065663258879378
RP11-173M1.4	SRR12765544	1.0116050033991464
RP11-173M1.4	SRR12765545	1.0094671701338622
RP11-173M1.4	SRR12765546	1.0302580085326847
RP11-173M1.4	SRR12765547	4.0324231913367905
RP11-173M1.4	SRR12765548	2.0409191470031653
RP11-173M1.4	SRR12765549	10.076734929427573
RP11-173M1.4	SRR12765550	1.040117424009284
RP11-173M1.4	SRR12765551	4.05540682346871
RP11-173M1.4	SRR12765552	1.0415854347971876
RP11-173M1.4	SRR12765553	4.179150165237792
RP11-173M1.4	SRR12765554	1.0319374576290212
RP11-173M1.4	SRR12765555	1.0207802232545309
RP11-173M1.4	SRR12765556	4.0619971617749515
RP11-173M1.4	SRR12765557	1.0105307135967785
RP11-173M1.4	SRR12765558	1.0516646996103904
RP11-173M1.4	SRR12765559	4.007624113053891
RP11-173M1.4	SRR12765560	1.0193147872805552
RP11-173M1.4	SRR12765561	7.019868057056714
RP11-173M1.4	SRR12765562	1.015740519865274
RP11-173M1.4	SRR12765563	5.036556481010453
RP11-173M1.4	SRR12765564	7.014818431855544
RP11-173M1.4	SRR12765565	7.029865207625161
RP11-173M1.4	SRR12765566	4.028833004487445
RP11-173M1.4	SRR12765567	5.066450515291228
RP11-173M1.4	SRR12765568	1.0104061753780302
RP11-173M1.4	SRR12765569	2.023016083005857
RP11-173M1.4	SRR12765570	1.0071774620660263
RP11-173M1.4	SRR12765571	4.044755031877808
RP11-173M1.4	SRR12765572	7.046399251758502
RP11-173M1.4	SRR12765573	1.0345835410136228
RP11-173M1.4	SRR12765574	7.048717222824739
RP11-173M1.4	SRR12765575	1.0242231235437018
RP11-173M1.4	SRR12765576	1.0249426590876354
RP11-173M1.4	SRR12765577	1.0460059726823405
RP11-173M1.4	SRR12765578	2.0303699917170186
RP11-173M1.4	SRR12765579	4.034199030334316
RP11-173M1.4	SRR12765580	2.0228467209375056
RP11-173M1.4	SRR12765581	4.065056183297934
RP11-173M1.4	SRR12765582	4.004020915033877
RP11-173M1.4	SRR12765583	2.017789258865674
RP11-173M1.4	SRR12765584	2.0250563261035786
RP11-173M1.4	SRR12765585	1.011157847234662
RP11-173M1.4	SRR12765586	2.0106218487473067
RP11-173M1.4	SRR12765587	1.0118330537602769
RP11-173M1.4	SRR12765588	4.027985156412034
RP11-173M1.4	SRR12765589	1.0183753378209024
RP11-173M1.4	SRR12765590	1.0294216534098712
RP11-173M1.4	SRR12765591	1.0281334706568328
RP11-173M1.4	SRR12765592	2.0330735288745174
RP11-173M1.4	SRR12765593	1.0084329455714278
RP11-173M1.4	SRR12765594	1.023275089062988
RP11-173M1.4	SRR12765595	1.012018221172977
RP11-173M1.4	SRR12765596	2.0089265737532043
RP11-173M1.4	SRR12765597	1.0080835603035434
RP11-173M1.4	SRR12765598	2.0144633536090177
RP11-173M1.4	SRR12765599	2.006187222737388
RP11-173M1.4	SRR12765600	2.0861870827233204
RP11-173M1.4	SRR12765601	2.0443244790524675
RP11-173M1.4	SRR12765602	2.017344992799366
RP11-173M1.4	SRR12765603	2.020066334079757
RP11-173M1.4	SRR12765604	1.0081630176909429
RP11-173M1.4	SRR12765605	1.0078157404057295
RP11-173M1.4	SRR12765606	4.053214233825748
RP11-173M1.4	SRR12765607	10.087837478172851
RP11-173M1.4	SRR12765608	1.0088818539791797
RP11-173M1.4	SRR12765609	2.009704462477354
RP11-173M1.4	SRR12765610	12.105167745531947
RP11-173M1.4	SRR12765611	10.055619738776485
RP11-173M1.4	SRR12765612	1.0045616509459838
RP11-173M1.4	SRR12765613	1.006036695926273
RP11-173M1.4	SRR12765614	1.0046747157254012
RP11-173M1.4	SRR12765615	1.00918320935704
RP11-173M1.4	SRR12765616	5.0309159167926065
RP11-173M1.4	SRR12765617	2.0170110032801425
RP11-173M1.4	SRR12765618	1.0235720872907181
RP11-173M1.4	SRR12765619	1.0218888958464731
RP11-173M1.4	SRR12765620	1.0081810702952163
RP11-173M1.4	SRR12765621	1.0026231534549817
RP11-173M1.4	SRR12765622	1.0220255670364495
RP11-173M1.4	SRR12765623	2
RP11-173M1.4	SRR12765624	2.007958946401224
RP11-173M1.4	SRR12765625	1.0083576543049855
RP11-173M1.4	SRR12765626	1.004961221139498
RP11-173M1.4	SRR12765627	4.002159359225385
RP11-173M1.4	SRR12765628	4.166561959664022
RP11-173M1.4	SRR12765629	1.0324836165656877
RP11-173M1.4	SRR12765630	1.001725803535813
RP11-173M1.4	SRR12765631	4.024240632465608
RP11-173M1.4	SRR12765632	5.032925906482567
RP11-173M1.4	SRR12765633	1.0195633163121216
RP11-173M1.4	SRR12765634	1.005465650857193
RP11-173M1.4	SRR12765635	1.0232142122054655
RP11-173M1.4	SRR12765636	4.048878937318542
RP11-173M1.4	SRR12765637	2.0713517411672804
RP11-173M1.4	SRR12765638	1
RP11-173M1.4	SRR12765639	1.0312383739753317
RP11-173M1.4	SRR12765640	2.0101611542319153
RP11-173M1.4	SRR12765641	2.0382203902107037
RP11-173M1.4	SRR12765642	1.002446897019748
RP11-173M1.4	SRR12765643	1.0141700299218512
RP11-173M1.4	SRR12765644	2.0071752619305405
RP11-173M1.4	SRR12765645	1.0289926005960395
RP11-173M1.4	SRR12765646	1.0068290619802291
RP11-173M1.4	SRR12765647	1.0292969953121303
RP11-173M1.4	SRR12765648	2.0238135032925526
RP11-173M1.4	SRR12765649	1.0495385478573618
RP11-173M1.4	SRR12765650	5.091922804795003
RP11-173M1.4	SRR12765651	1.0282802169943726
RP11-173M1.4	SRR12765652	1.0107837488840228
RP11-173M1.4	SRR12774664	2.0106310340307396
RP11-173M1.4	SRR12774665	1.0135566637804032
RP11-173M1.4	SRR12774666	6.06414975042972
RP11-173M1.4	SRR12774667	1.015112987886643
RP11-173M1.4	SRR12774668	1.0534151748540257
RP11-173M1.4	SRR12774669	1.0186226106952725
RP11-173M1.4	SRR12774670	1.0491130199238774
RP11-173M1.4	SRR12774671	5.242327782615814
RP11-173M1.4	SRR12774672	2.0123876875693587
RP11-173M1.4	SRR12774673	1.01435609135224
RP11-173M1.4	SRR12774674	3.0733239137353876
RP11-173M1.4	SRR12774675	1.034652092580572
RP11-173M1.4	SRR12774676	1.0065547698859227
RP11-173M1.4	SRR12774677	3.032927874817577
RP11-173M1.4	SRR12774678	1.0438847092278365
RP11-173M1.4	SRR12774679	1.023414658310555
RP11-173M1.4	SRR12774680	3.0427237572858683
RP11-173M1.4	SRR12774681	5.043650219355795
RP11-173M1.4	SRR12774682	2.0213054236899834
RP11-173M1.4	SRR12774683	2.0142929688542464
RP11-173M1.4	SRR12774684	2.0105777894485675
RP11-173M1.4	SRR12774685	8.0591156977589
RP11-173M1.4	SRR12774686	8.145346670512458
RP11-173M1.4	SRR12774687	1.0294604238537992
RP11-173M1.4	SRR1609360	1.0496124788462589
RP11-173M1.4	SRR1609361	2.0528846368458797
RP11-173M1.4	SRR1609362	1.0685001313413078
RP11-173M1.4	SRR1609363	3.0223016528985567
RP11-173M1.4	SRR1609364	3.0262443198865476
RP11-173M1.4	SRR1609365	3.043901948929315
RP11-173M1.4	SRR1609366	2.0115129852832223
RP11-173M1.4	SRR1609367	2.0054655342432564
RP11-173M1.4	SRR1609368	3.016958908948361
RP11-173M1.4	SRR1609369	3.0026996847142975
RP11-173M1.4	SRR1609370	2.0041725708322518
RP11-173M1.4	SRR1609371	1.0304964007766504
RP11-173M1.4	SRR1609372	3.002475498204921
RP11-173M1.4	SRR1609373	3.0226837664965314
RP11-173M1.4	SRR1609374	1.0026272514823873
RP11-173M1.4	SRR1609375	2.0133296267678964
RP11-173M1.4	SRR1609376	1.01626352655509
RP11-173M1.4	SRR1609377	4.021524366046654
RP11-173M1.4	SRR1609378	3.0533185986037124
RP11-173M1.4	SRR1609379	3.0054936729223156
RP11-173M1.4	SRR1609380	1.0160023979140944
RP11-173M1.4	SRR1609381	4.002879404649015
RP11-173M1.4	SRR1609382	1.0145549576818973
RP11-173M1.4	SRR1609383	2.021053852617162
RP11-173M1.4	SRR1609384	2.019758190428129
RP11-173M1.4	SRR1609385	1.007487455393186
RP11-173M1.4	SRR1609386	2.0135965690314332
RP11-173M1.4	SRR1609387	1.0076068991803102
RP11-173M1.4	SRR1609388	1.0130372052474508
RP11-173M1.4	SRR1609389	3.007606802598107
RP11-173M1.4	SRR1609390	3.0394823607755903
RP11-173M1.4	SRR1609391	1.0643168557255298
RP11-173M1.4	SRR1609392	3.047385405817402
RP11-173M1.4	SRR1609393	1.0451601529901198
RP11-173M1.4	SRR1609394	2.056818672238388
RP11-173M1.4	SRR1609395	4.022492638480282
RP11-173M1.4	SRR1609396	3.0034138485008444
RP11-173M1.4	SRR1609397	1.0149403288090864
RP11-173M1.4	SRR1609398	2.009438036189931
RP11-173M1.4	SRR1609399	3.0116039137052235
RP11-173M1.4	SRR1609400	2.0044382989849914
RP11-173M1.4	SRR1609401	3.032402039567738
RP11-173M1.4	SRR1609402	2.008987985922139
RP11-173M1.4	SRR1609403	3.0097718318505597
RP11-173M1.4	SRR1609404	1.0122155976028022
RP11-173M1.4	SRR1609405	2.0136558382461507
RP11-173M1.4	SRR1609406	2.0081956917187083
RP11-173M1.4	SRR1609407	2.004848518513935
RP11-173M1.4	SRR1609408	2.0157594379383545
RP11-173M1.4	SRR1609409	1.0192836281435407
RP11-173M1.4	SRR1609410	2
RP11-173M1.4	SRR1609411	1.0534817444447622
RP11-173M1.4	SRR1609412	3
RP11-173M1.4	SRR1609413	4.8103800487746176
RP11-173M1.4	SRR1609414	3.004953039106962
RP11-173M1.4	SRR1609415	4.000719656924175
RP11-173M1.4	SRR1609416	3.008157612497553
RP11-173M1.4	SRR1609417	3.020528926269014
RP11-173M1.4	SRR1609418	2.002908118968387
RP11-173M1.4	SRR1609419	3.014718962441202
RP11-173M1.4	SRR1609420	2.0095544146285413
RP11-173M1.4	SRR1609421	6.038959396001876
RP11-173M1.4	SRR1609422	2.034001491598693
RP11-173M1.4	SRR1609423	1.0543133661346646
RP11-173M1.4	SRR1609424	3.2379980349926756
RP11-173M1.4	SRR1609425	3.004953039106962
RP11-173M1.4	SRR1609426	5.023880896612484
RP11-173M1.4	SRR1609427	1.005322867319879
RP11-173M1.4	SRR1609428	3.0261759797069003
RP11-173M1.4	SRR1609429	3.0038720632094233
RP11-173M1.4	SRR1609430	2.0083538468381787
RP11-173M1.4	SRR1609431	3.0227538888357772
RP11-173M1.4	SRR1609432	1.001545611227314
RP11-173M1.4	SRR1609433	1.0084913498862338
RP11-173M1.4	SRR1609434	2.0305682250076837
RP11-173M1.4	SRR1609435	2.0092265868927153
RP11-173M1.4	SRR1609436	3.0098222465533446
RP11-173M1.4	SRR1609437	2.0443256573171875
RP11-173M1.4	SRR1609438	2.065186150523637
RP11-173M1.4	SRR1609439	2.0300877352827724
RP11-173M1.4	SRR1609440	1.0025798089086946
RP11-173M1.4	SRR1609441	3.006799724998818
RP11-173M1.4	SRR1609442	1.0074096441060612
RP11-173M1.4	SRR1609443	2.017831304982502
RP11-173M1.4	SRR1609444	3.001619519419039
RP11-173M1.4	SRR1609445	2.007059021274751
RP11-173M1.4	SRR1609446	2.022858519347924
RP11-173M1.4	SRR1609447	1.2343308859580486
RP11-173M1.4	SRR1609448	1.008885106736826
RP11-173M1.4	SRR1609449	1.0025049546470863
RP11-173M1.4	SRR1609450	2.0041725708322518
RP11-173M1.4	SRR1609451	2.026315634256382
RP11-173M1.4	SRR1609452	1.2640053263343127
RP11-173M1.4	SRR1609453	4.007367354499827
RP11-173M1.4	SRR1609454	2.032799546921487
RP11-173M1.4	SRR1609455	1.252344349611058
RP11-173M1.4	SRR1609456	3.0146870220858872
RP11-173M1.4	SRR1609457	3.0200867603048867
RP11-173M1.4	SRR1609458	1.240929610314354
RP11-173M1.4	SRR1609459	4.015655960491207
RP11-173M1.4	SRR1609460	1.0098989712686044
RP11-173M1.4	SRR1609461	3.0051270737059346
RP11-173M1.4	SRR1609462	1.0037407429361982
RP11-173M1.4	SRR1609463	2.0132087387102136
RP11-173M1.4	SRR1609464	2.022981604849898
RP11-173M1.4	SRR1609465	4.049109938753615
RP11-173M1.4	SRR1609466	2.243285521569091
RP11-173M1.4	SRR1609467	3.0364622246831754
RP11-173M1.4	SRR1609468	5.008629017679065
RP11-173M1.4	SRR1609469	7.001259399617306
RP11-173M1.4	SRR1609470	3.0145566937160306
RP11-173M1.4	SRR1609471	6.012865932949885
RP11-173M1.4	SRR1609472	1.0873653005292128
RP11-173M1.4	SRR1609473	2.116195052996917
RP11-173M1.4	SRR1609474	1.0025925045596629
RP11-173M1.4	SRR1609475	1.0221791170213061
RP11-173M1.4	SRR1609476	3.8097746849842786
RP11-173M1.4	SRR1609477	4.022915962184543
RP11-173M1.4	SRR1609478	1.0232796925205707
RP11-173M1.4	SRR1609479	1.0106476593347347
RP11-173M1.4	SRR1609480	3
RP11-173M1.4	SRR1609481	3.0318654524893187
RP11-173M1.4	SRR1609482	3.011130179632835
RP11-173M1.4	SRR1609483	2.0092265868927153
RP11-173M1.4	SRR1609484	1.0080701805983117
RP11-173M1.4	SRR1609485	4.003599579619063
RP11-173M1.4	SRR1609486	3.0098222465533446
RP11-173M1.4	SRR1609487	3.011988870595703
RP11-173M1.4	SRR1609488	4.005760882040813
RP11-173M1.4	SRR1609489	1.0022191494924957
RP11-173M1.4	SRR1609490	3.050532141108976
RP11-173M1.4	SRR1609491	3.010762892895811
RP11-173M1.4	SRR1609492	1
RP11-173M1.4	SRR1609493	1.0045689957386463
RP11-173M1.4	SRR1609494	3.0179427967635273
RP11-173M1.4	SRR1609495	2.004533149999212
RP11-173M1.4	SRR1609496	7.006299264333361
RP11-173M1.4	SRR1609497	4.003599579619063
RP11-173M1.4	SRR1609498	1.000359860831218
RP11-173M1.4	SRR1609499	2.004233837673013
RP11-173M1.4	SRR1609500	5.008629017679065
RP11-173M1.4	SRR1609501	3.0038720632094233
RP11-173M1.4	SRR1609502	2.0262471595366387
RP11-173M1.4	SRR1609503	1.2577312251671255
RP11-173M1.4	SRR1609504	3
RP11-173M1.4	SRR1609505	5
RP11-173M1.4	SRR1609506	2.039993973403794
RP11-173M1.4	SRR1609507	2.0123320700636342
RP11-173M1.4	SRR1609508	1.0005398398063463
RP11-173M1.4	SRR1609509	2.0128443995223138
RP11-173M1.4	SRR1609510	2.0113964934187734
RP11-173M1.4	SRR1609511	3.1125572493964997
RP11-173M1.4	SRR1609512	3.010181237757696
RP11-173M1.4	SRR1609513	2.0065210238136952
RP11-173M1.4	SRR1609514	1.049805218598925
RP11-173M1.4	SRR1609515	3.005942513414733
RP11-173M1.4	SRR1609516	2.0084087661452323
RP11-173M1.4	SRR1609517	2.0460511826300447
RP11-173M1.4	SRR1609518	3.004861181572238
RP11-173M1.4	SRR1609519	3.0051774106074394
RP11-173M1.4	SRR1609520	1.0793712363413515
RP11-173M1.4	SRR1609521	3.005035210851197
RP11-173M1.4	SRR1609522	3.0734164410134692
RP11-173M1.4	SRR1609523	5.023970188372721
RP11-173M1.4	SRR1609524	1.0169007391409333
RP11-173M1.4	SRR1609525	2.0110961562737604
RP11-173M1.4	SRR1609526	2.04137445195795
RP11-173M1.4	SRR1609527	3
RP11-173M1.4	SRR1609528	1.0089020059058134
RP11-173M1.4	SRR1609529	1.026161768287664
RP11-173M1.4	SRR1609530	4.019571597785343
RP11-173M1.4	SRR1609531	1.0038422727480136
RP11-173M1.4	SRR1609532	5.0369104840283905
RP11-173M1.4	SRR1609533	1.0388210508926796
RP11-173M1.4	SRR1609534	3.0039542053939035
RP11-173M1.4	SRR1609535	1.0447999386373616
RP11-173M1.4	SRR1609536	4.044741991138313
RP11-173M1.4	SRR1609537	2.007754125968094
RP11-173M1.4	SRR1609538	3
RP11-173M1.4	SRR1609539	3.0187234879683995
RP11-173M1.4	SRR1609540	3
RP11-173M1.4	SRR1609541	1.1005986779971142
RP11-173M1.4	SRR1609542	3.0071161580446812
RP11-173M1.4	SRR1609543	1.0020862854161259
RP11-173M1.4	SRR1609544	3.0178121363994843
RP11-173M1.4	SRR1609545	16.84951139695944
RP11-173M1.4	SRR1609546	6
RP11-173M1.4	SRR1609547	3.015651237388138
RP11-173M1.4	SRR1609548	1.0184861532197387
RP11-173M1.4	SRR1609549	1.0108592213002114
RP11-173M1.4	SRR1609550	3
RP11-173M1.4	SRR1609551	4.046974109120113
RP11-173M1.4	SRR1609552	1.0045689957386463
RP11-173M1.4	SRR1609553	1.0026579014399075
RP11-173M1.4	SRR1609554	2.0184283376847767
RP11-173M1.4	SRR1609555	1.0035601881766363
RP11-173M1.4	SRR1609556	1.0226028348590848
RP11-173M1.4	SRR1609557	2.0126886473483316
RP11-173M1.4	SRR1609558	4.017363064353455
RP11-173M1.4	SRR1609559	1.0429313075146665
RP11-173M1.4	SRR1609560	2.014840515512933
RP11-173M1.4	SRR1609561	3.0078313722477366
RP11-173M1.4	SRR1609562	2.0020104575169384
RP11-173M1.4	SRR1609563	6.026863005759376
RP11-173M1.4	SRR1609564	3.0028735888081926
RP11-173M1.4	SRR1609565	2.0509955686917856
RP11-173M1.4	SRR1609566	1.0033796658956018
RP11-173M1.4	SRR1609567	1.258890072207468
RP11-173M1.4	SRR1609568	3
RP11-173M1.4	SRR1609569	4
RP11-173M1.4	SRR1609570	1.0181071207811365
RP11-173M1.4	SRR1609571	2.049103289362951
RP11-173M1.4	SRR1609572	3.0406004348256834
RP11-173M1.4	SRR1609573	1.020175146030604
RP11-173M1.4	SRR1609574	1.0052445672264152
RP11-173M1.4	SRR1609575	1.0736998596975067
RP11-173M1.4	SRR1609576	2.008053964014226
RP11-173M1.4	SRR1609577	1.0042350812424865
RP11-173M1.4	SRR1609578	4.0071352776014555
RP11-173M1.4	SRR1609579	2.0136581239604583
RP11-173M1.4	SRR1609580	1.0077765856207708
RP11-173M1.4	SRR1609581	1.0421710305067429
RP11-173M1.4	SRR1609582	1.008446585812273
RP11-173M1.4	SRR1609583	1.0362453520104524
RP11-173M1.4	SRR1609584	1.0020695004108646
RP11-173M1.4	SRR1609585	1.0008998949047658
RP11-173M1.4	SRR1609586	2.1572497533725854
RP11-173M1.4	SRR1609587	1.012248840177597
RP11-173M1.4	SRR1609588	3.0420736230329055
RP11-173M1.4	SRR1609589	3.0079737043197223
RP11-173M1.4	SRR1609590	3.001079582493654
RP11-173M1.4	SRR1609591	3.0098222465533446
RP11-173M1.4	SRR1609592	3.0207874404662203
RP11-173M1.4	SRR1609593	3.0167684142179425
RP11-173M1.4	SRR1609594	2.0512963439221767
RP11-173M1.4	SRR1609595	1.0250719923527887
RP11-173M1.4	SRR1609596	3.0078817544471623
RP11-173M1.4	SRR1609597	3.0127052437274595
RP11-173M1.4	SRR1609598	2.055905641646882
RP11-173M1.4	SRR1609599	1.0215262413064172
RP11-173M1.4	SRR1609600	3.093858339973584
RP11-173M1.4	SRR1609601	1.0283735803533551
RP11-173M1.4	SRR1609602	1.1633952247111359
RP11-173M1.4	SRR1609603	2
RP11-173M1.4	SRR1609604	2.014204529072105
RP11-173M1.4	SRR1609605	3.0232559466872915
RP11-173M1.4	SRR1609606	1.016340160710226
RP11-173M1.4	SRR1609607	2.0101339648074408
RP11-173M1.4	SRR1609608	3.061978815207422
RP11-173M1.4	SRR1609609	2.0664129998227456
RP11-173M1.4	SRR1609610	5
RP11-173M1.4	SRR1609611	1.0173971986878916
RP11-173M1.4	SRR1609612	3.0070242343862037
RP11-173M1.4	SRR1609613	3.0026996847142975
RP11-173M1.4	SRR1609614	1.0118849169807895
RP11-173M1.4	SRR1609615	1.0031991760872525
RP11-173M1.4	SRR1609616	3
RP11-173M1.4	SRR1609617	2
RP11-173M1.4	SRR1609618	3.009689530584911
RP11-173M1.4	SRR1609619	1.0036625660673133
RP11-173M1.4	SRR1609620	1.0128377161891344
RP11-173M1.4	SRR1609621	1.00876204659104
RP11-173M1.4	SRR1609622	3.1191621773383544
RP11-173M1.4	SRR1609623	1.0194149042912743
RP11-173M1.4	SRR1609624	1.2336696420287332
RP11-173M1.4	SRR1609625	4.0064815754296506
RP11-173M1.4	SRR1609626	2.015915797940473
RP11-173M1.4	SRR1609627	2.0111576347660587
RP11-173M1.4	SRR1609628	5.009599368372469
RP11-173M1.4	SRR1609629	1.016628015095451
RP11-173M1.4	SRR1609630	3.0085148815957345
RP11-173M1.4	SRR1609631	1
RP11-173M1.4	SRR1609632	5
RP11-173M1.4	SRR1609633	1.0036658019973412
RP11-173M1.4	SRR1609634	2.0168042381565296
RP11-173M1.4	SRR1609635	1.0252958338928058
RP11-173M1.4	SRR1609636	1.0340317261405663
RP11-173M1.4	SRR1609637	1.004139785441317
RP11-173M1.4	SRR1609638	2.0499900982434935
RP11-173M1.4	SRR1609639	3.0167684142179425
RP11-173M1.4	SRR1609640	2.0003598284620874
RP11-173M1.4	SRR1609641	1.0002851723145936
RP11-173M1.4	SRR1609642	3
RP11-173M1.4	SRR1609643	1.0122774846884037
RP11-173M1.4	SRR1609644	3.0032399131191276
RP11-173M1.4	SRR1609645	3.009689530584911
RP11-173M1.4	SRR1609646	3.0071983889403415
RP11-173M1.4	SRR1609647	3.063894891424652
RP11-173M1.4	SRR1609648	3.0109679132660636
RP11-173M1.4	SRR1609649	1.0083470307786628
RP11-173M1.4	SRR1609650	2.0150460588619605
RP11-173M1.4	SRR1609651	2.006909170938941
RP11-173M1.4	SRR1609652	3.0108133241992054
RP11-173M1.4	SRR1609653	1.0511387444381015
RP11-173M1.4	SRR1609654	1.0351447830852243
RP11-173M1.4	SRR1609655	4.027520046645734
RP11-173M1.4	SRR1609656	1.0146617285827944
RP11-173M1.4	SRR1609657	1.0132706137894723
RP11-173M1.4	SRR1609658	1.0203628410233592
RP11-173M1.4	SRR1609659	1.0080669304680778
RP11-173M1.4	SRR1609660	3.0118463485330484
RP11-173M1.4	SRR1609661	1.0014848874183715
RP11-173M1.4	SRR1609662	3.0141570542848966
RP11-173M1.4	SRR1609663	2.005337049032
RP11-173M1.4	SRR1609664	3.02206714450476
RP11-173M1.4	SRR1609665	3
RP11-173M1.4	SRR1609666	1.0168930220669719
RP11-173M1.4	SRR1609667	1.0029880577585075
RP11-173M1.4	SRR1609668	1.126374524616663
RP11-173M1.4	SRR1609669	2.039516973059733
RP11-173M1.4	SRR1746771	3.491254413380684
RP11-173M1.4	SRR1746772	1.768546687827825
RP11-173M1.4	SRR1746773	0.764442612521828
RP11-173M1.4	SRR1746774	1.073097681619899
RP11-173M1.4	SRR1746775	1.414879324411874
RP11-173M1.4	SRR1746776	0.8231696533064237
RP11-173M1.4	SRR1746777	3.602133954432473
RP11-173M1.4	SRR1746778	2.7004666312469494
RP11-173M1.4	SRR1746779	1.1953147350110498
RP11-173M1.4	SRR1746780	2.6477311043916525
RP11-173M1.4	SRR1746781	2.2119607150315863
RP11-173M1.4	SRR1746782	1.0045689957386463
RP11-173M1.4	SRR1746783	4
RP11-173M1.4	SRR1746784	1
RP11-173M1.4	SRR1782685	1.0163701315430376
RP11-173M1.4	SRR1782686	3.073555520351902
RP11-173M1.4	SRR1782687	1.0124456809155273
RP11-173M1.4	SRR1782688	1.0169436235163218
RP11-173M1.4	SRR1782689	1.0182289169689787
RP11-173M1.4	SRR1782690	3.062844591478176
RP11-173M1.4	SRR1782691	3.0054017988611132
RP11-173M1.4	SRR1782692	2.0167930657607016
RP11-173M1.4	SRR1782693	2.018311227118144
RP11-173M1.4	SRR1782694	1.0162846397295895
RP11-173M1.4	SRR1782695	4.002879404649015
RP11-173M1.4	SRR1782696	2.0068142074955513
RP11-173M1.4	SRR1782697	1.008894629432837
RP11-173M1.4	SRR1782698	2.004233837673013
RP11-173M1.4	SRR1782699	1.0249781804088034
RP11-173M1.4	SRR1782700	3.0232800917616607
RP11-173M1.4	SRR1782701	2.01275564458202
RP11-173M1.4	SRR1782702	1.0108389703070961
RP11-173M1.4	SRR1782703	3.0118463485330484
RP11-173M1.4	SRR1782704	1.0159997238820426
RP11-173M1.4	SRR1782705	2.049255843341046
RP11-173M1.4	SRR1782706	1.0025798089086946
RP11-173M1.4	SRR1782707	1.0038986591209549
RP11-173M1.4	SRR1782708	1.0538021486811544
RP11-173M1.4	SRR1782709	3.15040858107456
RP11-173M1.4	SRR1782710	3
RP11-173M1.4	SRR1782711	2.023296883655753
RP11-173M1.4	SRR1782712	1.0121272073678107
RP11-173M1.4	SRR1782713	1.0221907801445005
RP11-173M1.4	SRR1782714	1.0873263978153305
RP11-173M1.4	SRR1782715	3.007514863941259
RP11-173M1.4	SRR1782716	2.030325511347866
RP11-173M1.4	SRR1782717	3.002475498204921
RP11-173M1.4	SRR1782718	3.0440684248435974
RP11-173M1.4	SRR1782719	1.0074140567609242
RP11-173M1.4	SRR1782720	3.0533358327463027
RP11-173M1.4	SRR1782721	2.243518701985581
RP11-173M1.4	SRR1782722	3.0026996847142975
RP11-173M1.4	SRR1782723	2.004533149999212
RP11-173M1.4	SRR1782724	2.023148159880542
RP11-173M1.4	SRR1782725	1.0690992721583623
RP11-173M1.4	SRR1782726	1.00768154067403
RP11-173M1.4	SRR1782727	1
RP11-173M1.4	SRR1782728	1.0306785213210727
RP11-173M1.4	SRR1782729	4.7735525703746475
RP11-173M1.4	SRR1782730	3.0043206615306097
RP11-173M1.4	SRR1782731	2.065800769360774
RP11-173M1.4	SRR1782732	3.2392323311941764
RP11-173M1.4	SRR1782733	1.0099265873940113
RP11-173M1.4	SRR1782734	2.0126858077224936
RP11-173M1.4	SRR1782735	2.0094043779825483
RP11-173M1.4	SRR1782736	1.01871989576969
RP11-173M1.4	SRR1782737	4.0067136144682625
RP11-173M1.4	SRR1782738	1.049900494318433
RP11-173M1.4	SRR1782739	2.0210434966121062
RP11-173M1.4	SRR1782740	1.01204669428906
RP11-173M1.4	SRR1782741	1.0546801002769515
RP11-173M1.4	SRR1782742	3
RP11-173M1.4	SRR1782743	2.004084198270068
RP11-173M1.4	SRR1782744	1.0050596339700848
RP11-173M1.4	SRR1782745	4.049370814466385
RP11-173M1.4	SRR1782746	1.0203040710648652
RP11-173M1.4	SRR1782747	3.0228606890768277
RP11-173M1.4	SRR1782748	1.015029947158002
RP11-173M1.4	SRR1782749	1.013076264249149
RP11-173M1.4	SRR1782750	3.0042267201507307
RP11-173M1.4	SRR1782751	3.0476864578114315
RP11-173M1.4	SRR1782752	2.013719680771195
RP11-173M1.4	SRR1782753	1.001063202890274
RP11-173M1.4	SRR1782754	1.0085680787439217
RP11-173M1.4	SRR1782755	3.008280561852223
RP11-173M1.4	SRR1782756	1.0456381683839602
RP11-173M1.4	SRR1782757	1.0014708341806098
RP11-173M1.4	SRR1782758	3.0054017988611132
RP11-173M1.4	SRR1782759	4.0178961507305635
RP11-173M1.4	SRR1782760	1.0145475398780028
RP11-173M1.4	SRR1782761	1.1238501762695376
RP11-173M1.4	SRR1782762	1.0649255307900556
RP11-173M1.4	SRR1782763	3.016593705439151
RP11-173M1.4	SRR1782764	3.0036477891683355
RP11-173M1.4	SRR1782765	3.009914255746056
RP11-173M1.4	SRR1782766	3.032548151973155
RP11-173M1.4	SRR1782767	2.019872831445535
RP11-173M1.4	SRR1782768	2.013333313328857
RP11-173M1.4	SRR1782769	3.026161568185886
RP11-173M1.4	SRR1782770	2.0094847717658997
RP11-173M1.4	SRR1782771	2.0136584924325094
RP11-173M1.4	SRR1782772	4.021862603428772
RP11-173M1.4	SRR1782773	2.0088315148498306
RP11-173M1.4	SRR1782774	1.0025523936786382
RP11-173M1.4	SRR1782775	1.0203057202994605
RP11-173M1.4	SRR1782776	1.0152330951494304
RP11-173M1.4	SRR1782777	4.000719656924175
RP11-173M1.4	SRR1782778	5.009293099084028
RP11-173M1.4	SRR1782779	1.0284290516569456
RP11-173M1.4	SRR1782780	2.0262940374308873
RP11-173M1.4	SRR1782781	1.0353590447332954
RP11-173M1.4	SRR1782782	2.041712884159413
RP11-173M1.4	SRR1782783	3.0193057165355195
RP11-173M1.4	SRR1782784	3.0102717334750446
RP11-173M1.4	SRR1782785	3.0032399131191276
RP11-173M1.4	SRR1782786	1.0254091193769634
RP11-173M1.4	SRR1782787	3
RP11-173M1.4	SRR1782788	3.0113966264934127
RP11-173M1.4	SRR1782789	1.0173768425012382
RP11-173M1.4	SRR1782790	3.017035359990827
RP11-173M1.4	SRR1782791	3.0180494270185942
RP11-173M1.4	SRR1782792	2.0138432300412137
RP11-173M1.4	SRR1782793	3.112546166088794
RP11-173M1.4	SRR1782794	2.0138422101994133
RP11-173M1.4	SRR1782795	1.0214531830775024
RP11-173M1.4	SRR1782796	1.0800775530816074
RP11-173M1.4	SRR1782797	2.0514086787522423
RP11-173M1.4	SRR1782798	1.0196936687232063
RP11-173M1.4	SRR1782799	3.004861181572238
RP11-173M1.4	SRR1782800	4.007202398481485
RP11-173M1.4	SRR1782801	2.011246319240141
RP11-173M1.4	SRR1782802	3.0223940435822696
RP11-173M1.4	SRR1782803	3.011130179632835
RP11-173M1.4	SRR1782804	2.0055046880068934
RP11-173M1.4	SRR1782805	3.0054017988611132
RP11-173M1.4	SRR1782806	1.002719204165851
RP11-173M1.4	SRR1782807	1.0356994706753837
RP11-173M1.4	SRR1782808	2.053654041657056
RP11-173M1.4	SRR1782809	2.02750545811977
RP11-173M1.4	SRR1782810	1.0169339604032894
RP11-173M1.4	SRR1782811	2.006303412902169
RP11-173M1.4	SRR1782812	1.012847572848198
RP11-173M1.4	SRR1782813	3.0189497718965623
RP11-173M1.4	SRR1782814	2.026352038565991
RP11-173M1.4	SRR1782815	1.062495840870562
RP11-173M1.4	SRR1782816	3.001619519419039
RP11-173M1.4	SRR1782817	3.0107725999610953
RP11-173M1.4	SRR1782818	3.0422086580566448
RP11-173M1.4	SRR1782819	2.0561332195727338
RP11-173M1.4	SRR1782820	1.0360618097617436
RP11-173M1.4	SRR1782821	2.0054655342432564
RP11-173M1.4	SRR1782822	1.008031995028529
RP11-173M1.4	SRR1782823	3.011631188952141
RP11-173M1.4	SRR1782824	4.023038941290851
RP11-173M1.4	SRR1782825	3.0175461969396196
RP11-173M1.4	SRR1782826	3.020855658956402
RP11-173M1.4	SRR1782827	3.0406978011147663
RP11-173M1.4	SRR1782828	2
RP11-173M1.4	SRR1782829	3
RP11-173M1.4	SRR1782830	3.1184780175944566
RP11-173M1.4	SRR1782831	1.0739194225513655
RP11-173M1.4	SRR1782832	2.0658368784194034
RP11-173M1.4	SRR1782833	1.0233328160231223
RP11-173M1.4	SRR1782834	7.001259399617306
RP11-173M1.4	SRR1782835	1.115615765911128
RP11-173M1.4	SRR1782836	2.2262785420240943
RP11-173M1.4	SRR1782837	1.0281334706568328
RP11-173M1.4	SRR1782838	1.0134017576581857
RP11-173M1.4	SRR1782839	2.028484970282542
RP11-173M1.4	SRR1782840	1.0085859860123885
RP11-173M1.4	SRR1782841	2.0305365603160794
RP11-173M1.4	SRR1782842	3
RP11-173M1.4	SRR1782843	2.0497786207567628
RP11-173M1.4	SRR1782844	1.0002851723145936
RP11-173M1.4	SRR1782845	1.0191934424402136
RP11-173M1.4	SRR1782846	2.0112014893236463
RP11-173M1.4	SRR1782847	1.2341754014728283
RP11-173M1.4	SRR1782848	1.2339624247168026
RP11-173M1.4	SRR1782849	1.2407817669595906
RP11-173M1.4	SRR1782850	1.2523904174212142
RP11-173M1.4	SRR1782851	1.2640085575608608
RP11-173M1.4	SRR1782852	1.264344673893091
RP11-173M1.4	SRR1782853	1.2591344565382891
RP11-173M1.4	SRR1782854	1.0032740821844481
RP11-173M1.4	SRR1782855	3.007236469042094
RP11-173M1.4	SRR1782856	3.016032510165279
RP11-173M1.4	SRR1782857	1.0072254172113015
RP11-173M1.4	SRR1782858	3.0032399131191276
RP11-173M1.4	SRR1782859	3.004861181572238
RP11-173M1.4	SRR1782860	3.006799724998818
RP11-173M1.4	SRR1782861	4.007485225341474
RP11-173M1.4	SRR1782862	2.009438036189931
RP11-173M1.4	SRR1782863	1.0026579014399075
RP11-173M1.4	SRR1782864	3.039649485264742
RP11-173M1.4	SRR1782865	2.0085652042889737
RP11-173M1.4	SRR1782866	2.007059021274751
RP11-173M1.4	SRR1782867	2.0341090098161065
RP11-173M1.4	SRR1782868	1.0036658019973412
RP11-173M1.4	SRR1782869	3.0105381043740165
RP11-173M1.4	SRR1782870	1.0025049546470863
RP11-173M1.4	SRR1782871	1.0053810915116634
RP11-173M1.4	SRR1782872	3.0083375949121414
RP11-173M1.4	SRR1782873	5.023357382712616
RP11-173M1.4	SRR1782874	6.039014607372384
RP11-173M1.4	SRR1782875	3.015559052823305
RP11-173M1.4	SRR1782876	3.0119481304571614
RP11-173M1.4	SRR1782877	2.0068478223166966
RP11-173M1.4	SRR1782878	2.016113090897441
RP11-173M1.4	SRR1782879	1.014806463283347
RP11-173M1.4	SRR1782880	2.0084766380367456
RP11-173M1.4	SRR1782881	1.0041769234190894
RP11-173M1.4	SRR1782882	3.010588531912127
RP11-173M1.4	SRR1782883	3.0054936729223156
RP11-173M1.4	SRR1782884	2.0014397023245074
RP11-173M1.4	SRR1782885	2
RP11-173M1.4	SRR1782886	2.0111429304143402
RP11-173M1.4	SRR1782887	2.0018609841152224
RP11-173M1.4	SRR1782888	3.0098541353667723
RP11-173M1.4	SRR1782889	1.0043575891380983
RP11-173M1.4	SRR1782890	1.001545611227314
RP11-173M1.4	SRR1782891	3.002159553486761
RP11-173M1.4	SRR1782892	5.009293099084028
RP11-173M1.4	SRR1782893	2.0078426603602617
RP11-173M1.4	SRR1782894	4.046372464665467
RP11-173M1.4	SRR1782895	1.0037100598776116
RP11-173M1.4	SRR1782896	1.0021611084168651
RP11-173M1.4	SRR1782897	1.0028076383933613
RP11-173M1.4	SRR1782898	3.006799724998818
RP11-173M1.4	SRR1782899	2.007586041594286
RP11-173M1.4	SRR1782900	7.007559797277965
RP11-173M1.4	SRR1782901	4.004020915033877
RP11-173M1.4	SRR1782902	5
RP11-173M1.4	SRR1782903	3.007657181035915
RP11-173M1.4	SRR1782904	3
RP11-173M1.4	SRR1782905	6.012701513019038
RP11-173M1.4	SRR1782906	2.0128443995223138
RP11-173M1.4	SRR1782907	3.0147234207710762
RP11-173M1.4	SRR1782908	2.006187222737388
RP11-173M1.4	SRR1782909	3.0103637564084114
RP11-173M1.4	SRR1782910	3
RP11-173M1.4	SRR1782911	3.0211220815356343
RP11-173M1.4	SRR1782912	3.8140801992996827
RP11-173M1.4	SRR1782913	3
RP11-173M1.4	SRR1782914	3.008422915180084
RP11-173M1.4	SRR1782915	4
RP11-173M1.4	SRR1782916	3.032608725654435
RP11-173M1.4	SRR1782917	3.0097179385357227
RP11-173M1.4	SRR1782918	3.0032399131191276
RP11-173M1.4	SRR1782919	2
RP11-173M1.4	SRR1782920	4.004319884158837
RP11-173M1.4	SRR1782921	2.0041725708322518
RP11-173M1.4	SRR1782922	1.1868611598736958
RP11-173M1.4	SRR1782923	1.0056388977969737
RP11-173M1.4	SRR1782924	2.0103727018822033
RP11-173M1.4	SRR1782925	3.010658552279269
RP11-173M1.4	SRR1782926	3.022302538107057
RP11-173M1.4	SRR1782927	1.002913173016367
RP11-173M1.4	SRR1782928	1.0072973762876458
RP11-173M1.4	SRR1782929	4.035087134088603
RP11-173M1.4	SRR1782930	2.005881196224182
RP11-173M1.4	SRR1782931	2.0054655342432564
RP11-173M1.4	SRR1782932	3.0112541324547166
RP11-173M1.4	SRR1782933	1.0653997108487636
RP11-173M1.4	SRR1782934	2.011881371624216
RP11-173M1.4	SRR1782935	3.0136565074435158
RP11-173M1.4	SRR1782936	1.0259722498988069
RP11-173M1.4	SRR1782937	1.0079641033133233
RP11-173M1.4	SRR1782938	1.258100037900621
RP11-173M1.4	SRR1782939	5.0239554620116005
RP11-173M1.4	SRR1782940	3.008015914005921
RP11-173M1.4	SRR1782941	1.0079259217617345
RP11-173M1.4	SRR1782942	3.012080946021339
RP11-173M1.4	SRR1782943	1.0047190180949654
RP11-173M1.4	SRR1782944	3.0039542053939035
RP11-173M1.4	SRR1782945	1.0053810915116634
RP11-173M1.4	SRR1782946	1.0021611084168651
RP11-173M1.4	SRR1782947	1.0021443221583142
RP11-173M1.4	SRR1782948	3
RP11-173M1.4	SRR1782949	3.007565240839063
RP11-173M1.4	SRR1782950	3
RP11-173M1.4	SRR1782951	2.00672571845228
RP11-173M1.4	SRR1782952	17.394114514903112
RP11-173M1.4	SRR1782953	3.0057180847904186
RP11-173M1.4	SRR1782954	1.1264165338665522
RP11-173M1.4	SRR1782955	1.0342541231867062
RP11-173M1.4	SRR1782956	2.0305682250076837
RP11-173M1.4	SRR1782957	2.0395718398918645
RP11-173M1.4	SRR1782958	3.0166442344106406
RP11-173M1.4	SRR1782959	2.117183079014178
RP11-173M1.4	SRR1782960	5
RP11-173M1.4	SRR1782961	3.0109679132660636
RP11-173M1.4	SRR1782962	3.0223016528985567
RP11-173M1.4	SRR1782963	4.027917687419565
RP11-173M1.4	SRR1782964	3.00125339275785
RP11-173M1.4	SRR1782965	1.0031517064510844
RP11-173M1.4	SRR1782966	2
RP11-173M1.4	SRR1782967	2.0082652899056073
RP11-173M1.4	SRR1782968	3.0032399131191276
RP11-173M1.4	SRR1782969	1.0124368080984334
RP11-173M1.4	SRR1782970	1.0128272820215503
RP11-173M1.4	SRR1782971	1.0171304455441843
RP11-173M1.4	SRR1782972	4.022917140465143
RP11-173M1.4	SRR1782973	1.0517459917633214
RP11-173M1.4	SRR1782974	3
RP11-173M1.4	SRR1782975	1.0401318016702708
RP11-173M1.4	SRR1782976	1.009948283487657
RP11-173M1.4	SRR1782977	2.000719721662436
RP11-173M1.4	SRR1782978	1.0169714322808001
RP11-173M1.4	SRR1782979	1.0085358205549844
RP11-173M1.4	SRR1782980	5.00891909700182
RP11-173M1.4	SRR1782981	1.0125043176315647
RP11-173M1.4	SRR1782982	2.011731161243777
RP11-173M1.4	SRR1782983	3.003015686275408
RP11-173M1.4	SRR1782984	3.001079582493654
RP11-173M1.4	SRR1782985	1.0068675867150407
RP11-173M1.4	SRR1782986	4.012251792368335
RP11-173M1.4	SRR1782987	3.0038720632094233
RP11-173M1.4	SRR1782988	5
RP11-173M1.4	SRR1782989	1.0436400210748342
RP11-173M1.4	SRR1782990	2.027951277528211
RP11-173M1.4	SRR1782991	1.004207620749528
RP11-173M1.4	SRR1782992	2.004893794039496
RP11-173M1.4	SRR1782993	3.064347590520348
RP11-173M1.4	SRR1782994	3
RP11-173M1.4	SRR1782995	1.0084913498862338
RP11-173M1.4	SRR1782996	1
RP11-173M1.4	SRR1782997	6.027128767710002
RP11-173M1.4	SRR1782998	1.0037100598776116
RP11-173M1.4	SRR1782999	1.022088986019526
RP11-173M1.4	SRR1783000	4.015834211995
RP11-173M1.4	SRR1783001	1.0169288929732232
RP11-173M1.4	SRR1783002	2.114614146023621
RP11-173M1.4	SRR1783003	3
RP11-173M1.4	SRR1783004	3.0138873016576317
RP11-173M1.4	SRR1783005	2.03258367201123
RP11-173M1.4	SRR1783006	3.073055017358216
RP11-173M1.4	SRR1813867	1.0510786620096826
RP11-173M1.4	SRR1813868	1.0200170572585177
RP11-173M1.4	SRR1813869	1.0105861980877333
RP11-173M1.4	SRR1813870	5.673863216933896
RP11-173M1.4	SRR1813871	1.6933478270657671
RP11-173M1.4	SRR1813872	0.838985280713538
RP11-173M1.4	SRR1813873	3.973023687629227
RP11-173M1.4	SRR1813874	1.01090379638317
RP11-173M1.4	SRR1813875	1
RP11-173M1.4	SRR1813876	1.0053946904725954
RP11-173M1.4	SRR1813877	1.630714346853903
RP11-173M1.4	SRR1813878	2.0014397023245074
RP11-173M1.4	SRR1813879	1
RP11-173M1.4	SRR1813880	1
RP11-173M1.4	SRR1813881	1.021262493620424
RP11-173M1.4	SRR1813882	1.9640773122664268
RP11-173M1.4	SRR1813883	3.0026493893148496
RP11-173M1.4	SRR1813884	1.0137080283552693
RP11-173M1.4	SRR1813885	1
RP11-173M1.4	SRR1813886	4.005040318291648
RP11-173M1.4	SRR1813887	1.0111685603669651
RP11-173M1.4	SRR1928188	2.016351628762266
RP11-173M1.4	SRR1928189	1.0072973762876458
RP11-173M1.4	SRR1928190	4.035035176920614
RP11-173M1.4	SRR1928191	4.0449857960016
RP11-173M1.4	SRR1928192	2.025614103381985
RP11-173M1.4	SRR1928193	1.0152152136193056
RP11-173M1.4	SRR2046996	2.017078144393954
RP11-173M1.4	SRR2046997	2.0219781127089704
RP11-173M1.4	SRR2046998	1.0200140719986568
RP11-173M1.4	SRR2046999	1.0076015069974786
RP11-173M1.4	SRR2047000	1.0105504932171951
RP11-173M1.4	SRR2047001	2.018606724764562
RP11-173M1.4	SRR2047002	1.0186478082828578
RP11-173M1.4	SRR2047003	1.023518185444259
RP11-173M1.4	SRR2047004	8.062603992175545
RP11-173M1.4	SRR2047005	3.024108345490572
RP11-173M1.4	SRR2047006	1.0150270823281453
RP11-173M1.4	SRR2047007	1.0260812180778769
RP11-173M1.4	SRR2047008	5.062075141432885
RP11-173M1.4	SRR2047009	1.0183672447201313
RP11-173M1.4	SRR2313973	1.0129896589757252
RP11-173M1.4	SRR2313974	3.0228748254794535
RP11-173M1.4	SRR2313975	1.0104444508848685
RP11-173M1.4	SRR2313976	1.0149132606524793
RP11-173M1.4	SRR2313977	6.05257050679571
RP11-173M1.4	SRR2313978	1.0271359063427055
RP11-173M1.4	SRR2313979	1.0105196019933347
RP11-173M1.4	SRR2313980	6.035358518714873
RP11-173M1.4	SRR2313981	3.0108010181348157
RP11-173M1.4	SRR2313982	3.0401097136580275
RP11-173M1.4	SRR2313983	1.0170847179728304
RP11-173M1.4	SRR2313984	6.032838013556383
RP11-173M1.4	SRR2313985	1.019556072755473
RP11-173M1.4	SRR2313986	3.0187652039240587
RP11-173M1.4	SRR2313987	8.027004518342888
RP11-173M1.4	SRR2313988	4.0365678549116915
RP11-173M1.4	SRR2313989	1.010807774207177
RP11-173M1.4	SRR2313990	1.0158151880323143
RP11-173M1.4	SRR2313991	1.0168515419605484
RP11-173M1.4	SRR2313992	1.015373075829736
RP11-173M1.4	SRR2313993	4.042023734851553
RP11-173M1.4	SRR2313994	1.0221592337096574
RP11-173M1.4	SRR2313995	1.0042826021444868
RP11-173M1.4	SRR2313996	1.004538287361441
RP11-173M1.4	SRR2313997	1.0122808125437386
RP11-173M1.4	SRR2313998	1.0248492994103025
RP11-173M1.4	SRR2313999	1.0094294474234875
RP11-173M1.4	SRR2314000	1.0087270870616352
RP11-173M1.4	SRR2314001	1.0141174746934551
RP11-173M1.4	SRR2314002	3.032679258167967
RP11-173M1.4	SRR2314003	1.022034789012044
RP11-173M1.4	SRR2314004	1.0080013221818138
RP11-173M1.4	SRR2314005	1.0095719427644396
RP11-173M1.4	SRR2314006	1.0192358061432685
RP11-173M1.4	SRR2314007	3.0181815374186183
RP11-173M1.4	SRR2314008	1.0013180684646343
RP11-173M1.4	SRR2314009	3.0248782680171185
RP11-173M1.4	SRR2314010	8.053091445908485
RP11-173M1.4	SRR2314011	6.043148281940206
RP11-173M1.4	SRR2314012	1.0074128921171241
RP11-173M1.4	SRR2314013	1.0120065015814301
RP11-173M1.4	SRR2314014	1.0116520854708597
RP11-173M1.4	SRR2314015	3.0234816848150614
RP11-173M1.4	SRR2314016	1.0032667468593996
RP11-173M1.4	SRR2314017	3.0595215440221906
RP11-173M1.4	SRR2314018	1.03782980758221
RP11-173M1.4	SRR2314019	1.0033796658956018
RP11-173M1.4	SRR2314020	4.066823864621803
RP11-173M1.4	SRR2314021	1.0050805771159577
RP11-173M1.4	SRR2314022	1.012335005482347
RP11-173M1.4	SRR2314023	1.009930139320552
RP11-173M1.4	SRR2314024	1.013303558456437
RP11-173M1.4	SRR2314025	6.030008570368375
RP11-173M1.4	SRR2314026	1.022744558399226
RP11-173M1.4	SRR2314027	6.045488286282973
RP11-173M1.4	SRR2314028	1.0028825152555245
RP11-173M1.4	SRR2314029	1.002341411462068
RP11-173M1.4	SRR2314030	1.0047772073142707
RP11-173M1.4	SRR2314031	1.0176657679213166
RP11-173M1.4	SRR2314032	4.071270984599547
RP11-173M1.4	SRR2314033	1.024669135723135
RP11-173M1.4	SRR2314034	1.0297963295780983
RP11-173M1.4	SRR2314035	1.0473841672111144
RP11-173M1.4	SRR2314036	1.0175308560885339
RP11-173M1.4	SRR2314037	4.055671348640373
RP11-173M1.4	SRR2314038	9.052236769837979
RP11-173M1.4	SRR2314039	11.1237109390044
RP11-173M1.4	SRR2314040	1.0396160750498236
RP11-173M1.4	SRR2314041	1.0076429847957384
RP11-173M1.4	SRR2314042	4.016327575458098
RP11-173M1.4	SRR2314043	1.0092407859660601
RP11-173M1.4	SRR2314044	4.017023272905116
RP11-173M1.4	SRR2314045	1.0076154311147274
RP11-173M1.4	SRR3493774	2
RP11-173M1.4	SRR3493775	3
RP11-173M1.4	SRR3493776	9.287806936800772
RP11-173M1.4	SRR3493777	2.0014397023245074
RP11-173M1.4	SRR3493778	6
RP11-173M1.4	SRR3493779	1.0035740564466114
RP11-173M1.4	SRR3493780	1.0498945968332396
RP11-173M1.4	SRR3493781	4
RP11-173M1.4	SRR3493782	1.008534950006251
RP11-173M1.4	SRR3493783	1.0027540149727638
RP11-173M1.4	SRR3493784	1.0208098579484606
RP11-173M1.4	SRR3493785	2.0017997898095317
RP11-173M1.4	SRR3493786	1.0407280627260045
RP11-173M1.4	SRR3493787	2
RP11-173M1.4	SRR3493788	1
RP11-173M1.4	SRR3493789	1.0182789000798176
RP11-173M1.4	SRR3493790	2
RP11-173M1.4	SRR3493791	2.0029416683612196
RP11-173M1.4	SRR3493792	1.0007198511622537
RP11-173M1.4	SRR3493793	3.0294583293162733
RP11-173M1.4	SRR3493794	6.018793721891143
RP11-173M1.4	SRR3493795	1.003718075955135
RP11-173M1.4	SRR3493796	1.0083843578636666
RP11-173M1.4	SRR3493797	2
RP11-173M1.4	SRR3493798	1.011188757969452
RP11-173M1.4	SRR3493799	4
RP11-173M1.4	SRR3493800	1.0072526652107907
RP11-173M1.4	SRR3493801	3.0276425065271653
RP11-173M1.4	SRR3493802	4
RP11-173M1.4	SRR3493803	1
RP11-173M1.4	SRR3493804	3.002159553486761
RP11-173M1.4	SRR3493805	1.0023994629801138
RP11-173M1.4	SRR3493806	6
RP11-173M1.4	SRR3493807	4
RP11-173M1.4	SRR3493808	1.0020862854161259
RP11-173M1.4	SRR3493809	2.0067593317912036
RP11-173M1.4	SRR3493810	2
RP11-173M1.4	SRR3493811	3
RP11-173M1.4	SRR3493812	1.0007198511622537
RP11-173M1.4	SRR3493813	2.0038120565269457
RP11-173M1.4	SRR3493814	3
RP11-173M1.4	SRR3493815	4.465103184309717
RP11-173M1.4	SRR3493816	3
RP11-173M1.4	SRR3493817	2.005826346032734
RP11-173M1.4	SRR3493818	3.010762892895811
RP11-173M1.4	SRR3493819	1
RP11-173M1.4	SRR3493820	4.4882618487871495
RP11-173M1.4	SRR3493821	3.0351111314732964
RP11-173M1.4	SRR3493822	4
RP11-173M1.4	SRR3493823	1.5765862518308846
RP11-173M1.4	SRR3493824	3.123773838298137
RP11-173M1.4	SRR3493825	2.0026361369292687
RP11-173M1.4	SRR3493826	1.0007198511622537
RP11-173M1.4	SRR3493827	3
RP11-173M1.4	SRR3493828	7
RP11-173M1.4	SRR3493829	3.0071983889403415
RP11-173M1.4	SRR3493830	0.6212413459385535
RP11-173M1.4	SRR3493831	2.0090978607201286
RP11-173M1.4	SRR3493832	1.0001799142310437
RP11-173M1.4	SRR3493833	1.2844100976928428
RP11-173M1.4	SRR3493834	1
RP11-173M1.4	SRR3493835	1.005268691618604
RP11-173M1.4	SRR3493836	3
RP11-173M1.4	SRR3493837	9.00700027889539
RP11-173M1.4	SRR3493838	2
RP11-173M1.4	SRR3493839	1.0083404689188882
RP11-173M1.4	SRR3493840	1.019584221832653
RP11-173M1.4	SRR3493841	1.0021917441245578
RP11-173M1.4	SRR3493846	1.0228419618819704
RP11-173M1.4	SRR3493847	1.0367010057374855
RP11-173M1.4	SRR3493848	2.000719721662436
RP11-173M1.4	SRR3493849	3.7213980145342815
RP11-173M1.4	SRR3493850	9
RP11-173M1.4	SRR3714631	1
RP11-173M1.4	SRR3714632	2.011246319240141
RP11-173M1.4	SRR3714633	1.0116050033991464
RP11-173M1.4	SRR3714634	1.0066712106965126
RP11-173M1.4	SRR3714635	1
RP11-173M1.4	SRR3714636	1
RP11-173M1.4	SRR3714637	3
RP11-173M1.4	SRR3714638	2
RP11-173M1.4	SRR3714639	2.3202633416874825
RP11-173M1.4	SRR3714640	1.498460472574446
RP11-173M1.4	SRR3714641	1.2734994721377793
RP11-173M1.4	SRR3714642	0.5894418586293669
RP11-173M1.4	SRR3714643	3.2901464003048546
RP11-173M1.4	SRR3714644	0.7462711291588002
RP11-173M1.4	SRR3714645	2.0131030492830826
RP11-173M1.4	SRR3714646	2.000719721662436
RP11-173M1.4	SRR3714648	2.0731978606723107
RP11-173M1.4	SRR3714649	5.81841439523734
RP11-173M1.4	SRR3714650	2.0137724187394728
RP11-173M1.4	SRR3714651	0.8175575727335103
RP11-173M1.4	SRR3714652	2.6908445049672407
RP11-173M1.4	SRR3714653	1
RP11-173M1.4	SRR3714654	1
RP11-173M1.4	SRR3714655	1.0007504428112262
RP11-173M1.4	SRR3714656	3.1763496819775265
RP11-173M1.4	SRR3714657	2.2489703283849205
RP11-173M1.4	SRR3714658	2.3522784896369537
RP11-173M1.4	SRR3714659	2.0954734281274656
RP11-173M1.4	SRR3714660	2
RP11-173M1.4	SRR3714661	1
RP11-173M1.4	SRR3714662	2.0220351499593554
RP11-173M1.4	SRR3714663	1.0007504428112262
RP11-173M1.4	SRR3714664	0.9019263245175047
RP11-173M1.4	SRR3714665	1
RP11-173M1.4	SRR3714666	1
RP11-173M1.4	SRR3714667	2.072411268554491
RP11-173M1.4	SRR3714668	4
RP11-173M1.4	SRR3714669	3.1830725712987022
RP11-173M1.4	SRR3714670	1.0134780454274392
RP11-173M1.4	SRR3714671	1.001260079572912
RP11-173M1.4	SRR3714672	1.0027466239574123
RP11-173M1.4	SRR3714673	1.2309397245197762
RP11-173M1.4	SRR3714674	5.398280017855165
RP11-173M1.4	SRR3714675	0.7538946561448692
RP11-173M1.4	SRR3714676	1
RP11-173M1.4	SRR3714677	1.0023720526815605
RP11-173M1.4	SRR3714678	1.6913066165219295
RP11-173M1.4	SRR3714679	1.0016203938574126
RP11-173M1.4	SRR3714680	2.003451607071626
RP11-173M1.4	SRR3714681	1.0035601881766363
RP11-173M1.4	SRR3714682	3.7548482273965007
RP11-173M1.4	SRR3714683	1.0020862854161259
RP11-173M1.4	SRR3714684	1.763306160323636
RP11-173M1.4	SRR3714685	3.0052692778091727
RP11-173M1.4	SRR3714686	2.06752476404774
RP11-173M1.4	SRR3714688	1.00746468119409
RP11-173M1.4	SRR3714689	1.546843825894813
RP11-173M1.4	SRR3714690	2.393988845033575
RP11-173M1.4	SRR3714691	1
RP11-173M1.4	SRR3714692	0.7369246939681072
RP11-173M1.4	SRR3714693	2.0385626264834795
RP11-173M1.4	SRR3714694	0.837450137301195
RP11-173M1.4	SRR3714695	5.510670598575373
RP11-173M1.4	SRR3714696	3
RP11-173M1.4	SRR3714697	1.0092099347782595
RP11-173M1.4	SRR3714698	1.0132132716489703
RP11-173M1.4	SRR3714699	3.3311994659197235
RP11-173M1.4	SRR3714700	0.8185293286987435
RP11-173M1.4	SRR3714701	0.7501771916273272
RP11-173M1.4	SRR3714702	2.929849329373426
RP11-173M1.4	SRR3714703	1.001063202890274
RP11-173M1.4	SRR3714704	1.4661013129123488
RP11-173M1.4	SRR3714705	1.8332936812630547
RP11-173M1.4	SRR3714706	1.0350850727752356
RP11-173M1.4	SRR3714707	6.004319106973522
RP11-173M1.4	SRR3714708	1.0232664352046819
RP11-173M1.4	SRR3714709	3.604384532541379
RP11-173M1.4	SRR3714710	1.0585912502947528
RP11-173M1.4	SRR3714711	1.3555154381802499
RP11-173M1.4	SRR3714712	1
RP11-173M1.4	SRR3714713	1
RP11-173M1.4	SRR3714714	1
RP11-173M1.4	SRR3714715	4.019299015479782
RP11-173M1.4	SRR3714716	1
RP11-173M1.4	SRR3714717	2
RP11-173M1.4	SRR3714718	1
RP11-173M1.4	SRR3714719	2.656915366266331
RP11-173M1.4	SRR3714720	1.6454755409772588
RP11-173M1.4	SRR3714721	1.1899826556232869
RP11-173M1.4	SRR3714723	3.0714596874019056
RP11-173M1.4	SRR3714724	1.0029438317144064
RP11-173M1.4	SRR3714725	1.0124287223897714
RP11-173M1.4	SRR3714726	2.4305050886115818
RP11-173M1.4	SRR3714727	4.785588450146945
RP11-173M1.4	SRR3714728	1.0082791178455617
RP11-173M1.4	SRR3714729	1.0262266652006342
RP11-173M1.4	SRR3714730	0.8100803723534562
RP11-173M1.4	SRR3714731	1.0001799142310437
RP11-173M1.4	SRR3714732	1.0909800413273425
RP11-173M1.4	SRR3714734	2.686332561949809
RP11-173M1.4	SRR3714735	2.7345035618269433
RP11-173M1.4	SRR3714736	1.697931374281251
RP11-173M1.4	SRR3714737	1
RP11-173M1.4	SRR3714738	1.8309384235963635
RP11-173M1.4	SRR3714739	0.6829557902798847
RP11-173M1.4	SRR3714740	4.7077311265639095
RP11-173M1.4	SRR3714741	1.0010799710397094
RP11-173M1.4	SRR3714744	2.8756985932218937
RP11-173M1.4	SRR3714745	1.0406785331708646
RP11-173M1.4	SRR3714746	1.008549757583579
RP11-173M1.4	SRR3714747	0.5559101115001341
RP11-173M1.4	SRR3714748	4.470712251800398
RP11-173M1.4	SRR3714749	1.020881906329865
RP11-173M1.4	SRR3714750	4.195030703259047
RP11-173M1.4	SRR3714751	1.0010799710397094
RP11-173M1.4	SRR3714752	13
RP11-173M1.4	SRR3714753	1.0079064098710653
RP11-173M1.4	SRR3714754	1
RP11-173M1.4	SRR3714755	1.3946849806639925
RP11-173M1.4	SRR3714756	1.0216801788447836
RP11-173M1.4	SRR3714757	0.7325663974490594
RP11-173M1.4	SRR3714758	0.9479045656307946
RP11-173M1.4	SRR3714759	2.6201634276587265
RP11-173M1.4	SRR3714760	1.0008998949047658
RP11-173M1.4	SRR3714761	1.000359860831218
RP11-173M1.4	SRR3714762	0.9443943627278005
RP11-173M1.4	SRR3714764	1
RP11-173M1.4	SRR3714765	0.8712334028283818
RP11-173M1.4	SRR3714766	4
RP11-173M1.4	SRR3714767	3.429404751957861
RP11-173M1.4	SRR3714768	2
RP11-173M1.4	SRR5176628	1.0069362436470586
RP11-173M1.4	SRR5176629	1.005769228518871
RP11-173M1.4	SRR5176630	1.002266574999606
RP11-173M1.4	SRR5176631	1.0097927015434933
RP11-173M1.4	SRR5176632	1.0028521521593108
RP11-173M1.4	SRR5176633	3.019584344332581
RP11-173M1.4	SRR5176634	3.11949556560692
RP11-173M1.4	SRR5176635	3.018578041654602
RP11-173M1.4	SRR5176636	1.0262757511402583
RP11-173M1.4	SRR5176637	1.0296640181326506
RP11-173M1.4	SRR5176638	1.1227010298695481
RP11-173M1.4	SRR5176639	1
RP11-173M1.4	SRR5176640	1.0441979418626173
RP11-173M1.4	SRR5176641	1.014864487377184
RP11-173M1.4	SRR5176642	6.011436169580837
RP11-173M1.4	SRR5176643	4.006903214143252
RP11-173M1.4	SRR5176644	6.001079485386262
RP11-173M1.4	SRR5176645	1.0388038372764734
RP11-173M1.4	SRR5176646	1.0186713933592446
RP11-173M1.4	SRR5176647	3.01758701279859
RP11-173M1.4	SRR5176648	1.002821496263797
RP11-173M1.4	SRR5176649	3.0204003841217784
RP11-173M1.4	SRR5176650	1.0241014943392315
RP11-173M1.4	SRR5176651	1.0158990588563879
RP11-173M1.4	SRR5176652	3.0167241218751624
RP11-173M1.4	SRR5176653	4.010808459502243
RP11-173M1.4	SRR5176654	3.024489053072829
RP11-173M1.4	SRR5176655	4.005040318291648
RP11-173M1.4	SRR5176656	1.0701102907311268
RP11-173M1.4	SRR5176657	1.080336199131198
RP11-173M1.4	SRR5176658	6.009906078213924
RP11-173M1.4	SRR5176659	7.015127758918056
RP11-173M1.4	SRR5176660	4.004602507572034
RP11-173M1.4	SRR5176661	1.0055480781368802
RP11-173M1.4	SRR5176662	6.79497086847701
RP11-173M1.4	SRR5176663	6.038611433071039
RP11-173M1.4	SRR5176664	3
RP11-173M1.4	SRR5176665	1.0089361604623304
RP11-173M1.4	SRR5176666	4.015508251936188
RP11-173M1.4	SRR5176667	1.0787114326524636
RP11-173M1.4	SRR5176668	1.0043407660883636
RP11-173M1.4	SRR5176669	1.0095837463480462
RP11-173M1.4	SRR5176670	1.0065240008061656
RP11-173M1.4	SRR5176671	7.012604197342598
RP11-173M1.4	SRR5176672	4.022298829166883
RP11-173M1.4	SRR5176673	9.043109377117714
RP11-173M1.4	SRR5176674	1.002341411462068
RP11-173M1.4	SRR5176675	3.0127149570551186
RP11-173M1.4	SRR5176676	1.0184049631193235
RP11-173M1.4	SRR5176677	4.005760882040813
RP11-173M1.4	SRR5176678	1.0223467302979135
RP11-173M1.4	SRR5176679	1.0090464643103707
RP11-173M1.4	SRR5176680	1.002838293865245
RP11-173M1.4	SRR5176681	3.003331721092254
RP11-173M1.4	SRR5176682	1.0099470559941912
RP11-173M1.4	SRR5176683	1.0045737798081236
RP11-173M1.4	SRR5176684	3.0079737043197223
RP11-173M1.4	SRR5176685	1.0029880577585075
RP11-173M1.4	SRR5176686	4.017430356552393
RP11-173M1.4	SRR5176687	1.0045246999842108
RP11-173M1.4	SRR5176688	3.039844240558595
RP11-173M1.4	SRR5176689	4.030012800551599
RP11-173M1.4	SRR5176690	1.0255405228516121
RP11-173M1.4	SRR5176691	6.005582952345668
RP11-173M1.4	SRR5176692	1.0097847940414932
RP11-173M1.4	SRR5176693	1.0073894622198625
RP11-173M1.4	SRR5176694	1
RP11-173M1.4	SRR5176695	1.0143554668418076
RP11-173M1.4	SRR5176696	1.1278931940525754
RP11-173M1.4	SRR5176697	1.027578940269744
RP11-173M1.4	SRR5176698	1.1648237836443878
RP11-173M1.4	SRR5176699	3.075045036981576
RP11-173M1.4	SRR5176700	1.0890144202015308
RP11-173M1.4	SRR5176701	1.034206476188313
RP11-173M1.4	SRR5176702	9
RP11-173M1.4	SRR5176703	1.0225806547035183
RP11-173M1.4	SRR5176704	1.0043682302222392
RP11-173M1.4	SRR5176705	3.0064329664749425
RP11-173M1.4	SRR5176706	1.0272678906633284
RP11-173M1.4	SRR5176707	1.0196549551650262
RP11-173M1.4	SRR5176708	4.03952822160155
RP11-173M1.4	SRR5176709	1.0048079229951739
RP11-173M1.4	SRR5176710	4
RP11-173M1.4	SRR5176711	4.007624113053891
RP11-173M1.4	SRR5176712	1.0128135825274416
RP11-173M1.4	SRR5176713	1.0088204699660321
RP11-173M1.4	SRR5176714	1.0602647654091784
RP11-173M1.4	SRR5176715	1.001260079572912
RP11-173M1.4	SRR5176716	3.005942513414733
RP11-173M1.4	SRR5176717	1.0065588839830468
RP11-173M1.4	SRR5176718	1.0088065291964956
RP11-173M1.4	SRR5176719	1.002341411462068
RP11-173M1.4	SRR5176720	7
RP11-173M1.4	SRR5176721	4
RP11-173M1.4	SRR5176722	1.019834176721331
RP11-173M1.4	SRR5176723	1.009611353853491
RP11-173M1.4	SRR5176724	6.03263591445333
RP11-173M1.4	SRR5176725	1.0122963584203841
RP11-173M1.4	SRR5176726	3
RP11-173M1.4	SRR5176727	1.0006451357681576
RP11-173M1.4	SRR5176728	1.024749980600489
RP11-173M1.4	SRR5176729	6.011619937040738
RP11-173M1.4	SRR5176730	3.0196260721844754
RP11-173M1.4	SRR5176731	3.013932012349417
RP11-173M1.4	SRR5176732	7
RP11-173M1.4	SRR5176733	3.006799724998818
RP11-173M1.4	SRR5176734	3.243077759030764
RP11-173M1.4	SRR5176735	4.009365645848272
RP11-173M1.4	SRR5176736	6.011784327395421
RP11-173M1.4	SRR5176737	3.0087713963911225
RP11-173M1.4	SRR5176738	1.011060405450449
RP11-173M1.4	SRR5176739	1.0079439701204655
RP11-173M1.4	SRR5176740	1.0041633409296653
RP11-173M1.4	SRR5176741	4.163936060259004
RP11-173M1.4	SRR5176742	1.010571034419265
RP11-173M1.4	SRR5176743	1.0118484876942846
RP11-173M1.4	SRR5176744	1.013419199000111
RP11-173M1.4	SRR5176745	1.0091725172591408
RP11-173M1.4	SRR5176746	1.002266574999606
RP11-173M1.4	SRR5176747	1
RP11-173M1.4	SRR5176748	3.0037802387187362
RP11-173M1.4	SRR5176749	1.016368017381527
RP11-173M1.4	SRR5176750	3.048675091867224
RP11-173M1.4	SRR5176751	1.0036351212296024
RP11-173M1.4	SRR5176752	1.004538287361441
RP11-173M1.4	SRR5176753	1.0026272514823873
RP11-173M1.4	SRR5176754	3.0157842162453794
RP11-173M1.4	SRR5176755	4.002159359225385
RP11-173M1.4	SRR5176756	1.0288547421808496
RP11-173M1.4	SRR5176757	1.0557664435713157
RP11-173M1.4	SRR5176758	1.0113534484802584
RP11-173M1.4	SRR5176759	1.0274065280258
RP11-173M1.4	SRR5176760	1.0058081328268176
RP11-173M1.4	SRR5176761	1.0058487323132066
RP11-173M1.4	SRR5176762	1.074382806129656
RP11-173M1.4	SRR5176763	7.053521568992575
RP11-173M1.4	SRR5176764	1.0007198511622537
RP11-173M1.4	SRR5176765	3.0051774106074394
RP11-173M1.4	SRR5176766	3.0085148815957345
RP11-173M1.4	SRR5176767	6.006031372550816
RP11-173M1.4	SRR5176768	4.0607830066324535
RP11-173M1.4	SRR5176769	3.0088598949951795
RP11-173M1.4	SRR5176770	9.02107270315861
RP11-173M1.4	SRR5176771	1.002446897019748
RP11-173M1.4	SRR5176772	6.037631538537774
RP11-173M1.4	SRR5176773	6.0450174302891035
RP11-173M1.4	SRR5176774	4.024774196313855
RP11-173M1.4	SRR5176775	1.0095941471006586
RP11-173M1.4	SRR5176776	3.024827601125073
RP11-173M1.4	SRR5176777	3.030015756532353
RP11-173M1.4	SRR5176778	1.0057597353227128
RP11-173M1.4	SRR5176779	1.0051727547981684
RP11-173M1.4	SRR5176780	4.012320174128561
RP11-173M1.4	SRR5176781	1.00637782229101
RP11-173M1.4	SRR5176782	7.057573479847252
RP11-173M1.4	SRR5176783	1.0093021955543062
RP11-173M1.4	SRR5176784	6.024326625362561
RP11-173M1.4	SRR5176785	1.0017658813459887
RP11-173M1.4	SRR5176786	3
RP11-173M1.4	SRR5176787	3.0230302254135024
RP11-173M1.4	SRR5176788	3.0802784753719887
RP11-173M1.4	SRR5176789	1.014142954978239
RP11-173M1.4	SRR5176790	3.0282794656915746
RP11-173M1.4	SRR5176791	1.0087925886196047
RP11-173M1.4	SRR5176792	1
RP11-173M1.4	SRR5176793	1.0092004091061628
RP11-173M1.4	SRR5176794	1.004507579922951
RP11-173M1.4	SRR5176795	1.004207620749528
RP11-173M1.4	SRR5176796	1.022646112438415
RP11-173M1.4	SRR5176797	9.062966601927075
RP11-173M1.4	SRR5176798	3.0158258915830323
RP11-173M1.4	SRR5176799	1
RP11-173M1.4	SRR5176800	1.0079916665289268
RP11-173M1.4	SRR5176801	3.0523222829785115
RP11-173M1.4	SRR5176802	1.0141792452851672
RP11-173M1.4	SRR5176803	3.0123058497428357
RP11-173M1.4	SRR5176804	1.0213406344461267
RP11-173M1.4	SRR5176805	1.00387382637289
RP11-173M1.4	SRR5176806	1.0297753975963018
RP11-173M1.4	SRR5176807	3.002159553486761
RP11-173M1.4	SRR5176808	11.003958469143397
RP11-173M1.4	SRR5176809	4.005760882040813
RP11-173M1.4	SRR5176810	4
RP11-173M1.4	SRR5176811	6
RP11-173M1.4	SRR5176812	6.006479826238255
RP11-173M1.4	SRR5176813	11.013038562289193
RP11-173M1.4	SRR5176814	4
RP11-173M1.4	SRR5176815	1.0141154422371776
RP11-173M1.4	SRR5176816	6.086517495723767
RP11-173M1.4	SRR5176817	7.036768168914403
RP11-173M1.4	SRR5176818	1.0025523936786382
RP11-173M1.4	SRR5176819	1.0529734771881787
RP11-173M1.4	SRR5176820	1.022340736860647
RP11-173M1.4	SRR5176821	4.037348444208276
RP11-173M1.4	SRR5176822	1.0294661769651816
RP11-173M1.4	SRR5176823	1.0037681906621803
RP11-173M1.4	SRR5176824	1.0056539011614338
RP11-173M1.4	SRR5176825	1.001110573697418
RP11-173M1.4	SRR5176826	4.033226758701497
RP11-173M1.4	SRR5176827	3.0113427040848193
RP11-173M1.4	SRR5176828	4.015862397312925
RP11-173M1.4	SRR5176829	4.010931068486513
RP11-173M1.4	SRR5176830	1.0005398398063463
RP11-173M1.4	SRR5176831	7.036060607313857
RP11-173M1.4	SRR5176832	1.0101074156533363
RP11-173M1.4	SRR5176833	3.01737144311744
RP11-173M1.4	SRR5176834	4.015685320720523
RP11-173M1.4	SRR5176835	3.0108010181348157
RP11-173M1.4	SRR5176836	3.0026996847142975
RP11-173M1.4	SRR5176837	1.0510102572536424
RP11-173M1.4	SRR5176838	1.0249700253664653
RP11-173M1.4	SRR5176839	1.0407663154893023
RP11-173M1.4	SRR5176840	1.0005398398063463
RP11-173M1.4	SRR5176841	6.084578445048194
RP11-173M1.4	SRR5176842	6.037598092153571
RP11-173M1.4	SRR5176843	1.0077600305872203
RP11-173M1.4	SRR5176844	1.002913173016367
RP11-173M1.4	SRR5176845	1.0146823533528966
RP11-173M1.4	SRR5176846	1.0044739290806017
RP11-173M1.4	SRR5176847	1.0205338177583079
RP11-173M1.4	SRR5176848	1.0086151837092123
RP11-173M1.4	SRR5176849	3.058545760374659
RP11-173M1.4	SRR5176850	1.0137217399478091
RP11-173M1.4	SRR5176851	4.004319884158837
RP11-173M1.4	SRR5176852	1.0222701007904502
RP11-173M1.4	SRR5176853	1.0025049546470863
RP11-173M1.4	SRR5176854	1.0469188326970755
RP11-173M1.4	SRR5176855	1.002277193929628
RP11-173M1.4	SRR5176856	1.016171446291091
RP11-173M1.4	SRR5176857	1.0035601881766363
RP11-173M1.4	SRR5176858	1.0069042391109264
RP11-173M1.4	SRR5176859	3.005351458201092
RP11-173M1.4	SRR5176860	3
RP11-173M1.4	SRR5176861	3.005942513414733
RP11-173M1.4	SRR5176862	1.005937378799828
RP11-173M1.4	SRR5176863	1.0025049546470863
RP11-173M1.4	SRR5176864	6.029381014574033
RP11-173M1.4	SRR5176865	7.0133421978443105
RP11-173M1.4	SRR5176866	4
RP11-173M1.4	SRR5176867	1.0042477978541398
RP11-173M1.4	SRR5176868	1.0352438239475827
RP11-173M1.4	SRR5176869	3.0073406910592437
RP11-173M1.4	SRR5176870	3.013564383855001
RP11-173M1.4	SRR5176871	3.010313332635304
RP11-173M1.4	SRR5176872	1.0195776936091434
RP11-173M1.4	SRR5861974	1.0132501420419266
RP11-173M1.4	SRR5861975	1.009323227105467
RP11-173M1.4	SRR5861976	3.12074209708952
RP11-173M1.4	SRR5861977	3
RP11-173M1.4	SRR5861978	5.024330586817436
RP11-173M1.4	SRR5861979	3.028782441301976
RP11-173M1.4	SRR5861980	1
RP11-173M1.4	SRR5861981	1.0201142576930606
RP11-173M1.4	SRR5861982	1.2340601766014685
RP11-173M1.4	SRR5861983	4.006660275207174
RP11-173M1.4	SRR5861984	2.0165273125753003
RP11-173M1.4	SRR5861985	2.0346956414753237
RP11-173M1.4	SRR5861986	5.009983017453379
RP11-173M1.4	SRR5861987	4.051791475635598
RP11-173M1.4	SRR5861988	1.017778610915434
RP11-173M1.4	SRR5861989	2.0250770681283523
RP11-173M1.4	SRR5861990	3.009138440182993
RP11-173M1.4	SRR5861991	1
RP11-173M1.4	SRR5861992	5
RP11-173M1.4	SRR5861993	1.003793020797143
RP11-173M1.4	SRR5861994	3
RP11-173M1.4	SRR5861995	2.0176474450515376
RP11-173M1.4	SRR5861996	1.0042247356985123
RP11-173M1.4	SRR5861997	2.051776395102151
RP11-173M1.4	SRR5861998	3.017307685556613
RP11-173M1.4	SRR5861999	2.054090952907011
RP11-173M1.4	SRR5862000	1.000359860831218
RP11-173M1.4	SRR5862001	3
RP11-173M1.4	SRR5862002	3.0032399131191276
RP11-173M1.4	SRR5862003	3.0074610110399447
RP11-173M1.4	SRR5862004	1.005631190976464
RP11-173M1.4	SRR5862005	1.0052945032282008
RP11-173M1.4	SRR5862006	3.0113427040848193
RP11-173M1.4	SRR5862007	1.0085835948406514
RP11-173M1.4	SRR5862008	2.008047489825201
RP11-173M1.4	SRR5862009	2.0071393212232818
RP11-173M1.4	SRR5862010	1.0516407925623883
RP11-173M1.4	SRR5862011	1.03612780768291
RP11-173M1.4	SRR5862012	4.028231428315734
RP11-173M1.4	SRR5862013	1.0209741074575287
RP11-173M1.4	SRR5862014	3.0147410043792897
RP11-173M1.4	SRR5862015	3
RP11-173M1.4	SRR5862016	1.0041875625890924
RP11-173M1.4	SRR5862017	1.008292756005706
RP11-173M1.4	SRR5862018	3.012051442682102
RP11-173M1.4	SRR5862019	2.016318173504051
RP11-173M1.4	SRR5862020	3.010762892895811
RP11-173M1.4	SRR5862021	3.0182383348270174
RP11-173M1.4	SRR5862022	3.014544372351408
RP11-173M1.4	SRR5862023	3.0228454079764195
RP11-173M1.4	SRR5862024	2.0054655342432564
RP11-173M1.4	SRR5862025	3
RP11-173M1.4	SRR5862026	1.0079075750854083
RP11-173M1.4	SRR5862027	3.001619519419039
RP11-173M1.4	SRR5862028	1.12681213123101
RP11-173M1.4	SRR5862029	2.041529094181651
RP11-173M1.4	SRR5862030	3.008422915180084
RP11-173M1.4	SRR5862031	3.021214436160272
RP11-173M1.4	SRR5862032	1.073785027109896
RP11-173M1.4	SRR5862033	2.003091222454628
RP11-173M1.4	SRR5862034	2.4919671700820345
RP11-173M1.4	SRR5862035	6.03980424564182
RP11-173M1.4	SRR5862036	2.0357252561551458
RP11-173M1.4	SRR5862037	1.0547484296428424
RP11-173M1.4	SRR5862038	3.2389930329344727
RP11-173M1.4	SRR5862039	3.0051774106074394
RP11-173M1.4	SRR5862040	3.0196766519491405
RP11-173M1.4	SRR5862041	1.00551733983039
RP11-173M1.4	SRR5862042	3.026718196982715
RP11-173M1.4	SRR5862043	3
RP11-173M1.4	SRR5862044	3.00421654417522
RP11-173M1.4	SRR5862045	2.0084957680610662
RP11-173M1.4	SRR5862046	3.024259834474761
RP11-173M1.4	SRR5862047	1.0089159479947496
RP11-173M1.4	SRR5862048	1.2476565419699956
RP11-173M1.4	SRR5862049	2.0312139460346654
RP11-173M1.4	SRR5862050	3.0101389976868056
RP11-173M1.4	SRR5862051	2.009649507739891
RP11-173M1.4	SRR5862052	1.0034545854694705
RP11-173M1.4	SRR5862053	1.0026719713353072
RP11-173M1.4	SRR5862054	2.053512242971021
RP11-173M1.4	SRR5862055	2.0465065092509462
RP11-173M1.4	SRR5862056	2.0660358386971436
RP11-173M1.4	SRR5862057	1.0078379061163627
RP11-173M1.4	SRR5862058	3.006891641794124
RP11-173M1.4	SRR5862059	1.0282460709376438
RP11-173M1.4	SRR5862060	2.0189204827013776
RP11-173M1.4	SRR5862061	2.0071481128932227
RP11-173M1.4	SRR5862062	3.001619519419039
RP11-173M1.4	SRR5862063	2.024858037844441
RP11-173M1.4	SRR5862064	2.003873312346913
RP11-173M1.4	SRR5862065	1.0025217469463543
RP11-173M1.4	SRR5862066	1.0091191747737602
RP11-173M1.4	SRR5862067	1.2346054739520673
RP11-173M1.4	SRR5862068	1.0047804468380375
RP11-173M1.4	SRR5862069	2.0043222168337302
RP11-173M1.4	SRR5862070	2.027035947063711
RP11-173M1.4	SRR5862071	1.2526030228986182
RP11-173M1.4	SRR5862072	1.2641489791098965
RP11-173M1.4	SRR5862073	4.007485225341474
RP11-173M1.4	SRR5862074	3.015265812417134
RP11-173M1.4	SRR5862075	3.020658628109209
RP11-173M1.4	SRR5862076	1.2411031446573944
RP11-173M1.4	SRR5862077	4.015740813763012
RP11-173M1.4	SRR5862078	1.0778857376132789
RP11-173M1.4	SRR5862079	1.0104091371093453
RP11-173M1.4	SRR5862080	1.0186454033243084
RP11-173M1.4	SRR5862081	3.0051774106074394
RP11-173M1.4	SRR5862082	1.003815689470687
RP11-173M1.4	SRR5862083	4
RP11-173M1.4	SRR5862084	2.013992578206017
RP11-173M1.4	SRR5862085	2
RP11-173M1.4	SRR5862086	2.050183515447083
RP11-173M1.4	SRR5862087	2.024376558981896
RP11-173M1.4	SRR5862088	2.2435784356826227
RP11-173M1.4	SRR5862089	3.0372569274598353
RP11-173M1.4	SRR5862090	5.008629017679065
RP11-173M1.4	SRR5862091	3.0423839592583546
RP11-173M1.4	SRR5862092	1.0208826030747233
RP11-173M1.4	SRR5862093	7.001259399617306
RP11-173M1.4	SRR5862094	3.015016608428615
RP11-173M1.4	SRR5862095	1.087669059175563
RP11-173M1.4	SRR5862096	6.013150464747348
RP11-173M1.4	SRR5862097	1.005397931987203
RP11-173M1.4	SRR5862098	3.813908551254925
RP11-173M1.4	SRR5862099	1.0228039476891262
RP11-173M1.4	SRR5862100	1.0026579014399075
RP11-173M1.4	SRR5862101	2.117509616211929
RP11-173M1.4	SRR5862102	4.023585318295902
RP11-173M1.4	SRR5862103	1.023617822582202
RP11-173M1.4	SRR5862104	2.0083456381154536
RP11-173M1.4	SRR5862105	1.0112580359699288
RP11-173M1.4	SRR5862106	1.0042826021444868
RP11-173M1.4	SRR5862107	3
RP11-173M1.4	SRR5862108	2.013903772637601
RP11-173M1.4	SRR5862109	4.007202398481485
RP11-173M1.4	SRR5862110	1.0080438404145668
RP11-173M1.4	SRR5862111	3.045494155304099
RP11-173M1.4	SRR5862112	3.011412741992522
RP11-173M1.4	SRR5862113	1.00885426642168
RP11-173M1.4	SRR5862114	2.009438036189931
RP11-173M1.4	SRR5862115	5.034229633548835
RP11-173M1.4	SRR5862116	1.0258116030467397
RP11-173M1.4	SRR5862117	2.006609503830704
RP11-173M1.4	SRR5862118	1.008416269579962
RP11-173M1.4	SRR5862119	3.01248031018655
RP11-173M1.4	SRR5862120	4.003778150851877
RP11-173M1.4	SRR5862121	4.005883336722439
RP11-173M1.4	SRR5862122	1.0020862854161259
RP11-173M1.4	SRR5862123	1.0022972139313746
RP11-173M1.4	SRR5862124	2.006398352174505
RP11-173M1.4	SRR5862125	1
RP11-173M1.4	SRR5862126	1.0008998949047658
RP11-173M1.4	SRR5862127	3.0113966264934127
RP11-173M1.4	SRR5862128	2.0074201197552233
RP11-173M1.4	SRR5862129	2.1576586027716758
RP11-173M1.4	SRR5862130	3.0186188714704856
RP11-173M1.4	SRR5862131	2.004533149999212
RP11-173M1.4	SRR5862132	7.006299264333361
RP11-173M1.4	SRR5862133	4.003831451744257
RP11-173M1.4	SRR5862134	2.000570344629187
RP11-173M1.4	SRR5862135	1.0128135825274416
RP11-173M1.4	SRR5862136	1.000359860831218
RP11-173M1.4	SRR5862137	2.0043222168337302
RP11-173M1.4	SRR5862138	5.00891909700182
RP11-173M1.4	SRR5862139	3.0040963539964314
RP11-173M1.4	SRR5862140	3.009914255746056
RP11-173M1.4	SRR5862141	3.013297745192341
RP11-173M1.4	SRR5862142	3.0081063446266825
RP11-173M1.4	SRR5862143	3.001079582493654
RP11-173M1.4	SRR5862144	1.0057733394052475
RP11-173M1.4	SRR5862145	3.009914255746056
RP11-173M1.4	SRR5862146	2.0272212562873984
RP11-173M1.4	SRR5862147	3.022025382919978
RP11-173M1.4	SRR5862148	3
RP11-173M1.4	SRR5862149	3.017279205968138
RP11-173M1.4	SRR5862150	1.002446897019748
RP11-173M1.4	SRR5862151	1.0124906225058696
RP11-173M1.4	SRR5862152	2.0494043330753517
RP11-173M1.4	SRR5862153	2.0415014804746594
RP11-173M1.4	SRR5862154	5
RP11-173M1.4	SRR5862155	2.01264866556422
RP11-173M1.4	SRR5862156	1.0258531825432229
RP11-173M1.4	SRR5862157	2.0521624361557538
RP11-173M1.4	SRR5862158	1.0005398398063463
RP11-173M1.4	SRR5862159	2.011866661980977
RP11-173M1.4	SRR5862160	3.114798153509029
RP11-173M1.4	SRR5862161	3.0081983013648843
RP11-173M1.4	SRR5862162	2.0066708451676374
RP11-173M1.4	SRR5862163	3.010588531912127
RP11-173M1.4	SRR5862164	1.0501623844096677
RP11-173M1.4	SRR5862165	3.0129834725921083
RP11-173M1.4	SRR5862166	2.0085652042889737
RP11-173M1.4	SRR5862167	3.006258856248378
RP11-173M1.4	SRR5862168	3.004953039106962
RP11-173M1.4	SRR5862169	3.011130179632835
RP11-173M1.4	SRR5862170	3.03338081233432
RP11-173M1.4	SRR5862171	3.0051774106074394
RP11-173M1.4	SRR5862172	3.0052692778091727
RP11-173M1.4	SRR5862173	3.0756611315453037
RP11-173M1.4	SRR5862174	2.056849990783716
RP11-173M1.4	SRR5862175	5.024414746065173
RP11-173M1.4	SRR5862176	1.0173137397493108
RP11-173M1.4	SRR5862177	3.0968154278528113
RP11-173M1.4	SRR5862178	1.0288096803976488
RP11-173M1.4	SRR5862179	2.011246319240141
RP11-173M1.4	SRR5862180	1.1637413174363656
RP11-173M1.4	SRR5862181	2.042384492643702
RP11-173M1.4	SRR5862182	1.0094112128915342
RP11-173M1.4	SRR5862183	4.020022144571487
RP11-173M1.4	SRR5862184	1.0274397025883788
RP11-173M1.4	SRR5862185	2
RP11-173M1.4	SRR5862186	2.0146835886133188
RP11-173M1.4	SRR5862187	5.0378535296015965
RP11-173M1.4	SRR5862188	1.039289963781234
RP11-173M1.4	SRR5862189	3.0251138805822837
RP11-173M1.4	SRR5862190	3.0040963539964314
RP11-173M1.4	SRR5862191	4.047996471077221
RP11-173M1.4	SRR5862192	1.0452267290247683
RP11-173M1.4	SRR5862193	3.010762892895811
RP11-173M1.4	SRR5862194	2.0106310340307396
RP11-173M1.4	SRR5862195	3.0190411758609366
RP11-173M1.4	SRR5862196	3
RP11-173M1.4	SRR5862197	3
RP11-173M1.4	SRR5862198	1.1010895492315216
RP11-173M1.4	SRR5862199	3.007432624391689
RP11-173M1.4	SRR5862200	1.0021917441245578
RP11-173M1.4	SRR5862201	16.95893376790092
RP11-173M1.4	SRR5862202	3.065697439439536
RP11-173M1.4	SRR5862203	2.06871914188325
RP11-173M1.4	SRR5862204	5
RP11-173M1.4	SRR5862205	6
RP11-173M1.4	SRR5862206	1.0181176093417283
RP11-173M1.4	SRR5862207	3.0159686019596372
RP11-173M1.4	SRR5862208	1.019485887646539
RP11-173M1.4	SRR5862209	1.0112951746143541
RP11-173M1.4	SRR5862210	3
RP11-173M1.4	SRR5862211	2.065633263120152
RP11-173M1.4	SRR5862212	1.0088809831317571
RP11-173M1.4	SRR5862213	1.0047021889912742
RP11-173M1.4	SRR5862214	1.0027634203047235
RP11-173M1.4	SRR5862215	3.0071161580446812
RP11-173M1.4	SRR5862216	1.0036559710886879
RP11-173M1.4	SRR5862217	2.0130027931829657
RP11-173M1.4	SRR5862218	3.002947870656511
RP11-173M1.4	SRR5862219	1.023350981956458
RP11-173M1.4	SRR5862220	4.017975971844278
RP11-173M1.4	SRR5862221	3
RP11-173M1.4	SRR5862222	1.00325727728352
RP11-173M1.4	SRR5862223	1.0433348417292698
RP11-173M1.4	SRR5862224	2.0158665823041253
RP11-173M1.4	SRR5862225	3.008043663871118
RP11-173M1.4	SRR5862226	2.0021599420794187
RP11-173M1.4	SRR5862227	2
RP11-173M1.4	SRR5862228	3.0272142750407234
RP11-173M1.4	SRR5862229	2.0118198710082162
RP11-173M1.4	SRR5862230	2.010605573766756
RP11-173M1.4	SRR5862231	1.0020862854161259
RP11-173M1.4	SRR5862232	3.0454021311368944
RP11-173M1.4	SRR5862233	2.005526840609447
RP11-173M1.4	SRR5862234	3.0176914022996315
RP11-173M1.4	SRR5862235	3.0026996847142975
RP11-173M1.4	SRR5862236	2.0042886443166283
RP11-173M1.4	SRR5862237	1.031015477815649
RP11-173M1.4	SRR5862238	3.0026996847142975
RP11-173M1.4	SRR5862239	3.0231511731130634
RP11-173M1.4	SRR5862240	1.0027327671216282
RP11-173M1.4	SRR5862241	2.0123935863373767
RP11-173M1.4	SRR5862242	2.013903772637601
RP11-173M1.4	SRR5862243	4.022492638480282
RP11-173M1.4	SRR5862244	2.0289584186718734
RP11-173M1.4	SRR5862245	3.0548292730627797
RP11-173M1.4	SRR5862246	3.0057180847904186
RP11-173M1.4	SRR5862247	2.011293096873216
RP11-173M1.4	SRR5862248	4.002879404649015
RP11-173M1.4	SRR5862249	1.0151672362957598
RP11-173M1.4	SRR5862250	2.0211723961754666
RP11-173M1.4	SRR5862251	2.0206638096080827
RP11-173M1.4	SRR5862252	2.0051047873572765
RP11-173M1.4	SRR5862253	1.0077827888478086
RP11-173M1.4	SRR5862254	2.0143211835665027
RP11-173M1.4	SRR5862255	1.0080393651944055
RP11-173M1.4	SRR5862256	2.0309985808874758
RP11-173M1.4	SRR5862257	1.0137597798867521
RP11-173M1.4	SRR5862258	3.007657181035915
RP11-173M1.4	SRR5862259	3.041152789722066
RP11-173M1.4	SRR5862260	1.0647831768924885
RP11-173M1.4	SRR5862261	3.050005886417912
RP11-173M1.4	SRR5862262	3.029974772562289
RP11-173M1.4	SRR5862263	1.0455054067543619
RP11-173M1.4	SRR5862264	4.02333933043903
RP11-173M1.4	SRR5862265	3.0037802387187362
RP11-173M1.4	SRR5862266	3.0164509654837386
RP11-173M1.4	SRR5862267	1.0552428781134908
RP11-173M1.4	SRR5862268	2.0099496288423797
RP11-173M1.4	SRR5862269	3.0118463485330484
RP11-173M1.4	SRR5862270	2.004533149999212
RP11-173M1.4	SRR5862271	1.005967325364075
RP11-173M1.4	SRR5862272	3.0338196325314426
RP11-173M1.4	SRR5862273	3.0103637564084114
RP11-173M1.4	SRR5862274	2.0091929322271214
RP11-173M1.4	SRR5862275	1.0129925360933478
RP11-173M1.4	SRR5862276	1.0173966505334036
RP11-173M1.4	SRR5862277	1.0126860964204654
RP11-173M1.4	SRR5949109	2.2996567302037265
RP11-173M1.4	SRR5949110	2.296342544007832
RP11-173M1.4	SRR5949111	2.2996567302037265
RP11-173M1.4	SRR5949112	2.2998000249309873
RP11-173M1.4	SRR5949113	2.2986575720386253
RP11-173M1.4	SRR5949114	2.2998000249309873
RP11-173M1.4	SRR5949115	2.2996567302037265
RP11-173M1.4	SRR5949116	2.299602710558188
RP11-173M1.4	SRR5949117	2.2998000249309873
RP11-173M1.4	SRR5949118	2.299514265030598
RP11-173M1.4	SRR5949119	2.2997400985311405
RP11-173M1.4	SRR5949120	2.299505987259966
RP11-173M1.4	SRR5949121	2.299454958302698
RP11-173M1.4	SRR5949122	2.299319360089084
RP11-173M1.4	SRR5949123	2.299044895412525
RP11-173M1.4	SRR5949124	2.2979427066669076
RP11-173M1.4	SRR5949125	2.2987314241913683
RP11-173M1.4	SRR5949126	2.2993306432998204
RP11-173M1.4	SRR5949127	2.299505987259966
RP11-173M1.4	SRR5949128	2.299505987259966
RP11-173M1.4	SRR5949129	2.299751728283023
RP11-173M1.4	SRR5949130	2.2996083962137814
RP11-173M1.4	SRR5949131	2.2993032464281624
RP11-173M1.4	SRR5949132	2.2996567302037265
RP11-173M1.4	SRR5949133	2.2993987673039396
RP11-173M1.4	SRR5949134	2.2998000249309873
RP11-173M1.4	SRR5949135	2.299602710558188
RP11-173M1.4	SRR5949136	2.2997400985311405
RP11-173M1.4	SRR5949137	2.2979959793222626
RP11-173M1.4	SRR5949138	2.299211781413801
RP11-173M1.4	SRR5949139	2.2993306432998204
RP11-173M1.4	SRR5949140	2.2996567302037265
RP11-173M1.4	SRR5949141	2.299751728283023
RP11-173M1.4	SRR5949142	2.2996083962137814
RP11-173M1.4	SRR5949143	2.2998000249309873
RP11-173M1.4	SRR5949144	2.299514265030598
RP11-173M1.4	SRR5949145	2.2995631188181607
RP11-173M1.4	SRR5949146	2.299505987259966
RP11-173M1.4	SRR5949147	2.299505987259966
RP11-173M1.4	SRR5949148	2.2978943635139832
RP11-173M1.4	SRR5949149	2.299514265030598
RP11-173M1.4	SRR5949150	2.299751728283023
RP11-173M1.4	SRR5949151	2.298964654859637
RP11-173M1.4	SRR5949152	2.295310263212661
RP11-173M1.4	SRR5949153	2.299319360089084
RP11-173M1.4	SRR5949154	2.2975271001588022
RP11-173M1.4	SRR5949155	2.2995631188181607
RP11-173M1.4	SRR5949156	2.299751728283023
RP11-173M1.4	SRR5949157	2.2997400985311405
RP11-173M1.4	SRR5949158	2.2998000249309873
RP11-173M1.4	SRR5949159	2.2978409792742793
RP11-173M1.4	SRR5949160	2.2996567302037265
RP11-173M1.4	SRR5949161	2.2996567302037265
RP11-173M1.4	SRR5949162	2.2996567302037265
RP11-173M1.4	SRR5949163	2.299751728283023
RP11-173M1.4	SRR5949164	2.2998000249309873
RP11-173M1.4	SRR5949165	2.299602710558188
RP11-173M1.4	SRR5949166	2.299751728283023
RP11-173M1.4	SRR5949167	2.299514265030598
RP11-173M1.4	SRR5949168	2.2995631188181607
RP11-173M1.4	SRR5949169	2.2894302606637598
RP11-173M1.4	SRR5949170	2.2998000249309873
RP11-173M1.4	SRR5949171	2.2993032464281624
RP11-173M1.4	SRR5949172	2.299211781413801
RP11-173M1.4	SRR5949173	2.2996567302037265
RP11-173M1.4	SRR5949174	2.2995631188181607
RP11-173M1.4	SRR5949175	2.2998000249309873
RP11-173M1.4	SRR5949176	2.299454958302698
RP11-173M1.4	SRR5949177	2.2978265913897586
RP11-173M1.4	SRR5949178	2.2993306432998204
RP11-173M1.4	SRR5949179	2.2995631188181607
RP11-173M1.4	SRR5949180	2.2998000249309873
RP11-173M1.4	SRR5949181	2.2997400985311405
RP11-173M1.4	SRR5949182	2.299454958302698
RP11-173M1.4	SRR5949183	2.299751728283023
RP11-173M1.4	SRR5949184	2.299602710558188
RP11-173M1.4	SRR5949185	2.2991222709962207
RP11-173M1.4	SRR5949186	2.298526020425767
RP11-173M1.4	SRR5949187	2.2996083962137814
RP11-173M1.4	SRR5949188	2.299602710558188
RP11-173M1.4	SRR5949189	2.299505987259966
RP11-173M1.4	SRR5949190	2.299514265030598
RP11-173M1.4	SRR5949191	2.299211781413801
RP11-173M1.4	SRR5949192	2.2997400985311405
RP11-173M1.4	SRR5949193	2.299751728283023
RP11-173M1.4	SRR5949194	2.2996567302037265
RP11-173M1.4	SRR5949195	2.299602710558188
RP11-173M1.4	SRR5949196	2.299279112966382
RP11-173M1.4	SRR5949197	2.2989017507655034
RP11-173M1.4	SRR5949198	2.297936928613235
RP11-173M1.4	SRR5949199	2.2993306432998204
RP11-173M1.4	SRR5949200	2.299751728283023
RP11-173M1.4	SRR5949201	2.2995631188181607
RP11-173M1.4	SRR5949202	2.2996083962137814
RP11-173M1.4	SRR5949203	2.2997400985311405
RP11-173M1.4	SRR5949204	2.2998000249309873
RP11-173M1.4	SRR5949205	2.2998000249309873
RP11-173M1.4	SRR5949206	2.299602710558188
RP11-173M1.4	SRR5949207	2.2996567302037265
RP11-173M1.4	SRR5949208	2.299514265030598
RP11-173M1.4	SRR5949209	2.2996567302037265
RP11-173M1.4	SRR5949210	2.2995631188181607
RP11-173M1.4	SRR5949211	2.2989017507655034
RP11-173M1.4	SRR5949212	2.299514265030598
RP11-173M1.4	SRR5949213	2.2993987673039396
RP11-173M1.4	SRR5949214	2.299044895412525
RP11-173M1.4	SRR5949215	2.299505987259966
RP11-173M1.4	SRR5949216	2.2996083962137814
RP11-173M1.4	SRR5949217	2.2996083962137814
RP11-173M1.4	SRR5949218	2.2993987673039396
RP11-173M1.4	SRR5949219	2.299454958302698
RP11-173M1.4	SRR5949220	2.2991222709962207
RP11-173M1.4	SRR5949221	2.299031612140052
RP11-173M1.4	SRR5949222	2.299505987259966
RP11-173M1.4	SRR5949223	2.2978188577700953
RP11-173M1.4	SRR5949224	2.2995631188181607
RP11-173M1.4	SRR5949225	2.2997400985311405
RP11-173M1.4	SRR5949226	2.2991222709962207
RP11-173M1.4	SRR5949227	2.2997400985311405
RP11-173M1.4	SRR5949228	2.299211781413801
RP11-173M1.4	SRR5949229	2.299279112966382
RP11-173M1.4	SRR5949230	2.2997400985311405
RP11-173M1.4	SRR5949231	2.2989415045714083
RP11-173M1.4	SRR5949232	2.2975271001588022
RP11-173M1.4	SRR5949233	2.2978459416744075
RP11-173M1.4	SRR5949234	2.299505987259966
RP11-173M1.4	SRR5949235	2.299211781413801
RP11-173M1.4	SRR5949236	2.2956860163394603
RP11-173M1.4	SRR5949237	2.298922006999677
RP11-173M1.4	SRR5949238	2.2984877367388115
RP11-173M1.4	SRR5949239	2.295860370609188
RP11-173M1.4	SRR5949240	2.299751728283023
RP11-173M1.4	SRR5949241	2.299514265030598
RP11-173M1.4	SRR5949242	2.2995631188181607
RP11-173M1.4	SRR5949243	2.2993032464281624
RP11-173M1.4	SRR5949244	2.2993306432998204
RP11-173M1.4	SRR5949245	2.2993306432998204
RP11-173M1.4	SRR5949246	2.299602710558188
RP11-173M1.4	SRR5949247	2.299505987259966
RP11-173M1.4	SRR5949248	2.299602710558188
RP11-173M1.4	SRR5949249	2.2995631188181607
RP11-173M1.4	SRR5949250	2.2998000249309873
RP11-173M1.4	SRR5949251	2.299211781413801
RP11-173M1.4	SRR5949252	2.2996567302037265
RP11-173M1.4	SRR5949253	2.298824288608975
RP11-173M1.4	SRR5949254	2.299102135507671
RP11-173M1.4	SRR5949255	2.2995631188181607
RP11-173M1.4	SRR5949256	2.299319360089084
RP11-173M1.4	SRR5949257	2.299751728283023
RP11-173M1.4	SRR5949258	2.299751728283023
RP11-173M1.4	SRR5949259	2.299454958302698
RP11-173M1.4	SRR5949260	2.2998000249309873
RP11-173M1.4	SRR5949261	2.2998000249309873
RP11-173M1.4	SRR5949262	2.299319360089084
RP11-173M1.4	SRR5949263	2.2996083962137814
RP11-173M1.4	SRR5949264	2.299454958302698
RP11-173M1.4	SRR5949265	2.2997400985311405
RP11-173M1.4	SRR5949266	2.2981719328009773
RP11-173M1.4	SRR5949267	2.298203311333197
RP11-173M1.4	SRR5949268	2.2997400985311405
RP11-173M1.4	SRR5949269	2.299505987259966
RP11-173M1.4	SRR5949270	2.2995631188181607
RP11-173M1.4	SRR5949271	2.299044895412525
RP11-173M1.4	SRR5949272	2.2998000249309873
RP11-173M1.4	SRR5949273	2.2998000249309873
RP11-173M1.4	SRR5949274	2.299602710558188
RP11-173M1.4	SRR5949275	2.299002459632395
RP11-173M1.4	SRR5949276	2.299602710558188
RP11-173M1.4	SRR5949277	2.298203311333197
RP11-173M1.4	SRR5949278	2.2996083962137814
RP11-173M1.4	SRR5949279	2.2996083962137814
RP11-173M1.4	SRR5949280	2.2987612301665714
RP11-173M1.4	SRR5949281	2.299602710558188
RP11-173M1.4	SRR5949282	2.2998000249309873
RP11-173M1.4	SRR5949283	2.298922006999677
RP11-173M1.4	SRR5949284	2.2998000249309873
RP11-173M1.4	SRR5949285	2.297070541923743
RP11-173M1.4	SRR5949286	2.298012247300879
RP11-173M1.4	SRR5949287	2.2998000249309873
RP11-173M1.4	SRR5949288	2.2996083962137814
RP11-173M1.4	SRR5949289	2.2993306432998204
RP11-173M1.4	SRR5949290	2.2998000249309873
RP11-173M1.4	SRR5949291	2.2995631188181607
RP11-173M1.4	SRR5949292	2.299505987259966
RP11-173M1.4	SRR5949293	2.2998000249309873
RP11-173M1.4	SRR5949294	2.299751728283023
RP11-173M1.4	SRR5949295	2.2996083962137814
RP11-173M1.4	SRR5949296	2.2996083962137814
RP11-173M1.4	SRR5949297	2.2996567302037265
RP11-173M1.4	SRR5949298	2.299228765720494
RP11-173M1.4	SRR5949299	2.299514265030598
RP11-173M1.4	SRR5949300	2.299751728283023
RP11-173M1.4	SRR5949301	2.299751728283023
RP11-173M1.4	SRR5949302	2.2993306432998204
RP11-173M1.4	SRR5949303	2.2993032464281624
RP11-173M1.4	SRR5949304	2.2996567302037265
RP11-173M1.4	SRR5949305	2.298012247300879
RP11-173M1.4	SRR5949306	2.2997400985311405
RP11-173M1.4	SRR5949307	2.299514265030598
RP11-173M1.4	SRR5949308	2.299602710558188
RP11-173M1.4	SRR5949309	2.299113102368235
RP11-173M1.4	SRR5949310	2.299113102368235
RP11-173M1.4	SRR5949311	2.2995631188181607
RP11-173M1.4	SRR5949312	2.298922442321642
RP11-173M1.4	SRR5949313	2.2995631188181607
RP11-173M1.4	SRR5949314	2.299751728283023
RP11-173M1.4	SRR5949315	2.2995631188181607
RP11-173M1.4	SRR5949316	2.2996083962137814
RP11-173M1.4	SRR5949317	2.2984877367388115
RP11-173M1.4	SRR5949318	2.298203311333197
RP11-173M1.4	SRR5949319	2.2996567302037265
RP11-173M1.4	SRR5949320	2.2998000249309873
RP11-173M1.4	SRR5949321	2.299602710558188
RP11-173M1.4	SRR5949322	2.299228765720494
RP11-173M1.4	SRR5949323	2.2995631188181607
RP11-173M1.4	SRR5949324	2.2998000249309873
RP11-173M1.4	SRR5949325	2.2996083962137814
RP11-173M1.4	SRR5949326	2.2995631188181607
RP11-173M1.4	SRR5949327	2.2980008046518297
RP11-173M1.4	SRR5949328	2.2996567302037265
RP11-173M1.4	SRR5949329	2.2996567302037265
RP11-173M1.4	SRR5949330	2.2996083962137814
RP11-173M1.4	SRR5949331	2.2997400985311405
RP11-173M1.4	SRR5949332	2.2998000249309873
RP11-173M1.4	SRR5949333	2.2993987673039396
RP11-173M1.4	SRR5949334	2.2989017507655034
RP11-173M1.4	SRR5949335	2.299751728283023
RP11-173M1.4	SRR5949336	2.299602710558188
RP11-173M1.4	SRR5949337	2.2997400985311405
RP11-173M1.4	SRR5949338	2.2996083962137814
RP11-173M1.4	SRR5949339	2.2996083962137814
RP11-173M1.4	SRR5949340	2.299228765720494
RP11-173M1.4	SRR5949341	2.299454958302698
RP11-173M1.4	SRR5949342	2.2997400985311405
RP11-173M1.4	SRR5949343	2.299454958302698
RP11-173M1.4	SRR5949344	2.2996567302037265
RP11-173M1.4	SRR5949345	2.2997400985311405
RP11-173M1.4	SRR5949346	2.297964833388643
RP11-173M1.4	SRR5949347	2.2988514486771585
RP11-173M1.4	SRR5949348	2.2975418851469627
RP11-173M1.4	SRR5949349	2.2996083962137814
RP11-173M1.4	SRR5949350	2.299514265030598
RP11-173M1.4	SRR5949351	2.2995631188181607
RP11-173M1.4	SRR5949352	2.299602710558188
RP11-173M1.4	SRR5949353	2.2996083962137814
RP11-173M1.4	SRR5949354	2.299044895412525
RP11-173M1.4	SRR5949355	2.299454958302698
RP11-173M1.4	SRR5949356	2.2934244776176698
RP11-173M1.4	SRR5949357	2.299505987259966
RP11-173M1.4	SRR5949358	2.2995631188181607
RP11-173M1.4	SRR5949359	2.2996083962137814
RP11-173M1.4	SRR5949360	2.299454958302698
RP11-173M1.4	SRR5949361	2.2993306432998204
RP11-173M1.4	SRR5949362	2.2956377681029023
RP11-173M1.4	SRR5949363	2.299751728283023
RP11-173M1.4	SRR5949364	2.299211781413801
RP11-173M1.4	SRR5949365	2.298824288608975
RP11-173M1.4	SRR5949366	2.294875431813401
RP11-173M1.4	SRR5949367	2.2998000249309873
RP11-173M1.4	SRR5949368	2.297609236265136
RP11-173M1.4	SRR5949369	2.299751728283023
RP11-173M1.4	SRR5949370	2.2996567302037265
RP11-173M1.4	SRR5949371	2.299113102368235
RP11-173M1.4	SRR5949372	2.299602710558188
RP11-173M1.4	SRR5949373	2.299751728283023
RP11-173M1.4	SRR5949374	2.2993032464281624
RP11-173M1.4	SRR5949375	2.299751728283023
RP11-173M1.4	SRR5949376	2.2998000249309873
RP11-173M1.4	SRR5949377	2.2996083962137814
RP11-173M1.4	SRR5949378	2.2998000249309873
RP11-173M1.4	SRR5949379	2.2996083962137814
RP11-173M1.4	SRR5949380	2.2978943635139832
RP11-173M1.4	SRR5949381	2.299002459632395
RP11-173M1.4	SRR5949382	2.2996567302037265
RP11-173M1.4	SRR5949383	2.2993987673039396
RP11-173M1.4	SRR5949384	2.299751728283023
RP11-173M1.4	SRR5949385	2.299319360089084
RP11-173M1.4	SRR5949386	2.2998000249309873
RP11-173M1.4	SRR5949387	2.295860370609188
RP11-173M1.4	SRR5949388	2.299044895412525
RP11-173M1.4	SRR5949389	2.2998000249309873
RP11-173M1.4	SRR5949390	2.2995631188181607
RP11-173M1.4	SRR5949391	2.299113102368235
RP11-173M1.4	SRR5949392	2.2998000249309873
RP11-173M1.4	SRR5949393	2.299113102368235
RP11-173M1.4	SRR5949394	81.61458731695002
RP11-173M1.4	SRR5949395	2.2995631188181607
RP11-173M1.4	SRR5949396	2.2978409792742793
RP11-173M1.4	SRR5949397	2.299751728283023
RP11-173M1.4	SRR5949398	2.2997400985311405
RP11-173M1.4	SRR5949399	2.2995631188181607
RP11-173M1.4	SRR5949400	2.288447964702801
RP11-173M1.4	SRR5949401	2.2998000249309873
RP11-173M1.4	SRR5949402	2.299602710558188
RP11-173M1.4	SRR5949403	2.299514265030598
RP11-173M1.4	SRR5949404	2.2991222709962207
RP11-173M1.4	SRR5949405	2.2996083962137814
RP11-173M1.4	SRR5949406	2.299751728283023
RP11-173M1.4	SRR5949407	2.2996083962137814
RP11-173M1.4	SRR5949408	2.2996083962137814
RP11-173M1.4	SRR5949409	2.299602710558188
RP11-173M1.4	SRR5949410	2.299602710558188
RP11-173M1.4	SRR5949411	2.2998000249309873
RP11-173M1.4	SRR5949412	2.2993306432998204
RP11-173M1.4	SRR5949413	2.2996083962137814
RP11-173M1.4	SRR5949414	2.2996567302037265
RP11-173M1.4	SRR5949415	2.2997400985311405
RP11-173M1.4	SRR5949416	2.299505987259966
RP11-173M1.4	SRR5949417	2.2993987673039396
RP11-173M1.4	SRR5949418	2.2996083962137814
RP11-173M1.4	SRR5949419	2.2996567302037265
RP11-173M1.4	SRR5949420	2.299454958302698
RP11-173M1.4	SRR5949421	2.2993987673039396
RP11-173M1.4	SRR5949422	2.299505987259966
RP11-173M1.4	SRR5949423	2.299505987259966
RP11-173M1.4	SRR5949424	2.2998000249309873
RP11-173M1.4	SRR5949425	2.299505987259966
RP11-173M1.4	SRR5949426	2.2997400985311405
RP11-173M1.4	SRR5949427	2.299505987259966
RP11-173M1.4	SRR5949428	2.2998000249309873
RP11-173M1.4	SRR5949429	2.298922442321642
RP11-173M1.4	SRR5949430	2.2995631188181607
RP11-173M1.4	SRR5949431	2.2995631188181607
RP11-173M1.4	SRR5949432	2.299602710558188
RP11-173M1.4	SRR5949433	2.299514265030598
RP11-173M1.4	SRR5949434	2.299514265030598
RP11-173M1.4	SRR5949435	2.299102135507671
RP11-173M1.4	SRR5949436	2.2996567302037265
RP11-173M1.4	SRR5949437	2.298922442321642
RP11-173M1.4	SRR5949438	2.2987612301665714
RP11-173M1.4	SRR5949439	2.299751728283023
RP11-173M1.4	SRR5949440	2.2997400985311405
RP11-173M1.4	SRR5949441	2.2997400985311405
RP11-173M1.4	SRR5949442	2.2993032464281624
RP11-173M1.4	SRR5949443	2.2991222709962207
RP11-173M1.4	SRR5949444	2.299002459632395
RP11-173M1.4	SRR5949445	2.2998000249309873
RP11-173M1.4	SRR5949446	2.2997400985311405
RP11-173M1.4	SRR5949447	2.299514265030598
RP11-173M1.4	SRR5949448	2.2998000249309873
RP11-173M1.4	SRR5949449	2.2998000249309873
RP11-173M1.4	SRR5949450	2.2995631188181607
RP11-173M1.4	SRR5949451	2.2993987673039396
RP11-173M1.4	SRR5949452	2.2996083962137814
RP11-173M1.4	SRR5949453	2.2995631188181607
RP11-173M1.4	SRR5949454	2.2996083962137814
RP11-173M1.4	SRR5949455	2.299514265030598
RP11-173M1.4	SRR5949456	2.299751728283023
RP11-173M1.4	SRR5949457	2.2997400985311405
RP11-173M1.4	SRR5949458	2.299751728283023
RP11-173M1.4	SRR5949459	2.299602710558188
RP11-173M1.4	SRR5949460	2.2991222709962207
RP11-173M1.4	SRR5949461	2.2980008046518297
RP11-173M1.4	SRR5949462	2.2996567302037265
RP11-173M1.4	SRR5949463	2.299102135507671
RP11-173M1.4	SRR5949464	2.298922006999677
RP11-173M1.4	SRR5949465	2.2979175612142555
RP11-173M1.4	SRR5949466	2.2995631188181607
RP11-173M1.4	SRR5949467	2.2978943635139832
RP11-173M1.4	SRR5949468	2.2996567302037265
RP11-173M1.4	SRR5949469	2.2997400985311405
RP11-173M1.4	SRR5949470	2.2996083962137814
RP11-173M1.4	SRR5949471	2.299454958302698
RP11-173M1.4	SRR5949472	2.299602710558188
RP11-173M1.4	SRR5949473	2.299602710558188
RP11-173M1.4	SRR5949474	2.299514265030598
RP11-173M1.4	SRR5949475	2.2998000249309873
RP11-173M1.4	SRR5949476	2.2996083962137814
RP11-173M1.4	SRR5949477	2.2997400985311405
RP11-173M1.4	SRR5949478	2.299602710558188
RP11-173M1.4	SRR5949479	2.29856678709943
RP11-173M1.4	SRR5949480	2.299505987259966
RP11-173M1.4	SRR5949481	2.2997400985311405
RP11-173M1.4	SRR5949482	2.2993306432998204
RP11-173M1.4	SRR5949483	2.298526020425767
RP11-173M1.4	SRR5949484	2.2996567302037265
RP11-173M1.4	SRR5949485	2.299002459632395
RP11-173M1.4	SRR5949486	2.299514265030598
RP11-173M1.4	SRR5949487	2.299505987259966
RP11-173M1.4	SRR5949488	2.298922442321642
RP11-173M1.4	SRR5949489	2.299211781413801
RP11-173M1.4	SRR5949490	2.299211781413801
RP11-173M1.4	SRR5949491	2.299514265030598
RP11-173M1.4	SRR5949492	2.299211781413801
RP11-173M1.4	SRR5949493	2.299454958302698
RP11-173M1.4	SRR5949494	2.2998000249309873
RP11-173M1.4	SRR5949495	2.2989415045714083
RP11-173M1.4	SRR5949496	2.299454958302698
RP11-173M1.4	SRR5949497	2.299454958302698
RP11-173M1.4	SRR5949498	2.2995631188181607
RP11-173M1.4	SRR5949499	2.2996567302037265
RP11-173M1.4	SRR5949500	2.298824288608975
RP11-173M1.4	SRR5949501	2.299031612140052
RP11-173M1.4	SRR5949502	2.2985146476297014
RP11-173M1.4	SRR5949503	2.299279112966382
RP11-173M1.4	SRR5949504	2.2996083962137814
RP11-173M1.4	SRR5949505	2.2996083962137814
RP11-173M1.4	SRR5949506	2.2996083962137814
RP11-173M1.4	SRR5949507	2.2997400985311405
RP11-173M1.4	SRR5949508	2.299505987259966
RP11-173M1.4	SRR5949509	2.2996567302037265
RP11-173M1.4	SRR5949510	2.2996083962137814
RP11-173M1.4	SRR5949511	2.2979185659491175
RP11-173M1.4	SRR5949512	2.299602710558188
RP11-173M1.4	SRR5949513	2.2998000249309873
RP11-173M1.4	SRR5949514	2.299319360089084
RP11-173M1.4	SRR5949515	2.2996567302037265
RP11-173M1.4	SRR5949516	2.299514265030598
RP11-173M1.4	SRR5949517	2.2996083962137814
RP11-173M1.4	SRR5949518	2.29856678709943
RP11-173M1.4	SRR5949519	2.299211781413801
RP11-173M1.4	SRR5949520	2.2997400985311405
RP11-173M1.4	SRR5949521	2.2981719328009773
RP11-173M1.4	SRR5949522	2.299602710558188
RP11-173M1.4	SRR5949523	2.2997400985311405
RP11-173M1.4	SRR5949524	2.299514265030598
RP11-173M1.4	SRR5949525	2.299319360089084
RP11-173M1.4	SRR5949526	2.297988803764873
RP11-173M1.4	SRR5949527	2.299279112966382
RP11-173M1.4	SRR5949528	2.2967441350874958
RP11-173M1.4	SRR5949529	2.299044895412525
RP11-173M1.4	SRR5949530	2.299454958302698
RP11-173M1.4	SRR5949531	2.2993306432998204
RP11-173M1.4	SRR5949532	2.2997400985311405
RP11-173M1.4	SRR5949533	2.2998000249309873
RP11-173M1.4	SRR5949534	2.299319360089084
RP11-173M1.4	SRR5949535	2.2996567302037265
RP11-173M1.4	SRR5949536	2.2995631188181607
RP11-173M1.4	SRR5949537	2.2997400985311405
RP11-173M1.4	SRR5949538	2.2998000249309873
RP11-173M1.4	SRR5949539	2.299454958302698
RP11-173M1.4	SRR5949540	2.2991222709962207
RP11-173M1.4	SRR5949541	2.299454958302698
RP11-173M1.4	SRR5949542	2.299044895412525
RP11-173M1.4	SRR5949543	2.299505987259966
RP11-173M1.4	SRR5949544	2.2991222709962207
RP11-173M1.4	SRR5949545	2.29856678709943
RP11-173M1.4	SRR5949546	2.299279112966382
RP11-173M1.4	SRR5949547	2.2998000249309873
RP11-173M1.4	SRR5949548	2.299514265030598
RP11-173M1.4	SRR5949549	2.298824288608975
RP11-173M1.4	SRR5949550	2.2978943635139832
RP11-173M1.4	SRR5949551	2.299602710558188
RP11-173M1.4	SRR5949552	2.298964654859637
RP11-173M1.4	SRR5949553	2.299751728283023
RP11-173M1.4	SRR5949554	2.2996083962137814
RP11-173M1.4	SRR5949555	2.2818854108602
RP11-173M1.4	SRR5949556	2.299031612140052
RP11-173M1.4	SRR5949557	2.2995631188181607
RP11-173M1.4	SRR5949558	2.2989415045714083
RP11-173M1.4	SRR5949559	2.2996567302037265
RP11-173M1.4	SRR5949560	2.2996567302037265
RP11-173M1.4	SRR5949561	2.298012247300879
RP11-173M1.4	SRR5949562	2.299002459632395
RP11-173M1.4	SRR5949563	2.2995631188181607
RP11-173M1.4	SRR5949564	2.299602710558188
RP11-173M1.4	SRR5949565	2.299751728283023
RP11-173M1.4	SRR5949566	2.2996567302037265
RP11-173M1.4	SRR5949567	2.2958684104993083
RP11-173M1.4	SRR5949568	2.299113102368235
RP11-173M1.4	SRR5949569	2.299228765720494
RP11-173M1.4	SRR5949570	2.299454958302698
RP11-173M1.4	SRR5949571	2.2986575720386253
RP11-173M1.4	SRR5949572	2.2993987673039396
RP11-173M1.4	SRR5949573	2.299113102368235
RP11-173M1.4	SRR5949574	2.2995631188181607
RP11-173M1.4	SRR5949575	2.299505987259966
RP11-173M1.4	SRR5949576	2.2993987673039396
RP11-173M1.4	SRR5949577	2.299751728283023
RP11-173M1.4	SRR5949578	2.2995631188181607
RP11-173M1.4	SRR5949579	2.2996567302037265
RP11-173M1.4	SRR5949580	2.2996567302037265
RP11-173M1.4	SRR5949581	2.2998000249309873
RP11-173M1.4	SRR5949582	2.299228765720494
RP11-173M1.4	SRR5949583	2.299751728283023
RP11-173M1.4	SRR5949584	2.2979427066669076
RP11-173M1.4	SRR5949585	2.299602710558188
RP11-173M1.4	SRR5949586	2.2996083962137814
RP11-173M1.4	SRR5949587	2.299514265030598
RP11-173M1.4	SRR5949588	2.29646648280364
RP11-173M1.4	SRR5949589	2.2998000249309873
RP11-173M1.4	SRR5949590	2.299279112966382
RP11-173M1.4	SRR5949591	2.2996567302037265
RP11-173M1.4	SRR5949592	2.2993306432998204
RP11-173M1.4	SRR5949593	2.2998000249309873
RP11-173M1.4	SRR5949594	2.2993987673039396
RP11-173M1.4	SRR5949595	2.2996083962137814
RP11-173M1.4	SRR5949596	2.299514265030598
RP11-173M1.4	SRR5949597	2.2984655796441573
RP11-173M1.4	SRR5949598	2.299454958302698
RP11-173M1.4	SRR5949599	2.299279112966382
RP11-173M1.4	SRR5949600	2.2995631188181607
RP11-173M1.4	SRR5949601	2.2993987673039396
RP11-173M1.4	SRR5949602	2.2998000249309873
RP11-173M1.4	SRR5949603	2.299602710558188
RP11-173M1.4	SRR5949604	2.2996083962137814
RP11-173M1.4	SRR5949605	2.2993987673039396
RP11-173M1.4	SRR5949606	2.2989415045714083
RP11-173M1.4	SRR5949607	2.2997400985311405
RP11-173M1.4	SRR5949608	2.2980008046518297
RP11-173M1.4	SRR5950246	2.2979185659491175
RP11-173M1.4	SRR5950247	2.2989415045714083
RP11-173M1.4	SRR5950248	2.2995631188181607
RP11-173M1.4	SRR5950249	2.2998000249309873
RP11-173M1.4	SRR5950250	2.2991222709962207
RP11-173M1.4	SRR5950251	2.2995631188181607
RP11-173M1.4	SRR5950252	2.299751728283023
RP11-173M1.4	SRR5950253	2.2996083962137814
RP11-173M1.4	SRR5950254	2.2989415045714083
RP11-173M1.4	SRR5950255	2.2984655796441573
RP11-173M1.4	SRR5950256	2.29765634280354
RP11-173M1.4	SRR5950257	2.297589140454999
RP11-173M1.4	SRR5950258	2.299602710558188
RP11-173M1.4	SRR5950259	2.2996567302037265
RP11-173M1.4	SRR5950260	2.2995631188181607
RP11-173M1.4	SRR5950261	2.299602710558188
RP11-173M1.4	SRR5950262	2.299319360089084
RP11-173M1.4	SRR5950263	2.2985146476297014
RP11-173M1.4	SRR5950264	2.2997400985311405
RP11-173M1.4	SRR5950265	2.2991222709962207
RP11-173M1.4	SRR5950266	2.297936928613235
RP11-173M1.4	SRR5950267	2.299602710558188
RP11-173M1.4	SRR5950268	2.2993987673039396
RP11-173M1.4	SRR5950269	2.299454958302698
RP11-173M1.4	SRR5950270	2.298922006999677
RP11-173M1.4	SRR5950271	2.2998000249309873
RP11-173M1.4	SRR5950272	2.2998000249309873
RP11-173M1.4	SRR5950273	2.2995631188181607
RP11-173M1.4	SRR5950274	2.2993032464281624
RP11-173M1.4	SRR5950275	2.2993987673039396
RP11-173M1.4	SRR5950276	2.299602710558188
RP11-173M1.4	SRR5950277	2.299031612140052
RP11-173M1.4	SRR5950278	2.2984877367388115
RP11-173M1.4	SRR5950279	2.299514265030598
RP11-173M1.4	SRR5950280	2.2996083962137814
RP11-173M1.4	SRR5950281	2.2993987673039396
RP11-173M1.4	SRR5950282	2.2986575720386253
RP11-173M1.4	SRR5950283	2.299602710558188
RP11-173M1.4	SRR5950284	2.2932542680484147
RP11-173M1.4	SRR5950285	2.298964654859637
RP11-173M1.4	SRR5950286	2.2995631188181607
RP11-173M1.4	SRR5950287	2.298203311333197
RP11-173M1.4	SRR5950288	2.299102135507671
RP11-173M1.4	SRR5950289	2.298012247300879
RP11-173M1.4	SRR5950290	2.2996567302037265
RP11-173M1.4	SRR5950291	2.299602710558188
RP11-173M1.4	SRR5950292	2.2993306432998204
RP11-173M1.4	SRR5950293	2.298922006999677
RP11-173M1.4	SRR5950294	2.2998000249309873
RP11-173M1.4	SRR5950295	2.299751728283023
RP11-173M1.4	SRR5950296	2.299505987259966
RP11-173M1.4	SRR5950297	2.2989017507655034
RP11-173M1.4	SRR5950298	2.2996567302037265
RP11-173M1.4	SRR5950299	2.299228765720494
RP11-173M1.4	SRR5950300	2.299514265030598
RP11-173M1.4	SRR5950301	2.299602710558188
RP11-173M1.4	SRR5950302	2.299505987259966
RP11-173M1.4	SRR5950303	2.299228765720494
RP11-173M1.4	SRR5950304	2.298922442321642
RP11-173M1.4	SRR5950305	2.299505987259966
RP11-173M1.4	SRR5950306	2.299505987259966
RP11-173M1.4	SRR5950307	2.299211781413801
RP11-173M1.4	SRR5950308	2.2993306432998204
RP11-173M1.4	SRR5950309	2.2993987673039396
RP11-173M1.4	SRR5950310	2.2995631188181607
RP11-173M1.4	SRR5950311	2.2997400985311405
RP11-173M1.4	SRR5950312	2.299602710558188
RP11-173M1.4	SRR5950313	2.2993306432998204
RP11-173M1.4	SRR5950314	2.2996567302037265
RP11-173M1.4	SRR5950315	2.299602710558188
RP11-173M1.4	SRR5950316	2.2997400985311405
RP11-173M1.4	SRR5950317	2.299228765720494
RP11-173M1.4	SRR5950318	2.298922006999677
RP11-173M1.4	SRR5950319	2.299279112966382
RP11-173M1.4	SRR5950320	2.299228765720494
RP11-173M1.4	SRR5950321	2.297672918719442
RP11-173M1.4	SRR5950322	2.299044895412525
RP11-173M1.4	SRR5950323	2.2993032464281624
RP11-173M1.4	SRR5950324	2.2996567302037265
RP11-173M1.4	SRR5950325	2.299319360089084
RP11-173M1.4	SRR5950326	2.299031612140052
RP11-173M1.4	SRR5950327	2.299602710558188
RP11-173M1.4	SRR5950328	2.299602710558188
RP11-173M1.4	SRR5950329	2.299505987259966
RP11-173M1.4	SRR5950330	2.299279112966382
RP11-173M1.4	SRR5950331	2.2986575720386253
RP11-173M1.4	SRR5950332	2.2989415045714083
RP11-173M1.4	SRR5950333	2.2996567302037265
RP11-173M1.4	SRR5950334	2.2996567302037265
RP11-173M1.4	SRR5950335	2.2996567302037265
RP11-173M1.4	SRR5950336	2.2955818535592107
RP11-173M1.4	SRR5950337	2.2981044396511323
RP11-173M1.4	SRR5950338	2.2969108253981494
RP11-173M1.4	SRR5950339	2.2998000249309873
RP11-173M1.4	SRR5950340	2.299211781413801
RP11-173M1.4	SRR5950341	2.2993306432998204
RP11-173M1.4	SRR5950342	2.2997400985311405
RP11-173M1.4	SRR5950343	2.2993306432998204
RP11-173M1.4	SRR5950344	2.299044895412525
RP11-173M1.4	SRR5950345	2.2993032464281624
RP11-173M1.4	SRR5950346	2.299602710558188
RP11-173M1.4	SRR5950347	2.299505987259966
RP11-173M1.4	SRR5950348	2.299211781413801
RP11-173M1.4	SRR5950349	2.299751728283023
RP11-173M1.4	SRR5950350	2.2995631188181607
RP11-173M1.4	SRR5950351	2.298203311333197
RP11-173M1.4	SRR5950352	2.2997400985311405
RP11-173M1.4	SRR5950353	2.299505987259966
RP11-173M1.4	SRR5950354	2.2997400985311405
RP11-173M1.4	SRR5950355	2.2997400985311405
RP11-173M1.4	SRR5950356	2.2979959793222626
RP11-173M1.4	SRR5950357	2.2997400985311405
RP11-173M1.4	SRR5950358	2.299228765720494
RP11-173M1.4	SRR5950359	2.299454958302698
RP11-173M1.4	SRR5950360	2.2997400985311405
RP11-173M1.4	SRR5950361	2.2997400985311405
RP11-173M1.4	SRR5950362	2.299044895412525
RP11-173M1.4	SRR5950363	2.2989017507655034
RP11-173M1.4	SRR5950364	2.299279112966382
RP11-173M1.4	SRR5950365	2.2996083962137814
RP11-173M1.4	SRR5950366	2.2996567302037265
RP11-173M1.4	SRR5950367	2.2978048359959495
RP11-173M1.4	SRR5950368	2.299505987259966
RP11-173M1.4	SRR5950369	2.2998000249309873
RP11-173M1.4	SRR5950370	2.2998000249309873
RP11-173M1.4	SRR5950371	2.299602710558188
RP11-173M1.4	SRR5950372	2.2996083962137814
RP11-173M1.4	SRR5950373	2.299514265030598
RP11-173M1.4	SRR5950374	2.299514265030598
RP11-173M1.4	SRR5950375	2.2997400985311405
RP11-173M1.4	SRR5950376	2.2998000249309873
RP11-173M1.4	SRR5950377	2.298824288608975
RP11-173M1.4	SRR5950378	2.299514265030598
RP11-173M1.4	SRR5950379	2.299505987259966
RP11-173M1.4	SRR5950380	2.2993306432998204
RP11-173M1.4	SRR5950381	2.299319360089084
RP11-173M1.4	SRR5950382	2.298203311333197
RP11-173M1.4	SRR5950383	2.299751728283023
RP11-173M1.4	SRR5950384	2.2996567302037265
RP11-173M1.4	SRR5950385	2.2981719328009773
RP11-173M1.4	SRR5950386	2.2997400985311405
RP11-173M1.4	SRR5950387	2.299751728283023
RP11-173M1.4	SRR5950388	2.2991222709962207
RP11-173M1.4	SRR5950389	2.297070541923743
RP11-173M1.4	SRR5950390	2.2993987673039396
RP11-173M1.4	SRR5950391	2.2998000249309873
RP11-173M1.4	SRR5950392	2.298203311333197
RP11-173M1.4	SRR5950393	2.299113102368235
RP11-173M1.4	SRR5950394	2.299454958302698
RP11-173M1.4	SRR5950395	2.299505987259966
RP11-173M1.4	SRR5950396	2.2998000249309873
RP11-173M1.4	SRR5950397	2.299751728283023
RP11-173M1.4	SRR5950398	2.299751728283023
RP11-173M1.4	SRR5950399	2.299319360089084
RP11-173M1.4	SRR5950400	2.2993987673039396
RP11-173M1.4	SRR5950401	2.2997400985311405
RP11-173M1.4	SRR5950402	2.2997400985311405
RP11-173M1.4	SRR5950403	2.2995631188181607
RP11-173M1.4	SRR5950404	2.2996083962137814
RP11-173M1.4	SRR5950405	2.29646648280364
RP11-173M1.4	SRR5950406	2.2987612301665714
RP11-173M1.4	SRR5950407	2.299602710558188
RP11-173M1.4	SRR5950408	2.298922442321642
RP11-173M1.4	SRR5950409	2.299113102368235
RP11-173M1.4	SRR5950410	2.2998000249309873
RP11-173M1.4	SRR5950411	2.2996567302037265
RP11-173M1.4	SRR5950412	2.2997400985311405
RP11-173M1.4	SRR5950413	2.2987314241913683
RP11-173M1.4	SRR5950414	2.299602710558188
RP11-173M1.4	SRR5950415	2.299228765720494
RP11-173M1.4	SRR5950416	2.2993306432998204
RP11-173M1.4	SRR5950417	2.2993987673039396
RP11-173M1.4	SRR5950418	2.299102135507671
RP11-173M1.4	SRR5950419	2.2997400985311405
RP11-173M1.4	SRR5950420	2.299505987259966
RP11-173M1.4	SRR5950421	2.2991222709962207
RP11-173M1.4	SRR5950422	2.2989415045714083
RP11-173M1.4	SRR5950423	2.299514265030598
RP11-173M1.4	SRR5950424	2.2996567302037265
RP11-173M1.4	SRR5950425	2.2997400985311405
RP11-173M1.4	SRR5950426	2.299211781413801
RP11-173M1.4	SRR5950427	2.2996567302037265
RP11-173M1.4	SRR5950428	2.299514265030598
RP11-173M1.4	SRR5950429	2.2997400985311405
RP11-173M1.4	SRR5950430	2.299454958302698
RP11-173M1.4	SRR5950431	2.299454958302698
RP11-173M1.4	SRR5950432	2.2996083962137814
RP11-173M1.4	SRR5950433	2.299602710558188
RP11-173M1.4	SRR5950434	2.2991222709962207
RP11-173M1.4	SRR5950435	2.299514265030598
RP11-173M1.4	SRR5950436	2.2997400985311405
RP11-173M1.4	SRR5950437	2.299454958302698
RP11-173M1.4	SRR5950438	2.2996567302037265
RP11-173M1.4	SRR5950439	2.299751728283023
RP11-173M1.4	SRR5950440	2.29073082747363
RP11-173M1.4	SRR5950441	2.2989415045714083
RP11-173M1.4	SRR5950442	2.2995631188181607
RP11-173M1.4	SRR5950443	2.299319360089084
RP11-173M1.4	SRR5950444	2.299602710558188
RP11-173M1.4	SRR5950445	2.2996083962137814
RP11-173M1.4	SRR5950446	2.2993032464281624
RP11-173M1.4	SRR5950447	2.2988514486771585
RP11-173M1.4	SRR5950448	2.299602710558188
RP11-173M1.4	SRR5950449	2.2996083962137814
RP11-173M1.4	SRR5950450	2.2997400985311405
RP11-173M1.4	SRR5950451	2.2998000249309873
RP11-173M1.4	SRR5950452	2.298964654859637
RP11-173M1.4	SRR5950453	2.2996567302037265
RP11-173M1.4	SRR5950454	2.298964654859637
RP11-173M1.4	SRR5950455	2.2996567302037265
RP11-173M1.4	SRR5950456	2.299514265030598
RP11-173M1.4	SRR5950457	2.299319360089084
RP11-173M1.4	SRR5950458	2.2998000249309873
RP11-173M1.4	SRR5950459	2.299505987259966
RP11-173M1.4	SRR5950460	2.299505987259966
RP11-173M1.4	SRR5950461	2.2995631188181607
RP11-173M1.4	SRR5950462	2.298526020425767
RP11-173M1.4	SRR5950463	2.299228765720494
RP11-173M1.4	SRR5950464	2.299031612140052
RP11-173M1.4	SRR5950465	2.289917431234247
RP11-173M1.4	SRR5950466	2.299602710558188
RP11-173M1.4	SRR5950467	2.299505987259966
RP11-173M1.4	SRR5950468	2.299602710558188
RP11-173M1.4	SRR5950469	2.299279112966382
RP11-173M1.4	SRR5950470	2.2997400985311405
RP11-173M1.4	SRR5963912	2.2998000249309873
RP11-173M1.4	SRR5963913	2.299044895412525
RP11-173M1.4	SRR5963914	2.2998000249309873
RP11-173M1.4	SRR5963915	2.2991222709962207
RP11-173M1.4	SRR5963916	2.298824288608975
RP11-173M1.4	SRR5963917	2.2993987673039396
RP11-173M1.4	SRR5963918	2.299454958302698
RP11-173M1.4	SRR5963919	2.2996083962137814
RP11-173M1.4	SRR5963920	2.299514265030598
RP11-173M1.4	SRR5963921	2.2996567302037265
RP11-173M1.4	SRR5963922	2.2993306432998204
RP11-173M1.4	SRR5963923	2.299454958302698
RP11-173M1.4	SRR5963924	2.2996083962137814
RP11-173M1.4	SRR5963925	2.299044895412525
RP11-173M1.4	SRR5963926	2.299031612140052
RP11-173M1.4	SRR5963927	2.299751728283023
RP11-173M1.4	SRR5963928	2.298964654859637
RP11-173M1.4	SRR5963929	2.299602710558188
RP11-173M1.4	SRR5963930	2.2986575720386253
RP11-173M1.4	SRR5963931	2.2998000249309873
RP11-173M1.4	SRR5963932	2.299514265030598
RP11-173M1.4	SRR5963933	2.299319360089084
RP11-173M1.4	SRR5963934	2.2988514486771585
RP11-173M1.4	SRR5963935	2.2998000249309873
RP11-173M1.4	SRR5963936	2.299102135507671
RP11-173M1.4	SRR5963937	2.2985146476297014
RP11-173M1.4	SRR5963938	2.299602710558188
RP11-173M1.4	SRR5963939	2.2996083962137814
RP11-173M1.4	SRR5963940	2.2997400985311405
RP11-173M1.4	SRR5963941	2.2998000249309873
RP11-173M1.4	SRR5963942	2.2998000249309873
RP11-173M1.4	SRR5963943	2.2996567302037265
RP11-173M1.4	SRR5963944	2.2998000249309873
RP11-173M1.4	SRR5963945	2.299751728283023
RP11-173M1.4	SRR5963946	2.299602710558188
RP11-173M1.4	SRR5963947	2.299602710558188
RP11-173M1.4	SRR5963948	2.299602710558188
RP11-173M1.4	SRR6467548	1.009806123524068
RP11-173M1.4	SRR6467549	1.0166333952670563
RP11-173M1.4	SRR6467550	1.0094573463716312
RP11-173M1.4	SRR6467551	1.0164508190635158
RP11-173M1.4	SRR6467552	1.0165227814557534
RP11-173M1.4	SRR6467553	1.031917753407997
RP11-173M1.4	SRR6467554	1.0225494456218691
RP11-173M1.4	SRR6467555	1.0144151620441488
RP11-173M1.4	SRR6467556	1.0118279387635634
RP11-173M1.4	SRR6467557	1.011419518838626
RP11-173M1.4	SRR6467558	1.0202167779550353
RP11-173M1.4	SRR6467559	1.0021749573528569
RP11-173M1.4	SRR6467560	1.0102148863804552
RP11-173M1.4	SRR6467561	1.0074511140063074
RP11-173M1.4	SRR6467562	1.003793020797143
RP11-173M1.4	SRR6467563	1.0061967931686884
RP11-173M1.4	SRR6467564	1.007311001168582
RP11-173M1.4	SRR6467565	1.0096995243760967
RP11-173M1.4	SRR6467566	1.0275298262095158
RP11-173M1.4	SRR6467567	2.0221457383278207
RP11-173M1.4	SRR6467568	1.0041019499142785
RP11-173M1.4	SRR6467569	1.0146397099735318
RP11-173M1.4	SRR6467570	4.606185141487856
RP11-173M1.4	SRR6467571	6.004319106973522
RP11-173M1.4	SRR6467572	3.0184572769130535
RP11-173M1.4	SRR6467573	1.0067982845157166
RP11-173M1.4	SRR6467574	1
RP11-173M1.4	SRR6467575	4.0011786962540175
RP11-173M1.4	SRR6467576	1.0046747157254012
RP11-173M1.4	SRR6467577	2.0028804410204066
RP11-173M1.4	SRR6467578	2.0197476001149717
RP11-173M1.4	SRR6467579	1.0105838312629851
RP11-173M1.4	SRR6467580	0.9521925496582391
RP11-173M1.4	SRR6467581	2.5806209683677257
RP11-173M1.4	SRR6467582	1.8824636718037793
RP11-173M1.4	SRR6467583	1
RP11-173M1.4	SRR6467584	5.018155095413709
RP11-173M1.4	SRR6467585	2.903910818119212
RP11-173M1.4	SRR6467586	1.401169819975342
RP11-173M1.4	SRR6467587	3.164431630633183
RP11-173M1.4	SRR6467588	0.556671230961435
RP11-173M1.4	SRR6467589	5
RP11-173M1.4	SRR6467590	3.008290260914171
RP11-173M1.4	SRR6467591	3.031558805980004
RP11-173M1.4	SRR6467592	4.03111815857663
RP11-173M1.4	SRR6467593	1.004538287361441
RP11-173M1.4	SRR6467594	6.618885335438853
RP11-173M1.4	SRR6467595	1.0021917441245578
RP11-173M1.4	SRR6467596	1
RP11-173M1.4	SRR6467597	3.397665816058287
RP11-173M1.4	SRR6467598	3.5612636804314572
RP11-173M1.4	SRR6467599	3.0112222288085944
RP11-173M1.4	SRR6467600	1.004818568850564
RP11-173M1.4	SRR6467601	4.022315269532117
RP11-173M1.4	SRR6467602	3.819276040955042
RP11-173M1.4	SRR6467603	1
RP11-173M1.4	SRR6467604	4.016898942794049
RP11-173M1.4	SRR6467605	3.010721734791846
RP11-173M1.4	SRR6467606	1
RP11-173M1.4	SRR6467607	1
RP11-173M1.4	SRR6467608	1.0026272514823873
RP11-173M1.4	SRR6467609	3.000539742693131
RP11-173M1.4	SRR6467610	1.0099816979843277
RP11-173M1.4	SRR6467611	3.2796908693459095
RP11-173M1.4	SRR6467612	2.0116081710751064
RP11-173M1.4	SRR6467613	2
RP11-173M1.4	SRR6467614	3
RP11-173M1.4	SRR6467615	3.0381112230705685
RP11-173M1.4	SRR6467616	1.0098927550157835
RP11-173M1.4	SRR6467617	3.020006592410174
RP11-173M1.4	SRR6467618	1
RP11-173M1.4	SRR6467619	0.646646876315259
RP11-173M1.4	SRR6467620	3.007777513678988
RP11-173M1.4	SRR6467621	1.005107193890329
RP11-173M1.4	SRR6467622	1.0150608699717154
RP11-173M1.4	SRR6467623	3.592036989497086
RP11-173M1.4	SRR6467624	1.0001799142310437
RP11-173M1.4	SRR6467625	2
RP11-173M1.4	SRR6467626	1
RP11-173M1.4	SRR6467627	1.0100637475538297
RP11-173M1.4	SRR6467628	1
RP11-173M1.4	SRR6467629	1.7503877364812452
RP11-173M1.4	SRR6467630	2.0014397023245074
RP11-173M1.4	SRR6467631	1.0008998949047658
RP11-173M1.4	SRR6467632	1.0071774620660263
RP11-173M1.4	SRR6467633	4
RP11-173M1.4	SRR6467634	1.0039962901985677
RP11-173M1.4	SRR6467635	2.9489154594856646
RP11-173M1.4	SRR6467636	1.0100809623101739
RP11-173M1.4	SRR6467637	3
RP11-173M1.4	SRR6467638	3
RP11-173M1.4	SRR6467639	7.022179567085657
RP11-173M1.4	SRR6467640	1.0209184673656215
RP11-173M1.4	SRR6467641	5.046413914937782
RP11-173M1.4	SRR6467642	2.556467711582714
RP11-173M1.4	SRR6467643	3.0375390015185473
RP11-173M1.4	SRR6467644	4
RP11-173M1.4	SRR6467645	2.4799748005760196
RP11-173M1.4	SRR6467646	1
RP11-173M1.4	SRR6467647	5.314530216192757
RP11-173M1.4	SRR6467648	5.028868169941934
RP11-173M1.4	SRR6467649	4.0211685435911715
RP11-173M1.4	SRR6467650	1.0054730022593972
RP11-173M1.4	SRR6467651	4.011652692065468
RP11-173M1.4	SRR6467652	3.000539742693131
RP11-173M1.4	SRR6467653	1.00992245953211
RP11-173M1.4	SRR6467654	3.0112222288085944
RP11-173M1.4	SRR6467655	2
RP11-173M1.4	SRR6467656	0.9459105516422436
RP11-173M1.4	SRR6467657	5
RP11-173M1.4	SRR6467658	4
RP11-173M1.4	SRR6467659	0.7916307402915718
RP11-173M1.4	SRR6467660	1.0068426805266635
RP11-173M1.4	SRR6467661	4.920662428530914
RP11-173M1.4	SRR6467662	0.8946345345337715
RP11-173M1.4	SRR6467663	4.011163365221578
RP11-173M1.4	SRR6467664	4.511201327779679
RP11-173M1.4	SRR6467665	4
RP11-173M1.4	SRR6467666	1
RP11-173M1.4	SRR6467667	2.42529210229227
RP11-173M1.4	SRR6467668	2.9014662478118223
RP11-173M1.4	SRR6467669	5
RP11-173M1.4	SRR6467670	1
RP11-173M1.4	SRR6467671	2.80238823116712
RP11-173M1.4	SRR6467672	5.044249237292198
RP11-173M1.4	SRR6467673	1.0095900205975368
RP11-173M1.4	SRR6467674	2.0125101359493724
RP11-173M1.4	SRR6467675	1.0086419580070092
RP11-173M1.4	SRR6467676	2.3229917991933298
RP11-173M1.4	SRR6467677	5
RP11-173M1.4	SRR6467678	2
RP11-173M1.4	SRR6467679	2
RP11-173M1.4	SRR6467680	1.01072934295352
RP11-173M1.4	SRR6467681	9
RP11-173M1.4	SRR6467682	4.023940176024733
RP11-173M1.4	SRR6467683	1.0111962112098367
RP11-173M1.4	SRR6467684	1.0025925045596629
RP11-173M1.4	SRR6467685	1.014095870178947
RP11-173M1.4	SRR6467686	1.0014402205102033
RP11-173M1.4	SRR6467687	0.6661969090000487
RP11-173M1.4	SRR6467688	3
RP11-173M1.4	SRR6467689	1.0099029089915499
RP11-173M1.4	SRR6467690	2.0109348645755483
RP11-173M1.4	SRR6467691	3.0166442344106406
RP11-173M1.4	SRR6467692	1.0010052287584692
RP11-173M1.4	SRR6467693	1.9817503956026317
RP11-173M1.4	SRR6467694	1.0075707059203194
RP11-173M1.4	SRR6467695	5.022844978693231
RP11-173M1.4	SRR6467696	3.376001545629645
RP11-173M1.4	SRR6467697	10
RP11-173M1.4	SRR6467698	3.014106566973823
RP11-173M1.4	SRR6467699	2
RP11-173M1.4	SRR6467700	1.451805864031657
RP11-173M1.4	SRR6467701	2
RP11-173M1.4	SRR6467702	1.014337303678091
RP11-173M1.4	SRR6467703	3.037005016447041
RP11-173M1.4	SRR6467704	1.0027908413053945
RP11-173M1.4	SRR6467705	1.006530550845122
RP11-173M1.4	SRR6467706	1.0184705122861608
RP11-173M1.4	SRR6467707	7
RP11-173M1.4	SRR6467708	5.008629017679065
RP11-173M1.4	SRR6467709	3
RP11-173M1.4	SRR6467710	1.0008998949047658
RP11-173M1.4	SRR6467711	4.005461805328575
RP11-173M1.4	SRR6467712	1.0112473218896492
RP11-173M1.4	SRR6467713	6.273972164332744
RP11-173M1.4	SRR6467714	1.005971437060134
RP11-173M1.4	SRR6467715	2
RP11-173M1.4	SRR6467716	4
RP11-173M1.4	SRR6467717	1.0122808125437386
RP11-173M1.4	SRR6467718	1.0154091421713183
RP11-173M1.4	SRR6467719	4.014417765598941
RP11-173M1.4	SRR6467720	5
RP11-173M1.4	SRR6467721	2.0032407877148253
RP11-173M1.4	SRR6467722	0.9984279500806916
RP11-173M1.4	SRR6467723	4
RP11-173M1.4	SRR6467724	1
RP11-173M1.4	SRR6467725	1
RP11-173M1.4	SRR6467726	1.5907665570204272
RP11-173M1.4	SRR6467727	2.004579771497176
RP11-173M1.4	SRR6467728	1
RP11-173M1.4	SRR6467729	3.0206709744646654
RP11-173M1.4	SRR6467730	3.0063791329462064
RP11-173M1.4	SRR6467731	1.00988118368961
RP11-173M1.4	SRR6467732	3.538292932508315
RP11-173M1.4	SRR6467733	1.001725803535813
RP11-173M1.4	SRR6467734	3.972037159482892
RP11-173M1.4	SRR6467735	1.0082651845569055
RP11-173M1.4	SRR6467736	2.0124043556683784
RP11-173M1.4	SRR6467737	4.024825161960647
RP11-173M1.4	SRR6467738	1.000359860831218
RP11-173M1.4	SRR6467739	7
RP11-173M1.4	SRR6467740	2.010686015608464
RP11-173M1.4	SRR6467741	1.0020388684400043
RP11-173M1.4	SRR6467742	6
RP11-173M1.4	SRR6467743	4
RP11-173M1.4	SRR6467744	1
RP11-173M1.4	SRR6467745	4.001439443324872
RP11-173M1.4	SRR6467746	3.023799873456188
RP11-173M1.4	SRR6467747	0.7037986777892322
RP11-173M1.4	SRR6467748	2.852244883639486
RP11-173M1.4	SRR6467749	5
RP11-173M1.4	SRR6467750	4.009488210726242
RP11-173M1.4	SRR6467751	1.0151179163865762
RP11-173M1.4	SRR6467752	1.0082145198989758
RP11-173M1.4	SRR6467753	3.9936807162762022
RP11-173M1.4	SRR6467754	4.185222585176443
RP11-173M1.4	SRR6467755	0.8950139593529768
RP11-173M1.4	SRR6467756	1.001260079572912
RP11-173M1.4	SRR6467757	7
RP11-173M1.4	SRR6467758	1
RP11-173M1.4	SRR6467759	2.011326786717283
RP11-173M1.4	SRR6467760	1.0077342324655063
RP11-173M1.4	SRR6467761	2.0073316039946825
RP11-173M1.4	SRR6467762	2.0100110722857436
RP11-173M1.4	SRR6467763	0.9571110894244277
RP11-173M1.4	SRR6467764	6.221605166271438
RP11-173M1.4	SRR6467765	1.001243308406648
RP11-173M1.4	SRR6467766	1.014833528591624
RP11-173M1.4	SRR6467767	1.0068063252571833
RP11-173M1.4	SRR6467768	1.0124766310189337
RP11-173M1.4	SRR6467769	1.0179804857499088
RP11-173M1.4	SRR6467770	4
RP11-173M1.4	SRR6467771	2.5079279098677576
RP11-173M1.4	SRR6467772	2.0142258693995965
RP11-173M1.4	SRR6467773	1.0039213301801309
RP11-173M1.4	SRR6868540	6.089001171549743
RP11-173M1.4	SRR6868541	6.166853014916174
RP11-173M1.4	SRR6868542	1.0479902723259678
RP11-173M1.4	SRR6868543	2.0305925427855103
RP11-173M1.4	SRR6868544	4.031402673402104
RP11-173M1.4	SRR6868545	2.0498660311026504
RP11-173M1.4	SRR6868546	4.06363340081721
RP11-173M1.4	SRR6868557	1.0593600439616915
RP11-173M1.4	SRR6868558	2.0986601915831518
RP11-173M1.4	SRR6868559	2.065663623302929
RP11-173M1.4	SRR6868560	6.059930007174135
RP11-173M1.4	SRR6868569	1.0619340218072668
RP11-173M1.4	SRR6868570	2.043639543151062
RP11-173M1.4	SRR6868571	1.0447440906857468
RP11-173M1.4	SRR6868572	4.047400825120398
RP11-173M1.4	SRR6868573	2.0825664414069522
RP11-173M1.4	SRR6868574	1.012246901299347
RP11-173M1.4	SRR6868575	1.0259969817544445
RP11-173M1.4	SRR6868576	4.064004893366193
RP11-173M1.4	SRR6868577	1.0327907588593586
RP11-173M1.4	SRR6868578	1.0155770602095007
RP11-173M1.4	SRR6868579	1.0440699430515605
RP11-173M1.4	SRR6868580	2.02155434233441
RP11-173M1.4	SRR6868581	2.06840601002594
RP11-173M1.4	SRR6868582	1.0329389684351513
RP11-173M1.4	SRR6868585	1.0223918119367361
RP11-173M1.4	SRR6868586	1.0597439032108176
RP11-173M1.4	SRR6868587	2.120122820971492
RP11-173M1.4	SRR6868588	6.043177061288728
RP11-173M1.4	SRR6868589	8.088276078945873
RP11-173M1.4	SRR6868590	1.0323588353795468
RP11-173M1.4	SRR6868591	2.0262519433803727
RP11-173M1.4	SRR6868604	1.0759055098033201
RP11-173M1.4	SRR6868605	1.032097998410507
RP11-173M1.4	SRR6868606	1.041059675092619
RP11-173M1.4	SRR6868607	1.034652621245776
RP11-173M1.4	SRR6868608	1.0244646566921864
RP11-173M1.4	SRR6868609	1.0441915254956329
RP11-173M1.4	SRR6868610	1.0393379767471147
RP11-173M1.4	SRR6868620	2.0227966831746906
RP11-173M1.4	SRR6868621	1.0220565106412052
RP11-173M1.4	SRR6868622	1.024234840404088
RP11-173M1.4	SRR6868623	1.0549853092368588
RP11-173M1.4	SRR6868636	2.0880453347201677
RP11-173M1.4	SRR6868637	1.0261125159944735
RP11-173M1.4	SRR6868638	1.0463813724818791
RP11-173M1.4	SRR6868639	4.043339594754437
RP11-173M1.4	SRR6868650	1.0398318552023067
RP11-173M1.4	SRR6868651	2.0582832363459196
RP11-173M1.4	SRR6868652	1.0307116122012634
RP11-173M1.4	SRR6868653	2.037909477314792
RP11-173M1.4	SRR6868654	1.0151196581488149
RP11-173M1.4	SRR6868655	4.141721728975295
RP11-173M1.4	SRR6868665	2.028936922255916
RP11-173M1.4	SRR6868666	1.0102626902497998
RP11-173M1.4	SRR6868667	1.0115422842820772
RP11-173M1.4	SRR6868668	6.044871620523198
RP11-173M1.4	SRR6868669	2.0152836397745615
RP11-173M1.4	SRR6868670	1.0180906480316751
RP11-173M1.4	SRR6868671	1.0146307116837765
RP11-173M1.4	SRR6868683	1.012819876849361
RP11-173M1.4	SRR6868684	2.0315601306333413
RP11-173M1.4	SRR6868685	1.0216590406873807
RP11-173M1.4	SRR6868686	2.020648324036348
RP11-173M1.4	SRR6868687	1.0281563268719116
RP11-173M1.4	SRR6868688	4.109553574208477
RP11-173M1.4	SRR6868689	1.014875304095207
RP11-173M1.4	SRR6868698	10.183812775740588
RP11-173M1.4	SRR6868699	2.014115714157867
RP11-173M1.4	SRR6868700	1.0161535101018604
RP11-173M1.4	SRR6868701	4.042436080686826
RP11-173M1.4	SRR6868702	2.01537483610957
RP11-173M1.4	SRR6868713	2.020957746838448
RP11-173M1.4	SRR6868714	1.0186954098379435
RP11-173M1.4	SRR6868715	1.0083404689188882
RP11-173M1.4	SRR6868716	1.0067190005273792
RP11-173M1.4	SRR6868717	1.0103010202621463
RP11-173M1.4	SRR6868718	4.015601644759245
RP11-173M1.4	SRR6868719	13.021065120146364
RP11-173M1.4	SRR6868720	2.0101339648074408
RP11-173M1.4	SRR6868721	4.045194844356537
RP11-173M1.4	SRR6868722	1.0169002351863679
RP11-173M1.4	SRR6868723	1.0196540145226427
RP11-173M1.4	SRR6868724	1.0097443440669194
RP11-173M1.4	SRR6868725	2.0083538468381787
RP11-173M1.4	SRR6868726	4.009648625389459
RP11-173M1.4	SRR6868741	4.0581768346855185
RP11-173M1.4	SRR7632756	6.049548648304791
RP11-173M1.4	SRR7632757	1.0277332860513113
RP11-173M1.4	SRR7632758	2.02126564191182
RP11-173M1.4	SRR7632759	1.0297749607877074
RP11-173M1.4	SRR7632760	1.020266900924434
RP11-173M1.4	SRR7632761	4.028602403771062
RP11-173M1.4	SRR7632762	1.0486325447319236
RP11-173M1.4	SRR7632763	2.0327629643869733
RP11-173M1.4	SRR7632764	4.147956168857355
RP11-173M1.4	SRR7632765	4.010509005929549
RP11-173M1.4	SRR7632766	2.062228496989125
RP11-173M1.4	SRR7632767	6.0142323160893625
RP11-173M1.4	SRR7632768	6.097129019251106
RP11-173M1.4	SRR7632769	4.045908484032212
RP11-173M1.4	SRR7632770	4.033116471382247
RP11-173M1.4	SRR7632771	2.0519096269269013
RP11-173M1.4	SRR7632772	2.0383290752838072
RP11-173M1.4	SRR7632773	4.021714666573752
RP11-173M1.4	SRR7632774	6.038082351721873
RP11-173M1.4	SRR7632775	4.089872604379057
RP11-173M1.4	SRR7632776	1.0378886530168419
RP11-173M1.4	SRR7632777	4.096238555980819
RP11-173M1.4	SRR7632778	1.0041769234190894
RP11-173M1.4	SRR7632779	2.0522332107022434
RP11-173M1.4	SRR7632780	6.022159486044186
RP11-173M1.4	SRR7632781	1.061425531429259
RP11-173M1.4	SRR7632782	1.013677337507708
RP11-173M1.4	SRR7632783	1.0073390566571232
RP11-173M1.4	SRR7632784	1.0087008852489117
RP11-173M1.4	SRR7632785	4.028709848264105
RP11-173M1.4	SRR7632786	1.0414066016427272
RP11-173M1.4	SRR7632787	2.0078279802456036
RP11-173M1.4	SRR7632788	1.002266574999606
RP11-173M1.4	SRR7632789	1.0181424053950652
RP11-173M1.4	SRR7632790	1.0098238663156869
RP11-173M1.4	SRR7632791	2.0894848973951223
RP11-173M1.4	SRR7632792	2.0145947525752916
RP11-173M1.4	SRR7632793	4.04842634957304
RP11-173M1.4	SRR7632794	11.076425476768986
RP11-173M1.4	SRR7632795	1.0032266090038542
RP11-173M1.4	SRR7632796	1.0171842304100507
RP11-173M1.4	SRR7632797	1.1507956722511705
RP11-173M1.4	SRR7632798	2.0114579810922715
RP11-173M1.4	SRR7632799	1.0307842771739868
RP11-173M1.4	SRR7632800	1.0149717126681794
RP11-173M1.4	SRR7632801	1.0052614054151265
RP11-173M1.4	SRR7632802	2.0699910613560504
RP11-173M1.4	SRR7632803	2.0479916955503983
RP11-173M1.4	SRR7632804	1.0404738790189818
RP11-173M1.4	SRR7632805	4.012374445474776
RP11-173M1.4	SRR7632806	1.0046132934463576
RP11-173M1.4	SRR7632807	4.0348690820064785
RP11-173M1.4	SRR7632808	1.0082207258216564
RP11-173M1.4	SRR7632809	2.0975543280476106
RP11-173M1.4	SRR7632810	2.0083456381154536
RP11-173M1.4	SRR7632811	2.0136138369148737
RP11-173M1.4	SRR7632812	4.028733448132131
RP11-173M1.4	SRR7632813	1.0062092961820608
RP11-173M1.4	SRR7632814	2.0071203763532726
RP11-173M1.4	SRR7632815	1.0078705608466538
RP11-173M1.4	SRR7632816	4.30112726068224
RP11-173M1.4	SRR7632817	2.083172301718206
RP11-173M1.4	SRR7632818	6.032552550178431
RP11-173M1.4	SRR7632819	6.0146813821184875
RP11-173M1.4	SRR7632820	4.027538987993828
RP11-173M1.4	SRR7632821	7.012080624750691
RP11-173M1.4	SRR7632822	4.050333919104759
RP11-173M1.4	SRR7632823	1.0036796717268013
RP11-173M1.4	SRR7632824	1.0045743716929838
RP11-173M1.4	SRR7632825	2.0056152767867226
RP11-173M1.4	SRR7632826	4.0025805430726304
RP11-173M1.4	SRR7632827	4.219185153194505
RP11-173M1.4	SRR7632828	2.051993963508889
RP11-173M1.4	SRR7632829	4.057968222675236
RP11-173M1.4	SRR7632830	1.0484469543228638
RP11-173M1.4	SRR7632831	4.037114886866341
RP11-173M1.4	SRR7632832	2.029111538266112
RP11-173M1.4	SRR7632833	2.1034740734830106
RP11-173M1.4	SRR7632834	1.0291896194546106
RP11-173M1.4	SRR7632835	1.1099100147247651
RP11-173M1.4	SRR7632836	2.0298741130574633
RP11-173M1.4	SRR7632837	4.025800062375942
RP11-173M1.4	SRR7632838	1.0251559439709568
RP11-173M1.4	SRR7632839	4.04595135009214
RP11-173M1.4	SRR7632840	1.0305733450818257
RP11-173M1.4	SRR7632841	4.477024394684313
RP11-173M1.4	SRR7632842	6.011171099584151
RP11-173M1.4	SRR7632843	2.0750307773925294
RP11-173M1.4	SRR7632844	2.0792628012990813
RP11-173M1.4	SRR7632845	2.0100110722857436
RP11-173M1.4	SRR7632846	1.0494904998299905
RP11-173M1.4	SRR7632847	2.047054506783057
RP11-173M1.4	SRR7632848	1.0091302469862462
RP11-173M1.4	SRR7632849	1.011384661421074
RP11-173M1.4	SRR7632850	9.115970797548774
RP11-173M1.4	SRR7632851	6.060671040749855
RP11-173M1.4	SRR7632852	2.002520159145824
RP11-173M1.4	SRR7632853	6.0304657860229405
RP11-173M1.4	SRR7632854	2.0132065388746647
RP11-173M1.4	SRR7632855	6
RP11-173M1.4	SRR7632856	2.0129674652742655
RP11-173M1.4	SRR7632857	1.0735764544763629
RP11-173M1.4	SRR7632858	4.148631806822753
RP11-173M1.4	SRR7632859	2.0792622245181303
RP11-173M1.4	SRR7632860	1.0753540533674661
RP11-173M1.4	SRR7632861	1.0543822488477879
RP11-173M1.4	SRR7632862	1.0351402489647896
RP11-173M1.4	SRR7632863	1.127463190129664
RP11-173M1.4	SRR7632864	1.1215525506364097
RP11-173M1.4	SRR7632865	2.0029270240796104
RP11-173M1.4	SRR7632866	1.0056633933586414
RP11-173M1.4	SRR7632867	2.020580851104315
RP11-173M1.4	SRR7632868	1.0256287182392447
RP11-173M1.4	SRR7632869	1.0244411302643486
RP11-173M1.4	SRR7632870	7.026592128484629
RP11-173M1.4	SRR7632871	1.050989678803295
RP11-173M1.4	SRR7632872	1.0322124653187648
RP11-173M1.4	SRR7632873	1.004207620749528
RP11-173M1.4	SRR7632874	6.015947408639445
RP11-173M1.4	SRR7632875	7.011557091249578
RP11-173M1.4	SRR7632876	2.0283400598437025
RP11-173M1.4	SRR7632877	1.0410996360505937
RP11-173M1.4	SRR7632878	2.0441604420507766
RP11-173M1.4	SRR7632879	4.009066299998424
RP11-173M1.4	SRR7632880	2.0350826774248705
RP11-173M1.4	SRR7632881	11.151320233765855
RP11-173M1.4	SRR7632882	1.0238807645953367
RP11-173M1.4	SRR7632883	1.02247906372491
RP11-173M1.4	SRR7632884	2.067412816483697
RP11-173M1.4	SRR7632885	1.004970706798616
RP11-173M1.4	SRR7632886	1.0323024876429643
RP11-173M1.4	SRR7632887	1.0101074156533363
RP11-173M1.4	SRR7632888	2.075953645153851
RP11-173M1.4	SRR7632889	1.0341992789721208
RP11-173M1.4	SRR7632890	1.1020636592092161
RP11-173M1.4	SRR7632891	1.0470515559564515
RP11-173M1.4	SRR7632892	2.011663768573469
RP11-173M1.4	SRR7632893	1.038136325271397
RP11-173M1.4	SRR7632894	1.0470575746534403
RP11-173M1.4	SRR7632895	2.023183418214913
RP11-173M1.4	SRR7632896	2.0452964546334567
RP11-173M1.4	SRR7632897	2.0081702622930324
RP11-173M1.4	SRR7632898	4.014946561430524
RP11-173M1.4	SRR7632899	4.027807545275202
RP11-173M1.4	SRR7632900	2.0133296267678964
RP11-173M1.4	SRR7632901	7.044526757815744
RP11-173M1.4	SRR7632902	1.0438042739415248
RP11-173M1.4	SRR7632903	6.02639360040515
RP11-173M1.4	SRR7632904	2.1052390868400237
RP11-173M1.4	SRR7632905	1.0931759253599354
RP11-173M1.4	SRR7632906	4.0660103413875515
RP11-173M1.4	SRR7632907	1.0277254099081103
RP11-173M1.4	SRR7632908	1.0040070360063245
RP11-173M1.4	SRR7632909	1.0034545854694705
RP11-173M1.4	SRR7632910	2.0760154596206606
RP11-173M1.4	SRR7632911	4.051937021294523
RP11-173M1.4	SRR7632912	2.0312655175396315
RP11-173M1.4	SRR7632913	2.1174448866768683
RP11-173M1.4	SRR7632914	1.0311722723635215
RP11-173M1.4	SRR7632915	2.089913295894524
RP11-173M1.4	SRR7632916	1.0198845286602736
RP11-173M1.4	SRR7632917	2.1047891101971765
RP11-173M1.4	SRR7632918	1.0258468542129664
RP11-173M1.4	SRR7632919	2.017468333718586
RP11-173M1.4	SRR7632920	6.069498670786605
RP11-173M1.4	SRR7632921	1.0121573982531267
RP11-173M1.4	SRR7632922	4.0347968331843385
RP11-173M1.4	SRR7632923	7.07332530695808
RP11-173M1.4	SRR7632924	2.058991485670094
RP11-173M1.4	SRR7632925	6.210523105355539
RP11-173M1.4	SRR7632926	6.1109936618560345
RP11-173M1.4	SRR7632927	1.020518834230417
RP11-173M1.4	SRR7632928	7.023133263407464
RP11-173M1.4	SRR7632929	2.0815710665907736
RP11-173M1.4	SRR7632930	11.009898843952424
RP11-173M1.4	SRR7632931	4.002879404649015
RP11-173M1.4	SRR7632932	2.051385259178456
RP11-173M1.4	SRR7632933	1.0212777254368819
RP11-173M1.4	SRR7632934	6.02632975194854
RP11-173M1.4	SRR7632935	2.0202236802499516
RP11-173M1.4	SRR7632936	1.0210525182035715
RP11-173M1.4	SRR7632937	7.101362855021328
RP11-173M1.4	SRR7632938	2.053352302106612
RP11-173M1.4	SRR7632939	2.056207519960769
RP11-173M1.4	SRR7632940	2.0131030492830826
RP11-173M1.4	SRR7632941	1.0214750661913161
RP11-173M1.4	SRR7632942	4.1433891709108055
RP11-173M1.4	SRR7632943	4
RP11-173M1.4	SRR7632944	4.073538243836002
RP11-173M1.4	SRR7632945	9
RP11-173M1.4	SRR8928966	1.0089020059058134
RP11-173M1.4	SRR8928967	3.052341445645186
RP11-173M1.4	SRR8928968	3.0250729629149564
RP11-173M1.4	SRR8928969	1.0084157589021454
RP11-173M1.4	SRR8928970	1.0097790430950968
RP11-173M1.4	SRR8928971	1.0078135964082673
RP11-173M1.4	SRR8928972	1.0551062717044821
RP11-173M1.4	SRR8928973	4.024063186440894
RP11-173M1.4	SRR8928974	1.0870766859358787
RP11-173M1.4	SRR8928975	1.0434971814877207
RP11-173M1.4	SRR8928976	13.564119837432354
RP11-173M1.4	SRR8928977	1.0197721263293398
RP11-173M1.4	SRR8928978	1.0189094725563004
RP11-173M1.4	SRR8928979	1.0197172970945956
RP11-173M1.4	SRR8928980	1.016019416300132
RP11-173M1.4	SRR8928981	1.0118211977273175
RP11-173M1.4	SRR8928982	2.0229835628823394
RP11-173M1.4	SRR8928983	4.007923351219644
RP11-173M1.4	SRR8928984	3.0169617034843017
RP11-173M1.4	SRR8928985	2.0341127344257113
RP11-173M1.4	SRR8928986	3.0273209730964736
RP11-173M1.4	SRR8928987	1
RP11-173M1.4	SRR8928988	4
RP11-173M1.4	SRR8928989	1.0180482199929832
RP11-173M1.4	SRR8928990	1.0106122784979463
RP11-173M1.4	SRR8928991	1.0180115267692265
RP11-173M1.4	SRR9835604	1.0144341794778586
RP11-173M1.4	SRR9835605	4.022492638480282
RP11-173M1.4	SRR9835606	4.008822373935627
RP11-173M1.4	SRR9835607	2.0184971012268687
RP11-173M1.4	SRR9835608	4.059940335414037
RP11-173M1.4	SRR9835609	1
RP11-173M1.4	SRR9835610	1.0046883051317705
RP11-173M1.4	SRR9835611	1.001110573697418
RP11-173M1.4	SRR9835612	3.008222326182162
RP11-173M1.4	SRR9835613	1.005971437060134
RP11-173M1.4	SRR9835614	1.0101757476044517
RP11-173M1.4	SRR9835615	1.0396846498825996
RP11-173M1.4	SRR9835616	4.029999807342696
RP11-173M1.4	SRR9835617	1.0233696860167032
RP11-173M1.4	SRR9835618	2.010795863974406
RP11-173M1.4	SRR9835619	3
RP11-173M1.4	SRR9835620	2.009799562689042
RP11-173M1.4	SRR9835621	2.0133296267678964
RP11-173M1.4	SRR9835622	2.0055457704383417
RP11-173M1.4	SRR9835623	3.000539742693131
RP11-173M1.4	SRR9835624	2.044422994616302
RP11-173M1.4	SRR9835625	3.009537414208825
RP11-173M1.4	SRR9835626	2.0154341154087088
RP11-173M1.4	SRR9835627	2.0041725708322518
RP11-173M1.4	SRR9835628	5.036226503983911
RP11-173M1.4	SRR9835629	2.0410203309024597
RP11-173M1.4	SRR9835630	1.0557392610180325
RP11-173M1.4	SRR9835631	2.1616353219162674
RP11-173M1.4	SRR9835632	2.004682822924136
RP11-173M1.4	SRR9835633	2.0151414118406388
RP11-173M1.4	SRR9835634	1.0063884847793512
RP11-173M1.4	SRR9835635	2.019785510031567
RP11-173M1.4	SRR9835636	2.0041054313735067
RP11-173M1.4	SRR9835637	2.0090429225700004
RP11-173M1.4	SRR9835638	3.029726397985824
RP11-173M1.4	SRR9835639	1.010581897159914
RP11-173M1.4	SRR9835640	2.033455676554196
RP11-173M1.4	SRR9835641	2.0078426603602617
RP11-173M1.4	SRR9835642	2.0118198710082162
RP11-173M1.4	SRR9835643	1.0038517478455666
RP11-173M1.4	SRR9835644	1.0032974163660653
RP11-173M1.4	SRR9835645	2.059306821243884
RP11-173M1.4	SRR9835646	1.0094602413506888
RP11-173M1.4	SRR9835647	3.007290317922662
RP11-173M1.4	SRR9835648	1.0302878151561219
RP11-173M1.4	SRR9835649	2.0239087693770186
RP11-173M1.4	SRR9835650	2.0076862784922294
RP11-173M1.4	SRR9835651	2.0014397023245074
RP11-173M1.4	SRR9835652	2.032038832600264
RP11-173M1.4	SRR9835653	1.0027908413053945
RP11-173M1.4	SRR9835654	1.0101757476044517
RP11-173M1.4	SRR9835655	1.0051695140095571
RP11-173M1.4	SRR9835656	2.0054042297511216
RP11-173M1.4	SRR9835657	2.030237825908342
RP11-173M1.4	SRR9835658	4.008045872007182
RP11-173M1.4	SRR9835659	3.0181396504630786
RP11-173M1.4	SRR9835660	3.022938700677359
RP11-173M1.4	SRR9835661	4.016217750241707
RP11-173M1.4	SRR9835662	1.01230819730448
RP11-173M1.4	SRR9835663	1.0203073606491269
RP11-173M1.4	SRR9835664	2.003451607071626
RP11-173M1.4	SRR9835665	1.004190800211773
RP11-173M1.4	SRR9835666	4
RP11-173M1.4	SRR9835667	2.016884927999132
RP11-173M1.4	SRR9835668	2
RP11-173M1.4	SRR9835669	2.053217593322457
RP11-173M1.4	SRR9835670	2.0278893759296244
RP11-173M1.4	SRR9835671	2.027196179694096
RP11-173M1.4	SRR9835672	4.0071352776014555
RP11-173M1.4	SRR9835673	1.0228219628836945
RP11-173M1.4	SRR9835674	6.003239038838078
RP11-173M1.4	SRR9835675	2.010795863974406
RP11-173M1.4	SRR9835676	1.0891346753691427
RP11-173M1.4	SRR9835677	5.013289507199537
RP11-173M1.4	SRR9835678	1.0060909130166535
RP11-173M1.4	SRR9835679	3.8605974531796923
RP11-173M1.4	SRR9835680	1.0245185067839673
RP11-173M1.4	SRR9835681	1.0030493806702814
RP11-173M1.4	SRR9835682	2.1214107037822045
RP11-173M1.4	SRR9835683	4.025377294696663
RP11-173M1.4	SRR9835684	1.0253010780065177
RP11-173M1.4	SRR9835685	2.0102503835513925
RP11-173M1.4	SRR9835686	1.0135335602212565
RP11-173M1.4	SRR9835687	1.0047021889912742
RP11-173M1.4	SRR9835688	2
RP11-173M1.4	SRR9835689	2.014778924439725
RP11-173M1.4	SRR9835690	4.008045872007182
RP11-173M1.4	SRR9835691	1.009018872251653
RP11-173M1.4	SRR9835692	2.0367705463829395
RP11-173M1.4	SRR9835693	2.0081702622930324
RP11-173M1.4	SRR9835694	1.0104411930997232
RP11-173M1.4	SRR9835695	2.010461940592098
RP11-173M1.4	SRR9835696	1.0098853113828044
RP11-173M1.4	SRR9835697	2.0103273026291744
RP11-173M1.4	SRR9835698	4.004020915033877
RP11-173M1.4	SRR9835699	4.0064815754296506
RP11-173M1.4	SRR9835700	1.002266574999606
RP11-173M1.4	SRR9835701	1.0028309617264135
RP11-173M1.4	SRR9835702	1
RP11-173M1.4	SRR9835703	1.0010799710397094
RP11-173M1.4	SRR9835704	3.0139958773998385
RP11-173M1.4	SRR9835705	2.0079925803971355
RP11-173M1.4	SRR9835706	2.1585270310309586
RP11-173M1.4	SRR9835707	6.006663442184508
RP11-173M1.4	SRR9835708	4.004252811561096
RP11-173M1.4	SRR9835709	2.00093027570439
RP11-173M1.4	SRR9835710	1.0145636581420703
RP11-173M1.4	SRR9835711	1.0004428486915478
RP11-173M1.4	SRR9835712	2.0050434938927086
RP11-173M1.4	SRR9835713	4.007624113053891
RP11-173M1.4	SRR9835714	3.004636833681942
RP11-173M1.4	SRR9835715	2.0103243296525464
RP11-173M1.4	SRR9835716	2.005976115517015
RP11-173M1.4	SRR9835717	2.006909170938941
RP11-173M1.4	SRR9835718	2.0312392010507807
RP11-173M1.4	SRR9835719	3.026520975555343
RP11-173M1.4	SRR9835720	2.0125988800636607
RP11-173M1.4	SRR9835721	1.0152841125038419
RP11-173M1.4	SRR9835722	2.046428424410931
RP11-173M1.4	SRR9835723	4
RP11-173M1.4	SRR9835724	2.014115714157867
RP11-173M1.4	SRR9835725	1.027861673410901
RP11-173M1.4	SRR9835726	1.0007198511622537
RP11-173M1.4	SRR9835727	2.013819255124653
RP11-173M1.4	SRR9835728	2.082000271753842
RP11-173M1.4	SRR9835729	2.0064868267821567
RP11-173M1.4	SRR9835730	3.0118560590915253
RP11-173M1.4	SRR9835731	1.0511406103696055
RP11-173M1.4	SRR9835732	2.009459326016832
RP11-173M1.4	SRR9835733	2.009015159845902
RP11-173M1.4	SRR9835734	2.0052545029647746
RP11-173M1.4	SRR9835735	3.0054936729223156
RP11-173M1.4	SRR9835736	2.024521186256852
RP11-173M1.4	SRR9835737	2.004338224247538
RP11-173M1.4	SRR9835738	3.0054017988611132
RP11-173M1.4	SRR9835739	2.0552355694858697
RP11-173M1.4	SRR9835740	2.060474256580731
RP11-173M1.4	SRR9835741	4.021372031216928
RP11-173M1.4	SRR9835742	1.018922412576946
RP11-173M1.4	SRR9835743	2.0689576539919834
RP11-173M1.4	SRR9835744	2.011731161243777
RP11-173M1.4	SRR9835745	2.045322397757989
RP11-173M1.4	SRR9835746	1.0111132609495124
RP11-173M1.4	SRR9835747	4.021578761890382
RP11-173M1.4	SRR9835748	1.0308527658417086
RP11-173M1.4	SRR9835749	2
RP11-173M1.4	SRR9835750	2.016835971599594
RP11-173M1.4	SRR9835751	4.03319727021994
RP11-173M1.4	SRR9835752	1.0409710004872161
RP11-173M1.4	SRR9835753	3.03296889873182
RP11-173M1.4	SRR9835754	3.0040963539964314
RP11-173M1.4	SRR9835755	4.060039455340373
RP11-173M1.4	SRR9835756	1.0468852163311182
RP11-173M1.4	SRR9835757	2.0081088751208536
RP11-173M1.4	SRR9835758	2.011697464626413
RP11-173M1.4	SRR9835759	2.0132959033761386
RP11-173M1.4	SRR9835760	3
RP11-173M1.4	SRR9835761	2.0003598284620874
RP11-173M1.4	SRR9835762	1.102947594059923
RP11-173M1.4	SRR9835763	2.005881196224182
RP11-173M1.4	SRR9835764	1.0027327671216282
RP11-173M1.4	SRR9835765	14.650337458516193
RP11-173M1.4	SRR9835766	2.0530656798938396
RP11-173M1.4	SRR9835767	2.074908694576575
RP11-173M1.4	SRR9835768	4
RP11-173M1.4	SRR9835769	5
RP11-173M1.4	SRR9835770	1.0202737577318615
RP11-173M1.4	SRR9835771	2.0109673103224925
RP11-173M1.4	SRR9835772	1.0127561588072467
RP11-173M1.4	SRR9835773	2
RP11-173M1.4	SRR9835774	2.07117167594975
RP11-173M1.4	SRR9835775	1.0051863509411016
RP11-173M1.4	SRR9835776	1.0032740821844481
RP11-173M1.4	SRR9835777	2.004893794039496
RP11-173M1.4	SRR9835778	1.0042826021444868
RP11-173M1.4	SRR9835779	2.014204529072105
RP11-173M1.4	SRR9835780	3.0048108499675883
RP11-173M1.4	SRR9835781	1.025583100340115
RP11-173M1.4	SRR9835782	4.020254967824525
RP11-173M1.4	SRR9835783	2
RP11-173M1.4	SRR9835784	1.0041462270270287
RP11-173M1.4	SRR9835785	1.0441860904847313
RP11-173M1.4	SRR9835786	2.01985968704001
RP11-173M1.4	SRR9835787	2.0057927483213778
RP11-173M1.4	SRR9835788	2.003363266299826
RP11-173M1.4	SRR9835789	2
RP11-173M1.4	SRR9835790	2.0145669131311177
RP11-173M1.4	SRR9835791	2.0557312482647028
RP11-173M1.4	SRR9835792	3.9788612451305188
RP11-173M1.4	SRR9835793	2.00410456835929
RP11-173M1.4	SRR9835794	4.000719656924175
RP11-173M1.4	SRR9835795	1.0573932890447866
RP11-173M1.4	SRR9835796	2.0115905418514326
RP11-173M1.4	SRR9835797	2
RP11-173M1.4	SRR9835798	4.0064815754296506
RP11-173M1.4	SRR9835799	2.0040777368800087
RP11-173M1.4	SRR9835800	3.0035559715334164
RP11-173M1.4	SRR9835801	5.025334912018602
RP11-173M1.4	SRR9835802	1.004026982007113
RP11-173M1.4	SRR9867812	4.751359897629892
RP11-173M1.4	SRR9867813	1.7479437651041199
RP11-173M1.4	SRR9867814	0.8256139522131831
RP11-173M1.4	SRR9867815	4.406779594373604
RP11-173M1.4	SRR9867816	1
RP11-173M1.4	SRR9867817	1.0130692804155355
RP11-173M1.4	SRR9867818	4
RP11-173M1.4	SRR9867819	1.0365871752587312
RP11-173M1.4	SRR9867820	1
RP11-173M1.4	SRR9867821	4
RP11-173M1.4	SRR9867822	1.0102487295503935
RP11-173M1.4	SRR9867823	1.8966471829134188
RP11-173M1.4	SRR9867824	3.6008744490054254
RP11-173M1.4	SRR9867825	1.2038102128251849
RP11-173M1.4	SRR9867826	0.5336824383498506
RP11-173M1.4	SRR9867827	4.957092483417688
RP11-173M1.4	SRR9867828	1.0107911391691837
RP11-173M1.4	SRR9867829	2.423841518416723
RP11-173M1.4	SRR9867830	3
RP11-173M1.4	SRR9867831	0.5752023523444669
RP11-173M1.4	SRR9879292	3.188751083694381
RP11-173M1.4	SRR9879293	1.014555769133056
RP11-173M1.4	SRR9879294	1.0200688164522311
RP11-173M1.4	SRR9879295	2.0394459845680255
RP11-173M1.4	SRR9879296	2.0239505388992747
RP11-173M1.4	SRR9879297	2.030987108980967
RP11-173M1.4	SRR9879298	1.010653880234263
RP11-173M1.4	SRR9879299	4.011652692065468
RP11-173M1.4	SRR9879300	2.0293217054925896
RP11-173M1.4	SRR9879301	3.001079582493654
RP11-173M1.4	SRR9879302	1.0103414411561347
RP11-173M1.4	SRR9879303	1.0041769234190894
RP11-173M1.4	SRR9879304	2.0334119323109014
RP11-173M1.4	SRR9879305	2.020161332930904
RP11-173M1.4	SRR9879306	3
RP11-173M1.4	SRR9879307	4.311544512715959
RP11-173M1.4	SRR9879308	2.022769322842148
RP11-173M1.4	SRR9879309	3.031970528074973
RP11-173M1.4	T50_307	4.021468793081947
RP11-173M1.4	T50_313	2.032038832600264
RP11-173M1.4	T50_317	5.082034383657103
RP11-173M1.4	T50_324	1.0105775508373083
RP11-173M1.4	T50_427	8.125231377883571
RP11-173M1.4	T50_428	3.0196230048326895
RP11-173M1.4	T50_431	4.0189989279881795
RP11-173M1.4	T50_436	1.0071833620330328
RP11-173M1.4	T50_476	3.0218503696966765
RP11-173M1.4	UN_307	1.0128719438885714
RP11-173M1.4	UN_313	1.0139486719753832
RP11-173M1.4	UN_317	3.0239991504038275
RP11-173M1.4	UN_323	1.0090464643103707
RP11-173M1.4	UN_324	1.0213963291259884
RP11-173M1.4	UN_427	3.0231128914862375
RP11-173M1.4	UN_428	3.029668125283957
RP11-173M1.4	UN_431	3.0273209730964736
RP11-173M1.4	UN_436	6.042613587216315
RP11-173M1.4	UN_476	1.0088711650740816
