Gene	sample	counts
RP11-44F14.8	CM317	12.625928242919052
RP11-44F14.8	CMCD140	1.0094128350688558
RP11-44F14.8	CMCD147	17.687762047986816
RP11-44F14.8	CMCD152	20
RP11-44F14.8	CMCD154	1.0098993269771894
RP11-44F14.8	CMCD159	1.0863042186135794
RP11-44F14.8	CMCD161	27.082699598486265
RP11-44F14.8	CMCD174	51.353583435920356
RP11-44F14.8	CMCD196	7.064328017782249
RP11-44F14.8	CMCD198	3.088487228505141
RP11-44F14.8	CMCD203	4.012957251380963
RP11-44F14.8	CMCD211	4.820272184746139
RP11-44F14.8	CMCD227	25.48542557853713
RP11-44F14.8	CMCD240	13.949490583970103
RP11-44F14.8	CMCD259	24
RP11-44F14.8	CMCD270	26.134961150875792
RP11-44F14.8	CMCD275	17.14516422734861
RP11-44F14.8	CMCD282	1.0131607869251968
RP11-44F14.8	CMCD286	72.572795625501
RP11-44F14.8	CMCD287	57
RP11-44F14.8	CMCD294	1.0639520056991958
RP11-44F14.8	CMCD327	11.05652666002812
RP11-44F14.8	CMCD335	13.061170567551248
RP11-44F14.8	CMCD337	4.026697260491941
RP11-44F14.8	CMCD357	3.0634513925593887
RP11-44F14.8	CMCD398	1.0060023577013604
RP11-44F14.8	CMCD403	1.0071810043238532
RP11-44F14.8	CMCD422	6.012517712496756
RP11-44F14.8	CMCD426	2.2280939223612473
RP11-44F14.8	CMCD71	6.038317794166435
RP11-44F14.8	CMCD72	12.661825067817109
RP11-44F14.8	CMCD76	29.066619204009864
RP11-44F14.8	CMCD88	34.006117083855486
RP11-44F14.8	CMSA256	23
RP11-44F14.8	CMSA316	10.081545114583669
RP11-44F14.8	CMUC110	14
RP11-44F14.8	CMUC192	4.053841798985123
RP11-44F14.8	CMUC199	5.1409370270824075
RP11-44F14.8	CMUC200	36.08429081263444
RP11-44F14.8	CMUC208	22.053831734434457
RP11-44F14.8	CMUC231	2
RP11-44F14.8	CMUC234	15
RP11-44F14.8	CMUC285	3.03338081233432
RP11-44F14.8	CMUC291	7.046230585485747
RP11-44F14.8	CMUC295	13.011698633761956
RP11-44F14.8	CMUC299	28.081956905665415
RP11-44F14.8	CMUC301	27.014575674771354
RP11-44F14.8	CMUC307	10.027601872840743
RP11-44F14.8	CMUC313	14.588579515891837
RP11-44F14.8	CMUC314	6.335079077015238
RP11-44F14.8	CMUC323	2.0482098137826856
RP11-44F14.8	CMUC324	7.006299264333361
RP11-44F14.8	CMUC331	11.100732075404382
RP11-44F14.8	CMUC333	3.0697162620115814
RP11-44F14.8	CMUC334	10.150130071590526
RP11-44F14.8	CMUC346	33.358029671704706
RP11-44F14.8	CMUC352	5.030269827463551
RP11-44F14.8	CMUC360	8.011521764081627
RP11-44F14.8	CMUC363	6.15825340622597
RP11-44F14.8	CMUC365	4.0267693642796205
RP11-44F14.8	CMUC366	6.020093963248045
RP11-44F14.8	CMUC368	9
RP11-44F14.8	CMUC377	13.053064620238818
RP11-44F14.8	CMUC379	3.212419098931178
RP11-44F14.8	CMUC380	1.01827642435426
RP11-44F14.8	CMUC383	1.0142859766464112
RP11-44F14.8	CMUC394	1.0076216931317499
RP11-44F14.8	CMUC419	1.0249492522957178
RP11-44F14.8	CMUC427	8
RP11-44F14.8	CMUC428	1.0063470586203123
RP11-44F14.8	CMUC431	2.003717239633611
RP11-44F14.8	CMUC435	3.015058273158641
RP11-44F14.8	CMUC439	1.0064361075814747
RP11-44F14.8	CMUC89	13
RP11-44F14.8	CS219	21.052028370741823
RP11-44F14.8	CS256	29.066406686709055
RP11-44F14.8	CS257	1.0944271775349645
RP11-44F14.8	CS259	18.02782100209165
RP11-44F14.8	CS261	3.071469107051783
RP11-44F14.8	CS266	20.71561250368741
RP11-44F14.8	CS270	9.117085536568577
RP11-44F14.8	CS277	3.858977975771844
RP11-44F14.8	CS288	13.117204466025541
RP11-44F14.8	CS290	11.087908331818193
RP11-44F14.8	CS292	1.0139795313343294
RP11-44F14.8	CS293	9.151637325627727
RP11-44F14.8	CS301	7.187220905611312
RP11-44F14.8	CS306	1.0388615456941386
RP11-44F14.8	CS308	2.0531532304124136
RP11-44F14.8	CS315	6.168109695521736
RP11-44F14.8	CS317	1.0722984600508352
RP11-44F14.8	CS322	2.0268374649652277
RP11-44F14.8	CS327	8.038083017887253
RP11-44F14.8	CS328	1.0566294945036847
RP11-44F14.8	CS330	1.0768616883015538
RP11-44F14.8	CS331	1.0187996043213206
RP11-44F14.8	CS335	7.067368969813548
RP11-44F14.8	CS338	3.092498106544233
RP11-44F14.8	CS339	1.1707547739034676
RP11-44F14.8	CS343	13.105025855382477
RP11-44F14.8	CS344	2.028262512182532
RP11-44F14.8	CS350	1.0232380192782662
RP11-44F14.8	CS351	6.049871367256951
RP11-44F14.8	CS361	4.0959615753584595
RP11-44F14.8	CS388	1.034963282410878
RP11-44F14.8	CS396	2.02180759276634
RP11-44F14.8	CS405	4.101489819461962
RP11-44F14.8	CS415	7.538291808418874
RP11-44F14.8	CS424	1.0376219614625826
RP11-44F14.8	IM293	20.106670372621224
RP11-44F14.8	IM296	1.0674965693084089
RP11-44F14.8	IM297	1.098769887658002
RP11-44F14.8	IM300	72
RP11-44F14.8	IM305	17.170851452467538
RP11-44F14.8	IM309	1.068243382745569
RP11-44F14.8	IM310	1.0137597798867521
RP11-44F14.8	IM311	14.17467698591581
RP11-44F14.8	IM316	7.036304456587711
RP11-44F14.8	IM320	15.714146073123038
RP11-44F14.8	IM330	1.0105944783553105
RP11-44F14.8	IM332	1.0306075684228129
RP11-44F14.8	IM340	1.056280146775053
RP11-44F14.8	IM348	6.221768776239573
RP11-44F14.8	IM354	12.086984274747833
RP11-44F14.8	IM356	1.0086100524478088
RP11-44F14.8	IM364	26.452053770556567
RP11-44F14.8	IM372	9.999907178682895
RP11-44F14.8	IM374	1.0494515301768887
RP11-44F14.8	IM376	8.121392024531069
RP11-44F14.8	IM381	1.012555790998895
RP11-44F14.8	IM382	7.222884211094274
RP11-44F14.8	IM385	3
RP11-44F14.8	IM390	16.459260787939407
RP11-44F14.8	IM397	37.42123247257974
RP11-44F14.8	IM404	3.0086475457665736
RP11-44F14.8	IM409	3.017186971638407
RP11-44F14.8	IM412	3
RP11-44F14.8	IM421	6.095390782553293
RP11-44F14.8	IM425	1.0543133661346646
RP11-44F14.8	IM432	1.0420143643186235
RP11-44F14.8	IM438	7
RP11-44F14.8	IM442	5.213048640593792
RP11-44F14.8	IM445	11.127102768630577
RP11-44F14.8	IM448	1.0230255913150224
RP11-44F14.8	IM449	6.0506795148736385
RP11-44F14.8	IM451	4.020745403764407
RP11-44F14.8	IMSA256	27.110678968880734
RP11-44F14.8	IMSA276	7
RP11-44F14.8	IMSA286	11
RP11-44F14.8	IMSA343	1.0125207868802717
RP11-44F14.8	IS_238	42
RP11-44F14.8	IS238	52.2067956828798
RP11-44F14.8	IS243	102
RP11-44F14.8	IS253	24
RP11-44F14.8	IS283	24
RP11-44F14.8	IS322	1.0106397239474434
RP11-44F14.8	IS399	3.02175888068164
RP11-44F14.8	IS418	1.0947511027862358
RP11-44F14.8	IS430	8.67803871864333
RP11-44F14.8	IS437	5.411191893621884
RP11-44F14.8	IS444	17.643445285038197
RP11-44F14.8	R276CMSA	1.0649255307900556
RP11-44F14.8	R286CMSA	33
RP11-44F14.8	R292CMSA	6.025245724497168
RP11-44F14.8	R292IMSA	1.0768750693977573
RP11-44F14.8	R308CMSA	1.070354522560454
RP11-44F14.8	R316IMSA	21.417166133536465
RP11-44F14.8	R347CMSA	1.0679448775774594
RP11-44F14.8	R347IMSA	11.719493404059316
RP11-44F14.8	R371CMSA	14.055948062779947
RP11-44F14.8	SRR10104064	4.452330872694315
RP11-44F14.8	SRR10104065	9.052790225596997
RP11-44F14.8	SRR10104066	15.28134501053941
RP11-44F14.8	SRR10104067	8.186057098163225
RP11-44F14.8	SRR10104068	8.037371812340185
RP11-44F14.8	SRR10104069	27.310251665473622
RP11-44F14.8	SRR10104070	9.266278991015259
RP11-44F14.8	SRR10104071	1.1619835297694339
RP11-44F14.8	SRR10104072	2.143446479589512
RP11-44F14.8	SRR10104073	9.412522089522986
RP11-44F14.8	SRR10104074	5.498611603969615
RP11-44F14.8	SRR10104075	10.392788057040521
RP11-44F14.8	SRR10104076	13.361711595342143
RP11-44F14.8	SRR10104077	8.832601856642874
RP11-44F14.8	SRR10104078	9.377292614551473
RP11-44F14.8	SRR10104079	22.94998860969742
RP11-44F14.8	SRR10104080	7.877996639522145
RP11-44F14.8	SRR10104081	17.270191509268788
RP11-44F14.8	SRR10104082	5.42823630140537
RP11-44F14.8	SRR10104083	7.459176945086412
RP11-44F14.8	SRR10104084	4.280496619342154
RP11-44F14.8	SRR10104085	15.337278194819005
RP11-44F14.8	SRR10104086	10.24933015551325
RP11-44F14.8	SRR10104087	16.05135687836967
RP11-44F14.8	SRR10104088	15.136782446896884
RP11-44F14.8	SRR10104089	9.109699292514161
RP11-44F14.8	SRR10104090	10.265054935122315
RP11-44F14.8	SRR10104091	9.386381767631999
RP11-44F14.8	SRR10104092	9.114888251909457
RP11-44F14.8	SRR10104093	17.59111061681713
RP11-44F14.8	SRR10104094	8.275552659638755
RP11-44F14.8	SRR10104095	15.832944879190853
RP11-44F14.8	SRR10104096	3.4499981487402307
RP11-44F14.8	SRR10104097	7.458030718185427
RP11-44F14.8	SRR10104098	10.299665441303482
RP11-44F14.8	SRR10104099	8.38651855604078
RP11-44F14.8	SRR10104100	15.439200839907512
RP11-44F14.8	SRR10104101	31.17294333887391
RP11-44F14.8	SRR10104102	12.184247621665314
RP11-44F14.8	SRR10104103	9.479787309426525
RP11-44F14.8	SRR10104104	23.356868068214887
RP11-44F14.8	SRR10104105	7.586543919150452
RP11-44F14.8	SRR10104106	3.40113311181829
RP11-44F14.8	SRR10104107	44.42188205067944
RP11-44F14.8	SRR10104108	23.157776328868742
RP11-44F14.8	SRR10104109	11.22307744225592
RP11-44F14.8	SRR10104110	2.386402076435085
RP11-44F14.8	SRR10104111	9.29673998556393
RP11-44F14.8	SRR10104112	3.569617173207606
RP11-44F14.8	SRR10104113	12.435425014495927
RP11-44F14.8	SRR10104114	4.701243529653566
RP11-44F14.8	SRR10104115	5.740597811553547
RP11-44F14.8	SRR10104116	11.523855103659377
RP11-44F14.8	SRR10104117	10.392927622091388
RP11-44F14.8	SRR10104118	9.183921883097305
RP11-44F14.8	SRR10104119	1.1922096850664645
RP11-44F14.8	SRR10104120	10.274397025883786
RP11-44F14.8	SRR10104121	9.761103110743148
RP11-44F14.8	SRR10104122	1.0930951060141245
RP11-44F14.8	SRR10104123	3.2552041817546282
RP11-44F14.8	SRR10104124	5.597008032507369
RP11-44F14.8	SRR10104125	4.4129288354806695
RP11-44F14.8	SRR10104126	3.1210769540481813
RP11-44F14.8	SRR10104127	7.137960904190716
RP11-44F14.8	SRR10104128	12.347497413130277
RP11-44F14.8	SRR10104129	11.290677909255873
RP11-44F14.8	SRR10104130	13.547329549882157
RP11-44F14.8	SRR10104131	22.249782383350905
RP11-44F14.8	SRR10104132	10.072357936683586
RP11-44F14.8	SRR10104133	2.3356208229503665
RP11-44F14.8	SRR10104134	4.121681852250506
RP11-44F14.8	SRR10104135	1.1047925227370805
RP11-44F14.8	SRR10104136	8.120427587751204
RP11-44F14.8	SRR10104137	5.555771675956644
RP11-44F14.8	SRR10104138	1.1987125395645137
RP11-44F14.8	SRR10104139	3.0341529033046664
RP11-44F14.8	SRR10104140	10.311770573195819
RP11-44F14.8	SRR10104141	7.428527453965063
RP11-44F14.8	SRR10104142	2.1055024519569985
RP11-44F14.8	SRR10104143	14.114709160303612
RP11-44F14.8	SRR10104144	6.366499269795799
RP11-44F14.8	SRR10104145	4.25812065914854
RP11-44F14.8	SRR10104146	14.13479571262311
RP11-44F14.8	SRR10104147	36.06152488447122
RP11-44F14.8	SRR10104148	1.0531465668318782
RP11-44F14.8	SRR10104149	4.1918000517554805
RP11-44F14.8	SRR10104150	7.081564598296018
RP11-44F14.8	SRR10104151	28.21447616844529
RP11-44F14.8	SRR10104152	55.309273779103876
RP11-44F14.8	SRR10104153	1.1050859670242814
RP11-44F14.8	SRR10104154	16.490572583191337
RP11-44F14.8	SRR10104155	3.271815240998519
RP11-44F14.8	SRR10104156	23.09354449334562
RP11-44F14.8	SRR10104157	7.3511158318728915
RP11-44F14.8	SRR10104158	14.288393055270522
RP11-44F14.8	SRR10104159	28.35483795137439
RP11-44F14.8	SRR10104160	10.158014131391566
RP11-44F14.8	SRR10104161	32.055225713146015
RP11-44F14.8	SRR10104162	9.184334356834622
RP11-44F14.8	SRR10104163	24.726907563746924
RP11-44F14.8	SRR10104164	12.236158189889677
RP11-44F14.8	SRR10104165	7.27383652086742
RP11-44F14.8	SRR10104166	5.205551953456123
RP11-44F14.8	SRR10104167	22.498091895959917
RP11-44F14.8	SRR10104168	8.232030338592201
RP11-44F14.8	SRR10104169	9.224224551954697
RP11-44F14.8	SRR10104170	16.483239242422023
RP11-44F14.8	SRR10104171	17.4097675399649
RP11-44F14.8	SRR10104172	10.3424738641328
RP11-44F14.8	SRR10104173	7.432659711527501
RP11-44F14.8	SRR10104174	4.136825904753252
RP11-44F14.8	SRR10104175	12.271934386547935
RP11-44F14.8	SRR10104176	21.474664117389672
RP11-44F14.8	SRR10104177	21.5345855915705
RP11-44F14.8	SRR10104178	22.851305940947384
RP11-44F14.8	SRR10104179	24.83959299441807
RP11-44F14.8	SRR10104180	7.1540483459045
RP11-44F14.8	SRR10104181	6.162274680393216
RP11-44F14.8	SRR10104182	16.56752195852911
RP11-44F14.8	SRR10104183	9.43679515069361
RP11-44F14.8	SRR10104184	7.149787959654231
RP11-44F14.8	SRR10104185	1.0655022783512398
RP11-44F14.8	SRR10104186	11.367484870035325
RP11-44F14.8	SRR10104187	4.319031120572549
RP11-44F14.8	SRR10104188	8.4446899119025
RP11-44F14.8	SRR10104189	5.307174462385837
RP11-44F14.8	SRR10104190	3.4473049669997953
RP11-44F14.8	SRR10104191	5.7106437920835456
RP11-44F14.8	SRR10104192	17.44507279186905
RP11-44F14.8	SRR10104193	10.402803652655077
RP11-44F14.8	SRR10104194	11.477933313659268
RP11-44F14.8	SRR10104195	19.808036152838106
RP11-44F14.8	SRR10104196	5.205436846223898
RP11-44F14.8	SRR10104197	5.084718117581609
RP11-44F14.8	SRR10104198	15.389277092465107
RP11-44F14.8	SRR10104199	7.591866164788669
RP11-44F14.8	SRR10104200	6.2145659034106195
RP11-44F14.8	SRR10104201	19.49963562772705
RP11-44F14.8	SRR10104202	6.410671928698518
RP11-44F14.8	SRR10104203	2.0454392168060136
RP11-44F14.8	SRR10104204	10.316115330113982
RP11-44F14.8	SRR10104205	23.620580663290394
RP11-44F14.8	SRR10104206	4.116073621594917
RP11-44F14.8	SRR10104207	12.394782911022963
RP11-44F14.8	SRR10104208	14.247652115553278
RP11-44F14.8	SRR10104209	13.301583237482363
RP11-44F14.8	SRR10104210	12.31757274061046
RP11-44F14.8	SRR10104211	15.281994064819807
RP11-44F14.8	SRR10104212	23.432065699761512
RP11-44F14.8	SRR10104213	11.667968123665837
RP11-44F14.8	SRR10104214	31.937776002630756
RP11-44F14.8	SRR10104215	25.268164902441345
RP11-44F14.8	SRR10104216	2.124361560071866
RP11-44F14.8	SRR10104217	26.650286861879223
RP11-44F14.8	SRR10104218	13.852340361535525
RP11-44F14.8	SRR10104219	9.587383512338233
RP11-44F14.8	SRR10104220	7.248985294742424
RP11-44F14.8	SRR10104221	8.724133061686496
RP11-44F14.8	SRR10104222	2.0774654633265492
RP11-44F14.8	SRR10104223	2.360334440983843
RP11-44F14.8	SRR10104224	7.178495317702889
RP11-44F14.8	SRR10104225	20.633207522614303
RP11-44F14.8	SRR10104226	18.706984270835772
RP11-44F14.8	SRR10104227	4.3117552957568694
RP11-44F14.8	SRR10104228	5.616052610083006
RP11-44F14.8	SRR10104229	5.186808924352707
RP11-44F14.8	SRR10104230	16.56112848120539
RP11-44F14.8	SRR10104231	8.62580009981432
RP11-44F14.8	SRR10104232	3.1834543344223145
RP11-44F14.8	SRR10104233	20.394783213727823
RP11-44F14.8	SRR10104234	28.656120349028495
RP11-44F14.8	SRR10104235	19.839638984417025
RP11-44F14.8	SRR10104236	86.80038755284373
RP11-44F14.8	SRR10104237	37.68689749595944
RP11-44F14.8	SRR10104238	17.15162709941391
RP11-44F14.8	SRR10104239	6.380148921097408
RP11-44F14.8	SRR10104240	15.049411884482703
RP11-44F14.8	SRR10104241	8.327523141564157
RP11-44F14.8	SRR10104242	15.98451005490092
RP11-44F14.8	SRR10104243	28.856214402427884
RP11-44F14.8	SRR10104244	18.717868578516313
RP11-44F14.8	SRR10104245	13.543552909029046
RP11-44F14.8	SRR10104246	4.435314279365612
RP11-44F14.8	SRR10104247	6.347726868191116
RP11-44F14.8	SRR10104248	4.30611689770462
RP11-44F14.8	SRR10104249	52.39391094137934
RP11-44F14.8	SRR10104250	2.314395105677234
RP11-44F14.8	SRR10104251	3.1413426923173007
RP11-44F14.8	SRR10104252	4.7355062884712424
RP11-44F14.8	SRR10104253	12.099038218775311
RP11-44F14.8	SRR10104254	14.524575672679747
RP11-44F14.8	SRR10104255	12.374934629402194
RP11-44F14.8	SRR10104256	13.38381455296813
RP11-44F14.8	SRR10104257	18.686210792664472
RP11-44F14.8	SRR10104258	7.216427044383361
RP11-44F14.8	SRR10224277	1.0245658638211308
RP11-44F14.8	SRR10224278	1.0942848190075063
RP11-44F14.8	SRR10224279	1.0908476973919505
RP11-44F14.8	SRR10224280	1.0228352144410537
RP11-44F14.8	SRR10224281	1.016181154880479
RP11-44F14.8	SRR10224282	1.0506840927867773
RP11-44F14.8	SRR10224283	1.04241966767901
RP11-44F14.8	SRR10224284	1.1113405704367834
RP11-44F14.8	SRR10224285	1.1302600125483513
RP11-44F14.8	SRR10224286	1.0254727500696328
RP11-44F14.8	SRR10224287	1.034206476188313
RP11-44F14.8	SRR10224288	1.0982502736059643
RP11-44F14.8	SRR10224289	1.095574558517596
RP11-44F14.8	SRR10224290	1.0979938990127511
RP11-44F14.8	SRR10224291	1.031258864476703
RP11-44F14.8	SRR10224292	1.0118994173300337
RP11-44F14.8	SRR10224293	1.0308254672852508
RP11-44F14.8	SRR10224294	1.0583494992707134
RP11-44F14.8	SRR10224295	1.0871371976243258
RP11-44F14.8	SRR10224296	1.0551062717044821
RP11-44F14.8	SRR10224297	1.1298237190995832
RP11-44F14.8	SRR10224298	1.0332669442805347
RP11-44F14.8	SRR10318388	27.204241607965443
RP11-44F14.8	SRR10318389	5.024039614975869
RP11-44F14.8	SRR10318390	4.050197047298961
RP11-44F14.8	SRR10318391	4.048753117963792
RP11-44F14.8	SRR10318392	8.113329696545115
RP11-44F14.8	SRR10318393	15.043697595245506
RP11-44F14.8	SRR10318394	6.081610288938351
RP11-44F14.8	SRR10318395	9.040969522330547
RP11-44F14.8	SRR10318396	13.107297992084908
RP11-44F14.8	SRR10318397	10.060636964446545
RP11-44F14.8	SRR10318398	7.025136066575889
RP11-44F14.8	SRR10318399	2.1004603742173322
RP11-44F14.8	SRR10318400	3.045089841474006
RP11-44F14.8	SRR10318401	11.040661320732783
RP11-44F14.8	SRR10318402	10.043100646878441
RP11-44F14.8	SRR10318403	12.059534653673976
RP11-44F14.8	SRR10318404	5.00891909700182
RP11-44F14.8	SRR10318405	10.025217469463543
RP11-44F14.8	SRR10318406	9.04207244152861
RP11-44F14.8	SRR10318407	13.12995320971952
RP11-44F14.8	SRR10318408	32.098995563798205
RP11-44F14.8	SRR10318409	12.038139265735925
RP11-44F14.8	SRR10318410	21.086785544008876
RP11-44F14.8	SRR10318411	12.044357804435762
RP11-44F14.8	SRR10318412	13.0643775544321
RP11-44F14.8	SRR10318413	28.11041231942632
RP11-44F14.8	SRR10318414	10.060465501543595
RP11-44F14.8	SRR10318415	42.27738351291448
RP11-44F14.8	SRR10318416	18.182297735830762
RP11-44F14.8	SRR10318417	7.05129718306451
RP11-44F14.8	SRR10318418	19.0727616641576
RP11-44F14.8	SRR10318419	8.03268104917213
RP11-44F14.8	SRR10318420	13.0238059159967
RP11-44F14.8	SRR10318421	10.0485547100433
RP11-44F14.8	SRR10318422	13.028094409419248
RP11-44F14.8	SRR10318423	23.036883183084843
RP11-44F14.8	SRR10318424	9.019199274259117
RP11-44F14.8	SRR10318425	10.066317697525907
RP11-44F14.8	SRR10318426	3.2867236755527878
RP11-44F14.8	SRR10318427	6.649514399362264
RP11-44F14.8	SRR10318428	26.036297630638966
RP11-44F14.8	SRR10318429	32.129203826831976
RP11-44F14.8	SRR10318430	18.159318247742394
RP11-44F14.8	SRR10318431	6.031568432490759
RP11-44F14.8	SRR10318432	18.03241079316668
RP11-44F14.8	SRR10318433	1.275527749073799
RP11-44F14.8	SRR10318434	15.047527643754979
RP11-44F14.8	SRR10318435	10.060711119093863
RP11-44F14.8	SRR10318436	18.051089289574406
RP11-44F14.8	SRR10318437	36.02591464184113
RP11-44F14.8	SRR10318438	20.025813754729487
RP11-44F14.8	SRR10318439	31.128111993536915
RP11-44F14.8	SRR10318440	8.128129124325433
RP11-44F14.8	SRR10318441	33.092652066980925
RP11-44F14.8	SRR10318442	12.349167117622954
RP11-44F14.8	SRR10318443	25.05811555458575
RP11-44F14.8	SRR10318444	11.096718474815653
RP11-44F14.8	SRR10318445	7.086980283170254
RP11-44F14.8	SRR10318446	19.076193125406288
RP11-44F14.8	SRR10318447	27.290015891525172
RP11-44F14.8	SRR10318448	21.15072670338655
RP11-44F14.8	SRR10318449	11.023122580371641
RP11-44F14.8	SRR10318450	21.113356571731263
RP11-44F14.8	SRR10318451	7
RP11-44F14.8	SRR10318452	19.12059411378593
RP11-44F14.8	SRR10318453	4.080513176803759
RP11-44F14.8	SRR10318454	32.15340920558542
RP11-44F14.8	SRR10318455	6.036914553826107
RP11-44F14.8	SRR10318456	12.08030809283886
RP11-44F14.8	SRR10318457	9.014859117320887
RP11-44F14.8	SRR10318458	10.130607665001055
RP11-44F14.8	SRR10318459	12.08005452835815
RP11-44F14.8	SRR10318460	7.02831134272678
RP11-44F14.8	SRR10318461	6.0215451999221905
RP11-44F14.8	SRR10318462	11.074966636026936
RP11-44F14.8	SRR10318463	16.05118681739604
RP11-44F14.8	SRR10318464	15.095809819817799
RP11-44F14.8	SRR10318465	17.017088888893976
RP11-44F14.8	SRR10318466	11.10529719495612
RP11-44F14.8	SRR10318467	40.20653307472264
RP11-44F14.8	SRR10318468	10.099265873940114
RP11-44F14.8	SRR10318469	20.07473280715262
RP11-44F14.8	SRR10318470	42
RP11-44F14.8	SRR10318471	8
RP11-44F14.8	SRR10318472	26.116843816987807
RP11-44F14.8	SRR10318473	52.20550502425311
RP11-44F14.8	SRR10318474	34.145608472912556
RP11-44F14.8	SRR10318475	27.11075264768552
RP11-44F14.8	SRR10318476	23.085331377185067
RP11-44F14.8	SRR10318495	42.04978360146783
RP11-44F14.8	SRR10318496	24.214538829232705
RP11-44F14.8	SRR10318497	11.063506733457722
RP11-44F14.8	SRR10318498	40.03778150851877
RP11-44F14.8	SRR10318499	17.020670805287235
RP11-44F14.8	SRR10318500	14.08160571586992
RP11-44F14.8	SRR10318501	22.108471016994308
RP11-44F14.8	SRR10318502	24.012956155352313
RP11-44F14.8	SRR10318503	23.043838650059875
RP11-44F14.8	SRR10318504	10.068217006633477
RP11-44F14.8	SRR10318505	18.012957320920567
RP11-44F14.8	SRR10318506	29.352062553686842
RP11-44F14.8	SRR10318507	14.17193137561234
RP11-44F14.8	SRR10318508	11.343350971771192
RP11-44F14.8	SRR10318509	18.126982983825776
RP11-44F14.8	SRR10318510	7.056877195093494
RP11-44F14.8	SRR10318511	33.0415826259061
RP11-44F14.8	SRR10318512	8.062015857832778
RP11-44F14.8	SRR10318513	13.043935656642823
RP11-44F14.8	SRR10318514	6.027920920688594
RP11-44F14.8	SRR10318515	29.353365466421675
RP11-44F14.8	SRR10318516	26.15721030401335
RP11-44F14.8	SRR10318517	34.09187190576907
RP11-44F14.8	SRR10318518	41.30097161278979
RP11-44F14.8	SRR10318519	13.062721800309292
RP11-44F14.8	SRR10318520	22.0442522960395
RP11-44F14.8	SRR10318521	47.17273794517319
RP11-44F14.8	SRR10318522	15.020940940753249
RP11-44F14.8	SRR10318523	26.05972756221574
RP11-44F14.8	SRR10318524	19.15073253188919
RP11-44F14.8	SRR10318525	18.114002041997804
RP11-44F14.8	SRR10318526	24.15921698256728
RP11-44F14.8	SRR10318527	44.01583387657359
RP11-44F14.8	SRR10318528	46.11867120979995
RP11-44F14.8	SRR10318529	15.03399862499409
RP11-44F14.8	SRR10318530	24.165504194648808
RP11-44F14.8	SRR10318531	34.30815445019318
RP11-44F14.8	SRR10318532	21.17858652829383
RP11-44F14.8	SRR10318533	8.189226352348614
RP11-44F14.8	SRR10318534	10.178798129350087
RP11-44F14.8	SRR10318535	16.252841959446442
RP11-44F14.8	SRR10318536	12.049754724324345
RP11-44F14.8	SRR10318537	5.055411762612843
RP11-44F14.8	SRR10318538	8.015248226107783
RP11-44F14.8	SRR10318539	7.052520335337288
RP11-44F14.8	SRR10318540	11.061028859505681
RP11-44F14.8	SRR10318541	8.05920108341155
RP11-44F14.8	SRR10318542	19.157637061850515
RP11-44F14.8	SRR10318543	30.30694535804403
RP11-44F14.8	SRR10318544	27.067976532454757
RP11-44F14.8	SRR10318545	11.097922064963948
RP11-44F14.8	SRR10318546	5.007201102551016
RP11-44F14.8	SRR10318547	13.052926325582794
RP11-44F14.8	SRR10318548	28.13805402162912
RP11-44F14.8	SRR10318549	21.15072670338655
RP11-44F14.8	SRR10318568	19.060986293063984
RP11-44F14.8	SRR10318569	12.01079873885719
RP11-44F14.8	SRR10318570	20.219871497723577
RP11-44F14.8	SRR10318571	30.02699684714297
RP11-44F14.8	SRR10318572	23.110969339008747
RP11-44F14.8	SRR10318573	16.024729779637024
RP11-44F14.8	SRR10318574	9.022383033119834
RP11-44F14.8	SRR10318575	19.091670323528966
RP11-44F14.8	SRR10318576	21.092086128372156
RP11-44F14.8	SRR10318577	12.035984211990945
RP11-44F14.8	SRR10318578	38.0341960063811
RP11-44F14.8	SRR10318579	18.057033172505975
RP11-44F14.8	SRR10318580	18.02592396918366
RP11-44F14.8	SRR10318581	12
RP11-44F14.8	SRR10875803	44.885064477062805
RP11-44F14.8	SRR10875804	80.38714266839195
RP11-44F14.8	SRR10875805	94.62633178705991
RP11-44F14.8	SRR10875806	29.480575169865695
RP11-44F14.8	SRR10875807	86.255407540941
RP11-44F14.8	SRR10875808	70.3263557624195
RP11-44F14.8	SRR10875809	85.69020051827601
RP11-44F14.8	SRR10875810	68.23029381299978
RP11-44F14.8	SRR10875812	94
RP11-44F14.8	SRR10875813	114.81274930612291
RP11-44F14.8	SRR10875814	156.63511590699352
RP11-44F14.8	SRR10875815	76
RP11-44F14.8	SRR10875816	92
RP11-44F14.8	SRR10875817	33.19797965995918
RP11-44F14.8	SRR10875818	125.741786319231
RP11-44F14.8	SRR10875819	172
RP11-44F14.8	SRR10875820	98.34281561570627
RP11-44F14.8	SRR10875821	174.42766915986417
RP11-44F14.8	SRR10875822	61.75672471423091
RP11-44F14.8	SRR10875823	261
RP11-44F14.8	SRR10875824	75.07548190130127
RP11-44F14.8	SRR10875825	171.31313935657198
RP11-44F14.8	SRR10875826	105.56985987413006
RP11-44F14.8	SRR10875827	103.7879957416287
RP11-44F14.8	SRR10875829	130.49759647994475
RP11-44F14.8	SRR10875830	94
RP11-44F14.8	SRR10875831	80.29080969836821
RP11-44F14.8	SRR10875832	257
RP11-44F14.8	SRR10875834	120.41086933900179
RP11-44F14.8	SRR10875835	142
RP11-44F14.8	SRR10875836	92.38528529269307
RP11-44F14.8	SRR10875837	36.99025762620559
RP11-44F14.8	SRR10875838	244
RP11-44F14.8	SRR10875839	100.83981850719874
RP11-44F14.8	SRR10875840	62.91414681018993
RP11-44F14.8	SRR10875841	110.4261209010179
RP11-44F14.8	SRR10875842	29.19536254025798
RP11-44F14.8	SRR10875843	7.175679377494427
RP11-44F14.8	SRR10875844	96.45643453945661
RP11-44F14.8	SRR10875845	55.27818502611416
RP11-44F14.8	SRR10875846	12.29879595322013
RP11-44F14.8	SRR10875847	89.84396096252726
RP11-44F14.8	SRR10875848	172
RP11-44F14.8	SRR10875849	97.54300358168229
RP11-44F14.8	SRR10875850	90.01619228079393
RP11-44F14.8	SRR10875851	181.17309520834874
RP11-44F14.8	SRR10875852	87.41672935881111
RP11-44F14.8	SRR10875853	176.39891719993065
RP11-44F14.8	SRR10875854	124.52486753048557
RP11-44F14.8	SRR10875855	81.23067645029126
RP11-44F14.8	SRR10875856	84.4309302769013
RP11-44F14.8	SRR10875857	91.64416477306645
RP11-44F14.8	SRR10875858	122.8502412349108
RP11-44F14.8	SRR10875859	127
RP11-44F14.8	SRR10875860	74.61614770627278
RP11-44F14.8	SRR10875861	75.13117724402571
RP11-44F14.8	SRR10875862	161.00811529762476
RP11-44F14.8	SRR10875863	119.65128726886826
RP11-44F14.8	SRR10875864	154
RP11-44F14.8	SRR10875865	98.32201546198482
RP11-44F14.8	SRR10875866	88.54186386647018
RP11-44F14.8	SRR10875867	95.09894262567083
RP11-44F14.8	SRR10875868	142.10131859229153
RP11-44F14.8	SRR10875869	151
RP11-44F14.8	SRR10875870	158.1440529391135
RP11-44F14.8	SRR10875871	112.02015039387689
RP11-44F14.8	SRR10875872	93.57348845720576
RP11-44F14.8	SRR10875873	146.9054083148099
RP11-44F14.8	SRR10875874	63.918186705023736
RP11-44F14.8	SRR10875875	108.79043840428946
RP11-44F14.8	SRR10875876	80
RP11-44F14.8	SRR10875877	195.84293719611517
RP11-44F14.8	SRR10875878	80.63663191761893
RP11-44F14.8	SRR10875879	247
RP11-44F14.8	SRR10875880	92.37300825555927
RP11-44F14.8	SRR10875881	164.89474441581788
RP11-44F14.8	SRR10875882	166
RP11-44F14.8	SRR10875883	123.79881073845297
RP11-44F14.8	SRR10875884	109.16389802267489
RP11-44F14.8	SRR10875885	130.24778367425148
RP11-44F14.8	SRR10875886	11.083209543985921
RP11-44F14.8	SRR10875887	124
RP11-44F14.8	SRR10875888	42.158944385549724
RP11-44F14.8	SRR10875889	57.12919477497754
RP11-44F14.8	SRR10875890	89.20172517496493
RP11-44F14.8	SRR10875891	101
RP11-44F14.8	SRR10875892	260.4846906714627
RP11-44F14.8	SRR10875893	33
RP11-44F14.8	SRR10875894	23.86774048919358
RP11-44F14.8	SRR10875895	74
RP11-44F14.8	SRR10875896	30.303346328136303
RP11-44F14.8	SRR10875897	14.03654640382277
RP11-44F14.8	SRR10875898	241.11720945037914
RP11-44F14.8	SRR10875899	96.34878468714344
RP11-44F14.8	SRR10875900	100.3815689470687
RP11-44F14.8	SRR10875901	245.5420781796163
RP11-44F14.8	SRR10875902	100.46440041164723
RP11-44F14.8	SRR12430469	4
RP11-44F14.8	SRR12430470	3.409049880803986
RP11-44F14.8	SRR12430471	0.973304284575122
RP11-44F14.8	SRR12430472	4.820054459164903
RP11-44F14.8	SRR12430473	2
RP11-44F14.8	SRR12430474	1.359873205876857
RP11-44F14.8	SRR12430475	2.611055878944555
RP11-44F14.8	SRR12430476	5
RP11-44F14.8	SRR12765534	20
RP11-44F14.8	SRR12765535	5.013289507199537
RP11-44F14.8	SRR12765536	3.0138873016576317
RP11-44F14.8	SRR12765537	11.046621509202103
RP11-44F14.8	SRR12765538	12.411562271950386
RP11-44F14.8	SRR12765539	14.439779361072011
RP11-44F14.8	SRR12765540	6.018793721891143
RP11-44F14.8	SRR12765541	14.135851118575117
RP11-44F14.8	SRR12765542	8
RP11-44F14.8	SRR12765543	15.246237220797667
RP11-44F14.8	SRR12765544	9.104445030592316
RP11-44F14.8	SRR12765545	9.085204531204761
RP11-44F14.8	SRR12765546	16.484128136522955
RP11-44F14.8	SRR12765547	29.23506813719173
RP11-44F14.8	SRR12765548	5.102297867507914
RP11-44F14.8	SRR12765549	23.17649033768342
RP11-44F14.8	SRR12765550	15.60176136013926
RP11-44F14.8	SRR12765551	14.193923882140483
RP11-44F14.8	SRR12765552	4.16634173918875
RP11-44F14.8	SRR12765553	5.2239377065472405
RP11-44F14.8	SRR12765554	16.51099932206434
RP11-44F14.8	SRR12765555	15.311703348817963
RP11-44F14.8	SRR12765556	40.61997161774951
RP11-44F14.8	SRR12765557	17.179022131145235
RP11-44F14.8	SRR12765558	6.309988197662342
RP11-44F14.8	SRR12765559	17.03240248047904
RP11-44F14.8	SRR12765560	5.096573936402777
RP11-44F14.8	SRR12765561	17.04825099570916
RP11-44F14.8	SRR12765562	12.188886238383287
RP11-44F14.8	SRR12765563	17.124292035435538
RP11-44F14.8	SRR12765564	27.05715680858567
RP11-44F14.8	SRR12765565	23.09812853933981
RP11-44F14.8	SRR12765566	10.07208251121861
RP11-44F14.8	SRR12765567	4.053160412232982
RP11-44F14.8	SRR12765568	15.156092630670454
RP11-44F14.8	SRR12765569	11.126588456532213
RP11-44F14.8	SRR12765570	36.25838863437694
RP11-44F14.8	SRR12765571	25.2797189492363
RP11-44F14.8	SRR12765572	13.086170038980075
RP11-44F14.8	SRR12765573	13.449586033177095
RP11-44F14.8	SRR12765574	16.11135365217083
RP11-44F14.8	SRR12765575	21.508685594417738
RP11-44F14.8	SRR12765576	13.324254568139258
RP11-44F14.8	SRR12765577	24.05813737169383
RP11-44F14.8	SRR12765578	18.27332992545317
RP11-44F14.8	SRR12765579	15.128246363753684
RP11-44F14.8	SRR12765580	16.182773767500045
RP11-44F14.8	SRR12765581	13.211432595718286
RP11-44F14.8	SRR12765582	25.025130718961734
RP11-44F14.8	SRR12765583	25.222365735820922
RP11-44F14.8	SRR12765584	19.238035097983996
RP11-44F14.8	SRR12765585	18.200841250223917
RP11-44F14.8	SRR12765586	3.0159327731209604
RP11-44F14.8	SRR12765587	16.18932886016443
RP11-44F14.8	SRR12765588	6.04197773461805
RP11-44F14.8	SRR12765589	23.422632769880757
RP11-44F14.8	SRR12765590	7.2059515738691
RP11-44F14.8	SRR12765591	17.478269001166158
RP11-44F14.8	SRR12765592	17.281124995433398
RP11-44F14.8	SRR12765593	18.1517930202857
RP11-44F14.8	SRR12765594	6.139650534377928
RP11-44F14.8	SRR12765595	18.216327981113583
RP11-44F14.8	SRR12765596	9.04016958188942
RP11-44F14.8	SRR12765597	8.064668482428347
RP11-44F14.8	SRR12765598	26.18802359691723
RP11-44F14.8	SRR12765599	6.018561668212164
RP11-44F14.8	SRR12765600	7.301654789531622
RP11-44F14.8	SRR12765601	15.332433592893507
RP11-44F14.8	SRR12765602	14.12141494959556
RP11-44F14.8	SRR12765603	29.290961844156477
RP11-44F14.8	SRR12765604	5.040815088454714
RP11-44F14.8	SRR12765605	10.078157404057295
RP11-44F14.8	SRR12765606	4.053214233825748
RP11-44F14.8	SRR12765607	7.061486234720996
RP11-44F14.8	SRR12765608	5.044409269895898
RP11-44F14.8	SRR12765609	14.067931237341476
RP11-44F14.8	SRR12765610	6.0525838727659735
RP11-44F14.8	SRR12765611	13.072305660409432
RP11-44F14.8	SRR12765612	6.0273699056759025
RP11-44F14.8	SRR12765613	20.12073391852546
RP11-44F14.8	SRR12765614	12.056096588704813
RP11-44F14.8	SRR12765615	11.10101530292744
RP11-44F14.8	SRR12765616	27.166945950680077
RP11-44F14.8	SRR12765617	19.161604531161352
RP11-44F14.8	SRR12765618	21.49501383310508
RP11-44F14.8	SRR12765619	16.35022233354357
RP11-44F14.8	SRR12765620	19.15544033560911
RP11-44F14.8	SRR12765621	12.03147784145978
RP11-44F14.8	SRR12765622	3.0660767011093486
RP11-44F14.8	SRR12765623	16
RP11-44F14.8	SRR12765624	13.051733151607955
RP11-44F14.8	SRR12765625	5.041788271524927
RP11-44F14.8	SRR12765626	7.034728547976487
RP11-44F14.8	SRR12765627	8.00431871845077
RP11-44F14.8	SRR12765628	8.333123919328044
RP11-44F14.8	SRR12765629	12.389803398788251
RP11-44F14.8	SRR12765630	15.025887053037197
RP11-44F14.8	SRR12765631	36.21816569219047
RP11-44F14.8	SRR12765632	15.098777719447702
RP11-44F14.8	SRR12765633	6.1173798978727305
RP11-44F14.8	SRR12765634	16.08745041371509
RP11-44F14.8	SRR12765635	8.185713697643724
RP11-44F14.8	SRR12765636	13.158856546285262
RP11-44F14.8	SRR12765637	12.428110447003682
RP11-44F14.8	SRR12765638	17
RP11-44F14.8	SRR12765639	7.218668617827322
RP11-44F14.8	SRR12765640	11.055886348275534
RP11-44F14.8	SRR12765641	3.0573305853160555
RP11-44F14.8	SRR12765642	3.0073406910592437
RP11-44F14.8	SRR12765643	8.11336023937481
RP11-44F14.8	SRR12765644	29.10404129799284
RP11-44F14.8	SRR12765645	7.2029482041722765
RP11-44F14.8	SRR12765646	4.027316247920917
RP11-44F14.8	SRR12765647	11.322266948433434
RP11-44F14.8	SRR12765648	11.13097426810904
RP11-44F14.8	SRR12765649	13.644001122145703
RP11-44F14.8	SRR12765650	13.238999292467007
RP11-44F14.8	SRR12765651	22.622164773876197
RP11-44F14.8	SRR12765652	11.11862123772425
RP11-44F14.8	SRR12774664	69.3667706740605
RP11-44F14.8	SRR12774665	86.15231642133428
RP11-44F14.8	SRR12774666	112.1867703829498
RP11-44F14.8	SRR12774667	35.528954576032504
RP11-44F14.8	SRR12774668	8.427321398832206
RP11-44F14.8	SRR12774669	60.09873403102108
RP11-44F14.8	SRR12774670	74.4870244145953
RP11-44F14.8	SRR12774671	69.19872673052875
RP11-44F14.8	SRR12774672	96.59460900332921
RP11-44F14.8	SRR12774673	45.646024110850796
RP11-44F14.8	SRR12774674	97.32192393495394
RP11-44F14.8	SRR12774675	63.113777647414885
RP11-44F14.8	SRR12774676	70.4588338920146
RP11-44F14.8	SRR12774677	62.68050941289659
RP11-44F14.8	SRR12774678	29.228771858379424
RP11-44F14.8	SRR12774679	63.45170881525442
RP11-44F14.8	SRR12774680	149.09346410700755
RP11-44F14.8	SRR12774681	144.24839627357574
RP11-44F14.8	SRR12774682	108.1398401674141
RP11-44F14.8	SRR12774683	137.9790683665159
RP11-44F14.8	SRR12774684	93.49186720935839
RP11-44F14.8	SRR12774685	123.9089038530431
RP11-44F14.8	SRR12774686	66.18094169791372
RP11-44F14.8	SRR12774687	51.47302119268996
RP11-44F14.8	SRR1609360	4.198449915385035
RP11-44F14.8	SRR1609361	8.211538547383519
RP11-44F14.8	SRR1609362	4.274000525365231
RP11-44F14.8	SRR1609363	8.05947107439615
RP11-44F14.8	SRR1609364	5.043740533144247
RP11-44F14.8	SRR1609365	2.0292679659528767
RP11-44F14.8	SRR1609366	6.0345389558496665
RP11-44F14.8	SRR1609367	6.016396602729769
RP11-44F14.8	SRR1609368	22.12436533228798
RP11-44F14.8	SRR1609369	11.009898843952424
RP11-44F14.8	SRR1609370	20.04172570832252
RP11-44F14.8	SRR1609371	20.609928015533008
RP11-44F14.8	SRR1609372	12.009901992819684
RP11-44F14.8	SRR1609373	12.090735065986125
RP11-44F14.8	SRR1609374	14.036781520753424
RP11-44F14.8	SRR1609375	3.0199944401518444
RP11-44F14.8	SRR1609376	13.211425845216167
RP11-44F14.8	SRR1609377	9.048429823604971
RP11-44F14.8	SRR1609378	8.1421829296099
RP11-44F14.8	SRR1609379	4.007324897229754
RP11-44F14.8	SRR1609380	23.36805515202417
RP11-44F14.8	SRR1609381	14.010077916271552
RP11-44F14.8	SRR1609382	8.116439661455178
RP11-44F14.8	SRR1609383	5.0526346315429045
RP11-44F14.8	SRR1609384	4.039516380856258
RP11-44F14.8	SRR1609385	10.07487455393186
RP11-44F14.8	SRR1609386	14.095175983220033
RP11-44F14.8	SRR1609387	10.076068991803101
RP11-44F14.8	SRR1609388	8.104297641979606
RP11-44F14.8	SRR1609389	21.05324761818675
RP11-44F14.8	SRR1609390	6.078964721551181
RP11-44F14.8	SRR1609391	2.1286337114510596
RP11-44F14.8	SRR1609392	12.189541623269609
RP11-44F14.8	SRR1609393	5.225800764950599
RP11-44F14.8	SRR1609394	16.454549377907103
RP11-44F14.8	SRR1609395	6.0337389577204235
RP11-44F14.8	SRR1609396	9.010241545502533
RP11-44F14.8	SRR1609397	4.059761315236345
RP11-44F14.8	SRR1609398	18.084942325709378
RP11-44F14.8	SRR1609399	14.054151597291044
RP11-44F14.8	SRR1609400	7.01553404644747
RP11-44F14.8	SRR1609401	16.1728108776946
RP11-44F14.8	SRR1609402	29.130325795871016
RP11-44F14.8	SRR1609403	7.02280094098464
RP11-44F14.8	SRR1609404	10.12215597602802
RP11-44F14.8	SRR1609405	8.054623352984603
RP11-44F14.8	SRR1609406	5.020489229296771
RP11-44F14.8	SRR1609407	5.012121296284837
RP11-44F14.8	SRR1609408	24.189113255260256
RP11-44F14.8	SRR1609409	1.0192836281435407
RP11-44F14.8	SRR1609410	25
RP11-44F14.8	SRR1609411	1.0534817444447622
RP11-44F14.8	SRR1609412	10
RP11-44F14.8	SRR1609413	16.3552921658337
RP11-44F14.8	SRR1609414	15.024765195534812
RP11-44F14.8	SRR1609415	13.002338885003567
RP11-44F14.8	SRR1609416	4.010876816663404
RP11-44F14.8	SRR1609417	22.150545459306105
RP11-44F14.8	SRR1609418	8.011632475873547
RP11-44F14.8	SRR1609419	12.058875849764808
RP11-44F14.8	SRR1609420	10.047772073142706
RP11-44F14.8	SRR1609421	15.09739849000469
RP11-44F14.8	SRR1609422	14.23801044119085
RP11-44F14.8	SRR1609423	1.0543133661346646
RP11-44F14.8	SRR1609424	2.1586653566617837
RP11-44F14.8	SRR1609425	1.001651013035654
RP11-44F14.8	SRR1609426	5.023880896612484
RP11-44F14.8	SRR1609427	7.037260071239154
RP11-44F14.8	SRR1609428	14.122154571965535
RP11-44F14.8	SRR1609429	9.01161618962827
RP11-44F14.8	SRR1609430	24.10024616205815
RP11-44F14.8	SRR1609431	9.06826166650733
RP11-44F14.8	SRR1609432	25.03864028068285
RP11-44F14.8	SRR1609433	9.076422148976105
RP11-44F14.8	SRR1609434	10.15284112503842
RP11-44F14.8	SRR1609435	6.027679760678146
RP11-44F14.8	SRR1609436	17.05565939713562
RP11-44F14.8	SRR1609437	11.243791115244532
RP11-44F14.8	SRR1609438	12.391116903141821
RP11-44F14.8	SRR1609439	2.0300877352827724
RP11-44F14.8	SRR1609440	3.0077394267260837
RP11-44F14.8	SRR1609441	18.040798349992908
RP11-44F14.8	SRR1609442	12.088915729272735
RP11-44F14.8	SRR1609443	2.017831304982502
RP11-44F14.8	SRR1609444	8.00431871845077
RP11-44F14.8	SRR1609445	2.007059021274751
RP11-44F14.8	SRR1609446	6.068575558043772
RP11-44F14.8	SRR1609447	1.2343308859580486
RP11-44F14.8	SRR1609448	21.186587241473347
RP11-44F14.8	SRR1609449	6.015029727882518
RP11-44F14.8	SRR1609450	17.03546685207414
RP11-44F14.8	SRR1609451	6.078946902769147
RP11-44F14.8	SRR1609452	2.5280106526686255
RP11-44F14.8	SRR1609453	8.014734708999654
RP11-44F14.8	SRR1609454	4.065599093842974
RP11-44F14.8	SRR1609455	1.252344349611058
RP11-44F14.8	SRR1609456	8.039165392229032
RP11-44F14.8	SRR1609457	4.0267823470731825
RP11-44F14.8	SRR1609458	4.963718441257416
RP11-44F14.8	SRR1609459	6.023483940736811
RP11-44F14.8	SRR1609460	9.08909074141744
RP11-44F14.8	SRR1609461	24.041016589647477
RP11-44F14.8	SRR1609462	4.014962971744793
RP11-44F14.8	SRR1609463	5.033021846775534
RP11-44F14.8	SRR1609464	6.068944814549694
RP11-44F14.8	SRR1609465	14.171884785637653
RP11-44F14.8	SRR1609466	1.1216427607845454
RP11-44F14.8	SRR1609467	1.0121540748943918
RP11-44F14.8	SRR1609468	7.012080624750691
RP11-44F14.8	SRR1609469	7.001259399617306
RP11-44F14.8	SRR1609470	22.10674908725089
RP11-44F14.8	SRR1609471	11.023587543741456
RP11-44F14.8	SRR1609472	6.524191803175277
RP11-44F14.8	SRR1609473	9.522877738486127
RP11-44F14.8	SRR1609474	24.062220109431905
RP11-44F14.8	SRR1609475	7.155253819149142
RP11-44F14.8	SRR1609476	25.715979123643883
RP11-44F14.8	SRR1609477	11.063018896007492
RP11-44F14.8	SRR1609478	5.116398462602853
RP11-44F14.8	SRR1609479	7.074533615343143
RP11-44F14.8	SRR1609480	14
RP11-44F14.8	SRR1609481	27.28678907240387
RP11-44F14.8	SRR1609482	5.018550299388059
RP11-44F14.8	SRR1609483	9.041519641017219
RP11-44F14.8	SRR1609484	13.104912347778052
RP11-44F14.8	SRR1609485	26.02339726752391
RP11-44F14.8	SRR1609486	11.03601490402893
RP11-44F14.8	SRR1609487	19.075929513772785
RP11-44F14.8	SRR1609488	16.023043528163253
RP11-44F14.8	SRR1609489	27.05991703629738
RP11-44F14.8	SRR1609490	3.050532141108976
RP11-44F14.8	SRR1609491	16.057402095444324
RP11-44F14.8	SRR1609492	33
RP11-44F14.8	SRR1609493	9.041120961647817
RP11-44F14.8	SRR1609494	10.05980932254509
RP11-44F14.8	SRR1609495	11.024932324995666
RP11-44F14.8	SRR1609496	12.01079873885719
RP11-44F14.8	SRR1609497	2.0017997898095317
RP11-44F14.8	SRR1609498	15.00539791246827
RP11-44F14.8	SRR1609499	14.029636863711088
RP11-44F14.8	SRR1609500	8.013806428286504
RP11-44F14.8	SRR1609501	22.028395130202437
RP11-44F14.8	SRR1609502	3.039370739304958
RP11-44F14.8	SRR1609503	2.515462450334251
RP11-44F14.8	SRR1609504	24
RP11-44F14.8	SRR1609505	18
RP11-44F14.8	SRR1609506	17.33994877393225
RP11-44F14.8	SRR1609507	12.073992420381806
RP11-44F14.8	SRR1609508	13.007017917482504
RP11-44F14.8	SRR1609509	7.044955398328098
RP11-44F14.8	SRR1609510	13.074077207222027
RP11-44F14.8	SRR1609511	4.150076332528666
RP11-44F14.8	SRR1609512	4.013574983676928
RP11-44F14.8	SRR1609513	8.026084095254781
RP11-44F14.8	SRR1609514	1.049805218598925
RP11-44F14.8	SRR1609515	16.031693404878578
RP11-44F14.8	SRR1609516	30.126131492178484
RP11-44F14.8	SRR1609517	6.138153547890133
RP11-44F14.8	SRR1609518	13.021065120146364
RP11-44F14.8	SRR1609519	9.015532231822318
RP11-44F14.8	SRR1609520	5.396856181706757
RP11-44F14.8	SRR1609521	22.036924879575444
RP11-44F14.8	SRR1609522	9.220249323040408
RP11-44F14.8	SRR1609523	6.028764226047266
RP11-44F14.8	SRR1609524	26.439419217664266
RP11-44F14.8	SRR1609525	15.083221172053202
RP11-44F14.8	SRR1609526	25.517180649474376
RP11-44F14.8	SRR1609527	12
RP11-44F14.8	SRR1609528	11.097922064963948
RP11-44F14.8	SRR1609529	19.49707359746562
RP11-44F14.8	SRR1609530	8.039143195570686
RP11-44F14.8	SRR1609531	18.069160909464244
RP11-44F14.8	SRR1609532	4.029528387222713
RP11-44F14.8	SRR1609533	13.504673661604835
RP11-44F14.8	SRR1609534	6.007908410787807
RP11-44F14.8	SRR1609535	4.179199754549447
RP11-44F14.8	SRR1609536	6.067112986707469
RP11-44F14.8	SRR1609537	24.093049511617128
RP11-44F14.8	SRR1609538	23
RP11-44F14.8	SRR1609539	11.068652789217465
RP11-44F14.8	SRR1609540	12
RP11-44F14.8	SRR1609541	3.3017960339913426
RP11-44F14.8	SRR1609542	21.04981310631277
RP11-44F14.8	SRR1609543	18.037553137490267
RP11-44F14.8	SRR1609544	3.0178121363994843
RP11-44F14.8	SRR1609545	3.369902279391888
RP11-44F14.8	SRR1609546	21
RP11-44F14.8	SRR1609547	19.09912450345821
RP11-44F14.8	SRR1609548	12.221833838636865
RP11-44F14.8	SRR1609549	8.086873770401692
RP11-44F14.8	SRR1609550	37
RP11-44F14.8	SRR1609551	21.24661407288059
RP11-44F14.8	SRR1609552	14.063965940341049
RP11-44F14.8	SRR1609553	3.0079737043197223
RP11-44F14.8	SRR1609554	15.138212532635826
RP11-44F14.8	SRR1609555	9.032041693589727
RP11-44F14.8	SRR1609556	5.113014174295424
RP11-44F14.8	SRR1609557	16.101509178786653
RP11-44F14.8	SRR1609558	12.052089193060365
RP11-44F14.8	SRR1609559	10.429313075146666
RP11-44F14.8	SRR1609560	1.0074202577564666
RP11-44F14.8	SRR1609561	14.03654640382277
RP11-44F14.8	SRR1609562	9.009047058826223
RP11-44F14.8	SRR1609563	14.062680346771877
RP11-44F14.8	SRR1609564	17.016283669913093
RP11-44F14.8	SRR1609565	11.28047562780482
RP11-44F14.8	SRR1609566	11.03717632485162
RP11-44F14.8	SRR1609567	2.517780144414936
RP11-44F14.8	SRR1609568	13
RP11-44F14.8	SRR1609569	5
RP11-44F14.8	SRR1609570	6.108642724686819
RP11-44F14.8	SRR1609571	15.368274670222133
RP11-44F14.8	SRR1609572	11.148868261027506
RP11-44F14.8	SRR1609573	13.262276898397854
RP11-44F14.8	SRR1609574	5.026222836132075
RP11-44F14.8	SRR1609575	2.1473997193950134
RP11-44F14.8	SRR1609576	14.056377748099584
RP11-44F14.8	SRR1609577	8.033880649939892
RP11-44F14.8	SRR1609578	9.016054374603275
RP11-44F14.8	SRR1609579	16.109264991683666
RP11-44F14.8	SRR1609580	4.031106342483083
RP11-44F14.8	SRR1609581	2.0843420610134857
RP11-44F14.8	SRR1609582	10.084465858122732
RP11-44F14.8	SRR1609583	5.181226760052263
RP11-44F14.8	SRR1609584	9.018625503697782
RP11-44F14.8	SRR1609585	9.008099054142892
RP11-44F14.8	SRR1609586	2.1572497533725854
RP11-44F14.8	SRR1609587	13.159234922308762
RP11-44F14.8	SRR1609588	4.056098164043874
RP11-44F14.8	SRR1609589	12.03189481727889
RP11-44F14.8	SRR1609590	5.00179930415609
RP11-44F14.8	SRR1609591	3.0098222465533446
RP11-44F14.8	SRR1609592	6.0415748809324405
RP11-44F14.8	SRR1609593	10.055894714059807
RP11-44F14.8	SRR1609594	7.179537203727619
RP11-44F14.8	SRR1609595	2.0501439847055773
RP11-44F14.8	SRR1609596	17.044663275200584
RP11-44F14.8	SRR1609597	16.067761299879784
RP11-44F14.8	SRR1609598	6.167716924940646
RP11-44F14.8	SRR1609599	10.21526241306417
RP11-44F14.8	SRR1609600	9.281575019920751
RP11-44F14.8	SRR1609601	6.17024148212013
RP11-44F14.8	SRR1609602	1.1633952247111359
RP11-44F14.8	SRR1609603	18
RP11-44F14.8	SRR1609604	27.191761142473418
RP11-44F14.8	SRR1609605	7.054263875603681
RP11-44F14.8	SRR1609606	10.16340160710226
RP11-44F14.8	SRR1609607	18.091205683266967
RP11-44F14.8	SRR1609608	8.165276840553126
RP11-44F14.8	SRR1609609	13.431684498847845
RP11-44F14.8	SRR1609610	14
RP11-44F14.8	SRR1609611	17.295752377694157
RP11-44F14.8	SRR1609612	23.05385246362756
RP11-44F14.8	SRR1609613	13.011698633761956
RP11-44F14.8	SRR1609614	12.142619003769475
RP11-44F14.8	SRR1609615	12.03839011304703
RP11-44F14.8	SRR1609616	31
RP11-44F14.8	SRR1609617	14
RP11-44F14.8	SRR1609618	5.016149217641518
RP11-44F14.8	SRR1609619	8.029300528538506
RP11-44F14.8	SRR1609620	8.102701729513075
RP11-44F14.8	SRR1609621	11.096382512501442
RP11-44F14.8	SRR1609622	3.1191621773383544
RP11-44F14.8	SRR1609623	5.097074521456372
RP11-44F14.8	SRR1609624	2.4673392840574664
RP11-44F14.8	SRR1609625	3.004861181572238
RP11-44F14.8	SRR1609626	8.063663191761892
RP11-44F14.8	SRR1609627	18.10041871289453
RP11-44F14.8	SRR1609628	28.05375646288583
RP11-44F14.8	SRR1609629	10.16628015095451
RP11-44F14.8	SRR1609630	19.053927583439652
RP11-44F14.8	SRR1609631	18
RP11-44F14.8	SRR1609632	6
RP11-44F14.8	SRR1609633	3.0109974059920237
RP11-44F14.8	SRR1609634	13.109227548017444
RP11-44F14.8	SRR1609635	10.252958338928059
RP11-44F14.8	SRR1609636	3.102095178421699
RP11-44F14.8	SRR1609637	7.028978498089218
RP11-44F14.8	SRR1609638	2.0499900982434935
RP11-44F14.8	SRR1609639	22.122968370931577
RP11-44F14.8	SRR1609640	15.002698713465655
RP11-44F14.8	SRR1609641	1.0002851723145936
RP11-44F14.8	SRR1609642	21
RP11-44F14.8	SRR1609643	17.208717239702864
RP11-44F14.8	SRR1609644	8.008639768317675
RP11-44F14.8	SRR1609645	20.06459687056607
RP11-44F14.8	SRR1609646	27.064785500463074
RP11-44F14.8	SRR1609647	7.149088079990855
RP11-44F14.8	SRR1609648	6.021935826532127
RP11-44F14.8	SRR1609649	5.041735153893314
RP11-44F14.8	SRR1609650	12.090276353171763
RP11-44F14.8	SRR1609651	5.017272927347353
RP11-44F14.8	SRR1609652	10.03604441399735
RP11-44F14.8	SRR1609653	12.613664933257219
RP11-44F14.8	SRR1609654	2.0702895661704486
RP11-44F14.8	SRR1609655	23.158240268212975
RP11-44F14.8	SRR1609656	4.058646914331177
RP11-44F14.8	SRR1609657	6.079623682736833
RP11-44F14.8	SRR1609658	21.427619661490546
RP11-44F14.8	SRR1609659	18.1452047484254
RP11-44F14.8	SRR1609660	6.023692697066097
RP11-44F14.8	SRR1609661	5.007424437091858
RP11-44F14.8	SRR1609662	15.070785271424482
RP11-44F14.8	SRR1609663	12.032022294192002
RP11-44F14.8	SRR1609664	30.220671445047596
RP11-44F14.8	SRR1609665	8
RP11-44F14.8	SRR1609666	15.253395331004578
RP11-44F14.8	SRR1609667	9.026892519826568
RP11-44F14.8	SRR1609668	2.252749049233326
RP11-44F14.8	SRR1609669	9.177826378768799
RP11-44F14.8	SRR1746771	6.40063309119792
RP11-44F14.8	SRR1746772	0.589515562609275
RP11-44F14.8	SRR1746773	0.764442612521828
RP11-44F14.8	SRR1746774	5.902037248909444
RP11-44F14.8	SRR1746775	0.9432528829412494
RP11-44F14.8	SRR1746776	3.2926786132256947
RP11-44F14.8	SRR1746777	19.451523353935354
RP11-44F14.8	SRR1746778	3.780653283745729
RP11-44F14.8	SRR1746779	1.7929721025165746
RP11-44F14.8	SRR1746780	2.6477311043916525
RP11-44F14.8	SRR1746781	2.2119607150315863
RP11-44F14.8	SRR1746782	3.013706987215939
RP11-44F14.8	SRR1746783	3
RP11-44F14.8	SRR1746784	20
RP11-44F14.8	SRR1782685	10.163701315430375
RP11-44F14.8	SRR1782686	9.220666561055706
RP11-44F14.8	SRR1782687	13.161793851901855
RP11-44F14.8	SRR1782688	26.440534211424367
RP11-44F14.8	SRR1782689	6.109373501813871
RP11-44F14.8	SRR1782690	8.167585577275137
RP11-44F14.8	SRR1782691	22.039613191648165
RP11-44F14.8	SRR1782692	13.10915492744456
RP11-44F14.8	SRR1782693	2.018311227118144
RP11-44F14.8	SRR1782694	13.211700316484663
RP11-44F14.8	SRR1782695	14.010077916271552
RP11-44F14.8	SRR1782696	5.017035518738878
RP11-44F14.8	SRR1782697	21.186787218089574
RP11-44F14.8	SRR1782698	20.042338376730125
RP11-44F14.8	SRR1782699	2.049956360817607
RP11-44F14.8	SRR1782700	7.0543202141105414
RP11-44F14.8	SRR1782701	12.07653386749212
RP11-44F14.8	SRR1782702	8.086711762456769
RP11-44F14.8	SRR1782703	14.055282959820891
RP11-44F14.8	SRR1782704	23.36799364928698
RP11-44F14.8	SRR1782705	15.369418825057844
RP11-44F14.8	SRR1782706	24.06191541380867
RP11-44F14.8	SRR1782707	4.0155946364838195
RP11-44F14.8	SRR1782708	1.0538021486811544
RP11-44F14.8	SRR1782709	15.7520429053728
RP11-44F14.8	SRR1782710	10
RP11-44F14.8	SRR1782711	6.069890650967259
RP11-44F14.8	SRR1782712	10.121272073678108
RP11-44F14.8	SRR1782713	7.155335461011504
RP11-44F14.8	SRR1782714	6.523958386891983
RP11-44F14.8	SRR1782715	21.05260404758881
RP11-44F14.8	SRR1782716	10.15162755673933
RP11-44F14.8	SRR1782717	12.009901992819684
RP11-44F14.8	SRR1782718	2.0293789498957318
RP11-44F14.8	SRR1782719	10.074140567609241
RP11-44F14.8	SRR1782720	8.142228887323473
RP11-44F14.8	SRR1782721	1.1217593509927906
RP11-44F14.8	SRR1782722	11.009898843952424
RP11-44F14.8	SRR1782723	7.015866024997242
RP11-44F14.8	SRR1782724	6.069444479641626
RP11-44F14.8	SRR1782725	4.276397088633449
RP11-44F14.8	SRR1782726	10.0768154067403
RP11-44F14.8	SRR1782727	33
RP11-44F14.8	SRR1782728	20.613570426421454
RP11-44F14.8	SRR1782729	16.2300787392738
RP11-44F14.8	SRR1782730	6.0086413230612195
RP11-44F14.8	SRR1782731	13.427705000845032
RP11-44F14.8	SRR1782732	2.1594882207961175
RP11-44F14.8	SRR1782733	9.089339286546101
RP11-44F14.8	SRR1782734	7.044400327028727
RP11-44F14.8	SRR1782735	6.028213133947646
RP11-44F14.8	SRR1782736	12.224638749236279
RP11-44F14.8	SRR1782737	3.005035210851197
RP11-44F14.8	SRR1782738	4.199601977273732
RP11-44F14.8	SRR1782739	5.052608741530266
RP11-44F14.8	SRR1782740	12.144560331468721
RP11-44F14.8	SRR1782741	1.0546801002769515
RP11-44F14.8	SRR1782742	37
RP11-44F14.8	SRR1782743	17.03471568529558
RP11-44F14.8	SRR1782744	14.070834875581188
RP11-44F14.8	SRR1782745	14.172797850632346
RP11-44F14.8	SRR1782746	13.263952923843249
RP11-44F14.8	SRR1782747	9.068582067230484
RP11-44F14.8	SRR1782748	4.060119788632008
RP11-44F14.8	SRR1782749	8.104610113993193
RP11-44F14.8	SRR1782750	9.012680160452192
RP11-44F14.8	SRR1782751	12.190745831245726
RP11-44F14.8	SRR1782752	5.034299201927988
RP11-44F14.8	SRR1782753	9.009568826012465
RP11-44F14.8	SRR1782754	9.077112708695296
RP11-44F14.8	SRR1782755	19.052443558397414
RP11-44F14.8	SRR1782756	5.228190841919801
RP11-44F14.8	SRR1782757	25.036770854515243
RP11-44F14.8	SRR1782758	15.027008994305568
RP11-44F14.8	SRR1782759	12.053688452191691
RP11-44F14.8	SRR1782760	8.116380319024023
RP11-44F14.8	SRR1782761	5.619250881347688
RP11-44F14.8	SRR1782762	2.129851061580111
RP11-44F14.8	SRR1782763	22.12168717322044
RP11-44F14.8	SRR1782764	9.010943367505005
RP11-44F14.8	SRR1782765	7.023133263407464
RP11-44F14.8	SRR1782766	16.173590143856828
RP11-44F14.8	SRR1782767	4.03974566289107
RP11-44F14.8	SRR1782768	3.019999969993285
RP11-44F14.8	SRR1782769	5.043602613643143
RP11-44F14.8	SRR1782770	18.085362945893095
RP11-44F14.8	SRR1782771	14.095609447027565
RP11-44F14.8	SRR1782772	9.049190857714738
RP11-44F14.8	SRR1782773	29.128056965322543
RP11-44F14.8	SRR1782774	14.035733511500936
RP11-44F14.8	SRR1782775	21.426420126288672
RP11-44F14.8	SRR1782776	6.091398570896582
RP11-44F14.8	SRR1782777	13.002338885003567
RP11-44F14.8	SRR1782778	28.052041354870557
RP11-44F14.8	SRR1782779	6.170574309941674
RP11-44F14.8	SRR1782780	3.0394410561463308
RP11-44F14.8	SRR1782781	2.070718089466591
RP11-44F14.8	SRR1782782	25.521411051992665
RP11-44F14.8	SRR1782783	11.070787627296905
RP11-44F14.8	SRR1782784	20.068478223166963
RP11-44F14.8	SRR1782785	4.004319884158837
RP11-44F14.8	SRR1782786	10.254091193769634
RP11-44F14.8	SRR1782787	12
RP11-44F14.8	SRR1782788	10.037988754978041
RP11-44F14.8	SRR1782789	17.295406322521046
RP11-44F14.8	SRR1782790	10.056784533302757
RP11-44F14.8	SRR1782791	3.0180494270185942
RP11-44F14.8	SRR1782792	27.18688360555639
RP11-44F14.8	SRR1782793	4.150061554785059
RP11-44F14.8	SRR1782794	16.110737681595307
RP11-44F14.8	SRR1782795	10.214531830775025
RP11-44F14.8	SRR1782796	5.400387765408037
RP11-44F14.8	SRR1782797	7.179930375632848
RP11-44F14.8	SRR1782798	9.177243018508857
RP11-44F14.8	SRR1782799	13.021065120146364
RP11-44F14.8	SRR1782800	9.01620539658334
RP11-44F14.8	SRR1782801	6.0337389577204235
RP11-44F14.8	SRR1782802	12.089576174329078
RP11-44F14.8	SRR1782803	9.033390538898505
RP11-44F14.8	SRR1782804	6.016514064020681
RP11-44F14.8	SRR1782805	4.007202398481485
RP11-44F14.8	SRR1782806	18.04894567498532
RP11-44F14.8	SRR1782807	4.142797882701535
RP11-44F14.8	SRR1782808	9.241443187456753
RP11-44F14.8	SRR1782809	3.041258187179655
RP11-44F14.8	SRR1782810	4.067735841613158
RP11-44F14.8	SRR1782811	14.04412389031518
RP11-44F14.8	SRR1782812	25.321189321204955
RP11-44F14.8	SRR1782813	18.113698631379375
RP11-44F14.8	SRR1782814	7.092232134980968
RP11-44F14.8	SRR1782815	6.374975045223373
RP11-44F14.8	SRR1782816	8.00431871845077
RP11-44F14.8	SRR1782817	4.014363466614793
RP11-44F14.8	SRR1782818	4.056278210742193
RP11-44F14.8	SRR1782819	6.168399658718201
RP11-44F14.8	SRR1782820	5.180309048808718
RP11-44F14.8	SRR1782821	12.032793205459537
RP11-44F14.8	SRR1782822	13.104415935370877
RP11-44F14.8	SRR1782823	5.0193853149202345
RP11-44F14.8	SRR1782824	11.06335708854984
RP11-44F14.8	SRR1782825	10.058487323132065
RP11-44F14.8	SRR1782826	22.152941499013615
RP11-44F14.8	SRR1782827	11.149225270754144
RP11-44F14.8	SRR1782828	9
RP11-44F14.8	SRR1782829	14
RP11-44F14.8	SRR1782830	3.1184780175944566
RP11-44F14.8	SRR1782831	2.147838845102731
RP11-44F14.8	SRR1782832	12.395021270516422
RP11-44F14.8	SRR1782833	5.116664080115611
RP11-44F14.8	SRR1782834	7.001259399617306
RP11-44F14.8	SRR1782835	2.231231531822256
RP11-44F14.8	SRR1782836	12.801101616638544
RP11-44F14.8	SRR1782837	6.168800823940997
RP11-44F14.8	SRR1782838	6.080410545949115
RP11-44F14.8	SRR1782839	3.0427274554238135
RP11-44F14.8	SRR1782840	11.094445846136272
RP11-44F14.8	SRR1782841	2.0305365603160794
RP11-44F14.8	SRR1782842	13
RP11-44F14.8	SRR1782843	2.0497786207567628
RP11-44F14.8	SRR1782844	1.0002851723145936
RP11-44F14.8	SRR1782845	5.095967212201068
RP11-44F14.8	SRR1782846	18.100813403912817
RP11-44F14.8	SRR1782847	1.2341754014728283
RP11-44F14.8	SRR1782848	2.4679248494336052
RP11-44F14.8	SRR1782849	4.9631270678383625
RP11-44F14.8	SRR1782850	1.2523904174212142
RP11-44F14.8	SRR1782851	2.5280171151217217
RP11-44F14.8	SRR1782852	2.528689347786182
RP11-44F14.8	SRR1782853	2.5182689130765783
RP11-44F14.8	SRR1782854	11.03601490402893
RP11-44F14.8	SRR1782855	23.055479595989386
RP11-44F14.8	SRR1782856	19.101539231046765
RP11-44F14.8	SRR1782857	12.086705006535619
RP11-44F14.8	SRR1782858	17.018359507675058
RP11-44F14.8	SRR1782859	1.0016203938574126
RP11-44F14.8	SRR1782860	18.040798349992908
RP11-44F14.8	SRR1782861	8.014970450682949
RP11-44F14.8	SRR1782862	10.047190180949656
RP11-44F14.8	SRR1782863	3.0079737043197223
RP11-44F14.8	SRR1782864	6.079298970529484
RP11-44F14.8	SRR1782865	24.102782451467686
RP11-44F14.8	SRR1782866	2.007059021274751
RP11-44F14.8	SRR1782867	14.238763068712746
RP11-44F14.8	SRR1782868	8.02932641597873
RP11-44F14.8	SRR1782869	17.059715924786094
RP11-44F14.8	SRR1782870	6.015029727882518
RP11-44F14.8	SRR1782871	7.037667640581644
RP11-44F14.8	SRR1782872	4.011116793216188
RP11-44F14.8	SRR1782873	5.023357382712616
RP11-44F14.8	SRR1782874	15.09753651843096
RP11-44F14.8	SRR1782875	12.06223621129322
RP11-44F14.8	SRR1782876	6.023896260914323
RP11-44F14.8	SRR1782877	14.047934756216875
RP11-44F14.8	SRR1782878	8.064452363589764
RP11-44F14.8	SRR1782879	4.059225853133388
RP11-44F14.8	SRR1782880	30.127149570551186
RP11-44F14.8	SRR1782881	8.033415387352715
RP11-44F14.8	SRR1782882	6.021177063824254
RP11-44F14.8	SRR1782883	9.016481018766946
RP11-44F14.8	SRR1782884	11.00791836278479
RP11-44F14.8	SRR1782885	18
RP11-44F14.8	SRR1782886	15.08357197810755
RP11-44F14.8	SRR1782887	9.008374428518502
RP11-44F14.8	SRR1782888	5.016423558944621
RP11-44F14.8	SRR1782889	20.087151782761968
RP11-44F14.8	SRR1782890	5.007728056136569
RP11-44F14.8	SRR1782891	13.009358065109298
RP11-44F14.8	SRR1782892	8.014868958534445
RP11-44F14.8	SRR1782893	14.054898622521831
RP11-44F14.8	SRR1782894	6.0695586969982
RP11-44F14.8	SRR1782895	18.06678107779701
RP11-44F14.8	SRR1782896	27.05834992725536
RP11-44F14.8	SRR1782897	3.008422915180084
RP11-44F14.8	SRR1782898	21.047598074991726
RP11-44F14.8	SRR1782899	24.091032499131433
RP11-44F14.8	SRR1782900	12.01295965247651
RP11-44F14.8	SRR1782901	26.026135947720203
RP11-44F14.8	SRR1782902	14
RP11-44F14.8	SRR1782903	17.04339069253685
RP11-44F14.8	SRR1782904	21
RP11-44F14.8	SRR1782905	11.023286107201569
RP11-44F14.8	SRR1782906	16.10275519617851
RP11-44F14.8	SRR1782907	22.107971752321227
RP11-44F14.8	SRR1782908	14.043310559161716
RP11-44F14.8	SRR1782909	6.020727512816823
RP11-44F14.8	SRR1782910	13
RP11-44F14.8	SRR1782911	6.042244163071269
RP11-44F14.8	SRR1782912	25.74504134527286
RP11-44F14.8	SRR1782913	12
RP11-44F14.8	SRR1782914	14.039306937507058
RP11-44F14.8	SRR1782915	5
RP11-44F14.8	SRR1782916	39.42391343350766
RP11-44F14.8	SRR1782917	23.07450419544054
RP11-44F14.8	SRR1782918	14.01511959455593
RP11-44F14.8	SRR1782919	8
RP11-44F14.8	SRR1782920	2.0021599420794187
RP11-44F14.8	SRR1782921	14.029207995825764
RP11-44F14.8	SRR1782922	1.1868611598736958
RP11-44F14.8	SRR1782923	20.112777955939475
RP11-44F14.8	SRR1782924	12.06223621129322
RP11-44F14.8	SRR1782925	2.0071057015195124
RP11-44F14.8	SRR1782926	13.096644331797247
RP11-44F14.8	SRR1782927	10.02913173016367
RP11-44F14.8	SRR1782928	2.0145947525752916
RP11-44F14.8	SRR1782929	18.157892103398716
RP11-44F14.8	SRR1782930	5.014702990560454
RP11-44F14.8	SRR1782931	7.019129369851397
RP11-44F14.8	SRR1782932	7.026259642394339
RP11-44F14.8	SRR1782933	2.1307994216975272
RP11-44F14.8	SRR1782934	5.0297034290605405
RP11-44F14.8	SRR1782935	9.040969522330547
RP11-44F14.8	SRR1782936	19.493472748077334
RP11-44F14.8	SRR1782937	18.143353859639817
RP11-44F14.8	SRR1782938	2.516200075801242
RP11-44F14.8	SRR1782939	6.02874655441392
RP11-44F14.8	SRR1782940	12.032063656023684
RP11-44F14.8	SRR1782941	4.031703687046938
RP11-44F14.8	SRR1782942	19.076512658135147
RP11-44F14.8	SRR1782943	14.066066253329517
RP11-44F14.8	SRR1782944	22.02899750622196
RP11-44F14.8	SRR1782945	5.026905457558317
RP11-44F14.8	SRR1782946	18.038899951503574
RP11-44F14.8	SRR1782947	9.019298899424827
RP11-44F14.8	SRR1782948	23
RP11-44F14.8	SRR1782949	27.068087167551568
RP11-44F14.8	SRR1782950	8
RP11-44F14.8	SRR1782951	8.02690287380912
RP11-44F14.8	SRR1782952	3.3939735638835344
RP11-44F14.8	SRR1782953	16.030496452215566
RP11-44F14.8	SRR1782954	2.2528330677331043
RP11-44F14.8	SRR1782955	3.1027623695601187
RP11-44F14.8	SRR1782956	22.336250475084523
RP11-44F14.8	SRR1782957	9.178073279513391
RP11-44F14.8	SRR1782958	22.122057719011362
RP11-44F14.8	SRR1782959	9.5273238555638
RP11-44F14.8	SRR1782960	18
RP11-44F14.8	SRR1782961	8.029247768709503
RP11-44F14.8	SRR1782962	30.223016528985564
RP11-44F14.8	SRR1782963	23.1605267026625
RP11-44F14.8	SRR1782964	13.00543136861735
RP11-44F14.8	SRR1782965	9.028365358059759
RP11-44F14.8	SRR1782966	44
RP11-44F14.8	SRR1782967	15.061989674292056
RP11-44F14.8	SRR1782968	9.009719739357383
RP11-44F14.8	SRR1782969	17.21142573767337
RP11-44F14.8	SRR1782970	8.102618256172402
RP11-44F14.8	SRR1782971	15.256956683162764
RP11-44F14.8	SRR1782972	6.034375710697715
RP11-44F14.8	SRR1782973	12.620951901159856
RP11-44F14.8	SRR1782974	28
RP11-44F14.8	SRR1782975	3.1203954050108123
RP11-44F14.8	SRR1782976	9.089534551388912
RP11-44F14.8	SRR1782977	15.00539791246827
RP11-44F14.8	SRR1782978	6.1018285936848
RP11-44F14.8	SRR1782979	31.264610437204517
RP11-44F14.8	SRR1782980	7.012486735802548
RP11-44F14.8	SRR1782981	29.362625211315372
RP11-44F14.8	SRR1782982	7.04105906435322
RP11-44F14.8	SRR1782983	8.008041830067754
RP11-44F14.8	SRR1782984	5.00179930415609
RP11-44F14.8	SRR1782985	18.123616560870737
RP11-44F14.8	SRR1782986	14.042881273289174
RP11-44F14.8	SRR1782987	14.018069628310641
RP11-44F14.8	SRR1782988	6
RP11-44F14.8	SRR1782989	8.349120168598674
RP11-44F14.8	SRR1782990	7.097829471348738
RP11-44F14.8	SRR1782991	7.029453345246696
RP11-44F14.8	SRR1782992	20.04893794039496
RP11-44F14.8	SRR1782993	7.150144377880812
RP11-44F14.8	SRR1782994	24
RP11-44F14.8	SRR1782995	5.042456749431169
RP11-44F14.8	SRR1782996	18
RP11-44F14.8	SRR1782997	14.063300457990003
RP11-44F14.8	SRR1782998	3.011130179632835
RP11-44F14.8	SRR1782999	6.132533916117156
RP11-44F14.8	SRR1783000	21.083129612973753
RP11-44F14.8	SRR1783001	10.169288929732232
RP11-44F14.8	SRR1783002	8.458456584094485
RP11-44F14.8	SRR1783003	8
RP11-44F14.8	SRR1783004	15.069436508288158
RP11-44F14.8	SRR1783005	4.06516734402246
RP11-44F14.8	SRR1783006	2.0487033449054772
RP11-44F14.8	SRR1813867	14.715101268135555
RP11-44F14.8	SRR1813868	24.480409374204424
RP11-44F14.8	SRR1813869	22.232896357930134
RP11-44F14.8	SRR1813870	23.32588211406157
RP11-44F14.8	SRR1813871	23.70686957892074
RP11-44F14.8	SRR1813872	21.81361729855199
RP11-44F14.8	SRR1813873	32.35176431355227
RP11-44F14.8	SRR1813874	5.054518981915849
RP11-44F14.8	SRR1813875	17
RP11-44F14.8	SRR1813876	51.27512921410237
RP11-44F14.8	SRR1813877	79.6332172713656
RP11-44F14.8	SRR1813878	23.016556576731837
RP11-44F14.8	SRR1813879	21
RP11-44F14.8	SRR1813880	6
RP11-44F14.8	SRR1813881	16.340199897926784
RP11-44F14.8	SRR1813882	34.69869918337354
RP11-44F14.8	SRR1813883	50.044156488580825
RP11-44F14.8	SRR1813884	12.16449634026323
RP11-44F14.8	SRR1813885	47
RP11-44F14.8	SRR1813886	11.013860875302033
RP11-44F14.8	SRR1813887	13.145191284770547
RP11-44F14.8	SRR1928188	1.008175814381133
RP11-44F14.8	SRR1928189	1.0072973762876458
RP11-44F14.8	SRR1928190	1.0087587942301535
RP11-44F14.8	SRR1928191	1.0112464490004
RP11-44F14.8	SRR1928192	1.0128070516909926
RP11-44F14.8	SRR1928193	2.030430427238611
RP11-44F14.8	SRR2046996	26.2220158771214
RP11-44F14.8	SRR2046997	5.054945281772426
RP11-44F14.8	SRR2046998	4.080056287994627
RP11-44F14.8	SRR2046999	31.235646716921835
RP11-44F14.8	SRR2047000	7.073853452520367
RP11-44F14.8	SRR2047001	5.046516811911404
RP11-44F14.8	SRR2047002	6.1118868496971475
RP11-44F14.8	SRR2047003	2.047036370888518
RP11-44F14.8	SRR2047004	15.117382485329145
RP11-44F14.8	SRR2047005	3.024108345490572
RP11-44F14.8	SRR2047006	2.0300541646562906
RP11-44F14.8	SRR2047007	2.0521624361557538
RP11-44F14.8	SRR2047008	2.0248300565731543
RP11-44F14.8	SRR2047009	1.0183672447201313
RP11-44F14.8	SRR2313973	12.155875907708703
RP11-44F14.8	SRR2313974	23.175373662009147
RP11-44F14.8	SRR2313975	36.37600023185526
RP11-44F14.8	SRR2313976	57.85005585719132
RP11-44F14.8	SRR2313977	36.315423040774256
RP11-44F14.8	SRR2313978	32.868349002966575
RP11-44F14.8	SRR2313979	15.157794029900021
RP11-44F14.8	SRR2313980	57.3359059277913
RP11-44F14.8	SRR2313981	28.100809502591613
RP11-44F14.8	SRR2313982	17.22728837739549
RP11-44F14.8	SRR2313983	29.495456821212084
RP11-44F14.8	SRR2313984	37.202501083597696
RP11-44F14.8	SRR2313985	13.254228945821149
RP11-44F14.8	SRR2313986	27.168886835316528
RP11-44F14.8	SRR2313987	28.094515814200108
RP11-44F14.8	SRR2313988	38.347394621661074
RP11-44F14.8	SRR2313989	21.226963258350718
RP11-44F14.8	SRR2313990	28.442825264904798
RP11-44F14.8	SRR2313991	46.77517093018523
RP11-44F14.8	SRR2313992	11.169103834127094
RP11-44F14.8	SRR2313993	22.231130541683545
RP11-44F14.8	SRR2313994	16.35454773935452
RP11-44F14.8	SRR2313995	40.171304085779475
RP11-44F14.8	SRR2313996	42.19060806918052
RP11-44F14.8	SRR2313997	5.061404062718693
RP11-44F14.8	SRR2313998	7.173945095872117
RP11-44F14.8	SRR2313999	22.207447843316725
RP11-44F14.8	SRR2314000	31.270539698910692
RP11-44F14.8	SRR2314001	2.0282349493869103
RP11-44F14.8	SRR2314002	51.55554738885544
RP11-44F14.8	SRR2314003	18.39662620221679
RP11-44F14.8	SRR2314004	75.60009916363603
RP11-44F14.8	SRR2314005	8.076575542115517
RP11-44F14.8	SRR2314006	14.26930128600576
RP11-44F14.8	SRR2314007	37.22423896149629
RP11-44F14.8	SRR2314008	62.081720244807336
RP11-44F14.8	SRR2314009	31.25707543617689
RP11-44F14.8	SRR2314010	51.3384579676666
RP11-44F14.8	SRR2314011	21.15101898679072
RP11-44F14.8	SRR2314012	35.259451224099344
RP11-44F14.8	SRR2314013	21.252136533210034
RP11-44F14.8	SRR2314014	29.337910478654933
RP11-44F14.8	SRR2314015	75.58704212037654
RP11-44F14.8	SRR2314016	53.17313758354818
RP11-44F14.8	SRR2314017	7.138883602718445
RP11-44F14.8	SRR2314018	28.02140480471967
RP11-44F14.8	SRR2314019	40.13518663582407
RP11-44F14.8	SRR2314020	21.350825289264463
RP11-44F14.8	SRR2314021	50.254028855797884
RP11-44F14.8	SRR2314022	22.271370120611632
RP11-44F14.8	SRR2314023	7.0695109752438645
RP11-44F14.8	SRR2314024	41.54544589671391
RP11-44F14.8	SRR2314025	17.085024282710396
RP11-44F14.8	SRR2314026	18.40940205118607
RP11-44F14.8	SRR2314027	19.14404623989608
RP11-44F14.8	SRR2314028	24.06918036613259
RP11-44F14.8	SRR2314029	58.13580186479994
RP11-44F14.8	SRR2314030	31.14809342674239
RP11-44F14.8	SRR2314031	20.35331535842633
RP11-44F14.8	SRR2314032	30.534532384496604
RP11-44F14.8	SRR2314033	32.78941234314032
RP11-44F14.8	SRR2314034	21.625722921140063
RP11-44F14.8	SRR2314035	12.568610006533373
RP11-44F14.8	SRR2314036	18.31555540959361
RP11-44F14.8	SRR2314037	29.403617277642706
RP11-44F14.8	SRR2314038	42.24377159257724
RP11-44F14.8	SRR2314039	20.224928980008002
RP11-44F14.8	SRR2314040	17.673473275847
RP11-44F14.8	SRR2314041	28.214003574280675
RP11-44F14.8	SRR2314042	17.069392195696917
RP11-44F14.8	SRR2314043	18.166334147389083
RP11-44F14.8	SRR2314044	31.13193036501465
RP11-44F14.8	SRR2314045	37.28177095124491
RP11-44F14.8	SRR3493774	25
RP11-44F14.8	SRR3493775	34
RP11-44F14.8	SRR3493776	26.93464011672224
RP11-44F14.8	SRR3493777	21.01511687440733
RP11-44F14.8	SRR3493778	37
RP11-44F14.8	SRR3493779	42.15011037075767
RP11-44F14.8	SRR3493780	9.449051371499156
RP11-44F14.8	SRR3493781	18
RP11-44F14.8	SRR3493782	9.07681455005626
RP11-44F14.8	SRR3493783	15.041310224591458
RP11-44F14.8	SRR3493784	14.29133801127845
RP11-44F14.8	SRR3493785	22.01979768790485
RP11-44F14.8	SRR3493786	11.44800868998605
RP11-44F14.8	SRR3493787	39
RP11-44F14.8	SRR3493788	18
RP11-44F14.8	SRR3493789	11.201067900877993
RP11-44F14.8	SRR3493790	26
RP11-44F14.8	SRR3493791	27.039712522876464
RP11-44F14.8	SRR3493792	37.026634493003385
RP11-44F14.8	SRR3493793	18.17674997589764
RP11-44F14.8	SRR3493794	70.21926008873
RP11-44F14.8	SRR3493795	57.21193032944269
RP11-44F14.8	SRR3493796	14.117381010091334
RP11-44F14.8	SRR3493797	41
RP11-44F14.8	SRR3493798	34.38041777096137
RP11-44F14.8	SRR3493799	19
RP11-44F14.8	SRR3493800	55.39889658659349
RP11-44F14.8	SRR3493801	45.41463759790748
RP11-44F14.8	SRR3493802	28
RP11-44F14.8	SRR3493803	63
RP11-44F14.8	SRR3493804	20.014397023245074
RP11-44F14.8	SRR3493805	38.09117959324433
RP11-44F14.8	SRR3493806	29
RP11-44F14.8	SRR3493807	10
RP11-44F14.8	SRR3493808	10.02086285416126
RP11-44F14.8	SRR3493809	21.07097298380764
RP11-44F14.8	SRR3493810	20
RP11-44F14.8	SRR3493811	44
RP11-44F14.8	SRR3493812	44.03167345113916
RP11-44F14.8	SRR3493813	36.068617017485025
RP11-44F14.8	SRR3493814	55
RP11-44F14.8	SRR3493815	11.162757960774293
RP11-44F14.8	SRR3493816	16
RP11-44F14.8	SRR3493817	16.04661076826187
RP11-44F14.8	SRR3493818	25.089690774131757
RP11-44F14.8	SRR3493819	37
RP11-44F14.8	SRR3493820	4.4882618487871495
RP11-44F14.8	SRR3493821	34.39792615669736
RP11-44F14.8	SRR3493822	56
RP11-44F14.8	SRR3493823	38.626363169856674
RP11-44F14.8	SRR3493824	37.485286059577646
RP11-44F14.8	SRR3493825	10.013180684646345
RP11-44F14.8	SRR3493826	53.038152111599445
RP11-44F14.8	SRR3493827	41
RP11-44F14.8	SRR3493828	8
RP11-44F14.8	SRR3493829	18.043190333642052
RP11-44F14.8	SRR3493830	53.4267557507156
RP11-44F14.8	SRR3493831	23.10462539828148
RP11-44F14.8	SRR3493832	56.010075196938445
RP11-44F14.8	SRR3493833	28.899227198088965
RP11-44F14.8	SRR3493834	43
RP11-44F14.8	SRR3493835	24.126448598846498
RP11-44F14.8	SRR3493836	34
RP11-44F14.8	SRR3493837	39.03033454188002
RP11-44F14.8	SRR3493838	24
RP11-44F14.8	SRR3493839	24.20017125405332
RP11-44F14.8	SRR3493840	15.293763327489796
RP11-44F14.8	SRR3493841	15.032876161868368
RP11-44F14.8	SRR3493846	13.296945504465615
RP11-44F14.8	SRR3493847	21.770721120487195
RP11-44F14.8	SRR3493848	31.011155685767758
RP11-44F14.8	SRR3493849	14.885592058137126
RP11-44F14.8	SRR3493850	22
RP11-44F14.8	SRR3714631	17
RP11-44F14.8	SRR3714632	22.12370951164155
RP11-44F14.8	SRR3714633	26.301730088377806
RP11-44F14.8	SRR3714634	14.093396949751176
RP11-44F14.8	SRR3714635	8
RP11-44F14.8	SRR3714636	9
RP11-44F14.8	SRR3714637	1
RP11-44F14.8	SRR3714638	88
RP11-44F14.8	SRR3714639	23.7826992522967
RP11-44F14.8	SRR3714640	46.452274649807826
RP11-44F14.8	SRR3714641	26.743488914893362
RP11-44F14.8	SRR3714642	33.598185941873915
RP11-44F14.8	SRR3714643	26.321171202438837
RP11-44F14.8	SRR3714644	17.164235970652406
RP11-44F14.8	SRR3714645	29.1899942146047
RP11-44F14.8	SRR3714646	37.013314850755066
RP11-44F14.8	SRR3714648	8.292791442689243
RP11-44F14.8	SRR3714649	3.878942930158227
RP11-44F14.8	SRR3714650	1.0068862093697364
RP11-44F14.8	SRR3714651	33.51986048207392
RP11-44F14.8	SRR3714652	20.62980787141551
RP11-44F14.8	SRR3714653	39
RP11-44F14.8	SRR3714654	16
RP11-44F14.8	SRR3714655	28.021012398714333
RP11-44F14.8	SRR3714656	42.426956466414104
RP11-44F14.8	SRR3714657	23.614188448041666
RP11-44F14.8	SRR3714658	39.98873432382821
RP11-44F14.8	SRR3714659	11.525103854701062
RP11-44F14.8	SRR3714660	80
RP11-44F14.8	SRR3714661	62
RP11-44F14.8	SRR3714662	2.0220351499593554
RP11-44F14.8	SRR3714663	19.014258413413298
RP11-44F14.8	SRR3714664	27.95971606004264
RP11-44F14.8	SRR3714665	21
RP11-44F14.8	SRR3714666	15
RP11-44F14.8	SRR3714667	15.28403310558937
RP11-44F14.8	SRR3714668	46
RP11-44F14.8	SRR3714669	3.9788407141233777
RP11-44F14.8	SRR3714670	26.350429181113423
RP11-44F14.8	SRR3714671	28.03528222804154
RP11-44F14.8	SRR3714672	24.065918974977897
RP11-44F14.8	SRR3714673	41.85195063367239
RP11-44F14.8	SRR3714674	16.869625055797393
RP11-44F14.8	SRR3714675	18.847366403621727
RP11-44F14.8	SRR3714676	4
RP11-44F14.8	SRR3714677	21.04981310631277
RP11-44F14.8	SRR3714678	47.920354134788006
RP11-44F14.8	SRR3714679	30.048611815722378
RP11-44F14.8	SRR3714680	22.037967677787886
RP11-44F14.8	SRR3714681	4.014240752706545
RP11-44F14.8	SRR3714682	23.467801421228128
RP11-44F14.8	SRR3714683	47.09805541455792
RP11-44F14.8	SRR3714684	21.15967392388363
RP11-44F14.8	SRR3714685	32.05620562996451
RP11-44F14.8	SRR3714686	55.13399370793973
RP11-44F14.8	SRR3714688	20.1492936238818
RP11-44F14.8	SRR3714689	8.50764104242147
RP11-44F14.8	SRR3714690	63.04170625255081
RP11-44F14.8	SRR3714691	49
RP11-44F14.8	SRR3714692	19.896966737138893
RP11-44F14.8	SRR3714693	38.05316902769162
RP11-44F14.8	SRR3714694	114.73066881026371
RP11-44F14.8	SRR3714695	53.269815786228605
RP11-44F14.8	SRR3714696	28
RP11-44F14.8	SRR3714697	6.055259608669556
RP11-44F14.8	SRR3714698	3.039639814946911
RP11-44F14.8	SRR3714699	4.996799198879585
RP11-44F14.8	SRR3714700	52.385877036719585
RP11-44F14.8	SRR3714701	24.755847323701797
RP11-44F14.8	SRR3714702	2.929849329373426
RP11-44F14.8	SRR3714703	45.04784413006233
RP11-44F14.8	SRR3714704	12.461861159754964
RP11-44F14.8	SRR3714705	19.249583653262075
RP11-44F14.8	SRR3714706	21.736786528279946
RP11-44F14.8	SRR3714707	8.00575880929803
RP11-44F14.8	SRR3714708	2.0465328704093637
RP11-44F14.8	SRR3714709	5.406576798812069
RP11-44F14.8	SRR3714710	58.22251876621141
RP11-44F14.8	SRR3714711	30.49909735905562
RP11-44F14.8	SRR3714712	38
RP11-44F14.8	SRR3714713	44
RP11-44F14.8	SRR3714714	31
RP11-44F14.8	SRR3714715	6.028948523219674
RP11-44F14.8	SRR3714716	28
RP11-44F14.8	SRR3714717	37
RP11-44F14.8	SRR3714718	47
RP11-44F14.8	SRR3714719	41.97926278700803
RP11-44F14.8	SRR3714720	10.695591016352182
RP11-44F14.8	SRR3714721	22.60967045684245
RP11-44F14.8	SRR3714723	19.657341999372196
RP11-44F14.8	SRR3714724	4.0117753268576255
RP11-44F14.8	SRR3714725	1.0124287223897714
RP11-44F14.8	SRR3714726	58.93974839883085
RP11-44F14.8	SRR3714727	24.885059940764112
RP11-44F14.8	SRR3714728	15.124186767683424
RP11-44F14.8	SRR3714729	14.367173312808879
RP11-44F14.8	SRR3714730	25.9225719153106
RP11-44F14.8	SRR3714731	2.0003598284620874
RP11-44F14.8	SRR3714732	56.730962149021806
RP11-44F14.8	SRR3714734	10.745330247799236
RP11-44F14.8	SRR3714735	1.3672517809134717
RP11-44F14.8	SRR3714736	48.39104416701565
RP11-44F14.8	SRR3714737	16
RP11-44F14.8	SRR3714738	35.703299260129086
RP11-44F14.8	SRR3714739	53.270551641831005
RP11-44F14.8	SRR3714740	78.46218544273182
RP11-44F14.8	SRR3714741	40.04319884158837
RP11-44F14.8	SRR3714744	22.04702254803452
RP11-44F14.8	SRR3714745	11.44746386487951
RP11-44F14.8	SRR3714746	9.076947818252211
RP11-44F14.8	SRR3714747	30.019146021007245
RP11-44F14.8	SRR3714748	2.554692715314513
RP11-44F14.8	SRR3714749	3.0626457189895953
RP11-44F14.8	SRR3714750	5.593374271012062
RP11-44F14.8	SRR3714751	27.029159218072152
RP11-44F14.8	SRR3714752	3
RP11-44F14.8	SRR3714753	1.0079064098710653
RP11-44F14.8	SRR3714754	68
RP11-44F14.8	SRR3714755	16.73621976796791
RP11-44F14.8	SRR3714756	4.086720715379134
RP11-44F14.8	SRR3714757	24.174691115818963
RP11-44F14.8	SRR3714758	64.45751046289404
RP11-44F14.8	SRR3714759	74.93667403103957
RP11-44F14.8	SRR3714760	21.018897793000082
RP11-44F14.8	SRR3714761	18.006477494961924
RP11-44F14.8	SRR3714762	35.88698578365642
RP11-44F14.8	SRR3714764	23
RP11-44F14.8	SRR3714765	12.197267639597346
RP11-44F14.8	SRR3714766	30
RP11-44F14.8	SRR3714767	23.319952313313454
RP11-44F14.8	SRR3714768	72
RP11-44F14.8	SRR5176628	12.083234923764705
RP11-44F14.8	SRR5176629	13.074999970745322
RP11-44F14.8	SRR5176630	19.043064924992514
RP11-44F14.8	SRR5176631	13.127305120065412
RP11-44F14.8	SRR5176632	13.03707797807104
RP11-44F14.8	SRR5176633	3.019584344332581
RP11-44F14.8	SRR5176634	4.159327420809227
RP11-44F14.8	SRR5176635	10.061926805515341
RP11-44F14.8	SRR5176636	15.394136267103873
RP11-44F14.8	SRR5176637	6.177984108795903
RP11-44F14.8	SRR5176638	1.1227010298695481
RP11-44F14.8	SRR5176639	15
RP11-44F14.8	SRR5176640	10.441979418626174
RP11-44F14.8	SRR5176641	3.044593462131552
RP11-44F14.8	SRR5176642	9.017154254371256
RP11-44F14.8	SRR5176643	13.02243544596557
RP11-44F14.8	SRR5176644	13.002338885003567
RP11-44F14.8	SRR5176645	2.077607674552947
RP11-44F14.8	SRR5176646	15.28007090038867
RP11-44F14.8	SRR5176647	12.07034805119436
RP11-44F14.8	SRR5176648	12.033857955165564
RP11-44F14.8	SRR5176649	11.07480140844652
RP11-44F14.8	SRR5176650	7.168710460374621
RP11-44F14.8	SRR5176651	22.349779294840534
RP11-44F14.8	SRR5176652	19.105919438542696
RP11-44F14.8	SRR5176653	21.056744412386777
RP11-44F14.8	SRR5176654	12.097956212291315
RP11-44F14.8	SRR5176655	13.016381034447859
RP11-44F14.8	SRR5176656	4.280441162924507
RP11-44F14.8	SRR5176657	2.160672398262396
RP11-44F14.8	SRR5176658	16.026416208570463
RP11-44F14.8	SRR5176659	28.060511035672224
RP11-44F14.8	SRR5176660	4.004602507572034
RP11-44F14.8	SRR5176661	6.033288468821281
RP11-44F14.8	SRR5176662	16.50207210915845
RP11-44F14.8	SRR5176663	6.038611433071039
RP11-44F14.8	SRR5176664	23
RP11-44F14.8	SRR5176665	8.071489283698643
RP11-44F14.8	SRR5176666	7.0271394408883285
RP11-44F14.8	SRR5176667	12.944537191829562
RP11-44F14.8	SRR5176668	12.052089193060365
RP11-44F14.8	SRR5176669	17.162923687916784
RP11-44F14.8	SRR5176670	16.10438401289865
RP11-44F14.8	SRR5176671	7.012604197342598
RP11-44F14.8	SRR5176672	8.044597658333766
RP11-44F14.8	SRR5176673	14.067059031072
RP11-44F14.8	SRR5176674	20.046828229241356
RP11-44F14.8	SRR5176675	14.059336466257221
RP11-44F14.8	SRR5176676	26.478529041102412
RP11-44F14.8	SRR5176677	6.0086413230612195
RP11-44F14.8	SRR5176678	25.558668257447835
RP11-44F14.8	SRR5176679	8.072371714482966
RP11-44F14.8	SRR5176680	24.068119052765876
RP11-44F14.8	SRR5176681	12.013326884369016
RP11-44F14.8	SRR5176682	10.099470559941912
RP11-44F14.8	SRR5176683	14.064032917313732
RP11-44F14.8	SRR5176684	21.055815930238055
RP11-44F14.8	SRR5176685	3.008964173275523
RP11-44F14.8	SRR5176686	16.069721426209572
RP11-44F14.8	SRR5176687	24.10859279962106
RP11-44F14.8	SRR5176688	1.0132814135195316
RP11-44F14.8	SRR5176689	4.030012800551599
RP11-44F14.8	SRR5176690	11.280945751367733
RP11-44F14.8	SRR5176691	14.013026888806557
RP11-44F14.8	SRR5176692	21.205480674871357
RP11-44F14.8	SRR5176693	16.1182313955178
RP11-44F14.8	SRR5176694	33
RP11-44F14.8	SRR5176695	12.17226560210169
RP11-44F14.8	SRR5176696	2.2557863881051508
RP11-44F14.8	SRR5176697	2.055157880539488
RP11-44F14.8	SRR5176698	1.1648237836443878
RP11-44F14.8	SRR5176699	8.200120098617536
RP11-44F14.8	SRR5176700	6.5340865212091845
RP11-44F14.8	SRR5176701	12.410477714259757
RP11-44F14.8	SRR5176702	21
RP11-44F14.8	SRR5176703	21.474193748773885
RP11-44F14.8	SRR5176704	20.087364604444783
RP11-44F14.8	SRR5176705	22.047175087482913
RP11-44F14.8	SRR5176706	10.272678906633283
RP11-44F14.8	SRR5176707	17.334134237805447
RP11-44F14.8	SRR5176708	7.069174387802712
RP11-44F14.8	SRR5176709	29.13942976686004
RP11-44F14.8	SRR5176710	12
RP11-44F14.8	SRR5176711	9.017154254371256
RP11-44F14.8	SRR5176712	7.089695077692091
RP11-44F14.8	SRR5176713	4.035281879864129
RP11-44F14.8	SRR5176714	9.542382888682607
RP11-44F14.8	SRR5176715	9.011340716156209
RP11-44F14.8	SRR5176716	1.001980837804911
RP11-44F14.8	SRR5176717	13.085265491779609
RP11-44F14.8	SRR5176718	12.105678350357946
RP11-44F14.8	SRR5176719	17.039803994855152
RP11-44F14.8	SRR5176720	6
RP11-44F14.8	SRR5176721	24
RP11-44F14.8	SRR5176722	14.277678474098636
RP11-44F14.8	SRR5176723	5.048056769267455
RP11-44F14.8	SRR5176724	8.04351455260444
RP11-44F14.8	SRR5176725	8.098370867363073
RP11-44F14.8	SRR5176726	10
RP11-44F14.8	SRR5176727	13.00838676498605
RP11-44F14.8	SRR5176728	5.1237499030024445
RP11-44F14.8	SRR5176729	3.005809968520369
RP11-44F14.8	SRR5176730	22.143924529352823
RP11-44F14.8	SRR5176731	19.088236078212972
RP11-44F14.8	SRR5176732	18
RP11-44F14.8	SRR5176733	16.036265199993696
RP11-44F14.8	SRR5176734	2.162051839353843
RP11-44F14.8	SRR5176735	18.04214540631722
RP11-44F14.8	SRR5176736	8.015712436527227
RP11-44F14.8	SRR5176737	17.049704579549694
RP11-44F14.8	SRR5176738	2.022120810900898
RP11-44F14.8	SRR5176739	27.21448719325257
RP11-44F14.8	SRR5176740	4.016653363718661
RP11-44F14.8	SRR5176741	3.1229520451942525
RP11-44F14.8	SRR5176742	11.116281378611916
RP11-44F14.8	SRR5176743	9.106636389248562
RP11-44F14.8	SRR5176744	6.080515194000665
RP11-44F14.8	SRR5176745	10.091725172591408
RP11-44F14.8	SRR5176746	9.020399174996454
RP11-44F14.8	SRR5176747	18
RP11-44F14.8	SRR5176748	8.010080636583297
RP11-44F14.8	SRR5176749	10.163680173815271
RP11-44F14.8	SRR5176750	2.0324500612448158
RP11-44F14.8	SRR5176751	12.04362145475523
RP11-44F14.8	SRR5176752	7.031768011530087
RP11-44F14.8	SRR5176753	6.015763508894325
RP11-44F14.8	SRR5176754	22.115750919132783
RP11-44F14.8	SRR5176755	5.002699199031732
RP11-44F14.8	SRR5176756	8.230837937446797
RP11-44F14.8	SRR5176757	1.0557664435713157
RP11-44F14.8	SRR5176758	13.14759483024336
RP11-44F14.8	SRR5176759	2.0548130560516
RP11-44F14.8	SRR5176760	18.104546390882717
RP11-44F14.8	SRR5176761	15.087730984698098
RP11-44F14.8	SRR5176762	2.148765612259312
RP11-44F14.8	SRR5176763	6.045875630565064
RP11-44F14.8	SRR5176764	1.0007198511622537
RP11-44F14.8	SRR5176765	9.015532231822318
RP11-44F14.8	SRR5176766	12.034059526382938
RP11-44F14.8	SRR5176767	26.026135947720203
RP11-44F14.8	SRR5176768	6.091174509948679
RP11-44F14.8	SRR5176769	14.04134617664417
RP11-44F14.8	SRR5176770	11.025755526082746
RP11-44F14.8	SRR5176771	11.026915867217228
RP11-44F14.8	SRR5176772	11.06899115398592
RP11-44F14.8	SRR5176773	23.172566816108233
RP11-44F14.8	SRR5176774	22.1362580797262
RP11-44F14.8	SRR5176775	4.038376588402635
RP11-44F14.8	SRR5176776	30.24827601125073
RP11-44F14.8	SRR5176777	5.050026260887255
RP11-44F14.8	SRR5176778	18.10367523580883
RP11-44F14.8	SRR5176779	9.046554793183516
RP11-44F14.8	SRR5176780	4.012320174128561
RP11-44F14.8	SRR5176781	8.05102257832808
RP11-44F14.8	SRR5176782	4.032899131341287
RP11-44F14.8	SRR5176783	13.120928542205982
RP11-44F14.8	SRR5176784	6.024326625362561
RP11-44F14.8	SRR5176785	8.01412705076791
RP11-44F14.8	SRR5176786	14
RP11-44F14.8	SRR5176787	22.16888831969902
RP11-44F14.8	SRR5176788	9.240835426115966
RP11-44F14.8	SRR5176789	8.113143639825912
RP11-44F14.8	SRR5176790	14.131970839894016
RP11-44F14.8	SRR5176791	18.158266595152888
RP11-44F14.8	SRR5176792	18
RP11-44F14.8	SRR5176793	1.0092004091061628
RP11-44F14.8	SRR5176794	30.13522739768853
RP11-44F14.8	SRR5176795	3.012622862248584
RP11-44F14.8	SRR5176796	17.384983911453055
RP11-44F14.8	SRR5176797	15.104944336545126
RP11-44F14.8	SRR5176798	15.07912945791516
RP11-44F14.8	SRR5176799	14
RP11-44F14.8	SRR5176800	5.039958332644633
RP11-44F14.8	SRR5176801	4.069763043971348
RP11-44F14.8	SRR5176802	13.184330188707175
RP11-44F14.8	SRR5176803	5.020509749571392
RP11-44F14.8	SRR5176804	5.106703172230634
RP11-44F14.8	SRR5176805	5.019369131864449
RP11-44F14.8	SRR5176806	19.56573255432973
RP11-44F14.8	SRR5176807	8.00575880929803
RP11-44F14.8	SRR5176808	7.0025190258185255
RP11-44F14.8	SRR5176809	22.03168485122447
RP11-44F14.8	SRR5176810	8
RP11-44F14.8	SRR5176811	5
RP11-44F14.8	SRR5176812	2.0021599420794187
RP11-44F14.8	SRR5176813	12.014223886133665
RP11-44F14.8	SRR5176814	21
RP11-44F14.8	SRR5176815	7.098808095660243
RP11-44F14.8	SRR5176816	14.201874156688788
RP11-44F14.8	SRR5176817	5.026262977796002
RP11-44F14.8	SRR5176818	18.04594308621549
RP11-44F14.8	SRR5176819	12.635681726258143
RP11-44F14.8	SRR5176820	13.29042957918841
RP11-44F14.8	SRR5176821	9.084033999468621
RP11-44F14.8	SRR5176822	11.324127946616997
RP11-44F14.8	SRR5176823	2.0075363813243605
RP11-44F14.8	SRR5176824	14.079154616260075
RP11-44F14.8	SRR5176825	9.009995163276763
RP11-44F14.8	SRR5176826	6.049840138052245
RP11-44F14.8	SRR5176827	6.022685408169639
RP11-44F14.8	SRR5176828	6.023793595969387
RP11-44F14.8	SRR5176829	27.07378471228396
RP11-44F14.8	SRR5176830	15.008097597095196
RP11-44F14.8	SRR5176831	6.030909091983306
RP11-44F14.8	SRR5176832	9.090966740880026
RP11-44F14.8	SRR5176833	8.046323848313174
RP11-44F14.8	SRR5176834	4.015685320720523
RP11-44F14.8	SRR5176835	19.068406448187165
RP11-44F14.8	SRR5176836	13.011698633761956
RP11-44F14.8	SRR5176837	1.0510102572536424
RP11-44F14.8	SRR5176838	5.124850126832326
RP11-44F14.8	SRR5176839	13.529962101360931
RP11-44F14.8	SRR5176840	15.008097597095196
RP11-44F14.8	SRR5176841	6.084578445048194
RP11-44F14.8	SRR5176842	9.056397138230356
RP11-44F14.8	SRR5176843	3.0232800917616607
RP11-44F14.8	SRR5176844	14.04078442222914
RP11-44F14.8	SRR5176845	6.088094120117379
RP11-44F14.8	SRR5176846	8.035791432644814
RP11-44F14.8	SRR5176847	10.205338177583078
RP11-44F14.8	SRR5176848	10.086151837092125
RP11-44F14.8	SRR5176849	8.156122027665758
RP11-44F14.8	SRR5176850	10.137217399478091
RP11-44F14.8	SRR5176851	11.011879681436803
RP11-44F14.8	SRR5176852	9.200430907114052
RP11-44F14.8	SRR5176853	7.017534682529605
RP11-44F14.8	SRR5176854	4.187675330788302
RP11-44F14.8	SRR5176855	14.031880715014793
RP11-44F14.8	SRR5176856	14.22640024807527
RP11-44F14.8	SRR5176857	14.04984263447291
RP11-44F14.8	SRR5176858	16.110467825774823
RP11-44F14.8	SRR5176859	24.042811665608735
RP11-44F14.8	SRR5176860	31
RP11-44F14.8	SRR5176861	15.029712567073664
RP11-44F14.8	SRR5176862	5.02968689399914
RP11-44F14.8	SRR5176863	27.067633775471332
RP11-44F14.8	SRR5176864	12.058762029148067
RP11-44F14.8	SRR5176865	8.015248226107783
RP11-44F14.8	SRR5176866	12
RP11-44F14.8	SRR5176867	24.101947148499356
RP11-44F14.8	SRR5176868	6.211462943685497
RP11-44F14.8	SRR5176869	23.0562786314542
RP11-44F14.8	SRR5176870	16.072343380560003
RP11-44F14.8	SRR5176871	3.010313332635304
RP11-44F14.8	SRR5176872	4.078310774436574
RP11-44F14.8	SRR5861974	8.106001136335413
RP11-44F14.8	SRR5861975	11.102555498160138
RP11-44F14.8	SRR5861976	3.12074209708952
RP11-44F14.8	SRR5861977	13
RP11-44F14.8	SRR5861978	5.024330586817436
RP11-44F14.8	SRR5861979	13.124723912308562
RP11-44F14.8	SRR5861980	20
RP11-44F14.8	SRR5861981	5.100571288465304
RP11-44F14.8	SRR5861982	2.468120353202937
RP11-44F14.8	SRR5861983	3.00499520640538
RP11-44F14.8	SRR5861984	8.066109250301201
RP11-44F14.8	SRR5861985	4.069391282950647
RP11-44F14.8	SRR5861986	28.055904897738927
RP11-44F14.8	SRR5861987	14.181270164724594
RP11-44F14.8	SRR5861988	10.177786109154342
RP11-44F14.8	SRR5861989	7.087769738449233
RP11-44F14.8	SRR5861990	19.057876787825624
RP11-44F14.8	SRR5861991	18
RP11-44F14.8	SRR5861992	6
RP11-44F14.8	SRR5861993	3.011379062391429
RP11-44F14.8	SRR5861994	21
RP11-44F14.8	SRR5861995	13.114708392834995
RP11-44F14.8	SRR5861996	7.029573149889586
RP11-44F14.8	SRR5861997	2.051776395102151
RP11-44F14.8	SRR5861998	22.126923027415163
RP11-44F14.8	SRR5861999	3.081136429360517
RP11-44F14.8	SRR5862000	1.000359860831218
RP11-44F14.8	SRR5862001	21
RP11-44F14.8	SRR5862002	8.008639768317675
RP11-44F14.8	SRR5862003	27.067149099359504
RP11-44F14.8	SRR5862004	9.050680718788175
RP11-44F14.8	SRR5862005	14.074123045194812
RP11-44F14.8	SRR5862006	6.022685408169639
RP11-44F14.8	SRR5862007	5.042917974203257
RP11-44F14.8	SRR5862008	24.096569877902414
RP11-44F14.8	SRR5862009	5.017848303058204
RP11-44F14.8	SRR5862010	12.619689510748659
RP11-44F14.8	SRR5862011	2.07225561536582
RP11-44F14.8	SRR5862012	23.16233071281547
RP11-44F14.8	SRR5862013	21.4404562566081
RP11-44F14.8	SRR5862014	9.044223013137868
RP11-44F14.8	SRR5862015	12
RP11-44F14.8	SRR5862016	12.050250751069107
RP11-44F14.8	SRR5862017	18.14926960810271
RP11-44F14.8	SRR5862018	6.024102885364204
RP11-44F14.8	SRR5862019	4.032636347008102
RP11-44F14.8	SRR5862020	20.071752619305407
RP11-44F14.8	SRR5862021	3.0182383348270174
RP11-44F14.8	SRR5862022	15.072721861757039
RP11-44F14.8	SRR5862023	30.228454079764198
RP11-44F14.8	SRR5862024	12.032793205459537
RP11-44F14.8	SRR5862025	8
RP11-44F14.8	SRR5862026	8.063260600683266
RP11-44F14.8	SRR5862027	13.007017917482504
RP11-44F14.8	SRR5862028	2.25362426246202
RP11-44F14.8	SRR5862029	9.18688092381743
RP11-44F14.8	SRR5862030	4.011230553573445
RP11-44F14.8	SRR5862031	22.155572531841994
RP11-44F14.8	SRR5862032	2.147570054219792
RP11-44F14.8	SRR5862033	8.012364889818512
RP11-44F14.8	SRR5862034	4.983934340164069
RP11-44F14.8	SRR5862035	15.09951061410455
RP11-44F14.8	SRR5862036	14.25007679308602
RP11-44F14.8	SRR5862037	1.0547484296428424
RP11-44F14.8	SRR5862038	2.159328688622982
RP11-44F14.8	SRR5862039	1.001725803535813
RP11-44F14.8	SRR5862040	11.072147723813515
RP11-44F14.8	SRR5862041	7.03862137881273
RP11-44F14.8	SRR5862042	14.124684919252669
RP11-44F14.8	SRR5862043	23
RP11-44F14.8	SRR5862044	9.01264963252566
RP11-44F14.8	SRR5862045	24.10194921673279
RP11-44F14.8	SRR5862046	9.072779503424282
RP11-44F14.8	SRR5862047	9.080243531952746
RP11-44F14.8	SRR5862048	1.2476565419699956
RP11-44F14.8	SRR5862049	10.156069730173327
RP11-44F14.8	SRR5862050	17.05745432022523
RP11-44F14.8	SRR5862051	6.028948523219674
RP11-44F14.8	SRR5862052	11.038000440164176
RP11-44F14.8	SRR5862053	3.008015914005921
RP11-44F14.8	SRR5862054	11.294317336340615
RP11-44F14.8	SRR5862055	11.255785800880204
RP11-44F14.8	SRR5862056	12.396215032182862
RP11-44F14.8	SRR5862057	12.094054873396352
RP11-44F14.8	SRR5862058	18.041349850764743
RP11-44F14.8	SRR5862059	13.36719892218937
RP11-44F14.8	SRR5862060	2.0189204827013776
RP11-44F14.8	SRR5862061	2.0071481128932227
RP11-44F14.8	SRR5862062	8.00431871845077
RP11-44F14.8	SRR5862063	6.074574113533323
RP11-44F14.8	SRR5862064	12.023239874081476
RP11-44F14.8	SRR5862065	6.015130481678126
RP11-44F14.8	SRR5862066	21.191502670248962
RP11-44F14.8	SRR5862067	1.2346054739520673
RP11-44F14.8	SRR5862068	15.071706702570562
RP11-44F14.8	SRR5862069	17.03673884308671
RP11-44F14.8	SRR5862070	6.081107841191134
RP11-44F14.8	SRR5862071	1.2526030228986182
RP11-44F14.8	SRR5862072	2.528297958219793
RP11-44F14.8	SRR5862073	8.014970450682949
RP11-44F14.8	SRR5862074	8.040708833112356
RP11-44F14.8	SRR5862075	4.0275448374789455
RP11-44F14.8	SRR5862076	4.964412578629577
RP11-44F14.8	SRR5862077	6.023611220644518
RP11-44F14.8	SRR5862078	12.934628851359346
RP11-44F14.8	SRR5862079	9.093682233984108
RP11-44F14.8	SRR5862080	6.11187241994585
RP11-44F14.8	SRR5862081	24.041419284859515
RP11-44F14.8	SRR5862082	4.015262757882748
RP11-44F14.8	SRR5862083	5
RP11-44F14.8	SRR5862084	5.034981445515042
RP11-44F14.8	SRR5862085	15
RP11-44F14.8	SRR5862086	15.37637636585312
RP11-44F14.8	SRR5862087	6.073129676945689
RP11-44F14.8	SRR5862088	1.1217892178413114
RP11-44F14.8	SRR5862089	1.0124189758199451
RP11-44F14.8	SRR5862090	7.012080624750691
RP11-44F14.8	SRR5862091	11.155407850613967
RP11-44F14.8	SRR5862092	13.271473839971405
RP11-44F14.8	SRR5862093	7.001259399617306
RP11-44F14.8	SRR5862094	22.11012179514318
RP11-44F14.8	SRR5862095	6.526014355053378
RP11-44F14.8	SRR5862096	11.024109185370136
RP11-44F14.8	SRR5862097	5.026989659936015
RP11-44F14.8	SRR5862098	25.743882720970742
RP11-44F14.8	SRR5862099	7.159627633823883
RP11-44F14.8	SRR5862100	24.06378963455778
RP11-44F14.8	SRR5862101	9.52879327295368
RP11-44F14.8	SRR5862102	11.064859625313732
RP11-44F14.8	SRR5862103	5.11808911291101
RP11-44F14.8	SRR5862104	14.058419466808175
RP11-44F14.8	SRR5862105	7.078806251789502
RP11-44F14.8	SRR5862106	8.034260817155895
RP11-44F14.8	SRR5862107	14
RP11-44F14.8	SRR5862108	16.111230181100808
RP11-44F14.8	SRR5862109	9.01620539658334
RP11-44F14.8	SRR5862110	4.032175361658267
RP11-44F14.8	SRR5862111	4.060658873738799
RP11-44F14.8	SRR5862112	5.019021236654203
RP11-44F14.8	SRR5862113	10.0885426642168
RP11-44F14.8	SRR5862114	9.042471162854689
RP11-44F14.8	SRR5862115	6.0410755602586015
RP11-44F14.8	SRR5862116	10.258116030467397
RP11-44F14.8	SRR5862117	14.046266526814929
RP11-44F14.8	SRR5862118	13.109411504539509
RP11-44F14.8	SRR5862119	19.079041964514815
RP11-44F14.8	SRR5862120	26.0245579805372
RP11-44F14.8	SRR5862121	16.023533346889757
RP11-44F14.8	SRR5862122	9.018776568745134
RP11-44F14.8	SRR5862123	27.062024776147116
RP11-44F14.8	SRR5862124	14.044788465221535
RP11-44F14.8	SRR5862125	33
RP11-44F14.8	SRR5862126	9.008099054142892
RP11-44F14.8	SRR5862127	16.060782007964868
RP11-44F14.8	SRR5862128	16.059360958041786
RP11-44F14.8	SRR5862129	2.1576586027716758
RP11-44F14.8	SRR5862130	10.062062904901618
RP11-44F14.8	SRR5862131	11.024932324995666
RP11-44F14.8	SRR5862132	12.01079873885719
RP11-44F14.8	SRR5862133	2.0019157258721285
RP11-44F14.8	SRR5862134	15.004277584718903
RP11-44F14.8	SRR5862135	13.16657657285674
RP11-44F14.8	SRR5862136	15.00539791246827
RP11-44F14.8	SRR5862137	14.030255517836112
RP11-44F14.8	SRR5862138	8.014270555202911
RP11-44F14.8	SRR5862139	22.030039929307165
RP11-44F14.8	SRR5862140	20.06609503830704
RP11-44F14.8	SRR5862141	8.035460653846242
RP11-44F14.8	SRR5862142	12.03242537850673
RP11-44F14.8	SRR5862143	5.00179930415609
RP11-44F14.8	SRR5862144	4.02309335762099
RP11-44F14.8	SRR5862145	3.009914255746056
RP11-44F14.8	SRR5862146	3.0408318844310975
RP11-44F14.8	SRR5862147	6.044050765839956
RP11-44F14.8	SRR5862148	24
RP11-44F14.8	SRR5862149	10.057597353227127
RP11-44F14.8	SRR5862150	8.019575176157984
RP11-44F14.8	SRR5862151	12.149887470070437
RP11-44F14.8	SRR5862152	6.148212999226056
RP11-44F14.8	SRR5862153	17.352762584034608
RP11-44F14.8	SRR5862154	18
RP11-44F14.8	SRR5862155	12.075891993385321
RP11-44F14.8	SRR5862156	2.0517063650864458
RP11-44F14.8	SRR5862157	7.182568526545139
RP11-44F14.8	SRR5862158	13.007017917482504
RP11-44F14.8	SRR5862159	13.077133302876351
RP11-44F14.8	SRR5862160	4.153064204678706
RP11-44F14.8	SRR5862161	17.04645704106768
RP11-44F14.8	SRR5862162	8.02668338067055
RP11-44F14.8	SRR5862163	4.014118042549502
RP11-44F14.8	SRR5862164	1.0501623844096677
RP11-44F14.8	SRR5862165	16.06924518715791
RP11-44F14.8	SRR5862166	30.128478064334608
RP11-44F14.8	SRR5862167	16.033380566658014
RP11-44F14.8	SRR5862168	13.021463169463503
RP11-44F14.8	SRR5862169	10.037100598776117
RP11-44F14.8	SRR5862170	9.10014243700296
RP11-44F14.8	SRR5862171	22.037967677787886
RP11-44F14.8	SRR5862172	9.015807833427518
RP11-44F14.8	SRR5862173	9.226983394635912
RP11-44F14.8	SRR5862174	6.170549972351149
RP11-44F14.8	SRR5862175	6.029297695278207
RP11-44F14.8	SRR5862176	26.45015723348208
RP11-44F14.8	SRR5862177	9.290446283558435
RP11-44F14.8	SRR5862178	6.1728580823858925
RP11-44F14.8	SRR5862179	15.084347394301059
RP11-44F14.8	SRR5862180	1.1637413174363656
RP11-44F14.8	SRR5862181	25.529806158046274
RP11-44F14.8	SRR5862182	11.103523341806875
RP11-44F14.8	SRR5862183	8.040044289142974
RP11-44F14.8	SRR5862184	19.521354349179195
RP11-44F14.8	SRR5862185	18
RP11-44F14.8	SRR5862186	27.198228446279806
RP11-44F14.8	SRR5862187	4.0302828236812775
RP11-44F14.8	SRR5862188	13.510769529156043
RP11-44F14.8	SRR5862189	7.058599054691996
RP11-44F14.8	SRR5862190	6.008192707992863
RP11-44F14.8	SRR5862191	6.071994706615832
RP11-44F14.8	SRR5862192	4.180906916099073
RP11-44F14.8	SRR5862193	6.021525785791622
RP11-44F14.8	SRR5862194	18.095679306276654
RP11-44F14.8	SRR5862195	11.069817644823434
RP11-44F14.8	SRR5862196	12
RP11-44F14.8	SRR5862197	23
RP11-44F14.8	SRR5862198	3.3032686476945647
RP11-44F14.8	SRR5862199	21.052028370741823
RP11-44F14.8	SRR5862200	18.039451394242043
RP11-44F14.8	SRR5862201	3.3917867535801838
RP11-44F14.8	SRR5862202	8.175193171838762
RP11-44F14.8	SRR5862203	13.446674422241122
RP11-44F14.8	SRR5862204	14
RP11-44F14.8	SRR5862205	21
RP11-44F14.8	SRR5862206	17.307999358809383
RP11-44F14.8	SRR5862207	19.101134479077704
RP11-44F14.8	SRR5862208	12.233830651758467
RP11-44F14.8	SRR5862209	8.090361396914833
RP11-44F14.8	SRR5862210	37
RP11-44F14.8	SRR5862211	6.196899789360455
RP11-44F14.8	SRR5862212	17.15097671323987
RP11-44F14.8	SRR5862213	14.06583064587784
RP11-44F14.8	SRR5862214	3.008290260914171
RP11-44F14.8	SRR5862215	23.05455721167589
RP11-44F14.8	SRR5862216	9.03290373979819
RP11-44F14.8	SRR5862217	16.104022345463726
RP11-44F14.8	SRR5862218	13.012774106178215
RP11-44F14.8	SRR5862219	5.11675490978229
RP11-44F14.8	SRR5862220	12.053927915532833
RP11-44F14.8	SRR5862221	31
RP11-44F14.8	SRR5862222	12.039087327402239
RP11-44F14.8	SRR5862223	10.433348417292699
RP11-44F14.8	SRR5862224	1.0079332911520626
RP11-44F14.8	SRR5862225	14.037537098065217
RP11-44F14.8	SRR5862226	9.009719739357383
RP11-44F14.8	SRR5862227	14
RP11-44F14.8	SRR5862228	5.045357125067872
RP11-44F14.8	SRR5862229	6.035459613024649
RP11-44F14.8	SRR5862230	13.068936229483914
RP11-44F14.8	SRR5862231	19.039639422906394
RP11-44F14.8	SRR5862232	2.0302680874245964
RP11-44F14.8	SRR5862233	6.016580521828342
RP11-44F14.8	SRR5862234	22.129736950197298
RP11-44F14.8	SRR5862235	11.009898843952424
RP11-44F14.8	SRR5862236	20.04288644316628
RP11-44F14.8	SRR5862237	20.620309556312982
RP11-44F14.8	SRR5862238	12.01079873885719
RP11-44F14.8	SRR5862239	12.092604692452253
RP11-44F14.8	SRR5862240	14.038258739702794
RP11-44F14.8	SRR5862241	19.11773907020508
RP11-44F14.8	SRR5862242	3.020855658956402
RP11-44F14.8	SRR5862243	9.050608436580635
RP11-44F14.8	SRR5862244	14.202708930703114
RP11-44F14.8	SRR5862245	8.14621139483408
RP11-44F14.8	SRR5862246	4.007624113053891
RP11-44F14.8	SRR5862247	8.045172387492864
RP11-44F14.8	SRR5862248	14.010077916271552
RP11-44F14.8	SRR5862249	8.121337890366078
RP11-44F14.8	SRR5862250	5.052930990438667
RP11-44F14.8	SRR5862251	4.041327619216165
RP11-44F14.8	SRR5862252	13.033181117822298
RP11-44F14.8	SRR5862253	10.077827888478087
RP11-44F14.8	SRR5862254	14.100248284965518
RP11-44F14.8	SRR5862255	10.080393651944057
RP11-44F14.8	SRR5862256	22.340984389762234
RP11-44F14.8	SRR5862257	8.110078239094017
RP11-44F14.8	SRR5862258	21.053600267251404
RP11-44F14.8	SRR5862259	6.082305579444132
RP11-44F14.8	SRR5862260	2.129566353784977
RP11-44F14.8	SRR5862261	12.200023545671648
RP11-44F14.8	SRR5862262	4.039966363416386
RP11-44F14.8	SRR5862263	5.22752703377181
RP11-44F14.8	SRR5862264	6.035008995658544
RP11-44F14.8	SRR5862265	9.011340716156209
RP11-44F14.8	SRR5862266	12.065803861934954
RP11-44F14.8	SRR5862267	3.1657286343404722
RP11-44F14.8	SRR5862268	18.08954665958142
RP11-44F14.8	SRR5862269	14.055282959820891
RP11-44F14.8	SRR5862270	7.015866024997242
RP11-44F14.8	SRR5862271	16.0954772058252
RP11-44F14.8	SRR5862272	16.18037137350103
RP11-44F14.8	SRR5862273	7.0241820982862935
RP11-44F14.8	SRR5862274	29.133297517293258
RP11-44F14.8	SRR5862275	29.376783546707088
RP11-44F14.8	SRR5862276	15.260949758001054
RP11-44F14.8	SRR5862277	10.126860964204653
RP11-44F14.8	SRR5949109	1.1498283651018633
RP11-44F14.8	SRR5949110	1.148171272003916
RP11-44F14.8	SRR5949111	1.1498283651018633
RP11-44F14.8	SRR5949112	1.1499000124654937
RP11-44F14.8	SRR5949113	1.1493287860193127
RP11-44F14.8	SRR5949114	1.1499000124654937
RP11-44F14.8	SRR5949115	1.1498283651018633
RP11-44F14.8	SRR5949116	1.149801355279094
RP11-44F14.8	SRR5949117	1.1499000124654937
RP11-44F14.8	SRR5949118	1.149757132515299
RP11-44F14.8	SRR5949119	1.1498700492655702
RP11-44F14.8	SRR5949120	1.149752993629983
RP11-44F14.8	SRR5949121	1.149727479151349
RP11-44F14.8	SRR5949122	1.149659680044542
RP11-44F14.8	SRR5949123	1.1495224477062624
RP11-44F14.8	SRR5949124	1.1489713533334538
RP11-44F14.8	SRR5949125	1.1493657120956842
RP11-44F14.8	SRR5949126	1.1496653216499102
RP11-44F14.8	SRR5949127	1.149752993629983
RP11-44F14.8	SRR5949128	1.149752993629983
RP11-44F14.8	SRR5949129	1.1498758641415114
RP11-44F14.8	SRR5949130	1.1498041981068907
RP11-44F14.8	SRR5949131	1.1496516232140812
RP11-44F14.8	SRR5949132	1.1498283651018633
RP11-44F14.8	SRR5949133	1.1496993836519698
RP11-44F14.8	SRR5949134	1.1499000124654937
RP11-44F14.8	SRR5949135	1.149801355279094
RP11-44F14.8	SRR5949136	1.1498700492655702
RP11-44F14.8	SRR5949137	1.1489979896611313
RP11-44F14.8	SRR5949138	1.1496058907069004
RP11-44F14.8	SRR5949139	1.1496653216499102
RP11-44F14.8	SRR5949140	1.1498283651018633
RP11-44F14.8	SRR5949141	1.1498758641415114
RP11-44F14.8	SRR5949142	1.1498041981068907
RP11-44F14.8	SRR5949143	1.1499000124654937
RP11-44F14.8	SRR5949144	1.149757132515299
RP11-44F14.8	SRR5949145	1.1497815594090803
RP11-44F14.8	SRR5949146	1.149752993629983
RP11-44F14.8	SRR5949147	1.149752993629983
RP11-44F14.8	SRR5949148	1.1489471817569916
RP11-44F14.8	SRR5949149	1.149757132515299
RP11-44F14.8	SRR5949150	1.1498758641415114
RP11-44F14.8	SRR5949151	1.1494823274298185
RP11-44F14.8	SRR5949152	1.1476551316063306
RP11-44F14.8	SRR5949153	1.149659680044542
RP11-44F14.8	SRR5949154	1.1487635500794011
RP11-44F14.8	SRR5949155	1.1497815594090803
RP11-44F14.8	SRR5949156	1.1498758641415114
RP11-44F14.8	SRR5949157	1.1498700492655702
RP11-44F14.8	SRR5949158	1.1499000124654937
RP11-44F14.8	SRR5949159	1.1489204896371397
RP11-44F14.8	SRR5949160	1.1498283651018633
RP11-44F14.8	SRR5949161	1.1498283651018633
RP11-44F14.8	SRR5949162	1.1498283651018633
RP11-44F14.8	SRR5949163	1.1498758641415114
RP11-44F14.8	SRR5949164	1.1499000124654937
RP11-44F14.8	SRR5949165	1.149801355279094
RP11-44F14.8	SRR5949166	1.1498758641415114
RP11-44F14.8	SRR5949167	1.149757132515299
RP11-44F14.8	SRR5949168	1.1497815594090803
RP11-44F14.8	SRR5949169	1.1447151303318799
RP11-44F14.8	SRR5949170	1.1499000124654937
RP11-44F14.8	SRR5949171	1.1496516232140812
RP11-44F14.8	SRR5949172	1.1496058907069004
RP11-44F14.8	SRR5949173	1.1498283651018633
RP11-44F14.8	SRR5949174	1.1497815594090803
RP11-44F14.8	SRR5949175	1.1499000124654937
RP11-44F14.8	SRR5949176	1.149727479151349
RP11-44F14.8	SRR5949177	1.1489132956948793
RP11-44F14.8	SRR5949178	1.1496653216499102
RP11-44F14.8	SRR5949179	1.1497815594090803
RP11-44F14.8	SRR5949180	1.1499000124654937
RP11-44F14.8	SRR5949181	1.1498700492655702
RP11-44F14.8	SRR5949182	1.149727479151349
RP11-44F14.8	SRR5949183	1.1498758641415114
RP11-44F14.8	SRR5949184	1.149801355279094
RP11-44F14.8	SRR5949185	1.1495611354981103
RP11-44F14.8	SRR5949186	1.1492630102128836
RP11-44F14.8	SRR5949187	1.1498041981068907
RP11-44F14.8	SRR5949188	1.149801355279094
RP11-44F14.8	SRR5949189	1.149752993629983
RP11-44F14.8	SRR5949190	1.149757132515299
RP11-44F14.8	SRR5949191	1.1496058907069004
RP11-44F14.8	SRR5949192	1.1498700492655702
RP11-44F14.8	SRR5949193	1.1498758641415114
RP11-44F14.8	SRR5949194	1.1498283651018633
RP11-44F14.8	SRR5949195	1.149801355279094
RP11-44F14.8	SRR5949196	1.149639556483191
RP11-44F14.8	SRR5949197	1.1494508753827517
RP11-44F14.8	SRR5949198	1.1489684643066176
RP11-44F14.8	SRR5949199	1.1496653216499102
RP11-44F14.8	SRR5949200	1.1498758641415114
RP11-44F14.8	SRR5949201	1.1497815594090803
RP11-44F14.8	SRR5949202	1.1498041981068907
RP11-44F14.8	SRR5949203	1.1498700492655702
RP11-44F14.8	SRR5949204	1.1499000124654937
RP11-44F14.8	SRR5949205	1.1499000124654937
RP11-44F14.8	SRR5949206	1.149801355279094
RP11-44F14.8	SRR5949207	1.1498283651018633
RP11-44F14.8	SRR5949208	1.149757132515299
RP11-44F14.8	SRR5949209	1.1498283651018633
RP11-44F14.8	SRR5949210	1.1497815594090803
RP11-44F14.8	SRR5949211	1.1494508753827517
RP11-44F14.8	SRR5949212	1.149757132515299
RP11-44F14.8	SRR5949213	1.1496993836519698
RP11-44F14.8	SRR5949214	1.1495224477062624
RP11-44F14.8	SRR5949215	1.149752993629983
RP11-44F14.8	SRR5949216	1.1498041981068907
RP11-44F14.8	SRR5949217	1.1498041981068907
RP11-44F14.8	SRR5949218	1.1496993836519698
RP11-44F14.8	SRR5949219	1.149727479151349
RP11-44F14.8	SRR5949220	1.1495611354981103
RP11-44F14.8	SRR5949221	1.149515806070026
RP11-44F14.8	SRR5949222	1.149752993629983
RP11-44F14.8	SRR5949223	1.1489094288850477
RP11-44F14.8	SRR5949224	1.1497815594090803
RP11-44F14.8	SRR5949225	1.1498700492655702
RP11-44F14.8	SRR5949226	1.1495611354981103
RP11-44F14.8	SRR5949227	1.1498700492655702
RP11-44F14.8	SRR5949228	1.1496058907069004
RP11-44F14.8	SRR5949229	1.149639556483191
RP11-44F14.8	SRR5949230	1.1498700492655702
RP11-44F14.8	SRR5949231	1.1494707522857042
RP11-44F14.8	SRR5949232	1.1487635500794011
RP11-44F14.8	SRR5949233	1.1489229708372037
RP11-44F14.8	SRR5949234	1.149752993629983
RP11-44F14.8	SRR5949235	1.1496058907069004
RP11-44F14.8	SRR5949236	1.1478430081697302
RP11-44F14.8	SRR5949237	1.1494610034998385
RP11-44F14.8	SRR5949238	1.1492438683694057
RP11-44F14.8	SRR5949239	1.147930185304594
RP11-44F14.8	SRR5949240	1.1498758641415114
RP11-44F14.8	SRR5949241	1.149757132515299
RP11-44F14.8	SRR5949242	1.1497815594090803
RP11-44F14.8	SRR5949243	1.1496516232140812
RP11-44F14.8	SRR5949244	1.1496653216499102
RP11-44F14.8	SRR5949245	1.1496653216499102
RP11-44F14.8	SRR5949246	1.149801355279094
RP11-44F14.8	SRR5949247	1.149752993629983
RP11-44F14.8	SRR5949248	1.149801355279094
RP11-44F14.8	SRR5949249	1.1497815594090803
RP11-44F14.8	SRR5949250	1.1499000124654937
RP11-44F14.8	SRR5949251	1.1496058907069004
RP11-44F14.8	SRR5949252	1.1498283651018633
RP11-44F14.8	SRR5949253	1.1494121443044876
RP11-44F14.8	SRR5949254	1.1495510677538354
RP11-44F14.8	SRR5949255	1.1497815594090803
RP11-44F14.8	SRR5949256	1.149659680044542
RP11-44F14.8	SRR5949257	1.1498758641415114
RP11-44F14.8	SRR5949258	1.1498758641415114
RP11-44F14.8	SRR5949259	1.149727479151349
RP11-44F14.8	SRR5949260	1.1499000124654937
RP11-44F14.8	SRR5949261	1.1499000124654937
RP11-44F14.8	SRR5949262	1.149659680044542
RP11-44F14.8	SRR5949263	1.1498041981068907
RP11-44F14.8	SRR5949264	1.149727479151349
RP11-44F14.8	SRR5949265	1.1498700492655702
RP11-44F14.8	SRR5949266	1.1490859664004887
RP11-44F14.8	SRR5949267	1.1491016556665985
RP11-44F14.8	SRR5949268	1.1498700492655702
RP11-44F14.8	SRR5949269	1.149752993629983
RP11-44F14.8	SRR5949270	1.1497815594090803
RP11-44F14.8	SRR5949271	1.1495224477062624
RP11-44F14.8	SRR5949272	1.1499000124654937
RP11-44F14.8	SRR5949273	1.1499000124654937
RP11-44F14.8	SRR5949274	1.149801355279094
RP11-44F14.8	SRR5949275	1.1495012298161975
RP11-44F14.8	SRR5949276	1.149801355279094
RP11-44F14.8	SRR5949277	1.1491016556665985
RP11-44F14.8	SRR5949278	1.1498041981068907
RP11-44F14.8	SRR5949279	1.1498041981068907
RP11-44F14.8	SRR5949280	1.1493806150832857
RP11-44F14.8	SRR5949281	1.149801355279094
RP11-44F14.8	SRR5949282	1.1499000124654937
RP11-44F14.8	SRR5949283	1.1494610034998385
RP11-44F14.8	SRR5949284	1.1499000124654937
RP11-44F14.8	SRR5949285	1.1485352709618715
RP11-44F14.8	SRR5949286	1.1490061236504394
RP11-44F14.8	SRR5949287	1.1499000124654937
RP11-44F14.8	SRR5949288	1.1498041981068907
RP11-44F14.8	SRR5949289	1.1496653216499102
RP11-44F14.8	SRR5949290	1.1499000124654937
RP11-44F14.8	SRR5949291	1.1497815594090803
RP11-44F14.8	SRR5949292	1.149752993629983
RP11-44F14.8	SRR5949293	1.1499000124654937
RP11-44F14.8	SRR5949294	1.1498758641415114
RP11-44F14.8	SRR5949295	1.1498041981068907
RP11-44F14.8	SRR5949296	1.1498041981068907
RP11-44F14.8	SRR5949297	1.1498283651018633
RP11-44F14.8	SRR5949298	1.149614382860247
RP11-44F14.8	SRR5949299	1.149757132515299
RP11-44F14.8	SRR5949300	1.1498758641415114
RP11-44F14.8	SRR5949301	1.1498758641415114
RP11-44F14.8	SRR5949302	1.1496653216499102
RP11-44F14.8	SRR5949303	1.1496516232140812
RP11-44F14.8	SRR5949304	1.1498283651018633
RP11-44F14.8	SRR5949305	1.1490061236504394
RP11-44F14.8	SRR5949306	1.1498700492655702
RP11-44F14.8	SRR5949307	1.149757132515299
RP11-44F14.8	SRR5949308	1.149801355279094
RP11-44F14.8	SRR5949309	1.1495565511841175
RP11-44F14.8	SRR5949310	1.1495565511841175
RP11-44F14.8	SRR5949311	1.1497815594090803
RP11-44F14.8	SRR5949312	1.149461221160821
RP11-44F14.8	SRR5949313	1.1497815594090803
RP11-44F14.8	SRR5949314	1.1498758641415114
RP11-44F14.8	SRR5949315	1.1497815594090803
RP11-44F14.8	SRR5949316	1.1498041981068907
RP11-44F14.8	SRR5949317	1.1492438683694057
RP11-44F14.8	SRR5949318	1.1491016556665985
RP11-44F14.8	SRR5949319	1.1498283651018633
RP11-44F14.8	SRR5949320	1.1499000124654937
RP11-44F14.8	SRR5949321	1.149801355279094
RP11-44F14.8	SRR5949322	1.149614382860247
RP11-44F14.8	SRR5949323	1.1497815594090803
RP11-44F14.8	SRR5949324	1.1499000124654937
RP11-44F14.8	SRR5949325	1.1498041981068907
RP11-44F14.8	SRR5949326	1.1497815594090803
RP11-44F14.8	SRR5949327	1.1490004023259148
RP11-44F14.8	SRR5949328	1.1498283651018633
RP11-44F14.8	SRR5949329	1.1498283651018633
RP11-44F14.8	SRR5949330	1.1498041981068907
RP11-44F14.8	SRR5949331	1.1498700492655702
RP11-44F14.8	SRR5949332	1.1499000124654937
RP11-44F14.8	SRR5949333	1.1496993836519698
RP11-44F14.8	SRR5949334	1.1494508753827517
RP11-44F14.8	SRR5949335	1.1498758641415114
RP11-44F14.8	SRR5949336	1.149801355279094
RP11-44F14.8	SRR5949337	1.1498700492655702
RP11-44F14.8	SRR5949338	1.1498041981068907
RP11-44F14.8	SRR5949339	1.1498041981068907
RP11-44F14.8	SRR5949340	1.149614382860247
RP11-44F14.8	SRR5949341	1.149727479151349
RP11-44F14.8	SRR5949342	1.1498700492655702
RP11-44F14.8	SRR5949343	1.149727479151349
RP11-44F14.8	SRR5949344	1.1498283651018633
RP11-44F14.8	SRR5949345	1.1498700492655702
RP11-44F14.8	SRR5949346	1.1489824166943214
RP11-44F14.8	SRR5949347	1.1494257243385793
RP11-44F14.8	SRR5949348	1.1487709425734813
RP11-44F14.8	SRR5949349	1.1498041981068907
RP11-44F14.8	SRR5949350	1.149757132515299
RP11-44F14.8	SRR5949351	1.1497815594090803
RP11-44F14.8	SRR5949352	1.149801355279094
RP11-44F14.8	SRR5949353	1.1498041981068907
RP11-44F14.8	SRR5949354	1.1495224477062624
RP11-44F14.8	SRR5949355	1.149727479151349
RP11-44F14.8	SRR5949356	1.1467122388088349
RP11-44F14.8	SRR5949357	1.149752993629983
RP11-44F14.8	SRR5949358	1.1497815594090803
RP11-44F14.8	SRR5949359	1.1498041981068907
RP11-44F14.8	SRR5949360	1.149727479151349
RP11-44F14.8	SRR5949361	1.1496653216499102
RP11-44F14.8	SRR5949362	1.1478188840514512
RP11-44F14.8	SRR5949363	1.1498758641415114
RP11-44F14.8	SRR5949364	1.1496058907069004
RP11-44F14.8	SRR5949365	1.1494121443044876
RP11-44F14.8	SRR5949366	1.1474377159067004
RP11-44F14.8	SRR5949367	1.1499000124654937
RP11-44F14.8	SRR5949368	1.148804618132568
RP11-44F14.8	SRR5949369	1.1498758641415114
RP11-44F14.8	SRR5949370	1.1498283651018633
RP11-44F14.8	SRR5949371	1.1495565511841175
RP11-44F14.8	SRR5949372	1.149801355279094
RP11-44F14.8	SRR5949373	1.1498758641415114
RP11-44F14.8	SRR5949374	1.1496516232140812
RP11-44F14.8	SRR5949375	1.1498758641415114
RP11-44F14.8	SRR5949376	1.1499000124654937
RP11-44F14.8	SRR5949377	1.1498041981068907
RP11-44F14.8	SRR5949378	1.1499000124654937
RP11-44F14.8	SRR5949379	1.1498041981068907
RP11-44F14.8	SRR5949380	1.1489471817569916
RP11-44F14.8	SRR5949381	1.1495012298161975
RP11-44F14.8	SRR5949382	1.1498283651018633
RP11-44F14.8	SRR5949383	1.1496993836519698
RP11-44F14.8	SRR5949384	1.1498758641415114
RP11-44F14.8	SRR5949385	1.149659680044542
RP11-44F14.8	SRR5949386	1.1499000124654937
RP11-44F14.8	SRR5949387	1.147930185304594
RP11-44F14.8	SRR5949388	1.1495224477062624
RP11-44F14.8	SRR5949389	1.1499000124654937
RP11-44F14.8	SRR5949390	1.1497815594090803
RP11-44F14.8	SRR5949391	1.1495565511841175
RP11-44F14.8	SRR5949392	1.1499000124654937
RP11-44F14.8	SRR5949393	1.1495565511841175
RP11-44F14.8	SRR5949394	1.1495012298161975
RP11-44F14.8	SRR5949395	1.1497815594090803
RP11-44F14.8	SRR5949396	1.1489204896371397
RP11-44F14.8	SRR5949397	1.1498758641415114
RP11-44F14.8	SRR5949398	1.1498700492655702
RP11-44F14.8	SRR5949399	1.1497815594090803
RP11-44F14.8	SRR5949400	1.1442239823514004
RP11-44F14.8	SRR5949401	1.1499000124654937
RP11-44F14.8	SRR5949402	1.149801355279094
RP11-44F14.8	SRR5949403	1.149757132515299
RP11-44F14.8	SRR5949404	1.1495611354981103
RP11-44F14.8	SRR5949405	1.1498041981068907
RP11-44F14.8	SRR5949406	1.1498758641415114
RP11-44F14.8	SRR5949407	1.1498041981068907
RP11-44F14.8	SRR5949408	1.1498041981068907
RP11-44F14.8	SRR5949409	1.149801355279094
RP11-44F14.8	SRR5949410	1.149801355279094
RP11-44F14.8	SRR5949411	1.1499000124654937
RP11-44F14.8	SRR5949412	1.1496653216499102
RP11-44F14.8	SRR5949413	1.1498041981068907
RP11-44F14.8	SRR5949414	1.1498283651018633
RP11-44F14.8	SRR5949415	1.1498700492655702
RP11-44F14.8	SRR5949416	1.149752993629983
RP11-44F14.8	SRR5949417	1.1496993836519698
RP11-44F14.8	SRR5949418	1.1498041981068907
RP11-44F14.8	SRR5949419	1.1498283651018633
RP11-44F14.8	SRR5949420	1.149727479151349
RP11-44F14.8	SRR5949421	1.1496993836519698
RP11-44F14.8	SRR5949422	1.149752993629983
RP11-44F14.8	SRR5949423	1.149752993629983
RP11-44F14.8	SRR5949424	1.1499000124654937
RP11-44F14.8	SRR5949425	1.149752993629983
RP11-44F14.8	SRR5949426	1.1498700492655702
RP11-44F14.8	SRR5949427	1.149752993629983
RP11-44F14.8	SRR5949428	1.1499000124654937
RP11-44F14.8	SRR5949429	1.149461221160821
RP11-44F14.8	SRR5949430	1.1497815594090803
RP11-44F14.8	SRR5949431	1.1497815594090803
RP11-44F14.8	SRR5949432	1.149801355279094
RP11-44F14.8	SRR5949433	1.149757132515299
RP11-44F14.8	SRR5949434	1.149757132515299
RP11-44F14.8	SRR5949435	1.1495510677538354
RP11-44F14.8	SRR5949436	1.1498283651018633
RP11-44F14.8	SRR5949437	1.149461221160821
RP11-44F14.8	SRR5949438	1.1493806150832857
RP11-44F14.8	SRR5949439	1.1498758641415114
RP11-44F14.8	SRR5949440	1.1498700492655702
RP11-44F14.8	SRR5949441	1.1498700492655702
RP11-44F14.8	SRR5949442	1.1496516232140812
RP11-44F14.8	SRR5949443	1.1495611354981103
RP11-44F14.8	SRR5949444	1.1495012298161975
RP11-44F14.8	SRR5949445	1.1499000124654937
RP11-44F14.8	SRR5949446	1.1498700492655702
RP11-44F14.8	SRR5949447	1.149757132515299
RP11-44F14.8	SRR5949448	1.1499000124654937
RP11-44F14.8	SRR5949449	1.1499000124654937
RP11-44F14.8	SRR5949450	1.1497815594090803
RP11-44F14.8	SRR5949451	1.1496993836519698
RP11-44F14.8	SRR5949452	1.1498041981068907
RP11-44F14.8	SRR5949453	1.1497815594090803
RP11-44F14.8	SRR5949454	1.1498041981068907
RP11-44F14.8	SRR5949455	1.149757132515299
RP11-44F14.8	SRR5949456	1.1498758641415114
RP11-44F14.8	SRR5949457	1.1498700492655702
RP11-44F14.8	SRR5949458	1.1498758641415114
RP11-44F14.8	SRR5949459	1.149801355279094
RP11-44F14.8	SRR5949460	1.1495611354981103
RP11-44F14.8	SRR5949461	1.1490004023259148
RP11-44F14.8	SRR5949462	1.1498283651018633
RP11-44F14.8	SRR5949463	1.1495510677538354
RP11-44F14.8	SRR5949464	1.1494610034998385
RP11-44F14.8	SRR5949465	1.1489587806071277
RP11-44F14.8	SRR5949466	1.1497815594090803
RP11-44F14.8	SRR5949467	1.1489471817569916
RP11-44F14.8	SRR5949468	1.1498283651018633
RP11-44F14.8	SRR5949469	1.1498700492655702
RP11-44F14.8	SRR5949470	1.1498041981068907
RP11-44F14.8	SRR5949471	1.149727479151349
RP11-44F14.8	SRR5949472	1.149801355279094
RP11-44F14.8	SRR5949473	1.149801355279094
RP11-44F14.8	SRR5949474	1.149757132515299
RP11-44F14.8	SRR5949475	1.1499000124654937
RP11-44F14.8	SRR5949476	1.1498041981068907
RP11-44F14.8	SRR5949477	1.1498700492655702
RP11-44F14.8	SRR5949478	1.149801355279094
RP11-44F14.8	SRR5949479	1.149283393549715
RP11-44F14.8	SRR5949480	1.149752993629983
RP11-44F14.8	SRR5949481	1.1498700492655702
RP11-44F14.8	SRR5949482	1.1496653216499102
RP11-44F14.8	SRR5949483	1.1492630102128836
RP11-44F14.8	SRR5949484	1.1498283651018633
RP11-44F14.8	SRR5949485	1.1495012298161975
RP11-44F14.8	SRR5949486	1.149757132515299
RP11-44F14.8	SRR5949487	1.149752993629983
RP11-44F14.8	SRR5949488	1.149461221160821
RP11-44F14.8	SRR5949489	1.1496058907069004
RP11-44F14.8	SRR5949490	1.1496058907069004
RP11-44F14.8	SRR5949491	1.149757132515299
RP11-44F14.8	SRR5949492	1.1496058907069004
RP11-44F14.8	SRR5949493	1.149727479151349
RP11-44F14.8	SRR5949494	1.1499000124654937
RP11-44F14.8	SRR5949495	1.1494707522857042
RP11-44F14.8	SRR5949496	1.149727479151349
RP11-44F14.8	SRR5949497	1.149727479151349
RP11-44F14.8	SRR5949498	1.1497815594090803
RP11-44F14.8	SRR5949499	1.1498283651018633
RP11-44F14.8	SRR5949500	1.1494121443044876
RP11-44F14.8	SRR5949501	1.149515806070026
RP11-44F14.8	SRR5949502	1.1492573238148507
RP11-44F14.8	SRR5949503	1.149639556483191
RP11-44F14.8	SRR5949504	1.1498041981068907
RP11-44F14.8	SRR5949505	1.1498041981068907
RP11-44F14.8	SRR5949506	1.1498041981068907
RP11-44F14.8	SRR5949507	1.1498700492655702
RP11-44F14.8	SRR5949508	1.149752993629983
RP11-44F14.8	SRR5949509	1.1498283651018633
RP11-44F14.8	SRR5949510	1.1498041981068907
RP11-44F14.8	SRR5949511	1.1489592829745587
RP11-44F14.8	SRR5949512	1.149801355279094
RP11-44F14.8	SRR5949513	1.1499000124654937
RP11-44F14.8	SRR5949514	1.149659680044542
RP11-44F14.8	SRR5949515	1.1498283651018633
RP11-44F14.8	SRR5949516	1.149757132515299
RP11-44F14.8	SRR5949517	1.1498041981068907
RP11-44F14.8	SRR5949518	1.149283393549715
RP11-44F14.8	SRR5949519	1.1496058907069004
RP11-44F14.8	SRR5949520	1.1498700492655702
RP11-44F14.8	SRR5949521	1.1490859664004887
RP11-44F14.8	SRR5949522	1.149801355279094
RP11-44F14.8	SRR5949523	1.1498700492655702
RP11-44F14.8	SRR5949524	1.149757132515299
RP11-44F14.8	SRR5949525	1.149659680044542
RP11-44F14.8	SRR5949526	1.1489944018824365
RP11-44F14.8	SRR5949527	1.149639556483191
RP11-44F14.8	SRR5949528	1.1483720675437479
RP11-44F14.8	SRR5949529	1.1495224477062624
RP11-44F14.8	SRR5949530	1.149727479151349
RP11-44F14.8	SRR5949531	1.1496653216499102
RP11-44F14.8	SRR5949532	1.1498700492655702
RP11-44F14.8	SRR5949533	1.1499000124654937
RP11-44F14.8	SRR5949534	1.149659680044542
RP11-44F14.8	SRR5949535	1.1498283651018633
RP11-44F14.8	SRR5949536	1.1497815594090803
RP11-44F14.8	SRR5949537	1.1498700492655702
RP11-44F14.8	SRR5949538	1.1499000124654937
RP11-44F14.8	SRR5949539	1.149727479151349
RP11-44F14.8	SRR5949540	1.1495611354981103
RP11-44F14.8	SRR5949541	1.149727479151349
RP11-44F14.8	SRR5949542	1.1495224477062624
RP11-44F14.8	SRR5949543	1.149752993629983
RP11-44F14.8	SRR5949544	1.1495611354981103
RP11-44F14.8	SRR5949545	1.149283393549715
RP11-44F14.8	SRR5949546	1.149639556483191
RP11-44F14.8	SRR5949547	1.1499000124654937
RP11-44F14.8	SRR5949548	1.149757132515299
RP11-44F14.8	SRR5949549	1.1494121443044876
RP11-44F14.8	SRR5949550	1.1489471817569916
RP11-44F14.8	SRR5949551	1.149801355279094
RP11-44F14.8	SRR5949552	1.1494823274298185
RP11-44F14.8	SRR5949553	1.1498758641415114
RP11-44F14.8	SRR5949554	1.1498041981068907
RP11-44F14.8	SRR5949555	1.1409427054301
RP11-44F14.8	SRR5949556	1.149515806070026
RP11-44F14.8	SRR5949557	1.1497815594090803
RP11-44F14.8	SRR5949558	1.1494707522857042
RP11-44F14.8	SRR5949559	1.1498283651018633
RP11-44F14.8	SRR5949560	1.1498283651018633
RP11-44F14.8	SRR5949561	1.1490061236504394
RP11-44F14.8	SRR5949562	1.1495012298161975
RP11-44F14.8	SRR5949563	1.1497815594090803
RP11-44F14.8	SRR5949564	1.149801355279094
RP11-44F14.8	SRR5949565	1.1498758641415114
RP11-44F14.8	SRR5949566	1.1498283651018633
RP11-44F14.8	SRR5949567	1.1479342052496542
RP11-44F14.8	SRR5949568	1.1495565511841175
RP11-44F14.8	SRR5949569	1.149614382860247
RP11-44F14.8	SRR5949570	1.149727479151349
RP11-44F14.8	SRR5949571	1.1493287860193127
RP11-44F14.8	SRR5949572	1.1496993836519698
RP11-44F14.8	SRR5949573	1.1495565511841175
RP11-44F14.8	SRR5949574	1.1497815594090803
RP11-44F14.8	SRR5949575	1.149752993629983
RP11-44F14.8	SRR5949576	1.1496993836519698
RP11-44F14.8	SRR5949577	1.1498758641415114
RP11-44F14.8	SRR5949578	1.1497815594090803
RP11-44F14.8	SRR5949579	1.1498283651018633
RP11-44F14.8	SRR5949580	1.1498283651018633
RP11-44F14.8	SRR5949581	1.1499000124654937
RP11-44F14.8	SRR5949582	1.149614382860247
RP11-44F14.8	SRR5949583	1.1498758641415114
RP11-44F14.8	SRR5949584	1.1489713533334538
RP11-44F14.8	SRR5949585	1.149801355279094
RP11-44F14.8	SRR5949586	1.1498041981068907
RP11-44F14.8	SRR5949587	1.149757132515299
RP11-44F14.8	SRR5949588	1.14823324140182
RP11-44F14.8	SRR5949589	1.1499000124654937
RP11-44F14.8	SRR5949590	1.149639556483191
RP11-44F14.8	SRR5949591	1.1498283651018633
RP11-44F14.8	SRR5949592	1.1496653216499102
RP11-44F14.8	SRR5949593	1.1499000124654937
RP11-44F14.8	SRR5949594	1.1496993836519698
RP11-44F14.8	SRR5949595	1.1498041981068907
RP11-44F14.8	SRR5949596	1.149757132515299
RP11-44F14.8	SRR5949597	1.1492327898220787
RP11-44F14.8	SRR5949598	1.149727479151349
RP11-44F14.8	SRR5949599	1.149639556483191
RP11-44F14.8	SRR5949600	1.1497815594090803
RP11-44F14.8	SRR5949601	1.1496993836519698
RP11-44F14.8	SRR5949602	1.1499000124654937
RP11-44F14.8	SRR5949603	1.149801355279094
RP11-44F14.8	SRR5949604	1.1498041981068907
RP11-44F14.8	SRR5949605	1.1496993836519698
RP11-44F14.8	SRR5949606	1.1494707522857042
RP11-44F14.8	SRR5949607	1.1498700492655702
RP11-44F14.8	SRR5949608	1.1490004023259148
RP11-44F14.8	SRR5950246	1.1489592829745587
RP11-44F14.8	SRR5950247	1.1494707522857042
RP11-44F14.8	SRR5950248	1.1497815594090803
RP11-44F14.8	SRR5950249	1.1499000124654937
RP11-44F14.8	SRR5950250	1.1495611354981103
RP11-44F14.8	SRR5950251	1.1497815594090803
RP11-44F14.8	SRR5950252	1.1498758641415114
RP11-44F14.8	SRR5950253	1.1498041981068907
RP11-44F14.8	SRR5950254	1.1494707522857042
RP11-44F14.8	SRR5950255	1.1492327898220787
RP11-44F14.8	SRR5950256	1.14882817140177
RP11-44F14.8	SRR5950257	1.1487945702274995
RP11-44F14.8	SRR5950258	1.149801355279094
RP11-44F14.8	SRR5950259	1.1498283651018633
RP11-44F14.8	SRR5950260	1.1497815594090803
RP11-44F14.8	SRR5950261	1.149801355279094
RP11-44F14.8	SRR5950262	1.149659680044542
RP11-44F14.8	SRR5950263	1.1492573238148507
RP11-44F14.8	SRR5950264	1.1498700492655702
RP11-44F14.8	SRR5950265	1.1495611354981103
RP11-44F14.8	SRR5950266	1.1489684643066176
RP11-44F14.8	SRR5950267	1.149801355279094
RP11-44F14.8	SRR5950268	1.1496993836519698
RP11-44F14.8	SRR5950269	1.149727479151349
RP11-44F14.8	SRR5950270	1.1494610034998385
RP11-44F14.8	SRR5950271	1.1499000124654937
RP11-44F14.8	SRR5950272	1.1499000124654937
RP11-44F14.8	SRR5950273	1.1497815594090803
RP11-44F14.8	SRR5950274	1.1496516232140812
RP11-44F14.8	SRR5950275	1.1496993836519698
RP11-44F14.8	SRR5950276	1.149801355279094
RP11-44F14.8	SRR5950277	1.149515806070026
RP11-44F14.8	SRR5950278	1.1492438683694057
RP11-44F14.8	SRR5950279	1.149757132515299
RP11-44F14.8	SRR5950280	1.1498041981068907
RP11-44F14.8	SRR5950281	1.1496993836519698
RP11-44F14.8	SRR5950282	1.1493287860193127
RP11-44F14.8	SRR5950283	1.149801355279094
RP11-44F14.8	SRR5950284	1.1466271340242074
RP11-44F14.8	SRR5950285	1.1494823274298185
RP11-44F14.8	SRR5950286	1.1497815594090803
RP11-44F14.8	SRR5950287	1.1491016556665985
RP11-44F14.8	SRR5950288	1.1495510677538354
RP11-44F14.8	SRR5950289	1.1490061236504394
RP11-44F14.8	SRR5950290	1.1498283651018633
RP11-44F14.8	SRR5950291	1.149801355279094
RP11-44F14.8	SRR5950292	1.1496653216499102
RP11-44F14.8	SRR5950293	1.1494610034998385
RP11-44F14.8	SRR5950294	1.1499000124654937
RP11-44F14.8	SRR5950295	1.1498758641415114
RP11-44F14.8	SRR5950296	1.149752993629983
RP11-44F14.8	SRR5950297	1.1494508753827517
RP11-44F14.8	SRR5950298	1.1498283651018633
RP11-44F14.8	SRR5950299	1.149614382860247
RP11-44F14.8	SRR5950300	1.149757132515299
RP11-44F14.8	SRR5950301	1.149801355279094
RP11-44F14.8	SRR5950302	1.149752993629983
RP11-44F14.8	SRR5950303	1.149614382860247
RP11-44F14.8	SRR5950304	1.149461221160821
RP11-44F14.8	SRR5950305	1.149752993629983
RP11-44F14.8	SRR5950306	1.149752993629983
RP11-44F14.8	SRR5950307	1.1496058907069004
RP11-44F14.8	SRR5950308	1.1496653216499102
RP11-44F14.8	SRR5950309	1.1496993836519698
RP11-44F14.8	SRR5950310	1.1497815594090803
RP11-44F14.8	SRR5950311	1.1498700492655702
RP11-44F14.8	SRR5950312	1.149801355279094
RP11-44F14.8	SRR5950313	1.1496653216499102
RP11-44F14.8	SRR5950314	1.1498283651018633
RP11-44F14.8	SRR5950315	1.149801355279094
RP11-44F14.8	SRR5950316	1.1498700492655702
RP11-44F14.8	SRR5950317	1.149614382860247
RP11-44F14.8	SRR5950318	1.1494610034998385
RP11-44F14.8	SRR5950319	1.149639556483191
RP11-44F14.8	SRR5950320	1.149614382860247
RP11-44F14.8	SRR5950321	1.148836459359721
RP11-44F14.8	SRR5950322	1.1495224477062624
RP11-44F14.8	SRR5950323	1.1496516232140812
RP11-44F14.8	SRR5950324	1.1498283651018633
RP11-44F14.8	SRR5950325	1.149659680044542
RP11-44F14.8	SRR5950326	1.149515806070026
RP11-44F14.8	SRR5950327	1.149801355279094
RP11-44F14.8	SRR5950328	1.149801355279094
RP11-44F14.8	SRR5950329	1.149752993629983
RP11-44F14.8	SRR5950330	1.149639556483191
RP11-44F14.8	SRR5950331	1.1493287860193127
RP11-44F14.8	SRR5950332	1.1494707522857042
RP11-44F14.8	SRR5950333	1.1498283651018633
RP11-44F14.8	SRR5950334	1.1498283651018633
RP11-44F14.8	SRR5950335	1.1498283651018633
RP11-44F14.8	SRR5950336	1.1477909267796054
RP11-44F14.8	SRR5950337	1.1490522198255662
RP11-44F14.8	SRR5950338	1.1484554126990747
RP11-44F14.8	SRR5950339	1.1499000124654937
RP11-44F14.8	SRR5950340	1.1496058907069004
RP11-44F14.8	SRR5950341	1.1496653216499102
RP11-44F14.8	SRR5950342	1.1498700492655702
RP11-44F14.8	SRR5950343	1.1496653216499102
RP11-44F14.8	SRR5950344	1.1495224477062624
RP11-44F14.8	SRR5950345	1.1496516232140812
RP11-44F14.8	SRR5950346	1.149801355279094
RP11-44F14.8	SRR5950347	1.149752993629983
RP11-44F14.8	SRR5950348	1.1496058907069004
RP11-44F14.8	SRR5950349	1.1498758641415114
RP11-44F14.8	SRR5950350	1.1497815594090803
RP11-44F14.8	SRR5950351	1.1491016556665985
RP11-44F14.8	SRR5950352	1.1498700492655702
RP11-44F14.8	SRR5950353	1.149752993629983
RP11-44F14.8	SRR5950354	1.1498700492655702
RP11-44F14.8	SRR5950355	1.1498700492655702
RP11-44F14.8	SRR5950356	1.1489979896611313
RP11-44F14.8	SRR5950357	1.1498700492655702
RP11-44F14.8	SRR5950358	1.149614382860247
RP11-44F14.8	SRR5950359	1.149727479151349
RP11-44F14.8	SRR5950360	1.1498700492655702
RP11-44F14.8	SRR5950361	1.1498700492655702
RP11-44F14.8	SRR5950362	1.1495224477062624
RP11-44F14.8	SRR5950363	1.1494508753827517
RP11-44F14.8	SRR5950364	1.149639556483191
RP11-44F14.8	SRR5950365	1.1498041981068907
RP11-44F14.8	SRR5950366	1.1498283651018633
RP11-44F14.8	SRR5950367	1.1489024179979748
RP11-44F14.8	SRR5950368	1.149752993629983
RP11-44F14.8	SRR5950369	1.1499000124654937
RP11-44F14.8	SRR5950370	1.1499000124654937
RP11-44F14.8	SRR5950371	1.149801355279094
RP11-44F14.8	SRR5950372	1.1498041981068907
RP11-44F14.8	SRR5950373	1.149757132515299
RP11-44F14.8	SRR5950374	1.149757132515299
RP11-44F14.8	SRR5950375	1.1498700492655702
RP11-44F14.8	SRR5950376	1.1499000124654937
RP11-44F14.8	SRR5950377	1.1494121443044876
RP11-44F14.8	SRR5950378	1.149757132515299
RP11-44F14.8	SRR5950379	1.149752993629983
RP11-44F14.8	SRR5950380	1.1496653216499102
RP11-44F14.8	SRR5950381	1.149659680044542
RP11-44F14.8	SRR5950382	1.1491016556665985
RP11-44F14.8	SRR5950383	1.1498758641415114
RP11-44F14.8	SRR5950384	1.1498283651018633
RP11-44F14.8	SRR5950385	1.1490859664004887
RP11-44F14.8	SRR5950386	1.1498700492655702
RP11-44F14.8	SRR5950387	1.1498758641415114
RP11-44F14.8	SRR5950388	1.1495611354981103
RP11-44F14.8	SRR5950389	1.1485352709618715
RP11-44F14.8	SRR5950390	1.1496993836519698
RP11-44F14.8	SRR5950391	1.1499000124654937
RP11-44F14.8	SRR5950392	1.1491016556665985
RP11-44F14.8	SRR5950393	1.1495565511841175
RP11-44F14.8	SRR5950394	1.149727479151349
RP11-44F14.8	SRR5950395	1.149752993629983
RP11-44F14.8	SRR5950396	1.1499000124654937
RP11-44F14.8	SRR5950397	1.1498758641415114
RP11-44F14.8	SRR5950398	1.1498758641415114
RP11-44F14.8	SRR5950399	1.149659680044542
RP11-44F14.8	SRR5950400	1.1496993836519698
RP11-44F14.8	SRR5950401	1.1498700492655702
RP11-44F14.8	SRR5950402	1.1498700492655702
RP11-44F14.8	SRR5950403	1.1497815594090803
RP11-44F14.8	SRR5950404	1.1498041981068907
RP11-44F14.8	SRR5950405	1.14823324140182
RP11-44F14.8	SRR5950406	1.1493806150832857
RP11-44F14.8	SRR5950407	1.149801355279094
RP11-44F14.8	SRR5950408	1.149461221160821
RP11-44F14.8	SRR5950409	1.1495565511841175
RP11-44F14.8	SRR5950410	1.1499000124654937
RP11-44F14.8	SRR5950411	1.1498283651018633
RP11-44F14.8	SRR5950412	1.1498700492655702
RP11-44F14.8	SRR5950413	1.1493657120956842
RP11-44F14.8	SRR5950414	1.149801355279094
RP11-44F14.8	SRR5950415	1.149614382860247
RP11-44F14.8	SRR5950416	1.1496653216499102
RP11-44F14.8	SRR5950417	1.1496993836519698
RP11-44F14.8	SRR5950418	1.1495510677538354
RP11-44F14.8	SRR5950419	1.1498700492655702
RP11-44F14.8	SRR5950420	1.149752993629983
RP11-44F14.8	SRR5950421	1.1495611354981103
RP11-44F14.8	SRR5950422	1.1494707522857042
RP11-44F14.8	SRR5950423	1.149757132515299
RP11-44F14.8	SRR5950424	1.1498283651018633
RP11-44F14.8	SRR5950425	1.1498700492655702
RP11-44F14.8	SRR5950426	1.1496058907069004
RP11-44F14.8	SRR5950427	1.1498283651018633
RP11-44F14.8	SRR5950428	1.149757132515299
RP11-44F14.8	SRR5950429	1.1498700492655702
RP11-44F14.8	SRR5950430	1.149727479151349
RP11-44F14.8	SRR5950431	1.149727479151349
RP11-44F14.8	SRR5950432	1.1498041981068907
RP11-44F14.8	SRR5950433	1.149801355279094
RP11-44F14.8	SRR5950434	1.1495611354981103
RP11-44F14.8	SRR5950435	1.149757132515299
RP11-44F14.8	SRR5950436	1.1498700492655702
RP11-44F14.8	SRR5950437	1.149727479151349
RP11-44F14.8	SRR5950438	1.1498283651018633
RP11-44F14.8	SRR5950439	1.1498758641415114
RP11-44F14.8	SRR5950440	1.145365413736815
RP11-44F14.8	SRR5950441	1.1494707522857042
RP11-44F14.8	SRR5950442	1.1497815594090803
RP11-44F14.8	SRR5950443	1.149659680044542
RP11-44F14.8	SRR5950444	1.149801355279094
RP11-44F14.8	SRR5950445	1.1498041981068907
RP11-44F14.8	SRR5950446	1.1496516232140812
RP11-44F14.8	SRR5950447	1.1494257243385793
RP11-44F14.8	SRR5950448	1.149801355279094
RP11-44F14.8	SRR5950449	1.1498041981068907
RP11-44F14.8	SRR5950450	1.1498700492655702
RP11-44F14.8	SRR5950451	1.1499000124654937
RP11-44F14.8	SRR5950452	1.1494823274298185
RP11-44F14.8	SRR5950453	1.1498283651018633
RP11-44F14.8	SRR5950454	1.1494823274298185
RP11-44F14.8	SRR5950455	1.1498283651018633
RP11-44F14.8	SRR5950456	1.149757132515299
RP11-44F14.8	SRR5950457	1.149659680044542
RP11-44F14.8	SRR5950458	1.1499000124654937
RP11-44F14.8	SRR5950459	1.149752993629983
RP11-44F14.8	SRR5950460	1.149752993629983
RP11-44F14.8	SRR5950461	1.1497815594090803
RP11-44F14.8	SRR5950462	1.1492630102128836
RP11-44F14.8	SRR5950463	1.149614382860247
RP11-44F14.8	SRR5950464	1.149515806070026
RP11-44F14.8	SRR5950465	1.1449587156171235
RP11-44F14.8	SRR5950466	1.149801355279094
RP11-44F14.8	SRR5950467	1.149752993629983
RP11-44F14.8	SRR5950468	1.149801355279094
RP11-44F14.8	SRR5950469	1.149639556483191
RP11-44F14.8	SRR5950470	1.1498700492655702
RP11-44F14.8	SRR5963912	1.1499000124654937
RP11-44F14.8	SRR5963913	1.1495224477062624
RP11-44F14.8	SRR5963914	1.1499000124654937
RP11-44F14.8	SRR5963915	1.1495611354981103
RP11-44F14.8	SRR5963916	1.1494121443044876
RP11-44F14.8	SRR5963917	1.1496993836519698
RP11-44F14.8	SRR5963918	1.149727479151349
RP11-44F14.8	SRR5963919	1.1498041981068907
RP11-44F14.8	SRR5963920	1.149757132515299
RP11-44F14.8	SRR5963921	1.1498283651018633
RP11-44F14.8	SRR5963922	1.1496653216499102
RP11-44F14.8	SRR5963923	1.149727479151349
RP11-44F14.8	SRR5963924	1.1498041981068907
RP11-44F14.8	SRR5963925	1.1495224477062624
RP11-44F14.8	SRR5963926	1.149515806070026
RP11-44F14.8	SRR5963927	1.1498758641415114
RP11-44F14.8	SRR5963928	1.1494823274298185
RP11-44F14.8	SRR5963929	1.149801355279094
RP11-44F14.8	SRR5963930	1.1493287860193127
RP11-44F14.8	SRR5963931	1.1499000124654937
RP11-44F14.8	SRR5963932	1.149757132515299
RP11-44F14.8	SRR5963933	1.149659680044542
RP11-44F14.8	SRR5963934	1.1494257243385793
RP11-44F14.8	SRR5963935	1.1499000124654937
RP11-44F14.8	SRR5963936	1.1495510677538354
RP11-44F14.8	SRR5963937	1.1492573238148507
RP11-44F14.8	SRR5963938	1.149801355279094
RP11-44F14.8	SRR5963939	1.1498041981068907
RP11-44F14.8	SRR5963940	1.1498700492655702
RP11-44F14.8	SRR5963941	1.1499000124654937
RP11-44F14.8	SRR5963942	1.1499000124654937
RP11-44F14.8	SRR5963943	1.1498283651018633
RP11-44F14.8	SRR5963944	1.1499000124654937
RP11-44F14.8	SRR5963945	1.1498758641415114
RP11-44F14.8	SRR5963946	1.149801355279094
RP11-44F14.8	SRR5963947	1.149801355279094
RP11-44F14.8	SRR5963948	1.149801355279094
RP11-44F14.8	SRR6467548	20.19612247048136
RP11-44F14.8	SRR6467549	45.748502787017536
RP11-44F14.8	SRR6467550	64.6052701677844
RP11-44F14.8	SRR6467551	23.37836883846086
RP11-44F14.8	SRR6467552	26.42959231784959
RP11-44F14.8	SRR6467553	34.0532858624639
RP11-44F14.8	SRR6467554	36.81178004238729
RP11-44F14.8	SRR6467555	66.95140069491383
RP11-44F14.8	SRR6467556	29.343010224143335
RP11-44F14.8	SRR6467557	57.650912573801676
RP11-44F14.8	SRR6467558	33.667153672516164
RP11-44F14.8	SRR6467559	64.13919727058284
RP11-44F14.8	SRR6467560	84.85805045595824
RP11-44F14.8	SRR6467561	50.37255570031537
RP11-44F14.8	SRR6467562	64.24275333101716
RP11-44F14.8	SRR6467563	61.37800438328999
RP11-44F14.8	SRR6467564	86.62874610049803
RP11-44F14.8	SRR6467565	32.31038478003509
RP11-44F14.8	SRR6467566	50.34896148426627
RP11-44F14.8	SRR6467567	54.59793493485116
RP11-44F14.8	SRR6467568	35.14356824699975
RP11-44F14.8	SRR6467569	65.95158114827957
RP11-44F14.8	SRR6467570	46.983088443176136
RP11-44F14.8	SRR6467571	39.028074195327896
RP11-44F14.8	SRR6467572	19.116896087116007
RP11-44F14.8	SRR6467573	19.129167405798615
RP11-44F14.8	SRR6467574	31
RP11-44F14.8	SRR6467575	17.71950565483922
RP11-44F14.8	SRR6467576	43.20101277619225
RP11-44F14.8	SRR6467577	86.12385896387748
RP11-44F14.8	SRR6467578	13.128359400747314
RP11-44F14.8	SRR6467579	52.55035922567523
RP11-44F14.8	SRR6467580	10.47411804624063
RP11-44F14.8	SRR6467581	61.93490324082541
RP11-44F14.8	SRR6467582	45.1791281232907
RP11-44F14.8	SRR6467583	58
RP11-44F14.8	SRR6467584	15.054465286241127
RP11-44F14.8	SRR6467585	21.77933113589409
RP11-44F14.8	SRR6467586	28.02339639950684
RP11-44F14.8	SRR6467587	91.7685172883623
RP11-44F14.8	SRR6467588	131.9310817378601
RP11-44F14.8	SRR6467589	66
RP11-44F14.8	SRR6467590	35.096719710665326
RP11-44F14.8	SRR6467591	23.2419508458467
RP11-44F14.8	SRR6467592	21.16337033252731
RP11-44F14.8	SRR6467593	66.29952696585511
RP11-44F14.8	SRR6467594	27.946404749630716
RP11-44F14.8	SRR6467595	46.10082022972966
RP11-44F14.8	SRR6467596	61
RP11-44F14.8	SRR6467597	67.95331632116574
RP11-44F14.8	SRR6467598	49.857691526040405
RP11-44F14.8	SRR6467599	17.06359262991537
RP11-44F14.8	SRR6467600	45.21683559827538
RP11-44F14.8	SRR6467601	16.08926107812847
RP11-44F14.8	SRR6467602	46.46785849828634
RP11-44F14.8	SRR6467603	29
RP11-44F14.8	SRR6467604	21.08871944966876
RP11-44F14.8	SRR6467605	58.20728687264235
RP11-44F14.8	SRR6467606	29
RP11-44F14.8	SRR6467607	20
RP11-44F14.8	SRR6467608	14.036781520753424
RP11-44F14.8	SRR6467609	13.002338885003567
RP11-44F14.8	SRR6467610	55.548993389138026
RP11-44F14.8	SRR6467611	50.01528575752512
RP11-44F14.8	SRR6467612	49.28440019134011
RP11-44F14.8	SRR6467613	24
RP11-44F14.8	SRR6467614	25
RP11-44F14.8	SRR6467615	96.20685539723466
RP11-44F14.8	SRR6467616	34.33635367053664
RP11-44F14.8	SRR6467617	10.066688641367247
RP11-44F14.8	SRR6467618	49
RP11-44F14.8	SRR6467619	48.498515723644424
RP11-44F14.8	SRR6467620	62.16073528269909
RP11-44F14.8	SRR6467621	24.122572653367897
RP11-44F14.8	SRR6467622	19.286156529462595
RP11-44F14.8	SRR6467623	61.78303621934988
RP11-44F14.8	SRR6467624	55.009895282707404
RP11-44F14.8	SRR6467625	60
RP11-44F14.8	SRR6467626	100
RP11-44F14.8	SRR6467627	18.181147455968933
RP11-44F14.8	SRR6467628	55
RP11-44F14.8	SRR6467629	65.6395401180467
RP11-44F14.8	SRR6467630	27.019435981380852
RP11-44F14.8	SRR6467631	74.06659222295266
RP11-44F14.8	SRR6467632	32.22967878611284
RP11-44F14.8	SRR6467633	30
RP11-44F14.8	SRR6467634	54.21579967072265
RP11-44F14.8	SRR6467635	51.9009120869477
RP11-44F14.8	SRR6467636	20.201619246203478
RP11-44F14.8	SRR6467637	27
RP11-44F14.8	SRR6467638	46
RP11-44F14.8	SRR6467639	42.13307740251394
RP11-44F14.8	SRR6467640	7.1464292715593505
RP11-44F14.8	SRR6467641	28.259917923651578
RP11-44F14.8	SRR6467642	32.38192434671438
RP11-44F14.8	SRR6467643	23.287799011642196
RP11-44F14.8	SRR6467644	82
RP11-44F14.8	SRR6467645	47.11952121094437
RP11-44F14.8	SRR6467646	80
RP11-44F14.8	SRR6467647	15.18437204626502
RP11-44F14.8	SRR6467648	34.196303555605155
RP11-44F14.8	SRR6467649	43.227561843605095
RP11-44F14.8	SRR6467650	8.043784018075177
RP11-44F14.8	SRR6467651	17.049523941278238
RP11-44F14.8	SRR6467652	27.00485768423818
RP11-44F14.8	SRR6467653	38.377053462220175
RP11-44F14.8	SRR6467654	50.18703714680991
RP11-44F14.8	SRR6467655	71
RP11-44F14.8	SRR6467656	49.187348685396664
RP11-44F14.8	SRR6467657	62
RP11-44F14.8	SRR6467658	37
RP11-44F14.8	SRR6467659	28.498706650496583
RP11-44F14.8	SRR6467660	34.23265113790656
RP11-44F14.8	SRR6467661	47.800720734300306
RP11-44F14.8	SRR6467662	71.57076276270172
RP11-44F14.8	SRR6467663	13.036280936970128
RP11-44F14.8	SRR6467664	42.53418394763697
RP11-44F14.8	SRR6467665	41
RP11-44F14.8	SRR6467666	88
RP11-44F14.8	SRR6467667	30.922474304226444
RP11-44F14.8	SRR6467668	55.12785870842462
RP11-44F14.8	SRR6467669	53
RP11-44F14.8	SRR6467670	97
RP11-44F14.8	SRR6467671	32.694529363616404
RP11-44F14.8	SRR6467672	34.30089481358694
RP11-44F14.8	SRR6467673	19.1822103913532
RP11-44F14.8	SRR6467674	54.337773670633055
RP11-44F14.8	SRR6467675	35.30246853024532
RP11-44F14.8	SRR6467676	21.4876741425383
RP11-44F14.8	SRR6467677	89
RP11-44F14.8	SRR6467678	35
RP11-44F14.8	SRR6467679	32
RP11-44F14.8	SRR6467680	22.236045544977443
RP11-44F14.8	SRR6467681	94
RP11-44F14.8	SRR6467682	22.131670968136035
RP11-44F14.8	SRR6467683	38.425456025973794
RP11-44F14.8	SRR6467684	52.134810237102464
RP11-44F14.8	SRR6467685	46.64841002823157
RP11-44F14.8	SRR6467686	46.06625014346935
RP11-44F14.8	SRR6467687	72.61546308100532
RP11-44F14.8	SRR6467688	99
RP11-44F14.8	SRR6467689	69.68330072041695
RP11-44F14.8	SRR6467690	24.13121837490658
RP11-44F14.8	SRR6467691	37.205278891064566
RP11-44F14.8	SRR6467692	15.01507843137704
RP11-44F14.8	SRR6467693	93.14226859332369
RP11-44F14.8	SRR6467694	51.38610600193629
RP11-44F14.8	SRR6467695	18.082241923295634
RP11-44F14.8	SRR6467696	37.13601700192609
RP11-44F14.8	SRR6467697	38
RP11-44F14.8	SRR6467698	13.061128456886566
RP11-44F14.8	SRR6467699	56
RP11-44F14.8	SRR6467700	35.56924366877559
RP11-44F14.8	SRR6467701	67
RP11-44F14.8	SRR6467702	34.48746832505509
RP11-44F14.8	SRR6467703	61.75243533442316
RP11-44F14.8	SRR6467704	28.078143556551044
RP11-44F14.8	SRR6467705	9.0587749576061
RP11-44F14.8	SRR6467706	19.350939733437055
RP11-44F14.8	SRR6467707	111
RP11-44F14.8	SRR6467708	52.08974178386228
RP11-44F14.8	SRR6467709	31
RP11-44F14.8	SRR6467710	14.012598528666722
RP11-44F14.8	SRR6467711	29.03959808863217
RP11-44F14.8	SRR6467712	80.89978575117193
RP11-44F14.8	SRR6467713	40.05689920304752
RP11-44F14.8	SRR6467714	12.071657244721607
RP11-44F14.8	SRR6467715	77
RP11-44F14.8	SRR6467716	70
RP11-44F14.8	SRR6467717	7.08596568780617
RP11-44F14.8	SRR6467718	3.046227426513955
RP11-44F14.8	SRR6467719	66.23789313238252
RP11-44F14.8	SRR6467720	60
RP11-44F14.8	SRR6467721	57.09236244987252
RP11-44F14.8	SRR6467722	61.902532905002886
RP11-44F14.8	SRR6467723	55
RP11-44F14.8	SRR6467724	37
RP11-44F14.8	SRR6467725	30
RP11-44F14.8	SRR6467726	48.518379989123034
RP11-44F14.8	SRR6467727	22.050377486468935
RP11-44F14.8	SRR6467728	87
RP11-44F14.8	SRR6467729	41.28250331768376
RP11-44F14.8	SRR6467730	78.16585745660137
RP11-44F14.8	SRR6467731	85.83990061361685
RP11-44F14.8	SRR6467732	38.92122225759146
RP11-44F14.8	SRR6467733	60.10354821214879
RP11-44F14.8	SRR6467734	91.35685466810652
RP11-44F14.8	SRR6467735	21.173568875695015
RP11-44F14.8	SRR6467736	11.068223956176082
RP11-44F14.8	SRR6467737	73.45305920578181
RP11-44F14.8	SRR6467738	34.01223526826141
RP11-44F14.8	SRR6467739	28
RP11-44F14.8	SRR6467740	29.154947226322733
RP11-44F14.8	SRR6467741	23.0468939741201
RP11-44F14.8	SRR6467742	38
RP11-44F14.8	SRR6467743	28
RP11-44F14.8	SRR6467744	25
RP11-44F14.8	SRR6467745	32.01151554659898
RP11-44F14.8	SRR6467746	34.26973189917013
RP11-44F14.8	SRR6467747	36.597531245040074
RP11-44F14.8	SRR6467748	66.55238061825467
RP11-44F14.8	SRR6467749	52
RP11-44F14.8	SRR6467750	66.15655547698299
RP11-44F14.8	SRR6467751	18.272122494958374
RP11-44F14.8	SRR6467752	54.44358407454469
RP11-44F14.8	SRR6467753	64.56450491313194
RP11-44F14.8	SRR6467754	25.111335511058655
RP11-44F14.8	SRR6467755	44.75069796764884
RP11-44F14.8	SRR6467756	41.0516632624894
RP11-44F14.8	SRR6467757	72
RP11-44F14.8	SRR6467758	24
RP11-44F14.8	SRR6467759	53.30015984800799
RP11-44F14.8	SRR6467760	39.30163506615475
RP11-44F14.8	SRR6467761	29.106308257922898
RP11-44F14.8	SRR6467762	15.075083042143076
RP11-44F14.8	SRR6467763	55.51244318661681
RP11-44F14.8	SRR6467764	78.0528648132235
RP11-44F14.8	SRR6467765	39.048489027859276
RP11-44F14.8	SRR6467766	32.474672914931965
RP11-44F14.8	SRR6467767	50.34031626285916
RP11-44F14.8	SRR6467768	50.62383155094668
RP11-44F14.8	SRR6467769	48.86306331599563
RP11-44F14.8	SRR6467770	18
RP11-44F14.8	SRR6467771	48.277612264954335
RP11-44F14.8	SRR6467772	41.29163032269173
RP11-44F14.8	SRR6467773	115.45095297071505
RP11-44F14.8	SRR6868540	194.84803748959177
RP11-44F14.8	SRR6868541	176.7831197609303
RP11-44F14.8	SRR6868542	73.35931906281773
RP11-44F14.8	SRR6868543	238.59462377729747
RP11-44F14.8	SRR6868544	227.77425104721885
RP11-44F14.8	SRR6868545	61.49598093307951
RP11-44F14.8	SRR6868546	169.65669448411853
RP11-44F14.8	SRR6868557	58.26480241789303
RP11-44F14.8	SRR6868558	9.443970862124184
RP11-44F14.8	SRR6868559	285.0615800158042
RP11-44F14.8	SRR6868560	214.11752692015276
RP11-44F14.8	SRR6868569	65.83990935205054
RP11-44F14.8	SRR6868570	242.17128586340087
RP11-44F14.8	SRR6868571	60.595157259773316
RP11-44F14.8	SRR6868572	313.6735639468308
RP11-44F14.8	SRR6868573	107.25217173245805
RP11-44F14.8	SRR6868574	107.29817153773077
RP11-44F14.8	SRR6868575	96.4437162849178
RP11-44F14.8	SRR6868576	55.88006728378515
RP11-44F14.8	SRR6868577	71.26256236129575
RP11-44F14.8	SRR6868578	57.88789243194154
RP11-44F14.8	SRR6868579	112.75955384956855
RP11-44F14.8	SRR6868580	238.54341239546036
RP11-44F14.8	SRR6868581	34.12869916542802
RP11-44F14.8	SRR6868582	220.01600027668724
RP11-44F14.8	SRR6868585	55.20915784458374
RP11-44F14.8	SRR6868586	61.46514638622742
RP11-44F14.8	SRR6868587	69.96405309205923
RP11-44F14.8	SRR6868588	344.4610924934575
RP11-44F14.8	SRR6868589	195.1296604045692
RP11-44F14.8	SRR6868590	197.18053755749344
RP11-44F14.8	SRR6868591	256.3208708376172
RP11-44F14.8	SRR6868604	90.37606282347889
RP11-44F14.8	SRR6868605	137.26903378859743
RP11-44F14.8	SRR6868606	102.02384815907666
RP11-44F14.8	SRR6868607	43.455410092322595
RP11-44F14.8	SRR6868608	95.27521307237333
RP11-44F14.8	SRR6868609	112.77268475352835
RP11-44F14.8	SRR6868610	90.422403976998993
RP11-44F14.8	SRR6868620	107.20822420825861
RP11-44F14.8	SRR6868621	93.00714246834968
RP11-44F14.8	SRR6868622	197.67732419798898
RP11-44F14.8	SRR6868623	189.8973556626346
RP11-44F14.8	SRR6868636	73.08158671520587
RP11-44F14.8	SRR6868637	89.27178889151921
RP11-44F14.8	SRR6868638	212.41541861382146
RP11-44F14.8	SRR6868639	60.65009392131656
RP11-44F14.8	SRR6868650	36.39411493208073
RP11-44F14.8	SRR6868651	49.39879767230207
RP11-44F14.8	SRR6868652	129.8696631373592
RP11-44F14.8	SRR6868653	93.74383595648044
RP11-44F14.8	SRR6868654	271.03694872573357
RP11-44F14.8	SRR6868655	194.66092126183887
RP11-44F14.8	SRR6868665	45.651080750758105
RP11-44F14.8	SRR6868666	117.19047206897677
RP11-44F14.8	SRR6868667	32.36935309702647
RP11-44F14.8	SRR6868668	469.4850291939684
RP11-44F14.8	SRR6868669	159.20740754219037
RP11-44F14.8	SRR6868670	90.61006767481909
RP11-44F14.8	SRR6868671	159.2970217343529
RP11-44F14.8	SRR6868683	296.75622391686284
RP11-44F14.8	SRR6868684	133.06718855648384
RP11-44F14.8	SRR6868685	104.20922215011282
RP11-44F14.8	SRR6868686	93.96014706769017
RP11-44F14.8	SRR6868687	148.05451106955528
RP11-44F14.8	SRR6868688	61.64330361312716
RP11-44F14.8	SRR6868689	93.36852797675905
RP11-44F14.8	SRR6868698	81.4705022059247
RP11-44F14.8	SRR6868699	157.10102570431363
RP11-44F14.8	SRR6868700	61.98536411621349
RP11-44F14.8	SRR6868701	306.2145331120271
RP11-44F14.8	SRR6868702	94.72261729714978
RP11-44F14.8	SRR6868713	107.11076058243775
RP11-44F14.8	SRR6868714	146.69213901666384
RP11-44F14.8	SRR6868715	76.63387563783552
RP11-44F14.8	SRR6868716	111.74580905853908
RP11-44F14.8	SRR6868717	211.1529132347886
RP11-44F14.8	SRR6868718	176.6864723694068
RP11-44F14.8	SRR6868719	154.24954065404154
RP11-44F14.8	SRR6868720	227.1451380232408
RP11-44F14.8	SRR6868721	74.83610462059593
RP11-44F14.8	SRR6868722	53.8957124648775
RP11-44F14.8	SRR6868723	73.41508904563028
RP11-44F14.8	SRR6868724	49.477472859279054
RP11-44F14.8	SRR6868725	312.29902318333683
RP11-44F14.8	SRR6868726	274.6609308391779
RP11-44F14.8	SRR6868741	98.41078824112383
RP11-44F14.8	SRR7632756	23.189936485168364
RP11-44F14.8	SRR7632757	12.332799432615735
RP11-44F14.8	SRR7632758	35.37214873345685
RP11-44F14.8	SRR7632759	9.267974647089368
RP11-44F14.8	SRR7632760	18.364804216639815
RP11-44F14.8	SRR7632761	19.135861417912547
RP11-44F14.8	SRR7632762	2.097265089463847
RP11-44F14.8	SRR7632763	6.0982888931609205
RP11-44F14.8	SRR7632764	7.258923295500372
RP11-44F14.8	SRR7632765	3.0078817544471623
RP11-44F14.8	SRR7632766	7.217799739461938
RP11-44F14.8	SRR7632767	23.05455721167589
RP11-44F14.8	SRR7632768	10.161881698751843
RP11-44F14.8	SRR7632769	19.218065299153007
RP11-44F14.8	SRR7632770	3.024837353536685
RP11-44F14.8	SRR7632771	4.1038192538538025
RP11-44F14.8	SRR7632772	8.153316301135229
RP11-44F14.8	SRR7632773	21.114001999512197
RP11-44F14.8	SRR7632774	14.08885882068437
RP11-44F14.8	SRR7632775	9.202213359852879
RP11-44F14.8	SRR7632776	9.340997877151576
RP11-44F14.8	SRR7632777	13.312775306937661
RP11-44F14.8	SRR7632778	20.08353846838179
RP11-44F14.8	SRR7632779	11.287282658862338
RP11-44F14.8	SRR7632780	7.025852733718216
RP11-44F14.8	SRR7632781	4.245702125717036
RP11-44F14.8	SRR7632782	7.095741362553955
RP11-44F14.8	SRR7632783	15.110085849856848
RP11-44F14.8	SRR7632784	7.0609061967423825
RP11-44F14.8	SRR7632785	23.165081627518603
RP11-44F14.8	SRR7632786	9.372659414784545
RP11-44F14.8	SRR7632787	19.074365812333234
RP11-44F14.8	SRR7632788	31.070263824987787
RP11-44F14.8	SRR7632789	18.32656329711117
RP11-44F14.8	SRR7632790	14.137534128419617
RP11-44F14.8	SRR7632791	5.223712243487805
RP11-44F14.8	SRR7632792	5.036486881438229
RP11-44F14.8	SRR7632793	20.242131747865198
RP11-44F14.8	SRR7632794	31.215380889076233
RP11-44F14.8	SRR7632795	40.12906436015417
RP11-44F14.8	SRR7632796	21.360868838611065
RP11-44F14.8	SRR7632797	1.1507956722511705
RP11-44F14.8	SRR7632798	15.085934858192035
RP11-44F14.8	SRR7632799	15.461764157609801
RP11-44F14.8	SRR7632800	15.22457569002269
RP11-44F14.8	SRR7632801	29.152580757038667
RP11-44F14.8	SRR7632802	4.139982122712101
RP11-44F14.8	SRR7632803	1.0239958477751991
RP11-44F14.8	SRR7632804	13.526160427246763
RP11-44F14.8	SRR7632805	21.064965838742573
RP11-44F14.8	SRR7632806	29.13378550994437
RP11-44F14.8	SRR7632807	43.37484263156964
RP11-44F14.8	SRR7632808	8.065765806573252
RP11-44F14.8	SRR7632809	6.292662984142832
RP11-44F14.8	SRR7632810	29.121011752674075
RP11-44F14.8	SRR7632811	14.095296858404115
RP11-44F14.8	SRR7632812	12.086200344396394
RP11-44F14.8	SRR7632813	14.08693014654885
RP11-44F14.8	SRR7632814	11.039162069943
RP11-44F14.8	SRR7632815	18.141670095239768
RP11-44F14.8	SRR7632816	8.60225452136448
RP11-44F14.8	SRR7632817	13.540619961168339
RP11-44F14.8	SRR7632818	7.03797797520817
RP11-44F14.8	SRR7632819	26.063619322513446
RP11-44F14.8	SRR7632820	2.013769493996914
RP11-44F14.8	SRR7632821	49.08456437325484
RP11-44F14.8	SRR7632822	29.364920913509504
RP11-44F14.8	SRR7632823	29.106710480077233
RP11-44F14.8	SRR7632824	15.068615575394755
RP11-44F14.8	SRR7632825	23.06457568304731
RP11-44F14.8	SRR7632826	16.010322172290522
RP11-44F14.8	SRR7632827	13.712351747882138
RP11-44F14.8	SRR7632828	25.649924543861115
RP11-44F14.8	SRR7632829	12.173904668025708
RP11-44F14.8	SRR7632830	8.38757563458291
RP11-44F14.8	SRR7632831	49.454657364112684
RP11-44F14.8	SRR7632832	13.189224998729726
RP11-44F14.8	SRR7632833	9.465633330673548
RP11-44F14.8	SRR7632834	7.204327336182274
RP11-44F14.8	SRR7632835	6.65946008834859
RP11-44F14.8	SRR7632836	18.26886701751717
RP11-44F14.8	SRR7632837	13.08385020272181
RP11-44F14.8	SRR7632838	12.301871327651483
RP11-44F14.8	SRR7632839	14.16082972532249
RP11-44F14.8	SRR7632840	11.336306795900084
RP11-44F14.8	SRR7632841	11.192560986710783
RP11-44F14.8	SRR7632842	26.048408098197985
RP11-44F14.8	SRR7632843	17.6377616078365
RP11-44F14.8	SRR7632844	13.515208208444026
RP11-44F14.8	SRR7632845	16.08008857828595
RP11-44F14.8	SRR7632846	7.346433498809933
RP11-44F14.8	SRR7632847	9.211745280523756
RP11-44F14.8	SRR7632848	27.24651666862865
RP11-44F14.8	SRR7632849	7.079692629947518
RP11-44F14.8	SRR7632850	16.20617030675338
RP11-44F14.8	SRR7632851	7.070782880874831
RP11-44F14.8	SRR7632852	10.01260079572912
RP11-44F14.8	SRR7632853	25.126940775095584
RP11-44F14.8	SRR7632854	7.046222886061327
RP11-44F14.8	SRR7632855	48
RP11-44F14.8	SRR7632856	22.142642118016923
RP11-44F14.8	SRR7632857	6.441458726858177
RP11-44F14.8	SRR7632858	9.334421565351192
RP11-44F14.8	SRR7632859	11.435942234849717
RP11-44F14.8	SRR7632860	6.452124320204796
RP11-44F14.8	SRR7632861	16.870115981564606
RP11-44F14.8	SRR7632862	13.456823236542265
RP11-44F14.8	SRR7632863	7.8922423309076475
RP11-44F14.8	SRR7632864	4.486210202545639
RP11-44F14.8	SRR7632865	24.035124288955327
RP11-44F14.8	SRR7632866	33.18689198083516
RP11-44F14.8	SRR7632867	13.133775532178046
RP11-44F14.8	SRR7632868	5.128143591196223
RP11-44F14.8	SRR7632869	13.317734693436531
RP11-44F14.8	SRR7632870	19.07217863445828
RP11-44F14.8	SRR7632871	6.30593807281977
RP11-44F14.8	SRR7632872	7.225487257231353
RP11-44F14.8	SRR7632873	23.096775277239143
RP11-44F14.8	SRR7632874	24.06378963455778
RP11-44F14.8	SRR7632875	8.013208104285232
RP11-44F14.8	SRR7632876	17.240890508671473
RP11-44F14.8	SRR7632877	3.123298908151781
RP11-44F14.8	SRR7632878	14.309123094355435
RP11-44F14.8	SRR7632879	2.004533149999212
RP11-44F14.8	SRR7632880	12.210496064549222
RP11-44F14.8	SRR7632881	38.52274262573659
RP11-44F14.8	SRR7632882	18.42985376271606
RP11-44F14.8	SRR7632883	15.337185955873649
RP11-44F14.8	SRR7632884	9.303357674176636
RP11-44F14.8	SRR7632885	14.069589895180624
RP11-44F14.8	SRR7632886	4.129209950571857
RP11-44F14.8	SRR7632887	22.222363144373396
RP11-44F14.8	SRR7632888	5.189884112884627
RP11-44F14.8	SRR7632889	4.136797115888483
RP11-44F14.8	SRR7632890	18.735082206556676
RP11-44F14.8	SRR7632891	9.423464003608062
RP11-44F14.8	SRR7632892	22.128301454308158
RP11-44F14.8	SRR7632893	8.305090602171177
RP11-44F14.8	SRR7632894	27.22349694098945
RP11-44F14.8	SRR7632895	7.081141963752195
RP11-44F14.8	SRR7632896	12.27177872780074
RP11-44F14.8	SRR7632897	25.102128278662907
RP11-44F14.8	SRR7632898	16.059786245722098
RP11-44F14.8	SRR7632899	40.27807545275203
RP11-44F14.8	SRR7632900	9.059983320455533
RP11-44F14.8	SRR7632901	15.095414481033737
RP11-44F14.8	SRR7632902	16.700868383064396
RP11-44F14.8	SRR7632903	20.08797866801717
RP11-44F14.8	SRR7632904	17.8945322381402
RP11-44F14.8	SRR7632905	1.0931759253599354
RP11-44F14.8	SRR7632906	5.08251292673444
RP11-44F14.8	SRR7632907	17.471331968437877
RP11-44F14.8	SRR7632908	18.07212664811384
RP11-44F14.8	SRR7632909	49.16927468800405
RP11-44F14.8	SRR7632910	9.342069568292974
RP11-44F14.8	SRR7632911	5.064921276618154
RP11-44F14.8	SRR7632912	9.140694828928343
RP11-44F14.8	SRR7632913	6.352334660030605
RP11-44F14.8	SRR7632914	12.374067268362259
RP11-44F14.8	SRR7632915	13.584436423314408
RP11-44F14.8	SRR7632916	11.218729815263009
RP11-44F14.8	SRR7632917	24.205074767267533
RP11-44F14.8	SRR7632918	12.310162250555596
RP11-44F14.8	SRR7632919	18.157215003467275
RP11-44F14.8	SRR7632920	16.18532978876428
RP11-44F14.8	SRR7632921	12.14588877903752
RP11-44F14.8	SRR7632922	22.19138258251386
RP11-44F14.8	SRR7632923	40.41900175404617
RP11-44F14.8	SRR7632924	13.38344465685561
RP11-44F14.8	SRR7632925	10.350871842259231
RP11-44F14.8	SRR7632926	18.332980985568106
RP11-44F14.8	SRR7632927	6.1231130053825025
RP11-44F14.8	SRR7632928	12.039657022984224
RP11-44F14.8	SRR7632929	7.2854987330677075
RP11-44F14.8	SRR7632930	9.008099054142892
RP11-44F14.8	SRR7632931	16.01151761859606
RP11-44F14.8	SRR7632932	8.205541036713823
RP11-44F14.8	SRR7632933	8.170221803495055
RP11-44F14.8	SRR7632934	14.061436087879928
RP11-44F14.8	SRR7632935	19.192124962374542
RP11-44F14.8	SRR7632936	4.084210072814286
RP11-44F14.8	SRR7632937	6.0868824471611385
RP11-44F14.8	SRR7632938	4.106704604213224
RP11-44F14.8	SRR7632939	7.196726319862691
RP11-44F14.8	SRR7632940	24.15723659139699
RP11-44F14.8	SRR7632941	21.450976390017637
RP11-44F14.8	SRR7632942	2.0716945854554027
RP11-44F14.8	SRR7632943	28
RP11-44F14.8	SRR7632944	8.147076487672004
RP11-44F14.8	SRR7632945	19
RP11-44F14.8	SRR8928966	28.249256165362777
RP11-44F14.8	SRR8928967	55.95959317016174
RP11-44F14.8	SRR8928968	60.501459258299136
RP11-44F14.8	SRR8928969	17.143067901336472
RP11-44F14.8	SRR8928970	4.039116172380387
RP11-44F14.8	SRR8928971	13.101576753307475
RP11-44F14.8	SRR8928972	10.551062717044822
RP11-44F14.8	SRR8928973	20.120315932204466
RP11-44F14.8	SRR8928974	35.873530635883995
RP11-44F14.8	SRR8928975	1.0434971814877207
RP11-44F14.8	SRR8928976	1.0433938336486428
RP11-44F14.8	SRR8928977	18.35589827392812
RP11-44F14.8	SRR8928978	20.37818945112601
RP11-44F14.8	SRR8928979	18.354911347702718
RP11-44F14.8	SRR8928980	9.144174746701188
RP11-44F14.8	SRR8928981	16.18913916363708
RP11-44F14.8	SRR8928982	53.60906441638199
RP11-44F14.8	SRR8928983	19.037635918293308
RP11-44F14.8	SRR8928984	15.084808517421509
RP11-44F14.8	SRR8928985	16.27290187540569
RP11-44F14.8	SRR8928986	37.336958668189844
RP11-44F14.8	SRR8928987	53
RP11-44F14.8	SRR8928988	232
RP11-44F14.8	SRR8928989	8.144385759943866
RP11-44F14.8	SRR8928990	14.14857189897125
RP11-44F14.8	SRR8928991	38.684438017230605
RP11-44F14.8	SRR9835604	8.115473435822869
RP11-44F14.8	SRR9835605	5.028115798100353
RP11-44F14.8	SRR9835606	3.0066167804517203
RP11-44F14.8	SRR9835607	8.073988404907475
RP11-44F14.8	SRR9835608	14.20979117394913
RP11-44F14.8	SRR9835609	18
RP11-44F14.8	SRR9835610	7.032818135922393
RP11-44F14.8	SRR9835611	1.001110573697418
RP11-44F14.8	SRR9835612	27.07400093563946
RP11-44F14.8	SRR9835613	14.083600118841876
RP11-44F14.8	SRR9835614	5.050878738022258
RP11-44F14.8	SRR9835615	2.079369299765199
RP11-44F14.8	SRR9835616	23.172498892220503
RP11-44F14.8	SRR9835617	21.49076340635077
RP11-44F14.8	SRR9835618	9.048581387884827
RP11-44F14.8	SRR9835619	12
RP11-44F14.8	SRR9835620	20.097995626890423
RP11-44F14.8	SRR9835621	3.0199944401518444
RP11-44F14.8	SRR9835622	12.03327462263005
RP11-44F14.8	SRR9835623	8.00143931384835
RP11-44F14.8	SRR9835624	9.199903475773361
RP11-44F14.8	SRR9835625	4.012716552278434
RP11-44F14.8	SRR9835626	22.169775269495798
RP11-44F14.8	SRR9835627	8.016690283329007
RP11-44F14.8	SRR9835628	15.108679511951733
RP11-44F14.8	SRR9835629	14.287142316317217
RP11-44F14.8	SRR9835630	1.0557392610180325
RP11-44F14.8	SRR9835631	2.1616353219162674
RP11-44F14.8	SRR9835632	1.002341411462068
RP11-44F14.8	SRR9835633	11.083277765123514
RP11-44F14.8	SRR9835634	7.044719393455457
RP11-44F14.8	SRR9835635	14.138498570220968
RP11-44F14.8	SRR9835636	9.018474441180778
RP11-44F14.8	SRR9835637	24.108515070840006
RP11-44F14.8	SRR9835638	9.089179193957472
RP11-44F14.8	SRR9835639	9.095237074439225
RP11-44F14.8	SRR9835640	10.167278382770977
RP11-44F14.8	SRR9835641	17.066662613062224
RP11-44F14.8	SRR9835642	6.035459613024649
RP11-44F14.8	SRR9835643	11.042369226301233
RP11-44F14.8	SRR9835644	3.009892249098196
RP11-44F14.8	SRR9835645	11.326187516841362
RP11-44F14.8	SRR9835646	12.113522896208266
RP11-44F14.8	SRR9835647	18.043741907535974
RP11-44F14.8	SRR9835648	13.393741597029583
RP11-44F14.8	SRR9835649	2.0239087693770186
RP11-44F14.8	SRR9835650	2.0076862784922294
RP11-44F14.8	SRR9835651	8.00575880929803
RP11-44F14.8	SRR9835652	6.096116497800792
RP11-44F14.8	SRR9835653	6.016745047832367
RP11-44F14.8	SRR9835654	21.213690699693487
RP11-44F14.8	SRR9835655	15.077542710143359
RP11-44F14.8	SRR9835656	17.045935952884534
RP11-44F14.8	SRR9835657	6.090713477725026
RP11-44F14.8	SRR9835658	8.016091744014364
RP11-44F14.8	SRR9835659	8.048372401234877
RP11-44F14.8	SRR9835660	4.0305849342364795
RP11-44F14.8	SRR9835661	6.024326625362561
RP11-44F14.8	SRR9835662	9.11077377574032
RP11-44F14.8	SRR9835663	6.121844163894761
RP11-44F14.8	SRR9835664	24.041419284859515
RP11-44F14.8	SRR9835665	4.016763200847092
RP11-44F14.8	SRR9835666	5
RP11-44F14.8	SRR9835667	5.042212319997829
RP11-44F14.8	SRR9835668	15
RP11-44F14.8	SRR9835669	15.399131949918427
RP11-44F14.8	SRR9835670	6.083668127788873
RP11-44F14.8	SRR9835671	1.013598089847048
RP11-44F14.8	SRR9835672	7.012486735802548
RP11-44F14.8	SRR9835673	13.29668551748803
RP11-44F14.8	SRR9835674	7.003778878644424
RP11-44F14.8	SRR9835675	22.118754503718467
RP11-44F14.8	SRR9835676	6.5348080522148555
RP11-44F14.8	SRR9835677	11.029236915838982
RP11-44F14.8	SRR9835678	5.030454565083268
RP11-44F14.8	SRR9835679	26.05903280896292
RP11-44F14.8	SRR9835680	7.171629547487772
RP11-44F14.8	SRR9835681	24.073185136086757
RP11-44F14.8	SRR9835682	9.54634816701992
RP11-44F14.8	SRR9835683	11.069787560415824
RP11-44F14.8	SRR9835684	5.126505390032588
RP11-44F14.8	SRR9835685	14.071752684859746
RP11-44F14.8	SRR9835686	7.094734921548796
RP11-44F14.8	SRR9835687	8.037617511930193
RP11-44F14.8	SRR9835688	14
RP11-44F14.8	SRR9835689	16.1182313955178
RP11-44F14.8	SRR9835690	9.01810321201616
RP11-44F14.8	SRR9835691	4.036075489006612
RP11-44F14.8	SRR9835692	4.073541092765879
RP11-44F14.8	SRR9835693	5.0204256557325815
RP11-44F14.8	SRR9835694	10.104411930997234
RP11-44F14.8	SRR9835695	9.04707873266444
RP11-44F14.8	SRR9835696	13.128509047976458
RP11-44F14.8	SRR9835697	19.098109374977156
RP11-44F14.8	SRR9835698	26.026135947720203
RP11-44F14.8	SRR9835699	16.025926301718602
RP11-44F14.8	SRR9835700	9.020399174996454
RP11-44F14.8	SRR9835701	27.076435966613165
RP11-44F14.8	SRR9835702	33
RP11-44F14.8	SRR9835703	9.009719739357383
RP11-44F14.8	SRR9835704	16.074644679465806
RP11-44F14.8	SRR9835705	16.063940643177084
RP11-44F14.8	SRR9835706	2.1585270310309586
RP11-44F14.8	SRR9835707	12.013326884369016
RP11-44F14.8	SRR9835708	2.002126405780548
RP11-44F14.8	SRR9835709	15.006977067782923
RP11-44F14.8	SRR9835710	13.189327555846914
RP11-44F14.8	SRR9835711	15.006642730373215
RP11-44F14.8	SRR9835712	14.03530445724896
RP11-44F14.8	SRR9835713	8.015248226107783
RP11-44F14.8	SRR9835714	22.034003447000906
RP11-44F14.8	SRR9835715	8.041297318610185
RP11-44F14.8	SRR9835716	12.035856693102092
RP11-44F14.8	SRR9835717	3.0103637564084114
RP11-44F14.8	SRR9835718	3.046858801576171
RP11-44F14.8	SRR9835719	6.053041951110686
RP11-44F14.8	SRR9835720	10.062994400318303
RP11-44F14.8	SRR9835721	12.183409350046103
RP11-44F14.8	SRR9835722	17.39464160749291
RP11-44F14.8	SRR9835723	18
RP11-44F14.8	SRR9835724	12.084694284947203
RP11-44F14.8	SRR9835725	2.055723346821802
RP11-44F14.8	SRR9835726	13.009358065109298
RP11-44F14.8	SRR9835727	13.089825158310246
RP11-44F14.8	SRR9835728	4.164000543507684
RP11-44F14.8	SRR9835729	17.055138027648333
RP11-44F14.8	SRR9835730	4.015808078788701
RP11-44F14.8	SRR9835731	1.0511406103696055
RP11-44F14.8	SRR9835732	16.075674608134655
RP11-44F14.8	SRR9835733	30.13522739768853
RP11-44F14.8	SRR9835734	16.042036023718197
RP11-44F14.8	SRR9835735	13.0238059159967
RP11-44F14.8	SRR9835736	9.110345338155835
RP11-44F14.8	SRR9835737	22.04772046672292
RP11-44F14.8	SRR9835738	9.01620539658334
RP11-44F14.8	SRR9835739	9.248560062686414
RP11-44F14.8	SRR9835740	6.181422769742193
RP11-44F14.8	SRR9835741	6.032058046825393
RP11-44F14.8	SRR9835742	26.4919827270006
RP11-44F14.8	SRR9835743	9.310309442963925
RP11-44F14.8	SRR9835744	15.087983709328329
RP11-44F14.8	SRR9835745	25.566529971974862
RP11-44F14.8	SRR9835746	11.122245870444635
RP11-44F14.8	SRR9835747	8.043157523780764
RP11-44F14.8	SRR9835748	19.586202550992464
RP11-44F14.8	SRR9835749	18
RP11-44F14.8	SRR9835750	27.22728561659452
RP11-44F14.8	SRR9835751	4.03319727021994
RP11-44F14.8	SRR9835752	13.532623006333809
RP11-44F14.8	SRR9835753	7.076927430374247
RP11-44F14.8	SRR9835754	6.008192707992863
RP11-44F14.8	SRR9835755	6.090059183010559
RP11-44F14.8	SRR9835756	4.187540865324473
RP11-44F14.8	SRR9835757	6.024326625362561
RP11-44F14.8	SRR9835758	18.105277181637717
RP11-44F14.8	SRR9835759	11.073127468568762
RP11-44F14.8	SRR9835760	12
RP11-44F14.8	SRR9835761	23.004138027314003
RP11-44F14.8	SRR9835762	3.308842782179769
RP11-44F14.8	SRR9835763	21.061752560353906
RP11-44F14.8	SRR9835764	18.049189808189304
RP11-44F14.8	SRR9835765	3.447138225533222
RP11-44F14.8	SRR9835766	8.212262719575358
RP11-44F14.8	SRR9835767	13.486906514747739
RP11-44F14.8	SRR9835768	14
RP11-44F14.8	SRR9835769	21
RP11-44F14.8	SRR9835770	17.344653881441644
RP11-44F14.8	SRR9835771	19.10418944806368
RP11-44F14.8	SRR9835772	8.102049270457973
RP11-44F14.8	SRR9835773	37
RP11-44F14.8	SRR9835774	6.21351502784925
RP11-44F14.8	SRR9835775	14.072608913175422
RP11-44F14.8	SRR9835776	3.0098222465533446
RP11-44F14.8	SRR9835777	23.0562786314542
RP11-44F14.8	SRR9835778	9.038543419300382
RP11-44F14.8	SRR9835779	16.11363623257684
RP11-44F14.8	SRR9835780	13.020847016526217
RP11-44F14.8	SRR9835781	5.127915501700574
RP11-44F14.8	SRR9835782	12.060764903473574
RP11-44F14.8	SRR9835783	31
RP11-44F14.8	SRR9835784	12.049754724324345
RP11-44F14.8	SRR9835785	10.441860904847312
RP11-44F14.8	SRR9835786	1.009929843520005
RP11-44F14.8	SRR9835787	14.040549238249646
RP11-44F14.8	SRR9835788	9.015134698349216
RP11-44F14.8	SRR9835789	14
RP11-44F14.8	SRR9835790	18.13110221818006
RP11-44F14.8	SRR9835791	6.167193744794107
RP11-44F14.8	SRR9835792	16.910160291804704
RP11-44F14.8	SRR9835793	7.014365989257516
RP11-44F14.8	SRR9835794	13.002338885003567
RP11-44F14.8	SRR9835795	1.0573932890447866
RP11-44F14.8	SRR9835796	8.04636216740573
RP11-44F14.8	SRR9835797	10
RP11-44F14.8	SRR9835798	17.027546695576014
RP11-44F14.8	SRR9835799	15.030583026600066
RP11-44F14.8	SRR9835800	4.0047412953778885
RP11-44F14.8	SRR9835801	14.070937753652085
RP11-44F14.8	SRR9835802	8.032215856056904
RP11-44F14.8	SRR9867812	8.710826478988135
RP11-44F14.8	SRR9867813	15.032316379895432
RP11-44F14.8	SRR9867814	9.907367426558197
RP11-44F14.8	SRR9867815	19.096044908952283
RP11-44F14.8	SRR9867816	39
RP11-44F14.8	SRR9867817	6.078415682493212
RP11-44F14.8	SRR9867818	22
RP11-44F14.8	SRR9867819	2.0731743505174625
RP11-44F14.8	SRR9867820	48
RP11-44F14.8	SRR9867821	59
RP11-44F14.8	SRR9867822	5.051243647751967
RP11-44F14.8	SRR9867823	35.087972883898246
RP11-44F14.8	SRR9867824	58.21413692558772
RP11-44F14.8	SRR9867825	5.417145957713331
RP11-44F14.8	SRR9867826	10.139966328647162
RP11-44F14.8	SRR9867827	19.828369933670754
RP11-44F14.8	SRR9867828	9.097120252522654
RP11-44F14.8	SRR9867829	29.086098221000672
RP11-44F14.8	SRR9867830	30
RP11-44F14.8	SRR9867831	11.504047046889337
RP11-44F14.8	SRR9879292	107.35461981771083
RP11-44F14.8	SRR9879293	29.42211730485862
RP11-44F14.8	SRR9879294	14.280963430331235
RP11-44F14.8	SRR9879295	23.45362882253229
RP11-44F14.8	SRR9879296	18.215554850093472
RP11-44F14.8	SRR9879297	35.54227440716692
RP11-44F14.8	SRR9879298	68.72446385592988
RP11-44F14.8	SRR9879299	87.25344605242393
RP11-44F14.8	SRR9879300	47.68906007907586
RP11-44F14.8	SRR9879301	69.02483039735404
RP11-44F14.8	SRR9879302	39.403316205089254
RP11-44F14.8	SRR9879303	60.25061540514537
RP11-44F14.8	SRR9879304	41.68494461237348
RP11-44F14.8	SRR9879305	57.57459798853076
RP11-44F14.8	SRR9879306	77
RP11-44F14.8	SRR9879307	41.67826362292094
RP11-44F14.8	SRR9879308	32.36430916547437
RP11-44F14.8	SRR9879309	28.298391595366414
RP11-44F14.8	T50_307	1.0053671982704868
RP11-44F14.8	T50_313	1.016019416300132
RP11-44F14.8	T50_317	1.0164068767314205
RP11-44F14.8	T50_324	1.0105775508373083
RP11-44F14.8	T50_427	1.0156539222354464
RP11-44F14.8	T50_428	1.0065410016108964
RP11-44F14.8	T50_431	1.0047497319970449
RP11-44F14.8	T50_436	1.0071833620330328
RP11-44F14.8	T50_476	1.0072834565655588
RP11-44F14.8	UN_307	1.0128719438885714
RP11-44F14.8	UN_313	1.0139486719753832
RP11-44F14.8	UN_317	1.007999716801276
RP11-44F14.8	UN_323	1.0090464643103707
RP11-44F14.8	UN_324	1.0213963291259884
RP11-44F14.8	UN_427	1.007704297162079
RP11-44F14.8	UN_428	1.0098893750946523
RP11-44F14.8	UN_431	1.009106991032158
RP11-44F14.8	UN_436	1.0071022645360526
RP11-44F14.8	UN_476	1.0088711650740816
