Gene	sample	counts
RP11-395A13.2	CM317	23.14753511201826
RP11-395A13.2	CMCD140	10.094128350688559
RP11-395A13.2	CMCD147	53.06328614396045
RP11-395A13.2	CMCD152	122
RP11-395A13.2	CMCD154	125.22751654517148
RP11-395A13.2	CMCD159	1.0863042186135794
RP11-395A13.2	CMCD161	110.33692429012922
RP11-395A13.2	CMCD174	1.092629434806816
RP11-395A13.2	CMCD196	138.2589912051669
RP11-395A13.2	CMCD198	18.530923371030845
RP11-395A13.2	CMCD203	123.39843547996463
RP11-395A13.2	CMCD211	102.8324732745843
RP11-395A13.2	CMCD227	57.5477351773419
RP11-395A13.2	CMCD240	84.62690954275196
RP11-395A13.2	CMCD259	112
RP11-395A13.2	CMCD270	44.22839579378981
RP11-395A13.2	CMCD275	61.52088340401559
RP11-395A13.2	CMCD282	20.263215738503934
RP11-395A13.2	CMCD286	66.91777258974767
RP11-395A13.2	CMCD287	72
RP11-395A13.2	CMCD294	1.0639520056991958
RP11-395A13.2	CMCD327	55.282633300140596
RP11-395A13.2	CMCD335	120.56465139278075
RP11-395A13.2	CMCD337	122.81426644500422
RP11-395A13.2	CMCD357	18.38070835535633
RP11-395A13.2	CMCD398	36.216084877248974
RP11-395A13.2	CMCD403	78.56011833726055
RP11-395A13.2	CMCD422	68.14186740829656
RP11-395A13.2	CMCD426	6.684281767083742
RP11-395A13.2	CMCD71	36.22990676499861
RP11-395A13.2	CMCD72	9.208600049321532
RP11-395A13.2	CMCD76	138.3170155225297
RP11-395A13.2	CMCD88	113.02033030810793
RP11-395A13.2	CMSA256	90
RP11-395A13.2	CMSA316	116.94592332917055
RP11-395A13.2	CMUC110	97
RP11-395A13.2	CMUC192	29.39035304264214
RP11-395A13.2	CMUC199	3.084562216249444
RP11-395A13.2	CMUC200	67.15687456795854
RP11-395A13.2	CMUC208	58.14192002714538
RP11-395A13.2	CMUC231	122
RP11-395A13.2	CMUC234	66
RP11-395A13.2	CMUC285	39.433950560346155
RP11-395A13.2	CMUC291	61.40286653066151
RP11-395A13.2	CMUC295	109.09808854461947
RP11-395A13.2	CMUC299	99.28977620217414
RP11-395A13.2	CMUC301	66.03562942721886
RP11-395A13.2	CMUC307	70.1932131098852
RP11-395A13.2	CMUC313	30.21920042577595
RP11-395A13.2	CMUC314	68.63002333433174
RP11-395A13.2	CMUC323	38.91598646187102
RP11-395A13.2	CMUC324	76.0683920127622
RP11-395A13.2	CMUC331	41.37545591741634
RP11-395A13.2	CMUC333	48.09222143818144
RP11-395A13.2	CMUC334	58.87075441522505
RP11-395A13.2	CMUC346	74.80285441533783
RP11-395A13.2	CMUC352	71.42983154998241
RP11-395A13.2	CMUC360	41.05904904091833
RP11-395A13.2	CMUC363	8.211004541634628
RP11-395A13.2	CMUC365	47.314540030285535
RP11-395A13.2	CMUC366	75.25117454060057
RP11-395A13.2	CMUC368	95
RP11-395A13.2	CMUC377	82.334715296891
RP11-395A13.2	CMUC379	1.0708063663103926
RP11-395A13.2	CMUC380	28.511739881919276
RP11-395A13.2	CMUC383	25.357149416160283
RP11-395A13.2	CMUC394	29.221029100820747
RP11-395A13.2	CMUC419	21.523934298210072
RP11-395A13.2	CMUC427	144
RP11-395A13.2	CMUC428	75.47602939652342
RP11-395A13.2	CMUC431	77.14311372589403
RP11-395A13.2	CMUC435	84.42163164844195
RP11-395A13.2	CMUC439	53.34111370181816
RP11-395A13.2	CMUC89	94
RP11-395A13.2	CS219	78.19324823418391
RP11-395A13.2	CS256	88.20150994587574
RP11-395A13.2	CS257	10.944271775349646
RP11-395A13.2	CS259	102.15765234518602
RP11-395A13.2	CS261	16.381168570942844
RP11-395A13.2	CS266	49.71747000884979
RP11-395A13.2	CS270	27.351256609705732
RP11-395A13.2	CS277	7.717955951543688
RP11-395A13.2	CS288	64.5770066019719
RP11-395A13.2	CS290	43.34364166074385
RP11-395A13.2	CS292	33.46132453403287
RP11-395A13.2	CS293	25.421214793410353
RP11-395A13.2	CS301	21.561662716833936
RP11-395A13.2	CS306	16.621784731106217
RP11-395A13.2	CS308	43.11621783866069
RP11-395A13.2	CS315	44.204786151239105
RP11-395A13.2	CS317	1.0722984600508352
RP11-395A13.2	CS322	72.96614873874819
RP11-395A13.2	CS327	60.28562263415439
RP11-395A13.2	CS328	1.0566294945036847
RP11-395A13.2	CS330	1.0768616883015538
RP11-395A13.2	CS331	35.65798615124621
RP11-395A13.2	CS335	3.0288724156343774
RP11-395A13.2	CS338	27.832482958898098
RP11-395A13.2	CS339	4.68301909561387
RP11-395A13.2	CS343	43.347393213957425
RP11-395A13.2	CS344	20.282625121825323
RP11-395A13.2	CS350	7.162666134947863
RP11-395A13.2	CS351	43.35741146534148
RP11-395A13.2	CS361	15.359855907594223
RP11-395A13.2	CS388	41.398531296435124
RP11-395A13.2	CS396	27.294402502345587
RP11-395A13.2	CS405	44.091015559216096
RP11-395A13.2	CS415	72.15222159486638
RP11-395A13.2	CS424	12.45146353755099
RP11-395A13.2	IM293	62.330678155125796
RP11-395A13.2	IM296	1.0674965693084089
RP11-395A13.2	IM297	1.098769887658002
RP11-395A13.2	IM300	161
RP11-395A13.2	IM305	53.53265452828115
RP11-395A13.2	IM309	1.068243382745569
RP11-395A13.2	IM310	88.19710085014744
RP11-395A13.2	IM311	120.48475438028437
RP11-395A13.2	IM316	45.23338579234957
RP11-395A13.2	IM320	45.04721874295271
RP11-395A13.2	IM330	37.39199569914649
RP11-395A13.2	IM332	6.183645410536877
RP11-395A13.2	IM340	1.056280146775053
RP11-395A13.2	IM348	19.702267791425314
RP11-395A13.2	IM354	67.4856622006754
RP11-395A13.2	IM356	3.025830157343426
RP11-395A13.2	IM364	52.904107541113135
RP11-395A13.2	IM372	11.999888614419474
RP11-395A13.2	IM374	50.37367344849066
RP11-395A13.2	IM376	13.197262039862988
RP11-395A13.2	IM381	53.66545692294143
RP11-395A13.2	IM382	25.79601503962241
RP11-395A13.2	IM385	138
RP11-395A13.2	IM390	16.459260787939407
RP11-395A13.2	IM397	26.296001196947923
RP11-395A13.2	IM404	119.34301931540742
RP11-395A13.2	IM409	75.42967429096018
RP11-395A13.2	IM412	29
RP11-395A13.2	IM421	55.87441550673852
RP11-395A13.2	IM425	1.0543133661346646
RP11-395A13.2	IM432	44.80661766570081
RP11-395A13.2	IM438	117
RP11-395A13.2	IM442	32.32090157168151
RP11-395A13.2	IM445	59.68173303174582
RP11-395A13.2	IM448	1.0230255913150224
RP11-395A13.2	IM449	69.58281442104685
RP11-395A13.2	IM451	74.38378996964151
RP11-395A13.2	IMSA256	28.11477818995039
RP11-395A13.2	IMSA276	90
RP11-395A13.2	IMSA286	91
RP11-395A13.2	IMSA343	50.62603934401359
RP11-395A13.2	IS_238	73
RP11-395A13.2	IS238	209.85084539196782
RP11-395A13.2	IS243	138
RP11-395A13.2	IS253	101
RP11-395A13.2	IS283	144
RP11-395A13.2	IS322	40.42558895789774
RP11-395A13.2	IS399	17.123300323862626
RP11-395A13.2	IS418	10.947511027862358
RP11-395A13.2	IS430	13.017058077964997
RP11-395A13.2	IS437	21.644767574487535
RP11-395A13.2	IS444	22.832693898284727
RP11-395A13.2	R276CMSA	11.714180838690613
RP11-395A13.2	R286CMSA	61
RP11-395A13.2	R292CMSA	87.36606300520894
RP11-395A13.2	R292IMSA	2.1537501387955147
RP11-395A13.2	R308CMSA	28.89957210913226
RP11-395A13.2	R316IMSA	54.05284786083013
RP11-395A13.2	R347CMSA	1.0679448775774594
RP11-395A13.2	R347IMSA	21.30816982556239
RP11-395A13.2	R371CMSA	63.25176628250976
RP11-395A13.2	SRR10104064	1.1130827181735787
RP11-395A13.2	SRR10104065	1.0058655806218886
RP11-395A13.2	SRR10104066	3.0562690021078818
RP11-395A13.2	SRR10104067	1.0232571372704031
RP11-395A13.2	SRR10104068	2.009342953085046
RP11-395A13.2	SRR10104069	2.022981604849898
RP11-395A13.2	SRR10104070	1.0295865545572511
RP11-395A13.2	SRR10104071	1.1619835297694339
RP11-395A13.2	SRR10104072	1.071723239794756
RP11-395A13.2	SRR10104073	2.0916715754495523
RP11-395A13.2	SRR10104074	1.099722320793923
RP11-395A13.2	SRR10104075	1.1547542285600578
RP11-395A13.2	SRR10104076	1.0278239688724724
RP11-395A13.2	SRR10104077	1.1040752320803593
RP11-395A13.2	SRR10104078	2.0838428032336607
RP11-395A13.2	SRR10104079	1.092856600461782
RP11-395A13.2	SRR10104080	3.3762842740809194
RP11-395A13.2	SRR10104081	3.047680854576845
RP11-395A13.2	SRR10104082	1.085647260281074
RP11-395A13.2	SRR10104083	2.131193412881832
RP11-395A13.2	SRR10104084	1.0701241548355385
RP11-395A13.2	SRR10104085	1.0224852129879336
RP11-395A13.2	SRR10104086	2.0498660311026504
RP11-395A13.2	SRR10104087	1.0032098048981044
RP11-395A13.2	SRR10104088	2.0182376595862515
RP11-395A13.2	SRR10104089	1.1387124115642702
RP11-395A13.2	SRR10104090	2.053010987024463
RP11-395A13.2	SRR10104091	1.0429313075146665
RP11-395A13.2	SRR10104092	1.0127653613232732
RP11-395A13.2	SRR10104093	1.0347712127539488
RP11-395A13.2	SRR10104094	4.137776329819378
RP11-395A13.2	SRR10104095	1.0555296586127236
RP11-395A13.2	SRR10104096	2.2999987658268206
RP11-395A13.2	SRR10104097	3.1962988792223257
RP11-395A13.2	SRR10104098	2.0599330882606965
RP11-395A13.2	SRR10104099	3.144944458515292
RP11-395A13.2	SRR10104100	3.0878401679815024
RP11-395A13.2	SRR10104101	3.0167364521490883
RP11-395A13.2	SRR10104102	3.0460619054163285
RP11-395A13.2	SRR10104103	3.1599291031421752
RP11-395A13.2	SRR10104104	1.0155160029658645
RP11-395A13.2	SRR10104105	2.1675839769001293
RP11-395A13.2	SRR10104106	1.1337110372727635
RP11-395A13.2	SRR10104107	3.028764685273598
RP11-395A13.2	SRR10104108	1.0068598403855975
RP11-395A13.2	SRR10104109	1.122307744225592
RP11-395A13.2	SRR10104110	1.1932010382175424
RP11-395A13.2	SRR10104111	1.0329711095071032
RP11-395A13.2	SRR10104112	1.189872391069202
RP11-395A13.2	SRR10104113	1.0362854178746606
RP11-395A13.2	SRR10104114	1.1753108824133915
RP11-395A13.2	SRR10104115	1.1481195623107094
RP11-395A13.2	SRR10104116	1.0476231912417615
RP11-395A13.2	SRR10104117	1.0392927622091388
RP11-395A13.2	SRR10104118	1.1479902353871632
RP11-395A13.2	SRR10104119	1.1922096850664645
RP11-395A13.2	SRR10104120	1.0274397025883788
RP11-395A13.2	SRR10104121	1.0845670123047944
RP11-395A13.2	SRR10104122	1.0930951060141245
RP11-395A13.2	SRR10104123	1.085068060584876
RP11-395A13.2	SRR10104124	1.1194016065014738
RP11-395A13.2	SRR10104125	1.1032322088701674
RP11-395A13.2	SRR10104126	1.0403589846827273
RP11-395A13.2	SRR10104127	1.1896601506984525
RP11-395A13.2	SRR10104128	1.0289581177608564
RP11-395A13.2	SRR10104129	1.0264252644778067
RP11-395A13.2	SRR10104130	6.25261363840715
RP11-395A13.2	SRR10104131	5.056768723488842
RP11-395A13.2	SRR10104132	4.028943174673435
RP11-395A13.2	SRR10104133	2.3356208229503665
RP11-395A13.2	SRR10104134	1.0304204630626266
RP11-395A13.2	SRR10104135	1.1047925227370805
RP11-395A13.2	SRR10104136	2.030106896937801
RP11-395A13.2	SRR10104137	1.1111543351913287
RP11-395A13.2	SRR10104138	1.1987125395645137
RP11-395A13.2	SRR10104139	1.0113843011015555
RP11-395A13.2	SRR10104140	1.1457522859106466
RP11-395A13.2	SRR10104141	2.1224364154185893
RP11-395A13.2	SRR10104142	1.0527512259784992
RP11-395A13.2	SRR10104143	4.032774045801032
RP11-395A13.2	SRR10104144	1.0610832116326332
RP11-395A13.2	SRR10104145	1.064530164787135
RP11-395A13.2	SRR10104146	1.009628265187365
RP11-395A13.2	SRR10104147	5.008545122843224
RP11-395A13.2	SRR10104148	2.1062931336637565
RP11-395A13.2	SRR10104149	1.0479500129388701
RP11-395A13.2	SRR10104150	1.0116520854708597
RP11-395A13.2	SRR10104151	2.0153197263175207
RP11-395A13.2	SRR10104152	2.011246319240141
RP11-395A13.2	SRR10104153	2.210171934048563
RP11-395A13.2	SRR10104154	1.0306607864494586
RP11-395A13.2	SRR10104155	1.0906050803328398
RP11-395A13.2	SRR10104156	7.028470063192146
RP11-395A13.2	SRR10104157	1.0501594045532703
RP11-395A13.2	SRR10104158	1.0205995039478943
RP11-395A13.2	SRR10104159	3.0380183519329704
RP11-395A13.2	SRR10104160	1.1286682368212853
RP11-395A13.2	SRR10104161	3.0051774106074394
RP11-395A13.2	SRR10104162	1.0204815952038468
RP11-395A13.2	SRR10104163	1.0302878151561219
RP11-395A13.2	SRR10104164	3.0590395474724192
RP11-395A13.2	SRR10104165	1.03911950298106
RP11-395A13.2	SRR10104166	1.0411103906912247
RP11-395A13.2	SRR10104167	1.0226405407254509
RP11-395A13.2	SRR10104168	1.0290037923240252
RP11-395A13.2	SRR10104169	1.0249138391060775
RP11-395A13.2	SRR10104170	1.0302024526513764
RP11-395A13.2	SRR10104171	1.0241039729391117
RP11-395A13.2	SRR10104172	1.03424738641328
RP11-395A13.2	SRR10104173	1.0618085302182145
RP11-395A13.2	SRR10104174	1.034206476188313
RP11-395A13.2	SRR10104175	5.113305994394973
RP11-395A13.2	SRR10104176	3.067809159627096
RP11-395A13.2	SRR10104177	2.050912913482905
RP11-395A13.2	SRR10104178	2.0773914491770347
RP11-395A13.2	SRR10104179	1.0349830414340861
RP11-395A13.2	SRR10104180	1.0220069065577857
RP11-395A13.2	SRR10104181	1.027045780065536
RP11-395A13.2	SRR10104182	1.0354701224080693
RP11-395A13.2	SRR10104183	1.0485327945215122
RP11-395A13.2	SRR10104184	1.0213982799506043
RP11-395A13.2	SRR10104185	1.0655022783512398
RP11-395A13.2	SRR10104186	1.0334077154577568
RP11-395A13.2	SRR10104187	1.0797577801431373
RP11-395A13.2	SRR10104188	1.0555862389878126
RP11-395A13.2	SRR10104189	1.0614348924771675
RP11-395A13.2	SRR10104190	1.1491016556665985
RP11-395A13.2	SRR10104191	1.1421287584167092
RP11-395A13.2	SRR10104192	1.0261807524628852
RP11-395A13.2	SRR10104193	1.0402803652655077
RP11-395A13.2	SRR10104194	1.0434484830599333
RP11-395A13.2	SRR10104195	1.0425282185704265
RP11-395A13.2	SRR10104196	1.0410873692447795
RP11-395A13.2	SRR10104197	1.0169436235163218
RP11-395A13.2	SRR10104198	1.0259518061643405
RP11-395A13.2	SRR10104199	1.0845523092555243
RP11-395A13.2	SRR10104200	1.0357609839017698
RP11-395A13.2	SRR10104201	1.026296611985634
RP11-395A13.2	SRR10104202	1.0684453214497531
RP11-395A13.2	SRR10104203	2.0454392168060136
RP11-395A13.2	SRR10104204	1.0316115330113982
RP11-395A13.2	SRR10104205	1.0269817679691475
RP11-395A13.2	SRR10104206	2.0580368107974585
RP11-395A13.2	SRR10104207	4.131594303674321
RP11-395A13.2	SRR10104208	1.0176894368252343
RP11-395A13.2	SRR10104209	1.0231987105755664
RP11-395A13.2	SRR10104210	3.079393185152615
RP11-395A13.2	SRR10104211	1.0187996043213206
RP11-395A13.2	SRR10104212	1.0187854652070223
RP11-395A13.2	SRR10104213	1.0607243748787123
RP11-395A13.2	SRR10104214	1.0302508387945404
RP11-395A13.2	SRR10104215	1.0107265960976537
RP11-395A13.2	SRR10104216	1.062180780035933
RP11-395A13.2	SRR10104217	1.0250110331492008
RP11-395A13.2	SRR10104218	1.0655646431950403
RP11-395A13.2	SRR10104219	1.0652648347042482
RP11-395A13.2	SRR10104220	1.0355693278203462
RP11-395A13.2	SRR10104221	1.090516632710812
RP11-395A13.2	SRR10104222	1.0387327316632746
RP11-395A13.2	SRR10104223	1.1801672204919216
RP11-395A13.2	SRR10104224	1.0254993311004128
RP11-395A13.2	SRR10104225	1.031660376130715
RP11-395A13.2	SRR10104226	1.0392769039353207
RP11-395A13.2	SRR10104227	1.0779388239392174
RP11-395A13.2	SRR10104228	1.1232105220166013
RP11-395A13.2	SRR10104229	1.0373617848705414
RP11-395A13.2	SRR10104230	1.1040752320803593
RP11-395A13.2	SRR10104231	1.07822501247679
RP11-395A13.2	SRR10104232	1.0611514448074382
RP11-395A13.2	SRR10104233	1.0734096428277802
RP11-395A13.2	SRR10104234	1.0234328696081605
RP11-395A13.2	SRR10104235	1.0441915254956329
RP11-395A13.2	SRR10104236	1.0093068320098109
RP11-395A13.2	SRR10104237	2.037129594376186
RP11-395A13.2	SRR10104238	1.0719766937133695
RP11-395A13.2	SRR10104239	1.0633581535162346
RP11-395A13.2	SRR10104240	1.0749579917487644
RP11-395A13.2	SRR10104241	1.0409403926955196
RP11-395A13.2	SRR10104242	1.0656340036600613
RP11-395A13.2	SRR10104243	1.0687486815714031
RP11-395A13.2	SRR10104244	1.0398815876953509
RP11-395A13.2	SRR10104245	1.0418117622330036
RP11-395A13.2	SRR10104246	1.108828569841403
RP11-395A13.2	SRR10104247	1.0579544780318526
RP11-395A13.2	SRR10104248	1.076529224426155
RP11-395A13.2	SRR10104249	1.0273315870858695
RP11-395A13.2	SRR10104250	1.157197552838617
RP11-395A13.2	SRR10104251	1.0471142307724335
RP11-395A13.2	SRR10104252	1.1838765721178106
RP11-395A13.2	SRR10104253	1.09991256534321
RP11-395A13.2	SRR10104254	1.0374696909056962
RP11-395A13.2	SRR10104255	1.031244552450183
RP11-395A13.2	SRR10104256	1.0295241963821637
RP11-395A13.2	SRR10104257	1.038122821814693
RP11-395A13.2	SRR10104258	1.0309181491976231
RP11-395A13.2	SRR10224277	28.68784418699166
RP11-395A13.2	SRR10224278	2.1885696380150126
RP11-395A13.2	SRR10224279	1.0908476973919505
RP11-395A13.2	SRR10224280	12.274022573292644
RP11-395A13.2	SRR10224281	1.016181154880479
RP11-395A13.2	SRR10224282	15.760261391801661
RP11-395A13.2	SRR10224283	1.04241966767901
RP11-395A13.2	SRR10224284	1.1113405704367834
RP11-395A13.2	SRR10224285	1.1302600125483513
RP11-395A13.2	SRR10224286	1.0254727500696328
RP11-395A13.2	SRR10224287	3.1026194285649393
RP11-395A13.2	SRR10224288	1.0982502736059643
RP11-395A13.2	SRR10224289	4.382298234070384
RP11-395A13.2	SRR10224290	1.0979938990127511
RP11-395A13.2	SRR10224291	1.031258864476703
RP11-395A13.2	SRR10224292	1.0118994173300337
RP11-395A13.2	SRR10224293	3.0924764018557527
RP11-395A13.2	SRR10224294	1.0583494992707134
RP11-395A13.2	SRR10224295	1.0871371976243258
RP11-395A13.2	SRR10224296	6.330637630226892
RP11-395A13.2	SRR10224297	1.1298237190995832
RP11-395A13.2	SRR10224298	4.133067777122139
RP11-395A13.2	SRR10318388	49.37066069593729
RP11-395A13.2	SRR10318389	76.3654021476332
RP11-395A13.2	SRR10318390	34.42667490204117
RP11-395A13.2	SRR10318391	54.6581670925112
RP11-395A13.2	SRR10318392	33.4674849982486
RP11-395A13.2	SRR10318393	74.21557480321115
RP11-395A13.2	SRR10318394	48.65288231150681
RP11-395A13.2	SRR10318395	22.100147721252448
RP11-395A13.2	SRR10318396	44.363162434748915
RP11-395A13.2	SRR10318397	57.34563069734531
RP11-395A13.2	SRR10318398	57.20467939926081
RP11-395A13.2	SRR10318399	33.607365987477316
RP11-395A13.2	SRR10318400	35.52604815053007
RP11-395A13.2	SRR10318401	59.21809253847584
RP11-395A13.2	SRR10318402	65.28015420470987
RP11-395A13.2	SRR10318403	40.198448845579925
RP11-395A13.2	SRR10318404	42.07492041481529
RP11-395A13.2	SRR10318405	34.08573939617605
RP11-395A13.2	SRR10318406	45.21036220764305
RP11-395A13.2	SRR10318407	56.5597984418687
RP11-395A13.2	SRR10318408	65.20108473896511
RP11-395A13.2	SRR10318409	73.23201386656021
RP11-395A13.2	SRR10318410	51.21076489259299
RP11-395A13.2	SRR10318411	54.19961011996093
RP11-395A13.2	SRR10318412	36.1782763045812
RP11-395A13.2	SRR10318413	54.21293804460791
RP11-395A13.2	SRR10318414	44.26604820679182
RP11-395A13.2	SRR10318415	56.36984468388598
RP11-395A13.2	SRR10318416	59.59753146744527
RP11-395A13.2	SRR10318417	51.37373661947
RP11-395A13.2	SRR10318418	41.157012012129556
RP11-395A13.2	SRR10318419	42.17157550815368
RP11-395A13.2	SRR10318420	40.07324897229754
RP11-395A13.2	SRR10318421	54.26219543423382
RP11-395A13.2	SRR10318422	43.0929276619252
RP11-395A13.2	SRR10318423	38.060937432922785
RP11-395A13.2	SRR10318424	56.11946215094562
RP11-395A13.2	SRR10318425	31.205584862330312
RP11-395A13.2	SRR10318426	37.24953498959826
RP11-395A13.2	SRR10318427	22.165047997874215
RP11-395A13.2	SRR10318428	65.09074407659742
RP11-395A13.2	SRR10318429	34.13727906600897
RP11-395A13.2	SRR10318430	47.41599764688292
RP11-395A13.2	SRR10318431	50.26307027075632
RP11-395A13.2	SRR10318432	39.070223385194474
RP11-395A13.2	SRR10318433	2.551055498147598
RP11-395A13.2	SRR10318434	60.190110575019915
RP11-395A13.2	SRR10318435	85.51604451229784
RP11-395A13.2	SRR10318436	65.18448910124091
RP11-395A13.2	SRR10318437	38.027354344165644
RP11-395A13.2	SRR10318438	56.072278513242566
RP11-395A13.2	SRR10318439	62.25622398707383
RP11-395A13.2	SRR10318440	58.928936151359395
RP11-395A13.2	SRR10318441	71.19934232592865
RP11-395A13.2	SRR10318442	27.785626014651648
RP11-395A13.2	SRR10318443	51.11855573135493
RP11-395A13.2	SRR10318444	54.474799785458664
RP11-395A13.2	SRR10318445	31.38519839689684
RP11-395A13.2	SRR10318446	50.200508224753385
RP11-395A13.2	SRR10318447	50.537066465787355
RP11-395A13.2	SRR10318448	53.38040548949939
RP11-395A13.2	SRR10318449	39.08198005768128
RP11-395A13.2	SRR10318450	61.329273851219384
RP11-395A13.2	SRR10318451	62
RP11-395A13.2	SRR10318452	49.3110058723953
RP11-395A13.2	SRR10318453	32.64410541443007
RP11-395A13.2	SRR10318454	74.35475878791628
RP11-395A13.2	SRR10318455	25.153810640942112
RP11-395A13.2	SRR10318456	41.274385983866104
RP11-395A13.2	SRR10318457	59.09740976910359
RP11-395A13.2	SRR10318458	31.404883761503267
RP11-395A13.2	SRR10318459	49.32688932412911
RP11-395A13.2	SRR10318460	64.25884656207342
RP11-395A13.2	SRR10318461	77.27649673233478
RP11-395A13.2	SRR10318462	72.49069070853994
RP11-395A13.2	SRR10318463	57.18235303697339
RP11-395A13.2	SRR10318464	64.40878856455595
RP11-395A13.2	SRR10318465	52.052271895440406
RP11-395A13.2	SRR10318466	68.6509281142742
RP11-395A13.2	SRR10318467	41.21169640159071
RP11-395A13.2	SRR10318468	31.30772420921435
RP11-395A13.2	SRR10318469	64.23914498288839
RP11-395A13.2	SRR10318470	117
RP11-395A13.2	SRR10318471	59
RP11-395A13.2	SRR10318472	62.27862756358631
RP11-395A13.2	SRR10318473	68.2687373394079
RP11-395A13.2	SRR10318474	51.21841270936883
RP11-395A13.2	SRR10318475	63.258422844599544
RP11-395A13.2	SRR10318476	42.155822514859686
RP11-395A13.2	SRR10318495	43.0509689253123
RP11-395A13.2	SRR10318496	61.54528619096646
RP11-395A13.2	SRR10318497	33.190520200373165
RP11-395A13.2	SRR10318498	40.03778150851877
RP11-395A13.2	SRR10318499	33.04012568085169
RP11-395A13.2	SRR10318500	37.21567224908479
RP11-395A13.2	SRR10318501	40.19722003089874
RP11-395A13.2	SRR10318502	45.02429279128559
RP11-395A13.2	SRR10318503	30.057180847904185
RP11-395A13.2	SRR10318504	49.33426333250404
RP11-395A13.2	SRR10318505	28.020155832543104
RP11-395A13.2	SRR10318506	52.63128457902469
RP11-395A13.2	SRR10318507	49.60175981464319
RP11-395A13.2	SRR10318508	59.810396032975376
RP11-395A13.2	SRR10318509	60.423276612752595
RP11-395A13.2	SRR10318510	63.511894755841446
RP11-395A13.2	SRR10318511	65.08190517223929
RP11-395A13.2	SRR10318512	49.379847129225766
RP11-395A13.2	SRR10318513	66.22305794910972
RP11-395A13.2	SRR10318514	53.24663479941591
RP11-395A13.2	SRR10318515	57.69454591675984
RP11-395A13.2	SRR10318516	52.3144206080267
RP11-395A13.2	SRR10318517	45.12159516940024
RP11-395A13.2	SRR10318518	37.271608528615175
RP11-395A13.2	SRR10318519	54.260536708977064
RP11-395A13.2	SRR10318520	46.09252752808259
RP11-395A13.2	SRR10318521	50.18376377146084
RP11-395A13.2	SRR10318522	35.04886219509091
RP11-395A13.2	SRR10318523	78.17918268664722
RP11-395A13.2	SRR10318524	47.37286468414695
RP11-395A13.2	SRR10318525	29.18366995655202
RP11-395A13.2	SRR10318526	54.35823821077638
RP11-395A13.2	SRR10318527	76.02734942317257
RP11-395A13.2	SRR10318528	42.108351974165174
RP11-395A13.2	SRR10318529	50.113328749980305
RP11-395A13.2	SRR10318530	49.33790439740798
RP11-395A13.2	SRR10318531	22.199394056007353
RP11-395A13.2	SRR10318532	58.49323898290677
RP11-395A13.2	SRR10318533	61.419197642614606
RP11-395A13.2	SRR10318534	31.55427420098527
RP11-395A13.2	SRR10318535	32.505683918892885
RP11-395A13.2	SRR10318536	56.23218871351361
RP11-395A13.2	SRR10318537	25.277058813064215
RP11-395A13.2	SRR10318538	36.068617017485025
RP11-395A13.2	SRR10318539	38.28511039183099
RP11-395A13.2	SRR10318540	24.133153875285124
RP11-395A13.2	SRR10318541	43.318205823337074
RP11-395A13.2	SRR10318542	84.69692174712858
RP11-395A13.2	SRR10318543	53.54227013254445
RP11-395A13.2	SRR10318544	47.118329519458285
RP11-395A13.2	SRR10318545	25.222550147645336
RP11-395A13.2	SRR10318546	58.083532789591786
RP11-395A13.2	SRR10318547	47.19134902326087
RP11-395A13.2	SRR10318548	57.28103854403071
RP11-395A13.2	SRR10318549	48.344518179169256
RP11-395A13.2	SRR10318568	56.17974907429385
RP11-395A13.2	SRR10318569	74.06659222295266
RP11-395A13.2	SRR10318570	62.68160164294309
RP11-395A13.2	SRR10318571	52.04679453504782
RP11-395A13.2	SRR10318572	57.2750109705869
RP11-395A13.2	SRR10318573	76.11746645327585
RP11-395A13.2	SRR10318574	49.121863180319096
RP11-395A13.2	SRR10318575	54.260536708977064
RP11-395A13.2	SRR10318576	58.25433311645643
RP11-395A13.2	SRR10318577	42.125944741968304
RP11-395A13.2	SRR10318578	72.06479243314314
RP11-395A13.2	SRR10318579	63.19961610377091
RP11-395A13.2	SRR10318580	54.077771907550975
RP11-395A13.2	SRR10318581	62
RP11-395A13.2	SRR10875803	64.47127443069022
RP11-395A13.2	SRR10875804	28.828492543147455
RP11-395A13.2	SRR10875805	32.23534379559184
RP11-395A13.2	SRR10875806	73.70143792466423
RP11-395A13.2	SRR10875807	50.39641788908912
RP11-395A13.2	SRR10875808	52.05976985010275
RP11-395A13.2	SRR10875809	29.19814239881998
RP11-395A13.2	SRR10875810	47.30633704367985
RP11-395A13.2	SRR10875812	49
RP11-395A13.2	SRR10875813	41.52801570646999
RP11-395A13.2	SRR10875814	53.21577655814524
RP11-395A13.2	SRR10875815	58
RP11-395A13.2	SRR10875816	52
RP11-395A13.2	SRR10875817	49.410946470636915
RP11-395A13.2	SRR10875818	47.97085489635402
RP11-395A13.2	SRR10875819	44
RP11-395A13.2	SRR10875820	33.61083571676037
RP11-395A13.2	SRR10875821	43.845206455484984
RP11-395A13.2	SRR10875822	34.19587236242538
RP11-395A13.2	SRR10875823	59
RP11-395A13.2	SRR10875824	27.245134560956107
RP11-395A13.2	SRR10875825	36.065924075067784
RP11-395A13.2	SRR10875826	32.09323740173554
RP11-395A13.2	SRR10875827	34.595998580542904
RP11-395A13.2	SRR10875829	33.944461512124356
RP11-395A13.2	SRR10875830	42
RP11-395A13.2	SRR10875831	23.083607788280858
RP11-395A13.2	SRR10875832	49
RP11-395A13.2	SRR10875834	40.136956446333926
RP11-395A13.2	SRR10875835	30
RP11-395A13.2	SRR10875836	41.47910768243362
RP11-395A13.2	SRR10875837	30.557169343387226
RP11-395A13.2	SRR10875838	39
RP11-395A13.2	SRR10875839	34.10758567155252
RP11-395A13.2	SRR10875840	44.93867629299281
RP11-395A13.2	SRR10875841	29.112340964813807
RP11-395A13.2	SRR10875842	36.1466393355575
RP11-395A13.2	SRR10875843	45.26197761188792
RP11-395A13.2	SRR10875844	28.133126740674843
RP11-395A13.2	SRR10875845	38.966589444637854
RP11-395A13.2	SRR10875846	19.78501957691934
RP11-395A13.2	SRR10875847	27.103764759645095
RP11-395A13.2	SRR10875848	37
RP11-395A13.2	SRR10875849	53.1174771979458
RP11-395A13.2	SRR10875850	53.00953545424532
RP11-395A13.2	SRR10875851	50.763475952097714
RP11-395A13.2	SRR10875852	38.04246555429743
RP11-395A13.2	SRR10875853	46.104262449981874
RP11-395A13.2	SRR10875854	39.54505928332988
RP11-395A13.2	SRR10875855	38.054010589325635
RP11-395A13.2	SRR10875856	35.79871443740615
RP11-395A13.2	SRR10875857	46.40210874585643
RP11-395A13.2	SRR10875858	37.511524041194136
RP11-395A13.2	SRR10875859	46
RP11-395A13.2	SRR10875860	21.599411178131597
RP11-395A13.2	SRR10875861	28.987619566592596
RP11-395A13.2	SRR10875862	26.737809760616386
RP11-395A13.2	SRR10875863	23.125879051966134
RP11-395A13.2	SRR10875864	47
RP11-395A13.2	SRR10875865	27.12331461020271
RP11-395A13.2	SRR10875866	32.738168152308305
RP11-395A13.2	SRR10875867	47.06917362280678
RP11-395A13.2	SRR10875868	24.606288933730138
RP11-395A13.2	SRR10875869	31
RP11-395A13.2	SRR10875870	31.08814715897103
RP11-395A13.2	SRR10875871	27.00485768423818
RP11-395A13.2	SRR10875872	40.35356689716998
RP11-395A13.2	SRR10875873	44.39449152370629
RP11-395A13.2	SRR10875874	26.974647600285248
RP11-395A13.2	SRR10875875	37.582151448754544
RP11-395A13.2	SRR10875876	29
RP11-395A13.2	SRR10875877	28.324391743239797
RP11-395A13.2	SRR10875878	33.26261066601781
RP11-395A13.2	SRR10875879	35
RP11-395A13.2	SRR10875880	42.17028637753793
RP11-395A13.2	SRR10875881	28.915192148745316
RP11-395A13.2	SRR10875882	42
RP11-395A13.2	SRR10875883	39.25328145365582
RP11-395A13.2	SRR10875884	47.759205384920264
RP11-395A13.2	SRR10875885	23.043838650059875
RP11-395A13.2	SRR10875886	31.234499623960325
RP11-395A13.2	SRR10875887	35
RP11-395A13.2	SRR10875888	18.50880485219256
RP11-395A13.2	SRR10875889	32.07253039998739
RP11-395A13.2	SRR10875890	34.077063549986605
RP11-395A13.2	SRR10875891	55
RP11-395A13.2	SRR10875892	61.87758935490685
RP11-395A13.2	SRR10875893	42
RP11-395A13.2	SRR10875894	31.6506993443654
RP11-395A13.2	SRR10875895	58
RP11-395A13.2	SRR10875896	38.384238682305984
RP11-395A13.2	SRR10875897	20.05220914831824
RP11-395A13.2	SRR10875898	80.05472566731956
RP11-395A13.2	SRR10875899	35.1177813345663
RP11-395A13.2	SRR10875900	26.09920792623786
RP11-395A13.2	SRR10875901	26.057526663959283
RP11-395A13.2	SRR10875902	29.134676119377698
RP11-395A13.2	SRR12430469	12
RP11-395A13.2	SRR12430470	6.818099761607972
RP11-395A13.2	SRR12430471	12.652955699476585
RP11-395A13.2	SRR12430472	2.892032675498942
RP11-395A13.2	SRR12430473	8
RP11-395A13.2	SRR12430474	4.759556220569
RP11-395A13.2	SRR12430475	10.44422351577822
RP11-395A13.2	SRR12430476	18
RP11-395A13.2	SRR12765534	36
RP11-395A13.2	SRR12765535	35.09302655039676
RP11-395A13.2	SRR12765536	13.06017830718307
RP11-395A13.2	SRR12765537	15.063574785275593
RP11-395A13.2	SRR12765538	13.445859127946251
RP11-395A13.2	SRR12765539	12.376953738061724
RP11-395A13.2	SRR12765540	32.10023318341943
RP11-395A13.2	SRR12765541	29.281405888477025
RP11-395A13.2	SRR12765542	25
RP11-395A13.2	SRR12765543	5.082079073599222
RP11-395A13.2	SRR12765544	27.313335091776953
RP11-395A13.2	SRR12765545	23.217744913078832
RP11-395A13.2	SRR12765546	16.484128136522955
RP11-395A13.2	SRR12765547	50.40528989170988
RP11-395A13.2	SRR12765548	37.75700421955856
RP11-395A13.2	SRR12765549	28.214857802397205
RP11-395A13.2	SRR12765550	32.2436401442878
RP11-395A13.2	SRR12765551	16.22162729387484
RP11-395A13.2	SRR12765552	9.374268913174687
RP11-395A13.2	SRR12765553	9.403087871785033
RP11-395A13.2	SRR12765554	11.351312033919234
RP11-395A13.2	SRR12765555	13.270142902308901
RP11-395A13.2	SRR12765556	17.263487937543545
RP11-395A13.2	SRR12765557	5.052653567983892
RP11-395A13.2	SRR12765558	10.516646996103905
RP11-395A13.2	SRR12765559	47.08958332838323
RP11-395A13.2	SRR12765560	19.36698095833055
RP11-395A13.2	SRR12765561	35.09934028528357
RP11-395A13.2	SRR12765562	32.50369663568877
RP11-395A13.2	SRR12765563	32.233961478466895
RP11-395A13.2	SRR12765564	30.06350756509519
RP11-395A13.2	SRR12765565	33.14079312166147
RP11-395A13.2	SRR12765566	26.18741452916839
RP11-395A13.2	SRR12765567	19.252511958106666
RP11-395A13.2	SRR12765568	30.312185261340908
RP11-395A13.2	SRR12765569	22.253176913064426
RP11-395A13.2	SRR12765570	49.35169564123529
RP11-395A13.2	SRR12765571	20.223775159389042
RP11-395A13.2	SRR12765572	21.139197755275507
RP11-395A13.2	SRR12765573	20.691670820272456
RP11-395A13.2	SRR12765574	14.097434445649478
RP11-395A13.2	SRR12765575	20.484462470874035
RP11-395A13.2	SRR12765576	6.149655954525811
RP11-395A13.2	SRR12765577	10.460059726823404
RP11-395A13.2	SRR12765578	21.318884913028697
RP11-395A13.2	SRR12765579	30.256492727507368
RP11-395A13.2	SRR12765580	16.182773767500045
RP11-395A13.2	SRR12765581	27.439129237261053
RP11-395A13.2	SRR12765582	34.03417777778795
RP11-395A13.2	SRR12765583	30.266838882985105
RP11-395A13.2	SRR12765584	24.30067591324294
RP11-395A13.2	SRR12765585	40.44631388938648
RP11-395A13.2	SRR12765586	24.127462184967683
RP11-395A13.2	SRR12765587	21.248494128965817
RP11-395A13.2	SRR12765588	23.160914649369193
RP11-395A13.2	SRR12765589	27.496134121164364
RP11-395A13.2	SRR12765590	17.500168107967813
RP11-395A13.2	SRR12765591	18.50640247182299
RP11-395A13.2	SRR12765592	7.115757351060811
RP11-395A13.2	SRR12765593	25.210823639285696
RP11-395A13.2	SRR12765594	20.46550178125976
RP11-395A13.2	SRR12765595	28.336510192843352
RP11-395A13.2	SRR12765596	35.156215040681076
RP11-395A13.2	SRR12765597	31.250590369409842
RP11-395A13.2	SRR12765598	27.195255273721738
RP11-395A13.2	SRR12765599	34.10518278653559
RP11-395A13.2	SRR12765600	11.474028954978264
RP11-395A13.2	SRR12765601	26.576218227682077
RP11-395A13.2	SRR12765602	17.14743243879461
RP11-395A13.2	SRR12765603	31.311028178236235
RP11-395A13.2	SRR12765604	27.220401477655457
RP11-395A13.2	SRR12765605	27.211024990954698
RP11-395A13.2	SRR12765606	21.279374727585175
RP11-395A13.2	SRR12765607	41.36013366050869
RP11-395A13.2	SRR12765608	13.115464101729337
RP11-395A13.2	SRR12765609	32.15527139963766
RP11-395A13.2	SRR12765610	12.105167745531947
RP11-395A13.2	SRR12765611	23.127925399185916
RP11-395A13.2	SRR12765612	26.118602924595578
RP11-395A13.2	SRR12765613	33.199210965567005
RP11-395A13.2	SRR12765614	24.112193177409626
RP11-395A13.2	SRR12765615	20.1836641871408
RP11-395A13.2	SRR12765616	38.23496096762381
RP11-395A13.2	SRR12765617	26.221143042641852
RP11-395A13.2	SRR12765618	22.5185859203958
RP11-395A13.2	SRR12765619	18.394000125236516
RP11-395A13.2	SRR12765620	26.212707827675626
RP11-395A13.2	SRR12765621	41.10754929165425
RP11-395A13.2	SRR12765622	19.41848577369254
RP11-395A13.2	SRR12765623	46
RP11-395A13.2	SRR12765624	39.155199454823865
RP11-395A13.2	SRR12765625	29.24237197484458
RP11-395A13.2	SRR12765626	27.133952970766448
RP11-395A13.2	SRR12765627	66.03562942721886
RP11-395A13.2	SRR12765628	19.7911693084041
RP11-395A13.2	SRR12765629	22.71463956444513
RP11-395A13.2	SRR12765630	62.10699981922041
RP11-395A13.2	SRR12765631	21.127263320444442
RP11-395A13.2	SRR12765632	27.17779989500586
RP11-395A13.2	SRR12765633	20.391266326242434
RP11-395A13.2	SRR12765634	22.120244318858248
RP11-395A13.2	SRR12765635	38.88214006380768
RP11-395A13.2	SRR12765636	17.207735483603805
RP11-395A13.2	SRR12765637	21.749193282256442
RP11-395A13.2	SRR12765638	52
RP11-395A13.2	SRR12765639	24.74972097540796
RP11-395A13.2	SRR12765640	25.127014427898942
RP11-395A13.2	SRR12765641	23.439534487423092
RP11-395A13.2	SRR12765642	23.0562786314542
RP11-395A13.2	SRR12765643	18.255060538593323
RP11-395A13.2	SRR12765644	28.10045366702757
RP11-395A13.2	SRR12765645	22.63783721311287
RP11-395A13.2	SRR12765646	29.19804279742664
RP11-395A13.2	SRR12765647	14.410157934369826
RP11-395A13.2	SRR12765648	25.297668791156905
RP11-395A13.2	SRR12765649	18.89169386143251
RP11-395A13.2	SRR12765650	30.55153682877002
RP11-395A13.2	SRR12765651	12.33936260393247
RP11-395A13.2	SRR12765652	22.2372424754485
RP11-395A13.2	SRR12774664	13.069101721199806
RP11-395A13.2	SRR12774665	7.094896646462823
RP11-395A13.2	SRR12774666	3.03207487521486
RP11-395A13.2	SRR12774667	3.045338963659929
RP11-395A13.2	SRR12774668	2.1068303497080514
RP11-395A13.2	SRR12774669	5.093113053476363
RP11-395A13.2	SRR12774670	4.19645207969551
RP11-395A13.2	SRR12774671	2.0969311130463257
RP11-395A13.2	SRR12774672	9.055744594062114
RP11-395A13.2	SRR12774673	10.1435609135224
RP11-395A13.2	SRR12774674	7.1710891320492385
RP11-395A13.2	SRR12774675	5.173260462902859
RP11-395A13.2	SRR12774676	7.045883389201459
RP11-395A13.2	SRR12774677	10.109759582725257
RP11-395A13.2	SRR12774678	5.219423546139183
RP11-395A13.2	SRR12774679	3.0702439749316652
RP11-395A13.2	SRR12774680	4.056965009714491
RP11-395A13.2	SRR12774681	2.017460087742318
RP11-395A13.2	SRR12774682	7.074568982914942
RP11-395A13.2	SRR12774683	11.078611328698356
RP11-395A13.2	SRR12774684	11.05817784196712
RP11-395A13.2	SRR12774685	14.103452471078075
RP11-395A13.2	SRR12774686	3.054505001442172
RP11-395A13.2	SRR12774687	5.147302119268996
RP11-395A13.2	SRR1609360	2.0992249576925177
RP11-395A13.2	SRR1609361	7.18509622896058
RP11-395A13.2	SRR1609362	5.342500656706539
RP11-395A13.2	SRR1609363	10.074338842995187
RP11-395A13.2	SRR1609364	5.043740533144247
RP11-395A13.2	SRR1609365	9.131705846787945
RP11-395A13.2	SRR1609366	5.0287824632080556
RP11-395A13.2	SRR1609367	11.030060438337909
RP11-395A13.2	SRR1609368	9.050876726845082
RP11-395A13.2	SRR1609369	8.007199159238127
RP11-395A13.2	SRR1609370	5.01043142708063
RP11-395A13.2	SRR1609371	10.304964007766504
RP11-395A13.2	SRR1609372	3.002475498204921
RP11-395A13.2	SRR1609373	5.037806277494219
RP11-395A13.2	SRR1609374	6.015763508894325
RP11-395A13.2	SRR1609375	3.0199944401518444
RP11-395A13.2	SRR1609376	8.13010821244072
RP11-395A13.2	SRR1609377	3.0161432745349903
RP11-395A13.2	SRR1609378	4.07109146480495
RP11-395A13.2	SRR1609379	4.007324897229754
RP11-395A13.2	SRR1609380	6.096014387484566
RP11-395A13.2	SRR1609381	10.007198511622537
RP11-395A13.2	SRR1609382	4.058219830727589
RP11-395A13.2	SRR1609383	4.042107705234324
RP11-395A13.2	SRR1609384	3.029637285642194
RP11-395A13.2	SRR1609385	3.022462366179558
RP11-395A13.2	SRR1609386	2.0135965690314332
RP11-395A13.2	SRR1609387	6.045641395081861
RP11-395A13.2	SRR1609388	8.104297641979606
RP11-395A13.2	SRR1609389	7.01774920606225
RP11-395A13.2	SRR1609390	6.078964721551181
RP11-395A13.2	SRR1609391	1.0643168557255298
RP11-395A13.2	SRR1609392	3.047385405817402
RP11-395A13.2	SRR1609393	5.225800764950599
RP11-395A13.2	SRR1609394	8.227274688953552
RP11-395A13.2	SRR1609395	4.022492638480282
RP11-395A13.2	SRR1609396	7.00796564650197
RP11-395A13.2	SRR1609397	8.11952263047269
RP11-395A13.2	SRR1609398	7.033033126664758
RP11-395A13.2	SRR1609399	8.030943769880597
RP11-395A13.2	SRR1609400	9.01997234543246
RP11-395A13.2	SRR1609401	5.054003399279563
RP11-395A13.2	SRR1609402	6.026963957766417
RP11-395A13.2	SRR1609403	7.02280094098464
RP11-395A13.2	SRR1609404	5.06107798801401
RP11-395A13.2	SRR1609405	3.0204837573692265
RP11-395A13.2	SRR1609406	5.020489229296771
RP11-395A13.2	SRR1609407	4.00969703702787
RP11-395A13.2	SRR1609408	3.023639156907532
RP11-395A13.2	SRR1609409	3.0578508844306223
RP11-395A13.2	SRR1609410	7
RP11-395A13.2	SRR1609411	4.213926977779049
RP11-395A13.2	SRR1609412	9
RP11-395A13.2	SRR1609413	12.506988126814006
RP11-395A13.2	SRR1609414	12.019812156427848
RP11-395A13.2	SRR1609415	12.002158970772523
RP11-395A13.2	SRR1609416	12.032630449990211
RP11-395A13.2	SRR1609417	5.034214877115024
RP11-395A13.2	SRR1609418	9.013086535357742
RP11-395A13.2	SRR1609419	9.044156887323606
RP11-395A13.2	SRR1609420	6.028663243885624
RP11-395A13.2	SRR1609421	10.064932326669792
RP11-395A13.2	SRR1609422	5.085003728996732
RP11-395A13.2	SRR1609423	2.1086267322693293
RP11-395A13.2	SRR1609424	3.2379980349926756
RP11-395A13.2	SRR1609425	4.006604052142616
RP11-395A13.2	SRR1609426	4.019104717289987
RP11-395A13.2	SRR1609427	8.042582938559033
RP11-395A13.2	SRR1609428	9.0785279391207
RP11-395A13.2	SRR1609429	2.002581375472949
RP11-395A13.2	SRR1609430	10.041769234190895
RP11-395A13.2	SRR1609431	8.060677036895406
RP11-395A13.2	SRR1609432	8.012364889818512
RP11-395A13.2	SRR1609433	9.076422148976105
RP11-395A13.2	SRR1609434	10.15284112503842
RP11-395A13.2	SRR1609435	5.023066467231788
RP11-395A13.2	SRR1609436	7.022918575291137
RP11-395A13.2	SRR1609437	9.199465457927344
RP11-395A13.2	SRR1609438	4.130372301047274
RP11-395A13.2	SRR1609439	4.060175470565545
RP11-395A13.2	SRR1609440	8.020638471269557
RP11-395A13.2	SRR1609441	13.029465474994879
RP11-395A13.2	SRR1609442	7.051867508742428
RP11-395A13.2	SRR1609443	5.044578262456255
RP11-395A13.2	SRR1609444	3.001619519419039
RP11-395A13.2	SRR1609445	14.049413148923259
RP11-395A13.2	SRR1609446	8.091434077391696
RP11-395A13.2	SRR1609447	1.2343308859580486
RP11-395A13.2	SRR1609448	3.026655320210478
RP11-395A13.2	SRR1609449	9.022544591823777
RP11-395A13.2	SRR1609450	6.012517712496756
RP11-395A13.2	SRR1609451	4.052631268512764
RP11-395A13.2	SRR1609452	1.2640053263343127
RP11-395A13.2	SRR1609453	17.031311256624264
RP11-395A13.2	SRR1609454	5.081998867303717
RP11-395A13.2	SRR1609455	2.504688699222116
RP11-395A13.2	SRR1609456	6.0293740441717745
RP11-395A13.2	SRR1609457	5.033477933841478
RP11-395A13.2	SRR1609458	1.240929610314354
RP11-395A13.2	SRR1609459	15.058709851842027
RP11-395A13.2	SRR1609460	7.06929279888023
RP11-395A13.2	SRR1609461	8.013672196549159
RP11-395A13.2	SRR1609462	6.022444457617189
RP11-395A13.2	SRR1609463	9.059439324195962
RP11-395A13.2	SRR1609464	4.045963209699796
RP11-395A13.2	SRR1609465	6.073664908130423
RP11-395A13.2	SRR1609466	1.1216427607845454
RP11-395A13.2	SRR1609467	4.048616299577567
RP11-395A13.2	SRR1609468	9.015532231822318
RP11-395A13.2	SRR1609469	13.002338885003567
RP11-395A13.2	SRR1609470	7.033965618670738
RP11-395A13.2	SRR1609471	8.017154577266513
RP11-395A13.2	SRR1609472	3.2620959015876383
RP11-395A13.2	SRR1609473	4.232390105993834
RP11-395A13.2	SRR1609474	13.033702559275616
RP11-395A13.2	SRR1609475	2.0443582340426123
RP11-395A13.2	SRR1609476	18.096429753675324
RP11-395A13.2	SRR1609477	7.04010293382295
RP11-395A13.2	SRR1609478	7.162957847643995
RP11-395A13.2	SRR1609479	7.074533615343143
RP11-395A13.2	SRR1609480	13
RP11-395A13.2	SRR1609481	11.116839992460836
RP11-395A13.2	SRR1609482	3.011130179632835
RP11-395A13.2	SRR1609483	6.027679760678146
RP11-395A13.2	SRR1609484	3.024210541794935
RP11-395A13.2	SRR1609485	10.008998949047658
RP11-395A13.2	SRR1609486	7.022918575291137
RP11-395A13.2	SRR1609487	7.027974031389974
RP11-395A13.2	SRR1609488	10.014402205102032
RP11-395A13.2	SRR1609489	11.024410644417452
RP11-395A13.2	SRR1609490	3.050532141108976
RP11-395A13.2	SRR1609491	10.035876309652703
RP11-395A13.2	SRR1609492	8
RP11-395A13.2	SRR1609493	5.022844978693231
RP11-395A13.2	SRR1609494	9.053828390290581
RP11-395A13.2	SRR1609495	10.02266574999606
RP11-395A13.2	SRR1609496	9.008099054142892
RP11-395A13.2	SRR1609497	9.008099054142892
RP11-395A13.2	SRR1609498	11.003958469143397
RP11-395A13.2	SRR1609499	9.019052269528558
RP11-395A13.2	SRR1609500	7.012080624750691
RP11-395A13.2	SRR1609501	4.005162750945898
RP11-395A13.2	SRR1609502	6.078741478609916
RP11-395A13.2	SRR1609503	1.2577312251671255
RP11-395A13.2	SRR1609504	7
RP11-395A13.2	SRR1609505	5
RP11-395A13.2	SRR1609506	6.119981920211383
RP11-395A13.2	SRR1609507	7.04316224522272
RP11-395A13.2	SRR1609508	14.007557757288849
RP11-395A13.2	SRR1609509	5.032110998805784
RP11-395A13.2	SRR1609510	12.06837896051264
RP11-395A13.2	SRR1609511	1.0375190831321666
RP11-395A13.2	SRR1609512	5.01696872959616
RP11-395A13.2	SRR1609513	5.016302559534238
RP11-395A13.2	SRR1609514	7.348636530192476
RP11-395A13.2	SRR1609515	4.007923351219644
RP11-395A13.2	SRR1609516	9.037839447653544
RP11-395A13.2	SRR1609517	4.092102365260089
RP11-395A13.2	SRR1609518	13.021065120146364
RP11-395A13.2	SRR1609519	11.018983838893943
RP11-395A13.2	SRR1609520	4.317484945365406
RP11-395A13.2	SRR1609521	5.0083920180853285
RP11-395A13.2	SRR1609522	7.171305029031428
RP11-395A13.2	SRR1609523	7.03355826372181
RP11-395A13.2	SRR1609524	6.1014044348456
RP11-395A13.2	SRR1609525	8.044384625095041
RP11-395A13.2	SRR1609526	9.186185033810776
RP11-395A13.2	SRR1609527	10
RP11-395A13.2	SRR1609528	6.053412035434881
RP11-395A13.2	SRR1609529	5.130808841438321
RP11-395A13.2	SRR1609530	9.044036095017022
RP11-395A13.2	SRR1609531	8.030738181984109
RP11-395A13.2	SRR1609532	12.088585161668139
RP11-395A13.2	SRR1609533	2.0776421017853592
RP11-395A13.2	SRR1609534	11.01449875311098
RP11-395A13.2	SRR1609535	5.2239996931868085
RP11-395A13.2	SRR1609536	2.0223709955691564
RP11-395A13.2	SRR1609537	6.023262377904282
RP11-395A13.2	SRR1609538	5
RP11-395A13.2	SRR1609539	8.049929301249065
RP11-395A13.2	SRR1609540	10
RP11-395A13.2	SRR1609541	2.2011973559942284
RP11-395A13.2	SRR1609542	8.018976421452484
RP11-395A13.2	SRR1609543	8.016690283329007
RP11-395A13.2	SRR1609544	5.02968689399914
RP11-395A13.2	SRR1609545	19.376938106503356
RP11-395A13.2	SRR1609546	14
RP11-395A13.2	SRR1609547	5.026085395646898
RP11-395A13.2	SRR1609548	2.0369723064394774
RP11-395A13.2	SRR1609549	1.0108592213002114
RP11-395A13.2	SRR1609550	18
RP11-395A13.2	SRR1609551	4.046974109120113
RP11-395A13.2	SRR1609552	8.03655196590917
RP11-395A13.2	SRR1609553	13.034552718718796
RP11-395A13.2	SRR1609554	7.064499181896719
RP11-395A13.2	SRR1609555	6.021361129059819
RP11-395A13.2	SRR1609556	7.158219844013594
RP11-395A13.2	SRR1609557	11.069787560415824
RP11-395A13.2	SRR1609558	2.0086815321767273
RP11-395A13.2	SRR1609559	3.128793922544
RP11-395A13.2	SRR1609560	9.0667823198082
RP11-395A13.2	SRR1609561	6.015662744495473
RP11-395A13.2	SRR1609562	13.013067973860101
RP11-395A13.2	SRR1609563	3.013431502879688
RP11-395A13.2	SRR1609564	10.009578629360643
RP11-395A13.2	SRR1609565	4.101991137383571
RP11-395A13.2	SRR1609566	8.027037327164814
RP11-395A13.2	SRR1609567	1.258890072207468
RP11-395A13.2	SRR1609568	10
RP11-395A13.2	SRR1609569	9
RP11-395A13.2	SRR1609570	10.181071207811366
RP11-395A13.2	SRR1609571	10.245516446814756
RP11-395A13.2	SRR1609572	7.094734347926595
RP11-395A13.2	SRR1609573	2.040350292061208
RP11-395A13.2	SRR1609574	7.036711970584906
RP11-395A13.2	SRR1609575	5.368499298487533
RP11-395A13.2	SRR1609576	5.020134910035566
RP11-395A13.2	SRR1609577	11.046585893667352
RP11-395A13.2	SRR1609578	7.012486735802548
RP11-395A13.2	SRR1609579	15.102435929703436
RP11-395A13.2	SRR1609580	6.046659513724625
RP11-395A13.2	SRR1609581	3.126513091520229
RP11-395A13.2	SRR1609582	2.016893171624546
RP11-395A13.2	SRR1609583	2.072490704020905
RP11-395A13.2	SRR1609584	11.022764504519511
RP11-395A13.2	SRR1609585	6.005399369428595
RP11-395A13.2	SRR1609586	4.314499506745171
RP11-395A13.2	SRR1609587	6.073493041065582
RP11-395A13.2	SRR1609588	5.0701227050548425
RP11-395A13.2	SRR1609589	10.026579014399074
RP11-395A13.2	SRR1609590	12.004318329974616
RP11-395A13.2	SRR1609591	12.039288986213379
RP11-395A13.2	SRR1609592	4.027716587288293
RP11-395A13.2	SRR1609593	5.027947357029904
RP11-395A13.2	SRR1609594	7.179537203727619
RP11-395A13.2	SRR1609595	2.0501439847055773
RP11-395A13.2	SRR1609596	6.015763508894325
RP11-395A13.2	SRR1609597	10.042350812424864
RP11-395A13.2	SRR1609598	4.111811283293764
RP11-395A13.2	SRR1609599	8.172209930451338
RP11-395A13.2	SRR1609600	5.15643056662264
RP11-395A13.2	SRR1609601	6.17024148212013
RP11-395A13.2	SRR1609602	2.3267904494222718
RP11-395A13.2	SRR1609603	9
RP11-395A13.2	SRR1609604	10.071022645360525
RP11-395A13.2	SRR1609605	10.077519822290972
RP11-395A13.2	SRR1609606	6.098040964261356
RP11-395A13.2	SRR1609607	6.030401894422322
RP11-395A13.2	SRR1609608	8.165276840553126
RP11-395A13.2	SRR1609609	7.232445499379609
RP11-395A13.2	SRR1609610	11
RP11-395A13.2	SRR1609611	10.173971986878916
RP11-395A13.2	SRR1609612	4.009365645848272
RP11-395A13.2	SRR1609613	5.004499474523829
RP11-395A13.2	SRR1609614	5.059424584903947
RP11-395A13.2	SRR1609615	6.019195056523515
RP11-395A13.2	SRR1609616	8
RP11-395A13.2	SRR1609617	15
RP11-395A13.2	SRR1609618	5.016149217641518
RP11-395A13.2	SRR1609619	8.029300528538506
RP11-395A13.2	SRR1609620	7.089864013323941
RP11-395A13.2	SRR1609621	4.03504818636416
RP11-395A13.2	SRR1609622	5.198603628897257
RP11-395A13.2	SRR1609623	1.0194149042912743
RP11-395A13.2	SRR1609624	3.7010089260861996
RP11-395A13.2	SRR1609625	5.008101969287063
RP11-395A13.2	SRR1609626	11.087536888672602
RP11-395A13.2	SRR1609627	3.0167364521490883
RP11-395A13.2	SRR1609628	13.024958357768421
RP11-395A13.2	SRR1609629	7.116396105668157
RP11-395A13.2	SRR1609630	8.02270635092196
RP11-395A13.2	SRR1609631	8
RP11-395A13.2	SRR1609632	7
RP11-395A13.2	SRR1609633	6.021994811984047
RP11-395A13.2	SRR1609634	9.075619071704384
RP11-395A13.2	SRR1609635	5.126479169464029
RP11-395A13.2	SRR1609636	3.102095178421699
RP11-395A13.2	SRR1609637	7.028978498089218
RP11-395A13.2	SRR1609638	5.124975245608733
RP11-395A13.2	SRR1609639	4.022357885623923
RP11-395A13.2	SRR1609640	7.001259399617306
RP11-395A13.2	SRR1609641	10.002851723145936
RP11-395A13.2	SRR1609642	14
RP11-395A13.2	SRR1609643	6.073664908130423
RP11-395A13.2	SRR1609644	5.005399855198546
RP11-395A13.2	SRR1609645	7.022608904698125
RP11-395A13.2	SRR1609646	8.01919570384091
RP11-395A13.2	SRR1609647	12.255579565698609
RP11-395A13.2	SRR1609648	11.040215681975566
RP11-395A13.2	SRR1609649	5.041735153893314
RP11-395A13.2	SRR1609650	12.090276353171763
RP11-395A13.2	SRR1609651	7.0241820982862935
RP11-395A13.2	SRR1609652	6.021626648398411
RP11-395A13.2	SRR1609653	3.1534162333143048
RP11-395A13.2	SRR1609654	2.0702895661704486
RP11-395A13.2	SRR1609655	8.055040093291469
RP11-395A13.2	SRR1609656	4.058646914331177
RP11-395A13.2	SRR1609657	3.0398118413684165
RP11-395A13.2	SRR1609658	4.081451364093437
RP11-395A13.2	SRR1609659	7.056468513276545
RP11-395A13.2	SRR1609660	16.06318052550959
RP11-395A13.2	SRR1609661	5.007424437091858
RP11-395A13.2	SRR1609662	8.037752144759724
RP11-395A13.2	SRR1609663	5.013342622580001
RP11-395A13.2	SRR1609664	9.06620143351428
RP11-395A13.2	SRR1609665	9
RP11-395A13.2	SRR1609666	4.067572088267887
RP11-395A13.2	SRR1609667	6.017928346551046
RP11-395A13.2	SRR1609668	2.252749049233326
RP11-395A13.2	SRR1609669	4.079033946119466
RP11-395A13.2	SRR1746771	1.1637514711268946
RP11-395A13.2	SRR1746772	1.768546687827825
RP11-395A13.2	SRR1746773	1.528885225043656
RP11-395A13.2	SRR1746774	3.7558418856696463
RP11-395A13.2	SRR1746775	4.244637973235622
RP11-395A13.2	SRR1746776	2.469508959919271
RP11-395A13.2	SRR1746777	3.602133954432473
RP11-395A13.2	SRR1746778	2.1603733049975595
RP11-395A13.2	SRR1746779	2.3906294700220996
RP11-395A13.2	SRR1746780	2.6477311043916525
RP11-395A13.2	SRR1746781	3.6866011917193107
RP11-395A13.2	SRR1746782	4.018275982954585
RP11-395A13.2	SRR1746783	4
RP11-395A13.2	SRR1746784	3
RP11-395A13.2	SRR1782685	6.098220789258225
RP11-395A13.2	SRR1782686	7.171629547487772
RP11-395A13.2	SRR1782687	6.074674085493164
RP11-395A13.2	SRR1782688	6.101661741097931
RP11-395A13.2	SRR1782689	10.182289169689785
RP11-395A13.2	SRR1782690	8.167585577275137
RP11-395A13.2	SRR1782691	5.009002998101856
RP11-395A13.2	SRR1782692	9.075568795923157
RP11-395A13.2	SRR1782693	5.04577806779536
RP11-395A13.2	SRR1782694	8.130277117836716
RP11-395A13.2	SRR1782695	10.007198511622537
RP11-395A13.2	SRR1782696	7.02384972623443
RP11-395A13.2	SRR1782697	3.0266838882985105
RP11-395A13.2	SRR1782698	5.010584594182531
RP11-395A13.2	SRR1782699	2.049956360817607
RP11-395A13.2	SRR1782700	10.077600305872203
RP11-395A13.2	SRR1782701	7.04464475603707
RP11-395A13.2	SRR1782702	1.0108389703070961
RP11-395A13.2	SRR1782703	8.031590262754795
RP11-395A13.2	SRR1782704	6.095998343292256
RP11-395A13.2	SRR1782705	10.24627921670523
RP11-395A13.2	SRR1782706	13.03353751581303
RP11-395A13.2	SRR1782707	6.02339195472573
RP11-395A13.2	SRR1782708	4.215208594724618
RP11-395A13.2	SRR1782709	6.30081716214912
RP11-395A13.2	SRR1782710	9
RP11-395A13.2	SRR1782711	4.046593767311506
RP11-395A13.2	SRR1782712	5.060636036839054
RP11-395A13.2	SRR1782713	2.044381560289001
RP11-395A13.2	SRR1782714	3.2619791934459914
RP11-395A13.2	SRR1782715	7.017534682529605
RP11-395A13.2	SRR1782716	10.15162755673933
RP11-395A13.2	SRR1782717	3.002475498204921
RP11-395A13.2	SRR1782718	9.132205274530794
RP11-395A13.2	SRR1782719	3.022242170282772
RP11-395A13.2	SRR1782720	4.071114443661736
RP11-395A13.2	SRR1782721	1.1217593509927906
RP11-395A13.2	SRR1782722	8.007199159238127
RP11-395A13.2	SRR1782723	9.020399174996454
RP11-395A13.2	SRR1782724	8.092592639522168
RP11-395A13.2	SRR1782725	5.345496360791812
RP11-395A13.2	SRR1782726	6.04608924404418
RP11-395A13.2	SRR1782727	8
RP11-395A13.2	SRR1782728	10.306785213210727
RP11-395A13.2	SRR1782729	12.411236682974083
RP11-395A13.2	SRR1782730	11.015842425612234
RP11-395A13.2	SRR1782731	7.230302692762709
RP11-395A13.2	SRR1782732	3.2392323311941764
RP11-395A13.2	SRR1782733	7.06948611175808
RP11-395A13.2	SRR1782734	5.031714519306234
RP11-395A13.2	SRR1782735	5.023510944956372
RP11-395A13.2	SRR1782736	2.03743979153938
RP11-395A13.2	SRR1782737	5.0083920180853285
RP11-395A13.2	SRR1782738	2.099800988636866
RP11-395A13.2	SRR1782739	4.0420869932242125
RP11-395A13.2	SRR1782740	5.060233471445301
RP11-395A13.2	SRR1782741	2.109360200553903
RP11-395A13.2	SRR1782742	18
RP11-395A13.2	SRR1782743	6.012252594810205
RP11-395A13.2	SRR1782744	7.035417437790594
RP11-395A13.2	SRR1782745	6.074056221699577
RP11-395A13.2	SRR1782746	2.0406081421297304
RP11-395A13.2	SRR1782747	8.060961837538207
RP11-395A13.2	SRR1782748	8.120239577264016
RP11-395A13.2	SRR1782749	8.104610113993193
RP11-395A13.2	SRR1782750	2.0028178134338206
RP11-395A13.2	SRR1782751	3.0476864578114315
RP11-395A13.2	SRR1782752	9.061738563470378
RP11-395A13.2	SRR1782753	6.006379217341644
RP11-395A13.2	SRR1782754	9.077112708695296
RP11-395A13.2	SRR1782755	8.022081498272595
RP11-395A13.2	SRR1782756	5.228190841919801
RP11-395A13.2	SRR1782757	8.011766673444878
RP11-395A13.2	SRR1782758	12.021607195444453
RP11-395A13.2	SRR1782759	2.0089480753652817
RP11-395A13.2	SRR1782760	4.058190159512011
RP11-395A13.2	SRR1782761	1.1238501762695376
RP11-395A13.2	SRR1782762	1.0649255307900556
RP11-395A13.2	SRR1782763	9.049781116317453
RP11-395A13.2	SRR1782764	7.008511508059449
RP11-395A13.2	SRR1782765	7.023133263407464
RP11-395A13.2	SRR1782766	5.054246919955259
RP11-395A13.2	SRR1782767	3.0298092471683025
RP11-395A13.2	SRR1782768	3.019999969993285
RP11-395A13.2	SRR1782769	5.043602613643143
RP11-395A13.2	SRR1782770	7.033196701180648
RP11-395A13.2	SRR1782771	2.0136584924325094
RP11-395A13.2	SRR1782772	3.0163969525715792
RP11-395A13.2	SRR1782773	6.026494544549492
RP11-395A13.2	SRR1782774	6.01531436207183
RP11-395A13.2	SRR1782775	4.081222881197842
RP11-395A13.2	SRR1782776	5.0761654757471515
RP11-395A13.2	SRR1782777	12.002158970772523
RP11-395A13.2	SRR1782778	13.024162057618472
RP11-395A13.2	SRR1782779	6.170574309941674
RP11-395A13.2	SRR1782780	6.0788821122926615
RP11-395A13.2	SRR1782781	2.070718089466591
RP11-395A13.2	SRR1782782	9.18770797871736
RP11-395A13.2	SRR1782783	8.051481910761385
RP11-395A13.2	SRR1782784	7.023967378108438
RP11-395A13.2	SRR1782785	7.007559797277965
RP11-395A13.2	SRR1782786	5.127045596884817
RP11-395A13.2	SRR1782787	10
RP11-395A13.2	SRR1782788	6.022793252986825
RP11-395A13.2	SRR1782789	10.173768425012382
RP11-395A13.2	SRR1782790	5.0283922666513785
RP11-395A13.2	SRR1782791	5.030082378364324
RP11-395A13.2	SRR1782792	10.069216150206069
RP11-395A13.2	SRR1782793	1.0375153886962647
RP11-395A13.2	SRR1782794	15.103816576495602
RP11-395A13.2	SRR1782795	8.17162546462002
RP11-395A13.2	SRR1782796	4.320310212326429
RP11-395A13.2	SRR1782797	7.179930375632848
RP11-395A13.2	SRR1782798	3.0590810061696194
RP11-395A13.2	SRR1782799	13.021065120146364
RP11-395A13.2	SRR1782800	7.012604197342598
RP11-395A13.2	SRR1782801	5.028115798100353
RP11-395A13.2	SRR1782802	5.03732340597045
RP11-395A13.2	SRR1782803	5.018550299388059
RP11-395A13.2	SRR1782804	11.030275784037915
RP11-395A13.2	SRR1782805	4.007202398481485
RP11-395A13.2	SRR1782806	7.019034429160957
RP11-395A13.2	SRR1782807	10.356994706753838
RP11-395A13.2	SRR1782808	7.187789145799695
RP11-395A13.2	SRR1782809	5.068763645299424
RP11-395A13.2	SRR1782810	10.169339604032894
RP11-395A13.2	SRR1782811	6.018910238706506
RP11-395A13.2	SRR1782812	4.051390291392792
RP11-395A13.2	SRR1782813	6.037899543793125
RP11-395A13.2	SRR1782814	4.052704077131982
RP11-395A13.2	SRR1782815	2.124991681741124
RP11-395A13.2	SRR1782816	3.001619519419039
RP11-395A13.2	SRR1782817	5.017954333268492
RP11-395A13.2	SRR1782818	5.070347763427741
RP11-395A13.2	SRR1782819	4.1122664391454675
RP11-395A13.2	SRR1782820	2.072123619523487
RP11-395A13.2	SRR1782821	5.01366383560814
RP11-395A13.2	SRR1782822	3.024095985085587
RP11-395A13.2	SRR1782823	3.011631188952141
RP11-395A13.2	SRR1782824	7.040318147258989
RP11-395A13.2	SRR1782825	9.052638590818859
RP11-395A13.2	SRR1782826	5.034759431594003
RP11-395A13.2	SRR1782827	7.094961535934455
RP11-395A13.2	SRR1782828	12
RP11-395A13.2	SRR1782829	13
RP11-395A13.2	SRR1782830	5.197463362657428
RP11-395A13.2	SRR1782831	5.369597112756828
RP11-395A13.2	SRR1782832	4.131673756838807
RP11-395A13.2	SRR1782833	7.163329712161856
RP11-395A13.2	SRR1782834	13.002338885003567
RP11-395A13.2	SRR1782835	2.231231531822256
RP11-395A13.2	SRR1782836	5.565696355060236
RP11-395A13.2	SRR1782837	3.0844004119704986
RP11-395A13.2	SRR1782838	3.0402052729745574
RP11-395A13.2	SRR1782839	7.099697395988898
RP11-395A13.2	SRR1782840	4.034343944049554
RP11-395A13.2	SRR1782841	4.061073120632159
RP11-395A13.2	SRR1782842	5
RP11-395A13.2	SRR1782843	5.124446551891907
RP11-395A13.2	SRR1782844	10.002851723145936
RP11-395A13.2	SRR1782845	1.0191934424402136
RP11-395A13.2	SRR1782846	3.01680223398547
RP11-395A13.2	SRR1782847	1.2341754014728283
RP11-395A13.2	SRR1782848	3.701887274150408
RP11-395A13.2	SRR1782849	1.2407817669595906
RP11-395A13.2	SRR1782850	2.5047808348424283
RP11-395A13.2	SRR1782851	1.2640085575608608
RP11-395A13.2	SRR1782852	2.528689347786182
RP11-395A13.2	SRR1782853	1.2591344565382891
RP11-395A13.2	SRR1782854	8.026192657475585
RP11-395A13.2	SRR1782855	4.009648625389459
RP11-395A13.2	SRR1782856	5.026720850275464
RP11-395A13.2	SRR1782857	7.05057792047911
RP11-395A13.2	SRR1782858	10.010799710397093
RP11-395A13.2	SRR1782859	4.0064815754296506
RP11-395A13.2	SRR1782860	13.029465474994879
RP11-395A13.2	SRR1782861	17.031812207701268
RP11-395A13.2	SRR1782862	6.028314108569793
RP11-395A13.2	SRR1782863	8.02126321151926
RP11-395A13.2	SRR1782864	6.079298970529484
RP11-395A13.2	SRR1782865	10.042826021444869
RP11-395A13.2	SRR1782866	14.049413148923259
RP11-395A13.2	SRR1782867	5.085272524540267
RP11-395A13.2	SRR1782868	8.02932641597873
RP11-395A13.2	SRR1782869	7.024588910206039
RP11-395A13.2	SRR1782870	9.022544591823777
RP11-395A13.2	SRR1782871	8.043048732093308
RP11-395A13.2	SRR1782872	12.033350379648565
RP11-395A13.2	SRR1782873	4.018685906170092
RP11-395A13.2	SRR1782874	10.06502434562064
RP11-395A13.2	SRR1782875	9.046677158469915
RP11-395A13.2	SRR1782876	16.063723362438193
RP11-395A13.2	SRR1782877	11.03766302274183
RP11-395A13.2	SRR1782878	11.088621999935926
RP11-395A13.2	SRR1782879	4.059225853133388
RP11-395A13.2	SRR1782880	9.038144871165356
RP11-395A13.2	SRR1782881	11.045946157609984
RP11-395A13.2	SRR1782882	11.038824617011132
RP11-395A13.2	SRR1782883	11.020143467381823
RP11-395A13.2	SRR1782884	11.00791836278479
RP11-395A13.2	SRR1782885	9
RP11-395A13.2	SRR1782886	8.044571721657361
RP11-395A13.2	SRR1782887	13.012096396748946
RP11-395A13.2	SRR1782888	5.016423558944621
RP11-395A13.2	SRR1782889	12.05229106965718
RP11-395A13.2	SRR1782890	5.007728056136569
RP11-395A13.2	SRR1782891	5.0035992558112685
RP11-395A13.2	SRR1782892	7.013010338717639
RP11-395A13.2	SRR1782893	5.019606650900654
RP11-395A13.2	SRR1782894	2.0231862323327334
RP11-395A13.2	SRR1782895	8.029680479020893
RP11-395A13.2	SRR1782896	11.023772192585517
RP11-395A13.2	SRR1782897	13.036499299113697
RP11-395A13.2	SRR1782898	8.018132599996848
RP11-395A13.2	SRR1782899	6.022758124782858
RP11-395A13.2	SRR1782900	9.009719739357383
RP11-395A13.2	SRR1782901	10.010052287584692
RP11-395A13.2	SRR1782902	11
RP11-395A13.2	SRR1782903	6.01531436207183
RP11-395A13.2	SRR1782904	14
RP11-395A13.2	SRR1782905	8.016935350692052
RP11-395A13.2	SRR1782906	11.070644197372726
RP11-395A13.2	SRR1782907	7.034354648465845
RP11-395A13.2	SRR1782908	7.021655279580858
RP11-395A13.2	SRR1782909	10.034545854694706
RP11-395A13.2	SRR1782910	10
RP11-395A13.2	SRR1782911	4.028162775380846
RP11-395A13.2	SRR1782912	18.116880946673493
RP11-395A13.2	SRR1782913	10
RP11-395A13.2	SRR1782914	6.016845830360168
RP11-395A13.2	SRR1782915	9
RP11-395A13.2	SRR1782916	6.06521745130887
RP11-395A13.2	SRR1782917	4.012957251380963
RP11-395A13.2	SRR1782918	11.011879681436803
RP11-395A13.2	SRR1782919	7
RP11-395A13.2	SRR1782920	9.009719739357383
RP11-395A13.2	SRR1782921	9.018776568745134
RP11-395A13.2	SRR1782922	2.3737223197473916
RP11-395A13.2	SRR1782923	6.033833386781842
RP11-395A13.2	SRR1782924	6.03111810564661
RP11-395A13.2	SRR1782925	4.014211403039025
RP11-395A13.2	SRR1782926	5.037170896845095
RP11-395A13.2	SRR1782927	6.017479038098202
RP11-395A13.2	SRR1782928	4.029189505150583
RP11-395A13.2	SRR1782929	8.070174268177206
RP11-395A13.2	SRR1782930	9.026465383008818
RP11-395A13.2	SRR1782931	10.02732767121628
RP11-395A13.2	SRR1782932	6.022508264909433
RP11-395A13.2	SRR1782933	2.1307994216975272
RP11-395A13.2	SRR1782934	4.023762743248432
RP11-395A13.2	SRR1782935	8.036417353182708
RP11-395A13.2	SRR1782936	5.129861249494035
RP11-395A13.2	SRR1782937	7.055748723193262
RP11-395A13.2	SRR1782938	1.258100037900621
RP11-395A13.2	SRR1782939	7.0335376468162405
RP11-395A13.2	SRR1782940	10.02671971335307
RP11-395A13.2	SRR1782941	6.047555530570407
RP11-395A13.2	SRR1782942	7.028188874049792
RP11-395A13.2	SRR1782943	8.037752144759724
RP11-395A13.2	SRR1782944	4.005272273858537
RP11-395A13.2	SRR1782945	7.037667640581644
RP11-395A13.2	SRR1782946	8.017288867334921
RP11-395A13.2	SRR1782947	11.023587543741456
RP11-395A13.2	SRR1782948	5
RP11-395A13.2	SRR1782949	8.020173975570835
RP11-395A13.2	SRR1782950	9
RP11-395A13.2	SRR1782951	5.0168142961307005
RP11-395A13.2	SRR1782952	19.515347992330323
RP11-395A13.2	SRR1782953	4.007624113053891
RP11-395A13.2	SRR1782954	2.2528330677331043
RP11-395A13.2	SRR1782955	3.1027623695601187
RP11-395A13.2	SRR1782956	9.137557012534577
RP11-395A13.2	SRR1782957	4.079143679783729
RP11-395A13.2	SRR1782958	4.022192312547521
RP11-395A13.2	SRR1782959	4.234366158028356
RP11-395A13.2	SRR1782960	5
RP11-395A13.2	SRR1782961	11.040215681975566
RP11-395A13.2	SRR1782962	9.06690495869567
RP11-395A13.2	SRR1782963	8.05583537483913
RP11-395A13.2	SRR1782964	8.0033423806876
RP11-395A13.2	SRR1782965	6.018910238706506
RP11-395A13.2	SRR1782966	16
RP11-395A13.2	SRR1782967	2.0082652899056073
RP11-395A13.2	SRR1782968	9.009719739357383
RP11-395A13.2	SRR1782969	6.074620848590601
RP11-395A13.2	SRR1782970	7.089790974150852
RP11-395A13.2	SRR1782971	4.068521782176737
RP11-395A13.2	SRR1782972	4.022917140465143
RP11-395A13.2	SRR1782973	3.155237975289964
RP11-395A13.2	SRR1782974	7
RP11-395A13.2	SRR1782975	2.0802636033405415
RP11-395A13.2	SRR1782976	3.0298448504629705
RP11-395A13.2	SRR1782977	7.0025190258185255
RP11-395A13.2	SRR1782978	11.186685755088801
RP11-395A13.2	SRR1782979	10.085358205549843
RP11-395A13.2	SRR1782980	9.016054374603275
RP11-395A13.2	SRR1782981	3.037512952894694
RP11-395A13.2	SRR1782982	12.070386967462664
RP11-395A13.2	SRR1782983	5.005026143792346
RP11-395A13.2	SRR1782984	12.004318329974616
RP11-395A13.2	SRR1782985	7.048073107005286
RP11-395A13.2	SRR1782986	5.015314740460419
RP11-395A13.2	SRR1782987	7.009034814155321
RP11-395A13.2	SRR1782988	7
RP11-395A13.2	SRR1782989	6.261840126449005
RP11-395A13.2	SRR1782990	4.055902555056422
RP11-395A13.2	SRR1782991	7.029453345246696
RP11-395A13.2	SRR1782992	9.022022073177732
RP11-395A13.2	SRR1782993	12.257390362081392
RP11-395A13.2	SRR1782994	7
RP11-395A13.2	SRR1782995	5.042456749431169
RP11-395A13.2	SRR1782996	8
RP11-395A13.2	SRR1782997	3.013564383855001
RP11-395A13.2	SRR1782998	6.02226035926567
RP11-395A13.2	SRR1782999	4.088355944078104
RP11-395A13.2	SRR1783000	3.0118756589962503
RP11-395A13.2	SRR1783001	7.118502250812562
RP11-395A13.2	SRR1783002	8.458456584094485
RP11-395A13.2	SRR1783003	8
RP11-395A13.2	SRR1783004	8.03703280442035
RP11-395A13.2	SRR1783005	5.081459180028075
RP11-395A13.2	SRR1783006	6.146110034716432
RP11-395A13.2	SRR1813867	3.1532359860290478
RP11-395A13.2	SRR1813868	5.100085286292588
RP11-395A13.2	SRR1813869	5.052930990438667
RP11-395A13.2	SRR1813870	11.97815568019378
RP11-395A13.2	SRR1813871	19.19127537341203
RP11-395A13.2	SRR1813872	24.3305731406926
RP11-395A13.2	SRR1813873	18.729968813109213
RP11-395A13.2	SRR1813874	17.185364538513888
RP11-395A13.2	SRR1813875	5
RP11-395A13.2	SRR1813876	4.021578761890382
RP11-395A13.2	SRR1813877	30.711786865748504
RP11-395A13.2	SRR1813878	7.005038958135776
RP11-395A13.2	SRR1813879	17
RP11-395A13.2	SRR1813880	3
RP11-395A13.2	SRR1813881	4.085049974481696
RP11-395A13.2	SRR1813882	24.878312622041406
RP11-395A13.2	SRR1813883	9.007948167944548
RP11-395A13.2	SRR1813884	6.082248170131615
RP11-395A13.2	SRR1813885	4
RP11-395A13.2	SRR1813886	5.00630039786456
RP11-395A13.2	SRR1813887	7.078179922568757
RP11-395A13.2	SRR1928188	91.74399910868311
RP11-395A13.2	SRR1928189	43.31378718036877
RP11-395A13.2	SRR1928190	64.56056283072982
RP11-395A13.2	SRR1928191	90.0009339610356
RP11-395A13.2	SRR1928192	71.90930067006047
RP11-395A13.2	SRR1928193	29.441241194959865
RP11-395A13.2	SRR2046996	16.13662515515163
RP11-395A13.2	SRR2046997	19.208792070735218
RP11-395A13.2	SRR2046998	26.520365871965076
RP11-395A13.2	SRR2046999	27.205240688931923
RP11-395A13.2	SRR2047000	28.295413810081467
RP11-395A13.2	SRR2047001	45.41865130720264
RP11-395A13.2	SRR2047002	9.167830274545722
RP11-395A13.2	SRR2047003	9.211663668998332
RP11-395A13.2	SRR2047004	17.133033483373033
RP11-395A13.2	SRR2047005	22.17679453359753
RP11-395A13.2	SRR2047006	17.255460399578467
RP11-395A13.2	SRR2047007	17.443380707323907
RP11-395A13.2	SRR2047008	36.44694101831677
RP11-395A13.2	SRR2047009	15.27550867080197
RP11-395A13.2	SRR2313973	14.181855225660152
RP11-395A13.2	SRR2313974	16.121999069223754
RP11-395A13.2	SRR2313975	11.114888959733552
RP11-395A13.2	SRR2313976	25.372831516311983
RP11-395A13.2	SRR2313977	27.23656728058069
RP11-395A13.2	SRR2313978	12.325630876112466
RP11-395A13.2	SRR2313979	15.157794029900021
RP11-395A13.2	SRR2313980	26.15322024776445
RP11-395A13.2	SRR2313981	22.079207466321982
RP11-395A13.2	SRR2313982	4.053479618210703
RP11-395A13.2	SRR2313983	22.37586379540227
RP11-395A13.2	SRR2313984	32.17513607230071
RP11-395A13.2	SRR2313985	20.39112145510946
RP11-395A13.2	SRR2313986	9.056295611772175
RP11-395A13.2	SRR2313987	26.08776468461439
RP11-395A13.2	SRR2313988	27.24683302065392
RP11-395A13.2	SRR2313989	25.270194355179427
RP11-395A13.2	SRR2313990	28.442825264904798
RP11-395A13.2	SRR2313991	4.0674061678421936
RP11-395A13.2	SRR2313992	19.29208844076498
RP11-395A13.2	SRR2313993	26.2731542765351
RP11-395A13.2	SRR2313994	18.398866206773835
RP11-395A13.2	SRR2313995	27.115630257901145
RP11-395A13.2	SRR2313996	37.16791663237331
RP11-395A13.2	SRR2313997	18.221054625787293
RP11-395A13.2	SRR2313998	25.62123248525756
RP11-395A13.2	SRR2313999	23.216877290740214
RP11-395A13.2	SRR2314000	12.104725044739624
RP11-395A13.2	SRR2314001	17.239997069788735
RP11-395A13.2	SRR2314002	6.065358516335934
RP11-395A13.2	SRR2314003	18.39662620221679
RP11-395A13.2	SRR2314004	20.160026443636273
RP11-395A13.2	SRR2314005	23.220154683582113
RP11-395A13.2	SRR2314006	16.307772898292296
RP11-395A13.2	SRR2314007	25.151512811821817
RP11-395A13.2	SRR2314008	45.05931308090855
RP11-395A13.2	SRR2314009	21.17414787611983
RP11-395A13.2	SRR2314010	28.185820060679703
RP11-395A13.2	SRR2314011	31.222932790024394
RP11-395A13.2	SRR2314012	23.170496518693852
RP11-395A13.2	SRR2314013	23.276149536372895
RP11-395A13.2	SRR2314014	21.244693794888054
RP11-395A13.2	SRR2314015	16.125235652346994
RP11-395A13.2	SRR2314016	4.013066987437599
RP11-395A13.2	SRR2314017	3.0595215440221906
RP11-395A13.2	SRR2314018	8.30263846065768
RP11-395A13.2	SRR2314019	25.084491647390045
RP11-395A13.2	SRR2314020	25.417649153886266
RP11-395A13.2	SRR2314021	22.111772696551068
RP11-395A13.2	SRR2314022	14.172690076752858
RP11-395A13.2	SRR2314023	22.218463065052145
RP11-395A13.2	SRR2314024	23.305981844498046
RP11-395A13.2	SRR2314025	13.06501856913148
RP11-395A13.2	SRR2314026	13.295679259189939
RP11-395A13.2	SRR2314027	15.113720715707434
RP11-395A13.2	SRR2314028	22.06341533562154
RP11-395A13.2	SRR2314029	45.10536351579305
RP11-395A13.2	SRR2314030	9.042994865828435
RP11-395A13.2	SRR2314031	19.335649590505014
RP11-395A13.2	SRR2314032	4.071270984599547
RP11-395A13.2	SRR2314033	17.419375307293294
RP11-395A13.2	SRR2314034	16.476741273249573
RP11-395A13.2	SRR2314035	13.615994173744486
RP11-395A13.2	SRR2314036	17.298024553505076
RP11-395A13.2	SRR2314037	24.33402809184224
RP11-395A13.2	SRR2314038	9.052236769837979
RP11-395A13.2	SRR2314039	21.2361754290084
RP11-395A13.2	SRR2314040	16.633857200797177
RP11-395A13.2	SRR2314041	26.198717604689197
RP11-395A13.2	SRR2314042	25.102047346613112
RP11-395A13.2	SRR2314043	15.138611789490904
RP11-395A13.2	SRR2314044	25.106395455656976
RP11-395A13.2	SRR2314045	5.038077155573637
RP11-395A13.2	SRR3493774	4
RP11-395A13.2	SRR3493775	4
RP11-395A13.2	SRR3493776	4.643903468400386
RP11-395A13.2	SRR3493777	1.0007198511622537
RP11-395A13.2	SRR3493778	2
RP11-395A13.2	SRR3493779	3.0107221693398336
RP11-395A13.2	SRR3493780	1.0498945968332396
RP11-395A13.2	SRR3493781	2
RP11-395A13.2	SRR3493782	1.008534950006251
RP11-395A13.2	SRR3493783	4.011016059891055
RP11-395A13.2	SRR3493784	3.062429573845382
RP11-395A13.2	SRR3493785	12.01079873885719
RP11-395A13.2	SRR3493786	1.0407280627260045
RP11-395A13.2	SRR3493787	5
RP11-395A13.2	SRR3493788	2
RP11-395A13.2	SRR3493789	4.07311560031927
RP11-395A13.2	SRR3493790	12
RP11-395A13.2	SRR3493791	8.011766673444878
RP11-395A13.2	SRR3493792	11.00791836278479
RP11-395A13.2	SRR3493793	10.098194431054244
RP11-395A13.2	SRR3493794	7.021926008873001
RP11-395A13.2	SRR3493795	5.018590379775675
RP11-395A13.2	SRR3493796	12.100612294364
RP11-395A13.2	SRR3493797	20
RP11-395A13.2	SRR3493798	6.067132547816712
RP11-395A13.2	SRR3493799	9
RP11-395A13.2	SRR3493800	3.021757995632372
RP11-395A13.2	SRR3493801	4.036856675369553
RP11-395A13.2	SRR3493802	10
RP11-395A13.2	SRR3493803	4
RP11-395A13.2	SRR3493804	9.006478660460283
RP11-395A13.2	SRR3493805	8.01919570384091
RP11-395A13.2	SRR3493806	6
RP11-395A13.2	SRR3493807	10
RP11-395A13.2	SRR3493808	6.012517712496756
RP11-395A13.2	SRR3493809	10.033796658956017
RP11-395A13.2	SRR3493810	15
RP11-395A13.2	SRR3493811	13
RP11-395A13.2	SRR3493812	9.006478660460283
RP11-395A13.2	SRR3493813	8.015248226107783
RP11-395A13.2	SRR3493814	14
RP11-395A13.2	SRR3493815	8.930206368619434
RP11-395A13.2	SRR3493816	7
RP11-395A13.2	SRR3493817	3.008739519049101
RP11-395A13.2	SRR3493818	2.0071752619305405
RP11-395A13.2	SRR3493819	14
RP11-395A13.2	SRR3493820	1.1220654621967874
RP11-395A13.2	SRR3493821	14.163851946875383
RP11-395A13.2	SRR3493822	13
RP11-395A13.2	SRR3493823	11.036103762816193
RP11-395A13.2	SRR3493824	6.247547676596274
RP11-395A13.2	SRR3493825	14.018452958504882
RP11-395A13.2	SRR3493826	10.007198511622537
RP11-395A13.2	SRR3493827	14
RP11-395A13.2	SRR3493828	9
RP11-395A13.2	SRR3493829	9.021595166821026
RP11-395A13.2	SRR3493830	8.697378843139749
RP11-395A13.2	SRR3493831	6.027293582160387
RP11-395A13.2	SRR3493832	6.001079485386262
RP11-395A13.2	SRR3493833	13.48630602577485
RP11-395A13.2	SRR3493834	6
RP11-395A13.2	SRR3493835	6.031612149711624
RP11-395A13.2	SRR3493836	11
RP11-395A13.2	SRR3493837	12.009333705193853
RP11-395A13.2	SRR3493838	14
RP11-395A13.2	SRR3493839	3.025021406756665
RP11-395A13.2	SRR3493840	4.078336887330612
RP11-395A13.2	SRR3493841	1.0021917441245578
RP11-395A13.2	SRR3493846	10.228419618819704
RP11-395A13.2	SRR3493847	6.220206034424914
RP11-395A13.2	SRR3493848	16.00575777329949
RP11-395A13.2	SRR3493849	3.101165012111901
RP11-395A13.2	SRR3493850	11
RP11-395A13.2	SRR3714631	11
RP11-395A13.2	SRR3714632	15.084347394301059
RP11-395A13.2	SRR3714633	16.185680054386342
RP11-395A13.2	SRR3714634	20.13342421393025
RP11-395A13.2	SRR3714635	42
RP11-395A13.2	SRR3714636	11
RP11-395A13.2	SRR3714637	34
RP11-395A13.2	SRR3714638	54
RP11-395A13.2	SRR3714639	36.54414763157785
RP11-395A13.2	SRR3714640	23.975367561191135
RP11-395A13.2	SRR3714641	40.751983108408936
RP11-395A13.2	SRR3714642	31.240418507356445
RP11-395A13.2	SRR3714643	24.347083362255923
RP11-395A13.2	SRR3714644	26.865760649716808
RP11-395A13.2	SRR3714645	55.36033385528477
RP11-395A13.2	SRR3714646	61.0219515107043
RP11-395A13.2	SRR3714648	55.28527628459495
RP11-395A13.2	SRR3714649	38.789429301582274
RP11-395A13.2	SRR3714650	16.110179349915782
RP11-395A13.2	SRR3714651	40.87787863667551
RP11-395A13.2	SRR3714652	27.80539321799482
RP11-395A13.2	SRR3714653	55
RP11-395A13.2	SRR3714654	63
RP11-395A13.2	SRR3714655	28.021012398714333
RP11-395A13.2	SRR3714656	41.9731922261316
RP11-395A13.2	SRR3714657	26.425401358522816
RP11-395A13.2	SRR3714658	38.420548664070246
RP11-395A13.2	SRR3714659	24.097944423465854
RP11-395A13.2	SRR3714660	58
RP11-395A13.2	SRR3714661	37
RP11-395A13.2	SRR3714662	15.165263624695166
RP11-395A13.2	SRR3714663	73.0547823252195
RP11-395A13.2	SRR3714664	17.136600165832586
RP11-395A13.2	SRR3714665	37
RP11-395A13.2	SRR3714666	33
RP11-395A13.2	SRR3714667	17.61549578271317
RP11-395A13.2	SRR3714668	55
RP11-395A13.2	SRR3714669	41.37994342688313
RP11-395A13.2	SRR3714670	67.90302904363844
RP11-395A13.2	SRR3714671	87.10962692284336
RP11-395A13.2	SRR3714672	20.054932479148246
RP11-395A13.2	SRR3714673	27.696143801694962
RP11-395A13.2	SRR3714674	28.340970093739617
RP11-395A13.2	SRR3714675	24.124628996635813
RP11-395A13.2	SRR3714676	66
RP11-395A13.2	SRR3714677	54.12809084480426
RP11-395A13.2	SRR3714678	33.262363458264616
RP11-395A13.2	SRR3714679	44.07129732972616
RP11-395A13.2	SRR3714680	20.03451607071626
RP11-395A13.2	SRR3714681	16.05696301082618
RP11-395A13.2	SRR3714682	34.73234610341763
RP11-395A13.2	SRR3714683	51.106400556222425
RP11-395A13.2	SRR3714684	35.853891926580594
RP11-395A13.2	SRR3714685	30.05269277809173
RP11-395A13.2	SRR3714686	26.18864701127137
RP11-395A13.2	SRR3714688	8.05971744955272
RP11-395A13.2	SRR3714689	28.61661077905404
RP11-395A13.2	SRR3714690	19.94990704194646
RP11-395A13.2	SRR3714691	60
RP11-395A13.2	SRR3714692	33.89853592253293
RP11-395A13.2	SRR3714693	18.347063638351315
RP11-395A13.2	SRR3714694	46.059757551565724
RP11-395A13.2	SRR3714695	31.22713339192711
RP11-395A13.2	SRR3714696	40
RP11-395A13.2	SRR3714697	41.377607325908635
RP11-395A13.2	SRR3714698	11.145345988138674
RP11-395A13.2	SRR3714699	32.4791947927173
RP11-395A13.2	SRR3714700	20.463233217468588
RP11-395A13.2	SRR3714701	49.511694647403594
RP11-395A13.2	SRR3714702	61.52683591684195
RP11-395A13.2	SRR3714703	52.05528655029425
RP11-395A13.2	SRR3714704	20.525418380772884
RP11-395A13.2	SRR3714705	64.16527884420691
RP11-395A13.2	SRR3714706	7.245595509426649
RP11-395A13.2	SRR3714707	32.02303523719212
RP11-395A13.2	SRR3714708	5.11633217602341
RP11-395A13.2	SRR3714709	21.626307195248277
RP11-395A13.2	SRR3714710	21.171825005895055
RP11-395A13.2	SRR3714711	30.49909735905562
RP11-395A13.2	SRR3714712	38
RP11-395A13.2	SRR3714713	35
RP11-395A13.2	SRR3714714	25
RP11-395A13.2	SRR3714715	26.125443600618585
RP11-395A13.2	SRR3714716	35
RP11-395A13.2	SRR3714717	25
RP11-395A13.2	SRR3714718	33
RP11-395A13.2	SRR3714719	25.50638751615678
RP11-395A13.2	SRR3714720	44.42783960638599
RP11-395A13.2	SRR3714721	22.01467912903081
RP11-395A13.2	SRR3714723	28.25742912409753
RP11-395A13.2	SRR3714724	67.19723672486523
RP11-395A13.2	SRR3714725	33.41014783886246
RP11-395A13.2	SRR3714726	40.71096023424399
RP11-395A13.2	SRR3714727	43.0702960513225
RP11-395A13.2	SRR3714728	52.430514127969204
RP11-395A13.2	SRR3714729	12.314719982407611
RP11-395A13.2	SRR3714730	29.162893404724425
RP11-395A13.2	SRR3714731	105.01889099425959
RP11-395A13.2	SRR3714732	23.456070888537862
RP11-395A13.2	SRR3714734	20.953393983208514
RP11-395A13.2	SRR3714735	28.712287399182905
RP11-395A13.2	SRR3714736	21.22414217851564
RP11-395A13.2	SRR3714737	47
RP11-395A13.2	SRR3714738	49.435337437101815
RP11-395A13.2	SRR3714739	25.269364240355735
RP11-395A13.2	SRR3714740	63.55437020861278
RP11-395A13.2	SRR3714741	34.036719015350116
RP11-395A13.2	SRR3714744	41.21834650284715
RP11-395A13.2	SRR3714745	12.488142398050373
RP11-395A13.2	SRR3714746	14.119696606170105
RP11-395A13.2	SRR3714747	27.239595463506575
RP11-395A13.2	SRR3714748	12.134790397743938
RP11-395A13.2	SRR3714749	12.250582875958381
RP11-395A13.2	SRR3714750	28.66604313893682
RP11-395A13.2	SRR3714751	22.023759362873605
RP11-395A13.2	SRR3714752	42
RP11-395A13.2	SRR3714753	13.102783328323849
RP11-395A13.2	SRR3714754	76
RP11-395A13.2	SRR3714755	24.406987161619867
RP11-395A13.2	SRR3714756	24.520324292274807
RP11-395A13.2	SRR3714757	41.02371825714733
RP11-395A13.2	SRR3714758	36.0203734939702
RP11-395A13.2	SRR3714759	48.211007068920566
RP11-395A13.2	SRR3714760	8.007199159238127
RP11-395A13.2	SRR3714761	43.01547401574237
RP11-395A13.2	SRR3714762	36.83138014638422
RP11-395A13.2	SRR3714764	30
RP11-395A13.2	SRR3714765	40.947969932933944
RP11-395A13.2	SRR3714766	44
RP11-395A13.2	SRR3714767	25.37759516448817
RP11-395A13.2	SRR3714768	28
RP11-395A13.2	SRR5176628	7.048553705529411
RP11-395A13.2	SRR5176629	4.023076914075484
RP11-395A13.2	SRR5176630	6.013599449997636
RP11-395A13.2	SRR5176631	9.08813431389144
RP11-395A13.2	SRR5176632	6.017112912955865
RP11-395A13.2	SRR5176633	5.032640573887635
RP11-395A13.2	SRR5176634	1.0398318552023067
RP11-395A13.2	SRR5176635	5.030963402757671
RP11-395A13.2	SRR5176636	10.262757511402583
RP11-395A13.2	SRR5176637	6.177984108795903
RP11-395A13.2	SRR5176638	1.1227010298695481
RP11-395A13.2	SRR5176639	10
RP11-395A13.2	SRR5176640	3.132593825587852
RP11-395A13.2	SRR5176641	6.089186924263104
RP11-395A13.2	SRR5176642	7.0133421978443105
RP11-395A13.2	SRR5176643	13.02243544596557
RP11-395A13.2	SRR5176644	12.002158970772523
RP11-395A13.2	SRR5176645	2.077607674552947
RP11-395A13.2	SRR5176646	4.0746855734369785
RP11-395A13.2	SRR5176647	9.05276103839577
RP11-395A13.2	SRR5176648	5.014107481318985
RP11-395A13.2	SRR5176649	8.054401024324742
RP11-395A13.2	SRR5176650	2.048202988678463
RP11-395A13.2	SRR5176651	9.14309152970749
RP11-395A13.2	SRR5176652	5.027873536458604
RP11-395A13.2	SRR5176653	7.018914804128925
RP11-395A13.2	SRR5176654	5.040815088454714
RP11-395A13.2	SRR5176655	5.00630039786456
RP11-395A13.2	SRR5176656	5.350551453655634
RP11-395A13.2	SRR5176657	4.321344796524792
RP11-395A13.2	SRR5176658	10.01651013035654
RP11-395A13.2	SRR5176659	13.028094409419248
RP11-395A13.2	SRR5176660	7.00805438825106
RP11-395A13.2	SRR5176661	5.027740390684401
RP11-395A13.2	SRR5176662	12.619231612885875
RP11-395A13.2	SRR5176663	4.025740955380693
RP11-395A13.2	SRR5176664	5
RP11-395A13.2	SRR5176665	7.062553123236313
RP11-395A13.2	SRR5176666	7.0271394408883285
RP11-395A13.2	SRR5176667	6.472268595914781
RP11-395A13.2	SRR5176668	12.052089193060365
RP11-395A13.2	SRR5176669	11.105421209828508
RP11-395A13.2	SRR5176670	7.045668005643159
RP11-395A13.2	SRR5176671	9.01620539658334
RP11-395A13.2	SRR5176672	6.033448243750325
RP11-395A13.2	SRR5176673	3.0143697923725714
RP11-395A13.2	SRR5176674	5.011707057310339
RP11-395A13.2	SRR5176675	8.033906552146982
RP11-395A13.2	SRR5176676	6.1104297787159405
RP11-395A13.2	SRR5176677	11.015842425612234
RP11-395A13.2	SRR5176678	9.201120572681221
RP11-395A13.2	SRR5176679	11.099511107414077
RP11-395A13.2	SRR5176680	13.036897820248184
RP11-395A13.2	SRR5176681	3.003331721092254
RP11-395A13.2	SRR5176682	2.0198941119883824
RP11-395A13.2	SRR5176683	5.022868899040618
RP11-395A13.2	SRR5176684	8.02126321151926
RP11-395A13.2	SRR5176685	8.02390446206806
RP11-395A13.2	SRR5176686	10.043575891380984
RP11-395A13.2	SRR5176687	10.045246999842108
RP11-395A13.2	SRR5176688	4.053125654078126
RP11-395A13.2	SRR5176689	5.037516000689498
RP11-395A13.2	SRR5176690	9.22986470566451
RP11-395A13.2	SRR5176691	10.009304920576113
RP11-395A13.2	SRR5176692	3.0293543821244797
RP11-395A13.2	SRR5176693	15.11084193329794
RP11-395A13.2	SRR5176694	8
RP11-395A13.2	SRR5176695	5.071777334209037
RP11-395A13.2	SRR5176696	2.2557863881051508
RP11-395A13.2	SRR5176697	2.055157880539488
RP11-395A13.2	SRR5176698	2.3296475672887755
RP11-395A13.2	SRR5176699	8.200120098617536
RP11-395A13.2	SRR5176700	3.2670432606045923
RP11-395A13.2	SRR5176701	4.136825904753252
RP11-395A13.2	SRR5176702	14
RP11-395A13.2	SRR5176703	4.090322618814073
RP11-395A13.2	SRR5176704	8.034945841777914
RP11-395A13.2	SRR5176705	5.01072161079157
RP11-395A13.2	SRR5176706	5.1363394533166415
RP11-395A13.2	SRR5176707	10.196549551650262
RP11-395A13.2	SRR5176708	10.098820554003874
RP11-395A13.2	SRR5176709	6.028847537971043
RP11-395A13.2	SRR5176710	10
RP11-395A13.2	SRR5176711	11.020966310898201
RP11-395A13.2	SRR5176712	7.089695077692091
RP11-395A13.2	SRR5176713	6.052922819796193
RP11-395A13.2	SRR5176714	4.241059061636713
RP11-395A13.2	SRR5176715	13.016381034447859
RP11-395A13.2	SRR5176716	4.007923351219644
RP11-395A13.2	SRR5176717	12.078706607796562
RP11-395A13.2	SRR5176718	7.061645704375469
RP11-395A13.2	SRR5176719	6.014048468772407
RP11-395A13.2	SRR5176720	7
RP11-395A13.2	SRR5176721	7
RP11-395A13.2	SRR5176722	5.099170883606655
RP11-395A13.2	SRR5176723	5.048056769267455
RP11-395A13.2	SRR5176724	9.048953871679995
RP11-395A13.2	SRR5176725	1.0122963584203841
RP11-395A13.2	SRR5176726	9
RP11-395A13.2	SRR5176727	14.009031900754206
RP11-395A13.2	SRR5176728	7.173249864203423
RP11-395A13.2	SRR5176729	5.009683280867281
RP11-395A13.2	SRR5176730	9.058878216553428
RP11-395A13.2	SRR5176731	7.032508028815307
RP11-395A13.2	SRR5176732	5
RP11-395A13.2	SRR5176733	4.009066299998424
RP11-395A13.2	SRR5176734	3.243077759030764
RP11-395A13.2	SRR5176735	13.030438349006882
RP11-395A13.2	SRR5176736	17.033388927620358
RP11-395A13.2	SRR5176737	6.017542792782245
RP11-395A13.2	SRR5176738	5.055302027252246
RP11-395A13.2	SRR5176739	10.079439701204656
RP11-395A13.2	SRR5176740	6.024980045577992
RP11-395A13.2	SRR5176741	5.204920075323755
RP11-395A13.2	SRR5176742	6.06342620651559
RP11-395A13.2	SRR5176743	7.082939413859993
RP11-395A13.2	SRR5176744	4.053676796000444
RP11-395A13.2	SRR5176745	6.055035103554845
RP11-395A13.2	SRR5176746	11.024932324995666
RP11-395A13.2	SRR5176747	8
RP11-395A13.2	SRR5176748	5.00630039786456
RP11-395A13.2	SRR5176749	10.163680173815271
RP11-395A13.2	SRR5176750	9.146025275601671
RP11-395A13.2	SRR5176751	6.021810727377615
RP11-395A13.2	SRR5176752	7.031768011530087
RP11-395A13.2	SRR5176753	9.023645263341486
RP11-395A13.2	SRR5176754	7.036829837905885
RP11-395A13.2	SRR5176755	12.006478077676157
RP11-395A13.2	SRR5176756	7.201983195265948
RP11-395A13.2	SRR5176757	2.1115328871426313
RP11-395A13.2	SRR5176758	8.090827587842067
RP11-395A13.2	SRR5176759	5.137032640129
RP11-395A13.2	SRR5176760	6.0348487969609055
RP11-395A13.2	SRR5176761	8.046789858505653
RP11-395A13.2	SRR5176762	5.371914030648281
RP11-395A13.2	SRR5176763	8.061167507420086
RP11-395A13.2	SRR5176764	10.007198511622537
RP11-395A13.2	SRR5176765	2.003451607071626
RP11-395A13.2	SRR5176766	10.028382938652449
RP11-395A13.2	SRR5176767	10.010052287584692
RP11-395A13.2	SRR5176768	6.091174509948679
RP11-395A13.2	SRR5176769	6.017719789990359
RP11-395A13.2	SRR5176770	8.018731291696543
RP11-395A13.2	SRR5176771	10.02446897019748
RP11-395A13.2	SRR5176772	7.043903461627403
RP11-395A13.2	SRR5176773	8.060023240385473
RP11-395A13.2	SRR5176774	4.024774196313855
RP11-395A13.2	SRR5176775	6.057564882603952
RP11-395A13.2	SRR5176776	9.074482803375219
RP11-395A13.2	SRR5176777	5.050026260887255
RP11-395A13.2	SRR5176778	7.040318147258989
RP11-395A13.2	SRR5176779	6.03103652878901
RP11-395A13.2	SRR5176780	12.036960522385684
RP11-395A13.2	SRR5176781	7.04464475603707
RP11-395A13.2	SRR5176782	12.09869739402386
RP11-395A13.2	SRR5176783	3.027906586662919
RP11-395A13.2	SRR5176784	15.060816563406402
RP11-395A13.2	SRR5176785	9.015892932113896
RP11-395A13.2	SRR5176786	13
RP11-395A13.2	SRR5176787	5.038383709022503
RP11-395A13.2	SRR5176788	7.18731644253464
RP11-395A13.2	SRR5176789	7.099000684847673
RP11-395A13.2	SRR5176790	9.084838397074725
RP11-395A13.2	SRR5176791	7.061548120337234
RP11-395A13.2	SRR5176792	9
RP11-395A13.2	SRR5176793	9.082803681955465
RP11-395A13.2	SRR5176794	9.040568219306559
RP11-395A13.2	SRR5176795	6.025245724497168
RP11-395A13.2	SRR5176796	6.13587667463049
RP11-395A13.2	SRR5176797	10.069962891030084
RP11-395A13.2	SRR5176798	8.042202377554752
RP11-395A13.2	SRR5176799	15
RP11-395A13.2	SRR5176800	9.07192499876034
RP11-395A13.2	SRR5176801	5.087203804964186
RP11-395A13.2	SRR5176802	6.085075471711004
RP11-395A13.2	SRR5176803	3.0123058497428357
RP11-395A13.2	SRR5176804	1.0213406344461267
RP11-395A13.2	SRR5176805	7.02711678461023
RP11-395A13.2	SRR5176806	5.148876987981509
RP11-395A13.2	SRR5176807	3.002159553486761
RP11-395A13.2	SRR5176808	13.004678190805834
RP11-395A13.2	SRR5176809	4.005760882040813
RP11-395A13.2	SRR5176810	9
RP11-395A13.2	SRR5176811	9
RP11-395A13.2	SRR5176812	9.009719739357383
RP11-395A13.2	SRR5176813	9.01066791460025
RP11-395A13.2	SRR5176814	14
RP11-395A13.2	SRR5176815	3.0423463267115327
RP11-395A13.2	SRR5176816	6.086517495723767
RP11-395A13.2	SRR5176817	4.021010382236802
RP11-395A13.2	SRR5176818	8.020419149429106
RP11-395A13.2	SRR5176819	3.158920431564536
RP11-395A13.2	SRR5176820	2.044681473721294
RP11-395A13.2	SRR5176821	8.074696888416552
RP11-395A13.2	SRR5176822	4.1178647078607264
RP11-395A13.2	SRR5176823	14.052754669270524
RP11-395A13.2	SRR5176824	7.0395773081300375
RP11-395A13.2	SRR5176825	6.006663442184508
RP11-395A13.2	SRR5176826	4.033226758701497
RP11-395A13.2	SRR5176827	10.037809013616064
RP11-395A13.2	SRR5176828	11.043621592610544
RP11-395A13.2	SRR5176829	8.021862136973025
RP11-395A13.2	SRR5176830	7.003778878644424
RP11-395A13.2	SRR5176831	7.036060607313857
RP11-395A13.2	SRR5176832	9.090966740880026
RP11-395A13.2	SRR5176833	12.06948577246976
RP11-395A13.2	SRR5176834	5.019606650900654
RP11-395A13.2	SRR5176835	8.028802715026176
RP11-395A13.2	SRR5176836	8.007199159238127
RP11-395A13.2	SRR5176837	7.357071800775497
RP11-395A13.2	SRR5176838	7.1747901775652565
RP11-395A13.2	SRR5176839	2.0815326309786046
RP11-395A13.2	SRR5176840	11.00593823786981
RP11-395A13.2	SRR5176841	2.028192815016065
RP11-395A13.2	SRR5176842	3.0187990460767855
RP11-395A13.2	SRR5176843	3.0232800917616607
RP11-395A13.2	SRR5176844	6.017479038098202
RP11-395A13.2	SRR5176845	4.058729413411586
RP11-395A13.2	SRR5176846	11.049213219886619
RP11-395A13.2	SRR5176847	7.143736724308155
RP11-395A13.2	SRR5176848	3.025845551127637
RP11-395A13.2	SRR5176849	4.078061013832879
RP11-395A13.2	SRR5176850	5.068608699739046
RP11-395A13.2	SRR5176851	8.008639768317675
RP11-395A13.2	SRR5176852	4.089080403161801
RP11-395A13.2	SRR5176853	9.022544591823777
RP11-395A13.2	SRR5176854	5.234594163485378
RP11-395A13.2	SRR5176855	9.020494745366653
RP11-395A13.2	SRR5176856	3.0485143388732725
RP11-395A13.2	SRR5176857	7.024921317236455
RP11-395A13.2	SRR5176858	11.07594663022019
RP11-395A13.2	SRR5176859	8.014270555202911
RP11-395A13.2	SRR5176860	8
RP11-395A13.2	SRR5176861	12.023770053658932
RP11-395A13.2	SRR5176862	7.041561651598797
RP11-395A13.2	SRR5176863	11.02755450111795
RP11-395A13.2	SRR5176864	2.009793671524678
RP11-395A13.2	SRR5176865	7.0133421978443105
RP11-395A13.2	SRR5176866	10
RP11-395A13.2	SRR5176867	6.025486787124839
RP11-395A13.2	SRR5176868	8.281950591580662
RP11-395A13.2	SRR5176869	4.009787588078992
RP11-395A13.2	SRR5176870	10.045214612850003
RP11-395A13.2	SRR5176871	12.041253330541217
RP11-395A13.2	SRR5176872	5.097888468045717
RP11-395A13.2	SRR5861974	7.092750994293486
RP11-395A13.2	SRR5861975	4.037292908421868
RP11-395A13.2	SRR5861976	5.201236828482533
RP11-395A13.2	SRR5861977	5
RP11-395A13.2	SRR5861978	4.01946446945395
RP11-395A13.2	SRR5861979	10.095941471006586
RP11-395A13.2	SRR5861980	7
RP11-395A13.2	SRR5861981	1.0201142576930606
RP11-395A13.2	SRR5861982	3.7021805298044055
RP11-395A13.2	SRR5861983	5.008325344008967
RP11-395A13.2	SRR5861984	11.090900219164151
RP11-395A13.2	SRR5861985	5.086739103688309
RP11-395A13.2	SRR5861986	13.025955845378787
RP11-395A13.2	SRR5861987	6.077687213453397
RP11-395A13.2	SRR5861988	7.124450276408039
RP11-395A13.2	SRR5861989	3.0376156021925285
RP11-395A13.2	SRR5861990	8.024369173821315
RP11-395A13.2	SRR5861991	8
RP11-395A13.2	SRR5861992	7
RP11-395A13.2	SRR5861993	6.022758124782858
RP11-395A13.2	SRR5861994	7
RP11-395A13.2	SRR5861995	9.079413502731919
RP11-395A13.2	SRR5861996	7.029573149889586
RP11-395A13.2	SRR5861997	5.129440987755378
RP11-395A13.2	SRR5861998	4.023076914075484
RP11-395A13.2	SRR5861999	4.108181905814022
RP11-395A13.2	SRR5862000	10.00359860831218
RP11-395A13.2	SRR5862001	14
RP11-395A13.2	SRR5862002	5.005399855198546
RP11-395A13.2	SRR5862003	8.019896029439852
RP11-395A13.2	SRR5862004	14.078836673670496
RP11-395A13.2	SRR5862005	7.037061522597406
RP11-395A13.2	SRR5862006	11.04158991497767
RP11-395A13.2	SRR5862007	5.042917974203257
RP11-395A13.2	SRR5862008	6.024142469475604
RP11-395A13.2	SRR5862009	7.024987624281486
RP11-395A13.2	SRR5862010	3.1549223776871647
RP11-395A13.2	SRR5862011	2.07225561536582
RP11-395A13.2	SRR5862012	8.056462856631468
RP11-395A13.2	SRR5862013	4.083896429830115
RP11-395A13.2	SRR5862014	7.034395676885009
RP11-395A13.2	SRR5862015	10
RP11-395A13.2	SRR5862016	12.050250751069107
RP11-395A13.2	SRR5862017	7.058049292039943
RP11-395A13.2	SRR5862018	16.06427436097121
RP11-395A13.2	SRR5862019	6.0489545205121535
RP11-395A13.2	SRR5862020	8.028701047722162
RP11-395A13.2	SRR5862021	5.030397224711695
RP11-395A13.2	SRR5862022	8.038784992937087
RP11-395A13.2	SRR5862023	9.068536223929259
RP11-395A13.2	SRR5862024	5.01366383560814
RP11-395A13.2	SRR5862025	9
RP11-395A13.2	SRR5862026	7.055353025597858
RP11-395A13.2	SRR5862027	8.00431871845077
RP11-395A13.2	SRR5862028	2.25362426246202
RP11-395A13.2	SRR5862029	4.083058188363302
RP11-395A13.2	SRR5862030	12.033691660720336
RP11-395A13.2	SRR5862031	5.035357393600453
RP11-395A13.2	SRR5862032	5.36892513554948
RP11-395A13.2	SRR5862033	9.013910501045824
RP11-395A13.2	SRR5862034	1.2459835850410172
RP11-395A13.2	SRR5862035	10.066340409403033
RP11-395A13.2	SRR5862036	5.089313140387865
RP11-395A13.2	SRR5862037	2.109496859285685
RP11-395A13.2	SRR5862038	3.2389930329344727
RP11-395A13.2	SRR5862039	4.006903214143252
RP11-395A13.2	SRR5862040	4.026235535932187
RP11-395A13.2	SRR5862041	8.04413871864312
RP11-395A13.2	SRR5862042	9.080154590948144
RP11-395A13.2	SRR5862043	17
RP11-395A13.2	SRR5862044	2.0028110294501467
RP11-395A13.2	SRR5862045	10.04247884030533
RP11-395A13.2	SRR5862046	8.064692891932696
RP11-395A13.2	SRR5862047	9.080243531952746
RP11-395A13.2	SRR5862048	6.238282709849978
RP11-395A13.2	SRR5862049	10.156069730173327
RP11-395A13.2	SRR5862050	7.023657661269213
RP11-395A13.2	SRR5862051	5.024123769349728
RP11-395A13.2	SRR5862052	8.027636683755764
RP11-395A13.2	SRR5862053	8.021375770682457
RP11-395A13.2	SRR5862054	4.107024485942042
RP11-395A13.2	SRR5862055	9.209279291629258
RP11-395A13.2	SRR5862056	4.132071677394287
RP11-395A13.2	SRR5862057	7.054865342814539
RP11-395A13.2	SRR5862058	13.02986378110787
RP11-395A13.2	SRR5862059	7.1977224965635065
RP11-395A13.2	SRR5862060	5.047301206753445
RP11-395A13.2	SRR5862061	14.050036790252557
RP11-395A13.2	SRR5862062	3.001619519419039
RP11-395A13.2	SRR5862063	8.099432151377764
RP11-395A13.2	SRR5862064	13.025176530254932
RP11-395A13.2	SRR5862065	9.02269572251719
RP11-395A13.2	SRR5862066	3.0273575243212805
RP11-395A13.2	SRR5862067	1.2346054739520673
RP11-395A13.2	SRR5862068	8.0382435747043
RP11-395A13.2	SRR5862069	6.012966650501191
RP11-395A13.2	SRR5862070	4.054071894127422
RP11-395A13.2	SRR5862071	2.5052060457972365
RP11-395A13.2	SRR5862072	1.2641489791098965
RP11-395A13.2	SRR5862073	17.031812207701268
RP11-395A13.2	SRR5862074	6.030531624834268
RP11-395A13.2	SRR5862075	5.034431046848682
RP11-395A13.2	SRR5862076	1.2411031446573944
RP11-395A13.2	SRR5862077	15.059028051611294
RP11-395A13.2	SRR5862078	6.467314425679673
RP11-395A13.2	SRR5862079	7.072863959765417
RP11-395A13.2	SRR5862080	10.186454033243084
RP11-395A13.2	SRR5862081	8.013806428286504
RP11-395A13.2	SRR5862082	6.022894136824122
RP11-395A13.2	SRR5862083	9
RP11-395A13.2	SRR5862084	9.062966601927075
RP11-395A13.2	SRR5862085	10
RP11-395A13.2	SRR5862086	10.250917577235414
RP11-395A13.2	SRR5862087	4.048753117963792
RP11-395A13.2	SRR5862088	1.1217892178413114
RP11-395A13.2	SRR5862089	4.0496759032797804
RP11-395A13.2	SRR5862090	9.015532231822318
RP11-395A13.2	SRR5862091	7.098895904936161
RP11-395A13.2	SRR5862092	2.0417652061494467
RP11-395A13.2	SRR5862093	13.002338885003567
RP11-395A13.2	SRR5862094	7.035038753000102
RP11-395A13.2	SRR5862095	3.263007177526689
RP11-395A13.2	SRR5862096	8.017533952996462
RP11-395A13.2	SRR5862097	7.037785523910421
RP11-395A13.2	SRR5862098	18.116065618460894
RP11-395A13.2	SRR5862099	2.0456078953782524
RP11-395A13.2	SRR5862100	13.034552718718796
RP11-395A13.2	SRR5862101	4.235019232423858
RP11-395A13.2	SRR5862102	7.041274307017829
RP11-395A13.2	SRR5862103	7.165324758075414
RP11-395A13.2	SRR5862104	5.020864095288633
RP11-395A13.2	SRR5862105	7.078806251789502
RP11-395A13.2	SRR5862106	11.047108623589356
RP11-395A13.2	SRR5862107	13
RP11-395A13.2	SRR5862108	15.10427829478201
RP11-395A13.2	SRR5862109	7.012604197342598
RP11-395A13.2	SRR5862110	6.0482630424874015
RP11-395A13.2	SRR5862111	5.075823592173498
RP11-395A13.2	SRR5862112	3.011412741992522
RP11-395A13.2	SRR5862113	2.01770853284336
RP11-395A13.2	SRR5862114	6.028314108569793
RP11-395A13.2	SRR5862115	8.054767413678135
RP11-395A13.2	SRR5862116	5.129058015233698
RP11-395A13.2	SRR5862117	6.019828511492112
RP11-395A13.2	SRR5862118	3.0252488087398866
RP11-395A13.2	SRR5862119	7.0291207237686155
RP11-395A13.2	SRR5862120	10.009445377129692
RP11-395A13.2	SRR5862121	10.014708341806099
RP11-395A13.2	SRR5862122	11.022949139577387
RP11-395A13.2	SRR5862123	11.025269353245122
RP11-395A13.2	SRR5862124	7.022394232610767
RP11-395A13.2	SRR5862125	8
RP11-395A13.2	SRR5862126	6.005399369428595
RP11-395A13.2	SRR5862127	10.037988754978041
RP11-395A13.2	SRR5862128	9.033390538898505
RP11-395A13.2	SRR5862129	4.3153172055433515
RP11-395A13.2	SRR5862130	9.055856614411455
RP11-395A13.2	SRR5862131	10.02266574999606
RP11-395A13.2	SRR5862132	9.008099054142892
RP11-395A13.2	SRR5862133	9.008620766424578
RP11-395A13.2	SRR5862134	7.001996206202154
RP11-395A13.2	SRR5862135	6.07688149516465
RP11-395A13.2	SRR5862136	11.003958469143397
RP11-395A13.2	SRR5862137	9.019449975751787
RP11-395A13.2	SRR5862138	7.012486735802548
RP11-395A13.2	SRR5862139	4.005461805328575
RP11-395A13.2	SRR5862140	7.023133263407464
RP11-395A13.2	SRR5862141	11.048758399038583
RP11-395A13.2	SRR5862142	10.027021148755608
RP11-395A13.2	SRR5862143	12.004318329974616
RP11-395A13.2	SRR5862144	10.057733394052473
RP11-395A13.2	SRR5862145	12.039657022984224
RP11-395A13.2	SRR5862146	6.081663768862195
RP11-395A13.2	SRR5862147	4.0293671772266375
RP11-395A13.2	SRR5862148	7
RP11-395A13.2	SRR5862149	5.0287986766135635
RP11-395A13.2	SRR5862150	9.022022073177732
RP11-395A13.2	SRR5862151	5.062453112529348
RP11-395A13.2	SRR5862152	7.172915165763731
RP11-395A13.2	SRR5862153	6.124504441423979
RP11-395A13.2	SRR5862154	5
RP11-395A13.2	SRR5862155	7.04427032947477
RP11-395A13.2	SRR5862156	2.0517063650864458
RP11-395A13.2	SRR5862157	7.182568526545139
RP11-395A13.2	SRR5862158	14.007557757288849
RP11-395A13.2	SRR5862159	12.071199971885862
RP11-395A13.2	SRR5862160	1.0382660511696764
RP11-395A13.2	SRR5862161	6.016396602729769
RP11-395A13.2	SRR5862162	5.016677112919094
RP11-395A13.2	SRR5862163	5.017647553186879
RP11-395A13.2	SRR5862164	7.351136690867673
RP11-395A13.2	SRR5862165	10.043278241973693
RP11-395A13.2	SRR5862166	9.038543419300382
RP11-395A13.2	SRR5862167	4.0083451416645035
RP11-395A13.2	SRR5862168	13.021463169463503
RP11-395A13.2	SRR5862169	6.02226035926567
RP11-395A13.2	SRR5862170	3.03338081233432
RP11-395A13.2	SRR5862171	5.008629017679065
RP11-395A13.2	SRR5862172	11.0193206853003
RP11-395A13.2	SRR5862173	7.176542640272376
RP11-395A13.2	SRR5862174	4.113699981567432
RP11-395A13.2	SRR5862175	7.034180644491242
RP11-395A13.2	SRR5862176	6.103882438495865
RP11-395A13.2	SRR5862177	5.161359046421352
RP11-395A13.2	SRR5862178	6.1728580823858925
RP11-395A13.2	SRR5862179	8.044985276960563
RP11-395A13.2	SRR5862180	2.327482634872731
RP11-395A13.2	SRR5862181	9.19073021689666
RP11-395A13.2	SRR5862182	6.056467277349205
RP11-395A13.2	SRR5862183	9.045049825285846
RP11-395A13.2	SRR5862184	5.137198512941893
RP11-395A13.2	SRR5862185	9
RP11-395A13.2	SRR5862186	10.073417943066595
RP11-395A13.2	SRR5862187	12.090848471043833
RP11-395A13.2	SRR5862188	2.078579927562468
RP11-395A13.2	SRR5862189	10.08371293527428
RP11-395A13.2	SRR5862190	11.015019964653582
RP11-395A13.2	SRR5862191	2.0239982355386106
RP11-395A13.2	SRR5862192	5.226133645123841
RP11-395A13.2	SRR5862193	10.035876309652703
RP11-395A13.2	SRR5862194	6.031893102092218
RP11-395A13.2	SRR5862195	8.050776468962498
RP11-395A13.2	SRR5862196	10
RP11-395A13.2	SRR5862197	5
RP11-395A13.2	SRR5862198	2.202179098463043
RP11-395A13.2	SRR5862199	8.01982033171117
RP11-395A13.2	SRR5862200	8.017533952996462
RP11-395A13.2	SRR5862201	19.502773833086056
RP11-395A13.2	SRR5862202	8.175193171838762
RP11-395A13.2	SRR5862203	7.240516996591373
RP11-395A13.2	SRR5862204	11
RP11-395A13.2	SRR5862205	14
RP11-395A13.2	SRR5862206	10.181176093417285
RP11-395A13.2	SRR5862207	5.026614336599396
RP11-395A13.2	SRR5862208	2.038971775293078
RP11-395A13.2	SRR5862209	1.0112951746143541
RP11-395A13.2	SRR5862210	18
RP11-395A13.2	SRR5862211	8.262533052480608
RP11-395A13.2	SRR5862212	11.097690814449328
RP11-395A13.2	SRR5862213	8.037617511930193
RP11-395A13.2	SRR5862214	13.035924463961406
RP11-395A13.2	SRR5862215	4.009488210726242
RP11-395A13.2	SRR5862216	6.021935826532127
RP11-395A13.2	SRR5862217	11.071515362506311
RP11-395A13.2	SRR5862218	5.004913117760852
RP11-395A13.2	SRR5862219	7.163456873695206
RP11-395A13.2	SRR5862220	2.008987985922139
RP11-395A13.2	SRR5862221	8
RP11-395A13.2	SRR5862222	6.0195436637011195
RP11-395A13.2	SRR5862223	3.1300045251878097
RP11-395A13.2	SRR5862224	9.071399620368563
RP11-395A13.2	SRR5862225	6.016087327742236
RP11-395A13.2	SRR5862226	13.01403962351622
RP11-395A13.2	SRR5862227	15
RP11-395A13.2	SRR5862228	5.045357125067872
RP11-395A13.2	SRR5862229	5.02954967752054
RP11-395A13.2	SRR5862230	4.021211147533512
RP11-395A13.2	SRR5862231	6.012517712496756
RP11-395A13.2	SRR5862232	9.136206393410683
RP11-395A13.2	SRR5862233	11.03039762335196
RP11-395A13.2	SRR5862234	9.053074206898895
RP11-395A13.2	SRR5862235	8.007199159238127
RP11-395A13.2	SRR5862236	5.01072161079157
RP11-395A13.2	SRR5862237	10.310154778156491
RP11-395A13.2	SRR5862238	3.0026996847142975
RP11-395A13.2	SRR5862239	5.038585288521772
RP11-395A13.2	SRR5862240	6.016396602729769
RP11-395A13.2	SRR5862241	4.0247871726747535
RP11-395A13.2	SRR5862242	3.020855658956402
RP11-395A13.2	SRR5862243	3.0168694788602117
RP11-395A13.2	SRR5862244	3.04343762800781
RP11-395A13.2	SRR5862245	4.07310569741704
RP11-395A13.2	SRR5862246	4.007624113053891
RP11-395A13.2	SRR5862247	7.039525839056256
RP11-395A13.2	SRR5862248	10.007198511622537
RP11-395A13.2	SRR5862249	4.060668945183039
RP11-395A13.2	SRR5862250	4.042344792350933
RP11-395A13.2	SRR5862251	3.030995714412124
RP11-395A13.2	SRR5862252	6.01531436207183
RP11-395A13.2	SRR5862253	3.0233483665434258
RP11-395A13.2	SRR5862254	2.0143211835665027
RP11-395A13.2	SRR5862255	6.048236191166434
RP11-395A13.2	SRR5862256	9.139493613993642
RP11-395A13.2	SRR5862257	8.110078239094017
RP11-395A13.2	SRR5862258	7.017866755750468
RP11-395A13.2	SRR5862259	6.082305579444132
RP11-395A13.2	SRR5862260	1.0647831768924885
RP11-395A13.2	SRR5862261	3.050005886417912
RP11-395A13.2	SRR5862262	4.039966363416386
RP11-395A13.2	SRR5862263	5.22752703377181
RP11-395A13.2	SRR5862264	4.02333933043903
RP11-395A13.2	SRR5862265	7.008820557010385
RP11-395A13.2	SRR5862266	9.049352896451216
RP11-395A13.2	SRR5862267	4.220971512453963
RP11-395A13.2	SRR5862268	7.034823700948329
RP11-395A13.2	SRR5862269	8.031590262754795
RP11-395A13.2	SRR5862270	9.020399174996454
RP11-395A13.2	SRR5862271	7.041771277548525
RP11-395A13.2	SRR5862272	5.056366054219071
RP11-395A13.2	SRR5862273	7.0241820982862935
RP11-395A13.2	SRR5862274	6.027578796681364
RP11-395A13.2	SRR5862275	3.0389776082800437
RP11-395A13.2	SRR5862276	4.069586602133614
RP11-395A13.2	SRR5862277	5.063430482102326
RP11-395A13.2	SRR5949109	1.1498283651018633
RP11-395A13.2	SRR5949110	1.148171272003916
RP11-395A13.2	SRR5949111	1.1498283651018633
RP11-395A13.2	SRR5949112	1.1499000124654937
RP11-395A13.2	SRR5949113	1.1493287860193127
RP11-395A13.2	SRR5949114	1.1499000124654937
RP11-395A13.2	SRR5949115	1.1498283651018633
RP11-395A13.2	SRR5949116	1.149801355279094
RP11-395A13.2	SRR5949117	1.1499000124654937
RP11-395A13.2	SRR5949118	1.149757132515299
RP11-395A13.2	SRR5949119	1.1498700492655702
RP11-395A13.2	SRR5949120	1.149752993629983
RP11-395A13.2	SRR5949121	1.149727479151349
RP11-395A13.2	SRR5949122	1.149659680044542
RP11-395A13.2	SRR5949123	1.1495224477062624
RP11-395A13.2	SRR5949124	1.1489713533334538
RP11-395A13.2	SRR5949125	1.1493657120956842
RP11-395A13.2	SRR5949126	1.1496653216499102
RP11-395A13.2	SRR5949127	1.149752993629983
RP11-395A13.2	SRR5949128	1.149752993629983
RP11-395A13.2	SRR5949129	1.1498758641415114
RP11-395A13.2	SRR5949130	1.1498041981068907
RP11-395A13.2	SRR5949131	1.1496516232140812
RP11-395A13.2	SRR5949132	1.1498283651018633
RP11-395A13.2	SRR5949133	1.1496993836519698
RP11-395A13.2	SRR5949134	1.1499000124654937
RP11-395A13.2	SRR5949135	1.149801355279094
RP11-395A13.2	SRR5949136	1.1498700492655702
RP11-395A13.2	SRR5949137	1.1489979896611313
RP11-395A13.2	SRR5949138	1.1496058907069004
RP11-395A13.2	SRR5949139	1.1496653216499102
RP11-395A13.2	SRR5949140	1.1498283651018633
RP11-395A13.2	SRR5949141	1.1498758641415114
RP11-395A13.2	SRR5949142	1.1498041981068907
RP11-395A13.2	SRR5949143	1.1499000124654937
RP11-395A13.2	SRR5949144	1.149757132515299
RP11-395A13.2	SRR5949145	1.1497815594090803
RP11-395A13.2	SRR5949146	1.149752993629983
RP11-395A13.2	SRR5949147	1.149752993629983
RP11-395A13.2	SRR5949148	1.1489471817569916
RP11-395A13.2	SRR5949149	1.149757132515299
RP11-395A13.2	SRR5949150	1.1498758641415114
RP11-395A13.2	SRR5949151	1.1494823274298185
RP11-395A13.2	SRR5949152	1.1476551316063306
RP11-395A13.2	SRR5949153	1.149659680044542
RP11-395A13.2	SRR5949154	1.1487635500794011
RP11-395A13.2	SRR5949155	1.1497815594090803
RP11-395A13.2	SRR5949156	1.1498758641415114
RP11-395A13.2	SRR5949157	1.1498700492655702
RP11-395A13.2	SRR5949158	1.1499000124654937
RP11-395A13.2	SRR5949159	1.1489204896371397
RP11-395A13.2	SRR5949160	1.1498283651018633
RP11-395A13.2	SRR5949161	1.1498283651018633
RP11-395A13.2	SRR5949162	1.1498283651018633
RP11-395A13.2	SRR5949163	1.1498758641415114
RP11-395A13.2	SRR5949164	1.1499000124654937
RP11-395A13.2	SRR5949165	1.149801355279094
RP11-395A13.2	SRR5949166	1.1498758641415114
RP11-395A13.2	SRR5949167	1.149757132515299
RP11-395A13.2	SRR5949168	1.1497815594090803
RP11-395A13.2	SRR5949169	1.1447151303318799
RP11-395A13.2	SRR5949170	1.1499000124654937
RP11-395A13.2	SRR5949171	1.1496516232140812
RP11-395A13.2	SRR5949172	1.1496058907069004
RP11-395A13.2	SRR5949173	1.1498283651018633
RP11-395A13.2	SRR5949174	1.1497815594090803
RP11-395A13.2	SRR5949175	1.1499000124654937
RP11-395A13.2	SRR5949176	1.149727479151349
RP11-395A13.2	SRR5949177	1.1489132956948793
RP11-395A13.2	SRR5949178	1.1496653216499102
RP11-395A13.2	SRR5949179	1.1497815594090803
RP11-395A13.2	SRR5949180	1.1499000124654937
RP11-395A13.2	SRR5949181	1.1498700492655702
RP11-395A13.2	SRR5949182	1.149727479151349
RP11-395A13.2	SRR5949183	1.1498758641415114
RP11-395A13.2	SRR5949184	1.149801355279094
RP11-395A13.2	SRR5949185	1.1495611354981103
RP11-395A13.2	SRR5949186	1.1492630102128836
RP11-395A13.2	SRR5949187	1.1498041981068907
RP11-395A13.2	SRR5949188	1.149801355279094
RP11-395A13.2	SRR5949189	1.149752993629983
RP11-395A13.2	SRR5949190	1.149757132515299
RP11-395A13.2	SRR5949191	1.1496058907069004
RP11-395A13.2	SRR5949192	1.1498700492655702
RP11-395A13.2	SRR5949193	1.1498758641415114
RP11-395A13.2	SRR5949194	1.1498283651018633
RP11-395A13.2	SRR5949195	1.149801355279094
RP11-395A13.2	SRR5949196	1.149639556483191
RP11-395A13.2	SRR5949197	1.1494508753827517
RP11-395A13.2	SRR5949198	1.1489684643066176
RP11-395A13.2	SRR5949199	1.1496653216499102
RP11-395A13.2	SRR5949200	1.1498758641415114
RP11-395A13.2	SRR5949201	1.1497815594090803
RP11-395A13.2	SRR5949202	1.1498041981068907
RP11-395A13.2	SRR5949203	1.1498700492655702
RP11-395A13.2	SRR5949204	1.1499000124654937
RP11-395A13.2	SRR5949205	1.1499000124654937
RP11-395A13.2	SRR5949206	1.149801355279094
RP11-395A13.2	SRR5949207	1.1498283651018633
RP11-395A13.2	SRR5949208	1.149757132515299
RP11-395A13.2	SRR5949209	1.1498283651018633
RP11-395A13.2	SRR5949210	1.1497815594090803
RP11-395A13.2	SRR5949211	1.1494508753827517
RP11-395A13.2	SRR5949212	1.149757132515299
RP11-395A13.2	SRR5949213	1.1496993836519698
RP11-395A13.2	SRR5949214	1.1495224477062624
RP11-395A13.2	SRR5949215	1.149752993629983
RP11-395A13.2	SRR5949216	1.1498041981068907
RP11-395A13.2	SRR5949217	1.1498041981068907
RP11-395A13.2	SRR5949218	1.1496993836519698
RP11-395A13.2	SRR5949219	1.149727479151349
RP11-395A13.2	SRR5949220	1.1495611354981103
RP11-395A13.2	SRR5949221	1.149515806070026
RP11-395A13.2	SRR5949222	1.149752993629983
RP11-395A13.2	SRR5949223	1.1489094288850477
RP11-395A13.2	SRR5949224	1.1497815594090803
RP11-395A13.2	SRR5949225	1.1498700492655702
RP11-395A13.2	SRR5949226	1.1495611354981103
RP11-395A13.2	SRR5949227	1.1498700492655702
RP11-395A13.2	SRR5949228	1.1496058907069004
RP11-395A13.2	SRR5949229	1.149639556483191
RP11-395A13.2	SRR5949230	1.1498700492655702
RP11-395A13.2	SRR5949231	1.1494707522857042
RP11-395A13.2	SRR5949232	1.1487635500794011
RP11-395A13.2	SRR5949233	1.1489229708372037
RP11-395A13.2	SRR5949234	1.149752993629983
RP11-395A13.2	SRR5949235	1.1496058907069004
RP11-395A13.2	SRR5949236	1.1478430081697302
RP11-395A13.2	SRR5949237	1.1494610034998385
RP11-395A13.2	SRR5949238	1.1492438683694057
RP11-395A13.2	SRR5949239	1.147930185304594
RP11-395A13.2	SRR5949240	1.1498758641415114
RP11-395A13.2	SRR5949241	1.149757132515299
RP11-395A13.2	SRR5949242	1.1497815594090803
RP11-395A13.2	SRR5949243	1.1496516232140812
RP11-395A13.2	SRR5949244	1.1496653216499102
RP11-395A13.2	SRR5949245	1.1496653216499102
RP11-395A13.2	SRR5949246	1.149801355279094
RP11-395A13.2	SRR5949247	1.149752993629983
RP11-395A13.2	SRR5949248	1.149801355279094
RP11-395A13.2	SRR5949249	1.1497815594090803
RP11-395A13.2	SRR5949250	1.1499000124654937
RP11-395A13.2	SRR5949251	1.1496058907069004
RP11-395A13.2	SRR5949252	1.1498283651018633
RP11-395A13.2	SRR5949253	1.1494121443044876
RP11-395A13.2	SRR5949254	1.1495510677538354
RP11-395A13.2	SRR5949255	1.1497815594090803
RP11-395A13.2	SRR5949256	1.149659680044542
RP11-395A13.2	SRR5949257	1.1498758641415114
RP11-395A13.2	SRR5949258	1.1498758641415114
RP11-395A13.2	SRR5949259	1.149727479151349
RP11-395A13.2	SRR5949260	1.1499000124654937
RP11-395A13.2	SRR5949261	1.1499000124654937
RP11-395A13.2	SRR5949262	1.149659680044542
RP11-395A13.2	SRR5949263	1.1498041981068907
RP11-395A13.2	SRR5949264	1.149727479151349
RP11-395A13.2	SRR5949265	1.1498700492655702
RP11-395A13.2	SRR5949266	1.1490859664004887
RP11-395A13.2	SRR5949267	1.1491016556665985
RP11-395A13.2	SRR5949268	1.1498700492655702
RP11-395A13.2	SRR5949269	1.149752993629983
RP11-395A13.2	SRR5949270	1.1497815594090803
RP11-395A13.2	SRR5949271	1.1495224477062624
RP11-395A13.2	SRR5949272	1.1499000124654937
RP11-395A13.2	SRR5949273	1.1499000124654937
RP11-395A13.2	SRR5949274	1.149801355279094
RP11-395A13.2	SRR5949275	1.1495012298161975
RP11-395A13.2	SRR5949276	1.149801355279094
RP11-395A13.2	SRR5949277	1.1491016556665985
RP11-395A13.2	SRR5949278	1.1498041981068907
RP11-395A13.2	SRR5949279	1.1498041981068907
RP11-395A13.2	SRR5949280	1.1493806150832857
RP11-395A13.2	SRR5949281	1.149801355279094
RP11-395A13.2	SRR5949282	1.1499000124654937
RP11-395A13.2	SRR5949283	1.1494610034998385
RP11-395A13.2	SRR5949284	1.1499000124654937
RP11-395A13.2	SRR5949285	1.1485352709618715
RP11-395A13.2	SRR5949286	1.1490061236504394
RP11-395A13.2	SRR5949287	1.1499000124654937
RP11-395A13.2	SRR5949288	1.1498041981068907
RP11-395A13.2	SRR5949289	1.1496653216499102
RP11-395A13.2	SRR5949290	1.1499000124654937
RP11-395A13.2	SRR5949291	1.1497815594090803
RP11-395A13.2	SRR5949292	1.149752993629983
RP11-395A13.2	SRR5949293	1.1499000124654937
RP11-395A13.2	SRR5949294	1.1498758641415114
RP11-395A13.2	SRR5949295	1.1498041981068907
RP11-395A13.2	SRR5949296	1.1498041981068907
RP11-395A13.2	SRR5949297	1.1498283651018633
RP11-395A13.2	SRR5949298	1.149614382860247
RP11-395A13.2	SRR5949299	1.149757132515299
RP11-395A13.2	SRR5949300	1.1498758641415114
RP11-395A13.2	SRR5949301	1.1498758641415114
RP11-395A13.2	SRR5949302	1.1496653216499102
RP11-395A13.2	SRR5949303	1.1496516232140812
RP11-395A13.2	SRR5949304	1.1498283651018633
RP11-395A13.2	SRR5949305	1.1490061236504394
RP11-395A13.2	SRR5949306	1.1498700492655702
RP11-395A13.2	SRR5949307	1.149757132515299
RP11-395A13.2	SRR5949308	1.149801355279094
RP11-395A13.2	SRR5949309	1.1495565511841175
RP11-395A13.2	SRR5949310	1.1495565511841175
RP11-395A13.2	SRR5949311	1.1497815594090803
RP11-395A13.2	SRR5949312	1.149461221160821
RP11-395A13.2	SRR5949313	1.1497815594090803
RP11-395A13.2	SRR5949314	1.1498758641415114
RP11-395A13.2	SRR5949315	1.1497815594090803
RP11-395A13.2	SRR5949316	1.1498041981068907
RP11-395A13.2	SRR5949317	1.1492438683694057
RP11-395A13.2	SRR5949318	1.1491016556665985
RP11-395A13.2	SRR5949319	1.1498283651018633
RP11-395A13.2	SRR5949320	1.1499000124654937
RP11-395A13.2	SRR5949321	1.149801355279094
RP11-395A13.2	SRR5949322	1.149614382860247
RP11-395A13.2	SRR5949323	1.1497815594090803
RP11-395A13.2	SRR5949324	1.1499000124654937
RP11-395A13.2	SRR5949325	1.1498041981068907
RP11-395A13.2	SRR5949326	1.1497815594090803
RP11-395A13.2	SRR5949327	1.1490004023259148
RP11-395A13.2	SRR5949328	1.1498283651018633
RP11-395A13.2	SRR5949329	1.1498283651018633
RP11-395A13.2	SRR5949330	1.1498041981068907
RP11-395A13.2	SRR5949331	1.1498700492655702
RP11-395A13.2	SRR5949332	1.1499000124654937
RP11-395A13.2	SRR5949333	1.1496993836519698
RP11-395A13.2	SRR5949334	1.1494508753827517
RP11-395A13.2	SRR5949335	1.1498758641415114
RP11-395A13.2	SRR5949336	1.149801355279094
RP11-395A13.2	SRR5949337	1.1498700492655702
RP11-395A13.2	SRR5949338	1.1498041981068907
RP11-395A13.2	SRR5949339	1.1498041981068907
RP11-395A13.2	SRR5949340	1.149614382860247
RP11-395A13.2	SRR5949341	1.149727479151349
RP11-395A13.2	SRR5949342	1.1498700492655702
RP11-395A13.2	SRR5949343	1.149727479151349
RP11-395A13.2	SRR5949344	1.1498283651018633
RP11-395A13.2	SRR5949345	1.1498700492655702
RP11-395A13.2	SRR5949346	1.1489824166943214
RP11-395A13.2	SRR5949347	1.1494257243385793
RP11-395A13.2	SRR5949348	1.1487709425734813
RP11-395A13.2	SRR5949349	1.1498041981068907
RP11-395A13.2	SRR5949350	1.149757132515299
RP11-395A13.2	SRR5949351	1.1497815594090803
RP11-395A13.2	SRR5949352	1.149801355279094
RP11-395A13.2	SRR5949353	1.1498041981068907
RP11-395A13.2	SRR5949354	1.1495224477062624
RP11-395A13.2	SRR5949355	1.149727479151349
RP11-395A13.2	SRR5949356	1.1467122388088349
RP11-395A13.2	SRR5949357	1.149752993629983
RP11-395A13.2	SRR5949358	1.1497815594090803
RP11-395A13.2	SRR5949359	1.1498041981068907
RP11-395A13.2	SRR5949360	1.149727479151349
RP11-395A13.2	SRR5949361	1.1496653216499102
RP11-395A13.2	SRR5949362	1.1478188840514512
RP11-395A13.2	SRR5949363	1.1498758641415114
RP11-395A13.2	SRR5949364	1.1496058907069004
RP11-395A13.2	SRR5949365	1.1494121443044876
RP11-395A13.2	SRR5949366	1.1474377159067004
RP11-395A13.2	SRR5949367	1.1499000124654937
RP11-395A13.2	SRR5949368	1.148804618132568
RP11-395A13.2	SRR5949369	1.1498758641415114
RP11-395A13.2	SRR5949370	1.1498283651018633
RP11-395A13.2	SRR5949371	1.1495565511841175
RP11-395A13.2	SRR5949372	1.149801355279094
RP11-395A13.2	SRR5949373	1.1498758641415114
RP11-395A13.2	SRR5949374	1.1496516232140812
RP11-395A13.2	SRR5949375	1.1498758641415114
RP11-395A13.2	SRR5949376	1.1499000124654937
RP11-395A13.2	SRR5949377	1.1498041981068907
RP11-395A13.2	SRR5949378	1.1499000124654937
RP11-395A13.2	SRR5949379	1.1498041981068907
RP11-395A13.2	SRR5949380	1.1489471817569916
RP11-395A13.2	SRR5949381	1.1495012298161975
RP11-395A13.2	SRR5949382	1.1498283651018633
RP11-395A13.2	SRR5949383	1.1496993836519698
RP11-395A13.2	SRR5949384	1.1498758641415114
RP11-395A13.2	SRR5949385	1.149659680044542
RP11-395A13.2	SRR5949386	1.1499000124654937
RP11-395A13.2	SRR5949387	1.147930185304594
RP11-395A13.2	SRR5949388	1.1495224477062624
RP11-395A13.2	SRR5949389	1.1499000124654937
RP11-395A13.2	SRR5949390	1.1497815594090803
RP11-395A13.2	SRR5949391	1.1495565511841175
RP11-395A13.2	SRR5949392	1.1499000124654937
RP11-395A13.2	SRR5949393	1.1495565511841175
RP11-395A13.2	SRR5949394	1.1495012298161975
RP11-395A13.2	SRR5949395	1.1497815594090803
RP11-395A13.2	SRR5949396	1.1489204896371397
RP11-395A13.2	SRR5949397	1.1498758641415114
RP11-395A13.2	SRR5949398	1.1498700492655702
RP11-395A13.2	SRR5949399	1.1497815594090803
RP11-395A13.2	SRR5949400	1.1442239823514004
RP11-395A13.2	SRR5949401	1.1499000124654937
RP11-395A13.2	SRR5949402	1.149801355279094
RP11-395A13.2	SRR5949403	1.149757132515299
RP11-395A13.2	SRR5949404	1.1495611354981103
RP11-395A13.2	SRR5949405	1.1498041981068907
RP11-395A13.2	SRR5949406	1.1498758641415114
RP11-395A13.2	SRR5949407	1.1498041981068907
RP11-395A13.2	SRR5949408	1.1498041981068907
RP11-395A13.2	SRR5949409	1.149801355279094
RP11-395A13.2	SRR5949410	1.149801355279094
RP11-395A13.2	SRR5949411	1.1499000124654937
RP11-395A13.2	SRR5949412	1.1496653216499102
RP11-395A13.2	SRR5949413	1.1498041981068907
RP11-395A13.2	SRR5949414	1.1498283651018633
RP11-395A13.2	SRR5949415	1.1498700492655702
RP11-395A13.2	SRR5949416	1.149752993629983
RP11-395A13.2	SRR5949417	1.1496993836519698
RP11-395A13.2	SRR5949418	1.1498041981068907
RP11-395A13.2	SRR5949419	1.1498283651018633
RP11-395A13.2	SRR5949420	1.149727479151349
RP11-395A13.2	SRR5949421	1.1496993836519698
RP11-395A13.2	SRR5949422	1.149752993629983
RP11-395A13.2	SRR5949423	1.149752993629983
RP11-395A13.2	SRR5949424	1.1499000124654937
RP11-395A13.2	SRR5949425	1.149752993629983
RP11-395A13.2	SRR5949426	1.1498700492655702
RP11-395A13.2	SRR5949427	1.149752993629983
RP11-395A13.2	SRR5949428	1.1499000124654937
RP11-395A13.2	SRR5949429	1.149461221160821
RP11-395A13.2	SRR5949430	1.1497815594090803
RP11-395A13.2	SRR5949431	1.1497815594090803
RP11-395A13.2	SRR5949432	1.149801355279094
RP11-395A13.2	SRR5949433	1.149757132515299
RP11-395A13.2	SRR5949434	1.149757132515299
RP11-395A13.2	SRR5949435	1.1495510677538354
RP11-395A13.2	SRR5949436	1.1498283651018633
RP11-395A13.2	SRR5949437	1.149461221160821
RP11-395A13.2	SRR5949438	1.1493806150832857
RP11-395A13.2	SRR5949439	1.1498758641415114
RP11-395A13.2	SRR5949440	1.1498700492655702
RP11-395A13.2	SRR5949441	1.1498700492655702
RP11-395A13.2	SRR5949442	1.1496516232140812
RP11-395A13.2	SRR5949443	1.1495611354981103
RP11-395A13.2	SRR5949444	1.1495012298161975
RP11-395A13.2	SRR5949445	1.1499000124654937
RP11-395A13.2	SRR5949446	1.1498700492655702
RP11-395A13.2	SRR5949447	1.149757132515299
RP11-395A13.2	SRR5949448	1.1499000124654937
RP11-395A13.2	SRR5949449	1.1499000124654937
RP11-395A13.2	SRR5949450	1.1497815594090803
RP11-395A13.2	SRR5949451	1.1496993836519698
RP11-395A13.2	SRR5949452	1.1498041981068907
RP11-395A13.2	SRR5949453	1.1497815594090803
RP11-395A13.2	SRR5949454	1.1498041981068907
RP11-395A13.2	SRR5949455	1.149757132515299
RP11-395A13.2	SRR5949456	1.1498758641415114
RP11-395A13.2	SRR5949457	1.1498700492655702
RP11-395A13.2	SRR5949458	1.1498758641415114
RP11-395A13.2	SRR5949459	1.149801355279094
RP11-395A13.2	SRR5949460	1.1495611354981103
RP11-395A13.2	SRR5949461	1.1490004023259148
RP11-395A13.2	SRR5949462	1.1498283651018633
RP11-395A13.2	SRR5949463	1.1495510677538354
RP11-395A13.2	SRR5949464	1.1494610034998385
RP11-395A13.2	SRR5949465	1.1489587806071277
RP11-395A13.2	SRR5949466	1.1497815594090803
RP11-395A13.2	SRR5949467	1.1489471817569916
RP11-395A13.2	SRR5949468	1.1498283651018633
RP11-395A13.2	SRR5949469	1.1498700492655702
RP11-395A13.2	SRR5949470	1.1498041981068907
RP11-395A13.2	SRR5949471	1.149727479151349
RP11-395A13.2	SRR5949472	1.149801355279094
RP11-395A13.2	SRR5949473	1.149801355279094
RP11-395A13.2	SRR5949474	1.149757132515299
RP11-395A13.2	SRR5949475	1.1499000124654937
RP11-395A13.2	SRR5949476	1.1498041981068907
RP11-395A13.2	SRR5949477	1.1498700492655702
RP11-395A13.2	SRR5949478	1.149801355279094
RP11-395A13.2	SRR5949479	1.149283393549715
RP11-395A13.2	SRR5949480	1.149752993629983
RP11-395A13.2	SRR5949481	1.1498700492655702
RP11-395A13.2	SRR5949482	1.1496653216499102
RP11-395A13.2	SRR5949483	1.1492630102128836
RP11-395A13.2	SRR5949484	1.1498283651018633
RP11-395A13.2	SRR5949485	1.1495012298161975
RP11-395A13.2	SRR5949486	1.149757132515299
RP11-395A13.2	SRR5949487	1.149752993629983
RP11-395A13.2	SRR5949488	1.149461221160821
RP11-395A13.2	SRR5949489	1.1496058907069004
RP11-395A13.2	SRR5949490	1.1496058907069004
RP11-395A13.2	SRR5949491	1.149757132515299
RP11-395A13.2	SRR5949492	1.1496058907069004
RP11-395A13.2	SRR5949493	1.149727479151349
RP11-395A13.2	SRR5949494	1.1499000124654937
RP11-395A13.2	SRR5949495	1.1494707522857042
RP11-395A13.2	SRR5949496	1.149727479151349
RP11-395A13.2	SRR5949497	1.149727479151349
RP11-395A13.2	SRR5949498	1.1497815594090803
RP11-395A13.2	SRR5949499	1.1498283651018633
RP11-395A13.2	SRR5949500	1.1494121443044876
RP11-395A13.2	SRR5949501	1.149515806070026
RP11-395A13.2	SRR5949502	1.1492573238148507
RP11-395A13.2	SRR5949503	1.149639556483191
RP11-395A13.2	SRR5949504	1.1498041981068907
RP11-395A13.2	SRR5949505	1.1498041981068907
RP11-395A13.2	SRR5949506	1.1498041981068907
RP11-395A13.2	SRR5949507	1.1498700492655702
RP11-395A13.2	SRR5949508	1.149752993629983
RP11-395A13.2	SRR5949509	1.1498283651018633
RP11-395A13.2	SRR5949510	1.1498041981068907
RP11-395A13.2	SRR5949511	1.1489592829745587
RP11-395A13.2	SRR5949512	1.149801355279094
RP11-395A13.2	SRR5949513	1.1499000124654937
RP11-395A13.2	SRR5949514	1.149659680044542
RP11-395A13.2	SRR5949515	1.1498283651018633
RP11-395A13.2	SRR5949516	1.149757132515299
RP11-395A13.2	SRR5949517	1.1498041981068907
RP11-395A13.2	SRR5949518	1.149283393549715
RP11-395A13.2	SRR5949519	1.1496058907069004
RP11-395A13.2	SRR5949520	1.1498700492655702
RP11-395A13.2	SRR5949521	1.1490859664004887
RP11-395A13.2	SRR5949522	1.149801355279094
RP11-395A13.2	SRR5949523	1.1498700492655702
RP11-395A13.2	SRR5949524	1.149757132515299
RP11-395A13.2	SRR5949525	1.149659680044542
RP11-395A13.2	SRR5949526	1.1489944018824365
RP11-395A13.2	SRR5949527	1.149639556483191
RP11-395A13.2	SRR5949528	1.1483720675437479
RP11-395A13.2	SRR5949529	1.1495224477062624
RP11-395A13.2	SRR5949530	1.149727479151349
RP11-395A13.2	SRR5949531	1.1496653216499102
RP11-395A13.2	SRR5949532	1.1498700492655702
RP11-395A13.2	SRR5949533	1.1499000124654937
RP11-395A13.2	SRR5949534	1.149659680044542
RP11-395A13.2	SRR5949535	1.1498283651018633
RP11-395A13.2	SRR5949536	1.1497815594090803
RP11-395A13.2	SRR5949537	1.1498700492655702
RP11-395A13.2	SRR5949538	1.1499000124654937
RP11-395A13.2	SRR5949539	1.149727479151349
RP11-395A13.2	SRR5949540	1.1495611354981103
RP11-395A13.2	SRR5949541	1.149727479151349
RP11-395A13.2	SRR5949542	1.1495224477062624
RP11-395A13.2	SRR5949543	1.149752993629983
RP11-395A13.2	SRR5949544	1.1495611354981103
RP11-395A13.2	SRR5949545	1.149283393549715
RP11-395A13.2	SRR5949546	1.149639556483191
RP11-395A13.2	SRR5949547	1.1499000124654937
RP11-395A13.2	SRR5949548	1.149757132515299
RP11-395A13.2	SRR5949549	1.1494121443044876
RP11-395A13.2	SRR5949550	1.1489471817569916
RP11-395A13.2	SRR5949551	1.149801355279094
RP11-395A13.2	SRR5949552	1.1494823274298185
RP11-395A13.2	SRR5949553	1.1498758641415114
RP11-395A13.2	SRR5949554	1.1498041981068907
RP11-395A13.2	SRR5949555	1.1409427054301
RP11-395A13.2	SRR5949556	1.149515806070026
RP11-395A13.2	SRR5949557	1.1497815594090803
RP11-395A13.2	SRR5949558	1.1494707522857042
RP11-395A13.2	SRR5949559	1.1498283651018633
RP11-395A13.2	SRR5949560	1.1498283651018633
RP11-395A13.2	SRR5949561	1.1490061236504394
RP11-395A13.2	SRR5949562	1.1495012298161975
RP11-395A13.2	SRR5949563	1.1497815594090803
RP11-395A13.2	SRR5949564	1.149801355279094
RP11-395A13.2	SRR5949565	1.1498758641415114
RP11-395A13.2	SRR5949566	1.1498283651018633
RP11-395A13.2	SRR5949567	1.1479342052496542
RP11-395A13.2	SRR5949568	1.1495565511841175
RP11-395A13.2	SRR5949569	1.149614382860247
RP11-395A13.2	SRR5949570	1.149727479151349
RP11-395A13.2	SRR5949571	1.1493287860193127
RP11-395A13.2	SRR5949572	1.1496993836519698
RP11-395A13.2	SRR5949573	1.1495565511841175
RP11-395A13.2	SRR5949574	1.1497815594090803
RP11-395A13.2	SRR5949575	1.149752993629983
RP11-395A13.2	SRR5949576	1.1496993836519698
RP11-395A13.2	SRR5949577	1.1498758641415114
RP11-395A13.2	SRR5949578	1.1497815594090803
RP11-395A13.2	SRR5949579	1.1498283651018633
RP11-395A13.2	SRR5949580	1.1498283651018633
RP11-395A13.2	SRR5949581	1.1499000124654937
RP11-395A13.2	SRR5949582	1.149614382860247
RP11-395A13.2	SRR5949583	1.1498758641415114
RP11-395A13.2	SRR5949584	1.1489713533334538
RP11-395A13.2	SRR5949585	1.149801355279094
RP11-395A13.2	SRR5949586	1.1498041981068907
RP11-395A13.2	SRR5949587	1.149757132515299
RP11-395A13.2	SRR5949588	1.14823324140182
RP11-395A13.2	SRR5949589	1.1499000124654937
RP11-395A13.2	SRR5949590	1.149639556483191
RP11-395A13.2	SRR5949591	1.1498283651018633
RP11-395A13.2	SRR5949592	1.1496653216499102
RP11-395A13.2	SRR5949593	1.1499000124654937
RP11-395A13.2	SRR5949594	1.1496993836519698
RP11-395A13.2	SRR5949595	1.1498041981068907
RP11-395A13.2	SRR5949596	1.149757132515299
RP11-395A13.2	SRR5949597	1.1492327898220787
RP11-395A13.2	SRR5949598	1.149727479151349
RP11-395A13.2	SRR5949599	1.149639556483191
RP11-395A13.2	SRR5949600	1.1497815594090803
RP11-395A13.2	SRR5949601	1.1496993836519698
RP11-395A13.2	SRR5949602	1.1499000124654937
RP11-395A13.2	SRR5949603	1.149801355279094
RP11-395A13.2	SRR5949604	1.1498041981068907
RP11-395A13.2	SRR5949605	1.1496993836519698
RP11-395A13.2	SRR5949606	1.1494707522857042
RP11-395A13.2	SRR5949607	1.1498700492655702
RP11-395A13.2	SRR5949608	1.1490004023259148
RP11-395A13.2	SRR5950246	1.1489592829745587
RP11-395A13.2	SRR5950247	1.1494707522857042
RP11-395A13.2	SRR5950248	1.1497815594090803
RP11-395A13.2	SRR5950249	1.1499000124654937
RP11-395A13.2	SRR5950250	1.1495611354981103
RP11-395A13.2	SRR5950251	1.1497815594090803
RP11-395A13.2	SRR5950252	1.1498758641415114
RP11-395A13.2	SRR5950253	1.1498041981068907
RP11-395A13.2	SRR5950254	1.1494707522857042
RP11-395A13.2	SRR5950255	1.1492327898220787
RP11-395A13.2	SRR5950256	1.14882817140177
RP11-395A13.2	SRR5950257	1.1487945702274995
RP11-395A13.2	SRR5950258	1.149801355279094
RP11-395A13.2	SRR5950259	1.1498283651018633
RP11-395A13.2	SRR5950260	1.1497815594090803
RP11-395A13.2	SRR5950261	1.149801355279094
RP11-395A13.2	SRR5950262	1.149659680044542
RP11-395A13.2	SRR5950263	1.1492573238148507
RP11-395A13.2	SRR5950264	1.1498700492655702
RP11-395A13.2	SRR5950265	1.1495611354981103
RP11-395A13.2	SRR5950266	1.1489684643066176
RP11-395A13.2	SRR5950267	1.149801355279094
RP11-395A13.2	SRR5950268	1.1496993836519698
RP11-395A13.2	SRR5950269	1.149727479151349
RP11-395A13.2	SRR5950270	1.1494610034998385
RP11-395A13.2	SRR5950271	1.1499000124654937
RP11-395A13.2	SRR5950272	1.1499000124654937
RP11-395A13.2	SRR5950273	1.1497815594090803
RP11-395A13.2	SRR5950274	1.1496516232140812
RP11-395A13.2	SRR5950275	1.1496993836519698
RP11-395A13.2	SRR5950276	1.149801355279094
RP11-395A13.2	SRR5950277	1.149515806070026
RP11-395A13.2	SRR5950278	1.1492438683694057
RP11-395A13.2	SRR5950279	1.149757132515299
RP11-395A13.2	SRR5950280	1.1498041981068907
RP11-395A13.2	SRR5950281	1.1496993836519698
RP11-395A13.2	SRR5950282	1.1493287860193127
RP11-395A13.2	SRR5950283	1.149801355279094
RP11-395A13.2	SRR5950284	1.1466271340242074
RP11-395A13.2	SRR5950285	1.1494823274298185
RP11-395A13.2	SRR5950286	1.1497815594090803
RP11-395A13.2	SRR5950287	1.1491016556665985
RP11-395A13.2	SRR5950288	1.1495510677538354
RP11-395A13.2	SRR5950289	1.1490061236504394
RP11-395A13.2	SRR5950290	1.1498283651018633
RP11-395A13.2	SRR5950291	1.149801355279094
RP11-395A13.2	SRR5950292	1.1496653216499102
RP11-395A13.2	SRR5950293	1.1494610034998385
RP11-395A13.2	SRR5950294	1.1499000124654937
RP11-395A13.2	SRR5950295	1.1498758641415114
RP11-395A13.2	SRR5950296	1.149752993629983
RP11-395A13.2	SRR5950297	1.1494508753827517
RP11-395A13.2	SRR5950298	1.1498283651018633
RP11-395A13.2	SRR5950299	1.149614382860247
RP11-395A13.2	SRR5950300	1.149757132515299
RP11-395A13.2	SRR5950301	1.149801355279094
RP11-395A13.2	SRR5950302	1.149752993629983
RP11-395A13.2	SRR5950303	1.149614382860247
RP11-395A13.2	SRR5950304	1.149461221160821
RP11-395A13.2	SRR5950305	1.149752993629983
RP11-395A13.2	SRR5950306	1.149752993629983
RP11-395A13.2	SRR5950307	1.1496058907069004
RP11-395A13.2	SRR5950308	1.1496653216499102
RP11-395A13.2	SRR5950309	1.1496993836519698
RP11-395A13.2	SRR5950310	1.1497815594090803
RP11-395A13.2	SRR5950311	1.1498700492655702
RP11-395A13.2	SRR5950312	1.149801355279094
RP11-395A13.2	SRR5950313	1.1496653216499102
RP11-395A13.2	SRR5950314	1.1498283651018633
RP11-395A13.2	SRR5950315	1.149801355279094
RP11-395A13.2	SRR5950316	1.1498700492655702
RP11-395A13.2	SRR5950317	1.149614382860247
RP11-395A13.2	SRR5950318	1.1494610034998385
RP11-395A13.2	SRR5950319	1.149639556483191
RP11-395A13.2	SRR5950320	1.149614382860247
RP11-395A13.2	SRR5950321	1.148836459359721
RP11-395A13.2	SRR5950322	1.1495224477062624
RP11-395A13.2	SRR5950323	1.1496516232140812
RP11-395A13.2	SRR5950324	1.1498283651018633
RP11-395A13.2	SRR5950325	1.149659680044542
RP11-395A13.2	SRR5950326	1.149515806070026
RP11-395A13.2	SRR5950327	1.149801355279094
RP11-395A13.2	SRR5950328	1.149801355279094
RP11-395A13.2	SRR5950329	1.149752993629983
RP11-395A13.2	SRR5950330	1.149639556483191
RP11-395A13.2	SRR5950331	1.1493287860193127
RP11-395A13.2	SRR5950332	1.1494707522857042
RP11-395A13.2	SRR5950333	1.1498283651018633
RP11-395A13.2	SRR5950334	1.1498283651018633
RP11-395A13.2	SRR5950335	1.1498283651018633
RP11-395A13.2	SRR5950336	1.1477909267796054
RP11-395A13.2	SRR5950337	1.1490522198255662
RP11-395A13.2	SRR5950338	1.1484554126990747
RP11-395A13.2	SRR5950339	1.1499000124654937
RP11-395A13.2	SRR5950340	1.1496058907069004
RP11-395A13.2	SRR5950341	1.1496653216499102
RP11-395A13.2	SRR5950342	1.1498700492655702
RP11-395A13.2	SRR5950343	1.1496653216499102
RP11-395A13.2	SRR5950344	1.1495224477062624
RP11-395A13.2	SRR5950345	1.1496516232140812
RP11-395A13.2	SRR5950346	1.149801355279094
RP11-395A13.2	SRR5950347	1.149752993629983
RP11-395A13.2	SRR5950348	1.1496058907069004
RP11-395A13.2	SRR5950349	1.1498758641415114
RP11-395A13.2	SRR5950350	1.1497815594090803
RP11-395A13.2	SRR5950351	1.1491016556665985
RP11-395A13.2	SRR5950352	1.1498700492655702
RP11-395A13.2	SRR5950353	1.149752993629983
RP11-395A13.2	SRR5950354	1.1498700492655702
RP11-395A13.2	SRR5950355	1.1498700492655702
RP11-395A13.2	SRR5950356	1.1489979896611313
RP11-395A13.2	SRR5950357	1.1498700492655702
RP11-395A13.2	SRR5950358	1.149614382860247
RP11-395A13.2	SRR5950359	1.149727479151349
RP11-395A13.2	SRR5950360	1.1498700492655702
RP11-395A13.2	SRR5950361	1.1498700492655702
RP11-395A13.2	SRR5950362	1.1495224477062624
RP11-395A13.2	SRR5950363	1.1494508753827517
RP11-395A13.2	SRR5950364	1.149639556483191
RP11-395A13.2	SRR5950365	1.1498041981068907
RP11-395A13.2	SRR5950366	1.1498283651018633
RP11-395A13.2	SRR5950367	1.1489024179979748
RP11-395A13.2	SRR5950368	1.149752993629983
RP11-395A13.2	SRR5950369	1.1499000124654937
RP11-395A13.2	SRR5950370	1.1499000124654937
RP11-395A13.2	SRR5950371	1.149801355279094
RP11-395A13.2	SRR5950372	1.1498041981068907
RP11-395A13.2	SRR5950373	1.149757132515299
RP11-395A13.2	SRR5950374	1.149757132515299
RP11-395A13.2	SRR5950375	1.1498700492655702
RP11-395A13.2	SRR5950376	1.1499000124654937
RP11-395A13.2	SRR5950377	1.1494121443044876
RP11-395A13.2	SRR5950378	1.149757132515299
RP11-395A13.2	SRR5950379	1.149752993629983
RP11-395A13.2	SRR5950380	1.1496653216499102
RP11-395A13.2	SRR5950381	1.149659680044542
RP11-395A13.2	SRR5950382	1.1491016556665985
RP11-395A13.2	SRR5950383	1.1498758641415114
RP11-395A13.2	SRR5950384	1.1498283651018633
RP11-395A13.2	SRR5950385	1.1490859664004887
RP11-395A13.2	SRR5950386	1.1498700492655702
RP11-395A13.2	SRR5950387	1.1498758641415114
RP11-395A13.2	SRR5950388	1.1495611354981103
RP11-395A13.2	SRR5950389	1.1485352709618715
RP11-395A13.2	SRR5950390	1.1496993836519698
RP11-395A13.2	SRR5950391	1.1499000124654937
RP11-395A13.2	SRR5950392	1.1491016556665985
RP11-395A13.2	SRR5950393	1.1495565511841175
RP11-395A13.2	SRR5950394	1.149727479151349
RP11-395A13.2	SRR5950395	1.149752993629983
RP11-395A13.2	SRR5950396	1.1499000124654937
RP11-395A13.2	SRR5950397	1.1498758641415114
RP11-395A13.2	SRR5950398	1.1498758641415114
RP11-395A13.2	SRR5950399	1.149659680044542
RP11-395A13.2	SRR5950400	1.1496993836519698
RP11-395A13.2	SRR5950401	1.1498700492655702
RP11-395A13.2	SRR5950402	1.1498700492655702
RP11-395A13.2	SRR5950403	1.1497815594090803
RP11-395A13.2	SRR5950404	1.1498041981068907
RP11-395A13.2	SRR5950405	1.14823324140182
RP11-395A13.2	SRR5950406	1.1493806150832857
RP11-395A13.2	SRR5950407	1.149801355279094
RP11-395A13.2	SRR5950408	1.149461221160821
RP11-395A13.2	SRR5950409	1.1495565511841175
RP11-395A13.2	SRR5950410	1.1499000124654937
RP11-395A13.2	SRR5950411	1.1498283651018633
RP11-395A13.2	SRR5950412	1.1498700492655702
RP11-395A13.2	SRR5950413	1.1493657120956842
RP11-395A13.2	SRR5950414	1.149801355279094
RP11-395A13.2	SRR5950415	1.149614382860247
RP11-395A13.2	SRR5950416	1.1496653216499102
RP11-395A13.2	SRR5950417	1.1496993836519698
RP11-395A13.2	SRR5950418	1.1495510677538354
RP11-395A13.2	SRR5950419	1.1498700492655702
RP11-395A13.2	SRR5950420	1.149752993629983
RP11-395A13.2	SRR5950421	1.1495611354981103
RP11-395A13.2	SRR5950422	1.1494707522857042
RP11-395A13.2	SRR5950423	1.149757132515299
RP11-395A13.2	SRR5950424	1.1498283651018633
RP11-395A13.2	SRR5950425	1.1498700492655702
RP11-395A13.2	SRR5950426	1.1496058907069004
RP11-395A13.2	SRR5950427	1.1498283651018633
RP11-395A13.2	SRR5950428	1.149757132515299
RP11-395A13.2	SRR5950429	1.1498700492655702
RP11-395A13.2	SRR5950430	1.149727479151349
RP11-395A13.2	SRR5950431	1.149727479151349
RP11-395A13.2	SRR5950432	1.1498041981068907
RP11-395A13.2	SRR5950433	1.149801355279094
RP11-395A13.2	SRR5950434	1.1495611354981103
RP11-395A13.2	SRR5950435	1.149757132515299
RP11-395A13.2	SRR5950436	1.1498700492655702
RP11-395A13.2	SRR5950437	1.149727479151349
RP11-395A13.2	SRR5950438	1.1498283651018633
RP11-395A13.2	SRR5950439	1.1498758641415114
RP11-395A13.2	SRR5950440	1.145365413736815
RP11-395A13.2	SRR5950441	1.1494707522857042
RP11-395A13.2	SRR5950442	1.1497815594090803
RP11-395A13.2	SRR5950443	1.149659680044542
RP11-395A13.2	SRR5950444	1.149801355279094
RP11-395A13.2	SRR5950445	1.1498041981068907
RP11-395A13.2	SRR5950446	1.1496516232140812
RP11-395A13.2	SRR5950447	1.1494257243385793
RP11-395A13.2	SRR5950448	1.149801355279094
RP11-395A13.2	SRR5950449	1.1498041981068907
RP11-395A13.2	SRR5950450	1.1498700492655702
RP11-395A13.2	SRR5950451	1.1499000124654937
RP11-395A13.2	SRR5950452	1.1494823274298185
RP11-395A13.2	SRR5950453	1.1498283651018633
RP11-395A13.2	SRR5950454	1.1494823274298185
RP11-395A13.2	SRR5950455	1.1498283651018633
RP11-395A13.2	SRR5950456	1.149757132515299
RP11-395A13.2	SRR5950457	1.149659680044542
RP11-395A13.2	SRR5950458	1.1499000124654937
RP11-395A13.2	SRR5950459	1.149752993629983
RP11-395A13.2	SRR5950460	1.149752993629983
RP11-395A13.2	SRR5950461	1.1497815594090803
RP11-395A13.2	SRR5950462	1.1492630102128836
RP11-395A13.2	SRR5950463	1.149614382860247
RP11-395A13.2	SRR5950464	1.149515806070026
RP11-395A13.2	SRR5950465	1.1449587156171235
RP11-395A13.2	SRR5950466	1.149801355279094
RP11-395A13.2	SRR5950467	1.149752993629983
RP11-395A13.2	SRR5950468	1.149801355279094
RP11-395A13.2	SRR5950469	1.149639556483191
RP11-395A13.2	SRR5950470	1.1498700492655702
RP11-395A13.2	SRR5963912	1.1499000124654937
RP11-395A13.2	SRR5963913	1.1495224477062624
RP11-395A13.2	SRR5963914	1.1499000124654937
RP11-395A13.2	SRR5963915	1.1495611354981103
RP11-395A13.2	SRR5963916	1.1494121443044876
RP11-395A13.2	SRR5963917	1.1496993836519698
RP11-395A13.2	SRR5963918	1.149727479151349
RP11-395A13.2	SRR5963919	1.1498041981068907
RP11-395A13.2	SRR5963920	1.149757132515299
RP11-395A13.2	SRR5963921	1.1498283651018633
RP11-395A13.2	SRR5963922	1.1496653216499102
RP11-395A13.2	SRR5963923	1.149727479151349
RP11-395A13.2	SRR5963924	1.1498041981068907
RP11-395A13.2	SRR5963925	1.1495224477062624
RP11-395A13.2	SRR5963926	1.149515806070026
RP11-395A13.2	SRR5963927	1.1498758641415114
RP11-395A13.2	SRR5963928	1.1494823274298185
RP11-395A13.2	SRR5963929	1.149801355279094
RP11-395A13.2	SRR5963930	1.1493287860193127
RP11-395A13.2	SRR5963931	1.1499000124654937
RP11-395A13.2	SRR5963932	1.149757132515299
RP11-395A13.2	SRR5963933	1.149659680044542
RP11-395A13.2	SRR5963934	1.1494257243385793
RP11-395A13.2	SRR5963935	1.1499000124654937
RP11-395A13.2	SRR5963936	1.1495510677538354
RP11-395A13.2	SRR5963937	1.1492573238148507
RP11-395A13.2	SRR5963938	1.149801355279094
RP11-395A13.2	SRR5963939	1.1498041981068907
RP11-395A13.2	SRR5963940	1.1498700492655702
RP11-395A13.2	SRR5963941	1.1499000124654937
RP11-395A13.2	SRR5963942	1.1499000124654937
RP11-395A13.2	SRR5963943	1.1498283651018633
RP11-395A13.2	SRR5963944	1.1499000124654937
RP11-395A13.2	SRR5963945	1.1498758641415114
RP11-395A13.2	SRR5963946	1.149801355279094
RP11-395A13.2	SRR5963947	1.149801355279094
RP11-395A13.2	SRR5963948	1.149801355279094
RP11-395A13.2	SRR6467548	54.52953067029967
RP11-395A13.2	SRR6467549	104.7132397125068
RP11-395A13.2	SRR6467550	47.444495279466665
RP11-395A13.2	SRR6467551	60.98704914381095
RP11-395A13.2	SRR6467552	53.875707417154935
RP11-395A13.2	SRR6467553	40.24479238291188
RP11-395A13.2	SRR6467554	48.05982394422785
RP11-395A13.2	SRR6467555	76.08113715331116
RP11-395A13.2	SRR6467556	71.83978365221299
RP11-395A13.2	SRR6467557	92.03917621431495
RP11-395A13.2	SRR6467558	69.3747409009424
RP11-395A13.2	SRR6467559	73.15877188675856
RP11-395A13.2	SRR6467560	55.561818750925035
RP11-395A13.2	SRR6467561	51.380006814321675
RP11-395A13.2	SRR6467562	78.29585562217716
RP11-395A13.2	SRR6467563	79.48954666032638
RP11-395A13.2	SRR6467564	75.54832508764363
RP11-395A13.2	SRR6467565	81.78566147446384
RP11-395A13.2	SRR6467566	38.01860356975208
RP11-395A13.2	SRR6467567	68.75295510314591
RP11-395A13.2	SRR6467568	40.16407799657114
RP11-395A13.2	SRR6467569	47.68806636875599
RP11-395A13.2	SRR6467570	59.88040683934213
RP11-395A13.2	SRR6467571	49.03527270695043
RP11-395A13.2	SRR6467572	47.28916400497117
RP11-395A13.2	SRR6467573	55.37390564836441
RP11-395A13.2	SRR6467574	69
RP11-395A13.2	SRR6467575	46.870950441832775
RP11-395A13.2	SRR6467576	45.21036220764305
RP11-395A13.2	SRR6467577	57.08209256908158
RP11-395A13.2	SRR6467578	54.53318520310423
RP11-395A13.2	SRR6467579	48.508023900623286
RP11-395A13.2	SRR6467580	80.93636672095032
RP11-395A13.2	SRR6467581	46.45117743061906
RP11-395A13.2	SRR6467582	56.473910154113376
RP11-395A13.2	SRR6467583	62
RP11-395A13.2	SRR6467584	68.24690929762644
RP11-395A13.2	SRR6467585	52.27039472614582
RP11-395A13.2	SRR6467586	72.86083063871779
RP11-395A13.2	SRR6467587	50.63090609013093
RP11-395A13.2	SRR6467588	95.74745172536683
RP11-395A13.2	SRR6467589	85
RP11-395A13.2	SRR6467590	50.13817101523618
RP11-395A13.2	SRR6467591	34.35766646777338
RP11-395A13.2	SRR6467592	32.24894526861304
RP11-395A13.2	SRR6467593	46.208761218626286
RP11-395A13.2	SRR6467594	55.15737779532378
RP11-395A13.2	SRR6467595	59.12931290334892
RP11-395A13.2	SRR6467596	67
RP11-395A13.2	SRR6467597	62.85681759707831
RP11-395A13.2	SRR6467598	73.89622136895274
RP11-395A13.2	SRR6467599	75.28055572021486
RP11-395A13.2	SRR6467600	40.19274275402256
RP11-395A13.2	SRR6467601	47.26220441700238
RP11-395A13.2	SRR6467602	43.28512846415714
RP11-395A13.2	SRR6467603	75
RP11-395A13.2	SRR6467604	48.202787313528596
RP11-395A13.2	SRR6467605	38.13580864069671
RP11-395A13.2	SRR6467606	62
RP11-395A13.2	SRR6467607	60
RP11-395A13.2	SRR6467608	66.17339859783756
RP11-395A13.2	SRR6467609	69.01241408194201
RP11-395A13.2	SRR6467610	52.519048295185044
RP11-395A13.2	SRR6467611	64.77389466958171
RP11-395A13.2	SRR6467612	45.2611838491899
RP11-395A13.2	SRR6467613	42
RP11-395A13.2	SRR6467614	61
RP11-395A13.2	SRR6467615	40.508149640940914
RP11-395A13.2	SRR6467616	41.40560295564712
RP11-395A13.2	SRR6467617	45.30009888615261
RP11-395A13.2	SRR6467618	81
RP11-395A13.2	SRR6467619	51.08510322890546
RP11-395A13.2	SRR6467620	36.09333016414786
RP11-395A13.2	SRR6467621	43.21960933728415
RP11-395A13.2	SRR6467622	57.858469588387784
RP11-395A13.2	SRR6467623	51.72533264875804
RP11-395A13.2	SRR6467624	82.01475296694558
RP11-395A13.2	SRR6467625	75
RP11-395A13.2	SRR6467626	94
RP11-395A13.2	SRR6467627	30.301912426614887
RP11-395A13.2	SRR6467628	66
RP11-395A13.2	SRR6467629	99.77210097943097
RP11-395A13.2	SRR6467630	66.04751017670874
RP11-395A13.2	SRR6467631	68.06119285352408
RP11-395A13.2	SRR6467632	70.50242234462183
RP11-395A13.2	SRR6467633	43
RP11-395A13.2	SRR6467634	39.15585531774414
RP11-395A13.2	SRR6467635	58.97830918971329
RP11-395A13.2	SRR6467636	51.51412907781887
RP11-395A13.2	SRR6467637	41
RP11-395A13.2	SRR6467638	56
RP11-395A13.2	SRR6467639	62.19644759418725
RP11-395A13.2	SRR6467640	32.66939095569989
RP11-395A13.2	SRR6467641	42.389876885477364
RP11-395A13.2	SRR6467642	81.80696677064685
RP11-395A13.2	SRR6467643	29.36287701467929
RP11-395A13.2	SRR6467644	56
RP11-395A13.2	SRR6467645	71.29927551656056
RP11-395A13.2	SRR6467646	96
RP11-395A13.2	SRR6467647	61.49670678737333
RP11-395A13.2	SRR6467648	64.36951257525676
RP11-395A13.2	SRR6467649	71.3757416487433
RP11-395A13.2	SRR6467650	23.125879051966134
RP11-395A13.2	SRR6467651	108.31462268576765
RP11-395A13.2	SRR6467652	68.01223416771097
RP11-395A13.2	SRR6467653	31.307596245495404
RP11-395A13.2	SRR6467654	49.18329640387371
RP11-395A13.2	SRR6467655	62
RP11-395A13.2	SRR6467656	44.457795927185444
RP11-395A13.2	SRR6467657	66
RP11-395A13.2	SRR6467658	94
RP11-395A13.2	SRR6467659	57.78904404128474
RP11-395A13.2	SRR6467660	45.30792062369986
RP11-395A13.2	SRR6467661	74.51288820346812
RP11-395A13.2	SRR6467662	51.88880300295875
RP11-395A13.2	SRR6467663	51.14233290657512
RP11-395A13.2	SRR6467664	53.48995860081619
RP11-395A13.2	SRR6467665	87
RP11-395A13.2	SRR6467666	58
RP11-395A13.2	SRR6467667	36.37938153438405
RP11-395A13.2	SRR6467668	60.20542464209531
RP11-395A13.2	SRR6467669	62
RP11-395A13.2	SRR6467670	71
RP11-395A13.2	SRR6467671	41.10169405711776
RP11-395A13.2	SRR6467672	38.3362942034207
RP11-395A13.2	SRR6467673	46.441140947486694
RP11-395A13.2	SRR6467674	51.31900846670899
RP11-395A13.2	SRR6467675	41.35432027828738
RP11-395A13.2	SRR6467676	60.397786779026575
RP11-395A13.2	SRR6467677	58
RP11-395A13.2	SRR6467678	63
RP11-395A13.2	SRR6467679	64
RP11-395A13.2	SRR6467680	22.236045544977443
RP11-395A13.2	SRR6467681	50
RP11-395A13.2	SRR6467682	44.26334193627207
RP11-395A13.2	SRR6467683	45.503829504442656
RP11-395A13.2	SRR6467684	64.16592029181842
RP11-395A13.2	SRR6467685	34.479259586084204
RP11-395A13.2	SRR6467686	33.0475272768367
RP11-395A13.2	SRR6467687	63.28870635500463
RP11-395A13.2	SRR6467688	89
RP11-395A13.2	SRR6467689	40.396116359661995
RP11-395A13.2	SRR6467690	40.21869729151097
RP11-395A13.2	SRR6467691	53.29404814125465
RP11-395A13.2	SRR6467692	45.04523529413112
RP11-395A13.2	SRR6467693	77.28826542850264
RP11-395A13.2	SRR6467694	54.408818119697244
RP11-395A13.2	SRR6467695	60.27413974431878
RP11-395A13.2	SRR6467696	74.27203400385218
RP11-395A13.2	SRR6467697	64
RP11-395A13.2	SRR6467698	46.21630069359862
RP11-395A13.2	SRR6467699	83
RP11-395A13.2	SRR6467700	52.26501110513965
RP11-395A13.2	SRR6467701	64
RP11-395A13.2	SRR6467702	41.58782945080173
RP11-395A13.2	SRR6467703	43.530405235740915
RP11-395A13.2	SRR6467704	68.18977720876683
RP11-395A13.2	SRR6467705	51.33305809310123
RP11-395A13.2	SRR6467706	38.70187946687411
RP11-395A13.2	SRR6467707	83
RP11-395A13.2	SRR6467708	45.077661159111585
RP11-395A13.2	SRR6467709	75
RP11-395A13.2	SRR6467710	55.04949421976212
RP11-395A13.2	SRR6467711	58.07919617726434
RP11-395A13.2	SRR6467712	49.55111877259281
RP11-395A13.2	SRR6467713	48.26132434102111
RP11-395A13.2	SRR6467714	42.25080035652562
RP11-395A13.2	SRR6467715	66
RP11-395A13.2	SRR6467716	58
RP11-395A13.2	SRR6467717	32.392986001399635
RP11-395A13.2	SRR6467718	29.446865122968234
RP11-395A13.2	SRR6467719	38.136968773189935
RP11-395A13.2	SRR6467720	43
RP11-395A13.2	SRR6467721	69.11180717616148
RP11-395A13.2	SRR6467722	106.831790658634
RP11-395A13.2	SRR6467723	73
RP11-395A13.2	SRR6467724	126
RP11-395A13.2	SRR6467725	73
RP11-395A13.2	SRR6467726	41.359930482531105
RP11-395A13.2	SRR6467727	54.123653830423756
RP11-395A13.2	SRR6467728	54
RP11-395A13.2	SRR6467729	39.26872266804065
RP11-395A13.2	SRR6467730	44.09356061654436
RP11-395A13.2	SRR6467731	26.25691077592986
RP11-395A13.2	SRR6467732	71.47351723666796
RP11-395A13.2	SRR6467733	60.10354821214879
RP11-395A13.2	SRR6467734	79.44074318965784
RP11-395A13.2	SRR6467735	49.40499404328836
RP11-395A13.2	SRR6467736	34.210874046362434
RP11-395A13.2	SRR6467737	46.285489362547445
RP11-395A13.2	SRR6467738	36.01295498992385
RP11-395A13.2	SRR6467739	76
RP11-395A13.2	SRR6467740	35.187005273148124
RP11-395A13.2	SRR6467741	45.091749079800195
RP11-395A13.2	SRR6467742	51
RP11-395A13.2	SRR6467743	67
RP11-395A13.2	SRR6467744	63
RP11-395A13.2	SRR6467745	60.02159164987308
RP11-395A13.2	SRR6467746	39.309398354930444
RP11-395A13.2	SRR6467747	69.67606910113399
RP11-395A13.2	SRR6467748	83.66584992009159
RP11-395A13.2	SRR6467749	56
RP11-395A13.2	SRR6467750	75.17790395111703
RP11-395A13.2	SRR6467751	21.3174762441181
RP11-395A13.2	SRR6467752	42.34500983575698
RP11-395A13.2	SRR6467753	97.17956409605425
RP11-395A13.2	SRR6467754	64.45242781171721
RP11-395A13.2	SRR6467755	79.65624238241493
RP11-395A13.2	SRR6467756	54.06804429693726
RP11-395A13.2	SRR6467757	54
RP11-395A13.2	SRR6467758	64
RP11-395A13.2	SRR6467759	49.277506274573426
RP11-395A13.2	SRR6467760	55.42538278560285
RP11-395A13.2	SRR6467761	53.19428750585909
RP11-395A13.2	SRR6467762	47.235260198714975
RP11-395A13.2	SRR6467763	80.39733151165193
RP11-395A13.2	SRR6467764	107.46408923559757
RP11-395A13.2	SRR6467765	38.047245719452626
RP11-395A13.2	SRR6467766	37.54884055789008
RP11-395A13.2	SRR6467767	69.46963644274564
RP11-395A13.2	SRR6467768	43.53649513381415
RP11-395A13.2	SRR6467769	26.467492629497634
RP11-395A13.2	SRR6467770	66
RP11-395A13.2	SRR6467771	78.99972916083436
RP11-395A13.2	SRR6467772	53.37698553908931
RP11-395A13.2	SRR6467773	42.16469586756549
RP11-395A13.2	SRR6868540	18.26700351464923
RP11-395A13.2	SRR6868541	9.25027952237426
RP11-395A13.2	SRR6868542	14.671863812563547
RP11-395A13.2	SRR6868543	9.137666442534798
RP11-395A13.2	SRR6868544	24.188416040412623
RP11-395A13.2	SRR6868545	24.598392373231803
RP11-395A13.2	SRR6868546	9.143175151838722
RP11-395A13.2	SRR6868557	9.534240395655223
RP11-395A13.2	SRR6868558	8.394640766332607
RP11-395A13.2	SRR6868559	3.0984954349543936
RP11-395A13.2	SRR6868560	20.19976669058045
RP11-395A13.2	SRR6868569	8.495472174458135
RP11-395A13.2	SRR6868570	2.043639543151062
RP11-395A13.2	SRR6868571	9.402696816171721
RP11-395A13.2	SRR6868572	8.094801650240797
RP11-395A13.2	SRR6868573	5.206416103517381
RP11-395A13.2	SRR6868574	14.171456618190856
RP11-395A13.2	SRR6868575	10.259969817544446
RP11-395A13.2	SRR6868576	7.112008563390837
RP11-395A13.2	SRR6868577	13.426279865171661
RP11-395A13.2	SRR6868578	16.24923296335201
RP11-395A13.2	SRR6868579	8.352559544412484
RP11-395A13.2	SRR6868580	15.161657567508074
RP11-395A13.2	SRR6868581	3.1026090150389103
RP11-395A13.2	SRR6868582	7.230572779046059
RP11-395A13.2	SRR6868585	7.156742683557153
RP11-395A13.2	SRR6868586	7.418207322475722
RP11-395A13.2	SRR6868587	11.660675515343206
RP11-395A13.2	SRR6868588	8.057569415051637
RP11-395A13.2	SRR6868589	15.165517648023512
RP11-395A13.2	SRR6868590	10.323588353795468
RP11-395A13.2	SRR6868591	9.118133745211678
RP11-395A13.2	SRR6868604	4.3036220392132805
RP11-395A13.2	SRR6868605	7.224685988873548
RP11-395A13.2	SRR6868606	5.205298375463095
RP11-395A13.2	SRR6868607	8.277220969966208
RP11-395A13.2	SRR6868608	6.146787940153119
RP11-395A13.2	SRR6868609	7.30934067846943
RP11-395A13.2	SRR6868610	6.236027860482689
RP11-395A13.2	SRR6868620	16.182373465397525
RP11-395A13.2	SRR6868621	9.198508595770848
RP11-395A13.2	SRR6868622	11.266583244444968
RP11-395A13.2	SRR6868623	3.1649559277105763
RP11-395A13.2	SRR6868636	18.79240801248151
RP11-395A13.2	SRR6868637	16.417800255911576
RP11-395A13.2	SRR6868638	8.371050979855033
RP11-395A13.2	SRR6868639	32.3467167580355
RP11-395A13.2	SRR6868650	18.71697339364152
RP11-395A13.2	SRR6868651	30.874248545188795
RP11-395A13.2	SRR6868652	6.184269673207581
RP11-395A13.2	SRR6868653	13.246411602546148
RP11-395A13.2	SRR6868654	11.166316239636963
RP11-395A13.2	SRR6868655	10.354304322438237
RP11-395A13.2	SRR6868665	19.2749007614312
RP11-395A13.2	SRR6868666	16.164203043996796
RP11-395A13.2	SRR6868667	15.173134264231155
RP11-395A13.2	SRR6868668	18.134614861569595
RP11-395A13.2	SRR6868669	30.229254596618425
RP11-395A13.2	SRR6868670	9.162815832285077
RP11-395A13.2	SRR6868671	15.219460675256649
RP11-395A13.2	SRR6868683	14.179478275891055
RP11-395A13.2	SRR6868684	13.205140849116718
RP11-395A13.2	SRR6868685	7.151613284811664
RP11-395A13.2	SRR6868686	13.134214106236263
RP11-395A13.2	SRR6868687	14.394188576206762
RP11-395A13.2	SRR6868688	14.38343750972967
RP11-395A13.2	SRR6868689	23.342131994189764
RP11-395A13.2	SRR6868698	26.47791321692553
RP11-395A13.2	SRR6868699	30.211735712368004
RP11-395A13.2	SRR6868700	14.226149141426045
RP11-395A13.2	SRR6868701	14.14852628240389
RP11-395A13.2	SRR6868702	15.115311270821774
RP11-395A13.2	SRR6868713	10.10478873419224
RP11-395A13.2	SRR6868714	14.261735737731208
RP11-395A13.2	SRR6868715	18.15012844053999
RP11-395A13.2	SRR6868716	18.120942009492826
RP11-395A13.2	SRR6868717	21.216321425505075
RP11-395A13.2	SRR6868718	13.050705345467549
RP11-395A13.2	SRR6868719	21.034028271005667
RP11-395A13.2	SRR6868720	17.08613870086325
RP11-395A13.2	SRR6868721	14.15818195524788
RP11-395A13.2	SRR6868722	14.23660329260915
RP11-395A13.2	SRR6868723	10.196540145226427
RP11-395A13.2	SRR6868724	20.194886881338387
RP11-395A13.2	SRR6868725	21.087715391800877
RP11-395A13.2	SRR6868726	19.04583097059993
RP11-395A13.2	SRR6868741	13.189074712727935
RP11-395A13.2	SRR7632756	14.115613512711178
RP11-395A13.2	SRR7632757	9.249599574461802
RP11-395A13.2	SRR7632758	15.159492314338648
RP11-395A13.2	SRR7632759	10.297749607877074
RP11-395A13.2	SRR7632760	15.304003513866512
RP11-395A13.2	SRR7632761	16.11440961508425
RP11-395A13.2	SRR7632762	9.437692902587312
RP11-395A13.2	SRR7632763	7.114670375354407
RP11-395A13.2	SRR7632764	12.443868506572066
RP11-395A13.2	SRR7632765	10.026272514823873
RP11-395A13.2	SRR7632766	16.497827975913
RP11-395A13.2	SRR7632767	7.016604368770923
RP11-395A13.2	SRR7632768	9.14569352887666
RP11-395A13.2	SRR7632769	7.080339847056371
RP11-395A13.2	SRR7632770	12.09934941414674
RP11-395A13.2	SRR7632771	8.207638507707605
RP11-395A13.2	SRR7632772	8.153316301135229
RP11-395A13.2	SRR7632773	15.08142999965157
RP11-395A13.2	SRR7632774	7.044429410342185
RP11-395A13.2	SRR7632775	5.112340755473821
RP11-395A13.2	SRR7632776	7.265220571117893
RP11-395A13.2	SRR7632777	7.168417472966433
RP11-395A13.2	SRR7632778	8.033415387352715
RP11-395A13.2	SRR7632779	7.1828162374578515
RP11-395A13.2	SRR7632780	4.014772990696124
RP11-395A13.2	SRR7632781	16.982808502868146
RP11-395A13.2	SRR7632782	10.136773375077079
RP11-395A13.2	SRR7632783	4.029356226628493
RP11-395A13.2	SRR7632784	6.052205311493471
RP11-395A13.2	SRR7632785	14.100484468924368
RP11-395A13.2	SRR7632786	5.207033008213636
RP11-395A13.2	SRR7632787	10.039139901228019
RP11-395A13.2	SRR7632788	21.047598074991726
RP11-395A13.2	SRR7632789	15.272136080925977
RP11-395A13.2	SRR7632790	4.0392954652627475
RP11-395A13.2	SRR7632791	3.134227346092683
RP11-395A13.2	SRR7632792	16.116758020602333
RP11-395A13.2	SRR7632793	13.157385636112378
RP11-395A13.2	SRR7632794	9.062529935538262
RP11-395A13.2	SRR7632795	25.080665225096354
RP11-395A13.2	SRR7632796	5.085921152050254
RP11-395A13.2	SRR7632797	2.301591344502341
RP11-395A13.2	SRR7632798	6.034373943276814
RP11-395A13.2	SRR7632799	10.307842771739868
RP11-395A13.2	SRR7632800	12.179660552018152
RP11-395A13.2	SRR7632801	14.07365967581177
RP11-395A13.2	SRR7632802	3.1049865920340753
RP11-395A13.2	SRR7632803	3.0719875433255974
RP11-395A13.2	SRR7632804	5.202369395094909
RP11-395A13.2	SRR7632805	8.024748890949551
RP11-395A13.2	SRR7632806	22.10149245581987
RP11-395A13.2	SRR7632807	10.087172705016195
RP11-395A13.2	SRR7632808	11.09042798403822
RP11-395A13.2	SRR7632809	5.243885820119027
RP11-395A13.2	SRR7632810	9.03755537151954
RP11-395A13.2	SRR7632811	9.061262266116932
RP11-395A13.2	SRR7632812	6.043100172198197
RP11-395A13.2	SRR7632813	13.08072085036679
RP11-395A13.2	SRR7632814	13.046282446296273
RP11-395A13.2	SRR7632815	13.102317291006498
RP11-395A13.2	SRR7632816	8.60225452136448
RP11-395A13.2	SRR7632817	4.166344603436412
RP11-395A13.2	SRR7632818	17.092232225505555
RP11-395A13.2	SRR7632819	6.0146813821184875
RP11-395A13.2	SRR7632820	5.034423734992284
RP11-395A13.2	SRR7632821	10.01725803535813
RP11-395A13.2	SRR7632822	8.100667838209517
RP11-395A13.2	SRR7632823	18.06623409108242
RP11-395A13.2	SRR7632824	12.054892460315804
RP11-395A13.2	SRR7632825	4.011230553573445
RP11-395A13.2	SRR7632826	10.006451357681575
RP11-395A13.2	SRR7632827	7.383574018090383
RP11-395A13.2	SRR7632828	4.103987927017778
RP11-395A13.2	SRR7632829	8.115936445350473
RP11-395A13.2	SRR7632830	4.193787817291455
RP11-395A13.2	SRR7632831	10.092787217165853
RP11-395A13.2	SRR7632832	7.101890383931392
RP11-395A13.2	SRR7632833	12.620844440898063
RP11-395A13.2	SRR7632834	16.46703391127377
RP11-395A13.2	SRR7632835	4.4396400588990605
RP11-395A13.2	SRR7632836	7.104559395701122
RP11-395A13.2	SRR7632837	16.103200249503768
RP11-395A13.2	SRR7632838	4.100623775883827
RP11-395A13.2	SRR7632839	11.126366212753386
RP11-395A13.2	SRR7632840	5.152866725409129
RP11-395A13.2	SRR7632841	5.596280493355391
RP11-395A13.2	SRR7632842	8.014894799445534
RP11-395A13.2	SRR7632843	5.187576943481323
RP11-395A13.2	SRR7632844	5.198157003247703
RP11-395A13.2	SRR7632845	5.025027680714358
RP11-395A13.2	SRR7632846	6.296942998979943
RP11-395A13.2	SRR7632847	6.1411635203491715
RP11-395A13.2	SRR7632848	4.036520987944985
RP11-395A13.2	SRR7632849	4.045538645684296
RP11-395A13.2	SRR7632850	10.128856441720862
RP11-395A13.2	SRR7632851	17.17190128212459
RP11-395A13.2	SRR7632852	8.010080636583297
RP11-395A13.2	SRR7632853	17.086319727064996
RP11-395A13.2	SRR7632854	7.046222886061327
RP11-395A13.2	SRR7632855	15
RP11-395A13.2	SRR7632856	8.051869861097062
RP11-395A13.2	SRR7632857	9.662188090287266
RP11-395A13.2	SRR7632858	10.371579517056881
RP11-395A13.2	SRR7632859	11.435942234849717
RP11-395A13.2	SRR7632860	4.301416213469865
RP11-395A13.2	SRR7632861	3.163146746543364
RP11-395A13.2	SRR7632862	7.245981742753527
RP11-395A13.2	SRR7632863	1.127463190129664
RP11-395A13.2	SRR7632864	1.1215525506364097
RP11-395A13.2	SRR7632865	16.023416192636883
RP11-395A13.2	SRR7632866	8.045307146869131
RP11-395A13.2	SRR7632867	6.0617425533129445
RP11-395A13.2	SRR7632868	6.153772309435468
RP11-395A13.2	SRR7632869	10.244411302643485
RP11-395A13.2	SRR7632870	7.026592128484629
RP11-395A13.2	SRR7632871	13.662865824442836
RP11-395A13.2	SRR7632872	6.193274791912588
RP11-395A13.2	SRR7632873	10.04207620749528
RP11-395A13.2	SRR7632874	11.029236915838982
RP11-395A13.2	SRR7632875	5.00825506517827
RP11-395A13.2	SRR7632876	15.21255044882777
RP11-395A13.2	SRR7632877	12.493195632607124
RP11-395A13.2	SRR7632878	8.176641768203107
RP11-395A13.2	SRR7632879	9.020399174996454
RP11-395A13.2	SRR7632880	11.192954725836787
RP11-395A13.2	SRR7632881	8.11005107910244
RP11-395A13.2	SRR7632882	8.191046116762694
RP11-395A13.2	SRR7632883	12.26974876469892
RP11-395A13.2	SRR7632884	4.134825632967394
RP11-395A13.2	SRR7632885	5.024853533993079
RP11-395A13.2	SRR7632886	16.51683980228743
RP11-395A13.2	SRR7632887	18.18193348176005
RP11-395A13.2	SRR7632888	8.303814580615404
RP11-395A13.2	SRR7632889	9.307793510749088
RP11-395A13.2	SRR7632890	3.3061909776276486
RP11-395A13.2	SRR7632891	8.376412447651612
RP11-395A13.2	SRR7632892	7.040823190007141
RP11-395A13.2	SRR7632893	16.610181204342354
RP11-395A13.2	SRR7632894	8.376460597227522
RP11-395A13.2	SRR7632895	6.069550254644739
RP11-395A13.2	SRR7632896	5.113241136583642
RP11-395A13.2	SRR7632897	13.05310670490471
RP11-395A13.2	SRR7632898	13.048576324649204
RP11-395A13.2	SRR7632899	4.027807545275202
RP11-395A13.2	SRR7632900	6.039988880303689
RP11-395A13.2	SRR7632901	11.06997061942474
RP11-395A13.2	SRR7632902	11.481847013356772
RP11-395A13.2	SRR7632903	9.039590400607725
RP11-395A13.2	SRR7632904	4.210478173680047
RP11-395A13.2	SRR7632905	5.465879626799676
RP11-395A13.2	SRR7632906	10.16502585346888
RP11-395A13.2	SRR7632907	6.166352459448662
RP11-395A13.2	SRR7632908	6.024042216037946
RP11-395A13.2	SRR7632909	21.07254629485888
RP11-395A13.2	SRR7632910	4.152030919241321
RP11-395A13.2	SRR7632911	12.15581106388357
RP11-395A13.2	SRR7632912	13.203225864007607
RP11-395A13.2	SRR7632913	3.1761673300153026
RP11-395A13.2	SRR7632914	3.0935168170905647
RP11-395A13.2	SRR7632915	5.224783239736311
RP11-395A13.2	SRR7632916	4.079538114641094
RP11-395A13.2	SRR7632917	4.209578220394353
RP11-395A13.2	SRR7632918	8.206774833703731
RP11-395A13.2	SRR7632919	10.08734166859293
RP11-395A13.2	SRR7632920	9.104248006179908
RP11-395A13.2	SRR7632921	7.085101787771887
RP11-395A13.2	SRR7632922	27.234878623994284
RP11-395A13.2	SRR7632923	12.125700526213851
RP11-395A13.2	SRR7632924	6.176974457010282
RP11-395A13.2	SRR7632925	7.245610289581462
RP11-395A13.2	SRR7632926	4.07399577457069
RP11-395A13.2	SRR7632927	9.184669508073753
RP11-395A13.2	SRR7632928	9.029742767238169
RP11-395A13.2	SRR7632929	2.0815710665907736
RP11-395A13.2	SRR7632930	11.009898843952424
RP11-395A13.2	SRR7632931	15.010797767433806
RP11-395A13.2	SRR7632932	9.231233666303051
RP11-395A13.2	SRR7632933	7.1489440780581734
RP11-395A13.2	SRR7632934	13.057047795888504
RP11-395A13.2	SRR7632935	8.080894720999806
RP11-395A13.2	SRR7632936	10.210525182035713
RP11-395A13.2	SRR7632937	10.144804078601897
RP11-395A13.2	SRR7632938	7.186733057373141
RP11-395A13.2	SRR7632939	4.112415039921538
RP11-395A13.2	SRR7632940	11.072066771056955
RP11-395A13.2	SRR7632941	14.300650926678424
RP11-395A13.2	SRR7632942	5.179236463638507
RP11-395A13.2	SRR7632943	13
RP11-395A13.2	SRR7632944	10.183845609590007
RP11-395A13.2	SRR7632945	28
RP11-395A13.2	SRR8928966	16.142432094493014
RP11-395A13.2	SRR8928967	1.0174471485483954
RP11-395A13.2	SRR8928968	6.050145925829913
RP11-395A13.2	SRR8928969	8.067326071217163
RP11-395A13.2	SRR8928970	8.078232344760774
RP11-395A13.2	SRR8928971	14.109390349715742
RP11-395A13.2	SRR8928972	1.0551062717044821
RP11-395A13.2	SRR8928973	5.030078983051117
RP11-395A13.2	SRR8928974	1.0870766859358787
RP11-395A13.2	SRR8928975	1.0434971814877207
RP11-395A13.2	SRR8928976	1.0433938336486428
RP11-395A13.2	SRR8928977	4.079088505317359
RP11-395A13.2	SRR8928978	7.132366307894103
RP11-395A13.2	SRR8928979	21.414063238986504
RP11-395A13.2	SRR8928980	1.016019416300132
RP11-395A13.2	SRR8928981	3.0354635931819525
RP11-395A13.2	SRR8928982	6.068950688647018
RP11-395A13.2	SRR8928983	4.007923351219644
RP11-395A13.2	SRR8928984	4.022615604645735
RP11-395A13.2	SRR8928985	5.085281836064278
RP11-395A13.2	SRR8928986	4.036427964128632
RP11-395A13.2	SRR8928987	6
RP11-395A13.2	SRR8928988	19
RP11-395A13.2	SRR8928989	6.108289319957899
RP11-395A13.2	SRR8928990	10.106122784979464
RP11-395A13.2	SRR8928991	2.036023053538453
RP11-395A13.2	SRR9835604	7.101039256345011
RP11-395A13.2	SRR9835605	4.022492638480282
RP11-395A13.2	SRR9835606	5.011027967419533
RP11-395A13.2	SRR9835607	11.101734056747777
RP11-395A13.2	SRR9835608	6.089910503121056
RP11-395A13.2	SRR9835609	8
RP11-395A13.2	SRR9835610	7.032818135922393
RP11-395A13.2	SRR9835611	10.01110573697418
RP11-395A13.2	SRR9835612	8.021926203152432
RP11-395A13.2	SRR9835613	7.041800059420938
RP11-395A13.2	SRR9835614	5.050878738022258
RP11-395A13.2	SRR9835615	2.079369299765199
RP11-395A13.2	SRR9835616	8.059999614685392
RP11-395A13.2	SRR9835617	4.093478744066813
RP11-395A13.2	SRR9835618	7.037785523910421
RP11-395A13.2	SRR9835619	10
RP11-395A13.2	SRR9835620	8.039198250756169
RP11-395A13.2	SRR9835621	5.033324066919741
RP11-395A13.2	SRR9835622	5.013864426095854
RP11-395A13.2	SRR9835623	9.001619228079393
RP11-395A13.2	SRR9835624	4.088845989232604
RP11-395A13.2	SRR9835625	12.0381496568353
RP11-395A13.2	SRR9835626	5.038585288521772
RP11-395A13.2	SRR9835627	9.018776568745134
RP11-395A13.2	SRR9835628	10.072453007967821
RP11-395A13.2	SRR9835629	5.102550827256149
RP11-395A13.2	SRR9835630	2.111478522036065
RP11-395A13.2	SRR9835631	3.2424529828744015
RP11-395A13.2	SRR9835632	4.009365645848272
RP11-395A13.2	SRR9835633	4.0302828236812775
RP11-395A13.2	SRR9835634	8.05110787823481
RP11-395A13.2	SRR9835635	9.089034795142052
RP11-395A13.2	SRR9835636	2.0041054313735067
RP11-395A13.2	SRR9835637	10.045214612850003
RP11-395A13.2	SRR9835638	8.079270394628864
RP11-395A13.2	SRR9835639	9.095237074439225
RP11-395A13.2	SRR9835640	10.167278382770977
RP11-395A13.2	SRR9835641	7.0274493112609155
RP11-395A13.2	SRR9835642	5.02954967752054
RP11-395A13.2	SRR9835643	8.030813982764533
RP11-395A13.2	SRR9835644	8.026379330928522
RP11-395A13.2	SRR9835645	4.118613642487768
RP11-395A13.2	SRR9835646	7.066221689454822
RP11-395A13.2	SRR9835647	13.031591377664869
RP11-395A13.2	SRR9835648	7.2120147060928526
RP11-395A13.2	SRR9835649	5.059771923442547
RP11-395A13.2	SRR9835650	14.053803949445605
RP11-395A13.2	SRR9835651	3.002159553486761
RP11-395A13.2	SRR9835652	8.128155330401055
RP11-395A13.2	SRR9835653	9.02511757174855
RP11-395A13.2	SRR9835654	3.0305272428133554
RP11-395A13.2	SRR9835655	8.041356112076457
RP11-395A13.2	SRR9835656	6.016212689253365
RP11-395A13.2	SRR9835657	4.060475651816684
RP11-395A13.2	SRR9835658	17.03419495603052
RP11-395A13.2	SRR9835659	6.036279300926157
RP11-395A13.2	SRR9835660	5.038231167795599
RP11-395A13.2	SRR9835661	15.060816563406402
RP11-395A13.2	SRR9835662	7.08615738113136
RP11-395A13.2	SRR9835663	10.20307360649127
RP11-395A13.2	SRR9835664	8.013806428286504
RP11-395A13.2	SRR9835665	6.0251448012706375
RP11-395A13.2	SRR9835666	9
RP11-395A13.2	SRR9835667	9.075982175996092
RP11-395A13.2	SRR9835668	10
RP11-395A13.2	SRR9835669	10.266087966612284
RP11-395A13.2	SRR9835670	4.055778751859249
RP11-395A13.2	SRR9835671	4.054392359388192
RP11-395A13.2	SRR9835672	9.016054374603275
RP11-395A13.2	SRR9835673	2.045643925767389
RP11-395A13.2	SRR9835674	13.007017917482504
RP11-395A13.2	SRR9835675	7.037785523910421
RP11-395A13.2	SRR9835676	3.2674040261074278
RP11-395A13.2	SRR9835677	8.02126321151926
RP11-395A13.2	SRR9835678	7.042636391116575
RP11-395A13.2	SRR9835679	18.33783790260354
RP11-395A13.2	SRR9835680	2.0490370135679346
RP11-395A13.2	SRR9835681	13.03964194871366
RP11-395A13.2	SRR9835682	4.242821407564409
RP11-395A13.2	SRR9835683	7.0444102657191605
RP11-395A13.2	SRR9835684	7.177107546045624
RP11-395A13.2	SRR9835685	5.025625958878481
RP11-395A13.2	SRR9835686	7.094734921548796
RP11-395A13.2	SRR9835687	11.051724078904018
RP11-395A13.2	SRR9835688	13
RP11-395A13.2	SRR9835689	15.11084193329794
RP11-395A13.2	SRR9835690	7.014080276012568
RP11-395A13.2	SRR9835691	6.054113233509918
RP11-395A13.2	SRR9835692	5.091926365957348
RP11-395A13.2	SRR9835693	3.0122553934395486
RP11-395A13.2	SRR9835694	2.0208823861994465
RP11-395A13.2	SRR9835695	6.031385821776294
RP11-395A13.2	SRR9835696	3.0296559341484133
RP11-395A13.2	SRR9835697	7.036145559202111
RP11-395A13.2	SRR9835698	10.010052287584692
RP11-395A13.2	SRR9835699	10.016203938574126
RP11-395A13.2	SRR9835700	11.024932324995666
RP11-395A13.2	SRR9835701	11.031140578990549
RP11-395A13.2	SRR9835702	8
RP11-395A13.2	SRR9835703	6.006479826238255
RP11-395A13.2	SRR9835704	10.046652924666128
RP11-395A13.2	SRR9835705	9.035966611787108
RP11-395A13.2	SRR9835706	4.317054062061917
RP11-395A13.2	SRR9835707	9.009995163276763
RP11-395A13.2	SRR9835708	9.009568826012465
RP11-395A13.2	SRR9835709	7.003255964965364
RP11-395A13.2	SRR9835710	6.087381948852421
RP11-395A13.2	SRR9835711	11.004871335607024
RP11-395A13.2	SRR9835712	9.02269572251719
RP11-395A13.2	SRR9835713	7.0133421978443105
RP11-395A13.2	SRR9835714	4.006182444909256
RP11-395A13.2	SRR9835715	11.056783813089005
RP11-395A13.2	SRR9835716	10.029880577585077
RP11-395A13.2	SRR9835717	12.041455025633645
RP11-395A13.2	SRR9835718	6.093717603152342
RP11-395A13.2	SRR9835719	4.0353613007404565
RP11-395A13.2	SRR9835720	5.031497200159151
RP11-395A13.2	SRR9835721	5.07642056251921
RP11-395A13.2	SRR9835722	6.139285273232792
RP11-395A13.2	SRR9835723	5
RP11-395A13.2	SRR9835724	7.049404999552535
RP11-395A13.2	SRR9835725	2.055723346821802
RP11-395A13.2	SRR9835726	14.010077916271552
RP11-395A13.2	SRR9835727	12.082915530747918
RP11-395A13.2	SRR9835728	1.041000135876921
RP11-395A13.2	SRR9835729	6.01946048034647
RP11-395A13.2	SRR9835730	5.019760098485875
RP11-395A13.2	SRR9835731	7.357984272587238
RP11-395A13.2	SRR9835732	10.047296630084158
RP11-395A13.2	SRR9835733	9.040568219306559
RP11-395A13.2	SRR9835734	4.010509005929549
RP11-395A13.2	SRR9835735	13.0238059159967
RP11-395A13.2	SRR9835736	3.036781779385278
RP11-395A13.2	SRR9835737	5.010845560618845
RP11-395A13.2	SRR9835738	11.019806595824083
RP11-395A13.2	SRR9835739	7.193324493200545
RP11-395A13.2	SRR9835740	4.120948513161462
RP11-395A13.2	SRR9835741	7.037401054629624
RP11-395A13.2	SRR9835742	6.113534475461677
RP11-395A13.2	SRR9835743	5.1723941349799585
RP11-395A13.2	SRR9835744	8.046924644975109
RP11-395A13.2	SRR9835745	9.20395078991095
RP11-395A13.2	SRR9835746	6.066679565697074
RP11-395A13.2	SRR9835747	9.048552214253359
RP11-395A13.2	SRR9835748	5.154263829208543
RP11-395A13.2	SRR9835749	9
RP11-395A13.2	SRR9835750	10.08417985799797
RP11-395A13.2	SRR9835751	12.099591810659819
RP11-395A13.2	SRR9835752	2.0819420009744323
RP11-395A13.2	SRR9835753	10.109896329106068
RP11-395A13.2	SRR9835754	11.015019964653582
RP11-395A13.2	SRR9835755	2.0300197276701866
RP11-395A13.2	SRR9835756	5.234426081655592
RP11-395A13.2	SRR9835757	10.040544375604268
RP11-395A13.2	SRR9835758	6.035092393879239
RP11-395A13.2	SRR9835759	8.053183613504554
RP11-395A13.2	SRR9835760	10
RP11-395A13.2	SRR9835761	5.000899571155219
RP11-395A13.2	SRR9835762	2.205895188119846
RP11-395A13.2	SRR9835763	8.023524784896727
RP11-395A13.2	SRR9835764	8.021862136973025
RP11-395A13.2	SRR9835765	19.821044796816025
RP11-395A13.2	SRR9835766	8.212262719575358
RP11-395A13.2	SRR9835767	7.262180431018013
RP11-395A13.2	SRR9835768	11
RP11-395A13.2	SRR9835769	14
RP11-395A13.2	SRR9835770	10.202737577318615
RP11-395A13.2	SRR9835771	5.027418275806231
RP11-395A13.2	SRR9835772	1.0127561588072467
RP11-395A13.2	SRR9835773	18
RP11-395A13.2	SRR9835774	8.284686703799
RP11-395A13.2	SRR9835775	8.041490807528813
RP11-395A13.2	SRR9835776	13.042563068397827
RP11-395A13.2	SRR9835777	4.009787588078992
RP11-395A13.2	SRR9835778	6.0256956128669215
RP11-395A13.2	SRR9835779	11.078124909896577
RP11-395A13.2	SRR9835780	5.008018083279314
RP11-395A13.2	SRR9835781	7.179081702380804
RP11-395A13.2	SRR9835782	2.0101274839122625
RP11-395A13.2	SRR9835783	8
RP11-395A13.2	SRR9835784	6.024877362162172
RP11-395A13.2	SRR9835785	3.1325582714541937
RP11-395A13.2	SRR9835786	9.089368591680046
RP11-395A13.2	SRR9835787	6.017378244964134
RP11-395A13.2	SRR9835788	13.02186123094887
RP11-395A13.2	SRR9835789	15
RP11-395A13.2	SRR9835790	3.0218503696966765
RP11-395A13.2	SRR9835791	4.1114624965294055
RP11-395A13.2	SRR9835792	12.931299046674187
RP11-395A13.2	SRR9835793	6.0123137050778706
RP11-395A13.2	SRR9835794	12.002158970772523
RP11-395A13.2	SRR9835795	4.229573156179146
RP11-395A13.2	SRR9835796	12.069543251108595
RP11-395A13.2	SRR9835797	9
RP11-395A13.2	SRR9835798	10.016203938574126
RP11-395A13.2	SRR9835799	12.024466421280053
RP11-395A13.2	SRR9835800	7.008297266911304
RP11-395A13.2	SRR9835801	3.015200947211161
RP11-395A13.2	SRR9835802	8.032215856056904
RP11-395A13.2	SRR9867812	14.254079692889675
RP11-395A13.2	SRR9867813	11.186840096666367
RP11-395A13.2	SRR9867814	14.861051139837295
RP11-395A13.2	SRR9867815	28.644067363428423
RP11-395A13.2	SRR9867816	49
RP11-395A13.2	SRR9867817	14.182969925817495
RP11-395A13.2	SRR9867818	35
RP11-395A13.2	SRR9867819	5.182935876293656
RP11-395A13.2	SRR9867820	48
RP11-395A13.2	SRR9867821	23
RP11-395A13.2	SRR9867822	16.163979672806295
RP11-395A13.2	SRR9867823	22.759766194961028
RP11-395A13.2	SRR9867824	34.80845300705245
RP11-395A13.2	SRR9867825	18.659058298790363
RP11-395A13.2	SRR9867826	8.005236575247759
RP11-395A13.2	SRR9867827	35.691065880607354
RP11-395A13.2	SRR9867828	10.107911391691838
RP11-395A13.2	SRR9867829	24.844375563771408
RP11-395A13.2	SRR9867830	40
RP11-395A13.2	SRR9867831	23.583296446123143
RP11-395A13.2	SRR9879292	224.80695140045384
RP11-395A13.2	SRR9879293	57.82967884058419
RP11-395A13.2	SRR9879294	44.88302792389817
RP11-395A13.2	SRR9879295	47.9269806373486
RP11-395A13.2	SRR9879296	63.754441975327154
RP11-395A13.2	SRR9879297	77.17751014127674
RP11-395A13.2	SRR9879298	64.68184833499284
RP11-395A13.2	SRR9879299	104.30296999370218
RP11-395A13.2	SRR9879300	60.87965116477769
RP11-395A13.2	SRR9879301	157.05649815050123
RP11-395A13.2	SRR9879302	80.82731529249077
RP11-395A13.2	SRR9879303	97.405161571651675
RP11-395A13.2	SRR9879304	48.801886375461635
RP11-395A13.2	SRR9879305	97.97782464714884
RP11-395A13.2	SRR9879306	189
RP11-395A13.2	SRR9879307	169.58741750016105
RP11-395A13.2	SRR9879308	83.94492689794914
RP11-395A13.2	SRR9879309	72.76729267379935
RP11-395A13.2	T50_307	48.25762551698336
RP11-395A13.2	T50_313	20.32038832600264
RP11-395A13.2	T50_317	38.623461315793975
RP11-395A13.2	T50_324	33.34905917763117
RP11-395A13.2	T50_427	74.14273632318759
RP11-395A13.2	T50_428	67.43824710793007
RP11-395A13.2	T50_431	87.4132266837429
RP11-395A13.2	T50_436	107.76861973753452
RP11-395A13.2	T50_476	93.67736146059698
RP11-395A13.2	UN_307	20.257438877771428
RP11-395A13.2	UN_313	22.306870783458432
RP11-395A13.2	UN_317	14.111996035217862
RP11-395A13.2	UN_323	34.3075797865526
RP11-395A13.2	UN_324	9.192566962133895
RP11-395A13.2	UN_427	69.53159650418347
RP11-395A13.2	UN_428	50.494468754732615
RP11-395A13.2	UN_431	80.72855928257263
RP11-395A13.2	UN_436	97.68891965999708
RP11-395A13.2	UN_476	68.60323922503756
