Gene	sample	counts
RPS15A	CM317	425.07291751160807
RPS15A	CMCD140	1375.8296941988506
RPS15A	CMCD147	586.817517356739
RPS15A	CMCD152	1577
RPS15A	CMCD154	1464.3540241169246
RPS15A	CMCD159	316.1145276165516
RPS15A	CMCD161	1893.7828459978543
RPS15A	CMCD174	356.197195747022
RPS15A	CMCD196	2027.4621411035057
RPS15A	CMCD198	944.0475961797381
RPS15A	CMCD203	609.9695022099065
RPS15A	CMCD211	677.2482419568325
RPS15A	CMCD227	814.7115080106546
RPS15A	CMCD240	1023.8926088634056
RPS15A	CMCD259	1268
RPS15A	CMCD270	1072.5385979994028
RPS15A	CMCD275	1257.6482230296301
RPS15A	CMCD282	1121.5689911261927
RPS15A	CMCD286	825.6333632199854
RPS15A	CMCD287	781
RPS15A	CMCD294	481.97025858173566
RPS15A	CMCD327	1164.9558544520537
RPS15A	CMCD335	1390.5123127300712
RPS15A	CMCD337	949.2938791609752
RPS15A	CMCD357	944.5641793724782
RPS15A	CMCD398	863.1500229077673
RPS15A	CMCD403	1650.7696660867953
RPS15A	CMCD422	1105.301172813987
RPS15A	CMCD426	314.16124305293584
RPS15A	CMCD71	1544.8029690075796
RPS15A	CMCD72	310.7902516646017
RPS15A	CMCD76	1152.6417960210808
RPS15A	CMCD88	936.1683997202568
RPS15A	CMSA256	1403
RPS15A	CMSA316	654.2922779364801
RPS15A	CMUC110	1770
RPS15A	CMUC192	980.0162549046534
RPS15A	CMUC199	776.2814910894435
RPS15A	CMUC200	1858.3409768506738
RPS15A	CMUC208	4017.80716325515
RPS15A	CMUC231	808
RPS15A	CMUC234	1596
RPS15A	CMUC285	1212.3411979962832
RPS15A	CMUC291	1633.7188914633384
RPS15A	CMUC295	1082.9736862869565
RPS15A	CMUC299	906.6460372400547
RPS15A	CMUC301	1130.6100189811714
RPS15A	CMUC307	1455.0050317491919
RPS15A	CMUC313	509.55824166222203
RPS15A	CMUC314	847.844749807206
RPS15A	CMUC323	687.174392524091
RPS15A	CMUC324	1434.2895493985293
RPS15A	CMUC331	1031.3589255512072
RPS15A	CMUC333	879.98532844332
RPS15A	CMUC334	634.3831294744078
RPS15A	CMUC346	1690.1401700330387
RPS15A	CMUC352	1123.7622794553572
RPS15A	CMUC360	1252.8017158582643
RPS15A	CMUC363	1646.3064105977428
RPS15A	CMUC365	667.437022129347
RPS15A	CMUC366	917.0609804014523
RPS15A	CMUC368	1757
RPS15A	CMUC377	1084.4084453736864
RPS15A	CMUC379	557.8901168477146
RPS15A	CMUC380	1082.4278390885781
RPS15A	CMUC383	2331.8434603100995
RPS15A	CMUC394	1377.4188545111022
RPS15A	CMUC419	786.1360765108154
RPS15A	CMUC427	1652
RPS15A	CMUC428	1125.096011537509
RPS15A	CMUC431	1355.5147126121378
RPS15A	CMUC435	940.698181225496
RPS15A	CMUC439	874.5929774883015
RPS15A	CMUC89	1112
RPS15A	CS219	956.3635745565571
RPS15A	CS256	895.0448679734891
RPS15A	CS257	401.654774155332
RPS15A	CS259	2116.265876523314
RPS15A	CS261	700.2949564078066
RPS15A	CS266	815.1593520200996
RPS15A	CS270	2199.2436333211535
RPS15A	CS277	449.5709341774198
RPS15A	CS288	1372.2613902919027
RPS15A	CS290	1318.453099819836
RPS15A	CS292	1095.0978938410756
RPS15A	CS293	908.0457924206178
RPS15A	CS301	562.6567223249998
RPS15A	CS306	700.1926817978493
RPS15A	CS308	587.2018238979504
RPS15A	CS315	592.1385307700866
RPS15A	CS317	260.56852579235294
RPS15A	CS322	1245.4916222211323
RPS15A	CS327	739.5036376456272
RPS15A	CS328	439.55786971353285
RPS15A	CS330	390.900792853464
RPS15A	CS331	522.6441970168374
RPS15A	CS335	235.24242428093666
RPS15A	CS338	820.5428309364031
RPS15A	CS339	289.1764291541565
RPS15A	CS343	1827.6470673698793
RPS15A	CS344	352.9176771197606
RPS15A	CS350	570.9668147572726
RPS15A	CS351	3116.6920660318724
RPS15A	CS361	486.3954370738171
RPS15A	CS388	1241.9559388930536
RPS15A	CS396	742.0033865452467
RPS15A	CS405	744.4204022323462
RPS15A	CS415	435.0671272287465
RPS15A	CS424	836.3233009388415
RPS15A	IM293	951.0455086249839
RPS15A	IM296	392.83873750549446
RPS15A	IM297	248.3219946107085
RPS15A	IM300	1198
RPS15A	IM305	1054.4922891985948
RPS15A	IM309	415.5466758880264
RPS15A	IM310	657.9300971465021
RPS15A	IM311	776.5698034426732
RPS15A	IM316	1170.0369124954423
RPS15A	IM320	554.1855515121391
RPS15A	IM330	525.5091287447615
RPS15A	IM332	297.8455872741929
RPS15A	IM340	635.880648358582
RPS15A	IM348	433.4498914113569
RPS15A	IM354	445.2039207865452
RPS15A	IM356	648.536263723941
RPS15A	IM364	462.91094098473997
RPS15A	IM372	689.9935953291198
RPS15A	IM374	604.4840813818879
RPS15A	IM376	1207.04188964593
RPS15A	IM381	1862.0900996469677
RPS15A	IM382	946.19783165335
RPS15A	IM385	1701
RPS15A	IM390	923.7760117230991
RPS15A	IM397	1081.170203059128
RPS15A	IM404	1288.704032103349
RPS15A	IM409	1045.958150167981
RPS15A	IM412	1425
RPS15A	IM421	747.7012693265373
RPS15A	IM425	354.24929102124736
RPS15A	IM432	580.4020009254733
RPS15A	IM438	3233
RPS15A	IM442	425.3847690724534
RPS15A	IM445	509.82361776271006
RPS15A	IM448	1112.028817759429
RPS15A	IM449	968.1087223797822
RPS15A	IM451	1161.9954216879134
RPS15A	IMSA256	1673.8334015231178
RPS15A	IMSA276	810
RPS15A	IMSA286	1384
RPS15A	IMSA343	1335.5149178950785
RPS15A	IS_238	1056
RPS15A	IS238	2096.461128598781
RPS15A	IS243	627
RPS15A	IS253	866
RPS15A	IS283	1156
RPS15A	IS322	1015.6929225671806
RPS15A	IS399	382.756124886341
RPS15A	IS418	296.67754885506986
RPS15A	IS430	295.05331643387325
RPS15A	IS437	286.7931703619598
RPS15A	IS444	298.90072012300004
RPS15A	R276CMSA	545.2418717645085
RPS15A	R286CMSA	1064
RPS15A	R292CMSA	1843.7251916961334
RPS15A	R292IMSA	460.9025297022402
RPS15A	R308CMSA	511.62946178389706
RPS15A	R316IMSA	574.1840253895729
RPS15A	R347CMSA	598.0491314433772
RPS15A	R347IMSA	493.28413146176933
RPS15A	R371CMSA	1307.2031698385351
RPS15A	SRR10104064	674.5281272131888
RPS15A	SRR10104065	3469.230387564894
RPS15A	SRR10104066	1454.7840450033518
RPS15A	SRR10104067	1213.5829648026981
RPS15A	SRR10104068	2040.4877688578645
RPS15A	SRR10104069	2370.9344408840802
RPS15A	SRR10104070	1296.2494721875792
RPS15A	SRR10104071	363.70084481783283
RPS15A	SRR10104072	708.4090615043337
RPS15A	SRR10104073	704.8933209264992
RPS15A	SRR10104074	696.1242290625532
RPS15A	SRR10104075	624.7220376509913
RPS15A	SRR10104076	958.9597629580169
RPS15A	SRR10104077	808.183069882823
RPS15A	SRR10104078	917.9327548244275
RPS15A	SRR10104079	683.0353752886136
RPS15A	SRR10104080	662.8771458112204
RPS15A	SRR10104081	1474.0616399970008
RPS15A	SRR10104082	667.6730650728605
RPS15A	SRR10104083	667.0635382320135
RPS15A	SRR10104084	401.296558063327
RPS15A	SRR10104085	1425.3443869051796
RPS15A	SRR10104086	1044.4067428468004
RPS15A	SRR10104087	2147.8721922868417
RPS15A	SRR10104088	1885.0339740535587
RPS15A	SRR10104089	552.2755196086711
RPS15A	SRR10104090	1029.5850099927682
RPS15A	SRR10104091	913.6078253828479
RPS15A	SRR10104092	1681.1904997966333
RPS15A	SRR10104093	1395.906366005077
RPS15A	SRR10104094	926.8618978795405
RPS15A	SRR10104095	397.93468129699676
RPS15A	SRR10104096	603.7496760295404
RPS15A	SRR10104097	649.9141054418728
RPS15A	SRR10104098	1133.9931650875133
RPS15A	SRR10104099	786.2361146288231
RPS15A	SRR10104100	1109.5639003613533
RPS15A	SRR10104101	2005.1241618617605
RPS15A	SRR10104102	1556.5376336677439
RPS15A	SRR10104103	680.438066876615
RPS15A	SRR10104104	1236.898491612423
RPS15A	SRR10104105	690.3754966426911
RPS15A	SRR10104106	639.4130250218385
RPS15A	SRR10104107	1889.9491636107252
RPS15A	SRR10104108	2070.1038318327887
RPS15A	SRR10104109	542.074640460961
RPS15A	SRR10104110	392.56314157357144
RPS15A	SRR10104111	912.1134896947722
RPS15A	SRR10104112	427.1641883938435
RPS15A	SRR10104113	863.2257530895923
RPS15A	SRR10104114	381.97603678435223
RPS15A	SRR10104115	452.35910755041954
RPS15A	SRR10104116	693.5265526020462
RPS15A	SRR10104117	561.218091592935
RPS15A	SRR10104118	483.30388909799564
RPS15A	SRR10104119	381.5070992212686
RPS15A	SRR10104120	1203.1318917309914
RPS15A	SRR10104121	503.23909370942454
RPS15A	SRR10104122	486.4273221762854
RPS15A	SRR10104123	501.3014439902127
RPS15A	SRR10104124	401.86517673402915
RPS15A	SRR10104125	668.5587185753213
RPS15A	SRR10104126	1055.964369452968
RPS15A	SRR10104127	472.2950798272857
RPS15A	SRR10104128	997.0604161102699
RPS15A	SRR10104129	1036.6895171225847
RPS15A	SRR10104130	775.3240911624865
RPS15A	SRR10104131	1720.312719730904
RPS15A	SRR10104132	2346.8593992472756
RPS15A	SRR10104133	622.4429493162727
RPS15A	SRR10104134	814.032165819475
RPS15A	SRR10104135	582.2256594824414
RPS15A	SRR10104136	1640.326372725743
RPS15A	SRR10104137	627.8021993831007
RPS15A	SRR10104138	439.9275020201766
RPS15A	SRR10104139	1584.8391998261375
RPS15A	SRR10104140	537.3578220920932
RPS15A	SRR10104141	800.1585286128083
RPS15A	SRR10104142	746.400619218756
RPS15A	SRR10104143	2225.0830797707195
RPS15A	SRR10104144	751.2469138359043
RPS15A	SRR10104145	997.4647644055456
RPS15A	SRR10104146	1901.1300233478082
RPS15A	SRR10104147	3541.0414018501597
RPS15A	SRR10104148	826.7200549630245
RPS15A	SRR10104149	1032.2307627447872
RPS15A	SRR10104150	1353.5904903600103
RPS15A	SRR10104151	1932.6916175385024
RPS15A	SRR10104152	2655.8507645566065
RPS15A	SRR10104153	652.000720544326
RPS15A	SRR10104154	925.5333862316138
RPS15A	SRR10104155	726.3429835016713
RPS15A	SRR10104156	3837.5446545029117
RPS15A	SRR10104157	926.2405948159843
RPS15A	SRR10104158	1313.51156158094
RPS15A	SRR10104159	1753.9492618493016
RPS15A	SRR10104160	616.2528573044217
RPS15A	SRR10104161	3529.0800058566692
RPS15A	SRR10104162	485.74923931703114
RPS15A	SRR10104163	1368.2222185273297
RPS15A	SRR10104164	1741.6131823609642
RPS15A	SRR10104165	460.3299398206096
RPS15A	SRR10104166	950.533786701088
RPS15A	SRR10104167	1125.9272353387214
RPS15A	SRR10104168	416.74653589123017
RPS15A	SRR10104169	1443.078685461357
RPS15A	SRR10104170	952.9372687025233
RPS15A	SRR10104171	1691.8197632954125
RPS15A	SRR10104172	686.7402645784179
RPS15A	SRR10104173	389.6837305900847
RPS15A	SRR10104174	485.0428373323188
RPS15A	SRR10104175	1973.7361138364595
RPS15A	SRR10104176	2019.6410300878383
RPS15A	SRR10104177	1159.7912525745828
RPS15A	SRR10104178	989.8770255328571
RPS15A	SRR10104179	921.1349068763367
RPS15A	SRR10104180	1553.4504979678343
RPS15A	SRR10104181	611.0922391389939
RPS15A	SRR10104182	546.7282246314606
RPS15A	SRR10104183	415.2189866305188
RPS15A	SRR10104184	717.0215925253242
RPS15A	SRR10104185	449.64196146422324
RPS15A	SRR10104186	583.8753592336326
RPS15A	SRR10104187	434.0626276175412
RPS15A	SRR10104188	420.12332311714937
RPS15A	SRR10104189	652.782458873458
RPS15A	SRR10104190	361.9670215349785
RPS15A	SRR10104191	449.9987308161834
RPS15A	SRR10104192	877.3845433557669
RPS15A	SRR10104193	923.7689643557709
RPS15A	SRR10104194	902.5829378468424
RPS15A	SRR10104195	457.6698879524173
RPS15A	SRR10104196	597.5841499465034
RPS15A	SRR10104197	642.7083700623155
RPS15A	SRR10104198	911.0452038739344
RPS15A	SRR10104199	370.91688976538927
RPS15A	SRR10104200	739.5333425058637
RPS15A	SRR10104201	800.5113573487946
RPS15A	SRR10104202	442.33636308019777
RPS15A	SRR10104203	1119.8779712012924
RPS15A	SRR10104204	925.3555451112242
RPS15A	SRR10104205	1397.7221862060098
RPS15A	SRR10104206	1144.268466803387
RPS15A	SRR10104207	1141.3529263900311
RPS15A	SRR10104208	1400.3406650715222
RPS15A	SRR10104209	1333.227919879963
RPS15A	SRR10104210	971.0353177181246
RPS15A	SRR10104211	1127.8111619837018
RPS15A	SRR10104212	1275.519402439192
RPS15A	SRR10104213	557.9410211862028
RPS15A	SRR10104214	521.3069244300375
RPS15A	SRR10104215	1125.9494280527863
RPS15A	SRR10104216	588.4481521399069
RPS15A	SRR10104217	949.16021669616
RPS15A	SRR10104218	880.1563952791033
RPS15A	SRR10104219	395.21325367527606
RPS15A	SRR10104220	1074.9209622775193
RPS15A	SRR10104221	745.9133767741955
RPS15A	SRR10104222	608.697380754679
RPS15A	SRR10104223	503.9314031500505
RPS15A	SRR10104224	1015.2443377894086
RPS15A	SRR10104225	1255.5306777510802
RPS15A	SRR10104226	796.0861084144556
RPS15A	SRR10104227	1031.5874545098309
RPS15A	SRR10104228	577.330208316533
RPS15A	SRR10104229	2101.694976147717
RPS15A	SRR10104230	870.0112828793232
RPS15A	SRR10104231	734.271233496694
RPS15A	SRR10104232	410.6656091404786
RPS15A	SRR10104233	790.0294971212462
RPS15A	SRR10104234	1338.6501934474738
RPS15A	SRR10104235	792.5413678511853
RPS15A	SRR10104236	2953.231790460706
RPS15A	SRR10104237	1697.947516912551
RPS15A	SRR10104238	423.43079401678096
RPS15A	SRR10104239	1181.3909085565367
RPS15A	SRR10104240	509.53008808891434
RPS15A	SRR10104241	480.9144614253301
RPS15A	SRR10104242	377.23443729566173
RPS15A	SRR10104243	821.867736128409
RPS15A	SRR10104244	1075.2375616769928
RPS15A	SRR10104245	895.9581155203831
RPS15A	SRR10104246	829.4037702413696
RPS15A	SRR10104247	828.3783562989406
RPS15A	SRR10104248	627.6165378404484
RPS15A	SRR10104249	1672.4958237757953
RPS15A	SRR10104250	672.3317781992365
RPS15A	SRR10104251	1184.2861950036224
RPS15A	SRR10104252	588.3866563425519
RPS15A	SRR10104253	797.4366098738274
RPS15A	SRR10104254	1282.3125379594405
RPS15A	SRR10104255	1758.2719619275617
RPS15A	SRR10104256	1252.9309469970933
RPS15A	SRR10104257	1360.9790193990623
RPS15A	SRR10104258	1377.3066473280244
RPS15A	SRR10224277	1085.0152497865774
RPS15A	SRR10224278	723.3222653639616
RPS15A	SRR10224279	641.4184460664669
RPS15A	SRR10224280	1188.5345191805045
RPS15A	SRR10224281	893.223235139941
RPS15A	SRR10224282	896.2335311471211
RPS15A	SRR10224283	833.935734143208
RPS15A	SRR10224284	675.6950668255643
RPS15A	SRR10224285	653.2902872529471
RPS15A	SRR10224286	1069.568078322627
RPS15A	SRR10224287	940.0936868551765
RPS15A	SRR10224288	663.3431652580024
RPS15A	SRR10224289	663.9181824616632
RPS15A	SRR10224290	646.7184065185104
RPS15A	SRR10224291	806.4444320207817
RPS15A	SRR10224292	1083.7442759604662
RPS15A	SRR10224293	2908.989468678978
RPS15A	SRR10224294	1023.4239657947799
RPS15A	SRR10224295	694.6806692819442
RPS15A	SRR10224296	866.2422490693798
RPS15A	SRR10224297	659.8170519541566
RPS15A	SRR10224298	1117.9948337115384
RPS15A	SRR10318388	1162.729437614523
RPS15A	SRR10318389	1014.8560022251255
RPS15A	SRR10318390	957.8716016862043
RPS15A	SRR10318391	2067.900655000007
RPS15A	SRR10318392	759.6104928390364
RPS15A	SRR10318393	899.6131161956812
RPS15A	SRR10318394	1175.777989194748
RPS15A	SRR10318395	653.9634621152429
RPS15A	SRR10318396	972.9648124893797
RPS15A	SRR10318397	928.5967918184161
RPS15A	SRR10318398	1486.3180735141273
RPS15A	SRR10318399	3168.5444745068457
RPS15A	SRR10318400	1296.1932425207685
RPS15A	SRR10318401	1264.6575694657552
RPS15A	SRR10318402	1786.6676050796748
RPS15A	SRR10318403	1282.3305181739995
RPS15A	SRR10318404	1397.4884280635076
RPS15A	SRR10318405	907.2821809864507
RPS15A	SRR10318406	1456.7783378018316
RPS15A	SRR10318407	1967.4729886564326
RPS15A	SRR10318408	1367.2165922955298
RPS15A	SRR10318409	1038.2895116697234
RPS15A	SRR10318410	688.8349944376233
RPS15A	SRR10318411	1084.9958988829217
RPS15A	SRR10318412	1147.6553205508815
RPS15A	SRR10318413	1385.4417500288687
RPS15A	SRR10318414	2013.0991468588736
RPS15A	SRR10318415	2232.648491229627
RPS15A	SRR10318416	2083.8933460566036
RPS15A	SRR10318417	1128.2075492903216
RPS15A	SRR10318418	1028.9253003032388
RPS15A	SRR10318419	1283.2207976052478
RPS15A	SRR10318420	898.6426082037724
RPS15A	SRR10318421	1764.5262070836034
RPS15A	SRR10318422	882.9039365152582
RPS15A	SRR10318423	1622.5978589824977
RPS15A	SRR10318424	1109.3615107338715
RPS15A	SRR10318425	1251.2432898024701
RPS15A	SRR10318426	4404.209725240736
RPS15A	SRR10318427	3268.2363272865528
RPS15A	SRR10318428	2312.2235088132834
RPS15A	SRR10318429	1042.1910491328622
RPS15A	SRR10318430	657.77086097378
RPS15A	SRR10318431	770.0302365479869
RPS15A	SRR10318432	1099.9770583831676
RPS15A	SRR10318433	1.275527749073799
RPS15A	SRR10318434	3581.311579213685
RPS15A	SRR10318435	3659.080634014438
RPS15A	SRR10318436	460.30277688414736
RPS15A	SRR10318437	870.6262705111608
RPS15A	SRR10318438	473.6104952993524
RPS15A	SRR10318439	918.7813701318154
RPS15A	SRR10318440	1604.2894859137325
RPS15A	SRR10318441	1678.6999866704869
RPS15A	SRR10318442	842.8306557777667
RPS15A	SRR10318443	1146.659367777844
RPS15A	SRR10318444	1620.1208973230853
RPS15A	SRR10318445	806.9033265266704
RPS15A	SRR10318446	873.4888431107089
RPS15A	SRR10318447	883.387921821963
RPS15A	SRR10318448	949.7683467282627
RPS15A	SRR10318449	985.0663178641204
RPS15A	SRR10318450	569.0552295047569
RPS15A	SRR10318451	1993
RPS15A	SRR10318452	953.0106645134357
RPS15A	SRR10318453	1327.1869107554226
RPS15A	SRR10318454	909.3386040954625
RPS15A	SRR10318455	453.7747439625957
RPS15A	SRR10318456	1018.772649162744
RPS15A	SRR10318457	658.0847155644248
RPS15A	SRR10318458	703.0641719510731
RPS15A	SRR10318459	318.108102580098
RPS15A	SRR10318460	561.26086294061
RPS15A	SRR10318461	1317.714807916306
RPS15A	SRR10318462	1353.1595598927456
RPS15A	SRR10318463	682.1754397393316
RPS15A	SRR10318464	799.0715331290222
RPS15A	SRR10318465	608.6111790851493
RPS15A	SRR10318466	449.2597501595885
RPS15A	SRR10318467	478.4577435891994
RPS15A	SRR10318468	189.86619843007412
RPS15A	SRR10318469	1063.960838779089
RPS15A	SRR10318470	2007
RPS15A	SRR10318471	955
RPS15A	SRR10318472	663.970529347267
RPS15A	SRR10318473	748.9482066940926
RPS15A	SRR10318474	856.6530596292473
RPS15A	SRR10318475	966.9501777674502
RPS15A	SRR10318476	452.67323700480284
RPS15A	SRR10318495	942.1153897376482
RPS15A	SRR10318496	1216.7805761689433
RPS15A	SRR10318497	650.7353505951951
RPS15A	SRR10318498	631.5960032968836
RPS15A	SRR10318499	1030.251191684739
RPS15A	SRR10318500	186.07836124542393
RPS15A	SRR10318501	567.7857329364448
RPS15A	SRR10318502	589.317965645938
RPS15A	SRR10318503	627.193173692934
RPS15A	SRR10318504	1067.2310027031485
RPS15A	SRR10318505	455.32753227882546
RPS15A	SRR10318506	251.01074183842542
RPS15A	SRR10318507	1075.0422229214503
RPS15A	SRR10318508	1481.8541224032003
RPS15A	SRR10318509	1553.8852635579542
RPS15A	SRR10318510	1500.0904666141598
RPS15A	SRR10318511	971.2222771857248
RPS15A	SRR10318512	1110.5426844164651
RPS15A	SRR10318513	678.2846541454268
RPS15A	SRR10318514	129.60029979480476
RPS15A	SRR10318515	786.4677574968842
RPS15A	SRR10318516	729.3837488619107
RPS15A	SRR10318517	259.6998477527702
RPS15A	SRR10318518	578.2136025790571
RPS15A	SRR10318519	643.0878424767652
RPS15A	SRR10318520	602.2088922690791
RPS15A	SRR10318521	1222.4764854727862
RPS15A	SRR10318522	404.56400933762086
RPS15A	SRR10318523	1025.3500498517963
RPS15A	SRR10318524	720.6723031737248
RPS15A	SRR10318525	1151.2454631136382
RPS15A	SRR10318526	704.6438286582123
RPS15A	SRR10318527	810.2914872732865
RPS15A	SRR10318528	581.4962891670428
RPS15A	SRR10318529	1164.6337601495422
RPS15A	SRR10318530	560.8410765174743
RPS15A	SRR10318531	176.58608908187665
RPS15A	SRR10318532	1015.5636492377089
RPS15A	SRR10318533	607.026403367841
RPS15A	SRR10318534	305.36394388050263
RPS15A	SRR10318535	193.0024982684265
RPS15A	SRR10318536	474.9611653837846
RPS15A	SRR10318537	962.5503996014854
RPS15A	SRR10318538	781.4867020455089
RPS15A	SRR10318539	508.78896704933294
RPS15A	SRR10318540	259.4314041593151
RPS15A	SRR10318541	822.038510507978
RPS15A	SRR10318542	1134.3337733990436
RPS15A	SRR10318543	253.56810949563504
RPS15A	SRR10318544	748.8806840645817
RPS15A	SRR10318545	557.9228092659148
RPS15A	SRR10318546	964.3869323513256
RPS15A	SRR10318547	517.0966967442414
RPS15A	SRR10318548	963.7283502407973
RPS15A	SRR10318549	583.1557505362292
RPS15A	SRR10318568	872.7925302613509
RPS15A	SRR10318569	707.6362256976694
RPS15A	SRR10318570	842.157647880187
RPS15A	SRR10318571	867.7802088824319
RPS15A	SRR10318572	945.5400933916188
RPS15A	SRR10318573	963.486878000676
RPS15A	SRR10318574	675.6762404803076
RPS15A	SRR10318575	524.5185215201116
RPS15A	SRR10318576	664.9029055705889
RPS15A	SRR10318577	750.2430158807689
RPS15A	SRR10318578	1029.925991857004
RPS15A	SRR10318579	688.1735975743943
RPS15A	SRR10318580	565.8137245882648
RPS15A	SRR10318581	863
RPS15A	SRR10875803	88.95403687272446
RPS15A	SRR10875804	367.00888583776185
RPS15A	SRR10875805	568.7978405222173
RPS15A	SRR10875806	1162.7485677291147
RPS15A	SRR10875807	487.488426888689
RPS15A	SRR10875808	664.9037272083298
RPS15A	SRR10875809	175.82359661898116
RPS15A	SRR10875810	245.6290577267992
RPS15A	SRR10875812	701
RPS15A	SRR10875813	266.2678654120723
RPS15A	SRR10875814	509.06412669772897
RPS15A	SRR10875815	585
RPS15A	SRR10875816	831
RPS15A	SRR10875817	193.01150965092546
RPS15A	SRR10875818	407.75226661900916
RPS15A	SRR10875819	618
RPS15A	SRR10875820	483.0001577075194
RPS15A	SRR10875821	574.7534672316835
RPS15A	SRR10875822	402.6946760291586
RPS15A	SRR10875823	541
RPS15A	SRR10875824	285.1657417380072
RPS15A	SRR10875825	325.59514789991755
RPS15A	SRR10875826	73.47662247239452
RPS15A	SRR10875827	202.45065836021402
RPS15A	SRR10875829	718.8682626901002
RPS15A	SRR10875830	254
RPS15A	SRR10875831	553.002951797511
RPS15A	SRR10875832	1
RPS15A	SRR10875834	126.43141280595188
RPS15A	SRR10875835	135
RPS15A	SRR10875836	200.79658946269004
RPS15A	SRR10875837	33.77371348479641
RPS15A	SRR10875838	734
RPS15A	SRR10875839	160.15735880555096
RPS15A	SRR10875840	346.43634087689003
RPS15A	SRR10875841	386.4914231535626
RPS15A	SRR10875842	841.7996199107719
RPS15A	SRR10875843	1431.8240234785035
RPS15A	SRR10875844	551.409284117227
RPS15A	SRR10875845	725.8660033756958
RPS15A	SRR10875846	535.2649890944934
RPS15A	SRR10875847	304.1644711915727
RPS15A	SRR10875848	779
RPS15A	SRR10875849	2975.544495397655
RPS15A	SRR10875850	1752.3152097327886
RPS15A	SRR10875851	1038.9007923299998
RPS15A	SRR10875852	462.17548577667725
RPS15A	SRR10875853	1049.3731040245875
RPS15A	SRR10875854	300.3741737052929
RPS15A	SRR10875855	965.2546147561636
RPS15A	SRR10875856	678.1492319840712
RPS15A	SRR10875857	609.0276772893657
RPS15A	SRR10875858	1130.9724498420032
RPS15A	SRR10875859	503
RPS15A	SRR10875860	579.9114637522605
RPS15A	SRR10875861	614.064267553533
RPS15A	SRR10875862	1002.086609289188
RPS15A	SRR10875863	175.9577753953945
RPS15A	SRR10875864	109
RPS15A	SRR10875865	1139.1792136285137
RPS15A	SRR10875866	590.7751252939271
RPS15A	SRR10875867	691.6286736412425
RPS15A	SRR10875868	779.4042019759021
RPS15A	SRR10875869	537
RPS15A	SRR10875870	966.4358790723603
RPS15A	SRR10875871	371.0667481797172
RPS15A	SRR10875872	387.1603084916888
RPS15A	SRR10875873	833.80926807252
RPS15A	SRR10875874	328.97341964695704
RPS15A	SRR10875875	941.5317941898506
RPS15A	SRR10875876	1142
RPS15A	SRR10875877	1412.1732454843843
RPS15A	SRR10875878	1055.3319202218377
RPS15A	SRR10875879	1410
RPS15A	SRR10875880	1155.6666576320513
RPS15A	SRR10875881	771.3322878597737
RPS15A	SRR10875882	853
RPS15A	SRR10875883	1526.8519991075866
RPS15A	SRR10875884	1669.6228331503758
RPS15A	SRR10875885	330.62898932694605
RPS15A	SRR10875886	1619.1561579259433
RPS15A	SRR10875887	679
RPS15A	SRR10875888	1.0282669362329202
RPS15A	SRR10875889	2905.570800923858
RPS15A	SRR10875890	1134.565762899554
RPS15A	SRR10875891	976
RPS15A	SRR10875892	362.28330541663206
RPS15A	SRR10875893	503
RPS15A	SRR10875894	615.89147740593
RPS15A	SRR10875895	1527
RPS15A	SRR10875896	1351.529246234879
RPS15A	SRR10875897	736.9186862006954
RPS15A	SRR10875898	1586.799026620084
RPS15A	SRR10875899	780.6952927453585
RPS15A	SRR10875900	785.9876848555479
RPS15A	SRR10875901	24.053101535962416
RPS15A	SRR10875902	2218.253961089171
RPS15A	SRR12430469	540
RPS15A	SRR12430470	710.7869001476311
RPS15A	SRR12430471	794.2162962132995
RPS15A	SRR12430472	754.8205283052239
RPS15A	SRR12430473	619
RPS15A	SRR12430474	726.1722919382416
RPS15A	SRR12430475	569.210181609913
RPS15A	SRR12430476	702
RPS15A	SRR12765534	1587
RPS15A	SRR12765535	1708.5290640536023
RPS15A	SRR12765536	624.8793005436822
RPS15A	SRR12765537	1177.9715482085514
RPS15A	SRR12765538	79.64085791168165
RPS15A	SRR12765539	326.95786124713055
RPS15A	SRR12765540	1433.4760380970738
RPS15A	SRR12765541	628.0356711252658
RPS15A	SRR12765542	3024
RPS15A	SRR12765543	1102.8111589710313
RPS15A	SRR12765544	1454.6879948879725
RPS15A	SRR12765545	1670.668166571542
RPS15A	SRR12765546	265.80656620143264
RPS15A	SRR12765547	499.0123699279278
RPS15A	SRR12765548	1317.4133093905432
RPS15A	SRR12765549	915.9752050849664
RPS15A	SRR12765550	992.272022504857
RPS15A	SRR12765551	695.5022702248837
RPS15A	SRR12765552	1.0415854347971876
RPS15A	SRR12765553	306.1227496036683
RPS15A	SRR12765554	175.4293677969336
RPS15A	SRR12765555	104.11958277196214
RPS15A	SRR12765556	1199.3046620140544
RPS15A	SRR12765557	562.8656074734056
RPS15A	SRR12765558	240.83121621077942
RPS15A	SRR12765559	1170.2262410117362
RPS15A	SRR12765560	566.7390217279888
RPS15A	SRR12765561	1032.9234426812022
RPS15A	SRR12765562	510.9174814922328
RPS15A	SRR12765563	674.8985684554007
RPS15A	SRR12765564	1213.5635887110093
RPS15A	SRR12765565	1073.5608438501852
RPS15A	SRR12765566	708.0674005386684
RPS15A	SRR12765567	526.9108535902877
RPS15A	SRR12765568	879.0533725788863
RPS15A	SRR12765569	344.9242421524986
RPS15A	SRR12765570	1864.2854822842146
RPS15A	SRR12765571	677.4964678395329
RPS15A	SRR12765572	922.0716735158269
RPS15A	SRR12765573	245.19629922022858
RPS15A	SRR12765574	1593.010092358391
RPS15A	SRR12765575	1234.1888638701607
RPS15A	SRR12765576	787.1559621793039
RPS15A	SRR12765577	351.4580068212664
RPS15A	SRR12765578	306.5858687492698
RPS15A	SRR12765579	882.4810378856316
RPS15A	SRR12765580	334.78113231515715
RPS15A	SRR12765581	418.7007868796872
RPS15A	SRR12765582	1495.5018117651532
RPS15A	SRR12765583	1013.9391025800011
RPS15A	SRR12765584	273.3826040239831
RPS15A	SRR12765585	775.5580688289857
RPS15A	SRR12765586	1505.9557647117329
RPS15A	SRR12765587	568.6501762132756
RPS15A	SRR12765588	1340.312060796104
RPS15A	SRR12765589	645.6499641784521
RPS15A	SRR12765590	39.11802282957511
RPS15A	SRR12765591	361.90298167120517
RPS15A	SRR12765592	425.9289042992114
RPS15A	SRR12765593	1170.7906498084276
RPS15A	SRR12765594	319.2618277876523
RPS15A	SRR12765595	352.18234096819594
RPS15A	SRR12765596	1065.735547376075
RPS15A	SRR12765597	1089.7383286881304
RPS15A	SRR12765598	750.3875992193591
RPS15A	SRR12765599	1508.6527914985156
RPS15A	SRR12765600	102.22316705344271
RPS15A	SRR12765601	420.10868044528206
RPS15A	SRR12765602	622.3509302786043
RPS15A	SRR12765603	1030.2338303806762
RPS15A	SRR12765604	471.82029227936124
RPS15A	SRR12765605	954.4015061642259
RPS15A	SRR12765606	528.9444575142601
RPS15A	SRR12765607	1962.0843895046194
RPS15A	SRR12765608	394.4728049058593
RPS15A	SRR12765609	825.9885340781924
RPS15A	SRR12765610	364.1637963447527
RPS15A	SRR12765611	781.321653702933
RPS15A	SRR12765612	1018.6255140592275
RPS15A	SRR12765613	1424.5479614316025
RPS15A	SRR12765614	1317.1285523160009
RPS15A	SRR12765615	635.7854218949352
RPS15A	SRR12765616	522.2090721630726
RPS15A	SRR12765617	453.82747573803204
RPS15A	SRR12765618	147.39438056986342
RPS15A	SRR12765619	377.0770025673486
RPS15A	SRR12765620	813.6021237282397
RPS15A	SRR12765621	830.1719710607249
RPS15A	SRR12765622	131.841298147702
RPS15A	SRR12765623	1911
RPS15A	SRR12765624	913.6213206125568
RPS15A	SRR12765625	369.0589014756247
RPS15A	SRR12765626	1342.6281914423694
RPS15A	SRR12765627	1662.8972137581477
RPS15A	SRR12765628	71.87319380420438
RPS15A	SRR12765629	325.2323392181916
RPS15A	SRR12765630	2410.1522833071663
RPS15A	SRR12765631	1437.6599659483384
RPS15A	SRR12765632	1195.8231953802579
RPS15A	SRR12765633	605.6206098894003
RPS15A	SRR12765634	1006.4711165080503
RPS15A	SRR12765635	3749.0568735208253
RPS15A	SRR12765636	742.9692849979525
RPS15A	SRR12765637	1007.7126220778819
RPS15A	SRR12765638	2504
RPS15A	SRR12765639	560.9936754425804
RPS15A	SRR12765640	1155.8426636833512
RPS15A	SRR12765641	525.8608606743616
RPS15A	SRR12765642	1485.6263013832665
RPS15A	SRR12765643	624.7287384318604
RPS15A	SRR12765644	1581.654106401266
RPS15A	SRR12765645	142.00097888225346
RPS15A	SRR12765646	1720.6708669242114
RPS15A	SRR12765647	228.50393295929294
RPS15A	SRR12765648	665.8346425832498
RPS15A	SRR12765649	1.0495385478573618
RPS15A	SRR12765650	418.5560545541492
RPS15A	SRR12765651	26.735285641853686
RPS15A	SRR12765652	610.5133843259498
RPS15A	SRR12774664	1679.8822289326827
RPS15A	SRR12774665	689.2185313706742
RPS15A	SRR12774666	566.9980016651788
RPS15A	SRR12774667	420.2567769850702
RPS15A	SRR12774668	412.93874854277806
RPS15A	SRR12774669	739.5200153647679
RPS15A	SRR12774670	591.6997432370669
RPS15A	SRR12774671	462.37331042671485
RPS15A	SRR12774672	1708.5171467463854
RPS15A	SRR12774673	530.5082357772216
RPS15A	SRR12774674	357.53001529788344
RPS15A	SRR12774675	356.9549719402973
RPS15A	SRR12774676	2336.213620905227
RPS15A	SRR12774677	2304.014208903086
RPS15A	SRR12774678	569.9610512383988
RPS15A	SRR12774679	940.5180709874002
RPS15A	SRR12774680	392.51136468987704
RPS15A	SRR12774681	565.8975546117202
RPS15A	SRR12774682	454.79372033024623
RPS15A	SRR12774683	590.1878398742942
RPS15A	SRR12774684	854.4955605156412
RPS15A	SRR12774685	1542.3132666586096
RPS15A	SRR12774686	930.6058571060483
RPS15A	SRR12774687	409.7252486938121
RPS15A	SRR1609360	1152.4745017731923
RPS15A	SRR1609361	1298.449532805019
RPS15A	SRR1609362	703.0730864225806
RPS15A	SRR1609363	702.1814173567647
RPS15A	SRR1609364	593.1438866977634
RPS15A	SRR1609365	2121.5996584037325
RPS15A	SRR1609366	752.3058564959251
RPS15A	SRR1609367	1446.9433829565094
RPS15A	SRR1609368	877.9350425039729
RPS15A	SRR1609369	1135.0204808220044
RPS15A	SRR1609370	1332.7747596034476
RPS15A	SRR1609371	2552.5395847237633
RPS15A	SRR1609372	1034.8532217146294
RPS15A	SRR1609373	681.1114087172184
RPS15A	SRR1609374	802.10180118591
RPS15A	SRR1609375	701.6453749286119
RPS15A	SRR1609376	259.1471992715479
RPS15A	SRR1609377	730.9120535289793
RPS15A	SRR1609378	2002.9770006840354
RPS15A	SRR1609379	1047.9154606255806
RPS15A	SRR1609380	534.4172613028136
RPS15A	SRR1609381	1826.313728371113
RPS15A	SRR1609382	1361.5327532091062
RPS15A	SRR1609383	496.16872081751325
RPS15A	SRR1609384	832.1403744563893
RPS15A	SRR1609385	1357.0856024146215
RPS15A	SRR1609386	758.1191082403346
RPS15A	SRR1609387	870.572360891788
RPS15A	SRR1609388	382.9280635835364
RPS15A	SRR1609389	1363.4484171778086
RPS15A	SRR1609390	612.962276089744
RPS15A	SRR1609391	225.63517341381234
RPS15A	SRR1609392	433.7445227613436
RPS15A	SRR1609393	1351.392077816225
RPS15A	SRR1609394	498.7785280178091
RPS15A	SRR1609395	1011.6568985777909
RPS15A	SRR1609396	1148.305228076823
RPS15A	SRR1609397	391.76696692030737
RPS15A	SRR1609398	607.8550059474542
RPS15A	SRR1609399	1241.7846804177873
RPS15A	SRR1609400	1342.9736603199442
RPS15A	SRR1609401	479.11952225170256
RPS15A	SRR1609402	698.1233251079433
RPS15A	SRR1609403	860.7947439092601
RPS15A	SRR1609404	1126.5959601319187
RPS15A	SRR1609405	144.98322035372286
RPS15A	SRR1609406	182.74580794640246
RPS15A	SRR1609407	60.14545555541804
RPS15A	SRR1609408	566.4284020606776
RPS15A	SRR1609409	267.05231057360766
RPS15A	SRR1609410	303
RPS15A	SRR1609411	440.3553691779106
RPS15A	SRR1609412	1636
RPS15A	SRR1609413	2782.323820211239
RPS15A	SRR1609414	1353.2305186111687
RPS15A	SRR1609415	1413.2542188084647
RPS15A	SRR1609416	1954.2997289192435
RPS15A	SRR1609417	1224.3210581143737
RPS15A	SRR1609418	1419.060402289102
RPS15A	SRR1609419	771.7680543849477
RPS15A	SRR1609420	941.4762432534716
RPS15A	SRR1609421	714.6101951935553
RPS15A	SRR1609422	687.4925041603582
RPS15A	SRR1609423	1029.0098453474327
RPS15A	SRR1609424	329.196466890922
RPS15A	SRR1609425	1133.8689467563604
RPS15A	SRR1609426	827.9355717617373
RPS15A	SRR1609427	1810.5864840431022
RPS15A	SRR1609428	447.87404499662125
RPS15A	SRR1609429	686.8854117872214
RPS15A	SRR1609430	1156.811815778791
RPS15A	SRR1609431	600.5204392487077
RPS15A	SRR1609432	842.299859042171
RPS15A	SRR1609433	1772.927793099999
RPS15A	SRR1609434	1891.4743015946576
RPS15A	SRR1609435	803.6906347570862
RPS15A	SRR1609436	744.4293689808605
RPS15A	SRR1609437	607.1647202232047
RPS15A	SRR1609438	1605.6822320321278
RPS15A	SRR1609439	1217.0375973020223
RPS15A	SRR1609440	1124.8945455955554
RPS15A	SRR1609441	1235.7946869745142
RPS15A	SRR1609442	1102.106150652031
RPS15A	SRR1609443	934.2558942068985
RPS15A	SRR1609444	1259.6796583161902
RPS15A	SRR1609445	940.307151467221
RPS15A	SRR1609446	625.0632824785085
RPS15A	SRR1609447	1.2343308859580486
RPS15A	SRR1609448	591.20667254778
RPS15A	SRR1609449	1070.6752915630882
RPS15A	SRR1609450	867.8067231703651
RPS15A	SRR1609451	854.092039839065
RPS15A	SRR1609452	1.2640053263343127
RPS15A	SRR1609453	1304.3980738896937
RPS15A	SRR1609454	763.3162298690183
RPS15A	SRR1609455	1.252344349611058
RPS15A	SRR1609456	659.2115621627806
RPS15A	SRR1609457	595.963787366831
RPS15A	SRR1609458	1.240929610314354
RPS15A	SRR1609459	979.8200543598546
RPS15A	SRR1609460	520.0979702033312
RPS15A	SRR1609461	1017.7363689617432
RPS15A	SRR1609462	1222.5562248962895
RPS15A	SRR1609463	854.6071095824857
RPS15A	SRR1609464	540.1360884949228
RPS15A	SRR1609465	449.4512032016513
RPS15A	SRR1609466	106.55606227453183
RPS15A	SRR1609467	414.98317070670066
RPS15A	SRR1609468	1093.884577461108
RPS15A	SRR1609469	5294.952465939145
RPS15A	SRR1609470	790.8187059848387
RPS15A	SRR1609471	1158.478836415011
RPS15A	SRR1609472	543.6826502646064
RPS15A	SRR1609473	660.2528565350381
RPS15A	SRR1609474	905.3410316173755
RPS15A	SRR1609475	1118.2639540213088
RPS15A	SRR1609476	3224.974270839192
RPS15A	SRR1609477	1244.0867613055698
RPS15A	SRR1609478	1983.1160441048658
RPS15A	SRR1609479	829.7417283138172
RPS15A	SRR1609480	2427
RPS15A	SRR1609481	1421.9448972174905
RPS15A	SRR1609482	1096.051385386352
RPS15A	SRR1609483	1135.2130215943841
RPS15A	SRR1609484	1042.3445667386543
RPS15A	SRR1609485	1200.0789739908141
RPS15A	SRR1609486	735.3999022412005
RPS15A	SRR1609487	568.2619002523893
RPS15A	SRR1609488	942.3552475001012
RPS15A	SRR1609489	1106.4499410397152
RPS15A	SRR1609490	251.16047961797236
RPS15A	SRR1609491	544.9480836141418
RPS15A	SRR1609492	1683
RPS15A	SRR1609493	687.1251930852341
RPS15A	SRR1609494	944.61609538698406
RPS15A	SRR1609495	2165.8980685741485
RPS15A	SRR1609496	794.714516554384
RPS15A	SRR1609497	1234.1095704175762
RPS15A	SRR1609498	1197.430753414968
RPS15A	SRR1609499	833.7612764719732
RPS15A	SRR1609500	1424.4540926279262
RPS15A	SRR1609501	910.1732351524553
RPS15A	SRR1609502	740.5933368106415
RPS15A	SRR1609503	1.2577312251671255
RPS15A	SRR1609504	1507
RPS15A	SRR1609505	1134
RPS15A	SRR1609506	265.1992165424932
RPS15A	SRR1609507	1221.4855665286261
RPS15A	SRR1609508	1666.899373117373
RPS15A	SRR1609509	599.8276310576496
RPS15A	SRR1609510	951.3905413870798
RPS15A	SRR1609511	1069.6821747092638
RPS15A	SRR1609512	1017.4412583621013
RPS15A	SRR1609513	1256.0821609073732
RPS15A	SRR1609514	1695.4354280372638
RPS15A	SRR1609515	1096.1670365585726
RPS15A	SRR1609516	693.9052287031777
RPS15A	SRR1609517	417.3944412565291
RPS15A	SRR1609518	1557.5197124482766
RPS15A	SRR1609519	1190.050254600546
RPS15A	SRR1609520	814.9252834377203
RPS15A	SRR1609521	1026.7203637074922
RPS15A	SRR1609522	184.40498646080815
RPS15A	SRR1609523	603.8812166424011
RPS15A	SRR1609524	414.89550156950077
RPS15A	SRR1609525	691.8170777581736
RPS15A	SRR1609526	604.2468377795533
RPS15A	SRR1609527	1765
RPS15A	SRR1609528	2149.9701745852885
RPS15A	SRR1609529	347.86883944951813
RPS15A	SRR1609530	570.7791668855187
RPS15A	SRR1609531	1205.6145695703642
RPS15A	SRR1609532	989.2492190631759
RPS15A	SRR1609533	131.9302734633703
RPS15A	SRR1609534	1470.936242574548
RPS15A	SRR1609535	470.15997238681274
RPS15A	SRR1609536	479.3019259498901
RPS15A	SRR1609537	781.0163550015885
RPS15A	SRR1609538	1102
RPS15A	SRR1609539	718.4561901364791
RPS15A	SRR1609540	1355
RPS15A	SRR1609541	172.79399244554693
RPS15A	SRR1609542	969.2937749430689
RPS15A	SRR1609543	3130.5175556399777
RPS15A	SRR1609544	2654.6687426527465
RPS15A	SRR1609545	677.3503581577695
RPS15A	SRR1609546	1709
RPS15A	SRR1609547	883.5858125547245
RPS15A	SRR1609548	541.8346335129011
RPS15A	SRR1609549	412.4305622904863
RPS15A	SRR1609550	2106
RPS15A	SRR1609551	694.0560597140992
RPS15A	SRR1609552	376.7133734019924
RPS15A	SRR1609553	849.2512425196016
RPS15A	SRR1609554	292.67210896429265
RPS15A	SRR1609555	588.086270271509
RPS15A	SRR1609556	449.94524733799733
RPS15A	SRR1609557	559.5274439628362
RPS15A	SRR1609558	781.377116016747
RPS15A	SRR1609559	312.8793922544
RPS15A	SRR1609560	475.5023616610522
RPS15A	SRR1609561	756.9708953490136
RPS15A	SRR1609562	1088.092683660456
RPS15A	SRR1609563	396.76848121249225
RPS15A	SRR1609564	1333.2758734308375
RPS15A	SRR1609565	288.1648774011959
RPS15A	SRR1609566	968.2613775892557
RPS15A	SRR1609567	1.258890072207468
RPS15A	SRR1609568	1302
RPS15A	SRR1609569	1522
RPS15A	SRR1609570	792.0873399677242
RPS15A	SRR1609571	2791.903231757021
RPS15A	SRR1609572	991.2357417531728
RPS15A	SRR1609573	741.6673311642492
RPS15A	SRR1609574	1243.4875296590756
RPS15A	SRR1609575	338.21545580471457
RPS15A	SRR1609576	850.4108537600248
RPS15A	SRR1609577	1272.3658479342303
RPS15A	SRR1609578	1039.8516045375777
RPS15A	SRR1609579	2452.635594983838
RPS15A	SRR1609580	635.9070255267063
RPS15A	SRR1609581	205.30769300982834
RPS15A	SRR1609582	566.7469812264975
RPS15A	SRR1609583	351.2871743315434
RPS15A	SRR1609584	910.881175873476
RPS15A	SRR1609585	999.898995009861
RPS15A	SRR1609586	1.0786248766862927
RPS15A	SRR1609587	608.3615529467359
RPS15A	SRR1609588	509.0403195875062
RPS15A	SRR1609589	687.8233203877764
RPS15A	SRR1609590	1235.4444281265542
RPS15A	SRR1609591	957.1234744039635
RPS15A	SRR1609592	790.4393802553277
RPS15A	SRR1609593	452.51526213269136
RPS15A	SRR1609594	833.8519638043648
RPS15A	SRR1609595	276.76943793525294
RPS15A	SRR1609596	896.3487628252543
RPS15A	SRR1609597	887.743811818358
RPS15A	SRR1609598	1454.553241465169
RPS15A	SRR1609599	1496.535943513901
RPS15A	SRR1609600	137.16105307216222
RPS15A	SRR1609601	674.6130687118009
RPS15A	SRR1609602	1005.1734741504214
RPS15A	SRR1609603	1677
RPS15A	SRR1609604	1328.3678869230532
RPS15A	SRR1609605	693.3333637736189
RPS15A	SRR1609606	433.9772486232665
RPS15A	SRR1609607	545.7513714452202
RPS15A	SRR1609608	352.12756374885356
RPS15A	SRR1609609	214.90695198156553
RPS15A	SRR1609610	1426
RPS15A	SRR1609611	1174.076367285827
RPS15A	SRR1609612	1254.931447150509
RPS15A	SRR1609613	961.8647990034799
RPS15A	SRR1609614	894.506266611018
RPS15A	SRR1609615	920.9368436480978
RPS15A	SRR1609616	2140
RPS15A	SRR1609617	1951
RPS15A	SRR1609618	688.2156726604163
RPS15A	SRR1609619	1153.208288411343
RPS15A	SRR1609620	821.411387829388
RPS15A	SRR1609621	510.4335955750663
RPS15A	SRR1609622	526.0986872444025
RPS15A	SRR1609623	802.279529677233
RPS15A	SRR1609624	1.2336696420287332
RPS15A	SRR1609625	870.4081222620916
RPS15A	SRR1609626	1819.364007641277
RPS15A	SRR1609627	589.2691869864552
RPS15A	SRR1609628	1022.9601910216583
RPS15A	SRR1609629	289.7389843022035
RPS15A	SRR1609630	939.6594813517344
RPS15A	SRR1609631	1203
RPS15A	SRR1609632	1407
RPS15A	SRR1609633	1386.0624725583282
RPS15A	SRR1609634	564.7051866838283
RPS15A	SRR1609635	1356.4663882401821
RPS15A	SRR1609636	2356.5583038743507
RPS15A	SRR1609637	1403.787420046961
RPS15A	SRR1609638	353.6232919470026
RPS15A	SRR1609639	706.9293983984045
RPS15A	SRR1609640	1029.185131743744
RPS15A	SRR1609641	1439.4103629607
RPS15A	SRR1609642	1482
RPS15A	SRR1609643	694.422354496245
RPS15A	SRR1609644	920.9935733565326
RPS15A	SRR1609645	871.8067340260958
RPS15A	SRR1609646	883.1139268854804
RPS15A	SRR1609647	436.0943728794422
RPS15A	SRR1609648	857.1221993097395
RPS15A	SRR1609649	802.6442364998156
RPS15A	SRR1609650	815.0861308096631
RPS15A	SRR1609651	823.8362146704353
RPS15A	SRR1609652	897.2223706113632
RPS15A	SRR1609653	147.15942422133423
RPS15A	SRR1609654	1274.263227977911
RPS15A	SRR1609655	811.5452893991155
RPS15A	SRR1609656	2882.653970903719
RPS15A	SRR1609657	1103.451698416735
RPS15A	SRR1609658	793.8422903161735
RPS15A	SRR1609659	808.4696782353984
RPS15A	SRR1609660	1013.9882706727929
RPS15A	SRR1609661	876.2992764910751
RPS15A	SRR1609662	674.1664611417218
RPS15A	SRR1609663	1221.2502628604882
RPS15A	SRR1609664	970.0835533860279
RPS15A	SRR1609665	1031
RPS15A	SRR1609666	2217.843681128066
RPS15A	SRR1609667	1133.3765052671135
RPS15A	SRR1609668	1.126374524616663
RPS15A	SRR1609669	448.69373407314134
RPS15A	SRR1746771	601.0776348370412
RPS15A	SRR1746772	429.1673295795522
RPS15A	SRR1746773	1623.6761089963627
RPS15A	SRR1746774	720.0485443669521
RPS15A	SRR1746775	746.5846568479989
RPS15A	SRR1746776	443.6884431321623
RPS15A	SRR1746777	425.0518066230318
RPS15A	SRR1746778	704.8217907554538
RPS15A	SRR1746779	531.9150570799171
RPS15A	SRR1746780	550.1985234925853
RPS15A	SRR1746781	223.40803221819021
RPS15A	SRR1746782	751.4176088125075
RPS15A	SRR1746783	369
RPS15A	SRR1746784	633
RPS15A	SRR1782685	406.548052617215
RPS15A	SRR1782686	170.07007212613857
RPS15A	SRR1782687	572.031809717273
RPS15A	SRR1782688	388.47246418323493
RPS15A	SRR1782689	747.3800250552302
RPS15A	SRR1782690	329.7662676824836
RPS15A	SRR1782691	968.7411798328989
RPS15A	SRR1782692	530.4165762950646
RPS15A	SRR1782693	882.0020062506289
RPS15A	SRR1782694	240.8594596159127
RPS15A	SRR1782695	1727.2424631060499
RPS15A	SRR1782696	776.6370983007783
RPS15A	SRR1782697	555.9009408174932
RPS15A	SRR1782698	1258.658850058652
RPS15A	SRR1782699	258.29450146301843
RPS15A	SRR1782700	653.0284998205187
RPS15A	SRR1782701	1153.3089843454975
RPS15A	SRR1782702	386.1404866573107
RPS15A	SRR1782703	1173.6161271450444
RPS15A	SRR1782704	501.903863597729
RPS15A	SRR1782705	2643.540037909949
RPS15A	SRR1782706	853.1954173812991
RPS15A	SRR1782707	1154.4834579890983
RPS15A	SRR1782708	413.0904422830125
RPS15A	SRR1782709	221.5787368689107
RPS15A	SRR1782710	1547
RPS15A	SRR1782711	507.84751779759404
RPS15A	SRR1782712	1063.745694943569
RPS15A	SRR1782713	1054.9008851091246
RPS15A	SRR1782714	509.95608057539
RPS15A	SRR1782715	1288.218866721506
RPS15A	SRR1782716	1789.7319382531439
RPS15A	SRR1782717	976.8053620826676
RPS15A	SRR1782718	2007.0557814468787
RPS15A	SRR1782719	1281.4306801998955
RPS15A	SRR1782720	1895.1037735245384
RPS15A	SRR1782721	95.3495448343872
RPS15A	SRR1782722	1071.963787443004
RPS15A	SRR1782723	1268.8694839495013
RPS15A	SRR1782724	587.7245404452974
RPS15A	SRR1782725	662.8415487381847
RPS15A	SRR1782726	821.2604556493344
RPS15A	SRR1782727	1592
RPS15A	SRR1782728	2415.9104539765945
RPS15A	SRR1782729	2614.952098051232
RPS15A	SRR1782730	1389.999026068162
RPS15A	SRR1782731	199.3497742433147
RPS15A	SRR1782732	306.6473273530487
RPS15A	SRR1782733	487.7945417113075
RPS15A	SRR1782734	564.5583690661595
RPS15A	SRR1782735	757.5454504994208
RPS15A	SRR1782736	509.359947884845
RPS15A	SRR1782737	820.3746125623768
RPS15A	SRR1782738	1088.7468126082151
RPS15A	SRR1782739	465.85052596909054
RPS15A	SRR1782740	843.0348963427871
RPS15A	SRR1782741	971.3603723550723
RPS15A	SRR1782742	1992
RPS15A	SRR1782743	818.6683949933229
RPS15A	SRR1782744	759.8250832813841
RPS15A	SRR1782745	421.134564704504
RPS15A	SRR1782746	698.9082886794328
RPS15A	SRR1782747	565.2749488573668
RPS15A	SRR1782748	366.42581092403873
RPS15A	SRR1782749	357.61592127994965
RPS15A	SRR1782750	646.910153739124
RPS15A	SRR1782751	406.35819437485753
RPS15A	SRR1782752	806.4947321488636
RPS15A	SRR1782753	944.0026003255284
RPS15A	SRR1782754	1677.2487149511417
RPS15A	SRR1782755	886.4400055591217
RPS15A	SRR1782756	1277.7698417651995
RPS15A	SRR1782757	794.1663715052235
RPS15A	SRR1782758	1279.299365715214
RPS15A	SRR1782759	737.2839436590584
RPS15A	SRR1782760	1286.4462805653077
RPS15A	SRR1782761	1.1238501762695376
RPS15A	SRR1782762	209.79032956564097
RPS15A	SRR1782763	827.5522065254737
RPS15A	SRR1782764	1084.3168518897692
RPS15A	SRR1782765	811.6735442995198
RPS15A	SRR1782766	449.82797587601806
RPS15A	SRR1782767	783.7106586008675
RPS15A	SRR1782768	660.373326771865
RPS15A	SRR1782769	557.8224490689316
RPS15A	SRR1782770	571.6984175673985
RPS15A	SRR1782771	713.8419355673245
RPS15A	SRR1782772	688.7439708371772
RPS15A	SRR1782773	656.8879053558946
RPS15A	SRR1782774	755.9245048336933
RPS15A	SRR1782775	748.9043986998041
RPS15A	SRR1782776	1403.0521374965128
RPS15A	SRR1782777	1335.2401854984432
RPS15A	SRR1782778	964.7898508835838
RPS15A	SRR1782779	635.5691539239924
RPS15A	SRR1782780	698.0582958949407
RPS15A	SRR1782781	1204.1225690248227
RPS15A	SRR1782782	568.6170382383966
RPS15A	SRR1782783	677.3309157428015
RPS15A	SRR1782784	821.8041832386872
RPS15A	SRR1782785	1487.604836965008
RPS15A	SRR1782786	1281.7613992212043
RPS15A	SRR1782787	1669
RPS15A	SRR1782788	846.2024520446489
RPS15A	SRR1782789	1107.9233814838483
RPS15A	SRR1782790	424.3963073053763
RPS15A	SRR1782791	2514.035172706489
RPS15A	SRR1782792	1254.6243323156762
RPS15A	SRR1782793	1010.5399885901618
RPS15A	SRR1782794	2321.9600683599238
RPS15A	SRR1782795	1413.6912053792635
RPS15A	SRR1782796	767.9351402410229
RPS15A	SRR1782797	785.6895239621089
RPS15A	SRR1782798	1824.2319733458162
RPS15A	SRR1782799	1472.3819789703966
RPS15A	SRR1782800	981.7645876279637
RPS15A	SRR1782801	708.9643275321497
RPS15A	SRR1782802	640.7475372394412
RPS15A	SRR1782803	1197.4261014339907
RPS15A	SRR1782804	1367.7541972207014
RPS15A	SRR1782805	989.7789924249267
RPS15A	SRR1782806	1898.1474534859558
RPS15A	SRR1782807	1050.1992632648391
RPS15A	SRR1782808	1068.9269286824976
RPS15A	SRR1782809	2224.1734875573875
RPS15A	SRR1782810	2701.99353279154
RPS15A	SRR1782811	1303.0940666799586
RPS15A	SRR1782812	1226.558410719168
RPS15A	SRR1782813	875.4954338500031
RPS15A	SRR1782814	676.801580881041
RPS15A	SRR1782815	1733.9932123007575
RPS15A	SRR1782816	1189.641869529746
RPS15A	SRR1782817	960.4364593875894
RPS15A	SRR1782818	477.62675931489326
RPS15A	SRR1782819	1375.5531238941587
RPS15A	SRR1782820	328.4315936944727
RPS15A	SRR1782821	1153.1426821898724
RPS15A	SRR1782822	983.8392271478443
RPS15A	SRR1782823	1033.9933748735684
RPS15A	SRR1782824	1175.7331305922512
RPS15A	SRR1782825	891.181976829501
RPS15A	SRR1782826	1155.9807654939832
RPS15A	SRR1782827	935.5213568096431
RPS15A	SRR1782828	1433
RPS15A	SRR1782829	2297
RPS15A	SRR1782830	493.7590194524556
RPS15A	SRR1782831	315.73231023010146
RPS15A	SRR1782832	1518.3901056382615
RPS15A	SRR1782833	1876.7923845864063
RPS15A	SRR1782834	5016.902449782915
RPS15A	SRR1782835	1.115615765911128
RPS15A	SRR1782836	2319.7822407891063
RPS15A	SRR1782837	473.9695299728
RPS15A	SRR1782838	1041.777006872615
RPS15A	SRR1782839	760.6818638559533
RPS15A	SRR1782840	479.0783433558845
RPS15A	SRR1782841	1149.2836931389008
RPS15A	SRR1782842	1264
RPS15A	SRR1782843	331.0392472522172
RPS15A	SRR1782844	1360.387834347847
RPS15A	SRR1782845	756.2415342906386
RPS15A	SRR1782846	554.0860103086646
RPS15A	SRR1782847	1.2341754014728283
RPS15A	SRR1782848	1.2339624247168026
RPS15A	SRR1782849	1.2407817669595906
RPS15A	SRR1782850	1.2523904174212142
RPS15A	SRR1782851	1.2640085575608608
RPS15A	SRR1782852	1.264344673893091
RPS15A	SRR1782853	1.2591344565382891
RPS15A	SRR1782854	912.9794147878479
RPS15A	SRR1782855	1185.8535809589323
RPS15A	SRR1782856	833.4303169756721
RPS15A	SRR1782857	1039.456630562063
RPS15A	SRR1782858	1259.3586035679543
RPS15A	SRR1782859	1070.732201033574
RPS15A	SRR1782860	1167.640559874541
RPS15A	SRR1782861	1232.3017067925034
RPS15A	SRR1782862	888.1716119959495
RPS15A	SRR1782863	1061.814717624862
RPS15A	SRR1782864	576.5201857052127
RPS15A	SRR1782865	1091.6551885310573
RPS15A	SRR1782866	887.1200874034402
RPS15A	SRR1782867	646.8466651215219
RPS15A	SRR1782868	1088.9773951671152
RPS15A	SRR1782869	701.4553783191459
RPS15A	SRR1782870	1010.524994284263
RPS15A	SRR1782871	1713.1693799358745
RPS15A	SRR1782872	1849.124841672663
RPS15A	SRR1782873	779.625065796998
RPS15A	SRR1782874	672.3436262874587
RPS15A	SRR1782875	1023.2797052580414
RPS15A	SRR1782876	956.7955227752249
RPS15A	SRR1782877	723.4686399451691
RPS15A	SRR1782878	1721.7605796264147
RPS15A	SRR1782879	2729.829386232203
RPS15A	SRR1782880	652.7549073619424
RPS15A	SRR1782881	1201.9997773326502
RPS15A	SRR1782882	807.8412560630875
RPS15A	SRR1782883	1124.054633672946
RPS15A	SRR1782884	1999.438262622183
RPS15A	SRR1782885	1586
RPS15A	SRR1782886	651.6103094542461
RPS15A	SRR1782887	1026.9546848511093
RPS15A	SRR1782888	648.121923815645
RPS15A	SRR1782889	804.4904288996167
RPS15A	SRR1782890	826.2751292625339
RPS15A	SRR1782891	906.6521851530018
RPS15A	SRR1782892	1346.4979850337866
RPS15A	SRR1782893	802.1331428139246
RPS15A	SRR1782894	450.1589366940332
RPS15A	SRR1782895	1138.2072079012116
RPS15A	SRR1782896	1045.2540360787905
RPS15A	SRR1782897	801.2433030762957
RPS15A	SRR1782898	914.0671163996407
RPS15A	SRR1782899	736.784077265103
RPS15A	SRR1782900	748.8078183377025
RPS15A	SRR1782901	1133.1379189545871
RPS15A	SRR1782902	1348
RPS15A	SRR1782903	845.1516678710921
RPS15A	SRR1782904	1401
RPS15A	SRR1782905	1093.3095584506284
RPS15A	SRR1782906	525.352388275324
RPS15A	SRR1782907	745.6415927373796
RPS15A	SRR1782908	1155.5638402967354
RPS15A	SRR1782909	905.1160360934624
RPS15A	SRR1782910	1230
RPS15A	SRR1782911	745.2101134454565
RPS15A	SRR1782912	3056.9852797386957
RPS15A	SRR1782913	1281
RPS15A	SRR1782914	712.9962308976799
RPS15A	SRR1782915	1439
RPS15A	SRR1782916	694.4673981748656
RPS15A	SRR1782917	1031.3300136049077
RPS15A	SRR1782918	1656.787352070719
RPS15A	SRR1782919	1706
RPS15A	SRR1782920	1166.2581662612613
RPS15A	SRR1782921	785.6356477662428
RPS15A	SRR1782922	301.4627346079188
RPS15A	SRR1782923	508.8532822852687
RPS15A	SRR1782924	878.5328707225228
RPS15A	SRR1782925	805.8529391600842
RPS15A	SRR1782926	429.1669604112021
RPS15A	SRR1782927	835.4266731226337
RPS15A	SRR1782928	509.6924724015488
RPS15A	SRR1782929	395.43853914068313
RPS15A	SRR1782930	1417.1550651323844
RPS15A	SRR1782931	1018.7764913955741
RPS15A	SRR1782932	1126.209045538064
RPS15A	SRR1782933	530.5690560026843
RPS15A	SRR1782934	590.4871825717074
RPS15A	SRR1782935	808.6644961640101
RPS15A	SRR1782936	325.2332032179218
RPS15A	SRR1782937	762.0208621048723
RPS15A	SRR1782938	1.258100037900621
RPS15A	SRR1782939	567.7069672073109
RPS15A	SRR1782940	647.7260934826083
RPS15A	SRR1782941	597.7000716047086
RPS15A	SRR1782942	534.1423544277842
RPS15A	SRR1782943	352.6563753513329
RPS15A	SRR1782944	859.1309027426563
RPS15A	SRR1782945	1175.2904959771345
RPS15A	SRR1782946	2964.392558697087
RPS15A	SRR1782947	859.8398284118335
RPS15A	SRR1782948	1041
RPS15A	SRR1782949	833.0955717124205
RPS15A	SRR1782950	974
RPS15A	SRR1782951	1186.9782624645238
RPS15A	SRR1782952	645.2792238333569
RPS15A	SRR1782953	1033.967021167904
RPS15A	SRR1782954	1.1264165338665522
RPS15A	SRR1782955	2230.8861437137252
RPS15A	SRR1782956	319.8144954387102
RPS15A	SRR1782957	420.1517990177241
RPS15A	SRR1782958	665.6728277266146
RPS15A	SRR1782959	621.3932336906612
RPS15A	SRR1782960	1071
RPS15A	SRR1782961	987.5974755512689
RPS15A	SRR1782962	914.749966943963
RPS15A	SRR1782963	765.3043606097175
RPS15A	SRR1782964	1787.7466042860926
RPS15A	SRR1782965	1070.362870783307
RPS15A	SRR1782966	1659
RPS15A	SRR1782967	852.5086155649303
RPS15A	SRR1782968	1253.352123741716
RPS15A	SRR1782969	654.034178031588
RPS15A	SRR1782970	773.8000434644645
RPS15A	SRR1782971	2099.3572396031964
RPS15A	SRR1782972	954.4370915753552
RPS15A	SRR1782973	134.62348694570514
RPS15A	SRR1782974	1899
RPS15A	SRR1782975	331.80204473281634
RPS15A	SRR1782976	334.2928818344144
RPS15A	SRR1782977	971.3494248671127
RPS15A	SRR1782978	791.2037743144624
RPS15A	SRR1782979	657.5653550018499
RPS15A	SRR1782980	1031.837333982375
RPS15A	SRR1782981	433.35184794630965
RPS15A	SRR1782982	760.4343789501478
RPS15A	SRR1782983	868.8725385623513
RPS15A	SRR1782984	1167.4199575900313
RPS15A	SRR1782985	458.1247519553436
RPS15A	SRR1782986	1060.2375361333327
RPS15A	SRR1782987	569.7344013220539
RPS15A	SRR1782988	1329
RPS15A	SRR1782989	2357.58280760805
RPS15A	SRR1782990	333.5979851533907
RPS15A	SRR1782991	1326.5582670101264
RPS15A	SRR1782992	635.5513327105202
RPS15A	SRR1782993	408.5796787360464
RPS15A	SRR1782994	1425
RPS15A	SRR1782995	756.3685124146754
RPS15A	SRR1782996	1136
RPS15A	SRR1782997	371.6729406754501
RPS15A	SRR1782998	1309.841628140283
RPS15A	SRR1782999	70.52414003534729
RPS15A	SRR1783000	490.9357324163888
RPS15A	SRR1783001	270.5030855308774
RPS15A	SRR1783002	121.59031339635823
RPS15A	SRR1783003	1858
RPS15A	SRR1783004	634.9255915492078
RPS15A	SRR1783005	718.5183280559698
RPS15A	SRR1783006	611.537948454285
RPS15A	SRR1813867	501.3645217786186
RPS15A	SRR1813868	625.2704560994713
RPS15A	SRR1813869	703.3679938690624
RPS15A	SRR1813870	801.2755720803312
RPS15A	SRR1813871	882.2342179012647
RPS15A	SRR1813872	1212.3337306310623
RPS15A	SRR1813873	685.0627987097823
RPS15A	SRR1813874	469.05936152179083
RPS15A	SRR1813875	699
RPS15A	SRR1813876	775.1593063543711
RPS15A	SRR1813877	882.4882473724371
RPS15A	SRR1813878	1000.7198511622537
RPS15A	SRR1813879	906
RPS15A	SRR1813880	730
RPS15A	SRR1813881	548.4179590741676
RPS15A	SRR1813882	796.7606963427472
RPS15A	SRR1813883	995.8787141227584
RPS15A	SRR1813884	483.5387295254634
RPS15A	SRR1813885	960
RPS15A	SRR1813886	1079.3583657795994
RPS15A	SRR1813887	689.6169581702703
RPS15A	SRR1928188	641.1998179464007
RPS15A	SRR1928189	588.2616677519852
RPS15A	SRR1928190	1433.4462466010482
RPS15A	SRR1928191	1196.3045491674734
RPS15A	SRR1928192	437.5326463305088
RPS15A	SRR1928193	1.0152152136193056
RPS15A	SRR2046996	1015.5988457023558
RPS15A	SRR2046997	581.318707403829
RPS15A	SRR2046998	291.72402459161583
RPS15A	SRR2046999	794.9975890210106
RPS15A	SRR2047000	773.0711273111543
RPS15A	SRR2047001	822.582240341559
RPS15A	SRR2047002	475.70852646809465
RPS15A	SRR2047003	245.64436450662217
RPS15A	SRR2047004	992.7081165366139
RPS15A	SRR2047005	697.5609916931587
RPS15A	SRR2047006	946.0052407298314
RPS15A	SRR2047007	346.8154517103224
RPS15A	SRR2047008	415.0901615974966
RPS15A	SRR2047009	527.514232765028
RPS15A	SRR2313973	1439.4583054045054
RPS15A	SRR2313974	1287.7446756542472
RPS15A	SRR2313975	699.2275600123289
RPS15A	SRR2313976	484.11362533123264
RPS15A	SRR2313977	878.6314852365105
RPS15A	SRR2313978	191.04727857974322
RPS15A	SRR2313979	582.0592907481608
RPS15A	SRR2313980	2460.4144894627634
RPS15A	SRR2313981	1214.356410647709
RPS15A	SRR2313982	863.3911586788798
RPS15A	SRR2313983	360.047990162382
RPS15A	SRR2313984	1787.730998017208
RPS15A	SRR2313985	444.52644772138626
RPS15A	SRR2313986	1349.388046154054
RPS15A	SRR2313987	1366.5975192478768
RPS15A	SRR2313988	1194.8240850538607
RPS15A	SRR2313989	1549.5683178596025
RPS15A	SRR2313990	366.70928287966547
RPS15A	SRR2313991	792.1273511872673
RPS15A	SRR2313992	118.7986498720791
RPS15A	SRR2313993	1134.7981635595736
RPS15A	SRR2313994	606.1404255898269
RPS15A	SRR2313995	1391.9356865722589
RPS15A	SRR2313996	1808.1689172505937
RPS15A	SRR2313997	1710.7545731989183
RPS15A	SRR2313998	184.47287389385446
RPS15A	SRR2313999	1255.7302325948185
RPS15A	SRR2314000	654.6638795030012
RPS15A	SRR2314001	599.3434275438319
RPS15A	SRR2314002	1727.6162840696852
RPS15A	SRR2314003	525.3258815521906
RPS15A	SRR2314004	1408.1778470879938
RPS15A	SRR2314005	986.3517880808577
RPS15A	SRR2314006	1414.6992989268567
RPS15A	SRR2314007	1262.6059431534552
RPS15A	SRR2314008	2320.053964632558
RPS15A	SRR2314009	1017.3673908097575
RPS15A	SRR2314010	1089.1806180591227
RPS15A	SRR2314011	1476.5425635540569
RPS15A	SRR2314012	1213.9325350011345
RPS15A	SRR2314013	388.61049660726917
RPS15A	SRR2314014	489.6396093678961
RPS15A	SRR2314015	1646.7896909959368
RPS15A	SRR2314016	1468.7825174021611
RPS15A	SRR2314017	248.8410855804715
RPS15A	SRR2314018	1.03782980758221
RPS15A	SRR2314019	2119.137854371511
RPS15A	SRR2314020	1403.054233294522
RPS15A	SRR2314021	1778.992621495245
RPS15A	SRR2314022	569.9446080865613
RPS15A	SRR2314023	1343.2070852963343
RPS15A	SRR2314024	454.97329774694015
RPS15A	SRR2314025	1237.1567583539118
RPS15A	SRR2314026	1018.6535801656291
RPS15A	SRR2314027	512.8589229530055
RPS15A	SRR2314028	1459.1940596967881
RPS15A	SRR2314029	2627.1368394420797
RPS15A	SRR2314030	1760.369667214602
RPS15A	SRR2314031	513.9212128002648
RPS15A	SRR2314032	948.6061394116946
RPS15A	SRR2314033	38.93742715747913
RPS15A	SRR2314034	180.2143576761672
RPS15A	SRR2314035	86.9328858785225
RPS15A	SRR2314036	1681.9785051143465
RPS15A	SRR2314037	538.3903715320096
RPS15A	SRR2314038	1058.105897985506
RPS15A	SRR2314039	476.29707747918843
RPS15A	SRR2314040	1.0396160750498236
RPS15A	SRR2314041	964.3143364495216
RPS15A	SRR2314042	1447.8860909526443
RPS15A	SRR2314043	1203.0150168715438
RPS15A	SRR2314044	1180.000586415878
RPS15A	SRR2314045	1101.323666208397
RPS15A	SRR3493774	202
RPS15A	SRR3493775	217
RPS15A	SRR3493776	301.85372544602507
RPS15A	SRR3493777	139.10005931155328
RPS15A	SRR3493778	208
RPS15A	SRR3493779	212.7576999666816
RPS15A	SRR3493780	30.44694330816395
RPS15A	SRR3493781	284
RPS15A	SRR3493782	213.80940940132524
RPS15A	SRR3493783	167.45992050045157
RPS15A	SRR3493784	130.66366181740295
RPS15A	SRR3493785	249.2240738312867
RPS15A	SRR3493786	7.285096439082032
RPS15A	SRR3493787	284
RPS15A	SRR3493788	315
RPS15A	SRR3493789	184.308480914447
RPS15A	SRR3493790	1690
RPS15A	SRR3493791	984.4458299995395
RPS15A	SRR3493792	744.5355692647167
RPS15A	SRR3493793	1236.0189983610396
RPS15A	SRR3493794	1094.4173250972062
RPS15A	SRR3493795	933.4578106382754
RPS15A	SRR3493796	555.6197811828804
RPS15A	SRR3493797	929
RPS15A	SRR3493798	421.6657120732615
RPS15A	SRR3493799	1600
RPS15A	SRR3493800	799.7586161773678
RPS15A	SRR3493801	1365.4667704437516
RPS15A	SRR3493802	711
RPS15A	SRR3493803	1482
RPS15A	SRR3493804	777.5593243530711
RPS15A	SRR3493805	1376.2944626716965
RPS15A	SRR3493806	1391
RPS15A	SRR3493807	1193
RPS15A	SRR3493808	1817.7845217448526
RPS15A	SRR3493809	1035.487815204261
RPS15A	SRR3493810	930
RPS15A	SRR3493811	1149
RPS15A	SRR3493812	988.7112129483066
RPS15A	SRR3493813	768.4619236780837
RPS15A	SRR3493814	2107
RPS15A	SRR3493815	1101.392118796397
RPS15A	SRR3493816	1116
RPS15A	SRR3493817	826.4004545654865
RPS15A	SRR3493818	1086.8854043353876
RPS15A	SRR3493819	1699
RPS15A	SRR3493820	242.36613983450607
RPS15A	SRR3493821	1368.8351202944566
RPS15A	SRR3493822	846
RPS15A	SRR3493823	1404.7383503813182
RPS15A	SRR3493824	673.1732621532485
RPS15A	SRR3493825	1773.3342992508676
RPS15A	SRR3493826	990.7126526506312
RPS15A	SRR3493827	1411
RPS15A	SRR3493828	1371
RPS15A	SRR3493829	438.0485653223098
RPS15A	SRR3493830	957.332914091311
RPS15A	SRR3493831	901.0803905329777
RPS15A	SRR3493832	1562.2810260288902
RPS15A	SRR3493833	1633.7696442652962
RPS15A	SRR3493834	1909
RPS15A	SRR3493835	656.4404556269485
RPS15A	SRR3493836	804
RPS15A	SRR3493837	2066.606175102109
RPS15A	SRR3493838	716
RPS15A	SRR3493839	469.8866585162019
RPS15A	SRR3493840	897.2341152127347
RPS15A	SRR3493841	3257.123168404813
RPS15A	SRR3493846	500.1697193602835
RPS15A	SRR3493847	436.45112341548145
RPS15A	SRR3493848	940.3382691813449
RPS15A	SRR3493849	841.6561842871699
RPS15A	SRR3493850	1484
RPS15A	SRR3714631	424
RPS15A	SRR3714632	355.990598505505
RPS15A	SRR3714633	2749.5423992388796
RPS15A	SRR3714634	1091.2315923950196
RPS15A	SRR3714635	1022
RPS15A	SRR3714636	383
RPS15A	SRR3714637	622
RPS15A	SRR3714638	893
RPS15A	SRR3714639	736.6836109857758
RPS15A	SRR3714640	538.6965398905133
RPS15A	SRR3714641	602.3652503211696
RPS15A	SRR3714642	538.160416928612
RPS15A	SRR3714643	395.47559731664353
RPS15A	SRR3714644	467.91199798256775
RPS15A	SRR3714645	1256.1763027526436
RPS15A	SRR3714646	1497.5387116643333
RPS15A	SRR3714648	777.4491977521164
RPS15A	SRR3714649	1284.8998456149127
RPS15A	SRR3714650	334.2862215107525
RPS15A	SRR3714651	586.1887796499269
RPS15A	SRR3714652	553.4170198549291
RPS15A	SRR3714653	954
RPS15A	SRR3714654	1496
RPS15A	SRR3714655	564.4232497455315
RPS15A	SRR3714656	407.9340520139709
RPS15A	SRR3714657	614.5311422311795
RPS15A	SRR3714658	2306.0170126740936
RPS15A	SRR3714659	778.4683785493535
RPS15A	SRR3714660	593
RPS15A	SRR3714661	914
RPS15A	SRR3714662	424.62738149146463
RPS15A	SRR3714663	1752.314025362457
RPS15A	SRR3714664	591.6636688834831
RPS15A	SRR3714665	712
RPS15A	SRR3714666	509
RPS15A	SRR3714667	710.8370651141903
RPS15A	SRR3714668	967
RPS15A	SRR3714669	626.2695284030196
RPS15A	SRR3714670	1833.3817841782377
RPS15A	SRR3714671	2211.783515776563
RPS15A	SRR3714672	252.69214923726793
RPS15A	SRR3714673	1256.1739888724314
RPS15A	SRR3714674	531.7305817587338
RPS15A	SRR3714675	489.27763183802006
RPS15A	SRR3714676	552
RPS15A	SRR3714677	1221.891532218822
RPS15A	SRR3714678	803.9344117200906
RPS15A	SRR3714679	1070.732201033574
RPS15A	SRR3714680	1599.7561082466934
RPS15A	SRR3714681	2094.43011272464
RPS15A	SRR3714682	875.8183490402338
RPS15A	SRR3714683	2285.7588170341833
RPS15A	SRR3714684	1653.3934096634625
RPS15A	SRR3714685	572.0029192096792
RPS15A	SRR3714686	647.8244260682918
RPS15A	SRR3714688	244.81391753016385
RPS15A	SRR3714689	501.9508215028668
RPS15A	SRR3714690	556.2034083294673
RPS15A	SRR3714691	774
RPS15A	SRR3714692	711.8692543731916
RPS15A	SRR3714693	366.2617518915318
RPS15A	SRR3714694	860.0612910083272
RPS15A	SRR3714695	1166.425276698454
RPS15A	SRR3714696	1607
RPS15A	SRR3714697	1079.8546302127377
RPS15A	SRR3714698	271.54115680192405
RPS15A	SRR3714699	678.7318911811436
RPS15A	SRR3714700	446.09848414081523
RPS15A	SRR3714701	432.1020623773405
RPS15A	SRR3714702	626.0111400427887
RPS15A	SRR3714703	733.7793277185708
RPS15A	SRR3714704	2107.520637311501
RPS15A	SRR3714705	1817.7106849723186
RPS15A	SRR3714706	486.4899842043607
RPS15A	SRR3714707	2179.5678358313885
RPS15A	SRR3714708	182.1414254664334
RPS15A	SRR3714709	847.9314612803595
RPS15A	SRR3714710	808.2344196000438
RPS15A	SRR3714711	681.1465076855756
RPS15A	SRR3714712	830
RPS15A	SRR3714713	643
RPS15A	SRR3714714	492
RPS15A	SRR3714715	556.6729136439499
RPS15A	SRR3714716	2483
RPS15A	SRR3714717	812
RPS15A	SRR3714718	701
RPS15A	SRR3714719	569.6426545275015
RPS15A	SRR3714720	714.1363847841303
RPS15A	SRR3714721	622.9559202187908
RPS15A	SRR3714723	2145.107445681491
RPS15A	SRR3714724	1939.693370535662
RPS15A	SRR3714725	305.7534741617109
RPS15A	SRR3714726	530.4577355894777
RPS15A	SRR3714727	629.783440039338
RPS15A	SRR3714728	1126.2477746334923
RPS15A	SRR3714729	175.48475974930847
RPS15A	SRR3714730	430.9627580920387
RPS15A	SRR3714731	1081.1944872837582
RPS15A	SRR3714732	478.39474812203963
RPS15A	SRR3714734	930.5455994594139
RPS15A	SRR3714735	818.9838167671695
RPS15A	SRR3714736	556.0725250771097
RPS15A	SRR3714737	483
RPS15A	SRR3714738	966.7354876588798
RPS15A	SRR3714739	524.5100469349514
RPS15A	SRR3714740	958.8079061101829
RPS15A	SRR3714741	1485.6026770229287
RPS15A	SRR3714744	407.39063403976826
RPS15A	SRR3714745	2136.513028599785
RPS15A	SRR3714746	400.39425376068084
RPS15A	SRR3714747	528.6705160366275
RPS15A	SRR3714748	788.761375853356
RPS15A	SRR3714749	176.61256979506666
RPS15A	SRR3714750	757.9022137221345
RPS15A	SRR3714751	454.490306852028
RPS15A	SRR3714752	460
RPS15A	SRR3714753	586.6015305449599
RPS15A	SRR3714754	745
RPS15A	SRR3714755	400.2745894505658
RPS15A	SRR3714756	1158.5853228099845
RPS15A	SRR3714757	602.9021451005759
RPS15A	SRR3714758	797.1877396954983
RPS15A	SRR3714759	862.033767699721
RPS15A	SRR3714760	504.45354703200195
RPS15A	SRR3714761	812.292206994949
RPS15A	SRR3714762	633.6886173903541
RPS15A	SRR3714764	429
RPS15A	SRR3714765	676.9483539976527
RPS15A	SRR3714766	829
RPS15A	SRR3714767	587.7999744855774
RPS15A	SRR3714768	676
RPS15A	SRR5176628	1168.046042630588
RPS15A	SRR5176629	787.5173059302759
RPS15A	SRR5176630	916.0716495496399
RPS15A	SRR5176631	476.62215512852885
RPS15A	SRR5176632	1150.2714185267293
RPS15A	SRR5176633	2679.377841537777
RPS15A	SRR5176634	1006.5572358358328
RPS15A	SRR5176635	358.20459427634614
RPS15A	SRR5176636	2825.337142889131
RPS15A	SRR5176637	589.9974823900088
RPS15A	SRR5176638	1.1227010298695481
RPS15A	SRR5176639	1962
RPS15A	SRR5176640	206.75119248879824
RPS15A	SRR5176641	661.691645769924
RPS15A	SRR5176642	976.858377556886
RPS15A	SRR5176643	1522.6232213744358
RPS15A	SRR5176644	1370.2464824965298
RPS15A	SRR5176645	1223.7109203116856
RPS15A	SRR5176646	2219.6849661297942
RPS15A	SRR5176647	1023.9678596763215
RPS15A	SRR5176648	1168.2870431473234
RPS15A	SRR5176649	638.3112811777359
RPS15A	SRR5176650	1058.9209451467655
RPS15A	SRR5176651	240.7680769489639
RPS15A	SRR5176652	812.5043634917104
RPS15A	SRR5176653	1317.550578946487
RPS15A	SRR5176654	598.8488325084201
RPS15A	SRR5176655	895.1265111381834
RPS15A	SRR5176656	615.3134171703979
RPS15A	SRR5176657	1.080336199131198
RPS15A	SRR5176658	875.4429853931616
RPS15A	SRR5176659	959.06818075494
RPS15A	SRR5176660	1539.7696641614473
RPS15A	SRR5176661	729.0223566492381
RPS15A	SRR5176662	2843.2099533955943
RPS15A	SRR5176663	947.0555597533079
RPS15A	SRR5176664	1043
RPS15A	SRR5176665	315.79701822470946
RPS15A	SRR5176666	769.973707308764
RPS15A	SRR5176667	1.0787114326524636
RPS15A	SRR5176668	1022.4188998779542
RPS15A	SRR5176669	966.1716452550802
RPS15A	SRR5176670	545.5360084369418
RPS15A	SRR5176671	1033.858218808223
RPS15A	SRR5176672	576.194307278156
RPS15A	SRR5176673	299.42739937567546
RPS15A	SRR5176674	1285.001689494371
RPS15A	SRR5176675	1190.0224080367718
RPS15A	SRR5176676	316.7239435301096
RPS15A	SRR5176677	1431.0580751090804
RPS15A	SRR5176678	516.2850988004462
RPS15A	SRR5176679	1800.1388923297013
RPS15A	SRR5176680	835.364298789749
RPS15A	SRR5176681	972.0783670601928
RPS15A	SRR5176682	478.7149045412466
RPS15A	SRR5176683	777.5401055714877
RPS15A	SRR5176684	903.3947691973566
RPS15A	SRR5176685	1066.1763053972936
RPS15A	SRR5176686	455.9783454686966
RPS15A	SRR5176687	1099.9545464827108
RPS15A	SRR5176688	317.1570824316134
RPS15A	SRR5176689	508.78911606963936
RPS15A	SRR5176690	520.974585608619
RPS15A	SRR5176691	1805.6786076719306
RPS15A	SRR5176692	503.88261222670513
RPS15A	SRR5176693	2466.0894035142237
RPS15A	SRR5176694	1655
RPS15A	SRR5176695	824.6709945423895
RPS15A	SRR5176696	1.1278931940525754
RPS15A	SRR5176697	171.60568302504726
RPS15A	SRR5176698	922.5404366463551
RPS15A	SRR5176699	252.15369303248923
RPS15A	SRR5176700	444.31788344222457
RPS15A	SRR5176701	1571.9938438062359
RPS15A	SRR5176702	1682
RPS15A	SRR5176703	717.8516196018699
RPS15A	SRR5176704	1469.3907208151359
RPS15A	SRR5176705	964.0628379162982
RPS15A	SRR5176706	1310.793828486407
RPS15A	SRR5176707	1118.5614858160338
RPS15A	SRR5176708	612.9984076280352
RPS15A	SRR5176709	616.9520647190367
RPS15A	SRR5176710	1741
RPS15A	SRR5176711	1135.1595300225147
RPS15A	SRR5176712	756.5717461479989
RPS15A	SRR5176713	550.8159766014536
RPS15A	SRR5176714	571.4827085555472
RPS15A	SRR5176715	1028.2941017213807
RPS15A	SRR5176716	1077.1294006402793
RPS15A	SRR5176717	883.7587001371152
RPS15A	SRR5176718	1043.1059511891765
RPS15A	SRR5176719	796.8614221123439
RPS15A	SRR5176720	1364
RPS15A	SRR5176721	1470
RPS15A	SRR5176722	605.7815009724707
RPS15A	SRR5176723	726.9201747745135
RPS15A	SRR5176724	483.61631247534194
RPS15A	SRR5176725	314.82416746873946
RPS15A	SRR5176726	1605
RPS15A	SRR5176727	1638.056087252474
RPS15A	SRR5176728	1971.6189626753408
RPS15A	SRR5176729	798.5435149702447
RPS15A	SRR5176730	806.240161273255
RPS15A	SRR5176731	480.21983396767376
RPS15A	SRR5176732	1077
RPS15A	SRR5176733	1036.3436385495927
RPS15A	SRR5176734	219.44826169441504
RPS15A	SRR5176735	1183.765206936702
RPS15A	SRR5176736	1255.460960371077
RPS15A	SRR5176737	826.4092102087616
RPS15A	SRR5176738	867.4898278764854
RPS15A	SRR5176739	1281.0967860231117
RPS15A	SRR5176740	1169.8502921830602
RPS15A	SRR5176741	432.0083662518716
RPS15A	SRR5176742	2149.484590209777
RPS15A	SRR5176743	429.0237587823767
RPS15A	SRR5176744	449.9581243560492
RPS15A	SRR5176745	799.2646336692395
RPS15A	SRR5176746	841.903922999669
RPS15A	SRR5176747	1149
RPS15A	SRR5176748	852.0723277165482
RPS15A	SRR5176749	1875.1989920689175
RPS15A	SRR5176750	2117.812963817098
RPS15A	SRR5176751	852.0862179239325
RPS15A	SRR5176752	1361.1493793747525
RPS15A	SRR5176753	1009.6456422427641
RPS15A	SRR5176754	714.7408592501549
RPS15A	SRR5176755	1183.6386304909079
RPS15A	SRR5176756	1250.0585117497324
RPS15A	SRR5176757	960.7474636498972
RPS15A	SRR5176758	344.87152593176813
RPS15A	SRR5176759	252.7420058943468
RPS15A	SRR5176760	456.6368923033752
RPS15A	SRR5176761	610.5501805141164
RPS15A	SRR5176762	229.91792051174642
RPS15A	SRR5176763	2031.4142118698614
RPS15A	SRR5176764	1399.0063519248308
RPS15A	SRR5176765	606.044111139167
RPS15A	SRR5176766	606.7171677884731
RPS15A	SRR5176767	1146.1509869284473
RPS15A	SRR5176768	526.8865951105608
RPS15A	SRR5176769	678.9993829705788
RPS15A	SRR5176770	1101.5732111968125
RPS15A	SRR5176771	2164.282850665636
RPS15A	SRR5176772	1192.4322288612104
RPS15A	SRR5176773	736.4846235902224
RPS15A	SRR5176774	626.8585810758829
RPS15A	SRR5176775	525.9985506394432
RPS15A	SRR5176776	903.4151768693552
RPS15A	SRR5176777	506.01263134090294
RPS15A	SRR5176778	521.9893026324879
RPS15A	SRR5176779	1077.5451931436364
RPS15A	SRR5176780	1940.9598842346913
RPS15A	SRR5176781	733.6494324501463
RPS15A	SRR5176782	924.54212585999
RPS15A	SRR5176783	980.0324318832314
RPS15A	SRR5176784	913.6895381799884
RPS15A	SRR5176785	1377.4280868507342
RPS15A	SRR5176786	2439
RPS15A	SRR5176787	1171.9280507186345
RPS15A	SRR5176788	73.92668340892773
RPS15A	SRR5176789	746.4092148639838
RPS15A	SRR5176790	353.2992709973504
RPS15A	SRR5176791	733.3922119264527
RPS15A	SRR5176792	1648
RPS15A	SRR5176793	382.48695505123567
RPS15A	SRR5176794	611.7451161730772
RPS15A	SRR5176795	1342.6255889421188
RPS15A	SRR5176796	158.51014742795434
RPS15A	SRR5176797	634.4076621348953
RPS15A	SRR5176798	592.1071500474686
RPS15A	SRR5176799	1937
RPS15A	SRR5176800	782.2015332264472
RPS15A	SRR5176801	418.1681527680561
RPS15A	SRR5176802	521.288132076576
RPS15A	SRR5176803	1036.2332123115355
RPS15A	SRR5176804	726.173191091196
RPS15A	SRR5176805	749.8937483005487
RPS15A	SRR5176806	246.1163200255161
RPS15A	SRR5176807	1208.8695802040024
RPS15A	SRR5176808	5459.964120416787
RPS15A	SRR5176809	841.2097852285707
RPS15A	SRR5176810	968
RPS15A	SRR5176811	1486
RPS15A	SRR5176812	1182.2754457978967
RPS15A	SRR5176813	718.851062520331
RPS15A	SRR5176814	1443
RPS15A	SRR5176815	302.20640178667895
RPS15A	SRR5176816	355.0468539172197
RPS15A	SRR5176817	752.9341940738411
RPS15A	SRR5176818	3181.0987451423193
RPS15A	SRR5176819	30.53623083845718
RPS15A	SRR5176820	662.4767974856992
RPS15A	SRR5176821	514.7619266365551
RPS15A	SRR5176822	183.24497949980233
RPS15A	SRR5176823	872.2745576854347
RPS15A	SRR5176824	731.1103861443625
RPS15A	SRR5176825	936.0383864070858
RPS15A	SRR5176826	714.8894429798403
RPS15A	SRR5176827	892.3612213104681
RPS15A	SRR5176828	784.0971330753486
RPS15A	SRR5176829	812.2135413685188
RPS15A	SRR5176830	966.5214852529306
RPS15A	SRR5176831	516.6478788799033
RPS15A	SRR5176832	1751.5262587428851
RPS15A	SRR5176833	805.6381753123565
RPS15A	SRR5176834	953.7252636711243
RPS15A	SRR5176835	872.1286949197183
RPS15A	SRR5176836	1873.6846032617216
RPS15A	SRR5176837	1663.749237232516
RPS15A	SRR5176838	353.6146587514305
RPS15A	SRR5176839	15.611494732339535
RPS15A	SRR5176840	1142.6164970588477
RPS15A	SRR5176841	386.3707312605604
RPS15A	SRR5176842	652.0605939525856
RPS15A	SRR5176843	620.7801788417277
RPS15A	SRR5176844	727.1120504368661
RPS15A	SRR5176845	781.3054120817303
RPS15A	SRR5176846	1222.4447716910922
RPS15A	SRR5176847	185.73715483201204
RPS15A	SRR5176848	1311.199738821976
RPS15A	SRR5176849	1993.1523205108194
RPS15A	SRR5176850	1068.4627139049908
RPS15A	SRR5176851	1078.163128809767
RPS15A	SRR5176852	352.6831847727053
RPS15A	SRR5176853	1297.2414113133298
RPS15A	SRR5176854	372.7031044401589
RPS15A	SRR5176855	759.7261129986581
RPS15A	SRR5176856	137.18314524929727
RPS15A	SRR5176857	1171.1547396021347
RPS15A	SRR5176858	470.2242796648026
RPS15A	SRR5176859	954.6999798885469
RPS15A	SRR5176860	2136
RPS15A	SRR5176861	1307.5849933354089
RPS15A	SRR5176862	1192.0357938777963
RPS15A	SRR5176863	1047.6176776062052
RPS15A	SRR5176864	705.4375787051619
RPS15A	SRR5176865	1381.6284129753292
RPS15A	SRR5176866	1309
RPS15A	SRR5176867	704.9819540936062
RPS15A	SRR5176868	286.7625392334804
RPS15A	SRR5176869	1203.9387233207174
RPS15A	SRR5176870	816.6759480247052
RPS15A	SRR5176871	890.04930868250494
RPS15A	SRR5176872	686.1757877989535
RPS15A	SRR5861974	798.4411119290381
RPS15A	SRR5861975	481.4471793293078
RPS15A	SRR5861976	496.19799343723366
RPS15A	SRR5861977	1328
RPS15A	SRR5861978	804.8977600081533
RPS15A	SRR5861979	603.7372999661939
RPS15A	SRR5861980	1246
RPS15A	SRR5861981	779.3672928774984
RPS15A	SRR5861982	1.2340601766014685
RPS15A	SRR5861983	848.4103132751189
RPS15A	SRR5861984	1819.9158995992086
RPS15A	SRR5861985	739.6118656762802
RPS15A	SRR5861986	1005.002593301148
RPS15A	SRR5861987	418.3474698593755
RPS15A	SRR5861988	255.46243133977399
RPS15A	SRR5861989	367.55148786529594
RPS15A	SRR5861990	920.7963626959959
RPS15A	SRR5861991	1189
RPS15A	SRR5861992	1398
RPS15A	SRR5861993	1376.2002315128832
RPS15A	SRR5861994	1613
RPS15A	SRR5861995	536.6942203837091
RPS15A	SRR5861996	1394.8681578852336
RPS15A	SRR5861997	321.10300583348663
RPS15A	SRR5861998	682.9173061643133
RPS15A	SRR5861999	295.7890972186096
RPS15A	SRR5862000	1431.514960849473
RPS15A	SRR5862001	1474
RPS15A	SRR5862002	900.9719739357383
RPS15A	SRR5862003	863.1413101684641
RPS15A	SRR5862004	1286.2022932588975
RPS15A	SRR5862005	783.1244180147685
RPS15A	SRR5862006	835.1457099328566
RPS15A	SRR5862007	779.6351188118235
RPS15A	SRR5862008	758.0379274090134
RPS15A	SRR5862009	801.852158828701
RPS15A	SRR5862010	107.2673608413636
RPS15A	SRR5862011	1262.0036697577843
RPS15A	SRR5862012	789.5333599498839
RPS15A	SRR5862013	770.8354511304341
RPS15A	SRR5862014	924.5205746763155
RPS15A	SRR5862015	1764
RPS15A	SRR5862016	1066.447191469616
RPS15A	SRR5862017	785.460056928445
RPS15A	SRR5862018	995.9850103802152
RPS15A	SRR5862019	584.7322703161749
RPS15A	SRR5862020	1936.9241277629717
RPS15A	SRR5862021	2674.159164656737
RPS15A	SRR5862022	649.1318881796698
RPS15A	SRR5862023	951.1886883765801
RPS15A	SRR5862024	1208.2929843815618
RPS15A	SRR5862025	1014
RPS15A	SRR5862026	380.98906338228437
RPS15A	SRR5862027	1892.020837073801
RPS15A	SRR5862028	1.12681213123101
RPS15A	SRR5862029	417.4926997601476
RPS15A	SRR5862030	1957.4805101438412
RPS15A	SRR5862031	1211.506988900269
RPS15A	SRR5862032	302.8073776449907
RPS15A	SRR5862033	1411.1777662192853
RPS15A	SRR5862034	1.2459835850410172
RPS15A	SRR5862035	689.5443180441077
RPS15A	SRR5862036	661.6107082504224
RPS15A	SRR5862037	1009.3942471682003
RPS15A	SRR5862038	292.58903730841405
RPS15A	SRR5862039	1118.9277225495032
RPS15A	SRR5862040	806.2536660704205
RPS15A	SRR5862041	1810.9367290345324
RPS15A	SRR5862042	416.6782051179538
RPS15A	SRR5862043	1244
RPS15A	SRR5862044	661.9290452332734
RPS15A	SRR5862045	1141.829844142716
RPS15A	SRR5862046	573.601281938713
RPS15A	SRR5862047	1772.665320626775
RPS15A	SRR5862048	1.2476565419699956
RPS15A	SRR5862049	1894.1070046773254
RPS15A	SRR5862050	720.4266001130421
RPS15A	SRR5862051	780.7488337569478
RPS15A	SRR5862052	949.2680378541191
RPS15A	SRR5862053	1108.9552002968496
RPS15A	SRR5862054	253.6087620069211
RPS15A	SRR5862055	580.1845953726432
RPS15A	SRR5862056	1600.1447570709377
RPS15A	SRR5862057	1086.449262793439
RPS15A	SRR5862058	1222.802600996277
RPS15A	SRR5862059	271.456962727538
RPS15A	SRR5862060	915.5804389050747
RPS15A	SRR5862061	921.2809838179892
RPS15A	SRR5862062	1246.6726403987077
RPS15A	SRR5862063	598.3455501830323
RPS15A	SRR5862064	2004.875249003086
RPS15A	SRR5862065	1053.6503560406184
RPS15A	SRR5862066	563.0884995237582
RPS15A	SRR5862067	1.2346054739520673
RPS15A	SRR5862068	1173.5835619068278
RPS15A	SRR5862069	846.826136612251
RPS15A	SRR5862070	832.0982562696535
RPS15A	SRR5862071	1.2526030228986182
RPS15A	SRR5862072	1.2641489791098965
RPS15A	SRR5862073	1292.4139851726256
RPS15A	SRR5862074	633.2058206075981
RPS15A	SRR5862075	568.8907082939011
RPS15A	SRR5862076	1.2411031446573944
RPS15A	SRR5862077	960.7659896928006
RPS15A	SRR5862078	1.0778857376132789
RPS15A	SRR5862079	491.0588406351418
RPS15A	SRR5862080	769.0772795098528
RPS15A	SRR5862081	1000.7240777322772
RPS15A	SRR5862082	1209.5979058121777
RPS15A	SRR5862083	1516
RPS15A	SRR5862084	833.792927377291
RPS15A	SRR5862085	1979
RPS15A	SRR5862086	2814.9019667088446
RPS15A	SRR5862087	511.1550811429288
RPS15A	SRR5862088	62.82019619911343
RPS15A	SRR5862089	382.6943728599392
RPS15A	SRR5862090	1076.8552388009991
RPS15A	SRR5862091	972.5487389762541
RPS15A	SRR5862092	717.6804699615305
RPS15A	SRR5862093	5372.966499249166
RPS15A	SRR5862094	767.824229613154
RPS15A	SRR5862095	511.2044578125146
RPS15A	SRR5862096	1143.5007800461206
RPS15A	SRR5862097	1231.6124666843236
RPS15A	SRR5862098	3261.8452884607746
RPS15A	SRR5862099	1102.582655608878
RPS15A	SRR5862100	885.3469269714383
RPS15A	SRR5862101	633.1353752473667
RPS15A	SRR5862102	1232.2230037281201
RPS15A	SRR5862103	1986.8421936320542
RPS15A	SRR5862104	829.4467485416823
RPS15A	SRR5862105	807.9951707399731
RPS15A	SRR5862106	1260.374665691331
RPS15A	SRR5862107	2441
RPS15A	SRR5862108	2467.0321214810615
RPS15A	SRR5862109	1022.8384122123989
RPS15A	SRR5862110	608.8584796103984
RPS15A	SRR5862111	480.1729118196129
RPS15A	SRR5862112	1079.0895658806537
RPS15A	SRR5862113	538.7281782691771
RPS15A	SRR5862114	1120.2617051758866
RPS15A	SRR5862115	2044.9040771475366
RPS15A	SRR5862116	1345.8648231973225
RPS15A	SRR5862117	1369.5109863644554
RPS15A	SRR5862118	1024.5509298932416
RPS15A	SRR5862119	540.2381356267879
RPS15A	SRR5862120	1186.1192771898686
RPS15A	SRR5862121	923.3561091145223
RPS15A	SRR5862122	890.854707734936
RPS15A	SRR5862123	1091.501665971267
RPS15A	SRR5862124	1210.8614055373137
RPS15A	SRR5862125	1681
RPS15A	SRR5862126	981.8827969015753
RPS15A	SRR5862127	515.9526220058714
RPS15A	SRR5862128	1086.014284787576
RPS15A	SRR5862129	1.0788293013858379
RPS15A	SRR5862130	925.7097872509488
RPS15A	SRR5862131	2173.9162011741455
RPS15A	SRR5862132	771.6938189715744
RPS15A	SRR5862133	1221.1685927819983
RPS15A	SRR5862134	1012.2885943823686
RPS15A	SRR5862135	580.342182788224
RPS15A	SRR5862136	1183.425715363331
RPS15A	SRR5862137	811.7504978176609
RPS15A	SRR5862138	1415.5205368127142
RPS15A	SRR5862139	890.2138862342758
RPS15A	SRR5862140	849.7991248723032
RPS15A	SRR5862141	1613.1187262596331
RPS15A	SRR5862142	662.7860979327456
RPS15A	SRR5862143	1222.4397499357483
RPS15A	SRR5862144	731.1972177476149
RPS15A	SRR5862145	938.0899430408542
RPS15A	SRR5862146	716.6227140975953
RPS15A	SRR5862147	767.5944472616745
RPS15A	SRR5862148	1501
RPS15A	SRR5862149	422.41908883553936
RPS15A	SRR5862150	1202.9362764236976
RPS15A	SRR5862151	873.7794072225655
RPS15A	SRR5862152	392.4609297839299
RPS15A	SRR5862153	229.66891655339919
RPS15A	SRR5862154	1119
RPS15A	SRR5862155	1207.5891993385321
RPS15A	SRR5862156	242.1013510802006
RPS15A	SRR5862157	810.6041622815228
RPS15A	SRR5862158	1663.897753597954
RPS15A	SRR5862159	931.4942644971924
RPS15A	SRR5862160	1052.801775886052
RPS15A	SRR5862161	876.3884384643029
RPS15A	SRR5862162	1244.1359240039353
RPS15A	SRR5862163	1000.5189221054636
RPS15A	SRR5862164	1690.7614388995648
RPS15A	SRR5862165	866.7349122823298
RPS15A	SRR5862166	667.8479304260837
RPS15A	SRR5862167	1080.2490156785839
RPS15A	SRR5862168	1551.557419192228
RPS15A	SRR5862169	877.2425923330326
RPS15A	SRR5862170	411.5286635400227
RPS15A	SRR5862171	1008.7378841605638
RPS15A	SRR5862172	1176.0620440493228
RPS15A	SRR5862173	147.6317343141746
RPS15A	SRR5862174	1445.9655435209527
RPS15A	SRR5862175	575.7979298990688
RPS15A	SRR5862176	382.50996614574086
RPS15A	SRR5862177	99.09809369128996
RPS15A	SRR5862178	648.1500986505187
RPS15A	SRR5862179	666.7281548281068
RPS15A	SRR5862180	981.0339305988563
RPS15A	SRR5862181	576.9736191718458
RPS15A	SRR5862182	2159.1305843749915
RPS15A	SRR5862183	543.7079950532936
RPS15A	SRR5862184	314.3965489920439
RPS15A	SRR5862185	1674
RPS15A	SRR5862186	1317.6030669531106
RPS15A	SRR5862187	971.2981605071878
RPS15A	SRR5862188	92.49680677652984
RPS15A	SRR5862189	668.5501676086848
RPS15A	SRR5862190	1462.9949243962621
RPS15A	SRR5862191	449.3276082895716
RPS15A	SRR5862192	438.99522619040266
RPS15A	SRR5862193	940.3616102144582
RPS15A	SRR5862194	516.7321757459
RPS15A	SRR5862195	694.3794704480155
RPS15A	SRR5862196	1345
RPS15A	SRR5862197	1086
RPS15A	SRR5862198	132.1307459077826
RPS15A	SRR5862199	950.3487093077737
RPS15A	SRR5862200	3160.9127609688558
RPS15A	SRR5862201	680.0532440928268
RPS15A	SRR5862202	319.85443284819155
RPS15A	SRR5862203	177.90984620195945
RPS15A	SRR5862204	1417
RPS15A	SRR5862205	1707
RPS15A	SRR5862206	1159.6359570402287
RPS15A	SRR5862207	862.5670201604563
RPS15A	SRR5862208	512.8014014862091
RPS15A	SRR5862209	380.2469856549971
RPS15A	SRR5862210	2112
RPS15A	SRR5862211	354.25610462510605
RPS15A	SRR5862212	1011.9076260811523
RPS15A	SRR5862213	344.61285082400707
RPS15A	SRR5862214	828.2825851717017
RPS15A	SRR5862215	1242.941345325135
RPS15A	SRR5862216	560.0400318674879
RPS15A	SRR5862217	530.4262360037114
RPS15A	SRR5862218	942.9256313861446
RPS15A	SRR5862219	418.5505516201913
RPS15A	SRR5862220	758.3929646856075
RPS15A	SRR5862221	2147
RPS15A	SRR5862222	900.9250350006009
RPS15A	SRR5862223	278.57040274171504
RPS15A	SRR5862224	445.5065146892117
RPS15A	SRR5862225	732.9599727632624
RPS15A	SRR5862226	1072.1566489835286
RPS15A	SRR5862227	1955
RPS15A	SRR5862228	565.0799980076017
RPS15A	SRR5862229	729.2847032404784
RPS15A	SRR5862230	838.4225242607373
RPS15A	SRR5862231	963.004920284897
RPS15A	SRR5862232	2128.736089664689
RPS15A	SRR5862233	1438.9655081372784
RPS15A	SRR5862234	857.0243582530953
RPS15A	SRR5862235	1120.006982398433
RPS15A	SRR5862236	1321.8283609268165
RPS15A	SRR5862237	2569.2905707165974
RPS15A	SRR5862238	1016.914293223242
RPS15A	SRR5862239	655.0160875078304
RPS15A	SRR5862240	779.123360053505
RPS15A	SRR5862241	764.7095628082031
RPS15A	SRR5862242	676.671667606234
RPS15A	SRR5862243	706.9530812129095
RPS15A	SRR5862244	207.96823791386703
RPS15A	SRR5862245	2008.0411088266005
RPS15A	SRR5862246	1030.9613030831135
RPS15A	SRR5862247	786.4156008774274
RPS15A	SRR5862248	1826.313728371113
RPS15A	SRR5862249	1352.2027587459522
RPS15A	SRR5862250	466.8908235165328
RPS15A	SRR5862251	809.2758557480371
RPS15A	SRR5862252	1190.0296912965437
RPS15A	SRR5862253	1346.3978059006722
RPS15A	SRR5862254	734.2200714099902
RPS15A	SRR5862255	849.777184858884
RPS15A	SRR5862256	308.71178429489635
RPS15A	SRR5862257	349.7471240609295
RPS15A	SRR5862258	1352.4431790724832
RPS15A	SRR5862259	585.9287708197847
RPS15A	SRR5862260	188.4666223099705
RPS15A	SRR5862261	402.60077700716437
RPS15A	SRR5862262	561.5553245148775
RPS15A	SRR5862263	1340.337931459092
RPS15A	SRR5862264	993.7648146184404
RPS15A	SRR5862265	1133.4264100765365
RPS15A	SRR5862266	1067.8236417812436
RPS15A	SRR5862267	873.7411030779704
RPS15A	SRR5862268	580.8754427354478
RPS15A	SRR5862269	1229.837258984328
RPS15A	SRR5862270	1333.014544749476
RPS15A	SRR5862271	603.580395218445
RPS15A	SRR5862272	449.00530561465354
RPS15A	SRR5862273	838.8880334524773
RPS15A	SRR5862274	673.0796322960856
RPS15A	SRR5862275	432.5478129118595
RPS15A	SRR5862276	2227.0812680176205
RPS15A	SRR5862277	1110.9166477732506
RPS15A	SRR5949109	637.0049142664323
RPS15A	SRR5949110	636.0868846901695
RPS15A	SRR5949111	637.0049142664323
RPS15A	SRR5949112	637.0446069058835
RPS15A	SRR5949113	636.7281474546992
RPS15A	SRR5949114	637.0446069058835
RPS15A	SRR5949115	637.0049142664323
RPS15A	SRR5949116	636.9899508246181
RPS15A	SRR5949117	637.0446069058835
RPS15A	SRR5949118	636.9654514134758
RPS15A	SRR5949119	637.0280072931258
RPS15A	SRR5949120	636.9631584710106
RPS15A	SRR5949121	636.9490234498473
RPS15A	SRR5949122	636.9114627446762
RPS15A	SRR5949123	636.8354360292694
RPS15A	SRR5949124	636.5301297467335
RPS15A	SRR5949125	636.748604501009
RPS15A	SRR5949126	636.9145881940502
RPS15A	SRR5949127	636.9631584710106
RPS15A	SRR5949128	636.9631584710106
RPS15A	SRR5949129	637.0312287343974
RPS15A	SRR5949130	636.9915257512174
RPS15A	SRR5949131	636.906999260601
RPS15A	SRR5949132	637.0049142664323
RPS15A	SRR5949133	636.9334585431913
RPS15A	SRR5949134	637.0446069058835
RPS15A	SRR5949135	636.9899508246181
RPS15A	SRR5949136	637.0280072931258
RPS15A	SRR5949137	636.5448862722667
RPS15A	SRR5949138	636.8816634516229
RPS15A	SRR5949139	636.9145881940502
RPS15A	SRR5949140	637.0049142664323
RPS15A	SRR5949141	637.0312287343974
RPS15A	SRR5949142	636.9915257512174
RPS15A	SRR5949143	637.0446069058835
RPS15A	SRR5949144	636.9654514134758
RPS15A	SRR5949145	636.9789839126305
RPS15A	SRR5949146	636.9631584710106
RPS15A	SRR5949147	636.9631584710106
RPS15A	SRR5949148	636.5167386933733
RPS15A	SRR5949149	636.9654514134758
RPS15A	SRR5949150	637.0312287343974
RPS15A	SRR5949151	636.8132093961194
RPS15A	SRR5949152	635.8009429099072
RPS15A	SRR5949153	636.9114627446762
RPS15A	SRR5949154	636.4150067439883
RPS15A	SRR5949155	636.9789839126305
RPS15A	SRR5949156	637.0312287343974
RPS15A	SRR5949157	637.0280072931258
RPS15A	SRR5949158	637.0446069058835
RPS15A	SRR5949159	636.5019512589753
RPS15A	SRR5949160	637.0049142664323
RPS15A	SRR5949161	637.0049142664323
RPS15A	SRR5949162	637.0049142664323
RPS15A	SRR5949163	637.0312287343974
RPS15A	SRR5949164	637.0446069058835
RPS15A	SRR5949165	636.9899508246181
RPS15A	SRR5949166	637.0312287343974
RPS15A	SRR5949167	636.9654514134758
RPS15A	SRR5949168	636.9789839126305
RPS15A	SRR5949169	634.1721822038614
RPS15A	SRR5949170	637.0446069058835
RPS15A	SRR5949171	636.906999260601
RPS15A	SRR5949172	636.8816634516229
RPS15A	SRR5949173	637.0049142664323
RPS15A	SRR5949174	636.9789839126305
RPS15A	SRR5949175	637.0446069058835
RPS15A	SRR5949176	636.9490234498473
RPS15A	SRR5949177	636.4979658149631
RPS15A	SRR5949178	636.9145881940502
RPS15A	SRR5949179	636.9789839126305
RPS15A	SRR5949180	637.0446069058835
RPS15A	SRR5949181	637.0280072931258
RPS15A	SRR5949182	636.9490234498473
RPS15A	SRR5949183	637.0312287343974
RPS15A	SRR5949184	636.9899508246181
RPS15A	SRR5949185	636.8568690659531
RPS15A	SRR5949186	636.6917076579375
RPS15A	SRR5949187	636.9915257512174
RPS15A	SRR5949188	636.9899508246181
RPS15A	SRR5949189	636.9631584710106
RPS15A	SRR5949190	636.9654514134758
RPS15A	SRR5949191	636.8816634516229
RPS15A	SRR5949192	637.0280072931258
RPS15A	SRR5949193	637.0312287343974
RPS15A	SRR5949194	637.0049142664323
RPS15A	SRR5949195	636.9899508246181
RPS15A	SRR5949196	636.9003142916878
RPS15A	SRR5949197	636.7957849620444
RPS15A	SRR5949198	636.5285292258661
RPS15A	SRR5949199	636.9145881940502
RPS15A	SRR5949200	637.0312287343974
RPS15A	SRR5949201	636.9789839126305
RPS15A	SRR5949202	636.9915257512174
RPS15A	SRR5949203	637.0280072931258
RPS15A	SRR5949204	637.0446069058835
RPS15A	SRR5949205	637.0446069058835
RPS15A	SRR5949206	636.9899508246181
RPS15A	SRR5949207	637.0049142664323
RPS15A	SRR5949208	636.9654514134758
RPS15A	SRR5949209	637.0049142664323
RPS15A	SRR5949210	636.9789839126305
RPS15A	SRR5949211	636.7957849620444
RPS15A	SRR5949212	636.9654514134758
RPS15A	SRR5949213	636.9334585431913
RPS15A	SRR5949214	636.8354360292694
RPS15A	SRR5949215	636.9631584710106
RPS15A	SRR5949216	636.9915257512174
RPS15A	SRR5949217	636.9915257512174
RPS15A	SRR5949218	636.9334585431913
RPS15A	SRR5949219	636.9490234498473
RPS15A	SRR5949220	636.8568690659531
RPS15A	SRR5949221	636.8317565627943
RPS15A	SRR5949222	636.9631584710106
RPS15A	SRR5949223	636.4958236023164
RPS15A	SRR5949224	636.9789839126305
RPS15A	SRR5949225	637.0280072931258
RPS15A	SRR5949226	636.8568690659531
RPS15A	SRR5949227	637.0280072931258
RPS15A	SRR5949228	636.8816634516229
RPS15A	SRR5949229	636.9003142916878
RPS15A	SRR5949230	637.0280072931258
RPS15A	SRR5949231	636.8067967662801
RPS15A	SRR5949232	636.4150067439883
RPS15A	SRR5949233	636.5033258438109
RPS15A	SRR5949234	636.9631584710106
RPS15A	SRR5949235	636.8816634516229
RPS15A	SRR5949236	635.9050265260305
RPS15A	SRR5949237	636.8013959389106
RPS15A	SRR5949238	636.6811030766507
RPS15A	SRR5949239	635.9533226587452
RPS15A	SRR5949240	637.0312287343974
RPS15A	SRR5949241	636.9654514134758
RPS15A	SRR5949242	636.9789839126305
RPS15A	SRR5949243	636.906999260601
RPS15A	SRR5949244	636.9145881940502
RPS15A	SRR5949245	636.9145881940502
RPS15A	SRR5949246	636.9899508246181
RPS15A	SRR5949247	636.9631584710106
RPS15A	SRR5949248	636.9899508246181
RPS15A	SRR5949249	636.9789839126305
RPS15A	SRR5949250	637.0446069058835
RPS15A	SRR5949251	636.8816634516229
RPS15A	SRR5949252	637.0049142664323
RPS15A	SRR5949253	636.7743279446861
RPS15A	SRR5949254	636.8512915356248
RPS15A	SRR5949255	636.9789839126305
RPS15A	SRR5949256	636.9114627446762
RPS15A	SRR5949257	637.0312287343974
RPS15A	SRR5949258	637.0312287343974
RPS15A	SRR5949259	636.9490234498473
RPS15A	SRR5949260	637.0446069058835
RPS15A	SRR5949261	637.0446069058835
RPS15A	SRR5949262	636.9114627446762
RPS15A	SRR5949263	636.9915257512174
RPS15A	SRR5949264	636.9490234498473
RPS15A	SRR5949265	637.0280072931258
RPS15A	SRR5949266	636.5936253858707
RPS15A	SRR5949267	636.6023172392955
RPS15A	SRR5949268	637.0280072931258
RPS15A	SRR5949269	636.9631584710106
RPS15A	SRR5949270	636.9789839126305
RPS15A	SRR5949271	636.8354360292694
RPS15A	SRR5949272	637.0446069058835
RPS15A	SRR5949273	637.0446069058835
RPS15A	SRR5949274	636.9899508246181
RPS15A	SRR5949275	636.8236813181734
RPS15A	SRR5949276	636.9899508246181
RPS15A	SRR5949277	636.6023172392955
RPS15A	SRR5949278	636.9915257512174
RPS15A	SRR5949279	636.9915257512174
RPS15A	SRR5949280	636.7568607561402
RPS15A	SRR5949281	636.9899508246181
RPS15A	SRR5949282	637.0446069058835
RPS15A	SRR5949283	636.8013959389106
RPS15A	SRR5949284	637.0446069058835
RPS15A	SRR5949285	636.2885401128768
RPS15A	SRR5949286	636.5493925023434
RPS15A	SRR5949287	637.0446069058835
RPS15A	SRR5949288	636.9915257512174
RPS15A	SRR5949289	636.9145881940502
RPS15A	SRR5949290	637.0446069058835
RPS15A	SRR5949291	636.9789839126305
RPS15A	SRR5949292	636.9631584710106
RPS15A	SRR5949293	637.0446069058835
RPS15A	SRR5949294	637.0312287343974
RPS15A	SRR5949295	636.9915257512174
RPS15A	SRR5949296	636.9915257512174
RPS15A	SRR5949297	637.0049142664323
RPS15A	SRR5949298	636.8863681045767
RPS15A	SRR5949299	636.9654514134758
RPS15A	SRR5949300	637.0312287343974
RPS15A	SRR5949301	637.0312287343974
RPS15A	SRR5949302	636.9145881940502
RPS15A	SRR5949303	636.906999260601
RPS15A	SRR5949304	637.0049142664323
RPS15A	SRR5949305	636.5493925023434
RPS15A	SRR5949306	637.0280072931258
RPS15A	SRR5949307	636.9654514134758
RPS15A	SRR5949308	636.9899508246181
RPS15A	SRR5949309	636.854329356001
RPS15A	SRR5949310	636.854329356001
RPS15A	SRR5949311	636.9789839126305
RPS15A	SRR5949312	636.8015165230948
RPS15A	SRR5949313	636.9789839126305
RPS15A	SRR5949314	637.0312287343974
RPS15A	SRR5949315	636.9789839126305
RPS15A	SRR5949316	636.9915257512174
RPS15A	SRR5949317	636.6811030766507
RPS15A	SRR5949318	636.6023172392955
RPS15A	SRR5949319	637.0049142664323
RPS15A	SRR5949320	637.0446069058835
RPS15A	SRR5949321	636.9899508246181
RPS15A	SRR5949322	636.8863681045767
RPS15A	SRR5949323	636.9789839126305
RPS15A	SRR5949324	637.0446069058835
RPS15A	SRR5949325	636.9915257512174
RPS15A	SRR5949326	636.9789839126305
RPS15A	SRR5949327	636.5462228885568
RPS15A	SRR5949328	637.0049142664323
RPS15A	SRR5949329	637.0049142664323
RPS15A	SRR5949330	636.9915257512174
RPS15A	SRR5949331	637.0280072931258
RPS15A	SRR5949332	637.0446069058835
RPS15A	SRR5949333	636.9334585431913
RPS15A	SRR5949334	636.7957849620444
RPS15A	SRR5949335	637.0312287343974
RPS15A	SRR5949336	636.9899508246181
RPS15A	SRR5949337	637.0280072931258
RPS15A	SRR5949338	636.9915257512174
RPS15A	SRR5949339	636.9915257512174
RPS15A	SRR5949340	636.8863681045767
RPS15A	SRR5949341	636.9490234498473
RPS15A	SRR5949342	637.0280072931258
RPS15A	SRR5949343	636.9490234498473
RPS15A	SRR5949344	637.0049142664323
RPS15A	SRR5949345	637.0280072931258
RPS15A	SRR5949346	636.536258848654
RPS15A	SRR5949347	636.7818512835729
RPS15A	SRR5949348	636.4191021857087
RPS15A	SRR5949349	636.9915257512174
RPS15A	SRR5949350	636.9654514134758
RPS15A	SRR5949351	636.9789839126305
RPS15A	SRR5949352	636.9899508246181
RPS15A	SRR5949353	636.9915257512174
RPS15A	SRR5949354	636.8354360292694
RPS15A	SRR5949355	636.9490234498473
RPS15A	SRR5949356	635.2785803000945
RPS15A	SRR5949357	636.9631584710106
RPS15A	SRR5949358	636.9789839126305
RPS15A	SRR5949359	636.9915257512174
RPS15A	SRR5949360	636.9490234498473
RPS15A	SRR5949361	636.9145881940502
RPS15A	SRR5949362	635.891661764504
RPS15A	SRR5949363	637.0312287343974
RPS15A	SRR5949364	636.8816634516229
RPS15A	SRR5949365	636.7743279446861
RPS15A	SRR5949366	635.6804946123119
RPS15A	SRR5949367	637.0446069058835
RPS15A	SRR5949368	636.4377584454426
RPS15A	SRR5949369	637.0312287343974
RPS15A	SRR5949370	637.0049142664323
RPS15A	SRR5949371	636.854329356001
RPS15A	SRR5949372	636.9899508246181
RPS15A	SRR5949373	637.0312287343974
RPS15A	SRR5949374	636.906999260601
RPS15A	SRR5949375	637.0312287343974
RPS15A	SRR5949376	637.0446069058835
RPS15A	SRR5949377	636.9915257512174
RPS15A	SRR5949378	637.0446069058835
RPS15A	SRR5949379	636.9915257512174
RPS15A	SRR5949380	636.5167386933733
RPS15A	SRR5949381	636.8236813181734
RPS15A	SRR5949382	637.0049142664323
RPS15A	SRR5949383	636.9334585431913
RPS15A	SRR5949384	637.0312287343974
RPS15A	SRR5949385	636.9114627446762
RPS15A	SRR5949386	637.0446069058835
RPS15A	SRR5949387	635.9533226587452
RPS15A	SRR5949388	636.8354360292694
RPS15A	SRR5949389	637.0446069058835
RPS15A	SRR5949390	636.9789839126305
RPS15A	SRR5949391	636.854329356001
RPS15A	SRR5949392	637.0446069058835
RPS15A	SRR5949393	636.854329356001
RPS15A	SRR5949394	636.8236813181734
RPS15A	SRR5949395	636.9789839126305
RPS15A	SRR5949396	636.5019512589753
RPS15A	SRR5949397	637.0312287343974
RPS15A	SRR5949398	637.0280072931258
RPS15A	SRR5949399	636.9789839126305
RPS15A	SRR5949400	633.9000862226759
RPS15A	SRR5949401	637.0446069058835
RPS15A	SRR5949402	636.9899508246181
RPS15A	SRR5949403	636.9654514134758
RPS15A	SRR5949404	636.8568690659531
RPS15A	SRR5949405	636.9915257512174
RPS15A	SRR5949406	637.0312287343974
RPS15A	SRR5949407	636.9915257512174
RPS15A	SRR5949408	636.9915257512174
RPS15A	SRR5949409	636.9899508246181
RPS15A	SRR5949410	636.9899508246181
RPS15A	SRR5949411	637.0446069058835
RPS15A	SRR5949412	636.9145881940502
RPS15A	SRR5949413	636.9915257512174
RPS15A	SRR5949414	637.0049142664323
RPS15A	SRR5949415	637.0280072931258
RPS15A	SRR5949416	636.9631584710106
RPS15A	SRR5949417	636.9334585431913
RPS15A	SRR5949418	636.9915257512174
RPS15A	SRR5949419	637.0049142664323
RPS15A	SRR5949420	636.9490234498473
RPS15A	SRR5949421	636.9334585431913
RPS15A	SRR5949422	636.9631584710106
RPS15A	SRR5949423	636.9631584710106
RPS15A	SRR5949424	637.0446069058835
RPS15A	SRR5949425	636.9631584710106
RPS15A	SRR5949426	637.0280072931258
RPS15A	SRR5949427	636.9631584710106
RPS15A	SRR5949428	637.0446069058835
RPS15A	SRR5949429	636.8015165230948
RPS15A	SRR5949430	636.9789839126305
RPS15A	SRR5949431	636.9789839126305
RPS15A	SRR5949432	636.9899508246181
RPS15A	SRR5949433	636.9654514134758
RPS15A	SRR5949434	636.9654514134758
RPS15A	SRR5949435	636.8512915356248
RPS15A	SRR5949436	637.0049142664323
RPS15A	SRR5949437	636.8015165230948
RPS15A	SRR5949438	636.7568607561402
RPS15A	SRR5949439	637.0312287343974
RPS15A	SRR5949440	637.0280072931258
RPS15A	SRR5949441	637.0280072931258
RPS15A	SRR5949442	636.906999260601
RPS15A	SRR5949443	636.8568690659531
RPS15A	SRR5949444	636.8236813181734
RPS15A	SRR5949445	637.0446069058835
RPS15A	SRR5949446	637.0280072931258
RPS15A	SRR5949447	636.9654514134758
RPS15A	SRR5949448	637.0446069058835
RPS15A	SRR5949449	637.0446069058835
RPS15A	SRR5949450	636.9789839126305
RPS15A	SRR5949451	636.9334585431913
RPS15A	SRR5949452	636.9915257512174
RPS15A	SRR5949453	636.9789839126305
RPS15A	SRR5949454	636.9915257512174
RPS15A	SRR5949455	636.9654514134758
RPS15A	SRR5949456	637.0312287343974
RPS15A	SRR5949457	637.0280072931258
RPS15A	SRR5949458	637.0312287343974
RPS15A	SRR5949459	636.9899508246181
RPS15A	SRR5949460	636.8568690659531
RPS15A	SRR5949461	636.5462228885568
RPS15A	SRR5949462	637.0049142664323
RPS15A	SRR5949463	636.8512915356248
RPS15A	SRR5949464	636.8013959389106
RPS15A	SRR5949465	636.5231644563488
RPS15A	SRR5949466	636.9789839126305
RPS15A	SRR5949467	636.5167386933733
RPS15A	SRR5949468	637.0049142664323
RPS15A	SRR5949469	637.0280072931258
RPS15A	SRR5949470	636.9915257512174
RPS15A	SRR5949471	636.9490234498473
RPS15A	SRR5949472	636.9899508246181
RPS15A	SRR5949473	636.9899508246181
RPS15A	SRR5949474	636.9654514134758
RPS15A	SRR5949475	637.0446069058835
RPS15A	SRR5949476	636.9915257512174
RPS15A	SRR5949477	637.0280072931258
RPS15A	SRR5949478	636.9899508246181
RPS15A	SRR5949479	636.7030000265422
RPS15A	SRR5949480	636.9631584710106
RPS15A	SRR5949481	637.0280072931258
RPS15A	SRR5949482	636.9145881940502
RPS15A	SRR5949483	636.6917076579375
RPS15A	SRR5949484	637.0049142664323
RPS15A	SRR5949485	636.8236813181734
RPS15A	SRR5949486	636.9654514134758
RPS15A	SRR5949487	3409.0176261129
RPS15A	SRR5949488	636.8015165230948
RPS15A	SRR5949489	636.8816634516229
RPS15A	SRR5949490	636.8816634516229
RPS15A	SRR5949491	636.9654514134758
RPS15A	SRR5949492	636.8816634516229
RPS15A	SRR5949493	636.9490234498473
RPS15A	SRR5949494	637.0446069058835
RPS15A	SRR5949495	636.8067967662801
RPS15A	SRR5949496	636.9490234498473
RPS15A	SRR5949497	636.9490234498473
RPS15A	SRR5949498	636.9789839126305
RPS15A	SRR5949499	637.0049142664323
RPS15A	SRR5949500	636.7743279446861
RPS15A	SRR5949501	636.8317565627943
RPS15A	SRR5949502	636.6885573934273
RPS15A	SRR5949503	636.9003142916878
RPS15A	SRR5949504	636.9915257512174
RPS15A	SRR5949505	636.9915257512174
RPS15A	SRR5949506	636.9915257512174
RPS15A	SRR5949507	637.0280072931258
RPS15A	SRR5949508	636.9631584710106
RPS15A	SRR5949509	637.0049142664323
RPS15A	SRR5949510	636.9915257512174
RPS15A	SRR5949511	636.5234427679055
RPS15A	SRR5949512	636.9899508246181
RPS15A	SRR5949513	637.0446069058835
RPS15A	SRR5949514	636.9114627446762
RPS15A	SRR5949515	637.0049142664323
RPS15A	SRR5949516	636.9654514134758
RPS15A	SRR5949517	636.9915257512174
RPS15A	SRR5949518	636.7030000265422
RPS15A	SRR5949519	636.8816634516229
RPS15A	SRR5949520	637.0280072931258
RPS15A	SRR5949521	636.5936253858707
RPS15A	SRR5949522	636.9899508246181
RPS15A	SRR5949523	637.0280072931258
RPS15A	SRR5949524	636.9654514134758
RPS15A	SRR5949525	636.9114627446762
RPS15A	SRR5949526	636.5428986428698
RPS15A	SRR5949527	636.9003142916878
RPS15A	SRR5949528	636.1981254192364
RPS15A	SRR5949529	636.8354360292694
RPS15A	SRR5949530	636.9490234498473
RPS15A	SRR5949531	636.9145881940502
RPS15A	SRR5949532	637.0280072931258
RPS15A	SRR5949533	637.0446069058835
RPS15A	SRR5949534	636.9114627446762
RPS15A	SRR5949535	637.0049142664323
RPS15A	SRR5949536	636.9789839126305
RPS15A	SRR5949537	637.0280072931258
RPS15A	SRR5949538	637.0446069058835
RPS15A	SRR5949539	636.9490234498473
RPS15A	SRR5949540	636.8568690659531
RPS15A	SRR5949541	636.9490234498473
RPS15A	SRR5949542	636.8354360292694
RPS15A	SRR5949543	636.9631584710106
RPS15A	SRR5949544	636.8568690659531
RPS15A	SRR5949545	636.7030000265422
RPS15A	SRR5949546	636.9003142916878
RPS15A	SRR5949547	637.0446069058835
RPS15A	SRR5949548	636.9654514134758
RPS15A	SRR5949549	636.7743279446861
RPS15A	SRR5949550	636.5167386933733
RPS15A	SRR5949551	636.9899508246181
RPS15A	SRR5949552	636.8132093961194
RPS15A	SRR5949553	637.0312287343974
RPS15A	SRR5949554	636.9915257512174
RPS15A	SRR5949555	632.0822588082755
RPS15A	SRR5949556	636.8317565627943
RPS15A	SRR5949557	636.9789839126305
RPS15A	SRR5949558	636.8067967662801
RPS15A	SRR5949559	637.0049142664323
RPS15A	SRR5949560	637.0049142664323
RPS15A	SRR5949561	636.5493925023434
RPS15A	SRR5949562	636.8236813181734
RPS15A	SRR5949563	636.9789839126305
RPS15A	SRR5949564	636.9899508246181
RPS15A	SRR5949565	637.0312287343974
RPS15A	SRR5949566	637.0049142664323
RPS15A	SRR5949567	635.9555497083084
RPS15A	SRR5949568	636.854329356001
RPS15A	SRR5949569	636.8863681045767
RPS15A	SRR5949570	636.9490234498473
RPS15A	SRR5949571	636.7281474546992
RPS15A	SRR5949572	636.9334585431913
RPS15A	SRR5949573	636.854329356001
RPS15A	SRR5949574	636.9789839126305
RPS15A	SRR5949575	636.9631584710106
RPS15A	SRR5949576	636.9334585431913
RPS15A	SRR5949577	637.0312287343974
RPS15A	SRR5949578	636.9789839126305
RPS15A	SRR5949579	637.0049142664323
RPS15A	SRR5949580	637.0049142664323
RPS15A	SRR5949581	637.0446069058835
RPS15A	SRR5949582	636.8863681045767
RPS15A	SRR5949583	637.0312287343974
RPS15A	SRR5949584	636.5301297467335
RPS15A	SRR5949585	636.9899508246181
RPS15A	SRR5949586	636.9915257512174
RPS15A	SRR5949587	636.9654514134758
RPS15A	SRR5949588	636.1212157366083
RPS15A	SRR5949589	637.0446069058835
RPS15A	SRR5949590	636.9003142916878
RPS15A	SRR5949591	637.0049142664323
RPS15A	SRR5949592	636.9145881940502
RPS15A	SRR5949593	637.0446069058835
RPS15A	SRR5949594	636.9334585431913
RPS15A	SRR5949595	636.9915257512174
RPS15A	SRR5949596	636.9654514134758
RPS15A	SRR5949597	3407.475221822463
RPS15A	SRR5949598	636.9490234498473
RPS15A	SRR5949599	636.9003142916878
RPS15A	SRR5949600	636.9789839126305
RPS15A	SRR5949601	636.9334585431913
RPS15A	SRR5949602	637.0446069058835
RPS15A	SRR5949603	636.9899508246181
RPS15A	SRR5949604	636.9915257512174
RPS15A	SRR5949605	636.9334585431913
RPS15A	SRR5949606	636.8067967662801
RPS15A	SRR5949607	637.0280072931258
RPS15A	SRR5949608	636.5462228885568
RPS15A	SRR5950246	636.5234427679055
RPS15A	SRR5950247	636.8067967662801
RPS15A	SRR5950248	636.9789839126305
RPS15A	SRR5950249	637.0446069058835
RPS15A	SRR5950250	636.8568690659531
RPS15A	SRR5950251	636.9789839126305
RPS15A	SRR5950252	637.0312287343974
RPS15A	SRR5950253	636.9915257512174
RPS15A	SRR5950254	636.8067967662801
RPS15A	SRR5950255	636.6749655614316
RPS15A	SRR5950256	636.4508069565807
RPS15A	SRR5950257	636.4321919060347
RPS15A	SRR5950258	636.9899508246181
RPS15A	SRR5950259	637.0049142664323
RPS15A	SRR5950260	636.9789839126305
RPS15A	SRR5950261	636.9899508246181
RPS15A	SRR5950262	636.9114627446762
RPS15A	SRR5950263	636.6885573934273
RPS15A	SRR5950264	637.0280072931258
RPS15A	SRR5950265	636.8568690659531
RPS15A	SRR5950266	636.5285292258661
RPS15A	SRR5950267	636.9899508246181
RPS15A	SRR5950268	636.9334585431913
RPS15A	SRR5950269	636.9490234498473
RPS15A	SRR5950270	636.8013959389106
RPS15A	SRR5950271	637.0446069058835
RPS15A	SRR5950272	637.0446069058835
RPS15A	SRR5950273	636.9789839126305
RPS15A	SRR5950274	636.906999260601
RPS15A	SRR5950275	636.9334585431913
RPS15A	SRR5950276	636.9899508246181
RPS15A	SRR5950277	636.8317565627943
RPS15A	SRR5950278	636.6811030766507
RPS15A	SRR5950279	636.9654514134758
RPS15A	SRR5950280	636.9915257512174
RPS15A	SRR5950281	636.9334585431913
RPS15A	SRR5950282	636.7281474546992
RPS15A	SRR5950283	636.9899508246181
RPS15A	SRR5950284	635.2314322494109
RPS15A	SRR5950285	636.8132093961194
RPS15A	SRR5950286	636.9789839126305
RPS15A	SRR5950287	636.6023172392955
RPS15A	SRR5950288	636.8512915356248
RPS15A	SRR5950289	636.5493925023434
RPS15A	SRR5950290	637.0049142664323
RPS15A	SRR5950291	636.9899508246181
RPS15A	SRR5950292	636.9145881940502
RPS15A	SRR5950293	636.8013959389106
RPS15A	SRR5950294	637.0446069058835
RPS15A	SRR5950295	637.0312287343974
RPS15A	SRR5950296	636.9631584710106
RPS15A	SRR5950297	636.7957849620444
RPS15A	SRR5950298	637.0049142664323
RPS15A	SRR5950299	636.8863681045767
RPS15A	SRR5950300	636.9654514134758
RPS15A	SRR5950301	636.9899508246181
RPS15A	SRR5950302	636.9631584710106
RPS15A	SRR5950303	636.8863681045767
RPS15A	SRR5950304	636.8015165230948
RPS15A	SRR5950305	636.9631584710106
RPS15A	SRR5950306	636.9631584710106
RPS15A	SRR5950307	636.8816634516229
RPS15A	SRR5950308	636.9145881940502
RPS15A	SRR5950309	636.9334585431913
RPS15A	SRR5950310	636.9789839126305
RPS15A	SRR5950311	637.0280072931258
RPS15A	SRR5950312	636.9899508246181
RPS15A	SRR5950313	636.9145881940502
RPS15A	SRR5950314	637.0049142664323
RPS15A	SRR5950315	636.9899508246181
RPS15A	SRR5950316	637.0280072931258
RPS15A	SRR5950317	636.8863681045767
RPS15A	SRR5950318	636.8013959389106
RPS15A	SRR5950319	636.9003142916878
RPS15A	SRR5950320	636.8863681045767
RPS15A	SRR5950321	636.4553984852853
RPS15A	SRR5950322	636.8354360292694
RPS15A	SRR5950323	636.906999260601
RPS15A	SRR5950324	637.0049142664323
RPS15A	SRR5950325	636.9114627446762
RPS15A	SRR5950326	636.8317565627943
RPS15A	SRR5950327	636.9899508246181
RPS15A	SRR5950328	636.9899508246181
RPS15A	SRR5950329	636.9631584710106
RPS15A	SRR5950330	636.9003142916878
RPS15A	SRR5950331	636.7281474546992
RPS15A	SRR5950332	636.8067967662801
RPS15A	SRR5950333	637.0049142664323
RPS15A	SRR5950334	637.0049142664323
RPS15A	SRR5950335	637.0049142664323
RPS15A	SRR5950336	635.8761734359014
RPS15A	SRR5950337	636.5749297833636
RPS15A	SRR5950338	636.2442986352874
RPS15A	SRR5950339	637.0446069058835
RPS15A	SRR5950340	636.8816634516229
RPS15A	SRR5950341	636.9145881940502
RPS15A	SRR5950342	637.0280072931258
RPS15A	SRR5950343	636.9145881940502
RPS15A	SRR5950344	636.8354360292694
RPS15A	SRR5950345	636.906999260601
RPS15A	SRR5950346	636.9899508246181
RPS15A	SRR5950347	636.9631584710106
RPS15A	SRR5950348	636.8816634516229
RPS15A	SRR5950349	637.0312287343974
RPS15A	SRR5950350	636.9789839126305
RPS15A	SRR5950351	636.6023172392955
RPS15A	SRR5950352	637.0280072931258
RPS15A	SRR5950353	636.9631584710106
RPS15A	SRR5950354	637.0280072931258
RPS15A	SRR5950355	637.0280072931258
RPS15A	SRR5950356	636.5448862722667
RPS15A	SRR5950357	637.0280072931258
RPS15A	SRR5950358	636.8863681045767
RPS15A	SRR5950359	636.9490234498473
RPS15A	SRR5950360	637.0280072931258
RPS15A	SRR5950361	637.0280072931258
RPS15A	SRR5950362	636.8354360292694
RPS15A	SRR5950363	636.7957849620444
RPS15A	SRR5950364	636.9003142916878
RPS15A	SRR5950365	636.9915257512174
RPS15A	SRR5950366	637.0049142664323
RPS15A	SRR5950367	636.491939570878
RPS15A	SRR5950368	636.9631584710106
RPS15A	SRR5950369	637.0446069058835
RPS15A	SRR5950370	637.0446069058835
RPS15A	SRR5950371	636.9899508246181
RPS15A	SRR5950372	636.9915257512174
RPS15A	SRR5950373	636.9654514134758
RPS15A	SRR5950374	636.9654514134758
RPS15A	SRR5950375	637.0280072931258
RPS15A	SRR5950376	637.0446069058835
RPS15A	SRR5950377	636.7743279446861
RPS15A	SRR5950378	636.9654514134758
RPS15A	SRR5950379	636.9631584710106
RPS15A	SRR5950380	636.9145881940502
RPS15A	SRR5950381	636.9114627446762
RPS15A	SRR5950382	636.6023172392955
RPS15A	SRR5950383	637.0312287343974
RPS15A	SRR5950384	637.0049142664323
RPS15A	SRR5950385	636.5936253858707
RPS15A	SRR5950386	637.0280072931258
RPS15A	SRR5950387	637.0312287343974
RPS15A	SRR5950388	636.8568690659531
RPS15A	SRR5950389	636.2885401128768
RPS15A	SRR5950390	636.9334585431913
RPS15A	SRR5950391	637.0446069058835
RPS15A	SRR5950392	636.6023172392955
RPS15A	SRR5950393	636.854329356001
RPS15A	SRR5950394	636.9490234498473
RPS15A	SRR5950395	636.9631584710106
RPS15A	SRR5950396	637.0446069058835
RPS15A	SRR5950397	637.0312287343974
RPS15A	SRR5950398	637.0312287343974
RPS15A	SRR5950399	636.9114627446762
RPS15A	SRR5950400	636.9334585431913
RPS15A	SRR5950401	637.0280072931258
RPS15A	SRR5950402	637.0280072931258
RPS15A	SRR5950403	636.9789839126305
RPS15A	SRR5950404	636.9915257512174
RPS15A	SRR5950405	636.1212157366083
RPS15A	SRR5950406	636.7568607561402
RPS15A	SRR5950407	636.9899508246181
RPS15A	SRR5950408	636.8015165230948
RPS15A	SRR5950409	636.854329356001
RPS15A	SRR5950410	637.0446069058835
RPS15A	SRR5950411	637.0049142664323
RPS15A	SRR5950412	637.0280072931258
RPS15A	SRR5950413	636.748604501009
RPS15A	SRR5950414	636.9899508246181
RPS15A	SRR5950415	636.8863681045767
RPS15A	SRR5950416	636.9145881940502
RPS15A	SRR5950417	636.9334585431913
RPS15A	SRR5950418	636.8512915356248
RPS15A	SRR5950419	637.0280072931258
RPS15A	SRR5950420	636.9631584710106
RPS15A	SRR5950421	636.8568690659531
RPS15A	SRR5950422	636.8067967662801
RPS15A	SRR5950423	636.9654514134758
RPS15A	SRR5950424	637.0049142664323
RPS15A	SRR5950425	637.0280072931258
RPS15A	SRR5950426	636.8816634516229
RPS15A	SRR5950427	637.0049142664323
RPS15A	SRR5950428	636.9654514134758
RPS15A	SRR5950429	637.0280072931258
RPS15A	SRR5950430	636.9490234498473
RPS15A	SRR5950431	636.9490234498473
RPS15A	SRR5950432	636.9915257512174
RPS15A	SRR5950433	636.9899508246181
RPS15A	SRR5950434	636.8568690659531
RPS15A	SRR5950435	636.9654514134758
RPS15A	SRR5950436	637.0280072931258
RPS15A	SRR5950437	636.9490234498473
RPS15A	SRR5950438	637.0049142664323
RPS15A	SRR5950439	637.0312287343974
RPS15A	SRR5950440	634.5324392101954
RPS15A	SRR5950441	636.8067967662801
RPS15A	SRR5950442	636.9789839126305
RPS15A	SRR5950443	636.9114627446762
RPS15A	SRR5950444	636.9899508246181
RPS15A	SRR5950445	636.9915257512174
RPS15A	SRR5950446	636.906999260601
RPS15A	SRR5950447	636.7818512835729
RPS15A	SRR5950448	636.9899508246181
RPS15A	SRR5950449	636.9915257512174
RPS15A	SRR5950450	637.0280072931258
RPS15A	SRR5950451	637.0446069058835
RPS15A	SRR5950452	636.8132093961194
RPS15A	SRR5950453	637.0049142664323
RPS15A	SRR5950454	636.8132093961194
RPS15A	SRR5950455	637.0049142664323
RPS15A	SRR5950456	636.9654514134758
RPS15A	SRR5950457	636.9114627446762
RPS15A	SRR5950458	637.0446069058835
RPS15A	SRR5950459	636.9631584710106
RPS15A	SRR5950460	636.9631584710106
RPS15A	SRR5950461	636.9789839126305
RPS15A	SRR5950462	636.6917076579375
RPS15A	SRR5950463	636.8863681045767
RPS15A	SRR5950464	636.8317565627943
RPS15A	SRR5950465	634.3071284518865
RPS15A	SRR5950466	636.9899508246181
RPS15A	SRR5950467	636.9631584710106
RPS15A	SRR5950468	636.9899508246181
RPS15A	SRR5950469	636.9003142916878
RPS15A	SRR5950470	637.0280072931258
RPS15A	SRR5963912	637.0446069058835
RPS15A	SRR5963913	636.8354360292694
RPS15A	SRR5963914	637.0446069058835
RPS15A	SRR5963915	636.8568690659531
RPS15A	SRR5963916	636.7743279446861
RPS15A	SRR5963917	636.9334585431913
RPS15A	SRR5963918	636.9490234498473
RPS15A	SRR5963919	636.9915257512174
RPS15A	SRR5963920	636.9654514134758
RPS15A	SRR5963921	637.0049142664323
RPS15A	SRR5963922	636.9145881940502
RPS15A	SRR5963923	636.9490234498473
RPS15A	SRR5963924	636.9915257512174
RPS15A	SRR5963925	636.8354360292694
RPS15A	SRR5963926	636.8317565627943
RPS15A	SRR5963927	637.0312287343974
RPS15A	SRR5963928	636.8132093961194
RPS15A	SRR5963929	636.9899508246181
RPS15A	SRR5963930	636.7281474546992
RPS15A	SRR5963931	637.0446069058835
RPS15A	SRR5963932	636.9654514134758
RPS15A	SRR5963933	636.9114627446762
RPS15A	SRR5963934	636.7818512835729
RPS15A	SRR5963935	637.0446069058835
RPS15A	SRR5963936	636.8512915356248
RPS15A	SRR5963937	636.6885573934273
RPS15A	SRR5963938	636.9899508246181
RPS15A	SRR5963939	636.9915257512174
RPS15A	SRR5963940	637.0280072931258
RPS15A	SRR5963941	637.0446069058835
RPS15A	SRR5963942	637.0446069058835
RPS15A	SRR5963943	637.0049142664323
RPS15A	SRR5963944	637.0446069058835
RPS15A	SRR5963945	637.0312287343974
RPS15A	SRR5963946	636.9899508246181
RPS15A	SRR5963947	636.9899508246181
RPS15A	SRR5963948	636.9899508246181
RPS15A	SRR6467548	154.5003368991824
RPS15A	SRR6467549	246.02528165462766
RPS15A	SRR6467550	816.6509932146496
RPS15A	SRR6467551	80.29961470601775
RPS15A	SRR6467552	550.9553475490184
RPS15A	SRR6467553	105.2556108476157
RPS15A	SRR6467554	86.91670287785888
RPS15A	SRR6467555	450.4003319476021
RPS15A	SRR6467556	478.5946150351654
RPS15A	SRR6467557	471.32149577879966
RPS15A	SRR6467558	346.873704504712
RPS15A	SRR6467559	649.4093723646513
RPS15A	SRR6467560	295.9929617094734
RPS15A	SRR6467561	428.1667234526806
RPS15A	SRR6467562	523.9799568561086
RPS15A	SRR6467563	521.2099388613806
RPS15A	SRR6467564	479.48003655624495
RPS15A	SRR6467565	1006.6704258029685
RPS15A	SRR6467566	52.4040211366853
RPS15A	SRR6467567	384.20769028228597
RPS15A	SRR6467568	85.34866574271368
RPS15A	SRR6467569	1.0146397099735318
RPS15A	SRR6467570	761.8630224020915
RPS15A	SRR6467571	588.4232724834052
RPS15A	SRR6467572	1015.2077974684237
RPS15A	SRR6467573	158.06733066896751
RPS15A	SRR6467574	1005
RPS15A	SRR6467575	659.0512909686975
RPS15A	SRR6467576	825.8426163262798
RPS15A	SRR6467577	886.2745951515299
RPS15A	SRR6467578	502.9171524286279
RPS15A	SRR6467579	357.74667626709675
RPS15A	SRR6467580	1452.0936382288146
RPS15A	SRR6467581	923.0020996861898
RPS15A	SRR6467582	491.3230183407864
RPS15A	SRR6467583	835
RPS15A	SRR6467584	500.81187852228817
RPS15A	SRR6467585	393.47991585515325
RPS15A	SRR6467586	707.5907590875477
RPS15A	SRR6467587	768.1657783362052
RPS15A	SRR6467588	2154.3176638207538
RPS15A	SRR6467589	901
RPS15A	SRR6467590	290.80139188836984
RPS15A	SRR6467591	320.3347138318871
RPS15A	SRR6467592	153.18249002591196
RPS15A	SRR6467593	190.86227459867376
RPS15A	SRR6467594	642.7673092415065
RPS15A	SRR6467595	699.5298373989414
RPS15A	SRR6467596	844
RPS15A	SRR6467597	627.7187595167686
RPS15A	SRR6467598	1205.4877558260484
RPS15A	SRR6467599	313.1671117960938
RPS15A	SRR6467600	110.53004257356204
RPS15A	SRR6467601	757.2008494894211
RPS15A	SRR6467602	749.8511960408399
RPS15A	SRR6467603	1614
RPS15A	SRR6467604	1097.617636118474
RPS15A	SRR6467605	234.83629531376397
RPS15A	SRR6467606	1206
RPS15A	SRR6467607	1250
RPS15A	SRR6467608	1000.6219969794226
RPS15A	SRR6467609	459.08258063204903
RPS15A	SRR6467610	1.0099816979843277
RPS15A	SRR6467611	1484.060118379024
RPS15A	SRR6467612	755.3588682387025
RPS15A	SRR6467613	755
RPS15A	SRR6467614	869
RPS15A	SRR6467615	136.71500503817558
RPS15A	SRR6467616	1.0098927550157835
RPS15A	SRR6467617	541.5878489055578
RPS15A	SRR6467618	652
RPS15A	SRR6467619	852.2805829835113
RPS15A	SRR6467620	269.6973837265493
RPS15A	SRR6467621	470.390166740674
RPS15A	SRR6467622	364.4068523198459
RPS15A	SRR6467623	1101.3185409798066
RPS15A	SRR6467624	3406.612787870935
RPS15A	SRR6467625	1590
RPS15A	SRR6467626	2284
RPS15A	SRR6467627	276.7574668297493
RPS15A	SRR6467628	678
RPS15A	SRR6467629	987.2186833754223
RPS15A	SRR6467630	179.12885335804341
RPS15A	SRR6467631	583.5246387294784
RPS15A	SRR6467632	323.3039653231944
RPS15A	SRR6467633	680
RPS15A	SRR6467634	872.4727761825553
RPS15A	SRR6467635	588.0137426214416
RPS15A	SRR6467636	331.30655563773706
RPS15A	SRR6467637	595
RPS15A	SRR6467638	1117
RPS15A	SRR6467639	272.86183460675693
RPS15A	SRR6467640	2367.509925820876
RPS15A	SRR6467641	263.4228063597522
RPS15A	SRR6467642	1028.552175960112
RPS15A	SRR6467643	1.0125130005061824
RPS15A	SRR6467644	1314
RPS15A	SRR6467645	1163.7281751702972
RPS15A	SRR6467646	594
RPS15A	SRR6467647	1005.2054294627443
RPS15A	SRR6467648	344.98035645801673
RPS15A	SRR6467649	333.7569891180672
RPS15A	SRR6467650	229.24784451514253
RPS15A	SRR6467651	1463.2503194308795
RPS15A	SRR6467652	562.1011117978466
RPS15A	SRR6467653	282.77828866899074
RPS15A	SRR6467654	394.4701119739259
RPS15A	SRR6467655	1005
RPS15A	SRR6467656	695.244255457049
RPS15A	SRR6467657	546
RPS15A	SRR6467658	892
RPS15A	SRR6467659	709.3011433012483
RPS15A	SRR6467660	1021.9453207345636
RPS15A	SRR6467661	527.9167834038167
RPS15A	SRR6467662	604.7729453448296
RPS15A	SRR6467663	1016.82991308367
RPS15A	SRR6467664	516.2103233645032
RPS15A	SRR6467665	396
RPS15A	SRR6467666	408
RPS15A	SRR6467667	564.4867368085258
RPS15A	SRR6467668	600.6035132970471
RPS15A	SRR6467669	736
RPS15A	SRR6467670	825
RPS15A	SRR6467671	923.8539868747606
RPS15A	SRR6467672	15.132747711876593
RPS15A	SRR6467673	111.05490226572905
RPS15A	SRR6467674	284.7701842368362
RPS15A	SRR6467675	296.5407356540607
RPS15A	SRR6467676	404.7813210094377
RPS15A	SRR6467677	827
RPS15A	SRR6467678	1010
RPS15A	SRR6467679	685
RPS15A	SRR6467680	614.5234405157403
RPS15A	SRR6467681	1207
RPS15A	SRR6467682	257.5321712655829
RPS15A	SRR6467683	1411.629910848932
RPS15A	SRR6467684	1371.5465462376187
RPS15A	SRR6467685	1.014095870178947
RPS15A	SRR6467686	486.6999471679588
RPS15A	SRR6467687	851.3996497020622
RPS15A	SRR6467688	924
RPS15A	SRR6467689	336.29766869418614
RPS15A	SRR6467690	211.1481607804326
RPS15A	SRR6467691	645.5618661638771
RPS15A	SRR6467692	573.5759960786029
RPS15A	SRR6467693	536.0634820105118
RPS15A	SRR6467694	369.7784490727572
RPS15A	SRR6467695	2821.8343090298576
RPS15A	SRR6467696	561.7666571927729
RPS15A	SRR6467697	432
RPS15A	SRR6467698	730.41849139665635
RPS15A	SRR6467699	818
RPS15A	SRR6467700	709.2071645794643
RPS15A	SRR6467701	835
RPS15A	SRR6467702	1.014337303678091
RPS15A	SRR6467703	17.209695093199898
RPS15A	SRR6467704	425.1833167134873
RPS15A	SRR6467705	357.31834555001836
RPS15A	SRR6467706	1125.4099160762078
RPS15A	SRR6467707	749
RPS15A	SRR6467708	327.5643377562109
RPS15A	SRR6467709	620
RPS15A	SRR6467710	459.4130517612875
RPS15A	SRR6467711	681.9298723571899
RPS15A	SRR6467712	65.7310759228272
RPS15A	SRR6467713	1028.4488217071598
RPS15A	SRR6467714	1320.840496859956
RPS15A	SRR6467715	1212
RPS15A	SRR6467716	609
RPS15A	SRR6467717	113.37545100489872
RPS15A	SRR6467718	1.0154091421713183
RPS15A	SRR6467719	481.73013187187286
RPS15A	SRR6467720	568
RPS15A	SRR6467721	708.1456184571907
RPS15A	SRR6467722	1172.154413394732
RPS15A	SRR6467723	735
RPS15A	SRR6467724	4160
RPS15A	SRR6467725	615
RPS15A	SRR6467726	594.1513090471295
RPS15A	SRR6467727	728.6647469392235
RPS15A	SRR6467728	924
RPS15A	SRR6467729	132.90952287644527
RPS15A	SRR6467730	473.0036502502031
RPS15A	SRR6467731	1.00988118368961
RPS15A	SRR6467732	1309.876043614578
RPS15A	SRR6467733	638.099336852313
RPS15A	SRR6467734	874.841184376107
RPS15A	SRR6467735	263.1572131693523
RPS15A	SRR6467736	1.0062021778341892
RPS15A	SRR6467737	481.9728131447875
RPS15A	SRR6467738	844.3037225415479
RPS15A	SRR6467739	395
RPS15A	SRR6467740	490.60738780846526
RPS15A	SRR6467741	443.90321871892195
RPS15A	SRR6467742	539
RPS15A	SRR6467743	848
RPS15A	SRR6467744	510
RPS15A	SRR6467745	884.3181169747967
RPS15A	SRR6467746	92.72986278598977
RPS15A	SRR6467747	1069.773990239633
RPS15A	SRR6467748	1377.6342787978717
RPS15A	SRR6467749	334
RPS15A	SRR6467750	643.5228578215617
RPS15A	SRR6467751	1.0151179163865762
RPS15A	SRR6467752	146.19110538535148
RPS15A	SRR6467753	1041.685053495376
RPS15A	SRR6467754	657.9169903897368
RPS15A	SRR6467755	1023.0009555404525
RPS15A	SRR6467756	575.7245457544245
RPS15A	SRR6467757	493
RPS15A	SRR6467758	714
RPS15A	SRR6467759	97.54934915578822
RPS15A	SRR6467760	3470.636696611204
RPS15A	SRR6467761	921.3652062335593
RPS15A	SRR6467762	439.18741929443496
RPS15A	SRR6467763	416.34332389962606
RPS15A	SRR6467764	1166.268168441064
RPS15A	SRR6467765	437.54332577370525
RPS15A	SRR6467766	2.029667057183248
RPS15A	SRR6467767	729.9345858114579
RPS15A	SRR6467768	86.06051363660936
RPS15A	SRR6467769	1.0179804857499088
RPS15A	SRR6467770	729
RPS15A	SRR6467771	722.2832380419143
RPS15A	SRR6467772	670.7372145100657
RPS15A	SRR6467773	507.9841930711462
RPS15A	SRR6868540	1006.7148603628909
RPS15A	SRR6868541	1061.7265274014012
RPS15A	SRR6868542	648.705978569774
RPS15A	SRR6868543	823.4052760995245
RPS15A	SRR6868544	4827.604701399019
RPS15A	SRR6868545	1429.7815566940985
RPS15A	SRR6868546	1124.610543676163
RPS15A	SRR6868557	638.7941065089
RPS15A	SRR6868558	842.6120669206355
RPS15A	SRR6868559	763.2627088104323
RPS15A	SRR6868560	1168.556503050079
RPS15A	SRR6868569	277.16477969169665
RPS15A	SRR6868570	953.3578468799706
RPS15A	SRR6868571	626.8464544114481
RPS15A	SRR6868572	539.316159947293
RPS15A	SRR6868573	702.8661739748464
RPS15A	SRR6868574	1125.6185542448736
RPS15A	SRR6868575	720.2498811916201
RPS15A	SRR6868576	821.9449896833125
RPS15A	SRR6868577	732.2486480312853
RPS15A	SRR6868578	571.7698848979488
RPS15A	SRR6868579	361.24820029584
RPS15A	SRR6868580	545.8196724302907
RPS15A	SRR6868581	455.04932220570686
RPS15A	SRR6868582	419.3732211846714
RPS15A	SRR6868585	531.6437422071027
RPS15A	SRR6868586	462.04834179991644
RPS15A	SRR6868587	601.054819745418
RPS15A	SRR6868588	1615.5426677178532
RPS15A	SRR6868589	996.8800267300788
RPS15A	SRR6868590	426.3641990117528
RPS15A	SRR6868591	1111.3991909441345
RPS15A	SRR6868604	220.56062950968064
RPS15A	SRR6868605	308.59730152474157
RPS15A	SRR6868606	553.8437471492733
RPS15A	SRR6868607	353.85119646605546
RPS15A	SRR6868608	264.3118814265841
RPS15A	SRR6868609	573.2611474971025
RPS15A	SRR6868610	409.49916283836325
RPS15A	SRR6868620	659.4317187149492
RPS15A	SRR6868621	1504.4671836638543
RPS15A	SRR6868622	832.7029252485235
RPS15A	SRR6868623	241.59163581524066
RPS15A	SRR6868636	421.78515761347387
RPS15A	SRR6868637	481.24677000140815
RPS15A	SRR6868638	348.44499703646574
RPS15A	SRR6868639	860.2204987840065
RPS15A	SRR6868650	854.741784976296
RPS15A	SRR6868651	1521.0713116596346
RPS15A	SRR6868652	243.24794047949817
RPS15A	SRR6868653	559.4061515229105
RPS15A	SRR6868654	610.0869145474377
RPS15A	SRR6868655	314.7708514021224
RPS15A	SRR6868665	400.7150421455434
RPS15A	SRR6868666	387.94087305592313
RPS15A	SRR6868667	495.6557192982178
RPS15A	SRR6868668	899.678392854536
RPS15A	SRR6868669	1057.0162690617576
RPS15A	SRR6868670	286.0834720969007
RPS15A	SRR6868671	393.6767161333053
RPS15A	SRR6868683	669.4739385974277
RPS15A	SRR6868684	984.2908832918538
RPS15A	SRR6868685	1169.7996015870508
RPS15A	SRR6868686	640.5455187195223
RPS15A	SRR6868687	478.0926919954389
RPS15A	SRR6868688	394.5171431240138
RPS15A	SRR6868689	945.863783416733
RPS15A	SRR6868698	1326.9508046789986
RPS15A	SRR6868699	1588.1302406134782
RPS15A	SRR6868700	941.9743038644247
RPS15A	SRR6868701	1011.6196291918782
RPS15A	SRR6868702	981.4875451853605
RPS15A	SRR6868713	819.4983663429907
RPS15A	SRR6868714	626.4976770503351
RPS15A	SRR6868715	1129.341325189155
RPS15A	SRR6868716	1239.2710896492038
RPS15A	SRR6868717	695.0871019403567
RPS15A	SRR6868718	1116.3372572430703
RPS15A	SRR6868719	1792.9005050047685
RPS15A	SRR6868720	2802.1267469415725
RPS15A	SRR6868721	1226.70533655112
RPS15A	SRR6868722	909.1088102566129
RPS15A	SRR6868723	758.6225868048462
RPS15A	SRR6868724	563.437343989341
RPS15A	SRR6868725	1577.5619466913895
RPS15A	SRR6868726	1173.824635082764
RPS15A	SRR6868741	2106.193777201784
RPS15A	SRR7632756	749.1357742817432
RPS15A	SRR7632757	1.0277332860513113
RPS15A	SRR7632758	1018.7178835235571
RPS15A	SRR7632759	424.2672838445355
RPS15A	SRR7632760	713.1665637461795
RPS15A	SRR7632761	731.1913362844477
RPS15A	SRR7632762	1863.4200319886281
RPS15A	SRR7632763	543.7640929735154
RPS15A	SRR7632764	1151.057836857916
RPS15A	SRR7632765	563.4765153331017
RPS15A	SRR7632766	780.5534861103839
RPS15A	SRR7632767	961.2747985216164
RPS15A	SRR7632768	2151.270355625765
RPS15A	SRR7632769	713.0913703106773
RPS15A	SRR7632770	735.0354769094145
RPS15A	SRR7632771	1025.9548134634508
RPS15A	SRR7632772	408.6849795944034
RPS15A	SRR7632773	859.6415099801395
RPS15A	SRR7632774	538.395676361867
RPS15A	SRR7632775	421.25687825104285
RPS15A	SRR7632776	188.8957348490652
RPS15A	SRR7632777	250.89461155382514
RPS15A	SRR7632778	822.4209002802343
RPS15A	SRR7632779	587.9648148661927
RPS15A	SRR7632780	556.0460592114132
RPS15A	SRR7632781	765.2878081604957
RPS15A	SRR7632782	1660.4034788376255
RPS15A	SRR7632783	707.1520177733005
RPS15A	SRR7632784	365.14972046010604
RPS15A	SRR7632785	585.1701054603612
RPS15A	SRR7632786	15.621099024640909
RPS15A	SRR7632787	1261.919885584362
RPS15A	SRR7632788	1937.3812894742384
RPS15A	SRR7632789	432.7105222929027
RPS15A	SRR7632790	575.5996037999415
RPS15A	SRR7632791	1.0447424486975612
RPS15A	SRR7632792	2173.7477380287396
RPS15A	SRR7632793	533.380171556248
RPS15A	SRR7632794	362.50119742153043
RPS15A	SRR7632795	1774.707871327818
RPS15A	SRR7632796	404.8393237032002
RPS15A	SRR7632797	1.1507956722511705
RPS15A	SRR7632798	433.4691949253845
RPS15A	SRR7632799	1371.9738729185763
RPS15A	SRR7632800	520.680488598776
RPS15A	SRR7632801	1398.3186149324408
RPS15A	SRR7632802	1074.3253608437901
RPS15A	SRR7632803	194.55921107728784
RPS15A	SRR7632804	1.0404738790189818
RPS15A	SRR7632805	928.8646841274107
RPS15A	SRR7632806	1941.9174962318093
RPS15A	SRR7632807	363.13821738058306
RPS15A	SRR7632808	1217.9306367925608
RPS15A	SRR7632809	1.0487771640238053
RPS15A	SRR7632810	424.7651024614184
RPS15A	SRR7632811	811.486376276694
RPS15A	SRR7632812	530.7856317914083
RPS15A	SRR7632813	865.3399947165723
RPS15A	SRR7632814	1629.7817455988575
RPS15A	SRR7632815	1422.1053613546285
RPS15A	SRR7632816	1.07528181517056
RPS15A	SRR7632817	163.52902568487917
RPS15A	SRR7632818	1648.897697048771
RPS15A	SRR7632819	1342.2763951094425
RPS15A	SRR7632820	373.5542411364275
RPS15A	SRR7632821	1566.6991567300117
RPS15A	SRR7632822	647.0408435769853
RPS15A	SRR7632823	1843.7595569621337
RPS15A	SRR7632824	1273.8003033067034
RPS15A	SRR7632825	868.4314148486509
RPS15A	SRR7632826	2019.301883980142
RPS15A	SRR7632827	301.67173845340704
RPS15A	SRR7632828	20.519939635088893
RPS15A	SRR7632829	504.20255166739804
RPS15A	SRR7632830	445.5899555872171
RPS15A	SRR7632831	697.4115967061605
RPS15A	SRR7632832	576.2676768675758
RPS15A	SRR7632833	708.8707627637746
RPS15A	SRR7632834	555.7623945054897
RPS15A	SRR7632835	341.8522845352276
RPS15A	SRR7632836	253.73426413218291
RPS15A	SRR7632837	1425.1332220810834
RPS15A	SRR7632838	340.3517733983577
RPS15A	SRR7632839	1244.130040153333
RPS15A	SRR7632840	478.18603211796716
RPS15A	SRR7632841	1.1192560986710782
RPS15A	SRR7632842	697.2958475517614
RPS15A	SRR7632843	1236.7183433259474
RPS15A	SRR7632844	203.76775452730993
RPS15A	SRR7632845	430.1423694691491
RPS15A	SRR7632846	1.0494904998299905
RPS15A	SRR7632847	270.2111948953635
RPS15A	SRR7632848	791.1581136372171
RPS15A	SRR7632849	429.83848110395644
RPS15A	SRR7632850	599.628301349875
RPS15A	SRR7632851	1701.0283387704594
RPS15A	SRR7632852	1037.305442437537
RPS15A	SRR7632853	1285.4942900538902
RPS15A	SRR7632854	976.4051713542124
RPS15A	SRR7632855	1728
RPS15A	SRR7632856	811.225888505529
RPS15A	SRR7632857	589.3934735075233
RPS15A	SRR7632858	1205.1775398820096
RPS15A	SRR7632859	422.0902315771805
RPS15A	SRR7632860	1785.0877285899937
RPS15A	SRR7632861	560.9313563870231
RPS15A	SRR7632862	151.13047634885928
RPS15A	SRR7632863	1.127463190129664
RPS15A	SRR7632864	1.1215525506364097
RPS15A	SRR7632865	1299.8996386276672
RPS15A	SRR7632866	653.6812056831169
RPS15A	SRR7632867	562.7317670325516
RPS15A	SRR7632868	251.27903596861495
RPS15A	SRR7632869	1812.2363594376325
RPS15A	SRR7632870	498.8880411224087
RPS15A	SRR7632871	2210.2312945233293
RPS15A	SRR7632872	571.8457057865957
RPS15A	SRR7632873	999.1865826457804
RPS15A	SRR7632874	956.5356379736717
RPS15A	SRR7632875	700.1540581119222
RPS15A	SRR7632876	703.8340007657648
RPS15A	SRR7632877	2035.3497884789108
RPS15A	SRR7632878	566.2324424480651
RPS15A	SRR7632879	1106.502298799565
RPS15A	SRR7632880	2563.1866322166243
RPS15A	SRR7632881	461.2591551239513
RPS15A	SRR7632882	693.167277631043
RPS15A	SRR7632883	1920.215681675381
RPS15A	SRR7632884	343.1905275362937
RPS15A	SRR7632885	930.6028744955183
RPS15A	SRR7632886	1826.143100640404
RPS15A	SRR7632887	1054.5521419420832
RPS15A	SRR7632888	180.60796712838504
RPS15A	SRR7632889	1738.488987952135
RPS15A	SRR7632890	1.1020636592092161
RPS15A	SRR7632891	270.13930143676447
RPS15A	SRR7632892	950.5111306509641
RPS15A	SRR7632893	490.00034552809944
RPS15A	SRR7632894	225.11737855048966
RPS15A	SRR7632895	386.4280328790484
RPS15A	SRR7632896	448.94257179204374
RPS15A	SRR7632897	1394.674247162511
RPS15A	SRR7632898	720.6829077767792
RPS15A	SRR7632899	354.44706398421783
RPS15A	SRR7632900	513.3990548258136
RPS15A	SRR7632901	530.3522287669853
RPS15A	SRR7632902	455.0986634385048
RPS15A	SRR7632903	627.7493333755365
RPS15A	SRR7632904	332.6277757207237
RPS15A	SRR7632905	1.0931759253599354
RPS15A	SRR7632906	1043.948155151254
RPS15A	SRR7632907	1401.8174591146626
RPS15A	SRR7632908	995.9749797182739
RPS15A	SRR7632909	2991.298119284492
RPS15A	SRR7632910	290.6421643468925
RPS15A	SRR7632911	230.9604102137878
RPS15A	SRR7632912	1046.1017415329104
RPS15A	SRR7632913	215.97937844104058
RPS15A	SRR7632914	1.0311722723635215
RPS15A	SRR7632915	9.40460983152536
RPS15A	SRR7632916	241.71263329248484
RPS15A	SRR7632917	1.0523945550985883
RPS15A	SRR7632918	1.0258468542129664
RPS15A	SRR7632919	630.4588542870582
RPS15A	SRR7632920	313.59076465730794
RPS15A	SRR7632921	629.5619017134449
RPS15A	SRR7632922	1549.3619839427859
RPS15A	SRR7632923	397.1166922335036
RPS15A	SRR7632924	9.265461685515422
RPS15A	SRR7632925	1038.192445778601
RPS15A	SRR7632926	171.107822531969
RPS15A	SRR7632927	23.47193318729959
RPS15A	SRR7632928	676.2274027909473
RPS15A	SRR7632929	1.0407855332953868
RPS15A	SRR7632930	1231.1068707328618
RPS15A	SRR7632931	948.6824189018165
RPS15A	SRR7632932	466.6901464630987
RPS15A	SRR7632933	378.8940361370832
RPS15A	SRR7632934	925.0416169241009
RPS15A	SRR7632935	387.88294660799073
RPS15A	SRR7632936	82.70525397448928
RPS15A	SRR7632937	365.21294682966834
RPS15A	SRR7632938	130.38787118376985
RPS15A	SRR7632939	23.64638647954884
RPS15A	SRR7632940	615.0029815559817
RPS15A	SRR7632941	762.0203993787218
RPS15A	SRR7632942	63.186684856389775
RPS15A	SRR7632943	2281
RPS15A	SRR7632944	71.28691926713005
RPS15A	SRR7632945	2081
RPS15A	SRR8928966	830.3263508604845
RPS15A	SRR8928967	486.33973700613296
RPS15A	SRR8928968	620.1399573975661
RPS15A	SRR8928969	615.1336129303088
RPS15A	SRR8928970	1180.4317013781683
RPS15A	SRR8928971	731.672670992402
RPS15A	SRR8928972	196.24976653703368
RPS15A	SRR8928973	1062.3526812203959
RPS15A	SRR8928974	1689.3171699443553
RPS15A	SRR8928975	2597.2644847229367
RPS15A	SRR8928976	1460.7513671080999
RPS15A	SRR8928977	824.995650200436
RPS15A	SRR8928978	1897.2094378998315
RPS15A	SRR8928979	1116.590440318582
RPS15A	SRR8928980	1129.8135909257467
RPS15A	SRR8928981	1162.5825561886877
RPS15A	SRR8928982	710.0672305717011
RPS15A	SRR8928983	1022.0204545610093
RPS15A	SRR8928984	597.3584172898918
RPS15A	SRR8928985	1973.0893523929399
RPS15A	SRR8928986	412.7247593321526
RPS15A	SRR8928987	438
RPS15A	SRR8928988	1943
RPS15A	SRR8928989	1141.232054612134
RPS15A	SRR8928990	529.5608339329239
RPS15A	SRR8928991	431.636887350152
RPS15A	SRR9835604	733.4359117624919
RPS15A	SRR9835605	739.1330223207518
RPS15A	SRR9835606	780.7181573239634
RPS15A	SRR9835607	1714.713287492225
RPS15A	SRR9835608	368.4395854388239
RPS15A	SRR9835609	1108
RPS15A	SRR9835610	1305.09010836617
RPS15A	SRR9835611	1340.4870581808427
RPS15A	SRR9835612	794.1706941120908
RPS15A	SRR9835613	718.2636060609357
RPS15A	SRR9835614	715.2044293039519
RPS15A	SRR9835615	1180.0420776167505
RPS15A	SRR9835616	723.384965418014
RPS15A	SRR9835617	707.148453037542
RPS15A	SRR9835618	853.5828442571353
RPS15A	SRR9835619	1659
RPS15A	SRR9835620	1827.912702265684
RPS15A	SRR9835621	2533.7753352873974
RPS15A	SRR9835622	1125.1111772159097
RPS15A	SRR9835623	939.16893946295
RPS15A	SRR9835624	366.9739275336263
RPS15A	SRR9835625	1845.8496140480793
RPS15A	SRR9835626	1128.643104628877
RPS15A	SRR9835627	1320.749724178454
RPS15A	SRR9835628	628.521067697192
RPS15A	SRR9835629	602.1009976162256
RPS15A	SRR9835630	934.3292460009587
RPS15A	SRR9835631	244.26479137653823
RPS15A	SRR9835632	1040.4303850976264
RPS15A	SRR9835633	740.5644688514348
RPS15A	SRR9835634	1705.828481701
RPS15A	SRR9835635	366.5910700707294
RPS15A	SRR9835636	602.2336821277387
RPS15A	SRR9835637	1061.7791845782453
RPS15A	SRR9835638	517.0733052562473
RPS15A	SRR9835639	1669.481294108178
RPS15A	SRR9835640	1785.3740840145838
RPS15A	SRR9835641	657.5684712679857
RPS15A	SRR9835642	716.207874078925
RPS15A	SRR9835643	877.3664276170252
RPS15A	SRR9835644	1031.3897440243152
RPS15A	SRR9835645	209.01964235625422
RPS15A	SRR9835646	1009.4602413506889
RPS15A	SRR9835647	1139.763030492689
RPS15A	SRR9835648	226.6633193343468
RPS15A	SRR9835649	845.9938655995937
RPS15A	SRR9835650	850.2551389414591
RPS15A	SRR9835651	1162.8364670505389
RPS15A	SRR9835652	541.5383488879703
RPS15A	SRR9835653	977.7210702727596
RPS15A	SRR9835654	507.1082252974348
RPS15A	SRR9835655	1092.6192617283887
RPS15A	SRR9835656	779.0995432583107
RPS15A	SRR9835657	765.3996603674449
RPS15A	SRR9835658	1206.4218074741618
RPS15A	SRR9835659	574.4525801381393
RPS15A	SRR9835660	511.88428664803286
RPS15A	SRR9835661	888.5881772409778
RPS15A	SRR9835662	437.31714123553536
RPS15A	SRR9835663	705.0323862085467
RPS15A	SRR9835664	926.5963682706271
RPS15A	SRR9835665	1126.702077837609
RPS15A	SRR9835666	1421
RPS15A	SRR9835667	767.4247151036697
RPS15A	SRR9835668	1865
RPS15A	SRR9835669	2670.2094801158555
RPS15A	SRR9835670	457.2890542721303
RPS15A	SRR9835671	333.4737715596788
RPS15A	SRR9835672	999.7802517615632
RPS15A	SRR9835673	655.6288782084482
RPS15A	SRR9835674	5123.7645196483
RPS15A	SRR9835675	703.7785523910421
RPS15A	SRR9835676	455.2582943043016
RPS15A	SRR9835677	1063.8200334277417
RPS15A	SRR9835678	1147.9497317520018
RPS15A	SRR9835679	3135.7702813452047
RPS15A	SRR9835680	1024.5185067839673
RPS15A	SRR9835681	815.4791464849388
RPS15A	SRR9835682	572.7808900211952
RPS15A	SRR9835683	1148.2388733122232
RPS15A	SRR9835684	1875.275671673921
RPS15A	SRR9835685	761.8848953659777
RPS15A	SRR9835686	742.9200996421811
RPS15A	SRR9835687	1176.506263308782
RPS15A	SRR9835688	2309
RPS15A	SRR9835689	2334.1213839634215
RPS15A	SRR9835690	947.9028487296985
RPS15A	SRR9835691	550.9243042494026
RPS15A	SRR9835692	427.72181474041724
RPS15A	SRR9835693	1002.0769608842232
RPS15A	SRR9835694	484.00133149476744
RPS15A	SRR9835695	1041.4192852267067
RPS15A	SRR9835696	950.302078011219
RPS15A	SRR9835697	485.49404358494564
RPS15A	SRR9835698	1104.1087673205916
RPS15A	SRR9835699	852.3789551726582
RPS15A	SRR9835700	820.8563249246773
RPS15A	SRR9835701	1013.862102305404
RPS15A	SRR9835702	1579
RPS15A	SRR9835703	908.980613704056
RPS15A	SRR9835704	462.1460345346419
RPS15A	SRR9835705	1009.0162716495605
RPS15A	SRR9835706	1.0792635155154793
RPS15A	SRR9835707	706.7840650303771
RPS15A	SRR9835708	1138.2088616862416
RPS15A	SRR9835709	937.4358341675065
RPS15A	SRR9835710	523.5148476013082
RPS15A	SRR9835711	1101.487576409394
RPS15A	SRR9835712	745.8761797280877
RPS15A	SRR9835713	1324.519769364311
RPS15A	SRR9835714	820.2658555951701
RPS15A	SRR9835715	1514.7793823931936
RPS15A	SRR9835716	602.7958227128631
RPS15A	SRR9835717	866.9847618456225
RPS15A	SRR9835718	655.0746423388767
RPS15A	SRR9835719	703.1617066540246
RPS15A	SRR9835720	371.3244933717454
RPS15A	SRR9835721	806.1355853280505
RPS15A	SRR9835722	186.2249866213947
RPS15A	SRR9835723	1040
RPS15A	SRR9835724	1125.8906842142476
RPS15A	SRR9835725	198.37730296830387
RPS15A	SRR9835726	1563.1244075154402
RPS15A	SRR9835727	860.9077315657893
RPS15A	SRR9835728	977.4991275884289
RPS15A	SRR9835729	807.610947779818
RPS15A	SRR9835730	926.6477141804926
RPS15A	SRR9835731	1589.3246028788435
RPS15A	SRR9835732	797.7553524286822
RPS15A	SRR9835733	607.7270858533853
RPS15A	SRR9835734	1002.6272514823874
RPS15A	SRR9835735	1455.660768918708
RPS15A	SRR9835736	361.3770317468481
RPS15A	SRR9835737	935.0237816114766
RPS15A	SRR9835738	1094.9680553850658
RPS15A	SRR9835739	106.87224961326524
RPS15A	SRR9835740	1355.792060830121
RPS15A	SRR9835741	518.7569920269838
RPS15A	SRR9835742	333.1876289126614
RPS15A	SRR9835743	59.999771965767515
RPS15A	SRR9835744	606.5369451149988
RPS15A	SRR9835745	519.5118890305292
RPS15A	SRR9835746	2041.4376738570652
RPS15A	SRR9835747	487.6164248792088
RPS15A	SRR9835748	268.02171911884426
RPS15A	SRR9835749	1573
RPS15A	SRR9835750	1231.2783606615521
RPS15A	SRR9835751	898.3946919414916
RPS15A	SRR9835752	54.130492025335236
RPS15A	SRR9835753	609.6267486450959
RPS15A	SRR9835754	1369.8679374223727
RPS15A	SRR9835755	397.88386662335654
RPS15A	SRR9835756	386.30064482618263
RPS15A	SRR9835757	869.5111429273296
RPS15A	SRR9835758	462.690416864075
RPS15A	SRR9835759	632.1749136601076
RPS15A	SRR9835760	1257
RPS15A	SRR9835761	1009.1815334591231
RPS15A	SRR9835762	89.33875511885377
RPS15A	SRR9835763	878.5759639461916
RPS15A	SRR9835764	3000.176439227911
RPS15A	SRR9835765	648.4928786784374
RPS15A	SRR9835766	273.0577354258807
RPS15A	SRR9835767	136.94397384205396
RPS15A	SRR9835768	1326
RPS15A	SRR9835769	1604
RPS15A	SRR9835770	1080.4699094380412
RPS15A	SRR9835771	794.3320875773845
RPS15A	SRR9835772	331.17126392996965
RPS15A	SRR9835773	1993
RPS15A	SRR9835774	306.533408040563
RPS15A	SRR9835775	297.53515987856605
RPS15A	SRR9835776	760.4817542958117
RPS15A	SRR9835777	1158.8286129548287
RPS15A	SRR9835778	504.1498662765324
RPS15A	SRR9835779	475.35226886101674
RPS15A	SRR9835780	871.3951464906006
RPS15A	SRR9835781	368.18433302210127
RPS15A	SRR9835782	694.4990456916867
RPS15A	SRR9835783	2027
RPS15A	SRR9835784	831.4330759783797
RPS15A	SRR9835785	231.80931208761032
RPS15A	SRR9835786	393.87263897280195
RPS15A	SRR9835787	669.9347779393403
RPS15A	SRR9835788	995.6715433510135
RPS15A	SRR9835789	1842
RPS15A	SRR9835790	505.65629519591056
RPS15A	SRR9835791	336.11205909127887
RPS15A	SRR9835792	2750.387835696471
RPS15A	SRR9835793	1278.6187146132272
RPS15A	SRR9835794	1314.2364072995913
RPS15A	SRR9835795	357.3989316971378
RPS15A	SRR9835796	788.5434924057615
RPS15A	SRR9835797	1533
RPS15A	SRR9835798	833.3481676893673
RPS15A	SRR9835799	1255.5547021553255
RPS15A	SRR9835800	1470.7412407275294
RPS15A	SRR9835801	316.59609945717193
RPS15A	SRR9835802	1059.2484660175044
RPS15A	SRR9867812	707.1607314305822
RPS15A	SRR9867813	561.7891261044641
RPS15A	SRR9867814	271.62699027813727
RPS15A	SRR9867815	951.1299291189695
RPS15A	SRR9867816	1558
RPS15A	SRR9867817	193.49623255936726
RPS15A	SRR9867818	1349
RPS15A	SRR9867819	106.76847905164931
RPS15A	SRR9867820	1571
RPS15A	SRR9867821	1315
RPS15A	SRR9867822	186.8960149668228
RPS15A	SRR9867823	723.5709002814693
RPS15A	SRR9867824	1307.1174249889696
RPS15A	SRR9867825	737.3337553554256
RPS15A	SRR9867826	222.5455767918877
RPS15A	SRR9867827	1349.3205739862947
RPS15A	SRR9867828	272.91360757567963
RPS15A	SRR9867829	1100.4240493611921
RPS15A	SRR9867830	745
RPS15A	SRR9867831	553.9198653077216
RPS15A	SRR9879292	1219.6972895131007
RPS15A	SRR9879293	181.605482674817
RPS15A	SRR9879294	1.0200688164522311
RPS15A	SRR9879295	149.89927986574986
RPS15A	SRR9879296	286.3890012542474
RPS15A	SRR9879297	384.8720571518932
RPS15A	SRR9879298	242.55693125622312
RPS15A	SRR9879299	310.90308363507376
RPS15A	SRR9879300	121.75930232955538
RPS15A	SRR9879301	613.2205946895366
RPS15A	SRR9879302	299.06106658221586
RPS15A	SRR9879303	355.4786308903577
RPS15A	SRR9879304	1.0167059661554507
RPS15A	SRR9879305	481.8084779040206
RPS15A	SRR9879306	641
RPS15A	SRR9879307	1350.2320232322145
RPS15A	SRR9879308	410.62217253695604
RPS15A	SRR9879309	509.37104871659545
RPS15A	T50_307	615.2847253415379
RPS15A	T50_313	386.08737819405013
RPS15A	T50_317	457.3830945291392
RPS15A	T50_324	545.7118774521465
RPS15A	T50_427	359.54148847134803
RPS15A	T50_428	428.7864666862419
RPS15A	T50_431	668.1585717780349
RPS15A	T50_436	457.26124636299693
RPS15A	T50_476	624.5157430706465
RPS15A	UN_307	202.57438877771426
RPS15A	UN_313	291.003268856935
RPS15A	UN_317	431.4238787909461
RPS15A	UN_323	513.6046503339787
RPS15A	UN_324	338.0821849407022
RPS15A	UN_427	641.9076372922444
RPS15A	UN_428	202.98776439402513
RPS15A	UN_431	458.13457392859965
RPS15A	UN_436	397.80539449174074
RPS15A	UN_476	444.91218379767
