Gene	sample	counts
SLCO1B1	CM317	1.052160686909921
SLCO1B1	CMCD140	1.0094128350688558
SLCO1B1	CMCD147	1.0404565910580479
SLCO1B1	CMCD152	1
SLCO1B1	CMCD154	1.0098993269771894
SLCO1B1	CMCD159	1.0863042186135794
SLCO1B1	CMCD161	1.0030629480920839
SLCO1B1	CMCD174	1.092629434806816
SLCO1B1	CMCD196	1.0091897168260358
SLCO1B1	CMCD198	1.029495742835047
SLCO1B1	CMCD203	1.0032393128452408
SLCO1B1	CMCD211	0.8033786974576899
SLCO1B1	CMCD227	1.6442210050669115
SLCO1B1	CMCD240	0.9299660389313402
SLCO1B1	CMCD259	1
SLCO1B1	CMCD270	1.0051908134952228
SLCO1B1	CMCD275	1.008539072196977
SLCO1B1	CMCD282	1.0131607869251968
SLCO1B1	CMCD286	1.8850076785844414
SLCO1B1	CMCD287	1
SLCO1B1	CMCD294	1.0639520056991958
SLCO1B1	CMCD327	1.0051387872752835
SLCO1B1	CMCD335	1.0047054282731729
SLCO1B1	CMCD337	1.0066743151229853
SLCO1B1	CMCD357	1.0211504641864628
SLCO1B1	CMCD398	1.0060023577013604
SLCO1B1	CMCD403	1.0071810043238532
SLCO1B1	CMCD422	1.0020862854161259
SLCO1B1	CMCD426	1.1140469611806236
SLCO1B1	CMCD71	1.0063862990277392
SLCO1B1	CMCD72	1.1510750061651915
SLCO1B1	CMCD76	1.0022972139313746
SLCO1B1	CMCD88	1.0001799142310437
SLCO1B1	CMSA256	1
SLCO1B1	CMSA316	1.0081545114583668
SLCO1B1	CMUC110	3
SLCO1B1	CMUC192	1.0134604497462807
SLCO1B1	CMUC199	1.0281874054164815
SLCO1B1	CMUC200	2.004682822924136
SLCO1B1	CMUC208	1.002446897019748
SLCO1B1	CMUC231	2
SLCO1B1	CMUC234	1
SLCO1B1	CMUC285	1.0111269374447733
SLCO1B1	CMUC291	1.0066043693551068
SLCO1B1	CMUC295	1.0008998949047658
SLCO1B1	CMUC299	3.00878109703558
SLCO1B1	CMUC301	5.002699199031732
SLCO1B1	CMUC307	7.01932131098852
SLCO1B1	CMUC313	2.0840827879845483
SLCO1B1	CMUC314	1.055846512835873
SLCO1B1	CMUC323	1.0241049068913428
SLCO1B1	CMUC324	1.0008998949047658
SLCO1B1	CMUC331	1.0091574614003984
SLCO1B1	CMUC333	1.0232387540038606
SLCO1B1	CMUC334	1.0150130071590526
SLCO1B1	CMUC346	4.043397535964207
SLCO1B1	CMUC352	11.06659362041981
SLCO1B1	CMUC360	11.015842425612234
SLCO1B1	CMUC363	5.131877838521642
SLCO1B1	CMUC365	1.0066923410699051
SLCO1B1	CMUC366	1.0033489938746742
SLCO1B1	CMUC368	1
SLCO1B1	CMUC377	1.0040818938645244
SLCO1B1	CMUC379	1.0708063663103926
SLCO1B1	CMUC380	1.01827642435426
SLCO1B1	CMUC383	3.0428579299392338
SLCO1B1	CMUC394	1.0076216931317499
SLCO1B1	CMUC419	1.0249492522957178
SLCO1B1	CMUC427	4
SLCO1B1	CMUC428	1.0063470586203123
SLCO1B1	CMUC431	1.0018586198168056
SLCO1B1	CMUC435	1.0050194243862136
SLCO1B1	CMUC439	1.0064361075814747
SLCO1B1	CMUC89	1
SLCO1B1	CS219	1.0024775414638962
SLCO1B1	CS256	1.002289885748588
SLCO1B1	CS257	3.283281532604894
SLCO1B1	CS259	1.001545611227314
SLCO1B1	CS261	1.0238230356839277
SLCO1B1	CS266	1.0357806251843706
SLCO1B1	CS270	1.0130095040631752
SLCO1B1	CS277	0.964744493942961
SLCO1B1	CS288	1.009015728155811
SLCO1B1	CS290	1.0079916665289268
SLCO1B1	CS292	1.0139795313343294
SLCO1B1	CS293	1.016848591736414
SLCO1B1	CS301	1.0267458436587589
SLCO1B1	CS306	1.0388615456941386
SLCO1B1	CS308	1.0265766152062068
SLCO1B1	CS315	1.028018282586956
SLCO1B1	CS317	1.0722984600508352
SLCO1B1	CS322	1.0134187324826138
SLCO1B1	CS327	1.0047603772359066
SLCO1B1	CS328	7.396406461525793
SLCO1B1	CS330	1.0768616883015538
SLCO1B1	CS331	1.0187996043213206
SLCO1B1	CS335	20.697294840168247
SLCO1B1	CS338	1.030832702181411
SLCO1B1	CS339	2.341509547806935
SLCO1B1	CS343	1.0080789119524982
SLCO1B1	CS344	3.042393768273798
SLCO1B1	CS350	4.092952077113065
SLCO1B1	CS351	1.008311894542825
SLCO1B1	CS361	1.0239903938396149
SLCO1B1	CS388	1.034963282410878
SLCO1B1	CS396	1.01090379638317
SLCO1B1	CS405	1.0253724548654906
SLCO1B1	CS415	6.461392978644749
SLCO1B1	CS424	1.0376219614625826
SLCO1B1	IM293	1.0053335186310612
SLCO1B1	IM296	1.0674965693084089
SLCO1B1	IM297	1.098769887658002
SLCO1B1	IM300	1
SLCO1B1	IM305	1.0100500854392669
SLCO1B1	IM309	9.614190444710122
SLCO1B1	IM310	1.0137597798867521
SLCO1B1	IM311	1.0124769275654149
SLCO1B1	IM316	2.0103727018822033
SLCO1B1	IM320	1.0476097382082026
SLCO1B1	IM330	1.0105944783553105
SLCO1B1	IM332	12.367290821073754
SLCO1B1	IM340	1.056280146775053
SLCO1B1	IM348	1.0369614627065955
SLCO1B1	IM354	1.0072486895623194
SLCO1B1	IM356	42.361622202807965
SLCO1B1	IM364	1.017386683482945
SLCO1B1	IM372	8.999916460814607
SLCO1B1	IM374	2.0989030603537775
SLCO1B1	IM376	1.0151740030663836
SLCO1B1	IM381	1.012555790998895
SLCO1B1	IM382	1.0318406015848964
SLCO1B1	IM385	1
SLCO1B1	IM390	1.028703799246213
SLCO1B1	IM397	1.011384661421074
SLCO1B1	IM404	1.0028825152555245
SLCO1B1	IM409	1.0057289905461357
SLCO1B1	IM412	1
SLCO1B1	IM421	1.0158984637588822
SLCO1B1	IM425	57.98723513740656
SLCO1B1	IM432	1.0420143643186235
SLCO1B1	IM438	3
SLCO1B1	IM442	1.0426097281187585
SLCO1B1	IM445	2.0231095942964687
SLCO1B1	IM448	1.0230255913150224
SLCO1B1	IM449	1.008446585812273
SLCO1B1	IM451	1.0051863509411016
SLCO1B1	IMSA256	1.0040992210696569
SLCO1B1	IMSA276	1
SLCO1B1	IMSA286	1
SLCO1B1	IMSA343	1.0125207868802717
SLCO1B1	IS_238	1
SLCO1B1	IS238	0.5118313302243118
SLCO1B1	IS243	1
SLCO1B1	IS253	1
SLCO1B1	IS283	1
SLCO1B1	IS322	1.0106397239474434
SLCO1B1	IS399	7.050770721590492
SLCO1B1	IS418	1.0947511027862358
SLCO1B1	IS430	1.0847548398304163
SLCO1B1	IS437	1.0822383787243768
SLCO1B1	IS444	1.0378497226493058
SLCO1B1	R276CMSA	1.0649255307900556
SLCO1B1	R286CMSA	1
SLCO1B1	R292CMSA	1.004207620749528
SLCO1B1	R292IMSA	1.0768750693977573
SLCO1B1	R308CMSA	1.070354522560454
SLCO1B1	R316IMSA	1.0198650539779268
SLCO1B1	R347CMSA	10.679448775774594
SLCO1B1	R347IMSA	1.0654084912781197
SLCO1B1	R371CMSA	1.0039962901985677
SLCO1B1	SRR10104064	1.1130827181735787
SLCO1B1	SRR10104065	1.0058655806218886
SLCO1B1	SRR10104066	1.0187563340359607
SLCO1B1	SRR10104067	1.0232571372704031
SLCO1B1	SRR10104068	1.004671476542523
SLCO1B1	SRR10104069	1.011490802424949
SLCO1B1	SRR10104070	3.088759663671753
SLCO1B1	SRR10104071	3.485950589308302
SLCO1B1	SRR10104072	1.071723239794756
SLCO1B1	SRR10104073	1.0458357877247761
SLCO1B1	SRR10104074	1.099722320793923
SLCO1B1	SRR10104075	1.1547542285600578
SLCO1B1	SRR10104076	1.0278239688724724
SLCO1B1	SRR10104077	1.1040752320803593
SLCO1B1	SRR10104078	2.0838428032336607
SLCO1B1	SRR10104079	1.092856600461782
SLCO1B1	SRR10104080	1.1254280913603063
SLCO1B1	SRR10104081	1.0158936181922817
SLCO1B1	SRR10104082	1.085647260281074
SLCO1B1	SRR10104083	1.065596706440916
SLCO1B1	SRR10104084	1.0701241548355385
SLCO1B1	SRR10104085	1.0224852129879336
SLCO1B1	SRR10104086	1.0249330155513252
SLCO1B1	SRR10104087	1.0032098048981044
SLCO1B1	SRR10104088	1.0091188297931257
SLCO1B1	SRR10104089	1.1387124115642702
SLCO1B1	SRR10104090	1.0265054935122315
SLCO1B1	SRR10104091	1.0429313075146665
SLCO1B1	SRR10104092	1.0127653613232732
SLCO1B1	SRR10104093	2.0695424255078976
SLCO1B1	SRR10104094	1.0344440824548444
SLCO1B1	SRR10104095	1.0555296586127236
SLCO1B1	SRR10104096	1.1499993829134103
SLCO1B1	SRR10104097	1.0654329597407752
SLCO1B1	SRR10104098	1.0299665441303483
SLCO1B1	SRR10104099	1.0483148195050975
SLCO1B1	SRR10104100	1.0292800559938342
SLCO1B1	SRR10104101	1.0055788173830293
SLCO1B1	SRR10104102	1.0153539684721093
SLCO1B1	SRR10104103	1.0533097010473917
SLCO1B1	SRR10104104	1.0155160029658645
SLCO1B1	SRR10104105	1.0837919884500646
SLCO1B1	SRR10104106	1.1337110372727635
SLCO1B1	SRR10104107	1.0095882284245328
SLCO1B1	SRR10104108	3.0205795211567925
SLCO1B1	SRR10104109	1.122307744225592
SLCO1B1	SRR10104110	1.1932010382175424
SLCO1B1	SRR10104111	1.0329711095071032
SLCO1B1	SRR10104112	1.189872391069202
SLCO1B1	SRR10104113	1.0362854178746606
SLCO1B1	SRR10104114	1.1753108824133915
SLCO1B1	SRR10104115	1.1481195623107094
SLCO1B1	SRR10104116	2.095246382483523
SLCO1B1	SRR10104117	1.0392927622091388
SLCO1B1	SRR10104118	1.1479902353871632
SLCO1B1	SRR10104119	1.1922096850664645
SLCO1B1	SRR10104120	1.0274397025883788
SLCO1B1	SRR10104121	1.0845670123047944
SLCO1B1	SRR10104122	1.0930951060141245
SLCO1B1	SRR10104123	1.085068060584876
SLCO1B1	SRR10104124	1.1194016065014738
SLCO1B1	SRR10104125	1.1032322088701674
SLCO1B1	SRR10104126	1.0403589846827273
SLCO1B1	SRR10104127	1.1896601506984525
SLCO1B1	SRR10104128	1.0289581177608564
SLCO1B1	SRR10104129	1.0264252644778067
SLCO1B1	SRR10104130	1.0421022730678582
SLCO1B1	SRR10104131	1.0113537446977683
SLCO1B1	SRR10104132	1.0072357936683587
SLCO1B1	SRR10104133	1.1678104114751833
SLCO1B1	SRR10104134	1.0304204630626266
SLCO1B1	SRR10104135	2.209585045474161
SLCO1B1	SRR10104136	1.0150534484689004
SLCO1B1	SRR10104137	1.1111543351913287
SLCO1B1	SRR10104138	1.1987125395645137
SLCO1B1	SRR10104139	1.0113843011015555
SLCO1B1	SRR10104140	1.1457522859106466
SLCO1B1	SRR10104141	1.0612182077092946
SLCO1B1	SRR10104142	1.0527512259784992
SLCO1B1	SRR10104143	1.008193511450258
SLCO1B1	SRR10104144	1.0610832116326332
SLCO1B1	SRR10104145	1.064530164787135
SLCO1B1	SRR10104146	1.009628265187365
SLCO1B1	SRR10104147	1.0017090245686449
SLCO1B1	SRR10104148	1.0531465668318782
SLCO1B1	SRR10104149	1.0479500129388701
SLCO1B1	SRR10104150	1.0116520854708597
SLCO1B1	SRR10104151	1.0076598631587603
SLCO1B1	SRR10104152	1.0056231596200704
SLCO1B1	SRR10104153	1.1050859670242814
SLCO1B1	SRR10104154	1.0306607864494586
SLCO1B1	SRR10104155	1.0906050803328398
SLCO1B1	SRR10104156	2.0081343037691846
SLCO1B1	SRR10104157	1.0501594045532703
SLCO1B1	SRR10104158	1.0205995039478943
SLCO1B1	SRR10104159	2.0253455679553136
SLCO1B1	SRR10104160	1.1286682368212853
SLCO1B1	SRR10104161	2.003451607071626
SLCO1B1	SRR10104162	1.0204815952038468
SLCO1B1	SRR10104163	1.0302878151561219
SLCO1B1	SRR10104164	1.019679849157473
SLCO1B1	SRR10104165	1.03911950298106
SLCO1B1	SRR10104166	1.0411103906912247
SLCO1B1	SRR10104167	1.0226405407254509
SLCO1B1	SRR10104168	1.0290037923240252
SLCO1B1	SRR10104169	1.0249138391060775
SLCO1B1	SRR10104170	1.0302024526513764
SLCO1B1	SRR10104171	1.0241039729391117
SLCO1B1	SRR10104172	1.03424738641328
SLCO1B1	SRR10104173	1.0618085302182145
SLCO1B1	SRR10104174	1.034206476188313
SLCO1B1	SRR10104175	1.0226611988789944
SLCO1B1	SRR10104176	1.022603053209032
SLCO1B1	SRR10104177	1.0254564567414526
SLCO1B1	SRR10104178	1.0386957245885173
SLCO1B1	SRR10104179	1.0349830414340861
SLCO1B1	SRR10104180	1.0220069065577857
SLCO1B1	SRR10104181	1.027045780065536
SLCO1B1	SRR10104182	1.0354701224080693
SLCO1B1	SRR10104183	1.0485327945215122
SLCO1B1	SRR10104184	1.0213982799506043
SLCO1B1	SRR10104185	1.0655022783512398
SLCO1B1	SRR10104186	1.0334077154577568
SLCO1B1	SRR10104187	2.1595155602862746
SLCO1B1	SRR10104188	1.0555862389878126
SLCO1B1	SRR10104189	2.122869784954335
SLCO1B1	SRR10104190	1.1491016556665985
SLCO1B1	SRR10104191	1.1421287584167092
SLCO1B1	SRR10104192	1.0261807524628852
SLCO1B1	SRR10104193	1.0402803652655077
SLCO1B1	SRR10104194	1.0434484830599333
SLCO1B1	SRR10104195	1.0425282185704265
SLCO1B1	SRR10104196	1.0410873692447795
SLCO1B1	SRR10104197	1.0169436235163218
SLCO1B1	SRR10104198	1.0259518061643405
SLCO1B1	SRR10104199	1.0845523092555243
SLCO1B1	SRR10104200	1.0357609839017698
SLCO1B1	SRR10104201	1.026296611985634
SLCO1B1	SRR10104202	1.0684453214497531
SLCO1B1	SRR10104203	1.0227196084030068
SLCO1B1	SRR10104204	1.0316115330113982
SLCO1B1	SRR10104205	1.0269817679691475
SLCO1B1	SRR10104206	1.0290184053987292
SLCO1B1	SRR10104207	1.0328985759185803
SLCO1B1	SRR10104208	1.0176894368252343
SLCO1B1	SRR10104209	1.0231987105755664
SLCO1B1	SRR10104210	1.0264643950508716
SLCO1B1	SRR10104211	1.0187996043213206
SLCO1B1	SRR10104212	1.0187854652070223
SLCO1B1	SRR10104213	1.0607243748787123
SLCO1B1	SRR10104214	1.0302508387945404
SLCO1B1	SRR10104215	1.0107265960976537
SLCO1B1	SRR10104216	1.062180780035933
SLCO1B1	SRR10104217	1.0250110331492008
SLCO1B1	SRR10104218	1.0655646431950403
SLCO1B1	SRR10104219	1.0652648347042482
SLCO1B1	SRR10104220	1.0355693278203462
SLCO1B1	SRR10104221	1.090516632710812
SLCO1B1	SRR10104222	1.0387327316632746
SLCO1B1	SRR10104223	1.1801672204919216
SLCO1B1	SRR10104224	1.0254993311004128
SLCO1B1	SRR10104225	1.031660376130715
SLCO1B1	SRR10104226	1.0392769039353207
SLCO1B1	SRR10104227	2.1558776478784347
SLCO1B1	SRR10104228	1.1232105220166013
SLCO1B1	SRR10104229	1.0373617848705414
SLCO1B1	SRR10104230	1.1040752320803593
SLCO1B1	SRR10104231	1.07822501247679
SLCO1B1	SRR10104232	1.0611514448074382
SLCO1B1	SRR10104233	1.0734096428277802
SLCO1B1	SRR10104234	1.0234328696081605
SLCO1B1	SRR10104235	2.0883830509912658
SLCO1B1	SRR10104236	1.0093068320098109
SLCO1B1	SRR10104237	7.129953580316651
SLCO1B1	SRR10104238	1.0719766937133695
SLCO1B1	SRR10104239	1.0633581535162346
SLCO1B1	SRR10104240	1.0749579917487644
SLCO1B1	SRR10104241	1.0409403926955196
SLCO1B1	SRR10104242	1.0656340036600613
SLCO1B1	SRR10104243	1.0687486815714031
SLCO1B1	SRR10104244	1.0398815876953509
SLCO1B1	SRR10104245	2.0836235244660073
SLCO1B1	SRR10104246	1.108828569841403
SLCO1B1	SRR10104247	1.0579544780318526
SLCO1B1	SRR10104248	1.076529224426155
SLCO1B1	SRR10104249	1.0273315870858695
SLCO1B1	SRR10104250	1.157197552838617
SLCO1B1	SRR10104251	1.0471142307724335
SLCO1B1	SRR10104252	1.1838765721178106
SLCO1B1	SRR10104253	1.09991256534321
SLCO1B1	SRR10104254	1.0374696909056962
SLCO1B1	SRR10104255	1.031244552450183
SLCO1B1	SRR10104256	1.0295241963821637
SLCO1B1	SRR10104257	1.038122821814693
SLCO1B1	SRR10104258	1.0309181491976231
SLCO1B1	SRR10224277	1.0245658638211308
SLCO1B1	SRR10224278	1.0942848190075063
SLCO1B1	SRR10224279	1.0908476973919505
SLCO1B1	SRR10224280	1.0228352144410537
SLCO1B1	SRR10224281	1.016181154880479
SLCO1B1	SRR10224282	1.0506840927867773
SLCO1B1	SRR10224283	1.04241966767901
SLCO1B1	SRR10224284	1.1113405704367834
SLCO1B1	SRR10224285	1.1302600125483513
SLCO1B1	SRR10224286	1.0254727500696328
SLCO1B1	SRR10224287	1.034206476188313
SLCO1B1	SRR10224288	1.0982502736059643
SLCO1B1	SRR10224289	1.095574558517596
SLCO1B1	SRR10224290	1.0979938990127511
SLCO1B1	SRR10224291	1.031258864476703
SLCO1B1	SRR10224292	1.0118994173300337
SLCO1B1	SRR10224293	1.0308254672852508
SLCO1B1	SRR10224294	1.0583494992707134
SLCO1B1	SRR10224295	1.0871371976243258
SLCO1B1	SRR10224296	1.0551062717044821
SLCO1B1	SRR10224297	1.1298237190995832
SLCO1B1	SRR10224298	1.0332669442805347
SLCO1B1	SRR10318388	1.0075645039987202
SLCO1B1	SRR10318389	1.0048079229951739
SLCO1B1	SRR10318390	1.0125492618247403
SLCO1B1	SRR10318391	1.012188279490948
SLCO1B1	SRR10318392	1.0141662120681394
SLCO1B1	SRR10318393	1.002913173016367
SLCO1B1	SRR10318394	1.0136017148230585
SLCO1B1	SRR10318395	1.0045521691478385
SLCO1B1	SRR10318396	1.008253691698839
SLCO1B1	SRR10318397	1.0060636964446545
SLCO1B1	SRR10318398	1.0035908666536983
SLCO1B1	SRR10318399	1.0502301871086661
SLCO1B1	SRR10318400	1.015029947158002
SLCO1B1	SRR10318401	1.0036964837029803
SLCO1B1	SRR10318402	1.004310064687844
SLCO1B1	SRR10318403	1.004961221139498
SLCO1B1	SRR10318404	1.0017838194003639
SLCO1B1	SRR10318405	1.0025217469463543
SLCO1B1	SRR10318406	1.0046747157254012
SLCO1B1	SRR10318407	1.0099964007476554
SLCO1B1	SRR10318408	3.009280834106082
SLCO1B1	SRR10318409	1.0031782721446603
SLCO1B1	SRR10318410	6.024795869716822
SLCO1B1	SRR10318411	1.0036964837029803
SLCO1B1	SRR10318412	1.0049521195717002
SLCO1B1	SRR10318413	1.0039432971223687
SLCO1B1	SRR10318414	1.0060465501543596
SLCO1B1	SRR10318415	1.0066043693551068
SLCO1B1	SRR10318416	1.010127651990598
SLCO1B1	SRR10318417	1.0073281690092157
SLCO1B1	SRR10318418	1.0038295612714525
SLCO1B1	SRR10318419	1.0040851311465162
SLCO1B1	SRR10318420	1.0018312243074385
SLCO1B1	SRR10318421	1.00485547100433
SLCO1B1	SRR10318422	1.0021611084168651
SLCO1B1	SRR10318423	2.0032072333117257
SLCO1B1	SRR10318424	1.0021332526954574
SLCO1B1	SRR10318425	1.0066317697525906
SLCO1B1	SRR10318426	2.191149117035192
SLCO1B1	SRR10318427	1.1082523998937106
SLCO1B1	SRR10318428	1.0013960627168832
SLCO1B1	SRR10318429	1.0040376195884992
SLCO1B1	SRR10318430	1.0088510137634663
SLCO1B1	SRR10318431	1.0052614054151265
SLCO1B1	SRR10318432	1.0018005996203712
SLCO1B1	SRR10318433	1.275527749073799
SLCO1B1	SRR10318434	2.0063370191673306
SLCO1B1	SRR10318435	1.0060711119093864
SLCO1B1	SRR10318436	4.01135317546098
SLCO1B1	SRR10318437	1.0007198511622537
SLCO1B1	SRR10318438	2.002581375472949
SLCO1B1	SRR10318439	1.0041326449528036
SLCO1B1	SRR10318440	1.0160161405406791
SLCO1B1	SRR10318441	1.0028076383933613
SLCO1B1	SRR10318442	1.0290972598019128
SLCO1B1	SRR10318443	1.00232462218343
SLCO1B1	SRR10318444	1.0087925886196047
SLCO1B1	SRR10318445	1.0124257547386077
SLCO1B1	SRR10318446	1.0040101644950676
SLCO1B1	SRR10318447	1.010741329315747
SLCO1B1	SRR10318448	1.0071774620660263
SLCO1B1	SRR10318449	1.0021020527610582
SLCO1B1	SRR10318450	3.016193795961609
SLCO1B1	SRR10318451	1
SLCO1B1	SRR10318452	1.0063470586203123
SLCO1B1	SRR10318453	1.0201282942009398
SLCO1B1	SRR10318454	1.0047940376745443
SLCO1B1	SRR10318455	1.0061524256376846
SLCO1B1	SRR10318456	1.0066923410699051
SLCO1B1	SRR10318457	1.001651013035654
SLCO1B1	SRR10318458	1.0130607665001055
SLCO1B1	SRR10318459	1.0066712106965126
SLCO1B1	SRR10318460	1.0040444775323971
SLCO1B1	SRR10318461	1.0035908666536983
SLCO1B1	SRR10318462	1.0068151487297214
SLCO1B1	SRR10318463	1.0031991760872525
SLCO1B1	SRR10318464	1.0063873213211867
SLCO1B1	SRR10318465	1.0010052287584692
SLCO1B1	SRR10318466	1.0095724722687383
SLCO1B1	SRR10318467	1.005163326868066
SLCO1B1	SRR10318468	1.0099265873940113
SLCO1B1	SRR10318469	1.003736640357631
SLCO1B1	SRR10318470	1
SLCO1B1	SRR10318471	1
SLCO1B1	SRR10318472	1.0044939929610694
SLCO1B1	SRR10318473	1.0039520196971752
SLCO1B1	SRR10318474	1.0042826021444868
SLCO1B1	SRR10318475	1.0041019499142785
SLCO1B1	SRR10318476	1.0037100598776116
SLCO1B1	SRR10318495	1.0011853238444721
SLCO1B1	SRR10318496	1.008939117884696
SLCO1B1	SRR10318497	1.0057733394052475
SLCO1B1	SRR10318498	1.0009445377129693
SLCO1B1	SRR10318499	1.0012159297227785
SLCO1B1	SRR10318500	1.0058289797049942
SLCO1B1	SRR10318501	1.0049305007724685
SLCO1B1	SRR10318502	1.0005398398063463
SLCO1B1	SRR10318503	1.0019060282634729
SLCO1B1	SRR10318504	1.0068217006633478
SLCO1B1	SRR10318505	1.0007198511622537
SLCO1B1	SRR10318506	1.012140088058167
SLCO1B1	SRR10318507	1.0122808125437386
SLCO1B1	SRR10318508	1.031213724706472
SLCO1B1	SRR10318509	1.0070546102125433
SLCO1B1	SRR10318510	1.008125313584785
SLCO1B1	SRR10318511	1.001260079572912
SLCO1B1	SRR10318512	1.0077519822290972
SLCO1B1	SRR10318513	1.0033796658956018
SLCO1B1	SRR10318514	1.0046534867814323
SLCO1B1	SRR10318515	1.012185016083506
SLCO1B1	SRR10318516	1.0060465501543596
SLCO1B1	SRR10318517	1.0027021148755608
SLCO1B1	SRR10318518	1.0073407710436535
SLCO1B1	SRR10318519	1.0048247538699455
SLCO1B1	SRR10318520	1.0020114680017955
SLCO1B1	SRR10318521	1.0036752754292169
SLCO1B1	SRR10318522	1.0013960627168832
SLCO1B1	SRR10318523	1.0022972139313746
SLCO1B1	SRR10318524	1.0079332911520626
SLCO1B1	SRR10318525	1.006333446777656
SLCO1B1	SRR10318526	1.0066340409403034
SLCO1B1	SRR10318527	1.000359860831218
SLCO1B1	SRR10318528	1.0025798089086946
SLCO1B1	SRR10318529	1.002266574999606
SLCO1B1	SRR10318530	1.0068960081103668
SLCO1B1	SRR10318531	2.018126732364305
SLCO1B1	SRR10318532	1.0085041203949443
SLCO1B1	SRR10318533	1.0236532940435767
SLCO1B1	SRR10318534	1.0178798129350086
SLCO1B1	SRR10318535	1.0158026224654026
SLCO1B1	SRR10318536	1.0041462270270287
SLCO1B1	SRR10318537	1.0110823525225687
SLCO1B1	SRR10318538	1.0019060282634729
SLCO1B1	SRR10318539	1.007502905048184
SLCO1B1	SRR10318540	1.0055480781368802
SLCO1B1	SRR10318541	1.0074001354264437
SLCO1B1	SRR10318542	1.0082966874658166
SLCO1B1	SRR10318543	1.0102315119348009
SLCO1B1	SRR10318544	1.0025176493501762
SLCO1B1	SRR10318545	1.0089020059058134
SLCO1B1	SRR10318546	1.0014402205102033
SLCO1B1	SRR10318547	1.004071255814061
SLCO1B1	SRR10318548	1.0049305007724685
SLCO1B1	SRR10318549	1.0071774620660263
SLCO1B1	SRR10318568	1.0032098048981044
SLCO1B1	SRR10318569	1.0008998949047658
SLCO1B1	SRR10318570	1.010993574886179
SLCO1B1	SRR10318571	1.0008998949047658
SLCO1B1	SRR10318572	1.0048247538699455
SLCO1B1	SRR10318573	1.001545611227314
SLCO1B1	SRR10318574	1.0024870036799816
SLCO1B1	SRR10318575	1.0048247538699455
SLCO1B1	SRR10318576	1.0043850537320074
SLCO1B1	SRR10318577	1.0029986843325787
SLCO1B1	SRR10318578	1.0008998949047658
SLCO1B1	SRR10318579	1.0031685095836653
SLCO1B1	SRR10318580	1.0014402205102033
SLCO1B1	SRR10318581	1
SLCO1B1	SRR10875803	1.6321841628022837
SLCO1B1	SRR10875804	0.5543940873682203
SLCO1B1	SRR10875805	0.5199248999289007
SLCO1B1	SRR10875806	0.8670757402901675
SLCO1B1	SRR10875807	0.9691618824824831
SLCO1B1	SRR10875808	0.9133292956158376
SLCO1B1	SRR10875809	1.2694844521226076
SLCO1B1	SRR10875810	0.909737250839997
SLCO1B1	SRR10875812	2
SLCO1B1	SRR10875813	1.6285496355478428
SLCO1B1	SRR10875814	2.008142511628122
SLCO1B1	SRR10875815	1
SLCO1B1	SRR10875816	1
SLCO1B1	SRR10875817	1.5440920772074036
SLCO1B1	SRR10875818	0.7268311347932428
SLCO1B1	SRR10875819	1
SLCO1B1	SRR10875820	1.2448457672874211
SLCO1B1	SRR10875821	0.9531566620757606
SLCO1B1	SRR10875822	0.5103861546630654
SLCO1B1	SRR10875823	1
SLCO1B1	SRR10875824	1.210894869375827
SLCO1B1	SRR10875825	1.0018312243074385
SLCO1B1	SRR10875826	1.689117757986081
SLCO1B1	SRR10875827	0.6406666403804241
SLCO1B1	SRR10875829	0.7543213669360967
SLCO1B1	SRR10875830	1
SLCO1B1	SRR10875831	1.0036351212296024
SLCO1B1	SRR10875832	1
SLCO1B1	SRR10875834	2.0068478223166966
SLCO1B1	SRR10875835	1
SLCO1B1	SRR10875836	0.9427069927825823
SLCO1B1	SRR10875837	0.8041360353522955
SLCO1B1	SRR10875838	1
SLCO1B1	SRR10875839	0.7414692537294025
SLCO1B1	SRR10875840	0.8170668416907784
SLCO1B1	SRR10875841	2.00774765274578
SLCO1B1	SRR10875842	0.6951276795299519
SLCO1B1	SRR10875843	2.207901346921362
SLCO1B1	SRR10875844	0.8038036211621384
SLCO1B1	SRR10875845	0.9061997545264616
SLCO1B1	SRR10875846	2.1389210353426313
SLCO1B1	SRR10875847	2.0076862784922294
SLCO1B1	SRR10875848	1
SLCO1B1	SRR10875849	2.8973169380697708
SLCO1B1	SRR10875850	1.0001799142310437
SLCO1B1	SRR10875851	1.7504646880033694
SLCO1B1	SRR10875852	0.8094141607297325
SLCO1B1	SRR10875853	1.002266574999606
SLCO1B1	SRR10875854	0.8413842400708483
SLCO1B1	SRR10875855	0.7318078959485699
SLCO1B1	SRR10875856	1.3508948844304207
SLCO1B1	SRR10875857	0.5800263593232053
SLCO1B1	SRR10875858	1.8755762020597069
SLCO1B1	SRR10875859	1
SLCO1B1	SRR10875860	0.6545276114585332
SLCO1B1	SRR10875861	1.183168145575208
SLCO1B1	SRR10875862	2.3250269357057727
SLCO1B1	SRR10875863	1.0054730022593972
SLCO1B1	SRR10875864	1
SLCO1B1	SRR10875865	0.8476035815688346
SLCO1B1	SRR10875866	1.4880985523776502
SLCO1B1	SRR10875867	0.9605953800572812
SLCO1B1	SRR10875868	0.6151572233432534
SLCO1B1	SRR10875869	2
SLCO1B1	SRR10875870	2.027487858193763
SLCO1B1	SRR10875871	3.000539742693131
SLCO1B1	SRR10875872	1.1696686057150718
SLCO1B1	SRR10875873	1.6143451463165925
SLCO1B1	SRR10875874	0.5864053826148967
SLCO1B1	SRR10875875	0.9890039854935406
SLCO1B1	SRR10875876	1
SLCO1B1	SRR10875877	0.8092683355211371
SLCO1B1	SRR10875878	1.0079578989702365
SLCO1B1	SRR10875879	1
SLCO1B1	SRR10875880	1.0040544375604268
SLCO1B1	SRR10875881	0.7814916796958193
SLCO1B1	SRR10875882	1
SLCO1B1	SRR10875883	1.0064943962475852
SLCO1B1	SRR10875884	0.97467766091674
SLCO1B1	SRR10875885	1.0019060282634729
SLCO1B1	SRR10875886	1.0075645039987202
SLCO1B1	SRR10875887	1
SLCO1B1	SRR10875888	1.0282669362329202
SLCO1B1	SRR10875889	1.002266574999606
SLCO1B1	SRR10875890	1.002266574999606
SLCO1B1	SRR10875891	2
SLCO1B1	SRR10875892	0.9980256347565621
SLCO1B1	SRR10875893	2
SLCO1B1	SRR10875894	1.5565917710343637
SLCO1B1	SRR10875895	1
SLCO1B1	SRR10875896	1.01011154427121
SLCO1B1	SRR10875897	1.002610457415912
SLCO1B1	SRR10875898	0.9530324484204709
SLCO1B1	SRR10875899	0.9004559316555462
SLCO1B1	SRR10875900	1.003815689470687
SLCO1B1	SRR10875901	1.0022125639984338
SLCO1B1	SRR10875902	1.0046440041164724
SLCO1B1	SRR12430469	1
SLCO1B1	SRR12430470	0.8522624702009965
SLCO1B1	SRR12430471	0.973304284575122
SLCO1B1	SRR12430472	0.9640108918329807
SLCO1B1	SRR12430473	1
SLCO1B1	SRR12430474	0.6799366029384285
SLCO1B1	SRR12430475	0.6527639697361387
SLCO1B1	SRR12430476	1
SLCO1B1	SRR12765534	1
SLCO1B1	SRR12765535	1.0026579014399075
SLCO1B1	SRR12765536	1.0046291005525438
SLCO1B1	SRR12765537	1.0042383190183728
SLCO1B1	SRR12765538	1.0342968559958656
SLCO1B1	SRR12765539	1.0314128115051437
SLCO1B1	SRR12765540	1.003132286981857
SLCO1B1	SRR12765541	1.009703651326794
SLCO1B1	SRR12765542	1
SLCO1B1	SRR12765543	1.0164158147198445
SLCO1B1	SRR12765544	1.0116050033991464
SLCO1B1	SRR12765545	1.0094671701338622
SLCO1B1	SRR12765546	1.0302580085326847
SLCO1B1	SRR12765547	1.0081057978341976
SLCO1B1	SRR12765548	1.0204595735015827
SLCO1B1	SRR12765549	1.0076734929427573
SLCO1B1	SRR12765550	1.040117424009284
SLCO1B1	SRR12765551	1.0138517058671774
SLCO1B1	SRR12765552	1.0415854347971876
SLCO1B1	SRR12765553	1.044787541309448
SLCO1B1	SRR12765554	1.0319374576290212
SLCO1B1	SRR12765555	1.0207802232545309
SLCO1B1	SRR12765556	4.0619971617749515
SLCO1B1	SRR12765557	1.0105307135967785
SLCO1B1	SRR12765558	2.103329399220781
SLCO1B1	SRR12765559	1.0019060282634729
SLCO1B1	SRR12765560	1.0193147872805552
SLCO1B1	SRR12765561	1.002838293865245
SLCO1B1	SRR12765562	1.015740519865274
SLCO1B1	SRR12765563	1.0073112962020905
SLCO1B1	SRR12765564	1.0021169188365064
SLCO1B1	SRR12765565	1.0042664582321659
SLCO1B1	SRR12765566	1.0072082511218612
SLCO1B1	SRR12765567	1.0132901030582455
SLCO1B1	SRR12765568	1.0104061753780302
SLCO1B1	SRR12765569	1.0115080415029285
SLCO1B1	SRR12765570	1.0071774620660263
SLCO1B1	SRR12765571	1.011188757969452
SLCO1B1	SRR12765572	1.0066284645369288
SLCO1B1	SRR12765573	1.0345835410136228
SLCO1B1	SRR12765574	1.006959603260677
SLCO1B1	SRR12765575	1.0242231235437018
SLCO1B1	SRR12765576	1.0249426590876354
SLCO1B1	SRR12765577	1.0460059726823405
SLCO1B1	SRR12765578	1.0151849958585093
SLCO1B1	SRR12765579	1.008549757583579
SLCO1B1	SRR12765580	1.0114233604687528
SLCO1B1	SRR12765581	1.0162640458244836
SLCO1B1	SRR12765582	1.0010052287584692
SLCO1B1	SRR12765583	1.008894629432837
SLCO1B1	SRR12765584	1.0125281630517893
SLCO1B1	SRR12765585	1.011157847234662
SLCO1B1	SRR12765586	1.0053109243736533
SLCO1B1	SRR12765587	1.0118330537602769
SLCO1B1	SRR12765588	1.0069962891030084
SLCO1B1	SRR12765589	1.0183753378209024
SLCO1B1	SRR12765590	1.0294216534098712
SLCO1B1	SRR12765591	1.0281334706568328
SLCO1B1	SRR12765592	1.0165367644372587
SLCO1B1	SRR12765593	4.033731782285711
SLCO1B1	SRR12765594	1.023275089062988
SLCO1B1	SRR12765595	1.012018221172977
SLCO1B1	SRR12765596	1.0044632868766021
SLCO1B1	SRR12765597	1.0080835603035434
SLCO1B1	SRR12765598	1.0072316768045089
SLCO1B1	SRR12765599	1.003093611368694
SLCO1B1	SRR12765600	1.0430935413616602
SLCO1B1	SRR12765601	1.0221622395262338
SLCO1B1	SRR12765602	1.008672496399683
SLCO1B1	SRR12765603	1.0100331670398786
SLCO1B1	SRR12765604	1.0081630176909429
SLCO1B1	SRR12765605	1.0078157404057295
SLCO1B1	SRR12765606	1.013303558456437
SLCO1B1	SRR12765607	1.008783747817285
SLCO1B1	SRR12765608	1.0088818539791797
SLCO1B1	SRR12765609	1.004852231238677
SLCO1B1	SRR12765610	1.008763978794329
SLCO1B1	SRR12765611	2.0111239477552973
SLCO1B1	SRR12765612	1.0045616509459838
SLCO1B1	SRR12765613	1.006036695926273
SLCO1B1	SRR12765614	1.0046747157254012
SLCO1B1	SRR12765615	1.00918320935704
SLCO1B1	SRR12765616	1.0061831833585213
SLCO1B1	SRR12765617	1.0085055016400712
SLCO1B1	SRR12765618	1.0235720872907181
SLCO1B1	SRR12765619	1.0218888958464731
SLCO1B1	SRR12765620	1.0081810702952163
SLCO1B1	SRR12765621	1.0026231534549817
SLCO1B1	SRR12765622	1.0220255670364495
SLCO1B1	SRR12765623	1
SLCO1B1	SRR12765624	1.003979473200612
SLCO1B1	SRR12765625	1.0083576543049855
SLCO1B1	SRR12765626	1.004961221139498
SLCO1B1	SRR12765627	1.0005398398063463
SLCO1B1	SRR12765628	1.0416404899160054
SLCO1B1	SRR12765629	2.0649672331313753
SLCO1B1	SRR12765630	1.001725803535813
SLCO1B1	SRR12765631	1.006060158116402
SLCO1B1	SRR12765632	1.0065851812965134
SLCO1B1	SRR12765633	1.0195633163121216
SLCO1B1	SRR12765634	1.005465650857193
SLCO1B1	SRR12765635	1.0232142122054655
SLCO1B1	SRR12765636	1.0122197343296355
SLCO1B1	SRR12765637	1.0356758705836402
SLCO1B1	SRR12765638	1
SLCO1B1	SRR12765639	1.0312383739753317
SLCO1B1	SRR12765640	1.0050805771159577
SLCO1B1	SRR12765641	1.0191101951053518
SLCO1B1	SRR12765642	1.002446897019748
SLCO1B1	SRR12765643	1.0141700299218512
SLCO1B1	SRR12765644	1.0035876309652703
SLCO1B1	SRR12765645	1.0289926005960395
SLCO1B1	SRR12765646	1.0068290619802291
SLCO1B1	SRR12765647	1.0292969953121303
SLCO1B1	SRR12765648	1.0119067516462763
SLCO1B1	SRR12765649	1.0495385478573618
SLCO1B1	SRR12765650	1.0183845609590005
SLCO1B1	SRR12765651	1.0282802169943726
SLCO1B1	SRR12765652	1.0107837488840228
SLCO1B1	SRR12774664	3.015946551046109
SLCO1B1	SRR12774665	1.0135566637804032
SLCO1B1	SRR12774666	1.0106916250716198
SLCO1B1	SRR12774667	1.015112987886643
SLCO1B1	SRR12774668	1.0534151748540257
SLCO1B1	SRR12774669	1.0186226106952725
SLCO1B1	SRR12774670	1.0491130199238774
SLCO1B1	SRR12774671	1.0484655565231629
SLCO1B1	SRR12774672	1.0061938437846794
SLCO1B1	SRR12774673	1.01435609135224
SLCO1B1	SRR12774674	1.0244413045784626
SLCO1B1	SRR12774675	1.034652092580572
SLCO1B1	SRR12774676	1.0065547698859227
SLCO1B1	SRR12774677	1.0109759582725257
SLCO1B1	SRR12774678	1.0438847092278365
SLCO1B1	SRR12774679	1.023414658310555
SLCO1B1	SRR12774680	1.0142412524286228
SLCO1B1	SRR12774681	1.008730043871159
SLCO1B1	SRR12774682	1.0106527118449917
SLCO1B1	SRR12774683	1.0071464844271232
SLCO1B1	SRR12774684	1.0052888947242837
SLCO1B1	SRR12774685	1.0073894622198625
SLCO1B1	SRR12774686	1.0181683338140572
SLCO1B1	SRR12774687	1.0294604238537992
SLCO1B1	SRR1609360	1.0496124788462589
SLCO1B1	SRR1609361	1.0264423184229399
SLCO1B1	SRR1609362	1.0685001313413078
SLCO1B1	SRR1609363	1.0074338842995187
SLCO1B1	SRR1609364	2.0174962132576986
SLCO1B1	SRR1609365	1.0146339829764384
SLCO1B1	SRR1609366	1.0057564926416112
SLCO1B1	SRR1609367	1.0027327671216282
SLCO1B1	SRR1609368	1.0056529696494536
SLCO1B1	SRR1609369	1.0008998949047658
SLCO1B1	SRR1609370	1.0020862854161259
SLCO1B1	SRR1609371	1.0304964007766504
SLCO1B1	SRR1609372	1.000825166068307
SLCO1B1	SRR1609373	1.0075612554988438
SLCO1B1	SRR1609374	1.0026272514823873
SLCO1B1	SRR1609375	1.0066648133839482
SLCO1B1	SRR1609376	1.01626352655509
SLCO1B1	SRR1609377	1.0053810915116634
SLCO1B1	SRR1609378	1.0177728662012375
SLCO1B1	SRR1609379	1.0018312243074385
SLCO1B1	SRR1609380	1.0160023979140944
SLCO1B1	SRR1609381	1.0007198511622537
SLCO1B1	SRR1609382	1.0145549576818973
SLCO1B1	SRR1609383	4.042107705234324
SLCO1B1	SRR1609384	1.0098790952140646
SLCO1B1	SRR1609385	1.007487455393186
SLCO1B1	SRR1609386	1.0067982845157166
SLCO1B1	SRR1609387	1.0076068991803102
SLCO1B1	SRR1609388	1.0130372052474508
SLCO1B1	SRR1609389	1.0025356008660358
SLCO1B1	SRR1609390	1.0131607869251968
SLCO1B1	SRR1609391	1.0643168557255298
SLCO1B1	SRR1609392	1.0157951352724675
SLCO1B1	SRR1609393	1.0451601529901198
SLCO1B1	SRR1609394	1.028409336119194
SLCO1B1	SRR1609395	1.0056231596200704
SLCO1B1	SRR1609396	1.0011379495002815
SLCO1B1	SRR1609397	1.0149403288090864
SLCO1B1	SRR1609398	1.0047190180949654
SLCO1B1	SRR1609399	1.0038679712350747
SLCO1B1	SRR1609400	1.0022191494924957
SLCO1B1	SRR1609401	1.0108006798559126
SLCO1B1	SRR1609402	1.0044939929610694
SLCO1B1	SRR1609403	1.00325727728352
SLCO1B1	SRR1609404	1.0122155976028022
SLCO1B1	SRR1609405	1.0068279191230753
SLCO1B1	SRR1609406	1.0040978458593541
SLCO1B1	SRR1609407	1.0024242592569674
SLCO1B1	SRR1609408	1.0078797189691773
SLCO1B1	SRR1609409	1.0192836281435407
SLCO1B1	SRR1609410	1
SLCO1B1	SRR1609411	1.0534817444447622
SLCO1B1	SRR1609412	1
SLCO1B1	SRR1609413	0.9620760097549236
SLCO1B1	SRR1609414	1.001651013035654
SLCO1B1	SRR1609415	1.0001799142310437
SLCO1B1	SRR1609416	1.002719204165851
SLCO1B1	SRR1609417	1.0068429754230048
SLCO1B1	SRR1609418	1.0014540594841934
SLCO1B1	SRR1609419	1.004906320813734
SLCO1B1	SRR1609420	1.0047772073142707
SLCO1B1	SRR1609421	1.0064932326669793
SLCO1B1	SRR1609422	1.0170007457993464
SLCO1B1	SRR1609423	1.0543133661346646
SLCO1B1	SRR1609424	1.0793326783308919
SLCO1B1	SRR1609425	1.001651013035654
SLCO1B1	SRR1609426	1.0047761793224967
SLCO1B1	SRR1609427	1.005322867319879
SLCO1B1	SRR1609428	1.0087253265689666
SLCO1B1	SRR1609429	1.0012906877364744
SLCO1B1	SRR1609430	1.0041769234190894
SLCO1B1	SRR1609431	2.0151692592238515
SLCO1B1	SRR1609432	1.001545611227314
SLCO1B1	SRR1609433	1.0084913498862338
SLCO1B1	SRR1609434	1.0152841125038419
SLCO1B1	SRR1609435	1.0046132934463576
SLCO1B1	SRR1609436	1.0032740821844481
SLCO1B1	SRR1609437	1.0221628286585938
SLCO1B1	SRR1609438	1.0325930752618184
SLCO1B1	SRR1609439	1.0150438676413862
SLCO1B1	SRR1609440	1.0025798089086946
SLCO1B1	SRR1609441	1.002266574999606
SLCO1B1	SRR1609442	1.0074096441060612
SLCO1B1	SRR1609443	1.008915652491251
SLCO1B1	SRR1609444	1.0005398398063463
SLCO1B1	SRR1609445	1.0035295106373756
SLCO1B1	SRR1609446	1.011429259673962
SLCO1B1	SRR1609447	1.2343308859580486
SLCO1B1	SRR1609448	1.008885106736826
SLCO1B1	SRR1609449	1.0025049546470863
SLCO1B1	SRR1609450	1.0020862854161259
SLCO1B1	SRR1609451	1.013157817128191
SLCO1B1	SRR1609452	1.2640053263343127
SLCO1B1	SRR1609453	1.0018418386249568
SLCO1B1	SRR1609454	1.0163997734607435
SLCO1B1	SRR1609455	1.252344349611058
SLCO1B1	SRR1609456	1.004895674028629
SLCO1B1	SRR1609457	1.0066955867682956
SLCO1B1	SRR1609458	1.240929610314354
SLCO1B1	SRR1609459	1.0039139901228018
SLCO1B1	SRR1609460	1.0098989712686044
SLCO1B1	SRR1609461	1.0017090245686449
SLCO1B1	SRR1609462	1.0037407429361982
SLCO1B1	SRR1609463	2.0132087387102136
SLCO1B1	SRR1609464	1.011490802424949
SLCO1B1	SRR1609465	1.0122774846884037
SLCO1B1	SRR1609466	1.1216427607845454
SLCO1B1	SRR1609467	1.0121540748943918
SLCO1B1	SRR1609468	1.001725803535813
SLCO1B1	SRR1609469	1.0001799142310437
SLCO1B1	SRR1609470	2.009704462477354
SLCO1B1	SRR1609471	1.0021443221583142
SLCO1B1	SRR1609472	1.0873653005292128
SLCO1B1	SRR1609473	1.0580975264984585
SLCO1B1	SRR1609474	1.0025925045596629
SLCO1B1	SRR1609475	1.0221791170213061
SLCO1B1	SRR1609476	1.9048873424921393
SLCO1B1	SRR1609477	1.0057289905461357
SLCO1B1	SRR1609478	1.0232796925205707
SLCO1B1	SRR1609479	1.0106476593347347
SLCO1B1	SRR1609480	1
SLCO1B1	SRR1609481	1.0106218174964396
SLCO1B1	SRR1609482	1.0037100598776116
SLCO1B1	SRR1609483	1.0046132934463576
SLCO1B1	SRR1609484	1.0080701805983117
SLCO1B1	SRR1609485	1.0008998949047658
SLCO1B1	SRR1609486	1.0032740821844481
SLCO1B1	SRR1609487	1.0039962901985677
SLCO1B1	SRR1609488	1.0014402205102033
SLCO1B1	SRR1609489	1.0022191494924957
SLCO1B1	SRR1609490	1.0168440470363254
SLCO1B1	SRR1609491	1.0035876309652703
SLCO1B1	SRR1609492	2
SLCO1B1	SRR1609493	1.0045689957386463
SLCO1B1	SRR1609494	1.005980932254509
SLCO1B1	SRR1609495	1.002266574999606
SLCO1B1	SRR1609496	1.0008998949047658
SLCO1B1	SRR1609497	1.0008998949047658
SLCO1B1	SRR1609498	1.000359860831218
SLCO1B1	SRR1609499	1.0021169188365064
SLCO1B1	SRR1609500	1.001725803535813
SLCO1B1	SRR1609501	1.0012906877364744
SLCO1B1	SRR1609502	1.0131235797683193
SLCO1B1	SRR1609503	1.2577312251671255
SLCO1B1	SRR1609504	1
SLCO1B1	SRR1609505	1
SLCO1B1	SRR1609506	1.019996986701897
SLCO1B1	SRR1609507	1.0061660350318171
SLCO1B1	SRR1609508	1.0005398398063463
SLCO1B1	SRR1609509	1.0064221997611569
SLCO1B1	SRR1609510	1.0056982467093867
SLCO1B1	SRR1609511	1.0375190831321666
SLCO1B1	SRR1609512	1.003393745919232
SLCO1B1	SRR1609513	1.0032605119068476
SLCO1B1	SRR1609514	1.049805218598925
SLCO1B1	SRR1609515	1.001980837804911
SLCO1B1	SRR1609516	1.0042043830726162
SLCO1B1	SRR1609517	1.0230255913150224
SLCO1B1	SRR1609518	1.0016203938574126
SLCO1B1	SRR1609519	1.001725803535813
SLCO1B1	SRR1609520	1.0793712363413515
SLCO1B1	SRR1609521	2.0033568072341312
SLCO1B1	SRR1609522	1.0244721470044897
SLCO1B1	SRR1609523	1.0047940376745443
SLCO1B1	SRR1609524	1.0169007391409333
SLCO1B1	SRR1609525	1.0055480781368802
SLCO1B1	SRR1609526	1.020687225978975
SLCO1B1	SRR1609527	2
SLCO1B1	SRR1609528	1.0089020059058134
SLCO1B1	SRR1609529	1.026161768287664
SLCO1B1	SRR1609530	1.0048928994463358
SLCO1B1	SRR1609531	1.0038422727480136
SLCO1B1	SRR1609532	1.0073820968056781
SLCO1B1	SRR1609533	1.0388210508926796
SLCO1B1	SRR1609534	1.0013180684646343
SLCO1B1	SRR1609535	1.0447999386373616
SLCO1B1	SRR1609536	1.0111854977845782
SLCO1B1	SRR1609537	1.003877062984047
SLCO1B1	SRR1609538	2
SLCO1B1	SRR1609539	2.0124823253122663
SLCO1B1	SRR1609540	1
SLCO1B1	SRR1609541	1.1005986779971142
SLCO1B1	SRR1609542	1.0023720526815605
SLCO1B1	SRR1609543	1.0020862854161259
SLCO1B1	SRR1609544	1.005937378799828
SLCO1B1	SRR1609545	2.527426709543916
SLCO1B1	SRR1609546	1
SLCO1B1	SRR1609547	1.0052170791293795
SLCO1B1	SRR1609548	1.0184861532197387
SLCO1B1	SRR1609549	1.0108592213002114
SLCO1B1	SRR1609550	1
SLCO1B1	SRR1609551	1.0117435272800281
SLCO1B1	SRR1609552	2.0091379914772927
SLCO1B1	SRR1609553	1.0026579014399075
SLCO1B1	SRR1609554	1.0092141688423883
SLCO1B1	SRR1609555	1.0035601881766363
SLCO1B1	SRR1609556	1.0226028348590848
SLCO1B1	SRR1609557	1.0063443236741658
SLCO1B1	SRR1609558	1.0043407660883636
SLCO1B1	SRR1609559	1.0429313075146665
SLCO1B1	SRR1609560	1.0074202577564666
SLCO1B1	SRR1609561	1.002610457415912
SLCO1B1	SRR1609562	1.0010052287584692
SLCO1B1	SRR1609563	1.0044771676265627
SLCO1B1	SRR1609564	1.0009578629360643
SLCO1B1	SRR1609565	1.0254977843458928
SLCO1B1	SRR1609566	1.0033796658956018
SLCO1B1	SRR1609567	1.258890072207468
SLCO1B1	SRR1609568	1
SLCO1B1	SRR1609569	1
SLCO1B1	SRR1609570	1.0181071207811365
SLCO1B1	SRR1609571	1.0245516446814755
SLCO1B1	SRR1609572	1.0135334782752279
SLCO1B1	SRR1609573	1.020175146030604
SLCO1B1	SRR1609574	1.0052445672264152
SLCO1B1	SRR1609575	1.0736998596975067
SLCO1B1	SRR1609576	1.004026982007113
SLCO1B1	SRR1609577	1.0042350812424865
SLCO1B1	SRR1609578	1.0017838194003639
SLCO1B1	SRR1609579	1.0068290619802291
SLCO1B1	SRR1609580	1.0077765856207708
SLCO1B1	SRR1609581	1.0421710305067429
SLCO1B1	SRR1609582	1.008446585812273
SLCO1B1	SRR1609583	1.0362453520104524
SLCO1B1	SRR1609584	1.0020695004108646
SLCO1B1	SRR1609585	1.0008998949047658
SLCO1B1	SRR1609586	1.0786248766862927
SLCO1B1	SRR1609587	1.012248840177597
SLCO1B1	SRR1609588	1.0140245410109685
SLCO1B1	SRR1609589	1.0026579014399075
SLCO1B1	SRR1609590	1.000359860831218
SLCO1B1	SRR1609591	1.0032740821844481
SLCO1B1	SRR1609592	1.0069291468220734
SLCO1B1	SRR1609593	1.0055894714059808
SLCO1B1	SRR1609594	1.0256481719610884
SLCO1B1	SRR1609595	1.0250719923527887
SLCO1B1	SRR1609596	1.0026272514823873
SLCO1B1	SRR1609597	1.0042350812424865
SLCO1B1	SRR1609598	1.027952820823441
SLCO1B1	SRR1609599	1.0215262413064172
SLCO1B1	SRR1609600	1.031286113324528
SLCO1B1	SRR1609601	2.0567471607067103
SLCO1B1	SRR1609602	1.1633952247111359
SLCO1B1	SRR1609603	1
SLCO1B1	SRR1609604	1.0071022645360526
SLCO1B1	SRR1609605	1.0077519822290972
SLCO1B1	SRR1609606	1.016340160710226
SLCO1B1	SRR1609607	1.0050669824037204
SLCO1B1	SRR1609608	1.0206596050691408
SLCO1B1	SRR1609609	1.0332064999113728
SLCO1B1	SRR1609610	1
SLCO1B1	SRR1609611	1.0173971986878916
SLCO1B1	SRR1609612	1.002341411462068
SLCO1B1	SRR1609613	1.0008998949047658
SLCO1B1	SRR1609614	1.0118849169807895
SLCO1B1	SRR1609615	1.0031991760872525
SLCO1B1	SRR1609616	1
SLCO1B1	SRR1609617	1
SLCO1B1	SRR1609618	1.0032298435283036
SLCO1B1	SRR1609619	1.0036625660673133
SLCO1B1	SRR1609620	1.0128377161891344
SLCO1B1	SRR1609621	1.00876204659104
SLCO1B1	SRR1609622	1.0397207257794516
SLCO1B1	SRR1609623	1.0194149042912743
SLCO1B1	SRR1609624	1.2336696420287332
SLCO1B1	SRR1609625	1.0016203938574126
SLCO1B1	SRR1609626	1.0079578989702365
SLCO1B1	SRR1609627	1.0055788173830293
SLCO1B1	SRR1609628	1.0019198736744939
SLCO1B1	SRR1609629	1.016628015095451
SLCO1B1	SRR1609630	1.002838293865245
SLCO1B1	SRR1609631	1
SLCO1B1	SRR1609632	1
SLCO1B1	SRR1609633	1.0036658019973412
SLCO1B1	SRR1609634	1.0084021190782648
SLCO1B1	SRR1609635	1.0252958338928058
SLCO1B1	SRR1609636	1.0340317261405663
SLCO1B1	SRR1609637	1.004139785441317
SLCO1B1	SRR1609638	1.0249950491217468
SLCO1B1	SRR1609639	1.0055894714059808
SLCO1B1	SRR1609640	1.0001799142310437
SLCO1B1	SRR1609641	1.0002851723145936
SLCO1B1	SRR1609642	1
SLCO1B1	SRR1609643	1.0122774846884037
SLCO1B1	SRR1609644	1.0010799710397094
SLCO1B1	SRR1609645	1.0032298435283036
SLCO1B1	SRR1609646	1.0023994629801138
SLCO1B1	SRR1609647	1.0212982971415507
SLCO1B1	SRR1609648	1.0036559710886879
SLCO1B1	SRR1609649	1.0083470307786628
SLCO1B1	SRR1609650	1.0075230294309803
SLCO1B1	SRR1609651	1.0034545854694705
SLCO1B1	SRR1609652	1.0036044413997351
SLCO1B1	SRR1609653	1.0511387444381015
SLCO1B1	SRR1609654	1.0351447830852243
SLCO1B1	SRR1609655	1.0068800116614336
SLCO1B1	SRR1609656	1.0146617285827944
SLCO1B1	SRR1609657	1.0132706137894723
SLCO1B1	SRR1609658	1.0203628410233592
SLCO1B1	SRR1609659	1.0080669304680778
SLCO1B1	SRR1609660	2.007897565688699
SLCO1B1	SRR1609661	1.0014848874183715
SLCO1B1	SRR1609662	1.0047190180949654
SLCO1B1	SRR1609663	1.002668524516
SLCO1B1	SRR1609664	1.00735571483492
SLCO1B1	SRR1609665	1
SLCO1B1	SRR1609666	1.0168930220669719
SLCO1B1	SRR1609667	1.0029880577585075
SLCO1B1	SRR1609668	1.126374524616663
SLCO1B1	SRR1609669	1.0197584865298666
SLCO1B1	SRR1746771	0.5818757355634473
SLCO1B1	SRR1746772	1.17903112521855
SLCO1B1	SRR1746773	1.528885225043656
SLCO1B1	SRR1746774	0.5365488408099495
SLCO1B1	SRR1746775	0.9432528829412494
SLCO1B1	SRR1746776	1.6463393066128473
SLCO1B1	SRR1746777	0.7204267908864945
SLCO1B1	SRR1746778	0.5400933262493899
SLCO1B1	SRR1746779	0.5976573675055249
SLCO1B1	SRR1746780	0.5295462208783305
SLCO1B1	SRR1746781	2.2119607150315863
SLCO1B1	SRR1746782	1.0045689957386463
SLCO1B1	SRR1746783	1
SLCO1B1	SRR1746784	1
SLCO1B1	SRR1782685	1.0163701315430376
SLCO1B1	SRR1782686	1.0245185067839673
SLCO1B1	SRR1782687	1.0124456809155273
SLCO1B1	SRR1782688	1.0169436235163218
SLCO1B1	SRR1782689	1.0182289169689787
SLCO1B1	SRR1782690	1.0209481971593921
SLCO1B1	SRR1782691	2.0036011992407423
SLCO1B1	SRR1782692	1.0083965328803508
SLCO1B1	SRR1782693	1.009155613559072
SLCO1B1	SRR1782694	1.0162846397295895
SLCO1B1	SRR1782695	1.0007198511622537
SLCO1B1	SRR1782696	1.0034071037477756
SLCO1B1	SRR1782697	1.008894629432837
SLCO1B1	SRR1782698	1.0021169188365064
SLCO1B1	SRR1782699	1.0249781804088034
SLCO1B1	SRR1782700	1.0077600305872203
SLCO1B1	SRR1782701	1.00637782229101
SLCO1B1	SRR1782702	1.0108389703070961
SLCO1B1	SRR1782703	1.0039487828443494
SLCO1B1	SRR1782704	1.0159997238820426
SLCO1B1	SRR1782705	1.024627921670523
SLCO1B1	SRR1782706	1.0025798089086946
SLCO1B1	SRR1782707	1.0038986591209549
SLCO1B1	SRR1782708	1.0538021486811544
SLCO1B1	SRR1782709	1.0501361936915201
SLCO1B1	SRR1782710	1
SLCO1B1	SRR1782711	1.0116484418278766
SLCO1B1	SRR1782712	1.0121272073678107
SLCO1B1	SRR1782713	1.0221907801445005
SLCO1B1	SRR1782714	1.0873263978153305
SLCO1B1	SRR1782715	1.0025049546470863
SLCO1B1	SRR1782716	1.015162755673933
SLCO1B1	SRR1782717	1.000825166068307
SLCO1B1	SRR1782718	1.0146894749478659
SLCO1B1	SRR1782719	1.0074140567609242
SLCO1B1	SRR1782720	1.017778610915434
SLCO1B1	SRR1782721	1.1217593509927906
SLCO1B1	SRR1782722	1.0008998949047658
SLCO1B1	SRR1782723	1.002266574999606
SLCO1B1	SRR1782724	1.011574079940271
SLCO1B1	SRR1782725	1.0690992721583623
SLCO1B1	SRR1782726	1.00768154067403
SLCO1B1	SRR1782727	2
SLCO1B1	SRR1782728	1.0306785213210727
SLCO1B1	SRR1782729	0.9547105140749295
SLCO1B1	SRR1782730	1.0014402205102033
SLCO1B1	SRR1782731	1.032900384680387
SLCO1B1	SRR1782732	1.0797441103980587
SLCO1B1	SRR1782733	1.0099265873940113
SLCO1B1	SRR1782734	1.0063429038612468
SLCO1B1	SRR1782735	1.0047021889912742
SLCO1B1	SRR1782736	1.01871989576969
SLCO1B1	SRR1782737	1.0016784036170656
SLCO1B1	SRR1782738	1.049900494318433
SLCO1B1	SRR1782739	4.0420869932242125
SLCO1B1	SRR1782740	1.01204669428906
SLCO1B1	SRR1782741	1.0546801002769515
SLCO1B1	SRR1782742	1
SLCO1B1	SRR1782743	1.002042099135034
SLCO1B1	SRR1782744	1.0050596339700848
SLCO1B1	SRR1782745	1.0123427036165962
SLCO1B1	SRR1782746	1.0203040710648652
SLCO1B1	SRR1782747	2.0152404593845517
SLCO1B1	SRR1782748	1.015029947158002
SLCO1B1	SRR1782749	1.013076264249149
SLCO1B1	SRR1782750	1.0014089067169103
SLCO1B1	SRR1782751	1.0158954859371438
SLCO1B1	SRR1782752	2.013719680771195
SLCO1B1	SRR1782753	1.001063202890274
SLCO1B1	SRR1782754	1.0085680787439217
SLCO1B1	SRR1782755	1.0027601872840743
SLCO1B1	SRR1782756	1.0456381683839602
SLCO1B1	SRR1782757	1.0014708341806098
SLCO1B1	SRR1782758	1.0018005996203712
SLCO1B1	SRR1782759	1.0044740376826409
SLCO1B1	SRR1782760	1.0145475398780028
SLCO1B1	SRR1782761	1.1238501762695376
SLCO1B1	SRR1782762	1.0649255307900556
SLCO1B1	SRR1782763	1.0055312351463837
SLCO1B1	SRR1782764	1.0012159297227785
SLCO1B1	SRR1782765	1.003304751915352
SLCO1B1	SRR1782766	1.0108493839910517
SLCO1B1	SRR1782767	1.0099364157227675
SLCO1B1	SRR1782768	1.0066666566644284
SLCO1B1	SRR1782769	2.0174410454572573
SLCO1B1	SRR1782770	1.0047423858829498
SLCO1B1	SRR1782771	1.0068292462162547
SLCO1B1	SRR1782772	1.005465650857193
SLCO1B1	SRR1782773	1.0044157574249153
SLCO1B1	SRR1782774	1.0025523936786382
SLCO1B1	SRR1782775	1.0203057202994605
SLCO1B1	SRR1782776	1.0152330951494304
SLCO1B1	SRR1782777	1.0001799142310437
SLCO1B1	SRR1782778	1.0018586198168056
SLCO1B1	SRR1782779	2.0568581033138913
SLCO1B1	SRR1782780	1.0131470187154437
SLCO1B1	SRR1782781	1.0353590447332954
SLCO1B1	SRR1782782	1.0208564420797066
SLCO1B1	SRR1782783	2.0128704776903463
SLCO1B1	SRR1782784	1.0034239111583483
SLCO1B1	SRR1782785	1.0010799710397094
SLCO1B1	SRR1782786	1.0254091193769634
SLCO1B1	SRR1782787	2
SLCO1B1	SRR1782788	1.0037988754978042
SLCO1B1	SRR1782789	1.0173768425012382
SLCO1B1	SRR1782790	1.0056784533302756
SLCO1B1	SRR1782791	1.0060164756728647
SLCO1B1	SRR1782792	1.0069216150206068
SLCO1B1	SRR1782793	1.0375153886962647
SLCO1B1	SRR1782794	1.0069211050997067
SLCO1B1	SRR1782795	1.0214531830775024
SLCO1B1	SRR1782796	1.0800775530816074
SLCO1B1	SRR1782797	1.0257043393761212
SLCO1B1	SRR1782798	1.0196936687232063
SLCO1B1	SRR1782799	1.0016203938574126
SLCO1B1	SRR1782800	1.0018005996203712
SLCO1B1	SRR1782801	1.0056231596200704
SLCO1B1	SRR1782802	1.00746468119409
SLCO1B1	SRR1782803	1.0037100598776116
SLCO1B1	SRR1782804	1.0027523440034467
SLCO1B1	SRR1782805	1.0018005996203712
SLCO1B1	SRR1782806	1.002719204165851
SLCO1B1	SRR1782807	1.0356994706753837
SLCO1B1	SRR1782808	1.026827020828528
SLCO1B1	SRR1782809	1.013752729059885
SLCO1B1	SRR1782810	1.0169339604032894
SLCO1B1	SRR1782811	1.0031517064510844
SLCO1B1	SRR1782812	1.012847572848198
SLCO1B1	SRR1782813	1.0063165906321876
SLCO1B1	SRR1782814	1.0131760192829955
SLCO1B1	SRR1782815	1.062495840870562
SLCO1B1	SRR1782816	1.0005398398063463
SLCO1B1	SRR1782817	1.0035908666536983
SLCO1B1	SRR1782818	1.0140695526855483
SLCO1B1	SRR1782819	1.0280666097863669
SLCO1B1	SRR1782820	1.0360618097617436
SLCO1B1	SRR1782821	1.0027327671216282
SLCO1B1	SRR1782822	1.008031995028529
SLCO1B1	SRR1782823	1.003877062984047
SLCO1B1	SRR1782824	1.0057597353227128
SLCO1B1	SRR1782825	1.0058487323132066
SLCO1B1	SRR1782826	1.0069518863188005
SLCO1B1	SRR1782827	1.013565933704922
SLCO1B1	SRR1782828	1
SLCO1B1	SRR1782829	1
SLCO1B1	SRR1782830	1.0394926725314855
SLCO1B1	SRR1782831	1.0739194225513655
SLCO1B1	SRR1782832	1.0329184392097017
SLCO1B1	SRR1782833	1.0233328160231223
SLCO1B1	SRR1782834	1.0001799142310437
SLCO1B1	SRR1782835	1.115615765911128
SLCO1B1	SRR1782836	0.5565696355060236
SLCO1B1	SRR1782837	1.0281334706568328
SLCO1B1	SRR1782838	1.0134017576581857
SLCO1B1	SRR1782839	1.014242485141271
SLCO1B1	SRR1782840	1.0085859860123885
SLCO1B1	SRR1782841	1.0152682801580397
SLCO1B1	SRR1782842	1
SLCO1B1	SRR1782843	1.0248893103783814
SLCO1B1	SRR1782844	1.0002851723145936
SLCO1B1	SRR1782845	1.0191934424402136
SLCO1B1	SRR1782846	1.0056007446618231
SLCO1B1	SRR1782847	1.2341754014728283
SLCO1B1	SRR1782848	1.2339624247168026
SLCO1B1	SRR1782849	1.2407817669595906
SLCO1B1	SRR1782850	1.2523904174212142
SLCO1B1	SRR1782851	1.2640085575608608
SLCO1B1	SRR1782852	1.264344673893091
SLCO1B1	SRR1782853	1.2591344565382891
SLCO1B1	SRR1782854	1.0032740821844481
SLCO1B1	SRR1782855	1.0024121563473647
SLCO1B1	SRR1782856	1.005344170055093
SLCO1B1	SRR1782857	1.0072254172113015
SLCO1B1	SRR1782858	1.0010799710397094
SLCO1B1	SRR1782859	1.0016203938574126
SLCO1B1	SRR1782860	1.002266574999606
SLCO1B1	SRR1782861	1.0018713063353686
SLCO1B1	SRR1782862	1.0047190180949654
SLCO1B1	SRR1782863	1.0026579014399075
SLCO1B1	SRR1782864	1.0132164950882474
SLCO1B1	SRR1782865	1.0042826021444868
SLCO1B1	SRR1782866	1.0035295106373756
SLCO1B1	SRR1782867	1.0170545049080533
SLCO1B1	SRR1782868	1.0036658019973412
SLCO1B1	SRR1782869	1.0035127014580056
SLCO1B1	SRR1782870	1.0025049546470863
SLCO1B1	SRR1782871	1.0053810915116634
SLCO1B1	SRR1782872	1.002779198304047
SLCO1B1	SRR1782873	1.004671476542523
SLCO1B1	SRR1782874	1.0065024345620641
SLCO1B1	SRR1782875	1.0051863509411016
SLCO1B1	SRR1782876	2.007965420304774
SLCO1B1	SRR1782877	1.0034239111583483
SLCO1B1	SRR1782878	1.0080565454487205
SLCO1B1	SRR1782879	1.014806463283347
SLCO1B1	SRR1782880	1.0042383190183728
SLCO1B1	SRR1782881	1.0041769234190894
SLCO1B1	SRR1782882	1.0035295106373756
SLCO1B1	SRR1782883	1.0018312243074385
SLCO1B1	SRR1782884	1.0007198511622537
SLCO1B1	SRR1782885	1
SLCO1B1	SRR1782886	1.0055714652071701
SLCO1B1	SRR1782887	1.0009304920576112
SLCO1B1	SRR1782888	1.003284711788924
SLCO1B1	SRR1782889	1.0043575891380983
SLCO1B1	SRR1782890	1.001545611227314
SLCO1B1	SRR1782891	1.0007198511622537
SLCO1B1	SRR1782892	1.0018586198168056
SLCO1B1	SRR1782893	1.0039213301801309
SLCO1B1	SRR1782894	1.0115931161663667
SLCO1B1	SRR1782895	1.0037100598776116
SLCO1B1	SRR1782896	1.0021611084168651
SLCO1B1	SRR1782897	1.0028076383933613
SLCO1B1	SRR1782898	1.002266574999606
SLCO1B1	SRR1782899	1.003793020797143
SLCO1B1	SRR1782900	1.0010799710397094
SLCO1B1	SRR1782901	1.0010052287584692
SLCO1B1	SRR1782902	1
SLCO1B1	SRR1782903	1.0025523936786382
SLCO1B1	SRR1782904	1
SLCO1B1	SRR1782905	1.0021169188365064
SLCO1B1	SRR1782906	1.0064221997611569
SLCO1B1	SRR1782907	2.009815613847384
SLCO1B1	SRR1782908	1.003093611368694
SLCO1B1	SRR1782909	1.0034545854694705
SLCO1B1	SRR1782910	1
SLCO1B1	SRR1782911	1.0070406938452114
SLCO1B1	SRR1782912	1.9070400996498413
SLCO1B1	SRR1782913	1
SLCO1B1	SRR1782914	1.0028076383933613
SLCO1B1	SRR1782915	1
SLCO1B1	SRR1782916	1.010869575218145
SLCO1B1	SRR1782917	1.0032393128452408
SLCO1B1	SRR1782918	1.0010799710397094
SLCO1B1	SRR1782919	1
SLCO1B1	SRR1782920	1.0010799710397094
SLCO1B1	SRR1782921	1.0020862854161259
SLCO1B1	SRR1782922	1.1868611598736958
SLCO1B1	SRR1782923	1.0056388977969737
SLCO1B1	SRR1782924	1.0051863509411016
SLCO1B1	SRR1782925	1.0035528507597562
SLCO1B1	SRR1782926	1.007434179369019
SLCO1B1	SRR1782927	1.002913173016367
SLCO1B1	SRR1782928	1.0072973762876458
SLCO1B1	SRR1782929	1.0087717835221508
SLCO1B1	SRR1782930	1.002940598112091
SLCO1B1	SRR1782931	1.0027327671216282
SLCO1B1	SRR1782932	1.0037513774849056
SLCO1B1	SRR1782933	1.0653997108487636
SLCO1B1	SRR1782934	1.005940685812108
SLCO1B1	SRR1782935	1.0045521691478385
SLCO1B1	SRR1782936	1.0259722498988069
SLCO1B1	SRR1782937	1.0079641033133233
SLCO1B1	SRR1782938	1.258100037900621
SLCO1B1	SRR1782939	1.00479109240232
SLCO1B1	SRR1782940	1.0026719713353072
SLCO1B1	SRR1782941	1.0079259217617345
SLCO1B1	SRR1782942	1.004026982007113
SLCO1B1	SRR1782943	2.009438036189931
SLCO1B1	SRR1782944	1.0013180684646343
SLCO1B1	SRR1782945	1.0053810915116634
SLCO1B1	SRR1782946	1.0021611084168651
SLCO1B1	SRR1782947	1.0021443221583142
SLCO1B1	SRR1782948	2
SLCO1B1	SRR1782949	1.0025217469463543
SLCO1B1	SRR1782950	1
SLCO1B1	SRR1782951	1.00336285922614
SLCO1B1	SRR1782952	2.545480172912651
SLCO1B1	SRR1782953	1.0019060282634729
SLCO1B1	SRR1782954	1.1264165338665522
SLCO1B1	SRR1782955	1.0342541231867062
SLCO1B1	SRR1782956	1.0152841125038419
SLCO1B1	SRR1782957	1.0197859199459323
SLCO1B1	SRR1782958	1.0055480781368802
SLCO1B1	SRR1782959	1.058591539507089
SLCO1B1	SRR1782960	1
SLCO1B1	SRR1782961	1.0036559710886879
SLCO1B1	SRR1782962	1.0074338842995187
SLCO1B1	SRR1782963	1.0069794218548913
SLCO1B1	SRR1782964	1.00041779758595
SLCO1B1	SRR1782965	1.0031517064510844
SLCO1B1	SRR1782966	1
SLCO1B1	SRR1782967	1.0041326449528036
SLCO1B1	SRR1782968	1.0010799710397094
SLCO1B1	SRR1782969	1.0124368080984334
SLCO1B1	SRR1782970	1.0128272820215503
SLCO1B1	SRR1782971	1.0171304455441843
SLCO1B1	SRR1782972	1.0057292851162858
SLCO1B1	SRR1782973	1.0517459917633214
SLCO1B1	SRR1782974	1
SLCO1B1	SRR1782975	1.0401318016702708
SLCO1B1	SRR1782976	1.009948283487657
SLCO1B1	SRR1782977	1.000359860831218
SLCO1B1	SRR1782978	1.0169714322808001
SLCO1B1	SRR1782979	1.0085358205549844
SLCO1B1	SRR1782980	1.0017838194003639
SLCO1B1	SRR1782981	1.0125043176315647
SLCO1B1	SRR1782982	1.0058655806218886
SLCO1B1	SRR1782983	1.0010052287584692
SLCO1B1	SRR1782984	1.000359860831218
SLCO1B1	SRR1782985	1.0068675867150407
SLCO1B1	SRR1782986	1.0030629480920839
SLCO1B1	SRR1782987	1.0012906877364744
SLCO1B1	SRR1782988	1
SLCO1B1	SRR1782989	1.0436400210748342
SLCO1B1	SRR1782990	1.0139756387641055
SLCO1B1	SRR1782991	1.004207620749528
SLCO1B1	SRR1782992	1.002446897019748
SLCO1B1	SRR1782993	1.021449196840116
SLCO1B1	SRR1782994	1
SLCO1B1	SRR1782995	1.0084913498862338
SLCO1B1	SRR1782996	1
SLCO1B1	SRR1782997	1.0045214612850002
SLCO1B1	SRR1782998	1.0037100598776116
SLCO1B1	SRR1782999	1.022088986019526
SLCO1B1	SRR1783000	1.00395855299875
SLCO1B1	SRR1783001	1.0169288929732232
SLCO1B1	SRR1783002	1.0573070730118106
SLCO1B1	SRR1783003	1
SLCO1B1	SRR1783004	1.0046291005525438
SLCO1B1	SRR1783005	1.016291836005615
SLCO1B1	SRR1783006	1.0243516724527386
SLCO1B1	SRR1813867	1.0510786620096826
SLCO1B1	SRR1813868	1.0200170572585177
SLCO1B1	SRR1813869	1.0105861980877333
SLCO1B1	SRR1813870	0.6304292463259884
SLCO1B1	SRR1813871	0.564449275688589
SLCO1B1	SRR1813872	0.838985280713538
SLCO1B1	SRR1813873	0.567574812518461
SLCO1B1	SRR1813874	1.01090379638317
SLCO1B1	SRR1813875	1
SLCO1B1	SRR1813876	1.0053946904725954
SLCO1B1	SRR1813877	0.5435714489513009
SLCO1B1	SRR1813878	1.0007198511622537
SLCO1B1	SRR1813879	1
SLCO1B1	SRR1813880	1
SLCO1B1	SRR1813881	1.021262493620424
SLCO1B1	SRR1813882	1.3093848748442847
SLCO1B1	SRR1813883	1.0008831297716165
SLCO1B1	SRR1813884	2.0274160567105386
SLCO1B1	SRR1813885	1
SLCO1B1	SRR1813886	1.001260079572912
SLCO1B1	SRR1813887	1.0111685603669651
SLCO1B1	SRR1928188	1.008175814381133
SLCO1B1	SRR1928189	1.0072973762876458
SLCO1B1	SRR1928190	1.0087587942301535
SLCO1B1	SRR1928191	1.0112464490004
SLCO1B1	SRR1928192	1.0128070516909926
SLCO1B1	SRR1928193	1.0152152136193056
SLCO1B1	SRR2046996	1.008539072196977
SLCO1B1	SRR2046997	1.0109890563544852
SLCO1B1	SRR2046998	1.0200140719986568
SLCO1B1	SRR2046999	1.0076015069974786
SLCO1B1	SRR2047000	1.0105504932171951
SLCO1B1	SRR2047001	1.009303362382281
SLCO1B1	SRR2047002	1.0186478082828578
SLCO1B1	SRR2047003	1.023518185444259
SLCO1B1	SRR2047004	1.007825499021943
SLCO1B1	SRR2047005	2.016072230327048
SLCO1B1	SRR2047006	1.0150270823281453
SLCO1B1	SRR2047007	1.0260812180778769
SLCO1B1	SRR2047008	1.0124150282865771
SLCO1B1	SRR2047009	1.0183672447201313
SLCO1B1	SRR2313973	2.0259793179514505
SLCO1B1	SRR2313974	4.030499767305939
SLCO1B1	SRR2313975	2.020888901769737
SLCO1B1	SRR2313976	1.0149132606524793
SLCO1B1	SRR2313977	2.0175235022652362
SLCO1B1	SRR2313978	1.0271359063427055
SLCO1B1	SRR2313979	1.0105196019933347
SLCO1B1	SRR2313980	1.0058930864524789
SLCO1B1	SRR2313981	14.050404751295806
SLCO1B1	SRR2313982	2.0267398091053517
SLCO1B1	SRR2313983	4.068338871891322
SLCO1B1	SRR2313984	1.0054730022593972
SLCO1B1	SRR2313985	2.039112145510946
SLCO1B1	SRR2313986	10.062550679746861
SLCO1B1	SRR2313987	4.013502259171444
SLCO1B1	SRR2313988	2.0182839274558457
SLCO1B1	SRR2313989	1.010807774207177
SLCO1B1	SRR2313990	1.0158151880323143
SLCO1B1	SRR2313991	7.11796079372384
SLCO1B1	SRR2313992	4.061492303318944
SLCO1B1	SRR2313993	1.0105059337128883
SLCO1B1	SRR2313994	1.0221592337096574
SLCO1B1	SRR2313995	1.0042826021444868
SLCO1B1	SRR2313996	1.004538287361441
SLCO1B1	SRR2313997	4.049123250174954
SLCO1B1	SRR2313998	1.0248492994103025
SLCO1B1	SRR2313999	2.018858894846975
SLCO1B1	SRR2314000	3.026181261184906
SLCO1B1	SRR2314001	1.0141174746934551
SLCO1B1	SRR2314002	9.0980377745039
SLCO1B1	SRR2314003	1.022034789012044
SLCO1B1	SRR2314004	4.032005288727255
SLCO1B1	SRR2314005	2.0191438855288792
SLCO1B1	SRR2314006	1.0192358061432685
SLCO1B1	SRR2314007	2.0121210249457455
SLCO1B1	SRR2314008	10.013180684646345
SLCO1B1	SRR2314009	4.033171024022824
SLCO1B1	SRR2314010	1.0066364307385607
SLCO1B1	SRR2314011	4.0287655212934705
SLCO1B1	SRR2314012	2.0148257842342483
SLCO1B1	SRR2314013	2.0240130031628603
SLCO1B1	SRR2314014	1.0116520854708597
SLCO1B1	SRR2314015	2.0156544565433743
SLCO1B1	SRR2314016	6.019600481156398
SLCO1B1	SRR2314017	5.0992025733703175
SLCO1B1	SRR2314018	8.30263846065768
SLCO1B1	SRR2314019	1.0033796658956018
SLCO1B1	SRR2314020	1.0167059661554507
SLCO1B1	SRR2314021	2.0101611542319153
SLCO1B1	SRR2314022	1.012335005482347
SLCO1B1	SRR2314023	1.009930139320552
SLCO1B1	SRR2314024	3.0399106753693106
SLCO1B1	SRR2314025	3.0150042851841876
SLCO1B1	SRR2314026	1.022744558399226
SLCO1B1	SRR2314027	1.007581381047162
SLCO1B1	SRR2314028	1.0028825152555245
SLCO1B1	SRR2314029	1.002341411462068
SLCO1B1	SRR2314030	1.0047772073142707
SLCO1B1	SRR2314031	2.035331535842633
SLCO1B1	SRR2314032	4.071270984599547
SLCO1B1	SRR2314033	2.04933827144627
SLCO1B1	SRR2314034	1.0297963295780983
SLCO1B1	SRR2314035	1.0473841672111144
SLCO1B1	SRR2314036	1.0175308560885339
SLCO1B1	SRR2314037	2.0278356743201864
SLCO1B1	SRR2314038	10.058040855375532
SLCO1B1	SRR2314039	1.0112464490004
SLCO1B1	SRR2314040	3.118848225149471
SLCO1B1	SRR2314041	2.015285969591477
SLCO1B1	SRR2314042	4.016327575458098
SLCO1B1	SRR2314043	6.055444715796361
SLCO1B1	SRR2314044	8.034046545810233
SLCO1B1	SRR2314045	2.015230862229455
SLCO1B1	SRR3493774	1
SLCO1B1	SRR3493775	1
SLCO1B1	SRR3493776	0.9287806936800772
SLCO1B1	SRR3493777	1.0007198511622537
SLCO1B1	SRR3493778	2
SLCO1B1	SRR3493779	1.0035740564466114
SLCO1B1	SRR3493780	1.0498945968332396
SLCO1B1	SRR3493781	1
SLCO1B1	SRR3493782	1.008534950006251
SLCO1B1	SRR3493783	1.0027540149727638
SLCO1B1	SRR3493784	1.0208098579484606
SLCO1B1	SRR3493785	1.0008998949047658
SLCO1B1	SRR3493786	2.081456125452009
SLCO1B1	SRR3493787	1
SLCO1B1	SRR3493788	1
SLCO1B1	SRR3493789	1.0182789000798176
SLCO1B1	SRR3493790	1
SLCO1B1	SRR3493791	1.0014708341806098
SLCO1B1	SRR3493792	1.0007198511622537
SLCO1B1	SRR3493793	1.0098194431054244
SLCO1B1	SRR3493794	1.003132286981857
SLCO1B1	SRR3493795	1.003718075955135
SLCO1B1	SRR3493796	1.0083843578636666
SLCO1B1	SRR3493797	1
SLCO1B1	SRR3493798	1.011188757969452
SLCO1B1	SRR3493799	1
SLCO1B1	SRR3493800	1.0072526652107907
SLCO1B1	SRR3493801	1.0092141688423883
SLCO1B1	SRR3493802	1
SLCO1B1	SRR3493803	1
SLCO1B1	SRR3493804	1.0007198511622537
SLCO1B1	SRR3493805	1.0023994629801138
SLCO1B1	SRR3493806	1
SLCO1B1	SRR3493807	1
SLCO1B1	SRR3493808	1.0020862854161259
SLCO1B1	SRR3493809	1.0033796658956018
SLCO1B1	SRR3493810	1
SLCO1B1	SRR3493811	1
SLCO1B1	SRR3493812	1.0007198511622537
SLCO1B1	SRR3493813	1.0019060282634729
SLCO1B1	SRR3493814	1
SLCO1B1	SRR3493815	0.7441838640516195
SLCO1B1	SRR3493816	2
SLCO1B1	SRR3493817	1.002913173016367
SLCO1B1	SRR3493818	1.0035876309652703
SLCO1B1	SRR3493819	1
SLCO1B1	SRR3493820	1.1220654621967874
SLCO1B1	SRR3493821	1.0117037104910989
SLCO1B1	SRR3493822	1
SLCO1B1	SRR3493823	0.7882931259154423
SLCO1B1	SRR3493824	0.7809434595745343
SLCO1B1	SRR3493825	1.0013180684646343
SLCO1B1	SRR3493826	1.0007198511622537
SLCO1B1	SRR3493827	1
SLCO1B1	SRR3493828	1
SLCO1B1	SRR3493829	1.0023994629801138
SLCO1B1	SRR3493830	0.6212413459385535
SLCO1B1	SRR3493831	1.0045489303600643
SLCO1B1	SRR3493832	1.0001799142310437
SLCO1B1	SRR3493833	0.6422050488464214
SLCO1B1	SRR3493834	1
SLCO1B1	SRR3493835	1.005268691618604
SLCO1B1	SRR3493836	1
SLCO1B1	SRR3493837	1.0007778087661545
SLCO1B1	SRR3493838	1
SLCO1B1	SRR3493839	1.0083404689188882
SLCO1B1	SRR3493840	1.019584221832653
SLCO1B1	SRR3493841	1.0021917441245578
SLCO1B1	SRR3493846	1.0228419618819704
SLCO1B1	SRR3493847	1.0367010057374855
SLCO1B1	SRR3493848	1.000359860831218
SLCO1B1	SRR3493849	0.6202330024223802
SLCO1B1	SRR3493850	1
SLCO1B1	SRR3714631	1
SLCO1B1	SRR3714632	7.039362117340493
SLCO1B1	SRR3714633	1.0116050033991464
SLCO1B1	SRR3714634	1.0066712106965126
SLCO1B1	SRR3714635	1
SLCO1B1	SRR3714636	1
SLCO1B1	SRR3714637	1
SLCO1B1	SRR3714638	1
SLCO1B1	SRR3714639	0.5800658354218706
SLCO1B1	SRR3714640	0.749230236287223
SLCO1B1	SRR3714641	0.6367497360688896
SLCO1B1	SRR3714642	1.1788837172587339
SLCO1B1	SRR3714643	0.658029280060971
SLCO1B1	SRR3714644	1.4925422583176005
SLCO1B1	SRR3714645	1.0065515246415413
SLCO1B1	SRR3714646	4.001439443324872
SLCO1B1	SRR3714648	0.6910659535574368
SLCO1B1	SRR3714649	0.9697357325395568
SLCO1B1	SRR3714650	1.0068862093697364
SLCO1B1	SRR3714651	0.8175575727335103
SLCO1B1	SRR3714652	2.6908445049672407
SLCO1B1	SRR3714653	4
SLCO1B1	SRR3714654	1
SLCO1B1	SRR3714655	1.0007504428112262
SLCO1B1	SRR3714656	0.6806463604237557
SLCO1B1	SRR3714657	1.6867277462886905
SLCO1B1	SRR3714658	3.136371319515938
SLCO1B1	SRR3714659	1.0477367140637328
SLCO1B1	SRR3714660	1
SLCO1B1	SRR3714661	16
SLCO1B1	SRR3714662	1.0110175749796777
SLCO1B1	SRR3714663	1.0007504428112262
SLCO1B1	SRR3714664	0.9019263245175047
SLCO1B1	SRR3714665	1
SLCO1B1	SRR3714666	1
SLCO1B1	SRR3714667	1.0362056342772454
SLCO1B1	SRR3714668	1
SLCO1B1	SRR3714669	4.774608856948054
SLCO1B1	SRR3714670	1.0134780454274392
SLCO1B1	SRR3714671	1.001260079572912
SLCO1B1	SRR3714672	1.0027466239574123
SLCO1B1	SRR3714673	0.6154698622598881
SLCO1B1	SRR3714674	0.6747850022318956
SLCO1B1	SRR3714675	0.7538946561448692
SLCO1B1	SRR3714676	1
SLCO1B1	SRR3714677	1.0023720526815605
SLCO1B1	SRR3714678	1.6913066165219295
SLCO1B1	SRR3714679	1.0016203938574126
SLCO1B1	SRR3714680	1.001725803535813
SLCO1B1	SRR3714681	1.0035601881766363
SLCO1B1	SRR3714682	0.9387120568491252
SLCO1B1	SRR3714683	1.0020862854161259
SLCO1B1	SRR3714684	0.5877687201078786
SLCO1B1	SRR3714685	1.001756425936391
SLCO1B1	SRR3714686	0.6891749213492466
SLCO1B1	SRR3714688	2.01492936238818
SLCO1B1	SRR3714689	0.7734219129474065
SLCO1B1	SRR3714690	0.7979962816778584
SLCO1B1	SRR3714691	1
SLCO1B1	SRR3714692	0.7369246939681072
SLCO1B1	SRR3714693	0.6795208754944931
SLCO1B1	SRR3714694	0.837450137301195
SLCO1B1	SRR3714695	0.9184450997625621
SLCO1B1	SRR3714696	1
SLCO1B1	SRR3714697	1.0092099347782595
SLCO1B1	SRR3714698	2.0264265432979407
SLCO1B1	SRR3714699	1.6655997329598617
SLCO1B1	SRR3714700	0.8185293286987435
SLCO1B1	SRR3714701	0.7501771916273272
SLCO1B1	SRR3714702	3.906465772497901
SLCO1B1	SRR3714703	1.001063202890274
SLCO1B1	SRR3714704	0.7330506564561744
SLCO1B1	SRR3714705	0.9166468406315273
SLCO1B1	SRR3714706	1.0350850727752356
SLCO1B1	SRR3714707	1.0007198511622537
SLCO1B1	SRR3714708	1.0232664352046819
SLCO1B1	SRR3714709	1.8021922662706895
SLCO1B1	SRR3714710	0.5292956251473764
SLCO1B1	SRR3714711	0.6777577190901249
SLCO1B1	SRR3714712	1
SLCO1B1	SRR3714713	1
SLCO1B1	SRR3714714	2
SLCO1B1	SRR3714715	1.0048247538699455
SLCO1B1	SRR3714716	1
SLCO1B1	SRR3714717	7
SLCO1B1	SRR3714718	1
SLCO1B1	SRR3714719	3.1882984395195977
SLCO1B1	SRR3714720	0.8227377704886294
SLCO1B1	SRR3714721	1.7849739834349305
SLCO1B1	SRR3714723	0.6142919374803811
SLCO1B1	SRR3714724	3.008831495143219
SLCO1B1	SRR3714725	1.0124287223897714
SLCO1B1	SRR3714726	0.6076262721528954
SLCO1B1	SRR3714727	0.957117690029389
SLCO1B1	SRR3714728	1.0082791178455617
SLCO1B1	SRR3714729	2.0524533304012684
SLCO1B1	SRR3714730	0.8100803723534562
SLCO1B1	SRR3714731	1.0001799142310437
SLCO1B1	SRR3714732	1.0909800413273425
SLCO1B1	SRR3714734	0.5372665123899618
SLCO1B1	SRR3714735	2.7345035618269433
SLCO1B1	SRR3714736	0.8489656871406255
SLCO1B1	SRR3714737	2
SLCO1B1	SRR3714738	0.9154692117981817
SLCO1B1	SRR3714739	0.6829557902798847
SLCO1B1	SRR3714740	0.7846218544273182
SLCO1B1	SRR3714741	1.0010799710397094
SLCO1B1	SRR3714744	0.9585661977406312
SLCO1B1	SRR3714745	1.0406785331708646
SLCO1B1	SRR3714746	1.008549757583579
SLCO1B1	SRR3714747	0.5559101115001341
SLCO1B1	SRR3714748	1.916019536485885
SLCO1B1	SRR3714749	1.020881906329865
SLCO1B1	SRR3714750	0.6991717838765078
SLCO1B1	SRR3714751	1.0010799710397094
SLCO1B1	SRR3714752	7
SLCO1B1	SRR3714753	9.071157688839588
SLCO1B1	SRR3714754	1
SLCO1B1	SRR3714755	0.6973424903319962
SLCO1B1	SRR3714756	1.0216801788447836
SLCO1B1	SRR3714757	0.7325663974490594
SLCO1B1	SRR3714758	0.9479045656307946
SLCO1B1	SRR3714759	0.5240326855317453
SLCO1B1	SRR3714760	1.0008998949047658
SLCO1B1	SRR3714761	1.000359860831218
SLCO1B1	SRR3714762	0.9443943627278005
SLCO1B1	SRR3714764	5
SLCO1B1	SRR3714765	0.8712334028283818
SLCO1B1	SRR3714766	1
SLCO1B1	SRR3714767	0.6858809503915723
SLCO1B1	SRR3714768	1
SLCO1B1	SRR5176628	1.0069362436470586
SLCO1B1	SRR5176629	1.005769228518871
SLCO1B1	SRR5176630	1.002266574999606
SLCO1B1	SRR5176631	1.0097927015434933
SLCO1B1	SRR5176632	1.0028521521593108
SLCO1B1	SRR5176633	1.006528114777527
SLCO1B1	SRR5176634	1.0398318552023067
SLCO1B1	SRR5176635	1.006192680551534
SLCO1B1	SRR5176636	1.0262757511402583
SLCO1B1	SRR5176637	2.0593280362653013
SLCO1B1	SRR5176638	1.1227010298695481
SLCO1B1	SRR5176639	1
SLCO1B1	SRR5176640	1.0441979418626173
SLCO1B1	SRR5176641	1.014864487377184
SLCO1B1	SRR5176642	1.0019060282634729
SLCO1B1	SRR5176643	1.001725803535813
SLCO1B1	SRR5176644	1.0001799142310437
SLCO1B1	SRR5176645	1.0388038372764734
SLCO1B1	SRR5176646	1.0186713933592446
SLCO1B1	SRR5176647	1.00586233759953
SLCO1B1	SRR5176648	1.002821496263797
SLCO1B1	SRR5176649	2.0136002560811854
SLCO1B1	SRR5176650	1.0241014943392315
SLCO1B1	SRR5176651	1.0158990588563879
SLCO1B1	SRR5176652	1.0055747072917207
SLCO1B1	SRR5176653	1.0027021148755608
SLCO1B1	SRR5176654	1.0081630176909429
SLCO1B1	SRR5176655	1.001260079572912
SLCO1B1	SRR5176656	1.0701102907311268
SLCO1B1	SRR5176657	1.080336199131198
SLCO1B1	SRR5176658	1.001651013035654
SLCO1B1	SRR5176659	1.0021611084168651
SLCO1B1	SRR5176660	1.0011506268930086
SLCO1B1	SRR5176661	1.0055480781368802
SLCO1B1	SRR5176662	0.9707101240681442
SLCO1B1	SRR5176663	1.0064352388451732
SLCO1B1	SRR5176664	2
SLCO1B1	SRR5176665	1.0089361604623304
SLCO1B1	SRR5176666	1.003877062984047
SLCO1B1	SRR5176667	2.157422865304927
SLCO1B1	SRR5176668	1.0043407660883636
SLCO1B1	SRR5176669	1.0095837463480462
SLCO1B1	SRR5176670	1.0065240008061656
SLCO1B1	SRR5176671	1.0018005996203712
SLCO1B1	SRR5176672	1.0055747072917207
SLCO1B1	SRR5176673	1.0047899307908572
SLCO1B1	SRR5176674	1.002341411462068
SLCO1B1	SRR5176675	1.0042383190183728
SLCO1B1	SRR5176676	1.0184049631193235
SLCO1B1	SRR5176677	1.0014402205102033
SLCO1B1	SRR5176678	1.0223467302979135
SLCO1B1	SRR5176679	1.0090464643103707
SLCO1B1	SRR5176680	1.002838293865245
SLCO1B1	SRR5176681	1.001110573697418
SLCO1B1	SRR5176682	1.0099470559941912
SLCO1B1	SRR5176683	1.0045737798081236
SLCO1B1	SRR5176684	1.0026579014399075
SLCO1B1	SRR5176685	1.0029880577585075
SLCO1B1	SRR5176686	1.0043575891380983
SLCO1B1	SRR5176687	1.0045246999842108
SLCO1B1	SRR5176688	1.0132814135195316
SLCO1B1	SRR5176689	1.0075032001378998
SLCO1B1	SRR5176690	1.0255405228516121
SLCO1B1	SRR5176691	1.0009304920576112
SLCO1B1	SRR5176692	1.0097847940414932
SLCO1B1	SRR5176693	1.0073894622198625
SLCO1B1	SRR5176694	2
SLCO1B1	SRR5176695	1.0143554668418076
SLCO1B1	SRR5176696	1.1278931940525754
SLCO1B1	SRR5176697	1.027578940269744
SLCO1B1	SRR5176698	1.1648237836443878
SLCO1B1	SRR5176699	1.025015012327192
SLCO1B1	SRR5176700	1.0890144202015308
SLCO1B1	SRR5176701	1.034206476188313
SLCO1B1	SRR5176702	1
SLCO1B1	SRR5176703	1.0225806547035183
SLCO1B1	SRR5176704	1.0043682302222392
SLCO1B1	SRR5176705	2.0042886443166283
SLCO1B1	SRR5176706	1.0272678906633284
SLCO1B1	SRR5176707	1.0196549551650262
SLCO1B1	SRR5176708	1.0098820554003876
SLCO1B1	SRR5176709	1.0048079229951739
SLCO1B1	SRR5176710	2
SLCO1B1	SRR5176711	1.0019060282634729
SLCO1B1	SRR5176712	1.0128135825274416
SLCO1B1	SRR5176713	1.0088204699660321
SLCO1B1	SRR5176714	1.0602647654091784
SLCO1B1	SRR5176715	1.001260079572912
SLCO1B1	SRR5176716	1.001980837804911
SLCO1B1	SRR5176717	1.0065588839830468
SLCO1B1	SRR5176718	1.0088065291964956
SLCO1B1	SRR5176719	1.002341411462068
SLCO1B1	SRR5176720	1
SLCO1B1	SRR5176721	1
SLCO1B1	SRR5176722	1.019834176721331
SLCO1B1	SRR5176723	1.009611353853491
SLCO1B1	SRR5176724	1.005439319075555
SLCO1B1	SRR5176725	1.0122963584203841
SLCO1B1	SRR5176726	1
SLCO1B1	SRR5176727	1.0006451357681576
SLCO1B1	SRR5176728	1.024749980600489
SLCO1B1	SRR5176729	1.0019366561734564
SLCO1B1	SRR5176730	1.006542024061492
SLCO1B1	SRR5176731	1.0046440041164724
SLCO1B1	SRR5176732	1
SLCO1B1	SRR5176733	1.002266574999606
SLCO1B1	SRR5176734	1.0810259196769214
SLCO1B1	SRR5176735	1.002341411462068
SLCO1B1	SRR5176736	1.0019640545659034
SLCO1B1	SRR5176737	1.0029237987970407
SLCO1B1	SRR5176738	1.011060405450449
SLCO1B1	SRR5176739	1.0079439701204655
SLCO1B1	SRR5176740	1.0041633409296653
SLCO1B1	SRR5176741	1.040984015064751
SLCO1B1	SRR5176742	1.010571034419265
SLCO1B1	SRR5176743	1.0118484876942846
SLCO1B1	SRR5176744	1.013419199000111
SLCO1B1	SRR5176745	1.0091725172591408
SLCO1B1	SRR5176746	1.002266574999606
SLCO1B1	SRR5176747	1
SLCO1B1	SRR5176748	1.001260079572912
SLCO1B1	SRR5176749	1.016368017381527
SLCO1B1	SRR5176750	1.0162250306224079
SLCO1B1	SRR5176751	1.0036351212296024
SLCO1B1	SRR5176752	1.004538287361441
SLCO1B1	SRR5176753	1.0026272514823873
SLCO1B1	SRR5176754	2.010522810830253
SLCO1B1	SRR5176755	1.0005398398063463
SLCO1B1	SRR5176756	1.0288547421808496
SLCO1B1	SRR5176757	1.0557664435713157
SLCO1B1	SRR5176758	1.0113534484802584
SLCO1B1	SRR5176759	1.0274065280258
SLCO1B1	SRR5176760	1.0058081328268176
SLCO1B1	SRR5176761	1.0058487323132066
SLCO1B1	SRR5176762	1.074382806129656
SLCO1B1	SRR5176763	1.0076459384275107
SLCO1B1	SRR5176764	1.0007198511622537
SLCO1B1	SRR5176765	1.001725803535813
SLCO1B1	SRR5176766	1.002838293865245
SLCO1B1	SRR5176767	1.0010052287584692
SLCO1B1	SRR5176768	1.0151957516581134
SLCO1B1	SRR5176769	1.0029532983317264
SLCO1B1	SRR5176770	1.002341411462068
SLCO1B1	SRR5176771	1.002446897019748
SLCO1B1	SRR5176772	1.0062719230896289
SLCO1B1	SRR5176773	1.007502905048184
SLCO1B1	SRR5176774	1.0061935490784637
SLCO1B1	SRR5176775	1.0095941471006586
SLCO1B1	SRR5176776	1.008275867041691
SLCO1B1	SRR5176777	2.020010504354902
SLCO1B1	SRR5176778	1.0057597353227128
SLCO1B1	SRR5176779	1.0051727547981684
SLCO1B1	SRR5176780	1.0030800435321403
SLCO1B1	SRR5176781	1.00637782229101
SLCO1B1	SRR5176782	1.0082247828353217
SLCO1B1	SRR5176783	1.0093021955543062
SLCO1B1	SRR5176784	1.0040544375604268
SLCO1B1	SRR5176785	1.0017658813459887
SLCO1B1	SRR5176786	1
SLCO1B1	SRR5176787	1.0076767418045007
SLCO1B1	SRR5176788	1.0267594917906628
SLCO1B1	SRR5176789	1.014142954978239
SLCO1B1	SRR5176790	1.0094264885638582
SLCO1B1	SRR5176791	1.0087925886196047
SLCO1B1	SRR5176792	1
SLCO1B1	SRR5176793	1.0092004091061628
SLCO1B1	SRR5176794	1.004507579922951
SLCO1B1	SRR5176795	1.004207620749528
SLCO1B1	SRR5176796	1.022646112438415
SLCO1B1	SRR5176797	1.0069962891030084
SLCO1B1	SRR5176798	1.005275297194344
SLCO1B1	SRR5176799	1
SLCO1B1	SRR5176800	2.0159833330578536
SLCO1B1	SRR5176801	1.017440760992837
SLCO1B1	SRR5176802	1.0141792452851672
SLCO1B1	SRR5176803	1.0041019499142785
SLCO1B1	SRR5176804	1.0213406344461267
SLCO1B1	SRR5176805	1.00387382637289
SLCO1B1	SRR5176806	1.0297753975963018
SLCO1B1	SRR5176807	1.0007198511622537
SLCO1B1	SRR5176808	1.000359860831218
SLCO1B1	SRR5176809	1.0014402205102033
SLCO1B1	SRR5176810	1
SLCO1B1	SRR5176811	1
SLCO1B1	SRR5176812	1.0010799710397094
SLCO1B1	SRR5176813	1.0011853238444721
SLCO1B1	SRR5176814	1
SLCO1B1	SRR5176815	1.0141154422371776
SLCO1B1	SRR5176816	1.0144195826206277
SLCO1B1	SRR5176817	1.0052525955592004
SLCO1B1	SRR5176818	1.0025523936786382
SLCO1B1	SRR5176819	1.0529734771881787
SLCO1B1	SRR5176820	1.022340736860647
SLCO1B1	SRR5176821	2.018674222104138
SLCO1B1	SRR5176822	1.0294661769651816
SLCO1B1	SRR5176823	1.0037681906621803
SLCO1B1	SRR5176824	1.0056539011614338
SLCO1B1	SRR5176825	1.001110573697418
SLCO1B1	SRR5176826	1.0083066896753743
SLCO1B1	SRR5176827	1.0037809013616064
SLCO1B1	SRR5176828	1.0039655993282313
SLCO1B1	SRR5176829	1.0027327671216282
SLCO1B1	SRR5176830	1.0005398398063463
SLCO1B1	SRR5176831	1.005151515330551
SLCO1B1	SRR5176832	1.0101074156533363
SLCO1B1	SRR5176833	1.0057904810391467
SLCO1B1	SRR5176834	1.0039213301801309
SLCO1B1	SRR5176835	1.003600339378272
SLCO1B1	SRR5176836	1.0008998949047658
SLCO1B1	SRR5176837	1.0510102572536424
SLCO1B1	SRR5176838	1.0249700253664653
SLCO1B1	SRR5176839	1.0407663154893023
SLCO1B1	SRR5176840	1.0005398398063463
SLCO1B1	SRR5176841	1.0140964075080325
SLCO1B1	SRR5176842	1.0062663486922618
SLCO1B1	SRR5176843	1.0077600305872203
SLCO1B1	SRR5176844	1.002913173016367
SLCO1B1	SRR5176845	1.0146823533528966
SLCO1B1	SRR5176846	1.0044739290806017
SLCO1B1	SRR5176847	1.0205338177583079
SLCO1B1	SRR5176848	1.0086151837092123
SLCO1B1	SRR5176849	1.0195152534582197
SLCO1B1	SRR5176850	1.0137217399478091
SLCO1B1	SRR5176851	1.0010799710397094
SLCO1B1	SRR5176852	1.0222701007904502
SLCO1B1	SRR5176853	1.0025049546470863
SLCO1B1	SRR5176854	1.0469188326970755
SLCO1B1	SRR5176855	1.002277193929628
SLCO1B1	SRR5176856	1.016171446291091
SLCO1B1	SRR5176857	1.0035601881766363
SLCO1B1	SRR5176858	1.0069042391109264
SLCO1B1	SRR5176859	1.0017838194003639
SLCO1B1	SRR5176860	1
SLCO1B1	SRR5176861	1.001980837804911
SLCO1B1	SRR5176862	1.005937378799828
SLCO1B1	SRR5176863	1.0025049546470863
SLCO1B1	SRR5176864	1.004896835762339
SLCO1B1	SRR5176865	1.0019060282634729
SLCO1B1	SRR5176866	1
SLCO1B1	SRR5176867	1.0042477978541398
SLCO1B1	SRR5176868	1.0352438239475827
SLCO1B1	SRR5176869	1.002446897019748
SLCO1B1	SRR5176870	1.0045214612850002
SLCO1B1	SRR5176871	1.0034377775451013
SLCO1B1	SRR5176872	1.0195776936091434
SLCO1B1	SRR5861974	1.0132501420419266
SLCO1B1	SRR5861975	1.009323227105467
SLCO1B1	SRR5861976	1.0402473656965066
SLCO1B1	SRR5861977	1
SLCO1B1	SRR5861978	1.0048661173634874
SLCO1B1	SRR5861979	1.0095941471006586
SLCO1B1	SRR5861980	1
SLCO1B1	SRR5861981	1.0201142576930606
SLCO1B1	SRR5861982	1.2340601766014685
SLCO1B1	SRR5861983	1.0016650688017934
SLCO1B1	SRR5861984	1.0082636562876501
SLCO1B1	SRR5861985	1.0173478207376618
SLCO1B1	SRR5861986	1.001996603490676
SLCO1B1	SRR5861987	1.0129478689088995
SLCO1B1	SRR5861988	1.017778610915434
SLCO1B1	SRR5861989	1.0125385340641762
SLCO1B1	SRR5861990	1.0030461467276643
SLCO1B1	SRR5861991	1
SLCO1B1	SRR5861992	1
SLCO1B1	SRR5861993	1.003793020797143
SLCO1B1	SRR5861994	1
SLCO1B1	SRR5861995	1.0088237225257688
SLCO1B1	SRR5861996	1.0042247356985123
SLCO1B1	SRR5861997	1.0258881975510754
SLCO1B1	SRR5861998	1.005769228518871
SLCO1B1	SRR5861999	1.0270454764535055
SLCO1B1	SRR5862000	1.000359860831218
SLCO1B1	SRR5862001	1
SLCO1B1	SRR5862002	1.0010799710397094
SLCO1B1	SRR5862003	1.0024870036799816
SLCO1B1	SRR5862004	1.005631190976464
SLCO1B1	SRR5862005	1.0052945032282008
SLCO1B1	SRR5862006	1.0037809013616064
SLCO1B1	SRR5862007	1.0085835948406514
SLCO1B1	SRR5862008	1.0040237449126006
SLCO1B1	SRR5862009	1.0035696606116409
SLCO1B1	SRR5862010	1.0516407925623883
SLCO1B1	SRR5862011	1.03612780768291
SLCO1B1	SRR5862012	1.0070578570789335
SLCO1B1	SRR5862013	1.0209741074575287
SLCO1B1	SRR5862014	1.00491366812643
SLCO1B1	SRR5862015	2
SLCO1B1	SRR5862016	1.0041875625890924
SLCO1B1	SRR5862017	1.008292756005706
SLCO1B1	SRR5862018	2.0080342951214014
SLCO1B1	SRR5862019	1.0081590867520256
SLCO1B1	SRR5862020	1.0035876309652703
SLCO1B1	SRR5862021	1.0060794449423391
SLCO1B1	SRR5862022	1.0048481241171359
SLCO1B1	SRR5862023	1.00761513599214
SLCO1B1	SRR5862024	1.0027327671216282
SLCO1B1	SRR5862025	1
SLCO1B1	SRR5862026	1.0079075750854083
SLCO1B1	SRR5862027	1.0005398398063463
SLCO1B1	SRR5862028	1.12681213123101
SLCO1B1	SRR5862029	1.0207645470908255
SLCO1B1	SRR5862030	1.0028076383933613
SLCO1B1	SRR5862031	1.0070714787200907
SLCO1B1	SRR5862032	1.073785027109896
SLCO1B1	SRR5862033	1.001545611227314
SLCO1B1	SRR5862034	1.2459835850410172
SLCO1B1	SRR5862035	1.0066340409403034
SLCO1B1	SRR5862036	1.0178626280775729
SLCO1B1	SRR5862037	1.0547484296428424
SLCO1B1	SRR5862038	1.079664344311491
SLCO1B1	SRR5862039	1.001725803535813
SLCO1B1	SRR5862040	1.0065588839830468
SLCO1B1	SRR5862041	1.00551733983039
SLCO1B1	SRR5862042	1.008906065660905
SLCO1B1	SRR5862043	1
SLCO1B1	SRR5862044	1.0014055147250733
SLCO1B1	SRR5862045	1.0042478840305331
SLCO1B1	SRR5862046	2.016173222983174
SLCO1B1	SRR5862047	1.0089159479947496
SLCO1B1	SRR5862048	1.2476565419699956
SLCO1B1	SRR5862049	1.0156069730173327
SLCO1B1	SRR5862050	1.0033796658956018
SLCO1B1	SRR5862051	1.0048247538699455
SLCO1B1	SRR5862052	1.0034545854694705
SLCO1B1	SRR5862053	1.0026719713353072
SLCO1B1	SRR5862054	1.0267561214855105
SLCO1B1	SRR5862055	1.0232532546254731
SLCO1B1	SRR5862056	1.0330179193485718
SLCO1B1	SRR5862057	1.0078379061163627
SLCO1B1	SRR5862058	1.0022972139313746
SLCO1B1	SRR5862059	1.0282460709376438
SLCO1B1	SRR5862060	1.0094602413506888
SLCO1B1	SRR5862061	1.0035740564466114
SLCO1B1	SRR5862062	1.0005398398063463
SLCO1B1	SRR5862063	1.0124290189222205
SLCO1B1	SRR5862064	1.0019366561734564
SLCO1B1	SRR5862065	1.0025217469463543
SLCO1B1	SRR5862066	1.0091191747737602
SLCO1B1	SRR5862067	1.2346054739520673
SLCO1B1	SRR5862068	1.0047804468380375
SLCO1B1	SRR5862069	1.0021611084168651
SLCO1B1	SRR5862070	1.0135179735318556
SLCO1B1	SRR5862071	1.2526030228986182
SLCO1B1	SRR5862072	1.2641489791098965
SLCO1B1	SRR5862073	1.0018713063353686
SLCO1B1	SRR5862074	1.0050886041390446
SLCO1B1	SRR5862075	1.0068862093697364
SLCO1B1	SRR5862076	1.2411031446573944
SLCO1B1	SRR5862077	1.003935203440753
SLCO1B1	SRR5862078	2.1557714752265578
SLCO1B1	SRR5862079	1.0104091371093453
SLCO1B1	SRR5862080	1.0186454033243084
SLCO1B1	SRR5862081	1.001725803535813
SLCO1B1	SRR5862082	1.003815689470687
SLCO1B1	SRR5862083	1
SLCO1B1	SRR5862084	2.013992578206017
SLCO1B1	SRR5862085	1
SLCO1B1	SRR5862086	1.0250917577235414
SLCO1B1	SRR5862087	1.012188279490948
SLCO1B1	SRR5862088	1.1217892178413114
SLCO1B1	SRR5862089	1.0124189758199451
SLCO1B1	SRR5862090	1.001725803535813
SLCO1B1	SRR5862091	1.0141279864194517
SLCO1B1	SRR5862092	1.0208826030747233
SLCO1B1	SRR5862093	1.0001799142310437
SLCO1B1	SRR5862094	2.0100110722857436
SLCO1B1	SRR5862095	1.087669059175563
SLCO1B1	SRR5862096	1.0021917441245578
SLCO1B1	SRR5862097	1.005397931987203
SLCO1B1	SRR5862098	1.9069542756274624
SLCO1B1	SRR5862099	1.0228039476891262
SLCO1B1	SRR5862100	1.0026579014399075
SLCO1B1	SRR5862101	1.0587548081059646
SLCO1B1	SRR5862102	1.0058963295739756
SLCO1B1	SRR5862103	1.023617822582202
SLCO1B1	SRR5862104	1.0041728190577268
SLCO1B1	SRR5862105	1.0112580359699288
SLCO1B1	SRR5862106	1.0042826021444868
SLCO1B1	SRR5862107	1
SLCO1B1	SRR5862108	1.0069518863188005
SLCO1B1	SRR5862109	1.0018005996203712
SLCO1B1	SRR5862110	1.0080438404145668
SLCO1B1	SRR5862111	1.0151647184346997
SLCO1B1	SRR5862112	1.0038042473308406
SLCO1B1	SRR5862113	1.00885426642168
SLCO1B1	SRR5862114	1.0047190180949654
SLCO1B1	SRR5862115	1.006845926709767
SLCO1B1	SRR5862116	1.0258116030467397
SLCO1B1	SRR5862117	1.003304751915352
SLCO1B1	SRR5862118	1.008416269579962
SLCO1B1	SRR5862119	1.0041601033955165
SLCO1B1	SRR5862120	1.0009445377129693
SLCO1B1	SRR5862121	1.0014708341806098
SLCO1B1	SRR5862122	1.0020862854161259
SLCO1B1	SRR5862123	1.0022972139313746
SLCO1B1	SRR5862124	1.0031991760872525
SLCO1B1	SRR5862125	2
SLCO1B1	SRR5862126	1.0008998949047658
SLCO1B1	SRR5862127	1.0037988754978042
SLCO1B1	SRR5862128	1.0037100598776116
SLCO1B1	SRR5862129	1.0788293013858379
SLCO1B1	SRR5862130	1.0062062904901619
SLCO1B1	SRR5862131	1.002266574999606
SLCO1B1	SRR5862132	1.0008998949047658
SLCO1B1	SRR5862133	1.0009578629360643
SLCO1B1	SRR5862134	1.0002851723145936
SLCO1B1	SRR5862135	1.0128135825274416
SLCO1B1	SRR5862136	1.000359860831218
SLCO1B1	SRR5862137	1.0021611084168651
SLCO1B1	SRR5862138	1.0017838194003639
SLCO1B1	SRR5862139	1.0013654513321437
SLCO1B1	SRR5862140	1.003304751915352
SLCO1B1	SRR5862141	1.0044325817307802
SLCO1B1	SRR5862142	1.0027021148755608
SLCO1B1	SRR5862143	1.000359860831218
SLCO1B1	SRR5862144	1.0057733394052475
SLCO1B1	SRR5862145	1.003304751915352
SLCO1B1	SRR5862146	1.0136106281436992
SLCO1B1	SRR5862147	1.0073417943066594
SLCO1B1	SRR5862148	1
SLCO1B1	SRR5862149	1.0057597353227128
SLCO1B1	SRR5862150	1.002446897019748
SLCO1B1	SRR5862151	1.0124906225058696
SLCO1B1	SRR5862152	1.0247021665376759
SLCO1B1	SRR5862153	1.0207507402373297
SLCO1B1	SRR5862154	1
SLCO1B1	SRR5862155	1.00632433278211
SLCO1B1	SRR5862156	1.0258531825432229
SLCO1B1	SRR5862157	1.0260812180778769
SLCO1B1	SRR5862158	1.0005398398063463
SLCO1B1	SRR5862159	1.0059333309904885
SLCO1B1	SRR5862160	1.0382660511696764
SLCO1B1	SRR5862161	1.0027327671216282
SLCO1B1	SRR5862162	1.0033354225838187
SLCO1B1	SRR5862163	1.0035295106373756
SLCO1B1	SRR5862164	1.0501623844096677
SLCO1B1	SRR5862165	1.0043278241973694
SLCO1B1	SRR5862166	1.0042826021444868
SLCO1B1	SRR5862167	1.0020862854161259
SLCO1B1	SRR5862168	1.001651013035654
SLCO1B1	SRR5862169	1.0037100598776116
SLCO1B1	SRR5862170	1.0111269374447733
SLCO1B1	SRR5862171	2.003451607071626
SLCO1B1	SRR5862172	1.001756425936391
SLCO1B1	SRR5862173	1.025220377181768
SLCO1B1	SRR5862174	1.028424995391858
SLCO1B1	SRR5862175	1.0048829492130347
SLCO1B1	SRR5862176	1.0173137397493108
SLCO1B1	SRR5862177	1.0322718092842704
SLCO1B1	SRR5862178	2.0576193607952975
SLCO1B1	SRR5862179	1.0056231596200704
SLCO1B1	SRR5862180	1.1637413174363656
SLCO1B1	SRR5862181	1.021192246321851
SLCO1B1	SRR5862182	1.0094112128915342
SLCO1B1	SRR5862183	1.0050055361428718
SLCO1B1	SRR5862184	1.0274397025883788
SLCO1B1	SRR5862185	1
SLCO1B1	SRR5862186	1.0073417943066594
SLCO1B1	SRR5862187	1.0075707059203194
SLCO1B1	SRR5862188	1.039289963781234
SLCO1B1	SRR5862189	1.0083712935274278
SLCO1B1	SRR5862190	1.0013654513321437
SLCO1B1	SRR5862191	1.0119991177693053
SLCO1B1	SRR5862192	1.0452267290247683
SLCO1B1	SRR5862193	1.0035876309652703
SLCO1B1	SRR5862194	1.0053155170153698
SLCO1B1	SRR5862195	2.0126941172406245
SLCO1B1	SRR5862196	1
SLCO1B1	SRR5862197	2
SLCO1B1	SRR5862198	1.1010895492315216
SLCO1B1	SRR5862199	1.0024775414638962
SLCO1B1	SRR5862200	1.0021917441245578
SLCO1B1	SRR5862201	2.5438400651851376
SLCO1B1	SRR5862202	1.0218991464798453
SLCO1B1	SRR5862203	1.034359570941625
SLCO1B1	SRR5862204	1
SLCO1B1	SRR5862205	1
SLCO1B1	SRR5862206	1.0181176093417283
SLCO1B1	SRR5862207	1.005322867319879
SLCO1B1	SRR5862208	1.019485887646539
SLCO1B1	SRR5862209	1.0112951746143541
SLCO1B1	SRR5862210	1
SLCO1B1	SRR5862211	1.032816631560076
SLCO1B1	SRR5862212	1.0088809831317571
SLCO1B1	SRR5862213	2.0094043779825483
SLCO1B1	SRR5862214	1.0027634203047235
SLCO1B1	SRR5862215	1.0023720526815605
SLCO1B1	SRR5862216	1.0036559710886879
SLCO1B1	SRR5862217	1.0065013965914829
SLCO1B1	SRR5862218	1.0009826235521704
SLCO1B1	SRR5862219	1.023350981956458
SLCO1B1	SRR5862220	1.0044939929610694
SLCO1B1	SRR5862221	1
SLCO1B1	SRR5862222	1.00325727728352
SLCO1B1	SRR5862223	1.0433348417292698
SLCO1B1	SRR5862224	1.0079332911520626
SLCO1B1	SRR5862225	1.0026812212903726
SLCO1B1	SRR5862226	1.0010799710397094
SLCO1B1	SRR5862227	1
SLCO1B1	SRR5862228	2.0181428500271488
SLCO1B1	SRR5862229	1.0059099355041081
SLCO1B1	SRR5862230	1.005302786883378
SLCO1B1	SRR5862231	1.0020862854161259
SLCO1B1	SRR5862232	1.0151340437122982
SLCO1B1	SRR5862233	1.0027634203047235
SLCO1B1	SRR5862234	1.0058971340998772
SLCO1B1	SRR5862235	1.0008998949047658
SLCO1B1	SRR5862236	1.0021443221583142
SLCO1B1	SRR5862237	1.031015477815649
SLCO1B1	SRR5862238	1.0008998949047658
SLCO1B1	SRR5862239	1.0077170577043544
SLCO1B1	SRR5862240	1.0027327671216282
SLCO1B1	SRR5862241	1.0061967931686884
SLCO1B1	SRR5862242	1.0069518863188005
SLCO1B1	SRR5862243	1.0056231596200704
SLCO1B1	SRR5862244	1.0144792093359367
SLCO1B1	SRR5862245	1.01827642435426
SLCO1B1	SRR5862246	1.0019060282634729
SLCO1B1	SRR5862247	1.005646548436608
SLCO1B1	SRR5862248	1.0007198511622537
SLCO1B1	SRR5862249	1.0151672362957598
SLCO1B1	SRR5862250	4.042344792350933
SLCO1B1	SRR5862251	1.0103319048040413
SLCO1B1	SRR5862252	1.0025523936786382
SLCO1B1	SRR5862253	1.0077827888478086
SLCO1B1	SRR5862254	1.0071605917832513
SLCO1B1	SRR5862255	1.0080393651944055
SLCO1B1	SRR5862256	1.0154992904437379
SLCO1B1	SRR5862257	1.0137597798867521
SLCO1B1	SRR5862258	1.0025523936786382
SLCO1B1	SRR5862259	1.013717596574022
SLCO1B1	SRR5862260	1.0647831768924885
SLCO1B1	SRR5862261	1.0166686288059708
SLCO1B1	SRR5862262	1.0099915908540964
SLCO1B1	SRR5862263	1.0455054067543619
SLCO1B1	SRR5862264	1.0058348326097575
SLCO1B1	SRR5862265	1.001260079572912
SLCO1B1	SRR5862266	1.0054836551612463
SLCO1B1	SRR5862267	1.0552428781134908
SLCO1B1	SRR5862268	1.0049748144211899
SLCO1B1	SRR5862269	1.0039487828443494
SLCO1B1	SRR5862270	1.002266574999606
SLCO1B1	SRR5862271	1.005967325364075
SLCO1B1	SRR5862272	1.0112732108438143
SLCO1B1	SRR5862273	1.0034545854694705
SLCO1B1	SRR5862274	1.0045964661135607
SLCO1B1	SRR5862275	1.0129925360933478
SLCO1B1	SRR5862276	1.0173966505334036
SLCO1B1	SRR5862277	1.0126860964204654
SLCO1B1	SRR5949109	1.1498283651018633
SLCO1B1	SRR5949110	1.148171272003916
SLCO1B1	SRR5949111	1.1498283651018633
SLCO1B1	SRR5949112	1.1499000124654937
SLCO1B1	SRR5949113	1.1493287860193127
SLCO1B1	SRR5949114	1.1499000124654937
SLCO1B1	SRR5949115	1.1498283651018633
SLCO1B1	SRR5949116	1.149801355279094
SLCO1B1	SRR5949117	1.1499000124654937
SLCO1B1	SRR5949118	1.149757132515299
SLCO1B1	SRR5949119	1.1498700492655702
SLCO1B1	SRR5949120	1.149752993629983
SLCO1B1	SRR5949121	1.149727479151349
SLCO1B1	SRR5949122	1.149659680044542
SLCO1B1	SRR5949123	1.1495224477062624
SLCO1B1	SRR5949124	1.1489713533334538
SLCO1B1	SRR5949125	1.1493657120956842
SLCO1B1	SRR5949126	1.1496653216499102
SLCO1B1	SRR5949127	1.149752993629983
SLCO1B1	SRR5949128	1.149752993629983
SLCO1B1	SRR5949129	1.1498758641415114
SLCO1B1	SRR5949130	1.1498041981068907
SLCO1B1	SRR5949131	1.1496516232140812
SLCO1B1	SRR5949132	1.1498283651018633
SLCO1B1	SRR5949133	1.1496993836519698
SLCO1B1	SRR5949134	1.1499000124654937
SLCO1B1	SRR5949135	1.149801355279094
SLCO1B1	SRR5949136	1.1498700492655702
SLCO1B1	SRR5949137	1.1489979896611313
SLCO1B1	SRR5949138	1.1496058907069004
SLCO1B1	SRR5949139	1.1496653216499102
SLCO1B1	SRR5949140	1.1498283651018633
SLCO1B1	SRR5949141	1.1498758641415114
SLCO1B1	SRR5949142	1.1498041981068907
SLCO1B1	SRR5949143	1.1499000124654937
SLCO1B1	SRR5949144	1.149757132515299
SLCO1B1	SRR5949145	1.1497815594090803
SLCO1B1	SRR5949146	1.149752993629983
SLCO1B1	SRR5949147	1.149752993629983
SLCO1B1	SRR5949148	1.1489471817569916
SLCO1B1	SRR5949149	1.149757132515299
SLCO1B1	SRR5949150	1.1498758641415114
SLCO1B1	SRR5949151	1.1494823274298185
SLCO1B1	SRR5949152	1.1476551316063306
SLCO1B1	SRR5949153	1.149659680044542
SLCO1B1	SRR5949154	1.1487635500794011
SLCO1B1	SRR5949155	1.1497815594090803
SLCO1B1	SRR5949156	1.1498758641415114
SLCO1B1	SRR5949157	1.1498700492655702
SLCO1B1	SRR5949158	1.1499000124654937
SLCO1B1	SRR5949159	1.1489204896371397
SLCO1B1	SRR5949160	1.1498283651018633
SLCO1B1	SRR5949161	1.1498283651018633
SLCO1B1	SRR5949162	1.1498283651018633
SLCO1B1	SRR5949163	1.1498758641415114
SLCO1B1	SRR5949164	1.1499000124654937
SLCO1B1	SRR5949165	1.149801355279094
SLCO1B1	SRR5949166	1.1498758641415114
SLCO1B1	SRR5949167	1.149757132515299
SLCO1B1	SRR5949168	1.1497815594090803
SLCO1B1	SRR5949169	1.1447151303318799
SLCO1B1	SRR5949170	1.1499000124654937
SLCO1B1	SRR5949171	1.1496516232140812
SLCO1B1	SRR5949172	1.1496058907069004
SLCO1B1	SRR5949173	1.1498283651018633
SLCO1B1	SRR5949174	1.1497815594090803
SLCO1B1	SRR5949175	1.1499000124654937
SLCO1B1	SRR5949176	1.149727479151349
SLCO1B1	SRR5949177	1.1489132956948793
SLCO1B1	SRR5949178	1.1496653216499102
SLCO1B1	SRR5949179	1.1497815594090803
SLCO1B1	SRR5949180	1.1499000124654937
SLCO1B1	SRR5949181	1.1498700492655702
SLCO1B1	SRR5949182	1.149727479151349
SLCO1B1	SRR5949183	1.1498758641415114
SLCO1B1	SRR5949184	1.149801355279094
SLCO1B1	SRR5949185	1.1495611354981103
SLCO1B1	SRR5949186	1.1492630102128836
SLCO1B1	SRR5949187	1.1498041981068907
SLCO1B1	SRR5949188	1.149801355279094
SLCO1B1	SRR5949189	1.149752993629983
SLCO1B1	SRR5949190	1.149757132515299
SLCO1B1	SRR5949191	1.1496058907069004
SLCO1B1	SRR5949192	1.1498700492655702
SLCO1B1	SRR5949193	1.1498758641415114
SLCO1B1	SRR5949194	1.1498283651018633
SLCO1B1	SRR5949195	1.149801355279094
SLCO1B1	SRR5949196	1.149639556483191
SLCO1B1	SRR5949197	1.1494508753827517
SLCO1B1	SRR5949198	1.1489684643066176
SLCO1B1	SRR5949199	1.1496653216499102
SLCO1B1	SRR5949200	1.1498758641415114
SLCO1B1	SRR5949201	1.1497815594090803
SLCO1B1	SRR5949202	1.1498041981068907
SLCO1B1	SRR5949203	1.1498700492655702
SLCO1B1	SRR5949204	1.1499000124654937
SLCO1B1	SRR5949205	1.1499000124654937
SLCO1B1	SRR5949206	1.149801355279094
SLCO1B1	SRR5949207	1.1498283651018633
SLCO1B1	SRR5949208	1.149757132515299
SLCO1B1	SRR5949209	1.1498283651018633
SLCO1B1	SRR5949210	1.1497815594090803
SLCO1B1	SRR5949211	1.1494508753827517
SLCO1B1	SRR5949212	1.149757132515299
SLCO1B1	SRR5949213	1.1496993836519698
SLCO1B1	SRR5949214	1.1495224477062624
SLCO1B1	SRR5949215	1.149752993629983
SLCO1B1	SRR5949216	1.1498041981068907
SLCO1B1	SRR5949217	1.1498041981068907
SLCO1B1	SRR5949218	1.1496993836519698
SLCO1B1	SRR5949219	1.149727479151349
SLCO1B1	SRR5949220	1.1495611354981103
SLCO1B1	SRR5949221	1.149515806070026
SLCO1B1	SRR5949222	1.149752993629983
SLCO1B1	SRR5949223	1.1489094288850477
SLCO1B1	SRR5949224	1.1497815594090803
SLCO1B1	SRR5949225	1.1498700492655702
SLCO1B1	SRR5949226	1.1495611354981103
SLCO1B1	SRR5949227	1.1498700492655702
SLCO1B1	SRR5949228	1.1496058907069004
SLCO1B1	SRR5949229	1.149639556483191
SLCO1B1	SRR5949230	1.1498700492655702
SLCO1B1	SRR5949231	1.1494707522857042
SLCO1B1	SRR5949232	1.1487635500794011
SLCO1B1	SRR5949233	1.1489229708372037
SLCO1B1	SRR5949234	1.149752993629983
SLCO1B1	SRR5949235	1.1496058907069004
SLCO1B1	SRR5949236	1.1478430081697302
SLCO1B1	SRR5949237	1.1494610034998385
SLCO1B1	SRR5949238	1.1492438683694057
SLCO1B1	SRR5949239	1.147930185304594
SLCO1B1	SRR5949240	1.1498758641415114
SLCO1B1	SRR5949241	1.149757132515299
SLCO1B1	SRR5949242	1.1497815594090803
SLCO1B1	SRR5949243	1.1496516232140812
SLCO1B1	SRR5949244	1.1496653216499102
SLCO1B1	SRR5949245	1.1496653216499102
SLCO1B1	SRR5949246	1.149801355279094
SLCO1B1	SRR5949247	1.149752993629983
SLCO1B1	SRR5949248	1.149801355279094
SLCO1B1	SRR5949249	1.1497815594090803
SLCO1B1	SRR5949250	1.1499000124654937
SLCO1B1	SRR5949251	1.1496058907069004
SLCO1B1	SRR5949252	1.1498283651018633
SLCO1B1	SRR5949253	1.1494121443044876
SLCO1B1	SRR5949254	1.1495510677538354
SLCO1B1	SRR5949255	1.1497815594090803
SLCO1B1	SRR5949256	1.149659680044542
SLCO1B1	SRR5949257	1.1498758641415114
SLCO1B1	SRR5949258	1.1498758641415114
SLCO1B1	SRR5949259	1.149727479151349
SLCO1B1	SRR5949260	1.1499000124654937
SLCO1B1	SRR5949261	1.1499000124654937
SLCO1B1	SRR5949262	1.149659680044542
SLCO1B1	SRR5949263	1.1498041981068907
SLCO1B1	SRR5949264	1.149727479151349
SLCO1B1	SRR5949265	1.1498700492655702
SLCO1B1	SRR5949266	1.1490859664004887
SLCO1B1	SRR5949267	1.1491016556665985
SLCO1B1	SRR5949268	1.1498700492655702
SLCO1B1	SRR5949269	1.149752993629983
SLCO1B1	SRR5949270	1.1497815594090803
SLCO1B1	SRR5949271	1.1495224477062624
SLCO1B1	SRR5949272	1.1499000124654937
SLCO1B1	SRR5949273	1.1499000124654937
SLCO1B1	SRR5949274	1.149801355279094
SLCO1B1	SRR5949275	1.1495012298161975
SLCO1B1	SRR5949276	1.149801355279094
SLCO1B1	SRR5949277	1.1491016556665985
SLCO1B1	SRR5949278	1.1498041981068907
SLCO1B1	SRR5949279	1.1498041981068907
SLCO1B1	SRR5949280	1.1493806150832857
SLCO1B1	SRR5949281	1.149801355279094
SLCO1B1	SRR5949282	1.1499000124654937
SLCO1B1	SRR5949283	1.1494610034998385
SLCO1B1	SRR5949284	1.1499000124654937
SLCO1B1	SRR5949285	1.1485352709618715
SLCO1B1	SRR5949286	1.1490061236504394
SLCO1B1	SRR5949287	1.1499000124654937
SLCO1B1	SRR5949288	1.1498041981068907
SLCO1B1	SRR5949289	1.1496653216499102
SLCO1B1	SRR5949290	1.1499000124654937
SLCO1B1	SRR5949291	1.1497815594090803
SLCO1B1	SRR5949292	1.149752993629983
SLCO1B1	SRR5949293	1.1499000124654937
SLCO1B1	SRR5949294	1.1498758641415114
SLCO1B1	SRR5949295	1.1498041981068907
SLCO1B1	SRR5949296	1.1498041981068907
SLCO1B1	SRR5949297	1.1498283651018633
SLCO1B1	SRR5949298	1.149614382860247
SLCO1B1	SRR5949299	1.149757132515299
SLCO1B1	SRR5949300	1.1498758641415114
SLCO1B1	SRR5949301	1.1498758641415114
SLCO1B1	SRR5949302	1.1496653216499102
SLCO1B1	SRR5949303	1.1496516232140812
SLCO1B1	SRR5949304	1.1498283651018633
SLCO1B1	SRR5949305	1.1490061236504394
SLCO1B1	SRR5949306	1.1498700492655702
SLCO1B1	SRR5949307	1.149757132515299
SLCO1B1	SRR5949308	1.149801355279094
SLCO1B1	SRR5949309	1.1495565511841175
SLCO1B1	SRR5949310	1.1495565511841175
SLCO1B1	SRR5949311	1.1497815594090803
SLCO1B1	SRR5949312	1.149461221160821
SLCO1B1	SRR5949313	1.1497815594090803
SLCO1B1	SRR5949314	1.1498758641415114
SLCO1B1	SRR5949315	1.1497815594090803
SLCO1B1	SRR5949316	1.1498041981068907
SLCO1B1	SRR5949317	1.1492438683694057
SLCO1B1	SRR5949318	1.1491016556665985
SLCO1B1	SRR5949319	1.1498283651018633
SLCO1B1	SRR5949320	1.1499000124654937
SLCO1B1	SRR5949321	1.149801355279094
SLCO1B1	SRR5949322	1.149614382860247
SLCO1B1	SRR5949323	1.1497815594090803
SLCO1B1	SRR5949324	1.1499000124654937
SLCO1B1	SRR5949325	1.1498041981068907
SLCO1B1	SRR5949326	1.1497815594090803
SLCO1B1	SRR5949327	1.1490004023259148
SLCO1B1	SRR5949328	1.1498283651018633
SLCO1B1	SRR5949329	1.1498283651018633
SLCO1B1	SRR5949330	1.1498041981068907
SLCO1B1	SRR5949331	1.1498700492655702
SLCO1B1	SRR5949332	1.1499000124654937
SLCO1B1	SRR5949333	1.1496993836519698
SLCO1B1	SRR5949334	1.1494508753827517
SLCO1B1	SRR5949335	1.1498758641415114
SLCO1B1	SRR5949336	1.149801355279094
SLCO1B1	SRR5949337	1.1498700492655702
SLCO1B1	SRR5949338	1.1498041981068907
SLCO1B1	SRR5949339	1.1498041981068907
SLCO1B1	SRR5949340	1.149614382860247
SLCO1B1	SRR5949341	1.149727479151349
SLCO1B1	SRR5949342	1.1498700492655702
SLCO1B1	SRR5949343	1.149727479151349
SLCO1B1	SRR5949344	1.1498283651018633
SLCO1B1	SRR5949345	1.1498700492655702
SLCO1B1	SRR5949346	1.1489824166943214
SLCO1B1	SRR5949347	1.1494257243385793
SLCO1B1	SRR5949348	1.1487709425734813
SLCO1B1	SRR5949349	1.1498041981068907
SLCO1B1	SRR5949350	1.149757132515299
SLCO1B1	SRR5949351	1.1497815594090803
SLCO1B1	SRR5949352	1.149801355279094
SLCO1B1	SRR5949353	1.1498041981068907
SLCO1B1	SRR5949354	1.1495224477062624
SLCO1B1	SRR5949355	1.149727479151349
SLCO1B1	SRR5949356	1.1467122388088349
SLCO1B1	SRR5949357	1.149752993629983
SLCO1B1	SRR5949358	1.1497815594090803
SLCO1B1	SRR5949359	1.1498041981068907
SLCO1B1	SRR5949360	1.149727479151349
SLCO1B1	SRR5949361	1.1496653216499102
SLCO1B1	SRR5949362	1.1478188840514512
SLCO1B1	SRR5949363	1.1498758641415114
SLCO1B1	SRR5949364	1.1496058907069004
SLCO1B1	SRR5949365	1.1494121443044876
SLCO1B1	SRR5949366	1.1474377159067004
SLCO1B1	SRR5949367	1.1499000124654937
SLCO1B1	SRR5949368	1.148804618132568
SLCO1B1	SRR5949369	1.1498758641415114
SLCO1B1	SRR5949370	1.1498283651018633
SLCO1B1	SRR5949371	1.1495565511841175
SLCO1B1	SRR5949372	1.149801355279094
SLCO1B1	SRR5949373	1.1498758641415114
SLCO1B1	SRR5949374	1.1496516232140812
SLCO1B1	SRR5949375	1.1498758641415114
SLCO1B1	SRR5949376	1.1499000124654937
SLCO1B1	SRR5949377	1.1498041981068907
SLCO1B1	SRR5949378	1.1499000124654937
SLCO1B1	SRR5949379	1.1498041981068907
SLCO1B1	SRR5949380	1.1489471817569916
SLCO1B1	SRR5949381	1.1495012298161975
SLCO1B1	SRR5949382	1.1498283651018633
SLCO1B1	SRR5949383	1.1496993836519698
SLCO1B1	SRR5949384	1.1498758641415114
SLCO1B1	SRR5949385	1.149659680044542
SLCO1B1	SRR5949386	1.1499000124654937
SLCO1B1	SRR5949387	1.147930185304594
SLCO1B1	SRR5949388	1.1495224477062624
SLCO1B1	SRR5949389	1.1499000124654937
SLCO1B1	SRR5949390	1.1497815594090803
SLCO1B1	SRR5949391	1.1495565511841175
SLCO1B1	SRR5949392	1.1499000124654937
SLCO1B1	SRR5949393	1.1495565511841175
SLCO1B1	SRR5949394	1.1495012298161975
SLCO1B1	SRR5949395	1.1497815594090803
SLCO1B1	SRR5949396	1.1489204896371397
SLCO1B1	SRR5949397	1.1498758641415114
SLCO1B1	SRR5949398	1.1498700492655702
SLCO1B1	SRR5949399	1.1497815594090803
SLCO1B1	SRR5949400	1.1442239823514004
SLCO1B1	SRR5949401	1.1499000124654937
SLCO1B1	SRR5949402	1.149801355279094
SLCO1B1	SRR5949403	1.149757132515299
SLCO1B1	SRR5949404	1.1495611354981103
SLCO1B1	SRR5949405	1.1498041981068907
SLCO1B1	SRR5949406	1.1498758641415114
SLCO1B1	SRR5949407	1.1498041981068907
SLCO1B1	SRR5949408	1.1498041981068907
SLCO1B1	SRR5949409	1.149801355279094
SLCO1B1	SRR5949410	1.149801355279094
SLCO1B1	SRR5949411	1.1499000124654937
SLCO1B1	SRR5949412	1.1496653216499102
SLCO1B1	SRR5949413	1.1498041981068907
SLCO1B1	SRR5949414	1.1498283651018633
SLCO1B1	SRR5949415	1.1498700492655702
SLCO1B1	SRR5949416	1.149752993629983
SLCO1B1	SRR5949417	1.1496993836519698
SLCO1B1	SRR5949418	1.1498041981068907
SLCO1B1	SRR5949419	1.1498283651018633
SLCO1B1	SRR5949420	1.149727479151349
SLCO1B1	SRR5949421	1.1496993836519698
SLCO1B1	SRR5949422	1.149752993629983
SLCO1B1	SRR5949423	1.149752993629983
SLCO1B1	SRR5949424	1.1499000124654937
SLCO1B1	SRR5949425	1.149752993629983
SLCO1B1	SRR5949426	1.1498700492655702
SLCO1B1	SRR5949427	1.149752993629983
SLCO1B1	SRR5949428	1.1499000124654937
SLCO1B1	SRR5949429	1.149461221160821
SLCO1B1	SRR5949430	1.1497815594090803
SLCO1B1	SRR5949431	1.1497815594090803
SLCO1B1	SRR5949432	1.149801355279094
SLCO1B1	SRR5949433	1.149757132515299
SLCO1B1	SRR5949434	1.149757132515299
SLCO1B1	SRR5949435	1.1495510677538354
SLCO1B1	SRR5949436	1.1498283651018633
SLCO1B1	SRR5949437	1.149461221160821
SLCO1B1	SRR5949438	1.1493806150832857
SLCO1B1	SRR5949439	1.1498758641415114
SLCO1B1	SRR5949440	1.1498700492655702
SLCO1B1	SRR5949441	1.1498700492655702
SLCO1B1	SRR5949442	1.1496516232140812
SLCO1B1	SRR5949443	1.1495611354981103
SLCO1B1	SRR5949444	1.1495012298161975
SLCO1B1	SRR5949445	1.1499000124654937
SLCO1B1	SRR5949446	1.1498700492655702
SLCO1B1	SRR5949447	1.149757132515299
SLCO1B1	SRR5949448	1.1499000124654937
SLCO1B1	SRR5949449	1.1499000124654937
SLCO1B1	SRR5949450	1.1497815594090803
SLCO1B1	SRR5949451	1.1496993836519698
SLCO1B1	SRR5949452	1.1498041981068907
SLCO1B1	SRR5949453	1.1497815594090803
SLCO1B1	SRR5949454	1.1498041981068907
SLCO1B1	SRR5949455	1.149757132515299
SLCO1B1	SRR5949456	1.1498758641415114
SLCO1B1	SRR5949457	1.1498700492655702
SLCO1B1	SRR5949458	1.1498758641415114
SLCO1B1	SRR5949459	1.149801355279094
SLCO1B1	SRR5949460	1.1495611354981103
SLCO1B1	SRR5949461	1.1490004023259148
SLCO1B1	SRR5949462	1.1498283651018633
SLCO1B1	SRR5949463	1.1495510677538354
SLCO1B1	SRR5949464	1.1494610034998385
SLCO1B1	SRR5949465	1.1489587806071277
SLCO1B1	SRR5949466	1.1497815594090803
SLCO1B1	SRR5949467	1.1489471817569916
SLCO1B1	SRR5949468	1.1498283651018633
SLCO1B1	SRR5949469	1.1498700492655702
SLCO1B1	SRR5949470	1.1498041981068907
SLCO1B1	SRR5949471	1.149727479151349
SLCO1B1	SRR5949472	1.149801355279094
SLCO1B1	SRR5949473	1.149801355279094
SLCO1B1	SRR5949474	1.149757132515299
SLCO1B1	SRR5949475	1.1499000124654937
SLCO1B1	SRR5949476	1.1498041981068907
SLCO1B1	SRR5949477	1.1498700492655702
SLCO1B1	SRR5949478	1.149801355279094
SLCO1B1	SRR5949479	1.149283393549715
SLCO1B1	SRR5949480	1.149752993629983
SLCO1B1	SRR5949481	1.1498700492655702
SLCO1B1	SRR5949482	1.1496653216499102
SLCO1B1	SRR5949483	1.1492630102128836
SLCO1B1	SRR5949484	1.1498283651018633
SLCO1B1	SRR5949485	1.1495012298161975
SLCO1B1	SRR5949486	1.149757132515299
SLCO1B1	SRR5949487	1.149752993629983
SLCO1B1	SRR5949488	1.149461221160821
SLCO1B1	SRR5949489	1.1496058907069004
SLCO1B1	SRR5949490	1.1496058907069004
SLCO1B1	SRR5949491	1.149757132515299
SLCO1B1	SRR5949492	1.1496058907069004
SLCO1B1	SRR5949493	1.149727479151349
SLCO1B1	SRR5949494	1.1499000124654937
SLCO1B1	SRR5949495	1.1494707522857042
SLCO1B1	SRR5949496	1.149727479151349
SLCO1B1	SRR5949497	1.149727479151349
SLCO1B1	SRR5949498	1.1497815594090803
SLCO1B1	SRR5949499	1.1498283651018633
SLCO1B1	SRR5949500	1.1494121443044876
SLCO1B1	SRR5949501	1.149515806070026
SLCO1B1	SRR5949502	1.1492573238148507
SLCO1B1	SRR5949503	1.149639556483191
SLCO1B1	SRR5949504	1.1498041981068907
SLCO1B1	SRR5949505	1.1498041981068907
SLCO1B1	SRR5949506	1.1498041981068907
SLCO1B1	SRR5949507	1.1498700492655702
SLCO1B1	SRR5949508	1.149752993629983
SLCO1B1	SRR5949509	1.1498283651018633
SLCO1B1	SRR5949510	1.1498041981068907
SLCO1B1	SRR5949511	1.1489592829745587
SLCO1B1	SRR5949512	1.149801355279094
SLCO1B1	SRR5949513	1.1499000124654937
SLCO1B1	SRR5949514	1.149659680044542
SLCO1B1	SRR5949515	1.1498283651018633
SLCO1B1	SRR5949516	1.149757132515299
SLCO1B1	SRR5949517	1.1498041981068907
SLCO1B1	SRR5949518	1.149283393549715
SLCO1B1	SRR5949519	1.1496058907069004
SLCO1B1	SRR5949520	1.1498700492655702
SLCO1B1	SRR5949521	1.1490859664004887
SLCO1B1	SRR5949522	1.149801355279094
SLCO1B1	SRR5949523	1.1498700492655702
SLCO1B1	SRR5949524	1.149757132515299
SLCO1B1	SRR5949525	1.149659680044542
SLCO1B1	SRR5949526	1.1489944018824365
SLCO1B1	SRR5949527	1.149639556483191
SLCO1B1	SRR5949528	1.1483720675437479
SLCO1B1	SRR5949529	1.1495224477062624
SLCO1B1	SRR5949530	1.149727479151349
SLCO1B1	SRR5949531	1.1496653216499102
SLCO1B1	SRR5949532	1.1498700492655702
SLCO1B1	SRR5949533	1.1499000124654937
SLCO1B1	SRR5949534	1.149659680044542
SLCO1B1	SRR5949535	1.1498283651018633
SLCO1B1	SRR5949536	1.1497815594090803
SLCO1B1	SRR5949537	1.1498700492655702
SLCO1B1	SRR5949538	1.1499000124654937
SLCO1B1	SRR5949539	1.149727479151349
SLCO1B1	SRR5949540	1.1495611354981103
SLCO1B1	SRR5949541	1.149727479151349
SLCO1B1	SRR5949542	1.1495224477062624
SLCO1B1	SRR5949543	1.149752993629983
SLCO1B1	SRR5949544	1.1495611354981103
SLCO1B1	SRR5949545	1.149283393549715
SLCO1B1	SRR5949546	1.149639556483191
SLCO1B1	SRR5949547	1.1499000124654937
SLCO1B1	SRR5949548	1.149757132515299
SLCO1B1	SRR5949549	1.1494121443044876
SLCO1B1	SRR5949550	1.1489471817569916
SLCO1B1	SRR5949551	1.149801355279094
SLCO1B1	SRR5949552	1.1494823274298185
SLCO1B1	SRR5949553	1.1498758641415114
SLCO1B1	SRR5949554	1.1498041981068907
SLCO1B1	SRR5949555	1.1409427054301
SLCO1B1	SRR5949556	1.149515806070026
SLCO1B1	SRR5949557	1.1497815594090803
SLCO1B1	SRR5949558	1.1494707522857042
SLCO1B1	SRR5949559	1.1498283651018633
SLCO1B1	SRR5949560	1.1498283651018633
SLCO1B1	SRR5949561	1.1490061236504394
SLCO1B1	SRR5949562	1.1495012298161975
SLCO1B1	SRR5949563	1.1497815594090803
SLCO1B1	SRR5949564	1.149801355279094
SLCO1B1	SRR5949565	1.1498758641415114
SLCO1B1	SRR5949566	1.1498283651018633
SLCO1B1	SRR5949567	1.1479342052496542
SLCO1B1	SRR5949568	1.1495565511841175
SLCO1B1	SRR5949569	1.149614382860247
SLCO1B1	SRR5949570	1.149727479151349
SLCO1B1	SRR5949571	1.1493287860193127
SLCO1B1	SRR5949572	1.1496993836519698
SLCO1B1	SRR5949573	1.1495565511841175
SLCO1B1	SRR5949574	1.1497815594090803
SLCO1B1	SRR5949575	1.149752993629983
SLCO1B1	SRR5949576	1.1496993836519698
SLCO1B1	SRR5949577	1.1498758641415114
SLCO1B1	SRR5949578	1.1497815594090803
SLCO1B1	SRR5949579	1.1498283651018633
SLCO1B1	SRR5949580	1.1498283651018633
SLCO1B1	SRR5949581	1.1499000124654937
SLCO1B1	SRR5949582	1.149614382860247
SLCO1B1	SRR5949583	1.1498758641415114
SLCO1B1	SRR5949584	1.1489713533334538
SLCO1B1	SRR5949585	1.149801355279094
SLCO1B1	SRR5949586	1.1498041981068907
SLCO1B1	SRR5949587	1.149757132515299
SLCO1B1	SRR5949588	1.14823324140182
SLCO1B1	SRR5949589	1.1499000124654937
SLCO1B1	SRR5949590	1.149639556483191
SLCO1B1	SRR5949591	1.1498283651018633
SLCO1B1	SRR5949592	1.1496653216499102
SLCO1B1	SRR5949593	1.1499000124654937
SLCO1B1	SRR5949594	1.1496993836519698
SLCO1B1	SRR5949595	1.1498041981068907
SLCO1B1	SRR5949596	1.149757132515299
SLCO1B1	SRR5949597	1.1492327898220787
SLCO1B1	SRR5949598	1.149727479151349
SLCO1B1	SRR5949599	1.149639556483191
SLCO1B1	SRR5949600	1.1497815594090803
SLCO1B1	SRR5949601	1.1496993836519698
SLCO1B1	SRR5949602	1.1499000124654937
SLCO1B1	SRR5949603	1.149801355279094
SLCO1B1	SRR5949604	1.1498041981068907
SLCO1B1	SRR5949605	1.1496993836519698
SLCO1B1	SRR5949606	1.1494707522857042
SLCO1B1	SRR5949607	1.1498700492655702
SLCO1B1	SRR5949608	1.1490004023259148
SLCO1B1	SRR5950246	1.1489592829745587
SLCO1B1	SRR5950247	1.1494707522857042
SLCO1B1	SRR5950248	1.1497815594090803
SLCO1B1	SRR5950249	1.1499000124654937
SLCO1B1	SRR5950250	1.1495611354981103
SLCO1B1	SRR5950251	1.1497815594090803
SLCO1B1	SRR5950252	1.1498758641415114
SLCO1B1	SRR5950253	1.1498041981068907
SLCO1B1	SRR5950254	1.1494707522857042
SLCO1B1	SRR5950255	1.1492327898220787
SLCO1B1	SRR5950256	1.14882817140177
SLCO1B1	SRR5950257	1.1487945702274995
SLCO1B1	SRR5950258	1.149801355279094
SLCO1B1	SRR5950259	1.1498283651018633
SLCO1B1	SRR5950260	1.1497815594090803
SLCO1B1	SRR5950261	1.149801355279094
SLCO1B1	SRR5950262	1.149659680044542
SLCO1B1	SRR5950263	1.1492573238148507
SLCO1B1	SRR5950264	1.1498700492655702
SLCO1B1	SRR5950265	1.1495611354981103
SLCO1B1	SRR5950266	1.1489684643066176
SLCO1B1	SRR5950267	1.149801355279094
SLCO1B1	SRR5950268	1.1496993836519698
SLCO1B1	SRR5950269	1.149727479151349
SLCO1B1	SRR5950270	1.1494610034998385
SLCO1B1	SRR5950271	1.1499000124654937
SLCO1B1	SRR5950272	1.1499000124654937
SLCO1B1	SRR5950273	1.1497815594090803
SLCO1B1	SRR5950274	1.1496516232140812
SLCO1B1	SRR5950275	1.1496993836519698
SLCO1B1	SRR5950276	1.149801355279094
SLCO1B1	SRR5950277	1.149515806070026
SLCO1B1	SRR5950278	1.1492438683694057
SLCO1B1	SRR5950279	1.149757132515299
SLCO1B1	SRR5950280	1.1498041981068907
SLCO1B1	SRR5950281	1.1496993836519698
SLCO1B1	SRR5950282	1.1493287860193127
SLCO1B1	SRR5950283	1.149801355279094
SLCO1B1	SRR5950284	1.1466271340242074
SLCO1B1	SRR5950285	1.1494823274298185
SLCO1B1	SRR5950286	1.1497815594090803
SLCO1B1	SRR5950287	1.1491016556665985
SLCO1B1	SRR5950288	1.1495510677538354
SLCO1B1	SRR5950289	1.1490061236504394
SLCO1B1	SRR5950290	1.1498283651018633
SLCO1B1	SRR5950291	1.149801355279094
SLCO1B1	SRR5950292	1.1496653216499102
SLCO1B1	SRR5950293	1.1494610034998385
SLCO1B1	SRR5950294	1.1499000124654937
SLCO1B1	SRR5950295	1.1498758641415114
SLCO1B1	SRR5950296	1.149752993629983
SLCO1B1	SRR5950297	1.1494508753827517
SLCO1B1	SRR5950298	1.1498283651018633
SLCO1B1	SRR5950299	1.149614382860247
SLCO1B1	SRR5950300	1.149757132515299
SLCO1B1	SRR5950301	1.149801355279094
SLCO1B1	SRR5950302	1.149752993629983
SLCO1B1	SRR5950303	1.149614382860247
SLCO1B1	SRR5950304	1.149461221160821
SLCO1B1	SRR5950305	1.149752993629983
SLCO1B1	SRR5950306	1.149752993629983
SLCO1B1	SRR5950307	1.1496058907069004
SLCO1B1	SRR5950308	1.1496653216499102
SLCO1B1	SRR5950309	1.1496993836519698
SLCO1B1	SRR5950310	1.1497815594090803
SLCO1B1	SRR5950311	1.1498700492655702
SLCO1B1	SRR5950312	1.149801355279094
SLCO1B1	SRR5950313	1.1496653216499102
SLCO1B1	SRR5950314	1.1498283651018633
SLCO1B1	SRR5950315	1.149801355279094
SLCO1B1	SRR5950316	1.1498700492655702
SLCO1B1	SRR5950317	1.149614382860247
SLCO1B1	SRR5950318	1.1494610034998385
SLCO1B1	SRR5950319	1.149639556483191
SLCO1B1	SRR5950320	1.149614382860247
SLCO1B1	SRR5950321	1.148836459359721
SLCO1B1	SRR5950322	1.1495224477062624
SLCO1B1	SRR5950323	1.1496516232140812
SLCO1B1	SRR5950324	1.1498283651018633
SLCO1B1	SRR5950325	1.149659680044542
SLCO1B1	SRR5950326	1.149515806070026
SLCO1B1	SRR5950327	1.149801355279094
SLCO1B1	SRR5950328	1.149801355279094
SLCO1B1	SRR5950329	1.149752993629983
SLCO1B1	SRR5950330	1.149639556483191
SLCO1B1	SRR5950331	1.1493287860193127
SLCO1B1	SRR5950332	1.1494707522857042
SLCO1B1	SRR5950333	1.1498283651018633
SLCO1B1	SRR5950334	1.1498283651018633
SLCO1B1	SRR5950335	1.1498283651018633
SLCO1B1	SRR5950336	1.1477909267796054
SLCO1B1	SRR5950337	1.1490522198255662
SLCO1B1	SRR5950338	1.1484554126990747
SLCO1B1	SRR5950339	1.1499000124654937
SLCO1B1	SRR5950340	1.1496058907069004
SLCO1B1	SRR5950341	1.1496653216499102
SLCO1B1	SRR5950342	1.1498700492655702
SLCO1B1	SRR5950343	1.1496653216499102
SLCO1B1	SRR5950344	1.1495224477062624
SLCO1B1	SRR5950345	1.1496516232140812
SLCO1B1	SRR5950346	1.149801355279094
SLCO1B1	SRR5950347	1.149752993629983
SLCO1B1	SRR5950348	1.1496058907069004
SLCO1B1	SRR5950349	1.1498758641415114
SLCO1B1	SRR5950350	1.1497815594090803
SLCO1B1	SRR5950351	1.1491016556665985
SLCO1B1	SRR5950352	1.1498700492655702
SLCO1B1	SRR5950353	1.149752993629983
SLCO1B1	SRR5950354	1.1498700492655702
SLCO1B1	SRR5950355	1.1498700492655702
SLCO1B1	SRR5950356	1.1489979896611313
SLCO1B1	SRR5950357	1.1498700492655702
SLCO1B1	SRR5950358	1.149614382860247
SLCO1B1	SRR5950359	1.149727479151349
SLCO1B1	SRR5950360	1.1498700492655702
SLCO1B1	SRR5950361	1.1498700492655702
SLCO1B1	SRR5950362	1.1495224477062624
SLCO1B1	SRR5950363	1.1494508753827517
SLCO1B1	SRR5950364	1.149639556483191
SLCO1B1	SRR5950365	1.1498041981068907
SLCO1B1	SRR5950366	1.1498283651018633
SLCO1B1	SRR5950367	1.1489024179979748
SLCO1B1	SRR5950368	1.149752993629983
SLCO1B1	SRR5950369	1.1499000124654937
SLCO1B1	SRR5950370	1.1499000124654937
SLCO1B1	SRR5950371	1.149801355279094
SLCO1B1	SRR5950372	1.1498041981068907
SLCO1B1	SRR5950373	1.149757132515299
SLCO1B1	SRR5950374	1.149757132515299
SLCO1B1	SRR5950375	1.1498700492655702
SLCO1B1	SRR5950376	1.1499000124654937
SLCO1B1	SRR5950377	1.1494121443044876
SLCO1B1	SRR5950378	1.149757132515299
SLCO1B1	SRR5950379	1.149752993629983
SLCO1B1	SRR5950380	1.1496653216499102
SLCO1B1	SRR5950381	1.149659680044542
SLCO1B1	SRR5950382	1.1491016556665985
SLCO1B1	SRR5950383	1.1498758641415114
SLCO1B1	SRR5950384	1.1498283651018633
SLCO1B1	SRR5950385	1.1490859664004887
SLCO1B1	SRR5950386	1.1498700492655702
SLCO1B1	SRR5950387	1.1498758641415114
SLCO1B1	SRR5950388	1.1495611354981103
SLCO1B1	SRR5950389	1.1485352709618715
SLCO1B1	SRR5950390	1.1496993836519698
SLCO1B1	SRR5950391	1.1499000124654937
SLCO1B1	SRR5950392	1.1491016556665985
SLCO1B1	SRR5950393	1.1495565511841175
SLCO1B1	SRR5950394	1.149727479151349
SLCO1B1	SRR5950395	1.149752993629983
SLCO1B1	SRR5950396	1.1499000124654937
SLCO1B1	SRR5950397	1.1498758641415114
SLCO1B1	SRR5950398	1.1498758641415114
SLCO1B1	SRR5950399	1.149659680044542
SLCO1B1	SRR5950400	1.1496993836519698
SLCO1B1	SRR5950401	1.1498700492655702
SLCO1B1	SRR5950402	1.1498700492655702
SLCO1B1	SRR5950403	1.1497815594090803
SLCO1B1	SRR5950404	1.1498041981068907
SLCO1B1	SRR5950405	1.14823324140182
SLCO1B1	SRR5950406	1.1493806150832857
SLCO1B1	SRR5950407	1.149801355279094
SLCO1B1	SRR5950408	1.149461221160821
SLCO1B1	SRR5950409	1.1495565511841175
SLCO1B1	SRR5950410	1.1499000124654937
SLCO1B1	SRR5950411	1.1498283651018633
SLCO1B1	SRR5950412	1.1498700492655702
SLCO1B1	SRR5950413	1.1493657120956842
SLCO1B1	SRR5950414	1.149801355279094
SLCO1B1	SRR5950415	1.149614382860247
SLCO1B1	SRR5950416	1.1496653216499102
SLCO1B1	SRR5950417	1.1496993836519698
SLCO1B1	SRR5950418	1.1495510677538354
SLCO1B1	SRR5950419	1.1498700492655702
SLCO1B1	SRR5950420	1.149752993629983
SLCO1B1	SRR5950421	1.1495611354981103
SLCO1B1	SRR5950422	1.1494707522857042
SLCO1B1	SRR5950423	1.149757132515299
SLCO1B1	SRR5950424	1.1498283651018633
SLCO1B1	SRR5950425	1.1498700492655702
SLCO1B1	SRR5950426	1.1496058907069004
SLCO1B1	SRR5950427	1.1498283651018633
SLCO1B1	SRR5950428	1.149757132515299
SLCO1B1	SRR5950429	1.1498700492655702
SLCO1B1	SRR5950430	1.149727479151349
SLCO1B1	SRR5950431	1.149727479151349
SLCO1B1	SRR5950432	1.1498041981068907
SLCO1B1	SRR5950433	1.149801355279094
SLCO1B1	SRR5950434	1.1495611354981103
SLCO1B1	SRR5950435	1.149757132515299
SLCO1B1	SRR5950436	1.1498700492655702
SLCO1B1	SRR5950437	1.149727479151349
SLCO1B1	SRR5950438	1.1498283651018633
SLCO1B1	SRR5950439	1.1498758641415114
SLCO1B1	SRR5950440	1.145365413736815
SLCO1B1	SRR5950441	1.1494707522857042
SLCO1B1	SRR5950442	1.1497815594090803
SLCO1B1	SRR5950443	1.149659680044542
SLCO1B1	SRR5950444	1.149801355279094
SLCO1B1	SRR5950445	1.1498041981068907
SLCO1B1	SRR5950446	1.1496516232140812
SLCO1B1	SRR5950447	1.1494257243385793
SLCO1B1	SRR5950448	1.149801355279094
SLCO1B1	SRR5950449	1.1498041981068907
SLCO1B1	SRR5950450	1.1498700492655702
SLCO1B1	SRR5950451	1.1499000124654937
SLCO1B1	SRR5950452	1.1494823274298185
SLCO1B1	SRR5950453	1.1498283651018633
SLCO1B1	SRR5950454	1.1494823274298185
SLCO1B1	SRR5950455	1.1498283651018633
SLCO1B1	SRR5950456	1.149757132515299
SLCO1B1	SRR5950457	1.149659680044542
SLCO1B1	SRR5950458	1.1499000124654937
SLCO1B1	SRR5950459	1.149752993629983
SLCO1B1	SRR5950460	1.149752993629983
SLCO1B1	SRR5950461	1.1497815594090803
SLCO1B1	SRR5950462	1.1492630102128836
SLCO1B1	SRR5950463	1.149614382860247
SLCO1B1	SRR5950464	1.149515806070026
SLCO1B1	SRR5950465	1.1449587156171235
SLCO1B1	SRR5950466	1.149801355279094
SLCO1B1	SRR5950467	1.149752993629983
SLCO1B1	SRR5950468	1.149801355279094
SLCO1B1	SRR5950469	1.149639556483191
SLCO1B1	SRR5950470	1.1498700492655702
SLCO1B1	SRR5963912	1.1499000124654937
SLCO1B1	SRR5963913	1.1495224477062624
SLCO1B1	SRR5963914	1.1499000124654937
SLCO1B1	SRR5963915	1.1495611354981103
SLCO1B1	SRR5963916	1.1494121443044876
SLCO1B1	SRR5963917	1.1496993836519698
SLCO1B1	SRR5963918	1.149727479151349
SLCO1B1	SRR5963919	1.1498041981068907
SLCO1B1	SRR5963920	1.149757132515299
SLCO1B1	SRR5963921	1.1498283651018633
SLCO1B1	SRR5963922	1.1496653216499102
SLCO1B1	SRR5963923	1.149727479151349
SLCO1B1	SRR5963924	1.1498041981068907
SLCO1B1	SRR5963925	1.1495224477062624
SLCO1B1	SRR5963926	1.149515806070026
SLCO1B1	SRR5963927	1.1498758641415114
SLCO1B1	SRR5963928	1.1494823274298185
SLCO1B1	SRR5963929	1.149801355279094
SLCO1B1	SRR5963930	1.1493287860193127
SLCO1B1	SRR5963931	1.1499000124654937
SLCO1B1	SRR5963932	1.149757132515299
SLCO1B1	SRR5963933	1.149659680044542
SLCO1B1	SRR5963934	1.1494257243385793
SLCO1B1	SRR5963935	1.1499000124654937
SLCO1B1	SRR5963936	1.1495510677538354
SLCO1B1	SRR5963937	1.1492573238148507
SLCO1B1	SRR5963938	1.149801355279094
SLCO1B1	SRR5963939	1.1498041981068907
SLCO1B1	SRR5963940	1.1498700492655702
SLCO1B1	SRR5963941	1.1499000124654937
SLCO1B1	SRR5963942	1.1499000124654937
SLCO1B1	SRR5963943	1.1498283651018633
SLCO1B1	SRR5963944	1.1499000124654937
SLCO1B1	SRR5963945	1.1498758641415114
SLCO1B1	SRR5963946	1.149801355279094
SLCO1B1	SRR5963947	1.149801355279094
SLCO1B1	SRR5963948	1.149801355279094
SLCO1B1	SRR6467548	1.009806123524068
SLCO1B1	SRR6467549	1.0166333952670563
SLCO1B1	SRR6467550	1.0094573463716312
SLCO1B1	SRR6467551	1.0164508190635158
SLCO1B1	SRR6467552	1.0165227814557534
SLCO1B1	SRR6467553	1.031917753407997
SLCO1B1	SRR6467554	1.0225494456218691
SLCO1B1	SRR6467555	1.0144151620441488
SLCO1B1	SRR6467556	1.0118279387635634
SLCO1B1	SRR6467557	1.011419518838626
SLCO1B1	SRR6467558	1.0202167779550353
SLCO1B1	SRR6467559	3.006524872058571
SLCO1B1	SRR6467560	1.0102148863804552
SLCO1B1	SRR6467561	3.0223533420189224
SLCO1B1	SRR6467562	1.003793020797143
SLCO1B1	SRR6467563	1.0061967931686884
SLCO1B1	SRR6467564	1.007311001168582
SLCO1B1	SRR6467565	1.0096995243760967
SLCO1B1	SRR6467566	1.0275298262095158
SLCO1B1	SRR6467567	1.0110728691639104
SLCO1B1	SRR6467568	12.049223398971343
SLCO1B1	SRR6467569	2.0292794199470636
SLCO1B1	SRR6467570	0.9212370282975713
SLCO1B1	SRR6467571	1.0007198511622537
SLCO1B1	SRR6467572	1.0061524256376846
SLCO1B1	SRR6467573	1.0067982845157166
SLCO1B1	SRR6467574	2
SLCO1B1	SRR6467575	1.7147908698231504
SLCO1B1	SRR6467576	1.0046747157254012
SLCO1B1	SRR6467577	1.0014402205102033
SLCO1B1	SRR6467578	1.0098738000574858
SLCO1B1	SRR6467579	1.0105838312629851
SLCO1B1	SRR6467580	1.9043850993164781
SLCO1B1	SRR6467581	12.042897852382719
SLCO1B1	SRR6467582	0.9412318359018896
SLCO1B1	SRR6467583	3
SLCO1B1	SRR6467584	1.0036310190827418
SLCO1B1	SRR6467585	0.725977704529803
SLCO1B1	SRR6467586	0.700584909987671
SLCO1B1	SRR6467587	0.7911079076582958
SLCO1B1	SRR6467588	0.556671230961435
SLCO1B1	SRR6467589	1
SLCO1B1	SRR6467590	2.005526840609447
SLCO1B1	SRR6467591	1.0105196019933347
SLCO1B1	SRR6467592	1.0077795396441576
SLCO1B1	SRR6467593	1.004538287361441
SLCO1B1	SRR6467594	2.2062951118129512
SLCO1B1	SRR6467595	1.0021917441245578
SLCO1B1	SRR6467596	1
SLCO1B1	SRR6467597	3.397665816058287
SLCO1B1	SRR6467598	9.793475121186509
SLCO1B1	SRR6467599	1.0037407429361982
SLCO1B1	SRR6467600	1.004818568850564
SLCO1B1	SRR6467601	3.0167364521490883
SLCO1B1	SRR6467602	0.6365460068258403
SLCO1B1	SRR6467603	1
SLCO1B1	SRR6467604	1.0042247356985123
SLCO1B1	SRR6467605	3.010721734791846
SLCO1B1	SRR6467606	1
SLCO1B1	SRR6467607	1
SLCO1B1	SRR6467608	5.0131362574119365
SLCO1B1	SRR6467609	1.0001799142310437
SLCO1B1	SRR6467610	1.0099816979843277
SLCO1B1	SRR6467611	0.8199227173364774
SLCO1B1	SRR6467612	1.0058040855375532
SLCO1B1	SRR6467613	1
SLCO1B1	SRR6467614	3
SLCO1B1	SRR6467615	1.012703741023523
SLCO1B1	SRR6467616	6.059356530094701
SLCO1B1	SRR6467617	1.0066688641367247
SLCO1B1	SRR6467618	1
SLCO1B1	SRR6467619	1.293293752630518
SLCO1B1	SRR6467620	2.0051850091193257
SLCO1B1	SRR6467621	1.005107193890329
SLCO1B1	SRR6467622	6.090365219830293
SLCO1B1	SRR6467623	0.7184073978994172
SLCO1B1	SRR6467624	1.0001799142310437
SLCO1B1	SRR6467625	1
SLCO1B1	SRR6467626	1
SLCO1B1	SRR6467627	3.0301912426614885
SLCO1B1	SRR6467628	2
SLCO1B1	SRR6467629	0.8751938682406226
SLCO1B1	SRR6467630	1.0007198511622537
SLCO1B1	SRR6467631	1.0008998949047658
SLCO1B1	SRR6467632	1.0071774620660263
SLCO1B1	SRR6467633	1
SLCO1B1	SRR6467634	1.0039962901985677
SLCO1B1	SRR6467635	2.9489154594856646
SLCO1B1	SRR6467636	1.0100809623101739
SLCO1B1	SRR6467637	2
SLCO1B1	SRR6467638	4
SLCO1B1	SRR6467639	2.0063370191673306
SLCO1B1	SRR6467640	1.0209184673656215
SLCO1B1	SRR6467641	2.0185655659751127
SLCO1B1	SRR6467642	3.408623615443619
SLCO1B1	SRR6467643	2.025026001012365
SLCO1B1	SRR6467644	1
SLCO1B1	SRR6467645	0.6199937001440049
SLCO1B1	SRR6467646	1
SLCO1B1	SRR6467647	2.277655806939753
SLCO1B1	SRR6467648	3.017320901965161
SLCO1B1	SRR6467649	1.0052921358977929
SLCO1B1	SRR6467650	11.060203024853369
SLCO1B1	SRR6467651	1.002913173016367
SLCO1B1	SRR6467652	1.0001799142310437
SLCO1B1	SRR6467653	1.00992245953211
SLCO1B1	SRR6467654	7.026185200553387
SLCO1B1	SRR6467655	3
SLCO1B1	SRR6467656	11.350926619706923
SLCO1B1	SRR6467657	2
SLCO1B1	SRR6467658	1
SLCO1B1	SRR6467659	2.3748922208747154
SLCO1B1	SRR6467660	1.0068426805266635
SLCO1B1	SRR6467661	0.7029517755044163
SLCO1B1	SRR6467662	0.8946345345337715
SLCO1B1	SRR6467663	1.0027908413053945
SLCO1B1	SRR6467664	0.6444573325399541
SLCO1B1	SRR6467665	1
SLCO1B1	SRR6467666	3
SLCO1B1	SRR6467667	0.6063230255730675
SLCO1B1	SRR6467668	2.9014662478118223
SLCO1B1	SRR6467669	1
SLCO1B1	SRR6467670	1
SLCO1B1	SRR6467671	14.946070566224641
SLCO1B1	SRR6467672	2.017699694916879
SLCO1B1	SRR6467673	1.0095900205975368
SLCO1B1	SRR6467674	1.0062550679746862
SLCO1B1	SRR6467675	1.0086419580070092
SLCO1B1	SRR6467676	1.7422438493949974
SLCO1B1	SRR6467677	2
SLCO1B1	SRR6467678	2
SLCO1B1	SRR6467679	1
SLCO1B1	SRR6467680	1.01072934295352
SLCO1B1	SRR6467681	6
SLCO1B1	SRR6467682	3.01795513201855
SLCO1B1	SRR6467683	9.10076590088853
SLCO1B1	SRR6467684	1.0025925045596629
SLCO1B1	SRR6467685	3.0422876105368415
SLCO1B1	SRR6467686	2.0028804410204066
SLCO1B1	SRR6467687	0.6661969090000487
SLCO1B1	SRR6467688	12
SLCO1B1	SRR6467689	1.0099029089915499
SLCO1B1	SRR6467690	1.0054674322877741
SLCO1B1	SRR6467691	1.0055480781368802
SLCO1B1	SRR6467692	10.010052287584692
SLCO1B1	SRR6467693	0.9908751978013158
SLCO1B1	SRR6467694	1.0075707059203194
SLCO1B1	SRR6467695	1.0045689957386463
SLCO1B1	SRR6467696	2.025600927377787
SLCO1B1	SRR6467697	1
SLCO1B1	SRR6467698	1.0047021889912742
SLCO1B1	SRR6467699	2
SLCO1B1	SRR6467700	0.7259029320158285
SLCO1B1	SRR6467701	2
SLCO1B1	SRR6467702	1.014337303678091
SLCO1B1	SRR6467703	1.012335005482347
SLCO1B1	SRR6467704	6.016745047832367
SLCO1B1	SRR6467705	2.013061101690244
SLCO1B1	SRR6467706	3.0554115368584824
SLCO1B1	SRR6467707	1
SLCO1B1	SRR6467708	1.001725803535813
SLCO1B1	SRR6467709	1
SLCO1B1	SRR6467710	1.0008998949047658
SLCO1B1	SRR6467711	2.0027309026642874
SLCO1B1	SRR6467712	1.0112473218896492
SLCO1B1	SRR6467713	1.9304529736408444
SLCO1B1	SRR6467714	10.05971437060134
SLCO1B1	SRR6467715	1
SLCO1B1	SRR6467716	1
SLCO1B1	SRR6467717	1.0122808125437386
SLCO1B1	SRR6467718	1.0154091421713183
SLCO1B1	SRR6467719	2.0072088827994703
SLCO1B1	SRR6467720	7
SLCO1B1	SRR6467721	1.0016203938574126
SLCO1B1	SRR6467722	0.9984279500806916
SLCO1B1	SRR6467723	1
SLCO1B1	SRR6467724	1
SLCO1B1	SRR6467725	1
SLCO1B1	SRR6467726	1.5907665570204272
SLCO1B1	SRR6467727	1.002289885748588
SLCO1B1	SRR6467728	1
SLCO1B1	SRR6467729	3.0206709744646654
SLCO1B1	SRR6467730	1.0021263776487355
SLCO1B1	SRR6467731	1.00988118368961
SLCO1B1	SRR6467732	0.7076585865016629
SLCO1B1	SRR6467733	4.006903214143252
SLCO1B1	SRR6467734	0.993009289870723
SLCO1B1	SRR6467735	2.016530369113811
SLCO1B1	SRR6467736	16.099234845347027
SLCO1B1	SRR6467737	1.0062062904901619
SLCO1B1	SRR6467738	1.000359860831218
SLCO1B1	SRR6467739	1
SLCO1B1	SRR6467740	1.005343007804232
SLCO1B1	SRR6467741	4.008155473760017
SLCO1B1	SRR6467742	1
SLCO1B1	SRR6467743	1
SLCO1B1	SRR6467744	1
SLCO1B1	SRR6467745	2.000719721662436
SLCO1B1	SRR6467746	2.0158665823041253
SLCO1B1	SRR6467747	1.4075973555784644
SLCO1B1	SRR6467748	0.9507482945464953
SLCO1B1	SRR6467749	4
SLCO1B1	SRR6467750	1.0023720526815605
SLCO1B1	SRR6467751	1.0151179163865762
SLCO1B1	SRR6467752	2.0164290397979516
SLCO1B1	SRR6467753	0.6656134527127003
SLCO1B1	SRR6467754	0.8370445170352886
SLCO1B1	SRR6467755	2.6850418780589305
SLCO1B1	SRR6467756	1.001260079572912
SLCO1B1	SRR6467757	1
SLCO1B1	SRR6467758	5
SLCO1B1	SRR6467759	1.0056633933586414
SLCO1B1	SRR6467760	8.06187385972405
SLCO1B1	SRR6467761	1.0036658019973412
SLCO1B1	SRR6467762	2.0100110722857436
SLCO1B1	SRR6467763	0.9571110894244277
SLCO1B1	SRR6467764	1.1312009393220797
SLCO1B1	SRR6467765	2.002486616813296
SLCO1B1	SRR6467766	2.029667057183248
SLCO1B1	SRR6467767	1.0068063252571833
SLCO1B1	SRR6467768	2.0249532620378674
SLCO1B1	SRR6467769	1.0179804857499088
SLCO1B1	SRR6467770	1
SLCO1B1	SRR6467771	0.6269819774669394
SLCO1B1	SRR6467772	1.0071129346997982
SLCO1B1	SRR6467773	1.0039213301801309
SLCO1B1	SRR6868540	1.014833528591624
SLCO1B1	SRR6868541	1.0278088358193622
SLCO1B1	SRR6868542	1.0479902723259678
SLCO1B1	SRR6868543	1.0152962713927551
SLCO1B1	SRR6868544	1.007850668350526
SLCO1B1	SRR6868545	1.0249330155513252
SLCO1B1	SRR6868546	1.0159083502043025
SLCO1B1	SRR6868557	1.0593600439616915
SLCO1B1	SRR6868558	1.0493300957915759
SLCO1B1	SRR6868559	1.0328318116514645
SLCO1B1	SRR6868560	1.0099883345290224
SLCO1B1	SRR6868569	1.0619340218072668
SLCO1B1	SRR6868570	1.021819771575531
SLCO1B1	SRR6868571	1.0447440906857468
SLCO1B1	SRR6868572	1.0118502062800996
SLCO1B1	SRR6868573	1.0412832207034761
SLCO1B1	SRR6868574	1.012246901299347
SLCO1B1	SRR6868575	1.0259969817544445
SLCO1B1	SRR6868576	1.0160012233415483
SLCO1B1	SRR6868577	1.0327907588593586
SLCO1B1	SRR6868578	1.0155770602095007
SLCO1B1	SRR6868579	1.0440699430515605
SLCO1B1	SRR6868580	1.010777171167205
SLCO1B1	SRR6868581	1.03420300501297
SLCO1B1	SRR6868582	1.0329389684351513
SLCO1B1	SRR6868585	1.0223918119367361
SLCO1B1	SRR6868586	1.0597439032108176
SLCO1B1	SRR6868587	1.060061410485746
SLCO1B1	SRR6868588	1.0071961768814546
SLCO1B1	SRR6868589	1.011034509868234
SLCO1B1	SRR6868590	1.0323588353795468
SLCO1B1	SRR6868591	1.0131259716901864
SLCO1B1	SRR6868604	1.0759055098033201
SLCO1B1	SRR6868605	1.032097998410507
SLCO1B1	SRR6868606	1.041059675092619
SLCO1B1	SRR6868607	1.034652621245776
SLCO1B1	SRR6868608	1.0244646566921864
SLCO1B1	SRR6868609	1.0441915254956329
SLCO1B1	SRR6868610	1.0393379767471147
SLCO1B1	SRR6868620	1.0113983415873453
SLCO1B1	SRR6868621	1.0220565106412052
SLCO1B1	SRR6868622	1.024234840404088
SLCO1B1	SRR6868623	1.0549853092368588
SLCO1B1	SRR6868636	1.0440226673600839
SLCO1B1	SRR6868637	1.0261125159944735
SLCO1B1	SRR6868638	1.0463813724818791
SLCO1B1	SRR6868639	1.0108348986886093
SLCO1B1	SRR6868650	1.0398318552023067
SLCO1B1	SRR6868651	1.0291416181729598
SLCO1B1	SRR6868652	1.0307116122012634
SLCO1B1	SRR6868653	1.018954738657396
SLCO1B1	SRR6868654	1.0151196581488149
SLCO1B1	SRR6868655	1.0354304322438237
SLCO1B1	SRR6868665	1.014468461127958
SLCO1B1	SRR6868666	1.0102626902497998
SLCO1B1	SRR6868667	1.0115422842820772
SLCO1B1	SRR6868668	1.007478603420533
SLCO1B1	SRR6868669	1.0076418198872807
SLCO1B1	SRR6868670	1.0180906480316751
SLCO1B1	SRR6868671	1.0146307116837765
SLCO1B1	SRR6868683	1.012819876849361
SLCO1B1	SRR6868684	1.0157800653166706
SLCO1B1	SRR6868685	1.0216590406873807
SLCO1B1	SRR6868686	1.010324162018174
SLCO1B1	SRR6868687	1.0281563268719116
SLCO1B1	SRR6868688	1.0273883935521193
SLCO1B1	SRR6868689	1.014875304095207
SLCO1B1	SRR6868698	1.0183812775740588
SLCO1B1	SRR6868699	1.0070578570789335
SLCO1B1	SRR6868700	1.0161535101018604
SLCO1B1	SRR6868701	1.0106090201717064
SLCO1B1	SRR6868702	1.007687418054785
SLCO1B1	SRR6868713	1.010478873419224
SLCO1B1	SRR6868714	1.0186954098379435
SLCO1B1	SRR6868715	1.0083404689188882
SLCO1B1	SRR6868716	1.0067190005273792
SLCO1B1	SRR6868717	1.0103010202621463
SLCO1B1	SRR6868718	1.0039004111898113
SLCO1B1	SRR6868719	1.0016203938574126
SLCO1B1	SRR6868720	1.0050669824037204
SLCO1B1	SRR6868721	1.0112987110891343
SLCO1B1	SRR6868722	1.0169002351863679
SLCO1B1	SRR6868723	1.0196540145226427
SLCO1B1	SRR6868724	1.0097443440669194
SLCO1B1	SRR6868725	1.0041769234190894
SLCO1B1	SRR6868726	1.0024121563473647
SLCO1B1	SRR6868741	1.0145442086713796
SLCO1B1	SRR7632756	3.0247743241523954
SLCO1B1	SRR7632757	1.0277332860513113
SLCO1B1	SRR7632758	2.02126564191182
SLCO1B1	SRR7632759	1.0297749607877074
SLCO1B1	SRR7632760	1.020266900924434
SLCO1B1	SRR7632761	1.0071506009427655
SLCO1B1	SRR7632762	1.0486325447319236
SLCO1B1	SRR7632763	1.0163814821934867
SLCO1B1	SRR7632764	1.0369890422143389
SLCO1B1	SRR7632765	1.0026272514823873
SLCO1B1	SRR7632766	1.0311142484945626
SLCO1B1	SRR7632767	1.0023720526815605
SLCO1B1	SRR7632768	1.0161881698751842
SLCO1B1	SRR7632769	1.011477121008053
SLCO1B1	SRR7632770	4.033116471382247
SLCO1B1	SRR7632771	1.0259548134634506
SLCO1B1	SRR7632772	1.0191645376419036
SLCO1B1	SRR7632773	1.005428666643438
SLCO1B1	SRR7632774	1.0063470586203123
SLCO1B1	SRR7632775	1.0224681510947642
SLCO1B1	SRR7632776	1.0378886530168419
SLCO1B1	SRR7632777	2.0481192779904096
SLCO1B1	SRR7632778	1.0041769234190894
SLCO1B1	SRR7632779	1.0261166053511217
SLCO1B1	SRR7632780	1.003693247674031
SLCO1B1	SRR7632781	1.061425531429259
SLCO1B1	SRR7632782	1.013677337507708
SLCO1B1	SRR7632783	1.0073390566571232
SLCO1B1	SRR7632784	1.0087008852489117
SLCO1B1	SRR7632785	1.0071774620660263
SLCO1B1	SRR7632786	1.0414066016427272
SLCO1B1	SRR7632787	1.0039139901228018
SLCO1B1	SRR7632788	1.002266574999606
SLCO1B1	SRR7632789	3.054427216185195
SLCO1B1	SRR7632790	1.0098238663156869
SLCO1B1	SRR7632791	1.0447424486975612
SLCO1B1	SRR7632792	1.0072973762876458
SLCO1B1	SRR7632793	1.01210658739326
SLCO1B1	SRR7632794	6.041686623692174
SLCO1B1	SRR7632795	1.0032266090038542
SLCO1B1	SRR7632796	1.0171842304100507
SLCO1B1	SRR7632797	1.1507956722511705
SLCO1B1	SRR7632798	1.0057289905461357
SLCO1B1	SRR7632799	1.0307842771739868
SLCO1B1	SRR7632800	1.0149717126681794
SLCO1B1	SRR7632801	2.010522810830253
SLCO1B1	SRR7632802	1.0349955306780252
SLCO1B1	SRR7632803	2.0479916955503983
SLCO1B1	SRR7632804	1.0404738790189818
SLCO1B1	SRR7632805	1.003093611368694
SLCO1B1	SRR7632806	1.0046132934463576
SLCO1B1	SRR7632807	1.0087172705016196
SLCO1B1	SRR7632808	1.0082207258216564
SLCO1B1	SRR7632809	1.0487771640238053
SLCO1B1	SRR7632810	1.0041728190577268
SLCO1B1	SRR7632811	1.0068069184574369
SLCO1B1	SRR7632812	1.0071833620330328
SLCO1B1	SRR7632813	1.0062092961820608
SLCO1B1	SRR7632814	1.0035601881766363
SLCO1B1	SRR7632815	1.0078705608466538
SLCO1B1	SRR7632816	1.07528181517056
SLCO1B1	SRR7632817	1.041586150859103
SLCO1B1	SRR7632818	1.0054254250297385
SLCO1B1	SRR7632819	1.002446897019748
SLCO1B1	SRR7632820	1.006884746998457
SLCO1B1	SRR7632821	1.001725803535813
SLCO1B1	SRR7632822	1.0125834797761897
SLCO1B1	SRR7632823	1.0036796717268013
SLCO1B1	SRR7632824	1.0045743716929838
SLCO1B1	SRR7632825	1.0028076383933613
SLCO1B1	SRR7632826	2.0012902715363152
SLCO1B1	SRR7632827	1.0547962882986262
SLCO1B1	SRR7632828	1.0259969817544445
SLCO1B1	SRR7632829	1.014492055668809
SLCO1B1	SRR7632830	1.0484469543228638
SLCO1B1	SRR7632831	1.0092787217165853
SLCO1B1	SRR7632832	1.014555769133056
SLCO1B1	SRR7632833	1.0517370367415053
SLCO1B1	SRR7632834	1.0291896194546106
SLCO1B1	SRR7632835	1.1099100147247651
SLCO1B1	SRR7632836	1.0149370565287317
SLCO1B1	SRR7632837	1.0064500155939855
SLCO1B1	SRR7632838	1.0251559439709568
SLCO1B1	SRR7632839	1.011487837523035
SLCO1B1	SRR7632840	1.0305733450818257
SLCO1B1	SRR7632841	1.1192560986710782
SLCO1B1	SRR7632842	1.0018618499306917
SLCO1B1	SRR7632843	1.0375153886962647
SLCO1B1	SRR7632844	1.0396314006495406
SLCO1B1	SRR7632845	1.0050055361428718
SLCO1B1	SRR7632846	1.0494904998299905
SLCO1B1	SRR7632847	1.0235272533915285
SLCO1B1	SRR7632848	2.0182604939724924
SLCO1B1	SRR7632849	1.011384661421074
SLCO1B1	SRR7632850	1.0128856441720862
SLCO1B1	SRR7632851	1.0101118401249758
SLCO1B1	SRR7632852	1.001260079572912
SLCO1B1	SRR7632853	1.0050776310038234
SLCO1B1	SRR7632854	1.0066032694373324
SLCO1B1	SRR7632855	1
SLCO1B1	SRR7632856	1.0064837326371328
SLCO1B1	SRR7632857	1.0735764544763629
SLCO1B1	SRR7632858	1.0371579517056881
SLCO1B1	SRR7632859	1.0396311122590651
SLCO1B1	SRR7632860	1.0753540533674661
SLCO1B1	SRR7632861	1.0543822488477879
SLCO1B1	SRR7632862	1.0351402489647896
SLCO1B1	SRR7632863	1.127463190129664
SLCO1B1	SRR7632864	1.1215525506364097
SLCO1B1	SRR7632865	1.0014635120398052
SLCO1B1	SRR7632866	1.0056633933586414
SLCO1B1	SRR7632867	1.0102904255521574
SLCO1B1	SRR7632868	1.0256287182392447
SLCO1B1	SRR7632869	1.0244411302643486
SLCO1B1	SRR7632870	1.0037988754978042
SLCO1B1	SRR7632871	1.050989678803295
SLCO1B1	SRR7632872	1.0322124653187648
SLCO1B1	SRR7632873	1.004207620749528
SLCO1B1	SRR7632874	1.0026579014399075
SLCO1B1	SRR7632875	1.001651013035654
SLCO1B1	SRR7632876	1.0141700299218512
SLCO1B1	SRR7632877	1.0410996360505937
SLCO1B1	SRR7632878	1.0220802210253883
SLCO1B1	SRR7632879	1.002266574999606
SLCO1B1	SRR7632880	1.0175413387124352
SLCO1B1	SRR7632881	1.013756384887805
SLCO1B1	SRR7632882	1.0238807645953367
SLCO1B1	SRR7632883	1.02247906372491
SLCO1B1	SRR7632884	1.0337064082418486
SLCO1B1	SRR7632885	1.004970706798616
SLCO1B1	SRR7632886	1.0323024876429643
SLCO1B1	SRR7632887	1.0101074156533363
SLCO1B1	SRR7632888	1.0379768225769255
SLCO1B1	SRR7632889	1.0341992789721208
SLCO1B1	SRR7632890	1.1020636592092161
SLCO1B1	SRR7632891	1.0470515559564515
SLCO1B1	SRR7632892	1.0058318842867344
SLCO1B1	SRR7632893	1.038136325271397
SLCO1B1	SRR7632894	1.0470575746534403
SLCO1B1	SRR7632895	1.0115917091074564
SLCO1B1	SRR7632896	1.0226482273167283
SLCO1B1	SRR7632897	1.0040851311465162
SLCO1B1	SRR7632898	2.007473280715262
SLCO1B1	SRR7632899	1.0069518863188005
SLCO1B1	SRR7632900	1.0066648133839482
SLCO1B1	SRR7632901	1.0063609654022492
SLCO1B1	SRR7632902	1.0438042739415248
SLCO1B1	SRR7632903	1.0043989334008585
SLCO1B1	SRR7632904	1.0526195434200118
SLCO1B1	SRR7632905	1.0931759253599354
SLCO1B1	SRR7632906	1.0165025853468879
SLCO1B1	SRR7632907	1.0277254099081103
SLCO1B1	SRR7632908	1.0040070360063245
SLCO1B1	SRR7632909	1.0034545854694705
SLCO1B1	SRR7632910	1.0380077298103303
SLCO1B1	SRR7632911	5.064921276618154
SLCO1B1	SRR7632912	1.0156327587698157
SLCO1B1	SRR7632913	1.0587224433384341
SLCO1B1	SRR7632914	1.0311722723635215
SLCO1B1	SRR7632915	1.044956647947262
SLCO1B1	SRR7632916	1.0198845286602736
SLCO1B1	SRR7632917	1.0523945550985883
SLCO1B1	SRR7632918	1.0258468542129664
SLCO1B1	SRR7632919	1.008734166859293
SLCO1B1	SRR7632920	1.0115831117977676
SLCO1B1	SRR7632921	1.0121573982531267
SLCO1B1	SRR7632922	1.0086992082960846
SLCO1B1	SRR7632923	1.0104750438511543
SLCO1B1	SRR7632924	1.029495742835047
SLCO1B1	SRR7632925	1.0350871842259233
SLCO1B1	SRR7632926	1.0184989436426726
SLCO1B1	SRR7632927	1.020518834230417
SLCO1B1	SRR7632928	1.003304751915352
SLCO1B1	SRR7632929	2.0815710665907736
SLCO1B1	SRR7632930	1.0008998949047658
SLCO1B1	SRR7632931	1.0007198511622537
SLCO1B1	SRR7632932	1.025692629589228
SLCO1B1	SRR7632933	1.0212777254368819
SLCO1B1	SRR7632934	1.0043882919914233
SLCO1B1	SRR7632935	1.0101118401249758
SLCO1B1	SRR7632936	2.042105036407143
SLCO1B1	SRR7632937	1.0144804078601897
SLCO1B1	SRR7632938	1.026676151053306
SLCO1B1	SRR7632939	1.0281037599803844
SLCO1B1	SRR7632940	2.0131030492830826
SLCO1B1	SRR7632941	1.0214750661913161
SLCO1B1	SRR7632942	1.0358472927277014
SLCO1B1	SRR7632943	2
SLCO1B1	SRR7632944	1.0183845609590005
SLCO1B1	SRR7632945	1
SLCO1B1	SRR8928966	2.0178040118116267
SLCO1B1	SRR8928967	1.0174471485483954
SLCO1B1	SRR8928968	3.0250729629149564
SLCO1B1	SRR8928969	1.0084157589021454
SLCO1B1	SRR8928970	1.0097790430950968
SLCO1B1	SRR8928971	1.0078135964082673
SLCO1B1	SRR8928972	1.0551062717044821
SLCO1B1	SRR8928973	1.0060157966102234
SLCO1B1	SRR8928974	1.0870766859358787
SLCO1B1	SRR8928975	1.0434971814877207
SLCO1B1	SRR8928976	9.390544502837784
SLCO1B1	SRR8928977	3.0593163789880196
SLCO1B1	SRR8928978	27.51055575902011
SLCO1B1	SRR8928979	1.0197172970945956
SLCO1B1	SRR8928980	21.33640774230277
SLCO1B1	SRR8928981	1.0118211977273175
SLCO1B1	SRR8928982	3.034475344323509
SLCO1B1	SRR8928983	1.001980837804911
SLCO1B1	SRR8928984	6.033923406968603
SLCO1B1	SRR8928985	21.35818371146997
SLCO1B1	SRR8928986	4.036427964128632
SLCO1B1	SRR8928987	1
SLCO1B1	SRR8928988	1
SLCO1B1	SRR8928989	16.28877151988773
SLCO1B1	SRR8928990	1.0106122784979463
SLCO1B1	SRR8928991	1.0180115267692265
SLCO1B1	SRR9835604	1.0144341794778586
SLCO1B1	SRR9835605	1.0056231596200704
SLCO1B1	SRR9835606	1.0022055934839067
SLCO1B1	SRR9835607	1.0092485506134343
SLCO1B1	SRR9835608	1.0149850838535093
SLCO1B1	SRR9835609	1
SLCO1B1	SRR9835610	1.0046883051317705
SLCO1B1	SRR9835611	1.001110573697418
SLCO1B1	SRR9835612	1.002740775394054
SLCO1B1	SRR9835613	1.005971437060134
SLCO1B1	SRR9835614	1.0101757476044517
SLCO1B1	SRR9835615	1.0396846498825996
SLCO1B1	SRR9835616	1.007499951835674
SLCO1B1	SRR9835617	1.0233696860167032
SLCO1B1	SRR9835618	1.005397931987203
SLCO1B1	SRR9835619	2
SLCO1B1	SRR9835620	1.004899781344521
SLCO1B1	SRR9835621	1.0066648133839482
SLCO1B1	SRR9835622	1.0027728852191709
SLCO1B1	SRR9835623	1.0001799142310437
SLCO1B1	SRR9835624	1.022211497308151
SLCO1B1	SRR9835625	1.0031791380696085
SLCO1B1	SRR9835626	1.0077170577043544
SLCO1B1	SRR9835627	1.0020862854161259
SLCO1B1	SRR9835628	1.007245300796782
SLCO1B1	SRR9835629	1.0205101654512299
SLCO1B1	SRR9835630	1.0557392610180325
SLCO1B1	SRR9835631	1.0808176609581337
SLCO1B1	SRR9835632	1.002341411462068
SLCO1B1	SRR9835633	1.0075707059203194
SLCO1B1	SRR9835634	1.0063884847793512
SLCO1B1	SRR9835635	1.0098927550157835
SLCO1B1	SRR9835636	1.0020527156867534
SLCO1B1	SRR9835637	1.0045214612850002
SLCO1B1	SRR9835638	2.019817598657216
SLCO1B1	SRR9835639	1.010581897159914
SLCO1B1	SRR9835640	1.016727838277098
SLCO1B1	SRR9835641	1.0039213301801309
SLCO1B1	SRR9835642	1.0059099355041081
SLCO1B1	SRR9835643	1.0038517478455666
SLCO1B1	SRR9835644	1.0032974163660653
SLCO1B1	SRR9835645	1.029653410621942
SLCO1B1	SRR9835646	1.0094602413506888
SLCO1B1	SRR9835647	1.0024301059742207
SLCO1B1	SRR9835648	1.0302878151561219
SLCO1B1	SRR9835649	1.0119543846885093
SLCO1B1	SRR9835650	1.0038431392461147
SLCO1B1	SRR9835651	1.0007198511622537
SLCO1B1	SRR9835652	1.016019416300132
SLCO1B1	SRR9835653	1.0027908413053945
SLCO1B1	SRR9835654	1.0101757476044517
SLCO1B1	SRR9835655	1.0051695140095571
SLCO1B1	SRR9835656	1.0027021148755608
SLCO1B1	SRR9835657	1.015118912954171
SLCO1B1	SRR9835658	1.0020114680017955
SLCO1B1	SRR9835659	1.0060465501543596
SLCO1B1	SRR9835660	1.0076462335591199
SLCO1B1	SRR9835661	1.0040544375604268
SLCO1B1	SRR9835662	1.01230819730448
SLCO1B1	SRR9835663	1.0203073606491269
SLCO1B1	SRR9835664	1.001725803535813
SLCO1B1	SRR9835665	1.004190800211773
SLCO1B1	SRR9835666	1
SLCO1B1	SRR9835667	2.016884927999132
SLCO1B1	SRR9835668	1
SLCO1B1	SRR9835669	1.0266087966612285
SLCO1B1	SRR9835670	1.0139446879648122
SLCO1B1	SRR9835671	1.013598089847048
SLCO1B1	SRR9835672	1.0017838194003639
SLCO1B1	SRR9835673	1.0228219628836945
SLCO1B1	SRR9835674	1.0005398398063463
SLCO1B1	SRR9835675	2.010795863974406
SLCO1B1	SRR9835676	1.0891346753691427
SLCO1B1	SRR9835677	1.0026579014399075
SLCO1B1	SRR9835678	1.0060909130166535
SLCO1B1	SRR9835679	1.9302987265898461
SLCO1B1	SRR9835680	1.0245185067839673
SLCO1B1	SRR9835681	1.0030493806702814
SLCO1B1	SRR9835682	1.0607053518911023
SLCO1B1	SRR9835683	1.0063443236741658
SLCO1B1	SRR9835684	1.0253010780065177
SLCO1B1	SRR9835685	1.0051251917756963
SLCO1B1	SRR9835686	1.0135335602212565
SLCO1B1	SRR9835687	1.0047021889912742
SLCO1B1	SRR9835688	1
SLCO1B1	SRR9835689	1.0073894622198625
SLCO1B1	SRR9835690	1.0020114680017955
SLCO1B1	SRR9835691	1.009018872251653
SLCO1B1	SRR9835692	1.0183852731914698
SLCO1B1	SRR9835693	1.0040851311465162
SLCO1B1	SRR9835694	1.0104411930997232
SLCO1B1	SRR9835695	1.005230970296049
SLCO1B1	SRR9835696	1.0098853113828044
SLCO1B1	SRR9835697	1.0051636513145872
SLCO1B1	SRR9835698	1.0010052287584692
SLCO1B1	SRR9835699	1.0016203938574126
SLCO1B1	SRR9835700	1.002266574999606
SLCO1B1	SRR9835701	1.0028309617264135
SLCO1B1	SRR9835702	2
SLCO1B1	SRR9835703	1.0010799710397094
SLCO1B1	SRR9835704	1.0046652924666128
SLCO1B1	SRR9835705	1.0039962901985677
SLCO1B1	SRR9835706	1.0792635155154793
SLCO1B1	SRR9835707	1.001110573697418
SLCO1B1	SRR9835708	1.001063202890274
SLCO1B1	SRR9835709	1.000465137852195
SLCO1B1	SRR9835710	1.0145636581420703
SLCO1B1	SRR9835711	1.0004428486915478
SLCO1B1	SRR9835712	1.0025217469463543
SLCO1B1	SRR9835713	1.0019060282634729
SLCO1B1	SRR9835714	1.001545611227314
SLCO1B1	SRR9835715	1.0051621648262732
SLCO1B1	SRR9835716	1.0029880577585075
SLCO1B1	SRR9835717	1.0034545854694705
SLCO1B1	SRR9835718	1.0156196005253904
SLCO1B1	SRR9835719	1.0088403251851141
SLCO1B1	SRR9835720	1.0062994400318304
SLCO1B1	SRR9835721	1.0152841125038419
SLCO1B1	SRR9835722	1.0232142122054655
SLCO1B1	SRR9835723	1
SLCO1B1	SRR9835724	1.0070578570789335
SLCO1B1	SRR9835725	1.027861673410901
SLCO1B1	SRR9835726	1.0007198511622537
SLCO1B1	SRR9835727	1.0069096275623266
SLCO1B1	SRR9835728	1.041000135876921
SLCO1B1	SRR9835729	1.0032434133910784
SLCO1B1	SRR9835730	1.0039520196971752
SLCO1B1	SRR9835731	1.0511406103696055
SLCO1B1	SRR9835732	1.004729663008416
SLCO1B1	SRR9835733	1.004507579922951
SLCO1B1	SRR9835734	1.0026272514823873
SLCO1B1	SRR9835735	1.0018312243074385
SLCO1B1	SRR9835736	1.012260593128426
SLCO1B1	SRR9835737	2.004338224247538
SLCO1B1	SRR9835738	1.0018005996203712
SLCO1B1	SRR9835739	1.0276177847429349
SLCO1B1	SRR9835740	1.0302371282903655
SLCO1B1	SRR9835741	1.005343007804232
SLCO1B1	SRR9835742	1.018922412576946
SLCO1B1	SRR9835743	1.0344788269959917
SLCO1B1	SRR9835744	1.0058655806218886
SLCO1B1	SRR9835745	1.0226611988789944
SLCO1B1	SRR9835746	1.0111132609495124
SLCO1B1	SRR9835747	1.0053946904725954
SLCO1B1	SRR9835748	1.0308527658417086
SLCO1B1	SRR9835749	1
SLCO1B1	SRR9835750	1.008417985799797
SLCO1B1	SRR9835751	1.008299317554985
SLCO1B1	SRR9835752	1.0409710004872161
SLCO1B1	SRR9835753	1.0109896329106067
SLCO1B1	SRR9835754	1.0013654513321437
SLCO1B1	SRR9835755	1.0150098638350933
SLCO1B1	SRR9835756	1.0468852163311182
SLCO1B1	SRR9835757	1.0040544375604268
SLCO1B1	SRR9835758	1.0058487323132066
SLCO1B1	SRR9835759	2.0132959033761386
SLCO1B1	SRR9835760	1
SLCO1B1	SRR9835761	2.0003598284620874
SLCO1B1	SRR9835762	1.102947594059923
SLCO1B1	SRR9835763	1.002940598112091
SLCO1B1	SRR9835764	1.0027327671216282
SLCO1B1	SRR9835765	2.5853536691499164
SLCO1B1	SRR9835766	1.0265328399469198
SLCO1B1	SRR9835767	1.0374543472882876
SLCO1B1	SRR9835768	1
SLCO1B1	SRR9835769	1
SLCO1B1	SRR9835770	1.0202737577318615
SLCO1B1	SRR9835771	1.0054836551612463
SLCO1B1	SRR9835772	1.0127561588072467
SLCO1B1	SRR9835773	1
SLCO1B1	SRR9835774	1.035585837974875
SLCO1B1	SRR9835775	2.0103727018822033
SLCO1B1	SRR9835776	1.0032740821844481
SLCO1B1	SRR9835777	1.002446897019748
SLCO1B1	SRR9835778	1.0042826021444868
SLCO1B1	SRR9835779	1.0071022645360526
SLCO1B1	SRR9835780	1.0016036166558628
SLCO1B1	SRR9835781	1.025583100340115
SLCO1B1	SRR9835782	1.0050637419561312
SLCO1B1	SRR9835783	1
SLCO1B1	SRR9835784	1.0041462270270287
SLCO1B1	SRR9835785	1.0441860904847313
SLCO1B1	SRR9835786	1.009929843520005
SLCO1B1	SRR9835787	1.0028963741606889
SLCO1B1	SRR9835788	1.001681633149913
SLCO1B1	SRR9835789	1
SLCO1B1	SRR9835790	1.0072834565655588
SLCO1B1	SRR9835791	1.0278656241323514
SLCO1B1	SRR9835792	0.9947153112826297
SLCO1B1	SRR9835793	5.0102614208982255
SLCO1B1	SRR9835794	1.0001799142310437
SLCO1B1	SRR9835795	1.0573932890447866
SLCO1B1	SRR9835796	1.0057952709257163
SLCO1B1	SRR9835797	1
SLCO1B1	SRR9835798	1.0016203938574126
SLCO1B1	SRR9835799	1.0020388684400043
SLCO1B1	SRR9835800	1.0011853238444721
SLCO1B1	SRR9835801	1.0050669824037204
SLCO1B1	SRR9835802	1.004026982007113
SLCO1B1	SRR9867812	0.7918933162716487
SLCO1B1	SRR9867813	2.796710024166592
SLCO1B1	SRR9867814	1.6512279044263662
SLCO1B1	SRR9867815	1.468926531457868
SLCO1B1	SRR9867816	1
SLCO1B1	SRR9867817	3.039207841246606
SLCO1B1	SRR9867818	1
SLCO1B1	SRR9867819	1.0365871752587312
SLCO1B1	SRR9867820	2
SLCO1B1	SRR9867821	5
SLCO1B1	SRR9867822	1.0102487295503935
SLCO1B1	SRR9867823	1.8966471829134188
SLCO1B1	SRR9867824	0.6001457415009043
SLCO1B1	SRR9867825	1.2038102128251849
SLCO1B1	SRR9867826	0.5336824383498506
SLCO1B1	SRR9867827	0.9914184966835375
SLCO1B1	SRR9867828	1.0107911391691837
SLCO1B1	SRR9867829	1.817881138812542
SLCO1B1	SRR9867830	1
SLCO1B1	SRR9867831	0.5752023523444669
SLCO1B1	SRR9879292	0.5314585139490635
SLCO1B1	SRR9879293	1.014555769133056
SLCO1B1	SRR9879294	1.0200688164522311
SLCO1B1	SRR9879295	1.0197229922840128
SLCO1B1	SRR9879296	1.0119752694496373
SLCO1B1	SRR9879297	2.030987108980967
SLCO1B1	SRR9879298	1.010653880234263
SLCO1B1	SRR9879299	1.002913173016367
SLCO1B1	SRR9879300	1.0146608527462948
SLCO1B1	SRR9879301	1.000359860831218
SLCO1B1	SRR9879302	1.0103414411561347
SLCO1B1	SRR9879303	1.0041769234190894
SLCO1B1	SRR9879304	1.0167059661554507
SLCO1B1	SRR9879305	1.010080666465452
SLCO1B1	SRR9879306	1
SLCO1B1	SRR9879307	1.4371815042386529
SLCO1B1	SRR9879308	1.011384661421074
SLCO1B1	SRR9879309	3.031970528074973
SLCO1B1	T50_307	1.0053671982704868
SLCO1B1	T50_313	1.016019416300132
SLCO1B1	T50_317	1.0164068767314205
SLCO1B1	T50_324	1.0105775508373083
SLCO1B1	T50_427	1.0156539222354464
SLCO1B1	T50_428	1.0065410016108964
SLCO1B1	T50_431	1.0047497319970449
SLCO1B1	T50_436	1.0071833620330328
SLCO1B1	T50_476	1.0072834565655588
SLCO1B1	UN_307	1.0128719438885714
SLCO1B1	UN_313	1.0139486719753832
SLCO1B1	UN_317	1.007999716801276
SLCO1B1	UN_323	1.0090464643103707
SLCO1B1	UN_324	1.0213963291259884
SLCO1B1	UN_427	1.007704297162079
SLCO1B1	UN_428	1.0098893750946523
SLCO1B1	UN_431	1.009106991032158
SLCO1B1	UN_436	1.0071022645360526
SLCO1B1	UN_476	1.0088711650740816
