Gene	sample	counts
SRL	CM317	1.052160686909921
SRL	CMCD140	8.075302680550847
SRL	CMCD147	3.121369773174144
SRL	CMCD152	9
SRL	CMCD154	33.32667779024725
SRL	CMCD159	6.5178253116814755
SRL	CMCD161	8.02450358473667
SRL	CMCD174	14.204182652488608
SRL	CMCD196	10.091897168260356
SRL	CMCD198	4.117982971340188
SRL	CMCD203	49.15872632941681
SRL	CMCD211	24.904739621188387
SRL	CMCD227	9.86532603040147
SRL	CMCD240	12.089558506107423
SRL	CMCD259	23
SRL	CMCD270	5.025954067476114
SRL	CMCD275	20.17078144393954
SRL	CMCD282	7.092125508476378
SRL	CMCD286	3.770015357168883
SRL	CMCD287	11
SRL	CMCD294	1.0639520056991958
SRL	CMCD327	20.10277574550567
SRL	CMCD335	23.108224850282976
SRL	CMCD337	22.146834932705676
SRL	CMCD357	6.126902785118777
SRL	CMCD398	59.354139104380266
SRL	CMCD403	19.13643908215321
SRL	CMCD422	106.22114625410936
SRL	CMCD426	11.140469611806235
SRL	CMCD71	14.089408186388349
SRL	CMCD72	1.1510750061651915
SRL	CMCD76	1.0022972139313746
SRL	CMCD88	2.0003598284620874
SRL	CMSA256	25
SRL	CMSA316	95.77467858854484
SRL	CMUC110	34
SRL	CMUC192	11.148064947209088
SRL	CMUC199	4.112749621665926
SRL	CMUC200	13.030438349006882
SRL	CMUC208	9.022022073177732
SRL	CMUC231	115
SRL	CMUC234	29
SRL	CMUC285	6.06676162466864
SRL	CMUC291	8.052834954840854
SRL	CMUC295	16.014398318476253
SRL	CMUC299	6.01756219407116
SRL	CMUC301	14.007557757288849
SRL	CMUC307	15.041402809261115
SRL	CMUC313	1.0420413939922741
SRL	CMUC314	1.055846512835873
SRL	CMUC323	2.0482098137826856
SRL	CMUC324	50.04499474523829
SRL	CMUC331	9.082417152603586
SRL	CMUC333	2.046477508007721
SRL	CMUC334	12.180156085908632
SRL	CMUC346	91.98729394318572
SRL	CMUC352	35.21188879224486
SRL	CMUC360	21.030244630714268
SRL	CMUC363	7.184628973930298
SRL	CMUC365	22.14723150353791
SRL	CMUC366	151.5056980750758
SRL	CMUC368	39
SRL	CMUC377	58.236749844142416
SRL	CMUC379	12.849676395724712
SRL	CMUC380	7.127934970479819
SRL	CMUC383	7.1000018365248785
SRL	CMUC394	28.213407407688997
SRL	CMUC419	19.474035793618636
SRL	CMUC427	44
SRL	CMUC428	12.076164703443746
SRL	CMUC431	54.1003654701075
SRL	CMUC435	14.070271941406991
SRL	CMUC439	41.263880410840464
SRL	CMUC89	16
SRL	CS219	12.029730497566756
SRL	CS256	8.018319085988704
SRL	CS257	1.0944271775349645
SRL	CS259	4.006182444909256
SRL	CS261	11.262053392523205
SRL	CS266	1.0357806251843706
SRL	CS270	1.0130095040631752
SRL	CS277	17.365400890973298
SRL	CS288	5.045078640779054
SRL	CS290	4.031966666115707
SRL	CS292	8.111836250674635
SRL	CS293	9.151637325627727
SRL	CS301	9.24071259292883
SRL	CS306	10.388615456941386
SRL	CS308	4.106306460824827
SRL	CS315	21.588383934326075
SRL	CS317	1.0722984600508352
SRL	CS322	6.080512394895683
SRL	CS327	20.09520754471813
SRL	CS328	3.1698884835110546
SRL	CS330	3.2305850649046612
SRL	CS331	2.037599208642641
SRL	CS335	3.0288724156343774
SRL	CS338	7.215828915269877
SRL	CS339	1.1707547739034676
SRL	CS343	6.048473471714989
SRL	CS344	98.37073184085281
SRL	CS350	2.0464760385565324
SRL	CS351	14.11636652359955
SRL	CS361	19.455817482952682
SRL	CS388	7.244742976876147
SRL	CS396	13.141749352981208
SRL	CS405	52.293995198140024
SRL	CS415	2.1537976595482498
SRL	CS424	10.376219614625825
SRL	IM293	7.037334630417428
SRL	IM296	1.0674965693084089
SRL	IM297	2.197539775316004
SRL	IM300	21
SRL	IM305	5.050250427196334
SRL	IM309	14.955407358437968
SRL	IM310	7.096318459207264
SRL	IM311	11.137246203219563
SRL	IM316	20.10372701882203
SRL	IM320	2.095219476416405
SRL	IM330	19.2012950887509
SRL	IM332	4.1224302736912515
SRL	IM340	5.281400733875265
SRL	IM348	20.73922925413191
SRL	IM354	72.521905648487
SRL	IM356	16.13776083916494
SRL	IM364	46.79978744021547
SRL	IM372	20.99980507523408
SRL	IM374	11.543966831945777
SRL	IM376	94.41118228517368
SRL	IM381	28.351562147969055
SRL	IM382	6.191043609509379
SRL	IM385	21
SRL	IM390	21.60277978417047
SRL	IM397	44.500925102527255
SRL	IM404	67.19312852212015
SRL	IM409	70.40102933822949
SRL	IM412	8
SRL	IM421	23.36566466645429
SRL	IM425	1.0543133661346646
SRL	IM432	7.294100550230365
SRL	IM438	33
SRL	IM442	4.170438912475034
SRL	IM445	27.311979523002325
SRL	IM448	25.575639782875555
SRL	IM449	18.152038544620915
SRL	IM451	88.45639888281694
SRL	IMSA256	5.0204961053482835
SRL	IMSA276	60
SRL	IMSA286	13
SRL	IMSA343	17.21285337696462
SRL	IS_238	18
SRL	IS238	79.84568751499263
SRL	IS243	18
SRL	IS253	20
SRL	IS283	41
SRL	IS322	29.30855199447586
SRL	IS399	98.7107901022669
SRL	IS418	1.0947511027862358
SRL	IS430	3.254264519491249
SRL	IS437	1.0822383787243768
SRL	IS444	6.2270983358958345
SRL	R276CMSA	4.259702123160222
SRL	R286CMSA	8
SRL	R292CMSA	13.054699069743863
SRL	R292IMSA	6.4612504163865445
SRL	R308CMSA	1.070354522560454
SRL	R316IMSA	18.357570971602684
SRL	R347CMSA	1.0679448775774594
SRL	R347IMSA	1.0654084912781197
SRL	R371CMSA	81.32369950608398
SRL	SRR10104064	1.1130827181735787
SRL	SRR10104065	100.58655806218886
SRL	SRR10104066	18.337614012647293
SRL	SRR10104067	40.930285490816125
SRL	SRR10104068	4.018685906170092
SRL	SRR10104069	57.65497573822209
SRL	SRR10104070	26.76925041848853
SRL	SRR10104071	4.6479341190777355
SRL	SRR10104072	1.071723239794756
SRL	SRR10104073	18.82504417904597
SRL	SRR10104074	12.096945528733153
SRL	SRR10104075	1.1547542285600578
SRL	SRR10104076	4.11129587548989
SRL	SRR10104077	1.1040752320803593
SRL	SRR10104078	15.628821024252455
SRL	SRR10104079	1.092856600461782
SRL	SRR10104080	1.1254280913603063
SRL	SRR10104081	11.174829800115099
SRL	SRR10104082	16.28470890421611
SRL	SRR10104083	1.065596706440916
SRL	SRR10104084	4.280496619342154
SRL	SRR10104085	62.37159799226395
SRL	SRR10104086	1.0249330155513252
SRL	SRR10104087	43.138021610618495
SRL	SRR10104088	29.264446064000644
SRL	SRR10104089	4.554849646257081
SRL	SRR10104090	4.106021974048926
SRL	SRR10104091	8.343450460117332
SRL	SRR10104092	50.638268066163654
SRL	SRR10104093	4.139084851015795
SRL	SRR10104094	1.0344440824548444
SRL	SRR10104095	8.444237268901789
SRL	SRR10104096	1.1499993829134103
SRL	SRR10104097	1.0654329597407752
SRL	SRR10104098	1.0299665441303483
SRL	SRR10104099	1.0483148195050975
SRL	SRR10104100	8.234240447950674
SRL	SRR10104101	4.022315269532117
SRL	SRR10104102	18.27637143249797
SRL	SRR10104103	23.17281342304262
SRL	SRR10104104	29.449964086010073
SRL	SRR10104105	11.92171187295071
SRL	SRR10104106	17.00566555909145
SRL	SRR10104107	57.54652902019836
SRL	SRR10104108	22.150916488483144
SRL	SRR10104109	8.978461953804736
SRL	SRR10104110	1.1932010382175424
SRL	SRR10104111	18.59347997112786
SRL	SRR10104112	1.189872391069202
SRL	SRR10104113	1.0362854178746606
SRL	SRR10104114	1.1753108824133915
SRL	SRR10104115	1.1481195623107094
SRL	SRR10104116	1.0476231912417615
SRL	SRR10104117	15.589391433137083
SRL	SRR10104118	1.1479902353871632
SRL	SRR10104119	9.537677480531716
SRL	SRR10104120	4.109758810353515
SRL	SRR10104121	11.930237135352737
SRL	SRR10104122	4.372380424056498
SRL	SRR10104123	35.80724599930091
SRL	SRR10104124	8.95521285201179
SRL	SRR10104125	1.1032322088701674
SRL	SRR10104126	59.30046212691545
SRL	SRR10104127	4.75864060279381
SRL	SRR10104128	33.955617886108264
SRL	SRR10104129	11.290677909255873
SRL	SRR10104130	1.0421022730678582
SRL	SRR10104131	22.249782383350905
SRL	SRR10104132	18.130244286030454
SRL	SRR10104133	1.1678104114751833
SRL	SRR10104134	4.121681852250506
SRL	SRR10104135	1.1047925227370805
SRL	SRR10104136	43.647298284162716
SRL	SRR10104137	16.667315027869932
SRL	SRR10104138	4.794850158258055
SRL	SRR10104139	15.170764516523331
SRL	SRR10104140	1.1457522859106466
SRL	SRR10104141	4.244872830837179
SRL	SRR10104142	11.580263485763492
SRL	SRR10104143	43.35232099236109
SRL	SRR10104144	30.77141313734636
SRL	SRR10104145	35.12949543797546
SRL	SRR10104146	54.519926320117705
SRL	SRR10104147	121.20679197280603
SRL	SRR10104148	18.95663820297381
SRL	SRR10104149	59.7331507375156
SRL	SRR10104150	15.174781282062897
SRL	SRR10104151	26.19915644212777
SRL	SRR10104152	26.146202150121834
SRL	SRR10104153	8.840687736194251
SRL	SRR10104154	1.0306607864494586
SRL	SRR10104155	46.896018454312106
SRL	SRR10104156	135.54906550441996
SRL	SRR10104157	8.401275236426162
SRL	SRR10104158	18.3707910710621
SRL	SRR10104159	11.139400623754225
SRL	SRR10104160	9.029345894570282
SRL	SRR10104161	68.1173546404353
SRL	SRR10104162	26.53252147530002
SRL	SRR10104163	15.454317227341827
SRL	SRR10104164	18.354237284834515
SRL	SRR10104165	85.20779924444692
SRL	SRR10104166	8.328883125529797
SRL	SRR10104167	4.090562162901803
SRL	SRR10104168	55.566204785497355
SRL	SRR10104169	15.373707586591161
SRL	SRR10104170	11.33222697916514
SRL	SRR10104171	8.192831783512894
SRL	SRR10104172	8.27397909130624
SRL	SRR10104173	8.494468241745716
SRL	SRR10104174	29.99198780946108
SRL	SRR10104175	51.133059943949725
SRL	SRR10104176	80.78564120351353
SRL	SRR10104177	18.458216221346145
SRL	SRR10104178	1.0386957245885173
SRL	SRR10104179	8.27986433147269
SRL	SRR10104180	22.484151944271286
SRL	SRR10104181	36.9736480823593
SRL	SRR10104182	4.141880489632277
SRL	SRR10104183	37.74718060277444
SRL	SRR10104184	22.470762158913296
SRL	SRR10104185	8.524018226809918
SRL	SRR10104186	15.501115731866351
SRL	SRR10104187	46.4295845461549
SRL	SRR10104188	30.612000930646563
SRL	SRR10104189	1.0614348924771675
SRL	SRR10104190	9.192813245332788
SRL	SRR10104191	4.568515033666837
SRL	SRR10104192	8.209446019703082
SRL	SRR10104193	15.604205478982616
SRL	SRR10104194	30.26000600873807
SRL	SRR10104195	44.82871339852834
SRL	SRR10104196	1.0410873692447795
SRL	SRR10104197	29.491365081973335
SRL	SRR10104198	26.674746960272852
SRL	SRR10104199	11.930075401810766
SRL	SRR10104200	11.393370822919469
SRL	SRR10104201	1.026296611985634
SRL	SRR10104202	1.0684453214497531
SRL	SRR10104203	29.658868643687196
SRL	SRR10104204	1.0316115330113982
SRL	SRR10104205	26.70152596719784
SRL	SRR10104206	8.232147243189834
SRL	SRR10104207	4.131594303674321
SRL	SRR10104208	22.389167610155152
SRL	SRR10104209	8.185589684604532
SRL	SRR10104210	15.396965925763075
SRL	SRR10104211	62.146775863600546
SRL	SRR10104212	15.281781978105334
SRL	SRR10104213	1.0607243748787123
SRL	SRR10104214	161.74938169074287
SRL	SRR10104215	82.87958088000761
SRL	SRR10104216	1.062180780035933
SRL	SRR10104217	1.0250110331492008
SRL	SRR10104218	8.524517145560322
SRL	SRR10104219	1.0652648347042482
SRL	SRR10104220	4.142277311281385
SRL	SRR10104221	11.995682959818932
SRL	SRR10104222	4.1549309266530985
SRL	SRR10104223	1.1801672204919216
SRL	SRR10104224	51.27496655502063
SRL	SRR10104225	22.69652827487573
SRL	SRR10104226	56.12095281250731
SRL	SRR10104227	35.57198118999417
SRL	SRR10104228	8.98568417613281
SRL	SRR10104229	1.0373617848705414
SRL	SRR10104230	1.1040752320803593
SRL	SRR10104231	1.07822501247679
SRL	SRR10104232	38.20145201306777
SRL	SRR10104233	122.36869928236695
SRL	SRR10104234	4.093731478432642
SRL	SRR10104235	8.353532203965063
SRL	SRR10104236	1.0093068320098109
SRL	SRR10104237	65.18814702003795
SRL	SRR10104238	27.871394036547606
SRL	SRR10104239	35.09081906603574
SRL	SRR10104240	1.0749579917487644
SRL	SRR10104241	15.614105890432796
SRL	SRR10104242	35.16592212078202
SRL	SRR10104243	1.0687486815714031
SRL	SRR10104244	1.0398815876953509
SRL	SRR10104245	44.79790577601916
SRL	SRR10104246	12.197114268255435
SRL	SRR10104247	1.0579544780318526
SRL	SRR10104248	1.076529224426155
SRL	SRR10104249	1.0273315870858695
SRL	SRR10104250	1.157197552838617
SRL	SRR10104251	1.0471142307724335
SRL	SRR10104252	1.1838765721178106
SRL	SRR10104253	16.49868848014815
SRL	SRR10104254	11.412166599962658
SRL	SRR10104255	84.562053300915
SRL	SRR10104256	8.23619357105731
SRL	SRR10104257	125.61286143957784
SRL	SRR10104258	26.8038718791382
SRL	SRR10224277	19.466751412601486
SRL	SRR10224278	20.79141156114262
SRL	SRR10224279	20.72610625044706
SRL	SRR10224280	19.43386907438002
SRL	SRR10224281	22.35598540737054
SRL	SRR10224282	19.96299776294877
SRL	SRR10224283	19.805973685901193
SRL	SRR10224284	21.115470838298883
SRL	SRR10224285	21.474940238418675
SRL	SRR10224286	19.48398225132302
SRL	SRR10224287	19.649923047577946
SRL	SRR10224288	20.86675519851332
SRL	SRR10224289	20.81591661183432
SRL	SRR10224290	20.86188408124227
SRL	SRR10224291	19.593918425057357
SRL	SRR10224292	22.261787181260743
SRL	SRR10224293	19.585683878419765
SRL	SRR10224294	20.108640486143557
SRL	SRR10224295	20.65560675486219
SRL	SRR10224296	20.04701916238516
SRL	SRR10224297	21.46665066289208
SRL	SRR10224298	19.632071941330157
SRL	SRR10318388	140.0514660558221
SRL	SRR10318389	15.072118844927607
SRL	SRR10318390	33.414125640216426
SRL	SRR10318391	1.012188279490948
SRL	SRR10318392	3.042498636204418
SRL	SRR10318393	35.10196105557284
SRL	SRR10318394	1.0136017148230585
SRL	SRR10318395	18.081939044661095
SRL	SRR10318396	20.16507383397678
SRL	SRR10318397	15.090955446669819
SRL	SRR10318398	16.057453866459173
SRL	SRR10318399	1.0502301871086661
SRL	SRR10318400	16.240479154528032
SRL	SRR10318401	12.044357804435762
SRL	SRR10318402	131.5646184741076
SRL	SRR10318403	1.004961221139498
SRL	SRR10318404	66.11773208042402
SRL	SRR10318405	20.050434938927086
SRL	SRR10318406	3.0140241471762033
SRL	SRR10318407	5.049982003738277
SRL	SRR10318408	32.098995563798205
SRL	SRR10318409	5.015891360723302
SRL	SRR10318410	50.20663224764019
SRL	SRR10318411	20.073929674059606
SRL	SRR10318412	1.0049521195717002
SRL	SRR10318413	10.039432971223686
SRL	SRR10318414	1.0060465501543596
SRL	SRR10318415	27.178317972587884
SRL	SRR10318416	1.010127651990598
SRL	SRR10318417	31.227173239285687
SRL	SRR10318418	15.05744341907179
SRL	SRR10318419	12.049021573758194
SRL	SRR10318420	28.05127428060828
SRL	SRR10318421	17.08254300707361
SRL	SRR10318422	12.025933301002382
SRL	SRR10318423	62.099424232663495
SRL	SRR10318424	20.04266505390915
SRL	SRR10318425	21.139267164804405
SRL	SRR10318426	1.095574558517596
SRL	SRR10318427	1.1082523998937106
SRL	SRR10318428	35.04886219509091
SRL	SRR10318429	23.092865250535482
SRL	SRR10318430	35.30978548172132
SRL	SRR10318431	67.35251416281348
SRL	SRR10318432	53.09543177987967
SRL	SRR10318433	1.275527749073799
SRL	SRR10318434	7.022179567085657
SRL	SRR10318435	11.06678223100325
SRL	SRR10318436	97.27531450492874
SRL	SRR10318437	23.016556576731837
SRL	SRR10318438	134.1729521566876
SRL	SRR10318439	5.020663224764019
SRL	SRR10318440	13.20820982702883
SRL	SRR10318441	55.15442011163487
SRL	SRR10318442	11.320069857821041
SRL	SRR10318443	27.06276479895261
SRL	SRR10318444	68.59789602613313
SRL	SRR10318445	20.248515094772156
SRL	SRR10318446	15.060152467426015
SRL	SRR10318447	12.128895951788966
SRL	SRR10318448	35.25121117231092
SRL	SRR10318449	23.048347213504343
SRL	SRR10318450	45.24290693942413
SRL	SRR10318451	51
SRL	SRR10318452	1.0063470586203123
SRL	SRR10318453	21.422694178219736
SRL	SRR10318454	1.0047940376745443
SRL	SRR10318455	33.20303004604359
SRL	SRR10318456	15.100385116048576
SRL	SRR10318457	27.04457735196266
SRL	SRR10318458	5.065303832500527
SRL	SRR10318459	25.166780267412815
SRL	SRR10318460	2.0080889550647942
SRL	SRR10318461	2.0071817333073967
SRL	SRR10318462	10.068151487297214
SRL	SRR10318463	5.015995880436263
SRL	SRR10318464	10.063873213211867
SRL	SRR10318465	56.05629281047428
SRL	SRR10318466	1.0095724722687383
SRL	SRR10318467	10.05163326868066
SRL	SRR10318468	11.109192461334125
SRL	SRR10318469	2.007473280715262
SRL	SRR10318470	10
SRL	SRR10318471	5
SRL	SRR10318472	1.0044939929610694
SRL	SRR10318473	27.106704531823727
SRL	SRR10318474	41.17558668792396
SRL	SRR10318475	2.008203899828557
SRL	SRR10318476	73.27083437106565
SRL	SRR10318495	10.01185323844472
SRL	SRR10318496	33.29499089019497
SRL	SRR10318497	1.0057733394052475
SRL	SRR10318498	13.0122789902686
SRL	SRR10318499	53.06444427530726
SRL	SRR10318500	22.128237553509873
SRL	SRR10318501	13.064096510042091
SRL	SRR10318502	82.0442668641204
SRL	SRR10318503	38.07242907401197
SRL	SRR10318504	17.11596891127691
SRL	SRR10318505	43.03095359997691
SRL	SRR10318506	30.36420264174501
SRL	SRR10318507	2.024561625087477
SRL	SRR10318508	1.031213724706472
SRL	SRR10318509	32.225747526801385
SRL	SRR10318510	1.008125313584785
SRL	SRR10318511	17.021421352739505
SRL	SRR10318512	6.046511893374583
SRL	SRR10318513	2.0067593317912036
SRL	SRR10318514	35.16287203735013
SRL	SRR10318515	7.085295112584543
SRL	SRR10318516	3.0181396504630786
SRL	SRR10318517	20.054042297511216
SRL	SRR10318518	1.0073407710436535
SRL	SRR10318519	1.0048247538699455
SRL	SRR10318520	47.09453899608439
SRL	SRR10318521	2.0073505508584337
SRL	SRR10318522	16.02233700347013
SRL	SRR10318523	1.0022972139313746
SRL	SRR10318524	6.047599746912376
SRL	SRR10318525	37.23433753077327
SRL	SRR10318526	1.0066340409403034
SRL	SRR10318527	1.000359860831218
SRL	SRR10318528	17.04385675144781
SRL	SRR10318529	27.061197524989364
SRL	SRR10318530	1.0068960081103668
SRL	SRR10318531	7.063443563275066
SRL	SRR10318532	1.0085041203949443
SRL	SRR10318533	1.0236532940435767
SRL	SRR10318534	10.178798129350087
SRL	SRR10318535	2.0316052449308053
SRL	SRR10318536	6.024877362162172
SRL	SRR10318537	12.132988230270824
SRL	SRR10318538	10.01906028263473
SRL	SRR10318539	33.247595866590075
SRL	SRR10318540	75.41610586026601
SRL	SRR10318541	5.037000677132219
SRL	SRR10318542	6.049780124794899
SRL	SRR10318543	2.0204630238696017
SRL	SRR10318544	7.017623545451234
SRL	SRR10318545	36.32047221260928
SRL	SRR10318546	20.028804410204064
SRL	SRR10318547	7.0284987906984275
SRL	SRR10318548	10.049305007724685
SRL	SRR10318549	12.086129544792314
SRL	SRR10318568	10.032098048981045
SRL	SRR10318569	7.006299264333361
SRL	SRR10318570	1.010993574886179
SRL	SRR10318571	16.014398318476253
SRL	SRR10318572	2.009649507739891
SRL	SRR10318573	5.007728056136569
SRL	SRR10318574	21.052227077279614
SRL	SRR10318575	10.048247538699457
SRL	SRR10318576	12.052620644784088
SRL	SRR10318577	66.1979131659502
SRL	SRR10318578	10.008998949047658
SRL	SRR10318579	1.0031685095836653
SRL	SRR10318580	18.02592396918366
SRL	SRR10318581	12
SRL	SRR10875803	14.689657465220554
SRL	SRR10875804	7.761517223155084
SRL	SRR10875805	17.15752169765372
SRL	SRR10875806	12.139060364062345
SRL	SRR10875807	17.444913884684695
SRL	SRR10875808	16.43992732108508
SRL	SRR10875809	11.42536006910347
SRL	SRR10875810	12.736321511759957
SRL	SRR10875812	22
SRL	SRR10875813	21.171145262121957
SRL	SRR10875814	14.056997581396855
SRL	SRR10875815	14
SRL	SRR10875816	18
SRL	SRR10875817	16.98501284928144
SRL	SRR10875818	18.897609504624313
SRL	SRR10875819	18
SRL	SRR10875820	16.182994974736474
SRL	SRR10875821	17.156819917363688
SRL	SRR10875822	16.84274310388116
SRL	SRR10875823	14
SRL	SRR10875824	15.74163330188575
SRL	SRR10875825	14.02563714030414
SRL	SRR10875826	11.823824305902567
SRL	SRR10875827	8.969332965325938
SRL	SRR10875829	10.560499137105355
SRL	SRR10875830	14
SRL	SRR10875831	14.050891697214436
SRL	SRR10875832	14
SRL	SRR10875834	18.06163040085027
SRL	SRR10875835	14
SRL	SRR10875836	16.96872587008648
SRL	SRR10875837	11.257904494932136
SRL	SRR10875838	14
SRL	SRR10875839	10.380569552211636
SRL	SRR10875840	14.70720315043401
SRL	SRR10875841	18.06972887471202
SRL	SRR10875842	12.512298231539136
SRL	SRR10875843	24.838890152865325
SRL	SRR10875844	11.253250696269937
SRL	SRR10875845	12.686796563370462
SRL	SRR10875846	17.64609854157671
SRL	SRR10875847	18.571098076053122
SRL	SRR10875848	18
SRL	SRR10875849	13.520812377658931
SRL	SRR10875850	14.002518799234611
SRL	SRR10875851	25.381737976048857
SRL	SRR10875852	11.331798250216254
SRL	SRR10875853	14.031732049994485
SRL	SRR10875854	18.510453281558664
SRL	SRR10875855	10.245310543279977
SRL	SRR10875856	12.158053959873786
SRL	SRR10875857	8.120369030524875
SRL	SRR10875858	16.880185818537363
SRL	SRR10875859	22
SRL	SRR10875860	9.163386560419465
SRL	SRR10875861	13.014849601327288
SRL	SRR10875862	12.78764814638175
SRL	SRR10875863	14.07662203163156
SRL	SRR10875864	18
SRL	SRR10875865	11.866450141963684
SRL	SRR10875866	10.416689866643551
SRL	SRR10875867	17.29071684103106
SRL	SRR10875868	8.612201126805548
SRL	SRR10875869	26
SRL	SRR10875870	9.461610004904227
SRL	SRR10875871	14.002518799234611
SRL	SRR10875872	19.299531994298686
SRL	SRR10875873	17.757796609482515
SRL	SRR10875874	10.55529688706814
SRL	SRR10875875	13.846055796909567
SRL	SRR10875876	14
SRL	SRR10875877	11.329756697295918
SRL	SRR10875878	14.111410585583313
SRL	SRR10875879	22
SRL	SRR10875880	18.072979876087683
SRL	SRR10875881	10.940883515741472
SRL	SRR10875882	14
SRL	SRR10875883	18.11689913245653
SRL	SRR10875884	13.64548725283436
SRL	SRR10875885	14.026684395688621
SRL	SRR10875886	22.166419087971843
SRL	SRR10875887	14
SRL	SRR10875888	14.395737107260882
SRL	SRR10875889	14.031732049994485
SRL	SRR10875890	14.031732049994485
SRL	SRR10875891	14
SRL	SRR10875892	13.97235888659187
SRL	SRR10875893	18
SRL	SRR10875894	19.197965176090488
SRL	SRR10875895	22
SRL	SRR10875896	14.14156161979694
SRL	SRR10875897	22.05743006315007
SRL	SRR10875898	20.96671386525036
SRL	SRR10875899	12.606383043177647
SRL	SRR10875900	18.068682410472366
SRL	SRR10875901	14.030975895978075
SRL	SRR10875902	14.065016057630613
SRL	SRR12430469	1
SRL	SRR12430470	28.97692398683388
SRL	SRR12430471	30.17243282182878
SRL	SRR12430472	22.172250512158556
SRL	SRR12430473	1
SRL	SRR12430474	19.718161485214427
SRL	SRR12430475	16.319099243403468
SRL	SRR12430476	50
SRL	SRR12765534	150
SRL	SRR12765535	32.08505284607704
SRL	SRR12765536	58.26848783204754
SRL	SRR12765537	5.021191595091865
SRL	SRR12765538	1.0342968559958656
SRL	SRR12765539	1.0314128115051437
SRL	SRR12765540	29.09083632247386
SRL	SRR12765541	4.038814605307176
SRL	SRR12765542	83
SRL	SRR12765543	1.0164158147198445
SRL	SRR12765544	1.0116050033991464
SRL	SRR12765545	7.066270190937035
SRL	SRR12765546	1.0302580085326847
SRL	SRR12765547	4.0324231913367905
SRL	SRR12765548	1.0204595735015827
SRL	SRR12765549	1.0076734929427573
SRL	SRR12765550	1.040117424009284
SRL	SRR12765551	8.11081364693742
SRL	SRR12765552	1.0415854347971876
SRL	SRR12765553	1.044787541309448
SRL	SRR12765554	19.606811694951404
SRL	SRR12765555	19.394824241836087
SRL	SRR12765556	33.51147658464335
SRL	SRR12765557	16.168491417548456
SRL	SRR12765558	1.0516646996103904
SRL	SRR12765559	22.041932621796402
SRL	SRR12765560	7.135203510963887
SRL	SRR12765561	66.18732739510617
SRL	SRR12765562	14.220367278113835
SRL	SRR12765563	48.35094221770034
SRL	SRR12765564	27.05715680858567
SRL	SRR12765565	75.31998436741243
SRL	SRR12765566	9.06487426009675
SRL	SRR12765567	8.106320824465964
SRL	SRR12765568	8.083249403024242
SRL	SRR12765569	1.0115080415029285
SRL	SRR12765570	65.46653503429171
SRL	SRR12765571	1.011188757969452
SRL	SRR12765572	1.0066284645369288
SRL	SRR12765573	1.0345835410136228
SRL	SRR12765574	70.48717222824739
SRL	SRR12765575	1.0242231235437018
SRL	SRR12765576	3.0748279772629057
SRL	SRR12765577	1.0460059726823405
SRL	SRR12765578	1.0151849958585093
SRL	SRR12765579	2.017099515167158
SRL	SRR12765580	10.114233604687527
SRL	SRR12765581	1.0162640458244836
SRL	SRR12765582	7.007036601309285
SRL	SRR12765583	1.008894629432837
SRL	SRR12765584	1.0125281630517893
SRL	SRR12765585	14.156209861285268
SRL	SRR12765586	66.35052100866113
SRL	SRR12765587	8.094664430082215
SRL	SRR12765588	81.56669941734368
SRL	SRR12765589	3.0551260134627074
SRL	SRR12765590	1.0294216534098712
SRL	SRR12765591	2.0562669413136656
SRL	SRR12765592	1.0165367644372587
SRL	SRR12765593	44.37104960514282
SRL	SRR12765594	3.069825267188964
SRL	SRR12765595	5.060091105864885
SRL	SRR12765596	17.075875876902238
SRL	SRR12765597	56.452679376998425
SRL	SRR12765598	16.115706828872142
SRL	SRR12765599	9.027842502318245
SRL	SRR12765600	1.0430935413616602
SRL	SRR12765601	2.0443244790524675
SRL	SRR12765602	1.008672496399683
SRL	SRR12765603	1.0100331670398786
SRL	SRR12765604	8.065304141527543
SRL	SRR12765605	8.062525923245836
SRL	SRR12765606	1.013303558456437
SRL	SRR12765607	5.0439187390864255
SRL	SRR12765608	15.133227809687696
SRL	SRR12765609	41.19894148078575
SRL	SRR12765610	3.0262919363829868
SRL	SRR12765611	58.32259448490362
SRL	SRR12765612	33.15053448121746
SRL	SRR12765613	23.13884400630428
SRL	SRR12765614	56.26178408062246
SRL	SRR12765615	7.06428246549928
SRL	SRR12765616	8.04946546686817
SRL	SRR12765617	11.093560518040784
SRL	SRR12765618	1.0235720872907181
SRL	SRR12765619	15.328333437697097
SRL	SRR12765620	5.040905351476082
SRL	SRR12765621	54.14165028656902
SRL	SRR12765622	30.660767011093487
SRL	SRR12765623	63
SRL	SRR12765624	44.17509682082692
SRL	SRR12765625	13.108649505964811
SRL	SRR12765626	83.41178135457834
SRL	SRR12765627	63.03400990779982
SRL	SRR12765628	6.249842939496032
SRL	SRR12765629	19.617188714748064
SRL	SRR12765630	71.12253205104273
SRL	SRR12765631	25.151503952910048
SRL	SRR12765632	52.34242942741869
SRL	SRR12765633	12.234759795745461
SRL	SRR12765634	20.10931301714386
SRL	SRR12765635	2.046428424410931
SRL	SRR12765636	12.146636811955627
SRL	SRR12765637	13.463786317587322
SRL	SRR12765638	81
SRL	SRR12765639	1.0312383739753317
SRL	SRR12765640	69.35055982100108
SRL	SRR12765641	1.0191101951053518
SRL	SRR12765642	24.05872552847395
SRL	SRR12765643	3.042510089765554
SRL	SRR12765644	13.046639202548514
SRL	SRR12765645	1.0289926005960395
SRL	SRR12765646	6.040974371881374
SRL	SRR12765647	4.117187981248521
SRL	SRR12765648	1.0119067516462763
SRL	SRR12765649	1.0495385478573618
SRL	SRR12765650	1.0183845609590005
SRL	SRR12765651	1.0282802169943726
SRL	SRR12765652	2.0215674977680456
SRL	SRR12774664	21.111625857322764
SRL	SRR12774665	17.230463284266854
SRL	SRR12774666	17.18175762621754
SRL	SRR12774667	17.256920794072933
SRL	SRR12774668	17.908057972518435
SRL	SRR12774669	21.391074824600725
SRL	SRR12774670	17.834921338705914
SRL	SRR12774671	17.823914460893768
SRL	SRR12774672	21.130070719478265
SRL	SRR12774673	17.24405355298808
SRL	SRR12774674	17.415502177833865
SRL	SRR12774675	17.589085573869724
SRL	SRR12774676	17.111431088060687
SRL	SRR12774677	17.186591290632936
SRL	SRR12774678	17.746040056873223
SRL	SRR12774679	17.398049191279437
SRL	SRR12774680	21.29906630100108
SRL	SRR12774681	17.148410745809702
SRL	SRR12774682	17.181096101364858
SRL	SRR12774683	17.121490235261096
SRL	SRR12774684	21.111066789209957
SRL	SRR12774685	17.125620857737662
SRL	SRR12774686	21.381535010095202
SRL	SRR12774687	25.73651059634498
SRL	SRR1609360	8.39689983077007
SRL	SRR1609361	12.317307821075278
SRL	SRR1609362	1.0685001313413078
SRL	SRR1609363	1.0074338842995187
SRL	SRR1609364	12.10497727954619
SRL	SRR1609365	8.117071863811507
SRL	SRR1609366	7.040295448491277
SRL	SRR1609367	94.25688010943304
SRL	SRR1609368	8.045223757195629
SRL	SRR1609369	47.04229506052399
SRL	SRR1609370	136.28373481659312
SRL	SRR1609371	1.0304964007766504
SRL	SRR1609372	38.03135631059566
SRL	SRR1609373	1.0075612554988438
SRL	SRR1609374	3.0078817544471623
SRL	SRR1609375	3.0199944401518444
SRL	SRR1609376	8.13010821244072
SRL	SRR1609377	7.037667640581644
SRL	SRR1609378	8.1421829296099
SRL	SRR1609379	49.08972999106449
SRL	SRR1609380	21.33605035619598
SRL	SRR1609381	89.064066753440585
SRL	SRR1609382	10.145549576818974
SRL	SRR1609383	1.010526926308581
SRL	SRR1609384	17.167944618639098
SRL	SRR1609385	23.172211474043277
SRL	SRR1609386	10.067982845157166
SRL	SRR1609387	30.228206975409307
SRL	SRR1609388	3.0391116157423523
SRL	SRR1609389	50.126780043301785
SRL	SRR1609390	8.105286295401575
SRL	SRR1609391	1.0643168557255298
SRL	SRR1609392	5.0789756763623375
SRL	SRR1609393	1.0451601529901198
SRL	SRR1609394	1.028409336119194
SRL	SRR1609395	52.29240430024367
SRL	SRR1609396	47.05348362651323
SRL	SRR1609397	5.074701644045432
SRL	SRR1609398	7.033033126664758
SRL	SRR1609399	65.25141813027984
SRL	SRR1609400	70.15534046447469
SRL	SRR1609401	8.0864054388473
SRL	SRR1609402	1.0044939929610694
SRL	SRR1609403	34.11074742763968
SRL	SRR1609404	1.0122155976028022
SRL	SRR1609405	10.068279191230754
SRL	SRR1609406	14.057369842030958
SRL	SRR1609407	3.0072727777709023
SRL	SRR1609408	3.023639156907532
SRL	SRR1609409	17.32782167844019
SRL	SRR1609410	45
SRL	SRR1609411	1.0534817444447622
SRL	SRR1609412	21
SRL	SRR1609413	81.7764608291685
SRL	SRR1609414	30.049530391069624
SRL	SRR1609415	61.01097476809367
SRL	SRR1609416	61.16587145411691
SRL	SRR1609417	41.280561992343195
SRL	SRR1609418	34.04943802246258
SRL	SRR1609419	7.034344245696138
SRL	SRR1609420	32.15287063405666
SRL	SRR1609421	3.019479698000938
SRL	SRR1609422	12.204008949592156
SRL	SRR1609423	1.0543133661346646
SRL	SRR1609424	1.0793326783308919
SRL	SRR1609425	32.05283241714093
SRL	SRR1609426	21.10029976577243
SRL	SRR1609427	154.81972156726138
SRL	SRR1609428	14.122154571965535
SRL	SRR1609429	3.0038720632094233
SRL	SRR1609430	49.204669247535385
SRL	SRR1609431	1.0075846296119257
SRL	SRR1609432	1.001545611227314
SRL	SRR1609433	38.322671295676884
SRL	SRR1609434	1.0152841125038419
SRL	SRR1609435	41.18914503130066
SRL	SRR1609436	23.07530389024231
SRL	SRR1609437	1.0221628286585938
SRL	SRR1609438	1.0325930752618184
SRL	SRR1609439	1.0150438676413862
SRL	SRR1609440	39.10061254743909
SRL	SRR1609441	38.08612984998503
SRL	SRR1609442	1.0074096441060612
SRL	SRR1609443	21.187228702316272
SRL	SRR1609444	19.010256956320582
SRL	SRR1609445	19.067060702110137
SRL	SRR1609446	19.217155933805277
SRL	SRR1609447	1.2343308859580486
SRL	SRR1609448	5.04442553368413
SRL	SRR1609449	92.23045582753194
SRL	SRR1609450	8.016690283329007
SRL	SRR1609451	165.14472419189514
SRL	SRR1609452	1.2640053263343127
SRL	SRR1609453	38.069989867748355
SRL	SRR1609454	12.196797281528921
SRL	SRR1609455	1.252344349611058
SRL	SRR1609456	10.04895674028629
SRL	SRR1609457	1.0066955867682956
SRL	SRR1609458	1.240929610314354
SRL	SRR1609459	19.074365812333234
SRL	SRR1609460	1.0098989712686044
SRL	SRR1609461	28.047852687922056
SRL	SRR1609462	58.216963090299494
SRL	SRR1609463	12.079252432261281
SRL	SRR1609464	7.0804356169746425
SRL	SRR1609465	1.0122774846884037
SRL	SRR1609466	8.973142086276363
SRL	SRR1609467	27.328160022148577
SRL	SRR1609468	30.051774106074394
SRL	SRR1609469	39.0070166550107
SRL	SRR1609470	1.004852231238677
SRL	SRR1609471	14.030020510216398
SRL	SRR1609472	1.0873653005292128
SRL	SRR1609473	1.0580975264984585
SRL	SRR1609474	69.17888281461673
SRL	SRR1609475	1.0221791170213061
SRL	SRR1609476	96.19681079585304
SRL	SRR1609477	30.17186971638407
SRL	SRR1609478	3.0698390775617117
SRL	SRR1609479	5.0532382966736735
SRL	SRR1609480	19
SRL	SRR1609481	1.0106218174964396
SRL	SRR1609482	14.051940838286564
SRL	SRR1609483	52.239891259210594
SRL	SRR1609484	12.09684216717974
SRL	SRR1609485	1.0008998949047658
SRL	SRR1609486	5.016370410922241
SRL	SRR1609487	36.14386644714843
SRL	SRR1609488	1.0014402205102033
SRL	SRR1609489	1.0022191494924957
SRL	SRR1609490	23.387413081835483
SRL	SRR1609491	8.028701047722162
SRL	SRR1609492	58
SRL	SRR1609493	1.0045689957386463
SRL	SRR1609494	5.029904661272545
SRL	SRR1609495	92.20852489996375
SRL	SRR1609496	45.04049527071446
SRL	SRR1609497	1.0008998949047658
SRL	SRR1609498	67.0241106756916
SRL	SRR1609499	3.006350756509519
SRL	SRR1609500	5.008629017679065
SRL	SRR1609501	16.02065100378359
SRL	SRR1609502	1.0131235797683193
SRL	SRR1609503	1.2577312251671255
SRL	SRR1609504	36
SRL	SRR1609505	72
SRL	SRR1609506	1.019996986701897
SRL	SRR1609507	34.20964519108178
SRL	SRR1609508	30.01619519419039
SRL	SRR1609509	7.044955398328098
SRL	SRR1609510	1.0056982467093867
SRL	SRR1609511	19.712862579511164
SRL	SRR1609512	28.095024885738496
SRL	SRR1609513	41.13368098818075
SRL	SRR1609514	16.7968834975828
SRL	SRR1609515	12.023770053658932
SRL	SRR1609516	3.0126131492178483
SRL	SRR1609517	5.115127956575111
SRL	SRR1609518	47.076158511298395
SRL	SRR1609519	45.077661159111585
SRL	SRR1609520	1.0793712363413515
SRL	SRR1609521	114.19133801234548
SRL	SRR1609522	5.122360735022449
SRL	SRR1609523	14.06711652744362
SRL	SRR1609524	1.0169007391409333
SRL	SRR1609525	1.0055480781368802
SRL	SRR1609526	1.020687225978975
SRL	SRR1609527	19
SRL	SRR1609528	3.0267060177174403
SRL	SRR1609529	7.1831323780136485
SRL	SRR1609530	10.048928994463358
SRL	SRR1609531	5.019211363740068
SRL	SRR1609532	23.169788226530596
SRL	SRR1609533	3.1164631526780386
SRL	SRR1609534	28.036905917009765
SRL	SRR1609535	3.134399815912085
SRL	SRR1609536	16.17896796455325
SRL	SRR1609537	12.046524755808564
SRL	SRR1609538	7
SRL	SRR1609539	3.0187234879683995
SRL	SRR1609540	30
SRL	SRR1609541	1.1005986779971142
SRL	SRR1609542	7.016604368770923
SRL	SRR1609543	52.10848684163855
SRL	SRR1609544	72.42749127358762
SRL	SRR1609545	22.746840385895243
SRL	SRR1609546	17
SRL	SRR1609547	21.109558661716967
SRL	SRR1609548	5.092430766098694
SRL	SRR1609549	5.054296106501058
SRL	SRR1609550	52
SRL	SRR1609551	25.2935881820007
SRL	SRR1609552	10.045689957386463
SRL	SRR1609553	14.037210620158705
SRL	SRR1609554	1.0092141688423883
SRL	SRR1609555	12.042722258119637
SRL	SRR1609556	41.92671622922248
SRL	SRR1609557	8.050754589393327
SRL	SRR1609558	1.0043407660883636
SRL	SRR1609559	1.0429313075146665
SRL	SRR1609560	8.059362062051733
SRL	SRR1609561	12.031325488990946
SRL	SRR1609562	23.02312026144479
SRL	SRR1609563	3.013431502879688
SRL	SRR1609564	56.0536403244196
SRL	SRR1609565	1.0254977843458928
SRL	SRR1609566	10.033796658956017
SRL	SRR1609567	1.258890072207468
SRL	SRR1609568	32
SRL	SRR1609569	59
SRL	SRR1609570	36.651856348120916
SRL	SRR1609571	16.39282631490361
SRL	SRR1609572	7.094734347926595
SRL	SRR1609573	3.0605254380918123
SRL	SRR1609574	10.05244567226415
SRL	SRR1609575	1.0736998596975067
SRL	SRR1609576	5.020134910035566
SRL	SRR1609577	50.21175406212432
SRL	SRR1609578	10.01783819400364
SRL	SRR1609579	65.44388902871489
SRL	SRR1609580	8.062212684966166
SRL	SRR1609581	1.0421710305067429
SRL	SRR1609582	32.27029074599274
SRL	SRR1609583	1.0362453520104524
SRL	SRR1609584	63.130378525884474
SRL	SRR1609585	25.022497372619146
SRL	SRR1609586	1.0786248766862927
SRL	SRR1609587	1.012248840177597
SRL	SRR1609588	1.0140245410109685
SRL	SRR1609589	17.045184324478427
SRL	SRR1609590	28.010076103274102
SRL	SRR1609591	19.062207561504515
SRL	SRR1609592	1.0069291468220734
SRL	SRR1609593	10.055894714059807
SRL	SRR1609594	1.0256481719610884
SRL	SRR1609595	1.0250719923527887
SRL	SRR1609596	1.0026272514823873
SRL	SRR1609597	10.042350812424864
SRL	SRR1609598	3.083858462470323
SRL	SRR1609599	1.0215262413064172
SRL	SRR1609600	55.68945011952451
SRL	SRR1609601	8.226988642826841
SRL	SRR1609602	1.1633952247111359
SRL	SRR1609603	83
SRL	SRR1609604	1.0071022645360526
SRL	SRR1609605	3.0232559466872915
SRL	SRR1609606	7.114381124971582
SRL	SRR1609607	8.040535859229763
SRL	SRR1609608	10.206596050691408
SRL	SRR1609609	3.099619499734118
SRL	SRR1609610	8
SRL	SRR1609611	1.0173971986878916
SRL	SRR1609612	3.0070242343862037
SRL	SRR1609613	14.012598528666722
SRL	SRR1609614	25.29712292451974
SRL	SRR1609615	16.05118681739604
SRL	SRR1609616	36
SRL	SRR1609617	21
SRL	SRR1609618	1.0032298435283036
SRL	SRR1609619	58.21242883190417
SRL	SRR1609620	1.0128377161891344
SRL	SRR1609621	1.00876204659104
SRL	SRR1609622	5.198603628897257
SRL	SRR1609623	43.8348408845248
SRL	SRR1609624	1.2336696420287332
SRL	SRR1609625	56.09074205601511
SRL	SRR1609626	67.53317923100585
SRL	SRR1609627	12.066945808596353
SRL	SRR1609628	27.051836589211334
SRL	SRR1609629	10.16628015095451
SRL	SRR1609630	12.034059526382938
SRL	SRR1609631	89
SRL	SRR1609632	45
SRL	SRR1609633	47.172292693875036
SRL	SRR1609634	17.142836024330503
SRL	SRR1609635	1.0252958338928058
SRL	SRR1609636	16.54450761824906
SRL	SRR1609637	27.111774206915555
SRL	SRR1609638	1.0249950491217468
SRL	SRR1609639	10.055894714059807
SRL	SRR1609640	98.01763159464228
SRL	SRR1609641	39.011121720269145
SRL	SRR1609642	72
SRL	SRR1609643	19.233272209079672
SRL	SRR1609644	85.09179753837529
SRL	SRR1609645	19.061367027037768
SRL	SRR1609646	32.07678281536364
SRL	SRR1609647	10.212982971415506
SRL	SRR1609648	5.018279855443439
SRL	SRR1609649	19.158593584794595
SRL	SRR1609650	3.022569088292941
SRL	SRR1609651	12.041455025633645
SRL	SRR1609652	17.061275503795496
SRL	SRR1609653	1.0511387444381015
SRL	SRR1609654	25.878619577130607
SRL	SRR1609655	5.034400058307168
SRL	SRR1609656	16.23458765732471
SRL	SRR1609657	28.37157718610522
SRL	SRR1609658	3.0610885230700777
SRL	SRR1609659	1.0080669304680778
SRL	SRR1609660	23.090822005420037
SRL	SRR1609661	30.04454662255115
SRL	SRR1609662	27.12741348856407
SRL	SRR1609663	10.026685245160001
SRL	SRR1609664	16.11769143735872
SRL	SRR1609665	10
SRL	SRR1609666	10.168930220669719
SRL	SRR1609667	14.041832808619107
SRL	SRR1609668	1.126374524616663
SRL	SRR1609669	14.276618811418134
SRL	SRR1746771	18.038147802466867
SRL	SRR1746772	20.633044691324624
SRL	SRR1746773	0.764442612521828
SRL	SRR1746774	29.51018624454722
SRL	SRR1746775	23.10969563206061
SRL	SRR1746776	8.231696533064236
SRL	SRR1746777	0.7204267908864945
SRL	SRR1746778	30.78531959621522
SRL	SRR1746779	8.367203145077347
SRL	SRR1746780	14.297747963714922
SRL	SRR1746781	0.7373202383438621
SRL	SRR1746782	7.0319829701705245
SRL	SRR1746783	10
SRL	SRR1746784	1
SRL	SRR1782685	7.1145909208012625
SRL	SRR1782686	6.147111040703804
SRL	SRR1782687	1.0124456809155273
SRL	SRR1782688	1.0169436235163218
SRL	SRR1782689	35.63801209391425
SRL	SRR1782690	11.230430168753312
SRL	SRR1782691	110.19806595824083
SRL	SRR1782692	18.151137591846314
SRL	SRR1782693	21.192267884740513
SRL	SRR1782694	9.146561757566305
SRL	SRR1782695	86.06190719995382
SRL	SRR1782696	12.040885244973309
SRL	SRR1782697	6.053367776597021
SRL	SRR1782698	131.27731636758233
SRL	SRR1782699	1.0249781804088034
SRL	SRR1782700	4.031040122348881
SRL	SRR1782701	33.21046813560333
SRL	SRR1782702	6.065033821842577
SRL	SRR1782703	63.248773319194015
SRL	SRR1782704	21.335994201522894
SRL	SRR1782705	16.394046746728367
SRL	SRR1782706	67.17284719688254
SRL	SRR1782707	56.218324910773475
SRL	SRR1782708	1.0538021486811544
SRL	SRR1782709	1.0501361936915201
SRL	SRR1782710	21
SRL	SRR1782711	7.081539092795135
SRL	SRR1782712	2.0242544147356214
SRL	SRR1782713	1.0221907801445005
SRL	SRR1782714	1.0873263978153305
SRL	SRR1782715	49.12274277770723
SRL	SRR1782716	1.015162755673933
SRL	SRR1782717	37.03053114452736
SRL	SRR1782718	9.132205274530794
SRL	SRR1782719	23.170523305501256
SRL	SRR1782720	9.160007498238908
SRL	SRR1782721	10.095834158935116
SRL	SRR1782722	46.04139516561923
SRL	SRR1782723	68.15412709997321
SRL	SRR1782724	19.21990751886515
SRL	SRR1782725	2.1381985443167246
SRL	SRR1782726	30.230446220220898
SRL	SRR1782727	56
SRL	SRR1782728	1.0306785213210727
SRL	SRR1782729	78.28626215414421
SRL	SRR1782730	28.04032617428569
SRL	SRR1782731	4.131601538721548
SRL	SRR1782732	1.0797441103980587
SRL	SRR1782733	1.0099265873940113
SRL	SRR1782734	7.044400327028727
SRL	SRR1782735	40.188087559650974
SRL	SRR1782736	6.1123193746181395
SRL	SRR1782737	54.090633795321544
SRL	SRR1782738	9.449104448865898
SRL	SRR1782739	1.0105217483060531
SRL	SRR1782740	25.301167357226504
SRL	SRR1782741	2.109360200553903
SRL	SRR1782742	51
SRL	SRR1782743	9.018378892215306
SRL	SRR1782744	2.0101192679401696
SRL	SRR1782745	1.0123427036165962
SRL	SRR1782746	4.081216284259461
SRL	SRR1782747	1.0076202296922758
SRL	SRR1782748	6.090179682948012
SRL	SRR1782749	4.052305056996596
SRL	SRR1782750	4.005635626867641
SRL	SRR1782751	6.095372915622863
SRL	SRR1782752	12.08231808462717
SRL	SRR1782753	25.02658007225685
SRL	SRR1782754	37.317018913525104
SRL	SRR1782755	12.033122247408892
SRL	SRR1782756	1.0456381683839602
SRL	SRR1782757	1.0014708341806098
SRL	SRR1782758	30.054017988611136
SRL	SRR1782759	1.0044740376826409
SRL	SRR1782760	11.160022938658031
SRL	SRR1782761	1.1238501762695376
SRL	SRR1782762	1.0649255307900556
SRL	SRR1782763	9.049781116317453
SRL	SRR1782764	46.05593276724781
SRL	SRR1782765	33.10905681320662
SRL	SRR1782766	9.097644455919466
SRL	SRR1782767	18.178855483009816
SRL	SRR1782768	4.026666626657714
SRL	SRR1782769	12.104646272743544
SRL	SRR1782770	7.033196701180648
SRL	SRR1782771	11.0751217083788
SRL	SRR1782772	7.038259556000352
SRL	SRR1782773	1.0044157574249153
SRL	SRR1782774	4.010209574714553
SRL	SRR1782775	4.081222881197842
SRL	SRR1782776	2.0304661902988608
SRL	SRR1782777	60.01079485386262
SRL	SRR1782778	26.048324115236944
SRL	SRR1782779	9.255861464912511
SRL	SRR1782780	1.0131470187154437
SRL	SRR1782781	25.883976118332388
SRL	SRR1782782	1.0208564420797066
SRL	SRR1782783	4.025740955380693
SRL	SRR1782784	19.065054312008616
SRL	SRR1782785	7.007559797277965
SRL	SRR1782786	1.0254091193769634
SRL	SRR1782787	19
SRL	SRR1782788	18.068379758960475
SRL	SRR1782789	1.0173768425012382
SRL	SRR1782790	11.062462986633031
SRL	SRR1782791	70.42115329710053
SRL	SRR1782792	1.0069216150206068
SRL	SRR1782793	19.71279238522903
SRL	SRR1782794	63.43602962128153
SRL	SRR1782795	2.042906366155005
SRL	SRR1782796	2.1601551061632147
SRL	SRR1782797	1.0257043393761212
SRL	SRR1782798	1.0196936687232063
SRL	SRR1782799	46.07453811744098
SRL	SRR1782800	11.019806595824083
SRL	SRR1782801	7.039362117340493
SRL	SRR1782802	2.01492936238818
SRL	SRR1782803	12.04452071853134
SRL	SRR1782804	91.25046330431366
SRL	SRR1782805	47.084628182157445
SRL	SRR1782806	79.21481712910223
SRL	SRR1782807	28.999585178910745
SRL	SRR1782808	1.026827020828528
SRL	SRR1782809	39.53635643333551
SRL	SRR1782810	1.0169339604032894
SRL	SRR1782811	18.056730716119517
SRL	SRR1782812	1.012847572848198
SRL	SRR1782813	16.101065450115
SRL	SRR1782814	1.0131760192829955
SRL	SRR1782815	1.062495840870562
SRL	SRR1782816	19.010256956320582
SRL	SRR1782817	28.100544266303555
SRL	SRR1782818	2.0281391053710967
SRL	SRR1782819	4.1122664391454675
SRL	SRR1782820	1.0360618097617436
SRL	SRR1782821	11.030060438337909
SRL	SRR1782822	12.096383940342347
SRL	SRR1782823	14.054278881776657
SRL	SRR1782824	30.17279205968138
SRL	SRR1782825	6.035092393879239
SRL	SRR1782826	40.27807545275203
SRL	SRR1782827	7.094961535934455
SRL	SRR1782828	26
SRL	SRR1782829	19
SRL	SRR1782830	6.236956035188913
SRL	SRR1782831	1.0739194225513655
SRL	SRR1782832	1.0329184392097017
SRL	SRR1782833	4.093331264092489
SRL	SRR1782834	39.0070166550107
SRL	SRR1782835	1.115615765911128
SRL	SRR1782836	98.51282548456618
SRL	SRR1782837	12.337601647881995
SRL	SRR1782838	28.375249214429203
SRL	SRR1782839	9.12818236627144
SRL	SRR1782840	1.0085859860123885
SRL	SRR1782841	1.0152682801580397
SRL	SRR1782842	35
SRL	SRR1782843	1.0248893103783814
SRL	SRR1782844	39.011121720269145
SRL	SRR1782845	42.80612458248898
SRL	SRR1782846	12.06720893594188
SRL	SRR1782847	1.2341754014728283
SRL	SRR1782848	1.2339624247168026
SRL	SRR1782849	1.2407817669595906
SRL	SRR1782850	1.2523904174212142
SRL	SRR1782851	1.2640085575608608
SRL	SRR1782852	1.264344673893091
SRL	SRR1782853	1.2591344565382891
SRL	SRR1782854	11.03601490402893
SRL	SRR1782855	4.009648625389459
SRL	SRR1782856	21.112227571156954
SRL	SRR1782857	1.0072254172113015
SRL	SRR1782858	54.058318436144305
SRL	SRR1782859	32.051852603437204
SRL	SRR1782860	37.083863274985426
SRL	SRR1782861	37.06923833440864
SRL	SRR1782862	32.151008579038894
SRL	SRR1782863	39.10365815615639
SRL	SRR1782864	9.118948455794225
SRL	SRR1782865	47.201282300790886
SRL	SRR1782866	19.067060702110137
SRL	SRR1782867	12.20465405889664
SRL	SRR1782868	56.20528491185111
SRL	SRR1782869	23.08079213353413
SRL	SRR1782870	89.22294096359069
SRL	SRR1782871	149.80178263523786
SRL	SRR1782872	60.16675189824283
SRL	SRR1782873	21.098101007392987
SRL	SRR1782874	4.0260097382482565
SRL	SRR1782875	9.046677158469915
SRL	SRR1782876	23.091602333504902
SRL	SRR1782877	19.065054312008616
SRL	SRR1782878	65.52367545416683
SRL	SRR1782879	16.23690341253355
SRL	SRR1782880	4.016953276073491
SRL	SRR1782881	49.204669247535385
SRL	SRR1782882	6.021177063824254
SRL	SRR1782883	44.08057386952729
SRL	SRR1782884	135.09717990690424
SRL	SRR1782885	81
SRL	SRR1782886	1.0055714652071701
SRL	SRR1782887	23.021401317325058
SRL	SRR1782888	1.003284711788924
SRL	SRR1782889	1.0043575891380983
SRL	SRR1782890	30.046368336819416
SRL	SRR1782891	14.010077916271552
SRL	SRR1782892	6.011151718900833
SRL	SRR1782893	6.023527981080785
SRL	SRR1782894	16.185489858661867
SRL	SRR1782895	6.02226035926567
SRL	SRR1782896	1.0021611084168651
SRL	SRR1782897	14.039306937507058
SRL	SRR1782898	7.015866024997242
SRL	SRR1782899	12.045516249565717
SRL	SRR1782900	44.04751872574721
SRL	SRR1782901	1.0010052287584692
SRL	SRR1782902	9
SRL	SRR1782903	1.0025523936786382
SRL	SRR1782904	70
SRL	SRR1782905	14.029636863711088
SRL	SRR1782906	9.057799797850413
SRL	SRR1782907	1.004907806923692
SRL	SRR1782908	32.098995563798205
SRL	SRR1782909	21.07254629485888
SRL	SRR1782910	32
SRL	SRR1782911	2.014081387690423
SRL	SRR1782912	93.44496488284223
SRL	SRR1782913	30
SRL	SRR1782914	12.033691660720336
SRL	SRR1782915	58
SRL	SRR1782916	1.010869575218145
SRL	SRR1782917	28.090700759666746
SRL	SRR1782918	60.06479826238256
SRL	SRR1782919	44
SRL	SRR1782920	1.0010799710397094
SRL	SRR1782921	4.0083451416645035
SRL	SRR1782922	1.1868611598736958
SRL	SRR1782923	1.0056388977969737
SRL	SRR1782924	28.145217826350844
SRL	SRR1782925	1.0035528507597562
SRL	SRR1782926	6.044605076214114
SRL	SRR1782927	21.061176633343706
SRL	SRR1782928	1.0072973762876458
SRL	SRR1782929	6.052630701132905
SRL	SRR1782930	33.097039737699
SRL	SRR1782931	25.068319178040703
SRL	SRR1782932	7.026259642394339
SRL	SRR1782933	4.2615988433950545
SRL	SRR1782934	1.005940685812108
SRL	SRR1782935	1.0045521691478385
SRL	SRR1782936	7.181805749291649
SRL	SRR1782937	1.0079641033133233
SRL	SRR1782938	1.258100037900621
SRL	SRR1782939	14.067075293632481
SRL	SRR1782940	18.048095484035528
SRL	SRR1782941	9.071333295855611
SRL	SRR1782942	35.14094437024896
SRL	SRR1782943	11.051909199044621
SRL	SRR1782944	16.02108909543415
SRL	SRR1782945	11.059192006628297
SRL	SRR1782946	51.11021652926013
SRL	SRR1782947	61.13080365165716
SRL	SRR1782948	7
SRL	SRR1782949	32.08069590228334
SRL	SRR1782950	11
SRL	SRR1782951	40.134514369045604
SRL	SRR1782952	22.485074860728414
SRL	SRR1782953	12.022872339161674
SRL	SRR1782954	1.1264165338665522
SRL	SRR1782955	16.5480659709873
SRL	SRR1782956	1.0152841125038419
SRL	SRR1782957	14.277002879243053
SRL	SRR1782958	11.061028859505681
SRL	SRR1782959	1.058591539507089
SRL	SRR1782960	70
SRL	SRR1782961	9.03290373979819
SRL	SRR1782962	16.1189421487923
SRL	SRR1782963	6.041876531129348
SRL	SRR1782964	33.01378732033635
SRL	SRR1782965	14.04412389031518
SRL	SRR1782966	12
SRL	SRR1782967	21.086785544008876
SRL	SRR1782968	18.019439478714766
SRL	SRR1782969	19.236299353870237
SRL	SRR1782970	2.0256545640431005
SRL	SRR1782971	11.188434900986026
SRL	SRR1782972	51.292193540930576
SRL	SRR1782973	1.0517459917633214
SRL	SRR1782974	75
SRL	SRR1782975	1.0401318016702708
SRL	SRR1782976	9.089534551388912
SRL	SRR1782977	94.0338269181345
SRL	SRR1782978	1.0169714322808001
SRL	SRR1782979	1.0085358205549844
SRL	SRR1782980	30.05351458201092
SRL	SRR1782981	1.0125043176315647
SRL	SRR1782982	14.08211812870644
SRL	SRR1782983	82.08242875819448
SRL	SRR1782984	28.010076103274102
SRL	SRR1782985	1.0068675867150407
SRL	SRR1782986	39.11945497559127
SRL	SRR1782987	7.009034814155321
SRL	SRR1782988	44
SRL	SRR1782989	1.0436400210748342
SRL	SRR1782990	1.0139756387641055
SRL	SRR1782991	26.109398139487727
SRL	SRR1782992	28.068513116552943
SRL	SRR1782993	11.235941165241275
SRL	SRR1782994	35
SRL	SRR1782995	19.161335647838442
SRL	SRR1782996	86
SRL	SRR1782997	4.018085845140001
SRL	SRR1782998	46.170662754370134
SRL	SRR1782999	6.132533916117156
SRL	SRR1783000	25.098963824968752
SRL	SRR1783001	11.186217822705455
SRL	SRR1783002	1.0573070730118106
SRL	SRR1783003	72
SRL	SRR1783004	26.12035661436614
SRL	SRR1783005	12.195502032067381
SRL	SRR1783006	1.0243516724527386
SRL	SRR1813867	5.2553933100484125
SRL	SRR1813868	9.180153515326658
SRL	SRR1813869	12.1270343770528
SRL	SRR1813870	22.065023621409594
SRL	SRR1813871	20.320173924789206
SRL	SRR1813872	15.101735052843683
SRL	SRR1813873	17.59481918807229
SRL	SRR1813874	7.076326574682189
SRL	SRR1813875	7
SRL	SRR1813876	7.037762833308168
SRL	SRR1813877	26.635000998613748
SRL	SRR1813878	22.01583672556958
SRL	SRR1813879	11
SRL	SRR1813880	22
SRL	SRR1813881	7.148837455342967
SRL	SRR1813882	8.51100168648785
SRL	SRR1813883	23.02031198474718
SRL	SRR1813884	9.123372255197422
SRL	SRR1813885	9
SRL	SRR1813886	17.021421352739505
SRL	SRR1813887	14.156359845137514
SRL	SRR1928188	17.13898884447926
SRL	SRR1928189	14.102163268027041
SRL	SRR1928190	14.12262311922215
SRL	SRR1928191	17.1911896330068
SRL	SRR1928192	14.179298723673897
SRL	SRR1928193	15.228228204289584
SRL	SRR2046996	18.153703299545583
SRL	SRR2046997	15.164835845317278
SRL	SRR2046998	16.32022515197851
SRL	SRR2046999	16.121624111959658
SRL	SRR2047000	15.158257398257929
SRL	SRR2047001	15.139550435734213
SRL	SRR2047002	15.279717124242868
SRL	SRR2047003	15.352772781663885
SRL	SRR2047004	17.133033483373033
SRL	SRR2047005	15.120541727452862
SRL	SRR2047006	16.240433317250325
SRL	SRR2047007	15.391218271168155
SRL	SRR2047008	15.186225424298655
SRL	SRR2047009	15.27550867080197
SRL	SRR2313973	73.94824510522794
SRL	SRR2313974	24.182998603835628
SRL	SRR2313975	19.198444566812498
SRL	SRR2313976	1.0149132606524793
SRL	SRR2313977	26.227805529448073
SRL	SRR2313978	19.515582220511405
SRL	SRR2313979	16.168313631893355
SRL	SRR2313980	1.0058930864524789
SRL	SRR2313981	38.13681289637433
SRL	SRR2313982	63.84230398681858
SRL	SRR2313983	24.41003323134793
SRL	SRR2313984	24.13135205422553
SRL	SRR2313985	33.64535040093061
SRL	SRR2313986	36.2251824470887
SRL	SRR2313987	58.19578275798594
SRL	SRR2313988	24.219407129470152
SRL	SRR2313989	1.010807774207177
SRL	SRR2313990	11.173967068355457
SRL	SRR2313991	9.151663877644937
SRL	SRR2313992	19.29208844076498
SRL	SRR2313993	14.147083071980438
SRL	SRR2313994	1.0221592337096574
SRL	SRR2313995	19.081369440745252
SRL	SRR2313996	46.208761218626286
SRL	SRR2313997	1.0122808125437386
SRL	SRR2313998	1.0248492994103025
SRL	SRR2313999	73.68834966191459
SRL	SRR2314000	6.052362522369812
SRL	SRR2314001	1.0141174746934551
SRL	SRR2314002	14.152503204783846
SRL	SRR2314003	28.61697409233723
SRL	SRR2314004	4.032005288727255
SRL	SRR2314005	1.0095719427644396
SRL	SRR2314006	21.40395192900864
SRL	SRR2314007	4.024242049891491
SRL	SRR2314008	24.031633643151228
SRL	SRR2314009	31.25707543617689
SRL	SRR2314010	24.15927433772546
SRL	SRR2314011	85.61126732748625
SRL	SRR2314012	24.17790941081098
SRL	SRR2314013	14.168091022140022
SRL	SRR2314014	1.0116520854708597
SRL	SRR2314015	1.0078272282716871
SRL	SRR2314016	146.47694504147236
SRL	SRR2314017	11.218245661414699
SRL	SRR2314018	9.34046826823989
SRL	SRR2314019	14.047315322538426
SRL	SRR2314020	1.0167059661554507
SRL	SRR2314021	6.030483462695746
SRL	SRR2314022	26.32071014254102
SRL	SRR2314023	41.40713571214263
SRL	SRR2314024	1.013303558456437
SRL	SRR2314025	41.2050585641839
SRL	SRR2314026	1.022744558399226
SRL	SRR2314027	9.06823242942446
SRL	SRR2314028	24.06918036613259
SRL	SRR2314029	41.09599786994478
SRL	SRR2314030	38.181533877942286
SRL	SRR2314031	41.72429648477398
SRL	SRR2314032	1.0178177461498867
SRL	SRR2314033	1.024669135723135
SRL	SRR2314034	1.0297963295780983
SRL	SRR2314035	1.0473841672111144
SRL	SRR2314036	1.0175308560885339
SRL	SRR2314037	31.431452951962893
SRL	SRR2314038	43.24957567811479
SRL	SRR2314039	6.067478694002401
SRL	SRR2314040	1.0396160750498236
SRL	SRR2314041	28.214003574280675
SRL	SRR2314042	11.04490083250977
SRL	SRR2314043	16.147852575456962
SRL	SRR2314044	63.268116548255584
SRL	SRR2314045	1.0076154311147274
SRL	SRR3493774	23
SRL	SRR3493775	36
SRL	SRR3493776	48.296596071364014
SRL	SRR3493777	1.0007198511622537
SRL	SRR3493778	4
SRL	SRR3493779	7.025018395126279
SRL	SRR3493780	4.199578387332958
SRL	SRR3493781	47
SRL	SRR3493782	7.059744650043758
SRL	SRR3493783	28.077112419237388
SRL	SRR3493784	1.0208098579484606
SRL	SRR3493785	44.0395953758097
SRL	SRR3493786	1.0407280627260045
SRL	SRR3493787	28
SRL	SRR3493788	7
SRL	SRR3493789	1.0182789000798176
SRL	SRR3493790	12
SRL	SRR3493791	1.0014708341806098
SRL	SRR3493792	17.012237469758315
SRL	SRR3493793	1.0098194431054244
SRL	SRR3493794	9.028190582836714
SRL	SRR3493795	1.003718075955135
SRL	SRR3493796	1.0083843578636666
SRL	SRR3493797	9
SRL	SRR3493798	1.011188757969452
SRL	SRR3493799	31
SRL	SRR3493800	1.0072526652107907
SRL	SRR3493801	12.110570026108661
SRL	SRR3493802	15
SRL	SRR3493803	1
SRL	SRR3493804	9.006478660460283
SRL	SRR3493805	12.028793555761366
SRL	SRR3493806	4
SRL	SRR3493807	25
SRL	SRR3493808	9.018776568745134
SRL	SRR3493809	4.013518663582407
SRL	SRR3493810	41
SRL	SRR3493811	36
SRL	SRR3493812	23.016556576731837
SRL	SRR3493813	12.022872339161674
SRL	SRR3493814	12
SRL	SRR3493815	72.18583481300709
SRL	SRR3493816	17
SRL	SRR3493817	17.049523941278238
SRL	SRR3493818	1.0035876309652703
SRL	SRR3493819	17
SRL	SRR3493820	1.1220654621967874
SRL	SRR3493821	23.269185341295273
SRL	SRR3493822	116
SRL	SRR3493823	18.130741896055174
SRL	SRR3493824	3.123773838298137
SRL	SRR3493825	7.009226479252441
SRL	SRR3493826	23.016556576731837
SRL	SRR3493827	12
SRL	SRR3493828	20
SRL	SRR3493829	41.09837798218467
SRL	SRR3493830	39.13820479412887
SRL	SRR3493831	4.018195721440257
SRL	SRR3493832	9.001619228079393
SRL	SRR3493833	31.46804739347465
SRL	SRR3493834	20
SRL	SRR3493835	25.1317172904651
SRL	SRR3493836	15
SRL	SRR3493837	4.003111235064618
SRL	SRR3493838	9
SRL	SRR3493839	9.075064220269995
SRL	SRR3493840	1.019584221832653
SRL	SRR3493841	25.054793603113946
SRL	SRR3493846	1.0228419618819704
SRL	SRR3493847	4.146804022949942
SRL	SRR3493848	25.00899652078045
SRL	SRR3493849	40.315145157454715
SRL	SRR3493850	126
SRL	SRR3714631	46
SRL	SRR3714632	1.0056231596200704
SRL	SRR3714633	1.0116050033991464
SRL	SRR3714634	18.120081792537224
SRL	SRR3714635	22
SRL	SRR3714636	62
SRL	SRR3714637	8
SRL	SRR3714638	2
SRL	SRR3714639	77.1487561111088
SRL	SRR3714640	1.498460472574446
SRL	SRR3714641	17.192242873860017
SRL	SRR3714642	15.914930182992906
SRL	SRR3714643	3.9481756803658254
SRL	SRR3714644	7.462711291588002
SRL	SRR3714645	1.0065515246415413
SRL	SRR3714646	45.01619373740481
SRL	SRR3714648	42.15502316700365
SRL	SRR3714649	26.18286477856803
SRL	SRR3714650	4.0275448374789455
SRL	SRR3714651	1.6351151454670205
SRL	SRR3714652	18.835911534770684
SRL	SRR3714653	9
SRL	SRR3714654	21
SRL	SRR3714655	1.0007504428112262
SRL	SRR3714656	2.041939081271267
SRL	SRR3714657	38.79473816463988
SRL	SRR3714658	0.7840928298789845
SRL	SRR3714659	16.23991906798786
SRL	SRR3714660	1
SRL	SRR3714661	46
SRL	SRR3714662	2.0220351499593554
SRL	SRR3714663	12.009005313734715
SRL	SRR3714664	3.6077052980700186
SRL	SRR3714665	2
SRL	SRR3714666	15
SRL	SRR3714667	8.548696482787275
SRL	SRR3714668	16
SRL	SRR3714669	85.94295942506496
SRL	SRR3714670	8.107824363419514
SRL	SRR3714671	11.013860875302033
SRL	SRR3714672	9.02471961561671
SRL	SRR3714673	15.386746556497203
SRL	SRR3714674	21.59312007142066
SRL	SRR3714675	6.031157249158953
SRL	SRR3714676	18
SRL	SRR3714677	1.0023720526815605
SRL	SRR3714678	6.201457593913742
SRL	SRR3714679	7.011342757001889
SRL	SRR3714680	18.031064463644636
SRL	SRR3714681	18.064083387179455
SRL	SRR3714682	0.9387120568491252
SRL	SRR3714683	10.02086285416126
SRL	SRR3714684	13.518680562481208
SRL	SRR3714685	23.04039779653699
SRL	SRR3714686	15.851023191032672
SRL	SRR3714688	1.00746468119409
SRL	SRR3714689	3.093687651789626
SRL	SRR3714690	0.7979962816778584
SRL	SRR3714691	1
SRL	SRR3714692	25.055439594915644
SRL	SRR3714693	5.436167003955945
SRL	SRR3714694	2.5123504119035847
SRL	SRR3714695	11.021341197150745
SRL	SRR3714696	56
SRL	SRR3714697	23.211828499899966
SRL	SRR3714698	2.0264265432979407
SRL	SRR3714699	8.327998664799308
SRL	SRR3714700	11.459410601782409
SRL	SRR3714701	3.750885958136636
SRL	SRR3714702	4.883082215622377
SRL	SRR3714703	1.001063202890274
SRL	SRR3714704	25.656772975966103
SRL	SRR3714705	24.749464697051238
SRL	SRR3714706	1.0350850727752356
SRL	SRR3714707	19.013677172082822
SRL	SRR3714708	1.0232664352046819
SRL	SRR3714709	21.626307195248277
SRL	SRR3714710	18.525346880158175
SRL	SRR3714711	7.4553349099913735
SRL	SRR3714712	1
SRL	SRR3714713	1
SRL	SRR3714714	1
SRL	SRR3714715	1.0048247538699455
SRL	SRR3714716	10
SRL	SRR3714717	2
SRL	SRR3714718	7
SRL	SRR3714719	12.221810684825124
SRL	SRR3714720	75.6918748849539
SRL	SRR3714721	13.089809211856156
SRL	SRR3714723	7.371503249764573
SRL	SRR3714724	2.0058876634288128
SRL	SRR3714725	58.72086589860674
SRL	SRR3714726	8.506767810140536
SRL	SRR3714727	102.41159283314462
SRL	SRR3714728	1.0082791178455617
SRL	SRR3714729	1.0262266652006342
SRL	SRR3714730	7.290723351181106
SRL	SRR3714731	138.02482816388402
SRL	SRR3714732	13.091760495928108
SRL	SRR3714734	40.8322549416371
SRL	SRR3714735	41.01755342740415
SRL	SRR3714736	22.07310786565626
SRL	SRR3714737	4
SRL	SRR3714738	39.365176107321815
SRL	SRR3714739	23.903452659795963
SRL	SRR3714740	18.830924506255638
SRL	SRR3714741	3.0032399131191276
SRL	SRR3714744	20.129890152553255
SRL	SRR3714745	1.0406785331708646
SRL	SRR3714746	1.008549757583579
SRL	SRR3714747	34.46642691300832
SRL	SRR3714748	49.81650794863301
SRL	SRR3714749	1.020881906329865
SRL	SRR3714750	27.267699571183805
SRL	SRR3714751	16.01727953663535
SRL	SRR3714752	104
SRL	SRR3714753	33.26091152574515
SRL	SRR3714754	1
SRL	SRR3714755	16.038877277635912
SRL	SRR3714756	1.0216801788447836
SRL	SRR3714757	8.058230371939654
SRL	SRR3714758	3.7916182625231785
SRL	SRR3714759	9.432588339571415
SRL	SRR3714760	9.008099054142892
SRL	SRR3714761	26.009356381611667
SRL	SRR3714762	14.165915440917008
SRL	SRR3714764	1
SRL	SRR3714765	7.841100625455436
SRL	SRR3714766	5
SRL	SRR3714767	24.00583326370503
SRL	SRR3714768	5
SRL	SRR5176628	31.215023553058817
SRL	SRR5176629	24.138461484452904
SRL	SRR5176630	71.16092682497202
SRL	SRR5176631	15.146890523152399
SRL	SRR5176632	100.28521521593107
SRL	SRR5176633	69.45043991964937
SRL	SRR5176634	17.677141538439212
SRL	SRR5176635	8.049541444412272
SRL	SRR5176636	14.367860515963615
SRL	SRR5176637	6.177984108795903
SRL	SRR5176638	6.736206179217289
SRL	SRR5176639	82
SRL	SRR5176640	1.0441979418626173
SRL	SRR5176641	1.014864487377184
SRL	SRR5176642	8.015248226107783
SRL	SRR5176643	44.07593535557577
SRL	SRR5176644	58.01043502540053
SRL	SRR5176645	23.892488257358885
SRL	SRR5176646	8.149371146873957
SRL	SRR5176647	6.03517402559718
SRL	SRR5176648	8.022571970110375
SRL	SRR5176649	1.0068001280405927
SRL	SRR5176650	1.0241014943392315
SRL	SRR5176651	1.0158990588563879
SRL	SRR5176652	19.105919438542696
SRL	SRR5176653	48.12970151402692
SRL	SRR5176654	1.0081630176909429
SRL	SRR5176655	12.015120954874945
SRL	SRR5176656	1.0701102907311268
SRL	SRR5176657	1.080336199131198
SRL	SRR5176658	1.001651013035654
SRL	SRR5176659	24.051866602004765
SRL	SRR5176660	5.005753134465043
SRL	SRR5176661	39.216375047338325
SRL	SRR5176662	79.59823017358782
SRL	SRR5176663	49.31532670341348
SRL	SRR5176664	5
SRL	SRR5176665	28.250212492945252
SRL	SRR5176666	5.0193853149202345
SRL	SRR5176667	3.2361342979573906
SRL	SRR5176668	23.099837620032364
SRL	SRR5176669	39.3737661075738
SRL	SRR5176670	14.091336011286318
SRL	SRR5176671	28.05041678937039
SRL	SRR5176672	8.044597658333766
SRL	SRR5176673	1.0047899307908572
SRL	SRR5176674	132.30906631299297
SRL	SRR5176675	62.26277577913912
SRL	SRR5176676	1.0184049631193235
SRL	SRR5176677	26.037445733265283
SRL	SRR5176678	1.0223467302979135
SRL	SRR5176679	64.57897371586373
SRL	SRR5176680	66.18732739510617
SRL	SRR5176681	35.03887007940963
SRL	SRR5176682	30.298411679825733
SRL	SRR5176683	3.0137213394243707
SRL	SRR5176684	5.013289507199537
SRL	SRR5176685	37.11055813706478
SRL	SRR5176686	6.02614553482859
SRL	SRR5176687	46.2081361992737
SRL	SRR5176688	24.31875392446876
SRL	SRR5176689	1.0075032001378998
SRL	SRR5176690	1.0255405228516121
SRL	SRR5176691	85.07909182489696
SRL	SRR5176692	3.0293543821244797
SRL	SRR5176693	62.45814665763148
SRL	SRR5176694	55
SRL	SRR5176695	23.33017573736157
SRL	SRR5176696	1.1278931940525754
SRL	SRR5176697	1.027578940269744
SRL	SRR5176698	1.1648237836443878
SRL	SRR5176699	8.200120098617536
SRL	SRR5176700	1.0890144202015308
SRL	SRR5176701	1.034206476188313
SRL	SRR5176702	15
SRL	SRR5176703	1.0225806547035183
SRL	SRR5176704	14.06115522311135
SRL	SRR5176705	111.23801975957288
SRL	SRR5176706	1.0272678906633284
SRL	SRR5176707	1.0196549551650262
SRL	SRR5176708	1.0098820554003876
SRL	SRR5176709	1.0048079229951739
SRL	SRR5176710	17
SRL	SRR5176711	42.08005318706586
SRL	SRR5176712	3.038440747582325
SRL	SRR5176713	6.052922819796193
SRL	SRR5176714	1.0602647654091784
SRL	SRR5176715	21.026461671031154
SRL	SRR5176716	30.05942513414733
SRL	SRR5176717	1.0065588839830468
SRL	SRR5176718	1.0088065291964956
SRL	SRR5176719	6.014048468772407
SRL	SRR5176720	42
SRL	SRR5176721	33
SRL	SRR5176722	10.19834176721331
SRL	SRR5176723	17.163393015509346
SRL	SRR5176724	8.04351455260444
SRL	SRR5176725	3.0368890752611524
SRL	SRR5176726	19
SRL	SRR5176727	28.01806380150841
SRL	SRR5176728	1.024749980600489
SRL	SRR5176729	53.10264277719319
SRL	SRR5176730	6.039252144368951
SRL	SRR5176731	33.15325213584359
SRL	SRR5176732	69
SRL	SRR5176733	10.02266574999606
SRL	SRR5176734	1.0810259196769214
SRL	SRR5176735	35.08194940117237
SRL	SRR5176736	35.06874190980662
SRL	SRR5176737	1.0029237987970407
SRL	SRR5176738	19.210147703558533
SRL	SRR5176739	1.0079439701204655
SRL	SRR5176740	55.228983751131594
SRL	SRR5176741	3.1229520451942525
SRL	SRR5176742	1.010571034419265
SRL	SRR5176743	1.0118484876942846
SRL	SRR5176744	5.067095995000554
SRL	SRR5176745	28.256830483255943
SRL	SRR5176746	60.13599449997636
SRL	SRR5176747	85
SRL	SRR5176748	82.1033265249788
SRL	SRR5176749	1.016368017381527
SRL	SRR5176750	6.097350183734448
SRL	SRR5176751	14.050891697214436
SRL	SRR5176752	24.10891889667458
SRL	SRR5176753	89.23382538193248
SRL	SRR5176754	1.0052614054151265
SRL	SRR5176755	26.014035834965007
SRL	SRR5176756	10.288547421808497
SRL	SRR5176757	1.0557664435713157
SRL	SRR5176758	3.0340603454407757
SRL	SRR5176759	1.0274065280258
SRL	SRR5176760	6.0348487969609055
SRL	SRR5176761	1.0058487323132066
SRL	SRR5176762	1.074382806129656
SRL	SRR5176763	14.10704313798515
SRL	SRR5176764	37.026634493003385
SRL	SRR5176765	1.001725803535813
SRL	SRR5176766	15.042574407978673
SRL	SRR5176767	1.0010052287584692
SRL	SRR5176768	6.091174509948679
SRL	SRR5176769	10.029532983317266
SRL	SRR5176770	12.028096937544815
SRL	SRR5176771	89.21777383475757
SRL	SRR5176772	28.175613846509613
SRL	SRR5176773	3.0225087151445518
SRL	SRR5176774	8.04954839262771
SRL	SRR5176775	17.1631005007112
SRL	SRR5176776	14.115862138583674
SRL	SRR5176777	10.10005252177451
SRL	SRR5176778	5.0287986766135635
SRL	SRR5176779	49.25346498511025
SRL	SRR5176780	58.17864252486414
SRL	SRR5176781	17.10842297894717
SRL	SRR5176782	21.172720439541756
SRL	SRR5176783	10.093021955543064
SRL	SRR5176784	17.068925438527256
SRL	SRR5176785	31.054742321725644
SRL	SRR5176786	17
SRL	SRR5176787	39.29939293037553
SRL	SRR5176788	3.0802784753719887
SRL	SRR5176789	1.014142954978239
SRL	SRR5176790	12.113117862766298
SRL	SRR5176791	1.0087925886196047
SRL	SRR5176792	80
SRL	SRR5176793	6.0552024546369765
SRL	SRR5176794	1.004507579922951
SRL	SRR5176795	44.185135312979234
SRL	SRR5176796	1.022646112438415
SRL	SRR5176797	1.0069962891030084
SRL	SRR5176798	24.126607132664258
SRL	SRR5176799	19
SRL	SRR5176800	10.079916665289266
SRL	SRR5176801	1.017440760992837
SRL	SRR5176802	1.0141792452851672
SRL	SRR5176803	12.049223398971343
SRL	SRR5176804	40.85362537784507
SRL	SRR5176805	10.038738263728899
SRL	SRR5176806	5.148876987981509
SRL	SRR5176807	17.012237469758315
SRL	SRR5176808	37.013314850755066
SRL	SRR5176809	14.020163087142844
SRL	SRR5176810	8
SRL	SRR5176811	57
SRL	SRR5176812	1.0010799710397094
SRL	SRR5176813	42.04978360146783
SRL	SRR5176814	69
SRL	SRR5176815	3.0423463267115327
SRL	SRR5176816	1.0144195826206277
SRL	SRR5176817	19.099799315624807
SRL	SRR5176818	49.12506729025328
SRL	SRR5176819	1.0529734771881787
SRL	SRR5176820	1.022340736860647
SRL	SRR5176821	1.009337111052069
SRL	SRR5176822	1.0294661769651816
SRL	SRR5176823	17.064059241257066
SRL	SRR5176824	1.0056539011614338
SRL	SRR5176825	23.025543195040616
SRL	SRR5176826	1.0083066896753743
SRL	SRR5176827	19.07183712587052
SRL	SRR5176828	3.0118967979846936
SRL	SRR5176829	30.08198301364884
SRL	SRR5176830	94.05074494179657
SRL	SRR5176831	12.061818183966611
SRL	SRR5176832	35.35375954786677
SRL	SRR5176833	66.38217174858367
SRL	SRR5176834	26.1019545846834
SRL	SRR5176835	10.03600339378272
SRL	SRR5176836	31.027896742047737
SRL	SRR5176837	14.714143601550994
SRL	SRR5176838	39.973830989292146
SRL	SRR5176839	1.0407663154893023
SRL	SRR5176840	64.03454974760616
SRL	SRR5176841	14.197349705112455
SRL	SRR5176842	5.031331743461309
SRL	SRR5176843	1.0077600305872203
SRL	SRR5176844	1.002913173016367
SRL	SRR5176845	161.33449418311054
SRL	SRR5176846	48.21474859586888
SRL	SRR5176847	8.164270542066463
SRL	SRR5176848	21.18091885789346
SRL	SRR5176849	6.117091520749318
SRL	SRR5176850	1.0137217399478091
SRL	SRR5176851	44.04751872574721
SRL	SRR5176852	12.267241209485402
SRL	SRR5176853	67.16783196135478
SRL	SRR5176854	1.0469188326970755
SRL	SRR5176855	1.002277193929628
SRL	SRR5176856	1.016171446291091
SRL	SRR5176857	30.10680564529909
SRL	SRR5176858	6.041425434665558
SRL	SRR5176859	26.046379304409463
SRL	SRR5176860	33
SRL	SRR5176861	28.05546345853751
SRL	SRR5176862	8.047499030398624
SRL	SRR5176863	1.0025049546470863
SRL	SRR5176864	1.004896835762339
SRL	SRR5176865	3.0057180847904186
SRL	SRR5176866	28
SRL	SRR5176867	10.042477978541399
SRL	SRR5176868	1.0352438239475827
SRL	SRR5176869	1.002446897019748
SRL	SRR5176870	8.036171690280002
SRL	SRR5176871	17.058442218266723
SRL	SRR5176872	10.195776936091434
SRL	SRR5861974	1.0132501420419266
SRL	SRR5861975	1.009323227105467
SRL	SRR5861976	4.160989462786026
SRL	SRR5861977	33
SRL	SRR5861978	19.092456229906258
SRL	SRR5861979	26.249447824617125
SRL	SRR5861980	81
SRL	SRR5861981	41.82468456541549
SRL	SRR5861982	1.2340601766014685
SRL	SRR5861983	53.088248646495046
SRL	SRR5861984	63.52061034612196
SRL	SRR5861985	11.19082602811428
SRL	SRR5861986	25.049915087266896
SRL	SRR5861987	1.0129478689088995
SRL	SRR5861988	9.160007498238908
SRL	SRR5861989	4.050154136256705
SRL	SRR5861990	11.033507614004307
SRL	SRR5861991	84
SRL	SRR5861992	42
SRL	SRR5861993	44.16689291507429
SRL	SRR5861994	35
SRL	SRR5861995	16.1411795604123
SRL	SRR5861996	25.10561839246281
SRL	SRR5861997	1.0258881975510754
SRL	SRR5861998	9.051923056669839
SRL	SRR5861999	1.0270454764535055
SRL	SRR5862000	37.013314850755066
SRL	SRR5862001	69
SRL	SRR5862002	81.08747765421646
SRL	SRR5862003	30.074610110399448
SRL	SRR5862004	46.25903478491735
SRL	SRR5862005	1.0052945032282008
SRL	SRR5862006	4.015123605446425
SRL	SRR5862007	18.154504707131725
SRL	SRR5862008	11.044261194038606
SRL	SRR5862009	11.039266266728049
SRL	SRR5862010	1.0516407925623883
SRL	SRR5862011	23.83093957670693
SRL	SRR5862012	4.028231428315734
SRL	SRR5862013	2.0419482149150574
SRL	SRR5862014	1.00491366812643
SRL	SRR5862015	18
SRL	SRR5862016	23.096313939549123
SRL	SRR5862017	1.008292756005706
SRL	SRR5862018	21.084360098774717
SRL	SRR5862019	18.14686356153646
SRL	SRR5862020	48.17220628633297
SRL	SRR5862021	69.4194817010214
SRL	SRR5862022	25.121203102928398
SRL	SRR5862023	14.10661190388996
SRL	SRR5862024	9.024594904094652
SRL	SRR5862025	9
SRL	SRR5862026	28.221412102391433
SRL	SRR5862027	32.01727487380308
SRL	SRR5862028	1.12681213123101
SRL	SRR5862029	12.249174565089906
SRL	SRR5862030	58.162843026814954
SRL	SRR5862031	39.27578767008354
SRL	SRR5862032	1.073785027109896
SRL	SRR5862033	32.04945955927405
SRL	SRR5862034	1.2459835850410172
SRL	SRR5862035	2.013268081880607
SRL	SRR5862036	11.1964889088533
SRL	SRR5862037	1.0547484296428424
SRL	SRR5862038	1.079664344311491
SRL	SRR5862039	30.051774106074394
SRL	SRR5862040	30.196766519491405
SRL	SRR5862041	148.8165662948977
SRL	SRR5862042	12.10687278793086
SRL	SRR5862043	4
SRL	SRR5862044	2.0028110294501467
SRL	SRR5862045	46.19540266540452
SRL	SRR5862046	1.008086611491587
SRL	SRR5862047	35.31205817981623
SRL	SRR5862048	1.2476565419699956
SRL	SRR5862049	1.0156069730173327
SRL	SRR5862050	21.07097298380764
SRL	SRR5862051	39.18816540092788
SRL	SRR5862052	9.031091269225234
SRL	SRR5862053	37.09886293940636
SRL	SRR5862054	1.0267561214855105
SRL	SRR5862055	1.0232532546254731
SRL	SRR5862056	1.0330179193485718
SRL	SRR5862057	1.0078379061163627
SRL	SRR5862058	35.080402487598114
SRL	SRR5862059	1.0282460709376438
SRL	SRR5862060	19.179744585663087
SRL	SRR5862061	18.064333016039004
SRL	SRR5862062	18.009717116514235
SRL	SRR5862063	18.22372234059997
SRL	SRR5862064	30.05809968520369
SRL	SRR5862065	88.22191373127919
SRL	SRR5862066	4.036476699095041
SRL	SRR5862067	1.2346054739520673
SRL	SRR5862068	53.25336368241599
SRL	SRR5862069	7.015127758918056
SRL	SRR5862070	159.12232184450133
SRL	SRR5862071	1.2526030228986182
SRL	SRR5862072	1.2641489791098965
SRL	SRR5862073	35.0654957217379
SRL	SRR5862074	9.045797437251402
SRL	SRR5862075	1.0068862093697364
SRL	SRR5862076	1.2411031446573944
SRL	SRR5862077	18.070833661933552
SRL	SRR5862078	4.3115429504531155
SRL	SRR5862079	1.0104091371093453
SRL	SRR5862080	33.615298309702176
SRL	SRR5862081	26.04487089193114
SRL	SRR5862082	55.20986292088779
SRL	SRR5862083	56
SRL	SRR5862084	11.076959180133093
SRL	SRR5862085	81
SRL	SRR5862086	14.351284608129578
SRL	SRR5862087	5.060941397454741
SRL	SRR5862088	7.852524524889179
SRL	SRR5862089	25.310474395498627
SRL	SRR5862090	28.048322499002765
SRL	SRR5862091	5.070639932097258
SRL	SRR5862092	2.0417652061494467
SRL	SRR5862093	37.006656826548614
SRL	SRR5862094	1.0050055361428718
SRL	SRR5862095	1.087669059175563
SRL	SRR5862096	12.026300929494695
SRL	SRR5862097	9.048581387884827
SRL	SRR5862098	92.48728236793193
SRL	SRR5862099	1.0228039476891262
SRL	SRR5862100	65.17276359359398
SRL	SRR5862101	1.0587548081059646
SRL	SRR5862102	28.165097228071318
SRL	SRR5862103	2.047235645164404
SRL	SRR5862104	4.016691276230907
SRL	SRR5862105	4.045032143879715
SRL	SRR5862106	48.20556490293537
SRL	SRR5862107	18
SRL	SRR5862108	62.431016951765635
SRL	SRR5862109	9.01620539658334
SRL	SRR5862110	7.056306882901968
SRL	SRR5862111	1.0151647184346997
SRL	SRR5862112	12.045650967970088
SRL	SRR5862113	30.2656279926504
SRL	SRR5862114	49.23123188665331
SRL	SRR5862115	14.095842973936737
SRL	SRR5862116	1.0258116030467397
SRL	SRR5862117	16.05287603064563
SRL	SRR5862118	11.092578965379584
SRL	SRR5862119	33.13728341205205
SRL	SRR5862120	1.0009445377129693
SRL	SRR5862121	1.0014708341806098
SRL	SRR5862122	60.12517712496756
SRL	SRR5862123	1.0022972139313746
SRL	SRR5862124	30.095975282617573
SRL	SRR5862125	55
SRL	SRR5862126	23.020697582809614
SRL	SRR5862127	7.026592128484629
SRL	SRR5862128	1.0037100598776116
SRL	SRR5862129	1.0788293013858379
SRL	SRR5862130	4.024825161960647
SRL	SRR5862131	88.19945859996533
SRL	SRR5862132	42.037795586000165
SRL	SRR5862133	1.0009578629360643
SRL	SRR5862134	93.0265210252572
SRL	SRR5862135	1.0128135825274416
SRL	SRR5862136	63.02267123236673
SRL	SRR5862137	2.0043222168337302
SRL	SRR5862138	4.0071352776014555
SRL	SRR5862139	14.019116318650013
SRL	SRR5862140	18.059485534476337
SRL	SRR5862141	12.053190980769363
SRL	SRR5862142	16.043233838008973
SRL	SRR5862143	26.009356381611667
SRL	SRR5862144	19.1096934486997
SRL	SRR5862145	18.059485534476337
SRL	SRR5862146	1.0136106281436992
SRL	SRR5862147	1.0073417943066594
SRL	SRR5862148	33
SRL	SRR5862149	9.051837617904415
SRL	SRR5862150	42.10276967482942
SRL	SRR5862151	23.287284317635002
SRL	SRR5862152	1.0247021665376759
SRL	SRR5862153	1.0207507402373297
SRL	SRR5862154	69
SRL	SRR5862155	32.20237864902752
SRL	SRR5862156	1.0258531825432229
SRL	SRR5862157	1.0260812180778769
SRL	SRR5862158	28.015115514577698
SRL	SRR5862159	1.0059333309904885
SRL	SRR5862160	18.688788921054176
SRL	SRR5862161	1.0027327671216282
SRL	SRR5862162	39.13008148076893
SRL	SRR5862163	26.09176727657177
SRL	SRR5862164	14.702273381735345
SRL	SRR5862165	9.038950417776324
SRL	SRR5862166	2.0085652042889737
SRL	SRR5862167	11.022949139577387
SRL	SRR5862168	44.07264457356878
SRL	SRR5862169	16.059360958041786
SRL	SRR5862170	63.700997059020715
SRL	SRR5862171	109.18811258540363
SRL	SRR5862172	42.07376988932842
SRL	SRR5862173	4.100881508727072
SRL	SRR5862174	2.056849990783716
SRL	SRR5862175	12.058595390556414
SRL	SRR5862176	1.0173137397493108
SRL	SRR5862177	52.64586227349779
SRL	SRR5862178	7.201667762783541
SRL	SRR5862179	1.0056231596200704
SRL	SRR5862180	1.1637413174363656
SRL	SRR5862181	1.021192246321851
SRL	SRR5862182	2.0188224257830685
SRL	SRR5862183	9.045049825285846
SRL	SRR5862184	5.137198512941893
SRL	SRR5862185	79
SRL	SRR5862186	1.0073417943066594
SRL	SRR5862187	21.158984824326705
SRL	SRR5862188	2.078579927562468
SRL	SRR5862189	2.0167425870548557
SRL	SRR5862190	26.035501734635737
SRL	SRR5862191	14.167987648770273
SRL	SRR5862192	2.0904534580495366
SRL	SRR5862193	19.068164988340136
SRL	SRR5862194	7.037208619107588
SRL	SRR5862195	2.0126941172406245
SRL	SRR5862196	28
SRL	SRR5862197	5
SRL	SRR5862198	1.1010895492315216
SRL	SRR5862199	5.012387707319482
SRL	SRR5862200	49.107395462103334
SRL	SRR5862201	21.62264055407367
SRL	SRR5862202	9.197092318318607
SRL	SRR5862203	2.06871914188325
SRL	SRR5862204	7
SRL	SRR5862205	16
SRL	SRR5862206	1.0181176093417283
SRL	SRR5862207	19.101134479077704
SRL	SRR5862208	4.077943550586156
SRL	SRR5862209	4.045180698457417
SRL	SRR5862210	49
SRL	SRR5862211	1.032816631560076
SRL	SRR5862212	39.34635834213853
SRL	SRR5862213	9.04231970092147
SRL	SRR5862214	12.033161043656683
SRL	SRR5862215	2.004744105363121
SRL	SRR5862216	11.040215681975566
SRL	SRR5862217	7.04550977614038
SRL	SRR5862218	12.011791482626045
SRL	SRR5862219	39.91068829630186
SRL	SRR5862220	1.0044939929610694
SRL	SRR5862221	33
SRL	SRR5862222	14.04560188196928
SRL	SRR5862223	1.0433348417292698
SRL	SRR5862224	7.055533038064438
SRL	SRR5862225	11.029493434194098
SRL	SRR5862226	21.022679391833893
SRL	SRR5862227	19
SRL	SRR5862228	11.099785675149318
SRL	SRR5862229	5.02954967752054
SRL	SRR5862230	25.13256967208445
SRL	SRR5862231	70.14603997912882
SRL	SRR5862232	7.105938305986087
SRL	SRR5862233	90.24870782742512
SRL	SRR5862234	7.04127993869914
SRL	SRR5862235	44.0395953758097
SRL	SRR5862236	130.27876188058084
SRL	SRR5862237	1.031015477815649
SRL	SRR5862238	35.0314963216668
SRL	SRR5862239	1.0077170577043544
SRL	SRR5862240	2.0054655342432564
SRL	SRR5862241	37.22928134724147
SRL	SRR5862242	2.013903772637601
SRL	SRR5862243	5.028115798100353
SRL	SRR5862244	2.0289584186718734
SRL	SRR5862245	7.127934970479819
SRL	SRR5862246	46.08767730011975
SRL	SRR5862247	18.101637871858944
SRL	SRR5862248	84.06046749762932
SRL	SRR5862249	9.13650512666184
SRL	SRR5862250	1.0105861980877333
SRL	SRR5862251	16.16531047686466
SRL	SRR5862252	99.2526869741852
SRL	SRR5862253	21.163438565803983
SRL	SRR5862254	9.064445326049261
SRL	SRR5862255	28.225102225443358
SRL	SRR5862256	1.0154992904437379
SRL	SRR5862257	2.0275195597735043
SRL	SRR5862258	48.12251489657464
SRL	SRR5862259	7.096023176018154
SRL	SRR5862260	1.0647831768924885
SRL	SRR5862261	4.066674515223883
SRL	SRR5862262	30.29974772562289
SRL	SRR5862263	1.0455054067543619
SRL	SRR5862264	49.28590679787811
SRL	SRR5862265	44.05544350120813
SRL	SRR5862266	7.038385586128724
SRL	SRR5862267	1.0552428781134908
SRL	SRR5862268	5.024874072105949
SRL	SRR5862269	62.24482453634966
SRL	SRR5862270	67.1518605249736
SRL	SRR5862271	14.08354255509705
SRL	SRR5862272	7.0789124759067
SRL	SRR5862273	32.11054673502306
SRL	SRR5862274	1.0045964661135607
SRL	SRR5862275	1.0129925360933478
SRL	SRR5862276	9.156569854800633
SRL	SRR5862277	1.0126860964204654
SRL	SRR5949109	16.097597111426087
SRL	SRR5949110	16.074397808054826
SRL	SRR5949111	16.097597111426087
SRL	SRR5949112	16.09860017451691
SRL	SRR5949113	16.090603004270378
SRL	SRR5949114	16.09860017451691
SRL	SRR5949115	16.097597111426087
SRL	SRR5949116	16.097218973907314
SRL	SRR5949117	16.09860017451691
SRL	SRR5949118	16.096599855214187
SRL	SRR5949119	16.09818068971798
SRL	SRR5949120	16.096541910819763
SRL	SRR5949121	16.096184708118887
SRL	SRR5949122	16.095235520623586
SRL	SRR5949123	16.093314267887674
SRL	SRR5949124	16.085598946668355
SRL	SRR5949125	16.091119969339577
SRL	SRR5949126	16.09531450309874
SRL	SRR5949127	16.096541910819763
SRL	SRR5949128	16.096541910819763
SRL	SRR5949129	16.09826209798116
SRL	SRR5949130	16.09725877349647
SRL	SRR5949131	16.095122724997136
SRL	SRR5949132	16.097597111426087
SRL	SRR5949133	16.095791371127575
SRL	SRR5949134	16.09860017451691
SRL	SRR5949135	16.097218973907314
SRL	SRR5949136	16.09818068971798
SRL	SRR5949137	16.08597185525584
SRL	SRR5949138	16.094482469896608
SRL	SRR5949139	16.09531450309874
SRL	SRR5949140	16.097597111426087
SRL	SRR5949141	16.09826209798116
SRL	SRR5949142	16.09725877349647
SRL	SRR5949143	16.09860017451691
SRL	SRR5949144	16.096599855214187
SRL	SRR5949145	16.096941831727126
SRL	SRR5949146	16.096541910819763
SRL	SRR5949147	16.096541910819763
SRL	SRR5949148	16.085260544597883
SRL	SRR5949149	16.096599855214187
SRL	SRR5949150	16.09826209798116
SRL	SRR5949151	16.09275258401746
SRL	SRR5949152	16.06717184248863
SRL	SRR5949153	16.095235520623586
SRL	SRR5949154	16.08268970111162
SRL	SRR5949155	16.096941831727126
SRL	SRR5949156	16.09826209798116
SRL	SRR5949157	16.09818068971798
SRL	SRR5949158	16.09860017451691
SRL	SRR5949159	16.084886854919954
SRL	SRR5949160	16.097597111426087
SRL	SRR5949161	16.097597111426087
SRL	SRR5949162	16.097597111426087
SRL	SRR5949163	16.09826209798116
SRL	SRR5949164	16.09860017451691
SRL	SRR5949165	16.097218973907314
SRL	SRR5949166	16.09826209798116
SRL	SRR5949167	16.096599855214187
SRL	SRR5949168	16.096941831727126
SRL	SRR5949169	16.026011824646318
SRL	SRR5949170	16.09860017451691
SRL	SRR5949171	16.095122724997136
SRL	SRR5949172	16.094482469896608
SRL	SRR5949173	16.097597111426087
SRL	SRR5949174	16.096941831727126
SRL	SRR5949175	16.09860017451691
SRL	SRR5949176	16.096184708118887
SRL	SRR5949177	16.08478613972831
SRL	SRR5949178	16.09531450309874
SRL	SRR5949179	16.096941831727126
SRL	SRR5949180	16.09860017451691
SRL	SRR5949181	16.09818068971798
SRL	SRR5949182	16.096184708118887
SRL	SRR5949183	16.09826209798116
SRL	SRR5949184	16.097218973907314
SRL	SRR5949185	16.093855896973544
SRL	SRR5949186	16.08968214298037
SRL	SRR5949187	16.09725877349647
SRL	SRR5949188	16.097218973907314
SRL	SRR5949189	16.096541910819763
SRL	SRR5949190	16.096599855214187
SRL	SRR5949191	16.094482469896608
SRL	SRR5949192	16.09818068971798
SRL	SRR5949193	16.09826209798116
SRL	SRR5949194	16.097597111426087
SRL	SRR5949195	16.097218973907314
SRL	SRR5949196	16.094953790764674
SRL	SRR5949197	16.092312255358525
SRL	SRR5949198	16.085558500292645
SRL	SRR5949199	16.09531450309874
SRL	SRR5949200	16.09826209798116
SRL	SRR5949201	16.096941831727126
SRL	SRR5949202	16.09725877349647
SRL	SRR5949203	16.09818068971798
SRL	SRR5949204	16.09860017451691
SRL	SRR5949205	16.09860017451691
SRL	SRR5949206	16.097218973907314
SRL	SRR5949207	16.097597111426087
SRL	SRR5949208	16.096599855214187
SRL	SRR5949209	16.097597111426087
SRL	SRR5949210	16.096941831727126
SRL	SRR5949211	16.092312255358525
SRL	SRR5949212	16.096599855214187
SRL	SRR5949213	16.095791371127575
SRL	SRR5949214	16.093314267887674
SRL	SRR5949215	16.096541910819763
SRL	SRR5949216	16.09725877349647
SRL	SRR5949217	16.09725877349647
SRL	SRR5949218	16.095791371127575
SRL	SRR5949219	16.096184708118887
SRL	SRR5949220	16.093855896973544
SRL	SRR5949221	16.093221284980363
SRL	SRR5949222	16.096541910819763
SRL	SRR5949223	16.084732004390666
SRL	SRR5949224	16.096941831727126
SRL	SRR5949225	16.09818068971798
SRL	SRR5949226	16.093855896973544
SRL	SRR5949227	16.09818068971798
SRL	SRR5949228	16.094482469896608
SRL	SRR5949229	16.094953790764674
SRL	SRR5949230	16.09818068971798
SRL	SRR5949231	16.092590531999857
SRL	SRR5949232	16.08268970111162
SRL	SRR5949233	16.084921591720853
SRL	SRR5949234	16.096541910819763
SRL	SRR5949235	16.094482469896608
SRL	SRR5949236	16.069802114376223
SRL	SRR5949237	16.092454048997737
SRL	SRR5949238	16.089414157171678
SRL	SRR5949239	16.071022594264317
SRL	SRR5949240	16.09826209798116
SRL	SRR5949241	16.096599855214187
SRL	SRR5949242	16.096941831727126
SRL	SRR5949243	16.095122724997136
SRL	SRR5949244	16.09531450309874
SRL	SRR5949245	16.09531450309874
SRL	SRR5949246	16.097218973907314
SRL	SRR5949247	16.096541910819763
SRL	SRR5949248	16.097218973907314
SRL	SRR5949249	16.096941831727126
SRL	SRR5949250	16.09860017451691
SRL	SRR5949251	16.094482469896608
SRL	SRR5949252	16.097597111426087
SRL	SRR5949253	16.091770020262825
SRL	SRR5949254	16.093714948553696
SRL	SRR5949255	16.096941831727126
SRL	SRR5949256	16.095235520623586
SRL	SRR5949257	16.09826209798116
SRL	SRR5949258	16.09826209798116
SRL	SRR5949259	16.096184708118887
SRL	SRR5949260	16.09860017451691
SRL	SRR5949261	16.09860017451691
SRL	SRR5949262	16.095235520623586
SRL	SRR5949263	16.09725877349647
SRL	SRR5949264	16.096184708118887
SRL	SRR5949265	16.09818068971798
SRL	SRR5949266	16.087203529606843
SRL	SRR5949267	16.08742317933238
SRL	SRR5949268	16.09818068971798
SRL	SRR5949269	16.096541910819763
SRL	SRR5949270	16.096941831727126
SRL	SRR5949271	16.093314267887674
SRL	SRR5949272	16.09860017451691
SRL	SRR5949273	16.09860017451691
SRL	SRR5949274	16.097218973907314
SRL	SRR5949275	16.093017217426766
SRL	SRR5949276	16.097218973907314
SRL	SRR5949277	16.08742317933238
SRL	SRR5949278	16.09725877349647
SRL	SRR5949279	16.09725877349647
SRL	SRR5949280	16.091328611166
SRL	SRR5949281	16.097218973907314
SRL	SRR5949282	16.09860017451691
SRL	SRR5949283	16.092454048997737
SRL	SRR5949284	16.09860017451691
SRL	SRR5949285	16.079493793466202
SRL	SRR5949286	16.086085731106152
SRL	SRR5949287	16.09860017451691
SRL	SRR5949288	16.09725877349647
SRL	SRR5949289	16.09531450309874
SRL	SRR5949290	16.09860017451691
SRL	SRR5949291	16.096941831727126
SRL	SRR5949292	16.096541910819763
SRL	SRR5949293	16.09860017451691
SRL	SRR5949294	16.09826209798116
SRL	SRR5949295	16.09725877349647
SRL	SRR5949296	16.09725877349647
SRL	SRR5949297	16.097597111426087
SRL	SRR5949298	16.094601360043455
SRL	SRR5949299	16.096599855214187
SRL	SRR5949300	16.09826209798116
SRL	SRR5949301	16.09826209798116
SRL	SRR5949302	16.09531450309874
SRL	SRR5949303	16.095122724997136
SRL	SRR5949304	16.097597111426087
SRL	SRR5949305	16.086085731106152
SRL	SRR5949306	16.09818068971798
SRL	SRR5949307	16.096599855214187
SRL	SRR5949308	16.097218973907314
SRL	SRR5949309	16.093791716577645
SRL	SRR5949310	16.093791716577645
SRL	SRR5949311	16.096941831727126
SRL	SRR5949312	16.092457096251493
SRL	SRR5949313	16.096941831727126
SRL	SRR5949314	16.09826209798116
SRL	SRR5949315	16.096941831727126
SRL	SRR5949316	16.09725877349647
SRL	SRR5949317	16.089414157171678
SRL	SRR5949318	16.08742317933238
SRL	SRR5949319	16.097597111426087
SRL	SRR5949320	16.09860017451691
SRL	SRR5949321	16.097218973907314
SRL	SRR5949322	16.094601360043455
SRL	SRR5949323	16.096941831727126
SRL	SRR5949324	16.09860017451691
SRL	SRR5949325	16.09725877349647
SRL	SRR5949326	16.096941831727126
SRL	SRR5949327	16.08600563256281
SRL	SRR5949328	16.097597111426087
SRL	SRR5949329	16.097597111426087
SRL	SRR5949330	16.09725877349647
SRL	SRR5949331	16.09818068971798
SRL	SRR5949332	16.09860017451691
SRL	SRR5949333	16.095791371127575
SRL	SRR5949334	16.092312255358525
SRL	SRR5949335	16.09826209798116
SRL	SRR5949336	16.097218973907314
SRL	SRR5949337	16.09818068971798
SRL	SRR5949338	16.09725877349647
SRL	SRR5949339	16.09725877349647
SRL	SRR5949340	16.094601360043455
SRL	SRR5949341	16.096184708118887
SRL	SRR5949342	16.09818068971798
SRL	SRR5949343	16.096184708118887
SRL	SRR5949344	16.097597111426087
SRL	SRR5949345	16.09818068971798
SRL	SRR5949346	16.0857538337205
SRL	SRR5949347	16.09196014074011
SRL	SRR5949348	16.08279319602874
SRL	SRR5949349	16.09725877349647
SRL	SRR5949350	16.096599855214187
SRL	SRR5949351	16.096941831727126
SRL	SRR5949352	16.097218973907314
SRL	SRR5949353	16.09725877349647
SRL	SRR5949354	16.093314267887674
SRL	SRR5949355	16.096184708118887
SRL	SRR5949356	16.05397134332369
SRL	SRR5949357	16.096541910819763
SRL	SRR5949358	16.096941831727126
SRL	SRR5949359	16.09725877349647
SRL	SRR5949360	16.096184708118887
SRL	SRR5949361	16.09531450309874
SRL	SRR5949362	16.069464376720315
SRL	SRR5949363	16.09826209798116
SRL	SRR5949364	16.094482469896608
SRL	SRR5949365	16.091770020262825
SRL	SRR5949366	16.064128022693804
SRL	SRR5949367	16.09860017451691
SRL	SRR5949368	16.08326465385595
SRL	SRR5949369	16.09826209798116
SRL	SRR5949370	16.097597111426087
SRL	SRR5949371	16.093791716577645
SRL	SRR5949372	16.097218973907314
SRL	SRR5949373	16.09826209798116
SRL	SRR5949374	16.095122724997136
SRL	SRR5949375	16.09826209798116
SRL	SRR5949376	16.09860017451691
SRL	SRR5949377	16.09725877349647
SRL	SRR5949378	16.09860017451691
SRL	SRR5949379	16.09725877349647
SRL	SRR5949380	16.085260544597883
SRL	SRR5949381	16.093017217426766
SRL	SRR5949382	16.097597111426087
SRL	SRR5949383	16.095791371127575
SRL	SRR5949384	16.09826209798116
SRL	SRR5949385	16.095235520623586
SRL	SRR5949386	16.09860017451691
SRL	SRR5949387	16.071022594264317
SRL	SRR5949388	16.093314267887674
SRL	SRR5949389	16.09860017451691
SRL	SRR5949390	16.096941831727126
SRL	SRR5949391	16.093791716577645
SRL	SRR5949392	16.09860017451691
SRL	SRR5949393	16.093791716577645
SRL	SRR5949394	16.093017217426766
SRL	SRR5949395	16.096941831727126
SRL	SRR5949396	16.084886854919954
SRL	SRR5949397	16.09826209798116
SRL	SRR5949398	16.09818068971798
SRL	SRR5949399	16.096941831727126
SRL	SRR5949400	16.019135752919606
SRL	SRR5949401	16.09860017451691
SRL	SRR5949402	16.097218973907314
SRL	SRR5949403	16.096599855214187
SRL	SRR5949404	16.093855896973544
SRL	SRR5949405	16.09725877349647
SRL	SRR5949406	16.09826209798116
SRL	SRR5949407	16.09725877349647
SRL	SRR5949408	16.09725877349647
SRL	SRR5949409	16.097218973907314
SRL	SRR5949410	16.097218973907314
SRL	SRR5949411	16.09860017451691
SRL	SRR5949412	16.09531450309874
SRL	SRR5949413	16.09725877349647
SRL	SRR5949414	16.097597111426087
SRL	SRR5949415	16.09818068971798
SRL	SRR5949416	16.096541910819763
SRL	SRR5949417	16.095791371127575
SRL	SRR5949418	16.09725877349647
SRL	SRR5949419	16.097597111426087
SRL	SRR5949420	16.096184708118887
SRL	SRR5949421	16.095791371127575
SRL	SRR5949422	16.096541910819763
SRL	SRR5949423	16.096541910819763
SRL	SRR5949424	16.09860017451691
SRL	SRR5949425	16.096541910819763
SRL	SRR5949426	16.09818068971798
SRL	SRR5949427	16.096541910819763
SRL	SRR5949428	16.09860017451691
SRL	SRR5949429	16.092457096251493
SRL	SRR5949430	16.096941831727126
SRL	SRR5949431	16.096941831727126
SRL	SRR5949432	16.097218973907314
SRL	SRR5949433	16.096599855214187
SRL	SRR5949434	16.096599855214187
SRL	SRR5949435	16.093714948553696
SRL	SRR5949436	16.097597111426087
SRL	SRR5949437	16.092457096251493
SRL	SRR5949438	16.091328611166
SRL	SRR5949439	16.09826209798116
SRL	SRR5949440	16.09818068971798
SRL	SRR5949441	16.09818068971798
SRL	SRR5949442	16.095122724997136
SRL	SRR5949443	16.093855896973544
SRL	SRR5949444	16.093017217426766
SRL	SRR5949445	16.09860017451691
SRL	SRR5949446	16.09818068971798
SRL	SRR5949447	16.096599855214187
SRL	SRR5949448	16.09860017451691
SRL	SRR5949449	16.09860017451691
SRL	SRR5949450	16.096941831727126
SRL	SRR5949451	16.095791371127575
SRL	SRR5949452	16.09725877349647
SRL	SRR5949453	16.096941831727126
SRL	SRR5949454	16.09725877349647
SRL	SRR5949455	16.096599855214187
SRL	SRR5949456	16.09826209798116
SRL	SRR5949457	16.09818068971798
SRL	SRR5949458	16.09826209798116
SRL	SRR5949459	16.097218973907314
SRL	SRR5949460	16.093855896973544
SRL	SRR5949461	16.08600563256281
SRL	SRR5949462	16.097597111426087
SRL	SRR5949463	16.093714948553696
SRL	SRR5949464	16.092454048997737
SRL	SRR5949465	16.08542292849979
SRL	SRR5949466	16.096941831727126
SRL	SRR5949467	16.085260544597883
SRL	SRR5949468	16.097597111426087
SRL	SRR5949469	16.09818068971798
SRL	SRR5949470	16.09725877349647
SRL	SRR5949471	16.096184708118887
SRL	SRR5949472	16.097218973907314
SRL	SRR5949473	16.097218973907314
SRL	SRR5949474	16.096599855214187
SRL	SRR5949475	16.09860017451691
SRL	SRR5949476	16.09725877349647
SRL	SRR5949477	16.09818068971798
SRL	SRR5949478	16.097218973907314
SRL	SRR5949479	16.089967509696013
SRL	SRR5949480	16.096541910819763
SRL	SRR5949481	16.09818068971798
SRL	SRR5949482	16.09531450309874
SRL	SRR5949483	16.08968214298037
SRL	SRR5949484	16.097597111426087
SRL	SRR5949485	16.093017217426766
SRL	SRR5949486	16.096599855214187
SRL	SRR5949487	16.096541910819763
SRL	SRR5949488	16.092457096251493
SRL	SRR5949489	16.094482469896608
SRL	SRR5949490	16.094482469896608
SRL	SRR5949491	16.096599855214187
SRL	SRR5949492	16.094482469896608
SRL	SRR5949493	16.096184708118887
SRL	SRR5949494	16.09860017451691
SRL	SRR5949495	16.092590531999857
SRL	SRR5949496	16.096184708118887
SRL	SRR5949497	16.096184708118887
SRL	SRR5949498	16.096941831727126
SRL	SRR5949499	16.097597111426087
SRL	SRR5949500	16.091770020262825
SRL	SRR5949501	16.093221284980363
SRL	SRR5949502	16.089602533407913
SRL	SRR5949503	16.094953790764674
SRL	SRR5949504	16.09725877349647
SRL	SRR5949505	16.09725877349647
SRL	SRR5949506	16.09725877349647
SRL	SRR5949507	16.09818068971798
SRL	SRR5949508	16.096541910819763
SRL	SRR5949509	16.097597111426087
SRL	SRR5949510	16.09725877349647
SRL	SRR5949511	16.085429961643822
SRL	SRR5949512	16.097218973907314
SRL	SRR5949513	16.09860017451691
SRL	SRR5949514	16.095235520623586
SRL	SRR5949515	16.097597111426087
SRL	SRR5949516	16.096599855214187
SRL	SRR5949517	16.09725877349647
SRL	SRR5949518	16.089967509696013
SRL	SRR5949519	16.094482469896608
SRL	SRR5949520	16.09818068971798
SRL	SRR5949521	16.087203529606843
SRL	SRR5949522	16.097218973907314
SRL	SRR5949523	16.09818068971798
SRL	SRR5949524	16.096599855214187
SRL	SRR5949525	16.095235520623586
SRL	SRR5949526	16.08592162635411
SRL	SRR5949527	16.094953790764674
SRL	SRR5949528	16.077208945612472
SRL	SRR5949529	16.093314267887674
SRL	SRR5949530	16.096184708118887
SRL	SRR5949531	16.09531450309874
SRL	SRR5949532	16.09818068971798
SRL	SRR5949533	16.09860017451691
SRL	SRR5949534	16.095235520623586
SRL	SRR5949535	16.097597111426087
SRL	SRR5949536	16.096941831727126
SRL	SRR5949537	16.09818068971798
SRL	SRR5949538	16.09860017451691
SRL	SRR5949539	16.096184708118887
SRL	SRR5949540	16.093855896973544
SRL	SRR5949541	16.096184708118887
SRL	SRR5949542	16.093314267887674
SRL	SRR5949543	16.096541910819763
SRL	SRR5949544	16.093855896973544
SRL	SRR5949545	16.089967509696013
SRL	SRR5949546	16.094953790764674
SRL	SRR5949547	16.09860017451691
SRL	SRR5949548	16.096599855214187
SRL	SRR5949549	16.091770020262825
SRL	SRR5949550	16.085260544597883
SRL	SRR5949551	16.097218973907314
SRL	SRR5949552	16.09275258401746
SRL	SRR5949553	16.09826209798116
SRL	SRR5949554	16.09725877349647
SRL	SRR5949555	15.973197876021402
SRL	SRR5949556	16.093221284980363
SRL	SRR5949557	16.096941831727126
SRL	SRR5949558	16.092590531999857
SRL	SRR5949559	16.097597111426087
SRL	SRR5949560	16.097597111426087
SRL	SRR5949561	16.086085731106152
SRL	SRR5949562	16.093017217426766
SRL	SRR5949563	16.096941831727126
SRL	SRR5949564	16.097218973907314
SRL	SRR5949565	16.09826209798116
SRL	SRR5949566	16.097597111426087
SRL	SRR5949567	16.071078873495157
SRL	SRR5949568	16.093791716577645
SRL	SRR5949569	16.094601360043455
SRL	SRR5949570	16.096184708118887
SRL	SRR5949571	16.090603004270378
SRL	SRR5949572	16.095791371127575
SRL	SRR5949573	16.093791716577645
SRL	SRR5949574	16.096941831727126
SRL	SRR5949575	16.096541910819763
SRL	SRR5949576	16.095791371127575
SRL	SRR5949577	16.09826209798116
SRL	SRR5949578	16.096941831727126
SRL	SRR5949579	16.097597111426087
SRL	SRR5949580	16.097597111426087
SRL	SRR5949581	16.09860017451691
SRL	SRR5949582	16.094601360043455
SRL	SRR5949583	16.09826209798116
SRL	SRR5949584	16.085598946668355
SRL	SRR5949585	16.097218973907314
SRL	SRR5949586	16.09725877349647
SRL	SRR5949587	16.096599855214187
SRL	SRR5949588	16.075265379625478
SRL	SRR5949589	16.09860017451691
SRL	SRR5949590	16.094953790764674
SRL	SRR5949591	16.097597111426087
SRL	SRR5949592	16.09531450309874
SRL	SRR5949593	16.09860017451691
SRL	SRR5949594	16.095791371127575
SRL	SRR5949595	16.09725877349647
SRL	SRR5949596	16.096599855214187
SRL	SRR5949597	16.0892590575091
SRL	SRR5949598	16.096184708118887
SRL	SRR5949599	16.094953790764674
SRL	SRR5949600	16.096941831727126
SRL	SRR5949601	16.095791371127575
SRL	SRR5949602	16.09860017451691
SRL	SRR5949603	16.097218973907314
SRL	SRR5949604	16.09725877349647
SRL	SRR5949605	16.095791371127575
SRL	SRR5949606	16.092590531999857
SRL	SRR5949607	16.09818068971798
SRL	SRR5949608	16.08600563256281
SRL	SRR5950246	16.085429961643822
SRL	SRR5950247	16.092590531999857
SRL	SRR5950248	16.096941831727126
SRL	SRR5950249	16.09860017451691
SRL	SRR5950250	16.093855896973544
SRL	SRR5950251	16.096941831727126
SRL	SRR5950252	16.09826209798116
SRL	SRR5950253	16.09725877349647
SRL	SRR5950254	16.092590531999857
SRL	SRR5950255	16.0892590575091
SRL	SRR5950256	16.083594399624783
SRL	SRR5950257	16.083123983184993
SRL	SRR5950258	16.097218973907314
SRL	SRR5950259	16.097597111426087
SRL	SRR5950260	16.096941831727126
SRL	SRR5950261	16.097218973907314
SRL	SRR5950262	16.095235520623586
SRL	SRR5950263	16.089602533407913
SRL	SRR5950264	16.09818068971798
SRL	SRR5950265	16.093855896973544
SRL	SRR5950266	16.085558500292645
SRL	SRR5950267	16.097218973907314
SRL	SRR5950268	16.095791371127575
SRL	SRR5950269	16.096184708118887
SRL	SRR5950270	16.092454048997737
SRL	SRR5950271	16.09860017451691
SRL	SRR5950272	16.09860017451691
SRL	SRR5950273	16.096941831727126
SRL	SRR5950274	16.095122724997136
SRL	SRR5950275	16.095791371127575
SRL	SRR5950276	16.097218973907314
SRL	SRR5950277	16.093221284980363
SRL	SRR5950278	16.089414157171678
SRL	SRR5950279	16.096599855214187
SRL	SRR5950280	16.09725877349647
SRL	SRR5950281	16.095791371127575
SRL	SRR5950282	16.090603004270378
SRL	SRR5950283	16.097218973907314
SRL	SRR5950284	16.052779876338903
SRL	SRR5950285	16.09275258401746
SRL	SRR5950286	16.096941831727126
SRL	SRR5950287	16.08742317933238
SRL	SRR5950288	16.093714948553696
SRL	SRR5950289	16.086085731106152
SRL	SRR5950290	16.097597111426087
SRL	SRR5950291	16.097218973907314
SRL	SRR5950292	16.09531450309874
SRL	SRR5950293	16.092454048997737
SRL	SRR5950294	16.09860017451691
SRL	SRR5950295	16.09826209798116
SRL	SRR5950296	16.096541910819763
SRL	SRR5950297	16.092312255358525
SRL	SRR5950298	16.097597111426087
SRL	SRR5950299	16.094601360043455
SRL	SRR5950300	16.096599855214187
SRL	SRR5950301	16.097218973907314
SRL	SRR5950302	16.096541910819763
SRL	SRR5950303	16.094601360043455
SRL	SRR5950304	16.092457096251493
SRL	SRR5950305	16.096541910819763
SRL	SRR5950306	16.096541910819763
SRL	SRR5950307	16.094482469896608
SRL	SRR5950308	16.09531450309874
SRL	SRR5950309	16.095791371127575
SRL	SRR5950310	16.096941831727126
SRL	SRR5950311	16.09818068971798
SRL	SRR5950312	16.097218973907314
SRL	SRR5950313	16.09531450309874
SRL	SRR5950314	16.097597111426087
SRL	SRR5950315	16.097218973907314
SRL	SRR5950316	16.09818068971798
SRL	SRR5950317	16.094601360043455
SRL	SRR5950318	16.092454048997737
SRL	SRR5950319	16.094953790764674
SRL	SRR5950320	16.094601360043455
SRL	SRR5950321	16.083710431036092
SRL	SRR5950322	16.093314267887674
SRL	SRR5950323	16.095122724997136
SRL	SRR5950324	16.097597111426087
SRL	SRR5950325	16.095235520623586
SRL	SRR5950326	16.093221284980363
SRL	SRR5950327	16.097218973907314
SRL	SRR5950328	16.097218973907314
SRL	SRR5950329	16.096541910819763
SRL	SRR5950330	16.094953790764674
SRL	SRR5950331	16.090603004270378
SRL	SRR5950332	16.092590531999857
SRL	SRR5950333	16.097597111426087
SRL	SRR5950334	16.097597111426087
SRL	SRR5950335	16.097597111426087
SRL	SRR5950336	16.069072974914473
SRL	SRR5950337	16.086731077557925
SRL	SRR5950338	16.078375777787045
SRL	SRR5950339	16.09860017451691
SRL	SRR5950340	16.094482469896608
SRL	SRR5950341	16.09531450309874
SRL	SRR5950342	16.09818068971798
SRL	SRR5950343	16.09531450309874
SRL	SRR5950344	16.093314267887674
SRL	SRR5950345	16.095122724997136
SRL	SRR5950346	16.097218973907314
SRL	SRR5950347	16.096541910819763
SRL	SRR5950348	16.094482469896608
SRL	SRR5950349	16.09826209798116
SRL	SRR5950350	16.096941831727126
SRL	SRR5950351	16.08742317933238
SRL	SRR5950352	16.09818068971798
SRL	SRR5950353	16.096541910819763
SRL	SRR5950354	16.09818068971798
SRL	SRR5950355	16.09818068971798
SRL	SRR5950356	16.08597185525584
SRL	SRR5950357	16.09818068971798
SRL	SRR5950358	16.094601360043455
SRL	SRR5950359	16.096184708118887
SRL	SRR5950360	16.09818068971798
SRL	SRR5950361	16.09818068971798
SRL	SRR5950362	16.093314267887674
SRL	SRR5950363	16.092312255358525
SRL	SRR5950364	16.094953790764674
SRL	SRR5950365	16.09725877349647
SRL	SRR5950366	16.097597111426087
SRL	SRR5950367	16.084633851971645
SRL	SRR5950368	16.096541910819763
SRL	SRR5950369	16.09860017451691
SRL	SRR5950370	16.09860017451691
SRL	SRR5950371	16.097218973907314
SRL	SRR5950372	16.09725877349647
SRL	SRR5950373	16.096599855214187
SRL	SRR5950374	16.096599855214187
SRL	SRR5950375	16.09818068971798
SRL	SRR5950376	16.09860017451691
SRL	SRR5950377	16.091770020262825
SRL	SRR5950378	16.096599855214187
SRL	SRR5950379	16.096541910819763
SRL	SRR5950380	16.09531450309874
SRL	SRR5950381	16.095235520623586
SRL	SRR5950382	16.08742317933238
SRL	SRR5950383	16.09826209798116
SRL	SRR5950384	16.097597111426087
SRL	SRR5950385	16.087203529606843
SRL	SRR5950386	16.09818068971798
SRL	SRR5950387	16.09826209798116
SRL	SRR5950388	16.093855896973544
SRL	SRR5950389	16.079493793466202
SRL	SRR5950390	16.095791371127575
SRL	SRR5950391	16.09860017451691
SRL	SRR5950392	16.08742317933238
SRL	SRR5950393	16.093791716577645
SRL	SRR5950394	16.096184708118887
SRL	SRR5950395	16.096541910819763
SRL	SRR5950396	16.09860017451691
SRL	SRR5950397	16.09826209798116
SRL	SRR5950398	16.09826209798116
SRL	SRR5950399	16.095235520623586
SRL	SRR5950400	16.095791371127575
SRL	SRR5950401	16.09818068971798
SRL	SRR5950402	16.09818068971798
SRL	SRR5950403	16.096941831727126
SRL	SRR5950404	16.09725877349647
SRL	SRR5950405	16.075265379625478
SRL	SRR5950406	16.091328611166
SRL	SRR5950407	16.097218973907314
SRL	SRR5950408	16.092457096251493
SRL	SRR5950409	16.093791716577645
SRL	SRR5950410	16.09860017451691
SRL	SRR5950411	16.097597111426087
SRL	SRR5950412	16.09818068971798
SRL	SRR5950413	16.091119969339577
SRL	SRR5950414	16.097218973907314
SRL	SRR5950415	16.094601360043455
SRL	SRR5950416	16.09531450309874
SRL	SRR5950417	16.095791371127575
SRL	SRR5950418	16.093714948553696
SRL	SRR5950419	16.09818068971798
SRL	SRR5950420	16.096541910819763
SRL	SRR5950421	16.093855896973544
SRL	SRR5950422	16.092590531999857
SRL	SRR5950423	16.096599855214187
SRL	SRR5950424	16.097597111426087
SRL	SRR5950425	16.09818068971798
SRL	SRR5950426	16.094482469896608
SRL	SRR5950427	16.097597111426087
SRL	SRR5950428	16.096599855214187
SRL	SRR5950429	16.09818068971798
SRL	SRR5950430	16.096184708118887
SRL	SRR5950431	16.096184708118887
SRL	SRR5950432	16.09725877349647
SRL	SRR5950433	16.097218973907314
SRL	SRR5950434	16.093855896973544
SRL	SRR5950435	16.096599855214187
SRL	SRR5950436	16.09818068971798
SRL	SRR5950437	16.096184708118887
SRL	SRR5950438	16.097597111426087
SRL	SRR5950439	16.09826209798116
SRL	SRR5950440	16.03511579231541
SRL	SRR5950441	16.092590531999857
SRL	SRR5950442	16.096941831727126
SRL	SRR5950443	16.095235520623586
SRL	SRR5950444	16.097218973907314
SRL	SRR5950445	16.09725877349647
SRL	SRR5950446	16.095122724997136
SRL	SRR5950447	16.09196014074011
SRL	SRR5950448	16.097218973907314
SRL	SRR5950449	16.09725877349647
SRL	SRR5950450	16.09818068971798
SRL	SRR5950451	16.09860017451691
SRL	SRR5950452	877.0550158289516
SRL	SRR5950453	16.097597111426087
SRL	SRR5950454	16.09275258401746
SRL	SRR5950455	16.097597111426087
SRL	SRR5950456	16.096599855214187
SRL	SRR5950457	16.095235520623586
SRL	SRR5950458	16.09860017451691
SRL	SRR5950459	16.096541910819763
SRL	SRR5950460	16.096541910819763
SRL	SRR5950461	16.096941831727126
SRL	SRR5950462	16.08968214298037
SRL	SRR5950463	16.094601360043455
SRL	SRR5950464	16.093221284980363
SRL	SRR5950465	16.02942201863973
SRL	SRR5950466	16.097218973907314
SRL	SRR5950467	16.096541910819763
SRL	SRR5950468	16.097218973907314
SRL	SRR5950469	16.094953790764674
SRL	SRR5950470	16.09818068971798
SRL	SRR5963912	16.09860017451691
SRL	SRR5963913	16.093314267887674
SRL	SRR5963914	16.09860017451691
SRL	SRR5963915	16.093855896973544
SRL	SRR5963916	16.091770020262825
SRL	SRR5963917	16.095791371127575
SRL	SRR5963918	16.096184708118887
SRL	SRR5963919	16.09725877349647
SRL	SRR5963920	16.096599855214187
SRL	SRR5963921	16.097597111426087
SRL	SRR5963922	16.09531450309874
SRL	SRR5963923	16.096184708118887
SRL	SRR5963924	16.09725877349647
SRL	SRR5963925	16.093314267887674
SRL	SRR5963926	16.093221284980363
SRL	SRR5963927	16.09826209798116
SRL	SRR5963928	16.09275258401746
SRL	SRR5963929	16.097218973907314
SRL	SRR5963930	16.090603004270378
SRL	SRR5963931	16.09860017451691
SRL	SRR5963932	16.096599855214187
SRL	SRR5963933	16.095235520623586
SRL	SRR5963934	16.09196014074011
SRL	SRR5963935	16.09860017451691
SRL	SRR5963936	16.093714948553696
SRL	SRR5963937	16.089602533407913
SRL	SRR5963938	16.097218973907314
SRL	SRR5963939	16.09725877349647
SRL	SRR5963940	16.09818068971798
SRL	SRR5963941	16.09860017451691
SRL	SRR5963942	16.09860017451691
SRL	SRR5963943	16.097597111426087
SRL	SRR5963944	16.09860017451691
SRL	SRR5963945	16.09826209798116
SRL	SRR5963946	16.097218973907314
SRL	SRR5963947	16.097218973907314
SRL	SRR5963948	16.097218973907314
SRL	SRR6467548	1.009806123524068
SRL	SRR6467549	7.116433766869394
SRL	SRR6467550	40.37829385486525
SRL	SRR6467551	1.0164508190635158
SRL	SRR6467552	1.0165227814557534
SRL	SRR6467553	1.031917753407997
SRL	SRR6467554	1.0225494456218691
SRL	SRR6467555	1.0144151620441488
SRL	SRR6467556	1.0118279387635634
SRL	SRR6467557	6.0685171130317554
SRL	SRR6467558	1.0202167779550353
SRL	SRR6467559	1.0021749573528569
SRL	SRR6467560	33.33709125055502
SRL	SRR6467561	7.052157798044152
SRL	SRR6467562	8.030344166377144
SRL	SRR6467563	2.0123935863373767
SRL	SRR6467564	2.014622002337164
SRL	SRR6467565	1.0096995243760967
SRL	SRR6467566	1.0275298262095158
SRL	SRR6467567	1.0110728691639104
SRL	SRR6467568	12.049223398971343
SRL	SRR6467569	1.0146397099735318
SRL	SRR6467570	60.801643867639704
SRL	SRR6467571	22.01583672556958
SRL	SRR6467572	1.0061524256376846
SRL	SRR6467573	3.02039485354715
SRL	SRR6467574	16
SRL	SRR6467575	41.726577832363326
SRL	SRR6467576	6.0280482943524065
SRL	SRR6467577	12.017282646122439
SRL	SRR6467578	1.0098738000574858
SRL	SRR6467579	1.0105838312629851
SRL	SRR6467580	6.6653478476076735
SRL	SRR6467581	64.51552420919315
SRL	SRR6467582	20.70710038984157
SRL	SRR6467583	40
SRL	SRR6467584	22.079882419820322
SRL	SRR6467585	8.711732454357636
SRL	SRR6467586	60.250302258939705
SRL	SRR6467587	60.915308889688774
SRL	SRR6467588	21.15350677653453
SRL	SRR6467589	13
SRL	SRR6467590	22.06079524670392
SRL	SRR6467591	1.0105196019933347
SRL	SRR6467592	13.101134015374049
SRL	SRR6467593	7.031768011530087
SRL	SRR6467594	13.237770670877707
SRL	SRR6467595	13.028492673619253
SRL	SRR6467596	7
SRL	SRR6467597	28.03074298248087
SRL	SRR6467598	51.63832336625613
SRL	SRR6467599	1.0037407429361982
SRL	SRR6467600	1.004818568850564
SRL	SRR6467601	1.0055788173830293
SRL	SRR6467602	38.19276040955042
SRL	SRR6467603	12
SRL	SRR6467604	7.029573149889586
SRL	SRR6467605	22.0786260551402
SRL	SRR6467606	21
SRL	SRR6467607	56
SRL	SRR6467608	18.04729052668297
SRL	SRR6467609	12.002158970772523
SRL	SRR6467610	1.0099816979843277
SRL	SRR6467611	28.697295106776707
SRL	SRR6467612	1.0058040855375532
SRL	SRR6467613	13
SRL	SRR6467614	78
SRL	SRR6467615	1.012703741023523
SRL	SRR6467616	33.326460915520855
SRL	SRR6467617	16.106701826187596
SRL	SRR6467618	31
SRL	SRR6467619	45.91192821838339
SRL	SRR6467620	2.0051850091193257
SRL	SRR6467621	1.005107193890329
SRL	SRR6467622	1.0150608699717154
SRL	SRR6467623	12.212925764290093
SRL	SRR6467624	1.0001799142310437
SRL	SRR6467625	24
SRL	SRR6467626	4
SRL	SRR6467627	18.181147455968933
SRL	SRR6467628	39
SRL	SRR6467629	15.753489628331206
SRL	SRR6467630	27.019435981380852
SRL	SRR6467631	6.005399369428595
SRL	SRR6467632	6.043064772396157
SRL	SRR6467633	24
SRL	SRR6467634	11.043959192184245
SRL	SRR6467635	57.2089599140219
SRL	SRR6467636	1.0100809623101739
SRL	SRR6467637	25
SRL	SRR6467638	9
SRL	SRR6467639	16.050696153338645
SRL	SRR6467640	2.041836934731243
SRL	SRR6467641	29.269200706639133
SRL	SRR6467642	75.84187544362052
SRL	SRR6467643	1.0125130005061824
SRL	SRR6467644	1
SRL	SRR6467645	35.339640908208274
SRL	SRR6467646	34
SRL	SRR6467647	50.108427752674565
SRL	SRR6467648	1.005773633988387
SRL	SRR6467649	6.031752815386757
SRL	SRR6467650	1.0054730022593972
SRL	SRR6467651	8.023305384130936
SRL	SRR6467652	9.001619228079393
SRL	SRR6467653	1.00992245953211
SRL	SRR6467654	37.13840748863933
SRL	SRR6467655	11
SRL	SRR6467656	52.97099089196564
SRL	SRR6467657	1
SRL	SRR6467658	30
SRL	SRR6467659	26.91544516991344
SRL	SRR6467660	17.11632556895328
SRL	SRR6467661	8.435421306052996
SRL	SRR6467662	14.314152552540344
SRL	SRR6467663	6.016745047832367
SRL	SRR6467664	27.711665299218026
SRL	SRR6467665	25
SRL	SRR6467666	4
SRL	SRR6467667	52.14378019928381
SRL	SRR6467668	13.0565981151532
SRL	SRR6467669	1
SRL	SRR6467670	21
SRL	SRR6467671	44.83821169867392
SRL	SRR6467672	1.0088498474584395
SRL	SRR6467673	1.0095900205975368
SRL	SRR6467674	11.068805747721548
SRL	SRR6467675	1.0086419580070092
SRL	SRR6467676	15.680194644554977
SRL	SRR6467677	12
SRL	SRR6467678	77
SRL	SRR6467679	1
SRL	SRR6467680	1.01072934295352
SRL	SRR6467681	2
SRL	SRR6467682	4.023940176024733
SRL	SRR6467683	13.145550745727878
SRL	SRR6467684	7.01814753191764
SRL	SRR6467685	1.014095870178947
SRL	SRR6467686	1.0014402205102033
SRL	SRR6467687	29.312663996002144
SRL	SRR6467688	49
SRL	SRR6467689	9.08912618092395
SRL	SRR6467690	9.049206890589968
SRL	SRR6467691	6.033288468821281
SRL	SRR6467692	16.016083660135507
SRL	SRR6467693	6.936126384609211
SRL	SRR6467694	1.0075707059203194
SRL	SRR6467695	1.0045689957386463
SRL	SRR6467696	28.358412983289018
SRL	SRR6467697	1
SRL	SRR6467698	1.0047021889912742
SRL	SRR6467699	12
SRL	SRR6467700	51.539108173123815
SRL	SRR6467701	46
SRL	SRR6467702	2.028674607356182
SRL	SRR6467703	1.012335005482347
SRL	SRR6467704	40.11163365221578
SRL	SRR6467705	11.071836059296345
SRL	SRR6467706	1.0184705122861608
SRL	SRR6467707	12
SRL	SRR6467708	6.010354821214879
SRL	SRR6467709	22
SRL	SRR6467710	11.009898843952424
SRL	SRR6467711	18.02457812397859
SRL	SRR6467712	1.0112473218896492
SRL	SRR6467713	70.46153353789082
SRL	SRR6467714	2.011942874120268
SRL	SRR6467715	35
SRL	SRR6467716	13
SRL	SRR6467717	1.0122808125437386
SRL	SRR6467718	12.18490970605582
SRL	SRR6467719	13.046857738196557
SRL	SRR6467720	33
SRL	SRR6467721	24.038889452577905
SRL	SRR6467722	19.968559001613833
SRL	SRR6467723	6
SRL	SRR6467724	2
SRL	SRR6467725	24
SRL	SRR6467726	37.38301408998004
SRL	SRR6467727	2.004579771497176
SRL	SRR6467728	21
SRL	SRR6467729	46.316954941791536
SRL	SRR6467730	25.053159441218387
SRL	SRR6467731	7.06916828582727
SRL	SRR6467732	18.399123249043235
SRL	SRR6467733	16.027612856573008
SRL	SRR6467734	5.9580557392243385
SRL	SRR6467735	1.0082651845569055
SRL	SRR6467736	17.105437023181217
SRL	SRR6467737	1.0062062904901619
SRL	SRR6467738	4.001439443324872
SRL	SRR6467739	35
SRL	SRR6467740	1.005343007804232
SRL	SRR6467741	47.09582681668021
SRL	SRR6467742	9
SRL	SRR6467743	6
SRL	SRR6467744	57
SRL	SRR6467745	31.011155685767758
SRL	SRR6467746	1.0079332911520626
SRL	SRR6467747	33.78233653388315
SRL	SRR6467748	11.408979534557943
SRL	SRR6467749	20
SRL	SRR6467750	17.040324895586526
SRL	SRR6467751	1.0151179163865762
SRL	SRR6467752	4.032858079595903
SRL	SRR6467753	13.312269054254008
SRL	SRR6467754	12.555667755529328
SRL	SRR6467755	35.80055837411907
SRL	SRR6467756	1.001260079572912
SRL	SRR6467757	1
SRL	SRR6467758	24
SRL	SRR6467759	1.0056633933586414
SRL	SRR6467760	1.0077342324655063
SRL	SRR6467761	9.032992217976071
SRL	SRR6467762	24.12013286742892
SRL	SRR6467763	31.584665951006112
SRL	SRR6467764	55.428846026781905
SRL	SRR6467765	15.018649626099721
SRL	SRR6467766	1.014833528591624
SRL	SRR6467767	1.0068063252571833
SRL	SRR6467768	4.049906524075735
SRL	SRR6467769	1.0179804857499088
SRL	SRR6467770	8
SRL	SRR6467771	65.2061256565617
SRL	SRR6467772	15.106694020496974
SRL	SRR6467773	4.015685320720523
SRL	SRR6868540	22.326337629015725
SRL	SRR6868541	18.50055904474852
SRL	SRR6868542	18.863824901867417
SRL	SRR6868543	18.275332885069595
SRL	SRR6868544	18.141312030309468
SRL	SRR6868545	18.448794279923852
SRL	SRR6868546	18.286350303677445
SRL	SRR6868557	19.068480791310446
SRL	SRR6868558	18.887941724248368
SRL	SRR6868559	22.72229985633222
SRL	SRR6868560	18.179790021522404
SRL	SRR6868569	19.114812392530805
SRL	SRR6868570	18.39275588835956
SRL	SRR6868571	18.805393632343442
SRL	SRR6868572	18.213303713041793
SRL	SRR6868573	18.74309797266257
SRL	SRR6868574	18.220444223388245
SRL	SRR6868575	18.467945671580004
SRL	SRR6868576	22.35202691351406
SRL	SRR6868577	18.590233659468456
SRL	SRR6868578	18.28038708377101
SRL	SRR6868579	18.79325897492809
SRL	SRR6868580	18.19398908100969
SRL	SRR6868581	18.615654090233463
SRL	SRR6868582	18.592901431832722
SRL	SRR6868585	18.40305261486125
SRL	SRR6868586	19.075390257794716
SRL	SRR6868587	23.32135103068641
SRL	SRR6868588	22.158315891392004
SRL	SRR6868589	18.198621177628215
SRL	SRR6868590	18.582459036831843
SRL	SRR6868591	22.2887713771841
SRL	SRR6868604	23.669921215673043
SRL	SRR6868605	18.577763971389125
SRL	SRR6868606	18.739074151667143
SRL	SRR6868607	18.62374718242397
SRL	SRR6868608	18.440363820459353
SRL	SRR6868609	18.79544745892139
SRL	SRR6868610	18.708083581448065
SRL	SRR6868620	18.205170148572215
SRL	SRR6868621	18.397017191541696
SRL	SRR6868622	18.436227127273582
SRL	SRR6868623	18.98973556626346
SRL	SRR6868636	18.79240801248151
SRL	SRR6868637	18.470025287900526
SRL	SRR6868638	18.834864704673823
SRL	SRR6868639	18.195028176394967
SRL	SRR6868650	22.876300814450747
SRL	SRR6868651	18.524549127113275
SRL	SRR6868652	18.552809019622742
SRL	SRR6868653	18.341185295833128
SRL	SRR6868654	18.272153846678666
SRL	SRR6868655	18.637747780388825
SRL	SRR6868665	18.260432300303243
SRL	SRR6868666	18.184728424496395
SRL	SRR6868667	18.207761117077386
SRL	SRR6868668	18.134614861569595
SRL	SRR6868669	18.137552757971054
SRL	SRR6868670	18.325631664570153
SRL	SRR6868671	18.26335281030798
SRL	SRR6868683	18.2307577832885
SRL	SRR6868684	18.28404117570007
SRL	SRR6868685	18.38986273237285
SRL	SRR6868686	18.18583491632713
SRL	SRR6868687	18.50681388369441
SRL	SRR6868688	18.492991083938147
SRL	SRR6868689	18.267755473713727
SRL	SRR6868698	18.33086299633306
SRL	SRR6868699	18.127041427420803
SRL	SRR6868700	18.290763181833487
SRL	SRR6868701	18.190962363090716
SRL	SRR6868702	18.13837352498613
SRL	SRR6868713	18.188619721546033
SRL	SRR6868714	18.33651737708298
SRL	SRR6868715	18.15012844053999
SRL	SRR6868716	18.120942009492826
SRL	SRR6868717	22.22662244576722
SRL	SRR6868718	18.070207401416607
SRL	SRR6868719	18.02916708943343
SRL	SRR6868720	18.091205683266967
SRL	SRR6868721	22.248571643960954
SRL	SRR6868722	18.30420423335462
SRL	SRR6868723	18.35377226140757
SRL	SRR6868724	18.17539819320455
SRL	SRR6868725	18.07518462154361
SRL	SRR6868726	26.06271606503148
SRL	SRR6868741	18.261795756084833
SRL	SRR7632756	58.47897026694631
SRL	SRR7632757	30.831998581539338
SRL	SRR7632758	26.276453344853653
SRL	SRR7632759	2.0595499215754147
SRL	SRR7632760	22.44587182033755
SRL	SRR7632761	18.12871081696978
SRL	SRR7632762	1.0486325447319236
SRL	SRR7632763	34.55697039457855
SRL	SRR7632764	1.0369890422143389
SRL	SRR7632765	14.036781520753424
SRL	SRR7632766	39.18234144279338
SRL	SRR7632767	18.042696948268087
SRL	SRR7632768	6.097129019251106
SRL	SRR7632769	14.160679694112742
SRL	SRR7632770	22.182140592602355
SRL	SRR7632771	1.0259548134634506
SRL	SRR7632772	14.268303526986651
SRL	SRR7632773	79.42886466483161
SRL	SRR7632774	22.13963528964687
SRL	SRR7632775	55.21328015911727
SRL	SRR7632776	10.378886530168417
SRL	SRR7632777	59.39545906172187
SRL	SRR7632778	1.0041769234190894
SRL	SRR7632779	18.470098896320188
SRL	SRR7632780	50.18466238370155
SRL	SRR7632781	1.061425531429259
SRL	SRR7632782	1.013677337507708
SRL	SRR7632783	18.132103019828218
SRL	SRR7632784	79.68736993466403
SRL	SRR7632785	22.157904165452578
SRL	SRR7632786	2.0828132032854545
SRL	SRR7632787	54.211355466631296
SRL	SRR7632788	99.224390924961
SRL	SRR7632789	54.979689891333514
SRL	SRR7632790	14.137534128419617
SRL	SRR7632791	1.0447424486975612
SRL	SRR7632792	50.36486881438229
SRL	SRR7632793	1.01210658739326
SRL	SRR7632794	26.180642035999423
SRL	SRR7632795	30.096798270115624
SRL	SRR7632796	14.24057922574071
SRL	SRR7632797	1.1507956722511705
SRL	SRR7632798	1.0057289905461357
SRL	SRR7632799	6.18470566304392
SRL	SRR7632800	88.3025390021316
SRL	SRR7632801	22.115750919132783
SRL	SRR7632802	1.0349955306780252
SRL	SRR7632803	51.19979238875996
SRL	SRR7632804	6.24284327411389
SRL	SRR7632805	34.10518278653559
SRL	SRR7632806	30.13839880339073
SRL	SRR7632807	6.052303623009718
SRL	SRR7632808	1.0082207258216564
SRL	SRR7632809	1.0487771640238053
SRL	SRR7632810	30.1251845717318
SRL	SRR7632811	18.122524532233864
SRL	SRR7632812	1.0071833620330328
SRL	SRR7632813	6.037255777092365
SRL	SRR7632814	26.092564892592545
SRL	SRR7632815	14.110187851853151
SRL	SRR7632816	1.07528181517056
SRL	SRR7632817	2.083172301718206
SRL	SRR7632818	22.119359350654246
SRL	SRR7632819	30.07340691059244
SRL	SRR7632820	1.006884746998457
SRL	SRR7632821	79.13633847932923
SRL	SRR7632822	1.0125834797761897
SRL	SRR7632823	18.06623409108242
SRL	SRR7632824	1.0045743716929838
SRL	SRR7632825	14.039306937507058
SRL	SRR7632826	18.011612443826838
SRL	SRR7632827	1.0547962882986262
SRL	SRR7632828	10.259969817544446
SRL	SRR7632829	2.028984111337618
SRL	SRR7632830	1.0484469543228638
SRL	SRR7632831	6.055672330299512
SRL	SRR7632832	22.32022692092723
SRL	SRR7632833	1.0517370367415053
SRL	SRR7632834	1.0291896194546106
SRL	SRR7632835	1.1099100147247651
SRL	SRR7632836	1.0149370565287317
SRL	SRR7632837	6.038700093563913
SRL	SRR7632838	1.0251559439709568
SRL	SRR7632839	10.11487837523035
SRL	SRR7632840	1.0305733450818257
SRL	SRR7632841	1.1192560986710782
SRL	SRR7632842	6.011171099584151
SRL	SRR7632843	6.225092332177588
SRL	SRR7632844	1.0396314006495406
SRL	SRR7632845	6.03003321685723
SRL	SRR7632846	1.0494904998299905
SRL	SRR7632847	1.0235272533915285
SRL	SRR7632848	26.2373864216424
SRL	SRR7632849	34.38707848831652
SRL	SRR7632850	1.0128856441720862
SRL	SRR7632851	1.0101118401249758
SRL	SRR7632852	1.001260079572912
SRL	SRR7632853	46.23357102617587
SRL	SRR7632854	18.118858849871984
SRL	SRR7632855	87
SRL	SRR7632856	1.0064837326371328
SRL	SRR7632857	10.735764544763628
SRL	SRR7632858	10.371579517056881
SRL	SRR7632859	1.0396311122590651
SRL	SRR7632860	1.0753540533674661
SRL	SRR7632861	1.0543822488477879
SRL	SRR7632862	1.0351402489647896
SRL	SRR7632863	1.127463190129664
SRL	SRR7632864	1.1215525506364097
SRL	SRR7632865	50.073175601990265
SRL	SRR7632866	95.53802236907093
SRL	SRR7632867	46.473359575399236
SRL	SRR7632868	2.0512574364784895
SRL	SRR7632869	10.244411302643485
SRL	SRR7632870	1.0037988754978042
SRL	SRR7632871	1.050989678803295
SRL	SRR7632872	1.0322124653187648
SRL	SRR7632873	50.2103810374764
SRL	SRR7632874	18.047842225918334
SRL	SRR7632875	30.049530391069624
SRL	SRR7632876	34.481781017342946
SRL	SRR7632877	1.0410996360505937
SRL	SRR7632878	2.0441604420507766
SRL	SRR7632879	2.004533149999212
SRL	SRR7632880	1.0175413387124352
SRL	SRR7632881	22.30264046753171
SRL	SRR7632882	38.907469054622794
SRL	SRR7632883	1.02247906372491
SRL	SRR7632884	2.067412816483697
SRL	SRR7632885	30.14912120395848
SRL	SRR7632886	1.0323024876429643
SRL	SRR7632887	26.26279280698674
SRL	SRR7632888	1.0379768225769255
SRL	SRR7632889	1.0341992789721208
SRL	SRR7632890	1.1020636592092161
SRL	SRR7632891	1.0470515559564515
SRL	SRR7632892	30.174956528602035
SRL	SRR7632893	2.076272650542794
SRL	SRR7632894	1.0470575746534403
SRL	SRR7632895	1.0115917091074564
SRL	SRR7632896	1.0226482273167283
SRL	SRR7632897	1.0040851311465162
SRL	SRR7632898	1.003736640357631
SRL	SRR7632899	42.291979225389625
SRL	SRR7632900	22.14662589444686
SRL	SRR7632901	1.0063609654022492
SRL	SRR7632902	1.0438042739415248
SRL	SRR7632903	50.21994667004292
SRL	SRR7632904	2.1052390868400237
SRL	SRR7632905	1.0931759253599354
SRL	SRR7632906	10.16502585346888
SRL	SRR7632907	43.164467216140636
SRL	SRR7632908	58.23240808836682
SRL	SRR7632909	42.14509258971776
SRL	SRR7632910	18.684139136585948
SRL	SRR7632911	22.285653617119877
SRL	SRR7632912	50.78163793849079
SRL	SRR7632913	2.1174448866768683
SRL	SRR7632914	10.311722723635215
SRL	SRR7632915	31.348699438417864
SRL	SRR7632916	68.33226342023833
SRL	SRR7632917	23.152680212168942
SRL	SRR7632918	10.258468542129663
SRL	SRR7632919	14.122278336030103
SRL	SRR7632920	1.0115831117977676
SRL	SRR7632921	2.0243147965062533
SRL	SRR7632922	22.19138258251386
SRL	SRR7632923	26.272351140130013
SRL	SRR7632924	1.029495742835047
SRL	SRR7632925	1.0350871842259233
SRL	SRR7632926	26.480972534709483
SRL	SRR7632927	34.69764036383418
SRL	SRR7632928	58.19167561109042
SRL	SRR7632929	2.0815710665907736
SRL	SRR7632930	75.06749211785743
SRL	SRR7632931	95.06838586041411
SRL	SRR7632932	51.284631479461396
SRL	SRR7632933	46.97877537009657
SRL	SRR7632934	26.11409559177701
SRL	SRR7632935	38.384249924749085
SRL	SRR7632936	10.210525182035713
SRL	SRR7632937	63.912265695191955
SRL	SRR7632938	34.9069891358124
SRL	SRR7632939	6.168622559882307
SRL	SRR7632940	54.35378233064323
SRL	SRR7632941	1.0214750661913161
SRL	SRR7632942	2.0716945854554027
SRL	SRR7632943	50
SRL	SRR7632944	1.0183845609590005
SRL	SRR7632945	54
SRL	SRR8928966	1.0089020059058134
SRL	SRR8928967	9.157024336935558
SRL	SRR8928968	28.234014320539593
SRL	SRR8928969	106.89207044362742
SRL	SRR8928970	30.293371292852907
SRL	SRR8928971	28.218780699431484
SRL	SRR8928972	1.0551062717044821
SRL	SRR8928973	22.132347525424915
SRL	SRR8928974	1.0870766859358787
SRL	SRR8928975	12.521966177852649
SRL	SRR8928976	1.0433938336486428
SRL	SRR8928977	13.257037642281418
SRL	SRR8928978	6.113456835337803
SRL	SRR8928979	1.0197172970945956
SRL	SRR8928980	1.016019416300132
SRL	SRR8928981	23.2718875477283
SRL	SRR8928982	22.252819191705733
SRL	SRR8928983	20.03961675609822
SRL	SRR8928984	35.19788654065019
SRL	SRR8928985	1.0170563672128556
SRL	SRR8928986	9.08196291928942
SRL	SRR8928987	73
SRL	SRR8928988	29
SRL	SRR8928989	37.66778413974038
SRL	SRR8928990	19.201633291460983
SRL	SRR8928991	4.072046107076906
SRL	SRR9835604	1.0144341794778586
SRL	SRR9835605	18.10121687316127
SRL	SRR9835606	51.11248526767924
SRL	SRR9835607	62.573410138032926
SRL	SRR9835608	1.0149850838535093
SRL	SRR9835609	82
SRL	SRR9835610	23.107831018030723
SRL	SRR9835611	36.03998065310705
SRL	SRR9835612	29.07948248642757
SRL	SRR9835613	1.005971437060134
SRL	SRR9835614	17.17298770927568
SRL	SRR9835615	22.873062297417192
SRL	SRR9835616	3.022499855507022
SRL	SRR9835617	1.0233696860167032
SRL	SRR9835618	1.005397931987203
SRL	SRR9835619	17
SRL	SRR9835620	46.22538994184797
SRL	SRR9835621	67.44654249672453
SRL	SRR9835622	8.022183081753367
SRL	SRR9835623	8.00143931384835
SRL	SRR9835624	11.244326470389662
SRL	SRR9835625	56.178031731898066
SRL	SRR9835626	37.28553113506111
SRL	SRR9835627	30.06258856248378
SRL	SRR9835628	1.007245300796782
SRL	SRR9835629	10.205101654512298
SRL	SRR9835630	1.0557392610180325
SRL	SRR9835631	1.0808176609581337
SRL	SRR9835632	29.06790093239997
SRL	SRR9835633	29.21955047168926
SRL	SRR9835634	145.92633029300592
SRL	SRR9835635	11.108820305173618
SRL	SRR9835636	1.0020527156867534
SRL	SRR9835637	44.19894429654001
SRL	SRR9835638	1.009908799328608
SRL	SRR9835639	34.359784503437076
SRL	SRR9835640	1.016727838277098
SRL	SRR9835641	20.078426603602615
SRL	SRR9835642	37.218667613652
SRL	SRR9835643	8.030813982764533
SRL	SRR9835644	36.11870698917836
SRL	SRR9835645	1.029653410621942
SRL	SRR9835646	1.0094602413506888
SRL	SRR9835647	34.0826236031235
SRL	SRR9835648	1.0302878151561219
SRL	SRR9835649	18.215178924393168
SRL	SRR9835650	17.06533336718395
SRL	SRR9835651	17.012237469758315
SRL	SRR9835652	17.272330077102243
SRL	SRR9835653	86.24001235226392
SRL	SRR9835654	3.0305272428133554
SRL	SRR9835655	51.26364521448742
SRL	SRR9835656	6.016212689253365
SRL	SRR9835657	156.32831259494233
SRL	SRR9835658	34.06838991206104
SRL	SRR9835659	8.048372401234877
SRL	SRR9835660	1.0076462335591199
SRL	SRR9835661	17.068925438527256
SRL	SRR9835662	1.01230819730448
SRL	SRR9835663	32.64983554077206
SRL	SRR9835664	25.043145088395327
SRL	SRR9835665	53.22211241122396
SRL	SRR9835666	55
SRL	SRR9835667	10.084424639995659
SRL	SRR9835668	79
SRL	SRR9835669	13.345914356595971
SRL	SRR9835670	4.055778751859249
SRL	SRR9835671	23.312756066482105
SRL	SRR9835672	27.048163123809825
SRL	SRR9835673	1.0228219628836945
SRL	SRR9835674	36.01943423302847
SRL	SRR9835675	1.005397931987203
SRL	SRR9835676	1.0891346753691427
SRL	SRR9835677	11.029236915838982
SRL	SRR9835678	8.048727304133228
SRL	SRR9835679	91.68918951301768
SRL	SRR9835680	1.0245185067839673
SRL	SRR9835681	63.19211098222773
SRL	SRR9835682	1.0607053518911023
SRL	SRR9835683	27.171296739202475
SRL	SRR9835684	1.0253010780065177
SRL	SRR9835685	3.0153755753270888
SRL	SRR9835686	3.0406006806637698
SRL	SRR9835687	46.21630069359862
SRL	SRR9835688	17
SRL	SRR9835689	60.44336773319176
SRL	SRR9835690	8.016091744014364
SRL	SRR9835691	6.054113233509918
SRL	SRR9835692	1.0183852731914698
SRL	SRR9835693	11.044936442611679
SRL	SRR9835694	29.302794599891975
SRL	SRR9835695	48.251086574210355
SRL	SRR9835696	10.098853113828044
SRL	SRR9835697	32.16523684206679
SRL	SRR9835698	1.0010052287584692
SRL	SRR9835699	1.0016203938574126
SRL	SRR9835700	58.13146134997715
SRL	SRR9835701	1.0028309617264135
SRL	SRR9835702	53
SRL	SRR9835703	22.023759362873605
SRL	SRR9835704	6.027991754799677
SRL	SRR9835705	1.0039962901985677
SRL	SRR9835706	1.0792635155154793
SRL	SRR9835707	41.04553352159414
SRL	SRR9835708	1.001063202890274
SRL	SRR9835709	91.04232754454974
SRL	SRR9835710	1.0145636581420703
SRL	SRR9835711	62.02745661887596
SRL	SRR9835712	1.0025217469463543
SRL	SRR9835713	3.0057180847904186
SRL	SRR9835714	13.020092945955081
SRL	SRR9835715	11.056783813089005
SRL	SRR9835716	15.044820866377615
SRL	SRR9835717	17.058727952981
SRL	SRR9835718	1.0156196005253904
SRL	SRR9835719	1.0088403251851141
SRL	SRR9835720	8.050395520254643
SRL	SRR9835721	22.336250475084523
SRL	SRR9835722	1.0232142122054655
SRL	SRR9835723	67
SRL	SRR9835724	30.211735712368004
SRL	SRR9835725	1.027861673410901
SRL	SRR9835726	27.019435981380852
SRL	SRR9835727	1.0069096275623266
SRL	SRR9835728	17.697002309907656
SRL	SRR9835729	1.0032434133910784
SRL	SRR9835730	25.098800492429376
SRL	SRR9835731	13.66482793480487
SRL	SRR9835732	8.037837304067327
SRL	SRR9835733	1.004507579922951
SRL	SRR9835734	10.026272514823873
SRL	SRR9835735	43.078742645219855
SRL	SRR9835736	62.760156773962414
SRL	SRR9835737	107.2320949972433
SRL	SRR9835738	41.073824584435215
SRL	SRR9835739	3.082853354228805
SRL	SRR9835740	1.0302371282903655
SRL	SRR9835741	11.058773085846553
SRL	SRR9835742	1.018922412576946
SRL	SRR9835743	50.68946252280359
SRL	SRR9835744	1.0058655806218886
SRL	SRR9835745	1.0226611988789944
SRL	SRR9835746	1.0111132609495124
SRL	SRR9835747	8.043157523780764
SRL	SRR9835748	4.123411063366834
SRL	SRR9835749	77
SRL	SRR9835750	1.008417985799797
SRL	SRR9835751	20.165986351099697
SRL	SRR9835752	1.0409710004872161
SRL	SRR9835753	1.0109896329106067
SRL	SRR9835754	25.034136283303596
SRL	SRR9835755	13.195128229856211
SRL	SRR9835756	1.0468852163311182
SRL	SRR9835757	18.072979876087683
SRL	SRR9835758	6.035092393879239
SRL	SRR9835759	1.0066479516880693
SRL	SRR9835760	27
SRL	SRR9835761	4.000719656924175
SRL	SRR9835762	1.102947594059923
SRL	SRR9835763	4.011762392448364
SRL	SRR9835764	48.13117282183815
SRL	SRR9835765	21.113721631390984
SRL	SRR9835766	8.212262719575358
SRL	SRR9835767	1.0374543472882876
SRL	SRR9835768	6
SRL	SRR9835769	15
SRL	SRR9835770	1.0202737577318615
SRL	SRR9835771	18.098705792902432
SRL	SRR9835772	3.03826847642174
SRL	SRR9835773	48
SRL	SRR9835774	1.035585837974875
SRL	SRR9835775	8.041490807528813
SRL	SRR9835776	11.03601490402893
SRL	SRR9835777	1.002446897019748
SRL	SRR9835778	10.042826021444869
SRL	SRR9835779	6.042613587216315
SRL	SRR9835780	11.017639783214491
SRL	SRR9835781	37.94657471258425
SRL	SRR9835782	1.0050637419561312
SRL	SRR9835783	32
SRL	SRR9835784	13.053900951351373
SRL	SRR9835785	1.0441860904847313
SRL	SRR9835786	6.05957906112003
SRL	SRR9835787	10.02896374160689
SRL	SRR9835788	20.03363266299826
SRL	SRR9835789	18
SRL	SRR9835790	10.072834565655588
SRL	SRR9835791	3.0835968723970537
SRL	SRR9835792	78.58250959132775
SRL	SRR9835793	27.05541167285042
SRL	SRR9835794	56.010075196938445
SRL	SRR9835795	1.0573932890447866
SRL	SRR9835796	63.36510206832012
SRL	SRR9835797	18
SRL	SRR9835798	30.048611815722378
SRL	SRR9835799	27.05504944788012
SRL	SRR9835800	4.0047412953778885
SRL	SRR9835801	1.0050669824037204
SRL	SRR9835802	53.21343004637699
SRL	SRR9867812	7.127039846444838
SRL	SRR9867813	22.373680193332735
SRL	SRR9867814	9.081753474345014
SRL	SRR9867815	19.830508174681217
SRL	SRR9867816	15
SRL	SRR9867817	13.16990064540196
SRL	SRR9867818	25
SRL	SRR9867819	6.219523051552387
SRL	SRR9867820	15
SRL	SRR9867821	18
SRL	SRR9867822	15.153730943255901
SRL	SRR9867823	10.431559506023804
SRL	SRR9867824	5.401311673508138
SRL	SRR9867825	16.251437873139995
SRL	SRR9867826	15.476790712145668
SRL	SRR9867827	35.691065880607354
SRL	SRR9867828	15.161867087537756
SRL	SRR9867829	13.331128351291975
SRL	SRR9867830	22
SRL	SRR9867831	7.47763058047807
SRL	SRR9879292	7.440419195286888
SRL	SRR9879293	12.17466922959667
SRL	SRR9879294	12.240825797426774
SRL	SRR9879295	13.256398899692165
SRL	SRR9879296	12.143703233395648
SRL	SRR9879297	12.185922653885802
SRL	SRR9879298	12.127846562811156
SRL	SRR9879299	12.034958076196403
SRL	SRR9879300	13.190591085701833
SRL	SRR9879301	14.005038051637051
SRL	SRR9879302	13.13443873502975
SRL	SRR9879303	13.054300004448162
SRL	SRR9879304	14.233883526176308
SRL	SRR9879305	14.141129330516328
SRL	SRR9879306	13
SRL	SRR9879307	10.060270529670571
SRL	SRR9879308	14.159385259895036
SRL	SRR9879309	12.127882112299892
SRL	T50_307	12.06440637924584
SRL	T50_313	7.112135914100923
SRL	T50_317	9.147661890582784
SRL	T50_324	9.095197957535774
SRL	T50_427	10.156539222354464
SRL	T50_428	9.058869014498068
SRL	T50_431	10.04749731997045
SRL	T50_436	16.114933792528525
SRL	T50_476	27.19665332727009
SRL	UN_307	10.128719438885714
SRL	UN_313	7.0976407038276825
SRL	UN_317	9.071997451211484
SRL	UN_323	7.0633252501725945
SRL	UN_324	10.213963291259883
SRL	UN_427	10.077042971620791
SRL	UN_428	10.098893750946523
SRL	UN_431	10.091069910321579
SRL	UN_436	35.248579258761836
SRL	UN_476	25.22177912685204
