Gene	sample	counts
TM4SF5	CM317	61.02531984077542
TM4SF5	CMCD140	1978.4491567349576
TM4SF5	CMCD147	351.6743277776202
TM4SF5	CMCD152	3868
TM4SF5	CMCD154	770.5531864835955
TM4SF5	CMCD159	922.2722816029288
TM4SF5	CMCD161	652.9939792079466
TM4SF5	CMCD174	3699.643266255879
TM4SF5	CMCD196	1684.3376373826536
TM4SF5	CMCD198	955.3720493509236
TM4SF5	CMCD203	1.0032393128452408
TM4SF5	CMCD211	1.6067573949153797
TM4SF5	CMCD227	58.369845679875354
TM4SF5	CMCD240	187.85313986413072
TM4SF5	CMCD259	83
TM4SF5	CMCD270	666.4415093473327
TM4SF5	CMCD275	15143.214169037608
TM4SF5	CMCD282	661.5939938621535
TM4SF5	CMCD286	117.81297991152759
TM4SF5	CMCD287	94
TM4SF5	CMCD294	671.3537155961925
TM4SF5	CMCD327	14.07194302185397
TM4SF5	CMCD335	53.249387698478166
TM4SF5	CMCD337	38.253623974673445
TM4SF5	CMCD357	27.571062533034496
TM4SF5	CMCD398	25.15005894253401
TM4SF5	CMCD403	18.129258077829355
TM4SF5	CMCD422	21.043811993738647
TM4SF5	CMCD426	15.59665745652873
TM4SF5	CMCD71	5005.7654513639745
TM4SF5	CMCD72	3.453225018495575
TM4SF5	CMCD76	383.8798329357165
TM4SF5	CMCD88	465.08366011743533
TM4SF5	CMSA256	4372
TM4SF5	CMSA316	1.0081545114583668
TM4SF5	CMUC110	219
TM4SF5	CMUC192	486.4610158782147
TM4SF5	CMUC199	560.3621359519824
TM4SF5	CMUC200	293.6860335583859
TM4SF5	CMUC208	896.1875259356547
TM4SF5	CMUC231	5
TM4SF5	CMUC234	8
TM4SF5	CMUC285	15.166904061671598
TM4SF5	CMUC291	53.35003157582066
TM4SF5	CMUC295	629.5660338950977
TM4SF5	CMUC299	107.31319246093568
TM4SF5	CMUC301	115.06208157772984
TM4SF5	CMUC307	107.29534003939595
TM4SF5	CMUC313	3.1261241819768224
TM4SF5	CMUC314	13.726004666866348
TM4SF5	CMUC323	3.072314720674028
TM4SF5	CMUC324	16.014398318476253
TM4SF5	CMUC331	74.67765214362949
TM4SF5	CMUC333	10.232387540038605
TM4SF5	CMUC334	10.150130071590526
TM4SF5	CMUC346	82.88964948726624
TM4SF5	CMUC352	15.090809482390652
TM4SF5	CMUC360	47.06769036397955
TM4SF5	CMUC363	63.63528519766836
TM4SF5	CMUC365	13.087000433908766
TM4SF5	CMUC366	3.0100469816240225
TM4SF5	CMUC368	1
TM4SF5	CMUC377	28.114293028206685
TM4SF5	CMUC379	197.02837140111225
TM4SF5	CMUC380	46.84071552029595
TM4SF5	CMUC383	6.0857158598784675
TM4SF5	CMUC394	36.274380952742995
TM4SF5	CMUC419	77.89614317447455
TM4SF5	CMUC427	7
TM4SF5	CMUC428	1.0063470586203123
TM4SF5	CMUC431	4.007434479267222
TM4SF5	CMUC435	2.0100388487724272
TM4SF5	CMUC439	51.32824148665521
TM4SF5	CMUC89	173
TM4SF5	CS219	942.3288889760626
TM4SF5	CS256	10869.833810943437
TM4SF5	CS257	246.24611494536705
TM4SF5	CS259	355.54869198569645
TM4SF5	CS261	1490.6863399557988
TM4SF5	CS266	1915.158375965901
TM4SF5	CS270	1576.2427883223008
TM4SF5	CS277	768.9013616725399
TM4SF5	CS288	1089.7369864082757
TM4SF5	CS290	790.2654665586786
TM4SF5	CS292	740.2050578740603
TM4SF5	CS293	1883.2035918958388
TM4SF5	CS301	1608.9107370132751
TM4SF5	CS306	1378.5692711361219
TM4SF5	CS308	28.744145225773792
TM4SF5	CS315	1489.598491468499
TM4SF5	CS317	1.0722984600508352
TM4SF5	CS322	44.590424229235005
TM4SF5	CS327	9.042843395123159
TM4SF5	CS328	34.8687733186216
TM4SF5	CS330	184.14334869956568
TM4SF5	CS331	1015.7432055083565
TM4SF5	CS335	14.63955000889949
TM4SF5	CS338	64.94246023742889
TM4SF5	CS339	3.512264321710403
TM4SF5	CS343	20.161578239049966
TM4SF5	CS344	69.97505667029736
TM4SF5	CS350	224.0891262219403
TM4SF5	CS351	423.49099570798654
TM4SF5	CS361	20.479807876792297
TM4SF5	CS388	37.25867816679161
TM4SF5	CS396	4.04361518553268
TM4SF5	CS405	18.456704187578833
TM4SF5	CS415	17.230381276385998
TM4SF5	CS424	170.17000167986353
TM4SF5	IM293	1480.856272943553
TM4SF5	IM296	552.9632229017558
TM4SF5	IM297	188.98842067717638
TM4SF5	IM300	3842
TM4SF5	IM305	6433.008994162691
TM4SF5	IM309	1154.7710967479602
TM4SF5	IM310	16.220156478188034
TM4SF5	IM311	53.66127716096699
TM4SF5	IM316	446.3027398178491
TM4SF5	IM320	68.09463298353316
TM4SF5	IM330	97.01706992210981
TM4SF5	IM332	243.2233861477838
TM4SF5	IM340	238.71931317116199
TM4SF5	IM348	786.0167887315994
TM4SF5	IM354	120.86984274747833
TM4SF5	IM356	216.85116127627887
TM4SF5	IM364	265.5379243890486
TM4SF5	IM372	1163.989195598689
TM4SF5	IM374	220.38482133714663
TM4SF5	IM376	436.524821318545
TM4SF5	IM381	128.59458545685965
TM4SF5	IM382	122.78903158860267
TM4SF5	IM385	13
TM4SF5	IM390	307.5824359746176
TM4SF5	IM397	357.0187854816391
TM4SF5	IM404	81.23348373569749
TM4SF5	IM409	1.0057289905461357
TM4SF5	IM412	37
TM4SF5	IM421	179.81402808532215
TM4SF5	IM425	132.84348413296775
TM4SF5	IM432	61.47884749479879
TM4SF5	IM438	17
TM4SF5	IM442	57.34353504653171
TM4SF5	IM445	132.5136784264187
TM4SF5	IM448	173.9143505235538
TM4SF5	IM449	60.50679514873639
TM4SF5	IM451	21.108913369763133
TM4SF5	IMSA256	5874.984542478562
TM4SF5	IMSA276	4
TM4SF5	IMSA286	533
TM4SF5	IMSA343	40.50083147521087
TM4SF5	IS_238	3705
TM4SF5	IS238	7514.707590353346
TM4SF5	IS243	4962
TM4SF5	IS253	3203
TM4SF5	IS283	3457
TM4SF5	IS322	238.51097485159664
TM4SF5	IS399	267.9292874204387
TM4SF5	IS418	72.25357278389156
TM4SF5	IS430	91.11940654575497
TM4SF5	IS437	88.74354705539889
TM4SF5	IS444	91.33077559313891
TM4SF5	R276CMSA	3.194776592370167
TM4SF5	R286CMSA	199
TM4SF5	R292CMSA	723.0294869396602
TM4SF5	R292IMSA	5215.30596109334
TM4SF5	R308CMSA	79.2062346694736
TM4SF5	R316IMSA	29.57608656535988
TM4SF5	R347CMSA	53.39724387887296
TM4SF5	R347IMSA	80.97104533713708
TM4SF5	R371CMSA	77.30771434528971
TM4SF5	SRR10104064	240.42586712549303
TM4SF5	SRR10104065	644.7598371786306
TM4SF5	SRR10104066	1076.8254450760105
TM4SF5	SRR10104067	207.72119886589186
TM4SF5	SRR10104068	380.7704896096163
TM4SF5	SRR10104069	750.5261753993121
TM4SF5	SRR10104070	473.60981509633547
TM4SF5	SRR10104071	20.91570353584981
TM4SF5	SRR10104072	497.2795832647668
TM4SF5	SRR10104073	217.53384384675346
TM4SF5	SRR10104074	78.08028477636853
TM4SF5	SRR10104075	159.35608354128797
TM4SF5	SRR10104076	806.8418155648909
TM4SF5	SRR10104077	470.33604886623306
TM4SF5	SRR10104078	812.6986932611277
TM4SF5	SRR10104079	307.0927047297607
TM4SF5	SRR10104080	422.0355342601149
TM4SF5	SRR10104081	1061.6088310109344
TM4SF5	SRR10104082	195.41650685059332
TM4SF5	SRR10104083	96.96930028612336
TM4SF5	SRR10104084	12.841489858026463
TM4SF5	SRR10104085	376.2745583795596
TM4SF5	SRR10104086	516.5662398378679
TM4SF5	SRR10104087	467.4957690825167
TM4SF5	SRR10104088	1333.045974156719
TM4SF5	SRR10104089	127.53579009519827
TM4SF5	SRR10104090	932.0669881091062
TM4SF5	SRR10104091	1177.4694461840586
TM4SF5	SRR10104092	1376.3481260383282
TM4SF5	SRR10104093	17.59111061681713
TM4SF5	SRR10104094	12.413328989458131
TM4SF5	SRR10104095	1367.9664375620896
TM4SF5	SRR10104096	17.249990743701154
TM4SF5	SRR10104097	144.89888252474543
TM4SF5	SRR10104098	1012.4571128801323
TM4SF5	SRR10104099	1159.4361903726378
TM4SF5	SRR10104100	1631.408888750227
TM4SF5	SRR10104101	1812.053028924219
TM4SF5	SRR10104102	376.6963223031526
TM4SF5	SRR10104103	502.42872739960586
TM4SF5	SRR10104104	184.82391253978736
TM4SF5	SRR10104105	313.2158846620687
TM4SF5	SRR10104106	60.08668497545646
TM4SF5	SRR10104107	113.07388158354766
TM4SF5	SRR10104108	1950.2875108269025
TM4SF5	SRR10104109	260.37539666033734
TM4SF5	SRR10104110	252.95862010211897
TM4SF5	SRR10104111	119.82464870282398
TM4SF5	SRR10104112	183.2403482246571
TM4SF5	SRR10104113	761.6697821378756
TM4SF5	SRR10104114	68.16803117997671
TM4SF5	SRR10104115	226.17955377520977
TM4SF5	SRR10104116	713.4313932356397
TM4SF5	SRR10104117	812.7269400475466
TM4SF5	SRR10104118	153.83069154187984
TM4SF5	SRR10104119	78.68583921438665
TM4SF5	SRR10104120	687.3571610316253
TM4SF5	SRR10104121	629.0488671367807
TM4SF5	SRR10104122	586.9920719295849
TM4SF5	SRR10104123	469.8344702332513
TM4SF5	SRR10104124	139.92520081268424
TM4SF5	SRR10104125	323.24703719895905
TM4SF5	SRR10104126	262.1704641400473
TM4SF5	SRR10104127	164.17310079638645
TM4SF5	SRR10104128	686.3150645464913
TM4SF5	SRR10104129	822.1666368467231
TM4SF5	SRR10104130	585.6614774641364
TM4SF5	SRR10104131	150.6917079599675
TM4SF5	SRR10104132	1131.1257962895668
TM4SF5	SRR10104133	158.82221596062493
TM4SF5	SRR10104134	651.22573265558
TM4SF5	SRR10104135	121.52717750107887
TM4SF5	SRR10104136	635.4234587415317
TM4SF5	SRR10104137	273.34396645706687
TM4SF5	SRR10104138	98.29442824429013
TM4SF5	SRR10104139	1398.7444884234512
TM4SF5	SRR10104140	245.19098918487836
TM4SF5	SRR10104141	333.22251722071854
TM4SF5	SRR10104142	201.07548416189337
TM4SF5	SRR10104143	760.1779076334946
TM4SF5	SRR10104144	77.45907444918222
TM4SF5	SRR10104145	162.87311521243166
TM4SF5	SRR10104146	1562.904554510041
TM4SF5	SRR10104147	2978.0809300425813
TM4SF5	SRR10104148	192.72582173023372
TM4SF5	SRR10104149	365.7345545156657
TM4SF5	SRR10104150	2037.4673001383114
TM4SF5	SRR10104151	2788.19484136029
TM4SF5	SRR10104152	3271.2921382440895
TM4SF5	SRR10104153	443.13947277673685
TM4SF5	SRR10104154	1052.3046629648973
TM4SF5	SRR10104155	58.89267433797334
TM4SF5	SRR10104156	325.3177572106079
TM4SF5	SRR10104157	587.0391071452781
TM4SF5	SRR10104158	738.9140408582755
TM4SF5	SRR10104159	1074.445823800294
TM4SF5	SRR10104160	221.2189744169719
TM4SF5	SRR10104161	1392.3988669147802
TM4SF5	SRR10104162	2604.269030960217
TM4SF5	SRR10104163	125.69511344904686
TM4SF5	SRR10104164	907.515065750151
TM4SF5	SRR10104165	293.0316998406589
TM4SF5	SRR10104166	918.2593645896601
TM4SF5	SRR10104167	1860.183143579595
TM4SF5	SRR10104168	403.36948659101785
TM4SF5	SRR10104169	375.1184651128243
TM4SF5	SRR10104170	868.4606675851104
TM4SF5	SRR10104171	358.4363905286891
TM4SF5	SRR10104172	1002.1857174344683
TM4SF5	SRR10104173	1148.876829696108
TM4SF5	SRR10104174	2465.548239232938
TM4SF5	SRR10104175	162.60313062176013
TM4SF5	SRR10104176	1051.2359386988849
TM4SF5	SRR10104177	834.7215557875423
TM4SF5	SRR10104178	1681.6483781088098
TM4SF5	SRR10104179	719.3132137966899
TM4SF5	SRR10104180	449.68303888542573
TM4SF5	SRR10104181	474.4951503902776
TM4SF5	SRR10104182	2407.4680345987613
TM4SF5	SRR10104183	587.1783649320469
TM4SF5	SRR10104184	774.2198962025581
TM4SF5	SRR10104185	298.3406379383472
TM4SF5	SRR10104186	655.1804916002178
TM4SF5	SRR10104187	362.79861412809413
TM4SF5	SRR10104188	529.9042919718819
TM4SF5	SRR10104189	150.7237547317578
TM4SF5	SRR10104190	455.044255643973
TM4SF5	SRR10104191	90.22817191492003
TM4SF5	SRR10104192	1221.1550954308334
TM4SF5	SRR10104193	1551.058024610872
TM4SF5	SRR10104194	966.2332953134984
TM4SF5	SRR10104195	1577.3451946970554
TM4SF5	SRR10104196	1362.7833663414165
TM4SF5	SRR10104197	975.2489349521527
TM4SF5	SRR10104198	1326.5556853704923
TM4SF5	SRR10104199	595.4192177812828
TM4SF5	SRR10104200	147.07805971405134
TM4SF5	SRR10104201	2258.878842980381
TM4SF5	SRR10104202	990.448812983921
TM4SF5	SRR10104203	571.7002610972808
TM4SF5	SRR10104204	2073.5391813529104
TM4SF5	SRR10104205	716.833274042465
TM4SF5	SRR10104206	119.36613502625258
TM4SF5	SRR10104207	2541.963395335626
TM4SF5	SRR10104208	147.56496833965895
TM4SF5	SRR10104209	1425.315803831764
TM4SF5	SRR10104210	1197.8839490243672
TM4SF5	SRR10104211	930.1640387453656
TM4SF5	SRR10104212	1233.749198365704
TM4SF5	SRR10104213	260.93819622016326
TM4SF5	SRR10104214	1586.5862917435923
TM4SF5	SRR10104215	1690.9455952713747
TM4SF5	SRR10104216	2.124361560071866
TM4SF5	SRR10104217	2957.1568306354443
TM4SF5	SRR10104218	565.8148255365664
TM4SF5	SRR10104219	1582.9835443705126
TM4SF5	SRR10104220	2927.5544897481186
TM4SF5	SRR10104221	341.3317060384842
TM4SF5	SRR10104222	625.3171044612914
TM4SF5	SRR10104223	1032.6463179304315
TM4SF5	SRR10104224	752.716509027703
TM4SF5	SRR10104225	139.27415077764655
TM4SF5	SRR10104226	506.12785221650114
TM4SF5	SRR10104227	253.31562362571606
TM4SF5	SRR10104228	430.1896299323583
TM4SF5	SRR10104229	1672.2271972113128
TM4SF5	SRR10104230	217.5028207198308
TM4SF5	SRR10104231	610.2753570618631
TM4SF5	SRR10104232	2084.101437601809
TM4SF5	SRR10104233	241.51716963625054
TM4SF5	SRR10104234	1944.522452255505
TM4SF5	SRR10104235	1736.4905068992375
TM4SF5	SRR10104236	5586.513315174303
TM4SF5	SRR10104237	815.8704025476625
TM4SF5	SRR10104238	1528.6387652352648
TM4SF5	SRR10104239	202.0380491680846
TM4SF5	SRR10104240	432.13311268300333
TM4SF5	SRR10104241	636.0145799369626
TM4SF5	SRR10104242	1483.3625330948053
TM4SF5	SRR10104243	882.786410977979
TM4SF5	SRR10104244	576.0943995832243
TM4SF5	SRR10104245	1093.9023503446538
TM4SF5	SRR10104246	52.114942782545945
TM4SF5	SRR10104247	626.3090509948568
TM4SF5	SRR10104248	466.13715417652514
TM4SF5	SRR10104249	1333.4764000374585
TM4SF5	SRR10104250	222.18193014501446
TM4SF5	SRR10104251	1262.8197623115548
TM4SF5	SRR10104252	273.47548815921425
TM4SF5	SRR10104253	403.6679114809581
TM4SF5	SRR10104254	662.9431324887398
TM4SF5	SRR10104255	93.84325427296665
TM4SF5	SRR10104256	283.119154005095
TM4SF5	SRR10104257	199.31958178842103
TM4SF5	SRR10104258	1235.0399427387524
TM4SF5	SRR10224277	1.0245658638211308
TM4SF5	SRR10224278	1.0942848190075063
TM4SF5	SRR10224279	1.0908476973919505
TM4SF5	SRR10224280	2.0456704288821075
TM4SF5	SRR10224281	2.032362309760958
TM4SF5	SRR10224282	1.0506840927867773
TM4SF5	SRR10224283	1.04241966767901
TM4SF5	SRR10224284	1.1113405704367834
TM4SF5	SRR10224285	1.1302600125483513
TM4SF5	SRR10224286	1.0254727500696328
TM4SF5	SRR10224287	1.034206476188313
TM4SF5	SRR10224288	1.0982502736059643
TM4SF5	SRR10224289	1.095574558517596
TM4SF5	SRR10224290	1.0979938990127511
TM4SF5	SRR10224291	1.031258864476703
TM4SF5	SRR10224292	6.071396503980203
TM4SF5	SRR10224293	1.0308254672852508
TM4SF5	SRR10224294	1.0583494992707134
TM4SF5	SRR10224295	1.0871371976243258
TM4SF5	SRR10224296	1.0551062717044821
TM4SF5	SRR10224297	1.1298237190995832
TM4SF5	SRR10224298	1.0332669442805347
TM4SF5	SRR10318388	319.3979477675943
TM4SF5	SRR10318389	530.5385833414517
TM4SF5	SRR10318390	1984.596553176491
TM4SF5	SRR10318391	193.3279613827711
TM4SF5	SRR10318392	1082.1153482767047
TM4SF5	SRR10318393	482.40123622087253
TM4SF5	SRR10318394	522.0048831338752
TM4SF5	SRR10318395	2616.8584006301194
TM4SF5	SRR10318396	501.102084774323
TM4SF5	SRR10318397	532.2076954192222
TM4SF5	SRR10318398	2324.3164471699656
TM4SF5	SRR10318399	67.21473197495463
TM4SF5	SRR10318400	3683.543678236389
TM4SF5	SRR10318401	184.68015300134837
TM4SF5	SRR10318402	1909.1934329715916
TM4SF5	SRR10318403	294.45363779387293
TM4SF5	SRR10318404	2630.6843097453557
TM4SF5	SRR10318405	152.38330553584586
TM4SF5	SRR10318406	3350.590176944213
TM4SF5	SRR10318407	621.147786459808
TM4SF5	SRR10318408	123.38051419834936
TM4SF5	SRR10318409	309.98208609270006
TM4SF5	SRR10318410	138.5703050034869
TM4SF5	SRR10318411	225.83170883317055
TM4SF5	SRR10318412	5567.434742427218
TM4SF5	SRR10318413	356.39987047844085
TM4SF5	SRR10318414	415.4972252137505
TM4SF5	SRR10318415	721.7353328276116
TM4SF5	SRR10318416	445.4662945278537
TM4SF5	SRR10318417	5085.99992532753
TM4SF5	SRR10318418	365.39396030280875
TM4SF5	SRR10318419	250.01719765548253
TM4SF5	SRR10318420	3642.6583315818466
TM4SF5	SRR10318421	504.43744644417364
TM4SF5	SRR10318422	206.44518833387423
TM4SF5	SRR10318423	400.6414466623451
TM4SF5	SRR10318424	260.5546457008189
TM4SF5	SRR10318425	5852.557109341562
TM4SF5	SRR10318426	175.29192936281535
TM4SF5	SRR10318427	91.98494919117799
TM4SF5	SRR10318428	110.15356689885716
TM4SF5	SRR10318429	6634.680590240802
TM4SF5	SRR10318430	442.88559504216175
TM4SF5	SRR10318431	4.021045621660506
TM4SF5	SRR10318432	7041.6564147315885
TM4SF5	SRR10318433	6.377638745368995
TM4SF5	SRR10318434	342.08046176802986
TM4SF5	SRR10318435	6754.76144535962
TM4SF5	SRR10318436	91.25828474173728
TM4SF5	SRR10318437	5077.652524797276
TM4SF5	SRR10318438	407.5253099087451
TM4SF5	SRR10318439	727.9961675907826
TM4SF5	SRR10318440	4192.082595870842
TM4SF5	SRR10318441	590.6536990136898
TM4SF5	SRR10318442	2081.8637565792696
TM4SF5	SRR10318443	654.5179782857798
TM4SF5	SRR10318444	806.0252783070642
TM4SF5	SRR10318445	201.47272519298295
TM4SF5	SRR10318446	333.3313746123625
TM4SF5	SRR10318447	491.2202860474531
TM4SF5	SRR10318448	172.2273460132905
TM4SF5	SRR10318449	2709.6839506659016
TM4SF5	SRR10318450	249.33868713282635
TM4SF5	SRR10318451	756
TM4SF5	SRR10318452	395.4943940377827
TM4SF5	SRR10318453	1874.9958047413272
TM4SF5	SRR10318454	383.83132239167594
TM4SF5	SRR10318455	1722.532952691716
TM4SF5	SRR10318456	56.37477109991468
TM4SF5	SRR10318457	146.2410479032055
TM4SF5	SRR10318458	60.78364599000633
TM4SF5	SRR10318459	184.2208315574618
TM4SF5	SRR10318460	197.7967620738822
TM4SF5	SRR10318461	460.64820779404755
TM4SF5	SRR10318462	319.1604021473217
TM4SF5	SRR10318463	297.95015529791397
TM4SF5	SRR10318464	246.56489372369072
TM4SF5	SRR10318465	1658.6656640527835
TM4SF5	SRR10318466	466.42248218815706
TM4SF5	SRR10318467	318.63677461717697
TM4SF5	SRR10318468	2039.0417799485087
TM4SF5	SRR10318469	279.0387860194215
TM4SF5	SRR10318470	682
TM4SF5	SRR10318471	313
TM4SF5	SRR10318472	298.33471590943765
TM4SF5	SRR10318473	400.57685585917284
TM4SF5	SRR10318474	1377.875730142236
TM4SF5	SRR10318475	326.33313372214053
TM4SF5	SRR10318476	1675.1920899357337
TM4SF5	SRR10318495	310.36745039178635
TM4SF5	SRR10318496	1898.8234198589978
TM4SF5	SRR10318497	195.120027844618
TM4SF5	SRR10318498	4100.869771010035
TM4SF5	SRR10318499	1759.1363885229218
TM4SF5	SRR10318500	109.63535878784437
TM4SF5	SRR10318501	3562.478625238401
TM4SF5	SRR10318502	52.028071669930014
TM4SF5	SRR10318503	1884.5852391635924
TM4SF5	SRR10318504	261.7736421724704
TM4SF5	SRR10318505	4480.22277365341
TM4SF5	SRR10318506	313.7634272980318
TM4SF5	SRR10318507	480.8333859582758
TM4SF5	SRR10318508	388.76757421433996
TM4SF5	SRR10318509	488.42148595308345
TM4SF5	SRR10318510	431.47763421428795
TM4SF5	SRR10318511	328.4133060999152
TM4SF5	SRR10318512	1958.062101471136
TM4SF5	SRR10318513	313.05445575942775
TM4SF5	SRR10318514	3373.6264086120495
TM4SF5	SRR10318515	372.4840859187302
TM4SF5	SRR10318516	269.62047544136834
TM4SF5	SRR10318517	2471.660713168257
TM4SF5	SRR10318518	402.93630841746136
TM4SF5	SRR10318519	262.2592607600558
TM4SF5	SRR10318520	3383.792727442063
TM4SF5	SRR10318521	437.6024200871385
TM4SF5	SRR10318522	3120.3501314258083
TM4SF5	SRR10318523	499.14401253782455
TM4SF5	SRR10318524	284.2371881048817
TM4SF5	SRR10318525	2555.080621368468
TM4SF5	SRR10318526	330.1759654284195
TM4SF5	SRR10318527	406.1461034974745
TM4SF5	SRR10318528	4887.576568429886
TM4SF5	SRR10318529	410.92929574983845
TM4SF5	SRR10318530	295.0205303763375
TM4SF5	SRR10318531	4657.836498296815
TM4SF5	SRR10318532	342.891400934281
TM4SF5	SRR10318533	456.5493691434353
TM4SF5	SRR10318534	4307.667368340957
TM4SF5	SRR10318535	189.9550904010303
TM4SF5	SRR10318536	349.44288700540596
TM4SF5	SRR10318537	3183.8983280935686
TM4SF5	SRR10318538	461.878679029461
TM4SF5	SRR10318539	193.4405577692513
TM4SF5	SRR10318540	2237.344473854558
TM4SF5	SRR10318541	273.00543670056624
TM4SF5	SRR10318542	458.77499279694655
TM4SF5	SRR10318543	334.3866304504191
TM4SF5	SRR10318544	440.1052480647274
TM4SF5	SRR10318545	2350.7416737605454
TM4SF5	SRR10318546	461.6639416552037
TM4SF5	SRR10318547	154.6269733953654
TM4SF5	SRR10318548	468.29761335997034
TM4SF5	SRR10318549	438.1221959987214
TM4SF5	SRR10318568	383.2261454710759
TM4SF5	SRR10318569	287.2582698376678
TM4SF5	SRR10318570	414.5073657033334
TM4SF5	SRR10318571	315.2834668950012
TM4SF5	SRR10318572	556.6729136439499
TM4SF5	SRR10318573	578.8933632893875
TM4SF5	SRR10318574	4704.671508270154
TM4SF5	SRR10318575	560.6922126594296
TM4SF5	SRR10318576	346.51284353754255
TM4SF5	SRR10318577	2556.6436463637433
TM4SF5	SRR10318578	362.3257619555252
TM4SF5	SRR10318579	350.1058098446992
TM4SF5	SRR10318580	2797.0225358849975
TM4SF5	SRR10318581	503
TM4SF5	SRR10875803	0.8160920814011419
TM4SF5	SRR10875804	0.5543940873682203
TM4SF5	SRR10875805	1.0398497998578013
TM4SF5	SRR10875806	0.8670757402901675
TM4SF5	SRR10875807	0.9691618824824831
TM4SF5	SRR10875808	0.9133292956158376
TM4SF5	SRR10875809	0.6347422260613038
TM4SF5	SRR10875810	2.729211752519991
TM4SF5	SRR10875812	1
TM4SF5	SRR10875813	0.8142748177739214
TM4SF5	SRR10875814	1.004071255814061
TM4SF5	SRR10875815	1
TM4SF5	SRR10875816	1
TM4SF5	SRR10875817	0.7720460386037018
TM4SF5	SRR10875818	0.7268311347932428
TM4SF5	SRR10875819	1
TM4SF5	SRR10875820	1.2448457672874211
TM4SF5	SRR10875821	0.9531566620757606
TM4SF5	SRR10875822	1.0207723093261307
TM4SF5	SRR10875823	1
TM4SF5	SRR10875824	1.210894869375827
TM4SF5	SRR10875825	1.0018312243074385
TM4SF5	SRR10875826	1.689117757986081
TM4SF5	SRR10875827	1.2813332807608482
TM4SF5	SRR10875829	0.7543213669360967
TM4SF5	SRR10875830	1
TM4SF5	SRR10875831	1.0036351212296024
TM4SF5	SRR10875832	1
TM4SF5	SRR10875834	1.0034239111583483
TM4SF5	SRR10875835	1
TM4SF5	SRR10875836	0.9427069927825823
TM4SF5	SRR10875837	1.608272070704591
TM4SF5	SRR10875838	1
TM4SF5	SRR10875839	0.7414692537294025
TM4SF5	SRR10875840	0.8170668416907784
TM4SF5	SRR10875841	2.00774765274578
TM4SF5	SRR10875842	1.3902553590599038
TM4SF5	SRR10875843	0.5519753367303405
TM4SF5	SRR10875844	0.8038036211621384
TM4SF5	SRR10875845	0.9061997545264616
TM4SF5	SRR10875846	1.0694605176713157
TM4SF5	SRR10875847	0.5019215696230573
TM4SF5	SRR10875848	1
TM4SF5	SRR10875849	0.9657723126899237
TM4SF5	SRR10875850	1.0001799142310437
TM4SF5	SRR10875851	0.8752323440016847
TM4SF5	SRR10875852	0.8094141607297325
TM4SF5	SRR10875853	1.002266574999606
TM4SF5	SRR10875854	0.8413842400708483
TM4SF5	SRR10875855	0.7318078959485699
TM4SF5	SRR10875856	0.6754474422152104
TM4SF5	SRR10875857	0.5800263593232053
TM4SF5	SRR10875858	0.9377881010298534
TM4SF5	SRR10875859	1
TM4SF5	SRR10875860	0.6545276114585332
TM4SF5	SRR10875861	0.591584072787604
TM4SF5	SRR10875862	0.5812567339264432
TM4SF5	SRR10875863	2.0109460045187943
TM4SF5	SRR10875864	2
TM4SF5	SRR10875865	1.6952071631376693
TM4SF5	SRR10875866	1.4880985523776502
TM4SF5	SRR10875867	0.9605953800572812
TM4SF5	SRR10875868	0.6151572233432534
TM4SF5	SRR10875869	2
TM4SF5	SRR10875870	0.6758292860645876
TM4SF5	SRR10875871	1.0001799142310437
TM4SF5	SRR10875872	0.5848343028575359
TM4SF5	SRR10875873	0.8071725731582963
TM4SF5	SRR10875874	1.1728107652297934
TM4SF5	SRR10875875	0.9890039854935406
TM4SF5	SRR10875876	1
TM4SF5	SRR10875877	0.8092683355211371
TM4SF5	SRR10875878	1.0079578989702365
TM4SF5	SRR10875879	1
TM4SF5	SRR10875880	1.0040544375604268
TM4SF5	SRR10875881	0.7814916796958193
TM4SF5	SRR10875882	1
TM4SF5	SRR10875883	1.0064943962475852
TM4SF5	SRR10875884	1.94935532183348
TM4SF5	SRR10875885	1.0019060282634729
TM4SF5	SRR10875886	1.0075645039987202
TM4SF5	SRR10875887	1
TM4SF5	SRR10875888	1.0282669362329202
TM4SF5	SRR10875889	1.002266574999606
TM4SF5	SRR10875890	1.002266574999606
TM4SF5	SRR10875891	1
TM4SF5	SRR10875892	0.9980256347565621
TM4SF5	SRR10875893	1
TM4SF5	SRR10875894	1.5565917710343637
TM4SF5	SRR10875895	1
TM4SF5	SRR10875896	1.01011154427121
TM4SF5	SRR10875897	1.002610457415912
TM4SF5	SRR10875898	1.9060648968409417
TM4SF5	SRR10875899	0.9004559316555462
TM4SF5	SRR10875900	1.003815689470687
TM4SF5	SRR10875901	1.0022125639984338
TM4SF5	SRR10875902	1.0046440041164724
TM4SF5	SRR12430469	1
TM4SF5	SRR12430470	0.8522624702009965
TM4SF5	SRR12430471	0.973304284575122
TM4SF5	SRR12430472	0.9640108918329807
TM4SF5	SRR12430473	2
TM4SF5	SRR12430474	0.6799366029384285
TM4SF5	SRR12430475	0.6527639697361387
TM4SF5	SRR12430476	1
TM4SF5	SRR12765534	671
TM4SF5	SRR12765535	155.41197472318566
TM4SF5	SRR12765536	790.643102134852
TM4SF5	SRR12765537	100.42383190183729
TM4SF5	SRR12765538	760.2081891569611
TM4SF5	SRR12765539	72.19889680536005
TM4SF5	SRR12765540	48.15034977512914
TM4SF5	SRR12765541	72.69866289552917
TM4SF5	SRR12765542	313
TM4SF5	SRR12765543	114.85498706334242
TM4SF5	SRR12765544	2576.557943657626
TM4SF5	SRR12765545	156.46741137074864
TM4SF5	SRR12765546	1598.9604292427266
TM4SF5	SRR12765547	187.50767839716073
TM4SF5	SRR12765548	284.7082210069416
TM4SF5	SRR12765549	114.87477819547433
TM4SF5	SRR12765550	170.57925753752258
TM4SF5	SRR12765551	72.99732282243677
TM4SF5	SRR12765552	266.64587130808
TM4SF5	SRR12765553	56.418527230710204
TM4SF5	SRR12765554	507.71322915347844
TM4SF5	SRR12765555	1274.954498844909
TM4SF5	SRR12765556	167.55738292321675
TM4SF5	SRR12765557	741.7295437800354
TM4SF5	SRR12765558	112.52812285831178
TM4SF5	SRR12765559	1907.6290778136524
TM4SF5	SRR12765560	187.55392085962217
TM4SF5	SRR12765561	666.8874654203878
TM4SF5	SRR12765562	180.80181253601876
TM4SF5	SRR12765563	19.13891462783972
TM4SF5	SRR12765564	139.29425171827438
TM4SF5	SRR12765565	51.217589369840454
TM4SF5	SRR12765566	105.75686636779541
TM4SF5	SRR12765567	1533.1079259271255
TM4SF5	SRR12765568	215.21651535552044
TM4SF5	SRR12765569	2283.9851577136124
TM4SF5	SRR12765570	316.2537230887322
TM4SF5	SRR12765571	2016.3103833910873
TM4SF5	SRR12765572	123.81530113804226
TM4SF5	SRR12765573	86.90501744514431
TM4SF5	SRR12765574	375.5959320162325
TM4SF5	SRR12765575	135.19745230776863
TM4SF5	SRR12765576	824.0538979064588
TM4SF5	SRR12765577	74.26642406044617
TM4SF5	SRR12765578	983.7142609868955
TM4SF5	SRR12765579	134.137117758616
TM4SF5	SRR12765580	655.4023375837518
TM4SF5	SRR12765581	115.85410122399112
TM4SF5	SRR12765582	539.541818300815
TM4SF5	SRR12765583	184.62771718620914
TM4SF5	SRR12765584	645.9929680270416
TM4SF5	SRR12765585	150.66251923796463
TM4SF5	SRR12765586	469.48020168249616
TM4SF5	SRR12765587	97.13597316098658
TM4SF5	SRR12765588	360.50467149887703
TM4SF5	SRR12765589	108.96616114683655
TM4SF5	SRR12765590	722.6540006937297
TM4SF5	SRR12765591	21.59080288379349
TM4SF5	SRR12765592	1001.2887129706999
TM4SF5	SRR12765593	49.413214332999964
TM4SF5	SRR12765594	698.8968858300209
TM4SF5	SRR12765595	70.84127548210839
TM4SF5	SRR12765596	45.2008479094471
TM4SF5	SRR12765597	9.07275204273189
TM4SF5	SRR12765598	190.36678691605218
TM4SF5	SRR12765599	227.70224978069353
TM4SF5	SRR12765600	627.9423118997195
TM4SF5	SRR12765601	86.88379035972987
TM4SF5	SRR12765602	2001.2062328569707
TM4SF5	SRR12765603	230.2875620850923
TM4SF5	SRR12765604	1932.6485049135374
TM4SF5	SRR12765605	180.39901753262558
TM4SF5	SRR12765606	1646.6182824917098
TM4SF5	SRR12765607	285.48580063229167
TM4SF5	SRR12765608	1457.8342789999147
TM4SF5	SRR12765609	44.21349817450178
TM4SF5	SRR12765610	1397.1381106301455
TM4SF5	SRR12765611	27.15017329469651
TM4SF5	SRR12765612	445.02081136907077
TM4SF5	SRR12765613	112.67610994374257
TM4SF5	SRR12765614	442.0568749191765
TM4SF5	SRR12765615	1615.702318180621
TM4SF5	SRR12765616	295.81785590740526
TM4SF5	SRR12765617	1649.9150006831564
TM4SF5	SRR12765618	237.46872425144662
TM4SF5	SRR12765619	941.1596730746018
TM4SF5	SRR12765620	145.17807412251116
TM4SF5	SRR12765621	233.61119475501076
TM4SF5	SRR12765622	3.0660767011093486
TM4SF5	SRR12765623	373
TM4SF5	SRR12765624	164.65263360490036
TM4SF5	SRR12765625	54.45131333246922
TM4SF5	SRR12765626	28.138914191905947
TM4SF5	SRR12765627	90.04858558257118
TM4SF5	SRR12765628	276.03472982774144
TM4SF5	SRR12765629	268.4457403070788
TM4SF5	SRR12765630	522.9008694456944
TM4SF5	SRR12765631	29.175744585375657
TM4SF5	SRR12765632	179.17216227077938
TM4SF5	SRR12765633	54.03685576454245
TM4SF5	SRR12765634	1202.5369184252029
TM4SF5	SRR12765635	256.8267672635718
TM4SF5	SRR12765636	1568.9405882109352
TM4SF5	SRR12765637	234.06274675190267
TM4SF5	SRR12765638	748
TM4SF5	SRR12765639	87.65526178790319
TM4SF5	SRR12765640	417.10843950312244
TM4SF5	SRR12765641	85.60525638884955
TM4SF5	SRR12765642	488.1916388486173
TM4SF5	SRR12765643	73.02024215437329
TM4SF5	SRR12765644	343.22696979012244
TM4SF5	SRR12765645	61.73955603576237
TM4SF5	SRR12765646	346.3491973211988
TM4SF5	SRR12765647	96.75391755934025
TM4SF5	SRR12765648	1184.9428061777894
TM4SF5	SRR12765649	120.6969330035966
TM4SF5	SRR12765650	93.69137960822805
TM4SF5	SRR12765651	691.0043058202183
TM4SF5	SRR12765652	91.98132114844607
TM4SF5	SRR12774664	1.0053155170153698
TM4SF5	SRR12774665	1.0135566637804032
TM4SF5	SRR12774666	1.0106916250716198
TM4SF5	SRR12774667	1.015112987886643
TM4SF5	SRR12774668	1.0534151748540257
TM4SF5	SRR12774669	1.0186226106952725
TM4SF5	SRR12774670	1.0491130199238774
TM4SF5	SRR12774671	1.0484655565231629
TM4SF5	SRR12774672	1.0061938437846794
TM4SF5	SRR12774673	1.01435609135224
TM4SF5	SRR12774674	1.0244413045784626
TM4SF5	SRR12774675	1.034652092580572
TM4SF5	SRR12774676	1.0065547698859227
TM4SF5	SRR12774677	1.0109759582725257
TM4SF5	SRR12774678	1.0438847092278365
TM4SF5	SRR12774679	2.04682931662111
TM4SF5	SRR12774680	1.0142412524286228
TM4SF5	SRR12774681	1.008730043871159
TM4SF5	SRR12774682	1.0106527118449917
TM4SF5	SRR12774683	1.0071464844271232
TM4SF5	SRR12774684	1.0052888947242837
TM4SF5	SRR12774685	2.014778924439725
TM4SF5	SRR12774686	1.0181683338140572
TM4SF5	SRR12774687	1.0294604238537992
TM4SF5	SRR1609360	637.1147746596791
TM4SF5	SRR1609361	592.2572177300364
TM4SF5	SRR1609362	488.3045600229777
TM4SF5	SRR1609363	1053.7758429772966
TM4SF5	SRR1609364	1064.229252493436
TM4SF5	SRR1609365	1238.8680932142313
TM4SF5	SRR1609366	795.5533856795143
TM4SF5	SRR1609367	331.9045459172589
TM4SF5	SRR1609368	824.6354351125519
TM4SF5	SRR1609369	539.4850433536687
TM4SF5	SRR1609370	267.55703820610563
TM4SF5	SRR1609371	1922.9062838492298
TM4SF5	SRR1609372	254.20959218134996
TM4SF5	SRR1609373	1053.9090732517907
TM4SF5	SRR1609374	764.0019656295792
TM4SF5	SRR1609375	623.1255194846639
TM4SF5	SRR1609376	1125.0037238964844
TM4SF5	SRR1609377	393.1040067810604
TM4SF5	SRR1609378	1544.9792108934785
TM4SF5	SRR1609379	324.5933166756101
TM4SF5	SRR1609380	1080.0105489826822
TM4SF5	SRR1609381	446.32105361836517
TM4SF5	SRR1609382	477.85538506817363
TM4SF5	SRR1609383	212.210654524802
TM4SF5	SRR1609384	685.7079056503499
TM4SF5	SRR1609385	737.4808173478121
TM4SF5	SRR1609386	405.7397086598338
TM4SF5	SRR1609387	302.2820697540931
TM4SF5	SRR1609388	598.7049883012435
TM4SF5	SRR1609389	687.7394221941005
TM4SF5	SRR1609390	91.18447082326772
TM4SF5	SRR1609391	2936.450204946737
TM4SF5	SRR1609392	842.0941671408755
TM4SF5	SRR1609393	1118.3213636994283
TM4SF5	SRR1609394	762.0513180643228
TM4SF5	SRR1609395	204.14150140287433
TM4SF5	SRR1609396	230.26172838506474
TM4SF5	SRR1609397	531.8287322959612
TM4SF5	SRR1609398	361.6988465141876
TM4SF5	SRR1609399	223.86255758542163
TM4SF5	SRR1609400	211.4682405429166
TM4SF5	SRR1609401	572.1131847984465
TM4SF5	SRR1609402	924.1344735241839
TM4SF5	SRR1609403	295.9608967986384
TM4SF5	SRR1609404	1486.9447128785164
TM4SF5	SRR1609405	242.6455285086612
TM4SF5	SRR1609406	469.91779186217775
TM4SF5	SRR1609407	543.3139485172763
TM4SF5	SRR1609408	733.7364354095611
TM4SF5	SRR1609409	494.35255964961726
TM4SF5	SRR1609410	208
TM4SF5	SRR1609411	302.34926065564673
TM4SF5	SRR1609412	123
TM4SF5	SRR1609413	956.303553696394
TM4SF5	SRR1609414	105.17335636874368
TM4SF5	SRR1609415	153.0275268773497
TM4SF5	SRR1609416	258.7015546747896
TM4SF5	SRR1609417	157.06750416598874
TM4SF5	SRR1609418	483.70231073086546
TM4SF5	SRR1609419	1062.1859811001168
TM4SF5	SRR1609420	316.50482030399525
TM4SF5	SRR1609421	198.27916683539493
TM4SF5	SRR1609422	74.24105444335228
TM4SF5	SRR1609423	915.144001804889
TM4SF5	SRR1609424	630.3302841452409
TM4SF5	SRR1609425	285.4705387151614
TM4SF5	SRR1609426	970.6137892255318
TM4SF5	SRR1609427	73.38856931435117
TM4SF5	SRR1609428	1142.8857950026393
TM4SF5	SRR1609429	280.3613925662128
TM4SF5	SRR1609430	50.20884617095447
TM4SF5	SRR1609431	61.46266240632747
TM4SF5	SRR1609432	513.792898559612
TM4SF5	SRR1609433	71.6028858419226
TM4SF5	SRR1609434	2343.2757316588672
TM4SF5	SRR1609435	77.35522359536954
TM4SF5	SRR1609436	139.4550974236383
TM4SF5	SRR1609437	431.35271369392655
TM4SF5	SRR1609438	1454.9236430439023
TM4SF5	SRR1609439	78.15837780838675
TM4SF5	SRR1609440	287.74040515679536
TM4SF5	SRR1609441	713.6138013997195
TM4SF5	SRR1609442	1063.8245841760006
TM4SF5	SRR1609443	79.70433654680883
TM4SF5	SRR1609444	231.124702995266
TM4SF5	SRR1609445	250.88237765934392
TM4SF5	SRR1609446	317.58878753762406
TM4SF5	SRR1609447	12.343308859580485
TM4SF5	SRR1609448	552.8690384917807
TM4SF5	SRR1609449	410.0245264506583
TM4SF5	SRR1609450	472.98472671641144
TM4SF5	SRR1609451	2.026315634256382
TM4SF5	SRR1609452	18.96007989501469
TM4SF5	SRR1609453	161.29653601861804
TM4SF5	SRR1609454	363.8711188989462
TM4SF5	SRR1609455	51.34611833405338
TM4SF5	SRR1609456	339.65473782167663
TM4SF5	SRR1609457	110.73651454451252
TM4SF5	SRR1609458	16.1320849340866
TM4SF5	SRR1609459	147.57535654805187
TM4SF5	SRR1609460	49.485049592161616
TM4SF5	SRR1609461	242.41358394561206
TM4SF5	SRR1609462	26.09725931634115
TM4SF5	SRR1609463	16.10566990968171
TM4SF5	SRR1609464	84.9652274036957
TM4SF5	SRR1609465	63.77348153536944
TM4SF5	SRR1609466	96.46127742747092
TM4SF5	SRR1609467	1.0121540748943918
TM4SF5	SRR1609468	113.19501579954688
TM4SF5	SRR1609469	719.1293583321204
TM4SF5	SRR1609470	277.3392158218748
TM4SF5	SRR1609471	324.69476037929377
TM4SF5	SRR1609472	204.424676499492
TM4SF5	SRR1609473	1066.5623067104461
TM4SF5	SRR1609474	554.4336550214936
TM4SF5	SRR1609475	1299.18965773408
TM4SF5	SRR1609476	402.8836729370875
TM4SF5	SRR1609477	257.46662157981075
TM4SF5	SRR1609478	690.7137924513852
TM4SF5	SRR1609479	736.7621436550216
TM4SF5	SRR1609480	233
TM4SF5	SRR1609481	228.40053075419536
TM4SF5	SRR1609482	33.122431975961184
TM4SF5	SRR1609483	89.41058311672583
TM4SF5	SRR1609484	354.84070357060574
TM4SF5	SRR1609485	84.07559117200033
TM4SF5	SRR1609486	59.193170848882446
TM4SF5	SRR1609487	377.50260511466143
TM4SF5	SRR1609488	56.08065234857138
TM4SF5	SRR1609489	741.6421706244467
TM4SF5	SRR1609490	206.41934154837404
TM4SF5	SRR1609491	271.97224799158823
TM4SF5	SRR1609492	2395
TM4SF5	SRR1609493	54.2467257698869
TM4SF5	SRR1609494	798.7488602100802
TM4SF5	SRR1609495	588.3304795247687
TM4SF5	SRR1609496	57.05129400957165
TM4SF5	SRR1609497	86.07739096180985
TM4SF5	SRR1609498	107.03850510894033
TM4SF5	SRR1609499	582.2299298440101
TM4SF5	SRR1609500	76.1311610687218
TM4SF5	SRR1609501	378.48787996438733
TM4SF5	SRR1609502	261.3858835802264
TM4SF5	SRR1609503	37.73193675501377
TM4SF5	SRR1609504	139
TM4SF5	SRR1609505	83
TM4SF5	SRR1609506	549.7783758323225
TM4SF5	SRR1609507	109.67209781846807
TM4SF5	SRR1609508	1313.7088096657328
TM4SF5	SRR1609509	408.6074131030297
TM4SF5	SRR1609510	53.302007075597494
TM4SF5	SRR1609511	76.77641215178032
TM4SF5	SRR1609512	33.111993615334654
TM4SF5	SRR1609513	16.052168190509562
TM4SF5	SRR1609514	170.06844541302584
TM4SF5	SRR1609515	744.4717624890488
TM4SF5	SRR1609516	130.54656979944008
TM4SF5	SRR1609517	201.5360414890594
TM4SF5	SRR1609518	220.35648664863078
TM4SF5	SRR1609519	82.14151588993667
TM4SF5	SRR1609520	1030.7995307059907
TM4SF5	SRR1609521	26.04363849404371
TM4SF5	SRR1609522	1.0244721470044897
TM4SF5	SRR1609523	88.4218753153599
TM4SF5	SRR1609524	609.1235427454191
TM4SF5	SRR1609525	442.44115438022726
TM4SF5	SRR1609526	7.144810581852826
TM4SF5	SRR1609527	230
TM4SF5	SRR1609528	408.60531239185445
TM4SF5	SRR1609529	104.66850036534174
TM4SF5	SRR1609530	54.26421657010213
TM4SF5	SRR1609531	763.9239695612383
TM4SF5	SRR1609532	51.37648693708959
TM4SF5	SRR1609533	110.11503139462404
TM4SF5	SRR1609534	91.11994423028173
TM4SF5	SRR1609535	61.64319637960434
TM4SF5	SRR1609536	40.44741991138313
TM4SF5	SRR1609537	1071.136826203978
TM4SF5	SRR1609538	336
TM4SF5	SRR1609539	38.23716418093306
TM4SF5	SRR1609540	494
TM4SF5	SRR1609541	115.56286118969699
TM4SF5	SRR1609542	1038.4574465780966
TM4SF5	SRR1609543	39.081365131228914
TM4SF5	SRR1609544	203.19935051756528
TM4SF5	SRR1609545	16.84951139695944
TM4SF5	SRR1609546	370
TM4SF5	SRR1609547	65.33911014340967
TM4SF5	SRR1609548	94.7192122494357
TM4SF5	SRR1609549	468.0278194619979
TM4SF5	SRR1609550	1007
TM4SF5	SRR1609551	74.86902101872208
TM4SF5	SRR1609552	41.1873288252845
TM4SF5	SRR1609553	73.19402680511324
TM4SF5	SRR1609554	145.32684031330393
TM4SF5	SRR1609555	60.21361129059818
TM4SF5	SRR1609556	1.0226028348590848
TM4SF5	SRR1609557	205.2942420295298
TM4SF5	SRR1609558	210.91156087855637
TM4SF5	SRR1609559	96.99261159886399
TM4SF5	SRR1609560	268.9812088209766
TM4SF5	SRR1609561	59.15401698753882
TM4SF5	SRR1609562	452.4543633988281
TM4SF5	SRR1609563	329.46851098151257
TM4SF5	SRR1609564	142.13601653692112
TM4SF5	SRR1609565	605.0436927640768
TM4SF5	SRR1609566	464.56478530966365
TM4SF5	SRR1609567	84.34563483790036
TM4SF5	SRR1609568	350
TM4SF5	SRR1609569	47
TM4SF5	SRR1609570	17.30782105327932
TM4SF5	SRR1609571	10.245516446814756
TM4SF5	SRR1609572	89.19094608822004
TM4SF5	SRR1609573	8.161401168244833
TM4SF5	SRR1609574	189.99122320579247
TM4SF5	SRR1609575	274.8671640825617
TM4SF5	SRR1609576	487.95711325545693
TM4SF5	SRR1609577	670.829034269981
TM4SF5	SRR1609578	450.8027187301638
TM4SF5	SRR1609579	63.43023090475443
TM4SF5	SRR1609580	227.7575083502942
TM4SF5	SRR1609581	166.74736488107885
TM4SF5	SRR1609582	42.35475660411547
TM4SF5	SRR1609583	100.51579914501389
TM4SF5	SRR1609584	7.014486502876053
TM4SF5	SRR1609585	134.1205859172386
TM4SF5	SRR1609586	151.00748273608096
TM4SF5	SRR1609587	112.35962125971328
TM4SF5	SRR1609588	227.14149718645695
TM4SF5	SRR1609589	212.56347510526038
TM4SF5	SRR1609590	183.0658545321129
TM4SF5	SRR1609591	396.29326246285706
TM4SF5	SRR1609592	185.2749630152615
TM4SF5	SRR1609593	103.57571555481601
TM4SF5	SRR1609594	4023.6177786033495
TM4SF5	SRR1609595	65.60460751057848
TM4SF5	SRR1609596	494.295234980817
TM4SF5	SRR1609597	1446.0985169891806
TM4SF5	SRR1609598	211.75828108962884
TM4SF5	SRR1609599	738.5634724645396
TM4SF5	SRR1609600	35.063727853033946
TM4SF5	SRR1609601	130.6034447048761
TM4SF5	SRR1609602	36.06525196604521
TM4SF5	SRR1609603	625
TM4SF5	SRR1609604	1051.4147641756388
TM4SF5	SRR1609605	180.3876048190084
TM4SF5	SRR1609606	225.62751567767017
TM4SF5	SRR1609607	37.18747834893765
TM4SF5	SRR1609608	74.50815117004727
TM4SF5	SRR1609609	163.2466269859969
TM4SF5	SRR1609610	224
TM4SF5	SRR1609611	1248.346362790043
TM4SF5	SRR1609612	117.27394514106194
TM4SF5	SRR1609613	942.8477010002894
TM4SF5	SRR1609614	114.34299561882922
TM4SF5	SRR1609615	360.1485042153236
TM4SF5	SRR1609616	222
TM4SF5	SRR1609617	419
TM4SF5	SRR1609618	335.0787677384534
TM4SF5	SRR1609619	330.20498423614606
TM4SF5	SRR1609620	4036.158299013701
TM4SF5	SRR1609621	815.0797336455604
TM4SF5	SRR1609622	55.10519846631093
TM4SF5	SRR1609623	91.7473413862147
TM4SF5	SRR1609624	22.206053556517197
TM4SF5	SRR1609625	252.40833925206798
TM4SF5	SRR1609626	145.14593745171408
TM4SF5	SRR1609627	277.53975359771613
TM4SF5	SRR1609628	633.2133601622801
TM4SF5	SRR1609629	103.696057539736
TM4SF5	SRR1609630	518.4673979283316
TM4SF5	SRR1609631	228
TM4SF5	SRR1609632	376
TM4SF5	SRR1609633	223.8174738454071
TM4SF5	SRR1609634	607.0580756851155
TM4SF5	SRR1609635	46.13831252517626
TM4SF5	SRR1609636	2755.694550164609
TM4SF5	SRR1609637	104.43053768589697
TM4SF5	SRR1609638	195.77405438225364
TM4SF5	SRR1609639	659.6666932423234
TM4SF5	SRR1609640	41.00737648347279
TM4SF5	SRR1609641	445.1269016799941
TM4SF5	SRR1609642	472
TM4SF5	SRR1609643	196.38183202955034
TM4SF5	SRR1609644	670.7235805966052
TM4SF5	SRR1609645	86.27776654343411
TM4SF5	SRR1609646	13.031193018741481
TM4SF5	SRR1609647	64.34179271991769
TM4SF5	SRR1609648	793.8918731311521
TM4SF5	SRR1609649	29.242063892581225
TM4SF5	SRR1609650	191.42937559188627
TM4SF5	SRR1609651	668.3007539226674
TM4SF5	SRR1609652	21.07569326939444
TM4SF5	SRR1609653	439.3759951751265
TM4SF5	SRR1609654	544.4861559028279
TM4SF5	SRR1609655	35.24080040815018
TM4SF5	SRR1609656	598.6504198638487
TM4SF5	SRR1609657	226.97261748884176
TM4SF5	SRR1609658	965.2632476080979
TM4SF5	SRR1609659	1167.341505482034
TM4SF5	SRR1609660	50.19743914221747
TM4SF5	SRR1609661	97.14403407958204
TM4SF5	SRR1609662	817.841280729302
TM4SF5	SRR1609663	155.41362129998004
TM4SF5	SRR1609664	50.367785741746
TM4SF5	SRR1609665	932
TM4SF5	SRR1609666	899.9503245292701
TM4SF5	SRR1609667	72.21514015861254
TM4SF5	SRR1609668	46.181355509283186
TM4SF5	SRR1609669	259.0186555785861
TM4SF5	SRR1746771	20.947526480284104
TM4SF5	SRR1746772	166.83290421842483
TM4SF5	SRR1746773	113.13750665323055
TM4SF5	SRR1746774	188.32864312429226
TM4SF5	SRR1746775	2.3581322073531235
TM4SF5	SRR1746776	37.86580405209549
TM4SF5	SRR1746777	36.741766335211224
TM4SF5	SRR1746778	56.70979925618594
TM4SF5	SRR1746779	23.906294700220993
TM4SF5	SRR1746780	102.73196685039612
TM4SF5	SRR1746781	139.35352504698994
TM4SF5	SRR1746782	8.03655196590917
TM4SF5	SRR1746783	51
TM4SF5	SRR1746784	234
TM4SF5	SRR1782685	225.63416920255432
TM4SF5	SRR1782686	1.0245185067839673
TM4SF5	SRR1782687	112.38147058162353
TM4SF5	SRR1782688	609.1492304862768
TM4SF5	SRR1782689	17.309891588472635
TM4SF5	SRR1782690	74.52921839263561
TM4SF5	SRR1782691	26.04681559012965
TM4SF5	SRR1782692	607.0547127939712
TM4SF5	SRR1782693	79.72329347116668
TM4SF5	SRR1782694	1125.0270961806555
TM4SF5	SRR1782695	446.32105361836517
TM4SF5	SRR1782696	668.2691310960186
TM4SF5	SRR1782697	552.8742569291946
TM4SF5	SRR1782698	267.5652173293472
TM4SF5	SRR1782699	65.59860354616342
TM4SF5	SRR1782700	180.38904547511243
TM4SF5	SRR1782701	109.6951826297201
TM4SF5	SRR1782702	468.0184432521855
TM4SF5	SRR1782703	223.88057857428993
TM4SF5	SRR1782704	1080.0077064866111
TM4SF5	SRR1782705	10.24627921670523
TM4SF5	SRR1782706	554.4266343265081
TM4SF5	SRR1782707	26.10136513714483
TM4SF5	SRR1782708	302.4412166714913
TM4SF5	SRR1782709	16.802179099064322
TM4SF5	SRR1782710	123
TM4SF5	SRR1782711	84.97846911354164
TM4SF5	SRR1782712	1486.814867623314
TM4SF5	SRR1782713	1299.20448156366
TM4SF5	SRR1782714	204.41736278928212
TM4SF5	SRR1782715	687.7183988879012
TM4SF5	SRR1782716	2342.9956400954375
TM4SF5	SRR1782717	254.20959218134996
TM4SF5	SRR1782718	1238.9358489113442
TM4SF5	SRR1782719	737.4270895489965
TM4SF5	SRR1782720	1544.987931369629
TM4SF5	SRR1782721	96.47130418537999
TM4SF5	SRR1782722	539.4850433536687
TM4SF5	SRR1782723	211.47824732491688
TM4SF5	SRR1782724	317.6342611012451
TM4SF5	SRR1782725	488.5783673763716
TM4SF5	SRR1782726	302.304462202209
TM4SF5	SRR1782727	2395
TM4SF5	SRR1782728	1923.2461207851215
TM4SF5	SRR1782729	948.9822509904799
TM4SF5	SRR1782730	91.13106006642849
TM4SF5	SRR1782731	163.19826077950114
TM4SF5	SRR1782732	630.5705604724664
TM4SF5	SRR1782733	49.486402782306556
TM4SF5	SRR1782734	408.57521896766616
TM4SF5	SRR1782735	77.36206855232813
TM4SF5	SRR1782736	94.74095030658117
TM4SF5	SRR1782737	252.42295771150054
TM4SF5	SRR1782738	637.2896000512889
TM4SF5	SRR1782739	212.20956714427118
TM4SF5	SRR1782740	114.3612764546638
TM4SF5	SRR1782741	915.4623270403938
TM4SF5	SRR1782742	1007
TM4SF5	SRR1782743	472.9638707917361
TM4SF5	SRR1782744	1104.560537733123
TM4SF5	SRR1782745	63.77759032784556
TM4SF5	SRR1782746	8.162432568518922
TM4SF5	SRR1782747	61.46483401122883
TM4SF5	SRR1782748	531.875692310793
TM4SF5	SRR1782749	598.7280721712472
TM4SF5	SRR1782750	280.39449388073484
TM4SF5	SRR1782751	842.1773578418922
TM4SF5	SRR1782752	16.10975744616956
TM4SF5	SRR1782753	134.1424691872967
TM4SF5	SRR1782754	71.60833359081843
TM4SF5	SRR1782755	518.4270168258664
TM4SF5	SRR1782756	1118.8328401708375
TM4SF5	SRR1782757	513.7545379346528
TM4SF5	SRR1782758	105.18906296013897
TM4SF5	SRR1782759	210.93954791335457
TM4SF5	SRR1782760	477.8518912825393
TM4SF5	SRR1782761	1919.5361010683703
TM4SF5	SRR1782762	2938.129539449764
TM4SF5	SRR1782763	824.5356128200345
TM4SF5	SRR1782764	230.27966383623905
TM4SF5	SRR1782765	295.97490181502883
TM4SF5	SRR1782766	572.1407513389353
TM4SF5	SRR1782767	685.7468262757591
TM4SF5	SRR1782768	623.1266604752811
TM4SF5	SRR1782769	1064.2001514787032
TM4SF5	SRR1782770	361.7072589178619
TM4SF5	SRR1782771	405.7521862251506
TM4SF5	SRR1782772	393.1370694851625
TM4SF5	SRR1782773	924.0624968309221
TM4SF5	SRR1782774	763.9449239831224
TM4SF5	SRR1782775	965.2092114032898
TM4SF5	SRR1782776	698.4803694628081
TM4SF5	SRR1782777	153.0275268773497
TM4SF5	SRR1782778	633.1746477242211
TM4SF5	SRR1782779	130.61048956043211
TM4SF5	SRR1782780	261.39193082858446
TM4SF5	SRR1782781	544.5988575297134
TM4SF5	SRR1782782	7.1459950945579465
TM4SF5	SRR1782783	38.24453907611658
TM4SF5	SRR1782784	86.29445635961795
TM4SF5	SRR1782785	177.19115487402854
TM4SF5	SRR1782786	46.143410371963355
TM4SF5	SRR1782787	230
TM4SF5	SRR1782788	21.07977638545389
TM4SF5	SRR1782789	1248.321385749019
TM4SF5	SRR1782790	103.58488069301839
TM4SF5	SRR1782791	203.21532808591869
TM4SF5	SRR1782792	1051.2261660815136
TM4SF5	SRR1782793	76.77613876352359
TM4SF5	SRR1782794	63.43602962128153
TM4SF5	SRR1782795	738.5106513650343
TM4SF5	SRR1782796	1031.474063192935
TM4SF5	SRR1782797	4023.8381233725236
TM4SF5	SRR1782798	3020.3326467581373
TM4SF5	SRR1782799	220.35648664863078
TM4SF5	SRR1782800	450.810269829167
TM4SF5	SRR1782801	795.4479192594758
TM4SF5	SRR1782802	1053.8080565290181
TM4SF5	SRR1782803	693.5636513754297
TM4SF5	SRR1782804	331.9110258651409
TM4SF5	SRR1782805	324.58339427700025
TM4SF5	SRR1782806	171.4649839123605
TM4SF5	SRR1782807	32.106683590936896
TM4SF5	SRR1782808	1041.2025991201274
TM4SF5	SRR1782809	584.9353246675536
TM4SF5	SRR1782810	1225.4054222859638
TM4SF5	SRR1782811	825.5938544092425
TM4SF5	SRR1782812	2118.8771223984304
TM4SF5	SRR1782813	1349.4705480377634
TM4SF5	SRR1782814	1269.5095521615933
TM4SF5	SRR1782815	1219.7452253194053
TM4SF5	SRR1782816	231.124702995266
TM4SF5	SRR1782817	33.11849859957205
TM4SF5	SRR1782818	227.15157980156283
TM4SF5	SRR1782819	211.78172161599156
TM4SF5	SRR1782820	100.49799554688913
TM4SF5	SRR1782821	155.42357890385236
TM4SF5	SRR1782822	354.8272622500422
TM4SF5	SRR1782823	33.12794307847355
TM4SF5	SRR1782824	257.4744922426145
TM4SF5	SRR1782825	798.643893456686
TM4SF5	SRR1782826	157.0844942657329
TM4SF5	SRR1782827	89.19380216603315
TM4SF5	SRR1782828	772
TM4SF5	SRR1782829	233
TM4SF5	SRR1782830	55.09311164416873
TM4SF5	SRR1782831	274.9233721731496
TM4SF5	SRR1782832	1455.3820808464698
TM4SF5	SRR1782833	690.7496508156075
TM4SF5	SRR1782834	719.1293583321204
TM4SF5	SRR1782835	999.5917262563706
TM4SF5	SRR1782836	297.2081853602166
TM4SF5	SRR1782837	403.0283204974785
TM4SF5	SRR1782838	227.00199371543363
TM4SF5	SRR1782839	232.2615290973511
TM4SF5	SRR1782840	814.9374766980098
TM4SF5	SRR1782841	78.17565757216906
TM4SF5	SRR1782842	778
TM4SF5	SRR1782843	195.75385828227084
TM4SF5	SRR1782844	445.1269016799941
TM4SF5	SRR1782845	91.72740981961923
TM4SF5	SRR1782846	277.54580552666323
TM4SF5	SRR1782847	12.341754014728282
TM4SF5	SRR1782848	22.21132364490245
TM4SF5	SRR1782849	16.13016297047468
TM4SF5	SRR1782850	51.34800711426978
TM4SF5	SRR1782851	18.960128363412913
TM4SF5	SRR1782852	20.229514782289456
TM4SF5	SRR1782853	84.36200858806538
TM4SF5	SRR1782854	464.5159000513995
TM4SF5	SRR1782855	117.28222229264166
TM4SF5	SRR1782856	65.34737105358104
TM4SF5	SRR1782857	1063.6300405751344
TM4SF5	SRR1782858	142.15335588763872
TM4SF5	SRR1782859	285.4618122493626
TM4SF5	SRR1782860	713.6138013997195
TM4SF5	SRR1782861	161.30128031999436
TM4SF5	SRR1782862	316.48649069991416
TM4SF5	SRR1782863	287.7628177132534
TM4SF5	SRR1782864	91.18948455794227
TM4SF5	SRR1782865	50.21413010722434
TM4SF5	SRR1782866	250.88237765934392
TM4SF5	SRR1782867	74.2449788582879
TM4SF5	SRR1782868	330.20604885712527
TM4SF5	SRR1782869	139.48826550266276
TM4SF5	SRR1782870	410.0245264506583
TM4SF5	SRR1782871	73.39281968035144
TM4SF5	SRR1782872	258.7170331624442
TM4SF5	SRR1782873	970.5126463400774
TM4SF5	SRR1782874	198.28097960872662
TM4SF5	SRR1782875	1065.4975319975676
TM4SF5	SRR1782876	50.19913550761935
TM4SF5	SRR1782877	210.71902134325313
TM4SF5	SRR1782878	145.16014254461575
TM4SF5	SRR1782879	598.7358133371747
TM4SF5	SRR1782880	130.5509814723885
TM4SF5	SRR1782881	670.7901848439518
TM4SF5	SRR1782882	793.7918429141641
TM4SF5	SRR1782883	82.15016039320996
TM4SF5	SRR1782884	93.06694615808959
TM4SF5	SRR1782885	625
TM4SF5	SRR1782886	442.4514446911548
TM4SF5	SRR1782887	452.4205824100403
TM4SF5	SRR1782888	335.09709373750064
TM4SF5	SRR1782889	337.464149950401
TM4SF5	SRR1782890	97.14992428904945
TM4SF5	SRR1782891	942.678099794843
TM4SF5	SRR1782892	76.14125510607722
TM4SF5	SRR1782893	487.9057664675436
TM4SF5	SRR1782894	40.46372464665467
TM4SF5	SRR1782895	763.8233555668625
TM4SF5	SRR1782896	741.5992202284802
TM4SF5	SRR1782897	73.20495760271538
TM4SF5	SRR1782898	1038.3481716995918
TM4SF5	SRR1782899	1071.0471531905516
TM4SF5	SRR1782900	57.06155834926343
TM4SF5	SRR1782901	84.08443921571141
TM4SF5	SRR1782902	224
TM4SF5	SRR1782903	494.2583300835687
TM4SF5	SRR1782904	472
TM4SF5	SRR1782905	324.68588170302803
TM4SF5	SRR1782906	205.310128751276
TM4SF5	SRR1782907	277.35455471093906
TM4SF5	SRR1782908	463.4292484523366
TM4SF5	SRR1782909	494.70311063644897
TM4SF5	SRR1782910	350
TM4SF5	SRR1782911	185.29548766751893
TM4SF5	SRR1782912	403.33898107594143
TM4SF5	SRR1782913	494
TM4SF5	SRR1782914	59.16565066520832
TM4SF5	SRR1782915	47
TM4SF5	SRR1782916	430.63043904292977
TM4SF5	SRR1782917	553.788100690573
TM4SF5	SRR1782918	276.2980720069598
TM4SF5	SRR1782919	581
TM4SF5	SRR1782920	86.092877509415
TM4SF5	SRR1782921	582.2121318267692
TM4SF5	SRR1782922	28.4846678369687
TM4SF5	SRR1782923	844.7366741494579
TM4SF5	SRR1782924	281.4521782635085
TM4SF5	SRR1782925	916.2437527436574
TM4SF5	SRR1782926	681.0255052534568
TM4SF5	SRR1782927	597.7362511177547
TM4SF5	SRR1782928	771.5897902363367
TM4SF5	SRR1782929	767.6753272603568
TM4SF5	SRR1782930	295.8674764430668
TM4SF5	SRR1782931	1360.7083649840492
TM4SF5	SRR1782932	999.7363719749659
TM4SF5	SRR1782933	1272.0872547534238
TM4SF5	SRR1782934	1032.0951436432229
TM4SF5	SRR1782935	1067.8389558041524
TM4SF5	SRR1782936	104.64916948967831
TM4SF5	SRR1782937	1167.2224316368283
TM4SF5	SRR1782938	37.74300113701863
TM4SF5	SRR1782939	88.42161613140416
TM4SF5	SRR1782940	212.5664579230851
TM4SF5	SRR1782941	227.79125831815202
TM4SF5	SRR1782942	377.5141452346745
TM4SF5	SRR1782943	41.19347974189358
TM4SF5	SRR1782944	378.4982298796318
TM4SF5	SRR1782945	190.0170262957044
TM4SF5	SRR1782946	39.084283228257746
TM4SF5	SRR1782947	7.015010255108199
TM4SF5	SRR1782948	336
TM4SF5	SRR1782949	13.032782710302607
TM4SF5	SRR1782950	932
TM4SF5	SRR1782951	16.05380574761824
TM4SF5	SRR1782952	16.969867819417672
TM4SF5	SRR1782953	744.4161789997603
TM4SF5	SRR1782954	46.183077888528636
TM4SF5	SRR1782955	2756.287238292572
TM4SF5	SRR1782956	2617.4024420349047
TM4SF5	SRR1782957	259.0256236662668
TM4SF5	SRR1782958	659.6395392577933
TM4SF5	SRR1782959	1067.0602718231457
TM4SF5	SRR1782960	83
TM4SF5	SRR1782961	1102.0142562553792
TM4SF5	SRR1782962	50.37169421497594
TM4SF5	SRR1782963	35.244279764921195
TM4SF5	SRR1782964	568.2373090288196
TM4SF5	SRR1782965	72.22692286447807
TM4SF5	SRR1782966	1030
TM4SF5	SRR1782967	362.4918848279621
TM4SF5	SRR1782968	300.3239913119128
TM4SF5	SRR1782969	196.41274077109608
TM4SF5	SRR1782970	4036.116718855878
TM4SF5	SRR1782971	900.160444306603
TM4SF5	SRR1782972	204.163044878606
TM4SF5	SRR1782973	439.62982455706833
TM4SF5	SRR1782974	20
TM4SF5	SRR1782975	124.81581620043248
TM4SF5	SRR1782976	598.8993321081805
TM4SF5	SRR1782977	41.014754294079935
TM4SF5	SRR1782978	2006.4846358900186
TM4SF5	SRR1782979	51.43532684830421
TM4SF5	SRR1782980	113.20157159224112
TM4SF5	SRR1782981	1194.7550948052462
TM4SF5	SRR1782982	990.7775969125603
TM4SF5	SRR1782983	670.6735032681744
TM4SF5	SRR1782984	183.0658545321129
TM4SF5	SRR1782985	643.3883879109111
TM4SF5	SRR1782986	517.5804812155153
TM4SF5	SRR1782987	494.63759974181835
TM4SF5	SRR1782988	376
TM4SF5	SRR1782989	549.9982911064376
TM4SF5	SRR1782990	684.4335561657712
TM4SF5	SRR1782991	104.43759255795091
TM4SF5	SRR1782992	150.3670345529622
TM4SF5	SRR1782993	64.3512994009273
TM4SF5	SRR1782994	139
TM4SF5	SRR1782995	29.24624914670078
TM4SF5	SRR1782996	228
TM4SF5	SRR1782997	329.48303930148006
TM4SF5	SRR1782998	223.8273433527074
TM4SF5	SRR1782999	152.29125891690938
TM4SF5	SRR1783000	476.8803126744063
TM4SF5	SRR1783001	103.72674708326876
TM4SF5	SRR1783002	353.14056238594475
TM4SF5	SRR1783003	1364
TM4SF5	SRR1783004	817.7680878497707
TM4SF5	SRR1783005	363.83247729001016
TM4SF5	SRR1783006	744.703665873141
TM4SF5	SRR1813867	94.59707958087144
TM4SF5	SRR1813868	184.62308736379168
TM4SF5	SRR1813869	269.8265148894248
TM4SF5	SRR1813870	15.760731158149708
TM4SF5	SRR1813871	22.577971027543562
TM4SF5	SRR1813872	43.62723459710398
TM4SF5	SRR1813873	30.64903987599689
TM4SF5	SRR1813874	201.1698554802508
TM4SF5	SRR1813875	35
TM4SF5	SRR1813876	71.38302302355429
TM4SF5	SRR1813877	44.30107308953103
TM4SF5	SRR1813878	408.2936992741995
TM4SF5	SRR1813879	7
TM4SF5	SRR1813880	872
TM4SF5	SRR1813881	66.38206208532755
TM4SF5	SRR1813882	39.281546245328535
TM4SF5	SRR1813883	23.02031198474718
TM4SF5	SRR1813884	48.65798536105292
TM4SF5	SRR1813885	36
TM4SF5	SRR1813886	313.3944049063215
TM4SF5	SRR1813887	13.145191284770547
TM4SF5	SRR1928188	2.016351628762266
TM4SF5	SRR1928189	2.0145947525752916
TM4SF5	SRR1928190	1.0087587942301535
TM4SF5	SRR1928191	2.0224928980008
TM4SF5	SRR1928192	2.025614103381985
TM4SF5	SRR1928193	2.030430427238611
TM4SF5	SRR2046996	5.042695360984885
TM4SF5	SRR2046997	3.0329671690634554
TM4SF5	SRR2046998	4.080056287994627
TM4SF5	SRR2046999	4.0304060279899145
TM4SF5	SRR2047000	2.0211009864343903
TM4SF5	SRR2047001	7.065123536675967
TM4SF5	SRR2047002	1.0186478082828578
TM4SF5	SRR2047003	1.023518185444259
TM4SF5	SRR2047004	1.007825499021943
TM4SF5	SRR2047005	8.064288921308192
TM4SF5	SRR2047006	2.0300541646562906
TM4SF5	SRR2047007	3.078243654233631
TM4SF5	SRR2047008	1.0124150282865771
TM4SF5	SRR2047009	2.0367344894402626
TM4SF5	SRR2313973	2.0259793179514505
TM4SF5	SRR2313974	35.26687296392696
TM4SF5	SRR2313975	83.86688942344408
TM4SF5	SRR2313976	159.34138192243927
TM4SF5	SRR2313977	238.0677732672979
TM4SF5	SRR2313978	55.465338942506094
TM4SF5	SRR2313979	1.0105196019933347
TM4SF5	SRR2313980	253.4850577860247
TM4SF5	SRR2313981	33.11881119948297
TM4SF5	SRR2313982	11.147068950079435
TM4SF5	SRR2313983	3.0512541539184914
TM4SF5	SRR2313984	77.42142117397358
TM4SF5	SRR2313985	10.19556072755473
TM4SF5	SRR2313986	74.46287503012678
TM4SF5	SRR2313987	41.1383981565073
TM4SF5	SRR2313988	35.319968730477306
TM4SF5	SRR2313989	126.35097177589714
TM4SF5	SRR2313990	45.71168346145414
TM4SF5	SRR2313991	84.39867798272553
TM4SF5	SRR2313992	14.215223061616301
TM4SF5	SRR2313993	100.04008743757595
TM4SF5	SRR2313994	40.8863693483863
TM4SF5	SRR2313995	114.4882166444715
TM4SF5	SRR2313996	89.40390757516825
TM4SF5	SRR2313997	144.7561561937546
TM4SF5	SRR2313998	66.61520446166966
TM4SF5	SRR2313999	40.3771778969395
TM4SF5	SRR2314000	57.49744396251321
TM4SF5	SRR2314001	51.71999120936621
TM4SF5	SRR2314002	64.6971575075833
TM4SF5	SRR2314003	16.352556624192705
TM4SF5	SRR2314004	146.160191716363
TM4SF5	SRR2314005	292.7758634016875
TM4SF5	SRR2314006	87.6542793283211
TM4SF5	SRR2314007	148.89695584598516
TM4SF5	SRR2314008	235.3097460891891
TM4SF5	SRR2314009	22.182440632125534
TM4SF5	SRR2314010	63.41809513652933
TM4SF5	SRR2314011	21.15101898679072
TM4SF5	SRR2314012	20.14825784234248
TM4SF5	SRR2314013	170.01709226568028
TM4SF5	SRR2314014	130.50311902574092
TM4SF5	SRR2314015	155.20539315383982
TM4SF5	SRR2314016	62.20253830528278
TM4SF5	SRR2314017	57.11106882174756
TM4SF5	SRR2314018	49.81583076394608
TM4SF5	SRR2314019	42.14194596761528
TM4SF5	SRR2314020	201.30778129877922
TM4SF5	SRR2314021	32.162578467710645
TM4SF5	SRR2314022	697.4988187773371
TM4SF5	SRR2314023	16.15888222912883
TM4SF5	SRR2314024	69.91794553349415
TM4SF5	SRR2314025	21.105029996289314
TM4SF5	SRR2314026	40.90978233596904
TM4SF5	SRR2314027	43.32599938502798
TM4SF5	SRR2314028	33.095123003432306
TM4SF5	SRR2314029	163.38165006831707
TM4SF5	SRR2314030	32.15287063405666
TM4SF5	SRR2314031	38.67129918101003
TM4SF5	SRR2314032	25.44544365374717
TM4SF5	SRR2314033	202.88448887318071
TM4SF5	SRR2314034	20.595926591561966
TM4SF5	SRR2314035	51.321824193344604
TM4SF5	SRR2314036	202.48864036161822
TM4SF5	SRR2314037	57.79331671812532
TM4SF5	SRR2314038	115.66746983681863
TM4SF5	SRR2314039	41.4611044090164
TM4SF5	SRR2314040	16.633857200797177
TM4SF5	SRR2314041	50.38214923978692
TM4SF5	SRR2314042	43.17552143617455
TM4SF5	SRR2314043	33.30494593687999
TM4SF5	SRR2314044	77.32769800342349
TM4SF5	SRR2314045	24.182770346753458
TM4SF5	SRR3493774	120
TM4SF5	SRR3493775	121
TM4SF5	SRR3493776	43.652692602963626
TM4SF5	SRR3493777	304.21883475332515
TM4SF5	SRR3493778	83
TM4SF5	SRR3493779	270.96499524058504
TM4SF5	SRR3493780	40.945889276496345
TM4SF5	SRR3493781	256
TM4SF5	SRR3493782	231.96303850143775
TM4SF5	SRR3493783	238.6554555635178
TM4SF5	SRR3493784	89.83126749946454
TM4SF5	SRR3493785	292.2627693121916
TM4SF5	SRR3493786	34.344026069958154
TM4SF5	SRR3493787	314
TM4SF5	SRR3493788	237
TM4SF5	SRR3493789	65.16984960510833
TM4SF5	SRR3493790	281
TM4SF5	SRR3493791	385.5662711595348
TM4SF5	SRR3493792	455.32753227882546
TM4SF5	SRR3493793	703.8441518444808
TM4SF5	SRR3493794	785.4525807067942
TM4SF5	SRR3493795	620.2977709402734
TM4SF5	SRR3493796	329.741685021419
TM4SF5	SRR3493797	294
TM4SF5	SRR3493798	846.3649904204314
TM4SF5	SRR3493799	723
TM4SF5	SRR3493800	939.7667366416676
TM4SF5	SRR3493801	124.13334276761378
TM4SF5	SRR3493802	123
TM4SF5	SRR3493803	383
TM4SF5	SRR3493804	493.3548866229911
TM4SF5	SRR3493805	408.9789808958865
TM4SF5	SRR3493806	118
TM4SF5	SRR3493807	321
TM4SF5	SRR3493808	161.33589195199627
TM4SF5	SRR3493809	608.0480775327347
TM4SF5	SRR3493810	359
TM4SF5	SRR3493811	327
TM4SF5	SRR3493812	486.3498476648553
TM4SF5	SRR3493813	436.83102832287415
TM4SF5	SRR3493814	165
TM4SF5	SRR3493815	132.46472780118827
TM4SF5	SRR3493816	759
TM4SF5	SRR3493817	523.5206763145436
TM4SF5	SRR3493818	166.59554674023488
TM4SF5	SRR3493819	461
TM4SF5	SRR3493820	42.638487563477916
TM4SF5	SRR3493821	1010.6920067806077
TM4SF5	SRR3493822	884
TM4SF5	SRR3493823	418.58364986109984
TM4SF5	SRR3493824	335.8056876170497
TM4SF5	SRR3493825	380.5008660165611
TM4SF5	SRR3493826	561.4038365020243
TM4SF5	SRR3493827	133
TM4SF5	SRR3493828	357
TM4SF5	SRR3493829	845.022747292236
TM4SF5	SRR3493830	672.183136305515
TM4SF5	SRR3493831	620.8112389625198
TM4SF5	SRR3493832	538.0967938563015
TM4SF5	SRR3493833	648.6270993348857
TM4SF5	SRR3493834	297
TM4SF5	SRR3493835	388.0337149647812
TM4SF5	SRR3493836	964
TM4SF5	SRR3493837	130.10111513960007
TM4SF5	SRR3493838	243
TM4SF5	SRR3493839	234.94332925810096
TM4SF5	SRR3493840	671.9060021877183
TM4SF5	SRR3493841	1275.7900902705621
TM4SF5	SRR3493846	81.82735695055763
TM4SF5	SRR3493847	46.65154525818685
TM4SF5	SRR3493848	293.10543922354685
TM4SF5	SRR3493849	451.5296257634928
TM4SF5	SRR3493850	280
TM4SF5	SRR3714631	108
TM4SF5	SRR3714632	8.044985276960563
TM4SF5	SRR3714633	244.8084108225934
TM4SF5	SRR3714634	239.58774814576998
TM4SF5	SRR3714635	107
TM4SF5	SRR3714636	28
TM4SF5	SRR3714637	2
TM4SF5	SRR3714638	239
TM4SF5	SRR3714639	236.66686085212322
TM4SF5	SRR3714640	169.3260334009124
TM4SF5	SRR3714641	110.1577043399179
TM4SF5	SRR3714642	127.31944146394325
TM4SF5	SRR3714643	204.64710609896196
TM4SF5	SRR3714644	61.19423259102162
TM4SF5	SRR3714645	260.6968448821592
TM4SF5	SRR3714646	301.1083181101966
TM4SF5	SRR3714648	90.52963991602422
TM4SF5	SRR3714649	0.9697357325395568
TM4SF5	SRR3714650	3.020658628109209
TM4SF5	SRR3714651	83.39087241881805
TM4SF5	SRR3714652	79.8283869806948
TM4SF5	SRR3714653	206
TM4SF5	SRR3714654	59
TM4SF5	SRR3714655	152.11406730730639
TM4SF5	SRR3714656	46.51083462895664
TM4SF5	SRR3714657	98.95469444893651
TM4SF5	SRR3714658	198.3754859593831
TM4SF5	SRR3714659	230.50207709402122
TM4SF5	SRR3714660	203
TM4SF5	SRR3714661	180
TM4SF5	SRR3714662	2.0220351499593554
TM4SF5	SRR3714663	323.2423930280261
TM4SF5	SRR3714664	69.44832698784785
TM4SF5	SRR3714665	168
TM4SF5	SRR3714666	19
TM4SF5	SRR3714667	6.476285214232783
TM4SF5	SRR3714668	161
TM4SF5	SRR3714669	6.3661451425974045
TM4SF5	SRR3714670	586.8037883024874
TM4SF5	SRR3714671	559.7043844812579
TM4SF5	SRR3714672	100.27466239574123
TM4SF5	SRR3714673	227.1083791738987
TM4SF5	SRR3714674	53.308015176319756
TM4SF5	SRR3714675	91.97514804967403
TM4SF5	SRR3714676	3
TM4SF5	SRR3714677	526.2453276578192
TM4SF5	SRR3714678	90.20301954783625
TM4SF5	SRR3714679	391.6335739982483
TM4SF5	SRR3714680	177.30546722583892
TM4SF5	SRR3714681	445.58072355042657
TM4SF5	SRR3714682	212.1489248479023
TM4SF5	SRR3714683	688.4332780808786
TM4SF5	SRR3714684	162.81193546988237
TM4SF5	SRR3714685	375.6586597261466
TM4SF5	SRR3714686	181.9421792362011
TM4SF5	SRR3714688	62.462810234033576
TM4SF5	SRR3714689	115.23986502916357
TM4SF5	SRR3714690	167.57921915235025
TM4SF5	SRR3714691	277
TM4SF5	SRR3714692	205.6019896171019
TM4SF5	SRR3714693	72.02921280241628
TM4SF5	SRR3714694	238.67328913084057
TM4SF5	SRR3714695	444.5274282850801
TM4SF5	SRR3714696	45
TM4SF5	SRR3714697	46.42365699979993
TM4SF5	SRR3714698	5.066066358244852
TM4SF5	SRR3714699	16.655997329598616
TM4SF5	SRR3714700	27.82999717575728
TM4SF5	SRR3714701	251.30935919515463
TM4SF5	SRR3714702	210.94915171488668
TM4SF5	SRR3714703	399.42421795321934
TM4SF5	SRR3714704	87.23302811828475
TM4SF5	SRR3714705	674.6520747048041
TM4SF5	SRR3714706	111.78918785972544
TM4SF5	SRR3714707	163.11733573944736
TM4SF5	SRR3714708	1.0232664352046819
TM4SF5	SRR3714709	0.9010961331353448
TM4SF5	SRR3714710	132.85320191199148
TM4SF5	SRR3714711	120.64087399804224
TM4SF5	SRR3714712	147
TM4SF5	SRR3714713	795
TM4SF5	SRR3714714	109
TM4SF5	SRR3714715	75.36185654024592
TM4SF5	SRR3714716	280
TM4SF5	SRR3714717	36
TM4SF5	SRR3714718	37
TM4SF5	SRR3714719	108.40214694366632
TM4SF5	SRR3714720	152.20648754039644
TM4SF5	SRR3714721	143.9879013304177
TM4SF5	SRR3714723	350.7606963012976
TM4SF5	SRR3714724	77.22667504200929
TM4SF5	SRR3714725	4.049714889559086
TM4SF5	SRR3714726	111.19560780397985
TM4SF5	SRR3714727	46.89876681144006
TM4SF5	SRR3714728	329.70727153549865
TM4SF5	SRR3714729	41.04906660802537
TM4SF5	SRR3714730	106.12052877830277
TM4SF5	SRR3714731	6.001079485386262
TM4SF5	SRR3714732	18.54666070256482
TM4SF5	SRR3714734	102.08063735409276
TM4SF5	SRR3714735	2.7345035618269433
TM4SF5	SRR3714736	44.99518141845315
TM4SF5	SRR3714737	47
TM4SF5	SRR3714738	45.773460589909085
TM4SF5	SRR3714739	92.88198747806432
TM4SF5	SRR3714740	304.43327951779946
TM4SF5	SRR3714741	271.2926721517612
TM4SF5	SRR3714744	93.93948737858186
TM4SF5	SRR3714745	343.42391594638525
TM4SF5	SRR3714746	56.47878642468042
TM4SF5	SRR3714747	105.06701107352535
TM4SF5	SRR3714748	1.916019536485885
TM4SF5	SRR3714749	18.375874313937572
TM4SF5	SRR3714750	90.89233190394602
TM4SF5	SRR3714751	132.14255617724163
TM4SF5	SRR3714752	13
TM4SF5	SRR3714753	6.047438459226392
TM4SF5	SRR3714754	262
TM4SF5	SRR3714755	331.9350253980302
TM4SF5	SRR3714756	203.31435559011194
TM4SF5	SRR3714757	54.209913411230396
TM4SF5	SRR3714758	190.52881769178973
TM4SF5	SRR3714759	211.70920495482508
TM4SF5	SRR3714760	56.05039411466689
TM4SF5	SRR3714761	47.01691345906725
TM4SF5	SRR3714762	190.7676612710157
TM4SF5	SRR3714764	51
TM4SF5	SRR3714765	126.32884341011535
TM4SF5	SRR3714766	151
TM4SF5	SRR3714767	298.3582134203339
TM4SF5	SRR3714768	204
TM4SF5	SRR5176628	109.75605055752939
TM4SF5	SRR5176629	743.2634598754456
TM4SF5	SRR5176630	816.847258624679
TM4SF5	SRR5176631	607.895206329183
TM4SF5	SRR5176632	246.70162943119044
TM4SF5	SRR5176633	203.31867918506046
TM4SF5	SRR5176634	76.94755728497069
TM4SF5	SRR5176635	103.63784609680802
TM4SF5	SRR5176636	10.262757511402583
TM4SF5	SRR5176637	130.76733030284663
TM4SF5	SRR5176638	96.55228856878115
TM4SF5	SRR5176639	208
TM4SF5	SRR5176640	97.11040859322341
TM4SF5	SRR5176641	261.8350377433135
TM4SF5	SRR5176642	450.85771271856277
TM4SF5	SRR5176643	220.37967677787887
TM4SF5	SRR5176644	153.0275268773497
TM4SF5	SRR5176645	546.4108184074249
TM4SF5	SRR5176646	901.5241831229315
TM4SF5	SRR5176647	1066.2140778555017
TM4SF5	SRR5176648	155.43733192088854
TM4SF5	SRR5176649	38.25840486554252
TM4SF5	SRR5176650	1301.6329993051634
TM4SF5	SRR5176651	2618.987773731768
TM4SF5	SRR5176652	65.36235597396185
TM4SF5	SRR5176653	687.8536508046346
TM4SF5	SRR5176654	1054.5385165047262
TM4SF5	SRR5176655	943.1869949576833
TM4SF5	SRR5176656	489.04040286412493
TM4SF5	SRR5176657	151.2470678783677
TM4SF5	SRR5176658	56.09245672999663
TM4SF5	SRR5176659	633.3658205194588
TM4SF5	SRR5176660	177.20366096006254
TM4SF5	SRR5176661	77.42720201653977
TM4SF5	SRR5176662	964.8858633237353
TM4SF5	SRR5176663	204.30635348557016
TM4SF5	SRR5176664	336
TM4SF5	SRR5176665	43.38425489988021
TM4SF5	SRR5176666	365.4112509261931
TM4SF5	SRR5176667	36.67618871018376
TM4SF5	SRR5176668	378.6364688153131
TM4SF5	SRR5176669	1167.0788107783414
TM4SF5	SRR5176670	589.823064472413
TM4SF5	SRR5176671	113.20346775710195
TM4SF5	SRR5176672	339.88425106460164
TM4SF5	SRR5176673	329.5710972994012
TM4SF5	SRR5176674	267.6251568603721
TM4SF5	SRR5176675	223.94514514109716
TM4SF5	SRR5176676	610.0245729084747
TM4SF5	SRR5176677	91.13106006642849
TM4SF5	SRR5176678	7.156427112085394
TM4SF5	SRR5176679	145.3026908606934
TM4SF5	SRR5176680	554.5695765074804
TM4SF5	SRR5176681	254.28208571914416
TM4SF5	SRR5176682	42.417776351756025
TM4SF5	SRR5176683	488.22285698674807
TM4SF5	SRR5176684	1038.753585891744
TM4SF5	SRR5176685	287.85757257669167
TM4SF5	SRR5176686	272.18090665642467
TM4SF5	SRR5176687	50.22623499921055
TM4SF5	SRR5176688	1.0132814135195316
TM4SF5	SRR5176689	110.82535201516897
TM4SF5	SRR5176690	432.7781006433803
TM4SF5	SRR5176691	446.41499945769465
TM4SF5	SRR5176692	553.3620671347383
TM4SF5	SRR5176693	63.46553611985134
TM4SF5	SRR5176694	2395
TM4SF5	SRR5176695	114.62216775312424
TM4SF5	SRR5176696	46.243620956155596
TM4SF5	SRR5176697	65.76505217726361
TM4SF5	SRR5176698	36.10953729297602
TM4SF5	SRR5176699	74.82609589988502
TM4SF5	SRR5176700	204.7347109978878
TM4SF5	SRR5176701	1457.1969249493332
TM4SF5	SRR5176702	370
TM4SF5	SRR5176703	967.3612993495284
TM4SF5	SRR5176704	628.7345121191217
TM4SF5	SRR5176705	26.055752376116168
TM4SF5	SRR5176706	46.22705507984977
TM4SF5	SRR5176707	1251.1166299874874
TM4SF5	SRR5176708	180.76888791666934
TM4SF5	SRR5176709	924.4232891555598
TM4SF5	SRR5176710	230
TM4SF5	SRR5176711	82.15629431760478
TM4SF5	SRR5176712	738.3411016625049
TM4SF5	SRR5176713	227.99342621232327
TM4SF5	SRR5176714	1068.7468835324519
TM4SF5	SRR5176715	452.5695559669563
TM4SF5	SRR5176716	285.56453877439964
TM4SF5	SRR5176717	53.34762085110148
TM4SF5	SRR5176718	1065.2996948314992
TM4SF5	SRR5176719	473.10514621009605
TM4SF5	SRR5176720	376
TM4SF5	SRR5176721	139
TM4SF5	SRR5176722	74.44789490065718
TM4SF5	SRR5176723	29.278729261751238
TM4SF5	SRR5176724	54.29372323007997
TM4SF5	SRR5176725	468.6932139486379
TM4SF5	SRR5176726	123
TM4SF5	SRR5176727	1313.8470632635908
TM4SF5	SRR5176728	691.70623690533
TM4SF5	SRR5176729	252.488037355711
TM4SF5	SRR5176730	825.3644597304234
TM4SF5	SRR5176731	377.74614554779356
TM4SF5	SRR5176732	83
TM4SF5	SRR5176733	744.6840652247073
TM4SF5	SRR5176734	631.3191370913221
TM4SF5	SRR5176735	713.6670849609923
TM4SF5	SRR5176736	161.31621278511045
TM4SF5	SRR5176737	494.4414328069411
TM4SF5	SRR5176738	79.87377203058549
TM4SF5	SRR5176739	1052.293504805766
TM4SF5	SRR5176740	26.1082468641713
TM4SF5	SRR5176741	55.172152798431796
TM4SF5	SRR5176742	409.2812689398023
TM4SF5	SRR5176743	49.58057589701995
TM4SF5	SRR5176744	85.12721271600931
TM4SF5	SRR5176745	302.75175517774227
TM4SF5	SRR5176746	7.015866024997242
TM4SF5	SRR5176747	228
TM4SF5	SRR5176748	670.8442533138511
TM4SF5	SRR5176749	2345.7773841165645
TM4SF5	SRR5176750	1240.8107623899602
TM4SF5	SRR5176751	360.3050085214273
TM4SF5	SRR5176752	104.47198188558986
TM4SF5	SRR5176753	410.0745458562964
TM4SF5	SRR5176754	277.4521478945749
TM4SF5	SRR5176755	183.09879068456138
TM4SF5	SRR5176756	593.6491862383502
TM4SF5	SRR5176757	916.405273019902
TM4SF5	SRR5176758	31.351956902888013
TM4SF5	SRR5176759	196.2346468529278
TM4SF5	SRR5176760	37.21490091459225
TM4SF5	SRR5176761	442.57344221781085
TM4SF5	SRR5176762	275.04199836919196
TM4SF5	SRR5176763	121.92515854972879
TM4SF5	SRR5176764	445.3203337672029
TM4SF5	SRR5176765	280.4832249900277
TM4SF5	SRR5176766	212.6017182994319
TM4SF5	SRR5176767	84.08443921571141
TM4SF5	SRR5176768	91.3676176492302
TM4SF5	SRR5176769	59.174244601571864
TM4SF5	SRR5176770	324.75861731371
TM4SF5	SRR5176771	588.4363285505921
TM4SF5	SRR5176772	257.605612310945
TM4SF5	SRR5176773	35.26260167668644
TM4SF5	SRR5176774	660.0629681954722
TM4SF5	SRR5176775	88.84428494485796
TM4SF5	SRR5176776	50.41379335208455
TM4SF5	SRR5176777	1065.555541047211
TM4SF5	SRR5176778	362.07350471617656
TM4SF5	SRR5176779	89.46037517703698
TM4SF5	SRR5176780	258.79465123129216
TM4SF5	SRR5176781	150.9566733436515
TM4SF5	SRR5176782	51.41946392460141
TM4SF5	SRR5176783	355.27437283511586
TM4SF5	SRR5176784	147.59600232138274
TM4SF5	SRR5176785	483.85292069011246
TM4SF5	SRR5176786	233
TM4SF5	SRR5176787	157.19757172150213
TM4SF5	SRR5176788	1.0267594917906628
TM4SF5	SRR5176789	4041.3596755882822
TM4SF5	SRR5176790	1143.6802115428513
TM4SF5	SRR5176791	1168.1818176215024
TM4SF5	SRR5176792	625
TM4SF5	SRR5176793	269.4565092313455
TM4SF5	SRR5176794	130.58598538998365
TM4SF5	SRR5176795	223.93829942714476
TM4SF5	SRR5176796	551.2062546043057
TM4SF5	SRR5176797	198.37826895329266
TM4SF5	SRR5176798	818.2940919161961
TM4SF5	SRR5176799	419
TM4SF5	SRR5176800	16.12786666446283
TM4SF5	SRR5176801	227.9067304623955
TM4SF5	SRR5176802	112.57389622665357
TM4SF5	SRR5176803	33.13536434717119
TM4SF5	SRR5176804	91.9206571001514
TM4SF5	SRR5176805	668.5799683643447
TM4SF5	SRR5176806	105.03709055482277
TM4SF5	SRR5176807	231.1662856184806
TM4SF5	SRR5176808	719.2587399376457
TM4SF5	SRR5176809	378.5444033528568
TM4SF5	SRR5176810	932
TM4SF5	SRR5176811	47
TM4SF5	SRR5176812	86.092877509415
TM4SF5	SRR5176813	57.06756345913491
TM4SF5	SRR5176814	472
TM4SF5	SRR5176815	476.6342578514735
TM4SF5	SRR5176816	63.90843370509955
TM4SF5	SRR5176817	971.0740073101875
TM4SF5	SRR5176818	39.09954335346689
TM4SF5	SRR5176819	440.14291346465865
TM4SF5	SRR5176820	8.178725894885176
TM4SF5	SRR5176821	61.56956377417621
TM4SF5	SRR5176822	607.3850444094571
TM4SF5	SRR5176823	250.9420476655451
TM4SF5	SRR5176824	1105.2136373764158
TM4SF5	SRR5176825	134.148816875454
TM4SF5	SRR5176826	185.52843090026886
TM4SF5	SRR5176827	494.86398437127195
TM4SF5	SRR5176828	794.136789068631
TM4SF5	SRR5176829	13.035525972581166
TM4SF5	SRR5176830	41.0221334320602
TM4SF5	SRR5176831	88.45333334908848
TM4SF5	SRR5176832	71.71762651138688
TM4SF5	SRR5176833	9.05211432935232
TM4SF5	SRR5176834	33.129403895944314
TM4SF5	SRR5176835	518.8613754585666
TM4SF5	SRR5176836	568.5111403059069
TM4SF5	SRR5176837	170.26366167509008
TM4SF5	SRR5176838	1.0249700253664653
TM4SF5	SRR5176839	110.32122944186605
TM4SF5	SRR5176840	107.05776285927907
TM4SF5	SRR5176841	40.5638563003213
TM4SF5	SRR5176842	393.45014233867437
TM4SF5	SRR5176843	623.8034589334893
TM4SF5	SRR5176844	764.2198378384717
TM4SF5	SRR5176845	2.029364706705793
TM4SF5	SRR5176846	670.988584625842
TM4SF5	SRR5176847	104.0944494113474
TM4SF5	SRR5176848	738.3063144751435
TM4SF5	SRR5176849	1547.6241547495774
TM4SF5	SRR5176850	1489.1572359833315
TM4SF5	SRR5176851	539.5821043904033
TM4SF5	SRR5176852	259.65660560077436
TM4SF5	SRR5176853	211.52854543053522
TM4SF5	SRR5176854	61.76821112912746
TM4SF5	SRR5176855	582.3230496731139
TM4SF5	SRR5176856	592.427953187706
TM4SF5	SRR5176857	463.644806937606
TM4SF5	SRR5176858	205.408464778629
TM4SF5	SRR5176859	242.43168429488807
TM4SF5	SRR5176860	222
TM4SF5	SRR5176861	105.20798796951566
TM4SF5	SRR5176862	190.12216459316753
TM4SF5	SRR5176863	741.8536664388439
TM4SF5	SRR5176864	211.02833551009115
TM4SF5	SRR5176865	76.14485814802394
TM4SF5	SRR5176866	494
TM4SF5	SRR5176867	1071.5324003103672
TM4SF5	SRR5176868	798.1729882635864
TM4SF5	SRR5176869	117.28628695131052
TM4SF5	SRR5176870	1446.5109042504005
TM4SF5	SRR5176871	396.35792213031505
TM4SF5	SRR5176872	365.00881431207335
TM4SF5	SRR5861974	4037.8018160370775
TM4SF5	SRR5861975	815.5331675012173
TM4SF5	SRR5861976	55.13311038191485
TM4SF5	SRR5861977	778
TM4SF5	SRR5861978	970.7006693731288
TM4SF5	SRR5861979	160.52546938900474
TM4SF5	SRR5861980	481
TM4SF5	SRR5861981	91.81028319237546
TM4SF5	SRR5861982	22.213083178826434
TM4SF5	SRR5861983	252.41959733805194
TM4SF5	SRR5861984	145.18996650542164
TM4SF5	SRR5861985	364.21051982408295
TM4SF5	SRR5861986	633.2618534061072
TM4SF5	SRR5861987	63.815715741260675
TM4SF5	SRR5861988	103.81341831337429
TM4SF5	SRR5861989	475.8931110101628
TM4SF5	SRR5861990	518.5748578582024
TM4SF5	SRR5861991	228
TM4SF5	SRR5861992	376
TM4SF5	SRR5861993	223.8458436377629
TM4SF5	SRR5861994	506
TM4SF5	SRR5861995	607.3118809605129
TM4SF5	SRR5861996	104.43937251264529
TM4SF5	SRR5861997	195.94464573225542
TM4SF5	SRR5861998	659.7846139083794
TM4SF5	SRR5861999	67.78500144593137
TM4SF5	SRR5862000	445.160138069892
TM4SF5	SRR5862001	472
TM4SF5	SRR5862002	670.7235805966052
TM4SF5	SRR5862003	13.03233104783976
TM4SF5	SRR5862004	166.93477770209302
TM4SF5	SRR5862005	1104.8186590477926
TM4SF5	SRR5862006	793.9906929770307
TM4SF5	SRR5862007	29.248924250378888
TM4SF5	SRR5862008	1071.293335821745
TM4SF5	SRR5862009	668.3773939673529
TM4SF5	SRR5862010	439.58585129107826
TM4SF5	SRR5862011	545.0032268412107
TM4SF5	SRR5862012	35.24702499776267
TM4SF5	SRR5862013	965.8415056548221
TM4SF5	SRR5862014	72.35378410510295
TM4SF5	SRR5862015	230
TM4SF5	SRR5862016	378.57871109608783
TM4SF5	SRR5862017	1167.6030114546077
TM4SF5	SRR5862018	50.20085737803504
TM4SF5	SRR5862019	88.71799963417826
TM4SF5	SRR5862020	377.3489492429416
TM4SF5	SRR5862021	203.2280478783525
TM4SF5	SRR5862022	817.9463730313486
TM4SF5	SRR5862023	50.38075679960699
TM4SF5	SRR5862024	155.42357890385236
TM4SF5	SRR5862025	932
TM4SF5	SRR5862026	43.34002572867256
TM4SF5	SRR5862027	568.3066290100047
TM4SF5	SRR5862028	46.199297380471414
TM4SF5	SRR5862029	259.27419496106967
TM4SF5	SRR5862030	258.7243707054872
TM4SF5	SRR5862031	157.10315068033415
TM4SF5	SRR5862032	274.8889669401334
TM4SF5	SRR5862033	483.7465302227926
TM4SF5	SRR5862034	34.88754038114848
TM4SF5	SRR5862035	198.30690606523976
TM4SF5	SRR5862036	74.30397184966282
TM4SF5	SRR5862037	915.5216369299873
TM4SF5	SRR5862038	630.5239770779107
TM4SF5	SRR5862039	285.4918540077067
TM4SF5	SRR5862040	232.51510220008382
TM4SF5	SRR5862041	73.40276580761847
TM4SF5	SRR5862042	1143.0905723938054
TM4SF5	SRR5862043	251
TM4SF5	SRR5862044	280.39354412302055
TM4SF5	SRR5862045	50.21239420152665
TM4SF5	SRR5862046	61.49328330098681
TM4SF5	SRR5862047	71.63303230762722
TM4SF5	SRR5862048	21.210161213489926
TM4SF5	SRR5862049	2344.020893724004
TM4SF5	SRR5862050	139.46977355948866
TM4SF5	SRR5862051	77.3715060479858
TM4SF5	SRR5862052	464.59947307236484
TM4SF5	SRR5862053	287.76685577323315
TM4SF5	SRR5862054	605.7861116764512
TM4SF5	SRR5862055	431.81287345194966
TM4SF5	SRR5862056	1455.5222483621376
TM4SF5	SRR5862057	1064.276828858879
TM4SF5	SRR5862058	713.6356163191388
TM4SF5	SRR5862059	220.04465918065577
TM4SF5	SRR5862060	79.74735906670442
TM4SF5	SRR5862061	250.89351411165282
TM4SF5	SRR5862062	231.124702995266
TM4SF5	SRR5862063	317.90271194157725
TM4SF5	SRR5862064	814.57450146902
TM4SF5	SRR5862065	410.0313945010589
TM4SF5	SRR5862066	552.9973077760205
TM4SF5	SRR5862067	12.346054739520673
TM4SF5	SRR5862068	80.382435747043
TM4SF5	SRR5862069	473.0200431727604
TM4SF5	SRR5862070	2.027035947063711
TM4SF5	SRR5862071	51.356723938843345
TM4SF5	SRR5862072	18.96223468664845
TM4SF5	SRR5862073	161.30128031999436
TM4SF5	SRR5862074	339.7199481989971
TM4SF5	SRR5862075	110.75748303067101
TM4SF5	SRR5862076	16.134340880546127
TM4SF5	SRR5862077	147.5784749057907
TM4SF5	SRR5862078	36.64811507885148
TM4SF5	SRR5862079	49.51004771835792
TM4SF5	SRR5862080	17.31697185651324
TM4SF5	SRR5862081	242.41764445566676
TM4SF5	SRR5862082	26.09920792623786
TM4SF5	SRR5862083	47
TM4SF5	SRR5862084	16.111940625648135
TM4SF5	SRR5862085	208
TM4SF5	SRR5862086	10.250917577235414
TM4SF5	SRR5862087	85.02381547723964
TM4SF5	SRR5862088	96.47387273435278
TM4SF5	SRR5862089	1.0124189758199451
TM4SF5	SRR5862090	113.19501579954688
TM4SF5	SRR5862091	89.24326280491174
TM4SF5	SRR5862092	8.167060824597787
TM4SF5	SRR5862093	719.1293583321204
TM4SF5	SRR5862094	277.3815279754326
TM4SF5	SRR5862095	204.48178312500585
TM4SF5	SRR5862096	324.71012509635676
TM4SF5	SRR5862097	190.02020914558136
TM4SF5	SRR5862098	403.3208292952083
TM4SF5	SRR5862099	1299.9838175128793
TM4SF5	SRR5862100	554.4698194962688
TM4SF5	SRR5862101	1067.2248465708121
TM4SF5	SRR5862102	257.50946037093775
TM4SF5	SRR5862103	690.9420302429863
TM4SF5	SRR5862104	488.0279900620552
TM4SF5	SRR5862105	737.2071082220781
TM4SF5	SRR5862106	670.8607782325172
TM4SF5	SRR5862107	233
TM4SF5	SRR5862108	63.43796883808444
TM4SF5	SRR5862109	450.810269829167
TM4SF5	SRR5862110	227.8179079336921
TM4SF5	SRR5862111	227.39689692937273
TM4SF5	SRR5862112	33.12554016191774
TM4SF5	SRR5862113	42.37187918971056
TM4SF5	SRR5862114	89.41999261045193
TM4SF5	SRR5862115	121.82835713188179
TM4SF5	SRR5862116	46.16152213710329
TM4SF5	SRR5862117	825.7198108263348
TM4SF5	SRR5862118	354.9625268921467
TM4SF5	SRR5862119	377.5641988767142
TM4SF5	SRR5862120	84.07934116788941
TM4SF5	SRR5862121	56.08236671411415
TM4SF5	SRR5862122	7.014603997912882
TM4SF5	SRR5862123	741.6999383092173
TM4SF5	SRR5862124	463.47801935231064
TM4SF5	SRR5862125	2395
TM4SF5	SRR5862126	134.1205859172386
TM4SF5	SRR5862127	272.02949525990493
TM4SF5	SRR5862128	120.4452071853134
TM4SF5	SRR5862129	151.0361021940173
TM4SF5	SRR5862130	798.9277946491885
TM4SF5	SRR5862131	588.3304795247687
TM4SF5	SRR5862132	57.05129400957165
TM4SF5	SRR5862133	86.08237621250153
TM4SF5	SRR5862134	41.011692064898334
TM4SF5	SRR5862135	112.42230766054601
TM4SF5	SRR5862136	107.03850510894033
TM4SF5	SRR5862137	582.2556039901987
TM4SF5	SRR5862138	76.13557027442766
TM4SF5	SRR5862139	378.51614060355035
TM4SF5	SRR5862140	86.28420866472028
TM4SF5	SRR5862141	173.76683663942498
TM4SF5	SRR5862142	212.5728483536189
TM4SF5	SRR5862143	183.0658545321129
TM4SF5	SRR5862144	233.3394147420174
TM4SF5	SRR5862145	396.3053770065641
TM4SF5	SRR5862146	261.5115420610744
TM4SF5	SRR5862147	185.35089015242534
TM4SF5	SRR5862148	139
TM4SF5	SRR5862149	103.59325273823941
TM4SF5	SRR5862150	144.3523531708437
TM4SF5	SRR5862151	114.41144034316328
TM4SF5	SRR5862152	149.60651631450068
TM4SF5	SRR5862153	550.1846489879207
TM4SF5	SRR5862154	83
TM4SF5	SRR5862155	109.68935227325
TM4SF5	SRR5862156	65.65460368276626
TM4SF5	SRR5862157	4025.3166185195114
TM4SF5	SRR5862158	1313.7088096657328
TM4SF5	SRR5862159	53.31446654249589
TM4SF5	SRR5862160	76.83168778655605
TM4SF5	SRR5862161	494.34725419096264
TM4SF5	SRR5862162	16.0533667613411
TM4SF5	SRR5862163	33.1164738510334
TM4SF5	SRR5862164	170.12630627436616
TM4SF5	SRR5862165	1446.2320668442119
TM4SF5	SRR5862166	130.55673827878329
TM4SF5	SRR5862167	744.5501100641816
TM4SF5	SRR5862168	220.3632228678439
TM4SF5	SRR5862169	21.077911257429843
TM4SF5	SRR5862170	9.10014243700296
TM4SF5	SRR5862171	26.04487089193114
TM4SF5	SRR5862172	82.14402692678405
TM4SF5	SRR5862173	1.025220377181768
TM4SF5	SRR5862174	211.85554905072277
TM4SF5	SRR5862175	88.42969953074704
TM4SF5	SRR5862176	609.3709301098371
TM4SF5	SRR5862177	35.097241515665196
TM4SF5	SRR5862178	130.65882941050137
TM4SF5	SRR5862179	442.474190232831
TM4SF5	SRR5862180	36.075980840527336
TM4SF5	SRR5862181	7.148345724252956
TM4SF5	SRR5862182	408.81154122107137
TM4SF5	SRR5862183	54.27029895171508
TM4SF5	SRR5862184	104.79884966401463
TM4SF5	SRR5862185	625
TM4SF5	SRR5862186	1051.6648332561524
TM4SF5	SRR5862187	51.38610600193629
TM4SF5	SRR5862188	110.16473616081082
TM4SF5	SRR5862189	180.4984615414096
TM4SF5	SRR5862190	91.12425607122509
TM4SF5	SRR5862191	40.47996471077221
TM4SF5	SRR5862192	61.66837701246133
TM4SF5	SRR5862193	494.76870206587824
TM4SF5	SRR5862194	37.19667412956868
TM4SF5	SRR5862195	38.24118822757186
TM4SF5	SRR5862196	494
TM4SF5	SRR5862197	336
TM4SF5	SRR5862198	115.61440266930977
TM4SF5	SRR5862199	1038.5667329565965
TM4SF5	SRR5862200	39.08547802085776
TM4SF5	SRR5862201	16.95893376790092
TM4SF5	SRR5862202	74.5986376930287
TM4SF5	SRR5862203	163.42881220877672
TM4SF5	SRR5862204	224
TM4SF5	SRR5862205	370
TM4SF5	SRR5862206	1249.2303066623008
TM4SF5	SRR5862207	65.34598637579214
TM4SF5	SRR5862208	94.81218755112812
TM4SF5	SRR5862209	468.2296658464459
TM4SF5	SRR5862210	1007
TM4SF5	SRR5862211	796.3016229328185
TM4SF5	SRR5862212	1166.2664165003112
TM4SF5	SRR5862213	41.19278974864225
TM4SF5	SRR5862214	73.20172968224482
TM4SF5	SRR5862215	117.27753016374257
TM4SF5	SRR5862216	60.21935826532127
TM4SF5	SRR5862217	205.32628490466251
TM4SF5	SRR5862218	942.9256313861446
TM4SF5	SRR5862219	1.023350981956458
TM4SF5	SRR5862220	210.9437385218246
TM4SF5	SRR5862221	222
TM4SF5	SRR5862222	360.16936254478367
TM4SF5	SRR5862223	97.0301402808221
TM4SF5	SRR5862224	269.11818873760075
TM4SF5	SRR5862225	59.15819205613198
TM4SF5	SRR5862226	452.48814690994857
TM4SF5	SRR5862227	419
TM4SF5	SRR5862228	1064.570353389321
TM4SF5	SRR5862229	795.6747589837495
TM4SF5	SRR5862230	742.9187595068164
TM4SF5	SRR5862231	816.7003226141427
TM4SF5	SRR5862232	1239.478667372716
TM4SF5	SRR5862233	331.9146921208635
TM4SF5	SRR5862234	824.8356499618993
TM4SF5	SRR5862235	539.4850433536687
TM4SF5	SRR5862236	267.57253401626986
TM4SF5	SRR5862237	1923.874881604001
TM4SF5	SRR5862238	254.2285733058105
TM4SF5	SRR5862239	1054.0720423587547
TM4SF5	SRR5862240	764.0823685466806
TM4SF5	SRR5862241	265.63595339653375
TM4SF5	SRR5862242	623.3032176313376
TM4SF5	SRR5862243	393.1986554114476
TM4SF5	SRR5862244	591.4413790428512
TM4SF5	SRR5862245	1545.7436121697665
TM4SF5	SRR5862246	324.6175531573652
TM4SF5	SRR5862247	150.8469822654912
TM4SF5	SRR5862248	446.32105361836517
TM4SF5	SRR5862249	478.1437682953029
TM4SF5	SRR5862250	212.223101598424
TM4SF5	SRR5862251	686.0153633619441
TM4SF5	SRR5862252	246.62788884494503
TM4SF5	SRR5862253	737.6970014365959
TM4SF5	SRR5862254	405.8857184886503
TM4SF5	SRR5862255	302.4118095583217
TM4SF5	SRR5862256	2617.957170763956
TM4SF5	SRR5862257	599.1320299130705
TM4SF5	SRR5862258	687.7509420635458
TM4SF5	SRR5862259	91.23458369166198
TM4SF5	SRR5862260	2937.736785046376
TM4SF5	SRR5862261	842.8182932801496
TM4SF5	SRR5862262	330.2672502092895
TM4SF5	SRR5862263	1118.6907852271672
TM4SF5	SRR5862264	204.18447101978077
TM4SF5	SRR5862265	230.2898183017698
TM4SF5	SRR5862266	1065.8126744709211
TM4SF5	SRR5862267	862.133431418722
TM4SF5	SRR5862268	361.79093319162837
TM4SF5	SRR5862269	223.88057857428993
TM4SF5	SRR5862270	211.47824732491688
TM4SF5	SRR5862271	589.496852663348
TM4SF5	SRR5862272	572.3806373375988
TM4SF5	SRR5862273	296.0191027134938
TM4SF5	SRR5862274	924.2287488244758
TM4SF5	SRR5862275	1195.3311925901505
TM4SF5	SRR5862276	900.3960357220623
TM4SF5	SRR5862277	1487.6358756416637
TM4SF5	SRR5949109	1.1498283651018633
TM4SF5	SRR5949110	1.148171272003916
TM4SF5	SRR5949111	1.1498283651018633
TM4SF5	SRR5949112	1.1499000124654937
TM4SF5	SRR5949113	1.1493287860193127
TM4SF5	SRR5949114	1.1499000124654937
TM4SF5	SRR5949115	1.1498283651018633
TM4SF5	SRR5949116	1.149801355279094
TM4SF5	SRR5949117	1.1499000124654937
TM4SF5	SRR5949118	1.149757132515299
TM4SF5	SRR5949119	1.1498700492655702
TM4SF5	SRR5949120	1.149752993629983
TM4SF5	SRR5949121	1.149727479151349
TM4SF5	SRR5949122	1.149659680044542
TM4SF5	SRR5949123	1.1495224477062624
TM4SF5	SRR5949124	1.1489713533334538
TM4SF5	SRR5949125	1.1493657120956842
TM4SF5	SRR5949126	1.1496653216499102
TM4SF5	SRR5949127	1.149752993629983
TM4SF5	SRR5949128	1.149752993629983
TM4SF5	SRR5949129	1.1498758641415114
TM4SF5	SRR5949130	1.1498041981068907
TM4SF5	SRR5949131	1.1496516232140812
TM4SF5	SRR5949132	1.1498283651018633
TM4SF5	SRR5949133	1.1496993836519698
TM4SF5	SRR5949134	1.1499000124654937
TM4SF5	SRR5949135	1.149801355279094
TM4SF5	SRR5949136	1.1498700492655702
TM4SF5	SRR5949137	1.1489979896611313
TM4SF5	SRR5949138	1.1496058907069004
TM4SF5	SRR5949139	1.1496653216499102
TM4SF5	SRR5949140	1.1498283651018633
TM4SF5	SRR5949141	1.1498758641415114
TM4SF5	SRR5949142	1.1498041981068907
TM4SF5	SRR5949143	1.1499000124654937
TM4SF5	SRR5949144	1.149757132515299
TM4SF5	SRR5949145	1.1497815594090803
TM4SF5	SRR5949146	1.149752993629983
TM4SF5	SRR5949147	1.149752993629983
TM4SF5	SRR5949148	1.1489471817569916
TM4SF5	SRR5949149	1.149757132515299
TM4SF5	SRR5949150	1.1498758641415114
TM4SF5	SRR5949151	1.1494823274298185
TM4SF5	SRR5949152	1.1476551316063306
TM4SF5	SRR5949153	1.149659680044542
TM4SF5	SRR5949154	1.1487635500794011
TM4SF5	SRR5949155	1.1497815594090803
TM4SF5	SRR5949156	1.1498758641415114
TM4SF5	SRR5949157	1.1498700492655702
TM4SF5	SRR5949158	1.1499000124654937
TM4SF5	SRR5949159	1.1489204896371397
TM4SF5	SRR5949160	1.1498283651018633
TM4SF5	SRR5949161	1.1498283651018633
TM4SF5	SRR5949162	1.1498283651018633
TM4SF5	SRR5949163	1.1498758641415114
TM4SF5	SRR5949164	1.1499000124654937
TM4SF5	SRR5949165	1.149801355279094
TM4SF5	SRR5949166	1.1498758641415114
TM4SF5	SRR5949167	1.149757132515299
TM4SF5	SRR5949168	1.1497815594090803
TM4SF5	SRR5949169	1.1447151303318799
TM4SF5	SRR5949170	1.1499000124654937
TM4SF5	SRR5949171	1.1496516232140812
TM4SF5	SRR5949172	1.1496058907069004
TM4SF5	SRR5949173	1.1498283651018633
TM4SF5	SRR5949174	1.1497815594090803
TM4SF5	SRR5949175	1.1499000124654937
TM4SF5	SRR5949176	1.149727479151349
TM4SF5	SRR5949177	1.1489132956948793
TM4SF5	SRR5949178	1.1496653216499102
TM4SF5	SRR5949179	1.1497815594090803
TM4SF5	SRR5949180	1.1499000124654937
TM4SF5	SRR5949181	1.1498700492655702
TM4SF5	SRR5949182	1.149727479151349
TM4SF5	SRR5949183	1.1498758641415114
TM4SF5	SRR5949184	1.149801355279094
TM4SF5	SRR5949185	1.1495611354981103
TM4SF5	SRR5949186	1.1492630102128836
TM4SF5	SRR5949187	1.1498041981068907
TM4SF5	SRR5949188	1.149801355279094
TM4SF5	SRR5949189	1.149752993629983
TM4SF5	SRR5949190	1.149757132515299
TM4SF5	SRR5949191	1.1496058907069004
TM4SF5	SRR5949192	1.1498700492655702
TM4SF5	SRR5949193	1.1498758641415114
TM4SF5	SRR5949194	1.1498283651018633
TM4SF5	SRR5949195	1.149801355279094
TM4SF5	SRR5949196	1.149639556483191
TM4SF5	SRR5949197	1.1494508753827517
TM4SF5	SRR5949198	1.1489684643066176
TM4SF5	SRR5949199	1.1496653216499102
TM4SF5	SRR5949200	1.1498758641415114
TM4SF5	SRR5949201	1.1497815594090803
TM4SF5	SRR5949202	1.1498041981068907
TM4SF5	SRR5949203	1.1498700492655702
TM4SF5	SRR5949204	1.1499000124654937
TM4SF5	SRR5949205	1.1499000124654937
TM4SF5	SRR5949206	1.149801355279094
TM4SF5	SRR5949207	1.1498283651018633
TM4SF5	SRR5949208	1.149757132515299
TM4SF5	SRR5949209	1.1498283651018633
TM4SF5	SRR5949210	1.1497815594090803
TM4SF5	SRR5949211	1.1494508753827517
TM4SF5	SRR5949212	1.149757132515299
TM4SF5	SRR5949213	1.1496993836519698
TM4SF5	SRR5949214	1.1495224477062624
TM4SF5	SRR5949215	1.149752993629983
TM4SF5	SRR5949216	1.1498041981068907
TM4SF5	SRR5949217	1.1498041981068907
TM4SF5	SRR5949218	1.1496993836519698
TM4SF5	SRR5949219	1.149727479151349
TM4SF5	SRR5949220	1.1495611354981103
TM4SF5	SRR5949221	1.149515806070026
TM4SF5	SRR5949222	1.149752993629983
TM4SF5	SRR5949223	1.1489094288850477
TM4SF5	SRR5949224	1.1497815594090803
TM4SF5	SRR5949225	1.1498700492655702
TM4SF5	SRR5949226	1.1495611354981103
TM4SF5	SRR5949227	1.1498700492655702
TM4SF5	SRR5949228	1.1496058907069004
TM4SF5	SRR5949229	1.149639556483191
TM4SF5	SRR5949230	1.1498700492655702
TM4SF5	SRR5949231	1.1494707522857042
TM4SF5	SRR5949232	1.1487635500794011
TM4SF5	SRR5949233	1.1489229708372037
TM4SF5	SRR5949234	1.149752993629983
TM4SF5	SRR5949235	1.1496058907069004
TM4SF5	SRR5949236	1.1478430081697302
TM4SF5	SRR5949237	1.1494610034998385
TM4SF5	SRR5949238	1.1492438683694057
TM4SF5	SRR5949239	1.147930185304594
TM4SF5	SRR5949240	1.1498758641415114
TM4SF5	SRR5949241	1.149757132515299
TM4SF5	SRR5949242	1.1497815594090803
TM4SF5	SRR5949243	1.1496516232140812
TM4SF5	SRR5949244	1.1496653216499102
TM4SF5	SRR5949245	1.1496653216499102
TM4SF5	SRR5949246	1.149801355279094
TM4SF5	SRR5949247	1.149752993629983
TM4SF5	SRR5949248	1.149801355279094
TM4SF5	SRR5949249	1.1497815594090803
TM4SF5	SRR5949250	1.1499000124654937
TM4SF5	SRR5949251	1.1496058907069004
TM4SF5	SRR5949252	1.1498283651018633
TM4SF5	SRR5949253	1.1494121443044876
TM4SF5	SRR5949254	1.1495510677538354
TM4SF5	SRR5949255	1.1497815594090803
TM4SF5	SRR5949256	1.149659680044542
TM4SF5	SRR5949257	1.1498758641415114
TM4SF5	SRR5949258	1.1498758641415114
TM4SF5	SRR5949259	1.149727479151349
TM4SF5	SRR5949260	1.1499000124654937
TM4SF5	SRR5949261	1.1499000124654937
TM4SF5	SRR5949262	1.149659680044542
TM4SF5	SRR5949263	1.1498041981068907
TM4SF5	SRR5949264	1.149727479151349
TM4SF5	SRR5949265	1.1498700492655702
TM4SF5	SRR5949266	1.1490859664004887
TM4SF5	SRR5949267	1.1491016556665985
TM4SF5	SRR5949268	1.1498700492655702
TM4SF5	SRR5949269	1.149752993629983
TM4SF5	SRR5949270	1.1497815594090803
TM4SF5	SRR5949271	1.1495224477062624
TM4SF5	SRR5949272	1.1499000124654937
TM4SF5	SRR5949273	1.1499000124654937
TM4SF5	SRR5949274	1.149801355279094
TM4SF5	SRR5949275	1.1495012298161975
TM4SF5	SRR5949276	1.149801355279094
TM4SF5	SRR5949277	1.1491016556665985
TM4SF5	SRR5949278	1.1498041981068907
TM4SF5	SRR5949279	1.1498041981068907
TM4SF5	SRR5949280	1.1493806150832857
TM4SF5	SRR5949281	1.149801355279094
TM4SF5	SRR5949282	1.1499000124654937
TM4SF5	SRR5949283	1.1494610034998385
TM4SF5	SRR5949284	1.1499000124654937
TM4SF5	SRR5949285	1.1485352709618715
TM4SF5	SRR5949286	1.1490061236504394
TM4SF5	SRR5949287	1.1499000124654937
TM4SF5	SRR5949288	1.1498041981068907
TM4SF5	SRR5949289	1.1496653216499102
TM4SF5	SRR5949290	1.1499000124654937
TM4SF5	SRR5949291	1.1497815594090803
TM4SF5	SRR5949292	1.149752993629983
TM4SF5	SRR5949293	1.1499000124654937
TM4SF5	SRR5949294	1.1498758641415114
TM4SF5	SRR5949295	1.1498041981068907
TM4SF5	SRR5949296	1.1498041981068907
TM4SF5	SRR5949297	1.1498283651018633
TM4SF5	SRR5949298	1.149614382860247
TM4SF5	SRR5949299	1.149757132515299
TM4SF5	SRR5949300	1.1498758641415114
TM4SF5	SRR5949301	1.1498758641415114
TM4SF5	SRR5949302	1.1496653216499102
TM4SF5	SRR5949303	1.1496516232140812
TM4SF5	SRR5949304	1.1498283651018633
TM4SF5	SRR5949305	1.1490061236504394
TM4SF5	SRR5949306	1.1498700492655702
TM4SF5	SRR5949307	1.149757132515299
TM4SF5	SRR5949308	1.149801355279094
TM4SF5	SRR5949309	1.1495565511841175
TM4SF5	SRR5949310	1.1495565511841175
TM4SF5	SRR5949311	1.1497815594090803
TM4SF5	SRR5949312	1.149461221160821
TM4SF5	SRR5949313	1.1497815594090803
TM4SF5	SRR5949314	1.1498758641415114
TM4SF5	SRR5949315	1.1497815594090803
TM4SF5	SRR5949316	1.1498041981068907
TM4SF5	SRR5949317	1.1492438683694057
TM4SF5	SRR5949318	1.1491016556665985
TM4SF5	SRR5949319	1.1498283651018633
TM4SF5	SRR5949320	1.1499000124654937
TM4SF5	SRR5949321	1.149801355279094
TM4SF5	SRR5949322	1.149614382860247
TM4SF5	SRR5949323	1.1497815594090803
TM4SF5	SRR5949324	1.1499000124654937
TM4SF5	SRR5949325	1.1498041981068907
TM4SF5	SRR5949326	1.1497815594090803
TM4SF5	SRR5949327	1.1490004023259148
TM4SF5	SRR5949328	1.1498283651018633
TM4SF5	SRR5949329	1.1498283651018633
TM4SF5	SRR5949330	1.1498041981068907
TM4SF5	SRR5949331	1.1498700492655702
TM4SF5	SRR5949332	1.1499000124654937
TM4SF5	SRR5949333	1.1496993836519698
TM4SF5	SRR5949334	1.1494508753827517
TM4SF5	SRR5949335	1.1498758641415114
TM4SF5	SRR5949336	1.149801355279094
TM4SF5	SRR5949337	1.1498700492655702
TM4SF5	SRR5949338	1.1498041981068907
TM4SF5	SRR5949339	1.1498041981068907
TM4SF5	SRR5949340	1.149614382860247
TM4SF5	SRR5949341	1.149727479151349
TM4SF5	SRR5949342	1.1498700492655702
TM4SF5	SRR5949343	1.149727479151349
TM4SF5	SRR5949344	1.1498283651018633
TM4SF5	SRR5949345	1.1498700492655702
TM4SF5	SRR5949346	1.1489824166943214
TM4SF5	SRR5949347	1.1494257243385793
TM4SF5	SRR5949348	1.1487709425734813
TM4SF5	SRR5949349	1.1498041981068907
TM4SF5	SRR5949350	1.149757132515299
TM4SF5	SRR5949351	1.1497815594090803
TM4SF5	SRR5949352	1.149801355279094
TM4SF5	SRR5949353	1.1498041981068907
TM4SF5	SRR5949354	1.1495224477062624
TM4SF5	SRR5949355	1.149727479151349
TM4SF5	SRR5949356	1.1467122388088349
TM4SF5	SRR5949357	1.149752993629983
TM4SF5	SRR5949358	1.1497815594090803
TM4SF5	SRR5949359	1.1498041981068907
TM4SF5	SRR5949360	1.149727479151349
TM4SF5	SRR5949361	1.1496653216499102
TM4SF5	SRR5949362	1.1478188840514512
TM4SF5	SRR5949363	1.1498758641415114
TM4SF5	SRR5949364	1.1496058907069004
TM4SF5	SRR5949365	1.1494121443044876
TM4SF5	SRR5949366	1.1474377159067004
TM4SF5	SRR5949367	1.1499000124654937
TM4SF5	SRR5949368	1.148804618132568
TM4SF5	SRR5949369	1.1498758641415114
TM4SF5	SRR5949370	1.1498283651018633
TM4SF5	SRR5949371	1.1495565511841175
TM4SF5	SRR5949372	1.149801355279094
TM4SF5	SRR5949373	1.1498758641415114
TM4SF5	SRR5949374	1.1496516232140812
TM4SF5	SRR5949375	1.1498758641415114
TM4SF5	SRR5949376	1.1499000124654937
TM4SF5	SRR5949377	1.1498041981068907
TM4SF5	SRR5949378	1.1499000124654937
TM4SF5	SRR5949379	1.1498041981068907
TM4SF5	SRR5949380	1.1489471817569916
TM4SF5	SRR5949381	1.1495012298161975
TM4SF5	SRR5949382	1.1498283651018633
TM4SF5	SRR5949383	1.1496993836519698
TM4SF5	SRR5949384	1.1498758641415114
TM4SF5	SRR5949385	1.149659680044542
TM4SF5	SRR5949386	1.1499000124654937
TM4SF5	SRR5949387	1.147930185304594
TM4SF5	SRR5949388	1.1495224477062624
TM4SF5	SRR5949389	1.1499000124654937
TM4SF5	SRR5949390	1.1497815594090803
TM4SF5	SRR5949391	1.1495565511841175
TM4SF5	SRR5949392	1.1499000124654937
TM4SF5	SRR5949393	1.1495565511841175
TM4SF5	SRR5949394	1.1495012298161975
TM4SF5	SRR5949395	1.1497815594090803
TM4SF5	SRR5949396	1.1489204896371397
TM4SF5	SRR5949397	1.1498758641415114
TM4SF5	SRR5949398	1.1498700492655702
TM4SF5	SRR5949399	1.1497815594090803
TM4SF5	SRR5949400	1.1442239823514004
TM4SF5	SRR5949401	1.1499000124654937
TM4SF5	SRR5949402	1.149801355279094
TM4SF5	SRR5949403	1.149757132515299
TM4SF5	SRR5949404	1.1495611354981103
TM4SF5	SRR5949405	1.1498041981068907
TM4SF5	SRR5949406	1.1498758641415114
TM4SF5	SRR5949407	1.1498041981068907
TM4SF5	SRR5949408	1.1498041981068907
TM4SF5	SRR5949409	1.149801355279094
TM4SF5	SRR5949410	1.149801355279094
TM4SF5	SRR5949411	1.1499000124654937
TM4SF5	SRR5949412	1.1496653216499102
TM4SF5	SRR5949413	1.1498041981068907
TM4SF5	SRR5949414	1.1498283651018633
TM4SF5	SRR5949415	1.1498700492655702
TM4SF5	SRR5949416	1.149752993629983
TM4SF5	SRR5949417	1.1496993836519698
TM4SF5	SRR5949418	1.1498041981068907
TM4SF5	SRR5949419	1.1498283651018633
TM4SF5	SRR5949420	1.149727479151349
TM4SF5	SRR5949421	1.1496993836519698
TM4SF5	SRR5949422	1.149752993629983
TM4SF5	SRR5949423	1.149752993629983
TM4SF5	SRR5949424	1.1499000124654937
TM4SF5	SRR5949425	1.149752993629983
TM4SF5	SRR5949426	1.1498700492655702
TM4SF5	SRR5949427	1.149752993629983
TM4SF5	SRR5949428	1.1499000124654937
TM4SF5	SRR5949429	1.149461221160821
TM4SF5	SRR5949430	1.1497815594090803
TM4SF5	SRR5949431	1.1497815594090803
TM4SF5	SRR5949432	1.149801355279094
TM4SF5	SRR5949433	1.149757132515299
TM4SF5	SRR5949434	1.149757132515299
TM4SF5	SRR5949435	1.1495510677538354
TM4SF5	SRR5949436	1.1498283651018633
TM4SF5	SRR5949437	1.149461221160821
TM4SF5	SRR5949438	1.1493806150832857
TM4SF5	SRR5949439	1.1498758641415114
TM4SF5	SRR5949440	1.1498700492655702
TM4SF5	SRR5949441	1.1498700492655702
TM4SF5	SRR5949442	1.1496516232140812
TM4SF5	SRR5949443	1.1495611354981103
TM4SF5	SRR5949444	1.1495012298161975
TM4SF5	SRR5949445	1.1499000124654937
TM4SF5	SRR5949446	1.1498700492655702
TM4SF5	SRR5949447	1.149757132515299
TM4SF5	SRR5949448	1.1499000124654937
TM4SF5	SRR5949449	1.1499000124654937
TM4SF5	SRR5949450	1.1497815594090803
TM4SF5	SRR5949451	1.1496993836519698
TM4SF5	SRR5949452	1.1498041981068907
TM4SF5	SRR5949453	1.1497815594090803
TM4SF5	SRR5949454	1.1498041981068907
TM4SF5	SRR5949455	1.149757132515299
TM4SF5	SRR5949456	1.1498758641415114
TM4SF5	SRR5949457	1.1498700492655702
TM4SF5	SRR5949458	1.1498758641415114
TM4SF5	SRR5949459	1.149801355279094
TM4SF5	SRR5949460	1.1495611354981103
TM4SF5	SRR5949461	1.1490004023259148
TM4SF5	SRR5949462	1.1498283651018633
TM4SF5	SRR5949463	1.1495510677538354
TM4SF5	SRR5949464	1.1494610034998385
TM4SF5	SRR5949465	1.1489587806071277
TM4SF5	SRR5949466	1.1497815594090803
TM4SF5	SRR5949467	1.1489471817569916
TM4SF5	SRR5949468	1.1498283651018633
TM4SF5	SRR5949469	1.1498700492655702
TM4SF5	SRR5949470	1.1498041981068907
TM4SF5	SRR5949471	1.149727479151349
TM4SF5	SRR5949472	1.149801355279094
TM4SF5	SRR5949473	1.149801355279094
TM4SF5	SRR5949474	1.149757132515299
TM4SF5	SRR5949475	1.1499000124654937
TM4SF5	SRR5949476	1.1498041981068907
TM4SF5	SRR5949477	1.1498700492655702
TM4SF5	SRR5949478	1.149801355279094
TM4SF5	SRR5949479	1.149283393549715
TM4SF5	SRR5949480	1.149752993629983
TM4SF5	SRR5949481	1.1498700492655702
TM4SF5	SRR5949482	1.1496653216499102
TM4SF5	SRR5949483	1.1492630102128836
TM4SF5	SRR5949484	1.1498283651018633
TM4SF5	SRR5949485	1.1495012298161975
TM4SF5	SRR5949486	1.149757132515299
TM4SF5	SRR5949487	1.149752993629983
TM4SF5	SRR5949488	1.149461221160821
TM4SF5	SRR5949489	1.1496058907069004
TM4SF5	SRR5949490	1.1496058907069004
TM4SF5	SRR5949491	1.149757132515299
TM4SF5	SRR5949492	1.1496058907069004
TM4SF5	SRR5949493	1.149727479151349
TM4SF5	SRR5949494	1.1499000124654937
TM4SF5	SRR5949495	1.1494707522857042
TM4SF5	SRR5949496	1.149727479151349
TM4SF5	SRR5949497	1.149727479151349
TM4SF5	SRR5949498	1.1497815594090803
TM4SF5	SRR5949499	1.1498283651018633
TM4SF5	SRR5949500	1.1494121443044876
TM4SF5	SRR5949501	1.149515806070026
TM4SF5	SRR5949502	1.1492573238148507
TM4SF5	SRR5949503	1.149639556483191
TM4SF5	SRR5949504	1.1498041981068907
TM4SF5	SRR5949505	1.1498041981068907
TM4SF5	SRR5949506	1.1498041981068907
TM4SF5	SRR5949507	1.1498700492655702
TM4SF5	SRR5949508	1.149752993629983
TM4SF5	SRR5949509	1.1498283651018633
TM4SF5	SRR5949510	1.1498041981068907
TM4SF5	SRR5949511	1.1489592829745587
TM4SF5	SRR5949512	1.149801355279094
TM4SF5	SRR5949513	1.1499000124654937
TM4SF5	SRR5949514	1.149659680044542
TM4SF5	SRR5949515	1.1498283651018633
TM4SF5	SRR5949516	1.149757132515299
TM4SF5	SRR5949517	1.1498041981068907
TM4SF5	SRR5949518	1.149283393549715
TM4SF5	SRR5949519	1.1496058907069004
TM4SF5	SRR5949520	1.1498700492655702
TM4SF5	SRR5949521	1.1490859664004887
TM4SF5	SRR5949522	1.149801355279094
TM4SF5	SRR5949523	1.1498700492655702
TM4SF5	SRR5949524	1.149757132515299
TM4SF5	SRR5949525	1.149659680044542
TM4SF5	SRR5949526	1.1489944018824365
TM4SF5	SRR5949527	1.149639556483191
TM4SF5	SRR5949528	1.1483720675437479
TM4SF5	SRR5949529	1.1495224477062624
TM4SF5	SRR5949530	1.149727479151349
TM4SF5	SRR5949531	1.1496653216499102
TM4SF5	SRR5949532	1.1498700492655702
TM4SF5	SRR5949533	1.1499000124654937
TM4SF5	SRR5949534	1.149659680044542
TM4SF5	SRR5949535	1.1498283651018633
TM4SF5	SRR5949536	1.1497815594090803
TM4SF5	SRR5949537	1.1498700492655702
TM4SF5	SRR5949538	1.1499000124654937
TM4SF5	SRR5949539	1.149727479151349
TM4SF5	SRR5949540	1.1495611354981103
TM4SF5	SRR5949541	1.149727479151349
TM4SF5	SRR5949542	1.1495224477062624
TM4SF5	SRR5949543	1.149752993629983
TM4SF5	SRR5949544	1.1495611354981103
TM4SF5	SRR5949545	1.149283393549715
TM4SF5	SRR5949546	1.149639556483191
TM4SF5	SRR5949547	1.1499000124654937
TM4SF5	SRR5949548	1.149757132515299
TM4SF5	SRR5949549	1.1494121443044876
TM4SF5	SRR5949550	1.1489471817569916
TM4SF5	SRR5949551	1.149801355279094
TM4SF5	SRR5949552	1.1494823274298185
TM4SF5	SRR5949553	1.1498758641415114
TM4SF5	SRR5949554	1.1498041981068907
TM4SF5	SRR5949555	1.1409427054301
TM4SF5	SRR5949556	1.149515806070026
TM4SF5	SRR5949557	1.1497815594090803
TM4SF5	SRR5949558	1.1494707522857042
TM4SF5	SRR5949559	1.1498283651018633
TM4SF5	SRR5949560	1.1498283651018633
TM4SF5	SRR5949561	1.1490061236504394
TM4SF5	SRR5949562	1.1495012298161975
TM4SF5	SRR5949563	1.1497815594090803
TM4SF5	SRR5949564	1.149801355279094
TM4SF5	SRR5949565	1.1498758641415114
TM4SF5	SRR5949566	1.1498283651018633
TM4SF5	SRR5949567	1.1479342052496542
TM4SF5	SRR5949568	1.1495565511841175
TM4SF5	SRR5949569	1.149614382860247
TM4SF5	SRR5949570	1.149727479151349
TM4SF5	SRR5949571	1.1493287860193127
TM4SF5	SRR5949572	1.1496993836519698
TM4SF5	SRR5949573	1.1495565511841175
TM4SF5	SRR5949574	1.1497815594090803
TM4SF5	SRR5949575	1.149752993629983
TM4SF5	SRR5949576	1.1496993836519698
TM4SF5	SRR5949577	1.1498758641415114
TM4SF5	SRR5949578	1.1497815594090803
TM4SF5	SRR5949579	1.1498283651018633
TM4SF5	SRR5949580	1.1498283651018633
TM4SF5	SRR5949581	1.1499000124654937
TM4SF5	SRR5949582	1.149614382860247
TM4SF5	SRR5949583	1.1498758641415114
TM4SF5	SRR5949584	1.1489713533334538
TM4SF5	SRR5949585	1.149801355279094
TM4SF5	SRR5949586	1.1498041981068907
TM4SF5	SRR5949587	1.149757132515299
TM4SF5	SRR5949588	1.14823324140182
TM4SF5	SRR5949589	1.1499000124654937
TM4SF5	SRR5949590	1.149639556483191
TM4SF5	SRR5949591	1.1498283651018633
TM4SF5	SRR5949592	1.1496653216499102
TM4SF5	SRR5949593	1.1499000124654937
TM4SF5	SRR5949594	1.1496993836519698
TM4SF5	SRR5949595	1.1498041981068907
TM4SF5	SRR5949596	1.149757132515299
TM4SF5	SRR5949597	1.1492327898220787
TM4SF5	SRR5949598	1.149727479151349
TM4SF5	SRR5949599	1.149639556483191
TM4SF5	SRR5949600	1.1497815594090803
TM4SF5	SRR5949601	1.1496993836519698
TM4SF5	SRR5949602	1.1499000124654937
TM4SF5	SRR5949603	1.149801355279094
TM4SF5	SRR5949604	1.1498041981068907
TM4SF5	SRR5949605	1.1496993836519698
TM4SF5	SRR5949606	1.1494707522857042
TM4SF5	SRR5949607	1.1498700492655702
TM4SF5	SRR5949608	1.1490004023259148
TM4SF5	SRR5950246	1.1489592829745587
TM4SF5	SRR5950247	1.1494707522857042
TM4SF5	SRR5950248	1.1497815594090803
TM4SF5	SRR5950249	1.1499000124654937
TM4SF5	SRR5950250	1.1495611354981103
TM4SF5	SRR5950251	1.1497815594090803
TM4SF5	SRR5950252	1.1498758641415114
TM4SF5	SRR5950253	1.1498041981068907
TM4SF5	SRR5950254	1.1494707522857042
TM4SF5	SRR5950255	1.1492327898220787
TM4SF5	SRR5950256	1.14882817140177
TM4SF5	SRR5950257	1.1487945702274995
TM4SF5	SRR5950258	1.149801355279094
TM4SF5	SRR5950259	1.1498283651018633
TM4SF5	SRR5950260	1.1497815594090803
TM4SF5	SRR5950261	1.149801355279094
TM4SF5	SRR5950262	1.149659680044542
TM4SF5	SRR5950263	1.1492573238148507
TM4SF5	SRR5950264	1.1498700492655702
TM4SF5	SRR5950265	1.1495611354981103
TM4SF5	SRR5950266	1.1489684643066176
TM4SF5	SRR5950267	1.149801355279094
TM4SF5	SRR5950268	1.1496993836519698
TM4SF5	SRR5950269	1.149727479151349
TM4SF5	SRR5950270	1.1494610034998385
TM4SF5	SRR5950271	1.1499000124654937
TM4SF5	SRR5950272	1.1499000124654937
TM4SF5	SRR5950273	1.1497815594090803
TM4SF5	SRR5950274	1.1496516232140812
TM4SF5	SRR5950275	1.1496993836519698
TM4SF5	SRR5950276	1.149801355279094
TM4SF5	SRR5950277	1.149515806070026
TM4SF5	SRR5950278	1.1492438683694057
TM4SF5	SRR5950279	1.149757132515299
TM4SF5	SRR5950280	1.1498041981068907
TM4SF5	SRR5950281	1.1496993836519698
TM4SF5	SRR5950282	1.1493287860193127
TM4SF5	SRR5950283	1.149801355279094
TM4SF5	SRR5950284	1.1466271340242074
TM4SF5	SRR5950285	1.1494823274298185
TM4SF5	SRR5950286	1.1497815594090803
TM4SF5	SRR5950287	1.1491016556665985
TM4SF5	SRR5950288	1.1495510677538354
TM4SF5	SRR5950289	1.1490061236504394
TM4SF5	SRR5950290	1.1498283651018633
TM4SF5	SRR5950291	1.149801355279094
TM4SF5	SRR5950292	1.1496653216499102
TM4SF5	SRR5950293	1.1494610034998385
TM4SF5	SRR5950294	1.1499000124654937
TM4SF5	SRR5950295	1.1498758641415114
TM4SF5	SRR5950296	1.149752993629983
TM4SF5	SRR5950297	1.1494508753827517
TM4SF5	SRR5950298	1.1498283651018633
TM4SF5	SRR5950299	1.149614382860247
TM4SF5	SRR5950300	1.149757132515299
TM4SF5	SRR5950301	1.149801355279094
TM4SF5	SRR5950302	1.149752993629983
TM4SF5	SRR5950303	1.149614382860247
TM4SF5	SRR5950304	1.149461221160821
TM4SF5	SRR5950305	1.149752993629983
TM4SF5	SRR5950306	1.149752993629983
TM4SF5	SRR5950307	1.1496058907069004
TM4SF5	SRR5950308	1.1496653216499102
TM4SF5	SRR5950309	1.1496993836519698
TM4SF5	SRR5950310	1.1497815594090803
TM4SF5	SRR5950311	1.1498700492655702
TM4SF5	SRR5950312	1.149801355279094
TM4SF5	SRR5950313	1.1496653216499102
TM4SF5	SRR5950314	1.1498283651018633
TM4SF5	SRR5950315	1.149801355279094
TM4SF5	SRR5950316	1.1498700492655702
TM4SF5	SRR5950317	1.149614382860247
TM4SF5	SRR5950318	1.1494610034998385
TM4SF5	SRR5950319	1.149639556483191
TM4SF5	SRR5950320	1.149614382860247
TM4SF5	SRR5950321	1.148836459359721
TM4SF5	SRR5950322	1.1495224477062624
TM4SF5	SRR5950323	1.1496516232140812
TM4SF5	SRR5950324	1.1498283651018633
TM4SF5	SRR5950325	1.149659680044542
TM4SF5	SRR5950326	1.149515806070026
TM4SF5	SRR5950327	1.149801355279094
TM4SF5	SRR5950328	1.149801355279094
TM4SF5	SRR5950329	1.149752993629983
TM4SF5	SRR5950330	1.149639556483191
TM4SF5	SRR5950331	1.1493287860193127
TM4SF5	SRR5950332	1.1494707522857042
TM4SF5	SRR5950333	1.1498283651018633
TM4SF5	SRR5950334	1.1498283651018633
TM4SF5	SRR5950335	1.1498283651018633
TM4SF5	SRR5950336	1.1477909267796054
TM4SF5	SRR5950337	1.1490522198255662
TM4SF5	SRR5950338	1.1484554126990747
TM4SF5	SRR5950339	1.1499000124654937
TM4SF5	SRR5950340	1.1496058907069004
TM4SF5	SRR5950341	1.1496653216499102
TM4SF5	SRR5950342	1.1498700492655702
TM4SF5	SRR5950343	1.1496653216499102
TM4SF5	SRR5950344	1.1495224477062624
TM4SF5	SRR5950345	1.1496516232140812
TM4SF5	SRR5950346	1.149801355279094
TM4SF5	SRR5950347	1.149752993629983
TM4SF5	SRR5950348	1.1496058907069004
TM4SF5	SRR5950349	1.1498758641415114
TM4SF5	SRR5950350	1.1497815594090803
TM4SF5	SRR5950351	1.1491016556665985
TM4SF5	SRR5950352	1.1498700492655702
TM4SF5	SRR5950353	1.149752993629983
TM4SF5	SRR5950354	1.1498700492655702
TM4SF5	SRR5950355	1.1498700492655702
TM4SF5	SRR5950356	1.1489979896611313
TM4SF5	SRR5950357	1.1498700492655702
TM4SF5	SRR5950358	1.149614382860247
TM4SF5	SRR5950359	1.149727479151349
TM4SF5	SRR5950360	1.1498700492655702
TM4SF5	SRR5950361	1.1498700492655702
TM4SF5	SRR5950362	1.1495224477062624
TM4SF5	SRR5950363	1.1494508753827517
TM4SF5	SRR5950364	1.149639556483191
TM4SF5	SRR5950365	1.1498041981068907
TM4SF5	SRR5950366	1.1498283651018633
TM4SF5	SRR5950367	1.1489024179979748
TM4SF5	SRR5950368	1.149752993629983
TM4SF5	SRR5950369	1.1499000124654937
TM4SF5	SRR5950370	1.1499000124654937
TM4SF5	SRR5950371	1.149801355279094
TM4SF5	SRR5950372	1.1498041981068907
TM4SF5	SRR5950373	1.149757132515299
TM4SF5	SRR5950374	1.149757132515299
TM4SF5	SRR5950375	1.1498700492655702
TM4SF5	SRR5950376	1.1499000124654937
TM4SF5	SRR5950377	1.1494121443044876
TM4SF5	SRR5950378	1.149757132515299
TM4SF5	SRR5950379	1.149752993629983
TM4SF5	SRR5950380	1.1496653216499102
TM4SF5	SRR5950381	1.149659680044542
TM4SF5	SRR5950382	1.1491016556665985
TM4SF5	SRR5950383	1.1498758641415114
TM4SF5	SRR5950384	1.1498283651018633
TM4SF5	SRR5950385	1.1490859664004887
TM4SF5	SRR5950386	1.1498700492655702
TM4SF5	SRR5950387	1.1498758641415114
TM4SF5	SRR5950388	1.1495611354981103
TM4SF5	SRR5950389	1.1485352709618715
TM4SF5	SRR5950390	1.1496993836519698
TM4SF5	SRR5950391	1.1499000124654937
TM4SF5	SRR5950392	1.1491016556665985
TM4SF5	SRR5950393	1.1495565511841175
TM4SF5	SRR5950394	1.149727479151349
TM4SF5	SRR5950395	1.149752993629983
TM4SF5	SRR5950396	1.1499000124654937
TM4SF5	SRR5950397	1.1498758641415114
TM4SF5	SRR5950398	1.1498758641415114
TM4SF5	SRR5950399	1.149659680044542
TM4SF5	SRR5950400	1.1496993836519698
TM4SF5	SRR5950401	1.1498700492655702
TM4SF5	SRR5950402	1.1498700492655702
TM4SF5	SRR5950403	1.1497815594090803
TM4SF5	SRR5950404	1.1498041981068907
TM4SF5	SRR5950405	1.14823324140182
TM4SF5	SRR5950406	1.1493806150832857
TM4SF5	SRR5950407	1.149801355279094
TM4SF5	SRR5950408	1.149461221160821
TM4SF5	SRR5950409	1.1495565511841175
TM4SF5	SRR5950410	1.1499000124654937
TM4SF5	SRR5950411	1.1498283651018633
TM4SF5	SRR5950412	1.1498700492655702
TM4SF5	SRR5950413	1.1493657120956842
TM4SF5	SRR5950414	1.149801355279094
TM4SF5	SRR5950415	1.149614382860247
TM4SF5	SRR5950416	1.1496653216499102
TM4SF5	SRR5950417	1.1496993836519698
TM4SF5	SRR5950418	1.1495510677538354
TM4SF5	SRR5950419	1.1498700492655702
TM4SF5	SRR5950420	1.149752993629983
TM4SF5	SRR5950421	1.1495611354981103
TM4SF5	SRR5950422	1.1494707522857042
TM4SF5	SRR5950423	1.149757132515299
TM4SF5	SRR5950424	1.1498283651018633
TM4SF5	SRR5950425	1.1498700492655702
TM4SF5	SRR5950426	1.1496058907069004
TM4SF5	SRR5950427	1.1498283651018633
TM4SF5	SRR5950428	1.149757132515299
TM4SF5	SRR5950429	1.1498700492655702
TM4SF5	SRR5950430	1.149727479151349
TM4SF5	SRR5950431	1.149727479151349
TM4SF5	SRR5950432	1.1498041981068907
TM4SF5	SRR5950433	1.149801355279094
TM4SF5	SRR5950434	1.1495611354981103
TM4SF5	SRR5950435	1.149757132515299
TM4SF5	SRR5950436	1.1498700492655702
TM4SF5	SRR5950437	1.149727479151349
TM4SF5	SRR5950438	1.1498283651018633
TM4SF5	SRR5950439	1.1498758641415114
TM4SF5	SRR5950440	1.145365413736815
TM4SF5	SRR5950441	1.1494707522857042
TM4SF5	SRR5950442	1.1497815594090803
TM4SF5	SRR5950443	1.149659680044542
TM4SF5	SRR5950444	1.149801355279094
TM4SF5	SRR5950445	1.1498041981068907
TM4SF5	SRR5950446	1.1496516232140812
TM4SF5	SRR5950447	1.1494257243385793
TM4SF5	SRR5950448	1.149801355279094
TM4SF5	SRR5950449	1.1498041981068907
TM4SF5	SRR5950450	1.1498700492655702
TM4SF5	SRR5950451	1.1499000124654937
TM4SF5	SRR5950452	1.1494823274298185
TM4SF5	SRR5950453	1.1498283651018633
TM4SF5	SRR5950454	1.1494823274298185
TM4SF5	SRR5950455	1.1498283651018633
TM4SF5	SRR5950456	1.149757132515299
TM4SF5	SRR5950457	1.149659680044542
TM4SF5	SRR5950458	1.1499000124654937
TM4SF5	SRR5950459	1.149752993629983
TM4SF5	SRR5950460	1.149752993629983
TM4SF5	SRR5950461	1.1497815594090803
TM4SF5	SRR5950462	1.1492630102128836
TM4SF5	SRR5950463	1.149614382860247
TM4SF5	SRR5950464	1.149515806070026
TM4SF5	SRR5950465	1.1449587156171235
TM4SF5	SRR5950466	1.149801355279094
TM4SF5	SRR5950467	1.149752993629983
TM4SF5	SRR5950468	1.149801355279094
TM4SF5	SRR5950469	1.149639556483191
TM4SF5	SRR5950470	1.1498700492655702
TM4SF5	SRR5963912	1.1499000124654937
TM4SF5	SRR5963913	1.1495224477062624
TM4SF5	SRR5963914	1.1499000124654937
TM4SF5	SRR5963915	1.1495611354981103
TM4SF5	SRR5963916	1.1494121443044876
TM4SF5	SRR5963917	1.1496993836519698
TM4SF5	SRR5963918	1.149727479151349
TM4SF5	SRR5963919	1.1498041981068907
TM4SF5	SRR5963920	1.149757132515299
TM4SF5	SRR5963921	1.1498283651018633
TM4SF5	SRR5963922	1.1496653216499102
TM4SF5	SRR5963923	1.149727479151349
TM4SF5	SRR5963924	1.1498041981068907
TM4SF5	SRR5963925	1.1495224477062624
TM4SF5	SRR5963926	1.149515806070026
TM4SF5	SRR5963927	1.1498758641415114
TM4SF5	SRR5963928	1.1494823274298185
TM4SF5	SRR5963929	1.149801355279094
TM4SF5	SRR5963930	1.1493287860193127
TM4SF5	SRR5963931	1.1499000124654937
TM4SF5	SRR5963932	1.149757132515299
TM4SF5	SRR5963933	1.149659680044542
TM4SF5	SRR5963934	1.1494257243385793
TM4SF5	SRR5963935	1.1499000124654937
TM4SF5	SRR5963936	1.1495510677538354
TM4SF5	SRR5963937	1.1492573238148507
TM4SF5	SRR5963938	1.149801355279094
TM4SF5	SRR5963939	1.1498041981068907
TM4SF5	SRR5963940	1.1498700492655702
TM4SF5	SRR5963941	1.1499000124654937
TM4SF5	SRR5963942	1.1499000124654937
TM4SF5	SRR5963943	1.1498283651018633
TM4SF5	SRR5963944	1.1499000124654937
TM4SF5	SRR5963945	1.1498758641415114
TM4SF5	SRR5963946	1.149801355279094
TM4SF5	SRR5963947	1.149801355279094
TM4SF5	SRR5963948	1.149801355279094
TM4SF5	SRR6467548	251.44172475749292
TM4SF5	SRR6467549	269.40784974576997
TM4SF5	SRR6467550	467.37875137006523
TM4SF5	SRR6467551	459.43577021670916
TM4SF5	SRR6467552	374.0803835757173
TM4SF5	SRR6467553	179.55368909299148
TM4SF5	SRR6467554	196.32949355939888
TM4SF5	SRR6467555	192.7388807883883
TM4SF5	SRR6467556	186.17634073249565
TM4SF5	SRR6467557	425.8076174310615
TM4SF5	SRR6467558	237.71050926352325
TM4SF5	SRR6467559	234.50894002056853
TM4SF5	SRR6467560	249.52307693597245
TM4SF5	SRR6467561	240.78081624750746
TM4SF5	SRR6467562	337.27445498784004
TM4SF5	SRR6467563	528.2533164135614
TM4SF5	SRR6467564	396.88053446042125
TM4SF5	SRR6467565	177.70711629019303
TM4SF5	SRR6467566	206.53349506811267
TM4SF5	SRR6467567	331.63190108576265
TM4SF5	SRR6467568	83.34046184288512
TM4SF5	SRR6467569	131.90316229655915
TM4SF5	SRR6467570	49.74679952806885
TM4SF5	SRR6467571	75.05398883716903
TM4SF5	SRR6467572	176.07667448659478
TM4SF5	SRR6467573	116.78860100382313
TM4SF5	SRR6467574	71
TM4SF5	SRR6467575	83.45315566472665
TM4SF5	SRR6467576	197.920918997904
TM4SF5	SRR6467577	165.23763638418353
TM4SF5	SRR6467578	46.454194802644345
TM4SF5	SRR6467579	72.76203585093494
TM4SF5	SRR6467580	256.1397958580663
TM4SF5	SRR6467581	79.9992500193995
TM4SF5	SRR6467582	43.296664451486926
TM4SF5	SRR6467583	99
TM4SF5	SRR6467584	77.27958846937112
TM4SF5	SRR6467585	54.44832783973523
TM4SF5	SRR6467586	53.24445315906299
TM4SF5	SRR6467587	132.9061284865937
TM4SF5	SRR6467588	243.82199916110855
TM4SF5	SRR6467589	155
TM4SF5	SRR6467590	43.11882707310311
TM4SF5	SRR6467591	61.641695721593415
TM4SF5	SRR6467592	27.210047570392256
TM4SF5	SRR6467593	65.29498867849367
TM4SF5	SRR6467594	56.62824120319908
TM4SF5	SRR6467595	75.16438080934184
TM4SF5	SRR6467596	96
TM4SF5	SRR6467597	31.428408798539156
TM4SF5	SRR6467598	68.55432584830555
TM4SF5	SRR6467599	75.28055572021486
TM4SF5	SRR6467600	45.21683559827538
TM4SF5	SRR6467601	36.20083742578906
TM4SF5	SRR6467602	56.652594607499786
TM4SF5	SRR6467603	178
TM4SF5	SRR6467604	90.3802262128661
TM4SF5	SRR6467605	20.071478231945637
TM4SF5	SRR6467606	138
TM4SF5	SRR6467607	38
TM4SF5	SRR6467608	100.26272514823874
TM4SF5	SRR6467609	102.01835125156646
TM4SF5	SRR6467610	107.05805998633875
TM4SF5	SRR6467611	141.0267073818741
TM4SF5	SRR6467612	179.03312722568447
TM4SF5	SRR6467613	101
TM4SF5	SRR6467614	33
TM4SF5	SRR6467615	104.30848532542285
TM4SF5	SRR6467616	34.33635367053664
TM4SF5	SRR6467617	64.42680730475038
TM4SF5	SRR6467618	69
TM4SF5	SRR6467619	123.50955337621447
TM4SF5	SRR6467620	41.106292686946176
TM4SF5	SRR6467621	157.80182944078166
TM4SF5	SRR6467622	68.00907828810493
TM4SF5	SRR6467623	108.479517082812
TM4SF5	SRR6467624	199.03580293197768
TM4SF5	SRR6467625	109
TM4SF5	SRR6467626	226
TM4SF5	SRR6467627	30.301912426614887
TM4SF5	SRR6467628	75
TM4SF5	SRR6467629	173.28838591164327
TM4SF5	SRR6467630	68.04894987903326
TM4SF5	SRR6467631	82.07379138219079
TM4SF5	SRR6467632	117.83976306172507
TM4SF5	SRR6467633	40
TM4SF5	SRR6467634	162.64739901216797
TM4SF5	SRR6467635	125.03401548219217
TM4SF5	SRR6467636	55.554452927059565
TM4SF5	SRR6467637	24
TM4SF5	SRR6467638	74
TM4SF5	SRR6467639	23.0728757204243
TM4SF5	SRR6467640	110.25919447548712
TM4SF5	SRR6467641	70.64979480912895
TM4SF5	SRR6467642	51.981510135515194
TM4SF5	SRR6467643	24.300312012148378
TM4SF5	SRR6467644	161
TM4SF5	SRR6467645	169.25828013931334
TM4SF5	SRR6467646	242
TM4SF5	SRR6467647	31.12796269484329
TM4SF5	SRR6467648	138.7967614903974
TM4SF5	SRR6467649	70.3704495128455
TM4SF5	SRR6467650	21.11493304744734
TM4SF5	SRR6467651	203.59137412232252
TM4SF5	SRR6467652	35.006296998086526
TM4SF5	SRR6467653	113.1113154675963
TM4SF5	SRR6467654	96.35911132187502
TM4SF5	SRR6467655	164
TM4SF5	SRR6467656	89.86150240601313
TM4SF5	SRR6467657	53
TM4SF5	SRR6467658	102
TM4SF5	SRR6467659	41.95642923545331
TM4SF5	SRR6467660	97.66374001108636
TM4SF5	SRR6467661	89.97782726456529
TM4SF5	SRR6467662	88.56881891884339
TM4SF5	SRR6467663	123.34327348056352
TM4SF5	SRR6467664	88.29065455797371
TM4SF5	SRR6467665	136
TM4SF5	SRR6467666	152
TM4SF5	SRR6467667	19.40233681833816
TM4SF5	SRR6467668	86.31862087240171
TM4SF5	SRR6467669	124
TM4SF5	SRR6467670	179
TM4SF5	SRR6467671	31.760399953227363
TM4SF5	SRR6467672	69.61063947463232
TM4SF5	SRR6467673	34.326060700316255
TM4SF5	SRR6467674	59.36904901050649
TM4SF5	SRR6467675	86.7432083886028
TM4SF5	SRR6467676	46.4598359838666
TM4SF5	SRR6467677	121
TM4SF5	SRR6467678	28
TM4SF5	SRR6467679	160
TM4SF5	SRR6467680	85.91199415104921
TM4SF5	SRR6467681	100
TM4SF5	SRR6467682	24.1436410561484
TM4SF5	SRR6467683	161.7913937935739
TM4SF5	SRR6467684	239.6196085897594
TM4SF5	SRR6467685	20.281917403578944
TM4SF5	SRR6467686	163.23475594316312
TM4SF5	SRR6467687	135.90416943600994
TM4SF5	SRR6467688	70
TM4SF5	SRR6467689	63.62388326646765
TM4SF5	SRR6467690	50.27337161438871
TM4SF5	SRR6467691	115.63802898574122
TM4SF5	SRR6467692	23.02312026144479
TM4SF5	SRR6467693	76.29739023070132
TM4SF5	SRR6467694	202.5217118899842
TM4SF5	SRR6467695	43.19646681676179
TM4SF5	SRR6467696	49.28962256619282
TM4SF5	SRR6467697	205
TM4SF5	SRR6467698	12.056426267895292
TM4SF5	SRR6467699	262
TM4SF5	SRR6467700	58.07223456126627
TM4SF5	SRR6467701	137
TM4SF5	SRR6467702	55.788551702295
TM4SF5	SRR6467703	124.51720567432868
TM4SF5	SRR6467704	149.41583535450377
TM4SF5	SRR6467705	64.41795525408781
TM4SF5	SRR6467706	98.7916396917576
TM4SF5	SRR6467707	130
TM4SF5	SRR6467708	107.184660978332
TM4SF5	SRR6467709	50
TM4SF5	SRR6467710	87.07829085671462
TM4SF5	SRR6467711	69.09421614191793
TM4SF5	SRR6467712	65.7310759228272
TM4SF5	SRR6467713	40.539512446457735
TM4SF5	SRR6467714	96.57325795777285
TM4SF5	SRR6467715	148
TM4SF5	SRR6467716	46
TM4SF5	SRR6467717	45.55263656446824
TM4SF5	SRR6467718	18.27736455908373
TM4SF5	SRR6467719	79.28475087057907
TM4SF5	SRR6467720	193
TM4SF5	SRR6467721	122.19768805060434
TM4SF5	SRR6467722	169.73275151371757
TM4SF5	SRR6467723	97
TM4SF5	SRR6467724	427
TM4SF5	SRR6467725	59
TM4SF5	SRR6467726	33.40609769742897
TM4SF5	SRR6467727	77.17632120264128
TM4SF5	SRR6467728	87
TM4SF5	SRR6467729	23.158477470895768
TM4SF5	SRR6467730	89.18924761073745
TM4SF5	SRR6467731	45.444653266032454
TM4SF5	SRR6467732	84.2113717936979
TM4SF5	SRR6467733	108.18638678186781
TM4SF5	SRR6467734	101.28694756681375
TM4SF5	SRR6467735	62.512441442528136
TM4SF5	SRR6467736	70.43415244839325
TM4SF5	SRR6467737	163.00541905940622
TM4SF5	SRR6467738	48.017273319898464
TM4SF5	SRR6467739	88
TM4SF5	SRR6467740	138.73733507698404
TM4SF5	SRR6467741	25.05097171100011
TM4SF5	SRR6467742	73
TM4SF5	SRR6467743	89
TM4SF5	SRR6467744	47
TM4SF5	SRR6467745	59.02123178904186
TM4SF5	SRR6467746	37.29353177262632
TM4SF5	SRR6467747	66.15707571218782
TM4SF5	SRR6467748	219.6228560402404
TM4SF5	SRR6467749	56
TM4SF5	SRR6467750	162.3842725344128
TM4SF5	SRR6467751	47.71054207016908
TM4SF5	SRR6467752	110.90359718888733
TM4SF5	SRR6467753	148.4317999549322
TM4SF5	SRR6467754	58.5931161924702
TM4SF5	SRR6467755	159.31248476482986
TM4SF5	SRR6467756	101.12726803686412
TM4SF5	SRR6467757	69
TM4SF5	SRR6467758	54
TM4SF5	SRR6467759	38.215208947628376
TM4SF5	SRR6467760	175.34575644899812
TM4SF5	SRR6467761	39.142966277896306
TM4SF5	SRR6467762	45.225249126429226
TM4SF5	SRR6467763	70.82622061740764
TM4SF5	SRR6467764	128.95690708271707
TM4SF5	SRR6467765	41.050975644672576
TM4SF5	SRR6467766	46.6823423152147
TM4SF5	SRR6467767	169.1434626432068
TM4SF5	SRR6467768	82.01060711253363
TM4SF5	SRR6467769	41.73719991574627
TM4SF5	SRR6467770	151
TM4SF5	SRR6467771	87.15049486790458
TM4SF5	SRR6467772	192.35857052766147
TM4SF5	SRR6467773	153.59996351756
TM4SF5	SRR6868540	1.014833528591624
TM4SF5	SRR6868541	1.0278088358193622
TM4SF5	SRR6868542	1.0479902723259678
TM4SF5	SRR6868543	1.0152962713927551
TM4SF5	SRR6868544	2.015701336701052
TM4SF5	SRR6868545	1.0249330155513252
TM4SF5	SRR6868546	1.0159083502043025
TM4SF5	SRR6868557	1.0593600439616915
TM4SF5	SRR6868558	1.0493300957915759
TM4SF5	SRR6868559	1.0328318116514645
TM4SF5	SRR6868560	1.0099883345290224
TM4SF5	SRR6868569	1.0619340218072668
TM4SF5	SRR6868570	1.021819771575531
TM4SF5	SRR6868571	2.0894881813714936
TM4SF5	SRR6868572	1.0118502062800996
TM4SF5	SRR6868573	2.0825664414069522
TM4SF5	SRR6868574	1.012246901299347
TM4SF5	SRR6868575	1.0259969817544445
TM4SF5	SRR6868576	1.0160012233415483
TM4SF5	SRR6868577	1.0327907588593586
TM4SF5	SRR6868578	1.0155770602095007
TM4SF5	SRR6868579	1.0440699430515605
TM4SF5	SRR6868580	1.010777171167205
TM4SF5	SRR6868581	1.03420300501297
TM4SF5	SRR6868582	1.0329389684351513
TM4SF5	SRR6868585	1.0223918119367361
TM4SF5	SRR6868586	1.0597439032108176
TM4SF5	SRR6868587	1.060061410485746
TM4SF5	SRR6868588	1.0071961768814546
TM4SF5	SRR6868589	1.011034509868234
TM4SF5	SRR6868590	1.0323588353795468
TM4SF5	SRR6868591	1.0131259716901864
TM4SF5	SRR6868604	1.0759055098033201
TM4SF5	SRR6868605	1.032097998410507
TM4SF5	SRR6868606	1.041059675092619
TM4SF5	SRR6868607	1.034652621245776
TM4SF5	SRR6868608	1.0244646566921864
TM4SF5	SRR6868609	1.0441915254956329
TM4SF5	SRR6868610	1.0393379767471147
TM4SF5	SRR6868620	1.0113983415873453
TM4SF5	SRR6868621	1.0220565106412052
TM4SF5	SRR6868622	1.024234840404088
TM4SF5	SRR6868623	1.0549853092368588
TM4SF5	SRR6868636	1.0440226673600839
TM4SF5	SRR6868637	1.0261125159944735
TM4SF5	SRR6868638	1.0463813724818791
TM4SF5	SRR6868639	1.0108348986886093
TM4SF5	SRR6868650	1.0398318552023067
TM4SF5	SRR6868651	1.0291416181729598
TM4SF5	SRR6868652	1.0307116122012634
TM4SF5	SRR6868653	1.018954738657396
TM4SF5	SRR6868654	1.0151196581488149
TM4SF5	SRR6868655	1.0354304322438237
TM4SF5	SRR6868665	1.014468461127958
TM4SF5	SRR6868666	1.0102626902497998
TM4SF5	SRR6868667	1.0115422842820772
TM4SF5	SRR6868668	1.007478603420533
TM4SF5	SRR6868669	1.0076418198872807
TM4SF5	SRR6868670	1.0180906480316751
TM4SF5	SRR6868671	1.0146307116837765
TM4SF5	SRR6868683	1.012819876849361
TM4SF5	SRR6868684	1.0157800653166706
TM4SF5	SRR6868685	1.0216590406873807
TM4SF5	SRR6868686	4.041296648072696
TM4SF5	SRR6868687	1.0281563268719116
TM4SF5	SRR6868688	1.0273883935521193
TM4SF5	SRR6868689	1.014875304095207
TM4SF5	SRR6868698	1.0183812775740588
TM4SF5	SRR6868699	1.0070578570789335
TM4SF5	SRR6868700	1.0161535101018604
TM4SF5	SRR6868701	1.0106090201717064
TM4SF5	SRR6868702	1.007687418054785
TM4SF5	SRR6868713	1.010478873419224
TM4SF5	SRR6868714	1.0186954098379435
TM4SF5	SRR6868715	1.0083404689188882
TM4SF5	SRR6868716	1.0067190005273792
TM4SF5	SRR6868717	1.0103010202621463
TM4SF5	SRR6868718	1.0039004111898113
TM4SF5	SRR6868719	1.0016203938574126
TM4SF5	SRR6868720	1.0050669824037204
TM4SF5	SRR6868721	1.0112987110891343
TM4SF5	SRR6868722	1.0169002351863679
TM4SF5	SRR6868723	1.0196540145226427
TM4SF5	SRR6868724	1.0097443440669194
TM4SF5	SRR6868725	3.0125307702572686
TM4SF5	SRR6868726	1.0024121563473647
TM4SF5	SRR6868741	1.0145442086713796
TM4SF5	SRR7632756	45.37161486228593
TM4SF5	SRR7632757	9.249599574461802
TM4SF5	SRR7632758	81.8612584974287
TM4SF5	SRR7632759	31.92302378441893
TM4SF5	SRR7632760	64.27681475823935
TM4SF5	SRR7632761	67.47909026316529
TM4SF5	SRR7632762	204.4833462227251
TM4SF5	SRR7632763	58.950125967222235
TM4SF5	SRR7632764	48.73848498407393
TM4SF5	SRR7632765	45.118226316707435
TM4SF5	SRR7632766	43.30679843677163
TM4SF5	SRR7632767	41.09725415994398
TM4SF5	SRR7632768	214.4157038436639
TM4SF5	SRR7632769	40.45908484032212
TM4SF5	SRR7632770	42.34772294951359
TM4SF5	SRR7632771	109.77716504058922
TM4SF5	SRR7632772	23.440784365763786
TM4SF5	SRR7632773	55.29857666538909
TM4SF5	SRR7632774	67.42525292756092
TM4SF5	SRR7632775	42.9436623459801
TM4SF5	SRR7632776	50.85654399782525
TM4SF5	SRR7632777	23.55337169688971
TM4SF5	SRR7632778	54.22555386463083
TM4SF5	SRR7632779	73.88039558528075
TM4SF5	SRR7632780	44.16250289765736
TM4SF5	SRR7632781	131.6167658972281
TM4SF5	SRR7632782	197.66708081400304
TM4SF5	SRR7632783	33.242188869685066
TM4SF5	SRR7632784	13.113111508235853
TM4SF5	SRR7632785	31.222501324046814
TM4SF5	SRR7632786	26.03516504106818
TM4SF5	SRR7632787	140.54795861719225
TM4SF5	SRR7632788	165.373984874935
TM4SF5	SRR7632789	29.526129756456886
TM4SF5	SRR7632790	79.77608543893926
TM4SF5	SRR7632791	49.10289508878537
TM4SF5	SRR7632792	115.83919827307928
TM4SF5	SRR7632793	59.714288656202335
TM4SF5	SRR7632794	25.173694265384057
TM4SF5	SRR7632795	117.37751325345094
TM4SF5	SRR7632796	69.16852766788345
TM4SF5	SRR7632797	25.317504789525753
TM4SF5	SRR7632798	44.25207558402997
TM4SF5	SRR7632799	105.13999627174664
TM4SF5	SRR7632800	53.793500771413505
TM4SF5	SRR7632801	98.5156177306824
TM4SF5	SRR7632802	134.54941898814326
TM4SF5	SRR7632803	6.143975086651195
TM4SF5	SRR7632804	10.404738790189818
TM4SF5	SRR7632805	71.21964640717727
TM4SF5	SRR7632806	172.7934864727735
TM4SF5	SRR7632807	41.3574080905664
TM4SF5	SRR7632808	132.076915082637
TM4SF5	SRR7632809	35.65842357680938
TM4SF5	SRR7632810	84.35051680084905
TM4SF5	SRR7632811	77.52413272122264
TM4SF5	SRR7632812	52.373534825717705
TM4SF5	SRR7632813	62.38497636328777
TM4SF5	SRR7632814	190.67643575356092
TM4SF5	SRR7632815	97.76344440212542
TM4SF5	SRR7632816	51.61352712818689
TM4SF5	SRR7632817	105.2002012367694
TM4SF5	SRR7632818	35.18988987604085
TM4SF5	SRR7632819	32.078300704631936
TM4SF5	SRR7632820	24.165233927962966
TM4SF5	SRR7632821	159.27440276219428
TM4SF5	SRR7632822	82.01926186187137
TM4SF5	SRR7632823	109.40108421822133
TM4SF5	SRR7632824	91.41626782406152
TM4SF5	SRR7632825	68.19091941074856
TM4SF5	SRR7632826	222.14322014053099
TM4SF5	SRR7632827	51.68501812663268
TM4SF5	SRR7632828	51.29984908772223
TM4SF5	SRR7632829	107.53615790089376
TM4SF5	SRR7632830	59.76147639640323
TM4SF5	SRR7632831	82.76085518076
TM4SF5	SRR7632832	85.2226846071767
TM4SF5	SRR7632833	75.72506664538838
TM4SF5	SRR7632834	96.74382422873339
TM4SF5	SRR7632835	39.95676053009154
TM4SF5	SRR7632836	128.89700617914892
TM4SF5	SRR7632837	93.59985145024065
TM4SF5	SRR7632838	113.79230978077621
TM4SF5	SRR7632839	124.4130040153333
TM4SF5	SRR7632840	69.04841412048233
TM4SF5	SRR7632841	10.073304888039704
TM4SF5	SRR7632842	30.055855497920753
TM4SF5	SRR7632843	98.56396192614514
TM4SF5	SRR7632844	106.04240286625313
TM4SF5	SRR7632845	45.225249126429226
TM4SF5	SRR7632846	32.534205494729704
TM4SF5	SRR7632847	36.84698112209502
TM4SF5	SRR7632848	64.58433580711976
TM4SF5	SRR7632849	86.97908088221236
TM4SF5	SRR7632850	118.50762036813408
TM4SF5	SRR7632851	239.39650610961928
TM4SF5	SRR7632852	71.08946564967677
TM4SF5	SRR7632853	117.59408282744734
TM4SF5	SRR7632854	126.83201194910387
TM4SF5	SRR7632855	147
TM4SF5	SRR7632856	81.52518234360775
TM4SF5	SRR7632857	171.77223271621804
TM4SF5	SRR7632858	107.86442697739156
TM4SF5	SRR7632859	172.57876463500483
TM4SF5	SRR7632860	359.1682538247337
TM4SF5	SRR7632861	150.77666158523368
TM4SF5	SRR7632862	83.84636016614796
TM4SF5	SRR7632863	37.206285274278905
TM4SF5	SRR7632864	31.40347141781947
TM4SF5	SRR7632865	303.443444148061
TM4SF5	SRR7632866	122.69093398975426
TM4SF5	SRR7632867	124.26572234291535
TM4SF5	SRR7632868	109.74227285159918
TM4SF5	SRR7632869	241.76810674238624
TM4SF5	SRR7632870	142.5394403206882
TM4SF5	SRR7632871	153.44449310528108
TM4SF5	SRR7632872	136.25204542207695
TM4SF5	SRR7632873	142.59748214643298
TM4SF5	SRR7632874	124.32957977854852
TM4SF5	SRR7632875	112.18491345999325
TM4SF5	SRR7632876	78.09109230398255
TM4SF5	SRR7632877	250.9050122881931
TM4SF5	SRR7632878	147.1795518276559
TM4SF5	SRR7632879	100.22665749996061
TM4SF5	SRR7632880	236.06959058128496
TM4SF5	SRR7632881	98.33436933411708
TM4SF5	SRR7632882	151.53435316010984
TM4SF5	SRR7632883	94.06807386269172
TM4SF5	SRR7632884	52.71902682033427
TM4SF5	SRR7632885	63.31315452831281
TM4SF5	SRR7632886	396.40415525489834
TM4SF5	SRR7632887	124.24321212536036
TM4SF5	SRR7632888	94.45589085450023
TM4SF5	SRR7632889	218.21604786311747
TM4SF5	SRR7632890	37.47016441311335
TM4SF5	SRR7632891	252.3394249855048
TM4SF5	SRR7632892	155.90394206444384
TM4SF5	SRR7632893	116.27126843039647
TM4SF5	SRR7632894	48.16464843405825
TM4SF5	SRR7632895	84.97370356502634
TM4SF5	SRR7632896	60.33624541168697
TM4SF5	SRR7632897	188.76800465554504
TM4SF5	SRR7632898	136.50818308863782
TM4SF5	SRR7632899	95.66042920028606
TM4SF5	SRR7632900	84.55984432425164
TM4SF5	SRR7632901	111.70606715964965
TM4SF5	SRR7632902	88.7233632850296
TM4SF5	SRR7632903	16.070382934413736
TM4SF5	SRR7632904	75.78860712624085
TM4SF5	SRR7632905	57.938324044076566
TM4SF5	SRR7632906	83.3532119984448
TM4SF5	SRR7632907	79.1348565629245
TM4SF5	SRR7632908	21.084147756132815
TM4SF5	SRR7632909	210.7254629485888
TM4SF5	SRR7632910	48.78636330108553
TM4SF5	SRR7632911	30.389527659708925
TM4SF5	SRR7632912	13.203225864007607
TM4SF5	SRR7632913	75.16929347702883
TM4SF5	SRR7632914	42.27806316690438
TM4SF5	SRR7632915	31.348699438417864
TM4SF5	SRR7632916	21.417575101865744
TM4SF5	SRR7632917	25.25746932236612
TM4SF5	SRR7632918	26.672018209537125
TM4SF5	SRR7632919	32.27949333949738
TM4SF5	SRR7632920	30.347493353933025
TM4SF5	SRR7632921	75.9118048689845
TM4SF5	SRR7632922	94.81772557983194
TM4SF5	SRR7632923	57.59707749951579
TM4SF5	SRR7632924	35.0028552563916
TM4SF5	SRR7632925	70.38592852736278
TM4SF5	SRR7632926	25.46247359106681
TM4SF5	SRR7632927	19.389857850377922
TM4SF5	SRR7632928	39.12888532469873
TM4SF5	SRR7632929	13.530211932840027
TM4SF5	SRR7632930	64.05759327390501
TM4SF5	SRR7632931	66.04751017670874
TM4SF5	SRR7632932	44.1047830723368
TM4SF5	SRR7632933	37.78727584116463
TM4SF5	SRR7632934	28.122872175759856
TM4SF5	SRR7632935	36.36402624449913
TM4SF5	SRR7632936	30.63157554610714
TM4SF5	SRR7632937	32.46337305152607
TM4SF5	SRR7632938	15.40014226579959
TM4SF5	SRR7632939	107.95089479794036
TM4SF5	SRR7632940	40.262060985661655
TM4SF5	SRR7632941	111.34078221485345
TM4SF5	SRR7632942	7.250931049093909
TM4SF5	SRR7632943	55
TM4SF5	SRR7632944	56.01115085274503
TM4SF5	SRR7632945	95
TM4SF5	SRR8928966	60.53412035434881
TM4SF5	SRR8928967	107.8493977461299
TM4SF5	SRR8928968	57.476386295384174
TM4SF5	SRR8928969	1.0084157589021454
TM4SF5	SRR8928970	1.0097790430950968
TM4SF5	SRR8928971	14.109390349715742
TM4SF5	SRR8928972	749.1254529101823
TM4SF5	SRR8928973	41.24664766101916
TM4SF5	SRR8928974	25.002763776525207
TM4SF5	SRR8928975	1.0434971814877207
TM4SF5	SRR8928976	18.781089005675568
TM4SF5	SRR8928977	396.6913571421132
TM4SF5	SRR8928978	3.0567284176689014
TM4SF5	SRR8928979	118.28720646297307
TM4SF5	SRR8928980	10.16019416300132
TM4SF5	SRR8928981	22.260066350000983
TM4SF5	SRR8928982	51.58608085349965
TM4SF5	SRR8928983	12.023770053658932
TM4SF5	SRR8928984	5.028269505807169
TM4SF5	SRR8928985	113.91031312783983
TM4SF5	SRR8928986	124.12015989695541
TM4SF5	SRR8928987	110
TM4SF5	SRR8928988	145
TM4SF5	SRR8928989	24.433157279831597
TM4SF5	SRR8928990	24.254694683950714
TM4SF5	SRR8928991	67.18876076676895
TM4SF5	SRR9835604	4042.5202052192667
TM4SF5	SRR9835605	971.4319721929882
TM4SF5	SRR9835606	252.55580955794449
TM4SF5	SRR9835607	145.33179128833453
TM4SF5	SRR9835608	63.94406028277108
TM4SF5	SRR9835609	228
TM4SF5	SRR9835610	104.48758373370413
TM4SF5	SRR9835611	445.494205295351
TM4SF5	SRR9835612	13.035630080122704
TM4SF5	SRR9835613	1105.5626093290873
TM4SF5	SRR9835614	29.2950966805291
TM4SF5	SRR9835615	546.8741258382474
TM4SF5	SRR9835616	35.26249831424859
TM4SF5	SRR9835617	968.1077229718013
TM4SF5	SRR9835618	72.38865110307862
TM4SF5	SRR9835619	230
TM4SF5	SRR9835620	377.84231778553993
TM4SF5	SRR9835621	203.34629230355753
TM4SF5	SRR9835622	155.42979720897148
TM4SF5	SRR9835623	932.1676800633327
TM4SF5	SRR9835624	259.6417203162704
TM4SF5	SRR9835625	258.82021762195893
TM4SF5	SRR9835626	157.2038610018793
TM4SF5	SRR9835627	484.00767585598885
TM4SF5	SRR9835628	198.42732425696607
TM4SF5	SRR9835629	74.49724207793977
TM4SF5	SRR9835630	916.3816785636521
TM4SF5	SRR9835631	631.1975139995501
TM4SF5	SRR9835632	285.6673022666893
TM4SF5	SRR9835633	232.74883306759378
TM4SF5	SRR9835634	73.46635938889263
TM4SF5	SRR9835635	1144.2084914328827
TM4SF5	SRR9835636	280.5747603922909
TM4SF5	SRR9835637	50.226073064250016
TM4SF5	SRR9835638	61.604436759045086
TM4SF5	SRR9835639	71.7513146983539
TM4SF5	SRR9835640	2346.607850743542
TM4SF5	SRR9835641	139.5450648950382
TM4SF5	SRR9835642	77.45506503381633
TM4SF5	SRR9835643	464.78335925249735
TM4SF5	SRR9835644	287.94635849706077
TM4SF5	SRR9835645	607.4955122669458
TM4SF5	SRR9835646	1065.9900148663273
TM4SF5	SRR9835647	713.7302354536452
TM4SF5	SRR9835648	220.48159244341008
TM4SF5	SRR9835649	79.94439639039224
TM4SF5	SRR9835650	250.96078481152867
TM4SF5	SRR9835651	231.1662856184806
TM4SF5	SRR9835652	319.03009671824145
TM4SF5	SRR9835653	410.14145409390636
TM4SF5	SRR9835654	553.5763096872396
TM4SF5	SRR9835655	80.41356112076457
TM4SF5	SRR9835656	473.27539822126465
TM4SF5	SRR9835657	2.030237825908342
TM4SF5	SRR9835658	161.32384634828907
TM4SF5	SRR9835659	340.0437339521735
TM4SF5	SRR9835660	110.84108569150318
TM4SF5	SRR9835661	147.59600232138274
TM4SF5	SRR9835662	49.603101667919525
TM4SF5	SRR9835663	17.345225131035157
TM4SF5	SRR9835664	242.41764445566676
TM4SF5	SRR9835665	26.108960805506094
TM4SF5	SRR9835666	47
TM4SF5	SRR9835667	16.135079423993055
TM4SF5	SRR9835668	208
TM4SF5	SRR9835669	10.266087966612284
TM4SF5	SRR9835670	85.17135378904422
TM4SF5	SRR9835671	1.013598089847048
TM4SF5	SRR9835672	113.20157159224112
TM4SF5	SRR9835673	8.182575703069556
TM4SF5	SRR9835674	719.388144820763
TM4SF5	SRR9835675	277.489829228468
TM4SF5	SRR9835676	204.7573189693988
TM4SF5	SRR9835677	324.86116006653003
TM4SF5	SRR9835678	190.15118256014753
TM4SF5	SRR9835679	408.25818067375246
TM4SF5	SRR9835680	1302.1630221224225
TM4SF5	SRR9835681	554.6863075106656
TM4SF5	SRR9835682	1069.190994706231
TM4SF5	SRR9835683	257.62414686058645
TM4SF5	SRR9835684	692.0782276543995
TM4SF5	SRR9835685	488.49084320298834
TM4SF5	SRR9835686	738.8659654012961
TM4SF5	SRR9835687	671.1410622461713
TM4SF5	SRR9835688	233
TM4SF5	SRR9835689	63.46553611985134
TM4SF5	SRR9835690	450.90516060080796
TM4SF5	SRR9835691	228.03826512887358
TM4SF5	SRR9835692	228.1183011948892
TM4SF5	SRR9835693	33.134809327835036
TM4SF5	SRR9835694	42.43853011018838
TM4SF5	SRR9835695	89.46555635634836
TM4SF5	SRR9835696	355.47962960674715
TM4SF5	SRR9835697	377.9415328942848
TM4SF5	SRR9835698	84.08443921571141
TM4SF5	SRR9835699	56.09074205601511
TM4SF5	SRR9835700	7.015866024997242
TM4SF5	SRR9835701	742.094911677546
TM4SF5	SRR9835702	2395
TM4SF5	SRR9835703	134.14471611932103
TM4SF5	SRR9835704	272.2642942584521
TM4SF5	SRR9835705	120.47955482382812
TM4SF5	SRR9835706	151.0968921721671
TM4SF5	SRR9835707	57.06330270075283
TM4SF5	SRR9835708	86.09143544856356
TM4SF5	SRR9835709	41.01907065193999
TM4SF5	SRR9835710	112.6165660537698
TM4SF5	SRR9835711	107.0473848099956
TM4SF5	SRR9835712	582.4651349758319
TM4SF5	SRR9835713	76.14485814802394
TM4SF5	SRR9835714	378.58424104392464
TM4SF5	SRR9835715	173.89305451494525
TM4SF5	SRR9835716	212.63346824480362
TM4SF5	SRR9835717	396.36456126044084
TM4SF5	SRR9835718	262.0298569355507
TM4SF5	SRR9835719	185.62661983406102
TM4SF5	SRR9835720	103.64884232327853
TM4SF5	SRR9835721	114.72710471293414
TM4SF5	SRR9835722	551.5124603787458
TM4SF5	SRR9835723	83
TM4SF5	SRR9835724	109.76930642160376
TM4SF5	SRR9835725	65.78314709829766
TM4SF5	SRR9835726	1313.9451645760391
TM4SF5	SRR9835727	53.36621026080331
TM4SF5	SRR9835728	77.03401005489216
TM4SF5	SRR9835729	494.5990028018016
TM4SF5	SRR9835730	33.13041665000678
TM4SF5	SRR9835731	170.2847788798761
TM4SF5	SRR9835732	1446.8107147321189
TM4SF5	SRR9835733	130.58598538998365
TM4SF5	SRR9835734	744.9520478514138
TM4SF5	SRR9835735	220.40286934763648
TM4SF5	SRR9835736	9.110345338155835
TM4SF5	SRR9835737	26.056396915218
TM4SF5	SRR9835738	82.14764916887043
TM4SF5	SRR9835739	1.0276177847429349
TM4SF5	SRR9835740	212.22884842781528
TM4SF5	SRR9835741	88.47018468677243
TM4SF5	SRR9835742	610.3345251335908
TM4SF5	SRR9835743	35.172280117863714
TM4SF5	SRR9835744	442.580855473631
TM4SF5	SRR9835745	7.158628392152962
TM4SF5	SRR9835746	409.50087068455247
TM4SF5	SRR9835747	54.291313285520154
TM4SF5	SRR9835748	105.14698211585427
TM4SF5	SRR9835749	625
TM4SF5	SRR9835750	1052.7883771749882
TM4SF5	SRR9835751	51.42326519530423
TM4SF5	SRR9835752	110.34292605164491
TM4SF5	SRR9835753	180.9671442909986
TM4SF5	SRR9835754	91.12425607122509
TM4SF5	SRR9835755	40.60039455340373
TM4SF5	SRR9835756	61.76622776353598
TM4SF5	SRR9835757	494.9988377172904
TM4SF5	SRR9835758	37.21640309558864
TM4SF5	SRR9835759	38.252622164146636
TM4SF5	SRR9835760	494
TM4SF5	SRR9835761	336.0604511816307
TM4SF5	SRR9835762	115.80949737629192
TM4SF5	SRR9835763	1039.0464596441261
TM4SF5	SRR9835764	39.10657791774349
TM4SF5	SRR9835765	17.235691127666108
TM4SF5	SRR9835766	74.93689731612515
TM4SF5	SRR9835767	163.91778687154945
TM4SF5	SRR9835768	224
TM4SF5	SRR9835769	370
TM4SF5	SRR9835770	1251.875900736994
TM4SF5	SRR9835771	65.356437585481
TM4SF5	SRR9835772	468.9061015277552
TM4SF5	SRR9835773	1007
TM4SF5	SRR9835774	798.4366810786287
TM4SF5	SRR9835775	41.212640388585164
TM4SF5	SRR9835776	73.23900799946472
TM4SF5	SRR9835777	117.28628695131052
TM4SF5	SRR9835778	60.256956128669216
TM4SF5	SRR9835779	205.4488619653547
TM4SF5	SRR9835780	943.5106068898227
TM4SF5	SRR9835781	1.025583100340115
TM4SF5	SRR9835782	211.06338581078754
TM4SF5	SRR9835783	222
TM4SF5	SRR9835784	360.4884955027033
TM4SF5	SRR9835785	97.10930641508
TM4SF5	SRR9835786	269.6512682198413
TM4SF5	SRR9835787	59.17088607548065
TM4SF5	SRR9835788	452.7600981837607
TM4SF5	SRR9835789	419
TM4SF5	SRR9835790	278.01023401209426
TM4SF5	SRR9835791	202.4895279540732
TM4SF5	SRR9835792	988.7470194149339
TM4SF5	SRR9835793	159.32631318456356
TM4SF5	SRR9835794	153.0275268773497
TM4SF5	SRR9835795	303.4718739558537
TM4SF5	SRR9835796	9.052157438331447
TM4SF5	SRR9835797	123
TM4SF5	SRR9835798	14.022685514003777
TM4SF5	SRR9835799	105.21408118620046
TM4SF5	SRR9835800	177.20980232047157
TM4SF5	SRR9835801	329.6619702284203
TM4SF5	SRR9835802	330.32487708034023
TM4SF5	SRR9867812	111.65695759430247
TM4SF5	SRR9867813	71.66569436926892
TM4SF5	SRR9867814	18.989120900903213
TM4SF5	SRR9867815	57.288134726856846
TM4SF5	SRR9867816	189
TM4SF5	SRR9867817	13.16990064540196
TM4SF5	SRR9867818	168
TM4SF5	SRR9867819	13.475633278363505
TM4SF5	SRR9867820	166
TM4SF5	SRR9867821	84
TM4SF5	SRR9867822	6.06149237730236
TM4SF5	SRR9867823	60.6927098532294
TM4SF5	SRR9867824	40.80991042206149
TM4SF5	SRR9867825	70.42289745027331
TM4SF5	SRR9867826	22.948344849043576
TM4SF5	SRR9867827	128.88440456885988
TM4SF5	SRR9867828	31.334525314244697
TM4SF5	SRR9867829	53.3245134051679
TM4SF5	SRR9867830	200
TM4SF5	SRR9867831	83.40434108994769
TM4SF5	SRR9879292	0.5314585139490635
TM4SF5	SRR9879293	1.014555769133056
TM4SF5	SRR9879294	1.0200688164522311
TM4SF5	SRR9879295	1.0197229922840128
TM4SF5	SRR9879296	1.0119752694496373
TM4SF5	SRR9879297	1.0154935544904835
TM4SF5	SRR9879298	1.010653880234263
TM4SF5	SRR9879299	1.002913173016367
TM4SF5	SRR9879300	1.0146608527462948
TM4SF5	SRR9879301	1.000359860831218
TM4SF5	SRR9879302	1.0103414411561347
TM4SF5	SRR9879303	1.0041769234190894
TM4SF5	SRR9879304	1.0167059661554507
TM4SF5	SRR9879305	1.010080666465452
TM4SF5	SRR9879306	2
TM4SF5	SRR9879307	1.4371815042386529
TM4SF5	SRR9879308	1.011384661421074
TM4SF5	SRR9879309	1.0106568426916576
TM4SF5	T50_307	1.0053671982704868
TM4SF5	T50_313	1.016019416300132
TM4SF5	T50_317	1.0164068767314205
TM4SF5	T50_324	1.0105775508373083
TM4SF5	T50_427	1.0156539222354464
TM4SF5	T50_428	1.0065410016108964
TM4SF5	T50_431	1.0047497319970449
TM4SF5	T50_436	1.0071833620330328
TM4SF5	T50_476	1.0072834565655588
TM4SF5	UN_307	1.0128719438885714
TM4SF5	UN_313	1.0139486719753832
TM4SF5	UN_317	1.007999716801276
TM4SF5	UN_323	1.0090464643103707
TM4SF5	UN_324	1.0213963291259884
TM4SF5	UN_427	1.007704297162079
TM4SF5	UN_428	1.0098893750946523
TM4SF5	UN_431	2.018213982064316
TM4SF5	UN_436	1.0071022645360526
TM4SF5	UN_476	1.0088711650740816
