Gene	sample	counts
TRBJ2-1	CM317	1.052160686909921
TRBJ2-1	CMCD140	1.0094128350688558
TRBJ2-1	CMCD147	1.0404565910580479
TRBJ2-1	CMCD152	10
TRBJ2-1	CMCD154	1.0098993269771894
TRBJ2-1	CMCD159	1.0863042186135794
TRBJ2-1	CMCD161	12.036755377105006
TRBJ2-1	CMCD174	1.092629434806816
TRBJ2-1	CMCD196	14.128656035564498
TRBJ2-1	CMCD198	1.029495742835047
TRBJ2-1	CMCD203	4.012957251380963
TRBJ2-1	CMCD211	11.24730176440766
TRBJ2-1	CMCD227	7.398994522801101
TRBJ2-1	CMCD240	2.7898981167940207
TRBJ2-1	CMCD259	23
TRBJ2-1	CMCD270	3.0155724404856685
TRBJ2-1	CMCD275	1.008539072196977
TRBJ2-1	CMCD282	7.092125508476378
TRBJ2-1	CMCD286	0.9425038392922207
TRBJ2-1	CMCD287	2
TRBJ2-1	CMCD294	1.0639520056991958
TRBJ2-1	CMCD327	24.123330894606806
TRBJ2-1	CMCD335	13.061170567551248
TRBJ2-1	CMCD337	3.020022945368956
TRBJ2-1	CMCD357	2.0423009283729257
TRBJ2-1	CMCD398	11.066025934714965
TRBJ2-1	CMCD403	26.186706112420183
TRBJ2-1	CMCD422	7.014603997912882
TRBJ2-1	CMCD426	1.1140469611806236
TRBJ2-1	CMCD71	7.0447040931941745
TRBJ2-1	CMCD72	1.1510750061651915
TRBJ2-1	CMCD76	1.0022972139313746
TRBJ2-1	CMCD88	5.000899571155219
TRBJ2-1	CMSA256	14
TRBJ2-1	CMSA316	1.0081545114583668
TRBJ2-1	CMUC110	14
TRBJ2-1	CMUC192	2.0269208994925614
TRBJ2-1	CMUC199	3.084562216249444
TRBJ2-1	CMUC200	6.014048468772407
TRBJ2-1	CMUC208	13.031809661256723
TRBJ2-1	CMUC231	2
TRBJ2-1	CMUC234	13
TRBJ2-1	CMUC285	14.155777124226825
TRBJ2-1	CMUC291	6.039626216130641
TRBJ2-1	CMUC295	2.0017997898095317
TRBJ2-1	CMUC299	5.014635161725967
TRBJ2-1	CMUC301	4.002159359225385
TRBJ2-1	CMUC307	6.016561123704446
TRBJ2-1	CMUC313	1.0420413939922741
TRBJ2-1	CMUC314	1.055846512835873
TRBJ2-1	CMUC323	5.120524534456713
TRBJ2-1	CMUC324	8.007199159238127
TRBJ2-1	CMUC331	3.0274723842011952
TRBJ2-1	CMUC333	1.0232387540038606
TRBJ2-1	CMUC334	1.0150130071590526
TRBJ2-1	CMUC346	10.108493839910517
TRBJ2-1	CMUC352	5.030269827463551
TRBJ2-1	CMUC360	8.011521764081627
TRBJ2-1	CMUC363	1.0263755677043285
TRBJ2-1	CMUC365	4.0267693642796205
TRBJ2-1	CMUC366	5.016744969373371
TRBJ2-1	CMUC368	23
TRBJ2-1	CMUC377	1.0040818938645244
TRBJ2-1	CMUC379	1.0708063663103926
TRBJ2-1	CMUC380	8.14621139483408
TRBJ2-1	CMUC383	17.24286160298899
TRBJ2-1	CMUC394	17.129568783239748
TRBJ2-1	CMUC419	2.0498985045914355
TRBJ2-1	CMUC427	29
TRBJ2-1	CMUC428	17.107899996545306
TRBJ2-1	CMUC431	17.031596536885694
TRBJ2-1	CMUC435	12.060233092634563
TRBJ2-1	CMUC439	6.038616645488848
TRBJ2-1	CMUC89	6
TRBJ2-1	CS219	2.0049550829277925
TRBJ2-1	CS256	11.025188743234468
TRBJ2-1	CS257	1.0944271775349645
TRBJ2-1	CS259	30.046368336819416
TRBJ2-1	CS261	1.0238230356839277
TRBJ2-1	CS266	1.0357806251843706
TRBJ2-1	CS270	1.0130095040631752
TRBJ2-1	CS277	0.964744493942961
TRBJ2-1	CS288	5.045078640779054
TRBJ2-1	CS290	3.02397499958678
TRBJ2-1	CS292	1.0139795313343294
TRBJ2-1	CS293	1.016848591736414
TRBJ2-1	CS301	4.1069833746350355
TRBJ2-1	CS306	1.0388615456941386
TRBJ2-1	CS308	5.132883076031034
TRBJ2-1	CS315	5.14009141293478
TRBJ2-1	CS317	1.0722984600508352
TRBJ2-1	CS322	3.0402561974478415
TRBJ2-1	CS327	8.038083017887253
TRBJ2-1	CS328	1.0566294945036847
TRBJ2-1	CS330	1.0768616883015538
TRBJ2-1	CS331	1.0187996043213206
TRBJ2-1	CS335	5.048120692723963
TRBJ2-1	CS338	14.431657830539754
TRBJ2-1	CS339	1.1707547739034676
TRBJ2-1	CS343	41.33123539005243
TRBJ2-1	CS344	1.014131256091266
TRBJ2-1	CS350	1.0232380192782662
TRBJ2-1	CS351	15.124678418142377
TRBJ2-1	CS361	5.119951969198074
TRBJ2-1	CS388	9.314669541697903
TRBJ2-1	CS396	21.228979724046567
TRBJ2-1	CS405	2.050744909730981
TRBJ2-1	CS415	11.845887127515374
TRBJ2-1	CS424	1.0376219614625826
TRBJ2-1	IM293	4.021334074524245
TRBJ2-1	IM296	1.0674965693084089
TRBJ2-1	IM297	1.098769887658002
TRBJ2-1	IM300	4
TRBJ2-1	IM305	7.070350598074869
TRBJ2-1	IM309	1.068243382745569
TRBJ2-1	IM310	13.178877138527778
TRBJ2-1	IM311	1.0124769275654149
TRBJ2-1	IM316	8.041490807528813
TRBJ2-1	IM320	9.428487643873822
TRBJ2-1	IM330	2.021188956710621
TRBJ2-1	IM332	1.0306075684228129
TRBJ2-1	IM340	1.056280146775053
TRBJ2-1	IM348	1.0369614627065955
TRBJ2-1	IM354	1.0072486895623194
TRBJ2-1	IM356	1.0086100524478088
TRBJ2-1	IM364	1.017386683482945
TRBJ2-1	IM372	0.9999907178682895
TRBJ2-1	IM374	1.0494515301768887
TRBJ2-1	IM376	7.106218021464685
TRBJ2-1	IM381	15.188336864983423
TRBJ2-1	IM382	1.0318406015848964
TRBJ2-1	IM385	9
TRBJ2-1	IM390	1.028703799246213
TRBJ2-1	IM397	14.159385259895036
TRBJ2-1	IM404	13.03747269832182
TRBJ2-1	IM409	9.051560914915221
TRBJ2-1	IM412	40
TRBJ2-1	IM421	4.063593855035529
TRBJ2-1	IM425	1.0543133661346646
TRBJ2-1	IM432	7.294100550230365
TRBJ2-1	IM438	40
TRBJ2-1	IM442	1.0426097281187585
TRBJ2-1	IM445	5.057773985741171
TRBJ2-1	IM448	15.345383869725334
TRBJ2-1	IM449	25.211164645306827
TRBJ2-1	IM451	9.046677158469915
TRBJ2-1	IMSA256	3.01229766320897
TRBJ2-1	IMSA276	5
TRBJ2-1	IMSA286	4
TRBJ2-1	IMSA343	9.112687081922445
TRBJ2-1	IS_238	3
TRBJ2-1	IS238	45.55298838996375
TRBJ2-1	IS243	1
TRBJ2-1	IS253	3
TRBJ2-1	IS283	24
TRBJ2-1	IS322	1.0106397239474434
TRBJ2-1	IS399	1.0072529602272131
TRBJ2-1	IS418	7.66325771950365
TRBJ2-1	IS430	1.0847548398304163
TRBJ2-1	IS437	1.0822383787243768
TRBJ2-1	IS444	1.0378497226493058
TRBJ2-1	R276CMSA	1.0649255307900556
TRBJ2-1	R286CMSA	3
TRBJ2-1	R292CMSA	29.12202100173631
TRBJ2-1	R292IMSA	1.0768750693977573
TRBJ2-1	R308CMSA	5.351772612802271
TRBJ2-1	R316IMSA	3.059595161933781
TRBJ2-1	R347CMSA	1.0679448775774594
TRBJ2-1	R347IMSA	1.0654084912781197
TRBJ2-1	R371CMSA	12.047955482382813
TRBJ2-1	SRR10104064	1.1130827181735787
TRBJ2-1	SRR10104065	1.0058655806218886
TRBJ2-1	SRR10104066	1.0187563340359607
TRBJ2-1	SRR10104067	1.0232571372704031
TRBJ2-1	SRR10104068	1.004671476542523
TRBJ2-1	SRR10104069	1.011490802424949
TRBJ2-1	SRR10104070	1.0295865545572511
TRBJ2-1	SRR10104071	1.1619835297694339
TRBJ2-1	SRR10104072	1.071723239794756
TRBJ2-1	SRR10104073	1.0458357877247761
TRBJ2-1	SRR10104074	1.099722320793923
TRBJ2-1	SRR10104075	1.1547542285600578
TRBJ2-1	SRR10104076	1.0278239688724724
TRBJ2-1	SRR10104077	1.1040752320803593
TRBJ2-1	SRR10104078	1.0419214016168303
TRBJ2-1	SRR10104079	1.092856600461782
TRBJ2-1	SRR10104080	1.1254280913603063
TRBJ2-1	SRR10104081	1.0158936181922817
TRBJ2-1	SRR10104082	1.085647260281074
TRBJ2-1	SRR10104083	1.065596706440916
TRBJ2-1	SRR10104084	1.0701241548355385
TRBJ2-1	SRR10104085	1.0224852129879336
TRBJ2-1	SRR10104086	1.0249330155513252
TRBJ2-1	SRR10104087	1.0032098048981044
TRBJ2-1	SRR10104088	1.0091188297931257
TRBJ2-1	SRR10104089	1.1387124115642702
TRBJ2-1	SRR10104090	1.0265054935122315
TRBJ2-1	SRR10104091	1.0429313075146665
TRBJ2-1	SRR10104092	1.0127653613232732
TRBJ2-1	SRR10104093	1.0347712127539488
TRBJ2-1	SRR10104094	1.0344440824548444
TRBJ2-1	SRR10104095	1.0555296586127236
TRBJ2-1	SRR10104096	1.1499993829134103
TRBJ2-1	SRR10104097	1.0654329597407752
TRBJ2-1	SRR10104098	1.0299665441303483
TRBJ2-1	SRR10104099	1.0483148195050975
TRBJ2-1	SRR10104100	1.0292800559938342
TRBJ2-1	SRR10104101	1.0055788173830293
TRBJ2-1	SRR10104102	1.0153539684721093
TRBJ2-1	SRR10104103	1.0533097010473917
TRBJ2-1	SRR10104104	1.0155160029658645
TRBJ2-1	SRR10104105	1.0837919884500646
TRBJ2-1	SRR10104106	1.1337110372727635
TRBJ2-1	SRR10104107	1.0095882284245328
TRBJ2-1	SRR10104108	1.0068598403855975
TRBJ2-1	SRR10104109	1.122307744225592
TRBJ2-1	SRR10104110	1.1932010382175424
TRBJ2-1	SRR10104111	1.0329711095071032
TRBJ2-1	SRR10104112	1.189872391069202
TRBJ2-1	SRR10104113	1.0362854178746606
TRBJ2-1	SRR10104114	1.1753108824133915
TRBJ2-1	SRR10104115	1.1481195623107094
TRBJ2-1	SRR10104116	1.0476231912417615
TRBJ2-1	SRR10104117	1.0392927622091388
TRBJ2-1	SRR10104118	1.1479902353871632
TRBJ2-1	SRR10104119	1.1922096850664645
TRBJ2-1	SRR10104120	1.0274397025883788
TRBJ2-1	SRR10104121	1.0845670123047944
TRBJ2-1	SRR10104122	1.0930951060141245
TRBJ2-1	SRR10104123	1.085068060584876
TRBJ2-1	SRR10104124	1.1194016065014738
TRBJ2-1	SRR10104125	1.1032322088701674
TRBJ2-1	SRR10104126	1.0403589846827273
TRBJ2-1	SRR10104127	1.1896601506984525
TRBJ2-1	SRR10104128	1.0289581177608564
TRBJ2-1	SRR10104129	1.0264252644778067
TRBJ2-1	SRR10104130	1.0421022730678582
TRBJ2-1	SRR10104131	1.0113537446977683
TRBJ2-1	SRR10104132	1.0072357936683587
TRBJ2-1	SRR10104133	1.1678104114751833
TRBJ2-1	SRR10104134	1.0304204630626266
TRBJ2-1	SRR10104135	1.1047925227370805
TRBJ2-1	SRR10104136	1.0150534484689004
TRBJ2-1	SRR10104137	1.1111543351913287
TRBJ2-1	SRR10104138	1.1987125395645137
TRBJ2-1	SRR10104139	1.0113843011015555
TRBJ2-1	SRR10104140	1.1457522859106466
TRBJ2-1	SRR10104141	1.0612182077092946
TRBJ2-1	SRR10104142	1.0527512259784992
TRBJ2-1	SRR10104143	1.008193511450258
TRBJ2-1	SRR10104144	1.0610832116326332
TRBJ2-1	SRR10104145	1.064530164787135
TRBJ2-1	SRR10104146	1.009628265187365
TRBJ2-1	SRR10104147	1.0017090245686449
TRBJ2-1	SRR10104148	1.0531465668318782
TRBJ2-1	SRR10104149	1.0479500129388701
TRBJ2-1	SRR10104150	1.0116520854708597
TRBJ2-1	SRR10104151	1.0076598631587603
TRBJ2-1	SRR10104152	1.0056231596200704
TRBJ2-1	SRR10104153	1.1050859670242814
TRBJ2-1	SRR10104154	1.0306607864494586
TRBJ2-1	SRR10104155	1.0906050803328398
TRBJ2-1	SRR10104156	1.0040671518845923
TRBJ2-1	SRR10104157	1.0501594045532703
TRBJ2-1	SRR10104158	1.0205995039478943
TRBJ2-1	SRR10104159	1.0126727839776568
TRBJ2-1	SRR10104160	1.1286682368212853
TRBJ2-1	SRR10104161	1.001725803535813
TRBJ2-1	SRR10104162	1.0204815952038468
TRBJ2-1	SRR10104163	1.0302878151561219
TRBJ2-1	SRR10104164	1.019679849157473
TRBJ2-1	SRR10104165	1.03911950298106
TRBJ2-1	SRR10104166	1.0411103906912247
TRBJ2-1	SRR10104167	1.0226405407254509
TRBJ2-1	SRR10104168	1.0290037923240252
TRBJ2-1	SRR10104169	1.0249138391060775
TRBJ2-1	SRR10104170	1.0302024526513764
TRBJ2-1	SRR10104171	1.0241039729391117
TRBJ2-1	SRR10104172	1.03424738641328
TRBJ2-1	SRR10104173	1.0618085302182145
TRBJ2-1	SRR10104174	1.034206476188313
TRBJ2-1	SRR10104175	1.0226611988789944
TRBJ2-1	SRR10104176	1.022603053209032
TRBJ2-1	SRR10104177	1.0254564567414526
TRBJ2-1	SRR10104178	1.0386957245885173
TRBJ2-1	SRR10104179	1.0349830414340861
TRBJ2-1	SRR10104180	1.0220069065577857
TRBJ2-1	SRR10104181	1.027045780065536
TRBJ2-1	SRR10104182	1.0354701224080693
TRBJ2-1	SRR10104183	1.0485327945215122
TRBJ2-1	SRR10104184	1.0213982799506043
TRBJ2-1	SRR10104185	1.0655022783512398
TRBJ2-1	SRR10104186	1.0334077154577568
TRBJ2-1	SRR10104187	1.0797577801431373
TRBJ2-1	SRR10104188	1.0555862389878126
TRBJ2-1	SRR10104189	1.0614348924771675
TRBJ2-1	SRR10104190	1.1491016556665985
TRBJ2-1	SRR10104191	1.1421287584167092
TRBJ2-1	SRR10104192	1.0261807524628852
TRBJ2-1	SRR10104193	1.0402803652655077
TRBJ2-1	SRR10104194	1.0434484830599333
TRBJ2-1	SRR10104195	1.0425282185704265
TRBJ2-1	SRR10104196	1.0410873692447795
TRBJ2-1	SRR10104197	1.0169436235163218
TRBJ2-1	SRR10104198	1.0259518061643405
TRBJ2-1	SRR10104199	1.0845523092555243
TRBJ2-1	SRR10104200	1.0357609839017698
TRBJ2-1	SRR10104201	1.026296611985634
TRBJ2-1	SRR10104202	1.0684453214497531
TRBJ2-1	SRR10104203	1.0227196084030068
TRBJ2-1	SRR10104204	1.0316115330113982
TRBJ2-1	SRR10104205	1.0269817679691475
TRBJ2-1	SRR10104206	1.0290184053987292
TRBJ2-1	SRR10104207	1.0328985759185803
TRBJ2-1	SRR10104208	1.0176894368252343
TRBJ2-1	SRR10104209	1.0231987105755664
TRBJ2-1	SRR10104210	1.0264643950508716
TRBJ2-1	SRR10104211	1.0187996043213206
TRBJ2-1	SRR10104212	1.0187854652070223
TRBJ2-1	SRR10104213	1.0607243748787123
TRBJ2-1	SRR10104214	1.0302508387945404
TRBJ2-1	SRR10104215	1.0107265960976537
TRBJ2-1	SRR10104216	1.062180780035933
TRBJ2-1	SRR10104217	1.0250110331492008
TRBJ2-1	SRR10104218	1.0655646431950403
TRBJ2-1	SRR10104219	1.0652648347042482
TRBJ2-1	SRR10104220	1.0355693278203462
TRBJ2-1	SRR10104221	1.090516632710812
TRBJ2-1	SRR10104222	1.0387327316632746
TRBJ2-1	SRR10104223	1.1801672204919216
TRBJ2-1	SRR10104224	1.0254993311004128
TRBJ2-1	SRR10104225	1.031660376130715
TRBJ2-1	SRR10104226	1.0392769039353207
TRBJ2-1	SRR10104227	1.0779388239392174
TRBJ2-1	SRR10104228	1.1232105220166013
TRBJ2-1	SRR10104229	1.0373617848705414
TRBJ2-1	SRR10104230	1.1040752320803593
TRBJ2-1	SRR10104231	1.07822501247679
TRBJ2-1	SRR10104232	1.0611514448074382
TRBJ2-1	SRR10104233	1.0734096428277802
TRBJ2-1	SRR10104234	1.0234328696081605
TRBJ2-1	SRR10104235	1.0441915254956329
TRBJ2-1	SRR10104236	1.0093068320098109
TRBJ2-1	SRR10104237	1.018564797188093
TRBJ2-1	SRR10104238	1.0719766937133695
TRBJ2-1	SRR10104239	1.0633581535162346
TRBJ2-1	SRR10104240	1.0749579917487644
TRBJ2-1	SRR10104241	1.0409403926955196
TRBJ2-1	SRR10104242	1.0656340036600613
TRBJ2-1	SRR10104243	1.0687486815714031
TRBJ2-1	SRR10104244	1.0398815876953509
TRBJ2-1	SRR10104245	1.0418117622330036
TRBJ2-1	SRR10104246	1.108828569841403
TRBJ2-1	SRR10104247	1.0579544780318526
TRBJ2-1	SRR10104248	1.076529224426155
TRBJ2-1	SRR10104249	1.0273315870858695
TRBJ2-1	SRR10104250	1.157197552838617
TRBJ2-1	SRR10104251	1.0471142307724335
TRBJ2-1	SRR10104252	1.1838765721178106
TRBJ2-1	SRR10104253	1.09991256534321
TRBJ2-1	SRR10104254	1.0374696909056962
TRBJ2-1	SRR10104255	1.031244552450183
TRBJ2-1	SRR10104256	1.0295241963821637
TRBJ2-1	SRR10104257	1.038122821814693
TRBJ2-1	SRR10104258	1.0309181491976231
TRBJ2-1	SRR10224277	1.0245658638211308
TRBJ2-1	SRR10224278	1.0942848190075063
TRBJ2-1	SRR10224279	1.0908476973919505
TRBJ2-1	SRR10224280	2.0456704288821075
TRBJ2-1	SRR10224281	1.016181154880479
TRBJ2-1	SRR10224282	1.0506840927867773
TRBJ2-1	SRR10224283	2.08483933535802
TRBJ2-1	SRR10224284	1.1113405704367834
TRBJ2-1	SRR10224285	1.1302600125483513
TRBJ2-1	SRR10224286	1.0254727500696328
TRBJ2-1	SRR10224287	1.034206476188313
TRBJ2-1	SRR10224288	1.0982502736059643
TRBJ2-1	SRR10224289	1.095574558517596
TRBJ2-1	SRR10224290	1.0979938990127511
TRBJ2-1	SRR10224291	1.031258864476703
TRBJ2-1	SRR10224292	1.0118994173300337
TRBJ2-1	SRR10224293	1.0308254672852508
TRBJ2-1	SRR10224294	1.0583494992707134
TRBJ2-1	SRR10224295	1.0871371976243258
TRBJ2-1	SRR10224296	1.0551062717044821
TRBJ2-1	SRR10224297	1.1298237190995832
TRBJ2-1	SRR10224298	1.0332669442805347
TRBJ2-1	SRR10318388	2.0151290079974404
TRBJ2-1	SRR10318389	3.0144237689855213
TRBJ2-1	SRR10318390	1.0125492618247403
TRBJ2-1	SRR10318391	2.024376558981896
TRBJ2-1	SRR10318392	3.042498636204418
TRBJ2-1	SRR10318393	2.005826346032734
TRBJ2-1	SRR10318394	1.0136017148230585
TRBJ2-1	SRR10318395	4.018208676591354
TRBJ2-1	SRR10318396	3.0247610750965173
TRBJ2-1	SRR10318397	5.030318482223272
TRBJ2-1	SRR10318398	18.06463559976657
TRBJ2-1	SRR10318399	5.251150935543331
TRBJ2-1	SRR10318400	4.060119788632008
TRBJ2-1	SRR10318401	2.0073929674059605
TRBJ2-1	SRR10318402	9.038790582190597
TRBJ2-1	SRR10318403	2.009922442278996
TRBJ2-1	SRR10318404	3.005351458201092
TRBJ2-1	SRR10318405	4.010086987785417
TRBJ2-1	SRR10318406	5.023373578627005
TRBJ2-1	SRR10318407	1.0099964007476554
TRBJ2-1	SRR10318408	6.018561668212164
TRBJ2-1	SRR10318409	2.0063565442893205
TRBJ2-1	SRR10318410	3.012397934858411
TRBJ2-1	SRR10318411	2.0073929674059605
TRBJ2-1	SRR10318412	3.0148563587151003
TRBJ2-1	SRR10318413	3.011829891367106
TRBJ2-1	SRR10318414	1.0060465501543596
TRBJ2-1	SRR10318415	2.0132087387102136
TRBJ2-1	SRR10318416	2.020255303981196
TRBJ2-1	SRR10318417	2.0146563380184315
TRBJ2-1	SRR10318418	2.007659122542905
TRBJ2-1	SRR10318419	3.0122553934395486
TRBJ2-1	SRR10318420	4.007324897229754
TRBJ2-1	SRR10318421	4.01942188401732
TRBJ2-1	SRR10318422	2.0043222168337302
TRBJ2-1	SRR10318423	1.0016036166558628
TRBJ2-1	SRR10318424	6.012799516172745
TRBJ2-1	SRR10318425	3.019895309257772
TRBJ2-1	SRR10318426	2.191149117035192
TRBJ2-1	SRR10318427	2.216504799787421
TRBJ2-1	SRR10318428	9.01256456445195
TRBJ2-1	SRR10318429	7.028263337119494
TRBJ2-1	SRR10318430	1.0088510137634663
TRBJ2-1	SRR10318431	5.0263070270756325
TRBJ2-1	SRR10318432	3.0054017988611132
TRBJ2-1	SRR10318433	1.275527749073799
TRBJ2-1	SRR10318434	2.0063370191673306
TRBJ2-1	SRR10318435	5.030355559546932
TRBJ2-1	SRR10318436	4.01135317546098
TRBJ2-1	SRR10318437	6.004319106973522
TRBJ2-1	SRR10318438	4.005162750945898
TRBJ2-1	SRR10318439	1.0041326449528036
TRBJ2-1	SRR10318440	1.0160161405406791
TRBJ2-1	SRR10318441	2.0056152767867226
TRBJ2-1	SRR10318442	1.0290972598019128
TRBJ2-1	SRR10318443	5.01162311091715
TRBJ2-1	SRR10318444	5.043962943098024
TRBJ2-1	SRR10318445	3.037277264215823
TRBJ2-1	SRR10318446	1.0040101644950676
TRBJ2-1	SRR10318447	4.042965317262988
TRBJ2-1	SRR10318448	1.0071774620660263
TRBJ2-1	SRR10318449	3.006306158283175
TRBJ2-1	SRR10318450	2.010795863974406
TRBJ2-1	SRR10318451	1
TRBJ2-1	SRR10318452	1.0063470586203123
TRBJ2-1	SRR10318453	3.0603848826028193
TRBJ2-1	SRR10318454	1.0047940376745443
TRBJ2-1	SRR10318455	3.0184572769130535
TRBJ2-1	SRR10318456	3.020077023209715
TRBJ2-1	SRR10318457	3.004953039106962
TRBJ2-1	SRR10318458	2.026121533000211
TRBJ2-1	SRR10318459	1.0066712106965126
TRBJ2-1	SRR10318460	2.0080889550647942
TRBJ2-1	SRR10318461	1.0035908666536983
TRBJ2-1	SRR10318462	2.013630297459443
TRBJ2-1	SRR10318463	2.006398352174505
TRBJ2-1	SRR10318464	2.0127746426423734
TRBJ2-1	SRR10318465	6.006031372550816
TRBJ2-1	SRR10318466	1.0095724722687383
TRBJ2-1	SRR10318467	4.020653307472264
TRBJ2-1	SRR10318468	1.0099265873940113
TRBJ2-1	SRR10318469	1.003736640357631
TRBJ2-1	SRR10318470	2
TRBJ2-1	SRR10318471	2
TRBJ2-1	SRR10318472	1.0044939929610694
TRBJ2-1	SRR10318473	1.0039520196971752
TRBJ2-1	SRR10318474	3.0128478064334607
TRBJ2-1	SRR10318475	2.008203899828557
TRBJ2-1	SRR10318476	1.0037100598776116
TRBJ2-1	SRR10318495	2.0023706476889442
TRBJ2-1	SRR10318496	3.026817353654088
TRBJ2-1	SRR10318497	1.0057733394052475
TRBJ2-1	SRR10318498	3.0028336131389075
TRBJ2-1	SRR10318499	6.007295578336671
TRBJ2-1	SRR10318500	2.0116579594099884
TRBJ2-1	SRR10318501	1.0049305007724685
TRBJ2-1	SRR10318502	7.003778878644424
TRBJ2-1	SRR10318503	4.007624113053891
TRBJ2-1	SRR10318504	2.0136434013266955
TRBJ2-1	SRR10318505	2.0014397023245074
TRBJ2-1	SRR10318506	1.012140088058167
TRBJ2-1	SRR10318507	3.0368424376312158
TRBJ2-1	SRR10318508	2.062427449412944
TRBJ2-1	SRR10318509	6.04232766127526
TRBJ2-1	SRR10318510	4.03250125433914
TRBJ2-1	SRR10318511	4.005040318291648
TRBJ2-1	SRR10318512	4.031007928916389
TRBJ2-1	SRR10318513	1.0033796658956018
TRBJ2-1	SRR10318514	1.0046534867814323
TRBJ2-1	SRR10318515	1.012185016083506
TRBJ2-1	SRR10318516	2.0120931003087192
TRBJ2-1	SRR10318517	2.0054042297511216
TRBJ2-1	SRR10318518	1.0073407710436535
TRBJ2-1	SRR10318519	2.009649507739891
TRBJ2-1	SRR10318520	1.0020114680017955
TRBJ2-1	SRR10318521	1.0036752754292169
TRBJ2-1	SRR10318522	5.006980313584417
TRBJ2-1	SRR10318523	1.0022972139313746
TRBJ2-1	SRR10318524	1.0079332911520626
TRBJ2-1	SRR10318525	3.0190003403329673
TRBJ2-1	SRR10318526	1.0066340409403034
TRBJ2-1	SRR10318527	7.0025190258185255
TRBJ2-1	SRR10318528	3.0077394267260837
TRBJ2-1	SRR10318529	3.006799724998818
TRBJ2-1	SRR10318530	1.0068960081103668
TRBJ2-1	SRR10318531	1.0090633661821524
TRBJ2-1	SRR10318532	3.0255123611848327
TRBJ2-1	SRR10318533	1.0236532940435767
TRBJ2-1	SRR10318534	3.053639438805026
TRBJ2-1	SRR10318535	1.0158026224654026
TRBJ2-1	SRR10318536	4.016584908108115
TRBJ2-1	SRR10318537	5.055411762612843
TRBJ2-1	SRR10318538	2.0038120565269457
TRBJ2-1	SRR10318539	2.015005810096368
TRBJ2-1	SRR10318540	3.0166442344106406
TRBJ2-1	SRR10318541	2.0148002708528874
TRBJ2-1	SRR10318542	1.0082966874658166
TRBJ2-1	SRR10318543	1.0102315119348009
TRBJ2-1	SRR10318544	3.0075529480505288
TRBJ2-1	SRR10318545	1.0089020059058134
TRBJ2-1	SRR10318546	4.005760882040813
TRBJ2-1	SRR10318547	1.004071255814061
TRBJ2-1	SRR10318548	2.009861001544937
TRBJ2-1	SRR10318549	2.0143549241320526
TRBJ2-1	SRR10318568	3.0096294146943134
TRBJ2-1	SRR10318569	2.0017997898095317
TRBJ2-1	SRR10318570	1.010993574886179
TRBJ2-1	SRR10318571	2.0017997898095317
TRBJ2-1	SRR10318572	1.0048247538699455
TRBJ2-1	SRR10318573	4.006182444909256
TRBJ2-1	SRR10318574	7.017409025759871
TRBJ2-1	SRR10318575	4.019299015479782
TRBJ2-1	SRR10318576	2.0087701074640147
TRBJ2-1	SRR10318577	3.008996052997736
TRBJ2-1	SRR10318578	1.0008998949047658
TRBJ2-1	SRR10318579	2.0063370191673306
TRBJ2-1	SRR10318580	3.0043206615306097
TRBJ2-1	SRR10318581	3
TRBJ2-1	SRR10875803	5.712644569807993
TRBJ2-1	SRR10875804	2.7719704368411016
TRBJ2-1	SRR10875805	4.159399199431205
TRBJ2-1	SRR10875806	8.670757402901675
TRBJ2-1	SRR10875807	0.9691618824824831
TRBJ2-1	SRR10875808	0.9133292956158376
TRBJ2-1	SRR10875809	5.712680034551735
TRBJ2-1	SRR10875810	2.729211752519991
TRBJ2-1	SRR10875812	4
TRBJ2-1	SRR10875813	8.142748177739215
TRBJ2-1	SRR10875814	7.0284987906984275
TRBJ2-1	SRR10875815	4
TRBJ2-1	SRR10875816	7
TRBJ2-1	SRR10875817	8.49250642464072
TRBJ2-1	SRR10875818	5.814649078345942
TRBJ2-1	SRR10875819	4
TRBJ2-1	SRR10875820	4.9793830691496845
TRBJ2-1	SRR10875821	3.812626648303042
TRBJ2-1	SRR10875822	2.0415446186522614
TRBJ2-1	SRR10875823	2
TRBJ2-1	SRR10875824	4.843579477503308
TRBJ2-1	SRR10875825	4.007324897229754
TRBJ2-1	SRR10875826	5.911912152951284
TRBJ2-1	SRR10875827	6.406666403804241
TRBJ2-1	SRR10875829	6.788892302424871
TRBJ2-1	SRR10875830	6
TRBJ2-1	SRR10875831	5.018175606148013
TRBJ2-1	SRR10875832	3
TRBJ2-1	SRR10875834	3.0102717334750446
TRBJ2-1	SRR10875835	2
TRBJ2-1	SRR10875836	7.541655942260658
TRBJ2-1	SRR10875837	7.237224318170659
TRBJ2-1	SRR10875838	4
TRBJ2-1	SRR10875839	4.448815522376416
TRBJ2-1	SRR10875840	4.90240105014467
TRBJ2-1	SRR10875841	3.01162147911867
TRBJ2-1	SRR10875842	5.561021436239615
TRBJ2-1	SRR10875843	4.967778030573065
TRBJ2-1	SRR10875844	3.2152144846485537
TRBJ2-1	SRR10875845	1.8123995090529232
TRBJ2-1	SRR10875846	4.81257232952092
TRBJ2-1	SRR10875847	1.0038431392461147
TRBJ2-1	SRR10875848	3
TRBJ2-1	SRR10875849	3.863089250759695
TRBJ2-1	SRR10875850	4.000719656924175
TRBJ2-1	SRR10875851	7.001858752013478
TRBJ2-1	SRR10875852	4.856484964378395
TRBJ2-1	SRR10875853	5.01133287499803
TRBJ2-1	SRR10875854	9.255226640779332
TRBJ2-1	SRR10875855	3.6590394797428494
TRBJ2-1	SRR10875856	6.079026979936893
TRBJ2-1	SRR10875857	5.800263593232054
TRBJ2-1	SRR10875858	3.7511524041194138
TRBJ2-1	SRR10875859	3
TRBJ2-1	SRR10875860	4.581693280209732
TRBJ2-1	SRR10875861	4.732672582300832
TRBJ2-1	SRR10875862	4.068797137485102
TRBJ2-1	SRR10875863	5.027365011296985
TRBJ2-1	SRR10875864	4
TRBJ2-1	SRR10875865	7.628432234119511
TRBJ2-1	SRR10875866	10.416689866643551
TRBJ2-1	SRR10875867	12.487739940744655
TRBJ2-1	SRR10875868	9.842515573492054
TRBJ2-1	SRR10875869	4
TRBJ2-1	SRR10875870	3.379146430322938
TRBJ2-1	SRR10875871	9.001619228079393
TRBJ2-1	SRR10875872	1.1696686057150718
TRBJ2-1	SRR10875873	1.6143451463165925
TRBJ2-1	SRR10875874	3.51843229568938
TRBJ2-1	SRR10875875	5.934023912961243
TRBJ2-1	SRR10875876	2
TRBJ2-1	SRR10875877	4.855610013126823
TRBJ2-1	SRR10875878	3.0238736969107096
TRBJ2-1	SRR10875879	6
TRBJ2-1	SRR10875880	3.0121633126812806
TRBJ2-1	SRR10875881	1.5629833593916387
TRBJ2-1	SRR10875882	4
TRBJ2-1	SRR10875883	4.025977584990341
TRBJ2-1	SRR10875884	4.8733883045837
TRBJ2-1	SRR10875885	3.0057180847904186
TRBJ2-1	SRR10875886	1.0075645039987202
TRBJ2-1	SRR10875887	6
TRBJ2-1	SRR10875888	6.169601617397521
TRBJ2-1	SRR10875889	2.004533149999212
TRBJ2-1	SRR10875890	2.004533149999212
TRBJ2-1	SRR10875891	4
TRBJ2-1	SRR10875892	7.984205078052497
TRBJ2-1	SRR10875893	4
TRBJ2-1	SRR10875894	2.075455694712485
TRBJ2-1	SRR10875895	3
TRBJ2-1	SRR10875896	3.0303346328136302
TRBJ2-1	SRR10875897	11.028715031575034
TRBJ2-1	SRR10875898	4.765162242102354
TRBJ2-1	SRR10875899	2.7013677949666386
TRBJ2-1	SRR10875900	3.011447068412061
TRBJ2-1	SRR10875901	2.0044251279968677
TRBJ2-1	SRR10875902	2.0092880082329447
TRBJ2-1	SRR12430469	2
TRBJ2-1	SRR12430470	0.8522624702009965
TRBJ2-1	SRR12430471	0.973304284575122
TRBJ2-1	SRR12430472	0.9640108918329807
TRBJ2-1	SRR12430473	2
TRBJ2-1	SRR12430474	1.359873205876857
TRBJ2-1	SRR12430475	0.6527639697361387
TRBJ2-1	SRR12430476	1
TRBJ2-1	SRR12765534	9
TRBJ2-1	SRR12765535	2.005315802879815
TRBJ2-1	SRR12765536	10.046291005525438
TRBJ2-1	SRR12765537	1.0042383190183728
TRBJ2-1	SRR12765538	3.1028905679875964
TRBJ2-1	SRR12765539	1.0314128115051437
TRBJ2-1	SRR12765540	8.025058295854857
TRBJ2-1	SRR12765541	1.009703651326794
TRBJ2-1	SRR12765542	15
TRBJ2-1	SRR12765543	2.032831629439689
TRBJ2-1	SRR12765544	4.0464200135965855
TRBJ2-1	SRR12765545	4.037868680535449
TRBJ2-1	SRR12765546	1.0302580085326847
TRBJ2-1	SRR12765547	1.0081057978341976
TRBJ2-1	SRR12765548	1.0204595735015827
TRBJ2-1	SRR12765549	3.023020478828272
TRBJ2-1	SRR12765550	5.20058712004642
TRBJ2-1	SRR12765551	1.0138517058671774
TRBJ2-1	SRR12765552	3.1247563043915623
TRBJ2-1	SRR12765553	1.044787541309448
TRBJ2-1	SRR12765554	4.127749830516085
TRBJ2-1	SRR12765555	1.0207802232545309
TRBJ2-1	SRR12765556	1.0154992904437379
TRBJ2-1	SRR12765557	7.07371499517745
TRBJ2-1	SRR12765558	1.0516646996103904
TRBJ2-1	SRR12765559	6.011436169580837
TRBJ2-1	SRR12765560	1.0193147872805552
TRBJ2-1	SRR12765561	6.017029763191469
TRBJ2-1	SRR12765562	2.031481039730548
TRBJ2-1	SRR12765563	6.043867777212543
TRBJ2-1	SRR12765564	3.006350756509519
TRBJ2-1	SRR12765565	10.042664582321658
TRBJ2-1	SRR12765566	2.0144165022437224
TRBJ2-1	SRR12765567	2.026580206116491
TRBJ2-1	SRR12765568	4.041624701512121
TRBJ2-1	SRR12765569	4.046032166011714
TRBJ2-1	SRR12765570	2.0143549241320526
TRBJ2-1	SRR12765571	1.011188757969452
TRBJ2-1	SRR12765572	6.039770787221573
TRBJ2-1	SRR12765573	1.0345835410136228
TRBJ2-1	SRR12765574	11.076555635867447
TRBJ2-1	SRR12765575	1.0242231235437018
TRBJ2-1	SRR12765576	3.0748279772629057
TRBJ2-1	SRR12765577	1.0460059726823405
TRBJ2-1	SRR12765578	1.0151849958585093
TRBJ2-1	SRR12765579	1.008549757583579
TRBJ2-1	SRR12765580	3.0342700814062584
TRBJ2-1	SRR12765581	1.0162640458244836
TRBJ2-1	SRR12765582	2.0020104575169384
TRBJ2-1	SRR12765583	1.008894629432837
TRBJ2-1	SRR12765584	1.0125281630517893
TRBJ2-1	SRR12765585	1.011157847234662
TRBJ2-1	SRR12765586	4.021243697494613
TRBJ2-1	SRR12765587	1.0118330537602769
TRBJ2-1	SRR12765588	10.069962891030084
TRBJ2-1	SRR12765589	2.036750675641805
TRBJ2-1	SRR12765590	1.0294216534098712
TRBJ2-1	SRR12765591	2.0562669413136656
TRBJ2-1	SRR12765592	1.0165367644372587
TRBJ2-1	SRR12765593	5.042164727857139
TRBJ2-1	SRR12765594	1.023275089062988
TRBJ2-1	SRR12765595	2.024036442345954
TRBJ2-1	SRR12765596	2.0089265737532043
TRBJ2-1	SRR12765597	8.064668482428347
TRBJ2-1	SRR12765598	1.0072316768045089
TRBJ2-1	SRR12765599	1.003093611368694
TRBJ2-1	SRR12765600	3.129280624084981
TRBJ2-1	SRR12765601	2.0443244790524675
TRBJ2-1	SRR12765602	1.008672496399683
TRBJ2-1	SRR12765603	4.040132668159514
TRBJ2-1	SRR12765604	2.0163260353818857
TRBJ2-1	SRR12765605	2.015631480811459
TRBJ2-1	SRR12765606	1.013303558456437
TRBJ2-1	SRR12765607	3.026351243451855
TRBJ2-1	SRR12765608	1.0088818539791797
TRBJ2-1	SRR12765609	6.029113387432061
TRBJ2-1	SRR12765610	1.008763978794329
TRBJ2-1	SRR12765611	6.033371843265892
TRBJ2-1	SRR12765612	11.050178160405821
TRBJ2-1	SRR12765613	5.030183479631365
TRBJ2-1	SRR12765614	11.051421872979413
TRBJ2-1	SRR12765615	3.02754962807112
TRBJ2-1	SRR12765616	1.0061831833585213
TRBJ2-1	SRR12765617	1.0085055016400712
TRBJ2-1	SRR12765618	3.0707162618721546
TRBJ2-1	SRR12765619	6.131333375078839
TRBJ2-1	SRR12765620	2.0163621405904326
TRBJ2-1	SRR12765621	8.020985227639853
TRBJ2-1	SRR12765622	1.0220255670364495
TRBJ2-1	SRR12765623	9
TRBJ2-1	SRR12765624	1.003979473200612
TRBJ2-1	SRR12765625	1.0083576543049855
TRBJ2-1	SRR12765626	12.059534653673976
TRBJ2-1	SRR12765627	2.0010796796126926
TRBJ2-1	SRR12765628	1.0416404899160054
TRBJ2-1	SRR12765629	1.0324836165656877
TRBJ2-1	SRR12765630	5.008629017679065
TRBJ2-1	SRR12765631	2.012120316232804
TRBJ2-1	SRR12765632	3.01975554388954
TRBJ2-1	SRR12765633	2.039126632624243
TRBJ2-1	SRR12765634	13.07105346114351
TRBJ2-1	SRR12765635	2.046428424410931
TRBJ2-1	SRR12765636	5.061098671648178
TRBJ2-1	SRR12765637	1.0356758705836402
TRBJ2-1	SRR12765638	17
TRBJ2-1	SRR12765639	1.0312383739753317
TRBJ2-1	SRR12765640	9.04572519404362
TRBJ2-1	SRR12765641	1.0191101951053518
TRBJ2-1	SRR12765642	2.004893794039496
TRBJ2-1	SRR12765643	4.056680119687405
TRBJ2-1	SRR12765644	3.010762892895811
TRBJ2-1	SRR12765645	3.0869778017881186
TRBJ2-1	SRR12765646	10.06829061980229
TRBJ2-1	SRR12765647	1.0292969953121303
TRBJ2-1	SRR12765648	2.0238135032925526
TRBJ2-1	SRR12765649	1.0495385478573618
TRBJ2-1	SRR12765650	1.0183845609590005
TRBJ2-1	SRR12765651	2.056560433988745
TRBJ2-1	SRR12765652	1.0107837488840228
TRBJ2-1	SRR12774664	44.233882748676265
TRBJ2-1	SRR12774665	38.515153223655325
TRBJ2-1	SRR12774666	30.320748752148596
TRBJ2-1	SRR12774667	45.68008445489893
TRBJ2-1	SRR12774668	8.427321398832206
TRBJ2-1	SRR12774669	7.130358274866908
TRBJ2-1	SRR12774670	12.589356239086529
TRBJ2-1	SRR12774671	13.630052234801118
TRBJ2-1	SRR12774672	54.33446756437268
TRBJ2-1	SRR12774673	21.30147791839704
TRBJ2-1	SRR12774674	24.5865913098831
TRBJ2-1	SRR12774675	25.866302314514297
TRBJ2-1	SRR12774676	68.44572435224275
TRBJ2-1	SRR12774677	35.3841585395384
TRBJ2-1	SRR12774678	24.009348312240242
TRBJ2-1	SRR12774679	48.100488940596094
TRBJ2-1	SRR12774680	31.44147882528731
TRBJ2-1	SRR12774681	35.305551535490565
TRBJ2-1	SRR12774682	29.308928643504757
TRBJ2-1	SRR12774683	57.407349612346025
TRBJ2-1	SRR12774684	34.17982242062565
TRBJ2-1	SRR12774685	61.45075719541162
TRBJ2-1	SRR12774686	21.381535010095202
TRBJ2-1	SRR12774687	39.11949610644437
TRBJ2-1	SRR1609360	1.0496124788462589
TRBJ2-1	SRR1609361	14.37019245792116
TRBJ2-1	SRR1609362	6.411000788047847
TRBJ2-1	SRR1609363	4.029735537198075
TRBJ2-1	SRR1609364	3.0262443198865476
TRBJ2-1	SRR1609365	12.17560779571726
TRBJ2-1	SRR1609366	12.069077911699333
TRBJ2-1	SRR1609367	49.13390558895978
TRBJ2-1	SRR1609368	4.022611878597814
TRBJ2-1	SRR1609369	12.01079873885719
TRBJ2-1	SRR1609370	22.045898279154773
TRBJ2-1	SRR1609371	6.182978404659903
TRBJ2-1	SRR1609372	28.023104649912593
TRBJ2-1	SRR1609373	3.0226837664965314
TRBJ2-1	SRR1609374	6.015763508894325
TRBJ2-1	SRR1609375	10.066648133839482
TRBJ2-1	SRR1609376	3.0487905796652695
TRBJ2-1	SRR1609377	12.064573098139961
TRBJ2-1	SRR1609378	8.1421829296099
TRBJ2-1	SRR1609379	20.03662448614877
TRBJ2-1	SRR1609380	7.1120167853986604
TRBJ2-1	SRR1609381	20.014397023245074
TRBJ2-1	SRR1609382	15.21832436522846
TRBJ2-1	SRR1609383	6.063161557851486
TRBJ2-1	SRR1609384	13.12842823778284
TRBJ2-1	SRR1609385	8.059899643145489
TRBJ2-1	SRR1609386	14.095175983220033
TRBJ2-1	SRR1609387	6.045641395081861
TRBJ2-1	SRR1609388	4.052148820989803
TRBJ2-1	SRR1609389	23.05831881991882
TRBJ2-1	SRR1609390	10.131607869251967
TRBJ2-1	SRR1609391	2.1286337114510596
TRBJ2-1	SRR1609392	5.0789756763623375
TRBJ2-1	SRR1609393	2.0903203059802395
TRBJ2-1	SRR1609394	4.113637344476776
TRBJ2-1	SRR1609395	20.11246319240141
TRBJ2-1	SRR1609396	26.029586687007317
TRBJ2-1	SRR1609397	8.11952263047269
TRBJ2-1	SRR1609398	13.061347235234551
TRBJ2-1	SRR1609399	25.096699280876862
TRBJ2-1	SRR1609400	21.046602139342408
TRBJ2-1	SRR1609401	2.021601359711825
TRBJ2-1	SRR1609402	4.017975971844278
TRBJ2-1	SRR1609403	17.05537371381984
TRBJ2-1	SRR1609404	9.10994037842522
TRBJ2-1	SRR1609405	3.0204837573692265
TRBJ2-1	SRR1609406	2.0081956917187083
TRBJ2-1	SRR1609407	1.0024242592569674
TRBJ2-1	SRR1609408	6.047278313815064
TRBJ2-1	SRR1609409	5.096418140717704
TRBJ2-1	SRR1609410	8
TRBJ2-1	SRR1609411	1.0534817444447622
TRBJ2-1	SRR1609412	12
TRBJ2-1	SRR1609413	21.165672214608318
TRBJ2-1	SRR1609414	9.014859117320887
TRBJ2-1	SRR1609415	16.0028786276967
TRBJ2-1	SRR1609416	26.070699308312125
TRBJ2-1	SRR1609417	9.061586778807042
TRBJ2-1	SRR1609418	10.014540594841934
TRBJ2-1	SRR1609419	10.04906320813734
TRBJ2-1	SRR1609420	10.047772073142706
TRBJ2-1	SRR1609421	3.019479698000938
TRBJ2-1	SRR1609422	1.0170007457993464
TRBJ2-1	SRR1609423	2.1086267322693293
TRBJ2-1	SRR1609424	4.317330713323567
TRBJ2-1	SRR1609425	12.019812156427848
TRBJ2-1	SRR1609426	8.038209434579974
TRBJ2-1	SRR1609427	24.127748815677098
TRBJ2-1	SRR1609428	6.052351959413801
TRBJ2-1	SRR1609429	16.02065100378359
TRBJ2-1	SRR1609430	18.07518462154361
TRBJ2-1	SRR1609431	3.0227538888357772
TRBJ2-1	SRR1609432	5.007728056136569
TRBJ2-1	SRR1609433	18.15284429795221
TRBJ2-1	SRR1609434	6.091704675023052
TRBJ2-1	SRR1609435	16.073812695141722
TRBJ2-1	SRR1609436	8.026192657475585
TRBJ2-1	SRR1609437	6.132976971951563
TRBJ2-1	SRR1609438	1.0325930752618184
TRBJ2-1	SRR1609439	6.090263205848318
TRBJ2-1	SRR1609440	15.03869713363042
TRBJ2-1	SRR1609441	11.024932324995666
TRBJ2-1	SRR1609442	13.096325373378795
TRBJ2-1	SRR1609443	4.035662609965004
TRBJ2-1	SRR1609444	9.004858558257117
TRBJ2-1	SRR1609445	8.028236085099005
TRBJ2-1	SRR1609446	2.022858519347924
TRBJ2-1	SRR1609447	4.9373235438321945
TRBJ2-1	SRR1609448	2.017770213473652
TRBJ2-1	SRR1609449	15.037574319706295
TRBJ2-1	SRR1609450	6.012517712496756
TRBJ2-1	SRR1609451	29.38157669671754
TRBJ2-1	SRR1609452	2.5280106526686255
TRBJ2-1	SRR1609453	17.031311256624264
TRBJ2-1	SRR1609454	13.213197054989665
TRBJ2-1	SRR1609455	2.504688699222116
TRBJ2-1	SRR1609456	7.034269718200403
TRBJ2-1	SRR1609457	8.053564694146365
TRBJ2-1	SRR1609458	3.7227888309430615
TRBJ2-1	SRR1609459	5.0195699506140095
TRBJ2-1	SRR1609460	2.019797942537209
TRBJ2-1	SRR1609461	7.011963171980514
TRBJ2-1	SRR1609462	8.029925943489586
TRBJ2-1	SRR1609463	9.059439324195962
TRBJ2-1	SRR1609464	3.034472407274847
TRBJ2-1	SRR1609465	2.0245549693768075
TRBJ2-1	SRR1609466	4.486571043138182
TRBJ2-1	SRR1609467	6.072924449366351
TRBJ2-1	SRR1609468	23.0396934813237
TRBJ2-1	SRR1609469	7.001259399617306
TRBJ2-1	SRR1609470	6.029113387432061
TRBJ2-1	SRR1609471	14.030020510216398
TRBJ2-1	SRR1609472	2.1747306010584255
TRBJ2-1	SRR1609473	3.1742925794953756
TRBJ2-1	SRR1609474	15.03888756839494
TRBJ2-1	SRR1609475	3.0665373510639182
TRBJ2-1	SRR1609476	44.76485254856527
TRBJ2-1	SRR1609477	8.045831924369086
TRBJ2-1	SRR1609478	5.116398462602853
TRBJ2-1	SRR1609479	6.063885956008408
TRBJ2-1	SRR1609480	9
TRBJ2-1	SRR1609481	3.0318654524893187
TRBJ2-1	SRR1609482	7.025970419143282
TRBJ2-1	SRR1609483	13.059972814802649
TRBJ2-1	SRR1609484	8.064561444786493
TRBJ2-1	SRR1609485	7.006299264333361
TRBJ2-1	SRR1609486	11.03601490402893
TRBJ2-1	SRR1609487	15.059944352978516
TRBJ2-1	SRR1609488	15.021603307653049
TRBJ2-1	SRR1609489	9.01997234543246
TRBJ2-1	SRR1609490	9.151596423326927
TRBJ2-1	SRR1609491	7.025113416756892
TRBJ2-1	SRR1609492	8
TRBJ2-1	SRR1609493	4.018275982954585
TRBJ2-1	SRR1609494	7.041866525781564
TRBJ2-1	SRR1609495	30.06799724998818
TRBJ2-1	SRR1609496	10.008998949047658
TRBJ2-1	SRR1609497	17.01529821338102
TRBJ2-1	SRR1609498	21.007557077455576
TRBJ2-1	SRR1609499	4.008467675346026
TRBJ2-1	SRR1609500	7.012080624750691
TRBJ2-1	SRR1609501	6.007744126418847
TRBJ2-1	SRR1609502	16.20997727629311
TRBJ2-1	SRR1609503	1.2577312251671255
TRBJ2-1	SRR1609504	21
TRBJ2-1	SRR1609505	19
TRBJ2-1	SRR1609506	5.099984933509485
TRBJ2-1	SRR1609507	7.04316224522272
TRBJ2-1	SRR1609508	12.006478077676157
TRBJ2-1	SRR1609509	9.057799797850413
TRBJ2-1	SRR1609510	5.028491233546934
TRBJ2-1	SRR1609511	9.3376717481895
TRBJ2-1	SRR1609512	15.05090618878848
TRBJ2-1	SRR1609513	15.048907678602715
TRBJ2-1	SRR1609514	6.29883131159355
TRBJ2-1	SRR1609515	12.023770053658932
TRBJ2-1	SRR1609516	5.021021915363081
TRBJ2-1	SRR1609517	3.0690767739450666
TRBJ2-1	SRR1609518	14.022685514003777
TRBJ2-1	SRR1609519	8.013806428286504
TRBJ2-1	SRR1609520	2.158742472682703
TRBJ2-1	SRR1609521	15.025176054255985
TRBJ2-1	SRR1609522	5.122360735022449
TRBJ2-1	SRR1609523	7.03355826372181
TRBJ2-1	SRR1609524	4.067602956563733
TRBJ2-1	SRR1609525	4.022192312547521
TRBJ2-1	SRR1609526	13.268933937726676
TRBJ2-1	SRR1609527	13
TRBJ2-1	SRR1609528	2.0178040118116267
TRBJ2-1	SRR1609529	5.130808841438321
TRBJ2-1	SRR1609530	7.03425029612435
TRBJ2-1	SRR1609531	8.030738181984109
TRBJ2-1	SRR1609532	14.103349355279494
TRBJ2-1	SRR1609533	2.0776421017853592
TRBJ2-1	SRR1609534	15.019771026969517
TRBJ2-1	SRR1609535	1.0447999386373616
TRBJ2-1	SRR1609536	8.089483982276626
TRBJ2-1	SRR1609537	6.023262377904282
TRBJ2-1	SRR1609538	14
TRBJ2-1	SRR1609539	8.049929301249065
TRBJ2-1	SRR1609540	7
TRBJ2-1	SRR1609541	1.1005986779971142
TRBJ2-1	SRR1609542	12.028464632178725
TRBJ2-1	SRR1609543	22.045898279154773
TRBJ2-1	SRR1609544	40.23749515199312
TRBJ2-1	SRR1609545	5.4760912040118175
TRBJ2-1	SRR1609546	15
TRBJ2-1	SRR1609547	4.020868316517518
TRBJ2-1	SRR1609548	10.184861532197388
TRBJ2-1	SRR1609549	4.043436885200846
TRBJ2-1	SRR1609550	13
TRBJ2-1	SRR1609551	8.093948218240225
TRBJ2-1	SRR1609552	3.013706987215939
TRBJ2-1	SRR1609553	4.01063160575963
TRBJ2-1	SRR1609554	5.046070844211942
TRBJ2-1	SRR1609555	6.021361129059819
TRBJ2-1	SRR1609556	7.158219844013594
TRBJ2-1	SRR1609557	3.0190329710224972
TRBJ2-1	SRR1609558	7.030385362618546
TRBJ2-1	SRR1609559	4.171725230058666
TRBJ2-1	SRR1609560	2.014840515512933
TRBJ2-1	SRR1609561	6.015662744495473
TRBJ2-1	SRR1609562	17.017088888893976
TRBJ2-1	SRR1609563	14.062680346771877
TRBJ2-1	SRR1609564	21.020115121657348
TRBJ2-1	SRR1609565	4.101991137383571
TRBJ2-1	SRR1609566	5.016898329478009
TRBJ2-1	SRR1609567	1.258890072207468
TRBJ2-1	SRR1609568	13
TRBJ2-1	SRR1609569	18
TRBJ2-1	SRR1609570	9.162964087030229
TRBJ2-1	SRR1609571	5.122758223407378
TRBJ2-1	SRR1609572	9.121801304477051
TRBJ2-1	SRR1609573	5.100875730153021
TRBJ2-1	SRR1609574	17.089157642849056
TRBJ2-1	SRR1609575	6.44219915818504
TRBJ2-1	SRR1609576	10.040269820071131
TRBJ2-1	SRR1609577	27.114347193547136
TRBJ2-1	SRR1609578	5.00891909700182
TRBJ2-1	SRR1609579	33.22535904534756
TRBJ2-1	SRR1609580	6.046659513724625
TRBJ2-1	SRR1609581	4.1686841220269715
TRBJ2-1	SRR1609582	9.076019272310457
TRBJ2-1	SRR1609583	3.1087360560313573
TRBJ2-1	SRR1609584	14.028973005752105
TRBJ2-1	SRR1609585	14.012598528666722
TRBJ2-1	SRR1609586	3.235874630058878
TRBJ2-1	SRR1609587	4.048995360710388
TRBJ2-1	SRR1609588	5.0701227050548425
TRBJ2-1	SRR1609589	6.015947408639445
TRBJ2-1	SRR1609590	18.006477494961924
TRBJ2-1	SRR1609591	14.045837150582274
TRBJ2-1	SRR1609592	3.0207874404662203
TRBJ2-1	SRR1609593	4.022357885623923
TRBJ2-1	SRR1609594	4.1025926878443535
TRBJ2-1	SRR1609595	5.125359961763944
TRBJ2-1	SRR1609596	6.015763508894325
TRBJ2-1	SRR1609597	10.042350812424864
TRBJ2-1	SRR1609598	5.139764104117205
TRBJ2-1	SRR1609599	4.086104965225669
TRBJ2-1	SRR1609600	3.093858339973584
TRBJ2-1	SRR1609601	2.0567471607067103
TRBJ2-1	SRR1609602	2.3267904494222718
TRBJ2-1	SRR1609603	23
TRBJ2-1	SRR1609604	9.063920380824472
TRBJ2-1	SRR1609605	11.085271804520069
TRBJ2-1	SRR1609606	6.098040964261356
TRBJ2-1	SRR1609607	3.015200947211161
TRBJ2-1	SRR1609608	9.185936445622266
TRBJ2-1	SRR1609609	7.232445499379609
TRBJ2-1	SRR1609610	19
TRBJ2-1	SRR1609611	4.069588794751566
TRBJ2-1	SRR1609612	21.049169640703425
TRBJ2-1	SRR1609613	15.013498423571486
TRBJ2-1	SRR1609614	8.095079335846316
TRBJ2-1	SRR1609615	15.047987641308787
TRBJ2-1	SRR1609616	24
TRBJ2-1	SRR1609617	16
TRBJ2-1	SRR1609618	5.016149217641518
TRBJ2-1	SRR1609619	8.029300528538506
TRBJ2-1	SRR1609620	3.0385131485674033
TRBJ2-1	SRR1609621	3.0262861397731204
TRBJ2-1	SRR1609622	3.1191621773383544
TRBJ2-1	SRR1609623	11.213563947204019
TRBJ2-1	SRR1609624	1.2336696420287332
TRBJ2-1	SRR1609625	10.016203938574126
TRBJ2-1	SRR1609626	16.127326383523783
TRBJ2-1	SRR1609627	6.0334729042981765
TRBJ2-1	SRR1609628	7.013439115721457
TRBJ2-1	SRR1609629	14.232792211336314
TRBJ2-1	SRR1609630	7.019868057056714
TRBJ2-1	SRR1609631	15
TRBJ2-1	SRR1609632	30
TRBJ2-1	SRR1609633	22.080647643941507
TRBJ2-1	SRR1609634	9.075619071704384
TRBJ2-1	SRR1609635	7.177070837249641
TRBJ2-1	SRR1609636	7.238222082983964
TRBJ2-1	SRR1609637	31.128333348680826
TRBJ2-1	SRR1609638	4.099980196486987
TRBJ2-1	SRR1609639	10.055894714059807
TRBJ2-1	SRR1609640	17.003058541927743
TRBJ2-1	SRR1609641	5.001425861572968
TRBJ2-1	SRR1609642	22
TRBJ2-1	SRR1609643	3.0368324540652116
TRBJ2-1	SRR1609644	12.01295965247651
TRBJ2-1	SRR1609645	10.032298435283035
TRBJ2-1	SRR1609646	10.02399462980114
TRBJ2-1	SRR1609647	4.085193188566203
TRBJ2-1	SRR1609648	7.025591797620815
TRBJ2-1	SRR1609649	19.158593584794595
TRBJ2-1	SRR1609650	8.060184235447842
TRBJ2-1	SRR1609651	4.013818341877882
TRBJ2-1	SRR1609652	9.032439972597617
TRBJ2-1	SRR1609653	1.0511387444381015
TRBJ2-1	SRR1609654	12.42173739702269
TRBJ2-1	SRR1609655	3.020640034984301
TRBJ2-1	SRR1609656	17.249249385907504
TRBJ2-1	SRR1609657	8.106164910315778
TRBJ2-1	SRR1609658	6.1221770461401555
TRBJ2-1	SRR1609659	8.064535443744623
TRBJ2-1	SRR1609660	7.027641479910446
TRBJ2-1	SRR1609661	12.017818649020459
TRBJ2-1	SRR1609662	7.033033126664758
TRBJ2-1	SRR1609663	14.037359343224002
TRBJ2-1	SRR1609664	1.00735571483492
TRBJ2-1	SRR1609665	9
TRBJ2-1	SRR1609666	11.18582324273669
TRBJ2-1	SRR1609667	13.0388447508606
TRBJ2-1	SRR1609668	1.126374524616663
TRBJ2-1	SRR1609669	11.217343351828534
TRBJ2-1	SRR1746771	2.327502942253789
TRBJ2-1	SRR1746772	0.589515562609275
TRBJ2-1	SRR1746773	4.586655675130968
TRBJ2-1	SRR1746774	0.5365488408099495
TRBJ2-1	SRR1746775	1.414879324411874
TRBJ2-1	SRR1746776	0.8231696533064237
TRBJ2-1	SRR1746777	2.881707163545978
TRBJ2-1	SRR1746778	0.5400933262493899
TRBJ2-1	SRR1746779	1.1953147350110498
TRBJ2-1	SRR1746780	1.059092441756661
TRBJ2-1	SRR1746781	0.7373202383438621
TRBJ2-1	SRR1746782	2.0091379914772927
TRBJ2-1	SRR1746783	2
TRBJ2-1	SRR1746784	1
TRBJ2-1	SRR1782685	6.098220789258225
TRBJ2-1	SRR1782686	5.122592533919836
TRBJ2-1	SRR1782687	4.049782723662109
TRBJ2-1	SRR1782688	4.067774494065287
TRBJ2-1	SRR1782689	9.164060252720807
TRBJ2-1	SRR1782690	9.188533774434529
TRBJ2-1	SRR1782691	15.027008994305568
TRBJ2-1	SRR1782692	9.075568795923157
TRBJ2-1	SRR1782693	4.036622454236288
TRBJ2-1	SRR1782694	3.0488539191887685
TRBJ2-1	SRR1782695	20.014397023245074
TRBJ2-1	SRR1782696	4.013628414991103
TRBJ2-1	SRR1782697	2.017789258865674
TRBJ2-1	SRR1782698	22.046572214403138
TRBJ2-1	SRR1782699	5.124890902044017
TRBJ2-1	SRR1782700	11.085360336459424
TRBJ2-1	SRR1782701	7.04464475603707
TRBJ2-1	SRR1782702	4.0433558812283845
TRBJ2-1	SRR1782703	25.098719571108735
TRBJ2-1	SRR1782704	7.111998067174298
TRBJ2-1	SRR1782705	5.123139608352615
TRBJ2-1	SRR1782706	15.03869713363042
TRBJ2-1	SRR1782707	8.031189272967639
TRBJ2-1	SRR1782708	1.0538021486811544
TRBJ2-1	SRR1782709	1.0501361936915201
TRBJ2-1	SRR1782710	12
TRBJ2-1	SRR1782711	3.0349453254836294
TRBJ2-1	SRR1782712	9.109144866310297
TRBJ2-1	SRR1782713	3.0665723404335012
TRBJ2-1	SRR1782714	2.174652795630661
TRBJ2-1	SRR1782715	23.057613956882985
TRBJ2-1	SRR1782716	6.090976534043598
TRBJ2-1	SRR1782717	28.023104649912593
TRBJ2-1	SRR1782718	12.17627369937439
TRBJ2-1	SRR1782719	8.059312454087394
TRBJ2-1	SRR1782720	8.142228887323473
TRBJ2-1	SRR1782721	4.487037403971162
TRBJ2-1	SRR1782722	12.01079873885719
TRBJ2-1	SRR1782723	21.047598074991726
TRBJ2-1	SRR1782724	2.023148159880542
TRBJ2-1	SRR1782725	6.414595632950174
TRBJ2-1	SRR1782726	6.04608924404418
TRBJ2-1	SRR1782727	8
TRBJ2-1	SRR1782728	6.184071127926436
TRBJ2-1	SRR1782729	21.003631309648448
TRBJ2-1	SRR1782730	15.021603307653049
TRBJ2-1	SRR1782731	7.230302692762709
TRBJ2-1	SRR1782732	4.318976441592235
TRBJ2-1	SRR1782733	2.0198531747880226
TRBJ2-1	SRR1782734	9.057086134751222
TRBJ2-1	SRR1782735	16.075235023860387
TRBJ2-1	SRR1782736	10.1871989576969
TRBJ2-1	SRR1782737	10.016784036170657
TRBJ2-1	SRR1782738	1.049900494318433
TRBJ2-1	SRR1782739	6.063130489836319
TRBJ2-1	SRR1782740	8.09637355431248
TRBJ2-1	SRR1782741	2.109360200553903
TRBJ2-1	SRR1782742	13
TRBJ2-1	SRR1782743	6.012252594810205
TRBJ2-1	SRR1782744	7.035417437790594
TRBJ2-1	SRR1782745	2.0246854072331923
TRBJ2-1	SRR1782746	5.101520355324326
TRBJ2-1	SRR1782747	3.0228606890768277
TRBJ2-1	SRR1782748	8.120239577264016
TRBJ2-1	SRR1782749	4.052305056996596
TRBJ2-1	SRR1782750	16.022542507470565
TRBJ2-1	SRR1782751	5.079477429685719
TRBJ2-1	SRR1782752	9.061738563470378
TRBJ2-1	SRR1782753	14.014884840463836
TRBJ2-1	SRR1782754	18.15422541739059
TRBJ2-1	SRR1782755	7.01932131098852
TRBJ2-1	SRR1782756	2.0912763367679204
TRBJ2-1	SRR1782757	5.007354170903049
TRBJ2-1	SRR1782758	9.01620539658334
TRBJ2-1	SRR1782759	7.031318263778486
TRBJ2-1	SRR1782760	15.218213098170043
TRBJ2-1	SRR1782761	1.1238501762695376
TRBJ2-1	SRR1782762	2.129851061580111
TRBJ2-1	SRR1782763	4.022124940585535
TRBJ2-1	SRR1782764	26.03161417279224
TRBJ2-1	SRR1782765	17.056180782560986
TRBJ2-1	SRR1782766	2.0216987679821035
TRBJ2-1	SRR1782767	13.129173404395978
TRBJ2-1	SRR1782768	10.066666566644283
TRBJ2-1	SRR1782769	3.026161568185886
TRBJ2-1	SRR1782770	13.061651016478347
TRBJ2-1	SRR1782771	14.095609447027565
TRBJ2-1	SRR1782772	12.065587810286317
TRBJ2-1	SRR1782773	4.017663029699661
TRBJ2-1	SRR1782774	6.01531436207183
TRBJ2-1	SRR1782775	6.121834321796764
TRBJ2-1	SRR1782776	11.167564046643733
TRBJ2-1	SRR1782777	16.0028786276967
TRBJ2-1	SRR1782778	7.013010338717639
TRBJ2-1	SRR1782779	2.0568581033138913
TRBJ2-1	SRR1782780	16.2103522994471
TRBJ2-1	SRR1782781	12.424308536799545
TRBJ2-1	SRR1782782	13.271133747036185
TRBJ2-1	SRR1782783	8.051481910761385
TRBJ2-1	SRR1782784	10.034239111583481
TRBJ2-1	SRR1782785	8.008639768317675
TRBJ2-1	SRR1782786	7.177863835638744
TRBJ2-1	SRR1782787	13
TRBJ2-1	SRR1782788	9.034189879480238
TRBJ2-1	SRR1782789	4.069507370004953
TRBJ2-1	SRR1782790	4.0227138133211024
TRBJ2-1	SRR1782791	40.24065902691459
TRBJ2-1	SRR1782792	9.062294535185462
TRBJ2-1	SRR1782793	9.337638498266381
TRBJ2-1	SRR1782794	33.22839646829032
TRBJ2-1	SRR1782795	4.08581273231001
TRBJ2-1	SRR1782796	2.1601551061632147
TRBJ2-1	SRR1782797	4.102817357504485
TRBJ2-1	SRR1782798	8.15754934978565
TRBJ2-1	SRR1782799	14.022685514003777
TRBJ2-1	SRR1782800	5.009002998101856
TRBJ2-1	SRR1782801	12.067477915440847
TRBJ2-1	SRR1782802	3.0223940435822696
TRBJ2-1	SRR1782803	15.055650898164174
TRBJ2-1	SRR1782804	49.134864856168896
TRBJ2-1	SRR1782805	20.036011992407424
TRBJ2-1	SRR1782806	23.062541695814573
TRBJ2-1	SRR1782807	16.57119153080614
TRBJ2-1	SRR1782808	4.107308083314112
TRBJ2-1	SRR1782809	14.192538206838389
TRBJ2-1	SRR1782810	1.0169339604032894
TRBJ2-1	SRR1782811	15.047275596766266
TRBJ2-1	SRR1782812	4.051390291392792
TRBJ2-1	SRR1782813	8.0505327250575
TRBJ2-1	SRR1782814	6.0790561156979726
TRBJ2-1	SRR1782815	3.1874875226116863
TRBJ2-1	SRR1782816	9.004858558257117
TRBJ2-1	SRR1782817	15.053862999805476
TRBJ2-1	SRR1782818	5.070347763427741
TRBJ2-1	SRR1782819	5.140333048931834
TRBJ2-1	SRR1782820	3.1081854292852307
TRBJ2-1	SRR1782821	14.038258739702794
TRBJ2-1	SRR1782822	8.064255960228232
TRBJ2-1	SRR1782823	7.0271394408883285
TRBJ2-1	SRR1782824	8.046077882581702
TRBJ2-1	SRR1782825	7.040941126192446
TRBJ2-1	SRR1782826	9.062566976869205
TRBJ2-1	SRR1782827	9.1220934033443
TRBJ2-1	SRR1782828	9
TRBJ2-1	SRR1782829	9
TRBJ2-1	SRR1782830	3.1184780175944566
TRBJ2-1	SRR1782831	6.443516535308194
TRBJ2-1	SRR1782832	1.0329184392097017
TRBJ2-1	SRR1782833	5.116664080115611
TRBJ2-1	SRR1782834	7.001259399617306
TRBJ2-1	SRR1782835	2.231231531822256
TRBJ2-1	SRR1782836	22.819355055746968
TRBJ2-1	SRR1782837	4.112533882627331
TRBJ2-1	SRR1782838	8.107214061265486
TRBJ2-1	SRR1782839	6.085454910847627
TRBJ2-1	SRR1782840	3.025757958037165
TRBJ2-1	SRR1782841	6.091609680948238
TRBJ2-1	SRR1782842	13
TRBJ2-1	SRR1782843	4.0995572415135255
TRBJ2-1	SRR1782844	5.001425861572968
TRBJ2-1	SRR1782845	11.21112786684235
TRBJ2-1	SRR1782846	6.03360446797094
TRBJ2-1	SRR1782847	4.936701605891313
TRBJ2-1	SRR1782848	1.2339624247168026
TRBJ2-1	SRR1782849	3.722345300878772
TRBJ2-1	SRR1782850	2.5047808348424283
TRBJ2-1	SRR1782851	2.5280171151217217
TRBJ2-1	SRR1782852	1.264344673893091
TRBJ2-1	SRR1782853	1.2591344565382891
TRBJ2-1	SRR1782854	5.016370410922241
TRBJ2-1	SRR1782855	21.05065528329466
TRBJ2-1	SRR1782856	4.021376680220372
TRBJ2-1	SRR1782857	13.093930423746919
TRBJ2-1	SRR1782858	21.022679391833893
TRBJ2-1	SRR1782859	12.019444726288953
TRBJ2-1	SRR1782860	11.024932324995666
TRBJ2-1	SRR1782861	17.031812207701268
TRBJ2-1	SRR1782862	10.047190180949656
TRBJ2-1	SRR1782863	15.039868521598612
TRBJ2-1	SRR1782864	10.132164950882473
TRBJ2-1	SRR1782865	18.077086838600763
TRBJ2-1	SRR1782866	8.028236085099005
TRBJ2-1	SRR1782867	1.0170545049080533
TRBJ2-1	SRR1782868	8.02932641597873
TRBJ2-1	SRR1782869	8.028101611664045
TRBJ2-1	SRR1782870	15.037574319706295
TRBJ2-1	SRR1782871	24.129146196279923
TRBJ2-1	SRR1782872	26.072259155905225
TRBJ2-1	SRR1782873	8.037371812340185
TRBJ2-1	SRR1782874	3.019507303686192
TRBJ2-1	SRR1782875	11.057049860352118
TRBJ2-1	SRR1782876	7.02787897106671
TRBJ2-1	SRR1782877	6.020543466950089
TRBJ2-1	SRR1782878	16.128904727179528
TRBJ2-1	SRR1782879	17.251709875816896
TRBJ2-1	SRR1782880	5.021191595091865
TRBJ2-1	SRR1782881	27.112776932315416
TRBJ2-1	SRR1782882	7.0247065744616295
TRBJ2-1	SRR1782883	8.014649794459508
TRBJ2-1	SRR1782884	25.017996279056344
TRBJ2-1	SRR1782885	23
TRBJ2-1	SRR1782886	4.0222858608286804
TRBJ2-1	SRR1782887	17.015818364979392
TRBJ2-1	SRR1782888	5.016423558944621
TRBJ2-1	SRR1782889	7.030503123966688
TRBJ2-1	SRR1782890	12.018547334727767
TRBJ2-1	SRR1782891	15.010797767433806
TRBJ2-1	SRR1782892	7.013010338717639
TRBJ2-1	SRR1782893	10.039213301801308
TRBJ2-1	SRR1782894	8.092744929330934
TRBJ2-1	SRR1782895	8.029680479020893
TRBJ2-1	SRR1782896	9.019449975751787
TRBJ2-1	SRR1782897	4.011230553573445
TRBJ2-1	SRR1782898	12.027198899995271
TRBJ2-1	SRR1782899	6.022758124782858
TRBJ2-1	SRR1782900	10.010799710397093
TRBJ2-1	SRR1782901	7.007036601309285
TRBJ2-1	SRR1782902	19
TRBJ2-1	SRR1782903	6.01531436207183
TRBJ2-1	SRR1782904	22
TRBJ2-1	SRR1782905	14.029636863711088
TRBJ2-1	SRR1782906	3.019266599283471
TRBJ2-1	SRR1782907	6.0294468415421525
TRBJ2-1	SRR1782908	12.037123336424328
TRBJ2-1	SRR1782909	12.041455025633645
TRBJ2-1	SRR1782910	13
TRBJ2-1	SRR1782911	3.0211220815356343
TRBJ2-1	SRR1782912	44.81544234177127
TRBJ2-1	SRR1782913	7
TRBJ2-1	SRR1782914	6.016845830360168
TRBJ2-1	SRR1782915	18
TRBJ2-1	SRR1782916	2.02173915043629
TRBJ2-1	SRR1782917	9.029153815607168
TRBJ2-1	SRR1782918	18.019439478714766
TRBJ2-1	SRR1782919	16
TRBJ2-1	SRR1782920	17.018359507675058
TRBJ2-1	SRR1782921	4.0083451416645035
TRBJ2-1	SRR1782922	1.1868611598736958
TRBJ2-1	SRR1782923	4.022555591187895
TRBJ2-1	SRR1782924	20.10372701882203
TRBJ2-1	SRR1782925	6.021317104558538
TRBJ2-1	SRR1782926	2.014868358738038
TRBJ2-1	SRR1782927	17.049523941278238
TRBJ2-1	SRR1782928	3.0218921288629375
TRBJ2-1	SRR1782929	2.0175435670443016
TRBJ2-1	SRR1782930	13.03822777545718
TRBJ2-1	SRR1782931	7.019129369851397
TRBJ2-1	SRR1782932	6.022508264909433
TRBJ2-1	SRR1782933	5.3269985542438185
TRBJ2-1	SRR1782934	5.0297034290605405
TRBJ2-1	SRR1782935	8.036417353182708
TRBJ2-1	SRR1782936	5.129861249494035
TRBJ2-1	SRR1782937	8.063712826506586
TRBJ2-1	SRR1782938	1.258100037900621
TRBJ2-1	SRR1782939	7.0335376468162405
TRBJ2-1	SRR1782940	6.016031828011842
TRBJ2-1	SRR1782941	6.047555530570407
TRBJ2-1	SRR1782942	15.060404730106697
TRBJ2-1	SRR1782943	3.0141570542848966
TRBJ2-1	SRR1782944	6.007908410787807
TRBJ2-1	SRR1782945	17.091478555698277
TRBJ2-1	SRR1782946	22.047544385171033
TRBJ2-1	SRR1782947	14.030020510216398
TRBJ2-1	SRR1782948	14
TRBJ2-1	SRR1782949	10.025217469463543
TRBJ2-1	SRR1782950	9
TRBJ2-1	SRR1782951	15.050442888392102
TRBJ2-1	SRR1782952	5.5152070413107435
TRBJ2-1	SRR1782953	12.022872339161674
TRBJ2-1	SRR1782954	1.1264165338665522
TRBJ2-1	SRR1782955	7.2397788623069435
TRBJ2-1	SRR1782956	4.0611364500153675
TRBJ2-1	SRR1782957	11.217645119405256
TRBJ2-1	SRR1782958	10.055480781368802
TRBJ2-1	SRR1782959	3.1757746185212667
TRBJ2-1	SRR1782960	19
TRBJ2-1	SRR1782961	4.0146238843547515
TRBJ2-1	SRR1782962	1.0074338842995187
TRBJ2-1	SRR1782963	3.020938265564674
TRBJ2-1	SRR1782964	14.0058491662033
TRBJ2-1	SRR1782965	13.040972183864096
TRBJ2-1	SRR1782966	18
TRBJ2-1	SRR1782967	11.04545909448084
TRBJ2-1	SRR1782968	19.020519449754477
TRBJ2-1	SRR1782969	3.0373104242953004
TRBJ2-1	SRR1782970	3.038481846064651
TRBJ2-1	SRR1782971	11.188434900986026
TRBJ2-1	SRR1782972	20.114585702325716
TRBJ2-1	SRR1782973	1.0517459917633214
TRBJ2-1	SRR1782974	38
TRBJ2-1	SRR1782975	5.200659008351353
TRBJ2-1	SRR1782976	5.049741417438284
TRBJ2-1	SRR1782977	17.006117634130707
TRBJ2-1	SRR1782978	3.0509142968424
TRBJ2-1	SRR1782979	5.042679102774922
TRBJ2-1	SRR1782980	23.041027846208372
TRBJ2-1	SRR1782981	8.100034541052517
TRBJ2-1	SRR1782982	9.052790225596997
TRBJ2-1	SRR1782983	12.012062745101632
TRBJ2-1	SRR1782984	18.006477494961924
TRBJ2-1	SRR1782985	3.0206027601451226
TRBJ2-1	SRR1782986	27.082699598486265
TRBJ2-1	SRR1782987	6.007744126418847
TRBJ2-1	SRR1782988	30
TRBJ2-1	SRR1782989	8.349120168598674
TRBJ2-1	SRR1782990	4.055902555056422
TRBJ2-1	SRR1782991	31.13043624323537
TRBJ2-1	SRR1782992	4.009787588078992
TRBJ2-1	SRR1782993	4.085796787360464
TRBJ2-1	SRR1782994	21
TRBJ2-1	SRR1782995	19.161335647838442
TRBJ2-1	SRR1782996	15
TRBJ2-1	SRR1782997	14.063300457990003
TRBJ2-1	SRR1782998	22.081621317307455
TRBJ2-1	SRR1782999	9.198800874175735
TRBJ2-1	SRR1783000	11.043544082986251
TRBJ2-1	SRR1783001	14.237004501625124
TRBJ2-1	SRR1783002	3.171921219035432
TRBJ2-1	SRR1783003	26
TRBJ2-1	SRR1783004	7.032403703867807
TRBJ2-1	SRR1783005	13.211793868072995
TRBJ2-1	SRR1783006	4.0974066898109545
TRBJ2-1	SRR1813867	1.0510786620096826
TRBJ2-1	SRR1813868	2.0400341145170353
TRBJ2-1	SRR1813869	1.0105861980877333
TRBJ2-1	SRR1813870	0.6304292463259884
TRBJ2-1	SRR1813871	0.564449275688589
TRBJ2-1	SRR1813872	1.677970561427076
TRBJ2-1	SRR1813873	0.567574812518461
TRBJ2-1	SRR1813874	1.01090379638317
TRBJ2-1	SRR1813875	1
TRBJ2-1	SRR1813876	1.0053946904725954
TRBJ2-1	SRR1813877	0.5435714489513009
TRBJ2-1	SRR1813878	1.0007198511622537
TRBJ2-1	SRR1813879	1
TRBJ2-1	SRR1813880	1
TRBJ2-1	SRR1813881	1.021262493620424
TRBJ2-1	SRR1813882	0.6546924374221423
TRBJ2-1	SRR1813883	4.003532519086466
TRBJ2-1	SRR1813884	2.0274160567105386
TRBJ2-1	SRR1813885	2
TRBJ2-1	SRR1813886	1.001260079572912
TRBJ2-1	SRR1813887	1.0111685603669651
TRBJ2-1	SRR1928188	1.008175814381133
TRBJ2-1	SRR1928189	1.0072973762876458
TRBJ2-1	SRR1928190	1.0087587942301535
TRBJ2-1	SRR1928191	1.0112464490004
TRBJ2-1	SRR1928192	1.0128070516909926
TRBJ2-1	SRR1928193	1.0152152136193056
TRBJ2-1	SRR2046996	3.0256172165909305
TRBJ2-1	SRR2046997	3.0329671690634554
TRBJ2-1	SRR2046998	1.0200140719986568
TRBJ2-1	SRR2046999	3.0228045209924357
TRBJ2-1	SRR2047000	3.0316514796515857
TRBJ2-1	SRR2047001	3.0279100871468425
TRBJ2-1	SRR2047002	1.0186478082828578
TRBJ2-1	SRR2047003	1.023518185444259
TRBJ2-1	SRR2047004	1.007825499021943
TRBJ2-1	SRR2047005	1.008036115163524
TRBJ2-1	SRR2047006	2.0300541646562906
TRBJ2-1	SRR2047007	1.0260812180778769
TRBJ2-1	SRR2047008	2.0248300565731543
TRBJ2-1	SRR2047009	1.0183672447201313
TRBJ2-1	SRR2313973	3.0389689769271757
TRBJ2-1	SRR2313974	1.0076249418264847
TRBJ2-1	SRR2313975	1.0104444508848685
TRBJ2-1	SRR2313976	2.0298265213049587
TRBJ2-1	SRR2313977	1.0087617511326181
TRBJ2-1	SRR2313978	1.0271359063427055
TRBJ2-1	SRR2313979	2.0210392039866694
TRBJ2-1	SRR2313980	1.0058930864524789
TRBJ2-1	SRR2313981	1.003600339378272
TRBJ2-1	SRR2313982	3.0401097136580275
TRBJ2-1	SRR2313983	2.034169435945661
TRBJ2-1	SRR2313984	1.0054730022593972
TRBJ2-1	SRR2313985	3.058668218266419
TRBJ2-1	SRR2313986	3.0187652039240587
TRBJ2-1	SRR2313987	5.016877823964305
TRBJ2-1	SRR2313988	1.0091419637279229
TRBJ2-1	SRR2313989	1.010807774207177
TRBJ2-1	SRR2313990	1.0158151880323143
TRBJ2-1	SRR2313991	1.0168515419605484
TRBJ2-1	SRR2313992	1.015373075829736
TRBJ2-1	SRR2313993	1.0105059337128883
TRBJ2-1	SRR2313994	1.0221592337096574
TRBJ2-1	SRR2313995	2.0085652042889737
TRBJ2-1	SRR2313996	2.009076574722882
TRBJ2-1	SRR2313997	1.0122808125437386
TRBJ2-1	SRR2313998	1.0248492994103025
TRBJ2-1	SRR2313999	1.0094294474234875
TRBJ2-1	SRR2314000	2.0174541741232703
TRBJ2-1	SRR2314001	1.0141174746934551
TRBJ2-1	SRR2314002	2.021786172111978
TRBJ2-1	SRR2314003	2.044069578024088
TRBJ2-1	SRR2314004	3.024003966545441
TRBJ2-1	SRR2314005	1.0095719427644396
TRBJ2-1	SRR2314006	2.038471612286537
TRBJ2-1	SRR2314007	2.0121210249457455
TRBJ2-1	SRR2314008	1.0013180684646343
TRBJ2-1	SRR2314009	2.016585512011412
TRBJ2-1	SRR2314010	2.0132728614771214
TRBJ2-1	SRR2314011	1.0071913803233676
TRBJ2-1	SRR2314012	1.0074128921171241
TRBJ2-1	SRR2314013	1.0120065015814301
TRBJ2-1	SRR2314014	3.0349562564125794
TRBJ2-1	SRR2314015	1.0078272282716871
TRBJ2-1	SRR2314016	3.009800240578199
TRBJ2-1	SRR2314017	2.039681029348127
TRBJ2-1	SRR2314018	1.03782980758221
TRBJ2-1	SRR2314019	1.0033796658956018
TRBJ2-1	SRR2314020	1.0167059661554507
TRBJ2-1	SRR2314021	4.020322308463831
TRBJ2-1	SRR2314022	1.012335005482347
TRBJ2-1	SRR2314023	1.009930139320552
TRBJ2-1	SRR2314024	2.026607116912874
TRBJ2-1	SRR2314025	1.0050014283947293
TRBJ2-1	SRR2314026	1.022744558399226
TRBJ2-1	SRR2314027	2.015162762094324
TRBJ2-1	SRR2314028	3.0086475457665736
TRBJ2-1	SRR2314029	3.0070242343862037
TRBJ2-1	SRR2314030	6.028663243885624
TRBJ2-1	SRR2314031	2.035331535842633
TRBJ2-1	SRR2314032	2.0356354922997735
TRBJ2-1	SRR2314033	1.024669135723135
TRBJ2-1	SRR2314034	2.0595926591561966
TRBJ2-1	SRR2314035	1.0473841672111144
TRBJ2-1	SRR2314036	1.0175308560885339
TRBJ2-1	SRR2314037	4.055671348640373
TRBJ2-1	SRR2314038	4.023216342150213
TRBJ2-1	SRR2314039	2.0224928980008
TRBJ2-1	SRR2314040	1.0396160750498236
TRBJ2-1	SRR2314041	2.015285969591477
TRBJ2-1	SRR2314042	1.0040818938645244
TRBJ2-1	SRR2314043	1.0092407859660601
TRBJ2-1	SRR2314044	1.004255818226279
TRBJ2-1	SRR2314045	2.015230862229455
TRBJ2-1	SRR3493774	9
TRBJ2-1	SRR3493775	5
TRBJ2-1	SRR3493776	4.643903468400386
TRBJ2-1	SRR3493777	2.0014397023245074
TRBJ2-1	SRR3493778	3
TRBJ2-1	SRR3493779	4.014296225786445
TRBJ2-1	SRR3493780	2.099789193666479
TRBJ2-1	SRR3493781	5
TRBJ2-1	SRR3493782	3.025604850018753
TRBJ2-1	SRR3493783	12.033048179673166
TRBJ2-1	SRR3493784	3.062429573845382
TRBJ2-1	SRR3493785	6.005399369428595
TRBJ2-1	SRR3493786	5.203640313630023
TRBJ2-1	SRR3493787	15
TRBJ2-1	SRR3493788	7
TRBJ2-1	SRR3493789	4.07311560031927
TRBJ2-1	SRR3493790	1
TRBJ2-1	SRR3493791	2.0029416683612196
TRBJ2-1	SRR3493792	1.0007198511622537
TRBJ2-1	SRR3493793	1.0098194431054244
TRBJ2-1	SRR3493794	1.003132286981857
TRBJ2-1	SRR3493795	1.003718075955135
TRBJ2-1	SRR3493796	1.0083843578636666
TRBJ2-1	SRR3493797	1
TRBJ2-1	SRR3493798	1.011188757969452
TRBJ2-1	SRR3493799	1
TRBJ2-1	SRR3493800	1.0072526652107907
TRBJ2-1	SRR3493801	1.0092141688423883
TRBJ2-1	SRR3493802	3
TRBJ2-1	SRR3493803	1
TRBJ2-1	SRR3493804	2.0014397023245074
TRBJ2-1	SRR3493805	1.0023994629801138
TRBJ2-1	SRR3493806	2
TRBJ2-1	SRR3493807	1
TRBJ2-1	SRR3493808	3.006258856248378
TRBJ2-1	SRR3493809	2.0067593317912036
TRBJ2-1	SRR3493810	1
TRBJ2-1	SRR3493811	1
TRBJ2-1	SRR3493812	1.0007198511622537
TRBJ2-1	SRR3493813	1.0019060282634729
TRBJ2-1	SRR3493814	1
TRBJ2-1	SRR3493815	2.976735456206478
TRBJ2-1	SRR3493816	3
TRBJ2-1	SRR3493817	3.008739519049101
TRBJ2-1	SRR3493818	2.0071752619305405
TRBJ2-1	SRR3493819	1
TRBJ2-1	SRR3493820	1.1220654621967874
TRBJ2-1	SRR3493821	1.0117037104910989
TRBJ2-1	SRR3493822	2
TRBJ2-1	SRR3493823	0.7882931259154423
TRBJ2-1	SRR3493824	0.7809434595745343
TRBJ2-1	SRR3493825	1.0013180684646343
TRBJ2-1	SRR3493826	1.0007198511622537
TRBJ2-1	SRR3493827	1
TRBJ2-1	SRR3493828	2
TRBJ2-1	SRR3493829	1.0023994629801138
TRBJ2-1	SRR3493830	1.242482691877107
TRBJ2-1	SRR3493831	1.0045489303600643
TRBJ2-1	SRR3493832	1.0001799142310437
TRBJ2-1	SRR3493833	1.2844100976928428
TRBJ2-1	SRR3493834	1
TRBJ2-1	SRR3493835	1.005268691618604
TRBJ2-1	SRR3493836	1
TRBJ2-1	SRR3493837	1.0007778087661545
TRBJ2-1	SRR3493838	1
TRBJ2-1	SRR3493839	1.0083404689188882
TRBJ2-1	SRR3493840	1.019584221832653
TRBJ2-1	SRR3493841	1.0021917441245578
TRBJ2-1	SRR3493846	1.0228419618819704
TRBJ2-1	SRR3493847	1.0367010057374855
TRBJ2-1	SRR3493848	1.000359860831218
TRBJ2-1	SRR3493849	1.8606990072671408
TRBJ2-1	SRR3493850	5
TRBJ2-1	SRR3714631	2
TRBJ2-1	SRR3714632	5.028115798100353
TRBJ2-1	SRR3714633	12.139260040789756
TRBJ2-1	SRR3714634	5.033356053482563
TRBJ2-1	SRR3714635	5
TRBJ2-1	SRR3714636	8
TRBJ2-1	SRR3714637	4
TRBJ2-1	SRR3714638	2
TRBJ2-1	SRR3714639	5.220592518796836
TRBJ2-1	SRR3714640	2.247690708861669
TRBJ2-1	SRR3714641	9.551246041033345
TRBJ2-1	SRR3714642	5.894418586293669
TRBJ2-1	SRR3714643	11.186497761036506
TRBJ2-1	SRR3714644	2.2388133874764007
TRBJ2-1	SRR3714645	2.0131030492830826
TRBJ2-1	SRR3714646	3.001079582493654
TRBJ2-1	SRR3714648	8.292791442689243
TRBJ2-1	SRR3714649	25.213129046028477
TRBJ2-1	SRR3714650	1.0068862093697364
TRBJ2-1	SRR3714651	4.905345436401062
TRBJ2-1	SRR3714652	5.381689009934481
TRBJ2-1	SRR3714653	3
TRBJ2-1	SRR3714654	12
TRBJ2-1	SRR3714655	1.0007504428112262
TRBJ2-1	SRR3714656	0.2268821201412519
TRBJ2-1	SRR3714657	0.5622425820962301
TRBJ2-1	SRR3714658	2.3522784896369537
TRBJ2-1	SRR3714659	4.714815213286798
TRBJ2-1	SRR3714660	2
TRBJ2-1	SRR3714661	2
TRBJ2-1	SRR3714662	2.0220351499593554
TRBJ2-1	SRR3714663	4.003001771244905
TRBJ2-1	SRR3714664	11.72504221872756
TRBJ2-1	SRR3714665	2
TRBJ2-1	SRR3714666	4
TRBJ2-1	SRR3714667	1.8133598599851795
TRBJ2-1	SRR3714668	5
TRBJ2-1	SRR3714669	6.3661451425974045
TRBJ2-1	SRR3714670	3.040434136282318
TRBJ2-1	SRR3714671	6.0075604774374725
TRBJ2-1	SRR3714672	1.0027466239574123
TRBJ2-1	SRR3714673	10.462987658418097
TRBJ2-1	SRR3714674	6.747850022318957
TRBJ2-1	SRR3714675	3.7694732807243456
TRBJ2-1	SRR3714676	10
TRBJ2-1	SRR3714677	1.0023720526815605
TRBJ2-1	SRR3714678	6.201457593913742
TRBJ2-1	SRR3714679	1.0016203938574126
TRBJ2-1	SRR3714680	2.003451607071626
TRBJ2-1	SRR3714681	5.017800940883181
TRBJ2-1	SRR3714682	5.632272341094751
TRBJ2-1	SRR3714683	1.0020862854161259
TRBJ2-1	SRR3714684	15.869755442912723
TRBJ2-1	SRR3714685	9.015807833427518
TRBJ2-1	SRR3714686	2.7566996853969865
TRBJ2-1	SRR3714688	1.00746468119409
TRBJ2-1	SRR3714689	14.695016346000722
TRBJ2-1	SRR3714690	3.989981408389292
TRBJ2-1	SRR3714691	4
TRBJ2-1	SRR3714692	4.421548163808644
TRBJ2-1	SRR3714693	2.7180835019779725
TRBJ2-1	SRR3714694	0.837450137301195
TRBJ2-1	SRR3714695	3.6737803990502482
TRBJ2-1	SRR3714696	9
TRBJ2-1	SRR3714697	8.073679478226076
TRBJ2-1	SRR3714698	2.0264265432979407
TRBJ2-1	SRR3714699	9.99359839775917
TRBJ2-1	SRR3714700	2.455587986096231
TRBJ2-1	SRR3714701	2.2505315748819816
TRBJ2-1	SRR3714702	3.906465772497901
TRBJ2-1	SRR3714703	5.00531601445137
TRBJ2-1	SRR3714704	13.927962472667312
TRBJ2-1	SRR3714705	11.916408928209854
TRBJ2-1	SRR3714706	1.0350850727752356
TRBJ2-1	SRR3714707	10.007198511622537
TRBJ2-1	SRR3714708	2.0465328704093637
TRBJ2-1	SRR3714709	4.505480665676724
TRBJ2-1	SRR3714710	2.646478125736882
TRBJ2-1	SRR3714711	10.166365786351873
TRBJ2-1	SRR3714712	1
TRBJ2-1	SRR3714713	2
TRBJ2-1	SRR3714714	3
TRBJ2-1	SRR3714715	3.014474261609837
TRBJ2-1	SRR3714716	2
TRBJ2-1	SRR3714717	6
TRBJ2-1	SRR3714718	2
TRBJ2-1	SRR3714719	4.25106458602613
TRBJ2-1	SRR3714720	2.468213311465888
TRBJ2-1	SRR3714721	7.139895933739722
TRBJ2-1	SRR3714723	9.214379062205717
TRBJ2-1	SRR3714724	3.008831495143219
TRBJ2-1	SRR3714725	2.024857444779543
TRBJ2-1	SRR3714726	2.4305050886115818
TRBJ2-1	SRR3714727	3.828470760117556
TRBJ2-1	SRR3714728	1.0082791178455617
TRBJ2-1	SRR3714729	1.0262266652006342
TRBJ2-1	SRR3714730	0.8100803723534562
TRBJ2-1	SRR3714731	2.0003598284620874
TRBJ2-1	SRR3714732	2.181960082654685
TRBJ2-1	SRR3714734	6.984464661069504
TRBJ2-1	SRR3714735	4.785381233197151
TRBJ2-1	SRR3714736	11.03655393282813
TRBJ2-1	SRR3714737	4
TRBJ2-1	SRR3714738	9.154692117981817
TRBJ2-1	SRR3714739	5.463646322239078
TRBJ2-1	SRR3714740	1.5692437088546365
TRBJ2-1	SRR3714741	1.0010799710397094
TRBJ2-1	SRR3714744	7.66852958192505
TRBJ2-1	SRR3714745	1.0406785331708646
TRBJ2-1	SRR3714746	4.034199030334316
TRBJ2-1	SRR3714747	9.45047189550228
TRBJ2-1	SRR3714748	8.941424503600796
TRBJ2-1	SRR3714749	4.08352762531946
TRBJ2-1	SRR3714750	13.284263893653648
TRBJ2-1	SRR3714751	5.005399855198546
TRBJ2-1	SRR3714752	1
TRBJ2-1	SRR3714753	1.0079064098710653
TRBJ2-1	SRR3714754	1
TRBJ2-1	SRR3714755	5.57873992265597
TRBJ2-1	SRR3714756	14.30352250382697
TRBJ2-1	SRR3714757	10.255929564286832
TRBJ2-1	SRR3714758	2.843713696892384
TRBJ2-1	SRR3714759	0.5240326855317453
TRBJ2-1	SRR3714760	5.004499474523829
TRBJ2-1	SRR3714761	2.000719721662436
TRBJ2-1	SRR3714762	2.8331830881834015
TRBJ2-1	SRR3714764	6
TRBJ2-1	SRR3714765	13.068501042425726
TRBJ2-1	SRR3714766	1
TRBJ2-1	SRR3714767	1.3717619007831445
TRBJ2-1	SRR3714768	3
TRBJ2-1	SRR5176628	7.048553705529411
TRBJ2-1	SRR5176629	11.063461513707582
TRBJ2-1	SRR5176630	13.029465474994879
TRBJ2-1	SRR5176631	9.08813431389144
TRBJ2-1	SRR5176632	16.045634434548973
TRBJ2-1	SRR5176633	40.26112459110108
TRBJ2-1	SRR5176634	9.35848669682076
TRBJ2-1	SRR5176635	4.024770722206136
TRBJ2-1	SRR5176636	5.1313787557012915
TRBJ2-1	SRR5176637	2.0593280362653013
TRBJ2-1	SRR5176638	4.4908041194781925
TRBJ2-1	SRR5176639	18
TRBJ2-1	SRR5176640	4.176791767450469
TRBJ2-1	SRR5176641	16.237831798034943
TRBJ2-1	SRR5176642	5.009530141317365
TRBJ2-1	SRR5176643	14.024161249501383
TRBJ2-1	SRR5176644	16.0028786276967
TRBJ2-1	SRR5176645	12.46564604731768
TRBJ2-1	SRR5176646	11.205385326951692
TRBJ2-1	SRR5176647	11.064485713594829
TRBJ2-1	SRR5176648	14.039500947693158
TRBJ2-1	SRR5176649	8.054401024324742
TRBJ2-1	SRR5176650	3.0723044830176947
TRBJ2-1	SRR5176651	4.0635962354255515
TRBJ2-1	SRR5176652	4.022298829166883
TRBJ2-1	SRR5176653	23.0621486421379
TRBJ2-1	SRR5176654	3.024489053072829
TRBJ2-1	SRR5176655	15.018901193593683
TRBJ2-1	SRR5176656	6.420661744386761
TRBJ2-1	SRR5176657	3.2410085973935936
TRBJ2-1	SRR5176658	15.024765195534812
TRBJ2-1	SRR5176659	7.015127758918056
TRBJ2-1	SRR5176660	8.009205015144069
TRBJ2-1	SRR5176661	16.088769250190083
TRBJ2-1	SRR5176662	21.35562272949917
TRBJ2-1	SRR5176663	20.12870477690346
TRBJ2-1	SRR5176664	14
TRBJ2-1	SRR5176665	10.089361604623305
TRBJ2-1	SRR5176666	10.038770629840469
TRBJ2-1	SRR5176667	3.2361342979573906
TRBJ2-1	SRR5176668	9.039066894795273
TRBJ2-1	SRR5176669	6.057502478088277
TRBJ2-1	SRR5176670	10.065240008061656
TRBJ2-1	SRR5176671	23.041413791268536
TRBJ2-1	SRR5176672	7.039022951042045
TRBJ2-1	SRR5176673	14.067059031072
TRBJ2-1	SRR5176674	22.05151105216549
TRBJ2-1	SRR5176675	25.105957975459322
TRBJ2-1	SRR5176676	4.073619852477294
TRBJ2-1	SRR5176677	15.021603307653049
TRBJ2-1	SRR5176678	13.290507493872875
TRBJ2-1	SRR5176679	16.14474342896593
TRBJ2-1	SRR5176680	15.042574407978673
TRBJ2-1	SRR5176681	28.031096063527706
TRBJ2-1	SRR5176682	9.08952350394772
TRBJ2-1	SRR5176683	10.045737798081236
TRBJ2-1	SRR5176684	12.03189481727889
TRBJ2-1	SRR5176685	15.044820866377615
TRBJ2-1	SRR5176686	7.030503123966688
TRBJ2-1	SRR5176687	18.081444599715795
TRBJ2-1	SRR5176688	6.07968848111719
TRBJ2-1	SRR5176689	8.060025601103199
TRBJ2-1	SRR5176690	6.153243137109673
TRBJ2-1	SRR5176691	20.018609841152227
TRBJ2-1	SRR5176692	2.0195695880829865
TRBJ2-1	SRR5176693	33.24385225325546
TRBJ2-1	SRR5176694	8
TRBJ2-1	SRR5176695	8.11484373473446
TRBJ2-1	SRR5176696	1.1278931940525754
TRBJ2-1	SRR5176697	5.137894701348721
TRBJ2-1	SRR5176698	2.3296475672887755
TRBJ2-1	SRR5176699	9.225135110944727
TRBJ2-1	SRR5176700	2.1780288404030617
TRBJ2-1	SRR5176701	1.034206476188313
TRBJ2-1	SRR5176702	15
TRBJ2-1	SRR5176703	6.13548392822111
TRBJ2-1	SRR5176704	7.030577611555675
TRBJ2-1	SRR5176705	15.032164832374713
TRBJ2-1	SRR5176706	7.190875234643298
TRBJ2-1	SRR5176707	4.078619820660105
TRBJ2-1	SRR5176708	11.108702609404261
TRBJ2-1	SRR5176709	4.019231691980695
TRBJ2-1	SRR5176710	13
TRBJ2-1	SRR5176711	8.015248226107783
TRBJ2-1	SRR5176712	6.07688149516465
TRBJ2-1	SRR5176713	6.052922819796193
TRBJ2-1	SRR5176714	3.180794296227535
TRBJ2-1	SRR5176715	17.021421352739505
TRBJ2-1	SRR5176716	12.023770053658932
TRBJ2-1	SRR5176717	5.032794419915234
TRBJ2-1	SRR5176718	13.114484879554443
TRBJ2-1	SRR5176719	6.014048468772407
TRBJ2-1	SRR5176720	30
TRBJ2-1	SRR5176721	21
TRBJ2-1	SRR5176722	1.019834176721331
TRBJ2-1	SRR5176723	19.18261572321633
TRBJ2-1	SRR5176724	7.038075233528885
TRBJ2-1	SRR5176725	4.0491854336815365
TRBJ2-1	SRR5176726	12
TRBJ2-1	SRR5176727	12.007741629217891
TRBJ2-1	SRR5176728	5.1237499030024445
TRBJ2-1	SRR5176729	10.019366561734563
TRBJ2-1	SRR5176730	4.026168096245968
TRBJ2-1	SRR5176731	15.069660061747085
TRBJ2-1	SRR5176732	19
TRBJ2-1	SRR5176733	12.027198899995271
TRBJ2-1	SRR5176734	4.324103678707686
TRBJ2-1	SRR5176735	11.025755526082746
TRBJ2-1	SRR5176736	17.033388927620358
TRBJ2-1	SRR5176737	6.017542792782245
TRBJ2-1	SRR5176738	4.044241621801796
TRBJ2-1	SRR5176739	9.07149573108419
TRBJ2-1	SRR5176740	8.033306727437322
TRBJ2-1	SRR5176741	3.1229520451942525
TRBJ2-1	SRR5176742	2.02114206883853
TRBJ2-1	SRR5176743	2.023696975388569
TRBJ2-1	SRR5176744	3.0402575970003327
TRBJ2-1	SRR5176745	6.055035103554845
TRBJ2-1	SRR5176746	14.031732049994485
TRBJ2-1	SRR5176747	15
TRBJ2-1	SRR5176748	12.015120954874945
TRBJ2-1	SRR5176749	6.098208104289163
TRBJ2-1	SRR5176750	12.194700367468895
TRBJ2-1	SRR5176751	15.054526818444037
TRBJ2-1	SRR5176752	31.140686908204668
TRBJ2-1	SRR5176753	15.039408772235811
TRBJ2-1	SRR5176754	6.031568432490759
TRBJ2-1	SRR5176755	18.009717116514235
TRBJ2-1	SRR5176756	14.403966390531895
TRBJ2-1	SRR5176757	2.1115328871426313
TRBJ2-1	SRR5176758	3.0340603454407757
TRBJ2-1	SRR5176759	4.1096261121032
TRBJ2-1	SRR5176760	3.0174243984804527
TRBJ2-1	SRR5176761	4.023394929252826
TRBJ2-1	SRR5176762	6.446296836777937
TRBJ2-1	SRR5176763	9.068813445847596
TRBJ2-1	SRR5176764	5.0035992558112685
TRBJ2-1	SRR5176765	16.027612856573008
TRBJ2-1	SRR5176766	6.017029763191469
TRBJ2-1	SRR5176767	7.007036601309285
TRBJ2-1	SRR5176768	10.151957516581133
TRBJ2-1	SRR5176769	6.017719789990359
TRBJ2-1	SRR5176770	14.03277976046895
TRBJ2-1	SRR5176771	30.07340691059244
TRBJ2-1	SRR5176772	8.050175384717031
TRBJ2-1	SRR5176773	3.0225087151445518
TRBJ2-1	SRR5176774	10.061935490784636
TRBJ2-1	SRR5176775	6.057564882603952
TRBJ2-1	SRR5176776	1.008275867041691
TRBJ2-1	SRR5176777	3.030015756532353
TRBJ2-1	SRR5176778	13.074876559195266
TRBJ2-1	SRR5176779	13.06724581237619
TRBJ2-1	SRR5176780	26.080081131835648
TRBJ2-1	SRR5176781	25.159445557275248
TRBJ2-1	SRR5176782	14.115146959694505
TRBJ2-1	SRR5176783	8.07441756443445
TRBJ2-1	SRR5176784	5.020272187802134
TRBJ2-1	SRR5176785	10.017658813459885
TRBJ2-1	SRR5176786	9
TRBJ2-1	SRR5176787	9.069090676240506
TRBJ2-1	SRR5176788	5.133797458953314
TRBJ2-1	SRR5176789	3.042428864934717
TRBJ2-1	SRR5176790	6.056558931383149
TRBJ2-1	SRR5176791	8.070340708956838
TRBJ2-1	SRR5176792	23
TRBJ2-1	SRR5176793	2.0184008182123256
TRBJ2-1	SRR5176794	5.022537899614755
TRBJ2-1	SRR5176795	22.092567656489617
TRBJ2-1	SRR5176796	5.113230562192075
TRBJ2-1	SRR5176797	3.020988867309025
TRBJ2-1	SRR5176798	7.0369270803604085
TRBJ2-1	SRR5176799	16
TRBJ2-1	SRR5176800	9.07192499876034
TRBJ2-1	SRR5176801	5.087203804964186
TRBJ2-1	SRR5176802	4.056716981140669
TRBJ2-1	SRR5176803	7.02871364939995
TRBJ2-1	SRR5176804	11.234746978907394
TRBJ2-1	SRR5176805	4.01549530549156
TRBJ2-1	SRR5176806	5.148876987981509
TRBJ2-1	SRR5176807	9.006478660460283
TRBJ2-1	SRR5176808	7.0025190258185255
TRBJ2-1	SRR5176809	6.0086413230612195
TRBJ2-1	SRR5176810	9
TRBJ2-1	SRR5176811	18
TRBJ2-1	SRR5176812	17.018359507675058
TRBJ2-1	SRR5176813	10.01185323844472
TRBJ2-1	SRR5176814	22
TRBJ2-1	SRR5176815	9.127038980134598
TRBJ2-1	SRR5176816	2.0288391652412554
TRBJ2-1	SRR5176817	8.042020764473603
TRBJ2-1	SRR5176818	22.056152660930042
TRBJ2-1	SRR5176819	1.0529734771881787
TRBJ2-1	SRR5176820	5.111703684303235
TRBJ2-1	SRR5176821	3.028011333156207
TRBJ2-1	SRR5176822	4.1178647078607264
TRBJ2-1	SRR5176823	8.030145525297442
TRBJ2-1	SRR5176824	7.0395773081300375
TRBJ2-1	SRR5176825	14.015548031763853
TRBJ2-1	SRR5176826	3.0249200690261224
TRBJ2-1	SRR5176827	12.045370816339277
TRBJ2-1	SRR5176828	7.027759195297619
TRBJ2-1	SRR5176829	10.02732767121628
TRBJ2-1	SRR5176830	17.009177276707888
TRBJ2-1	SRR5176831	7.036060607313857
TRBJ2-1	SRR5176832	18.18193348176005
TRBJ2-1	SRR5176833	13.075276253508907
TRBJ2-1	SRR5176834	15.058819952701963
TRBJ2-1	SRR5176835	7.025202375647903
TRBJ2-1	SRR5176836	14.012598528666722
TRBJ2-1	SRR5176837	6.306061543521855
TRBJ2-1	SRR5176838	7.1747901775652565
TRBJ2-1	SRR5176839	2.0815326309786046
TRBJ2-1	SRR5176840	21.011336635933276
TRBJ2-1	SRR5176841	8.11277126006426
TRBJ2-1	SRR5176842	12.075196184307142
TRBJ2-1	SRR5176843	10.077600305872203
TRBJ2-1	SRR5176844	6.017479038098202
TRBJ2-1	SRR5176845	29.425788247234
TRBJ2-1	SRR5176846	27.12079608517625
TRBJ2-1	SRR5176847	14.28747344861631
TRBJ2-1	SRR5176848	8.068921469673699
TRBJ2-1	SRR5176849	8.156122027665758
TRBJ2-1	SRR5176850	9.123495659530281
TRBJ2-1	SRR5176851	12.01295965247651
TRBJ2-1	SRR5176852	11.244971108694951
TRBJ2-1	SRR5176853	21.05260404758881
TRBJ2-1	SRR5176854	1.0469188326970755
TRBJ2-1	SRR5176855	4.009108775718512
TRBJ2-1	SRR5176856	5.080857231455454
TRBJ2-1	SRR5176857	12.042722258119637
TRBJ2-1	SRR5176858	3.020712717332779
TRBJ2-1	SRR5176859	7.012486735802548
TRBJ2-1	SRR5176860	24
TRBJ2-1	SRR5176861	9.017827540244198
TRBJ2-1	SRR5176862	17.100935439597077
TRBJ2-1	SRR5176863	9.022544591823777
TRBJ2-1	SRR5176864	7.034277850336372
TRBJ2-1	SRR5176865	7.0133421978443105
TRBJ2-1	SRR5176866	7
TRBJ2-1	SRR5176867	6.025486787124839
TRBJ2-1	SRR5176868	1.0352438239475827
TRBJ2-1	SRR5176869	21.05138483741471
TRBJ2-1	SRR5176870	10.045214612850003
TRBJ2-1	SRR5176871	14.048128885631419
TRBJ2-1	SRR5176872	13.254510016918864
TRBJ2-1	SRR5861974	3.0397504261257797
TRBJ2-1	SRR5861975	3.027969681316401
TRBJ2-1	SRR5861976	3.12074209708952
TRBJ2-1	SRR5861977	13
TRBJ2-1	SRR5861978	8.0389289389079
TRBJ2-1	SRR5861979	1.0095941471006586
TRBJ2-1	SRR5861980	17
TRBJ2-1	SRR5861981	11.221256834623668
TRBJ2-1	SRR5861982	1.2340601766014685
TRBJ2-1	SRR5861983	10.016650688017934
TRBJ2-1	SRR5861984	16.132218500602402
TRBJ2-1	SRR5861985	13.225521669589604
TRBJ2-1	SRR5861986	7.013976224434732
TRBJ2-1	SRR5861987	2.025895737817799
TRBJ2-1	SRR5861988	14.248900552816078
TRBJ2-1	SRR5861989	9.112846806577586
TRBJ2-1	SRR5861990	7.021323027093651
TRBJ2-1	SRR5861991	15
TRBJ2-1	SRR5861992	30
TRBJ2-1	SRR5861993	22.083446457537146
TRBJ2-1	SRR5861994	12
TRBJ2-1	SRR5861995	9.079413502731919
TRBJ2-1	SRR5861996	31.130966806653884
TRBJ2-1	SRR5861997	4.103552790204302
TRBJ2-1	SRR5861998	10.05769228518871
TRBJ2-1	SRR5861999	5.135227382267527
TRBJ2-1	SRR5862000	5.00179930415609
TRBJ2-1	SRR5862001	22
TRBJ2-1	SRR5862002	12.01295965247651
TRBJ2-1	SRR5862003	10.024870036799816
TRBJ2-1	SRR5862004	6.033787145858784
TRBJ2-1	SRR5862005	7.037061522597406
TRBJ2-1	SRR5862006	7.026466309531244
TRBJ2-1	SRR5862007	19.163088301972376
TRBJ2-1	SRR5862008	6.024142469475604
TRBJ2-1	SRR5862009	4.0142786424465635
TRBJ2-1	SRR5862010	1.0516407925623883
TRBJ2-1	SRR5862011	12.433533692194919
TRBJ2-1	SRR5862012	3.0211735712368006
TRBJ2-1	SRR5862013	6.125844644745172
TRBJ2-1	SRR5862014	1.00491366812643
TRBJ2-1	SRR5862015	13
TRBJ2-1	SRR5862016	9.03768806330183
TRBJ2-1	SRR5862017	8.066342048045648
TRBJ2-1	SRR5862018	7.028120032924905
TRBJ2-1	SRR5862019	6.0489545205121535
TRBJ2-1	SRR5862020	16.057402095444324
TRBJ2-1	SRR5862021	40.24317779769356
TRBJ2-1	SRR5862022	7.033936868819951
TRBJ2-1	SRR5862023	1.00761513599214
TRBJ2-1	SRR5862024	14.038258739702794
TRBJ2-1	SRR5862025	9
TRBJ2-1	SRR5862026	10.079075750854084
TRBJ2-1	SRR5862027	14.007557757288849
TRBJ2-1	SRR5862028	1.12681213123101
TRBJ2-1	SRR5862029	11.228410017999082
TRBJ2-1	SRR5862030	26.072998598227393
TRBJ2-1	SRR5862031	9.063643308480817
TRBJ2-1	SRR5862032	6.442710162659377
TRBJ2-1	SRR5862033	10.015456112273139
TRBJ2-1	SRR5862034	3.7379507551230517
TRBJ2-1	SRR5862035	3.01990212282091
TRBJ2-1	SRR5862036	1.0178626280775729
TRBJ2-1	SRR5862037	2.109496859285685
TRBJ2-1	SRR5862038	4.318657377245964
TRBJ2-1	SRR5862039	12.020709642429757
TRBJ2-1	SRR5862040	17.111501027711796
TRBJ2-1	SRR5862041	24.13241615592936
TRBJ2-1	SRR5862042	6.05343639396543
TRBJ2-1	SRR5862043	3
TRBJ2-1	SRR5862044	16.022488235601173
TRBJ2-1	SRR5862045	18.076461912549593
TRBJ2-1	SRR5862046	3.024259834474761
TRBJ2-1	SRR5862047	18.160487063905492
TRBJ2-1	SRR5862048	2.4953130839399913
TRBJ2-1	SRR5862049	6.093641838103996
TRBJ2-1	SRR5862050	8.027037327164814
TRBJ2-1	SRR5862051	16.07719606191913
TRBJ2-1	SRR5862052	5.017272927347353
TRBJ2-1	SRR5862053	15.040079570029606
TRBJ2-1	SRR5862054	4.107024485942042
TRBJ2-1	SRR5862055	6.139519527752839
TRBJ2-1	SRR5862056	1.0330179193485718
TRBJ2-1	SRR5862057	13.101892779512715
TRBJ2-1	SRR5862058	11.025269353245122
TRBJ2-1	SRR5862059	3.0847382128129315
TRBJ2-1	SRR5862060	4.037840965402755
TRBJ2-1	SRR5862061	8.02859245157289
TRBJ2-1	SRR5862062	9.004858558257117
TRBJ2-1	SRR5862063	2.024858037844441
TRBJ2-1	SRR5862064	3.005809968520369
TRBJ2-1	SRR5862065	15.037826204195316
TRBJ2-1	SRR5862066	2.0182383495475205
TRBJ2-1	SRR5862067	4.938421895808269
TRBJ2-1	SRR5862068	11.052584915218413
TRBJ2-1	SRR5862069	6.012966650501191
TRBJ2-1	SRR5862070	29.39202123242381
TRBJ2-1	SRR5862071	2.5052060457972365
TRBJ2-1	SRR5862072	2.528297958219793
TRBJ2-1	SRR5862073	17.031812207701268
TRBJ2-1	SRR5862074	7.035620228973312
TRBJ2-1	SRR5862075	8.055089674957891
TRBJ2-1	SRR5862076	3.723309433972183
TRBJ2-1	SRR5862077	5.019676017203765
TRBJ2-1	SRR5862078	3.2336572128398364
TRBJ2-1	SRR5862079	2.0208182742186906
TRBJ2-1	SRR5862080	9.167808629918776
TRBJ2-1	SRR5862081	7.012080624750691
TRBJ2-1	SRR5862082	8.030525515765495
TRBJ2-1	SRR5862083	18
TRBJ2-1	SRR5862084	9.062966601927075
TRBJ2-1	SRR5862085	18
TRBJ2-1	SRR5862086	5.125458788617707
TRBJ2-1	SRR5862087	3.0365648384728443
TRBJ2-1	SRR5862088	4.487156871365245
TRBJ2-1	SRR5862089	6.074513854919671
TRBJ2-1	SRR5862090	23.0396934813237
TRBJ2-1	SRR5862091	9.127151877775065
TRBJ2-1	SRR5862092	5.104413015373617
TRBJ2-1	SRR5862093	7.001259399617306
TRBJ2-1	SRR5862094	6.03003321685723
TRBJ2-1	SRR5862095	2.175338118351126
TRBJ2-1	SRR5862096	14.03068441774381
TRBJ2-1	SRR5862097	17.09176484378245
TRBJ2-1	SRR5862098	44.81342547724537
TRBJ2-1	SRR5862099	3.0684118430673784
TRBJ2-1	SRR5862100	15.039868521598612
TRBJ2-1	SRR5862101	3.1762644243178935
TRBJ2-1	SRR5862102	8.047170636591805
TRBJ2-1	SRR5862103	5.11808911291101
TRBJ2-1	SRR5862104	10.041728190577267
TRBJ2-1	SRR5862105	6.067548215819573
TRBJ2-1	SRR5862106	27.115630257901145
TRBJ2-1	SRR5862107	9
TRBJ2-1	SRR5862108	33.22941224852042
TRBJ2-1	SRR5862109	5.009002998101856
TRBJ2-1	SRR5862110	6.0482630424874015
TRBJ2-1	SRR5862111	5.075823592173498
TRBJ2-1	SRR5862112	7.026629731315885
TRBJ2-1	SRR5862113	9.07968839779512
TRBJ2-1	SRR5862114	13.061347235234551
TRBJ2-1	SRR5862115	9.061613340387902
TRBJ2-1	SRR5862116	7.180681221327178
TRBJ2-1	SRR5862117	15.04957127873028
TRBJ2-1	SRR5862118	8.067330156639697
TRBJ2-1	SRR5862119	15.062401550932748
TRBJ2-1	SRR5862120	7.006611763990785
TRBJ2-1	SRR5862121	15.022062512709146
TRBJ2-1	SRR5862122	14.029207995825764
TRBJ2-1	SRR5862123	9.020674925382371
TRBJ2-1	SRR5862124	12.03839011304703
TRBJ2-1	SRR5862125	8
TRBJ2-1	SRR5862126	14.012598528666722
TRBJ2-1	SRR5862127	7.026592128484629
TRBJ2-1	SRR5862128	3.011130179632835
TRBJ2-1	SRR5862129	3.2364879041575136
TRBJ2-1	SRR5862130	7.043444033431133
TRBJ2-1	SRR5862131	30.06799724998818
TRBJ2-1	SRR5862132	10.008998949047658
TRBJ2-1	SRR5862133	17.016283669913093
TRBJ2-1	SRR5862134	17.004847929348088
TRBJ2-1	SRR5862135	4.051254330109766
TRBJ2-1	SRR5862136	21.007557077455576
TRBJ2-1	SRR5862137	4.0086444336674605
TRBJ2-1	SRR5862138	7.012486735802548
TRBJ2-1	SRR5862139	6.008192707992863
TRBJ2-1	SRR5862140	10.03304751915352
TRBJ2-1	SRR5862141	15.066488725961705
TRBJ2-1	SRR5862142	6.016212689253365
TRBJ2-1	SRR5862143	18.006477494961924
TRBJ2-1	SRR5862144	6.034640036431484
TRBJ2-1	SRR5862145	14.046266526814929
TRBJ2-1	SRR5862146	16.217770050299187
TRBJ2-1	SRR5862147	3.022025382919978
TRBJ2-1	SRR5862148	21
TRBJ2-1	SRR5862149	4.023038941290851
TRBJ2-1	SRR5862150	9.022022073177732
TRBJ2-1	SRR5862151	8.099924980046957
TRBJ2-1	SRR5862152	1.0247021665376759
TRBJ2-1	SRR5862153	5.1037537011866485
TRBJ2-1	SRR5862154	19
TRBJ2-1	SRR5862155	7.04427032947477
TRBJ2-1	SRR5862156	5.129265912716114
TRBJ2-1	SRR5862157	4.1043248723115076
TRBJ2-1	SRR5862158	12.006478077676157
TRBJ2-1	SRR5862159	5.029666654952443
TRBJ2-1	SRR5862160	9.344394460527088
TRBJ2-1	SRR5862161	6.016396602729769
TRBJ2-1	SRR5862162	15.05003133875728
TRBJ2-1	SRR5862163	15.052942659560635
TRBJ2-1	SRR5862164	6.300974306458006
TRBJ2-1	SRR5862165	10.043278241973693
TRBJ2-1	SRR5862166	5.021413010722434
TRBJ2-1	SRR5862167	12.025035424993511
TRBJ2-1	SRR5862168	14.023114182499157
TRBJ2-1	SRR5862169	9.033390538898505
TRBJ2-1	SRR5862170	8.089015499558187
TRBJ2-1	SRR5862171	15.025887053037197
TRBJ2-1	SRR5862172	8.014051407491127
TRBJ2-1	SRR5862173	5.12610188590884
TRBJ2-1	SRR5862174	5.142124976959291
TRBJ2-1	SRR5862175	7.034180644491242
TRBJ2-1	SRR5862176	4.069254958997243
TRBJ2-1	SRR5862177	3.0968154278528113
TRBJ2-1	SRR5862178	2.0576193607952975
TRBJ2-1	SRR5862179	4.022492638480282
TRBJ2-1	SRR5862180	2.327482634872731
TRBJ2-1	SRR5862181	13.275499202184063
TRBJ2-1	SRR5862182	2.0188224257830685
TRBJ2-1	SRR5862183	7.035038753000102
TRBJ2-1	SRR5862184	5.137198512941893
TRBJ2-1	SRR5862185	23
TRBJ2-1	SRR5862186	9.066076148759935
TRBJ2-1	SRR5862187	14.10598988288447
TRBJ2-1	SRR5862188	2.078579927562468
TRBJ2-1	SRR5862189	11.092084228801708
TRBJ2-1	SRR5862190	15.020481769982156
TRBJ2-1	SRR5862191	8.095992942154442
TRBJ2-1	SRR5862192	1.0452267290247683
TRBJ2-1	SRR5862193	12.043051571583243
TRBJ2-1	SRR5862194	3.015946551046109
TRBJ2-1	SRR5862195	8.050776468962498
TRBJ2-1	SRR5862196	7
TRBJ2-1	SRR5862197	14
TRBJ2-1	SRR5862198	1.1010895492315216
TRBJ2-1	SRR5862199	12.029730497566756
TRBJ2-1	SRR5862200	22.048218370740273
TRBJ2-1	SRR5862201	5.511653474567798
TRBJ2-1	SRR5862202	9.197092318318607
TRBJ2-1	SRR5862203	7.240516996591373
TRBJ2-1	SRR5862204	19
TRBJ2-1	SRR5862205	15
TRBJ2-1	SRR5862206	4.072470437366913
TRBJ2-1	SRR5862207	4.021291469279516
TRBJ2-1	SRR5862208	10.19485887646539
TRBJ2-1	SRR5862209	4.045180698457417
TRBJ2-1	SRR5862210	13
TRBJ2-1	SRR5862211	1.032816631560076
TRBJ2-1	SRR5862212	6.053285898790542
TRBJ2-1	SRR5862213	3.014106566973823
TRBJ2-1	SRR5862214	4.011053681218894
TRBJ2-1	SRR5862215	21.04981310631277
TRBJ2-1	SRR5862216	6.021935826532127
TRBJ2-1	SRR5862217	3.0195041897744486
TRBJ2-1	SRR5862218	15.014739353282557
TRBJ2-1	SRR5862219	7.163456873695206
TRBJ2-1	SRR5862220	7.031457950727487
TRBJ2-1	SRR5862221	24
TRBJ2-1	SRR5862222	15.0488591592528
TRBJ2-1	SRR5862223	4.173339366917079
TRBJ2-1	SRR5862224	2.0158665823041253
TRBJ2-1	SRR5862225	6.016087327742236
TRBJ2-1	SRR5862226	17.018359507675058
TRBJ2-1	SRR5862227	16
TRBJ2-1	SRR5862228	3.0272142750407234
TRBJ2-1	SRR5862229	12.070919226049298
TRBJ2-1	SRR5862230	11.058330655717159
TRBJ2-1	SRR5862231	13.027121710409638
TRBJ2-1	SRR5862232	12.181608524547578
TRBJ2-1	SRR5862233	49.13540759493146
TRBJ2-1	SRR5862234	4.023588536399509
TRBJ2-1	SRR5862235	12.01079873885719
TRBJ2-1	SRR5862236	22.047175087482913
TRBJ2-1	SRR5862237	6.186092866893894
TRBJ2-1	SRR5862238	28.025197057333443
TRBJ2-1	SRR5862239	3.0231511731130634
TRBJ2-1	SRR5862240	6.016396602729769
TRBJ2-1	SRR5862241	4.0247871726747535
TRBJ2-1	SRR5862242	10.069518863188007
TRBJ2-1	SRR5862243	12.067477915440847
TRBJ2-1	SRR5862244	5.072396046679684
TRBJ2-1	SRR5862245	8.14621139483408
TRBJ2-1	SRR5862246	20.03812056526946
TRBJ2-1	SRR5862247	25.141163710915198
TRBJ2-1	SRR5862248	20.014397023245074
TRBJ2-1	SRR5862249	15.227508544436398
TRBJ2-1	SRR5862250	6.0635171885264
TRBJ2-1	SRR5862251	13.134314762452536
TRBJ2-1	SRR5862252	16.040838298858212
TRBJ2-1	SRR5862253	8.062262310782469
TRBJ2-1	SRR5862254	14.100248284965518
TRBJ2-1	SRR5862255	6.048236191166434
TRBJ2-1	SRR5862256	4.0619971617749515
TRBJ2-1	SRR5862257	4.055039119547009
TRBJ2-1	SRR5862258	23.05870505460868
TRBJ2-1	SRR5862259	10.13717596574022
TRBJ2-1	SRR5862260	2.129566353784977
TRBJ2-1	SRR5862261	5.083343144029853
TRBJ2-1	SRR5862262	8.079932726832771
TRBJ2-1	SRR5862263	2.0910108135087238
TRBJ2-1	SRR5862264	20.11669665219515
TRBJ2-1	SRR5862265	26.032762068895718
TRBJ2-1	SRR5862266	11.060320206773708
TRBJ2-1	SRR5862267	3.1657286343404722
TRBJ2-1	SRR5862268	13.064672587475469
TRBJ2-1	SRR5862269	25.098719571108735
TRBJ2-1	SRR5862270	21.047598074991726
TRBJ2-1	SRR5862271	10.059673253640751
TRBJ2-1	SRR5862272	2.0225464216876285
TRBJ2-1	SRR5862273	17.058727952981
TRBJ2-1	SRR5862274	4.018385864454243
TRBJ2-1	SRR5862275	8.103940288746783
TRBJ2-1	SRR5862276	11.19136315586744
TRBJ2-1	SRR5862277	9.114174867784188
TRBJ2-1	SRR5949109	1.1498283651018633
TRBJ2-1	SRR5949110	1.148171272003916
TRBJ2-1	SRR5949111	1.1498283651018633
TRBJ2-1	SRR5949112	1.1499000124654937
TRBJ2-1	SRR5949113	1.1493287860193127
TRBJ2-1	SRR5949114	1.1499000124654937
TRBJ2-1	SRR5949115	1.1498283651018633
TRBJ2-1	SRR5949116	1.149801355279094
TRBJ2-1	SRR5949117	1.1499000124654937
TRBJ2-1	SRR5949118	1.149757132515299
TRBJ2-1	SRR5949119	1.1498700492655702
TRBJ2-1	SRR5949120	1.149752993629983
TRBJ2-1	SRR5949121	1.149727479151349
TRBJ2-1	SRR5949122	1.149659680044542
TRBJ2-1	SRR5949123	1.1495224477062624
TRBJ2-1	SRR5949124	1.1489713533334538
TRBJ2-1	SRR5949125	1.1493657120956842
TRBJ2-1	SRR5949126	1.1496653216499102
TRBJ2-1	SRR5949127	1.149752993629983
TRBJ2-1	SRR5949128	1.149752993629983
TRBJ2-1	SRR5949129	1.1498758641415114
TRBJ2-1	SRR5949130	1.1498041981068907
TRBJ2-1	SRR5949131	1.1496516232140812
TRBJ2-1	SRR5949132	1.1498283651018633
TRBJ2-1	SRR5949133	1.1496993836519698
TRBJ2-1	SRR5949134	1.1499000124654937
TRBJ2-1	SRR5949135	1.149801355279094
TRBJ2-1	SRR5949136	1.1498700492655702
TRBJ2-1	SRR5949137	1.1489979896611313
TRBJ2-1	SRR5949138	1.1496058907069004
TRBJ2-1	SRR5949139	1.1496653216499102
TRBJ2-1	SRR5949140	1.1498283651018633
TRBJ2-1	SRR5949141	1.1498758641415114
TRBJ2-1	SRR5949142	1.1498041981068907
TRBJ2-1	SRR5949143	1.1499000124654937
TRBJ2-1	SRR5949144	1.149757132515299
TRBJ2-1	SRR5949145	1.1497815594090803
TRBJ2-1	SRR5949146	1.149752993629983
TRBJ2-1	SRR5949147	1.149752993629983
TRBJ2-1	SRR5949148	1.1489471817569916
TRBJ2-1	SRR5949149	1.149757132515299
TRBJ2-1	SRR5949150	1.1498758641415114
TRBJ2-1	SRR5949151	1.1494823274298185
TRBJ2-1	SRR5949152	1.1476551316063306
TRBJ2-1	SRR5949153	1.149659680044542
TRBJ2-1	SRR5949154	1.1487635500794011
TRBJ2-1	SRR5949155	1.1497815594090803
TRBJ2-1	SRR5949156	1.1498758641415114
TRBJ2-1	SRR5949157	1.1498700492655702
TRBJ2-1	SRR5949158	1.1499000124654937
TRBJ2-1	SRR5949159	1.1489204896371397
TRBJ2-1	SRR5949160	1.1498283651018633
TRBJ2-1	SRR5949161	1.1498283651018633
TRBJ2-1	SRR5949162	1.1498283651018633
TRBJ2-1	SRR5949163	1.1498758641415114
TRBJ2-1	SRR5949164	1.1499000124654937
TRBJ2-1	SRR5949165	1.149801355279094
TRBJ2-1	SRR5949166	1.1498758641415114
TRBJ2-1	SRR5949167	1.149757132515299
TRBJ2-1	SRR5949168	1.1497815594090803
TRBJ2-1	SRR5949169	1.1447151303318799
TRBJ2-1	SRR5949170	1.1499000124654937
TRBJ2-1	SRR5949171	1.1496516232140812
TRBJ2-1	SRR5949172	1.1496058907069004
TRBJ2-1	SRR5949173	1.1498283651018633
TRBJ2-1	SRR5949174	1.1497815594090803
TRBJ2-1	SRR5949175	1.1499000124654937
TRBJ2-1	SRR5949176	1.149727479151349
TRBJ2-1	SRR5949177	1.1489132956948793
TRBJ2-1	SRR5949178	1.1496653216499102
TRBJ2-1	SRR5949179	1.1497815594090803
TRBJ2-1	SRR5949180	1.1499000124654937
TRBJ2-1	SRR5949181	1.1498700492655702
TRBJ2-1	SRR5949182	1.149727479151349
TRBJ2-1	SRR5949183	1.1498758641415114
TRBJ2-1	SRR5949184	1.149801355279094
TRBJ2-1	SRR5949185	1.1495611354981103
TRBJ2-1	SRR5949186	1.1492630102128836
TRBJ2-1	SRR5949187	1.1498041981068907
TRBJ2-1	SRR5949188	1.149801355279094
TRBJ2-1	SRR5949189	1.149752993629983
TRBJ2-1	SRR5949190	1.149757132515299
TRBJ2-1	SRR5949191	1.1496058907069004
TRBJ2-1	SRR5949192	1.1498700492655702
TRBJ2-1	SRR5949193	1.1498758641415114
TRBJ2-1	SRR5949194	1.1498283651018633
TRBJ2-1	SRR5949195	1.149801355279094
TRBJ2-1	SRR5949196	1.149639556483191
TRBJ2-1	SRR5949197	1.1494508753827517
TRBJ2-1	SRR5949198	1.1489684643066176
TRBJ2-1	SRR5949199	1.1496653216499102
TRBJ2-1	SRR5949200	1.1498758641415114
TRBJ2-1	SRR5949201	1.1497815594090803
TRBJ2-1	SRR5949202	1.1498041981068907
TRBJ2-1	SRR5949203	1.1498700492655702
TRBJ2-1	SRR5949204	1.1499000124654937
TRBJ2-1	SRR5949205	1.1499000124654937
TRBJ2-1	SRR5949206	1.149801355279094
TRBJ2-1	SRR5949207	1.1498283651018633
TRBJ2-1	SRR5949208	1.149757132515299
TRBJ2-1	SRR5949209	1.1498283651018633
TRBJ2-1	SRR5949210	1.1497815594090803
TRBJ2-1	SRR5949211	1.1494508753827517
TRBJ2-1	SRR5949212	1.149757132515299
TRBJ2-1	SRR5949213	1.1496993836519698
TRBJ2-1	SRR5949214	1.1495224477062624
TRBJ2-1	SRR5949215	1.149752993629983
TRBJ2-1	SRR5949216	1.1498041981068907
TRBJ2-1	SRR5949217	1.1498041981068907
TRBJ2-1	SRR5949218	1.1496993836519698
TRBJ2-1	SRR5949219	1.149727479151349
TRBJ2-1	SRR5949220	1.1495611354981103
TRBJ2-1	SRR5949221	1.149515806070026
TRBJ2-1	SRR5949222	1.149752993629983
TRBJ2-1	SRR5949223	1.1489094288850477
TRBJ2-1	SRR5949224	1.1497815594090803
TRBJ2-1	SRR5949225	1.1498700492655702
TRBJ2-1	SRR5949226	1.1495611354981103
TRBJ2-1	SRR5949227	1.1498700492655702
TRBJ2-1	SRR5949228	1.1496058907069004
TRBJ2-1	SRR5949229	1.149639556483191
TRBJ2-1	SRR5949230	1.1498700492655702
TRBJ2-1	SRR5949231	1.1494707522857042
TRBJ2-1	SRR5949232	1.1487635500794011
TRBJ2-1	SRR5949233	1.1489229708372037
TRBJ2-1	SRR5949234	1.149752993629983
TRBJ2-1	SRR5949235	1.1496058907069004
TRBJ2-1	SRR5949236	1.1478430081697302
TRBJ2-1	SRR5949237	1.1494610034998385
TRBJ2-1	SRR5949238	1.1492438683694057
TRBJ2-1	SRR5949239	1.147930185304594
TRBJ2-1	SRR5949240	1.1498758641415114
TRBJ2-1	SRR5949241	1.149757132515299
TRBJ2-1	SRR5949242	1.1497815594090803
TRBJ2-1	SRR5949243	1.1496516232140812
TRBJ2-1	SRR5949244	1.1496653216499102
TRBJ2-1	SRR5949245	1.1496653216499102
TRBJ2-1	SRR5949246	1.149801355279094
TRBJ2-1	SRR5949247	1.149752993629983
TRBJ2-1	SRR5949248	1.149801355279094
TRBJ2-1	SRR5949249	1.1497815594090803
TRBJ2-1	SRR5949250	1.1499000124654937
TRBJ2-1	SRR5949251	1.1496058907069004
TRBJ2-1	SRR5949252	1.1498283651018633
TRBJ2-1	SRR5949253	1.1494121443044876
TRBJ2-1	SRR5949254	1.1495510677538354
TRBJ2-1	SRR5949255	1.1497815594090803
TRBJ2-1	SRR5949256	1.149659680044542
TRBJ2-1	SRR5949257	1.1498758641415114
TRBJ2-1	SRR5949258	1.1498758641415114
TRBJ2-1	SRR5949259	1.149727479151349
TRBJ2-1	SRR5949260	1.1499000124654937
TRBJ2-1	SRR5949261	1.1499000124654937
TRBJ2-1	SRR5949262	1.149659680044542
TRBJ2-1	SRR5949263	1.1498041981068907
TRBJ2-1	SRR5949264	1.149727479151349
TRBJ2-1	SRR5949265	1.1498700492655702
TRBJ2-1	SRR5949266	1.1490859664004887
TRBJ2-1	SRR5949267	1.1491016556665985
TRBJ2-1	SRR5949268	1.1498700492655702
TRBJ2-1	SRR5949269	1.149752993629983
TRBJ2-1	SRR5949270	1.1497815594090803
TRBJ2-1	SRR5949271	1.1495224477062624
TRBJ2-1	SRR5949272	1.1499000124654937
TRBJ2-1	SRR5949273	1.1499000124654937
TRBJ2-1	SRR5949274	1.149801355279094
TRBJ2-1	SRR5949275	1.1495012298161975
TRBJ2-1	SRR5949276	1.149801355279094
TRBJ2-1	SRR5949277	1.1491016556665985
TRBJ2-1	SRR5949278	1.1498041981068907
TRBJ2-1	SRR5949279	1.1498041981068907
TRBJ2-1	SRR5949280	1.1493806150832857
TRBJ2-1	SRR5949281	1.149801355279094
TRBJ2-1	SRR5949282	1.1499000124654937
TRBJ2-1	SRR5949283	1.1494610034998385
TRBJ2-1	SRR5949284	1.1499000124654937
TRBJ2-1	SRR5949285	1.1485352709618715
TRBJ2-1	SRR5949286	1.1490061236504394
TRBJ2-1	SRR5949287	1.1499000124654937
TRBJ2-1	SRR5949288	1.1498041981068907
TRBJ2-1	SRR5949289	1.1496653216499102
TRBJ2-1	SRR5949290	1.1499000124654937
TRBJ2-1	SRR5949291	1.1497815594090803
TRBJ2-1	SRR5949292	1.149752993629983
TRBJ2-1	SRR5949293	1.1499000124654937
TRBJ2-1	SRR5949294	1.1498758641415114
TRBJ2-1	SRR5949295	1.1498041981068907
TRBJ2-1	SRR5949296	1.1498041981068907
TRBJ2-1	SRR5949297	1.1498283651018633
TRBJ2-1	SRR5949298	1.149614382860247
TRBJ2-1	SRR5949299	1.149757132515299
TRBJ2-1	SRR5949300	1.1498758641415114
TRBJ2-1	SRR5949301	1.1498758641415114
TRBJ2-1	SRR5949302	1.1496653216499102
TRBJ2-1	SRR5949303	1.1496516232140812
TRBJ2-1	SRR5949304	1.1498283651018633
TRBJ2-1	SRR5949305	1.1490061236504394
TRBJ2-1	SRR5949306	1.1498700492655702
TRBJ2-1	SRR5949307	1.149757132515299
TRBJ2-1	SRR5949308	1.149801355279094
TRBJ2-1	SRR5949309	1.1495565511841175
TRBJ2-1	SRR5949310	1.1495565511841175
TRBJ2-1	SRR5949311	1.1497815594090803
TRBJ2-1	SRR5949312	1.149461221160821
TRBJ2-1	SRR5949313	1.1497815594090803
TRBJ2-1	SRR5949314	1.1498758641415114
TRBJ2-1	SRR5949315	1.1497815594090803
TRBJ2-1	SRR5949316	1.1498041981068907
TRBJ2-1	SRR5949317	1.1492438683694057
TRBJ2-1	SRR5949318	1.1491016556665985
TRBJ2-1	SRR5949319	1.1498283651018633
TRBJ2-1	SRR5949320	1.1499000124654937
TRBJ2-1	SRR5949321	1.149801355279094
TRBJ2-1	SRR5949322	1.149614382860247
TRBJ2-1	SRR5949323	1.1497815594090803
TRBJ2-1	SRR5949324	1.1499000124654937
TRBJ2-1	SRR5949325	1.1498041981068907
TRBJ2-1	SRR5949326	1.1497815594090803
TRBJ2-1	SRR5949327	1.1490004023259148
TRBJ2-1	SRR5949328	1.1498283651018633
TRBJ2-1	SRR5949329	1.1498283651018633
TRBJ2-1	SRR5949330	1.1498041981068907
TRBJ2-1	SRR5949331	1.1498700492655702
TRBJ2-1	SRR5949332	1.1499000124654937
TRBJ2-1	SRR5949333	1.1496993836519698
TRBJ2-1	SRR5949334	1.1494508753827517
TRBJ2-1	SRR5949335	1.1498758641415114
TRBJ2-1	SRR5949336	1.149801355279094
TRBJ2-1	SRR5949337	1.1498700492655702
TRBJ2-1	SRR5949338	1.1498041981068907
TRBJ2-1	SRR5949339	1.1498041981068907
TRBJ2-1	SRR5949340	1.149614382860247
TRBJ2-1	SRR5949341	1.149727479151349
TRBJ2-1	SRR5949342	1.1498700492655702
TRBJ2-1	SRR5949343	1.149727479151349
TRBJ2-1	SRR5949344	1.1498283651018633
TRBJ2-1	SRR5949345	1.1498700492655702
TRBJ2-1	SRR5949346	1.1489824166943214
TRBJ2-1	SRR5949347	1.1494257243385793
TRBJ2-1	SRR5949348	1.1487709425734813
TRBJ2-1	SRR5949349	1.1498041981068907
TRBJ2-1	SRR5949350	1.149757132515299
TRBJ2-1	SRR5949351	1.1497815594090803
TRBJ2-1	SRR5949352	1.149801355279094
TRBJ2-1	SRR5949353	1.1498041981068907
TRBJ2-1	SRR5949354	1.1495224477062624
TRBJ2-1	SRR5949355	1.149727479151349
TRBJ2-1	SRR5949356	1.1467122388088349
TRBJ2-1	SRR5949357	1.149752993629983
TRBJ2-1	SRR5949358	1.1497815594090803
TRBJ2-1	SRR5949359	1.1498041981068907
TRBJ2-1	SRR5949360	1.149727479151349
TRBJ2-1	SRR5949361	1.1496653216499102
TRBJ2-1	SRR5949362	1.1478188840514512
TRBJ2-1	SRR5949363	1.1498758641415114
TRBJ2-1	SRR5949364	1.1496058907069004
TRBJ2-1	SRR5949365	1.1494121443044876
TRBJ2-1	SRR5949366	1.1474377159067004
TRBJ2-1	SRR5949367	1.1499000124654937
TRBJ2-1	SRR5949368	1.148804618132568
TRBJ2-1	SRR5949369	1.1498758641415114
TRBJ2-1	SRR5949370	1.1498283651018633
TRBJ2-1	SRR5949371	1.1495565511841175
TRBJ2-1	SRR5949372	1.149801355279094
TRBJ2-1	SRR5949373	1.1498758641415114
TRBJ2-1	SRR5949374	1.1496516232140812
TRBJ2-1	SRR5949375	1.1498758641415114
TRBJ2-1	SRR5949376	1.1499000124654937
TRBJ2-1	SRR5949377	1.1498041981068907
TRBJ2-1	SRR5949378	1.1499000124654937
TRBJ2-1	SRR5949379	1.1498041981068907
TRBJ2-1	SRR5949380	1.1489471817569916
TRBJ2-1	SRR5949381	1.1495012298161975
TRBJ2-1	SRR5949382	1.1498283651018633
TRBJ2-1	SRR5949383	1.1496993836519698
TRBJ2-1	SRR5949384	1.1498758641415114
TRBJ2-1	SRR5949385	1.149659680044542
TRBJ2-1	SRR5949386	1.1499000124654937
TRBJ2-1	SRR5949387	1.147930185304594
TRBJ2-1	SRR5949388	1.1495224477062624
TRBJ2-1	SRR5949389	1.1499000124654937
TRBJ2-1	SRR5949390	1.1497815594090803
TRBJ2-1	SRR5949391	1.1495565511841175
TRBJ2-1	SRR5949392	1.1499000124654937
TRBJ2-1	SRR5949393	1.1495565511841175
TRBJ2-1	SRR5949394	1.1495012298161975
TRBJ2-1	SRR5949395	1.1497815594090803
TRBJ2-1	SRR5949396	1.1489204896371397
TRBJ2-1	SRR5949397	1.1498758641415114
TRBJ2-1	SRR5949398	1.1498700492655702
TRBJ2-1	SRR5949399	1.1497815594090803
TRBJ2-1	SRR5949400	1.1442239823514004
TRBJ2-1	SRR5949401	1.1499000124654937
TRBJ2-1	SRR5949402	1.149801355279094
TRBJ2-1	SRR5949403	1.149757132515299
TRBJ2-1	SRR5949404	1.1495611354981103
TRBJ2-1	SRR5949405	1.1498041981068907
TRBJ2-1	SRR5949406	1.1498758641415114
TRBJ2-1	SRR5949407	1.1498041981068907
TRBJ2-1	SRR5949408	1.1498041981068907
TRBJ2-1	SRR5949409	1.149801355279094
TRBJ2-1	SRR5949410	1.149801355279094
TRBJ2-1	SRR5949411	1.1499000124654937
TRBJ2-1	SRR5949412	1.1496653216499102
TRBJ2-1	SRR5949413	1.1498041981068907
TRBJ2-1	SRR5949414	1.1498283651018633
TRBJ2-1	SRR5949415	1.1498700492655702
TRBJ2-1	SRR5949416	1.149752993629983
TRBJ2-1	SRR5949417	1.1496993836519698
TRBJ2-1	SRR5949418	1.1498041981068907
TRBJ2-1	SRR5949419	1.1498283651018633
TRBJ2-1	SRR5949420	1.149727479151349
TRBJ2-1	SRR5949421	1.1496993836519698
TRBJ2-1	SRR5949422	1.149752993629983
TRBJ2-1	SRR5949423	1.149752993629983
TRBJ2-1	SRR5949424	1.1499000124654937
TRBJ2-1	SRR5949425	1.149752993629983
TRBJ2-1	SRR5949426	1.1498700492655702
TRBJ2-1	SRR5949427	1.149752993629983
TRBJ2-1	SRR5949428	1.1499000124654937
TRBJ2-1	SRR5949429	1.149461221160821
TRBJ2-1	SRR5949430	1.1497815594090803
TRBJ2-1	SRR5949431	1.1497815594090803
TRBJ2-1	SRR5949432	1.149801355279094
TRBJ2-1	SRR5949433	1.149757132515299
TRBJ2-1	SRR5949434	1.149757132515299
TRBJ2-1	SRR5949435	1.1495510677538354
TRBJ2-1	SRR5949436	1.1498283651018633
TRBJ2-1	SRR5949437	1.149461221160821
TRBJ2-1	SRR5949438	1.1493806150832857
TRBJ2-1	SRR5949439	1.1498758641415114
TRBJ2-1	SRR5949440	1.1498700492655702
TRBJ2-1	SRR5949441	1.1498700492655702
TRBJ2-1	SRR5949442	1.1496516232140812
TRBJ2-1	SRR5949443	1.1495611354981103
TRBJ2-1	SRR5949444	1.1495012298161975
TRBJ2-1	SRR5949445	1.1499000124654937
TRBJ2-1	SRR5949446	1.1498700492655702
TRBJ2-1	SRR5949447	1.149757132515299
TRBJ2-1	SRR5949448	1.1499000124654937
TRBJ2-1	SRR5949449	1.1499000124654937
TRBJ2-1	SRR5949450	1.1497815594090803
TRBJ2-1	SRR5949451	1.1496993836519698
TRBJ2-1	SRR5949452	1.1498041981068907
TRBJ2-1	SRR5949453	1.1497815594090803
TRBJ2-1	SRR5949454	1.1498041981068907
TRBJ2-1	SRR5949455	1.149757132515299
TRBJ2-1	SRR5949456	1.1498758641415114
TRBJ2-1	SRR5949457	1.1498700492655702
TRBJ2-1	SRR5949458	1.1498758641415114
TRBJ2-1	SRR5949459	1.149801355279094
TRBJ2-1	SRR5949460	1.1495611354981103
TRBJ2-1	SRR5949461	1.1490004023259148
TRBJ2-1	SRR5949462	1.1498283651018633
TRBJ2-1	SRR5949463	1.1495510677538354
TRBJ2-1	SRR5949464	1.1494610034998385
TRBJ2-1	SRR5949465	1.1489587806071277
TRBJ2-1	SRR5949466	1.1497815594090803
TRBJ2-1	SRR5949467	1.1489471817569916
TRBJ2-1	SRR5949468	1.1498283651018633
TRBJ2-1	SRR5949469	1.1498700492655702
TRBJ2-1	SRR5949470	1.1498041981068907
TRBJ2-1	SRR5949471	1.149727479151349
TRBJ2-1	SRR5949472	1.149801355279094
TRBJ2-1	SRR5949473	1.149801355279094
TRBJ2-1	SRR5949474	1.149757132515299
TRBJ2-1	SRR5949475	1.1499000124654937
TRBJ2-1	SRR5949476	1.1498041981068907
TRBJ2-1	SRR5949477	1.1498700492655702
TRBJ2-1	SRR5949478	1.149801355279094
TRBJ2-1	SRR5949479	1.149283393549715
TRBJ2-1	SRR5949480	1.149752993629983
TRBJ2-1	SRR5949481	1.1498700492655702
TRBJ2-1	SRR5949482	1.1496653216499102
TRBJ2-1	SRR5949483	1.1492630102128836
TRBJ2-1	SRR5949484	1.1498283651018633
TRBJ2-1	SRR5949485	1.1495012298161975
TRBJ2-1	SRR5949486	1.149757132515299
TRBJ2-1	SRR5949487	1.149752993629983
TRBJ2-1	SRR5949488	1.149461221160821
TRBJ2-1	SRR5949489	1.1496058907069004
TRBJ2-1	SRR5949490	1.1496058907069004
TRBJ2-1	SRR5949491	1.149757132515299
TRBJ2-1	SRR5949492	1.1496058907069004
TRBJ2-1	SRR5949493	1.149727479151349
TRBJ2-1	SRR5949494	1.1499000124654937
TRBJ2-1	SRR5949495	1.1494707522857042
TRBJ2-1	SRR5949496	1.149727479151349
TRBJ2-1	SRR5949497	1.149727479151349
TRBJ2-1	SRR5949498	1.1497815594090803
TRBJ2-1	SRR5949499	1.1498283651018633
TRBJ2-1	SRR5949500	1.1494121443044876
TRBJ2-1	SRR5949501	1.149515806070026
TRBJ2-1	SRR5949502	1.1492573238148507
TRBJ2-1	SRR5949503	1.149639556483191
TRBJ2-1	SRR5949504	1.1498041981068907
TRBJ2-1	SRR5949505	1.1498041981068907
TRBJ2-1	SRR5949506	1.1498041981068907
TRBJ2-1	SRR5949507	1.1498700492655702
TRBJ2-1	SRR5949508	1.149752993629983
TRBJ2-1	SRR5949509	1.1498283651018633
TRBJ2-1	SRR5949510	1.1498041981068907
TRBJ2-1	SRR5949511	1.1489592829745587
TRBJ2-1	SRR5949512	1.149801355279094
TRBJ2-1	SRR5949513	1.1499000124654937
TRBJ2-1	SRR5949514	1.149659680044542
TRBJ2-1	SRR5949515	1.1498283651018633
TRBJ2-1	SRR5949516	1.149757132515299
TRBJ2-1	SRR5949517	1.1498041981068907
TRBJ2-1	SRR5949518	1.149283393549715
TRBJ2-1	SRR5949519	1.1496058907069004
TRBJ2-1	SRR5949520	1.1498700492655702
TRBJ2-1	SRR5949521	1.1490859664004887
TRBJ2-1	SRR5949522	1.149801355279094
TRBJ2-1	SRR5949523	1.1498700492655702
TRBJ2-1	SRR5949524	1.149757132515299
TRBJ2-1	SRR5949525	1.149659680044542
TRBJ2-1	SRR5949526	1.1489944018824365
TRBJ2-1	SRR5949527	1.149639556483191
TRBJ2-1	SRR5949528	1.1483720675437479
TRBJ2-1	SRR5949529	1.1495224477062624
TRBJ2-1	SRR5949530	1.149727479151349
TRBJ2-1	SRR5949531	1.1496653216499102
TRBJ2-1	SRR5949532	1.1498700492655702
TRBJ2-1	SRR5949533	1.1499000124654937
TRBJ2-1	SRR5949534	1.149659680044542
TRBJ2-1	SRR5949535	1.1498283651018633
TRBJ2-1	SRR5949536	1.1497815594090803
TRBJ2-1	SRR5949537	1.1498700492655702
TRBJ2-1	SRR5949538	1.1499000124654937
TRBJ2-1	SRR5949539	1.149727479151349
TRBJ2-1	SRR5949540	1.1495611354981103
TRBJ2-1	SRR5949541	1.149727479151349
TRBJ2-1	SRR5949542	1.1495224477062624
TRBJ2-1	SRR5949543	1.149752993629983
TRBJ2-1	SRR5949544	1.1495611354981103
TRBJ2-1	SRR5949545	1.149283393549715
TRBJ2-1	SRR5949546	1.149639556483191
TRBJ2-1	SRR5949547	1.1499000124654937
TRBJ2-1	SRR5949548	1.149757132515299
TRBJ2-1	SRR5949549	1.1494121443044876
TRBJ2-1	SRR5949550	1.1489471817569916
TRBJ2-1	SRR5949551	1.149801355279094
TRBJ2-1	SRR5949552	1.1494823274298185
TRBJ2-1	SRR5949553	1.1498758641415114
TRBJ2-1	SRR5949554	1.1498041981068907
TRBJ2-1	SRR5949555	1.1409427054301
TRBJ2-1	SRR5949556	1.149515806070026
TRBJ2-1	SRR5949557	1.1497815594090803
TRBJ2-1	SRR5949558	1.1494707522857042
TRBJ2-1	SRR5949559	1.1498283651018633
TRBJ2-1	SRR5949560	1.1498283651018633
TRBJ2-1	SRR5949561	1.1490061236504394
TRBJ2-1	SRR5949562	1.1495012298161975
TRBJ2-1	SRR5949563	1.1497815594090803
TRBJ2-1	SRR5949564	1.149801355279094
TRBJ2-1	SRR5949565	1.1498758641415114
TRBJ2-1	SRR5949566	1.1498283651018633
TRBJ2-1	SRR5949567	1.1479342052496542
TRBJ2-1	SRR5949568	1.1495565511841175
TRBJ2-1	SRR5949569	1.149614382860247
TRBJ2-1	SRR5949570	1.149727479151349
TRBJ2-1	SRR5949571	1.1493287860193127
TRBJ2-1	SRR5949572	1.1496993836519698
TRBJ2-1	SRR5949573	1.1495565511841175
TRBJ2-1	SRR5949574	1.1497815594090803
TRBJ2-1	SRR5949575	1.149752993629983
TRBJ2-1	SRR5949576	1.1496993836519698
TRBJ2-1	SRR5949577	1.1498758641415114
TRBJ2-1	SRR5949578	1.1497815594090803
TRBJ2-1	SRR5949579	1.1498283651018633
TRBJ2-1	SRR5949580	1.1498283651018633
TRBJ2-1	SRR5949581	1.1499000124654937
TRBJ2-1	SRR5949582	1.149614382860247
TRBJ2-1	SRR5949583	1.1498758641415114
TRBJ2-1	SRR5949584	1.1489713533334538
TRBJ2-1	SRR5949585	1.149801355279094
TRBJ2-1	SRR5949586	1.1498041981068907
TRBJ2-1	SRR5949587	1.149757132515299
TRBJ2-1	SRR5949588	1.14823324140182
TRBJ2-1	SRR5949589	1.1499000124654937
TRBJ2-1	SRR5949590	1.149639556483191
TRBJ2-1	SRR5949591	1.1498283651018633
TRBJ2-1	SRR5949592	1.1496653216499102
TRBJ2-1	SRR5949593	1.1499000124654937
TRBJ2-1	SRR5949594	1.1496993836519698
TRBJ2-1	SRR5949595	1.1498041981068907
TRBJ2-1	SRR5949596	1.149757132515299
TRBJ2-1	SRR5949597	1.1492327898220787
TRBJ2-1	SRR5949598	1.149727479151349
TRBJ2-1	SRR5949599	1.149639556483191
TRBJ2-1	SRR5949600	1.1497815594090803
TRBJ2-1	SRR5949601	1.1496993836519698
TRBJ2-1	SRR5949602	1.1499000124654937
TRBJ2-1	SRR5949603	1.149801355279094
TRBJ2-1	SRR5949604	1.1498041981068907
TRBJ2-1	SRR5949605	1.1496993836519698
TRBJ2-1	SRR5949606	1.1494707522857042
TRBJ2-1	SRR5949607	1.1498700492655702
TRBJ2-1	SRR5949608	1.1490004023259148
TRBJ2-1	SRR5950246	1.1489592829745587
TRBJ2-1	SRR5950247	1.1494707522857042
TRBJ2-1	SRR5950248	1.1497815594090803
TRBJ2-1	SRR5950249	1.1499000124654937
TRBJ2-1	SRR5950250	1.1495611354981103
TRBJ2-1	SRR5950251	1.1497815594090803
TRBJ2-1	SRR5950252	1.1498758641415114
TRBJ2-1	SRR5950253	1.1498041981068907
TRBJ2-1	SRR5950254	1.1494707522857042
TRBJ2-1	SRR5950255	1.1492327898220787
TRBJ2-1	SRR5950256	1.14882817140177
TRBJ2-1	SRR5950257	1.1487945702274995
TRBJ2-1	SRR5950258	1.149801355279094
TRBJ2-1	SRR5950259	1.1498283651018633
TRBJ2-1	SRR5950260	1.1497815594090803
TRBJ2-1	SRR5950261	1.149801355279094
TRBJ2-1	SRR5950262	1.149659680044542
TRBJ2-1	SRR5950263	1.1492573238148507
TRBJ2-1	SRR5950264	1.1498700492655702
TRBJ2-1	SRR5950265	1.1495611354981103
TRBJ2-1	SRR5950266	1.1489684643066176
TRBJ2-1	SRR5950267	1.149801355279094
TRBJ2-1	SRR5950268	1.1496993836519698
TRBJ2-1	SRR5950269	1.149727479151349
TRBJ2-1	SRR5950270	1.1494610034998385
TRBJ2-1	SRR5950271	1.1499000124654937
TRBJ2-1	SRR5950272	1.1499000124654937
TRBJ2-1	SRR5950273	1.1497815594090803
TRBJ2-1	SRR5950274	1.1496516232140812
TRBJ2-1	SRR5950275	1.1496993836519698
TRBJ2-1	SRR5950276	1.149801355279094
TRBJ2-1	SRR5950277	1.149515806070026
TRBJ2-1	SRR5950278	1.1492438683694057
TRBJ2-1	SRR5950279	1.149757132515299
TRBJ2-1	SRR5950280	1.1498041981068907
TRBJ2-1	SRR5950281	1.1496993836519698
TRBJ2-1	SRR5950282	1.1493287860193127
TRBJ2-1	SRR5950283	1.149801355279094
TRBJ2-1	SRR5950284	1.1466271340242074
TRBJ2-1	SRR5950285	1.1494823274298185
TRBJ2-1	SRR5950286	1.1497815594090803
TRBJ2-1	SRR5950287	1.1491016556665985
TRBJ2-1	SRR5950288	1.1495510677538354
TRBJ2-1	SRR5950289	1.1490061236504394
TRBJ2-1	SRR5950290	1.1498283651018633
TRBJ2-1	SRR5950291	1.149801355279094
TRBJ2-1	SRR5950292	1.1496653216499102
TRBJ2-1	SRR5950293	1.1494610034998385
TRBJ2-1	SRR5950294	1.1499000124654937
TRBJ2-1	SRR5950295	1.1498758641415114
TRBJ2-1	SRR5950296	1.149752993629983
TRBJ2-1	SRR5950297	1.1494508753827517
TRBJ2-1	SRR5950298	1.1498283651018633
TRBJ2-1	SRR5950299	1.149614382860247
TRBJ2-1	SRR5950300	1.149757132515299
TRBJ2-1	SRR5950301	1.149801355279094
TRBJ2-1	SRR5950302	1.149752993629983
TRBJ2-1	SRR5950303	1.149614382860247
TRBJ2-1	SRR5950304	1.149461221160821
TRBJ2-1	SRR5950305	1.149752993629983
TRBJ2-1	SRR5950306	1.149752993629983
TRBJ2-1	SRR5950307	1.1496058907069004
TRBJ2-1	SRR5950308	1.1496653216499102
TRBJ2-1	SRR5950309	1.1496993836519698
TRBJ2-1	SRR5950310	1.1497815594090803
TRBJ2-1	SRR5950311	1.1498700492655702
TRBJ2-1	SRR5950312	1.149801355279094
TRBJ2-1	SRR5950313	1.1496653216499102
TRBJ2-1	SRR5950314	1.1498283651018633
TRBJ2-1	SRR5950315	1.149801355279094
TRBJ2-1	SRR5950316	1.1498700492655702
TRBJ2-1	SRR5950317	1.149614382860247
TRBJ2-1	SRR5950318	1.1494610034998385
TRBJ2-1	SRR5950319	1.149639556483191
TRBJ2-1	SRR5950320	1.149614382860247
TRBJ2-1	SRR5950321	1.148836459359721
TRBJ2-1	SRR5950322	1.1495224477062624
TRBJ2-1	SRR5950323	1.1496516232140812
TRBJ2-1	SRR5950324	1.1498283651018633
TRBJ2-1	SRR5950325	1.149659680044542
TRBJ2-1	SRR5950326	1.149515806070026
TRBJ2-1	SRR5950327	1.149801355279094
TRBJ2-1	SRR5950328	1.149801355279094
TRBJ2-1	SRR5950329	1.149752993629983
TRBJ2-1	SRR5950330	1.149639556483191
TRBJ2-1	SRR5950331	1.1493287860193127
TRBJ2-1	SRR5950332	1.1494707522857042
TRBJ2-1	SRR5950333	1.1498283651018633
TRBJ2-1	SRR5950334	1.1498283651018633
TRBJ2-1	SRR5950335	1.1498283651018633
TRBJ2-1	SRR5950336	1.1477909267796054
TRBJ2-1	SRR5950337	1.1490522198255662
TRBJ2-1	SRR5950338	1.1484554126990747
TRBJ2-1	SRR5950339	1.1499000124654937
TRBJ2-1	SRR5950340	1.1496058907069004
TRBJ2-1	SRR5950341	1.1496653216499102
TRBJ2-1	SRR5950342	1.1498700492655702
TRBJ2-1	SRR5950343	1.1496653216499102
TRBJ2-1	SRR5950344	1.1495224477062624
TRBJ2-1	SRR5950345	1.1496516232140812
TRBJ2-1	SRR5950346	1.149801355279094
TRBJ2-1	SRR5950347	1.149752993629983
TRBJ2-1	SRR5950348	1.1496058907069004
TRBJ2-1	SRR5950349	1.1498758641415114
TRBJ2-1	SRR5950350	1.1497815594090803
TRBJ2-1	SRR5950351	1.1491016556665985
TRBJ2-1	SRR5950352	1.1498700492655702
TRBJ2-1	SRR5950353	1.149752993629983
TRBJ2-1	SRR5950354	1.1498700492655702
TRBJ2-1	SRR5950355	1.1498700492655702
TRBJ2-1	SRR5950356	1.1489979896611313
TRBJ2-1	SRR5950357	1.1498700492655702
TRBJ2-1	SRR5950358	1.149614382860247
TRBJ2-1	SRR5950359	1.149727479151349
TRBJ2-1	SRR5950360	1.1498700492655702
TRBJ2-1	SRR5950361	1.1498700492655702
TRBJ2-1	SRR5950362	1.1495224477062624
TRBJ2-1	SRR5950363	1.1494508753827517
TRBJ2-1	SRR5950364	1.149639556483191
TRBJ2-1	SRR5950365	1.1498041981068907
TRBJ2-1	SRR5950366	1.1498283651018633
TRBJ2-1	SRR5950367	1.1489024179979748
TRBJ2-1	SRR5950368	1.149752993629983
TRBJ2-1	SRR5950369	1.1499000124654937
TRBJ2-1	SRR5950370	1.1499000124654937
TRBJ2-1	SRR5950371	1.149801355279094
TRBJ2-1	SRR5950372	1.1498041981068907
TRBJ2-1	SRR5950373	1.149757132515299
TRBJ2-1	SRR5950374	1.149757132515299
TRBJ2-1	SRR5950375	1.1498700492655702
TRBJ2-1	SRR5950376	1.1499000124654937
TRBJ2-1	SRR5950377	1.1494121443044876
TRBJ2-1	SRR5950378	1.149757132515299
TRBJ2-1	SRR5950379	1.149752993629983
TRBJ2-1	SRR5950380	1.1496653216499102
TRBJ2-1	SRR5950381	1.149659680044542
TRBJ2-1	SRR5950382	1.1491016556665985
TRBJ2-1	SRR5950383	1.1498758641415114
TRBJ2-1	SRR5950384	1.1498283651018633
TRBJ2-1	SRR5950385	1.1490859664004887
TRBJ2-1	SRR5950386	1.1498700492655702
TRBJ2-1	SRR5950387	1.1498758641415114
TRBJ2-1	SRR5950388	1.1495611354981103
TRBJ2-1	SRR5950389	1.1485352709618715
TRBJ2-1	SRR5950390	1.1496993836519698
TRBJ2-1	SRR5950391	1.1499000124654937
TRBJ2-1	SRR5950392	1.1491016556665985
TRBJ2-1	SRR5950393	1.1495565511841175
TRBJ2-1	SRR5950394	1.149727479151349
TRBJ2-1	SRR5950395	1.149752993629983
TRBJ2-1	SRR5950396	1.1499000124654937
TRBJ2-1	SRR5950397	1.1498758641415114
TRBJ2-1	SRR5950398	1.1498758641415114
TRBJ2-1	SRR5950399	1.149659680044542
TRBJ2-1	SRR5950400	1.1496993836519698
TRBJ2-1	SRR5950401	1.1498700492655702
TRBJ2-1	SRR5950402	1.1498700492655702
TRBJ2-1	SRR5950403	1.1497815594090803
TRBJ2-1	SRR5950404	1.1498041981068907
TRBJ2-1	SRR5950405	1.14823324140182
TRBJ2-1	SRR5950406	1.1493806150832857
TRBJ2-1	SRR5950407	1.149801355279094
TRBJ2-1	SRR5950408	1.149461221160821
TRBJ2-1	SRR5950409	1.1495565511841175
TRBJ2-1	SRR5950410	1.1499000124654937
TRBJ2-1	SRR5950411	1.1498283651018633
TRBJ2-1	SRR5950412	1.1498700492655702
TRBJ2-1	SRR5950413	1.1493657120956842
TRBJ2-1	SRR5950414	1.149801355279094
TRBJ2-1	SRR5950415	1.149614382860247
TRBJ2-1	SRR5950416	1.1496653216499102
TRBJ2-1	SRR5950417	1.1496993836519698
TRBJ2-1	SRR5950418	1.1495510677538354
TRBJ2-1	SRR5950419	1.1498700492655702
TRBJ2-1	SRR5950420	1.149752993629983
TRBJ2-1	SRR5950421	1.1495611354981103
TRBJ2-1	SRR5950422	1.1494707522857042
TRBJ2-1	SRR5950423	1.149757132515299
TRBJ2-1	SRR5950424	1.1498283651018633
TRBJ2-1	SRR5950425	1.1498700492655702
TRBJ2-1	SRR5950426	1.1496058907069004
TRBJ2-1	SRR5950427	1.1498283651018633
TRBJ2-1	SRR5950428	1.149757132515299
TRBJ2-1	SRR5950429	1.1498700492655702
TRBJ2-1	SRR5950430	1.149727479151349
TRBJ2-1	SRR5950431	1.149727479151349
TRBJ2-1	SRR5950432	1.1498041981068907
TRBJ2-1	SRR5950433	1.149801355279094
TRBJ2-1	SRR5950434	1.1495611354981103
TRBJ2-1	SRR5950435	1.149757132515299
TRBJ2-1	SRR5950436	1.1498700492655702
TRBJ2-1	SRR5950437	1.149727479151349
TRBJ2-1	SRR5950438	1.1498283651018633
TRBJ2-1	SRR5950439	1.1498758641415114
TRBJ2-1	SRR5950440	1.145365413736815
TRBJ2-1	SRR5950441	1.1494707522857042
TRBJ2-1	SRR5950442	1.1497815594090803
TRBJ2-1	SRR5950443	1.149659680044542
TRBJ2-1	SRR5950444	1.149801355279094
TRBJ2-1	SRR5950445	1.1498041981068907
TRBJ2-1	SRR5950446	1.1496516232140812
TRBJ2-1	SRR5950447	1.1494257243385793
TRBJ2-1	SRR5950448	1.149801355279094
TRBJ2-1	SRR5950449	1.1498041981068907
TRBJ2-1	SRR5950450	1.1498700492655702
TRBJ2-1	SRR5950451	1.1499000124654937
TRBJ2-1	SRR5950452	1.1494823274298185
TRBJ2-1	SRR5950453	1.1498283651018633
TRBJ2-1	SRR5950454	1.1494823274298185
TRBJ2-1	SRR5950455	1.1498283651018633
TRBJ2-1	SRR5950456	1.149757132515299
TRBJ2-1	SRR5950457	1.149659680044542
TRBJ2-1	SRR5950458	1.1499000124654937
TRBJ2-1	SRR5950459	1.149752993629983
TRBJ2-1	SRR5950460	1.149752993629983
TRBJ2-1	SRR5950461	1.1497815594090803
TRBJ2-1	SRR5950462	1.1492630102128836
TRBJ2-1	SRR5950463	1.149614382860247
TRBJ2-1	SRR5950464	1.149515806070026
TRBJ2-1	SRR5950465	1.1449587156171235
TRBJ2-1	SRR5950466	1.149801355279094
TRBJ2-1	SRR5950467	1.149752993629983
TRBJ2-1	SRR5950468	1.149801355279094
TRBJ2-1	SRR5950469	1.149639556483191
TRBJ2-1	SRR5950470	1.1498700492655702
TRBJ2-1	SRR5963912	1.1499000124654937
TRBJ2-1	SRR5963913	1.1495224477062624
TRBJ2-1	SRR5963914	1.1499000124654937
TRBJ2-1	SRR5963915	1.1495611354981103
TRBJ2-1	SRR5963916	1.1494121443044876
TRBJ2-1	SRR5963917	1.1496993836519698
TRBJ2-1	SRR5963918	1.149727479151349
TRBJ2-1	SRR5963919	1.1498041981068907
TRBJ2-1	SRR5963920	1.149757132515299
TRBJ2-1	SRR5963921	1.1498283651018633
TRBJ2-1	SRR5963922	1.1496653216499102
TRBJ2-1	SRR5963923	1.149727479151349
TRBJ2-1	SRR5963924	1.1498041981068907
TRBJ2-1	SRR5963925	1.1495224477062624
TRBJ2-1	SRR5963926	1.149515806070026
TRBJ2-1	SRR5963927	1.1498758641415114
TRBJ2-1	SRR5963928	1.1494823274298185
TRBJ2-1	SRR5963929	1.149801355279094
TRBJ2-1	SRR5963930	1.1493287860193127
TRBJ2-1	SRR5963931	1.1499000124654937
TRBJ2-1	SRR5963932	1.149757132515299
TRBJ2-1	SRR5963933	1.149659680044542
TRBJ2-1	SRR5963934	1.1494257243385793
TRBJ2-1	SRR5963935	1.1499000124654937
TRBJ2-1	SRR5963936	1.1495510677538354
TRBJ2-1	SRR5963937	1.1492573238148507
TRBJ2-1	SRR5963938	1.149801355279094
TRBJ2-1	SRR5963939	1.1498041981068907
TRBJ2-1	SRR5963940	1.1498700492655702
TRBJ2-1	SRR5963941	1.1499000124654937
TRBJ2-1	SRR5963942	1.1499000124654937
TRBJ2-1	SRR5963943	1.1498283651018633
TRBJ2-1	SRR5963944	1.1499000124654937
TRBJ2-1	SRR5963945	1.1498758641415114
TRBJ2-1	SRR5963946	1.149801355279094
TRBJ2-1	SRR5963947	1.149801355279094
TRBJ2-1	SRR5963948	1.149801355279094
TRBJ2-1	SRR6467548	3.0294183705722038
TRBJ2-1	SRR6467549	1.0166333952670563
TRBJ2-1	SRR6467550	1.0094573463716312
TRBJ2-1	SRR6467551	3.0493524571905475
TRBJ2-1	SRR6467552	2.0330455629115067
TRBJ2-1	SRR6467553	1.031917753407997
TRBJ2-1	SRR6467554	1.0225494456218691
TRBJ2-1	SRR6467555	2.0288303240882977
TRBJ2-1	SRR6467556	1.0118279387635634
TRBJ2-1	SRR6467557	2.022839037677252
TRBJ2-1	SRR6467558	1.0202167779550353
TRBJ2-1	SRR6467559	4.0086998294114276
TRBJ2-1	SRR6467560	1.0102148863804552
TRBJ2-1	SRR6467561	4.0298044560252295
TRBJ2-1	SRR6467562	2.007586041594286
TRBJ2-1	SRR6467563	1.0061967931686884
TRBJ2-1	SRR6467564	1.007311001168582
TRBJ2-1	SRR6467565	4.038798097504387
TRBJ2-1	SRR6467566	1.0275298262095158
TRBJ2-1	SRR6467567	2.0221457383278207
TRBJ2-1	SRR6467568	7.02871364939995
TRBJ2-1	SRR6467569	2.0292794199470636
TRBJ2-1	SRR6467570	8.291133254678142
TRBJ2-1	SRR6467571	3.002159553486761
TRBJ2-1	SRR6467572	4.024609702550738
TRBJ2-1	SRR6467573	4.0271931380628665
TRBJ2-1	SRR6467574	8
TRBJ2-1	SRR6467575	4.0011786962540175
TRBJ2-1	SRR6467576	3.0140241471762033
TRBJ2-1	SRR6467577	2.0028804410204066
TRBJ2-1	SRR6467578	7.0691166004024
TRBJ2-1	SRR6467579	2.0211676625259702
TRBJ2-1	SRR6467580	4.760962748291195
TRBJ2-1	SRR6467581	4.301034947279542
TRBJ2-1	SRR6467582	2.823695507705669
TRBJ2-1	SRR6467583	7
TRBJ2-1	SRR6467584	3.0108930572482255
TRBJ2-1	SRR6467585	3.629888522649015
TRBJ2-1	SRR6467586	6.305264189889039
TRBJ2-1	SRR6467587	4.746647445949774
TRBJ2-1	SRR6467588	5.0100410786529155
TRBJ2-1	SRR6467589	14
TRBJ2-1	SRR6467590	4.011053681218894
TRBJ2-1	SRR6467591	4.042078407973339
TRBJ2-1	SRR6467592	2.015559079288315
TRBJ2-1	SRR6467593	1.004538287361441
TRBJ2-1	SRR6467594	2.2062951118129512
TRBJ2-1	SRR6467595	5.0109587206227895
TRBJ2-1	SRR6467596	3
TRBJ2-1	SRR6467597	5.09649872408743
TRBJ2-1	SRR6467598	4.451579600539322
TRBJ2-1	SRR6467599	2.0074814858723964
TRBJ2-1	SRR6467600	1.004818568850564
TRBJ2-1	SRR6467601	6.0334729042981765
TRBJ2-1	SRR6467602	3.1827300341292015
TRBJ2-1	SRR6467603	2
TRBJ2-1	SRR6467604	5.021123678492562
TRBJ2-1	SRR6467605	4.014295646389128
TRBJ2-1	SRR6467606	12
TRBJ2-1	SRR6467607	8
TRBJ2-1	SRR6467608	2.0052545029647746
TRBJ2-1	SRR6467609	2.0003598284620874
TRBJ2-1	SRR6467610	2.0199633959686554
TRBJ2-1	SRR6467611	22.137913368084888
TRBJ2-1	SRR6467612	5.029020427687766
TRBJ2-1	SRR6467613	7
TRBJ2-1	SRR6467614	4
TRBJ2-1	SRR6467615	2.025407482047046
TRBJ2-1	SRR6467616	2.019785510031567
TRBJ2-1	SRR6467617	2.0133377282734495
TRBJ2-1	SRR6467618	3
TRBJ2-1	SRR6467619	3.879881257891554
TRBJ2-1	SRR6467620	2.0051850091193257
TRBJ2-1	SRR6467621	2.010214387780658
TRBJ2-1	SRR6467622	1.0150608699717154
TRBJ2-1	SRR6467623	4.310444387396503
TRBJ2-1	SRR6467624	4.000719656924175
TRBJ2-1	SRR6467625	3
TRBJ2-1	SRR6467626	3
TRBJ2-1	SRR6467627	1.0100637475538297
TRBJ2-1	SRR6467628	5
TRBJ2-1	SRR6467629	1.7503877364812452
TRBJ2-1	SRR6467630	2.0014397023245074
TRBJ2-1	SRR6467631	5.004499474523829
TRBJ2-1	SRR6467632	3.0215323861980785
TRBJ2-1	SRR6467633	4
TRBJ2-1	SRR6467634	4.015985160794271
TRBJ2-1	SRR6467635	2.359132367588532
TRBJ2-1	SRR6467636	2.0201619246203477
TRBJ2-1	SRR6467637	3
TRBJ2-1	SRR6467638	5
TRBJ2-1	SRR6467639	4.012674038334661
TRBJ2-1	SRR6467640	5.104592336828107
TRBJ2-1	SRR6467641	4.037131131950225
TRBJ2-1	SRR6467642	8.521559038609048
TRBJ2-1	SRR6467643	3.0375390015185473
TRBJ2-1	SRR6467644	4
TRBJ2-1	SRR6467645	8.679911802016068
TRBJ2-1	SRR6467646	3
TRBJ2-1	SRR6467647	6.073748818506008
TRBJ2-1	SRR6467648	5.028868169941934
TRBJ2-1	SRR6467649	3.0158764076933786
TRBJ2-1	SRR6467650	3.0164190067781913
TRBJ2-1	SRR6467651	3.008739519049101
TRBJ2-1	SRR6467652	4.000719656924175
TRBJ2-1	SRR6467653	2.01984491906422
TRBJ2-1	SRR6467654	5.018703714680991
TRBJ2-1	SRR6467655	1
TRBJ2-1	SRR6467656	9.459105516422435
TRBJ2-1	SRR6467657	4
TRBJ2-1	SRR6467658	3
TRBJ2-1	SRR6467659	1.5832614805831435
TRBJ2-1	SRR6467660	3.0205280415799907
TRBJ2-1	SRR6467661	2.8118071020176654
TRBJ2-1	SRR6467662	3.578538138135086
TRBJ2-1	SRR6467663	5.013954206526972
TRBJ2-1	SRR6467664	4.511201327779679
TRBJ2-1	SRR6467665	2
TRBJ2-1	SRR6467666	5
TRBJ2-1	SRR6467667	5.456907230157608
TRBJ2-1	SRR6467668	3.6268328097647777
TRBJ2-1	SRR6467669	1
TRBJ2-1	SRR6467670	1
TRBJ2-1	SRR6467671	6.53890587272328
TRBJ2-1	SRR6467672	1.0088498474584395
TRBJ2-1	SRR6467673	3.0287700617926103
TRBJ2-1	SRR6467674	4.025020271898745
TRBJ2-1	SRR6467675	2.0172839160140184
TRBJ2-1	SRR6467676	3.484487698789995
TRBJ2-1	SRR6467677	7
TRBJ2-1	SRR6467678	4
TRBJ2-1	SRR6467679	4
TRBJ2-1	SRR6467680	1.01072934295352
TRBJ2-1	SRR6467681	6
TRBJ2-1	SRR6467682	2.0119700880123665
TRBJ2-1	SRR6467683	7.0783734784688574
TRBJ2-1	SRR6467684	3.007777513678988
TRBJ2-1	SRR6467685	2.028191740357894
TRBJ2-1	SRR6467686	2.0028804410204066
TRBJ2-1	SRR6467687	1.9985907270001462
TRBJ2-1	SRR6467688	3
TRBJ2-1	SRR6467689	3.02970872697465
TRBJ2-1	SRR6467690	2.0109348645755483
TRBJ2-1	SRR6467691	7.038836546958161
TRBJ2-1	SRR6467692	10.010052287584692
TRBJ2-1	SRR6467693	3.9635007912052633
TRBJ2-1	SRR6467694	2.0151414118406388
TRBJ2-1	SRR6467695	1.0045689957386463
TRBJ2-1	SRR6467696	5.401602473007432
TRBJ2-1	SRR6467697	2
TRBJ2-1	SRR6467698	4.018808755965097
TRBJ2-1	SRR6467699	4
TRBJ2-1	SRR6467700	7.259029320158284
TRBJ2-1	SRR6467701	2
TRBJ2-1	SRR6467702	2.028674607356182
TRBJ2-1	SRR6467703	1.012335005482347
TRBJ2-1	SRR6467704	7.019535889137761
TRBJ2-1	SRR6467705	6.0391833050707335
TRBJ2-1	SRR6467706	3.0554115368584824
TRBJ2-1	SRR6467707	1
TRBJ2-1	SRR6467708	2.003451607071626
TRBJ2-1	SRR6467709	10
TRBJ2-1	SRR6467710	1.0008998949047658
TRBJ2-1	SRR6467711	4.005461805328575
TRBJ2-1	SRR6467712	3.0337419656689475
TRBJ2-1	SRR6467713	4.826132434102111
TRBJ2-1	SRR6467714	5.02985718530067
TRBJ2-1	SRR6467715	4
TRBJ2-1	SRR6467716	4
TRBJ2-1	SRR6467717	5.061404062718693
TRBJ2-1	SRR6467718	1.0154091421713183
TRBJ2-1	SRR6467719	1.0036044413997351
TRBJ2-1	SRR6467720	6
TRBJ2-1	SRR6467721	1.0016203938574126
TRBJ2-1	SRR6467722	5.99056770048415
TRBJ2-1	SRR6467723	3
TRBJ2-1	SRR6467724	7
TRBJ2-1	SRR6467725	9
TRBJ2-1	SRR6467726	6.363066228081709
TRBJ2-1	SRR6467727	8.018319085988704
TRBJ2-1	SRR6467728	3
TRBJ2-1	SRR6467729	5.034451624107776
TRBJ2-1	SRR6467730	6.012758265892413
TRBJ2-1	SRR6467731	1.00988118368961
TRBJ2-1	SRR6467732	4.245951519009978
TRBJ2-1	SRR6467733	3.0051774106074394
TRBJ2-1	SRR6467734	2.9790278696121693
TRBJ2-1	SRR6467735	2.016530369113811
TRBJ2-1	SRR6467736	2.0124043556683784
TRBJ2-1	SRR6467737	8.049650323921295
TRBJ2-1	SRR6467738	9.003238747480962
TRBJ2-1	SRR6467739	3
TRBJ2-1	SRR6467740	3.0160290234126963
TRBJ2-1	SRR6467741	6.0122332106400265
TRBJ2-1	SRR6467742	2
TRBJ2-1	SRR6467743	2
TRBJ2-1	SRR6467744	5
TRBJ2-1	SRR6467745	3.001079582493654
TRBJ2-1	SRR6467746	2.0158665823041253
TRBJ2-1	SRR6467747	1.4075973555784644
TRBJ2-1	SRR6467748	2.852244883639486
TRBJ2-1	SRR6467749	3
TRBJ2-1	SRR6467750	2.004744105363121
TRBJ2-1	SRR6467751	1.0151179163865762
TRBJ2-1	SRR6467752	2.0164290397979516
TRBJ2-1	SRR6467753	0.6656134527127003
TRBJ2-1	SRR6467754	6.696356136282309
TRBJ2-1	SRR6467755	5.370083756117861
TRBJ2-1	SRR6467756	1.001260079572912
TRBJ2-1	SRR6467757	6
TRBJ2-1	SRR6467758	2
TRBJ2-1	SRR6467759	1.0056633933586414
TRBJ2-1	SRR6467760	10.077342324655064
TRBJ2-1	SRR6467761	5.018329009986706
TRBJ2-1	SRR6467762	6.03003321685723
TRBJ2-1	SRR6467763	0.9571110894244277
TRBJ2-1	SRR6467764	3.3936028179662387
TRBJ2-1	SRR6467765	5.006216542033241
TRBJ2-1	SRR6467766	2.029667057183248
TRBJ2-1	SRR6467767	3.0204189757715496
TRBJ2-1	SRR6467768	3.037429893056801
TRBJ2-1	SRR6467769	2.0359609714998177
TRBJ2-1	SRR6467770	1
TRBJ2-1	SRR6467771	3.134909887334697
TRBJ2-1	SRR6467772	4.028451738799193
TRBJ2-1	SRR6467773	2.0078426603602617
TRBJ2-1	SRR6868540	5.07416764295812
TRBJ2-1	SRR6868541	8.222470686554898
TRBJ2-1	SRR6868542	6.287941633955806
TRBJ2-1	SRR6868543	3.045888814178266
TRBJ2-1	SRR6868544	26.204117377113672
TRBJ2-1	SRR6868545	13.324129202167226
TRBJ2-1	SRR6868546	6.095450101225815
TRBJ2-1	SRR6868557	5.296800219808458
TRBJ2-1	SRR6868558	4.1973203831663035
TRBJ2-1	SRR6868559	3.0984954349543936
TRBJ2-1	SRR6868560	15.149825017935337
TRBJ2-1	SRR6868569	4.247736087229067
TRBJ2-1	SRR6868570	12.261837258906374
TRBJ2-1	SRR6868571	6.26846454411448
TRBJ2-1	SRR6868572	3.0355506188402988
TRBJ2-1	SRR6868573	4.1651328828139045
TRBJ2-1	SRR6868574	15.183703519490203
TRBJ2-1	SRR6868575	12.311963781053336
TRBJ2-1	SRR6868576	27.432033030221803
TRBJ2-1	SRR6868577	6.196744553156152
TRBJ2-1	SRR6868578	6.093462361257004
TRBJ2-1	SRR6868579	4.176279772206242
TRBJ2-1	SRR6868580	16.17243473867528
TRBJ2-1	SRR6868581	8.27362404010376
TRBJ2-1	SRR6868582	11.362328652786664
TRBJ2-1	SRR6868585	10.22391811936736
TRBJ2-1	SRR6868586	5.298719516054088
TRBJ2-1	SRR6868587	14.840859746800444
TRBJ2-1	SRR6868588	17.12233500698473
TRBJ2-1	SRR6868589	15.165517648023512
TRBJ2-1	SRR6868590	5.161794176897734
TRBJ2-1	SRR6868591	20.262519433803728
TRBJ2-1	SRR6868604	3.2277165294099603
TRBJ2-1	SRR6868605	10.320979984105069
TRBJ2-1	SRR6868606	5.205298375463095
TRBJ2-1	SRR6868607	5.17326310622888
TRBJ2-1	SRR6868608	4.097858626768746
TRBJ2-1	SRR6868609	6.265149152973797
TRBJ2-1	SRR6868610	8.314703813976918
TRBJ2-1	SRR6868620	8.091186732698763
TRBJ2-1	SRR6868621	11.242621617053258
TRBJ2-1	SRR6868622	5.121174202020439
TRBJ2-1	SRR6868623	2.1099706184737177
TRBJ2-1	SRR6868636	3.1320680020802514
TRBJ2-1	SRR6868637	9.235012643950263
TRBJ2-1	SRR6868638	5.231906862409396
TRBJ2-1	SRR6868639	23.249202669838013
TRBJ2-1	SRR6868650	17.677141538439212
TRBJ2-1	SRR6868651	24.699398836151033
TRBJ2-1	SRR6868652	7.214981285408844
TRBJ2-1	SRR6868653	16.303275818518337
TRBJ2-1	SRR6868654	10.151196581488149
TRBJ2-1	SRR6868655	9.318873890194412
TRBJ2-1	SRR6868665	3.043405383383874
TRBJ2-1	SRR6868666	5.0513134512489994
TRBJ2-1	SRR6868667	17.19621883279531
TRBJ2-1	SRR6868668	19.142093464990126
TRBJ2-1	SRR6868669	16.122269118196492
TRBJ2-1	SRR6868670	26.470356848823553
TRBJ2-1	SRR6868671	7.102414981786436
TRBJ2-1	SRR6868683	12.153838522192334
TRBJ2-1	SRR6868684	22.347161436966754
TRBJ2-1	SRR6868685	8.173272325499045
TRBJ2-1	SRR6868686	5.05162081009087
TRBJ2-1	SRR6868687	7.197094288103381
TRBJ2-1	SRR6868688	6.164330361312715
TRBJ2-1	SRR6868689	5.074376520476036
TRBJ2-1	SRR6868698	14.257337886036824
TRBJ2-1	SRR6868699	12.084694284947203
TRBJ2-1	SRR6868700	23.37153073234279
TRBJ2-1	SRR6868701	9.095481181545358
TRBJ2-1	SRR6868702	26.199872869424407
TRBJ2-1	SRR6868713	22.23053521522293
TRBJ2-1	SRR6868714	13.243040327893265
TRBJ2-1	SRR6868715	23.19183078513443
TRBJ2-1	SRR6868716	27.181413014239237
TRBJ2-1	SRR6868717	22.22662244576722
TRBJ2-1	SRR6868718	36.14041480283321
TRBJ2-1	SRR6868719	51.08264008672804
TRBJ2-1	SRR6868720	34.1722774017265
TRBJ2-1	SRR6868721	15.169480666337014
TRBJ2-1	SRR6868722	20.338004703727357
TRBJ2-1	SRR6868723	20.393080290452854
TRBJ2-1	SRR6868724	23.224119913539145
TRBJ2-1	SRR6868725	31.129484625991772
TRBJ2-1	SRR6868726	35.08442547215776
TRBJ2-1	SRR6868741	8.116353669371037
TRBJ2-1	SRR7632756	4.033032432203194
TRBJ2-1	SRR7632757	4.110933144205245
TRBJ2-1	SRR7632758	1.01063282095591
TRBJ2-1	SRR7632759	1.0297749607877074
TRBJ2-1	SRR7632760	1.020266900924434
TRBJ2-1	SRR7632761	3.0214518028282966
TRBJ2-1	SRR7632762	1.0486325447319236
TRBJ2-1	SRR7632763	6.0982888931609205
TRBJ2-1	SRR7632764	3.1109671266430166
TRBJ2-1	SRR7632765	5.0131362574119365
TRBJ2-1	SRR7632766	3.093342745483688
TRBJ2-1	SRR7632767	9.021348474134044
TRBJ2-1	SRR7632768	5.080940849375922
TRBJ2-1	SRR7632769	6.0688627260483186
TRBJ2-1	SRR7632770	3.024837353536685
TRBJ2-1	SRR7632771	1.0259548134634506
TRBJ2-1	SRR7632772	4.0766581505676145
TRBJ2-1	SRR7632773	6.032571999860628
TRBJ2-1	SRR7632774	4.025388234481249
TRBJ2-1	SRR7632775	10.224681510947642
TRBJ2-1	SRR7632776	1.0378886530168419
TRBJ2-1	SRR7632777	4.096238555980819
TRBJ2-1	SRR7632778	5.020884617095447
TRBJ2-1	SRR7632779	3.078349816053365
TRBJ2-1	SRR7632780	8.029545981392248
TRBJ2-1	SRR7632781	1.061425531429259
TRBJ2-1	SRR7632782	3.0410320125231234
TRBJ2-1	SRR7632783	6.044034339942739
TRBJ2-1	SRR7632784	5.043504426244559
TRBJ2-1	SRR7632785	4.028709848264105
TRBJ2-1	SRR7632786	1.0414066016427272
TRBJ2-1	SRR7632787	2.0078279802456036
TRBJ2-1	SRR7632788	5.01133287499803
TRBJ2-1	SRR7632789	1.0181424053950652
TRBJ2-1	SRR7632790	8.078590930525495
TRBJ2-1	SRR7632791	6.268454692185366
TRBJ2-1	SRR7632792	4.029189505150583
TRBJ2-1	SRR7632793	1.01210658739326
TRBJ2-1	SRR7632794	3.020843311846087
TRBJ2-1	SRR7632795	3.0096798270115626
TRBJ2-1	SRR7632796	5.085921152050254
TRBJ2-1	SRR7632797	4.603182689004682
TRBJ2-1	SRR7632798	11.063018896007492
TRBJ2-1	SRR7632799	1.0307842771739868
TRBJ2-1	SRR7632800	2.029943425336359
TRBJ2-1	SRR7632801	1.0052614054151265
TRBJ2-1	SRR7632802	5.174977653390126
TRBJ2-1	SRR7632803	7.1679709344263935
TRBJ2-1	SRR7632804	5.202369395094909
TRBJ2-1	SRR7632805	11.034029725055634
TRBJ2-1	SRR7632806	1.0046132934463576
TRBJ2-1	SRR7632807	3.026151811504859
TRBJ2-1	SRR7632808	8.065765806573252
TRBJ2-1	SRR7632809	4.195108656095221
TRBJ2-1	SRR7632810	8.033382552461815
TRBJ2-1	SRR7632811	3.0204207553723106
TRBJ2-1	SRR7632812	3.0215500860990985
TRBJ2-1	SRR7632813	1.0062092961820608
TRBJ2-1	SRR7632814	8.02848150541309
TRBJ2-1	SRR7632815	6.0472233650799225
TRBJ2-1	SRR7632816	1.07528181517056
TRBJ2-1	SRR7632817	2.083172301718206
TRBJ2-1	SRR7632818	7.03797797520817
TRBJ2-1	SRR7632819	19.046491043375212
TRBJ2-1	SRR7632820	11.075732216983026
TRBJ2-1	SRR7632821	3.0051774106074394
TRBJ2-1	SRR7632822	2.0251669595523794
TRBJ2-1	SRR7632823	4.014718686907205
TRBJ2-1	SRR7632824	7.032020601850886
TRBJ2-1	SRR7632825	2.0056152767867226
TRBJ2-1	SRR7632826	6.003870814608946
TRBJ2-1	SRR7632827	1.0547962882986262
TRBJ2-1	SRR7632828	5.129984908772223
TRBJ2-1	SRR7632829	2.028984111337618
TRBJ2-1	SRR7632830	1.0484469543228638
TRBJ2-1	SRR7632831	8.074229773732682
TRBJ2-1	SRR7632832	1.014555769133056
TRBJ2-1	SRR7632833	2.1034740734830106
TRBJ2-1	SRR7632834	1.0291896194546106
TRBJ2-1	SRR7632835	2.2198200294495303
TRBJ2-1	SRR7632836	3.044811169586195
TRBJ2-1	SRR7632837	8.051600124751884
TRBJ2-1	SRR7632838	2.0503118879419135
TRBJ2-1	SRR7632839	3.034463512569105
TRBJ2-1	SRR7632840	2.0611466901636515
TRBJ2-1	SRR7632841	2.2385121973421565
TRBJ2-1	SRR7632842	9.016756649376227
TRBJ2-1	SRR7632843	5.187576943481323
TRBJ2-1	SRR7632844	3.1188942019486214
TRBJ2-1	SRR7632845	6.03003321685723
TRBJ2-1	SRR7632846	3.1484714994899714
TRBJ2-1	SRR7632847	5.117636266957643
TRBJ2-1	SRR7632848	8.07304197588997
TRBJ2-1	SRR7632849	5.05692330710537
TRBJ2-1	SRR7632850	3.0386569325162585
TRBJ2-1	SRR7632851	2.0202236802499516
TRBJ2-1	SRR7632852	9.011340716156209
TRBJ2-1	SRR7632853	4.020310524015294
TRBJ2-1	SRR7632854	5.033016347186662
TRBJ2-1	SRR7632855	5
TRBJ2-1	SRR7632856	5.0324186631856644
TRBJ2-1	SRR7632857	5.367882272381814
TRBJ2-1	SRR7632858	2.0743159034113763
TRBJ2-1	SRR7632859	3.118893336777196
TRBJ2-1	SRR7632860	1.0753540533674661
TRBJ2-1	SRR7632861	4.2175289953911514
TRBJ2-1	SRR7632862	5.175701244823948
TRBJ2-1	SRR7632863	2.254926380259328
TRBJ2-1	SRR7632864	2.2431051012728194
TRBJ2-1	SRR7632865	5.007317560199026
TRBJ2-1	SRR7632866	4.022653573434566
TRBJ2-1	SRR7632867	5.051452127760787
TRBJ2-1	SRR7632868	4.102514872956979
TRBJ2-1	SRR7632869	4.097764521057394
TRBJ2-1	SRR7632870	9.034189879480238
TRBJ2-1	SRR7632871	2.10197935760659
TRBJ2-1	SRR7632872	1.0322124653187648
TRBJ2-1	SRR7632873	3.012622862248584
TRBJ2-1	SRR7632874	5.013289507199537
TRBJ2-1	SRR7632875	9.014859117320887
TRBJ2-1	SRR7632876	3.042510089765554
TRBJ2-1	SRR7632877	1.0410996360505937
TRBJ2-1	SRR7632878	2.0441604420507766
TRBJ2-1	SRR7632879	3.006799724998818
TRBJ2-1	SRR7632880	7.122789370987046
TRBJ2-1	SRR7632881	1.013756384887805
TRBJ2-1	SRR7632882	4.095523058381347
TRBJ2-1	SRR7632883	5.11239531862455
TRBJ2-1	SRR7632884	1.0337064082418486
TRBJ2-1	SRR7632885	10.049707067986159
TRBJ2-1	SRR7632886	2.0646049752859286
TRBJ2-1	SRR7632887	2.0202148313066726
TRBJ2-1	SRR7632888	1.0379768225769255
TRBJ2-1	SRR7632889	2.0683985579442417
TRBJ2-1	SRR7632890	3.3061909776276486
TRBJ2-1	SRR7632891	1.0470515559564515
TRBJ2-1	SRR7632892	7.040823190007141
TRBJ2-1	SRR7632893	2.076272650542794
TRBJ2-1	SRR7632894	1.0470575746534403
TRBJ2-1	SRR7632895	3.0347751273223693
TRBJ2-1	SRR7632896	5.113241136583642
TRBJ2-1	SRR7632897	3.0122553934395486
TRBJ2-1	SRR7632898	6.022419842145787
TRBJ2-1	SRR7632899	1.0069518863188005
TRBJ2-1	SRR7632900	5.033324066919741
TRBJ2-1	SRR7632901	1.0063609654022492
TRBJ2-1	SRR7632902	1.0438042739415248
TRBJ2-1	SRR7632903	9.039590400607725
TRBJ2-1	SRR7632904	5.2630977171000595
TRBJ2-1	SRR7632905	1.0931759253599354
TRBJ2-1	SRR7632906	7.1155180974282155
TRBJ2-1	SRR7632907	3.083176229724331
TRBJ2-1	SRR7632908	11.04407739606957
TRBJ2-1	SRR7632909	6.020727512816823
TRBJ2-1	SRR7632910	5.190038649051652
TRBJ2-1	SRR7632911	5.064921276618154
TRBJ2-1	SRR7632912	2.0312655175396315
TRBJ2-1	SRR7632913	3.1761673300153026
TRBJ2-1	SRR7632914	4.124689089454086
TRBJ2-1	SRR7632915	2.089913295894524
TRBJ2-1	SRR7632916	6.119307171961641
TRBJ2-1	SRR7632917	1.0523945550985883
TRBJ2-1	SRR7632918	2.051693708425933
TRBJ2-1	SRR7632919	10.08734166859293
TRBJ2-1	SRR7632920	4.04633244719107
TRBJ2-1	SRR7632921	5.060786991265633
TRBJ2-1	SRR7632922	2.0173984165921692
TRBJ2-1	SRR7632923	6.062850263106926
TRBJ2-1	SRR7632924	3.088487228505141
TRBJ2-1	SRR7632925	1.0350871842259233
TRBJ2-1	SRR7632926	1.0184989436426726
TRBJ2-1	SRR7632927	4.082075336921668
TRBJ2-1	SRR7632928	7.023133263407464
TRBJ2-1	SRR7632929	2.0815710665907736
TRBJ2-1	SRR7632930	10.008998949047658
TRBJ2-1	SRR7632931	10.007198511622537
TRBJ2-1	SRR7632932	5.12846314794614
TRBJ2-1	SRR7632933	2.0425554508737638
TRBJ2-1	SRR7632934	9.03949462792281
TRBJ2-1	SRR7632935	5.050559200624879
TRBJ2-1	SRR7632936	2.042105036407143
TRBJ2-1	SRR7632937	6.0868824471611385
TRBJ2-1	SRR7632938	5.133380755266529
TRBJ2-1	SRR7632939	2.056207519960769
TRBJ2-1	SRR7632940	4.026206098566165
TRBJ2-1	SRR7632941	5.107375330956581
TRBJ2-1	SRR7632942	4.1433891709108055
TRBJ2-1	SRR7632943	28
TRBJ2-1	SRR7632944	1.0183845609590005
TRBJ2-1	SRR7632945	15
TRBJ2-1	SRR8928966	11.097922064963948
TRBJ2-1	SRR8928967	2.0348942970967907
TRBJ2-1	SRR8928968	13.108649505964811
TRBJ2-1	SRR8928969	8.067326071217163
TRBJ2-1	SRR8928970	35.34226650832839
TRBJ2-1	SRR8928971	16.125017542532277
TRBJ2-1	SRR8928972	1.0551062717044821
TRBJ2-1	SRR8928973	17.102268542373796
TRBJ2-1	SRR8928974	1.0870766859358787
TRBJ2-1	SRR8928975	1.0434971814877207
TRBJ2-1	SRR8928976	1.0433938336486428
TRBJ2-1	SRR8928977	5.0988606316467
TRBJ2-1	SRR8928978	1.0189094725563004
TRBJ2-1	SRR8928979	10.197172970945955
TRBJ2-1	SRR8928980	21.33640774230277
TRBJ2-1	SRR8928981	12.14185437272781
TRBJ2-1	SRR8928982	3.034475344323509
TRBJ2-1	SRR8928983	23.045559269512953
TRBJ2-1	SRR8928984	7.0395773081300375
TRBJ2-1	SRR8928985	2.0341127344257113
TRBJ2-1	SRR8928986	1.009106991032158
TRBJ2-1	SRR8928987	3
TRBJ2-1	SRR8928988	31
TRBJ2-1	SRR8928989	14.252675079901765
TRBJ2-1	SRR8928990	4.042449113991785
TRBJ2-1	SRR8928991	1.0180115267692265
TRBJ2-1	SRR9835604	3.043302538433576
TRBJ2-1	SRR9835605	8.044985276960563
TRBJ2-1	SRR9835606	10.022055934839067
TRBJ2-1	SRR9835607	16.14797680981495
TRBJ2-1	SRR9835608	2.0299701677070185
TRBJ2-1	SRR9835609	15
TRBJ2-1	SRR9835610	31.145337459084885
TRBJ2-1	SRR9835611	5.00555286848709
TRBJ2-1	SRR9835612	10.02740775394054
TRBJ2-1	SRR9835613	7.041800059420938
TRBJ2-1	SRR9835614	19.193339204484584
TRBJ2-1	SRR9835615	12.476215798591195
TRBJ2-1	SRR9835616	3.022499855507022
TRBJ2-1	SRR9835617	6.14021811610022
TRBJ2-1	SRR9835618	1.005397931987203
TRBJ2-1	SRR9835619	13
TRBJ2-1	SRR9835620	16.078396501512337
TRBJ2-1	SRR9835621	40.26659253535793
TRBJ2-1	SRR9835622	14.038820393068391
TRBJ2-1	SRR9835623	9.001619228079393
TRBJ2-1	SRR9835624	11.244326470389662
TRBJ2-1	SRR9835625	26.082657589809816
TRBJ2-1	SRR9835626	9.06945351933919
TRBJ2-1	SRR9835627	10.02086285416126
TRBJ2-1	SRR9835628	3.0217359023903465
TRBJ2-1	SRR9835629	1.0205101654512299
TRBJ2-1	SRR9835630	2.111478522036065
TRBJ2-1	SRR9835631	4.323270643832535
TRBJ2-1	SRR9835632	12.028096937544815
TRBJ2-1	SRR9835633	17.12870200064543
TRBJ2-1	SRR9835634	24.153323634704424
TRBJ2-1	SRR9835635	6.059356530094701
TRBJ2-1	SRR9835636	16.032843450988054
TRBJ2-1	SRR9835637	18.081386303130003
TRBJ2-1	SRR9835638	3.029726397985824
TRBJ2-1	SRR9835639	18.19047414887845
TRBJ2-1	SRR9835640	6.1003670296625865
TRBJ2-1	SRR9835641	8.031370641441047
TRBJ2-1	SRR9835642	16.09455896806573
TRBJ2-1	SRR9835643	5.019258739227833
TRBJ2-1	SRR9835644	15.049461245490981
TRBJ2-1	SRR9835645	4.118613642487768
TRBJ2-1	SRR9835646	13.122983137558954
TRBJ2-1	SRR9835647	11.026731165716427
TRBJ2-1	SRR9835648	3.0908634454683654
TRBJ2-1	SRR9835649	4.047817538754037
TRBJ2-1	SRR9835650	8.030745113968917
TRBJ2-1	SRR9835651	9.006478660460283
TRBJ2-1	SRR9835652	2.032038832600264
TRBJ2-1	SRR9835653	15.041862619580916
TRBJ2-1	SRR9835654	2.0203514952089034
TRBJ2-1	SRR9835655	11.056864654105128
TRBJ2-1	SRR9835656	6.016212689253365
TRBJ2-1	SRR9835657	29.438448475670956
TRBJ2-1	SRR9835658	17.03419495603052
TRBJ2-1	SRR9835659	7.042325851080517
TRBJ2-1	SRR9835660	8.061169868472959
TRBJ2-1	SRR9835661	5.020272187802134
TRBJ2-1	SRR9835662	2.02461639460896
TRBJ2-1	SRR9835663	9.182766245842142
TRBJ2-1	SRR9835664	7.012080624750691
TRBJ2-1	SRR9835665	8.033526401694184
TRBJ2-1	SRR9835666	18
TRBJ2-1	SRR9835667	9.075982175996092
TRBJ2-1	SRR9835668	18
TRBJ2-1	SRR9835669	5.133043983306142
TRBJ2-1	SRR9835670	3.0418340638944366
TRBJ2-1	SRR9835671	6.081588539082288
TRBJ2-1	SRR9835672	23.041027846208372
TRBJ2-1	SRR9835673	5.114109814418473
TRBJ2-1	SRR9835674	7.003778878644424
TRBJ2-1	SRR9835675	6.032387591923218
TRBJ2-1	SRR9835676	2.1782693507382853
TRBJ2-1	SRR9835677	14.037210620158705
TRBJ2-1	SRR9835678	17.10354552128311
TRBJ2-1	SRR9835679	45.362020074861384
TRBJ2-1	SRR9835680	3.073555520351902
TRBJ2-1	SRR9835681	15.045740710054222
TRBJ2-1	SRR9835682	3.1821160556733066
TRBJ2-1	SRR9835683	8.050754589393327
TRBJ2-1	SRR9835684	5.126505390032588
TRBJ2-1	SRR9835685	10.051251917756963
TRBJ2-1	SRR9835686	6.0812013613275395
TRBJ2-1	SRR9835687	27.126959102764406
TRBJ2-1	SRR9835688	9
TRBJ2-1	SRR9835689	33.24385225325546
TRBJ2-1	SRR9835690	5.010057340008977
TRBJ2-1	SRR9835691	6.054113233509918
TRBJ2-1	SRR9835692	5.091926365957348
TRBJ2-1	SRR9835693	7.028595918025614
TRBJ2-1	SRR9835694	9.093970737897509
TRBJ2-1	SRR9835695	13.068002613848638
TRBJ2-1	SRR9835696	8.079082491062435
TRBJ2-1	SRR9835697	15.077454769718809
TRBJ2-1	SRR9835698	7.007036601309285
TRBJ2-1	SRR9835699	15.024305907861189
TRBJ2-1	SRR9835700	14.031732049994485
TRBJ2-1	SRR9835701	9.025478655537722
TRBJ2-1	SRR9835702	8
TRBJ2-1	SRR9835703	14.01511959455593
TRBJ2-1	SRR9835704	7.03265704726629
TRBJ2-1	SRR9835705	3.011988870595703
TRBJ2-1	SRR9835706	3.237790546546438
TRBJ2-1	SRR9835707	10.01110573697418
TRBJ2-1	SRR9835708	17.01807444913466
TRBJ2-1	SRR9835709	17.00790734348731
TRBJ2-1	SRR9835710	4.058254632568281
TRBJ2-1	SRR9835711	21.009299822522504
TRBJ2-1	SRR9835712	4.010086987785417
TRBJ2-1	SRR9835713	7.0133421978443105
TRBJ2-1	SRR9835714	6.009273667363884
TRBJ2-1	SRR9835715	15.077432472394097
TRBJ2-1	SRR9835716	6.017928346551046
TRBJ2-1	SRR9835717	14.048364196572587
TRBJ2-1	SRR9835718	16.249913608406246
TRBJ2-1	SRR9835719	3.026520975555343
TRBJ2-1	SRR9835720	4.0251977601273214
TRBJ2-1	SRR9835721	8.122272900030735
TRBJ2-1	SRR9835722	5.116071061027327
TRBJ2-1	SRR9835723	19
TRBJ2-1	SRR9835724	7.049404999552535
TRBJ2-1	SRR9835725	5.139308367054505
TRBJ2-1	SRR9835726	12.008638213947044
TRBJ2-1	SRR9835727	5.034548137811633
TRBJ2-1	SRR9835728	9.36900122289229
TRBJ2-1	SRR9835729	6.01946048034647
TRBJ2-1	SRR9835730	15.059280295457626
TRBJ2-1	SRR9835731	6.3068436622176325
TRBJ2-1	SRR9835732	10.047296630084158
TRBJ2-1	SRR9835733	5.022537899614755
TRBJ2-1	SRR9835734	12.03152701778865
TRBJ2-1	SRR9835735	14.02563714030414
TRBJ2-1	SRR9835736	8.098084745027409
TRBJ2-1	SRR9835737	15.032536681856536
TRBJ2-1	SRR9835738	8.01440479696297
TRBJ2-1	SRR9835739	5.138088923714675
TRBJ2-1	SRR9835740	5.151185641451828
TRBJ2-1	SRR9835741	7.037401054629624
TRBJ2-1	SRR9835742	4.075689650307784
TRBJ2-1	SRR9835743	3.103436480987975
TRBJ2-1	SRR9835744	4.023462322487554
TRBJ2-1	SRR9835745	13.29459558542693
TRBJ2-1	SRR9835746	2.0222265218990247
TRBJ2-1	SRR9835747	7.037762833308168
TRBJ2-1	SRR9835748	5.154263829208543
TRBJ2-1	SRR9835749	23
TRBJ2-1	SRR9835750	9.075761872198173
TRBJ2-1	SRR9835751	14.116190445769789
TRBJ2-1	SRR9835752	2.0819420009744323
TRBJ2-1	SRR9835753	11.120885962016674
TRBJ2-1	SRR9835754	15.020481769982156
TRBJ2-1	SRR9835755	8.120078910680746
TRBJ2-1	SRR9835756	1.0468852163311182
TRBJ2-1	SRR9835757	12.048653250725122
TRBJ2-1	SRR9835758	3.0175461969396196
TRBJ2-1	SRR9835759	8.053183613504554
TRBJ2-1	SRR9835760	7
TRBJ2-1	SRR9835761	14.002518799234611
TRBJ2-1	SRR9835762	1.102947594059923
TRBJ2-1	SRR9835763	12.03528717734509
TRBJ2-1	SRR9835764	22.060120876675818
TRBJ2-1	SRR9835765	5.601599616491486
TRBJ2-1	SRR9835766	9.238795559522279
TRBJ2-1	SRR9835767	7.262180431018013
TRBJ2-1	SRR9835768	19
TRBJ2-1	SRR9835769	15
TRBJ2-1	SRR9835770	4.081095030927446
TRBJ2-1	SRR9835771	4.021934620644985
TRBJ2-1	SRR9835772	4.051024635228987
TRBJ2-1	SRR9835773	13
TRBJ2-1	SRR9835774	1.035585837974875
TRBJ2-1	SRR9835775	3.015559052823305
TRBJ2-1	SRR9835776	4.0130963287377925
TRBJ2-1	SRR9835777	21.05138483741471
TRBJ2-1	SRR9835778	6.0256956128669215
TRBJ2-1	SRR9835779	3.0213067936081575
TRBJ2-1	SRR9835780	15.024054249837942
TRBJ2-1	SRR9835781	7.179081702380804
TRBJ2-1	SRR9835782	7.035446193692918
TRBJ2-1	SRR9835783	24
TRBJ2-1	SRR9835784	15.06219340540543
TRBJ2-1	SRR9835785	4.176744361938925
TRBJ2-1	SRR9835786	2.01985968704001
TRBJ2-1	SRR9835787	6.017378244964134
TRBJ2-1	SRR9835788	17.028587763548522
TRBJ2-1	SRR9835789	16
TRBJ2-1	SRR9835790	6.043700739393353
TRBJ2-1	SRR9835791	3.0835968723970537
TRBJ2-1	SRR9835792	21.883736848217854
TRBJ2-1	SRR9835793	5.0102614208982255
TRBJ2-1	SRR9835794	16.0028786276967
TRBJ2-1	SRR9835795	1.0573932890447866
TRBJ2-1	SRR9835796	13.075338522034311
TRBJ2-1	SRR9835797	12
TRBJ2-1	SRR9835798	8.012963150859301
TRBJ2-1	SRR9835799	9.01834981596004
TRBJ2-1	SRR9835800	8.009482590755777
TRBJ2-1	SRR9835801	14.070937753652085
TRBJ2-1	SRR9835802	8.032215856056904
TRBJ2-1	SRR9867812	0.7918933162716487
TRBJ2-1	SRR9867813	0.349588753020824
TRBJ2-1	SRR9867814	1.6512279044263662
TRBJ2-1	SRR9867815	0.734463265728934
TRBJ2-1	SRR9867816	1
TRBJ2-1	SRR9867817	1.0130692804155355
TRBJ2-1	SRR9867818	1
TRBJ2-1	SRR9867819	1.0365871752587312
TRBJ2-1	SRR9867820	1
TRBJ2-1	SRR9867821	1
TRBJ2-1	SRR9867822	1.0102487295503935
TRBJ2-1	SRR9867823	0.9483235914567094
TRBJ2-1	SRR9867824	0.6001457415009043
TRBJ2-1	SRR9867825	0.6019051064125924
TRBJ2-1	SRR9867826	1.0673648766997013
TRBJ2-1	SRR9867827	0.9914184966835375
TRBJ2-1	SRR9867828	1.0107911391691837
TRBJ2-1	SRR9867829	0.6059603796041807
TRBJ2-1	SRR9867830	1
TRBJ2-1	SRR9867831	0.5752023523444669
TRBJ2-1	SRR9879292	30.82459380904568
TRBJ2-1	SRR9879293	26.37844999745945
TRBJ2-1	SRR9879294	11.220756980974542
TRBJ2-1	SRR9879295	8.157783938272102
TRBJ2-1	SRR9879296	18.215554850093472
TRBJ2-1	SRR9879297	22.340858198790635
TRBJ2-1	SRR9879298	16.17046208374821
TRBJ2-1	SRR9879299	19.055350287310972
TRBJ2-1	SRR9879300	18.26389534943331
TRBJ2-1	SRR9879301	26.009356381611667
TRBJ2-1	SRR9879302	38.39297476393312
TRBJ2-1	SRR9879303	24.10024616205815
TRBJ2-1	SRR9879304	20.334119323109014
TRBJ2-1	SRR9879305	23.231855328705397
TRBJ2-1	SRR9879306	27
TRBJ2-1	SRR9879307	31.617993093250366
TRBJ2-1	SRR9879308	22.250462551263627
TRBJ2-1	SRR9879309	13.13853895499155
TRBJ2-1	T50_307	1.0053671982704868
TRBJ2-1	T50_313	1.016019416300132
TRBJ2-1	T50_317	1.0164068767314205
TRBJ2-1	T50_324	1.0105775508373083
TRBJ2-1	T50_427	1.0156539222354464
TRBJ2-1	T50_428	1.0065410016108964
TRBJ2-1	T50_431	1.0047497319970449
TRBJ2-1	T50_436	1.0071833620330328
TRBJ2-1	T50_476	3.0218503696966765
TRBJ2-1	UN_307	1.0128719438885714
TRBJ2-1	UN_313	1.0139486719753832
TRBJ2-1	UN_317	1.007999716801276
TRBJ2-1	UN_323	1.0090464643103707
TRBJ2-1	UN_324	1.0213963291259884
TRBJ2-1	UN_427	1.007704297162079
TRBJ2-1	UN_428	3.029668125283957
TRBJ2-1	UN_431	1.009106991032158
TRBJ2-1	UN_436	1.0071022645360526
TRBJ2-1	UN_476	2.017742330148163
