Gene	sample	counts
XPO6	CM317	1153.1681128532734
XPO6	CMCD140	2864.713625925413
XPO6	CMCD147	1327.622610190069
XPO6	CMCD152	3210
XPO6	CMCD154	2034.9471438590367
XPO6	CMCD159	1137.3605168884176
XPO6	CMCD161	3645.1307533666327
XPO6	CMCD174	1185.5029367653954
XPO6	CMCD196	4971.268545085051
XPO6	CMCD198	1944.7174582154037
XPO6	CMCD203	2622.46756377746
XPO6	CMCD211	3296.2627956689016
XPO6	CMCD227	3387.0952704378374
XPO6	CMCD240	3343.227909958168
XPO6	CMCD259	4174
XPO6	CMCD270	2450.655203301353
XPO6	CMCD275	2467.8951096660026
XPO6	CMCD282	3565.3128091897674
XPO6	CMCD286	2823.741502519493
XPO6	CMCD287	3272
XPO6	CMCD294	1639.5500407824607
XPO6	CMCD327	3128.9970447879577
XPO6	CMCD335	2923.6927962749332
XPO6	CMCD337	1824.0938590028495
XPO6	CMCD357	1870.7476503896
XPO6	CMCD398	1594.5137369566562
XPO6	CMCD403	3483.8390939562078
XPO6	CMCD422	2185.5501884925707
XPO6	CMCD426	895.6937567892214
XPO6	CMCD71	2291.5416028861623
XPO6	CMCD72	946.1836550677875
XPO6	CMCD76	2086.782799405122
XPO6	CMCD88	4003.7201966668677
XPO6	CMSA256	3270
XPO6	CMSA316	1897.3467905646464
XPO6	CMUC110	3620
XPO6	CMUC192	1799.9057587493944
XPO6	CMUC199	1801.3843342896755
XPO6	CMUC200	2953.900139578714
XPO6	CMUC208	2524.1612866957253
XPO6	CMUC231	2671
XPO6	CMUC234	3839
XPO6	CMUC285	2104.155156822573
XPO6	CMUC291	4719.967887906096
XPO6	CMUC295	2671.40181950082
XPO6	CMUC299	2787.1342228872923
XPO6	CMUC301	3052.647051249163
XPO6	CMUC307	1713.717160068483
XPO6	CMUC313	1229.6088449108834
XPO6	CMUC314	1071.684210528411
XPO6	CMUC323	1406.0960371618135
XPO6	CMUC324	1843.6576064145786
XPO6	CMUC331	1731.7142037630838
XPO6	CMUC333	1291.3273075528718
XPO6	CMUC334	1696.086734962777
XPO6	CMUC346	2087.403977941522
XPO6	CMUC352	1837.0545409896886
XPO6	CMUC360	1511.1732927498967
XPO6	CMUC363	1303.496970984497
XPO6	CMUC365	1581.5136678208207
XPO6	CMUC366	2124.0898200326856
XPO6	CMUC368	3059
XPO6	CMUC377	2424.8577736828265
XPO6	CMUC379	1000.1331461339067
XPO6	CMUC380	1601.7488155092508
XPO6	CMUC383	3031.700784196123
XPO6	CMUC394	2564.3972090203038
XPO6	CMUC419	1603.0206305905024
XPO6	CMUC427	4705
XPO6	CMUC428	2372.966364226696
XPO6	CMUC431	2985.5386870540806
XPO6	CMUC435	2225.113005591077
XPO6	CMUC439	1687.793352414133
XPO6	CMUC89	2958
XPO6	CS219	2990.3905061868027
XPO6	CS256	2229.09270590486
XPO6	CS257	960.9070618756989
XPO6	CS259	3495.3941831833254
XPO6	CS261	2443.8655861775355
XPO6	CS266	1634.4618265409367
XPO6	CS270	1910.5359246631485
XPO6	CS277	1047.7125204220556
XPO6	CS288	2311.655033204963
XPO6	CS290	2446.395774665705
XPO6	CS292	2705.2973895999908
XPO6	CS293	2170.971743357244
XPO6	CS301	2032.9567704443425
XPO6	CS306	1906.3109363487442
XPO6	CS308	1258.5829302428097
XPO6	CS315	1383.7126083620428
XPO6	CS317	755.9704143358388
XPO6	CS322	1813.006112411396
XPO6	CS327	2022.5826393758798
XPO6	CS328	844.2469661084442
XPO6	CS330	933.6390837574471
XPO6	CS331	2220.9831374204787
XPO6	CS335	606.7841072654203
XPO6	CS338	1472.029098715055
XPO6	CS339	887.4321186188284
XPO6	CS343	2209.7089749998763
XPO6	CS344	1229.1270823826144
XPO6	CS350	1413.0917046232858
XPO6	CS351	2899.905008705165
XPO6	CS361	1282.0359730871978
XPO6	CS388	1565.8994462876585
XPO6	CS396	1470.865023737512
XPO6	CS405	1111.5037410741918
XPO6	CS415	1012.2848999876775
XPO6	CS424	1256.5601953311875
XPO6	IM293	2720.4325014156516
XPO6	IM296	1329.0332287889692
XPO6	IM297	841.6577339460297
XPO6	IM300	3782
XPO6	IM305	2027.1705214766089
XPO6	IM309	912.2798488647161
XPO6	IM310	2022.4507608740705
XPO6	IM311	1773.859577094607
XPO6	IM316	1644.4848701396422
XPO6	IM320	1414.2731465810734
XPO6	IM330	1491.6374500524382
XPO6	IM332	802.8432958013711
XPO6	IM340	1157.6830408654582
XPO6	IM348	1140.657608977255
XPO6	IM354	1432.3076365576183
XPO6	IM356	994.4895117135394
XPO6	IM364	1321.5853018443454
XPO6	IM372	1201.988842877684
XPO6	IM374	2108.3481241253694
XPO6	IM376	1165.4197555202084
XPO6	IM381	2168.8945043196327
XPO6	IM382	1924.3827219558318
XPO6	IM385	2170
XPO6	IM390	1789.9446106884104
XPO6	IM397	1445.2686811707147
XPO6	IM404	2278.5490746605515
XPO6	IM409	2242.7756489178823
XPO6	IM412	3198
XPO6	IM421	1437.4963262188182
XPO6	IM425	756.9969968846892
XPO6	IM432	1203.5265907880103
XPO6	IM438	3725
XPO6	IM442	1007.1609973627207
XPO6	IM445	1513.2859765337585
XPO6	IM448	2038.8900034908393
XPO6	IM449	1686.1226914781207
XPO6	IM451	1803.3043135883363
XPO6	IMSA256	1821.4359870203573
XPO6	IMSA276	2978
XPO6	IMSA286	3178
XPO6	IMSA343	2294.3721030706956
XPO6	IS_238	2571
XPO6	IS238	8425.255526822397
XPO6	IS243	3274
XPO6	IS253	2826
XPO6	IS283	4506
XPO6	IS322	2530.641868764398
XPO6	IS399	1007.2529602272132
XPO6	IS418	891.1273976679959
XPO6	IS430	964.3470526092401
XPO6	IS437	914.4914300220984
XPO6	IS444	1178.9972849296114
XPO6	R276CMSA	1742.2181683725312
XPO6	R286CMSA	2762
XPO6	R292CMSA	3115.052039565036
XPO6	R292IMSA	1165.1788250883735
XPO6	R308CMSA	1054.2992047220473
XPO6	R316IMSA	1404.3541793276054
XPO6	R347CMSA	993.1887361470372
XPO6	R347IMSA	1068.604716751954
XPO6	R371CMSA	2158.5920239269203
XPO6	SRR10104064	882.674595511648
XPO6	SRR10104065	3678.4504283342467
XPO6	SRR10104066	2280.995431906516
XPO6	SRR10104067	1613.6765054754258
XPO6	SRR10104068	3740.3919071678138
XPO6	SRR10104069	2708.772368894013
XPO6	SRR10104070	1517.6105814173882
XPO6	SRR10104071	661.1686284388079
XPO6	SRR10104072	999.9177827285074
XPO6	SRR10104073	1034.3315940598036
XPO6	SRR10104074	1087.6253752651899
XPO6	SRR10104075	959.6007639334081
XPO6	SRR10104076	1390.6458298844552
XPO6	SRR10104077	1122.8445110257253
XPO6	SRR10104078	1380.5458571423003
XPO6	SRR10104079	1070.9994684525464
XPO6	SRR10104080	935.2307439204146
XPO6	SRR10104081	2189.250747204367
XPO6	SRR10104082	1144.272212336252
XPO6	SRR10104083	1074.1214800924433
XPO6	SRR10104084	889.2731726683326
XPO6	SRR10104085	2088.9372901343486
XPO6	SRR10104086	1625.5437626644016
XPO6	SRR10104087	3930.5760155907733
XPO6	SRR10104088	2748.839692356474
XPO6	SRR10104089	978.1539615337082
XPO6	SRR10104090	1503.830547995419
XPO6	SRR10104091	1186.8558279516906
XPO6	SRR10104092	2135.922147030783
XPO6	SRR10104093	1979.5173299983041
XPO6	SRR10104094	3290.56662628886
XPO6	SRR10104095	1073.4736628091398
XPO6	SRR10104096	923.4495044794684
XPO6	SRR10104097	1143.2095658018518
XPO6	SRR10104098	1586.1484779607363
XPO6	SRR10104099	1398.4519692198
XPO6	SRR10104100	1556.2714446626774
XPO6	SRR10104101	3115.283176252625
XPO6	SRR10104102	2509.9550100630545
XPO6	SRR10104103	1150.2141935437517
XPO6	SRR10104104	1866.518413451259
XPO6	SRR10104105	1233.3552828561735
XPO6	SRR10104106	952.3172713091212
XPO6	SRR10104107	3127.7043316592026
XPO6	SRR10104108	2950.0993323298007
XPO6	SRR10104109	1214.3369792520907
XPO6	SRR10104110	812.5699070261463
XPO6	SRR10104111	2139.283167789211
XPO6	SRR10104112	966.1763815481921
XPO6	SRR10104113	1363.7516099230534
XPO6	SRR10104114	822.717617689374
XPO6	SRR10104115	932.2730845962961
XPO6	SRR10104116	1505.4345258144115
XPO6	SRR10104117	1609.864488661956
XPO6	SRR10104118	1038.9311630253826
XPO6	SRR10104119	834.546779546525
XPO6	SRR10104120	1629.5193683051687
XPO6	SRR10104121	1113.8503216370236
XPO6	SRR10104122	1019.8577339111781
XPO6	SRR10104123	1458.3314734260734
XPO6	SRR10104124	1055.59571493089
XPO6	SRR10104125	1214.6586619660543
XPO6	SRR10104126	1573.0227848402835
XPO6	SRR10104127	788.744679913074
XPO6	SRR10104128	1757.4604651355428
XPO6	SRR10104129	1638.1747221065796
XPO6	SRR10104130	1254.6911367737014
XPO6	SRR10104131	2444.4420009345063
XPO6	SRR10104132	3064.011284339147
XPO6	SRR10104133	926.0736562998204
XPO6	SRR10104134	1096.3673726986347
XPO6	SRR10104135	1051.7624816457007
XPO6	SRR10104136	1894.0897348429683
XPO6	SRR10104137	1047.818538085423
XPO6	SRR10104138	782.7592883356275
XPO6	SRR10104139	2556.779513184732
XPO6	SRR10104140	898.2697921539469
XPO6	SRR10104141	1267.094540004898
XPO6	SRR10104142	1238.0354417507153
XPO6	SRR10104143	3095.154080152292
XPO6	SRR10104144	1435.6455853389527
XPO6	SRR10104145	1400.9216968598698
XPO6	SRR10104146	2543.253600006972
XPO6	SRR10104147	5242.945034592287
XPO6	SRR10104148	1404.8975201537257
XPO6	SRR10104149	1271.1633656948495
XPO6	SRR10104150	2029.3740834545447
XPO6	SRR10104151	3074.370242497378
XPO6	SRR10104152	3659.4626778574366
XPO6	SRR10104153	980.2112527505376
XPO6	SRR10104154	1567.6350561896263
XPO6	SRR10104155	1089.5144752525068
XPO6	SRR10104156	4009.240137475177
XPO6	SRR10104157	1411.4142397195951
XPO6	SRR10104158	1847.2851021456888
XPO6	SRR10104159	2334.210767068499
XPO6	SRR10104160	926.6366224302751
XPO6	SRR10104161	4046.972246284685
XPO6	SRR10104162	2370.5787456585363
XPO6	SRR10104163	2672.56659251498
XPO6	SRR10104164	2007.7496229910646
XPO6	SRR10104165	1831.9676837556087
XPO6	SRR10104166	1749.0654563612572
XPO6	SRR10104167	2395.0241463790057
XPO6	SRR10104168	1498.2295216237806
XPO6	SRR10104169	2877.9580602098654
XPO6	SRR10104170	2115.005635293276
XPO6	SRR10104171	2895.141931498869
XPO6	SRR10104172	1476.9052677981638
XPO6	SRR10104173	1148.876829696108
XPO6	SRR10104174	2393.1537858997563
XPO6	SRR10104175	2939.12828557823
XPO6	SRR10104176	2604.5699765234044
XPO6	SRR10104177	1645.8576130700312
XPO6	SRR10104178	1715.9253370202307
XPO6	SRR10104179	2182.7792343844876
XPO6	SRR10104180	2241.261146081224
XPO6	SRR10104181	1907.2240135817003
XPO6	SRR10104182	2154.8133247311926
XPO6	SRR10104183	1350.5102393437078
XPO6	SRR10104184	2535.1105308374
XPO6	SRR10104185	1451.2141031143888
XPO6	SRR10104186	1937.639466483294
XPO6	SRR10104187	1379.9304430229295
XPO6	SRR10104188	1201.2571399681308
XPO6	SRR10104189	1960.4702464053282
XPO6	SRR10104190	697.5047049896252
XPO6	SRR10104191	1385.4021839594682
XPO6	SRR10104192	2125.2203383506353
XPO6	SRR10104193	1747.6710136460529
XPO6	SRR10104194	1636.1272214379755
XPO6	SRR10104195	1965.1656920052542
XPO6	SRR10104196	1922.8883709951078
XPO6	SRR10104197	3159.643838265212
XPO6	SRR10104198	2172.965925456073
XPO6	SRR10104199	1083.4677569462685
XPO6	SRR10104200	2435.074073153061
XPO6	SRR10104201	3562.275540202136
XPO6	SRR10104202	1296.0241749185504
XPO6	SRR10104203	2690.775289708311
XPO6	SRR10104204	2367.5484682611586
XPO6	SRR10104205	2653.720888432277
XPO6	SRR10104206	2026.1372402300976
XPO6	SRR10104207	1735.2696075432148
XPO6	SRR10104208	2260.288239188845
XPO6	SRR10104209	2243.874772292217
XPO6	SRR10104210	1762.4393663023468
XPO6	SRR10104211	2623.4089811274002
XPO6	SRR10104212	3488.3214328688446
XPO6	SRR10104213	1722.616384803029
XPO6	SRR10104214	4450.683623592415
XPO6	SRR10104215	5723.744713701013
XPO6	SRR10104216	3240.7135598896316
XPO6	SRR10104217	2352.400321077416
XPO6	SRR10104218	2505.14247615154
XPO6	SRR10104219	1282.5788609839146
XPO6	SRR10104220	2840.5666662112094
XPO6	SRR10104221	2878.9639103565437
XPO6	SRR10104222	1638.0815178329842
XPO6	SRR10104223	1101.0960167189628
XPO6	SRR10104224	2861.1431337701515
XPO6	SRR10104225	1925.0782618599144
XPO6	SRR10104226	1804.1847052317166
XPO6	SRR10104227	1247.1752192976744
XPO6	SRR10104228	2074.5698341646626
XPO6	SRR10104229	5516.68997194154
XPO6	SRR10104230	2575.807516443478
XPO6	SRR10104231	3400.7216893517952
XPO6	SRR10104232	1060.0902933626307
XPO6	SRR10104233	2474.2092267180333
XPO6	SRR10104234	2529.9260536713728
XPO6	SRR10104235	1685.3251221499513
XPO6	SRR10104236	5498.703620789449
XPO6	SRR10104237	6252.969289937703
XPO6	SRR10104238	3070.14125079509
XPO6	SRR10104239	3234.735502996386
XPO6	SRR10104240	2005.8716126031945
XPO6	SRR10104241	2700.199378652178
XPO6	SRR10104242	1481.2312650874853
XPO6	SRR10104243	2562.8593384082246
XPO6	SRR10104244	3939.071454189989
XPO6	SRR10104245	3596.3342032283285
XPO6	SRR10104246	2493.7554535733157
XPO6	SRR10104247	2644.8861950796318
XPO6	SRR10104248	1637.4009503521818
XPO6	SRR10104249	6756.759848263763
XPO6	SRR10104250	1900.118381761009
XPO6	SRR10104251	4415.6807111673525
XPO6	SRR10104252	1823.1699210614283
XPO6	SRR10104253	2000.7409563592992
XPO6	SRR10104254	6485.223037851507
XPO6	SRR10104255	7629.147199026453
XPO6	SRR10104256	6982.233099863835
XPO6	SRR10104257	6131.153385637576
XPO6	SRR10104258	5078.302802947491
XPO6	SRR10224277	1422.0974189837295
XPO6	SRR10224278	1471.813081565096
XPO6	SRR10224279	1221.7494210789846
XPO6	SRR10224280	3969.6234672457294
XPO6	SRR10224281	4980.303840069228
XPO6	SRR10224282	1271.3277522720007
XPO6	SRR10224283	6710.055400849788
XPO6	SRR10224284	1209.1385406352204
XPO6	SRR10224285	1198.0756133012524
XPO6	SRR10224286	1854.054732125896
XPO6	SRR10224287	1271.0397592354368
XPO6	SRR10224288	1365.1250900922134
XPO6	SRR10224289	1256.6240186196824
XPO6	SRR10224290	1260.4969960666383
XPO6	SRR10224291	1761.3901405262086
XPO6	SRR10224292	3531.528966481818
XPO6	SRR10224293	1213.2815749947404
XPO6	SRR10224294	2649.048796674596
XPO6	SRR10224295	1344.788713461291
XPO6	SRR10224296	2314.903160119634
XPO6	SRR10224297	1198.7429659646577
XPO6	SRR10224298	2103.7314985551684
XPO6	SRR10318388	1492.2030304221046
XPO6	SRR10318389	2374.3611220375956
XPO6	SRR10318390	145.8070937027626
XPO6	SRR10318391	832.0187657415594
XPO6	SRR10318392	1.0141662120681394
XPO6	SRR10318393	1898.5146365199828
XPO6	SRR10318394	480.4472128261297
XPO6	SRR10318395	567.5719755685288
XPO6	SRR10318396	1487.1741952557875
XPO6	SRR10318397	1722.3810483132486
XPO6	SRR10318398	1983.0955525077081
XPO6	SRR10318399	1.0502301871086661
XPO6	SRR10318400	419.2073681762548
XPO6	SRR10318401	2691.913969291393
XPO6	SRR10318402	2706.61562433374
XPO6	SRR10318403	2472.204604003165
XPO6	SRR10318404	2089.721047269159
XPO6	SRR10318405	1631.1028822817186
XPO6	SRR10318406	1054.9084515116713
XPO6	SRR10318407	2301.7817973039064
XPO6	SRR10318408	3771.6319787462894
XPO6	SRR10318409	2640.365212284746
XPO6	SRR10318410	2736.26145749639
XPO6	SRR10318411	2928.786339445296
XPO6	SRR10318412	1604.908534956005
XPO6	SRR10318413	2888.3448658210546
XPO6	SRR10318414	2640.872194155194
XPO6	SRR10318415	3814.0239554864997
XPO6	SRR10318416	2377.8404927858674
XPO6	SRR10318417	821.97978591152
XPO6	SRR10318418	4153.846724541271
XPO6	SRR10318419	2251.1588640304894
XPO6	SRR10318420	1636.9922205183545
XPO6	SRR10318421	2174.50723925337
XPO6	SRR10318422	2171.683121939347
XPO6	SRR10318423	2623.199872021705
XPO6	SRR10318424	3717.9143675001474
XPO6	SRR10318425	1079.1092571747772
XPO6	SRR10318426	1.095574558517596
XPO6	SRR10318427	1.1082523998937106
XPO6	SRR10318428	3618.0439745960994
XPO6	SRR10318429	1173.7199772989557
XPO6	SRR10318430	1213.6477695574501
XPO6	SRR10318431	4518.650017340993
XPO6	SRR10318432	776.3954647057876
XPO6	SRR10318433	1.275527749073799
XPO6	SRR10318434	2680.4662576075534
XPO6	SRR10318435	1134.8482142337878
XPO6	SRR10318436	9010.502070379225
XPO6	SRR10318437	2924.1034050961052
XPO6	SRR10318438	5332.874202884463
XPO6	SRR10318439	4504.539045258277
XPO6	SRR10318440	328.1732133946394
XPO6	SRR10318441	3459.6863524570963
XPO6	SRR10318442	1.0290972598019128
XPO6	SRR10318443	3243.5224773855794
XPO6	SRR10318444	1090.5047882977929
XPO6	SRR10318445	819.0524355835337
XPO6	SRR10318446	2268.058961594358
XPO6	SRR10318447	2495.5203420805797
XPO6	SRR10318448	1724.2878150570368
XPO6	SRR10318449	3311.947284375298
XPO6	SRR10318450	1352.260218522788
XPO6	SRR10318451	3103
XPO6	SRR10318452	1659.466299664895
XPO6	SRR10318453	205.0457871343889
XPO6	SRR10318454	1776.4758586085943
XPO6	SRR10318455	1617.8931004253968
XPO6	SRR10318456	1604.6675916654287
XPO6	SRR10318457	1421.342787497593
XPO6	SRR10318458	699.0119288850727
XPO6	SRR10318459	1533.1602538907887
XPO6	SRR10318460	2642.645064865269
XPO6	SRR10318461	2700.6630221651026
XPO6	SRR10318462	2152.5707879841448
XPO6	SRR10318463	3124.9654335117916
XPO6	SRR10318464	2220.0904308345375
XPO6	SRR10318465	3072.085047059742
XPO6	SRR10318466	2182.695685045012
XPO6	SRR10318467	2599.3523632808187
XPO6	SRR10318468	601.9162460868307
XPO6	SRR10318469	2214.243028628934
XPO6	SRR10318470	6172
XPO6	SRR10318471	3842
XPO6	SRR10318472	2388.686715261423
XPO6	SRR10318473	3096.188028746088
XPO6	SRR10318474	1787.6230318171868
XPO6	SRR10318475	1812.4040195952728
XPO6	SRR10318476	1532.665261433113
XPO6	SRR10318495	2564.035614365693
XPO6	SRR10318496	1160.2799855674004
XPO6	SRR10318497	1743.0051971892938
XPO6	SRR10318498	2849.6890988688233
XPO6	SRR10318499	1289.5661174829386
XPO6	SRR10318500	4961.754356884737
XPO6	SRR10318501	1391.828743569869
XPO6	SRR10318502	7724.1675633049945
XPO6	SRR10318503	2036.8749554596404
XPO6	SRR10318504	987.692088350744
XPO6	SRR10318505	1518.092014213139
XPO6	SRR10318506	2717.5961364361783
XPO6	SRR10318507	1545.7528007542887
XPO6	SRR10318508	617.6970210991767
XPO6	SRR10318509	1611.2873763400692
XPO6	SRR10318510	1888.218712344302
XPO6	SRR10318511	3062.8545834135384
XPO6	SRR10318512	823.3333694811724
XPO6	SRR10318513	3309.1461381236945
XPO6	SRR10318514	1923.9114271864428
XPO6	SRR10318515	2855.3739303715706
XPO6	SRR10318516	1985.9358900047057
XPO6	SRR10318517	2037.4906974271394
XPO6	SRR10318518	1812.2060471075324
XPO6	SRR10318519	1861.9402689210092
XPO6	SRR10318520	2776.5737778329753
XPO6	SRR10318521	3060.205914783682
XPO6	SRR10318522	1826.546418395595
XPO6	SRR10318523	2772.3540937341822
XPO6	SRR10318524	1775.9784590099343
XPO6	SRR10318525	1565.8548431860324
XPO6	SRR10318526	1699.1982611072322
XPO6	SRR10318527	3972.4290073607667
XPO6	SRR10318528	2282.8742248850976
XPO6	SRR10318529	3272.400367373714
XPO6	SRR10318530	2373.253891116135
XPO6	SRR10318531	1040.3443305337992
XPO6	SRR10318532	2087.6035292175347
XPO6	SRR10318533	945.855643696265
XPO6	SRR10318534	69.2158272795806
XPO6	SRR10318535	656.2084941126501
XPO6	SRR10318536	2849.7669923027074
XPO6	SRR10318537	126.38529406532109
XPO6	SRR10318538	2956.6246894055084
XPO6	SRR10318539	1586.8170754508897
XPO6	SRR10318540	1115.1528186538
XPO6	SRR10318541	1294.50917402298
XPO6	SRR10318542	1659.656347568734
XPO6	SRR10318543	1431.498052411613
XPO6	SRR10318544	2631.6088295442128
XPO6	SRR10318545	682.0177559923299
XPO6	SRR10318546	3341.8060158425483
XPO6	SRR10318547	2297.3150333025715
XPO6	SRR10318548	2943.4414367625604
XPO6	SRR10318549	2179.532027910881
XPO6	SRR10318568	2355.536621900749
XPO6	SRR10318569	3883.4915922304913
XPO6	SRR10318570	1726.7770259055935
XPO6	SRR10318571	2501.24883736701
XPO6	SRR10318572	2759.2487741268706
XPO6	SRR10318573	3130.8315806965834
XPO6	SRR10318574	2347.8245626185167
XPO6	SRR10318575	2604.505762030899
XPO6	SRR10318576	2607.383599488291
XPO6	SRR10318577	2446.3137910871596
XPO6	SRR10318578	3572.2117249151092
XPO6	SRR10318579	4159.136640733876
XPO6	SRR10318580	3687.302891918568
XPO6	SRR10318581	3749
XPO6	SRR10875803	985.8392343325794
XPO6	SRR10875804	1120.9848446585415
XPO6	SRR10875805	911.9482744752918
XPO6	SRR10875806	383.24747720825405
XPO6	SRR10875807	1981.9360496766778
XPO6	SRR10875808	726.096790014591
XPO6	SRR10875809	966.7124102913658
XPO6	SRR10875810	1597.4986124750346
XPO6	SRR10875812	2473
XPO6	SRR10875813	2161.085366371987
XPO6	SRR10875814	404.6407160930666
XPO6	SRR10875815	1359
XPO6	SRR10875816	1639
XPO6	SRR10875817	849.250642464072
XPO6	SRR10875818	1795.2729029393097
XPO6	SRR10875819	1536
XPO6	SRR10875820	835.9139327335033
XPO6	SRR10875821	2406.7205717412953
XPO6	SRR10875822	2196.7020096698334
XPO6	SRR10875823	3611
XPO6	SRR10875824	680.5229165892148
XPO6	SRR10875825	2362.31802691694
XPO6	SRR10875826	2480.46942760256
XPO6	SRR10875827	2270.522573508223
XPO6	SRR10875829	2456.070370743931
XPO6	SRR10875830	3278
XPO6	SRR10875831	1774.4268943339373
XPO6	SRR10875832	3849
XPO6	SRR10875834	675.3042922095683
XPO6	SRR10875835	1472
XPO6	SRR10875836	1063.373487858753
XPO6	SRR10875837	2053.7634342897627
XPO6	SRR10875838	1597
XPO6	SRR10875839	3751.834423870777
XPO6	SRR10875840	975.5778089787893
XPO6	SRR10875841	145.56170482406904
XPO6	SRR10875842	898.8000896322279
XPO6	SRR10875843	0.5519753367303405
XPO6	SRR10875844	4165.310364862201
XPO6	SRR10875845	2994.0839889554295
XPO6	SRR10875846	0.5347302588356578
XPO6	SRR10875847	1622.2105130217212
XPO6	SRR10875848	305
XPO6	SRR10875849	1234.2570156177223
XPO6	SRR10875850	1.0001799142310437
XPO6	SRR10875851	1814.3566491154925
XPO6	SRR10875852	826.4118581050569
XPO6	SRR10875853	2006.5376831492113
XPO6	SRR10875854	2825.3682781579087
XPO6	SRR10875855	2415.6978645262293
XPO6	SRR10875856	1337.3859355861166
XPO6	SRR10875857	912.9614895747253
XPO6	SRR10875858	484.83644823243424
XPO6	SRR10875859	3418
XPO6	SRR10875860	1608.1743413536162
XPO6	SRR10875861	798.6384982632654
XPO6	SRR10875862	1547.3054257121917
XPO6	SRR10875863	1385.5417971134493
XPO6	SRR10875864	5719
XPO6	SRR10875865	1260.3865257928571
XPO6	SRR10875866	1185.2704969687984
XPO6	SRR10875867	2276.611050735756
XPO6	SRR10875868	1098.6708008910507
XPO6	SRR10875869	1762
XPO6	SRR10875870	2057.9001760666692
XPO6	SRR10875871	1631.2934401108323
XPO6	SRR10875872	1781.990120806912
XPO6	SRR10875873	1670.040053864515
XPO6	SRR10875874	862.6023178265131
XPO6	SRR10875875	1646.6916358467452
XPO6	SRR10875876	1550
XPO6	SRR10875877	2993.483573092686
XPO6	SRR10875878	1.0079578989702365
XPO6	SRR10875879	901
XPO6	SRR10875880	1632.592515473254
XPO6	SRR10875881	2884.4857897572692
XPO6	SRR10875882	4808
XPO6	SRR10875883	1113.1828022498291
XPO6	SRR10875884	1527.3198946565317
XPO6	SRR10875885	3087.8743791080233
XPO6	SRR10875886	28.211806111964165
XPO6	SRR10875887	1255
XPO6	SRR10875888	1.0282669362329202
XPO6	SRR10875889	592.3395458247671
XPO6	SRR10875890	640.4483414247483
XPO6	SRR10875891	3051
XPO6	SRR10875892	4276.539844931869
XPO6	SRR10875893	1837
XPO6	SRR10875894	773.1072462804007
XPO6	SRR10875895	2354
XPO6	SRR10875896	1.01011154427121
XPO6	SRR10875897	1.002610457415912
XPO6	SRR10875898	3285.102849705363
XPO6	SRR10875899	1179.5972704687656
XPO6	SRR10875900	1486.6510361060873
XPO6	SRR10875901	7764.140733295868
XPO6	SRR10875902	871.0263515689815
XPO6	SRR12430469	2030
XPO6	SRR12430470	1742.0244890908368
XPO6	SRR12430471	1785.0400579107738
XPO6	SRR12430472	1645.566592358898
XPO6	SRR12430473	1587
XPO6	SRR12430474	1529.8573566114642
XPO6	SRR12430475	1385.1651437800863
XPO6	SRR12430476	1072
XPO6	SRR12765534	4230
XPO6	SRR12765535	3534.369102575674
XPO6	SRR12765536	1744.0361185592162
XPO6	SRR12765537	2906.2656952391712
XPO6	SRR12765538	1.0342968559958656
XPO6	SRR12765539	637.4131175101788
XPO6	SRR12765540	6669.826576142368
XPO6	SRR12765541	1631.681100544099
XPO6	SRR12765542	6478
XPO6	SRR12765543	1363.0136075393114
XPO6	SRR12765544	1416.247004758805
XPO6	SRR12765545	1597.986530321904
XPO6	SRR12765546	162.78076534816418
XPO6	SRR12765547	2075.689837740613
XPO6	SRR12765548	1649.0626707785577
XPO6	SRR12765549	3693.1233516352054
XPO6	SRR12765550	159.13796587342046
XPO6	SRR12765551	2456.562683316171
XPO6	SRR12765552	1.0415854347971876
XPO6	SRR12765553	781.5010808994672
XPO6	SRR12765554	319.90061186499656
XPO6	SRR12765555	661.465584668936
XPO6	SRR12765556	1101.8167301314556
XPO6	SRR12765557	1138.8681142235694
XPO6	SRR12765558	84.13317596883124
XPO6	SRR12765559	2414.5935281149696
XPO6	SRR12765560	679.8829631161304
XPO6	SRR12765561	2281.457118543432
XPO6	SRR12765562	1228.030288517116
XPO6	SRR12765563	3412.7706715326826
XPO6	SRR12765564	2539.364272331707
XPO6	SRR12765565	4506.143598087728
XPO6	SRR12765566	1946.9335494185575
XPO6	SRR12765567	1173.3899393414483
XPO6	SRR12765568	1751.0339019301264
XPO6	SRR12765569	1508.1584898808665
XPO6	SRR12765570	2123.1300900351835
XPO6	SRR12765571	1406.5635623355079
XPO6	SRR12765572	3376.2318700568594
XPO6	SRR12765573	1107.0043888845764
XPO6	SRR12765574	2161.9422682006734
XPO6	SRR12765575	1562.964486527689
XPO6	SRR12765576	581.1424877026892
XPO6	SRR12765577	774.044419784932
XPO6	SRR12765578	549.2150827594535
XPO6	SRR12765579	1739.7483318316738
XPO6	SRR12765580	807.1158416540646
XPO6	SRR12765581	1324.192051709302
XPO6	SRR12765582	3584.5997241840787
XPO6	SRR12765583	1509.306365631524
XPO6	SRR12765584	1091.5053597698288
XPO6	SRR12765585	2008.1594846080386
XPO6	SRR12765586	2452.9586554717143
XPO6	SRR12765587	2613.5647778627954
XPO6	SRR12765588	2424.8470641600443
XPO6	SRR12765589	1823.9102300372363
XPO6	SRR12765590	269.7084731933863
XPO6	SRR12765591	452.3787270890065
XPO6	SRR12765592	861.0066394783582
XPO6	SRR12765593	1441.0506792215704
XPO6	SRR12765594	605.778852725289
XPO6	SRR12765595	1225.554065840475
XPO6	SRR12765596	2439.841323823267
XPO6	SRR12765597	5902.329245577246
XPO6	SRR12765598	2573.4769342355203
XPO6	SRR12765599	3270.0851730619424
XPO6	SRR12765600	1.0430935413616602
XPO6	SRR12765601	1489.2903829897225
XPO6	SRR12765602	1524.1041420599208
XPO6	SRR12765603	1804.929269500263
XPO6	SRR12765604	1708.8363149861482
XPO6	SRR12765605	1833.216831798022
XPO6	SRR12765606	1312.2281082010857
XPO6	SRR12765607	1912.6539858615724
XPO6	SRR12765608	1161.223013930036
XPO6	SRR12765609	2445.8103308349396
XPO6	SRR12765610	1217.578122404755
XPO6	SRR12765611	2081.5132859267324
XPO6	SRR12765612	2128.6661383545397
XPO6	SRR12765613	2573.4418681794064
XPO6	SRR12765614	2571.9672722570267
XPO6	SRR12765615	1193.8637366693783
XPO6	SRR12765616	2422.8891055273193
XPO6	SRR12765617	1104.313524295878
XPO6	SRR12765618	1107.504998448557
XPO6	SRR12765619	731.6724494260748
XPO6	SRR12765620	1960.912181724196
XPO6	SRR12765621	2072.4220581914474
XPO6	SRR12765622	5570.0393403486505
XPO6	SRR12765623	4673
XPO6	SRR12765624	2973.7871996202125
XPO6	SRR12765625	1665.8068449118362
XPO6	SRR12765626	4928.329828468099
XPO6	SRR12765627	3874.0902597301733
XPO6	SRR12765628	1.0416404899160054
XPO6	SRR12765629	273.6081583899072
XPO6	SRR12765630	3617.231876567821
XPO6	SRR12765631	7853.305594256633
XPO6	SRR12765632	2305.0800651690156
XPO6	SRR12765633	1845.4096025249403
XPO6	SRR12765634	1602.7122474663659
XPO6	SRR12765635	1333.2481185037213
XPO6	SRR12765636	1557.8061711333091
XPO6	SRR12765637	1185.848871818268
XPO6	SRR12765638	4444
XPO6	SRR12765639	1092.0814380398763
XPO6	SRR12765640	1886.5362432466525
XPO6	SRR12765641	1238.2188870530026
XPO6	SRR12765642	2409.882340435474
XPO6	SRR12765643	2653.068798275563
XPO6	SRR12765644	2245.0255304693096
XPO6	SRR12765645	1246.110039321804
XPO6	SRR12765646	2715.417980160678
XPO6	SRR12765647	906.8106528699868
XPO6	SRR12765648	737.6800219501354
XPO6	SRR12765649	1.0495385478573618
XPO6	SRR12765650	1508.22753478028
XPO6	SRR12765651	27.763565858848057
XPO6	SRR12765652	2106.4733326743035
XPO6	SRR12774664	1957.3493116289249
XPO6	SRR12774665	1094.6411968828354
XPO6	SRR12774666	1769.7210355004065
XPO6	SRR12774667	58.876553297425296
XPO6	SRR12774668	1660.1823155699444
XPO6	SRR12774669	1358.8425626674937
XPO6	SRR12774670	1231.658685390632
XPO6	SRR12774671	620.6916094617125
XPO6	SRR12774672	2402.790898957814
XPO6	SRR12774673	366.18254897815865
XPO6	SRR12774674	4167.427227025186
XPO6	SRR12774675	1997.9131907730844
XPO6	SRR12774676	3658.8265885353294
XPO6	SRR12774677	1824.8116046819089
XPO6	SRR12774678	154.4949369657198
XPO6	SRR12774679	1.023414658310555
XPO6	SRR12774680	3429.1496744611736
XPO6	SRR12774681	3941.108281404618
XPO6	SRR12774682	3471.5920651875463
XPO6	SRR12774683	4928.974894786341
XPO6	SRR12774684	4424.276425681573
XPO6	SRR12774685	2084.2887973328957
XPO6	SRR12774686	2918.070444711088
XPO6	SRR12774687	4701.545755740301
XPO6	SRR1609360	136.44962225001365
XPO6	SRR1609361	818.0745277830831
XPO6	SRR1609362	163.4805200952201
XPO6	SRR1609363	1362.0506115729495
XPO6	SRR1609364	1131.8153756375689
XPO6	SRR1609365	966.9461857765457
XPO6	SRR1609366	1958.2078911732167
XPO6	SRR1609367	3210.7503203234533
XPO6	SRR1609368	1366.6823857536074
XPO6	SRR1609369	2821.5368037365347
XPO6	SRR1609370	3359.9953150002702
XPO6	SRR1609371	385.4056538904673
XPO6	SRR1609372	3602.970597845905
XPO6	SRR1609373	1360.207694923439
XPO6	SRR1609374	2157.6538451900974
XPO6	SRR1609375	1157.6645353915403
XPO6	SRR1609376	1480.6959581907659
XPO6	SRR1609377	1489.9747776202853
XPO6	SRR1609378	1036.0927777928598
XPO6	SRR1609379	2523.6128540304376
XPO6	SRR1609380	1336.043153257034
XPO6	SRR1609381	3320.388466156358
XPO6	SRR1609382	1200.2185149376844
XPO6	SRR1609383	1.010526926308581
XPO6	SRR1609384	1696.5968799596285
XPO6	SRR1609385	1561.6055558594383
XPO6	SRR1609386	1422.6059760207077
XPO6	SRR1609387	1505.3647073753834
XPO6	SRR1609388	955.2940845483461
XPO6	SRR1609389	2956.477486953939
XPO6	SRR1609390	1261.38517972187
XPO6	SRR1609391	1.0643168557255298
XPO6	SRR1609392	807.5571325416116
XPO6	SRR1609393	183.9481869262611
XPO6	SRR1609394	769.2501834171571
XPO6	SRR1609395	1908.6727569588938
XPO6	SRR1609396	2544.8926676297156
XPO6	SRR1609397	1047.4184193309773
XPO6	SRR1609398	1538.2248167033922
XPO6	SRR1609399	3230.44713143447
XPO6	SRR1609400	3814.4460829684385
XPO6	SRR1609401	1021.9194873343275
XPO6	SRR1609402	1613.2173526954775
XPO6	SRR1609403	1886.1236812930176
XPO6	SRR1609404	931.238349794578
XPO6	SRR1609405	942.3909322991985
XPO6	SRR1609406	1255.1223073241927
XPO6	SRR1609407	1066.5794118494132
XPO6	SRR1609408	1022.997914753715
XPO6	SRR1609409	968.3194467363637
XPO6	SRR1609410	2066
XPO6	SRR1609411	514.0990912890439
XPO6	SRR1609412	3337
XPO6	SRR1609413	5627.182581056548
XPO6	SRR1609414	1971.2491936541671
XPO6	SRR1609415	3400.6117083855484
XPO6	SRR1609416	3351.087580322274
XPO6	SRR1609417	3476.6287941356354
XPO6	SRR1609418	2334.389412657655
XPO6	SRR1609419	2423.8340458027265
XPO6	SRR1609420	1571.4715522395193
XPO6	SRR1609421	2063.3111269673077
XPO6	SRR1609422	1356.678994896328
XPO6	SRR1609423	53.7699816728679
XPO6	SRR1609424	200.75587816954587
XPO6	SRR1609425	1807.9800785293555
XPO6	SRR1609426	2143.1875904948856
XPO6	SRR1609427	3148.6712204458613
XPO6	SRR1609428	1816.7143131507091
XPO6	SRR1609429	2149.7711065702106
XPO6	SRR1609430	6144.558594401408
XPO6	SRR1609431	1519.437621454784
XPO6	SRR1609432	1866.8810193277131
XPO6	SRR1609433	1722.5032256056875
XPO6	SRR1609434	939.1378040660538
XPO6	SRR1609435	2114.710982704583
XPO6	SRR1609436	2543.2997983375762
XPO6	SRR1609437	952.6557563098094
XPO6	SRR1609438	321.13644640642553
XPO6	SRR1609439	1693.0931712258323
XPO6	SRR1609440	2956.6078564717404
XPO6	SRR1609441	2410.4511128740523
XPO6	SRR1609442	1472.8328996830614
XPO6	SRR1609443	1613.2561283335103
XPO6	SRR1609444	2353.269703224527
XPO6	SRR1609445	2623.2261408061
XPO6	SRR1609446	1137.8579171332071
XPO6	SRR1609447	1.2343308859580486
XPO6	SRR1609448	1331.7283408926103
XPO6	SRR1609449	3582.9527079086865
XPO6	SRR1609450	1935.0286171385392
XPO6	SRR1609451	2153.973519214534
XPO6	SRR1609452	1.2640053263343127
XPO6	SRR1609453	2567.720632395764
XPO6	SRR1609454	1284.7293136543797
XPO6	SRR1609455	1.252344349611058
XPO6	SRR1609456	1807.8073175775037
XPO6	SRR1609457	2093.926820478055
XPO6	SRR1609458	1.240929610314354
XPO6	SRR1609459	3545.8242131137363
XPO6	SRR1609460	1269.4430068846357
XPO6	SRR1609461	4594.839295696374
XPO6	SRR1609462	3510.081378047885
XPO6	SRR1609463	1480.7150273213622
XPO6	SRR1609464	5035.201214471396
XPO6	SRR1609465	1020.3757045659111
XPO6	SRR1609466	1.1216427607845454
XPO6	SRR1609467	2471.6802508921046
XPO6	SRR1609468	3058.2688781948373
XPO6	SRR1609469	3567.641754062133
XPO6	SRR1609470	2358.3881867171744
XPO6	SRR1609471	1991.2607681285701
XPO6	SRR1609472	80.46503223916174
XPO6	SRR1609473	516.3515929312478
XPO6	SRR1609474	2488.434596317083
XPO6	SRR1609475	678.7269337021472
XPO6	SRR1609476	5628.942097064272
XPO6	SRR1609477	2318.205323208843
XPO6	SRR1609478	751.0872943100989
XPO6	SRR1609479	1171.3406371689575
XPO6	SRR1609480	3604
XPO6	SRR1609481	2045.4985586127939
XPO6	SRR1609482	4063.018322384572
XPO6	SRR1609483	2362.8504661858333
XPO6	SRR1609484	1557.4684290243918
XPO6	SRR1609485	5796.211291393499
XPO6	SRR1609486	4147.535055750509
XPO6	SRR1609487	1658.6018714080337
XPO6	SRR1609488	3104.4646835816297
XPO6	SRR1609489	1863.1253989065494
XPO6	SRR1609490	1176.4885624210283
XPO6	SRR1609491	1987.1035093112353
XPO6	SRR1609492	3830
XPO6	SRR1609493	2100.5537700895097
XPO6	SRR1609494	1919.4116187416034
XPO6	SRR1609495	3545.0168757736064
XPO6	SRR1609496	3368.0281463545366
XPO6	SRR1609497	2788.5071072046776
XPO6	SRR1609498	3601.2954989923846
XPO6	SRR1609499	2065.3629697220395
XPO6	SRR1609500	2885.9720399866774
XPO6	SRR1609501	2431.13378982416
XPO6	SRR1609502	1687.86388389402
XPO6	SRR1609503	1.2577312251671255
XPO6	SRR1609504	3681
XPO6	SRR1609505	4896
XPO6	SRR1609506	990.417074087542
XPO6	SRR1609507	2852.4807093152017
XPO6	SRR1609508	3275.7674355259783
XPO6	SRR1609509	1566.9993650281212
XPO6	SRR1609510	1965.1343740701416
XPO6	SRR1609511	1282.3735867513578
XPO6	SRR1609512	4616.614624974386
XPO6	SRR1609513	5478.805655523295
XPO6	SRR1609514	1.049805218598925
XPO6	SRR1609515	1978.9121546646993
XPO6	SRR1609516	2672.1878633562314
XPO6	SRR1609517	1005.6341562626669
XPO6	SRR1609518	2941.759096759221
XPO6	SRR1609519	4008.906665750324
XPO6	SRR1609520	79.87347148926001
XPO6	SRR1609521	3585.007006545478
XPO6	SRR1609522	2654.407332888633
XPO6	SRR1609523	2673.7569342519623
XPO6	SRR1609524	1103.3373019679127
XPO6	SRR1609525	2986.477792066534
XPO6	SRR1609526	13168.906589580736
XPO6	SRR1609527	3370
XPO6	SRR1609528	1500.2372827819447
XPO6	SRR1609529	1268.3359456035528
XPO6	SRR1609530	2907.155158098249
XPO6	SRR1609531	1984.596173222823
XPO6	SRR1609532	4139.333035774532
XPO6	SRR1609533	583.8174306016859
XPO6	SRR1609534	4561.00380185641
XPO6	SRR1609535	511.95196993230724
XPO6	SRR1609536	1529.9236581480668
XPO6	SRR1609537	1425.5054294373467
XPO6	SRR1609538	1961
XPO6	SRR1609539	2391.8352436336286
XPO6	SRR1609540	3941
XPO6	SRR1609541	1.1005986779971142
XPO6	SRR1609542	1835.343228459937
XPO6	SRR1609543	2473.148952406999
XPO6	SRR1609544	3047.9902577634793
XPO6	SRR1609545	861.4312701695513
XPO6	SRR1609546	3762
XPO6	SRR1609547	2447.7035876800387
XPO6	SRR1609548	1273.1076915246733
XPO6	SRR1609549	997.7180514233088
XPO6	SRR1609550	3707
XPO6	SRR1609551	2042.7101815783767
XPO6	SRR1609552	4290.514180799759
XPO6	SRR1609553	2564.7989118832834
XPO6	SRR1609554	1801.4472913836635
XPO6	SRR1609555	1918.8070797937287
XPO6	SRR1609556	1955.2166202505703
XPO6	SRR1609557	1875.825819328645
XPO6	SRR1609558	2135.2284687038614
XPO6	SRR1609559	608.0289522810506
XPO6	SRR1609560	1315.6908566299453
XPO6	SRR1609561	2744.1448219473514
XPO6	SRR1609562	2126.1351058829887
XPO6	SRR1609563	2200.809474269799
XPO6	SRR1609564	3128.9942795381367
XPO6	SRR1609565	731.1799202386215
XPO6	SRR1609566	2686.047365602526
XPO6	SRR1609567	1.258890072207468
XPO6	SRR1609568	2893
XPO6	SRR1609569	5573
XPO6	SRR1609570	1989.3813140063407
XPO6	SRR1609571	2811.369713005969
XPO6	SRR1609572	1281.106316539888
XPO6	SRR1609573	4041.9339285732535
XPO6	SRR1609574	2684.0029944945286
XPO6	SRR1609575	1.0736998596975067
XPO6	SRR1609576	1561.2619570210609
XPO6	SRR1609577	2779.7227048792024
XPO6	SRR1609578	2579.5933349559373
XPO6	SRR1609579	2992.295972205241
XPO6	SRR1609580	2229.201807393145
XPO6	SRR1609581	450.2178851789129
XPO6	SRR1609582	1534.8557036062796
XPO6	SRR1609583	531.5938655813621
XPO6	SRR1609584	5281.908336665668
XPO6	SRR1609585	3179.858966112441
XPO6	SRR1609586	1.0786248766862927
XPO6	SRR1609587	1801.8029355161227
XPO6	SRR1609588	949.1269703862665
XPO6	SRR1609589	2194.8181462519574
XPO6	SRR1609590	5095.833131074224
XPO6	SRR1609591	3485.374161508773
XPO6	SRR1609592	1953.4425448348225
XPO6	SRR1609593	1934.754142985107
XPO6	SRR1609594	526.1575122160383
XPO6	SRR1609595	783.1550021575306
XPO6	SRR1609596	1703.463700268576
XPO6	SRR1609597	1873.9026615984797
XPO6	SRR1609598	814.1386340921653
XPO6	SRR1609599	1165.5614413306218
XPO6	SRR1609600	958.0647992784865
XPO6	SRR1609601	401.0656963378085
XPO6	SRR1609602	1.1633952247111359
XPO6	SRR1609603	3488
XPO6	SRR1609604	1732.2158950020103
XPO6	SRR1609605	1452.170606392129
XPO6	SRR1609606	1737.9416748144865
XPO6	SRR1609607	2050.3366441035896
XPO6	SRR1609608	1494.245661821222
XPO6	SRR1609609	700.5140069399107
XPO6	SRR1609610	2380
XPO6	SRR1609611	1000.1014463101974
XPO6	SRR1609612	4050.4616437182162
XPO6	SRR1609613	2034.8294863413887
XPO6	SRR1609614	2151.2673335011586
XPO6	SRR1609615	1852.9088782331553
XPO6	SRR1609616	5717
XPO6	SRR1609617	5935
XPO6	SRR1609618	1872.0268880238145
XPO6	SRR1609619	3010.9876982019396
XPO6	SRR1609620	842.6809798693598
XPO6	SRR1609621	1216.5670281887944
XPO6	SRR1609622	681.0170753855407
XPO6	SRR1609623	1269.1715558426367
XPO6	SRR1609624	1.2336696420287332
XPO6	SRR1609625	2269.671812480897
XPO6	SRR1609626	2508.807210536919
XPO6	SRR1609627	1214.7392113986996
XPO6	SRR1609628	2032.895423685548
XPO6	SRR1609629	1707.9350653603576
XPO6	SRR1609630	1211.4286589892158
XPO6	SRR1609631	2796
XPO6	SRR1609632	3551
XPO6	SRR1609633	2348.5779766737787
XPO6	SRR1609634	1506.5527659029278
XPO6	SRR1609635	2337.6745012755973
XPO6	SRR1609636	490.13103819062843
XPO6	SRR1609637	3157.0154854275006
XPO6	SRR1609638	867.1458115569977
XPO6	SRR1609639	1761.7927539032783
XPO6	SRR1609640	3239.5827421943504
XPO6	SRR1609641	2152.613690821005
XPO6	SRR1609642	2970
XPO6	SRR1609643	1176.2664372079253
XPO6	SRR1609644	3189.440787732514
XPO6	SRR1609645	2198.0765871705134
XPO6	SRR1609646	6640.896442243255
XPO6	SRR1609647	961.0416976101992
XPO6	SRR1609648	1802.5661240752834
XPO6	SRR1609649	1799.8994499399132
XPO6	SRR1609650	2224.6108489836047
XPO6	SRR1609651	1983.829715473143
XPO6	SRR1609652	3454.4064872978884
XPO6	SRR1609653	175.54017032116298
XPO6	SRR1609654	995.8092813279857
XPO6	SRR1609655	2620.908670354712
XPO6	SRR1609656	1348.4854372865336
XPO6	SRR1609657	1442.8973540362083
XPO6	SRR1609658	1182.6005327460734
XPO6	SRR1609659	1803.4317386073913
XPO6	SRR1609660	2983.7357826134066
XPO6	SRR1609661	2313.4300899364384
XPO6	SRR1609662	1820.5508607880774
XPO6	SRR1609663	3324.8488272950567
XPO6	SRR1609664	1430.4451150655864
XPO6	SRR1609665	2452
XPO6	SRR1609666	668.0987154980005
XPO6	SRR1609667	2880.5817018824337
XPO6	SRR1609668	1.126374524616663
XPO6	SRR1609669	715.8704575439664
XPO6	SRR1746771	1034.5750578318093
XPO6	SRR1746772	716.8509241328784
XPO6	SRR1746773	815.6602675607904
XPO6	SRR1746774	1064.5129001669397
XPO6	SRR1746775	2239.7539705439967
XPO6	SRR1746776	1366.4616244886633
XPO6	SRR1746777	1516.498394816071
XPO6	SRR1746778	3157.9256785801826
XPO6	SRR1746779	955.6541306413343
XPO6	SRR1746780	641.8100197045366
XPO6	SRR1746781	855.29147647888
XPO6	SRR1746782	1891.6034189758711
XPO6	SRR1746783	1321
XPO6	SRR1746784	984
XPO6	SRR1782685	1772.5495094110574
XPO6	SRR1782686	2687.3120432943465
XPO6	SRR1782687	1835.564019499851
XPO6	SRR1782688	1138.9768583382804
XPO6	SRR1782689	2023.2208580173603
XPO6	SRR1782690	1529.3803993447693
XPO6	SRR1782691	3615.4983640299197
XPO6	SRR1782692	1540.8299022411761
XPO6	SRR1782693	1646.9419613284056
XPO6	SRR1782694	1515.2803978368179
XPO6	SRR1782695	3351.4107815423877
XPO6	SRR1782696	2017.851685636777
XPO6	SRR1782697	1366.0433282520612
XPO6	SRR1782698	3391.1636533427377
XPO6	SRR1782699	819.9825443270427
XPO6	SRR1782700	1486.44604511615
XPO6	SRR1782701	2884.2788386860348
XPO6	SRR1782702	1033.0774276538523
XPO6	SRR1782703	3261.8295954612913
XPO6	SRR1782704	1371.5996272407574
XPO6	SRR1782705	2844.3671105573717
XPO6	SRR1782706	2520.4856395964584
XPO6	SRR1782707	3540.750570719608
XPO6	SRR1782708	552.1923259089249
XPO6	SRR1782709	547.1209569132819
XPO6	SRR1782710	3367
XPO6	SRR1782711	5063.300451348522
XPO6	SRR1782712	966.5814830362592
XPO6	SRR1782713	715.5335461011504
XPO6	SRR1782714	120.69323015750167
XPO6	SRR1782715	2987.4647648483174
XPO6	SRR1782716	974.5562454469757
XPO6	SRR1782717	3632.9953528279543
XPO6	SRR1782718	1002.5132012484914
XPO6	SRR1782719	1595.7438659093038
XPO6	SRR1782720	1071.720877293952
XPO6	SRR1782721	1.1217593509927906
XPO6	SRR1782722	2852.5647004785824
XPO6	SRR1782723	3844.6945816984885
XPO6	SRR1782724	1172.4143586507741
XPO6	SRR1782725	203.12886171008884
XPO6	SRR1782726	1539.7373941499177
XPO6	SRR1782727	3859
XPO6	SRR1782728	422.5781937416398
XPO6	SRR1782729	5608.92427019021
XPO6	SRR1782730	4589.600530598262
XPO6	SRR1782731	737.4908746617964
XPO6	SRR1782732	239.70319250836903
XPO6	SRR1782733	1304.8251509130625
XPO6	SRR1782734	1601.0915600432436
XPO6	SRR1782735	2148.0532800633446
XPO6	SRR1782736	1309.0550660640515
XPO6	SRR1782737	2301.856971512017
XPO6	SRR1782738	175.33338255117832
XPO6	SRR1782739	1.0105217483060531
XPO6	SRR1782740	2185.0088129700807
XPO6	SRR1782741	92.81184882437172
XPO6	SRR1782742	3736
XPO6	SRR1782743	1968.0106827012069
XPO6	SRR1782744	1929.7144972225628
XPO6	SRR1782745	1055.8734398721099
XPO6	SRR1782746	4072.0335476198775
XPO6	SRR1782747	1553.7503941854893
XPO6	SRR1782748	1083.036953617588
XPO6	SRR1782749	990.7885864356679
XPO6	SRR1782750	2183.0714166428643
XPO6	SRR1782751	843.1932533278294
XPO6	SRR1782752	1515.3240597803242
XPO6	SRR1782753	3210.4096916691087
XPO6	SRR1782754	1755.9170250931677
XPO6	SRR1782755	1246.4309127941044
XPO6	SRR1782756	222.72092986578355
XPO6	SRR1782757	1899.7901724406167
XPO6	SRR1782758	2004.6029998403626
XPO6	SRR1782759	2168.6594473568216
XPO6	SRR1782760	1234.7043560315294
XPO6	SRR1782761	1.1238501762695376
XPO6	SRR1782762	1.0649255307900556
XPO6	SRR1782763	1401.7105417940586
XPO6	SRR1782764	2577.1298031064316
XPO6	SRR1782765	1919.3219904140685
XPO6	SRR1782766	1057.3484556546402
XPO6	SRR1782767	1731.0310165488236
XPO6	SRR1782768	1192.8999881473476
XPO6	SRR1782769	1167.0896447970233
XPO6	SRR1782770	1572.4218339068163
XPO6	SRR1782771	1456.8819192749204
XPO6	SRR1782772	1525.291392350362
XPO6	SRR1782773	1646.2374264194361
XPO6	SRR1782774	2190.5769801878246
XPO6	SRR1782775	1218.245030037556
XPO6	SRR1782776	1005.080764197936
XPO6	SRR1782777	3430.6171058124796
XPO6	SRR1782778	2065.832474062253
XPO6	SRR1782779	438.1107760058589
XPO6	SRR1782780	1722.3499318162542
XPO6	SRR1782781	1032.2529675990957
XPO6	SRR1782782	13183.34009301733
XPO6	SRR1782783	2425.508925616867
XPO6	SRR1782784	2231.6147784161662
XPO6	SRR1782785	3222.476426776824
XPO6	SRR1782786	2370.7458839995393
XPO6	SRR1782787	3400
XPO6	SRR1782788	3485.189695728376
XPO6	SRR1782789	1035.6896256662603
XPO6	SRR1782790	1968.1127331673495
XPO6	SRR1782791	3079.416432034639
XPO6	SRR1782792	1765.133591131124
XPO6	SRR1782793	1318.6820590329523
XPO6	SRR1782794	3023.7840786144193
XPO6	SRR1782795	1201.2289432991429
XPO6	SRR1782796	119.88860839205842
XPO6	SRR1782797	563.1116823174906
XPO6	SRR1782798	1314.385138984213
XPO6	SRR1782799	2972.809328968801
XPO6	SRR1782800	2611.6941632103076
XPO6	SRR1782801	1991.1338560477395
XPO6	SRR1782802	1394.3311187726204
XPO6	SRR1782803	2465.111907059414
XPO6	SRR1782804	3241.8983281631436
XPO6	SRR1782805	2555.593329631567
XPO6	SRR1782806	3404.231698143064
XPO6	SRR1782807	1047.092164852813
XPO6	SRR1782808	673.5985256635144
XPO6	SRR1782809	1554.0829336488036
XPO6	SRR1782810	1203.0328751570914
XPO6	SRR1782811	2177.842354705304
XPO6	SRR1782812	1091.8496835303577
XPO6	SRR1782813	1638.2834095492012
XPO6	SRR1782814	1247.2196797373674
XPO6	SRR1782815	216.74915153759468
XPO6	SRR1782816	2385.2869780983297
XPO6	SRR1782817	4645.62212173997
XPO6	SRR1782818	984.6615356576674
XPO6	SRR1782819	851.2391529031117
XPO6	SRR1782820	568.7979335591973
XPO6	SRR1782821	3356.1465715560894
XPO6	SRR1782822	1591.6825201500474
XPO6	SRR1782823	4092.806785785959
XPO6	SRR1782824	2351.4662611845024
XPO6	SRR1782825	1952.3523894199338
XPO6	SRR1782826	3507.2134200483824
XPO6	SRR1782827	1315.6085819489888
XPO6	SRR1782828	2920
XPO6	SRR1782829	3634
XPO6	SRR1782830	718.2894367192565
XPO6	SRR1782831	1.0739194225513655
XPO6	SRR1782832	358.4226984057665
XPO6	SRR1782833	787.9662683378042
XPO6	SRR1782834	3597.647151489064
XPO6	SRR1782835	1.115615765911128
XPO6	SRR1782836	4710.248825287478
XPO6	SRR1782837	574.7266100971696
XPO6	SRR1782838	1478.553164423293
XPO6	SRR1782839	1286.0594711591318
XPO6	SRR1782840	1250.6466226553616
XPO6	SRR1782841	1727.9866128289834
XPO6	SRR1782842	3534
XPO6	SRR1782843	902.9274824433539
XPO6	SRR1782844	2185.6231015073868
XPO6	SRR1782845	1304.5676063234735
XPO6	SRR1782846	1249.9617256146462
XPO6	SRR1782847	1.2341754014728283
XPO6	SRR1782848	1.2339624247168026
XPO6	SRR1782849	1.2407817669595906
XPO6	SRR1782850	1.2523904174212142
XPO6	SRR1782851	1.2640085575608608
XPO6	SRR1782852	1.264344673893091
XPO6	SRR1782853	1.2591344565382891
XPO6	SRR1782854	2717.86948863767
XPO6	SRR1782855	4079.8174763337743
XPO6	SRR1782856	2480.184067525914
XPO6	SRR1782857	1506.809224148107
XPO6	SRR1782858	3159.4083886013227
XPO6	SRR1782859	1841.979904303782
XPO6	SRR1782860	2442.52364327404
XPO6	SRR1782861	2599.856039940282
XPO6	SRR1782862	1605.540990915755
XPO6	SRR1782863	2987.920546290924
XPO6	SRR1782864	1296.9171137129565
XPO6	SRR1782865	6170.312307575728
XPO6	SRR1782866	2655.339085146496
XPO6	SRR1782867	1391.330562714217
XPO6	SRR1782868	3042.1110458539415
XPO6	SRR1782869	2576.0171046427004
XPO6	SRR1782870	3613.0278565480994
XPO6	SRR1782871	3180.020392451391
XPO6	SRR1782872	3381.371456681247
XPO6	SRR1782873	2176.1184181911053
XPO6	SRR1782874	2095.5380687582174
XPO6	SRR1782875	1892.7658988220944
XPO6	SRR1782876	3014.9600785876182
XPO6	SRR1782877	2711.251407949857
XPO6	SRR1782878	2541.3105510762243
XPO6	SRR1782879	1383.1812094552017
XPO6	SRR1782880	2703.40955479746
XPO6	SRR1782881	2810.6912086500315
XPO6	SRR1782882	1836.4590044663976
XPO6	SRR1782883	4038.381665183285
XPO6	SRR1782884	4149.985222769867
XPO6	SRR1782885	3518
XPO6	SRR1782886	3017.719967086717
XPO6	SRR1782887	2159.0070713682676
XPO6	SRR1782888	1905.237667687167
XPO6	SRR1782889	1546.7106872726713
XPO6	SRR1782890	2345.6198214943693
XPO6	SRR1782891	2067.487212501216
XPO6	SRR1782892	2918.4141595263545
XPO6	SRR1782893	1594.2270723260478
XPO6	SRR1782894	1564.9345507093692
XPO6	SRR1782895	2018.4609304138771
XPO6	SRR1782896	1896.088817124709
XPO6	SRR1782897	2597.271783438806
XPO6	SRR1782898	1868.2248957992656
XPO6	SRR1782899	1459.5150522390459
XPO6	SRR1782900	3398.666501679813
XPO6	SRR1782901	5822.847415688016
XPO6	SRR1782902	2412
XPO6	SRR1782903	1736.4207458514015
XPO6	SRR1782904	3001
XPO6	SRR1782905	2024.2761760497428
XPO6	SRR1782906	1909.1829129469147
XPO6	SRR1782907	2390.6756726714634
XPO6	SRR1782908	2298.087463645678
XPO6	SRR1782909	2134.347903293564
XPO6	SRR1782910	2924
XPO6	SRR1782911	1986.8912889566022
XPO6	SRR1782912	5659.141495710905
XPO6	SRR1782913	3971
XPO6	SRR1782914	2776.7743507112173
XPO6	SRR1782915	5599
XPO6	SRR1782916	1498.1087104732908
XPO6	SRR1782917	2724.797973687674
XPO6	SRR1782918	3798.097410124657
XPO6	SRR1782919	2843
XPO6	SRR1782920	2821.0433583899007
XPO6	SRR1782921	2098.3686816613676
XPO6	SRR1782922	1.1868611598736958
XPO6	SRR1782923	1594.9432919060002
XPO6	SRR1782924	2603.432648937453
XPO6	SRR1782925	2029.183864236227
XPO6	SRR1782926	1114.222202382135
XPO6	SRR1782927	2207.4118938090237
XPO6	SRR1782928	1345.749294720295
XPO6	SRR1782929	1043.070024161904
XPO6	SRR1782930	2232.5457713975143
XPO6	SRR1782931	2041.5639138596348
XPO6	SRR1782932	2025.5702797645395
XPO6	SRR1782933	251.43433176030823
XPO6	SRR1782934	1473.7031047147384
XPO6	SRR1782935	1612.306231482281
XPO6	SRR1782936	1304.0107296213837
XPO6	SRR1782937	1837.5185603401883
XPO6	SRR1782938	1.258100037900621
XPO6	SRR1782939	2704.8976207470455
XPO6	SRR1782940	2227.9371203070523
XPO6	SRR1782941	2262.793694355094
XPO6	SRR1782942	1692.7894916639927
XPO6	SRR1782943	4320.291777808352
XPO6	SRR1782944	2464.2437664914655
XPO6	SRR1782945	2716.5397092645144
XPO6	SRR1782946	2505.402771042163
XPO6	SRR1782947	5308.35847447259
XPO6	SRR1782948	1994
XPO6	SRR1782949	6666.769617193257
XPO6	SRR1782950	2484
XPO6	SRR1782951	5505.45200857383
XPO6	SRR1782952	881.5846332187481
XPO6	SRR1782953	2011.8273047530536
XPO6	SRR1782954	1.1264165338665522
XPO6	SRR1782955	527.4696028252202
XPO6	SRR1782956	1808.2210043693426
XPO6	SRR1782957	751.5822230001521
XPO6	SRR1782958	1795.9088675524679
XPO6	SRR1782959	554.7019667017146
XPO6	SRR1782960	4924
XPO6	SRR1782961	1957.1291436229412
XPO6	SRR1782962	1464.8088677715004
XPO6	SRR1782963	2652.383797165784
XPO6	SRR1782964	2382.995193849733
XPO6	SRR1782965	2913.152555533949
XPO6	SRR1782966	3780
XPO6	SRR1782967	1793.3809038857073
XPO6	SRR1782968	2583.78740525349
XPO6	SRR1782969	1210.8744224857264
XPO6	SRR1782970	878.1212535126841
XPO6	SRR1782971	704.8713987621197
XPO6	SRR1782972	1943.0689788446641
XPO6	SRR1782973	214.55618231971755
XPO6	SRR1782974	4019
XPO6	SRR1782975	952.7607303299679
XPO6	SRR1782976	1156.390784593367
XPO6	SRR1782977	3271.176744918083
XPO6	SRR1782978	1223.4166330338026
XPO6	SRR1782979	2147.1727619615617
XPO6	SRR1782980	3089.5012990307223
XPO6	SRR1782981	1413.456027413664
XPO6	SRR1782982	2127.4057030152944
XPO6	SRR1782983	3220.2338209159957
XPO6	SRR1782984	5122.842847316667
XPO6	SRR1782985	2329.8915956586043
XPO6	SRR1782986	2803.5609399173745
XPO6	SRR1782987	1934.4936087068686
XPO6	SRR1782988	3581
XPO6	SRR1782989	176.37516356164699
XPO6	SRR1782990	799.0128033461151
XPO6	SRR1782991	3188.3591958797515
XPO6	SRR1782992	2462.009579080501
XPO6	SRR1782993	996.9344161159532
XPO6	SRR1782994	3711
XPO6	SRR1782995	1833.437274093173
XPO6	SRR1782996	2827
XPO6	SRR1782997	2234.0557298978406
XPO6	SRR1782998	2380.8002620296947
XPO6	SRR1782999	876.9523500047533
XPO6	SRR1783000	1786.0422657847764
XPO6	SRR1783001	1743.0161225561046
XPO6	SRR1783002	188.2006589961023
XPO6	SRR1783003	4553
XPO6	SRR1783004	1854.545319619996
XPO6	SRR1783005	1319.1468031352883
XPO6	SRR1783006	756.9958859425739
XPO6	SRR1813867	1208.740461311135
XPO6	SRR1813868	1174.0396329045539
XPO6	SRR1813869	1269.296264798193
XPO6	SRR1813870	1257.0759171740208
XPO6	SRR1813871	1597.3914501987072
XPO6	SRR1813872	1755.996192533435
XPO6	SRR1813873	1451.2887956097047
XPO6	SRR1813874	1440.537909846017
XPO6	SRR1813875	2143
XPO6	SRR1813876	2382.785416420051
XPO6	SRR1813877	1950.062573112792
XPO6	SRR1813878	2252.6203849662334
XPO6	SRR1813879	1721
XPO6	SRR1813880	1985
XPO6	SRR1813881	1189.7708050677938
XPO6	SRR1813882	1494.0081421973287
XPO6	SRR1813883	2234.9720287800196
XPO6	SRR1813884	1115.078831190796
XPO6	SRR1813885	1799
XPO6	SRR1813886	2217.7910762540005
XPO6	SRR1813887	1246.770834932468
XPO6	SRR1928188	1618.1221820817186
XPO6	SRR1928189	4241.729251547276
XPO6	SRR1928190	1724.9775381335626
XPO6	SRR1928191	2072.0439740018196
XPO6	SRR1928192	618.8251085831964
XPO6	SRR1928193	34.51731726305639
XPO6	SRR2046996	735.2249836315962
XPO6	SRR2046997	2740.7913317770094
XPO6	SRR2046998	1501.4607139820228
XPO6	SRR2046999	1157.734131540103
XPO6	SRR2047000	617.4463513557063
XPO6	SRR2047001	1338.3362585189045
XPO6	SRR2047002	1630.8551410608554
XPO6	SRR2047003	1191.3751678571175
XPO6	SRR2047004	1808.0389452453658
XPO6	SRR2047005	2284.2098369605455
XPO6	SRR2047006	2745.6482576976327
XPO6	SRR2047007	2540.5770959608235
XPO6	SRR2047008	1323.2264419705562
XPO6	SRR2047009	1530.6059688143575
XPO6	SRR2313973	2005.7195247719358
XPO6	SRR2313974	2204.6833727163485
XPO6	SRR2313975	5644.342702642874
XPO6	SRR2313976	1907.0220167660086
XPO6	SRR2313977	2102.2594893603764
XPO6	SRR2313978	717.9679985335512
XPO6	SRR2313979	9718.1670123699
XPO6	SRR2313980	2049.0042171037
XPO6	SRR2313981	2004.189877738409
XPO6	SRR2313982	3957.209477278199
XPO6	SRR2313983	4007.313788812952
XPO6	SRR2313984	2460.392436528745
XPO6	SRR2313985	2061.5423791115663
XPO6	SRR2313986	1770.002664567473
XPO6	SRR2313987	2974.00517404604
XPO6	SRR2313988	8362.759453413297
XPO6	SRR2313989	1461.628041503578
XPO6	SRR2313990	1378.4612101598505
XPO6	SRR2313991	1789.6587138505654
XPO6	SRR2313992	1012.3269566022466
XPO6	SRR2313993	1626.9145532777502
XPO6	SRR2313994	1394.2251947799728
XPO6	SRR2313995	1446.166947088061
XPO6	SRR2313996	2128.6166309188934
XPO6	SRR2313997	1765.41773707628
XPO6	SRR2313998	1168.3282013277449
XPO6	SRR2313999	2029.9626187686333
XPO6	SRR2314000	2223.234499883844
XPO6	SRR2314001	1493.7950402234594
XPO6	SRR2314002	3104.4526672779425
XPO6	SRR2314003	719.512491464479
XPO6	SRR2314004	1466.641923774539
XPO6	SRR2314005	2228.1252776811184
XPO6	SRR2314006	820.4848239453312
XPO6	SRR2314007	2477.9270422206855
XPO6	SRR2314008	4142.452849238192
XPO6	SRR2314009	1714.0976852097003
XPO6	SRR2314010	1803.892483883501
XPO6	SRR2314011	2611.647249178492
XPO6	SRR2314012	1948.336533354518
XPO6	SRR2314013	1761.90331925327
XPO6	SRR2314014	1328.2991882232388
XPO6	SRR2314015	1465.3807899070332
XPO6	SRR2314016	2837.2383601183824
XPO6	SRR2314017	1344.1497983404158
XPO6	SRR2314018	810.545079721706
XPO6	SRR2314019	3069.338397974646
XPO6	SRR2314020	2361.8079593791117
XPO6	SRR2314021	2543.858940680489
XPO6	SRR2314022	1543.810883360579
XPO6	SRR2314023	2497.5572345397254
XPO6	SRR2314024	1553.3943551137177
XPO6	SRR2314025	1941.662759658617
XPO6	SRR2314026	1476.8431423284824
XPO6	SRR2314027	1292.726911883509
XPO6	SRR2314028	2597.4657145118085
XPO6	SRR2314029	3594.3963015029753
XPO6	SRR2314030	2545.1006661270476
XPO6	SRR2314031	883.3338865557027
XPO6	SRR2314032	3024.9543415574635
XPO6	SRR2314033	1517.534990005963
XPO6	SRR2314034	773.3770435131519
XPO6	SRR2314035	733.16891704778
XPO6	SRR2314036	1041.9515966346587
XPO6	SRR2314037	1098.073017644381
XPO6	SRR2314038	2120.2350123131623
XPO6	SRR2314039	1087.08993267543
XPO6	SRR2314040	1399.3232370170626
XPO6	SRR2314041	1366.3638873830212
XPO6	SRR2314042	2571.4537301870473
XPO6	SRR2314043	755.9213486885791
XPO6	SRR2314044	1816.6987751713389
XPO6	SRR2314045	4131.223267570382
XPO6	SRR3493774	2027
XPO6	SRR3493775	2101
XPO6	SRR3493776	2601.514722997896
XPO6	SRR3493777	1730.2446226595366
XPO6	SRR3493778	3008
XPO6	SRR3493779	1160.1316092522827
XPO6	SRR3493780	1.0498945968332396
XPO6	SRR3493781	1451
XPO6	SRR3493782	822.9645192051009
XPO6	SRR3493783	1019.8008332273008
XPO6	SRR3493784	206.20359130558904
XPO6	SRR3493785	1538.383138468625
XPO6	SRR3493786	1.0407280627260045
XPO6	SRR3493787	2391
XPO6	SRR3493788	2187
XPO6	SRR3493789	199.58266441564425
XPO6	SRR3493790	2181
XPO6	SRR3493791	2051.012268401889
XPO6	SRR3493792	1904.3698767617689
XPO6	SRR3493793	788.6689850653365
XPO6	SRR3493794	2448.6459125227134
XPO6	SRR3493795	1385.1309448180862
XPO6	SRR3493796	1600.305975929639
XPO6	SRR3493797	2713
XPO6	SRR3493798	869.6223318537287
XPO6	SRR3493799	2077
XPO6	SRR3493800	1533.0385564508233
XPO6	SRR3493801	1235.2781426630834
XPO6	SRR3493802	2597
XPO6	SRR3493803	1404
XPO6	SRR3493804	2276.637661394127
XPO6	SRR3493805	3394.1245816506657
XPO6	SRR3493806	2686
XPO6	SRR3493807	2618
XPO6	SRR3493808	1279.6641864763928
XPO6	SRR3493809	762.5685460806574
XPO6	SRR3493810	3900
XPO6	SRR3493811	4910
XPO6	SRR3493812	1821.3101291153018
XPO6	SRR3493813	1788.402260450299
XPO6	SRR3493814	2515
XPO6	SRR3493815	2987.8982141672523
XPO6	SRR3493816	2444
XPO6	SRR3493817	2646.6878635901926
XPO6	SRR3493818	588.1023517456484
XPO6	SRR3493819	4257
XPO6	SRR3493820	1.1220654621967874
XPO6	SRR3493821	882.2056355482382
XPO6	SRR3493822	2958
XPO6	SRR3493823	2345.172049598441
XPO6	SRR3493824	2030.452994893789
XPO6	SRR3493825	2931.8593044644495
XPO6	SRR3493826	2073.4915316081897
XPO6	SRR3493827	2098
XPO6	SRR3493828	1738
XPO6	SRR3493829	2127.0916604438016
XPO6	SRR3493830	2202.921812698111
XPO6	SRR3493831	2063.343502959572
XPO6	SRR3493832	2394.4307146691185
XPO6	SRR3493833	3027.996805310877
XPO6	SRR3493834	3652
XPO6	SRR3493835	1856.7312734195618
XPO6	SRR3493836	3203
XPO6	SRR3493837	1387.07804294989
XPO6	SRR3493838	2352
XPO6	SRR3493839	212.75983894188542
XPO6	SRR3493840	693.317270846204
XPO6	SRR3493841	5785.652938831073
XPO6	SRR3493846	149.33492643476768
XPO6	SRR3493847	1.0367010057374855
XPO6	SRR3493848	1587.571099139143
XPO6	SRR3493849	3391.4340572455753
XPO6	SRR3493850	4352
XPO6	SRR3714631	437
XPO6	SRR3714632	46.258665342523244
XPO6	SRR3714633	917.5257380830258
XPO6	SRR3714634	221.46766635323277
XPO6	SRR3714635	1747
XPO6	SRR3714636	905
XPO6	SRR3714637	1447
XPO6	SRR3714638	2367
XPO6	SRR3714639	1355.6138573809117
XPO6	SRR3714640	1538.1696750976687
XPO6	SRR3714641	2091.0861332502336
XPO6	SRR3714642	1809.5865059921564
XPO6	SRR3714643	1322.6388529225515
XPO6	SRR3714644	1865.6778228970006
XPO6	SRR3714645	1173.639077732037
XPO6	SRR3714646	2666.959388976027
XPO6	SRR3714648	2313.6888125102987
XPO6	SRR3714649	4083.5571697240734
XPO6	SRR3714650	2383.2996575781663
XPO6	SRR3714651	1725.8640360404402
XPO6	SRR3714652	1546.3386421878408
XPO6	SRR3714653	2206
XPO6	SRR3714654	2991
XPO6	SRR3714655	1371.0281066513799
XPO6	SRR3714656	1226.9785057238903
XPO6	SRR3714657	1495.0030257938758
XPO6	SRR3714658	1380.0033805870128
XPO6	SRR3714659	1189.7050388193686
XPO6	SRR3714660	2448
XPO6	SRR3714661	2509
XPO6	SRR3714662	1.0110175749796777
XPO6	SRR3714663	2343.7575370638915
XPO6	SRR3714664	1945.4550819842575
XPO6	SRR3714665	1458
XPO6	SRR3714666	2593
XPO6	SRR3714667	1812.0646029423328
XPO6	SRR3714668	1767
XPO6	SRR3714669	2046.7156633450654
XPO6	SRR3714670	2128.3038953976225
XPO6	SRR3714671	2007.5264595436888
XPO6	SRR3714672	665.8237583077218
XPO6	SRR3714673	2392.946824466445
XPO6	SRR3714674	1842.1630560930753
XPO6	SRR3714675	1420.3375321769333
XPO6	SRR3714676	7531
XPO6	SRR3714677	1579.7383550261393
XPO6	SRR3714678	2479.455499821149
XPO6	SRR3714679	1570.540777568423
XPO6	SRR3714680	609.0492885497744
XPO6	SRR3714681	754.6772615088305
XPO6	SRR3714682	1127.3931802757993
XPO6	SRR3714683	1887.9305617239813
XPO6	SRR3714684	2019.573322290671
XPO6	SRR3714685	1566.7470501645153
XPO6	SRR3714686	961.399015282199
XPO6	SRR3714688	1.00746468119409
XPO6	SRR3714689	3161.7487801289976
XPO6	SRR3714690	1931.948997942095
XPO6	SRR3714691	3025
XPO6	SRR3714692	1564.4911252942916
XPO6	SRR3714693	1916.9283897699652
XPO6	SRR3714694	2885.0157230026166
XPO6	SRR3714695	1297.7629259645003
XPO6	SRR3714696	1768
XPO6	SRR3714697	298.7261406943648
XPO6	SRR3714698	285.72614260500967
XPO6	SRR3714699	1502.3709591297952
XPO6	SRR3714700	1497.0901421900019
XPO6	SRR3714701	2344.3037238353977
XPO6	SRR3714702	960.0139635913592
XPO6	SRR3714703	2320.4645042996553
XPO6	SRR3714704	1821.6308812935933
XPO6	SRR3714705	3013.01816515583
XPO6	SRR3714706	1.0350850727752356
XPO6	SRR3714707	1526.097773022437
XPO6	SRR3714708	113.5825743077197
XPO6	SRR3714709	3975.636139393141
XPO6	SRR3714710	1027.3628084110576
XPO6	SRR3714711	1536.4767491773132
XPO6	SRR3714712	975
XPO6	SRR3714713	985
XPO6	SRR3714714	2270
XPO6	SRR3714715	2241.7640258838487
XPO6	SRR3714716	1216
XPO6	SRR3714717	1112
XPO6	SRR3714718	2337
XPO6	SRR3714719	1367.7800305539074
XPO6	SRR3714720	1383.022192191386
XPO6	SRR3714721	1745.704555799362
XPO6	SRR3714723	1286.3273170839182
XPO6	SRR3714724	2194.4411037911213
XPO6	SRR3714725	568.9849419830515
XPO6	SRR3714726	2072.0055880413734
XPO6	SRR3714727	1096.8568727736797
XPO6	SRR3714728	1320.8456443776859
XPO6	SRR3714729	1.0262266652006342
XPO6	SRR3714730	2694.3273184475956
XPO6	SRR3714731	3730.6710800817928
XPO6	SRR3714732	3255.4844433207895
XPO6	SRR3714734	1723.0137052346076
XPO6	SRR3714735	2468.573090439273
XPO6	SRR3714736	2147.8831884657825
XPO6	SRR3714737	984
XPO6	SRR3714738	2351.840405109529
XPO6	SRR3714739	1724.4633704567088
XPO6	SRR3714740	2156.925477820698
XPO6	SRR3714741	1639.7689925630439
XPO6	SRR3714744	2271.801888645296
XPO6	SRR3714745	353.8307012780939
XPO6	SRR3714746	1.008549757583579
XPO6	SRR3714747	2249.7682212410427
XPO6	SRR3714748	1992.6603179453202
XPO6	SRR3714749	1.020881906329865
XPO6	SRR3714750	2332.43707101203
XPO6	SRR3714751	813.8780164552836
XPO6	SRR3714752	374
XPO6	SRR3714753	1443.3219789353655
XPO6	SRR3714754	2726
XPO6	SRR3714755	1297.7543745078449
XPO6	SRR3714756	1.0216801788447836
XPO6	SRR3714757	2872.392844397762
XPO6	SRR3714758	2505.31176696219
XPO6	SRR3714759	2882.7038031101306
XPO6	SRR3714760	1018.9160930130515
XPO6	SRR3714761	869.3127190623284
XPO6	SRR3714762	1368.427431592583
XPO6	SRR3714764	1966
XPO6	SRR3714765	2539.645369244733
XPO6	SRR3714766	1633
XPO6	SRR3714767	1287.398543884981
XPO6	SRR3714768	2489
XPO6	SRR5176628	2653.2770020099997
XPO6	SRR5176629	1903.9211495862228
XPO6	SRR5176630	2612.908961023973
XPO6	SRR5176631	1288.4954871694974
XPO6	SRR5176632	2713.717923743095
XPO6	SRR5176633	2851.494149164734
XPO6	SRR5176634	1054.389501175139
XPO6	SRR5176635	1722.6018691042264
XPO6	SRR5176636	2609.819235149677
XPO6	SRR5176637	160.6275868286935
XPO6	SRR5176638	1.1227010298695481
XPO6	SRR5176639	2713
XPO6	SRR5176640	367.5576755356413
XPO6	SRR5176641	1471.5535066969169
XPO6	SRR5176642	2375.5191930126944
XPO6	SRR5176643	2743.726975884592
XPO6	SRR5176644	3208.577164853188
XPO6	SRR5176645	764.5596242354843
XPO6	SRR5176646	434.9726849643975
XPO6	SRR5176647	1645.5907843128311
XPO6	SRR5176648	3131.811532831838
XPO6	SRR5176649	2185.763077976127
XPO6	SRR5176650	444.4600485432265
XPO6	SRR5176651	1556.3573581679861
XPO6	SRR5176652	2242.4315972605373
XPO6	SRR5176653	2758.4335180226676
XPO6	SRR5176654	1139.2242099907655
XPO6	SRR5176655	1824.2958649818459
XPO6	SRR5176656	1.0701102907311268
XPO6	SRR5176657	1.080336199131198
XPO6	SRR5176658	2908.7945418555396
XPO6	SRR5176659	1821.928895101861
XPO6	SRR5176660	2996.4438262907747
XPO6	SRR5176661	1905.5136080693878
XPO6	SRR5176662	5524.3113160718085
XPO6	SRR5176663	1696.849812692962
XPO6	SRR5176664	1749
XPO6	SRR5176665	1489.1897728423999
XPO6	SRR5176666	1623.2692108452038
XPO6	SRR5176667	1.0787114326524636
XPO6	SRR5176668	3178.7385246696713
XPO6	SRR5176669	1670.8611002060165
XPO6	SRR5176670	1872.134641499468
XPO6	SRR5176671	2862.1443131154006
XPO6	SRR5176672	1592.8303363500856
XPO6	SRR5176673	1991.4936428274789
XPO6	SRR5176674	3168.4012016315965
XPO6	SRR5176675	3036.8166767115595
XPO6	SRR5176676	876.8466732457375
XPO6	SRR5176677	4385.306725614179
XPO6	SRR5176678	13128.976710485804
XPO6	SRR5176679	2304.6621244848866
XPO6	SRR5176680	2283.4627951311627
XPO6	SRR5176681	3413.787056308195
XPO6	SRR5176682	1316.9709610164252
XPO6	SRR5176683	1343.1151436034613
XPO6	SRR5176684	1621.2978266283303
XPO6	SRR5176685	2759.2201468936546
XPO6	SRR5176686	1775.7042175961578
XPO6	SRR5176687	5990.985310705833
XPO6	SRR5176688	2266.710522043192
XPO6	SRR5176689	1883.0234810577347
XPO6	SRR5176690	723.0060686103866
XPO6	SRR5176691	3127.907787680035
XPO6	SRR5176692	1109.7534886516012
XPO6	SRR5176693	2794.498368197899
XPO6	SRR5176694	3644
XPO6	SRR5176695	1943.505074468903
XPO6	SRR5176696	1.1278931940525754
XPO6	SRR5176697	550.7823119845829
XPO6	SRR5176698	1.1648237836443878
XPO6	SRR5176699	1276.143690347354
XPO6	SRR5176700	1.0890144202015308
XPO6	SRR5176701	78.59969219031179
XPO6	SRR5176702	3575
XPO6	SRR5176703	957.1354928024932
XPO6	SRR5176704	2086.072814171591
XPO6	SRR5176705	3396.2671077945265
XPO6	SRR5176706	2128.4990694544163
XPO6	SRR5176707	771.878801059925
XPO6	SRR5176708	1233.065989643873
XPO6	SRR5176709	1395.6782050402965
XPO6	SRR5176710	3177
XPO6	SRR5176711	3825.2772159099395
XPO6	SRR5176712	947.9935132456853
XPO6	SRR5176713	2021.6762218119284
XPO6	SRR5176714	270.3675151793405
XPO6	SRR5176715	1916.4117923025537
XPO6	SRR5176716	1594.1515129476134
XPO6	SRR5176717	1753.4255758984675
XPO6	SRR5176718	1253.9465157912439
XPO6	SRR5176719	1723.0248863032946
XPO6	SRR5176720	3361
XPO6	SRR5176721	3493
XPO6	SRR5176722	1135.0754386908416
XPO6	SRR5176723	1585.0898255499808
XPO6	SRR5176724	2708.653525589545
XPO6	SRR5176725	771.3698251163328
XPO6	SRR5176726	3144
XPO6	SRR5176727	3081.9870181659253
XPO6	SRR5176728	517.4987402032469
XPO6	SRR5176729	2061.985638404973
XPO6	SRR5176730	1146.4513654060393
XPO6	SRR5176731	1442.6687899112542
XPO6	SRR5176732	4725
XPO6	SRR5176733	1766.9959717243055
XPO6	SRR5176734	1.0810259196769214
XPO6	SRR5176735	2204.148763805087
XPO6	SRR5176736	2363.633204720966
XPO6	SRR5176737	1487.3359936160114
XPO6	SRR5176738	1397.2854803325206
XPO6	SRR5176739	1515.94773106118
XPO6	SRR5176740	3320.768168454403
XPO6	SRR5176741	442.41820640251916
XPO6	SRR5176742	1282.4146426780474
XPO6	SRR5176743	1047.2631847635846
XPO6	SRR5176744	4872.519508792533
XPO6	SRR5176745	1287.7041320226638
XPO6	SRR5176746	5115.56859879799
XPO6	SRR5176747	2595
XPO6	SRR5176748	2994.76889800258
XPO6	SRR5176749	709.4248761323059
XPO6	SRR5176750	738.7955972624906
XPO6	SRR5176751	1639.9397880891704
XPO6	SRR5176752	2962.3834094288895
XPO6	SRR5176753	3392.890619016399
XPO6	SRR5176754	2151.259407588371
XPO6	SRR5176755	4927.658711046256
XPO6	SRR5176756	585.4183483009035
XPO6	SRR5176757	1.0557664435713157
XPO6	SRR5176758	1542.3140089323942
XPO6	SRR5176759	634.9372343199444
XPO6	SRR5176760	1839.6230749402494
XPO6	SRR5176761	2788.2126859722084
XPO6	SRR5176762	1.074382806129656
XPO6	SRR5176763	2560.4283295443047
XPO6	SRR5176764	1943.3979509570968
XPO6	SRR5176765	1941.3446072524057
XPO6	SRR5176766	1985.6198218531847
XPO6	SRR5176767	5637.6614483676985
XPO6	SRR5176768	1038.5452539462499
XPO6	SRR5176769	2543.4895645692586
XPO6	SRR5176770	1779.1560053451703
XPO6	SRR5176771	3355.1897643250963
XPO6	SRR5176772	2111.1584946420417
XPO6	SRR5176773	2418.0069721156415
XPO6	SRR5176774	1546.5194849335985
XPO6	SRR5176775	1556.7941748292158
XPO6	SRR5176776	1209.9310404500293
XPO6	SRR5176777	907.9947217075285
XPO6	SRR5176778	1320.5625324787218
XPO6	SRR5176779	2156.0955590420713
XPO6	SRR5176780	3158.6990570827097
XPO6	SRR5176781	1758.1420555423945
XPO6	SRR5176782	3958.290497411473
XPO6	SRR5176783	1339.3440135005644
XPO6	SRR5176784	3355.549930326946
XPO6	SRR5176785	2127.7507319788797
XPO6	SRR5176786	3415
XPO6	SRR5176787	3287.0415317662814
XPO6	SRR5176788	2451.901666396103
XPO6	SRR5176789	612.5423448068564
XPO6	SRR5176790	1601.9598373508431
XPO6	SRR5176791	1588.8483270758777
XPO6	SRR5176792	3297
XPO6	SRR5176793	1094.9824438801866
XPO6	SRR5176794	2469.0796314506138
XPO6	SRR5176795	2141.9748550587433
XPO6	SRR5176796	761.8713537666192
XPO6	SRR5176797	1851.8661756604324
XPO6	SRR5176798	1606.4299249165617
XPO6	SRR5176799	5778
XPO6	SRR5176800	1262.0055664942163
XPO6	SRR5176801	722.3829403049143
XPO6	SRR5176802	1587.190518871287
XPO6	SRR5176803	3880.8540364186865
XPO6	SRR5176804	1044.8314690383877
XPO6	SRR5176805	1772.8411773745236
XPO6	SRR5176806	1044.1922531626499
XPO6	SRR5176807	2146.544080743034
XPO6	SRR5176808	3378.215250027023
XPO6	SRR5176809	2226.2016101941817
XPO6	SRR5176810	2246
XPO6	SRR5176811	5411
XPO6	SRR5176812	2588.7928051086883
XPO6	SRR5176813	3175.7598472346654
XPO6	SRR5176814	2772
XPO6	SRR5176815	1357.9005771555808
XPO6	SRR5176816	794.2905331919516
XPO6	SRR5176817	1934.1059938559015
XPO6	SRR5176818	2268.7760668947585
XPO6	SRR5176819	1.0529734771881787
XPO6	SRR5176820	3862.4033038595244
XPO6	SRR5176821	1302.044873257169
XPO6	SRR5176822	498.26162965114787
XPO6	SRR5176823	2420.0851076865165
XPO6	SRR5176824	1683.4646305442404
XPO6	SRR5176825	2985.3117307657003
XPO6	SRR5176826	1742.3539597590466
XPO6	SRR5176827	1891.1232181652665
XPO6	SRR5176828	1588.273578137262
XPO6	SRR5176829	6495.702865413907
XPO6	SRR5176830	3046.643812210325
XPO6	SRR5176831	2470.6624246824945
XPO6	SRR5176832	1507.0802641547778
XPO6	SRR5176833	5049.068214816516
XPO6	SRR5176834	4443.355807377259
XPO6	SRR5176835	989.5499346269761
XPO6	SRR5176836	2144.928474780913
XPO6	SRR5176837	1.0510102572536424
XPO6	SRR5176838	1742.449043122991
XPO6	SRR5176839	344.4936504269591
XPO6	SRR5176840	3411.8408537396413
XPO6	SRR5176841	1312.240751315394
XPO6	SRR5176842	1271.920664747019
XPO6	SRR5176843	934.1935483543532
XPO6	SRR5176844	1947.6573819977848
XPO6	SRR5176845	1944.1313890241497
XPO6	SRR5176846	2578.484575949905
XPO6	SRR5176847	1494.0615091981626
XPO6	SRR5176848	1343.475424700671
XPO6	SRR5176849	808.4755959923682
XPO6	SRR5176850	703.5228875237796
XPO6	SRR5176851	2621.8284441529986
XPO6	SRR5176852	482.5114875730925
XPO6	SRR5176853	3629.0679358224525
XPO6	SRR5176854	270.10505883584545
XPO6	SRR5176855	1855.2150859637416
XPO6	SRR5176856	606.6543534357812
XPO6	SRR5176857	2058.301945950281
XPO6	SRR5176858	1661.3919945330285
XPO6	SRR5176859	4419.870211194406
XPO6	SRR5176860	5557
XPO6	SRR5176861	1759.4783511854237
XPO6	SRR5176862	2482.653450877976
XPO6	SRR5176863	1650.123155349104
XPO6	SRR5176864	1925.3823373206412
XPO6	SRR5176865	2687.1119678026344
XPO6	SRR5176866	3757
XPO6	SRR5176867	1205.0973574249679
XPO6	SRR5176868	720.5297014675176
XPO6	SRR5176869	3867.440128702188
XPO6	SRR5176870	1660.4739755041055
XPO6	SRR5176871	3294.2862236805677
XPO6	SRR5176872	1062.3999567407275
XPO6	SRR5861974	745.752104542858
XPO6	SRR5861975	1125.3953982225958
XPO6	SRR5861976	580.4580300586507
XPO6	SRR5861977	3440
XPO6	SRR5861978	2062.9901389472393
XPO6	SRR5861979	1291.2709141417424
XPO6	SRR5861980	3495
XPO6	SRR5861981	1178.231967635485
XPO6	SRR5861982	1.2340601766014685
XPO6	SRR5861983	2190.641505469522
XPO6	SRR5861984	2432.9402026221
XPO6	SRR5861985	1194.366341546015
XPO6	SRR5861986	1950.887386996346
XPO6	SRR5861987	926.8473000516431
XPO6	SRR5861988	1623.3568844101176
XPO6	SRR5861989	1488.431645074339
XPO6	SRR5861990	1120.402545894801
XPO6	SRR5861991	2723
XPO6	SRR5861992	3488
XPO6	SRR5861993	2270.5798130431376
XPO6	SRR5861994	3116
XPO6	SRR5861995	1418.406153871231
XPO6	SRR5861996	3088.995287008624
XPO6	SRR5861997	769.4161481633066
XPO6	SRR5861998	1676.617303940958
XPO6	SRR5861999	582.3347851491376
XPO6	SRR5862000	2072.7456316422836
XPO6	SRR5862001	2900
XPO6	SRR5862002	3121.3673497018135
XPO6	SRR5862003	6615.411737284198
XPO6	SRR5862004	3128.5186351277794
XPO6	SRR5862005	1813.5512838236743
XPO6	SRR5862006	1718.47290313107
XPO6	SRR5862007	1714.5921112291073
XPO6	SRR5862008	1336.3556044786715
XPO6	SRR5862009	1902.7680765196712
XPO6	SRR5862010	67.30501072399285
XPO6	SRR5862011	899.3589370687658
XPO6	SRR5862012	2545.842262695544
XPO6	SRR5862013	1090.4003467646405
XPO6	SRR5862014	2666.0359615394186
XPO6	SRR5862015	3304
XPO6	SRR5862016	3305.785456043292
XPO6	SRR5862017	1719.139148989729
XPO6	SRR5862018	2913.6577622211535
XPO6	SRR5862019	1685.6419930493869
XPO6	SRR5862020	1496.349157769218
XPO6	SRR5862021	2979.001236474266
XPO6	SRR5862022	1737.382406598528
XPO6	SRR5862023	1341.1357460055383
XPO6	SRR5862024	3258.881493145291
XPO6	SRR5862025	2375
XPO6	SRR5862026	1618.6995655871658
XPO6	SRR5862027	2273.226516040019
XPO6	SRR5862028	1.12681213123101
XPO6	SRR5862029	617.5625509899494
XPO6	SRR5862030	3285.1978233766517
XPO6	SRR5862031	3412.9652413823874
XPO6	SRR5862032	1.073785027109896
XPO6	SRR5862033	2256.482262095138
XPO6	SRR5862034	1.2459835850410172
XPO6	SRR5862035	1981.055792570517
XPO6	SRR5862036	1266.2211093285007
XPO6	SRR5862037	1.0547484296428424
XPO6	SRR5862038	89.61214057785375
XPO6	SRR5862039	1724.9718336886701
XPO6	SRR5862040	2021.170239037958
XPO6	SRR5862041	3080.9051292403146
XPO6	SRR5862042	1732.2917147397739
XPO6	SRR5862043	3709
XPO6	SRR5862044	2069.9051989367267
XPO6	SRR5862045	6111.852622209824
XPO6	SRR5862046	1432.4910749295452
XPO6	SRR5862047	1637.4705835954785
XPO6	SRR5862048	1.2476565419699956
XPO6	SRR5862049	842.9537876043861
XPO6	SRR5862050	2468.3139781031805
XPO6	SRR5862051	2034.77012658664
XPO6	SRR5862052	2611.9922859770318
XPO6	SRR5862053	2885.689933503014
XPO6	SRR5862054	632.4817708350745
XPO6	SRR5862055	856.462974121521
XPO6	SRR5862056	216.93376306320008
XPO6	SRR5862057	1384.7692830038823
XPO6	SRR5862058	2333.34791403224
XPO6	SRR5862059	656.0209932582168
XPO6	SRR5862060	1526.3038849222414
XPO6	SRR5862061	2549.078103374393
XPO6	SRR5862062	2275.2275957196316
XPO6	SRR5862063	1045.8391765466538
XPO6	SRR5862064	4544.784672402798
XPO6	SRR5862065	3519.8538535286502
XPO6	SRR5862066	1241.216584971725
XPO6	SRR5862067	1.2346054739520673
XPO6	SRR5862068	3281.6129393730303
XPO6	SRR5862069	1852.9958894627837
XPO6	SRR5862070	2073.6577738461765
XPO6	SRR5862071	1.2526030228986182
XPO6	SRR5862072	1.2641489791098965
XPO6	SRR5862073	2492.6558101623973
XPO6	SRR5862074	1722.7218674943224
XPO6	SRR5862075	2012.765532530103
XPO6	SRR5862076	1.2411031446573944
XPO6	SRR5862077	3482.651220735972
XPO6	SRR5862078	7.545200163292952
XPO6	SRR5862079	1179.147463006606
XPO6	SRR5862080	1906.9041950231053
XPO6	SRR5862081	4543.828244838448
XPO6	SRR5862082	3446.0992619528683
XPO6	SRR5862083	5533
XPO6	SRR5862084	1392.6758678294607
XPO6	SRR5862085	2841
XPO6	SRR5862086	2739.0451766373026
XPO6	SRR5862087	4991.100406169865
XPO6	SRR5862088	1.1217892178413114
XPO6	SRR5862089	2395.38329678999
XPO6	SRR5862090	2989.149797750866
XPO6	SRR5862091	1190.5862560564362
XPO6	SRR5862092	3985.52568240372
XPO6	SRR5862093	3504.6304194655772
XPO6	SRR5862094	2280.357561508176
XPO6	SRR5862095	1.087669059175563
XPO6	SRR5862096	1909.1752725572828
XPO6	SRR5862097	2610.013031438779
XPO6	SRR5862098	5600.7247075178575
XPO6	SRR5862099	579.9298383397345
XPO6	SRR5862100	2412.3949108644174
XPO6	SRR5862101	410.7968655451142
XPO6	SRR5862102	2240.131125961244
XPO6	SRR5862103	653.0681708074449
XPO6	SRR5862104	1474.1256983767428
XPO6	SRR5862105	1080.023582415884
XPO6	SRR5862106	2706.541612779392
XPO6	SRR5862107	3542
XPO6	SRR5862108	2922.174374097159
XPO6	SRR5862109	2504.501499050928
XPO6	SRR5862110	2150.157511604271
XPO6	SRR5862111	854.7686929220171
XPO6	SRR5862112	4006.182751097385
XPO6	SRR5862113	1447.7058723151108
XPO6	SRR5862114	2284.7310471479514
XPO6	SRR5862115	2687.2717783883677
XPO6	SRR5862116	2257.811338305874
XPO6	SRR5862117	2064.8011794417944
XPO6	SRR5862118	1470.2709210475848
XPO6	SRR5862119	1572.514721917379
XPO6	SRR5862120	5759.434870000425
XPO6	SRR5862121	3035.4580984014283
XPO6	SRR5862122	5238.907100155507
XPO6	SRR5862123	1780.0798519421214
XPO6	SRR5862124	2186.97420387021
XPO6	SRR5862125	3770
XPO6	SRR5862126	3111.7977732589165
XPO6	SRR5862127	1905.2102656948323
XPO6	SRR5862128	2523.3270905323157
XPO6	SRR5862129	1.0788293013858379
XPO6	SRR5862130	1836.3264801445453
XPO6	SRR5862131	3480.871814973632
XPO6	SRR5862132	3301.9687532908224
XPO6	SRR5862133	2716.599640008478
XPO6	SRR5862134	3172.9045665818903
XPO6	SRR5862135	1717.731835966541
XPO6	SRR5862136	3538.272827760018
XPO6	SRR5862137	1984.2789946653932
XPO6	SRR5862138	2815.012532515023
XPO6	SRR5862139	2355.2115415332023
XPO6	SRR5862140	2118.9796360452237
XPO6	SRR5862141	2381.50965128368
XPO6	SRR5862142	2115.7014623874334
XPO6	SRR5862143	5050.816937336819
XPO6	SRR5862144	1797.3169575171771
XPO6	SRR5862145	3421.2692040313505
XPO6	SRR5862146	1601.5047924670448
XPO6	SRR5862147	1871.6410538217733
XPO6	SRR5862148	3619
XPO6	SRR5862149	1851.6036727291141
XPO6	SRR5862150	2253.5006245003933
XPO6	SRR5862151	2071.5558136470095
XPO6	SRR5862152	1176.3580871852519
XPO6	SRR5862153	895.1983991881382
XPO6	SRR5862154	4849
XPO6	SRR5862155	2780.47413147697
XPO6	SRR5862156	685.2699259388729
XPO6	SRR5862157	424.79762428424107
XPO6	SRR5862158	3209.731806098759
XPO6	SRR5862159	1883.1071956141946
XPO6	SRR5862160	1188.8146285892794
XPO6	SRR5862161	1617.407953367186
XPO6	SRR5862162	5438.077990404297
XPO6	SRR5862163	4566.059273400059
XPO6	SRR5862164	1.0501623844096677
XPO6	SRR5862165	1790.7165105439096
XPO6	SRR5862166	2598.0790917477875
XPO6	SRR5862167	1896.9493382927265
XPO6	SRR5862168	2871.7334543732204
XPO6	SRR5862169	3389.5288722066944
XPO6	SRR5862170	3081.9149053316687
XPO6	SRR5862171	3522.0679252319187
XPO6	SRR5862172	3950.927343893126
XPO6	SRR5862173	2579.4544689893282
XPO6	SRR5862174	715.7837967927333
XPO6	SRR5862175	2599.6321896141203
XPO6	SRR5862176	1010.1925435710656
XPO6	SRR5862177	861.9469607523658
XPO6	SRR5862178	297.32599763492044
XPO6	SRR5862179	2916.3071628982043
XPO6	SRR5862180	1.1637413174363656
XPO6	SRR5862181	13224.43958986797
XPO6	SRR5862182	1412.1662868352564
XPO6	SRR5862183	2836.125622995184
XPO6	SRR5862184	1176.4184594636936
XPO6	SRR5862185	3424
XPO6	SRR5862186	1647.003833691388
XPO6	SRR5862187	4082.676500389134
XPO6	SRR5862188	481.19125323071137
XPO6	SRR5862189	1363.3179888490827
XPO6	SRR5862190	4509.1486273486435
XPO6	SRR5862191	1442.09874282126
XPO6	SRR5862192	408.6836510486844
XPO6	SRR5862193	2020.221901133089
XPO6	SRR5862194	1969.4130978331093
XPO6	SRR5862195	2314.598234826718
XPO6	SRR5862196	3883
XPO6	SRR5862197	1879
XPO6	SRR5862198	1.1010895492315216
XPO6	SRR5862199	1751.3282649374269
XPO6	SRR5862200	2397.2426519459423
XPO6	SRR5862201	832.6836480039351
XPO6	SRR5862202	1406.133225556267
XPO6	SRR5862203	600.962910717084
XPO6	SRR5862204	2302
XPO6	SRR5862205	3702
XPO6	SRR5862206	905.1065547047966
XPO6	SRR5862207	2371.556644007595
XPO6	SRR5862208	1182.6036296699851
XPO6	SRR5862209	904.0978861052325
XPO6	SRR5862210	3645
XPO6	SRR5862211	855.1721709317428
XPO6	SRR5862212	1800.8525548901864
XPO6	SRR5862213	4235.824428787212
XPO6	SRR5862214	2489.8615726166286
XPO6	SRR5862215	3993.4502578833367
XPO6	SRR5862216	1836.6904270922987
XPO6	SRR5862217	1791.5724859328395
XPO6	SRR5862218	1953.9180811738368
XPO6	SRR5862219	1872.732296980318
XPO6	SRR5862220	2055.1947095983483
XPO6	SRR5862221	5679
XPO6	SRR5862222	1769.7458371281293
XPO6	SRR5862223	506.0173982386959
XPO6	SRR5862224	1225.6468820409082
XPO6	SRR5862225	2671.1427735175525
XPO6	SRR5862226	2046.2074608051657
XPO6	SRR5862227	5900
XPO6	SRR5862228	1039.3435677639816
XPO6	SRR5862229	1876.0220297151616
XPO6	SRR5862230	2033.7275378650736
XPO6	SRR5862231	2740.7059906131044
XPO6	SRR5862232	872.0001435488641
XPO6	SRR5862233	3143.6633226553085
XPO6	SRR5862234	1277.489360306844
XPO6	SRR5862235	2749.4720113033914
XPO6	SRR5862236	3295.050531256537
XPO6	SRR5862237	281.4672254436722
XPO6	SRR5862238	3540.1829282781564
XPO6	SRR5862239	1270.731209765191
XPO6	SRR5862240	2077.6622934760135
XPO6	SRR5862241	2219.6701257301265
XPO6	SRR5862242	1065.355095725291
XPO6	SRR5862243	1402.8443076699984
XPO6	SRR5862244	739.5553436058979
XPO6	SRR5862245	940.8874161033361
XPO6	SRR5862246	2447.6564270476642
XPO6	SRR5862247	1887.598571415513
XPO6	SRR5862248	3254.340955979649
XPO6	SRR5862249	1107.547454798674
XPO6	SRR5862250	1.0105861980877333
XPO6	SRR5862251	1611.479388162446
XPO6	SRR5862252	2841.233483685261
XPO6	SRR5862253	1474.386220084344
XPO6	SRR5862254	1333.4806235210247
XPO6	SRR5862255	1417.3033474633344
XPO6	SRR5862256	1688.7753200079362
XPO6	SRR5862257	860.6820531238525
XPO6	SRR5862258	2885.345789007121
XPO6	SRR5862259	1170.8438240429955
XPO6	SRR5862260	1.0647831768924885
XPO6	SRR5862261	710.6513715353735
XPO6	SRR5862262	1384.698471060966
XPO6	SRR5862263	76.32189469306843
XPO6	SRR5862264	1826.5960560193196
XPO6	SRR5862265	2470.108616306374
XPO6	SRR5862266	1775.6841350147608
XPO6	SRR5862267	47.48592951510709
XPO6	SRR5862268	1451.1836320241982
XPO6	SRR5862269	3163.442614742545
XPO6	SRR5862270	3754.4905899485243
XPO6	SRR5862271	2001.8749774745095
XPO6	SRR5862272	927.3375343437776
XPO6	SRR5862273	1803.2078900886386
XPO6	SRR5862274	1525.9820320264987
XPO6	SRR5862275	1288.5265059107385
XPO6	SRR5862276	569.742124298706
XPO6	SRR5862277	836.4787156433043
XPO6	SRR5949109	1655.752845746683
XPO6	SRR5949110	1653.3666316856393
XPO6	SRR5949111	1655.752845746683
XPO6	SRR5949112	1655.8560179503108
XPO6	SRR5949113	1655.03345186781
XPO6	SRR5949114	1655.8560179503108
XPO6	SRR5949115	1655.752845746683
XPO6	SRR5949116	1655.7139516018951
XPO6	SRR5949117	1655.8560179503108
XPO6	SRR5949118	1655.6502708220307
XPO6	SRR5949119	1655.8128709424209
XPO6	SRR5949120	1655.6443108271758
XPO6	SRR5949121	1655.6075699779426
XPO6	SRR5949122	1655.5099392641405
XPO6	SRR5949123	1655.3123246970179
XPO6	SRR5949124	1654.5187488001736
XPO6	SRR5949125	1655.0866254177852
XPO6	SRR5949126	1655.5180631758706
XPO6	SRR5949127	1655.6443108271758
XPO6	SRR5949128	1655.6443108271758
XPO6	SRR5949129	1655.8212443637765
XPO6	SRR5949130	1655.7180452739226
XPO6	SRR5949131	1655.498337428277
XPO6	SRR5949132	1655.752845746683
XPO6	SRR5949133	1655.5671124588364
XPO6	SRR5949134	1655.8560179503108
XPO6	SRR5949135	1655.7139516018951
XPO6	SRR5949136	1655.8128709424209
XPO6	SRR5949137	6542.394553130482
XPO6	SRR5949138	1655.4324826179368
XPO6	SRR5949139	1655.5180631758706
XPO6	SRR5949140	6547.122710890009
XPO6	SRR5949141	1655.8212443637765
XPO6	SRR5949142	1655.7180452739226
XPO6	SRR5949143	1655.8560179503108
XPO6	SRR5949144	1655.6502708220307
XPO6	SRR5949145	1655.6854455490757
XPO6	SRR5949146	1655.6443108271758
XPO6	SRR5949147	1655.6443108271758
XPO6	SRR5949148	1654.483941730068
XPO6	SRR5949149	1655.6502708220307
XPO6	SRR5949150	1655.8212443637765
XPO6	SRR5949151	1655.2545514989388
XPO6	SRR5949152	1652.6233895131163
XPO6	SRR5949153	1655.5099392641405
XPO6	SRR5949154	1654.2195121143377
XPO6	SRR5949155	1655.6854455490757
XPO6	SRR5949156	1655.8212443637765
XPO6	SRR5949157	1655.8128709424209
XPO6	SRR5949158	1655.8560179503108
XPO6	SRR5949159	1654.445505077481
XPO6	SRR5949160	1655.752845746683
XPO6	SRR5949161	1655.752845746683
XPO6	SRR5949162	1655.752845746683
XPO6	SRR5949163	1655.8212443637765
XPO6	SRR5949164	1655.8560179503108
XPO6	SRR5949165	1655.7139516018951
XPO6	SRR5949166	1655.8212443637765
XPO6	SRR5949167	1655.6502708220307
XPO6	SRR5949168	1655.6854455490757
XPO6	SRR5949169	13822.43519875745
XPO6	SRR5949170	1655.8560179503108
XPO6	SRR5949171	1655.498337428277
XPO6	SRR5949172	1655.4324826179368
XPO6	SRR5949173	1655.752845746683
XPO6	SRR5949174	1655.6854455490757
XPO6	SRR5949175	1655.8560179503108
XPO6	SRR5949176	1655.6075699779426
XPO6	SRR5949177	1654.435145800626
XPO6	SRR5949178	1655.5180631758706
XPO6	SRR5949179	1655.6854455490757
XPO6	SRR5949180	1655.8560179503108
XPO6	SRR5949181	1655.8128709424209
XPO6	SRR5949182	1655.6075699779426
XPO6	SRR5949183	1655.8212443637765
XPO6	SRR5949184	1655.7139516018951
XPO6	SRR5949185	1655.3680351172789
XPO6	SRR5949186	1654.9387347065524
XPO6	SRR5949187	1655.7180452739226
XPO6	SRR5949188	1655.7139516018951
XPO6	SRR5949189	1655.6443108271758
XPO6	SRR5949190	1655.6502708220307
XPO6	SRR5949191	1655.4324826179368
XPO6	SRR5949192	1655.8128709424209
XPO6	SRR5949193	1655.8212443637765
XPO6	SRR5949194	1655.752845746683
XPO6	SRR5949195	1655.7139516018951
XPO6	SRR5949196	1655.480961335795
XPO6	SRR5949197	1655.2092605511625
XPO6	SRR5949198	1654.5145886015293
XPO6	SRR5949199	1655.5180631758706
XPO6	SRR5949200	1655.8212443637765
XPO6	SRR5949201	1655.6854455490757
XPO6	SRR5949202	1655.7180452739226
XPO6	SRR5949203	1655.8128709424209
XPO6	SRR5949204	1655.8560179503108
XPO6	SRR5949205	1655.8560179503108
XPO6	SRR5949206	1655.7139516018951
XPO6	SRR5949207	1655.752845746683
XPO6	SRR5949208	1655.6502708220307
XPO6	SRR5949209	1655.752845746683
XPO6	SRR5949210	1655.6854455490757
XPO6	SRR5949211	4100.0912724902755
XPO6	SRR5949212	1655.6502708220307
XPO6	SRR5949213	1655.5671124588364
XPO6	SRR5949214	1655.3123246970179
XPO6	SRR5949215	1655.6443108271758
XPO6	SRR5949216	1655.7180452739226
XPO6	SRR5949217	1655.7180452739226
XPO6	SRR5949218	1655.5671124588364
XPO6	SRR5949219	1655.6075699779426
XPO6	SRR5949220	1655.3680351172789
XPO6	SRR5949221	4100.322880251782
XPO6	SRR5949222	1655.6443108271758
XPO6	SRR5949223	1654.4295775944686
XPO6	SRR5949224	1655.6854455490757
XPO6	SRR5949225	1655.8128709424209
XPO6	SRR5949226	1655.3680351172789
XPO6	SRR5949227	1655.8128709424209
XPO6	SRR5949228	1655.4324826179368
XPO6	SRR5949229	6546.047634615289
XPO6	SRR5949230	1655.8128709424209
XPO6	SRR5949231	1655.237883291414
XPO6	SRR5949232	1654.2195121143377
XPO6	SRR5949233	1654.4490780055735
XPO6	SRR5949234	1655.6443108271758
XPO6	SRR5949235	1655.4324826179368
XPO6	SRR5949236	1652.8939317644115
XPO6	SRR5949237	1655.2238450397674
XPO6	SRR5949238	1654.9111704519441
XPO6	SRR5949239	1653.0194668386155
XPO6	SRR5949240	1655.8212443637765
XPO6	SRR5949241	1655.6502708220307
XPO6	SRR5949242	1655.6854455490757
XPO6	SRR5949243	1655.498337428277
XPO6	SRR5949244	1655.5180631758706
XPO6	SRR5949245	1655.5180631758706
XPO6	SRR5949246	1655.7139516018951
XPO6	SRR5949247	1655.6443108271758
XPO6	SRR5949248	1655.7139516018951
XPO6	SRR5949249	1655.6854455490757
XPO6	SRR5949250	1655.8560179503108
XPO6	SRR5949251	1655.4324826179368
XPO6	SRR5949252	1655.752845746683
XPO6	SRR5949253	1655.153487798462
XPO6	SRR5949254	1655.353537565523
XPO6	SRR5949255	1655.6854455490757
XPO6	SRR5949256	1655.5099392641405
XPO6	SRR5949257	1655.8212443637765
XPO6	SRR5949258	1655.8212443637765
XPO6	SRR5949259	1655.6075699779426
XPO6	SRR5949260	1655.8560179503108
XPO6	SRR5949261	1655.8560179503108
XPO6	SRR5949262	1655.5099392641405
XPO6	SRR5949263	1655.7180452739226
XPO6	SRR5949264	1655.6075699779426
XPO6	SRR5949265	1655.8128709424209
XPO6	SRR5949266	1654.6837916167037
XPO6	SRR5949267	1654.7063841599017
XPO6	SRR5949268	1655.8128709424209
XPO6	SRR5949269	1655.6443108271758
XPO6	SRR5949270	1655.6854455490757
XPO6	SRR5949271	1655.3123246970179
XPO6	SRR5949272	1655.8560179503108
XPO6	SRR5949273	1655.8560179503108
XPO6	SRR5949274	1655.7139516018951
XPO6	SRR5949275	1655.2817709353244
XPO6	SRR5949276	1655.7139516018951
XPO6	SRR5949277	1654.7063841599017
XPO6	SRR5949278	1655.7180452739226
XPO6	SRR5949279	1655.7180452739226
XPO6	SRR5949280	1655.1080857199313
XPO6	SRR5949281	1655.7139516018951
XPO6	SRR5949282	1655.8560179503108
XPO6	SRR5949283	1655.2238450397674
XPO6	SRR5949284	1655.8560179503108
XPO6	SRR5949285	6539.7598328568965
XPO6	SRR5949286	1654.5688180566326
XPO6	SRR5949287	1655.8560179503108
XPO6	SRR5949288	1655.7180452739226
XPO6	SRR5949289	1655.5180631758706
XPO6	SRR5949290	1655.8560179503108
XPO6	SRR5949291	1655.6854455490757
XPO6	SRR5949292	1655.6443108271758
XPO6	SRR5949293	1655.8560179503108
XPO6	SRR5949294	1655.8212443637765
XPO6	SRR5949295	1655.7180452739226
XPO6	SRR5949296	1655.7180452739226
XPO6	SRR5949297	1655.752845746683
XPO6	SRR5949298	1655.4447113187555
XPO6	SRR5949299	1655.6502708220307
XPO6	SRR5949300	1655.8212443637765
XPO6	SRR5949301	1655.8212443637765
XPO6	SRR5949302	1655.5180631758706
XPO6	SRR5949303	1655.498337428277
XPO6	SRR5949304	1655.752845746683
XPO6	SRR5949305	1654.5688180566326
XPO6	SRR5949306	1655.8128709424209
XPO6	SRR5949307	1655.6502708220307
XPO6	SRR5949308	1655.7139516018951
XPO6	SRR5949309	1655.361433705129
XPO6	SRR5949310	1655.361433705129
XPO6	SRR5949311	1655.6854455490757
XPO6	SRR5949312	1655.2241584715823
XPO6	SRR5949313	1655.6854455490757
XPO6	SRR5949314	1655.8212443637765
XPO6	SRR5949315	1655.6854455490757
XPO6	SRR5949316	1655.7180452739226
XPO6	SRR5949317	1654.9111704519441
XPO6	SRR5949318	1654.7063841599017
XPO6	SRR5949319	1655.752845746683
XPO6	SRR5949320	1655.8560179503108
XPO6	SRR5949321	1655.7139516018951
XPO6	SRR5949322	1655.4447113187555
XPO6	SRR5949323	1655.6854455490757
XPO6	SRR5949324	1655.8560179503108
XPO6	SRR5949325	1655.7180452739226
XPO6	SRR5949326	1655.6854455490757
XPO6	SRR5949327	1654.5605793493175
XPO6	SRR5949328	1655.752845746683
XPO6	SRR5949329	1655.752845746683
XPO6	SRR5949330	1655.7180452739226
XPO6	SRR5949331	1655.8128709424209
XPO6	SRR5949332	1655.8560179503108
XPO6	SRR5949333	1655.5671124588364
XPO6	SRR5949334	1655.2092605511625
XPO6	SRR5949335	1655.8212443637765
XPO6	SRR5949336	1655.7139516018951
XPO6	SRR5949337	1655.8128709424209
XPO6	SRR5949338	1655.7180452739226
XPO6	SRR5949339	1655.7180452739226
XPO6	SRR5949340	1655.4447113187555
XPO6	SRR5949341	1655.6075699779426
XPO6	SRR5949342	1655.8128709424209
XPO6	SRR5949343	1655.6075699779426
XPO6	SRR5949344	1655.752845746683
XPO6	SRR5949345	1655.8128709424209
XPO6	SRR5949346	1654.534680039823
XPO6	SRR5949347	1655.173043047554
XPO6	SRR5949348	4097.6659521596075
XPO6	SRR5949349	1655.7180452739226
XPO6	SRR5949350	1655.6502708220307
XPO6	SRR5949351	1655.6854455490757
XPO6	SRR5949352	1655.7139516018951
XPO6	SRR5949353	1655.7180452739226
XPO6	SRR5949354	1655.3123246970179
XPO6	SRR5949355	1655.6075699779426
XPO6	SRR5949356	1651.2656238847221
XPO6	SRR5949357	1655.6443108271758
XPO6	SRR5949358	1655.6854455490757
XPO6	SRR5949359	1655.7180452739226
XPO6	SRR5949360	1655.6075699779426
XPO6	SRR5949361	1655.5180631758706
XPO6	SRR5949362	1652.8591930340897
XPO6	SRR5949363	1655.8212443637765
XPO6	SRR5949364	1655.4324826179368
XPO6	SRR5949365	1655.153487798462
XPO6	SRR5949366	1652.3103109056485
XPO6	SRR5949367	1655.8560179503108
XPO6	SRR5949368	1654.2786501108976
XPO6	SRR5949369	1655.8212443637765
XPO6	SRR5949370	1655.752845746683
XPO6	SRR5949371	1655.361433705129
XPO6	SRR5949372	1655.7139516018951
XPO6	SRR5949373	1655.8212443637765
XPO6	SRR5949374	1655.498337428277
XPO6	SRR5949375	1655.8212443637765
XPO6	SRR5949376	1655.8560179503108
XPO6	SRR5949377	1655.7180452739226
XPO6	SRR5949378	1655.8560179503108
XPO6	SRR5949379	1655.7180452739226
XPO6	SRR5949380	4098.294597327189
XPO6	SRR5949381	1655.2817709353244
XPO6	SRR5949382	1655.752845746683
XPO6	SRR5949383	1655.5671124588364
XPO6	SRR5949384	1655.8212443637765
XPO6	SRR5949385	1655.5099392641405
XPO6	SRR5949386	1655.8560179503108
XPO6	SRR5949387	1653.0194668386155
XPO6	SRR5949388	6545.380817239458
XPO6	SRR5949389	1655.8560179503108
XPO6	SRR5949390	1655.6854455490757
XPO6	SRR5949391	1655.361433705129
XPO6	SRR5949392	1655.8560179503108
XPO6	SRR5949393	1655.361433705129
XPO6	SRR5949394	1655.2817709353244
XPO6	SRR5949395	1655.6854455490757
XPO6	SRR5949396	1654.445505077481
XPO6	SRR5949397	1655.8212443637765
XPO6	SRR5949398	1655.8128709424209
XPO6	SRR5949399	1655.6854455490757
XPO6	SRR5949400	1647.6825345860166
XPO6	SRR5949401	1655.8560179503108
XPO6	SRR5949402	1655.7139516018951
XPO6	SRR5949403	1655.6502708220307
XPO6	SRR5949404	1655.3680351172789
XPO6	SRR5949405	1655.7180452739226
XPO6	SRR5949406	1655.8212443637765
XPO6	SRR5949407	1655.7180452739226
XPO6	SRR5949408	1655.7180452739226
XPO6	SRR5949409	1655.7139516018951
XPO6	SRR5949410	1655.7139516018951
XPO6	SRR5949411	1655.8560179503108
XPO6	SRR5949412	1655.5180631758706
XPO6	SRR5949413	1655.7180452739226
XPO6	SRR5949414	1655.752845746683
XPO6	SRR5949415	1655.8128709424209
XPO6	SRR5949416	1655.6443108271758
XPO6	SRR5949417	1655.5671124588364
XPO6	SRR5949418	1655.7180452739226
XPO6	SRR5949419	1655.752845746683
XPO6	SRR5949420	1655.6075699779426
XPO6	SRR5949421	1655.5671124588364
XPO6	SRR5949422	1655.6443108271758
XPO6	SRR5949423	1655.6443108271758
XPO6	SRR5949424	1655.8560179503108
XPO6	SRR5949425	1655.6443108271758
XPO6	SRR5949426	1655.8128709424209
XPO6	SRR5949427	1655.6443108271758
XPO6	SRR5949428	1655.8560179503108
XPO6	SRR5949429	1655.2241584715823
XPO6	SRR5949430	1655.6854455490757
XPO6	SRR5949431	1655.6854455490757
XPO6	SRR5949432	1655.7139516018951
XPO6	SRR5949433	1655.6502708220307
XPO6	SRR5949434	1655.6502708220307
XPO6	SRR5949435	1655.353537565523
XPO6	SRR5949436	1655.752845746683
XPO6	SRR5949437	1655.2241584715823
XPO6	SRR5949438	1655.1080857199313
XPO6	SRR5949439	1655.8212443637765
XPO6	SRR5949440	1655.8128709424209
XPO6	SRR5949441	1655.8128709424209
XPO6	SRR5949442	1655.498337428277
XPO6	SRR5949443	1655.3680351172789
XPO6	SRR5949444	1655.2817709353244
XPO6	SRR5949445	1655.8560179503108
XPO6	SRR5949446	1655.8128709424209
XPO6	SRR5949447	1655.6502708220307
XPO6	SRR5949448	1655.8560179503108
XPO6	SRR5949449	1655.8560179503108
XPO6	SRR5949450	1655.6854455490757
XPO6	SRR5949451	1655.5671124588364
XPO6	SRR5949452	1655.7180452739226
XPO6	SRR5949453	1655.6854455490757
XPO6	SRR5949454	1655.7180452739226
XPO6	SRR5949455	1655.6502708220307
XPO6	SRR5949456	1655.8212443637765
XPO6	SRR5949457	1655.8128709424209
XPO6	SRR5949458	1655.8212443637765
XPO6	SRR5949459	1655.7139516018951
XPO6	SRR5949460	1655.3680351172789
XPO6	SRR5949461	4098.484435096539
XPO6	SRR5949462	1655.752845746683
XPO6	SRR5949463	1655.353537565523
XPO6	SRR5949464	1655.2238450397674
XPO6	SRR5949465	1654.500644074264
XPO6	SRR5949466	1655.6854455490757
XPO6	SRR5949467	1654.483941730068
XPO6	SRR5949468	1655.752845746683
XPO6	SRR5949469	1655.8128709424209
XPO6	SRR5949470	1655.7180452739226
XPO6	SRR5949471	1655.6075699779426
XPO6	SRR5949472	1655.7139516018951
XPO6	SRR5949473	1655.7139516018951
XPO6	SRR5949474	1655.6502708220307
XPO6	SRR5949475	1655.8560179503108
XPO6	SRR5949476	1655.7180452739226
XPO6	SRR5949477	1655.8128709424209
XPO6	SRR5949478	1655.7139516018951
XPO6	SRR5949479	1654.9680867115896
XPO6	SRR5949480	1655.6443108271758
XPO6	SRR5949481	1655.8128709424209
XPO6	SRR5949482	1655.5180631758706
XPO6	SRR5949483	1654.9387347065524
XPO6	SRR5949484	1655.752845746683
XPO6	SRR5949485	1655.2817709353244
XPO6	SRR5949486	1655.6502708220307
XPO6	SRR5949487	1655.6443108271758
XPO6	SRR5949488	1655.2241584715823
XPO6	SRR5949489	1655.4324826179368
XPO6	SRR5949490	1655.4324826179368
XPO6	SRR5949491	1655.6502708220307
XPO6	SRR5949492	1655.4324826179368
XPO6	SRR5949493	1655.6075699779426
XPO6	SRR5949494	1655.8560179503108
XPO6	SRR5949495	1655.237883291414
XPO6	SRR5949496	1655.6075699779426
XPO6	SRR5949497	1655.6075699779426
XPO6	SRR5949498	1655.6854455490757
XPO6	SRR5949499	1655.752845746683
XPO6	SRR5949500	1655.153487798462
XPO6	SRR5949501	1655.3027607408371
XPO6	SRR5949502	1654.930546293385
XPO6	SRR5949503	1655.480961335795
XPO6	SRR5949504	1655.7180452739226
XPO6	SRR5949505	1655.7180452739226
XPO6	SRR5949506	1655.7180452739226
XPO6	SRR5949507	1655.8128709424209
XPO6	SRR5949508	1655.6443108271758
XPO6	SRR5949509	1655.752845746683
XPO6	SRR5949510	1655.7180452739226
XPO6	SRR5949511	1654.5013674833647
XPO6	SRR5949512	1655.7139516018951
XPO6	SRR5949513	1655.8560179503108
XPO6	SRR5949514	1655.5099392641405
XPO6	SRR5949515	1655.752845746683
XPO6	SRR5949516	1655.6502708220307
XPO6	SRR5949517	1655.7180452739226
XPO6	SRR5949518	1654.9680867115896
XPO6	SRR5949519	1655.4324826179368
XPO6	SRR5949520	1655.8128709424209
XPO6	SRR5949521	1654.6837916167037
XPO6	SRR5949522	1655.7139516018951
XPO6	SRR5949523	1655.8128709424209
XPO6	SRR5949524	1655.6502708220307
XPO6	SRR5949525	1655.5099392641405
XPO6	SRR5949526	1654.5519387107086
XPO6	SRR5949527	1655.480961335795
XPO6	SRR5949528	1653.655777262997
XPO6	SRR5949529	1655.3123246970179
XPO6	SRR5949530	1655.6075699779426
XPO6	SRR5949531	1655.5180631758706
XPO6	SRR5949532	1655.8128709424209
XPO6	SRR5949533	1655.8560179503108
XPO6	SRR5949534	1655.5099392641405
XPO6	SRR5949535	1655.752845746683
XPO6	SRR5949536	1655.6854455490757
XPO6	SRR5949537	1655.8128709424209
XPO6	SRR5949538	1655.8560179503108
XPO6	SRR5949539	1655.6075699779426
XPO6	SRR5949540	1655.3680351172789
XPO6	SRR5949541	1655.6075699779426
XPO6	SRR5949542	1655.3123246970179
XPO6	SRR5949543	1655.6443108271758
XPO6	SRR5949544	1655.3680351172789
XPO6	SRR5949545	1654.9680867115896
XPO6	SRR5949546	1655.480961335795
XPO6	SRR5949547	1655.8560179503108
XPO6	SRR5949548	1655.6502708220307
XPO6	SRR5949549	1655.153487798462
XPO6	SRR5949550	1654.483941730068
XPO6	SRR5949551	1655.7139516018951
XPO6	SRR5949552	1655.2545514989388
XPO6	SRR5949553	1655.8212443637765
XPO6	SRR5949554	1655.7180452739226
XPO6	SRR5949555	13776.883168068458
XPO6	SRR5949556	1655.3027607408371
XPO6	SRR5949557	1655.6854455490757
XPO6	SRR5949558	1655.237883291414
XPO6	SRR5949559	1655.752845746683
XPO6	SRR5949560	1655.752845746683
XPO6	SRR5949561	1654.5688180566326
XPO6	SRR5949562	1655.2817709353244
XPO6	SRR5949563	1655.6854455490757
XPO6	SRR5949564	1655.7139516018951
XPO6	SRR5949565	1655.8212443637765
XPO6	SRR5949566	1655.752845746683
XPO6	SRR5949567	1653.025255559502
XPO6	SRR5949568	1655.361433705129
XPO6	SRR5949569	1655.4447113187555
XPO6	SRR5949570	1655.6075699779426
XPO6	SRR5949571	1655.03345186781
XPO6	SRR5949572	1655.5671124588364
XPO6	SRR5949573	1655.361433705129
XPO6	SRR5949574	1655.6854455490757
XPO6	SRR5949575	1655.6443108271758
XPO6	SRR5949576	1655.5671124588364
XPO6	SRR5949577	1655.8212443637765
XPO6	SRR5949578	1655.6854455490757
XPO6	SRR5949579	1655.752845746683
XPO6	SRR5949580	1655.752845746683
XPO6	SRR5949581	1655.8560179503108
XPO6	SRR5949582	1655.4447113187555
XPO6	SRR5949583	1655.8212443637765
XPO6	SRR5949584	1654.5187488001736
XPO6	SRR5949585	1655.7139516018951
XPO6	SRR5949586	1655.7180452739226
XPO6	SRR5949587	1655.6502708220307
XPO6	SRR5949588	4095.7479720802917
XPO6	SRR5949589	1655.8560179503108
XPO6	SRR5949590	1655.480961335795
XPO6	SRR5949591	1655.752845746683
XPO6	SRR5949592	1655.5180631758706
XPO6	SRR5949593	1655.8560179503108
XPO6	SRR5949594	1655.5671124588364
XPO6	SRR5949595	1655.7180452739226
XPO6	SRR5949596	1655.6502708220307
XPO6	SRR5949597	1654.895217343793
XPO6	SRR5949598	1655.6075699779426
XPO6	SRR5949599	1655.480961335795
XPO6	SRR5949600	1655.6854455490757
XPO6	SRR5949601	1655.5671124588364
XPO6	SRR5949602	1655.8560179503108
XPO6	SRR5949603	1655.7139516018951
XPO6	SRR5949604	1655.7180452739226
XPO6	SRR5949605	1655.5671124588364
XPO6	SRR5949606	1655.237883291414
XPO6	SRR5949607	1655.8128709424209
XPO6	SRR5949608	1654.5605793493175
XPO6	SRR5950246	1654.5013674833647
XPO6	SRR5950247	1655.237883291414
XPO6	SRR5950248	1655.6854455490757
XPO6	SRR5950249	1655.8560179503108
XPO6	SRR5950250	1655.3680351172789
XPO6	SRR5950251	1655.6854455490757
XPO6	SRR5950252	1655.8212443637765
XPO6	SRR5950253	1655.7180452739226
XPO6	SRR5950254	1655.237883291414
XPO6	SRR5950255	1654.895217343793
XPO6	SRR5950256	6541.427607961679
XPO6	SRR5950257	1654.2641811275994
XPO6	SRR5950258	1655.7139516018951
XPO6	SRR5950259	1655.752845746683
XPO6	SRR5950260	1655.6854455490757
XPO6	SRR5950261	1655.7139516018951
XPO6	SRR5950262	1655.5099392641405
XPO6	SRR5950263	1654.930546293385
XPO6	SRR5950264	1655.8128709424209
XPO6	SRR5950265	1655.3680351172789
XPO6	SRR5950266	1654.5145886015293
XPO6	SRR5950267	1655.7139516018951
XPO6	SRR5950268	1655.5671124588364
XPO6	SRR5950269	1655.6075699779426
XPO6	SRR5950270	1655.2238450397674
XPO6	SRR5950271	1655.8560179503108
XPO6	SRR5950272	1655.8560179503108
XPO6	SRR5950273	1655.6854455490757
XPO6	SRR5950274	1655.498337428277
XPO6	SRR5950275	1655.5671124588364
XPO6	SRR5950276	1655.7139516018951
XPO6	SRR5950277	1655.3027607408371
XPO6	SRR5950278	1654.9111704519441
XPO6	SRR5950279	1655.6502708220307
XPO6	SRR5950280	1655.7180452739226
XPO6	SRR5950281	1655.5671124588364
XPO6	SRR5950282	1655.03345186781
XPO6	SRR5950283	1655.7139516018951
XPO6	SRR5950284	1651.1430729948586
XPO6	SRR5950285	1655.2545514989388
XPO6	SRR5950286	1655.6854455490757
XPO6	SRR5950287	1654.7063841599017
XPO6	SRR5950288	1655.353537565523
XPO6	SRR5950289	1654.5688180566326
XPO6	SRR5950290	1655.752845746683
XPO6	SRR5950291	1655.7139516018951
XPO6	SRR5950292	1655.5180631758706
XPO6	SRR5950293	1655.2238450397674
XPO6	SRR5950294	1655.8560179503108
XPO6	SRR5950295	1655.8212443637765
XPO6	SRR5950296	1655.6443108271758
XPO6	SRR5950297	6544.9732844293885
XPO6	SRR5950298	1655.752845746683
XPO6	SRR5950299	1655.4447113187555
XPO6	SRR5950300	1655.6502708220307
XPO6	SRR5950301	1655.7139516018951
XPO6	SRR5950302	1655.6443108271758
XPO6	SRR5950303	1655.4447113187555
XPO6	SRR5950304	1655.2241584715823
XPO6	SRR5950305	1655.6443108271758
XPO6	SRR5950306	1655.6443108271758
XPO6	SRR5950307	1655.4324826179368
XPO6	SRR5950308	1655.5180631758706
XPO6	SRR5950309	1655.5671124588364
XPO6	SRR5950310	1655.6854455490757
XPO6	SRR5950311	1655.8128709424209
XPO6	SRR5950312	1655.7139516018951
XPO6	SRR5950313	1655.5180631758706
XPO6	SRR5950314	1655.752845746683
XPO6	SRR5950315	1655.7139516018951
XPO6	SRR5950316	1655.8128709424209
XPO6	SRR5950317	1655.4447113187555
XPO6	SRR5950318	1655.2238450397674
XPO6	SRR5950319	1655.480961335795
XPO6	SRR5950320	1655.4447113187555
XPO6	SRR5950321	1654.324501477998
XPO6	SRR5950322	1655.3123246970179
XPO6	SRR5950323	1655.498337428277
XPO6	SRR5950324	1655.752845746683
XPO6	SRR5950325	1655.5099392641405
XPO6	SRR5950326	1655.3027607408371
XPO6	SRR5950327	1655.7139516018951
XPO6	SRR5950328	1655.7139516018951
XPO6	SRR5950329	1655.6443108271758
XPO6	SRR5950330	1655.480961335795
XPO6	SRR5950331	1655.03345186781
XPO6	SRR5950332	1655.237883291414
XPO6	SRR5950333	1655.752845746683
XPO6	SRR5950334	1655.752845746683
XPO6	SRR5950335	1655.752845746683
XPO6	SRR5950336	1652.8189345626317
XPO6	SRR5950337	1654.6351965488152
XPO6	SRR5950338	1653.7757942866676
XPO6	SRR5950339	1655.8560179503108
XPO6	SRR5950340	1655.4324826179368
XPO6	SRR5950341	1655.5180631758706
XPO6	SRR5950342	1655.8128709424209
XPO6	SRR5950343	1655.5180631758706
XPO6	SRR5950344	1655.3123246970179
XPO6	SRR5950345	1655.498337428277
XPO6	SRR5950346	1655.7139516018951
XPO6	SRR5950347	1655.6443108271758
XPO6	SRR5950348	1655.4324826179368
XPO6	SRR5950349	1655.8212443637765
XPO6	SRR5950350	1655.6854455490757
XPO6	SRR5950351	1654.7063841599017
XPO6	SRR5950352	1655.8128709424209
XPO6	SRR5950353	1655.6443108271758
XPO6	SRR5950354	1655.8128709424209
XPO6	SRR5950355	1655.8128709424209
XPO6	SRR5950356	1654.557105112029
XPO6	SRR5950357	1655.8128709424209
XPO6	SRR5950358	1655.4447113187555
XPO6	SRR5950359	1655.6075699779426
XPO6	SRR5950360	1655.8128709424209
XPO6	SRR5950361	1655.8128709424209
XPO6	SRR5950362	1655.3123246970179
XPO6	SRR5950363	1655.2092605511625
XPO6	SRR5950364	1655.480961335795
XPO6	SRR5950365	1655.7180452739226
XPO6	SRR5950366	1655.752845746683
XPO6	SRR5950367	1654.4194819170837
XPO6	SRR5950368	1655.6443108271758
XPO6	SRR5950369	1655.8560179503108
XPO6	SRR5950370	1655.8560179503108
XPO6	SRR5950371	1655.7139516018951
XPO6	SRR5950372	1655.7180452739226
XPO6	SRR5950373	1655.6502708220307
XPO6	SRR5950374	1655.6502708220307
XPO6	SRR5950375	1655.8128709424209
XPO6	SRR5950376	1655.8560179503108
XPO6	SRR5950377	1655.153487798462
XPO6	SRR5950378	1655.6502708220307
XPO6	SRR5950379	1655.6443108271758
XPO6	SRR5950380	1655.5180631758706
XPO6	SRR5950381	1655.5099392641405
XPO6	SRR5950382	1654.7063841599017
XPO6	SRR5950383	1655.8212443637765
XPO6	SRR5950384	1655.752845746683
XPO6	SRR5950385	1654.6837916167037
XPO6	SRR5950386	1655.8128709424209
XPO6	SRR5950387	1655.8212443637765
XPO6	SRR5950388	1655.3680351172789
XPO6	SRR5950389	1653.8907901850948
XPO6	SRR5950390	1655.5671124588364
XPO6	SRR5950391	1655.8560179503108
XPO6	SRR5950392	1654.7063841599017
XPO6	SRR5950393	1655.361433705129
XPO6	SRR5950394	1655.6075699779426
XPO6	SRR5950395	1655.6443108271758
XPO6	SRR5950396	1655.8560179503108
XPO6	SRR5950397	1655.8212443637765
XPO6	SRR5950398	1655.8212443637765
XPO6	SRR5950399	1655.5099392641405
XPO6	SRR5950400	1655.5671124588364
XPO6	SRR5950401	1655.8128709424209
XPO6	SRR5950402	1655.8128709424209
XPO6	SRR5950403	1655.6854455490757
XPO6	SRR5950404	1655.7180452739226
XPO6	SRR5950405	1653.4558676186207
XPO6	SRR5950406	1655.1080857199313
XPO6	SRR5950407	1655.7139516018951
XPO6	SRR5950408	1655.2241584715823
XPO6	SRR5950409	1655.361433705129
XPO6	SRR5950410	1655.8560179503108
XPO6	SRR5950411	1655.752845746683
XPO6	SRR5950412	1655.8128709424209
XPO6	SRR5950413	1655.0866254177852
XPO6	SRR5950414	1655.7139516018951
XPO6	SRR5950415	1655.4447113187555
XPO6	SRR5950416	1655.5180631758706
XPO6	SRR5950417	1655.5671124588364
XPO6	SRR5950418	1655.353537565523
XPO6	SRR5950419	1655.8128709424209
XPO6	SRR5950420	1655.6443108271758
XPO6	SRR5950421	1655.3680351172789
XPO6	SRR5950422	1655.237883291414
XPO6	SRR5950423	1655.6502708220307
XPO6	SRR5950424	1655.752845746683
XPO6	SRR5950425	1655.8128709424209
XPO6	SRR5950426	1655.4324826179368
XPO6	SRR5950427	1655.752845746683
XPO6	SRR5950428	1655.6502708220307
XPO6	SRR5950429	1655.8128709424209
XPO6	SRR5950430	1655.6075699779426
XPO6	SRR5950431	1655.6075699779426
XPO6	SRR5950432	1655.7180452739226
XPO6	SRR5950433	1655.7139516018951
XPO6	SRR5950434	1655.3680351172789
XPO6	SRR5950435	1655.6502708220307
XPO6	SRR5950436	1655.8128709424209
XPO6	SRR5950437	1655.6075699779426
XPO6	SRR5950438	1655.752845746683
XPO6	SRR5950439	1655.8212443637765
XPO6	SRR5950440	4085.518430799219
XPO6	SRR5950441	1655.237883291414
XPO6	SRR5950442	1655.6854455490757
XPO6	SRR5950443	1655.5099392641405
XPO6	SRR5950444	1655.7139516018951
XPO6	SRR5950445	1655.7180452739226
XPO6	SRR5950446	1655.498337428277
XPO6	SRR5950447	1655.173043047554
XPO6	SRR5950448	1655.7139516018951
XPO6	SRR5950449	1655.7180452739226
XPO6	SRR5950450	1655.8128709424209
XPO6	SRR5950451	1655.8560179503108
XPO6	SRR5950452	1655.2545514989388
XPO6	SRR5950453	1655.752845746683
XPO6	SRR5950454	1655.2545514989388
XPO6	SRR5950455	1655.752845746683
XPO6	SRR5950456	1655.6502708220307
XPO6	SRR5950457	1655.5099392641405
XPO6	SRR5950458	1655.8560179503108
XPO6	SRR5950459	1655.6443108271758
XPO6	SRR5950460	1655.6443108271758
XPO6	SRR5950461	1655.6854455490757
XPO6	SRR5950462	1654.9387347065524
XPO6	SRR5950463	1655.4447113187555
XPO6	SRR5950464	1655.3027607408371
XPO6	SRR5950465	8954.722114841523
XPO6	SRR5950466	1655.7139516018951
XPO6	SRR5950467	1655.6443108271758
XPO6	SRR5950468	1655.7139516018951
XPO6	SRR5950469	1655.480961335795
XPO6	SRR5950470	1655.8128709424209
XPO6	SRR5963912	1655.8560179503108
XPO6	SRR5963913	1655.3123246970179
XPO6	SRR5963914	1655.8560179503108
XPO6	SRR5963915	1655.3680351172789
XPO6	SRR5963916	1655.153487798462
XPO6	SRR5963917	1655.5671124588364
XPO6	SRR5963918	1655.6075699779426
XPO6	SRR5963919	1655.7180452739226
XPO6	SRR5963920	1655.6502708220307
XPO6	SRR5963921	1655.752845746683
XPO6	SRR5963922	1655.5180631758706
XPO6	SRR5963923	1655.6075699779426
XPO6	SRR5963924	1655.7180452739226
XPO6	SRR5963925	1655.3123246970179
XPO6	SRR5963926	1655.3027607408371
XPO6	SRR5963927	1655.8212443637765
XPO6	SRR5963928	1655.2545514989388
XPO6	SRR5963929	1655.7139516018951
XPO6	SRR5963930	1655.03345186781
XPO6	SRR5963931	1655.8560179503108
XPO6	SRR5963932	1655.6502708220307
XPO6	SRR5963933	1655.5099392641405
XPO6	SRR5963934	1655.173043047554
XPO6	SRR5963935	1655.8560179503108
XPO6	SRR5963936	1655.353537565523
XPO6	SRR5963937	1654.930546293385
XPO6	SRR5963938	1655.7139516018951
XPO6	SRR5963939	1655.7180452739226
XPO6	SRR5963940	1655.8128709424209
XPO6	SRR5963941	1655.8560179503108
XPO6	SRR5963942	1655.8560179503108
XPO6	SRR5963943	1655.752845746683
XPO6	SRR5963944	1655.8560179503108
XPO6	SRR5963945	1655.8212443637765
XPO6	SRR5963946	1655.7139516018951
XPO6	SRR5963947	1655.7139516018951
XPO6	SRR5963948	1655.7139516018951
XPO6	SRR6467548	950.227562236148
XPO6	SRR6467549	868.2049195580662
XPO6	SRR6467550	925.6723866227858
XPO6	SRR6467551	431.9915981019942
XPO6	SRR6467552	968.746210727333
XPO6	SRR6467553	538.6610672789744
XPO6	SRR6467554	1090.0377090329125
XPO6	SRR6467555	1089.481884035416
XPO6	SRR6467556	1955.8634056299677
XPO6	SRR6467557	1707.2761477996005
XPO6	SRR6467558	1019.1965611770803
XPO6	SRR6467559	2767.005057251238
XPO6	SRR6467560	1256.7073186572864
XPO6	SRR6467561	1475.9158820192404
XPO6	SRR6467562	1812.8501955596403
XPO6	SRR6467563	1767.8877655973856
XPO6	SRR6467564	1302.4531245109763
XPO6	SRR6467565	1294.434790250156
XPO6	SRR6467566	660.7016782527186
XPO6	SRR6467567	723.9281743213598
XPO6	SRR6467568	700.8631610401663
XPO6	SRR6467569	428.1779576088304
XPO6	SRR6467570	2037.7763065942277
XPO6	SRR6467571	1101.7925561296413
XPO6	SRR6467572	538.2915477161612
XPO6	SRR6467573	836.6493744325605
XPO6	SRR6467574	1968
XPO6	SRR6467575	1926.8533407246134
XPO6	SRR6467576	1121.2169827495477
XPO6	SRR6467577	1195.7196232891827
XPO6	SRR6467578	79.78003020454138
XPO6	SRR6467579	1021.700253406878
XPO6	SRR6467580	2006.2697021299098
XPO6	SRR6467581	2535.0299979265624
XPO6	SRR6467582	2237.3080739387915
XPO6	SRR6467583	1880
XPO6	SRR6467584	1400.065271620425
XPO6	SRR6467585	1746.702357098706
XPO6	SRR6467586	2651.013299393347
XPO6	SRR6467587	2439.776787218184
XPO6	SRR6467588	5567.2689808453115
XPO6	SRR6467589	2457
XPO6	SRR6467590	1534.228033066227
XPO6	SRR6467591	752.8371034850344
XPO6	SRR6467592	661.1033780065674
XPO6	SRR6467593	1049.7425102927057
XPO6	SRR6467594	2167.3172315042557
XPO6	SRR6467595	1110.4284524900102
XPO6	SRR6467596	2726
XPO6	SRR6467597	2525.315117785322
XPO6	SRR6467598	3904.035309672985
XPO6	SRR6467599	1087.0512245999025
XPO6	SRR6467600	879.2162477442434
XPO6	SRR6467601	383.12552942293416
XPO6	SRR6467602	1984.75044928297
XPO6	SRR6467603	1696
XPO6	SRR6467604	241.01393656764296
XPO6	SRR6467605	921.2808508463048
XPO6	SRR6467606	1421
XPO6	SRR6467607	1666
XPO6	SRR6467608	1920.0311865887718
XPO6	SRR6467609	1656.2979379666083
XPO6	SRR6467610	453.48178239496315
XPO6	SRR6467611	2604.074550260652
XPO6	SRR6467612	677.9119536523109
XPO6	SRR6467613	1715
XPO6	SRR6467614	2055
XPO6	SRR6467615	770.6675469189008
XPO6	SRR6467616	627.1434008648015
XPO6	SRR6467617	1147.602505115866
XPO6	SRR6467618	1409
XPO6	SRR6467619	1921.1878695326343
XPO6	SRR6467620	1119.8958275931434
XPO6	SRR6467621	1686.5698713479721
XPO6	SRR6467622	81.20486959773724
XPO6	SRR6467623	2953.372812764504
XPO6	SRR6467624	1518.2731098027243
XPO6	SRR6467625	1141
XPO6	SRR6467626	1935
XPO6	SRR6467627	487.8607900684997
XPO6	SRR6467628	2714
XPO6	SRR6467629	3387.87546395945
XPO6	SRR6467630	1430.0286673108606
XPO6	SRR6467631	1542.386738048244
XPO6	SRR6467632	953.7970565765269
XPO6	SRR6467633	1177
XPO6	SRR6467634	1300.1751958071452
XPO6	SRR6467635	2609.7901816448134
XPO6	SRR6467636	148.48190145959558
XPO6	SRR6467637	1851
XPO6	SRR6467638	2676
XPO6	SRR6467639	1140.6025953966273
XPO6	SRR6467640	248.08318756984602
XPO6	SRR6467641	667.1359195547748
XPO6	SRR6467642	6478.089181150598
XPO6	SRR6467643	1.0125130005061824
XPO6	SRR6467644	3118
XPO6	SRR6467645	2889.790636371207
XPO6	SRR6467646	1520
XPO6	SRR6467647	1759.8687201621158
XPO6	SRR6467648	524.0080633079496
XPO6	SRR6467649	1158.0965405542574
XPO6	SRR6467650	260.41750758518384
XPO6	SRR6467651	704.0450474574897
XPO6	SRR6467652	2149.386635682513
XPO6	SRR6467653	789.75936335411
XPO6	SRR6467654	1488.547521774382
XPO6	SRR6467655	1353
XPO6	SRR6467656	1854.9305917704396
XPO6	SRR6467657	3232
XPO6	SRR6467658	2842
XPO6	SRR6467659	2283.8546857411843
XPO6	SRR6467660	752.1114823534176
XPO6	SRR6467661	1945.7705145962243
XPO6	SRR6467662	1729.3285552537805
XPO6	SRR6467663	927.5815282074899
XPO6	SRR6467664	1824.45870842061
XPO6	SRR6467665	2414
XPO6	SRR6467666	1715
XPO6	SRR6467667	1862.0180115348903
XPO6	SRR6467668	1969.3702157022742
XPO6	SRR6467669	2050
XPO6	SRR6467670	5243
XPO6	SRR6467671	2316.6409377648192
XPO6	SRR6467672	140.2301287967231
XPO6	SRR6467673	451.28673920709895
XPO6	SRR6467674	1350.3943012220288
XPO6	SRR6467675	733.2827034710957
XPO6	SRR6467676	2685.378519867489
XPO6	SRR6467677	2091
XPO6	SRR6467678	1888
XPO6	SRR6467679	1699
XPO6	SRR6467680	173.84544698800545
XPO6	SRR6467681	2666
XPO6	SRR6467682	1434.5346727528174
XPO6	SRR6467683	375.15379435884944
XPO6	SRR6467684	1662.2983725599208
XPO6	SRR6467685	1.014095870178947
XPO6	SRR6467686	1015.4603835973461
XPO6	SRR6467687	2418.960976579177
XPO6	SRR6467688	1693
XPO6	SRR6467689	1130.0813551615445
XPO6	SRR6467690	823.4778270436871
XPO6	SRR6467691	979.4038281053213
XPO6	SRR6467692	1440.4465241834373
XPO6	SRR6467693	2087.7740417673726
XPO6	SRR6467694	1034.775114980168
XPO6	SRR6467695	1.0045689957386463
XPO6	SRR6467696	2586.017183952308
XPO6	SRR6467697	1665
XPO6	SRR6467698	847.9686475086355
XPO6	SRR6467699	2530
XPO6	SRR6467700	3426.2618391147103
XPO6	SRR6467701	2461
XPO6	SRR6467702	1.014337303678091
XPO6	SRR6467703	389.74897711070355
XPO6	SRR6467704	1574.3816208494693
XPO6	SRR6467705	837.4334183031417
XPO6	SRR6467706	1.0184705122861608
XPO6	SRR6467707	2014
XPO6	SRR6467708	1310.2573510248435
XPO6	SRR6467709	2925
XPO6	SRR6467710	1419.2760509749578
XPO6	SRR6467711	1497.041349741555
XPO6	SRR6467712	670.4569744128374
XPO6	SRR6467713	4639.84372214577
XPO6	SRR6467714	1.005971437060134
XPO6	SRR6467715	1970
XPO6	SRR6467716	1971
XPO6	SRR6467717	160.95264919445444
XPO6	SRR6467718	40.61636568685273
XPO6	SRR6467719	1483.3273643888085
XPO6	SRR6467720	2001
XPO6	SRR6467721	1601.591009778003
XPO6	SRR6467722	2480.095028000438
XPO6	SRR6467723	2243
XPO6	SRR6467724	4040
XPO6	SRR6467725	1667
XPO6	SRR6467726	1764.1601117356538
XPO6	SRR6467727	1397.1921007335318
XPO6	SRR6467728	2133
XPO6	SRR6467729	1168.9996671178255
XPO6	SRR6467730	1167.4772299607769
XPO6	SRR6467731	818.0037587885842
XPO6	SRR6467732	2961.5511845094593
XPO6	SRR6467733	1417.4420120031755
XPO6	SRR6467734	3036.622408424671
XPO6	SRR6467735	996.1660023422226
XPO6	SRR6467736	2551.7287229875037
XPO6	SRR6467737	1088.7152063103551
XPO6	SRR6467738	457.1644563998666
XPO6	SRR6467739	2046
XPO6	SRR6467740	1010.3697228432533
XPO6	SRR6467741	1677.4130657685673
XPO6	SRR6467742	1789
XPO6	SRR6467743	1507
XPO6	SRR6467744	2592
XPO6	SRR6467745	1829.6581854602978
XPO6	SRR6467746	597.7044416531731
XPO6	SRR6467747	2773.670589167364
XPO6	SRR6467748	2661.14447643564
XPO6	SRR6467749	1403
XPO6	SRR6467750	1365.2307357522852
XPO6	SRR6467751	1.0151179163865762
XPO6	SRR6467752	648.2819362950414
XPO6	SRR6467753	2861.472233211899
XPO6	SRR6467754	2327.8208018751375
XPO6	SRR6467755	1511.678577347178
XPO6	SRR6467756	1472.8535770517537
XPO6	SRR6467757	1834
XPO6	SRR6467758	1499
XPO6	SRR6467759	678.8227905170829
XPO6	SRR6467760	1552.9184522293453
XPO6	SRR6467761	2257.2443886920205
XPO6	SRR6467762	1305.5021914495903
XPO6	SRR6467763	3758.5752481697277
XPO6	SRR6467764	4029.9033463349087
XPO6	SRR6467765	1561.9395611143711
XPO6	SRR6467766	876.816168703163
XPO6	SRR6467767	1.0068063252571833
XPO6	SRR6467768	697.5963987720453
XPO6	SRR6467769	1.0179804857499088
XPO6	SRR6467770	1606
XPO6	SRR6467771	2486.610522633882
XPO6	SRR6467772	1093.724647083981
XPO6	SRR6467773	1261.9291120364244
XPO6	SRR6868540	3802.5812316328147
XPO6	SRR6868541	374.12241623824787
XPO6	SRR6868542	1095.1498345806363
XPO6	SRR6868543	1215.309636857128
XPO6	SRR6868544	2812.9112153663177
XPO6	SRR6868545	432.5217325626592
XPO6	SRR6868546	1475.0989244966472
XPO6	SRR6868557	1.0593600439616915
XPO6	SRR6868558	310.6017083543065
XPO6	SRR6868559	1718.6321345880372
XPO6	SRR6868560	3430.9303723950893
XPO6	SRR6868569	3411.9940120667484
XPO6	SRR6868570	1418.2858429468372
XPO6	SRR6868571	156.71161360286203
XPO6	SRR6868572	3623.435588689036
XPO6	SRR6868573	2111.72237158665
XPO6	SRR6868574	2165.196121879303
XPO6	SRR6868575	1.0259969817544445
XPO6	SRR6868576	282.44834008895043
XPO6	SRR6868577	1307.513100715948
XPO6	SRR6868578	1281.6582499843898
XPO6	SRR6868579	2434.7711071962394
XPO6	SRR6868580	2953.490894150573
XPO6	SRR6868581	154.09624774693256
XPO6	SRR6868582	3590.4958542805857
XPO6	SRR6868585	661.4875023230682
XPO6	SRR6868586	1150.8818788869478
XPO6	SRR6868587	1.060061410485746
XPO6	SRR6868588	2250.0762591531698
XPO6	SRR6868589	2592.2924833021525
XPO6	SRR6868590	2325.9044561101186
XPO6	SRR6868591	2250.152783123904
XPO6	SRR6868604	1526.7099184109113
XPO6	SRR6868605	2078.645368798761
XPO6	SRR6868606	280.0450525999145
XPO6	SRR6868607	2316.5872189692927
XPO6	SRR6868608	3986.1919791892974
XPO6	SRR6868609	662.0174271642312
XPO6	SRR6868610	1679.5701704233375
XPO6	SRR6868620	2804.6076012217086
XPO6	SRR6868621	1302.0999945568956
XPO6	SRR6868622	1389.8866784283473
XPO6	SRR6868623	2003.417102240795
XPO6	SRR6868636	2528.622900346123
XPO6	SRR6868637	4173.199602549525
XPO6	SRR6868638	4926.363501644687
XPO6	SRR6868639	447.7998601190539
XPO6	SRR6868650	2077.5840466942086
XPO6	SRR6868651	1149.551187499196
XPO6	SRR6868652	2182.0164830300746
XPO6	SRR6868653	1085.1867966701268
XPO6	SRR6868654	3482.8755471085838
XPO6	SRR6868655	945.347984638611
XPO6	SRR6868665	3420.7876509234743
XPO6	SRR6868666	2774.18134742595
XPO6	SRR6868667	208.37771056210786
XPO6	SRR6868668	5917.929316492211
XPO6	SRR6868669	1441.935444258699
XPO6	SRR6868670	2392.5130228744365
XPO6	SRR6868671	6305.929873114672
XPO6	SRR6868683	3149.869817001513
XPO6	SRR6868684	1033.048326427054
XPO6	SRR6868685	3065.998781102829
XPO6	SRR6868686	2891.547751696014
XPO6	SRR6868687	7898.296903030025
XPO6	SRR6868688	1018.1418980101503
XPO6	SRR6868689	2643.7501671680143
XPO6	SRR6868698	631.3963920959164
XPO6	SRR6868699	2244.731963428943
XPO6	SRR6868700	343.4598864144288
XPO6	SRR6868701	4406.25532794864
XPO6	SRR6868702	1911.583032049927
XPO6	SRR6868713	1260.0671551537723
XPO6	SRR6868714	1132.789295739793
XPO6	SRR6868715	2344.391590236415
XPO6	SRR6868716	2414.112163264655
XPO6	SRR6868717	3323.8903566624617
XPO6	SRR6868718	4705.281227246646
XPO6	SRR6868719	4208.808894988848
XPO6	SRR6868720	2632.2704269153437
XPO6	SRR6868721	951.6320871348754
XPO6	SRR6868722	678.2724568693073
XPO6	SRR6868723	1339.8253750827525
XPO6	SRR6868724	907.7601653161605
XPO6	SRR6868725	2764.4990701727534
XPO6	SRR6868726	3845.2530317484907
XPO6	SRR6868741	1518.7726803810554
XPO6	SRR7632756	2561.983852557079
XPO6	SRR7632757	923.9322241601288
XPO6	SRR7632758	2131.424619396014
XPO6	SRR7632759	1349.0051986318967
XPO6	SRR7632760	1821.176418150115
XPO6	SRR7632761	2250.981593107081
XPO6	SRR7632762	256.9149734593213
XPO6	SRR7632763	1064.1514118565806
XPO6	SRR7632764	708.2635158323934
XPO6	SRR7632765	2541.660082507852
XPO6	SRR7632766	902.2249674327423
XPO6	SRR7632767	3167.495686473731
XPO6	SRR7632768	1532.411760171778
XPO6	SRR7632769	5512.550309493889
XPO6	SRR7632770	3017.779399711766
XPO6	SRR7632771	1239.3534146638485
XPO6	SRR7632772	2967.8071336132234
XPO6	SRR7632773	3044.43800259633
XPO6	SRR7632774	2005.6496878302823
XPO6	SRR7632775	737.1995369393251
XPO6	SRR7632776	1056.570648771145
XPO6	SRR7632777	854.0657389220007
XPO6	SRR7632778	1895.886031415241
XPO6	SRR7632779	2847.4735798493625
XPO6	SRR7632780	2541.3513031106463
XPO6	SRR7632781	1.061425531429259
XPO6	SRR7632782	1792.1815327136276
XPO6	SRR7632783	3644.5527069854716
XPO6	SRR7632784	2124.3240643342083
XPO6	SRR7632785	3003.40319188089
XPO6	SRR7632786	449.8876519096582
XPO6	SRR7632787	5371.943761147113
XPO6	SRR7632788	4591.383180073195
XPO6	SRR7632789	1651.4269815507955
XPO6	SRR7632790	1537.961748398791
XPO6	SRR7632791	658.1877426794634
XPO6	SRR7632792	1948.1131257403072
XPO6	SRR7632793	1461.4819121958674
XPO6	SRR7632794	2711.7103462671707
XPO6	SRR7632795	4460.345503631135
XPO6	SRR7632796	914.4486231386356
XPO6	SRR7632797	1.1507956722511705
XPO6	SRR7632798	1701.6934520040616
XPO6	SRR7632799	970.9987890978955
XPO6	SRR7632800	1246.3852631565242
XPO6	SRR7632801	2141.2067935342193
XPO6	SRR7632802	419.1731899246002
XPO6	SRR7632803	2106.3594588735846
XPO6	SRR7632804	503.5893574451872
XPO6	SRR7632805	3391.4595000375543
XPO6	SRR7632806	3238.873258071057
XPO6	SRR7632807	2607.5341442466865
XPO6	SRR7632808	2073.9100330151473
XPO6	SRR7632809	413.2182026253793
XPO6	SRR7632810	1702.0729283028468
XPO6	SRR7632811	2080.0630935330646
XPO6	SRR7632812	2436.3765527579067
XPO6	SRR7632813	2137.188545090697
XPO6	SRR7632814	3650.951964586603
XPO6	SRR7632815	2093.3471548784996
XPO6	SRR7632816	1.07528181517056
XPO6	SRR7632817	573.9139691233657
XPO6	SRR7632818	7107.3523295352215
XPO6	SRR7632819	3819.3226776452398
XPO6	SRR7632820	2581.6524913040435
XPO6	SRR7632821	3659.304360316325
XPO6	SRR7632822	1852.0151845106511
XPO6	SRR7632823	4330.877783501147
XPO6	SRR7632824	2746.5063322086176
XPO6	SRR7632825	2758.723813220137
XPO6	SRR7632826	4550.934077473581
XPO6	SRR7632827	168.76740612778016
XPO6	SRR7632828	1069.0888549881313
XPO6	SRR7632829	1432.4627826043584
XPO6	SRR7632830	746.494231477879
XPO6	SRR7632831	2865.3422909533856
XPO6	SRR7632832	1512.7026517773863
XPO6	SRR7632833	297.641581397846
XPO6	SRR7632834	645.3018913980409
XPO6	SRR7632835	1.1099100147247651
XPO6	SRR7632836	1420.9118791402243
XPO6	SRR7632837	2364.151086630272
XPO6	SRR7632838	606.8923188308065
XPO6	SRR7632839	2871.6139707278962
XPO6	SRR7632840	848.1618630023427
XPO6	SRR7632841	1.1192560986710782
XPO6	SRR7632842	2566.7700595224323
XPO6	SRR7632843	121.38930047746297
XPO6	SRR7632844	542.6875911390601
XPO6	SRR7632845	2597.9393109293233
XPO6	SRR7632846	790.2663463719828
XPO6	SRR7632847	1116.6682334501577
XPO6	SRR7632848	1610.5718741900491
XPO6	SRR7632849	2405.072724859314
XPO6	SRR7632850	1178.9988898163083
XPO6	SRR7632851	2628.311008005187
XPO6	SRR7632852	3222.0549360656314
XPO6	SRR7632853	2920.7555956971105
XPO6	SRR7632854	2131.98572466827
XPO6	SRR7632855	4160
XPO6	SRR7632856	3127.1449573035716
XPO6	SRR7632857	1.0735764544763629
XPO6	SRR7632858	580.8084529551853
XPO6	SRR7632859	700.71136966261
XPO6	SRR7632860	837.7008075732562
XPO6	SRR7632861	107.54698938247437
XPO6	SRR7632862	595.20564315475394
XPO6	SRR7632863	1.127463190129664
XPO6	SRR7632864	1.1215525506364097
XPO6	SRR7632865	5439.949797400222
XPO6	SRR7632866	2446.7790360415747
XPO6	SRR7632867	1199.2147351304109
XPO6	SRR7632868	499.48118578251217
XPO6	SRR7632869	869.7505195944319
XPO6	SRR7632870	1545.8502682666185
XPO6	SRR7632871	294.2771100649226
XPO6	SRR7632872	903.1859071539191
XPO6	SRR7632873	2651.108118778754
XPO6	SRR7632874	2273.02546256427
XPO6	SRR7632875	2232.680108056473
XPO6	SRR7632876	1799.1376330813641
XPO6	SRR7632877	507.01552275663914
XPO6	SRR7632878	1427.8460687724673
XPO6	SRR7632879	3327.525028998692
XPO6	SRR7632880	938.1731142928652
XPO6	SRR7632881	951.9172454096489
XPO6	SRR7632882	1403.7405282602067
XPO6	SRR7632883	816.960771916203
XPO6	SRR7632884	949.9761891742587
XPO6	SRR7632885	1882.3101338338076
XPO6	SRR7632886	1184.05095332648
XPO6	SRR7632887	1815.1630259290453
XPO6	SRR7632888	1002.6856106093101
XPO6	SRR7632889	280.2680046014447
XPO6	SRR7632890	1.1020636592092161
XPO6	SRR7632891	360.1857352490193
XPO6	SRR7632892	2427.0723367838905
XPO6	SRR7632893	560.5936156465544
XPO6	SRR7632894	500.49352068434445
XPO6	SRR7632895	1425.3327181324062
XPO6	SRR7632896	1366.258031695149
XPO6	SRR7632897	3061.455564865728
XPO6	SRR7632898	2243.3513911993055
XPO6	SRR7632899	1712.8251586282797
XPO6	SRR7632900	1691.196886485033
XPO6	SRR7632901	1914.098556195078
XPO6	SRR7632902	809.9921165786233
XPO6	SRR7632903	2241.818419350716
XPO6	SRR7632904	30.525966759180342
XPO6	SRR7632905	1.0931759253599354
XPO6	SRR7632906	1538.9849142151884
XPO6	SRR7632907	428.56149593168203
XPO6	SRR7632908	2495.9614915117227
XPO6	SRR7632909	5047.376564911437
XPO6	SRR7632910	702.7312330815937
XPO6	SRR7632911	1347.269059580429
XPO6	SRR7632912	1582.3558381633732
XPO6	SRR7632913	1.0587224433384341
XPO6	SRR7632914	632.1086029588387
XPO6	SRR7632915	1.044956647947262
XPO6	SRR7632916	1109.6343671823777
XPO6	SRR7632917	1.0523945550985883
XPO6	SRR7632918	744.7648161586135
XPO6	SRR7632919	3019.141361409864
XPO6	SRR7632920	3500.0775668202755
XPO6	SRR7632921	1733.825623207606
XPO6	SRR7632922	2189.8859812107994
XPO6	SRR7632923	1774.394177002627
XPO6	SRR7632924	988.3159131216452
XPO6	SRR7632925	310.52615526777697
XPO6	SRR7632926	1563.3958784915023
XPO6	SRR7632927	866.4204902616241
XPO6	SRR7632928	3120.2777784567447
XPO6	SRR7632929	443.37463718383475
XPO6	SRR7632930	4152.733663959873
XPO6	SRR7632931	4747.414973913732
XPO6	SRR7632932	1190.8291429530937
XPO6	SRR7632933	1561.5336421929924
XPO6	SRR7632934	2973.9937325866044
XPO6	SRR7632935	2233.3572785163215
XPO6	SRR7632936	1564.2524578878713
XPO6	SRR7632937	1595.7776815640784
XPO6	SRR7632938	1207.3711536386877
XPO6	SRR7632939	464.70289951113375
XPO6	SRR7632940	2906.9208031647713
XPO6	SRR7632941	954.0577118226892
XPO6	SRR7632942	991.3058591404101
XPO6	SRR7632943	6176
XPO6	SRR7632944	1699.683832240572
XPO6	SRR7632945	8265
XPO6	SRR8928966	1961.3054994809013
XPO6	SRR8928967	1480.385601137915
XPO6	SRR8928968	2425.1001586034904
XPO6	SRR8928969	2709.613144170065
XPO6	SRR8928970	2639.5624186505834
XPO6	SRR8928971	2299.830627003666
XPO6	SRR8928972	1441.2751671483225
XPO6	SRR8928973	1966.7608823729868
XPO6	SRR8928974	779.4339838160249
XPO6	SRR8928975	961.0609041501908
XPO6	SRR8928976	1725.773400854855
XPO6	SRR8928977	1337.9410297440938
XPO6	SRR8928978	1687.3140865532337
XPO6	SRR8928979	1520.398489968042
XPO6	SRR8928980	2125.512618899876
XPO6	SRR8928981	1600.7011348046162
XPO6	SRR8928982	2565.143157734806
XPO6	SRR8928983	2544.029347186669
XPO6	SRR8928984	3011.9334339784946
XPO6	SRR8928985	1264.2010644455795
XPO6	SRR8928986	1806.3015139475626
XPO6	SRR8928987	1909
XPO6	SRR8928988	8175
XPO6	SRR8928989	1495.5128351696924
XPO6	SRR8928990	2161.6996637071074
XPO6	SRR8928991	2047.2211803329144
XPO6	SRR9835604	475.7696301751157
XPO6	SRR9835605	1752.801167217783
XPO6	SRR9835606	1876.1288710018734
XPO6	SRR9835607	2110.338719332691
XPO6	SRR9835608	651.6204238339529
XPO6	SRR9835609	2391
XPO6	SRR9835610	2744.808449619997
XPO6	SRR9835611	1762.9557202811532
XPO6	SRR9835612	6154.822879368704
XPO6	SRR9835613	1510.9690984643212
XPO6	SRR9835614	1416.2663981414414
XPO6	SRR9835615	620.691735979912
XPO6	SRR9835616	2218.5148939421542
XPO6	SRR9835617	808.4620519531956
XPO6	SRR9835618	2335.5393960062725
XPO6	SRR9835619	2952
XPO6	SRR9835620	1204.8748378320809
XPO6	SRR9835621	2637.4618110659444
XPO6	SRR9835622	2908.0413671355955
XPO6	SRR9835623	2054.3695438305635
XPO6	SRR9835624	349.5963320793877
XPO6	SRR9835625	2934.2989788536042
XPO6	SRR9835626	3057.4135530750114
XPO6	SRR9835627	1940.0390485656199
XPO6	SRR9835628	1673.034444623455
XPO6	SRR9835629	980.7102689986318
XPO6	SRR9835630	1.0557392610180325
XPO6	SRR9835631	1.0808176609581337
XPO6	SRR9835632	1425.3294870990605
XPO6	SRR9835633	1712.8702000645428
XPO6	SRR9835634	2737.376678599835
XPO6	SRR9835635	1432.027926612381
XPO6	SRR9835636	1759.6045687459386
XPO6	SRR9835637	5667.510084569972
XPO6	SRR9835638	1142.2068520406556
XPO6	SRR9835639	1341.0421775312059
XPO6	SRR9835640	569.3675894351748
XPO6	SRR9835641	2144.3759612647596
XPO6	SRR9835642	1725.1355393895453
XPO6	SRR9835643	2283.7627263486643
XPO6	SRR9835644	2549.3787349861723
XPO6	SRR9835645	363.46765394954554
XPO6	SRR9835646	1096.273822106848
XPO6	SRR9835647	2013.8820829022093
XPO6	SRR9835648	385.32764286838955
XPO6	SRR9835649	1234.5843493199814
XPO6	SRR9835650	2221.5048671516515
XPO6	SRR9835651	1957.4080288733683
XPO6	SRR9835652	768.1106787228997
XPO6	SRR9835653	3160.796731794603
XPO6	SRR9835654	956.6364329814159
XPO6	SRR9835655	2931.0743028518687
XPO6	SRR9835656	1549.1747674827413
XPO6	SRR9835657	1762.2464328884407
XPO6	SRR9835658	2167.3508052878838
XPO6	SRR9835659	1423.5558684684188
XPO6	SRR9835660	1702.9221347149123
XPO6	SRR9835661	3124.617409688048
XPO6	SRR9835662	896.9050628117693
XPO6	SRR9835663	1599.841941497831
XPO6	SRR9835664	4151.1517298524095
XPO6	SRR9835665	3089.895092251625
XPO6	SRR9835666	5108
XPO6	SRR9835667	1104.2444980795246
XPO6	SRR9835668	2504
XPO6	SRR9835669	2403.291192983936
XPO6	SRR9835670	4589.11365772874
XPO6	SRR9835671	2072.8080937372133
XPO6	SRR9835672	2647.714634675162
XPO6	SRR9835673	3612.6071729052096
XPO6	SRR9835674	3147.698336030766
XPO6	SRR9835675	1962.5367632390203
XPO6	SRR9835676	1.0891346753691427
XPO6	SRR9835677	1603.2499844024119
XPO6	SRR9835678	2281.81419072177
XPO6	SRR9835679	5248.482237597791
XPO6	SRR9835680	313.502663075894
XPO6	SRR9835681	2090.3549093168667
XPO6	SRR9835682	141.0738118015166
XPO6	SRR9835683	1923.1240025413308
XPO6	SRR9835684	383.4626031744376
XPO6	SRR9835685	1183.0323507199944
XPO6	SRR9835686	800.6915125747927
XPO6	SRR9835687	2374.1112725863813
XPO6	SRR9835688	3182
XPO6	SRR9835689	2582.9465811317277
XPO6	SRR9835690	2179.3749429039053
XPO6	SRR9835691	1836.4143474980085
XPO6	SRR9835692	582.5163762655206
XPO6	SRR9835693	3630.7718342258026
XPO6	SRR9835694	1156.955166099183
XPO6	SRR9835695	1966.2317778990719
XPO6	SRR9835696	1178.5361583837328
XPO6	SRR9835697	1278.5681644721549
XPO6	SRR9835698	5327.349827452574
XPO6	SRR9835699	2693.3572390825825
XPO6	SRR9835700	4822.906758898104
XPO6	SRR9835701	1478.1728375847335
XPO6	SRR9835702	3403
XPO6	SRR9835703	2766.9850399537563
XPO6	SRR9835704	1600.431810899314
XPO6	SRR9835705	2196.7438829544662
XPO6	SRR9835706	1.0792635155154793
XPO6	SRR9835707	2951.2739712599882
XPO6	SRR9835708	2384.5325492846328
XPO6	SRR9835709	2826.31401443245
XPO6	SRR9835710	1417.3454304244722
XPO6	SRR9835711	3178.406930293047
XPO6	SRR9835712	1676.2163608943044
XPO6	SRR9835713	2479.7174199520955
XPO6	SRR9835714	2035.1406820139018
XPO6	SRR9835715	2060.58243789386
XPO6	SRR9835716	1802.3695397920383
XPO6	SRR9835717	3065.5537586092323
XPO6	SRR9835718	1306.086806275652
XPO6	SRR9835719	1567.7378653376675
XPO6	SRR9835720	1547.6885387689551
XPO6	SRR9835721	1762.5332193066697
XPO6	SRR9835722	620.067812596512
XPO6	SRR9835723	4446
XPO6	SRR9835724	2446.1435348447294
XPO6	SRR9835725	414.2282543845931
XPO6	SRR9835726	2861.058054472883
XPO6	SRR9835727	1578.834296017728
XPO6	SRR9835728	900.4651175335367
XPO6	SRR9835729	1322.2748188494413
XPO6	SRR9835730	4174.432497900854
XPO6	SRR9835731	1.0511406103696055
XPO6	SRR9835732	1488.0046309154638
XPO6	SRR9835733	2269.1826230459465
XPO6	SRR9835734	1592.1720753540312
XPO6	SRR9835735	2533.631166273512
XPO6	SRR9835736	2738.1649044123924
XPO6	SRR9835737	3163.847886974739
XPO6	SRR9835738	3577.429941244345
XPO6	SRR9835739	2251.5105663717704
XPO6	SRR9835740	444.0322022931475
XPO6	SRR9835741	2271.0698546297604
XPO6	SRR9835742	730.5673698176704
XPO6	SRR9835743	584.4805372527353
XPO6	SRR9835744	2576.0217519726566
XPO6	SRR9835745	12558.279522234052
XPO6	SRR9835746	1123.3468329149082
XPO6	SRR9835747	2499.4112005148722
XPO6	SRR9835748	891.687642453078
XPO6	SRR9835749	3068
XPO6	SRR9835750	1349.2632650001285
XPO6	SRR9835751	3705.4999920145697
XPO6	SRR9835752	214.4400261003665
XPO6	SRR9835753	1076.7039590497961
XPO6	SRR9835754	4117.614735877775
XPO6	SRR9835755	1153.0512053166658
XPO6	SRR9835756	141.32950420470098
XPO6	SRR9835757	1710.9087616029674
XPO6	SRR9835758	1661.662105781417
XPO6	SRR9835759	1994.1695922940653
XPO6	SRR9835760	3512
XPO6	SRR9835761	1574.2831849996628
XPO6	SRR9835762	1.102947594059923
XPO6	SRR9835763	1451.2550454681955
XPO6	SRR9835764	2075.65682794177
XPO6	SRR9835765	713.557612685377
XPO6	SRR9835766	1116.8677298622488
XPO6	SRR9835767	330.94793678496376
XPO6	SRR9835768	1984
XPO6	SRR9835769	3337
XPO6	SRR9835770	629.5089085205585
XPO6	SRR9835771	2049.17568921862
XPO6	SRR9835772	629.9343307781074
XPO6	SRR9835773	3282
XPO6	SRR9835774	577.8568975899802
XPO6	SRR9835775	3854.8896558591246
XPO6	SRR9835776	2166.0687434362235
XPO6	SRR9835777	3618.8332982412903
XPO6	SRR9835778	1533.5395334746315
XPO6	SRR9835779	1489.5042492488217
XPO6	SRR9835780	1647.6379493988943
XPO6	SRR9835781	1566.0653942193555
XPO6	SRR9835782	1744.7906560358435
XPO6	SRR9835783	5249
XPO6	SRR9835784	1469.065930140543
XPO6	SRR9835785	235.98605644954927
XPO6	SRR9835786	942.2645440041647
XPO6	SRR9835787	2340.760137291048
XPO6	SRR9835788	1736.9159518819492
XPO6	SRR9835789	5463
XPO6	SRR9835790	844.1035366019383
XPO6	SRR9835791	634.1930900896607
XPO6	SRR9835792	5350.573659389265
XPO6	SRR9835793	2521.163546995987
XPO6	SRR9835794	2982.536504236972
XPO6	SRR9835795	140.6333074429566
XPO6	SRR9835796	4758.417426749564
XPO6	SRR9835797	2921
XPO6	SRR9835798	3501.6648969255148
XPO6	SRR9835799	1584.223451003647
XPO6	SRR9835800	2778.2892736684103
XPO6	SRR9835801	1809.1205683266967
XPO6	SRR9835802	2601.43391038043
XPO6	SRR9867812	2183.2498729609356
XPO6	SRR9867813	722.9495412470641
XPO6	SRR9867814	722.4122081865353
XPO6	SRR9867815	1870.6779378115948
XPO6	SRR9867816	2715
XPO6	SRR9867817	1105.258584933349
XPO6	SRR9867818	2541
XPO6	SRR9867819	97.43919447432073
XPO6	SRR9867820	3622
XPO6	SRR9867821	2899
XPO6	SRR9867822	1446.6761807161633
XPO6	SRR9867823	2335.7210057578754
XPO6	SRR9867824	2685.0520474750456
XPO6	SRR9867825	727.7032736528242
XPO6	SRR9867826	1024.6702816317131
XPO6	SRR9867827	2284.2282163588707
XPO6	SRR9867828	1185.6580062454525
XPO6	SRR9867829	1379.1658239791152
XPO6	SRR9867830	2282
XPO6	SRR9867831	1238.9858669499818
XPO6	SRR9879292	3739.87356265956
XPO6	SRR9879293	810.6300595373117
XPO6	SRR9879294	403.9472513150835
XPO6	SRR9879295	584.3012745787393
XPO6	SRR9879296	763.0293531650266
XPO6	SRR9879297	700.6905525984336
XPO6	SRR9879298	1027.8349961982456
XPO6	SRR9879299	1595.63485826904
XPO6	SRR9879300	886.8135853002617
XPO6	SRR9879301	1881.676898223521
XPO6	SRR9879302	1209.3787050638932
XPO6	SRR9879303	1572.5410620742941
XPO6	SRR9879304	604.9400498624931
XPO6	SRR9879305	1288.8629304099168
XPO6	SRR9879306	2653
XPO6	SRR9879307	2479.138094811676
XPO6	SRR9879308	1015.4302000667583
XPO6	SRR9879309	988.4223921524411
XPO6	T50_307	3216.169667267287
XPO6	T50_313	1229.3834937231597
XPO6	T50_317	1662.8416503326039
XPO6	T50_324	2190.9321302152844
XPO6	T50_427	1044.092232058039
XPO6	T50_428	2748.8634753993583
XPO6	T50_431	1931.1289848983204
XPO6	T50_436	1434.2291075350388
XPO6	T50_476	2417.4802957573415
XPO6	UN_307	1.0128719438885714
XPO6	UN_313	1.0139486719753832
XPO6	UN_317	1.007999716801276
XPO6	UN_323	3715.309081590785
XPO6	UN_324	1.0213963291259884
XPO6	UN_427	2722.817010931938
XPO6	UN_428	674.6061025632278
XPO6	UN_431	1669.062963167189
XPO6	UN_436	1247.799705760169
XPO6	UN_476	2150.913323937942
