Feature	sample	counts
Sordariales	CM317	5.313668428463111
Sordariales	CMCD140	7.694951162041057
Sordariales	CMCD147	6.562797189203627
Sordariales	CMCD152	16.66690347153022
Sordariales	CMCD154	8.018625870951192
Sordariales	CMCD159	7.636121226596076
Sordariales	CMCD161	13.642471489420588
Sordariales	CMCD174	7.608940609184617
Sordariales	CMCD196	19.63119854661305
Sordariales	CMCD198	9.215114187108151
Sordariales	CMCD203	10.455031610015224
Sordariales	CMCD211	20.180166075936896
Sordariales	CMCD227	28.934363661107607
Sordariales	CMCD240	45.75661150781381
Sordariales	CMCD259	19.0259081679468
Sordariales	CMCD270	21.009065863612644
Sordariales	CMCD275	9.640882003467892
Sordariales	CMCD282	10.270519042017115
Sordariales	CMCD286	33.306776662165646
Sordariales	CMCD287	40.645059420122756
Sordariales	CMCD294	8.770881231729803
Sordariales	CMCD327	8.446017296591526
Sordariales	CMCD335	10.32964510585391
Sordariales	CMCD337	9.144929438227619
Sordariales	CMCD357	10.010826596901413
Sordariales	CMCD398	6.489242737660597
Sordariales	CMCD403	8.23864062977307
Sordariales	CMCD422	12.702134487439919
Sordariales	CMCD426	7.968777044613184
Sordariales	CMCD71	8.169867477389003
Sordariales	CMCD72	10.619090276667565
Sordariales	CMCD76	22.757231583615834
Sordariales	CMCD88	12.1225544273949
Sordariales	CMSA256	15.304300967327341
Sordariales	CMSA316	4.804951380941401
Sordariales	CMUC110	20.89770552942698
Sordariales	CMUC192	16.90217562136224
Sordariales	CMUC199	6.144514368154084
Sordariales	CMUC200	19.195904888130805
Sordariales	CMUC208	8.194551262863298
Sordariales	CMUC231	47.38270087466429
Sordariales	CMUC234	32.10524953674593
Sordariales	CMUC285	23.054157060675553
Sordariales	CMUC291	15.604386809115816
Sordariales	CMUC295	23.606726158094354
Sordariales	CMUC299	49.44742471991052
Sordariales	CMUC301	38.2953236705274
Sordariales	CMUC307	15.610676578970526
Sordariales	CMUC313	7.971386480102652
Sordariales	CMUC314	8.026806990820447
Sordariales	CMUC323	9.221590682984097
Sordariales	CMUC324	7.345770115711741
Sordariales	CMUC331	12.003624435937558
Sordariales	CMUC333	14.903513721604261
Sordariales	CMUC334	7.346141784128775
Sordariales	CMUC346	9.59561353836948
Sordariales	CMUC352	7.137859403473594
Sordariales	CMUC360	17.235952786322798
Sordariales	CMUC363	6.199678824368814
Sordariales	CMUC365	7.564818809737703
Sordariales	CMUC366	9.573225172488321
Sordariales	CMUC368	13.097564170886661
Sordariales	CMUC377	9.85709674404854
Sordariales	CMUC379	6.927519374498888
Sordariales	CMUC380	12.740602747861447
Sordariales	CMUC383	16.951958578098512
Sordariales	CMUC394	7.11310426865933
Sordariales	CMUC419	9.159627466461213
Sordariales	CMUC427	12.981079960464516
Sordariales	CMUC428	8.243012376133489
Sordariales	CMUC431	8.745301889807859
Sordariales	CMUC435	7.985180251452441
Sordariales	CMUC439	8.865143985437035
Sordariales	CMUC89	11.8701137453027
Sordariales	CS219	15.443667824370085
Sordariales	CS256	34.270499127190526
Sordariales	CS257	6.589305119643756
Sordariales	CS259	15.011513723287646
Sordariales	CS261	7.907062737112531
Sordariales	CS266	8.87935943837916
Sordariales	CS270	6.195435754918324
Sordariales	CS277	9.57905038830183
Sordariales	CS288	8.105112956539234
Sordariales	CS290	11.50255335564194
Sordariales	CS292	22.845304696420687
Sordariales	CS293	8.655923303358202
Sordariales	CS301	7.809474491363096
Sordariales	CS306	3.001853487658701
Sordariales	CS308	6.93906870634733
Sordariales	CS315	7.320668486139666
Sordariales	CS317	5.080160480681344
Sordariales	CS322	12.543416454290144
Sordariales	CS327	10.329577396559593
Sordariales	CS328	5.330043408508196
Sordariales	CS330	9.663517196840967
Sordariales	CS331	6.298520157347877
Sordariales	CS335	5.022955310275415
Sordariales	CS338	6.384068281764299
Sordariales	CS339	4.636676468132752
Sordariales	CS343	8.323587703944257
Sordariales	CS344	8.657397687465366
Sordariales	CS350	5.992245299640424
Sordariales	CS351	7.048282012959105
Sordariales	CS361	7.465623962695812
Sordariales	CS388	7.0350777534597215
Sordariales	CS396	9.35786749220936
Sordariales	CS405	5.934799965182949
Sordariales	CS415	3.034452055849794
Sordariales	CS424	8.948160690817122
Sordariales	IM293	13.66887837085199
Sordariales	IM296	8.669993415903129
Sordariales	IM297	17.257118396930537
Sordariales	IM300	11.068406936671751
Sordariales	IM305	10.179961110220265
Sordariales	IM309	6.690967368175537
Sordariales	IM310	7.890481656848892
Sordariales	IM311	6.912377730080895
Sordariales	IM316	9.41479756594179
Sordariales	IM320	7.37745041779987
Sordariales	IM330	8.276244365010184
Sordariales	IM332	5.488353228164712
Sordariales	IM340	7.633266566625961
Sordariales	IM348	10.950490629161676
Sordariales	IM354	13.051329089782081
Sordariales	IM356	10.854067744416184
Sordariales	IM364	7.329714874648614
Sordariales	IM372	4.625745245753879
Sordariales	IM374	6.0638646425303815
Sordariales	IM376	5.945442113478933
Sordariales	IM381	6.662075366786864
Sordariales	IM382	9.299301319839762
Sordariales	IM385	30.241292873132526
Sordariales	IM390	7.307372979620036
Sordariales	IM397	10.254206725720977
Sordariales	IM404	7.788774805677927
Sordariales	IM409	13.005455443658297
Sordariales	IM412	7.53654129971695
Sordariales	IM421	7.608276847217472
Sordariales	IM425	6.675304269324761
Sordariales	IM432	7.17279638340435
Sordariales	IM438	21.8795153157261
Sordariales	IM442	6.345300304768693
Sordariales	IM445	16.27521217457807
Sordariales	IM448	10.087086645074313
Sordariales	IM449	10.580898814174462
Sordariales	IM451	13.430192035032876
Sordariales	IMSA256	55.775644673970064
Sordariales	IMSA276	6.962126542644039
Sordariales	IMSA286	11.103130663869893
Sordariales	IMSA343	7.903561367083967
Sordariales	IS_238	65.67906876457651
Sordariales	IS238	14.655034444743075
Sordariales	IS243	69.79842407876595
Sordariales	IS253	51.32485259474393
Sordariales	IS283	11.899557555088693
Sordariales	IS322	6.129136671496363
Sordariales	IS399	7.523743398198494
Sordariales	IS418	4.705467021751557
Sordariales	IS430	16.88050756214205
Sordariales	IS437	6.735531106539715
Sordariales	IS444	5.903042958919658
Sordariales	R276CMSA	6.251030134103232
Sordariales	R286CMSA	46.89511485947418
Sordariales	R292CMSA	11.514232433288399
Sordariales	R292IMSA	7.764563638201156
Sordariales	R308CMSA	5.493687401971474
Sordariales	R316IMSA	11.256029605817462
Sordariales	R347CMSA	10.070243408045013
Sordariales	R347IMSA	13.497906730074659
Sordariales	R371CMSA	18.764512896474827
Sordariales	SRR10104064	NA
Sordariales	SRR10104065	NA
Sordariales	SRR10104066	NA
Sordariales	SRR10104067	NA
Sordariales	SRR10104068	NA
Sordariales	SRR10104069	NA
Sordariales	SRR10104070	NA
Sordariales	SRR10104071	NA
Sordariales	SRR10104072	NA
Sordariales	SRR10104073	NA
Sordariales	SRR10104074	NA
Sordariales	SRR10104075	NA
Sordariales	SRR10104076	NA
Sordariales	SRR10104077	NA
Sordariales	SRR10104078	NA
Sordariales	SRR10104079	NA
Sordariales	SRR10104080	NA
Sordariales	SRR10104081	NA
Sordariales	SRR10104082	NA
Sordariales	SRR10104083	NA
Sordariales	SRR10104084	NA
Sordariales	SRR10104085	NA
Sordariales	SRR10104086	NA
Sordariales	SRR10104087	NA
Sordariales	SRR10104088	NA
Sordariales	SRR10104089	NA
Sordariales	SRR10104090	NA
Sordariales	SRR10104091	NA
Sordariales	SRR10104092	NA
Sordariales	SRR10104093	NA
Sordariales	SRR10104094	NA
Sordariales	SRR10104095	NA
Sordariales	SRR10104096	NA
Sordariales	SRR10104097	NA
Sordariales	SRR10104098	NA
Sordariales	SRR10104099	NA
Sordariales	SRR10104100	NA
Sordariales	SRR10104101	NA
Sordariales	SRR10104102	NA
Sordariales	SRR10104103	NA
Sordariales	SRR10104104	NA
Sordariales	SRR10104105	NA
Sordariales	SRR10104106	NA
Sordariales	SRR10104107	NA
Sordariales	SRR10104108	NA
Sordariales	SRR10104109	NA
Sordariales	SRR10104110	NA
Sordariales	SRR10104111	NA
Sordariales	SRR10104112	NA
Sordariales	SRR10104113	NA
Sordariales	SRR10104114	NA
Sordariales	SRR10104115	NA
Sordariales	SRR10104116	NA
Sordariales	SRR10104117	NA
Sordariales	SRR10104118	NA
Sordariales	SRR10104119	NA
Sordariales	SRR10104120	NA
Sordariales	SRR10104121	NA
Sordariales	SRR10104122	NA
Sordariales	SRR10104123	NA
Sordariales	SRR10104124	NA
Sordariales	SRR10104125	NA
Sordariales	SRR10104126	NA
Sordariales	SRR10104127	NA
Sordariales	SRR10104128	NA
Sordariales	SRR10104129	NA
Sordariales	SRR10104130	NA
Sordariales	SRR10104131	NA
Sordariales	SRR10104132	NA
Sordariales	SRR10104133	NA
Sordariales	SRR10104134	NA
Sordariales	SRR10104135	NA
Sordariales	SRR10104136	NA
Sordariales	SRR10104137	NA
Sordariales	SRR10104138	NA
Sordariales	SRR10104139	NA
Sordariales	SRR10104140	NA
Sordariales	SRR10104141	NA
Sordariales	SRR10104142	NA
Sordariales	SRR10104143	NA
Sordariales	SRR10104144	NA
Sordariales	SRR10104145	NA
Sordariales	SRR10104146	NA
Sordariales	SRR10104147	NA
Sordariales	SRR10104148	NA
Sordariales	SRR10104149	NA
Sordariales	SRR10104150	NA
Sordariales	SRR10104151	NA
Sordariales	SRR10104152	NA
Sordariales	SRR10104153	NA
Sordariales	SRR10104154	NA
Sordariales	SRR10104155	NA
Sordariales	SRR10104156	NA
Sordariales	SRR10104157	NA
Sordariales	SRR10104158	NA
Sordariales	SRR10104159	NA
Sordariales	SRR10104160	NA
Sordariales	SRR10104161	NA
Sordariales	SRR10104162	NA
Sordariales	SRR10104163	NA
Sordariales	SRR10104164	NA
Sordariales	SRR10104165	NA
Sordariales	SRR10104166	NA
Sordariales	SRR10104167	NA
Sordariales	SRR10104168	NA
Sordariales	SRR10104169	NA
Sordariales	SRR10104170	NA
Sordariales	SRR10104171	NA
Sordariales	SRR10104172	NA
Sordariales	SRR10104173	NA
Sordariales	SRR10104174	NA
Sordariales	SRR10104175	NA
Sordariales	SRR10104176	NA
Sordariales	SRR10104177	NA
Sordariales	SRR10104178	NA
Sordariales	SRR10104179	NA
Sordariales	SRR10104180	NA
Sordariales	SRR10104181	NA
Sordariales	SRR10104182	NA
Sordariales	SRR10104183	NA
Sordariales	SRR10104184	NA
Sordariales	SRR10104185	NA
Sordariales	SRR10104186	NA
Sordariales	SRR10104187	NA
Sordariales	SRR10104188	NA
Sordariales	SRR10104189	NA
Sordariales	SRR10104190	NA
Sordariales	SRR10104191	NA
Sordariales	SRR10104192	NA
Sordariales	SRR10104193	NA
Sordariales	SRR10104194	NA
Sordariales	SRR10104195	NA
Sordariales	SRR10104196	NA
Sordariales	SRR10104197	NA
Sordariales	SRR10104198	NA
Sordariales	SRR10104199	NA
Sordariales	SRR10104200	NA
Sordariales	SRR10104201	NA
Sordariales	SRR10104202	NA
Sordariales	SRR10104203	NA
Sordariales	SRR10104204	NA
Sordariales	SRR10104205	NA
Sordariales	SRR10104206	NA
Sordariales	SRR10104207	NA
Sordariales	SRR10104208	NA
Sordariales	SRR10104209	NA
Sordariales	SRR10104210	NA
Sordariales	SRR10104211	NA
Sordariales	SRR10104212	NA
Sordariales	SRR10104213	NA
Sordariales	SRR10104214	NA
Sordariales	SRR10104215	NA
Sordariales	SRR10104216	NA
Sordariales	SRR10104217	NA
Sordariales	SRR10104218	NA
Sordariales	SRR10104219	NA
Sordariales	SRR10104220	NA
Sordariales	SRR10104221	NA
Sordariales	SRR10104222	NA
Sordariales	SRR10104223	NA
Sordariales	SRR10104224	NA
Sordariales	SRR10104225	NA
Sordariales	SRR10104226	NA
Sordariales	SRR10104227	NA
Sordariales	SRR10104228	NA
Sordariales	SRR10104229	NA
Sordariales	SRR10104230	NA
Sordariales	SRR10104231	NA
Sordariales	SRR10104232	NA
Sordariales	SRR10104233	NA
Sordariales	SRR10104234	NA
Sordariales	SRR10104235	NA
Sordariales	SRR10104236	NA
Sordariales	SRR10104237	NA
Sordariales	SRR10104238	NA
Sordariales	SRR10104239	NA
Sordariales	SRR10104240	NA
Sordariales	SRR10104241	NA
Sordariales	SRR10104242	NA
Sordariales	SRR10104243	NA
Sordariales	SRR10104244	NA
Sordariales	SRR10104245	NA
Sordariales	SRR10104246	NA
Sordariales	SRR10104247	NA
Sordariales	SRR10104248	NA
Sordariales	SRR10104249	NA
Sordariales	SRR10104250	NA
Sordariales	SRR10104251	NA
Sordariales	SRR10104252	NA
Sordariales	SRR10104253	NA
Sordariales	SRR10104254	NA
Sordariales	SRR10104255	NA
Sordariales	SRR10104256	NA
Sordariales	SRR10104257	NA
Sordariales	SRR10104258	NA
Sordariales	SRR10224277	7.055063708305795
Sordariales	SRR10224278	7.055063708305795
Sordariales	SRR10224279	7.055063708305795
Sordariales	SRR10224280	7.055063708305795
Sordariales	SRR10224281	7.055063708305795
Sordariales	SRR10224282	7.055063708305795
Sordariales	SRR10224283	7.055063708305795
Sordariales	SRR10224284	7.055063708305795
Sordariales	SRR10224285	7.055063708305795
Sordariales	SRR10224286	7.055063708305795
Sordariales	SRR10224287	7.055063708305795
Sordariales	SRR10224288	7.055063708305795
Sordariales	SRR10224289	7.055063708305795
Sordariales	SRR10224290	7.055063708305795
Sordariales	SRR10224291	7.055063708305795
Sordariales	SRR10224292	7.055063708305795
Sordariales	SRR10224293	7.055063708305795
Sordariales	SRR10224294	7.055063708305795
Sordariales	SRR10224295	7.055063708305795
Sordariales	SRR10224296	7.055063708305795
Sordariales	SRR10224297	7.055063708305795
Sordariales	SRR10224298	7.055063708305795
Sordariales	SRR10318388	NA
Sordariales	SRR10318389	NA
Sordariales	SRR10318390	NA
Sordariales	SRR10318391	NA
Sordariales	SRR10318392	NA
Sordariales	SRR10318393	NA
Sordariales	SRR10318394	NA
Sordariales	SRR10318395	NA
Sordariales	SRR10318396	NA
Sordariales	SRR10318397	NA
Sordariales	SRR10318398	NA
Sordariales	SRR10318399	NA
Sordariales	SRR10318400	NA
Sordariales	SRR10318401	NA
Sordariales	SRR10318402	NA
Sordariales	SRR10318403	NA
Sordariales	SRR10318404	NA
Sordariales	SRR10318405	NA
Sordariales	SRR10318406	NA
Sordariales	SRR10318407	NA
Sordariales	SRR10318408	NA
Sordariales	SRR10318409	NA
Sordariales	SRR10318410	NA
Sordariales	SRR10318411	NA
Sordariales	SRR10318412	NA
Sordariales	SRR10318413	NA
Sordariales	SRR10318414	NA
Sordariales	SRR10318415	NA
Sordariales	SRR10318416	NA
Sordariales	SRR10318417	NA
Sordariales	SRR10318418	NA
Sordariales	SRR10318419	NA
Sordariales	SRR10318420	NA
Sordariales	SRR10318421	NA
Sordariales	SRR10318422	NA
Sordariales	SRR10318423	NA
Sordariales	SRR10318424	NA
Sordariales	SRR10318425	NA
Sordariales	SRR10318426	NA
Sordariales	SRR10318427	NA
Sordariales	SRR10318428	NA
Sordariales	SRR10318429	NA
Sordariales	SRR10318430	NA
Sordariales	SRR10318431	NA
Sordariales	SRR10318432	NA
Sordariales	SRR10318433	NA
Sordariales	SRR10318434	NA
Sordariales	SRR10318435	NA
Sordariales	SRR10318436	NA
Sordariales	SRR10318437	NA
Sordariales	SRR10318438	NA
Sordariales	SRR10318439	NA
Sordariales	SRR10318440	NA
Sordariales	SRR10318441	NA
Sordariales	SRR10318442	NA
Sordariales	SRR10318443	NA
Sordariales	SRR10318444	NA
Sordariales	SRR10318445	NA
Sordariales	SRR10318446	NA
Sordariales	SRR10318447	NA
Sordariales	SRR10318448	NA
Sordariales	SRR10318449	NA
Sordariales	SRR10318450	NA
Sordariales	SRR10318451	NA
Sordariales	SRR10318452	NA
Sordariales	SRR10318453	NA
Sordariales	SRR10318454	NA
Sordariales	SRR10318455	NA
Sordariales	SRR10318456	NA
Sordariales	SRR10318457	NA
Sordariales	SRR10318458	NA
Sordariales	SRR10318459	NA
Sordariales	SRR10318460	NA
Sordariales	SRR10318461	NA
Sordariales	SRR10318462	NA
Sordariales	SRR10318463	NA
Sordariales	SRR10318464	NA
Sordariales	SRR10318465	NA
Sordariales	SRR10318466	NA
Sordariales	SRR10318467	NA
Sordariales	SRR10318468	NA
Sordariales	SRR10318469	NA
Sordariales	SRR10318470	NA
Sordariales	SRR10318471	NA
Sordariales	SRR10318472	NA
Sordariales	SRR10318473	NA
Sordariales	SRR10318474	NA
Sordariales	SRR10318475	NA
Sordariales	SRR10318476	NA
Sordariales	SRR10318495	NA
Sordariales	SRR10318496	NA
Sordariales	SRR10318497	NA
Sordariales	SRR10318498	NA
Sordariales	SRR10318499	NA
Sordariales	SRR10318500	NA
Sordariales	SRR10318501	NA
Sordariales	SRR10318502	NA
Sordariales	SRR10318503	NA
Sordariales	SRR10318504	NA
Sordariales	SRR10318505	NA
Sordariales	SRR10318506	NA
Sordariales	SRR10318507	NA
Sordariales	SRR10318508	NA
Sordariales	SRR10318509	NA
Sordariales	SRR10318510	NA
Sordariales	SRR10318511	NA
Sordariales	SRR10318512	NA
Sordariales	SRR10318513	NA
Sordariales	SRR10318514	NA
Sordariales	SRR10318515	NA
Sordariales	SRR10318516	NA
Sordariales	SRR10318517	NA
Sordariales	SRR10318518	NA
Sordariales	SRR10318519	NA
Sordariales	SRR10318520	NA
Sordariales	SRR10318521	NA
Sordariales	SRR10318522	NA
Sordariales	SRR10318523	NA
Sordariales	SRR10318524	NA
Sordariales	SRR10318525	NA
Sordariales	SRR10318526	NA
Sordariales	SRR10318527	NA
Sordariales	SRR10318528	NA
Sordariales	SRR10318529	NA
Sordariales	SRR10318530	NA
Sordariales	SRR10318531	NA
Sordariales	SRR10318532	NA
Sordariales	SRR10318533	NA
Sordariales	SRR10318534	NA
Sordariales	SRR10318535	NA
Sordariales	SRR10318536	NA
Sordariales	SRR10318537	NA
Sordariales	SRR10318538	NA
Sordariales	SRR10318539	NA
Sordariales	SRR10318540	NA
Sordariales	SRR10318541	NA
Sordariales	SRR10318542	NA
Sordariales	SRR10318543	NA
Sordariales	SRR10318544	NA
Sordariales	SRR10318545	NA
Sordariales	SRR10318546	NA
Sordariales	SRR10318547	NA
Sordariales	SRR10318548	NA
Sordariales	SRR10318549	NA
Sordariales	SRR10318568	NA
Sordariales	SRR10318569	NA
Sordariales	SRR10318570	NA
Sordariales	SRR10318571	NA
Sordariales	SRR10318572	NA
Sordariales	SRR10318573	NA
Sordariales	SRR10318574	NA
Sordariales	SRR10318575	NA
Sordariales	SRR10318576	NA
Sordariales	SRR10318577	NA
Sordariales	SRR10318578	NA
Sordariales	SRR10318579	NA
Sordariales	SRR10318580	NA
Sordariales	SRR10318581	NA
Sordariales	SRR10875803	16.263072172368258
Sordariales	SRR10875804	24.174788306425622
Sordariales	SRR10875805	18.36909592553403
Sordariales	SRR10875806	28.15015687125655
Sordariales	SRR10875807	65.23909193437174
Sordariales	SRR10875808	40.10393578717437
Sordariales	SRR10875809	19.38330970427153
Sordariales	SRR10875810	52.753891887214564
Sordariales	SRR10875812	34.92603187434157
Sordariales	SRR10875813	41.12751779487979
Sordariales	SRR10875814	78.0379040924244
Sordariales	SRR10875815	66.58622336571227
Sordariales	SRR10875816	51.06300913180804
Sordariales	SRR10875817	18.533386421033065
Sordariales	SRR10875818	20.487733527679495
Sordariales	SRR10875819	48.298626119541574
Sordariales	SRR10875820	36.69680528467428
Sordariales	SRR10875821	36.588692068883915
Sordariales	SRR10875822	24.00592269901871
Sordariales	SRR10875823	50.44110785933854
Sordariales	SRR10875824	23.441538763403685
Sordariales	SRR10875825	16.776808247975445
Sordariales	SRR10875826	27.71465668583603
Sordariales	SRR10875827	34.25060256359304
Sordariales	SRR10875829	28.189366608505527
Sordariales	SRR10875830	25.346128385846097
Sordariales	SRR10875831	42.39917075901683
Sordariales	SRR10875832	39.654897595404705
Sordariales	SRR10875834	43.44800969118496
Sordariales	SRR10875835	28.389410855894962
Sordariales	SRR10875836	37.314120802043625
Sordariales	SRR10875837	31.467096551591958
Sordariales	SRR10875838	35.09113536238401
Sordariales	SRR10875839	13.593622066036719
Sordariales	SRR10875840	32.19348118237328
Sordariales	SRR10875841	84.7453748996383
Sordariales	SRR10875842	27.59807613608355
Sordariales	SRR10875843	35.83318904083369
Sordariales	SRR10875844	28.867855168421933
Sordariales	SRR10875845	43.84923783455794
Sordariales	SRR10875846	19.754663192037246
Sordariales	SRR10875847	17.480270738451825
Sordariales	SRR10875848	52.76596537070192
Sordariales	SRR10875849	45.52486133391487
Sordariales	SRR10875850	35.29096085726316
Sordariales	SRR10875851	50.6495033897039
Sordariales	SRR10875852	27.02023718213411
Sordariales	SRR10875853	54.512139237373006
Sordariales	SRR10875854	26.604056857117765
Sordariales	SRR10875855	27.57048416657081
Sordariales	SRR10875856	27.349271914979685
Sordariales	SRR10875857	15.359371929310058
Sordariales	SRR10875858	39.398086416023396
Sordariales	SRR10875859	50.2615778130648
Sordariales	SRR10875860	29.91663584939869
Sordariales	SRR10875861	27.39783162711176
Sordariales	SRR10875862	19.72175636513595
Sordariales	SRR10875863	162.80858757936312
Sordariales	SRR10875864	32.09353405223404
Sordariales	SRR10875865	34.76699629504245
Sordariales	SRR10875866	22.42584111846862
Sordariales	SRR10875867	25.800669625005913
Sordariales	SRR10875868	17.308331077066086
Sordariales	SRR10875869	28.22253986088002
Sordariales	SRR10875870	14.991089127548108
Sordariales	SRR10875871	48.93219923611198
Sordariales	SRR10875872	22.22222462888629
Sordariales	SRR10875873	24.069785153962833
Sordariales	SRR10875874	18.772662680170207
Sordariales	SRR10875875	34.99917832047967
Sordariales	SRR10875876	40.32693754258377
Sordariales	SRR10875877	27.537099238463103
Sordariales	SRR10875878	66.82004966209391
Sordariales	SRR10875879	15.817046309331525
Sordariales	SRR10875880	33.030810589760556
Sordariales	SRR10875881	52.77954053046407
Sordariales	SRR10875882	29.0346963432488
Sordariales	SRR10875883	51.47963894604458
Sordariales	SRR10875884	44.690266637293654
Sordariales	SRR10875885	24.28808263162237
Sordariales	SRR10875886	79.30278167465384
Sordariales	SRR10875887	42.754059050546125
Sordariales	SRR10875888	97.45070606382677
Sordariales	SRR10875889	33.894764415356235
Sordariales	SRR10875890	45.51079094561402
Sordariales	SRR10875891	39.54755201503943
Sordariales	SRR10875892	27.368022820678906
Sordariales	SRR10875893	26.396999395173886
Sordariales	SRR10875894	30.202249677083262
Sordariales	SRR10875895	35.4655497643807
Sordariales	SRR10875896	46.735790263425606
Sordariales	SRR10875897	46.244506374594785
Sordariales	SRR10875898	29.506666448848353
Sordariales	SRR10875899	24.046159677054774
Sordariales	SRR10875900	48.42666526358455
Sordariales	SRR10875901	31.579414343048242
Sordariales	SRR10875902	75.95997071407339
Sordariales	SRR12430469	6.700843502622125
Sordariales	SRR12430470	8.104215176047678
Sordariales	SRR12430471	13.043037414673574
Sordariales	SRR12430472	5.322779363127041
Sordariales	SRR12430473	5.4111750647398305
Sordariales	SRR12430474	12.471708474615346
Sordariales	SRR12430475	20.582231958006044
Sordariales	SRR12430476	10.577060345003284
Sordariales	SRR12765534	NA
Sordariales	SRR12765535	NA
Sordariales	SRR12765536	NA
Sordariales	SRR12765537	NA
Sordariales	SRR12765538	NA
Sordariales	SRR12765539	NA
Sordariales	SRR12765540	NA
Sordariales	SRR12765541	NA
Sordariales	SRR12765542	NA
Sordariales	SRR12765543	NA
Sordariales	SRR12765544	NA
Sordariales	SRR12765545	NA
Sordariales	SRR12765546	NA
Sordariales	SRR12765547	NA
Sordariales	SRR12765548	NA
Sordariales	SRR12765549	NA
Sordariales	SRR12765550	NA
Sordariales	SRR12765551	NA
Sordariales	SRR12765552	NA
Sordariales	SRR12765553	NA
Sordariales	SRR12765554	NA
Sordariales	SRR12765555	NA
Sordariales	SRR12765556	NA
Sordariales	SRR12765557	NA
Sordariales	SRR12765558	NA
Sordariales	SRR12765559	NA
Sordariales	SRR12765560	NA
Sordariales	SRR12765561	NA
Sordariales	SRR12765562	NA
Sordariales	SRR12765563	NA
Sordariales	SRR12765564	NA
Sordariales	SRR12765565	NA
Sordariales	SRR12765566	NA
Sordariales	SRR12765567	NA
Sordariales	SRR12765568	NA
Sordariales	SRR12765569	NA
Sordariales	SRR12765570	NA
Sordariales	SRR12765571	NA
Sordariales	SRR12765572	NA
Sordariales	SRR12765573	NA
Sordariales	SRR12765574	NA
Sordariales	SRR12765575	NA
Sordariales	SRR12765576	NA
Sordariales	SRR12765577	NA
Sordariales	SRR12765578	NA
Sordariales	SRR12765579	NA
Sordariales	SRR12765580	NA
Sordariales	SRR12765581	NA
Sordariales	SRR12765582	NA
Sordariales	SRR12765583	NA
Sordariales	SRR12765584	NA
Sordariales	SRR12765585	NA
Sordariales	SRR12765586	NA
Sordariales	SRR12765587	NA
Sordariales	SRR12765588	NA
Sordariales	SRR12765589	NA
Sordariales	SRR12765590	NA
Sordariales	SRR12765591	NA
Sordariales	SRR12765592	NA
Sordariales	SRR12765593	NA
Sordariales	SRR12765594	NA
Sordariales	SRR12765595	NA
Sordariales	SRR12765596	NA
Sordariales	SRR12765597	NA
Sordariales	SRR12765598	NA
Sordariales	SRR12765599	NA
Sordariales	SRR12765600	NA
Sordariales	SRR12765601	NA
Sordariales	SRR12765602	NA
Sordariales	SRR12765603	NA
Sordariales	SRR12765604	NA
Sordariales	SRR12765605	NA
Sordariales	SRR12765606	NA
Sordariales	SRR12765607	NA
Sordariales	SRR12765608	NA
Sordariales	SRR12765609	NA
Sordariales	SRR12765610	NA
Sordariales	SRR12765611	NA
Sordariales	SRR12765612	NA
Sordariales	SRR12765613	NA
Sordariales	SRR12765614	NA
Sordariales	SRR12765615	NA
Sordariales	SRR12765616	NA
Sordariales	SRR12765617	NA
Sordariales	SRR12765618	NA
Sordariales	SRR12765619	NA
Sordariales	SRR12765620	NA
Sordariales	SRR12765621	NA
Sordariales	SRR12765622	NA
Sordariales	SRR12765623	NA
Sordariales	SRR12765624	NA
Sordariales	SRR12765625	NA
Sordariales	SRR12765626	NA
Sordariales	SRR12765627	NA
Sordariales	SRR12765628	NA
Sordariales	SRR12765629	NA
Sordariales	SRR12765630	NA
Sordariales	SRR12765631	NA
Sordariales	SRR12765632	NA
Sordariales	SRR12765633	NA
Sordariales	SRR12765634	NA
Sordariales	SRR12765635	NA
Sordariales	SRR12765636	NA
Sordariales	SRR12765637	NA
Sordariales	SRR12765638	NA
Sordariales	SRR12765639	NA
Sordariales	SRR12765640	NA
Sordariales	SRR12765641	NA
Sordariales	SRR12765642	NA
Sordariales	SRR12765643	NA
Sordariales	SRR12765644	NA
Sordariales	SRR12765645	NA
Sordariales	SRR12765646	NA
Sordariales	SRR12765647	NA
Sordariales	SRR12765648	NA
Sordariales	SRR12765649	NA
Sordariales	SRR12765650	NA
Sordariales	SRR12765651	NA
Sordariales	SRR12765652	NA
Sordariales	SRR12774664	5.015943053602522
Sordariales	SRR12774665	6.211613672576435
Sordariales	SRR12774666	2.7078947419067885
Sordariales	SRR12774667	2.717808128912721
Sordariales	SRR12774668	5.899135618029302
Sordariales	SRR12774669	3.2190625679903455
Sordariales	SRR12774670	10.90628650054165
Sordariales	SRR12774671	2.7198254066901693
Sordariales	SRR12774672	6.312042397969632
Sordariales	SRR12774673	7.762279559347124
Sordariales	SRR12774674	7.7645170907205445
Sordariales	SRR12774675	3.9222948245464315
Sordariales	SRR12774676	4.301964572121871
Sordariales	SRR12774677	2.452869621713571
Sordariales	SRR12774678	3.9283908195499158
Sordariales	SRR12774679	0.886531660197435
Sordariales	SRR12774680	8.311583810817524
Sordariales	SRR12774681	0.8090262034962759
Sordariales	SRR12774682	4.593550258594326
Sordariales	SRR12774683	1.4544258471872198
Sordariales	SRR12774684	2.182088923838595
Sordariales	SRR12774685	3.077056946392389
Sordariales	SRR12774686	1.4737572068646005
Sordariales	SRR12774687	4.4950970826178125
Sordariales	SRR1609360	5.439650813380339
Sordariales	SRR1609361	4.705679439145765
Sordariales	SRR1609362	10.879301626760679
Sordariales	SRR1609363	15.161588671490328
Sordariales	SRR1609364	4.3299484733291145
Sordariales	SRR1609365	6.255186572504568
Sordariales	SRR1609366	3.790397167872582
Sordariales	SRR1609367	4.705679439145765
Sordariales	SRR1609368	3.119536718369155
Sordariales	SRR1609369	3.790397167872582
Sordariales	SRR1609370	4.705679439145765
Sordariales	SRR1609371	0.9704713839526347
Sordariales	SRR1609372	5.439650813380339
Sordariales	SRR1609373	5.439650813380339
Sordariales	SRR1609374	6.871678609642517
Sordariales	SRR1609375	5.824127719306356
Sordariales	SRR1609376	6.255186572504568
Sordariales	SRR1609377	9.358610155107465
Sordariales	SRR1609378	8.740806142280622
Sordariales	SRR1609379	4.414308168625116
Sordariales	SRR1609380	7.652557164930178
Sordariales	SRR1609381	3.9283908195499158
Sordariales	SRR1609382	11.785172458649747
Sordariales	SRR1609383	3.403619284267998
Sordariales	SRR1609384	5.439650813380339
Sordariales	SRR1609385	5.439650813380339
Sordariales	SRR1609386	3.790397167872582
Sordariales	SRR1609387	4.7986951505676325
Sordariales	SRR1609388	5.439650813380339
Sordariales	SRR1609389	4.381606801715235
Sordariales	SRR1609390	6.312042397969632
Sordariales	SRR1609391	3.083071958838657
Sordariales	SRR1609392	5.439650813380339
Sordariales	SRR1609393	3.0982638819859436
Sordariales	SRR1609394	6.255186572504568
Sordariales	SRR1609395	5.844901693107206
Sordariales	SRR1609396	4.381606801715235
Sordariales	SRR1609397	4.705679439145765
Sordariales	SRR1609398	5.439650813380339
Sordariales	SRR1609399	3.887031704340999
Sordariales	SRR1609400	5.439650813380339
Sordariales	SRR1609401	6.944795210924015
Sordariales	SRR1609402	20.419914311143213
Sordariales	SRR1609403	2.913602047426874
Sordariales	SRR1609404	6.700843502622125
Sordariales	SRR1609405	8.846169686010036
Sordariales	SRR1609406	18.95198583936291
Sordariales	SRR1609407	13.343791324679971
Sordariales	SRR1609408	4.705679439145765
Sordariales	SRR1609409	4.0060421070098835
Sordariales	SRR1609410	8.171369994910687
Sordariales	SRR1609411	4.3422918701407935
Sordariales	SRR1609412	2.4943416949230692
Sordariales	SRR1609413	3.4398347547896604
Sordariales	SRR1609414	3.790397167872582
Sordariales	SRR1609415	7.652557164930178
Sordariales	SRR1609416	4.25812287110472
Sordariales	SRR1609417	3.4398347547896604
Sordariales	SRR1609418	3.403619284267998
Sordariales	SRR1609419	8.923084670228858
Sordariales	SRR1609420	4.705679439145765
Sordariales	SRR1609421	5.439650813380339
Sordariales	SRR1609422	4.705679439145765
Sordariales	SRR1609423	6.700843502622125
Sordariales	SRR1609424	4.705679439145765
Sordariales	SRR1609425	4.705679439145765
Sordariales	SRR1609426	4.705679439145765
Sordariales	SRR1609427	5.00392174675499
Sordariales	SRR1609428	3.9283908195499158
Sordariales	SRR1609429	4.225504762512622
Sordariales	SRR1609430	5.00392174675499
Sordariales	SRR1609431	3.5275318541528975
Sordariales	SRR1609432	4.705679439145765
Sordariales	SRR1609433	7.96621844723002
Sordariales	SRR1609434	1.3362219313428758
Sordariales	SRR1609435	5.439650813380339
Sordariales	SRR1609436	5.439650813380339
Sordariales	SRR1609437	5.00392174675499
Sordariales	SRR1609438	5.089725063399707
Sordariales	SRR1609439	6.255186572504568
Sordariales	SRR1609440	4.225504762512622
Sordariales	SRR1609441	0.984047112881408
Sordariales	SRR1609442	4.705679439145765
Sordariales	SRR1609443	4.705679439145765
Sordariales	SRR1609444	5.439650813380339
Sordariales	SRR1609445	3.9283908195499158
Sordariales	SRR1609446	4.120455530829103
Sordariales	SRR1609447	5.805043967868303
Sordariales	SRR1609448	5.439650813380339
Sordariales	SRR1609449	4.705679439145765
Sordariales	SRR1609450	3.0982638819859436
Sordariales	SRR1609451	4.7986951505676325
Sordariales	SRR1609452	5.439650813380339
Sordariales	SRR1609453	7.652557164930178
Sordariales	SRR1609454	3.887031704340999
Sordariales	SRR1609455	6.871678609642517
Sordariales	SRR1609456	5.439650813380339
Sordariales	SRR1609457	3.790397167872582
Sordariales	SRR1609458	6.871678609642517
Sordariales	SRR1609459	3.887031704340999
Sordariales	SRR1609460	3.9638654589505715
Sordariales	SRR1609461	4.705679439145765
Sordariales	SRR1609462	5.439650813380339
Sordariales	SRR1609463	4.705679439145765
Sordariales	SRR1609464	3.864301917049959
Sordariales	SRR1609465	4.705679439145765
Sordariales	SRR1609466	5.365000063746955
Sordariales	SRR1609467	4.414308168625116
Sordariales	SRR1609468	5.439650813380339
Sordariales	SRR1609469	5.652057691323199
Sordariales	SRR1609470	11.427689470541825
Sordariales	SRR1609471	3.887031704340999
Sordariales	SRR1609472	5.827204094853748
Sordariales	SRR1609473	3.790397167872582
Sordariales	SRR1609474	5.439650813380339
Sordariales	SRR1609475	3.5766667091646362
Sordariales	SRR1609476	5.360431081585975
Sordariales	SRR1609477	4.705679439145765
Sordariales	SRR1609478	4.339830682572663
Sordariales	SRR1609479	4.705679439145765
Sordariales	SRR1609480	5.805043967868303
Sordariales	SRR1609481	6.700843502622125
Sordariales	SRR1609482	3.9283908195499158
Sordariales	SRR1609483	3.403619284267998
Sordariales	SRR1609484	25.881236915301713
Sordariales	SRR1609485	3.790397167872582
Sordariales	SRR1609486	5.439650813380339
Sordariales	SRR1609487	3.8653207774597873
Sordariales	SRR1609488	4.705679439145765
Sordariales	SRR1609489	3.9283908195499158
Sordariales	SRR1609490	5.824127719306356
Sordariales	SRR1609491	3.887031704340999
Sordariales	SRR1609492	3.790397167872582
Sordariales	SRR1609493	5.439650813380339
Sordariales	SRR1609494	6.871678609642517
Sordariales	SRR1609495	3.8653207774597873
Sordariales	SRR1609496	4.705679439145765
Sordariales	SRR1609497	3.887031704340999
Sordariales	SRR1609498	6.700843502622125
Sordariales	SRR1609499	5.439650813380339
Sordariales	SRR1609500	4.705679439145765
Sordariales	SRR1609501	7.652557164930178
Sordariales	SRR1609502	11.881280590654546
Sordariales	SRR1609503	2.913602047426874
Sordariales	SRR1609504	6.312042397969632
Sordariales	SRR1609505	7.652557164930178
Sordariales	SRR1609506	5.00392174675499
Sordariales	SRR1609507	3.8653207774597873
Sordariales	SRR1609508	5.439650813380339
Sordariales	SRR1609509	5.439650813380339
Sordariales	SRR1609510	9.41135887829153
Sordariales	SRR1609511	6.944795210924015
Sordariales	SRR1609512	4.7986951505676325
Sordariales	SRR1609513	3.4398347547896604
Sordariales	SRR1609514	2.352839719572883
Sordariales	SRR1609515	4.705679439145765
Sordariales	SRR1609516	9.41135887829153
Sordariales	SRR1609517	6.700843502622125
Sordariales	SRR1609518	6.700843502622125
Sordariales	SRR1609519	5.439650813380339
Sordariales	SRR1609520	4.625778977734264
Sordariales	SRR1609521	4.120455530829103
Sordariales	SRR1609522	6.700843502622125
Sordariales	SRR1609523	2.913602047426874
Sordariales	SRR1609524	5.00392174675499
Sordariales	SRR1609525	4.7986951505676325
Sordariales	SRR1609526	8.159476220070507
Sordariales	SRR1609527	6.871678609642517
Sordariales	SRR1609528	21.649485724710424
Sordariales	SRR1609529	2.7705279369391747
Sordariales	SRR1609530	2.642576972633714
Sordariales	SRR1609531	9.41135887829153
Sordariales	SRR1609532	7.652557164930178
Sordariales	SRR1609533	4.705679439145765
Sordariales	SRR1609534	2.439596312098708
Sordariales	SRR1609535	5.439650813380339
Sordariales	SRR1609536	3.887031704340999
Sordariales	SRR1609537	4.778846035648738
Sordariales	SRR1609538	5.439650813380339
Sordariales	SRR1609539	48.9997631533614
Sordariales	SRR1609540	5.439650813380339
Sordariales	SRR1609541	7.299807897633326
Sordariales	SRR1609542	4.7986951505676325
Sordariales	SRR1609543	3.98310922361501
Sordariales	SRR1609544	4.705679439145765
Sordariales	SRR1609545	13.389863948223972
Sordariales	SRR1609546	3.0982638819859436
Sordariales	SRR1609547	5.439650813380339
Sordariales	SRR1609548	4.7986951505676325
Sordariales	SRR1609549	3.9283908195499158
Sordariales	SRR1609550	3.887031704340999
Sordariales	SRR1609551	4.6289096255949795
Sordariales	SRR1609552	5.00392174675499
Sordariales	SRR1609553	3.887031704340999
Sordariales	SRR1609554	4.705679439145765
Sordariales	SRR1609555	4.705679439145765
Sordariales	SRR1609556	3.5275318541528975
Sordariales	SRR1609557	5.439650813380339
Sordariales	SRR1609558	4.7986951505676325
Sordariales	SRR1609559	4.7986951505676325
Sordariales	SRR1609560	3.4398347547896604
Sordariales	SRR1609561	9.41135887829153
Sordariales	SRR1609562	4.705679439145765
Sordariales	SRR1609563	3.887031704340999
Sordariales	SRR1609564	3.9638654589505715
Sordariales	SRR1609565	3.887031704340999
Sordariales	SRR1609566	3.887031704340999
Sordariales	SRR1609567	6.255186572504568
Sordariales	SRR1609568	7.652557164930178
Sordariales	SRR1609569	4.705679439145765
Sordariales	SRR1609570	6.944795210924015
Sordariales	SRR1609571	3.1190049352713496
Sordariales	SRR1609572	6.191518987716576
Sordariales	SRR1609573	3.2882804248579185
Sordariales	SRR1609574	14.117038317437297
Sordariales	SRR1609575	5.439650813380339
Sordariales	SRR1609576	5.439650813380339
Sordariales	SRR1609577	5.439650813380339
Sordariales	SRR1609578	3.4398347547896604
Sordariales	SRR1609579	3.0982638819859436
Sordariales	SRR1609580	3.5766667091646362
Sordariales	SRR1609581	6.255186572504568
Sordariales	SRR1609582	5.439650813380339
Sordariales	SRR1609583	5.439650813380339
Sordariales	SRR1609584	4.705679439145765
Sordariales	SRR1609585	8.828616337250232
Sordariales	SRR1609586	6.255186572504568
Sordariales	SRR1609587	3.790397167872582
Sordariales	SRR1609588	6.700843502622125
Sordariales	SRR1609589	5.439650813380339
Sordariales	SRR1609590	3.119536718369155
Sordariales	SRR1609591	15.1723614672301
Sordariales	SRR1609592	3.790397167872582
Sordariales	SRR1609593	3.790397167872582
Sordariales	SRR1609594	8.187725284865271
Sordariales	SRR1609595	3.790397167872582
Sordariales	SRR1609596	5.439650813380339
Sordariales	SRR1609597	4.879192624197416
Sordariales	SRR1609598	9.41135887829153
Sordariales	SRR1609599	4.315310125987537
Sordariales	SRR1609600	5.439650813380339
Sordariales	SRR1609601	9.909663647376428
Sordariales	SRR1609602	3.4398347547896604
Sordariales	SRR1609603	6.871678609642517
Sordariales	SRR1609604	5.439650813380339
Sordariales	SRR1609605	3.98310922361501
Sordariales	SRR1609606	5.827204094853748
Sordariales	SRR1609607	3.403619284267998
Sordariales	SRR1609608	6.255186572504568
Sordariales	SRR1609609	4.705679439145765
Sordariales	SRR1609610	4.705679439145765
Sordariales	SRR1609611	2.7198254066901693
Sordariales	SRR1609612	5.439650813380339
Sordariales	SRR1609613	9.294791645957831
Sordariales	SRR1609614	3.4398347547896604
Sordariales	SRR1609615	3.9283908195499158
Sordariales	SRR1609616	3.2075176727103734
Sordariales	SRR1609617	3.887031704340999
Sordariales	SRR1609618	3.9283908195499158
Sordariales	SRR1609619	6.700843502622125
Sordariales	SRR1609620	2.083222735163087
Sordariales	SRR1609621	10.879301626760679
Sordariales	SRR1609622	9.41135887829153
Sordariales	SRR1609623	6.255186572504568
Sordariales	SRR1609624	6.543627601587122
Sordariales	SRR1609625	9.41135887829153
Sordariales	SRR1609626	3.790397167872582
Sordariales	SRR1609627	10.879301626760679
Sordariales	SRR1609628	3.728008779689884
Sordariales	SRR1609629	2.501960873377495
Sordariales	SRR1609630	4.414308168625116
Sordariales	SRR1609631	6.700843502622125
Sordariales	SRR1609632	12.04907817721223
Sordariales	SRR1609633	3.790397167872582
Sordariales	SRR1609634	4.705679439145765
Sordariales	SRR1609635	6.196527763971887
Sordariales	SRR1609636	12.676514287537866
Sordariales	SRR1609637	3.864301917049959
Sordariales	SRR1609638	6.255186572504568
Sordariales	SRR1609639	4.7986951505676325
Sordariales	SRR1609640	4.705679439145765
Sordariales	SRR1609641	6.255186572504568
Sordariales	SRR1609642	5.439650813380339
Sordariales	SRR1609643	4.705679439145765
Sordariales	SRR1609644	7.652557164930178
Sordariales	SRR1609645	11.661095113022999
Sordariales	SRR1609646	1.3599127033450846
Sordariales	SRR1609647	4.705679439145765
Sordariales	SRR1609648	3.887031704340999
Sordariales	SRR1609649	6.944795210924015
Sordariales	SRR1609650	4.705679439145765
Sordariales	SRR1609651	4.705679439145765
Sordariales	SRR1609652	5.439650813380339
Sordariales	SRR1609653	5.8823667379178675
Sordariales	SRR1609654	3.864301917049959
Sordariales	SRR1609655	7.652557164930178
Sordariales	SRR1609656	8.318922819615828
Sordariales	SRR1609657	6.255186572504568
Sordariales	SRR1609658	3.9283908195499158
Sordariales	SRR1609659	5.439650813380339
Sordariales	SRR1609660	5.439650813380339
Sordariales	SRR1609661	3.9638654589505715
Sordariales	SRR1609662	3.403619284267998
Sordariales	SRR1609663	5.439650813380339
Sordariales	SRR1609664	2.8477343826940444
Sordariales	SRR1609665	5.439650813380339
Sordariales	SRR1609666	5.2436384452914035
Sordariales	SRR1609667	5.439650813380339
Sordariales	SRR1609668	7.652557164930178
Sordariales	SRR1609669	3.9700578844209686
Sordariales	SRR1746771	NA
Sordariales	SRR1746772	NA
Sordariales	SRR1746773	NA
Sordariales	SRR1746774	NA
Sordariales	SRR1746775	NA
Sordariales	SRR1746776	NA
Sordariales	SRR1746777	NA
Sordariales	SRR1746778	NA
Sordariales	SRR1746779	NA
Sordariales	SRR1746780	NA
Sordariales	SRR1746781	NA
Sordariales	SRR1746782	NA
Sordariales	SRR1746783	NA
Sordariales	SRR1746784	NA
Sordariales	SRR1782685	5.827204094853748
Sordariales	SRR1782686	6.700843502622125
Sordariales	SRR1782687	3.790397167872582
Sordariales	SRR1782688	5.00392174675499
Sordariales	SRR1782689	6.944795210924015
Sordariales	SRR1782690	6.255186572504568
Sordariales	SRR1782691	4.120455530829103
Sordariales	SRR1782692	4.705679439145765
Sordariales	SRR1782693	4.705679439145765
Sordariales	SRR1782694	6.255186572504568
Sordariales	SRR1782695	3.9283908195499158
Sordariales	SRR1782696	4.705679439145765
Sordariales	SRR1782697	5.439650813380339
Sordariales	SRR1782698	4.705679439145765
Sordariales	SRR1782699	3.790397167872582
Sordariales	SRR1782700	3.98310922361501
Sordariales	SRR1782701	3.8653207774597873
Sordariales	SRR1782702	3.9283908195499158
Sordariales	SRR1782703	3.887031704340999
Sordariales	SRR1782704	7.652557164930178
Sordariales	SRR1782705	3.1190049352713496
Sordariales	SRR1782706	5.439650813380339
Sordariales	SRR1782707	5.439650813380339
Sordariales	SRR1782708	4.3422918701407935
Sordariales	SRR1782709	5.439650813380339
Sordariales	SRR1782710	2.4943416949230692
Sordariales	SRR1782711	3.864301917049959
Sordariales	SRR1782712	6.700843502622125
Sordariales	SRR1782713	3.5766667091646362
Sordariales	SRR1782714	5.827204094853748
Sordariales	SRR1782715	4.381606801715235
Sordariales	SRR1782716	1.3362219313428758
Sordariales	SRR1782717	5.439650813380339
Sordariales	SRR1782718	6.255186572504568
Sordariales	SRR1782719	5.439650813380339
Sordariales	SRR1782720	8.740806142280622
Sordariales	SRR1782721	5.365000063746955
Sordariales	SRR1782722	3.790397167872582
Sordariales	SRR1782723	5.439650813380339
Sordariales	SRR1782724	4.120455530829103
Sordariales	SRR1782725	10.879301626760679
Sordariales	SRR1782726	4.7986951505676325
Sordariales	SRR1782727	3.790397167872582
Sordariales	SRR1782728	0.9704713839526347
Sordariales	SRR1782729	3.4398347547896604
Sordariales	SRR1782730	2.439596312098708
Sordariales	SRR1782731	4.705679439145765
Sordariales	SRR1782732	4.705679439145765
Sordariales	SRR1782733	3.9638654589505715
Sordariales	SRR1782734	5.439650813380339
Sordariales	SRR1782735	5.439650813380339
Sordariales	SRR1782736	4.7986951505676325
Sordariales	SRR1782737	9.41135887829153
Sordariales	SRR1782738	5.439650813380339
Sordariales	SRR1782739	3.403619284267998
Sordariales	SRR1782740	3.4398347547896604
Sordariales	SRR1782741	6.700843502622125
Sordariales	SRR1782742	3.887031704340999
Sordariales	SRR1782743	3.0982638819859436
Sordariales	SRR1782744	3.487748080290024
Sordariales	SRR1782745	4.705679439145765
Sordariales	SRR1782746	3.2882804248579185
Sordariales	SRR1782747	3.5275318541528975
Sordariales	SRR1782748	4.705679439145765
Sordariales	SRR1782749	5.439650813380339
Sordariales	SRR1782750	4.225504762512622
Sordariales	SRR1782751	5.439650813380339
Sordariales	SRR1782752	4.705679439145765
Sordariales	SRR1782753	8.828616337250232
Sordariales	SRR1782754	7.96621844723002
Sordariales	SRR1782755	4.414308168625116
Sordariales	SRR1782756	3.0982638819859436
Sordariales	SRR1782757	4.705679439145765
Sordariales	SRR1782758	3.790397167872582
Sordariales	SRR1782759	4.7986951505676325
Sordariales	SRR1782760	11.785172458649747
Sordariales	SRR1782761	7.934730990123401
Sordariales	SRR1782762	3.083071958838657
Sordariales	SRR1782763	3.119536718369155
Sordariales	SRR1782764	4.381606801715235
Sordariales	SRR1782765	2.913602047426874
Sordariales	SRR1782766	6.944795210924015
Sordariales	SRR1782767	5.439650813380339
Sordariales	SRR1782768	5.824127719306356
Sordariales	SRR1782769	4.3299484733291145
Sordariales	SRR1782770	5.439650813380339
Sordariales	SRR1782771	3.790397167872582
Sordariales	SRR1782772	9.358610155107465
Sordariales	SRR1782773	20.419914311143213
Sordariales	SRR1782774	6.871678609642517
Sordariales	SRR1782775	3.9283908195499158
Sordariales	SRR1782776	2.220728145282885
Sordariales	SRR1782777	7.652557164930178
Sordariales	SRR1782778	3.728008779689884
Sordariales	SRR1782779	9.909663647376428
Sordariales	SRR1782780	11.881280590654546
Sordariales	SRR1782781	3.864301917049959
Sordariales	SRR1782782	8.159476220070507
Sordariales	SRR1782783	48.9997631533614
Sordariales	SRR1782784	11.661095113022999
Sordariales	SRR1782785	3.9638654589505715
Sordariales	SRR1782786	6.196527763971887
Sordariales	SRR1782787	6.871678609642517
Sordariales	SRR1782788	5.439650813380339
Sordariales	SRR1782789	2.7198254066901693
Sordariales	SRR1782790	3.790397167872582
Sordariales	SRR1782791	4.705679439145765
Sordariales	SRR1782792	5.439650813380339
Sordariales	SRR1782793	6.944795210924015
Sordariales	SRR1782794	3.0982638819859436
Sordariales	SRR1782795	4.315310125987537
Sordariales	SRR1782796	4.625778977734264
Sordariales	SRR1782797	8.187725284865271
Sordariales	SRR1782798	7.4917707892254315
Sordariales	SRR1782799	6.700843502622125
Sordariales	SRR1782800	3.4398347547896604
Sordariales	SRR1782801	3.790397167872582
Sordariales	SRR1782802	5.439650813380339
Sordariales	SRR1782803	4.705679439145765
Sordariales	SRR1782804	4.705679439145765
Sordariales	SRR1782805	4.414308168625116
Sordariales	SRR1782806	4.225504762512622
Sordariales	SRR1782807	8.2068237138341
Sordariales	SRR1782808	3.790397167872582
Sordariales	SRR1782809	6.196527763971887
Sordariales	SRR1782810	6.478680724017027
Sordariales	SRR1782811	6.700843502622125
Sordariales	SRR1782812	4.225504762512622
Sordariales	SRR1782813	4.705679439145765
Sordariales	SRR1782814	6.009063160514826
Sordariales	SRR1782815	8.31892281961583
Sordariales	SRR1782816	5.439650813380339
Sordariales	SRR1782817	4.7986951505676325
Sordariales	SRR1782818	6.700843502622125
Sordariales	SRR1782819	9.41135887829153
Sordariales	SRR1782820	5.439650813380339
Sordariales	SRR1782821	5.439650813380339
Sordariales	SRR1782822	25.881236915301713
Sordariales	SRR1782823	3.9283908195499158
Sordariales	SRR1782824	4.705679439145765
Sordariales	SRR1782825	6.871678609642517
Sordariales	SRR1782826	3.4398347547896604
Sordariales	SRR1782827	6.191518987716576
Sordariales	SRR1782828	6.255186572504568
Sordariales	SRR1782829	5.805043967868303
Sordariales	SRR1782830	9.41135887829153
Sordariales	SRR1782831	5.439650813380339
Sordariales	SRR1782832	5.089725063399707
Sordariales	SRR1782833	4.339830682572663
Sordariales	SRR1782834	5.652057691323199
Sordariales	SRR1782835	5.903381725391496
Sordariales	SRR1782836	10.630370742377456
Sordariales	SRR1782837	6.255186572504568
Sordariales	SRR1782838	6.255186572504568
Sordariales	SRR1782839	6.255186572504568
Sordariales	SRR1782840	10.879301626760679
Sordariales	SRR1782841	6.255186572504568
Sordariales	SRR1782842	5.439650813380339
Sordariales	SRR1782843	6.255186572504568
Sordariales	SRR1782844	6.255186572504568
Sordariales	SRR1782845	6.255186572504568
Sordariales	SRR1782846	10.879301626760679
Sordariales	SRR1782847	5.805043967868303
Sordariales	SRR1782848	6.543627601587122
Sordariales	SRR1782849	6.871678609642517
Sordariales	SRR1782850	6.871678609642517
Sordariales	SRR1782851	5.439650813380339
Sordariales	SRR1782852	5.439650813380339
Sordariales	SRR1782853	6.255186572504568
Sordariales	SRR1782854	3.887031704340999
Sordariales	SRR1782855	5.439650813380339
Sordariales	SRR1782856	5.439650813380339
Sordariales	SRR1782857	4.705679439145765
Sordariales	SRR1782858	3.9638654589505715
Sordariales	SRR1782859	4.705679439145765
Sordariales	SRR1782860	0.984047112881408
Sordariales	SRR1782861	7.652557164930178
Sordariales	SRR1782862	4.705679439145765
Sordariales	SRR1782863	4.225504762512622
Sordariales	SRR1782864	6.312042397969632
Sordariales	SRR1782865	5.00392174675499
Sordariales	SRR1782866	3.9283908195499158
Sordariales	SRR1782867	4.705679439145765
Sordariales	SRR1782868	6.700843502622125
Sordariales	SRR1782869	5.439650813380339
Sordariales	SRR1782870	4.705679439145765
Sordariales	SRR1782871	5.00392174675499
Sordariales	SRR1782872	4.25812287110472
Sordariales	SRR1782873	4.705679439145765
Sordariales	SRR1782874	5.439650813380339
Sordariales	SRR1782875	4.705679439145765
Sordariales	SRR1782876	5.439650813380339
Sordariales	SRR1782877	4.414308168625116
Sordariales	SRR1782878	3.790397167872582
Sordariales	SRR1782879	8.318922819615828
Sordariales	SRR1782880	9.41135887829153
Sordariales	SRR1782881	5.439650813380339
Sordariales	SRR1782882	3.887031704340999
Sordariales	SRR1782883	5.439650813380339
Sordariales	SRR1782884	4.705679439145765
Sordariales	SRR1782885	6.871678609642517
Sordariales	SRR1782886	4.7986951505676325
Sordariales	SRR1782887	4.705679439145765
Sordariales	SRR1782888	3.9283908195499158
Sordariales	SRR1782889	9.41135887829153
Sordariales	SRR1782890	3.9638654589505715
Sordariales	SRR1782891	9.294791645957831
Sordariales	SRR1782892	4.705679439145765
Sordariales	SRR1782893	5.439650813380339
Sordariales	SRR1782894	3.887031704340999
Sordariales	SRR1782895	9.41135887829153
Sordariales	SRR1782896	3.9283908195499158
Sordariales	SRR1782897	3.887031704340999
Sordariales	SRR1782898	4.7986951505676325
Sordariales	SRR1782899	4.778846035648738
Sordariales	SRR1782900	4.705679439145765
Sordariales	SRR1782901	3.790397167872582
Sordariales	SRR1782902	4.705679439145765
Sordariales	SRR1782903	5.439650813380339
Sordariales	SRR1782904	5.439650813380339
Sordariales	SRR1782905	3.887031704340999
Sordariales	SRR1782906	5.439650813380339
Sordariales	SRR1782907	11.427689470541825
Sordariales	SRR1782908	4.7986951505676325
Sordariales	SRR1782909	4.7986951505676325
Sordariales	SRR1782910	7.652557164930178
Sordariales	SRR1782911	3.790397167872582
Sordariales	SRR1782912	5.360431081585975
Sordariales	SRR1782913	5.439650813380339
Sordariales	SRR1782914	9.41135887829153
Sordariales	SRR1782915	4.705679439145765
Sordariales	SRR1782916	4.25812287110472
Sordariales	SRR1782917	4.225504762512622
Sordariales	SRR1782918	5.439650813380339
Sordariales	SRR1782919	2.913602047426874
Sordariales	SRR1782920	3.887031704340999
Sordariales	SRR1782921	5.439650813380339
Sordariales	SRR1782922	6.0448152239664905
Sordariales	SRR1782923	9.41135887829153
Sordariales	SRR1782924	4.705679439145765
Sordariales	SRR1782925	11.371191503617746
Sordariales	SRR1782926	4.270465326660686
Sordariales	SRR1782927	4.705679439145765
Sordariales	SRR1782928	4.414308168625116
Sordariales	SRR1782929	5.439650813380339
Sordariales	SRR1782930	1.7915564944001174
Sordariales	SRR1782931	3.9283908195499158
Sordariales	SRR1782932	3.887031704340999
Sordariales	SRR1782933	6.4278667573263535
Sordariales	SRR1782934	5.439650813380339
Sordariales	SRR1782935	7.527711136989722
Sordariales	SRR1782936	2.7705279369391747
Sordariales	SRR1782937	5.439650813380339
Sordariales	SRR1782938	2.913602047426874
Sordariales	SRR1782939	2.913602047426874
Sordariales	SRR1782940	5.439650813380339
Sordariales	SRR1782941	3.5766667091646362
Sordariales	SRR1782942	3.8653207774597873
Sordariales	SRR1782943	5.00392174675499
Sordariales	SRR1782944	7.652557164930178
Sordariales	SRR1782945	14.117038317437297
Sordariales	SRR1782946	3.98310922361501
Sordariales	SRR1782947	4.705679439145765
Sordariales	SRR1782948	5.439650813380339
Sordariales	SRR1782949	1.3599127033450846
Sordariales	SRR1782950	5.439650813380339
Sordariales	SRR1782951	3.4398347547896604
Sordariales	SRR1782952	13.389863948223972
Sordariales	SRR1782953	4.705679439145765
Sordariales	SRR1782954	7.652557164930178
Sordariales	SRR1782955	12.676514287537866
Sordariales	SRR1782956	4.705679439145765
Sordariales	SRR1782957	3.9700578844209686
Sordariales	SRR1782958	4.7986951505676325
Sordariales	SRR1782959	3.790397167872582
Sordariales	SRR1782960	7.652557164930178
Sordariales	SRR1782961	3.0109475572836795
Sordariales	SRR1782962	2.8477343826940444
Sordariales	SRR1782963	7.652557164930178
Sordariales	SRR1782964	7.652557164930178
Sordariales	SRR1782965	5.439650813380339
Sordariales	SRR1782966	5.439650813380339
Sordariales	SRR1782967	3.887031704340999
Sordariales	SRR1782968	8.51624574220944
Sordariales	SRR1782969	4.705679439145765
Sordariales	SRR1782970	2.083222735163087
Sordariales	SRR1782971	5.2436384452914035
Sordariales	SRR1782972	5.844901693107206
Sordariales	SRR1782973	5.8823667379178675
Sordariales	SRR1782974	4.999793833307546
Sordariales	SRR1782975	5.439650813380339
Sordariales	SRR1782976	9.41135887829153
Sordariales	SRR1782977	4.705679439145765
Sordariales	SRR1782978	3.1268075163541127
Sordariales	SRR1782979	5.439650813380339
Sordariales	SRR1782980	5.439650813380339
Sordariales	SRR1782981	4.705679439145765
Sordariales	SRR1782982	4.705679439145765
Sordariales	SRR1782983	7.652557164930178
Sordariales	SRR1782984	3.119536718369155
Sordariales	SRR1782985	7.652557164930178
Sordariales	SRR1782986	4.999793833307546
Sordariales	SRR1782987	3.790397167872582
Sordariales	SRR1782988	12.04907817721223
Sordariales	SRR1782989	3.790397167872582
Sordariales	SRR1782990	8.828616337250232
Sordariales	SRR1782991	3.864301917049959
Sordariales	SRR1782992	6.871678609642517
Sordariales	SRR1782993	4.705679439145765
Sordariales	SRR1782994	6.312042397969632
Sordariales	SRR1782995	6.944795210924015
Sordariales	SRR1782996	6.700843502622125
Sordariales	SRR1782997	3.887031704340999
Sordariales	SRR1782998	3.790397167872582
Sordariales	SRR1782999	7.607641988553863
Sordariales	SRR1783000	4.705679439145765
Sordariales	SRR1783001	2.501960873377495
Sordariales	SRR1783002	4.414308168625116
Sordariales	SRR1783003	6.871678609642517
Sordariales	SRR1783004	3.403619284267998
Sordariales	SRR1783005	3.887031704340999
Sordariales	SRR1783006	3.156021198984816
Sordariales	SRR1813867	NA
Sordariales	SRR1813868	NA
Sordariales	SRR1813869	NA
Sordariales	SRR1813870	NA
Sordariales	SRR1813871	NA
Sordariales	SRR1813872	NA
Sordariales	SRR1813873	NA
Sordariales	SRR1813874	NA
Sordariales	SRR1813875	NA
Sordariales	SRR1813876	NA
Sordariales	SRR1813877	NA
Sordariales	SRR1813878	NA
Sordariales	SRR1813879	NA
Sordariales	SRR1813880	NA
Sordariales	SRR1813881	NA
Sordariales	SRR1813882	NA
Sordariales	SRR1813883	NA
Sordariales	SRR1813884	NA
Sordariales	SRR1813885	NA
Sordariales	SRR1813886	NA
Sordariales	SRR1813887	NA
Sordariales	SRR1928188	NA
Sordariales	SRR1928189	NA
Sordariales	SRR1928190	NA
Sordariales	SRR1928191	NA
Sordariales	SRR1928192	NA
Sordariales	SRR1928193	NA
Sordariales	SRR2046996	7.652557164930178
Sordariales	SRR2046997	4.075237936366342
Sordariales	SRR2046998	11.654408189707496
Sordariales	SRR2046999	21.127473884638057
Sordariales	SRR2047000	6.765282227898612
Sordariales	SRR2047001	1.282505225499834
Sordariales	SRR2047002	16.870804519861686
Sordariales	SRR2047003	5.4111750647398305
Sordariales	SRR2047004	6.186929217116284
Sordariales	SRR2047005	9.717579260852501
Sordariales	SRR2047006	5.843815722656821
Sordariales	SRR2047007	8.828616337250233
Sordariales	SRR2047008	16.110727362363463
Sordariales	SRR2047009	5.046506779180052
Sordariales	SRR2313973	NA
Sordariales	SRR2313974	NA
Sordariales	SRR2313975	NA
Sordariales	SRR2313976	NA
Sordariales	SRR2313977	NA
Sordariales	SRR2313978	NA
Sordariales	SRR2313979	NA
Sordariales	SRR2313980	NA
Sordariales	SRR2313981	NA
Sordariales	SRR2313982	NA
Sordariales	SRR2313983	NA
Sordariales	SRR2313984	NA
Sordariales	SRR2313985	NA
Sordariales	SRR2313986	NA
Sordariales	SRR2313987	NA
Sordariales	SRR2313988	NA
Sordariales	SRR2313989	NA
Sordariales	SRR2313990	NA
Sordariales	SRR2313991	NA
Sordariales	SRR2313992	NA
Sordariales	SRR2313993	NA
Sordariales	SRR2313994	NA
Sordariales	SRR2313995	NA
Sordariales	SRR2313996	NA
Sordariales	SRR2313997	NA
Sordariales	SRR2313998	NA
Sordariales	SRR2313999	NA
Sordariales	SRR2314000	NA
Sordariales	SRR2314001	NA
Sordariales	SRR2314002	NA
Sordariales	SRR2314003	NA
Sordariales	SRR2314004	NA
Sordariales	SRR2314005	NA
Sordariales	SRR2314006	NA
Sordariales	SRR2314007	NA
Sordariales	SRR2314008	NA
Sordariales	SRR2314009	NA
Sordariales	SRR2314010	NA
Sordariales	SRR2314011	NA
Sordariales	SRR2314012	NA
Sordariales	SRR2314013	NA
Sordariales	SRR2314014	NA
Sordariales	SRR2314015	NA
Sordariales	SRR2314016	NA
Sordariales	SRR2314017	NA
Sordariales	SRR2314018	NA
Sordariales	SRR2314019	NA
Sordariales	SRR2314020	NA
Sordariales	SRR2314021	NA
Sordariales	SRR2314022	NA
Sordariales	SRR2314023	NA
Sordariales	SRR2314024	NA
Sordariales	SRR2314025	NA
Sordariales	SRR2314026	NA
Sordariales	SRR2314027	NA
Sordariales	SRR2314028	NA
Sordariales	SRR2314029	NA
Sordariales	SRR2314030	NA
Sordariales	SRR2314031	NA
Sordariales	SRR2314032	NA
Sordariales	SRR2314033	NA
Sordariales	SRR2314034	NA
Sordariales	SRR2314035	NA
Sordariales	SRR2314036	NA
Sordariales	SRR2314037	NA
Sordariales	SRR2314038	NA
Sordariales	SRR2314039	NA
Sordariales	SRR2314040	NA
Sordariales	SRR2314041	NA
Sordariales	SRR2314042	NA
Sordariales	SRR2314043	NA
Sordariales	SRR2314044	NA
Sordariales	SRR2314045	NA
Sordariales	SRR3493774	4.47195155390397
Sordariales	SRR3493775	7.266044062581393
Sordariales	SRR3493776	6.255186572504568
Sordariales	SRR3493777	7.652557164930178
Sordariales	SRR3493778	5.827204094853748
Sordariales	SRR3493779	8.740806142280622
Sordariales	SRR3493780	4.101690782558659
Sordariales	SRR3493781	4.258122871104721
Sordariales	SRR3493782	3.137119626097177
Sordariales	SRR3493783	8.329631843020296
Sordariales	SRR3493784	6.255186572504568
Sordariales	SRR3493785	11.371191503617746
Sordariales	SRR3493786	5.892243691023225
Sordariales	SRR3493787	2.220728145282885
Sordariales	SRR3493788	2.1958435077521
Sordariales	SRR3493789	3.864183540549798
Sordariales	SRR3493790	13.067334895328775
Sordariales	SRR3493791	9.407714938276749
Sordariales	SRR3493792	6.726743717140516
Sordariales	SRR3493793	6.2662630750040496
Sordariales	SRR3493794	11.767967556773199
Sordariales	SRR3493795	10.760057039923367
Sordariales	SRR3493796	6.402588680664013
Sordariales	SRR3493797	7.321433221950113
Sordariales	SRR3493798	12.239214330105764
Sordariales	SRR3493799	9.725070840901248
Sordariales	SRR3493800	5.175165286928069
Sordariales	SRR3493801	10.534184208346552
Sordariales	SRR3493802	7.404615837914902
Sordariales	SRR3493803	6.871678609642519
Sordariales	SRR3493804	11.75708479117285
Sordariales	SRR3493805	6.428434003307771
Sordariales	SRR3493806	6.905587201781306
Sordariales	SRR3493807	9.892163409699524
Sordariales	SRR3493808	5.546811156647672
Sordariales	SRR3493809	5.443114869297862
Sordariales	SRR3493810	11.313138309699603
Sordariales	SRR3493811	9.56619152468293
Sordariales	SRR3493812	7.354637171080139
Sordariales	SRR3493813	6.85274986696106
Sordariales	SRR3493814	8.722519214410363
Sordariales	SRR3493815	6.871678609642517
Sordariales	SRR3493816	16.058632432461806
Sordariales	SRR3493817	17.646002041984968
Sordariales	SRR3493818	4.707429166414482
Sordariales	SRR3493819	7.440670769694086
Sordariales	SRR3493820	1.1488624408450117
Sordariales	SRR3493821	7.589204265285323
Sordariales	SRR3493822	9.74692358844864
Sordariales	SRR3493823	9.404645480260415
Sordariales	SRR3493824	7.2885158145191555
Sordariales	SRR3493825	6.982671381291094
Sordariales	SRR3493826	4.931033002414745
Sordariales	SRR3493827	6.685190434860283
Sordariales	SRR3493828	4.334204153106729
Sordariales	SRR3493829	6.53788510158793
Sordariales	SRR3493830	13.148544861400891
Sordariales	SRR3493831	15.525571466592966
Sordariales	SRR3493832	8.588636604511441
Sordariales	SRR3493833	12.239853974762374
Sordariales	SRR3493834	8.316846110472923
Sordariales	SRR3493835	8.7851677047039
Sordariales	SRR3493836	12.152009246541123
Sordariales	SRR3493837	6.106960130614136
Sordariales	SRR3493838	6.197496539880732
Sordariales	SRR3493839	11.597281375459213
Sordariales	SRR3493840	6.871678609642517
Sordariales	SRR3493841	22.717550275820503
Sordariales	SRR3493846	56.47597545759191
Sordariales	SRR3493847	89.48187023984568
Sordariales	SRR3493848	25.116793487697592
Sordariales	SRR3493849	16.126528394232896
Sordariales	SRR3493850	9.35355351940013
Sordariales	SRR3714631	27.50536785922611
Sordariales	SRR3714632	13.759339019158642
Sordariales	SRR3714633	5.530887162644839
Sordariales	SRR3714634	29.46121845511612
Sordariales	SRR3714635	19.18928436164613
Sordariales	SRR3714636	25.60718526422889
Sordariales	SRR3714637	26.85223136635869
Sordariales	SRR3714638	45.96595725294396
Sordariales	SRR3714639	23.847040719172202
Sordariales	SRR3714640	36.72472435562084
Sordariales	SRR3714641	33.0434289086161
Sordariales	SRR3714642	23.82947372877974
Sordariales	SRR3714643	33.90647739327686
Sordariales	SRR3714644	30.508204923519887
Sordariales	SRR3714645	29.9686336034252
Sordariales	SRR3714646	40.938377283583485
Sordariales	SRR3714648	20.789674839464887
Sordariales	SRR3714649	21.252255128732806
Sordariales	SRR3714650	8.503316371044383
Sordariales	SRR3714651	18.574556963149732
Sordariales	SRR3714652	21.087915185999297
Sordariales	SRR3714653	25.717567449671712
Sordariales	SRR3714654	22.951128176679415
Sordariales	SRR3714655	23.752217123092542
Sordariales	SRR3714656	12.91671126525775
Sordariales	SRR3714657	33.07110471666047
Sordariales	SRR3714658	31.243490845475293
Sordariales	SRR3714659	32.41131950289061
Sordariales	SRR3714660	32.65759848944492
Sordariales	SRR3714661	24.268625629781162
Sordariales	SRR3714662	13.404544416089365
Sordariales	SRR3714663	19.59739918973832
Sordariales	SRR3714664	11.702398017732468
Sordariales	SRR3714665	60.17414982258376
Sordariales	SRR3714666	43.09139919537628
Sordariales	SRR3714667	27.59458274609972
Sordariales	SRR3714668	47.52148714301511
Sordariales	SRR3714669	20.747595116934516
Sordariales	SRR3714670	22.004511703075416
Sordariales	SRR3714671	22.636110635581606
Sordariales	SRR3714672	23.12889488867132
Sordariales	SRR3714673	30.378707884173785
Sordariales	SRR3714674	30.32594669356525
Sordariales	SRR3714675	33.41650275073491
Sordariales	SRR3714676	14.26283194150919
Sordariales	SRR3714677	16.88698156620952
Sordariales	SRR3714678	23.87535094283517
Sordariales	SRR3714679	29.363859466042445
Sordariales	SRR3714680	14.894558606376732
Sordariales	SRR3714681	18.706852484295208
Sordariales	SRR3714682	15.390062705998007
Sordariales	SRR3714683	34.607435465191905
Sordariales	SRR3714684	15.720133378520803
Sordariales	SRR3714685	40.56396135712528
Sordariales	SRR3714686	13.480739546165992
Sordariales	SRR3714688	8.656127215042092
Sordariales	SRR3714689	27.13214782727008
Sordariales	SRR3714690	12.784801001627567
Sordariales	SRR3714691	20.786180791025576
Sordariales	SRR3714692	17.508356408397734
Sordariales	SRR3714693	5.901941049734547
Sordariales	SRR3714694	27.891084446902997
Sordariales	SRR3714695	12.971080156737223
Sordariales	SRR3714696	13.256106260670501
Sordariales	SRR3714697	20.3124016570155
Sordariales	SRR3714698	9.949728413449982
Sordariales	SRR3714699	61.615419008612584
Sordariales	SRR3714700	38.540894490116365
Sordariales	SRR3714701	45.87268045827541
Sordariales	SRR3714702	14.324323790146382
Sordariales	SRR3714703	43.453413752516695
Sordariales	SRR3714704	27.754673866405582
Sordariales	SRR3714705	11.927630462608347
Sordariales	SRR3714706	24.742069334007166
Sordariales	SRR3714707	16.877040322941866
Sordariales	SRR3714708	5.335640839524925
Sordariales	SRR3714709	9.903064272775895
Sordariales	SRR3714710	17.898017432629832
Sordariales	SRR3714711	22.137601687666397
Sordariales	SRR3714712	19.650805099911306
Sordariales	SRR3714713	20.42171570560799
Sordariales	SRR3714714	19.14979199582548
Sordariales	SRR3714715	25.65658090921611
Sordariales	SRR3714716	10.309050664463694
Sordariales	SRR3714717	42.35800920603855
Sordariales	SRR3714718	18.610842857881707
Sordariales	SRR3714719	57.039154375094924
Sordariales	SRR3714720	30.229673558036072
Sordariales	SRR3714721	32.351603282709156
Sordariales	SRR3714723	8.413615534793495
Sordariales	SRR3714724	16.417509046075967
Sordariales	SRR3714725	23.30067605644198
Sordariales	SRR3714726	40.11721675515649
Sordariales	SRR3714727	11.691354562503355
Sordariales	SRR3714728	27.42052569360317
Sordariales	SRR3714729	13.242924505875347
Sordariales	SRR3714730	16.03758836355187
Sordariales	SRR3714731	28.535478073920324
Sordariales	SRR3714732	41.71074305006727
Sordariales	SRR3714734	12.825052254998338
Sordariales	SRR3714735	12.577595263714658
Sordariales	SRR3714736	27.745054863896062
Sordariales	SRR3714737	20.48851313005648
Sordariales	SRR3714738	25.46037110610722
Sordariales	SRR3714739	43.54944447551832
Sordariales	SRR3714740	17.334257926560515
Sordariales	SRR3714741	8.899050200951867
Sordariales	SRR3714744	16.441180892964972
Sordariales	SRR3714745	14.724880952737864
Sordariales	SRR3714746	8.130857321891233
Sordariales	SRR3714747	10.65295705326993
Sordariales	SRR3714748	17.02235269300198
Sordariales	SRR3714749	16.318952440141018
Sordariales	SRR3714750	21.852015355701553
Sordariales	SRR3714751	10.319504264368982
Sordariales	SRR3714752	12.96615475485953
Sordariales	SRR3714753	13.406138383249997
Sordariales	SRR3714754	18.308310318052577
Sordariales	SRR3714755	21.83621361437134
Sordariales	SRR3714756	60.9899078024677
Sordariales	SRR3714757	41.82800271851182
Sordariales	SRR3714758	33.880401223383544
Sordariales	SRR3714759	23.24223332637373
Sordariales	SRR3714760	23.52839719572883
Sordariales	SRR3714761	25.233706421279923
Sordariales	SRR3714762	20.039640619977455
Sordariales	SRR3714764	31.887423167692376
Sordariales	SRR3714765	35.4662661744417
Sordariales	SRR3714766	33.645705155961565
Sordariales	SRR3714767	45.19215839680477
Sordariales	SRR3714768	24.171349320987503
Sordariales	SRR5176628	3.8653207774597873
Sordariales	SRR5176629	4.705679439145765
Sordariales	SRR5176630	4.705679439145765
Sordariales	SRR5176631	4.705679439145765
Sordariales	SRR5176632	3.98310922361501
Sordariales	SRR5176633	4.705679439145765
Sordariales	SRR5176634	6.944795210924015
Sordariales	SRR5176635	3.790397167872582
Sordariales	SRR5176636	3.1190049352713496
Sordariales	SRR5176637	9.909663647376428
Sordariales	SRR5176638	5.365000063746955
Sordariales	SRR5176639	4.705679439145765
Sordariales	SRR5176640	4.7986951505676325
Sordariales	SRR5176641	11.881280590654546
Sordariales	SRR5176642	3.4398347547896604
Sordariales	SRR5176643	6.700843502622125
Sordariales	SRR5176644	7.652557164930178
Sordariales	SRR5176645	3.864301917049959
Sordariales	SRR5176646	5.2436384452914035
Sordariales	SRR5176647	4.705679439145765
Sordariales	SRR5176648	5.439650813380339
Sordariales	SRR5176649	48.9997631533614
Sordariales	SRR5176650	3.5766667091646362
Sordariales	SRR5176651	4.705679439145765
Sordariales	SRR5176652	5.439650813380339
Sordariales	SRR5176653	4.381606801715235
Sordariales	SRR5176654	5.439650813380339
Sordariales	SRR5176655	9.294791645957831
Sordariales	SRR5176656	10.879301626760679
Sordariales	SRR5176657	6.255186572504568
Sordariales	SRR5176658	4.705679439145765
Sordariales	SRR5176659	3.728008779689884
Sordariales	SRR5176660	3.9638654589505715
Sordariales	SRR5176661	5.439650813380339
Sordariales	SRR5176662	3.4398347547896604
Sordariales	SRR5176663	5.844901693107206
Sordariales	SRR5176664	5.439650813380339
Sordariales	SRR5176665	20.395214331988118
Sordariales	SRR5176666	5.00392174675499
Sordariales	SRR5176667	4.705679439145765
Sordariales	SRR5176668	26.289640810291413
Sordariales	SRR5176669	20.857919260063742
Sordariales	SRR5176670	4.705679439145765
Sordariales	SRR5176671	5.439650813380339
Sordariales	SRR5176672	5.439650813380339
Sordariales	SRR5176673	3.887031704340999
Sordariales	SRR5176674	4.705679439145765
Sordariales	SRR5176675	3.887031704340999
Sordariales	SRR5176676	5.00392174675499
Sordariales	SRR5176677	2.439596312098708
Sordariales	SRR5176678	8.159476220070507
Sordariales	SRR5176679	3.790397167872582
Sordariales	SRR5176680	5.439650813380339
Sordariales	SRR5176681	5.439650813380339
Sordariales	SRR5176682	5.439650813380339
Sordariales	SRR5176683	5.439650813380339
Sordariales	SRR5176684	4.7986951505676325
Sordariales	SRR5176685	4.225504762512622
Sordariales	SRR5176686	3.887031704340999
Sordariales	SRR5176687	5.00392174675499
Sordariales	SRR5176688	4.414308168625116
Sordariales	SRR5176689	3.790397167872582
Sordariales	SRR5176690	5.00392174675499
Sordariales	SRR5176691	3.9283908195499158
Sordariales	SRR5176692	5.439650813380339
Sordariales	SRR5176693	3.0982638819859436
Sordariales	SRR5176694	3.790397167872582
Sordariales	SRR5176695	3.4398347547896604
Sordariales	SRR5176696	7.652557164930178
Sordariales	SRR5176697	3.790397167872582
Sordariales	SRR5176698	3.4398347547896604
Sordariales	SRR5176699	6.255186572504568
Sordariales	SRR5176700	5.827204094853748
Sordariales	SRR5176701	5.089725063399707
Sordariales	SRR5176702	3.0982638819859436
Sordariales	SRR5176703	3.9283908195499158
Sordariales	SRR5176704	11.775182484753454
Sordariales	SRR5176705	4.120455530829103
Sordariales	SRR5176706	6.196527763971887
Sordariales	SRR5176707	2.7198254066901693
Sordariales	SRR5176708	3.98310922361501
Sordariales	SRR5176709	20.419914311143213
Sordariales	SRR5176710	6.871678609642517
Sordariales	SRR5176711	5.439650813380339
Sordariales	SRR5176712	4.705679439145765
Sordariales	SRR5176713	3.5766667091646362
Sordariales	SRR5176714	3.790397167872582
Sordariales	SRR5176715	4.705679439145765
Sordariales	SRR5176716	4.705679439145765
Sordariales	SRR5176717	9.41135887829153
Sordariales	SRR5176718	4.705679439145765
Sordariales	SRR5176719	3.0982638819859436
Sordariales	SRR5176720	12.04907817721223
Sordariales	SRR5176721	6.312042397969632
Sordariales	SRR5176722	4.705679439145765
Sordariales	SRR5176723	6.944795210924015
Sordariales	SRR5176724	2.642576972633714
Sordariales	SRR5176725	3.9283908195499158
Sordariales	SRR5176726	2.4943416949230692
Sordariales	SRR5176727	5.439650813380339
Sordariales	SRR5176728	4.339830682572663
Sordariales	SRR5176729	9.41135887829153
Sordariales	SRR5176730	3.119536718369155
Sordariales	SRR5176731	3.8653207774597873
Sordariales	SRR5176732	7.652557164930178
Sordariales	SRR5176733	4.705679439145765
Sordariales	SRR5176734	4.705679439145765
Sordariales	SRR5176735	0.984047112881408
Sordariales	SRR5176736	7.652557164930178
Sordariales	SRR5176737	5.439650813380339
Sordariales	SRR5176738	4.705679439145765
Sordariales	SRR5176739	5.439650813380339
Sordariales	SRR5176740	5.439650813380339
Sordariales	SRR5176741	9.41135887829153
Sordariales	SRR5176742	21.649485724710424
Sordariales	SRR5176743	3.9638654589505715
Sordariales	SRR5176744	3.864301917049959
Sordariales	SRR5176745	4.7986951505676325
Sordariales	SRR5176746	4.705679439145765
Sordariales	SRR5176747	6.700843502622125
Sordariales	SRR5176748	7.652557164930178
Sordariales	SRR5176749	1.3362219313428758
Sordariales	SRR5176750	6.255186572504568
Sordariales	SRR5176751	3.9283908195499158
Sordariales	SRR5176752	3.864301917049959
Sordariales	SRR5176753	4.705679439145765
Sordariales	SRR5176754	11.427689470541825
Sordariales	SRR5176755	3.119536718369155
Sordariales	SRR5176756	4.705679439145765
Sordariales	SRR5176757	6.700843502622125
Sordariales	SRR5176758	4.705679439145765
Sordariales	SRR5176759	6.255186572504568
Sordariales	SRR5176760	3.403619284267998
Sordariales	SRR5176761	4.7986951505676325
Sordariales	SRR5176762	5.439650813380339
Sordariales	SRR5176763	4.705679439145765
Sordariales	SRR5176764	6.255186572504568
Sordariales	SRR5176765	4.225504762512622
Sordariales	SRR5176766	5.439650813380339
Sordariales	SRR5176767	3.790397167872582
Sordariales	SRR5176768	6.312042397969632
Sordariales	SRR5176769	9.41135887829153
Sordariales	SRR5176770	3.887031704340999
Sordariales	SRR5176771	3.8653207774597873
Sordariales	SRR5176772	4.705679439145765
Sordariales	SRR5176773	7.652557164930178
Sordariales	SRR5176774	4.7986951505676325
Sordariales	SRR5176775	5.439650813380339
Sordariales	SRR5176776	2.8477343826940444
Sordariales	SRR5176777	4.3299484733291145
Sordariales	SRR5176778	5.439650813380339
Sordariales	SRR5176779	3.403619284267998
Sordariales	SRR5176780	4.25812287110472
Sordariales	SRR5176781	4.705679439145765
Sordariales	SRR5176782	7.652557164930178
Sordariales	SRR5176783	25.881236915301713
Sordariales	SRR5176784	3.887031704340999
Sordariales	SRR5176785	3.403619284267998
Sordariales	SRR5176786	5.805043967868303
Sordariales	SRR5176787	3.4398347547896604
Sordariales	SRR5176788	6.700843502622125
Sordariales	SRR5176789	2.083222735163087
Sordariales	SRR5176790	3.9283908195499158
Sordariales	SRR5176791	5.439650813380339
Sordariales	SRR5176792	6.871678609642517
Sordariales	SRR5176793	3.4398347547896604
Sordariales	SRR5176794	9.41135887829153
Sordariales	SRR5176795	3.790397167872582
Sordariales	SRR5176796	5.00392174675499
Sordariales	SRR5176797	5.439650813380339
Sordariales	SRR5176798	3.403619284267998
Sordariales	SRR5176799	3.887031704340999
Sordariales	SRR5176800	4.705679439145765
Sordariales	SRR5176801	6.700843502622125
Sordariales	SRR5176802	3.790397167872582
Sordariales	SRR5176803	3.9283908195499158
Sordariales	SRR5176804	6.255186572504568
Sordariales	SRR5176805	4.705679439145765
Sordariales	SRR5176806	2.7705279369391747
Sordariales	SRR5176807	5.439650813380339
Sordariales	SRR5176808	5.652057691323199
Sordariales	SRR5176809	7.652557164930178
Sordariales	SRR5176810	5.439650813380339
Sordariales	SRR5176811	4.705679439145765
Sordariales	SRR5176812	3.887031704340999
Sordariales	SRR5176813	4.705679439145765
Sordariales	SRR5176814	5.439650813380339
Sordariales	SRR5176815	5.439650813380339
Sordariales	SRR5176816	4.705679439145765
Sordariales	SRR5176817	4.705679439145765
Sordariales	SRR5176818	3.98310922361501
Sordariales	SRR5176819	5.8823667379178675
Sordariales	SRR5176820	3.2882804248579185
Sordariales	SRR5176821	3.5275318541528975
Sordariales	SRR5176822	3.887031704340999
Sordariales	SRR5176823	3.9283908195499158
Sordariales	SRR5176824	3.487748080290024
Sordariales	SRR5176825	8.828616337250232
Sordariales	SRR5176826	3.790397167872582
Sordariales	SRR5176827	4.7986951505676325
Sordariales	SRR5176828	3.887031704340999
Sordariales	SRR5176829	1.3599127033450846
Sordariales	SRR5176830	4.705679439145765
Sordariales	SRR5176831	2.913602047426874
Sordariales	SRR5176832	7.96621844723002
Sordariales	SRR5176833	6.196527763971887
Sordariales	SRR5176834	4.7986951505676325
Sordariales	SRR5176835	4.414308168625116
Sordariales	SRR5176836	7.652557164930178
Sordariales	SRR5176837	2.352839719572883
Sordariales	SRR5176838	3.5275318541528975
Sordariales	SRR5176839	4.705679439145765
Sordariales	SRR5176840	6.700843502622125
Sordariales	SRR5176841	3.887031704340999
Sordariales	SRR5176842	9.358610155107465
Sordariales	SRR5176843	5.824127719306356
Sordariales	SRR5176844	6.871678609642517
Sordariales	SRR5176845	4.7986951505676325
Sordariales	SRR5176846	5.439650813380339
Sordariales	SRR5176847	2.501960873377495
Sordariales	SRR5176848	5.439650813380339
Sordariales	SRR5176849	8.740806142280622
Sordariales	SRR5176850	6.700843502622125
Sordariales	SRR5176851	3.790397167872582
Sordariales	SRR5176852	3.9700578844209686
Sordariales	SRR5176853	5.439650813380339
Sordariales	SRR5176854	5.439650813380339
Sordariales	SRR5176855	5.439650813380339
Sordariales	SRR5176856	7.652557164930178
Sordariales	SRR5176857	4.7986951505676325
Sordariales	SRR5176858	5.439650813380339
Sordariales	SRR5176859	4.705679439145765
Sordariales	SRR5176860	3.2075176727103734
Sordariales	SRR5176861	3.790397167872582
Sordariales	SRR5176862	14.117038317437297
Sordariales	SRR5176863	3.9283908195499158
Sordariales	SRR5176864	4.7986951505676325
Sordariales	SRR5176865	4.705679439145765
Sordariales	SRR5176866	5.439650813380339
Sordariales	SRR5176867	4.778846035648738
Sordariales	SRR5176868	10.81280258053122
Sordariales	SRR5176869	5.439650813380339
Sordariales	SRR5176870	4.879192624197416
Sordariales	SRR5176871	15.1723614672301
Sordariales	SRR5176872	3.887031704340999
Sordariales	SRR5861974	NA
Sordariales	SRR5861975	NA
Sordariales	SRR5861976	NA
Sordariales	SRR5861977	NA
Sordariales	SRR5861978	NA
Sordariales	SRR5861979	NA
Sordariales	SRR5861980	NA
Sordariales	SRR5861981	NA
Sordariales	SRR5861982	NA
Sordariales	SRR5861983	NA
Sordariales	SRR5861984	NA
Sordariales	SRR5861985	NA
Sordariales	SRR5861986	NA
Sordariales	SRR5861987	NA
Sordariales	SRR5861988	NA
Sordariales	SRR5861989	NA
Sordariales	SRR5861990	NA
Sordariales	SRR5861991	NA
Sordariales	SRR5861992	NA
Sordariales	SRR5861993	NA
Sordariales	SRR5861994	NA
Sordariales	SRR5861995	NA
Sordariales	SRR5861996	NA
Sordariales	SRR5861997	NA
Sordariales	SRR5861998	NA
Sordariales	SRR5861999	NA
Sordariales	SRR5862000	NA
Sordariales	SRR5862001	NA
Sordariales	SRR5862002	NA
Sordariales	SRR5862003	NA
Sordariales	SRR5862004	NA
Sordariales	SRR5862005	NA
Sordariales	SRR5862006	NA
Sordariales	SRR5862007	NA
Sordariales	SRR5862008	NA
Sordariales	SRR5862009	NA
Sordariales	SRR5862010	NA
Sordariales	SRR5862011	NA
Sordariales	SRR5862012	NA
Sordariales	SRR5862013	NA
Sordariales	SRR5862014	NA
Sordariales	SRR5862015	NA
Sordariales	SRR5862016	NA
Sordariales	SRR5862017	NA
Sordariales	SRR5862018	NA
Sordariales	SRR5862019	NA
Sordariales	SRR5862020	NA
Sordariales	SRR5862021	NA
Sordariales	SRR5862022	NA
Sordariales	SRR5862023	NA
Sordariales	SRR5862024	NA
Sordariales	SRR5862025	NA
Sordariales	SRR5862026	NA
Sordariales	SRR5862027	NA
Sordariales	SRR5862028	NA
Sordariales	SRR5862029	NA
Sordariales	SRR5862030	NA
Sordariales	SRR5862031	NA
Sordariales	SRR5862032	NA
Sordariales	SRR5862033	NA
Sordariales	SRR5862034	NA
Sordariales	SRR5862035	NA
Sordariales	SRR5862036	NA
Sordariales	SRR5862037	NA
Sordariales	SRR5862038	NA
Sordariales	SRR5862039	NA
Sordariales	SRR5862040	NA
Sordariales	SRR5862041	NA
Sordariales	SRR5862042	NA
Sordariales	SRR5862043	NA
Sordariales	SRR5862044	NA
Sordariales	SRR5862045	NA
Sordariales	SRR5862046	NA
Sordariales	SRR5862047	NA
Sordariales	SRR5862048	NA
Sordariales	SRR5862049	NA
Sordariales	SRR5862050	NA
Sordariales	SRR5862051	NA
Sordariales	SRR5862052	NA
Sordariales	SRR5862053	NA
Sordariales	SRR5862054	NA
Sordariales	SRR5862055	NA
Sordariales	SRR5862056	NA
Sordariales	SRR5862057	NA
Sordariales	SRR5862058	NA
Sordariales	SRR5862059	NA
Sordariales	SRR5862060	NA
Sordariales	SRR5862061	NA
Sordariales	SRR5862062	NA
Sordariales	SRR5862063	NA
Sordariales	SRR5862064	NA
Sordariales	SRR5862065	NA
Sordariales	SRR5862066	NA
Sordariales	SRR5862067	NA
Sordariales	SRR5862068	NA
Sordariales	SRR5862069	NA
Sordariales	SRR5862070	NA
Sordariales	SRR5862071	NA
Sordariales	SRR5862072	NA
Sordariales	SRR5862073	NA
Sordariales	SRR5862074	NA
Sordariales	SRR5862075	NA
Sordariales	SRR5862076	NA
Sordariales	SRR5862077	NA
Sordariales	SRR5862078	NA
Sordariales	SRR5862079	NA
Sordariales	SRR5862080	NA
Sordariales	SRR5862081	NA
Sordariales	SRR5862082	NA
Sordariales	SRR5862083	NA
Sordariales	SRR5862084	NA
Sordariales	SRR5862085	NA
Sordariales	SRR5862086	NA
Sordariales	SRR5862087	NA
Sordariales	SRR5862088	NA
Sordariales	SRR5862089	NA
Sordariales	SRR5862090	NA
Sordariales	SRR5862091	NA
Sordariales	SRR5862092	NA
Sordariales	SRR5862093	NA
Sordariales	SRR5862094	NA
Sordariales	SRR5862095	NA
Sordariales	SRR5862096	NA
Sordariales	SRR5862097	NA
Sordariales	SRR5862098	NA
Sordariales	SRR5862099	NA
Sordariales	SRR5862100	NA
Sordariales	SRR5862101	NA
Sordariales	SRR5862102	NA
Sordariales	SRR5862103	NA
Sordariales	SRR5862104	NA
Sordariales	SRR5862105	NA
Sordariales	SRR5862106	NA
Sordariales	SRR5862107	NA
Sordariales	SRR5862108	NA
Sordariales	SRR5862109	NA
Sordariales	SRR5862110	NA
Sordariales	SRR5862111	NA
Sordariales	SRR5862112	NA
Sordariales	SRR5862113	NA
Sordariales	SRR5862114	NA
Sordariales	SRR5862115	NA
Sordariales	SRR5862116	NA
Sordariales	SRR5862117	NA
Sordariales	SRR5862118	NA
Sordariales	SRR5862119	NA
Sordariales	SRR5862120	NA
Sordariales	SRR5862121	NA
Sordariales	SRR5862122	NA
Sordariales	SRR5862123	NA
Sordariales	SRR5862124	NA
Sordariales	SRR5862125	NA
Sordariales	SRR5862126	NA
Sordariales	SRR5862127	NA
Sordariales	SRR5862128	NA
Sordariales	SRR5862129	NA
Sordariales	SRR5862130	NA
Sordariales	SRR5862131	NA
Sordariales	SRR5862132	NA
Sordariales	SRR5862133	NA
Sordariales	SRR5862134	NA
Sordariales	SRR5862135	NA
Sordariales	SRR5862136	NA
Sordariales	SRR5862137	NA
Sordariales	SRR5862138	NA
Sordariales	SRR5862139	NA
Sordariales	SRR5862140	NA
Sordariales	SRR5862141	NA
Sordariales	SRR5862142	NA
Sordariales	SRR5862143	NA
Sordariales	SRR5862144	NA
Sordariales	SRR5862145	NA
Sordariales	SRR5862146	NA
Sordariales	SRR5862147	NA
Sordariales	SRR5862148	NA
Sordariales	SRR5862149	NA
Sordariales	SRR5862150	NA
Sordariales	SRR5862151	NA
Sordariales	SRR5862152	NA
Sordariales	SRR5862153	NA
Sordariales	SRR5862154	NA
Sordariales	SRR5862155	NA
Sordariales	SRR5862156	NA
Sordariales	SRR5862157	NA
Sordariales	SRR5862158	NA
Sordariales	SRR5862159	NA
Sordariales	SRR5862160	NA
Sordariales	SRR5862161	NA
Sordariales	SRR5862162	NA
Sordariales	SRR5862163	NA
Sordariales	SRR5862164	NA
Sordariales	SRR5862165	NA
Sordariales	SRR5862166	NA
Sordariales	SRR5862167	NA
Sordariales	SRR5862168	NA
Sordariales	SRR5862169	NA
Sordariales	SRR5862170	NA
Sordariales	SRR5862171	NA
Sordariales	SRR5862172	NA
Sordariales	SRR5862173	NA
Sordariales	SRR5862174	NA
Sordariales	SRR5862175	NA
Sordariales	SRR5862176	NA
Sordariales	SRR5862177	NA
Sordariales	SRR5862178	NA
Sordariales	SRR5862179	NA
Sordariales	SRR5862180	NA
Sordariales	SRR5862181	NA
Sordariales	SRR5862182	NA
Sordariales	SRR5862183	NA
Sordariales	SRR5862184	NA
Sordariales	SRR5862185	NA
Sordariales	SRR5862186	NA
Sordariales	SRR5862187	NA
Sordariales	SRR5862188	NA
Sordariales	SRR5862189	NA
Sordariales	SRR5862190	NA
Sordariales	SRR5862191	NA
Sordariales	SRR5862192	NA
Sordariales	SRR5862193	NA
Sordariales	SRR5862194	NA
Sordariales	SRR5862195	NA
Sordariales	SRR5862196	NA
Sordariales	SRR5862197	NA
Sordariales	SRR5862198	NA
Sordariales	SRR5862199	NA
Sordariales	SRR5862200	NA
Sordariales	SRR5862201	NA
Sordariales	SRR5862202	NA
Sordariales	SRR5862203	NA
Sordariales	SRR5862204	NA
Sordariales	SRR5862205	NA
Sordariales	SRR5862206	NA
Sordariales	SRR5862207	NA
Sordariales	SRR5862208	NA
Sordariales	SRR5862209	NA
Sordariales	SRR5862210	NA
Sordariales	SRR5862211	NA
Sordariales	SRR5862212	NA
Sordariales	SRR5862213	NA
Sordariales	SRR5862214	NA
Sordariales	SRR5862215	NA
Sordariales	SRR5862216	NA
Sordariales	SRR5862217	NA
Sordariales	SRR5862218	NA
Sordariales	SRR5862219	NA
Sordariales	SRR5862220	NA
Sordariales	SRR5862221	NA
Sordariales	SRR5862222	NA
Sordariales	SRR5862223	NA
Sordariales	SRR5862224	NA
Sordariales	SRR5862225	NA
Sordariales	SRR5862226	NA
Sordariales	SRR5862227	NA
Sordariales	SRR5862228	NA
Sordariales	SRR5862229	NA
Sordariales	SRR5862230	NA
Sordariales	SRR5862231	NA
Sordariales	SRR5862232	NA
Sordariales	SRR5862233	NA
Sordariales	SRR5862234	NA
Sordariales	SRR5862235	NA
Sordariales	SRR5862236	NA
Sordariales	SRR5862237	NA
Sordariales	SRR5862238	NA
Sordariales	SRR5862239	NA
Sordariales	SRR5862240	NA
Sordariales	SRR5862241	NA
Sordariales	SRR5862242	NA
Sordariales	SRR5862243	NA
Sordariales	SRR5862244	NA
Sordariales	SRR5862245	NA
Sordariales	SRR5862246	NA
Sordariales	SRR5862247	NA
Sordariales	SRR5862248	NA
Sordariales	SRR5862249	NA
Sordariales	SRR5862250	NA
Sordariales	SRR5862251	NA
Sordariales	SRR5862252	NA
Sordariales	SRR5862253	NA
Sordariales	SRR5862254	NA
Sordariales	SRR5862255	NA
Sordariales	SRR5862256	NA
Sordariales	SRR5862257	NA
Sordariales	SRR5862258	NA
Sordariales	SRR5862259	NA
Sordariales	SRR5862260	NA
Sordariales	SRR5862261	NA
Sordariales	SRR5862262	NA
Sordariales	SRR5862263	NA
Sordariales	SRR5862264	NA
Sordariales	SRR5862265	NA
Sordariales	SRR5862266	NA
Sordariales	SRR5862267	NA
Sordariales	SRR5862268	NA
Sordariales	SRR5862269	NA
Sordariales	SRR5862270	NA
Sordariales	SRR5862271	NA
Sordariales	SRR5862272	NA
Sordariales	SRR5862273	NA
Sordariales	SRR5862274	NA
Sordariales	SRR5862275	NA
Sordariales	SRR5862276	NA
Sordariales	SRR5862277	NA
Sordariales	SRR5949109	6.248286760519464
Sordariales	SRR5949110	8.694679313362405
Sordariales	SRR5949111	22.47126748600439
Sordariales	SRR5949112	16.318952440141018
Sordariales	SRR5949113	7.500628599484218
Sordariales	SRR5949114	6.255186572504568
Sordariales	SRR5949115	9.757834630485865
Sordariales	SRR5949116	32.70957986330006
Sordariales	SRR5949117	7.055063708305795
Sordariales	SRR5949118	6.117407999047587
Sordariales	SRR5949119	3.957034099964717
Sordariales	SRR5949120	1.895198583936291
Sordariales	SRR5949121	1.4141552496265795
Sordariales	SRR5949122	9.950167068234148
Sordariales	SRR5949123	7.222867302933692
Sordariales	SRR5949124	7.934730990123401
Sordariales	SRR5949125	18.417508976729906
Sordariales	SRR5949126	3.4666669916351953
Sordariales	SRR5949127	6.44380990775139
Sordariales	SRR5949128	2.6802155407929873
Sordariales	SRR5949129	6.253615032708225
Sordariales	SRR5949130	57.5832232407787
Sordariales	SRR5949131	2.0602277654145515
Sordariales	SRR5949132	16.251472950532776
Sordariales	SRR5949133	6.700843502622125
Sordariales	SRR5949134	6.871678609642517
Sordariales	SRR5949135	6.944795210924013
Sordariales	SRR5949136	4.599298364931615
Sordariales	SRR5949137	5.683766666132647
Sordariales	SRR5949138	16.32347510725326
Sordariales	SRR5949139	80.23847100862874
Sordariales	SRR5949140	7.661007674272503
Sordariales	SRR5949141	20.05104661317753
Sordariales	SRR5949142	13.456029820532159
Sordariales	SRR5949143	6.255186572504568
Sordariales	SRR5949144	7.741933149111821
Sordariales	SRR5949145	6.443809907751391
Sordariales	SRR5949146	3.9700578844209686
Sordariales	SRR5949147	21.00437458365107
Sordariales	SRR5949148	2.406722276483205
Sordariales	SRR5949149	1.175843951384299
Sordariales	SRR5949150	6.128527496183016
Sordariales	SRR5949151	7.111677311704768
Sordariales	SRR5949152	2.288538789756572
Sordariales	SRR5949153	5.993416631380346
Sordariales	SRR5949154	5.778031134985631
Sordariales	SRR5949155	6.117005234496776
Sordariales	SRR5949156	7.774063408681998
Sordariales	SRR5949157	6.871678609642517
Sordariales	SRR5949158	6.68018095058381
Sordariales	SRR5949159	6.091092067557131
Sordariales	SRR5949160	14.620340998187588
Sordariales	SRR5949161	3.5383069996572867
Sordariales	SRR5949162	6.852213574328354
Sordariales	SRR5949163	7.055063708305795
Sordariales	SRR5949164	6.871678609642517
Sordariales	SRR5949165	5.439650813380339
Sordariales	SRR5949166	19.435158521705
Sordariales	SRR5949167	3.7826092919833236
Sordariales	SRR5949168	4.991126762265121
Sordariales	SRR5949169	1.011653764839891
Sordariales	SRR5949170	7.055063708305795
Sordariales	SRR5949171	6.57668594728402
Sordariales	SRR5949172	15.61075754833621
Sordariales	SRR5949173	10.879301626760679
Sordariales	SRR5949174	6.700843502622125
Sordariales	SRR5949175	3.9283908195499158
Sordariales	SRR5949176	9.734453797169822
Sordariales	SRR5949177	3.5044714407420563
Sordariales	SRR5949178	6.888132294446333
Sordariales	SRR5949179	17.43874040145012
Sordariales	SRR5949180	1.4445077837464078
Sordariales	SRR5949181	5.411175064739831
Sordariales	SRR5949182	8.130679779692834
Sordariales	SRR5949183	5.8823667379178675
Sordariales	SRR5949184	9.838309174567938
Sordariales	SRR5949185	14.63487778144505
Sordariales	SRR5949186	5.9510482425925515
Sordariales	SRR5949187	1.5190676220539203
Sordariales	SRR5949188	2.8086133162421203
Sordariales	SRR5949189	14.132627376312172
Sordariales	SRR5949190	14.099381922741351
Sordariales	SRR5949191	11.116174033537979
Sordariales	SRR5949192	15.454986201525111
Sordariales	SRR5949193	7.2043984939093795
Sordariales	SRR5949194	7.055063708305795
Sordariales	SRR5949195	55.58665887700709
Sordariales	SRR5949196	29.489173826949198
Sordariales	SRR5949197	39.10135592819297
Sordariales	SRR5949198	12.009116339003953
Sordariales	SRR5949199	3.1788329578905774
Sordariales	SRR5949200	13.716598923034992
Sordariales	SRR5949201	4.511349932611701
Sordariales	SRR5949202	17.65438769398913
Sordariales	SRR5949203	6.288514559041064
Sordariales	SRR5949204	6.255186572504568
Sordariales	SRR5949205	6.871678609642517
Sordariales	SRR5949206	3.9009757661647706
Sordariales	SRR5949207	7.266044062581393
Sordariales	SRR5949208	5.916067687938404
Sordariales	SRR5949209	7.905368172258039
Sordariales	SRR5949210	9.388705327072685
Sordariales	SRR5949211	5.6172266324842415
Sordariales	SRR5949212	5.9510482425925515
Sordariales	SRR5949213	9.614501056823721
Sordariales	SRR5949214	8.584166847974252
Sordariales	SRR5949215	11.89744622697181
Sordariales	SRR5949216	7.99185806546133
Sordariales	SRR5949217	5.169859393843714
Sordariales	SRR5949218	2.8975619149438674
Sordariales	SRR5949219	14.014380728675379
Sordariales	SRR5949220	7.33660031888124
Sordariales	SRR5949221	2.388741992533489
Sordariales	SRR5949222	22.59120348723644
Sordariales	SRR5949223	25.546046629884696
Sordariales	SRR5949224	15.363421291086464
Sordariales	SRR5949225	17.646764541754067
Sordariales	SRR5949226	18.76431626734781
Sordariales	SRR5949227	6.824968084422276
Sordariales	SRR5949228	1.4531735048535397
Sordariales	SRR5949229	5.670401544962704
Sordariales	SRR5949230	19.633948232863773
Sordariales	SRR5949231	10.921334275719031
Sordariales	SRR5949232	1.9456620235105835
Sordariales	SRR5949233	7.965034029603048
Sordariales	SRR5949234	16.623167621635048
Sordariales	SRR5949235	5.51813609019515
Sordariales	SRR5949236	4.005860912694
Sordariales	SRR5949237	42.88664478281016
Sordariales	SRR5949238	7.185854103280146
Sordariales	SRR5949239	54.601197368497076
Sordariales	SRR5949240	14.470899910287782
Sordariales	SRR5949241	7.2043984939093795
Sordariales	SRR5949242	5.4111750647398305
Sordariales	SRR5949243	4.942393212827193
Sordariales	SRR5949244	7.123883059810642
Sordariales	SRR5949245	8.40909661758841
Sordariales	SRR5949246	9.951293204960095
Sordariales	SRR5949247	143.960854517029
Sordariales	SRR5949248	6.698763143798689
Sordariales	SRR5949249	10.552618811792602
Sordariales	SRR5949250	6.255186572504568
Sordariales	SRR5949251	2.8472041644608885
Sordariales	SRR5949252	2.463879524418508
Sordariales	SRR5949253	2.5297218664533863
Sordariales	SRR5949254	7.42429837159604
Sordariales	SRR5949255	4.666474244420376
Sordariales	SRR5949256	7.854625802974602
Sordariales	SRR5949257	7.237738200184181
Sordariales	SRR5949258	9.531758339023874
Sordariales	SRR5949259	2.9662067185655174
Sordariales	SRR5949260	4.566434453491455
Sordariales	SRR5949261	9.597203873463114
Sordariales	SRR5949262	5.988885188589331
Sordariales	SRR5949263	5.890370269241313
Sordariales	SRR5949264	4.1300592003721635
Sordariales	SRR5949265	13.05559418781681
Sordariales	SRR5949266	6.255186572504568
Sordariales	SRR5949267	6.700843502622126
Sordariales	SRR5949268	7.594102804080116
Sordariales	SRR5949269	5.464823818525585
Sordariales	SRR5949270	16.415739460859093
Sordariales	SRR5949271	7.401236564222092
Sordariales	SRR5949272	6.700843502622126
Sordariales	SRR5949273	16.40726280316139
Sordariales	SRR5949274	4.444634653044913
Sordariales	SRR5949275	3.5613733524696523
Sordariales	SRR5949276	2.164974236664557
Sordariales	SRR5949277	310.84296959064454
Sordariales	SRR5949278	24.588503770995793
Sordariales	SRR5949279	1.578010599492408
Sordariales	SRR5949280	7.471591586458852
Sordariales	SRR5949281	2.595643005446296
Sordariales	SRR5949282	13.094071984563127
Sordariales	SRR5949283	9.89178278478096
Sordariales	SRR5949284	11.037833098439888
Sordariales	SRR5949285	6.871678609642517
Sordariales	SRR5949286	7.299807897633325
Sordariales	SRR5949287	8.303276810731262
Sordariales	SRR5949288	11.62806335454432
Sordariales	SRR5949289	6.758308876107344
Sordariales	SRR5949290	5.439650813380339
Sordariales	SRR5949291	10.444228689167165
Sordariales	SRR5949292	3.4767427654271565
Sordariales	SRR5949293	5.439650813380339
Sordariales	SRR5949294	4.9027012153800085
Sordariales	SRR5949295	2.6327797225648544
Sordariales	SRR5949296	3.643219233160092
Sordariales	SRR5949297	5.708467491452927
Sordariales	SRR5949298	3.327417841510081
Sordariales	SRR5949299	12.409182949030491
Sordariales	SRR5949300	10.558131964810924
Sordariales	SRR5949301	6.255186572504568
Sordariales	SRR5949302	10.879301626760675
Sordariales	SRR5949303	69.2641105969068
Sordariales	SRR5949304	2.0998132183005542
Sordariales	SRR5949305	5.885744224833489
Sordariales	SRR5949306	7.2928327278729626
Sordariales	SRR5949307	5.80762841406631
Sordariales	SRR5949308	6.38416072957555
Sordariales	SRR5949309	6.0143690767407065
Sordariales	SRR5949310	1.9610429903206517
Sordariales	SRR5949311	3.098263881985943
Sordariales	SRR5949312	3.5321026560934805
Sordariales	SRR5949313	6.627308908742156
Sordariales	SRR5949314	5.41560649923908
Sordariales	SRR5949315	2.461143161027029
Sordariales	SRR5949316	23.151767416493822
Sordariales	SRR5949317	7.488856620172449
Sordariales	SRR5949318	5.899135618029302
Sordariales	SRR5949319	15.01176524026497
Sordariales	SRR5949320	6.255186572504568
Sordariales	SRR5949321	9.372430140779194
Sordariales	SRR5949322	7.288515814519157
Sordariales	SRR5949323	24.185313511791087
Sordariales	SRR5949324	6.871678609642517
Sordariales	SRR5949325	6.936911907386977
Sordariales	SRR5949326	3.6215037023867764
Sordariales	SRR5949327	4.975646602480047
Sordariales	SRR5949328	39.497195449950134
Sordariales	SRR5949329	4.831468568478748
Sordariales	SRR5949330	8.616177179662262
Sordariales	SRR5949331	6.255186572504569
Sordariales	SRR5949332	15.011765240264973
Sordariales	SRR5949333	6.09653311802536
Sordariales	SRR5949334	9.758385248394832
Sordariales	SRR5949335	12.644940759626014
Sordariales	SRR5949336	6.917349668035092
Sordariales	SRR5949337	2.5540489608429993
Sordariales	SRR5949338	6.871678609642517
Sordariales	SRR5949339	3.4693342333006982
Sordariales	SRR5949340	4.705679439145765
Sordariales	SRR5949341	1.9380105590907202
Sordariales	SRR5949342	10.72086216317195
Sordariales	SRR5949343	3.3318314107212195
Sordariales	SRR5949344	15.161588671490328
Sordariales	SRR5949345	12.717037188140926
Sordariales	SRR5949346	10.388529206551434
Sordariales	SRR5949347	30.842397955996706
Sordariales	SRR5949348	4.156757191411774
Sordariales	SRR5949349	1.219798156049354
Sordariales	SRR5949350	3.0687237048485736
Sordariales	SRR5949351	7.549788358151932
Sordariales	SRR5949352	4.441456290565771
Sordariales	SRR5949353	1.8897031776454656
Sordariales	SRR5949354	8.692062302051777
Sordariales	SRR5949355	6.871678609642518
Sordariales	SRR5949356	4.08231457023914
Sordariales	SRR5949357	3.4398347547896604
Sordariales	SRR5949358	3.8726836463248135
Sordariales	SRR5949359	7.107317820560884
Sordariales	SRR5949360	4.765066997975198
Sordariales	SRR5949361	13.153121699431674
Sordariales	SRR5949362	11.754354550058796
Sordariales	SRR5949363	5.736207644068424
Sordariales	SRR5949364	7.204398493909379
Sordariales	SRR5949365	6.551888479613305
Sordariales	SRR5949366	13.106373770247078
Sordariales	SRR5949367	6.871678609642517
Sordariales	SRR5949368	4.4151332393759555
Sordariales	SRR5949369	81.83097891724454
Sordariales	SRR5949370	11.082111747756699
Sordariales	SRR5949371	15.161588671490328
Sordariales	SRR5949372	12.168333970244678
Sordariales	SRR5949373	5.439650813380339
Sordariales	SRR5949374	9.1184229993891
Sordariales	SRR5949375	1.0284343792790724
Sordariales	SRR5949376	6.871678609642517
Sordariales	SRR5949377	14.009000855448027
Sordariales	SRR5949378	10.879301626760679
Sordariales	SRR5949379	6.886751215567318
Sordariales	SRR5949380	8.198879153376499
Sordariales	SRR5949381	7.560191657163994
Sordariales	SRR5949382	10.529047946564342
Sordariales	SRR5949383	5.632967084449717
Sordariales	SRR5949384	3.7078123027560363
Sordariales	SRR5949385	1.932660388729894
Sordariales	SRR5949386	6.700843502622125
Sordariales	SRR5949387	10.698834723762612
Sordariales	SRR5949388	24.68596680934875
Sordariales	SRR5949389	5.1028327217147
Sordariales	SRR5949390	15.161588671490328
Sordariales	SRR5949391	9.16182158942208
Sordariales	SRR5949392	6.255186572504568
Sordariales	SRR5949393	1.007866244043685
Sordariales	SRR5949394	2.4780355202232975
Sordariales	SRR5949395	7.927889296051664
Sordariales	SRR5949396	5.0581705681889755
Sordariales	SRR5949397	7.896554510942692
Sordariales	SRR5949398	2.402851628246938
Sordariales	SRR5949399	11.654408189707496
Sordariales	SRR5949400	7.803822897774424
Sordariales	SRR5949401	3.1772527796746246
Sordariales	SRR5949402	6.700843502622125
Sordariales	SRR5949403	11.951532286034908
Sordariales	SRR5949404	7.658143389602997
Sordariales	SRR5949405	41.68560778642018
Sordariales	SRR5949406	5.964086385634468
Sordariales	SRR5949407	8.846169686010036
Sordariales	SRR5949408	4.406390651420691
Sordariales	SRR5949409	7.8567816390998315
Sordariales	SRR5949410	1.813216937793446
Sordariales	SRR5949411	5.224056099432641
Sordariales	SRR5949412	7.707688484859392
Sordariales	SRR5949413	8.899050200951867
Sordariales	SRR5949414	5.439650813380339
Sordariales	SRR5949415	0.5530887162644839
Sordariales	SRR5949416	7.088090925457291
Sordariales	SRR5949417	6.871678609642517
Sordariales	SRR5949418	4.423084843005018
Sordariales	SRR5949419	5.6215243804057335
Sordariales	SRR5949420	17.34509664547671
Sordariales	SRR5949421	8.65458932139382
Sordariales	SRR5949422	7.1073178205608825
Sordariales	SRR5949423	5.401758840409099
Sordariales	SRR5949424	6.255186572504568
Sordariales	SRR5949425	6.871678609642518
Sordariales	SRR5949426	6.2187691724700604
Sordariales	SRR5949427	4.889287017578303
Sordariales	SRR5949428	3.0858723670315635
Sordariales	SRR5949429	4.6289096255949795
Sordariales	SRR5949430	34.58550407215593
Sordariales	SRR5949431	3.61472345316367
Sordariales	SRR5949432	21.961806255650316
Sordariales	SRR5949433	9.914538522476509
Sordariales	SRR5949434	4.381606801715236
Sordariales	SRR5949435	7.491432653199188
Sordariales	SRR5949436	2.745520136545377
Sordariales	SRR5949437	10.558649335688129
Sordariales	SRR5949438	5.439650813380339
Sordariales	SRR5949439	13.313576912351479
Sordariales	SRR5949440	12.62560087296112
Sordariales	SRR5949441	5.974663835422516
Sordariales	SRR5949442	33.64439430098085
Sordariales	SRR5949443	5.373308858283538
Sordariales	SRR5949444	4.137092364835386
Sordariales	SRR5949445	6.871678609642517
Sordariales	SRR5949446	3.552080640643055
Sordariales	SRR5949447	40.790428663976236
Sordariales	SRR5949448	33.29733194311619
Sordariales	SRR5949449	6.871678609642517
Sordariales	SRR5949450	5.844737078044869
Sordariales	SRR5949451	5.252601845990726
Sordariales	SRR5949452	5.763505174954265
Sordariales	SRR5949453	2.4626436621385106
Sordariales	SRR5949454	6.871678609642516
Sordariales	SRR5949455	5.91325448973918
Sordariales	SRR5949456	3.790397167872582
Sordariales	SRR5949457	4.958361556552944
Sordariales	SRR5949458	3.4398347547896604
Sordariales	SRR5949459	3.809492488563364
Sordariales	SRR5949460	4.020093309364175
Sordariales	SRR5949461	5.513147030237684
Sordariales	SRR5949462	17.727332326801097
Sordariales	SRR5949463	3.280103001636013
Sordariales	SRR5949464	4.538159045690664
Sordariales	SRR5949465	2.545714822704902
Sordariales	SRR5949466	14.141552496265792
Sordariales	SRR5949467	3.583112988800235
Sordariales	SRR5949468	2.5121001190513983
Sordariales	SRR5949469	5.897446457340025
Sordariales	SRR5949470	3.246100691755418
Sordariales	SRR5949471	17.79873003108013
Sordariales	SRR5949472	51.65527912256333
Sordariales	SRR5949473	11.329098419976837
Sordariales	SRR5949474	17.657232674500463
Sordariales	SRR5949475	3.8653207774597873
Sordariales	SRR5949476	4.5501732920834925
Sordariales	SRR5949477	2.365928365122503
Sordariales	SRR5949478	6.262257598604315
Sordariales	SRR5949479	22.07154084312558
Sordariales	SRR5949480	2.7334268880995665
Sordariales	SRR5949481	9.183350979310447
Sordariales	SRR5949482	4.936269026481742
Sordariales	SRR5949483	70.62893069800185
Sordariales	SRR5949484	5.751385981178157
Sordariales	SRR5949485	7.415624605512073
Sordariales	SRR5949486	9.629678197203045
Sordariales	SRR5949487	6.816431535634995
Sordariales	SRR5949488	23.997943402811888
Sordariales	SRR5949489	7.661007674272503
Sordariales	SRR5949490	2.8427978759044366
Sordariales	SRR5949491	6.27295563737824
Sordariales	SRR5949492	7.247202852718122
Sordariales	SRR5949493	13.780273544432168
Sordariales	SRR5949494	14.45889381265468
Sordariales	SRR5949495	5.51678279898538
Sordariales	SRR5949496	6.1170052344967765
Sordariales	SRR5949497	8.654431449213353
Sordariales	SRR5949498	17.086406296164267
Sordariales	SRR5949499	51.34437901402883
Sordariales	SRR5949500	4.9739806545467475
Sordariales	SRR5949501	27.263951635691566
Sordariales	SRR5949502	7.739029482132037
Sordariales	SRR5949503	3.347465987055993
Sordariales	SRR5949504	5.094939142593256
Sordariales	SRR5949505	6.871678609642517
Sordariales	SRR5949506	3.800465238207366
Sordariales	SRR5949507	3.790397167872582
Sordariales	SRR5949508	5.417157650177591
Sordariales	SRR5949509	8.075411140910148
Sordariales	SRR5949510	15.025040307752464
Sordariales	SRR5949511	57.025401035964336
Sordariales	SRR5949512	6.022035423348054
Sordariales	SRR5949513	10.879301626760679
Sordariales	SRR5949514	8.756863056821233
Sordariales	SRR5949515	7.774063408682
Sordariales	SRR5949516	11.261104366421542
Sordariales	SRR5949517	11.595962332379365
Sordariales	SRR5949518	9.953916959234677
Sordariales	SRR5949519	3.815577218258791
Sordariales	SRR5949520	5.882366737917866
Sordariales	SRR5949521	15.195393816404437
Sordariales	SRR5949522	7.055063708305795
Sordariales	SRR5949523	11.103640726414426
Sordariales	SRR5949524	35.96508320336088
Sordariales	SRR5949525	6.700843502622126
Sordariales	SRR5949526	6.985796969716735
Sordariales	SRR5949527	2.416111789124057
Sordariales	SRR5949528	4.0865951191357555
Sordariales	SRR5949529	24.40153294589325
Sordariales	SRR5949530	10.210857852803993
Sordariales	SRR5949531	6.378369253317258
Sordariales	SRR5949532	9.561225828827926
Sordariales	SRR5949533	3.0982638819859436
Sordariales	SRR5949534	2.5352670991579815
Sordariales	SRR5949535	6.255186572504568
Sordariales	SRR5949536	7.123883059810642
Sordariales	SRR5949537	26.073618359096933
Sordariales	SRR5949538	6.255186572504568
Sordariales	SRR5949539	3.4094735261920683
Sordariales	SRR5949540	4.557591901324501
Sordariales	SRR5949541	5.417157650177591
Sordariales	SRR5949542	13.627274344458884
Sordariales	SRR5949543	16.371473403204288
Sordariales	SRR5949544	2.269466271196161
Sordariales	SRR5949545	8.733757005322472
Sordariales	SRR5949546	4.339028209684192
Sordariales	SRR5949547	6.871678609642517
Sordariales	SRR5949548	5.097435771358655
Sordariales	SRR5949549	7.815008516757885
Sordariales	SRR5949550	3.098263881985943
Sordariales	SRR5949551	6.255186572504568
Sordariales	SRR5949552	8.339869577924981
Sordariales	SRR5949553	14.117038317437297
Sordariales	SRR5949554	10.879301626760679
Sordariales	SRR5949555	5.331025934650846
Sordariales	SRR5949556	26.026008862778426
Sordariales	SRR5949557	14.752997490551175
Sordariales	SRR5949558	5.554315233932461
Sordariales	SRR5949559	9.850556071150454
Sordariales	SRR5949560	6.493173139053614
Sordariales	SRR5949561	4.918017178860592
Sordariales	SRR5949562	3.799643206156976
Sordariales	SRR5949563	7.092714889353251
Sordariales	SRR5949564	54.70157690822363
Sordariales	SRR5949565	7.729768982396221
Sordariales	SRR5949566	5.266851053936649
Sordariales	SRR5949567	15.931855534313092
Sordariales	SRR5949568	2.275277974108132
Sordariales	SRR5949569	6.335374643782775
Sordariales	SRR5949570	7.91189497649702
Sordariales	SRR5949571	24.078843283527625
Sordariales	SRR5949572	16.415184818344045
Sordariales	SRR5949573	6.917349668035092
Sordariales	SRR5949574	8.823550106876803
Sordariales	SRR5949575	104.369720990112
Sordariales	SRR5949576	12.389936924026653
Sordariales	SRR5949577	3.4398347547896604
Sordariales	SRR5949578	17.205401154569834
Sordariales	SRR5949579	4.293790143127246
Sordariales	SRR5949580	7.8567816390998315
Sordariales	SRR5949581	3.1621472689032157
Sordariales	SRR5949582	7.4676622653309455
Sordariales	SRR5949583	8.130857321891234
Sordariales	SRR5949584	80.30813152376405
Sordariales	SRR5949585	4.208887642501207
Sordariales	SRR5949586	5.4111750647398305
Sordariales	SRR5949587	10.88251832653345
Sordariales	SRR5949588	9.037180451459964
Sordariales	SRR5949589	6.255186572504568
Sordariales	SRR5949590	6.700843502622125
Sordariales	SRR5949591	6.993511194032067
Sordariales	SRR5949592	6.014369076740707
Sordariales	SRR5949593	12.19798156049354
Sordariales	SRR5949594	7.9431319491865615
Sordariales	SRR5949595	8.030561227232589
Sordariales	SRR5949596	7.934370241380246
Sordariales	SRR5949597	19.461486388128737
Sordariales	SRR5949598	7.711172450324628
Sordariales	SRR5949599	19.557148070313215
Sordariales	SRR5949600	14.877765351262102
Sordariales	SRR5949601	2.9514093405073996
Sordariales	SRR5949602	14.256350258991084
Sordariales	SRR5949603	3.357425372514417
Sordariales	SRR5949604	9.71802108602554
Sordariales	SRR5949605	10.967217693752442
Sordariales	SRR5949606	5.046506779180052
Sordariales	SRR5949607	5.819076400958752
Sordariales	SRR5949608	3.3375232975621603
Sordariales	SRR5950246	4.156757191411773
Sordariales	SRR5950247	4.1739231174601965
Sordariales	SRR5950248	2.9440916796406262
Sordariales	SRR5950249	8.14648586228062
Sordariales	SRR5950250	5.8823667379178675
Sordariales	SRR5950251	15.098374956518978
Sordariales	SRR5950252	1.7530282974796016
Sordariales	SRR5950253	7.3741885999788614
Sordariales	SRR5950254	14.939314002148206
Sordariales	SRR5950255	14.117038317437297
Sordariales	SRR5950256	6.758308876107344
Sordariales	SRR5950257	5.503735607663456
Sordariales	SRR5950258	1.6821689263933506
Sordariales	SRR5950259	0.5148953609776771
Sordariales	SRR5950260	5.939662930028489
Sordariales	SRR5950261	8.926575965482648
Sordariales	SRR5950262	1.2490465895308758
Sordariales	SRR5950263	4.291262420088897
Sordariales	SRR5950264	5.8823667379178675
Sordariales	SRR5950265	20.371180454403152
Sordariales	SRR5950266	7.834919079893809
Sordariales	SRR5950267	11.978180105707974
Sordariales	SRR5950268	12.928879226227178
Sordariales	SRR5950269	2.884591646201024
Sordariales	SRR5950270	6.078157526561776
Sordariales	SRR5950271	5.439650813380339
Sordariales	SRR5950272	10.630370742377456
Sordariales	SRR5950273	5.791601609658684
Sordariales	SRR5950274	9.378052310233
Sordariales	SRR5950275	3.864301917049959
Sordariales	SRR5950276	3.932578277769694
Sordariales	SRR5950277	18.898318964704988
Sordariales	SRR5950278	6.149388496189412
Sordariales	SRR5950279	6.737440988923152
Sordariales	SRR5950280	2.390742518404106
Sordariales	SRR5950281	10.167208894958799
Sordariales	SRR5950282	5.553594304828537
Sordariales	SRR5950283	6.627308908742157
Sordariales	SRR5950284	3.9283908195499158
Sordariales	SRR5950285	49.250350278954635
Sordariales	SRR5950286	2.8425590050440857
Sordariales	SRR5950287	8.682096993339883
Sordariales	SRR5950288	11.773402751546584
Sordariales	SRR5950289	14.942539100009924
Sordariales	SRR5950290	9.46806359695445
Sordariales	SRR5950291	11.89372869123023
Sordariales	SRR5950292	9.57453576973408
Sordariales	SRR5950293	9.983508274029539
Sordariales	SRR5950294	7.422423278426454
Sordariales	SRR5950295	3.2963644246632824
Sordariales	SRR5950296	6.540458918412354
Sordariales	SRR5950297	4.922286322054059
Sordariales	SRR5950298	6.493173139053614
Sordariales	SRR5950299	7.237738200184181
Sordariales	SRR5950300	5.285153945267429
Sordariales	SRR5950301	9.033637652637463
Sordariales	SRR5950302	4.705679439145765
Sordariales	SRR5950303	6.42963099507761
Sordariales	SRR5950304	6.444778437356787
Sordariales	SRR5950305	25.17392668732229
Sordariales	SRR5950306	16.377871499325977
Sordariales	SRR5950307	11.692099177035125
Sordariales	SRR5950308	3.7797855009272205
Sordariales	SRR5950309	7.027903955753555
Sordariales	SRR5950310	7.912254703366564
Sordariales	SRR5950311	4.689940258380677
Sordariales	SRR5950312	28.234076634874594
Sordariales	SRR5950313	5.592717177459513
Sordariales	SRR5950314	11.26593416889943
Sordariales	SRR5950315	2.4861538315874117
Sordariales	SRR5950316	3.728559533663943
Sordariales	SRR5950317	9.666802703405747
Sordariales	SRR5950318	6.529146672719177
Sordariales	SRR5950319	6.511572745004912
Sordariales	SRR5950320	17.028800589612644
Sordariales	SRR5950321	7.237738200184181
Sordariales	SRR5950322	3.357425372514417
Sordariales	SRR5950323	6.044413812003343
Sordariales	SRR5950324	5.0039217467549895
Sordariales	SRR5950325	3.5383069996572867
Sordariales	SRR5950326	6.560495024197913
Sordariales	SRR5950327	7.4703022324452455
Sordariales	SRR5950328	11.106175790693728
Sordariales	SRR5950329	10.65295705326993
Sordariales	SRR5950330	1.0324947436688878
Sordariales	SRR5950331	2.9924046164025886
Sordariales	SRR5950332	8.81781359337964
Sordariales	SRR5950333	12.684540148587375
Sordariales	SRR5950334	16.132296308392014
Sordariales	SRR5950335	9.931398184799122
Sordariales	SRR5950336	4.364462480769236
Sordariales	SRR5950337	8.338873769319681
Sordariales	SRR5950338	5.8823667379178675
Sordariales	SRR5950339	3.403619284267998
Sordariales	SRR5950340	7.661007674272503
Sordariales	SRR5950341	13.36146534880549
Sordariales	SRR5950342	5.735426319588988
Sordariales	SRR5950343	5.344887725371503
Sordariales	SRR5950344	3.81270333560955
Sordariales	SRR5950345	9.675073279780504
Sordariales	SRR5950346	3.307681783877292
Sordariales	SRR5950347	5.2444836853683725
Sordariales	SRR5950348	4.712402831260022
Sordariales	SRR5950349	8.703441301408539
Sordariales	SRR5950350	6.852213574328353
Sordariales	SRR5950351	16.318854664438312
Sordariales	SRR5950352	8.525463836463148
Sordariales	SRR5950353	12.573835145988792
Sordariales	SRR5950354	35.65794621153792
Sordariales	SRR5950355	15.812457690354599
Sordariales	SRR5950356	7.909531347532117
Sordariales	SRR5950357	3.449473773698711
Sordariales	SRR5950358	7.272459874840274
Sordariales	SRR5950359	22.167823975311144
Sordariales	SRR5950360	28.404190790863346
Sordariales	SRR5950361	8.825215627755755
Sordariales	SRR5950362	7.3198385570634406
Sordariales	SRR5950363	38.29541469483372
Sordariales	SRR5950364	2.1883868252068304
Sordariales	SRR5950365	3.202369793298191
Sordariales	SRR5950366	1.9789636650038962
Sordariales	SRR5950367	14.403553619411225
Sordariales	SRR5950368	2.2785758068965767
Sordariales	SRR5950369	6.371794714198318
Sordariales	SRR5950370	2.325165386860016
Sordariales	SRR5950371	5.598373305366017
Sordariales	SRR5950372	8.951287343866916
Sordariales	SRR5950373	2.7705279369391747
Sordariales	SRR5950374	26.222418426841866
Sordariales	SRR5950375	14.069949238726908
Sordariales	SRR5950376	5.00392174675499
Sordariales	SRR5950377	6.5034230521438765
Sordariales	SRR5950378	8.311583810817524
Sordariales	SRR5950379	5.521581280151559
Sordariales	SRR5950380	19.332490469391313
Sordariales	SRR5950381	7.733987990527493
Sordariales	SRR5950382	38.93221069313616
Sordariales	SRR5950383	1.4734053854265106
Sordariales	SRR5950384	4.023547917464082
Sordariales	SRR5950385	13.436944653093999
Sordariales	SRR5950386	10.320511364156786
Sordariales	SRR5950387	3.364337852786701
Sordariales	SRR5950388	6.944795210924015
Sordariales	SRR5950389	16.182412972453267
Sordariales	SRR5950390	3.171928146544086
Sordariales	SRR5950391	10.210857852803995
Sordariales	SRR5950392	11.97158795756509
Sordariales	SRR5950393	20.6930309045738
Sordariales	SRR5950394	5.35650273433737
Sordariales	SRR5950395	21.37955090148601
Sordariales	SRR5950396	2.432685798516092
Sordariales	SRR5950397	16.094191669856333
Sordariales	SRR5950398	3.60426752684374
Sordariales	SRR5950399	23.52839719572883
Sordariales	SRR5950400	5.308490093603851
Sordariales	SRR5950401	7.422423278426454
Sordariales	SRR5950402	10.00784349350998
Sordariales	SRR5950403	3.552276598526311
Sordariales	SRR5950404	10.301138827072757
Sordariales	SRR5950405	23.71524717179197
Sordariales	SRR5950406	20.920922029133123
Sordariales	SRR5950407	6.6870757270459675
Sordariales	SRR5950408	7.652557164930178
Sordariales	SRR5950409	16.104933286953575
Sordariales	SRR5950410	4.705679439145765
Sordariales	SRR5950411	3.9875076620690093
Sordariales	SRR5950412	4.8804331092744935
Sordariales	SRR5950413	20.0238370670769
Sordariales	SRR5950414	10.86730116364358
Sordariales	SRR5950415	8.347663954637545
Sordariales	SRR5950416	3.2223840580459497
Sordariales	SRR5950417	5.489037700132201
Sordariales	SRR5950418	2.4655543059125096
Sordariales	SRR5950419	1.2499484583268863
Sordariales	SRR5950420	7.287071830499291
Sordariales	SRR5950421	14.153363521134258
Sordariales	SRR5950422	4.019850361678872
Sordariales	SRR5950423	5.703879340828982
Sordariales	SRR5950424	3.5844245533253982
Sordariales	SRR5950425	10.214212493638358
Sordariales	SRR5950426	7.920947186248477
Sordariales	SRR5950427	5.882366737917866
Sordariales	SRR5950428	7.041528995304514
Sordariales	SRR5950429	9.282592775657747
Sordariales	SRR5950430	12.139347463719071
Sordariales	SRR5950431	4.8150259458213585
Sordariales	SRR5950432	1.807361726581835
Sordariales	SRR5950433	26.22991511976829
Sordariales	SRR5950434	9.448722206804353
Sordariales	SRR5950435	6.565160475620491
Sordariales	SRR5950436	9.41135887829153
Sordariales	SRR5950437	6.560495024197913
Sordariales	SRR5950438	7.2377382001841815
Sordariales	SRR5950439	13.413090095685469
Sordariales	SRR5950440	5.726440448540162
Sordariales	SRR5950441	6.700843502622126
Sordariales	SRR5950442	13.905311508491094
Sordariales	SRR5950443	6.717034760360243
Sordariales	SRR5950444	2.158518212458594
Sordariales	SRR5950445	7.8061920144796515
Sordariales	SRR5950446	16.31856103305563
Sordariales	SRR5950447	6.0448152239664905
Sordariales	SRR5950448	8.73683101583614
Sordariales	SRR5950449	6.700843502622126
Sordariales	SRR5950450	6.255186572504568
Sordariales	SRR5950451	3.5383069996572867
Sordariales	SRR5950452	3.327417841510081
Sordariales	SRR5950453	7.79175115314694
Sordariales	SRR5950454	14.637897499957386
Sordariales	SRR5950455	8.426678520089308
Sordariales	SRR5950456	3.7284781183063425
Sordariales	SRR5950457	8.943917431425398
Sordariales	SRR5950458	4.85878963042625
Sordariales	SRR5950459	7.401236564222092
Sordariales	SRR5950460	12.959079753194032
Sordariales	SRR5950461	6.155117785375576
Sordariales	SRR5950462	11.775182484753454
Sordariales	SRR5950463	21.71736313682242
Sordariales	SRR5950464	5.803100700054658
Sordariales	SRR5950465	6.871678609642517
Sordariales	SRR5950466	10.517613269573904
Sordariales	SRR5950467	9.39788498573011
Sordariales	SRR5950468	5.685595751808873
Sordariales	SRR5950469	8.02606966570666
Sordariales	SRR5950470	5.038278926339346
Sordariales	SRR5963912	12.709011118698498
Sordariales	SRR5963913	5.8241277193063565
Sordariales	SRR5963914	10.630370742377456
Sordariales	SRR5963915	17.526427206860944
Sordariales	SRR5963916	4.2638385075661285
Sordariales	SRR5963917	7.1533334183292725
Sordariales	SRR5963918	12.153957390920471
Sordariales	SRR5963919	12.04907817721223
Sordariales	SRR5963920	6.4058032261733695
Sordariales	SRR5963921	2.5607408736505732
Sordariales	SRR5963922	6.84465520899478
Sordariales	SRR5963923	9.140746092631096
Sordariales	SRR5963924	1.2423640873731654
Sordariales	SRR5963925	4.198755279939684
Sordariales	SRR5963926	43.063986120367574
Sordariales	SRR5963927	8.5514697495502
Sordariales	SRR5963928	7.222538918732037
Sordariales	SRR5963929	8.828616337250233
Sordariales	SRR5963930	3.2364825944906523
Sordariales	SRR5963931	19.64037744700572
Sordariales	SRR5963932	8.604311466102637
Sordariales	SRR5963933	4.694352663536343
Sordariales	SRR5963934	7.745659704964859
Sordariales	SRR5963935	11.785910095657398
Sordariales	SRR5963936	38.25733746141767
Sordariales	SRR5963937	9.16173837830357
Sordariales	SRR5963938	6.402588680664013
Sordariales	SRR5963939	7.8567816390998315
Sordariales	SRR5963940	3.403619284267998
Sordariales	SRR5963941	6.871678609642517
Sordariales	SRR5963942	9.082248203766188
Sordariales	SRR5963943	8.719041029121238
Sordariales	SRR5963944	13.759339019158642
Sordariales	SRR5963945	22.153305934191657
Sordariales	SRR5963946	71.53906524522519
Sordariales	SRR5963947	14.341838743241885
Sordariales	SRR5963948	4.107749798066651
Sordariales	SRR6467548	NA
Sordariales	SRR6467549	NA
Sordariales	SRR6467550	NA
Sordariales	SRR6467551	NA
Sordariales	SRR6467552	NA
Sordariales	SRR6467553	NA
Sordariales	SRR6467554	NA
Sordariales	SRR6467555	NA
Sordariales	SRR6467556	NA
Sordariales	SRR6467557	NA
Sordariales	SRR6467558	NA
Sordariales	SRR6467559	NA
Sordariales	SRR6467560	NA
Sordariales	SRR6467561	NA
Sordariales	SRR6467562	NA
Sordariales	SRR6467563	NA
Sordariales	SRR6467564	NA
Sordariales	SRR6467565	NA
Sordariales	SRR6467566	NA
Sordariales	SRR6467567	NA
Sordariales	SRR6467568	NA
Sordariales	SRR6467569	NA
Sordariales	SRR6467570	NA
Sordariales	SRR6467571	NA
Sordariales	SRR6467572	NA
Sordariales	SRR6467573	NA
Sordariales	SRR6467574	NA
Sordariales	SRR6467575	NA
Sordariales	SRR6467576	NA
Sordariales	SRR6467577	NA
Sordariales	SRR6467578	NA
Sordariales	SRR6467579	NA
Sordariales	SRR6467580	NA
Sordariales	SRR6467581	NA
Sordariales	SRR6467582	NA
Sordariales	SRR6467583	NA
Sordariales	SRR6467584	NA
Sordariales	SRR6467585	NA
Sordariales	SRR6467586	NA
Sordariales	SRR6467587	NA
Sordariales	SRR6467588	NA
Sordariales	SRR6467589	NA
Sordariales	SRR6467590	NA
Sordariales	SRR6467591	NA
Sordariales	SRR6467592	NA
Sordariales	SRR6467593	NA
Sordariales	SRR6467594	NA
Sordariales	SRR6467595	NA
Sordariales	SRR6467596	NA
Sordariales	SRR6467597	NA
Sordariales	SRR6467598	NA
Sordariales	SRR6467599	NA
Sordariales	SRR6467600	NA
Sordariales	SRR6467601	NA
Sordariales	SRR6467602	NA
Sordariales	SRR6467603	NA
Sordariales	SRR6467604	NA
Sordariales	SRR6467605	NA
Sordariales	SRR6467606	NA
Sordariales	SRR6467607	NA
Sordariales	SRR6467608	NA
Sordariales	SRR6467609	NA
Sordariales	SRR6467610	NA
Sordariales	SRR6467611	NA
Sordariales	SRR6467612	NA
Sordariales	SRR6467613	NA
Sordariales	SRR6467614	NA
Sordariales	SRR6467615	NA
Sordariales	SRR6467616	NA
Sordariales	SRR6467617	NA
Sordariales	SRR6467618	NA
Sordariales	SRR6467619	NA
Sordariales	SRR6467620	NA
Sordariales	SRR6467621	NA
Sordariales	SRR6467622	NA
Sordariales	SRR6467623	NA
Sordariales	SRR6467624	NA
Sordariales	SRR6467625	NA
Sordariales	SRR6467626	NA
Sordariales	SRR6467627	NA
Sordariales	SRR6467628	NA
Sordariales	SRR6467629	NA
Sordariales	SRR6467630	NA
Sordariales	SRR6467631	NA
Sordariales	SRR6467632	NA
Sordariales	SRR6467633	NA
Sordariales	SRR6467634	NA
Sordariales	SRR6467635	NA
Sordariales	SRR6467636	NA
Sordariales	SRR6467637	NA
Sordariales	SRR6467638	NA
Sordariales	SRR6467639	NA
Sordariales	SRR6467640	NA
Sordariales	SRR6467641	NA
Sordariales	SRR6467642	NA
Sordariales	SRR6467643	NA
Sordariales	SRR6467644	NA
Sordariales	SRR6467645	NA
Sordariales	SRR6467646	NA
Sordariales	SRR6467647	NA
Sordariales	SRR6467648	NA
Sordariales	SRR6467649	NA
Sordariales	SRR6467650	NA
Sordariales	SRR6467651	NA
Sordariales	SRR6467652	NA
Sordariales	SRR6467653	NA
Sordariales	SRR6467654	NA
Sordariales	SRR6467655	NA
Sordariales	SRR6467656	NA
Sordariales	SRR6467657	NA
Sordariales	SRR6467658	NA
Sordariales	SRR6467659	NA
Sordariales	SRR6467660	NA
Sordariales	SRR6467661	NA
Sordariales	SRR6467662	NA
Sordariales	SRR6467663	NA
Sordariales	SRR6467664	NA
Sordariales	SRR6467665	NA
Sordariales	SRR6467666	NA
Sordariales	SRR6467667	NA
Sordariales	SRR6467668	NA
Sordariales	SRR6467669	NA
Sordariales	SRR6467670	NA
Sordariales	SRR6467671	NA
Sordariales	SRR6467672	NA
Sordariales	SRR6467673	NA
Sordariales	SRR6467674	NA
Sordariales	SRR6467675	NA
Sordariales	SRR6467676	NA
Sordariales	SRR6467677	NA
Sordariales	SRR6467678	NA
Sordariales	SRR6467679	NA
Sordariales	SRR6467680	NA
Sordariales	SRR6467681	NA
Sordariales	SRR6467682	NA
Sordariales	SRR6467683	NA
Sordariales	SRR6467684	NA
Sordariales	SRR6467685	NA
Sordariales	SRR6467686	NA
Sordariales	SRR6467687	NA
Sordariales	SRR6467688	NA
Sordariales	SRR6467689	NA
Sordariales	SRR6467690	NA
Sordariales	SRR6467691	NA
Sordariales	SRR6467692	NA
Sordariales	SRR6467693	NA
Sordariales	SRR6467694	NA
Sordariales	SRR6467695	NA
Sordariales	SRR6467696	NA
Sordariales	SRR6467697	NA
Sordariales	SRR6467698	NA
Sordariales	SRR6467699	NA
Sordariales	SRR6467700	NA
Sordariales	SRR6467701	NA
Sordariales	SRR6467702	NA
Sordariales	SRR6467703	NA
Sordariales	SRR6467704	NA
Sordariales	SRR6467705	NA
Sordariales	SRR6467706	NA
Sordariales	SRR6467707	NA
Sordariales	SRR6467708	NA
Sordariales	SRR6467709	NA
Sordariales	SRR6467710	NA
Sordariales	SRR6467711	NA
Sordariales	SRR6467712	NA
Sordariales	SRR6467713	NA
Sordariales	SRR6467714	NA
Sordariales	SRR6467715	NA
Sordariales	SRR6467716	NA
Sordariales	SRR6467717	NA
Sordariales	SRR6467718	NA
Sordariales	SRR6467719	NA
Sordariales	SRR6467720	NA
Sordariales	SRR6467721	NA
Sordariales	SRR6467722	NA
Sordariales	SRR6467723	NA
Sordariales	SRR6467724	NA
Sordariales	SRR6467725	NA
Sordariales	SRR6467726	NA
Sordariales	SRR6467727	NA
Sordariales	SRR6467728	NA
Sordariales	SRR6467729	NA
Sordariales	SRR6467730	NA
Sordariales	SRR6467731	NA
Sordariales	SRR6467732	NA
Sordariales	SRR6467733	NA
Sordariales	SRR6467734	NA
Sordariales	SRR6467735	NA
Sordariales	SRR6467736	NA
Sordariales	SRR6467737	NA
Sordariales	SRR6467738	NA
Sordariales	SRR6467739	NA
Sordariales	SRR6467740	NA
Sordariales	SRR6467741	NA
Sordariales	SRR6467742	NA
Sordariales	SRR6467743	NA
Sordariales	SRR6467744	NA
Sordariales	SRR6467745	NA
Sordariales	SRR6467746	NA
Sordariales	SRR6467747	NA
Sordariales	SRR6467748	NA
Sordariales	SRR6467749	NA
Sordariales	SRR6467750	NA
Sordariales	SRR6467751	NA
Sordariales	SRR6467752	NA
Sordariales	SRR6467753	NA
Sordariales	SRR6467754	NA
Sordariales	SRR6467755	NA
Sordariales	SRR6467756	NA
Sordariales	SRR6467757	NA
Sordariales	SRR6467758	NA
Sordariales	SRR6467759	NA
Sordariales	SRR6467760	NA
Sordariales	SRR6467761	NA
Sordariales	SRR6467762	NA
Sordariales	SRR6467763	NA
Sordariales	SRR6467764	NA
Sordariales	SRR6467765	NA
Sordariales	SRR6467766	NA
Sordariales	SRR6467767	NA
Sordariales	SRR6467768	NA
Sordariales	SRR6467769	NA
Sordariales	SRR6467770	NA
Sordariales	SRR6467771	NA
Sordariales	SRR6467772	NA
Sordariales	SRR6467773	NA
Sordariales	SRR6868540	NA
Sordariales	SRR6868541	NA
Sordariales	SRR6868542	NA
Sordariales	SRR6868543	NA
Sordariales	SRR6868544	NA
Sordariales	SRR6868545	NA
Sordariales	SRR6868546	NA
Sordariales	SRR6868557	NA
Sordariales	SRR6868558	NA
Sordariales	SRR6868559	NA
Sordariales	SRR6868560	NA
Sordariales	SRR6868569	NA
Sordariales	SRR6868570	NA
Sordariales	SRR6868571	NA
Sordariales	SRR6868572	NA
Sordariales	SRR6868573	NA
Sordariales	SRR6868574	NA
Sordariales	SRR6868575	NA
Sordariales	SRR6868576	NA
Sordariales	SRR6868577	NA
Sordariales	SRR6868578	NA
Sordariales	SRR6868579	NA
Sordariales	SRR6868580	NA
Sordariales	SRR6868581	NA
Sordariales	SRR6868582	NA
Sordariales	SRR6868585	NA
Sordariales	SRR6868586	NA
Sordariales	SRR6868587	NA
Sordariales	SRR6868588	NA
Sordariales	SRR6868589	NA
Sordariales	SRR6868590	NA
Sordariales	SRR6868591	NA
Sordariales	SRR6868604	NA
Sordariales	SRR6868605	NA
Sordariales	SRR6868606	NA
Sordariales	SRR6868607	NA
Sordariales	SRR6868608	NA
Sordariales	SRR6868609	NA
Sordariales	SRR6868610	NA
Sordariales	SRR6868620	NA
Sordariales	SRR6868621	NA
Sordariales	SRR6868622	NA
Sordariales	SRR6868623	NA
Sordariales	SRR6868636	NA
Sordariales	SRR6868637	NA
Sordariales	SRR6868638	NA
Sordariales	SRR6868639	NA
Sordariales	SRR6868650	NA
Sordariales	SRR6868651	NA
Sordariales	SRR6868652	NA
Sordariales	SRR6868653	NA
Sordariales	SRR6868654	NA
Sordariales	SRR6868655	NA
Sordariales	SRR6868665	NA
Sordariales	SRR6868666	NA
Sordariales	SRR6868667	NA
Sordariales	SRR6868668	NA
Sordariales	SRR6868669	NA
Sordariales	SRR6868670	NA
Sordariales	SRR6868671	NA
Sordariales	SRR6868683	NA
Sordariales	SRR6868684	NA
Sordariales	SRR6868685	NA
Sordariales	SRR6868686	NA
Sordariales	SRR6868687	NA
Sordariales	SRR6868688	NA
Sordariales	SRR6868689	NA
Sordariales	SRR6868698	NA
Sordariales	SRR6868699	NA
Sordariales	SRR6868700	NA
Sordariales	SRR6868701	NA
Sordariales	SRR6868702	NA
Sordariales	SRR6868713	NA
Sordariales	SRR6868714	NA
Sordariales	SRR6868715	NA
Sordariales	SRR6868716	NA
Sordariales	SRR6868717	NA
Sordariales	SRR6868718	NA
Sordariales	SRR6868719	NA
Sordariales	SRR6868720	NA
Sordariales	SRR6868721	NA
Sordariales	SRR6868722	NA
Sordariales	SRR6868723	NA
Sordariales	SRR6868724	NA
Sordariales	SRR6868725	NA
Sordariales	SRR6868726	NA
Sordariales	SRR6868741	NA
Sordariales	SRR7632756	NA
Sordariales	SRR7632757	NA
Sordariales	SRR7632758	NA
Sordariales	SRR7632759	NA
Sordariales	SRR7632760	NA
Sordariales	SRR7632761	NA
Sordariales	SRR7632762	NA
Sordariales	SRR7632763	NA
Sordariales	SRR7632764	NA
Sordariales	SRR7632765	NA
Sordariales	SRR7632766	NA
Sordariales	SRR7632767	NA
Sordariales	SRR7632768	NA
Sordariales	SRR7632769	NA
Sordariales	SRR7632770	NA
Sordariales	SRR7632771	NA
Sordariales	SRR7632772	NA
Sordariales	SRR7632773	NA
Sordariales	SRR7632774	NA
Sordariales	SRR7632775	NA
Sordariales	SRR7632776	NA
Sordariales	SRR7632777	NA
Sordariales	SRR7632778	NA
Sordariales	SRR7632779	NA
Sordariales	SRR7632780	NA
Sordariales	SRR7632781	NA
Sordariales	SRR7632782	NA
Sordariales	SRR7632783	NA
Sordariales	SRR7632784	NA
Sordariales	SRR7632785	NA
Sordariales	SRR7632786	NA
Sordariales	SRR7632787	NA
Sordariales	SRR7632788	NA
Sordariales	SRR7632789	NA
Sordariales	SRR7632790	NA
Sordariales	SRR7632791	NA
Sordariales	SRR7632792	NA
Sordariales	SRR7632793	NA
Sordariales	SRR7632794	NA
Sordariales	SRR7632795	NA
Sordariales	SRR7632796	NA
Sordariales	SRR7632797	NA
Sordariales	SRR7632798	NA
Sordariales	SRR7632799	NA
Sordariales	SRR7632800	NA
Sordariales	SRR7632801	NA
Sordariales	SRR7632802	NA
Sordariales	SRR7632803	NA
Sordariales	SRR7632804	NA
Sordariales	SRR7632805	NA
Sordariales	SRR7632806	NA
Sordariales	SRR7632807	NA
Sordariales	SRR7632808	NA
Sordariales	SRR7632809	NA
Sordariales	SRR7632810	NA
Sordariales	SRR7632811	NA
Sordariales	SRR7632812	NA
Sordariales	SRR7632813	NA
Sordariales	SRR7632814	NA
Sordariales	SRR7632815	NA
Sordariales	SRR7632816	NA
Sordariales	SRR7632817	NA
Sordariales	SRR7632818	NA
Sordariales	SRR7632819	NA
Sordariales	SRR7632820	NA
Sordariales	SRR7632821	NA
Sordariales	SRR7632822	NA
Sordariales	SRR7632823	NA
Sordariales	SRR7632824	NA
Sordariales	SRR7632825	NA
Sordariales	SRR7632826	NA
Sordariales	SRR7632827	NA
Sordariales	SRR7632828	NA
Sordariales	SRR7632829	NA
Sordariales	SRR7632830	NA
Sordariales	SRR7632831	NA
Sordariales	SRR7632832	NA
Sordariales	SRR7632833	NA
Sordariales	SRR7632834	NA
Sordariales	SRR7632835	NA
Sordariales	SRR7632836	NA
Sordariales	SRR7632837	NA
Sordariales	SRR7632838	NA
Sordariales	SRR7632839	NA
Sordariales	SRR7632840	NA
Sordariales	SRR7632841	NA
Sordariales	SRR7632842	NA
Sordariales	SRR7632843	NA
Sordariales	SRR7632844	NA
Sordariales	SRR7632845	NA
Sordariales	SRR7632846	NA
Sordariales	SRR7632847	NA
Sordariales	SRR7632848	NA
Sordariales	SRR7632849	NA
Sordariales	SRR7632850	NA
Sordariales	SRR7632851	NA
Sordariales	SRR7632852	NA
Sordariales	SRR7632853	NA
Sordariales	SRR7632854	NA
Sordariales	SRR7632855	NA
Sordariales	SRR7632856	NA
Sordariales	SRR7632857	NA
Sordariales	SRR7632858	NA
Sordariales	SRR7632859	NA
Sordariales	SRR7632860	NA
Sordariales	SRR7632861	NA
Sordariales	SRR7632862	NA
Sordariales	SRR7632863	NA
Sordariales	SRR7632864	NA
Sordariales	SRR7632865	NA
Sordariales	SRR7632866	NA
Sordariales	SRR7632867	NA
Sordariales	SRR7632868	NA
Sordariales	SRR7632869	NA
Sordariales	SRR7632870	NA
Sordariales	SRR7632871	NA
Sordariales	SRR7632872	NA
Sordariales	SRR7632873	NA
Sordariales	SRR7632874	NA
Sordariales	SRR7632875	NA
Sordariales	SRR7632876	NA
Sordariales	SRR7632877	NA
Sordariales	SRR7632878	NA
Sordariales	SRR7632879	NA
Sordariales	SRR7632880	NA
Sordariales	SRR7632881	NA
Sordariales	SRR7632882	NA
Sordariales	SRR7632883	NA
Sordariales	SRR7632884	NA
Sordariales	SRR7632885	NA
Sordariales	SRR7632886	NA
Sordariales	SRR7632887	NA
Sordariales	SRR7632888	NA
Sordariales	SRR7632889	NA
Sordariales	SRR7632890	NA
Sordariales	SRR7632891	NA
Sordariales	SRR7632892	NA
Sordariales	SRR7632893	NA
Sordariales	SRR7632894	NA
Sordariales	SRR7632895	NA
Sordariales	SRR7632896	NA
Sordariales	SRR7632897	NA
Sordariales	SRR7632898	NA
Sordariales	SRR7632899	NA
Sordariales	SRR7632900	NA
Sordariales	SRR7632901	NA
Sordariales	SRR7632902	NA
Sordariales	SRR7632903	NA
Sordariales	SRR7632904	NA
Sordariales	SRR7632905	NA
Sordariales	SRR7632906	NA
Sordariales	SRR7632907	NA
Sordariales	SRR7632908	NA
Sordariales	SRR7632909	NA
Sordariales	SRR7632910	NA
Sordariales	SRR7632911	NA
Sordariales	SRR7632912	NA
Sordariales	SRR7632913	NA
Sordariales	SRR7632914	NA
Sordariales	SRR7632915	NA
Sordariales	SRR7632916	NA
Sordariales	SRR7632917	NA
Sordariales	SRR7632918	NA
Sordariales	SRR7632919	NA
Sordariales	SRR7632920	NA
Sordariales	SRR7632921	NA
Sordariales	SRR7632922	NA
Sordariales	SRR7632923	NA
Sordariales	SRR7632924	NA
Sordariales	SRR7632925	NA
Sordariales	SRR7632926	NA
Sordariales	SRR7632927	NA
Sordariales	SRR7632928	NA
Sordariales	SRR7632929	NA
Sordariales	SRR7632930	NA
Sordariales	SRR7632931	NA
Sordariales	SRR7632932	NA
Sordariales	SRR7632933	NA
Sordariales	SRR7632934	NA
Sordariales	SRR7632935	NA
Sordariales	SRR7632936	NA
Sordariales	SRR7632937	NA
Sordariales	SRR7632938	NA
Sordariales	SRR7632939	NA
Sordariales	SRR7632940	NA
Sordariales	SRR7632941	NA
Sordariales	SRR7632942	NA
Sordariales	SRR7632943	NA
Sordariales	SRR7632944	NA
Sordariales	SRR7632945	NA
Sordariales	SRR8928966	NA
Sordariales	SRR8928967	NA
Sordariales	SRR8928968	NA
Sordariales	SRR8928969	NA
Sordariales	SRR8928970	NA
Sordariales	SRR8928971	NA
Sordariales	SRR8928972	NA
Sordariales	SRR8928973	NA
Sordariales	SRR8928974	NA
Sordariales	SRR8928975	NA
Sordariales	SRR8928976	NA
Sordariales	SRR8928977	NA
Sordariales	SRR8928978	NA
Sordariales	SRR8928979	NA
Sordariales	SRR8928980	NA
Sordariales	SRR8928981	NA
Sordariales	SRR8928982	NA
Sordariales	SRR8928983	NA
Sordariales	SRR8928984	NA
Sordariales	SRR8928985	NA
Sordariales	SRR8928986	NA
Sordariales	SRR8928987	NA
Sordariales	SRR8928988	NA
Sordariales	SRR8928989	NA
Sordariales	SRR8928990	NA
Sordariales	SRR8928991	NA
Sordariales	SRR9835604	NA
Sordariales	SRR9835605	NA
Sordariales	SRR9835606	NA
Sordariales	SRR9835607	NA
Sordariales	SRR9835608	NA
Sordariales	SRR9835609	NA
Sordariales	SRR9835610	NA
Sordariales	SRR9835611	NA
Sordariales	SRR9835612	NA
Sordariales	SRR9835613	NA
Sordariales	SRR9835614	NA
Sordariales	SRR9835615	NA
Sordariales	SRR9835616	NA
Sordariales	SRR9835617	NA
Sordariales	SRR9835618	NA
Sordariales	SRR9835619	NA
Sordariales	SRR9835620	NA
Sordariales	SRR9835621	NA
Sordariales	SRR9835622	NA
Sordariales	SRR9835623	NA
Sordariales	SRR9835624	NA
Sordariales	SRR9835625	NA
Sordariales	SRR9835626	NA
Sordariales	SRR9835627	NA
Sordariales	SRR9835628	NA
Sordariales	SRR9835629	NA
Sordariales	SRR9835630	NA
Sordariales	SRR9835631	NA
Sordariales	SRR9835632	NA
Sordariales	SRR9835633	NA
Sordariales	SRR9835634	NA
Sordariales	SRR9835635	NA
Sordariales	SRR9835636	NA
Sordariales	SRR9835637	NA
Sordariales	SRR9835638	NA
Sordariales	SRR9835639	NA
Sordariales	SRR9835640	NA
Sordariales	SRR9835641	NA
Sordariales	SRR9835642	NA
Sordariales	SRR9835643	NA
Sordariales	SRR9835644	NA
Sordariales	SRR9835645	NA
Sordariales	SRR9835646	NA
Sordariales	SRR9835647	NA
Sordariales	SRR9835648	NA
Sordariales	SRR9835649	NA
Sordariales	SRR9835650	NA
Sordariales	SRR9835651	NA
Sordariales	SRR9835652	NA
Sordariales	SRR9835653	NA
Sordariales	SRR9835654	NA
Sordariales	SRR9835655	NA
Sordariales	SRR9835656	NA
Sordariales	SRR9835657	NA
Sordariales	SRR9835658	NA
Sordariales	SRR9835659	NA
Sordariales	SRR9835660	NA
Sordariales	SRR9835661	NA
Sordariales	SRR9835662	NA
Sordariales	SRR9835663	NA
Sordariales	SRR9835664	NA
Sordariales	SRR9835665	NA
Sordariales	SRR9835666	NA
Sordariales	SRR9835667	NA
Sordariales	SRR9835668	NA
Sordariales	SRR9835669	NA
Sordariales	SRR9835670	NA
Sordariales	SRR9835671	NA
Sordariales	SRR9835672	NA
Sordariales	SRR9835673	NA
Sordariales	SRR9835674	NA
Sordariales	SRR9835675	NA
Sordariales	SRR9835676	NA
Sordariales	SRR9835677	NA
Sordariales	SRR9835678	NA
Sordariales	SRR9835679	NA
Sordariales	SRR9835680	NA
Sordariales	SRR9835681	NA
Sordariales	SRR9835682	NA
Sordariales	SRR9835683	NA
Sordariales	SRR9835684	NA
Sordariales	SRR9835685	NA
Sordariales	SRR9835686	NA
Sordariales	SRR9835687	NA
Sordariales	SRR9835688	NA
Sordariales	SRR9835689	NA
Sordariales	SRR9835690	NA
Sordariales	SRR9835691	NA
Sordariales	SRR9835692	NA
Sordariales	SRR9835693	NA
Sordariales	SRR9835694	NA
Sordariales	SRR9835695	NA
Sordariales	SRR9835696	NA
Sordariales	SRR9835697	NA
Sordariales	SRR9835698	NA
Sordariales	SRR9835699	NA
Sordariales	SRR9835700	NA
Sordariales	SRR9835701	NA
Sordariales	SRR9835702	NA
Sordariales	SRR9835703	NA
Sordariales	SRR9835704	NA
Sordariales	SRR9835705	NA
Sordariales	SRR9835706	NA
Sordariales	SRR9835707	NA
Sordariales	SRR9835708	NA
Sordariales	SRR9835709	NA
Sordariales	SRR9835710	NA
Sordariales	SRR9835711	NA
Sordariales	SRR9835712	NA
Sordariales	SRR9835713	NA
Sordariales	SRR9835714	NA
Sordariales	SRR9835715	NA
Sordariales	SRR9835716	NA
Sordariales	SRR9835717	NA
Sordariales	SRR9835718	NA
Sordariales	SRR9835719	NA
Sordariales	SRR9835720	NA
Sordariales	SRR9835721	NA
Sordariales	SRR9835722	NA
Sordariales	SRR9835723	NA
Sordariales	SRR9835724	NA
Sordariales	SRR9835725	NA
Sordariales	SRR9835726	NA
Sordariales	SRR9835727	NA
Sordariales	SRR9835728	NA
Sordariales	SRR9835729	NA
Sordariales	SRR9835730	NA
Sordariales	SRR9835731	NA
Sordariales	SRR9835732	NA
Sordariales	SRR9835733	NA
Sordariales	SRR9835734	NA
Sordariales	SRR9835735	NA
Sordariales	SRR9835736	NA
Sordariales	SRR9835737	NA
Sordariales	SRR9835738	NA
Sordariales	SRR9835739	NA
Sordariales	SRR9835740	NA
Sordariales	SRR9835741	NA
Sordariales	SRR9835742	NA
Sordariales	SRR9835743	NA
Sordariales	SRR9835744	NA
Sordariales	SRR9835745	NA
Sordariales	SRR9835746	NA
Sordariales	SRR9835747	NA
Sordariales	SRR9835748	NA
Sordariales	SRR9835749	NA
Sordariales	SRR9835750	NA
Sordariales	SRR9835751	NA
Sordariales	SRR9835752	NA
Sordariales	SRR9835753	NA
Sordariales	SRR9835754	NA
Sordariales	SRR9835755	NA
Sordariales	SRR9835756	NA
Sordariales	SRR9835757	NA
Sordariales	SRR9835758	NA
Sordariales	SRR9835759	NA
Sordariales	SRR9835760	NA
Sordariales	SRR9835761	NA
Sordariales	SRR9835762	NA
Sordariales	SRR9835763	NA
Sordariales	SRR9835764	NA
Sordariales	SRR9835765	NA
Sordariales	SRR9835766	NA
Sordariales	SRR9835767	NA
Sordariales	SRR9835768	NA
Sordariales	SRR9835769	NA
Sordariales	SRR9835770	NA
Sordariales	SRR9835771	NA
Sordariales	SRR9835772	NA
Sordariales	SRR9835773	NA
Sordariales	SRR9835774	NA
Sordariales	SRR9835775	NA
Sordariales	SRR9835776	NA
Sordariales	SRR9835777	NA
Sordariales	SRR9835778	NA
Sordariales	SRR9835779	NA
Sordariales	SRR9835780	NA
Sordariales	SRR9835781	NA
Sordariales	SRR9835782	NA
Sordariales	SRR9835783	NA
Sordariales	SRR9835784	NA
Sordariales	SRR9835785	NA
Sordariales	SRR9835786	NA
Sordariales	SRR9835787	NA
Sordariales	SRR9835788	NA
Sordariales	SRR9835789	NA
Sordariales	SRR9835790	NA
Sordariales	SRR9835791	NA
Sordariales	SRR9835792	NA
Sordariales	SRR9835793	NA
Sordariales	SRR9835794	NA
Sordariales	SRR9835795	NA
Sordariales	SRR9835796	NA
Sordariales	SRR9835797	NA
Sordariales	SRR9835798	NA
Sordariales	SRR9835799	NA
Sordariales	SRR9835800	NA
Sordariales	SRR9835801	NA
Sordariales	SRR9835802	NA
Sordariales	SRR9867812	23.284891461770247
Sordariales	SRR9867813	16.57429661071001
Sordariales	SRR9867814	18.312593417566674
Sordariales	SRR9867815	35.570741528739745
Sordariales	SRR9867816	33.80904685084076
Sordariales	SRR9867817	9.81997216283254
Sordariales	SRR9867818	26.181757322670393
Sordariales	SRR9867819	13.219620838428067
Sordariales	SRR9867820	27.981339292984167
Sordariales	SRR9867821	24.327566677243183
Sordariales	SRR9867822	12.559080632224026
Sordariales	SRR9867823	34.760525951846375
Sordariales	SRR9867824	21.785860845757828
Sordariales	SRR9867825	26.438589581601956
Sordariales	SRR9867826	13.63383258933487
Sordariales	SRR9867827	26.729129782148863
Sordariales	SRR9867828	14.1214447590326
Sordariales	SRR9867829	26.687835897314287
Sordariales	SRR9867830	33.73921725790695
Sordariales	SRR9867831	29.540816199182952
Sordariales	SRR9879292	NA
Sordariales	SRR9879293	NA
Sordariales	SRR9879294	NA
Sordariales	SRR9879295	NA
Sordariales	SRR9879296	NA
Sordariales	SRR9879297	NA
Sordariales	SRR9879298	NA
Sordariales	SRR9879299	NA
Sordariales	SRR9879300	NA
Sordariales	SRR9879301	NA
Sordariales	SRR9879302	NA
Sordariales	SRR9879303	NA
Sordariales	SRR9879304	NA
Sordariales	SRR9879305	NA
Sordariales	SRR9879306	NA
Sordariales	SRR9879307	NA
Sordariales	SRR9879308	NA
Sordariales	SRR9879309	NA
Sordariales	T50_307	39.660738462742344
Sordariales	T50_313	27.25983806760851
Sordariales	T50_317	24.352638635409726
Sordariales	T50_324	33.05853373015828
Sordariales	T50_427	28.383892325533836
Sordariales	T50_428	24.82250776926395
Sordariales	T50_431	34.242980208637654
Sordariales	T50_436	22.637016667815796
Sordariales	T50_476	27.36608799869204
Sordariales	UN_307	23.634579384894597
Sordariales	UN_313	24.43897853651348
Sordariales	UN_317	14.987971426022124
Sordariales	UN_324	52.968703743881164
Sordariales	UN_427	39.58474166334888
Sordariales	UN_428	43.59857783007949
Sordariales	UN_431	44.98540617875357
Sordariales	UN_436	22.441788008498865
Sordariales	UN_476	21.269759112846245
