Feature	sample	counts
Afipia_sp._GAS231	CM317	57
Afipia_sp._GAS231	CMCD140	5
Afipia_sp._GAS231	CMCD147	175
Afipia_sp._GAS231	CMCD152	0
Afipia_sp._GAS231	CMCD154	11
Afipia_sp._GAS231	CMCD159	142
Afipia_sp._GAS231	CMCD161	0
Afipia_sp._GAS231	CMCD174	269
Afipia_sp._GAS231	CMCD196	6
Afipia_sp._GAS231	CMCD198	8
Afipia_sp._GAS231	CMCD203	18
Afipia_sp._GAS231	CMCD211	0
Afipia_sp._GAS231	CMCD227	0
Afipia_sp._GAS231	CMCD240	0
Afipia_sp._GAS231	CMCD259	0
Afipia_sp._GAS231	CMCD270	3
Afipia_sp._GAS231	CMCD275	41
Afipia_sp._GAS231	CMCD282	14
Afipia_sp._GAS231	CMCD286	0
Afipia_sp._GAS231	CMCD287	1
Afipia_sp._GAS231	CMCD294	16
Afipia_sp._GAS231	CMCD327	1
Afipia_sp._GAS231	CMCD335	5
Afipia_sp._GAS231	CMCD337	10
Afipia_sp._GAS231	CMCD357	7
Afipia_sp._GAS231	CMCD398	4
Afipia_sp._GAS231	CMCD403	24
Afipia_sp._GAS231	CMCD422	5
Afipia_sp._GAS231	CMCD426	1
Afipia_sp._GAS231	CMCD71	1
Afipia_sp._GAS231	CMCD72	17
Afipia_sp._GAS231	CMCD76	0
Afipia_sp._GAS231	CMCD88	0
Afipia_sp._GAS231	CMSA256	0
Afipia_sp._GAS231	CMSA316	21
Afipia_sp._GAS231	CMUC110	0
Afipia_sp._GAS231	CMUC192	3
Afipia_sp._GAS231	CMUC199	2
Afipia_sp._GAS231	CMUC200	0
Afipia_sp._GAS231	CMUC208	2
Afipia_sp._GAS231	CMUC231	0
Afipia_sp._GAS231	CMUC234	0
Afipia_sp._GAS231	CMUC285	0
Afipia_sp._GAS231	CMUC291	0
Afipia_sp._GAS231	CMUC295	2
Afipia_sp._GAS231	CMUC299	0
Afipia_sp._GAS231	CMUC301	1
Afipia_sp._GAS231	CMUC307	0
Afipia_sp._GAS231	CMUC313	31
Afipia_sp._GAS231	CMUC314	14
Afipia_sp._GAS231	CMUC323	8
Afipia_sp._GAS231	CMUC324	1
Afipia_sp._GAS231	CMUC331	4
Afipia_sp._GAS231	CMUC333	3
Afipia_sp._GAS231	CMUC334	4
Afipia_sp._GAS231	CMUC346	27
Afipia_sp._GAS231	CMUC352	9
Afipia_sp._GAS231	CMUC360	4
Afipia_sp._GAS231	CMUC363	25
Afipia_sp._GAS231	CMUC365	3
Afipia_sp._GAS231	CMUC366	1
Afipia_sp._GAS231	CMUC368	1
Afipia_sp._GAS231	CMUC377	5
Afipia_sp._GAS231	CMUC379	15
Afipia_sp._GAS231	CMUC380	2
Afipia_sp._GAS231	CMUC383	41
Afipia_sp._GAS231	CMUC394	25
Afipia_sp._GAS231	CMUC419	28
Afipia_sp._GAS231	CMUC427	1
Afipia_sp._GAS231	CMUC428	1
Afipia_sp._GAS231	CMUC431	0
Afipia_sp._GAS231	CMUC435	2
Afipia_sp._GAS231	CMUC439	5
Afipia_sp._GAS231	CMUC89	0
Afipia_sp._GAS231	CS219	5
Afipia_sp._GAS231	CS256	0
Afipia_sp._GAS231	CS257	51
Afipia_sp._GAS231	CS259	1
Afipia_sp._GAS231	CS261	11
Afipia_sp._GAS231	CS266	62
Afipia_sp._GAS231	CS270	24
Afipia_sp._GAS231	CS277	27
Afipia_sp._GAS231	CS288	16
Afipia_sp._GAS231	CS290	0
Afipia_sp._GAS231	CS292	3
Afipia_sp._GAS231	CS293	35
Afipia_sp._GAS231	CS301	14
Afipia_sp._GAS231	CS306	25
Afipia_sp._GAS231	CS308	5
Afipia_sp._GAS231	CS315	21
Afipia_sp._GAS231	CS317	242
Afipia_sp._GAS231	CS322	5
Afipia_sp._GAS231	CS327	26
Afipia_sp._GAS231	CS328	79
Afipia_sp._GAS231	CS330	140
Afipia_sp._GAS231	CS331	30
Afipia_sp._GAS231	CS335	53
Afipia_sp._GAS231	CS338	14
Afipia_sp._GAS231	CS339	2
Afipia_sp._GAS231	CS343	8
Afipia_sp._GAS231	CS344	1
Afipia_sp._GAS231	CS350	74
Afipia_sp._GAS231	CS351	9
Afipia_sp._GAS231	CS361	4
Afipia_sp._GAS231	CS388	8
Afipia_sp._GAS231	CS396	3
Afipia_sp._GAS231	CS405	3
Afipia_sp._GAS231	CS415	81
Afipia_sp._GAS231	CS424	41
Afipia_sp._GAS231	IM293	1
Afipia_sp._GAS231	IM296	61
Afipia_sp._GAS231	IM297	15
Afipia_sp._GAS231	IM300	0
Afipia_sp._GAS231	IM305	2
Afipia_sp._GAS231	IM309	43
Afipia_sp._GAS231	IM310	15
Afipia_sp._GAS231	IM311	34
Afipia_sp._GAS231	IM316	25
Afipia_sp._GAS231	IM320	34
Afipia_sp._GAS231	IM330	4
Afipia_sp._GAS231	IM332	21
Afipia_sp._GAS231	IM340	122
Afipia_sp._GAS231	IM348	1
Afipia_sp._GAS231	IM354	0
Afipia_sp._GAS231	IM356	36
Afipia_sp._GAS231	IM364	6
Afipia_sp._GAS231	IM372	19
Afipia_sp._GAS231	IM374	140
Afipia_sp._GAS231	IM376	3
Afipia_sp._GAS231	IM381	7
Afipia_sp._GAS231	IM382	22
Afipia_sp._GAS231	IM385	0
Afipia_sp._GAS231	IM390	63
Afipia_sp._GAS231	IM397	8
Afipia_sp._GAS231	IM404	4
Afipia_sp._GAS231	IM409	11
Afipia_sp._GAS231	IM412	16
Afipia_sp._GAS231	IM421	19
Afipia_sp._GAS231	IM425	74
Afipia_sp._GAS231	IM432	14
Afipia_sp._GAS231	IM438	2
Afipia_sp._GAS231	IM442	8
Afipia_sp._GAS231	IM445	8
Afipia_sp._GAS231	IM448	33
Afipia_sp._GAS231	IM449	3
Afipia_sp._GAS231	IM451	2
Afipia_sp._GAS231	IMSA256	0
Afipia_sp._GAS231	IMSA276	0
Afipia_sp._GAS231	IMSA286	1
Afipia_sp._GAS231	IMSA343	64
Afipia_sp._GAS231	IS_238	0
Afipia_sp._GAS231	IS238	2
Afipia_sp._GAS231	IS243	0
Afipia_sp._GAS231	IS253	0
Afipia_sp._GAS231	IS283	4
Afipia_sp._GAS231	IS322	4
Afipia_sp._GAS231	IS399	6
Afipia_sp._GAS231	IS418	23
Afipia_sp._GAS231	IS430	1
Afipia_sp._GAS231	IS437	6
Afipia_sp._GAS231	IS444	5
Afipia_sp._GAS231	R276CMSA	13
Afipia_sp._GAS231	R286CMSA	1
Afipia_sp._GAS231	R292CMSA	1
Afipia_sp._GAS231	R292IMSA	99
Afipia_sp._GAS231	R308CMSA	18
Afipia_sp._GAS231	R316IMSA	12
Afipia_sp._GAS231	R347CMSA	24
Afipia_sp._GAS231	R347IMSA	15
Afipia_sp._GAS231	R371CMSA	5
Afipia_sp._GAS231	SRR10104064	NA
Afipia_sp._GAS231	SRR10104065	NA
Afipia_sp._GAS231	SRR10104066	NA
Afipia_sp._GAS231	SRR10104067	NA
Afipia_sp._GAS231	SRR10104068	NA
Afipia_sp._GAS231	SRR10104069	NA
Afipia_sp._GAS231	SRR10104070	NA
Afipia_sp._GAS231	SRR10104071	NA
Afipia_sp._GAS231	SRR10104072	NA
Afipia_sp._GAS231	SRR10104073	NA
Afipia_sp._GAS231	SRR10104074	NA
Afipia_sp._GAS231	SRR10104075	NA
Afipia_sp._GAS231	SRR10104076	NA
Afipia_sp._GAS231	SRR10104077	NA
Afipia_sp._GAS231	SRR10104078	NA
Afipia_sp._GAS231	SRR10104079	NA
Afipia_sp._GAS231	SRR10104080	NA
Afipia_sp._GAS231	SRR10104081	NA
Afipia_sp._GAS231	SRR10104082	NA
Afipia_sp._GAS231	SRR10104083	NA
Afipia_sp._GAS231	SRR10104084	NA
Afipia_sp._GAS231	SRR10104085	NA
Afipia_sp._GAS231	SRR10104086	NA
Afipia_sp._GAS231	SRR10104087	NA
Afipia_sp._GAS231	SRR10104088	NA
Afipia_sp._GAS231	SRR10104089	NA
Afipia_sp._GAS231	SRR10104090	NA
Afipia_sp._GAS231	SRR10104091	NA
Afipia_sp._GAS231	SRR10104092	NA
Afipia_sp._GAS231	SRR10104093	NA
Afipia_sp._GAS231	SRR10104094	NA
Afipia_sp._GAS231	SRR10104095	NA
Afipia_sp._GAS231	SRR10104096	NA
Afipia_sp._GAS231	SRR10104097	NA
Afipia_sp._GAS231	SRR10104098	NA
Afipia_sp._GAS231	SRR10104099	NA
Afipia_sp._GAS231	SRR10104100	NA
Afipia_sp._GAS231	SRR10104101	NA
Afipia_sp._GAS231	SRR10104102	NA
Afipia_sp._GAS231	SRR10104103	NA
Afipia_sp._GAS231	SRR10104104	NA
Afipia_sp._GAS231	SRR10104105	NA
Afipia_sp._GAS231	SRR10104106	NA
Afipia_sp._GAS231	SRR10104107	NA
Afipia_sp._GAS231	SRR10104108	NA
Afipia_sp._GAS231	SRR10104109	NA
Afipia_sp._GAS231	SRR10104110	NA
Afipia_sp._GAS231	SRR10104111	NA
Afipia_sp._GAS231	SRR10104112	NA
Afipia_sp._GAS231	SRR10104113	NA
Afipia_sp._GAS231	SRR10104114	NA
Afipia_sp._GAS231	SRR10104115	NA
Afipia_sp._GAS231	SRR10104116	NA
Afipia_sp._GAS231	SRR10104117	NA
Afipia_sp._GAS231	SRR10104118	NA
Afipia_sp._GAS231	SRR10104119	NA
Afipia_sp._GAS231	SRR10104120	NA
Afipia_sp._GAS231	SRR10104121	NA
Afipia_sp._GAS231	SRR10104122	NA
Afipia_sp._GAS231	SRR10104123	NA
Afipia_sp._GAS231	SRR10104124	NA
Afipia_sp._GAS231	SRR10104125	NA
Afipia_sp._GAS231	SRR10104126	NA
Afipia_sp._GAS231	SRR10104127	NA
Afipia_sp._GAS231	SRR10104128	NA
Afipia_sp._GAS231	SRR10104129	NA
Afipia_sp._GAS231	SRR10104130	NA
Afipia_sp._GAS231	SRR10104131	NA
Afipia_sp._GAS231	SRR10104132	NA
Afipia_sp._GAS231	SRR10104133	NA
Afipia_sp._GAS231	SRR10104134	NA
Afipia_sp._GAS231	SRR10104135	NA
Afipia_sp._GAS231	SRR10104136	NA
Afipia_sp._GAS231	SRR10104137	NA
Afipia_sp._GAS231	SRR10104138	NA
Afipia_sp._GAS231	SRR10104139	NA
Afipia_sp._GAS231	SRR10104140	NA
Afipia_sp._GAS231	SRR10104141	NA
Afipia_sp._GAS231	SRR10104142	NA
Afipia_sp._GAS231	SRR10104143	NA
Afipia_sp._GAS231	SRR10104144	NA
Afipia_sp._GAS231	SRR10104145	NA
Afipia_sp._GAS231	SRR10104146	NA
Afipia_sp._GAS231	SRR10104147	NA
Afipia_sp._GAS231	SRR10104148	NA
Afipia_sp._GAS231	SRR10104149	NA
Afipia_sp._GAS231	SRR10104150	NA
Afipia_sp._GAS231	SRR10104151	NA
Afipia_sp._GAS231	SRR10104152	NA
Afipia_sp._GAS231	SRR10104153	NA
Afipia_sp._GAS231	SRR10104154	NA
Afipia_sp._GAS231	SRR10104155	NA
Afipia_sp._GAS231	SRR10104156	NA
Afipia_sp._GAS231	SRR10104157	NA
Afipia_sp._GAS231	SRR10104158	NA
Afipia_sp._GAS231	SRR10104159	NA
Afipia_sp._GAS231	SRR10104160	NA
Afipia_sp._GAS231	SRR10104161	NA
Afipia_sp._GAS231	SRR10104162	NA
Afipia_sp._GAS231	SRR10104163	NA
Afipia_sp._GAS231	SRR10104164	NA
Afipia_sp._GAS231	SRR10104165	NA
Afipia_sp._GAS231	SRR10104166	NA
Afipia_sp._GAS231	SRR10104167	NA
Afipia_sp._GAS231	SRR10104168	NA
Afipia_sp._GAS231	SRR10104169	NA
Afipia_sp._GAS231	SRR10104170	NA
Afipia_sp._GAS231	SRR10104171	NA
Afipia_sp._GAS231	SRR10104172	NA
Afipia_sp._GAS231	SRR10104173	NA
Afipia_sp._GAS231	SRR10104174	NA
Afipia_sp._GAS231	SRR10104175	NA
Afipia_sp._GAS231	SRR10104176	NA
Afipia_sp._GAS231	SRR10104177	NA
Afipia_sp._GAS231	SRR10104178	NA
Afipia_sp._GAS231	SRR10104179	NA
Afipia_sp._GAS231	SRR10104180	NA
Afipia_sp._GAS231	SRR10104181	NA
Afipia_sp._GAS231	SRR10104182	NA
Afipia_sp._GAS231	SRR10104183	NA
Afipia_sp._GAS231	SRR10104184	NA
Afipia_sp._GAS231	SRR10104185	NA
Afipia_sp._GAS231	SRR10104186	NA
Afipia_sp._GAS231	SRR10104187	NA
Afipia_sp._GAS231	SRR10104188	NA
Afipia_sp._GAS231	SRR10104189	NA
Afipia_sp._GAS231	SRR10104190	NA
Afipia_sp._GAS231	SRR10104191	NA
Afipia_sp._GAS231	SRR10104192	NA
Afipia_sp._GAS231	SRR10104193	NA
Afipia_sp._GAS231	SRR10104194	NA
Afipia_sp._GAS231	SRR10104195	NA
Afipia_sp._GAS231	SRR10104196	NA
Afipia_sp._GAS231	SRR10104197	NA
Afipia_sp._GAS231	SRR10104198	NA
Afipia_sp._GAS231	SRR10104199	NA
Afipia_sp._GAS231	SRR10104200	NA
Afipia_sp._GAS231	SRR10104201	NA
Afipia_sp._GAS231	SRR10104202	NA
Afipia_sp._GAS231	SRR10104203	NA
Afipia_sp._GAS231	SRR10104204	NA
Afipia_sp._GAS231	SRR10104205	NA
Afipia_sp._GAS231	SRR10104206	NA
Afipia_sp._GAS231	SRR10104207	NA
Afipia_sp._GAS231	SRR10104208	NA
Afipia_sp._GAS231	SRR10104209	NA
Afipia_sp._GAS231	SRR10104210	NA
Afipia_sp._GAS231	SRR10104211	NA
Afipia_sp._GAS231	SRR10104212	NA
Afipia_sp._GAS231	SRR10104213	NA
Afipia_sp._GAS231	SRR10104214	NA
Afipia_sp._GAS231	SRR10104215	NA
Afipia_sp._GAS231	SRR10104216	NA
Afipia_sp._GAS231	SRR10104217	NA
Afipia_sp._GAS231	SRR10104218	NA
Afipia_sp._GAS231	SRR10104219	NA
Afipia_sp._GAS231	SRR10104220	NA
Afipia_sp._GAS231	SRR10104221	NA
Afipia_sp._GAS231	SRR10104222	NA
Afipia_sp._GAS231	SRR10104223	NA
Afipia_sp._GAS231	SRR10104224	NA
Afipia_sp._GAS231	SRR10104225	NA
Afipia_sp._GAS231	SRR10104226	NA
Afipia_sp._GAS231	SRR10104227	NA
Afipia_sp._GAS231	SRR10104228	NA
Afipia_sp._GAS231	SRR10104229	NA
Afipia_sp._GAS231	SRR10104230	NA
Afipia_sp._GAS231	SRR10104231	NA
Afipia_sp._GAS231	SRR10104232	NA
Afipia_sp._GAS231	SRR10104233	NA
Afipia_sp._GAS231	SRR10104234	NA
Afipia_sp._GAS231	SRR10104235	NA
Afipia_sp._GAS231	SRR10104236	NA
Afipia_sp._GAS231	SRR10104237	NA
Afipia_sp._GAS231	SRR10104238	NA
Afipia_sp._GAS231	SRR10104239	NA
Afipia_sp._GAS231	SRR10104240	NA
Afipia_sp._GAS231	SRR10104241	NA
Afipia_sp._GAS231	SRR10104242	NA
Afipia_sp._GAS231	SRR10104243	NA
Afipia_sp._GAS231	SRR10104244	NA
Afipia_sp._GAS231	SRR10104245	NA
Afipia_sp._GAS231	SRR10104246	NA
Afipia_sp._GAS231	SRR10104247	NA
Afipia_sp._GAS231	SRR10104248	NA
Afipia_sp._GAS231	SRR10104249	NA
Afipia_sp._GAS231	SRR10104250	NA
Afipia_sp._GAS231	SRR10104251	NA
Afipia_sp._GAS231	SRR10104252	NA
Afipia_sp._GAS231	SRR10104253	NA
Afipia_sp._GAS231	SRR10104254	NA
Afipia_sp._GAS231	SRR10104255	NA
Afipia_sp._GAS231	SRR10104256	NA
Afipia_sp._GAS231	SRR10104257	NA
Afipia_sp._GAS231	SRR10104258	NA
Afipia_sp._GAS231	SRR10224277	0
Afipia_sp._GAS231	SRR10224278	0
Afipia_sp._GAS231	SRR10224279	0
Afipia_sp._GAS231	SRR10224280	0
Afipia_sp._GAS231	SRR10224281	0
Afipia_sp._GAS231	SRR10224282	0
Afipia_sp._GAS231	SRR10224283	0
Afipia_sp._GAS231	SRR10224284	0
Afipia_sp._GAS231	SRR10224285	0
Afipia_sp._GAS231	SRR10224286	0
Afipia_sp._GAS231	SRR10224287	0
Afipia_sp._GAS231	SRR10224288	0
Afipia_sp._GAS231	SRR10224289	0
Afipia_sp._GAS231	SRR10224290	0
Afipia_sp._GAS231	SRR10224291	0
Afipia_sp._GAS231	SRR10224292	0
Afipia_sp._GAS231	SRR10224293	0
Afipia_sp._GAS231	SRR10224294	0
Afipia_sp._GAS231	SRR10224295	0
Afipia_sp._GAS231	SRR10224296	0
Afipia_sp._GAS231	SRR10224297	0
Afipia_sp._GAS231	SRR10224298	0
Afipia_sp._GAS231	SRR10318388	NA
Afipia_sp._GAS231	SRR10318389	NA
Afipia_sp._GAS231	SRR10318390	NA
Afipia_sp._GAS231	SRR10318391	NA
Afipia_sp._GAS231	SRR10318392	NA
Afipia_sp._GAS231	SRR10318393	NA
Afipia_sp._GAS231	SRR10318394	NA
Afipia_sp._GAS231	SRR10318395	NA
Afipia_sp._GAS231	SRR10318396	NA
Afipia_sp._GAS231	SRR10318397	NA
Afipia_sp._GAS231	SRR10318398	NA
Afipia_sp._GAS231	SRR10318399	NA
Afipia_sp._GAS231	SRR10318400	NA
Afipia_sp._GAS231	SRR10318401	NA
Afipia_sp._GAS231	SRR10318402	NA
Afipia_sp._GAS231	SRR10318403	NA
Afipia_sp._GAS231	SRR10318404	NA
Afipia_sp._GAS231	SRR10318405	NA
Afipia_sp._GAS231	SRR10318406	NA
Afipia_sp._GAS231	SRR10318407	NA
Afipia_sp._GAS231	SRR10318408	NA
Afipia_sp._GAS231	SRR10318409	NA
Afipia_sp._GAS231	SRR10318410	NA
Afipia_sp._GAS231	SRR10318411	NA
Afipia_sp._GAS231	SRR10318412	NA
Afipia_sp._GAS231	SRR10318413	NA
Afipia_sp._GAS231	SRR10318414	NA
Afipia_sp._GAS231	SRR10318415	NA
Afipia_sp._GAS231	SRR10318416	NA
Afipia_sp._GAS231	SRR10318417	NA
Afipia_sp._GAS231	SRR10318418	NA
Afipia_sp._GAS231	SRR10318419	NA
Afipia_sp._GAS231	SRR10318420	NA
Afipia_sp._GAS231	SRR10318421	NA
Afipia_sp._GAS231	SRR10318422	NA
Afipia_sp._GAS231	SRR10318423	NA
Afipia_sp._GAS231	SRR10318424	NA
Afipia_sp._GAS231	SRR10318425	NA
Afipia_sp._GAS231	SRR10318426	NA
Afipia_sp._GAS231	SRR10318427	NA
Afipia_sp._GAS231	SRR10318428	NA
Afipia_sp._GAS231	SRR10318429	NA
Afipia_sp._GAS231	SRR10318430	NA
Afipia_sp._GAS231	SRR10318431	NA
Afipia_sp._GAS231	SRR10318432	NA
Afipia_sp._GAS231	SRR10318433	NA
Afipia_sp._GAS231	SRR10318434	NA
Afipia_sp._GAS231	SRR10318435	NA
Afipia_sp._GAS231	SRR10318436	NA
Afipia_sp._GAS231	SRR10318437	NA
Afipia_sp._GAS231	SRR10318438	NA
Afipia_sp._GAS231	SRR10318439	NA
Afipia_sp._GAS231	SRR10318440	NA
Afipia_sp._GAS231	SRR10318441	NA
Afipia_sp._GAS231	SRR10318442	NA
Afipia_sp._GAS231	SRR10318443	NA
Afipia_sp._GAS231	SRR10318444	NA
Afipia_sp._GAS231	SRR10318445	NA
Afipia_sp._GAS231	SRR10318446	NA
Afipia_sp._GAS231	SRR10318447	NA
Afipia_sp._GAS231	SRR10318448	NA
Afipia_sp._GAS231	SRR10318449	NA
Afipia_sp._GAS231	SRR10318450	NA
Afipia_sp._GAS231	SRR10318451	NA
Afipia_sp._GAS231	SRR10318452	NA
Afipia_sp._GAS231	SRR10318453	NA
Afipia_sp._GAS231	SRR10318454	NA
Afipia_sp._GAS231	SRR10318455	NA
Afipia_sp._GAS231	SRR10318456	NA
Afipia_sp._GAS231	SRR10318457	NA
Afipia_sp._GAS231	SRR10318458	NA
Afipia_sp._GAS231	SRR10318459	NA
Afipia_sp._GAS231	SRR10318460	NA
Afipia_sp._GAS231	SRR10318461	NA
Afipia_sp._GAS231	SRR10318462	NA
Afipia_sp._GAS231	SRR10318463	NA
Afipia_sp._GAS231	SRR10318464	NA
Afipia_sp._GAS231	SRR10318465	NA
Afipia_sp._GAS231	SRR10318466	NA
Afipia_sp._GAS231	SRR10318467	NA
Afipia_sp._GAS231	SRR10318468	NA
Afipia_sp._GAS231	SRR10318469	NA
Afipia_sp._GAS231	SRR10318470	NA
Afipia_sp._GAS231	SRR10318471	NA
Afipia_sp._GAS231	SRR10318472	NA
Afipia_sp._GAS231	SRR10318473	NA
Afipia_sp._GAS231	SRR10318474	NA
Afipia_sp._GAS231	SRR10318475	NA
Afipia_sp._GAS231	SRR10318476	NA
Afipia_sp._GAS231	SRR10318495	NA
Afipia_sp._GAS231	SRR10318496	NA
Afipia_sp._GAS231	SRR10318497	NA
Afipia_sp._GAS231	SRR10318498	NA
Afipia_sp._GAS231	SRR10318499	NA
Afipia_sp._GAS231	SRR10318500	NA
Afipia_sp._GAS231	SRR10318501	NA
Afipia_sp._GAS231	SRR10318502	NA
Afipia_sp._GAS231	SRR10318503	NA
Afipia_sp._GAS231	SRR10318504	NA
Afipia_sp._GAS231	SRR10318505	NA
Afipia_sp._GAS231	SRR10318506	NA
Afipia_sp._GAS231	SRR10318507	NA
Afipia_sp._GAS231	SRR10318508	NA
Afipia_sp._GAS231	SRR10318509	NA
Afipia_sp._GAS231	SRR10318510	NA
Afipia_sp._GAS231	SRR10318511	NA
Afipia_sp._GAS231	SRR10318512	NA
Afipia_sp._GAS231	SRR10318513	NA
Afipia_sp._GAS231	SRR10318514	NA
Afipia_sp._GAS231	SRR10318515	NA
Afipia_sp._GAS231	SRR10318516	NA
Afipia_sp._GAS231	SRR10318517	NA
Afipia_sp._GAS231	SRR10318518	NA
Afipia_sp._GAS231	SRR10318519	NA
Afipia_sp._GAS231	SRR10318520	NA
Afipia_sp._GAS231	SRR10318521	NA
Afipia_sp._GAS231	SRR10318522	NA
Afipia_sp._GAS231	SRR10318523	NA
Afipia_sp._GAS231	SRR10318524	NA
Afipia_sp._GAS231	SRR10318525	NA
Afipia_sp._GAS231	SRR10318526	NA
Afipia_sp._GAS231	SRR10318527	NA
Afipia_sp._GAS231	SRR10318528	NA
Afipia_sp._GAS231	SRR10318529	NA
Afipia_sp._GAS231	SRR10318530	NA
Afipia_sp._GAS231	SRR10318531	NA
Afipia_sp._GAS231	SRR10318532	NA
Afipia_sp._GAS231	SRR10318533	NA
Afipia_sp._GAS231	SRR10318534	NA
Afipia_sp._GAS231	SRR10318535	NA
Afipia_sp._GAS231	SRR10318536	NA
Afipia_sp._GAS231	SRR10318537	NA
Afipia_sp._GAS231	SRR10318538	NA
Afipia_sp._GAS231	SRR10318539	NA
Afipia_sp._GAS231	SRR10318540	NA
Afipia_sp._GAS231	SRR10318541	NA
Afipia_sp._GAS231	SRR10318542	NA
Afipia_sp._GAS231	SRR10318543	NA
Afipia_sp._GAS231	SRR10318544	NA
Afipia_sp._GAS231	SRR10318545	NA
Afipia_sp._GAS231	SRR10318546	NA
Afipia_sp._GAS231	SRR10318547	NA
Afipia_sp._GAS231	SRR10318548	NA
Afipia_sp._GAS231	SRR10318549	NA
Afipia_sp._GAS231	SRR10318568	NA
Afipia_sp._GAS231	SRR10318569	NA
Afipia_sp._GAS231	SRR10318570	NA
Afipia_sp._GAS231	SRR10318571	NA
Afipia_sp._GAS231	SRR10318572	NA
Afipia_sp._GAS231	SRR10318573	NA
Afipia_sp._GAS231	SRR10318574	NA
Afipia_sp._GAS231	SRR10318575	NA
Afipia_sp._GAS231	SRR10318576	NA
Afipia_sp._GAS231	SRR10318577	NA
Afipia_sp._GAS231	SRR10318578	NA
Afipia_sp._GAS231	SRR10318579	NA
Afipia_sp._GAS231	SRR10318580	NA
Afipia_sp._GAS231	SRR10318581	NA
Afipia_sp._GAS231	SRR10875803	0
Afipia_sp._GAS231	SRR10875804	0
Afipia_sp._GAS231	SRR10875805	0
Afipia_sp._GAS231	SRR10875806	0
Afipia_sp._GAS231	SRR10875807	0
Afipia_sp._GAS231	SRR10875808	0
Afipia_sp._GAS231	SRR10875809	0
Afipia_sp._GAS231	SRR10875810	0
Afipia_sp._GAS231	SRR10875812	0
Afipia_sp._GAS231	SRR10875813	0
Afipia_sp._GAS231	SRR10875814	0
Afipia_sp._GAS231	SRR10875815	0
Afipia_sp._GAS231	SRR10875816	0
Afipia_sp._GAS231	SRR10875817	1
Afipia_sp._GAS231	SRR10875818	0
Afipia_sp._GAS231	SRR10875819	0
Afipia_sp._GAS231	SRR10875820	0
Afipia_sp._GAS231	SRR10875821	0
Afipia_sp._GAS231	SRR10875822	0
Afipia_sp._GAS231	SRR10875823	0
Afipia_sp._GAS231	SRR10875824	0
Afipia_sp._GAS231	SRR10875825	0
Afipia_sp._GAS231	SRR10875826	0
Afipia_sp._GAS231	SRR10875827	0
Afipia_sp._GAS231	SRR10875829	2
Afipia_sp._GAS231	SRR10875830	0
Afipia_sp._GAS231	SRR10875831	0
Afipia_sp._GAS231	SRR10875832	0
Afipia_sp._GAS231	SRR10875834	0
Afipia_sp._GAS231	SRR10875835	0
Afipia_sp._GAS231	SRR10875836	0
Afipia_sp._GAS231	SRR10875837	0
Afipia_sp._GAS231	SRR10875838	0
Afipia_sp._GAS231	SRR10875839	0
Afipia_sp._GAS231	SRR10875840	0
Afipia_sp._GAS231	SRR10875841	0
Afipia_sp._GAS231	SRR10875842	0
Afipia_sp._GAS231	SRR10875843	0
Afipia_sp._GAS231	SRR10875844	0
Afipia_sp._GAS231	SRR10875845	0
Afipia_sp._GAS231	SRR10875846	0
Afipia_sp._GAS231	SRR10875847	0
Afipia_sp._GAS231	SRR10875848	0
Afipia_sp._GAS231	SRR10875849	0
Afipia_sp._GAS231	SRR10875850	0
Afipia_sp._GAS231	SRR10875851	0
Afipia_sp._GAS231	SRR10875852	0
Afipia_sp._GAS231	SRR10875853	0
Afipia_sp._GAS231	SRR10875854	0
Afipia_sp._GAS231	SRR10875855	0
Afipia_sp._GAS231	SRR10875856	0
Afipia_sp._GAS231	SRR10875857	0
Afipia_sp._GAS231	SRR10875858	0
Afipia_sp._GAS231	SRR10875859	2
Afipia_sp._GAS231	SRR10875860	1
Afipia_sp._GAS231	SRR10875861	3
Afipia_sp._GAS231	SRR10875862	0
Afipia_sp._GAS231	SRR10875863	0
Afipia_sp._GAS231	SRR10875864	0
Afipia_sp._GAS231	SRR10875865	0
Afipia_sp._GAS231	SRR10875866	0
Afipia_sp._GAS231	SRR10875867	0
Afipia_sp._GAS231	SRR10875868	0
Afipia_sp._GAS231	SRR10875869	1
Afipia_sp._GAS231	SRR10875870	0
Afipia_sp._GAS231	SRR10875871	0
Afipia_sp._GAS231	SRR10875872	0
Afipia_sp._GAS231	SRR10875873	0
Afipia_sp._GAS231	SRR10875874	0
Afipia_sp._GAS231	SRR10875875	0
Afipia_sp._GAS231	SRR10875876	0
Afipia_sp._GAS231	SRR10875877	0
Afipia_sp._GAS231	SRR10875878	0
Afipia_sp._GAS231	SRR10875879	0
Afipia_sp._GAS231	SRR10875880	0
Afipia_sp._GAS231	SRR10875881	0
Afipia_sp._GAS231	SRR10875882	0
Afipia_sp._GAS231	SRR10875883	0
Afipia_sp._GAS231	SRR10875884	1
Afipia_sp._GAS231	SRR10875885	0
Afipia_sp._GAS231	SRR10875886	0
Afipia_sp._GAS231	SRR10875887	0
Afipia_sp._GAS231	SRR10875888	0
Afipia_sp._GAS231	SRR10875889	0
Afipia_sp._GAS231	SRR10875890	0
Afipia_sp._GAS231	SRR10875891	0
Afipia_sp._GAS231	SRR10875892	0
Afipia_sp._GAS231	SRR10875893	0
Afipia_sp._GAS231	SRR10875894	1
Afipia_sp._GAS231	SRR10875895	0
Afipia_sp._GAS231	SRR10875896	0
Afipia_sp._GAS231	SRR10875897	0
Afipia_sp._GAS231	SRR10875898	0
Afipia_sp._GAS231	SRR10875899	0
Afipia_sp._GAS231	SRR10875900	0
Afipia_sp._GAS231	SRR10875901	0
Afipia_sp._GAS231	SRR10875902	0
Afipia_sp._GAS231	SRR12430469	0
Afipia_sp._GAS231	SRR12430470	0
Afipia_sp._GAS231	SRR12430471	0
Afipia_sp._GAS231	SRR12430472	0
Afipia_sp._GAS231	SRR12430473	0
Afipia_sp._GAS231	SRR12430474	0
Afipia_sp._GAS231	SRR12430475	0
Afipia_sp._GAS231	SRR12430476	0
Afipia_sp._GAS231	SRR12765534	NA
Afipia_sp._GAS231	SRR12765535	NA
Afipia_sp._GAS231	SRR12765536	NA
Afipia_sp._GAS231	SRR12765537	NA
Afipia_sp._GAS231	SRR12765538	NA
Afipia_sp._GAS231	SRR12765539	NA
Afipia_sp._GAS231	SRR12765540	NA
Afipia_sp._GAS231	SRR12765541	NA
Afipia_sp._GAS231	SRR12765542	NA
Afipia_sp._GAS231	SRR12765543	NA
Afipia_sp._GAS231	SRR12765544	NA
Afipia_sp._GAS231	SRR12765545	NA
Afipia_sp._GAS231	SRR12765546	NA
Afipia_sp._GAS231	SRR12765547	NA
Afipia_sp._GAS231	SRR12765548	NA
Afipia_sp._GAS231	SRR12765549	NA
Afipia_sp._GAS231	SRR12765550	NA
Afipia_sp._GAS231	SRR12765551	NA
Afipia_sp._GAS231	SRR12765552	NA
Afipia_sp._GAS231	SRR12765553	NA
Afipia_sp._GAS231	SRR12765554	NA
Afipia_sp._GAS231	SRR12765555	NA
Afipia_sp._GAS231	SRR12765556	NA
Afipia_sp._GAS231	SRR12765557	NA
Afipia_sp._GAS231	SRR12765558	NA
Afipia_sp._GAS231	SRR12765559	NA
Afipia_sp._GAS231	SRR12765560	NA
Afipia_sp._GAS231	SRR12765561	NA
Afipia_sp._GAS231	SRR12765562	NA
Afipia_sp._GAS231	SRR12765563	NA
Afipia_sp._GAS231	SRR12765564	NA
Afipia_sp._GAS231	SRR12765565	NA
Afipia_sp._GAS231	SRR12765566	NA
Afipia_sp._GAS231	SRR12765567	NA
Afipia_sp._GAS231	SRR12765568	NA
Afipia_sp._GAS231	SRR12765569	NA
Afipia_sp._GAS231	SRR12765570	NA
Afipia_sp._GAS231	SRR12765571	NA
Afipia_sp._GAS231	SRR12765572	NA
Afipia_sp._GAS231	SRR12765573	NA
Afipia_sp._GAS231	SRR12765574	NA
Afipia_sp._GAS231	SRR12765575	NA
Afipia_sp._GAS231	SRR12765576	NA
Afipia_sp._GAS231	SRR12765577	NA
Afipia_sp._GAS231	SRR12765578	NA
Afipia_sp._GAS231	SRR12765579	NA
Afipia_sp._GAS231	SRR12765580	NA
Afipia_sp._GAS231	SRR12765581	NA
Afipia_sp._GAS231	SRR12765582	NA
Afipia_sp._GAS231	SRR12765583	NA
Afipia_sp._GAS231	SRR12765584	NA
Afipia_sp._GAS231	SRR12765585	NA
Afipia_sp._GAS231	SRR12765586	NA
Afipia_sp._GAS231	SRR12765587	NA
Afipia_sp._GAS231	SRR12765588	NA
Afipia_sp._GAS231	SRR12765589	NA
Afipia_sp._GAS231	SRR12765590	NA
Afipia_sp._GAS231	SRR12765591	NA
Afipia_sp._GAS231	SRR12765592	NA
Afipia_sp._GAS231	SRR12765593	NA
Afipia_sp._GAS231	SRR12765594	NA
Afipia_sp._GAS231	SRR12765595	NA
Afipia_sp._GAS231	SRR12765596	NA
Afipia_sp._GAS231	SRR12765597	NA
Afipia_sp._GAS231	SRR12765598	NA
Afipia_sp._GAS231	SRR12765599	NA
Afipia_sp._GAS231	SRR12765600	NA
Afipia_sp._GAS231	SRR12765601	NA
Afipia_sp._GAS231	SRR12765602	NA
Afipia_sp._GAS231	SRR12765603	NA
Afipia_sp._GAS231	SRR12765604	NA
Afipia_sp._GAS231	SRR12765605	NA
Afipia_sp._GAS231	SRR12765606	NA
Afipia_sp._GAS231	SRR12765607	NA
Afipia_sp._GAS231	SRR12765608	NA
Afipia_sp._GAS231	SRR12765609	NA
Afipia_sp._GAS231	SRR12765610	NA
Afipia_sp._GAS231	SRR12765611	NA
Afipia_sp._GAS231	SRR12765612	NA
Afipia_sp._GAS231	SRR12765613	NA
Afipia_sp._GAS231	SRR12765614	NA
Afipia_sp._GAS231	SRR12765615	NA
Afipia_sp._GAS231	SRR12765616	NA
Afipia_sp._GAS231	SRR12765617	NA
Afipia_sp._GAS231	SRR12765618	NA
Afipia_sp._GAS231	SRR12765619	NA
Afipia_sp._GAS231	SRR12765620	NA
Afipia_sp._GAS231	SRR12765621	NA
Afipia_sp._GAS231	SRR12765622	NA
Afipia_sp._GAS231	SRR12765623	NA
Afipia_sp._GAS231	SRR12765624	NA
Afipia_sp._GAS231	SRR12765625	NA
Afipia_sp._GAS231	SRR12765626	NA
Afipia_sp._GAS231	SRR12765627	NA
Afipia_sp._GAS231	SRR12765628	NA
Afipia_sp._GAS231	SRR12765629	NA
Afipia_sp._GAS231	SRR12765630	NA
Afipia_sp._GAS231	SRR12765631	NA
Afipia_sp._GAS231	SRR12765632	NA
Afipia_sp._GAS231	SRR12765633	NA
Afipia_sp._GAS231	SRR12765634	NA
Afipia_sp._GAS231	SRR12765635	NA
Afipia_sp._GAS231	SRR12765636	NA
Afipia_sp._GAS231	SRR12765637	NA
Afipia_sp._GAS231	SRR12765638	NA
Afipia_sp._GAS231	SRR12765639	NA
Afipia_sp._GAS231	SRR12765640	NA
Afipia_sp._GAS231	SRR12765641	NA
Afipia_sp._GAS231	SRR12765642	NA
Afipia_sp._GAS231	SRR12765643	NA
Afipia_sp._GAS231	SRR12765644	NA
Afipia_sp._GAS231	SRR12765645	NA
Afipia_sp._GAS231	SRR12765646	NA
Afipia_sp._GAS231	SRR12765647	NA
Afipia_sp._GAS231	SRR12765648	NA
Afipia_sp._GAS231	SRR12765649	NA
Afipia_sp._GAS231	SRR12765650	NA
Afipia_sp._GAS231	SRR12765651	NA
Afipia_sp._GAS231	SRR12765652	NA
Afipia_sp._GAS231	SRR12774664	0
Afipia_sp._GAS231	SRR12774665	0
Afipia_sp._GAS231	SRR12774666	0
Afipia_sp._GAS231	SRR12774667	0
Afipia_sp._GAS231	SRR12774668	0
Afipia_sp._GAS231	SRR12774669	0
Afipia_sp._GAS231	SRR12774670	0
Afipia_sp._GAS231	SRR12774671	0
Afipia_sp._GAS231	SRR12774672	0
Afipia_sp._GAS231	SRR12774673	0
Afipia_sp._GAS231	SRR12774674	0
Afipia_sp._GAS231	SRR12774675	0
Afipia_sp._GAS231	SRR12774676	0
Afipia_sp._GAS231	SRR12774677	0
Afipia_sp._GAS231	SRR12774678	0
Afipia_sp._GAS231	SRR12774679	0
Afipia_sp._GAS231	SRR12774680	0
Afipia_sp._GAS231	SRR12774681	0
Afipia_sp._GAS231	SRR12774682	0
Afipia_sp._GAS231	SRR12774683	0
Afipia_sp._GAS231	SRR12774684	0
Afipia_sp._GAS231	SRR12774685	0
Afipia_sp._GAS231	SRR12774686	1
Afipia_sp._GAS231	SRR12774687	4
Afipia_sp._GAS231	SRR1609360	0
Afipia_sp._GAS231	SRR1609361	0
Afipia_sp._GAS231	SRR1609362	0
Afipia_sp._GAS231	SRR1609363	0
Afipia_sp._GAS231	SRR1609364	0
Afipia_sp._GAS231	SRR1609365	0
Afipia_sp._GAS231	SRR1609366	0
Afipia_sp._GAS231	SRR1609367	0
Afipia_sp._GAS231	SRR1609368	0
Afipia_sp._GAS231	SRR1609369	0
Afipia_sp._GAS231	SRR1609370	0
Afipia_sp._GAS231	SRR1609371	1
Afipia_sp._GAS231	SRR1609372	0
Afipia_sp._GAS231	SRR1609373	0
Afipia_sp._GAS231	SRR1609374	0
Afipia_sp._GAS231	SRR1609375	0
Afipia_sp._GAS231	SRR1609376	0
Afipia_sp._GAS231	SRR1609377	0
Afipia_sp._GAS231	SRR1609378	0
Afipia_sp._GAS231	SRR1609379	0
Afipia_sp._GAS231	SRR1609380	0
Afipia_sp._GAS231	SRR1609381	0
Afipia_sp._GAS231	SRR1609382	0
Afipia_sp._GAS231	SRR1609383	0
Afipia_sp._GAS231	SRR1609384	0
Afipia_sp._GAS231	SRR1609385	0
Afipia_sp._GAS231	SRR1609386	0
Afipia_sp._GAS231	SRR1609387	0
Afipia_sp._GAS231	SRR1609388	0
Afipia_sp._GAS231	SRR1609389	0
Afipia_sp._GAS231	SRR1609390	0
Afipia_sp._GAS231	SRR1609391	0
Afipia_sp._GAS231	SRR1609392	0
Afipia_sp._GAS231	SRR1609393	0
Afipia_sp._GAS231	SRR1609394	0
Afipia_sp._GAS231	SRR1609395	0
Afipia_sp._GAS231	SRR1609396	0
Afipia_sp._GAS231	SRR1609397	0
Afipia_sp._GAS231	SRR1609398	0
Afipia_sp._GAS231	SRR1609399	0
Afipia_sp._GAS231	SRR1609400	0
Afipia_sp._GAS231	SRR1609401	0
Afipia_sp._GAS231	SRR1609402	0
Afipia_sp._GAS231	SRR1609403	0
Afipia_sp._GAS231	SRR1609404	0
Afipia_sp._GAS231	SRR1609405	0
Afipia_sp._GAS231	SRR1609406	0
Afipia_sp._GAS231	SRR1609407	0
Afipia_sp._GAS231	SRR1609408	0
Afipia_sp._GAS231	SRR1609409	1
Afipia_sp._GAS231	SRR1609410	0
Afipia_sp._GAS231	SRR1609411	0
Afipia_sp._GAS231	SRR1609412	0
Afipia_sp._GAS231	SRR1609413	0
Afipia_sp._GAS231	SRR1609414	0
Afipia_sp._GAS231	SRR1609415	0
Afipia_sp._GAS231	SRR1609416	0
Afipia_sp._GAS231	SRR1609417	0
Afipia_sp._GAS231	SRR1609418	0
Afipia_sp._GAS231	SRR1609419	0
Afipia_sp._GAS231	SRR1609420	0
Afipia_sp._GAS231	SRR1609421	0
Afipia_sp._GAS231	SRR1609422	0
Afipia_sp._GAS231	SRR1609423	0
Afipia_sp._GAS231	SRR1609424	0
Afipia_sp._GAS231	SRR1609425	0
Afipia_sp._GAS231	SRR1609426	0
Afipia_sp._GAS231	SRR1609427	0
Afipia_sp._GAS231	SRR1609428	0
Afipia_sp._GAS231	SRR1609429	0
Afipia_sp._GAS231	SRR1609430	0
Afipia_sp._GAS231	SRR1609431	0
Afipia_sp._GAS231	SRR1609432	0
Afipia_sp._GAS231	SRR1609433	0
Afipia_sp._GAS231	SRR1609434	0
Afipia_sp._GAS231	SRR1609435	0
Afipia_sp._GAS231	SRR1609436	0
Afipia_sp._GAS231	SRR1609437	0
Afipia_sp._GAS231	SRR1609438	0
Afipia_sp._GAS231	SRR1609439	0
Afipia_sp._GAS231	SRR1609440	0
Afipia_sp._GAS231	SRR1609441	0
Afipia_sp._GAS231	SRR1609442	0
Afipia_sp._GAS231	SRR1609443	0
Afipia_sp._GAS231	SRR1609444	0
Afipia_sp._GAS231	SRR1609445	0
Afipia_sp._GAS231	SRR1609446	0
Afipia_sp._GAS231	SRR1609447	0
Afipia_sp._GAS231	SRR1609448	0
Afipia_sp._GAS231	SRR1609449	0
Afipia_sp._GAS231	SRR1609450	0
Afipia_sp._GAS231	SRR1609451	0
Afipia_sp._GAS231	SRR1609452	0
Afipia_sp._GAS231	SRR1609453	0
Afipia_sp._GAS231	SRR1609454	0
Afipia_sp._GAS231	SRR1609455	0
Afipia_sp._GAS231	SRR1609456	0
Afipia_sp._GAS231	SRR1609457	0
Afipia_sp._GAS231	SRR1609458	0
Afipia_sp._GAS231	SRR1609459	0
Afipia_sp._GAS231	SRR1609460	0
Afipia_sp._GAS231	SRR1609461	0
Afipia_sp._GAS231	SRR1609462	0
Afipia_sp._GAS231	SRR1609463	0
Afipia_sp._GAS231	SRR1609464	0
Afipia_sp._GAS231	SRR1609465	0
Afipia_sp._GAS231	SRR1609466	0
Afipia_sp._GAS231	SRR1609467	0
Afipia_sp._GAS231	SRR1609468	0
Afipia_sp._GAS231	SRR1609469	0
Afipia_sp._GAS231	SRR1609470	0
Afipia_sp._GAS231	SRR1609471	0
Afipia_sp._GAS231	SRR1609472	0
Afipia_sp._GAS231	SRR1609473	0
Afipia_sp._GAS231	SRR1609474	0
Afipia_sp._GAS231	SRR1609475	0
Afipia_sp._GAS231	SRR1609476	0
Afipia_sp._GAS231	SRR1609477	0
Afipia_sp._GAS231	SRR1609478	0
Afipia_sp._GAS231	SRR1609479	0
Afipia_sp._GAS231	SRR1609480	0
Afipia_sp._GAS231	SRR1609481	0
Afipia_sp._GAS231	SRR1609482	0
Afipia_sp._GAS231	SRR1609483	0
Afipia_sp._GAS231	SRR1609484	0
Afipia_sp._GAS231	SRR1609485	0
Afipia_sp._GAS231	SRR1609486	0
Afipia_sp._GAS231	SRR1609487	0
Afipia_sp._GAS231	SRR1609488	0
Afipia_sp._GAS231	SRR1609489	0
Afipia_sp._GAS231	SRR1609490	0
Afipia_sp._GAS231	SRR1609491	0
Afipia_sp._GAS231	SRR1609492	0
Afipia_sp._GAS231	SRR1609493	0
Afipia_sp._GAS231	SRR1609494	0
Afipia_sp._GAS231	SRR1609495	0
Afipia_sp._GAS231	SRR1609496	0
Afipia_sp._GAS231	SRR1609497	0
Afipia_sp._GAS231	SRR1609498	0
Afipia_sp._GAS231	SRR1609499	0
Afipia_sp._GAS231	SRR1609500	0
Afipia_sp._GAS231	SRR1609501	0
Afipia_sp._GAS231	SRR1609502	0
Afipia_sp._GAS231	SRR1609503	0
Afipia_sp._GAS231	SRR1609504	0
Afipia_sp._GAS231	SRR1609505	0
Afipia_sp._GAS231	SRR1609506	0
Afipia_sp._GAS231	SRR1609507	0
Afipia_sp._GAS231	SRR1609508	0
Afipia_sp._GAS231	SRR1609509	0
Afipia_sp._GAS231	SRR1609510	0
Afipia_sp._GAS231	SRR1609511	0
Afipia_sp._GAS231	SRR1609512	0
Afipia_sp._GAS231	SRR1609513	0
Afipia_sp._GAS231	SRR1609514	0
Afipia_sp._GAS231	SRR1609515	0
Afipia_sp._GAS231	SRR1609516	0
Afipia_sp._GAS231	SRR1609517	0
Afipia_sp._GAS231	SRR1609518	0
Afipia_sp._GAS231	SRR1609519	0
Afipia_sp._GAS231	SRR1609520	0
Afipia_sp._GAS231	SRR1609521	0
Afipia_sp._GAS231	SRR1609522	0
Afipia_sp._GAS231	SRR1609523	0
Afipia_sp._GAS231	SRR1609524	0
Afipia_sp._GAS231	SRR1609525	0
Afipia_sp._GAS231	SRR1609526	0
Afipia_sp._GAS231	SRR1609527	0
Afipia_sp._GAS231	SRR1609528	1
Afipia_sp._GAS231	SRR1609529	0
Afipia_sp._GAS231	SRR1609530	0
Afipia_sp._GAS231	SRR1609531	0
Afipia_sp._GAS231	SRR1609532	0
Afipia_sp._GAS231	SRR1609533	0
Afipia_sp._GAS231	SRR1609534	0
Afipia_sp._GAS231	SRR1609535	0
Afipia_sp._GAS231	SRR1609536	0
Afipia_sp._GAS231	SRR1609537	0
Afipia_sp._GAS231	SRR1609538	0
Afipia_sp._GAS231	SRR1609539	0
Afipia_sp._GAS231	SRR1609540	0
Afipia_sp._GAS231	SRR1609541	0
Afipia_sp._GAS231	SRR1609542	0
Afipia_sp._GAS231	SRR1609543	0
Afipia_sp._GAS231	SRR1609544	0
Afipia_sp._GAS231	SRR1609545	0
Afipia_sp._GAS231	SRR1609546	0
Afipia_sp._GAS231	SRR1609547	0
Afipia_sp._GAS231	SRR1609548	0
Afipia_sp._GAS231	SRR1609549	0
Afipia_sp._GAS231	SRR1609550	0
Afipia_sp._GAS231	SRR1609551	0
Afipia_sp._GAS231	SRR1609552	0
Afipia_sp._GAS231	SRR1609553	0
Afipia_sp._GAS231	SRR1609554	0
Afipia_sp._GAS231	SRR1609555	0
Afipia_sp._GAS231	SRR1609556	0
Afipia_sp._GAS231	SRR1609557	0
Afipia_sp._GAS231	SRR1609558	0
Afipia_sp._GAS231	SRR1609559	0
Afipia_sp._GAS231	SRR1609560	0
Afipia_sp._GAS231	SRR1609561	0
Afipia_sp._GAS231	SRR1609562	0
Afipia_sp._GAS231	SRR1609563	0
Afipia_sp._GAS231	SRR1609564	0
Afipia_sp._GAS231	SRR1609565	0
Afipia_sp._GAS231	SRR1609566	0
Afipia_sp._GAS231	SRR1609567	0
Afipia_sp._GAS231	SRR1609568	0
Afipia_sp._GAS231	SRR1609569	0
Afipia_sp._GAS231	SRR1609570	1
Afipia_sp._GAS231	SRR1609571	0
Afipia_sp._GAS231	SRR1609572	0
Afipia_sp._GAS231	SRR1609573	0
Afipia_sp._GAS231	SRR1609574	0
Afipia_sp._GAS231	SRR1609575	0
Afipia_sp._GAS231	SRR1609576	0
Afipia_sp._GAS231	SRR1609577	0
Afipia_sp._GAS231	SRR1609578	0
Afipia_sp._GAS231	SRR1609579	0
Afipia_sp._GAS231	SRR1609580	0
Afipia_sp._GAS231	SRR1609581	0
Afipia_sp._GAS231	SRR1609582	0
Afipia_sp._GAS231	SRR1609583	0
Afipia_sp._GAS231	SRR1609584	0
Afipia_sp._GAS231	SRR1609585	0
Afipia_sp._GAS231	SRR1609586	0
Afipia_sp._GAS231	SRR1609587	0
Afipia_sp._GAS231	SRR1609588	1
Afipia_sp._GAS231	SRR1609589	0
Afipia_sp._GAS231	SRR1609590	0
Afipia_sp._GAS231	SRR1609591	0
Afipia_sp._GAS231	SRR1609592	0
Afipia_sp._GAS231	SRR1609593	0
Afipia_sp._GAS231	SRR1609594	0
Afipia_sp._GAS231	SRR1609595	0
Afipia_sp._GAS231	SRR1609596	0
Afipia_sp._GAS231	SRR1609597	0
Afipia_sp._GAS231	SRR1609598	0
Afipia_sp._GAS231	SRR1609599	0
Afipia_sp._GAS231	SRR1609600	0
Afipia_sp._GAS231	SRR1609601	0
Afipia_sp._GAS231	SRR1609602	0
Afipia_sp._GAS231	SRR1609603	0
Afipia_sp._GAS231	SRR1609604	0
Afipia_sp._GAS231	SRR1609605	0
Afipia_sp._GAS231	SRR1609606	0
Afipia_sp._GAS231	SRR1609607	0
Afipia_sp._GAS231	SRR1609608	0
Afipia_sp._GAS231	SRR1609609	0
Afipia_sp._GAS231	SRR1609610	0
Afipia_sp._GAS231	SRR1609611	0
Afipia_sp._GAS231	SRR1609612	0
Afipia_sp._GAS231	SRR1609613	0
Afipia_sp._GAS231	SRR1609614	0
Afipia_sp._GAS231	SRR1609615	0
Afipia_sp._GAS231	SRR1609616	0
Afipia_sp._GAS231	SRR1609617	0
Afipia_sp._GAS231	SRR1609618	0
Afipia_sp._GAS231	SRR1609619	0
Afipia_sp._GAS231	SRR1609620	0
Afipia_sp._GAS231	SRR1609621	0
Afipia_sp._GAS231	SRR1609622	0
Afipia_sp._GAS231	SRR1609623	0
Afipia_sp._GAS231	SRR1609624	0
Afipia_sp._GAS231	SRR1609625	0
Afipia_sp._GAS231	SRR1609626	0
Afipia_sp._GAS231	SRR1609627	0
Afipia_sp._GAS231	SRR1609628	0
Afipia_sp._GAS231	SRR1609629	0
Afipia_sp._GAS231	SRR1609630	0
Afipia_sp._GAS231	SRR1609631	0
Afipia_sp._GAS231	SRR1609632	0
Afipia_sp._GAS231	SRR1609633	0
Afipia_sp._GAS231	SRR1609634	0
Afipia_sp._GAS231	SRR1609635	0
Afipia_sp._GAS231	SRR1609636	0
Afipia_sp._GAS231	SRR1609637	0
Afipia_sp._GAS231	SRR1609638	0
Afipia_sp._GAS231	SRR1609639	0
Afipia_sp._GAS231	SRR1609640	0
Afipia_sp._GAS231	SRR1609641	0
Afipia_sp._GAS231	SRR1609642	0
Afipia_sp._GAS231	SRR1609643	0
Afipia_sp._GAS231	SRR1609644	0
Afipia_sp._GAS231	SRR1609645	0
Afipia_sp._GAS231	SRR1609646	0
Afipia_sp._GAS231	SRR1609647	0
Afipia_sp._GAS231	SRR1609648	0
Afipia_sp._GAS231	SRR1609649	0
Afipia_sp._GAS231	SRR1609650	0
Afipia_sp._GAS231	SRR1609651	0
Afipia_sp._GAS231	SRR1609652	0
Afipia_sp._GAS231	SRR1609653	0
Afipia_sp._GAS231	SRR1609654	0
Afipia_sp._GAS231	SRR1609655	0
Afipia_sp._GAS231	SRR1609656	0
Afipia_sp._GAS231	SRR1609657	0
Afipia_sp._GAS231	SRR1609658	0
Afipia_sp._GAS231	SRR1609659	0
Afipia_sp._GAS231	SRR1609660	0
Afipia_sp._GAS231	SRR1609661	0
Afipia_sp._GAS231	SRR1609662	0
Afipia_sp._GAS231	SRR1609663	0
Afipia_sp._GAS231	SRR1609664	0
Afipia_sp._GAS231	SRR1609665	0
Afipia_sp._GAS231	SRR1609666	0
Afipia_sp._GAS231	SRR1609667	0
Afipia_sp._GAS231	SRR1609668	1
Afipia_sp._GAS231	SRR1609669	0
Afipia_sp._GAS231	SRR1746771	NA
Afipia_sp._GAS231	SRR1746772	NA
Afipia_sp._GAS231	SRR1746773	NA
Afipia_sp._GAS231	SRR1746774	NA
Afipia_sp._GAS231	SRR1746775	NA
Afipia_sp._GAS231	SRR1746776	NA
Afipia_sp._GAS231	SRR1746777	NA
Afipia_sp._GAS231	SRR1746778	NA
Afipia_sp._GAS231	SRR1746779	NA
Afipia_sp._GAS231	SRR1746780	NA
Afipia_sp._GAS231	SRR1746781	NA
Afipia_sp._GAS231	SRR1746782	NA
Afipia_sp._GAS231	SRR1746783	NA
Afipia_sp._GAS231	SRR1746784	NA
Afipia_sp._GAS231	SRR1782685	0
Afipia_sp._GAS231	SRR1782686	0
Afipia_sp._GAS231	SRR1782687	0
Afipia_sp._GAS231	SRR1782688	0
Afipia_sp._GAS231	SRR1782689	1
Afipia_sp._GAS231	SRR1782690	0
Afipia_sp._GAS231	SRR1782691	0
Afipia_sp._GAS231	SRR1782692	0
Afipia_sp._GAS231	SRR1782693	0
Afipia_sp._GAS231	SRR1782694	0
Afipia_sp._GAS231	SRR1782695	0
Afipia_sp._GAS231	SRR1782696	0
Afipia_sp._GAS231	SRR1782697	0
Afipia_sp._GAS231	SRR1782698	0
Afipia_sp._GAS231	SRR1782699	0
Afipia_sp._GAS231	SRR1782700	0
Afipia_sp._GAS231	SRR1782701	0
Afipia_sp._GAS231	SRR1782702	0
Afipia_sp._GAS231	SRR1782703	0
Afipia_sp._GAS231	SRR1782704	0
Afipia_sp._GAS231	SRR1782705	0
Afipia_sp._GAS231	SRR1782706	0
Afipia_sp._GAS231	SRR1782707	0
Afipia_sp._GAS231	SRR1782708	0
Afipia_sp._GAS231	SRR1782709	0
Afipia_sp._GAS231	SRR1782710	0
Afipia_sp._GAS231	SRR1782711	0
Afipia_sp._GAS231	SRR1782712	0
Afipia_sp._GAS231	SRR1782713	0
Afipia_sp._GAS231	SRR1782714	0
Afipia_sp._GAS231	SRR1782715	0
Afipia_sp._GAS231	SRR1782716	0
Afipia_sp._GAS231	SRR1782717	0
Afipia_sp._GAS231	SRR1782718	0
Afipia_sp._GAS231	SRR1782719	0
Afipia_sp._GAS231	SRR1782720	0
Afipia_sp._GAS231	SRR1782721	0
Afipia_sp._GAS231	SRR1782722	0
Afipia_sp._GAS231	SRR1782723	0
Afipia_sp._GAS231	SRR1782724	0
Afipia_sp._GAS231	SRR1782725	0
Afipia_sp._GAS231	SRR1782726	0
Afipia_sp._GAS231	SRR1782727	0
Afipia_sp._GAS231	SRR1782728	1
Afipia_sp._GAS231	SRR1782729	0
Afipia_sp._GAS231	SRR1782730	0
Afipia_sp._GAS231	SRR1782731	0
Afipia_sp._GAS231	SRR1782732	0
Afipia_sp._GAS231	SRR1782733	0
Afipia_sp._GAS231	SRR1782734	0
Afipia_sp._GAS231	SRR1782735	0
Afipia_sp._GAS231	SRR1782736	0
Afipia_sp._GAS231	SRR1782737	0
Afipia_sp._GAS231	SRR1782738	0
Afipia_sp._GAS231	SRR1782739	0
Afipia_sp._GAS231	SRR1782740	0
Afipia_sp._GAS231	SRR1782741	0
Afipia_sp._GAS231	SRR1782742	0
Afipia_sp._GAS231	SRR1782743	0
Afipia_sp._GAS231	SRR1782744	0
Afipia_sp._GAS231	SRR1782745	0
Afipia_sp._GAS231	SRR1782746	0
Afipia_sp._GAS231	SRR1782747	0
Afipia_sp._GAS231	SRR1782748	0
Afipia_sp._GAS231	SRR1782749	0
Afipia_sp._GAS231	SRR1782750	0
Afipia_sp._GAS231	SRR1782751	0
Afipia_sp._GAS231	SRR1782752	0
Afipia_sp._GAS231	SRR1782753	0
Afipia_sp._GAS231	SRR1782754	0
Afipia_sp._GAS231	SRR1782755	0
Afipia_sp._GAS231	SRR1782756	0
Afipia_sp._GAS231	SRR1782757	0
Afipia_sp._GAS231	SRR1782758	0
Afipia_sp._GAS231	SRR1782759	0
Afipia_sp._GAS231	SRR1782760	0
Afipia_sp._GAS231	SRR1782761	0
Afipia_sp._GAS231	SRR1782762	0
Afipia_sp._GAS231	SRR1782763	0
Afipia_sp._GAS231	SRR1782764	0
Afipia_sp._GAS231	SRR1782765	0
Afipia_sp._GAS231	SRR1782766	0
Afipia_sp._GAS231	SRR1782767	0
Afipia_sp._GAS231	SRR1782768	0
Afipia_sp._GAS231	SRR1782769	0
Afipia_sp._GAS231	SRR1782770	0
Afipia_sp._GAS231	SRR1782771	0
Afipia_sp._GAS231	SRR1782772	0
Afipia_sp._GAS231	SRR1782773	0
Afipia_sp._GAS231	SRR1782774	0
Afipia_sp._GAS231	SRR1782775	0
Afipia_sp._GAS231	SRR1782776	1
Afipia_sp._GAS231	SRR1782777	0
Afipia_sp._GAS231	SRR1782778	0
Afipia_sp._GAS231	SRR1782779	0
Afipia_sp._GAS231	SRR1782780	0
Afipia_sp._GAS231	SRR1782781	0
Afipia_sp._GAS231	SRR1782782	0
Afipia_sp._GAS231	SRR1782783	0
Afipia_sp._GAS231	SRR1782784	0
Afipia_sp._GAS231	SRR1782785	0
Afipia_sp._GAS231	SRR1782786	0
Afipia_sp._GAS231	SRR1782787	0
Afipia_sp._GAS231	SRR1782788	0
Afipia_sp._GAS231	SRR1782789	0
Afipia_sp._GAS231	SRR1782790	0
Afipia_sp._GAS231	SRR1782791	0
Afipia_sp._GAS231	SRR1782792	0
Afipia_sp._GAS231	SRR1782793	0
Afipia_sp._GAS231	SRR1782794	0
Afipia_sp._GAS231	SRR1782795	0
Afipia_sp._GAS231	SRR1782796	0
Afipia_sp._GAS231	SRR1782797	0
Afipia_sp._GAS231	SRR1782798	0
Afipia_sp._GAS231	SRR1782799	0
Afipia_sp._GAS231	SRR1782800	0
Afipia_sp._GAS231	SRR1782801	0
Afipia_sp._GAS231	SRR1782802	0
Afipia_sp._GAS231	SRR1782803	0
Afipia_sp._GAS231	SRR1782804	0
Afipia_sp._GAS231	SRR1782805	0
Afipia_sp._GAS231	SRR1782806	0
Afipia_sp._GAS231	SRR1782807	0
Afipia_sp._GAS231	SRR1782808	0
Afipia_sp._GAS231	SRR1782809	0
Afipia_sp._GAS231	SRR1782810	0
Afipia_sp._GAS231	SRR1782811	0
Afipia_sp._GAS231	SRR1782812	0
Afipia_sp._GAS231	SRR1782813	0
Afipia_sp._GAS231	SRR1782814	0
Afipia_sp._GAS231	SRR1782815	1
Afipia_sp._GAS231	SRR1782816	0
Afipia_sp._GAS231	SRR1782817	0
Afipia_sp._GAS231	SRR1782818	1
Afipia_sp._GAS231	SRR1782819	0
Afipia_sp._GAS231	SRR1782820	0
Afipia_sp._GAS231	SRR1782821	0
Afipia_sp._GAS231	SRR1782822	0
Afipia_sp._GAS231	SRR1782823	0
Afipia_sp._GAS231	SRR1782824	0
Afipia_sp._GAS231	SRR1782825	0
Afipia_sp._GAS231	SRR1782826	0
Afipia_sp._GAS231	SRR1782827	0
Afipia_sp._GAS231	SRR1782828	0
Afipia_sp._GAS231	SRR1782829	0
Afipia_sp._GAS231	SRR1782830	0
Afipia_sp._GAS231	SRR1782831	0
Afipia_sp._GAS231	SRR1782832	0
Afipia_sp._GAS231	SRR1782833	0
Afipia_sp._GAS231	SRR1782834	0
Afipia_sp._GAS231	SRR1782835	0
Afipia_sp._GAS231	SRR1782836	0
Afipia_sp._GAS231	SRR1782837	0
Afipia_sp._GAS231	SRR1782838	0
Afipia_sp._GAS231	SRR1782839	0
Afipia_sp._GAS231	SRR1782840	0
Afipia_sp._GAS231	SRR1782841	0
Afipia_sp._GAS231	SRR1782842	0
Afipia_sp._GAS231	SRR1782843	0
Afipia_sp._GAS231	SRR1782844	0
Afipia_sp._GAS231	SRR1782845	0
Afipia_sp._GAS231	SRR1782846	0
Afipia_sp._GAS231	SRR1782847	0
Afipia_sp._GAS231	SRR1782848	0
Afipia_sp._GAS231	SRR1782849	0
Afipia_sp._GAS231	SRR1782850	0
Afipia_sp._GAS231	SRR1782851	0
Afipia_sp._GAS231	SRR1782852	0
Afipia_sp._GAS231	SRR1782853	0
Afipia_sp._GAS231	SRR1782854	0
Afipia_sp._GAS231	SRR1782855	0
Afipia_sp._GAS231	SRR1782856	0
Afipia_sp._GAS231	SRR1782857	0
Afipia_sp._GAS231	SRR1782858	0
Afipia_sp._GAS231	SRR1782859	0
Afipia_sp._GAS231	SRR1782860	0
Afipia_sp._GAS231	SRR1782861	0
Afipia_sp._GAS231	SRR1782862	0
Afipia_sp._GAS231	SRR1782863	0
Afipia_sp._GAS231	SRR1782864	0
Afipia_sp._GAS231	SRR1782865	0
Afipia_sp._GAS231	SRR1782866	0
Afipia_sp._GAS231	SRR1782867	0
Afipia_sp._GAS231	SRR1782868	0
Afipia_sp._GAS231	SRR1782869	0
Afipia_sp._GAS231	SRR1782870	0
Afipia_sp._GAS231	SRR1782871	0
Afipia_sp._GAS231	SRR1782872	0
Afipia_sp._GAS231	SRR1782873	0
Afipia_sp._GAS231	SRR1782874	0
Afipia_sp._GAS231	SRR1782875	0
Afipia_sp._GAS231	SRR1782876	0
Afipia_sp._GAS231	SRR1782877	0
Afipia_sp._GAS231	SRR1782878	0
Afipia_sp._GAS231	SRR1782879	0
Afipia_sp._GAS231	SRR1782880	0
Afipia_sp._GAS231	SRR1782881	0
Afipia_sp._GAS231	SRR1782882	0
Afipia_sp._GAS231	SRR1782883	0
Afipia_sp._GAS231	SRR1782884	0
Afipia_sp._GAS231	SRR1782885	0
Afipia_sp._GAS231	SRR1782886	0
Afipia_sp._GAS231	SRR1782887	0
Afipia_sp._GAS231	SRR1782888	0
Afipia_sp._GAS231	SRR1782889	0
Afipia_sp._GAS231	SRR1782890	0
Afipia_sp._GAS231	SRR1782891	0
Afipia_sp._GAS231	SRR1782892	0
Afipia_sp._GAS231	SRR1782893	0
Afipia_sp._GAS231	SRR1782894	0
Afipia_sp._GAS231	SRR1782895	0
Afipia_sp._GAS231	SRR1782896	0
Afipia_sp._GAS231	SRR1782897	0
Afipia_sp._GAS231	SRR1782898	0
Afipia_sp._GAS231	SRR1782899	0
Afipia_sp._GAS231	SRR1782900	0
Afipia_sp._GAS231	SRR1782901	0
Afipia_sp._GAS231	SRR1782902	0
Afipia_sp._GAS231	SRR1782903	0
Afipia_sp._GAS231	SRR1782904	0
Afipia_sp._GAS231	SRR1782905	0
Afipia_sp._GAS231	SRR1782906	0
Afipia_sp._GAS231	SRR1782907	0
Afipia_sp._GAS231	SRR1782908	0
Afipia_sp._GAS231	SRR1782909	0
Afipia_sp._GAS231	SRR1782910	0
Afipia_sp._GAS231	SRR1782911	0
Afipia_sp._GAS231	SRR1782912	0
Afipia_sp._GAS231	SRR1782913	0
Afipia_sp._GAS231	SRR1782914	0
Afipia_sp._GAS231	SRR1782915	0
Afipia_sp._GAS231	SRR1782916	0
Afipia_sp._GAS231	SRR1782917	0
Afipia_sp._GAS231	SRR1782918	0
Afipia_sp._GAS231	SRR1782919	0
Afipia_sp._GAS231	SRR1782920	0
Afipia_sp._GAS231	SRR1782921	0
Afipia_sp._GAS231	SRR1782922	0
Afipia_sp._GAS231	SRR1782923	0
Afipia_sp._GAS231	SRR1782924	0
Afipia_sp._GAS231	SRR1782925	0
Afipia_sp._GAS231	SRR1782926	0
Afipia_sp._GAS231	SRR1782927	0
Afipia_sp._GAS231	SRR1782928	0
Afipia_sp._GAS231	SRR1782929	0
Afipia_sp._GAS231	SRR1782930	0
Afipia_sp._GAS231	SRR1782931	0
Afipia_sp._GAS231	SRR1782932	0
Afipia_sp._GAS231	SRR1782933	0
Afipia_sp._GAS231	SRR1782934	0
Afipia_sp._GAS231	SRR1782935	0
Afipia_sp._GAS231	SRR1782936	0
Afipia_sp._GAS231	SRR1782937	0
Afipia_sp._GAS231	SRR1782938	0
Afipia_sp._GAS231	SRR1782939	0
Afipia_sp._GAS231	SRR1782940	0
Afipia_sp._GAS231	SRR1782941	0
Afipia_sp._GAS231	SRR1782942	0
Afipia_sp._GAS231	SRR1782943	0
Afipia_sp._GAS231	SRR1782944	0
Afipia_sp._GAS231	SRR1782945	0
Afipia_sp._GAS231	SRR1782946	0
Afipia_sp._GAS231	SRR1782947	0
Afipia_sp._GAS231	SRR1782948	0
Afipia_sp._GAS231	SRR1782949	0
Afipia_sp._GAS231	SRR1782950	0
Afipia_sp._GAS231	SRR1782951	0
Afipia_sp._GAS231	SRR1782952	0
Afipia_sp._GAS231	SRR1782953	0
Afipia_sp._GAS231	SRR1782954	1
Afipia_sp._GAS231	SRR1782955	0
Afipia_sp._GAS231	SRR1782956	0
Afipia_sp._GAS231	SRR1782957	0
Afipia_sp._GAS231	SRR1782958	0
Afipia_sp._GAS231	SRR1782959	0
Afipia_sp._GAS231	SRR1782960	0
Afipia_sp._GAS231	SRR1782961	0
Afipia_sp._GAS231	SRR1782962	0
Afipia_sp._GAS231	SRR1782963	0
Afipia_sp._GAS231	SRR1782964	0
Afipia_sp._GAS231	SRR1782965	0
Afipia_sp._GAS231	SRR1782966	0
Afipia_sp._GAS231	SRR1782967	0
Afipia_sp._GAS231	SRR1782968	0
Afipia_sp._GAS231	SRR1782969	0
Afipia_sp._GAS231	SRR1782970	0
Afipia_sp._GAS231	SRR1782971	0
Afipia_sp._GAS231	SRR1782972	0
Afipia_sp._GAS231	SRR1782973	0
Afipia_sp._GAS231	SRR1782974	0
Afipia_sp._GAS231	SRR1782975	0
Afipia_sp._GAS231	SRR1782976	0
Afipia_sp._GAS231	SRR1782977	0
Afipia_sp._GAS231	SRR1782978	0
Afipia_sp._GAS231	SRR1782979	0
Afipia_sp._GAS231	SRR1782980	0
Afipia_sp._GAS231	SRR1782981	0
Afipia_sp._GAS231	SRR1782982	0
Afipia_sp._GAS231	SRR1782983	0
Afipia_sp._GAS231	SRR1782984	0
Afipia_sp._GAS231	SRR1782985	0
Afipia_sp._GAS231	SRR1782986	0
Afipia_sp._GAS231	SRR1782987	0
Afipia_sp._GAS231	SRR1782988	0
Afipia_sp._GAS231	SRR1782989	0
Afipia_sp._GAS231	SRR1782990	0
Afipia_sp._GAS231	SRR1782991	0
Afipia_sp._GAS231	SRR1782992	0
Afipia_sp._GAS231	SRR1782993	0
Afipia_sp._GAS231	SRR1782994	0
Afipia_sp._GAS231	SRR1782995	0
Afipia_sp._GAS231	SRR1782996	0
Afipia_sp._GAS231	SRR1782997	0
Afipia_sp._GAS231	SRR1782998	0
Afipia_sp._GAS231	SRR1782999	0
Afipia_sp._GAS231	SRR1783000	0
Afipia_sp._GAS231	SRR1783001	0
Afipia_sp._GAS231	SRR1783002	0
Afipia_sp._GAS231	SRR1783003	0
Afipia_sp._GAS231	SRR1783004	0
Afipia_sp._GAS231	SRR1783005	0
Afipia_sp._GAS231	SRR1783006	0
Afipia_sp._GAS231	SRR1813867	NA
Afipia_sp._GAS231	SRR1813868	NA
Afipia_sp._GAS231	SRR1813869	NA
Afipia_sp._GAS231	SRR1813870	NA
Afipia_sp._GAS231	SRR1813871	NA
Afipia_sp._GAS231	SRR1813872	NA
Afipia_sp._GAS231	SRR1813873	NA
Afipia_sp._GAS231	SRR1813874	NA
Afipia_sp._GAS231	SRR1813875	NA
Afipia_sp._GAS231	SRR1813876	NA
Afipia_sp._GAS231	SRR1813877	NA
Afipia_sp._GAS231	SRR1813878	NA
Afipia_sp._GAS231	SRR1813879	NA
Afipia_sp._GAS231	SRR1813880	NA
Afipia_sp._GAS231	SRR1813881	NA
Afipia_sp._GAS231	SRR1813882	NA
Afipia_sp._GAS231	SRR1813883	NA
Afipia_sp._GAS231	SRR1813884	NA
Afipia_sp._GAS231	SRR1813885	NA
Afipia_sp._GAS231	SRR1813886	NA
Afipia_sp._GAS231	SRR1813887	NA
Afipia_sp._GAS231	SRR1928188	NA
Afipia_sp._GAS231	SRR1928189	NA
Afipia_sp._GAS231	SRR1928190	NA
Afipia_sp._GAS231	SRR1928191	NA
Afipia_sp._GAS231	SRR1928192	NA
Afipia_sp._GAS231	SRR1928193	NA
Afipia_sp._GAS231	SRR2046996	0
Afipia_sp._GAS231	SRR2046997	0
Afipia_sp._GAS231	SRR2046998	0
Afipia_sp._GAS231	SRR2046999	0
Afipia_sp._GAS231	SRR2047000	0
Afipia_sp._GAS231	SRR2047001	0
Afipia_sp._GAS231	SRR2047002	0
Afipia_sp._GAS231	SRR2047003	0
Afipia_sp._GAS231	SRR2047004	0
Afipia_sp._GAS231	SRR2047005	0
Afipia_sp._GAS231	SRR2047006	0
Afipia_sp._GAS231	SRR2047007	0
Afipia_sp._GAS231	SRR2047008	0
Afipia_sp._GAS231	SRR2047009	0
Afipia_sp._GAS231	SRR2313973	NA
Afipia_sp._GAS231	SRR2313974	NA
Afipia_sp._GAS231	SRR2313975	NA
Afipia_sp._GAS231	SRR2313976	NA
Afipia_sp._GAS231	SRR2313977	NA
Afipia_sp._GAS231	SRR2313978	NA
Afipia_sp._GAS231	SRR2313979	NA
Afipia_sp._GAS231	SRR2313980	NA
Afipia_sp._GAS231	SRR2313981	NA
Afipia_sp._GAS231	SRR2313982	NA
Afipia_sp._GAS231	SRR2313983	NA
Afipia_sp._GAS231	SRR2313984	NA
Afipia_sp._GAS231	SRR2313985	NA
Afipia_sp._GAS231	SRR2313986	NA
Afipia_sp._GAS231	SRR2313987	NA
Afipia_sp._GAS231	SRR2313988	NA
Afipia_sp._GAS231	SRR2313989	NA
Afipia_sp._GAS231	SRR2313990	NA
Afipia_sp._GAS231	SRR2313991	NA
Afipia_sp._GAS231	SRR2313992	NA
Afipia_sp._GAS231	SRR2313993	NA
Afipia_sp._GAS231	SRR2313994	NA
Afipia_sp._GAS231	SRR2313995	NA
Afipia_sp._GAS231	SRR2313996	NA
Afipia_sp._GAS231	SRR2313997	NA
Afipia_sp._GAS231	SRR2313998	NA
Afipia_sp._GAS231	SRR2313999	NA
Afipia_sp._GAS231	SRR2314000	NA
Afipia_sp._GAS231	SRR2314001	NA
Afipia_sp._GAS231	SRR2314002	NA
Afipia_sp._GAS231	SRR2314003	NA
Afipia_sp._GAS231	SRR2314004	NA
Afipia_sp._GAS231	SRR2314005	NA
Afipia_sp._GAS231	SRR2314006	NA
Afipia_sp._GAS231	SRR2314007	NA
Afipia_sp._GAS231	SRR2314008	NA
Afipia_sp._GAS231	SRR2314009	NA
Afipia_sp._GAS231	SRR2314010	NA
Afipia_sp._GAS231	SRR2314011	NA
Afipia_sp._GAS231	SRR2314012	NA
Afipia_sp._GAS231	SRR2314013	NA
Afipia_sp._GAS231	SRR2314014	NA
Afipia_sp._GAS231	SRR2314015	NA
Afipia_sp._GAS231	SRR2314016	NA
Afipia_sp._GAS231	SRR2314017	NA
Afipia_sp._GAS231	SRR2314018	NA
Afipia_sp._GAS231	SRR2314019	NA
Afipia_sp._GAS231	SRR2314020	NA
Afipia_sp._GAS231	SRR2314021	NA
Afipia_sp._GAS231	SRR2314022	NA
Afipia_sp._GAS231	SRR2314023	NA
Afipia_sp._GAS231	SRR2314024	NA
Afipia_sp._GAS231	SRR2314025	NA
Afipia_sp._GAS231	SRR2314026	NA
Afipia_sp._GAS231	SRR2314027	NA
Afipia_sp._GAS231	SRR2314028	NA
Afipia_sp._GAS231	SRR2314029	NA
Afipia_sp._GAS231	SRR2314030	NA
Afipia_sp._GAS231	SRR2314031	NA
Afipia_sp._GAS231	SRR2314032	NA
Afipia_sp._GAS231	SRR2314033	NA
Afipia_sp._GAS231	SRR2314034	NA
Afipia_sp._GAS231	SRR2314035	NA
Afipia_sp._GAS231	SRR2314036	NA
Afipia_sp._GAS231	SRR2314037	NA
Afipia_sp._GAS231	SRR2314038	NA
Afipia_sp._GAS231	SRR2314039	NA
Afipia_sp._GAS231	SRR2314040	NA
Afipia_sp._GAS231	SRR2314041	NA
Afipia_sp._GAS231	SRR2314042	NA
Afipia_sp._GAS231	SRR2314043	NA
Afipia_sp._GAS231	SRR2314044	NA
Afipia_sp._GAS231	SRR2314045	NA
Afipia_sp._GAS231	SRR3493774	0
Afipia_sp._GAS231	SRR3493775	0
Afipia_sp._GAS231	SRR3493776	0
Afipia_sp._GAS231	SRR3493777	0
Afipia_sp._GAS231	SRR3493778	0
Afipia_sp._GAS231	SRR3493779	0
Afipia_sp._GAS231	SRR3493780	0
Afipia_sp._GAS231	SRR3493781	0
Afipia_sp._GAS231	SRR3493782	0
Afipia_sp._GAS231	SRR3493783	0
Afipia_sp._GAS231	SRR3493784	0
Afipia_sp._GAS231	SRR3493785	0
Afipia_sp._GAS231	SRR3493786	0
Afipia_sp._GAS231	SRR3493787	0
Afipia_sp._GAS231	SRR3493788	0
Afipia_sp._GAS231	SRR3493789	0
Afipia_sp._GAS231	SRR3493790	1
Afipia_sp._GAS231	SRR3493791	0
Afipia_sp._GAS231	SRR3493792	0
Afipia_sp._GAS231	SRR3493793	0
Afipia_sp._GAS231	SRR3493794	0
Afipia_sp._GAS231	SRR3493795	0
Afipia_sp._GAS231	SRR3493796	0
Afipia_sp._GAS231	SRR3493797	0
Afipia_sp._GAS231	SRR3493798	0
Afipia_sp._GAS231	SRR3493799	0
Afipia_sp._GAS231	SRR3493800	0
Afipia_sp._GAS231	SRR3493801	0
Afipia_sp._GAS231	SRR3493802	0
Afipia_sp._GAS231	SRR3493803	0
Afipia_sp._GAS231	SRR3493804	0
Afipia_sp._GAS231	SRR3493805	0
Afipia_sp._GAS231	SRR3493806	0
Afipia_sp._GAS231	SRR3493807	0
Afipia_sp._GAS231	SRR3493808	0
Afipia_sp._GAS231	SRR3493809	0
Afipia_sp._GAS231	SRR3493810	0
Afipia_sp._GAS231	SRR3493811	0
Afipia_sp._GAS231	SRR3493812	0
Afipia_sp._GAS231	SRR3493813	0
Afipia_sp._GAS231	SRR3493814	0
Afipia_sp._GAS231	SRR3493815	0
Afipia_sp._GAS231	SRR3493816	0
Afipia_sp._GAS231	SRR3493817	1
Afipia_sp._GAS231	SRR3493818	0
Afipia_sp._GAS231	SRR3493819	0
Afipia_sp._GAS231	SRR3493820	0
Afipia_sp._GAS231	SRR3493821	1
Afipia_sp._GAS231	SRR3493822	0
Afipia_sp._GAS231	SRR3493823	0
Afipia_sp._GAS231	SRR3493824	0
Afipia_sp._GAS231	SRR3493825	0
Afipia_sp._GAS231	SRR3493826	0
Afipia_sp._GAS231	SRR3493827	0
Afipia_sp._GAS231	SRR3493828	0
Afipia_sp._GAS231	SRR3493829	0
Afipia_sp._GAS231	SRR3493830	0
Afipia_sp._GAS231	SRR3493831	0
Afipia_sp._GAS231	SRR3493832	0
Afipia_sp._GAS231	SRR3493833	0
Afipia_sp._GAS231	SRR3493834	0
Afipia_sp._GAS231	SRR3493835	0
Afipia_sp._GAS231	SRR3493836	0
Afipia_sp._GAS231	SRR3493837	9
Afipia_sp._GAS231	SRR3493838	0
Afipia_sp._GAS231	SRR3493839	0
Afipia_sp._GAS231	SRR3493840	0
Afipia_sp._GAS231	SRR3493841	0
Afipia_sp._GAS231	SRR3493846	0
Afipia_sp._GAS231	SRR3493847	0
Afipia_sp._GAS231	SRR3493848	0
Afipia_sp._GAS231	SRR3493849	0
Afipia_sp._GAS231	SRR3493850	0
Afipia_sp._GAS231	SRR3714631	NA
Afipia_sp._GAS231	SRR3714632	NA
Afipia_sp._GAS231	SRR3714633	NA
Afipia_sp._GAS231	SRR3714634	NA
Afipia_sp._GAS231	SRR3714635	NA
Afipia_sp._GAS231	SRR3714636	NA
Afipia_sp._GAS231	SRR3714637	NA
Afipia_sp._GAS231	SRR3714638	NA
Afipia_sp._GAS231	SRR3714639	NA
Afipia_sp._GAS231	SRR3714640	NA
Afipia_sp._GAS231	SRR3714641	NA
Afipia_sp._GAS231	SRR3714642	NA
Afipia_sp._GAS231	SRR3714643	NA
Afipia_sp._GAS231	SRR3714644	NA
Afipia_sp._GAS231	SRR3714645	NA
Afipia_sp._GAS231	SRR3714646	NA
Afipia_sp._GAS231	SRR3714648	NA
Afipia_sp._GAS231	SRR3714649	NA
Afipia_sp._GAS231	SRR3714650	NA
Afipia_sp._GAS231	SRR3714651	NA
Afipia_sp._GAS231	SRR3714652	NA
Afipia_sp._GAS231	SRR3714653	NA
Afipia_sp._GAS231	SRR3714654	NA
Afipia_sp._GAS231	SRR3714655	NA
Afipia_sp._GAS231	SRR3714656	NA
Afipia_sp._GAS231	SRR3714657	NA
Afipia_sp._GAS231	SRR3714658	NA
Afipia_sp._GAS231	SRR3714659	NA
Afipia_sp._GAS231	SRR3714660	NA
Afipia_sp._GAS231	SRR3714661	NA
Afipia_sp._GAS231	SRR3714662	NA
Afipia_sp._GAS231	SRR3714663	NA
Afipia_sp._GAS231	SRR3714664	NA
Afipia_sp._GAS231	SRR3714665	NA
Afipia_sp._GAS231	SRR3714666	NA
Afipia_sp._GAS231	SRR3714667	NA
Afipia_sp._GAS231	SRR3714668	NA
Afipia_sp._GAS231	SRR3714669	NA
Afipia_sp._GAS231	SRR3714670	NA
Afipia_sp._GAS231	SRR3714671	NA
Afipia_sp._GAS231	SRR3714672	NA
Afipia_sp._GAS231	SRR3714673	NA
Afipia_sp._GAS231	SRR3714674	NA
Afipia_sp._GAS231	SRR3714675	NA
Afipia_sp._GAS231	SRR3714676	NA
Afipia_sp._GAS231	SRR3714677	NA
Afipia_sp._GAS231	SRR3714678	NA
Afipia_sp._GAS231	SRR3714679	NA
Afipia_sp._GAS231	SRR3714680	NA
Afipia_sp._GAS231	SRR3714681	NA
Afipia_sp._GAS231	SRR3714682	NA
Afipia_sp._GAS231	SRR3714683	NA
Afipia_sp._GAS231	SRR3714684	NA
Afipia_sp._GAS231	SRR3714685	NA
Afipia_sp._GAS231	SRR3714686	NA
Afipia_sp._GAS231	SRR3714688	NA
Afipia_sp._GAS231	SRR3714689	NA
Afipia_sp._GAS231	SRR3714690	NA
Afipia_sp._GAS231	SRR3714691	NA
Afipia_sp._GAS231	SRR3714692	NA
Afipia_sp._GAS231	SRR3714693	NA
Afipia_sp._GAS231	SRR3714694	NA
Afipia_sp._GAS231	SRR3714695	NA
Afipia_sp._GAS231	SRR3714696	NA
Afipia_sp._GAS231	SRR3714697	NA
Afipia_sp._GAS231	SRR3714698	NA
Afipia_sp._GAS231	SRR3714699	NA
Afipia_sp._GAS231	SRR3714700	NA
Afipia_sp._GAS231	SRR3714701	NA
Afipia_sp._GAS231	SRR3714702	NA
Afipia_sp._GAS231	SRR3714703	NA
Afipia_sp._GAS231	SRR3714704	NA
Afipia_sp._GAS231	SRR3714705	NA
Afipia_sp._GAS231	SRR3714706	NA
Afipia_sp._GAS231	SRR3714707	NA
Afipia_sp._GAS231	SRR3714708	NA
Afipia_sp._GAS231	SRR3714709	NA
Afipia_sp._GAS231	SRR3714710	NA
Afipia_sp._GAS231	SRR3714711	NA
Afipia_sp._GAS231	SRR3714712	NA
Afipia_sp._GAS231	SRR3714713	NA
Afipia_sp._GAS231	SRR3714714	NA
Afipia_sp._GAS231	SRR3714715	NA
Afipia_sp._GAS231	SRR3714716	NA
Afipia_sp._GAS231	SRR3714717	NA
Afipia_sp._GAS231	SRR3714718	NA
Afipia_sp._GAS231	SRR3714719	NA
Afipia_sp._GAS231	SRR3714720	NA
Afipia_sp._GAS231	SRR3714721	NA
Afipia_sp._GAS231	SRR3714723	NA
Afipia_sp._GAS231	SRR3714724	NA
Afipia_sp._GAS231	SRR3714725	NA
Afipia_sp._GAS231	SRR3714726	NA
Afipia_sp._GAS231	SRR3714727	NA
Afipia_sp._GAS231	SRR3714728	NA
Afipia_sp._GAS231	SRR3714729	NA
Afipia_sp._GAS231	SRR3714730	NA
Afipia_sp._GAS231	SRR3714731	NA
Afipia_sp._GAS231	SRR3714732	NA
Afipia_sp._GAS231	SRR3714734	NA
Afipia_sp._GAS231	SRR3714735	NA
Afipia_sp._GAS231	SRR3714736	NA
Afipia_sp._GAS231	SRR3714737	NA
Afipia_sp._GAS231	SRR3714738	NA
Afipia_sp._GAS231	SRR3714739	NA
Afipia_sp._GAS231	SRR3714740	NA
Afipia_sp._GAS231	SRR3714741	NA
Afipia_sp._GAS231	SRR3714744	NA
Afipia_sp._GAS231	SRR3714745	NA
Afipia_sp._GAS231	SRR3714746	NA
Afipia_sp._GAS231	SRR3714747	NA
Afipia_sp._GAS231	SRR3714748	NA
Afipia_sp._GAS231	SRR3714749	NA
Afipia_sp._GAS231	SRR3714750	NA
Afipia_sp._GAS231	SRR3714751	NA
Afipia_sp._GAS231	SRR3714752	NA
Afipia_sp._GAS231	SRR3714753	NA
Afipia_sp._GAS231	SRR3714754	NA
Afipia_sp._GAS231	SRR3714755	NA
Afipia_sp._GAS231	SRR3714756	NA
Afipia_sp._GAS231	SRR3714757	NA
Afipia_sp._GAS231	SRR3714758	NA
Afipia_sp._GAS231	SRR3714759	NA
Afipia_sp._GAS231	SRR3714760	NA
Afipia_sp._GAS231	SRR3714761	NA
Afipia_sp._GAS231	SRR3714762	NA
Afipia_sp._GAS231	SRR3714764	NA
Afipia_sp._GAS231	SRR3714765	NA
Afipia_sp._GAS231	SRR3714766	NA
Afipia_sp._GAS231	SRR3714767	NA
Afipia_sp._GAS231	SRR3714768	NA
Afipia_sp._GAS231	SRR5176628	0
Afipia_sp._GAS231	SRR5176629	0
Afipia_sp._GAS231	SRR5176630	0
Afipia_sp._GAS231	SRR5176631	0
Afipia_sp._GAS231	SRR5176632	0
Afipia_sp._GAS231	SRR5176633	0
Afipia_sp._GAS231	SRR5176634	0
Afipia_sp._GAS231	SRR5176635	0
Afipia_sp._GAS231	SRR5176636	0
Afipia_sp._GAS231	SRR5176637	0
Afipia_sp._GAS231	SRR5176638	0
Afipia_sp._GAS231	SRR5176639	0
Afipia_sp._GAS231	SRR5176640	0
Afipia_sp._GAS231	SRR5176641	0
Afipia_sp._GAS231	SRR5176642	0
Afipia_sp._GAS231	SRR5176643	0
Afipia_sp._GAS231	SRR5176644	0
Afipia_sp._GAS231	SRR5176645	0
Afipia_sp._GAS231	SRR5176646	0
Afipia_sp._GAS231	SRR5176647	0
Afipia_sp._GAS231	SRR5176648	0
Afipia_sp._GAS231	SRR5176649	0
Afipia_sp._GAS231	SRR5176650	0
Afipia_sp._GAS231	SRR5176651	0
Afipia_sp._GAS231	SRR5176652	0
Afipia_sp._GAS231	SRR5176653	0
Afipia_sp._GAS231	SRR5176654	0
Afipia_sp._GAS231	SRR5176655	0
Afipia_sp._GAS231	SRR5176656	0
Afipia_sp._GAS231	SRR5176657	0
Afipia_sp._GAS231	SRR5176658	0
Afipia_sp._GAS231	SRR5176659	0
Afipia_sp._GAS231	SRR5176660	0
Afipia_sp._GAS231	SRR5176661	0
Afipia_sp._GAS231	SRR5176662	0
Afipia_sp._GAS231	SRR5176663	0
Afipia_sp._GAS231	SRR5176664	0
Afipia_sp._GAS231	SRR5176665	0
Afipia_sp._GAS231	SRR5176666	0
Afipia_sp._GAS231	SRR5176667	0
Afipia_sp._GAS231	SRR5176668	0
Afipia_sp._GAS231	SRR5176669	0
Afipia_sp._GAS231	SRR5176670	0
Afipia_sp._GAS231	SRR5176671	0
Afipia_sp._GAS231	SRR5176672	0
Afipia_sp._GAS231	SRR5176673	0
Afipia_sp._GAS231	SRR5176674	0
Afipia_sp._GAS231	SRR5176675	0
Afipia_sp._GAS231	SRR5176676	0
Afipia_sp._GAS231	SRR5176677	0
Afipia_sp._GAS231	SRR5176678	0
Afipia_sp._GAS231	SRR5176679	0
Afipia_sp._GAS231	SRR5176680	0
Afipia_sp._GAS231	SRR5176681	0
Afipia_sp._GAS231	SRR5176682	0
Afipia_sp._GAS231	SRR5176683	0
Afipia_sp._GAS231	SRR5176684	0
Afipia_sp._GAS231	SRR5176685	0
Afipia_sp._GAS231	SRR5176686	0
Afipia_sp._GAS231	SRR5176687	0
Afipia_sp._GAS231	SRR5176688	0
Afipia_sp._GAS231	SRR5176689	0
Afipia_sp._GAS231	SRR5176690	0
Afipia_sp._GAS231	SRR5176691	0
Afipia_sp._GAS231	SRR5176692	0
Afipia_sp._GAS231	SRR5176693	0
Afipia_sp._GAS231	SRR5176694	0
Afipia_sp._GAS231	SRR5176695	0
Afipia_sp._GAS231	SRR5176696	1
Afipia_sp._GAS231	SRR5176697	0
Afipia_sp._GAS231	SRR5176698	0
Afipia_sp._GAS231	SRR5176699	0
Afipia_sp._GAS231	SRR5176700	0
Afipia_sp._GAS231	SRR5176701	0
Afipia_sp._GAS231	SRR5176702	0
Afipia_sp._GAS231	SRR5176703	0
Afipia_sp._GAS231	SRR5176704	0
Afipia_sp._GAS231	SRR5176705	0
Afipia_sp._GAS231	SRR5176706	0
Afipia_sp._GAS231	SRR5176707	0
Afipia_sp._GAS231	SRR5176708	0
Afipia_sp._GAS231	SRR5176709	0
Afipia_sp._GAS231	SRR5176710	0
Afipia_sp._GAS231	SRR5176711	0
Afipia_sp._GAS231	SRR5176712	0
Afipia_sp._GAS231	SRR5176713	0
Afipia_sp._GAS231	SRR5176714	0
Afipia_sp._GAS231	SRR5176715	0
Afipia_sp._GAS231	SRR5176716	0
Afipia_sp._GAS231	SRR5176717	0
Afipia_sp._GAS231	SRR5176718	0
Afipia_sp._GAS231	SRR5176719	0
Afipia_sp._GAS231	SRR5176720	0
Afipia_sp._GAS231	SRR5176721	0
Afipia_sp._GAS231	SRR5176722	0
Afipia_sp._GAS231	SRR5176723	0
Afipia_sp._GAS231	SRR5176724	0
Afipia_sp._GAS231	SRR5176725	0
Afipia_sp._GAS231	SRR5176726	0
Afipia_sp._GAS231	SRR5176727	0
Afipia_sp._GAS231	SRR5176728	0
Afipia_sp._GAS231	SRR5176729	0
Afipia_sp._GAS231	SRR5176730	0
Afipia_sp._GAS231	SRR5176731	0
Afipia_sp._GAS231	SRR5176732	0
Afipia_sp._GAS231	SRR5176733	0
Afipia_sp._GAS231	SRR5176734	0
Afipia_sp._GAS231	SRR5176735	0
Afipia_sp._GAS231	SRR5176736	0
Afipia_sp._GAS231	SRR5176737	0
Afipia_sp._GAS231	SRR5176738	0
Afipia_sp._GAS231	SRR5176739	0
Afipia_sp._GAS231	SRR5176740	0
Afipia_sp._GAS231	SRR5176741	0
Afipia_sp._GAS231	SRR5176742	1
Afipia_sp._GAS231	SRR5176743	0
Afipia_sp._GAS231	SRR5176744	0
Afipia_sp._GAS231	SRR5176745	0
Afipia_sp._GAS231	SRR5176746	0
Afipia_sp._GAS231	SRR5176747	0
Afipia_sp._GAS231	SRR5176748	0
Afipia_sp._GAS231	SRR5176749	0
Afipia_sp._GAS231	SRR5176750	0
Afipia_sp._GAS231	SRR5176751	0
Afipia_sp._GAS231	SRR5176752	0
Afipia_sp._GAS231	SRR5176753	0
Afipia_sp._GAS231	SRR5176754	0
Afipia_sp._GAS231	SRR5176755	0
Afipia_sp._GAS231	SRR5176756	0
Afipia_sp._GAS231	SRR5176757	0
Afipia_sp._GAS231	SRR5176758	0
Afipia_sp._GAS231	SRR5176759	0
Afipia_sp._GAS231	SRR5176760	0
Afipia_sp._GAS231	SRR5176761	0
Afipia_sp._GAS231	SRR5176762	0
Afipia_sp._GAS231	SRR5176763	0
Afipia_sp._GAS231	SRR5176764	0
Afipia_sp._GAS231	SRR5176765	0
Afipia_sp._GAS231	SRR5176766	0
Afipia_sp._GAS231	SRR5176767	0
Afipia_sp._GAS231	SRR5176768	0
Afipia_sp._GAS231	SRR5176769	0
Afipia_sp._GAS231	SRR5176770	0
Afipia_sp._GAS231	SRR5176771	0
Afipia_sp._GAS231	SRR5176772	0
Afipia_sp._GAS231	SRR5176773	0
Afipia_sp._GAS231	SRR5176774	0
Afipia_sp._GAS231	SRR5176775	0
Afipia_sp._GAS231	SRR5176776	0
Afipia_sp._GAS231	SRR5176777	0
Afipia_sp._GAS231	SRR5176778	0
Afipia_sp._GAS231	SRR5176779	0
Afipia_sp._GAS231	SRR5176780	0
Afipia_sp._GAS231	SRR5176781	0
Afipia_sp._GAS231	SRR5176782	0
Afipia_sp._GAS231	SRR5176783	0
Afipia_sp._GAS231	SRR5176784	0
Afipia_sp._GAS231	SRR5176785	0
Afipia_sp._GAS231	SRR5176786	0
Afipia_sp._GAS231	SRR5176787	0
Afipia_sp._GAS231	SRR5176788	0
Afipia_sp._GAS231	SRR5176789	0
Afipia_sp._GAS231	SRR5176790	0
Afipia_sp._GAS231	SRR5176791	0
Afipia_sp._GAS231	SRR5176792	0
Afipia_sp._GAS231	SRR5176793	0
Afipia_sp._GAS231	SRR5176794	0
Afipia_sp._GAS231	SRR5176795	0
Afipia_sp._GAS231	SRR5176796	0
Afipia_sp._GAS231	SRR5176797	0
Afipia_sp._GAS231	SRR5176798	0
Afipia_sp._GAS231	SRR5176799	0
Afipia_sp._GAS231	SRR5176800	0
Afipia_sp._GAS231	SRR5176801	1
Afipia_sp._GAS231	SRR5176802	0
Afipia_sp._GAS231	SRR5176803	0
Afipia_sp._GAS231	SRR5176804	0
Afipia_sp._GAS231	SRR5176805	0
Afipia_sp._GAS231	SRR5176806	0
Afipia_sp._GAS231	SRR5176807	0
Afipia_sp._GAS231	SRR5176808	0
Afipia_sp._GAS231	SRR5176809	0
Afipia_sp._GAS231	SRR5176810	0
Afipia_sp._GAS231	SRR5176811	0
Afipia_sp._GAS231	SRR5176812	0
Afipia_sp._GAS231	SRR5176813	0
Afipia_sp._GAS231	SRR5176814	0
Afipia_sp._GAS231	SRR5176815	0
Afipia_sp._GAS231	SRR5176816	0
Afipia_sp._GAS231	SRR5176817	0
Afipia_sp._GAS231	SRR5176818	0
Afipia_sp._GAS231	SRR5176819	0
Afipia_sp._GAS231	SRR5176820	0
Afipia_sp._GAS231	SRR5176821	0
Afipia_sp._GAS231	SRR5176822	0
Afipia_sp._GAS231	SRR5176823	0
Afipia_sp._GAS231	SRR5176824	0
Afipia_sp._GAS231	SRR5176825	0
Afipia_sp._GAS231	SRR5176826	0
Afipia_sp._GAS231	SRR5176827	0
Afipia_sp._GAS231	SRR5176828	0
Afipia_sp._GAS231	SRR5176829	0
Afipia_sp._GAS231	SRR5176830	0
Afipia_sp._GAS231	SRR5176831	0
Afipia_sp._GAS231	SRR5176832	0
Afipia_sp._GAS231	SRR5176833	0
Afipia_sp._GAS231	SRR5176834	0
Afipia_sp._GAS231	SRR5176835	0
Afipia_sp._GAS231	SRR5176836	0
Afipia_sp._GAS231	SRR5176837	0
Afipia_sp._GAS231	SRR5176838	0
Afipia_sp._GAS231	SRR5176839	0
Afipia_sp._GAS231	SRR5176840	0
Afipia_sp._GAS231	SRR5176841	0
Afipia_sp._GAS231	SRR5176842	0
Afipia_sp._GAS231	SRR5176843	0
Afipia_sp._GAS231	SRR5176844	0
Afipia_sp._GAS231	SRR5176845	0
Afipia_sp._GAS231	SRR5176846	0
Afipia_sp._GAS231	SRR5176847	0
Afipia_sp._GAS231	SRR5176848	0
Afipia_sp._GAS231	SRR5176849	0
Afipia_sp._GAS231	SRR5176850	0
Afipia_sp._GAS231	SRR5176851	0
Afipia_sp._GAS231	SRR5176852	0
Afipia_sp._GAS231	SRR5176853	0
Afipia_sp._GAS231	SRR5176854	0
Afipia_sp._GAS231	SRR5176855	0
Afipia_sp._GAS231	SRR5176856	0
Afipia_sp._GAS231	SRR5176857	0
Afipia_sp._GAS231	SRR5176858	0
Afipia_sp._GAS231	SRR5176859	0
Afipia_sp._GAS231	SRR5176860	0
Afipia_sp._GAS231	SRR5176861	0
Afipia_sp._GAS231	SRR5176862	0
Afipia_sp._GAS231	SRR5176863	0
Afipia_sp._GAS231	SRR5176864	0
Afipia_sp._GAS231	SRR5176865	0
Afipia_sp._GAS231	SRR5176866	0
Afipia_sp._GAS231	SRR5176867	0
Afipia_sp._GAS231	SRR5176868	0
Afipia_sp._GAS231	SRR5176869	0
Afipia_sp._GAS231	SRR5176870	0
Afipia_sp._GAS231	SRR5176871	0
Afipia_sp._GAS231	SRR5176872	0
Afipia_sp._GAS231	SRR5861974	NA
Afipia_sp._GAS231	SRR5861975	NA
Afipia_sp._GAS231	SRR5861976	NA
Afipia_sp._GAS231	SRR5861977	NA
Afipia_sp._GAS231	SRR5861978	NA
Afipia_sp._GAS231	SRR5861979	NA
Afipia_sp._GAS231	SRR5861980	NA
Afipia_sp._GAS231	SRR5861981	NA
Afipia_sp._GAS231	SRR5861982	NA
Afipia_sp._GAS231	SRR5861983	NA
Afipia_sp._GAS231	SRR5861984	NA
Afipia_sp._GAS231	SRR5861985	NA
Afipia_sp._GAS231	SRR5861986	NA
Afipia_sp._GAS231	SRR5861987	NA
Afipia_sp._GAS231	SRR5861988	NA
Afipia_sp._GAS231	SRR5861989	NA
Afipia_sp._GAS231	SRR5861990	NA
Afipia_sp._GAS231	SRR5861991	NA
Afipia_sp._GAS231	SRR5861992	NA
Afipia_sp._GAS231	SRR5861993	NA
Afipia_sp._GAS231	SRR5861994	NA
Afipia_sp._GAS231	SRR5861995	NA
Afipia_sp._GAS231	SRR5861996	NA
Afipia_sp._GAS231	SRR5861997	NA
Afipia_sp._GAS231	SRR5861998	NA
Afipia_sp._GAS231	SRR5861999	NA
Afipia_sp._GAS231	SRR5862000	NA
Afipia_sp._GAS231	SRR5862001	NA
Afipia_sp._GAS231	SRR5862002	NA
Afipia_sp._GAS231	SRR5862003	NA
Afipia_sp._GAS231	SRR5862004	NA
Afipia_sp._GAS231	SRR5862005	NA
Afipia_sp._GAS231	SRR5862006	NA
Afipia_sp._GAS231	SRR5862007	NA
Afipia_sp._GAS231	SRR5862008	NA
Afipia_sp._GAS231	SRR5862009	NA
Afipia_sp._GAS231	SRR5862010	NA
Afipia_sp._GAS231	SRR5862011	NA
Afipia_sp._GAS231	SRR5862012	NA
Afipia_sp._GAS231	SRR5862013	NA
Afipia_sp._GAS231	SRR5862014	NA
Afipia_sp._GAS231	SRR5862015	NA
Afipia_sp._GAS231	SRR5862016	NA
Afipia_sp._GAS231	SRR5862017	NA
Afipia_sp._GAS231	SRR5862018	NA
Afipia_sp._GAS231	SRR5862019	NA
Afipia_sp._GAS231	SRR5862020	NA
Afipia_sp._GAS231	SRR5862021	NA
Afipia_sp._GAS231	SRR5862022	NA
Afipia_sp._GAS231	SRR5862023	NA
Afipia_sp._GAS231	SRR5862024	NA
Afipia_sp._GAS231	SRR5862025	NA
Afipia_sp._GAS231	SRR5862026	NA
Afipia_sp._GAS231	SRR5862027	NA
Afipia_sp._GAS231	SRR5862028	NA
Afipia_sp._GAS231	SRR5862029	NA
Afipia_sp._GAS231	SRR5862030	NA
Afipia_sp._GAS231	SRR5862031	NA
Afipia_sp._GAS231	SRR5862032	NA
Afipia_sp._GAS231	SRR5862033	NA
Afipia_sp._GAS231	SRR5862034	NA
Afipia_sp._GAS231	SRR5862035	NA
Afipia_sp._GAS231	SRR5862036	NA
Afipia_sp._GAS231	SRR5862037	NA
Afipia_sp._GAS231	SRR5862038	NA
Afipia_sp._GAS231	SRR5862039	NA
Afipia_sp._GAS231	SRR5862040	NA
Afipia_sp._GAS231	SRR5862041	NA
Afipia_sp._GAS231	SRR5862042	NA
Afipia_sp._GAS231	SRR5862043	NA
Afipia_sp._GAS231	SRR5862044	NA
Afipia_sp._GAS231	SRR5862045	NA
Afipia_sp._GAS231	SRR5862046	NA
Afipia_sp._GAS231	SRR5862047	NA
Afipia_sp._GAS231	SRR5862048	NA
Afipia_sp._GAS231	SRR5862049	NA
Afipia_sp._GAS231	SRR5862050	NA
Afipia_sp._GAS231	SRR5862051	NA
Afipia_sp._GAS231	SRR5862052	NA
Afipia_sp._GAS231	SRR5862053	NA
Afipia_sp._GAS231	SRR5862054	NA
Afipia_sp._GAS231	SRR5862055	NA
Afipia_sp._GAS231	SRR5862056	NA
Afipia_sp._GAS231	SRR5862057	NA
Afipia_sp._GAS231	SRR5862058	NA
Afipia_sp._GAS231	SRR5862059	NA
Afipia_sp._GAS231	SRR5862060	NA
Afipia_sp._GAS231	SRR5862061	NA
Afipia_sp._GAS231	SRR5862062	NA
Afipia_sp._GAS231	SRR5862063	NA
Afipia_sp._GAS231	SRR5862064	NA
Afipia_sp._GAS231	SRR5862065	NA
Afipia_sp._GAS231	SRR5862066	NA
Afipia_sp._GAS231	SRR5862067	NA
Afipia_sp._GAS231	SRR5862068	NA
Afipia_sp._GAS231	SRR5862069	NA
Afipia_sp._GAS231	SRR5862070	NA
Afipia_sp._GAS231	SRR5862071	NA
Afipia_sp._GAS231	SRR5862072	NA
Afipia_sp._GAS231	SRR5862073	NA
Afipia_sp._GAS231	SRR5862074	NA
Afipia_sp._GAS231	SRR5862075	NA
Afipia_sp._GAS231	SRR5862076	NA
Afipia_sp._GAS231	SRR5862077	NA
Afipia_sp._GAS231	SRR5862078	NA
Afipia_sp._GAS231	SRR5862079	NA
Afipia_sp._GAS231	SRR5862080	NA
Afipia_sp._GAS231	SRR5862081	NA
Afipia_sp._GAS231	SRR5862082	NA
Afipia_sp._GAS231	SRR5862083	NA
Afipia_sp._GAS231	SRR5862084	NA
Afipia_sp._GAS231	SRR5862085	NA
Afipia_sp._GAS231	SRR5862086	NA
Afipia_sp._GAS231	SRR5862087	NA
Afipia_sp._GAS231	SRR5862088	NA
Afipia_sp._GAS231	SRR5862089	NA
Afipia_sp._GAS231	SRR5862090	NA
Afipia_sp._GAS231	SRR5862091	NA
Afipia_sp._GAS231	SRR5862092	NA
Afipia_sp._GAS231	SRR5862093	NA
Afipia_sp._GAS231	SRR5862094	NA
Afipia_sp._GAS231	SRR5862095	NA
Afipia_sp._GAS231	SRR5862096	NA
Afipia_sp._GAS231	SRR5862097	NA
Afipia_sp._GAS231	SRR5862098	NA
Afipia_sp._GAS231	SRR5862099	NA
Afipia_sp._GAS231	SRR5862100	NA
Afipia_sp._GAS231	SRR5862101	NA
Afipia_sp._GAS231	SRR5862102	NA
Afipia_sp._GAS231	SRR5862103	NA
Afipia_sp._GAS231	SRR5862104	NA
Afipia_sp._GAS231	SRR5862105	NA
Afipia_sp._GAS231	SRR5862106	NA
Afipia_sp._GAS231	SRR5862107	NA
Afipia_sp._GAS231	SRR5862108	NA
Afipia_sp._GAS231	SRR5862109	NA
Afipia_sp._GAS231	SRR5862110	NA
Afipia_sp._GAS231	SRR5862111	NA
Afipia_sp._GAS231	SRR5862112	NA
Afipia_sp._GAS231	SRR5862113	NA
Afipia_sp._GAS231	SRR5862114	NA
Afipia_sp._GAS231	SRR5862115	NA
Afipia_sp._GAS231	SRR5862116	NA
Afipia_sp._GAS231	SRR5862117	NA
Afipia_sp._GAS231	SRR5862118	NA
Afipia_sp._GAS231	SRR5862119	NA
Afipia_sp._GAS231	SRR5862120	NA
Afipia_sp._GAS231	SRR5862121	NA
Afipia_sp._GAS231	SRR5862122	NA
Afipia_sp._GAS231	SRR5862123	NA
Afipia_sp._GAS231	SRR5862124	NA
Afipia_sp._GAS231	SRR5862125	NA
Afipia_sp._GAS231	SRR5862126	NA
Afipia_sp._GAS231	SRR5862127	NA
Afipia_sp._GAS231	SRR5862128	NA
Afipia_sp._GAS231	SRR5862129	NA
Afipia_sp._GAS231	SRR5862130	NA
Afipia_sp._GAS231	SRR5862131	NA
Afipia_sp._GAS231	SRR5862132	NA
Afipia_sp._GAS231	SRR5862133	NA
Afipia_sp._GAS231	SRR5862134	NA
Afipia_sp._GAS231	SRR5862135	NA
Afipia_sp._GAS231	SRR5862136	NA
Afipia_sp._GAS231	SRR5862137	NA
Afipia_sp._GAS231	SRR5862138	NA
Afipia_sp._GAS231	SRR5862139	NA
Afipia_sp._GAS231	SRR5862140	NA
Afipia_sp._GAS231	SRR5862141	NA
Afipia_sp._GAS231	SRR5862142	NA
Afipia_sp._GAS231	SRR5862143	NA
Afipia_sp._GAS231	SRR5862144	NA
Afipia_sp._GAS231	SRR5862145	NA
Afipia_sp._GAS231	SRR5862146	NA
Afipia_sp._GAS231	SRR5862147	NA
Afipia_sp._GAS231	SRR5862148	NA
Afipia_sp._GAS231	SRR5862149	NA
Afipia_sp._GAS231	SRR5862150	NA
Afipia_sp._GAS231	SRR5862151	NA
Afipia_sp._GAS231	SRR5862152	NA
Afipia_sp._GAS231	SRR5862153	NA
Afipia_sp._GAS231	SRR5862154	NA
Afipia_sp._GAS231	SRR5862155	NA
Afipia_sp._GAS231	SRR5862156	NA
Afipia_sp._GAS231	SRR5862157	NA
Afipia_sp._GAS231	SRR5862158	NA
Afipia_sp._GAS231	SRR5862159	NA
Afipia_sp._GAS231	SRR5862160	NA
Afipia_sp._GAS231	SRR5862161	NA
Afipia_sp._GAS231	SRR5862162	NA
Afipia_sp._GAS231	SRR5862163	NA
Afipia_sp._GAS231	SRR5862164	NA
Afipia_sp._GAS231	SRR5862165	NA
Afipia_sp._GAS231	SRR5862166	NA
Afipia_sp._GAS231	SRR5862167	NA
Afipia_sp._GAS231	SRR5862168	NA
Afipia_sp._GAS231	SRR5862169	NA
Afipia_sp._GAS231	SRR5862170	NA
Afipia_sp._GAS231	SRR5862171	NA
Afipia_sp._GAS231	SRR5862172	NA
Afipia_sp._GAS231	SRR5862173	NA
Afipia_sp._GAS231	SRR5862174	NA
Afipia_sp._GAS231	SRR5862175	NA
Afipia_sp._GAS231	SRR5862176	NA
Afipia_sp._GAS231	SRR5862177	NA
Afipia_sp._GAS231	SRR5862178	NA
Afipia_sp._GAS231	SRR5862179	NA
Afipia_sp._GAS231	SRR5862180	NA
Afipia_sp._GAS231	SRR5862181	NA
Afipia_sp._GAS231	SRR5862182	NA
Afipia_sp._GAS231	SRR5862183	NA
Afipia_sp._GAS231	SRR5862184	NA
Afipia_sp._GAS231	SRR5862185	NA
Afipia_sp._GAS231	SRR5862186	NA
Afipia_sp._GAS231	SRR5862187	NA
Afipia_sp._GAS231	SRR5862188	NA
Afipia_sp._GAS231	SRR5862189	NA
Afipia_sp._GAS231	SRR5862190	NA
Afipia_sp._GAS231	SRR5862191	NA
Afipia_sp._GAS231	SRR5862192	NA
Afipia_sp._GAS231	SRR5862193	NA
Afipia_sp._GAS231	SRR5862194	NA
Afipia_sp._GAS231	SRR5862195	NA
Afipia_sp._GAS231	SRR5862196	NA
Afipia_sp._GAS231	SRR5862197	NA
Afipia_sp._GAS231	SRR5862198	NA
Afipia_sp._GAS231	SRR5862199	NA
Afipia_sp._GAS231	SRR5862200	NA
Afipia_sp._GAS231	SRR5862201	NA
Afipia_sp._GAS231	SRR5862202	NA
Afipia_sp._GAS231	SRR5862203	NA
Afipia_sp._GAS231	SRR5862204	NA
Afipia_sp._GAS231	SRR5862205	NA
Afipia_sp._GAS231	SRR5862206	NA
Afipia_sp._GAS231	SRR5862207	NA
Afipia_sp._GAS231	SRR5862208	NA
Afipia_sp._GAS231	SRR5862209	NA
Afipia_sp._GAS231	SRR5862210	NA
Afipia_sp._GAS231	SRR5862211	NA
Afipia_sp._GAS231	SRR5862212	NA
Afipia_sp._GAS231	SRR5862213	NA
Afipia_sp._GAS231	SRR5862214	NA
Afipia_sp._GAS231	SRR5862215	NA
Afipia_sp._GAS231	SRR5862216	NA
Afipia_sp._GAS231	SRR5862217	NA
Afipia_sp._GAS231	SRR5862218	NA
Afipia_sp._GAS231	SRR5862219	NA
Afipia_sp._GAS231	SRR5862220	NA
Afipia_sp._GAS231	SRR5862221	NA
Afipia_sp._GAS231	SRR5862222	NA
Afipia_sp._GAS231	SRR5862223	NA
Afipia_sp._GAS231	SRR5862224	NA
Afipia_sp._GAS231	SRR5862225	NA
Afipia_sp._GAS231	SRR5862226	NA
Afipia_sp._GAS231	SRR5862227	NA
Afipia_sp._GAS231	SRR5862228	NA
Afipia_sp._GAS231	SRR5862229	NA
Afipia_sp._GAS231	SRR5862230	NA
Afipia_sp._GAS231	SRR5862231	NA
Afipia_sp._GAS231	SRR5862232	NA
Afipia_sp._GAS231	SRR5862233	NA
Afipia_sp._GAS231	SRR5862234	NA
Afipia_sp._GAS231	SRR5862235	NA
Afipia_sp._GAS231	SRR5862236	NA
Afipia_sp._GAS231	SRR5862237	NA
Afipia_sp._GAS231	SRR5862238	NA
Afipia_sp._GAS231	SRR5862239	NA
Afipia_sp._GAS231	SRR5862240	NA
Afipia_sp._GAS231	SRR5862241	NA
Afipia_sp._GAS231	SRR5862242	NA
Afipia_sp._GAS231	SRR5862243	NA
Afipia_sp._GAS231	SRR5862244	NA
Afipia_sp._GAS231	SRR5862245	NA
Afipia_sp._GAS231	SRR5862246	NA
Afipia_sp._GAS231	SRR5862247	NA
Afipia_sp._GAS231	SRR5862248	NA
Afipia_sp._GAS231	SRR5862249	NA
Afipia_sp._GAS231	SRR5862250	NA
Afipia_sp._GAS231	SRR5862251	NA
Afipia_sp._GAS231	SRR5862252	NA
Afipia_sp._GAS231	SRR5862253	NA
Afipia_sp._GAS231	SRR5862254	NA
Afipia_sp._GAS231	SRR5862255	NA
Afipia_sp._GAS231	SRR5862256	NA
Afipia_sp._GAS231	SRR5862257	NA
Afipia_sp._GAS231	SRR5862258	NA
Afipia_sp._GAS231	SRR5862259	NA
Afipia_sp._GAS231	SRR5862260	NA
Afipia_sp._GAS231	SRR5862261	NA
Afipia_sp._GAS231	SRR5862262	NA
Afipia_sp._GAS231	SRR5862263	NA
Afipia_sp._GAS231	SRR5862264	NA
Afipia_sp._GAS231	SRR5862265	NA
Afipia_sp._GAS231	SRR5862266	NA
Afipia_sp._GAS231	SRR5862267	NA
Afipia_sp._GAS231	SRR5862268	NA
Afipia_sp._GAS231	SRR5862269	NA
Afipia_sp._GAS231	SRR5862270	NA
Afipia_sp._GAS231	SRR5862271	NA
Afipia_sp._GAS231	SRR5862272	NA
Afipia_sp._GAS231	SRR5862273	NA
Afipia_sp._GAS231	SRR5862274	NA
Afipia_sp._GAS231	SRR5862275	NA
Afipia_sp._GAS231	SRR5862276	NA
Afipia_sp._GAS231	SRR5862277	NA
Afipia_sp._GAS231	SRR5949109	10
Afipia_sp._GAS231	SRR5949110	27
Afipia_sp._GAS231	SRR5949111	2
Afipia_sp._GAS231	SRR5949112	0
Afipia_sp._GAS231	SRR5949113	1
Afipia_sp._GAS231	SRR5949114	0
Afipia_sp._GAS231	SRR5949115	33
Afipia_sp._GAS231	SRR5949116	1
Afipia_sp._GAS231	SRR5949117	0
Afipia_sp._GAS231	SRR5949118	2
Afipia_sp._GAS231	SRR5949119	0
Afipia_sp._GAS231	SRR5949120	18
Afipia_sp._GAS231	SRR5949121	0
Afipia_sp._GAS231	SRR5949122	0
Afipia_sp._GAS231	SRR5949123	0
Afipia_sp._GAS231	SRR5949124	0
Afipia_sp._GAS231	SRR5949125	4
Afipia_sp._GAS231	SRR5949126	0
Afipia_sp._GAS231	SRR5949127	0
Afipia_sp._GAS231	SRR5949128	0
Afipia_sp._GAS231	SRR5949129	0
Afipia_sp._GAS231	SRR5949130	0
Afipia_sp._GAS231	SRR5949131	0
Afipia_sp._GAS231	SRR5949132	2
Afipia_sp._GAS231	SRR5949133	0
Afipia_sp._GAS231	SRR5949134	1
Afipia_sp._GAS231	SRR5949135	0
Afipia_sp._GAS231	SRR5949136	0
Afipia_sp._GAS231	SRR5949137	8
Afipia_sp._GAS231	SRR5949138	1
Afipia_sp._GAS231	SRR5949139	3
Afipia_sp._GAS231	SRR5949140	5
Afipia_sp._GAS231	SRR5949141	1
Afipia_sp._GAS231	SRR5949142	1
Afipia_sp._GAS231	SRR5949143	0
Afipia_sp._GAS231	SRR5949144	0
Afipia_sp._GAS231	SRR5949145	1
Afipia_sp._GAS231	SRR5949146	11
Afipia_sp._GAS231	SRR5949147	0
Afipia_sp._GAS231	SRR5949148	6
Afipia_sp._GAS231	SRR5949149	0
Afipia_sp._GAS231	SRR5949150	0
Afipia_sp._GAS231	SRR5949151	4
Afipia_sp._GAS231	SRR5949152	0
Afipia_sp._GAS231	SRR5949153	0
Afipia_sp._GAS231	SRR5949154	14
Afipia_sp._GAS231	SRR5949155	0
Afipia_sp._GAS231	SRR5949156	7
Afipia_sp._GAS231	SRR5949157	0
Afipia_sp._GAS231	SRR5949158	25
Afipia_sp._GAS231	SRR5949159	0
Afipia_sp._GAS231	SRR5949160	0
Afipia_sp._GAS231	SRR5949161	2
Afipia_sp._GAS231	SRR5949162	1
Afipia_sp._GAS231	SRR5949163	0
Afipia_sp._GAS231	SRR5949164	0
Afipia_sp._GAS231	SRR5949165	3
Afipia_sp._GAS231	SRR5949166	4
Afipia_sp._GAS231	SRR5949167	10
Afipia_sp._GAS231	SRR5949168	0
Afipia_sp._GAS231	SRR5949169	3
Afipia_sp._GAS231	SRR5949170	0
Afipia_sp._GAS231	SRR5949171	0
Afipia_sp._GAS231	SRR5949172	0
Afipia_sp._GAS231	SRR5949173	0
Afipia_sp._GAS231	SRR5949174	0
Afipia_sp._GAS231	SRR5949175	0
Afipia_sp._GAS231	SRR5949176	6
Afipia_sp._GAS231	SRR5949177	0
Afipia_sp._GAS231	SRR5949178	0
Afipia_sp._GAS231	SRR5949179	6
Afipia_sp._GAS231	SRR5949180	0
Afipia_sp._GAS231	SRR5949181	0
Afipia_sp._GAS231	SRR5949182	6
Afipia_sp._GAS231	SRR5949183	4
Afipia_sp._GAS231	SRR5949184	19
Afipia_sp._GAS231	SRR5949185	0
Afipia_sp._GAS231	SRR5949186	22
Afipia_sp._GAS231	SRR5949187	6
Afipia_sp._GAS231	SRR5949188	0
Afipia_sp._GAS231	SRR5949189	5
Afipia_sp._GAS231	SRR5949190	2
Afipia_sp._GAS231	SRR5949191	1
Afipia_sp._GAS231	SRR5949192	3
Afipia_sp._GAS231	SRR5949193	0
Afipia_sp._GAS231	SRR5949194	0
Afipia_sp._GAS231	SRR5949195	0
Afipia_sp._GAS231	SRR5949196	36
Afipia_sp._GAS231	SRR5949197	73
Afipia_sp._GAS231	SRR5949198	1
Afipia_sp._GAS231	SRR5949199	0
Afipia_sp._GAS231	SRR5949200	0
Afipia_sp._GAS231	SRR5949201	0
Afipia_sp._GAS231	SRR5949202	0
Afipia_sp._GAS231	SRR5949203	2
Afipia_sp._GAS231	SRR5949204	1
Afipia_sp._GAS231	SRR5949205	0
Afipia_sp._GAS231	SRR5949206	1
Afipia_sp._GAS231	SRR5949207	40
Afipia_sp._GAS231	SRR5949208	0
Afipia_sp._GAS231	SRR5949209	171
Afipia_sp._GAS231	SRR5949210	1
Afipia_sp._GAS231	SRR5949211	1
Afipia_sp._GAS231	SRR5949212	3
Afipia_sp._GAS231	SRR5949213	0
Afipia_sp._GAS231	SRR5949214	1
Afipia_sp._GAS231	SRR5949215	0
Afipia_sp._GAS231	SRR5949216	0
Afipia_sp._GAS231	SRR5949217	0
Afipia_sp._GAS231	SRR5949218	4
Afipia_sp._GAS231	SRR5949219	0
Afipia_sp._GAS231	SRR5949220	1
Afipia_sp._GAS231	SRR5949221	72
Afipia_sp._GAS231	SRR5949222	6
Afipia_sp._GAS231	SRR5949223	0
Afipia_sp._GAS231	SRR5949224	2
Afipia_sp._GAS231	SRR5949225	0
Afipia_sp._GAS231	SRR5949226	8
Afipia_sp._GAS231	SRR5949227	6
Afipia_sp._GAS231	SRR5949228	0
Afipia_sp._GAS231	SRR5949229	0
Afipia_sp._GAS231	SRR5949230	0
Afipia_sp._GAS231	SRR5949231	39
Afipia_sp._GAS231	SRR5949232	2
Afipia_sp._GAS231	SRR5949233	2
Afipia_sp._GAS231	SRR5949234	0
Afipia_sp._GAS231	SRR5949235	0
Afipia_sp._GAS231	SRR5949236	0
Afipia_sp._GAS231	SRR5949237	3
Afipia_sp._GAS231	SRR5949238	19
Afipia_sp._GAS231	SRR5949239	92
Afipia_sp._GAS231	SRR5949240	2
Afipia_sp._GAS231	SRR5949241	1
Afipia_sp._GAS231	SRR5949242	1
Afipia_sp._GAS231	SRR5949243	3
Afipia_sp._GAS231	SRR5949244	0
Afipia_sp._GAS231	SRR5949245	3
Afipia_sp._GAS231	SRR5949246	0
Afipia_sp._GAS231	SRR5949247	1
Afipia_sp._GAS231	SRR5949248	1
Afipia_sp._GAS231	SRR5949249	2
Afipia_sp._GAS231	SRR5949250	0
Afipia_sp._GAS231	SRR5949251	2
Afipia_sp._GAS231	SRR5949252	0
Afipia_sp._GAS231	SRR5949253	4
Afipia_sp._GAS231	SRR5949254	0
Afipia_sp._GAS231	SRR5949255	1
Afipia_sp._GAS231	SRR5949256	39
Afipia_sp._GAS231	SRR5949257	1
Afipia_sp._GAS231	SRR5949258	2
Afipia_sp._GAS231	SRR5949259	0
Afipia_sp._GAS231	SRR5949260	1
Afipia_sp._GAS231	SRR5949261	0
Afipia_sp._GAS231	SRR5949262	0
Afipia_sp._GAS231	SRR5949263	9
Afipia_sp._GAS231	SRR5949264	0
Afipia_sp._GAS231	SRR5949265	1
Afipia_sp._GAS231	SRR5949266	0
Afipia_sp._GAS231	SRR5949267	0
Afipia_sp._GAS231	SRR5949268	0
Afipia_sp._GAS231	SRR5949269	14
Afipia_sp._GAS231	SRR5949270	0
Afipia_sp._GAS231	SRR5949271	35
Afipia_sp._GAS231	SRR5949272	6
Afipia_sp._GAS231	SRR5949273	0
Afipia_sp._GAS231	SRR5949274	0
Afipia_sp._GAS231	SRR5949275	2
Afipia_sp._GAS231	SRR5949276	0
Afipia_sp._GAS231	SRR5949277	0
Afipia_sp._GAS231	SRR5949278	0
Afipia_sp._GAS231	SRR5949279	0
Afipia_sp._GAS231	SRR5949280	0
Afipia_sp._GAS231	SRR5949281	3
Afipia_sp._GAS231	SRR5949282	6
Afipia_sp._GAS231	SRR5949283	10
Afipia_sp._GAS231	SRR5949284	3
Afipia_sp._GAS231	SRR5949285	2
Afipia_sp._GAS231	SRR5949286	14
Afipia_sp._GAS231	SRR5949287	0
Afipia_sp._GAS231	SRR5949288	1
Afipia_sp._GAS231	SRR5949289	0
Afipia_sp._GAS231	SRR5949290	0
Afipia_sp._GAS231	SRR5949291	0
Afipia_sp._GAS231	SRR5949292	10
Afipia_sp._GAS231	SRR5949293	0
Afipia_sp._GAS231	SRR5949294	0
Afipia_sp._GAS231	SRR5949295	1
Afipia_sp._GAS231	SRR5949296	4
Afipia_sp._GAS231	SRR5949297	0
Afipia_sp._GAS231	SRR5949298	2
Afipia_sp._GAS231	SRR5949299	1
Afipia_sp._GAS231	SRR5949300	6
Afipia_sp._GAS231	SRR5949301	0
Afipia_sp._GAS231	SRR5949302	12
Afipia_sp._GAS231	SRR5949303	0
Afipia_sp._GAS231	SRR5949304	0
Afipia_sp._GAS231	SRR5949305	0
Afipia_sp._GAS231	SRR5949306	4
Afipia_sp._GAS231	SRR5949307	0
Afipia_sp._GAS231	SRR5949308	0
Afipia_sp._GAS231	SRR5949309	0
Afipia_sp._GAS231	SRR5949310	2
Afipia_sp._GAS231	SRR5949311	1
Afipia_sp._GAS231	SRR5949312	1
Afipia_sp._GAS231	SRR5949313	20
Afipia_sp._GAS231	SRR5949314	0
Afipia_sp._GAS231	SRR5949315	2
Afipia_sp._GAS231	SRR5949316	0
Afipia_sp._GAS231	SRR5949317	3
Afipia_sp._GAS231	SRR5949318	0
Afipia_sp._GAS231	SRR5949319	0
Afipia_sp._GAS231	SRR5949320	0
Afipia_sp._GAS231	SRR5949321	0
Afipia_sp._GAS231	SRR5949322	0
Afipia_sp._GAS231	SRR5949323	0
Afipia_sp._GAS231	SRR5949324	0
Afipia_sp._GAS231	SRR5949325	7
Afipia_sp._GAS231	SRR5949326	22
Afipia_sp._GAS231	SRR5949327	7
Afipia_sp._GAS231	SRR5949328	0
Afipia_sp._GAS231	SRR5949329	0
Afipia_sp._GAS231	SRR5949330	0
Afipia_sp._GAS231	SRR5949331	0
Afipia_sp._GAS231	SRR5949332	0
Afipia_sp._GAS231	SRR5949333	0
Afipia_sp._GAS231	SRR5949334	1
Afipia_sp._GAS231	SRR5949335	1
Afipia_sp._GAS231	SRR5949336	0
Afipia_sp._GAS231	SRR5949337	0
Afipia_sp._GAS231	SRR5949338	0
Afipia_sp._GAS231	SRR5949339	0
Afipia_sp._GAS231	SRR5949340	2
Afipia_sp._GAS231	SRR5949341	0
Afipia_sp._GAS231	SRR5949342	0
Afipia_sp._GAS231	SRR5949343	0
Afipia_sp._GAS231	SRR5949344	0
Afipia_sp._GAS231	SRR5949345	0
Afipia_sp._GAS231	SRR5949346	0
Afipia_sp._GAS231	SRR5949347	3
Afipia_sp._GAS231	SRR5949348	77
Afipia_sp._GAS231	SRR5949349	0
Afipia_sp._GAS231	SRR5949350	0
Afipia_sp._GAS231	SRR5949351	0
Afipia_sp._GAS231	SRR5949352	0
Afipia_sp._GAS231	SRR5949353	0
Afipia_sp._GAS231	SRR5949354	6
Afipia_sp._GAS231	SRR5949355	0
Afipia_sp._GAS231	SRR5949356	37
Afipia_sp._GAS231	SRR5949357	0
Afipia_sp._GAS231	SRR5949358	0
Afipia_sp._GAS231	SRR5949359	1
Afipia_sp._GAS231	SRR5949360	101
Afipia_sp._GAS231	SRR5949361	2
Afipia_sp._GAS231	SRR5949362	0
Afipia_sp._GAS231	SRR5949363	2
Afipia_sp._GAS231	SRR5949364	0
Afipia_sp._GAS231	SRR5949365	1
Afipia_sp._GAS231	SRR5949366	13
Afipia_sp._GAS231	SRR5949367	0
Afipia_sp._GAS231	SRR5949368	1
Afipia_sp._GAS231	SRR5949369	1
Afipia_sp._GAS231	SRR5949370	11
Afipia_sp._GAS231	SRR5949371	0
Afipia_sp._GAS231	SRR5949372	1
Afipia_sp._GAS231	SRR5949373	3
Afipia_sp._GAS231	SRR5949374	0
Afipia_sp._GAS231	SRR5949375	4
Afipia_sp._GAS231	SRR5949376	0
Afipia_sp._GAS231	SRR5949377	11
Afipia_sp._GAS231	SRR5949378	0
Afipia_sp._GAS231	SRR5949379	2
Afipia_sp._GAS231	SRR5949380	1
Afipia_sp._GAS231	SRR5949381	0
Afipia_sp._GAS231	SRR5949382	0
Afipia_sp._GAS231	SRR5949383	0
Afipia_sp._GAS231	SRR5949384	11
Afipia_sp._GAS231	SRR5949385	0
Afipia_sp._GAS231	SRR5949386	0
Afipia_sp._GAS231	SRR5949387	0
Afipia_sp._GAS231	SRR5949388	0
Afipia_sp._GAS231	SRR5949389	0
Afipia_sp._GAS231	SRR5949390	0
Afipia_sp._GAS231	SRR5949391	21
Afipia_sp._GAS231	SRR5949392	0
Afipia_sp._GAS231	SRR5949393	0
Afipia_sp._GAS231	SRR5949394	0
Afipia_sp._GAS231	SRR5949395	1
Afipia_sp._GAS231	SRR5949396	0
Afipia_sp._GAS231	SRR5949397	1
Afipia_sp._GAS231	SRR5949398	19
Afipia_sp._GAS231	SRR5949399	0
Afipia_sp._GAS231	SRR5949400	0
Afipia_sp._GAS231	SRR5949401	0
Afipia_sp._GAS231	SRR5949402	2
Afipia_sp._GAS231	SRR5949403	0
Afipia_sp._GAS231	SRR5949404	4
Afipia_sp._GAS231	SRR5949405	40
Afipia_sp._GAS231	SRR5949406	6
Afipia_sp._GAS231	SRR5949407	17
Afipia_sp._GAS231	SRR5949408	0
Afipia_sp._GAS231	SRR5949409	0
Afipia_sp._GAS231	SRR5949410	0
Afipia_sp._GAS231	SRR5949411	7
Afipia_sp._GAS231	SRR5949412	0
Afipia_sp._GAS231	SRR5949413	0
Afipia_sp._GAS231	SRR5949414	0
Afipia_sp._GAS231	SRR5949415	0
Afipia_sp._GAS231	SRR5949416	3
Afipia_sp._GAS231	SRR5949417	0
Afipia_sp._GAS231	SRR5949418	0
Afipia_sp._GAS231	SRR5949419	2
Afipia_sp._GAS231	SRR5949420	0
Afipia_sp._GAS231	SRR5949421	1
Afipia_sp._GAS231	SRR5949422	2
Afipia_sp._GAS231	SRR5949423	0
Afipia_sp._GAS231	SRR5949424	0
Afipia_sp._GAS231	SRR5949425	0
Afipia_sp._GAS231	SRR5949426	0
Afipia_sp._GAS231	SRR5949427	0
Afipia_sp._GAS231	SRR5949428	0
Afipia_sp._GAS231	SRR5949429	0
Afipia_sp._GAS231	SRR5949430	0
Afipia_sp._GAS231	SRR5949431	1
Afipia_sp._GAS231	SRR5949432	3
Afipia_sp._GAS231	SRR5949433	1
Afipia_sp._GAS231	SRR5949434	0
Afipia_sp._GAS231	SRR5949435	2
Afipia_sp._GAS231	SRR5949436	0
Afipia_sp._GAS231	SRR5949437	0
Afipia_sp._GAS231	SRR5949438	1
Afipia_sp._GAS231	SRR5949439	0
Afipia_sp._GAS231	SRR5949440	5
Afipia_sp._GAS231	SRR5949441	0
Afipia_sp._GAS231	SRR5949442	0
Afipia_sp._GAS231	SRR5949443	52
Afipia_sp._GAS231	SRR5949444	22
Afipia_sp._GAS231	SRR5949445	0
Afipia_sp._GAS231	SRR5949446	2
Afipia_sp._GAS231	SRR5949447	0
Afipia_sp._GAS231	SRR5949448	10
Afipia_sp._GAS231	SRR5949449	0
Afipia_sp._GAS231	SRR5949450	0
Afipia_sp._GAS231	SRR5949451	0
Afipia_sp._GAS231	SRR5949452	0
Afipia_sp._GAS231	SRR5949453	1
Afipia_sp._GAS231	SRR5949454	5
Afipia_sp._GAS231	SRR5949455	2
Afipia_sp._GAS231	SRR5949456	0
Afipia_sp._GAS231	SRR5949457	0
Afipia_sp._GAS231	SRR5949458	0
Afipia_sp._GAS231	SRR5949459	3
Afipia_sp._GAS231	SRR5949460	0
Afipia_sp._GAS231	SRR5949461	137
Afipia_sp._GAS231	SRR5949462	0
Afipia_sp._GAS231	SRR5949463	1
Afipia_sp._GAS231	SRR5949464	0
Afipia_sp._GAS231	SRR5949465	0
Afipia_sp._GAS231	SRR5949466	5
Afipia_sp._GAS231	SRR5949467	0
Afipia_sp._GAS231	SRR5949468	0
Afipia_sp._GAS231	SRR5949469	5
Afipia_sp._GAS231	SRR5949470	0
Afipia_sp._GAS231	SRR5949471	35
Afipia_sp._GAS231	SRR5949472	0
Afipia_sp._GAS231	SRR5949473	27
Afipia_sp._GAS231	SRR5949474	1
Afipia_sp._GAS231	SRR5949475	0
Afipia_sp._GAS231	SRR5949476	1
Afipia_sp._GAS231	SRR5949477	1
Afipia_sp._GAS231	SRR5949478	6
Afipia_sp._GAS231	SRR5949479	0
Afipia_sp._GAS231	SRR5949480	32
Afipia_sp._GAS231	SRR5949481	7
Afipia_sp._GAS231	SRR5949482	2
Afipia_sp._GAS231	SRR5949483	40
Afipia_sp._GAS231	SRR5949484	0
Afipia_sp._GAS231	SRR5949485	4
Afipia_sp._GAS231	SRR5949486	0
Afipia_sp._GAS231	SRR5949487	0
Afipia_sp._GAS231	SRR5949488	0
Afipia_sp._GAS231	SRR5949489	3
Afipia_sp._GAS231	SRR5949490	15
Afipia_sp._GAS231	SRR5949491	0
Afipia_sp._GAS231	SRR5949492	14
Afipia_sp._GAS231	SRR5949493	0
Afipia_sp._GAS231	SRR5949494	0
Afipia_sp._GAS231	SRR5949495	24
Afipia_sp._GAS231	SRR5949496	0
Afipia_sp._GAS231	SRR5949497	5
Afipia_sp._GAS231	SRR5949498	5
Afipia_sp._GAS231	SRR5949499	0
Afipia_sp._GAS231	SRR5949500	8
Afipia_sp._GAS231	SRR5949501	11
Afipia_sp._GAS231	SRR5949502	0
Afipia_sp._GAS231	SRR5949503	0
Afipia_sp._GAS231	SRR5949504	1
Afipia_sp._GAS231	SRR5949505	13
Afipia_sp._GAS231	SRR5949506	0
Afipia_sp._GAS231	SRR5949507	0
Afipia_sp._GAS231	SRR5949508	0
Afipia_sp._GAS231	SRR5949509	0
Afipia_sp._GAS231	SRR5949510	0
Afipia_sp._GAS231	SRR5949511	12
Afipia_sp._GAS231	SRR5949512	0
Afipia_sp._GAS231	SRR5949513	0
Afipia_sp._GAS231	SRR5949514	0
Afipia_sp._GAS231	SRR5949515	0
Afipia_sp._GAS231	SRR5949516	48
Afipia_sp._GAS231	SRR5949517	0
Afipia_sp._GAS231	SRR5949518	12
Afipia_sp._GAS231	SRR5949519	0
Afipia_sp._GAS231	SRR5949520	0
Afipia_sp._GAS231	SRR5949521	3
Afipia_sp._GAS231	SRR5949522	0
Afipia_sp._GAS231	SRR5949523	16
Afipia_sp._GAS231	SRR5949524	3
Afipia_sp._GAS231	SRR5949525	0
Afipia_sp._GAS231	SRR5949526	0
Afipia_sp._GAS231	SRR5949527	0
Afipia_sp._GAS231	SRR5949528	1
Afipia_sp._GAS231	SRR5949529	27
Afipia_sp._GAS231	SRR5949530	0
Afipia_sp._GAS231	SRR5949531	2
Afipia_sp._GAS231	SRR5949532	0
Afipia_sp._GAS231	SRR5949533	0
Afipia_sp._GAS231	SRR5949534	0
Afipia_sp._GAS231	SRR5949535	1
Afipia_sp._GAS231	SRR5949536	4
Afipia_sp._GAS231	SRR5949537	1
Afipia_sp._GAS231	SRR5949538	0
Afipia_sp._GAS231	SRR5949539	5
Afipia_sp._GAS231	SRR5949540	126
Afipia_sp._GAS231	SRR5949541	0
Afipia_sp._GAS231	SRR5949542	0
Afipia_sp._GAS231	SRR5949543	32
Afipia_sp._GAS231	SRR5949544	0
Afipia_sp._GAS231	SRR5949545	0
Afipia_sp._GAS231	SRR5949546	2
Afipia_sp._GAS231	SRR5949547	0
Afipia_sp._GAS231	SRR5949548	2
Afipia_sp._GAS231	SRR5949549	0
Afipia_sp._GAS231	SRR5949550	0
Afipia_sp._GAS231	SRR5949551	0
Afipia_sp._GAS231	SRR5949552	3
Afipia_sp._GAS231	SRR5949553	0
Afipia_sp._GAS231	SRR5949554	0
Afipia_sp._GAS231	SRR5949555	28
Afipia_sp._GAS231	SRR5949556	4
Afipia_sp._GAS231	SRR5949557	0
Afipia_sp._GAS231	SRR5949558	1
Afipia_sp._GAS231	SRR5949559	1
Afipia_sp._GAS231	SRR5949560	6
Afipia_sp._GAS231	SRR5949561	25
Afipia_sp._GAS231	SRR5949562	18
Afipia_sp._GAS231	SRR5949563	1
Afipia_sp._GAS231	SRR5949564	46
Afipia_sp._GAS231	SRR5949565	1
Afipia_sp._GAS231	SRR5949566	0
Afipia_sp._GAS231	SRR5949567	75
Afipia_sp._GAS231	SRR5949568	0
Afipia_sp._GAS231	SRR5949569	0
Afipia_sp._GAS231	SRR5949570	1
Afipia_sp._GAS231	SRR5949571	0
Afipia_sp._GAS231	SRR5949572	0
Afipia_sp._GAS231	SRR5949573	1
Afipia_sp._GAS231	SRR5949574	0
Afipia_sp._GAS231	SRR5949575	0
Afipia_sp._GAS231	SRR5949576	3
Afipia_sp._GAS231	SRR5949577	0
Afipia_sp._GAS231	SRR5949578	2
Afipia_sp._GAS231	SRR5949579	0
Afipia_sp._GAS231	SRR5949580	1
Afipia_sp._GAS231	SRR5949581	0
Afipia_sp._GAS231	SRR5949582	0
Afipia_sp._GAS231	SRR5949583	11
Afipia_sp._GAS231	SRR5949584	4
Afipia_sp._GAS231	SRR5949585	0
Afipia_sp._GAS231	SRR5949586	10
Afipia_sp._GAS231	SRR5949587	28
Afipia_sp._GAS231	SRR5949588	2
Afipia_sp._GAS231	SRR5949589	0
Afipia_sp._GAS231	SRR5949590	2
Afipia_sp._GAS231	SRR5949591	0
Afipia_sp._GAS231	SRR5949592	1
Afipia_sp._GAS231	SRR5949593	0
Afipia_sp._GAS231	SRR5949594	0
Afipia_sp._GAS231	SRR5949595	1
Afipia_sp._GAS231	SRR5949596	0
Afipia_sp._GAS231	SRR5949597	0
Afipia_sp._GAS231	SRR5949598	39
Afipia_sp._GAS231	SRR5949599	0
Afipia_sp._GAS231	SRR5949600	0
Afipia_sp._GAS231	SRR5949601	0
Afipia_sp._GAS231	SRR5949602	0
Afipia_sp._GAS231	SRR5949603	8
Afipia_sp._GAS231	SRR5949604	0
Afipia_sp._GAS231	SRR5949605	29
Afipia_sp._GAS231	SRR5949606	15
Afipia_sp._GAS231	SRR5949607	0
Afipia_sp._GAS231	SRR5949608	0
Afipia_sp._GAS231	SRR5950246	0
Afipia_sp._GAS231	SRR5950247	9
Afipia_sp._GAS231	SRR5950248	0
Afipia_sp._GAS231	SRR5950249	0
Afipia_sp._GAS231	SRR5950250	0
Afipia_sp._GAS231	SRR5950251	0
Afipia_sp._GAS231	SRR5950252	6
Afipia_sp._GAS231	SRR5950253	0
Afipia_sp._GAS231	SRR5950254	44
Afipia_sp._GAS231	SRR5950255	0
Afipia_sp._GAS231	SRR5950256	0
Afipia_sp._GAS231	SRR5950257	2
Afipia_sp._GAS231	SRR5950258	0
Afipia_sp._GAS231	SRR5950259	1
Afipia_sp._GAS231	SRR5950260	1
Afipia_sp._GAS231	SRR5950261	0
Afipia_sp._GAS231	SRR5950262	0
Afipia_sp._GAS231	SRR5950263	0
Afipia_sp._GAS231	SRR5950264	0
Afipia_sp._GAS231	SRR5950265	3
Afipia_sp._GAS231	SRR5950266	4
Afipia_sp._GAS231	SRR5950267	8
Afipia_sp._GAS231	SRR5950268	42
Afipia_sp._GAS231	SRR5950269	0
Afipia_sp._GAS231	SRR5950270	0
Afipia_sp._GAS231	SRR5950271	0
Afipia_sp._GAS231	SRR5950272	2
Afipia_sp._GAS231	SRR5950273	0
Afipia_sp._GAS231	SRR5950274	0
Afipia_sp._GAS231	SRR5950275	6
Afipia_sp._GAS231	SRR5950276	0
Afipia_sp._GAS231	SRR5950277	24
Afipia_sp._GAS231	SRR5950278	0
Afipia_sp._GAS231	SRR5950279	0
Afipia_sp._GAS231	SRR5950280	4
Afipia_sp._GAS231	SRR5950281	13
Afipia_sp._GAS231	SRR5950282	0
Afipia_sp._GAS231	SRR5950283	1
Afipia_sp._GAS231	SRR5950284	19
Afipia_sp._GAS231	SRR5950285	78
Afipia_sp._GAS231	SRR5950286	2
Afipia_sp._GAS231	SRR5950287	5
Afipia_sp._GAS231	SRR5950288	0
Afipia_sp._GAS231	SRR5950289	9
Afipia_sp._GAS231	SRR5950290	0
Afipia_sp._GAS231	SRR5950291	1
Afipia_sp._GAS231	SRR5950292	0
Afipia_sp._GAS231	SRR5950293	44
Afipia_sp._GAS231	SRR5950294	3
Afipia_sp._GAS231	SRR5950295	13
Afipia_sp._GAS231	SRR5950296	0
Afipia_sp._GAS231	SRR5950297	0
Afipia_sp._GAS231	SRR5950298	0
Afipia_sp._GAS231	SRR5950299	1
Afipia_sp._GAS231	SRR5950300	0
Afipia_sp._GAS231	SRR5950301	1
Afipia_sp._GAS231	SRR5950302	0
Afipia_sp._GAS231	SRR5950303	1
Afipia_sp._GAS231	SRR5950304	1
Afipia_sp._GAS231	SRR5950305	21
Afipia_sp._GAS231	SRR5950306	12
Afipia_sp._GAS231	SRR5950307	1
Afipia_sp._GAS231	SRR5950308	2
Afipia_sp._GAS231	SRR5950309	12
Afipia_sp._GAS231	SRR5950310	1
Afipia_sp._GAS231	SRR5950311	2
Afipia_sp._GAS231	SRR5950312	11
Afipia_sp._GAS231	SRR5950313	17
Afipia_sp._GAS231	SRR5950314	1
Afipia_sp._GAS231	SRR5950315	3
Afipia_sp._GAS231	SRR5950316	0
Afipia_sp._GAS231	SRR5950317	1
Afipia_sp._GAS231	SRR5950318	7
Afipia_sp._GAS231	SRR5950319	2
Afipia_sp._GAS231	SRR5950320	5
Afipia_sp._GAS231	SRR5950321	0
Afipia_sp._GAS231	SRR5950322	1
Afipia_sp._GAS231	SRR5950323	8
Afipia_sp._GAS231	SRR5950324	2
Afipia_sp._GAS231	SRR5950325	0
Afipia_sp._GAS231	SRR5950326	0
Afipia_sp._GAS231	SRR5950327	0
Afipia_sp._GAS231	SRR5950328	11
Afipia_sp._GAS231	SRR5950329	0
Afipia_sp._GAS231	SRR5950330	0
Afipia_sp._GAS231	SRR5950331	0
Afipia_sp._GAS231	SRR5950332	1
Afipia_sp._GAS231	SRR5950333	2
Afipia_sp._GAS231	SRR5950334	4
Afipia_sp._GAS231	SRR5950335	0
Afipia_sp._GAS231	SRR5950336	12
Afipia_sp._GAS231	SRR5950337	0
Afipia_sp._GAS231	SRR5950338	13
Afipia_sp._GAS231	SRR5950339	0
Afipia_sp._GAS231	SRR5950340	0
Afipia_sp._GAS231	SRR5950341	0
Afipia_sp._GAS231	SRR5950342	0
Afipia_sp._GAS231	SRR5950343	1
Afipia_sp._GAS231	SRR5950344	1
Afipia_sp._GAS231	SRR5950345	0
Afipia_sp._GAS231	SRR5950346	0
Afipia_sp._GAS231	SRR5950347	0
Afipia_sp._GAS231	SRR5950348	0
Afipia_sp._GAS231	SRR5950349	0
Afipia_sp._GAS231	SRR5950350	1
Afipia_sp._GAS231	SRR5950351	0
Afipia_sp._GAS231	SRR5950352	21
Afipia_sp._GAS231	SRR5950353	0
Afipia_sp._GAS231	SRR5950354	0
Afipia_sp._GAS231	SRR5950355	0
Afipia_sp._GAS231	SRR5950356	22
Afipia_sp._GAS231	SRR5950357	1
Afipia_sp._GAS231	SRR5950358	0
Afipia_sp._GAS231	SRR5950359	0
Afipia_sp._GAS231	SRR5950360	4
Afipia_sp._GAS231	SRR5950361	3
Afipia_sp._GAS231	SRR5950362	0
Afipia_sp._GAS231	SRR5950363	5
Afipia_sp._GAS231	SRR5950364	0
Afipia_sp._GAS231	SRR5950365	0
Afipia_sp._GAS231	SRR5950366	8
Afipia_sp._GAS231	SRR5950367	0
Afipia_sp._GAS231	SRR5950368	18
Afipia_sp._GAS231	SRR5950369	8
Afipia_sp._GAS231	SRR5950370	0
Afipia_sp._GAS231	SRR5950371	0
Afipia_sp._GAS231	SRR5950372	0
Afipia_sp._GAS231	SRR5950373	0
Afipia_sp._GAS231	SRR5950374	0
Afipia_sp._GAS231	SRR5950375	2
Afipia_sp._GAS231	SRR5950376	0
Afipia_sp._GAS231	SRR5950377	4
Afipia_sp._GAS231	SRR5950378	3
Afipia_sp._GAS231	SRR5950379	0
Afipia_sp._GAS231	SRR5950380	0
Afipia_sp._GAS231	SRR5950381	0
Afipia_sp._GAS231	SRR5950382	64
Afipia_sp._GAS231	SRR5950383	8
Afipia_sp._GAS231	SRR5950384	2
Afipia_sp._GAS231	SRR5950385	0
Afipia_sp._GAS231	SRR5950386	0
Afipia_sp._GAS231	SRR5950387	0
Afipia_sp._GAS231	SRR5950388	0
Afipia_sp._GAS231	SRR5950389	2
Afipia_sp._GAS231	SRR5950390	6
Afipia_sp._GAS231	SRR5950391	0
Afipia_sp._GAS231	SRR5950392	0
Afipia_sp._GAS231	SRR5950393	0
Afipia_sp._GAS231	SRR5950394	1
Afipia_sp._GAS231	SRR5950395	9
Afipia_sp._GAS231	SRR5950396	1
Afipia_sp._GAS231	SRR5950397	0
Afipia_sp._GAS231	SRR5950398	0
Afipia_sp._GAS231	SRR5950399	0
Afipia_sp._GAS231	SRR5950400	5
Afipia_sp._GAS231	SRR5950401	0
Afipia_sp._GAS231	SRR5950402	0
Afipia_sp._GAS231	SRR5950403	2
Afipia_sp._GAS231	SRR5950404	12
Afipia_sp._GAS231	SRR5950405	3
Afipia_sp._GAS231	SRR5950406	0
Afipia_sp._GAS231	SRR5950407	1
Afipia_sp._GAS231	SRR5950408	38
Afipia_sp._GAS231	SRR5950409	15
Afipia_sp._GAS231	SRR5950410	5
Afipia_sp._GAS231	SRR5950411	0
Afipia_sp._GAS231	SRR5950412	0
Afipia_sp._GAS231	SRR5950413	10
Afipia_sp._GAS231	SRR5950414	20
Afipia_sp._GAS231	SRR5950415	0
Afipia_sp._GAS231	SRR5950416	0
Afipia_sp._GAS231	SRR5950417	1
Afipia_sp._GAS231	SRR5950418	3
Afipia_sp._GAS231	SRR5950419	0
Afipia_sp._GAS231	SRR5950420	0
Afipia_sp._GAS231	SRR5950421	0
Afipia_sp._GAS231	SRR5950422	6
Afipia_sp._GAS231	SRR5950423	4
Afipia_sp._GAS231	SRR5950424	0
Afipia_sp._GAS231	SRR5950425	0
Afipia_sp._GAS231	SRR5950426	0
Afipia_sp._GAS231	SRR5950427	1
Afipia_sp._GAS231	SRR5950428	1
Afipia_sp._GAS231	SRR5950429	14
Afipia_sp._GAS231	SRR5950430	0
Afipia_sp._GAS231	SRR5950431	0
Afipia_sp._GAS231	SRR5950432	0
Afipia_sp._GAS231	SRR5950433	2
Afipia_sp._GAS231	SRR5950434	1
Afipia_sp._GAS231	SRR5950435	0
Afipia_sp._GAS231	SRR5950436	22
Afipia_sp._GAS231	SRR5950437	0
Afipia_sp._GAS231	SRR5950438	0
Afipia_sp._GAS231	SRR5950439	1
Afipia_sp._GAS231	SRR5950440	44
Afipia_sp._GAS231	SRR5950441	0
Afipia_sp._GAS231	SRR5950442	41
Afipia_sp._GAS231	SRR5950443	0
Afipia_sp._GAS231	SRR5950444	0
Afipia_sp._GAS231	SRR5950445	0
Afipia_sp._GAS231	SRR5950446	1
Afipia_sp._GAS231	SRR5950447	0
Afipia_sp._GAS231	SRR5950448	2
Afipia_sp._GAS231	SRR5950449	0
Afipia_sp._GAS231	SRR5950450	3
Afipia_sp._GAS231	SRR5950451	0
Afipia_sp._GAS231	SRR5950452	0
Afipia_sp._GAS231	SRR5950453	0
Afipia_sp._GAS231	SRR5950454	47
Afipia_sp._GAS231	SRR5950455	1
Afipia_sp._GAS231	SRR5950456	0
Afipia_sp._GAS231	SRR5950457	9
Afipia_sp._GAS231	SRR5950458	3
Afipia_sp._GAS231	SRR5950459	0
Afipia_sp._GAS231	SRR5950460	5
Afipia_sp._GAS231	SRR5950461	3
Afipia_sp._GAS231	SRR5950462	1
Afipia_sp._GAS231	SRR5950463	0
Afipia_sp._GAS231	SRR5950464	6
Afipia_sp._GAS231	SRR5950465	62
Afipia_sp._GAS231	SRR5950466	1
Afipia_sp._GAS231	SRR5950467	0
Afipia_sp._GAS231	SRR5950468	3
Afipia_sp._GAS231	SRR5950469	0
Afipia_sp._GAS231	SRR5950470	0
Afipia_sp._GAS231	SRR5963912	0
Afipia_sp._GAS231	SRR5963913	1
Afipia_sp._GAS231	SRR5963914	0
Afipia_sp._GAS231	SRR5963915	0
Afipia_sp._GAS231	SRR5963916	0
Afipia_sp._GAS231	SRR5963917	0
Afipia_sp._GAS231	SRR5963918	0
Afipia_sp._GAS231	SRR5963919	0
Afipia_sp._GAS231	SRR5963920	1
Afipia_sp._GAS231	SRR5963921	5
Afipia_sp._GAS231	SRR5963922	0
Afipia_sp._GAS231	SRR5963923	7
Afipia_sp._GAS231	SRR5963924	0
Afipia_sp._GAS231	SRR5963925	2
Afipia_sp._GAS231	SRR5963926	122
Afipia_sp._GAS231	SRR5963927	2
Afipia_sp._GAS231	SRR5963928	16
Afipia_sp._GAS231	SRR5963929	0
Afipia_sp._GAS231	SRR5963930	9
Afipia_sp._GAS231	SRR5963931	6
Afipia_sp._GAS231	SRR5963932	5
Afipia_sp._GAS231	SRR5963933	0
Afipia_sp._GAS231	SRR5963934	11
Afipia_sp._GAS231	SRR5963935	2
Afipia_sp._GAS231	SRR5963936	38
Afipia_sp._GAS231	SRR5963937	0
Afipia_sp._GAS231	SRR5963938	0
Afipia_sp._GAS231	SRR5963939	0
Afipia_sp._GAS231	SRR5963940	0
Afipia_sp._GAS231	SRR5963941	0
Afipia_sp._GAS231	SRR5963942	0
Afipia_sp._GAS231	SRR5963943	0
Afipia_sp._GAS231	SRR5963944	0
Afipia_sp._GAS231	SRR5963945	4
Afipia_sp._GAS231	SRR5963946	0
Afipia_sp._GAS231	SRR5963947	0
Afipia_sp._GAS231	SRR5963948	3
Afipia_sp._GAS231	SRR6467548	NA
Afipia_sp._GAS231	SRR6467549	NA
Afipia_sp._GAS231	SRR6467550	NA
Afipia_sp._GAS231	SRR6467551	NA
Afipia_sp._GAS231	SRR6467552	NA
Afipia_sp._GAS231	SRR6467553	NA
Afipia_sp._GAS231	SRR6467554	NA
Afipia_sp._GAS231	SRR6467555	NA
Afipia_sp._GAS231	SRR6467556	NA
Afipia_sp._GAS231	SRR6467557	NA
Afipia_sp._GAS231	SRR6467558	NA
Afipia_sp._GAS231	SRR6467559	NA
Afipia_sp._GAS231	SRR6467560	NA
Afipia_sp._GAS231	SRR6467561	NA
Afipia_sp._GAS231	SRR6467562	NA
Afipia_sp._GAS231	SRR6467563	NA
Afipia_sp._GAS231	SRR6467564	NA
Afipia_sp._GAS231	SRR6467565	NA
Afipia_sp._GAS231	SRR6467566	NA
Afipia_sp._GAS231	SRR6467567	NA
Afipia_sp._GAS231	SRR6467568	NA
Afipia_sp._GAS231	SRR6467569	NA
Afipia_sp._GAS231	SRR6467570	NA
Afipia_sp._GAS231	SRR6467571	NA
Afipia_sp._GAS231	SRR6467572	NA
Afipia_sp._GAS231	SRR6467573	NA
Afipia_sp._GAS231	SRR6467574	NA
Afipia_sp._GAS231	SRR6467575	NA
Afipia_sp._GAS231	SRR6467576	NA
Afipia_sp._GAS231	SRR6467577	NA
Afipia_sp._GAS231	SRR6467578	NA
Afipia_sp._GAS231	SRR6467579	NA
Afipia_sp._GAS231	SRR6467580	NA
Afipia_sp._GAS231	SRR6467581	NA
Afipia_sp._GAS231	SRR6467582	NA
Afipia_sp._GAS231	SRR6467583	NA
Afipia_sp._GAS231	SRR6467584	NA
Afipia_sp._GAS231	SRR6467585	NA
Afipia_sp._GAS231	SRR6467586	NA
Afipia_sp._GAS231	SRR6467587	NA
Afipia_sp._GAS231	SRR6467588	NA
Afipia_sp._GAS231	SRR6467589	NA
Afipia_sp._GAS231	SRR6467590	NA
Afipia_sp._GAS231	SRR6467591	NA
Afipia_sp._GAS231	SRR6467592	NA
Afipia_sp._GAS231	SRR6467593	NA
Afipia_sp._GAS231	SRR6467594	NA
Afipia_sp._GAS231	SRR6467595	NA
Afipia_sp._GAS231	SRR6467596	NA
Afipia_sp._GAS231	SRR6467597	NA
Afipia_sp._GAS231	SRR6467598	NA
Afipia_sp._GAS231	SRR6467599	NA
Afipia_sp._GAS231	SRR6467600	NA
Afipia_sp._GAS231	SRR6467601	NA
Afipia_sp._GAS231	SRR6467602	NA
Afipia_sp._GAS231	SRR6467603	NA
Afipia_sp._GAS231	SRR6467604	NA
Afipia_sp._GAS231	SRR6467605	NA
Afipia_sp._GAS231	SRR6467606	NA
Afipia_sp._GAS231	SRR6467607	NA
Afipia_sp._GAS231	SRR6467608	NA
Afipia_sp._GAS231	SRR6467609	NA
Afipia_sp._GAS231	SRR6467610	NA
Afipia_sp._GAS231	SRR6467611	NA
Afipia_sp._GAS231	SRR6467612	NA
Afipia_sp._GAS231	SRR6467613	NA
Afipia_sp._GAS231	SRR6467614	NA
Afipia_sp._GAS231	SRR6467615	NA
Afipia_sp._GAS231	SRR6467616	NA
Afipia_sp._GAS231	SRR6467617	NA
Afipia_sp._GAS231	SRR6467618	NA
Afipia_sp._GAS231	SRR6467619	NA
Afipia_sp._GAS231	SRR6467620	NA
Afipia_sp._GAS231	SRR6467621	NA
Afipia_sp._GAS231	SRR6467622	NA
Afipia_sp._GAS231	SRR6467623	NA
Afipia_sp._GAS231	SRR6467624	NA
Afipia_sp._GAS231	SRR6467625	NA
Afipia_sp._GAS231	SRR6467626	NA
Afipia_sp._GAS231	SRR6467627	NA
Afipia_sp._GAS231	SRR6467628	NA
Afipia_sp._GAS231	SRR6467629	NA
Afipia_sp._GAS231	SRR6467630	NA
Afipia_sp._GAS231	SRR6467631	NA
Afipia_sp._GAS231	SRR6467632	NA
Afipia_sp._GAS231	SRR6467633	NA
Afipia_sp._GAS231	SRR6467634	NA
Afipia_sp._GAS231	SRR6467635	NA
Afipia_sp._GAS231	SRR6467636	NA
Afipia_sp._GAS231	SRR6467637	NA
Afipia_sp._GAS231	SRR6467638	NA
Afipia_sp._GAS231	SRR6467639	NA
Afipia_sp._GAS231	SRR6467640	NA
Afipia_sp._GAS231	SRR6467641	NA
Afipia_sp._GAS231	SRR6467642	NA
Afipia_sp._GAS231	SRR6467643	NA
Afipia_sp._GAS231	SRR6467644	NA
Afipia_sp._GAS231	SRR6467645	NA
Afipia_sp._GAS231	SRR6467646	NA
Afipia_sp._GAS231	SRR6467647	NA
Afipia_sp._GAS231	SRR6467648	NA
Afipia_sp._GAS231	SRR6467649	NA
Afipia_sp._GAS231	SRR6467650	NA
Afipia_sp._GAS231	SRR6467651	NA
Afipia_sp._GAS231	SRR6467652	NA
Afipia_sp._GAS231	SRR6467653	NA
Afipia_sp._GAS231	SRR6467654	NA
Afipia_sp._GAS231	SRR6467655	NA
Afipia_sp._GAS231	SRR6467656	NA
Afipia_sp._GAS231	SRR6467657	NA
Afipia_sp._GAS231	SRR6467658	NA
Afipia_sp._GAS231	SRR6467659	NA
Afipia_sp._GAS231	SRR6467660	NA
Afipia_sp._GAS231	SRR6467661	NA
Afipia_sp._GAS231	SRR6467662	NA
Afipia_sp._GAS231	SRR6467663	NA
Afipia_sp._GAS231	SRR6467664	NA
Afipia_sp._GAS231	SRR6467665	NA
Afipia_sp._GAS231	SRR6467666	NA
Afipia_sp._GAS231	SRR6467667	NA
Afipia_sp._GAS231	SRR6467668	NA
Afipia_sp._GAS231	SRR6467669	NA
Afipia_sp._GAS231	SRR6467670	NA
Afipia_sp._GAS231	SRR6467671	NA
Afipia_sp._GAS231	SRR6467672	NA
Afipia_sp._GAS231	SRR6467673	NA
Afipia_sp._GAS231	SRR6467674	NA
Afipia_sp._GAS231	SRR6467675	NA
Afipia_sp._GAS231	SRR6467676	NA
Afipia_sp._GAS231	SRR6467677	NA
Afipia_sp._GAS231	SRR6467678	NA
Afipia_sp._GAS231	SRR6467679	NA
Afipia_sp._GAS231	SRR6467680	NA
Afipia_sp._GAS231	SRR6467681	NA
Afipia_sp._GAS231	SRR6467682	NA
Afipia_sp._GAS231	SRR6467683	NA
Afipia_sp._GAS231	SRR6467684	NA
Afipia_sp._GAS231	SRR6467685	NA
Afipia_sp._GAS231	SRR6467686	NA
Afipia_sp._GAS231	SRR6467687	NA
Afipia_sp._GAS231	SRR6467688	NA
Afipia_sp._GAS231	SRR6467689	NA
Afipia_sp._GAS231	SRR6467690	NA
Afipia_sp._GAS231	SRR6467691	NA
Afipia_sp._GAS231	SRR6467692	NA
Afipia_sp._GAS231	SRR6467693	NA
Afipia_sp._GAS231	SRR6467694	NA
Afipia_sp._GAS231	SRR6467695	NA
Afipia_sp._GAS231	SRR6467696	NA
Afipia_sp._GAS231	SRR6467697	NA
Afipia_sp._GAS231	SRR6467698	NA
Afipia_sp._GAS231	SRR6467699	NA
Afipia_sp._GAS231	SRR6467700	NA
Afipia_sp._GAS231	SRR6467701	NA
Afipia_sp._GAS231	SRR6467702	NA
Afipia_sp._GAS231	SRR6467703	NA
Afipia_sp._GAS231	SRR6467704	NA
Afipia_sp._GAS231	SRR6467705	NA
Afipia_sp._GAS231	SRR6467706	NA
Afipia_sp._GAS231	SRR6467707	NA
Afipia_sp._GAS231	SRR6467708	NA
Afipia_sp._GAS231	SRR6467709	NA
Afipia_sp._GAS231	SRR6467710	NA
Afipia_sp._GAS231	SRR6467711	NA
Afipia_sp._GAS231	SRR6467712	NA
Afipia_sp._GAS231	SRR6467713	NA
Afipia_sp._GAS231	SRR6467714	NA
Afipia_sp._GAS231	SRR6467715	NA
Afipia_sp._GAS231	SRR6467716	NA
Afipia_sp._GAS231	SRR6467717	NA
Afipia_sp._GAS231	SRR6467718	NA
Afipia_sp._GAS231	SRR6467719	NA
Afipia_sp._GAS231	SRR6467720	NA
Afipia_sp._GAS231	SRR6467721	NA
Afipia_sp._GAS231	SRR6467722	NA
Afipia_sp._GAS231	SRR6467723	NA
Afipia_sp._GAS231	SRR6467724	NA
Afipia_sp._GAS231	SRR6467725	NA
Afipia_sp._GAS231	SRR6467726	NA
Afipia_sp._GAS231	SRR6467727	NA
Afipia_sp._GAS231	SRR6467728	NA
Afipia_sp._GAS231	SRR6467729	NA
Afipia_sp._GAS231	SRR6467730	NA
Afipia_sp._GAS231	SRR6467731	NA
Afipia_sp._GAS231	SRR6467732	NA
Afipia_sp._GAS231	SRR6467733	NA
Afipia_sp._GAS231	SRR6467734	NA
Afipia_sp._GAS231	SRR6467735	NA
Afipia_sp._GAS231	SRR6467736	NA
Afipia_sp._GAS231	SRR6467737	NA
Afipia_sp._GAS231	SRR6467738	NA
Afipia_sp._GAS231	SRR6467739	NA
Afipia_sp._GAS231	SRR6467740	NA
Afipia_sp._GAS231	SRR6467741	NA
Afipia_sp._GAS231	SRR6467742	NA
Afipia_sp._GAS231	SRR6467743	NA
Afipia_sp._GAS231	SRR6467744	NA
Afipia_sp._GAS231	SRR6467745	NA
Afipia_sp._GAS231	SRR6467746	NA
Afipia_sp._GAS231	SRR6467747	NA
Afipia_sp._GAS231	SRR6467748	NA
Afipia_sp._GAS231	SRR6467749	NA
Afipia_sp._GAS231	SRR6467750	NA
Afipia_sp._GAS231	SRR6467751	NA
Afipia_sp._GAS231	SRR6467752	NA
Afipia_sp._GAS231	SRR6467753	NA
Afipia_sp._GAS231	SRR6467754	NA
Afipia_sp._GAS231	SRR6467755	NA
Afipia_sp._GAS231	SRR6467756	NA
Afipia_sp._GAS231	SRR6467757	NA
Afipia_sp._GAS231	SRR6467758	NA
Afipia_sp._GAS231	SRR6467759	NA
Afipia_sp._GAS231	SRR6467760	NA
Afipia_sp._GAS231	SRR6467761	NA
Afipia_sp._GAS231	SRR6467762	NA
Afipia_sp._GAS231	SRR6467763	NA
Afipia_sp._GAS231	SRR6467764	NA
Afipia_sp._GAS231	SRR6467765	NA
Afipia_sp._GAS231	SRR6467766	NA
Afipia_sp._GAS231	SRR6467767	NA
Afipia_sp._GAS231	SRR6467768	NA
Afipia_sp._GAS231	SRR6467769	NA
Afipia_sp._GAS231	SRR6467770	NA
Afipia_sp._GAS231	SRR6467771	NA
Afipia_sp._GAS231	SRR6467772	NA
Afipia_sp._GAS231	SRR6467773	NA
Afipia_sp._GAS231	SRR6868540	NA
Afipia_sp._GAS231	SRR6868541	NA
Afipia_sp._GAS231	SRR6868542	NA
Afipia_sp._GAS231	SRR6868543	NA
Afipia_sp._GAS231	SRR6868544	NA
Afipia_sp._GAS231	SRR6868545	NA
Afipia_sp._GAS231	SRR6868546	NA
Afipia_sp._GAS231	SRR6868557	NA
Afipia_sp._GAS231	SRR6868558	NA
Afipia_sp._GAS231	SRR6868559	NA
Afipia_sp._GAS231	SRR6868560	NA
Afipia_sp._GAS231	SRR6868569	NA
Afipia_sp._GAS231	SRR6868570	NA
Afipia_sp._GAS231	SRR6868571	NA
Afipia_sp._GAS231	SRR6868572	NA
Afipia_sp._GAS231	SRR6868573	NA
Afipia_sp._GAS231	SRR6868574	NA
Afipia_sp._GAS231	SRR6868575	NA
Afipia_sp._GAS231	SRR6868576	NA
Afipia_sp._GAS231	SRR6868577	NA
Afipia_sp._GAS231	SRR6868578	NA
Afipia_sp._GAS231	SRR6868579	NA
Afipia_sp._GAS231	SRR6868580	NA
Afipia_sp._GAS231	SRR6868581	NA
Afipia_sp._GAS231	SRR6868582	NA
Afipia_sp._GAS231	SRR6868585	NA
Afipia_sp._GAS231	SRR6868586	NA
Afipia_sp._GAS231	SRR6868587	NA
Afipia_sp._GAS231	SRR6868588	NA
Afipia_sp._GAS231	SRR6868589	NA
Afipia_sp._GAS231	SRR6868590	NA
Afipia_sp._GAS231	SRR6868591	NA
Afipia_sp._GAS231	SRR6868604	NA
Afipia_sp._GAS231	SRR6868605	NA
Afipia_sp._GAS231	SRR6868606	NA
Afipia_sp._GAS231	SRR6868607	NA
Afipia_sp._GAS231	SRR6868608	NA
Afipia_sp._GAS231	SRR6868609	NA
Afipia_sp._GAS231	SRR6868610	NA
Afipia_sp._GAS231	SRR6868620	NA
Afipia_sp._GAS231	SRR6868621	NA
Afipia_sp._GAS231	SRR6868622	NA
Afipia_sp._GAS231	SRR6868623	NA
Afipia_sp._GAS231	SRR6868636	NA
Afipia_sp._GAS231	SRR6868637	NA
Afipia_sp._GAS231	SRR6868638	NA
Afipia_sp._GAS231	SRR6868639	NA
Afipia_sp._GAS231	SRR6868650	NA
Afipia_sp._GAS231	SRR6868651	NA
Afipia_sp._GAS231	SRR6868652	NA
Afipia_sp._GAS231	SRR6868653	NA
Afipia_sp._GAS231	SRR6868654	NA
Afipia_sp._GAS231	SRR6868655	NA
Afipia_sp._GAS231	SRR6868665	NA
Afipia_sp._GAS231	SRR6868666	NA
Afipia_sp._GAS231	SRR6868667	NA
Afipia_sp._GAS231	SRR6868668	NA
Afipia_sp._GAS231	SRR6868669	NA
Afipia_sp._GAS231	SRR6868670	NA
Afipia_sp._GAS231	SRR6868671	NA
Afipia_sp._GAS231	SRR6868683	NA
Afipia_sp._GAS231	SRR6868684	NA
Afipia_sp._GAS231	SRR6868685	NA
Afipia_sp._GAS231	SRR6868686	NA
Afipia_sp._GAS231	SRR6868687	NA
Afipia_sp._GAS231	SRR6868688	NA
Afipia_sp._GAS231	SRR6868689	NA
Afipia_sp._GAS231	SRR6868698	NA
Afipia_sp._GAS231	SRR6868699	NA
Afipia_sp._GAS231	SRR6868700	NA
Afipia_sp._GAS231	SRR6868701	NA
Afipia_sp._GAS231	SRR6868702	NA
Afipia_sp._GAS231	SRR6868713	NA
Afipia_sp._GAS231	SRR6868714	NA
Afipia_sp._GAS231	SRR6868715	NA
Afipia_sp._GAS231	SRR6868716	NA
Afipia_sp._GAS231	SRR6868717	NA
Afipia_sp._GAS231	SRR6868718	NA
Afipia_sp._GAS231	SRR6868719	NA
Afipia_sp._GAS231	SRR6868720	NA
Afipia_sp._GAS231	SRR6868721	NA
Afipia_sp._GAS231	SRR6868722	NA
Afipia_sp._GAS231	SRR6868723	NA
Afipia_sp._GAS231	SRR6868724	NA
Afipia_sp._GAS231	SRR6868725	NA
Afipia_sp._GAS231	SRR6868726	NA
Afipia_sp._GAS231	SRR6868741	NA
Afipia_sp._GAS231	SRR7632756	NA
Afipia_sp._GAS231	SRR7632757	NA
Afipia_sp._GAS231	SRR7632758	NA
Afipia_sp._GAS231	SRR7632759	NA
Afipia_sp._GAS231	SRR7632760	NA
Afipia_sp._GAS231	SRR7632761	NA
Afipia_sp._GAS231	SRR7632762	NA
Afipia_sp._GAS231	SRR7632763	NA
Afipia_sp._GAS231	SRR7632764	NA
Afipia_sp._GAS231	SRR7632765	NA
Afipia_sp._GAS231	SRR7632766	NA
Afipia_sp._GAS231	SRR7632767	NA
Afipia_sp._GAS231	SRR7632768	NA
Afipia_sp._GAS231	SRR7632769	NA
Afipia_sp._GAS231	SRR7632770	NA
Afipia_sp._GAS231	SRR7632771	NA
Afipia_sp._GAS231	SRR7632772	NA
Afipia_sp._GAS231	SRR7632773	NA
Afipia_sp._GAS231	SRR7632774	NA
Afipia_sp._GAS231	SRR7632775	NA
Afipia_sp._GAS231	SRR7632776	NA
Afipia_sp._GAS231	SRR7632777	NA
Afipia_sp._GAS231	SRR7632778	NA
Afipia_sp._GAS231	SRR7632779	NA
Afipia_sp._GAS231	SRR7632780	NA
Afipia_sp._GAS231	SRR7632781	NA
Afipia_sp._GAS231	SRR7632782	NA
Afipia_sp._GAS231	SRR7632783	NA
Afipia_sp._GAS231	SRR7632784	NA
Afipia_sp._GAS231	SRR7632785	NA
Afipia_sp._GAS231	SRR7632786	NA
Afipia_sp._GAS231	SRR7632787	NA
Afipia_sp._GAS231	SRR7632788	NA
Afipia_sp._GAS231	SRR7632789	NA
Afipia_sp._GAS231	SRR7632790	NA
Afipia_sp._GAS231	SRR7632791	NA
Afipia_sp._GAS231	SRR7632792	NA
Afipia_sp._GAS231	SRR7632793	NA
Afipia_sp._GAS231	SRR7632794	NA
Afipia_sp._GAS231	SRR7632795	NA
Afipia_sp._GAS231	SRR7632796	NA
Afipia_sp._GAS231	SRR7632797	NA
Afipia_sp._GAS231	SRR7632798	NA
Afipia_sp._GAS231	SRR7632799	NA
Afipia_sp._GAS231	SRR7632800	NA
Afipia_sp._GAS231	SRR7632801	NA
Afipia_sp._GAS231	SRR7632802	NA
Afipia_sp._GAS231	SRR7632803	NA
Afipia_sp._GAS231	SRR7632804	NA
Afipia_sp._GAS231	SRR7632805	NA
Afipia_sp._GAS231	SRR7632806	NA
Afipia_sp._GAS231	SRR7632807	NA
Afipia_sp._GAS231	SRR7632808	NA
Afipia_sp._GAS231	SRR7632809	NA
Afipia_sp._GAS231	SRR7632810	NA
Afipia_sp._GAS231	SRR7632811	NA
Afipia_sp._GAS231	SRR7632812	NA
Afipia_sp._GAS231	SRR7632813	NA
Afipia_sp._GAS231	SRR7632814	NA
Afipia_sp._GAS231	SRR7632815	NA
Afipia_sp._GAS231	SRR7632816	NA
Afipia_sp._GAS231	SRR7632817	NA
Afipia_sp._GAS231	SRR7632818	NA
Afipia_sp._GAS231	SRR7632819	NA
Afipia_sp._GAS231	SRR7632820	NA
Afipia_sp._GAS231	SRR7632821	NA
Afipia_sp._GAS231	SRR7632822	NA
Afipia_sp._GAS231	SRR7632823	NA
Afipia_sp._GAS231	SRR7632824	NA
Afipia_sp._GAS231	SRR7632825	NA
Afipia_sp._GAS231	SRR7632826	NA
Afipia_sp._GAS231	SRR7632827	NA
Afipia_sp._GAS231	SRR7632828	NA
Afipia_sp._GAS231	SRR7632829	NA
Afipia_sp._GAS231	SRR7632830	NA
Afipia_sp._GAS231	SRR7632831	NA
Afipia_sp._GAS231	SRR7632832	NA
Afipia_sp._GAS231	SRR7632833	NA
Afipia_sp._GAS231	SRR7632834	NA
Afipia_sp._GAS231	SRR7632835	NA
Afipia_sp._GAS231	SRR7632836	NA
Afipia_sp._GAS231	SRR7632837	NA
Afipia_sp._GAS231	SRR7632838	NA
Afipia_sp._GAS231	SRR7632839	NA
Afipia_sp._GAS231	SRR7632840	NA
Afipia_sp._GAS231	SRR7632841	NA
Afipia_sp._GAS231	SRR7632842	NA
Afipia_sp._GAS231	SRR7632843	NA
Afipia_sp._GAS231	SRR7632844	NA
Afipia_sp._GAS231	SRR7632845	NA
Afipia_sp._GAS231	SRR7632846	NA
Afipia_sp._GAS231	SRR7632847	NA
Afipia_sp._GAS231	SRR7632848	NA
Afipia_sp._GAS231	SRR7632849	NA
Afipia_sp._GAS231	SRR7632850	NA
Afipia_sp._GAS231	SRR7632851	NA
Afipia_sp._GAS231	SRR7632852	NA
Afipia_sp._GAS231	SRR7632853	NA
Afipia_sp._GAS231	SRR7632854	NA
Afipia_sp._GAS231	SRR7632855	NA
Afipia_sp._GAS231	SRR7632856	NA
Afipia_sp._GAS231	SRR7632857	NA
Afipia_sp._GAS231	SRR7632858	NA
Afipia_sp._GAS231	SRR7632859	NA
Afipia_sp._GAS231	SRR7632860	NA
Afipia_sp._GAS231	SRR7632861	NA
Afipia_sp._GAS231	SRR7632862	NA
Afipia_sp._GAS231	SRR7632863	NA
Afipia_sp._GAS231	SRR7632864	NA
Afipia_sp._GAS231	SRR7632865	NA
Afipia_sp._GAS231	SRR7632866	NA
Afipia_sp._GAS231	SRR7632867	NA
Afipia_sp._GAS231	SRR7632868	NA
Afipia_sp._GAS231	SRR7632869	NA
Afipia_sp._GAS231	SRR7632870	NA
Afipia_sp._GAS231	SRR7632871	NA
Afipia_sp._GAS231	SRR7632872	NA
Afipia_sp._GAS231	SRR7632873	NA
Afipia_sp._GAS231	SRR7632874	NA
Afipia_sp._GAS231	SRR7632875	NA
Afipia_sp._GAS231	SRR7632876	NA
Afipia_sp._GAS231	SRR7632877	NA
Afipia_sp._GAS231	SRR7632878	NA
Afipia_sp._GAS231	SRR7632879	NA
Afipia_sp._GAS231	SRR7632880	NA
Afipia_sp._GAS231	SRR7632881	NA
Afipia_sp._GAS231	SRR7632882	NA
Afipia_sp._GAS231	SRR7632883	NA
Afipia_sp._GAS231	SRR7632884	NA
Afipia_sp._GAS231	SRR7632885	NA
Afipia_sp._GAS231	SRR7632886	NA
Afipia_sp._GAS231	SRR7632887	NA
Afipia_sp._GAS231	SRR7632888	NA
Afipia_sp._GAS231	SRR7632889	NA
Afipia_sp._GAS231	SRR7632890	NA
Afipia_sp._GAS231	SRR7632891	NA
Afipia_sp._GAS231	SRR7632892	NA
Afipia_sp._GAS231	SRR7632893	NA
Afipia_sp._GAS231	SRR7632894	NA
Afipia_sp._GAS231	SRR7632895	NA
Afipia_sp._GAS231	SRR7632896	NA
Afipia_sp._GAS231	SRR7632897	NA
Afipia_sp._GAS231	SRR7632898	NA
Afipia_sp._GAS231	SRR7632899	NA
Afipia_sp._GAS231	SRR7632900	NA
Afipia_sp._GAS231	SRR7632901	NA
Afipia_sp._GAS231	SRR7632902	NA
Afipia_sp._GAS231	SRR7632903	NA
Afipia_sp._GAS231	SRR7632904	NA
Afipia_sp._GAS231	SRR7632905	NA
Afipia_sp._GAS231	SRR7632906	NA
Afipia_sp._GAS231	SRR7632907	NA
Afipia_sp._GAS231	SRR7632908	NA
Afipia_sp._GAS231	SRR7632909	NA
Afipia_sp._GAS231	SRR7632910	NA
Afipia_sp._GAS231	SRR7632911	NA
Afipia_sp._GAS231	SRR7632912	NA
Afipia_sp._GAS231	SRR7632913	NA
Afipia_sp._GAS231	SRR7632914	NA
Afipia_sp._GAS231	SRR7632915	NA
Afipia_sp._GAS231	SRR7632916	NA
Afipia_sp._GAS231	SRR7632917	NA
Afipia_sp._GAS231	SRR7632918	NA
Afipia_sp._GAS231	SRR7632919	NA
Afipia_sp._GAS231	SRR7632920	NA
Afipia_sp._GAS231	SRR7632921	NA
Afipia_sp._GAS231	SRR7632922	NA
Afipia_sp._GAS231	SRR7632923	NA
Afipia_sp._GAS231	SRR7632924	NA
Afipia_sp._GAS231	SRR7632925	NA
Afipia_sp._GAS231	SRR7632926	NA
Afipia_sp._GAS231	SRR7632927	NA
Afipia_sp._GAS231	SRR7632928	NA
Afipia_sp._GAS231	SRR7632929	NA
Afipia_sp._GAS231	SRR7632930	NA
Afipia_sp._GAS231	SRR7632931	NA
Afipia_sp._GAS231	SRR7632932	NA
Afipia_sp._GAS231	SRR7632933	NA
Afipia_sp._GAS231	SRR7632934	NA
Afipia_sp._GAS231	SRR7632935	NA
Afipia_sp._GAS231	SRR7632936	NA
Afipia_sp._GAS231	SRR7632937	NA
Afipia_sp._GAS231	SRR7632938	NA
Afipia_sp._GAS231	SRR7632939	NA
Afipia_sp._GAS231	SRR7632940	NA
Afipia_sp._GAS231	SRR7632941	NA
Afipia_sp._GAS231	SRR7632942	NA
Afipia_sp._GAS231	SRR7632943	NA
Afipia_sp._GAS231	SRR7632944	NA
Afipia_sp._GAS231	SRR7632945	NA
Afipia_sp._GAS231	SRR8928966	NA
Afipia_sp._GAS231	SRR8928967	NA
Afipia_sp._GAS231	SRR8928968	NA
Afipia_sp._GAS231	SRR8928969	NA
Afipia_sp._GAS231	SRR8928970	NA
Afipia_sp._GAS231	SRR8928971	NA
Afipia_sp._GAS231	SRR8928972	NA
Afipia_sp._GAS231	SRR8928973	NA
Afipia_sp._GAS231	SRR8928974	NA
Afipia_sp._GAS231	SRR8928975	NA
Afipia_sp._GAS231	SRR8928976	NA
Afipia_sp._GAS231	SRR8928977	NA
Afipia_sp._GAS231	SRR8928978	NA
Afipia_sp._GAS231	SRR8928979	NA
Afipia_sp._GAS231	SRR8928980	NA
Afipia_sp._GAS231	SRR8928981	NA
Afipia_sp._GAS231	SRR8928982	NA
Afipia_sp._GAS231	SRR8928983	NA
Afipia_sp._GAS231	SRR8928984	NA
Afipia_sp._GAS231	SRR8928985	NA
Afipia_sp._GAS231	SRR8928986	NA
Afipia_sp._GAS231	SRR8928987	NA
Afipia_sp._GAS231	SRR8928988	NA
Afipia_sp._GAS231	SRR8928989	NA
Afipia_sp._GAS231	SRR8928990	NA
Afipia_sp._GAS231	SRR8928991	NA
Afipia_sp._GAS231	SRR9835604	NA
Afipia_sp._GAS231	SRR9835605	NA
Afipia_sp._GAS231	SRR9835606	NA
Afipia_sp._GAS231	SRR9835607	NA
Afipia_sp._GAS231	SRR9835608	NA
Afipia_sp._GAS231	SRR9835609	NA
Afipia_sp._GAS231	SRR9835610	NA
Afipia_sp._GAS231	SRR9835611	NA
Afipia_sp._GAS231	SRR9835612	NA
Afipia_sp._GAS231	SRR9835613	NA
Afipia_sp._GAS231	SRR9835614	NA
Afipia_sp._GAS231	SRR9835615	NA
Afipia_sp._GAS231	SRR9835616	NA
Afipia_sp._GAS231	SRR9835617	NA
Afipia_sp._GAS231	SRR9835618	NA
Afipia_sp._GAS231	SRR9835619	NA
Afipia_sp._GAS231	SRR9835620	NA
Afipia_sp._GAS231	SRR9835621	NA
Afipia_sp._GAS231	SRR9835622	NA
Afipia_sp._GAS231	SRR9835623	NA
Afipia_sp._GAS231	SRR9835624	NA
Afipia_sp._GAS231	SRR9835625	NA
Afipia_sp._GAS231	SRR9835626	NA
Afipia_sp._GAS231	SRR9835627	NA
Afipia_sp._GAS231	SRR9835628	NA
Afipia_sp._GAS231	SRR9835629	NA
Afipia_sp._GAS231	SRR9835630	NA
Afipia_sp._GAS231	SRR9835631	NA
Afipia_sp._GAS231	SRR9835632	NA
Afipia_sp._GAS231	SRR9835633	NA
Afipia_sp._GAS231	SRR9835634	NA
Afipia_sp._GAS231	SRR9835635	NA
Afipia_sp._GAS231	SRR9835636	NA
Afipia_sp._GAS231	SRR9835637	NA
Afipia_sp._GAS231	SRR9835638	NA
Afipia_sp._GAS231	SRR9835639	NA
Afipia_sp._GAS231	SRR9835640	NA
Afipia_sp._GAS231	SRR9835641	NA
Afipia_sp._GAS231	SRR9835642	NA
Afipia_sp._GAS231	SRR9835643	NA
Afipia_sp._GAS231	SRR9835644	NA
Afipia_sp._GAS231	SRR9835645	NA
Afipia_sp._GAS231	SRR9835646	NA
Afipia_sp._GAS231	SRR9835647	NA
Afipia_sp._GAS231	SRR9835648	NA
Afipia_sp._GAS231	SRR9835649	NA
Afipia_sp._GAS231	SRR9835650	NA
Afipia_sp._GAS231	SRR9835651	NA
Afipia_sp._GAS231	SRR9835652	NA
Afipia_sp._GAS231	SRR9835653	NA
Afipia_sp._GAS231	SRR9835654	NA
Afipia_sp._GAS231	SRR9835655	NA
Afipia_sp._GAS231	SRR9835656	NA
Afipia_sp._GAS231	SRR9835657	NA
Afipia_sp._GAS231	SRR9835658	NA
Afipia_sp._GAS231	SRR9835659	NA
Afipia_sp._GAS231	SRR9835660	NA
Afipia_sp._GAS231	SRR9835661	NA
Afipia_sp._GAS231	SRR9835662	NA
Afipia_sp._GAS231	SRR9835663	NA
Afipia_sp._GAS231	SRR9835664	NA
Afipia_sp._GAS231	SRR9835665	NA
Afipia_sp._GAS231	SRR9835666	NA
Afipia_sp._GAS231	SRR9835667	NA
Afipia_sp._GAS231	SRR9835668	NA
Afipia_sp._GAS231	SRR9835669	NA
Afipia_sp._GAS231	SRR9835670	NA
Afipia_sp._GAS231	SRR9835671	NA
Afipia_sp._GAS231	SRR9835672	NA
Afipia_sp._GAS231	SRR9835673	NA
Afipia_sp._GAS231	SRR9835674	NA
Afipia_sp._GAS231	SRR9835675	NA
Afipia_sp._GAS231	SRR9835676	NA
Afipia_sp._GAS231	SRR9835677	NA
Afipia_sp._GAS231	SRR9835678	NA
Afipia_sp._GAS231	SRR9835679	NA
Afipia_sp._GAS231	SRR9835680	NA
Afipia_sp._GAS231	SRR9835681	NA
Afipia_sp._GAS231	SRR9835682	NA
Afipia_sp._GAS231	SRR9835683	NA
Afipia_sp._GAS231	SRR9835684	NA
Afipia_sp._GAS231	SRR9835685	NA
Afipia_sp._GAS231	SRR9835686	NA
Afipia_sp._GAS231	SRR9835687	NA
Afipia_sp._GAS231	SRR9835688	NA
Afipia_sp._GAS231	SRR9835689	NA
Afipia_sp._GAS231	SRR9835690	NA
Afipia_sp._GAS231	SRR9835691	NA
Afipia_sp._GAS231	SRR9835692	NA
Afipia_sp._GAS231	SRR9835693	NA
Afipia_sp._GAS231	SRR9835694	NA
Afipia_sp._GAS231	SRR9835695	NA
Afipia_sp._GAS231	SRR9835696	NA
Afipia_sp._GAS231	SRR9835697	NA
Afipia_sp._GAS231	SRR9835698	NA
Afipia_sp._GAS231	SRR9835699	NA
Afipia_sp._GAS231	SRR9835700	NA
Afipia_sp._GAS231	SRR9835701	NA
Afipia_sp._GAS231	SRR9835702	NA
Afipia_sp._GAS231	SRR9835703	NA
Afipia_sp._GAS231	SRR9835704	NA
Afipia_sp._GAS231	SRR9835705	NA
Afipia_sp._GAS231	SRR9835706	NA
Afipia_sp._GAS231	SRR9835707	NA
Afipia_sp._GAS231	SRR9835708	NA
Afipia_sp._GAS231	SRR9835709	NA
Afipia_sp._GAS231	SRR9835710	NA
Afipia_sp._GAS231	SRR9835711	NA
Afipia_sp._GAS231	SRR9835712	NA
Afipia_sp._GAS231	SRR9835713	NA
Afipia_sp._GAS231	SRR9835714	NA
Afipia_sp._GAS231	SRR9835715	NA
Afipia_sp._GAS231	SRR9835716	NA
Afipia_sp._GAS231	SRR9835717	NA
Afipia_sp._GAS231	SRR9835718	NA
Afipia_sp._GAS231	SRR9835719	NA
Afipia_sp._GAS231	SRR9835720	NA
Afipia_sp._GAS231	SRR9835721	NA
Afipia_sp._GAS231	SRR9835722	NA
Afipia_sp._GAS231	SRR9835723	NA
Afipia_sp._GAS231	SRR9835724	NA
Afipia_sp._GAS231	SRR9835725	NA
Afipia_sp._GAS231	SRR9835726	NA
Afipia_sp._GAS231	SRR9835727	NA
Afipia_sp._GAS231	SRR9835728	NA
Afipia_sp._GAS231	SRR9835729	NA
Afipia_sp._GAS231	SRR9835730	NA
Afipia_sp._GAS231	SRR9835731	NA
Afipia_sp._GAS231	SRR9835732	NA
Afipia_sp._GAS231	SRR9835733	NA
Afipia_sp._GAS231	SRR9835734	NA
Afipia_sp._GAS231	SRR9835735	NA
Afipia_sp._GAS231	SRR9835736	NA
Afipia_sp._GAS231	SRR9835737	NA
Afipia_sp._GAS231	SRR9835738	NA
Afipia_sp._GAS231	SRR9835739	NA
Afipia_sp._GAS231	SRR9835740	NA
Afipia_sp._GAS231	SRR9835741	NA
Afipia_sp._GAS231	SRR9835742	NA
Afipia_sp._GAS231	SRR9835743	NA
Afipia_sp._GAS231	SRR9835744	NA
Afipia_sp._GAS231	SRR9835745	NA
Afipia_sp._GAS231	SRR9835746	NA
Afipia_sp._GAS231	SRR9835747	NA
Afipia_sp._GAS231	SRR9835748	NA
Afipia_sp._GAS231	SRR9835749	NA
Afipia_sp._GAS231	SRR9835750	NA
Afipia_sp._GAS231	SRR9835751	NA
Afipia_sp._GAS231	SRR9835752	NA
Afipia_sp._GAS231	SRR9835753	NA
Afipia_sp._GAS231	SRR9835754	NA
Afipia_sp._GAS231	SRR9835755	NA
Afipia_sp._GAS231	SRR9835756	NA
Afipia_sp._GAS231	SRR9835757	NA
Afipia_sp._GAS231	SRR9835758	NA
Afipia_sp._GAS231	SRR9835759	NA
Afipia_sp._GAS231	SRR9835760	NA
Afipia_sp._GAS231	SRR9835761	NA
Afipia_sp._GAS231	SRR9835762	NA
Afipia_sp._GAS231	SRR9835763	NA
Afipia_sp._GAS231	SRR9835764	NA
Afipia_sp._GAS231	SRR9835765	NA
Afipia_sp._GAS231	SRR9835766	NA
Afipia_sp._GAS231	SRR9835767	NA
Afipia_sp._GAS231	SRR9835768	NA
Afipia_sp._GAS231	SRR9835769	NA
Afipia_sp._GAS231	SRR9835770	NA
Afipia_sp._GAS231	SRR9835771	NA
Afipia_sp._GAS231	SRR9835772	NA
Afipia_sp._GAS231	SRR9835773	NA
Afipia_sp._GAS231	SRR9835774	NA
Afipia_sp._GAS231	SRR9835775	NA
Afipia_sp._GAS231	SRR9835776	NA
Afipia_sp._GAS231	SRR9835777	NA
Afipia_sp._GAS231	SRR9835778	NA
Afipia_sp._GAS231	SRR9835779	NA
Afipia_sp._GAS231	SRR9835780	NA
Afipia_sp._GAS231	SRR9835781	NA
Afipia_sp._GAS231	SRR9835782	NA
Afipia_sp._GAS231	SRR9835783	NA
Afipia_sp._GAS231	SRR9835784	NA
Afipia_sp._GAS231	SRR9835785	NA
Afipia_sp._GAS231	SRR9835786	NA
Afipia_sp._GAS231	SRR9835787	NA
Afipia_sp._GAS231	SRR9835788	NA
Afipia_sp._GAS231	SRR9835789	NA
Afipia_sp._GAS231	SRR9835790	NA
Afipia_sp._GAS231	SRR9835791	NA
Afipia_sp._GAS231	SRR9835792	NA
Afipia_sp._GAS231	SRR9835793	NA
Afipia_sp._GAS231	SRR9835794	NA
Afipia_sp._GAS231	SRR9835795	NA
Afipia_sp._GAS231	SRR9835796	NA
Afipia_sp._GAS231	SRR9835797	NA
Afipia_sp._GAS231	SRR9835798	NA
Afipia_sp._GAS231	SRR9835799	NA
Afipia_sp._GAS231	SRR9835800	NA
Afipia_sp._GAS231	SRR9835801	NA
Afipia_sp._GAS231	SRR9835802	NA
Afipia_sp._GAS231	SRR9867812	1
Afipia_sp._GAS231	SRR9867813	1
Afipia_sp._GAS231	SRR9867814	1
Afipia_sp._GAS231	SRR9867815	1
Afipia_sp._GAS231	SRR9867816	3
Afipia_sp._GAS231	SRR9867817	7
Afipia_sp._GAS231	SRR9867818	0
Afipia_sp._GAS231	SRR9867819	18
Afipia_sp._GAS231	SRR9867820	0
Afipia_sp._GAS231	SRR9867821	0
Afipia_sp._GAS231	SRR9867822	3
Afipia_sp._GAS231	SRR9867823	0
Afipia_sp._GAS231	SRR9867824	0
Afipia_sp._GAS231	SRR9867825	4
Afipia_sp._GAS231	SRR9867826	1
Afipia_sp._GAS231	SRR9867827	2
Afipia_sp._GAS231	SRR9867828	3
Afipia_sp._GAS231	SRR9867829	1
Afipia_sp._GAS231	SRR9867830	5
Afipia_sp._GAS231	SRR9867831	0
Afipia_sp._GAS231	SRR9879292	NA
Afipia_sp._GAS231	SRR9879293	NA
Afipia_sp._GAS231	SRR9879294	NA
Afipia_sp._GAS231	SRR9879295	NA
Afipia_sp._GAS231	SRR9879296	NA
Afipia_sp._GAS231	SRR9879297	NA
Afipia_sp._GAS231	SRR9879298	NA
Afipia_sp._GAS231	SRR9879299	NA
Afipia_sp._GAS231	SRR9879300	NA
Afipia_sp._GAS231	SRR9879301	NA
Afipia_sp._GAS231	SRR9879302	NA
Afipia_sp._GAS231	SRR9879303	NA
Afipia_sp._GAS231	SRR9879304	NA
Afipia_sp._GAS231	SRR9879305	NA
Afipia_sp._GAS231	SRR9879306	NA
Afipia_sp._GAS231	SRR9879307	NA
Afipia_sp._GAS231	SRR9879308	NA
Afipia_sp._GAS231	SRR9879309	NA
Afipia_sp._GAS231	T50_307	2
Afipia_sp._GAS231	T50_313	1
Afipia_sp._GAS231	T50_317	5
Afipia_sp._GAS231	T50_324	4
Afipia_sp._GAS231	T50_427	1
Afipia_sp._GAS231	T50_428	0
Afipia_sp._GAS231	T50_431	0
Afipia_sp._GAS231	T50_436	0
Afipia_sp._GAS231	T50_476	0
Afipia_sp._GAS231	UN_307	3
Afipia_sp._GAS231	UN_313	1
Afipia_sp._GAS231	UN_317	4
Afipia_sp._GAS231	UN_323	0
Afipia_sp._GAS231	UN_324	4
Afipia_sp._GAS231	UN_427	1
Afipia_sp._GAS231	UN_428	0
Afipia_sp._GAS231	UN_431	0
Afipia_sp._GAS231	UN_436	2
Afipia_sp._GAS231	UN_476	1
