Feature	sample	counts
Halobacillus_halophilus	CM317	0
Halobacillus_halophilus	CMCD140	0
Halobacillus_halophilus	CMCD147	14
Halobacillus_halophilus	CMCD152	0
Halobacillus_halophilus	CMCD154	3
Halobacillus_halophilus	CMCD159	7
Halobacillus_halophilus	CMCD161	0
Halobacillus_halophilus	CMCD174	15
Halobacillus_halophilus	CMCD196	0
Halobacillus_halophilus	CMCD198	0
Halobacillus_halophilus	CMCD203	0
Halobacillus_halophilus	CMCD211	0
Halobacillus_halophilus	CMCD227	0
Halobacillus_halophilus	CMCD240	0
Halobacillus_halophilus	CMCD259	0
Halobacillus_halophilus	CMCD270	0
Halobacillus_halophilus	CMCD275	0
Halobacillus_halophilus	CMCD282	0
Halobacillus_halophilus	CMCD286	0
Halobacillus_halophilus	CMCD287	0
Halobacillus_halophilus	CMCD294	0
Halobacillus_halophilus	CMCD327	0
Halobacillus_halophilus	CMCD335	0
Halobacillus_halophilus	CMCD337	1
Halobacillus_halophilus	CMCD357	0
Halobacillus_halophilus	CMCD398	0
Halobacillus_halophilus	CMCD403	0
Halobacillus_halophilus	CMCD422	0
Halobacillus_halophilus	CMCD426	0
Halobacillus_halophilus	CMCD71	1
Halobacillus_halophilus	CMCD72	0
Halobacillus_halophilus	CMCD76	0
Halobacillus_halophilus	CMCD88	0
Halobacillus_halophilus	CMSA256	0
Halobacillus_halophilus	CMSA316	0
Halobacillus_halophilus	CMUC110	0
Halobacillus_halophilus	CMUC192	0
Halobacillus_halophilus	CMUC199	0
Halobacillus_halophilus	CMUC200	0
Halobacillus_halophilus	CMUC208	0
Halobacillus_halophilus	CMUC231	0
Halobacillus_halophilus	CMUC234	0
Halobacillus_halophilus	CMUC285	0
Halobacillus_halophilus	CMUC291	0
Halobacillus_halophilus	CMUC295	0
Halobacillus_halophilus	CMUC299	0
Halobacillus_halophilus	CMUC301	0
Halobacillus_halophilus	CMUC307	0
Halobacillus_halophilus	CMUC313	1
Halobacillus_halophilus	CMUC314	2
Halobacillus_halophilus	CMUC323	1
Halobacillus_halophilus	CMUC324	0
Halobacillus_halophilus	CMUC331	0
Halobacillus_halophilus	CMUC333	0
Halobacillus_halophilus	CMUC334	1
Halobacillus_halophilus	CMUC346	0
Halobacillus_halophilus	CMUC352	0
Halobacillus_halophilus	CMUC360	1
Halobacillus_halophilus	CMUC363	0
Halobacillus_halophilus	CMUC365	0
Halobacillus_halophilus	CMUC366	0
Halobacillus_halophilus	CMUC368	0
Halobacillus_halophilus	CMUC377	0
Halobacillus_halophilus	CMUC379	0
Halobacillus_halophilus	CMUC380	0
Halobacillus_halophilus	CMUC383	0
Halobacillus_halophilus	CMUC394	1
Halobacillus_halophilus	CMUC419	0
Halobacillus_halophilus	CMUC427	0
Halobacillus_halophilus	CMUC428	1
Halobacillus_halophilus	CMUC431	0
Halobacillus_halophilus	CMUC435	0
Halobacillus_halophilus	CMUC439	2
Halobacillus_halophilus	CMUC89	0
Halobacillus_halophilus	CS219	0
Halobacillus_halophilus	CS256	0
Halobacillus_halophilus	CS257	4
Halobacillus_halophilus	CS259	0
Halobacillus_halophilus	CS261	0
Halobacillus_halophilus	CS266	0
Halobacillus_halophilus	CS270	1
Halobacillus_halophilus	CS277	0
Halobacillus_halophilus	CS288	3
Halobacillus_halophilus	CS290	0
Halobacillus_halophilus	CS292	1
Halobacillus_halophilus	CS293	0
Halobacillus_halophilus	CS301	0
Halobacillus_halophilus	CS306	0
Halobacillus_halophilus	CS308	0
Halobacillus_halophilus	CS315	1
Halobacillus_halophilus	CS317	9
Halobacillus_halophilus	CS322	1
Halobacillus_halophilus	CS327	0
Halobacillus_halophilus	CS328	1
Halobacillus_halophilus	CS330	10
Halobacillus_halophilus	CS331	0
Halobacillus_halophilus	CS335	1
Halobacillus_halophilus	CS338	1
Halobacillus_halophilus	CS339	0
Halobacillus_halophilus	CS343	0
Halobacillus_halophilus	CS344	0
Halobacillus_halophilus	CS350	0
Halobacillus_halophilus	CS351	0
Halobacillus_halophilus	CS361	0
Halobacillus_halophilus	CS388	0
Halobacillus_halophilus	CS396	0
Halobacillus_halophilus	CS405	0
Halobacillus_halophilus	CS415	0
Halobacillus_halophilus	CS424	0
Halobacillus_halophilus	IM293	0
Halobacillus_halophilus	IM296	0
Halobacillus_halophilus	IM297	1
Halobacillus_halophilus	IM300	0
Halobacillus_halophilus	IM305	0
Halobacillus_halophilus	IM309	0
Halobacillus_halophilus	IM310	0
Halobacillus_halophilus	IM311	0
Halobacillus_halophilus	IM316	0
Halobacillus_halophilus	IM320	2
Halobacillus_halophilus	IM330	0
Halobacillus_halophilus	IM332	2
Halobacillus_halophilus	IM340	5
Halobacillus_halophilus	IM348	0
Halobacillus_halophilus	IM354	0
Halobacillus_halophilus	IM356	1
Halobacillus_halophilus	IM364	1
Halobacillus_halophilus	IM372	0
Halobacillus_halophilus	IM374	0
Halobacillus_halophilus	IM376	2
Halobacillus_halophilus	IM381	0
Halobacillus_halophilus	IM382	3
Halobacillus_halophilus	IM385	0
Halobacillus_halophilus	IM390	0
Halobacillus_halophilus	IM397	2
Halobacillus_halophilus	IM404	0
Halobacillus_halophilus	IM409	0
Halobacillus_halophilus	IM412	0
Halobacillus_halophilus	IM421	1
Halobacillus_halophilus	IM425	0
Halobacillus_halophilus	IM432	1
Halobacillus_halophilus	IM438	0
Halobacillus_halophilus	IM442	0
Halobacillus_halophilus	IM445	1
Halobacillus_halophilus	IM448	1
Halobacillus_halophilus	IM449	0
Halobacillus_halophilus	IM451	1
Halobacillus_halophilus	IMSA256	0
Halobacillus_halophilus	IMSA276	0
Halobacillus_halophilus	IMSA286	1
Halobacillus_halophilus	IMSA343	2
Halobacillus_halophilus	IS_238	0
Halobacillus_halophilus	IS238	1
Halobacillus_halophilus	IS243	0
Halobacillus_halophilus	IS253	0
Halobacillus_halophilus	IS283	0
Halobacillus_halophilus	IS322	0
Halobacillus_halophilus	IS399	0
Halobacillus_halophilus	IS418	0
Halobacillus_halophilus	IS430	0
Halobacillus_halophilus	IS437	0
Halobacillus_halophilus	IS444	0
Halobacillus_halophilus	R276CMSA	0
Halobacillus_halophilus	R286CMSA	0
Halobacillus_halophilus	R292CMSA	0
Halobacillus_halophilus	R292IMSA	9
Halobacillus_halophilus	R308CMSA	3
Halobacillus_halophilus	R316IMSA	0
Halobacillus_halophilus	R347CMSA	0
Halobacillus_halophilus	R347IMSA	0
Halobacillus_halophilus	R371CMSA	1
Halobacillus_halophilus	SRR10104064	NA
Halobacillus_halophilus	SRR10104065	NA
Halobacillus_halophilus	SRR10104066	NA
Halobacillus_halophilus	SRR10104067	NA
Halobacillus_halophilus	SRR10104068	NA
Halobacillus_halophilus	SRR10104069	NA
Halobacillus_halophilus	SRR10104070	NA
Halobacillus_halophilus	SRR10104071	NA
Halobacillus_halophilus	SRR10104072	NA
Halobacillus_halophilus	SRR10104073	NA
Halobacillus_halophilus	SRR10104074	NA
Halobacillus_halophilus	SRR10104075	NA
Halobacillus_halophilus	SRR10104076	NA
Halobacillus_halophilus	SRR10104077	NA
Halobacillus_halophilus	SRR10104078	NA
Halobacillus_halophilus	SRR10104079	NA
Halobacillus_halophilus	SRR10104080	NA
Halobacillus_halophilus	SRR10104081	NA
Halobacillus_halophilus	SRR10104082	NA
Halobacillus_halophilus	SRR10104083	NA
Halobacillus_halophilus	SRR10104084	NA
Halobacillus_halophilus	SRR10104085	NA
Halobacillus_halophilus	SRR10104086	NA
Halobacillus_halophilus	SRR10104087	NA
Halobacillus_halophilus	SRR10104088	NA
Halobacillus_halophilus	SRR10104089	NA
Halobacillus_halophilus	SRR10104090	NA
Halobacillus_halophilus	SRR10104091	NA
Halobacillus_halophilus	SRR10104092	NA
Halobacillus_halophilus	SRR10104093	NA
Halobacillus_halophilus	SRR10104094	NA
Halobacillus_halophilus	SRR10104095	NA
Halobacillus_halophilus	SRR10104096	NA
Halobacillus_halophilus	SRR10104097	NA
Halobacillus_halophilus	SRR10104098	NA
Halobacillus_halophilus	SRR10104099	NA
Halobacillus_halophilus	SRR10104100	NA
Halobacillus_halophilus	SRR10104101	NA
Halobacillus_halophilus	SRR10104102	NA
Halobacillus_halophilus	SRR10104103	NA
Halobacillus_halophilus	SRR10104104	NA
Halobacillus_halophilus	SRR10104105	NA
Halobacillus_halophilus	SRR10104106	NA
Halobacillus_halophilus	SRR10104107	NA
Halobacillus_halophilus	SRR10104108	NA
Halobacillus_halophilus	SRR10104109	NA
Halobacillus_halophilus	SRR10104110	NA
Halobacillus_halophilus	SRR10104111	NA
Halobacillus_halophilus	SRR10104112	NA
Halobacillus_halophilus	SRR10104113	NA
Halobacillus_halophilus	SRR10104114	NA
Halobacillus_halophilus	SRR10104115	NA
Halobacillus_halophilus	SRR10104116	NA
Halobacillus_halophilus	SRR10104117	NA
Halobacillus_halophilus	SRR10104118	NA
Halobacillus_halophilus	SRR10104119	NA
Halobacillus_halophilus	SRR10104120	NA
Halobacillus_halophilus	SRR10104121	NA
Halobacillus_halophilus	SRR10104122	NA
Halobacillus_halophilus	SRR10104123	NA
Halobacillus_halophilus	SRR10104124	NA
Halobacillus_halophilus	SRR10104125	NA
Halobacillus_halophilus	SRR10104126	NA
Halobacillus_halophilus	SRR10104127	NA
Halobacillus_halophilus	SRR10104128	NA
Halobacillus_halophilus	SRR10104129	NA
Halobacillus_halophilus	SRR10104130	NA
Halobacillus_halophilus	SRR10104131	NA
Halobacillus_halophilus	SRR10104132	NA
Halobacillus_halophilus	SRR10104133	NA
Halobacillus_halophilus	SRR10104134	NA
Halobacillus_halophilus	SRR10104135	NA
Halobacillus_halophilus	SRR10104136	NA
Halobacillus_halophilus	SRR10104137	NA
Halobacillus_halophilus	SRR10104138	NA
Halobacillus_halophilus	SRR10104139	NA
Halobacillus_halophilus	SRR10104140	NA
Halobacillus_halophilus	SRR10104141	NA
Halobacillus_halophilus	SRR10104142	NA
Halobacillus_halophilus	SRR10104143	NA
Halobacillus_halophilus	SRR10104144	NA
Halobacillus_halophilus	SRR10104145	NA
Halobacillus_halophilus	SRR10104146	NA
Halobacillus_halophilus	SRR10104147	NA
Halobacillus_halophilus	SRR10104148	NA
Halobacillus_halophilus	SRR10104149	NA
Halobacillus_halophilus	SRR10104150	NA
Halobacillus_halophilus	SRR10104151	NA
Halobacillus_halophilus	SRR10104152	NA
Halobacillus_halophilus	SRR10104153	NA
Halobacillus_halophilus	SRR10104154	NA
Halobacillus_halophilus	SRR10104155	NA
Halobacillus_halophilus	SRR10104156	NA
Halobacillus_halophilus	SRR10104157	NA
Halobacillus_halophilus	SRR10104158	NA
Halobacillus_halophilus	SRR10104159	NA
Halobacillus_halophilus	SRR10104160	NA
Halobacillus_halophilus	SRR10104161	NA
Halobacillus_halophilus	SRR10104162	NA
Halobacillus_halophilus	SRR10104163	NA
Halobacillus_halophilus	SRR10104164	NA
Halobacillus_halophilus	SRR10104165	NA
Halobacillus_halophilus	SRR10104166	NA
Halobacillus_halophilus	SRR10104167	NA
Halobacillus_halophilus	SRR10104168	NA
Halobacillus_halophilus	SRR10104169	NA
Halobacillus_halophilus	SRR10104170	NA
Halobacillus_halophilus	SRR10104171	NA
Halobacillus_halophilus	SRR10104172	NA
Halobacillus_halophilus	SRR10104173	NA
Halobacillus_halophilus	SRR10104174	NA
Halobacillus_halophilus	SRR10104175	NA
Halobacillus_halophilus	SRR10104176	NA
Halobacillus_halophilus	SRR10104177	NA
Halobacillus_halophilus	SRR10104178	NA
Halobacillus_halophilus	SRR10104179	NA
Halobacillus_halophilus	SRR10104180	NA
Halobacillus_halophilus	SRR10104181	NA
Halobacillus_halophilus	SRR10104182	NA
Halobacillus_halophilus	SRR10104183	NA
Halobacillus_halophilus	SRR10104184	NA
Halobacillus_halophilus	SRR10104185	NA
Halobacillus_halophilus	SRR10104186	NA
Halobacillus_halophilus	SRR10104187	NA
Halobacillus_halophilus	SRR10104188	NA
Halobacillus_halophilus	SRR10104189	NA
Halobacillus_halophilus	SRR10104190	NA
Halobacillus_halophilus	SRR10104191	NA
Halobacillus_halophilus	SRR10104192	NA
Halobacillus_halophilus	SRR10104193	NA
Halobacillus_halophilus	SRR10104194	NA
Halobacillus_halophilus	SRR10104195	NA
Halobacillus_halophilus	SRR10104196	NA
Halobacillus_halophilus	SRR10104197	NA
Halobacillus_halophilus	SRR10104198	NA
Halobacillus_halophilus	SRR10104199	NA
Halobacillus_halophilus	SRR10104200	NA
Halobacillus_halophilus	SRR10104201	NA
Halobacillus_halophilus	SRR10104202	NA
Halobacillus_halophilus	SRR10104203	NA
Halobacillus_halophilus	SRR10104204	NA
Halobacillus_halophilus	SRR10104205	NA
Halobacillus_halophilus	SRR10104206	NA
Halobacillus_halophilus	SRR10104207	NA
Halobacillus_halophilus	SRR10104208	NA
Halobacillus_halophilus	SRR10104209	NA
Halobacillus_halophilus	SRR10104210	NA
Halobacillus_halophilus	SRR10104211	NA
Halobacillus_halophilus	SRR10104212	NA
Halobacillus_halophilus	SRR10104213	NA
Halobacillus_halophilus	SRR10104214	NA
Halobacillus_halophilus	SRR10104215	NA
Halobacillus_halophilus	SRR10104216	NA
Halobacillus_halophilus	SRR10104217	NA
Halobacillus_halophilus	SRR10104218	NA
Halobacillus_halophilus	SRR10104219	NA
Halobacillus_halophilus	SRR10104220	NA
Halobacillus_halophilus	SRR10104221	NA
Halobacillus_halophilus	SRR10104222	NA
Halobacillus_halophilus	SRR10104223	NA
Halobacillus_halophilus	SRR10104224	NA
Halobacillus_halophilus	SRR10104225	NA
Halobacillus_halophilus	SRR10104226	NA
Halobacillus_halophilus	SRR10104227	NA
Halobacillus_halophilus	SRR10104228	NA
Halobacillus_halophilus	SRR10104229	NA
Halobacillus_halophilus	SRR10104230	NA
Halobacillus_halophilus	SRR10104231	NA
Halobacillus_halophilus	SRR10104232	NA
Halobacillus_halophilus	SRR10104233	NA
Halobacillus_halophilus	SRR10104234	NA
Halobacillus_halophilus	SRR10104235	NA
Halobacillus_halophilus	SRR10104236	NA
Halobacillus_halophilus	SRR10104237	NA
Halobacillus_halophilus	SRR10104238	NA
Halobacillus_halophilus	SRR10104239	NA
Halobacillus_halophilus	SRR10104240	NA
Halobacillus_halophilus	SRR10104241	NA
Halobacillus_halophilus	SRR10104242	NA
Halobacillus_halophilus	SRR10104243	NA
Halobacillus_halophilus	SRR10104244	NA
Halobacillus_halophilus	SRR10104245	NA
Halobacillus_halophilus	SRR10104246	NA
Halobacillus_halophilus	SRR10104247	NA
Halobacillus_halophilus	SRR10104248	NA
Halobacillus_halophilus	SRR10104249	NA
Halobacillus_halophilus	SRR10104250	NA
Halobacillus_halophilus	SRR10104251	NA
Halobacillus_halophilus	SRR10104252	NA
Halobacillus_halophilus	SRR10104253	NA
Halobacillus_halophilus	SRR10104254	NA
Halobacillus_halophilus	SRR10104255	NA
Halobacillus_halophilus	SRR10104256	NA
Halobacillus_halophilus	SRR10104257	NA
Halobacillus_halophilus	SRR10104258	NA
Halobacillus_halophilus	SRR10224277	0
Halobacillus_halophilus	SRR10224278	0
Halobacillus_halophilus	SRR10224279	0
Halobacillus_halophilus	SRR10224280	0
Halobacillus_halophilus	SRR10224281	0
Halobacillus_halophilus	SRR10224282	0
Halobacillus_halophilus	SRR10224283	0
Halobacillus_halophilus	SRR10224284	0
Halobacillus_halophilus	SRR10224285	0
Halobacillus_halophilus	SRR10224286	0
Halobacillus_halophilus	SRR10224287	0
Halobacillus_halophilus	SRR10224288	0
Halobacillus_halophilus	SRR10224289	0
Halobacillus_halophilus	SRR10224290	0
Halobacillus_halophilus	SRR10224291	0
Halobacillus_halophilus	SRR10224292	0
Halobacillus_halophilus	SRR10224293	0
Halobacillus_halophilus	SRR10224294	0
Halobacillus_halophilus	SRR10224295	0
Halobacillus_halophilus	SRR10224296	0
Halobacillus_halophilus	SRR10224297	0
Halobacillus_halophilus	SRR10224298	0
Halobacillus_halophilus	SRR10318388	NA
Halobacillus_halophilus	SRR10318389	NA
Halobacillus_halophilus	SRR10318390	NA
Halobacillus_halophilus	SRR10318391	NA
Halobacillus_halophilus	SRR10318392	NA
Halobacillus_halophilus	SRR10318393	NA
Halobacillus_halophilus	SRR10318394	NA
Halobacillus_halophilus	SRR10318395	NA
Halobacillus_halophilus	SRR10318396	NA
Halobacillus_halophilus	SRR10318397	NA
Halobacillus_halophilus	SRR10318398	NA
Halobacillus_halophilus	SRR10318399	NA
Halobacillus_halophilus	SRR10318400	NA
Halobacillus_halophilus	SRR10318401	NA
Halobacillus_halophilus	SRR10318402	NA
Halobacillus_halophilus	SRR10318403	NA
Halobacillus_halophilus	SRR10318404	NA
Halobacillus_halophilus	SRR10318405	NA
Halobacillus_halophilus	SRR10318406	NA
Halobacillus_halophilus	SRR10318407	NA
Halobacillus_halophilus	SRR10318408	NA
Halobacillus_halophilus	SRR10318409	NA
Halobacillus_halophilus	SRR10318410	NA
Halobacillus_halophilus	SRR10318411	NA
Halobacillus_halophilus	SRR10318412	NA
Halobacillus_halophilus	SRR10318413	NA
Halobacillus_halophilus	SRR10318414	NA
Halobacillus_halophilus	SRR10318415	NA
Halobacillus_halophilus	SRR10318416	NA
Halobacillus_halophilus	SRR10318417	NA
Halobacillus_halophilus	SRR10318418	NA
Halobacillus_halophilus	SRR10318419	NA
Halobacillus_halophilus	SRR10318420	NA
Halobacillus_halophilus	SRR10318421	NA
Halobacillus_halophilus	SRR10318422	NA
Halobacillus_halophilus	SRR10318423	NA
Halobacillus_halophilus	SRR10318424	NA
Halobacillus_halophilus	SRR10318425	NA
Halobacillus_halophilus	SRR10318426	NA
Halobacillus_halophilus	SRR10318427	NA
Halobacillus_halophilus	SRR10318428	NA
Halobacillus_halophilus	SRR10318429	NA
Halobacillus_halophilus	SRR10318430	NA
Halobacillus_halophilus	SRR10318431	NA
Halobacillus_halophilus	SRR10318432	NA
Halobacillus_halophilus	SRR10318433	NA
Halobacillus_halophilus	SRR10318434	NA
Halobacillus_halophilus	SRR10318435	NA
Halobacillus_halophilus	SRR10318436	NA
Halobacillus_halophilus	SRR10318437	NA
Halobacillus_halophilus	SRR10318438	NA
Halobacillus_halophilus	SRR10318439	NA
Halobacillus_halophilus	SRR10318440	NA
Halobacillus_halophilus	SRR10318441	NA
Halobacillus_halophilus	SRR10318442	NA
Halobacillus_halophilus	SRR10318443	NA
Halobacillus_halophilus	SRR10318444	NA
Halobacillus_halophilus	SRR10318445	NA
Halobacillus_halophilus	SRR10318446	NA
Halobacillus_halophilus	SRR10318447	NA
Halobacillus_halophilus	SRR10318448	NA
Halobacillus_halophilus	SRR10318449	NA
Halobacillus_halophilus	SRR10318450	NA
Halobacillus_halophilus	SRR10318451	NA
Halobacillus_halophilus	SRR10318452	NA
Halobacillus_halophilus	SRR10318453	NA
Halobacillus_halophilus	SRR10318454	NA
Halobacillus_halophilus	SRR10318455	NA
Halobacillus_halophilus	SRR10318456	NA
Halobacillus_halophilus	SRR10318457	NA
Halobacillus_halophilus	SRR10318458	NA
Halobacillus_halophilus	SRR10318459	NA
Halobacillus_halophilus	SRR10318460	NA
Halobacillus_halophilus	SRR10318461	NA
Halobacillus_halophilus	SRR10318462	NA
Halobacillus_halophilus	SRR10318463	NA
Halobacillus_halophilus	SRR10318464	NA
Halobacillus_halophilus	SRR10318465	NA
Halobacillus_halophilus	SRR10318466	NA
Halobacillus_halophilus	SRR10318467	NA
Halobacillus_halophilus	SRR10318468	NA
Halobacillus_halophilus	SRR10318469	NA
Halobacillus_halophilus	SRR10318470	NA
Halobacillus_halophilus	SRR10318471	NA
Halobacillus_halophilus	SRR10318472	NA
Halobacillus_halophilus	SRR10318473	NA
Halobacillus_halophilus	SRR10318474	NA
Halobacillus_halophilus	SRR10318475	NA
Halobacillus_halophilus	SRR10318476	NA
Halobacillus_halophilus	SRR10318495	NA
Halobacillus_halophilus	SRR10318496	NA
Halobacillus_halophilus	SRR10318497	NA
Halobacillus_halophilus	SRR10318498	NA
Halobacillus_halophilus	SRR10318499	NA
Halobacillus_halophilus	SRR10318500	NA
Halobacillus_halophilus	SRR10318501	NA
Halobacillus_halophilus	SRR10318502	NA
Halobacillus_halophilus	SRR10318503	NA
Halobacillus_halophilus	SRR10318504	NA
Halobacillus_halophilus	SRR10318505	NA
Halobacillus_halophilus	SRR10318506	NA
Halobacillus_halophilus	SRR10318507	NA
Halobacillus_halophilus	SRR10318508	NA
Halobacillus_halophilus	SRR10318509	NA
Halobacillus_halophilus	SRR10318510	NA
Halobacillus_halophilus	SRR10318511	NA
Halobacillus_halophilus	SRR10318512	NA
Halobacillus_halophilus	SRR10318513	NA
Halobacillus_halophilus	SRR10318514	NA
Halobacillus_halophilus	SRR10318515	NA
Halobacillus_halophilus	SRR10318516	NA
Halobacillus_halophilus	SRR10318517	NA
Halobacillus_halophilus	SRR10318518	NA
Halobacillus_halophilus	SRR10318519	NA
Halobacillus_halophilus	SRR10318520	NA
Halobacillus_halophilus	SRR10318521	NA
Halobacillus_halophilus	SRR10318522	NA
Halobacillus_halophilus	SRR10318523	NA
Halobacillus_halophilus	SRR10318524	NA
Halobacillus_halophilus	SRR10318525	NA
Halobacillus_halophilus	SRR10318526	NA
Halobacillus_halophilus	SRR10318527	NA
Halobacillus_halophilus	SRR10318528	NA
Halobacillus_halophilus	SRR10318529	NA
Halobacillus_halophilus	SRR10318530	NA
Halobacillus_halophilus	SRR10318531	NA
Halobacillus_halophilus	SRR10318532	NA
Halobacillus_halophilus	SRR10318533	NA
Halobacillus_halophilus	SRR10318534	NA
Halobacillus_halophilus	SRR10318535	NA
Halobacillus_halophilus	SRR10318536	NA
Halobacillus_halophilus	SRR10318537	NA
Halobacillus_halophilus	SRR10318538	NA
Halobacillus_halophilus	SRR10318539	NA
Halobacillus_halophilus	SRR10318540	NA
Halobacillus_halophilus	SRR10318541	NA
Halobacillus_halophilus	SRR10318542	NA
Halobacillus_halophilus	SRR10318543	NA
Halobacillus_halophilus	SRR10318544	NA
Halobacillus_halophilus	SRR10318545	NA
Halobacillus_halophilus	SRR10318546	NA
Halobacillus_halophilus	SRR10318547	NA
Halobacillus_halophilus	SRR10318548	NA
Halobacillus_halophilus	SRR10318549	NA
Halobacillus_halophilus	SRR10318568	NA
Halobacillus_halophilus	SRR10318569	NA
Halobacillus_halophilus	SRR10318570	NA
Halobacillus_halophilus	SRR10318571	NA
Halobacillus_halophilus	SRR10318572	NA
Halobacillus_halophilus	SRR10318573	NA
Halobacillus_halophilus	SRR10318574	NA
Halobacillus_halophilus	SRR10318575	NA
Halobacillus_halophilus	SRR10318576	NA
Halobacillus_halophilus	SRR10318577	NA
Halobacillus_halophilus	SRR10318578	NA
Halobacillus_halophilus	SRR10318579	NA
Halobacillus_halophilus	SRR10318580	NA
Halobacillus_halophilus	SRR10318581	NA
Halobacillus_halophilus	SRR10875803	0
Halobacillus_halophilus	SRR10875804	0
Halobacillus_halophilus	SRR10875805	1
Halobacillus_halophilus	SRR10875806	0
Halobacillus_halophilus	SRR10875807	0
Halobacillus_halophilus	SRR10875808	0
Halobacillus_halophilus	SRR10875809	0
Halobacillus_halophilus	SRR10875810	0
Halobacillus_halophilus	SRR10875812	0
Halobacillus_halophilus	SRR10875813	0
Halobacillus_halophilus	SRR10875814	0
Halobacillus_halophilus	SRR10875815	0
Halobacillus_halophilus	SRR10875816	0
Halobacillus_halophilus	SRR10875817	0
Halobacillus_halophilus	SRR10875818	0
Halobacillus_halophilus	SRR10875819	0
Halobacillus_halophilus	SRR10875820	0
Halobacillus_halophilus	SRR10875821	0
Halobacillus_halophilus	SRR10875822	0
Halobacillus_halophilus	SRR10875823	0
Halobacillus_halophilus	SRR10875824	0
Halobacillus_halophilus	SRR10875825	0
Halobacillus_halophilus	SRR10875826	0
Halobacillus_halophilus	SRR10875827	0
Halobacillus_halophilus	SRR10875829	0
Halobacillus_halophilus	SRR10875830	0
Halobacillus_halophilus	SRR10875831	0
Halobacillus_halophilus	SRR10875832	0
Halobacillus_halophilus	SRR10875834	0
Halobacillus_halophilus	SRR10875835	0
Halobacillus_halophilus	SRR10875836	0
Halobacillus_halophilus	SRR10875837	0
Halobacillus_halophilus	SRR10875838	0
Halobacillus_halophilus	SRR10875839	0
Halobacillus_halophilus	SRR10875840	0
Halobacillus_halophilus	SRR10875841	0
Halobacillus_halophilus	SRR10875842	0
Halobacillus_halophilus	SRR10875843	0
Halobacillus_halophilus	SRR10875844	0
Halobacillus_halophilus	SRR10875845	0
Halobacillus_halophilus	SRR10875846	0
Halobacillus_halophilus	SRR10875847	0
Halobacillus_halophilus	SRR10875848	0
Halobacillus_halophilus	SRR10875849	0
Halobacillus_halophilus	SRR10875850	0
Halobacillus_halophilus	SRR10875851	0
Halobacillus_halophilus	SRR10875852	0
Halobacillus_halophilus	SRR10875853	0
Halobacillus_halophilus	SRR10875854	0
Halobacillus_halophilus	SRR10875855	0
Halobacillus_halophilus	SRR10875856	0
Halobacillus_halophilus	SRR10875857	0
Halobacillus_halophilus	SRR10875858	0
Halobacillus_halophilus	SRR10875859	0
Halobacillus_halophilus	SRR10875860	0
Halobacillus_halophilus	SRR10875861	2
Halobacillus_halophilus	SRR10875862	0
Halobacillus_halophilus	SRR10875863	0
Halobacillus_halophilus	SRR10875864	0
Halobacillus_halophilus	SRR10875865	0
Halobacillus_halophilus	SRR10875866	0
Halobacillus_halophilus	SRR10875867	1
Halobacillus_halophilus	SRR10875868	0
Halobacillus_halophilus	SRR10875869	0
Halobacillus_halophilus	SRR10875870	0
Halobacillus_halophilus	SRR10875871	0
Halobacillus_halophilus	SRR10875872	1
Halobacillus_halophilus	SRR10875873	0
Halobacillus_halophilus	SRR10875874	0
Halobacillus_halophilus	SRR10875875	1
Halobacillus_halophilus	SRR10875876	0
Halobacillus_halophilus	SRR10875877	0
Halobacillus_halophilus	SRR10875878	0
Halobacillus_halophilus	SRR10875879	0
Halobacillus_halophilus	SRR10875880	0
Halobacillus_halophilus	SRR10875881	0
Halobacillus_halophilus	SRR10875882	0
Halobacillus_halophilus	SRR10875883	0
Halobacillus_halophilus	SRR10875884	0
Halobacillus_halophilus	SRR10875885	0
Halobacillus_halophilus	SRR10875886	1
Halobacillus_halophilus	SRR10875887	0
Halobacillus_halophilus	SRR10875888	0
Halobacillus_halophilus	SRR10875889	0
Halobacillus_halophilus	SRR10875890	0
Halobacillus_halophilus	SRR10875891	0
Halobacillus_halophilus	SRR10875892	0
Halobacillus_halophilus	SRR10875893	0
Halobacillus_halophilus	SRR10875894	0
Halobacillus_halophilus	SRR10875895	0
Halobacillus_halophilus	SRR10875896	0
Halobacillus_halophilus	SRR10875897	0
Halobacillus_halophilus	SRR10875898	0
Halobacillus_halophilus	SRR10875899	0
Halobacillus_halophilus	SRR10875900	0
Halobacillus_halophilus	SRR10875901	0
Halobacillus_halophilus	SRR10875902	0
Halobacillus_halophilus	SRR12430469	0
Halobacillus_halophilus	SRR12430470	0
Halobacillus_halophilus	SRR12430471	0
Halobacillus_halophilus	SRR12430472	0
Halobacillus_halophilus	SRR12430473	0
Halobacillus_halophilus	SRR12430474	0
Halobacillus_halophilus	SRR12430475	0
Halobacillus_halophilus	SRR12430476	0
Halobacillus_halophilus	SRR12765534	NA
Halobacillus_halophilus	SRR12765535	NA
Halobacillus_halophilus	SRR12765536	NA
Halobacillus_halophilus	SRR12765537	NA
Halobacillus_halophilus	SRR12765538	NA
Halobacillus_halophilus	SRR12765539	NA
Halobacillus_halophilus	SRR12765540	NA
Halobacillus_halophilus	SRR12765541	NA
Halobacillus_halophilus	SRR12765542	NA
Halobacillus_halophilus	SRR12765543	NA
Halobacillus_halophilus	SRR12765544	NA
Halobacillus_halophilus	SRR12765545	NA
Halobacillus_halophilus	SRR12765546	NA
Halobacillus_halophilus	SRR12765547	NA
Halobacillus_halophilus	SRR12765548	NA
Halobacillus_halophilus	SRR12765549	NA
Halobacillus_halophilus	SRR12765550	NA
Halobacillus_halophilus	SRR12765551	NA
Halobacillus_halophilus	SRR12765552	NA
Halobacillus_halophilus	SRR12765553	NA
Halobacillus_halophilus	SRR12765554	NA
Halobacillus_halophilus	SRR12765555	NA
Halobacillus_halophilus	SRR12765556	NA
Halobacillus_halophilus	SRR12765557	NA
Halobacillus_halophilus	SRR12765558	NA
Halobacillus_halophilus	SRR12765559	NA
Halobacillus_halophilus	SRR12765560	NA
Halobacillus_halophilus	SRR12765561	NA
Halobacillus_halophilus	SRR12765562	NA
Halobacillus_halophilus	SRR12765563	NA
Halobacillus_halophilus	SRR12765564	NA
Halobacillus_halophilus	SRR12765565	NA
Halobacillus_halophilus	SRR12765566	NA
Halobacillus_halophilus	SRR12765567	NA
Halobacillus_halophilus	SRR12765568	NA
Halobacillus_halophilus	SRR12765569	NA
Halobacillus_halophilus	SRR12765570	NA
Halobacillus_halophilus	SRR12765571	NA
Halobacillus_halophilus	SRR12765572	NA
Halobacillus_halophilus	SRR12765573	NA
Halobacillus_halophilus	SRR12765574	NA
Halobacillus_halophilus	SRR12765575	NA
Halobacillus_halophilus	SRR12765576	NA
Halobacillus_halophilus	SRR12765577	NA
Halobacillus_halophilus	SRR12765578	NA
Halobacillus_halophilus	SRR12765579	NA
Halobacillus_halophilus	SRR12765580	NA
Halobacillus_halophilus	SRR12765581	NA
Halobacillus_halophilus	SRR12765582	NA
Halobacillus_halophilus	SRR12765583	NA
Halobacillus_halophilus	SRR12765584	NA
Halobacillus_halophilus	SRR12765585	NA
Halobacillus_halophilus	SRR12765586	NA
Halobacillus_halophilus	SRR12765587	NA
Halobacillus_halophilus	SRR12765588	NA
Halobacillus_halophilus	SRR12765589	NA
Halobacillus_halophilus	SRR12765590	NA
Halobacillus_halophilus	SRR12765591	NA
Halobacillus_halophilus	SRR12765592	NA
Halobacillus_halophilus	SRR12765593	NA
Halobacillus_halophilus	SRR12765594	NA
Halobacillus_halophilus	SRR12765595	NA
Halobacillus_halophilus	SRR12765596	NA
Halobacillus_halophilus	SRR12765597	NA
Halobacillus_halophilus	SRR12765598	NA
Halobacillus_halophilus	SRR12765599	NA
Halobacillus_halophilus	SRR12765600	NA
Halobacillus_halophilus	SRR12765601	NA
Halobacillus_halophilus	SRR12765602	NA
Halobacillus_halophilus	SRR12765603	NA
Halobacillus_halophilus	SRR12765604	NA
Halobacillus_halophilus	SRR12765605	NA
Halobacillus_halophilus	SRR12765606	NA
Halobacillus_halophilus	SRR12765607	NA
Halobacillus_halophilus	SRR12765608	NA
Halobacillus_halophilus	SRR12765609	NA
Halobacillus_halophilus	SRR12765610	NA
Halobacillus_halophilus	SRR12765611	NA
Halobacillus_halophilus	SRR12765612	NA
Halobacillus_halophilus	SRR12765613	NA
Halobacillus_halophilus	SRR12765614	NA
Halobacillus_halophilus	SRR12765615	NA
Halobacillus_halophilus	SRR12765616	NA
Halobacillus_halophilus	SRR12765617	NA
Halobacillus_halophilus	SRR12765618	NA
Halobacillus_halophilus	SRR12765619	NA
Halobacillus_halophilus	SRR12765620	NA
Halobacillus_halophilus	SRR12765621	NA
Halobacillus_halophilus	SRR12765622	NA
Halobacillus_halophilus	SRR12765623	NA
Halobacillus_halophilus	SRR12765624	NA
Halobacillus_halophilus	SRR12765625	NA
Halobacillus_halophilus	SRR12765626	NA
Halobacillus_halophilus	SRR12765627	NA
Halobacillus_halophilus	SRR12765628	NA
Halobacillus_halophilus	SRR12765629	NA
Halobacillus_halophilus	SRR12765630	NA
Halobacillus_halophilus	SRR12765631	NA
Halobacillus_halophilus	SRR12765632	NA
Halobacillus_halophilus	SRR12765633	NA
Halobacillus_halophilus	SRR12765634	NA
Halobacillus_halophilus	SRR12765635	NA
Halobacillus_halophilus	SRR12765636	NA
Halobacillus_halophilus	SRR12765637	NA
Halobacillus_halophilus	SRR12765638	NA
Halobacillus_halophilus	SRR12765639	NA
Halobacillus_halophilus	SRR12765640	NA
Halobacillus_halophilus	SRR12765641	NA
Halobacillus_halophilus	SRR12765642	NA
Halobacillus_halophilus	SRR12765643	NA
Halobacillus_halophilus	SRR12765644	NA
Halobacillus_halophilus	SRR12765645	NA
Halobacillus_halophilus	SRR12765646	NA
Halobacillus_halophilus	SRR12765647	NA
Halobacillus_halophilus	SRR12765648	NA
Halobacillus_halophilus	SRR12765649	NA
Halobacillus_halophilus	SRR12765650	NA
Halobacillus_halophilus	SRR12765651	NA
Halobacillus_halophilus	SRR12765652	NA
Halobacillus_halophilus	SRR12774664	0
Halobacillus_halophilus	SRR12774665	0
Halobacillus_halophilus	SRR12774666	0
Halobacillus_halophilus	SRR12774667	0
Halobacillus_halophilus	SRR12774668	0
Halobacillus_halophilus	SRR12774669	0
Halobacillus_halophilus	SRR12774670	0
Halobacillus_halophilus	SRR12774671	0
Halobacillus_halophilus	SRR12774672	0
Halobacillus_halophilus	SRR12774673	0
Halobacillus_halophilus	SRR12774674	0
Halobacillus_halophilus	SRR12774675	0
Halobacillus_halophilus	SRR12774676	0
Halobacillus_halophilus	SRR12774677	0
Halobacillus_halophilus	SRR12774678	0
Halobacillus_halophilus	SRR12774679	0
Halobacillus_halophilus	SRR12774680	0
Halobacillus_halophilus	SRR12774681	0
Halobacillus_halophilus	SRR12774682	0
Halobacillus_halophilus	SRR12774683	0
Halobacillus_halophilus	SRR12774684	0
Halobacillus_halophilus	SRR12774685	0
Halobacillus_halophilus	SRR12774686	0
Halobacillus_halophilus	SRR12774687	0
Halobacillus_halophilus	SRR1609360	0
Halobacillus_halophilus	SRR1609361	0
Halobacillus_halophilus	SRR1609362	0
Halobacillus_halophilus	SRR1609363	0
Halobacillus_halophilus	SRR1609364	0
Halobacillus_halophilus	SRR1609365	0
Halobacillus_halophilus	SRR1609366	0
Halobacillus_halophilus	SRR1609367	0
Halobacillus_halophilus	SRR1609368	0
Halobacillus_halophilus	SRR1609369	0
Halobacillus_halophilus	SRR1609370	0
Halobacillus_halophilus	SRR1609371	0
Halobacillus_halophilus	SRR1609372	0
Halobacillus_halophilus	SRR1609373	0
Halobacillus_halophilus	SRR1609374	0
Halobacillus_halophilus	SRR1609375	0
Halobacillus_halophilus	SRR1609376	0
Halobacillus_halophilus	SRR1609377	0
Halobacillus_halophilus	SRR1609378	0
Halobacillus_halophilus	SRR1609379	0
Halobacillus_halophilus	SRR1609380	0
Halobacillus_halophilus	SRR1609381	0
Halobacillus_halophilus	SRR1609382	0
Halobacillus_halophilus	SRR1609383	0
Halobacillus_halophilus	SRR1609384	0
Halobacillus_halophilus	SRR1609385	0
Halobacillus_halophilus	SRR1609386	0
Halobacillus_halophilus	SRR1609387	0
Halobacillus_halophilus	SRR1609388	0
Halobacillus_halophilus	SRR1609389	0
Halobacillus_halophilus	SRR1609390	0
Halobacillus_halophilus	SRR1609391	0
Halobacillus_halophilus	SRR1609392	0
Halobacillus_halophilus	SRR1609393	0
Halobacillus_halophilus	SRR1609394	0
Halobacillus_halophilus	SRR1609395	0
Halobacillus_halophilus	SRR1609396	0
Halobacillus_halophilus	SRR1609397	0
Halobacillus_halophilus	SRR1609398	0
Halobacillus_halophilus	SRR1609399	0
Halobacillus_halophilus	SRR1609400	0
Halobacillus_halophilus	SRR1609401	0
Halobacillus_halophilus	SRR1609402	0
Halobacillus_halophilus	SRR1609403	0
Halobacillus_halophilus	SRR1609404	0
Halobacillus_halophilus	SRR1609405	0
Halobacillus_halophilus	SRR1609406	0
Halobacillus_halophilus	SRR1609407	0
Halobacillus_halophilus	SRR1609408	0
Halobacillus_halophilus	SRR1609409	0
Halobacillus_halophilus	SRR1609410	0
Halobacillus_halophilus	SRR1609411	0
Halobacillus_halophilus	SRR1609412	0
Halobacillus_halophilus	SRR1609413	0
Halobacillus_halophilus	SRR1609414	0
Halobacillus_halophilus	SRR1609415	0
Halobacillus_halophilus	SRR1609416	0
Halobacillus_halophilus	SRR1609417	0
Halobacillus_halophilus	SRR1609418	0
Halobacillus_halophilus	SRR1609419	0
Halobacillus_halophilus	SRR1609420	0
Halobacillus_halophilus	SRR1609421	0
Halobacillus_halophilus	SRR1609422	0
Halobacillus_halophilus	SRR1609423	0
Halobacillus_halophilus	SRR1609424	0
Halobacillus_halophilus	SRR1609425	0
Halobacillus_halophilus	SRR1609426	0
Halobacillus_halophilus	SRR1609427	0
Halobacillus_halophilus	SRR1609428	0
Halobacillus_halophilus	SRR1609429	0
Halobacillus_halophilus	SRR1609430	0
Halobacillus_halophilus	SRR1609431	0
Halobacillus_halophilus	SRR1609432	0
Halobacillus_halophilus	SRR1609433	0
Halobacillus_halophilus	SRR1609434	0
Halobacillus_halophilus	SRR1609435	0
Halobacillus_halophilus	SRR1609436	0
Halobacillus_halophilus	SRR1609437	0
Halobacillus_halophilus	SRR1609438	0
Halobacillus_halophilus	SRR1609439	0
Halobacillus_halophilus	SRR1609440	0
Halobacillus_halophilus	SRR1609441	0
Halobacillus_halophilus	SRR1609442	0
Halobacillus_halophilus	SRR1609443	0
Halobacillus_halophilus	SRR1609444	0
Halobacillus_halophilus	SRR1609445	0
Halobacillus_halophilus	SRR1609446	0
Halobacillus_halophilus	SRR1609447	0
Halobacillus_halophilus	SRR1609448	0
Halobacillus_halophilus	SRR1609449	0
Halobacillus_halophilus	SRR1609450	0
Halobacillus_halophilus	SRR1609451	0
Halobacillus_halophilus	SRR1609452	0
Halobacillus_halophilus	SRR1609453	0
Halobacillus_halophilus	SRR1609454	0
Halobacillus_halophilus	SRR1609455	0
Halobacillus_halophilus	SRR1609456	0
Halobacillus_halophilus	SRR1609457	0
Halobacillus_halophilus	SRR1609458	0
Halobacillus_halophilus	SRR1609459	0
Halobacillus_halophilus	SRR1609460	0
Halobacillus_halophilus	SRR1609461	0
Halobacillus_halophilus	SRR1609462	0
Halobacillus_halophilus	SRR1609463	0
Halobacillus_halophilus	SRR1609464	0
Halobacillus_halophilus	SRR1609465	0
Halobacillus_halophilus	SRR1609466	0
Halobacillus_halophilus	SRR1609467	0
Halobacillus_halophilus	SRR1609468	0
Halobacillus_halophilus	SRR1609469	0
Halobacillus_halophilus	SRR1609470	0
Halobacillus_halophilus	SRR1609471	0
Halobacillus_halophilus	SRR1609472	0
Halobacillus_halophilus	SRR1609473	0
Halobacillus_halophilus	SRR1609474	0
Halobacillus_halophilus	SRR1609475	0
Halobacillus_halophilus	SRR1609476	0
Halobacillus_halophilus	SRR1609477	0
Halobacillus_halophilus	SRR1609478	0
Halobacillus_halophilus	SRR1609479	0
Halobacillus_halophilus	SRR1609480	0
Halobacillus_halophilus	SRR1609481	0
Halobacillus_halophilus	SRR1609482	0
Halobacillus_halophilus	SRR1609483	0
Halobacillus_halophilus	SRR1609484	0
Halobacillus_halophilus	SRR1609485	0
Halobacillus_halophilus	SRR1609486	0
Halobacillus_halophilus	SRR1609487	0
Halobacillus_halophilus	SRR1609488	0
Halobacillus_halophilus	SRR1609489	0
Halobacillus_halophilus	SRR1609490	0
Halobacillus_halophilus	SRR1609491	0
Halobacillus_halophilus	SRR1609492	0
Halobacillus_halophilus	SRR1609493	0
Halobacillus_halophilus	SRR1609494	0
Halobacillus_halophilus	SRR1609495	0
Halobacillus_halophilus	SRR1609496	0
Halobacillus_halophilus	SRR1609497	0
Halobacillus_halophilus	SRR1609498	0
Halobacillus_halophilus	SRR1609499	0
Halobacillus_halophilus	SRR1609500	0
Halobacillus_halophilus	SRR1609501	0
Halobacillus_halophilus	SRR1609502	0
Halobacillus_halophilus	SRR1609503	0
Halobacillus_halophilus	SRR1609504	0
Halobacillus_halophilus	SRR1609505	0
Halobacillus_halophilus	SRR1609506	0
Halobacillus_halophilus	SRR1609507	0
Halobacillus_halophilus	SRR1609508	0
Halobacillus_halophilus	SRR1609509	0
Halobacillus_halophilus	SRR1609510	0
Halobacillus_halophilus	SRR1609511	0
Halobacillus_halophilus	SRR1609512	0
Halobacillus_halophilus	SRR1609513	0
Halobacillus_halophilus	SRR1609514	0
Halobacillus_halophilus	SRR1609515	0
Halobacillus_halophilus	SRR1609516	0
Halobacillus_halophilus	SRR1609517	0
Halobacillus_halophilus	SRR1609518	0
Halobacillus_halophilus	SRR1609519	0
Halobacillus_halophilus	SRR1609520	0
Halobacillus_halophilus	SRR1609521	0
Halobacillus_halophilus	SRR1609522	0
Halobacillus_halophilus	SRR1609523	0
Halobacillus_halophilus	SRR1609524	0
Halobacillus_halophilus	SRR1609525	0
Halobacillus_halophilus	SRR1609526	0
Halobacillus_halophilus	SRR1609527	0
Halobacillus_halophilus	SRR1609528	0
Halobacillus_halophilus	SRR1609529	0
Halobacillus_halophilus	SRR1609530	0
Halobacillus_halophilus	SRR1609531	0
Halobacillus_halophilus	SRR1609532	0
Halobacillus_halophilus	SRR1609533	0
Halobacillus_halophilus	SRR1609534	0
Halobacillus_halophilus	SRR1609535	0
Halobacillus_halophilus	SRR1609536	0
Halobacillus_halophilus	SRR1609537	0
Halobacillus_halophilus	SRR1609538	0
Halobacillus_halophilus	SRR1609539	0
Halobacillus_halophilus	SRR1609540	0
Halobacillus_halophilus	SRR1609541	0
Halobacillus_halophilus	SRR1609542	0
Halobacillus_halophilus	SRR1609543	0
Halobacillus_halophilus	SRR1609544	0
Halobacillus_halophilus	SRR1609545	0
Halobacillus_halophilus	SRR1609546	0
Halobacillus_halophilus	SRR1609547	0
Halobacillus_halophilus	SRR1609548	0
Halobacillus_halophilus	SRR1609549	0
Halobacillus_halophilus	SRR1609550	0
Halobacillus_halophilus	SRR1609551	0
Halobacillus_halophilus	SRR1609552	0
Halobacillus_halophilus	SRR1609553	0
Halobacillus_halophilus	SRR1609554	0
Halobacillus_halophilus	SRR1609555	0
Halobacillus_halophilus	SRR1609556	0
Halobacillus_halophilus	SRR1609557	0
Halobacillus_halophilus	SRR1609558	0
Halobacillus_halophilus	SRR1609559	0
Halobacillus_halophilus	SRR1609560	0
Halobacillus_halophilus	SRR1609561	0
Halobacillus_halophilus	SRR1609562	0
Halobacillus_halophilus	SRR1609563	0
Halobacillus_halophilus	SRR1609564	0
Halobacillus_halophilus	SRR1609565	0
Halobacillus_halophilus	SRR1609566	0
Halobacillus_halophilus	SRR1609567	0
Halobacillus_halophilus	SRR1609568	0
Halobacillus_halophilus	SRR1609569	0
Halobacillus_halophilus	SRR1609570	0
Halobacillus_halophilus	SRR1609571	0
Halobacillus_halophilus	SRR1609572	0
Halobacillus_halophilus	SRR1609573	0
Halobacillus_halophilus	SRR1609574	0
Halobacillus_halophilus	SRR1609575	0
Halobacillus_halophilus	SRR1609576	0
Halobacillus_halophilus	SRR1609577	0
Halobacillus_halophilus	SRR1609578	0
Halobacillus_halophilus	SRR1609579	0
Halobacillus_halophilus	SRR1609580	0
Halobacillus_halophilus	SRR1609581	0
Halobacillus_halophilus	SRR1609582	0
Halobacillus_halophilus	SRR1609583	0
Halobacillus_halophilus	SRR1609584	0
Halobacillus_halophilus	SRR1609585	0
Halobacillus_halophilus	SRR1609586	0
Halobacillus_halophilus	SRR1609587	0
Halobacillus_halophilus	SRR1609588	0
Halobacillus_halophilus	SRR1609589	0
Halobacillus_halophilus	SRR1609590	0
Halobacillus_halophilus	SRR1609591	0
Halobacillus_halophilus	SRR1609592	0
Halobacillus_halophilus	SRR1609593	0
Halobacillus_halophilus	SRR1609594	0
Halobacillus_halophilus	SRR1609595	0
Halobacillus_halophilus	SRR1609596	0
Halobacillus_halophilus	SRR1609597	0
Halobacillus_halophilus	SRR1609598	0
Halobacillus_halophilus	SRR1609599	0
Halobacillus_halophilus	SRR1609600	0
Halobacillus_halophilus	SRR1609601	0
Halobacillus_halophilus	SRR1609602	0
Halobacillus_halophilus	SRR1609603	0
Halobacillus_halophilus	SRR1609604	0
Halobacillus_halophilus	SRR1609605	0
Halobacillus_halophilus	SRR1609606	0
Halobacillus_halophilus	SRR1609607	0
Halobacillus_halophilus	SRR1609608	0
Halobacillus_halophilus	SRR1609609	0
Halobacillus_halophilus	SRR1609610	0
Halobacillus_halophilus	SRR1609611	0
Halobacillus_halophilus	SRR1609612	0
Halobacillus_halophilus	SRR1609613	0
Halobacillus_halophilus	SRR1609614	0
Halobacillus_halophilus	SRR1609615	0
Halobacillus_halophilus	SRR1609616	0
Halobacillus_halophilus	SRR1609617	0
Halobacillus_halophilus	SRR1609618	0
Halobacillus_halophilus	SRR1609619	0
Halobacillus_halophilus	SRR1609620	0
Halobacillus_halophilus	SRR1609621	0
Halobacillus_halophilus	SRR1609622	0
Halobacillus_halophilus	SRR1609623	0
Halobacillus_halophilus	SRR1609624	0
Halobacillus_halophilus	SRR1609625	0
Halobacillus_halophilus	SRR1609626	0
Halobacillus_halophilus	SRR1609627	0
Halobacillus_halophilus	SRR1609628	0
Halobacillus_halophilus	SRR1609629	0
Halobacillus_halophilus	SRR1609630	0
Halobacillus_halophilus	SRR1609631	0
Halobacillus_halophilus	SRR1609632	0
Halobacillus_halophilus	SRR1609633	0
Halobacillus_halophilus	SRR1609634	0
Halobacillus_halophilus	SRR1609635	0
Halobacillus_halophilus	SRR1609636	0
Halobacillus_halophilus	SRR1609637	0
Halobacillus_halophilus	SRR1609638	0
Halobacillus_halophilus	SRR1609639	0
Halobacillus_halophilus	SRR1609640	0
Halobacillus_halophilus	SRR1609641	0
Halobacillus_halophilus	SRR1609642	0
Halobacillus_halophilus	SRR1609643	0
Halobacillus_halophilus	SRR1609644	0
Halobacillus_halophilus	SRR1609645	0
Halobacillus_halophilus	SRR1609646	0
Halobacillus_halophilus	SRR1609647	0
Halobacillus_halophilus	SRR1609648	0
Halobacillus_halophilus	SRR1609649	0
Halobacillus_halophilus	SRR1609650	0
Halobacillus_halophilus	SRR1609651	0
Halobacillus_halophilus	SRR1609652	0
Halobacillus_halophilus	SRR1609653	0
Halobacillus_halophilus	SRR1609654	0
Halobacillus_halophilus	SRR1609655	0
Halobacillus_halophilus	SRR1609656	0
Halobacillus_halophilus	SRR1609657	0
Halobacillus_halophilus	SRR1609658	0
Halobacillus_halophilus	SRR1609659	0
Halobacillus_halophilus	SRR1609660	0
Halobacillus_halophilus	SRR1609661	0
Halobacillus_halophilus	SRR1609662	0
Halobacillus_halophilus	SRR1609663	0
Halobacillus_halophilus	SRR1609664	0
Halobacillus_halophilus	SRR1609665	0
Halobacillus_halophilus	SRR1609666	0
Halobacillus_halophilus	SRR1609667	0
Halobacillus_halophilus	SRR1609668	0
Halobacillus_halophilus	SRR1609669	0
Halobacillus_halophilus	SRR1746771	NA
Halobacillus_halophilus	SRR1746772	NA
Halobacillus_halophilus	SRR1746773	NA
Halobacillus_halophilus	SRR1746774	NA
Halobacillus_halophilus	SRR1746775	NA
Halobacillus_halophilus	SRR1746776	NA
Halobacillus_halophilus	SRR1746777	NA
Halobacillus_halophilus	SRR1746778	NA
Halobacillus_halophilus	SRR1746779	NA
Halobacillus_halophilus	SRR1746780	NA
Halobacillus_halophilus	SRR1746781	NA
Halobacillus_halophilus	SRR1746782	NA
Halobacillus_halophilus	SRR1746783	NA
Halobacillus_halophilus	SRR1746784	NA
Halobacillus_halophilus	SRR1782685	0
Halobacillus_halophilus	SRR1782686	0
Halobacillus_halophilus	SRR1782687	0
Halobacillus_halophilus	SRR1782688	0
Halobacillus_halophilus	SRR1782689	0
Halobacillus_halophilus	SRR1782690	0
Halobacillus_halophilus	SRR1782691	0
Halobacillus_halophilus	SRR1782692	0
Halobacillus_halophilus	SRR1782693	0
Halobacillus_halophilus	SRR1782694	0
Halobacillus_halophilus	SRR1782695	0
Halobacillus_halophilus	SRR1782696	0
Halobacillus_halophilus	SRR1782697	0
Halobacillus_halophilus	SRR1782698	0
Halobacillus_halophilus	SRR1782699	0
Halobacillus_halophilus	SRR1782700	0
Halobacillus_halophilus	SRR1782701	0
Halobacillus_halophilus	SRR1782702	0
Halobacillus_halophilus	SRR1782703	0
Halobacillus_halophilus	SRR1782704	0
Halobacillus_halophilus	SRR1782705	0
Halobacillus_halophilus	SRR1782706	0
Halobacillus_halophilus	SRR1782707	0
Halobacillus_halophilus	SRR1782708	0
Halobacillus_halophilus	SRR1782709	0
Halobacillus_halophilus	SRR1782710	0
Halobacillus_halophilus	SRR1782711	0
Halobacillus_halophilus	SRR1782712	0
Halobacillus_halophilus	SRR1782713	0
Halobacillus_halophilus	SRR1782714	0
Halobacillus_halophilus	SRR1782715	0
Halobacillus_halophilus	SRR1782716	0
Halobacillus_halophilus	SRR1782717	0
Halobacillus_halophilus	SRR1782718	0
Halobacillus_halophilus	SRR1782719	0
Halobacillus_halophilus	SRR1782720	0
Halobacillus_halophilus	SRR1782721	0
Halobacillus_halophilus	SRR1782722	0
Halobacillus_halophilus	SRR1782723	0
Halobacillus_halophilus	SRR1782724	0
Halobacillus_halophilus	SRR1782725	0
Halobacillus_halophilus	SRR1782726	0
Halobacillus_halophilus	SRR1782727	0
Halobacillus_halophilus	SRR1782728	0
Halobacillus_halophilus	SRR1782729	0
Halobacillus_halophilus	SRR1782730	0
Halobacillus_halophilus	SRR1782731	0
Halobacillus_halophilus	SRR1782732	0
Halobacillus_halophilus	SRR1782733	0
Halobacillus_halophilus	SRR1782734	0
Halobacillus_halophilus	SRR1782735	0
Halobacillus_halophilus	SRR1782736	0
Halobacillus_halophilus	SRR1782737	0
Halobacillus_halophilus	SRR1782738	0
Halobacillus_halophilus	SRR1782739	0
Halobacillus_halophilus	SRR1782740	0
Halobacillus_halophilus	SRR1782741	0
Halobacillus_halophilus	SRR1782742	0
Halobacillus_halophilus	SRR1782743	0
Halobacillus_halophilus	SRR1782744	0
Halobacillus_halophilus	SRR1782745	0
Halobacillus_halophilus	SRR1782746	0
Halobacillus_halophilus	SRR1782747	0
Halobacillus_halophilus	SRR1782748	0
Halobacillus_halophilus	SRR1782749	0
Halobacillus_halophilus	SRR1782750	0
Halobacillus_halophilus	SRR1782751	0
Halobacillus_halophilus	SRR1782752	0
Halobacillus_halophilus	SRR1782753	0
Halobacillus_halophilus	SRR1782754	0
Halobacillus_halophilus	SRR1782755	0
Halobacillus_halophilus	SRR1782756	0
Halobacillus_halophilus	SRR1782757	0
Halobacillus_halophilus	SRR1782758	0
Halobacillus_halophilus	SRR1782759	0
Halobacillus_halophilus	SRR1782760	0
Halobacillus_halophilus	SRR1782761	0
Halobacillus_halophilus	SRR1782762	0
Halobacillus_halophilus	SRR1782763	0
Halobacillus_halophilus	SRR1782764	0
Halobacillus_halophilus	SRR1782765	0
Halobacillus_halophilus	SRR1782766	0
Halobacillus_halophilus	SRR1782767	0
Halobacillus_halophilus	SRR1782768	0
Halobacillus_halophilus	SRR1782769	0
Halobacillus_halophilus	SRR1782770	0
Halobacillus_halophilus	SRR1782771	0
Halobacillus_halophilus	SRR1782772	0
Halobacillus_halophilus	SRR1782773	0
Halobacillus_halophilus	SRR1782774	0
Halobacillus_halophilus	SRR1782775	0
Halobacillus_halophilus	SRR1782776	0
Halobacillus_halophilus	SRR1782777	0
Halobacillus_halophilus	SRR1782778	0
Halobacillus_halophilus	SRR1782779	0
Halobacillus_halophilus	SRR1782780	0
Halobacillus_halophilus	SRR1782781	0
Halobacillus_halophilus	SRR1782782	0
Halobacillus_halophilus	SRR1782783	0
Halobacillus_halophilus	SRR1782784	0
Halobacillus_halophilus	SRR1782785	0
Halobacillus_halophilus	SRR1782786	0
Halobacillus_halophilus	SRR1782787	0
Halobacillus_halophilus	SRR1782788	0
Halobacillus_halophilus	SRR1782789	0
Halobacillus_halophilus	SRR1782790	0
Halobacillus_halophilus	SRR1782791	0
Halobacillus_halophilus	SRR1782792	0
Halobacillus_halophilus	SRR1782793	0
Halobacillus_halophilus	SRR1782794	0
Halobacillus_halophilus	SRR1782795	0
Halobacillus_halophilus	SRR1782796	0
Halobacillus_halophilus	SRR1782797	0
Halobacillus_halophilus	SRR1782798	0
Halobacillus_halophilus	SRR1782799	0
Halobacillus_halophilus	SRR1782800	0
Halobacillus_halophilus	SRR1782801	0
Halobacillus_halophilus	SRR1782802	0
Halobacillus_halophilus	SRR1782803	0
Halobacillus_halophilus	SRR1782804	0
Halobacillus_halophilus	SRR1782805	0
Halobacillus_halophilus	SRR1782806	0
Halobacillus_halophilus	SRR1782807	0
Halobacillus_halophilus	SRR1782808	0
Halobacillus_halophilus	SRR1782809	0
Halobacillus_halophilus	SRR1782810	0
Halobacillus_halophilus	SRR1782811	0
Halobacillus_halophilus	SRR1782812	0
Halobacillus_halophilus	SRR1782813	0
Halobacillus_halophilus	SRR1782814	0
Halobacillus_halophilus	SRR1782815	0
Halobacillus_halophilus	SRR1782816	0
Halobacillus_halophilus	SRR1782817	0
Halobacillus_halophilus	SRR1782818	0
Halobacillus_halophilus	SRR1782819	0
Halobacillus_halophilus	SRR1782820	0
Halobacillus_halophilus	SRR1782821	0
Halobacillus_halophilus	SRR1782822	0
Halobacillus_halophilus	SRR1782823	0
Halobacillus_halophilus	SRR1782824	0
Halobacillus_halophilus	SRR1782825	0
Halobacillus_halophilus	SRR1782826	0
Halobacillus_halophilus	SRR1782827	0
Halobacillus_halophilus	SRR1782828	0
Halobacillus_halophilus	SRR1782829	0
Halobacillus_halophilus	SRR1782830	0
Halobacillus_halophilus	SRR1782831	0
Halobacillus_halophilus	SRR1782832	0
Halobacillus_halophilus	SRR1782833	0
Halobacillus_halophilus	SRR1782834	0
Halobacillus_halophilus	SRR1782835	0
Halobacillus_halophilus	SRR1782836	0
Halobacillus_halophilus	SRR1782837	0
Halobacillus_halophilus	SRR1782838	0
Halobacillus_halophilus	SRR1782839	0
Halobacillus_halophilus	SRR1782840	0
Halobacillus_halophilus	SRR1782841	0
Halobacillus_halophilus	SRR1782842	0
Halobacillus_halophilus	SRR1782843	0
Halobacillus_halophilus	SRR1782844	0
Halobacillus_halophilus	SRR1782845	0
Halobacillus_halophilus	SRR1782846	0
Halobacillus_halophilus	SRR1782847	0
Halobacillus_halophilus	SRR1782848	0
Halobacillus_halophilus	SRR1782849	0
Halobacillus_halophilus	SRR1782850	0
Halobacillus_halophilus	SRR1782851	0
Halobacillus_halophilus	SRR1782852	0
Halobacillus_halophilus	SRR1782853	0
Halobacillus_halophilus	SRR1782854	0
Halobacillus_halophilus	SRR1782855	0
Halobacillus_halophilus	SRR1782856	0
Halobacillus_halophilus	SRR1782857	0
Halobacillus_halophilus	SRR1782858	0
Halobacillus_halophilus	SRR1782859	0
Halobacillus_halophilus	SRR1782860	0
Halobacillus_halophilus	SRR1782861	0
Halobacillus_halophilus	SRR1782862	0
Halobacillus_halophilus	SRR1782863	0
Halobacillus_halophilus	SRR1782864	0
Halobacillus_halophilus	SRR1782865	0
Halobacillus_halophilus	SRR1782866	0
Halobacillus_halophilus	SRR1782867	0
Halobacillus_halophilus	SRR1782868	0
Halobacillus_halophilus	SRR1782869	0
Halobacillus_halophilus	SRR1782870	0
Halobacillus_halophilus	SRR1782871	0
Halobacillus_halophilus	SRR1782872	0
Halobacillus_halophilus	SRR1782873	0
Halobacillus_halophilus	SRR1782874	0
Halobacillus_halophilus	SRR1782875	0
Halobacillus_halophilus	SRR1782876	0
Halobacillus_halophilus	SRR1782877	0
Halobacillus_halophilus	SRR1782878	0
Halobacillus_halophilus	SRR1782879	0
Halobacillus_halophilus	SRR1782880	0
Halobacillus_halophilus	SRR1782881	0
Halobacillus_halophilus	SRR1782882	0
Halobacillus_halophilus	SRR1782883	0
Halobacillus_halophilus	SRR1782884	0
Halobacillus_halophilus	SRR1782885	0
Halobacillus_halophilus	SRR1782886	0
Halobacillus_halophilus	SRR1782887	0
Halobacillus_halophilus	SRR1782888	0
Halobacillus_halophilus	SRR1782889	0
Halobacillus_halophilus	SRR1782890	0
Halobacillus_halophilus	SRR1782891	0
Halobacillus_halophilus	SRR1782892	0
Halobacillus_halophilus	SRR1782893	0
Halobacillus_halophilus	SRR1782894	0
Halobacillus_halophilus	SRR1782895	0
Halobacillus_halophilus	SRR1782896	0
Halobacillus_halophilus	SRR1782897	0
Halobacillus_halophilus	SRR1782898	0
Halobacillus_halophilus	SRR1782899	0
Halobacillus_halophilus	SRR1782900	0
Halobacillus_halophilus	SRR1782901	0
Halobacillus_halophilus	SRR1782902	0
Halobacillus_halophilus	SRR1782903	0
Halobacillus_halophilus	SRR1782904	0
Halobacillus_halophilus	SRR1782905	0
Halobacillus_halophilus	SRR1782906	0
Halobacillus_halophilus	SRR1782907	0
Halobacillus_halophilus	SRR1782908	0
Halobacillus_halophilus	SRR1782909	0
Halobacillus_halophilus	SRR1782910	0
Halobacillus_halophilus	SRR1782911	0
Halobacillus_halophilus	SRR1782912	0
Halobacillus_halophilus	SRR1782913	0
Halobacillus_halophilus	SRR1782914	0
Halobacillus_halophilus	SRR1782915	0
Halobacillus_halophilus	SRR1782916	0
Halobacillus_halophilus	SRR1782917	0
Halobacillus_halophilus	SRR1782918	0
Halobacillus_halophilus	SRR1782919	0
Halobacillus_halophilus	SRR1782920	0
Halobacillus_halophilus	SRR1782921	0
Halobacillus_halophilus	SRR1782922	0
Halobacillus_halophilus	SRR1782923	0
Halobacillus_halophilus	SRR1782924	0
Halobacillus_halophilus	SRR1782925	0
Halobacillus_halophilus	SRR1782926	0
Halobacillus_halophilus	SRR1782927	0
Halobacillus_halophilus	SRR1782928	0
Halobacillus_halophilus	SRR1782929	0
Halobacillus_halophilus	SRR1782930	0
Halobacillus_halophilus	SRR1782931	0
Halobacillus_halophilus	SRR1782932	0
Halobacillus_halophilus	SRR1782933	0
Halobacillus_halophilus	SRR1782934	0
Halobacillus_halophilus	SRR1782935	0
Halobacillus_halophilus	SRR1782936	0
Halobacillus_halophilus	SRR1782937	0
Halobacillus_halophilus	SRR1782938	0
Halobacillus_halophilus	SRR1782939	0
Halobacillus_halophilus	SRR1782940	0
Halobacillus_halophilus	SRR1782941	0
Halobacillus_halophilus	SRR1782942	0
Halobacillus_halophilus	SRR1782943	0
Halobacillus_halophilus	SRR1782944	0
Halobacillus_halophilus	SRR1782945	0
Halobacillus_halophilus	SRR1782946	0
Halobacillus_halophilus	SRR1782947	0
Halobacillus_halophilus	SRR1782948	0
Halobacillus_halophilus	SRR1782949	0
Halobacillus_halophilus	SRR1782950	0
Halobacillus_halophilus	SRR1782951	0
Halobacillus_halophilus	SRR1782952	0
Halobacillus_halophilus	SRR1782953	0
Halobacillus_halophilus	SRR1782954	0
Halobacillus_halophilus	SRR1782955	0
Halobacillus_halophilus	SRR1782956	0
Halobacillus_halophilus	SRR1782957	0
Halobacillus_halophilus	SRR1782958	0
Halobacillus_halophilus	SRR1782959	0
Halobacillus_halophilus	SRR1782960	0
Halobacillus_halophilus	SRR1782961	0
Halobacillus_halophilus	SRR1782962	0
Halobacillus_halophilus	SRR1782963	0
Halobacillus_halophilus	SRR1782964	0
Halobacillus_halophilus	SRR1782965	0
Halobacillus_halophilus	SRR1782966	0
Halobacillus_halophilus	SRR1782967	0
Halobacillus_halophilus	SRR1782968	0
Halobacillus_halophilus	SRR1782969	0
Halobacillus_halophilus	SRR1782970	0
Halobacillus_halophilus	SRR1782971	0
Halobacillus_halophilus	SRR1782972	0
Halobacillus_halophilus	SRR1782973	0
Halobacillus_halophilus	SRR1782974	0
Halobacillus_halophilus	SRR1782975	0
Halobacillus_halophilus	SRR1782976	0
Halobacillus_halophilus	SRR1782977	0
Halobacillus_halophilus	SRR1782978	0
Halobacillus_halophilus	SRR1782979	0
Halobacillus_halophilus	SRR1782980	0
Halobacillus_halophilus	SRR1782981	0
Halobacillus_halophilus	SRR1782982	0
Halobacillus_halophilus	SRR1782983	0
Halobacillus_halophilus	SRR1782984	0
Halobacillus_halophilus	SRR1782985	0
Halobacillus_halophilus	SRR1782986	0
Halobacillus_halophilus	SRR1782987	0
Halobacillus_halophilus	SRR1782988	0
Halobacillus_halophilus	SRR1782989	0
Halobacillus_halophilus	SRR1782990	0
Halobacillus_halophilus	SRR1782991	0
Halobacillus_halophilus	SRR1782992	0
Halobacillus_halophilus	SRR1782993	0
Halobacillus_halophilus	SRR1782994	0
Halobacillus_halophilus	SRR1782995	0
Halobacillus_halophilus	SRR1782996	0
Halobacillus_halophilus	SRR1782997	0
Halobacillus_halophilus	SRR1782998	0
Halobacillus_halophilus	SRR1782999	0
Halobacillus_halophilus	SRR1783000	0
Halobacillus_halophilus	SRR1783001	0
Halobacillus_halophilus	SRR1783002	0
Halobacillus_halophilus	SRR1783003	0
Halobacillus_halophilus	SRR1783004	0
Halobacillus_halophilus	SRR1783005	0
Halobacillus_halophilus	SRR1783006	0
Halobacillus_halophilus	SRR1813867	NA
Halobacillus_halophilus	SRR1813868	NA
Halobacillus_halophilus	SRR1813869	NA
Halobacillus_halophilus	SRR1813870	NA
Halobacillus_halophilus	SRR1813871	NA
Halobacillus_halophilus	SRR1813872	NA
Halobacillus_halophilus	SRR1813873	NA
Halobacillus_halophilus	SRR1813874	NA
Halobacillus_halophilus	SRR1813875	NA
Halobacillus_halophilus	SRR1813876	NA
Halobacillus_halophilus	SRR1813877	NA
Halobacillus_halophilus	SRR1813878	NA
Halobacillus_halophilus	SRR1813879	NA
Halobacillus_halophilus	SRR1813880	NA
Halobacillus_halophilus	SRR1813881	NA
Halobacillus_halophilus	SRR1813882	NA
Halobacillus_halophilus	SRR1813883	NA
Halobacillus_halophilus	SRR1813884	NA
Halobacillus_halophilus	SRR1813885	NA
Halobacillus_halophilus	SRR1813886	NA
Halobacillus_halophilus	SRR1813887	NA
Halobacillus_halophilus	SRR1928188	NA
Halobacillus_halophilus	SRR1928189	NA
Halobacillus_halophilus	SRR1928190	NA
Halobacillus_halophilus	SRR1928191	NA
Halobacillus_halophilus	SRR1928192	NA
Halobacillus_halophilus	SRR1928193	NA
Halobacillus_halophilus	SRR2046996	0
Halobacillus_halophilus	SRR2046997	0
Halobacillus_halophilus	SRR2046998	0
Halobacillus_halophilus	SRR2046999	0
Halobacillus_halophilus	SRR2047000	0
Halobacillus_halophilus	SRR2047001	0
Halobacillus_halophilus	SRR2047002	0
Halobacillus_halophilus	SRR2047003	0
Halobacillus_halophilus	SRR2047004	0
Halobacillus_halophilus	SRR2047005	0
Halobacillus_halophilus	SRR2047006	0
Halobacillus_halophilus	SRR2047007	0
Halobacillus_halophilus	SRR2047008	0
Halobacillus_halophilus	SRR2047009	0
Halobacillus_halophilus	SRR2313973	NA
Halobacillus_halophilus	SRR2313974	NA
Halobacillus_halophilus	SRR2313975	NA
Halobacillus_halophilus	SRR2313976	NA
Halobacillus_halophilus	SRR2313977	NA
Halobacillus_halophilus	SRR2313978	NA
Halobacillus_halophilus	SRR2313979	NA
Halobacillus_halophilus	SRR2313980	NA
Halobacillus_halophilus	SRR2313981	NA
Halobacillus_halophilus	SRR2313982	NA
Halobacillus_halophilus	SRR2313983	NA
Halobacillus_halophilus	SRR2313984	NA
Halobacillus_halophilus	SRR2313985	NA
Halobacillus_halophilus	SRR2313986	NA
Halobacillus_halophilus	SRR2313987	NA
Halobacillus_halophilus	SRR2313988	NA
Halobacillus_halophilus	SRR2313989	NA
Halobacillus_halophilus	SRR2313990	NA
Halobacillus_halophilus	SRR2313991	NA
Halobacillus_halophilus	SRR2313992	NA
Halobacillus_halophilus	SRR2313993	NA
Halobacillus_halophilus	SRR2313994	NA
Halobacillus_halophilus	SRR2313995	NA
Halobacillus_halophilus	SRR2313996	NA
Halobacillus_halophilus	SRR2313997	NA
Halobacillus_halophilus	SRR2313998	NA
Halobacillus_halophilus	SRR2313999	NA
Halobacillus_halophilus	SRR2314000	NA
Halobacillus_halophilus	SRR2314001	NA
Halobacillus_halophilus	SRR2314002	NA
Halobacillus_halophilus	SRR2314003	NA
Halobacillus_halophilus	SRR2314004	NA
Halobacillus_halophilus	SRR2314005	NA
Halobacillus_halophilus	SRR2314006	NA
Halobacillus_halophilus	SRR2314007	NA
Halobacillus_halophilus	SRR2314008	NA
Halobacillus_halophilus	SRR2314009	NA
Halobacillus_halophilus	SRR2314010	NA
Halobacillus_halophilus	SRR2314011	NA
Halobacillus_halophilus	SRR2314012	NA
Halobacillus_halophilus	SRR2314013	NA
Halobacillus_halophilus	SRR2314014	NA
Halobacillus_halophilus	SRR2314015	NA
Halobacillus_halophilus	SRR2314016	NA
Halobacillus_halophilus	SRR2314017	NA
Halobacillus_halophilus	SRR2314018	NA
Halobacillus_halophilus	SRR2314019	NA
Halobacillus_halophilus	SRR2314020	NA
Halobacillus_halophilus	SRR2314021	NA
Halobacillus_halophilus	SRR2314022	NA
Halobacillus_halophilus	SRR2314023	NA
Halobacillus_halophilus	SRR2314024	NA
Halobacillus_halophilus	SRR2314025	NA
Halobacillus_halophilus	SRR2314026	NA
Halobacillus_halophilus	SRR2314027	NA
Halobacillus_halophilus	SRR2314028	NA
Halobacillus_halophilus	SRR2314029	NA
Halobacillus_halophilus	SRR2314030	NA
Halobacillus_halophilus	SRR2314031	NA
Halobacillus_halophilus	SRR2314032	NA
Halobacillus_halophilus	SRR2314033	NA
Halobacillus_halophilus	SRR2314034	NA
Halobacillus_halophilus	SRR2314035	NA
Halobacillus_halophilus	SRR2314036	NA
Halobacillus_halophilus	SRR2314037	NA
Halobacillus_halophilus	SRR2314038	NA
Halobacillus_halophilus	SRR2314039	NA
Halobacillus_halophilus	SRR2314040	NA
Halobacillus_halophilus	SRR2314041	NA
Halobacillus_halophilus	SRR2314042	NA
Halobacillus_halophilus	SRR2314043	NA
Halobacillus_halophilus	SRR2314044	NA
Halobacillus_halophilus	SRR2314045	NA
Halobacillus_halophilus	SRR3493774	0
Halobacillus_halophilus	SRR3493775	0
Halobacillus_halophilus	SRR3493776	0
Halobacillus_halophilus	SRR3493777	0
Halobacillus_halophilus	SRR3493778	0
Halobacillus_halophilus	SRR3493779	0
Halobacillus_halophilus	SRR3493780	0
Halobacillus_halophilus	SRR3493781	0
Halobacillus_halophilus	SRR3493782	0
Halobacillus_halophilus	SRR3493783	0
Halobacillus_halophilus	SRR3493784	0
Halobacillus_halophilus	SRR3493785	0
Halobacillus_halophilus	SRR3493786	0
Halobacillus_halophilus	SRR3493787	0
Halobacillus_halophilus	SRR3493788	0
Halobacillus_halophilus	SRR3493789	0
Halobacillus_halophilus	SRR3493790	0
Halobacillus_halophilus	SRR3493791	0
Halobacillus_halophilus	SRR3493792	2
Halobacillus_halophilus	SRR3493793	0
Halobacillus_halophilus	SRR3493794	0
Halobacillus_halophilus	SRR3493795	0
Halobacillus_halophilus	SRR3493796	1
Halobacillus_halophilus	SRR3493797	0
Halobacillus_halophilus	SRR3493798	0
Halobacillus_halophilus	SRR3493799	38
Halobacillus_halophilus	SRR3493800	0
Halobacillus_halophilus	SRR3493801	0
Halobacillus_halophilus	SRR3493802	0
Halobacillus_halophilus	SRR3493803	0
Halobacillus_halophilus	SRR3493804	0
Halobacillus_halophilus	SRR3493805	0
Halobacillus_halophilus	SRR3493806	0
Halobacillus_halophilus	SRR3493807	0
Halobacillus_halophilus	SRR3493808	0
Halobacillus_halophilus	SRR3493809	12
Halobacillus_halophilus	SRR3493810	0
Halobacillus_halophilus	SRR3493811	0
Halobacillus_halophilus	SRR3493812	0
Halobacillus_halophilus	SRR3493813	0
Halobacillus_halophilus	SRR3493814	0
Halobacillus_halophilus	SRR3493815	0
Halobacillus_halophilus	SRR3493816	0
Halobacillus_halophilus	SRR3493817	14
Halobacillus_halophilus	SRR3493818	0
Halobacillus_halophilus	SRR3493819	0
Halobacillus_halophilus	SRR3493820	0
Halobacillus_halophilus	SRR3493821	0
Halobacillus_halophilus	SRR3493822	0
Halobacillus_halophilus	SRR3493823	0
Halobacillus_halophilus	SRR3493824	0
Halobacillus_halophilus	SRR3493825	0
Halobacillus_halophilus	SRR3493826	0
Halobacillus_halophilus	SRR3493827	0
Halobacillus_halophilus	SRR3493828	286
Halobacillus_halophilus	SRR3493829	1
Halobacillus_halophilus	SRR3493830	1
Halobacillus_halophilus	SRR3493831	4
Halobacillus_halophilus	SRR3493832	0
Halobacillus_halophilus	SRR3493833	0
Halobacillus_halophilus	SRR3493834	0
Halobacillus_halophilus	SRR3493835	1
Halobacillus_halophilus	SRR3493836	0
Halobacillus_halophilus	SRR3493837	0
Halobacillus_halophilus	SRR3493838	6
Halobacillus_halophilus	SRR3493839	0
Halobacillus_halophilus	SRR3493840	0
Halobacillus_halophilus	SRR3493841	0
Halobacillus_halophilus	SRR3493846	0
Halobacillus_halophilus	SRR3493847	0
Halobacillus_halophilus	SRR3493848	0
Halobacillus_halophilus	SRR3493849	0
Halobacillus_halophilus	SRR3493850	0
Halobacillus_halophilus	SRR3714631	NA
Halobacillus_halophilus	SRR3714632	NA
Halobacillus_halophilus	SRR3714633	NA
Halobacillus_halophilus	SRR3714634	NA
Halobacillus_halophilus	SRR3714635	NA
Halobacillus_halophilus	SRR3714636	NA
Halobacillus_halophilus	SRR3714637	NA
Halobacillus_halophilus	SRR3714638	NA
Halobacillus_halophilus	SRR3714639	NA
Halobacillus_halophilus	SRR3714640	NA
Halobacillus_halophilus	SRR3714641	NA
Halobacillus_halophilus	SRR3714642	NA
Halobacillus_halophilus	SRR3714643	NA
Halobacillus_halophilus	SRR3714644	NA
Halobacillus_halophilus	SRR3714645	NA
Halobacillus_halophilus	SRR3714646	NA
Halobacillus_halophilus	SRR3714648	NA
Halobacillus_halophilus	SRR3714649	NA
Halobacillus_halophilus	SRR3714650	NA
Halobacillus_halophilus	SRR3714651	NA
Halobacillus_halophilus	SRR3714652	NA
Halobacillus_halophilus	SRR3714653	NA
Halobacillus_halophilus	SRR3714654	NA
Halobacillus_halophilus	SRR3714655	NA
Halobacillus_halophilus	SRR3714656	NA
Halobacillus_halophilus	SRR3714657	NA
Halobacillus_halophilus	SRR3714658	NA
Halobacillus_halophilus	SRR3714659	NA
Halobacillus_halophilus	SRR3714660	NA
Halobacillus_halophilus	SRR3714661	NA
Halobacillus_halophilus	SRR3714662	NA
Halobacillus_halophilus	SRR3714663	NA
Halobacillus_halophilus	SRR3714664	NA
Halobacillus_halophilus	SRR3714665	NA
Halobacillus_halophilus	SRR3714666	NA
Halobacillus_halophilus	SRR3714667	NA
Halobacillus_halophilus	SRR3714668	NA
Halobacillus_halophilus	SRR3714669	NA
Halobacillus_halophilus	SRR3714670	NA
Halobacillus_halophilus	SRR3714671	NA
Halobacillus_halophilus	SRR3714672	NA
Halobacillus_halophilus	SRR3714673	NA
Halobacillus_halophilus	SRR3714674	NA
Halobacillus_halophilus	SRR3714675	NA
Halobacillus_halophilus	SRR3714676	NA
Halobacillus_halophilus	SRR3714677	NA
Halobacillus_halophilus	SRR3714678	NA
Halobacillus_halophilus	SRR3714679	NA
Halobacillus_halophilus	SRR3714680	NA
Halobacillus_halophilus	SRR3714681	NA
Halobacillus_halophilus	SRR3714682	NA
Halobacillus_halophilus	SRR3714683	NA
Halobacillus_halophilus	SRR3714684	NA
Halobacillus_halophilus	SRR3714685	NA
Halobacillus_halophilus	SRR3714686	NA
Halobacillus_halophilus	SRR3714688	NA
Halobacillus_halophilus	SRR3714689	NA
Halobacillus_halophilus	SRR3714690	NA
Halobacillus_halophilus	SRR3714691	NA
Halobacillus_halophilus	SRR3714692	NA
Halobacillus_halophilus	SRR3714693	NA
Halobacillus_halophilus	SRR3714694	NA
Halobacillus_halophilus	SRR3714695	NA
Halobacillus_halophilus	SRR3714696	NA
Halobacillus_halophilus	SRR3714697	NA
Halobacillus_halophilus	SRR3714698	NA
Halobacillus_halophilus	SRR3714699	NA
Halobacillus_halophilus	SRR3714700	NA
Halobacillus_halophilus	SRR3714701	NA
Halobacillus_halophilus	SRR3714702	NA
Halobacillus_halophilus	SRR3714703	NA
Halobacillus_halophilus	SRR3714704	NA
Halobacillus_halophilus	SRR3714705	NA
Halobacillus_halophilus	SRR3714706	NA
Halobacillus_halophilus	SRR3714707	NA
Halobacillus_halophilus	SRR3714708	NA
Halobacillus_halophilus	SRR3714709	NA
Halobacillus_halophilus	SRR3714710	NA
Halobacillus_halophilus	SRR3714711	NA
Halobacillus_halophilus	SRR3714712	NA
Halobacillus_halophilus	SRR3714713	NA
Halobacillus_halophilus	SRR3714714	NA
Halobacillus_halophilus	SRR3714715	NA
Halobacillus_halophilus	SRR3714716	NA
Halobacillus_halophilus	SRR3714717	NA
Halobacillus_halophilus	SRR3714718	NA
Halobacillus_halophilus	SRR3714719	NA
Halobacillus_halophilus	SRR3714720	NA
Halobacillus_halophilus	SRR3714721	NA
Halobacillus_halophilus	SRR3714723	NA
Halobacillus_halophilus	SRR3714724	NA
Halobacillus_halophilus	SRR3714725	NA
Halobacillus_halophilus	SRR3714726	NA
Halobacillus_halophilus	SRR3714727	NA
Halobacillus_halophilus	SRR3714728	NA
Halobacillus_halophilus	SRR3714729	NA
Halobacillus_halophilus	SRR3714730	NA
Halobacillus_halophilus	SRR3714731	NA
Halobacillus_halophilus	SRR3714732	NA
Halobacillus_halophilus	SRR3714734	NA
Halobacillus_halophilus	SRR3714735	NA
Halobacillus_halophilus	SRR3714736	NA
Halobacillus_halophilus	SRR3714737	NA
Halobacillus_halophilus	SRR3714738	NA
Halobacillus_halophilus	SRR3714739	NA
Halobacillus_halophilus	SRR3714740	NA
Halobacillus_halophilus	SRR3714741	NA
Halobacillus_halophilus	SRR3714744	NA
Halobacillus_halophilus	SRR3714745	NA
Halobacillus_halophilus	SRR3714746	NA
Halobacillus_halophilus	SRR3714747	NA
Halobacillus_halophilus	SRR3714748	NA
Halobacillus_halophilus	SRR3714749	NA
Halobacillus_halophilus	SRR3714750	NA
Halobacillus_halophilus	SRR3714751	NA
Halobacillus_halophilus	SRR3714752	NA
Halobacillus_halophilus	SRR3714753	NA
Halobacillus_halophilus	SRR3714754	NA
Halobacillus_halophilus	SRR3714755	NA
Halobacillus_halophilus	SRR3714756	NA
Halobacillus_halophilus	SRR3714757	NA
Halobacillus_halophilus	SRR3714758	NA
Halobacillus_halophilus	SRR3714759	NA
Halobacillus_halophilus	SRR3714760	NA
Halobacillus_halophilus	SRR3714761	NA
Halobacillus_halophilus	SRR3714762	NA
Halobacillus_halophilus	SRR3714764	NA
Halobacillus_halophilus	SRR3714765	NA
Halobacillus_halophilus	SRR3714766	NA
Halobacillus_halophilus	SRR3714767	NA
Halobacillus_halophilus	SRR3714768	NA
Halobacillus_halophilus	SRR5176628	0
Halobacillus_halophilus	SRR5176629	0
Halobacillus_halophilus	SRR5176630	0
Halobacillus_halophilus	SRR5176631	0
Halobacillus_halophilus	SRR5176632	0
Halobacillus_halophilus	SRR5176633	0
Halobacillus_halophilus	SRR5176634	0
Halobacillus_halophilus	SRR5176635	0
Halobacillus_halophilus	SRR5176636	0
Halobacillus_halophilus	SRR5176637	0
Halobacillus_halophilus	SRR5176638	0
Halobacillus_halophilus	SRR5176639	0
Halobacillus_halophilus	SRR5176640	0
Halobacillus_halophilus	SRR5176641	0
Halobacillus_halophilus	SRR5176642	0
Halobacillus_halophilus	SRR5176643	0
Halobacillus_halophilus	SRR5176644	0
Halobacillus_halophilus	SRR5176645	0
Halobacillus_halophilus	SRR5176646	0
Halobacillus_halophilus	SRR5176647	0
Halobacillus_halophilus	SRR5176648	0
Halobacillus_halophilus	SRR5176649	0
Halobacillus_halophilus	SRR5176650	0
Halobacillus_halophilus	SRR5176651	0
Halobacillus_halophilus	SRR5176652	0
Halobacillus_halophilus	SRR5176653	0
Halobacillus_halophilus	SRR5176654	0
Halobacillus_halophilus	SRR5176655	0
Halobacillus_halophilus	SRR5176656	0
Halobacillus_halophilus	SRR5176657	0
Halobacillus_halophilus	SRR5176658	0
Halobacillus_halophilus	SRR5176659	0
Halobacillus_halophilus	SRR5176660	0
Halobacillus_halophilus	SRR5176661	0
Halobacillus_halophilus	SRR5176662	0
Halobacillus_halophilus	SRR5176663	0
Halobacillus_halophilus	SRR5176664	0
Halobacillus_halophilus	SRR5176665	0
Halobacillus_halophilus	SRR5176666	0
Halobacillus_halophilus	SRR5176667	0
Halobacillus_halophilus	SRR5176668	0
Halobacillus_halophilus	SRR5176669	0
Halobacillus_halophilus	SRR5176670	0
Halobacillus_halophilus	SRR5176671	0
Halobacillus_halophilus	SRR5176672	0
Halobacillus_halophilus	SRR5176673	0
Halobacillus_halophilus	SRR5176674	0
Halobacillus_halophilus	SRR5176675	0
Halobacillus_halophilus	SRR5176676	0
Halobacillus_halophilus	SRR5176677	0
Halobacillus_halophilus	SRR5176678	0
Halobacillus_halophilus	SRR5176679	0
Halobacillus_halophilus	SRR5176680	0
Halobacillus_halophilus	SRR5176681	0
Halobacillus_halophilus	SRR5176682	0
Halobacillus_halophilus	SRR5176683	0
Halobacillus_halophilus	SRR5176684	0
Halobacillus_halophilus	SRR5176685	0
Halobacillus_halophilus	SRR5176686	0
Halobacillus_halophilus	SRR5176687	0
Halobacillus_halophilus	SRR5176688	0
Halobacillus_halophilus	SRR5176689	0
Halobacillus_halophilus	SRR5176690	0
Halobacillus_halophilus	SRR5176691	0
Halobacillus_halophilus	SRR5176692	0
Halobacillus_halophilus	SRR5176693	0
Halobacillus_halophilus	SRR5176694	0
Halobacillus_halophilus	SRR5176695	0
Halobacillus_halophilus	SRR5176696	0
Halobacillus_halophilus	SRR5176697	0
Halobacillus_halophilus	SRR5176698	0
Halobacillus_halophilus	SRR5176699	0
Halobacillus_halophilus	SRR5176700	0
Halobacillus_halophilus	SRR5176701	0
Halobacillus_halophilus	SRR5176702	0
Halobacillus_halophilus	SRR5176703	0
Halobacillus_halophilus	SRR5176704	0
Halobacillus_halophilus	SRR5176705	0
Halobacillus_halophilus	SRR5176706	0
Halobacillus_halophilus	SRR5176707	0
Halobacillus_halophilus	SRR5176708	0
Halobacillus_halophilus	SRR5176709	0
Halobacillus_halophilus	SRR5176710	0
Halobacillus_halophilus	SRR5176711	0
Halobacillus_halophilus	SRR5176712	0
Halobacillus_halophilus	SRR5176713	0
Halobacillus_halophilus	SRR5176714	0
Halobacillus_halophilus	SRR5176715	0
Halobacillus_halophilus	SRR5176716	0
Halobacillus_halophilus	SRR5176717	0
Halobacillus_halophilus	SRR5176718	0
Halobacillus_halophilus	SRR5176719	0
Halobacillus_halophilus	SRR5176720	0
Halobacillus_halophilus	SRR5176721	0
Halobacillus_halophilus	SRR5176722	0
Halobacillus_halophilus	SRR5176723	0
Halobacillus_halophilus	SRR5176724	0
Halobacillus_halophilus	SRR5176725	0
Halobacillus_halophilus	SRR5176726	0
Halobacillus_halophilus	SRR5176727	0
Halobacillus_halophilus	SRR5176728	0
Halobacillus_halophilus	SRR5176729	0
Halobacillus_halophilus	SRR5176730	0
Halobacillus_halophilus	SRR5176731	0
Halobacillus_halophilus	SRR5176732	0
Halobacillus_halophilus	SRR5176733	0
Halobacillus_halophilus	SRR5176734	0
Halobacillus_halophilus	SRR5176735	0
Halobacillus_halophilus	SRR5176736	0
Halobacillus_halophilus	SRR5176737	0
Halobacillus_halophilus	SRR5176738	0
Halobacillus_halophilus	SRR5176739	0
Halobacillus_halophilus	SRR5176740	0
Halobacillus_halophilus	SRR5176741	0
Halobacillus_halophilus	SRR5176742	0
Halobacillus_halophilus	SRR5176743	0
Halobacillus_halophilus	SRR5176744	0
Halobacillus_halophilus	SRR5176745	0
Halobacillus_halophilus	SRR5176746	0
Halobacillus_halophilus	SRR5176747	0
Halobacillus_halophilus	SRR5176748	0
Halobacillus_halophilus	SRR5176749	0
Halobacillus_halophilus	SRR5176750	0
Halobacillus_halophilus	SRR5176751	0
Halobacillus_halophilus	SRR5176752	0
Halobacillus_halophilus	SRR5176753	0
Halobacillus_halophilus	SRR5176754	0
Halobacillus_halophilus	SRR5176755	0
Halobacillus_halophilus	SRR5176756	0
Halobacillus_halophilus	SRR5176757	0
Halobacillus_halophilus	SRR5176758	0
Halobacillus_halophilus	SRR5176759	0
Halobacillus_halophilus	SRR5176760	0
Halobacillus_halophilus	SRR5176761	0
Halobacillus_halophilus	SRR5176762	0
Halobacillus_halophilus	SRR5176763	0
Halobacillus_halophilus	SRR5176764	0
Halobacillus_halophilus	SRR5176765	0
Halobacillus_halophilus	SRR5176766	0
Halobacillus_halophilus	SRR5176767	0
Halobacillus_halophilus	SRR5176768	0
Halobacillus_halophilus	SRR5176769	0
Halobacillus_halophilus	SRR5176770	0
Halobacillus_halophilus	SRR5176771	0
Halobacillus_halophilus	SRR5176772	0
Halobacillus_halophilus	SRR5176773	0
Halobacillus_halophilus	SRR5176774	0
Halobacillus_halophilus	SRR5176775	0
Halobacillus_halophilus	SRR5176776	0
Halobacillus_halophilus	SRR5176777	0
Halobacillus_halophilus	SRR5176778	0
Halobacillus_halophilus	SRR5176779	0
Halobacillus_halophilus	SRR5176780	0
Halobacillus_halophilus	SRR5176781	0
Halobacillus_halophilus	SRR5176782	0
Halobacillus_halophilus	SRR5176783	0
Halobacillus_halophilus	SRR5176784	0
Halobacillus_halophilus	SRR5176785	0
Halobacillus_halophilus	SRR5176786	0
Halobacillus_halophilus	SRR5176787	0
Halobacillus_halophilus	SRR5176788	0
Halobacillus_halophilus	SRR5176789	0
Halobacillus_halophilus	SRR5176790	0
Halobacillus_halophilus	SRR5176791	0
Halobacillus_halophilus	SRR5176792	0
Halobacillus_halophilus	SRR5176793	0
Halobacillus_halophilus	SRR5176794	0
Halobacillus_halophilus	SRR5176795	0
Halobacillus_halophilus	SRR5176796	0
Halobacillus_halophilus	SRR5176797	0
Halobacillus_halophilus	SRR5176798	0
Halobacillus_halophilus	SRR5176799	0
Halobacillus_halophilus	SRR5176800	0
Halobacillus_halophilus	SRR5176801	0
Halobacillus_halophilus	SRR5176802	0
Halobacillus_halophilus	SRR5176803	0
Halobacillus_halophilus	SRR5176804	0
Halobacillus_halophilus	SRR5176805	0
Halobacillus_halophilus	SRR5176806	0
Halobacillus_halophilus	SRR5176807	0
Halobacillus_halophilus	SRR5176808	0
Halobacillus_halophilus	SRR5176809	0
Halobacillus_halophilus	SRR5176810	0
Halobacillus_halophilus	SRR5176811	0
Halobacillus_halophilus	SRR5176812	0
Halobacillus_halophilus	SRR5176813	0
Halobacillus_halophilus	SRR5176814	0
Halobacillus_halophilus	SRR5176815	0
Halobacillus_halophilus	SRR5176816	0
Halobacillus_halophilus	SRR5176817	0
Halobacillus_halophilus	SRR5176818	0
Halobacillus_halophilus	SRR5176819	0
Halobacillus_halophilus	SRR5176820	0
Halobacillus_halophilus	SRR5176821	0
Halobacillus_halophilus	SRR5176822	0
Halobacillus_halophilus	SRR5176823	0
Halobacillus_halophilus	SRR5176824	0
Halobacillus_halophilus	SRR5176825	0
Halobacillus_halophilus	SRR5176826	0
Halobacillus_halophilus	SRR5176827	0
Halobacillus_halophilus	SRR5176828	0
Halobacillus_halophilus	SRR5176829	0
Halobacillus_halophilus	SRR5176830	0
Halobacillus_halophilus	SRR5176831	0
Halobacillus_halophilus	SRR5176832	0
Halobacillus_halophilus	SRR5176833	0
Halobacillus_halophilus	SRR5176834	0
Halobacillus_halophilus	SRR5176835	0
Halobacillus_halophilus	SRR5176836	0
Halobacillus_halophilus	SRR5176837	0
Halobacillus_halophilus	SRR5176838	0
Halobacillus_halophilus	SRR5176839	0
Halobacillus_halophilus	SRR5176840	0
Halobacillus_halophilus	SRR5176841	0
Halobacillus_halophilus	SRR5176842	0
Halobacillus_halophilus	SRR5176843	0
Halobacillus_halophilus	SRR5176844	0
Halobacillus_halophilus	SRR5176845	0
Halobacillus_halophilus	SRR5176846	0
Halobacillus_halophilus	SRR5176847	0
Halobacillus_halophilus	SRR5176848	0
Halobacillus_halophilus	SRR5176849	0
Halobacillus_halophilus	SRR5176850	0
Halobacillus_halophilus	SRR5176851	0
Halobacillus_halophilus	SRR5176852	0
Halobacillus_halophilus	SRR5176853	0
Halobacillus_halophilus	SRR5176854	0
Halobacillus_halophilus	SRR5176855	0
Halobacillus_halophilus	SRR5176856	0
Halobacillus_halophilus	SRR5176857	0
Halobacillus_halophilus	SRR5176858	0
Halobacillus_halophilus	SRR5176859	0
Halobacillus_halophilus	SRR5176860	0
Halobacillus_halophilus	SRR5176861	0
Halobacillus_halophilus	SRR5176862	0
Halobacillus_halophilus	SRR5176863	0
Halobacillus_halophilus	SRR5176864	0
Halobacillus_halophilus	SRR5176865	0
Halobacillus_halophilus	SRR5176866	0
Halobacillus_halophilus	SRR5176867	0
Halobacillus_halophilus	SRR5176868	0
Halobacillus_halophilus	SRR5176869	0
Halobacillus_halophilus	SRR5176870	0
Halobacillus_halophilus	SRR5176871	0
Halobacillus_halophilus	SRR5176872	0
Halobacillus_halophilus	SRR5861974	NA
Halobacillus_halophilus	SRR5861975	NA
Halobacillus_halophilus	SRR5861976	NA
Halobacillus_halophilus	SRR5861977	NA
Halobacillus_halophilus	SRR5861978	NA
Halobacillus_halophilus	SRR5861979	NA
Halobacillus_halophilus	SRR5861980	NA
Halobacillus_halophilus	SRR5861981	NA
Halobacillus_halophilus	SRR5861982	NA
Halobacillus_halophilus	SRR5861983	NA
Halobacillus_halophilus	SRR5861984	NA
Halobacillus_halophilus	SRR5861985	NA
Halobacillus_halophilus	SRR5861986	NA
Halobacillus_halophilus	SRR5861987	NA
Halobacillus_halophilus	SRR5861988	NA
Halobacillus_halophilus	SRR5861989	NA
Halobacillus_halophilus	SRR5861990	NA
Halobacillus_halophilus	SRR5861991	NA
Halobacillus_halophilus	SRR5861992	NA
Halobacillus_halophilus	SRR5861993	NA
Halobacillus_halophilus	SRR5861994	NA
Halobacillus_halophilus	SRR5861995	NA
Halobacillus_halophilus	SRR5861996	NA
Halobacillus_halophilus	SRR5861997	NA
Halobacillus_halophilus	SRR5861998	NA
Halobacillus_halophilus	SRR5861999	NA
Halobacillus_halophilus	SRR5862000	NA
Halobacillus_halophilus	SRR5862001	NA
Halobacillus_halophilus	SRR5862002	NA
Halobacillus_halophilus	SRR5862003	NA
Halobacillus_halophilus	SRR5862004	NA
Halobacillus_halophilus	SRR5862005	NA
Halobacillus_halophilus	SRR5862006	NA
Halobacillus_halophilus	SRR5862007	NA
Halobacillus_halophilus	SRR5862008	NA
Halobacillus_halophilus	SRR5862009	NA
Halobacillus_halophilus	SRR5862010	NA
Halobacillus_halophilus	SRR5862011	NA
Halobacillus_halophilus	SRR5862012	NA
Halobacillus_halophilus	SRR5862013	NA
Halobacillus_halophilus	SRR5862014	NA
Halobacillus_halophilus	SRR5862015	NA
Halobacillus_halophilus	SRR5862016	NA
Halobacillus_halophilus	SRR5862017	NA
Halobacillus_halophilus	SRR5862018	NA
Halobacillus_halophilus	SRR5862019	NA
Halobacillus_halophilus	SRR5862020	NA
Halobacillus_halophilus	SRR5862021	NA
Halobacillus_halophilus	SRR5862022	NA
Halobacillus_halophilus	SRR5862023	NA
Halobacillus_halophilus	SRR5862024	NA
Halobacillus_halophilus	SRR5862025	NA
Halobacillus_halophilus	SRR5862026	NA
Halobacillus_halophilus	SRR5862027	NA
Halobacillus_halophilus	SRR5862028	NA
Halobacillus_halophilus	SRR5862029	NA
Halobacillus_halophilus	SRR5862030	NA
Halobacillus_halophilus	SRR5862031	NA
Halobacillus_halophilus	SRR5862032	NA
Halobacillus_halophilus	SRR5862033	NA
Halobacillus_halophilus	SRR5862034	NA
Halobacillus_halophilus	SRR5862035	NA
Halobacillus_halophilus	SRR5862036	NA
Halobacillus_halophilus	SRR5862037	NA
Halobacillus_halophilus	SRR5862038	NA
Halobacillus_halophilus	SRR5862039	NA
Halobacillus_halophilus	SRR5862040	NA
Halobacillus_halophilus	SRR5862041	NA
Halobacillus_halophilus	SRR5862042	NA
Halobacillus_halophilus	SRR5862043	NA
Halobacillus_halophilus	SRR5862044	NA
Halobacillus_halophilus	SRR5862045	NA
Halobacillus_halophilus	SRR5862046	NA
Halobacillus_halophilus	SRR5862047	NA
Halobacillus_halophilus	SRR5862048	NA
Halobacillus_halophilus	SRR5862049	NA
Halobacillus_halophilus	SRR5862050	NA
Halobacillus_halophilus	SRR5862051	NA
Halobacillus_halophilus	SRR5862052	NA
Halobacillus_halophilus	SRR5862053	NA
Halobacillus_halophilus	SRR5862054	NA
Halobacillus_halophilus	SRR5862055	NA
Halobacillus_halophilus	SRR5862056	NA
Halobacillus_halophilus	SRR5862057	NA
Halobacillus_halophilus	SRR5862058	NA
Halobacillus_halophilus	SRR5862059	NA
Halobacillus_halophilus	SRR5862060	NA
Halobacillus_halophilus	SRR5862061	NA
Halobacillus_halophilus	SRR5862062	NA
Halobacillus_halophilus	SRR5862063	NA
Halobacillus_halophilus	SRR5862064	NA
Halobacillus_halophilus	SRR5862065	NA
Halobacillus_halophilus	SRR5862066	NA
Halobacillus_halophilus	SRR5862067	NA
Halobacillus_halophilus	SRR5862068	NA
Halobacillus_halophilus	SRR5862069	NA
Halobacillus_halophilus	SRR5862070	NA
Halobacillus_halophilus	SRR5862071	NA
Halobacillus_halophilus	SRR5862072	NA
Halobacillus_halophilus	SRR5862073	NA
Halobacillus_halophilus	SRR5862074	NA
Halobacillus_halophilus	SRR5862075	NA
Halobacillus_halophilus	SRR5862076	NA
Halobacillus_halophilus	SRR5862077	NA
Halobacillus_halophilus	SRR5862078	NA
Halobacillus_halophilus	SRR5862079	NA
Halobacillus_halophilus	SRR5862080	NA
Halobacillus_halophilus	SRR5862081	NA
Halobacillus_halophilus	SRR5862082	NA
Halobacillus_halophilus	SRR5862083	NA
Halobacillus_halophilus	SRR5862084	NA
Halobacillus_halophilus	SRR5862085	NA
Halobacillus_halophilus	SRR5862086	NA
Halobacillus_halophilus	SRR5862087	NA
Halobacillus_halophilus	SRR5862088	NA
Halobacillus_halophilus	SRR5862089	NA
Halobacillus_halophilus	SRR5862090	NA
Halobacillus_halophilus	SRR5862091	NA
Halobacillus_halophilus	SRR5862092	NA
Halobacillus_halophilus	SRR5862093	NA
Halobacillus_halophilus	SRR5862094	NA
Halobacillus_halophilus	SRR5862095	NA
Halobacillus_halophilus	SRR5862096	NA
Halobacillus_halophilus	SRR5862097	NA
Halobacillus_halophilus	SRR5862098	NA
Halobacillus_halophilus	SRR5862099	NA
Halobacillus_halophilus	SRR5862100	NA
Halobacillus_halophilus	SRR5862101	NA
Halobacillus_halophilus	SRR5862102	NA
Halobacillus_halophilus	SRR5862103	NA
Halobacillus_halophilus	SRR5862104	NA
Halobacillus_halophilus	SRR5862105	NA
Halobacillus_halophilus	SRR5862106	NA
Halobacillus_halophilus	SRR5862107	NA
Halobacillus_halophilus	SRR5862108	NA
Halobacillus_halophilus	SRR5862109	NA
Halobacillus_halophilus	SRR5862110	NA
Halobacillus_halophilus	SRR5862111	NA
Halobacillus_halophilus	SRR5862112	NA
Halobacillus_halophilus	SRR5862113	NA
Halobacillus_halophilus	SRR5862114	NA
Halobacillus_halophilus	SRR5862115	NA
Halobacillus_halophilus	SRR5862116	NA
Halobacillus_halophilus	SRR5862117	NA
Halobacillus_halophilus	SRR5862118	NA
Halobacillus_halophilus	SRR5862119	NA
Halobacillus_halophilus	SRR5862120	NA
Halobacillus_halophilus	SRR5862121	NA
Halobacillus_halophilus	SRR5862122	NA
Halobacillus_halophilus	SRR5862123	NA
Halobacillus_halophilus	SRR5862124	NA
Halobacillus_halophilus	SRR5862125	NA
Halobacillus_halophilus	SRR5862126	NA
Halobacillus_halophilus	SRR5862127	NA
Halobacillus_halophilus	SRR5862128	NA
Halobacillus_halophilus	SRR5862129	NA
Halobacillus_halophilus	SRR5862130	NA
Halobacillus_halophilus	SRR5862131	NA
Halobacillus_halophilus	SRR5862132	NA
Halobacillus_halophilus	SRR5862133	NA
Halobacillus_halophilus	SRR5862134	NA
Halobacillus_halophilus	SRR5862135	NA
Halobacillus_halophilus	SRR5862136	NA
Halobacillus_halophilus	SRR5862137	NA
Halobacillus_halophilus	SRR5862138	NA
Halobacillus_halophilus	SRR5862139	NA
Halobacillus_halophilus	SRR5862140	NA
Halobacillus_halophilus	SRR5862141	NA
Halobacillus_halophilus	SRR5862142	NA
Halobacillus_halophilus	SRR5862143	NA
Halobacillus_halophilus	SRR5862144	NA
Halobacillus_halophilus	SRR5862145	NA
Halobacillus_halophilus	SRR5862146	NA
Halobacillus_halophilus	SRR5862147	NA
Halobacillus_halophilus	SRR5862148	NA
Halobacillus_halophilus	SRR5862149	NA
Halobacillus_halophilus	SRR5862150	NA
Halobacillus_halophilus	SRR5862151	NA
Halobacillus_halophilus	SRR5862152	NA
Halobacillus_halophilus	SRR5862153	NA
Halobacillus_halophilus	SRR5862154	NA
Halobacillus_halophilus	SRR5862155	NA
Halobacillus_halophilus	SRR5862156	NA
Halobacillus_halophilus	SRR5862157	NA
Halobacillus_halophilus	SRR5862158	NA
Halobacillus_halophilus	SRR5862159	NA
Halobacillus_halophilus	SRR5862160	NA
Halobacillus_halophilus	SRR5862161	NA
Halobacillus_halophilus	SRR5862162	NA
Halobacillus_halophilus	SRR5862163	NA
Halobacillus_halophilus	SRR5862164	NA
Halobacillus_halophilus	SRR5862165	NA
Halobacillus_halophilus	SRR5862166	NA
Halobacillus_halophilus	SRR5862167	NA
Halobacillus_halophilus	SRR5862168	NA
Halobacillus_halophilus	SRR5862169	NA
Halobacillus_halophilus	SRR5862170	NA
Halobacillus_halophilus	SRR5862171	NA
Halobacillus_halophilus	SRR5862172	NA
Halobacillus_halophilus	SRR5862173	NA
Halobacillus_halophilus	SRR5862174	NA
Halobacillus_halophilus	SRR5862175	NA
Halobacillus_halophilus	SRR5862176	NA
Halobacillus_halophilus	SRR5862177	NA
Halobacillus_halophilus	SRR5862178	NA
Halobacillus_halophilus	SRR5862179	NA
Halobacillus_halophilus	SRR5862180	NA
Halobacillus_halophilus	SRR5862181	NA
Halobacillus_halophilus	SRR5862182	NA
Halobacillus_halophilus	SRR5862183	NA
Halobacillus_halophilus	SRR5862184	NA
Halobacillus_halophilus	SRR5862185	NA
Halobacillus_halophilus	SRR5862186	NA
Halobacillus_halophilus	SRR5862187	NA
Halobacillus_halophilus	SRR5862188	NA
Halobacillus_halophilus	SRR5862189	NA
Halobacillus_halophilus	SRR5862190	NA
Halobacillus_halophilus	SRR5862191	NA
Halobacillus_halophilus	SRR5862192	NA
Halobacillus_halophilus	SRR5862193	NA
Halobacillus_halophilus	SRR5862194	NA
Halobacillus_halophilus	SRR5862195	NA
Halobacillus_halophilus	SRR5862196	NA
Halobacillus_halophilus	SRR5862197	NA
Halobacillus_halophilus	SRR5862198	NA
Halobacillus_halophilus	SRR5862199	NA
Halobacillus_halophilus	SRR5862200	NA
Halobacillus_halophilus	SRR5862201	NA
Halobacillus_halophilus	SRR5862202	NA
Halobacillus_halophilus	SRR5862203	NA
Halobacillus_halophilus	SRR5862204	NA
Halobacillus_halophilus	SRR5862205	NA
Halobacillus_halophilus	SRR5862206	NA
Halobacillus_halophilus	SRR5862207	NA
Halobacillus_halophilus	SRR5862208	NA
Halobacillus_halophilus	SRR5862209	NA
Halobacillus_halophilus	SRR5862210	NA
Halobacillus_halophilus	SRR5862211	NA
Halobacillus_halophilus	SRR5862212	NA
Halobacillus_halophilus	SRR5862213	NA
Halobacillus_halophilus	SRR5862214	NA
Halobacillus_halophilus	SRR5862215	NA
Halobacillus_halophilus	SRR5862216	NA
Halobacillus_halophilus	SRR5862217	NA
Halobacillus_halophilus	SRR5862218	NA
Halobacillus_halophilus	SRR5862219	NA
Halobacillus_halophilus	SRR5862220	NA
Halobacillus_halophilus	SRR5862221	NA
Halobacillus_halophilus	SRR5862222	NA
Halobacillus_halophilus	SRR5862223	NA
Halobacillus_halophilus	SRR5862224	NA
Halobacillus_halophilus	SRR5862225	NA
Halobacillus_halophilus	SRR5862226	NA
Halobacillus_halophilus	SRR5862227	NA
Halobacillus_halophilus	SRR5862228	NA
Halobacillus_halophilus	SRR5862229	NA
Halobacillus_halophilus	SRR5862230	NA
Halobacillus_halophilus	SRR5862231	NA
Halobacillus_halophilus	SRR5862232	NA
Halobacillus_halophilus	SRR5862233	NA
Halobacillus_halophilus	SRR5862234	NA
Halobacillus_halophilus	SRR5862235	NA
Halobacillus_halophilus	SRR5862236	NA
Halobacillus_halophilus	SRR5862237	NA
Halobacillus_halophilus	SRR5862238	NA
Halobacillus_halophilus	SRR5862239	NA
Halobacillus_halophilus	SRR5862240	NA
Halobacillus_halophilus	SRR5862241	NA
Halobacillus_halophilus	SRR5862242	NA
Halobacillus_halophilus	SRR5862243	NA
Halobacillus_halophilus	SRR5862244	NA
Halobacillus_halophilus	SRR5862245	NA
Halobacillus_halophilus	SRR5862246	NA
Halobacillus_halophilus	SRR5862247	NA
Halobacillus_halophilus	SRR5862248	NA
Halobacillus_halophilus	SRR5862249	NA
Halobacillus_halophilus	SRR5862250	NA
Halobacillus_halophilus	SRR5862251	NA
Halobacillus_halophilus	SRR5862252	NA
Halobacillus_halophilus	SRR5862253	NA
Halobacillus_halophilus	SRR5862254	NA
Halobacillus_halophilus	SRR5862255	NA
Halobacillus_halophilus	SRR5862256	NA
Halobacillus_halophilus	SRR5862257	NA
Halobacillus_halophilus	SRR5862258	NA
Halobacillus_halophilus	SRR5862259	NA
Halobacillus_halophilus	SRR5862260	NA
Halobacillus_halophilus	SRR5862261	NA
Halobacillus_halophilus	SRR5862262	NA
Halobacillus_halophilus	SRR5862263	NA
Halobacillus_halophilus	SRR5862264	NA
Halobacillus_halophilus	SRR5862265	NA
Halobacillus_halophilus	SRR5862266	NA
Halobacillus_halophilus	SRR5862267	NA
Halobacillus_halophilus	SRR5862268	NA
Halobacillus_halophilus	SRR5862269	NA
Halobacillus_halophilus	SRR5862270	NA
Halobacillus_halophilus	SRR5862271	NA
Halobacillus_halophilus	SRR5862272	NA
Halobacillus_halophilus	SRR5862273	NA
Halobacillus_halophilus	SRR5862274	NA
Halobacillus_halophilus	SRR5862275	NA
Halobacillus_halophilus	SRR5862276	NA
Halobacillus_halophilus	SRR5862277	NA
Halobacillus_halophilus	SRR5949109	0
Halobacillus_halophilus	SRR5949110	0
Halobacillus_halophilus	SRR5949111	1
Halobacillus_halophilus	SRR5949112	0
Halobacillus_halophilus	SRR5949113	3
Halobacillus_halophilus	SRR5949114	0
Halobacillus_halophilus	SRR5949115	0
Halobacillus_halophilus	SRR5949116	0
Halobacillus_halophilus	SRR5949117	0
Halobacillus_halophilus	SRR5949118	0
Halobacillus_halophilus	SRR5949119	0
Halobacillus_halophilus	SRR5949120	4
Halobacillus_halophilus	SRR5949121	4
Halobacillus_halophilus	SRR5949122	0
Halobacillus_halophilus	SRR5949123	1
Halobacillus_halophilus	SRR5949124	0
Halobacillus_halophilus	SRR5949125	0
Halobacillus_halophilus	SRR5949126	0
Halobacillus_halophilus	SRR5949127	0
Halobacillus_halophilus	SRR5949128	0
Halobacillus_halophilus	SRR5949129	1
Halobacillus_halophilus	SRR5949130	2
Halobacillus_halophilus	SRR5949131	0
Halobacillus_halophilus	SRR5949132	0
Halobacillus_halophilus	SRR5949133	0
Halobacillus_halophilus	SRR5949134	0
Halobacillus_halophilus	SRR5949135	1
Halobacillus_halophilus	SRR5949136	1
Halobacillus_halophilus	SRR5949137	0
Halobacillus_halophilus	SRR5949138	0
Halobacillus_halophilus	SRR5949139	1
Halobacillus_halophilus	SRR5949140	2
Halobacillus_halophilus	SRR5949141	0
Halobacillus_halophilus	SRR5949142	4
Halobacillus_halophilus	SRR5949143	0
Halobacillus_halophilus	SRR5949144	0
Halobacillus_halophilus	SRR5949145	1
Halobacillus_halophilus	SRR5949146	0
Halobacillus_halophilus	SRR5949147	1
Halobacillus_halophilus	SRR5949148	4
Halobacillus_halophilus	SRR5949149	0
Halobacillus_halophilus	SRR5949150	0
Halobacillus_halophilus	SRR5949151	0
Halobacillus_halophilus	SRR5949152	0
Halobacillus_halophilus	SRR5949153	0
Halobacillus_halophilus	SRR5949154	2
Halobacillus_halophilus	SRR5949155	0
Halobacillus_halophilus	SRR5949156	0
Halobacillus_halophilus	SRR5949157	0
Halobacillus_halophilus	SRR5949158	1
Halobacillus_halophilus	SRR5949159	0
Halobacillus_halophilus	SRR5949160	4
Halobacillus_halophilus	SRR5949161	0
Halobacillus_halophilus	SRR5949162	0
Halobacillus_halophilus	SRR5949163	0
Halobacillus_halophilus	SRR5949164	0
Halobacillus_halophilus	SRR5949165	1
Halobacillus_halophilus	SRR5949166	0
Halobacillus_halophilus	SRR5949167	2
Halobacillus_halophilus	SRR5949168	0
Halobacillus_halophilus	SRR5949169	5
Halobacillus_halophilus	SRR5949170	0
Halobacillus_halophilus	SRR5949171	0
Halobacillus_halophilus	SRR5949172	0
Halobacillus_halophilus	SRR5949173	0
Halobacillus_halophilus	SRR5949174	0
Halobacillus_halophilus	SRR5949175	0
Halobacillus_halophilus	SRR5949176	2
Halobacillus_halophilus	SRR5949177	0
Halobacillus_halophilus	SRR5949178	0
Halobacillus_halophilus	SRR5949179	0
Halobacillus_halophilus	SRR5949180	2
Halobacillus_halophilus	SRR5949181	0
Halobacillus_halophilus	SRR5949182	2
Halobacillus_halophilus	SRR5949183	0
Halobacillus_halophilus	SRR5949184	1
Halobacillus_halophilus	SRR5949185	0
Halobacillus_halophilus	SRR5949186	2
Halobacillus_halophilus	SRR5949187	0
Halobacillus_halophilus	SRR5949188	0
Halobacillus_halophilus	SRR5949189	1
Halobacillus_halophilus	SRR5949190	0
Halobacillus_halophilus	SRR5949191	2
Halobacillus_halophilus	SRR5949192	0
Halobacillus_halophilus	SRR5949193	0
Halobacillus_halophilus	SRR5949194	0
Halobacillus_halophilus	SRR5949195	0
Halobacillus_halophilus	SRR5949196	0
Halobacillus_halophilus	SRR5949197	1
Halobacillus_halophilus	SRR5949198	0
Halobacillus_halophilus	SRR5949199	0
Halobacillus_halophilus	SRR5949200	0
Halobacillus_halophilus	SRR5949201	0
Halobacillus_halophilus	SRR5949202	1
Halobacillus_halophilus	SRR5949203	5
Halobacillus_halophilus	SRR5949204	4
Halobacillus_halophilus	SRR5949205	0
Halobacillus_halophilus	SRR5949206	0
Halobacillus_halophilus	SRR5949207	2
Halobacillus_halophilus	SRR5949208	0
Halobacillus_halophilus	SRR5949209	0
Halobacillus_halophilus	SRR5949210	0
Halobacillus_halophilus	SRR5949211	1
Halobacillus_halophilus	SRR5949212	0
Halobacillus_halophilus	SRR5949213	0
Halobacillus_halophilus	SRR5949214	0
Halobacillus_halophilus	SRR5949215	5
Halobacillus_halophilus	SRR5949216	0
Halobacillus_halophilus	SRR5949217	1
Halobacillus_halophilus	SRR5949218	5
Halobacillus_halophilus	SRR5949219	1
Halobacillus_halophilus	SRR5949220	1
Halobacillus_halophilus	SRR5949221	3
Halobacillus_halophilus	SRR5949222	1
Halobacillus_halophilus	SRR5949223	0
Halobacillus_halophilus	SRR5949224	15
Halobacillus_halophilus	SRR5949225	1
Halobacillus_halophilus	SRR5949226	0
Halobacillus_halophilus	SRR5949227	1
Halobacillus_halophilus	SRR5949228	0
Halobacillus_halophilus	SRR5949229	0
Halobacillus_halophilus	SRR5949230	0
Halobacillus_halophilus	SRR5949231	1
Halobacillus_halophilus	SRR5949232	0
Halobacillus_halophilus	SRR5949233	0
Halobacillus_halophilus	SRR5949234	2
Halobacillus_halophilus	SRR5949235	0
Halobacillus_halophilus	SRR5949236	2
Halobacillus_halophilus	SRR5949237	0
Halobacillus_halophilus	SRR5949238	1
Halobacillus_halophilus	SRR5949239	4
Halobacillus_halophilus	SRR5949240	0
Halobacillus_halophilus	SRR5949241	0
Halobacillus_halophilus	SRR5949242	0
Halobacillus_halophilus	SRR5949243	2
Halobacillus_halophilus	SRR5949244	0
Halobacillus_halophilus	SRR5949245	0
Halobacillus_halophilus	SRR5949246	2
Halobacillus_halophilus	SRR5949247	0
Halobacillus_halophilus	SRR5949248	0
Halobacillus_halophilus	SRR5949249	0
Halobacillus_halophilus	SRR5949250	0
Halobacillus_halophilus	SRR5949251	0
Halobacillus_halophilus	SRR5949252	0
Halobacillus_halophilus	SRR5949253	24
Halobacillus_halophilus	SRR5949254	3
Halobacillus_halophilus	SRR5949255	0
Halobacillus_halophilus	SRR5949256	0
Halobacillus_halophilus	SRR5949257	1
Halobacillus_halophilus	SRR5949258	0
Halobacillus_halophilus	SRR5949259	1
Halobacillus_halophilus	SRR5949260	0
Halobacillus_halophilus	SRR5949261	0
Halobacillus_halophilus	SRR5949262	1
Halobacillus_halophilus	SRR5949263	3
Halobacillus_halophilus	SRR5949264	0
Halobacillus_halophilus	SRR5949265	0
Halobacillus_halophilus	SRR5949266	0
Halobacillus_halophilus	SRR5949267	2
Halobacillus_halophilus	SRR5949268	0
Halobacillus_halophilus	SRR5949269	0
Halobacillus_halophilus	SRR5949270	0
Halobacillus_halophilus	SRR5949271	0
Halobacillus_halophilus	SRR5949272	0
Halobacillus_halophilus	SRR5949273	2
Halobacillus_halophilus	SRR5949274	0
Halobacillus_halophilus	SRR5949275	2
Halobacillus_halophilus	SRR5949276	0
Halobacillus_halophilus	SRR5949277	0
Halobacillus_halophilus	SRR5949278	2
Halobacillus_halophilus	SRR5949279	0
Halobacillus_halophilus	SRR5949280	0
Halobacillus_halophilus	SRR5949281	0
Halobacillus_halophilus	SRR5949282	3
Halobacillus_halophilus	SRR5949283	7
Halobacillus_halophilus	SRR5949284	1
Halobacillus_halophilus	SRR5949285	0
Halobacillus_halophilus	SRR5949286	3
Halobacillus_halophilus	SRR5949287	0
Halobacillus_halophilus	SRR5949288	0
Halobacillus_halophilus	SRR5949289	0
Halobacillus_halophilus	SRR5949290	1
Halobacillus_halophilus	SRR5949291	0
Halobacillus_halophilus	SRR5949292	1
Halobacillus_halophilus	SRR5949293	0
Halobacillus_halophilus	SRR5949294	0
Halobacillus_halophilus	SRR5949295	6
Halobacillus_halophilus	SRR5949296	2
Halobacillus_halophilus	SRR5949297	0
Halobacillus_halophilus	SRR5949298	0
Halobacillus_halophilus	SRR5949299	1
Halobacillus_halophilus	SRR5949300	0
Halobacillus_halophilus	SRR5949301	0
Halobacillus_halophilus	SRR5949302	1
Halobacillus_halophilus	SRR5949303	2
Halobacillus_halophilus	SRR5949304	1
Halobacillus_halophilus	SRR5949305	0
Halobacillus_halophilus	SRR5949306	4
Halobacillus_halophilus	SRR5949307	0
Halobacillus_halophilus	SRR5949308	2
Halobacillus_halophilus	SRR5949309	0
Halobacillus_halophilus	SRR5949310	0
Halobacillus_halophilus	SRR5949311	4
Halobacillus_halophilus	SRR5949312	0
Halobacillus_halophilus	SRR5949313	0
Halobacillus_halophilus	SRR5949314	0
Halobacillus_halophilus	SRR5949315	1
Halobacillus_halophilus	SRR5949316	0
Halobacillus_halophilus	SRR5949317	0
Halobacillus_halophilus	SRR5949318	0
Halobacillus_halophilus	SRR5949319	0
Halobacillus_halophilus	SRR5949320	0
Halobacillus_halophilus	SRR5949321	0
Halobacillus_halophilus	SRR5949322	3
Halobacillus_halophilus	SRR5949323	1
Halobacillus_halophilus	SRR5949324	0
Halobacillus_halophilus	SRR5949325	1
Halobacillus_halophilus	SRR5949326	0
Halobacillus_halophilus	SRR5949327	0
Halobacillus_halophilus	SRR5949328	0
Halobacillus_halophilus	SRR5949329	2
Halobacillus_halophilus	SRR5949330	0
Halobacillus_halophilus	SRR5949331	0
Halobacillus_halophilus	SRR5949332	0
Halobacillus_halophilus	SRR5949333	0
Halobacillus_halophilus	SRR5949334	1
Halobacillus_halophilus	SRR5949335	0
Halobacillus_halophilus	SRR5949336	0
Halobacillus_halophilus	SRR5949337	0
Halobacillus_halophilus	SRR5949338	0
Halobacillus_halophilus	SRR5949339	9
Halobacillus_halophilus	SRR5949340	1
Halobacillus_halophilus	SRR5949341	7
Halobacillus_halophilus	SRR5949342	0
Halobacillus_halophilus	SRR5949343	0
Halobacillus_halophilus	SRR5949344	0
Halobacillus_halophilus	SRR5949345	0
Halobacillus_halophilus	SRR5949346	0
Halobacillus_halophilus	SRR5949347	3
Halobacillus_halophilus	SRR5949348	4
Halobacillus_halophilus	SRR5949349	0
Halobacillus_halophilus	SRR5949350	0
Halobacillus_halophilus	SRR5949351	1
Halobacillus_halophilus	SRR5949352	1
Halobacillus_halophilus	SRR5949353	0
Halobacillus_halophilus	SRR5949354	0
Halobacillus_halophilus	SRR5949355	1
Halobacillus_halophilus	SRR5949356	1
Halobacillus_halophilus	SRR5949357	0
Halobacillus_halophilus	SRR5949358	1
Halobacillus_halophilus	SRR5949359	3
Halobacillus_halophilus	SRR5949360	5
Halobacillus_halophilus	SRR5949361	0
Halobacillus_halophilus	SRR5949362	0
Halobacillus_halophilus	SRR5949363	0
Halobacillus_halophilus	SRR5949364	0
Halobacillus_halophilus	SRR5949365	1
Halobacillus_halophilus	SRR5949366	0
Halobacillus_halophilus	SRR5949367	0
Halobacillus_halophilus	SRR5949368	0
Halobacillus_halophilus	SRR5949369	0
Halobacillus_halophilus	SRR5949370	0
Halobacillus_halophilus	SRR5949371	0
Halobacillus_halophilus	SRR5949372	0
Halobacillus_halophilus	SRR5949373	0
Halobacillus_halophilus	SRR5949374	1
Halobacillus_halophilus	SRR5949375	0
Halobacillus_halophilus	SRR5949376	0
Halobacillus_halophilus	SRR5949377	3
Halobacillus_halophilus	SRR5949378	0
Halobacillus_halophilus	SRR5949379	0
Halobacillus_halophilus	SRR5949380	0
Halobacillus_halophilus	SRR5949381	3
Halobacillus_halophilus	SRR5949382	3
Halobacillus_halophilus	SRR5949383	0
Halobacillus_halophilus	SRR5949384	0
Halobacillus_halophilus	SRR5949385	4
Halobacillus_halophilus	SRR5949386	0
Halobacillus_halophilus	SRR5949387	0
Halobacillus_halophilus	SRR5949388	0
Halobacillus_halophilus	SRR5949389	0
Halobacillus_halophilus	SRR5949390	1
Halobacillus_halophilus	SRR5949391	0
Halobacillus_halophilus	SRR5949392	1
Halobacillus_halophilus	SRR5949393	1
Halobacillus_halophilus	SRR5949394	0
Halobacillus_halophilus	SRR5949395	1
Halobacillus_halophilus	SRR5949396	2
Halobacillus_halophilus	SRR5949397	1
Halobacillus_halophilus	SRR5949398	6
Halobacillus_halophilus	SRR5949399	1
Halobacillus_halophilus	SRR5949400	0
Halobacillus_halophilus	SRR5949401	1
Halobacillus_halophilus	SRR5949402	0
Halobacillus_halophilus	SRR5949403	0
Halobacillus_halophilus	SRR5949404	0
Halobacillus_halophilus	SRR5949405	6
Halobacillus_halophilus	SRR5949406	0
Halobacillus_halophilus	SRR5949407	1
Halobacillus_halophilus	SRR5949408	0
Halobacillus_halophilus	SRR5949409	0
Halobacillus_halophilus	SRR5949410	0
Halobacillus_halophilus	SRR5949411	0
Halobacillus_halophilus	SRR5949412	1
Halobacillus_halophilus	SRR5949413	1
Halobacillus_halophilus	SRR5949414	0
Halobacillus_halophilus	SRR5949415	1
Halobacillus_halophilus	SRR5949416	1
Halobacillus_halophilus	SRR5949417	0
Halobacillus_halophilus	SRR5949418	0
Halobacillus_halophilus	SRR5949419	5
Halobacillus_halophilus	SRR5949420	0
Halobacillus_halophilus	SRR5949421	3
Halobacillus_halophilus	SRR5949422	0
Halobacillus_halophilus	SRR5949423	0
Halobacillus_halophilus	SRR5949424	0
Halobacillus_halophilus	SRR5949425	2
Halobacillus_halophilus	SRR5949426	0
Halobacillus_halophilus	SRR5949427	0
Halobacillus_halophilus	SRR5949428	0
Halobacillus_halophilus	SRR5949429	0
Halobacillus_halophilus	SRR5949430	0
Halobacillus_halophilus	SRR5949431	0
Halobacillus_halophilus	SRR5949432	1
Halobacillus_halophilus	SRR5949433	0
Halobacillus_halophilus	SRR5949434	0
Halobacillus_halophilus	SRR5949435	0
Halobacillus_halophilus	SRR5949436	0
Halobacillus_halophilus	SRR5949437	1
Halobacillus_halophilus	SRR5949438	0
Halobacillus_halophilus	SRR5949439	0
Halobacillus_halophilus	SRR5949440	0
Halobacillus_halophilus	SRR5949441	1
Halobacillus_halophilus	SRR5949442	0
Halobacillus_halophilus	SRR5949443	4
Halobacillus_halophilus	SRR5949444	1
Halobacillus_halophilus	SRR5949445	0
Halobacillus_halophilus	SRR5949446	0
Halobacillus_halophilus	SRR5949447	3
Halobacillus_halophilus	SRR5949448	1
Halobacillus_halophilus	SRR5949449	0
Halobacillus_halophilus	SRR5949450	0
Halobacillus_halophilus	SRR5949451	0
Halobacillus_halophilus	SRR5949452	0
Halobacillus_halophilus	SRR5949453	0
Halobacillus_halophilus	SRR5949454	3
Halobacillus_halophilus	SRR5949455	0
Halobacillus_halophilus	SRR5949456	0
Halobacillus_halophilus	SRR5949457	0
Halobacillus_halophilus	SRR5949458	0
Halobacillus_halophilus	SRR5949459	1
Halobacillus_halophilus	SRR5949460	0
Halobacillus_halophilus	SRR5949461	3
Halobacillus_halophilus	SRR5949462	0
Halobacillus_halophilus	SRR5949463	2
Halobacillus_halophilus	SRR5949464	0
Halobacillus_halophilus	SRR5949465	0
Halobacillus_halophilus	SRR5949466	0
Halobacillus_halophilus	SRR5949467	0
Halobacillus_halophilus	SRR5949468	0
Halobacillus_halophilus	SRR5949469	1
Halobacillus_halophilus	SRR5949470	0
Halobacillus_halophilus	SRR5949471	4
Halobacillus_halophilus	SRR5949472	0
Halobacillus_halophilus	SRR5949473	3
Halobacillus_halophilus	SRR5949474	0
Halobacillus_halophilus	SRR5949475	0
Halobacillus_halophilus	SRR5949476	0
Halobacillus_halophilus	SRR5949477	0
Halobacillus_halophilus	SRR5949478	1
Halobacillus_halophilus	SRR5949479	0
Halobacillus_halophilus	SRR5949480	0
Halobacillus_halophilus	SRR5949481	3
Halobacillus_halophilus	SRR5949482	75
Halobacillus_halophilus	SRR5949483	5
Halobacillus_halophilus	SRR5949484	1
Halobacillus_halophilus	SRR5949485	0
Halobacillus_halophilus	SRR5949486	0
Halobacillus_halophilus	SRR5949487	1
Halobacillus_halophilus	SRR5949488	0
Halobacillus_halophilus	SRR5949489	0
Halobacillus_halophilus	SRR5949490	0
Halobacillus_halophilus	SRR5949491	4
Halobacillus_halophilus	SRR5949492	0
Halobacillus_halophilus	SRR5949493	1
Halobacillus_halophilus	SRR5949494	0
Halobacillus_halophilus	SRR5949495	0
Halobacillus_halophilus	SRR5949496	3
Halobacillus_halophilus	SRR5949497	0
Halobacillus_halophilus	SRR5949498	5
Halobacillus_halophilus	SRR5949499	0
Halobacillus_halophilus	SRR5949500	0
Halobacillus_halophilus	SRR5949501	10
Halobacillus_halophilus	SRR5949502	0
Halobacillus_halophilus	SRR5949503	2
Halobacillus_halophilus	SRR5949504	3
Halobacillus_halophilus	SRR5949505	0
Halobacillus_halophilus	SRR5949506	0
Halobacillus_halophilus	SRR5949507	0
Halobacillus_halophilus	SRR5949508	0
Halobacillus_halophilus	SRR5949509	4
Halobacillus_halophilus	SRR5949510	4
Halobacillus_halophilus	SRR5949511	0
Halobacillus_halophilus	SRR5949512	0
Halobacillus_halophilus	SRR5949513	0
Halobacillus_halophilus	SRR5949514	0
Halobacillus_halophilus	SRR5949515	0
Halobacillus_halophilus	SRR5949516	3
Halobacillus_halophilus	SRR5949517	0
Halobacillus_halophilus	SRR5949518	6
Halobacillus_halophilus	SRR5949519	0
Halobacillus_halophilus	SRR5949520	0
Halobacillus_halophilus	SRR5949521	0
Halobacillus_halophilus	SRR5949522	0
Halobacillus_halophilus	SRR5949523	0
Halobacillus_halophilus	SRR5949524	2
Halobacillus_halophilus	SRR5949525	3
Halobacillus_halophilus	SRR5949526	4
Halobacillus_halophilus	SRR5949527	0
Halobacillus_halophilus	SRR5949528	0
Halobacillus_halophilus	SRR5949529	1
Halobacillus_halophilus	SRR5949530	0
Halobacillus_halophilus	SRR5949531	11
Halobacillus_halophilus	SRR5949532	1
Halobacillus_halophilus	SRR5949533	0
Halobacillus_halophilus	SRR5949534	0
Halobacillus_halophilus	SRR5949535	0
Halobacillus_halophilus	SRR5949536	0
Halobacillus_halophilus	SRR5949537	0
Halobacillus_halophilus	SRR5949538	0
Halobacillus_halophilus	SRR5949539	1
Halobacillus_halophilus	SRR5949540	5
Halobacillus_halophilus	SRR5949541	0
Halobacillus_halophilus	SRR5949542	0
Halobacillus_halophilus	SRR5949543	2
Halobacillus_halophilus	SRR5949544	1
Halobacillus_halophilus	SRR5949545	0
Halobacillus_halophilus	SRR5949546	1
Halobacillus_halophilus	SRR5949547	0
Halobacillus_halophilus	SRR5949548	0
Halobacillus_halophilus	SRR5949549	0
Halobacillus_halophilus	SRR5949550	0
Halobacillus_halophilus	SRR5949551	1
Halobacillus_halophilus	SRR5949552	0
Halobacillus_halophilus	SRR5949553	0
Halobacillus_halophilus	SRR5949554	1
Halobacillus_halophilus	SRR5949555	4
Halobacillus_halophilus	SRR5949556	1
Halobacillus_halophilus	SRR5949557	0
Halobacillus_halophilus	SRR5949558	1
Halobacillus_halophilus	SRR5949559	1
Halobacillus_halophilus	SRR5949560	1
Halobacillus_halophilus	SRR5949561	6
Halobacillus_halophilus	SRR5949562	0
Halobacillus_halophilus	SRR5949563	0
Halobacillus_halophilus	SRR5949564	2
Halobacillus_halophilus	SRR5949565	4
Halobacillus_halophilus	SRR5949566	0
Halobacillus_halophilus	SRR5949567	8
Halobacillus_halophilus	SRR5949568	1
Halobacillus_halophilus	SRR5949569	0
Halobacillus_halophilus	SRR5949570	1
Halobacillus_halophilus	SRR5949571	0
Halobacillus_halophilus	SRR5949572	0
Halobacillus_halophilus	SRR5949573	0
Halobacillus_halophilus	SRR5949574	0
Halobacillus_halophilus	SRR5949575	0
Halobacillus_halophilus	SRR5949576	1
Halobacillus_halophilus	SRR5949577	1
Halobacillus_halophilus	SRR5949578	1
Halobacillus_halophilus	SRR5949579	0
Halobacillus_halophilus	SRR5949580	0
Halobacillus_halophilus	SRR5949581	1
Halobacillus_halophilus	SRR5949582	2
Halobacillus_halophilus	SRR5949583	0
Halobacillus_halophilus	SRR5949584	0
Halobacillus_halophilus	SRR5949585	0
Halobacillus_halophilus	SRR5949586	0
Halobacillus_halophilus	SRR5949587	2
Halobacillus_halophilus	SRR5949588	1
Halobacillus_halophilus	SRR5949589	0
Halobacillus_halophilus	SRR5949590	0
Halobacillus_halophilus	SRR5949591	0
Halobacillus_halophilus	SRR5949592	0
Halobacillus_halophilus	SRR5949593	5
Halobacillus_halophilus	SRR5949594	2
Halobacillus_halophilus	SRR5949595	2
Halobacillus_halophilus	SRR5949596	0
Halobacillus_halophilus	SRR5949597	2
Halobacillus_halophilus	SRR5949598	0
Halobacillus_halophilus	SRR5949599	0
Halobacillus_halophilus	SRR5949600	3
Halobacillus_halophilus	SRR5949601	0
Halobacillus_halophilus	SRR5949602	0
Halobacillus_halophilus	SRR5949603	0
Halobacillus_halophilus	SRR5949604	0
Halobacillus_halophilus	SRR5949605	2
Halobacillus_halophilus	SRR5949606	0
Halobacillus_halophilus	SRR5949607	0
Halobacillus_halophilus	SRR5949608	3
Halobacillus_halophilus	SRR5950246	0
Halobacillus_halophilus	SRR5950247	0
Halobacillus_halophilus	SRR5950248	0
Halobacillus_halophilus	SRR5950249	0
Halobacillus_halophilus	SRR5950250	0
Halobacillus_halophilus	SRR5950251	0
Halobacillus_halophilus	SRR5950252	0
Halobacillus_halophilus	SRR5950253	3
Halobacillus_halophilus	SRR5950254	4
Halobacillus_halophilus	SRR5950255	0
Halobacillus_halophilus	SRR5950256	0
Halobacillus_halophilus	SRR5950257	1
Halobacillus_halophilus	SRR5950258	1
Halobacillus_halophilus	SRR5950259	0
Halobacillus_halophilus	SRR5950260	0
Halobacillus_halophilus	SRR5950261	3
Halobacillus_halophilus	SRR5950262	2
Halobacillus_halophilus	SRR5950263	0
Halobacillus_halophilus	SRR5950264	1
Halobacillus_halophilus	SRR5950265	3
Halobacillus_halophilus	SRR5950266	0
Halobacillus_halophilus	SRR5950267	1
Halobacillus_halophilus	SRR5950268	3
Halobacillus_halophilus	SRR5950269	2
Halobacillus_halophilus	SRR5950270	3
Halobacillus_halophilus	SRR5950271	0
Halobacillus_halophilus	SRR5950272	0
Halobacillus_halophilus	SRR5950273	0
Halobacillus_halophilus	SRR5950274	8
Halobacillus_halophilus	SRR5950275	0
Halobacillus_halophilus	SRR5950276	0
Halobacillus_halophilus	SRR5950277	1
Halobacillus_halophilus	SRR5950278	0
Halobacillus_halophilus	SRR5950279	4
Halobacillus_halophilus	SRR5950280	2
Halobacillus_halophilus	SRR5950281	0
Halobacillus_halophilus	SRR5950282	0
Halobacillus_halophilus	SRR5950283	0
Halobacillus_halophilus	SRR5950284	0
Halobacillus_halophilus	SRR5950285	1
Halobacillus_halophilus	SRR5950286	2
Halobacillus_halophilus	SRR5950287	1
Halobacillus_halophilus	SRR5950288	1
Halobacillus_halophilus	SRR5950289	0
Halobacillus_halophilus	SRR5950290	0
Halobacillus_halophilus	SRR5950291	0
Halobacillus_halophilus	SRR5950292	0
Halobacillus_halophilus	SRR5950293	1
Halobacillus_halophilus	SRR5950294	1
Halobacillus_halophilus	SRR5950295	0
Halobacillus_halophilus	SRR5950296	0
Halobacillus_halophilus	SRR5950297	2
Halobacillus_halophilus	SRR5950298	1
Halobacillus_halophilus	SRR5950299	0
Halobacillus_halophilus	SRR5950300	6
Halobacillus_halophilus	SRR5950301	2
Halobacillus_halophilus	SRR5950302	1
Halobacillus_halophilus	SRR5950303	1
Halobacillus_halophilus	SRR5950304	4
Halobacillus_halophilus	SRR5950305	0
Halobacillus_halophilus	SRR5950306	1
Halobacillus_halophilus	SRR5950307	10
Halobacillus_halophilus	SRR5950308	0
Halobacillus_halophilus	SRR5950309	0
Halobacillus_halophilus	SRR5950310	0
Halobacillus_halophilus	SRR5950311	1
Halobacillus_halophilus	SRR5950312	0
Halobacillus_halophilus	SRR5950313	0
Halobacillus_halophilus	SRR5950314	0
Halobacillus_halophilus	SRR5950315	0
Halobacillus_halophilus	SRR5950316	0
Halobacillus_halophilus	SRR5950317	0
Halobacillus_halophilus	SRR5950318	3
Halobacillus_halophilus	SRR5950319	1
Halobacillus_halophilus	SRR5950320	1
Halobacillus_halophilus	SRR5950321	0
Halobacillus_halophilus	SRR5950322	1
Halobacillus_halophilus	SRR5950323	3
Halobacillus_halophilus	SRR5950324	0
Halobacillus_halophilus	SRR5950325	0
Halobacillus_halophilus	SRR5950326	0
Halobacillus_halophilus	SRR5950327	0
Halobacillus_halophilus	SRR5950328	3
Halobacillus_halophilus	SRR5950329	3
Halobacillus_halophilus	SRR5950330	3
Halobacillus_halophilus	SRR5950331	0
Halobacillus_halophilus	SRR5950332	0
Halobacillus_halophilus	SRR5950333	0
Halobacillus_halophilus	SRR5950334	1
Halobacillus_halophilus	SRR5950335	0
Halobacillus_halophilus	SRR5950336	3
Halobacillus_halophilus	SRR5950337	0
Halobacillus_halophilus	SRR5950338	2
Halobacillus_halophilus	SRR5950339	0
Halobacillus_halophilus	SRR5950340	0
Halobacillus_halophilus	SRR5950341	1
Halobacillus_halophilus	SRR5950342	1
Halobacillus_halophilus	SRR5950343	0
Halobacillus_halophilus	SRR5950344	0
Halobacillus_halophilus	SRR5950345	5
Halobacillus_halophilus	SRR5950346	0
Halobacillus_halophilus	SRR5950347	1
Halobacillus_halophilus	SRR5950348	1
Halobacillus_halophilus	SRR5950349	0
Halobacillus_halophilus	SRR5950350	0
Halobacillus_halophilus	SRR5950351	3
Halobacillus_halophilus	SRR5950352	1
Halobacillus_halophilus	SRR5950353	5
Halobacillus_halophilus	SRR5950354	0
Halobacillus_halophilus	SRR5950355	1
Halobacillus_halophilus	SRR5950356	0
Halobacillus_halophilus	SRR5950357	1
Halobacillus_halophilus	SRR5950358	0
Halobacillus_halophilus	SRR5950359	0
Halobacillus_halophilus	SRR5950360	1
Halobacillus_halophilus	SRR5950361	1
Halobacillus_halophilus	SRR5950362	1
Halobacillus_halophilus	SRR5950363	0
Halobacillus_halophilus	SRR5950364	0
Halobacillus_halophilus	SRR5950365	1
Halobacillus_halophilus	SRR5950366	0
Halobacillus_halophilus	SRR5950367	0
Halobacillus_halophilus	SRR5950368	5
Halobacillus_halophilus	SRR5950369	0
Halobacillus_halophilus	SRR5950370	2
Halobacillus_halophilus	SRR5950371	0
Halobacillus_halophilus	SRR5950372	6
Halobacillus_halophilus	SRR5950373	0
Halobacillus_halophilus	SRR5950374	1
Halobacillus_halophilus	SRR5950375	3
Halobacillus_halophilus	SRR5950376	3
Halobacillus_halophilus	SRR5950377	1
Halobacillus_halophilus	SRR5950378	4
Halobacillus_halophilus	SRR5950379	0
Halobacillus_halophilus	SRR5950380	7
Halobacillus_halophilus	SRR5950381	0
Halobacillus_halophilus	SRR5950382	4
Halobacillus_halophilus	SRR5950383	2
Halobacillus_halophilus	SRR5950384	0
Halobacillus_halophilus	SRR5950385	0
Halobacillus_halophilus	SRR5950386	1
Halobacillus_halophilus	SRR5950387	0
Halobacillus_halophilus	SRR5950388	0
Halobacillus_halophilus	SRR5950389	0
Halobacillus_halophilus	SRR5950390	1
Halobacillus_halophilus	SRR5950391	0
Halobacillus_halophilus	SRR5950392	33
Halobacillus_halophilus	SRR5950393	3
Halobacillus_halophilus	SRR5950394	1
Halobacillus_halophilus	SRR5950395	20
Halobacillus_halophilus	SRR5950396	0
Halobacillus_halophilus	SRR5950397	1
Halobacillus_halophilus	SRR5950398	0
Halobacillus_halophilus	SRR5950399	0
Halobacillus_halophilus	SRR5950400	0
Halobacillus_halophilus	SRR5950401	0
Halobacillus_halophilus	SRR5950402	0
Halobacillus_halophilus	SRR5950403	0
Halobacillus_halophilus	SRR5950404	1
Halobacillus_halophilus	SRR5950405	1
Halobacillus_halophilus	SRR5950406	39
Halobacillus_halophilus	SRR5950407	3
Halobacillus_halophilus	SRR5950408	10
Halobacillus_halophilus	SRR5950409	1
Halobacillus_halophilus	SRR5950410	3
Halobacillus_halophilus	SRR5950411	0
Halobacillus_halophilus	SRR5950412	0
Halobacillus_halophilus	SRR5950413	3
Halobacillus_halophilus	SRR5950414	9
Halobacillus_halophilus	SRR5950415	0
Halobacillus_halophilus	SRR5950416	0
Halobacillus_halophilus	SRR5950417	3
Halobacillus_halophilus	SRR5950418	0
Halobacillus_halophilus	SRR5950419	0
Halobacillus_halophilus	SRR5950420	0
Halobacillus_halophilus	SRR5950421	0
Halobacillus_halophilus	SRR5950422	0
Halobacillus_halophilus	SRR5950423	2
Halobacillus_halophilus	SRR5950424	0
Halobacillus_halophilus	SRR5950425	0
Halobacillus_halophilus	SRR5950426	1
Halobacillus_halophilus	SRR5950427	0
Halobacillus_halophilus	SRR5950428	0
Halobacillus_halophilus	SRR5950429	0
Halobacillus_halophilus	SRR5950430	6
Halobacillus_halophilus	SRR5950431	1
Halobacillus_halophilus	SRR5950432	0
Halobacillus_halophilus	SRR5950433	1
Halobacillus_halophilus	SRR5950434	0
Halobacillus_halophilus	SRR5950435	0
Halobacillus_halophilus	SRR5950436	0
Halobacillus_halophilus	SRR5950437	0
Halobacillus_halophilus	SRR5950438	0
Halobacillus_halophilus	SRR5950439	3
Halobacillus_halophilus	SRR5950440	0
Halobacillus_halophilus	SRR5950441	0
Halobacillus_halophilus	SRR5950442	1
Halobacillus_halophilus	SRR5950443	0
Halobacillus_halophilus	SRR5950444	0
Halobacillus_halophilus	SRR5950445	0
Halobacillus_halophilus	SRR5950446	0
Halobacillus_halophilus	SRR5950447	0
Halobacillus_halophilus	SRR5950448	0
Halobacillus_halophilus	SRR5950449	0
Halobacillus_halophilus	SRR5950450	1
Halobacillus_halophilus	SRR5950451	0
Halobacillus_halophilus	SRR5950452	0
Halobacillus_halophilus	SRR5950453	0
Halobacillus_halophilus	SRR5950454	0
Halobacillus_halophilus	SRR5950455	17
Halobacillus_halophilus	SRR5950456	1
Halobacillus_halophilus	SRR5950457	1
Halobacillus_halophilus	SRR5950458	6
Halobacillus_halophilus	SRR5950459	0
Halobacillus_halophilus	SRR5950460	1
Halobacillus_halophilus	SRR5950461	0
Halobacillus_halophilus	SRR5950462	1
Halobacillus_halophilus	SRR5950463	1
Halobacillus_halophilus	SRR5950464	1
Halobacillus_halophilus	SRR5950465	2
Halobacillus_halophilus	SRR5950466	3
Halobacillus_halophilus	SRR5950467	2
Halobacillus_halophilus	SRR5950468	0
Halobacillus_halophilus	SRR5950469	0
Halobacillus_halophilus	SRR5950470	0
Halobacillus_halophilus	SRR5963912	0
Halobacillus_halophilus	SRR5963913	0
Halobacillus_halophilus	SRR5963914	0
Halobacillus_halophilus	SRR5963915	0
Halobacillus_halophilus	SRR5963916	0
Halobacillus_halophilus	SRR5963917	0
Halobacillus_halophilus	SRR5963918	4
Halobacillus_halophilus	SRR5963919	0
Halobacillus_halophilus	SRR5963920	0
Halobacillus_halophilus	SRR5963921	0
Halobacillus_halophilus	SRR5963922	0
Halobacillus_halophilus	SRR5963923	0
Halobacillus_halophilus	SRR5963924	0
Halobacillus_halophilus	SRR5963925	3
Halobacillus_halophilus	SRR5963926	1
Halobacillus_halophilus	SRR5963927	0
Halobacillus_halophilus	SRR5963928	0
Halobacillus_halophilus	SRR5963929	3
Halobacillus_halophilus	SRR5963930	0
Halobacillus_halophilus	SRR5963931	1
Halobacillus_halophilus	SRR5963932	0
Halobacillus_halophilus	SRR5963933	0
Halobacillus_halophilus	SRR5963934	1
Halobacillus_halophilus	SRR5963935	0
Halobacillus_halophilus	SRR5963936	3
Halobacillus_halophilus	SRR5963937	1
Halobacillus_halophilus	SRR5963938	2
Halobacillus_halophilus	SRR5963939	0
Halobacillus_halophilus	SRR5963940	1
Halobacillus_halophilus	SRR5963941	0
Halobacillus_halophilus	SRR5963942	0
Halobacillus_halophilus	SRR5963943	0
Halobacillus_halophilus	SRR5963944	0
Halobacillus_halophilus	SRR5963945	1
Halobacillus_halophilus	SRR5963946	1
Halobacillus_halophilus	SRR5963947	0
Halobacillus_halophilus	SRR5963948	2
Halobacillus_halophilus	SRR6467548	NA
Halobacillus_halophilus	SRR6467549	NA
Halobacillus_halophilus	SRR6467550	NA
Halobacillus_halophilus	SRR6467551	NA
Halobacillus_halophilus	SRR6467552	NA
Halobacillus_halophilus	SRR6467553	NA
Halobacillus_halophilus	SRR6467554	NA
Halobacillus_halophilus	SRR6467555	NA
Halobacillus_halophilus	SRR6467556	NA
Halobacillus_halophilus	SRR6467557	NA
Halobacillus_halophilus	SRR6467558	NA
Halobacillus_halophilus	SRR6467559	NA
Halobacillus_halophilus	SRR6467560	NA
Halobacillus_halophilus	SRR6467561	NA
Halobacillus_halophilus	SRR6467562	NA
Halobacillus_halophilus	SRR6467563	NA
Halobacillus_halophilus	SRR6467564	NA
Halobacillus_halophilus	SRR6467565	NA
Halobacillus_halophilus	SRR6467566	NA
Halobacillus_halophilus	SRR6467567	NA
Halobacillus_halophilus	SRR6467568	NA
Halobacillus_halophilus	SRR6467569	NA
Halobacillus_halophilus	SRR6467570	NA
Halobacillus_halophilus	SRR6467571	NA
Halobacillus_halophilus	SRR6467572	NA
Halobacillus_halophilus	SRR6467573	NA
Halobacillus_halophilus	SRR6467574	NA
Halobacillus_halophilus	SRR6467575	NA
Halobacillus_halophilus	SRR6467576	NA
Halobacillus_halophilus	SRR6467577	NA
Halobacillus_halophilus	SRR6467578	NA
Halobacillus_halophilus	SRR6467579	NA
Halobacillus_halophilus	SRR6467580	NA
Halobacillus_halophilus	SRR6467581	NA
Halobacillus_halophilus	SRR6467582	NA
Halobacillus_halophilus	SRR6467583	NA
Halobacillus_halophilus	SRR6467584	NA
Halobacillus_halophilus	SRR6467585	NA
Halobacillus_halophilus	SRR6467586	NA
Halobacillus_halophilus	SRR6467587	NA
Halobacillus_halophilus	SRR6467588	NA
Halobacillus_halophilus	SRR6467589	NA
Halobacillus_halophilus	SRR6467590	NA
Halobacillus_halophilus	SRR6467591	NA
Halobacillus_halophilus	SRR6467592	NA
Halobacillus_halophilus	SRR6467593	NA
Halobacillus_halophilus	SRR6467594	NA
Halobacillus_halophilus	SRR6467595	NA
Halobacillus_halophilus	SRR6467596	NA
Halobacillus_halophilus	SRR6467597	NA
Halobacillus_halophilus	SRR6467598	NA
Halobacillus_halophilus	SRR6467599	NA
Halobacillus_halophilus	SRR6467600	NA
Halobacillus_halophilus	SRR6467601	NA
Halobacillus_halophilus	SRR6467602	NA
Halobacillus_halophilus	SRR6467603	NA
Halobacillus_halophilus	SRR6467604	NA
Halobacillus_halophilus	SRR6467605	NA
Halobacillus_halophilus	SRR6467606	NA
Halobacillus_halophilus	SRR6467607	NA
Halobacillus_halophilus	SRR6467608	NA
Halobacillus_halophilus	SRR6467609	NA
Halobacillus_halophilus	SRR6467610	NA
Halobacillus_halophilus	SRR6467611	NA
Halobacillus_halophilus	SRR6467612	NA
Halobacillus_halophilus	SRR6467613	NA
Halobacillus_halophilus	SRR6467614	NA
Halobacillus_halophilus	SRR6467615	NA
Halobacillus_halophilus	SRR6467616	NA
Halobacillus_halophilus	SRR6467617	NA
Halobacillus_halophilus	SRR6467618	NA
Halobacillus_halophilus	SRR6467619	NA
Halobacillus_halophilus	SRR6467620	NA
Halobacillus_halophilus	SRR6467621	NA
Halobacillus_halophilus	SRR6467622	NA
Halobacillus_halophilus	SRR6467623	NA
Halobacillus_halophilus	SRR6467624	NA
Halobacillus_halophilus	SRR6467625	NA
Halobacillus_halophilus	SRR6467626	NA
Halobacillus_halophilus	SRR6467627	NA
Halobacillus_halophilus	SRR6467628	NA
Halobacillus_halophilus	SRR6467629	NA
Halobacillus_halophilus	SRR6467630	NA
Halobacillus_halophilus	SRR6467631	NA
Halobacillus_halophilus	SRR6467632	NA
Halobacillus_halophilus	SRR6467633	NA
Halobacillus_halophilus	SRR6467634	NA
Halobacillus_halophilus	SRR6467635	NA
Halobacillus_halophilus	SRR6467636	NA
Halobacillus_halophilus	SRR6467637	NA
Halobacillus_halophilus	SRR6467638	NA
Halobacillus_halophilus	SRR6467639	NA
Halobacillus_halophilus	SRR6467640	NA
Halobacillus_halophilus	SRR6467641	NA
Halobacillus_halophilus	SRR6467642	NA
Halobacillus_halophilus	SRR6467643	NA
Halobacillus_halophilus	SRR6467644	NA
Halobacillus_halophilus	SRR6467645	NA
Halobacillus_halophilus	SRR6467646	NA
Halobacillus_halophilus	SRR6467647	NA
Halobacillus_halophilus	SRR6467648	NA
Halobacillus_halophilus	SRR6467649	NA
Halobacillus_halophilus	SRR6467650	NA
Halobacillus_halophilus	SRR6467651	NA
Halobacillus_halophilus	SRR6467652	NA
Halobacillus_halophilus	SRR6467653	NA
Halobacillus_halophilus	SRR6467654	NA
Halobacillus_halophilus	SRR6467655	NA
Halobacillus_halophilus	SRR6467656	NA
Halobacillus_halophilus	SRR6467657	NA
Halobacillus_halophilus	SRR6467658	NA
Halobacillus_halophilus	SRR6467659	NA
Halobacillus_halophilus	SRR6467660	NA
Halobacillus_halophilus	SRR6467661	NA
Halobacillus_halophilus	SRR6467662	NA
Halobacillus_halophilus	SRR6467663	NA
Halobacillus_halophilus	SRR6467664	NA
Halobacillus_halophilus	SRR6467665	NA
Halobacillus_halophilus	SRR6467666	NA
Halobacillus_halophilus	SRR6467667	NA
Halobacillus_halophilus	SRR6467668	NA
Halobacillus_halophilus	SRR6467669	NA
Halobacillus_halophilus	SRR6467670	NA
Halobacillus_halophilus	SRR6467671	NA
Halobacillus_halophilus	SRR6467672	NA
Halobacillus_halophilus	SRR6467673	NA
Halobacillus_halophilus	SRR6467674	NA
Halobacillus_halophilus	SRR6467675	NA
Halobacillus_halophilus	SRR6467676	NA
Halobacillus_halophilus	SRR6467677	NA
Halobacillus_halophilus	SRR6467678	NA
Halobacillus_halophilus	SRR6467679	NA
Halobacillus_halophilus	SRR6467680	NA
Halobacillus_halophilus	SRR6467681	NA
Halobacillus_halophilus	SRR6467682	NA
Halobacillus_halophilus	SRR6467683	NA
Halobacillus_halophilus	SRR6467684	NA
Halobacillus_halophilus	SRR6467685	NA
Halobacillus_halophilus	SRR6467686	NA
Halobacillus_halophilus	SRR6467687	NA
Halobacillus_halophilus	SRR6467688	NA
Halobacillus_halophilus	SRR6467689	NA
Halobacillus_halophilus	SRR6467690	NA
Halobacillus_halophilus	SRR6467691	NA
Halobacillus_halophilus	SRR6467692	NA
Halobacillus_halophilus	SRR6467693	NA
Halobacillus_halophilus	SRR6467694	NA
Halobacillus_halophilus	SRR6467695	NA
Halobacillus_halophilus	SRR6467696	NA
Halobacillus_halophilus	SRR6467697	NA
Halobacillus_halophilus	SRR6467698	NA
Halobacillus_halophilus	SRR6467699	NA
Halobacillus_halophilus	SRR6467700	NA
Halobacillus_halophilus	SRR6467701	NA
Halobacillus_halophilus	SRR6467702	NA
Halobacillus_halophilus	SRR6467703	NA
Halobacillus_halophilus	SRR6467704	NA
Halobacillus_halophilus	SRR6467705	NA
Halobacillus_halophilus	SRR6467706	NA
Halobacillus_halophilus	SRR6467707	NA
Halobacillus_halophilus	SRR6467708	NA
Halobacillus_halophilus	SRR6467709	NA
Halobacillus_halophilus	SRR6467710	NA
Halobacillus_halophilus	SRR6467711	NA
Halobacillus_halophilus	SRR6467712	NA
Halobacillus_halophilus	SRR6467713	NA
Halobacillus_halophilus	SRR6467714	NA
Halobacillus_halophilus	SRR6467715	NA
Halobacillus_halophilus	SRR6467716	NA
Halobacillus_halophilus	SRR6467717	NA
Halobacillus_halophilus	SRR6467718	NA
Halobacillus_halophilus	SRR6467719	NA
Halobacillus_halophilus	SRR6467720	NA
Halobacillus_halophilus	SRR6467721	NA
Halobacillus_halophilus	SRR6467722	NA
Halobacillus_halophilus	SRR6467723	NA
Halobacillus_halophilus	SRR6467724	NA
Halobacillus_halophilus	SRR6467725	NA
Halobacillus_halophilus	SRR6467726	NA
Halobacillus_halophilus	SRR6467727	NA
Halobacillus_halophilus	SRR6467728	NA
Halobacillus_halophilus	SRR6467729	NA
Halobacillus_halophilus	SRR6467730	NA
Halobacillus_halophilus	SRR6467731	NA
Halobacillus_halophilus	SRR6467732	NA
Halobacillus_halophilus	SRR6467733	NA
Halobacillus_halophilus	SRR6467734	NA
Halobacillus_halophilus	SRR6467735	NA
Halobacillus_halophilus	SRR6467736	NA
Halobacillus_halophilus	SRR6467737	NA
Halobacillus_halophilus	SRR6467738	NA
Halobacillus_halophilus	SRR6467739	NA
Halobacillus_halophilus	SRR6467740	NA
Halobacillus_halophilus	SRR6467741	NA
Halobacillus_halophilus	SRR6467742	NA
Halobacillus_halophilus	SRR6467743	NA
Halobacillus_halophilus	SRR6467744	NA
Halobacillus_halophilus	SRR6467745	NA
Halobacillus_halophilus	SRR6467746	NA
Halobacillus_halophilus	SRR6467747	NA
Halobacillus_halophilus	SRR6467748	NA
Halobacillus_halophilus	SRR6467749	NA
Halobacillus_halophilus	SRR6467750	NA
Halobacillus_halophilus	SRR6467751	NA
Halobacillus_halophilus	SRR6467752	NA
Halobacillus_halophilus	SRR6467753	NA
Halobacillus_halophilus	SRR6467754	NA
Halobacillus_halophilus	SRR6467755	NA
Halobacillus_halophilus	SRR6467756	NA
Halobacillus_halophilus	SRR6467757	NA
Halobacillus_halophilus	SRR6467758	NA
Halobacillus_halophilus	SRR6467759	NA
Halobacillus_halophilus	SRR6467760	NA
Halobacillus_halophilus	SRR6467761	NA
Halobacillus_halophilus	SRR6467762	NA
Halobacillus_halophilus	SRR6467763	NA
Halobacillus_halophilus	SRR6467764	NA
Halobacillus_halophilus	SRR6467765	NA
Halobacillus_halophilus	SRR6467766	NA
Halobacillus_halophilus	SRR6467767	NA
Halobacillus_halophilus	SRR6467768	NA
Halobacillus_halophilus	SRR6467769	NA
Halobacillus_halophilus	SRR6467770	NA
Halobacillus_halophilus	SRR6467771	NA
Halobacillus_halophilus	SRR6467772	NA
Halobacillus_halophilus	SRR6467773	NA
Halobacillus_halophilus	SRR6868540	NA
Halobacillus_halophilus	SRR6868541	NA
Halobacillus_halophilus	SRR6868542	NA
Halobacillus_halophilus	SRR6868543	NA
Halobacillus_halophilus	SRR6868544	NA
Halobacillus_halophilus	SRR6868545	NA
Halobacillus_halophilus	SRR6868546	NA
Halobacillus_halophilus	SRR6868557	NA
Halobacillus_halophilus	SRR6868558	NA
Halobacillus_halophilus	SRR6868559	NA
Halobacillus_halophilus	SRR6868560	NA
Halobacillus_halophilus	SRR6868569	NA
Halobacillus_halophilus	SRR6868570	NA
Halobacillus_halophilus	SRR6868571	NA
Halobacillus_halophilus	SRR6868572	NA
Halobacillus_halophilus	SRR6868573	NA
Halobacillus_halophilus	SRR6868574	NA
Halobacillus_halophilus	SRR6868575	NA
Halobacillus_halophilus	SRR6868576	NA
Halobacillus_halophilus	SRR6868577	NA
Halobacillus_halophilus	SRR6868578	NA
Halobacillus_halophilus	SRR6868579	NA
Halobacillus_halophilus	SRR6868580	NA
Halobacillus_halophilus	SRR6868581	NA
Halobacillus_halophilus	SRR6868582	NA
Halobacillus_halophilus	SRR6868585	NA
Halobacillus_halophilus	SRR6868586	NA
Halobacillus_halophilus	SRR6868587	NA
Halobacillus_halophilus	SRR6868588	NA
Halobacillus_halophilus	SRR6868589	NA
Halobacillus_halophilus	SRR6868590	NA
Halobacillus_halophilus	SRR6868591	NA
Halobacillus_halophilus	SRR6868604	NA
Halobacillus_halophilus	SRR6868605	NA
Halobacillus_halophilus	SRR6868606	NA
Halobacillus_halophilus	SRR6868607	NA
Halobacillus_halophilus	SRR6868608	NA
Halobacillus_halophilus	SRR6868609	NA
Halobacillus_halophilus	SRR6868610	NA
Halobacillus_halophilus	SRR6868620	NA
Halobacillus_halophilus	SRR6868621	NA
Halobacillus_halophilus	SRR6868622	NA
Halobacillus_halophilus	SRR6868623	NA
Halobacillus_halophilus	SRR6868636	NA
Halobacillus_halophilus	SRR6868637	NA
Halobacillus_halophilus	SRR6868638	NA
Halobacillus_halophilus	SRR6868639	NA
Halobacillus_halophilus	SRR6868650	NA
Halobacillus_halophilus	SRR6868651	NA
Halobacillus_halophilus	SRR6868652	NA
Halobacillus_halophilus	SRR6868653	NA
Halobacillus_halophilus	SRR6868654	NA
Halobacillus_halophilus	SRR6868655	NA
Halobacillus_halophilus	SRR6868665	NA
Halobacillus_halophilus	SRR6868666	NA
Halobacillus_halophilus	SRR6868667	NA
Halobacillus_halophilus	SRR6868668	NA
Halobacillus_halophilus	SRR6868669	NA
Halobacillus_halophilus	SRR6868670	NA
Halobacillus_halophilus	SRR6868671	NA
Halobacillus_halophilus	SRR6868683	NA
Halobacillus_halophilus	SRR6868684	NA
Halobacillus_halophilus	SRR6868685	NA
Halobacillus_halophilus	SRR6868686	NA
Halobacillus_halophilus	SRR6868687	NA
Halobacillus_halophilus	SRR6868688	NA
Halobacillus_halophilus	SRR6868689	NA
Halobacillus_halophilus	SRR6868698	NA
Halobacillus_halophilus	SRR6868699	NA
Halobacillus_halophilus	SRR6868700	NA
Halobacillus_halophilus	SRR6868701	NA
Halobacillus_halophilus	SRR6868702	NA
Halobacillus_halophilus	SRR6868713	NA
Halobacillus_halophilus	SRR6868714	NA
Halobacillus_halophilus	SRR6868715	NA
Halobacillus_halophilus	SRR6868716	NA
Halobacillus_halophilus	SRR6868717	NA
Halobacillus_halophilus	SRR6868718	NA
Halobacillus_halophilus	SRR6868719	NA
Halobacillus_halophilus	SRR6868720	NA
Halobacillus_halophilus	SRR6868721	NA
Halobacillus_halophilus	SRR6868722	NA
Halobacillus_halophilus	SRR6868723	NA
Halobacillus_halophilus	SRR6868724	NA
Halobacillus_halophilus	SRR6868725	NA
Halobacillus_halophilus	SRR6868726	NA
Halobacillus_halophilus	SRR6868741	NA
Halobacillus_halophilus	SRR7632756	NA
Halobacillus_halophilus	SRR7632757	NA
Halobacillus_halophilus	SRR7632758	NA
Halobacillus_halophilus	SRR7632759	NA
Halobacillus_halophilus	SRR7632760	NA
Halobacillus_halophilus	SRR7632761	NA
Halobacillus_halophilus	SRR7632762	NA
Halobacillus_halophilus	SRR7632763	NA
Halobacillus_halophilus	SRR7632764	NA
Halobacillus_halophilus	SRR7632765	NA
Halobacillus_halophilus	SRR7632766	NA
Halobacillus_halophilus	SRR7632767	NA
Halobacillus_halophilus	SRR7632768	NA
Halobacillus_halophilus	SRR7632769	NA
Halobacillus_halophilus	SRR7632770	NA
Halobacillus_halophilus	SRR7632771	NA
Halobacillus_halophilus	SRR7632772	NA
Halobacillus_halophilus	SRR7632773	NA
Halobacillus_halophilus	SRR7632774	NA
Halobacillus_halophilus	SRR7632775	NA
Halobacillus_halophilus	SRR7632776	NA
Halobacillus_halophilus	SRR7632777	NA
Halobacillus_halophilus	SRR7632778	NA
Halobacillus_halophilus	SRR7632779	NA
Halobacillus_halophilus	SRR7632780	NA
Halobacillus_halophilus	SRR7632781	NA
Halobacillus_halophilus	SRR7632782	NA
Halobacillus_halophilus	SRR7632783	NA
Halobacillus_halophilus	SRR7632784	NA
Halobacillus_halophilus	SRR7632785	NA
Halobacillus_halophilus	SRR7632786	NA
Halobacillus_halophilus	SRR7632787	NA
Halobacillus_halophilus	SRR7632788	NA
Halobacillus_halophilus	SRR7632789	NA
Halobacillus_halophilus	SRR7632790	NA
Halobacillus_halophilus	SRR7632791	NA
Halobacillus_halophilus	SRR7632792	NA
Halobacillus_halophilus	SRR7632793	NA
Halobacillus_halophilus	SRR7632794	NA
Halobacillus_halophilus	SRR7632795	NA
Halobacillus_halophilus	SRR7632796	NA
Halobacillus_halophilus	SRR7632797	NA
Halobacillus_halophilus	SRR7632798	NA
Halobacillus_halophilus	SRR7632799	NA
Halobacillus_halophilus	SRR7632800	NA
Halobacillus_halophilus	SRR7632801	NA
Halobacillus_halophilus	SRR7632802	NA
Halobacillus_halophilus	SRR7632803	NA
Halobacillus_halophilus	SRR7632804	NA
Halobacillus_halophilus	SRR7632805	NA
Halobacillus_halophilus	SRR7632806	NA
Halobacillus_halophilus	SRR7632807	NA
Halobacillus_halophilus	SRR7632808	NA
Halobacillus_halophilus	SRR7632809	NA
Halobacillus_halophilus	SRR7632810	NA
Halobacillus_halophilus	SRR7632811	NA
Halobacillus_halophilus	SRR7632812	NA
Halobacillus_halophilus	SRR7632813	NA
Halobacillus_halophilus	SRR7632814	NA
Halobacillus_halophilus	SRR7632815	NA
Halobacillus_halophilus	SRR7632816	NA
Halobacillus_halophilus	SRR7632817	NA
Halobacillus_halophilus	SRR7632818	NA
Halobacillus_halophilus	SRR7632819	NA
Halobacillus_halophilus	SRR7632820	NA
Halobacillus_halophilus	SRR7632821	NA
Halobacillus_halophilus	SRR7632822	NA
Halobacillus_halophilus	SRR7632823	NA
Halobacillus_halophilus	SRR7632824	NA
Halobacillus_halophilus	SRR7632825	NA
Halobacillus_halophilus	SRR7632826	NA
Halobacillus_halophilus	SRR7632827	NA
Halobacillus_halophilus	SRR7632828	NA
Halobacillus_halophilus	SRR7632829	NA
Halobacillus_halophilus	SRR7632830	NA
Halobacillus_halophilus	SRR7632831	NA
Halobacillus_halophilus	SRR7632832	NA
Halobacillus_halophilus	SRR7632833	NA
Halobacillus_halophilus	SRR7632834	NA
Halobacillus_halophilus	SRR7632835	NA
Halobacillus_halophilus	SRR7632836	NA
Halobacillus_halophilus	SRR7632837	NA
Halobacillus_halophilus	SRR7632838	NA
Halobacillus_halophilus	SRR7632839	NA
Halobacillus_halophilus	SRR7632840	NA
Halobacillus_halophilus	SRR7632841	NA
Halobacillus_halophilus	SRR7632842	NA
Halobacillus_halophilus	SRR7632843	NA
Halobacillus_halophilus	SRR7632844	NA
Halobacillus_halophilus	SRR7632845	NA
Halobacillus_halophilus	SRR7632846	NA
Halobacillus_halophilus	SRR7632847	NA
Halobacillus_halophilus	SRR7632848	NA
Halobacillus_halophilus	SRR7632849	NA
Halobacillus_halophilus	SRR7632850	NA
Halobacillus_halophilus	SRR7632851	NA
Halobacillus_halophilus	SRR7632852	NA
Halobacillus_halophilus	SRR7632853	NA
Halobacillus_halophilus	SRR7632854	NA
Halobacillus_halophilus	SRR7632855	NA
Halobacillus_halophilus	SRR7632856	NA
Halobacillus_halophilus	SRR7632857	NA
Halobacillus_halophilus	SRR7632858	NA
Halobacillus_halophilus	SRR7632859	NA
Halobacillus_halophilus	SRR7632860	NA
Halobacillus_halophilus	SRR7632861	NA
Halobacillus_halophilus	SRR7632862	NA
Halobacillus_halophilus	SRR7632863	NA
Halobacillus_halophilus	SRR7632864	NA
Halobacillus_halophilus	SRR7632865	NA
Halobacillus_halophilus	SRR7632866	NA
Halobacillus_halophilus	SRR7632867	NA
Halobacillus_halophilus	SRR7632868	NA
Halobacillus_halophilus	SRR7632869	NA
Halobacillus_halophilus	SRR7632870	NA
Halobacillus_halophilus	SRR7632871	NA
Halobacillus_halophilus	SRR7632872	NA
Halobacillus_halophilus	SRR7632873	NA
Halobacillus_halophilus	SRR7632874	NA
Halobacillus_halophilus	SRR7632875	NA
Halobacillus_halophilus	SRR7632876	NA
Halobacillus_halophilus	SRR7632877	NA
Halobacillus_halophilus	SRR7632878	NA
Halobacillus_halophilus	SRR7632879	NA
Halobacillus_halophilus	SRR7632880	NA
Halobacillus_halophilus	SRR7632881	NA
Halobacillus_halophilus	SRR7632882	NA
Halobacillus_halophilus	SRR7632883	NA
Halobacillus_halophilus	SRR7632884	NA
Halobacillus_halophilus	SRR7632885	NA
Halobacillus_halophilus	SRR7632886	NA
Halobacillus_halophilus	SRR7632887	NA
Halobacillus_halophilus	SRR7632888	NA
Halobacillus_halophilus	SRR7632889	NA
Halobacillus_halophilus	SRR7632890	NA
Halobacillus_halophilus	SRR7632891	NA
Halobacillus_halophilus	SRR7632892	NA
Halobacillus_halophilus	SRR7632893	NA
Halobacillus_halophilus	SRR7632894	NA
Halobacillus_halophilus	SRR7632895	NA
Halobacillus_halophilus	SRR7632896	NA
Halobacillus_halophilus	SRR7632897	NA
Halobacillus_halophilus	SRR7632898	NA
Halobacillus_halophilus	SRR7632899	NA
Halobacillus_halophilus	SRR7632900	NA
Halobacillus_halophilus	SRR7632901	NA
Halobacillus_halophilus	SRR7632902	NA
Halobacillus_halophilus	SRR7632903	NA
Halobacillus_halophilus	SRR7632904	NA
Halobacillus_halophilus	SRR7632905	NA
Halobacillus_halophilus	SRR7632906	NA
Halobacillus_halophilus	SRR7632907	NA
Halobacillus_halophilus	SRR7632908	NA
Halobacillus_halophilus	SRR7632909	NA
Halobacillus_halophilus	SRR7632910	NA
Halobacillus_halophilus	SRR7632911	NA
Halobacillus_halophilus	SRR7632912	NA
Halobacillus_halophilus	SRR7632913	NA
Halobacillus_halophilus	SRR7632914	NA
Halobacillus_halophilus	SRR7632915	NA
Halobacillus_halophilus	SRR7632916	NA
Halobacillus_halophilus	SRR7632917	NA
Halobacillus_halophilus	SRR7632918	NA
Halobacillus_halophilus	SRR7632919	NA
Halobacillus_halophilus	SRR7632920	NA
Halobacillus_halophilus	SRR7632921	NA
Halobacillus_halophilus	SRR7632922	NA
Halobacillus_halophilus	SRR7632923	NA
Halobacillus_halophilus	SRR7632924	NA
Halobacillus_halophilus	SRR7632925	NA
Halobacillus_halophilus	SRR7632926	NA
Halobacillus_halophilus	SRR7632927	NA
Halobacillus_halophilus	SRR7632928	NA
Halobacillus_halophilus	SRR7632929	NA
Halobacillus_halophilus	SRR7632930	NA
Halobacillus_halophilus	SRR7632931	NA
Halobacillus_halophilus	SRR7632932	NA
Halobacillus_halophilus	SRR7632933	NA
Halobacillus_halophilus	SRR7632934	NA
Halobacillus_halophilus	SRR7632935	NA
Halobacillus_halophilus	SRR7632936	NA
Halobacillus_halophilus	SRR7632937	NA
Halobacillus_halophilus	SRR7632938	NA
Halobacillus_halophilus	SRR7632939	NA
Halobacillus_halophilus	SRR7632940	NA
Halobacillus_halophilus	SRR7632941	NA
Halobacillus_halophilus	SRR7632942	NA
Halobacillus_halophilus	SRR7632943	NA
Halobacillus_halophilus	SRR7632944	NA
Halobacillus_halophilus	SRR7632945	NA
Halobacillus_halophilus	SRR8928966	NA
Halobacillus_halophilus	SRR8928967	NA
Halobacillus_halophilus	SRR8928968	NA
Halobacillus_halophilus	SRR8928969	NA
Halobacillus_halophilus	SRR8928970	NA
Halobacillus_halophilus	SRR8928971	NA
Halobacillus_halophilus	SRR8928972	NA
Halobacillus_halophilus	SRR8928973	NA
Halobacillus_halophilus	SRR8928974	NA
Halobacillus_halophilus	SRR8928975	NA
Halobacillus_halophilus	SRR8928976	NA
Halobacillus_halophilus	SRR8928977	NA
Halobacillus_halophilus	SRR8928978	NA
Halobacillus_halophilus	SRR8928979	NA
Halobacillus_halophilus	SRR8928980	NA
Halobacillus_halophilus	SRR8928981	NA
Halobacillus_halophilus	SRR8928982	NA
Halobacillus_halophilus	SRR8928983	NA
Halobacillus_halophilus	SRR8928984	NA
Halobacillus_halophilus	SRR8928985	NA
Halobacillus_halophilus	SRR8928986	NA
Halobacillus_halophilus	SRR8928987	NA
Halobacillus_halophilus	SRR8928988	NA
Halobacillus_halophilus	SRR8928989	NA
Halobacillus_halophilus	SRR8928990	NA
Halobacillus_halophilus	SRR8928991	NA
Halobacillus_halophilus	SRR9835604	NA
Halobacillus_halophilus	SRR9835605	NA
Halobacillus_halophilus	SRR9835606	NA
Halobacillus_halophilus	SRR9835607	NA
Halobacillus_halophilus	SRR9835608	NA
Halobacillus_halophilus	SRR9835609	NA
Halobacillus_halophilus	SRR9835610	NA
Halobacillus_halophilus	SRR9835611	NA
Halobacillus_halophilus	SRR9835612	NA
Halobacillus_halophilus	SRR9835613	NA
Halobacillus_halophilus	SRR9835614	NA
Halobacillus_halophilus	SRR9835615	NA
Halobacillus_halophilus	SRR9835616	NA
Halobacillus_halophilus	SRR9835617	NA
Halobacillus_halophilus	SRR9835618	NA
Halobacillus_halophilus	SRR9835619	NA
Halobacillus_halophilus	SRR9835620	NA
Halobacillus_halophilus	SRR9835621	NA
Halobacillus_halophilus	SRR9835622	NA
Halobacillus_halophilus	SRR9835623	NA
Halobacillus_halophilus	SRR9835624	NA
Halobacillus_halophilus	SRR9835625	NA
Halobacillus_halophilus	SRR9835626	NA
Halobacillus_halophilus	SRR9835627	NA
Halobacillus_halophilus	SRR9835628	NA
Halobacillus_halophilus	SRR9835629	NA
Halobacillus_halophilus	SRR9835630	NA
Halobacillus_halophilus	SRR9835631	NA
Halobacillus_halophilus	SRR9835632	NA
Halobacillus_halophilus	SRR9835633	NA
Halobacillus_halophilus	SRR9835634	NA
Halobacillus_halophilus	SRR9835635	NA
Halobacillus_halophilus	SRR9835636	NA
Halobacillus_halophilus	SRR9835637	NA
Halobacillus_halophilus	SRR9835638	NA
Halobacillus_halophilus	SRR9835639	NA
Halobacillus_halophilus	SRR9835640	NA
Halobacillus_halophilus	SRR9835641	NA
Halobacillus_halophilus	SRR9835642	NA
Halobacillus_halophilus	SRR9835643	NA
Halobacillus_halophilus	SRR9835644	NA
Halobacillus_halophilus	SRR9835645	NA
Halobacillus_halophilus	SRR9835646	NA
Halobacillus_halophilus	SRR9835647	NA
Halobacillus_halophilus	SRR9835648	NA
Halobacillus_halophilus	SRR9835649	NA
Halobacillus_halophilus	SRR9835650	NA
Halobacillus_halophilus	SRR9835651	NA
Halobacillus_halophilus	SRR9835652	NA
Halobacillus_halophilus	SRR9835653	NA
Halobacillus_halophilus	SRR9835654	NA
Halobacillus_halophilus	SRR9835655	NA
Halobacillus_halophilus	SRR9835656	NA
Halobacillus_halophilus	SRR9835657	NA
Halobacillus_halophilus	SRR9835658	NA
Halobacillus_halophilus	SRR9835659	NA
Halobacillus_halophilus	SRR9835660	NA
Halobacillus_halophilus	SRR9835661	NA
Halobacillus_halophilus	SRR9835662	NA
Halobacillus_halophilus	SRR9835663	NA
Halobacillus_halophilus	SRR9835664	NA
Halobacillus_halophilus	SRR9835665	NA
Halobacillus_halophilus	SRR9835666	NA
Halobacillus_halophilus	SRR9835667	NA
Halobacillus_halophilus	SRR9835668	NA
Halobacillus_halophilus	SRR9835669	NA
Halobacillus_halophilus	SRR9835670	NA
Halobacillus_halophilus	SRR9835671	NA
Halobacillus_halophilus	SRR9835672	NA
Halobacillus_halophilus	SRR9835673	NA
Halobacillus_halophilus	SRR9835674	NA
Halobacillus_halophilus	SRR9835675	NA
Halobacillus_halophilus	SRR9835676	NA
Halobacillus_halophilus	SRR9835677	NA
Halobacillus_halophilus	SRR9835678	NA
Halobacillus_halophilus	SRR9835679	NA
Halobacillus_halophilus	SRR9835680	NA
Halobacillus_halophilus	SRR9835681	NA
Halobacillus_halophilus	SRR9835682	NA
Halobacillus_halophilus	SRR9835683	NA
Halobacillus_halophilus	SRR9835684	NA
Halobacillus_halophilus	SRR9835685	NA
Halobacillus_halophilus	SRR9835686	NA
Halobacillus_halophilus	SRR9835687	NA
Halobacillus_halophilus	SRR9835688	NA
Halobacillus_halophilus	SRR9835689	NA
Halobacillus_halophilus	SRR9835690	NA
Halobacillus_halophilus	SRR9835691	NA
Halobacillus_halophilus	SRR9835692	NA
Halobacillus_halophilus	SRR9835693	NA
Halobacillus_halophilus	SRR9835694	NA
Halobacillus_halophilus	SRR9835695	NA
Halobacillus_halophilus	SRR9835696	NA
Halobacillus_halophilus	SRR9835697	NA
Halobacillus_halophilus	SRR9835698	NA
Halobacillus_halophilus	SRR9835699	NA
Halobacillus_halophilus	SRR9835700	NA
Halobacillus_halophilus	SRR9835701	NA
Halobacillus_halophilus	SRR9835702	NA
Halobacillus_halophilus	SRR9835703	NA
Halobacillus_halophilus	SRR9835704	NA
Halobacillus_halophilus	SRR9835705	NA
Halobacillus_halophilus	SRR9835706	NA
Halobacillus_halophilus	SRR9835707	NA
Halobacillus_halophilus	SRR9835708	NA
Halobacillus_halophilus	SRR9835709	NA
Halobacillus_halophilus	SRR9835710	NA
Halobacillus_halophilus	SRR9835711	NA
Halobacillus_halophilus	SRR9835712	NA
Halobacillus_halophilus	SRR9835713	NA
Halobacillus_halophilus	SRR9835714	NA
Halobacillus_halophilus	SRR9835715	NA
Halobacillus_halophilus	SRR9835716	NA
Halobacillus_halophilus	SRR9835717	NA
Halobacillus_halophilus	SRR9835718	NA
Halobacillus_halophilus	SRR9835719	NA
Halobacillus_halophilus	SRR9835720	NA
Halobacillus_halophilus	SRR9835721	NA
Halobacillus_halophilus	SRR9835722	NA
Halobacillus_halophilus	SRR9835723	NA
Halobacillus_halophilus	SRR9835724	NA
Halobacillus_halophilus	SRR9835725	NA
Halobacillus_halophilus	SRR9835726	NA
Halobacillus_halophilus	SRR9835727	NA
Halobacillus_halophilus	SRR9835728	NA
Halobacillus_halophilus	SRR9835729	NA
Halobacillus_halophilus	SRR9835730	NA
Halobacillus_halophilus	SRR9835731	NA
Halobacillus_halophilus	SRR9835732	NA
Halobacillus_halophilus	SRR9835733	NA
Halobacillus_halophilus	SRR9835734	NA
Halobacillus_halophilus	SRR9835735	NA
Halobacillus_halophilus	SRR9835736	NA
Halobacillus_halophilus	SRR9835737	NA
Halobacillus_halophilus	SRR9835738	NA
Halobacillus_halophilus	SRR9835739	NA
Halobacillus_halophilus	SRR9835740	NA
Halobacillus_halophilus	SRR9835741	NA
Halobacillus_halophilus	SRR9835742	NA
Halobacillus_halophilus	SRR9835743	NA
Halobacillus_halophilus	SRR9835744	NA
Halobacillus_halophilus	SRR9835745	NA
Halobacillus_halophilus	SRR9835746	NA
Halobacillus_halophilus	SRR9835747	NA
Halobacillus_halophilus	SRR9835748	NA
Halobacillus_halophilus	SRR9835749	NA
Halobacillus_halophilus	SRR9835750	NA
Halobacillus_halophilus	SRR9835751	NA
Halobacillus_halophilus	SRR9835752	NA
Halobacillus_halophilus	SRR9835753	NA
Halobacillus_halophilus	SRR9835754	NA
Halobacillus_halophilus	SRR9835755	NA
Halobacillus_halophilus	SRR9835756	NA
Halobacillus_halophilus	SRR9835757	NA
Halobacillus_halophilus	SRR9835758	NA
Halobacillus_halophilus	SRR9835759	NA
Halobacillus_halophilus	SRR9835760	NA
Halobacillus_halophilus	SRR9835761	NA
Halobacillus_halophilus	SRR9835762	NA
Halobacillus_halophilus	SRR9835763	NA
Halobacillus_halophilus	SRR9835764	NA
Halobacillus_halophilus	SRR9835765	NA
Halobacillus_halophilus	SRR9835766	NA
Halobacillus_halophilus	SRR9835767	NA
Halobacillus_halophilus	SRR9835768	NA
Halobacillus_halophilus	SRR9835769	NA
Halobacillus_halophilus	SRR9835770	NA
Halobacillus_halophilus	SRR9835771	NA
Halobacillus_halophilus	SRR9835772	NA
Halobacillus_halophilus	SRR9835773	NA
Halobacillus_halophilus	SRR9835774	NA
Halobacillus_halophilus	SRR9835775	NA
Halobacillus_halophilus	SRR9835776	NA
Halobacillus_halophilus	SRR9835777	NA
Halobacillus_halophilus	SRR9835778	NA
Halobacillus_halophilus	SRR9835779	NA
Halobacillus_halophilus	SRR9835780	NA
Halobacillus_halophilus	SRR9835781	NA
Halobacillus_halophilus	SRR9835782	NA
Halobacillus_halophilus	SRR9835783	NA
Halobacillus_halophilus	SRR9835784	NA
Halobacillus_halophilus	SRR9835785	NA
Halobacillus_halophilus	SRR9835786	NA
Halobacillus_halophilus	SRR9835787	NA
Halobacillus_halophilus	SRR9835788	NA
Halobacillus_halophilus	SRR9835789	NA
Halobacillus_halophilus	SRR9835790	NA
Halobacillus_halophilus	SRR9835791	NA
Halobacillus_halophilus	SRR9835792	NA
Halobacillus_halophilus	SRR9835793	NA
Halobacillus_halophilus	SRR9835794	NA
Halobacillus_halophilus	SRR9835795	NA
Halobacillus_halophilus	SRR9835796	NA
Halobacillus_halophilus	SRR9835797	NA
Halobacillus_halophilus	SRR9835798	NA
Halobacillus_halophilus	SRR9835799	NA
Halobacillus_halophilus	SRR9835800	NA
Halobacillus_halophilus	SRR9835801	NA
Halobacillus_halophilus	SRR9835802	NA
Halobacillus_halophilus	SRR9867812	1
Halobacillus_halophilus	SRR9867813	2
Halobacillus_halophilus	SRR9867814	1
Halobacillus_halophilus	SRR9867815	1
Halobacillus_halophilus	SRR9867816	0
Halobacillus_halophilus	SRR9867817	2
Halobacillus_halophilus	SRR9867818	1
Halobacillus_halophilus	SRR9867819	0
Halobacillus_halophilus	SRR9867820	1
Halobacillus_halophilus	SRR9867821	1
Halobacillus_halophilus	SRR9867822	0
Halobacillus_halophilus	SRR9867823	1
Halobacillus_halophilus	SRR9867824	1
Halobacillus_halophilus	SRR9867825	1
Halobacillus_halophilus	SRR9867826	1
Halobacillus_halophilus	SRR9867827	3
Halobacillus_halophilus	SRR9867828	0
Halobacillus_halophilus	SRR9867829	2
Halobacillus_halophilus	SRR9867830	0
Halobacillus_halophilus	SRR9867831	0
Halobacillus_halophilus	SRR9879292	NA
Halobacillus_halophilus	SRR9879293	NA
Halobacillus_halophilus	SRR9879294	NA
Halobacillus_halophilus	SRR9879295	NA
Halobacillus_halophilus	SRR9879296	NA
Halobacillus_halophilus	SRR9879297	NA
Halobacillus_halophilus	SRR9879298	NA
Halobacillus_halophilus	SRR9879299	NA
Halobacillus_halophilus	SRR9879300	NA
Halobacillus_halophilus	SRR9879301	NA
Halobacillus_halophilus	SRR9879302	NA
Halobacillus_halophilus	SRR9879303	NA
Halobacillus_halophilus	SRR9879304	NA
Halobacillus_halophilus	SRR9879305	NA
Halobacillus_halophilus	SRR9879306	NA
Halobacillus_halophilus	SRR9879307	NA
Halobacillus_halophilus	SRR9879308	NA
Halobacillus_halophilus	SRR9879309	NA
Halobacillus_halophilus	T50_307	0
Halobacillus_halophilus	T50_313	0
Halobacillus_halophilus	T50_317	1
Halobacillus_halophilus	T50_324	0
Halobacillus_halophilus	T50_427	0
Halobacillus_halophilus	T50_428	0
Halobacillus_halophilus	T50_431	0
Halobacillus_halophilus	T50_436	0
Halobacillus_halophilus	T50_476	0
Halobacillus_halophilus	UN_307	0
Halobacillus_halophilus	UN_313	0
Halobacillus_halophilus	UN_317	0
Halobacillus_halophilus	UN_323	2
Halobacillus_halophilus	UN_324	0
Halobacillus_halophilus	UN_427	0
Halobacillus_halophilus	UN_428	0
Halobacillus_halophilus	UN_431	0
Halobacillus_halophilus	UN_436	0
Halobacillus_halophilus	UN_476	0
