Feature	sample	counts
Bradyrhizobium_sp._6(2017)	CM317	239
Bradyrhizobium_sp._6(2017)	CMCD140	246
Bradyrhizobium_sp._6(2017)	CMCD147	935
Bradyrhizobium_sp._6(2017)	CMCD152	2
Bradyrhizobium_sp._6(2017)	CMCD154	72
Bradyrhizobium_sp._6(2017)	CMCD159	1321
Bradyrhizobium_sp._6(2017)	CMCD161	10
Bradyrhizobium_sp._6(2017)	CMCD174	2412
Bradyrhizobium_sp._6(2017)	CMCD196	35
Bradyrhizobium_sp._6(2017)	CMCD198	151
Bradyrhizobium_sp._6(2017)	CMCD203	74
Bradyrhizobium_sp._6(2017)	CMCD211	7
Bradyrhizobium_sp._6(2017)	CMCD227	3
Bradyrhizobium_sp._6(2017)	CMCD240	5
Bradyrhizobium_sp._6(2017)	CMCD259	5
Bradyrhizobium_sp._6(2017)	CMCD270	6
Bradyrhizobium_sp._6(2017)	CMCD275	280
Bradyrhizobium_sp._6(2017)	CMCD282	117
Bradyrhizobium_sp._6(2017)	CMCD286	11
Bradyrhizobium_sp._6(2017)	CMCD287	0
Bradyrhizobium_sp._6(2017)	CMCD294	239
Bradyrhizobium_sp._6(2017)	CMCD327	43
Bradyrhizobium_sp._6(2017)	CMCD335	92
Bradyrhizobium_sp._6(2017)	CMCD337	21
Bradyrhizobium_sp._6(2017)	CMCD357	48
Bradyrhizobium_sp._6(2017)	CMCD398	24
Bradyrhizobium_sp._6(2017)	CMCD403	88
Bradyrhizobium_sp._6(2017)	CMCD422	27
Bradyrhizobium_sp._6(2017)	CMCD426	27
Bradyrhizobium_sp._6(2017)	CMCD71	25
Bradyrhizobium_sp._6(2017)	CMCD72	184
Bradyrhizobium_sp._6(2017)	CMCD76	16
Bradyrhizobium_sp._6(2017)	CMCD88	11
Bradyrhizobium_sp._6(2017)	CMSA256	1
Bradyrhizobium_sp._6(2017)	CMSA316	166
Bradyrhizobium_sp._6(2017)	CMUC110	1
Bradyrhizobium_sp._6(2017)	CMUC192	8
Bradyrhizobium_sp._6(2017)	CMUC199	26
Bradyrhizobium_sp._6(2017)	CMUC200	17
Bradyrhizobium_sp._6(2017)	CMUC208	20
Bradyrhizobium_sp._6(2017)	CMUC231	2
Bradyrhizobium_sp._6(2017)	CMUC234	4
Bradyrhizobium_sp._6(2017)	CMUC285	1
Bradyrhizobium_sp._6(2017)	CMUC291	0
Bradyrhizobium_sp._6(2017)	CMUC295	25
Bradyrhizobium_sp._6(2017)	CMUC299	2
Bradyrhizobium_sp._6(2017)	CMUC301	4
Bradyrhizobium_sp._6(2017)	CMUC307	2
Bradyrhizobium_sp._6(2017)	CMUC313	216
Bradyrhizobium_sp._6(2017)	CMUC314	152
Bradyrhizobium_sp._6(2017)	CMUC323	87
Bradyrhizobium_sp._6(2017)	CMUC324	29
Bradyrhizobium_sp._6(2017)	CMUC331	51
Bradyrhizobium_sp._6(2017)	CMUC333	53
Bradyrhizobium_sp._6(2017)	CMUC334	40
Bradyrhizobium_sp._6(2017)	CMUC346	293
Bradyrhizobium_sp._6(2017)	CMUC352	83
Bradyrhizobium_sp._6(2017)	CMUC360	115
Bradyrhizobium_sp._6(2017)	CMUC363	294
Bradyrhizobium_sp._6(2017)	CMUC365	105
Bradyrhizobium_sp._6(2017)	CMUC366	37
Bradyrhizobium_sp._6(2017)	CMUC368	38
Bradyrhizobium_sp._6(2017)	CMUC377	53
Bradyrhizobium_sp._6(2017)	CMUC379	255
Bradyrhizobium_sp._6(2017)	CMUC380	50
Bradyrhizobium_sp._6(2017)	CMUC383	191
Bradyrhizobium_sp._6(2017)	CMUC394	240
Bradyrhizobium_sp._6(2017)	CMUC419	279
Bradyrhizobium_sp._6(2017)	CMUC427	16
Bradyrhizobium_sp._6(2017)	CMUC428	26
Bradyrhizobium_sp._6(2017)	CMUC431	26
Bradyrhizobium_sp._6(2017)	CMUC435	41
Bradyrhizobium_sp._6(2017)	CMUC439	19
Bradyrhizobium_sp._6(2017)	CMUC89	1
Bradyrhizobium_sp._6(2017)	CS219	7
Bradyrhizobium_sp._6(2017)	CS256	1
Bradyrhizobium_sp._6(2017)	CS257	311
Bradyrhizobium_sp._6(2017)	CS259	17
Bradyrhizobium_sp._6(2017)	CS261	137
Bradyrhizobium_sp._6(2017)	CS266	1327
Bradyrhizobium_sp._6(2017)	CS270	87
Bradyrhizobium_sp._6(2017)	CS277	290
Bradyrhizobium_sp._6(2017)	CS288	260
Bradyrhizobium_sp._6(2017)	CS290	11
Bradyrhizobium_sp._6(2017)	CS292	102
Bradyrhizobium_sp._6(2017)	CS293	179
Bradyrhizobium_sp._6(2017)	CS301	200
Bradyrhizobium_sp._6(2017)	CS306	164
Bradyrhizobium_sp._6(2017)	CS308	47
Bradyrhizobium_sp._6(2017)	CS315	229
Bradyrhizobium_sp._6(2017)	CS317	1028
Bradyrhizobium_sp._6(2017)	CS322	51
Bradyrhizobium_sp._6(2017)	CS327	79
Bradyrhizobium_sp._6(2017)	CS328	507
Bradyrhizobium_sp._6(2017)	CS330	2022
Bradyrhizobium_sp._6(2017)	CS331	375
Bradyrhizobium_sp._6(2017)	CS335	207
Bradyrhizobium_sp._6(2017)	CS338	121
Bradyrhizobium_sp._6(2017)	CS339	20
Bradyrhizobium_sp._6(2017)	CS343	73
Bradyrhizobium_sp._6(2017)	CS344	29
Bradyrhizobium_sp._6(2017)	CS350	606
Bradyrhizobium_sp._6(2017)	CS351	156
Bradyrhizobium_sp._6(2017)	CS361	15
Bradyrhizobium_sp._6(2017)	CS388	142
Bradyrhizobium_sp._6(2017)	CS396	25
Bradyrhizobium_sp._6(2017)	CS405	27
Bradyrhizobium_sp._6(2017)	CS415	486
Bradyrhizobium_sp._6(2017)	CS424	241
Bradyrhizobium_sp._6(2017)	IM293	23
Bradyrhizobium_sp._6(2017)	IM296	1379
Bradyrhizobium_sp._6(2017)	IM297	86
Bradyrhizobium_sp._6(2017)	IM300	2
Bradyrhizobium_sp._6(2017)	IM305	84
Bradyrhizobium_sp._6(2017)	IM309	730
Bradyrhizobium_sp._6(2017)	IM310	175
Bradyrhizobium_sp._6(2017)	IM311	418
Bradyrhizobium_sp._6(2017)	IM316	111
Bradyrhizobium_sp._6(2017)	IM320	300
Bradyrhizobium_sp._6(2017)	IM330	133
Bradyrhizobium_sp._6(2017)	IM332	418
Bradyrhizobium_sp._6(2017)	IM340	1808
Bradyrhizobium_sp._6(2017)	IM348	68
Bradyrhizobium_sp._6(2017)	IM354	15
Bradyrhizobium_sp._6(2017)	IM356	246
Bradyrhizobium_sp._6(2017)	IM364	131
Bradyrhizobium_sp._6(2017)	IM372	175
Bradyrhizobium_sp._6(2017)	IM374	1323
Bradyrhizobium_sp._6(2017)	IM376	140
Bradyrhizobium_sp._6(2017)	IM381	161
Bradyrhizobium_sp._6(2017)	IM382	228
Bradyrhizobium_sp._6(2017)	IM385	0
Bradyrhizobium_sp._6(2017)	IM390	440
Bradyrhizobium_sp._6(2017)	IM397	53
Bradyrhizobium_sp._6(2017)	IM404	18
Bradyrhizobium_sp._6(2017)	IM409	61
Bradyrhizobium_sp._6(2017)	IM412	65
Bradyrhizobium_sp._6(2017)	IM421	76
Bradyrhizobium_sp._6(2017)	IM425	926
Bradyrhizobium_sp._6(2017)	IM432	152
Bradyrhizobium_sp._6(2017)	IM438	6
Bradyrhizobium_sp._6(2017)	IM442	42
Bradyrhizobium_sp._6(2017)	IM445	44
Bradyrhizobium_sp._6(2017)	IM448	592
Bradyrhizobium_sp._6(2017)	IM449	55
Bradyrhizobium_sp._6(2017)	IM451	35
Bradyrhizobium_sp._6(2017)	IMSA256	0
Bradyrhizobium_sp._6(2017)	IMSA276	4
Bradyrhizobium_sp._6(2017)	IMSA286	1
Bradyrhizobium_sp._6(2017)	IMSA343	331
Bradyrhizobium_sp._6(2017)	IS_238	4
Bradyrhizobium_sp._6(2017)	IS238	69
Bradyrhizobium_sp._6(2017)	IS243	9
Bradyrhizobium_sp._6(2017)	IS253	4
Bradyrhizobium_sp._6(2017)	IS283	12
Bradyrhizobium_sp._6(2017)	IS322	183
Bradyrhizobium_sp._6(2017)	IS399	24
Bradyrhizobium_sp._6(2017)	IS418	98
Bradyrhizobium_sp._6(2017)	IS430	17
Bradyrhizobium_sp._6(2017)	IS437	50
Bradyrhizobium_sp._6(2017)	IS444	58
Bradyrhizobium_sp._6(2017)	R276CMSA	116
Bradyrhizobium_sp._6(2017)	R286CMSA	4
Bradyrhizobium_sp._6(2017)	R292CMSA	7
Bradyrhizobium_sp._6(2017)	R292IMSA	1183
Bradyrhizobium_sp._6(2017)	R308CMSA	71
Bradyrhizobium_sp._6(2017)	R316IMSA	89
Bradyrhizobium_sp._6(2017)	R347CMSA	339
Bradyrhizobium_sp._6(2017)	R347IMSA	126
Bradyrhizobium_sp._6(2017)	R371CMSA	48
Bradyrhizobium_sp._6(2017)	SRR10104064	NA
Bradyrhizobium_sp._6(2017)	SRR10104065	NA
Bradyrhizobium_sp._6(2017)	SRR10104066	NA
Bradyrhizobium_sp._6(2017)	SRR10104067	NA
Bradyrhizobium_sp._6(2017)	SRR10104068	NA
Bradyrhizobium_sp._6(2017)	SRR10104069	NA
Bradyrhizobium_sp._6(2017)	SRR10104070	NA
Bradyrhizobium_sp._6(2017)	SRR10104071	NA
Bradyrhizobium_sp._6(2017)	SRR10104072	NA
Bradyrhizobium_sp._6(2017)	SRR10104073	NA
Bradyrhizobium_sp._6(2017)	SRR10104074	NA
Bradyrhizobium_sp._6(2017)	SRR10104075	NA
Bradyrhizobium_sp._6(2017)	SRR10104076	NA
Bradyrhizobium_sp._6(2017)	SRR10104077	NA
Bradyrhizobium_sp._6(2017)	SRR10104078	NA
Bradyrhizobium_sp._6(2017)	SRR10104079	NA
Bradyrhizobium_sp._6(2017)	SRR10104080	NA
Bradyrhizobium_sp._6(2017)	SRR10104081	NA
Bradyrhizobium_sp._6(2017)	SRR10104082	NA
Bradyrhizobium_sp._6(2017)	SRR10104083	NA
Bradyrhizobium_sp._6(2017)	SRR10104084	NA
Bradyrhizobium_sp._6(2017)	SRR10104085	NA
Bradyrhizobium_sp._6(2017)	SRR10104086	NA
Bradyrhizobium_sp._6(2017)	SRR10104087	NA
Bradyrhizobium_sp._6(2017)	SRR10104088	NA
Bradyrhizobium_sp._6(2017)	SRR10104089	NA
Bradyrhizobium_sp._6(2017)	SRR10104090	NA
Bradyrhizobium_sp._6(2017)	SRR10104091	NA
Bradyrhizobium_sp._6(2017)	SRR10104092	NA
Bradyrhizobium_sp._6(2017)	SRR10104093	NA
Bradyrhizobium_sp._6(2017)	SRR10104094	NA
Bradyrhizobium_sp._6(2017)	SRR10104095	NA
Bradyrhizobium_sp._6(2017)	SRR10104096	NA
Bradyrhizobium_sp._6(2017)	SRR10104097	NA
Bradyrhizobium_sp._6(2017)	SRR10104098	NA
Bradyrhizobium_sp._6(2017)	SRR10104099	NA
Bradyrhizobium_sp._6(2017)	SRR10104100	NA
Bradyrhizobium_sp._6(2017)	SRR10104101	NA
Bradyrhizobium_sp._6(2017)	SRR10104102	NA
Bradyrhizobium_sp._6(2017)	SRR10104103	NA
Bradyrhizobium_sp._6(2017)	SRR10104104	NA
Bradyrhizobium_sp._6(2017)	SRR10104105	NA
Bradyrhizobium_sp._6(2017)	SRR10104106	NA
Bradyrhizobium_sp._6(2017)	SRR10104107	NA
Bradyrhizobium_sp._6(2017)	SRR10104108	NA
Bradyrhizobium_sp._6(2017)	SRR10104109	NA
Bradyrhizobium_sp._6(2017)	SRR10104110	NA
Bradyrhizobium_sp._6(2017)	SRR10104111	NA
Bradyrhizobium_sp._6(2017)	SRR10104112	NA
Bradyrhizobium_sp._6(2017)	SRR10104113	NA
Bradyrhizobium_sp._6(2017)	SRR10104114	NA
Bradyrhizobium_sp._6(2017)	SRR10104115	NA
Bradyrhizobium_sp._6(2017)	SRR10104116	NA
Bradyrhizobium_sp._6(2017)	SRR10104117	NA
Bradyrhizobium_sp._6(2017)	SRR10104118	NA
Bradyrhizobium_sp._6(2017)	SRR10104119	NA
Bradyrhizobium_sp._6(2017)	SRR10104120	NA
Bradyrhizobium_sp._6(2017)	SRR10104121	NA
Bradyrhizobium_sp._6(2017)	SRR10104122	NA
Bradyrhizobium_sp._6(2017)	SRR10104123	NA
Bradyrhizobium_sp._6(2017)	SRR10104124	NA
Bradyrhizobium_sp._6(2017)	SRR10104125	NA
Bradyrhizobium_sp._6(2017)	SRR10104126	NA
Bradyrhizobium_sp._6(2017)	SRR10104127	NA
Bradyrhizobium_sp._6(2017)	SRR10104128	NA
Bradyrhizobium_sp._6(2017)	SRR10104129	NA
Bradyrhizobium_sp._6(2017)	SRR10104130	NA
Bradyrhizobium_sp._6(2017)	SRR10104131	NA
Bradyrhizobium_sp._6(2017)	SRR10104132	NA
Bradyrhizobium_sp._6(2017)	SRR10104133	NA
Bradyrhizobium_sp._6(2017)	SRR10104134	NA
Bradyrhizobium_sp._6(2017)	SRR10104135	NA
Bradyrhizobium_sp._6(2017)	SRR10104136	NA
Bradyrhizobium_sp._6(2017)	SRR10104137	NA
Bradyrhizobium_sp._6(2017)	SRR10104138	NA
Bradyrhizobium_sp._6(2017)	SRR10104139	NA
Bradyrhizobium_sp._6(2017)	SRR10104140	NA
Bradyrhizobium_sp._6(2017)	SRR10104141	NA
Bradyrhizobium_sp._6(2017)	SRR10104142	NA
Bradyrhizobium_sp._6(2017)	SRR10104143	NA
Bradyrhizobium_sp._6(2017)	SRR10104144	NA
Bradyrhizobium_sp._6(2017)	SRR10104145	NA
Bradyrhizobium_sp._6(2017)	SRR10104146	NA
Bradyrhizobium_sp._6(2017)	SRR10104147	NA
Bradyrhizobium_sp._6(2017)	SRR10104148	NA
Bradyrhizobium_sp._6(2017)	SRR10104149	NA
Bradyrhizobium_sp._6(2017)	SRR10104150	NA
Bradyrhizobium_sp._6(2017)	SRR10104151	NA
Bradyrhizobium_sp._6(2017)	SRR10104152	NA
Bradyrhizobium_sp._6(2017)	SRR10104153	NA
Bradyrhizobium_sp._6(2017)	SRR10104154	NA
Bradyrhizobium_sp._6(2017)	SRR10104155	NA
Bradyrhizobium_sp._6(2017)	SRR10104156	NA
Bradyrhizobium_sp._6(2017)	SRR10104157	NA
Bradyrhizobium_sp._6(2017)	SRR10104158	NA
Bradyrhizobium_sp._6(2017)	SRR10104159	NA
Bradyrhizobium_sp._6(2017)	SRR10104160	NA
Bradyrhizobium_sp._6(2017)	SRR10104161	NA
Bradyrhizobium_sp._6(2017)	SRR10104162	NA
Bradyrhizobium_sp._6(2017)	SRR10104163	NA
Bradyrhizobium_sp._6(2017)	SRR10104164	NA
Bradyrhizobium_sp._6(2017)	SRR10104165	NA
Bradyrhizobium_sp._6(2017)	SRR10104166	NA
Bradyrhizobium_sp._6(2017)	SRR10104167	NA
Bradyrhizobium_sp._6(2017)	SRR10104168	NA
Bradyrhizobium_sp._6(2017)	SRR10104169	NA
Bradyrhizobium_sp._6(2017)	SRR10104170	NA
Bradyrhizobium_sp._6(2017)	SRR10104171	NA
Bradyrhizobium_sp._6(2017)	SRR10104172	NA
Bradyrhizobium_sp._6(2017)	SRR10104173	NA
Bradyrhizobium_sp._6(2017)	SRR10104174	NA
Bradyrhizobium_sp._6(2017)	SRR10104175	NA
Bradyrhizobium_sp._6(2017)	SRR10104176	NA
Bradyrhizobium_sp._6(2017)	SRR10104177	NA
Bradyrhizobium_sp._6(2017)	SRR10104178	NA
Bradyrhizobium_sp._6(2017)	SRR10104179	NA
Bradyrhizobium_sp._6(2017)	SRR10104180	NA
Bradyrhizobium_sp._6(2017)	SRR10104181	NA
Bradyrhizobium_sp._6(2017)	SRR10104182	NA
Bradyrhizobium_sp._6(2017)	SRR10104183	NA
Bradyrhizobium_sp._6(2017)	SRR10104184	NA
Bradyrhizobium_sp._6(2017)	SRR10104185	NA
Bradyrhizobium_sp._6(2017)	SRR10104186	NA
Bradyrhizobium_sp._6(2017)	SRR10104187	NA
Bradyrhizobium_sp._6(2017)	SRR10104188	NA
Bradyrhizobium_sp._6(2017)	SRR10104189	NA
Bradyrhizobium_sp._6(2017)	SRR10104190	NA
Bradyrhizobium_sp._6(2017)	SRR10104191	NA
Bradyrhizobium_sp._6(2017)	SRR10104192	NA
Bradyrhizobium_sp._6(2017)	SRR10104193	NA
Bradyrhizobium_sp._6(2017)	SRR10104194	NA
Bradyrhizobium_sp._6(2017)	SRR10104195	NA
Bradyrhizobium_sp._6(2017)	SRR10104196	NA
Bradyrhizobium_sp._6(2017)	SRR10104197	NA
Bradyrhizobium_sp._6(2017)	SRR10104198	NA
Bradyrhizobium_sp._6(2017)	SRR10104199	NA
Bradyrhizobium_sp._6(2017)	SRR10104200	NA
Bradyrhizobium_sp._6(2017)	SRR10104201	NA
Bradyrhizobium_sp._6(2017)	SRR10104202	NA
Bradyrhizobium_sp._6(2017)	SRR10104203	NA
Bradyrhizobium_sp._6(2017)	SRR10104204	NA
Bradyrhizobium_sp._6(2017)	SRR10104205	NA
Bradyrhizobium_sp._6(2017)	SRR10104206	NA
Bradyrhizobium_sp._6(2017)	SRR10104207	NA
Bradyrhizobium_sp._6(2017)	SRR10104208	NA
Bradyrhizobium_sp._6(2017)	SRR10104209	NA
Bradyrhizobium_sp._6(2017)	SRR10104210	NA
Bradyrhizobium_sp._6(2017)	SRR10104211	NA
Bradyrhizobium_sp._6(2017)	SRR10104212	NA
Bradyrhizobium_sp._6(2017)	SRR10104213	NA
Bradyrhizobium_sp._6(2017)	SRR10104214	NA
Bradyrhizobium_sp._6(2017)	SRR10104215	NA
Bradyrhizobium_sp._6(2017)	SRR10104216	NA
Bradyrhizobium_sp._6(2017)	SRR10104217	NA
Bradyrhizobium_sp._6(2017)	SRR10104218	NA
Bradyrhizobium_sp._6(2017)	SRR10104219	NA
Bradyrhizobium_sp._6(2017)	SRR10104220	NA
Bradyrhizobium_sp._6(2017)	SRR10104221	NA
Bradyrhizobium_sp._6(2017)	SRR10104222	NA
Bradyrhizobium_sp._6(2017)	SRR10104223	NA
Bradyrhizobium_sp._6(2017)	SRR10104224	NA
Bradyrhizobium_sp._6(2017)	SRR10104225	NA
Bradyrhizobium_sp._6(2017)	SRR10104226	NA
Bradyrhizobium_sp._6(2017)	SRR10104227	NA
Bradyrhizobium_sp._6(2017)	SRR10104228	NA
Bradyrhizobium_sp._6(2017)	SRR10104229	NA
Bradyrhizobium_sp._6(2017)	SRR10104230	NA
Bradyrhizobium_sp._6(2017)	SRR10104231	NA
Bradyrhizobium_sp._6(2017)	SRR10104232	NA
Bradyrhizobium_sp._6(2017)	SRR10104233	NA
Bradyrhizobium_sp._6(2017)	SRR10104234	NA
Bradyrhizobium_sp._6(2017)	SRR10104235	NA
Bradyrhizobium_sp._6(2017)	SRR10104236	NA
Bradyrhizobium_sp._6(2017)	SRR10104237	NA
Bradyrhizobium_sp._6(2017)	SRR10104238	NA
Bradyrhizobium_sp._6(2017)	SRR10104239	NA
Bradyrhizobium_sp._6(2017)	SRR10104240	NA
Bradyrhizobium_sp._6(2017)	SRR10104241	NA
Bradyrhizobium_sp._6(2017)	SRR10104242	NA
Bradyrhizobium_sp._6(2017)	SRR10104243	NA
Bradyrhizobium_sp._6(2017)	SRR10104244	NA
Bradyrhizobium_sp._6(2017)	SRR10104245	NA
Bradyrhizobium_sp._6(2017)	SRR10104246	NA
Bradyrhizobium_sp._6(2017)	SRR10104247	NA
Bradyrhizobium_sp._6(2017)	SRR10104248	NA
Bradyrhizobium_sp._6(2017)	SRR10104249	NA
Bradyrhizobium_sp._6(2017)	SRR10104250	NA
Bradyrhizobium_sp._6(2017)	SRR10104251	NA
Bradyrhizobium_sp._6(2017)	SRR10104252	NA
Bradyrhizobium_sp._6(2017)	SRR10104253	NA
Bradyrhizobium_sp._6(2017)	SRR10104254	NA
Bradyrhizobium_sp._6(2017)	SRR10104255	NA
Bradyrhizobium_sp._6(2017)	SRR10104256	NA
Bradyrhizobium_sp._6(2017)	SRR10104257	NA
Bradyrhizobium_sp._6(2017)	SRR10104258	NA
Bradyrhizobium_sp._6(2017)	SRR10224277	0
Bradyrhizobium_sp._6(2017)	SRR10224278	0
Bradyrhizobium_sp._6(2017)	SRR10224279	0
Bradyrhizobium_sp._6(2017)	SRR10224280	0
Bradyrhizobium_sp._6(2017)	SRR10224281	0
Bradyrhizobium_sp._6(2017)	SRR10224282	0
Bradyrhizobium_sp._6(2017)	SRR10224283	0
Bradyrhizobium_sp._6(2017)	SRR10224284	0
Bradyrhizobium_sp._6(2017)	SRR10224285	0
Bradyrhizobium_sp._6(2017)	SRR10224286	0
Bradyrhizobium_sp._6(2017)	SRR10224287	0
Bradyrhizobium_sp._6(2017)	SRR10224288	0
Bradyrhizobium_sp._6(2017)	SRR10224289	0
Bradyrhizobium_sp._6(2017)	SRR10224290	0
Bradyrhizobium_sp._6(2017)	SRR10224291	0
Bradyrhizobium_sp._6(2017)	SRR10224292	0
Bradyrhizobium_sp._6(2017)	SRR10224293	0
Bradyrhizobium_sp._6(2017)	SRR10224294	0
Bradyrhizobium_sp._6(2017)	SRR10224295	0
Bradyrhizobium_sp._6(2017)	SRR10224296	0
Bradyrhizobium_sp._6(2017)	SRR10224297	0
Bradyrhizobium_sp._6(2017)	SRR10224298	0
Bradyrhizobium_sp._6(2017)	SRR10318388	NA
Bradyrhizobium_sp._6(2017)	SRR10318389	NA
Bradyrhizobium_sp._6(2017)	SRR10318390	NA
Bradyrhizobium_sp._6(2017)	SRR10318391	NA
Bradyrhizobium_sp._6(2017)	SRR10318392	NA
Bradyrhizobium_sp._6(2017)	SRR10318393	NA
Bradyrhizobium_sp._6(2017)	SRR10318394	NA
Bradyrhizobium_sp._6(2017)	SRR10318395	NA
Bradyrhizobium_sp._6(2017)	SRR10318396	NA
Bradyrhizobium_sp._6(2017)	SRR10318397	NA
Bradyrhizobium_sp._6(2017)	SRR10318398	NA
Bradyrhizobium_sp._6(2017)	SRR10318399	NA
Bradyrhizobium_sp._6(2017)	SRR10318400	NA
Bradyrhizobium_sp._6(2017)	SRR10318401	NA
Bradyrhizobium_sp._6(2017)	SRR10318402	NA
Bradyrhizobium_sp._6(2017)	SRR10318403	NA
Bradyrhizobium_sp._6(2017)	SRR10318404	NA
Bradyrhizobium_sp._6(2017)	SRR10318405	NA
Bradyrhizobium_sp._6(2017)	SRR10318406	NA
Bradyrhizobium_sp._6(2017)	SRR10318407	NA
Bradyrhizobium_sp._6(2017)	SRR10318408	NA
Bradyrhizobium_sp._6(2017)	SRR10318409	NA
Bradyrhizobium_sp._6(2017)	SRR10318410	NA
Bradyrhizobium_sp._6(2017)	SRR10318411	NA
Bradyrhizobium_sp._6(2017)	SRR10318412	NA
Bradyrhizobium_sp._6(2017)	SRR10318413	NA
Bradyrhizobium_sp._6(2017)	SRR10318414	NA
Bradyrhizobium_sp._6(2017)	SRR10318415	NA
Bradyrhizobium_sp._6(2017)	SRR10318416	NA
Bradyrhizobium_sp._6(2017)	SRR10318417	NA
Bradyrhizobium_sp._6(2017)	SRR10318418	NA
Bradyrhizobium_sp._6(2017)	SRR10318419	NA
Bradyrhizobium_sp._6(2017)	SRR10318420	NA
Bradyrhizobium_sp._6(2017)	SRR10318421	NA
Bradyrhizobium_sp._6(2017)	SRR10318422	NA
Bradyrhizobium_sp._6(2017)	SRR10318423	NA
Bradyrhizobium_sp._6(2017)	SRR10318424	NA
Bradyrhizobium_sp._6(2017)	SRR10318425	NA
Bradyrhizobium_sp._6(2017)	SRR10318426	NA
Bradyrhizobium_sp._6(2017)	SRR10318427	NA
Bradyrhizobium_sp._6(2017)	SRR10318428	NA
Bradyrhizobium_sp._6(2017)	SRR10318429	NA
Bradyrhizobium_sp._6(2017)	SRR10318430	NA
Bradyrhizobium_sp._6(2017)	SRR10318431	NA
Bradyrhizobium_sp._6(2017)	SRR10318432	NA
Bradyrhizobium_sp._6(2017)	SRR10318433	NA
Bradyrhizobium_sp._6(2017)	SRR10318434	NA
Bradyrhizobium_sp._6(2017)	SRR10318435	NA
Bradyrhizobium_sp._6(2017)	SRR10318436	NA
Bradyrhizobium_sp._6(2017)	SRR10318437	NA
Bradyrhizobium_sp._6(2017)	SRR10318438	NA
Bradyrhizobium_sp._6(2017)	SRR10318439	NA
Bradyrhizobium_sp._6(2017)	SRR10318440	NA
Bradyrhizobium_sp._6(2017)	SRR10318441	NA
Bradyrhizobium_sp._6(2017)	SRR10318442	NA
Bradyrhizobium_sp._6(2017)	SRR10318443	NA
Bradyrhizobium_sp._6(2017)	SRR10318444	NA
Bradyrhizobium_sp._6(2017)	SRR10318445	NA
Bradyrhizobium_sp._6(2017)	SRR10318446	NA
Bradyrhizobium_sp._6(2017)	SRR10318447	NA
Bradyrhizobium_sp._6(2017)	SRR10318448	NA
Bradyrhizobium_sp._6(2017)	SRR10318449	NA
Bradyrhizobium_sp._6(2017)	SRR10318450	NA
Bradyrhizobium_sp._6(2017)	SRR10318451	NA
Bradyrhizobium_sp._6(2017)	SRR10318452	NA
Bradyrhizobium_sp._6(2017)	SRR10318453	NA
Bradyrhizobium_sp._6(2017)	SRR10318454	NA
Bradyrhizobium_sp._6(2017)	SRR10318455	NA
Bradyrhizobium_sp._6(2017)	SRR10318456	NA
Bradyrhizobium_sp._6(2017)	SRR10318457	NA
Bradyrhizobium_sp._6(2017)	SRR10318458	NA
Bradyrhizobium_sp._6(2017)	SRR10318459	NA
Bradyrhizobium_sp._6(2017)	SRR10318460	NA
Bradyrhizobium_sp._6(2017)	SRR10318461	NA
Bradyrhizobium_sp._6(2017)	SRR10318462	NA
Bradyrhizobium_sp._6(2017)	SRR10318463	NA
Bradyrhizobium_sp._6(2017)	SRR10318464	NA
Bradyrhizobium_sp._6(2017)	SRR10318465	NA
Bradyrhizobium_sp._6(2017)	SRR10318466	NA
Bradyrhizobium_sp._6(2017)	SRR10318467	NA
Bradyrhizobium_sp._6(2017)	SRR10318468	NA
Bradyrhizobium_sp._6(2017)	SRR10318469	NA
Bradyrhizobium_sp._6(2017)	SRR10318470	NA
Bradyrhizobium_sp._6(2017)	SRR10318471	NA
Bradyrhizobium_sp._6(2017)	SRR10318472	NA
Bradyrhizobium_sp._6(2017)	SRR10318473	NA
Bradyrhizobium_sp._6(2017)	SRR10318474	NA
Bradyrhizobium_sp._6(2017)	SRR10318475	NA
Bradyrhizobium_sp._6(2017)	SRR10318476	NA
Bradyrhizobium_sp._6(2017)	SRR10318495	NA
Bradyrhizobium_sp._6(2017)	SRR10318496	NA
Bradyrhizobium_sp._6(2017)	SRR10318497	NA
Bradyrhizobium_sp._6(2017)	SRR10318498	NA
Bradyrhizobium_sp._6(2017)	SRR10318499	NA
Bradyrhizobium_sp._6(2017)	SRR10318500	NA
Bradyrhizobium_sp._6(2017)	SRR10318501	NA
Bradyrhizobium_sp._6(2017)	SRR10318502	NA
Bradyrhizobium_sp._6(2017)	SRR10318503	NA
Bradyrhizobium_sp._6(2017)	SRR10318504	NA
Bradyrhizobium_sp._6(2017)	SRR10318505	NA
Bradyrhizobium_sp._6(2017)	SRR10318506	NA
Bradyrhizobium_sp._6(2017)	SRR10318507	NA
Bradyrhizobium_sp._6(2017)	SRR10318508	NA
Bradyrhizobium_sp._6(2017)	SRR10318509	NA
Bradyrhizobium_sp._6(2017)	SRR10318510	NA
Bradyrhizobium_sp._6(2017)	SRR10318511	NA
Bradyrhizobium_sp._6(2017)	SRR10318512	NA
Bradyrhizobium_sp._6(2017)	SRR10318513	NA
Bradyrhizobium_sp._6(2017)	SRR10318514	NA
Bradyrhizobium_sp._6(2017)	SRR10318515	NA
Bradyrhizobium_sp._6(2017)	SRR10318516	NA
Bradyrhizobium_sp._6(2017)	SRR10318517	NA
Bradyrhizobium_sp._6(2017)	SRR10318518	NA
Bradyrhizobium_sp._6(2017)	SRR10318519	NA
Bradyrhizobium_sp._6(2017)	SRR10318520	NA
Bradyrhizobium_sp._6(2017)	SRR10318521	NA
Bradyrhizobium_sp._6(2017)	SRR10318522	NA
Bradyrhizobium_sp._6(2017)	SRR10318523	NA
Bradyrhizobium_sp._6(2017)	SRR10318524	NA
Bradyrhizobium_sp._6(2017)	SRR10318525	NA
Bradyrhizobium_sp._6(2017)	SRR10318526	NA
Bradyrhizobium_sp._6(2017)	SRR10318527	NA
Bradyrhizobium_sp._6(2017)	SRR10318528	NA
Bradyrhizobium_sp._6(2017)	SRR10318529	NA
Bradyrhizobium_sp._6(2017)	SRR10318530	NA
Bradyrhizobium_sp._6(2017)	SRR10318531	NA
Bradyrhizobium_sp._6(2017)	SRR10318532	NA
Bradyrhizobium_sp._6(2017)	SRR10318533	NA
Bradyrhizobium_sp._6(2017)	SRR10318534	NA
Bradyrhizobium_sp._6(2017)	SRR10318535	NA
Bradyrhizobium_sp._6(2017)	SRR10318536	NA
Bradyrhizobium_sp._6(2017)	SRR10318537	NA
Bradyrhizobium_sp._6(2017)	SRR10318538	NA
Bradyrhizobium_sp._6(2017)	SRR10318539	NA
Bradyrhizobium_sp._6(2017)	SRR10318540	NA
Bradyrhizobium_sp._6(2017)	SRR10318541	NA
Bradyrhizobium_sp._6(2017)	SRR10318542	NA
Bradyrhizobium_sp._6(2017)	SRR10318543	NA
Bradyrhizobium_sp._6(2017)	SRR10318544	NA
Bradyrhizobium_sp._6(2017)	SRR10318545	NA
Bradyrhizobium_sp._6(2017)	SRR10318546	NA
Bradyrhizobium_sp._6(2017)	SRR10318547	NA
Bradyrhizobium_sp._6(2017)	SRR10318548	NA
Bradyrhizobium_sp._6(2017)	SRR10318549	NA
Bradyrhizobium_sp._6(2017)	SRR10318568	NA
Bradyrhizobium_sp._6(2017)	SRR10318569	NA
Bradyrhizobium_sp._6(2017)	SRR10318570	NA
Bradyrhizobium_sp._6(2017)	SRR10318571	NA
Bradyrhizobium_sp._6(2017)	SRR10318572	NA
Bradyrhizobium_sp._6(2017)	SRR10318573	NA
Bradyrhizobium_sp._6(2017)	SRR10318574	NA
Bradyrhizobium_sp._6(2017)	SRR10318575	NA
Bradyrhizobium_sp._6(2017)	SRR10318576	NA
Bradyrhizobium_sp._6(2017)	SRR10318577	NA
Bradyrhizobium_sp._6(2017)	SRR10318578	NA
Bradyrhizobium_sp._6(2017)	SRR10318579	NA
Bradyrhizobium_sp._6(2017)	SRR10318580	NA
Bradyrhizobium_sp._6(2017)	SRR10318581	NA
Bradyrhizobium_sp._6(2017)	SRR10875803	2
Bradyrhizobium_sp._6(2017)	SRR10875804	0
Bradyrhizobium_sp._6(2017)	SRR10875805	0
Bradyrhizobium_sp._6(2017)	SRR10875806	0
Bradyrhizobium_sp._6(2017)	SRR10875807	0
Bradyrhizobium_sp._6(2017)	SRR10875808	0
Bradyrhizobium_sp._6(2017)	SRR10875809	0
Bradyrhizobium_sp._6(2017)	SRR10875810	13
Bradyrhizobium_sp._6(2017)	SRR10875812	9
Bradyrhizobium_sp._6(2017)	SRR10875813	0
Bradyrhizobium_sp._6(2017)	SRR10875814	0
Bradyrhizobium_sp._6(2017)	SRR10875815	0
Bradyrhizobium_sp._6(2017)	SRR10875816	0
Bradyrhizobium_sp._6(2017)	SRR10875817	0
Bradyrhizobium_sp._6(2017)	SRR10875818	0
Bradyrhizobium_sp._6(2017)	SRR10875819	0
Bradyrhizobium_sp._6(2017)	SRR10875820	0
Bradyrhizobium_sp._6(2017)	SRR10875821	0
Bradyrhizobium_sp._6(2017)	SRR10875822	0
Bradyrhizobium_sp._6(2017)	SRR10875823	0
Bradyrhizobium_sp._6(2017)	SRR10875824	0
Bradyrhizobium_sp._6(2017)	SRR10875825	0
Bradyrhizobium_sp._6(2017)	SRR10875826	0
Bradyrhizobium_sp._6(2017)	SRR10875827	0
Bradyrhizobium_sp._6(2017)	SRR10875829	0
Bradyrhizobium_sp._6(2017)	SRR10875830	0
Bradyrhizobium_sp._6(2017)	SRR10875831	0
Bradyrhizobium_sp._6(2017)	SRR10875832	0
Bradyrhizobium_sp._6(2017)	SRR10875834	0
Bradyrhizobium_sp._6(2017)	SRR10875835	0
Bradyrhizobium_sp._6(2017)	SRR10875836	0
Bradyrhizobium_sp._6(2017)	SRR10875837	0
Bradyrhizobium_sp._6(2017)	SRR10875838	2
Bradyrhizobium_sp._6(2017)	SRR10875839	0
Bradyrhizobium_sp._6(2017)	SRR10875840	0
Bradyrhizobium_sp._6(2017)	SRR10875841	0
Bradyrhizobium_sp._6(2017)	SRR10875842	0
Bradyrhizobium_sp._6(2017)	SRR10875843	1
Bradyrhizobium_sp._6(2017)	SRR10875844	0
Bradyrhizobium_sp._6(2017)	SRR10875845	0
Bradyrhizobium_sp._6(2017)	SRR10875846	2
Bradyrhizobium_sp._6(2017)	SRR10875847	1
Bradyrhizobium_sp._6(2017)	SRR10875848	1
Bradyrhizobium_sp._6(2017)	SRR10875849	0
Bradyrhizobium_sp._6(2017)	SRR10875850	0
Bradyrhizobium_sp._6(2017)	SRR10875851	0
Bradyrhizobium_sp._6(2017)	SRR10875852	0
Bradyrhizobium_sp._6(2017)	SRR10875853	0
Bradyrhizobium_sp._6(2017)	SRR10875854	1
Bradyrhizobium_sp._6(2017)	SRR10875855	0
Bradyrhizobium_sp._6(2017)	SRR10875856	0
Bradyrhizobium_sp._6(2017)	SRR10875857	0
Bradyrhizobium_sp._6(2017)	SRR10875858	0
Bradyrhizobium_sp._6(2017)	SRR10875859	0
Bradyrhizobium_sp._6(2017)	SRR10875860	2
Bradyrhizobium_sp._6(2017)	SRR10875861	0
Bradyrhizobium_sp._6(2017)	SRR10875862	0
Bradyrhizobium_sp._6(2017)	SRR10875863	1
Bradyrhizobium_sp._6(2017)	SRR10875864	0
Bradyrhizobium_sp._6(2017)	SRR10875865	0
Bradyrhizobium_sp._6(2017)	SRR10875866	0
Bradyrhizobium_sp._6(2017)	SRR10875867	0
Bradyrhizobium_sp._6(2017)	SRR10875868	0
Bradyrhizobium_sp._6(2017)	SRR10875869	0
Bradyrhizobium_sp._6(2017)	SRR10875870	0
Bradyrhizobium_sp._6(2017)	SRR10875871	0
Bradyrhizobium_sp._6(2017)	SRR10875872	0
Bradyrhizobium_sp._6(2017)	SRR10875873	0
Bradyrhizobium_sp._6(2017)	SRR10875874	0
Bradyrhizobium_sp._6(2017)	SRR10875875	0
Bradyrhizobium_sp._6(2017)	SRR10875876	0
Bradyrhizobium_sp._6(2017)	SRR10875877	0
Bradyrhizobium_sp._6(2017)	SRR10875878	0
Bradyrhizobium_sp._6(2017)	SRR10875879	0
Bradyrhizobium_sp._6(2017)	SRR10875880	0
Bradyrhizobium_sp._6(2017)	SRR10875881	0
Bradyrhizobium_sp._6(2017)	SRR10875882	2
Bradyrhizobium_sp._6(2017)	SRR10875883	0
Bradyrhizobium_sp._6(2017)	SRR10875884	0
Bradyrhizobium_sp._6(2017)	SRR10875885	0
Bradyrhizobium_sp._6(2017)	SRR10875886	0
Bradyrhizobium_sp._6(2017)	SRR10875887	1
Bradyrhizobium_sp._6(2017)	SRR10875888	0
Bradyrhizobium_sp._6(2017)	SRR10875889	1
Bradyrhizobium_sp._6(2017)	SRR10875890	0
Bradyrhizobium_sp._6(2017)	SRR10875891	0
Bradyrhizobium_sp._6(2017)	SRR10875892	0
Bradyrhizobium_sp._6(2017)	SRR10875893	0
Bradyrhizobium_sp._6(2017)	SRR10875894	6
Bradyrhizobium_sp._6(2017)	SRR10875895	1
Bradyrhizobium_sp._6(2017)	SRR10875896	1
Bradyrhizobium_sp._6(2017)	SRR10875897	0
Bradyrhizobium_sp._6(2017)	SRR10875898	2
Bradyrhizobium_sp._6(2017)	SRR10875899	1
Bradyrhizobium_sp._6(2017)	SRR10875900	1
Bradyrhizobium_sp._6(2017)	SRR10875901	0
Bradyrhizobium_sp._6(2017)	SRR10875902	3
Bradyrhizobium_sp._6(2017)	SRR12430469	0
Bradyrhizobium_sp._6(2017)	SRR12430470	0
Bradyrhizobium_sp._6(2017)	SRR12430471	0
Bradyrhizobium_sp._6(2017)	SRR12430472	2
Bradyrhizobium_sp._6(2017)	SRR12430473	0
Bradyrhizobium_sp._6(2017)	SRR12430474	0
Bradyrhizobium_sp._6(2017)	SRR12430475	0
Bradyrhizobium_sp._6(2017)	SRR12430476	0
Bradyrhizobium_sp._6(2017)	SRR12765534	NA
Bradyrhizobium_sp._6(2017)	SRR12765535	NA
Bradyrhizobium_sp._6(2017)	SRR12765536	NA
Bradyrhizobium_sp._6(2017)	SRR12765537	NA
Bradyrhizobium_sp._6(2017)	SRR12765538	NA
Bradyrhizobium_sp._6(2017)	SRR12765539	NA
Bradyrhizobium_sp._6(2017)	SRR12765540	NA
Bradyrhizobium_sp._6(2017)	SRR12765541	NA
Bradyrhizobium_sp._6(2017)	SRR12765542	NA
Bradyrhizobium_sp._6(2017)	SRR12765543	NA
Bradyrhizobium_sp._6(2017)	SRR12765544	NA
Bradyrhizobium_sp._6(2017)	SRR12765545	NA
Bradyrhizobium_sp._6(2017)	SRR12765546	NA
Bradyrhizobium_sp._6(2017)	SRR12765547	NA
Bradyrhizobium_sp._6(2017)	SRR12765548	NA
Bradyrhizobium_sp._6(2017)	SRR12765549	NA
Bradyrhizobium_sp._6(2017)	SRR12765550	NA
Bradyrhizobium_sp._6(2017)	SRR12765551	NA
Bradyrhizobium_sp._6(2017)	SRR12765552	NA
Bradyrhizobium_sp._6(2017)	SRR12765553	NA
Bradyrhizobium_sp._6(2017)	SRR12765554	NA
Bradyrhizobium_sp._6(2017)	SRR12765555	NA
Bradyrhizobium_sp._6(2017)	SRR12765556	NA
Bradyrhizobium_sp._6(2017)	SRR12765557	NA
Bradyrhizobium_sp._6(2017)	SRR12765558	NA
Bradyrhizobium_sp._6(2017)	SRR12765559	NA
Bradyrhizobium_sp._6(2017)	SRR12765560	NA
Bradyrhizobium_sp._6(2017)	SRR12765561	NA
Bradyrhizobium_sp._6(2017)	SRR12765562	NA
Bradyrhizobium_sp._6(2017)	SRR12765563	NA
Bradyrhizobium_sp._6(2017)	SRR12765564	NA
Bradyrhizobium_sp._6(2017)	SRR12765565	NA
Bradyrhizobium_sp._6(2017)	SRR12765566	NA
Bradyrhizobium_sp._6(2017)	SRR12765567	NA
Bradyrhizobium_sp._6(2017)	SRR12765568	NA
Bradyrhizobium_sp._6(2017)	SRR12765569	NA
Bradyrhizobium_sp._6(2017)	SRR12765570	NA
Bradyrhizobium_sp._6(2017)	SRR12765571	NA
Bradyrhizobium_sp._6(2017)	SRR12765572	NA
Bradyrhizobium_sp._6(2017)	SRR12765573	NA
Bradyrhizobium_sp._6(2017)	SRR12765574	NA
Bradyrhizobium_sp._6(2017)	SRR12765575	NA
Bradyrhizobium_sp._6(2017)	SRR12765576	NA
Bradyrhizobium_sp._6(2017)	SRR12765577	NA
Bradyrhizobium_sp._6(2017)	SRR12765578	NA
Bradyrhizobium_sp._6(2017)	SRR12765579	NA
Bradyrhizobium_sp._6(2017)	SRR12765580	NA
Bradyrhizobium_sp._6(2017)	SRR12765581	NA
Bradyrhizobium_sp._6(2017)	SRR12765582	NA
Bradyrhizobium_sp._6(2017)	SRR12765583	NA
Bradyrhizobium_sp._6(2017)	SRR12765584	NA
Bradyrhizobium_sp._6(2017)	SRR12765585	NA
Bradyrhizobium_sp._6(2017)	SRR12765586	NA
Bradyrhizobium_sp._6(2017)	SRR12765587	NA
Bradyrhizobium_sp._6(2017)	SRR12765588	NA
Bradyrhizobium_sp._6(2017)	SRR12765589	NA
Bradyrhizobium_sp._6(2017)	SRR12765590	NA
Bradyrhizobium_sp._6(2017)	SRR12765591	NA
Bradyrhizobium_sp._6(2017)	SRR12765592	NA
Bradyrhizobium_sp._6(2017)	SRR12765593	NA
Bradyrhizobium_sp._6(2017)	SRR12765594	NA
Bradyrhizobium_sp._6(2017)	SRR12765595	NA
Bradyrhizobium_sp._6(2017)	SRR12765596	NA
Bradyrhizobium_sp._6(2017)	SRR12765597	NA
Bradyrhizobium_sp._6(2017)	SRR12765598	NA
Bradyrhizobium_sp._6(2017)	SRR12765599	NA
Bradyrhizobium_sp._6(2017)	SRR12765600	NA
Bradyrhizobium_sp._6(2017)	SRR12765601	NA
Bradyrhizobium_sp._6(2017)	SRR12765602	NA
Bradyrhizobium_sp._6(2017)	SRR12765603	NA
Bradyrhizobium_sp._6(2017)	SRR12765604	NA
Bradyrhizobium_sp._6(2017)	SRR12765605	NA
Bradyrhizobium_sp._6(2017)	SRR12765606	NA
Bradyrhizobium_sp._6(2017)	SRR12765607	NA
Bradyrhizobium_sp._6(2017)	SRR12765608	NA
Bradyrhizobium_sp._6(2017)	SRR12765609	NA
Bradyrhizobium_sp._6(2017)	SRR12765610	NA
Bradyrhizobium_sp._6(2017)	SRR12765611	NA
Bradyrhizobium_sp._6(2017)	SRR12765612	NA
Bradyrhizobium_sp._6(2017)	SRR12765613	NA
Bradyrhizobium_sp._6(2017)	SRR12765614	NA
Bradyrhizobium_sp._6(2017)	SRR12765615	NA
Bradyrhizobium_sp._6(2017)	SRR12765616	NA
Bradyrhizobium_sp._6(2017)	SRR12765617	NA
Bradyrhizobium_sp._6(2017)	SRR12765618	NA
Bradyrhizobium_sp._6(2017)	SRR12765619	NA
Bradyrhizobium_sp._6(2017)	SRR12765620	NA
Bradyrhizobium_sp._6(2017)	SRR12765621	NA
Bradyrhizobium_sp._6(2017)	SRR12765622	NA
Bradyrhizobium_sp._6(2017)	SRR12765623	NA
Bradyrhizobium_sp._6(2017)	SRR12765624	NA
Bradyrhizobium_sp._6(2017)	SRR12765625	NA
Bradyrhizobium_sp._6(2017)	SRR12765626	NA
Bradyrhizobium_sp._6(2017)	SRR12765627	NA
Bradyrhizobium_sp._6(2017)	SRR12765628	NA
Bradyrhizobium_sp._6(2017)	SRR12765629	NA
Bradyrhizobium_sp._6(2017)	SRR12765630	NA
Bradyrhizobium_sp._6(2017)	SRR12765631	NA
Bradyrhizobium_sp._6(2017)	SRR12765632	NA
Bradyrhizobium_sp._6(2017)	SRR12765633	NA
Bradyrhizobium_sp._6(2017)	SRR12765634	NA
Bradyrhizobium_sp._6(2017)	SRR12765635	NA
Bradyrhizobium_sp._6(2017)	SRR12765636	NA
Bradyrhizobium_sp._6(2017)	SRR12765637	NA
Bradyrhizobium_sp._6(2017)	SRR12765638	NA
Bradyrhizobium_sp._6(2017)	SRR12765639	NA
Bradyrhizobium_sp._6(2017)	SRR12765640	NA
Bradyrhizobium_sp._6(2017)	SRR12765641	NA
Bradyrhizobium_sp._6(2017)	SRR12765642	NA
Bradyrhizobium_sp._6(2017)	SRR12765643	NA
Bradyrhizobium_sp._6(2017)	SRR12765644	NA
Bradyrhizobium_sp._6(2017)	SRR12765645	NA
Bradyrhizobium_sp._6(2017)	SRR12765646	NA
Bradyrhizobium_sp._6(2017)	SRR12765647	NA
Bradyrhizobium_sp._6(2017)	SRR12765648	NA
Bradyrhizobium_sp._6(2017)	SRR12765649	NA
Bradyrhizobium_sp._6(2017)	SRR12765650	NA
Bradyrhizobium_sp._6(2017)	SRR12765651	NA
Bradyrhizobium_sp._6(2017)	SRR12765652	NA
Bradyrhizobium_sp._6(2017)	SRR12774664	3
Bradyrhizobium_sp._6(2017)	SRR12774665	2
Bradyrhizobium_sp._6(2017)	SRR12774666	6
Bradyrhizobium_sp._6(2017)	SRR12774667	8
Bradyrhizobium_sp._6(2017)	SRR12774668	1
Bradyrhizobium_sp._6(2017)	SRR12774669	6
Bradyrhizobium_sp._6(2017)	SRR12774670	6
Bradyrhizobium_sp._6(2017)	SRR12774671	5
Bradyrhizobium_sp._6(2017)	SRR12774672	5
Bradyrhizobium_sp._6(2017)	SRR12774673	8
Bradyrhizobium_sp._6(2017)	SRR12774674	10
Bradyrhizobium_sp._6(2017)	SRR12774675	6
Bradyrhizobium_sp._6(2017)	SRR12774676	8
Bradyrhizobium_sp._6(2017)	SRR12774677	7
Bradyrhizobium_sp._6(2017)	SRR12774678	3
Bradyrhizobium_sp._6(2017)	SRR12774679	8
Bradyrhizobium_sp._6(2017)	SRR12774680	1
Bradyrhizobium_sp._6(2017)	SRR12774681	9
Bradyrhizobium_sp._6(2017)	SRR12774682	2
Bradyrhizobium_sp._6(2017)	SRR12774683	14
Bradyrhizobium_sp._6(2017)	SRR12774684	9
Bradyrhizobium_sp._6(2017)	SRR12774685	2
Bradyrhizobium_sp._6(2017)	SRR12774686	11
Bradyrhizobium_sp._6(2017)	SRR12774687	13
Bradyrhizobium_sp._6(2017)	SRR1609360	0
Bradyrhizobium_sp._6(2017)	SRR1609361	0
Bradyrhizobium_sp._6(2017)	SRR1609362	0
Bradyrhizobium_sp._6(2017)	SRR1609363	0
Bradyrhizobium_sp._6(2017)	SRR1609364	0
Bradyrhizobium_sp._6(2017)	SRR1609365	0
Bradyrhizobium_sp._6(2017)	SRR1609366	0
Bradyrhizobium_sp._6(2017)	SRR1609367	0
Bradyrhizobium_sp._6(2017)	SRR1609368	0
Bradyrhizobium_sp._6(2017)	SRR1609369	0
Bradyrhizobium_sp._6(2017)	SRR1609370	0
Bradyrhizobium_sp._6(2017)	SRR1609371	1
Bradyrhizobium_sp._6(2017)	SRR1609372	0
Bradyrhizobium_sp._6(2017)	SRR1609373	0
Bradyrhizobium_sp._6(2017)	SRR1609374	0
Bradyrhizobium_sp._6(2017)	SRR1609375	0
Bradyrhizobium_sp._6(2017)	SRR1609376	0
Bradyrhizobium_sp._6(2017)	SRR1609377	0
Bradyrhizobium_sp._6(2017)	SRR1609378	0
Bradyrhizobium_sp._6(2017)	SRR1609379	0
Bradyrhizobium_sp._6(2017)	SRR1609380	0
Bradyrhizobium_sp._6(2017)	SRR1609381	0
Bradyrhizobium_sp._6(2017)	SRR1609382	0
Bradyrhizobium_sp._6(2017)	SRR1609383	0
Bradyrhizobium_sp._6(2017)	SRR1609384	0
Bradyrhizobium_sp._6(2017)	SRR1609385	0
Bradyrhizobium_sp._6(2017)	SRR1609386	0
Bradyrhizobium_sp._6(2017)	SRR1609387	0
Bradyrhizobium_sp._6(2017)	SRR1609388	0
Bradyrhizobium_sp._6(2017)	SRR1609389	1
Bradyrhizobium_sp._6(2017)	SRR1609390	0
Bradyrhizobium_sp._6(2017)	SRR1609391	0
Bradyrhizobium_sp._6(2017)	SRR1609392	0
Bradyrhizobium_sp._6(2017)	SRR1609393	0
Bradyrhizobium_sp._6(2017)	SRR1609394	0
Bradyrhizobium_sp._6(2017)	SRR1609395	0
Bradyrhizobium_sp._6(2017)	SRR1609396	0
Bradyrhizobium_sp._6(2017)	SRR1609397	0
Bradyrhizobium_sp._6(2017)	SRR1609398	0
Bradyrhizobium_sp._6(2017)	SRR1609399	0
Bradyrhizobium_sp._6(2017)	SRR1609400	0
Bradyrhizobium_sp._6(2017)	SRR1609401	0
Bradyrhizobium_sp._6(2017)	SRR1609402	0
Bradyrhizobium_sp._6(2017)	SRR1609403	0
Bradyrhizobium_sp._6(2017)	SRR1609404	0
Bradyrhizobium_sp._6(2017)	SRR1609405	0
Bradyrhizobium_sp._6(2017)	SRR1609406	0
Bradyrhizobium_sp._6(2017)	SRR1609407	0
Bradyrhizobium_sp._6(2017)	SRR1609408	0
Bradyrhizobium_sp._6(2017)	SRR1609409	0
Bradyrhizobium_sp._6(2017)	SRR1609410	0
Bradyrhizobium_sp._6(2017)	SRR1609411	0
Bradyrhizobium_sp._6(2017)	SRR1609412	0
Bradyrhizobium_sp._6(2017)	SRR1609413	0
Bradyrhizobium_sp._6(2017)	SRR1609414	0
Bradyrhizobium_sp._6(2017)	SRR1609415	0
Bradyrhizobium_sp._6(2017)	SRR1609416	0
Bradyrhizobium_sp._6(2017)	SRR1609417	1
Bradyrhizobium_sp._6(2017)	SRR1609418	0
Bradyrhizobium_sp._6(2017)	SRR1609419	0
Bradyrhizobium_sp._6(2017)	SRR1609420	0
Bradyrhizobium_sp._6(2017)	SRR1609421	0
Bradyrhizobium_sp._6(2017)	SRR1609422	0
Bradyrhizobium_sp._6(2017)	SRR1609423	0
Bradyrhizobium_sp._6(2017)	SRR1609424	0
Bradyrhizobium_sp._6(2017)	SRR1609425	0
Bradyrhizobium_sp._6(2017)	SRR1609426	0
Bradyrhizobium_sp._6(2017)	SRR1609427	0
Bradyrhizobium_sp._6(2017)	SRR1609428	0
Bradyrhizobium_sp._6(2017)	SRR1609429	0
Bradyrhizobium_sp._6(2017)	SRR1609430	0
Bradyrhizobium_sp._6(2017)	SRR1609431	0
Bradyrhizobium_sp._6(2017)	SRR1609432	0
Bradyrhizobium_sp._6(2017)	SRR1609433	0
Bradyrhizobium_sp._6(2017)	SRR1609434	0
Bradyrhizobium_sp._6(2017)	SRR1609435	0
Bradyrhizobium_sp._6(2017)	SRR1609436	0
Bradyrhizobium_sp._6(2017)	SRR1609437	0
Bradyrhizobium_sp._6(2017)	SRR1609438	0
Bradyrhizobium_sp._6(2017)	SRR1609439	0
Bradyrhizobium_sp._6(2017)	SRR1609440	0
Bradyrhizobium_sp._6(2017)	SRR1609441	0
Bradyrhizobium_sp._6(2017)	SRR1609442	0
Bradyrhizobium_sp._6(2017)	SRR1609443	0
Bradyrhizobium_sp._6(2017)	SRR1609444	0
Bradyrhizobium_sp._6(2017)	SRR1609445	0
Bradyrhizobium_sp._6(2017)	SRR1609446	0
Bradyrhizobium_sp._6(2017)	SRR1609447	0
Bradyrhizobium_sp._6(2017)	SRR1609448	0
Bradyrhizobium_sp._6(2017)	SRR1609449	0
Bradyrhizobium_sp._6(2017)	SRR1609450	0
Bradyrhizobium_sp._6(2017)	SRR1609451	0
Bradyrhizobium_sp._6(2017)	SRR1609452	0
Bradyrhizobium_sp._6(2017)	SRR1609453	0
Bradyrhizobium_sp._6(2017)	SRR1609454	0
Bradyrhizobium_sp._6(2017)	SRR1609455	0
Bradyrhizobium_sp._6(2017)	SRR1609456	0
Bradyrhizobium_sp._6(2017)	SRR1609457	0
Bradyrhizobium_sp._6(2017)	SRR1609458	0
Bradyrhizobium_sp._6(2017)	SRR1609459	0
Bradyrhizobium_sp._6(2017)	SRR1609460	0
Bradyrhizobium_sp._6(2017)	SRR1609461	0
Bradyrhizobium_sp._6(2017)	SRR1609462	0
Bradyrhizobium_sp._6(2017)	SRR1609463	0
Bradyrhizobium_sp._6(2017)	SRR1609464	0
Bradyrhizobium_sp._6(2017)	SRR1609465	0
Bradyrhizobium_sp._6(2017)	SRR1609466	0
Bradyrhizobium_sp._6(2017)	SRR1609467	0
Bradyrhizobium_sp._6(2017)	SRR1609468	0
Bradyrhizobium_sp._6(2017)	SRR1609469	0
Bradyrhizobium_sp._6(2017)	SRR1609470	0
Bradyrhizobium_sp._6(2017)	SRR1609471	0
Bradyrhizobium_sp._6(2017)	SRR1609472	1
Bradyrhizobium_sp._6(2017)	SRR1609473	0
Bradyrhizobium_sp._6(2017)	SRR1609474	0
Bradyrhizobium_sp._6(2017)	SRR1609475	0
Bradyrhizobium_sp._6(2017)	SRR1609476	0
Bradyrhizobium_sp._6(2017)	SRR1609477	0
Bradyrhizobium_sp._6(2017)	SRR1609478	0
Bradyrhizobium_sp._6(2017)	SRR1609479	0
Bradyrhizobium_sp._6(2017)	SRR1609480	0
Bradyrhizobium_sp._6(2017)	SRR1609481	0
Bradyrhizobium_sp._6(2017)	SRR1609482	0
Bradyrhizobium_sp._6(2017)	SRR1609483	0
Bradyrhizobium_sp._6(2017)	SRR1609484	0
Bradyrhizobium_sp._6(2017)	SRR1609485	0
Bradyrhizobium_sp._6(2017)	SRR1609486	0
Bradyrhizobium_sp._6(2017)	SRR1609487	0
Bradyrhizobium_sp._6(2017)	SRR1609488	0
Bradyrhizobium_sp._6(2017)	SRR1609489	0
Bradyrhizobium_sp._6(2017)	SRR1609490	0
Bradyrhizobium_sp._6(2017)	SRR1609491	0
Bradyrhizobium_sp._6(2017)	SRR1609492	0
Bradyrhizobium_sp._6(2017)	SRR1609493	0
Bradyrhizobium_sp._6(2017)	SRR1609494	0
Bradyrhizobium_sp._6(2017)	SRR1609495	0
Bradyrhizobium_sp._6(2017)	SRR1609496	0
Bradyrhizobium_sp._6(2017)	SRR1609497	0
Bradyrhizobium_sp._6(2017)	SRR1609498	0
Bradyrhizobium_sp._6(2017)	SRR1609499	0
Bradyrhizobium_sp._6(2017)	SRR1609500	0
Bradyrhizobium_sp._6(2017)	SRR1609501	0
Bradyrhizobium_sp._6(2017)	SRR1609502	0
Bradyrhizobium_sp._6(2017)	SRR1609503	0
Bradyrhizobium_sp._6(2017)	SRR1609504	0
Bradyrhizobium_sp._6(2017)	SRR1609505	0
Bradyrhizobium_sp._6(2017)	SRR1609506	0
Bradyrhizobium_sp._6(2017)	SRR1609507	0
Bradyrhizobium_sp._6(2017)	SRR1609508	0
Bradyrhizobium_sp._6(2017)	SRR1609509	0
Bradyrhizobium_sp._6(2017)	SRR1609510	1
Bradyrhizobium_sp._6(2017)	SRR1609511	0
Bradyrhizobium_sp._6(2017)	SRR1609512	0
Bradyrhizobium_sp._6(2017)	SRR1609513	0
Bradyrhizobium_sp._6(2017)	SRR1609514	0
Bradyrhizobium_sp._6(2017)	SRR1609515	0
Bradyrhizobium_sp._6(2017)	SRR1609516	0
Bradyrhizobium_sp._6(2017)	SRR1609517	0
Bradyrhizobium_sp._6(2017)	SRR1609518	0
Bradyrhizobium_sp._6(2017)	SRR1609519	0
Bradyrhizobium_sp._6(2017)	SRR1609520	0
Bradyrhizobium_sp._6(2017)	SRR1609521	0
Bradyrhizobium_sp._6(2017)	SRR1609522	0
Bradyrhizobium_sp._6(2017)	SRR1609523	0
Bradyrhizobium_sp._6(2017)	SRR1609524	1
Bradyrhizobium_sp._6(2017)	SRR1609525	0
Bradyrhizobium_sp._6(2017)	SRR1609526	0
Bradyrhizobium_sp._6(2017)	SRR1609527	0
Bradyrhizobium_sp._6(2017)	SRR1609528	1
Bradyrhizobium_sp._6(2017)	SRR1609529	4
Bradyrhizobium_sp._6(2017)	SRR1609530	0
Bradyrhizobium_sp._6(2017)	SRR1609531	0
Bradyrhizobium_sp._6(2017)	SRR1609532	0
Bradyrhizobium_sp._6(2017)	SRR1609533	0
Bradyrhizobium_sp._6(2017)	SRR1609534	0
Bradyrhizobium_sp._6(2017)	SRR1609535	0
Bradyrhizobium_sp._6(2017)	SRR1609536	0
Bradyrhizobium_sp._6(2017)	SRR1609537	0
Bradyrhizobium_sp._6(2017)	SRR1609538	0
Bradyrhizobium_sp._6(2017)	SRR1609539	0
Bradyrhizobium_sp._6(2017)	SRR1609540	0
Bradyrhizobium_sp._6(2017)	SRR1609541	6
Bradyrhizobium_sp._6(2017)	SRR1609542	0
Bradyrhizobium_sp._6(2017)	SRR1609543	2
Bradyrhizobium_sp._6(2017)	SRR1609544	0
Bradyrhizobium_sp._6(2017)	SRR1609545	0
Bradyrhizobium_sp._6(2017)	SRR1609546	1
Bradyrhizobium_sp._6(2017)	SRR1609547	0
Bradyrhizobium_sp._6(2017)	SRR1609548	0
Bradyrhizobium_sp._6(2017)	SRR1609549	0
Bradyrhizobium_sp._6(2017)	SRR1609550	0
Bradyrhizobium_sp._6(2017)	SRR1609551	0
Bradyrhizobium_sp._6(2017)	SRR1609552	0
Bradyrhizobium_sp._6(2017)	SRR1609553	0
Bradyrhizobium_sp._6(2017)	SRR1609554	0
Bradyrhizobium_sp._6(2017)	SRR1609555	0
Bradyrhizobium_sp._6(2017)	SRR1609556	0
Bradyrhizobium_sp._6(2017)	SRR1609557	0
Bradyrhizobium_sp._6(2017)	SRR1609558	0
Bradyrhizobium_sp._6(2017)	SRR1609559	0
Bradyrhizobium_sp._6(2017)	SRR1609560	0
Bradyrhizobium_sp._6(2017)	SRR1609561	0
Bradyrhizobium_sp._6(2017)	SRR1609562	0
Bradyrhizobium_sp._6(2017)	SRR1609563	0
Bradyrhizobium_sp._6(2017)	SRR1609564	0
Bradyrhizobium_sp._6(2017)	SRR1609565	0
Bradyrhizobium_sp._6(2017)	SRR1609566	0
Bradyrhizobium_sp._6(2017)	SRR1609567	0
Bradyrhizobium_sp._6(2017)	SRR1609568	0
Bradyrhizobium_sp._6(2017)	SRR1609569	1
Bradyrhizobium_sp._6(2017)	SRR1609570	0
Bradyrhizobium_sp._6(2017)	SRR1609571	4
Bradyrhizobium_sp._6(2017)	SRR1609572	0
Bradyrhizobium_sp._6(2017)	SRR1609573	0
Bradyrhizobium_sp._6(2017)	SRR1609574	1
Bradyrhizobium_sp._6(2017)	SRR1609575	0
Bradyrhizobium_sp._6(2017)	SRR1609576	0
Bradyrhizobium_sp._6(2017)	SRR1609577	0
Bradyrhizobium_sp._6(2017)	SRR1609578	0
Bradyrhizobium_sp._6(2017)	SRR1609579	0
Bradyrhizobium_sp._6(2017)	SRR1609580	0
Bradyrhizobium_sp._6(2017)	SRR1609581	0
Bradyrhizobium_sp._6(2017)	SRR1609582	0
Bradyrhizobium_sp._6(2017)	SRR1609583	0
Bradyrhizobium_sp._6(2017)	SRR1609584	0
Bradyrhizobium_sp._6(2017)	SRR1609585	0
Bradyrhizobium_sp._6(2017)	SRR1609586	0
Bradyrhizobium_sp._6(2017)	SRR1609587	0
Bradyrhizobium_sp._6(2017)	SRR1609588	0
Bradyrhizobium_sp._6(2017)	SRR1609589	0
Bradyrhizobium_sp._6(2017)	SRR1609590	0
Bradyrhizobium_sp._6(2017)	SRR1609591	0
Bradyrhizobium_sp._6(2017)	SRR1609592	0
Bradyrhizobium_sp._6(2017)	SRR1609593	0
Bradyrhizobium_sp._6(2017)	SRR1609594	0
Bradyrhizobium_sp._6(2017)	SRR1609595	0
Bradyrhizobium_sp._6(2017)	SRR1609596	0
Bradyrhizobium_sp._6(2017)	SRR1609597	0
Bradyrhizobium_sp._6(2017)	SRR1609598	0
Bradyrhizobium_sp._6(2017)	SRR1609599	0
Bradyrhizobium_sp._6(2017)	SRR1609600	0
Bradyrhizobium_sp._6(2017)	SRR1609601	1
Bradyrhizobium_sp._6(2017)	SRR1609602	1
Bradyrhizobium_sp._6(2017)	SRR1609603	0
Bradyrhizobium_sp._6(2017)	SRR1609604	0
Bradyrhizobium_sp._6(2017)	SRR1609605	0
Bradyrhizobium_sp._6(2017)	SRR1609606	0
Bradyrhizobium_sp._6(2017)	SRR1609607	0
Bradyrhizobium_sp._6(2017)	SRR1609608	0
Bradyrhizobium_sp._6(2017)	SRR1609609	0
Bradyrhizobium_sp._6(2017)	SRR1609610	0
Bradyrhizobium_sp._6(2017)	SRR1609611	0
Bradyrhizobium_sp._6(2017)	SRR1609612	0
Bradyrhizobium_sp._6(2017)	SRR1609613	0
Bradyrhizobium_sp._6(2017)	SRR1609614	0
Bradyrhizobium_sp._6(2017)	SRR1609615	0
Bradyrhizobium_sp._6(2017)	SRR1609616	0
Bradyrhizobium_sp._6(2017)	SRR1609617	0
Bradyrhizobium_sp._6(2017)	SRR1609618	0
Bradyrhizobium_sp._6(2017)	SRR1609619	0
Bradyrhizobium_sp._6(2017)	SRR1609620	0
Bradyrhizobium_sp._6(2017)	SRR1609621	0
Bradyrhizobium_sp._6(2017)	SRR1609622	0
Bradyrhizobium_sp._6(2017)	SRR1609623	0
Bradyrhizobium_sp._6(2017)	SRR1609624	0
Bradyrhizobium_sp._6(2017)	SRR1609625	0
Bradyrhizobium_sp._6(2017)	SRR1609626	0
Bradyrhizobium_sp._6(2017)	SRR1609627	0
Bradyrhizobium_sp._6(2017)	SRR1609628	0
Bradyrhizobium_sp._6(2017)	SRR1609629	0
Bradyrhizobium_sp._6(2017)	SRR1609630	0
Bradyrhizobium_sp._6(2017)	SRR1609631	0
Bradyrhizobium_sp._6(2017)	SRR1609632	0
Bradyrhizobium_sp._6(2017)	SRR1609633	0
Bradyrhizobium_sp._6(2017)	SRR1609634	0
Bradyrhizobium_sp._6(2017)	SRR1609635	0
Bradyrhizobium_sp._6(2017)	SRR1609636	2
Bradyrhizobium_sp._6(2017)	SRR1609637	0
Bradyrhizobium_sp._6(2017)	SRR1609638	0
Bradyrhizobium_sp._6(2017)	SRR1609639	0
Bradyrhizobium_sp._6(2017)	SRR1609640	0
Bradyrhizobium_sp._6(2017)	SRR1609641	0
Bradyrhizobium_sp._6(2017)	SRR1609642	1
Bradyrhizobium_sp._6(2017)	SRR1609643	0
Bradyrhizobium_sp._6(2017)	SRR1609644	2
Bradyrhizobium_sp._6(2017)	SRR1609645	0
Bradyrhizobium_sp._6(2017)	SRR1609646	0
Bradyrhizobium_sp._6(2017)	SRR1609647	1
Bradyrhizobium_sp._6(2017)	SRR1609648	1
Bradyrhizobium_sp._6(2017)	SRR1609649	0
Bradyrhizobium_sp._6(2017)	SRR1609650	0
Bradyrhizobium_sp._6(2017)	SRR1609651	0
Bradyrhizobium_sp._6(2017)	SRR1609652	0
Bradyrhizobium_sp._6(2017)	SRR1609653	0
Bradyrhizobium_sp._6(2017)	SRR1609654	0
Bradyrhizobium_sp._6(2017)	SRR1609655	0
Bradyrhizobium_sp._6(2017)	SRR1609656	0
Bradyrhizobium_sp._6(2017)	SRR1609657	0
Bradyrhizobium_sp._6(2017)	SRR1609658	0
Bradyrhizobium_sp._6(2017)	SRR1609659	0
Bradyrhizobium_sp._6(2017)	SRR1609660	0
Bradyrhizobium_sp._6(2017)	SRR1609661	0
Bradyrhizobium_sp._6(2017)	SRR1609662	0
Bradyrhizobium_sp._6(2017)	SRR1609663	0
Bradyrhizobium_sp._6(2017)	SRR1609664	0
Bradyrhizobium_sp._6(2017)	SRR1609665	0
Bradyrhizobium_sp._6(2017)	SRR1609666	2
Bradyrhizobium_sp._6(2017)	SRR1609667	0
Bradyrhizobium_sp._6(2017)	SRR1609668	6
Bradyrhizobium_sp._6(2017)	SRR1609669	0
Bradyrhizobium_sp._6(2017)	SRR1746771	NA
Bradyrhizobium_sp._6(2017)	SRR1746772	NA
Bradyrhizobium_sp._6(2017)	SRR1746773	NA
Bradyrhizobium_sp._6(2017)	SRR1746774	NA
Bradyrhizobium_sp._6(2017)	SRR1746775	NA
Bradyrhizobium_sp._6(2017)	SRR1746776	NA
Bradyrhizobium_sp._6(2017)	SRR1746777	NA
Bradyrhizobium_sp._6(2017)	SRR1746778	NA
Bradyrhizobium_sp._6(2017)	SRR1746779	NA
Bradyrhizobium_sp._6(2017)	SRR1746780	NA
Bradyrhizobium_sp._6(2017)	SRR1746781	NA
Bradyrhizobium_sp._6(2017)	SRR1746782	NA
Bradyrhizobium_sp._6(2017)	SRR1746783	NA
Bradyrhizobium_sp._6(2017)	SRR1746784	NA
Bradyrhizobium_sp._6(2017)	SRR1782685	0
Bradyrhizobium_sp._6(2017)	SRR1782686	0
Bradyrhizobium_sp._6(2017)	SRR1782687	0
Bradyrhizobium_sp._6(2017)	SRR1782688	1
Bradyrhizobium_sp._6(2017)	SRR1782689	0
Bradyrhizobium_sp._6(2017)	SRR1782690	0
Bradyrhizobium_sp._6(2017)	SRR1782691	0
Bradyrhizobium_sp._6(2017)	SRR1782692	0
Bradyrhizobium_sp._6(2017)	SRR1782693	0
Bradyrhizobium_sp._6(2017)	SRR1782694	0
Bradyrhizobium_sp._6(2017)	SRR1782695	0
Bradyrhizobium_sp._6(2017)	SRR1782696	0
Bradyrhizobium_sp._6(2017)	SRR1782697	0
Bradyrhizobium_sp._6(2017)	SRR1782698	0
Bradyrhizobium_sp._6(2017)	SRR1782699	0
Bradyrhizobium_sp._6(2017)	SRR1782700	0
Bradyrhizobium_sp._6(2017)	SRR1782701	0
Bradyrhizobium_sp._6(2017)	SRR1782702	0
Bradyrhizobium_sp._6(2017)	SRR1782703	0
Bradyrhizobium_sp._6(2017)	SRR1782704	0
Bradyrhizobium_sp._6(2017)	SRR1782705	4
Bradyrhizobium_sp._6(2017)	SRR1782706	0
Bradyrhizobium_sp._6(2017)	SRR1782707	0
Bradyrhizobium_sp._6(2017)	SRR1782708	0
Bradyrhizobium_sp._6(2017)	SRR1782709	0
Bradyrhizobium_sp._6(2017)	SRR1782710	0
Bradyrhizobium_sp._6(2017)	SRR1782711	0
Bradyrhizobium_sp._6(2017)	SRR1782712	0
Bradyrhizobium_sp._6(2017)	SRR1782713	0
Bradyrhizobium_sp._6(2017)	SRR1782714	1
Bradyrhizobium_sp._6(2017)	SRR1782715	1
Bradyrhizobium_sp._6(2017)	SRR1782716	0
Bradyrhizobium_sp._6(2017)	SRR1782717	0
Bradyrhizobium_sp._6(2017)	SRR1782718	0
Bradyrhizobium_sp._6(2017)	SRR1782719	0
Bradyrhizobium_sp._6(2017)	SRR1782720	0
Bradyrhizobium_sp._6(2017)	SRR1782721	0
Bradyrhizobium_sp._6(2017)	SRR1782722	0
Bradyrhizobium_sp._6(2017)	SRR1782723	0
Bradyrhizobium_sp._6(2017)	SRR1782724	0
Bradyrhizobium_sp._6(2017)	SRR1782725	0
Bradyrhizobium_sp._6(2017)	SRR1782726	0
Bradyrhizobium_sp._6(2017)	SRR1782727	0
Bradyrhizobium_sp._6(2017)	SRR1782728	1
Bradyrhizobium_sp._6(2017)	SRR1782729	0
Bradyrhizobium_sp._6(2017)	SRR1782730	0
Bradyrhizobium_sp._6(2017)	SRR1782731	0
Bradyrhizobium_sp._6(2017)	SRR1782732	0
Bradyrhizobium_sp._6(2017)	SRR1782733	0
Bradyrhizobium_sp._6(2017)	SRR1782734	0
Bradyrhizobium_sp._6(2017)	SRR1782735	0
Bradyrhizobium_sp._6(2017)	SRR1782736	0
Bradyrhizobium_sp._6(2017)	SRR1782737	0
Bradyrhizobium_sp._6(2017)	SRR1782738	0
Bradyrhizobium_sp._6(2017)	SRR1782739	0
Bradyrhizobium_sp._6(2017)	SRR1782740	0
Bradyrhizobium_sp._6(2017)	SRR1782741	0
Bradyrhizobium_sp._6(2017)	SRR1782742	0
Bradyrhizobium_sp._6(2017)	SRR1782743	0
Bradyrhizobium_sp._6(2017)	SRR1782744	0
Bradyrhizobium_sp._6(2017)	SRR1782745	0
Bradyrhizobium_sp._6(2017)	SRR1782746	0
Bradyrhizobium_sp._6(2017)	SRR1782747	0
Bradyrhizobium_sp._6(2017)	SRR1782748	0
Bradyrhizobium_sp._6(2017)	SRR1782749	0
Bradyrhizobium_sp._6(2017)	SRR1782750	0
Bradyrhizobium_sp._6(2017)	SRR1782751	0
Bradyrhizobium_sp._6(2017)	SRR1782752	0
Bradyrhizobium_sp._6(2017)	SRR1782753	0
Bradyrhizobium_sp._6(2017)	SRR1782754	0
Bradyrhizobium_sp._6(2017)	SRR1782755	0
Bradyrhizobium_sp._6(2017)	SRR1782756	0
Bradyrhizobium_sp._6(2017)	SRR1782757	0
Bradyrhizobium_sp._6(2017)	SRR1782758	0
Bradyrhizobium_sp._6(2017)	SRR1782759	0
Bradyrhizobium_sp._6(2017)	SRR1782760	0
Bradyrhizobium_sp._6(2017)	SRR1782761	2
Bradyrhizobium_sp._6(2017)	SRR1782762	0
Bradyrhizobium_sp._6(2017)	SRR1782763	0
Bradyrhizobium_sp._6(2017)	SRR1782764	0
Bradyrhizobium_sp._6(2017)	SRR1782765	0
Bradyrhizobium_sp._6(2017)	SRR1782766	0
Bradyrhizobium_sp._6(2017)	SRR1782767	0
Bradyrhizobium_sp._6(2017)	SRR1782768	0
Bradyrhizobium_sp._6(2017)	SRR1782769	0
Bradyrhizobium_sp._6(2017)	SRR1782770	0
Bradyrhizobium_sp._6(2017)	SRR1782771	0
Bradyrhizobium_sp._6(2017)	SRR1782772	0
Bradyrhizobium_sp._6(2017)	SRR1782773	0
Bradyrhizobium_sp._6(2017)	SRR1782774	0
Bradyrhizobium_sp._6(2017)	SRR1782775	0
Bradyrhizobium_sp._6(2017)	SRR1782776	3
Bradyrhizobium_sp._6(2017)	SRR1782777	0
Bradyrhizobium_sp._6(2017)	SRR1782778	0
Bradyrhizobium_sp._6(2017)	SRR1782779	1
Bradyrhizobium_sp._6(2017)	SRR1782780	0
Bradyrhizobium_sp._6(2017)	SRR1782781	0
Bradyrhizobium_sp._6(2017)	SRR1782782	0
Bradyrhizobium_sp._6(2017)	SRR1782783	0
Bradyrhizobium_sp._6(2017)	SRR1782784	0
Bradyrhizobium_sp._6(2017)	SRR1782785	0
Bradyrhizobium_sp._6(2017)	SRR1782786	0
Bradyrhizobium_sp._6(2017)	SRR1782787	0
Bradyrhizobium_sp._6(2017)	SRR1782788	0
Bradyrhizobium_sp._6(2017)	SRR1782789	0
Bradyrhizobium_sp._6(2017)	SRR1782790	0
Bradyrhizobium_sp._6(2017)	SRR1782791	0
Bradyrhizobium_sp._6(2017)	SRR1782792	0
Bradyrhizobium_sp._6(2017)	SRR1782793	0
Bradyrhizobium_sp._6(2017)	SRR1782794	0
Bradyrhizobium_sp._6(2017)	SRR1782795	0
Bradyrhizobium_sp._6(2017)	SRR1782796	0
Bradyrhizobium_sp._6(2017)	SRR1782797	0
Bradyrhizobium_sp._6(2017)	SRR1782798	0
Bradyrhizobium_sp._6(2017)	SRR1782799	0
Bradyrhizobium_sp._6(2017)	SRR1782800	0
Bradyrhizobium_sp._6(2017)	SRR1782801	0
Bradyrhizobium_sp._6(2017)	SRR1782802	0
Bradyrhizobium_sp._6(2017)	SRR1782803	0
Bradyrhizobium_sp._6(2017)	SRR1782804	0
Bradyrhizobium_sp._6(2017)	SRR1782805	0
Bradyrhizobium_sp._6(2017)	SRR1782806	0
Bradyrhizobium_sp._6(2017)	SRR1782807	0
Bradyrhizobium_sp._6(2017)	SRR1782808	0
Bradyrhizobium_sp._6(2017)	SRR1782809	0
Bradyrhizobium_sp._6(2017)	SRR1782810	0
Bradyrhizobium_sp._6(2017)	SRR1782811	0
Bradyrhizobium_sp._6(2017)	SRR1782812	0
Bradyrhizobium_sp._6(2017)	SRR1782813	0
Bradyrhizobium_sp._6(2017)	SRR1782814	1
Bradyrhizobium_sp._6(2017)	SRR1782815	0
Bradyrhizobium_sp._6(2017)	SRR1782816	0
Bradyrhizobium_sp._6(2017)	SRR1782817	0
Bradyrhizobium_sp._6(2017)	SRR1782818	0
Bradyrhizobium_sp._6(2017)	SRR1782819	0
Bradyrhizobium_sp._6(2017)	SRR1782820	0
Bradyrhizobium_sp._6(2017)	SRR1782821	0
Bradyrhizobium_sp._6(2017)	SRR1782822	0
Bradyrhizobium_sp._6(2017)	SRR1782823	0
Bradyrhizobium_sp._6(2017)	SRR1782824	0
Bradyrhizobium_sp._6(2017)	SRR1782825	0
Bradyrhizobium_sp._6(2017)	SRR1782826	1
Bradyrhizobium_sp._6(2017)	SRR1782827	0
Bradyrhizobium_sp._6(2017)	SRR1782828	0
Bradyrhizobium_sp._6(2017)	SRR1782829	0
Bradyrhizobium_sp._6(2017)	SRR1782830	0
Bradyrhizobium_sp._6(2017)	SRR1782831	0
Bradyrhizobium_sp._6(2017)	SRR1782832	0
Bradyrhizobium_sp._6(2017)	SRR1782833	0
Bradyrhizobium_sp._6(2017)	SRR1782834	0
Bradyrhizobium_sp._6(2017)	SRR1782835	0
Bradyrhizobium_sp._6(2017)	SRR1782836	0
Bradyrhizobium_sp._6(2017)	SRR1782837	0
Bradyrhizobium_sp._6(2017)	SRR1782838	0
Bradyrhizobium_sp._6(2017)	SRR1782839	0
Bradyrhizobium_sp._6(2017)	SRR1782840	0
Bradyrhizobium_sp._6(2017)	SRR1782841	0
Bradyrhizobium_sp._6(2017)	SRR1782842	0
Bradyrhizobium_sp._6(2017)	SRR1782843	0
Bradyrhizobium_sp._6(2017)	SRR1782844	0
Bradyrhizobium_sp._6(2017)	SRR1782845	0
Bradyrhizobium_sp._6(2017)	SRR1782846	0
Bradyrhizobium_sp._6(2017)	SRR1782847	0
Bradyrhizobium_sp._6(2017)	SRR1782848	0
Bradyrhizobium_sp._6(2017)	SRR1782849	0
Bradyrhizobium_sp._6(2017)	SRR1782850	0
Bradyrhizobium_sp._6(2017)	SRR1782851	0
Bradyrhizobium_sp._6(2017)	SRR1782852	0
Bradyrhizobium_sp._6(2017)	SRR1782853	0
Bradyrhizobium_sp._6(2017)	SRR1782854	0
Bradyrhizobium_sp._6(2017)	SRR1782855	0
Bradyrhizobium_sp._6(2017)	SRR1782856	0
Bradyrhizobium_sp._6(2017)	SRR1782857	0
Bradyrhizobium_sp._6(2017)	SRR1782858	0
Bradyrhizobium_sp._6(2017)	SRR1782859	0
Bradyrhizobium_sp._6(2017)	SRR1782860	0
Bradyrhizobium_sp._6(2017)	SRR1782861	0
Bradyrhizobium_sp._6(2017)	SRR1782862	0
Bradyrhizobium_sp._6(2017)	SRR1782863	0
Bradyrhizobium_sp._6(2017)	SRR1782864	0
Bradyrhizobium_sp._6(2017)	SRR1782865	0
Bradyrhizobium_sp._6(2017)	SRR1782866	0
Bradyrhizobium_sp._6(2017)	SRR1782867	0
Bradyrhizobium_sp._6(2017)	SRR1782868	0
Bradyrhizobium_sp._6(2017)	SRR1782869	0
Bradyrhizobium_sp._6(2017)	SRR1782870	0
Bradyrhizobium_sp._6(2017)	SRR1782871	0
Bradyrhizobium_sp._6(2017)	SRR1782872	0
Bradyrhizobium_sp._6(2017)	SRR1782873	0
Bradyrhizobium_sp._6(2017)	SRR1782874	0
Bradyrhizobium_sp._6(2017)	SRR1782875	0
Bradyrhizobium_sp._6(2017)	SRR1782876	0
Bradyrhizobium_sp._6(2017)	SRR1782877	0
Bradyrhizobium_sp._6(2017)	SRR1782878	0
Bradyrhizobium_sp._6(2017)	SRR1782879	0
Bradyrhizobium_sp._6(2017)	SRR1782880	0
Bradyrhizobium_sp._6(2017)	SRR1782881	0
Bradyrhizobium_sp._6(2017)	SRR1782882	1
Bradyrhizobium_sp._6(2017)	SRR1782883	0
Bradyrhizobium_sp._6(2017)	SRR1782884	0
Bradyrhizobium_sp._6(2017)	SRR1782885	0
Bradyrhizobium_sp._6(2017)	SRR1782886	0
Bradyrhizobium_sp._6(2017)	SRR1782887	0
Bradyrhizobium_sp._6(2017)	SRR1782888	0
Bradyrhizobium_sp._6(2017)	SRR1782889	0
Bradyrhizobium_sp._6(2017)	SRR1782890	0
Bradyrhizobium_sp._6(2017)	SRR1782891	0
Bradyrhizobium_sp._6(2017)	SRR1782892	0
Bradyrhizobium_sp._6(2017)	SRR1782893	0
Bradyrhizobium_sp._6(2017)	SRR1782894	0
Bradyrhizobium_sp._6(2017)	SRR1782895	0
Bradyrhizobium_sp._6(2017)	SRR1782896	0
Bradyrhizobium_sp._6(2017)	SRR1782897	0
Bradyrhizobium_sp._6(2017)	SRR1782898	0
Bradyrhizobium_sp._6(2017)	SRR1782899	0
Bradyrhizobium_sp._6(2017)	SRR1782900	0
Bradyrhizobium_sp._6(2017)	SRR1782901	0
Bradyrhizobium_sp._6(2017)	SRR1782902	0
Bradyrhizobium_sp._6(2017)	SRR1782903	0
Bradyrhizobium_sp._6(2017)	SRR1782904	1
Bradyrhizobium_sp._6(2017)	SRR1782905	0
Bradyrhizobium_sp._6(2017)	SRR1782906	0
Bradyrhizobium_sp._6(2017)	SRR1782907	0
Bradyrhizobium_sp._6(2017)	SRR1782908	0
Bradyrhizobium_sp._6(2017)	SRR1782909	1
Bradyrhizobium_sp._6(2017)	SRR1782910	0
Bradyrhizobium_sp._6(2017)	SRR1782911	0
Bradyrhizobium_sp._6(2017)	SRR1782912	0
Bradyrhizobium_sp._6(2017)	SRR1782913	0
Bradyrhizobium_sp._6(2017)	SRR1782914	0
Bradyrhizobium_sp._6(2017)	SRR1782915	1
Bradyrhizobium_sp._6(2017)	SRR1782916	0
Bradyrhizobium_sp._6(2017)	SRR1782917	0
Bradyrhizobium_sp._6(2017)	SRR1782918	0
Bradyrhizobium_sp._6(2017)	SRR1782919	0
Bradyrhizobium_sp._6(2017)	SRR1782920	0
Bradyrhizobium_sp._6(2017)	SRR1782921	0
Bradyrhizobium_sp._6(2017)	SRR1782922	1
Bradyrhizobium_sp._6(2017)	SRR1782923	0
Bradyrhizobium_sp._6(2017)	SRR1782924	0
Bradyrhizobium_sp._6(2017)	SRR1782925	0
Bradyrhizobium_sp._6(2017)	SRR1782926	0
Bradyrhizobium_sp._6(2017)	SRR1782927	0
Bradyrhizobium_sp._6(2017)	SRR1782928	0
Bradyrhizobium_sp._6(2017)	SRR1782929	0
Bradyrhizobium_sp._6(2017)	SRR1782930	0
Bradyrhizobium_sp._6(2017)	SRR1782931	0
Bradyrhizobium_sp._6(2017)	SRR1782932	0
Bradyrhizobium_sp._6(2017)	SRR1782933	2
Bradyrhizobium_sp._6(2017)	SRR1782934	0
Bradyrhizobium_sp._6(2017)	SRR1782935	0
Bradyrhizobium_sp._6(2017)	SRR1782936	4
Bradyrhizobium_sp._6(2017)	SRR1782937	0
Bradyrhizobium_sp._6(2017)	SRR1782938	0
Bradyrhizobium_sp._6(2017)	SRR1782939	0
Bradyrhizobium_sp._6(2017)	SRR1782940	0
Bradyrhizobium_sp._6(2017)	SRR1782941	0
Bradyrhizobium_sp._6(2017)	SRR1782942	0
Bradyrhizobium_sp._6(2017)	SRR1782943	0
Bradyrhizobium_sp._6(2017)	SRR1782944	0
Bradyrhizobium_sp._6(2017)	SRR1782945	1
Bradyrhizobium_sp._6(2017)	SRR1782946	2
Bradyrhizobium_sp._6(2017)	SRR1782947	0
Bradyrhizobium_sp._6(2017)	SRR1782948	0
Bradyrhizobium_sp._6(2017)	SRR1782949	0
Bradyrhizobium_sp._6(2017)	SRR1782950	0
Bradyrhizobium_sp._6(2017)	SRR1782951	0
Bradyrhizobium_sp._6(2017)	SRR1782952	0
Bradyrhizobium_sp._6(2017)	SRR1782953	0
Bradyrhizobium_sp._6(2017)	SRR1782954	6
Bradyrhizobium_sp._6(2017)	SRR1782955	2
Bradyrhizobium_sp._6(2017)	SRR1782956	0
Bradyrhizobium_sp._6(2017)	SRR1782957	0
Bradyrhizobium_sp._6(2017)	SRR1782958	0
Bradyrhizobium_sp._6(2017)	SRR1782959	0
Bradyrhizobium_sp._6(2017)	SRR1782960	0
Bradyrhizobium_sp._6(2017)	SRR1782961	1
Bradyrhizobium_sp._6(2017)	SRR1782962	0
Bradyrhizobium_sp._6(2017)	SRR1782963	0
Bradyrhizobium_sp._6(2017)	SRR1782964	0
Bradyrhizobium_sp._6(2017)	SRR1782965	0
Bradyrhizobium_sp._6(2017)	SRR1782966	0
Bradyrhizobium_sp._6(2017)	SRR1782967	0
Bradyrhizobium_sp._6(2017)	SRR1782968	0
Bradyrhizobium_sp._6(2017)	SRR1782969	0
Bradyrhizobium_sp._6(2017)	SRR1782970	0
Bradyrhizobium_sp._6(2017)	SRR1782971	2
Bradyrhizobium_sp._6(2017)	SRR1782972	0
Bradyrhizobium_sp._6(2017)	SRR1782973	0
Bradyrhizobium_sp._6(2017)	SRR1782974	0
Bradyrhizobium_sp._6(2017)	SRR1782975	0
Bradyrhizobium_sp._6(2017)	SRR1782976	0
Bradyrhizobium_sp._6(2017)	SRR1782977	0
Bradyrhizobium_sp._6(2017)	SRR1782978	1
Bradyrhizobium_sp._6(2017)	SRR1782979	0
Bradyrhizobium_sp._6(2017)	SRR1782980	0
Bradyrhizobium_sp._6(2017)	SRR1782981	0
Bradyrhizobium_sp._6(2017)	SRR1782982	0
Bradyrhizobium_sp._6(2017)	SRR1782983	2
Bradyrhizobium_sp._6(2017)	SRR1782984	0
Bradyrhizobium_sp._6(2017)	SRR1782985	0
Bradyrhizobium_sp._6(2017)	SRR1782986	0
Bradyrhizobium_sp._6(2017)	SRR1782987	0
Bradyrhizobium_sp._6(2017)	SRR1782988	0
Bradyrhizobium_sp._6(2017)	SRR1782989	0
Bradyrhizobium_sp._6(2017)	SRR1782990	0
Bradyrhizobium_sp._6(2017)	SRR1782991	0
Bradyrhizobium_sp._6(2017)	SRR1782992	0
Bradyrhizobium_sp._6(2017)	SRR1782993	1
Bradyrhizobium_sp._6(2017)	SRR1782994	0
Bradyrhizobium_sp._6(2017)	SRR1782995	0
Bradyrhizobium_sp._6(2017)	SRR1782996	0
Bradyrhizobium_sp._6(2017)	SRR1782997	0
Bradyrhizobium_sp._6(2017)	SRR1782998	0
Bradyrhizobium_sp._6(2017)	SRR1782999	0
Bradyrhizobium_sp._6(2017)	SRR1783000	0
Bradyrhizobium_sp._6(2017)	SRR1783001	0
Bradyrhizobium_sp._6(2017)	SRR1783002	0
Bradyrhizobium_sp._6(2017)	SRR1783003	0
Bradyrhizobium_sp._6(2017)	SRR1783004	0
Bradyrhizobium_sp._6(2017)	SRR1783005	0
Bradyrhizobium_sp._6(2017)	SRR1783006	0
Bradyrhizobium_sp._6(2017)	SRR1813867	NA
Bradyrhizobium_sp._6(2017)	SRR1813868	NA
Bradyrhizobium_sp._6(2017)	SRR1813869	NA
Bradyrhizobium_sp._6(2017)	SRR1813870	NA
Bradyrhizobium_sp._6(2017)	SRR1813871	NA
Bradyrhizobium_sp._6(2017)	SRR1813872	NA
Bradyrhizobium_sp._6(2017)	SRR1813873	NA
Bradyrhizobium_sp._6(2017)	SRR1813874	NA
Bradyrhizobium_sp._6(2017)	SRR1813875	NA
Bradyrhizobium_sp._6(2017)	SRR1813876	NA
Bradyrhizobium_sp._6(2017)	SRR1813877	NA
Bradyrhizobium_sp._6(2017)	SRR1813878	NA
Bradyrhizobium_sp._6(2017)	SRR1813879	NA
Bradyrhizobium_sp._6(2017)	SRR1813880	NA
Bradyrhizobium_sp._6(2017)	SRR1813881	NA
Bradyrhizobium_sp._6(2017)	SRR1813882	NA
Bradyrhizobium_sp._6(2017)	SRR1813883	NA
Bradyrhizobium_sp._6(2017)	SRR1813884	NA
Bradyrhizobium_sp._6(2017)	SRR1813885	NA
Bradyrhizobium_sp._6(2017)	SRR1813886	NA
Bradyrhizobium_sp._6(2017)	SRR1813887	NA
Bradyrhizobium_sp._6(2017)	SRR1928188	NA
Bradyrhizobium_sp._6(2017)	SRR1928189	NA
Bradyrhizobium_sp._6(2017)	SRR1928190	NA
Bradyrhizobium_sp._6(2017)	SRR1928191	NA
Bradyrhizobium_sp._6(2017)	SRR1928192	NA
Bradyrhizobium_sp._6(2017)	SRR1928193	NA
Bradyrhizobium_sp._6(2017)	SRR2046996	0
Bradyrhizobium_sp._6(2017)	SRR2046997	1
Bradyrhizobium_sp._6(2017)	SRR2046998	0
Bradyrhizobium_sp._6(2017)	SRR2046999	0
Bradyrhizobium_sp._6(2017)	SRR2047000	0
Bradyrhizobium_sp._6(2017)	SRR2047001	2
Bradyrhizobium_sp._6(2017)	SRR2047002	0
Bradyrhizobium_sp._6(2017)	SRR2047003	0
Bradyrhizobium_sp._6(2017)	SRR2047004	0
Bradyrhizobium_sp._6(2017)	SRR2047005	1
Bradyrhizobium_sp._6(2017)	SRR2047006	0
Bradyrhizobium_sp._6(2017)	SRR2047007	0
Bradyrhizobium_sp._6(2017)	SRR2047008	0
Bradyrhizobium_sp._6(2017)	SRR2047009	0
Bradyrhizobium_sp._6(2017)	SRR2313973	NA
Bradyrhizobium_sp._6(2017)	SRR2313974	NA
Bradyrhizobium_sp._6(2017)	SRR2313975	NA
Bradyrhizobium_sp._6(2017)	SRR2313976	NA
Bradyrhizobium_sp._6(2017)	SRR2313977	NA
Bradyrhizobium_sp._6(2017)	SRR2313978	NA
Bradyrhizobium_sp._6(2017)	SRR2313979	NA
Bradyrhizobium_sp._6(2017)	SRR2313980	NA
Bradyrhizobium_sp._6(2017)	SRR2313981	NA
Bradyrhizobium_sp._6(2017)	SRR2313982	NA
Bradyrhizobium_sp._6(2017)	SRR2313983	NA
Bradyrhizobium_sp._6(2017)	SRR2313984	NA
Bradyrhizobium_sp._6(2017)	SRR2313985	NA
Bradyrhizobium_sp._6(2017)	SRR2313986	NA
Bradyrhizobium_sp._6(2017)	SRR2313987	NA
Bradyrhizobium_sp._6(2017)	SRR2313988	NA
Bradyrhizobium_sp._6(2017)	SRR2313989	NA
Bradyrhizobium_sp._6(2017)	SRR2313990	NA
Bradyrhizobium_sp._6(2017)	SRR2313991	NA
Bradyrhizobium_sp._6(2017)	SRR2313992	NA
Bradyrhizobium_sp._6(2017)	SRR2313993	NA
Bradyrhizobium_sp._6(2017)	SRR2313994	NA
Bradyrhizobium_sp._6(2017)	SRR2313995	NA
Bradyrhizobium_sp._6(2017)	SRR2313996	NA
Bradyrhizobium_sp._6(2017)	SRR2313997	NA
Bradyrhizobium_sp._6(2017)	SRR2313998	NA
Bradyrhizobium_sp._6(2017)	SRR2313999	NA
Bradyrhizobium_sp._6(2017)	SRR2314000	NA
Bradyrhizobium_sp._6(2017)	SRR2314001	NA
Bradyrhizobium_sp._6(2017)	SRR2314002	NA
Bradyrhizobium_sp._6(2017)	SRR2314003	NA
Bradyrhizobium_sp._6(2017)	SRR2314004	NA
Bradyrhizobium_sp._6(2017)	SRR2314005	NA
Bradyrhizobium_sp._6(2017)	SRR2314006	NA
Bradyrhizobium_sp._6(2017)	SRR2314007	NA
Bradyrhizobium_sp._6(2017)	SRR2314008	NA
Bradyrhizobium_sp._6(2017)	SRR2314009	NA
Bradyrhizobium_sp._6(2017)	SRR2314010	NA
Bradyrhizobium_sp._6(2017)	SRR2314011	NA
Bradyrhizobium_sp._6(2017)	SRR2314012	NA
Bradyrhizobium_sp._6(2017)	SRR2314013	NA
Bradyrhizobium_sp._6(2017)	SRR2314014	NA
Bradyrhizobium_sp._6(2017)	SRR2314015	NA
Bradyrhizobium_sp._6(2017)	SRR2314016	NA
Bradyrhizobium_sp._6(2017)	SRR2314017	NA
Bradyrhizobium_sp._6(2017)	SRR2314018	NA
Bradyrhizobium_sp._6(2017)	SRR2314019	NA
Bradyrhizobium_sp._6(2017)	SRR2314020	NA
Bradyrhizobium_sp._6(2017)	SRR2314021	NA
Bradyrhizobium_sp._6(2017)	SRR2314022	NA
Bradyrhizobium_sp._6(2017)	SRR2314023	NA
Bradyrhizobium_sp._6(2017)	SRR2314024	NA
Bradyrhizobium_sp._6(2017)	SRR2314025	NA
Bradyrhizobium_sp._6(2017)	SRR2314026	NA
Bradyrhizobium_sp._6(2017)	SRR2314027	NA
Bradyrhizobium_sp._6(2017)	SRR2314028	NA
Bradyrhizobium_sp._6(2017)	SRR2314029	NA
Bradyrhizobium_sp._6(2017)	SRR2314030	NA
Bradyrhizobium_sp._6(2017)	SRR2314031	NA
Bradyrhizobium_sp._6(2017)	SRR2314032	NA
Bradyrhizobium_sp._6(2017)	SRR2314033	NA
Bradyrhizobium_sp._6(2017)	SRR2314034	NA
Bradyrhizobium_sp._6(2017)	SRR2314035	NA
Bradyrhizobium_sp._6(2017)	SRR2314036	NA
Bradyrhizobium_sp._6(2017)	SRR2314037	NA
Bradyrhizobium_sp._6(2017)	SRR2314038	NA
Bradyrhizobium_sp._6(2017)	SRR2314039	NA
Bradyrhizobium_sp._6(2017)	SRR2314040	NA
Bradyrhizobium_sp._6(2017)	SRR2314041	NA
Bradyrhizobium_sp._6(2017)	SRR2314042	NA
Bradyrhizobium_sp._6(2017)	SRR2314043	NA
Bradyrhizobium_sp._6(2017)	SRR2314044	NA
Bradyrhizobium_sp._6(2017)	SRR2314045	NA
Bradyrhizobium_sp._6(2017)	SRR3493774	0
Bradyrhizobium_sp._6(2017)	SRR3493775	0
Bradyrhizobium_sp._6(2017)	SRR3493776	0
Bradyrhizobium_sp._6(2017)	SRR3493777	0
Bradyrhizobium_sp._6(2017)	SRR3493778	0
Bradyrhizobium_sp._6(2017)	SRR3493779	0
Bradyrhizobium_sp._6(2017)	SRR3493780	0
Bradyrhizobium_sp._6(2017)	SRR3493781	0
Bradyrhizobium_sp._6(2017)	SRR3493782	0
Bradyrhizobium_sp._6(2017)	SRR3493783	0
Bradyrhizobium_sp._6(2017)	SRR3493784	0
Bradyrhizobium_sp._6(2017)	SRR3493785	0
Bradyrhizobium_sp._6(2017)	SRR3493786	0
Bradyrhizobium_sp._6(2017)	SRR3493787	0
Bradyrhizobium_sp._6(2017)	SRR3493788	0
Bradyrhizobium_sp._6(2017)	SRR3493789	0
Bradyrhizobium_sp._6(2017)	SRR3493790	0
Bradyrhizobium_sp._6(2017)	SRR3493791	1
Bradyrhizobium_sp._6(2017)	SRR3493792	0
Bradyrhizobium_sp._6(2017)	SRR3493793	1
Bradyrhizobium_sp._6(2017)	SRR3493794	0
Bradyrhizobium_sp._6(2017)	SRR3493795	1
Bradyrhizobium_sp._6(2017)	SRR3493796	1
Bradyrhizobium_sp._6(2017)	SRR3493797	1
Bradyrhizobium_sp._6(2017)	SRR3493798	0
Bradyrhizobium_sp._6(2017)	SRR3493799	0
Bradyrhizobium_sp._6(2017)	SRR3493800	0
Bradyrhizobium_sp._6(2017)	SRR3493801	0
Bradyrhizobium_sp._6(2017)	SRR3493802	1
Bradyrhizobium_sp._6(2017)	SRR3493803	2
Bradyrhizobium_sp._6(2017)	SRR3493804	0
Bradyrhizobium_sp._6(2017)	SRR3493805	0
Bradyrhizobium_sp._6(2017)	SRR3493806	2
Bradyrhizobium_sp._6(2017)	SRR3493807	0
Bradyrhizobium_sp._6(2017)	SRR3493808	0
Bradyrhizobium_sp._6(2017)	SRR3493809	2
Bradyrhizobium_sp._6(2017)	SRR3493810	0
Bradyrhizobium_sp._6(2017)	SRR3493811	0
Bradyrhizobium_sp._6(2017)	SRR3493812	0
Bradyrhizobium_sp._6(2017)	SRR3493813	1
Bradyrhizobium_sp._6(2017)	SRR3493814	0
Bradyrhizobium_sp._6(2017)	SRR3493815	0
Bradyrhizobium_sp._6(2017)	SRR3493816	0
Bradyrhizobium_sp._6(2017)	SRR3493817	1
Bradyrhizobium_sp._6(2017)	SRR3493818	0
Bradyrhizobium_sp._6(2017)	SRR3493819	1
Bradyrhizobium_sp._6(2017)	SRR3493820	0
Bradyrhizobium_sp._6(2017)	SRR3493821	2
Bradyrhizobium_sp._6(2017)	SRR3493822	0
Bradyrhizobium_sp._6(2017)	SRR3493823	0
Bradyrhizobium_sp._6(2017)	SRR3493824	0
Bradyrhizobium_sp._6(2017)	SRR3493825	0
Bradyrhizobium_sp._6(2017)	SRR3493826	0
Bradyrhizobium_sp._6(2017)	SRR3493827	1
Bradyrhizobium_sp._6(2017)	SRR3493828	2
Bradyrhizobium_sp._6(2017)	SRR3493829	3
Bradyrhizobium_sp._6(2017)	SRR3493830	0
Bradyrhizobium_sp._6(2017)	SRR3493831	0
Bradyrhizobium_sp._6(2017)	SRR3493832	1
Bradyrhizobium_sp._6(2017)	SRR3493833	0
Bradyrhizobium_sp._6(2017)	SRR3493834	0
Bradyrhizobium_sp._6(2017)	SRR3493835	0
Bradyrhizobium_sp._6(2017)	SRR3493836	0
Bradyrhizobium_sp._6(2017)	SRR3493837	0
Bradyrhizobium_sp._6(2017)	SRR3493838	0
Bradyrhizobium_sp._6(2017)	SRR3493839	0
Bradyrhizobium_sp._6(2017)	SRR3493840	0
Bradyrhizobium_sp._6(2017)	SRR3493841	0
Bradyrhizobium_sp._6(2017)	SRR3493846	0
Bradyrhizobium_sp._6(2017)	SRR3493847	0
Bradyrhizobium_sp._6(2017)	SRR3493848	0
Bradyrhizobium_sp._6(2017)	SRR3493849	0
Bradyrhizobium_sp._6(2017)	SRR3493850	0
Bradyrhizobium_sp._6(2017)	SRR3714631	0
Bradyrhizobium_sp._6(2017)	SRR3714632	0
Bradyrhizobium_sp._6(2017)	SRR3714633	3
Bradyrhizobium_sp._6(2017)	SRR3714634	3
Bradyrhizobium_sp._6(2017)	SRR3714635	2
Bradyrhizobium_sp._6(2017)	SRR3714636	1
Bradyrhizobium_sp._6(2017)	SRR3714637	2
Bradyrhizobium_sp._6(2017)	SRR3714638	1
Bradyrhizobium_sp._6(2017)	SRR3714639	10
Bradyrhizobium_sp._6(2017)	SRR3714640	0
Bradyrhizobium_sp._6(2017)	SRR3714641	1
Bradyrhizobium_sp._6(2017)	SRR3714642	0
Bradyrhizobium_sp._6(2017)	SRR3714643	0
Bradyrhizobium_sp._6(2017)	SRR3714644	0
Bradyrhizobium_sp._6(2017)	SRR3714645	4
Bradyrhizobium_sp._6(2017)	SRR3714646	7
Bradyrhizobium_sp._6(2017)	SRR3714648	3
Bradyrhizobium_sp._6(2017)	SRR3714649	5
Bradyrhizobium_sp._6(2017)	SRR3714650	11
Bradyrhizobium_sp._6(2017)	SRR3714651	8
Bradyrhizobium_sp._6(2017)	SRR3714652	3
Bradyrhizobium_sp._6(2017)	SRR3714653	1
Bradyrhizobium_sp._6(2017)	SRR3714654	6
Bradyrhizobium_sp._6(2017)	SRR3714655	0
Bradyrhizobium_sp._6(2017)	SRR3714656	3
Bradyrhizobium_sp._6(2017)	SRR3714657	4
Bradyrhizobium_sp._6(2017)	SRR3714658	1
Bradyrhizobium_sp._6(2017)	SRR3714659	0
Bradyrhizobium_sp._6(2017)	SRR3714660	3
Bradyrhizobium_sp._6(2017)	SRR3714661	2
Bradyrhizobium_sp._6(2017)	SRR3714662	1
Bradyrhizobium_sp._6(2017)	SRR3714663	3
Bradyrhizobium_sp._6(2017)	SRR3714664	4
Bradyrhizobium_sp._6(2017)	SRR3714665	3
Bradyrhizobium_sp._6(2017)	SRR3714666	0
Bradyrhizobium_sp._6(2017)	SRR3714667	1
Bradyrhizobium_sp._6(2017)	SRR3714668	0
Bradyrhizobium_sp._6(2017)	SRR3714669	1
Bradyrhizobium_sp._6(2017)	SRR3714670	13
Bradyrhizobium_sp._6(2017)	SRR3714671	3
Bradyrhizobium_sp._6(2017)	SRR3714672	1
Bradyrhizobium_sp._6(2017)	SRR3714673	2
Bradyrhizobium_sp._6(2017)	SRR3714674	1
Bradyrhizobium_sp._6(2017)	SRR3714675	0
Bradyrhizobium_sp._6(2017)	SRR3714676	3
Bradyrhizobium_sp._6(2017)	SRR3714677	9
Bradyrhizobium_sp._6(2017)	SRR3714678	2
Bradyrhizobium_sp._6(2017)	SRR3714679	4
Bradyrhizobium_sp._6(2017)	SRR3714680	1
Bradyrhizobium_sp._6(2017)	SRR3714681	2
Bradyrhizobium_sp._6(2017)	SRR3714682	0
Bradyrhizobium_sp._6(2017)	SRR3714683	2
Bradyrhizobium_sp._6(2017)	SRR3714684	4
Bradyrhizobium_sp._6(2017)	SRR3714685	2
Bradyrhizobium_sp._6(2017)	SRR3714686	1
Bradyrhizobium_sp._6(2017)	SRR3714688	0
Bradyrhizobium_sp._6(2017)	SRR3714689	0
Bradyrhizobium_sp._6(2017)	SRR3714690	4
Bradyrhizobium_sp._6(2017)	SRR3714691	2
Bradyrhizobium_sp._6(2017)	SRR3714692	5
Bradyrhizobium_sp._6(2017)	SRR3714693	3
Bradyrhizobium_sp._6(2017)	SRR3714694	2
Bradyrhizobium_sp._6(2017)	SRR3714695	0
Bradyrhizobium_sp._6(2017)	SRR3714696	4
Bradyrhizobium_sp._6(2017)	SRR3714697	5
Bradyrhizobium_sp._6(2017)	SRR3714698	1
Bradyrhizobium_sp._6(2017)	SRR3714699	1
Bradyrhizobium_sp._6(2017)	SRR3714700	2
Bradyrhizobium_sp._6(2017)	SRR3714701	6
Bradyrhizobium_sp._6(2017)	SRR3714702	0
Bradyrhizobium_sp._6(2017)	SRR3714703	2
Bradyrhizobium_sp._6(2017)	SRR3714704	2
Bradyrhizobium_sp._6(2017)	SRR3714705	15
Bradyrhizobium_sp._6(2017)	SRR3714706	0
Bradyrhizobium_sp._6(2017)	SRR3714707	2
Bradyrhizobium_sp._6(2017)	SRR3714708	2
Bradyrhizobium_sp._6(2017)	SRR3714709	6
Bradyrhizobium_sp._6(2017)	SRR3714710	6
Bradyrhizobium_sp._6(2017)	SRR3714711	0
Bradyrhizobium_sp._6(2017)	SRR3714712	2
Bradyrhizobium_sp._6(2017)	SRR3714713	0
Bradyrhizobium_sp._6(2017)	SRR3714714	8
Bradyrhizobium_sp._6(2017)	SRR3714715	10
Bradyrhizobium_sp._6(2017)	SRR3714716	0
Bradyrhizobium_sp._6(2017)	SRR3714717	0
Bradyrhizobium_sp._6(2017)	SRR3714718	4
Bradyrhizobium_sp._6(2017)	SRR3714719	1
Bradyrhizobium_sp._6(2017)	SRR3714720	3
Bradyrhizobium_sp._6(2017)	SRR3714721	1
Bradyrhizobium_sp._6(2017)	SRR3714723	1
Bradyrhizobium_sp._6(2017)	SRR3714724	11
Bradyrhizobium_sp._6(2017)	SRR3714725	14
Bradyrhizobium_sp._6(2017)	SRR3714726	2
Bradyrhizobium_sp._6(2017)	SRR3714727	0
Bradyrhizobium_sp._6(2017)	SRR3714728	0
Bradyrhizobium_sp._6(2017)	SRR3714729	0
Bradyrhizobium_sp._6(2017)	SRR3714730	1
Bradyrhizobium_sp._6(2017)	SRR3714731	3
Bradyrhizobium_sp._6(2017)	SRR3714732	0
Bradyrhizobium_sp._6(2017)	SRR3714734	1
Bradyrhizobium_sp._6(2017)	SRR3714735	1
Bradyrhizobium_sp._6(2017)	SRR3714736	1
Bradyrhizobium_sp._6(2017)	SRR3714737	1
Bradyrhizobium_sp._6(2017)	SRR3714738	20
Bradyrhizobium_sp._6(2017)	SRR3714739	0
Bradyrhizobium_sp._6(2017)	SRR3714740	5
Bradyrhizobium_sp._6(2017)	SRR3714741	0
Bradyrhizobium_sp._6(2017)	SRR3714744	2
Bradyrhizobium_sp._6(2017)	SRR3714745	17
Bradyrhizobium_sp._6(2017)	SRR3714746	0
Bradyrhizobium_sp._6(2017)	SRR3714747	2
Bradyrhizobium_sp._6(2017)	SRR3714748	3
Bradyrhizobium_sp._6(2017)	SRR3714749	0
Bradyrhizobium_sp._6(2017)	SRR3714750	4
Bradyrhizobium_sp._6(2017)	SRR3714751	0
Bradyrhizobium_sp._6(2017)	SRR3714752	1
Bradyrhizobium_sp._6(2017)	SRR3714753	7
Bradyrhizobium_sp._6(2017)	SRR3714754	0
Bradyrhizobium_sp._6(2017)	SRR3714755	2
Bradyrhizobium_sp._6(2017)	SRR3714756	1
Bradyrhizobium_sp._6(2017)	SRR3714757	0
Bradyrhizobium_sp._6(2017)	SRR3714758	0
Bradyrhizobium_sp._6(2017)	SRR3714759	1
Bradyrhizobium_sp._6(2017)	SRR3714760	0
Bradyrhizobium_sp._6(2017)	SRR3714761	0
Bradyrhizobium_sp._6(2017)	SRR3714762	0
Bradyrhizobium_sp._6(2017)	SRR3714764	0
Bradyrhizobium_sp._6(2017)	SRR3714765	2
Bradyrhizobium_sp._6(2017)	SRR3714766	3
Bradyrhizobium_sp._6(2017)	SRR3714767	4
Bradyrhizobium_sp._6(2017)	SRR3714768	1
Bradyrhizobium_sp._6(2017)	SRR5176628	0
Bradyrhizobium_sp._6(2017)	SRR5176629	0
Bradyrhizobium_sp._6(2017)	SRR5176630	0
Bradyrhizobium_sp._6(2017)	SRR5176631	0
Bradyrhizobium_sp._6(2017)	SRR5176632	0
Bradyrhizobium_sp._6(2017)	SRR5176633	0
Bradyrhizobium_sp._6(2017)	SRR5176634	0
Bradyrhizobium_sp._6(2017)	SRR5176635	0
Bradyrhizobium_sp._6(2017)	SRR5176636	4
Bradyrhizobium_sp._6(2017)	SRR5176637	1
Bradyrhizobium_sp._6(2017)	SRR5176638	0
Bradyrhizobium_sp._6(2017)	SRR5176639	1
Bradyrhizobium_sp._6(2017)	SRR5176640	0
Bradyrhizobium_sp._6(2017)	SRR5176641	0
Bradyrhizobium_sp._6(2017)	SRR5176642	0
Bradyrhizobium_sp._6(2017)	SRR5176643	0
Bradyrhizobium_sp._6(2017)	SRR5176644	0
Bradyrhizobium_sp._6(2017)	SRR5176645	0
Bradyrhizobium_sp._6(2017)	SRR5176646	2
Bradyrhizobium_sp._6(2017)	SRR5176647	0
Bradyrhizobium_sp._6(2017)	SRR5176648	0
Bradyrhizobium_sp._6(2017)	SRR5176649	0
Bradyrhizobium_sp._6(2017)	SRR5176650	0
Bradyrhizobium_sp._6(2017)	SRR5176651	0
Bradyrhizobium_sp._6(2017)	SRR5176652	0
Bradyrhizobium_sp._6(2017)	SRR5176653	1
Bradyrhizobium_sp._6(2017)	SRR5176654	0
Bradyrhizobium_sp._6(2017)	SRR5176655	0
Bradyrhizobium_sp._6(2017)	SRR5176656	0
Bradyrhizobium_sp._6(2017)	SRR5176657	0
Bradyrhizobium_sp._6(2017)	SRR5176658	0
Bradyrhizobium_sp._6(2017)	SRR5176659	0
Bradyrhizobium_sp._6(2017)	SRR5176660	0
Bradyrhizobium_sp._6(2017)	SRR5176661	0
Bradyrhizobium_sp._6(2017)	SRR5176662	0
Bradyrhizobium_sp._6(2017)	SRR5176663	0
Bradyrhizobium_sp._6(2017)	SRR5176664	0
Bradyrhizobium_sp._6(2017)	SRR5176665	0
Bradyrhizobium_sp._6(2017)	SRR5176666	0
Bradyrhizobium_sp._6(2017)	SRR5176667	0
Bradyrhizobium_sp._6(2017)	SRR5176668	0
Bradyrhizobium_sp._6(2017)	SRR5176669	0
Bradyrhizobium_sp._6(2017)	SRR5176670	0
Bradyrhizobium_sp._6(2017)	SRR5176671	0
Bradyrhizobium_sp._6(2017)	SRR5176672	0
Bradyrhizobium_sp._6(2017)	SRR5176673	0
Bradyrhizobium_sp._6(2017)	SRR5176674	0
Bradyrhizobium_sp._6(2017)	SRR5176675	0
Bradyrhizobium_sp._6(2017)	SRR5176676	1
Bradyrhizobium_sp._6(2017)	SRR5176677	0
Bradyrhizobium_sp._6(2017)	SRR5176678	0
Bradyrhizobium_sp._6(2017)	SRR5176679	0
Bradyrhizobium_sp._6(2017)	SRR5176680	0
Bradyrhizobium_sp._6(2017)	SRR5176681	0
Bradyrhizobium_sp._6(2017)	SRR5176682	0
Bradyrhizobium_sp._6(2017)	SRR5176683	0
Bradyrhizobium_sp._6(2017)	SRR5176684	0
Bradyrhizobium_sp._6(2017)	SRR5176685	0
Bradyrhizobium_sp._6(2017)	SRR5176686	0
Bradyrhizobium_sp._6(2017)	SRR5176687	0
Bradyrhizobium_sp._6(2017)	SRR5176688	0
Bradyrhizobium_sp._6(2017)	SRR5176689	0
Bradyrhizobium_sp._6(2017)	SRR5176690	0
Bradyrhizobium_sp._6(2017)	SRR5176691	0
Bradyrhizobium_sp._6(2017)	SRR5176692	0
Bradyrhizobium_sp._6(2017)	SRR5176693	0
Bradyrhizobium_sp._6(2017)	SRR5176694	0
Bradyrhizobium_sp._6(2017)	SRR5176695	0
Bradyrhizobium_sp._6(2017)	SRR5176696	6
Bradyrhizobium_sp._6(2017)	SRR5176697	0
Bradyrhizobium_sp._6(2017)	SRR5176698	1
Bradyrhizobium_sp._6(2017)	SRR5176699	0
Bradyrhizobium_sp._6(2017)	SRR5176700	1
Bradyrhizobium_sp._6(2017)	SRR5176701	0
Bradyrhizobium_sp._6(2017)	SRR5176702	1
Bradyrhizobium_sp._6(2017)	SRR5176703	0
Bradyrhizobium_sp._6(2017)	SRR5176704	0
Bradyrhizobium_sp._6(2017)	SRR5176705	0
Bradyrhizobium_sp._6(2017)	SRR5176706	0
Bradyrhizobium_sp._6(2017)	SRR5176707	0
Bradyrhizobium_sp._6(2017)	SRR5176708	0
Bradyrhizobium_sp._6(2017)	SRR5176709	0
Bradyrhizobium_sp._6(2017)	SRR5176710	0
Bradyrhizobium_sp._6(2017)	SRR5176711	0
Bradyrhizobium_sp._6(2017)	SRR5176712	0
Bradyrhizobium_sp._6(2017)	SRR5176713	0
Bradyrhizobium_sp._6(2017)	SRR5176714	0
Bradyrhizobium_sp._6(2017)	SRR5176715	0
Bradyrhizobium_sp._6(2017)	SRR5176716	0
Bradyrhizobium_sp._6(2017)	SRR5176717	1
Bradyrhizobium_sp._6(2017)	SRR5176718	0
Bradyrhizobium_sp._6(2017)	SRR5176719	0
Bradyrhizobium_sp._6(2017)	SRR5176720	0
Bradyrhizobium_sp._6(2017)	SRR5176721	0
Bradyrhizobium_sp._6(2017)	SRR5176722	0
Bradyrhizobium_sp._6(2017)	SRR5176723	0
Bradyrhizobium_sp._6(2017)	SRR5176724	0
Bradyrhizobium_sp._6(2017)	SRR5176725	0
Bradyrhizobium_sp._6(2017)	SRR5176726	0
Bradyrhizobium_sp._6(2017)	SRR5176727	0
Bradyrhizobium_sp._6(2017)	SRR5176728	0
Bradyrhizobium_sp._6(2017)	SRR5176729	0
Bradyrhizobium_sp._6(2017)	SRR5176730	0
Bradyrhizobium_sp._6(2017)	SRR5176731	0
Bradyrhizobium_sp._6(2017)	SRR5176732	0
Bradyrhizobium_sp._6(2017)	SRR5176733	0
Bradyrhizobium_sp._6(2017)	SRR5176734	0
Bradyrhizobium_sp._6(2017)	SRR5176735	0
Bradyrhizobium_sp._6(2017)	SRR5176736	0
Bradyrhizobium_sp._6(2017)	SRR5176737	0
Bradyrhizobium_sp._6(2017)	SRR5176738	0
Bradyrhizobium_sp._6(2017)	SRR5176739	0
Bradyrhizobium_sp._6(2017)	SRR5176740	0
Bradyrhizobium_sp._6(2017)	SRR5176741	0
Bradyrhizobium_sp._6(2017)	SRR5176742	1
Bradyrhizobium_sp._6(2017)	SRR5176743	0
Bradyrhizobium_sp._6(2017)	SRR5176744	0
Bradyrhizobium_sp._6(2017)	SRR5176745	0
Bradyrhizobium_sp._6(2017)	SRR5176746	0
Bradyrhizobium_sp._6(2017)	SRR5176747	0
Bradyrhizobium_sp._6(2017)	SRR5176748	2
Bradyrhizobium_sp._6(2017)	SRR5176749	0
Bradyrhizobium_sp._6(2017)	SRR5176750	0
Bradyrhizobium_sp._6(2017)	SRR5176751	0
Bradyrhizobium_sp._6(2017)	SRR5176752	0
Bradyrhizobium_sp._6(2017)	SRR5176753	0
Bradyrhizobium_sp._6(2017)	SRR5176754	0
Bradyrhizobium_sp._6(2017)	SRR5176755	0
Bradyrhizobium_sp._6(2017)	SRR5176756	0
Bradyrhizobium_sp._6(2017)	SRR5176757	0
Bradyrhizobium_sp._6(2017)	SRR5176758	0
Bradyrhizobium_sp._6(2017)	SRR5176759	0
Bradyrhizobium_sp._6(2017)	SRR5176760	0
Bradyrhizobium_sp._6(2017)	SRR5176761	0
Bradyrhizobium_sp._6(2017)	SRR5176762	0
Bradyrhizobium_sp._6(2017)	SRR5176763	0
Bradyrhizobium_sp._6(2017)	SRR5176764	0
Bradyrhizobium_sp._6(2017)	SRR5176765	0
Bradyrhizobium_sp._6(2017)	SRR5176766	0
Bradyrhizobium_sp._6(2017)	SRR5176767	0
Bradyrhizobium_sp._6(2017)	SRR5176768	0
Bradyrhizobium_sp._6(2017)	SRR5176769	0
Bradyrhizobium_sp._6(2017)	SRR5176770	0
Bradyrhizobium_sp._6(2017)	SRR5176771	0
Bradyrhizobium_sp._6(2017)	SRR5176772	0
Bradyrhizobium_sp._6(2017)	SRR5176773	0
Bradyrhizobium_sp._6(2017)	SRR5176774	0
Bradyrhizobium_sp._6(2017)	SRR5176775	0
Bradyrhizobium_sp._6(2017)	SRR5176776	0
Bradyrhizobium_sp._6(2017)	SRR5176777	0
Bradyrhizobium_sp._6(2017)	SRR5176778	0
Bradyrhizobium_sp._6(2017)	SRR5176779	0
Bradyrhizobium_sp._6(2017)	SRR5176780	0
Bradyrhizobium_sp._6(2017)	SRR5176781	0
Bradyrhizobium_sp._6(2017)	SRR5176782	0
Bradyrhizobium_sp._6(2017)	SRR5176783	0
Bradyrhizobium_sp._6(2017)	SRR5176784	0
Bradyrhizobium_sp._6(2017)	SRR5176785	0
Bradyrhizobium_sp._6(2017)	SRR5176786	0
Bradyrhizobium_sp._6(2017)	SRR5176787	1
Bradyrhizobium_sp._6(2017)	SRR5176788	0
Bradyrhizobium_sp._6(2017)	SRR5176789	0
Bradyrhizobium_sp._6(2017)	SRR5176790	0
Bradyrhizobium_sp._6(2017)	SRR5176791	0
Bradyrhizobium_sp._6(2017)	SRR5176792	0
Bradyrhizobium_sp._6(2017)	SRR5176793	0
Bradyrhizobium_sp._6(2017)	SRR5176794	0
Bradyrhizobium_sp._6(2017)	SRR5176795	0
Bradyrhizobium_sp._6(2017)	SRR5176796	0
Bradyrhizobium_sp._6(2017)	SRR5176797	0
Bradyrhizobium_sp._6(2017)	SRR5176798	0
Bradyrhizobium_sp._6(2017)	SRR5176799	0
Bradyrhizobium_sp._6(2017)	SRR5176800	0
Bradyrhizobium_sp._6(2017)	SRR5176801	0
Bradyrhizobium_sp._6(2017)	SRR5176802	0
Bradyrhizobium_sp._6(2017)	SRR5176803	0
Bradyrhizobium_sp._6(2017)	SRR5176804	0
Bradyrhizobium_sp._6(2017)	SRR5176805	0
Bradyrhizobium_sp._6(2017)	SRR5176806	4
Bradyrhizobium_sp._6(2017)	SRR5176807	0
Bradyrhizobium_sp._6(2017)	SRR5176808	0
Bradyrhizobium_sp._6(2017)	SRR5176809	0
Bradyrhizobium_sp._6(2017)	SRR5176810	0
Bradyrhizobium_sp._6(2017)	SRR5176811	1
Bradyrhizobium_sp._6(2017)	SRR5176812	0
Bradyrhizobium_sp._6(2017)	SRR5176813	0
Bradyrhizobium_sp._6(2017)	SRR5176814	1
Bradyrhizobium_sp._6(2017)	SRR5176815	0
Bradyrhizobium_sp._6(2017)	SRR5176816	0
Bradyrhizobium_sp._6(2017)	SRR5176817	0
Bradyrhizobium_sp._6(2017)	SRR5176818	2
Bradyrhizobium_sp._6(2017)	SRR5176819	0
Bradyrhizobium_sp._6(2017)	SRR5176820	0
Bradyrhizobium_sp._6(2017)	SRR5176821	0
Bradyrhizobium_sp._6(2017)	SRR5176822	0
Bradyrhizobium_sp._6(2017)	SRR5176823	0
Bradyrhizobium_sp._6(2017)	SRR5176824	0
Bradyrhizobium_sp._6(2017)	SRR5176825	0
Bradyrhizobium_sp._6(2017)	SRR5176826	0
Bradyrhizobium_sp._6(2017)	SRR5176827	1
Bradyrhizobium_sp._6(2017)	SRR5176828	1
Bradyrhizobium_sp._6(2017)	SRR5176829	0
Bradyrhizobium_sp._6(2017)	SRR5176830	0
Bradyrhizobium_sp._6(2017)	SRR5176831	0
Bradyrhizobium_sp._6(2017)	SRR5176832	0
Bradyrhizobium_sp._6(2017)	SRR5176833	0
Bradyrhizobium_sp._6(2017)	SRR5176834	0
Bradyrhizobium_sp._6(2017)	SRR5176835	0
Bradyrhizobium_sp._6(2017)	SRR5176836	0
Bradyrhizobium_sp._6(2017)	SRR5176837	0
Bradyrhizobium_sp._6(2017)	SRR5176838	0
Bradyrhizobium_sp._6(2017)	SRR5176839	0
Bradyrhizobium_sp._6(2017)	SRR5176840	0
Bradyrhizobium_sp._6(2017)	SRR5176841	0
Bradyrhizobium_sp._6(2017)	SRR5176842	0
Bradyrhizobium_sp._6(2017)	SRR5176843	0
Bradyrhizobium_sp._6(2017)	SRR5176844	0
Bradyrhizobium_sp._6(2017)	SRR5176845	0
Bradyrhizobium_sp._6(2017)	SRR5176846	0
Bradyrhizobium_sp._6(2017)	SRR5176847	0
Bradyrhizobium_sp._6(2017)	SRR5176848	0
Bradyrhizobium_sp._6(2017)	SRR5176849	0
Bradyrhizobium_sp._6(2017)	SRR5176850	0
Bradyrhizobium_sp._6(2017)	SRR5176851	0
Bradyrhizobium_sp._6(2017)	SRR5176852	0
Bradyrhizobium_sp._6(2017)	SRR5176853	0
Bradyrhizobium_sp._6(2017)	SRR5176854	0
Bradyrhizobium_sp._6(2017)	SRR5176855	0
Bradyrhizobium_sp._6(2017)	SRR5176856	0
Bradyrhizobium_sp._6(2017)	SRR5176857	0
Bradyrhizobium_sp._6(2017)	SRR5176858	0
Bradyrhizobium_sp._6(2017)	SRR5176859	0
Bradyrhizobium_sp._6(2017)	SRR5176860	0
Bradyrhizobium_sp._6(2017)	SRR5176861	0
Bradyrhizobium_sp._6(2017)	SRR5176862	1
Bradyrhizobium_sp._6(2017)	SRR5176863	0
Bradyrhizobium_sp._6(2017)	SRR5176864	0
Bradyrhizobium_sp._6(2017)	SRR5176865	0
Bradyrhizobium_sp._6(2017)	SRR5176866	0
Bradyrhizobium_sp._6(2017)	SRR5176867	0
Bradyrhizobium_sp._6(2017)	SRR5176868	0
Bradyrhizobium_sp._6(2017)	SRR5176869	0
Bradyrhizobium_sp._6(2017)	SRR5176870	0
Bradyrhizobium_sp._6(2017)	SRR5176871	0
Bradyrhizobium_sp._6(2017)	SRR5176872	0
Bradyrhizobium_sp._6(2017)	SRR5861974	NA
Bradyrhizobium_sp._6(2017)	SRR5861975	NA
Bradyrhizobium_sp._6(2017)	SRR5861976	NA
Bradyrhizobium_sp._6(2017)	SRR5861977	NA
Bradyrhizobium_sp._6(2017)	SRR5861978	NA
Bradyrhizobium_sp._6(2017)	SRR5861979	NA
Bradyrhizobium_sp._6(2017)	SRR5861980	NA
Bradyrhizobium_sp._6(2017)	SRR5861981	NA
Bradyrhizobium_sp._6(2017)	SRR5861982	NA
Bradyrhizobium_sp._6(2017)	SRR5861983	NA
Bradyrhizobium_sp._6(2017)	SRR5861984	NA
Bradyrhizobium_sp._6(2017)	SRR5861985	NA
Bradyrhizobium_sp._6(2017)	SRR5861986	NA
Bradyrhizobium_sp._6(2017)	SRR5861987	NA
Bradyrhizobium_sp._6(2017)	SRR5861988	NA
Bradyrhizobium_sp._6(2017)	SRR5861989	NA
Bradyrhizobium_sp._6(2017)	SRR5861990	NA
Bradyrhizobium_sp._6(2017)	SRR5861991	NA
Bradyrhizobium_sp._6(2017)	SRR5861992	NA
Bradyrhizobium_sp._6(2017)	SRR5861993	NA
Bradyrhizobium_sp._6(2017)	SRR5861994	NA
Bradyrhizobium_sp._6(2017)	SRR5861995	NA
Bradyrhizobium_sp._6(2017)	SRR5861996	NA
Bradyrhizobium_sp._6(2017)	SRR5861997	NA
Bradyrhizobium_sp._6(2017)	SRR5861998	NA
Bradyrhizobium_sp._6(2017)	SRR5861999	NA
Bradyrhizobium_sp._6(2017)	SRR5862000	NA
Bradyrhizobium_sp._6(2017)	SRR5862001	NA
Bradyrhizobium_sp._6(2017)	SRR5862002	NA
Bradyrhizobium_sp._6(2017)	SRR5862003	NA
Bradyrhizobium_sp._6(2017)	SRR5862004	NA
Bradyrhizobium_sp._6(2017)	SRR5862005	NA
Bradyrhizobium_sp._6(2017)	SRR5862006	NA
Bradyrhizobium_sp._6(2017)	SRR5862007	NA
Bradyrhizobium_sp._6(2017)	SRR5862008	NA
Bradyrhizobium_sp._6(2017)	SRR5862009	NA
Bradyrhizobium_sp._6(2017)	SRR5862010	NA
Bradyrhizobium_sp._6(2017)	SRR5862011	NA
Bradyrhizobium_sp._6(2017)	SRR5862012	NA
Bradyrhizobium_sp._6(2017)	SRR5862013	NA
Bradyrhizobium_sp._6(2017)	SRR5862014	NA
Bradyrhizobium_sp._6(2017)	SRR5862015	NA
Bradyrhizobium_sp._6(2017)	SRR5862016	NA
Bradyrhizobium_sp._6(2017)	SRR5862017	NA
Bradyrhizobium_sp._6(2017)	SRR5862018	NA
Bradyrhizobium_sp._6(2017)	SRR5862019	NA
Bradyrhizobium_sp._6(2017)	SRR5862020	NA
Bradyrhizobium_sp._6(2017)	SRR5862021	NA
Bradyrhizobium_sp._6(2017)	SRR5862022	NA
Bradyrhizobium_sp._6(2017)	SRR5862023	NA
Bradyrhizobium_sp._6(2017)	SRR5862024	NA
Bradyrhizobium_sp._6(2017)	SRR5862025	NA
Bradyrhizobium_sp._6(2017)	SRR5862026	NA
Bradyrhizobium_sp._6(2017)	SRR5862027	NA
Bradyrhizobium_sp._6(2017)	SRR5862028	NA
Bradyrhizobium_sp._6(2017)	SRR5862029	NA
Bradyrhizobium_sp._6(2017)	SRR5862030	NA
Bradyrhizobium_sp._6(2017)	SRR5862031	NA
Bradyrhizobium_sp._6(2017)	SRR5862032	NA
Bradyrhizobium_sp._6(2017)	SRR5862033	NA
Bradyrhizobium_sp._6(2017)	SRR5862034	NA
Bradyrhizobium_sp._6(2017)	SRR5862035	NA
Bradyrhizobium_sp._6(2017)	SRR5862036	NA
Bradyrhizobium_sp._6(2017)	SRR5862037	NA
Bradyrhizobium_sp._6(2017)	SRR5862038	NA
Bradyrhizobium_sp._6(2017)	SRR5862039	NA
Bradyrhizobium_sp._6(2017)	SRR5862040	NA
Bradyrhizobium_sp._6(2017)	SRR5862041	NA
Bradyrhizobium_sp._6(2017)	SRR5862042	NA
Bradyrhizobium_sp._6(2017)	SRR5862043	NA
Bradyrhizobium_sp._6(2017)	SRR5862044	NA
Bradyrhizobium_sp._6(2017)	SRR5862045	NA
Bradyrhizobium_sp._6(2017)	SRR5862046	NA
Bradyrhizobium_sp._6(2017)	SRR5862047	NA
Bradyrhizobium_sp._6(2017)	SRR5862048	NA
Bradyrhizobium_sp._6(2017)	SRR5862049	NA
Bradyrhizobium_sp._6(2017)	SRR5862050	NA
Bradyrhizobium_sp._6(2017)	SRR5862051	NA
Bradyrhizobium_sp._6(2017)	SRR5862052	NA
Bradyrhizobium_sp._6(2017)	SRR5862053	NA
Bradyrhizobium_sp._6(2017)	SRR5862054	NA
Bradyrhizobium_sp._6(2017)	SRR5862055	NA
Bradyrhizobium_sp._6(2017)	SRR5862056	NA
Bradyrhizobium_sp._6(2017)	SRR5862057	NA
Bradyrhizobium_sp._6(2017)	SRR5862058	NA
Bradyrhizobium_sp._6(2017)	SRR5862059	NA
Bradyrhizobium_sp._6(2017)	SRR5862060	NA
Bradyrhizobium_sp._6(2017)	SRR5862061	NA
Bradyrhizobium_sp._6(2017)	SRR5862062	NA
Bradyrhizobium_sp._6(2017)	SRR5862063	NA
Bradyrhizobium_sp._6(2017)	SRR5862064	NA
Bradyrhizobium_sp._6(2017)	SRR5862065	NA
Bradyrhizobium_sp._6(2017)	SRR5862066	NA
Bradyrhizobium_sp._6(2017)	SRR5862067	NA
Bradyrhizobium_sp._6(2017)	SRR5862068	NA
Bradyrhizobium_sp._6(2017)	SRR5862069	NA
Bradyrhizobium_sp._6(2017)	SRR5862070	NA
Bradyrhizobium_sp._6(2017)	SRR5862071	NA
Bradyrhizobium_sp._6(2017)	SRR5862072	NA
Bradyrhizobium_sp._6(2017)	SRR5862073	NA
Bradyrhizobium_sp._6(2017)	SRR5862074	NA
Bradyrhizobium_sp._6(2017)	SRR5862075	NA
Bradyrhizobium_sp._6(2017)	SRR5862076	NA
Bradyrhizobium_sp._6(2017)	SRR5862077	NA
Bradyrhizobium_sp._6(2017)	SRR5862078	NA
Bradyrhizobium_sp._6(2017)	SRR5862079	NA
Bradyrhizobium_sp._6(2017)	SRR5862080	NA
Bradyrhizobium_sp._6(2017)	SRR5862081	NA
Bradyrhizobium_sp._6(2017)	SRR5862082	NA
Bradyrhizobium_sp._6(2017)	SRR5862083	NA
Bradyrhizobium_sp._6(2017)	SRR5862084	NA
Bradyrhizobium_sp._6(2017)	SRR5862085	NA
Bradyrhizobium_sp._6(2017)	SRR5862086	NA
Bradyrhizobium_sp._6(2017)	SRR5862087	NA
Bradyrhizobium_sp._6(2017)	SRR5862088	NA
Bradyrhizobium_sp._6(2017)	SRR5862089	NA
Bradyrhizobium_sp._6(2017)	SRR5862090	NA
Bradyrhizobium_sp._6(2017)	SRR5862091	NA
Bradyrhizobium_sp._6(2017)	SRR5862092	NA
Bradyrhizobium_sp._6(2017)	SRR5862093	NA
Bradyrhizobium_sp._6(2017)	SRR5862094	NA
Bradyrhizobium_sp._6(2017)	SRR5862095	NA
Bradyrhizobium_sp._6(2017)	SRR5862096	NA
Bradyrhizobium_sp._6(2017)	SRR5862097	NA
Bradyrhizobium_sp._6(2017)	SRR5862098	NA
Bradyrhizobium_sp._6(2017)	SRR5862099	NA
Bradyrhizobium_sp._6(2017)	SRR5862100	NA
Bradyrhizobium_sp._6(2017)	SRR5862101	NA
Bradyrhizobium_sp._6(2017)	SRR5862102	NA
Bradyrhizobium_sp._6(2017)	SRR5862103	NA
Bradyrhizobium_sp._6(2017)	SRR5862104	NA
Bradyrhizobium_sp._6(2017)	SRR5862105	NA
Bradyrhizobium_sp._6(2017)	SRR5862106	NA
Bradyrhizobium_sp._6(2017)	SRR5862107	NA
Bradyrhizobium_sp._6(2017)	SRR5862108	NA
Bradyrhizobium_sp._6(2017)	SRR5862109	NA
Bradyrhizobium_sp._6(2017)	SRR5862110	NA
Bradyrhizobium_sp._6(2017)	SRR5862111	NA
Bradyrhizobium_sp._6(2017)	SRR5862112	NA
Bradyrhizobium_sp._6(2017)	SRR5862113	NA
Bradyrhizobium_sp._6(2017)	SRR5862114	NA
Bradyrhizobium_sp._6(2017)	SRR5862115	NA
Bradyrhizobium_sp._6(2017)	SRR5862116	NA
Bradyrhizobium_sp._6(2017)	SRR5862117	NA
Bradyrhizobium_sp._6(2017)	SRR5862118	NA
Bradyrhizobium_sp._6(2017)	SRR5862119	NA
Bradyrhizobium_sp._6(2017)	SRR5862120	NA
Bradyrhizobium_sp._6(2017)	SRR5862121	NA
Bradyrhizobium_sp._6(2017)	SRR5862122	NA
Bradyrhizobium_sp._6(2017)	SRR5862123	NA
Bradyrhizobium_sp._6(2017)	SRR5862124	NA
Bradyrhizobium_sp._6(2017)	SRR5862125	NA
Bradyrhizobium_sp._6(2017)	SRR5862126	NA
Bradyrhizobium_sp._6(2017)	SRR5862127	NA
Bradyrhizobium_sp._6(2017)	SRR5862128	NA
Bradyrhizobium_sp._6(2017)	SRR5862129	NA
Bradyrhizobium_sp._6(2017)	SRR5862130	NA
Bradyrhizobium_sp._6(2017)	SRR5862131	NA
Bradyrhizobium_sp._6(2017)	SRR5862132	NA
Bradyrhizobium_sp._6(2017)	SRR5862133	NA
Bradyrhizobium_sp._6(2017)	SRR5862134	NA
Bradyrhizobium_sp._6(2017)	SRR5862135	NA
Bradyrhizobium_sp._6(2017)	SRR5862136	NA
Bradyrhizobium_sp._6(2017)	SRR5862137	NA
Bradyrhizobium_sp._6(2017)	SRR5862138	NA
Bradyrhizobium_sp._6(2017)	SRR5862139	NA
Bradyrhizobium_sp._6(2017)	SRR5862140	NA
Bradyrhizobium_sp._6(2017)	SRR5862141	NA
Bradyrhizobium_sp._6(2017)	SRR5862142	NA
Bradyrhizobium_sp._6(2017)	SRR5862143	NA
Bradyrhizobium_sp._6(2017)	SRR5862144	NA
Bradyrhizobium_sp._6(2017)	SRR5862145	NA
Bradyrhizobium_sp._6(2017)	SRR5862146	NA
Bradyrhizobium_sp._6(2017)	SRR5862147	NA
Bradyrhizobium_sp._6(2017)	SRR5862148	NA
Bradyrhizobium_sp._6(2017)	SRR5862149	NA
Bradyrhizobium_sp._6(2017)	SRR5862150	NA
Bradyrhizobium_sp._6(2017)	SRR5862151	NA
Bradyrhizobium_sp._6(2017)	SRR5862152	NA
Bradyrhizobium_sp._6(2017)	SRR5862153	NA
Bradyrhizobium_sp._6(2017)	SRR5862154	NA
Bradyrhizobium_sp._6(2017)	SRR5862155	NA
Bradyrhizobium_sp._6(2017)	SRR5862156	NA
Bradyrhizobium_sp._6(2017)	SRR5862157	NA
Bradyrhizobium_sp._6(2017)	SRR5862158	NA
Bradyrhizobium_sp._6(2017)	SRR5862159	NA
Bradyrhizobium_sp._6(2017)	SRR5862160	NA
Bradyrhizobium_sp._6(2017)	SRR5862161	NA
Bradyrhizobium_sp._6(2017)	SRR5862162	NA
Bradyrhizobium_sp._6(2017)	SRR5862163	NA
Bradyrhizobium_sp._6(2017)	SRR5862164	NA
Bradyrhizobium_sp._6(2017)	SRR5862165	NA
Bradyrhizobium_sp._6(2017)	SRR5862166	NA
Bradyrhizobium_sp._6(2017)	SRR5862167	NA
Bradyrhizobium_sp._6(2017)	SRR5862168	NA
Bradyrhizobium_sp._6(2017)	SRR5862169	NA
Bradyrhizobium_sp._6(2017)	SRR5862170	NA
Bradyrhizobium_sp._6(2017)	SRR5862171	NA
Bradyrhizobium_sp._6(2017)	SRR5862172	NA
Bradyrhizobium_sp._6(2017)	SRR5862173	NA
Bradyrhizobium_sp._6(2017)	SRR5862174	NA
Bradyrhizobium_sp._6(2017)	SRR5862175	NA
Bradyrhizobium_sp._6(2017)	SRR5862176	NA
Bradyrhizobium_sp._6(2017)	SRR5862177	NA
Bradyrhizobium_sp._6(2017)	SRR5862178	NA
Bradyrhizobium_sp._6(2017)	SRR5862179	NA
Bradyrhizobium_sp._6(2017)	SRR5862180	NA
Bradyrhizobium_sp._6(2017)	SRR5862181	NA
Bradyrhizobium_sp._6(2017)	SRR5862182	NA
Bradyrhizobium_sp._6(2017)	SRR5862183	NA
Bradyrhizobium_sp._6(2017)	SRR5862184	NA
Bradyrhizobium_sp._6(2017)	SRR5862185	NA
Bradyrhizobium_sp._6(2017)	SRR5862186	NA
Bradyrhizobium_sp._6(2017)	SRR5862187	NA
Bradyrhizobium_sp._6(2017)	SRR5862188	NA
Bradyrhizobium_sp._6(2017)	SRR5862189	NA
Bradyrhizobium_sp._6(2017)	SRR5862190	NA
Bradyrhizobium_sp._6(2017)	SRR5862191	NA
Bradyrhizobium_sp._6(2017)	SRR5862192	NA
Bradyrhizobium_sp._6(2017)	SRR5862193	NA
Bradyrhizobium_sp._6(2017)	SRR5862194	NA
Bradyrhizobium_sp._6(2017)	SRR5862195	NA
Bradyrhizobium_sp._6(2017)	SRR5862196	NA
Bradyrhizobium_sp._6(2017)	SRR5862197	NA
Bradyrhizobium_sp._6(2017)	SRR5862198	NA
Bradyrhizobium_sp._6(2017)	SRR5862199	NA
Bradyrhizobium_sp._6(2017)	SRR5862200	NA
Bradyrhizobium_sp._6(2017)	SRR5862201	NA
Bradyrhizobium_sp._6(2017)	SRR5862202	NA
Bradyrhizobium_sp._6(2017)	SRR5862203	NA
Bradyrhizobium_sp._6(2017)	SRR5862204	NA
Bradyrhizobium_sp._6(2017)	SRR5862205	NA
Bradyrhizobium_sp._6(2017)	SRR5862206	NA
Bradyrhizobium_sp._6(2017)	SRR5862207	NA
Bradyrhizobium_sp._6(2017)	SRR5862208	NA
Bradyrhizobium_sp._6(2017)	SRR5862209	NA
Bradyrhizobium_sp._6(2017)	SRR5862210	NA
Bradyrhizobium_sp._6(2017)	SRR5862211	NA
Bradyrhizobium_sp._6(2017)	SRR5862212	NA
Bradyrhizobium_sp._6(2017)	SRR5862213	NA
Bradyrhizobium_sp._6(2017)	SRR5862214	NA
Bradyrhizobium_sp._6(2017)	SRR5862215	NA
Bradyrhizobium_sp._6(2017)	SRR5862216	NA
Bradyrhizobium_sp._6(2017)	SRR5862217	NA
Bradyrhizobium_sp._6(2017)	SRR5862218	NA
Bradyrhizobium_sp._6(2017)	SRR5862219	NA
Bradyrhizobium_sp._6(2017)	SRR5862220	NA
Bradyrhizobium_sp._6(2017)	SRR5862221	NA
Bradyrhizobium_sp._6(2017)	SRR5862222	NA
Bradyrhizobium_sp._6(2017)	SRR5862223	NA
Bradyrhizobium_sp._6(2017)	SRR5862224	NA
Bradyrhizobium_sp._6(2017)	SRR5862225	NA
Bradyrhizobium_sp._6(2017)	SRR5862226	NA
Bradyrhizobium_sp._6(2017)	SRR5862227	NA
Bradyrhizobium_sp._6(2017)	SRR5862228	NA
Bradyrhizobium_sp._6(2017)	SRR5862229	NA
Bradyrhizobium_sp._6(2017)	SRR5862230	NA
Bradyrhizobium_sp._6(2017)	SRR5862231	NA
Bradyrhizobium_sp._6(2017)	SRR5862232	NA
Bradyrhizobium_sp._6(2017)	SRR5862233	NA
Bradyrhizobium_sp._6(2017)	SRR5862234	NA
Bradyrhizobium_sp._6(2017)	SRR5862235	NA
Bradyrhizobium_sp._6(2017)	SRR5862236	NA
Bradyrhizobium_sp._6(2017)	SRR5862237	NA
Bradyrhizobium_sp._6(2017)	SRR5862238	NA
Bradyrhizobium_sp._6(2017)	SRR5862239	NA
Bradyrhizobium_sp._6(2017)	SRR5862240	NA
Bradyrhizobium_sp._6(2017)	SRR5862241	NA
Bradyrhizobium_sp._6(2017)	SRR5862242	NA
Bradyrhizobium_sp._6(2017)	SRR5862243	NA
Bradyrhizobium_sp._6(2017)	SRR5862244	NA
Bradyrhizobium_sp._6(2017)	SRR5862245	NA
Bradyrhizobium_sp._6(2017)	SRR5862246	NA
Bradyrhizobium_sp._6(2017)	SRR5862247	NA
Bradyrhizobium_sp._6(2017)	SRR5862248	NA
Bradyrhizobium_sp._6(2017)	SRR5862249	NA
Bradyrhizobium_sp._6(2017)	SRR5862250	NA
Bradyrhizobium_sp._6(2017)	SRR5862251	NA
Bradyrhizobium_sp._6(2017)	SRR5862252	NA
Bradyrhizobium_sp._6(2017)	SRR5862253	NA
Bradyrhizobium_sp._6(2017)	SRR5862254	NA
Bradyrhizobium_sp._6(2017)	SRR5862255	NA
Bradyrhizobium_sp._6(2017)	SRR5862256	NA
Bradyrhizobium_sp._6(2017)	SRR5862257	NA
Bradyrhizobium_sp._6(2017)	SRR5862258	NA
Bradyrhizobium_sp._6(2017)	SRR5862259	NA
Bradyrhizobium_sp._6(2017)	SRR5862260	NA
Bradyrhizobium_sp._6(2017)	SRR5862261	NA
Bradyrhizobium_sp._6(2017)	SRR5862262	NA
Bradyrhizobium_sp._6(2017)	SRR5862263	NA
Bradyrhizobium_sp._6(2017)	SRR5862264	NA
Bradyrhizobium_sp._6(2017)	SRR5862265	NA
Bradyrhizobium_sp._6(2017)	SRR5862266	NA
Bradyrhizobium_sp._6(2017)	SRR5862267	NA
Bradyrhizobium_sp._6(2017)	SRR5862268	NA
Bradyrhizobium_sp._6(2017)	SRR5862269	NA
Bradyrhizobium_sp._6(2017)	SRR5862270	NA
Bradyrhizobium_sp._6(2017)	SRR5862271	NA
Bradyrhizobium_sp._6(2017)	SRR5862272	NA
Bradyrhizobium_sp._6(2017)	SRR5862273	NA
Bradyrhizobium_sp._6(2017)	SRR5862274	NA
Bradyrhizobium_sp._6(2017)	SRR5862275	NA
Bradyrhizobium_sp._6(2017)	SRR5862276	NA
Bradyrhizobium_sp._6(2017)	SRR5862277	NA
Bradyrhizobium_sp._6(2017)	SRR5949109	0
Bradyrhizobium_sp._6(2017)	SRR5949110	0
Bradyrhizobium_sp._6(2017)	SRR5949111	0
Bradyrhizobium_sp._6(2017)	SRR5949112	0
Bradyrhizobium_sp._6(2017)	SRR5949113	3
Bradyrhizobium_sp._6(2017)	SRR5949114	0
Bradyrhizobium_sp._6(2017)	SRR5949115	0
Bradyrhizobium_sp._6(2017)	SRR5949116	13
Bradyrhizobium_sp._6(2017)	SRR5949117	0
Bradyrhizobium_sp._6(2017)	SRR5949118	0
Bradyrhizobium_sp._6(2017)	SRR5949119	0
Bradyrhizobium_sp._6(2017)	SRR5949120	25
Bradyrhizobium_sp._6(2017)	SRR5949121	0
Bradyrhizobium_sp._6(2017)	SRR5949122	0
Bradyrhizobium_sp._6(2017)	SRR5949123	17
Bradyrhizobium_sp._6(2017)	SRR5949124	0
Bradyrhizobium_sp._6(2017)	SRR5949125	0
Bradyrhizobium_sp._6(2017)	SRR5949126	2
Bradyrhizobium_sp._6(2017)	SRR5949127	0
Bradyrhizobium_sp._6(2017)	SRR5949128	0
Bradyrhizobium_sp._6(2017)	SRR5949129	2
Bradyrhizobium_sp._6(2017)	SRR5949130	0
Bradyrhizobium_sp._6(2017)	SRR5949131	1
Bradyrhizobium_sp._6(2017)	SRR5949132	0
Bradyrhizobium_sp._6(2017)	SRR5949133	1
Bradyrhizobium_sp._6(2017)	SRR5949134	0
Bradyrhizobium_sp._6(2017)	SRR5949135	0
Bradyrhizobium_sp._6(2017)	SRR5949136	0
Bradyrhizobium_sp._6(2017)	SRR5949137	1
Bradyrhizobium_sp._6(2017)	SRR5949138	1
Bradyrhizobium_sp._6(2017)	SRR5949139	0
Bradyrhizobium_sp._6(2017)	SRR5949140	43
Bradyrhizobium_sp._6(2017)	SRR5949141	0
Bradyrhizobium_sp._6(2017)	SRR5949142	0
Bradyrhizobium_sp._6(2017)	SRR5949143	0
Bradyrhizobium_sp._6(2017)	SRR5949144	4
Bradyrhizobium_sp._6(2017)	SRR5949145	4
Bradyrhizobium_sp._6(2017)	SRR5949146	0
Bradyrhizobium_sp._6(2017)	SRR5949147	2
Bradyrhizobium_sp._6(2017)	SRR5949148	2
Bradyrhizobium_sp._6(2017)	SRR5949149	0
Bradyrhizobium_sp._6(2017)	SRR5949150	2
Bradyrhizobium_sp._6(2017)	SRR5949151	0
Bradyrhizobium_sp._6(2017)	SRR5949152	11
Bradyrhizobium_sp._6(2017)	SRR5949153	0
Bradyrhizobium_sp._6(2017)	SRR5949154	1
Bradyrhizobium_sp._6(2017)	SRR5949155	0
Bradyrhizobium_sp._6(2017)	SRR5949156	0
Bradyrhizobium_sp._6(2017)	SRR5949157	0
Bradyrhizobium_sp._6(2017)	SRR5949158	0
Bradyrhizobium_sp._6(2017)	SRR5949159	1
Bradyrhizobium_sp._6(2017)	SRR5949160	15
Bradyrhizobium_sp._6(2017)	SRR5949161	2
Bradyrhizobium_sp._6(2017)	SRR5949162	1
Bradyrhizobium_sp._6(2017)	SRR5949163	0
Bradyrhizobium_sp._6(2017)	SRR5949164	0
Bradyrhizobium_sp._6(2017)	SRR5949165	0
Bradyrhizobium_sp._6(2017)	SRR5949166	1
Bradyrhizobium_sp._6(2017)	SRR5949167	3
Bradyrhizobium_sp._6(2017)	SRR5949168	0
Bradyrhizobium_sp._6(2017)	SRR5949169	11
Bradyrhizobium_sp._6(2017)	SRR5949170	0
Bradyrhizobium_sp._6(2017)	SRR5949171	2
Bradyrhizobium_sp._6(2017)	SRR5949172	1
Bradyrhizobium_sp._6(2017)	SRR5949173	0
Bradyrhizobium_sp._6(2017)	SRR5949174	0
Bradyrhizobium_sp._6(2017)	SRR5949175	0
Bradyrhizobium_sp._6(2017)	SRR5949176	0
Bradyrhizobium_sp._6(2017)	SRR5949177	2
Bradyrhizobium_sp._6(2017)	SRR5949178	0
Bradyrhizobium_sp._6(2017)	SRR5949179	1
Bradyrhizobium_sp._6(2017)	SRR5949180	1
Bradyrhizobium_sp._6(2017)	SRR5949181	0
Bradyrhizobium_sp._6(2017)	SRR5949182	9
Bradyrhizobium_sp._6(2017)	SRR5949183	0
Bradyrhizobium_sp._6(2017)	SRR5949184	0
Bradyrhizobium_sp._6(2017)	SRR5949185	0
Bradyrhizobium_sp._6(2017)	SRR5949186	1
Bradyrhizobium_sp._6(2017)	SRR5949187	4
Bradyrhizobium_sp._6(2017)	SRR5949188	1
Bradyrhizobium_sp._6(2017)	SRR5949189	0
Bradyrhizobium_sp._6(2017)	SRR5949190	3
Bradyrhizobium_sp._6(2017)	SRR5949191	3
Bradyrhizobium_sp._6(2017)	SRR5949192	0
Bradyrhizobium_sp._6(2017)	SRR5949193	1
Bradyrhizobium_sp._6(2017)	SRR5949194	0
Bradyrhizobium_sp._6(2017)	SRR5949195	0
Bradyrhizobium_sp._6(2017)	SRR5949196	4
Bradyrhizobium_sp._6(2017)	SRR5949197	22
Bradyrhizobium_sp._6(2017)	SRR5949198	0
Bradyrhizobium_sp._6(2017)	SRR5949199	0
Bradyrhizobium_sp._6(2017)	SRR5949200	0
Bradyrhizobium_sp._6(2017)	SRR5949201	0
Bradyrhizobium_sp._6(2017)	SRR5949202	2
Bradyrhizobium_sp._6(2017)	SRR5949203	3
Bradyrhizobium_sp._6(2017)	SRR5949204	0
Bradyrhizobium_sp._6(2017)	SRR5949205	0
Bradyrhizobium_sp._6(2017)	SRR5949206	0
Bradyrhizobium_sp._6(2017)	SRR5949207	2
Bradyrhizobium_sp._6(2017)	SRR5949208	2
Bradyrhizobium_sp._6(2017)	SRR5949209	1
Bradyrhizobium_sp._6(2017)	SRR5949210	0
Bradyrhizobium_sp._6(2017)	SRR5949211	0
Bradyrhizobium_sp._6(2017)	SRR5949212	0
Bradyrhizobium_sp._6(2017)	SRR5949213	2
Bradyrhizobium_sp._6(2017)	SRR5949214	1
Bradyrhizobium_sp._6(2017)	SRR5949215	1
Bradyrhizobium_sp._6(2017)	SRR5949216	3
Bradyrhizobium_sp._6(2017)	SRR5949217	1
Bradyrhizobium_sp._6(2017)	SRR5949218	5
Bradyrhizobium_sp._6(2017)	SRR5949219	2
Bradyrhizobium_sp._6(2017)	SRR5949220	2
Bradyrhizobium_sp._6(2017)	SRR5949221	1
Bradyrhizobium_sp._6(2017)	SRR5949222	1
Bradyrhizobium_sp._6(2017)	SRR5949223	0
Bradyrhizobium_sp._6(2017)	SRR5949224	3
Bradyrhizobium_sp._6(2017)	SRR5949225	1
Bradyrhizobium_sp._6(2017)	SRR5949226	1
Bradyrhizobium_sp._6(2017)	SRR5949227	0
Bradyrhizobium_sp._6(2017)	SRR5949228	1
Bradyrhizobium_sp._6(2017)	SRR5949229	0
Bradyrhizobium_sp._6(2017)	SRR5949230	0
Bradyrhizobium_sp._6(2017)	SRR5949231	0
Bradyrhizobium_sp._6(2017)	SRR5949232	0
Bradyrhizobium_sp._6(2017)	SRR5949233	7
Bradyrhizobium_sp._6(2017)	SRR5949234	0
Bradyrhizobium_sp._6(2017)	SRR5949235	0
Bradyrhizobium_sp._6(2017)	SRR5949236	0
Bradyrhizobium_sp._6(2017)	SRR5949237	0
Bradyrhizobium_sp._6(2017)	SRR5949238	0
Bradyrhizobium_sp._6(2017)	SRR5949239	15
Bradyrhizobium_sp._6(2017)	SRR5949240	2
Bradyrhizobium_sp._6(2017)	SRR5949241	0
Bradyrhizobium_sp._6(2017)	SRR5949242	0
Bradyrhizobium_sp._6(2017)	SRR5949243	2
Bradyrhizobium_sp._6(2017)	SRR5949244	1
Bradyrhizobium_sp._6(2017)	SRR5949245	0
Bradyrhizobium_sp._6(2017)	SRR5949246	0
Bradyrhizobium_sp._6(2017)	SRR5949247	0
Bradyrhizobium_sp._6(2017)	SRR5949248	0
Bradyrhizobium_sp._6(2017)	SRR5949249	2
Bradyrhizobium_sp._6(2017)	SRR5949250	0
Bradyrhizobium_sp._6(2017)	SRR5949251	0
Bradyrhizobium_sp._6(2017)	SRR5949252	0
Bradyrhizobium_sp._6(2017)	SRR5949253	9
Bradyrhizobium_sp._6(2017)	SRR5949254	2
Bradyrhizobium_sp._6(2017)	SRR5949255	0
Bradyrhizobium_sp._6(2017)	SRR5949256	7
Bradyrhizobium_sp._6(2017)	SRR5949257	0
Bradyrhizobium_sp._6(2017)	SRR5949258	0
Bradyrhizobium_sp._6(2017)	SRR5949259	0
Bradyrhizobium_sp._6(2017)	SRR5949260	1
Bradyrhizobium_sp._6(2017)	SRR5949261	0
Bradyrhizobium_sp._6(2017)	SRR5949262	0
Bradyrhizobium_sp._6(2017)	SRR5949263	1
Bradyrhizobium_sp._6(2017)	SRR5949264	12
Bradyrhizobium_sp._6(2017)	SRR5949265	0
Bradyrhizobium_sp._6(2017)	SRR5949266	1
Bradyrhizobium_sp._6(2017)	SRR5949267	8
Bradyrhizobium_sp._6(2017)	SRR5949268	0
Bradyrhizobium_sp._6(2017)	SRR5949269	0
Bradyrhizobium_sp._6(2017)	SRR5949270	0
Bradyrhizobium_sp._6(2017)	SRR5949271	5
Bradyrhizobium_sp._6(2017)	SRR5949272	0
Bradyrhizobium_sp._6(2017)	SRR5949273	7
Bradyrhizobium_sp._6(2017)	SRR5949274	0
Bradyrhizobium_sp._6(2017)	SRR5949275	0
Bradyrhizobium_sp._6(2017)	SRR5949276	1
Bradyrhizobium_sp._6(2017)	SRR5949277	1
Bradyrhizobium_sp._6(2017)	SRR5949278	0
Bradyrhizobium_sp._6(2017)	SRR5949279	0
Bradyrhizobium_sp._6(2017)	SRR5949280	76
Bradyrhizobium_sp._6(2017)	SRR5949281	7
Bradyrhizobium_sp._6(2017)	SRR5949282	0
Bradyrhizobium_sp._6(2017)	SRR5949283	5
Bradyrhizobium_sp._6(2017)	SRR5949284	1
Bradyrhizobium_sp._6(2017)	SRR5949285	1
Bradyrhizobium_sp._6(2017)	SRR5949286	0
Bradyrhizobium_sp._6(2017)	SRR5949287	0
Bradyrhizobium_sp._6(2017)	SRR5949288	14
Bradyrhizobium_sp._6(2017)	SRR5949289	0
Bradyrhizobium_sp._6(2017)	SRR5949290	0
Bradyrhizobium_sp._6(2017)	SRR5949291	6
Bradyrhizobium_sp._6(2017)	SRR5949292	0
Bradyrhizobium_sp._6(2017)	SRR5949293	0
Bradyrhizobium_sp._6(2017)	SRR5949294	0
Bradyrhizobium_sp._6(2017)	SRR5949295	21
Bradyrhizobium_sp._6(2017)	SRR5949296	3
Bradyrhizobium_sp._6(2017)	SRR5949297	0
Bradyrhizobium_sp._6(2017)	SRR5949298	0
Bradyrhizobium_sp._6(2017)	SRR5949299	34
Bradyrhizobium_sp._6(2017)	SRR5949300	6
Bradyrhizobium_sp._6(2017)	SRR5949301	0
Bradyrhizobium_sp._6(2017)	SRR5949302	0
Bradyrhizobium_sp._6(2017)	SRR5949303	4
Bradyrhizobium_sp._6(2017)	SRR5949304	8
Bradyrhizobium_sp._6(2017)	SRR5949305	0
Bradyrhizobium_sp._6(2017)	SRR5949306	4
Bradyrhizobium_sp._6(2017)	SRR5949307	2
Bradyrhizobium_sp._6(2017)	SRR5949308	0
Bradyrhizobium_sp._6(2017)	SRR5949309	0
Bradyrhizobium_sp._6(2017)	SRR5949310	0
Bradyrhizobium_sp._6(2017)	SRR5949311	2
Bradyrhizobium_sp._6(2017)	SRR5949312	1
Bradyrhizobium_sp._6(2017)	SRR5949313	0
Bradyrhizobium_sp._6(2017)	SRR5949314	1
Bradyrhizobium_sp._6(2017)	SRR5949315	0
Bradyrhizobium_sp._6(2017)	SRR5949316	4
Bradyrhizobium_sp._6(2017)	SRR5949317	2
Bradyrhizobium_sp._6(2017)	SRR5949318	0
Bradyrhizobium_sp._6(2017)	SRR5949319	0
Bradyrhizobium_sp._6(2017)	SRR5949320	0
Bradyrhizobium_sp._6(2017)	SRR5949321	1
Bradyrhizobium_sp._6(2017)	SRR5949322	6
Bradyrhizobium_sp._6(2017)	SRR5949323	0
Bradyrhizobium_sp._6(2017)	SRR5949324	0
Bradyrhizobium_sp._6(2017)	SRR5949325	1
Bradyrhizobium_sp._6(2017)	SRR5949326	2
Bradyrhizobium_sp._6(2017)	SRR5949327	1
Bradyrhizobium_sp._6(2017)	SRR5949328	17
Bradyrhizobium_sp._6(2017)	SRR5949329	2
Bradyrhizobium_sp._6(2017)	SRR5949330	8
Bradyrhizobium_sp._6(2017)	SRR5949331	1
Bradyrhizobium_sp._6(2017)	SRR5949332	0
Bradyrhizobium_sp._6(2017)	SRR5949333	1
Bradyrhizobium_sp._6(2017)	SRR5949334	1
Bradyrhizobium_sp._6(2017)	SRR5949335	1
Bradyrhizobium_sp._6(2017)	SRR5949336	0
Bradyrhizobium_sp._6(2017)	SRR5949337	0
Bradyrhizobium_sp._6(2017)	SRR5949338	0
Bradyrhizobium_sp._6(2017)	SRR5949339	2
Bradyrhizobium_sp._6(2017)	SRR5949340	0
Bradyrhizobium_sp._6(2017)	SRR5949341	1
Bradyrhizobium_sp._6(2017)	SRR5949342	0
Bradyrhizobium_sp._6(2017)	SRR5949343	0
Bradyrhizobium_sp._6(2017)	SRR5949344	0
Bradyrhizobium_sp._6(2017)	SRR5949345	1
Bradyrhizobium_sp._6(2017)	SRR5949346	0
Bradyrhizobium_sp._6(2017)	SRR5949347	7
Bradyrhizobium_sp._6(2017)	SRR5949348	1
Bradyrhizobium_sp._6(2017)	SRR5949349	0
Bradyrhizobium_sp._6(2017)	SRR5949350	0
Bradyrhizobium_sp._6(2017)	SRR5949351	0
Bradyrhizobium_sp._6(2017)	SRR5949352	4
Bradyrhizobium_sp._6(2017)	SRR5949353	0
Bradyrhizobium_sp._6(2017)	SRR5949354	1
Bradyrhizobium_sp._6(2017)	SRR5949355	9
Bradyrhizobium_sp._6(2017)	SRR5949356	0
Bradyrhizobium_sp._6(2017)	SRR5949357	0
Bradyrhizobium_sp._6(2017)	SRR5949358	0
Bradyrhizobium_sp._6(2017)	SRR5949359	4
Bradyrhizobium_sp._6(2017)	SRR5949360	4
Bradyrhizobium_sp._6(2017)	SRR5949361	0
Bradyrhizobium_sp._6(2017)	SRR5949362	2
Bradyrhizobium_sp._6(2017)	SRR5949363	0
Bradyrhizobium_sp._6(2017)	SRR5949364	0
Bradyrhizobium_sp._6(2017)	SRR5949365	0
Bradyrhizobium_sp._6(2017)	SRR5949366	13
Bradyrhizobium_sp._6(2017)	SRR5949367	0
Bradyrhizobium_sp._6(2017)	SRR5949368	2
Bradyrhizobium_sp._6(2017)	SRR5949369	3
Bradyrhizobium_sp._6(2017)	SRR5949370	0
Bradyrhizobium_sp._6(2017)	SRR5949371	0
Bradyrhizobium_sp._6(2017)	SRR5949372	0
Bradyrhizobium_sp._6(2017)	SRR5949373	0
Bradyrhizobium_sp._6(2017)	SRR5949374	0
Bradyrhizobium_sp._6(2017)	SRR5949375	3
Bradyrhizobium_sp._6(2017)	SRR5949376	0
Bradyrhizobium_sp._6(2017)	SRR5949377	1
Bradyrhizobium_sp._6(2017)	SRR5949378	0
Bradyrhizobium_sp._6(2017)	SRR5949379	1
Bradyrhizobium_sp._6(2017)	SRR5949380	4
Bradyrhizobium_sp._6(2017)	SRR5949381	0
Bradyrhizobium_sp._6(2017)	SRR5949382	3
Bradyrhizobium_sp._6(2017)	SRR5949383	1
Bradyrhizobium_sp._6(2017)	SRR5949384	0
Bradyrhizobium_sp._6(2017)	SRR5949385	0
Bradyrhizobium_sp._6(2017)	SRR5949386	0
Bradyrhizobium_sp._6(2017)	SRR5949387	0
Bradyrhizobium_sp._6(2017)	SRR5949388	1
Bradyrhizobium_sp._6(2017)	SRR5949389	0
Bradyrhizobium_sp._6(2017)	SRR5949390	1
Bradyrhizobium_sp._6(2017)	SRR5949391	1
Bradyrhizobium_sp._6(2017)	SRR5949392	1
Bradyrhizobium_sp._6(2017)	SRR5949393	0
Bradyrhizobium_sp._6(2017)	SRR5949394	0
Bradyrhizobium_sp._6(2017)	SRR5949395	1
Bradyrhizobium_sp._6(2017)	SRR5949396	0
Bradyrhizobium_sp._6(2017)	SRR5949397	1
Bradyrhizobium_sp._6(2017)	SRR5949398	1
Bradyrhizobium_sp._6(2017)	SRR5949399	0
Bradyrhizobium_sp._6(2017)	SRR5949400	0
Bradyrhizobium_sp._6(2017)	SRR5949401	0
Bradyrhizobium_sp._6(2017)	SRR5949402	0
Bradyrhizobium_sp._6(2017)	SRR5949403	0
Bradyrhizobium_sp._6(2017)	SRR5949404	2
Bradyrhizobium_sp._6(2017)	SRR5949405	9
Bradyrhizobium_sp._6(2017)	SRR5949406	5
Bradyrhizobium_sp._6(2017)	SRR5949407	2
Bradyrhizobium_sp._6(2017)	SRR5949408	1
Bradyrhizobium_sp._6(2017)	SRR5949409	5
Bradyrhizobium_sp._6(2017)	SRR5949410	0
Bradyrhizobium_sp._6(2017)	SRR5949411	1
Bradyrhizobium_sp._6(2017)	SRR5949412	1
Bradyrhizobium_sp._6(2017)	SRR5949413	0
Bradyrhizobium_sp._6(2017)	SRR5949414	0
Bradyrhizobium_sp._6(2017)	SRR5949415	2
Bradyrhizobium_sp._6(2017)	SRR5949416	0
Bradyrhizobium_sp._6(2017)	SRR5949417	0
Bradyrhizobium_sp._6(2017)	SRR5949418	0
Bradyrhizobium_sp._6(2017)	SRR5949419	4
Bradyrhizobium_sp._6(2017)	SRR5949420	0
Bradyrhizobium_sp._6(2017)	SRR5949421	1
Bradyrhizobium_sp._6(2017)	SRR5949422	6
Bradyrhizobium_sp._6(2017)	SRR5949423	0
Bradyrhizobium_sp._6(2017)	SRR5949424	0
Bradyrhizobium_sp._6(2017)	SRR5949425	3
Bradyrhizobium_sp._6(2017)	SRR5949426	0
Bradyrhizobium_sp._6(2017)	SRR5949427	0
Bradyrhizobium_sp._6(2017)	SRR5949428	6
Bradyrhizobium_sp._6(2017)	SRR5949429	1
Bradyrhizobium_sp._6(2017)	SRR5949430	3
Bradyrhizobium_sp._6(2017)	SRR5949431	0
Bradyrhizobium_sp._6(2017)	SRR5949432	10
Bradyrhizobium_sp._6(2017)	SRR5949433	0
Bradyrhizobium_sp._6(2017)	SRR5949434	1
Bradyrhizobium_sp._6(2017)	SRR5949435	0
Bradyrhizobium_sp._6(2017)	SRR5949436	1
Bradyrhizobium_sp._6(2017)	SRR5949437	0
Bradyrhizobium_sp._6(2017)	SRR5949438	0
Bradyrhizobium_sp._6(2017)	SRR5949439	0
Bradyrhizobium_sp._6(2017)	SRR5949440	0
Bradyrhizobium_sp._6(2017)	SRR5949441	1
Bradyrhizobium_sp._6(2017)	SRR5949442	0
Bradyrhizobium_sp._6(2017)	SRR5949443	0
Bradyrhizobium_sp._6(2017)	SRR5949444	0
Bradyrhizobium_sp._6(2017)	SRR5949445	0
Bradyrhizobium_sp._6(2017)	SRR5949446	3
Bradyrhizobium_sp._6(2017)	SRR5949447	0
Bradyrhizobium_sp._6(2017)	SRR5949448	0
Bradyrhizobium_sp._6(2017)	SRR5949449	0
Bradyrhizobium_sp._6(2017)	SRR5949450	0
Bradyrhizobium_sp._6(2017)	SRR5949451	0
Bradyrhizobium_sp._6(2017)	SRR5949452	0
Bradyrhizobium_sp._6(2017)	SRR5949453	0
Bradyrhizobium_sp._6(2017)	SRR5949454	1
Bradyrhizobium_sp._6(2017)	SRR5949455	13
Bradyrhizobium_sp._6(2017)	SRR5949456	1
Bradyrhizobium_sp._6(2017)	SRR5949457	0
Bradyrhizobium_sp._6(2017)	SRR5949458	0
Bradyrhizobium_sp._6(2017)	SRR5949459	14
Bradyrhizobium_sp._6(2017)	SRR5949460	0
Bradyrhizobium_sp._6(2017)	SRR5949461	0
Bradyrhizobium_sp._6(2017)	SRR5949462	0
Bradyrhizobium_sp._6(2017)	SRR5949463	0
Bradyrhizobium_sp._6(2017)	SRR5949464	0
Bradyrhizobium_sp._6(2017)	SRR5949465	2
Bradyrhizobium_sp._6(2017)	SRR5949466	2
Bradyrhizobium_sp._6(2017)	SRR5949467	0
Bradyrhizobium_sp._6(2017)	SRR5949468	5
Bradyrhizobium_sp._6(2017)	SRR5949469	0
Bradyrhizobium_sp._6(2017)	SRR5949470	0
Bradyrhizobium_sp._6(2017)	SRR5949471	1
Bradyrhizobium_sp._6(2017)	SRR5949472	3
Bradyrhizobium_sp._6(2017)	SRR5949473	5
Bradyrhizobium_sp._6(2017)	SRR5949474	3
Bradyrhizobium_sp._6(2017)	SRR5949475	0
Bradyrhizobium_sp._6(2017)	SRR5949476	0
Bradyrhizobium_sp._6(2017)	SRR5949477	0
Bradyrhizobium_sp._6(2017)	SRR5949478	0
Bradyrhizobium_sp._6(2017)	SRR5949479	1
Bradyrhizobium_sp._6(2017)	SRR5949480	1
Bradyrhizobium_sp._6(2017)	SRR5949481	11
Bradyrhizobium_sp._6(2017)	SRR5949482	4
Bradyrhizobium_sp._6(2017)	SRR5949483	1
Bradyrhizobium_sp._6(2017)	SRR5949484	0
Bradyrhizobium_sp._6(2017)	SRR5949485	1
Bradyrhizobium_sp._6(2017)	SRR5949486	0
Bradyrhizobium_sp._6(2017)	SRR5949487	2
Bradyrhizobium_sp._6(2017)	SRR5949488	4
Bradyrhizobium_sp._6(2017)	SRR5949489	2
Bradyrhizobium_sp._6(2017)	SRR5949490	5
Bradyrhizobium_sp._6(2017)	SRR5949491	0
Bradyrhizobium_sp._6(2017)	SRR5949492	0
Bradyrhizobium_sp._6(2017)	SRR5949493	0
Bradyrhizobium_sp._6(2017)	SRR5949494	0
Bradyrhizobium_sp._6(2017)	SRR5949495	0
Bradyrhizobium_sp._6(2017)	SRR5949496	16
Bradyrhizobium_sp._6(2017)	SRR5949497	1
Bradyrhizobium_sp._6(2017)	SRR5949498	1
Bradyrhizobium_sp._6(2017)	SRR5949499	7
Bradyrhizobium_sp._6(2017)	SRR5949500	1
Bradyrhizobium_sp._6(2017)	SRR5949501	2
Bradyrhizobium_sp._6(2017)	SRR5949502	0
Bradyrhizobium_sp._6(2017)	SRR5949503	5
Bradyrhizobium_sp._6(2017)	SRR5949504	2
Bradyrhizobium_sp._6(2017)	SRR5949505	0
Bradyrhizobium_sp._6(2017)	SRR5949506	0
Bradyrhizobium_sp._6(2017)	SRR5949507	0
Bradyrhizobium_sp._6(2017)	SRR5949508	2
Bradyrhizobium_sp._6(2017)	SRR5949509	5
Bradyrhizobium_sp._6(2017)	SRR5949510	66
Bradyrhizobium_sp._6(2017)	SRR5949511	0
Bradyrhizobium_sp._6(2017)	SRR5949512	3
Bradyrhizobium_sp._6(2017)	SRR5949513	0
Bradyrhizobium_sp._6(2017)	SRR5949514	1
Bradyrhizobium_sp._6(2017)	SRR5949515	2
Bradyrhizobium_sp._6(2017)	SRR5949516	5
Bradyrhizobium_sp._6(2017)	SRR5949517	1
Bradyrhizobium_sp._6(2017)	SRR5949518	7
Bradyrhizobium_sp._6(2017)	SRR5949519	1
Bradyrhizobium_sp._6(2017)	SRR5949520	0
Bradyrhizobium_sp._6(2017)	SRR5949521	0
Bradyrhizobium_sp._6(2017)	SRR5949522	0
Bradyrhizobium_sp._6(2017)	SRR5949523	7
Bradyrhizobium_sp._6(2017)	SRR5949524	1
Bradyrhizobium_sp._6(2017)	SRR5949525	1
Bradyrhizobium_sp._6(2017)	SRR5949526	0
Bradyrhizobium_sp._6(2017)	SRR5949527	1
Bradyrhizobium_sp._6(2017)	SRR5949528	0
Bradyrhizobium_sp._6(2017)	SRR5949529	2
Bradyrhizobium_sp._6(2017)	SRR5949530	0
Bradyrhizobium_sp._6(2017)	SRR5949531	5
Bradyrhizobium_sp._6(2017)	SRR5949532	0
Bradyrhizobium_sp._6(2017)	SRR5949533	0
Bradyrhizobium_sp._6(2017)	SRR5949534	0
Bradyrhizobium_sp._6(2017)	SRR5949535	0
Bradyrhizobium_sp._6(2017)	SRR5949536	1
Bradyrhizobium_sp._6(2017)	SRR5949537	11
Bradyrhizobium_sp._6(2017)	SRR5949538	0
Bradyrhizobium_sp._6(2017)	SRR5949539	0
Bradyrhizobium_sp._6(2017)	SRR5949540	30
Bradyrhizobium_sp._6(2017)	SRR5949541	0
Bradyrhizobium_sp._6(2017)	SRR5949542	3
Bradyrhizobium_sp._6(2017)	SRR5949543	1
Bradyrhizobium_sp._6(2017)	SRR5949544	5
Bradyrhizobium_sp._6(2017)	SRR5949545	4
Bradyrhizobium_sp._6(2017)	SRR5949546	0
Bradyrhizobium_sp._6(2017)	SRR5949547	0
Bradyrhizobium_sp._6(2017)	SRR5949548	0
Bradyrhizobium_sp._6(2017)	SRR5949549	3
Bradyrhizobium_sp._6(2017)	SRR5949550	0
Bradyrhizobium_sp._6(2017)	SRR5949551	11
Bradyrhizobium_sp._6(2017)	SRR5949552	0
Bradyrhizobium_sp._6(2017)	SRR5949553	3
Bradyrhizobium_sp._6(2017)	SRR5949554	0
Bradyrhizobium_sp._6(2017)	SRR5949555	0
Bradyrhizobium_sp._6(2017)	SRR5949556	0
Bradyrhizobium_sp._6(2017)	SRR5949557	12
Bradyrhizobium_sp._6(2017)	SRR5949558	1
Bradyrhizobium_sp._6(2017)	SRR5949559	8
Bradyrhizobium_sp._6(2017)	SRR5949560	2
Bradyrhizobium_sp._6(2017)	SRR5949561	1
Bradyrhizobium_sp._6(2017)	SRR5949562	2
Bradyrhizobium_sp._6(2017)	SRR5949563	0
Bradyrhizobium_sp._6(2017)	SRR5949564	0
Bradyrhizobium_sp._6(2017)	SRR5949565	0
Bradyrhizobium_sp._6(2017)	SRR5949566	1
Bradyrhizobium_sp._6(2017)	SRR5949567	5
Bradyrhizobium_sp._6(2017)	SRR5949568	0
Bradyrhizobium_sp._6(2017)	SRR5949569	0
Bradyrhizobium_sp._6(2017)	SRR5949570	0
Bradyrhizobium_sp._6(2017)	SRR5949571	0
Bradyrhizobium_sp._6(2017)	SRR5949572	1
Bradyrhizobium_sp._6(2017)	SRR5949573	0
Bradyrhizobium_sp._6(2017)	SRR5949574	3
Bradyrhizobium_sp._6(2017)	SRR5949575	0
Bradyrhizobium_sp._6(2017)	SRR5949576	0
Bradyrhizobium_sp._6(2017)	SRR5949577	0
Bradyrhizobium_sp._6(2017)	SRR5949578	3
Bradyrhizobium_sp._6(2017)	SRR5949579	4
Bradyrhizobium_sp._6(2017)	SRR5949580	0
Bradyrhizobium_sp._6(2017)	SRR5949581	0
Bradyrhizobium_sp._6(2017)	SRR5949582	0
Bradyrhizobium_sp._6(2017)	SRR5949583	0
Bradyrhizobium_sp._6(2017)	SRR5949584	14
Bradyrhizobium_sp._6(2017)	SRR5949585	2
Bradyrhizobium_sp._6(2017)	SRR5949586	2
Bradyrhizobium_sp._6(2017)	SRR5949587	0
Bradyrhizobium_sp._6(2017)	SRR5949588	0
Bradyrhizobium_sp._6(2017)	SRR5949589	0
Bradyrhizobium_sp._6(2017)	SRR5949590	0
Bradyrhizobium_sp._6(2017)	SRR5949591	0
Bradyrhizobium_sp._6(2017)	SRR5949592	3
Bradyrhizobium_sp._6(2017)	SRR5949593	1
Bradyrhizobium_sp._6(2017)	SRR5949594	0
Bradyrhizobium_sp._6(2017)	SRR5949595	7
Bradyrhizobium_sp._6(2017)	SRR5949596	0
Bradyrhizobium_sp._6(2017)	SRR5949597	5
Bradyrhizobium_sp._6(2017)	SRR5949598	1
Bradyrhizobium_sp._6(2017)	SRR5949599	0
Bradyrhizobium_sp._6(2017)	SRR5949600	7
Bradyrhizobium_sp._6(2017)	SRR5949601	5
Bradyrhizobium_sp._6(2017)	SRR5949602	4
Bradyrhizobium_sp._6(2017)	SRR5949603	1
Bradyrhizobium_sp._6(2017)	SRR5949604	0
Bradyrhizobium_sp._6(2017)	SRR5949605	4
Bradyrhizobium_sp._6(2017)	SRR5949606	0
Bradyrhizobium_sp._6(2017)	SRR5949607	0
Bradyrhizobium_sp._6(2017)	SRR5949608	7
Bradyrhizobium_sp._6(2017)	SRR5950246	1
Bradyrhizobium_sp._6(2017)	SRR5950247	1
Bradyrhizobium_sp._6(2017)	SRR5950248	0
Bradyrhizobium_sp._6(2017)	SRR5950249	0
Bradyrhizobium_sp._6(2017)	SRR5950250	0
Bradyrhizobium_sp._6(2017)	SRR5950251	1
Bradyrhizobium_sp._6(2017)	SRR5950252	0
Bradyrhizobium_sp._6(2017)	SRR5950253	2
Bradyrhizobium_sp._6(2017)	SRR5950254	8
Bradyrhizobium_sp._6(2017)	SRR5950255	0
Bradyrhizobium_sp._6(2017)	SRR5950256	0
Bradyrhizobium_sp._6(2017)	SRR5950257	110
Bradyrhizobium_sp._6(2017)	SRR5950258	0
Bradyrhizobium_sp._6(2017)	SRR5950259	39
Bradyrhizobium_sp._6(2017)	SRR5950260	1
Bradyrhizobium_sp._6(2017)	SRR5950261	0
Bradyrhizobium_sp._6(2017)	SRR5950262	2
Bradyrhizobium_sp._6(2017)	SRR5950263	2
Bradyrhizobium_sp._6(2017)	SRR5950264	0
Bradyrhizobium_sp._6(2017)	SRR5950265	8
Bradyrhizobium_sp._6(2017)	SRR5950266	0
Bradyrhizobium_sp._6(2017)	SRR5950267	0
Bradyrhizobium_sp._6(2017)	SRR5950268	0
Bradyrhizobium_sp._6(2017)	SRR5950269	3
Bradyrhizobium_sp._6(2017)	SRR5950270	5
Bradyrhizobium_sp._6(2017)	SRR5950271	0
Bradyrhizobium_sp._6(2017)	SRR5950272	0
Bradyrhizobium_sp._6(2017)	SRR5950273	0
Bradyrhizobium_sp._6(2017)	SRR5950274	0
Bradyrhizobium_sp._6(2017)	SRR5950275	0
Bradyrhizobium_sp._6(2017)	SRR5950276	3
Bradyrhizobium_sp._6(2017)	SRR5950277	2
Bradyrhizobium_sp._6(2017)	SRR5950278	0
Bradyrhizobium_sp._6(2017)	SRR5950279	6
Bradyrhizobium_sp._6(2017)	SRR5950280	9
Bradyrhizobium_sp._6(2017)	SRR5950281	1
Bradyrhizobium_sp._6(2017)	SRR5950282	5
Bradyrhizobium_sp._6(2017)	SRR5950283	4
Bradyrhizobium_sp._6(2017)	SRR5950284	0
Bradyrhizobium_sp._6(2017)	SRR5950285	5
Bradyrhizobium_sp._6(2017)	SRR5950286	3
Bradyrhizobium_sp._6(2017)	SRR5950287	0
Bradyrhizobium_sp._6(2017)	SRR5950288	0
Bradyrhizobium_sp._6(2017)	SRR5950289	2
Bradyrhizobium_sp._6(2017)	SRR5950290	6
Bradyrhizobium_sp._6(2017)	SRR5950291	1
Bradyrhizobium_sp._6(2017)	SRR5950292	2
Bradyrhizobium_sp._6(2017)	SRR5950293	1
Bradyrhizobium_sp._6(2017)	SRR5950294	2
Bradyrhizobium_sp._6(2017)	SRR5950295	1
Bradyrhizobium_sp._6(2017)	SRR5950296	0
Bradyrhizobium_sp._6(2017)	SRR5950297	11
Bradyrhizobium_sp._6(2017)	SRR5950298	4
Bradyrhizobium_sp._6(2017)	SRR5950299	0
Bradyrhizobium_sp._6(2017)	SRR5950300	3
Bradyrhizobium_sp._6(2017)	SRR5950301	9
Bradyrhizobium_sp._6(2017)	SRR5950302	3
Bradyrhizobium_sp._6(2017)	SRR5950303	2
Bradyrhizobium_sp._6(2017)	SRR5950304	18
Bradyrhizobium_sp._6(2017)	SRR5950305	2
Bradyrhizobium_sp._6(2017)	SRR5950306	5
Bradyrhizobium_sp._6(2017)	SRR5950307	3
Bradyrhizobium_sp._6(2017)	SRR5950308	0
Bradyrhizobium_sp._6(2017)	SRR5950309	1
Bradyrhizobium_sp._6(2017)	SRR5950310	1
Bradyrhizobium_sp._6(2017)	SRR5950311	1
Bradyrhizobium_sp._6(2017)	SRR5950312	0
Bradyrhizobium_sp._6(2017)	SRR5950313	0
Bradyrhizobium_sp._6(2017)	SRR5950314	0
Bradyrhizobium_sp._6(2017)	SRR5950315	1
Bradyrhizobium_sp._6(2017)	SRR5950316	0
Bradyrhizobium_sp._6(2017)	SRR5950317	7
Bradyrhizobium_sp._6(2017)	SRR5950318	24
Bradyrhizobium_sp._6(2017)	SRR5950319	3
Bradyrhizobium_sp._6(2017)	SRR5950320	0
Bradyrhizobium_sp._6(2017)	SRR5950321	1
Bradyrhizobium_sp._6(2017)	SRR5950322	6
Bradyrhizobium_sp._6(2017)	SRR5950323	0
Bradyrhizobium_sp._6(2017)	SRR5950324	1
Bradyrhizobium_sp._6(2017)	SRR5950325	0
Bradyrhizobium_sp._6(2017)	SRR5950326	3
Bradyrhizobium_sp._6(2017)	SRR5950327	2
Bradyrhizobium_sp._6(2017)	SRR5950328	1
Bradyrhizobium_sp._6(2017)	SRR5950329	18
Bradyrhizobium_sp._6(2017)	SRR5950330	0
Bradyrhizobium_sp._6(2017)	SRR5950331	1
Bradyrhizobium_sp._6(2017)	SRR5950332	4
Bradyrhizobium_sp._6(2017)	SRR5950333	1
Bradyrhizobium_sp._6(2017)	SRR5950334	1
Bradyrhizobium_sp._6(2017)	SRR5950335	6
Bradyrhizobium_sp._6(2017)	SRR5950336	0
Bradyrhizobium_sp._6(2017)	SRR5950337	0
Bradyrhizobium_sp._6(2017)	SRR5950338	3
Bradyrhizobium_sp._6(2017)	SRR5950339	0
Bradyrhizobium_sp._6(2017)	SRR5950340	0
Bradyrhizobium_sp._6(2017)	SRR5950341	0
Bradyrhizobium_sp._6(2017)	SRR5950342	0
Bradyrhizobium_sp._6(2017)	SRR5950343	0
Bradyrhizobium_sp._6(2017)	SRR5950344	0
Bradyrhizobium_sp._6(2017)	SRR5950345	2
Bradyrhizobium_sp._6(2017)	SRR5950346	3
Bradyrhizobium_sp._6(2017)	SRR5950347	0
Bradyrhizobium_sp._6(2017)	SRR5950348	1
Bradyrhizobium_sp._6(2017)	SRR5950349	9
Bradyrhizobium_sp._6(2017)	SRR5950350	0
Bradyrhizobium_sp._6(2017)	SRR5950351	3
Bradyrhizobium_sp._6(2017)	SRR5950352	0
Bradyrhizobium_sp._6(2017)	SRR5950353	0
Bradyrhizobium_sp._6(2017)	SRR5950354	2
Bradyrhizobium_sp._6(2017)	SRR5950355	0
Bradyrhizobium_sp._6(2017)	SRR5950356	0
Bradyrhizobium_sp._6(2017)	SRR5950357	2
Bradyrhizobium_sp._6(2017)	SRR5950358	1
Bradyrhizobium_sp._6(2017)	SRR5950359	4
Bradyrhizobium_sp._6(2017)	SRR5950360	3
Bradyrhizobium_sp._6(2017)	SRR5950361	0
Bradyrhizobium_sp._6(2017)	SRR5950362	3
Bradyrhizobium_sp._6(2017)	SRR5950363	1
Bradyrhizobium_sp._6(2017)	SRR5950364	0
Bradyrhizobium_sp._6(2017)	SRR5950365	4
Bradyrhizobium_sp._6(2017)	SRR5950366	0
Bradyrhizobium_sp._6(2017)	SRR5950367	1
Bradyrhizobium_sp._6(2017)	SRR5950368	0
Bradyrhizobium_sp._6(2017)	SRR5950369	2
Bradyrhizobium_sp._6(2017)	SRR5950370	2
Bradyrhizobium_sp._6(2017)	SRR5950371	0
Bradyrhizobium_sp._6(2017)	SRR5950372	4
Bradyrhizobium_sp._6(2017)	SRR5950373	0
Bradyrhizobium_sp._6(2017)	SRR5950374	3
Bradyrhizobium_sp._6(2017)	SRR5950375	1
Bradyrhizobium_sp._6(2017)	SRR5950376	0
Bradyrhizobium_sp._6(2017)	SRR5950377	1
Bradyrhizobium_sp._6(2017)	SRR5950378	0
Bradyrhizobium_sp._6(2017)	SRR5950379	3
Bradyrhizobium_sp._6(2017)	SRR5950380	2
Bradyrhizobium_sp._6(2017)	SRR5950381	0
Bradyrhizobium_sp._6(2017)	SRR5950382	15
Bradyrhizobium_sp._6(2017)	SRR5950383	0
Bradyrhizobium_sp._6(2017)	SRR5950384	0
Bradyrhizobium_sp._6(2017)	SRR5950385	0
Bradyrhizobium_sp._6(2017)	SRR5950386	0
Bradyrhizobium_sp._6(2017)	SRR5950387	1
Bradyrhizobium_sp._6(2017)	SRR5950388	0
Bradyrhizobium_sp._6(2017)	SRR5950389	1
Bradyrhizobium_sp._6(2017)	SRR5950390	2
Bradyrhizobium_sp._6(2017)	SRR5950391	0
Bradyrhizobium_sp._6(2017)	SRR5950392	0
Bradyrhizobium_sp._6(2017)	SRR5950393	2
Bradyrhizobium_sp._6(2017)	SRR5950394	2
Bradyrhizobium_sp._6(2017)	SRR5950395	58
Bradyrhizobium_sp._6(2017)	SRR5950396	2
Bradyrhizobium_sp._6(2017)	SRR5950397	40
Bradyrhizobium_sp._6(2017)	SRR5950398	3
Bradyrhizobium_sp._6(2017)	SRR5950399	1
Bradyrhizobium_sp._6(2017)	SRR5950400	0
Bradyrhizobium_sp._6(2017)	SRR5950401	2
Bradyrhizobium_sp._6(2017)	SRR5950402	0
Bradyrhizobium_sp._6(2017)	SRR5950403	1
Bradyrhizobium_sp._6(2017)	SRR5950404	3
Bradyrhizobium_sp._6(2017)	SRR5950405	3
Bradyrhizobium_sp._6(2017)	SRR5950406	0
Bradyrhizobium_sp._6(2017)	SRR5950407	3
Bradyrhizobium_sp._6(2017)	SRR5950408	0
Bradyrhizobium_sp._6(2017)	SRR5950409	2
Bradyrhizobium_sp._6(2017)	SRR5950410	1
Bradyrhizobium_sp._6(2017)	SRR5950411	0
Bradyrhizobium_sp._6(2017)	SRR5950412	0
Bradyrhizobium_sp._6(2017)	SRR5950413	5
Bradyrhizobium_sp._6(2017)	SRR5950414	0
Bradyrhizobium_sp._6(2017)	SRR5950415	11
Bradyrhizobium_sp._6(2017)	SRR5950416	0
Bradyrhizobium_sp._6(2017)	SRR5950417	0
Bradyrhizobium_sp._6(2017)	SRR5950418	0
Bradyrhizobium_sp._6(2017)	SRR5950419	0
Bradyrhizobium_sp._6(2017)	SRR5950420	0
Bradyrhizobium_sp._6(2017)	SRR5950421	0
Bradyrhizobium_sp._6(2017)	SRR5950422	14
Bradyrhizobium_sp._6(2017)	SRR5950423	1
Bradyrhizobium_sp._6(2017)	SRR5950424	0
Bradyrhizobium_sp._6(2017)	SRR5950425	3
Bradyrhizobium_sp._6(2017)	SRR5950426	2
Bradyrhizobium_sp._6(2017)	SRR5950427	0
Bradyrhizobium_sp._6(2017)	SRR5950428	0
Bradyrhizobium_sp._6(2017)	SRR5950429	18
Bradyrhizobium_sp._6(2017)	SRR5950430	0
Bradyrhizobium_sp._6(2017)	SRR5950431	2
Bradyrhizobium_sp._6(2017)	SRR5950432	0
Bradyrhizobium_sp._6(2017)	SRR5950433	3
Bradyrhizobium_sp._6(2017)	SRR5950434	0
Bradyrhizobium_sp._6(2017)	SRR5950435	1
Bradyrhizobium_sp._6(2017)	SRR5950436	0
Bradyrhizobium_sp._6(2017)	SRR5950437	0
Bradyrhizobium_sp._6(2017)	SRR5950438	1
Bradyrhizobium_sp._6(2017)	SRR5950439	46
Bradyrhizobium_sp._6(2017)	SRR5950440	1
Bradyrhizobium_sp._6(2017)	SRR5950441	1
Bradyrhizobium_sp._6(2017)	SRR5950442	0
Bradyrhizobium_sp._6(2017)	SRR5950443	3
Bradyrhizobium_sp._6(2017)	SRR5950444	3
Bradyrhizobium_sp._6(2017)	SRR5950445	6
Bradyrhizobium_sp._6(2017)	SRR5950446	0
Bradyrhizobium_sp._6(2017)	SRR5950447	2
Bradyrhizobium_sp._6(2017)	SRR5950448	3
Bradyrhizobium_sp._6(2017)	SRR5950449	0
Bradyrhizobium_sp._6(2017)	SRR5950450	3
Bradyrhizobium_sp._6(2017)	SRR5950451	0
Bradyrhizobium_sp._6(2017)	SRR5950452	0
Bradyrhizobium_sp._6(2017)	SRR5950453	4
Bradyrhizobium_sp._6(2017)	SRR5950454	0
Bradyrhizobium_sp._6(2017)	SRR5950455	7
Bradyrhizobium_sp._6(2017)	SRR5950456	0
Bradyrhizobium_sp._6(2017)	SRR5950457	1
Bradyrhizobium_sp._6(2017)	SRR5950458	58
Bradyrhizobium_sp._6(2017)	SRR5950459	0
Bradyrhizobium_sp._6(2017)	SRR5950460	3
Bradyrhizobium_sp._6(2017)	SRR5950461	4
Bradyrhizobium_sp._6(2017)	SRR5950462	1
Bradyrhizobium_sp._6(2017)	SRR5950463	0
Bradyrhizobium_sp._6(2017)	SRR5950464	3
Bradyrhizobium_sp._6(2017)	SRR5950465	0
Bradyrhizobium_sp._6(2017)	SRR5950466	0
Bradyrhizobium_sp._6(2017)	SRR5950467	4
Bradyrhizobium_sp._6(2017)	SRR5950468	0
Bradyrhizobium_sp._6(2017)	SRR5950469	0
Bradyrhizobium_sp._6(2017)	SRR5950470	0
Bradyrhizobium_sp._6(2017)	SRR5963912	0
Bradyrhizobium_sp._6(2017)	SRR5963913	0
Bradyrhizobium_sp._6(2017)	SRR5963914	0
Bradyrhizobium_sp._6(2017)	SRR5963915	0
Bradyrhizobium_sp._6(2017)	SRR5963916	0
Bradyrhizobium_sp._6(2017)	SRR5963917	1
Bradyrhizobium_sp._6(2017)	SRR5963918	5
Bradyrhizobium_sp._6(2017)	SRR5963919	1
Bradyrhizobium_sp._6(2017)	SRR5963920	1
Bradyrhizobium_sp._6(2017)	SRR5963921	0
Bradyrhizobium_sp._6(2017)	SRR5963922	1
Bradyrhizobium_sp._6(2017)	SRR5963923	1
Bradyrhizobium_sp._6(2017)	SRR5963924	0
Bradyrhizobium_sp._6(2017)	SRR5963925	5
Bradyrhizobium_sp._6(2017)	SRR5963926	3
Bradyrhizobium_sp._6(2017)	SRR5963927	2
Bradyrhizobium_sp._6(2017)	SRR5963928	1
Bradyrhizobium_sp._6(2017)	SRR5963929	6
Bradyrhizobium_sp._6(2017)	SRR5963930	2
Bradyrhizobium_sp._6(2017)	SRR5963931	0
Bradyrhizobium_sp._6(2017)	SRR5963932	0
Bradyrhizobium_sp._6(2017)	SRR5963933	2
Bradyrhizobium_sp._6(2017)	SRR5963934	92
Bradyrhizobium_sp._6(2017)	SRR5963935	1
Bradyrhizobium_sp._6(2017)	SRR5963936	8
Bradyrhizobium_sp._6(2017)	SRR5963937	0
Bradyrhizobium_sp._6(2017)	SRR5963938	0
Bradyrhizobium_sp._6(2017)	SRR5963939	0
Bradyrhizobium_sp._6(2017)	SRR5963940	1
Bradyrhizobium_sp._6(2017)	SRR5963941	0
Bradyrhizobium_sp._6(2017)	SRR5963942	0
Bradyrhizobium_sp._6(2017)	SRR5963943	2
Bradyrhizobium_sp._6(2017)	SRR5963944	0
Bradyrhizobium_sp._6(2017)	SRR5963945	15
Bradyrhizobium_sp._6(2017)	SRR5963946	0
Bradyrhizobium_sp._6(2017)	SRR5963947	3
Bradyrhizobium_sp._6(2017)	SRR5963948	1
Bradyrhizobium_sp._6(2017)	SRR6467548	NA
Bradyrhizobium_sp._6(2017)	SRR6467549	NA
Bradyrhizobium_sp._6(2017)	SRR6467550	NA
Bradyrhizobium_sp._6(2017)	SRR6467551	NA
Bradyrhizobium_sp._6(2017)	SRR6467552	NA
Bradyrhizobium_sp._6(2017)	SRR6467553	NA
Bradyrhizobium_sp._6(2017)	SRR6467554	NA
Bradyrhizobium_sp._6(2017)	SRR6467555	NA
Bradyrhizobium_sp._6(2017)	SRR6467556	NA
Bradyrhizobium_sp._6(2017)	SRR6467557	NA
Bradyrhizobium_sp._6(2017)	SRR6467558	NA
Bradyrhizobium_sp._6(2017)	SRR6467559	NA
Bradyrhizobium_sp._6(2017)	SRR6467560	NA
Bradyrhizobium_sp._6(2017)	SRR6467561	NA
Bradyrhizobium_sp._6(2017)	SRR6467562	NA
Bradyrhizobium_sp._6(2017)	SRR6467563	NA
Bradyrhizobium_sp._6(2017)	SRR6467564	NA
Bradyrhizobium_sp._6(2017)	SRR6467565	NA
Bradyrhizobium_sp._6(2017)	SRR6467566	NA
Bradyrhizobium_sp._6(2017)	SRR6467567	NA
Bradyrhizobium_sp._6(2017)	SRR6467568	NA
Bradyrhizobium_sp._6(2017)	SRR6467569	NA
Bradyrhizobium_sp._6(2017)	SRR6467570	NA
Bradyrhizobium_sp._6(2017)	SRR6467571	NA
Bradyrhizobium_sp._6(2017)	SRR6467572	NA
Bradyrhizobium_sp._6(2017)	SRR6467573	NA
Bradyrhizobium_sp._6(2017)	SRR6467574	NA
Bradyrhizobium_sp._6(2017)	SRR6467575	NA
Bradyrhizobium_sp._6(2017)	SRR6467576	NA
Bradyrhizobium_sp._6(2017)	SRR6467577	NA
Bradyrhizobium_sp._6(2017)	SRR6467578	NA
Bradyrhizobium_sp._6(2017)	SRR6467579	NA
Bradyrhizobium_sp._6(2017)	SRR6467580	NA
Bradyrhizobium_sp._6(2017)	SRR6467581	NA
Bradyrhizobium_sp._6(2017)	SRR6467582	NA
Bradyrhizobium_sp._6(2017)	SRR6467583	NA
Bradyrhizobium_sp._6(2017)	SRR6467584	NA
Bradyrhizobium_sp._6(2017)	SRR6467585	NA
Bradyrhizobium_sp._6(2017)	SRR6467586	NA
Bradyrhizobium_sp._6(2017)	SRR6467587	NA
Bradyrhizobium_sp._6(2017)	SRR6467588	NA
Bradyrhizobium_sp._6(2017)	SRR6467589	NA
Bradyrhizobium_sp._6(2017)	SRR6467590	NA
Bradyrhizobium_sp._6(2017)	SRR6467591	NA
Bradyrhizobium_sp._6(2017)	SRR6467592	NA
Bradyrhizobium_sp._6(2017)	SRR6467593	NA
Bradyrhizobium_sp._6(2017)	SRR6467594	NA
Bradyrhizobium_sp._6(2017)	SRR6467595	NA
Bradyrhizobium_sp._6(2017)	SRR6467596	NA
Bradyrhizobium_sp._6(2017)	SRR6467597	NA
Bradyrhizobium_sp._6(2017)	SRR6467598	NA
Bradyrhizobium_sp._6(2017)	SRR6467599	NA
Bradyrhizobium_sp._6(2017)	SRR6467600	NA
Bradyrhizobium_sp._6(2017)	SRR6467601	NA
Bradyrhizobium_sp._6(2017)	SRR6467602	NA
Bradyrhizobium_sp._6(2017)	SRR6467603	NA
Bradyrhizobium_sp._6(2017)	SRR6467604	NA
Bradyrhizobium_sp._6(2017)	SRR6467605	NA
Bradyrhizobium_sp._6(2017)	SRR6467606	NA
Bradyrhizobium_sp._6(2017)	SRR6467607	NA
Bradyrhizobium_sp._6(2017)	SRR6467608	NA
Bradyrhizobium_sp._6(2017)	SRR6467609	NA
Bradyrhizobium_sp._6(2017)	SRR6467610	NA
Bradyrhizobium_sp._6(2017)	SRR6467611	NA
Bradyrhizobium_sp._6(2017)	SRR6467612	NA
Bradyrhizobium_sp._6(2017)	SRR6467613	NA
Bradyrhizobium_sp._6(2017)	SRR6467614	NA
Bradyrhizobium_sp._6(2017)	SRR6467615	NA
Bradyrhizobium_sp._6(2017)	SRR6467616	NA
Bradyrhizobium_sp._6(2017)	SRR6467617	NA
Bradyrhizobium_sp._6(2017)	SRR6467618	NA
Bradyrhizobium_sp._6(2017)	SRR6467619	NA
Bradyrhizobium_sp._6(2017)	SRR6467620	NA
Bradyrhizobium_sp._6(2017)	SRR6467621	NA
Bradyrhizobium_sp._6(2017)	SRR6467622	NA
Bradyrhizobium_sp._6(2017)	SRR6467623	NA
Bradyrhizobium_sp._6(2017)	SRR6467624	NA
Bradyrhizobium_sp._6(2017)	SRR6467625	NA
Bradyrhizobium_sp._6(2017)	SRR6467626	NA
Bradyrhizobium_sp._6(2017)	SRR6467627	NA
Bradyrhizobium_sp._6(2017)	SRR6467628	NA
Bradyrhizobium_sp._6(2017)	SRR6467629	NA
Bradyrhizobium_sp._6(2017)	SRR6467630	NA
Bradyrhizobium_sp._6(2017)	SRR6467631	NA
Bradyrhizobium_sp._6(2017)	SRR6467632	NA
Bradyrhizobium_sp._6(2017)	SRR6467633	NA
Bradyrhizobium_sp._6(2017)	SRR6467634	NA
Bradyrhizobium_sp._6(2017)	SRR6467635	NA
Bradyrhizobium_sp._6(2017)	SRR6467636	NA
Bradyrhizobium_sp._6(2017)	SRR6467637	NA
Bradyrhizobium_sp._6(2017)	SRR6467638	NA
Bradyrhizobium_sp._6(2017)	SRR6467639	NA
Bradyrhizobium_sp._6(2017)	SRR6467640	NA
Bradyrhizobium_sp._6(2017)	SRR6467641	NA
Bradyrhizobium_sp._6(2017)	SRR6467642	NA
Bradyrhizobium_sp._6(2017)	SRR6467643	NA
Bradyrhizobium_sp._6(2017)	SRR6467644	NA
Bradyrhizobium_sp._6(2017)	SRR6467645	NA
Bradyrhizobium_sp._6(2017)	SRR6467646	NA
Bradyrhizobium_sp._6(2017)	SRR6467647	NA
Bradyrhizobium_sp._6(2017)	SRR6467648	NA
Bradyrhizobium_sp._6(2017)	SRR6467649	NA
Bradyrhizobium_sp._6(2017)	SRR6467650	NA
Bradyrhizobium_sp._6(2017)	SRR6467651	NA
Bradyrhizobium_sp._6(2017)	SRR6467652	NA
Bradyrhizobium_sp._6(2017)	SRR6467653	NA
Bradyrhizobium_sp._6(2017)	SRR6467654	NA
Bradyrhizobium_sp._6(2017)	SRR6467655	NA
Bradyrhizobium_sp._6(2017)	SRR6467656	NA
Bradyrhizobium_sp._6(2017)	SRR6467657	NA
Bradyrhizobium_sp._6(2017)	SRR6467658	NA
Bradyrhizobium_sp._6(2017)	SRR6467659	NA
Bradyrhizobium_sp._6(2017)	SRR6467660	NA
Bradyrhizobium_sp._6(2017)	SRR6467661	NA
Bradyrhizobium_sp._6(2017)	SRR6467662	NA
Bradyrhizobium_sp._6(2017)	SRR6467663	NA
Bradyrhizobium_sp._6(2017)	SRR6467664	NA
Bradyrhizobium_sp._6(2017)	SRR6467665	NA
Bradyrhizobium_sp._6(2017)	SRR6467666	NA
Bradyrhizobium_sp._6(2017)	SRR6467667	NA
Bradyrhizobium_sp._6(2017)	SRR6467668	NA
Bradyrhizobium_sp._6(2017)	SRR6467669	NA
Bradyrhizobium_sp._6(2017)	SRR6467670	NA
Bradyrhizobium_sp._6(2017)	SRR6467671	NA
Bradyrhizobium_sp._6(2017)	SRR6467672	NA
Bradyrhizobium_sp._6(2017)	SRR6467673	NA
Bradyrhizobium_sp._6(2017)	SRR6467674	NA
Bradyrhizobium_sp._6(2017)	SRR6467675	NA
Bradyrhizobium_sp._6(2017)	SRR6467676	NA
Bradyrhizobium_sp._6(2017)	SRR6467677	NA
Bradyrhizobium_sp._6(2017)	SRR6467678	NA
Bradyrhizobium_sp._6(2017)	SRR6467679	NA
Bradyrhizobium_sp._6(2017)	SRR6467680	NA
Bradyrhizobium_sp._6(2017)	SRR6467681	NA
Bradyrhizobium_sp._6(2017)	SRR6467682	NA
Bradyrhizobium_sp._6(2017)	SRR6467683	NA
Bradyrhizobium_sp._6(2017)	SRR6467684	NA
Bradyrhizobium_sp._6(2017)	SRR6467685	NA
Bradyrhizobium_sp._6(2017)	SRR6467686	NA
Bradyrhizobium_sp._6(2017)	SRR6467687	NA
Bradyrhizobium_sp._6(2017)	SRR6467688	NA
Bradyrhizobium_sp._6(2017)	SRR6467689	NA
Bradyrhizobium_sp._6(2017)	SRR6467690	NA
Bradyrhizobium_sp._6(2017)	SRR6467691	NA
Bradyrhizobium_sp._6(2017)	SRR6467692	NA
Bradyrhizobium_sp._6(2017)	SRR6467693	NA
Bradyrhizobium_sp._6(2017)	SRR6467694	NA
Bradyrhizobium_sp._6(2017)	SRR6467695	NA
Bradyrhizobium_sp._6(2017)	SRR6467696	NA
Bradyrhizobium_sp._6(2017)	SRR6467697	NA
Bradyrhizobium_sp._6(2017)	SRR6467698	NA
Bradyrhizobium_sp._6(2017)	SRR6467699	NA
Bradyrhizobium_sp._6(2017)	SRR6467700	NA
Bradyrhizobium_sp._6(2017)	SRR6467701	NA
Bradyrhizobium_sp._6(2017)	SRR6467702	NA
Bradyrhizobium_sp._6(2017)	SRR6467703	NA
Bradyrhizobium_sp._6(2017)	SRR6467704	NA
Bradyrhizobium_sp._6(2017)	SRR6467705	NA
Bradyrhizobium_sp._6(2017)	SRR6467706	NA
Bradyrhizobium_sp._6(2017)	SRR6467707	NA
Bradyrhizobium_sp._6(2017)	SRR6467708	NA
Bradyrhizobium_sp._6(2017)	SRR6467709	NA
Bradyrhizobium_sp._6(2017)	SRR6467710	NA
Bradyrhizobium_sp._6(2017)	SRR6467711	NA
Bradyrhizobium_sp._6(2017)	SRR6467712	NA
Bradyrhizobium_sp._6(2017)	SRR6467713	NA
Bradyrhizobium_sp._6(2017)	SRR6467714	NA
Bradyrhizobium_sp._6(2017)	SRR6467715	NA
Bradyrhizobium_sp._6(2017)	SRR6467716	NA
Bradyrhizobium_sp._6(2017)	SRR6467717	NA
Bradyrhizobium_sp._6(2017)	SRR6467718	NA
Bradyrhizobium_sp._6(2017)	SRR6467719	NA
Bradyrhizobium_sp._6(2017)	SRR6467720	NA
Bradyrhizobium_sp._6(2017)	SRR6467721	NA
Bradyrhizobium_sp._6(2017)	SRR6467722	NA
Bradyrhizobium_sp._6(2017)	SRR6467723	NA
Bradyrhizobium_sp._6(2017)	SRR6467724	NA
Bradyrhizobium_sp._6(2017)	SRR6467725	NA
Bradyrhizobium_sp._6(2017)	SRR6467726	NA
Bradyrhizobium_sp._6(2017)	SRR6467727	NA
Bradyrhizobium_sp._6(2017)	SRR6467728	NA
Bradyrhizobium_sp._6(2017)	SRR6467729	NA
Bradyrhizobium_sp._6(2017)	SRR6467730	NA
Bradyrhizobium_sp._6(2017)	SRR6467731	NA
Bradyrhizobium_sp._6(2017)	SRR6467732	NA
Bradyrhizobium_sp._6(2017)	SRR6467733	NA
Bradyrhizobium_sp._6(2017)	SRR6467734	NA
Bradyrhizobium_sp._6(2017)	SRR6467735	NA
Bradyrhizobium_sp._6(2017)	SRR6467736	NA
Bradyrhizobium_sp._6(2017)	SRR6467737	NA
Bradyrhizobium_sp._6(2017)	SRR6467738	NA
Bradyrhizobium_sp._6(2017)	SRR6467739	NA
Bradyrhizobium_sp._6(2017)	SRR6467740	NA
Bradyrhizobium_sp._6(2017)	SRR6467741	NA
Bradyrhizobium_sp._6(2017)	SRR6467742	NA
Bradyrhizobium_sp._6(2017)	SRR6467743	NA
Bradyrhizobium_sp._6(2017)	SRR6467744	NA
Bradyrhizobium_sp._6(2017)	SRR6467745	NA
Bradyrhizobium_sp._6(2017)	SRR6467746	NA
Bradyrhizobium_sp._6(2017)	SRR6467747	NA
Bradyrhizobium_sp._6(2017)	SRR6467748	NA
Bradyrhizobium_sp._6(2017)	SRR6467749	NA
Bradyrhizobium_sp._6(2017)	SRR6467750	NA
Bradyrhizobium_sp._6(2017)	SRR6467751	NA
Bradyrhizobium_sp._6(2017)	SRR6467752	NA
Bradyrhizobium_sp._6(2017)	SRR6467753	NA
Bradyrhizobium_sp._6(2017)	SRR6467754	NA
Bradyrhizobium_sp._6(2017)	SRR6467755	NA
Bradyrhizobium_sp._6(2017)	SRR6467756	NA
Bradyrhizobium_sp._6(2017)	SRR6467757	NA
Bradyrhizobium_sp._6(2017)	SRR6467758	NA
Bradyrhizobium_sp._6(2017)	SRR6467759	NA
Bradyrhizobium_sp._6(2017)	SRR6467760	NA
Bradyrhizobium_sp._6(2017)	SRR6467761	NA
Bradyrhizobium_sp._6(2017)	SRR6467762	NA
Bradyrhizobium_sp._6(2017)	SRR6467763	NA
Bradyrhizobium_sp._6(2017)	SRR6467764	NA
Bradyrhizobium_sp._6(2017)	SRR6467765	NA
Bradyrhizobium_sp._6(2017)	SRR6467766	NA
Bradyrhizobium_sp._6(2017)	SRR6467767	NA
Bradyrhizobium_sp._6(2017)	SRR6467768	NA
Bradyrhizobium_sp._6(2017)	SRR6467769	NA
Bradyrhizobium_sp._6(2017)	SRR6467770	NA
Bradyrhizobium_sp._6(2017)	SRR6467771	NA
Bradyrhizobium_sp._6(2017)	SRR6467772	NA
Bradyrhizobium_sp._6(2017)	SRR6467773	NA
Bradyrhizobium_sp._6(2017)	SRR6868540	NA
Bradyrhizobium_sp._6(2017)	SRR6868541	NA
Bradyrhizobium_sp._6(2017)	SRR6868542	NA
Bradyrhizobium_sp._6(2017)	SRR6868543	NA
Bradyrhizobium_sp._6(2017)	SRR6868544	NA
Bradyrhizobium_sp._6(2017)	SRR6868545	NA
Bradyrhizobium_sp._6(2017)	SRR6868546	NA
Bradyrhizobium_sp._6(2017)	SRR6868557	NA
Bradyrhizobium_sp._6(2017)	SRR6868558	NA
Bradyrhizobium_sp._6(2017)	SRR6868559	NA
Bradyrhizobium_sp._6(2017)	SRR6868560	NA
Bradyrhizobium_sp._6(2017)	SRR6868569	NA
Bradyrhizobium_sp._6(2017)	SRR6868570	NA
Bradyrhizobium_sp._6(2017)	SRR6868571	NA
Bradyrhizobium_sp._6(2017)	SRR6868572	NA
Bradyrhizobium_sp._6(2017)	SRR6868573	NA
Bradyrhizobium_sp._6(2017)	SRR6868574	NA
Bradyrhizobium_sp._6(2017)	SRR6868575	NA
Bradyrhizobium_sp._6(2017)	SRR6868576	NA
Bradyrhizobium_sp._6(2017)	SRR6868577	NA
Bradyrhizobium_sp._6(2017)	SRR6868578	NA
Bradyrhizobium_sp._6(2017)	SRR6868579	NA
Bradyrhizobium_sp._6(2017)	SRR6868580	NA
Bradyrhizobium_sp._6(2017)	SRR6868581	NA
Bradyrhizobium_sp._6(2017)	SRR6868582	NA
Bradyrhizobium_sp._6(2017)	SRR6868585	NA
Bradyrhizobium_sp._6(2017)	SRR6868586	NA
Bradyrhizobium_sp._6(2017)	SRR6868587	NA
Bradyrhizobium_sp._6(2017)	SRR6868588	NA
Bradyrhizobium_sp._6(2017)	SRR6868589	NA
Bradyrhizobium_sp._6(2017)	SRR6868590	NA
Bradyrhizobium_sp._6(2017)	SRR6868591	NA
Bradyrhizobium_sp._6(2017)	SRR6868604	NA
Bradyrhizobium_sp._6(2017)	SRR6868605	NA
Bradyrhizobium_sp._6(2017)	SRR6868606	NA
Bradyrhizobium_sp._6(2017)	SRR6868607	NA
Bradyrhizobium_sp._6(2017)	SRR6868608	NA
Bradyrhizobium_sp._6(2017)	SRR6868609	NA
Bradyrhizobium_sp._6(2017)	SRR6868610	NA
Bradyrhizobium_sp._6(2017)	SRR6868620	NA
Bradyrhizobium_sp._6(2017)	SRR6868621	NA
Bradyrhizobium_sp._6(2017)	SRR6868622	NA
Bradyrhizobium_sp._6(2017)	SRR6868623	NA
Bradyrhizobium_sp._6(2017)	SRR6868636	NA
Bradyrhizobium_sp._6(2017)	SRR6868637	NA
Bradyrhizobium_sp._6(2017)	SRR6868638	NA
Bradyrhizobium_sp._6(2017)	SRR6868639	NA
Bradyrhizobium_sp._6(2017)	SRR6868650	NA
Bradyrhizobium_sp._6(2017)	SRR6868651	NA
Bradyrhizobium_sp._6(2017)	SRR6868652	NA
Bradyrhizobium_sp._6(2017)	SRR6868653	NA
Bradyrhizobium_sp._6(2017)	SRR6868654	NA
Bradyrhizobium_sp._6(2017)	SRR6868655	NA
Bradyrhizobium_sp._6(2017)	SRR6868665	NA
Bradyrhizobium_sp._6(2017)	SRR6868666	NA
Bradyrhizobium_sp._6(2017)	SRR6868667	NA
Bradyrhizobium_sp._6(2017)	SRR6868668	NA
Bradyrhizobium_sp._6(2017)	SRR6868669	NA
Bradyrhizobium_sp._6(2017)	SRR6868670	NA
Bradyrhizobium_sp._6(2017)	SRR6868671	NA
Bradyrhizobium_sp._6(2017)	SRR6868683	NA
Bradyrhizobium_sp._6(2017)	SRR6868684	NA
Bradyrhizobium_sp._6(2017)	SRR6868685	NA
Bradyrhizobium_sp._6(2017)	SRR6868686	NA
Bradyrhizobium_sp._6(2017)	SRR6868687	NA
Bradyrhizobium_sp._6(2017)	SRR6868688	NA
Bradyrhizobium_sp._6(2017)	SRR6868689	NA
Bradyrhizobium_sp._6(2017)	SRR6868698	NA
Bradyrhizobium_sp._6(2017)	SRR6868699	NA
Bradyrhizobium_sp._6(2017)	SRR6868700	NA
Bradyrhizobium_sp._6(2017)	SRR6868701	NA
Bradyrhizobium_sp._6(2017)	SRR6868702	NA
Bradyrhizobium_sp._6(2017)	SRR6868713	NA
Bradyrhizobium_sp._6(2017)	SRR6868714	NA
Bradyrhizobium_sp._6(2017)	SRR6868715	NA
Bradyrhizobium_sp._6(2017)	SRR6868716	NA
Bradyrhizobium_sp._6(2017)	SRR6868717	NA
Bradyrhizobium_sp._6(2017)	SRR6868718	NA
Bradyrhizobium_sp._6(2017)	SRR6868719	NA
Bradyrhizobium_sp._6(2017)	SRR6868720	NA
Bradyrhizobium_sp._6(2017)	SRR6868721	NA
Bradyrhizobium_sp._6(2017)	SRR6868722	NA
Bradyrhizobium_sp._6(2017)	SRR6868723	NA
Bradyrhizobium_sp._6(2017)	SRR6868724	NA
Bradyrhizobium_sp._6(2017)	SRR6868725	NA
Bradyrhizobium_sp._6(2017)	SRR6868726	NA
Bradyrhizobium_sp._6(2017)	SRR6868741	NA
Bradyrhizobium_sp._6(2017)	SRR7632756	NA
Bradyrhizobium_sp._6(2017)	SRR7632757	NA
Bradyrhizobium_sp._6(2017)	SRR7632758	NA
Bradyrhizobium_sp._6(2017)	SRR7632759	NA
Bradyrhizobium_sp._6(2017)	SRR7632760	NA
Bradyrhizobium_sp._6(2017)	SRR7632761	NA
Bradyrhizobium_sp._6(2017)	SRR7632762	NA
Bradyrhizobium_sp._6(2017)	SRR7632763	NA
Bradyrhizobium_sp._6(2017)	SRR7632764	NA
Bradyrhizobium_sp._6(2017)	SRR7632765	NA
Bradyrhizobium_sp._6(2017)	SRR7632766	NA
Bradyrhizobium_sp._6(2017)	SRR7632767	NA
Bradyrhizobium_sp._6(2017)	SRR7632768	NA
Bradyrhizobium_sp._6(2017)	SRR7632769	NA
Bradyrhizobium_sp._6(2017)	SRR7632770	NA
Bradyrhizobium_sp._6(2017)	SRR7632771	NA
Bradyrhizobium_sp._6(2017)	SRR7632772	NA
Bradyrhizobium_sp._6(2017)	SRR7632773	NA
Bradyrhizobium_sp._6(2017)	SRR7632774	NA
Bradyrhizobium_sp._6(2017)	SRR7632775	NA
Bradyrhizobium_sp._6(2017)	SRR7632776	NA
Bradyrhizobium_sp._6(2017)	SRR7632777	NA
Bradyrhizobium_sp._6(2017)	SRR7632778	NA
Bradyrhizobium_sp._6(2017)	SRR7632779	NA
Bradyrhizobium_sp._6(2017)	SRR7632780	NA
Bradyrhizobium_sp._6(2017)	SRR7632781	NA
Bradyrhizobium_sp._6(2017)	SRR7632782	NA
Bradyrhizobium_sp._6(2017)	SRR7632783	NA
Bradyrhizobium_sp._6(2017)	SRR7632784	NA
Bradyrhizobium_sp._6(2017)	SRR7632785	NA
Bradyrhizobium_sp._6(2017)	SRR7632786	NA
Bradyrhizobium_sp._6(2017)	SRR7632787	NA
Bradyrhizobium_sp._6(2017)	SRR7632788	NA
Bradyrhizobium_sp._6(2017)	SRR7632789	NA
Bradyrhizobium_sp._6(2017)	SRR7632790	NA
Bradyrhizobium_sp._6(2017)	SRR7632791	NA
Bradyrhizobium_sp._6(2017)	SRR7632792	NA
Bradyrhizobium_sp._6(2017)	SRR7632793	NA
Bradyrhizobium_sp._6(2017)	SRR7632794	NA
Bradyrhizobium_sp._6(2017)	SRR7632795	NA
Bradyrhizobium_sp._6(2017)	SRR7632796	NA
Bradyrhizobium_sp._6(2017)	SRR7632797	NA
Bradyrhizobium_sp._6(2017)	SRR7632798	NA
Bradyrhizobium_sp._6(2017)	SRR7632799	NA
Bradyrhizobium_sp._6(2017)	SRR7632800	NA
Bradyrhizobium_sp._6(2017)	SRR7632801	NA
Bradyrhizobium_sp._6(2017)	SRR7632802	NA
Bradyrhizobium_sp._6(2017)	SRR7632803	NA
Bradyrhizobium_sp._6(2017)	SRR7632804	NA
Bradyrhizobium_sp._6(2017)	SRR7632805	NA
Bradyrhizobium_sp._6(2017)	SRR7632806	NA
Bradyrhizobium_sp._6(2017)	SRR7632807	NA
Bradyrhizobium_sp._6(2017)	SRR7632808	NA
Bradyrhizobium_sp._6(2017)	SRR7632809	NA
Bradyrhizobium_sp._6(2017)	SRR7632810	NA
Bradyrhizobium_sp._6(2017)	SRR7632811	NA
Bradyrhizobium_sp._6(2017)	SRR7632812	NA
Bradyrhizobium_sp._6(2017)	SRR7632813	NA
Bradyrhizobium_sp._6(2017)	SRR7632814	NA
Bradyrhizobium_sp._6(2017)	SRR7632815	NA
Bradyrhizobium_sp._6(2017)	SRR7632816	NA
Bradyrhizobium_sp._6(2017)	SRR7632817	NA
Bradyrhizobium_sp._6(2017)	SRR7632818	NA
Bradyrhizobium_sp._6(2017)	SRR7632819	NA
Bradyrhizobium_sp._6(2017)	SRR7632820	NA
Bradyrhizobium_sp._6(2017)	SRR7632821	NA
Bradyrhizobium_sp._6(2017)	SRR7632822	NA
Bradyrhizobium_sp._6(2017)	SRR7632823	NA
Bradyrhizobium_sp._6(2017)	SRR7632824	NA
Bradyrhizobium_sp._6(2017)	SRR7632825	NA
Bradyrhizobium_sp._6(2017)	SRR7632826	NA
Bradyrhizobium_sp._6(2017)	SRR7632827	NA
Bradyrhizobium_sp._6(2017)	SRR7632828	NA
Bradyrhizobium_sp._6(2017)	SRR7632829	NA
Bradyrhizobium_sp._6(2017)	SRR7632830	NA
Bradyrhizobium_sp._6(2017)	SRR7632831	NA
Bradyrhizobium_sp._6(2017)	SRR7632832	NA
Bradyrhizobium_sp._6(2017)	SRR7632833	NA
Bradyrhizobium_sp._6(2017)	SRR7632834	NA
Bradyrhizobium_sp._6(2017)	SRR7632835	NA
Bradyrhizobium_sp._6(2017)	SRR7632836	NA
Bradyrhizobium_sp._6(2017)	SRR7632837	NA
Bradyrhizobium_sp._6(2017)	SRR7632838	NA
Bradyrhizobium_sp._6(2017)	SRR7632839	NA
Bradyrhizobium_sp._6(2017)	SRR7632840	NA
Bradyrhizobium_sp._6(2017)	SRR7632841	NA
Bradyrhizobium_sp._6(2017)	SRR7632842	NA
Bradyrhizobium_sp._6(2017)	SRR7632843	NA
Bradyrhizobium_sp._6(2017)	SRR7632844	NA
Bradyrhizobium_sp._6(2017)	SRR7632845	NA
Bradyrhizobium_sp._6(2017)	SRR7632846	NA
Bradyrhizobium_sp._6(2017)	SRR7632847	NA
Bradyrhizobium_sp._6(2017)	SRR7632848	NA
Bradyrhizobium_sp._6(2017)	SRR7632849	NA
Bradyrhizobium_sp._6(2017)	SRR7632850	NA
Bradyrhizobium_sp._6(2017)	SRR7632851	NA
Bradyrhizobium_sp._6(2017)	SRR7632852	NA
Bradyrhizobium_sp._6(2017)	SRR7632853	NA
Bradyrhizobium_sp._6(2017)	SRR7632854	NA
Bradyrhizobium_sp._6(2017)	SRR7632855	NA
Bradyrhizobium_sp._6(2017)	SRR7632856	NA
Bradyrhizobium_sp._6(2017)	SRR7632857	NA
Bradyrhizobium_sp._6(2017)	SRR7632858	NA
Bradyrhizobium_sp._6(2017)	SRR7632859	NA
Bradyrhizobium_sp._6(2017)	SRR7632860	NA
Bradyrhizobium_sp._6(2017)	SRR7632861	NA
Bradyrhizobium_sp._6(2017)	SRR7632862	NA
Bradyrhizobium_sp._6(2017)	SRR7632863	NA
Bradyrhizobium_sp._6(2017)	SRR7632864	NA
Bradyrhizobium_sp._6(2017)	SRR7632865	NA
Bradyrhizobium_sp._6(2017)	SRR7632866	NA
Bradyrhizobium_sp._6(2017)	SRR7632867	NA
Bradyrhizobium_sp._6(2017)	SRR7632868	NA
Bradyrhizobium_sp._6(2017)	SRR7632869	NA
Bradyrhizobium_sp._6(2017)	SRR7632870	NA
Bradyrhizobium_sp._6(2017)	SRR7632871	NA
Bradyrhizobium_sp._6(2017)	SRR7632872	NA
Bradyrhizobium_sp._6(2017)	SRR7632873	NA
Bradyrhizobium_sp._6(2017)	SRR7632874	NA
Bradyrhizobium_sp._6(2017)	SRR7632875	NA
Bradyrhizobium_sp._6(2017)	SRR7632876	NA
Bradyrhizobium_sp._6(2017)	SRR7632877	NA
Bradyrhizobium_sp._6(2017)	SRR7632878	NA
Bradyrhizobium_sp._6(2017)	SRR7632879	NA
Bradyrhizobium_sp._6(2017)	SRR7632880	NA
Bradyrhizobium_sp._6(2017)	SRR7632881	NA
Bradyrhizobium_sp._6(2017)	SRR7632882	NA
Bradyrhizobium_sp._6(2017)	SRR7632883	NA
Bradyrhizobium_sp._6(2017)	SRR7632884	NA
Bradyrhizobium_sp._6(2017)	SRR7632885	NA
Bradyrhizobium_sp._6(2017)	SRR7632886	NA
Bradyrhizobium_sp._6(2017)	SRR7632887	NA
Bradyrhizobium_sp._6(2017)	SRR7632888	NA
Bradyrhizobium_sp._6(2017)	SRR7632889	NA
Bradyrhizobium_sp._6(2017)	SRR7632890	NA
Bradyrhizobium_sp._6(2017)	SRR7632891	NA
Bradyrhizobium_sp._6(2017)	SRR7632892	NA
Bradyrhizobium_sp._6(2017)	SRR7632893	NA
Bradyrhizobium_sp._6(2017)	SRR7632894	NA
Bradyrhizobium_sp._6(2017)	SRR7632895	NA
Bradyrhizobium_sp._6(2017)	SRR7632896	NA
Bradyrhizobium_sp._6(2017)	SRR7632897	NA
Bradyrhizobium_sp._6(2017)	SRR7632898	NA
Bradyrhizobium_sp._6(2017)	SRR7632899	NA
Bradyrhizobium_sp._6(2017)	SRR7632900	NA
Bradyrhizobium_sp._6(2017)	SRR7632901	NA
Bradyrhizobium_sp._6(2017)	SRR7632902	NA
Bradyrhizobium_sp._6(2017)	SRR7632903	NA
Bradyrhizobium_sp._6(2017)	SRR7632904	NA
Bradyrhizobium_sp._6(2017)	SRR7632905	NA
Bradyrhizobium_sp._6(2017)	SRR7632906	NA
Bradyrhizobium_sp._6(2017)	SRR7632907	NA
Bradyrhizobium_sp._6(2017)	SRR7632908	NA
Bradyrhizobium_sp._6(2017)	SRR7632909	NA
Bradyrhizobium_sp._6(2017)	SRR7632910	NA
Bradyrhizobium_sp._6(2017)	SRR7632911	NA
Bradyrhizobium_sp._6(2017)	SRR7632912	NA
Bradyrhizobium_sp._6(2017)	SRR7632913	NA
Bradyrhizobium_sp._6(2017)	SRR7632914	NA
Bradyrhizobium_sp._6(2017)	SRR7632915	NA
Bradyrhizobium_sp._6(2017)	SRR7632916	NA
Bradyrhizobium_sp._6(2017)	SRR7632917	NA
Bradyrhizobium_sp._6(2017)	SRR7632918	NA
Bradyrhizobium_sp._6(2017)	SRR7632919	NA
Bradyrhizobium_sp._6(2017)	SRR7632920	NA
Bradyrhizobium_sp._6(2017)	SRR7632921	NA
Bradyrhizobium_sp._6(2017)	SRR7632922	NA
Bradyrhizobium_sp._6(2017)	SRR7632923	NA
Bradyrhizobium_sp._6(2017)	SRR7632924	NA
Bradyrhizobium_sp._6(2017)	SRR7632925	NA
Bradyrhizobium_sp._6(2017)	SRR7632926	NA
Bradyrhizobium_sp._6(2017)	SRR7632927	NA
Bradyrhizobium_sp._6(2017)	SRR7632928	NA
Bradyrhizobium_sp._6(2017)	SRR7632929	NA
Bradyrhizobium_sp._6(2017)	SRR7632930	NA
Bradyrhizobium_sp._6(2017)	SRR7632931	NA
Bradyrhizobium_sp._6(2017)	SRR7632932	NA
Bradyrhizobium_sp._6(2017)	SRR7632933	NA
Bradyrhizobium_sp._6(2017)	SRR7632934	NA
Bradyrhizobium_sp._6(2017)	SRR7632935	NA
Bradyrhizobium_sp._6(2017)	SRR7632936	NA
Bradyrhizobium_sp._6(2017)	SRR7632937	NA
Bradyrhizobium_sp._6(2017)	SRR7632938	NA
Bradyrhizobium_sp._6(2017)	SRR7632939	NA
Bradyrhizobium_sp._6(2017)	SRR7632940	NA
Bradyrhizobium_sp._6(2017)	SRR7632941	NA
Bradyrhizobium_sp._6(2017)	SRR7632942	NA
Bradyrhizobium_sp._6(2017)	SRR7632943	NA
Bradyrhizobium_sp._6(2017)	SRR7632944	NA
Bradyrhizobium_sp._6(2017)	SRR7632945	NA
Bradyrhizobium_sp._6(2017)	SRR8928966	NA
Bradyrhizobium_sp._6(2017)	SRR8928967	NA
Bradyrhizobium_sp._6(2017)	SRR8928968	NA
Bradyrhizobium_sp._6(2017)	SRR8928969	NA
Bradyrhizobium_sp._6(2017)	SRR8928970	NA
Bradyrhizobium_sp._6(2017)	SRR8928971	NA
Bradyrhizobium_sp._6(2017)	SRR8928972	NA
Bradyrhizobium_sp._6(2017)	SRR8928973	NA
Bradyrhizobium_sp._6(2017)	SRR8928974	NA
Bradyrhizobium_sp._6(2017)	SRR8928975	NA
Bradyrhizobium_sp._6(2017)	SRR8928976	NA
Bradyrhizobium_sp._6(2017)	SRR8928977	NA
Bradyrhizobium_sp._6(2017)	SRR8928978	NA
Bradyrhizobium_sp._6(2017)	SRR8928979	NA
Bradyrhizobium_sp._6(2017)	SRR8928980	NA
Bradyrhizobium_sp._6(2017)	SRR8928981	NA
Bradyrhizobium_sp._6(2017)	SRR8928982	NA
Bradyrhizobium_sp._6(2017)	SRR8928983	NA
Bradyrhizobium_sp._6(2017)	SRR8928984	NA
Bradyrhizobium_sp._6(2017)	SRR8928985	NA
Bradyrhizobium_sp._6(2017)	SRR8928986	NA
Bradyrhizobium_sp._6(2017)	SRR8928987	NA
Bradyrhizobium_sp._6(2017)	SRR8928988	NA
Bradyrhizobium_sp._6(2017)	SRR8928989	NA
Bradyrhizobium_sp._6(2017)	SRR8928990	NA
Bradyrhizobium_sp._6(2017)	SRR8928991	NA
Bradyrhizobium_sp._6(2017)	SRR9835604	NA
Bradyrhizobium_sp._6(2017)	SRR9835605	NA
Bradyrhizobium_sp._6(2017)	SRR9835606	NA
Bradyrhizobium_sp._6(2017)	SRR9835607	NA
Bradyrhizobium_sp._6(2017)	SRR9835608	NA
Bradyrhizobium_sp._6(2017)	SRR9835609	NA
Bradyrhizobium_sp._6(2017)	SRR9835610	NA
Bradyrhizobium_sp._6(2017)	SRR9835611	NA
Bradyrhizobium_sp._6(2017)	SRR9835612	NA
Bradyrhizobium_sp._6(2017)	SRR9835613	NA
Bradyrhizobium_sp._6(2017)	SRR9835614	NA
Bradyrhizobium_sp._6(2017)	SRR9835615	NA
Bradyrhizobium_sp._6(2017)	SRR9835616	NA
Bradyrhizobium_sp._6(2017)	SRR9835617	NA
Bradyrhizobium_sp._6(2017)	SRR9835618	NA
Bradyrhizobium_sp._6(2017)	SRR9835619	NA
Bradyrhizobium_sp._6(2017)	SRR9835620	NA
Bradyrhizobium_sp._6(2017)	SRR9835621	NA
Bradyrhizobium_sp._6(2017)	SRR9835622	NA
Bradyrhizobium_sp._6(2017)	SRR9835623	NA
Bradyrhizobium_sp._6(2017)	SRR9835624	NA
Bradyrhizobium_sp._6(2017)	SRR9835625	NA
Bradyrhizobium_sp._6(2017)	SRR9835626	NA
Bradyrhizobium_sp._6(2017)	SRR9835627	NA
Bradyrhizobium_sp._6(2017)	SRR9835628	NA
Bradyrhizobium_sp._6(2017)	SRR9835629	NA
Bradyrhizobium_sp._6(2017)	SRR9835630	NA
Bradyrhizobium_sp._6(2017)	SRR9835631	NA
Bradyrhizobium_sp._6(2017)	SRR9835632	NA
Bradyrhizobium_sp._6(2017)	SRR9835633	NA
Bradyrhizobium_sp._6(2017)	SRR9835634	NA
Bradyrhizobium_sp._6(2017)	SRR9835635	NA
Bradyrhizobium_sp._6(2017)	SRR9835636	NA
Bradyrhizobium_sp._6(2017)	SRR9835637	NA
Bradyrhizobium_sp._6(2017)	SRR9835638	NA
Bradyrhizobium_sp._6(2017)	SRR9835639	NA
Bradyrhizobium_sp._6(2017)	SRR9835640	NA
Bradyrhizobium_sp._6(2017)	SRR9835641	NA
Bradyrhizobium_sp._6(2017)	SRR9835642	NA
Bradyrhizobium_sp._6(2017)	SRR9835643	NA
Bradyrhizobium_sp._6(2017)	SRR9835644	NA
Bradyrhizobium_sp._6(2017)	SRR9835645	NA
Bradyrhizobium_sp._6(2017)	SRR9835646	NA
Bradyrhizobium_sp._6(2017)	SRR9835647	NA
Bradyrhizobium_sp._6(2017)	SRR9835648	NA
Bradyrhizobium_sp._6(2017)	SRR9835649	NA
Bradyrhizobium_sp._6(2017)	SRR9835650	NA
Bradyrhizobium_sp._6(2017)	SRR9835651	NA
Bradyrhizobium_sp._6(2017)	SRR9835652	NA
Bradyrhizobium_sp._6(2017)	SRR9835653	NA
Bradyrhizobium_sp._6(2017)	SRR9835654	NA
Bradyrhizobium_sp._6(2017)	SRR9835655	NA
Bradyrhizobium_sp._6(2017)	SRR9835656	NA
Bradyrhizobium_sp._6(2017)	SRR9835657	NA
Bradyrhizobium_sp._6(2017)	SRR9835658	NA
Bradyrhizobium_sp._6(2017)	SRR9835659	NA
Bradyrhizobium_sp._6(2017)	SRR9835660	NA
Bradyrhizobium_sp._6(2017)	SRR9835661	NA
Bradyrhizobium_sp._6(2017)	SRR9835662	NA
Bradyrhizobium_sp._6(2017)	SRR9835663	NA
Bradyrhizobium_sp._6(2017)	SRR9835664	NA
Bradyrhizobium_sp._6(2017)	SRR9835665	NA
Bradyrhizobium_sp._6(2017)	SRR9835666	NA
Bradyrhizobium_sp._6(2017)	SRR9835667	NA
Bradyrhizobium_sp._6(2017)	SRR9835668	NA
Bradyrhizobium_sp._6(2017)	SRR9835669	NA
Bradyrhizobium_sp._6(2017)	SRR9835670	NA
Bradyrhizobium_sp._6(2017)	SRR9835671	NA
Bradyrhizobium_sp._6(2017)	SRR9835672	NA
Bradyrhizobium_sp._6(2017)	SRR9835673	NA
Bradyrhizobium_sp._6(2017)	SRR9835674	NA
Bradyrhizobium_sp._6(2017)	SRR9835675	NA
Bradyrhizobium_sp._6(2017)	SRR9835676	NA
Bradyrhizobium_sp._6(2017)	SRR9835677	NA
Bradyrhizobium_sp._6(2017)	SRR9835678	NA
Bradyrhizobium_sp._6(2017)	SRR9835679	NA
Bradyrhizobium_sp._6(2017)	SRR9835680	NA
Bradyrhizobium_sp._6(2017)	SRR9835681	NA
Bradyrhizobium_sp._6(2017)	SRR9835682	NA
Bradyrhizobium_sp._6(2017)	SRR9835683	NA
Bradyrhizobium_sp._6(2017)	SRR9835684	NA
Bradyrhizobium_sp._6(2017)	SRR9835685	NA
Bradyrhizobium_sp._6(2017)	SRR9835686	NA
Bradyrhizobium_sp._6(2017)	SRR9835687	NA
Bradyrhizobium_sp._6(2017)	SRR9835688	NA
Bradyrhizobium_sp._6(2017)	SRR9835689	NA
Bradyrhizobium_sp._6(2017)	SRR9835690	NA
Bradyrhizobium_sp._6(2017)	SRR9835691	NA
Bradyrhizobium_sp._6(2017)	SRR9835692	NA
Bradyrhizobium_sp._6(2017)	SRR9835693	NA
Bradyrhizobium_sp._6(2017)	SRR9835694	NA
Bradyrhizobium_sp._6(2017)	SRR9835695	NA
Bradyrhizobium_sp._6(2017)	SRR9835696	NA
Bradyrhizobium_sp._6(2017)	SRR9835697	NA
Bradyrhizobium_sp._6(2017)	SRR9835698	NA
Bradyrhizobium_sp._6(2017)	SRR9835699	NA
Bradyrhizobium_sp._6(2017)	SRR9835700	NA
Bradyrhizobium_sp._6(2017)	SRR9835701	NA
Bradyrhizobium_sp._6(2017)	SRR9835702	NA
Bradyrhizobium_sp._6(2017)	SRR9835703	NA
Bradyrhizobium_sp._6(2017)	SRR9835704	NA
Bradyrhizobium_sp._6(2017)	SRR9835705	NA
Bradyrhizobium_sp._6(2017)	SRR9835706	NA
Bradyrhizobium_sp._6(2017)	SRR9835707	NA
Bradyrhizobium_sp._6(2017)	SRR9835708	NA
Bradyrhizobium_sp._6(2017)	SRR9835709	NA
Bradyrhizobium_sp._6(2017)	SRR9835710	NA
Bradyrhizobium_sp._6(2017)	SRR9835711	NA
Bradyrhizobium_sp._6(2017)	SRR9835712	NA
Bradyrhizobium_sp._6(2017)	SRR9835713	NA
Bradyrhizobium_sp._6(2017)	SRR9835714	NA
Bradyrhizobium_sp._6(2017)	SRR9835715	NA
Bradyrhizobium_sp._6(2017)	SRR9835716	NA
Bradyrhizobium_sp._6(2017)	SRR9835717	NA
Bradyrhizobium_sp._6(2017)	SRR9835718	NA
Bradyrhizobium_sp._6(2017)	SRR9835719	NA
Bradyrhizobium_sp._6(2017)	SRR9835720	NA
Bradyrhizobium_sp._6(2017)	SRR9835721	NA
Bradyrhizobium_sp._6(2017)	SRR9835722	NA
Bradyrhizobium_sp._6(2017)	SRR9835723	NA
Bradyrhizobium_sp._6(2017)	SRR9835724	NA
Bradyrhizobium_sp._6(2017)	SRR9835725	NA
Bradyrhizobium_sp._6(2017)	SRR9835726	NA
Bradyrhizobium_sp._6(2017)	SRR9835727	NA
Bradyrhizobium_sp._6(2017)	SRR9835728	NA
Bradyrhizobium_sp._6(2017)	SRR9835729	NA
Bradyrhizobium_sp._6(2017)	SRR9835730	NA
Bradyrhizobium_sp._6(2017)	SRR9835731	NA
Bradyrhizobium_sp._6(2017)	SRR9835732	NA
Bradyrhizobium_sp._6(2017)	SRR9835733	NA
Bradyrhizobium_sp._6(2017)	SRR9835734	NA
Bradyrhizobium_sp._6(2017)	SRR9835735	NA
Bradyrhizobium_sp._6(2017)	SRR9835736	NA
Bradyrhizobium_sp._6(2017)	SRR9835737	NA
Bradyrhizobium_sp._6(2017)	SRR9835738	NA
Bradyrhizobium_sp._6(2017)	SRR9835739	NA
Bradyrhizobium_sp._6(2017)	SRR9835740	NA
Bradyrhizobium_sp._6(2017)	SRR9835741	NA
Bradyrhizobium_sp._6(2017)	SRR9835742	NA
Bradyrhizobium_sp._6(2017)	SRR9835743	NA
Bradyrhizobium_sp._6(2017)	SRR9835744	NA
Bradyrhizobium_sp._6(2017)	SRR9835745	NA
Bradyrhizobium_sp._6(2017)	SRR9835746	NA
Bradyrhizobium_sp._6(2017)	SRR9835747	NA
Bradyrhizobium_sp._6(2017)	SRR9835748	NA
Bradyrhizobium_sp._6(2017)	SRR9835749	NA
Bradyrhizobium_sp._6(2017)	SRR9835750	NA
Bradyrhizobium_sp._6(2017)	SRR9835751	NA
Bradyrhizobium_sp._6(2017)	SRR9835752	NA
Bradyrhizobium_sp._6(2017)	SRR9835753	NA
Bradyrhizobium_sp._6(2017)	SRR9835754	NA
Bradyrhizobium_sp._6(2017)	SRR9835755	NA
Bradyrhizobium_sp._6(2017)	SRR9835756	NA
Bradyrhizobium_sp._6(2017)	SRR9835757	NA
Bradyrhizobium_sp._6(2017)	SRR9835758	NA
Bradyrhizobium_sp._6(2017)	SRR9835759	NA
Bradyrhizobium_sp._6(2017)	SRR9835760	NA
Bradyrhizobium_sp._6(2017)	SRR9835761	NA
Bradyrhizobium_sp._6(2017)	SRR9835762	NA
Bradyrhizobium_sp._6(2017)	SRR9835763	NA
Bradyrhizobium_sp._6(2017)	SRR9835764	NA
Bradyrhizobium_sp._6(2017)	SRR9835765	NA
Bradyrhizobium_sp._6(2017)	SRR9835766	NA
Bradyrhizobium_sp._6(2017)	SRR9835767	NA
Bradyrhizobium_sp._6(2017)	SRR9835768	NA
Bradyrhizobium_sp._6(2017)	SRR9835769	NA
Bradyrhizobium_sp._6(2017)	SRR9835770	NA
Bradyrhizobium_sp._6(2017)	SRR9835771	NA
Bradyrhizobium_sp._6(2017)	SRR9835772	NA
Bradyrhizobium_sp._6(2017)	SRR9835773	NA
Bradyrhizobium_sp._6(2017)	SRR9835774	NA
Bradyrhizobium_sp._6(2017)	SRR9835775	NA
Bradyrhizobium_sp._6(2017)	SRR9835776	NA
Bradyrhizobium_sp._6(2017)	SRR9835777	NA
Bradyrhizobium_sp._6(2017)	SRR9835778	NA
Bradyrhizobium_sp._6(2017)	SRR9835779	NA
Bradyrhizobium_sp._6(2017)	SRR9835780	NA
Bradyrhizobium_sp._6(2017)	SRR9835781	NA
Bradyrhizobium_sp._6(2017)	SRR9835782	NA
Bradyrhizobium_sp._6(2017)	SRR9835783	NA
Bradyrhizobium_sp._6(2017)	SRR9835784	NA
Bradyrhizobium_sp._6(2017)	SRR9835785	NA
Bradyrhizobium_sp._6(2017)	SRR9835786	NA
Bradyrhizobium_sp._6(2017)	SRR9835787	NA
Bradyrhizobium_sp._6(2017)	SRR9835788	NA
Bradyrhizobium_sp._6(2017)	SRR9835789	NA
Bradyrhizobium_sp._6(2017)	SRR9835790	NA
Bradyrhizobium_sp._6(2017)	SRR9835791	NA
Bradyrhizobium_sp._6(2017)	SRR9835792	NA
Bradyrhizobium_sp._6(2017)	SRR9835793	NA
Bradyrhizobium_sp._6(2017)	SRR9835794	NA
Bradyrhizobium_sp._6(2017)	SRR9835795	NA
Bradyrhizobium_sp._6(2017)	SRR9835796	NA
Bradyrhizobium_sp._6(2017)	SRR9835797	NA
Bradyrhizobium_sp._6(2017)	SRR9835798	NA
Bradyrhizobium_sp._6(2017)	SRR9835799	NA
Bradyrhizobium_sp._6(2017)	SRR9835800	NA
Bradyrhizobium_sp._6(2017)	SRR9835801	NA
Bradyrhizobium_sp._6(2017)	SRR9835802	NA
Bradyrhizobium_sp._6(2017)	SRR9867812	48
Bradyrhizobium_sp._6(2017)	SRR9867813	11
Bradyrhizobium_sp._6(2017)	SRR9867814	25
Bradyrhizobium_sp._6(2017)	SRR9867815	30
Bradyrhizobium_sp._6(2017)	SRR9867816	65
Bradyrhizobium_sp._6(2017)	SRR9867817	109
Bradyrhizobium_sp._6(2017)	SRR9867818	32
Bradyrhizobium_sp._6(2017)	SRR9867819	202
Bradyrhizobium_sp._6(2017)	SRR9867820	41
Bradyrhizobium_sp._6(2017)	SRR9867821	56
Bradyrhizobium_sp._6(2017)	SRR9867822	125
Bradyrhizobium_sp._6(2017)	SRR9867823	34
Bradyrhizobium_sp._6(2017)	SRR9867824	17
Bradyrhizobium_sp._6(2017)	SRR9867825	26
Bradyrhizobium_sp._6(2017)	SRR9867826	22
Bradyrhizobium_sp._6(2017)	SRR9867827	56
Bradyrhizobium_sp._6(2017)	SRR9867828	188
Bradyrhizobium_sp._6(2017)	SRR9867829	33
Bradyrhizobium_sp._6(2017)	SRR9867830	37
Bradyrhizobium_sp._6(2017)	SRR9867831	17
Bradyrhizobium_sp._6(2017)	SRR9879292	NA
Bradyrhizobium_sp._6(2017)	SRR9879293	NA
Bradyrhizobium_sp._6(2017)	SRR9879294	NA
Bradyrhizobium_sp._6(2017)	SRR9879295	NA
Bradyrhizobium_sp._6(2017)	SRR9879296	NA
Bradyrhizobium_sp._6(2017)	SRR9879297	NA
Bradyrhizobium_sp._6(2017)	SRR9879298	NA
Bradyrhizobium_sp._6(2017)	SRR9879299	NA
Bradyrhizobium_sp._6(2017)	SRR9879300	NA
Bradyrhizobium_sp._6(2017)	SRR9879301	NA
Bradyrhizobium_sp._6(2017)	SRR9879302	NA
Bradyrhizobium_sp._6(2017)	SRR9879303	NA
Bradyrhizobium_sp._6(2017)	SRR9879304	NA
Bradyrhizobium_sp._6(2017)	SRR9879305	NA
Bradyrhizobium_sp._6(2017)	SRR9879306	NA
Bradyrhizobium_sp._6(2017)	SRR9879307	NA
Bradyrhizobium_sp._6(2017)	SRR9879308	NA
Bradyrhizobium_sp._6(2017)	SRR9879309	NA
Bradyrhizobium_sp._6(2017)	T50_307	85
Bradyrhizobium_sp._6(2017)	T50_313	48
Bradyrhizobium_sp._6(2017)	T50_317	249
Bradyrhizobium_sp._6(2017)	T50_324	113
Bradyrhizobium_sp._6(2017)	T50_427	7
Bradyrhizobium_sp._6(2017)	T50_428	4
Bradyrhizobium_sp._6(2017)	T50_431	22
Bradyrhizobium_sp._6(2017)	T50_436	27
Bradyrhizobium_sp._6(2017)	T50_476	19
Bradyrhizobium_sp._6(2017)	UN_307	100
Bradyrhizobium_sp._6(2017)	UN_313	38
Bradyrhizobium_sp._6(2017)	UN_317	105
Bradyrhizobium_sp._6(2017)	UN_323	82
Bradyrhizobium_sp._6(2017)	UN_324	49
Bradyrhizobium_sp._6(2017)	UN_427	13
Bradyrhizobium_sp._6(2017)	UN_428	42
Bradyrhizobium_sp._6(2017)	UN_431	6
Bradyrhizobium_sp._6(2017)	UN_436	26
Bradyrhizobium_sp._6(2017)	UN_476	11
