Feature	sample	counts
Salinivibrio_kushneri	CM317	2
Salinivibrio_kushneri	CMCD140	23
Salinivibrio_kushneri	CMCD147	63
Salinivibrio_kushneri	CMCD152	3
Salinivibrio_kushneri	CMCD154	2
Salinivibrio_kushneri	CMCD159	81
Salinivibrio_kushneri	CMCD161	1
Salinivibrio_kushneri	CMCD174	125
Salinivibrio_kushneri	CMCD196	4
Salinivibrio_kushneri	CMCD198	6
Salinivibrio_kushneri	CMCD203	12
Salinivibrio_kushneri	CMCD211	1
Salinivibrio_kushneri	CMCD227	0
Salinivibrio_kushneri	CMCD240	2
Salinivibrio_kushneri	CMCD259	1
Salinivibrio_kushneri	CMCD270	0
Salinivibrio_kushneri	CMCD275	19
Salinivibrio_kushneri	CMCD282	3
Salinivibrio_kushneri	CMCD286	0
Salinivibrio_kushneri	CMCD287	0
Salinivibrio_kushneri	CMCD294	13
Salinivibrio_kushneri	CMCD327	0
Salinivibrio_kushneri	CMCD335	3
Salinivibrio_kushneri	CMCD337	1
Salinivibrio_kushneri	CMCD357	0
Salinivibrio_kushneri	CMCD398	2
Salinivibrio_kushneri	CMCD403	2
Salinivibrio_kushneri	CMCD422	0
Salinivibrio_kushneri	CMCD426	2
Salinivibrio_kushneri	CMCD71	1
Salinivibrio_kushneri	CMCD72	15
Salinivibrio_kushneri	CMCD76	1
Salinivibrio_kushneri	CMCD88	0
Salinivibrio_kushneri	CMSA256	1
Salinivibrio_kushneri	CMSA316	10
Salinivibrio_kushneri	CMUC110	0
Salinivibrio_kushneri	CMUC192	0
Salinivibrio_kushneri	CMUC199	7
Salinivibrio_kushneri	CMUC200	1
Salinivibrio_kushneri	CMUC208	2
Salinivibrio_kushneri	CMUC231	0
Salinivibrio_kushneri	CMUC234	0
Salinivibrio_kushneri	CMUC285	1
Salinivibrio_kushneri	CMUC291	0
Salinivibrio_kushneri	CMUC295	0
Salinivibrio_kushneri	CMUC299	0
Salinivibrio_kushneri	CMUC301	0
Salinivibrio_kushneri	CMUC307	0
Salinivibrio_kushneri	CMUC313	9
Salinivibrio_kushneri	CMUC314	6
Salinivibrio_kushneri	CMUC323	4
Salinivibrio_kushneri	CMUC324	0
Salinivibrio_kushneri	CMUC331	3
Salinivibrio_kushneri	CMUC333	0
Salinivibrio_kushneri	CMUC334	0
Salinivibrio_kushneri	CMUC346	0
Salinivibrio_kushneri	CMUC352	1
Salinivibrio_kushneri	CMUC360	9
Salinivibrio_kushneri	CMUC363	6
Salinivibrio_kushneri	CMUC365	5
Salinivibrio_kushneri	CMUC366	1
Salinivibrio_kushneri	CMUC368	1
Salinivibrio_kushneri	CMUC377	0
Salinivibrio_kushneri	CMUC379	18
Salinivibrio_kushneri	CMUC380	1
Salinivibrio_kushneri	CMUC383	5
Salinivibrio_kushneri	CMUC394	5
Salinivibrio_kushneri	CMUC419	1
Salinivibrio_kushneri	CMUC427	0
Salinivibrio_kushneri	CMUC428	0
Salinivibrio_kushneri	CMUC431	1
Salinivibrio_kushneri	CMUC435	0
Salinivibrio_kushneri	CMUC439	0
Salinivibrio_kushneri	CMUC89	0
Salinivibrio_kushneri	CS219	1
Salinivibrio_kushneri	CS256	0
Salinivibrio_kushneri	CS257	1
Salinivibrio_kushneri	CS259	0
Salinivibrio_kushneri	CS261	2
Salinivibrio_kushneri	CS266	18
Salinivibrio_kushneri	CS270	6
Salinivibrio_kushneri	CS277	3
Salinivibrio_kushneri	CS288	7
Salinivibrio_kushneri	CS290	0
Salinivibrio_kushneri	CS292	0
Salinivibrio_kushneri	CS293	3
Salinivibrio_kushneri	CS301	3
Salinivibrio_kushneri	CS306	8
Salinivibrio_kushneri	CS308	0
Salinivibrio_kushneri	CS315	2
Salinivibrio_kushneri	CS317	17
Salinivibrio_kushneri	CS322	1
Salinivibrio_kushneri	CS327	1
Salinivibrio_kushneri	CS328	13
Salinivibrio_kushneri	CS330	31
Salinivibrio_kushneri	CS331	2
Salinivibrio_kushneri	CS335	1
Salinivibrio_kushneri	CS338	3
Salinivibrio_kushneri	CS339	0
Salinivibrio_kushneri	CS343	2
Salinivibrio_kushneri	CS344	1
Salinivibrio_kushneri	CS350	8
Salinivibrio_kushneri	CS351	14
Salinivibrio_kushneri	CS361	0
Salinivibrio_kushneri	CS388	13
Salinivibrio_kushneri	CS396	3
Salinivibrio_kushneri	CS405	1
Salinivibrio_kushneri	CS415	20
Salinivibrio_kushneri	CS424	16
Salinivibrio_kushneri	IM293	0
Salinivibrio_kushneri	IM296	13
Salinivibrio_kushneri	IM297	4
Salinivibrio_kushneri	IM300	0
Salinivibrio_kushneri	IM305	0
Salinivibrio_kushneri	IM309	18
Salinivibrio_kushneri	IM310	0
Salinivibrio_kushneri	IM311	1
Salinivibrio_kushneri	IM316	5
Salinivibrio_kushneri	IM320	1
Salinivibrio_kushneri	IM330	1
Salinivibrio_kushneri	IM332	7
Salinivibrio_kushneri	IM340	33
Salinivibrio_kushneri	IM348	1
Salinivibrio_kushneri	IM354	1
Salinivibrio_kushneri	IM356	0
Salinivibrio_kushneri	IM364	4
Salinivibrio_kushneri	IM372	3
Salinivibrio_kushneri	IM374	8
Salinivibrio_kushneri	IM376	2
Salinivibrio_kushneri	IM381	14
Salinivibrio_kushneri	IM382	7
Salinivibrio_kushneri	IM385	0
Salinivibrio_kushneri	IM390	18
Salinivibrio_kushneri	IM397	3
Salinivibrio_kushneri	IM404	2
Salinivibrio_kushneri	IM409	3
Salinivibrio_kushneri	IM412	1
Salinivibrio_kushneri	IM421	2
Salinivibrio_kushneri	IM425	12
Salinivibrio_kushneri	IM432	5
Salinivibrio_kushneri	IM438	0
Salinivibrio_kushneri	IM442	1
Salinivibrio_kushneri	IM445	2
Salinivibrio_kushneri	IM448	8
Salinivibrio_kushneri	IM449	4
Salinivibrio_kushneri	IM451	9
Salinivibrio_kushneri	IMSA256	0
Salinivibrio_kushneri	IMSA276	0
Salinivibrio_kushneri	IMSA286	0
Salinivibrio_kushneri	IMSA343	4
Salinivibrio_kushneri	IS_238	0
Salinivibrio_kushneri	IS238	2
Salinivibrio_kushneri	IS243	0
Salinivibrio_kushneri	IS253	0
Salinivibrio_kushneri	IS283	0
Salinivibrio_kushneri	IS322	5
Salinivibrio_kushneri	IS399	1
Salinivibrio_kushneri	IS418	7
Salinivibrio_kushneri	IS430	2
Salinivibrio_kushneri	IS437	0
Salinivibrio_kushneri	IS444	0
Salinivibrio_kushneri	R276CMSA	4
Salinivibrio_kushneri	R286CMSA	0
Salinivibrio_kushneri	R292CMSA	0
Salinivibrio_kushneri	R292IMSA	19
Salinivibrio_kushneri	R308CMSA	13
Salinivibrio_kushneri	R316IMSA	4
Salinivibrio_kushneri	R347CMSA	2
Salinivibrio_kushneri	R347IMSA	1
Salinivibrio_kushneri	R371CMSA	2
Salinivibrio_kushneri	SRR10104064	NA
Salinivibrio_kushneri	SRR10104065	NA
Salinivibrio_kushneri	SRR10104066	NA
Salinivibrio_kushneri	SRR10104067	NA
Salinivibrio_kushneri	SRR10104068	NA
Salinivibrio_kushneri	SRR10104069	NA
Salinivibrio_kushneri	SRR10104070	NA
Salinivibrio_kushneri	SRR10104071	NA
Salinivibrio_kushneri	SRR10104072	NA
Salinivibrio_kushneri	SRR10104073	NA
Salinivibrio_kushneri	SRR10104074	NA
Salinivibrio_kushneri	SRR10104075	NA
Salinivibrio_kushneri	SRR10104076	NA
Salinivibrio_kushneri	SRR10104077	NA
Salinivibrio_kushneri	SRR10104078	NA
Salinivibrio_kushneri	SRR10104079	NA
Salinivibrio_kushneri	SRR10104080	NA
Salinivibrio_kushneri	SRR10104081	NA
Salinivibrio_kushneri	SRR10104082	NA
Salinivibrio_kushneri	SRR10104083	NA
Salinivibrio_kushneri	SRR10104084	NA
Salinivibrio_kushneri	SRR10104085	NA
Salinivibrio_kushneri	SRR10104086	NA
Salinivibrio_kushneri	SRR10104087	NA
Salinivibrio_kushneri	SRR10104088	NA
Salinivibrio_kushneri	SRR10104089	NA
Salinivibrio_kushneri	SRR10104090	NA
Salinivibrio_kushneri	SRR10104091	NA
Salinivibrio_kushneri	SRR10104092	NA
Salinivibrio_kushneri	SRR10104093	NA
Salinivibrio_kushneri	SRR10104094	NA
Salinivibrio_kushneri	SRR10104095	NA
Salinivibrio_kushneri	SRR10104096	NA
Salinivibrio_kushneri	SRR10104097	NA
Salinivibrio_kushneri	SRR10104098	NA
Salinivibrio_kushneri	SRR10104099	NA
Salinivibrio_kushneri	SRR10104100	NA
Salinivibrio_kushneri	SRR10104101	NA
Salinivibrio_kushneri	SRR10104102	NA
Salinivibrio_kushneri	SRR10104103	NA
Salinivibrio_kushneri	SRR10104104	NA
Salinivibrio_kushneri	SRR10104105	NA
Salinivibrio_kushneri	SRR10104106	NA
Salinivibrio_kushneri	SRR10104107	NA
Salinivibrio_kushneri	SRR10104108	NA
Salinivibrio_kushneri	SRR10104109	NA
Salinivibrio_kushneri	SRR10104110	NA
Salinivibrio_kushneri	SRR10104111	NA
Salinivibrio_kushneri	SRR10104112	NA
Salinivibrio_kushneri	SRR10104113	NA
Salinivibrio_kushneri	SRR10104114	NA
Salinivibrio_kushneri	SRR10104115	NA
Salinivibrio_kushneri	SRR10104116	NA
Salinivibrio_kushneri	SRR10104117	NA
Salinivibrio_kushneri	SRR10104118	NA
Salinivibrio_kushneri	SRR10104119	NA
Salinivibrio_kushneri	SRR10104120	NA
Salinivibrio_kushneri	SRR10104121	NA
Salinivibrio_kushneri	SRR10104122	NA
Salinivibrio_kushneri	SRR10104123	NA
Salinivibrio_kushneri	SRR10104124	NA
Salinivibrio_kushneri	SRR10104125	NA
Salinivibrio_kushneri	SRR10104126	NA
Salinivibrio_kushneri	SRR10104127	NA
Salinivibrio_kushneri	SRR10104128	NA
Salinivibrio_kushneri	SRR10104129	NA
Salinivibrio_kushneri	SRR10104130	NA
Salinivibrio_kushneri	SRR10104131	NA
Salinivibrio_kushneri	SRR10104132	NA
Salinivibrio_kushneri	SRR10104133	NA
Salinivibrio_kushneri	SRR10104134	NA
Salinivibrio_kushneri	SRR10104135	NA
Salinivibrio_kushneri	SRR10104136	NA
Salinivibrio_kushneri	SRR10104137	NA
Salinivibrio_kushneri	SRR10104138	NA
Salinivibrio_kushneri	SRR10104139	NA
Salinivibrio_kushneri	SRR10104140	NA
Salinivibrio_kushneri	SRR10104141	NA
Salinivibrio_kushneri	SRR10104142	NA
Salinivibrio_kushneri	SRR10104143	NA
Salinivibrio_kushneri	SRR10104144	NA
Salinivibrio_kushneri	SRR10104145	NA
Salinivibrio_kushneri	SRR10104146	NA
Salinivibrio_kushneri	SRR10104147	NA
Salinivibrio_kushneri	SRR10104148	NA
Salinivibrio_kushneri	SRR10104149	NA
Salinivibrio_kushneri	SRR10104150	NA
Salinivibrio_kushneri	SRR10104151	NA
Salinivibrio_kushneri	SRR10104152	NA
Salinivibrio_kushneri	SRR10104153	NA
Salinivibrio_kushneri	SRR10104154	NA
Salinivibrio_kushneri	SRR10104155	NA
Salinivibrio_kushneri	SRR10104156	NA
Salinivibrio_kushneri	SRR10104157	NA
Salinivibrio_kushneri	SRR10104158	NA
Salinivibrio_kushneri	SRR10104159	NA
Salinivibrio_kushneri	SRR10104160	NA
Salinivibrio_kushneri	SRR10104161	NA
Salinivibrio_kushneri	SRR10104162	NA
Salinivibrio_kushneri	SRR10104163	NA
Salinivibrio_kushneri	SRR10104164	NA
Salinivibrio_kushneri	SRR10104165	NA
Salinivibrio_kushneri	SRR10104166	NA
Salinivibrio_kushneri	SRR10104167	NA
Salinivibrio_kushneri	SRR10104168	NA
Salinivibrio_kushneri	SRR10104169	NA
Salinivibrio_kushneri	SRR10104170	NA
Salinivibrio_kushneri	SRR10104171	NA
Salinivibrio_kushneri	SRR10104172	NA
Salinivibrio_kushneri	SRR10104173	NA
Salinivibrio_kushneri	SRR10104174	NA
Salinivibrio_kushneri	SRR10104175	NA
Salinivibrio_kushneri	SRR10104176	NA
Salinivibrio_kushneri	SRR10104177	NA
Salinivibrio_kushneri	SRR10104178	NA
Salinivibrio_kushneri	SRR10104179	NA
Salinivibrio_kushneri	SRR10104180	NA
Salinivibrio_kushneri	SRR10104181	NA
Salinivibrio_kushneri	SRR10104182	NA
Salinivibrio_kushneri	SRR10104183	NA
Salinivibrio_kushneri	SRR10104184	NA
Salinivibrio_kushneri	SRR10104185	NA
Salinivibrio_kushneri	SRR10104186	NA
Salinivibrio_kushneri	SRR10104187	NA
Salinivibrio_kushneri	SRR10104188	NA
Salinivibrio_kushneri	SRR10104189	NA
Salinivibrio_kushneri	SRR10104190	NA
Salinivibrio_kushneri	SRR10104191	NA
Salinivibrio_kushneri	SRR10104192	NA
Salinivibrio_kushneri	SRR10104193	NA
Salinivibrio_kushneri	SRR10104194	NA
Salinivibrio_kushneri	SRR10104195	NA
Salinivibrio_kushneri	SRR10104196	NA
Salinivibrio_kushneri	SRR10104197	NA
Salinivibrio_kushneri	SRR10104198	NA
Salinivibrio_kushneri	SRR10104199	NA
Salinivibrio_kushneri	SRR10104200	NA
Salinivibrio_kushneri	SRR10104201	NA
Salinivibrio_kushneri	SRR10104202	NA
Salinivibrio_kushneri	SRR10104203	NA
Salinivibrio_kushneri	SRR10104204	NA
Salinivibrio_kushneri	SRR10104205	NA
Salinivibrio_kushneri	SRR10104206	NA
Salinivibrio_kushneri	SRR10104207	NA
Salinivibrio_kushneri	SRR10104208	NA
Salinivibrio_kushneri	SRR10104209	NA
Salinivibrio_kushneri	SRR10104210	NA
Salinivibrio_kushneri	SRR10104211	NA
Salinivibrio_kushneri	SRR10104212	NA
Salinivibrio_kushneri	SRR10104213	NA
Salinivibrio_kushneri	SRR10104214	NA
Salinivibrio_kushneri	SRR10104215	NA
Salinivibrio_kushneri	SRR10104216	NA
Salinivibrio_kushneri	SRR10104217	NA
Salinivibrio_kushneri	SRR10104218	NA
Salinivibrio_kushneri	SRR10104219	NA
Salinivibrio_kushneri	SRR10104220	NA
Salinivibrio_kushneri	SRR10104221	NA
Salinivibrio_kushneri	SRR10104222	NA
Salinivibrio_kushneri	SRR10104223	NA
Salinivibrio_kushneri	SRR10104224	NA
Salinivibrio_kushneri	SRR10104225	NA
Salinivibrio_kushneri	SRR10104226	NA
Salinivibrio_kushneri	SRR10104227	NA
Salinivibrio_kushneri	SRR10104228	NA
Salinivibrio_kushneri	SRR10104229	NA
Salinivibrio_kushneri	SRR10104230	NA
Salinivibrio_kushneri	SRR10104231	NA
Salinivibrio_kushneri	SRR10104232	NA
Salinivibrio_kushneri	SRR10104233	NA
Salinivibrio_kushneri	SRR10104234	NA
Salinivibrio_kushneri	SRR10104235	NA
Salinivibrio_kushneri	SRR10104236	NA
Salinivibrio_kushneri	SRR10104237	NA
Salinivibrio_kushneri	SRR10104238	NA
Salinivibrio_kushneri	SRR10104239	NA
Salinivibrio_kushneri	SRR10104240	NA
Salinivibrio_kushneri	SRR10104241	NA
Salinivibrio_kushneri	SRR10104242	NA
Salinivibrio_kushneri	SRR10104243	NA
Salinivibrio_kushneri	SRR10104244	NA
Salinivibrio_kushneri	SRR10104245	NA
Salinivibrio_kushneri	SRR10104246	NA
Salinivibrio_kushneri	SRR10104247	NA
Salinivibrio_kushneri	SRR10104248	NA
Salinivibrio_kushneri	SRR10104249	NA
Salinivibrio_kushneri	SRR10104250	NA
Salinivibrio_kushneri	SRR10104251	NA
Salinivibrio_kushneri	SRR10104252	NA
Salinivibrio_kushneri	SRR10104253	NA
Salinivibrio_kushneri	SRR10104254	NA
Salinivibrio_kushneri	SRR10104255	NA
Salinivibrio_kushneri	SRR10104256	NA
Salinivibrio_kushneri	SRR10104257	NA
Salinivibrio_kushneri	SRR10104258	NA
Salinivibrio_kushneri	SRR10224277	0
Salinivibrio_kushneri	SRR10224278	0
Salinivibrio_kushneri	SRR10224279	0
Salinivibrio_kushneri	SRR10224280	0
Salinivibrio_kushneri	SRR10224281	0
Salinivibrio_kushneri	SRR10224282	0
Salinivibrio_kushneri	SRR10224283	0
Salinivibrio_kushneri	SRR10224284	0
Salinivibrio_kushneri	SRR10224285	0
Salinivibrio_kushneri	SRR10224286	0
Salinivibrio_kushneri	SRR10224287	0
Salinivibrio_kushneri	SRR10224288	0
Salinivibrio_kushneri	SRR10224289	0
Salinivibrio_kushneri	SRR10224290	0
Salinivibrio_kushneri	SRR10224291	0
Salinivibrio_kushneri	SRR10224292	0
Salinivibrio_kushneri	SRR10224293	0
Salinivibrio_kushneri	SRR10224294	0
Salinivibrio_kushneri	SRR10224295	0
Salinivibrio_kushneri	SRR10224296	0
Salinivibrio_kushneri	SRR10224297	0
Salinivibrio_kushneri	SRR10224298	0
Salinivibrio_kushneri	SRR10318388	NA
Salinivibrio_kushneri	SRR10318389	NA
Salinivibrio_kushneri	SRR10318390	NA
Salinivibrio_kushneri	SRR10318391	NA
Salinivibrio_kushneri	SRR10318392	NA
Salinivibrio_kushneri	SRR10318393	NA
Salinivibrio_kushneri	SRR10318394	NA
Salinivibrio_kushneri	SRR10318395	NA
Salinivibrio_kushneri	SRR10318396	NA
Salinivibrio_kushneri	SRR10318397	NA
Salinivibrio_kushneri	SRR10318398	NA
Salinivibrio_kushneri	SRR10318399	NA
Salinivibrio_kushneri	SRR10318400	NA
Salinivibrio_kushneri	SRR10318401	NA
Salinivibrio_kushneri	SRR10318402	NA
Salinivibrio_kushneri	SRR10318403	NA
Salinivibrio_kushneri	SRR10318404	NA
Salinivibrio_kushneri	SRR10318405	NA
Salinivibrio_kushneri	SRR10318406	NA
Salinivibrio_kushneri	SRR10318407	NA
Salinivibrio_kushneri	SRR10318408	NA
Salinivibrio_kushneri	SRR10318409	NA
Salinivibrio_kushneri	SRR10318410	NA
Salinivibrio_kushneri	SRR10318411	NA
Salinivibrio_kushneri	SRR10318412	NA
Salinivibrio_kushneri	SRR10318413	NA
Salinivibrio_kushneri	SRR10318414	NA
Salinivibrio_kushneri	SRR10318415	NA
Salinivibrio_kushneri	SRR10318416	NA
Salinivibrio_kushneri	SRR10318417	NA
Salinivibrio_kushneri	SRR10318418	NA
Salinivibrio_kushneri	SRR10318419	NA
Salinivibrio_kushneri	SRR10318420	NA
Salinivibrio_kushneri	SRR10318421	NA
Salinivibrio_kushneri	SRR10318422	NA
Salinivibrio_kushneri	SRR10318423	NA
Salinivibrio_kushneri	SRR10318424	NA
Salinivibrio_kushneri	SRR10318425	NA
Salinivibrio_kushneri	SRR10318426	NA
Salinivibrio_kushneri	SRR10318427	NA
Salinivibrio_kushneri	SRR10318428	NA
Salinivibrio_kushneri	SRR10318429	NA
Salinivibrio_kushneri	SRR10318430	NA
Salinivibrio_kushneri	SRR10318431	NA
Salinivibrio_kushneri	SRR10318432	NA
Salinivibrio_kushneri	SRR10318433	NA
Salinivibrio_kushneri	SRR10318434	NA
Salinivibrio_kushneri	SRR10318435	NA
Salinivibrio_kushneri	SRR10318436	NA
Salinivibrio_kushneri	SRR10318437	NA
Salinivibrio_kushneri	SRR10318438	NA
Salinivibrio_kushneri	SRR10318439	NA
Salinivibrio_kushneri	SRR10318440	NA
Salinivibrio_kushneri	SRR10318441	NA
Salinivibrio_kushneri	SRR10318442	NA
Salinivibrio_kushneri	SRR10318443	NA
Salinivibrio_kushneri	SRR10318444	NA
Salinivibrio_kushneri	SRR10318445	NA
Salinivibrio_kushneri	SRR10318446	NA
Salinivibrio_kushneri	SRR10318447	NA
Salinivibrio_kushneri	SRR10318448	NA
Salinivibrio_kushneri	SRR10318449	NA
Salinivibrio_kushneri	SRR10318450	NA
Salinivibrio_kushneri	SRR10318451	NA
Salinivibrio_kushneri	SRR10318452	NA
Salinivibrio_kushneri	SRR10318453	NA
Salinivibrio_kushneri	SRR10318454	NA
Salinivibrio_kushneri	SRR10318455	NA
Salinivibrio_kushneri	SRR10318456	NA
Salinivibrio_kushneri	SRR10318457	NA
Salinivibrio_kushneri	SRR10318458	NA
Salinivibrio_kushneri	SRR10318459	NA
Salinivibrio_kushneri	SRR10318460	NA
Salinivibrio_kushneri	SRR10318461	NA
Salinivibrio_kushneri	SRR10318462	NA
Salinivibrio_kushneri	SRR10318463	NA
Salinivibrio_kushneri	SRR10318464	NA
Salinivibrio_kushneri	SRR10318465	NA
Salinivibrio_kushneri	SRR10318466	NA
Salinivibrio_kushneri	SRR10318467	NA
Salinivibrio_kushneri	SRR10318468	NA
Salinivibrio_kushneri	SRR10318469	NA
Salinivibrio_kushneri	SRR10318470	NA
Salinivibrio_kushneri	SRR10318471	NA
Salinivibrio_kushneri	SRR10318472	NA
Salinivibrio_kushneri	SRR10318473	NA
Salinivibrio_kushneri	SRR10318474	NA
Salinivibrio_kushneri	SRR10318475	NA
Salinivibrio_kushneri	SRR10318476	NA
Salinivibrio_kushneri	SRR10318495	NA
Salinivibrio_kushneri	SRR10318496	NA
Salinivibrio_kushneri	SRR10318497	NA
Salinivibrio_kushneri	SRR10318498	NA
Salinivibrio_kushneri	SRR10318499	NA
Salinivibrio_kushneri	SRR10318500	NA
Salinivibrio_kushneri	SRR10318501	NA
Salinivibrio_kushneri	SRR10318502	NA
Salinivibrio_kushneri	SRR10318503	NA
Salinivibrio_kushneri	SRR10318504	NA
Salinivibrio_kushneri	SRR10318505	NA
Salinivibrio_kushneri	SRR10318506	NA
Salinivibrio_kushneri	SRR10318507	NA
Salinivibrio_kushneri	SRR10318508	NA
Salinivibrio_kushneri	SRR10318509	NA
Salinivibrio_kushneri	SRR10318510	NA
Salinivibrio_kushneri	SRR10318511	NA
Salinivibrio_kushneri	SRR10318512	NA
Salinivibrio_kushneri	SRR10318513	NA
Salinivibrio_kushneri	SRR10318514	NA
Salinivibrio_kushneri	SRR10318515	NA
Salinivibrio_kushneri	SRR10318516	NA
Salinivibrio_kushneri	SRR10318517	NA
Salinivibrio_kushneri	SRR10318518	NA
Salinivibrio_kushneri	SRR10318519	NA
Salinivibrio_kushneri	SRR10318520	NA
Salinivibrio_kushneri	SRR10318521	NA
Salinivibrio_kushneri	SRR10318522	NA
Salinivibrio_kushneri	SRR10318523	NA
Salinivibrio_kushneri	SRR10318524	NA
Salinivibrio_kushneri	SRR10318525	NA
Salinivibrio_kushneri	SRR10318526	NA
Salinivibrio_kushneri	SRR10318527	NA
Salinivibrio_kushneri	SRR10318528	NA
Salinivibrio_kushneri	SRR10318529	NA
Salinivibrio_kushneri	SRR10318530	NA
Salinivibrio_kushneri	SRR10318531	NA
Salinivibrio_kushneri	SRR10318532	NA
Salinivibrio_kushneri	SRR10318533	NA
Salinivibrio_kushneri	SRR10318534	NA
Salinivibrio_kushneri	SRR10318535	NA
Salinivibrio_kushneri	SRR10318536	NA
Salinivibrio_kushneri	SRR10318537	NA
Salinivibrio_kushneri	SRR10318538	NA
Salinivibrio_kushneri	SRR10318539	NA
Salinivibrio_kushneri	SRR10318540	NA
Salinivibrio_kushneri	SRR10318541	NA
Salinivibrio_kushneri	SRR10318542	NA
Salinivibrio_kushneri	SRR10318543	NA
Salinivibrio_kushneri	SRR10318544	NA
Salinivibrio_kushneri	SRR10318545	NA
Salinivibrio_kushneri	SRR10318546	NA
Salinivibrio_kushneri	SRR10318547	NA
Salinivibrio_kushneri	SRR10318548	NA
Salinivibrio_kushneri	SRR10318549	NA
Salinivibrio_kushneri	SRR10318568	NA
Salinivibrio_kushneri	SRR10318569	NA
Salinivibrio_kushneri	SRR10318570	NA
Salinivibrio_kushneri	SRR10318571	NA
Salinivibrio_kushneri	SRR10318572	NA
Salinivibrio_kushneri	SRR10318573	NA
Salinivibrio_kushneri	SRR10318574	NA
Salinivibrio_kushneri	SRR10318575	NA
Salinivibrio_kushneri	SRR10318576	NA
Salinivibrio_kushneri	SRR10318577	NA
Salinivibrio_kushneri	SRR10318578	NA
Salinivibrio_kushneri	SRR10318579	NA
Salinivibrio_kushneri	SRR10318580	NA
Salinivibrio_kushneri	SRR10318581	NA
Salinivibrio_kushneri	SRR10875803	0
Salinivibrio_kushneri	SRR10875804	0
Salinivibrio_kushneri	SRR10875805	0
Salinivibrio_kushneri	SRR10875806	0
Salinivibrio_kushneri	SRR10875807	0
Salinivibrio_kushneri	SRR10875808	0
Salinivibrio_kushneri	SRR10875809	0
Salinivibrio_kushneri	SRR10875810	0
Salinivibrio_kushneri	SRR10875812	0
Salinivibrio_kushneri	SRR10875813	0
Salinivibrio_kushneri	SRR10875814	0
Salinivibrio_kushneri	SRR10875815	0
Salinivibrio_kushneri	SRR10875816	0
Salinivibrio_kushneri	SRR10875817	0
Salinivibrio_kushneri	SRR10875818	0
Salinivibrio_kushneri	SRR10875819	0
Salinivibrio_kushneri	SRR10875820	0
Salinivibrio_kushneri	SRR10875821	0
Salinivibrio_kushneri	SRR10875822	0
Salinivibrio_kushneri	SRR10875823	0
Salinivibrio_kushneri	SRR10875824	0
Salinivibrio_kushneri	SRR10875825	0
Salinivibrio_kushneri	SRR10875826	0
Salinivibrio_kushneri	SRR10875827	0
Salinivibrio_kushneri	SRR10875829	0
Salinivibrio_kushneri	SRR10875830	0
Salinivibrio_kushneri	SRR10875831	0
Salinivibrio_kushneri	SRR10875832	0
Salinivibrio_kushneri	SRR10875834	0
Salinivibrio_kushneri	SRR10875835	0
Salinivibrio_kushneri	SRR10875836	0
Salinivibrio_kushneri	SRR10875837	0
Salinivibrio_kushneri	SRR10875838	0
Salinivibrio_kushneri	SRR10875839	0
Salinivibrio_kushneri	SRR10875840	0
Salinivibrio_kushneri	SRR10875841	0
Salinivibrio_kushneri	SRR10875842	0
Salinivibrio_kushneri	SRR10875843	0
Salinivibrio_kushneri	SRR10875844	0
Salinivibrio_kushneri	SRR10875845	0
Salinivibrio_kushneri	SRR10875846	1
Salinivibrio_kushneri	SRR10875847	0
Salinivibrio_kushneri	SRR10875848	0
Salinivibrio_kushneri	SRR10875849	0
Salinivibrio_kushneri	SRR10875850	0
Salinivibrio_kushneri	SRR10875851	0
Salinivibrio_kushneri	SRR10875852	0
Salinivibrio_kushneri	SRR10875853	0
Salinivibrio_kushneri	SRR10875854	0
Salinivibrio_kushneri	SRR10875855	1
Salinivibrio_kushneri	SRR10875856	0
Salinivibrio_kushneri	SRR10875857	0
Salinivibrio_kushneri	SRR10875858	0
Salinivibrio_kushneri	SRR10875859	0
Salinivibrio_kushneri	SRR10875860	0
Salinivibrio_kushneri	SRR10875861	0
Salinivibrio_kushneri	SRR10875862	0
Salinivibrio_kushneri	SRR10875863	0
Salinivibrio_kushneri	SRR10875864	0
Salinivibrio_kushneri	SRR10875865	0
Salinivibrio_kushneri	SRR10875866	0
Salinivibrio_kushneri	SRR10875867	0
Salinivibrio_kushneri	SRR10875868	0
Salinivibrio_kushneri	SRR10875869	0
Salinivibrio_kushneri	SRR10875870	0
Salinivibrio_kushneri	SRR10875871	0
Salinivibrio_kushneri	SRR10875872	0
Salinivibrio_kushneri	SRR10875873	0
Salinivibrio_kushneri	SRR10875874	0
Salinivibrio_kushneri	SRR10875875	0
Salinivibrio_kushneri	SRR10875876	0
Salinivibrio_kushneri	SRR10875877	0
Salinivibrio_kushneri	SRR10875878	0
Salinivibrio_kushneri	SRR10875879	0
Salinivibrio_kushneri	SRR10875880	0
Salinivibrio_kushneri	SRR10875881	0
Salinivibrio_kushneri	SRR10875882	0
Salinivibrio_kushneri	SRR10875883	0
Salinivibrio_kushneri	SRR10875884	0
Salinivibrio_kushneri	SRR10875885	0
Salinivibrio_kushneri	SRR10875886	0
Salinivibrio_kushneri	SRR10875887	0
Salinivibrio_kushneri	SRR10875888	0
Salinivibrio_kushneri	SRR10875889	0
Salinivibrio_kushneri	SRR10875890	1
Salinivibrio_kushneri	SRR10875891	0
Salinivibrio_kushneri	SRR10875892	0
Salinivibrio_kushneri	SRR10875893	0
Salinivibrio_kushneri	SRR10875894	0
Salinivibrio_kushneri	SRR10875895	0
Salinivibrio_kushneri	SRR10875896	0
Salinivibrio_kushneri	SRR10875897	0
Salinivibrio_kushneri	SRR10875898	0
Salinivibrio_kushneri	SRR10875899	0
Salinivibrio_kushneri	SRR10875900	0
Salinivibrio_kushneri	SRR10875901	0
Salinivibrio_kushneri	SRR10875902	0
Salinivibrio_kushneri	SRR12430469	0
Salinivibrio_kushneri	SRR12430470	0
Salinivibrio_kushneri	SRR12430471	0
Salinivibrio_kushneri	SRR12430472	0
Salinivibrio_kushneri	SRR12430473	0
Salinivibrio_kushneri	SRR12430474	0
Salinivibrio_kushneri	SRR12430475	0
Salinivibrio_kushneri	SRR12430476	0
Salinivibrio_kushneri	SRR12765534	NA
Salinivibrio_kushneri	SRR12765535	NA
Salinivibrio_kushneri	SRR12765536	NA
Salinivibrio_kushneri	SRR12765537	NA
Salinivibrio_kushneri	SRR12765538	NA
Salinivibrio_kushneri	SRR12765539	NA
Salinivibrio_kushneri	SRR12765540	NA
Salinivibrio_kushneri	SRR12765541	NA
Salinivibrio_kushneri	SRR12765542	NA
Salinivibrio_kushneri	SRR12765543	NA
Salinivibrio_kushneri	SRR12765544	NA
Salinivibrio_kushneri	SRR12765545	NA
Salinivibrio_kushneri	SRR12765546	NA
Salinivibrio_kushneri	SRR12765547	NA
Salinivibrio_kushneri	SRR12765548	NA
Salinivibrio_kushneri	SRR12765549	NA
Salinivibrio_kushneri	SRR12765550	NA
Salinivibrio_kushneri	SRR12765551	NA
Salinivibrio_kushneri	SRR12765552	NA
Salinivibrio_kushneri	SRR12765553	NA
Salinivibrio_kushneri	SRR12765554	NA
Salinivibrio_kushneri	SRR12765555	NA
Salinivibrio_kushneri	SRR12765556	NA
Salinivibrio_kushneri	SRR12765557	NA
Salinivibrio_kushneri	SRR12765558	NA
Salinivibrio_kushneri	SRR12765559	NA
Salinivibrio_kushneri	SRR12765560	NA
Salinivibrio_kushneri	SRR12765561	NA
Salinivibrio_kushneri	SRR12765562	NA
Salinivibrio_kushneri	SRR12765563	NA
Salinivibrio_kushneri	SRR12765564	NA
Salinivibrio_kushneri	SRR12765565	NA
Salinivibrio_kushneri	SRR12765566	NA
Salinivibrio_kushneri	SRR12765567	NA
Salinivibrio_kushneri	SRR12765568	NA
Salinivibrio_kushneri	SRR12765569	NA
Salinivibrio_kushneri	SRR12765570	NA
Salinivibrio_kushneri	SRR12765571	NA
Salinivibrio_kushneri	SRR12765572	NA
Salinivibrio_kushneri	SRR12765573	NA
Salinivibrio_kushneri	SRR12765574	NA
Salinivibrio_kushneri	SRR12765575	NA
Salinivibrio_kushneri	SRR12765576	NA
Salinivibrio_kushneri	SRR12765577	NA
Salinivibrio_kushneri	SRR12765578	NA
Salinivibrio_kushneri	SRR12765579	NA
Salinivibrio_kushneri	SRR12765580	NA
Salinivibrio_kushneri	SRR12765581	NA
Salinivibrio_kushneri	SRR12765582	NA
Salinivibrio_kushneri	SRR12765583	NA
Salinivibrio_kushneri	SRR12765584	NA
Salinivibrio_kushneri	SRR12765585	NA
Salinivibrio_kushneri	SRR12765586	NA
Salinivibrio_kushneri	SRR12765587	NA
Salinivibrio_kushneri	SRR12765588	NA
Salinivibrio_kushneri	SRR12765589	NA
Salinivibrio_kushneri	SRR12765590	NA
Salinivibrio_kushneri	SRR12765591	NA
Salinivibrio_kushneri	SRR12765592	NA
Salinivibrio_kushneri	SRR12765593	NA
Salinivibrio_kushneri	SRR12765594	NA
Salinivibrio_kushneri	SRR12765595	NA
Salinivibrio_kushneri	SRR12765596	NA
Salinivibrio_kushneri	SRR12765597	NA
Salinivibrio_kushneri	SRR12765598	NA
Salinivibrio_kushneri	SRR12765599	NA
Salinivibrio_kushneri	SRR12765600	NA
Salinivibrio_kushneri	SRR12765601	NA
Salinivibrio_kushneri	SRR12765602	NA
Salinivibrio_kushneri	SRR12765603	NA
Salinivibrio_kushneri	SRR12765604	NA
Salinivibrio_kushneri	SRR12765605	NA
Salinivibrio_kushneri	SRR12765606	NA
Salinivibrio_kushneri	SRR12765607	NA
Salinivibrio_kushneri	SRR12765608	NA
Salinivibrio_kushneri	SRR12765609	NA
Salinivibrio_kushneri	SRR12765610	NA
Salinivibrio_kushneri	SRR12765611	NA
Salinivibrio_kushneri	SRR12765612	NA
Salinivibrio_kushneri	SRR12765613	NA
Salinivibrio_kushneri	SRR12765614	NA
Salinivibrio_kushneri	SRR12765615	NA
Salinivibrio_kushneri	SRR12765616	NA
Salinivibrio_kushneri	SRR12765617	NA
Salinivibrio_kushneri	SRR12765618	NA
Salinivibrio_kushneri	SRR12765619	NA
Salinivibrio_kushneri	SRR12765620	NA
Salinivibrio_kushneri	SRR12765621	NA
Salinivibrio_kushneri	SRR12765622	NA
Salinivibrio_kushneri	SRR12765623	NA
Salinivibrio_kushneri	SRR12765624	NA
Salinivibrio_kushneri	SRR12765625	NA
Salinivibrio_kushneri	SRR12765626	NA
Salinivibrio_kushneri	SRR12765627	NA
Salinivibrio_kushneri	SRR12765628	NA
Salinivibrio_kushneri	SRR12765629	NA
Salinivibrio_kushneri	SRR12765630	NA
Salinivibrio_kushneri	SRR12765631	NA
Salinivibrio_kushneri	SRR12765632	NA
Salinivibrio_kushneri	SRR12765633	NA
Salinivibrio_kushneri	SRR12765634	NA
Salinivibrio_kushneri	SRR12765635	NA
Salinivibrio_kushneri	SRR12765636	NA
Salinivibrio_kushneri	SRR12765637	NA
Salinivibrio_kushneri	SRR12765638	NA
Salinivibrio_kushneri	SRR12765639	NA
Salinivibrio_kushneri	SRR12765640	NA
Salinivibrio_kushneri	SRR12765641	NA
Salinivibrio_kushneri	SRR12765642	NA
Salinivibrio_kushneri	SRR12765643	NA
Salinivibrio_kushneri	SRR12765644	NA
Salinivibrio_kushneri	SRR12765645	NA
Salinivibrio_kushneri	SRR12765646	NA
Salinivibrio_kushneri	SRR12765647	NA
Salinivibrio_kushneri	SRR12765648	NA
Salinivibrio_kushneri	SRR12765649	NA
Salinivibrio_kushneri	SRR12765650	NA
Salinivibrio_kushneri	SRR12765651	NA
Salinivibrio_kushneri	SRR12765652	NA
Salinivibrio_kushneri	SRR12774664	0
Salinivibrio_kushneri	SRR12774665	0
Salinivibrio_kushneri	SRR12774666	0
Salinivibrio_kushneri	SRR12774667	0
Salinivibrio_kushneri	SRR12774668	0
Salinivibrio_kushneri	SRR12774669	0
Salinivibrio_kushneri	SRR12774670	0
Salinivibrio_kushneri	SRR12774671	0
Salinivibrio_kushneri	SRR12774672	0
Salinivibrio_kushneri	SRR12774673	0
Salinivibrio_kushneri	SRR12774674	0
Salinivibrio_kushneri	SRR12774675	0
Salinivibrio_kushneri	SRR12774676	0
Salinivibrio_kushneri	SRR12774677	0
Salinivibrio_kushneri	SRR12774678	0
Salinivibrio_kushneri	SRR12774679	1
Salinivibrio_kushneri	SRR12774680	0
Salinivibrio_kushneri	SRR12774681	0
Salinivibrio_kushneri	SRR12774682	0
Salinivibrio_kushneri	SRR12774683	0
Salinivibrio_kushneri	SRR12774684	1
Salinivibrio_kushneri	SRR12774685	0
Salinivibrio_kushneri	SRR12774686	0
Salinivibrio_kushneri	SRR12774687	0
Salinivibrio_kushneri	SRR1609360	0
Salinivibrio_kushneri	SRR1609361	0
Salinivibrio_kushneri	SRR1609362	0
Salinivibrio_kushneri	SRR1609363	0
Salinivibrio_kushneri	SRR1609364	0
Salinivibrio_kushneri	SRR1609365	0
Salinivibrio_kushneri	SRR1609366	0
Salinivibrio_kushneri	SRR1609367	0
Salinivibrio_kushneri	SRR1609368	0
Salinivibrio_kushneri	SRR1609369	0
Salinivibrio_kushneri	SRR1609370	0
Salinivibrio_kushneri	SRR1609371	0
Salinivibrio_kushneri	SRR1609372	0
Salinivibrio_kushneri	SRR1609373	0
Salinivibrio_kushneri	SRR1609374	0
Salinivibrio_kushneri	SRR1609375	0
Salinivibrio_kushneri	SRR1609376	0
Salinivibrio_kushneri	SRR1609377	0
Salinivibrio_kushneri	SRR1609378	0
Salinivibrio_kushneri	SRR1609379	0
Salinivibrio_kushneri	SRR1609380	0
Salinivibrio_kushneri	SRR1609381	0
Salinivibrio_kushneri	SRR1609382	0
Salinivibrio_kushneri	SRR1609383	0
Salinivibrio_kushneri	SRR1609384	0
Salinivibrio_kushneri	SRR1609385	0
Salinivibrio_kushneri	SRR1609386	0
Salinivibrio_kushneri	SRR1609387	0
Salinivibrio_kushneri	SRR1609388	0
Salinivibrio_kushneri	SRR1609389	0
Salinivibrio_kushneri	SRR1609390	0
Salinivibrio_kushneri	SRR1609391	0
Salinivibrio_kushneri	SRR1609392	0
Salinivibrio_kushneri	SRR1609393	0
Salinivibrio_kushneri	SRR1609394	0
Salinivibrio_kushneri	SRR1609395	0
Salinivibrio_kushneri	SRR1609396	0
Salinivibrio_kushneri	SRR1609397	0
Salinivibrio_kushneri	SRR1609398	0
Salinivibrio_kushneri	SRR1609399	0
Salinivibrio_kushneri	SRR1609400	0
Salinivibrio_kushneri	SRR1609401	0
Salinivibrio_kushneri	SRR1609402	0
Salinivibrio_kushneri	SRR1609403	0
Salinivibrio_kushneri	SRR1609404	0
Salinivibrio_kushneri	SRR1609405	0
Salinivibrio_kushneri	SRR1609406	0
Salinivibrio_kushneri	SRR1609407	0
Salinivibrio_kushneri	SRR1609408	0
Salinivibrio_kushneri	SRR1609409	0
Salinivibrio_kushneri	SRR1609410	0
Salinivibrio_kushneri	SRR1609411	0
Salinivibrio_kushneri	SRR1609412	0
Salinivibrio_kushneri	SRR1609413	0
Salinivibrio_kushneri	SRR1609414	0
Salinivibrio_kushneri	SRR1609415	0
Salinivibrio_kushneri	SRR1609416	0
Salinivibrio_kushneri	SRR1609417	0
Salinivibrio_kushneri	SRR1609418	0
Salinivibrio_kushneri	SRR1609419	0
Salinivibrio_kushneri	SRR1609420	0
Salinivibrio_kushneri	SRR1609421	0
Salinivibrio_kushneri	SRR1609422	0
Salinivibrio_kushneri	SRR1609423	0
Salinivibrio_kushneri	SRR1609424	0
Salinivibrio_kushneri	SRR1609425	0
Salinivibrio_kushneri	SRR1609426	0
Salinivibrio_kushneri	SRR1609427	0
Salinivibrio_kushneri	SRR1609428	0
Salinivibrio_kushneri	SRR1609429	0
Salinivibrio_kushneri	SRR1609430	0
Salinivibrio_kushneri	SRR1609431	0
Salinivibrio_kushneri	SRR1609432	0
Salinivibrio_kushneri	SRR1609433	0
Salinivibrio_kushneri	SRR1609434	0
Salinivibrio_kushneri	SRR1609435	0
Salinivibrio_kushneri	SRR1609436	0
Salinivibrio_kushneri	SRR1609437	0
Salinivibrio_kushneri	SRR1609438	0
Salinivibrio_kushneri	SRR1609439	0
Salinivibrio_kushneri	SRR1609440	0
Salinivibrio_kushneri	SRR1609441	0
Salinivibrio_kushneri	SRR1609442	0
Salinivibrio_kushneri	SRR1609443	0
Salinivibrio_kushneri	SRR1609444	0
Salinivibrio_kushneri	SRR1609445	0
Salinivibrio_kushneri	SRR1609446	0
Salinivibrio_kushneri	SRR1609447	0
Salinivibrio_kushneri	SRR1609448	0
Salinivibrio_kushneri	SRR1609449	0
Salinivibrio_kushneri	SRR1609450	0
Salinivibrio_kushneri	SRR1609451	0
Salinivibrio_kushneri	SRR1609452	0
Salinivibrio_kushneri	SRR1609453	0
Salinivibrio_kushneri	SRR1609454	0
Salinivibrio_kushneri	SRR1609455	0
Salinivibrio_kushneri	SRR1609456	0
Salinivibrio_kushneri	SRR1609457	0
Salinivibrio_kushneri	SRR1609458	0
Salinivibrio_kushneri	SRR1609459	0
Salinivibrio_kushneri	SRR1609460	0
Salinivibrio_kushneri	SRR1609461	0
Salinivibrio_kushneri	SRR1609462	0
Salinivibrio_kushneri	SRR1609463	0
Salinivibrio_kushneri	SRR1609464	0
Salinivibrio_kushneri	SRR1609465	0
Salinivibrio_kushneri	SRR1609466	0
Salinivibrio_kushneri	SRR1609467	0
Salinivibrio_kushneri	SRR1609468	0
Salinivibrio_kushneri	SRR1609469	0
Salinivibrio_kushneri	SRR1609470	0
Salinivibrio_kushneri	SRR1609471	0
Salinivibrio_kushneri	SRR1609472	0
Salinivibrio_kushneri	SRR1609473	0
Salinivibrio_kushneri	SRR1609474	0
Salinivibrio_kushneri	SRR1609475	0
Salinivibrio_kushneri	SRR1609476	0
Salinivibrio_kushneri	SRR1609477	0
Salinivibrio_kushneri	SRR1609478	0
Salinivibrio_kushneri	SRR1609479	0
Salinivibrio_kushneri	SRR1609480	0
Salinivibrio_kushneri	SRR1609481	0
Salinivibrio_kushneri	SRR1609482	0
Salinivibrio_kushneri	SRR1609483	0
Salinivibrio_kushneri	SRR1609484	0
Salinivibrio_kushneri	SRR1609485	0
Salinivibrio_kushneri	SRR1609486	0
Salinivibrio_kushneri	SRR1609487	0
Salinivibrio_kushneri	SRR1609488	0
Salinivibrio_kushneri	SRR1609489	0
Salinivibrio_kushneri	SRR1609490	0
Salinivibrio_kushneri	SRR1609491	0
Salinivibrio_kushneri	SRR1609492	0
Salinivibrio_kushneri	SRR1609493	0
Salinivibrio_kushneri	SRR1609494	0
Salinivibrio_kushneri	SRR1609495	0
Salinivibrio_kushneri	SRR1609496	0
Salinivibrio_kushneri	SRR1609497	0
Salinivibrio_kushneri	SRR1609498	0
Salinivibrio_kushneri	SRR1609499	0
Salinivibrio_kushneri	SRR1609500	0
Salinivibrio_kushneri	SRR1609501	0
Salinivibrio_kushneri	SRR1609502	0
Salinivibrio_kushneri	SRR1609503	0
Salinivibrio_kushneri	SRR1609504	0
Salinivibrio_kushneri	SRR1609505	0
Salinivibrio_kushneri	SRR1609506	0
Salinivibrio_kushneri	SRR1609507	0
Salinivibrio_kushneri	SRR1609508	0
Salinivibrio_kushneri	SRR1609509	0
Salinivibrio_kushneri	SRR1609510	0
Salinivibrio_kushneri	SRR1609511	0
Salinivibrio_kushneri	SRR1609512	0
Salinivibrio_kushneri	SRR1609513	0
Salinivibrio_kushneri	SRR1609514	0
Salinivibrio_kushneri	SRR1609515	0
Salinivibrio_kushneri	SRR1609516	0
Salinivibrio_kushneri	SRR1609517	0
Salinivibrio_kushneri	SRR1609518	0
Salinivibrio_kushneri	SRR1609519	0
Salinivibrio_kushneri	SRR1609520	0
Salinivibrio_kushneri	SRR1609521	0
Salinivibrio_kushneri	SRR1609522	0
Salinivibrio_kushneri	SRR1609523	0
Salinivibrio_kushneri	SRR1609524	0
Salinivibrio_kushneri	SRR1609525	0
Salinivibrio_kushneri	SRR1609526	0
Salinivibrio_kushneri	SRR1609527	0
Salinivibrio_kushneri	SRR1609528	0
Salinivibrio_kushneri	SRR1609529	0
Salinivibrio_kushneri	SRR1609530	0
Salinivibrio_kushneri	SRR1609531	0
Salinivibrio_kushneri	SRR1609532	0
Salinivibrio_kushneri	SRR1609533	0
Salinivibrio_kushneri	SRR1609534	0
Salinivibrio_kushneri	SRR1609535	0
Salinivibrio_kushneri	SRR1609536	0
Salinivibrio_kushneri	SRR1609537	0
Salinivibrio_kushneri	SRR1609538	0
Salinivibrio_kushneri	SRR1609539	2
Salinivibrio_kushneri	SRR1609540	0
Salinivibrio_kushneri	SRR1609541	0
Salinivibrio_kushneri	SRR1609542	0
Salinivibrio_kushneri	SRR1609543	0
Salinivibrio_kushneri	SRR1609544	0
Salinivibrio_kushneri	SRR1609545	0
Salinivibrio_kushneri	SRR1609546	0
Salinivibrio_kushneri	SRR1609547	0
Salinivibrio_kushneri	SRR1609548	0
Salinivibrio_kushneri	SRR1609549	0
Salinivibrio_kushneri	SRR1609550	0
Salinivibrio_kushneri	SRR1609551	0
Salinivibrio_kushneri	SRR1609552	0
Salinivibrio_kushneri	SRR1609553	0
Salinivibrio_kushneri	SRR1609554	0
Salinivibrio_kushneri	SRR1609555	0
Salinivibrio_kushneri	SRR1609556	0
Salinivibrio_kushneri	SRR1609557	0
Salinivibrio_kushneri	SRR1609558	0
Salinivibrio_kushneri	SRR1609559	0
Salinivibrio_kushneri	SRR1609560	0
Salinivibrio_kushneri	SRR1609561	0
Salinivibrio_kushneri	SRR1609562	0
Salinivibrio_kushneri	SRR1609563	0
Salinivibrio_kushneri	SRR1609564	0
Salinivibrio_kushneri	SRR1609565	0
Salinivibrio_kushneri	SRR1609566	0
Salinivibrio_kushneri	SRR1609567	0
Salinivibrio_kushneri	SRR1609568	0
Salinivibrio_kushneri	SRR1609569	0
Salinivibrio_kushneri	SRR1609570	0
Salinivibrio_kushneri	SRR1609571	0
Salinivibrio_kushneri	SRR1609572	0
Salinivibrio_kushneri	SRR1609573	0
Salinivibrio_kushneri	SRR1609574	0
Salinivibrio_kushneri	SRR1609575	0
Salinivibrio_kushneri	SRR1609576	0
Salinivibrio_kushneri	SRR1609577	0
Salinivibrio_kushneri	SRR1609578	0
Salinivibrio_kushneri	SRR1609579	0
Salinivibrio_kushneri	SRR1609580	0
Salinivibrio_kushneri	SRR1609581	0
Salinivibrio_kushneri	SRR1609582	0
Salinivibrio_kushneri	SRR1609583	0
Salinivibrio_kushneri	SRR1609584	0
Salinivibrio_kushneri	SRR1609585	0
Salinivibrio_kushneri	SRR1609586	0
Salinivibrio_kushneri	SRR1609587	0
Salinivibrio_kushneri	SRR1609588	0
Salinivibrio_kushneri	SRR1609589	0
Salinivibrio_kushneri	SRR1609590	0
Salinivibrio_kushneri	SRR1609591	0
Salinivibrio_kushneri	SRR1609592	0
Salinivibrio_kushneri	SRR1609593	0
Salinivibrio_kushneri	SRR1609594	0
Salinivibrio_kushneri	SRR1609595	0
Salinivibrio_kushneri	SRR1609596	0
Salinivibrio_kushneri	SRR1609597	0
Salinivibrio_kushneri	SRR1609598	0
Salinivibrio_kushneri	SRR1609599	0
Salinivibrio_kushneri	SRR1609600	0
Salinivibrio_kushneri	SRR1609601	0
Salinivibrio_kushneri	SRR1609602	0
Salinivibrio_kushneri	SRR1609603	0
Salinivibrio_kushneri	SRR1609604	0
Salinivibrio_kushneri	SRR1609605	0
Salinivibrio_kushneri	SRR1609606	0
Salinivibrio_kushneri	SRR1609607	0
Salinivibrio_kushneri	SRR1609608	0
Salinivibrio_kushneri	SRR1609609	0
Salinivibrio_kushneri	SRR1609610	0
Salinivibrio_kushneri	SRR1609611	0
Salinivibrio_kushneri	SRR1609612	0
Salinivibrio_kushneri	SRR1609613	0
Salinivibrio_kushneri	SRR1609614	0
Salinivibrio_kushneri	SRR1609615	0
Salinivibrio_kushneri	SRR1609616	0
Salinivibrio_kushneri	SRR1609617	0
Salinivibrio_kushneri	SRR1609618	0
Salinivibrio_kushneri	SRR1609619	0
Salinivibrio_kushneri	SRR1609620	0
Salinivibrio_kushneri	SRR1609621	0
Salinivibrio_kushneri	SRR1609622	0
Salinivibrio_kushneri	SRR1609623	0
Salinivibrio_kushneri	SRR1609624	0
Salinivibrio_kushneri	SRR1609625	0
Salinivibrio_kushneri	SRR1609626	0
Salinivibrio_kushneri	SRR1609627	0
Salinivibrio_kushneri	SRR1609628	0
Salinivibrio_kushneri	SRR1609629	0
Salinivibrio_kushneri	SRR1609630	0
Salinivibrio_kushneri	SRR1609631	0
Salinivibrio_kushneri	SRR1609632	0
Salinivibrio_kushneri	SRR1609633	0
Salinivibrio_kushneri	SRR1609634	0
Salinivibrio_kushneri	SRR1609635	0
Salinivibrio_kushneri	SRR1609636	0
Salinivibrio_kushneri	SRR1609637	0
Salinivibrio_kushneri	SRR1609638	0
Salinivibrio_kushneri	SRR1609639	0
Salinivibrio_kushneri	SRR1609640	0
Salinivibrio_kushneri	SRR1609641	0
Salinivibrio_kushneri	SRR1609642	0
Salinivibrio_kushneri	SRR1609643	0
Salinivibrio_kushneri	SRR1609644	0
Salinivibrio_kushneri	SRR1609645	0
Salinivibrio_kushneri	SRR1609646	0
Salinivibrio_kushneri	SRR1609647	0
Salinivibrio_kushneri	SRR1609648	0
Salinivibrio_kushneri	SRR1609649	0
Salinivibrio_kushneri	SRR1609650	0
Salinivibrio_kushneri	SRR1609651	0
Salinivibrio_kushneri	SRR1609652	0
Salinivibrio_kushneri	SRR1609653	0
Salinivibrio_kushneri	SRR1609654	0
Salinivibrio_kushneri	SRR1609655	0
Salinivibrio_kushneri	SRR1609656	0
Salinivibrio_kushneri	SRR1609657	0
Salinivibrio_kushneri	SRR1609658	0
Salinivibrio_kushneri	SRR1609659	0
Salinivibrio_kushneri	SRR1609660	0
Salinivibrio_kushneri	SRR1609661	0
Salinivibrio_kushneri	SRR1609662	0
Salinivibrio_kushneri	SRR1609663	0
Salinivibrio_kushneri	SRR1609664	0
Salinivibrio_kushneri	SRR1609665	0
Salinivibrio_kushneri	SRR1609666	0
Salinivibrio_kushneri	SRR1609667	0
Salinivibrio_kushneri	SRR1609668	0
Salinivibrio_kushneri	SRR1609669	0
Salinivibrio_kushneri	SRR1746771	NA
Salinivibrio_kushneri	SRR1746772	NA
Salinivibrio_kushneri	SRR1746773	NA
Salinivibrio_kushneri	SRR1746774	NA
Salinivibrio_kushneri	SRR1746775	NA
Salinivibrio_kushneri	SRR1746776	NA
Salinivibrio_kushneri	SRR1746777	NA
Salinivibrio_kushneri	SRR1746778	NA
Salinivibrio_kushneri	SRR1746779	NA
Salinivibrio_kushneri	SRR1746780	NA
Salinivibrio_kushneri	SRR1746781	NA
Salinivibrio_kushneri	SRR1746782	NA
Salinivibrio_kushneri	SRR1746783	NA
Salinivibrio_kushneri	SRR1746784	NA
Salinivibrio_kushneri	SRR1782685	0
Salinivibrio_kushneri	SRR1782686	0
Salinivibrio_kushneri	SRR1782687	0
Salinivibrio_kushneri	SRR1782688	0
Salinivibrio_kushneri	SRR1782689	0
Salinivibrio_kushneri	SRR1782690	0
Salinivibrio_kushneri	SRR1782691	0
Salinivibrio_kushneri	SRR1782692	0
Salinivibrio_kushneri	SRR1782693	0
Salinivibrio_kushneri	SRR1782694	0
Salinivibrio_kushneri	SRR1782695	0
Salinivibrio_kushneri	SRR1782696	0
Salinivibrio_kushneri	SRR1782697	0
Salinivibrio_kushneri	SRR1782698	0
Salinivibrio_kushneri	SRR1782699	0
Salinivibrio_kushneri	SRR1782700	0
Salinivibrio_kushneri	SRR1782701	0
Salinivibrio_kushneri	SRR1782702	0
Salinivibrio_kushneri	SRR1782703	0
Salinivibrio_kushneri	SRR1782704	0
Salinivibrio_kushneri	SRR1782705	0
Salinivibrio_kushneri	SRR1782706	0
Salinivibrio_kushneri	SRR1782707	0
Salinivibrio_kushneri	SRR1782708	0
Salinivibrio_kushneri	SRR1782709	0
Salinivibrio_kushneri	SRR1782710	0
Salinivibrio_kushneri	SRR1782711	0
Salinivibrio_kushneri	SRR1782712	0
Salinivibrio_kushneri	SRR1782713	0
Salinivibrio_kushneri	SRR1782714	0
Salinivibrio_kushneri	SRR1782715	0
Salinivibrio_kushneri	SRR1782716	0
Salinivibrio_kushneri	SRR1782717	0
Salinivibrio_kushneri	SRR1782718	0
Salinivibrio_kushneri	SRR1782719	0
Salinivibrio_kushneri	SRR1782720	0
Salinivibrio_kushneri	SRR1782721	0
Salinivibrio_kushneri	SRR1782722	0
Salinivibrio_kushneri	SRR1782723	0
Salinivibrio_kushneri	SRR1782724	0
Salinivibrio_kushneri	SRR1782725	0
Salinivibrio_kushneri	SRR1782726	0
Salinivibrio_kushneri	SRR1782727	0
Salinivibrio_kushneri	SRR1782728	0
Salinivibrio_kushneri	SRR1782729	0
Salinivibrio_kushneri	SRR1782730	0
Salinivibrio_kushneri	SRR1782731	0
Salinivibrio_kushneri	SRR1782732	0
Salinivibrio_kushneri	SRR1782733	0
Salinivibrio_kushneri	SRR1782734	0
Salinivibrio_kushneri	SRR1782735	0
Salinivibrio_kushneri	SRR1782736	0
Salinivibrio_kushneri	SRR1782737	0
Salinivibrio_kushneri	SRR1782738	0
Salinivibrio_kushneri	SRR1782739	0
Salinivibrio_kushneri	SRR1782740	0
Salinivibrio_kushneri	SRR1782741	0
Salinivibrio_kushneri	SRR1782742	0
Salinivibrio_kushneri	SRR1782743	0
Salinivibrio_kushneri	SRR1782744	0
Salinivibrio_kushneri	SRR1782745	0
Salinivibrio_kushneri	SRR1782746	0
Salinivibrio_kushneri	SRR1782747	0
Salinivibrio_kushneri	SRR1782748	0
Salinivibrio_kushneri	SRR1782749	0
Salinivibrio_kushneri	SRR1782750	0
Salinivibrio_kushneri	SRR1782751	0
Salinivibrio_kushneri	SRR1782752	0
Salinivibrio_kushneri	SRR1782753	0
Salinivibrio_kushneri	SRR1782754	0
Salinivibrio_kushneri	SRR1782755	0
Salinivibrio_kushneri	SRR1782756	0
Salinivibrio_kushneri	SRR1782757	0
Salinivibrio_kushneri	SRR1782758	0
Salinivibrio_kushneri	SRR1782759	0
Salinivibrio_kushneri	SRR1782760	0
Salinivibrio_kushneri	SRR1782761	0
Salinivibrio_kushneri	SRR1782762	0
Salinivibrio_kushneri	SRR1782763	0
Salinivibrio_kushneri	SRR1782764	0
Salinivibrio_kushneri	SRR1782765	0
Salinivibrio_kushneri	SRR1782766	0
Salinivibrio_kushneri	SRR1782767	0
Salinivibrio_kushneri	SRR1782768	0
Salinivibrio_kushneri	SRR1782769	0
Salinivibrio_kushneri	SRR1782770	0
Salinivibrio_kushneri	SRR1782771	0
Salinivibrio_kushneri	SRR1782772	0
Salinivibrio_kushneri	SRR1782773	0
Salinivibrio_kushneri	SRR1782774	0
Salinivibrio_kushneri	SRR1782775	0
Salinivibrio_kushneri	SRR1782776	0
Salinivibrio_kushneri	SRR1782777	0
Salinivibrio_kushneri	SRR1782778	0
Salinivibrio_kushneri	SRR1782779	0
Salinivibrio_kushneri	SRR1782780	0
Salinivibrio_kushneri	SRR1782781	0
Salinivibrio_kushneri	SRR1782782	0
Salinivibrio_kushneri	SRR1782783	2
Salinivibrio_kushneri	SRR1782784	0
Salinivibrio_kushneri	SRR1782785	0
Salinivibrio_kushneri	SRR1782786	0
Salinivibrio_kushneri	SRR1782787	0
Salinivibrio_kushneri	SRR1782788	0
Salinivibrio_kushneri	SRR1782789	0
Salinivibrio_kushneri	SRR1782790	0
Salinivibrio_kushneri	SRR1782791	0
Salinivibrio_kushneri	SRR1782792	0
Salinivibrio_kushneri	SRR1782793	0
Salinivibrio_kushneri	SRR1782794	0
Salinivibrio_kushneri	SRR1782795	0
Salinivibrio_kushneri	SRR1782796	0
Salinivibrio_kushneri	SRR1782797	0
Salinivibrio_kushneri	SRR1782798	0
Salinivibrio_kushneri	SRR1782799	0
Salinivibrio_kushneri	SRR1782800	0
Salinivibrio_kushneri	SRR1782801	0
Salinivibrio_kushneri	SRR1782802	0
Salinivibrio_kushneri	SRR1782803	0
Salinivibrio_kushneri	SRR1782804	0
Salinivibrio_kushneri	SRR1782805	0
Salinivibrio_kushneri	SRR1782806	0
Salinivibrio_kushneri	SRR1782807	0
Salinivibrio_kushneri	SRR1782808	0
Salinivibrio_kushneri	SRR1782809	0
Salinivibrio_kushneri	SRR1782810	0
Salinivibrio_kushneri	SRR1782811	0
Salinivibrio_kushneri	SRR1782812	0
Salinivibrio_kushneri	SRR1782813	0
Salinivibrio_kushneri	SRR1782814	0
Salinivibrio_kushneri	SRR1782815	0
Salinivibrio_kushneri	SRR1782816	0
Salinivibrio_kushneri	SRR1782817	0
Salinivibrio_kushneri	SRR1782818	0
Salinivibrio_kushneri	SRR1782819	0
Salinivibrio_kushneri	SRR1782820	0
Salinivibrio_kushneri	SRR1782821	0
Salinivibrio_kushneri	SRR1782822	0
Salinivibrio_kushneri	SRR1782823	0
Salinivibrio_kushneri	SRR1782824	0
Salinivibrio_kushneri	SRR1782825	0
Salinivibrio_kushneri	SRR1782826	0
Salinivibrio_kushneri	SRR1782827	0
Salinivibrio_kushneri	SRR1782828	0
Salinivibrio_kushneri	SRR1782829	0
Salinivibrio_kushneri	SRR1782830	0
Salinivibrio_kushneri	SRR1782831	0
Salinivibrio_kushneri	SRR1782832	0
Salinivibrio_kushneri	SRR1782833	0
Salinivibrio_kushneri	SRR1782834	0
Salinivibrio_kushneri	SRR1782835	0
Salinivibrio_kushneri	SRR1782836	0
Salinivibrio_kushneri	SRR1782837	0
Salinivibrio_kushneri	SRR1782838	0
Salinivibrio_kushneri	SRR1782839	0
Salinivibrio_kushneri	SRR1782840	0
Salinivibrio_kushneri	SRR1782841	0
Salinivibrio_kushneri	SRR1782842	0
Salinivibrio_kushneri	SRR1782843	0
Salinivibrio_kushneri	SRR1782844	0
Salinivibrio_kushneri	SRR1782845	0
Salinivibrio_kushneri	SRR1782846	0
Salinivibrio_kushneri	SRR1782847	0
Salinivibrio_kushneri	SRR1782848	0
Salinivibrio_kushneri	SRR1782849	0
Salinivibrio_kushneri	SRR1782850	0
Salinivibrio_kushneri	SRR1782851	0
Salinivibrio_kushneri	SRR1782852	0
Salinivibrio_kushneri	SRR1782853	0
Salinivibrio_kushneri	SRR1782854	0
Salinivibrio_kushneri	SRR1782855	0
Salinivibrio_kushneri	SRR1782856	0
Salinivibrio_kushneri	SRR1782857	0
Salinivibrio_kushneri	SRR1782858	0
Salinivibrio_kushneri	SRR1782859	0
Salinivibrio_kushneri	SRR1782860	0
Salinivibrio_kushneri	SRR1782861	0
Salinivibrio_kushneri	SRR1782862	0
Salinivibrio_kushneri	SRR1782863	0
Salinivibrio_kushneri	SRR1782864	0
Salinivibrio_kushneri	SRR1782865	0
Salinivibrio_kushneri	SRR1782866	0
Salinivibrio_kushneri	SRR1782867	0
Salinivibrio_kushneri	SRR1782868	0
Salinivibrio_kushneri	SRR1782869	0
Salinivibrio_kushneri	SRR1782870	0
Salinivibrio_kushneri	SRR1782871	0
Salinivibrio_kushneri	SRR1782872	0
Salinivibrio_kushneri	SRR1782873	0
Salinivibrio_kushneri	SRR1782874	0
Salinivibrio_kushneri	SRR1782875	0
Salinivibrio_kushneri	SRR1782876	0
Salinivibrio_kushneri	SRR1782877	0
Salinivibrio_kushneri	SRR1782878	0
Salinivibrio_kushneri	SRR1782879	0
Salinivibrio_kushneri	SRR1782880	0
Salinivibrio_kushneri	SRR1782881	0
Salinivibrio_kushneri	SRR1782882	0
Salinivibrio_kushneri	SRR1782883	0
Salinivibrio_kushneri	SRR1782884	0
Salinivibrio_kushneri	SRR1782885	0
Salinivibrio_kushneri	SRR1782886	0
Salinivibrio_kushneri	SRR1782887	0
Salinivibrio_kushneri	SRR1782888	0
Salinivibrio_kushneri	SRR1782889	0
Salinivibrio_kushneri	SRR1782890	0
Salinivibrio_kushneri	SRR1782891	0
Salinivibrio_kushneri	SRR1782892	0
Salinivibrio_kushneri	SRR1782893	0
Salinivibrio_kushneri	SRR1782894	0
Salinivibrio_kushneri	SRR1782895	0
Salinivibrio_kushneri	SRR1782896	0
Salinivibrio_kushneri	SRR1782897	0
Salinivibrio_kushneri	SRR1782898	0
Salinivibrio_kushneri	SRR1782899	0
Salinivibrio_kushneri	SRR1782900	0
Salinivibrio_kushneri	SRR1782901	0
Salinivibrio_kushneri	SRR1782902	0
Salinivibrio_kushneri	SRR1782903	0
Salinivibrio_kushneri	SRR1782904	0
Salinivibrio_kushneri	SRR1782905	0
Salinivibrio_kushneri	SRR1782906	0
Salinivibrio_kushneri	SRR1782907	0
Salinivibrio_kushneri	SRR1782908	0
Salinivibrio_kushneri	SRR1782909	0
Salinivibrio_kushneri	SRR1782910	0
Salinivibrio_kushneri	SRR1782911	0
Salinivibrio_kushneri	SRR1782912	0
Salinivibrio_kushneri	SRR1782913	0
Salinivibrio_kushneri	SRR1782914	0
Salinivibrio_kushneri	SRR1782915	0
Salinivibrio_kushneri	SRR1782916	0
Salinivibrio_kushneri	SRR1782917	0
Salinivibrio_kushneri	SRR1782918	0
Salinivibrio_kushneri	SRR1782919	0
Salinivibrio_kushneri	SRR1782920	0
Salinivibrio_kushneri	SRR1782921	0
Salinivibrio_kushneri	SRR1782922	0
Salinivibrio_kushneri	SRR1782923	0
Salinivibrio_kushneri	SRR1782924	0
Salinivibrio_kushneri	SRR1782925	0
Salinivibrio_kushneri	SRR1782926	0
Salinivibrio_kushneri	SRR1782927	0
Salinivibrio_kushneri	SRR1782928	0
Salinivibrio_kushneri	SRR1782929	0
Salinivibrio_kushneri	SRR1782930	0
Salinivibrio_kushneri	SRR1782931	0
Salinivibrio_kushneri	SRR1782932	0
Salinivibrio_kushneri	SRR1782933	0
Salinivibrio_kushneri	SRR1782934	0
Salinivibrio_kushneri	SRR1782935	0
Salinivibrio_kushneri	SRR1782936	0
Salinivibrio_kushneri	SRR1782937	0
Salinivibrio_kushneri	SRR1782938	0
Salinivibrio_kushneri	SRR1782939	0
Salinivibrio_kushneri	SRR1782940	0
Salinivibrio_kushneri	SRR1782941	0
Salinivibrio_kushneri	SRR1782942	0
Salinivibrio_kushneri	SRR1782943	0
Salinivibrio_kushneri	SRR1782944	0
Salinivibrio_kushneri	SRR1782945	0
Salinivibrio_kushneri	SRR1782946	0
Salinivibrio_kushneri	SRR1782947	0
Salinivibrio_kushneri	SRR1782948	0
Salinivibrio_kushneri	SRR1782949	0
Salinivibrio_kushneri	SRR1782950	0
Salinivibrio_kushneri	SRR1782951	0
Salinivibrio_kushneri	SRR1782952	0
Salinivibrio_kushneri	SRR1782953	0
Salinivibrio_kushneri	SRR1782954	0
Salinivibrio_kushneri	SRR1782955	0
Salinivibrio_kushneri	SRR1782956	0
Salinivibrio_kushneri	SRR1782957	0
Salinivibrio_kushneri	SRR1782958	0
Salinivibrio_kushneri	SRR1782959	0
Salinivibrio_kushneri	SRR1782960	0
Salinivibrio_kushneri	SRR1782961	0
Salinivibrio_kushneri	SRR1782962	0
Salinivibrio_kushneri	SRR1782963	0
Salinivibrio_kushneri	SRR1782964	0
Salinivibrio_kushneri	SRR1782965	0
Salinivibrio_kushneri	SRR1782966	0
Salinivibrio_kushneri	SRR1782967	0
Salinivibrio_kushneri	SRR1782968	0
Salinivibrio_kushneri	SRR1782969	0
Salinivibrio_kushneri	SRR1782970	0
Salinivibrio_kushneri	SRR1782971	0
Salinivibrio_kushneri	SRR1782972	0
Salinivibrio_kushneri	SRR1782973	0
Salinivibrio_kushneri	SRR1782974	0
Salinivibrio_kushneri	SRR1782975	0
Salinivibrio_kushneri	SRR1782976	0
Salinivibrio_kushneri	SRR1782977	0
Salinivibrio_kushneri	SRR1782978	0
Salinivibrio_kushneri	SRR1782979	0
Salinivibrio_kushneri	SRR1782980	0
Salinivibrio_kushneri	SRR1782981	0
Salinivibrio_kushneri	SRR1782982	0
Salinivibrio_kushneri	SRR1782983	0
Salinivibrio_kushneri	SRR1782984	0
Salinivibrio_kushneri	SRR1782985	0
Salinivibrio_kushneri	SRR1782986	0
Salinivibrio_kushneri	SRR1782987	0
Salinivibrio_kushneri	SRR1782988	0
Salinivibrio_kushneri	SRR1782989	0
Salinivibrio_kushneri	SRR1782990	0
Salinivibrio_kushneri	SRR1782991	0
Salinivibrio_kushneri	SRR1782992	0
Salinivibrio_kushneri	SRR1782993	0
Salinivibrio_kushneri	SRR1782994	0
Salinivibrio_kushneri	SRR1782995	0
Salinivibrio_kushneri	SRR1782996	0
Salinivibrio_kushneri	SRR1782997	0
Salinivibrio_kushneri	SRR1782998	0
Salinivibrio_kushneri	SRR1782999	0
Salinivibrio_kushneri	SRR1783000	0
Salinivibrio_kushneri	SRR1783001	0
Salinivibrio_kushneri	SRR1783002	0
Salinivibrio_kushneri	SRR1783003	0
Salinivibrio_kushneri	SRR1783004	0
Salinivibrio_kushneri	SRR1783005	0
Salinivibrio_kushneri	SRR1783006	0
Salinivibrio_kushneri	SRR1813867	NA
Salinivibrio_kushneri	SRR1813868	NA
Salinivibrio_kushneri	SRR1813869	NA
Salinivibrio_kushneri	SRR1813870	NA
Salinivibrio_kushneri	SRR1813871	NA
Salinivibrio_kushneri	SRR1813872	NA
Salinivibrio_kushneri	SRR1813873	NA
Salinivibrio_kushneri	SRR1813874	NA
Salinivibrio_kushneri	SRR1813875	NA
Salinivibrio_kushneri	SRR1813876	NA
Salinivibrio_kushneri	SRR1813877	NA
Salinivibrio_kushneri	SRR1813878	NA
Salinivibrio_kushneri	SRR1813879	NA
Salinivibrio_kushneri	SRR1813880	NA
Salinivibrio_kushneri	SRR1813881	NA
Salinivibrio_kushneri	SRR1813882	NA
Salinivibrio_kushneri	SRR1813883	NA
Salinivibrio_kushneri	SRR1813884	NA
Salinivibrio_kushneri	SRR1813885	NA
Salinivibrio_kushneri	SRR1813886	NA
Salinivibrio_kushneri	SRR1813887	NA
Salinivibrio_kushneri	SRR1928188	NA
Salinivibrio_kushneri	SRR1928189	NA
Salinivibrio_kushneri	SRR1928190	NA
Salinivibrio_kushneri	SRR1928191	NA
Salinivibrio_kushneri	SRR1928192	NA
Salinivibrio_kushneri	SRR1928193	NA
Salinivibrio_kushneri	SRR2046996	0
Salinivibrio_kushneri	SRR2046997	0
Salinivibrio_kushneri	SRR2046998	0
Salinivibrio_kushneri	SRR2046999	0
Salinivibrio_kushneri	SRR2047000	0
Salinivibrio_kushneri	SRR2047001	0
Salinivibrio_kushneri	SRR2047002	0
Salinivibrio_kushneri	SRR2047003	0
Salinivibrio_kushneri	SRR2047004	0
Salinivibrio_kushneri	SRR2047005	0
Salinivibrio_kushneri	SRR2047006	0
Salinivibrio_kushneri	SRR2047007	0
Salinivibrio_kushneri	SRR2047008	0
Salinivibrio_kushneri	SRR2047009	0
Salinivibrio_kushneri	SRR2313973	NA
Salinivibrio_kushneri	SRR2313974	NA
Salinivibrio_kushneri	SRR2313975	NA
Salinivibrio_kushneri	SRR2313976	NA
Salinivibrio_kushneri	SRR2313977	NA
Salinivibrio_kushneri	SRR2313978	NA
Salinivibrio_kushneri	SRR2313979	NA
Salinivibrio_kushneri	SRR2313980	NA
Salinivibrio_kushneri	SRR2313981	NA
Salinivibrio_kushneri	SRR2313982	NA
Salinivibrio_kushneri	SRR2313983	NA
Salinivibrio_kushneri	SRR2313984	NA
Salinivibrio_kushneri	SRR2313985	NA
Salinivibrio_kushneri	SRR2313986	NA
Salinivibrio_kushneri	SRR2313987	NA
Salinivibrio_kushneri	SRR2313988	NA
Salinivibrio_kushneri	SRR2313989	NA
Salinivibrio_kushneri	SRR2313990	NA
Salinivibrio_kushneri	SRR2313991	NA
Salinivibrio_kushneri	SRR2313992	NA
Salinivibrio_kushneri	SRR2313993	NA
Salinivibrio_kushneri	SRR2313994	NA
Salinivibrio_kushneri	SRR2313995	NA
Salinivibrio_kushneri	SRR2313996	NA
Salinivibrio_kushneri	SRR2313997	NA
Salinivibrio_kushneri	SRR2313998	NA
Salinivibrio_kushneri	SRR2313999	NA
Salinivibrio_kushneri	SRR2314000	NA
Salinivibrio_kushneri	SRR2314001	NA
Salinivibrio_kushneri	SRR2314002	NA
Salinivibrio_kushneri	SRR2314003	NA
Salinivibrio_kushneri	SRR2314004	NA
Salinivibrio_kushneri	SRR2314005	NA
Salinivibrio_kushneri	SRR2314006	NA
Salinivibrio_kushneri	SRR2314007	NA
Salinivibrio_kushneri	SRR2314008	NA
Salinivibrio_kushneri	SRR2314009	NA
Salinivibrio_kushneri	SRR2314010	NA
Salinivibrio_kushneri	SRR2314011	NA
Salinivibrio_kushneri	SRR2314012	NA
Salinivibrio_kushneri	SRR2314013	NA
Salinivibrio_kushneri	SRR2314014	NA
Salinivibrio_kushneri	SRR2314015	NA
Salinivibrio_kushneri	SRR2314016	NA
Salinivibrio_kushneri	SRR2314017	NA
Salinivibrio_kushneri	SRR2314018	NA
Salinivibrio_kushneri	SRR2314019	NA
Salinivibrio_kushneri	SRR2314020	NA
Salinivibrio_kushneri	SRR2314021	NA
Salinivibrio_kushneri	SRR2314022	NA
Salinivibrio_kushneri	SRR2314023	NA
Salinivibrio_kushneri	SRR2314024	NA
Salinivibrio_kushneri	SRR2314025	NA
Salinivibrio_kushneri	SRR2314026	NA
Salinivibrio_kushneri	SRR2314027	NA
Salinivibrio_kushneri	SRR2314028	NA
Salinivibrio_kushneri	SRR2314029	NA
Salinivibrio_kushneri	SRR2314030	NA
Salinivibrio_kushneri	SRR2314031	NA
Salinivibrio_kushneri	SRR2314032	NA
Salinivibrio_kushneri	SRR2314033	NA
Salinivibrio_kushneri	SRR2314034	NA
Salinivibrio_kushneri	SRR2314035	NA
Salinivibrio_kushneri	SRR2314036	NA
Salinivibrio_kushneri	SRR2314037	NA
Salinivibrio_kushneri	SRR2314038	NA
Salinivibrio_kushneri	SRR2314039	NA
Salinivibrio_kushneri	SRR2314040	NA
Salinivibrio_kushneri	SRR2314041	NA
Salinivibrio_kushneri	SRR2314042	NA
Salinivibrio_kushneri	SRR2314043	NA
Salinivibrio_kushneri	SRR2314044	NA
Salinivibrio_kushneri	SRR2314045	NA
Salinivibrio_kushneri	SRR3493774	0
Salinivibrio_kushneri	SRR3493775	0
Salinivibrio_kushneri	SRR3493776	0
Salinivibrio_kushneri	SRR3493777	0
Salinivibrio_kushneri	SRR3493778	0
Salinivibrio_kushneri	SRR3493779	0
Salinivibrio_kushneri	SRR3493780	0
Salinivibrio_kushneri	SRR3493781	0
Salinivibrio_kushneri	SRR3493782	0
Salinivibrio_kushneri	SRR3493783	0
Salinivibrio_kushneri	SRR3493784	0
Salinivibrio_kushneri	SRR3493785	0
Salinivibrio_kushneri	SRR3493786	0
Salinivibrio_kushneri	SRR3493787	0
Salinivibrio_kushneri	SRR3493788	0
Salinivibrio_kushneri	SRR3493789	0
Salinivibrio_kushneri	SRR3493790	0
Salinivibrio_kushneri	SRR3493791	1
Salinivibrio_kushneri	SRR3493792	2
Salinivibrio_kushneri	SRR3493793	0
Salinivibrio_kushneri	SRR3493794	0
Salinivibrio_kushneri	SRR3493795	0
Salinivibrio_kushneri	SRR3493796	0
Salinivibrio_kushneri	SRR3493797	0
Salinivibrio_kushneri	SRR3493798	0
Salinivibrio_kushneri	SRR3493799	0
Salinivibrio_kushneri	SRR3493800	0
Salinivibrio_kushneri	SRR3493801	0
Salinivibrio_kushneri	SRR3493802	0
Salinivibrio_kushneri	SRR3493803	0
Salinivibrio_kushneri	SRR3493804	0
Salinivibrio_kushneri	SRR3493805	0
Salinivibrio_kushneri	SRR3493806	0
Salinivibrio_kushneri	SRR3493807	0
Salinivibrio_kushneri	SRR3493808	0
Salinivibrio_kushneri	SRR3493809	1
Salinivibrio_kushneri	SRR3493810	0
Salinivibrio_kushneri	SRR3493811	0
Salinivibrio_kushneri	SRR3493812	0
Salinivibrio_kushneri	SRR3493813	0
Salinivibrio_kushneri	SRR3493814	0
Salinivibrio_kushneri	SRR3493815	1
Salinivibrio_kushneri	SRR3493816	0
Salinivibrio_kushneri	SRR3493817	0
Salinivibrio_kushneri	SRR3493818	0
Salinivibrio_kushneri	SRR3493819	0
Salinivibrio_kushneri	SRR3493820	0
Salinivibrio_kushneri	SRR3493821	0
Salinivibrio_kushneri	SRR3493822	0
Salinivibrio_kushneri	SRR3493823	0
Salinivibrio_kushneri	SRR3493824	0
Salinivibrio_kushneri	SRR3493825	1
Salinivibrio_kushneri	SRR3493826	0
Salinivibrio_kushneri	SRR3493827	0
Salinivibrio_kushneri	SRR3493828	1
Salinivibrio_kushneri	SRR3493829	1
Salinivibrio_kushneri	SRR3493830	0
Salinivibrio_kushneri	SRR3493831	0
Salinivibrio_kushneri	SRR3493832	0
Salinivibrio_kushneri	SRR3493833	0
Salinivibrio_kushneri	SRR3493834	0
Salinivibrio_kushneri	SRR3493835	0
Salinivibrio_kushneri	SRR3493836	0
Salinivibrio_kushneri	SRR3493837	0
Salinivibrio_kushneri	SRR3493838	0
Salinivibrio_kushneri	SRR3493839	0
Salinivibrio_kushneri	SRR3493840	0
Salinivibrio_kushneri	SRR3493841	0
Salinivibrio_kushneri	SRR3493846	0
Salinivibrio_kushneri	SRR3493847	0
Salinivibrio_kushneri	SRR3493848	0
Salinivibrio_kushneri	SRR3493849	0
Salinivibrio_kushneri	SRR3493850	0
Salinivibrio_kushneri	SRR3714631	0
Salinivibrio_kushneri	SRR3714632	0
Salinivibrio_kushneri	SRR3714633	0
Salinivibrio_kushneri	SRR3714634	0
Salinivibrio_kushneri	SRR3714635	0
Salinivibrio_kushneri	SRR3714636	0
Salinivibrio_kushneri	SRR3714637	0
Salinivibrio_kushneri	SRR3714638	0
Salinivibrio_kushneri	SRR3714639	0
Salinivibrio_kushneri	SRR3714640	0
Salinivibrio_kushneri	SRR3714641	0
Salinivibrio_kushneri	SRR3714642	0
Salinivibrio_kushneri	SRR3714643	0
Salinivibrio_kushneri	SRR3714644	0
Salinivibrio_kushneri	SRR3714645	0
Salinivibrio_kushneri	SRR3714646	0
Salinivibrio_kushneri	SRR3714648	0
Salinivibrio_kushneri	SRR3714649	0
Salinivibrio_kushneri	SRR3714650	0
Salinivibrio_kushneri	SRR3714651	0
Salinivibrio_kushneri	SRR3714652	0
Salinivibrio_kushneri	SRR3714653	0
Salinivibrio_kushneri	SRR3714654	0
Salinivibrio_kushneri	SRR3714655	0
Salinivibrio_kushneri	SRR3714656	0
Salinivibrio_kushneri	SRR3714657	0
Salinivibrio_kushneri	SRR3714658	0
Salinivibrio_kushneri	SRR3714659	0
Salinivibrio_kushneri	SRR3714660	0
Salinivibrio_kushneri	SRR3714661	0
Salinivibrio_kushneri	SRR3714662	0
Salinivibrio_kushneri	SRR3714663	0
Salinivibrio_kushneri	SRR3714664	0
Salinivibrio_kushneri	SRR3714665	0
Salinivibrio_kushneri	SRR3714666	0
Salinivibrio_kushneri	SRR3714667	0
Salinivibrio_kushneri	SRR3714668	0
Salinivibrio_kushneri	SRR3714669	0
Salinivibrio_kushneri	SRR3714670	0
Salinivibrio_kushneri	SRR3714671	0
Salinivibrio_kushneri	SRR3714672	0
Salinivibrio_kushneri	SRR3714673	0
Salinivibrio_kushneri	SRR3714674	0
Salinivibrio_kushneri	SRR3714675	0
Salinivibrio_kushneri	SRR3714676	0
Salinivibrio_kushneri	SRR3714677	0
Salinivibrio_kushneri	SRR3714678	0
Salinivibrio_kushneri	SRR3714679	0
Salinivibrio_kushneri	SRR3714680	0
Salinivibrio_kushneri	SRR3714681	0
Salinivibrio_kushneri	SRR3714682	0
Salinivibrio_kushneri	SRR3714683	0
Salinivibrio_kushneri	SRR3714684	0
Salinivibrio_kushneri	SRR3714685	0
Salinivibrio_kushneri	SRR3714686	0
Salinivibrio_kushneri	SRR3714688	0
Salinivibrio_kushneri	SRR3714689	0
Salinivibrio_kushneri	SRR3714690	0
Salinivibrio_kushneri	SRR3714691	0
Salinivibrio_kushneri	SRR3714692	0
Salinivibrio_kushneri	SRR3714693	0
Salinivibrio_kushneri	SRR3714694	0
Salinivibrio_kushneri	SRR3714695	0
Salinivibrio_kushneri	SRR3714696	0
Salinivibrio_kushneri	SRR3714697	0
Salinivibrio_kushneri	SRR3714698	0
Salinivibrio_kushneri	SRR3714699	0
Salinivibrio_kushneri	SRR3714700	0
Salinivibrio_kushneri	SRR3714701	0
Salinivibrio_kushneri	SRR3714702	0
Salinivibrio_kushneri	SRR3714703	0
Salinivibrio_kushneri	SRR3714704	0
Salinivibrio_kushneri	SRR3714705	0
Salinivibrio_kushneri	SRR3714706	0
Salinivibrio_kushneri	SRR3714707	0
Salinivibrio_kushneri	SRR3714708	0
Salinivibrio_kushneri	SRR3714709	0
Salinivibrio_kushneri	SRR3714710	0
Salinivibrio_kushneri	SRR3714711	0
Salinivibrio_kushneri	SRR3714712	0
Salinivibrio_kushneri	SRR3714713	0
Salinivibrio_kushneri	SRR3714714	0
Salinivibrio_kushneri	SRR3714715	0
Salinivibrio_kushneri	SRR3714716	0
Salinivibrio_kushneri	SRR3714717	0
Salinivibrio_kushneri	SRR3714718	0
Salinivibrio_kushneri	SRR3714719	0
Salinivibrio_kushneri	SRR3714720	0
Salinivibrio_kushneri	SRR3714721	0
Salinivibrio_kushneri	SRR3714723	0
Salinivibrio_kushneri	SRR3714724	0
Salinivibrio_kushneri	SRR3714725	0
Salinivibrio_kushneri	SRR3714726	0
Salinivibrio_kushneri	SRR3714727	0
Salinivibrio_kushneri	SRR3714728	0
Salinivibrio_kushneri	SRR3714729	0
Salinivibrio_kushneri	SRR3714730	0
Salinivibrio_kushneri	SRR3714731	0
Salinivibrio_kushneri	SRR3714732	0
Salinivibrio_kushneri	SRR3714734	0
Salinivibrio_kushneri	SRR3714735	0
Salinivibrio_kushneri	SRR3714736	0
Salinivibrio_kushneri	SRR3714737	0
Salinivibrio_kushneri	SRR3714738	0
Salinivibrio_kushneri	SRR3714739	0
Salinivibrio_kushneri	SRR3714740	0
Salinivibrio_kushneri	SRR3714741	0
Salinivibrio_kushneri	SRR3714744	0
Salinivibrio_kushneri	SRR3714745	0
Salinivibrio_kushneri	SRR3714746	0
Salinivibrio_kushneri	SRR3714747	0
Salinivibrio_kushneri	SRR3714748	0
Salinivibrio_kushneri	SRR3714749	0
Salinivibrio_kushneri	SRR3714750	0
Salinivibrio_kushneri	SRR3714751	0
Salinivibrio_kushneri	SRR3714752	0
Salinivibrio_kushneri	SRR3714753	0
Salinivibrio_kushneri	SRR3714754	0
Salinivibrio_kushneri	SRR3714755	0
Salinivibrio_kushneri	SRR3714756	0
Salinivibrio_kushneri	SRR3714757	0
Salinivibrio_kushneri	SRR3714758	0
Salinivibrio_kushneri	SRR3714759	0
Salinivibrio_kushneri	SRR3714760	0
Salinivibrio_kushneri	SRR3714761	0
Salinivibrio_kushneri	SRR3714762	0
Salinivibrio_kushneri	SRR3714764	0
Salinivibrio_kushneri	SRR3714765	0
Salinivibrio_kushneri	SRR3714766	0
Salinivibrio_kushneri	SRR3714767	0
Salinivibrio_kushneri	SRR3714768	0
Salinivibrio_kushneri	SRR5176628	0
Salinivibrio_kushneri	SRR5176629	0
Salinivibrio_kushneri	SRR5176630	0
Salinivibrio_kushneri	SRR5176631	0
Salinivibrio_kushneri	SRR5176632	0
Salinivibrio_kushneri	SRR5176633	0
Salinivibrio_kushneri	SRR5176634	0
Salinivibrio_kushneri	SRR5176635	0
Salinivibrio_kushneri	SRR5176636	0
Salinivibrio_kushneri	SRR5176637	0
Salinivibrio_kushneri	SRR5176638	0
Salinivibrio_kushneri	SRR5176639	0
Salinivibrio_kushneri	SRR5176640	0
Salinivibrio_kushneri	SRR5176641	0
Salinivibrio_kushneri	SRR5176642	0
Salinivibrio_kushneri	SRR5176643	0
Salinivibrio_kushneri	SRR5176644	0
Salinivibrio_kushneri	SRR5176645	0
Salinivibrio_kushneri	SRR5176646	0
Salinivibrio_kushneri	SRR5176647	0
Salinivibrio_kushneri	SRR5176648	0
Salinivibrio_kushneri	SRR5176649	2
Salinivibrio_kushneri	SRR5176650	0
Salinivibrio_kushneri	SRR5176651	0
Salinivibrio_kushneri	SRR5176652	0
Salinivibrio_kushneri	SRR5176653	0
Salinivibrio_kushneri	SRR5176654	0
Salinivibrio_kushneri	SRR5176655	0
Salinivibrio_kushneri	SRR5176656	0
Salinivibrio_kushneri	SRR5176657	0
Salinivibrio_kushneri	SRR5176658	0
Salinivibrio_kushneri	SRR5176659	0
Salinivibrio_kushneri	SRR5176660	0
Salinivibrio_kushneri	SRR5176661	0
Salinivibrio_kushneri	SRR5176662	0
Salinivibrio_kushneri	SRR5176663	0
Salinivibrio_kushneri	SRR5176664	0
Salinivibrio_kushneri	SRR5176665	0
Salinivibrio_kushneri	SRR5176666	0
Salinivibrio_kushneri	SRR5176667	0
Salinivibrio_kushneri	SRR5176668	0
Salinivibrio_kushneri	SRR5176669	0
Salinivibrio_kushneri	SRR5176670	0
Salinivibrio_kushneri	SRR5176671	0
Salinivibrio_kushneri	SRR5176672	0
Salinivibrio_kushneri	SRR5176673	0
Salinivibrio_kushneri	SRR5176674	0
Salinivibrio_kushneri	SRR5176675	0
Salinivibrio_kushneri	SRR5176676	0
Salinivibrio_kushneri	SRR5176677	0
Salinivibrio_kushneri	SRR5176678	0
Salinivibrio_kushneri	SRR5176679	0
Salinivibrio_kushneri	SRR5176680	0
Salinivibrio_kushneri	SRR5176681	0
Salinivibrio_kushneri	SRR5176682	0
Salinivibrio_kushneri	SRR5176683	0
Salinivibrio_kushneri	SRR5176684	0
Salinivibrio_kushneri	SRR5176685	0
Salinivibrio_kushneri	SRR5176686	0
Salinivibrio_kushneri	SRR5176687	0
Salinivibrio_kushneri	SRR5176688	0
Salinivibrio_kushneri	SRR5176689	0
Salinivibrio_kushneri	SRR5176690	0
Salinivibrio_kushneri	SRR5176691	0
Salinivibrio_kushneri	SRR5176692	0
Salinivibrio_kushneri	SRR5176693	0
Salinivibrio_kushneri	SRR5176694	0
Salinivibrio_kushneri	SRR5176695	0
Salinivibrio_kushneri	SRR5176696	0
Salinivibrio_kushneri	SRR5176697	0
Salinivibrio_kushneri	SRR5176698	0
Salinivibrio_kushneri	SRR5176699	0
Salinivibrio_kushneri	SRR5176700	0
Salinivibrio_kushneri	SRR5176701	0
Salinivibrio_kushneri	SRR5176702	0
Salinivibrio_kushneri	SRR5176703	0
Salinivibrio_kushneri	SRR5176704	0
Salinivibrio_kushneri	SRR5176705	0
Salinivibrio_kushneri	SRR5176706	0
Salinivibrio_kushneri	SRR5176707	0
Salinivibrio_kushneri	SRR5176708	0
Salinivibrio_kushneri	SRR5176709	0
Salinivibrio_kushneri	SRR5176710	0
Salinivibrio_kushneri	SRR5176711	0
Salinivibrio_kushneri	SRR5176712	0
Salinivibrio_kushneri	SRR5176713	0
Salinivibrio_kushneri	SRR5176714	0
Salinivibrio_kushneri	SRR5176715	0
Salinivibrio_kushneri	SRR5176716	0
Salinivibrio_kushneri	SRR5176717	0
Salinivibrio_kushneri	SRR5176718	0
Salinivibrio_kushneri	SRR5176719	0
Salinivibrio_kushneri	SRR5176720	0
Salinivibrio_kushneri	SRR5176721	0
Salinivibrio_kushneri	SRR5176722	0
Salinivibrio_kushneri	SRR5176723	0
Salinivibrio_kushneri	SRR5176724	0
Salinivibrio_kushneri	SRR5176725	0
Salinivibrio_kushneri	SRR5176726	0
Salinivibrio_kushneri	SRR5176727	0
Salinivibrio_kushneri	SRR5176728	0
Salinivibrio_kushneri	SRR5176729	0
Salinivibrio_kushneri	SRR5176730	0
Salinivibrio_kushneri	SRR5176731	0
Salinivibrio_kushneri	SRR5176732	0
Salinivibrio_kushneri	SRR5176733	0
Salinivibrio_kushneri	SRR5176734	0
Salinivibrio_kushneri	SRR5176735	0
Salinivibrio_kushneri	SRR5176736	0
Salinivibrio_kushneri	SRR5176737	0
Salinivibrio_kushneri	SRR5176738	0
Salinivibrio_kushneri	SRR5176739	0
Salinivibrio_kushneri	SRR5176740	0
Salinivibrio_kushneri	SRR5176741	0
Salinivibrio_kushneri	SRR5176742	0
Salinivibrio_kushneri	SRR5176743	0
Salinivibrio_kushneri	SRR5176744	0
Salinivibrio_kushneri	SRR5176745	0
Salinivibrio_kushneri	SRR5176746	0
Salinivibrio_kushneri	SRR5176747	0
Salinivibrio_kushneri	SRR5176748	0
Salinivibrio_kushneri	SRR5176749	0
Salinivibrio_kushneri	SRR5176750	0
Salinivibrio_kushneri	SRR5176751	0
Salinivibrio_kushneri	SRR5176752	0
Salinivibrio_kushneri	SRR5176753	0
Salinivibrio_kushneri	SRR5176754	0
Salinivibrio_kushneri	SRR5176755	0
Salinivibrio_kushneri	SRR5176756	0
Salinivibrio_kushneri	SRR5176757	0
Salinivibrio_kushneri	SRR5176758	0
Salinivibrio_kushneri	SRR5176759	0
Salinivibrio_kushneri	SRR5176760	0
Salinivibrio_kushneri	SRR5176761	0
Salinivibrio_kushneri	SRR5176762	0
Salinivibrio_kushneri	SRR5176763	0
Salinivibrio_kushneri	SRR5176764	0
Salinivibrio_kushneri	SRR5176765	0
Salinivibrio_kushneri	SRR5176766	0
Salinivibrio_kushneri	SRR5176767	0
Salinivibrio_kushneri	SRR5176768	0
Salinivibrio_kushneri	SRR5176769	0
Salinivibrio_kushneri	SRR5176770	0
Salinivibrio_kushneri	SRR5176771	0
Salinivibrio_kushneri	SRR5176772	0
Salinivibrio_kushneri	SRR5176773	0
Salinivibrio_kushneri	SRR5176774	0
Salinivibrio_kushneri	SRR5176775	0
Salinivibrio_kushneri	SRR5176776	0
Salinivibrio_kushneri	SRR5176777	0
Salinivibrio_kushneri	SRR5176778	0
Salinivibrio_kushneri	SRR5176779	0
Salinivibrio_kushneri	SRR5176780	0
Salinivibrio_kushneri	SRR5176781	0
Salinivibrio_kushneri	SRR5176782	0
Salinivibrio_kushneri	SRR5176783	0
Salinivibrio_kushneri	SRR5176784	0
Salinivibrio_kushneri	SRR5176785	0
Salinivibrio_kushneri	SRR5176786	0
Salinivibrio_kushneri	SRR5176787	0
Salinivibrio_kushneri	SRR5176788	0
Salinivibrio_kushneri	SRR5176789	0
Salinivibrio_kushneri	SRR5176790	0
Salinivibrio_kushneri	SRR5176791	0
Salinivibrio_kushneri	SRR5176792	0
Salinivibrio_kushneri	SRR5176793	0
Salinivibrio_kushneri	SRR5176794	0
Salinivibrio_kushneri	SRR5176795	0
Salinivibrio_kushneri	SRR5176796	0
Salinivibrio_kushneri	SRR5176797	0
Salinivibrio_kushneri	SRR5176798	0
Salinivibrio_kushneri	SRR5176799	0
Salinivibrio_kushneri	SRR5176800	0
Salinivibrio_kushneri	SRR5176801	0
Salinivibrio_kushneri	SRR5176802	0
Salinivibrio_kushneri	SRR5176803	0
Salinivibrio_kushneri	SRR5176804	0
Salinivibrio_kushneri	SRR5176805	0
Salinivibrio_kushneri	SRR5176806	0
Salinivibrio_kushneri	SRR5176807	0
Salinivibrio_kushneri	SRR5176808	0
Salinivibrio_kushneri	SRR5176809	0
Salinivibrio_kushneri	SRR5176810	0
Salinivibrio_kushneri	SRR5176811	0
Salinivibrio_kushneri	SRR5176812	0
Salinivibrio_kushneri	SRR5176813	0
Salinivibrio_kushneri	SRR5176814	0
Salinivibrio_kushneri	SRR5176815	0
Salinivibrio_kushneri	SRR5176816	0
Salinivibrio_kushneri	SRR5176817	0
Salinivibrio_kushneri	SRR5176818	0
Salinivibrio_kushneri	SRR5176819	0
Salinivibrio_kushneri	SRR5176820	0
Salinivibrio_kushneri	SRR5176821	0
Salinivibrio_kushneri	SRR5176822	0
Salinivibrio_kushneri	SRR5176823	0
Salinivibrio_kushneri	SRR5176824	0
Salinivibrio_kushneri	SRR5176825	0
Salinivibrio_kushneri	SRR5176826	0
Salinivibrio_kushneri	SRR5176827	0
Salinivibrio_kushneri	SRR5176828	0
Salinivibrio_kushneri	SRR5176829	0
Salinivibrio_kushneri	SRR5176830	0
Salinivibrio_kushneri	SRR5176831	0
Salinivibrio_kushneri	SRR5176832	0
Salinivibrio_kushneri	SRR5176833	0
Salinivibrio_kushneri	SRR5176834	0
Salinivibrio_kushneri	SRR5176835	0
Salinivibrio_kushneri	SRR5176836	0
Salinivibrio_kushneri	SRR5176837	0
Salinivibrio_kushneri	SRR5176838	0
Salinivibrio_kushneri	SRR5176839	0
Salinivibrio_kushneri	SRR5176840	0
Salinivibrio_kushneri	SRR5176841	0
Salinivibrio_kushneri	SRR5176842	0
Salinivibrio_kushneri	SRR5176843	0
Salinivibrio_kushneri	SRR5176844	0
Salinivibrio_kushneri	SRR5176845	0
Salinivibrio_kushneri	SRR5176846	0
Salinivibrio_kushneri	SRR5176847	0
Salinivibrio_kushneri	SRR5176848	0
Salinivibrio_kushneri	SRR5176849	0
Salinivibrio_kushneri	SRR5176850	0
Salinivibrio_kushneri	SRR5176851	0
Salinivibrio_kushneri	SRR5176852	0
Salinivibrio_kushneri	SRR5176853	0
Salinivibrio_kushneri	SRR5176854	0
Salinivibrio_kushneri	SRR5176855	0
Salinivibrio_kushneri	SRR5176856	0
Salinivibrio_kushneri	SRR5176857	0
Salinivibrio_kushneri	SRR5176858	0
Salinivibrio_kushneri	SRR5176859	0
Salinivibrio_kushneri	SRR5176860	0
Salinivibrio_kushneri	SRR5176861	0
Salinivibrio_kushneri	SRR5176862	0
Salinivibrio_kushneri	SRR5176863	0
Salinivibrio_kushneri	SRR5176864	0
Salinivibrio_kushneri	SRR5176865	0
Salinivibrio_kushneri	SRR5176866	0
Salinivibrio_kushneri	SRR5176867	0
Salinivibrio_kushneri	SRR5176868	0
Salinivibrio_kushneri	SRR5176869	0
Salinivibrio_kushneri	SRR5176870	0
Salinivibrio_kushneri	SRR5176871	0
Salinivibrio_kushneri	SRR5176872	0
Salinivibrio_kushneri	SRR5861974	NA
Salinivibrio_kushneri	SRR5861975	NA
Salinivibrio_kushneri	SRR5861976	NA
Salinivibrio_kushneri	SRR5861977	NA
Salinivibrio_kushneri	SRR5861978	NA
Salinivibrio_kushneri	SRR5861979	NA
Salinivibrio_kushneri	SRR5861980	NA
Salinivibrio_kushneri	SRR5861981	NA
Salinivibrio_kushneri	SRR5861982	NA
Salinivibrio_kushneri	SRR5861983	NA
Salinivibrio_kushneri	SRR5861984	NA
Salinivibrio_kushneri	SRR5861985	NA
Salinivibrio_kushneri	SRR5861986	NA
Salinivibrio_kushneri	SRR5861987	NA
Salinivibrio_kushneri	SRR5861988	NA
Salinivibrio_kushneri	SRR5861989	NA
Salinivibrio_kushneri	SRR5861990	NA
Salinivibrio_kushneri	SRR5861991	NA
Salinivibrio_kushneri	SRR5861992	NA
Salinivibrio_kushneri	SRR5861993	NA
Salinivibrio_kushneri	SRR5861994	NA
Salinivibrio_kushneri	SRR5861995	NA
Salinivibrio_kushneri	SRR5861996	NA
Salinivibrio_kushneri	SRR5861997	NA
Salinivibrio_kushneri	SRR5861998	NA
Salinivibrio_kushneri	SRR5861999	NA
Salinivibrio_kushneri	SRR5862000	NA
Salinivibrio_kushneri	SRR5862001	NA
Salinivibrio_kushneri	SRR5862002	NA
Salinivibrio_kushneri	SRR5862003	NA
Salinivibrio_kushneri	SRR5862004	NA
Salinivibrio_kushneri	SRR5862005	NA
Salinivibrio_kushneri	SRR5862006	NA
Salinivibrio_kushneri	SRR5862007	NA
Salinivibrio_kushneri	SRR5862008	NA
Salinivibrio_kushneri	SRR5862009	NA
Salinivibrio_kushneri	SRR5862010	NA
Salinivibrio_kushneri	SRR5862011	NA
Salinivibrio_kushneri	SRR5862012	NA
Salinivibrio_kushneri	SRR5862013	NA
Salinivibrio_kushneri	SRR5862014	NA
Salinivibrio_kushneri	SRR5862015	NA
Salinivibrio_kushneri	SRR5862016	NA
Salinivibrio_kushneri	SRR5862017	NA
Salinivibrio_kushneri	SRR5862018	NA
Salinivibrio_kushneri	SRR5862019	NA
Salinivibrio_kushneri	SRR5862020	NA
Salinivibrio_kushneri	SRR5862021	NA
Salinivibrio_kushneri	SRR5862022	NA
Salinivibrio_kushneri	SRR5862023	NA
Salinivibrio_kushneri	SRR5862024	NA
Salinivibrio_kushneri	SRR5862025	NA
Salinivibrio_kushneri	SRR5862026	NA
Salinivibrio_kushneri	SRR5862027	NA
Salinivibrio_kushneri	SRR5862028	NA
Salinivibrio_kushneri	SRR5862029	NA
Salinivibrio_kushneri	SRR5862030	NA
Salinivibrio_kushneri	SRR5862031	NA
Salinivibrio_kushneri	SRR5862032	NA
Salinivibrio_kushneri	SRR5862033	NA
Salinivibrio_kushneri	SRR5862034	NA
Salinivibrio_kushneri	SRR5862035	NA
Salinivibrio_kushneri	SRR5862036	NA
Salinivibrio_kushneri	SRR5862037	NA
Salinivibrio_kushneri	SRR5862038	NA
Salinivibrio_kushneri	SRR5862039	NA
Salinivibrio_kushneri	SRR5862040	NA
Salinivibrio_kushneri	SRR5862041	NA
Salinivibrio_kushneri	SRR5862042	NA
Salinivibrio_kushneri	SRR5862043	NA
Salinivibrio_kushneri	SRR5862044	NA
Salinivibrio_kushneri	SRR5862045	NA
Salinivibrio_kushneri	SRR5862046	NA
Salinivibrio_kushneri	SRR5862047	NA
Salinivibrio_kushneri	SRR5862048	NA
Salinivibrio_kushneri	SRR5862049	NA
Salinivibrio_kushneri	SRR5862050	NA
Salinivibrio_kushneri	SRR5862051	NA
Salinivibrio_kushneri	SRR5862052	NA
Salinivibrio_kushneri	SRR5862053	NA
Salinivibrio_kushneri	SRR5862054	NA
Salinivibrio_kushneri	SRR5862055	NA
Salinivibrio_kushneri	SRR5862056	NA
Salinivibrio_kushneri	SRR5862057	NA
Salinivibrio_kushneri	SRR5862058	NA
Salinivibrio_kushneri	SRR5862059	NA
Salinivibrio_kushneri	SRR5862060	NA
Salinivibrio_kushneri	SRR5862061	NA
Salinivibrio_kushneri	SRR5862062	NA
Salinivibrio_kushneri	SRR5862063	NA
Salinivibrio_kushneri	SRR5862064	NA
Salinivibrio_kushneri	SRR5862065	NA
Salinivibrio_kushneri	SRR5862066	NA
Salinivibrio_kushneri	SRR5862067	NA
Salinivibrio_kushneri	SRR5862068	NA
Salinivibrio_kushneri	SRR5862069	NA
Salinivibrio_kushneri	SRR5862070	NA
Salinivibrio_kushneri	SRR5862071	NA
Salinivibrio_kushneri	SRR5862072	NA
Salinivibrio_kushneri	SRR5862073	NA
Salinivibrio_kushneri	SRR5862074	NA
Salinivibrio_kushneri	SRR5862075	NA
Salinivibrio_kushneri	SRR5862076	NA
Salinivibrio_kushneri	SRR5862077	NA
Salinivibrio_kushneri	SRR5862078	NA
Salinivibrio_kushneri	SRR5862079	NA
Salinivibrio_kushneri	SRR5862080	NA
Salinivibrio_kushneri	SRR5862081	NA
Salinivibrio_kushneri	SRR5862082	NA
Salinivibrio_kushneri	SRR5862083	NA
Salinivibrio_kushneri	SRR5862084	NA
Salinivibrio_kushneri	SRR5862085	NA
Salinivibrio_kushneri	SRR5862086	NA
Salinivibrio_kushneri	SRR5862087	NA
Salinivibrio_kushneri	SRR5862088	NA
Salinivibrio_kushneri	SRR5862089	NA
Salinivibrio_kushneri	SRR5862090	NA
Salinivibrio_kushneri	SRR5862091	NA
Salinivibrio_kushneri	SRR5862092	NA
Salinivibrio_kushneri	SRR5862093	NA
Salinivibrio_kushneri	SRR5862094	NA
Salinivibrio_kushneri	SRR5862095	NA
Salinivibrio_kushneri	SRR5862096	NA
Salinivibrio_kushneri	SRR5862097	NA
Salinivibrio_kushneri	SRR5862098	NA
Salinivibrio_kushneri	SRR5862099	NA
Salinivibrio_kushneri	SRR5862100	NA
Salinivibrio_kushneri	SRR5862101	NA
Salinivibrio_kushneri	SRR5862102	NA
Salinivibrio_kushneri	SRR5862103	NA
Salinivibrio_kushneri	SRR5862104	NA
Salinivibrio_kushneri	SRR5862105	NA
Salinivibrio_kushneri	SRR5862106	NA
Salinivibrio_kushneri	SRR5862107	NA
Salinivibrio_kushneri	SRR5862108	NA
Salinivibrio_kushneri	SRR5862109	NA
Salinivibrio_kushneri	SRR5862110	NA
Salinivibrio_kushneri	SRR5862111	NA
Salinivibrio_kushneri	SRR5862112	NA
Salinivibrio_kushneri	SRR5862113	NA
Salinivibrio_kushneri	SRR5862114	NA
Salinivibrio_kushneri	SRR5862115	NA
Salinivibrio_kushneri	SRR5862116	NA
Salinivibrio_kushneri	SRR5862117	NA
Salinivibrio_kushneri	SRR5862118	NA
Salinivibrio_kushneri	SRR5862119	NA
Salinivibrio_kushneri	SRR5862120	NA
Salinivibrio_kushneri	SRR5862121	NA
Salinivibrio_kushneri	SRR5862122	NA
Salinivibrio_kushneri	SRR5862123	NA
Salinivibrio_kushneri	SRR5862124	NA
Salinivibrio_kushneri	SRR5862125	NA
Salinivibrio_kushneri	SRR5862126	NA
Salinivibrio_kushneri	SRR5862127	NA
Salinivibrio_kushneri	SRR5862128	NA
Salinivibrio_kushneri	SRR5862129	NA
Salinivibrio_kushneri	SRR5862130	NA
Salinivibrio_kushneri	SRR5862131	NA
Salinivibrio_kushneri	SRR5862132	NA
Salinivibrio_kushneri	SRR5862133	NA
Salinivibrio_kushneri	SRR5862134	NA
Salinivibrio_kushneri	SRR5862135	NA
Salinivibrio_kushneri	SRR5862136	NA
Salinivibrio_kushneri	SRR5862137	NA
Salinivibrio_kushneri	SRR5862138	NA
Salinivibrio_kushneri	SRR5862139	NA
Salinivibrio_kushneri	SRR5862140	NA
Salinivibrio_kushneri	SRR5862141	NA
Salinivibrio_kushneri	SRR5862142	NA
Salinivibrio_kushneri	SRR5862143	NA
Salinivibrio_kushneri	SRR5862144	NA
Salinivibrio_kushneri	SRR5862145	NA
Salinivibrio_kushneri	SRR5862146	NA
Salinivibrio_kushneri	SRR5862147	NA
Salinivibrio_kushneri	SRR5862148	NA
Salinivibrio_kushneri	SRR5862149	NA
Salinivibrio_kushneri	SRR5862150	NA
Salinivibrio_kushneri	SRR5862151	NA
Salinivibrio_kushneri	SRR5862152	NA
Salinivibrio_kushneri	SRR5862153	NA
Salinivibrio_kushneri	SRR5862154	NA
Salinivibrio_kushneri	SRR5862155	NA
Salinivibrio_kushneri	SRR5862156	NA
Salinivibrio_kushneri	SRR5862157	NA
Salinivibrio_kushneri	SRR5862158	NA
Salinivibrio_kushneri	SRR5862159	NA
Salinivibrio_kushneri	SRR5862160	NA
Salinivibrio_kushneri	SRR5862161	NA
Salinivibrio_kushneri	SRR5862162	NA
Salinivibrio_kushneri	SRR5862163	NA
Salinivibrio_kushneri	SRR5862164	NA
Salinivibrio_kushneri	SRR5862165	NA
Salinivibrio_kushneri	SRR5862166	NA
Salinivibrio_kushneri	SRR5862167	NA
Salinivibrio_kushneri	SRR5862168	NA
Salinivibrio_kushneri	SRR5862169	NA
Salinivibrio_kushneri	SRR5862170	NA
Salinivibrio_kushneri	SRR5862171	NA
Salinivibrio_kushneri	SRR5862172	NA
Salinivibrio_kushneri	SRR5862173	NA
Salinivibrio_kushneri	SRR5862174	NA
Salinivibrio_kushneri	SRR5862175	NA
Salinivibrio_kushneri	SRR5862176	NA
Salinivibrio_kushneri	SRR5862177	NA
Salinivibrio_kushneri	SRR5862178	NA
Salinivibrio_kushneri	SRR5862179	NA
Salinivibrio_kushneri	SRR5862180	NA
Salinivibrio_kushneri	SRR5862181	NA
Salinivibrio_kushneri	SRR5862182	NA
Salinivibrio_kushneri	SRR5862183	NA
Salinivibrio_kushneri	SRR5862184	NA
Salinivibrio_kushneri	SRR5862185	NA
Salinivibrio_kushneri	SRR5862186	NA
Salinivibrio_kushneri	SRR5862187	NA
Salinivibrio_kushneri	SRR5862188	NA
Salinivibrio_kushneri	SRR5862189	NA
Salinivibrio_kushneri	SRR5862190	NA
Salinivibrio_kushneri	SRR5862191	NA
Salinivibrio_kushneri	SRR5862192	NA
Salinivibrio_kushneri	SRR5862193	NA
Salinivibrio_kushneri	SRR5862194	NA
Salinivibrio_kushneri	SRR5862195	NA
Salinivibrio_kushneri	SRR5862196	NA
Salinivibrio_kushneri	SRR5862197	NA
Salinivibrio_kushneri	SRR5862198	NA
Salinivibrio_kushneri	SRR5862199	NA
Salinivibrio_kushneri	SRR5862200	NA
Salinivibrio_kushneri	SRR5862201	NA
Salinivibrio_kushneri	SRR5862202	NA
Salinivibrio_kushneri	SRR5862203	NA
Salinivibrio_kushneri	SRR5862204	NA
Salinivibrio_kushneri	SRR5862205	NA
Salinivibrio_kushneri	SRR5862206	NA
Salinivibrio_kushneri	SRR5862207	NA
Salinivibrio_kushneri	SRR5862208	NA
Salinivibrio_kushneri	SRR5862209	NA
Salinivibrio_kushneri	SRR5862210	NA
Salinivibrio_kushneri	SRR5862211	NA
Salinivibrio_kushneri	SRR5862212	NA
Salinivibrio_kushneri	SRR5862213	NA
Salinivibrio_kushneri	SRR5862214	NA
Salinivibrio_kushneri	SRR5862215	NA
Salinivibrio_kushneri	SRR5862216	NA
Salinivibrio_kushneri	SRR5862217	NA
Salinivibrio_kushneri	SRR5862218	NA
Salinivibrio_kushneri	SRR5862219	NA
Salinivibrio_kushneri	SRR5862220	NA
Salinivibrio_kushneri	SRR5862221	NA
Salinivibrio_kushneri	SRR5862222	NA
Salinivibrio_kushneri	SRR5862223	NA
Salinivibrio_kushneri	SRR5862224	NA
Salinivibrio_kushneri	SRR5862225	NA
Salinivibrio_kushneri	SRR5862226	NA
Salinivibrio_kushneri	SRR5862227	NA
Salinivibrio_kushneri	SRR5862228	NA
Salinivibrio_kushneri	SRR5862229	NA
Salinivibrio_kushneri	SRR5862230	NA
Salinivibrio_kushneri	SRR5862231	NA
Salinivibrio_kushneri	SRR5862232	NA
Salinivibrio_kushneri	SRR5862233	NA
Salinivibrio_kushneri	SRR5862234	NA
Salinivibrio_kushneri	SRR5862235	NA
Salinivibrio_kushneri	SRR5862236	NA
Salinivibrio_kushneri	SRR5862237	NA
Salinivibrio_kushneri	SRR5862238	NA
Salinivibrio_kushneri	SRR5862239	NA
Salinivibrio_kushneri	SRR5862240	NA
Salinivibrio_kushneri	SRR5862241	NA
Salinivibrio_kushneri	SRR5862242	NA
Salinivibrio_kushneri	SRR5862243	NA
Salinivibrio_kushneri	SRR5862244	NA
Salinivibrio_kushneri	SRR5862245	NA
Salinivibrio_kushneri	SRR5862246	NA
Salinivibrio_kushneri	SRR5862247	NA
Salinivibrio_kushneri	SRR5862248	NA
Salinivibrio_kushneri	SRR5862249	NA
Salinivibrio_kushneri	SRR5862250	NA
Salinivibrio_kushneri	SRR5862251	NA
Salinivibrio_kushneri	SRR5862252	NA
Salinivibrio_kushneri	SRR5862253	NA
Salinivibrio_kushneri	SRR5862254	NA
Salinivibrio_kushneri	SRR5862255	NA
Salinivibrio_kushneri	SRR5862256	NA
Salinivibrio_kushneri	SRR5862257	NA
Salinivibrio_kushneri	SRR5862258	NA
Salinivibrio_kushneri	SRR5862259	NA
Salinivibrio_kushneri	SRR5862260	NA
Salinivibrio_kushneri	SRR5862261	NA
Salinivibrio_kushneri	SRR5862262	NA
Salinivibrio_kushneri	SRR5862263	NA
Salinivibrio_kushneri	SRR5862264	NA
Salinivibrio_kushneri	SRR5862265	NA
Salinivibrio_kushneri	SRR5862266	NA
Salinivibrio_kushneri	SRR5862267	NA
Salinivibrio_kushneri	SRR5862268	NA
Salinivibrio_kushneri	SRR5862269	NA
Salinivibrio_kushneri	SRR5862270	NA
Salinivibrio_kushneri	SRR5862271	NA
Salinivibrio_kushneri	SRR5862272	NA
Salinivibrio_kushneri	SRR5862273	NA
Salinivibrio_kushneri	SRR5862274	NA
Salinivibrio_kushneri	SRR5862275	NA
Salinivibrio_kushneri	SRR5862276	NA
Salinivibrio_kushneri	SRR5862277	NA
Salinivibrio_kushneri	SRR5949109	1
Salinivibrio_kushneri	SRR5949110	0
Salinivibrio_kushneri	SRR5949111	0
Salinivibrio_kushneri	SRR5949112	0
Salinivibrio_kushneri	SRR5949113	2
Salinivibrio_kushneri	SRR5949114	0
Salinivibrio_kushneri	SRR5949115	0
Salinivibrio_kushneri	SRR5949116	6
Salinivibrio_kushneri	SRR5949117	0
Salinivibrio_kushneri	SRR5949118	0
Salinivibrio_kushneri	SRR5949119	0
Salinivibrio_kushneri	SRR5949120	7
Salinivibrio_kushneri	SRR5949121	0
Salinivibrio_kushneri	SRR5949122	1
Salinivibrio_kushneri	SRR5949123	0
Salinivibrio_kushneri	SRR5949124	0
Salinivibrio_kushneri	SRR5949125	0
Salinivibrio_kushneri	SRR5949126	2
Salinivibrio_kushneri	SRR5949127	0
Salinivibrio_kushneri	SRR5949128	3
Salinivibrio_kushneri	SRR5949129	3
Salinivibrio_kushneri	SRR5949130	0
Salinivibrio_kushneri	SRR5949131	0
Salinivibrio_kushneri	SRR5949132	1
Salinivibrio_kushneri	SRR5949133	0
Salinivibrio_kushneri	SRR5949134	0
Salinivibrio_kushneri	SRR5949135	119
Salinivibrio_kushneri	SRR5949136	1
Salinivibrio_kushneri	SRR5949137	1
Salinivibrio_kushneri	SRR5949138	0
Salinivibrio_kushneri	SRR5949139	1
Salinivibrio_kushneri	SRR5949140	0
Salinivibrio_kushneri	SRR5949141	3
Salinivibrio_kushneri	SRR5949142	0
Salinivibrio_kushneri	SRR5949143	2
Salinivibrio_kushneri	SRR5949144	0
Salinivibrio_kushneri	SRR5949145	0
Salinivibrio_kushneri	SRR5949146	0
Salinivibrio_kushneri	SRR5949147	3
Salinivibrio_kushneri	SRR5949148	0
Salinivibrio_kushneri	SRR5949149	0
Salinivibrio_kushneri	SRR5949150	0
Salinivibrio_kushneri	SRR5949151	0
Salinivibrio_kushneri	SRR5949152	1
Salinivibrio_kushneri	SRR5949153	0
Salinivibrio_kushneri	SRR5949154	0
Salinivibrio_kushneri	SRR5949155	0
Salinivibrio_kushneri	SRR5949156	0
Salinivibrio_kushneri	SRR5949157	0
Salinivibrio_kushneri	SRR5949158	0
Salinivibrio_kushneri	SRR5949159	0
Salinivibrio_kushneri	SRR5949160	4
Salinivibrio_kushneri	SRR5949161	0
Salinivibrio_kushneri	SRR5949162	0
Salinivibrio_kushneri	SRR5949163	0
Salinivibrio_kushneri	SRR5949164	0
Salinivibrio_kushneri	SRR5949165	0
Salinivibrio_kushneri	SRR5949166	0
Salinivibrio_kushneri	SRR5949167	2
Salinivibrio_kushneri	SRR5949168	0
Salinivibrio_kushneri	SRR5949169	1
Salinivibrio_kushneri	SRR5949170	0
Salinivibrio_kushneri	SRR5949171	0
Salinivibrio_kushneri	SRR5949172	0
Salinivibrio_kushneri	SRR5949173	0
Salinivibrio_kushneri	SRR5949174	0
Salinivibrio_kushneri	SRR5949175	0
Salinivibrio_kushneri	SRR5949176	0
Salinivibrio_kushneri	SRR5949177	0
Salinivibrio_kushneri	SRR5949178	0
Salinivibrio_kushneri	SRR5949179	0
Salinivibrio_kushneri	SRR5949180	0
Salinivibrio_kushneri	SRR5949181	0
Salinivibrio_kushneri	SRR5949182	0
Salinivibrio_kushneri	SRR5949183	0
Salinivibrio_kushneri	SRR5949184	0
Salinivibrio_kushneri	SRR5949185	0
Salinivibrio_kushneri	SRR5949186	0
Salinivibrio_kushneri	SRR5949187	0
Salinivibrio_kushneri	SRR5949188	0
Salinivibrio_kushneri	SRR5949189	163
Salinivibrio_kushneri	SRR5949190	0
Salinivibrio_kushneri	SRR5949191	3
Salinivibrio_kushneri	SRR5949192	0
Salinivibrio_kushneri	SRR5949193	1
Salinivibrio_kushneri	SRR5949194	0
Salinivibrio_kushneri	SRR5949195	0
Salinivibrio_kushneri	SRR5949196	0
Salinivibrio_kushneri	SRR5949197	1
Salinivibrio_kushneri	SRR5949198	0
Salinivibrio_kushneri	SRR5949199	0
Salinivibrio_kushneri	SRR5949200	0
Salinivibrio_kushneri	SRR5949201	0
Salinivibrio_kushneri	SRR5949202	0
Salinivibrio_kushneri	SRR5949203	0
Salinivibrio_kushneri	SRR5949204	0
Salinivibrio_kushneri	SRR5949205	0
Salinivibrio_kushneri	SRR5949206	0
Salinivibrio_kushneri	SRR5949207	0
Salinivibrio_kushneri	SRR5949208	0
Salinivibrio_kushneri	SRR5949209	0
Salinivibrio_kushneri	SRR5949210	0
Salinivibrio_kushneri	SRR5949211	0
Salinivibrio_kushneri	SRR5949212	24
Salinivibrio_kushneri	SRR5949213	0
Salinivibrio_kushneri	SRR5949214	0
Salinivibrio_kushneri	SRR5949215	8
Salinivibrio_kushneri	SRR5949216	1
Salinivibrio_kushneri	SRR5949217	0
Salinivibrio_kushneri	SRR5949218	1
Salinivibrio_kushneri	SRR5949219	0
Salinivibrio_kushneri	SRR5949220	0
Salinivibrio_kushneri	SRR5949221	0
Salinivibrio_kushneri	SRR5949222	0
Salinivibrio_kushneri	SRR5949223	0
Salinivibrio_kushneri	SRR5949224	0
Salinivibrio_kushneri	SRR5949225	0
Salinivibrio_kushneri	SRR5949226	0
Salinivibrio_kushneri	SRR5949227	0
Salinivibrio_kushneri	SRR5949228	0
Salinivibrio_kushneri	SRR5949229	0
Salinivibrio_kushneri	SRR5949230	0
Salinivibrio_kushneri	SRR5949231	0
Salinivibrio_kushneri	SRR5949232	3
Salinivibrio_kushneri	SRR5949233	1
Salinivibrio_kushneri	SRR5949234	0
Salinivibrio_kushneri	SRR5949235	0
Salinivibrio_kushneri	SRR5949236	0
Salinivibrio_kushneri	SRR5949237	1
Salinivibrio_kushneri	SRR5949238	0
Salinivibrio_kushneri	SRR5949239	0
Salinivibrio_kushneri	SRR5949240	0
Salinivibrio_kushneri	SRR5949241	0
Salinivibrio_kushneri	SRR5949242	2
Salinivibrio_kushneri	SRR5949243	5
Salinivibrio_kushneri	SRR5949244	0
Salinivibrio_kushneri	SRR5949245	2
Salinivibrio_kushneri	SRR5949246	0
Salinivibrio_kushneri	SRR5949247	0
Salinivibrio_kushneri	SRR5949248	0
Salinivibrio_kushneri	SRR5949249	3
Salinivibrio_kushneri	SRR5949250	0
Salinivibrio_kushneri	SRR5949251	0
Salinivibrio_kushneri	SRR5949252	0
Salinivibrio_kushneri	SRR5949253	0
Salinivibrio_kushneri	SRR5949254	0
Salinivibrio_kushneri	SRR5949255	0
Salinivibrio_kushneri	SRR5949256	2
Salinivibrio_kushneri	SRR5949257	1
Salinivibrio_kushneri	SRR5949258	0
Salinivibrio_kushneri	SRR5949259	0
Salinivibrio_kushneri	SRR5949260	0
Salinivibrio_kushneri	SRR5949261	0
Salinivibrio_kushneri	SRR5949262	0
Salinivibrio_kushneri	SRR5949263	0
Salinivibrio_kushneri	SRR5949264	5
Salinivibrio_kushneri	SRR5949265	0
Salinivibrio_kushneri	SRR5949266	0
Salinivibrio_kushneri	SRR5949267	0
Salinivibrio_kushneri	SRR5949268	0
Salinivibrio_kushneri	SRR5949269	0
Salinivibrio_kushneri	SRR5949270	0
Salinivibrio_kushneri	SRR5949271	0
Salinivibrio_kushneri	SRR5949272	0
Salinivibrio_kushneri	SRR5949273	0
Salinivibrio_kushneri	SRR5949274	0
Salinivibrio_kushneri	SRR5949275	0
Salinivibrio_kushneri	SRR5949276	0
Salinivibrio_kushneri	SRR5949277	0
Salinivibrio_kushneri	SRR5949278	2
Salinivibrio_kushneri	SRR5949279	0
Salinivibrio_kushneri	SRR5949280	0
Salinivibrio_kushneri	SRR5949281	3
Salinivibrio_kushneri	SRR5949282	3
Salinivibrio_kushneri	SRR5949283	0
Salinivibrio_kushneri	SRR5949284	0
Salinivibrio_kushneri	SRR5949285	0
Salinivibrio_kushneri	SRR5949286	0
Salinivibrio_kushneri	SRR5949287	0
Salinivibrio_kushneri	SRR5949288	0
Salinivibrio_kushneri	SRR5949289	0
Salinivibrio_kushneri	SRR5949290	0
Salinivibrio_kushneri	SRR5949291	0
Salinivibrio_kushneri	SRR5949292	0
Salinivibrio_kushneri	SRR5949293	0
Salinivibrio_kushneri	SRR5949294	1
Salinivibrio_kushneri	SRR5949295	5
Salinivibrio_kushneri	SRR5949296	0
Salinivibrio_kushneri	SRR5949297	0
Salinivibrio_kushneri	SRR5949298	0
Salinivibrio_kushneri	SRR5949299	1
Salinivibrio_kushneri	SRR5949300	0
Salinivibrio_kushneri	SRR5949301	0
Salinivibrio_kushneri	SRR5949302	1
Salinivibrio_kushneri	SRR5949303	0
Salinivibrio_kushneri	SRR5949304	0
Salinivibrio_kushneri	SRR5949305	0
Salinivibrio_kushneri	SRR5949306	0
Salinivibrio_kushneri	SRR5949307	0
Salinivibrio_kushneri	SRR5949308	0
Salinivibrio_kushneri	SRR5949309	0
Salinivibrio_kushneri	SRR5949310	0
Salinivibrio_kushneri	SRR5949311	7
Salinivibrio_kushneri	SRR5949312	0
Salinivibrio_kushneri	SRR5949313	0
Salinivibrio_kushneri	SRR5949314	0
Salinivibrio_kushneri	SRR5949315	0
Salinivibrio_kushneri	SRR5949316	0
Salinivibrio_kushneri	SRR5949317	2
Salinivibrio_kushneri	SRR5949318	0
Salinivibrio_kushneri	SRR5949319	0
Salinivibrio_kushneri	SRR5949320	0
Salinivibrio_kushneri	SRR5949321	0
Salinivibrio_kushneri	SRR5949322	1
Salinivibrio_kushneri	SRR5949323	0
Salinivibrio_kushneri	SRR5949324	0
Salinivibrio_kushneri	SRR5949325	0
Salinivibrio_kushneri	SRR5949326	0
Salinivibrio_kushneri	SRR5949327	0
Salinivibrio_kushneri	SRR5949328	0
Salinivibrio_kushneri	SRR5949329	0
Salinivibrio_kushneri	SRR5949330	0
Salinivibrio_kushneri	SRR5949331	0
Salinivibrio_kushneri	SRR5949332	0
Salinivibrio_kushneri	SRR5949333	0
Salinivibrio_kushneri	SRR5949334	0
Salinivibrio_kushneri	SRR5949335	0
Salinivibrio_kushneri	SRR5949336	0
Salinivibrio_kushneri	SRR5949337	0
Salinivibrio_kushneri	SRR5949338	0
Salinivibrio_kushneri	SRR5949339	0
Salinivibrio_kushneri	SRR5949340	0
Salinivibrio_kushneri	SRR5949341	0
Salinivibrio_kushneri	SRR5949342	0
Salinivibrio_kushneri	SRR5949343	1
Salinivibrio_kushneri	SRR5949344	0
Salinivibrio_kushneri	SRR5949345	0
Salinivibrio_kushneri	SRR5949346	0
Salinivibrio_kushneri	SRR5949347	0
Salinivibrio_kushneri	SRR5949348	0
Salinivibrio_kushneri	SRR5949349	0
Salinivibrio_kushneri	SRR5949350	0
Salinivibrio_kushneri	SRR5949351	0
Salinivibrio_kushneri	SRR5949352	0
Salinivibrio_kushneri	SRR5949353	0
Salinivibrio_kushneri	SRR5949354	0
Salinivibrio_kushneri	SRR5949355	0
Salinivibrio_kushneri	SRR5949356	0
Salinivibrio_kushneri	SRR5949357	0
Salinivibrio_kushneri	SRR5949358	0
Salinivibrio_kushneri	SRR5949359	0
Salinivibrio_kushneri	SRR5949360	0
Salinivibrio_kushneri	SRR5949361	0
Salinivibrio_kushneri	SRR5949362	0
Salinivibrio_kushneri	SRR5949363	0
Salinivibrio_kushneri	SRR5949364	0
Salinivibrio_kushneri	SRR5949365	0
Salinivibrio_kushneri	SRR5949366	0
Salinivibrio_kushneri	SRR5949367	0
Salinivibrio_kushneri	SRR5949368	1
Salinivibrio_kushneri	SRR5949369	0
Salinivibrio_kushneri	SRR5949370	0
Salinivibrio_kushneri	SRR5949371	0
Salinivibrio_kushneri	SRR5949372	0
Salinivibrio_kushneri	SRR5949373	0
Salinivibrio_kushneri	SRR5949374	0
Salinivibrio_kushneri	SRR5949375	0
Salinivibrio_kushneri	SRR5949376	0
Salinivibrio_kushneri	SRR5949377	1
Salinivibrio_kushneri	SRR5949378	0
Salinivibrio_kushneri	SRR5949379	0
Salinivibrio_kushneri	SRR5949380	2
Salinivibrio_kushneri	SRR5949381	0
Salinivibrio_kushneri	SRR5949382	0
Salinivibrio_kushneri	SRR5949383	0
Salinivibrio_kushneri	SRR5949384	0
Salinivibrio_kushneri	SRR5949385	1
Salinivibrio_kushneri	SRR5949386	1
Salinivibrio_kushneri	SRR5949387	0
Salinivibrio_kushneri	SRR5949388	0
Salinivibrio_kushneri	SRR5949389	0
Salinivibrio_kushneri	SRR5949390	1
Salinivibrio_kushneri	SRR5949391	0
Salinivibrio_kushneri	SRR5949392	0
Salinivibrio_kushneri	SRR5949393	0
Salinivibrio_kushneri	SRR5949394	0
Salinivibrio_kushneri	SRR5949395	0
Salinivibrio_kushneri	SRR5949396	0
Salinivibrio_kushneri	SRR5949397	1
Salinivibrio_kushneri	SRR5949398	0
Salinivibrio_kushneri	SRR5949399	0
Salinivibrio_kushneri	SRR5949400	0
Salinivibrio_kushneri	SRR5949401	0
Salinivibrio_kushneri	SRR5949402	0
Salinivibrio_kushneri	SRR5949403	1
Salinivibrio_kushneri	SRR5949404	0
Salinivibrio_kushneri	SRR5949405	0
Salinivibrio_kushneri	SRR5949406	1
Salinivibrio_kushneri	SRR5949407	0
Salinivibrio_kushneri	SRR5949408	0
Salinivibrio_kushneri	SRR5949409	0
Salinivibrio_kushneri	SRR5949410	0
Salinivibrio_kushneri	SRR5949411	0
Salinivibrio_kushneri	SRR5949412	0
Salinivibrio_kushneri	SRR5949413	0
Salinivibrio_kushneri	SRR5949414	0
Salinivibrio_kushneri	SRR5949415	2
Salinivibrio_kushneri	SRR5949416	0
Salinivibrio_kushneri	SRR5949417	0
Salinivibrio_kushneri	SRR5949418	0
Salinivibrio_kushneri	SRR5949419	0
Salinivibrio_kushneri	SRR5949420	2
Salinivibrio_kushneri	SRR5949421	0
Salinivibrio_kushneri	SRR5949422	0
Salinivibrio_kushneri	SRR5949423	2
Salinivibrio_kushneri	SRR5949424	0
Salinivibrio_kushneri	SRR5949425	0
Salinivibrio_kushneri	SRR5949426	0
Salinivibrio_kushneri	SRR5949427	0
Salinivibrio_kushneri	SRR5949428	0
Salinivibrio_kushneri	SRR5949429	0
Salinivibrio_kushneri	SRR5949430	0
Salinivibrio_kushneri	SRR5949431	0
Salinivibrio_kushneri	SRR5949432	0
Salinivibrio_kushneri	SRR5949433	0
Salinivibrio_kushneri	SRR5949434	0
Salinivibrio_kushneri	SRR5949435	0
Salinivibrio_kushneri	SRR5949436	0
Salinivibrio_kushneri	SRR5949437	0
Salinivibrio_kushneri	SRR5949438	0
Salinivibrio_kushneri	SRR5949439	0
Salinivibrio_kushneri	SRR5949440	0
Salinivibrio_kushneri	SRR5949441	2
Salinivibrio_kushneri	SRR5949442	0
Salinivibrio_kushneri	SRR5949443	0
Salinivibrio_kushneri	SRR5949444	0
Salinivibrio_kushneri	SRR5949445	0
Salinivibrio_kushneri	SRR5949446	2
Salinivibrio_kushneri	SRR5949447	0
Salinivibrio_kushneri	SRR5949448	5
Salinivibrio_kushneri	SRR5949449	0
Salinivibrio_kushneri	SRR5949450	0
Salinivibrio_kushneri	SRR5949451	0
Salinivibrio_kushneri	SRR5949452	0
Salinivibrio_kushneri	SRR5949453	0
Salinivibrio_kushneri	SRR5949454	0
Salinivibrio_kushneri	SRR5949455	0
Salinivibrio_kushneri	SRR5949456	0
Salinivibrio_kushneri	SRR5949457	0
Salinivibrio_kushneri	SRR5949458	0
Salinivibrio_kushneri	SRR5949459	0
Salinivibrio_kushneri	SRR5949460	0
Salinivibrio_kushneri	SRR5949461	0
Salinivibrio_kushneri	SRR5949462	0
Salinivibrio_kushneri	SRR5949463	0
Salinivibrio_kushneri	SRR5949464	0
Salinivibrio_kushneri	SRR5949465	1
Salinivibrio_kushneri	SRR5949466	1
Salinivibrio_kushneri	SRR5949467	0
Salinivibrio_kushneri	SRR5949468	0
Salinivibrio_kushneri	SRR5949469	1
Salinivibrio_kushneri	SRR5949470	0
Salinivibrio_kushneri	SRR5949471	0
Salinivibrio_kushneri	SRR5949472	0
Salinivibrio_kushneri	SRR5949473	0
Salinivibrio_kushneri	SRR5949474	0
Salinivibrio_kushneri	SRR5949475	0
Salinivibrio_kushneri	SRR5949476	2
Salinivibrio_kushneri	SRR5949477	0
Salinivibrio_kushneri	SRR5949478	0
Salinivibrio_kushneri	SRR5949479	0
Salinivibrio_kushneri	SRR5949480	0
Salinivibrio_kushneri	SRR5949481	1
Salinivibrio_kushneri	SRR5949482	9
Salinivibrio_kushneri	SRR5949483	1
Salinivibrio_kushneri	SRR5949484	1
Salinivibrio_kushneri	SRR5949485	0
Salinivibrio_kushneri	SRR5949486	0
Salinivibrio_kushneri	SRR5949487	1
Salinivibrio_kushneri	SRR5949488	0
Salinivibrio_kushneri	SRR5949489	0
Salinivibrio_kushneri	SRR5949490	1
Salinivibrio_kushneri	SRR5949491	0
Salinivibrio_kushneri	SRR5949492	0
Salinivibrio_kushneri	SRR5949493	0
Salinivibrio_kushneri	SRR5949494	0
Salinivibrio_kushneri	SRR5949495	1
Salinivibrio_kushneri	SRR5949496	1
Salinivibrio_kushneri	SRR5949497	0
Salinivibrio_kushneri	SRR5949498	0
Salinivibrio_kushneri	SRR5949499	1
Salinivibrio_kushneri	SRR5949500	0
Salinivibrio_kushneri	SRR5949501	0
Salinivibrio_kushneri	SRR5949502	0
Salinivibrio_kushneri	SRR5949503	2
Salinivibrio_kushneri	SRR5949504	1
Salinivibrio_kushneri	SRR5949505	0
Salinivibrio_kushneri	SRR5949506	0
Salinivibrio_kushneri	SRR5949507	0
Salinivibrio_kushneri	SRR5949508	2
Salinivibrio_kushneri	SRR5949509	1
Salinivibrio_kushneri	SRR5949510	26
Salinivibrio_kushneri	SRR5949511	0
Salinivibrio_kushneri	SRR5949512	1
Salinivibrio_kushneri	SRR5949513	0
Salinivibrio_kushneri	SRR5949514	0
Salinivibrio_kushneri	SRR5949515	0
Salinivibrio_kushneri	SRR5949516	0
Salinivibrio_kushneri	SRR5949517	0
Salinivibrio_kushneri	SRR5949518	2
Salinivibrio_kushneri	SRR5949519	1
Salinivibrio_kushneri	SRR5949520	0
Salinivibrio_kushneri	SRR5949521	2
Salinivibrio_kushneri	SRR5949522	0
Salinivibrio_kushneri	SRR5949523	0
Salinivibrio_kushneri	SRR5949524	0
Salinivibrio_kushneri	SRR5949525	0
Salinivibrio_kushneri	SRR5949526	0
Salinivibrio_kushneri	SRR5949527	0
Salinivibrio_kushneri	SRR5949528	0
Salinivibrio_kushneri	SRR5949529	0
Salinivibrio_kushneri	SRR5949530	0
Salinivibrio_kushneri	SRR5949531	0
Salinivibrio_kushneri	SRR5949532	0
Salinivibrio_kushneri	SRR5949533	0
Salinivibrio_kushneri	SRR5949534	2
Salinivibrio_kushneri	SRR5949535	0
Salinivibrio_kushneri	SRR5949536	0
Salinivibrio_kushneri	SRR5949537	0
Salinivibrio_kushneri	SRR5949538	0
Salinivibrio_kushneri	SRR5949539	1
Salinivibrio_kushneri	SRR5949540	0
Salinivibrio_kushneri	SRR5949541	0
Salinivibrio_kushneri	SRR5949542	0
Salinivibrio_kushneri	SRR5949543	5
Salinivibrio_kushneri	SRR5949544	0
Salinivibrio_kushneri	SRR5949545	1
Salinivibrio_kushneri	SRR5949546	130
Salinivibrio_kushneri	SRR5949547	0
Salinivibrio_kushneri	SRR5949548	2
Salinivibrio_kushneri	SRR5949549	0
Salinivibrio_kushneri	SRR5949550	0
Salinivibrio_kushneri	SRR5949551	0
Salinivibrio_kushneri	SRR5949552	0
Salinivibrio_kushneri	SRR5949553	0
Salinivibrio_kushneri	SRR5949554	0
Salinivibrio_kushneri	SRR5949555	0
Salinivibrio_kushneri	SRR5949556	1
Salinivibrio_kushneri	SRR5949557	0
Salinivibrio_kushneri	SRR5949558	0
Salinivibrio_kushneri	SRR5949559	2
Salinivibrio_kushneri	SRR5949560	7
Salinivibrio_kushneri	SRR5949561	4
Salinivibrio_kushneri	SRR5949562	0
Salinivibrio_kushneri	SRR5949563	0
Salinivibrio_kushneri	SRR5949564	0
Salinivibrio_kushneri	SRR5949565	0
Salinivibrio_kushneri	SRR5949566	0
Salinivibrio_kushneri	SRR5949567	0
Salinivibrio_kushneri	SRR5949568	0
Salinivibrio_kushneri	SRR5949569	0
Salinivibrio_kushneri	SRR5949570	0
Salinivibrio_kushneri	SRR5949571	0
Salinivibrio_kushneri	SRR5949572	0
Salinivibrio_kushneri	SRR5949573	0
Salinivibrio_kushneri	SRR5949574	0
Salinivibrio_kushneri	SRR5949575	0
Salinivibrio_kushneri	SRR5949576	0
Salinivibrio_kushneri	SRR5949577	0
Salinivibrio_kushneri	SRR5949578	0
Salinivibrio_kushneri	SRR5949579	0
Salinivibrio_kushneri	SRR5949580	0
Salinivibrio_kushneri	SRR5949581	0
Salinivibrio_kushneri	SRR5949582	0
Salinivibrio_kushneri	SRR5949583	0
Salinivibrio_kushneri	SRR5949584	0
Salinivibrio_kushneri	SRR5949585	1
Salinivibrio_kushneri	SRR5949586	1
Salinivibrio_kushneri	SRR5949587	0
Salinivibrio_kushneri	SRR5949588	1
Salinivibrio_kushneri	SRR5949589	0
Salinivibrio_kushneri	SRR5949590	1
Salinivibrio_kushneri	SRR5949591	0
Salinivibrio_kushneri	SRR5949592	0
Salinivibrio_kushneri	SRR5949593	0
Salinivibrio_kushneri	SRR5949594	0
Salinivibrio_kushneri	SRR5949595	0
Salinivibrio_kushneri	SRR5949596	0
Salinivibrio_kushneri	SRR5949597	0
Salinivibrio_kushneri	SRR5949598	2
Salinivibrio_kushneri	SRR5949599	0
Salinivibrio_kushneri	SRR5949600	0
Salinivibrio_kushneri	SRR5949601	0
Salinivibrio_kushneri	SRR5949602	0
Salinivibrio_kushneri	SRR5949603	0
Salinivibrio_kushneri	SRR5949604	0
Salinivibrio_kushneri	SRR5949605	0
Salinivibrio_kushneri	SRR5949606	0
Salinivibrio_kushneri	SRR5949607	0
Salinivibrio_kushneri	SRR5949608	0
Salinivibrio_kushneri	SRR5950246	0
Salinivibrio_kushneri	SRR5950247	0
Salinivibrio_kushneri	SRR5950248	0
Salinivibrio_kushneri	SRR5950249	0
Salinivibrio_kushneri	SRR5950250	0
Salinivibrio_kushneri	SRR5950251	0
Salinivibrio_kushneri	SRR5950252	1
Salinivibrio_kushneri	SRR5950253	3
Salinivibrio_kushneri	SRR5950254	0
Salinivibrio_kushneri	SRR5950255	0
Salinivibrio_kushneri	SRR5950256	0
Salinivibrio_kushneri	SRR5950257	0
Salinivibrio_kushneri	SRR5950258	0
Salinivibrio_kushneri	SRR5950259	1
Salinivibrio_kushneri	SRR5950260	0
Salinivibrio_kushneri	SRR5950261	0
Salinivibrio_kushneri	SRR5950262	0
Salinivibrio_kushneri	SRR5950263	0
Salinivibrio_kushneri	SRR5950264	0
Salinivibrio_kushneri	SRR5950265	0
Salinivibrio_kushneri	SRR5950266	0
Salinivibrio_kushneri	SRR5950267	0
Salinivibrio_kushneri	SRR5950268	4
Salinivibrio_kushneri	SRR5950269	61
Salinivibrio_kushneri	SRR5950270	0
Salinivibrio_kushneri	SRR5950271	0
Salinivibrio_kushneri	SRR5950272	0
Salinivibrio_kushneri	SRR5950273	0
Salinivibrio_kushneri	SRR5950274	10
Salinivibrio_kushneri	SRR5950275	1
Salinivibrio_kushneri	SRR5950276	0
Salinivibrio_kushneri	SRR5950277	4
Salinivibrio_kushneri	SRR5950278	0
Salinivibrio_kushneri	SRR5950279	0
Salinivibrio_kushneri	SRR5950280	2
Salinivibrio_kushneri	SRR5950281	4
Salinivibrio_kushneri	SRR5950282	0
Salinivibrio_kushneri	SRR5950283	0
Salinivibrio_kushneri	SRR5950284	9
Salinivibrio_kushneri	SRR5950285	17
Salinivibrio_kushneri	SRR5950286	97
Salinivibrio_kushneri	SRR5950287	2
Salinivibrio_kushneri	SRR5950288	2
Salinivibrio_kushneri	SRR5950289	0
Salinivibrio_kushneri	SRR5950290	0
Salinivibrio_kushneri	SRR5950291	0
Salinivibrio_kushneri	SRR5950292	0
Salinivibrio_kushneri	SRR5950293	5
Salinivibrio_kushneri	SRR5950294	0
Salinivibrio_kushneri	SRR5950295	1
Salinivibrio_kushneri	SRR5950296	0
Salinivibrio_kushneri	SRR5950297	1
Salinivibrio_kushneri	SRR5950298	3
Salinivibrio_kushneri	SRR5950299	0
Salinivibrio_kushneri	SRR5950300	0
Salinivibrio_kushneri	SRR5950301	0
Salinivibrio_kushneri	SRR5950302	0
Salinivibrio_kushneri	SRR5950303	0
Salinivibrio_kushneri	SRR5950304	2
Salinivibrio_kushneri	SRR5950305	0
Salinivibrio_kushneri	SRR5950306	1
Salinivibrio_kushneri	SRR5950307	16
Salinivibrio_kushneri	SRR5950308	9
Salinivibrio_kushneri	SRR5950309	0
Salinivibrio_kushneri	SRR5950310	0
Salinivibrio_kushneri	SRR5950311	6
Salinivibrio_kushneri	SRR5950312	0
Salinivibrio_kushneri	SRR5950313	0
Salinivibrio_kushneri	SRR5950314	0
Salinivibrio_kushneri	SRR5950315	1
Salinivibrio_kushneri	SRR5950316	0
Salinivibrio_kushneri	SRR5950317	0
Salinivibrio_kushneri	SRR5950318	11
Salinivibrio_kushneri	SRR5950319	0
Salinivibrio_kushneri	SRR5950320	0
Salinivibrio_kushneri	SRR5950321	0
Salinivibrio_kushneri	SRR5950322	0
Salinivibrio_kushneri	SRR5950323	0
Salinivibrio_kushneri	SRR5950324	0
Salinivibrio_kushneri	SRR5950325	0
Salinivibrio_kushneri	SRR5950326	0
Salinivibrio_kushneri	SRR5950327	0
Salinivibrio_kushneri	SRR5950328	0
Salinivibrio_kushneri	SRR5950329	0
Salinivibrio_kushneri	SRR5950330	0
Salinivibrio_kushneri	SRR5950331	0
Salinivibrio_kushneri	SRR5950332	0
Salinivibrio_kushneri	SRR5950333	0
Salinivibrio_kushneri	SRR5950334	0
Salinivibrio_kushneri	SRR5950335	0
Salinivibrio_kushneri	SRR5950336	0
Salinivibrio_kushneri	SRR5950337	1
Salinivibrio_kushneri	SRR5950338	0
Salinivibrio_kushneri	SRR5950339	0
Salinivibrio_kushneri	SRR5950340	1
Salinivibrio_kushneri	SRR5950341	0
Salinivibrio_kushneri	SRR5950342	1
Salinivibrio_kushneri	SRR5950343	0
Salinivibrio_kushneri	SRR5950344	0
Salinivibrio_kushneri	SRR5950345	0
Salinivibrio_kushneri	SRR5950346	0
Salinivibrio_kushneri	SRR5950347	0
Salinivibrio_kushneri	SRR5950348	1
Salinivibrio_kushneri	SRR5950349	0
Salinivibrio_kushneri	SRR5950350	0
Salinivibrio_kushneri	SRR5950351	1
Salinivibrio_kushneri	SRR5950352	2
Salinivibrio_kushneri	SRR5950353	19
Salinivibrio_kushneri	SRR5950354	4
Salinivibrio_kushneri	SRR5950355	0
Salinivibrio_kushneri	SRR5950356	1
Salinivibrio_kushneri	SRR5950357	0
Salinivibrio_kushneri	SRR5950358	0
Salinivibrio_kushneri	SRR5950359	0
Salinivibrio_kushneri	SRR5950360	1
Salinivibrio_kushneri	SRR5950361	0
Salinivibrio_kushneri	SRR5950362	1
Salinivibrio_kushneri	SRR5950363	0
Salinivibrio_kushneri	SRR5950364	0
Salinivibrio_kushneri	SRR5950365	3
Salinivibrio_kushneri	SRR5950366	0
Salinivibrio_kushneri	SRR5950367	0
Salinivibrio_kushneri	SRR5950368	0
Salinivibrio_kushneri	SRR5950369	0
Salinivibrio_kushneri	SRR5950370	9
Salinivibrio_kushneri	SRR5950371	0
Salinivibrio_kushneri	SRR5950372	0
Salinivibrio_kushneri	SRR5950373	0
Salinivibrio_kushneri	SRR5950374	0
Salinivibrio_kushneri	SRR5950375	0
Salinivibrio_kushneri	SRR5950376	0
Salinivibrio_kushneri	SRR5950377	2
Salinivibrio_kushneri	SRR5950378	0
Salinivibrio_kushneri	SRR5950379	0
Salinivibrio_kushneri	SRR5950380	19
Salinivibrio_kushneri	SRR5950381	0
Salinivibrio_kushneri	SRR5950382	10
Salinivibrio_kushneri	SRR5950383	1
Salinivibrio_kushneri	SRR5950384	2
Salinivibrio_kushneri	SRR5950385	0
Salinivibrio_kushneri	SRR5950386	0
Salinivibrio_kushneri	SRR5950387	0
Salinivibrio_kushneri	SRR5950388	0
Salinivibrio_kushneri	SRR5950389	1
Salinivibrio_kushneri	SRR5950390	6
Salinivibrio_kushneri	SRR5950391	1
Salinivibrio_kushneri	SRR5950392	1
Salinivibrio_kushneri	SRR5950393	0
Salinivibrio_kushneri	SRR5950394	0
Salinivibrio_kushneri	SRR5950395	1
Salinivibrio_kushneri	SRR5950396	0
Salinivibrio_kushneri	SRR5950397	5
Salinivibrio_kushneri	SRR5950398	0
Salinivibrio_kushneri	SRR5950399	0
Salinivibrio_kushneri	SRR5950400	0
Salinivibrio_kushneri	SRR5950401	4
Salinivibrio_kushneri	SRR5950402	0
Salinivibrio_kushneri	SRR5950403	0
Salinivibrio_kushneri	SRR5950404	0
Salinivibrio_kushneri	SRR5950405	7
Salinivibrio_kushneri	SRR5950406	0
Salinivibrio_kushneri	SRR5950407	1
Salinivibrio_kushneri	SRR5950408	3
Salinivibrio_kushneri	SRR5950409	0
Salinivibrio_kushneri	SRR5950410	0
Salinivibrio_kushneri	SRR5950411	0
Salinivibrio_kushneri	SRR5950412	0
Salinivibrio_kushneri	SRR5950413	9
Salinivibrio_kushneri	SRR5950414	0
Salinivibrio_kushneri	SRR5950415	0
Salinivibrio_kushneri	SRR5950416	0
Salinivibrio_kushneri	SRR5950417	0
Salinivibrio_kushneri	SRR5950418	0
Salinivibrio_kushneri	SRR5950419	0
Salinivibrio_kushneri	SRR5950420	0
Salinivibrio_kushneri	SRR5950421	0
Salinivibrio_kushneri	SRR5950422	2
Salinivibrio_kushneri	SRR5950423	5
Salinivibrio_kushneri	SRR5950424	0
Salinivibrio_kushneri	SRR5950425	1
Salinivibrio_kushneri	SRR5950426	0
Salinivibrio_kushneri	SRR5950427	0
Salinivibrio_kushneri	SRR5950428	0
Salinivibrio_kushneri	SRR5950429	5
Salinivibrio_kushneri	SRR5950430	4
Salinivibrio_kushneri	SRR5950431	1
Salinivibrio_kushneri	SRR5950432	0
Salinivibrio_kushneri	SRR5950433	14
Salinivibrio_kushneri	SRR5950434	0
Salinivibrio_kushneri	SRR5950435	0
Salinivibrio_kushneri	SRR5950436	0
Salinivibrio_kushneri	SRR5950437	0
Salinivibrio_kushneri	SRR5950438	1
Salinivibrio_kushneri	SRR5950439	3
Salinivibrio_kushneri	SRR5950440	2
Salinivibrio_kushneri	SRR5950441	0
Salinivibrio_kushneri	SRR5950442	1
Salinivibrio_kushneri	SRR5950443	2
Salinivibrio_kushneri	SRR5950444	0
Salinivibrio_kushneri	SRR5950445	0
Salinivibrio_kushneri	SRR5950446	0
Salinivibrio_kushneri	SRR5950447	0
Salinivibrio_kushneri	SRR5950448	0
Salinivibrio_kushneri	SRR5950449	0
Salinivibrio_kushneri	SRR5950450	1
Salinivibrio_kushneri	SRR5950451	0
Salinivibrio_kushneri	SRR5950452	0
Salinivibrio_kushneri	SRR5950453	0
Salinivibrio_kushneri	SRR5950454	0
Salinivibrio_kushneri	SRR5950455	8
Salinivibrio_kushneri	SRR5950456	0
Salinivibrio_kushneri	SRR5950457	0
Salinivibrio_kushneri	SRR5950458	1
Salinivibrio_kushneri	SRR5950459	0
Salinivibrio_kushneri	SRR5950460	1
Salinivibrio_kushneri	SRR5950461	7
Salinivibrio_kushneri	SRR5950462	0
Salinivibrio_kushneri	SRR5950463	0
Salinivibrio_kushneri	SRR5950464	0
Salinivibrio_kushneri	SRR5950465	1
Salinivibrio_kushneri	SRR5950466	0
Salinivibrio_kushneri	SRR5950467	2
Salinivibrio_kushneri	SRR5950468	0
Salinivibrio_kushneri	SRR5950469	0
Salinivibrio_kushneri	SRR5950470	0
Salinivibrio_kushneri	SRR5963912	0
Salinivibrio_kushneri	SRR5963913	0
Salinivibrio_kushneri	SRR5963914	0
Salinivibrio_kushneri	SRR5963915	0
Salinivibrio_kushneri	SRR5963916	0
Salinivibrio_kushneri	SRR5963917	0
Salinivibrio_kushneri	SRR5963918	1
Salinivibrio_kushneri	SRR5963919	0
Salinivibrio_kushneri	SRR5963920	0
Salinivibrio_kushneri	SRR5963921	2
Salinivibrio_kushneri	SRR5963922	1
Salinivibrio_kushneri	SRR5963923	4
Salinivibrio_kushneri	SRR5963924	0
Salinivibrio_kushneri	SRR5963925	1
Salinivibrio_kushneri	SRR5963926	15
Salinivibrio_kushneri	SRR5963927	0
Salinivibrio_kushneri	SRR5963928	1
Salinivibrio_kushneri	SRR5963929	0
Salinivibrio_kushneri	SRR5963930	0
Salinivibrio_kushneri	SRR5963931	3
Salinivibrio_kushneri	SRR5963932	0
Salinivibrio_kushneri	SRR5963933	0
Salinivibrio_kushneri	SRR5963934	0
Salinivibrio_kushneri	SRR5963935	0
Salinivibrio_kushneri	SRR5963936	0
Salinivibrio_kushneri	SRR5963937	1
Salinivibrio_kushneri	SRR5963938	0
Salinivibrio_kushneri	SRR5963939	0
Salinivibrio_kushneri	SRR5963940	0
Salinivibrio_kushneri	SRR5963941	0
Salinivibrio_kushneri	SRR5963942	0
Salinivibrio_kushneri	SRR5963943	1
Salinivibrio_kushneri	SRR5963944	1
Salinivibrio_kushneri	SRR5963945	3
Salinivibrio_kushneri	SRR5963946	1
Salinivibrio_kushneri	SRR5963947	1
Salinivibrio_kushneri	SRR5963948	0
Salinivibrio_kushneri	SRR6467548	NA
Salinivibrio_kushneri	SRR6467549	NA
Salinivibrio_kushneri	SRR6467550	NA
Salinivibrio_kushneri	SRR6467551	NA
Salinivibrio_kushneri	SRR6467552	NA
Salinivibrio_kushneri	SRR6467553	NA
Salinivibrio_kushneri	SRR6467554	NA
Salinivibrio_kushneri	SRR6467555	NA
Salinivibrio_kushneri	SRR6467556	NA
Salinivibrio_kushneri	SRR6467557	NA
Salinivibrio_kushneri	SRR6467558	NA
Salinivibrio_kushneri	SRR6467559	NA
Salinivibrio_kushneri	SRR6467560	NA
Salinivibrio_kushneri	SRR6467561	NA
Salinivibrio_kushneri	SRR6467562	NA
Salinivibrio_kushneri	SRR6467563	NA
Salinivibrio_kushneri	SRR6467564	NA
Salinivibrio_kushneri	SRR6467565	NA
Salinivibrio_kushneri	SRR6467566	NA
Salinivibrio_kushneri	SRR6467567	NA
Salinivibrio_kushneri	SRR6467568	NA
Salinivibrio_kushneri	SRR6467569	NA
Salinivibrio_kushneri	SRR6467570	NA
Salinivibrio_kushneri	SRR6467571	NA
Salinivibrio_kushneri	SRR6467572	NA
Salinivibrio_kushneri	SRR6467573	NA
Salinivibrio_kushneri	SRR6467574	NA
Salinivibrio_kushneri	SRR6467575	NA
Salinivibrio_kushneri	SRR6467576	NA
Salinivibrio_kushneri	SRR6467577	NA
Salinivibrio_kushneri	SRR6467578	NA
Salinivibrio_kushneri	SRR6467579	NA
Salinivibrio_kushneri	SRR6467580	NA
Salinivibrio_kushneri	SRR6467581	NA
Salinivibrio_kushneri	SRR6467582	NA
Salinivibrio_kushneri	SRR6467583	NA
Salinivibrio_kushneri	SRR6467584	NA
Salinivibrio_kushneri	SRR6467585	NA
Salinivibrio_kushneri	SRR6467586	NA
Salinivibrio_kushneri	SRR6467587	NA
Salinivibrio_kushneri	SRR6467588	NA
Salinivibrio_kushneri	SRR6467589	NA
Salinivibrio_kushneri	SRR6467590	NA
Salinivibrio_kushneri	SRR6467591	NA
Salinivibrio_kushneri	SRR6467592	NA
Salinivibrio_kushneri	SRR6467593	NA
Salinivibrio_kushneri	SRR6467594	NA
Salinivibrio_kushneri	SRR6467595	NA
Salinivibrio_kushneri	SRR6467596	NA
Salinivibrio_kushneri	SRR6467597	NA
Salinivibrio_kushneri	SRR6467598	NA
Salinivibrio_kushneri	SRR6467599	NA
Salinivibrio_kushneri	SRR6467600	NA
Salinivibrio_kushneri	SRR6467601	NA
Salinivibrio_kushneri	SRR6467602	NA
Salinivibrio_kushneri	SRR6467603	NA
Salinivibrio_kushneri	SRR6467604	NA
Salinivibrio_kushneri	SRR6467605	NA
Salinivibrio_kushneri	SRR6467606	NA
Salinivibrio_kushneri	SRR6467607	NA
Salinivibrio_kushneri	SRR6467608	NA
Salinivibrio_kushneri	SRR6467609	NA
Salinivibrio_kushneri	SRR6467610	NA
Salinivibrio_kushneri	SRR6467611	NA
Salinivibrio_kushneri	SRR6467612	NA
Salinivibrio_kushneri	SRR6467613	NA
Salinivibrio_kushneri	SRR6467614	NA
Salinivibrio_kushneri	SRR6467615	NA
Salinivibrio_kushneri	SRR6467616	NA
Salinivibrio_kushneri	SRR6467617	NA
Salinivibrio_kushneri	SRR6467618	NA
Salinivibrio_kushneri	SRR6467619	NA
Salinivibrio_kushneri	SRR6467620	NA
Salinivibrio_kushneri	SRR6467621	NA
Salinivibrio_kushneri	SRR6467622	NA
Salinivibrio_kushneri	SRR6467623	NA
Salinivibrio_kushneri	SRR6467624	NA
Salinivibrio_kushneri	SRR6467625	NA
Salinivibrio_kushneri	SRR6467626	NA
Salinivibrio_kushneri	SRR6467627	NA
Salinivibrio_kushneri	SRR6467628	NA
Salinivibrio_kushneri	SRR6467629	NA
Salinivibrio_kushneri	SRR6467630	NA
Salinivibrio_kushneri	SRR6467631	NA
Salinivibrio_kushneri	SRR6467632	NA
Salinivibrio_kushneri	SRR6467633	NA
Salinivibrio_kushneri	SRR6467634	NA
Salinivibrio_kushneri	SRR6467635	NA
Salinivibrio_kushneri	SRR6467636	NA
Salinivibrio_kushneri	SRR6467637	NA
Salinivibrio_kushneri	SRR6467638	NA
Salinivibrio_kushneri	SRR6467639	NA
Salinivibrio_kushneri	SRR6467640	NA
Salinivibrio_kushneri	SRR6467641	NA
Salinivibrio_kushneri	SRR6467642	NA
Salinivibrio_kushneri	SRR6467643	NA
Salinivibrio_kushneri	SRR6467644	NA
Salinivibrio_kushneri	SRR6467645	NA
Salinivibrio_kushneri	SRR6467646	NA
Salinivibrio_kushneri	SRR6467647	NA
Salinivibrio_kushneri	SRR6467648	NA
Salinivibrio_kushneri	SRR6467649	NA
Salinivibrio_kushneri	SRR6467650	NA
Salinivibrio_kushneri	SRR6467651	NA
Salinivibrio_kushneri	SRR6467652	NA
Salinivibrio_kushneri	SRR6467653	NA
Salinivibrio_kushneri	SRR6467654	NA
Salinivibrio_kushneri	SRR6467655	NA
Salinivibrio_kushneri	SRR6467656	NA
Salinivibrio_kushneri	SRR6467657	NA
Salinivibrio_kushneri	SRR6467658	NA
Salinivibrio_kushneri	SRR6467659	NA
Salinivibrio_kushneri	SRR6467660	NA
Salinivibrio_kushneri	SRR6467661	NA
Salinivibrio_kushneri	SRR6467662	NA
Salinivibrio_kushneri	SRR6467663	NA
Salinivibrio_kushneri	SRR6467664	NA
Salinivibrio_kushneri	SRR6467665	NA
Salinivibrio_kushneri	SRR6467666	NA
Salinivibrio_kushneri	SRR6467667	NA
Salinivibrio_kushneri	SRR6467668	NA
Salinivibrio_kushneri	SRR6467669	NA
Salinivibrio_kushneri	SRR6467670	NA
Salinivibrio_kushneri	SRR6467671	NA
Salinivibrio_kushneri	SRR6467672	NA
Salinivibrio_kushneri	SRR6467673	NA
Salinivibrio_kushneri	SRR6467674	NA
Salinivibrio_kushneri	SRR6467675	NA
Salinivibrio_kushneri	SRR6467676	NA
Salinivibrio_kushneri	SRR6467677	NA
Salinivibrio_kushneri	SRR6467678	NA
Salinivibrio_kushneri	SRR6467679	NA
Salinivibrio_kushneri	SRR6467680	NA
Salinivibrio_kushneri	SRR6467681	NA
Salinivibrio_kushneri	SRR6467682	NA
Salinivibrio_kushneri	SRR6467683	NA
Salinivibrio_kushneri	SRR6467684	NA
Salinivibrio_kushneri	SRR6467685	NA
Salinivibrio_kushneri	SRR6467686	NA
Salinivibrio_kushneri	SRR6467687	NA
Salinivibrio_kushneri	SRR6467688	NA
Salinivibrio_kushneri	SRR6467689	NA
Salinivibrio_kushneri	SRR6467690	NA
Salinivibrio_kushneri	SRR6467691	NA
Salinivibrio_kushneri	SRR6467692	NA
Salinivibrio_kushneri	SRR6467693	NA
Salinivibrio_kushneri	SRR6467694	NA
Salinivibrio_kushneri	SRR6467695	NA
Salinivibrio_kushneri	SRR6467696	NA
Salinivibrio_kushneri	SRR6467697	NA
Salinivibrio_kushneri	SRR6467698	NA
Salinivibrio_kushneri	SRR6467699	NA
Salinivibrio_kushneri	SRR6467700	NA
Salinivibrio_kushneri	SRR6467701	NA
Salinivibrio_kushneri	SRR6467702	NA
Salinivibrio_kushneri	SRR6467703	NA
Salinivibrio_kushneri	SRR6467704	NA
Salinivibrio_kushneri	SRR6467705	NA
Salinivibrio_kushneri	SRR6467706	NA
Salinivibrio_kushneri	SRR6467707	NA
Salinivibrio_kushneri	SRR6467708	NA
Salinivibrio_kushneri	SRR6467709	NA
Salinivibrio_kushneri	SRR6467710	NA
Salinivibrio_kushneri	SRR6467711	NA
Salinivibrio_kushneri	SRR6467712	NA
Salinivibrio_kushneri	SRR6467713	NA
Salinivibrio_kushneri	SRR6467714	NA
Salinivibrio_kushneri	SRR6467715	NA
Salinivibrio_kushneri	SRR6467716	NA
Salinivibrio_kushneri	SRR6467717	NA
Salinivibrio_kushneri	SRR6467718	NA
Salinivibrio_kushneri	SRR6467719	NA
Salinivibrio_kushneri	SRR6467720	NA
Salinivibrio_kushneri	SRR6467721	NA
Salinivibrio_kushneri	SRR6467722	NA
Salinivibrio_kushneri	SRR6467723	NA
Salinivibrio_kushneri	SRR6467724	NA
Salinivibrio_kushneri	SRR6467725	NA
Salinivibrio_kushneri	SRR6467726	NA
Salinivibrio_kushneri	SRR6467727	NA
Salinivibrio_kushneri	SRR6467728	NA
Salinivibrio_kushneri	SRR6467729	NA
Salinivibrio_kushneri	SRR6467730	NA
Salinivibrio_kushneri	SRR6467731	NA
Salinivibrio_kushneri	SRR6467732	NA
Salinivibrio_kushneri	SRR6467733	NA
Salinivibrio_kushneri	SRR6467734	NA
Salinivibrio_kushneri	SRR6467735	NA
Salinivibrio_kushneri	SRR6467736	NA
Salinivibrio_kushneri	SRR6467737	NA
Salinivibrio_kushneri	SRR6467738	NA
Salinivibrio_kushneri	SRR6467739	NA
Salinivibrio_kushneri	SRR6467740	NA
Salinivibrio_kushneri	SRR6467741	NA
Salinivibrio_kushneri	SRR6467742	NA
Salinivibrio_kushneri	SRR6467743	NA
Salinivibrio_kushneri	SRR6467744	NA
Salinivibrio_kushneri	SRR6467745	NA
Salinivibrio_kushneri	SRR6467746	NA
Salinivibrio_kushneri	SRR6467747	NA
Salinivibrio_kushneri	SRR6467748	NA
Salinivibrio_kushneri	SRR6467749	NA
Salinivibrio_kushneri	SRR6467750	NA
Salinivibrio_kushneri	SRR6467751	NA
Salinivibrio_kushneri	SRR6467752	NA
Salinivibrio_kushneri	SRR6467753	NA
Salinivibrio_kushneri	SRR6467754	NA
Salinivibrio_kushneri	SRR6467755	NA
Salinivibrio_kushneri	SRR6467756	NA
Salinivibrio_kushneri	SRR6467757	NA
Salinivibrio_kushneri	SRR6467758	NA
Salinivibrio_kushneri	SRR6467759	NA
Salinivibrio_kushneri	SRR6467760	NA
Salinivibrio_kushneri	SRR6467761	NA
Salinivibrio_kushneri	SRR6467762	NA
Salinivibrio_kushneri	SRR6467763	NA
Salinivibrio_kushneri	SRR6467764	NA
Salinivibrio_kushneri	SRR6467765	NA
Salinivibrio_kushneri	SRR6467766	NA
Salinivibrio_kushneri	SRR6467767	NA
Salinivibrio_kushneri	SRR6467768	NA
Salinivibrio_kushneri	SRR6467769	NA
Salinivibrio_kushneri	SRR6467770	NA
Salinivibrio_kushneri	SRR6467771	NA
Salinivibrio_kushneri	SRR6467772	NA
Salinivibrio_kushneri	SRR6467773	NA
Salinivibrio_kushneri	SRR6868540	NA
Salinivibrio_kushneri	SRR6868541	NA
Salinivibrio_kushneri	SRR6868542	NA
Salinivibrio_kushneri	SRR6868543	NA
Salinivibrio_kushneri	SRR6868544	NA
Salinivibrio_kushneri	SRR6868545	NA
Salinivibrio_kushneri	SRR6868546	NA
Salinivibrio_kushneri	SRR6868557	NA
Salinivibrio_kushneri	SRR6868558	NA
Salinivibrio_kushneri	SRR6868559	NA
Salinivibrio_kushneri	SRR6868560	NA
Salinivibrio_kushneri	SRR6868569	NA
Salinivibrio_kushneri	SRR6868570	NA
Salinivibrio_kushneri	SRR6868571	NA
Salinivibrio_kushneri	SRR6868572	NA
Salinivibrio_kushneri	SRR6868573	NA
Salinivibrio_kushneri	SRR6868574	NA
Salinivibrio_kushneri	SRR6868575	NA
Salinivibrio_kushneri	SRR6868576	NA
Salinivibrio_kushneri	SRR6868577	NA
Salinivibrio_kushneri	SRR6868578	NA
Salinivibrio_kushneri	SRR6868579	NA
Salinivibrio_kushneri	SRR6868580	NA
Salinivibrio_kushneri	SRR6868581	NA
Salinivibrio_kushneri	SRR6868582	NA
Salinivibrio_kushneri	SRR6868585	NA
Salinivibrio_kushneri	SRR6868586	NA
Salinivibrio_kushneri	SRR6868587	NA
Salinivibrio_kushneri	SRR6868588	NA
Salinivibrio_kushneri	SRR6868589	NA
Salinivibrio_kushneri	SRR6868590	NA
Salinivibrio_kushneri	SRR6868591	NA
Salinivibrio_kushneri	SRR6868604	NA
Salinivibrio_kushneri	SRR6868605	NA
Salinivibrio_kushneri	SRR6868606	NA
Salinivibrio_kushneri	SRR6868607	NA
Salinivibrio_kushneri	SRR6868608	NA
Salinivibrio_kushneri	SRR6868609	NA
Salinivibrio_kushneri	SRR6868610	NA
Salinivibrio_kushneri	SRR6868620	NA
Salinivibrio_kushneri	SRR6868621	NA
Salinivibrio_kushneri	SRR6868622	NA
Salinivibrio_kushneri	SRR6868623	NA
Salinivibrio_kushneri	SRR6868636	NA
Salinivibrio_kushneri	SRR6868637	NA
Salinivibrio_kushneri	SRR6868638	NA
Salinivibrio_kushneri	SRR6868639	NA
Salinivibrio_kushneri	SRR6868650	NA
Salinivibrio_kushneri	SRR6868651	NA
Salinivibrio_kushneri	SRR6868652	NA
Salinivibrio_kushneri	SRR6868653	NA
Salinivibrio_kushneri	SRR6868654	NA
Salinivibrio_kushneri	SRR6868655	NA
Salinivibrio_kushneri	SRR6868665	NA
Salinivibrio_kushneri	SRR6868666	NA
Salinivibrio_kushneri	SRR6868667	NA
Salinivibrio_kushneri	SRR6868668	NA
Salinivibrio_kushneri	SRR6868669	NA
Salinivibrio_kushneri	SRR6868670	NA
Salinivibrio_kushneri	SRR6868671	NA
Salinivibrio_kushneri	SRR6868683	NA
Salinivibrio_kushneri	SRR6868684	NA
Salinivibrio_kushneri	SRR6868685	NA
Salinivibrio_kushneri	SRR6868686	NA
Salinivibrio_kushneri	SRR6868687	NA
Salinivibrio_kushneri	SRR6868688	NA
Salinivibrio_kushneri	SRR6868689	NA
Salinivibrio_kushneri	SRR6868698	NA
Salinivibrio_kushneri	SRR6868699	NA
Salinivibrio_kushneri	SRR6868700	NA
Salinivibrio_kushneri	SRR6868701	NA
Salinivibrio_kushneri	SRR6868702	NA
Salinivibrio_kushneri	SRR6868713	NA
Salinivibrio_kushneri	SRR6868714	NA
Salinivibrio_kushneri	SRR6868715	NA
Salinivibrio_kushneri	SRR6868716	NA
Salinivibrio_kushneri	SRR6868717	NA
Salinivibrio_kushneri	SRR6868718	NA
Salinivibrio_kushneri	SRR6868719	NA
Salinivibrio_kushneri	SRR6868720	NA
Salinivibrio_kushneri	SRR6868721	NA
Salinivibrio_kushneri	SRR6868722	NA
Salinivibrio_kushneri	SRR6868723	NA
Salinivibrio_kushneri	SRR6868724	NA
Salinivibrio_kushneri	SRR6868725	NA
Salinivibrio_kushneri	SRR6868726	NA
Salinivibrio_kushneri	SRR6868741	NA
Salinivibrio_kushneri	SRR7632756	NA
Salinivibrio_kushneri	SRR7632757	NA
Salinivibrio_kushneri	SRR7632758	NA
Salinivibrio_kushneri	SRR7632759	NA
Salinivibrio_kushneri	SRR7632760	NA
Salinivibrio_kushneri	SRR7632761	NA
Salinivibrio_kushneri	SRR7632762	NA
Salinivibrio_kushneri	SRR7632763	NA
Salinivibrio_kushneri	SRR7632764	NA
Salinivibrio_kushneri	SRR7632765	NA
Salinivibrio_kushneri	SRR7632766	NA
Salinivibrio_kushneri	SRR7632767	NA
Salinivibrio_kushneri	SRR7632768	NA
Salinivibrio_kushneri	SRR7632769	NA
Salinivibrio_kushneri	SRR7632770	NA
Salinivibrio_kushneri	SRR7632771	NA
Salinivibrio_kushneri	SRR7632772	NA
Salinivibrio_kushneri	SRR7632773	NA
Salinivibrio_kushneri	SRR7632774	NA
Salinivibrio_kushneri	SRR7632775	NA
Salinivibrio_kushneri	SRR7632776	NA
Salinivibrio_kushneri	SRR7632777	NA
Salinivibrio_kushneri	SRR7632778	NA
Salinivibrio_kushneri	SRR7632779	NA
Salinivibrio_kushneri	SRR7632780	NA
Salinivibrio_kushneri	SRR7632781	NA
Salinivibrio_kushneri	SRR7632782	NA
Salinivibrio_kushneri	SRR7632783	NA
Salinivibrio_kushneri	SRR7632784	NA
Salinivibrio_kushneri	SRR7632785	NA
Salinivibrio_kushneri	SRR7632786	NA
Salinivibrio_kushneri	SRR7632787	NA
Salinivibrio_kushneri	SRR7632788	NA
Salinivibrio_kushneri	SRR7632789	NA
Salinivibrio_kushneri	SRR7632790	NA
Salinivibrio_kushneri	SRR7632791	NA
Salinivibrio_kushneri	SRR7632792	NA
Salinivibrio_kushneri	SRR7632793	NA
Salinivibrio_kushneri	SRR7632794	NA
Salinivibrio_kushneri	SRR7632795	NA
Salinivibrio_kushneri	SRR7632796	NA
Salinivibrio_kushneri	SRR7632797	NA
Salinivibrio_kushneri	SRR7632798	NA
Salinivibrio_kushneri	SRR7632799	NA
Salinivibrio_kushneri	SRR7632800	NA
Salinivibrio_kushneri	SRR7632801	NA
Salinivibrio_kushneri	SRR7632802	NA
Salinivibrio_kushneri	SRR7632803	NA
Salinivibrio_kushneri	SRR7632804	NA
Salinivibrio_kushneri	SRR7632805	NA
Salinivibrio_kushneri	SRR7632806	NA
Salinivibrio_kushneri	SRR7632807	NA
Salinivibrio_kushneri	SRR7632808	NA
Salinivibrio_kushneri	SRR7632809	NA
Salinivibrio_kushneri	SRR7632810	NA
Salinivibrio_kushneri	SRR7632811	NA
Salinivibrio_kushneri	SRR7632812	NA
Salinivibrio_kushneri	SRR7632813	NA
Salinivibrio_kushneri	SRR7632814	NA
Salinivibrio_kushneri	SRR7632815	NA
Salinivibrio_kushneri	SRR7632816	NA
Salinivibrio_kushneri	SRR7632817	NA
Salinivibrio_kushneri	SRR7632818	NA
Salinivibrio_kushneri	SRR7632819	NA
Salinivibrio_kushneri	SRR7632820	NA
Salinivibrio_kushneri	SRR7632821	NA
Salinivibrio_kushneri	SRR7632822	NA
Salinivibrio_kushneri	SRR7632823	NA
Salinivibrio_kushneri	SRR7632824	NA
Salinivibrio_kushneri	SRR7632825	NA
Salinivibrio_kushneri	SRR7632826	NA
Salinivibrio_kushneri	SRR7632827	NA
Salinivibrio_kushneri	SRR7632828	NA
Salinivibrio_kushneri	SRR7632829	NA
Salinivibrio_kushneri	SRR7632830	NA
Salinivibrio_kushneri	SRR7632831	NA
Salinivibrio_kushneri	SRR7632832	NA
Salinivibrio_kushneri	SRR7632833	NA
Salinivibrio_kushneri	SRR7632834	NA
Salinivibrio_kushneri	SRR7632835	NA
Salinivibrio_kushneri	SRR7632836	NA
Salinivibrio_kushneri	SRR7632837	NA
Salinivibrio_kushneri	SRR7632838	NA
Salinivibrio_kushneri	SRR7632839	NA
Salinivibrio_kushneri	SRR7632840	NA
Salinivibrio_kushneri	SRR7632841	NA
Salinivibrio_kushneri	SRR7632842	NA
Salinivibrio_kushneri	SRR7632843	NA
Salinivibrio_kushneri	SRR7632844	NA
Salinivibrio_kushneri	SRR7632845	NA
Salinivibrio_kushneri	SRR7632846	NA
Salinivibrio_kushneri	SRR7632847	NA
Salinivibrio_kushneri	SRR7632848	NA
Salinivibrio_kushneri	SRR7632849	NA
Salinivibrio_kushneri	SRR7632850	NA
Salinivibrio_kushneri	SRR7632851	NA
Salinivibrio_kushneri	SRR7632852	NA
Salinivibrio_kushneri	SRR7632853	NA
Salinivibrio_kushneri	SRR7632854	NA
Salinivibrio_kushneri	SRR7632855	NA
Salinivibrio_kushneri	SRR7632856	NA
Salinivibrio_kushneri	SRR7632857	NA
Salinivibrio_kushneri	SRR7632858	NA
Salinivibrio_kushneri	SRR7632859	NA
Salinivibrio_kushneri	SRR7632860	NA
Salinivibrio_kushneri	SRR7632861	NA
Salinivibrio_kushneri	SRR7632862	NA
Salinivibrio_kushneri	SRR7632863	NA
Salinivibrio_kushneri	SRR7632864	NA
Salinivibrio_kushneri	SRR7632865	NA
Salinivibrio_kushneri	SRR7632866	NA
Salinivibrio_kushneri	SRR7632867	NA
Salinivibrio_kushneri	SRR7632868	NA
Salinivibrio_kushneri	SRR7632869	NA
Salinivibrio_kushneri	SRR7632870	NA
Salinivibrio_kushneri	SRR7632871	NA
Salinivibrio_kushneri	SRR7632872	NA
Salinivibrio_kushneri	SRR7632873	NA
Salinivibrio_kushneri	SRR7632874	NA
Salinivibrio_kushneri	SRR7632875	NA
Salinivibrio_kushneri	SRR7632876	NA
Salinivibrio_kushneri	SRR7632877	NA
Salinivibrio_kushneri	SRR7632878	NA
Salinivibrio_kushneri	SRR7632879	NA
Salinivibrio_kushneri	SRR7632880	NA
Salinivibrio_kushneri	SRR7632881	NA
Salinivibrio_kushneri	SRR7632882	NA
Salinivibrio_kushneri	SRR7632883	NA
Salinivibrio_kushneri	SRR7632884	NA
Salinivibrio_kushneri	SRR7632885	NA
Salinivibrio_kushneri	SRR7632886	NA
Salinivibrio_kushneri	SRR7632887	NA
Salinivibrio_kushneri	SRR7632888	NA
Salinivibrio_kushneri	SRR7632889	NA
Salinivibrio_kushneri	SRR7632890	NA
Salinivibrio_kushneri	SRR7632891	NA
Salinivibrio_kushneri	SRR7632892	NA
Salinivibrio_kushneri	SRR7632893	NA
Salinivibrio_kushneri	SRR7632894	NA
Salinivibrio_kushneri	SRR7632895	NA
Salinivibrio_kushneri	SRR7632896	NA
Salinivibrio_kushneri	SRR7632897	NA
Salinivibrio_kushneri	SRR7632898	NA
Salinivibrio_kushneri	SRR7632899	NA
Salinivibrio_kushneri	SRR7632900	NA
Salinivibrio_kushneri	SRR7632901	NA
Salinivibrio_kushneri	SRR7632902	NA
Salinivibrio_kushneri	SRR7632903	NA
Salinivibrio_kushneri	SRR7632904	NA
Salinivibrio_kushneri	SRR7632905	NA
Salinivibrio_kushneri	SRR7632906	NA
Salinivibrio_kushneri	SRR7632907	NA
Salinivibrio_kushneri	SRR7632908	NA
Salinivibrio_kushneri	SRR7632909	NA
Salinivibrio_kushneri	SRR7632910	NA
Salinivibrio_kushneri	SRR7632911	NA
Salinivibrio_kushneri	SRR7632912	NA
Salinivibrio_kushneri	SRR7632913	NA
Salinivibrio_kushneri	SRR7632914	NA
Salinivibrio_kushneri	SRR7632915	NA
Salinivibrio_kushneri	SRR7632916	NA
Salinivibrio_kushneri	SRR7632917	NA
Salinivibrio_kushneri	SRR7632918	NA
Salinivibrio_kushneri	SRR7632919	NA
Salinivibrio_kushneri	SRR7632920	NA
Salinivibrio_kushneri	SRR7632921	NA
Salinivibrio_kushneri	SRR7632922	NA
Salinivibrio_kushneri	SRR7632923	NA
Salinivibrio_kushneri	SRR7632924	NA
Salinivibrio_kushneri	SRR7632925	NA
Salinivibrio_kushneri	SRR7632926	NA
Salinivibrio_kushneri	SRR7632927	NA
Salinivibrio_kushneri	SRR7632928	NA
Salinivibrio_kushneri	SRR7632929	NA
Salinivibrio_kushneri	SRR7632930	NA
Salinivibrio_kushneri	SRR7632931	NA
Salinivibrio_kushneri	SRR7632932	NA
Salinivibrio_kushneri	SRR7632933	NA
Salinivibrio_kushneri	SRR7632934	NA
Salinivibrio_kushneri	SRR7632935	NA
Salinivibrio_kushneri	SRR7632936	NA
Salinivibrio_kushneri	SRR7632937	NA
Salinivibrio_kushneri	SRR7632938	NA
Salinivibrio_kushneri	SRR7632939	NA
Salinivibrio_kushneri	SRR7632940	NA
Salinivibrio_kushneri	SRR7632941	NA
Salinivibrio_kushneri	SRR7632942	NA
Salinivibrio_kushneri	SRR7632943	NA
Salinivibrio_kushneri	SRR7632944	NA
Salinivibrio_kushneri	SRR7632945	NA
Salinivibrio_kushneri	SRR8928966	NA
Salinivibrio_kushneri	SRR8928967	NA
Salinivibrio_kushneri	SRR8928968	NA
Salinivibrio_kushneri	SRR8928969	NA
Salinivibrio_kushneri	SRR8928970	NA
Salinivibrio_kushneri	SRR8928971	NA
Salinivibrio_kushneri	SRR8928972	NA
Salinivibrio_kushneri	SRR8928973	NA
Salinivibrio_kushneri	SRR8928974	NA
Salinivibrio_kushneri	SRR8928975	NA
Salinivibrio_kushneri	SRR8928976	NA
Salinivibrio_kushneri	SRR8928977	NA
Salinivibrio_kushneri	SRR8928978	NA
Salinivibrio_kushneri	SRR8928979	NA
Salinivibrio_kushneri	SRR8928980	NA
Salinivibrio_kushneri	SRR8928981	NA
Salinivibrio_kushneri	SRR8928982	NA
Salinivibrio_kushneri	SRR8928983	NA
Salinivibrio_kushneri	SRR8928984	NA
Salinivibrio_kushneri	SRR8928985	NA
Salinivibrio_kushneri	SRR8928986	NA
Salinivibrio_kushneri	SRR8928987	NA
Salinivibrio_kushneri	SRR8928988	NA
Salinivibrio_kushneri	SRR8928989	NA
Salinivibrio_kushneri	SRR8928990	NA
Salinivibrio_kushneri	SRR8928991	NA
Salinivibrio_kushneri	SRR9835604	NA
Salinivibrio_kushneri	SRR9835605	NA
Salinivibrio_kushneri	SRR9835606	NA
Salinivibrio_kushneri	SRR9835607	NA
Salinivibrio_kushneri	SRR9835608	NA
Salinivibrio_kushneri	SRR9835609	NA
Salinivibrio_kushneri	SRR9835610	NA
Salinivibrio_kushneri	SRR9835611	NA
Salinivibrio_kushneri	SRR9835612	NA
Salinivibrio_kushneri	SRR9835613	NA
Salinivibrio_kushneri	SRR9835614	NA
Salinivibrio_kushneri	SRR9835615	NA
Salinivibrio_kushneri	SRR9835616	NA
Salinivibrio_kushneri	SRR9835617	NA
Salinivibrio_kushneri	SRR9835618	NA
Salinivibrio_kushneri	SRR9835619	NA
Salinivibrio_kushneri	SRR9835620	NA
Salinivibrio_kushneri	SRR9835621	NA
Salinivibrio_kushneri	SRR9835622	NA
Salinivibrio_kushneri	SRR9835623	NA
Salinivibrio_kushneri	SRR9835624	NA
Salinivibrio_kushneri	SRR9835625	NA
Salinivibrio_kushneri	SRR9835626	NA
Salinivibrio_kushneri	SRR9835627	NA
Salinivibrio_kushneri	SRR9835628	NA
Salinivibrio_kushneri	SRR9835629	NA
Salinivibrio_kushneri	SRR9835630	NA
Salinivibrio_kushneri	SRR9835631	NA
Salinivibrio_kushneri	SRR9835632	NA
Salinivibrio_kushneri	SRR9835633	NA
Salinivibrio_kushneri	SRR9835634	NA
Salinivibrio_kushneri	SRR9835635	NA
Salinivibrio_kushneri	SRR9835636	NA
Salinivibrio_kushneri	SRR9835637	NA
Salinivibrio_kushneri	SRR9835638	NA
Salinivibrio_kushneri	SRR9835639	NA
Salinivibrio_kushneri	SRR9835640	NA
Salinivibrio_kushneri	SRR9835641	NA
Salinivibrio_kushneri	SRR9835642	NA
Salinivibrio_kushneri	SRR9835643	NA
Salinivibrio_kushneri	SRR9835644	NA
Salinivibrio_kushneri	SRR9835645	NA
Salinivibrio_kushneri	SRR9835646	NA
Salinivibrio_kushneri	SRR9835647	NA
Salinivibrio_kushneri	SRR9835648	NA
Salinivibrio_kushneri	SRR9835649	NA
Salinivibrio_kushneri	SRR9835650	NA
Salinivibrio_kushneri	SRR9835651	NA
Salinivibrio_kushneri	SRR9835652	NA
Salinivibrio_kushneri	SRR9835653	NA
Salinivibrio_kushneri	SRR9835654	NA
Salinivibrio_kushneri	SRR9835655	NA
Salinivibrio_kushneri	SRR9835656	NA
Salinivibrio_kushneri	SRR9835657	NA
Salinivibrio_kushneri	SRR9835658	NA
Salinivibrio_kushneri	SRR9835659	NA
Salinivibrio_kushneri	SRR9835660	NA
Salinivibrio_kushneri	SRR9835661	NA
Salinivibrio_kushneri	SRR9835662	NA
Salinivibrio_kushneri	SRR9835663	NA
Salinivibrio_kushneri	SRR9835664	NA
Salinivibrio_kushneri	SRR9835665	NA
Salinivibrio_kushneri	SRR9835666	NA
Salinivibrio_kushneri	SRR9835667	NA
Salinivibrio_kushneri	SRR9835668	NA
Salinivibrio_kushneri	SRR9835669	NA
Salinivibrio_kushneri	SRR9835670	NA
Salinivibrio_kushneri	SRR9835671	NA
Salinivibrio_kushneri	SRR9835672	NA
Salinivibrio_kushneri	SRR9835673	NA
Salinivibrio_kushneri	SRR9835674	NA
Salinivibrio_kushneri	SRR9835675	NA
Salinivibrio_kushneri	SRR9835676	NA
Salinivibrio_kushneri	SRR9835677	NA
Salinivibrio_kushneri	SRR9835678	NA
Salinivibrio_kushneri	SRR9835679	NA
Salinivibrio_kushneri	SRR9835680	NA
Salinivibrio_kushneri	SRR9835681	NA
Salinivibrio_kushneri	SRR9835682	NA
Salinivibrio_kushneri	SRR9835683	NA
Salinivibrio_kushneri	SRR9835684	NA
Salinivibrio_kushneri	SRR9835685	NA
Salinivibrio_kushneri	SRR9835686	NA
Salinivibrio_kushneri	SRR9835687	NA
Salinivibrio_kushneri	SRR9835688	NA
Salinivibrio_kushneri	SRR9835689	NA
Salinivibrio_kushneri	SRR9835690	NA
Salinivibrio_kushneri	SRR9835691	NA
Salinivibrio_kushneri	SRR9835692	NA
Salinivibrio_kushneri	SRR9835693	NA
Salinivibrio_kushneri	SRR9835694	NA
Salinivibrio_kushneri	SRR9835695	NA
Salinivibrio_kushneri	SRR9835696	NA
Salinivibrio_kushneri	SRR9835697	NA
Salinivibrio_kushneri	SRR9835698	NA
Salinivibrio_kushneri	SRR9835699	NA
Salinivibrio_kushneri	SRR9835700	NA
Salinivibrio_kushneri	SRR9835701	NA
Salinivibrio_kushneri	SRR9835702	NA
Salinivibrio_kushneri	SRR9835703	NA
Salinivibrio_kushneri	SRR9835704	NA
Salinivibrio_kushneri	SRR9835705	NA
Salinivibrio_kushneri	SRR9835706	NA
Salinivibrio_kushneri	SRR9835707	NA
Salinivibrio_kushneri	SRR9835708	NA
Salinivibrio_kushneri	SRR9835709	NA
Salinivibrio_kushneri	SRR9835710	NA
Salinivibrio_kushneri	SRR9835711	NA
Salinivibrio_kushneri	SRR9835712	NA
Salinivibrio_kushneri	SRR9835713	NA
Salinivibrio_kushneri	SRR9835714	NA
Salinivibrio_kushneri	SRR9835715	NA
Salinivibrio_kushneri	SRR9835716	NA
Salinivibrio_kushneri	SRR9835717	NA
Salinivibrio_kushneri	SRR9835718	NA
Salinivibrio_kushneri	SRR9835719	NA
Salinivibrio_kushneri	SRR9835720	NA
Salinivibrio_kushneri	SRR9835721	NA
Salinivibrio_kushneri	SRR9835722	NA
Salinivibrio_kushneri	SRR9835723	NA
Salinivibrio_kushneri	SRR9835724	NA
Salinivibrio_kushneri	SRR9835725	NA
Salinivibrio_kushneri	SRR9835726	NA
Salinivibrio_kushneri	SRR9835727	NA
Salinivibrio_kushneri	SRR9835728	NA
Salinivibrio_kushneri	SRR9835729	NA
Salinivibrio_kushneri	SRR9835730	NA
Salinivibrio_kushneri	SRR9835731	NA
Salinivibrio_kushneri	SRR9835732	NA
Salinivibrio_kushneri	SRR9835733	NA
Salinivibrio_kushneri	SRR9835734	NA
Salinivibrio_kushneri	SRR9835735	NA
Salinivibrio_kushneri	SRR9835736	NA
Salinivibrio_kushneri	SRR9835737	NA
Salinivibrio_kushneri	SRR9835738	NA
Salinivibrio_kushneri	SRR9835739	NA
Salinivibrio_kushneri	SRR9835740	NA
Salinivibrio_kushneri	SRR9835741	NA
Salinivibrio_kushneri	SRR9835742	NA
Salinivibrio_kushneri	SRR9835743	NA
Salinivibrio_kushneri	SRR9835744	NA
Salinivibrio_kushneri	SRR9835745	NA
Salinivibrio_kushneri	SRR9835746	NA
Salinivibrio_kushneri	SRR9835747	NA
Salinivibrio_kushneri	SRR9835748	NA
Salinivibrio_kushneri	SRR9835749	NA
Salinivibrio_kushneri	SRR9835750	NA
Salinivibrio_kushneri	SRR9835751	NA
Salinivibrio_kushneri	SRR9835752	NA
Salinivibrio_kushneri	SRR9835753	NA
Salinivibrio_kushneri	SRR9835754	NA
Salinivibrio_kushneri	SRR9835755	NA
Salinivibrio_kushneri	SRR9835756	NA
Salinivibrio_kushneri	SRR9835757	NA
Salinivibrio_kushneri	SRR9835758	NA
Salinivibrio_kushneri	SRR9835759	NA
Salinivibrio_kushneri	SRR9835760	NA
Salinivibrio_kushneri	SRR9835761	NA
Salinivibrio_kushneri	SRR9835762	NA
Salinivibrio_kushneri	SRR9835763	NA
Salinivibrio_kushneri	SRR9835764	NA
Salinivibrio_kushneri	SRR9835765	NA
Salinivibrio_kushneri	SRR9835766	NA
Salinivibrio_kushneri	SRR9835767	NA
Salinivibrio_kushneri	SRR9835768	NA
Salinivibrio_kushneri	SRR9835769	NA
Salinivibrio_kushneri	SRR9835770	NA
Salinivibrio_kushneri	SRR9835771	NA
Salinivibrio_kushneri	SRR9835772	NA
Salinivibrio_kushneri	SRR9835773	NA
Salinivibrio_kushneri	SRR9835774	NA
Salinivibrio_kushneri	SRR9835775	NA
Salinivibrio_kushneri	SRR9835776	NA
Salinivibrio_kushneri	SRR9835777	NA
Salinivibrio_kushneri	SRR9835778	NA
Salinivibrio_kushneri	SRR9835779	NA
Salinivibrio_kushneri	SRR9835780	NA
Salinivibrio_kushneri	SRR9835781	NA
Salinivibrio_kushneri	SRR9835782	NA
Salinivibrio_kushneri	SRR9835783	NA
Salinivibrio_kushneri	SRR9835784	NA
Salinivibrio_kushneri	SRR9835785	NA
Salinivibrio_kushneri	SRR9835786	NA
Salinivibrio_kushneri	SRR9835787	NA
Salinivibrio_kushneri	SRR9835788	NA
Salinivibrio_kushneri	SRR9835789	NA
Salinivibrio_kushneri	SRR9835790	NA
Salinivibrio_kushneri	SRR9835791	NA
Salinivibrio_kushneri	SRR9835792	NA
Salinivibrio_kushneri	SRR9835793	NA
Salinivibrio_kushneri	SRR9835794	NA
Salinivibrio_kushneri	SRR9835795	NA
Salinivibrio_kushneri	SRR9835796	NA
Salinivibrio_kushneri	SRR9835797	NA
Salinivibrio_kushneri	SRR9835798	NA
Salinivibrio_kushneri	SRR9835799	NA
Salinivibrio_kushneri	SRR9835800	NA
Salinivibrio_kushneri	SRR9835801	NA
Salinivibrio_kushneri	SRR9835802	NA
Salinivibrio_kushneri	SRR9867812	6
Salinivibrio_kushneri	SRR9867813	3
Salinivibrio_kushneri	SRR9867814	4
Salinivibrio_kushneri	SRR9867815	1
Salinivibrio_kushneri	SRR9867816	5
Salinivibrio_kushneri	SRR9867817	4
Salinivibrio_kushneri	SRR9867818	3
Salinivibrio_kushneri	SRR9867819	0
Salinivibrio_kushneri	SRR9867820	3
Salinivibrio_kushneri	SRR9867821	4
Salinivibrio_kushneri	SRR9867822	0
Salinivibrio_kushneri	SRR9867823	0
Salinivibrio_kushneri	SRR9867824	2
Salinivibrio_kushneri	SRR9867825	4
Salinivibrio_kushneri	SRR9867826	2
Salinivibrio_kushneri	SRR9867827	1
Salinivibrio_kushneri	SRR9867828	0
Salinivibrio_kushneri	SRR9867829	4
Salinivibrio_kushneri	SRR9867830	5
Salinivibrio_kushneri	SRR9867831	1
Salinivibrio_kushneri	SRR9879292	NA
Salinivibrio_kushneri	SRR9879293	NA
Salinivibrio_kushneri	SRR9879294	NA
Salinivibrio_kushneri	SRR9879295	NA
Salinivibrio_kushneri	SRR9879296	NA
Salinivibrio_kushneri	SRR9879297	NA
Salinivibrio_kushneri	SRR9879298	NA
Salinivibrio_kushneri	SRR9879299	NA
Salinivibrio_kushneri	SRR9879300	NA
Salinivibrio_kushneri	SRR9879301	NA
Salinivibrio_kushneri	SRR9879302	NA
Salinivibrio_kushneri	SRR9879303	NA
Salinivibrio_kushneri	SRR9879304	NA
Salinivibrio_kushneri	SRR9879305	NA
Salinivibrio_kushneri	SRR9879306	NA
Salinivibrio_kushneri	SRR9879307	NA
Salinivibrio_kushneri	SRR9879308	NA
Salinivibrio_kushneri	SRR9879309	NA
Salinivibrio_kushneri	T50_307	1
Salinivibrio_kushneri	T50_313	1
Salinivibrio_kushneri	T50_317	1
Salinivibrio_kushneri	T50_324	4
Salinivibrio_kushneri	T50_427	0
Salinivibrio_kushneri	T50_428	0
Salinivibrio_kushneri	T50_431	0
Salinivibrio_kushneri	T50_436	0
Salinivibrio_kushneri	T50_476	0
Salinivibrio_kushneri	UN_307	38
Salinivibrio_kushneri	UN_313	57
Salinivibrio_kushneri	UN_317	83
Salinivibrio_kushneri	UN_323	7
Salinivibrio_kushneri	UN_324	37
Salinivibrio_kushneri	UN_427	0
Salinivibrio_kushneri	UN_428	0
Salinivibrio_kushneri	UN_431	0
Salinivibrio_kushneri	UN_436	0
Salinivibrio_kushneri	UN_476	0
