Feature	sample	counts
Sphingomonas_melonis	CM317	854
Sphingomonas_melonis	CMCD140	905
Sphingomonas_melonis	CMCD147	4911
Sphingomonas_melonis	CMCD152	7
Sphingomonas_melonis	CMCD154	419
Sphingomonas_melonis	CMCD159	4680
Sphingomonas_melonis	CMCD161	25
Sphingomonas_melonis	CMCD174	8131
Sphingomonas_melonis	CMCD196	78
Sphingomonas_melonis	CMCD198	594
Sphingomonas_melonis	CMCD203	512
Sphingomonas_melonis	CMCD211	15
Sphingomonas_melonis	CMCD227	6
Sphingomonas_melonis	CMCD240	0
Sphingomonas_melonis	CMCD259	13
Sphingomonas_melonis	CMCD270	24
Sphingomonas_melonis	CMCD275	1029
Sphingomonas_melonis	CMCD282	303
Sphingomonas_melonis	CMCD286	8
Sphingomonas_melonis	CMCD287	8
Sphingomonas_melonis	CMCD294	949
Sphingomonas_melonis	CMCD327	152
Sphingomonas_melonis	CMCD335	342
Sphingomonas_melonis	CMCD337	109
Sphingomonas_melonis	CMCD357	220
Sphingomonas_melonis	CMCD398	97
Sphingomonas_melonis	CMCD403	758
Sphingomonas_melonis	CMCD422	87
Sphingomonas_melonis	CMCD426	174
Sphingomonas_melonis	CMCD71	134
Sphingomonas_melonis	CMCD72	1142
Sphingomonas_melonis	CMCD76	46
Sphingomonas_melonis	CMCD88	9
Sphingomonas_melonis	CMSA256	3
Sphingomonas_melonis	CMSA316	820
Sphingomonas_melonis	CMUC110	2
Sphingomonas_melonis	CMUC192	63
Sphingomonas_melonis	CMUC199	77
Sphingomonas_melonis	CMUC200	11
Sphingomonas_melonis	CMUC208	79
Sphingomonas_melonis	CMUC231	9
Sphingomonas_melonis	CMUC234	1
Sphingomonas_melonis	CMUC285	7
Sphingomonas_melonis	CMUC291	8
Sphingomonas_melonis	CMUC295	45
Sphingomonas_melonis	CMUC299	3
Sphingomonas_melonis	CMUC301	8
Sphingomonas_melonis	CMUC307	35
Sphingomonas_melonis	CMUC313	922
Sphingomonas_melonis	CMUC314	405
Sphingomonas_melonis	CMUC323	230
Sphingomonas_melonis	CMUC324	58
Sphingomonas_melonis	CMUC331	86
Sphingomonas_melonis	CMUC333	196
Sphingomonas_melonis	CMUC334	168
Sphingomonas_melonis	CMUC346	657
Sphingomonas_melonis	CMUC352	229
Sphingomonas_melonis	CMUC360	386
Sphingomonas_melonis	CMUC363	964
Sphingomonas_melonis	CMUC365	322
Sphingomonas_melonis	CMUC366	116
Sphingomonas_melonis	CMUC368	108
Sphingomonas_melonis	CMUC377	137
Sphingomonas_melonis	CMUC379	877
Sphingomonas_melonis	CMUC380	110
Sphingomonas_melonis	CMUC383	644
Sphingomonas_melonis	CMUC394	618
Sphingomonas_melonis	CMUC419	760
Sphingomonas_melonis	CMUC427	35
Sphingomonas_melonis	CMUC428	85
Sphingomonas_melonis	CMUC431	65
Sphingomonas_melonis	CMUC435	181
Sphingomonas_melonis	CMUC439	105
Sphingomonas_melonis	CMUC89	7
Sphingomonas_melonis	CS219	39
Sphingomonas_melonis	CS256	10
Sphingomonas_melonis	CS257	1715
Sphingomonas_melonis	CS259	55
Sphingomonas_melonis	CS261	531
Sphingomonas_melonis	CS266	4200
Sphingomonas_melonis	CS270	313
Sphingomonas_melonis	CS277	1371
Sphingomonas_melonis	CS288	805
Sphingomonas_melonis	CS290	71
Sphingomonas_melonis	CS292	270
Sphingomonas_melonis	CS293	656
Sphingomonas_melonis	CS301	767
Sphingomonas_melonis	CS306	695
Sphingomonas_melonis	CS308	189
Sphingomonas_melonis	CS315	854
Sphingomonas_melonis	CS317	5315
Sphingomonas_melonis	CS322	299
Sphingomonas_melonis	CS327	328
Sphingomonas_melonis	CS328	1919
Sphingomonas_melonis	CS330	6124
Sphingomonas_melonis	CS331	2030
Sphingomonas_melonis	CS335	712
Sphingomonas_melonis	CS338	425
Sphingomonas_melonis	CS339	112
Sphingomonas_melonis	CS343	259
Sphingomonas_melonis	CS344	149
Sphingomonas_melonis	CS350	2103
Sphingomonas_melonis	CS351	372
Sphingomonas_melonis	CS361	69
Sphingomonas_melonis	CS388	418
Sphingomonas_melonis	CS396	68
Sphingomonas_melonis	CS405	183
Sphingomonas_melonis	CS415	1497
Sphingomonas_melonis	CS424	1127
Sphingomonas_melonis	IM293	53
Sphingomonas_melonis	IM296	2441
Sphingomonas_melonis	IM297	417
Sphingomonas_melonis	IM300	14
Sphingomonas_melonis	IM305	150
Sphingomonas_melonis	IM309	1181
Sphingomonas_melonis	IM310	308
Sphingomonas_melonis	IM311	561
Sphingomonas_melonis	IM316	294
Sphingomonas_melonis	IM320	654
Sphingomonas_melonis	IM330	356
Sphingomonas_melonis	IM332	1025
Sphingomonas_melonis	IM340	3805
Sphingomonas_melonis	IM348	109
Sphingomonas_melonis	IM354	22
Sphingomonas_melonis	IM356	762
Sphingomonas_melonis	IM364	305
Sphingomonas_melonis	IM372	704
Sphingomonas_melonis	IM374	3178
Sphingomonas_melonis	IM376	351
Sphingomonas_melonis	IM381	335
Sphingomonas_melonis	IM382	727
Sphingomonas_melonis	IM385	8
Sphingomonas_melonis	IM390	1007
Sphingomonas_melonis	IM397	161
Sphingomonas_melonis	IM404	56
Sphingomonas_melonis	IM409	116
Sphingomonas_melonis	IM412	270
Sphingomonas_melonis	IM421	294
Sphingomonas_melonis	IM425	2570
Sphingomonas_melonis	IM432	346
Sphingomonas_melonis	IM438	26
Sphingomonas_melonis	IM442	163
Sphingomonas_melonis	IM445	86
Sphingomonas_melonis	IM448	1659
Sphingomonas_melonis	IM449	120
Sphingomonas_melonis	IM451	73
Sphingomonas_melonis	IMSA256	0
Sphingomonas_melonis	IMSA276	6
Sphingomonas_melonis	IMSA286	10
Sphingomonas_melonis	IMSA343	1346
Sphingomonas_melonis	IS_238	13
Sphingomonas_melonis	IS238	230
Sphingomonas_melonis	IS243	19
Sphingomonas_melonis	IS253	7
Sphingomonas_melonis	IS283	85
Sphingomonas_melonis	IS322	615
Sphingomonas_melonis	IS399	95
Sphingomonas_melonis	IS418	563
Sphingomonas_melonis	IS430	85
Sphingomonas_melonis	IS437	175
Sphingomonas_melonis	IS444	233
Sphingomonas_melonis	R276CMSA	329
Sphingomonas_melonis	R286CMSA	8
Sphingomonas_melonis	R292CMSA	60
Sphingomonas_melonis	R292IMSA	3126
Sphingomonas_melonis	R308CMSA	215
Sphingomonas_melonis	R316IMSA	189
Sphingomonas_melonis	R347CMSA	1012
Sphingomonas_melonis	R347IMSA	286
Sphingomonas_melonis	R371CMSA	246
Sphingomonas_melonis	SRR10104064	NA
Sphingomonas_melonis	SRR10104065	NA
Sphingomonas_melonis	SRR10104066	NA
Sphingomonas_melonis	SRR10104067	NA
Sphingomonas_melonis	SRR10104068	NA
Sphingomonas_melonis	SRR10104069	NA
Sphingomonas_melonis	SRR10104070	NA
Sphingomonas_melonis	SRR10104071	NA
Sphingomonas_melonis	SRR10104072	NA
Sphingomonas_melonis	SRR10104073	NA
Sphingomonas_melonis	SRR10104074	NA
Sphingomonas_melonis	SRR10104075	NA
Sphingomonas_melonis	SRR10104076	NA
Sphingomonas_melonis	SRR10104077	NA
Sphingomonas_melonis	SRR10104078	NA
Sphingomonas_melonis	SRR10104079	NA
Sphingomonas_melonis	SRR10104080	NA
Sphingomonas_melonis	SRR10104081	NA
Sphingomonas_melonis	SRR10104082	NA
Sphingomonas_melonis	SRR10104083	NA
Sphingomonas_melonis	SRR10104084	NA
Sphingomonas_melonis	SRR10104085	NA
Sphingomonas_melonis	SRR10104086	NA
Sphingomonas_melonis	SRR10104087	NA
Sphingomonas_melonis	SRR10104088	NA
Sphingomonas_melonis	SRR10104089	NA
Sphingomonas_melonis	SRR10104090	NA
Sphingomonas_melonis	SRR10104091	NA
Sphingomonas_melonis	SRR10104092	NA
Sphingomonas_melonis	SRR10104093	NA
Sphingomonas_melonis	SRR10104094	NA
Sphingomonas_melonis	SRR10104095	NA
Sphingomonas_melonis	SRR10104096	NA
Sphingomonas_melonis	SRR10104097	NA
Sphingomonas_melonis	SRR10104098	NA
Sphingomonas_melonis	SRR10104099	NA
Sphingomonas_melonis	SRR10104100	NA
Sphingomonas_melonis	SRR10104101	NA
Sphingomonas_melonis	SRR10104102	NA
Sphingomonas_melonis	SRR10104103	NA
Sphingomonas_melonis	SRR10104104	NA
Sphingomonas_melonis	SRR10104105	NA
Sphingomonas_melonis	SRR10104106	NA
Sphingomonas_melonis	SRR10104107	NA
Sphingomonas_melonis	SRR10104108	NA
Sphingomonas_melonis	SRR10104109	NA
Sphingomonas_melonis	SRR10104110	NA
Sphingomonas_melonis	SRR10104111	NA
Sphingomonas_melonis	SRR10104112	NA
Sphingomonas_melonis	SRR10104113	NA
Sphingomonas_melonis	SRR10104114	NA
Sphingomonas_melonis	SRR10104115	NA
Sphingomonas_melonis	SRR10104116	NA
Sphingomonas_melonis	SRR10104117	NA
Sphingomonas_melonis	SRR10104118	NA
Sphingomonas_melonis	SRR10104119	NA
Sphingomonas_melonis	SRR10104120	NA
Sphingomonas_melonis	SRR10104121	NA
Sphingomonas_melonis	SRR10104122	NA
Sphingomonas_melonis	SRR10104123	NA
Sphingomonas_melonis	SRR10104124	NA
Sphingomonas_melonis	SRR10104125	NA
Sphingomonas_melonis	SRR10104126	NA
Sphingomonas_melonis	SRR10104127	NA
Sphingomonas_melonis	SRR10104128	NA
Sphingomonas_melonis	SRR10104129	NA
Sphingomonas_melonis	SRR10104130	NA
Sphingomonas_melonis	SRR10104131	NA
Sphingomonas_melonis	SRR10104132	NA
Sphingomonas_melonis	SRR10104133	NA
Sphingomonas_melonis	SRR10104134	NA
Sphingomonas_melonis	SRR10104135	NA
Sphingomonas_melonis	SRR10104136	NA
Sphingomonas_melonis	SRR10104137	NA
Sphingomonas_melonis	SRR10104138	NA
Sphingomonas_melonis	SRR10104139	NA
Sphingomonas_melonis	SRR10104140	NA
Sphingomonas_melonis	SRR10104141	NA
Sphingomonas_melonis	SRR10104142	NA
Sphingomonas_melonis	SRR10104143	NA
Sphingomonas_melonis	SRR10104144	NA
Sphingomonas_melonis	SRR10104145	NA
Sphingomonas_melonis	SRR10104146	NA
Sphingomonas_melonis	SRR10104147	NA
Sphingomonas_melonis	SRR10104148	NA
Sphingomonas_melonis	SRR10104149	NA
Sphingomonas_melonis	SRR10104150	NA
Sphingomonas_melonis	SRR10104151	NA
Sphingomonas_melonis	SRR10104152	NA
Sphingomonas_melonis	SRR10104153	NA
Sphingomonas_melonis	SRR10104154	NA
Sphingomonas_melonis	SRR10104155	NA
Sphingomonas_melonis	SRR10104156	NA
Sphingomonas_melonis	SRR10104157	NA
Sphingomonas_melonis	SRR10104158	NA
Sphingomonas_melonis	SRR10104159	NA
Sphingomonas_melonis	SRR10104160	NA
Sphingomonas_melonis	SRR10104161	NA
Sphingomonas_melonis	SRR10104162	NA
Sphingomonas_melonis	SRR10104163	NA
Sphingomonas_melonis	SRR10104164	NA
Sphingomonas_melonis	SRR10104165	NA
Sphingomonas_melonis	SRR10104166	NA
Sphingomonas_melonis	SRR10104167	NA
Sphingomonas_melonis	SRR10104168	NA
Sphingomonas_melonis	SRR10104169	NA
Sphingomonas_melonis	SRR10104170	NA
Sphingomonas_melonis	SRR10104171	NA
Sphingomonas_melonis	SRR10104172	NA
Sphingomonas_melonis	SRR10104173	NA
Sphingomonas_melonis	SRR10104174	NA
Sphingomonas_melonis	SRR10104175	NA
Sphingomonas_melonis	SRR10104176	NA
Sphingomonas_melonis	SRR10104177	NA
Sphingomonas_melonis	SRR10104178	NA
Sphingomonas_melonis	SRR10104179	NA
Sphingomonas_melonis	SRR10104180	NA
Sphingomonas_melonis	SRR10104181	NA
Sphingomonas_melonis	SRR10104182	NA
Sphingomonas_melonis	SRR10104183	NA
Sphingomonas_melonis	SRR10104184	NA
Sphingomonas_melonis	SRR10104185	NA
Sphingomonas_melonis	SRR10104186	NA
Sphingomonas_melonis	SRR10104187	NA
Sphingomonas_melonis	SRR10104188	NA
Sphingomonas_melonis	SRR10104189	NA
Sphingomonas_melonis	SRR10104190	NA
Sphingomonas_melonis	SRR10104191	NA
Sphingomonas_melonis	SRR10104192	NA
Sphingomonas_melonis	SRR10104193	NA
Sphingomonas_melonis	SRR10104194	NA
Sphingomonas_melonis	SRR10104195	NA
Sphingomonas_melonis	SRR10104196	NA
Sphingomonas_melonis	SRR10104197	NA
Sphingomonas_melonis	SRR10104198	NA
Sphingomonas_melonis	SRR10104199	NA
Sphingomonas_melonis	SRR10104200	NA
Sphingomonas_melonis	SRR10104201	NA
Sphingomonas_melonis	SRR10104202	NA
Sphingomonas_melonis	SRR10104203	NA
Sphingomonas_melonis	SRR10104204	NA
Sphingomonas_melonis	SRR10104205	NA
Sphingomonas_melonis	SRR10104206	NA
Sphingomonas_melonis	SRR10104207	NA
Sphingomonas_melonis	SRR10104208	NA
Sphingomonas_melonis	SRR10104209	NA
Sphingomonas_melonis	SRR10104210	NA
Sphingomonas_melonis	SRR10104211	NA
Sphingomonas_melonis	SRR10104212	NA
Sphingomonas_melonis	SRR10104213	NA
Sphingomonas_melonis	SRR10104214	NA
Sphingomonas_melonis	SRR10104215	NA
Sphingomonas_melonis	SRR10104216	NA
Sphingomonas_melonis	SRR10104217	NA
Sphingomonas_melonis	SRR10104218	NA
Sphingomonas_melonis	SRR10104219	NA
Sphingomonas_melonis	SRR10104220	NA
Sphingomonas_melonis	SRR10104221	NA
Sphingomonas_melonis	SRR10104222	NA
Sphingomonas_melonis	SRR10104223	NA
Sphingomonas_melonis	SRR10104224	NA
Sphingomonas_melonis	SRR10104225	NA
Sphingomonas_melonis	SRR10104226	NA
Sphingomonas_melonis	SRR10104227	NA
Sphingomonas_melonis	SRR10104228	NA
Sphingomonas_melonis	SRR10104229	NA
Sphingomonas_melonis	SRR10104230	NA
Sphingomonas_melonis	SRR10104231	NA
Sphingomonas_melonis	SRR10104232	NA
Sphingomonas_melonis	SRR10104233	NA
Sphingomonas_melonis	SRR10104234	NA
Sphingomonas_melonis	SRR10104235	NA
Sphingomonas_melonis	SRR10104236	NA
Sphingomonas_melonis	SRR10104237	NA
Sphingomonas_melonis	SRR10104238	NA
Sphingomonas_melonis	SRR10104239	NA
Sphingomonas_melonis	SRR10104240	NA
Sphingomonas_melonis	SRR10104241	NA
Sphingomonas_melonis	SRR10104242	NA
Sphingomonas_melonis	SRR10104243	NA
Sphingomonas_melonis	SRR10104244	NA
Sphingomonas_melonis	SRR10104245	NA
Sphingomonas_melonis	SRR10104246	NA
Sphingomonas_melonis	SRR10104247	NA
Sphingomonas_melonis	SRR10104248	NA
Sphingomonas_melonis	SRR10104249	NA
Sphingomonas_melonis	SRR10104250	NA
Sphingomonas_melonis	SRR10104251	NA
Sphingomonas_melonis	SRR10104252	NA
Sphingomonas_melonis	SRR10104253	NA
Sphingomonas_melonis	SRR10104254	NA
Sphingomonas_melonis	SRR10104255	NA
Sphingomonas_melonis	SRR10104256	NA
Sphingomonas_melonis	SRR10104257	NA
Sphingomonas_melonis	SRR10104258	NA
Sphingomonas_melonis	SRR10224277	0
Sphingomonas_melonis	SRR10224278	0
Sphingomonas_melonis	SRR10224279	0
Sphingomonas_melonis	SRR10224280	0
Sphingomonas_melonis	SRR10224281	0
Sphingomonas_melonis	SRR10224282	0
Sphingomonas_melonis	SRR10224283	0
Sphingomonas_melonis	SRR10224284	0
Sphingomonas_melonis	SRR10224285	0
Sphingomonas_melonis	SRR10224286	0
Sphingomonas_melonis	SRR10224287	0
Sphingomonas_melonis	SRR10224288	0
Sphingomonas_melonis	SRR10224289	0
Sphingomonas_melonis	SRR10224290	0
Sphingomonas_melonis	SRR10224291	0
Sphingomonas_melonis	SRR10224292	0
Sphingomonas_melonis	SRR10224293	0
Sphingomonas_melonis	SRR10224294	0
Sphingomonas_melonis	SRR10224295	0
Sphingomonas_melonis	SRR10224296	0
Sphingomonas_melonis	SRR10224297	0
Sphingomonas_melonis	SRR10224298	0
Sphingomonas_melonis	SRR10318388	NA
Sphingomonas_melonis	SRR10318389	NA
Sphingomonas_melonis	SRR10318390	NA
Sphingomonas_melonis	SRR10318391	NA
Sphingomonas_melonis	SRR10318392	NA
Sphingomonas_melonis	SRR10318393	NA
Sphingomonas_melonis	SRR10318394	NA
Sphingomonas_melonis	SRR10318395	NA
Sphingomonas_melonis	SRR10318396	NA
Sphingomonas_melonis	SRR10318397	NA
Sphingomonas_melonis	SRR10318398	NA
Sphingomonas_melonis	SRR10318399	NA
Sphingomonas_melonis	SRR10318400	NA
Sphingomonas_melonis	SRR10318401	NA
Sphingomonas_melonis	SRR10318402	NA
Sphingomonas_melonis	SRR10318403	NA
Sphingomonas_melonis	SRR10318404	NA
Sphingomonas_melonis	SRR10318405	NA
Sphingomonas_melonis	SRR10318406	NA
Sphingomonas_melonis	SRR10318407	NA
Sphingomonas_melonis	SRR10318408	NA
Sphingomonas_melonis	SRR10318409	NA
Sphingomonas_melonis	SRR10318410	NA
Sphingomonas_melonis	SRR10318411	NA
Sphingomonas_melonis	SRR10318412	NA
Sphingomonas_melonis	SRR10318413	NA
Sphingomonas_melonis	SRR10318414	NA
Sphingomonas_melonis	SRR10318415	NA
Sphingomonas_melonis	SRR10318416	NA
Sphingomonas_melonis	SRR10318417	NA
Sphingomonas_melonis	SRR10318418	NA
Sphingomonas_melonis	SRR10318419	NA
Sphingomonas_melonis	SRR10318420	NA
Sphingomonas_melonis	SRR10318421	NA
Sphingomonas_melonis	SRR10318422	NA
Sphingomonas_melonis	SRR10318423	NA
Sphingomonas_melonis	SRR10318424	NA
Sphingomonas_melonis	SRR10318425	NA
Sphingomonas_melonis	SRR10318426	NA
Sphingomonas_melonis	SRR10318427	NA
Sphingomonas_melonis	SRR10318428	NA
Sphingomonas_melonis	SRR10318429	NA
Sphingomonas_melonis	SRR10318430	NA
Sphingomonas_melonis	SRR10318431	NA
Sphingomonas_melonis	SRR10318432	NA
Sphingomonas_melonis	SRR10318433	NA
Sphingomonas_melonis	SRR10318434	NA
Sphingomonas_melonis	SRR10318435	NA
Sphingomonas_melonis	SRR10318436	NA
Sphingomonas_melonis	SRR10318437	NA
Sphingomonas_melonis	SRR10318438	NA
Sphingomonas_melonis	SRR10318439	NA
Sphingomonas_melonis	SRR10318440	NA
Sphingomonas_melonis	SRR10318441	NA
Sphingomonas_melonis	SRR10318442	NA
Sphingomonas_melonis	SRR10318443	NA
Sphingomonas_melonis	SRR10318444	NA
Sphingomonas_melonis	SRR10318445	NA
Sphingomonas_melonis	SRR10318446	NA
Sphingomonas_melonis	SRR10318447	NA
Sphingomonas_melonis	SRR10318448	NA
Sphingomonas_melonis	SRR10318449	NA
Sphingomonas_melonis	SRR10318450	NA
Sphingomonas_melonis	SRR10318451	NA
Sphingomonas_melonis	SRR10318452	NA
Sphingomonas_melonis	SRR10318453	NA
Sphingomonas_melonis	SRR10318454	NA
Sphingomonas_melonis	SRR10318455	NA
Sphingomonas_melonis	SRR10318456	NA
Sphingomonas_melonis	SRR10318457	NA
Sphingomonas_melonis	SRR10318458	NA
Sphingomonas_melonis	SRR10318459	NA
Sphingomonas_melonis	SRR10318460	NA
Sphingomonas_melonis	SRR10318461	NA
Sphingomonas_melonis	SRR10318462	NA
Sphingomonas_melonis	SRR10318463	NA
Sphingomonas_melonis	SRR10318464	NA
Sphingomonas_melonis	SRR10318465	NA
Sphingomonas_melonis	SRR10318466	NA
Sphingomonas_melonis	SRR10318467	NA
Sphingomonas_melonis	SRR10318468	NA
Sphingomonas_melonis	SRR10318469	NA
Sphingomonas_melonis	SRR10318470	NA
Sphingomonas_melonis	SRR10318471	NA
Sphingomonas_melonis	SRR10318472	NA
Sphingomonas_melonis	SRR10318473	NA
Sphingomonas_melonis	SRR10318474	NA
Sphingomonas_melonis	SRR10318475	NA
Sphingomonas_melonis	SRR10318476	NA
Sphingomonas_melonis	SRR10318495	NA
Sphingomonas_melonis	SRR10318496	NA
Sphingomonas_melonis	SRR10318497	NA
Sphingomonas_melonis	SRR10318498	NA
Sphingomonas_melonis	SRR10318499	NA
Sphingomonas_melonis	SRR10318500	NA
Sphingomonas_melonis	SRR10318501	NA
Sphingomonas_melonis	SRR10318502	NA
Sphingomonas_melonis	SRR10318503	NA
Sphingomonas_melonis	SRR10318504	NA
Sphingomonas_melonis	SRR10318505	NA
Sphingomonas_melonis	SRR10318506	NA
Sphingomonas_melonis	SRR10318507	NA
Sphingomonas_melonis	SRR10318508	NA
Sphingomonas_melonis	SRR10318509	NA
Sphingomonas_melonis	SRR10318510	NA
Sphingomonas_melonis	SRR10318511	NA
Sphingomonas_melonis	SRR10318512	NA
Sphingomonas_melonis	SRR10318513	NA
Sphingomonas_melonis	SRR10318514	NA
Sphingomonas_melonis	SRR10318515	NA
Sphingomonas_melonis	SRR10318516	NA
Sphingomonas_melonis	SRR10318517	NA
Sphingomonas_melonis	SRR10318518	NA
Sphingomonas_melonis	SRR10318519	NA
Sphingomonas_melonis	SRR10318520	NA
Sphingomonas_melonis	SRR10318521	NA
Sphingomonas_melonis	SRR10318522	NA
Sphingomonas_melonis	SRR10318523	NA
Sphingomonas_melonis	SRR10318524	NA
Sphingomonas_melonis	SRR10318525	NA
Sphingomonas_melonis	SRR10318526	NA
Sphingomonas_melonis	SRR10318527	NA
Sphingomonas_melonis	SRR10318528	NA
Sphingomonas_melonis	SRR10318529	NA
Sphingomonas_melonis	SRR10318530	NA
Sphingomonas_melonis	SRR10318531	NA
Sphingomonas_melonis	SRR10318532	NA
Sphingomonas_melonis	SRR10318533	NA
Sphingomonas_melonis	SRR10318534	NA
Sphingomonas_melonis	SRR10318535	NA
Sphingomonas_melonis	SRR10318536	NA
Sphingomonas_melonis	SRR10318537	NA
Sphingomonas_melonis	SRR10318538	NA
Sphingomonas_melonis	SRR10318539	NA
Sphingomonas_melonis	SRR10318540	NA
Sphingomonas_melonis	SRR10318541	NA
Sphingomonas_melonis	SRR10318542	NA
Sphingomonas_melonis	SRR10318543	NA
Sphingomonas_melonis	SRR10318544	NA
Sphingomonas_melonis	SRR10318545	NA
Sphingomonas_melonis	SRR10318546	NA
Sphingomonas_melonis	SRR10318547	NA
Sphingomonas_melonis	SRR10318548	NA
Sphingomonas_melonis	SRR10318549	NA
Sphingomonas_melonis	SRR10318568	NA
Sphingomonas_melonis	SRR10318569	NA
Sphingomonas_melonis	SRR10318570	NA
Sphingomonas_melonis	SRR10318571	NA
Sphingomonas_melonis	SRR10318572	NA
Sphingomonas_melonis	SRR10318573	NA
Sphingomonas_melonis	SRR10318574	NA
Sphingomonas_melonis	SRR10318575	NA
Sphingomonas_melonis	SRR10318576	NA
Sphingomonas_melonis	SRR10318577	NA
Sphingomonas_melonis	SRR10318578	NA
Sphingomonas_melonis	SRR10318579	NA
Sphingomonas_melonis	SRR10318580	NA
Sphingomonas_melonis	SRR10318581	NA
Sphingomonas_melonis	SRR10875803	0
Sphingomonas_melonis	SRR10875804	0
Sphingomonas_melonis	SRR10875805	0
Sphingomonas_melonis	SRR10875806	0
Sphingomonas_melonis	SRR10875807	2
Sphingomonas_melonis	SRR10875808	0
Sphingomonas_melonis	SRR10875809	0
Sphingomonas_melonis	SRR10875810	0
Sphingomonas_melonis	SRR10875812	2
Sphingomonas_melonis	SRR10875813	0
Sphingomonas_melonis	SRR10875814	0
Sphingomonas_melonis	SRR10875815	0
Sphingomonas_melonis	SRR10875816	3
Sphingomonas_melonis	SRR10875817	0
Sphingomonas_melonis	SRR10875818	1
Sphingomonas_melonis	SRR10875819	0
Sphingomonas_melonis	SRR10875820	0
Sphingomonas_melonis	SRR10875821	0
Sphingomonas_melonis	SRR10875822	0
Sphingomonas_melonis	SRR10875823	0
Sphingomonas_melonis	SRR10875824	0
Sphingomonas_melonis	SRR10875825	0
Sphingomonas_melonis	SRR10875826	0
Sphingomonas_melonis	SRR10875827	0
Sphingomonas_melonis	SRR10875829	0
Sphingomonas_melonis	SRR10875830	1
Sphingomonas_melonis	SRR10875831	0
Sphingomonas_melonis	SRR10875832	0
Sphingomonas_melonis	SRR10875834	0
Sphingomonas_melonis	SRR10875835	0
Sphingomonas_melonis	SRR10875836	0
Sphingomonas_melonis	SRR10875837	0
Sphingomonas_melonis	SRR10875838	0
Sphingomonas_melonis	SRR10875839	0
Sphingomonas_melonis	SRR10875840	0
Sphingomonas_melonis	SRR10875841	0
Sphingomonas_melonis	SRR10875842	0
Sphingomonas_melonis	SRR10875843	0
Sphingomonas_melonis	SRR10875844	0
Sphingomonas_melonis	SRR10875845	0
Sphingomonas_melonis	SRR10875846	0
Sphingomonas_melonis	SRR10875847	2
Sphingomonas_melonis	SRR10875848	0
Sphingomonas_melonis	SRR10875849	0
Sphingomonas_melonis	SRR10875850	0
Sphingomonas_melonis	SRR10875851	0
Sphingomonas_melonis	SRR10875852	0
Sphingomonas_melonis	SRR10875853	0
Sphingomonas_melonis	SRR10875854	0
Sphingomonas_melonis	SRR10875855	0
Sphingomonas_melonis	SRR10875856	0
Sphingomonas_melonis	SRR10875857	0
Sphingomonas_melonis	SRR10875858	2
Sphingomonas_melonis	SRR10875859	0
Sphingomonas_melonis	SRR10875860	0
Sphingomonas_melonis	SRR10875861	0
Sphingomonas_melonis	SRR10875862	0
Sphingomonas_melonis	SRR10875863	0
Sphingomonas_melonis	SRR10875864	0
Sphingomonas_melonis	SRR10875865	0
Sphingomonas_melonis	SRR10875866	0
Sphingomonas_melonis	SRR10875867	0
Sphingomonas_melonis	SRR10875868	0
Sphingomonas_melonis	SRR10875869	0
Sphingomonas_melonis	SRR10875870	0
Sphingomonas_melonis	SRR10875871	0
Sphingomonas_melonis	SRR10875872	1
Sphingomonas_melonis	SRR10875873	1
Sphingomonas_melonis	SRR10875874	0
Sphingomonas_melonis	SRR10875875	0
Sphingomonas_melonis	SRR10875876	0
Sphingomonas_melonis	SRR10875877	0
Sphingomonas_melonis	SRR10875878	0
Sphingomonas_melonis	SRR10875879	0
Sphingomonas_melonis	SRR10875880	0
Sphingomonas_melonis	SRR10875881	3
Sphingomonas_melonis	SRR10875882	0
Sphingomonas_melonis	SRR10875883	0
Sphingomonas_melonis	SRR10875884	0
Sphingomonas_melonis	SRR10875885	0
Sphingomonas_melonis	SRR10875886	0
Sphingomonas_melonis	SRR10875887	0
Sphingomonas_melonis	SRR10875888	0
Sphingomonas_melonis	SRR10875889	0
Sphingomonas_melonis	SRR10875890	0
Sphingomonas_melonis	SRR10875891	0
Sphingomonas_melonis	SRR10875892	0
Sphingomonas_melonis	SRR10875893	0
Sphingomonas_melonis	SRR10875894	0
Sphingomonas_melonis	SRR10875895	0
Sphingomonas_melonis	SRR10875896	0
Sphingomonas_melonis	SRR10875897	0
Sphingomonas_melonis	SRR10875898	0
Sphingomonas_melonis	SRR10875899	0
Sphingomonas_melonis	SRR10875900	0
Sphingomonas_melonis	SRR10875901	0
Sphingomonas_melonis	SRR10875902	0
Sphingomonas_melonis	SRR12430469	1
Sphingomonas_melonis	SRR12430470	1
Sphingomonas_melonis	SRR12430471	0
Sphingomonas_melonis	SRR12430472	0
Sphingomonas_melonis	SRR12430473	0
Sphingomonas_melonis	SRR12430474	0
Sphingomonas_melonis	SRR12430475	1
Sphingomonas_melonis	SRR12430476	0
Sphingomonas_melonis	SRR12765534	NA
Sphingomonas_melonis	SRR12765535	NA
Sphingomonas_melonis	SRR12765536	NA
Sphingomonas_melonis	SRR12765537	NA
Sphingomonas_melonis	SRR12765538	NA
Sphingomonas_melonis	SRR12765539	NA
Sphingomonas_melonis	SRR12765540	NA
Sphingomonas_melonis	SRR12765541	NA
Sphingomonas_melonis	SRR12765542	NA
Sphingomonas_melonis	SRR12765543	NA
Sphingomonas_melonis	SRR12765544	NA
Sphingomonas_melonis	SRR12765545	NA
Sphingomonas_melonis	SRR12765546	NA
Sphingomonas_melonis	SRR12765547	NA
Sphingomonas_melonis	SRR12765548	NA
Sphingomonas_melonis	SRR12765549	NA
Sphingomonas_melonis	SRR12765550	NA
Sphingomonas_melonis	SRR12765551	NA
Sphingomonas_melonis	SRR12765552	NA
Sphingomonas_melonis	SRR12765553	NA
Sphingomonas_melonis	SRR12765554	NA
Sphingomonas_melonis	SRR12765555	NA
Sphingomonas_melonis	SRR12765556	NA
Sphingomonas_melonis	SRR12765557	NA
Sphingomonas_melonis	SRR12765558	NA
Sphingomonas_melonis	SRR12765559	NA
Sphingomonas_melonis	SRR12765560	NA
Sphingomonas_melonis	SRR12765561	NA
Sphingomonas_melonis	SRR12765562	NA
Sphingomonas_melonis	SRR12765563	NA
Sphingomonas_melonis	SRR12765564	NA
Sphingomonas_melonis	SRR12765565	NA
Sphingomonas_melonis	SRR12765566	NA
Sphingomonas_melonis	SRR12765567	NA
Sphingomonas_melonis	SRR12765568	NA
Sphingomonas_melonis	SRR12765569	NA
Sphingomonas_melonis	SRR12765570	NA
Sphingomonas_melonis	SRR12765571	NA
Sphingomonas_melonis	SRR12765572	NA
Sphingomonas_melonis	SRR12765573	NA
Sphingomonas_melonis	SRR12765574	NA
Sphingomonas_melonis	SRR12765575	NA
Sphingomonas_melonis	SRR12765576	NA
Sphingomonas_melonis	SRR12765577	NA
Sphingomonas_melonis	SRR12765578	NA
Sphingomonas_melonis	SRR12765579	NA
Sphingomonas_melonis	SRR12765580	NA
Sphingomonas_melonis	SRR12765581	NA
Sphingomonas_melonis	SRR12765582	NA
Sphingomonas_melonis	SRR12765583	NA
Sphingomonas_melonis	SRR12765584	NA
Sphingomonas_melonis	SRR12765585	NA
Sphingomonas_melonis	SRR12765586	NA
Sphingomonas_melonis	SRR12765587	NA
Sphingomonas_melonis	SRR12765588	NA
Sphingomonas_melonis	SRR12765589	NA
Sphingomonas_melonis	SRR12765590	NA
Sphingomonas_melonis	SRR12765591	NA
Sphingomonas_melonis	SRR12765592	NA
Sphingomonas_melonis	SRR12765593	NA
Sphingomonas_melonis	SRR12765594	NA
Sphingomonas_melonis	SRR12765595	NA
Sphingomonas_melonis	SRR12765596	NA
Sphingomonas_melonis	SRR12765597	NA
Sphingomonas_melonis	SRR12765598	NA
Sphingomonas_melonis	SRR12765599	NA
Sphingomonas_melonis	SRR12765600	NA
Sphingomonas_melonis	SRR12765601	NA
Sphingomonas_melonis	SRR12765602	NA
Sphingomonas_melonis	SRR12765603	NA
Sphingomonas_melonis	SRR12765604	NA
Sphingomonas_melonis	SRR12765605	NA
Sphingomonas_melonis	SRR12765606	NA
Sphingomonas_melonis	SRR12765607	NA
Sphingomonas_melonis	SRR12765608	NA
Sphingomonas_melonis	SRR12765609	NA
Sphingomonas_melonis	SRR12765610	NA
Sphingomonas_melonis	SRR12765611	NA
Sphingomonas_melonis	SRR12765612	NA
Sphingomonas_melonis	SRR12765613	NA
Sphingomonas_melonis	SRR12765614	NA
Sphingomonas_melonis	SRR12765615	NA
Sphingomonas_melonis	SRR12765616	NA
Sphingomonas_melonis	SRR12765617	NA
Sphingomonas_melonis	SRR12765618	NA
Sphingomonas_melonis	SRR12765619	NA
Sphingomonas_melonis	SRR12765620	NA
Sphingomonas_melonis	SRR12765621	NA
Sphingomonas_melonis	SRR12765622	NA
Sphingomonas_melonis	SRR12765623	NA
Sphingomonas_melonis	SRR12765624	NA
Sphingomonas_melonis	SRR12765625	NA
Sphingomonas_melonis	SRR12765626	NA
Sphingomonas_melonis	SRR12765627	NA
Sphingomonas_melonis	SRR12765628	NA
Sphingomonas_melonis	SRR12765629	NA
Sphingomonas_melonis	SRR12765630	NA
Sphingomonas_melonis	SRR12765631	NA
Sphingomonas_melonis	SRR12765632	NA
Sphingomonas_melonis	SRR12765633	NA
Sphingomonas_melonis	SRR12765634	NA
Sphingomonas_melonis	SRR12765635	NA
Sphingomonas_melonis	SRR12765636	NA
Sphingomonas_melonis	SRR12765637	NA
Sphingomonas_melonis	SRR12765638	NA
Sphingomonas_melonis	SRR12765639	NA
Sphingomonas_melonis	SRR12765640	NA
Sphingomonas_melonis	SRR12765641	NA
Sphingomonas_melonis	SRR12765642	NA
Sphingomonas_melonis	SRR12765643	NA
Sphingomonas_melonis	SRR12765644	NA
Sphingomonas_melonis	SRR12765645	NA
Sphingomonas_melonis	SRR12765646	NA
Sphingomonas_melonis	SRR12765647	NA
Sphingomonas_melonis	SRR12765648	NA
Sphingomonas_melonis	SRR12765649	NA
Sphingomonas_melonis	SRR12765650	NA
Sphingomonas_melonis	SRR12765651	NA
Sphingomonas_melonis	SRR12765652	NA
Sphingomonas_melonis	SRR12774664	0
Sphingomonas_melonis	SRR12774665	0
Sphingomonas_melonis	SRR12774666	1
Sphingomonas_melonis	SRR12774667	5
Sphingomonas_melonis	SRR12774668	1
Sphingomonas_melonis	SRR12774669	2
Sphingomonas_melonis	SRR12774670	4
Sphingomonas_melonis	SRR12774671	10
Sphingomonas_melonis	SRR12774672	3
Sphingomonas_melonis	SRR12774673	3
Sphingomonas_melonis	SRR12774674	3
Sphingomonas_melonis	SRR12774675	4
Sphingomonas_melonis	SRR12774676	5
Sphingomonas_melonis	SRR12774677	3
Sphingomonas_melonis	SRR12774678	4
Sphingomonas_melonis	SRR12774679	3
Sphingomonas_melonis	SRR12774680	2
Sphingomonas_melonis	SRR12774681	9
Sphingomonas_melonis	SRR12774682	7
Sphingomonas_melonis	SRR12774683	4
Sphingomonas_melonis	SRR12774684	9
Sphingomonas_melonis	SRR12774685	5
Sphingomonas_melonis	SRR12774686	5
Sphingomonas_melonis	SRR12774687	8
Sphingomonas_melonis	SRR1609360	5
Sphingomonas_melonis	SRR1609361	0
Sphingomonas_melonis	SRR1609362	0
Sphingomonas_melonis	SRR1609363	0
Sphingomonas_melonis	SRR1609364	2
Sphingomonas_melonis	SRR1609365	0
Sphingomonas_melonis	SRR1609366	0
Sphingomonas_melonis	SRR1609367	0
Sphingomonas_melonis	SRR1609368	2
Sphingomonas_melonis	SRR1609369	0
Sphingomonas_melonis	SRR1609370	0
Sphingomonas_melonis	SRR1609371	7
Sphingomonas_melonis	SRR1609372	0
Sphingomonas_melonis	SRR1609373	0
Sphingomonas_melonis	SRR1609374	0
Sphingomonas_melonis	SRR1609375	1
Sphingomonas_melonis	SRR1609376	0
Sphingomonas_melonis	SRR1609377	2
Sphingomonas_melonis	SRR1609378	1
Sphingomonas_melonis	SRR1609379	0
Sphingomonas_melonis	SRR1609380	0
Sphingomonas_melonis	SRR1609381	0
Sphingomonas_melonis	SRR1609382	0
Sphingomonas_melonis	SRR1609383	4
Sphingomonas_melonis	SRR1609384	0
Sphingomonas_melonis	SRR1609385	0
Sphingomonas_melonis	SRR1609386	2
Sphingomonas_melonis	SRR1609387	0
Sphingomonas_melonis	SRR1609388	1
Sphingomonas_melonis	SRR1609389	0
Sphingomonas_melonis	SRR1609390	3
Sphingomonas_melonis	SRR1609391	12
Sphingomonas_melonis	SRR1609392	2
Sphingomonas_melonis	SRR1609393	10
Sphingomonas_melonis	SRR1609394	0
Sphingomonas_melonis	SRR1609395	0
Sphingomonas_melonis	SRR1609396	2
Sphingomonas_melonis	SRR1609397	0
Sphingomonas_melonis	SRR1609398	0
Sphingomonas_melonis	SRR1609399	0
Sphingomonas_melonis	SRR1609400	0
Sphingomonas_melonis	SRR1609401	0
Sphingomonas_melonis	SRR1609402	1
Sphingomonas_melonis	SRR1609403	3
Sphingomonas_melonis	SRR1609404	0
Sphingomonas_melonis	SRR1609405	1
Sphingomonas_melonis	SRR1609406	0
Sphingomonas_melonis	SRR1609407	1
Sphingomonas_melonis	SRR1609408	0
Sphingomonas_melonis	SRR1609409	0
Sphingomonas_melonis	SRR1609410	0
Sphingomonas_melonis	SRR1609411	0
Sphingomonas_melonis	SRR1609412	0
Sphingomonas_melonis	SRR1609413	0
Sphingomonas_melonis	SRR1609414	2
Sphingomonas_melonis	SRR1609415	0
Sphingomonas_melonis	SRR1609416	0
Sphingomonas_melonis	SRR1609417	1
Sphingomonas_melonis	SRR1609418	0
Sphingomonas_melonis	SRR1609419	0
Sphingomonas_melonis	SRR1609420	0
Sphingomonas_melonis	SRR1609421	0
Sphingomonas_melonis	SRR1609422	0
Sphingomonas_melonis	SRR1609423	7
Sphingomonas_melonis	SRR1609424	4
Sphingomonas_melonis	SRR1609425	0
Sphingomonas_melonis	SRR1609426	2
Sphingomonas_melonis	SRR1609427	1
Sphingomonas_melonis	SRR1609428	0
Sphingomonas_melonis	SRR1609429	2
Sphingomonas_melonis	SRR1609430	2
Sphingomonas_melonis	SRR1609431	2
Sphingomonas_melonis	SRR1609432	0
Sphingomonas_melonis	SRR1609433	2
Sphingomonas_melonis	SRR1609434	0
Sphingomonas_melonis	SRR1609435	0
Sphingomonas_melonis	SRR1609436	2
Sphingomonas_melonis	SRR1609437	0
Sphingomonas_melonis	SRR1609438	0
Sphingomonas_melonis	SRR1609439	0
Sphingomonas_melonis	SRR1609440	0
Sphingomonas_melonis	SRR1609441	0
Sphingomonas_melonis	SRR1609442	0
Sphingomonas_melonis	SRR1609443	0
Sphingomonas_melonis	SRR1609444	0
Sphingomonas_melonis	SRR1609445	1
Sphingomonas_melonis	SRR1609446	0
Sphingomonas_melonis	SRR1609447	0
Sphingomonas_melonis	SRR1609448	0
Sphingomonas_melonis	SRR1609449	1
Sphingomonas_melonis	SRR1609450	3
Sphingomonas_melonis	SRR1609451	0
Sphingomonas_melonis	SRR1609452	0
Sphingomonas_melonis	SRR1609453	1
Sphingomonas_melonis	SRR1609454	0
Sphingomonas_melonis	SRR1609455	0
Sphingomonas_melonis	SRR1609456	0
Sphingomonas_melonis	SRR1609457	0
Sphingomonas_melonis	SRR1609458	0
Sphingomonas_melonis	SRR1609459	1
Sphingomonas_melonis	SRR1609460	1
Sphingomonas_melonis	SRR1609461	0
Sphingomonas_melonis	SRR1609462	0
Sphingomonas_melonis	SRR1609463	0
Sphingomonas_melonis	SRR1609464	0
Sphingomonas_melonis	SRR1609465	0
Sphingomonas_melonis	SRR1609466	2
Sphingomonas_melonis	SRR1609467	0
Sphingomonas_melonis	SRR1609468	0
Sphingomonas_melonis	SRR1609469	0
Sphingomonas_melonis	SRR1609470	0
Sphingomonas_melonis	SRR1609471	2
Sphingomonas_melonis	SRR1609472	1
Sphingomonas_melonis	SRR1609473	2
Sphingomonas_melonis	SRR1609474	0
Sphingomonas_melonis	SRR1609475	0
Sphingomonas_melonis	SRR1609476	1
Sphingomonas_melonis	SRR1609477	1
Sphingomonas_melonis	SRR1609478	0
Sphingomonas_melonis	SRR1609479	0
Sphingomonas_melonis	SRR1609480	0
Sphingomonas_melonis	SRR1609481	0
Sphingomonas_melonis	SRR1609482	2
Sphingomonas_melonis	SRR1609483	1
Sphingomonas_melonis	SRR1609484	0
Sphingomonas_melonis	SRR1609485	0
Sphingomonas_melonis	SRR1609486	1
Sphingomonas_melonis	SRR1609487	0
Sphingomonas_melonis	SRR1609488	0
Sphingomonas_melonis	SRR1609489	1
Sphingomonas_melonis	SRR1609490	0
Sphingomonas_melonis	SRR1609491	0
Sphingomonas_melonis	SRR1609492	1
Sphingomonas_melonis	SRR1609493	0
Sphingomonas_melonis	SRR1609494	1
Sphingomonas_melonis	SRR1609495	0
Sphingomonas_melonis	SRR1609496	0
Sphingomonas_melonis	SRR1609497	0
Sphingomonas_melonis	SRR1609498	0
Sphingomonas_melonis	SRR1609499	0
Sphingomonas_melonis	SRR1609500	0
Sphingomonas_melonis	SRR1609501	0
Sphingomonas_melonis	SRR1609502	0
Sphingomonas_melonis	SRR1609503	14
Sphingomonas_melonis	SRR1609504	0
Sphingomonas_melonis	SRR1609505	0
Sphingomonas_melonis	SRR1609506	0
Sphingomonas_melonis	SRR1609507	0
Sphingomonas_melonis	SRR1609508	0
Sphingomonas_melonis	SRR1609509	0
Sphingomonas_melonis	SRR1609510	0
Sphingomonas_melonis	SRR1609511	1
Sphingomonas_melonis	SRR1609512	0
Sphingomonas_melonis	SRR1609513	0
Sphingomonas_melonis	SRR1609514	1
Sphingomonas_melonis	SRR1609515	0
Sphingomonas_melonis	SRR1609516	0
Sphingomonas_melonis	SRR1609517	0
Sphingomonas_melonis	SRR1609518	0
Sphingomonas_melonis	SRR1609519	1
Sphingomonas_melonis	SRR1609520	2
Sphingomonas_melonis	SRR1609521	0
Sphingomonas_melonis	SRR1609522	0
Sphingomonas_melonis	SRR1609523	1
Sphingomonas_melonis	SRR1609524	0
Sphingomonas_melonis	SRR1609525	1
Sphingomonas_melonis	SRR1609526	1
Sphingomonas_melonis	SRR1609527	1
Sphingomonas_melonis	SRR1609528	2
Sphingomonas_melonis	SRR1609529	12
Sphingomonas_melonis	SRR1609530	0
Sphingomonas_melonis	SRR1609531	2
Sphingomonas_melonis	SRR1609532	0
Sphingomonas_melonis	SRR1609533	0
Sphingomonas_melonis	SRR1609534	3
Sphingomonas_melonis	SRR1609535	0
Sphingomonas_melonis	SRR1609536	2
Sphingomonas_melonis	SRR1609537	1
Sphingomonas_melonis	SRR1609538	1
Sphingomonas_melonis	SRR1609539	1
Sphingomonas_melonis	SRR1609540	2
Sphingomonas_melonis	SRR1609541	24
Sphingomonas_melonis	SRR1609542	1
Sphingomonas_melonis	SRR1609543	0
Sphingomonas_melonis	SRR1609544	2
Sphingomonas_melonis	SRR1609545	1
Sphingomonas_melonis	SRR1609546	0
Sphingomonas_melonis	SRR1609547	0
Sphingomonas_melonis	SRR1609548	1
Sphingomonas_melonis	SRR1609549	0
Sphingomonas_melonis	SRR1609550	3
Sphingomonas_melonis	SRR1609551	0
Sphingomonas_melonis	SRR1609552	1
Sphingomonas_melonis	SRR1609553	0
Sphingomonas_melonis	SRR1609554	0
Sphingomonas_melonis	SRR1609555	0
Sphingomonas_melonis	SRR1609556	0
Sphingomonas_melonis	SRR1609557	1
Sphingomonas_melonis	SRR1609558	1
Sphingomonas_melonis	SRR1609559	0
Sphingomonas_melonis	SRR1609560	0
Sphingomonas_melonis	SRR1609561	0
Sphingomonas_melonis	SRR1609562	0
Sphingomonas_melonis	SRR1609563	1
Sphingomonas_melonis	SRR1609564	0
Sphingomonas_melonis	SRR1609565	0
Sphingomonas_melonis	SRR1609566	1
Sphingomonas_melonis	SRR1609567	0
Sphingomonas_melonis	SRR1609568	0
Sphingomonas_melonis	SRR1609569	0
Sphingomonas_melonis	SRR1609570	0
Sphingomonas_melonis	SRR1609571	3
Sphingomonas_melonis	SRR1609572	0
Sphingomonas_melonis	SRR1609573	2
Sphingomonas_melonis	SRR1609574	1
Sphingomonas_melonis	SRR1609575	0
Sphingomonas_melonis	SRR1609576	0
Sphingomonas_melonis	SRR1609577	0
Sphingomonas_melonis	SRR1609578	0
Sphingomonas_melonis	SRR1609579	0
Sphingomonas_melonis	SRR1609580	0
Sphingomonas_melonis	SRR1609581	0
Sphingomonas_melonis	SRR1609582	0
Sphingomonas_melonis	SRR1609583	0
Sphingomonas_melonis	SRR1609584	1
Sphingomonas_melonis	SRR1609585	1
Sphingomonas_melonis	SRR1609586	0
Sphingomonas_melonis	SRR1609587	0
Sphingomonas_melonis	SRR1609588	0
Sphingomonas_melonis	SRR1609589	0
Sphingomonas_melonis	SRR1609590	0
Sphingomonas_melonis	SRR1609591	0
Sphingomonas_melonis	SRR1609592	0
Sphingomonas_melonis	SRR1609593	1
Sphingomonas_melonis	SRR1609594	3
Sphingomonas_melonis	SRR1609595	0
Sphingomonas_melonis	SRR1609596	2
Sphingomonas_melonis	SRR1609597	0
Sphingomonas_melonis	SRR1609598	5
Sphingomonas_melonis	SRR1609599	9
Sphingomonas_melonis	SRR1609600	0
Sphingomonas_melonis	SRR1609601	2
Sphingomonas_melonis	SRR1609602	2
Sphingomonas_melonis	SRR1609603	0
Sphingomonas_melonis	SRR1609604	1
Sphingomonas_melonis	SRR1609605	0
Sphingomonas_melonis	SRR1609606	0
Sphingomonas_melonis	SRR1609607	0
Sphingomonas_melonis	SRR1609608	0
Sphingomonas_melonis	SRR1609609	1
Sphingomonas_melonis	SRR1609610	1
Sphingomonas_melonis	SRR1609611	0
Sphingomonas_melonis	SRR1609612	0
Sphingomonas_melonis	SRR1609613	0
Sphingomonas_melonis	SRR1609614	1
Sphingomonas_melonis	SRR1609615	0
Sphingomonas_melonis	SRR1609616	0
Sphingomonas_melonis	SRR1609617	1
Sphingomonas_melonis	SRR1609618	0
Sphingomonas_melonis	SRR1609619	1
Sphingomonas_melonis	SRR1609620	5
Sphingomonas_melonis	SRR1609621	0
Sphingomonas_melonis	SRR1609622	0
Sphingomonas_melonis	SRR1609623	0
Sphingomonas_melonis	SRR1609624	0
Sphingomonas_melonis	SRR1609625	0
Sphingomonas_melonis	SRR1609626	3
Sphingomonas_melonis	SRR1609627	0
Sphingomonas_melonis	SRR1609628	0
Sphingomonas_melonis	SRR1609629	0
Sphingomonas_melonis	SRR1609630	0
Sphingomonas_melonis	SRR1609631	0
Sphingomonas_melonis	SRR1609632	1
Sphingomonas_melonis	SRR1609633	1
Sphingomonas_melonis	SRR1609634	0
Sphingomonas_melonis	SRR1609635	3
Sphingomonas_melonis	SRR1609636	1
Sphingomonas_melonis	SRR1609637	0
Sphingomonas_melonis	SRR1609638	0
Sphingomonas_melonis	SRR1609639	1
Sphingomonas_melonis	SRR1609640	1
Sphingomonas_melonis	SRR1609641	0
Sphingomonas_melonis	SRR1609642	1
Sphingomonas_melonis	SRR1609643	0
Sphingomonas_melonis	SRR1609644	1
Sphingomonas_melonis	SRR1609645	0
Sphingomonas_melonis	SRR1609646	1
Sphingomonas_melonis	SRR1609647	0
Sphingomonas_melonis	SRR1609648	0
Sphingomonas_melonis	SRR1609649	1
Sphingomonas_melonis	SRR1609650	1
Sphingomonas_melonis	SRR1609651	0
Sphingomonas_melonis	SRR1609652	0
Sphingomonas_melonis	SRR1609653	0
Sphingomonas_melonis	SRR1609654	0
Sphingomonas_melonis	SRR1609655	0
Sphingomonas_melonis	SRR1609656	2
Sphingomonas_melonis	SRR1609657	0
Sphingomonas_melonis	SRR1609658	0
Sphingomonas_melonis	SRR1609659	0
Sphingomonas_melonis	SRR1609660	1
Sphingomonas_melonis	SRR1609661	0
Sphingomonas_melonis	SRR1609662	0
Sphingomonas_melonis	SRR1609663	1
Sphingomonas_melonis	SRR1609664	0
Sphingomonas_melonis	SRR1609665	0
Sphingomonas_melonis	SRR1609666	0
Sphingomonas_melonis	SRR1609667	0
Sphingomonas_melonis	SRR1609668	34
Sphingomonas_melonis	SRR1609669	1
Sphingomonas_melonis	SRR1746771	NA
Sphingomonas_melonis	SRR1746772	NA
Sphingomonas_melonis	SRR1746773	NA
Sphingomonas_melonis	SRR1746774	NA
Sphingomonas_melonis	SRR1746775	NA
Sphingomonas_melonis	SRR1746776	NA
Sphingomonas_melonis	SRR1746777	NA
Sphingomonas_melonis	SRR1746778	NA
Sphingomonas_melonis	SRR1746779	NA
Sphingomonas_melonis	SRR1746780	NA
Sphingomonas_melonis	SRR1746781	NA
Sphingomonas_melonis	SRR1746782	NA
Sphingomonas_melonis	SRR1746783	NA
Sphingomonas_melonis	SRR1746784	NA
Sphingomonas_melonis	SRR1782685	0
Sphingomonas_melonis	SRR1782686	0
Sphingomonas_melonis	SRR1782687	0
Sphingomonas_melonis	SRR1782688	0
Sphingomonas_melonis	SRR1782689	0
Sphingomonas_melonis	SRR1782690	0
Sphingomonas_melonis	SRR1782691	0
Sphingomonas_melonis	SRR1782692	0
Sphingomonas_melonis	SRR1782693	0
Sphingomonas_melonis	SRR1782694	0
Sphingomonas_melonis	SRR1782695	0
Sphingomonas_melonis	SRR1782696	0
Sphingomonas_melonis	SRR1782697	0
Sphingomonas_melonis	SRR1782698	0
Sphingomonas_melonis	SRR1782699	0
Sphingomonas_melonis	SRR1782700	0
Sphingomonas_melonis	SRR1782701	0
Sphingomonas_melonis	SRR1782702	0
Sphingomonas_melonis	SRR1782703	0
Sphingomonas_melonis	SRR1782704	0
Sphingomonas_melonis	SRR1782705	3
Sphingomonas_melonis	SRR1782706	0
Sphingomonas_melonis	SRR1782707	0
Sphingomonas_melonis	SRR1782708	0
Sphingomonas_melonis	SRR1782709	0
Sphingomonas_melonis	SRR1782710	0
Sphingomonas_melonis	SRR1782711	0
Sphingomonas_melonis	SRR1782712	0
Sphingomonas_melonis	SRR1782713	0
Sphingomonas_melonis	SRR1782714	1
Sphingomonas_melonis	SRR1782715	0
Sphingomonas_melonis	SRR1782716	0
Sphingomonas_melonis	SRR1782717	0
Sphingomonas_melonis	SRR1782718	0
Sphingomonas_melonis	SRR1782719	0
Sphingomonas_melonis	SRR1782720	1
Sphingomonas_melonis	SRR1782721	2
Sphingomonas_melonis	SRR1782722	0
Sphingomonas_melonis	SRR1782723	0
Sphingomonas_melonis	SRR1782724	0
Sphingomonas_melonis	SRR1782725	0
Sphingomonas_melonis	SRR1782726	0
Sphingomonas_melonis	SRR1782727	1
Sphingomonas_melonis	SRR1782728	7
Sphingomonas_melonis	SRR1782729	0
Sphingomonas_melonis	SRR1782730	3
Sphingomonas_melonis	SRR1782731	1
Sphingomonas_melonis	SRR1782732	4
Sphingomonas_melonis	SRR1782733	1
Sphingomonas_melonis	SRR1782734	0
Sphingomonas_melonis	SRR1782735	0
Sphingomonas_melonis	SRR1782736	1
Sphingomonas_melonis	SRR1782737	0
Sphingomonas_melonis	SRR1782738	5
Sphingomonas_melonis	SRR1782739	4
Sphingomonas_melonis	SRR1782740	1
Sphingomonas_melonis	SRR1782741	7
Sphingomonas_melonis	SRR1782742	3
Sphingomonas_melonis	SRR1782743	3
Sphingomonas_melonis	SRR1782744	0
Sphingomonas_melonis	SRR1782745	0
Sphingomonas_melonis	SRR1782746	2
Sphingomonas_melonis	SRR1782747	2
Sphingomonas_melonis	SRR1782748	0
Sphingomonas_melonis	SRR1782749	1
Sphingomonas_melonis	SRR1782750	2
Sphingomonas_melonis	SRR1782751	2
Sphingomonas_melonis	SRR1782752	0
Sphingomonas_melonis	SRR1782753	1
Sphingomonas_melonis	SRR1782754	2
Sphingomonas_melonis	SRR1782755	0
Sphingomonas_melonis	SRR1782756	10
Sphingomonas_melonis	SRR1782757	0
Sphingomonas_melonis	SRR1782758	2
Sphingomonas_melonis	SRR1782759	1
Sphingomonas_melonis	SRR1782760	0
Sphingomonas_melonis	SRR1782761	157
Sphingomonas_melonis	SRR1782762	12
Sphingomonas_melonis	SRR1782763	2
Sphingomonas_melonis	SRR1782764	2
Sphingomonas_melonis	SRR1782765	3
Sphingomonas_melonis	SRR1782766	0
Sphingomonas_melonis	SRR1782767	0
Sphingomonas_melonis	SRR1782768	1
Sphingomonas_melonis	SRR1782769	2
Sphingomonas_melonis	SRR1782770	0
Sphingomonas_melonis	SRR1782771	2
Sphingomonas_melonis	SRR1782772	2
Sphingomonas_melonis	SRR1782773	1
Sphingomonas_melonis	SRR1782774	0
Sphingomonas_melonis	SRR1782775	0
Sphingomonas_melonis	SRR1782776	2
Sphingomonas_melonis	SRR1782777	0
Sphingomonas_melonis	SRR1782778	0
Sphingomonas_melonis	SRR1782779	2
Sphingomonas_melonis	SRR1782780	0
Sphingomonas_melonis	SRR1782781	0
Sphingomonas_melonis	SRR1782782	1
Sphingomonas_melonis	SRR1782783	1
Sphingomonas_melonis	SRR1782784	0
Sphingomonas_melonis	SRR1782785	1
Sphingomonas_melonis	SRR1782786	3
Sphingomonas_melonis	SRR1782787	1
Sphingomonas_melonis	SRR1782788	0
Sphingomonas_melonis	SRR1782789	0
Sphingomonas_melonis	SRR1782790	1
Sphingomonas_melonis	SRR1782791	2
Sphingomonas_melonis	SRR1782792	1
Sphingomonas_melonis	SRR1782793	1
Sphingomonas_melonis	SRR1782794	0
Sphingomonas_melonis	SRR1782795	9
Sphingomonas_melonis	SRR1782796	2
Sphingomonas_melonis	SRR1782797	3
Sphingomonas_melonis	SRR1782798	4
Sphingomonas_melonis	SRR1782799	0
Sphingomonas_melonis	SRR1782800	0
Sphingomonas_melonis	SRR1782801	0
Sphingomonas_melonis	SRR1782802	0
Sphingomonas_melonis	SRR1782803	0
Sphingomonas_melonis	SRR1782804	0
Sphingomonas_melonis	SRR1782805	0
Sphingomonas_melonis	SRR1782806	0
Sphingomonas_melonis	SRR1782807	0
Sphingomonas_melonis	SRR1782808	0
Sphingomonas_melonis	SRR1782809	1
Sphingomonas_melonis	SRR1782810	11
Sphingomonas_melonis	SRR1782811	1
Sphingomonas_melonis	SRR1782812	1
Sphingomonas_melonis	SRR1782813	0
Sphingomonas_melonis	SRR1782814	6
Sphingomonas_melonis	SRR1782815	2
Sphingomonas_melonis	SRR1782816	0
Sphingomonas_melonis	SRR1782817	0
Sphingomonas_melonis	SRR1782818	0
Sphingomonas_melonis	SRR1782819	5
Sphingomonas_melonis	SRR1782820	0
Sphingomonas_melonis	SRR1782821	1
Sphingomonas_melonis	SRR1782822	0
Sphingomonas_melonis	SRR1782823	2
Sphingomonas_melonis	SRR1782824	1
Sphingomonas_melonis	SRR1782825	1
Sphingomonas_melonis	SRR1782826	1
Sphingomonas_melonis	SRR1782827	0
Sphingomonas_melonis	SRR1782828	0
Sphingomonas_melonis	SRR1782829	0
Sphingomonas_melonis	SRR1782830	0
Sphingomonas_melonis	SRR1782831	0
Sphingomonas_melonis	SRR1782832	0
Sphingomonas_melonis	SRR1782833	0
Sphingomonas_melonis	SRR1782834	0
Sphingomonas_melonis	SRR1782835	0
Sphingomonas_melonis	SRR1782836	0
Sphingomonas_melonis	SRR1782837	0
Sphingomonas_melonis	SRR1782838	0
Sphingomonas_melonis	SRR1782839	0
Sphingomonas_melonis	SRR1782840	0
Sphingomonas_melonis	SRR1782841	0
Sphingomonas_melonis	SRR1782842	0
Sphingomonas_melonis	SRR1782843	0
Sphingomonas_melonis	SRR1782844	0
Sphingomonas_melonis	SRR1782845	0
Sphingomonas_melonis	SRR1782846	0
Sphingomonas_melonis	SRR1782847	0
Sphingomonas_melonis	SRR1782848	0
Sphingomonas_melonis	SRR1782849	0
Sphingomonas_melonis	SRR1782850	0
Sphingomonas_melonis	SRR1782851	0
Sphingomonas_melonis	SRR1782852	0
Sphingomonas_melonis	SRR1782853	0
Sphingomonas_melonis	SRR1782854	1
Sphingomonas_melonis	SRR1782855	0
Sphingomonas_melonis	SRR1782856	0
Sphingomonas_melonis	SRR1782857	0
Sphingomonas_melonis	SRR1782858	0
Sphingomonas_melonis	SRR1782859	0
Sphingomonas_melonis	SRR1782860	0
Sphingomonas_melonis	SRR1782861	1
Sphingomonas_melonis	SRR1782862	0
Sphingomonas_melonis	SRR1782863	0
Sphingomonas_melonis	SRR1782864	3
Sphingomonas_melonis	SRR1782865	2
Sphingomonas_melonis	SRR1782866	1
Sphingomonas_melonis	SRR1782867	0
Sphingomonas_melonis	SRR1782868	1
Sphingomonas_melonis	SRR1782869	2
Sphingomonas_melonis	SRR1782870	1
Sphingomonas_melonis	SRR1782871	1
Sphingomonas_melonis	SRR1782872	0
Sphingomonas_melonis	SRR1782873	2
Sphingomonas_melonis	SRR1782874	0
Sphingomonas_melonis	SRR1782875	2
Sphingomonas_melonis	SRR1782876	1
Sphingomonas_melonis	SRR1782877	0
Sphingomonas_melonis	SRR1782878	3
Sphingomonas_melonis	SRR1782879	2
Sphingomonas_melonis	SRR1782880	0
Sphingomonas_melonis	SRR1782881	0
Sphingomonas_melonis	SRR1782882	0
Sphingomonas_melonis	SRR1782883	1
Sphingomonas_melonis	SRR1782884	0
Sphingomonas_melonis	SRR1782885	0
Sphingomonas_melonis	SRR1782886	1
Sphingomonas_melonis	SRR1782887	0
Sphingomonas_melonis	SRR1782888	0
Sphingomonas_melonis	SRR1782889	0
Sphingomonas_melonis	SRR1782890	0
Sphingomonas_melonis	SRR1782891	0
Sphingomonas_melonis	SRR1782892	0
Sphingomonas_melonis	SRR1782893	0
Sphingomonas_melonis	SRR1782894	2
Sphingomonas_melonis	SRR1782895	2
Sphingomonas_melonis	SRR1782896	1
Sphingomonas_melonis	SRR1782897	0
Sphingomonas_melonis	SRR1782898	1
Sphingomonas_melonis	SRR1782899	1
Sphingomonas_melonis	SRR1782900	0
Sphingomonas_melonis	SRR1782901	0
Sphingomonas_melonis	SRR1782902	1
Sphingomonas_melonis	SRR1782903	2
Sphingomonas_melonis	SRR1782904	1
Sphingomonas_melonis	SRR1782905	2
Sphingomonas_melonis	SRR1782906	1
Sphingomonas_melonis	SRR1782907	0
Sphingomonas_melonis	SRR1782908	0
Sphingomonas_melonis	SRR1782909	2
Sphingomonas_melonis	SRR1782910	0
Sphingomonas_melonis	SRR1782911	0
Sphingomonas_melonis	SRR1782912	1
Sphingomonas_melonis	SRR1782913	2
Sphingomonas_melonis	SRR1782914	0
Sphingomonas_melonis	SRR1782915	0
Sphingomonas_melonis	SRR1782916	1
Sphingomonas_melonis	SRR1782917	0
Sphingomonas_melonis	SRR1782918	1
Sphingomonas_melonis	SRR1782919	0
Sphingomonas_melonis	SRR1782920	0
Sphingomonas_melonis	SRR1782921	0
Sphingomonas_melonis	SRR1782922	13
Sphingomonas_melonis	SRR1782923	0
Sphingomonas_melonis	SRR1782924	1
Sphingomonas_melonis	SRR1782925	0
Sphingomonas_melonis	SRR1782926	1
Sphingomonas_melonis	SRR1782927	0
Sphingomonas_melonis	SRR1782928	2
Sphingomonas_melonis	SRR1782929	0
Sphingomonas_melonis	SRR1782930	0
Sphingomonas_melonis	SRR1782931	0
Sphingomonas_melonis	SRR1782932	0
Sphingomonas_melonis	SRR1782933	11
Sphingomonas_melonis	SRR1782934	1
Sphingomonas_melonis	SRR1782935	0
Sphingomonas_melonis	SRR1782936	12
Sphingomonas_melonis	SRR1782937	0
Sphingomonas_melonis	SRR1782938	14
Sphingomonas_melonis	SRR1782939	1
Sphingomonas_melonis	SRR1782940	0
Sphingomonas_melonis	SRR1782941	0
Sphingomonas_melonis	SRR1782942	0
Sphingomonas_melonis	SRR1782943	1
Sphingomonas_melonis	SRR1782944	0
Sphingomonas_melonis	SRR1782945	1
Sphingomonas_melonis	SRR1782946	0
Sphingomonas_melonis	SRR1782947	1
Sphingomonas_melonis	SRR1782948	1
Sphingomonas_melonis	SRR1782949	1
Sphingomonas_melonis	SRR1782950	0
Sphingomonas_melonis	SRR1782951	0
Sphingomonas_melonis	SRR1782952	1
Sphingomonas_melonis	SRR1782953	0
Sphingomonas_melonis	SRR1782954	34
Sphingomonas_melonis	SRR1782955	1
Sphingomonas_melonis	SRR1782956	1
Sphingomonas_melonis	SRR1782957	1
Sphingomonas_melonis	SRR1782958	1
Sphingomonas_melonis	SRR1782959	2
Sphingomonas_melonis	SRR1782960	0
Sphingomonas_melonis	SRR1782961	0
Sphingomonas_melonis	SRR1782962	0
Sphingomonas_melonis	SRR1782963	0
Sphingomonas_melonis	SRR1782964	0
Sphingomonas_melonis	SRR1782965	0
Sphingomonas_melonis	SRR1782966	0
Sphingomonas_melonis	SRR1782967	0
Sphingomonas_melonis	SRR1782968	1
Sphingomonas_melonis	SRR1782969	0
Sphingomonas_melonis	SRR1782970	5
Sphingomonas_melonis	SRR1782971	0
Sphingomonas_melonis	SRR1782972	0
Sphingomonas_melonis	SRR1782973	0
Sphingomonas_melonis	SRR1782974	0
Sphingomonas_melonis	SRR1782975	0
Sphingomonas_melonis	SRR1782976	0
Sphingomonas_melonis	SRR1782977	1
Sphingomonas_melonis	SRR1782978	1
Sphingomonas_melonis	SRR1782979	0
Sphingomonas_melonis	SRR1782980	0
Sphingomonas_melonis	SRR1782981	0
Sphingomonas_melonis	SRR1782982	0
Sphingomonas_melonis	SRR1782983	1
Sphingomonas_melonis	SRR1782984	0
Sphingomonas_melonis	SRR1782985	1
Sphingomonas_melonis	SRR1782986	0
Sphingomonas_melonis	SRR1782987	0
Sphingomonas_melonis	SRR1782988	1
Sphingomonas_melonis	SRR1782989	3
Sphingomonas_melonis	SRR1782990	1
Sphingomonas_melonis	SRR1782991	0
Sphingomonas_melonis	SRR1782992	0
Sphingomonas_melonis	SRR1782993	0
Sphingomonas_melonis	SRR1782994	0
Sphingomonas_melonis	SRR1782995	1
Sphingomonas_melonis	SRR1782996	0
Sphingomonas_melonis	SRR1782997	1
Sphingomonas_melonis	SRR1782998	1
Sphingomonas_melonis	SRR1782999	0
Sphingomonas_melonis	SRR1783000	1
Sphingomonas_melonis	SRR1783001	0
Sphingomonas_melonis	SRR1783002	0
Sphingomonas_melonis	SRR1783003	0
Sphingomonas_melonis	SRR1783004	0
Sphingomonas_melonis	SRR1783005	0
Sphingomonas_melonis	SRR1783006	1
Sphingomonas_melonis	SRR1813867	NA
Sphingomonas_melonis	SRR1813868	NA
Sphingomonas_melonis	SRR1813869	NA
Sphingomonas_melonis	SRR1813870	NA
Sphingomonas_melonis	SRR1813871	NA
Sphingomonas_melonis	SRR1813872	NA
Sphingomonas_melonis	SRR1813873	NA
Sphingomonas_melonis	SRR1813874	NA
Sphingomonas_melonis	SRR1813875	NA
Sphingomonas_melonis	SRR1813876	NA
Sphingomonas_melonis	SRR1813877	NA
Sphingomonas_melonis	SRR1813878	NA
Sphingomonas_melonis	SRR1813879	NA
Sphingomonas_melonis	SRR1813880	NA
Sphingomonas_melonis	SRR1813881	NA
Sphingomonas_melonis	SRR1813882	NA
Sphingomonas_melonis	SRR1813883	NA
Sphingomonas_melonis	SRR1813884	NA
Sphingomonas_melonis	SRR1813885	NA
Sphingomonas_melonis	SRR1813886	NA
Sphingomonas_melonis	SRR1813887	NA
Sphingomonas_melonis	SRR1928188	NA
Sphingomonas_melonis	SRR1928189	NA
Sphingomonas_melonis	SRR1928190	NA
Sphingomonas_melonis	SRR1928191	NA
Sphingomonas_melonis	SRR1928192	NA
Sphingomonas_melonis	SRR1928193	NA
Sphingomonas_melonis	SRR2046996	0
Sphingomonas_melonis	SRR2046997	1
Sphingomonas_melonis	SRR2046998	0
Sphingomonas_melonis	SRR2046999	0
Sphingomonas_melonis	SRR2047000	1
Sphingomonas_melonis	SRR2047001	0
Sphingomonas_melonis	SRR2047002	1
Sphingomonas_melonis	SRR2047003	1
Sphingomonas_melonis	SRR2047004	0
Sphingomonas_melonis	SRR2047005	1
Sphingomonas_melonis	SRR2047006	0
Sphingomonas_melonis	SRR2047007	1
Sphingomonas_melonis	SRR2047008	0
Sphingomonas_melonis	SRR2047009	1
Sphingomonas_melonis	SRR2313973	NA
Sphingomonas_melonis	SRR2313974	NA
Sphingomonas_melonis	SRR2313975	NA
Sphingomonas_melonis	SRR2313976	NA
Sphingomonas_melonis	SRR2313977	NA
Sphingomonas_melonis	SRR2313978	NA
Sphingomonas_melonis	SRR2313979	NA
Sphingomonas_melonis	SRR2313980	NA
Sphingomonas_melonis	SRR2313981	NA
Sphingomonas_melonis	SRR2313982	NA
Sphingomonas_melonis	SRR2313983	NA
Sphingomonas_melonis	SRR2313984	NA
Sphingomonas_melonis	SRR2313985	NA
Sphingomonas_melonis	SRR2313986	NA
Sphingomonas_melonis	SRR2313987	NA
Sphingomonas_melonis	SRR2313988	NA
Sphingomonas_melonis	SRR2313989	NA
Sphingomonas_melonis	SRR2313990	NA
Sphingomonas_melonis	SRR2313991	NA
Sphingomonas_melonis	SRR2313992	NA
Sphingomonas_melonis	SRR2313993	NA
Sphingomonas_melonis	SRR2313994	NA
Sphingomonas_melonis	SRR2313995	NA
Sphingomonas_melonis	SRR2313996	NA
Sphingomonas_melonis	SRR2313997	NA
Sphingomonas_melonis	SRR2313998	NA
Sphingomonas_melonis	SRR2313999	NA
Sphingomonas_melonis	SRR2314000	NA
Sphingomonas_melonis	SRR2314001	NA
Sphingomonas_melonis	SRR2314002	NA
Sphingomonas_melonis	SRR2314003	NA
Sphingomonas_melonis	SRR2314004	NA
Sphingomonas_melonis	SRR2314005	NA
Sphingomonas_melonis	SRR2314006	NA
Sphingomonas_melonis	SRR2314007	NA
Sphingomonas_melonis	SRR2314008	NA
Sphingomonas_melonis	SRR2314009	NA
Sphingomonas_melonis	SRR2314010	NA
Sphingomonas_melonis	SRR2314011	NA
Sphingomonas_melonis	SRR2314012	NA
Sphingomonas_melonis	SRR2314013	NA
Sphingomonas_melonis	SRR2314014	NA
Sphingomonas_melonis	SRR2314015	NA
Sphingomonas_melonis	SRR2314016	NA
Sphingomonas_melonis	SRR2314017	NA
Sphingomonas_melonis	SRR2314018	NA
Sphingomonas_melonis	SRR2314019	NA
Sphingomonas_melonis	SRR2314020	NA
Sphingomonas_melonis	SRR2314021	NA
Sphingomonas_melonis	SRR2314022	NA
Sphingomonas_melonis	SRR2314023	NA
Sphingomonas_melonis	SRR2314024	NA
Sphingomonas_melonis	SRR2314025	NA
Sphingomonas_melonis	SRR2314026	NA
Sphingomonas_melonis	SRR2314027	NA
Sphingomonas_melonis	SRR2314028	NA
Sphingomonas_melonis	SRR2314029	NA
Sphingomonas_melonis	SRR2314030	NA
Sphingomonas_melonis	SRR2314031	NA
Sphingomonas_melonis	SRR2314032	NA
Sphingomonas_melonis	SRR2314033	NA
Sphingomonas_melonis	SRR2314034	NA
Sphingomonas_melonis	SRR2314035	NA
Sphingomonas_melonis	SRR2314036	NA
Sphingomonas_melonis	SRR2314037	NA
Sphingomonas_melonis	SRR2314038	NA
Sphingomonas_melonis	SRR2314039	NA
Sphingomonas_melonis	SRR2314040	NA
Sphingomonas_melonis	SRR2314041	NA
Sphingomonas_melonis	SRR2314042	NA
Sphingomonas_melonis	SRR2314043	NA
Sphingomonas_melonis	SRR2314044	NA
Sphingomonas_melonis	SRR2314045	NA
Sphingomonas_melonis	SRR3493774	0
Sphingomonas_melonis	SRR3493775	0
Sphingomonas_melonis	SRR3493776	1
Sphingomonas_melonis	SRR3493777	0
Sphingomonas_melonis	SRR3493778	0
Sphingomonas_melonis	SRR3493779	0
Sphingomonas_melonis	SRR3493780	2
Sphingomonas_melonis	SRR3493781	0
Sphingomonas_melonis	SRR3493782	0
Sphingomonas_melonis	SRR3493783	0
Sphingomonas_melonis	SRR3493784	0
Sphingomonas_melonis	SRR3493785	1
Sphingomonas_melonis	SRR3493786	0
Sphingomonas_melonis	SRR3493787	1
Sphingomonas_melonis	SRR3493788	1
Sphingomonas_melonis	SRR3493789	0
Sphingomonas_melonis	SRR3493790	2
Sphingomonas_melonis	SRR3493791	0
Sphingomonas_melonis	SRR3493792	0
Sphingomonas_melonis	SRR3493793	0
Sphingomonas_melonis	SRR3493794	2
Sphingomonas_melonis	SRR3493795	0
Sphingomonas_melonis	SRR3493796	4
Sphingomonas_melonis	SRR3493797	0
Sphingomonas_melonis	SRR3493798	0
Sphingomonas_melonis	SRR3493799	1
Sphingomonas_melonis	SRR3493800	1
Sphingomonas_melonis	SRR3493801	1
Sphingomonas_melonis	SRR3493802	3
Sphingomonas_melonis	SRR3493803	1
Sphingomonas_melonis	SRR3493804	0
Sphingomonas_melonis	SRR3493805	1
Sphingomonas_melonis	SRR3493806	0
Sphingomonas_melonis	SRR3493807	4
Sphingomonas_melonis	SRR3493808	1
Sphingomonas_melonis	SRR3493809	0
Sphingomonas_melonis	SRR3493810	2
Sphingomonas_melonis	SRR3493811	2
Sphingomonas_melonis	SRR3493812	4
Sphingomonas_melonis	SRR3493813	1
Sphingomonas_melonis	SRR3493814	0
Sphingomonas_melonis	SRR3493815	0
Sphingomonas_melonis	SRR3493816	2
Sphingomonas_melonis	SRR3493817	16
Sphingomonas_melonis	SRR3493818	4
Sphingomonas_melonis	SRR3493819	2
Sphingomonas_melonis	SRR3493820	0
Sphingomonas_melonis	SRR3493821	1
Sphingomonas_melonis	SRR3493822	0
Sphingomonas_melonis	SRR3493823	1
Sphingomonas_melonis	SRR3493824	0
Sphingomonas_melonis	SRR3493825	2
Sphingomonas_melonis	SRR3493826	4
Sphingomonas_melonis	SRR3493827	1
Sphingomonas_melonis	SRR3493828	0
Sphingomonas_melonis	SRR3493829	0
Sphingomonas_melonis	SRR3493830	0
Sphingomonas_melonis	SRR3493831	6
Sphingomonas_melonis	SRR3493832	2
Sphingomonas_melonis	SRR3493833	1
Sphingomonas_melonis	SRR3493834	0
Sphingomonas_melonis	SRR3493835	3
Sphingomonas_melonis	SRR3493836	1
Sphingomonas_melonis	SRR3493837	5
Sphingomonas_melonis	SRR3493838	3
Sphingomonas_melonis	SRR3493839	1
Sphingomonas_melonis	SRR3493840	0
Sphingomonas_melonis	SRR3493841	7
Sphingomonas_melonis	SRR3493846	2
Sphingomonas_melonis	SRR3493847	2
Sphingomonas_melonis	SRR3493848	0
Sphingomonas_melonis	SRR3493849	0
Sphingomonas_melonis	SRR3493850	0
Sphingomonas_melonis	SRR3714631	0
Sphingomonas_melonis	SRR3714632	0
Sphingomonas_melonis	SRR3714633	6
Sphingomonas_melonis	SRR3714634	9
Sphingomonas_melonis	SRR3714635	36
Sphingomonas_melonis	SRR3714636	6
Sphingomonas_melonis	SRR3714637	14
Sphingomonas_melonis	SRR3714638	11
Sphingomonas_melonis	SRR3714639	69
Sphingomonas_melonis	SRR3714640	11
Sphingomonas_melonis	SRR3714641	12
Sphingomonas_melonis	SRR3714642	9
Sphingomonas_melonis	SRR3714643	9
Sphingomonas_melonis	SRR3714644	13
Sphingomonas_melonis	SRR3714645	30
Sphingomonas_melonis	SRR3714646	71
Sphingomonas_melonis	SRR3714648	26
Sphingomonas_melonis	SRR3714649	19
Sphingomonas_melonis	SRR3714650	56
Sphingomonas_melonis	SRR3714651	18
Sphingomonas_melonis	SRR3714652	24
Sphingomonas_melonis	SRR3714653	18
Sphingomonas_melonis	SRR3714654	50
Sphingomonas_melonis	SRR3714655	15
Sphingomonas_melonis	SRR3714656	21
Sphingomonas_melonis	SRR3714657	17
Sphingomonas_melonis	SRR3714658	3
Sphingomonas_melonis	SRR3714659	8
Sphingomonas_melonis	SRR3714660	11
Sphingomonas_melonis	SRR3714661	23
Sphingomonas_melonis	SRR3714662	14
Sphingomonas_melonis	SRR3714663	34
Sphingomonas_melonis	SRR3714664	14
Sphingomonas_melonis	SRR3714665	7
Sphingomonas_melonis	SRR3714666	2
Sphingomonas_melonis	SRR3714667	5
Sphingomonas_melonis	SRR3714668	40
Sphingomonas_melonis	SRR3714669	32
Sphingomonas_melonis	SRR3714670	267
Sphingomonas_melonis	SRR3714671	32
Sphingomonas_melonis	SRR3714672	12
Sphingomonas_melonis	SRR3714673	19
Sphingomonas_melonis	SRR3714674	15
Sphingomonas_melonis	SRR3714675	21
Sphingomonas_melonis	SRR3714676	9
Sphingomonas_melonis	SRR3714677	73
Sphingomonas_melonis	SRR3714678	16
Sphingomonas_melonis	SRR3714679	8
Sphingomonas_melonis	SRR3714680	8
Sphingomonas_melonis	SRR3714681	1
Sphingomonas_melonis	SRR3714682	2
Sphingomonas_melonis	SRR3714683	27
Sphingomonas_melonis	SRR3714684	5
Sphingomonas_melonis	SRR3714685	38
Sphingomonas_melonis	SRR3714686	22
Sphingomonas_melonis	SRR3714688	1
Sphingomonas_melonis	SRR3714689	5
Sphingomonas_melonis	SRR3714690	30
Sphingomonas_melonis	SRR3714691	9
Sphingomonas_melonis	SRR3714692	54
Sphingomonas_melonis	SRR3714693	4
Sphingomonas_melonis	SRR3714694	6
Sphingomonas_melonis	SRR3714695	3
Sphingomonas_melonis	SRR3714696	44
Sphingomonas_melonis	SRR3714697	52
Sphingomonas_melonis	SRR3714698	3
Sphingomonas_melonis	SRR3714699	9
Sphingomonas_melonis	SRR3714700	13
Sphingomonas_melonis	SRR3714701	17
Sphingomonas_melonis	SRR3714702	11
Sphingomonas_melonis	SRR3714703	9
Sphingomonas_melonis	SRR3714704	3
Sphingomonas_melonis	SRR3714705	53
Sphingomonas_melonis	SRR3714706	1
Sphingomonas_melonis	SRR3714707	9
Sphingomonas_melonis	SRR3714708	0
Sphingomonas_melonis	SRR3714709	35
Sphingomonas_melonis	SRR3714710	26
Sphingomonas_melonis	SRR3714711	7
Sphingomonas_melonis	SRR3714712	12
Sphingomonas_melonis	SRR3714713	8
Sphingomonas_melonis	SRR3714714	22
Sphingomonas_melonis	SRR3714715	125
Sphingomonas_melonis	SRR3714716	6
Sphingomonas_melonis	SRR3714717	1
Sphingomonas_melonis	SRR3714718	8
Sphingomonas_melonis	SRR3714719	23
Sphingomonas_melonis	SRR3714720	13
Sphingomonas_melonis	SRR3714721	7
Sphingomonas_melonis	SRR3714723	12
Sphingomonas_melonis	SRR3714724	61
Sphingomonas_melonis	SRR3714725	71
Sphingomonas_melonis	SRR3714726	10
Sphingomonas_melonis	SRR3714727	15
Sphingomonas_melonis	SRR3714728	23
Sphingomonas_melonis	SRR3714729	1
Sphingomonas_melonis	SRR3714730	14
Sphingomonas_melonis	SRR3714731	73
Sphingomonas_melonis	SRR3714732	5
Sphingomonas_melonis	SRR3714734	3
Sphingomonas_melonis	SRR3714735	10
Sphingomonas_melonis	SRR3714736	5
Sphingomonas_melonis	SRR3714737	10
Sphingomonas_melonis	SRR3714738	83
Sphingomonas_melonis	SRR3714739	9
Sphingomonas_melonis	SRR3714740	99
Sphingomonas_melonis	SRR3714741	5
Sphingomonas_melonis	SRR3714744	9
Sphingomonas_melonis	SRR3714745	237
Sphingomonas_melonis	SRR3714746	1
Sphingomonas_melonis	SRR3714747	45
Sphingomonas_melonis	SRR3714748	3
Sphingomonas_melonis	SRR3714749	10
Sphingomonas_melonis	SRR3714750	42
Sphingomonas_melonis	SRR3714751	3
Sphingomonas_melonis	SRR3714752	9
Sphingomonas_melonis	SRR3714753	57
Sphingomonas_melonis	SRR3714754	18
Sphingomonas_melonis	SRR3714755	6
Sphingomonas_melonis	SRR3714756	5
Sphingomonas_melonis	SRR3714757	11
Sphingomonas_melonis	SRR3714758	9
Sphingomonas_melonis	SRR3714759	6
Sphingomonas_melonis	SRR3714760	1
Sphingomonas_melonis	SRR3714761	23
Sphingomonas_melonis	SRR3714762	10
Sphingomonas_melonis	SRR3714764	14
Sphingomonas_melonis	SRR3714765	29
Sphingomonas_melonis	SRR3714766	21
Sphingomonas_melonis	SRR3714767	11
Sphingomonas_melonis	SRR3714768	12
Sphingomonas_melonis	SRR5176628	0
Sphingomonas_melonis	SRR5176629	0
Sphingomonas_melonis	SRR5176630	0
Sphingomonas_melonis	SRR5176631	0
Sphingomonas_melonis	SRR5176632	0
Sphingomonas_melonis	SRR5176633	2
Sphingomonas_melonis	SRR5176634	1
Sphingomonas_melonis	SRR5176635	1
Sphingomonas_melonis	SRR5176636	3
Sphingomonas_melonis	SRR5176637	2
Sphingomonas_melonis	SRR5176638	2
Sphingomonas_melonis	SRR5176639	0
Sphingomonas_melonis	SRR5176640	0
Sphingomonas_melonis	SRR5176641	0
Sphingomonas_melonis	SRR5176642	0
Sphingomonas_melonis	SRR5176643	0
Sphingomonas_melonis	SRR5176644	0
Sphingomonas_melonis	SRR5176645	0
Sphingomonas_melonis	SRR5176646	0
Sphingomonas_melonis	SRR5176647	2
Sphingomonas_melonis	SRR5176648	1
Sphingomonas_melonis	SRR5176649	1
Sphingomonas_melonis	SRR5176650	0
Sphingomonas_melonis	SRR5176651	1
Sphingomonas_melonis	SRR5176652	0
Sphingomonas_melonis	SRR5176653	0
Sphingomonas_melonis	SRR5176654	0
Sphingomonas_melonis	SRR5176655	0
Sphingomonas_melonis	SRR5176656	0
Sphingomonas_melonis	SRR5176657	0
Sphingomonas_melonis	SRR5176658	0
Sphingomonas_melonis	SRR5176659	0
Sphingomonas_melonis	SRR5176660	1
Sphingomonas_melonis	SRR5176661	0
Sphingomonas_melonis	SRR5176662	0
Sphingomonas_melonis	SRR5176663	0
Sphingomonas_melonis	SRR5176664	1
Sphingomonas_melonis	SRR5176665	0
Sphingomonas_melonis	SRR5176666	0
Sphingomonas_melonis	SRR5176667	0
Sphingomonas_melonis	SRR5176668	3
Sphingomonas_melonis	SRR5176669	0
Sphingomonas_melonis	SRR5176670	0
Sphingomonas_melonis	SRR5176671	0
Sphingomonas_melonis	SRR5176672	0
Sphingomonas_melonis	SRR5176673	1
Sphingomonas_melonis	SRR5176674	0
Sphingomonas_melonis	SRR5176675	0
Sphingomonas_melonis	SRR5176676	0
Sphingomonas_melonis	SRR5176677	3
Sphingomonas_melonis	SRR5176678	1
Sphingomonas_melonis	SRR5176679	3
Sphingomonas_melonis	SRR5176680	0
Sphingomonas_melonis	SRR5176681	0
Sphingomonas_melonis	SRR5176682	0
Sphingomonas_melonis	SRR5176683	0
Sphingomonas_melonis	SRR5176684	1
Sphingomonas_melonis	SRR5176685	0
Sphingomonas_melonis	SRR5176686	0
Sphingomonas_melonis	SRR5176687	2
Sphingomonas_melonis	SRR5176688	0
Sphingomonas_melonis	SRR5176689	0
Sphingomonas_melonis	SRR5176690	0
Sphingomonas_melonis	SRR5176691	0
Sphingomonas_melonis	SRR5176692	0
Sphingomonas_melonis	SRR5176693	0
Sphingomonas_melonis	SRR5176694	1
Sphingomonas_melonis	SRR5176695	1
Sphingomonas_melonis	SRR5176696	34
Sphingomonas_melonis	SRR5176697	0
Sphingomonas_melonis	SRR5176698	2
Sphingomonas_melonis	SRR5176699	0
Sphingomonas_melonis	SRR5176700	1
Sphingomonas_melonis	SRR5176701	0
Sphingomonas_melonis	SRR5176702	0
Sphingomonas_melonis	SRR5176703	0
Sphingomonas_melonis	SRR5176704	0
Sphingomonas_melonis	SRR5176705	0
Sphingomonas_melonis	SRR5176706	3
Sphingomonas_melonis	SRR5176707	0
Sphingomonas_melonis	SRR5176708	0
Sphingomonas_melonis	SRR5176709	1
Sphingomonas_melonis	SRR5176710	1
Sphingomonas_melonis	SRR5176711	1
Sphingomonas_melonis	SRR5176712	0
Sphingomonas_melonis	SRR5176713	0
Sphingomonas_melonis	SRR5176714	2
Sphingomonas_melonis	SRR5176715	0
Sphingomonas_melonis	SRR5176716	0
Sphingomonas_melonis	SRR5176717	0
Sphingomonas_melonis	SRR5176718	0
Sphingomonas_melonis	SRR5176719	3
Sphingomonas_melonis	SRR5176720	1
Sphingomonas_melonis	SRR5176721	0
Sphingomonas_melonis	SRR5176722	0
Sphingomonas_melonis	SRR5176723	1
Sphingomonas_melonis	SRR5176724	0
Sphingomonas_melonis	SRR5176725	0
Sphingomonas_melonis	SRR5176726	0
Sphingomonas_melonis	SRR5176727	0
Sphingomonas_melonis	SRR5176728	0
Sphingomonas_melonis	SRR5176729	0
Sphingomonas_melonis	SRR5176730	2
Sphingomonas_melonis	SRR5176731	0
Sphingomonas_melonis	SRR5176732	0
Sphingomonas_melonis	SRR5176733	0
Sphingomonas_melonis	SRR5176734	4
Sphingomonas_melonis	SRR5176735	0
Sphingomonas_melonis	SRR5176736	1
Sphingomonas_melonis	SRR5176737	2
Sphingomonas_melonis	SRR5176738	0
Sphingomonas_melonis	SRR5176739	1
Sphingomonas_melonis	SRR5176740	0
Sphingomonas_melonis	SRR5176741	0
Sphingomonas_melonis	SRR5176742	2
Sphingomonas_melonis	SRR5176743	1
Sphingomonas_melonis	SRR5176744	0
Sphingomonas_melonis	SRR5176745	0
Sphingomonas_melonis	SRR5176746	1
Sphingomonas_melonis	SRR5176747	0
Sphingomonas_melonis	SRR5176748	1
Sphingomonas_melonis	SRR5176749	0
Sphingomonas_melonis	SRR5176750	0
Sphingomonas_melonis	SRR5176751	0
Sphingomonas_melonis	SRR5176752	0
Sphingomonas_melonis	SRR5176753	1
Sphingomonas_melonis	SRR5176754	0
Sphingomonas_melonis	SRR5176755	0
Sphingomonas_melonis	SRR5176756	0
Sphingomonas_melonis	SRR5176757	7
Sphingomonas_melonis	SRR5176758	1
Sphingomonas_melonis	SRR5176759	0
Sphingomonas_melonis	SRR5176760	0
Sphingomonas_melonis	SRR5176761	1
Sphingomonas_melonis	SRR5176762	0
Sphingomonas_melonis	SRR5176763	1
Sphingomonas_melonis	SRR5176764	0
Sphingomonas_melonis	SRR5176765	2
Sphingomonas_melonis	SRR5176766	0
Sphingomonas_melonis	SRR5176767	0
Sphingomonas_melonis	SRR5176768	3
Sphingomonas_melonis	SRR5176769	0
Sphingomonas_melonis	SRR5176770	2
Sphingomonas_melonis	SRR5176771	0
Sphingomonas_melonis	SRR5176772	1
Sphingomonas_melonis	SRR5176773	0
Sphingomonas_melonis	SRR5176774	1
Sphingomonas_melonis	SRR5176775	1
Sphingomonas_melonis	SRR5176776	0
Sphingomonas_melonis	SRR5176777	2
Sphingomonas_melonis	SRR5176778	0
Sphingomonas_melonis	SRR5176779	1
Sphingomonas_melonis	SRR5176780	0
Sphingomonas_melonis	SRR5176781	0
Sphingomonas_melonis	SRR5176782	0
Sphingomonas_melonis	SRR5176783	0
Sphingomonas_melonis	SRR5176784	1
Sphingomonas_melonis	SRR5176785	0
Sphingomonas_melonis	SRR5176786	0
Sphingomonas_melonis	SRR5176787	1
Sphingomonas_melonis	SRR5176788	0
Sphingomonas_melonis	SRR5176789	5
Sphingomonas_melonis	SRR5176790	0
Sphingomonas_melonis	SRR5176791	0
Sphingomonas_melonis	SRR5176792	0
Sphingomonas_melonis	SRR5176793	0
Sphingomonas_melonis	SRR5176794	0
Sphingomonas_melonis	SRR5176795	1
Sphingomonas_melonis	SRR5176796	0
Sphingomonas_melonis	SRR5176797	0
Sphingomonas_melonis	SRR5176798	0
Sphingomonas_melonis	SRR5176799	1
Sphingomonas_melonis	SRR5176800	0
Sphingomonas_melonis	SRR5176801	0
Sphingomonas_melonis	SRR5176802	0
Sphingomonas_melonis	SRR5176803	2
Sphingomonas_melonis	SRR5176804	0
Sphingomonas_melonis	SRR5176805	0
Sphingomonas_melonis	SRR5176806	12
Sphingomonas_melonis	SRR5176807	0
Sphingomonas_melonis	SRR5176808	0
Sphingomonas_melonis	SRR5176809	0
Sphingomonas_melonis	SRR5176810	0
Sphingomonas_melonis	SRR5176811	0
Sphingomonas_melonis	SRR5176812	0
Sphingomonas_melonis	SRR5176813	0
Sphingomonas_melonis	SRR5176814	1
Sphingomonas_melonis	SRR5176815	1
Sphingomonas_melonis	SRR5176816	0
Sphingomonas_melonis	SRR5176817	2
Sphingomonas_melonis	SRR5176818	0
Sphingomonas_melonis	SRR5176819	0
Sphingomonas_melonis	SRR5176820	2
Sphingomonas_melonis	SRR5176821	2
Sphingomonas_melonis	SRR5176822	0
Sphingomonas_melonis	SRR5176823	1
Sphingomonas_melonis	SRR5176824	0
Sphingomonas_melonis	SRR5176825	1
Sphingomonas_melonis	SRR5176826	0
Sphingomonas_melonis	SRR5176827	2
Sphingomonas_melonis	SRR5176828	0
Sphingomonas_melonis	SRR5176829	1
Sphingomonas_melonis	SRR5176830	1
Sphingomonas_melonis	SRR5176831	1
Sphingomonas_melonis	SRR5176832	2
Sphingomonas_melonis	SRR5176833	0
Sphingomonas_melonis	SRR5176834	0
Sphingomonas_melonis	SRR5176835	0
Sphingomonas_melonis	SRR5176836	0
Sphingomonas_melonis	SRR5176837	1
Sphingomonas_melonis	SRR5176838	0
Sphingomonas_melonis	SRR5176839	0
Sphingomonas_melonis	SRR5176840	0
Sphingomonas_melonis	SRR5176841	2
Sphingomonas_melonis	SRR5176842	2
Sphingomonas_melonis	SRR5176843	1
Sphingomonas_melonis	SRR5176844	0
Sphingomonas_melonis	SRR5176845	0
Sphingomonas_melonis	SRR5176846	0
Sphingomonas_melonis	SRR5176847	0
Sphingomonas_melonis	SRR5176848	0
Sphingomonas_melonis	SRR5176849	1
Sphingomonas_melonis	SRR5176850	0
Sphingomonas_melonis	SRR5176851	0
Sphingomonas_melonis	SRR5176852	1
Sphingomonas_melonis	SRR5176853	0
Sphingomonas_melonis	SRR5176854	0
Sphingomonas_melonis	SRR5176855	0
Sphingomonas_melonis	SRR5176856	0
Sphingomonas_melonis	SRR5176857	0
Sphingomonas_melonis	SRR5176858	1
Sphingomonas_melonis	SRR5176859	0
Sphingomonas_melonis	SRR5176860	0
Sphingomonas_melonis	SRR5176861	2
Sphingomonas_melonis	SRR5176862	1
Sphingomonas_melonis	SRR5176863	1
Sphingomonas_melonis	SRR5176864	1
Sphingomonas_melonis	SRR5176865	0
Sphingomonas_melonis	SRR5176866	2
Sphingomonas_melonis	SRR5176867	1
Sphingomonas_melonis	SRR5176868	0
Sphingomonas_melonis	SRR5176869	0
Sphingomonas_melonis	SRR5176870	0
Sphingomonas_melonis	SRR5176871	0
Sphingomonas_melonis	SRR5176872	0
Sphingomonas_melonis	SRR5861974	NA
Sphingomonas_melonis	SRR5861975	NA
Sphingomonas_melonis	SRR5861976	NA
Sphingomonas_melonis	SRR5861977	NA
Sphingomonas_melonis	SRR5861978	NA
Sphingomonas_melonis	SRR5861979	NA
Sphingomonas_melonis	SRR5861980	NA
Sphingomonas_melonis	SRR5861981	NA
Sphingomonas_melonis	SRR5861982	NA
Sphingomonas_melonis	SRR5861983	NA
Sphingomonas_melonis	SRR5861984	NA
Sphingomonas_melonis	SRR5861985	NA
Sphingomonas_melonis	SRR5861986	NA
Sphingomonas_melonis	SRR5861987	NA
Sphingomonas_melonis	SRR5861988	NA
Sphingomonas_melonis	SRR5861989	NA
Sphingomonas_melonis	SRR5861990	NA
Sphingomonas_melonis	SRR5861991	NA
Sphingomonas_melonis	SRR5861992	NA
Sphingomonas_melonis	SRR5861993	NA
Sphingomonas_melonis	SRR5861994	NA
Sphingomonas_melonis	SRR5861995	NA
Sphingomonas_melonis	SRR5861996	NA
Sphingomonas_melonis	SRR5861997	NA
Sphingomonas_melonis	SRR5861998	NA
Sphingomonas_melonis	SRR5861999	NA
Sphingomonas_melonis	SRR5862000	NA
Sphingomonas_melonis	SRR5862001	NA
Sphingomonas_melonis	SRR5862002	NA
Sphingomonas_melonis	SRR5862003	NA
Sphingomonas_melonis	SRR5862004	NA
Sphingomonas_melonis	SRR5862005	NA
Sphingomonas_melonis	SRR5862006	NA
Sphingomonas_melonis	SRR5862007	NA
Sphingomonas_melonis	SRR5862008	NA
Sphingomonas_melonis	SRR5862009	NA
Sphingomonas_melonis	SRR5862010	NA
Sphingomonas_melonis	SRR5862011	NA
Sphingomonas_melonis	SRR5862012	NA
Sphingomonas_melonis	SRR5862013	NA
Sphingomonas_melonis	SRR5862014	NA
Sphingomonas_melonis	SRR5862015	NA
Sphingomonas_melonis	SRR5862016	NA
Sphingomonas_melonis	SRR5862017	NA
Sphingomonas_melonis	SRR5862018	NA
Sphingomonas_melonis	SRR5862019	NA
Sphingomonas_melonis	SRR5862020	NA
Sphingomonas_melonis	SRR5862021	NA
Sphingomonas_melonis	SRR5862022	NA
Sphingomonas_melonis	SRR5862023	NA
Sphingomonas_melonis	SRR5862024	NA
Sphingomonas_melonis	SRR5862025	NA
Sphingomonas_melonis	SRR5862026	NA
Sphingomonas_melonis	SRR5862027	NA
Sphingomonas_melonis	SRR5862028	NA
Sphingomonas_melonis	SRR5862029	NA
Sphingomonas_melonis	SRR5862030	NA
Sphingomonas_melonis	SRR5862031	NA
Sphingomonas_melonis	SRR5862032	NA
Sphingomonas_melonis	SRR5862033	NA
Sphingomonas_melonis	SRR5862034	NA
Sphingomonas_melonis	SRR5862035	NA
Sphingomonas_melonis	SRR5862036	NA
Sphingomonas_melonis	SRR5862037	NA
Sphingomonas_melonis	SRR5862038	NA
Sphingomonas_melonis	SRR5862039	NA
Sphingomonas_melonis	SRR5862040	NA
Sphingomonas_melonis	SRR5862041	NA
Sphingomonas_melonis	SRR5862042	NA
Sphingomonas_melonis	SRR5862043	NA
Sphingomonas_melonis	SRR5862044	NA
Sphingomonas_melonis	SRR5862045	NA
Sphingomonas_melonis	SRR5862046	NA
Sphingomonas_melonis	SRR5862047	NA
Sphingomonas_melonis	SRR5862048	NA
Sphingomonas_melonis	SRR5862049	NA
Sphingomonas_melonis	SRR5862050	NA
Sphingomonas_melonis	SRR5862051	NA
Sphingomonas_melonis	SRR5862052	NA
Sphingomonas_melonis	SRR5862053	NA
Sphingomonas_melonis	SRR5862054	NA
Sphingomonas_melonis	SRR5862055	NA
Sphingomonas_melonis	SRR5862056	NA
Sphingomonas_melonis	SRR5862057	NA
Sphingomonas_melonis	SRR5862058	NA
Sphingomonas_melonis	SRR5862059	NA
Sphingomonas_melonis	SRR5862060	NA
Sphingomonas_melonis	SRR5862061	NA
Sphingomonas_melonis	SRR5862062	NA
Sphingomonas_melonis	SRR5862063	NA
Sphingomonas_melonis	SRR5862064	NA
Sphingomonas_melonis	SRR5862065	NA
Sphingomonas_melonis	SRR5862066	NA
Sphingomonas_melonis	SRR5862067	NA
Sphingomonas_melonis	SRR5862068	NA
Sphingomonas_melonis	SRR5862069	NA
Sphingomonas_melonis	SRR5862070	NA
Sphingomonas_melonis	SRR5862071	NA
Sphingomonas_melonis	SRR5862072	NA
Sphingomonas_melonis	SRR5862073	NA
Sphingomonas_melonis	SRR5862074	NA
Sphingomonas_melonis	SRR5862075	NA
Sphingomonas_melonis	SRR5862076	NA
Sphingomonas_melonis	SRR5862077	NA
Sphingomonas_melonis	SRR5862078	NA
Sphingomonas_melonis	SRR5862079	NA
Sphingomonas_melonis	SRR5862080	NA
Sphingomonas_melonis	SRR5862081	NA
Sphingomonas_melonis	SRR5862082	NA
Sphingomonas_melonis	SRR5862083	NA
Sphingomonas_melonis	SRR5862084	NA
Sphingomonas_melonis	SRR5862085	NA
Sphingomonas_melonis	SRR5862086	NA
Sphingomonas_melonis	SRR5862087	NA
Sphingomonas_melonis	SRR5862088	NA
Sphingomonas_melonis	SRR5862089	NA
Sphingomonas_melonis	SRR5862090	NA
Sphingomonas_melonis	SRR5862091	NA
Sphingomonas_melonis	SRR5862092	NA
Sphingomonas_melonis	SRR5862093	NA
Sphingomonas_melonis	SRR5862094	NA
Sphingomonas_melonis	SRR5862095	NA
Sphingomonas_melonis	SRR5862096	NA
Sphingomonas_melonis	SRR5862097	NA
Sphingomonas_melonis	SRR5862098	NA
Sphingomonas_melonis	SRR5862099	NA
Sphingomonas_melonis	SRR5862100	NA
Sphingomonas_melonis	SRR5862101	NA
Sphingomonas_melonis	SRR5862102	NA
Sphingomonas_melonis	SRR5862103	NA
Sphingomonas_melonis	SRR5862104	NA
Sphingomonas_melonis	SRR5862105	NA
Sphingomonas_melonis	SRR5862106	NA
Sphingomonas_melonis	SRR5862107	NA
Sphingomonas_melonis	SRR5862108	NA
Sphingomonas_melonis	SRR5862109	NA
Sphingomonas_melonis	SRR5862110	NA
Sphingomonas_melonis	SRR5862111	NA
Sphingomonas_melonis	SRR5862112	NA
Sphingomonas_melonis	SRR5862113	NA
Sphingomonas_melonis	SRR5862114	NA
Sphingomonas_melonis	SRR5862115	NA
Sphingomonas_melonis	SRR5862116	NA
Sphingomonas_melonis	SRR5862117	NA
Sphingomonas_melonis	SRR5862118	NA
Sphingomonas_melonis	SRR5862119	NA
Sphingomonas_melonis	SRR5862120	NA
Sphingomonas_melonis	SRR5862121	NA
Sphingomonas_melonis	SRR5862122	NA
Sphingomonas_melonis	SRR5862123	NA
Sphingomonas_melonis	SRR5862124	NA
Sphingomonas_melonis	SRR5862125	NA
Sphingomonas_melonis	SRR5862126	NA
Sphingomonas_melonis	SRR5862127	NA
Sphingomonas_melonis	SRR5862128	NA
Sphingomonas_melonis	SRR5862129	NA
Sphingomonas_melonis	SRR5862130	NA
Sphingomonas_melonis	SRR5862131	NA
Sphingomonas_melonis	SRR5862132	NA
Sphingomonas_melonis	SRR5862133	NA
Sphingomonas_melonis	SRR5862134	NA
Sphingomonas_melonis	SRR5862135	NA
Sphingomonas_melonis	SRR5862136	NA
Sphingomonas_melonis	SRR5862137	NA
Sphingomonas_melonis	SRR5862138	NA
Sphingomonas_melonis	SRR5862139	NA
Sphingomonas_melonis	SRR5862140	NA
Sphingomonas_melonis	SRR5862141	NA
Sphingomonas_melonis	SRR5862142	NA
Sphingomonas_melonis	SRR5862143	NA
Sphingomonas_melonis	SRR5862144	NA
Sphingomonas_melonis	SRR5862145	NA
Sphingomonas_melonis	SRR5862146	NA
Sphingomonas_melonis	SRR5862147	NA
Sphingomonas_melonis	SRR5862148	NA
Sphingomonas_melonis	SRR5862149	NA
Sphingomonas_melonis	SRR5862150	NA
Sphingomonas_melonis	SRR5862151	NA
Sphingomonas_melonis	SRR5862152	NA
Sphingomonas_melonis	SRR5862153	NA
Sphingomonas_melonis	SRR5862154	NA
Sphingomonas_melonis	SRR5862155	NA
Sphingomonas_melonis	SRR5862156	NA
Sphingomonas_melonis	SRR5862157	NA
Sphingomonas_melonis	SRR5862158	NA
Sphingomonas_melonis	SRR5862159	NA
Sphingomonas_melonis	SRR5862160	NA
Sphingomonas_melonis	SRR5862161	NA
Sphingomonas_melonis	SRR5862162	NA
Sphingomonas_melonis	SRR5862163	NA
Sphingomonas_melonis	SRR5862164	NA
Sphingomonas_melonis	SRR5862165	NA
Sphingomonas_melonis	SRR5862166	NA
Sphingomonas_melonis	SRR5862167	NA
Sphingomonas_melonis	SRR5862168	NA
Sphingomonas_melonis	SRR5862169	NA
Sphingomonas_melonis	SRR5862170	NA
Sphingomonas_melonis	SRR5862171	NA
Sphingomonas_melonis	SRR5862172	NA
Sphingomonas_melonis	SRR5862173	NA
Sphingomonas_melonis	SRR5862174	NA
Sphingomonas_melonis	SRR5862175	NA
Sphingomonas_melonis	SRR5862176	NA
Sphingomonas_melonis	SRR5862177	NA
Sphingomonas_melonis	SRR5862178	NA
Sphingomonas_melonis	SRR5862179	NA
Sphingomonas_melonis	SRR5862180	NA
Sphingomonas_melonis	SRR5862181	NA
Sphingomonas_melonis	SRR5862182	NA
Sphingomonas_melonis	SRR5862183	NA
Sphingomonas_melonis	SRR5862184	NA
Sphingomonas_melonis	SRR5862185	NA
Sphingomonas_melonis	SRR5862186	NA
Sphingomonas_melonis	SRR5862187	NA
Sphingomonas_melonis	SRR5862188	NA
Sphingomonas_melonis	SRR5862189	NA
Sphingomonas_melonis	SRR5862190	NA
Sphingomonas_melonis	SRR5862191	NA
Sphingomonas_melonis	SRR5862192	NA
Sphingomonas_melonis	SRR5862193	NA
Sphingomonas_melonis	SRR5862194	NA
Sphingomonas_melonis	SRR5862195	NA
Sphingomonas_melonis	SRR5862196	NA
Sphingomonas_melonis	SRR5862197	NA
Sphingomonas_melonis	SRR5862198	NA
Sphingomonas_melonis	SRR5862199	NA
Sphingomonas_melonis	SRR5862200	NA
Sphingomonas_melonis	SRR5862201	NA
Sphingomonas_melonis	SRR5862202	NA
Sphingomonas_melonis	SRR5862203	NA
Sphingomonas_melonis	SRR5862204	NA
Sphingomonas_melonis	SRR5862205	NA
Sphingomonas_melonis	SRR5862206	NA
Sphingomonas_melonis	SRR5862207	NA
Sphingomonas_melonis	SRR5862208	NA
Sphingomonas_melonis	SRR5862209	NA
Sphingomonas_melonis	SRR5862210	NA
Sphingomonas_melonis	SRR5862211	NA
Sphingomonas_melonis	SRR5862212	NA
Sphingomonas_melonis	SRR5862213	NA
Sphingomonas_melonis	SRR5862214	NA
Sphingomonas_melonis	SRR5862215	NA
Sphingomonas_melonis	SRR5862216	NA
Sphingomonas_melonis	SRR5862217	NA
Sphingomonas_melonis	SRR5862218	NA
Sphingomonas_melonis	SRR5862219	NA
Sphingomonas_melonis	SRR5862220	NA
Sphingomonas_melonis	SRR5862221	NA
Sphingomonas_melonis	SRR5862222	NA
Sphingomonas_melonis	SRR5862223	NA
Sphingomonas_melonis	SRR5862224	NA
Sphingomonas_melonis	SRR5862225	NA
Sphingomonas_melonis	SRR5862226	NA
Sphingomonas_melonis	SRR5862227	NA
Sphingomonas_melonis	SRR5862228	NA
Sphingomonas_melonis	SRR5862229	NA
Sphingomonas_melonis	SRR5862230	NA
Sphingomonas_melonis	SRR5862231	NA
Sphingomonas_melonis	SRR5862232	NA
Sphingomonas_melonis	SRR5862233	NA
Sphingomonas_melonis	SRR5862234	NA
Sphingomonas_melonis	SRR5862235	NA
Sphingomonas_melonis	SRR5862236	NA
Sphingomonas_melonis	SRR5862237	NA
Sphingomonas_melonis	SRR5862238	NA
Sphingomonas_melonis	SRR5862239	NA
Sphingomonas_melonis	SRR5862240	NA
Sphingomonas_melonis	SRR5862241	NA
Sphingomonas_melonis	SRR5862242	NA
Sphingomonas_melonis	SRR5862243	NA
Sphingomonas_melonis	SRR5862244	NA
Sphingomonas_melonis	SRR5862245	NA
Sphingomonas_melonis	SRR5862246	NA
Sphingomonas_melonis	SRR5862247	NA
Sphingomonas_melonis	SRR5862248	NA
Sphingomonas_melonis	SRR5862249	NA
Sphingomonas_melonis	SRR5862250	NA
Sphingomonas_melonis	SRR5862251	NA
Sphingomonas_melonis	SRR5862252	NA
Sphingomonas_melonis	SRR5862253	NA
Sphingomonas_melonis	SRR5862254	NA
Sphingomonas_melonis	SRR5862255	NA
Sphingomonas_melonis	SRR5862256	NA
Sphingomonas_melonis	SRR5862257	NA
Sphingomonas_melonis	SRR5862258	NA
Sphingomonas_melonis	SRR5862259	NA
Sphingomonas_melonis	SRR5862260	NA
Sphingomonas_melonis	SRR5862261	NA
Sphingomonas_melonis	SRR5862262	NA
Sphingomonas_melonis	SRR5862263	NA
Sphingomonas_melonis	SRR5862264	NA
Sphingomonas_melonis	SRR5862265	NA
Sphingomonas_melonis	SRR5862266	NA
Sphingomonas_melonis	SRR5862267	NA
Sphingomonas_melonis	SRR5862268	NA
Sphingomonas_melonis	SRR5862269	NA
Sphingomonas_melonis	SRR5862270	NA
Sphingomonas_melonis	SRR5862271	NA
Sphingomonas_melonis	SRR5862272	NA
Sphingomonas_melonis	SRR5862273	NA
Sphingomonas_melonis	SRR5862274	NA
Sphingomonas_melonis	SRR5862275	NA
Sphingomonas_melonis	SRR5862276	NA
Sphingomonas_melonis	SRR5862277	NA
Sphingomonas_melonis	SRR5949109	0
Sphingomonas_melonis	SRR5949110	0
Sphingomonas_melonis	SRR5949111	0
Sphingomonas_melonis	SRR5949112	1
Sphingomonas_melonis	SRR5949113	18
Sphingomonas_melonis	SRR5949114	0
Sphingomonas_melonis	SRR5949115	16
Sphingomonas_melonis	SRR5949116	10
Sphingomonas_melonis	SRR5949117	0
Sphingomonas_melonis	SRR5949118	7
Sphingomonas_melonis	SRR5949119	2
Sphingomonas_melonis	SRR5949120	0
Sphingomonas_melonis	SRR5949121	1
Sphingomonas_melonis	SRR5949122	0
Sphingomonas_melonis	SRR5949123	0
Sphingomonas_melonis	SRR5949124	0
Sphingomonas_melonis	SRR5949125	0
Sphingomonas_melonis	SRR5949126	5
Sphingomonas_melonis	SRR5949127	2
Sphingomonas_melonis	SRR5949128	0
Sphingomonas_melonis	SRR5949129	0
Sphingomonas_melonis	SRR5949130	11
Sphingomonas_melonis	SRR5949131	1
Sphingomonas_melonis	SRR5949132	0
Sphingomonas_melonis	SRR5949133	0
Sphingomonas_melonis	SRR5949134	0
Sphingomonas_melonis	SRR5949135	1
Sphingomonas_melonis	SRR5949136	0
Sphingomonas_melonis	SRR5949137	2
Sphingomonas_melonis	SRR5949138	0
Sphingomonas_melonis	SRR5949139	37
Sphingomonas_melonis	SRR5949140	3
Sphingomonas_melonis	SRR5949141	0
Sphingomonas_melonis	SRR5949142	0
Sphingomonas_melonis	SRR5949143	0
Sphingomonas_melonis	SRR5949144	0
Sphingomonas_melonis	SRR5949145	20
Sphingomonas_melonis	SRR5949146	1
Sphingomonas_melonis	SRR5949147	1
Sphingomonas_melonis	SRR5949148	0
Sphingomonas_melonis	SRR5949149	0
Sphingomonas_melonis	SRR5949150	0
Sphingomonas_melonis	SRR5949151	0
Sphingomonas_melonis	SRR5949152	25
Sphingomonas_melonis	SRR5949153	0
Sphingomonas_melonis	SRR5949154	5
Sphingomonas_melonis	SRR5949155	0
Sphingomonas_melonis	SRR5949156	0
Sphingomonas_melonis	SRR5949157	3
Sphingomonas_melonis	SRR5949158	2
Sphingomonas_melonis	SRR5949159	8
Sphingomonas_melonis	SRR5949160	5
Sphingomonas_melonis	SRR5949161	3
Sphingomonas_melonis	SRR5949162	22
Sphingomonas_melonis	SRR5949163	0
Sphingomonas_melonis	SRR5949164	0
Sphingomonas_melonis	SRR5949165	0
Sphingomonas_melonis	SRR5949166	0
Sphingomonas_melonis	SRR5949167	2
Sphingomonas_melonis	SRR5949168	6
Sphingomonas_melonis	SRR5949169	6
Sphingomonas_melonis	SRR5949170	0
Sphingomonas_melonis	SRR5949171	0
Sphingomonas_melonis	SRR5949172	0
Sphingomonas_melonis	SRR5949173	0
Sphingomonas_melonis	SRR5949174	0
Sphingomonas_melonis	SRR5949175	0
Sphingomonas_melonis	SRR5949176	1
Sphingomonas_melonis	SRR5949177	0
Sphingomonas_melonis	SRR5949178	0
Sphingomonas_melonis	SRR5949179	0
Sphingomonas_melonis	SRR5949180	3
Sphingomonas_melonis	SRR5949181	0
Sphingomonas_melonis	SRR5949182	3
Sphingomonas_melonis	SRR5949183	1
Sphingomonas_melonis	SRR5949184	2
Sphingomonas_melonis	SRR5949185	0
Sphingomonas_melonis	SRR5949186	0
Sphingomonas_melonis	SRR5949187	3
Sphingomonas_melonis	SRR5949188	0
Sphingomonas_melonis	SRR5949189	0
Sphingomonas_melonis	SRR5949190	10
Sphingomonas_melonis	SRR5949191	5
Sphingomonas_melonis	SRR5949192	0
Sphingomonas_melonis	SRR5949193	5
Sphingomonas_melonis	SRR5949194	0
Sphingomonas_melonis	SRR5949195	0
Sphingomonas_melonis	SRR5949196	0
Sphingomonas_melonis	SRR5949197	5
Sphingomonas_melonis	SRR5949198	1
Sphingomonas_melonis	SRR5949199	0
Sphingomonas_melonis	SRR5949200	0
Sphingomonas_melonis	SRR5949201	2
Sphingomonas_melonis	SRR5949202	1
Sphingomonas_melonis	SRR5949203	15
Sphingomonas_melonis	SRR5949204	0
Sphingomonas_melonis	SRR5949205	0
Sphingomonas_melonis	SRR5949206	16
Sphingomonas_melonis	SRR5949207	0
Sphingomonas_melonis	SRR5949208	8
Sphingomonas_melonis	SRR5949209	0
Sphingomonas_melonis	SRR5949210	1
Sphingomonas_melonis	SRR5949211	0
Sphingomonas_melonis	SRR5949212	0
Sphingomonas_melonis	SRR5949213	0
Sphingomonas_melonis	SRR5949214	1
Sphingomonas_melonis	SRR5949215	1
Sphingomonas_melonis	SRR5949216	9
Sphingomonas_melonis	SRR5949217	2
Sphingomonas_melonis	SRR5949218	10
Sphingomonas_melonis	SRR5949219	3
Sphingomonas_melonis	SRR5949220	8
Sphingomonas_melonis	SRR5949221	77
Sphingomonas_melonis	SRR5949222	0
Sphingomonas_melonis	SRR5949223	0
Sphingomonas_melonis	SRR5949224	1
Sphingomonas_melonis	SRR5949225	0
Sphingomonas_melonis	SRR5949226	23
Sphingomonas_melonis	SRR5949227	0
Sphingomonas_melonis	SRR5949228	0
Sphingomonas_melonis	SRR5949229	0
Sphingomonas_melonis	SRR5949230	0
Sphingomonas_melonis	SRR5949231	12
Sphingomonas_melonis	SRR5949232	6
Sphingomonas_melonis	SRR5949233	6
Sphingomonas_melonis	SRR5949234	0
Sphingomonas_melonis	SRR5949235	0
Sphingomonas_melonis	SRR5949236	6
Sphingomonas_melonis	SRR5949237	0
Sphingomonas_melonis	SRR5949238	18
Sphingomonas_melonis	SRR5949239	3
Sphingomonas_melonis	SRR5949240	0
Sphingomonas_melonis	SRR5949241	0
Sphingomonas_melonis	SRR5949242	0
Sphingomonas_melonis	SRR5949243	6
Sphingomonas_melonis	SRR5949244	1
Sphingomonas_melonis	SRR5949245	0
Sphingomonas_melonis	SRR5949246	0
Sphingomonas_melonis	SRR5949247	9
Sphingomonas_melonis	SRR5949248	0
Sphingomonas_melonis	SRR5949249	5
Sphingomonas_melonis	SRR5949250	0
Sphingomonas_melonis	SRR5949251	3
Sphingomonas_melonis	SRR5949252	1
Sphingomonas_melonis	SRR5949253	0
Sphingomonas_melonis	SRR5949254	1
Sphingomonas_melonis	SRR5949255	0
Sphingomonas_melonis	SRR5949256	39
Sphingomonas_melonis	SRR5949257	3
Sphingomonas_melonis	SRR5949258	0
Sphingomonas_melonis	SRR5949259	0
Sphingomonas_melonis	SRR5949260	1
Sphingomonas_melonis	SRR5949261	0
Sphingomonas_melonis	SRR5949262	2
Sphingomonas_melonis	SRR5949263	0
Sphingomonas_melonis	SRR5949264	51
Sphingomonas_melonis	SRR5949265	2
Sphingomonas_melonis	SRR5949266	0
Sphingomonas_melonis	SRR5949267	0
Sphingomonas_melonis	SRR5949268	1
Sphingomonas_melonis	SRR5949269	2
Sphingomonas_melonis	SRR5949270	0
Sphingomonas_melonis	SRR5949271	0
Sphingomonas_melonis	SRR5949272	0
Sphingomonas_melonis	SRR5949273	0
Sphingomonas_melonis	SRR5949274	0
Sphingomonas_melonis	SRR5949275	0
Sphingomonas_melonis	SRR5949276	0
Sphingomonas_melonis	SRR5949277	0
Sphingomonas_melonis	SRR5949278	0
Sphingomonas_melonis	SRR5949279	0
Sphingomonas_melonis	SRR5949280	3
Sphingomonas_melonis	SRR5949281	11
Sphingomonas_melonis	SRR5949282	0
Sphingomonas_melonis	SRR5949283	0
Sphingomonas_melonis	SRR5949284	0
Sphingomonas_melonis	SRR5949285	8
Sphingomonas_melonis	SRR5949286	0
Sphingomonas_melonis	SRR5949287	0
Sphingomonas_melonis	SRR5949288	0
Sphingomonas_melonis	SRR5949289	0
Sphingomonas_melonis	SRR5949290	0
Sphingomonas_melonis	SRR5949291	14
Sphingomonas_melonis	SRR5949292	0
Sphingomonas_melonis	SRR5949293	0
Sphingomonas_melonis	SRR5949294	1
Sphingomonas_melonis	SRR5949295	46
Sphingomonas_melonis	SRR5949296	32
Sphingomonas_melonis	SRR5949297	2
Sphingomonas_melonis	SRR5949298	0
Sphingomonas_melonis	SRR5949299	6
Sphingomonas_melonis	SRR5949300	1
Sphingomonas_melonis	SRR5949301	0
Sphingomonas_melonis	SRR5949302	0
Sphingomonas_melonis	SRR5949303	1
Sphingomonas_melonis	SRR5949304	0
Sphingomonas_melonis	SRR5949305	0
Sphingomonas_melonis	SRR5949306	19
Sphingomonas_melonis	SRR5949307	2
Sphingomonas_melonis	SRR5949308	3
Sphingomonas_melonis	SRR5949309	2
Sphingomonas_melonis	SRR5949310	0
Sphingomonas_melonis	SRR5949311	0
Sphingomonas_melonis	SRR5949312	46
Sphingomonas_melonis	SRR5949313	4
Sphingomonas_melonis	SRR5949314	0
Sphingomonas_melonis	SRR5949315	0
Sphingomonas_melonis	SRR5949316	5
Sphingomonas_melonis	SRR5949317	58
Sphingomonas_melonis	SRR5949318	0
Sphingomonas_melonis	SRR5949319	0
Sphingomonas_melonis	SRR5949320	2
Sphingomonas_melonis	SRR5949321	1
Sphingomonas_melonis	SRR5949322	5
Sphingomonas_melonis	SRR5949323	0
Sphingomonas_melonis	SRR5949324	0
Sphingomonas_melonis	SRR5949325	10
Sphingomonas_melonis	SRR5949326	0
Sphingomonas_melonis	SRR5949327	4
Sphingomonas_melonis	SRR5949328	14
Sphingomonas_melonis	SRR5949329	17
Sphingomonas_melonis	SRR5949330	0
Sphingomonas_melonis	SRR5949331	0
Sphingomonas_melonis	SRR5949332	1
Sphingomonas_melonis	SRR5949333	3
Sphingomonas_melonis	SRR5949334	1
Sphingomonas_melonis	SRR5949335	2
Sphingomonas_melonis	SRR5949336	0
Sphingomonas_melonis	SRR5949337	0
Sphingomonas_melonis	SRR5949338	0
Sphingomonas_melonis	SRR5949339	1
Sphingomonas_melonis	SRR5949340	0
Sphingomonas_melonis	SRR5949341	28
Sphingomonas_melonis	SRR5949342	29
Sphingomonas_melonis	SRR5949343	2
Sphingomonas_melonis	SRR5949344	2
Sphingomonas_melonis	SRR5949345	0
Sphingomonas_melonis	SRR5949346	0
Sphingomonas_melonis	SRR5949347	41
Sphingomonas_melonis	SRR5949348	1
Sphingomonas_melonis	SRR5949349	0
Sphingomonas_melonis	SRR5949350	0
Sphingomonas_melonis	SRR5949351	1
Sphingomonas_melonis	SRR5949352	1
Sphingomonas_melonis	SRR5949353	0
Sphingomonas_melonis	SRR5949354	1
Sphingomonas_melonis	SRR5949355	16
Sphingomonas_melonis	SRR5949356	22
Sphingomonas_melonis	SRR5949357	0
Sphingomonas_melonis	SRR5949358	0
Sphingomonas_melonis	SRR5949359	1
Sphingomonas_melonis	SRR5949360	1
Sphingomonas_melonis	SRR5949361	10
Sphingomonas_melonis	SRR5949362	0
Sphingomonas_melonis	SRR5949363	0
Sphingomonas_melonis	SRR5949364	5
Sphingomonas_melonis	SRR5949365	5
Sphingomonas_melonis	SRR5949366	0
Sphingomonas_melonis	SRR5949367	0
Sphingomonas_melonis	SRR5949368	4
Sphingomonas_melonis	SRR5949369	12
Sphingomonas_melonis	SRR5949370	3
Sphingomonas_melonis	SRR5949371	0
Sphingomonas_melonis	SRR5949372	0
Sphingomonas_melonis	SRR5949373	0
Sphingomonas_melonis	SRR5949374	0
Sphingomonas_melonis	SRR5949375	3
Sphingomonas_melonis	SRR5949376	0
Sphingomonas_melonis	SRR5949377	0
Sphingomonas_melonis	SRR5949378	3
Sphingomonas_melonis	SRR5949379	20
Sphingomonas_melonis	SRR5949380	2
Sphingomonas_melonis	SRR5949381	0
Sphingomonas_melonis	SRR5949382	62
Sphingomonas_melonis	SRR5949383	0
Sphingomonas_melonis	SRR5949384	2
Sphingomonas_melonis	SRR5949385	2
Sphingomonas_melonis	SRR5949386	0
Sphingomonas_melonis	SRR5949387	0
Sphingomonas_melonis	SRR5949388	0
Sphingomonas_melonis	SRR5949389	0
Sphingomonas_melonis	SRR5949390	0
Sphingomonas_melonis	SRR5949391	0
Sphingomonas_melonis	SRR5949392	0
Sphingomonas_melonis	SRR5949393	0
Sphingomonas_melonis	SRR5949394	0
Sphingomonas_melonis	SRR5949395	0
Sphingomonas_melonis	SRR5949396	0
Sphingomonas_melonis	SRR5949397	0
Sphingomonas_melonis	SRR5949398	1
Sphingomonas_melonis	SRR5949399	0
Sphingomonas_melonis	SRR5949400	0
Sphingomonas_melonis	SRR5949401	0
Sphingomonas_melonis	SRR5949402	0
Sphingomonas_melonis	SRR5949403	0
Sphingomonas_melonis	SRR5949404	2
Sphingomonas_melonis	SRR5949405	0
Sphingomonas_melonis	SRR5949406	14
Sphingomonas_melonis	SRR5949407	0
Sphingomonas_melonis	SRR5949408	3
Sphingomonas_melonis	SRR5949409	2
Sphingomonas_melonis	SRR5949410	0
Sphingomonas_melonis	SRR5949411	2
Sphingomonas_melonis	SRR5949412	7
Sphingomonas_melonis	SRR5949413	0
Sphingomonas_melonis	SRR5949414	0
Sphingomonas_melonis	SRR5949415	20
Sphingomonas_melonis	SRR5949416	0
Sphingomonas_melonis	SRR5949417	0
Sphingomonas_melonis	SRR5949418	0
Sphingomonas_melonis	SRR5949419	12
Sphingomonas_melonis	SRR5949420	2
Sphingomonas_melonis	SRR5949421	4
Sphingomonas_melonis	SRR5949422	0
Sphingomonas_melonis	SRR5949423	0
Sphingomonas_melonis	SRR5949424	0
Sphingomonas_melonis	SRR5949425	0
Sphingomonas_melonis	SRR5949426	1
Sphingomonas_melonis	SRR5949427	0
Sphingomonas_melonis	SRR5949428	7
Sphingomonas_melonis	SRR5949429	0
Sphingomonas_melonis	SRR5949430	4
Sphingomonas_melonis	SRR5949431	0
Sphingomonas_melonis	SRR5949432	2
Sphingomonas_melonis	SRR5949433	0
Sphingomonas_melonis	SRR5949434	0
Sphingomonas_melonis	SRR5949435	0
Sphingomonas_melonis	SRR5949436	4
Sphingomonas_melonis	SRR5949437	1
Sphingomonas_melonis	SRR5949438	0
Sphingomonas_melonis	SRR5949439	0
Sphingomonas_melonis	SRR5949440	0
Sphingomonas_melonis	SRR5949441	0
Sphingomonas_melonis	SRR5949442	3
Sphingomonas_melonis	SRR5949443	1
Sphingomonas_melonis	SRR5949444	1
Sphingomonas_melonis	SRR5949445	0
Sphingomonas_melonis	SRR5949446	1
Sphingomonas_melonis	SRR5949447	3
Sphingomonas_melonis	SRR5949448	3
Sphingomonas_melonis	SRR5949449	0
Sphingomonas_melonis	SRR5949450	0
Sphingomonas_melonis	SRR5949451	0
Sphingomonas_melonis	SRR5949452	1
Sphingomonas_melonis	SRR5949453	0
Sphingomonas_melonis	SRR5949454	5
Sphingomonas_melonis	SRR5949455	1
Sphingomonas_melonis	SRR5949456	2
Sphingomonas_melonis	SRR5949457	0
Sphingomonas_melonis	SRR5949458	0
Sphingomonas_melonis	SRR5949459	3
Sphingomonas_melonis	SRR5949460	0
Sphingomonas_melonis	SRR5949461	13
Sphingomonas_melonis	SRR5949462	0
Sphingomonas_melonis	SRR5949463	0
Sphingomonas_melonis	SRR5949464	0
Sphingomonas_melonis	SRR5949465	47
Sphingomonas_melonis	SRR5949466	0
Sphingomonas_melonis	SRR5949467	0
Sphingomonas_melonis	SRR5949468	0
Sphingomonas_melonis	SRR5949469	0
Sphingomonas_melonis	SRR5949470	1
Sphingomonas_melonis	SRR5949471	1
Sphingomonas_melonis	SRR5949472	10
Sphingomonas_melonis	SRR5949473	27
Sphingomonas_melonis	SRR5949474	8
Sphingomonas_melonis	SRR5949475	0
Sphingomonas_melonis	SRR5949476	1
Sphingomonas_melonis	SRR5949477	13
Sphingomonas_melonis	SRR5949478	23
Sphingomonas_melonis	SRR5949479	1
Sphingomonas_melonis	SRR5949480	1
Sphingomonas_melonis	SRR5949481	102
Sphingomonas_melonis	SRR5949482	12
Sphingomonas_melonis	SRR5949483	0
Sphingomonas_melonis	SRR5949484	0
Sphingomonas_melonis	SRR5949485	0
Sphingomonas_melonis	SRR5949486	0
Sphingomonas_melonis	SRR5949487	0
Sphingomonas_melonis	SRR5949488	3
Sphingomonas_melonis	SRR5949489	2
Sphingomonas_melonis	SRR5949490	0
Sphingomonas_melonis	SRR5949491	30
Sphingomonas_melonis	SRR5949492	0
Sphingomonas_melonis	SRR5949493	4
Sphingomonas_melonis	SRR5949494	0
Sphingomonas_melonis	SRR5949495	0
Sphingomonas_melonis	SRR5949496	3
Sphingomonas_melonis	SRR5949497	0
Sphingomonas_melonis	SRR5949498	6
Sphingomonas_melonis	SRR5949499	5
Sphingomonas_melonis	SRR5949500	1
Sphingomonas_melonis	SRR5949501	221
Sphingomonas_melonis	SRR5949502	0
Sphingomonas_melonis	SRR5949503	1
Sphingomonas_melonis	SRR5949504	0
Sphingomonas_melonis	SRR5949505	1
Sphingomonas_melonis	SRR5949506	0
Sphingomonas_melonis	SRR5949507	0
Sphingomonas_melonis	SRR5949508	2
Sphingomonas_melonis	SRR5949509	1
Sphingomonas_melonis	SRR5949510	10
Sphingomonas_melonis	SRR5949511	0
Sphingomonas_melonis	SRR5949512	0
Sphingomonas_melonis	SRR5949513	0
Sphingomonas_melonis	SRR5949514	4
Sphingomonas_melonis	SRR5949515	0
Sphingomonas_melonis	SRR5949516	56
Sphingomonas_melonis	SRR5949517	0
Sphingomonas_melonis	SRR5949518	14
Sphingomonas_melonis	SRR5949519	2
Sphingomonas_melonis	SRR5949520	0
Sphingomonas_melonis	SRR5949521	18
Sphingomonas_melonis	SRR5949522	1
Sphingomonas_melonis	SRR5949523	0
Sphingomonas_melonis	SRR5949524	0
Sphingomonas_melonis	SRR5949525	0
Sphingomonas_melonis	SRR5949526	0
Sphingomonas_melonis	SRR5949527	0
Sphingomonas_melonis	SRR5949528	0
Sphingomonas_melonis	SRR5949529	53
Sphingomonas_melonis	SRR5949530	0
Sphingomonas_melonis	SRR5949531	0
Sphingomonas_melonis	SRR5949532	0
Sphingomonas_melonis	SRR5949533	0
Sphingomonas_melonis	SRR5949534	0
Sphingomonas_melonis	SRR5949535	0
Sphingomonas_melonis	SRR5949536	6
Sphingomonas_melonis	SRR5949537	3
Sphingomonas_melonis	SRR5949538	0
Sphingomonas_melonis	SRR5949539	0
Sphingomonas_melonis	SRR5949540	3
Sphingomonas_melonis	SRR5949541	0
Sphingomonas_melonis	SRR5949542	0
Sphingomonas_melonis	SRR5949543	159
Sphingomonas_melonis	SRR5949544	1
Sphingomonas_melonis	SRR5949545	5
Sphingomonas_melonis	SRR5949546	0
Sphingomonas_melonis	SRR5949547	0
Sphingomonas_melonis	SRR5949548	0
Sphingomonas_melonis	SRR5949549	28
Sphingomonas_melonis	SRR5949550	2
Sphingomonas_melonis	SRR5949551	5
Sphingomonas_melonis	SRR5949552	0
Sphingomonas_melonis	SRR5949553	13
Sphingomonas_melonis	SRR5949554	0
Sphingomonas_melonis	SRR5949555	12
Sphingomonas_melonis	SRR5949556	66
Sphingomonas_melonis	SRR5949557	9
Sphingomonas_melonis	SRR5949558	0
Sphingomonas_melonis	SRR5949559	1
Sphingomonas_melonis	SRR5949560	0
Sphingomonas_melonis	SRR5949561	104
Sphingomonas_melonis	SRR5949562	0
Sphingomonas_melonis	SRR5949563	0
Sphingomonas_melonis	SRR5949564	1
Sphingomonas_melonis	SRR5949565	1
Sphingomonas_melonis	SRR5949566	0
Sphingomonas_melonis	SRR5949567	11
Sphingomonas_melonis	SRR5949568	1
Sphingomonas_melonis	SRR5949569	0
Sphingomonas_melonis	SRR5949570	0
Sphingomonas_melonis	SRR5949571	0
Sphingomonas_melonis	SRR5949572	2
Sphingomonas_melonis	SRR5949573	34
Sphingomonas_melonis	SRR5949574	0
Sphingomonas_melonis	SRR5949575	0
Sphingomonas_melonis	SRR5949576	0
Sphingomonas_melonis	SRR5949577	0
Sphingomonas_melonis	SRR5949578	4
Sphingomonas_melonis	SRR5949579	7
Sphingomonas_melonis	SRR5949580	0
Sphingomonas_melonis	SRR5949581	18
Sphingomonas_melonis	SRR5949582	0
Sphingomonas_melonis	SRR5949583	12
Sphingomonas_melonis	SRR5949584	3
Sphingomonas_melonis	SRR5949585	0
Sphingomonas_melonis	SRR5949586	1
Sphingomonas_melonis	SRR5949587	132
Sphingomonas_melonis	SRR5949588	23
Sphingomonas_melonis	SRR5949589	0
Sphingomonas_melonis	SRR5949590	5
Sphingomonas_melonis	SRR5949591	0
Sphingomonas_melonis	SRR5949592	1
Sphingomonas_melonis	SRR5949593	3
Sphingomonas_melonis	SRR5949594	1
Sphingomonas_melonis	SRR5949595	24
Sphingomonas_melonis	SRR5949596	2
Sphingomonas_melonis	SRR5949597	0
Sphingomonas_melonis	SRR5949598	1
Sphingomonas_melonis	SRR5949599	3
Sphingomonas_melonis	SRR5949600	3
Sphingomonas_melonis	SRR5949601	5
Sphingomonas_melonis	SRR5949602	2
Sphingomonas_melonis	SRR5949603	5
Sphingomonas_melonis	SRR5949604	0
Sphingomonas_melonis	SRR5949605	5
Sphingomonas_melonis	SRR5949606	1
Sphingomonas_melonis	SRR5949607	12
Sphingomonas_melonis	SRR5949608	0
Sphingomonas_melonis	SRR5950246	0
Sphingomonas_melonis	SRR5950247	0
Sphingomonas_melonis	SRR5950248	0
Sphingomonas_melonis	SRR5950249	0
Sphingomonas_melonis	SRR5950250	0
Sphingomonas_melonis	SRR5950251	0
Sphingomonas_melonis	SRR5950252	0
Sphingomonas_melonis	SRR5950253	0
Sphingomonas_melonis	SRR5950254	31
Sphingomonas_melonis	SRR5950255	0
Sphingomonas_melonis	SRR5950256	3
Sphingomonas_melonis	SRR5950257	0
Sphingomonas_melonis	SRR5950258	0
Sphingomonas_melonis	SRR5950259	37
Sphingomonas_melonis	SRR5950260	8
Sphingomonas_melonis	SRR5950261	0
Sphingomonas_melonis	SRR5950262	16
Sphingomonas_melonis	SRR5950263	4
Sphingomonas_melonis	SRR5950264	0
Sphingomonas_melonis	SRR5950265	20
Sphingomonas_melonis	SRR5950266	0
Sphingomonas_melonis	SRR5950267	0
Sphingomonas_melonis	SRR5950268	0
Sphingomonas_melonis	SRR5950269	1
Sphingomonas_melonis	SRR5950270	1
Sphingomonas_melonis	SRR5950271	0
Sphingomonas_melonis	SRR5950272	1
Sphingomonas_melonis	SRR5950273	0
Sphingomonas_melonis	SRR5950274	78
Sphingomonas_melonis	SRR5950275	0
Sphingomonas_melonis	SRR5950276	19
Sphingomonas_melonis	SRR5950277	2
Sphingomonas_melonis	SRR5950278	3
Sphingomonas_melonis	SRR5950279	1
Sphingomonas_melonis	SRR5950280	0
Sphingomonas_melonis	SRR5950281	0
Sphingomonas_melonis	SRR5950282	0
Sphingomonas_melonis	SRR5950283	0
Sphingomonas_melonis	SRR5950284	0
Sphingomonas_melonis	SRR5950285	5
Sphingomonas_melonis	SRR5950286	8
Sphingomonas_melonis	SRR5950287	5
Sphingomonas_melonis	SRR5950288	59
Sphingomonas_melonis	SRR5950289	0
Sphingomonas_melonis	SRR5950290	0
Sphingomonas_melonis	SRR5950291	0
Sphingomonas_melonis	SRR5950292	0
Sphingomonas_melonis	SRR5950293	1
Sphingomonas_melonis	SRR5950294	6
Sphingomonas_melonis	SRR5950295	0
Sphingomonas_melonis	SRR5950296	1
Sphingomonas_melonis	SRR5950297	0
Sphingomonas_melonis	SRR5950298	14
Sphingomonas_melonis	SRR5950299	10
Sphingomonas_melonis	SRR5950300	1
Sphingomonas_melonis	SRR5950301	24
Sphingomonas_melonis	SRR5950302	1
Sphingomonas_melonis	SRR5950303	1
Sphingomonas_melonis	SRR5950304	5
Sphingomonas_melonis	SRR5950305	0
Sphingomonas_melonis	SRR5950306	6
Sphingomonas_melonis	SRR5950307	31
Sphingomonas_melonis	SRR5950308	0
Sphingomonas_melonis	SRR5950309	0
Sphingomonas_melonis	SRR5950310	0
Sphingomonas_melonis	SRR5950311	2
Sphingomonas_melonis	SRR5950312	0
Sphingomonas_melonis	SRR5950313	0
Sphingomonas_melonis	SRR5950314	2
Sphingomonas_melonis	SRR5950315	2
Sphingomonas_melonis	SRR5950316	0
Sphingomonas_melonis	SRR5950317	1
Sphingomonas_melonis	SRR5950318	37
Sphingomonas_melonis	SRR5950319	0
Sphingomonas_melonis	SRR5950320	3
Sphingomonas_melonis	SRR5950321	1
Sphingomonas_melonis	SRR5950322	0
Sphingomonas_melonis	SRR5950323	0
Sphingomonas_melonis	SRR5950324	0
Sphingomonas_melonis	SRR5950325	0
Sphingomonas_melonis	SRR5950326	1
Sphingomonas_melonis	SRR5950327	0
Sphingomonas_melonis	SRR5950328	0
Sphingomonas_melonis	SRR5950329	34
Sphingomonas_melonis	SRR5950330	0
Sphingomonas_melonis	SRR5950331	0
Sphingomonas_melonis	SRR5950332	1
Sphingomonas_melonis	SRR5950333	0
Sphingomonas_melonis	SRR5950334	5
Sphingomonas_melonis	SRR5950335	0
Sphingomonas_melonis	SRR5950336	4
Sphingomonas_melonis	SRR5950337	2
Sphingomonas_melonis	SRR5950338	2
Sphingomonas_melonis	SRR5950339	0
Sphingomonas_melonis	SRR5950340	2
Sphingomonas_melonis	SRR5950341	0
Sphingomonas_melonis	SRR5950342	0
Sphingomonas_melonis	SRR5950343	0
Sphingomonas_melonis	SRR5950344	0
Sphingomonas_melonis	SRR5950345	6
Sphingomonas_melonis	SRR5950346	4
Sphingomonas_melonis	SRR5950347	6
Sphingomonas_melonis	SRR5950348	0
Sphingomonas_melonis	SRR5950349	1
Sphingomonas_melonis	SRR5950350	1
Sphingomonas_melonis	SRR5950351	0
Sphingomonas_melonis	SRR5950352	0
Sphingomonas_melonis	SRR5950353	127
Sphingomonas_melonis	SRR5950354	0
Sphingomonas_melonis	SRR5950355	0
Sphingomonas_melonis	SRR5950356	0
Sphingomonas_melonis	SRR5950357	0
Sphingomonas_melonis	SRR5950358	1
Sphingomonas_melonis	SRR5950359	11
Sphingomonas_melonis	SRR5950360	17
Sphingomonas_melonis	SRR5950361	0
Sphingomonas_melonis	SRR5950362	17
Sphingomonas_melonis	SRR5950363	0
Sphingomonas_melonis	SRR5950364	2
Sphingomonas_melonis	SRR5950365	19
Sphingomonas_melonis	SRR5950366	1
Sphingomonas_melonis	SRR5950367	0
Sphingomonas_melonis	SRR5950368	0
Sphingomonas_melonis	SRR5950369	10
Sphingomonas_melonis	SRR5950370	9
Sphingomonas_melonis	SRR5950371	0
Sphingomonas_melonis	SRR5950372	0
Sphingomonas_melonis	SRR5950373	0
Sphingomonas_melonis	SRR5950374	0
Sphingomonas_melonis	SRR5950375	0
Sphingomonas_melonis	SRR5950376	0
Sphingomonas_melonis	SRR5950377	1
Sphingomonas_melonis	SRR5950378	0
Sphingomonas_melonis	SRR5950379	0
Sphingomonas_melonis	SRR5950380	104
Sphingomonas_melonis	SRR5950381	0
Sphingomonas_melonis	SRR5950382	1
Sphingomonas_melonis	SRR5950383	0
Sphingomonas_melonis	SRR5950384	0
Sphingomonas_melonis	SRR5950385	1
Sphingomonas_melonis	SRR5950386	17
Sphingomonas_melonis	SRR5950387	0
Sphingomonas_melonis	SRR5950388	0
Sphingomonas_melonis	SRR5950389	0
Sphingomonas_melonis	SRR5950390	7
Sphingomonas_melonis	SRR5950391	5
Sphingomonas_melonis	SRR5950392	0
Sphingomonas_melonis	SRR5950393	9
Sphingomonas_melonis	SRR5950394	2
Sphingomonas_melonis	SRR5950395	2
Sphingomonas_melonis	SRR5950396	0
Sphingomonas_melonis	SRR5950397	38
Sphingomonas_melonis	SRR5950398	2
Sphingomonas_melonis	SRR5950399	0
Sphingomonas_melonis	SRR5950400	0
Sphingomonas_melonis	SRR5950401	1
Sphingomonas_melonis	SRR5950402	0
Sphingomonas_melonis	SRR5950403	1
Sphingomonas_melonis	SRR5950404	3
Sphingomonas_melonis	SRR5950405	0
Sphingomonas_melonis	SRR5950406	0
Sphingomonas_melonis	SRR5950407	6
Sphingomonas_melonis	SRR5950408	8
Sphingomonas_melonis	SRR5950409	0
Sphingomonas_melonis	SRR5950410	0
Sphingomonas_melonis	SRR5950411	0
Sphingomonas_melonis	SRR5950412	0
Sphingomonas_melonis	SRR5950413	1
Sphingomonas_melonis	SRR5950414	22
Sphingomonas_melonis	SRR5950415	0
Sphingomonas_melonis	SRR5950416	0
Sphingomonas_melonis	SRR5950417	0
Sphingomonas_melonis	SRR5950418	0
Sphingomonas_melonis	SRR5950419	4
Sphingomonas_melonis	SRR5950420	1
Sphingomonas_melonis	SRR5950421	0
Sphingomonas_melonis	SRR5950422	0
Sphingomonas_melonis	SRR5950423	4
Sphingomonas_melonis	SRR5950424	0
Sphingomonas_melonis	SRR5950425	15
Sphingomonas_melonis	SRR5950426	0
Sphingomonas_melonis	SRR5950427	1
Sphingomonas_melonis	SRR5950428	0
Sphingomonas_melonis	SRR5950429	7
Sphingomonas_melonis	SRR5950430	86
Sphingomonas_melonis	SRR5950431	4
Sphingomonas_melonis	SRR5950432	1
Sphingomonas_melonis	SRR5950433	2
Sphingomonas_melonis	SRR5950434	0
Sphingomonas_melonis	SRR5950435	1
Sphingomonas_melonis	SRR5950436	3
Sphingomonas_melonis	SRR5950437	24
Sphingomonas_melonis	SRR5950438	0
Sphingomonas_melonis	SRR5950439	33
Sphingomonas_melonis	SRR5950440	20
Sphingomonas_melonis	SRR5950441	1
Sphingomonas_melonis	SRR5950442	0
Sphingomonas_melonis	SRR5950443	4
Sphingomonas_melonis	SRR5950444	7
Sphingomonas_melonis	SRR5950445	0
Sphingomonas_melonis	SRR5950446	0
Sphingomonas_melonis	SRR5950447	2
Sphingomonas_melonis	SRR5950448	2
Sphingomonas_melonis	SRR5950449	0
Sphingomonas_melonis	SRR5950450	0
Sphingomonas_melonis	SRR5950451	0
Sphingomonas_melonis	SRR5950452	0
Sphingomonas_melonis	SRR5950453	0
Sphingomonas_melonis	SRR5950454	0
Sphingomonas_melonis	SRR5950455	117
Sphingomonas_melonis	SRR5950456	1
Sphingomonas_melonis	SRR5950457	1
Sphingomonas_melonis	SRR5950458	60
Sphingomonas_melonis	SRR5950459	0
Sphingomonas_melonis	SRR5950460	14
Sphingomonas_melonis	SRR5950461	1
Sphingomonas_melonis	SRR5950462	0
Sphingomonas_melonis	SRR5950463	0
Sphingomonas_melonis	SRR5950464	3
Sphingomonas_melonis	SRR5950465	5
Sphingomonas_melonis	SRR5950466	95
Sphingomonas_melonis	SRR5950467	0
Sphingomonas_melonis	SRR5950468	0
Sphingomonas_melonis	SRR5950469	0
Sphingomonas_melonis	SRR5950470	0
Sphingomonas_melonis	SRR5963912	0
Sphingomonas_melonis	SRR5963913	0
Sphingomonas_melonis	SRR5963914	0
Sphingomonas_melonis	SRR5963915	0
Sphingomonas_melonis	SRR5963916	0
Sphingomonas_melonis	SRR5963917	0
Sphingomonas_melonis	SRR5963918	0
Sphingomonas_melonis	SRR5963919	4
Sphingomonas_melonis	SRR5963920	0
Sphingomonas_melonis	SRR5963921	0
Sphingomonas_melonis	SRR5963922	2
Sphingomonas_melonis	SRR5963923	0
Sphingomonas_melonis	SRR5963924	1
Sphingomonas_melonis	SRR5963925	0
Sphingomonas_melonis	SRR5963926	2
Sphingomonas_melonis	SRR5963927	3
Sphingomonas_melonis	SRR5963928	0
Sphingomonas_melonis	SRR5963929	1
Sphingomonas_melonis	SRR5963930	0
Sphingomonas_melonis	SRR5963931	2
Sphingomonas_melonis	SRR5963932	0
Sphingomonas_melonis	SRR5963933	0
Sphingomonas_melonis	SRR5963934	1
Sphingomonas_melonis	SRR5963935	4
Sphingomonas_melonis	SRR5963936	3
Sphingomonas_melonis	SRR5963937	1
Sphingomonas_melonis	SRR5963938	3
Sphingomonas_melonis	SRR5963939	0
Sphingomonas_melonis	SRR5963940	1
Sphingomonas_melonis	SRR5963941	0
Sphingomonas_melonis	SRR5963942	0
Sphingomonas_melonis	SRR5963943	1
Sphingomonas_melonis	SRR5963944	0
Sphingomonas_melonis	SRR5963945	2
Sphingomonas_melonis	SRR5963946	1
Sphingomonas_melonis	SRR5963947	25
Sphingomonas_melonis	SRR5963948	2
Sphingomonas_melonis	SRR6467548	NA
Sphingomonas_melonis	SRR6467549	NA
Sphingomonas_melonis	SRR6467550	NA
Sphingomonas_melonis	SRR6467551	NA
Sphingomonas_melonis	SRR6467552	NA
Sphingomonas_melonis	SRR6467553	NA
Sphingomonas_melonis	SRR6467554	NA
Sphingomonas_melonis	SRR6467555	NA
Sphingomonas_melonis	SRR6467556	NA
Sphingomonas_melonis	SRR6467557	NA
Sphingomonas_melonis	SRR6467558	NA
Sphingomonas_melonis	SRR6467559	NA
Sphingomonas_melonis	SRR6467560	NA
Sphingomonas_melonis	SRR6467561	NA
Sphingomonas_melonis	SRR6467562	NA
Sphingomonas_melonis	SRR6467563	NA
Sphingomonas_melonis	SRR6467564	NA
Sphingomonas_melonis	SRR6467565	NA
Sphingomonas_melonis	SRR6467566	NA
Sphingomonas_melonis	SRR6467567	NA
Sphingomonas_melonis	SRR6467568	NA
Sphingomonas_melonis	SRR6467569	NA
Sphingomonas_melonis	SRR6467570	NA
Sphingomonas_melonis	SRR6467571	NA
Sphingomonas_melonis	SRR6467572	NA
Sphingomonas_melonis	SRR6467573	NA
Sphingomonas_melonis	SRR6467574	NA
Sphingomonas_melonis	SRR6467575	NA
Sphingomonas_melonis	SRR6467576	NA
Sphingomonas_melonis	SRR6467577	NA
Sphingomonas_melonis	SRR6467578	NA
Sphingomonas_melonis	SRR6467579	NA
Sphingomonas_melonis	SRR6467580	NA
Sphingomonas_melonis	SRR6467581	NA
Sphingomonas_melonis	SRR6467582	NA
Sphingomonas_melonis	SRR6467583	NA
Sphingomonas_melonis	SRR6467584	NA
Sphingomonas_melonis	SRR6467585	NA
Sphingomonas_melonis	SRR6467586	NA
Sphingomonas_melonis	SRR6467587	NA
Sphingomonas_melonis	SRR6467588	NA
Sphingomonas_melonis	SRR6467589	NA
Sphingomonas_melonis	SRR6467590	NA
Sphingomonas_melonis	SRR6467591	NA
Sphingomonas_melonis	SRR6467592	NA
Sphingomonas_melonis	SRR6467593	NA
Sphingomonas_melonis	SRR6467594	NA
Sphingomonas_melonis	SRR6467595	NA
Sphingomonas_melonis	SRR6467596	NA
Sphingomonas_melonis	SRR6467597	NA
Sphingomonas_melonis	SRR6467598	NA
Sphingomonas_melonis	SRR6467599	NA
Sphingomonas_melonis	SRR6467600	NA
Sphingomonas_melonis	SRR6467601	NA
Sphingomonas_melonis	SRR6467602	NA
Sphingomonas_melonis	SRR6467603	NA
Sphingomonas_melonis	SRR6467604	NA
Sphingomonas_melonis	SRR6467605	NA
Sphingomonas_melonis	SRR6467606	NA
Sphingomonas_melonis	SRR6467607	NA
Sphingomonas_melonis	SRR6467608	NA
Sphingomonas_melonis	SRR6467609	NA
Sphingomonas_melonis	SRR6467610	NA
Sphingomonas_melonis	SRR6467611	NA
Sphingomonas_melonis	SRR6467612	NA
Sphingomonas_melonis	SRR6467613	NA
Sphingomonas_melonis	SRR6467614	NA
Sphingomonas_melonis	SRR6467615	NA
Sphingomonas_melonis	SRR6467616	NA
Sphingomonas_melonis	SRR6467617	NA
Sphingomonas_melonis	SRR6467618	NA
Sphingomonas_melonis	SRR6467619	NA
Sphingomonas_melonis	SRR6467620	NA
Sphingomonas_melonis	SRR6467621	NA
Sphingomonas_melonis	SRR6467622	NA
Sphingomonas_melonis	SRR6467623	NA
Sphingomonas_melonis	SRR6467624	NA
Sphingomonas_melonis	SRR6467625	NA
Sphingomonas_melonis	SRR6467626	NA
Sphingomonas_melonis	SRR6467627	NA
Sphingomonas_melonis	SRR6467628	NA
Sphingomonas_melonis	SRR6467629	NA
Sphingomonas_melonis	SRR6467630	NA
Sphingomonas_melonis	SRR6467631	NA
Sphingomonas_melonis	SRR6467632	NA
Sphingomonas_melonis	SRR6467633	NA
Sphingomonas_melonis	SRR6467634	NA
Sphingomonas_melonis	SRR6467635	NA
Sphingomonas_melonis	SRR6467636	NA
Sphingomonas_melonis	SRR6467637	NA
Sphingomonas_melonis	SRR6467638	NA
Sphingomonas_melonis	SRR6467639	NA
Sphingomonas_melonis	SRR6467640	NA
Sphingomonas_melonis	SRR6467641	NA
Sphingomonas_melonis	SRR6467642	NA
Sphingomonas_melonis	SRR6467643	NA
Sphingomonas_melonis	SRR6467644	NA
Sphingomonas_melonis	SRR6467645	NA
Sphingomonas_melonis	SRR6467646	NA
Sphingomonas_melonis	SRR6467647	NA
Sphingomonas_melonis	SRR6467648	NA
Sphingomonas_melonis	SRR6467649	NA
Sphingomonas_melonis	SRR6467650	NA
Sphingomonas_melonis	SRR6467651	NA
Sphingomonas_melonis	SRR6467652	NA
Sphingomonas_melonis	SRR6467653	NA
Sphingomonas_melonis	SRR6467654	NA
Sphingomonas_melonis	SRR6467655	NA
Sphingomonas_melonis	SRR6467656	NA
Sphingomonas_melonis	SRR6467657	NA
Sphingomonas_melonis	SRR6467658	NA
Sphingomonas_melonis	SRR6467659	NA
Sphingomonas_melonis	SRR6467660	NA
Sphingomonas_melonis	SRR6467661	NA
Sphingomonas_melonis	SRR6467662	NA
Sphingomonas_melonis	SRR6467663	NA
Sphingomonas_melonis	SRR6467664	NA
Sphingomonas_melonis	SRR6467665	NA
Sphingomonas_melonis	SRR6467666	NA
Sphingomonas_melonis	SRR6467667	NA
Sphingomonas_melonis	SRR6467668	NA
Sphingomonas_melonis	SRR6467669	NA
Sphingomonas_melonis	SRR6467670	NA
Sphingomonas_melonis	SRR6467671	NA
Sphingomonas_melonis	SRR6467672	NA
Sphingomonas_melonis	SRR6467673	NA
Sphingomonas_melonis	SRR6467674	NA
Sphingomonas_melonis	SRR6467675	NA
Sphingomonas_melonis	SRR6467676	NA
Sphingomonas_melonis	SRR6467677	NA
Sphingomonas_melonis	SRR6467678	NA
Sphingomonas_melonis	SRR6467679	NA
Sphingomonas_melonis	SRR6467680	NA
Sphingomonas_melonis	SRR6467681	NA
Sphingomonas_melonis	SRR6467682	NA
Sphingomonas_melonis	SRR6467683	NA
Sphingomonas_melonis	SRR6467684	NA
Sphingomonas_melonis	SRR6467685	NA
Sphingomonas_melonis	SRR6467686	NA
Sphingomonas_melonis	SRR6467687	NA
Sphingomonas_melonis	SRR6467688	NA
Sphingomonas_melonis	SRR6467689	NA
Sphingomonas_melonis	SRR6467690	NA
Sphingomonas_melonis	SRR6467691	NA
Sphingomonas_melonis	SRR6467692	NA
Sphingomonas_melonis	SRR6467693	NA
Sphingomonas_melonis	SRR6467694	NA
Sphingomonas_melonis	SRR6467695	NA
Sphingomonas_melonis	SRR6467696	NA
Sphingomonas_melonis	SRR6467697	NA
Sphingomonas_melonis	SRR6467698	NA
Sphingomonas_melonis	SRR6467699	NA
Sphingomonas_melonis	SRR6467700	NA
Sphingomonas_melonis	SRR6467701	NA
Sphingomonas_melonis	SRR6467702	NA
Sphingomonas_melonis	SRR6467703	NA
Sphingomonas_melonis	SRR6467704	NA
Sphingomonas_melonis	SRR6467705	NA
Sphingomonas_melonis	SRR6467706	NA
Sphingomonas_melonis	SRR6467707	NA
Sphingomonas_melonis	SRR6467708	NA
Sphingomonas_melonis	SRR6467709	NA
Sphingomonas_melonis	SRR6467710	NA
Sphingomonas_melonis	SRR6467711	NA
Sphingomonas_melonis	SRR6467712	NA
Sphingomonas_melonis	SRR6467713	NA
Sphingomonas_melonis	SRR6467714	NA
Sphingomonas_melonis	SRR6467715	NA
Sphingomonas_melonis	SRR6467716	NA
Sphingomonas_melonis	SRR6467717	NA
Sphingomonas_melonis	SRR6467718	NA
Sphingomonas_melonis	SRR6467719	NA
Sphingomonas_melonis	SRR6467720	NA
Sphingomonas_melonis	SRR6467721	NA
Sphingomonas_melonis	SRR6467722	NA
Sphingomonas_melonis	SRR6467723	NA
Sphingomonas_melonis	SRR6467724	NA
Sphingomonas_melonis	SRR6467725	NA
Sphingomonas_melonis	SRR6467726	NA
Sphingomonas_melonis	SRR6467727	NA
Sphingomonas_melonis	SRR6467728	NA
Sphingomonas_melonis	SRR6467729	NA
Sphingomonas_melonis	SRR6467730	NA
Sphingomonas_melonis	SRR6467731	NA
Sphingomonas_melonis	SRR6467732	NA
Sphingomonas_melonis	SRR6467733	NA
Sphingomonas_melonis	SRR6467734	NA
Sphingomonas_melonis	SRR6467735	NA
Sphingomonas_melonis	SRR6467736	NA
Sphingomonas_melonis	SRR6467737	NA
Sphingomonas_melonis	SRR6467738	NA
Sphingomonas_melonis	SRR6467739	NA
Sphingomonas_melonis	SRR6467740	NA
Sphingomonas_melonis	SRR6467741	NA
Sphingomonas_melonis	SRR6467742	NA
Sphingomonas_melonis	SRR6467743	NA
Sphingomonas_melonis	SRR6467744	NA
Sphingomonas_melonis	SRR6467745	NA
Sphingomonas_melonis	SRR6467746	NA
Sphingomonas_melonis	SRR6467747	NA
Sphingomonas_melonis	SRR6467748	NA
Sphingomonas_melonis	SRR6467749	NA
Sphingomonas_melonis	SRR6467750	NA
Sphingomonas_melonis	SRR6467751	NA
Sphingomonas_melonis	SRR6467752	NA
Sphingomonas_melonis	SRR6467753	NA
Sphingomonas_melonis	SRR6467754	NA
Sphingomonas_melonis	SRR6467755	NA
Sphingomonas_melonis	SRR6467756	NA
Sphingomonas_melonis	SRR6467757	NA
Sphingomonas_melonis	SRR6467758	NA
Sphingomonas_melonis	SRR6467759	NA
Sphingomonas_melonis	SRR6467760	NA
Sphingomonas_melonis	SRR6467761	NA
Sphingomonas_melonis	SRR6467762	NA
Sphingomonas_melonis	SRR6467763	NA
Sphingomonas_melonis	SRR6467764	NA
Sphingomonas_melonis	SRR6467765	NA
Sphingomonas_melonis	SRR6467766	NA
Sphingomonas_melonis	SRR6467767	NA
Sphingomonas_melonis	SRR6467768	NA
Sphingomonas_melonis	SRR6467769	NA
Sphingomonas_melonis	SRR6467770	NA
Sphingomonas_melonis	SRR6467771	NA
Sphingomonas_melonis	SRR6467772	NA
Sphingomonas_melonis	SRR6467773	NA
Sphingomonas_melonis	SRR6868540	NA
Sphingomonas_melonis	SRR6868541	NA
Sphingomonas_melonis	SRR6868542	NA
Sphingomonas_melonis	SRR6868543	NA
Sphingomonas_melonis	SRR6868544	NA
Sphingomonas_melonis	SRR6868545	NA
Sphingomonas_melonis	SRR6868546	NA
Sphingomonas_melonis	SRR6868557	NA
Sphingomonas_melonis	SRR6868558	NA
Sphingomonas_melonis	SRR6868559	NA
Sphingomonas_melonis	SRR6868560	NA
Sphingomonas_melonis	SRR6868569	NA
Sphingomonas_melonis	SRR6868570	NA
Sphingomonas_melonis	SRR6868571	NA
Sphingomonas_melonis	SRR6868572	NA
Sphingomonas_melonis	SRR6868573	NA
Sphingomonas_melonis	SRR6868574	NA
Sphingomonas_melonis	SRR6868575	NA
Sphingomonas_melonis	SRR6868576	NA
Sphingomonas_melonis	SRR6868577	NA
Sphingomonas_melonis	SRR6868578	NA
Sphingomonas_melonis	SRR6868579	NA
Sphingomonas_melonis	SRR6868580	NA
Sphingomonas_melonis	SRR6868581	NA
Sphingomonas_melonis	SRR6868582	NA
Sphingomonas_melonis	SRR6868585	NA
Sphingomonas_melonis	SRR6868586	NA
Sphingomonas_melonis	SRR6868587	NA
Sphingomonas_melonis	SRR6868588	NA
Sphingomonas_melonis	SRR6868589	NA
Sphingomonas_melonis	SRR6868590	NA
Sphingomonas_melonis	SRR6868591	NA
Sphingomonas_melonis	SRR6868604	NA
Sphingomonas_melonis	SRR6868605	NA
Sphingomonas_melonis	SRR6868606	NA
Sphingomonas_melonis	SRR6868607	NA
Sphingomonas_melonis	SRR6868608	NA
Sphingomonas_melonis	SRR6868609	NA
Sphingomonas_melonis	SRR6868610	NA
Sphingomonas_melonis	SRR6868620	NA
Sphingomonas_melonis	SRR6868621	NA
Sphingomonas_melonis	SRR6868622	NA
Sphingomonas_melonis	SRR6868623	NA
Sphingomonas_melonis	SRR6868636	NA
Sphingomonas_melonis	SRR6868637	NA
Sphingomonas_melonis	SRR6868638	NA
Sphingomonas_melonis	SRR6868639	NA
Sphingomonas_melonis	SRR6868650	NA
Sphingomonas_melonis	SRR6868651	NA
Sphingomonas_melonis	SRR6868652	NA
Sphingomonas_melonis	SRR6868653	NA
Sphingomonas_melonis	SRR6868654	NA
Sphingomonas_melonis	SRR6868655	NA
Sphingomonas_melonis	SRR6868665	NA
Sphingomonas_melonis	SRR6868666	NA
Sphingomonas_melonis	SRR6868667	NA
Sphingomonas_melonis	SRR6868668	NA
Sphingomonas_melonis	SRR6868669	NA
Sphingomonas_melonis	SRR6868670	NA
Sphingomonas_melonis	SRR6868671	NA
Sphingomonas_melonis	SRR6868683	NA
Sphingomonas_melonis	SRR6868684	NA
Sphingomonas_melonis	SRR6868685	NA
Sphingomonas_melonis	SRR6868686	NA
Sphingomonas_melonis	SRR6868687	NA
Sphingomonas_melonis	SRR6868688	NA
Sphingomonas_melonis	SRR6868689	NA
Sphingomonas_melonis	SRR6868698	NA
Sphingomonas_melonis	SRR6868699	NA
Sphingomonas_melonis	SRR6868700	NA
Sphingomonas_melonis	SRR6868701	NA
Sphingomonas_melonis	SRR6868702	NA
Sphingomonas_melonis	SRR6868713	NA
Sphingomonas_melonis	SRR6868714	NA
Sphingomonas_melonis	SRR6868715	NA
Sphingomonas_melonis	SRR6868716	NA
Sphingomonas_melonis	SRR6868717	NA
Sphingomonas_melonis	SRR6868718	NA
Sphingomonas_melonis	SRR6868719	NA
Sphingomonas_melonis	SRR6868720	NA
Sphingomonas_melonis	SRR6868721	NA
Sphingomonas_melonis	SRR6868722	NA
Sphingomonas_melonis	SRR6868723	NA
Sphingomonas_melonis	SRR6868724	NA
Sphingomonas_melonis	SRR6868725	NA
Sphingomonas_melonis	SRR6868726	NA
Sphingomonas_melonis	SRR6868741	NA
Sphingomonas_melonis	SRR7632756	NA
Sphingomonas_melonis	SRR7632757	NA
Sphingomonas_melonis	SRR7632758	NA
Sphingomonas_melonis	SRR7632759	NA
Sphingomonas_melonis	SRR7632760	NA
Sphingomonas_melonis	SRR7632761	NA
Sphingomonas_melonis	SRR7632762	NA
Sphingomonas_melonis	SRR7632763	NA
Sphingomonas_melonis	SRR7632764	NA
Sphingomonas_melonis	SRR7632765	NA
Sphingomonas_melonis	SRR7632766	NA
Sphingomonas_melonis	SRR7632767	NA
Sphingomonas_melonis	SRR7632768	NA
Sphingomonas_melonis	SRR7632769	NA
Sphingomonas_melonis	SRR7632770	NA
Sphingomonas_melonis	SRR7632771	NA
Sphingomonas_melonis	SRR7632772	NA
Sphingomonas_melonis	SRR7632773	NA
Sphingomonas_melonis	SRR7632774	NA
Sphingomonas_melonis	SRR7632775	NA
Sphingomonas_melonis	SRR7632776	NA
Sphingomonas_melonis	SRR7632777	NA
Sphingomonas_melonis	SRR7632778	NA
Sphingomonas_melonis	SRR7632779	NA
Sphingomonas_melonis	SRR7632780	NA
Sphingomonas_melonis	SRR7632781	NA
Sphingomonas_melonis	SRR7632782	NA
Sphingomonas_melonis	SRR7632783	NA
Sphingomonas_melonis	SRR7632784	NA
Sphingomonas_melonis	SRR7632785	NA
Sphingomonas_melonis	SRR7632786	NA
Sphingomonas_melonis	SRR7632787	NA
Sphingomonas_melonis	SRR7632788	NA
Sphingomonas_melonis	SRR7632789	NA
Sphingomonas_melonis	SRR7632790	NA
Sphingomonas_melonis	SRR7632791	NA
Sphingomonas_melonis	SRR7632792	NA
Sphingomonas_melonis	SRR7632793	NA
Sphingomonas_melonis	SRR7632794	NA
Sphingomonas_melonis	SRR7632795	NA
Sphingomonas_melonis	SRR7632796	NA
Sphingomonas_melonis	SRR7632797	NA
Sphingomonas_melonis	SRR7632798	NA
Sphingomonas_melonis	SRR7632799	NA
Sphingomonas_melonis	SRR7632800	NA
Sphingomonas_melonis	SRR7632801	NA
Sphingomonas_melonis	SRR7632802	NA
Sphingomonas_melonis	SRR7632803	NA
Sphingomonas_melonis	SRR7632804	NA
Sphingomonas_melonis	SRR7632805	NA
Sphingomonas_melonis	SRR7632806	NA
Sphingomonas_melonis	SRR7632807	NA
Sphingomonas_melonis	SRR7632808	NA
Sphingomonas_melonis	SRR7632809	NA
Sphingomonas_melonis	SRR7632810	NA
Sphingomonas_melonis	SRR7632811	NA
Sphingomonas_melonis	SRR7632812	NA
Sphingomonas_melonis	SRR7632813	NA
Sphingomonas_melonis	SRR7632814	NA
Sphingomonas_melonis	SRR7632815	NA
Sphingomonas_melonis	SRR7632816	NA
Sphingomonas_melonis	SRR7632817	NA
Sphingomonas_melonis	SRR7632818	NA
Sphingomonas_melonis	SRR7632819	NA
Sphingomonas_melonis	SRR7632820	NA
Sphingomonas_melonis	SRR7632821	NA
Sphingomonas_melonis	SRR7632822	NA
Sphingomonas_melonis	SRR7632823	NA
Sphingomonas_melonis	SRR7632824	NA
Sphingomonas_melonis	SRR7632825	NA
Sphingomonas_melonis	SRR7632826	NA
Sphingomonas_melonis	SRR7632827	NA
Sphingomonas_melonis	SRR7632828	NA
Sphingomonas_melonis	SRR7632829	NA
Sphingomonas_melonis	SRR7632830	NA
Sphingomonas_melonis	SRR7632831	NA
Sphingomonas_melonis	SRR7632832	NA
Sphingomonas_melonis	SRR7632833	NA
Sphingomonas_melonis	SRR7632834	NA
Sphingomonas_melonis	SRR7632835	NA
Sphingomonas_melonis	SRR7632836	NA
Sphingomonas_melonis	SRR7632837	NA
Sphingomonas_melonis	SRR7632838	NA
Sphingomonas_melonis	SRR7632839	NA
Sphingomonas_melonis	SRR7632840	NA
Sphingomonas_melonis	SRR7632841	NA
Sphingomonas_melonis	SRR7632842	NA
Sphingomonas_melonis	SRR7632843	NA
Sphingomonas_melonis	SRR7632844	NA
Sphingomonas_melonis	SRR7632845	NA
Sphingomonas_melonis	SRR7632846	NA
Sphingomonas_melonis	SRR7632847	NA
Sphingomonas_melonis	SRR7632848	NA
Sphingomonas_melonis	SRR7632849	NA
Sphingomonas_melonis	SRR7632850	NA
Sphingomonas_melonis	SRR7632851	NA
Sphingomonas_melonis	SRR7632852	NA
Sphingomonas_melonis	SRR7632853	NA
Sphingomonas_melonis	SRR7632854	NA
Sphingomonas_melonis	SRR7632855	NA
Sphingomonas_melonis	SRR7632856	NA
Sphingomonas_melonis	SRR7632857	NA
Sphingomonas_melonis	SRR7632858	NA
Sphingomonas_melonis	SRR7632859	NA
Sphingomonas_melonis	SRR7632860	NA
Sphingomonas_melonis	SRR7632861	NA
Sphingomonas_melonis	SRR7632862	NA
Sphingomonas_melonis	SRR7632863	NA
Sphingomonas_melonis	SRR7632864	NA
Sphingomonas_melonis	SRR7632865	NA
Sphingomonas_melonis	SRR7632866	NA
Sphingomonas_melonis	SRR7632867	NA
Sphingomonas_melonis	SRR7632868	NA
Sphingomonas_melonis	SRR7632869	NA
Sphingomonas_melonis	SRR7632870	NA
Sphingomonas_melonis	SRR7632871	NA
Sphingomonas_melonis	SRR7632872	NA
Sphingomonas_melonis	SRR7632873	NA
Sphingomonas_melonis	SRR7632874	NA
Sphingomonas_melonis	SRR7632875	NA
Sphingomonas_melonis	SRR7632876	NA
Sphingomonas_melonis	SRR7632877	NA
Sphingomonas_melonis	SRR7632878	NA
Sphingomonas_melonis	SRR7632879	NA
Sphingomonas_melonis	SRR7632880	NA
Sphingomonas_melonis	SRR7632881	NA
Sphingomonas_melonis	SRR7632882	NA
Sphingomonas_melonis	SRR7632883	NA
Sphingomonas_melonis	SRR7632884	NA
Sphingomonas_melonis	SRR7632885	NA
Sphingomonas_melonis	SRR7632886	NA
Sphingomonas_melonis	SRR7632887	NA
Sphingomonas_melonis	SRR7632888	NA
Sphingomonas_melonis	SRR7632889	NA
Sphingomonas_melonis	SRR7632890	NA
Sphingomonas_melonis	SRR7632891	NA
Sphingomonas_melonis	SRR7632892	NA
Sphingomonas_melonis	SRR7632893	NA
Sphingomonas_melonis	SRR7632894	NA
Sphingomonas_melonis	SRR7632895	NA
Sphingomonas_melonis	SRR7632896	NA
Sphingomonas_melonis	SRR7632897	NA
Sphingomonas_melonis	SRR7632898	NA
Sphingomonas_melonis	SRR7632899	NA
Sphingomonas_melonis	SRR7632900	NA
Sphingomonas_melonis	SRR7632901	NA
Sphingomonas_melonis	SRR7632902	NA
Sphingomonas_melonis	SRR7632903	NA
Sphingomonas_melonis	SRR7632904	NA
Sphingomonas_melonis	SRR7632905	NA
Sphingomonas_melonis	SRR7632906	NA
Sphingomonas_melonis	SRR7632907	NA
Sphingomonas_melonis	SRR7632908	NA
Sphingomonas_melonis	SRR7632909	NA
Sphingomonas_melonis	SRR7632910	NA
Sphingomonas_melonis	SRR7632911	NA
Sphingomonas_melonis	SRR7632912	NA
Sphingomonas_melonis	SRR7632913	NA
Sphingomonas_melonis	SRR7632914	NA
Sphingomonas_melonis	SRR7632915	NA
Sphingomonas_melonis	SRR7632916	NA
Sphingomonas_melonis	SRR7632917	NA
Sphingomonas_melonis	SRR7632918	NA
Sphingomonas_melonis	SRR7632919	NA
Sphingomonas_melonis	SRR7632920	NA
Sphingomonas_melonis	SRR7632921	NA
Sphingomonas_melonis	SRR7632922	NA
Sphingomonas_melonis	SRR7632923	NA
Sphingomonas_melonis	SRR7632924	NA
Sphingomonas_melonis	SRR7632925	NA
Sphingomonas_melonis	SRR7632926	NA
Sphingomonas_melonis	SRR7632927	NA
Sphingomonas_melonis	SRR7632928	NA
Sphingomonas_melonis	SRR7632929	NA
Sphingomonas_melonis	SRR7632930	NA
Sphingomonas_melonis	SRR7632931	NA
Sphingomonas_melonis	SRR7632932	NA
Sphingomonas_melonis	SRR7632933	NA
Sphingomonas_melonis	SRR7632934	NA
Sphingomonas_melonis	SRR7632935	NA
Sphingomonas_melonis	SRR7632936	NA
Sphingomonas_melonis	SRR7632937	NA
Sphingomonas_melonis	SRR7632938	NA
Sphingomonas_melonis	SRR7632939	NA
Sphingomonas_melonis	SRR7632940	NA
Sphingomonas_melonis	SRR7632941	NA
Sphingomonas_melonis	SRR7632942	NA
Sphingomonas_melonis	SRR7632943	NA
Sphingomonas_melonis	SRR7632944	NA
Sphingomonas_melonis	SRR7632945	NA
Sphingomonas_melonis	SRR8928966	NA
Sphingomonas_melonis	SRR8928967	NA
Sphingomonas_melonis	SRR8928968	NA
Sphingomonas_melonis	SRR8928969	NA
Sphingomonas_melonis	SRR8928970	NA
Sphingomonas_melonis	SRR8928971	NA
Sphingomonas_melonis	SRR8928972	NA
Sphingomonas_melonis	SRR8928973	NA
Sphingomonas_melonis	SRR8928974	NA
Sphingomonas_melonis	SRR8928975	NA
Sphingomonas_melonis	SRR8928976	NA
Sphingomonas_melonis	SRR8928977	NA
Sphingomonas_melonis	SRR8928978	NA
Sphingomonas_melonis	SRR8928979	NA
Sphingomonas_melonis	SRR8928980	NA
Sphingomonas_melonis	SRR8928981	NA
Sphingomonas_melonis	SRR8928982	NA
Sphingomonas_melonis	SRR8928983	NA
Sphingomonas_melonis	SRR8928984	NA
Sphingomonas_melonis	SRR8928985	NA
Sphingomonas_melonis	SRR8928986	NA
Sphingomonas_melonis	SRR8928987	NA
Sphingomonas_melonis	SRR8928988	NA
Sphingomonas_melonis	SRR8928989	NA
Sphingomonas_melonis	SRR8928990	NA
Sphingomonas_melonis	SRR8928991	NA
Sphingomonas_melonis	SRR9835604	NA
Sphingomonas_melonis	SRR9835605	NA
Sphingomonas_melonis	SRR9835606	NA
Sphingomonas_melonis	SRR9835607	NA
Sphingomonas_melonis	SRR9835608	NA
Sphingomonas_melonis	SRR9835609	NA
Sphingomonas_melonis	SRR9835610	NA
Sphingomonas_melonis	SRR9835611	NA
Sphingomonas_melonis	SRR9835612	NA
Sphingomonas_melonis	SRR9835613	NA
Sphingomonas_melonis	SRR9835614	NA
Sphingomonas_melonis	SRR9835615	NA
Sphingomonas_melonis	SRR9835616	NA
Sphingomonas_melonis	SRR9835617	NA
Sphingomonas_melonis	SRR9835618	NA
Sphingomonas_melonis	SRR9835619	NA
Sphingomonas_melonis	SRR9835620	NA
Sphingomonas_melonis	SRR9835621	NA
Sphingomonas_melonis	SRR9835622	NA
Sphingomonas_melonis	SRR9835623	NA
Sphingomonas_melonis	SRR9835624	NA
Sphingomonas_melonis	SRR9835625	NA
Sphingomonas_melonis	SRR9835626	NA
Sphingomonas_melonis	SRR9835627	NA
Sphingomonas_melonis	SRR9835628	NA
Sphingomonas_melonis	SRR9835629	NA
Sphingomonas_melonis	SRR9835630	NA
Sphingomonas_melonis	SRR9835631	NA
Sphingomonas_melonis	SRR9835632	NA
Sphingomonas_melonis	SRR9835633	NA
Sphingomonas_melonis	SRR9835634	NA
Sphingomonas_melonis	SRR9835635	NA
Sphingomonas_melonis	SRR9835636	NA
Sphingomonas_melonis	SRR9835637	NA
Sphingomonas_melonis	SRR9835638	NA
Sphingomonas_melonis	SRR9835639	NA
Sphingomonas_melonis	SRR9835640	NA
Sphingomonas_melonis	SRR9835641	NA
Sphingomonas_melonis	SRR9835642	NA
Sphingomonas_melonis	SRR9835643	NA
Sphingomonas_melonis	SRR9835644	NA
Sphingomonas_melonis	SRR9835645	NA
Sphingomonas_melonis	SRR9835646	NA
Sphingomonas_melonis	SRR9835647	NA
Sphingomonas_melonis	SRR9835648	NA
Sphingomonas_melonis	SRR9835649	NA
Sphingomonas_melonis	SRR9835650	NA
Sphingomonas_melonis	SRR9835651	NA
Sphingomonas_melonis	SRR9835652	NA
Sphingomonas_melonis	SRR9835653	NA
Sphingomonas_melonis	SRR9835654	NA
Sphingomonas_melonis	SRR9835655	NA
Sphingomonas_melonis	SRR9835656	NA
Sphingomonas_melonis	SRR9835657	NA
Sphingomonas_melonis	SRR9835658	NA
Sphingomonas_melonis	SRR9835659	NA
Sphingomonas_melonis	SRR9835660	NA
Sphingomonas_melonis	SRR9835661	NA
Sphingomonas_melonis	SRR9835662	NA
Sphingomonas_melonis	SRR9835663	NA
Sphingomonas_melonis	SRR9835664	NA
Sphingomonas_melonis	SRR9835665	NA
Sphingomonas_melonis	SRR9835666	NA
Sphingomonas_melonis	SRR9835667	NA
Sphingomonas_melonis	SRR9835668	NA
Sphingomonas_melonis	SRR9835669	NA
Sphingomonas_melonis	SRR9835670	NA
Sphingomonas_melonis	SRR9835671	NA
Sphingomonas_melonis	SRR9835672	NA
Sphingomonas_melonis	SRR9835673	NA
Sphingomonas_melonis	SRR9835674	NA
Sphingomonas_melonis	SRR9835675	NA
Sphingomonas_melonis	SRR9835676	NA
Sphingomonas_melonis	SRR9835677	NA
Sphingomonas_melonis	SRR9835678	NA
Sphingomonas_melonis	SRR9835679	NA
Sphingomonas_melonis	SRR9835680	NA
Sphingomonas_melonis	SRR9835681	NA
Sphingomonas_melonis	SRR9835682	NA
Sphingomonas_melonis	SRR9835683	NA
Sphingomonas_melonis	SRR9835684	NA
Sphingomonas_melonis	SRR9835685	NA
Sphingomonas_melonis	SRR9835686	NA
Sphingomonas_melonis	SRR9835687	NA
Sphingomonas_melonis	SRR9835688	NA
Sphingomonas_melonis	SRR9835689	NA
Sphingomonas_melonis	SRR9835690	NA
Sphingomonas_melonis	SRR9835691	NA
Sphingomonas_melonis	SRR9835692	NA
Sphingomonas_melonis	SRR9835693	NA
Sphingomonas_melonis	SRR9835694	NA
Sphingomonas_melonis	SRR9835695	NA
Sphingomonas_melonis	SRR9835696	NA
Sphingomonas_melonis	SRR9835697	NA
Sphingomonas_melonis	SRR9835698	NA
Sphingomonas_melonis	SRR9835699	NA
Sphingomonas_melonis	SRR9835700	NA
Sphingomonas_melonis	SRR9835701	NA
Sphingomonas_melonis	SRR9835702	NA
Sphingomonas_melonis	SRR9835703	NA
Sphingomonas_melonis	SRR9835704	NA
Sphingomonas_melonis	SRR9835705	NA
Sphingomonas_melonis	SRR9835706	NA
Sphingomonas_melonis	SRR9835707	NA
Sphingomonas_melonis	SRR9835708	NA
Sphingomonas_melonis	SRR9835709	NA
Sphingomonas_melonis	SRR9835710	NA
Sphingomonas_melonis	SRR9835711	NA
Sphingomonas_melonis	SRR9835712	NA
Sphingomonas_melonis	SRR9835713	NA
Sphingomonas_melonis	SRR9835714	NA
Sphingomonas_melonis	SRR9835715	NA
Sphingomonas_melonis	SRR9835716	NA
Sphingomonas_melonis	SRR9835717	NA
Sphingomonas_melonis	SRR9835718	NA
Sphingomonas_melonis	SRR9835719	NA
Sphingomonas_melonis	SRR9835720	NA
Sphingomonas_melonis	SRR9835721	NA
Sphingomonas_melonis	SRR9835722	NA
Sphingomonas_melonis	SRR9835723	NA
Sphingomonas_melonis	SRR9835724	NA
Sphingomonas_melonis	SRR9835725	NA
Sphingomonas_melonis	SRR9835726	NA
Sphingomonas_melonis	SRR9835727	NA
Sphingomonas_melonis	SRR9835728	NA
Sphingomonas_melonis	SRR9835729	NA
Sphingomonas_melonis	SRR9835730	NA
Sphingomonas_melonis	SRR9835731	NA
Sphingomonas_melonis	SRR9835732	NA
Sphingomonas_melonis	SRR9835733	NA
Sphingomonas_melonis	SRR9835734	NA
Sphingomonas_melonis	SRR9835735	NA
Sphingomonas_melonis	SRR9835736	NA
Sphingomonas_melonis	SRR9835737	NA
Sphingomonas_melonis	SRR9835738	NA
Sphingomonas_melonis	SRR9835739	NA
Sphingomonas_melonis	SRR9835740	NA
Sphingomonas_melonis	SRR9835741	NA
Sphingomonas_melonis	SRR9835742	NA
Sphingomonas_melonis	SRR9835743	NA
Sphingomonas_melonis	SRR9835744	NA
Sphingomonas_melonis	SRR9835745	NA
Sphingomonas_melonis	SRR9835746	NA
Sphingomonas_melonis	SRR9835747	NA
Sphingomonas_melonis	SRR9835748	NA
Sphingomonas_melonis	SRR9835749	NA
Sphingomonas_melonis	SRR9835750	NA
Sphingomonas_melonis	SRR9835751	NA
Sphingomonas_melonis	SRR9835752	NA
Sphingomonas_melonis	SRR9835753	NA
Sphingomonas_melonis	SRR9835754	NA
Sphingomonas_melonis	SRR9835755	NA
Sphingomonas_melonis	SRR9835756	NA
Sphingomonas_melonis	SRR9835757	NA
Sphingomonas_melonis	SRR9835758	NA
Sphingomonas_melonis	SRR9835759	NA
Sphingomonas_melonis	SRR9835760	NA
Sphingomonas_melonis	SRR9835761	NA
Sphingomonas_melonis	SRR9835762	NA
Sphingomonas_melonis	SRR9835763	NA
Sphingomonas_melonis	SRR9835764	NA
Sphingomonas_melonis	SRR9835765	NA
Sphingomonas_melonis	SRR9835766	NA
Sphingomonas_melonis	SRR9835767	NA
Sphingomonas_melonis	SRR9835768	NA
Sphingomonas_melonis	SRR9835769	NA
Sphingomonas_melonis	SRR9835770	NA
Sphingomonas_melonis	SRR9835771	NA
Sphingomonas_melonis	SRR9835772	NA
Sphingomonas_melonis	SRR9835773	NA
Sphingomonas_melonis	SRR9835774	NA
Sphingomonas_melonis	SRR9835775	NA
Sphingomonas_melonis	SRR9835776	NA
Sphingomonas_melonis	SRR9835777	NA
Sphingomonas_melonis	SRR9835778	NA
Sphingomonas_melonis	SRR9835779	NA
Sphingomonas_melonis	SRR9835780	NA
Sphingomonas_melonis	SRR9835781	NA
Sphingomonas_melonis	SRR9835782	NA
Sphingomonas_melonis	SRR9835783	NA
Sphingomonas_melonis	SRR9835784	NA
Sphingomonas_melonis	SRR9835785	NA
Sphingomonas_melonis	SRR9835786	NA
Sphingomonas_melonis	SRR9835787	NA
Sphingomonas_melonis	SRR9835788	NA
Sphingomonas_melonis	SRR9835789	NA
Sphingomonas_melonis	SRR9835790	NA
Sphingomonas_melonis	SRR9835791	NA
Sphingomonas_melonis	SRR9835792	NA
Sphingomonas_melonis	SRR9835793	NA
Sphingomonas_melonis	SRR9835794	NA
Sphingomonas_melonis	SRR9835795	NA
Sphingomonas_melonis	SRR9835796	NA
Sphingomonas_melonis	SRR9835797	NA
Sphingomonas_melonis	SRR9835798	NA
Sphingomonas_melonis	SRR9835799	NA
Sphingomonas_melonis	SRR9835800	NA
Sphingomonas_melonis	SRR9835801	NA
Sphingomonas_melonis	SRR9835802	NA
Sphingomonas_melonis	SRR9867812	20
Sphingomonas_melonis	SRR9867813	0
Sphingomonas_melonis	SRR9867814	0
Sphingomonas_melonis	SRR9867815	2
Sphingomonas_melonis	SRR9867816	20
Sphingomonas_melonis	SRR9867817	52
Sphingomonas_melonis	SRR9867818	3
Sphingomonas_melonis	SRR9867819	114
Sphingomonas_melonis	SRR9867820	4
Sphingomonas_melonis	SRR9867821	5
Sphingomonas_melonis	SRR9867822	12
Sphingomonas_melonis	SRR9867823	4
Sphingomonas_melonis	SRR9867824	8
Sphingomonas_melonis	SRR9867825	0
Sphingomonas_melonis	SRR9867826	4
Sphingomonas_melonis	SRR9867827	0
Sphingomonas_melonis	SRR9867828	40
Sphingomonas_melonis	SRR9867829	0
Sphingomonas_melonis	SRR9867830	18
Sphingomonas_melonis	SRR9867831	0
Sphingomonas_melonis	SRR9879292	NA
Sphingomonas_melonis	SRR9879293	NA
Sphingomonas_melonis	SRR9879294	NA
Sphingomonas_melonis	SRR9879295	NA
Sphingomonas_melonis	SRR9879296	NA
Sphingomonas_melonis	SRR9879297	NA
Sphingomonas_melonis	SRR9879298	NA
Sphingomonas_melonis	SRR9879299	NA
Sphingomonas_melonis	SRR9879300	NA
Sphingomonas_melonis	SRR9879301	NA
Sphingomonas_melonis	SRR9879302	NA
Sphingomonas_melonis	SRR9879303	NA
Sphingomonas_melonis	SRR9879304	NA
Sphingomonas_melonis	SRR9879305	NA
Sphingomonas_melonis	SRR9879306	NA
Sphingomonas_melonis	SRR9879307	NA
Sphingomonas_melonis	SRR9879308	NA
Sphingomonas_melonis	SRR9879309	NA
Sphingomonas_melonis	T50_307	64
Sphingomonas_melonis	T50_313	36
Sphingomonas_melonis	T50_317	199
Sphingomonas_melonis	T50_324	87
Sphingomonas_melonis	T50_427	9
Sphingomonas_melonis	T50_428	8
Sphingomonas_melonis	T50_431	14
Sphingomonas_melonis	T50_436	18
Sphingomonas_melonis	T50_476	26
Sphingomonas_melonis	UN_307	47
Sphingomonas_melonis	UN_313	18
Sphingomonas_melonis	UN_317	80
Sphingomonas_melonis	UN_323	73
Sphingomonas_melonis	UN_324	69
Sphingomonas_melonis	UN_427	20
Sphingomonas_melonis	UN_428	39
Sphingomonas_melonis	UN_431	27
Sphingomonas_melonis	UN_436	12
Sphingomonas_melonis	UN_476	2
