Feature	sample	counts
Acholeplasma_oculi	CM317	0.29219172341621685
Acholeplasma_oculi	CMCD140	0.28285951270728227
Acholeplasma_oculi	CMCD147	0.07666540653827547
Acholeplasma_oculi	CMCD152	1.2543405549084177
Acholeplasma_oculi	CMCD154	0.5744472067461617
Acholeplasma_oculi	CMCD159	0.06420023944758944
Acholeplasma_oculi	CMCD161	1.1492536054189197
Acholeplasma_oculi	CMCD174	0.04463655390316499
Acholeplasma_oculi	CMCD196	1.105569770871789
Acholeplasma_oculi	CMCD198	0.4165524291864715
Acholeplasma_oculi	CMCD203	0.5370398934050172
Acholeplasma_oculi	CMCD211	1.1740700653077196
Acholeplasma_oculi	CMCD227	1.254584612393825
Acholeplasma_oculi	CMCD240	1.2450819982281849
Acholeplasma_oculi	CMCD259	1.2348476240940158
Acholeplasma_oculi	CMCD270	1.2212485655848873
Acholeplasma_oculi	CMCD275	0.2709002307125098
Acholeplasma_oculi	CMCD282	1.0105904281458868
Acholeplasma_oculi	CMCD286	1.2579314529084173
Acholeplasma_oculi	CMCD287	1.2547604986293959
Acholeplasma_oculi	CMCD294	0.44976069553729375
Acholeplasma_oculi	CMCD327	1.037968579635008
Acholeplasma_oculi	CMCD335	0.5708740731695409
Acholeplasma_oculi	CMCD337	1.041893613106485
Acholeplasma_oculi	CMCD357	0.7947843114272378
Acholeplasma_oculi	CMCD398	1.0703422574695847
Acholeplasma_oculi	CMCD403	0.4485390484575728
Acholeplasma_oculi	CMCD422	1.0913308317423123
Acholeplasma_oculi	CMCD426	1.0110378270852087
Acholeplasma_oculi	CMCD71	1.0583101220749935
Acholeplasma_oculi	CMCD72	0.24188450635284683
Acholeplasma_oculi	CMCD76	1.1462235320233831
Acholeplasma_oculi	CMCD88	1.2239557140655961
Acholeplasma_oculi	CMSA256	1.2349498834315344
Acholeplasma_oculi	CMSA316	0.31414644036989425
Acholeplasma_oculi	CMUC110	1.2625745715208956
Acholeplasma_oculi	CMUC192	1.1793181722205324
Acholeplasma_oculi	CMUC199	1.0274884622655986
Acholeplasma_oculi	CMUC200	1.227219088600506
Acholeplasma_oculi	CMUC208	3.0935914800507933
Acholeplasma_oculi	CMUC231	1.2349498834315344
Acholeplasma_oculi	CMUC234	1.2676718562975933
Acholeplasma_oculi	CMUC285	1.2328302805306746
Acholeplasma_oculi	CMUC291	1.2276579964460468
Acholeplasma_oculi	CMUC295	1.161258544350776
Acholeplasma_oculi	CMUC299	1.2768196385987194
Acholeplasma_oculi	CMUC301	1.255400967187306
Acholeplasma_oculi	CMUC307	1.189897190719974
Acholeplasma_oculi	CMUC313	0.1588957392487965
Acholeplasma_oculi	CMUC314	0.38968013426960857
Acholeplasma_oculi	CMUC323	0.41013084093897245
Acholeplasma_oculi	CMUC324	1.0662355004167046
Acholeplasma_oculi	CMUC331	0.9634555538907174
Acholeplasma_oculi	CMUC333	0.6567277474580434
Acholeplasma_oculi	CMUC334	1.0051112809282055
Acholeplasma_oculi	CMUC346	0.26826340649339375
Acholeplasma_oculi	CMUC352	0.6124619952266
Acholeplasma_oculi	CMUC360	0.3821021834124819
Acholeplasma_oculi	CMUC363	0.43424698722458527
Acholeplasma_oculi	CMUC365	0.47757430428517306
Acholeplasma_oculi	CMUC366	1.030440619042891
Acholeplasma_oculi	CMUC368	1.0606050887152505
Acholeplasma_oculi	CMUC377	0.7361611573396979
Acholeplasma_oculi	CMUC379	0.16061306060288869
Acholeplasma_oculi	CMUC380	0.7641154547752208
Acholeplasma_oculi	CMUC383	0.2828348986251321
Acholeplasma_oculi	CMUC394	0.23835313966783211
Acholeplasma_oculi	CMUC419	0.23625276040122828
Acholeplasma_oculi	CMUC427	2.2920646083185696
Acholeplasma_oculi	CMUC428	1.0690259297743245
Acholeplasma_oculi	CMUC431	1.0951166246958384
Acholeplasma_oculi	CMUC435	0.7767367719601955
Acholeplasma_oculi	CMUC439	1.0902268931620824
Acholeplasma_oculi	CMUC89	1.2362886415966772
Acholeplasma_oculi	CS219	1.1600013501580453
Acholeplasma_oculi	CS256	1.2567251485578759
Acholeplasma_oculi	CS257	0.13402028275828182
Acholeplasma_oculi	CS259	1.1709106740339585
Acholeplasma_oculi	CS261	0.5062577378179246
Acholeplasma_oculi	CS266	0.1667999409076325
Acholeplasma_oculi	CS270	0.5839288158042332
Acholeplasma_oculi	CS277	0.20604810693277956
Acholeplasma_oculi	CS288	0.2632024452074535
Acholeplasma_oculi	CS290	1.155781100264946
Acholeplasma_oculi	CS292	2.3282441710700748
Acholeplasma_oculi	CS293	0.40940594772482786
Acholeplasma_oculi	CS301	0.33522724589008224
Acholeplasma_oculi	CS306	0.3029265297506203
Acholeplasma_oculi	CS308	1.0463790299353843
Acholeplasma_oculi	CS315	0.3105141027266835
Acholeplasma_oculi	CS317	0.05921962939419199
Acholeplasma_oculi	CS322	0.7107960608084105
Acholeplasma_oculi	CS327	0.701156360233683
Acholeplasma_oculi	CS328	0.11644913690110263
Acholeplasma_oculi	CS330	0.04896737292804183
Acholeplasma_oculi	CS331	0.1590968490025704
Acholeplasma_oculi	CS335	0.22391259290872442
Acholeplasma_oculi	CS338	0.6012793871520479
Acholeplasma_oculi	CS339	1.1310608836624043
Acholeplasma_oculi	CS343	1.7681870865948215
Acholeplasma_oculi	CS344	1.0170094043580735
Acholeplasma_oculi	CS350	0.10912558954316715
Acholeplasma_oculi	CS351	0.5283004917439506
Acholeplasma_oculi	CS361	1.0857200856573577
Acholeplasma_oculi	CS388	0.5167660961468028
Acholeplasma_oculi	CS396	1.102092006476012
Acholeplasma_oculi	CS405	1.0527288346126829
Acholeplasma_oculi	CS415	0.17361813989208716
Acholeplasma_oculi	CS424	0.2274328173397172
Acholeplasma_oculi	IM293	1.1289022182802304
Acholeplasma_oculi	IM296	0.07915303968734379
Acholeplasma_oculi	IM297	0.42237771082058184
Acholeplasma_oculi	IM300	1.2182968475560507
Acholeplasma_oculi	IM305	1.0065130822606403
Acholeplasma_oculi	IM309	0.15745049462457164
Acholeplasma_oculi	IM310	0.4780244448163766
Acholeplasma_oculi	IM311	0.23850756324109315
Acholeplasma_oculi	IM316	0.42428304594026284
Acholeplasma_oculi	IM320	0.5674767706053856
Acholeplasma_oculi	IM330	0.5155985800084656
Acholeplasma_oculi	IM332	0.16275870722375338
Acholeplasma_oculi	IM340	0.059660012114871853
Acholeplasma_oculi	IM348	1.0565405863883177
Acholeplasma_oculi	IM354	1.1687419103599639
Acholeplasma_oculi	IM356	0.27489981039154254
Acholeplasma_oculi	IM364	0.4050661484428923
Acholeplasma_oculi	IM372	0.3876442250974244
Acholeplasma_oculi	IM374	0.06517185482956747
Acholeplasma_oculi	IM376	0.4114941496434293
Acholeplasma_oculi	IM381	0.28554150690794916
Acholeplasma_oculi	IM382	0.2591234035559545
Acholeplasma_oculi	IM385	1.2588732062842571
Acholeplasma_oculi	IM390	0.1667514777430136
Acholeplasma_oculi	IM397	0.6194762278667671
Acholeplasma_oculi	IM404	1.0855292251152537
Acholeplasma_oculi	IM409	1.0184497042244391
Acholeplasma_oculi	IM412	0.3651570483830274
Acholeplasma_oculi	IM421	0.6075921748374012
Acholeplasma_oculi	IM425	0.07773168558664185
Acholeplasma_oculi	IM432	0.5051687860401528
Acholeplasma_oculi	IM438	1.1787640385621727
Acholeplasma_oculi	IM442	0.8245414785044531
Acholeplasma_oculi	IM445	0.7264283183905975
Acholeplasma_oculi	IM448	0.15141398994914135
Acholeplasma_oculi	IM449	0.9039826134091075
Acholeplasma_oculi	IM451	1.0315189805657066
Acholeplasma_oculi	IMSA256	1.3268077656506534
Acholeplasma_oculi	IMSA276	1.2009459450239315
Acholeplasma_oculi	IMSA286	1.24747498194623
Acholeplasma_oculi	IMSA343	0.21493045804595268
Acholeplasma_oculi	IS_238	1.2543405549084177
Acholeplasma_oculi	IS238	0.6453108688026432
Acholeplasma_oculi	IS243	1.219833517293767
Acholeplasma_oculi	IS253	1.2533434159200771
Acholeplasma_oculi	IS283	1.135803562302272
Acholeplasma_oculi	IS322	0.4319147795810043
Acholeplasma_oculi	IS399	1.0737696431162256
Acholeplasma_oculi	IS418	0.41614015044691166
Acholeplasma_oculi	IS430	1.051201135456003
Acholeplasma_oculi	IS437	1.0147787430539674
Acholeplasma_oculi	IS444	1.0324740632883367
Acholeplasma_oculi	R276CMSA	1.2532575406880793
Acholeplasma_oculi	R286CMSA	1.2706266228833678
Acholeplasma_oculi	R292CMSA	1.1203296235272626
Acholeplasma_oculi	R292IMSA	0.0733973967270509
Acholeplasma_oculi	R308CMSA	0.5745553993989979
Acholeplasma_oculi	R316IMSA	0.5878165329149254
Acholeplasma_oculi	R347CMSA	0.21959752003709665
Acholeplasma_oculi	R347IMSA	0.6183621090328191
Acholeplasma_oculi	R371CMSA	0.5678221082233558
Acholeplasma_oculi	SRR10104064	NA
Acholeplasma_oculi	SRR10104065	NA
Acholeplasma_oculi	SRR10104066	NA
Acholeplasma_oculi	SRR10104067	NA
Acholeplasma_oculi	SRR10104068	NA
Acholeplasma_oculi	SRR10104069	NA
Acholeplasma_oculi	SRR10104070	NA
Acholeplasma_oculi	SRR10104071	NA
Acholeplasma_oculi	SRR10104072	NA
Acholeplasma_oculi	SRR10104073	NA
Acholeplasma_oculi	SRR10104074	NA
Acholeplasma_oculi	SRR10104075	NA
Acholeplasma_oculi	SRR10104076	NA
Acholeplasma_oculi	SRR10104077	NA
Acholeplasma_oculi	SRR10104078	NA
Acholeplasma_oculi	SRR10104079	NA
Acholeplasma_oculi	SRR10104080	NA
Acholeplasma_oculi	SRR10104081	NA
Acholeplasma_oculi	SRR10104082	NA
Acholeplasma_oculi	SRR10104083	NA
Acholeplasma_oculi	SRR10104084	NA
Acholeplasma_oculi	SRR10104085	NA
Acholeplasma_oculi	SRR10104086	NA
Acholeplasma_oculi	SRR10104087	NA
Acholeplasma_oculi	SRR10104088	NA
Acholeplasma_oculi	SRR10104089	NA
Acholeplasma_oculi	SRR10104090	NA
Acholeplasma_oculi	SRR10104091	NA
Acholeplasma_oculi	SRR10104092	NA
Acholeplasma_oculi	SRR10104093	NA
Acholeplasma_oculi	SRR10104094	NA
Acholeplasma_oculi	SRR10104095	NA
Acholeplasma_oculi	SRR10104096	NA
Acholeplasma_oculi	SRR10104097	NA
Acholeplasma_oculi	SRR10104098	NA
Acholeplasma_oculi	SRR10104099	NA
Acholeplasma_oculi	SRR10104100	NA
Acholeplasma_oculi	SRR10104101	NA
Acholeplasma_oculi	SRR10104102	NA
Acholeplasma_oculi	SRR10104103	NA
Acholeplasma_oculi	SRR10104104	NA
Acholeplasma_oculi	SRR10104105	NA
Acholeplasma_oculi	SRR10104106	NA
Acholeplasma_oculi	SRR10104107	NA
Acholeplasma_oculi	SRR10104108	NA
Acholeplasma_oculi	SRR10104109	NA
Acholeplasma_oculi	SRR10104110	NA
Acholeplasma_oculi	SRR10104111	NA
Acholeplasma_oculi	SRR10104112	NA
Acholeplasma_oculi	SRR10104113	NA
Acholeplasma_oculi	SRR10104114	NA
Acholeplasma_oculi	SRR10104115	NA
Acholeplasma_oculi	SRR10104116	NA
Acholeplasma_oculi	SRR10104117	NA
Acholeplasma_oculi	SRR10104118	NA
Acholeplasma_oculi	SRR10104119	NA
Acholeplasma_oculi	SRR10104120	NA
Acholeplasma_oculi	SRR10104121	NA
Acholeplasma_oculi	SRR10104122	NA
Acholeplasma_oculi	SRR10104123	NA
Acholeplasma_oculi	SRR10104124	NA
Acholeplasma_oculi	SRR10104125	NA
Acholeplasma_oculi	SRR10104126	NA
Acholeplasma_oculi	SRR10104127	NA
Acholeplasma_oculi	SRR10104128	NA
Acholeplasma_oculi	SRR10104129	NA
Acholeplasma_oculi	SRR10104130	NA
Acholeplasma_oculi	SRR10104131	NA
Acholeplasma_oculi	SRR10104132	NA
Acholeplasma_oculi	SRR10104133	NA
Acholeplasma_oculi	SRR10104134	NA
Acholeplasma_oculi	SRR10104135	NA
Acholeplasma_oculi	SRR10104136	NA
Acholeplasma_oculi	SRR10104137	NA
Acholeplasma_oculi	SRR10104138	NA
Acholeplasma_oculi	SRR10104139	NA
Acholeplasma_oculi	SRR10104140	NA
Acholeplasma_oculi	SRR10104141	NA
Acholeplasma_oculi	SRR10104142	NA
Acholeplasma_oculi	SRR10104143	NA
Acholeplasma_oculi	SRR10104144	NA
Acholeplasma_oculi	SRR10104145	NA
Acholeplasma_oculi	SRR10104146	NA
Acholeplasma_oculi	SRR10104147	NA
Acholeplasma_oculi	SRR10104148	NA
Acholeplasma_oculi	SRR10104149	NA
Acholeplasma_oculi	SRR10104150	NA
Acholeplasma_oculi	SRR10104151	NA
Acholeplasma_oculi	SRR10104152	NA
Acholeplasma_oculi	SRR10104153	NA
Acholeplasma_oculi	SRR10104154	NA
Acholeplasma_oculi	SRR10104155	NA
Acholeplasma_oculi	SRR10104156	NA
Acholeplasma_oculi	SRR10104157	NA
Acholeplasma_oculi	SRR10104158	NA
Acholeplasma_oculi	SRR10104159	NA
Acholeplasma_oculi	SRR10104160	NA
Acholeplasma_oculi	SRR10104161	NA
Acholeplasma_oculi	SRR10104162	NA
Acholeplasma_oculi	SRR10104163	NA
Acholeplasma_oculi	SRR10104164	NA
Acholeplasma_oculi	SRR10104165	NA
Acholeplasma_oculi	SRR10104166	NA
Acholeplasma_oculi	SRR10104167	NA
Acholeplasma_oculi	SRR10104168	NA
Acholeplasma_oculi	SRR10104169	NA
Acholeplasma_oculi	SRR10104170	NA
Acholeplasma_oculi	SRR10104171	NA
Acholeplasma_oculi	SRR10104172	NA
Acholeplasma_oculi	SRR10104173	NA
Acholeplasma_oculi	SRR10104174	NA
Acholeplasma_oculi	SRR10104175	NA
Acholeplasma_oculi	SRR10104176	NA
Acholeplasma_oculi	SRR10104177	NA
Acholeplasma_oculi	SRR10104178	NA
Acholeplasma_oculi	SRR10104179	NA
Acholeplasma_oculi	SRR10104180	NA
Acholeplasma_oculi	SRR10104181	NA
Acholeplasma_oculi	SRR10104182	NA
Acholeplasma_oculi	SRR10104183	NA
Acholeplasma_oculi	SRR10104184	NA
Acholeplasma_oculi	SRR10104185	NA
Acholeplasma_oculi	SRR10104186	NA
Acholeplasma_oculi	SRR10104187	NA
Acholeplasma_oculi	SRR10104188	NA
Acholeplasma_oculi	SRR10104189	NA
Acholeplasma_oculi	SRR10104190	NA
Acholeplasma_oculi	SRR10104191	NA
Acholeplasma_oculi	SRR10104192	NA
Acholeplasma_oculi	SRR10104193	NA
Acholeplasma_oculi	SRR10104194	NA
Acholeplasma_oculi	SRR10104195	NA
Acholeplasma_oculi	SRR10104196	NA
Acholeplasma_oculi	SRR10104197	NA
Acholeplasma_oculi	SRR10104198	NA
Acholeplasma_oculi	SRR10104199	NA
Acholeplasma_oculi	SRR10104200	NA
Acholeplasma_oculi	SRR10104201	NA
Acholeplasma_oculi	SRR10104202	NA
Acholeplasma_oculi	SRR10104203	NA
Acholeplasma_oculi	SRR10104204	NA
Acholeplasma_oculi	SRR10104205	NA
Acholeplasma_oculi	SRR10104206	NA
Acholeplasma_oculi	SRR10104207	NA
Acholeplasma_oculi	SRR10104208	NA
Acholeplasma_oculi	SRR10104209	NA
Acholeplasma_oculi	SRR10104210	NA
Acholeplasma_oculi	SRR10104211	NA
Acholeplasma_oculi	SRR10104212	NA
Acholeplasma_oculi	SRR10104213	NA
Acholeplasma_oculi	SRR10104214	NA
Acholeplasma_oculi	SRR10104215	NA
Acholeplasma_oculi	SRR10104216	NA
Acholeplasma_oculi	SRR10104217	NA
Acholeplasma_oculi	SRR10104218	NA
Acholeplasma_oculi	SRR10104219	NA
Acholeplasma_oculi	SRR10104220	NA
Acholeplasma_oculi	SRR10104221	NA
Acholeplasma_oculi	SRR10104222	NA
Acholeplasma_oculi	SRR10104223	NA
Acholeplasma_oculi	SRR10104224	NA
Acholeplasma_oculi	SRR10104225	NA
Acholeplasma_oculi	SRR10104226	NA
Acholeplasma_oculi	SRR10104227	NA
Acholeplasma_oculi	SRR10104228	NA
Acholeplasma_oculi	SRR10104229	NA
Acholeplasma_oculi	SRR10104230	NA
Acholeplasma_oculi	SRR10104231	NA
Acholeplasma_oculi	SRR10104232	NA
Acholeplasma_oculi	SRR10104233	NA
Acholeplasma_oculi	SRR10104234	NA
Acholeplasma_oculi	SRR10104235	NA
Acholeplasma_oculi	SRR10104236	NA
Acholeplasma_oculi	SRR10104237	NA
Acholeplasma_oculi	SRR10104238	NA
Acholeplasma_oculi	SRR10104239	NA
Acholeplasma_oculi	SRR10104240	NA
Acholeplasma_oculi	SRR10104241	NA
Acholeplasma_oculi	SRR10104242	NA
Acholeplasma_oculi	SRR10104243	NA
Acholeplasma_oculi	SRR10104244	NA
Acholeplasma_oculi	SRR10104245	NA
Acholeplasma_oculi	SRR10104246	NA
Acholeplasma_oculi	SRR10104247	NA
Acholeplasma_oculi	SRR10104248	NA
Acholeplasma_oculi	SRR10104249	NA
Acholeplasma_oculi	SRR10104250	NA
Acholeplasma_oculi	SRR10104251	NA
Acholeplasma_oculi	SRR10104252	NA
Acholeplasma_oculi	SRR10104253	NA
Acholeplasma_oculi	SRR10104254	NA
Acholeplasma_oculi	SRR10104255	NA
Acholeplasma_oculi	SRR10104256	NA
Acholeplasma_oculi	SRR10104257	NA
Acholeplasma_oculi	SRR10104258	NA
Acholeplasma_oculi	SRR10224277	1.3701638199222166
Acholeplasma_oculi	SRR10224278	1.3701638199222166
Acholeplasma_oculi	SRR10224279	1.3701638199222166
Acholeplasma_oculi	SRR10224280	1.3701638199222166
Acholeplasma_oculi	SRR10224281	1.3701638199222166
Acholeplasma_oculi	SRR10224282	1.3701638199222166
Acholeplasma_oculi	SRR10224283	1.3701638199222166
Acholeplasma_oculi	SRR10224284	1.3701638199222166
Acholeplasma_oculi	SRR10224285	1.3701638199222166
Acholeplasma_oculi	SRR10224286	1.3701638199222166
Acholeplasma_oculi	SRR10224287	1.3701638199222166
Acholeplasma_oculi	SRR10224288	1.3701638199222166
Acholeplasma_oculi	SRR10224289	1.3701638199222166
Acholeplasma_oculi	SRR10224290	1.3701638199222166
Acholeplasma_oculi	SRR10224291	1.3701638199222166
Acholeplasma_oculi	SRR10224292	1.3701638199222166
Acholeplasma_oculi	SRR10224293	1.3701638199222166
Acholeplasma_oculi	SRR10224294	1.3701638199222166
Acholeplasma_oculi	SRR10224295	1.3701638199222166
Acholeplasma_oculi	SRR10224296	1.3701638199222166
Acholeplasma_oculi	SRR10224297	1.3701638199222166
Acholeplasma_oculi	SRR10224298	1.3701638199222166
Acholeplasma_oculi	SRR10318388	NA
Acholeplasma_oculi	SRR10318389	NA
Acholeplasma_oculi	SRR10318390	NA
Acholeplasma_oculi	SRR10318391	NA
Acholeplasma_oculi	SRR10318392	NA
Acholeplasma_oculi	SRR10318393	NA
Acholeplasma_oculi	SRR10318394	NA
Acholeplasma_oculi	SRR10318395	NA
Acholeplasma_oculi	SRR10318396	NA
Acholeplasma_oculi	SRR10318397	NA
Acholeplasma_oculi	SRR10318398	NA
Acholeplasma_oculi	SRR10318399	NA
Acholeplasma_oculi	SRR10318400	NA
Acholeplasma_oculi	SRR10318401	NA
Acholeplasma_oculi	SRR10318402	NA
Acholeplasma_oculi	SRR10318403	NA
Acholeplasma_oculi	SRR10318404	NA
Acholeplasma_oculi	SRR10318405	NA
Acholeplasma_oculi	SRR10318406	NA
Acholeplasma_oculi	SRR10318407	NA
Acholeplasma_oculi	SRR10318408	NA
Acholeplasma_oculi	SRR10318409	NA
Acholeplasma_oculi	SRR10318410	NA
Acholeplasma_oculi	SRR10318411	NA
Acholeplasma_oculi	SRR10318412	NA
Acholeplasma_oculi	SRR10318413	NA
Acholeplasma_oculi	SRR10318414	NA
Acholeplasma_oculi	SRR10318415	NA
Acholeplasma_oculi	SRR10318416	NA
Acholeplasma_oculi	SRR10318417	NA
Acholeplasma_oculi	SRR10318418	NA
Acholeplasma_oculi	SRR10318419	NA
Acholeplasma_oculi	SRR10318420	NA
Acholeplasma_oculi	SRR10318421	NA
Acholeplasma_oculi	SRR10318422	NA
Acholeplasma_oculi	SRR10318423	NA
Acholeplasma_oculi	SRR10318424	NA
Acholeplasma_oculi	SRR10318425	NA
Acholeplasma_oculi	SRR10318426	NA
Acholeplasma_oculi	SRR10318427	NA
Acholeplasma_oculi	SRR10318428	NA
Acholeplasma_oculi	SRR10318429	NA
Acholeplasma_oculi	SRR10318430	NA
Acholeplasma_oculi	SRR10318431	NA
Acholeplasma_oculi	SRR10318432	NA
Acholeplasma_oculi	SRR10318433	NA
Acholeplasma_oculi	SRR10318434	NA
Acholeplasma_oculi	SRR10318435	NA
Acholeplasma_oculi	SRR10318436	NA
Acholeplasma_oculi	SRR10318437	NA
Acholeplasma_oculi	SRR10318438	NA
Acholeplasma_oculi	SRR10318439	NA
Acholeplasma_oculi	SRR10318440	NA
Acholeplasma_oculi	SRR10318441	NA
Acholeplasma_oculi	SRR10318442	NA
Acholeplasma_oculi	SRR10318443	NA
Acholeplasma_oculi	SRR10318444	NA
Acholeplasma_oculi	SRR10318445	NA
Acholeplasma_oculi	SRR10318446	NA
Acholeplasma_oculi	SRR10318447	NA
Acholeplasma_oculi	SRR10318448	NA
Acholeplasma_oculi	SRR10318449	NA
Acholeplasma_oculi	SRR10318450	NA
Acholeplasma_oculi	SRR10318451	NA
Acholeplasma_oculi	SRR10318452	NA
Acholeplasma_oculi	SRR10318453	NA
Acholeplasma_oculi	SRR10318454	NA
Acholeplasma_oculi	SRR10318455	NA
Acholeplasma_oculi	SRR10318456	NA
Acholeplasma_oculi	SRR10318457	NA
Acholeplasma_oculi	SRR10318458	NA
Acholeplasma_oculi	SRR10318459	NA
Acholeplasma_oculi	SRR10318460	NA
Acholeplasma_oculi	SRR10318461	NA
Acholeplasma_oculi	SRR10318462	NA
Acholeplasma_oculi	SRR10318463	NA
Acholeplasma_oculi	SRR10318464	NA
Acholeplasma_oculi	SRR10318465	NA
Acholeplasma_oculi	SRR10318466	NA
Acholeplasma_oculi	SRR10318467	NA
Acholeplasma_oculi	SRR10318468	NA
Acholeplasma_oculi	SRR10318469	NA
Acholeplasma_oculi	SRR10318470	NA
Acholeplasma_oculi	SRR10318471	NA
Acholeplasma_oculi	SRR10318472	NA
Acholeplasma_oculi	SRR10318473	NA
Acholeplasma_oculi	SRR10318474	NA
Acholeplasma_oculi	SRR10318475	NA
Acholeplasma_oculi	SRR10318476	NA
Acholeplasma_oculi	SRR10318495	NA
Acholeplasma_oculi	SRR10318496	NA
Acholeplasma_oculi	SRR10318497	NA
Acholeplasma_oculi	SRR10318498	NA
Acholeplasma_oculi	SRR10318499	NA
Acholeplasma_oculi	SRR10318500	NA
Acholeplasma_oculi	SRR10318501	NA
Acholeplasma_oculi	SRR10318502	NA
Acholeplasma_oculi	SRR10318503	NA
Acholeplasma_oculi	SRR10318504	NA
Acholeplasma_oculi	SRR10318505	NA
Acholeplasma_oculi	SRR10318506	NA
Acholeplasma_oculi	SRR10318507	NA
Acholeplasma_oculi	SRR10318508	NA
Acholeplasma_oculi	SRR10318509	NA
Acholeplasma_oculi	SRR10318510	NA
Acholeplasma_oculi	SRR10318511	NA
Acholeplasma_oculi	SRR10318512	NA
Acholeplasma_oculi	SRR10318513	NA
Acholeplasma_oculi	SRR10318514	NA
Acholeplasma_oculi	SRR10318515	NA
Acholeplasma_oculi	SRR10318516	NA
Acholeplasma_oculi	SRR10318517	NA
Acholeplasma_oculi	SRR10318518	NA
Acholeplasma_oculi	SRR10318519	NA
Acholeplasma_oculi	SRR10318520	NA
Acholeplasma_oculi	SRR10318521	NA
Acholeplasma_oculi	SRR10318522	NA
Acholeplasma_oculi	SRR10318523	NA
Acholeplasma_oculi	SRR10318524	NA
Acholeplasma_oculi	SRR10318525	NA
Acholeplasma_oculi	SRR10318526	NA
Acholeplasma_oculi	SRR10318527	NA
Acholeplasma_oculi	SRR10318528	NA
Acholeplasma_oculi	SRR10318529	NA
Acholeplasma_oculi	SRR10318530	NA
Acholeplasma_oculi	SRR10318531	NA
Acholeplasma_oculi	SRR10318532	NA
Acholeplasma_oculi	SRR10318533	NA
Acholeplasma_oculi	SRR10318534	NA
Acholeplasma_oculi	SRR10318535	NA
Acholeplasma_oculi	SRR10318536	NA
Acholeplasma_oculi	SRR10318537	NA
Acholeplasma_oculi	SRR10318538	NA
Acholeplasma_oculi	SRR10318539	NA
Acholeplasma_oculi	SRR10318540	NA
Acholeplasma_oculi	SRR10318541	NA
Acholeplasma_oculi	SRR10318542	NA
Acholeplasma_oculi	SRR10318543	NA
Acholeplasma_oculi	SRR10318544	NA
Acholeplasma_oculi	SRR10318545	NA
Acholeplasma_oculi	SRR10318546	NA
Acholeplasma_oculi	SRR10318547	NA
Acholeplasma_oculi	SRR10318548	NA
Acholeplasma_oculi	SRR10318549	NA
Acholeplasma_oculi	SRR10318568	NA
Acholeplasma_oculi	SRR10318569	NA
Acholeplasma_oculi	SRR10318570	NA
Acholeplasma_oculi	SRR10318571	NA
Acholeplasma_oculi	SRR10318572	NA
Acholeplasma_oculi	SRR10318573	NA
Acholeplasma_oculi	SRR10318574	NA
Acholeplasma_oculi	SRR10318575	NA
Acholeplasma_oculi	SRR10318576	NA
Acholeplasma_oculi	SRR10318577	NA
Acholeplasma_oculi	SRR10318578	NA
Acholeplasma_oculi	SRR10318579	NA
Acholeplasma_oculi	SRR10318580	NA
Acholeplasma_oculi	SRR10318581	NA
Acholeplasma_oculi	SRR10875803	1.2882433644676075
Acholeplasma_oculi	SRR10875804	1.3131501335763234
Acholeplasma_oculi	SRR10875805	1.321798712280005
Acholeplasma_oculi	SRR10875806	1.3274339751425022
Acholeplasma_oculi	SRR10875807	1.3131501335763234
Acholeplasma_oculi	SRR10875808	1.3045425033315778
Acholeplasma_oculi	SRR10875809	1.3041708781634826
Acholeplasma_oculi	SRR10875810	1.3045425033315778
Acholeplasma_oculi	SRR10875812	1.3183154886473012
Acholeplasma_oculi	SRR10875813	1.3118964527875616
Acholeplasma_oculi	SRR10875814	1.3220060933753541
Acholeplasma_oculi	SRR10875815	1.3256464886490253
Acholeplasma_oculi	SRR10875816	1.3183139712761642
Acholeplasma_oculi	SRR10875817	1.2826454793017845
Acholeplasma_oculi	SRR10875818	1.3099462731867664
Acholeplasma_oculi	SRR10875819	1.3200824134173645
Acholeplasma_oculi	SRR10875820	1.32788603600936
Acholeplasma_oculi	SRR10875821	1.3284070765001421
Acholeplasma_oculi	SRR10875822	1.316342388280703
Acholeplasma_oculi	SRR10875823	1.3238501380291254
Acholeplasma_oculi	SRR10875824	1.2857278820269409
Acholeplasma_oculi	SRR10875825	1.32788603600936
Acholeplasma_oculi	SRR10875826	1.3307758213748055
Acholeplasma_oculi	SRR10875827	1.3139301099540455
Acholeplasma_oculi	SRR10875829	1.3308497310876877
Acholeplasma_oculi	SRR10875830	1.336318015657321
Acholeplasma_oculi	SRR10875831	1.3298509126251958
Acholeplasma_oculi	SRR10875832	1.3160122260372673
Acholeplasma_oculi	SRR10875834	1.3259085555509957
Acholeplasma_oculi	SRR10875835	1.3199680560689169
Acholeplasma_oculi	SRR10875836	1.3212481279970223
Acholeplasma_oculi	SRR10875837	1.316342388280703
Acholeplasma_oculi	SRR10875838	1.2725223989275738
Acholeplasma_oculi	SRR10875839	1.3273671044979394
Acholeplasma_oculi	SRR10875840	1.3267406454623065
Acholeplasma_oculi	SRR10875841	1.3248031109985206
Acholeplasma_oculi	SRR10875842	1.3266006038672002
Acholeplasma_oculi	SRR10875843	2.412724496278473
Acholeplasma_oculi	SRR10875844	1.2662671068962372
Acholeplasma_oculi	SRR10875845	1.2640509762738386
Acholeplasma_oculi	SRR10875846	1.2604869465499007
Acholeplasma_oculi	SRR10875847	1.1969670987350434
Acholeplasma_oculi	SRR10875848	1.2571656890429694
Acholeplasma_oculi	SRR10875849	1.2483503616987424
Acholeplasma_oculi	SRR10875850	1.2877682815575862
Acholeplasma_oculi	SRR10875851	1.28804384092142
Acholeplasma_oculi	SRR10875852	1.29222875324749
Acholeplasma_oculi	SRR10875853	1.30825437319375
Acholeplasma_oculi	SRR10875854	1.2759952845004103
Acholeplasma_oculi	SRR10875855	1.2518352308855787
Acholeplasma_oculi	SRR10875856	3.7233512628336887
Acholeplasma_oculi	SRR10875857	1.258337023175053
Acholeplasma_oculi	SRR10875858	1.2227783442448608
Acholeplasma_oculi	SRR10875859	1.204987904919043
Acholeplasma_oculi	SRR10875860	1.2064748151354214
Acholeplasma_oculi	SRR10875861	1.2573544954049152
Acholeplasma_oculi	SRR10875862	1.254466217950269
Acholeplasma_oculi	SRR10875863	1.2707186765588716
Acholeplasma_oculi	SRR10875864	1.281180449304323
Acholeplasma_oculi	SRR10875865	1.2835261256891743
Acholeplasma_oculi	SRR10875866	1.2940783581230297
Acholeplasma_oculi	SRR10875867	1.2638660104849928
Acholeplasma_oculi	SRR10875868	1.2930909194340356
Acholeplasma_oculi	SRR10875869	1.2483245606222864
Acholeplasma_oculi	SRR10875870	1.2864966457609845
Acholeplasma_oculi	SRR10875871	1.2222670639546285
Acholeplasma_oculi	SRR10875872	1.2296931027169007
Acholeplasma_oculi	SRR10875873	1.3074076988447034
Acholeplasma_oculi	SRR10875874	1.231938349125697
Acholeplasma_oculi	SRR10875875	2.5788443819527695
Acholeplasma_oculi	SRR10875876	1.2830404425737167
Acholeplasma_oculi	SRR10875877	1.299949488077003
Acholeplasma_oculi	SRR10875878	1.2929530532335602
Acholeplasma_oculi	SRR10875879	1.303527974255504
Acholeplasma_oculi	SRR10875880	1.317797596015097
Acholeplasma_oculi	SRR10875881	1.2415153575984894
Acholeplasma_oculi	SRR10875882	1.307155319087134
Acholeplasma_oculi	SRR10875883	1.296477417292304
Acholeplasma_oculi	SRR10875884	1.3118968540320162
Acholeplasma_oculi	SRR10875885	1.2882509693689796
Acholeplasma_oculi	SRR10875886	1.2857100602272609
Acholeplasma_oculi	SRR10875887	1.2937764583536733
Acholeplasma_oculi	SRR10875888	1.3290237230739097
Acholeplasma_oculi	SRR10875889	1.2305141341823898
Acholeplasma_oculi	SRR10875890	1.2919491547029816
Acholeplasma_oculi	SRR10875891	1.2662671068962372
Acholeplasma_oculi	SRR10875892	1.2857662972196502
Acholeplasma_oculi	SRR10875893	1.2902080101344982
Acholeplasma_oculi	SRR10875894	1.1434368764238114
Acholeplasma_oculi	SRR10875895	1.252805823307487
Acholeplasma_oculi	SRR10875896	1.313028662557598
Acholeplasma_oculi	SRR10875897	1.25885375150116
Acholeplasma_oculi	SRR10875898	1.2315484571030648
Acholeplasma_oculi	SRR10875899	1.2954491670711659
Acholeplasma_oculi	SRR10875900	1.2987680889557414
Acholeplasma_oculi	SRR10875901	1.3286860621482448
Acholeplasma_oculi	SRR10875902	1.3274266445714387
Acholeplasma_oculi	SRR12430469	1.3583740921230527
Acholeplasma_oculi	SRR12430470	1.3591647978736123
Acholeplasma_oculi	SRR12430471	1.3599875461622084
Acholeplasma_oculi	SRR12430472	1.3575309203869175
Acholeplasma_oculi	SRR12430473	1.3576823165353116
Acholeplasma_oculi	SRR12430474	1.359557935336347
Acholeplasma_oculi	SRR12430475	1.3565777300701471
Acholeplasma_oculi	SRR12430476	1.359861209009657
Acholeplasma_oculi	SRR12765534	NA
Acholeplasma_oculi	SRR12765535	NA
Acholeplasma_oculi	SRR12765536	NA
Acholeplasma_oculi	SRR12765537	NA
Acholeplasma_oculi	SRR12765538	NA
Acholeplasma_oculi	SRR12765539	NA
Acholeplasma_oculi	SRR12765540	NA
Acholeplasma_oculi	SRR12765541	NA
Acholeplasma_oculi	SRR12765542	NA
Acholeplasma_oculi	SRR12765543	NA
Acholeplasma_oculi	SRR12765544	NA
Acholeplasma_oculi	SRR12765545	NA
Acholeplasma_oculi	SRR12765546	NA
Acholeplasma_oculi	SRR12765547	NA
Acholeplasma_oculi	SRR12765548	NA
Acholeplasma_oculi	SRR12765549	NA
Acholeplasma_oculi	SRR12765550	NA
Acholeplasma_oculi	SRR12765551	NA
Acholeplasma_oculi	SRR12765552	NA
Acholeplasma_oculi	SRR12765553	NA
Acholeplasma_oculi	SRR12765554	NA
Acholeplasma_oculi	SRR12765555	NA
Acholeplasma_oculi	SRR12765556	NA
Acholeplasma_oculi	SRR12765557	NA
Acholeplasma_oculi	SRR12765558	NA
Acholeplasma_oculi	SRR12765559	NA
Acholeplasma_oculi	SRR12765560	NA
Acholeplasma_oculi	SRR12765561	NA
Acholeplasma_oculi	SRR12765562	NA
Acholeplasma_oculi	SRR12765563	NA
Acholeplasma_oculi	SRR12765564	NA
Acholeplasma_oculi	SRR12765565	NA
Acholeplasma_oculi	SRR12765566	NA
Acholeplasma_oculi	SRR12765567	NA
Acholeplasma_oculi	SRR12765568	NA
Acholeplasma_oculi	SRR12765569	NA
Acholeplasma_oculi	SRR12765570	NA
Acholeplasma_oculi	SRR12765571	NA
Acholeplasma_oculi	SRR12765572	NA
Acholeplasma_oculi	SRR12765573	NA
Acholeplasma_oculi	SRR12765574	NA
Acholeplasma_oculi	SRR12765575	NA
Acholeplasma_oculi	SRR12765576	NA
Acholeplasma_oculi	SRR12765577	NA
Acholeplasma_oculi	SRR12765578	NA
Acholeplasma_oculi	SRR12765579	NA
Acholeplasma_oculi	SRR12765580	NA
Acholeplasma_oculi	SRR12765581	NA
Acholeplasma_oculi	SRR12765582	NA
Acholeplasma_oculi	SRR12765583	NA
Acholeplasma_oculi	SRR12765584	NA
Acholeplasma_oculi	SRR12765585	NA
Acholeplasma_oculi	SRR12765586	NA
Acholeplasma_oculi	SRR12765587	NA
Acholeplasma_oculi	SRR12765588	NA
Acholeplasma_oculi	SRR12765589	NA
Acholeplasma_oculi	SRR12765590	NA
Acholeplasma_oculi	SRR12765591	NA
Acholeplasma_oculi	SRR12765592	NA
Acholeplasma_oculi	SRR12765593	NA
Acholeplasma_oculi	SRR12765594	NA
Acholeplasma_oculi	SRR12765595	NA
Acholeplasma_oculi	SRR12765596	NA
Acholeplasma_oculi	SRR12765597	NA
Acholeplasma_oculi	SRR12765598	NA
Acholeplasma_oculi	SRR12765599	NA
Acholeplasma_oculi	SRR12765600	NA
Acholeplasma_oculi	SRR12765601	NA
Acholeplasma_oculi	SRR12765602	NA
Acholeplasma_oculi	SRR12765603	NA
Acholeplasma_oculi	SRR12765604	NA
Acholeplasma_oculi	SRR12765605	NA
Acholeplasma_oculi	SRR12765606	NA
Acholeplasma_oculi	SRR12765607	NA
Acholeplasma_oculi	SRR12765608	NA
Acholeplasma_oculi	SRR12765609	NA
Acholeplasma_oculi	SRR12765610	NA
Acholeplasma_oculi	SRR12765611	NA
Acholeplasma_oculi	SRR12765612	NA
Acholeplasma_oculi	SRR12765613	NA
Acholeplasma_oculi	SRR12765614	NA
Acholeplasma_oculi	SRR12765615	NA
Acholeplasma_oculi	SRR12765616	NA
Acholeplasma_oculi	SRR12765617	NA
Acholeplasma_oculi	SRR12765618	NA
Acholeplasma_oculi	SRR12765619	NA
Acholeplasma_oculi	SRR12765620	NA
Acholeplasma_oculi	SRR12765621	NA
Acholeplasma_oculi	SRR12765622	NA
Acholeplasma_oculi	SRR12765623	NA
Acholeplasma_oculi	SRR12765624	NA
Acholeplasma_oculi	SRR12765625	NA
Acholeplasma_oculi	SRR12765626	NA
Acholeplasma_oculi	SRR12765627	NA
Acholeplasma_oculi	SRR12765628	NA
Acholeplasma_oculi	SRR12765629	NA
Acholeplasma_oculi	SRR12765630	NA
Acholeplasma_oculi	SRR12765631	NA
Acholeplasma_oculi	SRR12765632	NA
Acholeplasma_oculi	SRR12765633	NA
Acholeplasma_oculi	SRR12765634	NA
Acholeplasma_oculi	SRR12765635	NA
Acholeplasma_oculi	SRR12765636	NA
Acholeplasma_oculi	SRR12765637	NA
Acholeplasma_oculi	SRR12765638	NA
Acholeplasma_oculi	SRR12765639	NA
Acholeplasma_oculi	SRR12765640	NA
Acholeplasma_oculi	SRR12765641	NA
Acholeplasma_oculi	SRR12765642	NA
Acholeplasma_oculi	SRR12765643	NA
Acholeplasma_oculi	SRR12765644	NA
Acholeplasma_oculi	SRR12765645	NA
Acholeplasma_oculi	SRR12765646	NA
Acholeplasma_oculi	SRR12765647	NA
Acholeplasma_oculi	SRR12765648	NA
Acholeplasma_oculi	SRR12765649	NA
Acholeplasma_oculi	SRR12765650	NA
Acholeplasma_oculi	SRR12765651	NA
Acholeplasma_oculi	SRR12765652	NA
Acholeplasma_oculi	SRR12774664	1.3076809549705097
Acholeplasma_oculi	SRR12774665	1.2903501975558263
Acholeplasma_oculi	SRR12774666	1.295795610129531
Acholeplasma_oculi	SRR12774667	1.2424569218825623
Acholeplasma_oculi	SRR12774668	1.3133120059356136
Acholeplasma_oculi	SRR12774669	1.217439166492112
Acholeplasma_oculi	SRR12774670	1.2733911137367675
Acholeplasma_oculi	SRR12774671	1.2729886511515884
Acholeplasma_oculi	SRR12774672	1.2985091154575101
Acholeplasma_oculi	SRR12774673	1.3026942901706189
Acholeplasma_oculi	SRR12774674	1.2742627204554735
Acholeplasma_oculi	SRR12774675	1.3067748292569752
Acholeplasma_oculi	SRR12774676	1.283759552466454
Acholeplasma_oculi	SRR12774677	1.2778654323238352
Acholeplasma_oculi	SRR12774678	1.3041708781634826
Acholeplasma_oculi	SRR12774679	1.2661741566688087
Acholeplasma_oculi	SRR12774680	1.3113717071839983
Acholeplasma_oculi	SRR12774681	1.2328493794715614
Acholeplasma_oculi	SRR12774682	1.2746296491723794
Acholeplasma_oculi	SRR12774683	1.2629305368601476
Acholeplasma_oculi	SRR12774684	1.2633386692720388
Acholeplasma_oculi	SRR12774685	1.2791567896794707
Acholeplasma_oculi	SRR12774686	1.2435465015194762
Acholeplasma_oculi	SRR12774687	1.208995698799896
Acholeplasma_oculi	SRR1609360	1.3595851426742833
Acholeplasma_oculi	SRR1609361	1.3642765747608594
Acholeplasma_oculi	SRR1609362	1.3601862908424658
Acholeplasma_oculi	SRR1609363	1.3648618084282327
Acholeplasma_oculi	SRR1609364	1.367723364166903
Acholeplasma_oculi	SRR1609365	1.3559699697980863
Acholeplasma_oculi	SRR1609366	1.3678519102083702
Acholeplasma_oculi	SRR1609367	1.3678519102083702
Acholeplasma_oculi	SRR1609368	1.3647292755975204
Acholeplasma_oculi	SRR1609369	1.3636661710431994
Acholeplasma_oculi	SRR1609370	1.3658304473165754
Acholeplasma_oculi	SRR1609371	1.3308497310876877
Acholeplasma_oculi	SRR1609372	1.3652789884192185
Acholeplasma_oculi	SRR1609373	1.3645592654045955
Acholeplasma_oculi	SRR1609374	1.3595851426742833
Acholeplasma_oculi	SRR1609375	1.3657127099457684
Acholeplasma_oculi	SRR1609376	1.3665467722368712
Acholeplasma_oculi	SRR1609377	1.3645592654045955
Acholeplasma_oculi	SRR1609378	1.3571865780557517
Acholeplasma_oculi	SRR1609379	1.3647292755975204
Acholeplasma_oculi	SRR1609380	1.3647292755975204
Acholeplasma_oculi	SRR1609381	1.3650389842268886
Acholeplasma_oculi	SRR1609382	1.3617719570408353
Acholeplasma_oculi	SRR1609383	1.357338444084492
Acholeplasma_oculi	SRR1609384	1.3650389842268886
Acholeplasma_oculi	SRR1609385	1.3632936897014178
Acholeplasma_oculi	SRR1609386	1.364418799805003
Acholeplasma_oculi	SRR1609387	1.3632493219027384
Acholeplasma_oculi	SRR1609388	1.3644863922256507
Acholeplasma_oculi	SRR1609389	1.3619655654592606
Acholeplasma_oculi	SRR1609390	1.3566148907720872
Acholeplasma_oculi	SRR1609391	1.3337023738185396
Acholeplasma_oculi	SRR1609392	1.365648707045223
Acholeplasma_oculi	SRR1609393	1.347463603109902
Acholeplasma_oculi	SRR1609394	1.3683107682878979
Acholeplasma_oculi	SRR1609395	1.366777814654196
Acholeplasma_oculi	SRR1609396	1.363963302220239
Acholeplasma_oculi	SRR1609397	1.366777814654196
Acholeplasma_oculi	SRR1609398	1.364275399950775
Acholeplasma_oculi	SRR1609399	1.3652789884192185
Acholeplasma_oculi	SRR1609400	1.3644863922256507
Acholeplasma_oculi	SRR1609401	1.365648707045223
Acholeplasma_oculi	SRR1609402	1.355001032468201
Acholeplasma_oculi	SRR1609403	1.36415487469014
Acholeplasma_oculi	SRR1609404	1.3538840207981289
Acholeplasma_oculi	SRR1609405	1.3604438151934661
Acholeplasma_oculi	SRR1609406	1.3595851426742833
Acholeplasma_oculi	SRR1609407	1.357545797336928
Acholeplasma_oculi	SRR1609408	1.351845412490748
Acholeplasma_oculi	SRR1609409	1.3600985209022736
Acholeplasma_oculi	SRR1609410	1.339036753943891
Acholeplasma_oculi	SRR1609411	1.3650389842268886
Acholeplasma_oculi	SRR1609412	1.364275399950775
Acholeplasma_oculi	SRR1609413	1.3618823313624977
Acholeplasma_oculi	SRR1609414	1.364275399950775
Acholeplasma_oculi	SRR1609415	1.3645592654045955
Acholeplasma_oculi	SRR1609416	1.3626190286749618
Acholeplasma_oculi	SRR1609417	1.3644863922256507
Acholeplasma_oculi	SRR1609418	1.3642765747608594
Acholeplasma_oculi	SRR1609419	1.3652302799676275
Acholeplasma_oculi	SRR1609420	1.3625634054000042
Acholeplasma_oculi	SRR1609421	1.364275399950775
Acholeplasma_oculi	SRR1609422	1.3642765747608594
Acholeplasma_oculi	SRR1609423	1.357338444084492
Acholeplasma_oculi	SRR1609424	1.350312888834268
Acholeplasma_oculi	SRR1609425	1.3645592654045955
Acholeplasma_oculi	SRR1609426	1.363963302220239
Acholeplasma_oculi	SRR1609427	1.3628742248234382
Acholeplasma_oculi	SRR1609428	1.3648618084282327
Acholeplasma_oculi	SRR1609429	1.3652789884192185
Acholeplasma_oculi	SRR1609430	1.3642765747608594
Acholeplasma_oculi	SRR1609431	1.365648707045223
Acholeplasma_oculi	SRR1609432	1.3648618084282327
Acholeplasma_oculi	SRR1609433	1.364418799805003
Acholeplasma_oculi	SRR1609434	1.351748025615633
Acholeplasma_oculi	SRR1609435	1.3678386989055058
Acholeplasma_oculi	SRR1609436	1.3632493219027384
Acholeplasma_oculi	SRR1609437	1.3650389842268886
Acholeplasma_oculi	SRR1609438	1.3647292755975204
Acholeplasma_oculi	SRR1609439	1.3695729822351737
Acholeplasma_oculi	SRR1609440	1.36415487469014
Acholeplasma_oculi	SRR1609441	1.3603247318359362
Acholeplasma_oculi	SRR1609442	1.3630300139455425
Acholeplasma_oculi	SRR1609443	1.3639943687800475
Acholeplasma_oculi	SRR1609444	1.3644863922256507
Acholeplasma_oculi	SRR1609445	1.3658304473165754
Acholeplasma_oculi	SRR1609446	1.3644863922256507
Acholeplasma_oculi	SRR1609447	1.3695495824775967
Acholeplasma_oculi	SRR1609448	1.3644863922256507
Acholeplasma_oculi	SRR1609449	1.3652592688971437
Acholeplasma_oculi	SRR1609450	1.3652789884192185
Acholeplasma_oculi	SRR1609451	1.364275399950775
Acholeplasma_oculi	SRR1609452	1.3695495824775967
Acholeplasma_oculi	SRR1609453	1.3587925115012331
Acholeplasma_oculi	SRR1609454	1.3645592654045955
Acholeplasma_oculi	SRR1609455	1.369387944920576
Acholeplasma_oculi	SRR1609456	1.3652302799676275
Acholeplasma_oculi	SRR1609457	1.36415487469014
Acholeplasma_oculi	SRR1609458	1.3696731095665362
Acholeplasma_oculi	SRR1609459	1.363963302220239
Acholeplasma_oculi	SRR1609460	1.3652789884192185
Acholeplasma_oculi	SRR1609461	1.3645592654045955
Acholeplasma_oculi	SRR1609462	1.364275399950775
Acholeplasma_oculi	SRR1609463	1.3665467722368712
Acholeplasma_oculi	SRR1609464	1.3644863922256507
Acholeplasma_oculi	SRR1609465	1.3657127099457684
Acholeplasma_oculi	SRR1609466	1.3331702213185004
Acholeplasma_oculi	SRR1609467	1.3665467722368712
Acholeplasma_oculi	SRR1609468	1.366777814654196
Acholeplasma_oculi	SRR1609469	1.3652592688971437
Acholeplasma_oculi	SRR1609470	1.355177982980013
Acholeplasma_oculi	SRR1609471	1.3639943687800475
Acholeplasma_oculi	SRR1609472	1.3556784343652573
Acholeplasma_oculi	SRR1609473	1.357545797336928
Acholeplasma_oculi	SRR1609474	1.3642765747608594
Acholeplasma_oculi	SRR1609475	1.3556918670257883
Acholeplasma_oculi	SRR1609476	1.361986070642
Acholeplasma_oculi	SRR1609477	1.3614391621519784
Acholeplasma_oculi	SRR1609478	1.3625634054000042
Acholeplasma_oculi	SRR1609479	1.3656513527865064
Acholeplasma_oculi	SRR1609480	1.365648707045223
Acholeplasma_oculi	SRR1609481	1.3642765747608594
Acholeplasma_oculi	SRR1609482	1.3628742248234382
Acholeplasma_oculi	SRR1609483	1.3630300139455425
Acholeplasma_oculi	SRR1609484	1.3626190286749618
Acholeplasma_oculi	SRR1609485	1.3632074161673557
Acholeplasma_oculi	SRR1609486	1.3652789884192185
Acholeplasma_oculi	SRR1609487	1.3656513527865064
Acholeplasma_oculi	SRR1609488	1.3658304473165754
Acholeplasma_oculi	SRR1609489	1.3636661710431994
Acholeplasma_oculi	SRR1609490	1.3670406656948546
Acholeplasma_oculi	SRR1609491	1.3652592688971437
Acholeplasma_oculi	SRR1609492	1.3626580852625958
Acholeplasma_oculi	SRR1609493	1.3647292755975204
Acholeplasma_oculi	SRR1609494	1.365648707045223
Acholeplasma_oculi	SRR1609495	1.3638247610160497
Acholeplasma_oculi	SRR1609496	1.3652592688971437
Acholeplasma_oculi	SRR1609497	1.3628742248234382
Acholeplasma_oculi	SRR1609498	1.3652592688971437
Acholeplasma_oculi	SRR1609499	1.36415487469014
Acholeplasma_oculi	SRR1609500	1.363367053906934
Acholeplasma_oculi	SRR1609501	1.364418799805003
Acholeplasma_oculi	SRR1609502	1.3617719570408353
Acholeplasma_oculi	SRR1609503	1.350364271491463
Acholeplasma_oculi	SRR1609504	1.3644863922256507
Acholeplasma_oculi	SRR1609505	1.3626580852625958
Acholeplasma_oculi	SRR1609506	1.366777814654196
Acholeplasma_oculi	SRR1609507	1.3658304473165754
Acholeplasma_oculi	SRR1609508	1.3658304473165754
Acholeplasma_oculi	SRR1609509	1.3648618084282327
Acholeplasma_oculi	SRR1609510	1.3652592688971437
Acholeplasma_oculi	SRR1609511	1.3632936897014178
Acholeplasma_oculi	SRR1609512	1.3647292755975204
Acholeplasma_oculi	SRR1609513	1.3642765747608594
Acholeplasma_oculi	SRR1609514	1.359432188335606
Acholeplasma_oculi	SRR1609515	1.3632074161673557
Acholeplasma_oculi	SRR1609516	1.3650389842268886
Acholeplasma_oculi	SRR1609517	1.3645592654045955
Acholeplasma_oculi	SRR1609518	1.3650389842268886
Acholeplasma_oculi	SRR1609519	1.3630300139455425
Acholeplasma_oculi	SRR1609520	1.3489953044767595
Acholeplasma_oculi	SRR1609521	1.3652302799676275
Acholeplasma_oculi	SRR1609522	1.36415487469014
Acholeplasma_oculi	SRR1609523	1.3652302799676275
Acholeplasma_oculi	SRR1609524	1.365648707045223
Acholeplasma_oculi	SRR1609525	1.3647292755975204
Acholeplasma_oculi	SRR1609526	1.36259882499864
Acholeplasma_oculi	SRR1609527	1.3652592688971437
Acholeplasma_oculi	SRR1609528	1.350385719456188
Acholeplasma_oculi	SRR1609529	1.3415852748948751
Acholeplasma_oculi	SRR1609530	1.3648618084282327
Acholeplasma_oculi	SRR1609531	1.363963302220239
Acholeplasma_oculi	SRR1609532	1.366777814654196
Acholeplasma_oculi	SRR1609533	1.3644863922256507
Acholeplasma_oculi	SRR1609534	1.3626190286749618
Acholeplasma_oculi	SRR1609535	1.3678519102083702
Acholeplasma_oculi	SRR1609536	1.3372878784409956
Acholeplasma_oculi	SRR1609537	1.3632493219027384
Acholeplasma_oculi	SRR1609538	1.365648707045223
Acholeplasma_oculi	SRR1609539	1.296477417292304
Acholeplasma_oculi	SRR1609540	1.3632074161673557
Acholeplasma_oculi	SRR1609541	1.3274232088713633
Acholeplasma_oculi	SRR1609542	1.3648618084282327
Acholeplasma_oculi	SRR1609543	1.36259882499864
Acholeplasma_oculi	SRR1609544	1.3630300139455425
Acholeplasma_oculi	SRR1609545	1.331797528030689
Acholeplasma_oculi	SRR1609546	1.3632074161673557
Acholeplasma_oculi	SRR1609547	1.3632936897014178
Acholeplasma_oculi	SRR1609548	1.366777814654196
Acholeplasma_oculi	SRR1609549	1.36415487469014
Acholeplasma_oculi	SRR1609550	1.3639943687800475
Acholeplasma_oculi	SRR1609551	1.3678386989055058
Acholeplasma_oculi	SRR1609552	1.3647292755975204
Acholeplasma_oculi	SRR1609553	1.3652592688971437
Acholeplasma_oculi	SRR1609554	1.3645592654045955
Acholeplasma_oculi	SRR1609555	1.3652789884192185
Acholeplasma_oculi	SRR1609556	1.3657127099457684
Acholeplasma_oculi	SRR1609557	1.3652789884192185
Acholeplasma_oculi	SRR1609558	1.3652302799676275
Acholeplasma_oculi	SRR1609559	1.3685577832033065
Acholeplasma_oculi	SRR1609560	1.3652592688971437
Acholeplasma_oculi	SRR1609561	1.364275399950775
Acholeplasma_oculi	SRR1609562	1.3632936897014178
Acholeplasma_oculi	SRR1609563	1.3645592654045955
Acholeplasma_oculi	SRR1609564	1.3632074161673557
Acholeplasma_oculi	SRR1609565	1.3656513527865064
Acholeplasma_oculi	SRR1609566	1.361986070642
Acholeplasma_oculi	SRR1609567	1.3695495824775967
Acholeplasma_oculi	SRR1609568	1.363367053906934
Acholeplasma_oculi	SRR1609569	1.3632074161673557
Acholeplasma_oculi	SRR1609570	1.3614907853286795
Acholeplasma_oculi	SRR1609571	1.3274775891413366
Acholeplasma_oculi	SRR1609572	1.3652302799676275
Acholeplasma_oculi	SRR1609573	1.3618019380158601
Acholeplasma_oculi	SRR1609574	1.363367053906934
Acholeplasma_oculi	SRR1609575	1.3604438151934661
Acholeplasma_oculi	SRR1609576	1.36415487469014
Acholeplasma_oculi	SRR1609577	1.3626580852625958
Acholeplasma_oculi	SRR1609578	1.3644863922256507
Acholeplasma_oculi	SRR1609579	1.3601862908424658
Acholeplasma_oculi	SRR1609580	1.3632493219027384
Acholeplasma_oculi	SRR1609581	1.3678519102083702
Acholeplasma_oculi	SRR1609582	1.3678519102083702
Acholeplasma_oculi	SRR1609583	1.3686075106956568
Acholeplasma_oculi	SRR1609584	1.3658304473165754
Acholeplasma_oculi	SRR1609585	1.36259882499864
Acholeplasma_oculi	SRR1609586	1.3687620824139737
Acholeplasma_oculi	SRR1609587	1.3620855384331363
Acholeplasma_oculi	SRR1609588	1.3658304473165754
Acholeplasma_oculi	SRR1609589	1.365648707045223
Acholeplasma_oculi	SRR1609590	1.3645592654045955
Acholeplasma_oculi	SRR1609591	1.355177982980013
Acholeplasma_oculi	SRR1609592	1.3644863922256507
Acholeplasma_oculi	SRR1609593	1.3657127099457684
Acholeplasma_oculi	SRR1609594	1.3474441088246403
Acholeplasma_oculi	SRR1609595	1.3658304473165754
Acholeplasma_oculi	SRR1609596	1.364275399950775
Acholeplasma_oculi	SRR1609597	1.3652592688971437
Acholeplasma_oculi	SRR1609598	1.3625634054000042
Acholeplasma_oculi	SRR1609599	1.3159952333304499
Acholeplasma_oculi	SRR1609600	1.3619655654592606
Acholeplasma_oculi	SRR1609601	1.3510551556071593
Acholeplasma_oculi	SRR1609602	1.3489903187332701
Acholeplasma_oculi	SRR1609603	1.3632936897014178
Acholeplasma_oculi	SRR1609604	1.3613966590497895
Acholeplasma_oculi	SRR1609605	1.3650389842268886
Acholeplasma_oculi	SRR1609606	1.3565777300701471
Acholeplasma_oculi	SRR1609607	1.3632493219027384
Acholeplasma_oculi	SRR1609608	1.3658304473165754
Acholeplasma_oculi	SRR1609609	1.3665467722368712
Acholeplasma_oculi	SRR1609610	1.3614907853286795
Acholeplasma_oculi	SRR1609611	1.3628742248234382
Acholeplasma_oculi	SRR1609612	1.36415487469014
Acholeplasma_oculi	SRR1609613	1.3644863922256507
Acholeplasma_oculi	SRR1609614	1.367723364166903
Acholeplasma_oculi	SRR1609615	1.3656513527865064
Acholeplasma_oculi	SRR1609616	1.361986070642
Acholeplasma_oculi	SRR1609617	1.3632074161673557
Acholeplasma_oculi	SRR1609618	1.363963302220239
Acholeplasma_oculi	SRR1609619	1.3639943687800475
Acholeplasma_oculi	SRR1609620	1.3575007269852146
Acholeplasma_oculi	SRR1609621	1.3692703068875742
Acholeplasma_oculi	SRR1609622	1.3480674404067088
Acholeplasma_oculi	SRR1609623	1.3695495824775967
Acholeplasma_oculi	SRR1609624	1.3692703068875742
Acholeplasma_oculi	SRR1609625	1.363367053906934
Acholeplasma_oculi	SRR1609626	1.3566148907720872
Acholeplasma_oculi	SRR1609627	1.3696731095665362
Acholeplasma_oculi	SRR1609628	1.364275399950775
Acholeplasma_oculi	SRR1609629	1.3656513527865064
Acholeplasma_oculi	SRR1609630	1.3652789884192185
Acholeplasma_oculi	SRR1609631	1.3652592688971437
Acholeplasma_oculi	SRR1609632	1.3648618084282327
Acholeplasma_oculi	SRR1609633	1.3652789884192185
Acholeplasma_oculi	SRR1609634	1.366777814654196
Acholeplasma_oculi	SRR1609635	1.3618019380158601
Acholeplasma_oculi	SRR1609636	1.3522393535960768
Acholeplasma_oculi	SRR1609637	1.364418799805003
Acholeplasma_oculi	SRR1609638	1.3695495824775967
Acholeplasma_oculi	SRR1609639	1.3650389842268886
Acholeplasma_oculi	SRR1609640	1.3683007848759485
Acholeplasma_oculi	SRR1609641	1.3691204108846116
Acholeplasma_oculi	SRR1609642	1.3628742248234382
Acholeplasma_oculi	SRR1609643	1.366777814654196
Acholeplasma_oculi	SRR1609644	1.366777814654196
Acholeplasma_oculi	SRR1609645	1.3647292755975204
Acholeplasma_oculi	SRR1609646	1.3648618084282327
Acholeplasma_oculi	SRR1609647	1.3648618084282327
Acholeplasma_oculi	SRR1609648	1.3626190286749618
Acholeplasma_oculi	SRR1609649	1.3648618084282327
Acholeplasma_oculi	SRR1609650	1.3632493219027384
Acholeplasma_oculi	SRR1609651	1.3648618084282327
Acholeplasma_oculi	SRR1609652	1.3652302799676275
Acholeplasma_oculi	SRR1609653	1.3691204108846116
Acholeplasma_oculi	SRR1609654	1.3603247318359362
Acholeplasma_oculi	SRR1609655	1.364275399950775
Acholeplasma_oculi	SRR1609656	1.3614391621519784
Acholeplasma_oculi	SRR1609657	1.3695729822351737
Acholeplasma_oculi	SRR1609658	1.3652302799676275
Acholeplasma_oculi	SRR1609659	1.3645592654045955
Acholeplasma_oculi	SRR1609660	1.3610288633969243
Acholeplasma_oculi	SRR1609661	1.3642765747608594
Acholeplasma_oculi	SRR1609662	1.3652592688971437
Acholeplasma_oculi	SRR1609663	1.3670406656948546
Acholeplasma_oculi	SRR1609664	1.3632936897014178
Acholeplasma_oculi	SRR1609665	1.365648707045223
Acholeplasma_oculi	SRR1609666	1.3551435256159687
Acholeplasma_oculi	SRR1609667	1.3678519102083702
Acholeplasma_oculi	SRR1609668	1.315784239344613
Acholeplasma_oculi	SRR1609669	1.364418799805003
Acholeplasma_oculi	SRR1746771	NA
Acholeplasma_oculi	SRR1746772	NA
Acholeplasma_oculi	SRR1746773	NA
Acholeplasma_oculi	SRR1746774	NA
Acholeplasma_oculi	SRR1746775	NA
Acholeplasma_oculi	SRR1746776	NA
Acholeplasma_oculi	SRR1746777	NA
Acholeplasma_oculi	SRR1746778	NA
Acholeplasma_oculi	SRR1746779	NA
Acholeplasma_oculi	SRR1746780	NA
Acholeplasma_oculi	SRR1746781	NA
Acholeplasma_oculi	SRR1746782	NA
Acholeplasma_oculi	SRR1746783	NA
Acholeplasma_oculi	SRR1746784	NA
Acholeplasma_oculi	SRR1782685	1.3565777300701471
Acholeplasma_oculi	SRR1782686	1.36415487469014
Acholeplasma_oculi	SRR1782687	1.3620855384331363
Acholeplasma_oculi	SRR1782688	1.365648707045223
Acholeplasma_oculi	SRR1782689	1.3614907853286795
Acholeplasma_oculi	SRR1782690	1.3658304473165754
Acholeplasma_oculi	SRR1782691	1.3652302799676275
Acholeplasma_oculi	SRR1782692	1.366777814654196
Acholeplasma_oculi	SRR1782693	1.3639943687800475
Acholeplasma_oculi	SRR1782694	1.3665467722368712
Acholeplasma_oculi	SRR1782695	1.3650389842268886
Acholeplasma_oculi	SRR1782696	1.3648618084282327
Acholeplasma_oculi	SRR1782697	1.3644863922256507
Acholeplasma_oculi	SRR1782698	1.3658304473165754
Acholeplasma_oculi	SRR1782699	1.3658304473165754
Acholeplasma_oculi	SRR1782700	1.3650389842268886
Acholeplasma_oculi	SRR1782701	1.3658304473165754
Acholeplasma_oculi	SRR1782702	1.36415487469014
Acholeplasma_oculi	SRR1782703	1.3652789884192185
Acholeplasma_oculi	SRR1782704	1.3647292755975204
Acholeplasma_oculi	SRR1782705	1.3274775891413366
Acholeplasma_oculi	SRR1782706	1.3642765747608594
Acholeplasma_oculi	SRR1782707	1.364275399950775
Acholeplasma_oculi	SRR1782708	1.3650389842268886
Acholeplasma_oculi	SRR1782709	1.3652592688971437
Acholeplasma_oculi	SRR1782710	1.364275399950775
Acholeplasma_oculi	SRR1782711	1.3644863922256507
Acholeplasma_oculi	SRR1782712	1.3538840207981289
Acholeplasma_oculi	SRR1782713	1.3556918670257883
Acholeplasma_oculi	SRR1782714	1.3556784343652573
Acholeplasma_oculi	SRR1782715	1.3619655654592606
Acholeplasma_oculi	SRR1782716	1.351748025615633
Acholeplasma_oculi	SRR1782717	1.3652789884192185
Acholeplasma_oculi	SRR1782718	1.3559699697980863
Acholeplasma_oculi	SRR1782719	1.3632936897014178
Acholeplasma_oculi	SRR1782720	1.3571865780557517
Acholeplasma_oculi	SRR1782721	1.3331702213185004
Acholeplasma_oculi	SRR1782722	1.3636661710431994
Acholeplasma_oculi	SRR1782723	1.3644863922256507
Acholeplasma_oculi	SRR1782724	1.3644863922256507
Acholeplasma_oculi	SRR1782725	1.3601862908424658
Acholeplasma_oculi	SRR1782726	1.3632493219027384
Acholeplasma_oculi	SRR1782727	1.3626580852625958
Acholeplasma_oculi	SRR1782728	1.3308497310876877
Acholeplasma_oculi	SRR1782729	1.3618823313624977
Acholeplasma_oculi	SRR1782730	1.3626190286749618
Acholeplasma_oculi	SRR1782731	1.3665467722368712
Acholeplasma_oculi	SRR1782732	1.350312888834268
Acholeplasma_oculi	SRR1782733	1.3652789884192185
Acholeplasma_oculi	SRR1782734	1.3648618084282327
Acholeplasma_oculi	SRR1782735	1.3678386989055058
Acholeplasma_oculi	SRR1782736	1.366777814654196
Acholeplasma_oculi	SRR1782737	1.363367053906934
Acholeplasma_oculi	SRR1782738	1.3595851426742833
Acholeplasma_oculi	SRR1782739	1.357338444084492
Acholeplasma_oculi	SRR1782740	1.367723364166903
Acholeplasma_oculi	SRR1782741	1.357338444084492
Acholeplasma_oculi	SRR1782742	1.3639943687800475
Acholeplasma_oculi	SRR1782743	1.3652789884192185
Acholeplasma_oculi	SRR1782744	1.3645592654045955
Acholeplasma_oculi	SRR1782745	1.3657127099457684
Acholeplasma_oculi	SRR1782746	1.3618019380158601
Acholeplasma_oculi	SRR1782747	1.365648707045223
Acholeplasma_oculi	SRR1782748	1.366777814654196
Acholeplasma_oculi	SRR1782749	1.3644863922256507
Acholeplasma_oculi	SRR1782750	1.3652789884192185
Acholeplasma_oculi	SRR1782751	1.365648707045223
Acholeplasma_oculi	SRR1782752	1.3665467722368712
Acholeplasma_oculi	SRR1782753	1.36259882499864
Acholeplasma_oculi	SRR1782754	1.364418799805003
Acholeplasma_oculi	SRR1782755	1.3652789884192185
Acholeplasma_oculi	SRR1782756	1.347463603109902
Acholeplasma_oculi	SRR1782757	1.3648618084282327
Acholeplasma_oculi	SRR1782758	1.364275399950775
Acholeplasma_oculi	SRR1782759	1.3652302799676275
Acholeplasma_oculi	SRR1782760	1.3617719570408353
Acholeplasma_oculi	SRR1782761	1.283853554459195
Acholeplasma_oculi	SRR1782762	1.3337023738185396
Acholeplasma_oculi	SRR1782763	1.3647292755975204
Acholeplasma_oculi	SRR1782764	1.363963302220239
Acholeplasma_oculi	SRR1782765	1.36415487469014
Acholeplasma_oculi	SRR1782766	1.365648707045223
Acholeplasma_oculi	SRR1782767	1.3650389842268886
Acholeplasma_oculi	SRR1782768	1.3657127099457684
Acholeplasma_oculi	SRR1782769	1.367723364166903
Acholeplasma_oculi	SRR1782770	1.364275399950775
Acholeplasma_oculi	SRR1782771	1.364418799805003
Acholeplasma_oculi	SRR1782772	1.3645592654045955
Acholeplasma_oculi	SRR1782773	1.355001032468201
Acholeplasma_oculi	SRR1782774	1.3595851426742833
Acholeplasma_oculi	SRR1782775	1.3652302799676275
Acholeplasma_oculi	SRR1782776	1.3413229230288701
Acholeplasma_oculi	SRR1782777	1.3645592654045955
Acholeplasma_oculi	SRR1782778	1.364275399950775
Acholeplasma_oculi	SRR1782779	1.3510551556071593
Acholeplasma_oculi	SRR1782780	1.3617719570408353
Acholeplasma_oculi	SRR1782781	1.3603247318359362
Acholeplasma_oculi	SRR1782782	1.36259882499864
Acholeplasma_oculi	SRR1782783	1.296477417292304
Acholeplasma_oculi	SRR1782784	1.3647292755975204
Acholeplasma_oculi	SRR1782785	1.36415487469014
Acholeplasma_oculi	SRR1782786	1.3618019380158601
Acholeplasma_oculi	SRR1782787	1.3652592688971437
Acholeplasma_oculi	SRR1782788	1.3652302799676275
Acholeplasma_oculi	SRR1782789	1.3628742248234382
Acholeplasma_oculi	SRR1782790	1.3657127099457684
Acholeplasma_oculi	SRR1782791	1.3630300139455425
Acholeplasma_oculi	SRR1782792	1.3613966590497895
Acholeplasma_oculi	SRR1782793	1.3632936897014178
Acholeplasma_oculi	SRR1782794	1.3601862908424658
Acholeplasma_oculi	SRR1782795	1.3159952333304499
Acholeplasma_oculi	SRR1782796	1.3489953044767595
Acholeplasma_oculi	SRR1782797	1.3474441088246403
Acholeplasma_oculi	SRR1782798	1.3566148907720872
Acholeplasma_oculi	SRR1782799	1.3650389842268886
Acholeplasma_oculi	SRR1782800	1.3644863922256507
Acholeplasma_oculi	SRR1782801	1.3678519102083702
Acholeplasma_oculi	SRR1782802	1.3645592654045955
Acholeplasma_oculi	SRR1782803	1.3652789884192185
Acholeplasma_oculi	SRR1782804	1.3678519102083702
Acholeplasma_oculi	SRR1782805	1.3647292755975204
Acholeplasma_oculi	SRR1782806	1.3645592654045955
Acholeplasma_oculi	SRR1782807	1.3642765747608594
Acholeplasma_oculi	SRR1782808	1.3639943687800475
Acholeplasma_oculi	SRR1782809	1.3601862908424658
Acholeplasma_oculi	SRR1782810	1.330579163784775
Acholeplasma_oculi	SRR1782811	1.3632936897014178
Acholeplasma_oculi	SRR1782812	1.3642765747608594
Acholeplasma_oculi	SRR1782813	1.3647292755975204
Acholeplasma_oculi	SRR1782814	1.3395908197258153
Acholeplasma_oculi	SRR1782815	1.3281592615564368
Acholeplasma_oculi	SRR1782816	1.3644863922256507
Acholeplasma_oculi	SRR1782817	1.3647292755975204
Acholeplasma_oculi	SRR1782818	1.3658304473165754
Acholeplasma_oculi	SRR1782819	1.3625634054000042
Acholeplasma_oculi	SRR1782820	1.3686075106956568
Acholeplasma_oculi	SRR1782821	1.3670406656948546
Acholeplasma_oculi	SRR1782822	1.3626190286749618
Acholeplasma_oculi	SRR1782823	1.3628742248234382
Acholeplasma_oculi	SRR1782824	1.3614391621519784
Acholeplasma_oculi	SRR1782825	1.365648707045223
Acholeplasma_oculi	SRR1782826	1.3644863922256507
Acholeplasma_oculi	SRR1782827	1.3652302799676275
Acholeplasma_oculi	SRR1782828	1.3683325279379595
Acholeplasma_oculi	SRR1782829	1.365648707045223
Acholeplasma_oculi	SRR1782830	1.3480674404067088
Acholeplasma_oculi	SRR1782831	1.3604438151934661
Acholeplasma_oculi	SRR1782832	1.3647292755975204
Acholeplasma_oculi	SRR1782833	1.3625634054000042
Acholeplasma_oculi	SRR1782834	1.3652592688971437
Acholeplasma_oculi	SRR1782835	1.3644863922256507
Acholeplasma_oculi	SRR1782836	1.364418799805003
Acholeplasma_oculi	SRR1782837	1.3695729822351737
Acholeplasma_oculi	SRR1782838	1.3695729822351737
Acholeplasma_oculi	SRR1782839	1.369387944920576
Acholeplasma_oculi	SRR1782840	1.3692703068875742
Acholeplasma_oculi	SRR1782841	1.3695729822351737
Acholeplasma_oculi	SRR1782842	1.3652789884192185
Acholeplasma_oculi	SRR1782843	1.3695495824775967
Acholeplasma_oculi	SRR1782844	1.3691204108846116
Acholeplasma_oculi	SRR1782845	1.3695495824775967
Acholeplasma_oculi	SRR1782846	1.3696731095665362
Acholeplasma_oculi	SRR1782847	1.3695495824775967
Acholeplasma_oculi	SRR1782848	1.3692703068875742
Acholeplasma_oculi	SRR1782849	1.3696731095665362
Acholeplasma_oculi	SRR1782850	1.369387944920576
Acholeplasma_oculi	SRR1782851	1.3695495824775967
Acholeplasma_oculi	SRR1782852	1.369387944920576
Acholeplasma_oculi	SRR1782853	1.3695495824775967
Acholeplasma_oculi	SRR1782854	1.361986070642
Acholeplasma_oculi	SRR1782855	1.36415487469014
Acholeplasma_oculi	SRR1782856	1.3632936897014178
Acholeplasma_oculi	SRR1782857	1.3630300139455425
Acholeplasma_oculi	SRR1782858	1.3632074161673557
Acholeplasma_oculi	SRR1782859	1.3645592654045955
Acholeplasma_oculi	SRR1782860	1.3603247318359362
Acholeplasma_oculi	SRR1782861	1.3587925115012331
Acholeplasma_oculi	SRR1782862	1.3625634054000042
Acholeplasma_oculi	SRR1782863	1.36415487469014
Acholeplasma_oculi	SRR1782864	1.3566148907720872
Acholeplasma_oculi	SRR1782865	1.3642765747608594
Acholeplasma_oculi	SRR1782866	1.3658304473165754
Acholeplasma_oculi	SRR1782867	1.3642765747608594
Acholeplasma_oculi	SRR1782868	1.3639943687800475
Acholeplasma_oculi	SRR1782869	1.3632493219027384
Acholeplasma_oculi	SRR1782870	1.3652592688971437
Acholeplasma_oculi	SRR1782871	1.3628742248234382
Acholeplasma_oculi	SRR1782872	1.3626190286749618
Acholeplasma_oculi	SRR1782873	1.363963302220239
Acholeplasma_oculi	SRR1782874	1.364275399950775
Acholeplasma_oculi	SRR1782875	1.3648618084282327
Acholeplasma_oculi	SRR1782876	1.3610288633969243
Acholeplasma_oculi	SRR1782877	1.363367053906934
Acholeplasma_oculi	SRR1782878	1.3566148907720872
Acholeplasma_oculi	SRR1782879	1.3614391621519784
Acholeplasma_oculi	SRR1782880	1.3650389842268886
Acholeplasma_oculi	SRR1782881	1.3626580852625958
Acholeplasma_oculi	SRR1782882	1.3626190286749618
Acholeplasma_oculi	SRR1782883	1.3630300139455425
Acholeplasma_oculi	SRR1782884	1.3632074161673557
Acholeplasma_oculi	SRR1782885	1.3632936897014178
Acholeplasma_oculi	SRR1782886	1.3647292755975204
Acholeplasma_oculi	SRR1782887	1.3632936897014178
Acholeplasma_oculi	SRR1782888	1.363963302220239
Acholeplasma_oculi	SRR1782889	1.3652789884192185
Acholeplasma_oculi	SRR1782890	1.3642765747608594
Acholeplasma_oculi	SRR1782891	1.3644863922256507
Acholeplasma_oculi	SRR1782892	1.363367053906934
Acholeplasma_oculi	SRR1782893	1.36415487469014
Acholeplasma_oculi	SRR1782894	1.3372878784409956
Acholeplasma_oculi	SRR1782895	1.363963302220239
Acholeplasma_oculi	SRR1782896	1.3636661710431994
Acholeplasma_oculi	SRR1782897	1.3652592688971437
Acholeplasma_oculi	SRR1782898	1.3648618084282327
Acholeplasma_oculi	SRR1782899	1.3632493219027384
Acholeplasma_oculi	SRR1782900	1.3652592688971437
Acholeplasma_oculi	SRR1782901	1.3632074161673557
Acholeplasma_oculi	SRR1782902	1.3614907853286795
Acholeplasma_oculi	SRR1782903	1.364275399950775
Acholeplasma_oculi	SRR1782904	1.3628742248234382
Acholeplasma_oculi	SRR1782905	1.3639943687800475
Acholeplasma_oculi	SRR1782906	1.3652789884192185
Acholeplasma_oculi	SRR1782907	1.355177982980013
Acholeplasma_oculi	SRR1782908	1.3652789884192185
Acholeplasma_oculi	SRR1782909	1.3652789884192185
Acholeplasma_oculi	SRR1782910	1.363367053906934
Acholeplasma_oculi	SRR1782911	1.3644863922256507
Acholeplasma_oculi	SRR1782912	1.361986070642
Acholeplasma_oculi	SRR1782913	1.3632074161673557
Acholeplasma_oculi	SRR1782914	1.364275399950775
Acholeplasma_oculi	SRR1782915	1.3632074161673557
Acholeplasma_oculi	SRR1782916	1.3618019380158601
Acholeplasma_oculi	SRR1782917	1.3652592688971437
Acholeplasma_oculi	SRR1782918	1.3642765747608594
Acholeplasma_oculi	SRR1782919	1.36415487469014
Acholeplasma_oculi	SRR1782920	1.3628742248234382
Acholeplasma_oculi	SRR1782921	1.36415487469014
Acholeplasma_oculi	SRR1782922	1.336962642906195
Acholeplasma_oculi	SRR1782923	1.3658304473165754
Acholeplasma_oculi	SRR1782924	1.3647292755975204
Acholeplasma_oculi	SRR1782925	1.3644863922256507
Acholeplasma_oculi	SRR1782926	1.3652302799676275
Acholeplasma_oculi	SRR1782927	1.3648618084282327
Acholeplasma_oculi	SRR1782928	1.3670406656948546
Acholeplasma_oculi	SRR1782929	1.3650389842268886
Acholeplasma_oculi	SRR1782930	1.3583740921230527
Acholeplasma_oculi	SRR1782931	1.3650389842268886
Acholeplasma_oculi	SRR1782932	1.3632074161673557
Acholeplasma_oculi	SRR1782933	1.3459185395104925
Acholeplasma_oculi	SRR1782934	1.364418799805003
Acholeplasma_oculi	SRR1782935	1.36415487469014
Acholeplasma_oculi	SRR1782936	1.3415852748948751
Acholeplasma_oculi	SRR1782937	1.3645592654045955
Acholeplasma_oculi	SRR1782938	1.350364271491463
Acholeplasma_oculi	SRR1782939	1.3652302799676275
Acholeplasma_oculi	SRR1782940	1.365648707045223
Acholeplasma_oculi	SRR1782941	1.3632493219027384
Acholeplasma_oculi	SRR1782942	1.3656513527865064
Acholeplasma_oculi	SRR1782943	1.3647292755975204
Acholeplasma_oculi	SRR1782944	1.364418799805003
Acholeplasma_oculi	SRR1782945	1.363367053906934
Acholeplasma_oculi	SRR1782946	1.36259882499864
Acholeplasma_oculi	SRR1782947	1.3658304473165754
Acholeplasma_oculi	SRR1782948	1.365648707045223
Acholeplasma_oculi	SRR1782949	1.3648618084282327
Acholeplasma_oculi	SRR1782950	1.365648707045223
Acholeplasma_oculi	SRR1782951	1.3642765747608594
Acholeplasma_oculi	SRR1782952	1.331797528030689
Acholeplasma_oculi	SRR1782953	1.3632074161673557
Acholeplasma_oculi	SRR1782954	1.315784239344613
Acholeplasma_oculi	SRR1782955	1.3522393535960768
Acholeplasma_oculi	SRR1782956	1.3648618084282327
Acholeplasma_oculi	SRR1782957	1.364418799805003
Acholeplasma_oculi	SRR1782958	1.3650389842268886
Acholeplasma_oculi	SRR1782959	1.357545797336928
Acholeplasma_oculi	SRR1782960	1.3626580852625958
Acholeplasma_oculi	SRR1782961	1.3578332304943945
Acholeplasma_oculi	SRR1782962	1.3632936897014178
Acholeplasma_oculi	SRR1782963	1.364275399950775
Acholeplasma_oculi	SRR1782964	1.3632936897014178
Acholeplasma_oculi	SRR1782965	1.3678519102083702
Acholeplasma_oculi	SRR1782966	1.363963302220239
Acholeplasma_oculi	SRR1782967	1.3657127099457684
Acholeplasma_oculi	SRR1782968	1.3652302799676275
Acholeplasma_oculi	SRR1782969	1.366777814654196
Acholeplasma_oculi	SRR1782970	1.3575007269852146
Acholeplasma_oculi	SRR1782971	1.3551435256159687
Acholeplasma_oculi	SRR1782972	1.366777814654196
Acholeplasma_oculi	SRR1782973	1.3691204108846116
Acholeplasma_oculi	SRR1782974	1.3670406656948546
Acholeplasma_oculi	SRR1782975	1.3683007848759485
Acholeplasma_oculi	SRR1782976	1.3683107682878979
Acholeplasma_oculi	SRR1782977	1.3683007848759485
Acholeplasma_oculi	SRR1782978	1.3647292755975204
Acholeplasma_oculi	SRR1782979	1.366777814654196
Acholeplasma_oculi	SRR1782980	1.366777814654196
Acholeplasma_oculi	SRR1782981	1.3658304473165754
Acholeplasma_oculi	SRR1782982	1.3665467722368712
Acholeplasma_oculi	SRR1782983	1.366777814654196
Acholeplasma_oculi	SRR1782984	1.3645592654045955
Acholeplasma_oculi	SRR1782985	1.36415487469014
Acholeplasma_oculi	SRR1782986	1.3670406656948546
Acholeplasma_oculi	SRR1782987	1.365648707045223
Acholeplasma_oculi	SRR1782988	1.3648618084282327
Acholeplasma_oculi	SRR1782989	1.3632936897014178
Acholeplasma_oculi	SRR1782990	1.3645592654045955
Acholeplasma_oculi	SRR1782991	1.364418799805003
Acholeplasma_oculi	SRR1782992	1.3648618084282327
Acholeplasma_oculi	SRR1782993	1.3648618084282327
Acholeplasma_oculi	SRR1782994	1.3644863922256507
Acholeplasma_oculi	SRR1782995	1.3648618084282327
Acholeplasma_oculi	SRR1782996	1.3652592688971437
Acholeplasma_oculi	SRR1782997	1.3645592654045955
Acholeplasma_oculi	SRR1782998	1.3652789884192185
Acholeplasma_oculi	SRR1782999	1.36415487469014
Acholeplasma_oculi	SRR1783000	1.364418799805003
Acholeplasma_oculi	SRR1783001	1.3656513527865064
Acholeplasma_oculi	SRR1783002	1.3652789884192185
Acholeplasma_oculi	SRR1783003	1.36259882499864
Acholeplasma_oculi	SRR1783004	1.3652592688971437
Acholeplasma_oculi	SRR1783005	1.3645592654045955
Acholeplasma_oculi	SRR1783006	1.363963302220239
Acholeplasma_oculi	SRR1813867	NA
Acholeplasma_oculi	SRR1813868	NA
Acholeplasma_oculi	SRR1813869	NA
Acholeplasma_oculi	SRR1813870	NA
Acholeplasma_oculi	SRR1813871	NA
Acholeplasma_oculi	SRR1813872	NA
Acholeplasma_oculi	SRR1813873	NA
Acholeplasma_oculi	SRR1813874	NA
Acholeplasma_oculi	SRR1813875	NA
Acholeplasma_oculi	SRR1813876	NA
Acholeplasma_oculi	SRR1813877	NA
Acholeplasma_oculi	SRR1813878	NA
Acholeplasma_oculi	SRR1813879	NA
Acholeplasma_oculi	SRR1813880	NA
Acholeplasma_oculi	SRR1813881	NA
Acholeplasma_oculi	SRR1813882	NA
Acholeplasma_oculi	SRR1813883	NA
Acholeplasma_oculi	SRR1813884	NA
Acholeplasma_oculi	SRR1813885	NA
Acholeplasma_oculi	SRR1813886	NA
Acholeplasma_oculi	SRR1813887	NA
Acholeplasma_oculi	SRR1928188	NA
Acholeplasma_oculi	SRR1928189	NA
Acholeplasma_oculi	SRR1928190	NA
Acholeplasma_oculi	SRR1928191	NA
Acholeplasma_oculi	SRR1928192	NA
Acholeplasma_oculi	SRR1928193	NA
Acholeplasma_oculi	SRR2046996	1.3555405213425968
Acholeplasma_oculi	SRR2046997	1.3561626257600456
Acholeplasma_oculi	SRR2046998	1.3632936897014178
Acholeplasma_oculi	SRR2046999	1.363963302220239
Acholeplasma_oculi	SRR2047000	1.3513816610410734
Acholeplasma_oculi	SRR2047001	1.359432188335606
Acholeplasma_oculi	SRR2047002	1.3599875461622084
Acholeplasma_oculi	SRR2047003	1.3626190286749618
Acholeplasma_oculi	SRR2047004	1.3574339952142995
Acholeplasma_oculi	SRR2047005	1.3618823313624977
Acholeplasma_oculi	SRR2047006	1.3618019380158601
Acholeplasma_oculi	SRR2047007	1.3597762438242038
Acholeplasma_oculi	SRR2047008	1.3620855384331363
Acholeplasma_oculi	SRR2047009	1.3613966590497895
Acholeplasma_oculi	SRR2313973	NA
Acholeplasma_oculi	SRR2313974	NA
Acholeplasma_oculi	SRR2313975	NA
Acholeplasma_oculi	SRR2313976	NA
Acholeplasma_oculi	SRR2313977	NA
Acholeplasma_oculi	SRR2313978	NA
Acholeplasma_oculi	SRR2313979	NA
Acholeplasma_oculi	SRR2313980	NA
Acholeplasma_oculi	SRR2313981	NA
Acholeplasma_oculi	SRR2313982	NA
Acholeplasma_oculi	SRR2313983	NA
Acholeplasma_oculi	SRR2313984	NA
Acholeplasma_oculi	SRR2313985	NA
Acholeplasma_oculi	SRR2313986	NA
Acholeplasma_oculi	SRR2313987	NA
Acholeplasma_oculi	SRR2313988	NA
Acholeplasma_oculi	SRR2313989	NA
Acholeplasma_oculi	SRR2313990	NA
Acholeplasma_oculi	SRR2313991	NA
Acholeplasma_oculi	SRR2313992	NA
Acholeplasma_oculi	SRR2313993	NA
Acholeplasma_oculi	SRR2313994	NA
Acholeplasma_oculi	SRR2313995	NA
Acholeplasma_oculi	SRR2313996	NA
Acholeplasma_oculi	SRR2313997	NA
Acholeplasma_oculi	SRR2313998	NA
Acholeplasma_oculi	SRR2313999	NA
Acholeplasma_oculi	SRR2314000	NA
Acholeplasma_oculi	SRR2314001	NA
Acholeplasma_oculi	SRR2314002	NA
Acholeplasma_oculi	SRR2314003	NA
Acholeplasma_oculi	SRR2314004	NA
Acholeplasma_oculi	SRR2314005	NA
Acholeplasma_oculi	SRR2314006	NA
Acholeplasma_oculi	SRR2314007	NA
Acholeplasma_oculi	SRR2314008	NA
Acholeplasma_oculi	SRR2314009	NA
Acholeplasma_oculi	SRR2314010	NA
Acholeplasma_oculi	SRR2314011	NA
Acholeplasma_oculi	SRR2314012	NA
Acholeplasma_oculi	SRR2314013	NA
Acholeplasma_oculi	SRR2314014	NA
Acholeplasma_oculi	SRR2314015	NA
Acholeplasma_oculi	SRR2314016	NA
Acholeplasma_oculi	SRR2314017	NA
Acholeplasma_oculi	SRR2314018	NA
Acholeplasma_oculi	SRR2314019	NA
Acholeplasma_oculi	SRR2314020	NA
Acholeplasma_oculi	SRR2314021	NA
Acholeplasma_oculi	SRR2314022	NA
Acholeplasma_oculi	SRR2314023	NA
Acholeplasma_oculi	SRR2314024	NA
Acholeplasma_oculi	SRR2314025	NA
Acholeplasma_oculi	SRR2314026	NA
Acholeplasma_oculi	SRR2314027	NA
Acholeplasma_oculi	SRR2314028	NA
Acholeplasma_oculi	SRR2314029	NA
Acholeplasma_oculi	SRR2314030	NA
Acholeplasma_oculi	SRR2314031	NA
Acholeplasma_oculi	SRR2314032	NA
Acholeplasma_oculi	SRR2314033	NA
Acholeplasma_oculi	SRR2314034	NA
Acholeplasma_oculi	SRR2314035	NA
Acholeplasma_oculi	SRR2314036	NA
Acholeplasma_oculi	SRR2314037	NA
Acholeplasma_oculi	SRR2314038	NA
Acholeplasma_oculi	SRR2314039	NA
Acholeplasma_oculi	SRR2314040	NA
Acholeplasma_oculi	SRR2314041	NA
Acholeplasma_oculi	SRR2314042	NA
Acholeplasma_oculi	SRR2314043	NA
Acholeplasma_oculi	SRR2314044	NA
Acholeplasma_oculi	SRR2314045	NA
Acholeplasma_oculi	SRR3493774	1.3382819884592194
Acholeplasma_oculi	SRR3493775	1.3480674404067088
Acholeplasma_oculi	SRR3493776	1.3296738838805997
Acholeplasma_oculi	SRR3493777	1.3505835749216886
Acholeplasma_oculi	SRR3493778	1.358349537490332
Acholeplasma_oculi	SRR3493779	1.3561626257600456
Acholeplasma_oculi	SRR3493780	1.3398964265019178
Acholeplasma_oculi	SRR3493781	1.3438742739783325
Acholeplasma_oculi	SRR3493782	1.323299595997881
Acholeplasma_oculi	SRR3493783	1.3459185395104925
Acholeplasma_oculi	SRR3493784	1.3438742739783325
Acholeplasma_oculi	SRR3493785	1.3508362279898005
Acholeplasma_oculi	SRR3493786	1.3287149082462886
Acholeplasma_oculi	SRR3493787	1.3380477713644905
Acholeplasma_oculi	SRR3493788	1.3183154886473012
Acholeplasma_oculi	SRR3493789	1.347463603109902
Acholeplasma_oculi	SRR3493790	1.2625448423100207
Acholeplasma_oculi	SRR3493791	1.284592323754263
Acholeplasma_oculi	SRR3493792	1.2305141341823898
Acholeplasma_oculi	SRR3493793	1.260745717944606
Acholeplasma_oculi	SRR3493794	1.2711853315026325
Acholeplasma_oculi	SRR3493795	1.2142169544739283
Acholeplasma_oculi	SRR3493796	2.131657523639982
Acholeplasma_oculi	SRR3493797	1.284592323754263
Acholeplasma_oculi	SRR3493798	1.2627860312224735
Acholeplasma_oculi	SRR3493799	1.2198005066181308
Acholeplasma_oculi	SRR3493800	1.2987680889557414
Acholeplasma_oculi	SRR3493801	1.1449664140631362
Acholeplasma_oculi	SRR3493802	1.092222303761903
Acholeplasma_oculi	SRR3493803	1.1538936985338037
Acholeplasma_oculi	SRR3493804	2.5941824736607146
Acholeplasma_oculi	SRR3493805	1.155781100264946
Acholeplasma_oculi	SRR3493806	1.240753971202841
Acholeplasma_oculi	SRR3493807	3.5463110316518236
Acholeplasma_oculi	SRR3493808	1.1245678864792692
Acholeplasma_oculi	SRR3493809	1.115773559998563
Acholeplasma_oculi	SRR3493810	2.2253723272195898
Acholeplasma_oculi	SRR3493811	1.1960002773585596
Acholeplasma_oculi	SRR3493812	2.4802412318778075
Acholeplasma_oculi	SRR3493813	1.2019384090069336
Acholeplasma_oculi	SRR3493814	1.2240379779593342
Acholeplasma_oculi	SRR3493815	1.2049206616817982
Acholeplasma_oculi	SRR3493816	2.4596059073890504
Acholeplasma_oculi	SRR3493817	66.62074732056053
Acholeplasma_oculi	SRR3493818	3.6082311270396232
Acholeplasma_oculi	SRR3493819	1.2205584277726473
Acholeplasma_oculi	SRR3493820	1.3173952229656312
Acholeplasma_oculi	SRR3493821	4.601412418958015
Acholeplasma_oculi	SRR3493822	1.2468982506550739
Acholeplasma_oculi	SRR3493823	2.478353870529571
Acholeplasma_oculi	SRR3493824	1.2882433644676075
Acholeplasma_oculi	SRR3493825	1.1863548972738074
Acholeplasma_oculi	SRR3493826	1.1957337316838368
Acholeplasma_oculi	SRR3493827	1.1928585465345922
Acholeplasma_oculi	SRR3493828	1.1456715974121265
Acholeplasma_oculi	SRR3493829	1.058231760561945
Acholeplasma_oculi	SRR3493830	1.2752140936865761
Acholeplasma_oculi	SRR3493831	2.1788388923677307
Acholeplasma_oculi	SRR3493832	1.1641537538009277
Acholeplasma_oculi	SRR3493833	1.2085068583223566
Acholeplasma_oculi	SRR3493834	1.236584131457369
Acholeplasma_oculi	SRR3493835	0.6386201409012657
Acholeplasma_oculi	SRR3493836	1.2914238372325433
Acholeplasma_oculi	SRR3493837	1.1214647196727927
Acholeplasma_oculi	SRR3493838	1.1644913690110268
Acholeplasma_oculi	SRR3493839	1.3240933322740474
Acholeplasma_oculi	SRR3493840	1.315784239344613
Acholeplasma_oculi	SRR3493841	1.2671331324617459
Acholeplasma_oculi	SRR3493846	1.3184752878867636
Acholeplasma_oculi	SRR3493847	1.2952730709674147
Acholeplasma_oculi	SRR3493848	1.3183154886473012
Acholeplasma_oculi	SRR3493849	14.291104985848671
Acholeplasma_oculi	SRR3493850	1.2886820472941767
Acholeplasma_oculi	SRR3714631	1.3652302799676275
Acholeplasma_oculi	SRR3714632	1.3650389842268886
Acholeplasma_oculi	SRR3714633	1.3423135436670932
Acholeplasma_oculi	SRR3714634	1.3483358427492986
Acholeplasma_oculi	SRR3714635	1.3301157084966697
Acholeplasma_oculi	SRR3714636	1.3612319094799556
Acholeplasma_oculi	SRR3714637	1.350364271491463
Acholeplasma_oculi	SRR3714638	1.347000803460904
Acholeplasma_oculi	SRR3714639	1.3183139712761642
Acholeplasma_oculi	SRR3714640	1.344021627244169
Acholeplasma_oculi	SRR3714641	1.3434000954997938
Acholeplasma_oculi	SRR3714642	1.3501340679540812
Acholeplasma_oculi	SRR3714643	1.3508362279898005
Acholeplasma_oculi	SRR3714644	1.3524350411013144
Acholeplasma_oculi	SRR3714645	1.3383514119561248
Acholeplasma_oculi	SRR3714646	1.3274339751425022
Acholeplasma_oculi	SRR3714648	1.3285645915048494
Acholeplasma_oculi	SRR3714649	1.3358726283614641
Acholeplasma_oculi	SRR3714650	1.2804465079787484
Acholeplasma_oculi	SRR3714651	1.340495266601185
Acholeplasma_oculi	SRR3714652	2.674175129377257
Acholeplasma_oculi	SRR3714653	1.3351787252769485
Acholeplasma_oculi	SRR3714654	1.3179295366425143
Acholeplasma_oculi	SRR3714655	1.3490138249359378
Acholeplasma_oculi	SRR3714656	1.2567251485578759
Acholeplasma_oculi	SRR3714657	1.336962642906195
Acholeplasma_oculi	SRR3714658	1.351845412490748
Acholeplasma_oculi	SRR3714659	1.3516557234899487
Acholeplasma_oculi	SRR3714660	1.3505835749216886
Acholeplasma_oculi	SRR3714661	1.3304516300065055
Acholeplasma_oculi	SRR3714662	1.348742925120609
Acholeplasma_oculi	SRR3714663	1.3312382839650534
Acholeplasma_oculi	SRR3714664	1.350385719456188
Acholeplasma_oculi	SRR3714665	1.3490138249359378
Acholeplasma_oculi	SRR3714666	1.359861209009657
Acholeplasma_oculi	SRR3714667	1.3307404382020307
Acholeplasma_oculi	SRR3714668	1.3375379880262035
Acholeplasma_oculi	SRR3714669	1.3345735792666624
Acholeplasma_oculi	SRR3714670	1.2702440658531313
Acholeplasma_oculi	SRR3714671	1.3287149082462886
Acholeplasma_oculi	SRR3714672	1.3388174262643275
Acholeplasma_oculi	SRR3714673	1.2667410257810257
Acholeplasma_oculi	SRR3714674	1.34653965578047
Acholeplasma_oculi	SRR3714675	1.3451861847413156
Acholeplasma_oculi	SRR3714676	1.3456171453727186
Acholeplasma_oculi	SRR3714677	1.2961864285789997
Acholeplasma_oculi	SRR3714678	1.3514824771725942
Acholeplasma_oculi	SRR3714679	1.345253865980099
Acholeplasma_oculi	SRR3714680	1.3367622302937445
Acholeplasma_oculi	SRR3714681	1.3560657049542797
Acholeplasma_oculi	SRR3714682	1.3558285475421563
Acholeplasma_oculi	SRR3714683	1.3366743708340345
Acholeplasma_oculi	SRR3714684	1.3348202926155082
Acholeplasma_oculi	SRR3714685	1.336962642906195
Acholeplasma_oculi	SRR3714686	1.3507509512034028
Acholeplasma_oculi	SRR3714688	1.3626190286749618
Acholeplasma_oculi	SRR3714689	1.3534875243524722
Acholeplasma_oculi	SRR3714690	1.3290237230739097
Acholeplasma_oculi	SRR3714691	1.3436634093908635
Acholeplasma_oculi	SRR3714692	1.3180397863021243
Acholeplasma_oculi	SRR3714693	1.3512170370636938
Acholeplasma_oculi	SRR3714694	1.3511672659833882
Acholeplasma_oculi	SRR3714695	1.3513816610410734
Acholeplasma_oculi	SRR3714696	1.292255376915366
Acholeplasma_oculi	SRR3714697	1.2306754126664508
Acholeplasma_oculi	SRR3714698	1.3583740921230527
Acholeplasma_oculi	SRR3714699	1.3450753291437514
Acholeplasma_oculi	SRR3714700	1.3473985089531106
Acholeplasma_oculi	SRR3714701	1.329652535152111
Acholeplasma_oculi	SRR3714702	1.350385719456188
Acholeplasma_oculi	SRR3714703	1.3502790583246302
Acholeplasma_oculi	SRR3714704	1.3547238099368741
Acholeplasma_oculi	SRR3714705	1.317971188461849
Acholeplasma_oculi	SRR3714706	1.3645592654045955
Acholeplasma_oculi	SRR3714707	1.346320609018767
Acholeplasma_oculi	SRR3714708	1.3626580852625958
Acholeplasma_oculi	SRR3714709	1.3423783231069852
Acholeplasma_oculi	SRR3714710	1.3427763630507397
Acholeplasma_oculi	SRR3714711	1.3505835749216886
Acholeplasma_oculi	SRR3714712	1.347145302534545
Acholeplasma_oculi	SRR3714713	1.3394985745560506
Acholeplasma_oculi	SRR3714714	1.336650893783813
Acholeplasma_oculi	SRR3714715	1.3071122189861448
Acholeplasma_oculi	SRR3714716	1.3558285475421563
Acholeplasma_oculi	SRR3714717	1.3607077715866251
Acholeplasma_oculi	SRR3714718	1.3508362279898005
Acholeplasma_oculi	SRR3714719	1.34653965578047
Acholeplasma_oculi	SRR3714720	1.3340118219441086
Acholeplasma_oculi	SRR3714721	1.3419191740325442
Acholeplasma_oculi	SRR3714723	1.3308497310876877
Acholeplasma_oculi	SRR3714724	1.3035662084064727
Acholeplasma_oculi	SRR3714725	1.3214119850406139
Acholeplasma_oculi	SRR3714726	1.3456171453727186
Acholeplasma_oculi	SRR3714727	1.3333686715063529
Acholeplasma_oculi	SRR3714728	1.3333686715063529
Acholeplasma_oculi	SRR3714729	1.3628387906179662
Acholeplasma_oculi	SRR3714730	1.3487588358880969
Acholeplasma_oculi	SRR3714731	1.3123179243169656
Acholeplasma_oculi	SRR3714732	1.3469691601164098
Acholeplasma_oculi	SRR3714734	1.3507509512034028
Acholeplasma_oculi	SRR3714735	1.3489720212096918
Acholeplasma_oculi	SRR3714736	1.3574753250672933
Acholeplasma_oculi	SRR3714737	1.3454871180632704
Acholeplasma_oculi	SRR3714738	1.2909331232652765
Acholeplasma_oculi	SRR3714739	1.3513816610410734
Acholeplasma_oculi	SRR3714740	1.2996587190744668
Acholeplasma_oculi	SRR3714741	1.3614391621519784
Acholeplasma_oculi	SRR3714744	1.3424537171472761
Acholeplasma_oculi	SRR3714745	1.2815229461742896
Acholeplasma_oculi	SRR3714746	1.3644863922256507
Acholeplasma_oculi	SRR3714747	1.3230920898627394
Acholeplasma_oculi	SRR3714748	1.350312888834268
Acholeplasma_oculi	SRR3714749	1.3607077715866251
Acholeplasma_oculi	SRR3714750	1.3274339751425022
Acholeplasma_oculi	SRR3714751	1.3561626257600456
Acholeplasma_oculi	SRR3714752	1.3564544763934177
Acholeplasma_oculi	SRR3714753	1.3180397863021243
Acholeplasma_oculi	SRR3714754	1.3383514119561248
Acholeplasma_oculi	SRR3714755	1.351845412490748
Acholeplasma_oculi	SRR3714756	1.3409308401998268
Acholeplasma_oculi	SRR3714757	1.3454871180632704
Acholeplasma_oculi	SRR3714758	1.350364271491463
Acholeplasma_oculi	SRR3714759	1.3300275914781203
Acholeplasma_oculi	SRR3714760	1.3652302799676275
Acholeplasma_oculi	SRR3714761	1.3511724781991463
Acholeplasma_oculi	SRR3714762	1.3547238099368741
Acholeplasma_oculi	SRR3714764	1.3492820866118815
Acholeplasma_oculi	SRR3714765	1.336318015657321
Acholeplasma_oculi	SRR3714766	1.3423135436670932
Acholeplasma_oculi	SRR3714767	1.3399023251995457
Acholeplasma_oculi	SRR3714768	1.3459185395104925
Acholeplasma_oculi	SRR5176628	1.3658304473165754
Acholeplasma_oculi	SRR5176629	1.3647292755975204
Acholeplasma_oculi	SRR5176630	1.3636661710431994
Acholeplasma_oculi	SRR5176631	1.366777814654196
Acholeplasma_oculi	SRR5176632	1.364418799805003
Acholeplasma_oculi	SRR5176633	1.3630300139455425
Acholeplasma_oculi	SRR5176634	1.3632936897014178
Acholeplasma_oculi	SRR5176635	1.3657127099457684
Acholeplasma_oculi	SRR5176636	1.3274775891413366
Acholeplasma_oculi	SRR5176637	1.3510551556071593
Acholeplasma_oculi	SRR5176638	1.3331702213185004
Acholeplasma_oculi	SRR5176639	1.3612319094799556
Acholeplasma_oculi	SRR5176640	1.3685577832033065
Acholeplasma_oculi	SRR5176641	1.3617719570408353
Acholeplasma_oculi	SRR5176642	1.3644863922256507
Acholeplasma_oculi	SRR5176643	1.3650389842268886
Acholeplasma_oculi	SRR5176644	1.3645592654045955
Acholeplasma_oculi	SRR5176645	1.3603247318359362
Acholeplasma_oculi	SRR5176646	1.3551435256159687
Acholeplasma_oculi	SRR5176647	1.3648618084282327
Acholeplasma_oculi	SRR5176648	1.3670406656948546
Acholeplasma_oculi	SRR5176649	1.296477417292304
Acholeplasma_oculi	SRR5176650	1.3556918670257883
Acholeplasma_oculi	SRR5176651	1.3648618084282327
Acholeplasma_oculi	SRR5176652	1.3632936897014178
Acholeplasma_oculi	SRR5176653	1.3619655654592606
Acholeplasma_oculi	SRR5176654	1.3645592654045955
Acholeplasma_oculi	SRR5176655	1.3644863922256507
Acholeplasma_oculi	SRR5176656	1.3601862908424658
Acholeplasma_oculi	SRR5176657	1.3687620824139737
Acholeplasma_oculi	SRR5176658	1.3658304473165754
Acholeplasma_oculi	SRR5176659	1.364275399950775
Acholeplasma_oculi	SRR5176660	1.36415487469014
Acholeplasma_oculi	SRR5176661	1.3678386989055058
Acholeplasma_oculi	SRR5176662	1.3618823313624977
Acholeplasma_oculi	SRR5176663	1.366777814654196
Acholeplasma_oculi	SRR5176664	1.365648707045223
Acholeplasma_oculi	SRR5176665	1.363367053906934
Acholeplasma_oculi	SRR5176666	1.3652789884192185
Acholeplasma_oculi	SRR5176667	1.3656513527865064
Acholeplasma_oculi	SRR5176668	1.3560657049542797
Acholeplasma_oculi	SRR5176669	1.3614907853286795
Acholeplasma_oculi	SRR5176670	1.3683325279379595
Acholeplasma_oculi	SRR5176671	1.366777814654196
Acholeplasma_oculi	SRR5176672	1.3652302799676275
Acholeplasma_oculi	SRR5176673	1.3645592654045955
Acholeplasma_oculi	SRR5176674	1.3658304473165754
Acholeplasma_oculi	SRR5176675	1.3652789884192185
Acholeplasma_oculi	SRR5176676	1.365648707045223
Acholeplasma_oculi	SRR5176677	1.3626190286749618
Acholeplasma_oculi	SRR5176678	1.36259882499864
Acholeplasma_oculi	SRR5176679	1.3566148907720872
Acholeplasma_oculi	SRR5176680	1.3642765747608594
Acholeplasma_oculi	SRR5176681	1.3652789884192185
Acholeplasma_oculi	SRR5176682	1.3678519102083702
Acholeplasma_oculi	SRR5176683	1.36415487469014
Acholeplasma_oculi	SRR5176684	1.3648618084282327
Acholeplasma_oculi	SRR5176685	1.36415487469014
Acholeplasma_oculi	SRR5176686	1.3652592688971437
Acholeplasma_oculi	SRR5176687	1.3642765747608594
Acholeplasma_oculi	SRR5176688	1.3665467722368712
Acholeplasma_oculi	SRR5176689	1.36415487469014
Acholeplasma_oculi	SRR5176690	1.3650389842268886
Acholeplasma_oculi	SRR5176691	1.3650389842268886
Acholeplasma_oculi	SRR5176692	1.3644863922256507
Acholeplasma_oculi	SRR5176693	1.3601862908424658
Acholeplasma_oculi	SRR5176694	1.3626580852625958
Acholeplasma_oculi	SRR5176695	1.367723364166903
Acholeplasma_oculi	SRR5176696	1.315784239344613
Acholeplasma_oculi	SRR5176697	1.3658304473165754
Acholeplasma_oculi	SRR5176698	1.3489903187332701
Acholeplasma_oculi	SRR5176699	1.3658304473165754
Acholeplasma_oculi	SRR5176700	1.3556784343652573
Acholeplasma_oculi	SRR5176701	1.3647292755975204
Acholeplasma_oculi	SRR5176702	1.3632074161673557
Acholeplasma_oculi	SRR5176703	1.3652302799676275
Acholeplasma_oculi	SRR5176704	1.3576823165353116
Acholeplasma_oculi	SRR5176705	1.3652302799676275
Acholeplasma_oculi	SRR5176706	1.3618019380158601
Acholeplasma_oculi	SRR5176707	1.3628742248234382
Acholeplasma_oculi	SRR5176708	1.3650389842268886
Acholeplasma_oculi	SRR5176709	1.355001032468201
Acholeplasma_oculi	SRR5176710	1.3652592688971437
Acholeplasma_oculi	SRR5176711	1.3630300139455425
Acholeplasma_oculi	SRR5176712	1.3656513527865064
Acholeplasma_oculi	SRR5176713	1.3632493219027384
Acholeplasma_oculi	SRR5176714	1.357545797336928
Acholeplasma_oculi	SRR5176715	1.3632936897014178
Acholeplasma_oculi	SRR5176716	1.3645592654045955
Acholeplasma_oculi	SRR5176717	1.3652592688971437
Acholeplasma_oculi	SRR5176718	1.3630300139455425
Acholeplasma_oculi	SRR5176719	1.3652789884192185
Acholeplasma_oculi	SRR5176720	1.3648618084282327
Acholeplasma_oculi	SRR5176721	1.3644863922256507
Acholeplasma_oculi	SRR5176722	1.3642765747608594
Acholeplasma_oculi	SRR5176723	1.3648618084282327
Acholeplasma_oculi	SRR5176724	1.3648618084282327
Acholeplasma_oculi	SRR5176725	1.36415487469014
Acholeplasma_oculi	SRR5176726	1.364275399950775
Acholeplasma_oculi	SRR5176727	1.3658304473165754
Acholeplasma_oculi	SRR5176728	1.3625634054000042
Acholeplasma_oculi	SRR5176729	1.363367053906934
Acholeplasma_oculi	SRR5176730	1.3647292755975204
Acholeplasma_oculi	SRR5176731	1.3656513527865064
Acholeplasma_oculi	SRR5176732	1.3626580852625958
Acholeplasma_oculi	SRR5176733	1.3632074161673557
Acholeplasma_oculi	SRR5176734	1.350312888834268
Acholeplasma_oculi	SRR5176735	1.3603247318359362
Acholeplasma_oculi	SRR5176736	1.3587925115012331
Acholeplasma_oculi	SRR5176737	1.364275399950775
Acholeplasma_oculi	SRR5176738	1.3639943687800475
Acholeplasma_oculi	SRR5176739	1.3613966590497895
Acholeplasma_oculi	SRR5176740	1.364275399950775
Acholeplasma_oculi	SRR5176741	1.3480674404067088
Acholeplasma_oculi	SRR5176742	1.350385719456188
Acholeplasma_oculi	SRR5176743	1.3652789884192185
Acholeplasma_oculi	SRR5176744	1.3644863922256507
Acholeplasma_oculi	SRR5176745	1.3632493219027384
Acholeplasma_oculi	SRR5176746	1.3658304473165754
Acholeplasma_oculi	SRR5176747	1.3652592688971437
Acholeplasma_oculi	SRR5176748	1.366777814654196
Acholeplasma_oculi	SRR5176749	1.351748025615633
Acholeplasma_oculi	SRR5176750	1.3559699697980863
Acholeplasma_oculi	SRR5176751	1.3656513527865064
Acholeplasma_oculi	SRR5176752	1.364418799805003
Acholeplasma_oculi	SRR5176753	1.3652592688971437
Acholeplasma_oculi	SRR5176754	1.355177982980013
Acholeplasma_oculi	SRR5176755	1.3645592654045955
Acholeplasma_oculi	SRR5176756	1.3642765747608594
Acholeplasma_oculi	SRR5176757	1.357338444084492
Acholeplasma_oculi	SRR5176758	1.3670406656948546
Acholeplasma_oculi	SRR5176759	1.3695495824775967
Acholeplasma_oculi	SRR5176760	1.3632493219027384
Acholeplasma_oculi	SRR5176761	1.3647292755975204
Acholeplasma_oculi	SRR5176762	1.3604438151934661
Acholeplasma_oculi	SRR5176763	1.3619655654592606
Acholeplasma_oculi	SRR5176764	1.3691204108846116
Acholeplasma_oculi	SRR5176765	1.3652789884192185
Acholeplasma_oculi	SRR5176766	1.365648707045223
Acholeplasma_oculi	SRR5176767	1.3632074161673557
Acholeplasma_oculi	SRR5176768	1.3566148907720872
Acholeplasma_oculi	SRR5176769	1.364275399950775
Acholeplasma_oculi	SRR5176770	1.3639943687800475
Acholeplasma_oculi	SRR5176771	1.3638247610160497
Acholeplasma_oculi	SRR5176772	1.3614391621519784
Acholeplasma_oculi	SRR5176773	1.364275399950775
Acholeplasma_oculi	SRR5176774	1.3650389842268886
Acholeplasma_oculi	SRR5176775	1.3607077715866251
Acholeplasma_oculi	SRR5176776	1.3632936897014178
Acholeplasma_oculi	SRR5176777	1.367723364166903
Acholeplasma_oculi	SRR5176778	1.364275399950775
Acholeplasma_oculi	SRR5176779	1.3630300139455425
Acholeplasma_oculi	SRR5176780	1.3626190286749618
Acholeplasma_oculi	SRR5176781	1.3639943687800475
Acholeplasma_oculi	SRR5176782	1.366777814654196
Acholeplasma_oculi	SRR5176783	1.3626190286749618
Acholeplasma_oculi	SRR5176784	1.363963302220239
Acholeplasma_oculi	SRR5176785	1.3642765747608594
Acholeplasma_oculi	SRR5176786	1.365648707045223
Acholeplasma_oculi	SRR5176787	1.3644863922256507
Acholeplasma_oculi	SRR5176788	1.36415487469014
Acholeplasma_oculi	SRR5176789	1.3575007269852146
Acholeplasma_oculi	SRR5176790	1.3648618084282327
Acholeplasma_oculi	SRR5176791	1.3645592654045955
Acholeplasma_oculi	SRR5176792	1.3632936897014178
Acholeplasma_oculi	SRR5176793	1.3652592688971437
Acholeplasma_oculi	SRR5176794	1.3650389842268886
Acholeplasma_oculi	SRR5176795	1.3652789884192185
Acholeplasma_oculi	SRR5176796	1.366777814654196
Acholeplasma_oculi	SRR5176797	1.364275399950775
Acholeplasma_oculi	SRR5176798	1.3652592688971437
Acholeplasma_oculi	SRR5176799	1.3632074161673557
Acholeplasma_oculi	SRR5176800	1.3665467722368712
Acholeplasma_oculi	SRR5176801	1.3658304473165754
Acholeplasma_oculi	SRR5176802	1.3620855384331363
Acholeplasma_oculi	SRR5176803	1.3628742248234382
Acholeplasma_oculi	SRR5176804	1.3695495824775967
Acholeplasma_oculi	SRR5176805	1.3648618084282327
Acholeplasma_oculi	SRR5176806	1.3415852748948751
Acholeplasma_oculi	SRR5176807	1.3644863922256507
Acholeplasma_oculi	SRR5176808	1.3652592688971437
Acholeplasma_oculi	SRR5176809	1.364418799805003
Acholeplasma_oculi	SRR5176810	1.365648707045223
Acholeplasma_oculi	SRR5176811	1.3632074161673557
Acholeplasma_oculi	SRR5176812	1.3628742248234382
Acholeplasma_oculi	SRR5176813	1.3652592688971437
Acholeplasma_oculi	SRR5176814	1.3628742248234382
Acholeplasma_oculi	SRR5176815	1.3642765747608594
Acholeplasma_oculi	SRR5176816	1.3657127099457684
Acholeplasma_oculi	SRR5176817	1.363963302220239
Acholeplasma_oculi	SRR5176818	1.36259882499864
Acholeplasma_oculi	SRR5176819	1.3691204108846116
Acholeplasma_oculi	SRR5176820	1.3618019380158601
Acholeplasma_oculi	SRR5176821	1.365648707045223
Acholeplasma_oculi	SRR5176822	1.3656513527865064
Acholeplasma_oculi	SRR5176823	1.3658304473165754
Acholeplasma_oculi	SRR5176824	1.3645592654045955
Acholeplasma_oculi	SRR5176825	1.36259882499864
Acholeplasma_oculi	SRR5176826	1.3644863922256507
Acholeplasma_oculi	SRR5176827	1.3652789884192185
Acholeplasma_oculi	SRR5176828	1.3626190286749618
Acholeplasma_oculi	SRR5176829	1.3648618084282327
Acholeplasma_oculi	SRR5176830	1.3683007848759485
Acholeplasma_oculi	SRR5176831	1.3652302799676275
Acholeplasma_oculi	SRR5176832	1.364418799805003
Acholeplasma_oculi	SRR5176833	1.363963302220239
Acholeplasma_oculi	SRR5176834	1.3647292755975204
Acholeplasma_oculi	SRR5176835	1.3652789884192185
Acholeplasma_oculi	SRR5176836	1.3632936897014178
Acholeplasma_oculi	SRR5176837	1.359432188335606
Acholeplasma_oculi	SRR5176838	1.3657127099457684
Acholeplasma_oculi	SRR5176839	1.3644863922256507
Acholeplasma_oculi	SRR5176840	1.3652592688971437
Acholeplasma_oculi	SRR5176841	1.3372878784409956
Acholeplasma_oculi	SRR5176842	1.3645592654045955
Acholeplasma_oculi	SRR5176843	1.3657127099457684
Acholeplasma_oculi	SRR5176844	1.3595851426742833
Acholeplasma_oculi	SRR5176845	1.364275399950775
Acholeplasma_oculi	SRR5176846	1.3626580852625958
Acholeplasma_oculi	SRR5176847	1.3656513527865064
Acholeplasma_oculi	SRR5176848	1.3632936897014178
Acholeplasma_oculi	SRR5176849	1.3571865780557517
Acholeplasma_oculi	SRR5176850	1.3538840207981289
Acholeplasma_oculi	SRR5176851	1.3636661710431994
Acholeplasma_oculi	SRR5176852	1.364418799805003
Acholeplasma_oculi	SRR5176853	1.3644863922256507
Acholeplasma_oculi	SRR5176854	1.3678519102083702
Acholeplasma_oculi	SRR5176855	1.36415487469014
Acholeplasma_oculi	SRR5176856	1.3628742248234382
Acholeplasma_oculi	SRR5176857	1.3652789884192185
Acholeplasma_oculi	SRR5176858	1.3652789884192185
Acholeplasma_oculi	SRR5176859	1.3645592654045955
Acholeplasma_oculi	SRR5176860	1.361986070642
Acholeplasma_oculi	SRR5176861	1.364275399950775
Acholeplasma_oculi	SRR5176862	1.363367053906934
Acholeplasma_oculi	SRR5176863	1.3636661710431994
Acholeplasma_oculi	SRR5176864	1.3652302799676275
Acholeplasma_oculi	SRR5176865	1.363367053906934
Acholeplasma_oculi	SRR5176866	1.3632074161673557
Acholeplasma_oculi	SRR5176867	1.3632493219027384
Acholeplasma_oculi	SRR5176868	1.3636661710431994
Acholeplasma_oculi	SRR5176869	1.36415487469014
Acholeplasma_oculi	SRR5176870	1.3652592688971437
Acholeplasma_oculi	SRR5176871	1.355177982980013
Acholeplasma_oculi	SRR5176872	1.3645592654045955
Acholeplasma_oculi	SRR5861974	NA
Acholeplasma_oculi	SRR5861975	NA
Acholeplasma_oculi	SRR5861976	NA
Acholeplasma_oculi	SRR5861977	NA
Acholeplasma_oculi	SRR5861978	NA
Acholeplasma_oculi	SRR5861979	NA
Acholeplasma_oculi	SRR5861980	NA
Acholeplasma_oculi	SRR5861981	NA
Acholeplasma_oculi	SRR5861982	NA
Acholeplasma_oculi	SRR5861983	NA
Acholeplasma_oculi	SRR5861984	NA
Acholeplasma_oculi	SRR5861985	NA
Acholeplasma_oculi	SRR5861986	NA
Acholeplasma_oculi	SRR5861987	NA
Acholeplasma_oculi	SRR5861988	NA
Acholeplasma_oculi	SRR5861989	NA
Acholeplasma_oculi	SRR5861990	NA
Acholeplasma_oculi	SRR5861991	NA
Acholeplasma_oculi	SRR5861992	NA
Acholeplasma_oculi	SRR5861993	NA
Acholeplasma_oculi	SRR5861994	NA
Acholeplasma_oculi	SRR5861995	NA
Acholeplasma_oculi	SRR5861996	NA
Acholeplasma_oculi	SRR5861997	NA
Acholeplasma_oculi	SRR5861998	NA
Acholeplasma_oculi	SRR5861999	NA
Acholeplasma_oculi	SRR5862000	NA
Acholeplasma_oculi	SRR5862001	NA
Acholeplasma_oculi	SRR5862002	NA
Acholeplasma_oculi	SRR5862003	NA
Acholeplasma_oculi	SRR5862004	NA
Acholeplasma_oculi	SRR5862005	NA
Acholeplasma_oculi	SRR5862006	NA
Acholeplasma_oculi	SRR5862007	NA
Acholeplasma_oculi	SRR5862008	NA
Acholeplasma_oculi	SRR5862009	NA
Acholeplasma_oculi	SRR5862010	NA
Acholeplasma_oculi	SRR5862011	NA
Acholeplasma_oculi	SRR5862012	NA
Acholeplasma_oculi	SRR5862013	NA
Acholeplasma_oculi	SRR5862014	NA
Acholeplasma_oculi	SRR5862015	NA
Acholeplasma_oculi	SRR5862016	NA
Acholeplasma_oculi	SRR5862017	NA
Acholeplasma_oculi	SRR5862018	NA
Acholeplasma_oculi	SRR5862019	NA
Acholeplasma_oculi	SRR5862020	NA
Acholeplasma_oculi	SRR5862021	NA
Acholeplasma_oculi	SRR5862022	NA
Acholeplasma_oculi	SRR5862023	NA
Acholeplasma_oculi	SRR5862024	NA
Acholeplasma_oculi	SRR5862025	NA
Acholeplasma_oculi	SRR5862026	NA
Acholeplasma_oculi	SRR5862027	NA
Acholeplasma_oculi	SRR5862028	NA
Acholeplasma_oculi	SRR5862029	NA
Acholeplasma_oculi	SRR5862030	NA
Acholeplasma_oculi	SRR5862031	NA
Acholeplasma_oculi	SRR5862032	NA
Acholeplasma_oculi	SRR5862033	NA
Acholeplasma_oculi	SRR5862034	NA
Acholeplasma_oculi	SRR5862035	NA
Acholeplasma_oculi	SRR5862036	NA
Acholeplasma_oculi	SRR5862037	NA
Acholeplasma_oculi	SRR5862038	NA
Acholeplasma_oculi	SRR5862039	NA
Acholeplasma_oculi	SRR5862040	NA
Acholeplasma_oculi	SRR5862041	NA
Acholeplasma_oculi	SRR5862042	NA
Acholeplasma_oculi	SRR5862043	NA
Acholeplasma_oculi	SRR5862044	NA
Acholeplasma_oculi	SRR5862045	NA
Acholeplasma_oculi	SRR5862046	NA
Acholeplasma_oculi	SRR5862047	NA
Acholeplasma_oculi	SRR5862048	NA
Acholeplasma_oculi	SRR5862049	NA
Acholeplasma_oculi	SRR5862050	NA
Acholeplasma_oculi	SRR5862051	NA
Acholeplasma_oculi	SRR5862052	NA
Acholeplasma_oculi	SRR5862053	NA
Acholeplasma_oculi	SRR5862054	NA
Acholeplasma_oculi	SRR5862055	NA
Acholeplasma_oculi	SRR5862056	NA
Acholeplasma_oculi	SRR5862057	NA
Acholeplasma_oculi	SRR5862058	NA
Acholeplasma_oculi	SRR5862059	NA
Acholeplasma_oculi	SRR5862060	NA
Acholeplasma_oculi	SRR5862061	NA
Acholeplasma_oculi	SRR5862062	NA
Acholeplasma_oculi	SRR5862063	NA
Acholeplasma_oculi	SRR5862064	NA
Acholeplasma_oculi	SRR5862065	NA
Acholeplasma_oculi	SRR5862066	NA
Acholeplasma_oculi	SRR5862067	NA
Acholeplasma_oculi	SRR5862068	NA
Acholeplasma_oculi	SRR5862069	NA
Acholeplasma_oculi	SRR5862070	NA
Acholeplasma_oculi	SRR5862071	NA
Acholeplasma_oculi	SRR5862072	NA
Acholeplasma_oculi	SRR5862073	NA
Acholeplasma_oculi	SRR5862074	NA
Acholeplasma_oculi	SRR5862075	NA
Acholeplasma_oculi	SRR5862076	NA
Acholeplasma_oculi	SRR5862077	NA
Acholeplasma_oculi	SRR5862078	NA
Acholeplasma_oculi	SRR5862079	NA
Acholeplasma_oculi	SRR5862080	NA
Acholeplasma_oculi	SRR5862081	NA
Acholeplasma_oculi	SRR5862082	NA
Acholeplasma_oculi	SRR5862083	NA
Acholeplasma_oculi	SRR5862084	NA
Acholeplasma_oculi	SRR5862085	NA
Acholeplasma_oculi	SRR5862086	NA
Acholeplasma_oculi	SRR5862087	NA
Acholeplasma_oculi	SRR5862088	NA
Acholeplasma_oculi	SRR5862089	NA
Acholeplasma_oculi	SRR5862090	NA
Acholeplasma_oculi	SRR5862091	NA
Acholeplasma_oculi	SRR5862092	NA
Acholeplasma_oculi	SRR5862093	NA
Acholeplasma_oculi	SRR5862094	NA
Acholeplasma_oculi	SRR5862095	NA
Acholeplasma_oculi	SRR5862096	NA
Acholeplasma_oculi	SRR5862097	NA
Acholeplasma_oculi	SRR5862098	NA
Acholeplasma_oculi	SRR5862099	NA
Acholeplasma_oculi	SRR5862100	NA
Acholeplasma_oculi	SRR5862101	NA
Acholeplasma_oculi	SRR5862102	NA
Acholeplasma_oculi	SRR5862103	NA
Acholeplasma_oculi	SRR5862104	NA
Acholeplasma_oculi	SRR5862105	NA
Acholeplasma_oculi	SRR5862106	NA
Acholeplasma_oculi	SRR5862107	NA
Acholeplasma_oculi	SRR5862108	NA
Acholeplasma_oculi	SRR5862109	NA
Acholeplasma_oculi	SRR5862110	NA
Acholeplasma_oculi	SRR5862111	NA
Acholeplasma_oculi	SRR5862112	NA
Acholeplasma_oculi	SRR5862113	NA
Acholeplasma_oculi	SRR5862114	NA
Acholeplasma_oculi	SRR5862115	NA
Acholeplasma_oculi	SRR5862116	NA
Acholeplasma_oculi	SRR5862117	NA
Acholeplasma_oculi	SRR5862118	NA
Acholeplasma_oculi	SRR5862119	NA
Acholeplasma_oculi	SRR5862120	NA
Acholeplasma_oculi	SRR5862121	NA
Acholeplasma_oculi	SRR5862122	NA
Acholeplasma_oculi	SRR5862123	NA
Acholeplasma_oculi	SRR5862124	NA
Acholeplasma_oculi	SRR5862125	NA
Acholeplasma_oculi	SRR5862126	NA
Acholeplasma_oculi	SRR5862127	NA
Acholeplasma_oculi	SRR5862128	NA
Acholeplasma_oculi	SRR5862129	NA
Acholeplasma_oculi	SRR5862130	NA
Acholeplasma_oculi	SRR5862131	NA
Acholeplasma_oculi	SRR5862132	NA
Acholeplasma_oculi	SRR5862133	NA
Acholeplasma_oculi	SRR5862134	NA
Acholeplasma_oculi	SRR5862135	NA
Acholeplasma_oculi	SRR5862136	NA
Acholeplasma_oculi	SRR5862137	NA
Acholeplasma_oculi	SRR5862138	NA
Acholeplasma_oculi	SRR5862139	NA
Acholeplasma_oculi	SRR5862140	NA
Acholeplasma_oculi	SRR5862141	NA
Acholeplasma_oculi	SRR5862142	NA
Acholeplasma_oculi	SRR5862143	NA
Acholeplasma_oculi	SRR5862144	NA
Acholeplasma_oculi	SRR5862145	NA
Acholeplasma_oculi	SRR5862146	NA
Acholeplasma_oculi	SRR5862147	NA
Acholeplasma_oculi	SRR5862148	NA
Acholeplasma_oculi	SRR5862149	NA
Acholeplasma_oculi	SRR5862150	NA
Acholeplasma_oculi	SRR5862151	NA
Acholeplasma_oculi	SRR5862152	NA
Acholeplasma_oculi	SRR5862153	NA
Acholeplasma_oculi	SRR5862154	NA
Acholeplasma_oculi	SRR5862155	NA
Acholeplasma_oculi	SRR5862156	NA
Acholeplasma_oculi	SRR5862157	NA
Acholeplasma_oculi	SRR5862158	NA
Acholeplasma_oculi	SRR5862159	NA
Acholeplasma_oculi	SRR5862160	NA
Acholeplasma_oculi	SRR5862161	NA
Acholeplasma_oculi	SRR5862162	NA
Acholeplasma_oculi	SRR5862163	NA
Acholeplasma_oculi	SRR5862164	NA
Acholeplasma_oculi	SRR5862165	NA
Acholeplasma_oculi	SRR5862166	NA
Acholeplasma_oculi	SRR5862167	NA
Acholeplasma_oculi	SRR5862168	NA
Acholeplasma_oculi	SRR5862169	NA
Acholeplasma_oculi	SRR5862170	NA
Acholeplasma_oculi	SRR5862171	NA
Acholeplasma_oculi	SRR5862172	NA
Acholeplasma_oculi	SRR5862173	NA
Acholeplasma_oculi	SRR5862174	NA
Acholeplasma_oculi	SRR5862175	NA
Acholeplasma_oculi	SRR5862176	NA
Acholeplasma_oculi	SRR5862177	NA
Acholeplasma_oculi	SRR5862178	NA
Acholeplasma_oculi	SRR5862179	NA
Acholeplasma_oculi	SRR5862180	NA
Acholeplasma_oculi	SRR5862181	NA
Acholeplasma_oculi	SRR5862182	NA
Acholeplasma_oculi	SRR5862183	NA
Acholeplasma_oculi	SRR5862184	NA
Acholeplasma_oculi	SRR5862185	NA
Acholeplasma_oculi	SRR5862186	NA
Acholeplasma_oculi	SRR5862187	NA
Acholeplasma_oculi	SRR5862188	NA
Acholeplasma_oculi	SRR5862189	NA
Acholeplasma_oculi	SRR5862190	NA
Acholeplasma_oculi	SRR5862191	NA
Acholeplasma_oculi	SRR5862192	NA
Acholeplasma_oculi	SRR5862193	NA
Acholeplasma_oculi	SRR5862194	NA
Acholeplasma_oculi	SRR5862195	NA
Acholeplasma_oculi	SRR5862196	NA
Acholeplasma_oculi	SRR5862197	NA
Acholeplasma_oculi	SRR5862198	NA
Acholeplasma_oculi	SRR5862199	NA
Acholeplasma_oculi	SRR5862200	NA
Acholeplasma_oculi	SRR5862201	NA
Acholeplasma_oculi	SRR5862202	NA
Acholeplasma_oculi	SRR5862203	NA
Acholeplasma_oculi	SRR5862204	NA
Acholeplasma_oculi	SRR5862205	NA
Acholeplasma_oculi	SRR5862206	NA
Acholeplasma_oculi	SRR5862207	NA
Acholeplasma_oculi	SRR5862208	NA
Acholeplasma_oculi	SRR5862209	NA
Acholeplasma_oculi	SRR5862210	NA
Acholeplasma_oculi	SRR5862211	NA
Acholeplasma_oculi	SRR5862212	NA
Acholeplasma_oculi	SRR5862213	NA
Acholeplasma_oculi	SRR5862214	NA
Acholeplasma_oculi	SRR5862215	NA
Acholeplasma_oculi	SRR5862216	NA
Acholeplasma_oculi	SRR5862217	NA
Acholeplasma_oculi	SRR5862218	NA
Acholeplasma_oculi	SRR5862219	NA
Acholeplasma_oculi	SRR5862220	NA
Acholeplasma_oculi	SRR5862221	NA
Acholeplasma_oculi	SRR5862222	NA
Acholeplasma_oculi	SRR5862223	NA
Acholeplasma_oculi	SRR5862224	NA
Acholeplasma_oculi	SRR5862225	NA
Acholeplasma_oculi	SRR5862226	NA
Acholeplasma_oculi	SRR5862227	NA
Acholeplasma_oculi	SRR5862228	NA
Acholeplasma_oculi	SRR5862229	NA
Acholeplasma_oculi	SRR5862230	NA
Acholeplasma_oculi	SRR5862231	NA
Acholeplasma_oculi	SRR5862232	NA
Acholeplasma_oculi	SRR5862233	NA
Acholeplasma_oculi	SRR5862234	NA
Acholeplasma_oculi	SRR5862235	NA
Acholeplasma_oculi	SRR5862236	NA
Acholeplasma_oculi	SRR5862237	NA
Acholeplasma_oculi	SRR5862238	NA
Acholeplasma_oculi	SRR5862239	NA
Acholeplasma_oculi	SRR5862240	NA
Acholeplasma_oculi	SRR5862241	NA
Acholeplasma_oculi	SRR5862242	NA
Acholeplasma_oculi	SRR5862243	NA
Acholeplasma_oculi	SRR5862244	NA
Acholeplasma_oculi	SRR5862245	NA
Acholeplasma_oculi	SRR5862246	NA
Acholeplasma_oculi	SRR5862247	NA
Acholeplasma_oculi	SRR5862248	NA
Acholeplasma_oculi	SRR5862249	NA
Acholeplasma_oculi	SRR5862250	NA
Acholeplasma_oculi	SRR5862251	NA
Acholeplasma_oculi	SRR5862252	NA
Acholeplasma_oculi	SRR5862253	NA
Acholeplasma_oculi	SRR5862254	NA
Acholeplasma_oculi	SRR5862255	NA
Acholeplasma_oculi	SRR5862256	NA
Acholeplasma_oculi	SRR5862257	NA
Acholeplasma_oculi	SRR5862258	NA
Acholeplasma_oculi	SRR5862259	NA
Acholeplasma_oculi	SRR5862260	NA
Acholeplasma_oculi	SRR5862261	NA
Acholeplasma_oculi	SRR5862262	NA
Acholeplasma_oculi	SRR5862263	NA
Acholeplasma_oculi	SRR5862264	NA
Acholeplasma_oculi	SRR5862265	NA
Acholeplasma_oculi	SRR5862266	NA
Acholeplasma_oculi	SRR5862267	NA
Acholeplasma_oculi	SRR5862268	NA
Acholeplasma_oculi	SRR5862269	NA
Acholeplasma_oculi	SRR5862270	NA
Acholeplasma_oculi	SRR5862271	NA
Acholeplasma_oculi	SRR5862272	NA
Acholeplasma_oculi	SRR5862273	NA
Acholeplasma_oculi	SRR5862274	NA
Acholeplasma_oculi	SRR5862275	NA
Acholeplasma_oculi	SRR5862276	NA
Acholeplasma_oculi	SRR5862277	NA
Acholeplasma_oculi	SRR5949109	2.069655336792748
Acholeplasma_oculi	SRR5949110	1.10653414084804
Acholeplasma_oculi	SRR5949111	1.1176514601104715
Acholeplasma_oculi	SRR5949112	1.2869879536291042
Acholeplasma_oculi	SRR5949113	14.443367777327943
Acholeplasma_oculi	SRR5949114	3.965396136840015
Acholeplasma_oculi	SRR5949115	1.1393109505662735
Acholeplasma_oculi	SRR5949116	4.061918520309998
Acholeplasma_oculi	SRR5949117	1.3274775891413366
Acholeplasma_oculi	SRR5949118	1.3788944794736586
Acholeplasma_oculi	SRR5949119	3.7341464243463767
Acholeplasma_oculi	SRR5949120	0.641227494945069
Acholeplasma_oculi	SRR5949121	1.209835991215658
Acholeplasma_oculi	SRR5949122	1.0614727732544211
Acholeplasma_oculi	SRR5949123	2.1260441747802923
Acholeplasma_oculi	SRR5949124	1.211019402580853
Acholeplasma_oculi	SRR5949125	1.2450783535770484
Acholeplasma_oculi	SRR5949126	11.03055952175095
Acholeplasma_oculi	SRR5949127	1.1998688857466278
Acholeplasma_oculi	SRR5949128	1.2703459823536438
Acholeplasma_oculi	SRR5949129	0.7363286233748443
Acholeplasma_oculi	SRR5949130	1.351655723489949
Acholeplasma_oculi	SRR5949131	8.194909453355761
Acholeplasma_oculi	SRR5949132	4.907019349552576
Acholeplasma_oculi	SRR5949133	31.732987683253757
Acholeplasma_oculi	SRR5949134	1.3249284364208131
Acholeplasma_oculi	SRR5949135	3.107124891243029
Acholeplasma_oculi	SRR5949136	2.385145914392954
Acholeplasma_oculi	SRR5949137	1.1620442831621332
Acholeplasma_oculi	SRR5949138	1.5959363629016339
Acholeplasma_oculi	SRR5949139	2.014509289428464
Acholeplasma_oculi	SRR5949140	1.026789348192497
Acholeplasma_oculi	SRR5949141	3.446249604569212
Acholeplasma_oculi	SRR5949142	0.7792129080841995
Acholeplasma_oculi	SRR5949143	1.2745979516039647
Acholeplasma_oculi	SRR5949144	44.202627577967284
Acholeplasma_oculi	SRR5949145	1.03952438748225
Acholeplasma_oculi	SRR5949146	1.1171274955092934
Acholeplasma_oculi	SRR5949147	1.0691449537155608
Acholeplasma_oculi	SRR5949148	1.1494800411796335
Acholeplasma_oculi	SRR5949149	1.2904002832496422
Acholeplasma_oculi	SRR5949150	3.3382640825394265
Acholeplasma_oculi	SRR5949151	2.298042467326632
Acholeplasma_oculi	SRR5949152	0.681683526953467
Acholeplasma_oculi	SRR5949153	1.2391769352647855
Acholeplasma_oculi	SRR5949154	2.119565981746913
Acholeplasma_oculi	SRR5949155	1.1598558253074547
Acholeplasma_oculi	SRR5949156	1.1663546397378186
Acholeplasma_oculi	SRR5949157	1.2236926107851922
Acholeplasma_oculi	SRR5949158	3.959564073323811
Acholeplasma_oculi	SRR5949159	1.2032092486766572
Acholeplasma_oculi	SRR5949160	1.3956542581132347
Acholeplasma_oculi	SRR5949161	1.107893588945335
Acholeplasma_oculi	SRR5949162	0.6807195810759892
Acholeplasma_oculi	SRR5949163	1.3626190286749618
Acholeplasma_oculi	SRR5949164	2.6481866645480947
Acholeplasma_oculi	SRR5949165	1.2096407229771677
Acholeplasma_oculi	SRR5949166	1.1166214934683185
Acholeplasma_oculi	SRR5949167	2.7565292601308125
Acholeplasma_oculi	SRR5949168	1.1183459649350034
Acholeplasma_oculi	SRR5949169	3.0770429611456858
Acholeplasma_oculi	SRR5949170	1.3296738838805997
Acholeplasma_oculi	SRR5949171	4.721381730717977
Acholeplasma_oculi	SRR5949172	1.156139337037117
Acholeplasma_oculi	SRR5949173	1.2676718562975933
Acholeplasma_oculi	SRR5949174	1.2881209802887645
Acholeplasma_oculi	SRR5949175	1.3379274872830147
Acholeplasma_oculi	SRR5949176	1.1970171066558795
Acholeplasma_oculi	SRR5949177	1.2005256325694054
Acholeplasma_oculi	SRR5949178	1.2447154747821256
Acholeplasma_oculi	SRR5949179	1.1434233886621645
Acholeplasma_oculi	SRR5949180	14.997965098880053
Acholeplasma_oculi	SRR5949181	1.2745487545741494
Acholeplasma_oculi	SRR5949182	4.746229967339979
Acholeplasma_oculi	SRR5949183	4.38740581932156
Acholeplasma_oculi	SRR5949184	1.157848451145154
Acholeplasma_oculi	SRR5949185	1.2857662972196502
Acholeplasma_oculi	SRR5949186	81.8783433282468
Acholeplasma_oculi	SRR5949187	20.01577459894486
Acholeplasma_oculi	SRR5949188	1.2142169544739283
Acholeplasma_oculi	SRR5949189	6.510231218193409
Acholeplasma_oculi	SRR5949190	0.8411823703493784
Acholeplasma_oculi	SRR5949191	1.0575644618269049
Acholeplasma_oculi	SRR5949192	2.4182729847665336
Acholeplasma_oculi	SRR5949193	1.0247831952679598
Acholeplasma_oculi	SRR5949194	1.2985091154575101
Acholeplasma_oculi	SRR5949195	3.335926208313919
Acholeplasma_oculi	SRR5949196	1.0324740632883367
Acholeplasma_oculi	SRR5949197	0.8580937248441326
Acholeplasma_oculi	SRR5949198	1.0136010921709304
Acholeplasma_oculi	SRR5949199	1.2179278723938756
Acholeplasma_oculi	SRR5949200	1.1841960090778187
Acholeplasma_oculi	SRR5949201	1.0110378270852087
Acholeplasma_oculi	SRR5949202	0.9863204236609027
Acholeplasma_oculi	SRR5949203	9.124917089080384
Acholeplasma_oculi	SRR5949204	1.2178716079863863
Acholeplasma_oculi	SRR5949205	1.3628387906179662
Acholeplasma_oculi	SRR5949206	1.104486142710724
Acholeplasma_oculi	SRR5949207	1.090568022510635
Acholeplasma_oculi	SRR5949208	1.0247733599064972
Acholeplasma_oculi	SRR5949209	2.171560694209909
Acholeplasma_oculi	SRR5949210	1.106313372439659
Acholeplasma_oculi	SRR5949211	1.1821036772172746
Acholeplasma_oculi	SRR5949212	36.39493527147526
Acholeplasma_oculi	SRR5949213	1.2315322685970262
Acholeplasma_oculi	SRR5949214	2.3167770211505014
Acholeplasma_oculi	SRR5949215	1.2291654386279944
Acholeplasma_oculi	SRR5949216	1.2452113338916966
Acholeplasma_oculi	SRR5949217	3.302566122915356
Acholeplasma_oculi	SRR5949218	0.6546731285648213
Acholeplasma_oculi	SRR5949219	1.1493581768800214
Acholeplasma_oculi	SRR5949220	0.6254575145468004
Acholeplasma_oculi	SRR5949221	2.3766584825093013
Acholeplasma_oculi	SRR5949222	1.0372389616324196
Acholeplasma_oculi	SRR5949223	1.355177982980013
Acholeplasma_oculi	SRR5949224	8.176623325045112
Acholeplasma_oculi	SRR5949225	1.1404498342126246
Acholeplasma_oculi	SRR5949226	1.0741052120350163
Acholeplasma_oculi	SRR5949227	2.126326929296133
Acholeplasma_oculi	SRR5949228	1.1997229947263306
Acholeplasma_oculi	SRR5949229	2.222817817467448
Acholeplasma_oculi	SRR5949230	1.2486570356175106
Acholeplasma_oculi	SRR5949231	0.9151974757950436
Acholeplasma_oculi	SRR5949232	2.1486254977310164
Acholeplasma_oculi	SRR5949233	24.176747128108037
Acholeplasma_oculi	SRR5949234	1.0886347072326419
Acholeplasma_oculi	SRR5949235	1.2377579432481285
Acholeplasma_oculi	SRR5949236	1.2137117572395604
Acholeplasma_oculi	SRR5949237	4.557161852735386
Acholeplasma_oculi	SRR5949238	1.1014746241833
Acholeplasma_oculi	SRR5949239	0.5287738005094791
Acholeplasma_oculi	SRR5949240	6.230066857786049
Acholeplasma_oculi	SRR5949241	1.292255376915366
Acholeplasma_oculi	SRR5949242	1.1833204634691026
Acholeplasma_oculi	SRR5949243	1.057056050916601
Acholeplasma_oculi	SRR5949244	3.6355391632263006
Acholeplasma_oculi	SRR5949245	3.1989346605434728
Acholeplasma_oculi	SRR5949246	2.2154077228993367
Acholeplasma_oculi	SRR5949247	3.106285145461556
Acholeplasma_oculi	SRR5949248	2.404950029813938
Acholeplasma_oculi	SRR5949249	1.2462734526490167
Acholeplasma_oculi	SRR5949250	1.3387772058044078
Acholeplasma_oculi	SRR5949251	0.6460495075045057
Acholeplasma_oculi	SRR5949252	2.257820347177865
Acholeplasma_oculi	SRR5949253	3.1989346605434728
Acholeplasma_oculi	SRR5949254	2.190937251818431
Acholeplasma_oculi	SRR5949255	2.439192705387275
Acholeplasma_oculi	SRR5949256	1.3620826106642814
Acholeplasma_oculi	SRR5949257	1.1023384087160255
Acholeplasma_oculi	SRR5949258	1.1942604969037718
Acholeplasma_oculi	SRR5949259	1.2733911137367675
Acholeplasma_oculi	SRR5949260	1.1296635024053707
Acholeplasma_oculi	SRR5949261	1.1350838541460968
Acholeplasma_oculi	SRR5949262	1.1909254154873892
Acholeplasma_oculi	SRR5949263	1.0450887383795906
Acholeplasma_oculi	SRR5949264	0.5697089669868277
Acholeplasma_oculi	SRR5949265	1.0312558723858891
Acholeplasma_oculi	SRR5949266	1.1207963073561997
Acholeplasma_oculi	SRR5949267	1.1434233886621645
Acholeplasma_oculi	SRR5949268	1.1891928538367595
Acholeplasma_oculi	SRR5949269	1.1682468312643584
Acholeplasma_oculi	SRR5949270	1.2213228655817676
Acholeplasma_oculi	SRR5949271	1.1447631576124266
Acholeplasma_oculi	SRR5949272	1.1979167261945807
Acholeplasma_oculi	SRR5949273	1.0614727732544211
Acholeplasma_oculi	SRR5949274	0.6279841924999686
Acholeplasma_oculi	SRR5949275	2.4296382303930035
Acholeplasma_oculi	SRR5949276	7.416678139179886
Acholeplasma_oculi	SRR5949277	2.005510069476007
Acholeplasma_oculi	SRR5949278	4.797037925952777
Acholeplasma_oculi	SRR5949279	5.727332542011801
Acholeplasma_oculi	SRR5949280	0.7059320160015703
Acholeplasma_oculi	SRR5949281	0.48862675764341423
Acholeplasma_oculi	SRR5949282	1.2474389553354135
Acholeplasma_oculi	SRR5949283	1.1229826508923986
Acholeplasma_oculi	SRR5949284	1.1905605597315967
Acholeplasma_oculi	SRR5949285	1.0208593621461415
Acholeplasma_oculi	SRR5949286	1.0691449537155608
Acholeplasma_oculi	SRR5949287	1.3474441088246403
Acholeplasma_oculi	SRR5949288	8.445499665753875
Acholeplasma_oculi	SRR5949289	1.2693390223176206
Acholeplasma_oculi	SRR5949290	1.2903501975558263
Acholeplasma_oculi	SRR5949291	1.0770865408875483
Acholeplasma_oculi	SRR5949292	1.1310608836624043
Acholeplasma_oculi	SRR5949293	1.2724675796658294
Acholeplasma_oculi	SRR5949294	1.0691919698066956
Acholeplasma_oculi	SRR5949295	2.954587800546728
Acholeplasma_oculi	SRR5949296	3.3911361909835445
Acholeplasma_oculi	SRR5949297	1.2264188186985252
Acholeplasma_oculi	SRR5949298	1.2092707140233403
Acholeplasma_oculi	SRR5949299	24.25414720268899
Acholeplasma_oculi	SRR5949300	0.5931774486369037
Acholeplasma_oculi	SRR5949301	1.2801764189027725
Acholeplasma_oculi	SRR5949302	1.1296344475066464
Acholeplasma_oculi	SRR5949303	1.0950983643036607
Acholeplasma_oculi	SRR5949304	6.1422736547693155
Acholeplasma_oculi	SRR5949305	1.2876901029621115
Acholeplasma_oculi	SRR5949306	3.217798150322157
Acholeplasma_oculi	SRR5949307	1.1393109505662735
Acholeplasma_oculi	SRR5949308	1.0179692656054138
Acholeplasma_oculi	SRR5949309	1.2837899161403876
Acholeplasma_oculi	SRR5949310	8.009395974948582
Acholeplasma_oculi	SRR5949311	1.1483913121687097
Acholeplasma_oculi	SRR5949312	5.567401326473186
Acholeplasma_oculi	SRR5949313	1.1740700653077196
Acholeplasma_oculi	SRR5949314	1.1346966921419992
Acholeplasma_oculi	SRR5949315	2.3813550992149395
Acholeplasma_oculi	SRR5949316	17.406885831950532
Acholeplasma_oculi	SRR5949317	115.63541059392959
Acholeplasma_oculi	SRR5949318	1.2342653828755399
Acholeplasma_oculi	SRR5949319	1.2828426109497222
Acholeplasma_oculi	SRR5949320	1.2687614776210279
Acholeplasma_oculi	SRR5949321	4.037402151567142
Acholeplasma_oculi	SRR5949322	3.541708410122241
Acholeplasma_oculi	SRR5949323	2.431740035760564
Acholeplasma_oculi	SRR5949324	1.3240933322740474
Acholeplasma_oculi	SRR5949325	1.0770441038038772
Acholeplasma_oculi	SRR5949326	1.033698472549055
Acholeplasma_oculi	SRR5949327	1.0124593497390375
Acholeplasma_oculi	SRR5949328	32.102219906989966
Acholeplasma_oculi	SRR5949329	0.9755029754368707
Acholeplasma_oculi	SRR5949330	1.1410488798362135
Acholeplasma_oculi	SRR5949331	1.0136010921709304
Acholeplasma_oculi	SRR5949332	1.1517412310015986
Acholeplasma_oculi	SRR5949333	5.116627158717883
Acholeplasma_oculi	SRR5949334	1.1020396562740746
Acholeplasma_oculi	SRR5949335	1.3358726283614641
Acholeplasma_oculi	SRR5949336	1.2444177929371194
Acholeplasma_oculi	SRR5949337	1.2397589711038643
Acholeplasma_oculi	SRR5949338	1.3632074161673557
Acholeplasma_oculi	SRR5949339	6.381222432351045
Acholeplasma_oculi	SRR5949340	1.2717976928108965
Acholeplasma_oculi	SRR5949341	5.362457624729387
Acholeplasma_oculi	SRR5949342	1.097346050390655
Acholeplasma_oculi	SRR5949343	3.335527424685472
Acholeplasma_oculi	SRR5949344	1.200270820600167
Acholeplasma_oculi	SRR5949345	1.205782746024906
Acholeplasma_oculi	SRR5949346	1.0951166246958384
Acholeplasma_oculi	SRR5949347	3.17502896206165
Acholeplasma_oculi	SRR5949348	0.6650137957390602
Acholeplasma_oculi	SRR5949349	1.2493669120573476
Acholeplasma_oculi	SRR5949350	2.5536392771974388
Acholeplasma_oculi	SRR5949351	6.748349262425317
Acholeplasma_oculi	SRR5949352	2.436440415771534
Acholeplasma_oculi	SRR5949353	1.1928585465345922
Acholeplasma_oculi	SRR5949354	1.1821036772172746
Acholeplasma_oculi	SRR5949355	2.7645596344226298
Acholeplasma_oculi	SRR5949356	2.170921197610583
Acholeplasma_oculi	SRR5949357	1.2266895238220403
Acholeplasma_oculi	SRR5949358	1.1687668936648674
Acholeplasma_oculi	SRR5949359	1.129635271291042
Acholeplasma_oculi	SRR5949360	1.9330392199784596
Acholeplasma_oculi	SRR5949361	2.4542910767851174
Acholeplasma_oculi	SRR5949362	2.4142095653423516
Acholeplasma_oculi	SRR5949363	3.6608079580380024
Acholeplasma_oculi	SRR5949364	6.544657472679767
Acholeplasma_oculi	SRR5949365	1.1368833473484656
Acholeplasma_oculi	SRR5949366	1.0158394145490948
Acholeplasma_oculi	SRR5949367	1.3632936897014178
Acholeplasma_oculi	SRR5949368	1.1077606344033673
Acholeplasma_oculi	SRR5949369	10.2641833740248
Acholeplasma_oculi	SRR5949370	1.2374665277296015
Acholeplasma_oculi	SRR5949371	1.2180198238321545
Acholeplasma_oculi	SRR5949372	1.215895712861616
Acholeplasma_oculi	SRR5949373	1.2139234691804301
Acholeplasma_oculi	SRR5949374	9.89639317409553
Acholeplasma_oculi	SRR5949375	1.1226489649249738
Acholeplasma_oculi	SRR5949376	1.2987680889557414
Acholeplasma_oculi	SRR5949377	1.8423976293420037
Acholeplasma_oculi	SRR5949378	1.3345735792666624
Acholeplasma_oculi	SRR5949379	1.732853846780117
Acholeplasma_oculi	SRR5949380	2.1079231093174458
Acholeplasma_oculi	SRR5949381	1.2399931219721845
Acholeplasma_oculi	SRR5949382	1.1732388111470353
Acholeplasma_oculi	SRR5949383	1.2315484571030648
Acholeplasma_oculi	SRR5949384	1.1350838541460968
Acholeplasma_oculi	SRR5949385	1.1925915500267912
Acholeplasma_oculi	SRR5949386	1.3179295366425143
Acholeplasma_oculi	SRR5949387	1.1311718575502476
Acholeplasma_oculi	SRR5949388	3.493374881390994
Acholeplasma_oculi	SRR5949389	1.3438742739783325
Acholeplasma_oculi	SRR5949390	2.378385707673519
Acholeplasma_oculi	SRR5949391	1.0711452752489423
Acholeplasma_oculi	SRR5949392	1.2538263362814606
Acholeplasma_oculi	SRR5949393	2.432348714811083
Acholeplasma_oculi	SRR5949394	1.281180449304323
Acholeplasma_oculi	SRR5949395	4.483185229424799
Acholeplasma_oculi	SRR5949396	1.2205584277726473
Acholeplasma_oculi	SRR5949397	1.0698006569364074
Acholeplasma_oculi	SRR5949398	2.070856763641037
Acholeplasma_oculi	SRR5949399	1.2377179073090114
Acholeplasma_oculi	SRR5949400	1.184566960674476
Acholeplasma_oculi	SRR5949401	1.3191638148200748
Acholeplasma_oculi	SRR5949402	1.1723518392637555
Acholeplasma_oculi	SRR5949403	1.2778654323238352
Acholeplasma_oculi	SRR5949404	8.350674189616061
Acholeplasma_oculi	SRR5949405	0.8009498772077936
Acholeplasma_oculi	SRR5949406	1.7572393821900187
Acholeplasma_oculi	SRR5949407	1.1744154154275148
Acholeplasma_oculi	SRR5949408	32.23999012014864
Acholeplasma_oculi	SRR5949409	1.205506099338157
Acholeplasma_oculi	SRR5949410	1.2249146751884796
Acholeplasma_oculi	SRR5949411	2.3049930371534817
Acholeplasma_oculi	SRR5949412	1.1303030996666048
Acholeplasma_oculi	SRR5949413	2.2743281733971714
Acholeplasma_oculi	SRR5949414	1.2658334809827385
Acholeplasma_oculi	SRR5949415	0.6196621157508808
Acholeplasma_oculi	SRR5949416	1.0527288346126829
Acholeplasma_oculi	SRR5949417	1.2282178431744835
Acholeplasma_oculi	SRR5949418	1.2389524557335343
Acholeplasma_oculi	SRR5949419	0.8216556961639481
Acholeplasma_oculi	SRR5949420	3.523075042898442
Acholeplasma_oculi	SRR5949421	1.022973890358906
Acholeplasma_oculi	SRR5949422	3.1989346605434728
Acholeplasma_oculi	SRR5949423	1.2206289557371512
Acholeplasma_oculi	SRR5949424	1.3345735792666624
Acholeplasma_oculi	SRR5949425	4.366363192722407
Acholeplasma_oculi	SRR5949426	13.701500210563397
Acholeplasma_oculi	SRR5949427	1.2440699046298256
Acholeplasma_oculi	SRR5949428	1.0981684245058705
Acholeplasma_oculi	SRR5949429	1.3191638148200748
Acholeplasma_oculi	SRR5949430	7.0160490992616635
Acholeplasma_oculi	SRR5949431	1.157848451145154
Acholeplasma_oculi	SRR5949432	1.721617331903423
Acholeplasma_oculi	SRR5949433	1.1832390099659147
Acholeplasma_oculi	SRR5949434	1.2163228179574108
Acholeplasma_oculi	SRR5949435	1.181066811097447
Acholeplasma_oculi	SRR5949436	2.274683454467204
Acholeplasma_oculi	SRR5949437	1.181066811097447
Acholeplasma_oculi	SRR5949438	1.2499561659673655
Acholeplasma_oculi	SRR5949439	1.134733063376702
Acholeplasma_oculi	SRR5949440	2.310687427045648
Acholeplasma_oculi	SRR5949441	1.0993686301562529
Acholeplasma_oculi	SRR5949442	1.1615296147861147
Acholeplasma_oculi	SRR5949443	1.0774825790885945
Acholeplasma_oculi	SRR5949444	1.1336931648527475
Acholeplasma_oculi	SRR5949445	1.3590505731409162
Acholeplasma_oculi	SRR5949446	6.235600221701448
Acholeplasma_oculi	SRR5949447	1.2004263159211843
Acholeplasma_oculi	SRR5949448	1.4720885191626516
Acholeplasma_oculi	SRR5949449	1.34653965578047
Acholeplasma_oculi	SRR5949450	1.1495313287816153
Acholeplasma_oculi	SRR5949451	2.3811211194631934
Acholeplasma_oculi	SRR5949452	1.216738750150943
Acholeplasma_oculi	SRR5949453	1.1837405002455228
Acholeplasma_oculi	SRR5949454	1.061113035954478
Acholeplasma_oculi	SRR5949455	2.7968136640633094
Acholeplasma_oculi	SRR5949456	1.1166071060426683
Acholeplasma_oculi	SRR5949457	1.2066972395572388
Acholeplasma_oculi	SRR5949458	1.2161072419806236
Acholeplasma_oculi	SRR5949459	1.961035629220494
Acholeplasma_oculi	SRR5949460	1.2433615484434175
Acholeplasma_oculi	SRR5949461	2.035316493922241
Acholeplasma_oculi	SRR5949462	1.1905605597315967
Acholeplasma_oculi	SRR5949463	48.35141236520647
Acholeplasma_oculi	SRR5949464	1.2446778712044848
Acholeplasma_oculi	SRR5949465	0.8891892668379686
Acholeplasma_oculi	SRR5949466	1.107059214975844
Acholeplasma_oculi	SRR5949467	1.154112225714586
Acholeplasma_oculi	SRR5949468	1.1799076301349358
Acholeplasma_oculi	SRR5949469	9.795392345058522
Acholeplasma_oculi	SRR5949470	1.165534759873095
Acholeplasma_oculi	SRR5949471	1.0087657487877917
Acholeplasma_oculi	SRR5949472	8.196984431152824
Acholeplasma_oculi	SRR5949473	3.3089864877551842
Acholeplasma_oculi	SRR5949474	1.1311718575502476
Acholeplasma_oculi	SRR5949475	1.2854970848210212
Acholeplasma_oculi	SRR5949476	1.1410747004676327
Acholeplasma_oculi	SRR5949477	10.429401653132702
Acholeplasma_oculi	SRR5949478	3.253050036658882
Acholeplasma_oculi	SRR5949479	1.1958102688299388
Acholeplasma_oculi	SRR5949480	0.608929106325566
Acholeplasma_oculi	SRR5949481	0.7714267726326406
Acholeplasma_oculi	SRR5949482	0.6321168165590622
Acholeplasma_oculi	SRR5949483	1.0613416680806673
Acholeplasma_oculi	SRR5949484	1.0369758040299537
Acholeplasma_oculi	SRR5949485	1.1826104880943706
Acholeplasma_oculi	SRR5949486	3.469254941014025
Acholeplasma_oculi	SRR5949487	4.725765248566879
Acholeplasma_oculi	SRR5949488	22.46757341698791
Acholeplasma_oculi	SRR5949489	22.425634196791332
Acholeplasma_oculi	SRR5949490	3.522210195923159
Acholeplasma_oculi	SRR5949491	1.158132724583324
Acholeplasma_oculi	SRR5949492	1.1750753866410875
Acholeplasma_oculi	SRR5949493	2.531238783876358
Acholeplasma_oculi	SRR5949494	1.2609807746640385
Acholeplasma_oculi	SRR5949495	1.0895059070495525
Acholeplasma_oculi	SRR5949496	1.0173283582844015
Acholeplasma_oculi	SRR5949497	2.0750762754557255
Acholeplasma_oculi	SRR5949498	1.067719455244021
Acholeplasma_oculi	SRR5949499	12.771111948052855
Acholeplasma_oculi	SRR5949500	2.267386329705495
Acholeplasma_oculi	SRR5949501	14.206397455612757
Acholeplasma_oculi	SRR5949502	11.88293917446604
Acholeplasma_oculi	SRR5949503	1.0211016371895312
Acholeplasma_oculi	SRR5949504	1.1324839754472176
Acholeplasma_oculi	SRR5949505	1.1317966697980544
Acholeplasma_oculi	SRR5949506	1.2271455383925587
Acholeplasma_oculi	SRR5949507	1.2447154747821256
Acholeplasma_oculi	SRR5949508	1.1126861636097949
Acholeplasma_oculi	SRR5949509	23.95266923596411
Acholeplasma_oculi	SRR5949510	0.7230545510434888
Acholeplasma_oculi	SRR5949511	1.217439166492112
Acholeplasma_oculi	SRR5949512	4.6261892955574515
Acholeplasma_oculi	SRR5949513	1.3648618084282327
Acholeplasma_oculi	SRR5949514	1.2267490534327756
Acholeplasma_oculi	SRR5949515	1.1187033574035814
Acholeplasma_oculi	SRR5949516	0.9984824440866877
Acholeplasma_oculi	SRR5949517	3.213831881027879
Acholeplasma_oculi	SRR5949518	0.7796684004312674
Acholeplasma_oculi	SRR5949519	4.274801640060725
Acholeplasma_oculi	SRR5949520	1.1642077619958675
Acholeplasma_oculi	SRR5949521	0.6373692488303976
Acholeplasma_oculi	SRR5949522	1.3628742248234382
Acholeplasma_oculi	SRR5949523	1.0906168075865423
Acholeplasma_oculi	SRR5949524	3.3049712591143483
Acholeplasma_oculi	SRR5949525	1.1451411236395745
Acholeplasma_oculi	SRR5949526	2.475019138739503
Acholeplasma_oculi	SRR5949527	3.4254500921511735
Acholeplasma_oculi	SRR5949528	1.2890335226781604
Acholeplasma_oculi	SRR5949529	3.43428947283728
Acholeplasma_oculi	SRR5949530	1.3564544763934177
Acholeplasma_oculi	SRR5949531	1.0531554799930984
Acholeplasma_oculi	SRR5949532	1.1598674597689607
Acholeplasma_oculi	SRR5949533	1.3285645915048494
Acholeplasma_oculi	SRR5949534	3.6489684538722327
Acholeplasma_oculi	SRR5949535	1.2356335989742235
Acholeplasma_oculi	SRR5949536	1.04267711098447
Acholeplasma_oculi	SRR5949537	0.8500643873051752
Acholeplasma_oculi	SRR5949538	1.3099462731867664
Acholeplasma_oculi	SRR5949539	1.1013595333227293
Acholeplasma_oculi	SRR5949540	2.1792713684813347
Acholeplasma_oculi	SRR5949541	1.2005256325694054
Acholeplasma_oculi	SRR5949542	2.2879395454758997
Acholeplasma_oculi	SRR5949543	1.6173302909168865
Acholeplasma_oculi	SRR5949544	1.128400418067213
Acholeplasma_oculi	SRR5949545	5.553503833016887
Acholeplasma_oculi	SRR5949546	16.84855197745537
Acholeplasma_oculi	SRR5949547	1.359557935336347
Acholeplasma_oculi	SRR5949548	1.0993686301562529
Acholeplasma_oculi	SRR5949549	1.049393150485908
Acholeplasma_oculi	SRR5949550	1.2038588566926758
Acholeplasma_oculi	SRR5949551	4.108096909803413
Acholeplasma_oculi	SRR5949552	41.59237368682166
Acholeplasma_oculi	SRR5949553	1.2565024956917021
Acholeplasma_oculi	SRR5949554	2.583898309405963
Acholeplasma_oculi	SRR5949555	1.0807139623389033
Acholeplasma_oculi	SRR5949556	50.439171438899116
Acholeplasma_oculi	SRR5949557	2.0834174637843947
Acholeplasma_oculi	SRR5949558	1.0886347072326419
Acholeplasma_oculi	SRR5949559	6.085937774664219
Acholeplasma_oculi	SRR5949560	3.9249300124711244
Acholeplasma_oculi	SRR5949561	0.6428831486098251
Acholeplasma_oculi	SRR5949562	4.493935993439391
Acholeplasma_oculi	SRR5949563	1.166778323957914
Acholeplasma_oculi	SRR5949564	0.6942902042022856
Acholeplasma_oculi	SRR5949565	4.1668349275687895
Acholeplasma_oculi	SRR5949566	40.35101683289349
Acholeplasma_oculi	SRR5949567	2.111574035810573
Acholeplasma_oculi	SRR5949568	0.8717253073909059
Acholeplasma_oculi	SRR5949569	5.686009836569526
Acholeplasma_oculi	SRR5949570	1.1950932079515397
Acholeplasma_oculi	SRR5949571	1.2676718562975933
Acholeplasma_oculi	SRR5949572	1.1936616701239362
Acholeplasma_oculi	SRR5949573	1.206076382065745
Acholeplasma_oculi	SRR5949574	1.1833204634691026
Acholeplasma_oculi	SRR5949575	16.20018727166542
Acholeplasma_oculi	SRR5949576	1.105569770871789
Acholeplasma_oculi	SRR5949577	1.27197200110313
Acholeplasma_oculi	SRR5949578	0.68207743734507
Acholeplasma_oculi	SRR5949579	0.8032299908985929
Acholeplasma_oculi	SRR5949580	1.2495002640455093
Acholeplasma_oculi	SRR5949581	1.013858510475241
Acholeplasma_oculi	SRR5949582	1.1878689580875645
Acholeplasma_oculi	SRR5949583	3.1574429356646534
Acholeplasma_oculi	SRR5949584	1.3761938415088313
Acholeplasma_oculi	SRR5949585	12.332567954869235
Acholeplasma_oculi	SRR5949586	1.111678344416074
Acholeplasma_oculi	SRR5949587	5.502623024436141
Acholeplasma_oculi	SRR5949588	3.010513777293136
Acholeplasma_oculi	SRR5949589	1.3286860621482448
Acholeplasma_oculi	SRR5949590	2.210337830532369
Acholeplasma_oculi	SRR5949591	1.2366721543910948
Acholeplasma_oculi	SRR5949592	1.1336931648527475
Acholeplasma_oculi	SRR5949593	1.2085538390793353
Acholeplasma_oculi	SRR5949594	1.2029451102589137
Acholeplasma_oculi	SRR5949595	2.1797875115230387
Acholeplasma_oculi	SRR5949596	1.2106216012880588
Acholeplasma_oculi	SRR5949597	1.0237122757948858
Acholeplasma_oculi	SRR5949598	0.8840935432974107
Acholeplasma_oculi	SRR5949599	1.2367682681016057
Acholeplasma_oculi	SRR5949600	16.188957483150144
Acholeplasma_oculi	SRR5949601	8.191014505062622
Acholeplasma_oculi	SRR5949602	1.0715260236714164
Acholeplasma_oculi	SRR5949603	1.1327086943635416
Acholeplasma_oculi	SRR5949604	1.2919491547029816
Acholeplasma_oculi	SRR5949605	77.23495993966314
Acholeplasma_oculi	SRR5949606	2.240067532244953
Acholeplasma_oculi	SRR5949607	2.2732062901501573
Acholeplasma_oculi	SRR5949608	1.157848451145154
Acholeplasma_oculi	SRR5950246	1.1609590643474483
Acholeplasma_oculi	SRR5950247	0.8696091019226845
Acholeplasma_oculi	SRR5950248	1.1342468923592717
Acholeplasma_oculi	SRR5950249	1.2440553715549034
Acholeplasma_oculi	SRR5950250	1.328486138811557
Acholeplasma_oculi	SRR5950251	2.0919782956265305
Acholeplasma_oculi	SRR5950252	1.332538284094607
Acholeplasma_oculi	SRR5950253	1.1368833473484656
Acholeplasma_oculi	SRR5950254	13.81739652710834
Acholeplasma_oculi	SRR5950255	1.2882433644676075
Acholeplasma_oculi	SRR5950256	1.148993078781124
Acholeplasma_oculi	SRR5950257	1.0369629465493853
Acholeplasma_oculi	SRR5950258	1.1917063746146712
Acholeplasma_oculi	SRR5950259	1.8512909557290826
Acholeplasma_oculi	SRR5950260	1.1119435621820215
Acholeplasma_oculi	SRR5950261	1.2042055109172545
Acholeplasma_oculi	SRR5950262	1.0950983643036607
Acholeplasma_oculi	SRR5950263	0.8305790443256049
Acholeplasma_oculi	SRR5950264	1.1725985576827191
Acholeplasma_oculi	SRR5950265	0.6540985511204012
Acholeplasma_oculi	SRR5950266	1.2303925228169172
Acholeplasma_oculi	SRR5950267	1.1554650145925622
Acholeplasma_oculi	SRR5950268	1.0392918850307107
Acholeplasma_oculi	SRR5950269	2.033035251454431
Acholeplasma_oculi	SRR5950270	1.4838805760427243
Acholeplasma_oculi	SRR5950271	1.3413229230288701
Acholeplasma_oculi	SRR5950272	1.3089784563337146
Acholeplasma_oculi	SRR5950273	4.581866033609441
Acholeplasma_oculi	SRR5950274	0.8533918351844139
Acholeplasma_oculi	SRR5950275	10.462114189419708
Acholeplasma_oculi	SRR5950276	1.0395171023806127
Acholeplasma_oculi	SRR5950277	1.010166984066448
Acholeplasma_oculi	SRR5950278	31.712190601126085
Acholeplasma_oculi	SRR5950279	1.2741714324325568
Acholeplasma_oculi	SRR5950280	19.164940513054002
Acholeplasma_oculi	SRR5950281	2.5590632186538205
Acholeplasma_oculi	SRR5950282	1.0225129867920197
Acholeplasma_oculi	SRR5950283	1.1023080583259934
Acholeplasma_oculi	SRR5950284	5.673483460709996
Acholeplasma_oculi	SRR5950285	0.7183217193923962
Acholeplasma_oculi	SRR5950286	3.7400152950620544
Acholeplasma_oculi	SRR5950287	2.038722945614672
Acholeplasma_oculi	SRR5950288	2.1411830556274545
Acholeplasma_oculi	SRR5950289	0.6323472799964978
Acholeplasma_oculi	SRR5950290	1.2013885455411597
Acholeplasma_oculi	SRR5950291	164.650571404724
Acholeplasma_oculi	SRR5950292	1.1832990098591325
Acholeplasma_oculi	SRR5950293	1.058009382003256
Acholeplasma_oculi	SRR5950294	10.247831952679599
Acholeplasma_oculi	SRR5950295	3.0350628972520437
Acholeplasma_oculi	SRR5950296	6.544831878039718
Acholeplasma_oculi	SRR5950297	2.0600631466727233
Acholeplasma_oculi	SRR5950298	4.9555546822448795
Acholeplasma_oculi	SRR5950299	2.1465883566144277
Acholeplasma_oculi	SRR5950300	2.913301575417488
Acholeplasma_oculi	SRR5950301	2.6399361121378337
Acholeplasma_oculi	SRR5950302	1.0737696431162256
Acholeplasma_oculi	SRR5950303	0.8327813391930959
Acholeplasma_oculi	SRR5950304	2.480108243119733
Acholeplasma_oculi	SRR5950305	0.5917450642717017
Acholeplasma_oculi	SRR5950306	0.5727332542011802
Acholeplasma_oculi	SRR5950307	0.5964674022057807
Acholeplasma_oculi	SRR5950308	5.907753927731563
Acholeplasma_oculi	SRR5950309	1.0417860786513093
Acholeplasma_oculi	SRR5950310	2.2954092226639244
Acholeplasma_oculi	SRR5950311	0.4800665664523604
Acholeplasma_oculi	SRR5950312	2.4973140712350212
Acholeplasma_oculi	SRR5950313	9.12525885347664
Acholeplasma_oculi	SRR5950314	1.1460323041592848
Acholeplasma_oculi	SRR5950315	1.3192148649740396
Acholeplasma_oculi	SRR5950316	1.2635118489747474
Acholeplasma_oculi	SRR5950317	1.0607344643039125
Acholeplasma_oculi	SRR5950318	0.33224859240188837
Acholeplasma_oculi	SRR5950319	3.302566122915356
Acholeplasma_oculi	SRR5950320	1.1020396562740746
Acholeplasma_oculi	SRR5950321	2.110937816305701
Acholeplasma_oculi	SRR5950322	2.0428234970437464
Acholeplasma_oculi	SRR5950323	2.4896606636468244
Acholeplasma_oculi	SRR5950324	1.0690259297743245
Acholeplasma_oculi	SRR5950325	1.3027469538237664
Acholeplasma_oculi	SRR5950326	2.0539497507635915
Acholeplasma_oculi	SRR5950327	1.1234839983598477
Acholeplasma_oculi	SRR5950328	1.1156253790724286
Acholeplasma_oculi	SRR5950329	1.0823166108667819
Acholeplasma_oculi	SRR5950330	3.347518846219973
Acholeplasma_oculi	SRR5950331	1.1360865901817379
Acholeplasma_oculi	SRR5950332	1.1441391071297062
Acholeplasma_oculi	SRR5950333	1.0450887383795906
Acholeplasma_oculi	SRR5950334	78.31219778222777
Acholeplasma_oculi	SRR5950335	1.001849336329634
Acholeplasma_oculi	SRR5950336	1.069894053378379
Acholeplasma_oculi	SRR5950337	1.0949212521904848
Acholeplasma_oculi	SRR5950338	1.1154579873036738
Acholeplasma_oculi	SRR5950339	1.3243301233120008
Acholeplasma_oculi	SRR5950340	2.257804436560461
Acholeplasma_oculi	SRR5950341	4.863480071521128
Acholeplasma_oculi	SRR5950342	1.155958281245722
Acholeplasma_oculi	SRR5950343	1.114375265023044
Acholeplasma_oculi	SRR5950344	1.2881209802887645
Acholeplasma_oculi	SRR5950345	69.89754715177057
Acholeplasma_oculi	SRR5950346	1.0065059293405187
Acholeplasma_oculi	SRR5950347	3.9080719974471743
Acholeplasma_oculi	SRR5950348	1.0366693771195008
Acholeplasma_oculi	SRR5950349	0.584534158771216
Acholeplasma_oculi	SRR5950350	0.899778705869242
Acholeplasma_oculi	SRR5950351	1.0575644618269049
Acholeplasma_oculi	SRR5950352	1.0466729610654832
Acholeplasma_oculi	SRR5950353	1.2249265126546085
Acholeplasma_oculi	SRR5950354	1.1095767168947774
Acholeplasma_oculi	SRR5950355	1.2161743574055415
Acholeplasma_oculi	SRR5950356	1.0724915249458775
Acholeplasma_oculi	SRR5950357	3.7160570723644715
Acholeplasma_oculi	SRR5950358	1.1051689152661845
Acholeplasma_oculi	SRR5950359	0.7725542052459782
Acholeplasma_oculi	SRR5950360	1.0324740632883367
Acholeplasma_oculi	SRR5950361	1.1157798239032726
Acholeplasma_oculi	SRR5950362	2.0827023251952186
Acholeplasma_oculi	SRR5950363	0.6814193953089831
Acholeplasma_oculi	SRR5950364	1.0423070118890227
Acholeplasma_oculi	SRR5950365	0.6536062395393728
Acholeplasma_oculi	SRR5950366	3.2124861493542354
Acholeplasma_oculi	SRR5950367	0.6113594890467063
Acholeplasma_oculi	SRR5950368	4.238572105799273
Acholeplasma_oculi	SRR5950369	13.99725480389948
Acholeplasma_oculi	SRR5950370	0.9200110851170403
Acholeplasma_oculi	SRR5950371	1.1430012753598477
Acholeplasma_oculi	SRR5950372	3.0130783189043386
Acholeplasma_oculi	SRR5950373	1.2645360629877291
Acholeplasma_oculi	SRR5950374	1.0285054100837399
Acholeplasma_oculi	SRR5950375	1.104363804385847
Acholeplasma_oculi	SRR5950376	1.2501098860840925
Acholeplasma_oculi	SRR5950377	2.286846777324329
Acholeplasma_oculi	SRR5950378	0.9046692587007091
Acholeplasma_oculi	SRR5950379	1.6980347194746814
Acholeplasma_oculi	SRR5950380	0.6181712065391043
Acholeplasma_oculi	SRR5950381	1.1166214934683185
Acholeplasma_oculi	SRR5950382	0.5841300083367437
Acholeplasma_oculi	SRR5950383	0.6888965760929091
Acholeplasma_oculi	SRR5950384	7.234725346055239
Acholeplasma_oculi	SRR5950385	1.2104012049758404
Acholeplasma_oculi	SRR5950386	1.135246261812664
Acholeplasma_oculi	SRR5950387	1.1565460816796715
Acholeplasma_oculi	SRR5950388	1.2053974090880961
Acholeplasma_oculi	SRR5950389	0.6904497879770103
Acholeplasma_oculi	SRR5950390	0.6984740003843484
Acholeplasma_oculi	SRR5950391	1.1491107987979958
Acholeplasma_oculi	SRR5950392	1.667113363100586
Acholeplasma_oculi	SRR5950393	3.105690701188146
Acholeplasma_oculi	SRR5950394	0.9412426880020937
Acholeplasma_oculi	SRR5950395	1.534613179948012
Acholeplasma_oculi	SRR5950396	5.298914954367282
Acholeplasma_oculi	SRR5950397	1.0485280380367323
Acholeplasma_oculi	SRR5950398	1.057056050916601
Acholeplasma_oculi	SRR5950399	1.1431131315026333
Acholeplasma_oculi	SRR5950400	1.0807755057701498
Acholeplasma_oculi	SRR5950401	1.0419241836108888
Acholeplasma_oculi	SRR5950402	1.3576181684644153
Acholeplasma_oculi	SRR5950403	0.7349943571048915
Acholeplasma_oculi	SRR5950404	1.0743127488655082
Acholeplasma_oculi	SRR5950405	1.8221947074252354
Acholeplasma_oculi	SRR5950406	2.3726233595227906
Acholeplasma_oculi	SRR5950407	0.6403112959561562
Acholeplasma_oculi	SRR5950408	1.2783356300966162
Acholeplasma_oculi	SRR5950409	0.778374760127857
Acholeplasma_oculi	SRR5950410	9.43291296631448
Acholeplasma_oculi	SRR5950411	1.2561181074698347
Acholeplasma_oculi	SRR5950412	6.537046530678054
Acholeplasma_oculi	SRR5950413	0.7246978902319452
Acholeplasma_oculi	SRR5950414	0.7229000081464182
Acholeplasma_oculi	SRR5950415	1.1591166067979481
Acholeplasma_oculi	SRR5950416	1.1909254154873892
Acholeplasma_oculi	SRR5950417	1.3241783942780894
Acholeplasma_oculi	SRR5950418	1.1579772882588515
Acholeplasma_oculi	SRR5950419	1.1750753866410875
Acholeplasma_oculi	SRR5950420	1.964944559050317
Acholeplasma_oculi	SRR5950421	1.0263683678776567
Acholeplasma_oculi	SRR5950422	5.806279479947947
Acholeplasma_oculi	SRR5950423	0.5117146842838837
Acholeplasma_oculi	SRR5950424	1.1807694179369137
Acholeplasma_oculi	SRR5950425	1.0968665957577715
Acholeplasma_oculi	SRR5950426	2.9655295449927093
Acholeplasma_oculi	SRR5950427	1.2027437090132078
Acholeplasma_oculi	SRR5950428	3.4029796241583514
Acholeplasma_oculi	SRR5950429	2.985891871554461
Acholeplasma_oculi	SRR5950430	1.0293139060877181
Acholeplasma_oculi	SRR5950431	6.111853037775738
Acholeplasma_oculi	SRR5950432	1.1943681924205094
Acholeplasma_oculi	SRR5950433	1.1279266372934247
Acholeplasma_oculi	SRR5950434	1.1356518611680246
Acholeplasma_oculi	SRR5950435	1.0535171201897175
Acholeplasma_oculi	SRR5950436	1.2045163379879462
Acholeplasma_oculi	SRR5950437	10.914773460150824
Acholeplasma_oculi	SRR5950438	1.1767191136789161
Acholeplasma_oculi	SRR5950439	4.045007528247895
Acholeplasma_oculi	SRR5950440	1.0039645895712337
Acholeplasma_oculi	SRR5950441	1.0469538129823934
Acholeplasma_oculi	SRR5950442	1.3859725803423821
Acholeplasma_oculi	SRR5950443	5.4055266441642935
Acholeplasma_oculi	SRR5950444	1.1127185628459835
Acholeplasma_oculi	SRR5950445	1.0417087318921974
Acholeplasma_oculi	SRR5950446	1.0285054100837399
Acholeplasma_oculi	SRR5950447	2.297429907391336
Acholeplasma_oculi	SRR5950448	0.7898236713259844
Acholeplasma_oculi	SRR5950449	2.011494813519827
Acholeplasma_oculi	SRR5950450	3.216045730937188
Acholeplasma_oculi	SRR5950451	1.329893515788851
Acholeplasma_oculi	SRR5950452	1.2996734255143718
Acholeplasma_oculi	SRR5950453	2.2447685724125463
Acholeplasma_oculi	SRR5950454	3.0161337561879735
Acholeplasma_oculi	SRR5950455	1.627121367298156
Acholeplasma_oculi	SRR5950456	1.1668644555725354
Acholeplasma_oculi	SRR5950457	0.9401464743506868
Acholeplasma_oculi	SRR5950458	1.7571314085168963
Acholeplasma_oculi	SRR5950459	2.2899328281262723
Acholeplasma_oculi	SRR5950460	1.0087435388127577
Acholeplasma_oculi	SRR5950461	2.9061904102424734
Acholeplasma_oculi	SRR5950462	1.1493581768800214
Acholeplasma_oculi	SRR5950463	0.7489146422809557
Acholeplasma_oculi	SRR5950464	3.701118378099594
Acholeplasma_oculi	SRR5950465	1.0315189805657066
Acholeplasma_oculi	SRR5950466	5.239213287144498
Acholeplasma_oculi	SRR5950467	0.5893852860079267
Acholeplasma_oculi	SRR5950468	3.2984277652902887
Acholeplasma_oculi	SRR5950469	1.1451411236395745
Acholeplasma_oculi	SRR5950470	1.2128503257805487
Acholeplasma_oculi	SRR5963912	1.336150659047432
Acholeplasma_oculi	SRR5963913	1.208660802110287
Acholeplasma_oculi	SRR5963914	1.3191638148200748
Acholeplasma_oculi	SRR5963915	1.0836009228500392
Acholeplasma_oculi	SRR5963916	1.258227370838775
Acholeplasma_oculi	SRR5963917	3.5777746500803738
Acholeplasma_oculi	SRR5963918	0.6772440998907492
Acholeplasma_oculi	SRR5963919	1.1007394850354797
Acholeplasma_oculi	SRR5963920	4.198194038084903
Acholeplasma_oculi	SRR5963921	3.071932759113845
Acholeplasma_oculi	SRR5963922	7.419285507507926
Acholeplasma_oculi	SRR5963923	6.453425477572241
Acholeplasma_oculi	SRR5963924	1.2131328594734012
Acholeplasma_oculi	SRR5963925	1.4337261889663053
Acholeplasma_oculi	SRR5963926	1.7415542465204517
Acholeplasma_oculi	SRR5963927	3.5152239348451113
Acholeplasma_oculi	SRR5963928	1.1725219183256181
Acholeplasma_oculi	SRR5963929	14.850282500254774
Acholeplasma_oculi	SRR5963930	1.1301657526466053
Acholeplasma_oculi	SRR5963931	2.3240885663242663
Acholeplasma_oculi	SRR5963932	1.2019384090069336
Acholeplasma_oculi	SRR5963933	1.1524965185767408
Acholeplasma_oculi	SRR5963934	0.8070856367443641
Acholeplasma_oculi	SRR5963935	1.0901779608920006
Acholeplasma_oculi	SRR5963936	2.1075501225435525
Acholeplasma_oculi	SRR5963937	8.135530207091916
Acholeplasma_oculi	SRR5963938	1.17911412078931
Acholeplasma_oculi	SRR5963939	1.2249146751884796
Acholeplasma_oculi	SRR5963940	1.1531145474732438
Acholeplasma_oculi	SRR5963941	1.3612319094799556
Acholeplasma_oculi	SRR5963942	1.3071795906682395
Acholeplasma_oculi	SRR5963943	3.161049048928639
Acholeplasma_oculi	SRR5963944	6.474761424624797
Acholeplasma_oculi	SRR5963945	6.20849434085987
Acholeplasma_oculi	SRR5963946	1.0954711451490824
Acholeplasma_oculi	SRR5963947	12.600116459636945
Acholeplasma_oculi	SRR5963948	11.220700877566259
Acholeplasma_oculi	SRR6467548	NA
Acholeplasma_oculi	SRR6467549	NA
Acholeplasma_oculi	SRR6467550	NA
Acholeplasma_oculi	SRR6467551	NA
Acholeplasma_oculi	SRR6467552	NA
Acholeplasma_oculi	SRR6467553	NA
Acholeplasma_oculi	SRR6467554	NA
Acholeplasma_oculi	SRR6467555	NA
Acholeplasma_oculi	SRR6467556	NA
Acholeplasma_oculi	SRR6467557	NA
Acholeplasma_oculi	SRR6467558	NA
Acholeplasma_oculi	SRR6467559	NA
Acholeplasma_oculi	SRR6467560	NA
Acholeplasma_oculi	SRR6467561	NA
Acholeplasma_oculi	SRR6467562	NA
Acholeplasma_oculi	SRR6467563	NA
Acholeplasma_oculi	SRR6467564	NA
Acholeplasma_oculi	SRR6467565	NA
Acholeplasma_oculi	SRR6467566	NA
Acholeplasma_oculi	SRR6467567	NA
Acholeplasma_oculi	SRR6467568	NA
Acholeplasma_oculi	SRR6467569	NA
Acholeplasma_oculi	SRR6467570	NA
Acholeplasma_oculi	SRR6467571	NA
Acholeplasma_oculi	SRR6467572	NA
Acholeplasma_oculi	SRR6467573	NA
Acholeplasma_oculi	SRR6467574	NA
Acholeplasma_oculi	SRR6467575	NA
Acholeplasma_oculi	SRR6467576	NA
Acholeplasma_oculi	SRR6467577	NA
Acholeplasma_oculi	SRR6467578	NA
Acholeplasma_oculi	SRR6467579	NA
Acholeplasma_oculi	SRR6467580	NA
Acholeplasma_oculi	SRR6467581	NA
Acholeplasma_oculi	SRR6467582	NA
Acholeplasma_oculi	SRR6467583	NA
Acholeplasma_oculi	SRR6467584	NA
Acholeplasma_oculi	SRR6467585	NA
Acholeplasma_oculi	SRR6467586	NA
Acholeplasma_oculi	SRR6467587	NA
Acholeplasma_oculi	SRR6467588	NA
Acholeplasma_oculi	SRR6467589	NA
Acholeplasma_oculi	SRR6467590	NA
Acholeplasma_oculi	SRR6467591	NA
Acholeplasma_oculi	SRR6467592	NA
Acholeplasma_oculi	SRR6467593	NA
Acholeplasma_oculi	SRR6467594	NA
Acholeplasma_oculi	SRR6467595	NA
Acholeplasma_oculi	SRR6467596	NA
Acholeplasma_oculi	SRR6467597	NA
Acholeplasma_oculi	SRR6467598	NA
Acholeplasma_oculi	SRR6467599	NA
Acholeplasma_oculi	SRR6467600	NA
Acholeplasma_oculi	SRR6467601	NA
Acholeplasma_oculi	SRR6467602	NA
Acholeplasma_oculi	SRR6467603	NA
Acholeplasma_oculi	SRR6467604	NA
Acholeplasma_oculi	SRR6467605	NA
Acholeplasma_oculi	SRR6467606	NA
Acholeplasma_oculi	SRR6467607	NA
Acholeplasma_oculi	SRR6467608	NA
Acholeplasma_oculi	SRR6467609	NA
Acholeplasma_oculi	SRR6467610	NA
Acholeplasma_oculi	SRR6467611	NA
Acholeplasma_oculi	SRR6467612	NA
Acholeplasma_oculi	SRR6467613	NA
Acholeplasma_oculi	SRR6467614	NA
Acholeplasma_oculi	SRR6467615	NA
Acholeplasma_oculi	SRR6467616	NA
Acholeplasma_oculi	SRR6467617	NA
Acholeplasma_oculi	SRR6467618	NA
Acholeplasma_oculi	SRR6467619	NA
Acholeplasma_oculi	SRR6467620	NA
Acholeplasma_oculi	SRR6467621	NA
Acholeplasma_oculi	SRR6467622	NA
Acholeplasma_oculi	SRR6467623	NA
Acholeplasma_oculi	SRR6467624	NA
Acholeplasma_oculi	SRR6467625	NA
Acholeplasma_oculi	SRR6467626	NA
Acholeplasma_oculi	SRR6467627	NA
Acholeplasma_oculi	SRR6467628	NA
Acholeplasma_oculi	SRR6467629	NA
Acholeplasma_oculi	SRR6467630	NA
Acholeplasma_oculi	SRR6467631	NA
Acholeplasma_oculi	SRR6467632	NA
Acholeplasma_oculi	SRR6467633	NA
Acholeplasma_oculi	SRR6467634	NA
Acholeplasma_oculi	SRR6467635	NA
Acholeplasma_oculi	SRR6467636	NA
Acholeplasma_oculi	SRR6467637	NA
Acholeplasma_oculi	SRR6467638	NA
Acholeplasma_oculi	SRR6467639	NA
Acholeplasma_oculi	SRR6467640	NA
Acholeplasma_oculi	SRR6467641	NA
Acholeplasma_oculi	SRR6467642	NA
Acholeplasma_oculi	SRR6467643	NA
Acholeplasma_oculi	SRR6467644	NA
Acholeplasma_oculi	SRR6467645	NA
Acholeplasma_oculi	SRR6467646	NA
Acholeplasma_oculi	SRR6467647	NA
Acholeplasma_oculi	SRR6467648	NA
Acholeplasma_oculi	SRR6467649	NA
Acholeplasma_oculi	SRR6467650	NA
Acholeplasma_oculi	SRR6467651	NA
Acholeplasma_oculi	SRR6467652	NA
Acholeplasma_oculi	SRR6467653	NA
Acholeplasma_oculi	SRR6467654	NA
Acholeplasma_oculi	SRR6467655	NA
Acholeplasma_oculi	SRR6467656	NA
Acholeplasma_oculi	SRR6467657	NA
Acholeplasma_oculi	SRR6467658	NA
Acholeplasma_oculi	SRR6467659	NA
Acholeplasma_oculi	SRR6467660	NA
Acholeplasma_oculi	SRR6467661	NA
Acholeplasma_oculi	SRR6467662	NA
Acholeplasma_oculi	SRR6467663	NA
Acholeplasma_oculi	SRR6467664	NA
Acholeplasma_oculi	SRR6467665	NA
Acholeplasma_oculi	SRR6467666	NA
Acholeplasma_oculi	SRR6467667	NA
Acholeplasma_oculi	SRR6467668	NA
Acholeplasma_oculi	SRR6467669	NA
Acholeplasma_oculi	SRR6467670	NA
Acholeplasma_oculi	SRR6467671	NA
Acholeplasma_oculi	SRR6467672	NA
Acholeplasma_oculi	SRR6467673	NA
Acholeplasma_oculi	SRR6467674	NA
Acholeplasma_oculi	SRR6467675	NA
Acholeplasma_oculi	SRR6467676	NA
Acholeplasma_oculi	SRR6467677	NA
Acholeplasma_oculi	SRR6467678	NA
Acholeplasma_oculi	SRR6467679	NA
Acholeplasma_oculi	SRR6467680	NA
Acholeplasma_oculi	SRR6467681	NA
Acholeplasma_oculi	SRR6467682	NA
Acholeplasma_oculi	SRR6467683	NA
Acholeplasma_oculi	SRR6467684	NA
Acholeplasma_oculi	SRR6467685	NA
Acholeplasma_oculi	SRR6467686	NA
Acholeplasma_oculi	SRR6467687	NA
Acholeplasma_oculi	SRR6467688	NA
Acholeplasma_oculi	SRR6467689	NA
Acholeplasma_oculi	SRR6467690	NA
Acholeplasma_oculi	SRR6467691	NA
Acholeplasma_oculi	SRR6467692	NA
Acholeplasma_oculi	SRR6467693	NA
Acholeplasma_oculi	SRR6467694	NA
Acholeplasma_oculi	SRR6467695	NA
Acholeplasma_oculi	SRR6467696	NA
Acholeplasma_oculi	SRR6467697	NA
Acholeplasma_oculi	SRR6467698	NA
Acholeplasma_oculi	SRR6467699	NA
Acholeplasma_oculi	SRR6467700	NA
Acholeplasma_oculi	SRR6467701	NA
Acholeplasma_oculi	SRR6467702	NA
Acholeplasma_oculi	SRR6467703	NA
Acholeplasma_oculi	SRR6467704	NA
Acholeplasma_oculi	SRR6467705	NA
Acholeplasma_oculi	SRR6467706	NA
Acholeplasma_oculi	SRR6467707	NA
Acholeplasma_oculi	SRR6467708	NA
Acholeplasma_oculi	SRR6467709	NA
Acholeplasma_oculi	SRR6467710	NA
Acholeplasma_oculi	SRR6467711	NA
Acholeplasma_oculi	SRR6467712	NA
Acholeplasma_oculi	SRR6467713	NA
Acholeplasma_oculi	SRR6467714	NA
Acholeplasma_oculi	SRR6467715	NA
Acholeplasma_oculi	SRR6467716	NA
Acholeplasma_oculi	SRR6467717	NA
Acholeplasma_oculi	SRR6467718	NA
Acholeplasma_oculi	SRR6467719	NA
Acholeplasma_oculi	SRR6467720	NA
Acholeplasma_oculi	SRR6467721	NA
Acholeplasma_oculi	SRR6467722	NA
Acholeplasma_oculi	SRR6467723	NA
Acholeplasma_oculi	SRR6467724	NA
Acholeplasma_oculi	SRR6467725	NA
Acholeplasma_oculi	SRR6467726	NA
Acholeplasma_oculi	SRR6467727	NA
Acholeplasma_oculi	SRR6467728	NA
Acholeplasma_oculi	SRR6467729	NA
Acholeplasma_oculi	SRR6467730	NA
Acholeplasma_oculi	SRR6467731	NA
Acholeplasma_oculi	SRR6467732	NA
Acholeplasma_oculi	SRR6467733	NA
Acholeplasma_oculi	SRR6467734	NA
Acholeplasma_oculi	SRR6467735	NA
Acholeplasma_oculi	SRR6467736	NA
Acholeplasma_oculi	SRR6467737	NA
Acholeplasma_oculi	SRR6467738	NA
Acholeplasma_oculi	SRR6467739	NA
Acholeplasma_oculi	SRR6467740	NA
Acholeplasma_oculi	SRR6467741	NA
Acholeplasma_oculi	SRR6467742	NA
Acholeplasma_oculi	SRR6467743	NA
Acholeplasma_oculi	SRR6467744	NA
Acholeplasma_oculi	SRR6467745	NA
Acholeplasma_oculi	SRR6467746	NA
Acholeplasma_oculi	SRR6467747	NA
Acholeplasma_oculi	SRR6467748	NA
Acholeplasma_oculi	SRR6467749	NA
Acholeplasma_oculi	SRR6467750	NA
Acholeplasma_oculi	SRR6467751	NA
Acholeplasma_oculi	SRR6467752	NA
Acholeplasma_oculi	SRR6467753	NA
Acholeplasma_oculi	SRR6467754	NA
Acholeplasma_oculi	SRR6467755	NA
Acholeplasma_oculi	SRR6467756	NA
Acholeplasma_oculi	SRR6467757	NA
Acholeplasma_oculi	SRR6467758	NA
Acholeplasma_oculi	SRR6467759	NA
Acholeplasma_oculi	SRR6467760	NA
Acholeplasma_oculi	SRR6467761	NA
Acholeplasma_oculi	SRR6467762	NA
Acholeplasma_oculi	SRR6467763	NA
Acholeplasma_oculi	SRR6467764	NA
Acholeplasma_oculi	SRR6467765	NA
Acholeplasma_oculi	SRR6467766	NA
Acholeplasma_oculi	SRR6467767	NA
Acholeplasma_oculi	SRR6467768	NA
Acholeplasma_oculi	SRR6467769	NA
Acholeplasma_oculi	SRR6467770	NA
Acholeplasma_oculi	SRR6467771	NA
Acholeplasma_oculi	SRR6467772	NA
Acholeplasma_oculi	SRR6467773	NA
Acholeplasma_oculi	SRR6868540	NA
Acholeplasma_oculi	SRR6868541	NA
Acholeplasma_oculi	SRR6868542	NA
Acholeplasma_oculi	SRR6868543	NA
Acholeplasma_oculi	SRR6868544	NA
Acholeplasma_oculi	SRR6868545	NA
Acholeplasma_oculi	SRR6868546	NA
Acholeplasma_oculi	SRR6868557	NA
Acholeplasma_oculi	SRR6868558	NA
Acholeplasma_oculi	SRR6868559	NA
Acholeplasma_oculi	SRR6868560	NA
Acholeplasma_oculi	SRR6868569	NA
Acholeplasma_oculi	SRR6868570	NA
Acholeplasma_oculi	SRR6868571	NA
Acholeplasma_oculi	SRR6868572	NA
Acholeplasma_oculi	SRR6868573	NA
Acholeplasma_oculi	SRR6868574	NA
Acholeplasma_oculi	SRR6868575	NA
Acholeplasma_oculi	SRR6868576	NA
Acholeplasma_oculi	SRR6868577	NA
Acholeplasma_oculi	SRR6868578	NA
Acholeplasma_oculi	SRR6868579	NA
Acholeplasma_oculi	SRR6868580	NA
Acholeplasma_oculi	SRR6868581	NA
Acholeplasma_oculi	SRR6868582	NA
Acholeplasma_oculi	SRR6868585	NA
Acholeplasma_oculi	SRR6868586	NA
Acholeplasma_oculi	SRR6868587	NA
Acholeplasma_oculi	SRR6868588	NA
Acholeplasma_oculi	SRR6868589	NA
Acholeplasma_oculi	SRR6868590	NA
Acholeplasma_oculi	SRR6868591	NA
Acholeplasma_oculi	SRR6868604	NA
Acholeplasma_oculi	SRR6868605	NA
Acholeplasma_oculi	SRR6868606	NA
Acholeplasma_oculi	SRR6868607	NA
Acholeplasma_oculi	SRR6868608	NA
Acholeplasma_oculi	SRR6868609	NA
Acholeplasma_oculi	SRR6868610	NA
Acholeplasma_oculi	SRR6868620	NA
Acholeplasma_oculi	SRR6868621	NA
Acholeplasma_oculi	SRR6868622	NA
Acholeplasma_oculi	SRR6868623	NA
Acholeplasma_oculi	SRR6868636	NA
Acholeplasma_oculi	SRR6868637	NA
Acholeplasma_oculi	SRR6868638	NA
Acholeplasma_oculi	SRR6868639	NA
Acholeplasma_oculi	SRR6868650	NA
Acholeplasma_oculi	SRR6868651	NA
Acholeplasma_oculi	SRR6868652	NA
Acholeplasma_oculi	SRR6868653	NA
Acholeplasma_oculi	SRR6868654	NA
Acholeplasma_oculi	SRR6868655	NA
Acholeplasma_oculi	SRR6868665	NA
Acholeplasma_oculi	SRR6868666	NA
Acholeplasma_oculi	SRR6868667	NA
Acholeplasma_oculi	SRR6868668	NA
Acholeplasma_oculi	SRR6868669	NA
Acholeplasma_oculi	SRR6868670	NA
Acholeplasma_oculi	SRR6868671	NA
Acholeplasma_oculi	SRR6868683	NA
Acholeplasma_oculi	SRR6868684	NA
Acholeplasma_oculi	SRR6868685	NA
Acholeplasma_oculi	SRR6868686	NA
Acholeplasma_oculi	SRR6868687	NA
Acholeplasma_oculi	SRR6868688	NA
Acholeplasma_oculi	SRR6868689	NA
Acholeplasma_oculi	SRR6868698	NA
Acholeplasma_oculi	SRR6868699	NA
Acholeplasma_oculi	SRR6868700	NA
Acholeplasma_oculi	SRR6868701	NA
Acholeplasma_oculi	SRR6868702	NA
Acholeplasma_oculi	SRR6868713	NA
Acholeplasma_oculi	SRR6868714	NA
Acholeplasma_oculi	SRR6868715	NA
Acholeplasma_oculi	SRR6868716	NA
Acholeplasma_oculi	SRR6868717	NA
Acholeplasma_oculi	SRR6868718	NA
Acholeplasma_oculi	SRR6868719	NA
Acholeplasma_oculi	SRR6868720	NA
Acholeplasma_oculi	SRR6868721	NA
Acholeplasma_oculi	SRR6868722	NA
Acholeplasma_oculi	SRR6868723	NA
Acholeplasma_oculi	SRR6868724	NA
Acholeplasma_oculi	SRR6868725	NA
Acholeplasma_oculi	SRR6868726	NA
Acholeplasma_oculi	SRR6868741	NA
Acholeplasma_oculi	SRR7632756	NA
Acholeplasma_oculi	SRR7632757	NA
Acholeplasma_oculi	SRR7632758	NA
Acholeplasma_oculi	SRR7632759	NA
Acholeplasma_oculi	SRR7632760	NA
Acholeplasma_oculi	SRR7632761	NA
Acholeplasma_oculi	SRR7632762	NA
Acholeplasma_oculi	SRR7632763	NA
Acholeplasma_oculi	SRR7632764	NA
Acholeplasma_oculi	SRR7632765	NA
Acholeplasma_oculi	SRR7632766	NA
Acholeplasma_oculi	SRR7632767	NA
Acholeplasma_oculi	SRR7632768	NA
Acholeplasma_oculi	SRR7632769	NA
Acholeplasma_oculi	SRR7632770	NA
Acholeplasma_oculi	SRR7632771	NA
Acholeplasma_oculi	SRR7632772	NA
Acholeplasma_oculi	SRR7632773	NA
Acholeplasma_oculi	SRR7632774	NA
Acholeplasma_oculi	SRR7632775	NA
Acholeplasma_oculi	SRR7632776	NA
Acholeplasma_oculi	SRR7632777	NA
Acholeplasma_oculi	SRR7632778	NA
Acholeplasma_oculi	SRR7632779	NA
Acholeplasma_oculi	SRR7632780	NA
Acholeplasma_oculi	SRR7632781	NA
Acholeplasma_oculi	SRR7632782	NA
Acholeplasma_oculi	SRR7632783	NA
Acholeplasma_oculi	SRR7632784	NA
Acholeplasma_oculi	SRR7632785	NA
Acholeplasma_oculi	SRR7632786	NA
Acholeplasma_oculi	SRR7632787	NA
Acholeplasma_oculi	SRR7632788	NA
Acholeplasma_oculi	SRR7632789	NA
Acholeplasma_oculi	SRR7632790	NA
Acholeplasma_oculi	SRR7632791	NA
Acholeplasma_oculi	SRR7632792	NA
Acholeplasma_oculi	SRR7632793	NA
Acholeplasma_oculi	SRR7632794	NA
Acholeplasma_oculi	SRR7632795	NA
Acholeplasma_oculi	SRR7632796	NA
Acholeplasma_oculi	SRR7632797	NA
Acholeplasma_oculi	SRR7632798	NA
Acholeplasma_oculi	SRR7632799	NA
Acholeplasma_oculi	SRR7632800	NA
Acholeplasma_oculi	SRR7632801	NA
Acholeplasma_oculi	SRR7632802	NA
Acholeplasma_oculi	SRR7632803	NA
Acholeplasma_oculi	SRR7632804	NA
Acholeplasma_oculi	SRR7632805	NA
Acholeplasma_oculi	SRR7632806	NA
Acholeplasma_oculi	SRR7632807	NA
Acholeplasma_oculi	SRR7632808	NA
Acholeplasma_oculi	SRR7632809	NA
Acholeplasma_oculi	SRR7632810	NA
Acholeplasma_oculi	SRR7632811	NA
Acholeplasma_oculi	SRR7632812	NA
Acholeplasma_oculi	SRR7632813	NA
Acholeplasma_oculi	SRR7632814	NA
Acholeplasma_oculi	SRR7632815	NA
Acholeplasma_oculi	SRR7632816	NA
Acholeplasma_oculi	SRR7632817	NA
Acholeplasma_oculi	SRR7632818	NA
Acholeplasma_oculi	SRR7632819	NA
Acholeplasma_oculi	SRR7632820	NA
Acholeplasma_oculi	SRR7632821	NA
Acholeplasma_oculi	SRR7632822	NA
Acholeplasma_oculi	SRR7632823	NA
Acholeplasma_oculi	SRR7632824	NA
Acholeplasma_oculi	SRR7632825	NA
Acholeplasma_oculi	SRR7632826	NA
Acholeplasma_oculi	SRR7632827	NA
Acholeplasma_oculi	SRR7632828	NA
Acholeplasma_oculi	SRR7632829	NA
Acholeplasma_oculi	SRR7632830	NA
Acholeplasma_oculi	SRR7632831	NA
Acholeplasma_oculi	SRR7632832	NA
Acholeplasma_oculi	SRR7632833	NA
Acholeplasma_oculi	SRR7632834	NA
Acholeplasma_oculi	SRR7632835	NA
Acholeplasma_oculi	SRR7632836	NA
Acholeplasma_oculi	SRR7632837	NA
Acholeplasma_oculi	SRR7632838	NA
Acholeplasma_oculi	SRR7632839	NA
Acholeplasma_oculi	SRR7632840	NA
Acholeplasma_oculi	SRR7632841	NA
Acholeplasma_oculi	SRR7632842	NA
Acholeplasma_oculi	SRR7632843	NA
Acholeplasma_oculi	SRR7632844	NA
Acholeplasma_oculi	SRR7632845	NA
Acholeplasma_oculi	SRR7632846	NA
Acholeplasma_oculi	SRR7632847	NA
Acholeplasma_oculi	SRR7632848	NA
Acholeplasma_oculi	SRR7632849	NA
Acholeplasma_oculi	SRR7632850	NA
Acholeplasma_oculi	SRR7632851	NA
Acholeplasma_oculi	SRR7632852	NA
Acholeplasma_oculi	SRR7632853	NA
Acholeplasma_oculi	SRR7632854	NA
Acholeplasma_oculi	SRR7632855	NA
Acholeplasma_oculi	SRR7632856	NA
Acholeplasma_oculi	SRR7632857	NA
Acholeplasma_oculi	SRR7632858	NA
Acholeplasma_oculi	SRR7632859	NA
Acholeplasma_oculi	SRR7632860	NA
Acholeplasma_oculi	SRR7632861	NA
Acholeplasma_oculi	SRR7632862	NA
Acholeplasma_oculi	SRR7632863	NA
Acholeplasma_oculi	SRR7632864	NA
Acholeplasma_oculi	SRR7632865	NA
Acholeplasma_oculi	SRR7632866	NA
Acholeplasma_oculi	SRR7632867	NA
Acholeplasma_oculi	SRR7632868	NA
Acholeplasma_oculi	SRR7632869	NA
Acholeplasma_oculi	SRR7632870	NA
Acholeplasma_oculi	SRR7632871	NA
Acholeplasma_oculi	SRR7632872	NA
Acholeplasma_oculi	SRR7632873	NA
Acholeplasma_oculi	SRR7632874	NA
Acholeplasma_oculi	SRR7632875	NA
Acholeplasma_oculi	SRR7632876	NA
Acholeplasma_oculi	SRR7632877	NA
Acholeplasma_oculi	SRR7632878	NA
Acholeplasma_oculi	SRR7632879	NA
Acholeplasma_oculi	SRR7632880	NA
Acholeplasma_oculi	SRR7632881	NA
Acholeplasma_oculi	SRR7632882	NA
Acholeplasma_oculi	SRR7632883	NA
Acholeplasma_oculi	SRR7632884	NA
Acholeplasma_oculi	SRR7632885	NA
Acholeplasma_oculi	SRR7632886	NA
Acholeplasma_oculi	SRR7632887	NA
Acholeplasma_oculi	SRR7632888	NA
Acholeplasma_oculi	SRR7632889	NA
Acholeplasma_oculi	SRR7632890	NA
Acholeplasma_oculi	SRR7632891	NA
Acholeplasma_oculi	SRR7632892	NA
Acholeplasma_oculi	SRR7632893	NA
Acholeplasma_oculi	SRR7632894	NA
Acholeplasma_oculi	SRR7632895	NA
Acholeplasma_oculi	SRR7632896	NA
Acholeplasma_oculi	SRR7632897	NA
Acholeplasma_oculi	SRR7632898	NA
Acholeplasma_oculi	SRR7632899	NA
Acholeplasma_oculi	SRR7632900	NA
Acholeplasma_oculi	SRR7632901	NA
Acholeplasma_oculi	SRR7632902	NA
Acholeplasma_oculi	SRR7632903	NA
Acholeplasma_oculi	SRR7632904	NA
Acholeplasma_oculi	SRR7632905	NA
Acholeplasma_oculi	SRR7632906	NA
Acholeplasma_oculi	SRR7632907	NA
Acholeplasma_oculi	SRR7632908	NA
Acholeplasma_oculi	SRR7632909	NA
Acholeplasma_oculi	SRR7632910	NA
Acholeplasma_oculi	SRR7632911	NA
Acholeplasma_oculi	SRR7632912	NA
Acholeplasma_oculi	SRR7632913	NA
Acholeplasma_oculi	SRR7632914	NA
Acholeplasma_oculi	SRR7632915	NA
Acholeplasma_oculi	SRR7632916	NA
Acholeplasma_oculi	SRR7632917	NA
Acholeplasma_oculi	SRR7632918	NA
Acholeplasma_oculi	SRR7632919	NA
Acholeplasma_oculi	SRR7632920	NA
Acholeplasma_oculi	SRR7632921	NA
Acholeplasma_oculi	SRR7632922	NA
Acholeplasma_oculi	SRR7632923	NA
Acholeplasma_oculi	SRR7632924	NA
Acholeplasma_oculi	SRR7632925	NA
Acholeplasma_oculi	SRR7632926	NA
Acholeplasma_oculi	SRR7632927	NA
Acholeplasma_oculi	SRR7632928	NA
Acholeplasma_oculi	SRR7632929	NA
Acholeplasma_oculi	SRR7632930	NA
Acholeplasma_oculi	SRR7632931	NA
Acholeplasma_oculi	SRR7632932	NA
Acholeplasma_oculi	SRR7632933	NA
Acholeplasma_oculi	SRR7632934	NA
Acholeplasma_oculi	SRR7632935	NA
Acholeplasma_oculi	SRR7632936	NA
Acholeplasma_oculi	SRR7632937	NA
Acholeplasma_oculi	SRR7632938	NA
Acholeplasma_oculi	SRR7632939	NA
Acholeplasma_oculi	SRR7632940	NA
Acholeplasma_oculi	SRR7632941	NA
Acholeplasma_oculi	SRR7632942	NA
Acholeplasma_oculi	SRR7632943	NA
Acholeplasma_oculi	SRR7632944	NA
Acholeplasma_oculi	SRR7632945	NA
Acholeplasma_oculi	SRR8928966	NA
Acholeplasma_oculi	SRR8928967	NA
Acholeplasma_oculi	SRR8928968	NA
Acholeplasma_oculi	SRR8928969	NA
Acholeplasma_oculi	SRR8928970	NA
Acholeplasma_oculi	SRR8928971	NA
Acholeplasma_oculi	SRR8928972	NA
Acholeplasma_oculi	SRR8928973	NA
Acholeplasma_oculi	SRR8928974	NA
Acholeplasma_oculi	SRR8928975	NA
Acholeplasma_oculi	SRR8928976	NA
Acholeplasma_oculi	SRR8928977	NA
Acholeplasma_oculi	SRR8928978	NA
Acholeplasma_oculi	SRR8928979	NA
Acholeplasma_oculi	SRR8928980	NA
Acholeplasma_oculi	SRR8928981	NA
Acholeplasma_oculi	SRR8928982	NA
Acholeplasma_oculi	SRR8928983	NA
Acholeplasma_oculi	SRR8928984	NA
Acholeplasma_oculi	SRR8928985	NA
Acholeplasma_oculi	SRR8928986	NA
Acholeplasma_oculi	SRR8928987	NA
Acholeplasma_oculi	SRR8928988	NA
Acholeplasma_oculi	SRR8928989	NA
Acholeplasma_oculi	SRR8928990	NA
Acholeplasma_oculi	SRR8928991	NA
Acholeplasma_oculi	SRR9835604	NA
Acholeplasma_oculi	SRR9835605	NA
Acholeplasma_oculi	SRR9835606	NA
Acholeplasma_oculi	SRR9835607	NA
Acholeplasma_oculi	SRR9835608	NA
Acholeplasma_oculi	SRR9835609	NA
Acholeplasma_oculi	SRR9835610	NA
Acholeplasma_oculi	SRR9835611	NA
Acholeplasma_oculi	SRR9835612	NA
Acholeplasma_oculi	SRR9835613	NA
Acholeplasma_oculi	SRR9835614	NA
Acholeplasma_oculi	SRR9835615	NA
Acholeplasma_oculi	SRR9835616	NA
Acholeplasma_oculi	SRR9835617	NA
Acholeplasma_oculi	SRR9835618	NA
Acholeplasma_oculi	SRR9835619	NA
Acholeplasma_oculi	SRR9835620	NA
Acholeplasma_oculi	SRR9835621	NA
Acholeplasma_oculi	SRR9835622	NA
Acholeplasma_oculi	SRR9835623	NA
Acholeplasma_oculi	SRR9835624	NA
Acholeplasma_oculi	SRR9835625	NA
Acholeplasma_oculi	SRR9835626	NA
Acholeplasma_oculi	SRR9835627	NA
Acholeplasma_oculi	SRR9835628	NA
Acholeplasma_oculi	SRR9835629	NA
Acholeplasma_oculi	SRR9835630	NA
Acholeplasma_oculi	SRR9835631	NA
Acholeplasma_oculi	SRR9835632	NA
Acholeplasma_oculi	SRR9835633	NA
Acholeplasma_oculi	SRR9835634	NA
Acholeplasma_oculi	SRR9835635	NA
Acholeplasma_oculi	SRR9835636	NA
Acholeplasma_oculi	SRR9835637	NA
Acholeplasma_oculi	SRR9835638	NA
Acholeplasma_oculi	SRR9835639	NA
Acholeplasma_oculi	SRR9835640	NA
Acholeplasma_oculi	SRR9835641	NA
Acholeplasma_oculi	SRR9835642	NA
Acholeplasma_oculi	SRR9835643	NA
Acholeplasma_oculi	SRR9835644	NA
Acholeplasma_oculi	SRR9835645	NA
Acholeplasma_oculi	SRR9835646	NA
Acholeplasma_oculi	SRR9835647	NA
Acholeplasma_oculi	SRR9835648	NA
Acholeplasma_oculi	SRR9835649	NA
Acholeplasma_oculi	SRR9835650	NA
Acholeplasma_oculi	SRR9835651	NA
Acholeplasma_oculi	SRR9835652	NA
Acholeplasma_oculi	SRR9835653	NA
Acholeplasma_oculi	SRR9835654	NA
Acholeplasma_oculi	SRR9835655	NA
Acholeplasma_oculi	SRR9835656	NA
Acholeplasma_oculi	SRR9835657	NA
Acholeplasma_oculi	SRR9835658	NA
Acholeplasma_oculi	SRR9835659	NA
Acholeplasma_oculi	SRR9835660	NA
Acholeplasma_oculi	SRR9835661	NA
Acholeplasma_oculi	SRR9835662	NA
Acholeplasma_oculi	SRR9835663	NA
Acholeplasma_oculi	SRR9835664	NA
Acholeplasma_oculi	SRR9835665	NA
Acholeplasma_oculi	SRR9835666	NA
Acholeplasma_oculi	SRR9835667	NA
Acholeplasma_oculi	SRR9835668	NA
Acholeplasma_oculi	SRR9835669	NA
Acholeplasma_oculi	SRR9835670	NA
Acholeplasma_oculi	SRR9835671	NA
Acholeplasma_oculi	SRR9835672	NA
Acholeplasma_oculi	SRR9835673	NA
Acholeplasma_oculi	SRR9835674	NA
Acholeplasma_oculi	SRR9835675	NA
Acholeplasma_oculi	SRR9835676	NA
Acholeplasma_oculi	SRR9835677	NA
Acholeplasma_oculi	SRR9835678	NA
Acholeplasma_oculi	SRR9835679	NA
Acholeplasma_oculi	SRR9835680	NA
Acholeplasma_oculi	SRR9835681	NA
Acholeplasma_oculi	SRR9835682	NA
Acholeplasma_oculi	SRR9835683	NA
Acholeplasma_oculi	SRR9835684	NA
Acholeplasma_oculi	SRR9835685	NA
Acholeplasma_oculi	SRR9835686	NA
Acholeplasma_oculi	SRR9835687	NA
Acholeplasma_oculi	SRR9835688	NA
Acholeplasma_oculi	SRR9835689	NA
Acholeplasma_oculi	SRR9835690	NA
Acholeplasma_oculi	SRR9835691	NA
Acholeplasma_oculi	SRR9835692	NA
Acholeplasma_oculi	SRR9835693	NA
Acholeplasma_oculi	SRR9835694	NA
Acholeplasma_oculi	SRR9835695	NA
Acholeplasma_oculi	SRR9835696	NA
Acholeplasma_oculi	SRR9835697	NA
Acholeplasma_oculi	SRR9835698	NA
Acholeplasma_oculi	SRR9835699	NA
Acholeplasma_oculi	SRR9835700	NA
Acholeplasma_oculi	SRR9835701	NA
Acholeplasma_oculi	SRR9835702	NA
Acholeplasma_oculi	SRR9835703	NA
Acholeplasma_oculi	SRR9835704	NA
Acholeplasma_oculi	SRR9835705	NA
Acholeplasma_oculi	SRR9835706	NA
Acholeplasma_oculi	SRR9835707	NA
Acholeplasma_oculi	SRR9835708	NA
Acholeplasma_oculi	SRR9835709	NA
Acholeplasma_oculi	SRR9835710	NA
Acholeplasma_oculi	SRR9835711	NA
Acholeplasma_oculi	SRR9835712	NA
Acholeplasma_oculi	SRR9835713	NA
Acholeplasma_oculi	SRR9835714	NA
Acholeplasma_oculi	SRR9835715	NA
Acholeplasma_oculi	SRR9835716	NA
Acholeplasma_oculi	SRR9835717	NA
Acholeplasma_oculi	SRR9835718	NA
Acholeplasma_oculi	SRR9835719	NA
Acholeplasma_oculi	SRR9835720	NA
Acholeplasma_oculi	SRR9835721	NA
Acholeplasma_oculi	SRR9835722	NA
Acholeplasma_oculi	SRR9835723	NA
Acholeplasma_oculi	SRR9835724	NA
Acholeplasma_oculi	SRR9835725	NA
Acholeplasma_oculi	SRR9835726	NA
Acholeplasma_oculi	SRR9835727	NA
Acholeplasma_oculi	SRR9835728	NA
Acholeplasma_oculi	SRR9835729	NA
Acholeplasma_oculi	SRR9835730	NA
Acholeplasma_oculi	SRR9835731	NA
Acholeplasma_oculi	SRR9835732	NA
Acholeplasma_oculi	SRR9835733	NA
Acholeplasma_oculi	SRR9835734	NA
Acholeplasma_oculi	SRR9835735	NA
Acholeplasma_oculi	SRR9835736	NA
Acholeplasma_oculi	SRR9835737	NA
Acholeplasma_oculi	SRR9835738	NA
Acholeplasma_oculi	SRR9835739	NA
Acholeplasma_oculi	SRR9835740	NA
Acholeplasma_oculi	SRR9835741	NA
Acholeplasma_oculi	SRR9835742	NA
Acholeplasma_oculi	SRR9835743	NA
Acholeplasma_oculi	SRR9835744	NA
Acholeplasma_oculi	SRR9835745	NA
Acholeplasma_oculi	SRR9835746	NA
Acholeplasma_oculi	SRR9835747	NA
Acholeplasma_oculi	SRR9835748	NA
Acholeplasma_oculi	SRR9835749	NA
Acholeplasma_oculi	SRR9835750	NA
Acholeplasma_oculi	SRR9835751	NA
Acholeplasma_oculi	SRR9835752	NA
Acholeplasma_oculi	SRR9835753	NA
Acholeplasma_oculi	SRR9835754	NA
Acholeplasma_oculi	SRR9835755	NA
Acholeplasma_oculi	SRR9835756	NA
Acholeplasma_oculi	SRR9835757	NA
Acholeplasma_oculi	SRR9835758	NA
Acholeplasma_oculi	SRR9835759	NA
Acholeplasma_oculi	SRR9835760	NA
Acholeplasma_oculi	SRR9835761	NA
Acholeplasma_oculi	SRR9835762	NA
Acholeplasma_oculi	SRR9835763	NA
Acholeplasma_oculi	SRR9835764	NA
Acholeplasma_oculi	SRR9835765	NA
Acholeplasma_oculi	SRR9835766	NA
Acholeplasma_oculi	SRR9835767	NA
Acholeplasma_oculi	SRR9835768	NA
Acholeplasma_oculi	SRR9835769	NA
Acholeplasma_oculi	SRR9835770	NA
Acholeplasma_oculi	SRR9835771	NA
Acholeplasma_oculi	SRR9835772	NA
Acholeplasma_oculi	SRR9835773	NA
Acholeplasma_oculi	SRR9835774	NA
Acholeplasma_oculi	SRR9835775	NA
Acholeplasma_oculi	SRR9835776	NA
Acholeplasma_oculi	SRR9835777	NA
Acholeplasma_oculi	SRR9835778	NA
Acholeplasma_oculi	SRR9835779	NA
Acholeplasma_oculi	SRR9835780	NA
Acholeplasma_oculi	SRR9835781	NA
Acholeplasma_oculi	SRR9835782	NA
Acholeplasma_oculi	SRR9835783	NA
Acholeplasma_oculi	SRR9835784	NA
Acholeplasma_oculi	SRR9835785	NA
Acholeplasma_oculi	SRR9835786	NA
Acholeplasma_oculi	SRR9835787	NA
Acholeplasma_oculi	SRR9835788	NA
Acholeplasma_oculi	SRR9835789	NA
Acholeplasma_oculi	SRR9835790	NA
Acholeplasma_oculi	SRR9835791	NA
Acholeplasma_oculi	SRR9835792	NA
Acholeplasma_oculi	SRR9835793	NA
Acholeplasma_oculi	SRR9835794	NA
Acholeplasma_oculi	SRR9835795	NA
Acholeplasma_oculi	SRR9835796	NA
Acholeplasma_oculi	SRR9835797	NA
Acholeplasma_oculi	SRR9835798	NA
Acholeplasma_oculi	SRR9835799	NA
Acholeplasma_oculi	SRR9835800	NA
Acholeplasma_oculi	SRR9835801	NA
Acholeplasma_oculi	SRR9835802	NA
Acholeplasma_oculi	SRR9867812	4.305988388799279
Acholeplasma_oculi	SRR9867813	1.1020396562740746
Acholeplasma_oculi	SRR9867814	2.2092644432774313
Acholeplasma_oculi	SRR9867815	1.2157080170768058
Acholeplasma_oculi	SRR9867816	2.0479551727425633
Acholeplasma_oculi	SRR9867817	0.7385517420797729
Acholeplasma_oculi	SRR9867818	1.0759035571995321
Acholeplasma_oculi	SRR9867819	1.074697195052246
Acholeplasma_oculi	SRR9867820	1.0216079877875042
Acholeplasma_oculi	SRR9867821	1.096717715680603
Acholeplasma_oculi	SRR9867822	1.1164069548230822
Acholeplasma_oculi	SRR9867823	2.0268787564018917
Acholeplasma_oculi	SRR9867824	0.8600549422370819
Acholeplasma_oculi	SRR9867825	1.099953950568973
Acholeplasma_oculi	SRR9867826	3.081963320593056
Acholeplasma_oculi	SRR9867827	1.0786781838010795
Acholeplasma_oculi	SRR9867828	0.7220781693183485
Acholeplasma_oculi	SRR9867829	1.0712772936759596
Acholeplasma_oculi	SRR9867830	1.0976269484967829
Acholeplasma_oculi	SRR9867831	1.0481147905841997
Acholeplasma_oculi	SRR9879292	NA
Acholeplasma_oculi	SRR9879293	NA
Acholeplasma_oculi	SRR9879294	NA
Acholeplasma_oculi	SRR9879295	NA
Acholeplasma_oculi	SRR9879296	NA
Acholeplasma_oculi	SRR9879297	NA
Acholeplasma_oculi	SRR9879298	NA
Acholeplasma_oculi	SRR9879299	NA
Acholeplasma_oculi	SRR9879300	NA
Acholeplasma_oculi	SRR9879301	NA
Acholeplasma_oculi	SRR9879302	NA
Acholeplasma_oculi	SRR9879303	NA
Acholeplasma_oculi	SRR9879304	NA
Acholeplasma_oculi	SRR9879305	NA
Acholeplasma_oculi	SRR9879306	NA
Acholeplasma_oculi	SRR9879307	NA
Acholeplasma_oculi	SRR9879308	NA
Acholeplasma_oculi	SRR9879309	NA
Acholeplasma_oculi	T50_307	1.102092006476012
Acholeplasma_oculi	T50_313	1.172076923899624
Acholeplasma_oculi	T50_317	1.5456055702452498
Acholeplasma_oculi	T50_324	1.0174861902626822
Acholeplasma_oculi	T50_427	1.2355256909978407
Acholeplasma_oculi	T50_428	1.2332225073516185
Acholeplasma_oculi	T50_431	1.2366721543910948
Acholeplasma_oculi	T50_436	1.2470864040381697
Acholeplasma_oculi	T50_476	1.2085062961205917
Acholeplasma_oculi	UN_307	0.9534125586713283
Acholeplasma_oculi	UN_313	1.03568654444311
Acholeplasma_oculi	UN_317	0.6686055316202731
Acholeplasma_oculi	UN_324	1.0225129867920197
Acholeplasma_oculi	UN_427	1.2315484571030648
Acholeplasma_oculi	UN_428	1.1834248220996775
Acholeplasma_oculi	UN_431	1.203077489030243
Acholeplasma_oculi	UN_436	1.2227960883966429
Acholeplasma_oculi	UN_476	1.2366721543910948
