Feature	sample	counts
Bacillus_wiedmannii	CM317	111.61723834499485
Bacillus_wiedmannii	CMCD140	112.86094557020563
Bacillus_wiedmannii	CMCD147	108.02155781243015
Bacillus_wiedmannii	CMCD152	6.271702774542088
Bacillus_wiedmannii	CMCD154	101.10270838732447
Bacillus_wiedmannii	CMCD159	128.52887937407408
Bacillus_wiedmannii	CMCD161	34.47760816256759
Bacillus_wiedmannii	CMCD174	122.61661357199422
Bacillus_wiedmannii	CMCD196	5.527848854358945
Bacillus_wiedmannii	CMCD198	95.80705871288845
Bacillus_wiedmannii	CMCD203	72.50038560967732
Bacillus_wiedmannii	CMCD211	10.566630587769478
Bacillus_wiedmannii	CMCD227	7.5275076743629485
Bacillus_wiedmannii	CMCD240	4.9803279929127395
Bacillus_wiedmannii	CMCD259	7.409085744564096
Bacillus_wiedmannii	CMCD270	7.327491393509324
Bacillus_wiedmannii	CMCD275	70.43405998525255
Bacillus_wiedmannii	CMCD282	44.465978838419026
Bacillus_wiedmannii	CMCD286	6.289657264542087
Bacillus_wiedmannii	CMCD287	7.528562991776375
Bacillus_wiedmannii	CMCD294	86.3540535431604
Bacillus_wiedmannii	CMCD327	73.69576915408557
Bacillus_wiedmannii	CMCD335	51.94954065842821
Bacillus_wiedmannii	CMCD337	40.63385091115292
Bacillus_wiedmannii	CMCD357	77.09407820844207
Bacillus_wiedmannii	CMCD398	50.306086101070484
Bacillus_wiedmannii	CMCD403	76.70017728624495
Bacillus_wiedmannii	CMCD422	50.20121826014636
Bacillus_wiedmannii	CMCD426	65.71745876053856
Bacillus_wiedmannii	CMCD71	56.090436469974655
Bacillus_wiedmannii	CMCD72	85.86899975526062
Bacillus_wiedmannii	CMCD76	42.41027068486517
Bacillus_wiedmannii	CMCD88	8.567689998459173
Bacillus_wiedmannii	CMSA256	9.879599067452276
Bacillus_wiedmannii	CMSA316	95.18637143207796
Bacillus_wiedmannii	CMUC110	1.2625745715208956
Bacillus_wiedmannii	CMUC192	10.613863549984792
Bacillus_wiedmannii	CMUC199	75.00665774538871
Bacillus_wiedmannii	CMUC200	3.681657265801518
Bacillus_wiedmannii	CMUC208	57.74704096094815
Bacillus_wiedmannii	CMUC231	8.644649184020741
Bacillus_wiedmannii	CMUC234	12.676718562975932
Bacillus_wiedmannii	CMUC285	14.793963366368095
Bacillus_wiedmannii	CMUC291	15.959553953798608
Bacillus_wiedmannii	CMUC295	19.74139525396319
Bacillus_wiedmannii	CMUC299	7.660917831592316
Bacillus_wiedmannii	CMUC301	13.809410639060365
Bacillus_wiedmannii	CMUC307	38.07671010303917
Bacillus_wiedmannii	CMUC313	79.13007814590065
Bacillus_wiedmannii	CMUC314	117.68340054942179
Bacillus_wiedmannii	CMUC323	56.18792520863922
Bacillus_wiedmannii	CMUC324	73.57024952875263
Bacillus_wiedmannii	CMUC331	83.82063318849241
Bacillus_wiedmannii	CMUC333	67.64295798817847
Bacillus_wiedmannii	CMUC334	88.44979272168207
Bacillus_wiedmannii	CMUC346	113.20715754021217
Bacillus_wiedmannii	CMUC352	110.85562113601462
Bacillus_wiedmannii	CMUC360	105.84230480525748
Bacillus_wiedmannii	CMUC363	116.37819257618885
Bacillus_wiedmannii	CMUC365	119.87115037557844
Bacillus_wiedmannii	CMUC366	49.46114971405876
Bacillus_wiedmannii	CMUC368	48.78783408090152
Bacillus_wiedmannii	CMUC377	75.08843804864918
Bacillus_wiedmannii	CMUC379	105.68339387670076
Bacillus_wiedmannii	CMUC380	78.70389184184775
Bacillus_wiedmannii	CMUC383	116.81081313217958
Bacillus_wiedmannii	CMUC394	112.74103506288459
Bacillus_wiedmannii	CMUC419	63.78824530833163
Bacillus_wiedmannii	CMUC427	18.336516866548557
Bacillus_wiedmannii	CMUC428	35.27785568255271
Bacillus_wiedmannii	CMUC431	31.758382116179313
Bacillus_wiedmannii	CMUC435	48.157679861532124
Bacillus_wiedmannii	CMUC439	46.879756405969545
Bacillus_wiedmannii	CMUC89	7.417731849580064
Bacillus_wiedmannii	CS219	15.080017552054588
Bacillus_wiedmannii	CS256	10.053801188463007
Bacillus_wiedmannii	CS257	114.3193011928144
Bacillus_wiedmannii	CS259	19.905481458577295
Bacillus_wiedmannii	CS261	88.5951041181368
Bacillus_wiedmannii	CS266	80.81457136974794
Bacillus_wiedmannii	CS270	87.00539355483073
Bacillus_wiedmannii	CS277	118.47766148634824
Bacillus_wiedmannii	CS288	129.23240059685966
Bacillus_wiedmannii	CS290	25.427184205828812
Bacillus_wiedmannii	CS292	65.19083678996209
Bacillus_wiedmannii	CS293	99.48564529713317
Bacillus_wiedmannii	CS301	117.99999055330895
Bacillus_wiedmannii	CS306	89.66625280618359
Bacillus_wiedmannii	CS308	60.68998373625229
Bacillus_wiedmannii	CS315	113.95867570069285
Bacillus_wiedmannii	CS317	104.81874402771982
Bacillus_wiedmannii	CS322	78.18756668892516
Bacillus_wiedmannii	CS327	71.51794874383566
Bacillus_wiedmannii	CS328	79.1854130927498
Bacillus_wiedmannii	CS330	94.36012763233661
Bacillus_wiedmannii	CS331	153.52845928748042
Bacillus_wiedmannii	CS335	82.39983419041059
Bacillus_wiedmannii	CS338	78.76759971691828
Bacillus_wiedmannii	CS339	29.40758297522251
Bacillus_wiedmannii	CS343	80.45251244006437
Bacillus_wiedmannii	CS344	66.10561128327478
Bacillus_wiedmannii	CS350	148.62905295779365
Bacillus_wiedmannii	CS351	78.71677326984863
Bacillus_wiedmannii	CS361	27.143002141433943
Bacillus_wiedmannii	CS388	69.76342297981837
Bacillus_wiedmannii	CS396	42.98158825256447
Bacillus_wiedmannii	CS405	65.26918774598634
Bacillus_wiedmannii	CS415	132.99149515733876
Bacillus_wiedmannii	CS424	86.42447058909254
Bacillus_wiedmannii	IM293	15.804631055923227
Bacillus_wiedmannii	IM296	97.67485097418223
Bacillus_wiedmannii	IM297	100.94827288611906
Bacillus_wiedmannii	IM300	4.873187390224203
Bacillus_wiedmannii	IM305	54.35170644207458
Bacillus_wiedmannii	IM309	73.52938098967496
Bacillus_wiedmannii	IM310	89.39057118066243
Bacillus_wiedmannii	IM311	89.91735134189211
Bacillus_wiedmannii	IM316	88.25087355557467
Bacillus_wiedmannii	IM320	96.75478938821826
Bacillus_wiedmannii	IM330	75.79299126124445
Bacillus_wiedmannii	IM332	97.49246562702828
Bacillus_wiedmannii	IM340	108.87952210964114
Bacillus_wiedmannii	IM348	53.88356990580421
Bacillus_wiedmannii	IM354	12.856161013959602
Bacillus_wiedmannii	IM356	77.79664634080655
Bacillus_wiedmannii	IM364	90.32975110276499
Bacillus_wiedmannii	IM372	67.06245094185442
Bacillus_wiedmannii	IM374	107.85941974293416
Bacillus_wiedmannii	IM376	60.078145847940675
Bacillus_wiedmannii	IM381	68.24442015099984
Bacillus_wiedmannii	IM382	75.40491043478275
Bacillus_wiedmannii	IM385	8.8121124439898
Bacillus_wiedmannii	IM390	72.20338986272489
Bacillus_wiedmannii	IM397	62.56709901454349
Bacillus_wiedmannii	IM404	36.90799365391863
Bacillus_wiedmannii	IM409	48.88558580277308
Bacillus_wiedmannii	IM412	35.05507664477064
Bacillus_wiedmannii	IM421	69.26550793146374
Bacillus_wiedmannii	IM425	77.73168558664186
Bacillus_wiedmannii	IM432	95.47690056158889
Bacillus_wiedmannii	IM438	23.575280771243452
Bacillus_wiedmannii	IM442	38.7534494897093
Bacillus_wiedmannii	IM445	34.86855928274868
Bacillus_wiedmannii	IM448	62.9882198188428
Bacillus_wiedmannii	IM449	65.99073077886484
Bacillus_wiedmannii	IM451	48.48139208658821
Bacillus_wiedmannii	IMSA256	1.3268077656506534
Bacillus_wiedmannii	IMSA276	4.803783780095726
Bacillus_wiedmannii	IMSA286	4.98989992778492
Bacillus_wiedmannii	IMSA343	125.73431795688232
Bacillus_wiedmannii	IS_238	10.034724439267341
Bacillus_wiedmannii	IS238	53.56080211061939
Bacillus_wiedmannii	IS243	30.495837932344173
Bacillus_wiedmannii	IS253	6.266717079600387
Bacillus_wiedmannii	IS283	35.20991043137043
Bacillus_wiedmannii	IS322	101.49997320153602
Bacillus_wiedmannii	IS399	44.02455536776525
Bacillus_wiedmannii	IS418	91.96697324876747
Bacillus_wiedmannii	IS430	47.30405109552013
Bacillus_wiedmannii	IS437	58.857167097130116
Bacillus_wiedmannii	IS444	47.49380691126348
Bacillus_wiedmannii	R276CMSA	79.37297757691168
Bacillus_wiedmannii	R286CMSA	6.353133114416839
Bacillus_wiedmannii	R292CMSA	39.21153682345419
Bacillus_wiedmannii	R292IMSA	142.17075746029758
Bacillus_wiedmannii	R308CMSA	89.05608690684467
Bacillus_wiedmannii	R316IMSA	51.140038363598514
Bacillus_wiedmannii	R347CMSA	97.50129889647091
Bacillus_wiedmannii	R347IMSA	82.24216050136494
Bacillus_wiedmannii	R371CMSA	60.756965579899074
Bacillus_wiedmannii	SRR10104064	NA
Bacillus_wiedmannii	SRR10104065	NA
Bacillus_wiedmannii	SRR10104066	NA
Bacillus_wiedmannii	SRR10104067	NA
Bacillus_wiedmannii	SRR10104068	NA
Bacillus_wiedmannii	SRR10104069	NA
Bacillus_wiedmannii	SRR10104070	NA
Bacillus_wiedmannii	SRR10104071	NA
Bacillus_wiedmannii	SRR10104072	NA
Bacillus_wiedmannii	SRR10104073	NA
Bacillus_wiedmannii	SRR10104074	NA
Bacillus_wiedmannii	SRR10104075	NA
Bacillus_wiedmannii	SRR10104076	NA
Bacillus_wiedmannii	SRR10104077	NA
Bacillus_wiedmannii	SRR10104078	NA
Bacillus_wiedmannii	SRR10104079	NA
Bacillus_wiedmannii	SRR10104080	NA
Bacillus_wiedmannii	SRR10104081	NA
Bacillus_wiedmannii	SRR10104082	NA
Bacillus_wiedmannii	SRR10104083	NA
Bacillus_wiedmannii	SRR10104084	NA
Bacillus_wiedmannii	SRR10104085	NA
Bacillus_wiedmannii	SRR10104086	NA
Bacillus_wiedmannii	SRR10104087	NA
Bacillus_wiedmannii	SRR10104088	NA
Bacillus_wiedmannii	SRR10104089	NA
Bacillus_wiedmannii	SRR10104090	NA
Bacillus_wiedmannii	SRR10104091	NA
Bacillus_wiedmannii	SRR10104092	NA
Bacillus_wiedmannii	SRR10104093	NA
Bacillus_wiedmannii	SRR10104094	NA
Bacillus_wiedmannii	SRR10104095	NA
Bacillus_wiedmannii	SRR10104096	NA
Bacillus_wiedmannii	SRR10104097	NA
Bacillus_wiedmannii	SRR10104098	NA
Bacillus_wiedmannii	SRR10104099	NA
Bacillus_wiedmannii	SRR10104100	NA
Bacillus_wiedmannii	SRR10104101	NA
Bacillus_wiedmannii	SRR10104102	NA
Bacillus_wiedmannii	SRR10104103	NA
Bacillus_wiedmannii	SRR10104104	NA
Bacillus_wiedmannii	SRR10104105	NA
Bacillus_wiedmannii	SRR10104106	NA
Bacillus_wiedmannii	SRR10104107	NA
Bacillus_wiedmannii	SRR10104108	NA
Bacillus_wiedmannii	SRR10104109	NA
Bacillus_wiedmannii	SRR10104110	NA
Bacillus_wiedmannii	SRR10104111	NA
Bacillus_wiedmannii	SRR10104112	NA
Bacillus_wiedmannii	SRR10104113	NA
Bacillus_wiedmannii	SRR10104114	NA
Bacillus_wiedmannii	SRR10104115	NA
Bacillus_wiedmannii	SRR10104116	NA
Bacillus_wiedmannii	SRR10104117	NA
Bacillus_wiedmannii	SRR10104118	NA
Bacillus_wiedmannii	SRR10104119	NA
Bacillus_wiedmannii	SRR10104120	NA
Bacillus_wiedmannii	SRR10104121	NA
Bacillus_wiedmannii	SRR10104122	NA
Bacillus_wiedmannii	SRR10104123	NA
Bacillus_wiedmannii	SRR10104124	NA
Bacillus_wiedmannii	SRR10104125	NA
Bacillus_wiedmannii	SRR10104126	NA
Bacillus_wiedmannii	SRR10104127	NA
Bacillus_wiedmannii	SRR10104128	NA
Bacillus_wiedmannii	SRR10104129	NA
Bacillus_wiedmannii	SRR10104130	NA
Bacillus_wiedmannii	SRR10104131	NA
Bacillus_wiedmannii	SRR10104132	NA
Bacillus_wiedmannii	SRR10104133	NA
Bacillus_wiedmannii	SRR10104134	NA
Bacillus_wiedmannii	SRR10104135	NA
Bacillus_wiedmannii	SRR10104136	NA
Bacillus_wiedmannii	SRR10104137	NA
Bacillus_wiedmannii	SRR10104138	NA
Bacillus_wiedmannii	SRR10104139	NA
Bacillus_wiedmannii	SRR10104140	NA
Bacillus_wiedmannii	SRR10104141	NA
Bacillus_wiedmannii	SRR10104142	NA
Bacillus_wiedmannii	SRR10104143	NA
Bacillus_wiedmannii	SRR10104144	NA
Bacillus_wiedmannii	SRR10104145	NA
Bacillus_wiedmannii	SRR10104146	NA
Bacillus_wiedmannii	SRR10104147	NA
Bacillus_wiedmannii	SRR10104148	NA
Bacillus_wiedmannii	SRR10104149	NA
Bacillus_wiedmannii	SRR10104150	NA
Bacillus_wiedmannii	SRR10104151	NA
Bacillus_wiedmannii	SRR10104152	NA
Bacillus_wiedmannii	SRR10104153	NA
Bacillus_wiedmannii	SRR10104154	NA
Bacillus_wiedmannii	SRR10104155	NA
Bacillus_wiedmannii	SRR10104156	NA
Bacillus_wiedmannii	SRR10104157	NA
Bacillus_wiedmannii	SRR10104158	NA
Bacillus_wiedmannii	SRR10104159	NA
Bacillus_wiedmannii	SRR10104160	NA
Bacillus_wiedmannii	SRR10104161	NA
Bacillus_wiedmannii	SRR10104162	NA
Bacillus_wiedmannii	SRR10104163	NA
Bacillus_wiedmannii	SRR10104164	NA
Bacillus_wiedmannii	SRR10104165	NA
Bacillus_wiedmannii	SRR10104166	NA
Bacillus_wiedmannii	SRR10104167	NA
Bacillus_wiedmannii	SRR10104168	NA
Bacillus_wiedmannii	SRR10104169	NA
Bacillus_wiedmannii	SRR10104170	NA
Bacillus_wiedmannii	SRR10104171	NA
Bacillus_wiedmannii	SRR10104172	NA
Bacillus_wiedmannii	SRR10104173	NA
Bacillus_wiedmannii	SRR10104174	NA
Bacillus_wiedmannii	SRR10104175	NA
Bacillus_wiedmannii	SRR10104176	NA
Bacillus_wiedmannii	SRR10104177	NA
Bacillus_wiedmannii	SRR10104178	NA
Bacillus_wiedmannii	SRR10104179	NA
Bacillus_wiedmannii	SRR10104180	NA
Bacillus_wiedmannii	SRR10104181	NA
Bacillus_wiedmannii	SRR10104182	NA
Bacillus_wiedmannii	SRR10104183	NA
Bacillus_wiedmannii	SRR10104184	NA
Bacillus_wiedmannii	SRR10104185	NA
Bacillus_wiedmannii	SRR10104186	NA
Bacillus_wiedmannii	SRR10104187	NA
Bacillus_wiedmannii	SRR10104188	NA
Bacillus_wiedmannii	SRR10104189	NA
Bacillus_wiedmannii	SRR10104190	NA
Bacillus_wiedmannii	SRR10104191	NA
Bacillus_wiedmannii	SRR10104192	NA
Bacillus_wiedmannii	SRR10104193	NA
Bacillus_wiedmannii	SRR10104194	NA
Bacillus_wiedmannii	SRR10104195	NA
Bacillus_wiedmannii	SRR10104196	NA
Bacillus_wiedmannii	SRR10104197	NA
Bacillus_wiedmannii	SRR10104198	NA
Bacillus_wiedmannii	SRR10104199	NA
Bacillus_wiedmannii	SRR10104200	NA
Bacillus_wiedmannii	SRR10104201	NA
Bacillus_wiedmannii	SRR10104202	NA
Bacillus_wiedmannii	SRR10104203	NA
Bacillus_wiedmannii	SRR10104204	NA
Bacillus_wiedmannii	SRR10104205	NA
Bacillus_wiedmannii	SRR10104206	NA
Bacillus_wiedmannii	SRR10104207	NA
Bacillus_wiedmannii	SRR10104208	NA
Bacillus_wiedmannii	SRR10104209	NA
Bacillus_wiedmannii	SRR10104210	NA
Bacillus_wiedmannii	SRR10104211	NA
Bacillus_wiedmannii	SRR10104212	NA
Bacillus_wiedmannii	SRR10104213	NA
Bacillus_wiedmannii	SRR10104214	NA
Bacillus_wiedmannii	SRR10104215	NA
Bacillus_wiedmannii	SRR10104216	NA
Bacillus_wiedmannii	SRR10104217	NA
Bacillus_wiedmannii	SRR10104218	NA
Bacillus_wiedmannii	SRR10104219	NA
Bacillus_wiedmannii	SRR10104220	NA
Bacillus_wiedmannii	SRR10104221	NA
Bacillus_wiedmannii	SRR10104222	NA
Bacillus_wiedmannii	SRR10104223	NA
Bacillus_wiedmannii	SRR10104224	NA
Bacillus_wiedmannii	SRR10104225	NA
Bacillus_wiedmannii	SRR10104226	NA
Bacillus_wiedmannii	SRR10104227	NA
Bacillus_wiedmannii	SRR10104228	NA
Bacillus_wiedmannii	SRR10104229	NA
Bacillus_wiedmannii	SRR10104230	NA
Bacillus_wiedmannii	SRR10104231	NA
Bacillus_wiedmannii	SRR10104232	NA
Bacillus_wiedmannii	SRR10104233	NA
Bacillus_wiedmannii	SRR10104234	NA
Bacillus_wiedmannii	SRR10104235	NA
Bacillus_wiedmannii	SRR10104236	NA
Bacillus_wiedmannii	SRR10104237	NA
Bacillus_wiedmannii	SRR10104238	NA
Bacillus_wiedmannii	SRR10104239	NA
Bacillus_wiedmannii	SRR10104240	NA
Bacillus_wiedmannii	SRR10104241	NA
Bacillus_wiedmannii	SRR10104242	NA
Bacillus_wiedmannii	SRR10104243	NA
Bacillus_wiedmannii	SRR10104244	NA
Bacillus_wiedmannii	SRR10104245	NA
Bacillus_wiedmannii	SRR10104246	NA
Bacillus_wiedmannii	SRR10104247	NA
Bacillus_wiedmannii	SRR10104248	NA
Bacillus_wiedmannii	SRR10104249	NA
Bacillus_wiedmannii	SRR10104250	NA
Bacillus_wiedmannii	SRR10104251	NA
Bacillus_wiedmannii	SRR10104252	NA
Bacillus_wiedmannii	SRR10104253	NA
Bacillus_wiedmannii	SRR10104254	NA
Bacillus_wiedmannii	SRR10104255	NA
Bacillus_wiedmannii	SRR10104256	NA
Bacillus_wiedmannii	SRR10104257	NA
Bacillus_wiedmannii	SRR10104258	NA
Bacillus_wiedmannii	SRR10224277	1.3701638199222166
Bacillus_wiedmannii	SRR10224278	1.3701638199222166
Bacillus_wiedmannii	SRR10224279	1.3701638199222166
Bacillus_wiedmannii	SRR10224280	1.3701638199222166
Bacillus_wiedmannii	SRR10224281	1.3701638199222166
Bacillus_wiedmannii	SRR10224282	1.3701638199222166
Bacillus_wiedmannii	SRR10224283	1.3701638199222166
Bacillus_wiedmannii	SRR10224284	1.3701638199222166
Bacillus_wiedmannii	SRR10224285	1.3701638199222166
Bacillus_wiedmannii	SRR10224286	1.3701638199222166
Bacillus_wiedmannii	SRR10224287	1.3701638199222166
Bacillus_wiedmannii	SRR10224288	1.3701638199222166
Bacillus_wiedmannii	SRR10224289	1.3701638199222166
Bacillus_wiedmannii	SRR10224290	1.3701638199222166
Bacillus_wiedmannii	SRR10224291	1.3701638199222166
Bacillus_wiedmannii	SRR10224292	1.3701638199222166
Bacillus_wiedmannii	SRR10224293	1.3701638199222166
Bacillus_wiedmannii	SRR10224294	1.3701638199222166
Bacillus_wiedmannii	SRR10224295	1.3701638199222166
Bacillus_wiedmannii	SRR10224296	1.3701638199222166
Bacillus_wiedmannii	SRR10224297	1.3701638199222166
Bacillus_wiedmannii	SRR10224298	1.3701638199222166
Bacillus_wiedmannii	SRR10318388	NA
Bacillus_wiedmannii	SRR10318389	NA
Bacillus_wiedmannii	SRR10318390	NA
Bacillus_wiedmannii	SRR10318391	NA
Bacillus_wiedmannii	SRR10318392	NA
Bacillus_wiedmannii	SRR10318393	NA
Bacillus_wiedmannii	SRR10318394	NA
Bacillus_wiedmannii	SRR10318395	NA
Bacillus_wiedmannii	SRR10318396	NA
Bacillus_wiedmannii	SRR10318397	NA
Bacillus_wiedmannii	SRR10318398	NA
Bacillus_wiedmannii	SRR10318399	NA
Bacillus_wiedmannii	SRR10318400	NA
Bacillus_wiedmannii	SRR10318401	NA
Bacillus_wiedmannii	SRR10318402	NA
Bacillus_wiedmannii	SRR10318403	NA
Bacillus_wiedmannii	SRR10318404	NA
Bacillus_wiedmannii	SRR10318405	NA
Bacillus_wiedmannii	SRR10318406	NA
Bacillus_wiedmannii	SRR10318407	NA
Bacillus_wiedmannii	SRR10318408	NA
Bacillus_wiedmannii	SRR10318409	NA
Bacillus_wiedmannii	SRR10318410	NA
Bacillus_wiedmannii	SRR10318411	NA
Bacillus_wiedmannii	SRR10318412	NA
Bacillus_wiedmannii	SRR10318413	NA
Bacillus_wiedmannii	SRR10318414	NA
Bacillus_wiedmannii	SRR10318415	NA
Bacillus_wiedmannii	SRR10318416	NA
Bacillus_wiedmannii	SRR10318417	NA
Bacillus_wiedmannii	SRR10318418	NA
Bacillus_wiedmannii	SRR10318419	NA
Bacillus_wiedmannii	SRR10318420	NA
Bacillus_wiedmannii	SRR10318421	NA
Bacillus_wiedmannii	SRR10318422	NA
Bacillus_wiedmannii	SRR10318423	NA
Bacillus_wiedmannii	SRR10318424	NA
Bacillus_wiedmannii	SRR10318425	NA
Bacillus_wiedmannii	SRR10318426	NA
Bacillus_wiedmannii	SRR10318427	NA
Bacillus_wiedmannii	SRR10318428	NA
Bacillus_wiedmannii	SRR10318429	NA
Bacillus_wiedmannii	SRR10318430	NA
Bacillus_wiedmannii	SRR10318431	NA
Bacillus_wiedmannii	SRR10318432	NA
Bacillus_wiedmannii	SRR10318433	NA
Bacillus_wiedmannii	SRR10318434	NA
Bacillus_wiedmannii	SRR10318435	NA
Bacillus_wiedmannii	SRR10318436	NA
Bacillus_wiedmannii	SRR10318437	NA
Bacillus_wiedmannii	SRR10318438	NA
Bacillus_wiedmannii	SRR10318439	NA
Bacillus_wiedmannii	SRR10318440	NA
Bacillus_wiedmannii	SRR10318441	NA
Bacillus_wiedmannii	SRR10318442	NA
Bacillus_wiedmannii	SRR10318443	NA
Bacillus_wiedmannii	SRR10318444	NA
Bacillus_wiedmannii	SRR10318445	NA
Bacillus_wiedmannii	SRR10318446	NA
Bacillus_wiedmannii	SRR10318447	NA
Bacillus_wiedmannii	SRR10318448	NA
Bacillus_wiedmannii	SRR10318449	NA
Bacillus_wiedmannii	SRR10318450	NA
Bacillus_wiedmannii	SRR10318451	NA
Bacillus_wiedmannii	SRR10318452	NA
Bacillus_wiedmannii	SRR10318453	NA
Bacillus_wiedmannii	SRR10318454	NA
Bacillus_wiedmannii	SRR10318455	NA
Bacillus_wiedmannii	SRR10318456	NA
Bacillus_wiedmannii	SRR10318457	NA
Bacillus_wiedmannii	SRR10318458	NA
Bacillus_wiedmannii	SRR10318459	NA
Bacillus_wiedmannii	SRR10318460	NA
Bacillus_wiedmannii	SRR10318461	NA
Bacillus_wiedmannii	SRR10318462	NA
Bacillus_wiedmannii	SRR10318463	NA
Bacillus_wiedmannii	SRR10318464	NA
Bacillus_wiedmannii	SRR10318465	NA
Bacillus_wiedmannii	SRR10318466	NA
Bacillus_wiedmannii	SRR10318467	NA
Bacillus_wiedmannii	SRR10318468	NA
Bacillus_wiedmannii	SRR10318469	NA
Bacillus_wiedmannii	SRR10318470	NA
Bacillus_wiedmannii	SRR10318471	NA
Bacillus_wiedmannii	SRR10318472	NA
Bacillus_wiedmannii	SRR10318473	NA
Bacillus_wiedmannii	SRR10318474	NA
Bacillus_wiedmannii	SRR10318475	NA
Bacillus_wiedmannii	SRR10318476	NA
Bacillus_wiedmannii	SRR10318495	NA
Bacillus_wiedmannii	SRR10318496	NA
Bacillus_wiedmannii	SRR10318497	NA
Bacillus_wiedmannii	SRR10318498	NA
Bacillus_wiedmannii	SRR10318499	NA
Bacillus_wiedmannii	SRR10318500	NA
Bacillus_wiedmannii	SRR10318501	NA
Bacillus_wiedmannii	SRR10318502	NA
Bacillus_wiedmannii	SRR10318503	NA
Bacillus_wiedmannii	SRR10318504	NA
Bacillus_wiedmannii	SRR10318505	NA
Bacillus_wiedmannii	SRR10318506	NA
Bacillus_wiedmannii	SRR10318507	NA
Bacillus_wiedmannii	SRR10318508	NA
Bacillus_wiedmannii	SRR10318509	NA
Bacillus_wiedmannii	SRR10318510	NA
Bacillus_wiedmannii	SRR10318511	NA
Bacillus_wiedmannii	SRR10318512	NA
Bacillus_wiedmannii	SRR10318513	NA
Bacillus_wiedmannii	SRR10318514	NA
Bacillus_wiedmannii	SRR10318515	NA
Bacillus_wiedmannii	SRR10318516	NA
Bacillus_wiedmannii	SRR10318517	NA
Bacillus_wiedmannii	SRR10318518	NA
Bacillus_wiedmannii	SRR10318519	NA
Bacillus_wiedmannii	SRR10318520	NA
Bacillus_wiedmannii	SRR10318521	NA
Bacillus_wiedmannii	SRR10318522	NA
Bacillus_wiedmannii	SRR10318523	NA
Bacillus_wiedmannii	SRR10318524	NA
Bacillus_wiedmannii	SRR10318525	NA
Bacillus_wiedmannii	SRR10318526	NA
Bacillus_wiedmannii	SRR10318527	NA
Bacillus_wiedmannii	SRR10318528	NA
Bacillus_wiedmannii	SRR10318529	NA
Bacillus_wiedmannii	SRR10318530	NA
Bacillus_wiedmannii	SRR10318531	NA
Bacillus_wiedmannii	SRR10318532	NA
Bacillus_wiedmannii	SRR10318533	NA
Bacillus_wiedmannii	SRR10318534	NA
Bacillus_wiedmannii	SRR10318535	NA
Bacillus_wiedmannii	SRR10318536	NA
Bacillus_wiedmannii	SRR10318537	NA
Bacillus_wiedmannii	SRR10318538	NA
Bacillus_wiedmannii	SRR10318539	NA
Bacillus_wiedmannii	SRR10318540	NA
Bacillus_wiedmannii	SRR10318541	NA
Bacillus_wiedmannii	SRR10318542	NA
Bacillus_wiedmannii	SRR10318543	NA
Bacillus_wiedmannii	SRR10318544	NA
Bacillus_wiedmannii	SRR10318545	NA
Bacillus_wiedmannii	SRR10318546	NA
Bacillus_wiedmannii	SRR10318547	NA
Bacillus_wiedmannii	SRR10318548	NA
Bacillus_wiedmannii	SRR10318549	NA
Bacillus_wiedmannii	SRR10318568	NA
Bacillus_wiedmannii	SRR10318569	NA
Bacillus_wiedmannii	SRR10318570	NA
Bacillus_wiedmannii	SRR10318571	NA
Bacillus_wiedmannii	SRR10318572	NA
Bacillus_wiedmannii	SRR10318573	NA
Bacillus_wiedmannii	SRR10318574	NA
Bacillus_wiedmannii	SRR10318575	NA
Bacillus_wiedmannii	SRR10318576	NA
Bacillus_wiedmannii	SRR10318577	NA
Bacillus_wiedmannii	SRR10318578	NA
Bacillus_wiedmannii	SRR10318579	NA
Bacillus_wiedmannii	SRR10318580	NA
Bacillus_wiedmannii	SRR10318581	NA
Bacillus_wiedmannii	SRR10875803	1.2882433644676075
Bacillus_wiedmannii	SRR10875804	1.3131501335763234
Bacillus_wiedmannii	SRR10875805	1.321798712280005
Bacillus_wiedmannii	SRR10875806	1.3274339751425022
Bacillus_wiedmannii	SRR10875807	3.93945040072897
Bacillus_wiedmannii	SRR10875808	1.3045425033315778
Bacillus_wiedmannii	SRR10875809	2.6083417563269653
Bacillus_wiedmannii	SRR10875810	1.3045425033315778
Bacillus_wiedmannii	SRR10875812	1.3183154886473012
Bacillus_wiedmannii	SRR10875813	1.3118964527875616
Bacillus_wiedmannii	SRR10875814	2.6440121867507083
Bacillus_wiedmannii	SRR10875815	1.3256464886490253
Bacillus_wiedmannii	SRR10875816	1.3183139712761642
Bacillus_wiedmannii	SRR10875817	2.565290958603569
Bacillus_wiedmannii	SRR10875818	1.3099462731867664
Bacillus_wiedmannii	SRR10875819	2.640164826834729
Bacillus_wiedmannii	SRR10875820	1.32788603600936
Bacillus_wiedmannii	SRR10875821	3.985221229500426
Bacillus_wiedmannii	SRR10875822	1.316342388280703
Bacillus_wiedmannii	SRR10875823	1.3238501380291254
Bacillus_wiedmannii	SRR10875824	1.2857278820269409
Bacillus_wiedmannii	SRR10875825	2.65577207201872
Bacillus_wiedmannii	SRR10875826	1.3307758213748055
Bacillus_wiedmannii	SRR10875827	1.3139301099540455
Bacillus_wiedmannii	SRR10875829	2.6616994621753753
Bacillus_wiedmannii	SRR10875830	1.336318015657321
Bacillus_wiedmannii	SRR10875831	1.3298509126251958
Bacillus_wiedmannii	SRR10875832	1.3160122260372673
Bacillus_wiedmannii	SRR10875834	1.3259085555509957
Bacillus_wiedmannii	SRR10875835	1.3199680560689169
Bacillus_wiedmannii	SRR10875836	1.3212481279970223
Bacillus_wiedmannii	SRR10875837	1.316342388280703
Bacillus_wiedmannii	SRR10875838	1.2725223989275738
Bacillus_wiedmannii	SRR10875839	1.3273671044979394
Bacillus_wiedmannii	SRR10875840	2.653481290924613
Bacillus_wiedmannii	SRR10875841	1.3248031109985206
Bacillus_wiedmannii	SRR10875842	5.306402415468801
Bacillus_wiedmannii	SRR10875843	3.619086744417709
Bacillus_wiedmannii	SRR10875844	2.5325342137924745
Bacillus_wiedmannii	SRR10875845	1.2640509762738386
Bacillus_wiedmannii	SRR10875846	1.2604869465499007
Bacillus_wiedmannii	SRR10875847	1.1969670987350434
Bacillus_wiedmannii	SRR10875848	3.7714970671289083
Bacillus_wiedmannii	SRR10875849	2.4967007233974847
Bacillus_wiedmannii	SRR10875850	1.2877682815575862
Bacillus_wiedmannii	SRR10875851	1.28804384092142
Bacillus_wiedmannii	SRR10875852	1.29222875324749
Bacillus_wiedmannii	SRR10875853	1.30825437319375
Bacillus_wiedmannii	SRR10875854	1.2759952845004103
Bacillus_wiedmannii	SRR10875855	1.2518352308855787
Bacillus_wiedmannii	SRR10875856	3.7233512628336887
Bacillus_wiedmannii	SRR10875857	2.516674046350106
Bacillus_wiedmannii	SRR10875858	1.2227783442448608
Bacillus_wiedmannii	SRR10875859	1.204987904919043
Bacillus_wiedmannii	SRR10875860	1.2064748151354214
Bacillus_wiedmannii	SRR10875861	1.2573544954049152
Bacillus_wiedmannii	SRR10875862	1.254466217950269
Bacillus_wiedmannii	SRR10875863	1.2707186765588716
Bacillus_wiedmannii	SRR10875864	3.843541347912969
Bacillus_wiedmannii	SRR10875865	1.2835261256891743
Bacillus_wiedmannii	SRR10875866	2.5881567162460595
Bacillus_wiedmannii	SRR10875867	1.2638660104849928
Bacillus_wiedmannii	SRR10875868	1.2930909194340356
Bacillus_wiedmannii	SRR10875869	1.2483245606222864
Bacillus_wiedmannii	SRR10875870	1.2864966457609845
Bacillus_wiedmannii	SRR10875871	2.444534127909257
Bacillus_wiedmannii	SRR10875872	2.4593862054338014
Bacillus_wiedmannii	SRR10875873	1.3074076988447034
Bacillus_wiedmannii	SRR10875874	3.695815047377091
Bacillus_wiedmannii	SRR10875875	1.2894221909763848
Bacillus_wiedmannii	SRR10875876	1.2830404425737167
Bacillus_wiedmannii	SRR10875877	1.299949488077003
Bacillus_wiedmannii	SRR10875878	1.2929530532335602
Bacillus_wiedmannii	SRR10875879	2.607055948511008
Bacillus_wiedmannii	SRR10875880	1.317797596015097
Bacillus_wiedmannii	SRR10875881	2.483030715196979
Bacillus_wiedmannii	SRR10875882	1.307155319087134
Bacillus_wiedmannii	SRR10875883	1.296477417292304
Bacillus_wiedmannii	SRR10875884	2.6237937080640323
Bacillus_wiedmannii	SRR10875885	2.5765019387379593
Bacillus_wiedmannii	SRR10875886	1.2857100602272609
Bacillus_wiedmannii	SRR10875887	1.2937764583536733
Bacillus_wiedmannii	SRR10875888	1.3290237230739097
Bacillus_wiedmannii	SRR10875889	1.2305141341823898
Bacillus_wiedmannii	SRR10875890	1.2919491547029816
Bacillus_wiedmannii	SRR10875891	1.2662671068962372
Bacillus_wiedmannii	SRR10875892	2.5715325944393004
Bacillus_wiedmannii	SRR10875893	1.2902080101344982
Bacillus_wiedmannii	SRR10875894	2.286873752847623
Bacillus_wiedmannii	SRR10875895	1.252805823307487
Bacillus_wiedmannii	SRR10875896	1.313028662557598
Bacillus_wiedmannii	SRR10875897	1.25885375150116
Bacillus_wiedmannii	SRR10875898	3.694645371309195
Bacillus_wiedmannii	SRR10875899	1.2954491670711659
Bacillus_wiedmannii	SRR10875900	1.2987680889557414
Bacillus_wiedmannii	SRR10875901	2.6573721242964896
Bacillus_wiedmannii	SRR10875902	2.6548532891428773
Bacillus_wiedmannii	SRR12430469	1.3583740921230527
Bacillus_wiedmannii	SRR12430470	1.3591647978736123
Bacillus_wiedmannii	SRR12430471	1.3599875461622084
Bacillus_wiedmannii	SRR12430472	1.3575309203869175
Bacillus_wiedmannii	SRR12430473	1.3576823165353116
Bacillus_wiedmannii	SRR12430474	1.359557935336347
Bacillus_wiedmannii	SRR12430475	1.3565777300701471
Bacillus_wiedmannii	SRR12430476	1.359861209009657
Bacillus_wiedmannii	SRR12765534	NA
Bacillus_wiedmannii	SRR12765535	NA
Bacillus_wiedmannii	SRR12765536	NA
Bacillus_wiedmannii	SRR12765537	NA
Bacillus_wiedmannii	SRR12765538	NA
Bacillus_wiedmannii	SRR12765539	NA
Bacillus_wiedmannii	SRR12765540	NA
Bacillus_wiedmannii	SRR12765541	NA
Bacillus_wiedmannii	SRR12765542	NA
Bacillus_wiedmannii	SRR12765543	NA
Bacillus_wiedmannii	SRR12765544	NA
Bacillus_wiedmannii	SRR12765545	NA
Bacillus_wiedmannii	SRR12765546	NA
Bacillus_wiedmannii	SRR12765547	NA
Bacillus_wiedmannii	SRR12765548	NA
Bacillus_wiedmannii	SRR12765549	NA
Bacillus_wiedmannii	SRR12765550	NA
Bacillus_wiedmannii	SRR12765551	NA
Bacillus_wiedmannii	SRR12765552	NA
Bacillus_wiedmannii	SRR12765553	NA
Bacillus_wiedmannii	SRR12765554	NA
Bacillus_wiedmannii	SRR12765555	NA
Bacillus_wiedmannii	SRR12765556	NA
Bacillus_wiedmannii	SRR12765557	NA
Bacillus_wiedmannii	SRR12765558	NA
Bacillus_wiedmannii	SRR12765559	NA
Bacillus_wiedmannii	SRR12765560	NA
Bacillus_wiedmannii	SRR12765561	NA
Bacillus_wiedmannii	SRR12765562	NA
Bacillus_wiedmannii	SRR12765563	NA
Bacillus_wiedmannii	SRR12765564	NA
Bacillus_wiedmannii	SRR12765565	NA
Bacillus_wiedmannii	SRR12765566	NA
Bacillus_wiedmannii	SRR12765567	NA
Bacillus_wiedmannii	SRR12765568	NA
Bacillus_wiedmannii	SRR12765569	NA
Bacillus_wiedmannii	SRR12765570	NA
Bacillus_wiedmannii	SRR12765571	NA
Bacillus_wiedmannii	SRR12765572	NA
Bacillus_wiedmannii	SRR12765573	NA
Bacillus_wiedmannii	SRR12765574	NA
Bacillus_wiedmannii	SRR12765575	NA
Bacillus_wiedmannii	SRR12765576	NA
Bacillus_wiedmannii	SRR12765577	NA
Bacillus_wiedmannii	SRR12765578	NA
Bacillus_wiedmannii	SRR12765579	NA
Bacillus_wiedmannii	SRR12765580	NA
Bacillus_wiedmannii	SRR12765581	NA
Bacillus_wiedmannii	SRR12765582	NA
Bacillus_wiedmannii	SRR12765583	NA
Bacillus_wiedmannii	SRR12765584	NA
Bacillus_wiedmannii	SRR12765585	NA
Bacillus_wiedmannii	SRR12765586	NA
Bacillus_wiedmannii	SRR12765587	NA
Bacillus_wiedmannii	SRR12765588	NA
Bacillus_wiedmannii	SRR12765589	NA
Bacillus_wiedmannii	SRR12765590	NA
Bacillus_wiedmannii	SRR12765591	NA
Bacillus_wiedmannii	SRR12765592	NA
Bacillus_wiedmannii	SRR12765593	NA
Bacillus_wiedmannii	SRR12765594	NA
Bacillus_wiedmannii	SRR12765595	NA
Bacillus_wiedmannii	SRR12765596	NA
Bacillus_wiedmannii	SRR12765597	NA
Bacillus_wiedmannii	SRR12765598	NA
Bacillus_wiedmannii	SRR12765599	NA
Bacillus_wiedmannii	SRR12765600	NA
Bacillus_wiedmannii	SRR12765601	NA
Bacillus_wiedmannii	SRR12765602	NA
Bacillus_wiedmannii	SRR12765603	NA
Bacillus_wiedmannii	SRR12765604	NA
Bacillus_wiedmannii	SRR12765605	NA
Bacillus_wiedmannii	SRR12765606	NA
Bacillus_wiedmannii	SRR12765607	NA
Bacillus_wiedmannii	SRR12765608	NA
Bacillus_wiedmannii	SRR12765609	NA
Bacillus_wiedmannii	SRR12765610	NA
Bacillus_wiedmannii	SRR12765611	NA
Bacillus_wiedmannii	SRR12765612	NA
Bacillus_wiedmannii	SRR12765613	NA
Bacillus_wiedmannii	SRR12765614	NA
Bacillus_wiedmannii	SRR12765615	NA
Bacillus_wiedmannii	SRR12765616	NA
Bacillus_wiedmannii	SRR12765617	NA
Bacillus_wiedmannii	SRR12765618	NA
Bacillus_wiedmannii	SRR12765619	NA
Bacillus_wiedmannii	SRR12765620	NA
Bacillus_wiedmannii	SRR12765621	NA
Bacillus_wiedmannii	SRR12765622	NA
Bacillus_wiedmannii	SRR12765623	NA
Bacillus_wiedmannii	SRR12765624	NA
Bacillus_wiedmannii	SRR12765625	NA
Bacillus_wiedmannii	SRR12765626	NA
Bacillus_wiedmannii	SRR12765627	NA
Bacillus_wiedmannii	SRR12765628	NA
Bacillus_wiedmannii	SRR12765629	NA
Bacillus_wiedmannii	SRR12765630	NA
Bacillus_wiedmannii	SRR12765631	NA
Bacillus_wiedmannii	SRR12765632	NA
Bacillus_wiedmannii	SRR12765633	NA
Bacillus_wiedmannii	SRR12765634	NA
Bacillus_wiedmannii	SRR12765635	NA
Bacillus_wiedmannii	SRR12765636	NA
Bacillus_wiedmannii	SRR12765637	NA
Bacillus_wiedmannii	SRR12765638	NA
Bacillus_wiedmannii	SRR12765639	NA
Bacillus_wiedmannii	SRR12765640	NA
Bacillus_wiedmannii	SRR12765641	NA
Bacillus_wiedmannii	SRR12765642	NA
Bacillus_wiedmannii	SRR12765643	NA
Bacillus_wiedmannii	SRR12765644	NA
Bacillus_wiedmannii	SRR12765645	NA
Bacillus_wiedmannii	SRR12765646	NA
Bacillus_wiedmannii	SRR12765647	NA
Bacillus_wiedmannii	SRR12765648	NA
Bacillus_wiedmannii	SRR12765649	NA
Bacillus_wiedmannii	SRR12765650	NA
Bacillus_wiedmannii	SRR12765651	NA
Bacillus_wiedmannii	SRR12765652	NA
Bacillus_wiedmannii	SRR12774664	1.3076809549705097
Bacillus_wiedmannii	SRR12774665	1.2903501975558263
Bacillus_wiedmannii	SRR12774666	1.295795610129531
Bacillus_wiedmannii	SRR12774667	1.2424569218825623
Bacillus_wiedmannii	SRR12774668	1.3133120059356136
Bacillus_wiedmannii	SRR12774669	1.217439166492112
Bacillus_wiedmannii	SRR12774670	1.2733911137367675
Bacillus_wiedmannii	SRR12774671	1.2729886511515884
Bacillus_wiedmannii	SRR12774672	1.2985091154575101
Bacillus_wiedmannii	SRR12774673	1.3026942901706189
Bacillus_wiedmannii	SRR12774674	1.2742627204554735
Bacillus_wiedmannii	SRR12774675	1.3067748292569752
Bacillus_wiedmannii	SRR12774676	1.283759552466454
Bacillus_wiedmannii	SRR12774677	1.2778654323238352
Bacillus_wiedmannii	SRR12774678	1.3041708781634826
Bacillus_wiedmannii	SRR12774679	1.2661741566688087
Bacillus_wiedmannii	SRR12774680	1.3113717071839983
Bacillus_wiedmannii	SRR12774681	1.2328493794715614
Bacillus_wiedmannii	SRR12774682	1.2746296491723794
Bacillus_wiedmannii	SRR12774683	1.2629305368601476
Bacillus_wiedmannii	SRR12774684	1.2633386692720388
Bacillus_wiedmannii	SRR12774685	1.2791567896794707
Bacillus_wiedmannii	SRR12774686	1.2435465015194762
Bacillus_wiedmannii	SRR12774687	1.208995698799896
Bacillus_wiedmannii	SRR1609360	1.3595851426742833
Bacillus_wiedmannii	SRR1609361	1.3642765747608594
Bacillus_wiedmannii	SRR1609362	1.3601862908424658
Bacillus_wiedmannii	SRR1609363	1.3648618084282327
Bacillus_wiedmannii	SRR1609364	1.367723364166903
Bacillus_wiedmannii	SRR1609365	1.3559699697980863
Bacillus_wiedmannii	SRR1609366	1.3678519102083702
Bacillus_wiedmannii	SRR1609367	1.3678519102083702
Bacillus_wiedmannii	SRR1609368	1.3647292755975204
Bacillus_wiedmannii	SRR1609369	1.3636661710431994
Bacillus_wiedmannii	SRR1609370	1.3658304473165754
Bacillus_wiedmannii	SRR1609371	1.3308497310876877
Bacillus_wiedmannii	SRR1609372	1.3652789884192185
Bacillus_wiedmannii	SRR1609373	1.3645592654045955
Bacillus_wiedmannii	SRR1609374	1.3595851426742833
Bacillus_wiedmannii	SRR1609375	1.3657127099457684
Bacillus_wiedmannii	SRR1609376	1.3665467722368712
Bacillus_wiedmannii	SRR1609377	1.3645592654045955
Bacillus_wiedmannii	SRR1609378	1.3571865780557517
Bacillus_wiedmannii	SRR1609379	1.3647292755975204
Bacillus_wiedmannii	SRR1609380	1.3647292755975204
Bacillus_wiedmannii	SRR1609381	1.3650389842268886
Bacillus_wiedmannii	SRR1609382	1.3617719570408353
Bacillus_wiedmannii	SRR1609383	1.357338444084492
Bacillus_wiedmannii	SRR1609384	1.3650389842268886
Bacillus_wiedmannii	SRR1609385	1.3632936897014178
Bacillus_wiedmannii	SRR1609386	1.364418799805003
Bacillus_wiedmannii	SRR1609387	1.3632493219027384
Bacillus_wiedmannii	SRR1609388	1.3644863922256507
Bacillus_wiedmannii	SRR1609389	1.3619655654592606
Bacillus_wiedmannii	SRR1609390	1.3566148907720872
Bacillus_wiedmannii	SRR1609391	1.3337023738185396
Bacillus_wiedmannii	SRR1609392	1.365648707045223
Bacillus_wiedmannii	SRR1609393	1.347463603109902
Bacillus_wiedmannii	SRR1609394	1.3683107682878979
Bacillus_wiedmannii	SRR1609395	1.366777814654196
Bacillus_wiedmannii	SRR1609396	1.363963302220239
Bacillus_wiedmannii	SRR1609397	1.366777814654196
Bacillus_wiedmannii	SRR1609398	1.364275399950775
Bacillus_wiedmannii	SRR1609399	1.3652789884192185
Bacillus_wiedmannii	SRR1609400	1.3644863922256507
Bacillus_wiedmannii	SRR1609401	1.365648707045223
Bacillus_wiedmannii	SRR1609402	1.355001032468201
Bacillus_wiedmannii	SRR1609403	1.36415487469014
Bacillus_wiedmannii	SRR1609404	1.3538840207981289
Bacillus_wiedmannii	SRR1609405	1.3604438151934661
Bacillus_wiedmannii	SRR1609406	1.3595851426742833
Bacillus_wiedmannii	SRR1609407	1.357545797336928
Bacillus_wiedmannii	SRR1609408	1.351845412490748
Bacillus_wiedmannii	SRR1609409	1.3600985209022736
Bacillus_wiedmannii	SRR1609410	1.339036753943891
Bacillus_wiedmannii	SRR1609411	1.3650389842268886
Bacillus_wiedmannii	SRR1609412	1.364275399950775
Bacillus_wiedmannii	SRR1609413	1.3618823313624977
Bacillus_wiedmannii	SRR1609414	1.364275399950775
Bacillus_wiedmannii	SRR1609415	1.3645592654045955
Bacillus_wiedmannii	SRR1609416	1.3626190286749618
Bacillus_wiedmannii	SRR1609417	1.3644863922256507
Bacillus_wiedmannii	SRR1609418	1.3642765747608594
Bacillus_wiedmannii	SRR1609419	1.3652302799676275
Bacillus_wiedmannii	SRR1609420	1.3625634054000042
Bacillus_wiedmannii	SRR1609421	1.364275399950775
Bacillus_wiedmannii	SRR1609422	1.3642765747608594
Bacillus_wiedmannii	SRR1609423	1.357338444084492
Bacillus_wiedmannii	SRR1609424	1.350312888834268
Bacillus_wiedmannii	SRR1609425	1.3645592654045955
Bacillus_wiedmannii	SRR1609426	1.363963302220239
Bacillus_wiedmannii	SRR1609427	1.3628742248234382
Bacillus_wiedmannii	SRR1609428	1.3648618084282327
Bacillus_wiedmannii	SRR1609429	1.3652789884192185
Bacillus_wiedmannii	SRR1609430	1.3642765747608594
Bacillus_wiedmannii	SRR1609431	1.365648707045223
Bacillus_wiedmannii	SRR1609432	1.3648618084282327
Bacillus_wiedmannii	SRR1609433	1.364418799805003
Bacillus_wiedmannii	SRR1609434	1.351748025615633
Bacillus_wiedmannii	SRR1609435	1.3678386989055058
Bacillus_wiedmannii	SRR1609436	1.3632493219027384
Bacillus_wiedmannii	SRR1609437	1.3650389842268886
Bacillus_wiedmannii	SRR1609438	1.3647292755975204
Bacillus_wiedmannii	SRR1609439	1.3695729822351737
Bacillus_wiedmannii	SRR1609440	1.36415487469014
Bacillus_wiedmannii	SRR1609441	1.3603247318359362
Bacillus_wiedmannii	SRR1609442	1.3630300139455425
Bacillus_wiedmannii	SRR1609443	1.3639943687800475
Bacillus_wiedmannii	SRR1609444	1.3644863922256507
Bacillus_wiedmannii	SRR1609445	1.3658304473165754
Bacillus_wiedmannii	SRR1609446	1.3644863922256507
Bacillus_wiedmannii	SRR1609447	1.3695495824775967
Bacillus_wiedmannii	SRR1609448	1.3644863922256507
Bacillus_wiedmannii	SRR1609449	1.3652592688971437
Bacillus_wiedmannii	SRR1609450	1.3652789884192185
Bacillus_wiedmannii	SRR1609451	1.364275399950775
Bacillus_wiedmannii	SRR1609452	1.3695495824775967
Bacillus_wiedmannii	SRR1609453	1.3587925115012331
Bacillus_wiedmannii	SRR1609454	1.3645592654045955
Bacillus_wiedmannii	SRR1609455	1.369387944920576
Bacillus_wiedmannii	SRR1609456	1.3652302799676275
Bacillus_wiedmannii	SRR1609457	1.36415487469014
Bacillus_wiedmannii	SRR1609458	1.3696731095665362
Bacillus_wiedmannii	SRR1609459	1.363963302220239
Bacillus_wiedmannii	SRR1609460	1.3652789884192185
Bacillus_wiedmannii	SRR1609461	1.3645592654045955
Bacillus_wiedmannii	SRR1609462	1.364275399950775
Bacillus_wiedmannii	SRR1609463	1.3665467722368712
Bacillus_wiedmannii	SRR1609464	1.3644863922256507
Bacillus_wiedmannii	SRR1609465	1.3657127099457684
Bacillus_wiedmannii	SRR1609466	1.3331702213185004
Bacillus_wiedmannii	SRR1609467	1.3665467722368712
Bacillus_wiedmannii	SRR1609468	1.366777814654196
Bacillus_wiedmannii	SRR1609469	1.3652592688971437
Bacillus_wiedmannii	SRR1609470	1.355177982980013
Bacillus_wiedmannii	SRR1609471	1.3639943687800475
Bacillus_wiedmannii	SRR1609472	1.3556784343652573
Bacillus_wiedmannii	SRR1609473	1.357545797336928
Bacillus_wiedmannii	SRR1609474	1.3642765747608594
Bacillus_wiedmannii	SRR1609475	1.3556918670257883
Bacillus_wiedmannii	SRR1609476	1.361986070642
Bacillus_wiedmannii	SRR1609477	1.3614391621519784
Bacillus_wiedmannii	SRR1609478	1.3625634054000042
Bacillus_wiedmannii	SRR1609479	1.3656513527865064
Bacillus_wiedmannii	SRR1609480	1.365648707045223
Bacillus_wiedmannii	SRR1609481	1.3642765747608594
Bacillus_wiedmannii	SRR1609482	1.3628742248234382
Bacillus_wiedmannii	SRR1609483	1.3630300139455425
Bacillus_wiedmannii	SRR1609484	1.3626190286749618
Bacillus_wiedmannii	SRR1609485	1.3632074161673557
Bacillus_wiedmannii	SRR1609486	1.3652789884192185
Bacillus_wiedmannii	SRR1609487	1.3656513527865064
Bacillus_wiedmannii	SRR1609488	1.3658304473165754
Bacillus_wiedmannii	SRR1609489	1.3636661710431994
Bacillus_wiedmannii	SRR1609490	1.3670406656948546
Bacillus_wiedmannii	SRR1609491	1.3652592688971437
Bacillus_wiedmannii	SRR1609492	1.3626580852625958
Bacillus_wiedmannii	SRR1609493	1.3647292755975204
Bacillus_wiedmannii	SRR1609494	1.365648707045223
Bacillus_wiedmannii	SRR1609495	1.3638247610160497
Bacillus_wiedmannii	SRR1609496	1.3652592688971437
Bacillus_wiedmannii	SRR1609497	1.3628742248234382
Bacillus_wiedmannii	SRR1609498	1.3652592688971437
Bacillus_wiedmannii	SRR1609499	1.36415487469014
Bacillus_wiedmannii	SRR1609500	1.363367053906934
Bacillus_wiedmannii	SRR1609501	1.364418799805003
Bacillus_wiedmannii	SRR1609502	1.3617719570408353
Bacillus_wiedmannii	SRR1609503	1.350364271491463
Bacillus_wiedmannii	SRR1609504	1.3644863922256507
Bacillus_wiedmannii	SRR1609505	1.3626580852625958
Bacillus_wiedmannii	SRR1609506	1.366777814654196
Bacillus_wiedmannii	SRR1609507	1.3658304473165754
Bacillus_wiedmannii	SRR1609508	1.3658304473165754
Bacillus_wiedmannii	SRR1609509	1.3648618084282327
Bacillus_wiedmannii	SRR1609510	1.3652592688971437
Bacillus_wiedmannii	SRR1609511	1.3632936897014178
Bacillus_wiedmannii	SRR1609512	1.3647292755975204
Bacillus_wiedmannii	SRR1609513	1.3642765747608594
Bacillus_wiedmannii	SRR1609514	1.359432188335606
Bacillus_wiedmannii	SRR1609515	1.3632074161673557
Bacillus_wiedmannii	SRR1609516	1.3650389842268886
Bacillus_wiedmannii	SRR1609517	1.3645592654045955
Bacillus_wiedmannii	SRR1609518	1.3650389842268886
Bacillus_wiedmannii	SRR1609519	1.3630300139455425
Bacillus_wiedmannii	SRR1609520	1.3489953044767595
Bacillus_wiedmannii	SRR1609521	1.3652302799676275
Bacillus_wiedmannii	SRR1609522	1.36415487469014
Bacillus_wiedmannii	SRR1609523	1.3652302799676275
Bacillus_wiedmannii	SRR1609524	1.365648707045223
Bacillus_wiedmannii	SRR1609525	1.3647292755975204
Bacillus_wiedmannii	SRR1609526	1.36259882499864
Bacillus_wiedmannii	SRR1609527	1.3652592688971437
Bacillus_wiedmannii	SRR1609528	1.350385719456188
Bacillus_wiedmannii	SRR1609529	1.3415852748948751
Bacillus_wiedmannii	SRR1609530	1.3648618084282327
Bacillus_wiedmannii	SRR1609531	1.363963302220239
Bacillus_wiedmannii	SRR1609532	1.366777814654196
Bacillus_wiedmannii	SRR1609533	1.3644863922256507
Bacillus_wiedmannii	SRR1609534	1.3626190286749618
Bacillus_wiedmannii	SRR1609535	1.3678519102083702
Bacillus_wiedmannii	SRR1609536	1.3372878784409956
Bacillus_wiedmannii	SRR1609537	1.3632493219027384
Bacillus_wiedmannii	SRR1609538	1.365648707045223
Bacillus_wiedmannii	SRR1609539	1.296477417292304
Bacillus_wiedmannii	SRR1609540	1.3632074161673557
Bacillus_wiedmannii	SRR1609541	1.3274232088713633
Bacillus_wiedmannii	SRR1609542	1.3648618084282327
Bacillus_wiedmannii	SRR1609543	1.36259882499864
Bacillus_wiedmannii	SRR1609544	1.3630300139455425
Bacillus_wiedmannii	SRR1609545	1.331797528030689
Bacillus_wiedmannii	SRR1609546	1.3632074161673557
Bacillus_wiedmannii	SRR1609547	1.3632936897014178
Bacillus_wiedmannii	SRR1609548	1.366777814654196
Bacillus_wiedmannii	SRR1609549	1.36415487469014
Bacillus_wiedmannii	SRR1609550	1.3639943687800475
Bacillus_wiedmannii	SRR1609551	1.3678386989055058
Bacillus_wiedmannii	SRR1609552	1.3647292755975204
Bacillus_wiedmannii	SRR1609553	1.3652592688971437
Bacillus_wiedmannii	SRR1609554	1.3645592654045955
Bacillus_wiedmannii	SRR1609555	1.3652789884192185
Bacillus_wiedmannii	SRR1609556	1.3657127099457684
Bacillus_wiedmannii	SRR1609557	1.3652789884192185
Bacillus_wiedmannii	SRR1609558	1.3652302799676275
Bacillus_wiedmannii	SRR1609559	1.3685577832033065
Bacillus_wiedmannii	SRR1609560	1.3652592688971437
Bacillus_wiedmannii	SRR1609561	1.364275399950775
Bacillus_wiedmannii	SRR1609562	1.3632936897014178
Bacillus_wiedmannii	SRR1609563	1.3645592654045955
Bacillus_wiedmannii	SRR1609564	1.3632074161673557
Bacillus_wiedmannii	SRR1609565	1.3656513527865064
Bacillus_wiedmannii	SRR1609566	1.361986070642
Bacillus_wiedmannii	SRR1609567	1.3695495824775967
Bacillus_wiedmannii	SRR1609568	1.363367053906934
Bacillus_wiedmannii	SRR1609569	1.3632074161673557
Bacillus_wiedmannii	SRR1609570	1.3614907853286795
Bacillus_wiedmannii	SRR1609571	1.3274775891413366
Bacillus_wiedmannii	SRR1609572	1.3652302799676275
Bacillus_wiedmannii	SRR1609573	1.3618019380158601
Bacillus_wiedmannii	SRR1609574	1.363367053906934
Bacillus_wiedmannii	SRR1609575	1.3604438151934661
Bacillus_wiedmannii	SRR1609576	1.36415487469014
Bacillus_wiedmannii	SRR1609577	1.3626580852625958
Bacillus_wiedmannii	SRR1609578	1.3644863922256507
Bacillus_wiedmannii	SRR1609579	1.3601862908424658
Bacillus_wiedmannii	SRR1609580	1.3632493219027384
Bacillus_wiedmannii	SRR1609581	1.3678519102083702
Bacillus_wiedmannii	SRR1609582	1.3678519102083702
Bacillus_wiedmannii	SRR1609583	1.3686075106956568
Bacillus_wiedmannii	SRR1609584	1.3658304473165754
Bacillus_wiedmannii	SRR1609585	1.36259882499864
Bacillus_wiedmannii	SRR1609586	1.3687620824139737
Bacillus_wiedmannii	SRR1609587	1.3620855384331363
Bacillus_wiedmannii	SRR1609588	1.3658304473165754
Bacillus_wiedmannii	SRR1609589	1.365648707045223
Bacillus_wiedmannii	SRR1609590	1.3645592654045955
Bacillus_wiedmannii	SRR1609591	1.355177982980013
Bacillus_wiedmannii	SRR1609592	1.3644863922256507
Bacillus_wiedmannii	SRR1609593	1.3657127099457684
Bacillus_wiedmannii	SRR1609594	1.3474441088246403
Bacillus_wiedmannii	SRR1609595	1.3658304473165754
Bacillus_wiedmannii	SRR1609596	1.364275399950775
Bacillus_wiedmannii	SRR1609597	1.3652592688971437
Bacillus_wiedmannii	SRR1609598	1.3625634054000042
Bacillus_wiedmannii	SRR1609599	1.3159952333304499
Bacillus_wiedmannii	SRR1609600	1.3619655654592606
Bacillus_wiedmannii	SRR1609601	1.3510551556071593
Bacillus_wiedmannii	SRR1609602	1.3489903187332701
Bacillus_wiedmannii	SRR1609603	1.3632936897014178
Bacillus_wiedmannii	SRR1609604	1.3613966590497895
Bacillus_wiedmannii	SRR1609605	1.3650389842268886
Bacillus_wiedmannii	SRR1609606	1.3565777300701471
Bacillus_wiedmannii	SRR1609607	1.3632493219027384
Bacillus_wiedmannii	SRR1609608	1.3658304473165754
Bacillus_wiedmannii	SRR1609609	1.3665467722368712
Bacillus_wiedmannii	SRR1609610	1.3614907853286795
Bacillus_wiedmannii	SRR1609611	1.3628742248234382
Bacillus_wiedmannii	SRR1609612	1.36415487469014
Bacillus_wiedmannii	SRR1609613	1.3644863922256507
Bacillus_wiedmannii	SRR1609614	1.367723364166903
Bacillus_wiedmannii	SRR1609615	1.3656513527865064
Bacillus_wiedmannii	SRR1609616	1.361986070642
Bacillus_wiedmannii	SRR1609617	1.3632074161673557
Bacillus_wiedmannii	SRR1609618	1.363963302220239
Bacillus_wiedmannii	SRR1609619	1.3639943687800475
Bacillus_wiedmannii	SRR1609620	1.3575007269852146
Bacillus_wiedmannii	SRR1609621	1.3692703068875742
Bacillus_wiedmannii	SRR1609622	1.3480674404067088
Bacillus_wiedmannii	SRR1609623	1.3695495824775967
Bacillus_wiedmannii	SRR1609624	1.3692703068875742
Bacillus_wiedmannii	SRR1609625	1.363367053906934
Bacillus_wiedmannii	SRR1609626	1.3566148907720872
Bacillus_wiedmannii	SRR1609627	1.3696731095665362
Bacillus_wiedmannii	SRR1609628	1.364275399950775
Bacillus_wiedmannii	SRR1609629	1.3656513527865064
Bacillus_wiedmannii	SRR1609630	1.3652789884192185
Bacillus_wiedmannii	SRR1609631	1.3652592688971437
Bacillus_wiedmannii	SRR1609632	1.3648618084282327
Bacillus_wiedmannii	SRR1609633	1.3652789884192185
Bacillus_wiedmannii	SRR1609634	1.366777814654196
Bacillus_wiedmannii	SRR1609635	1.3618019380158601
Bacillus_wiedmannii	SRR1609636	1.3522393535960768
Bacillus_wiedmannii	SRR1609637	1.364418799805003
Bacillus_wiedmannii	SRR1609638	1.3695495824775967
Bacillus_wiedmannii	SRR1609639	1.3650389842268886
Bacillus_wiedmannii	SRR1609640	1.3683007848759485
Bacillus_wiedmannii	SRR1609641	1.3691204108846116
Bacillus_wiedmannii	SRR1609642	1.3628742248234382
Bacillus_wiedmannii	SRR1609643	1.366777814654196
Bacillus_wiedmannii	SRR1609644	1.366777814654196
Bacillus_wiedmannii	SRR1609645	1.3647292755975204
Bacillus_wiedmannii	SRR1609646	1.3648618084282327
Bacillus_wiedmannii	SRR1609647	1.3648618084282327
Bacillus_wiedmannii	SRR1609648	1.3626190286749618
Bacillus_wiedmannii	SRR1609649	1.3648618084282327
Bacillus_wiedmannii	SRR1609650	1.3632493219027384
Bacillus_wiedmannii	SRR1609651	1.3648618084282327
Bacillus_wiedmannii	SRR1609652	1.3652302799676275
Bacillus_wiedmannii	SRR1609653	1.3691204108846116
Bacillus_wiedmannii	SRR1609654	1.3603247318359362
Bacillus_wiedmannii	SRR1609655	1.364275399950775
Bacillus_wiedmannii	SRR1609656	1.3614391621519784
Bacillus_wiedmannii	SRR1609657	1.3695729822351737
Bacillus_wiedmannii	SRR1609658	1.3652302799676275
Bacillus_wiedmannii	SRR1609659	1.3645592654045955
Bacillus_wiedmannii	SRR1609660	1.3610288633969243
Bacillus_wiedmannii	SRR1609661	1.3642765747608594
Bacillus_wiedmannii	SRR1609662	1.3652592688971437
Bacillus_wiedmannii	SRR1609663	1.3670406656948546
Bacillus_wiedmannii	SRR1609664	1.3632936897014178
Bacillus_wiedmannii	SRR1609665	1.365648707045223
Bacillus_wiedmannii	SRR1609666	1.3551435256159687
Bacillus_wiedmannii	SRR1609667	1.3678519102083702
Bacillus_wiedmannii	SRR1609668	1.315784239344613
Bacillus_wiedmannii	SRR1609669	1.364418799805003
Bacillus_wiedmannii	SRR1746771	NA
Bacillus_wiedmannii	SRR1746772	NA
Bacillus_wiedmannii	SRR1746773	NA
Bacillus_wiedmannii	SRR1746774	NA
Bacillus_wiedmannii	SRR1746775	NA
Bacillus_wiedmannii	SRR1746776	NA
Bacillus_wiedmannii	SRR1746777	NA
Bacillus_wiedmannii	SRR1746778	NA
Bacillus_wiedmannii	SRR1746779	NA
Bacillus_wiedmannii	SRR1746780	NA
Bacillus_wiedmannii	SRR1746781	NA
Bacillus_wiedmannii	SRR1746782	NA
Bacillus_wiedmannii	SRR1746783	NA
Bacillus_wiedmannii	SRR1746784	NA
Bacillus_wiedmannii	SRR1782685	1.3565777300701471
Bacillus_wiedmannii	SRR1782686	1.36415487469014
Bacillus_wiedmannii	SRR1782687	1.3620855384331363
Bacillus_wiedmannii	SRR1782688	1.365648707045223
Bacillus_wiedmannii	SRR1782689	1.3614907853286795
Bacillus_wiedmannii	SRR1782690	1.3658304473165754
Bacillus_wiedmannii	SRR1782691	1.3652302799676275
Bacillus_wiedmannii	SRR1782692	1.366777814654196
Bacillus_wiedmannii	SRR1782693	1.3639943687800475
Bacillus_wiedmannii	SRR1782694	1.3665467722368712
Bacillus_wiedmannii	SRR1782695	1.3650389842268886
Bacillus_wiedmannii	SRR1782696	1.3648618084282327
Bacillus_wiedmannii	SRR1782697	1.3644863922256507
Bacillus_wiedmannii	SRR1782698	1.3658304473165754
Bacillus_wiedmannii	SRR1782699	1.3658304473165754
Bacillus_wiedmannii	SRR1782700	1.3650389842268886
Bacillus_wiedmannii	SRR1782701	1.3658304473165754
Bacillus_wiedmannii	SRR1782702	1.36415487469014
Bacillus_wiedmannii	SRR1782703	1.3652789884192185
Bacillus_wiedmannii	SRR1782704	1.3647292755975204
Bacillus_wiedmannii	SRR1782705	1.3274775891413366
Bacillus_wiedmannii	SRR1782706	1.3642765747608594
Bacillus_wiedmannii	SRR1782707	1.364275399950775
Bacillus_wiedmannii	SRR1782708	1.3650389842268886
Bacillus_wiedmannii	SRR1782709	1.3652592688971437
Bacillus_wiedmannii	SRR1782710	1.364275399950775
Bacillus_wiedmannii	SRR1782711	1.3644863922256507
Bacillus_wiedmannii	SRR1782712	1.3538840207981289
Bacillus_wiedmannii	SRR1782713	1.3556918670257883
Bacillus_wiedmannii	SRR1782714	1.3556784343652573
Bacillus_wiedmannii	SRR1782715	1.3619655654592606
Bacillus_wiedmannii	SRR1782716	1.351748025615633
Bacillus_wiedmannii	SRR1782717	1.3652789884192185
Bacillus_wiedmannii	SRR1782718	1.3559699697980863
Bacillus_wiedmannii	SRR1782719	1.3632936897014178
Bacillus_wiedmannii	SRR1782720	1.3571865780557517
Bacillus_wiedmannii	SRR1782721	1.3331702213185004
Bacillus_wiedmannii	SRR1782722	1.3636661710431994
Bacillus_wiedmannii	SRR1782723	1.3644863922256507
Bacillus_wiedmannii	SRR1782724	1.3644863922256507
Bacillus_wiedmannii	SRR1782725	1.3601862908424658
Bacillus_wiedmannii	SRR1782726	1.3632493219027384
Bacillus_wiedmannii	SRR1782727	1.3626580852625958
Bacillus_wiedmannii	SRR1782728	1.3308497310876877
Bacillus_wiedmannii	SRR1782729	1.3618823313624977
Bacillus_wiedmannii	SRR1782730	1.3626190286749618
Bacillus_wiedmannii	SRR1782731	1.3665467722368712
Bacillus_wiedmannii	SRR1782732	1.350312888834268
Bacillus_wiedmannii	SRR1782733	1.3652789884192185
Bacillus_wiedmannii	SRR1782734	1.3648618084282327
Bacillus_wiedmannii	SRR1782735	1.3678386989055058
Bacillus_wiedmannii	SRR1782736	1.366777814654196
Bacillus_wiedmannii	SRR1782737	1.363367053906934
Bacillus_wiedmannii	SRR1782738	1.3595851426742833
Bacillus_wiedmannii	SRR1782739	1.357338444084492
Bacillus_wiedmannii	SRR1782740	1.367723364166903
Bacillus_wiedmannii	SRR1782741	1.357338444084492
Bacillus_wiedmannii	SRR1782742	1.3639943687800475
Bacillus_wiedmannii	SRR1782743	1.3652789884192185
Bacillus_wiedmannii	SRR1782744	1.3645592654045955
Bacillus_wiedmannii	SRR1782745	1.3657127099457684
Bacillus_wiedmannii	SRR1782746	1.3618019380158601
Bacillus_wiedmannii	SRR1782747	1.365648707045223
Bacillus_wiedmannii	SRR1782748	1.366777814654196
Bacillus_wiedmannii	SRR1782749	1.3644863922256507
Bacillus_wiedmannii	SRR1782750	1.3652789884192185
Bacillus_wiedmannii	SRR1782751	1.365648707045223
Bacillus_wiedmannii	SRR1782752	1.3665467722368712
Bacillus_wiedmannii	SRR1782753	1.36259882499864
Bacillus_wiedmannii	SRR1782754	1.364418799805003
Bacillus_wiedmannii	SRR1782755	1.3652789884192185
Bacillus_wiedmannii	SRR1782756	1.347463603109902
Bacillus_wiedmannii	SRR1782757	1.3648618084282327
Bacillus_wiedmannii	SRR1782758	1.364275399950775
Bacillus_wiedmannii	SRR1782759	1.3652302799676275
Bacillus_wiedmannii	SRR1782760	1.3617719570408353
Bacillus_wiedmannii	SRR1782761	1.283853554459195
Bacillus_wiedmannii	SRR1782762	1.3337023738185396
Bacillus_wiedmannii	SRR1782763	1.3647292755975204
Bacillus_wiedmannii	SRR1782764	1.363963302220239
Bacillus_wiedmannii	SRR1782765	1.36415487469014
Bacillus_wiedmannii	SRR1782766	1.365648707045223
Bacillus_wiedmannii	SRR1782767	1.3650389842268886
Bacillus_wiedmannii	SRR1782768	1.3657127099457684
Bacillus_wiedmannii	SRR1782769	1.367723364166903
Bacillus_wiedmannii	SRR1782770	1.364275399950775
Bacillus_wiedmannii	SRR1782771	1.364418799805003
Bacillus_wiedmannii	SRR1782772	1.3645592654045955
Bacillus_wiedmannii	SRR1782773	1.355001032468201
Bacillus_wiedmannii	SRR1782774	1.3595851426742833
Bacillus_wiedmannii	SRR1782775	1.3652302799676275
Bacillus_wiedmannii	SRR1782776	1.3413229230288701
Bacillus_wiedmannii	SRR1782777	1.3645592654045955
Bacillus_wiedmannii	SRR1782778	1.364275399950775
Bacillus_wiedmannii	SRR1782779	1.3510551556071593
Bacillus_wiedmannii	SRR1782780	1.3617719570408353
Bacillus_wiedmannii	SRR1782781	1.3603247318359362
Bacillus_wiedmannii	SRR1782782	1.36259882499864
Bacillus_wiedmannii	SRR1782783	1.296477417292304
Bacillus_wiedmannii	SRR1782784	1.3647292755975204
Bacillus_wiedmannii	SRR1782785	1.36415487469014
Bacillus_wiedmannii	SRR1782786	1.3618019380158601
Bacillus_wiedmannii	SRR1782787	1.3652592688971437
Bacillus_wiedmannii	SRR1782788	1.3652302799676275
Bacillus_wiedmannii	SRR1782789	1.3628742248234382
Bacillus_wiedmannii	SRR1782790	1.3657127099457684
Bacillus_wiedmannii	SRR1782791	1.3630300139455425
Bacillus_wiedmannii	SRR1782792	1.3613966590497895
Bacillus_wiedmannii	SRR1782793	1.3632936897014178
Bacillus_wiedmannii	SRR1782794	1.3601862908424658
Bacillus_wiedmannii	SRR1782795	1.3159952333304499
Bacillus_wiedmannii	SRR1782796	1.3489953044767595
Bacillus_wiedmannii	SRR1782797	1.3474441088246403
Bacillus_wiedmannii	SRR1782798	1.3566148907720872
Bacillus_wiedmannii	SRR1782799	1.3650389842268886
Bacillus_wiedmannii	SRR1782800	1.3644863922256507
Bacillus_wiedmannii	SRR1782801	1.3678519102083702
Bacillus_wiedmannii	SRR1782802	1.3645592654045955
Bacillus_wiedmannii	SRR1782803	1.3652789884192185
Bacillus_wiedmannii	SRR1782804	1.3678519102083702
Bacillus_wiedmannii	SRR1782805	1.3647292755975204
Bacillus_wiedmannii	SRR1782806	1.3645592654045955
Bacillus_wiedmannii	SRR1782807	1.3642765747608594
Bacillus_wiedmannii	SRR1782808	1.3639943687800475
Bacillus_wiedmannii	SRR1782809	1.3601862908424658
Bacillus_wiedmannii	SRR1782810	1.330579163784775
Bacillus_wiedmannii	SRR1782811	1.3632936897014178
Bacillus_wiedmannii	SRR1782812	1.3642765747608594
Bacillus_wiedmannii	SRR1782813	1.3647292755975204
Bacillus_wiedmannii	SRR1782814	1.3395908197258153
Bacillus_wiedmannii	SRR1782815	1.3281592615564368
Bacillus_wiedmannii	SRR1782816	1.3644863922256507
Bacillus_wiedmannii	SRR1782817	1.3647292755975204
Bacillus_wiedmannii	SRR1782818	1.3658304473165754
Bacillus_wiedmannii	SRR1782819	1.3625634054000042
Bacillus_wiedmannii	SRR1782820	1.3686075106956568
Bacillus_wiedmannii	SRR1782821	1.3670406656948546
Bacillus_wiedmannii	SRR1782822	1.3626190286749618
Bacillus_wiedmannii	SRR1782823	1.3628742248234382
Bacillus_wiedmannii	SRR1782824	1.3614391621519784
Bacillus_wiedmannii	SRR1782825	1.365648707045223
Bacillus_wiedmannii	SRR1782826	1.3644863922256507
Bacillus_wiedmannii	SRR1782827	1.3652302799676275
Bacillus_wiedmannii	SRR1782828	1.3683325279379595
Bacillus_wiedmannii	SRR1782829	1.365648707045223
Bacillus_wiedmannii	SRR1782830	1.3480674404067088
Bacillus_wiedmannii	SRR1782831	1.3604438151934661
Bacillus_wiedmannii	SRR1782832	1.3647292755975204
Bacillus_wiedmannii	SRR1782833	1.3625634054000042
Bacillus_wiedmannii	SRR1782834	1.3652592688971437
Bacillus_wiedmannii	SRR1782835	1.3644863922256507
Bacillus_wiedmannii	SRR1782836	1.364418799805003
Bacillus_wiedmannii	SRR1782837	1.3695729822351737
Bacillus_wiedmannii	SRR1782838	1.3695729822351737
Bacillus_wiedmannii	SRR1782839	1.369387944920576
Bacillus_wiedmannii	SRR1782840	1.3692703068875742
Bacillus_wiedmannii	SRR1782841	1.3695729822351737
Bacillus_wiedmannii	SRR1782842	1.3652789884192185
Bacillus_wiedmannii	SRR1782843	1.3695495824775967
Bacillus_wiedmannii	SRR1782844	1.3691204108846116
Bacillus_wiedmannii	SRR1782845	1.3695495824775967
Bacillus_wiedmannii	SRR1782846	1.3696731095665362
Bacillus_wiedmannii	SRR1782847	1.3695495824775967
Bacillus_wiedmannii	SRR1782848	1.3692703068875742
Bacillus_wiedmannii	SRR1782849	1.3696731095665362
Bacillus_wiedmannii	SRR1782850	1.369387944920576
Bacillus_wiedmannii	SRR1782851	1.3695495824775967
Bacillus_wiedmannii	SRR1782852	1.369387944920576
Bacillus_wiedmannii	SRR1782853	1.3695495824775967
Bacillus_wiedmannii	SRR1782854	1.361986070642
Bacillus_wiedmannii	SRR1782855	1.36415487469014
Bacillus_wiedmannii	SRR1782856	1.3632936897014178
Bacillus_wiedmannii	SRR1782857	1.3630300139455425
Bacillus_wiedmannii	SRR1782858	1.3632074161673557
Bacillus_wiedmannii	SRR1782859	1.3645592654045955
Bacillus_wiedmannii	SRR1782860	1.3603247318359362
Bacillus_wiedmannii	SRR1782861	1.3587925115012331
Bacillus_wiedmannii	SRR1782862	1.3625634054000042
Bacillus_wiedmannii	SRR1782863	1.36415487469014
Bacillus_wiedmannii	SRR1782864	1.3566148907720872
Bacillus_wiedmannii	SRR1782865	1.3642765747608594
Bacillus_wiedmannii	SRR1782866	1.3658304473165754
Bacillus_wiedmannii	SRR1782867	1.3642765747608594
Bacillus_wiedmannii	SRR1782868	1.3639943687800475
Bacillus_wiedmannii	SRR1782869	1.3632493219027384
Bacillus_wiedmannii	SRR1782870	1.3652592688971437
Bacillus_wiedmannii	SRR1782871	1.3628742248234382
Bacillus_wiedmannii	SRR1782872	1.3626190286749618
Bacillus_wiedmannii	SRR1782873	1.363963302220239
Bacillus_wiedmannii	SRR1782874	1.364275399950775
Bacillus_wiedmannii	SRR1782875	1.3648618084282327
Bacillus_wiedmannii	SRR1782876	1.3610288633969243
Bacillus_wiedmannii	SRR1782877	1.363367053906934
Bacillus_wiedmannii	SRR1782878	1.3566148907720872
Bacillus_wiedmannii	SRR1782879	1.3614391621519784
Bacillus_wiedmannii	SRR1782880	1.3650389842268886
Bacillus_wiedmannii	SRR1782881	1.3626580852625958
Bacillus_wiedmannii	SRR1782882	1.3626190286749618
Bacillus_wiedmannii	SRR1782883	1.3630300139455425
Bacillus_wiedmannii	SRR1782884	1.3632074161673557
Bacillus_wiedmannii	SRR1782885	1.3632936897014178
Bacillus_wiedmannii	SRR1782886	1.3647292755975204
Bacillus_wiedmannii	SRR1782887	1.3632936897014178
Bacillus_wiedmannii	SRR1782888	1.363963302220239
Bacillus_wiedmannii	SRR1782889	1.3652789884192185
Bacillus_wiedmannii	SRR1782890	1.3642765747608594
Bacillus_wiedmannii	SRR1782891	1.3644863922256507
Bacillus_wiedmannii	SRR1782892	1.363367053906934
Bacillus_wiedmannii	SRR1782893	1.36415487469014
Bacillus_wiedmannii	SRR1782894	1.3372878784409956
Bacillus_wiedmannii	SRR1782895	1.363963302220239
Bacillus_wiedmannii	SRR1782896	1.3636661710431994
Bacillus_wiedmannii	SRR1782897	1.3652592688971437
Bacillus_wiedmannii	SRR1782898	1.3648618084282327
Bacillus_wiedmannii	SRR1782899	1.3632493219027384
Bacillus_wiedmannii	SRR1782900	1.3652592688971437
Bacillus_wiedmannii	SRR1782901	1.3632074161673557
Bacillus_wiedmannii	SRR1782902	1.3614907853286795
Bacillus_wiedmannii	SRR1782903	1.364275399950775
Bacillus_wiedmannii	SRR1782904	1.3628742248234382
Bacillus_wiedmannii	SRR1782905	1.3639943687800475
Bacillus_wiedmannii	SRR1782906	1.3652789884192185
Bacillus_wiedmannii	SRR1782907	1.355177982980013
Bacillus_wiedmannii	SRR1782908	1.3652789884192185
Bacillus_wiedmannii	SRR1782909	1.3652789884192185
Bacillus_wiedmannii	SRR1782910	1.363367053906934
Bacillus_wiedmannii	SRR1782911	1.3644863922256507
Bacillus_wiedmannii	SRR1782912	1.361986070642
Bacillus_wiedmannii	SRR1782913	1.3632074161673557
Bacillus_wiedmannii	SRR1782914	1.364275399950775
Bacillus_wiedmannii	SRR1782915	1.3632074161673557
Bacillus_wiedmannii	SRR1782916	1.3618019380158601
Bacillus_wiedmannii	SRR1782917	1.3652592688971437
Bacillus_wiedmannii	SRR1782918	1.3642765747608594
Bacillus_wiedmannii	SRR1782919	1.36415487469014
Bacillus_wiedmannii	SRR1782920	1.3628742248234382
Bacillus_wiedmannii	SRR1782921	1.36415487469014
Bacillus_wiedmannii	SRR1782922	1.336962642906195
Bacillus_wiedmannii	SRR1782923	1.3658304473165754
Bacillus_wiedmannii	SRR1782924	1.3647292755975204
Bacillus_wiedmannii	SRR1782925	1.3644863922256507
Bacillus_wiedmannii	SRR1782926	1.3652302799676275
Bacillus_wiedmannii	SRR1782927	1.3648618084282327
Bacillus_wiedmannii	SRR1782928	1.3670406656948546
Bacillus_wiedmannii	SRR1782929	1.3650389842268886
Bacillus_wiedmannii	SRR1782930	1.3583740921230527
Bacillus_wiedmannii	SRR1782931	1.3650389842268886
Bacillus_wiedmannii	SRR1782932	1.3632074161673557
Bacillus_wiedmannii	SRR1782933	1.3459185395104925
Bacillus_wiedmannii	SRR1782934	1.364418799805003
Bacillus_wiedmannii	SRR1782935	1.36415487469014
Bacillus_wiedmannii	SRR1782936	1.3415852748948751
Bacillus_wiedmannii	SRR1782937	1.3645592654045955
Bacillus_wiedmannii	SRR1782938	1.350364271491463
Bacillus_wiedmannii	SRR1782939	1.3652302799676275
Bacillus_wiedmannii	SRR1782940	1.365648707045223
Bacillus_wiedmannii	SRR1782941	1.3632493219027384
Bacillus_wiedmannii	SRR1782942	1.3656513527865064
Bacillus_wiedmannii	SRR1782943	1.3647292755975204
Bacillus_wiedmannii	SRR1782944	1.364418799805003
Bacillus_wiedmannii	SRR1782945	1.363367053906934
Bacillus_wiedmannii	SRR1782946	1.36259882499864
Bacillus_wiedmannii	SRR1782947	1.3658304473165754
Bacillus_wiedmannii	SRR1782948	1.365648707045223
Bacillus_wiedmannii	SRR1782949	1.3648618084282327
Bacillus_wiedmannii	SRR1782950	1.365648707045223
Bacillus_wiedmannii	SRR1782951	1.3642765747608594
Bacillus_wiedmannii	SRR1782952	1.331797528030689
Bacillus_wiedmannii	SRR1782953	1.3632074161673557
Bacillus_wiedmannii	SRR1782954	1.315784239344613
Bacillus_wiedmannii	SRR1782955	1.3522393535960768
Bacillus_wiedmannii	SRR1782956	1.3648618084282327
Bacillus_wiedmannii	SRR1782957	1.364418799805003
Bacillus_wiedmannii	SRR1782958	1.3650389842268886
Bacillus_wiedmannii	SRR1782959	1.357545797336928
Bacillus_wiedmannii	SRR1782960	1.3626580852625958
Bacillus_wiedmannii	SRR1782961	1.3578332304943945
Bacillus_wiedmannii	SRR1782962	1.3632936897014178
Bacillus_wiedmannii	SRR1782963	1.364275399950775
Bacillus_wiedmannii	SRR1782964	1.3632936897014178
Bacillus_wiedmannii	SRR1782965	1.3678519102083702
Bacillus_wiedmannii	SRR1782966	1.363963302220239
Bacillus_wiedmannii	SRR1782967	1.3657127099457684
Bacillus_wiedmannii	SRR1782968	1.3652302799676275
Bacillus_wiedmannii	SRR1782969	1.366777814654196
Bacillus_wiedmannii	SRR1782970	1.3575007269852146
Bacillus_wiedmannii	SRR1782971	1.3551435256159687
Bacillus_wiedmannii	SRR1782972	1.366777814654196
Bacillus_wiedmannii	SRR1782973	1.3691204108846116
Bacillus_wiedmannii	SRR1782974	1.3670406656948546
Bacillus_wiedmannii	SRR1782975	1.3683007848759485
Bacillus_wiedmannii	SRR1782976	1.3683107682878979
Bacillus_wiedmannii	SRR1782977	1.3683007848759485
Bacillus_wiedmannii	SRR1782978	1.3647292755975204
Bacillus_wiedmannii	SRR1782979	1.366777814654196
Bacillus_wiedmannii	SRR1782980	1.366777814654196
Bacillus_wiedmannii	SRR1782981	1.3658304473165754
Bacillus_wiedmannii	SRR1782982	1.3665467722368712
Bacillus_wiedmannii	SRR1782983	1.366777814654196
Bacillus_wiedmannii	SRR1782984	1.3645592654045955
Bacillus_wiedmannii	SRR1782985	1.36415487469014
Bacillus_wiedmannii	SRR1782986	1.3670406656948546
Bacillus_wiedmannii	SRR1782987	1.365648707045223
Bacillus_wiedmannii	SRR1782988	1.3648618084282327
Bacillus_wiedmannii	SRR1782989	1.3632936897014178
Bacillus_wiedmannii	SRR1782990	1.3645592654045955
Bacillus_wiedmannii	SRR1782991	1.364418799805003
Bacillus_wiedmannii	SRR1782992	1.3648618084282327
Bacillus_wiedmannii	SRR1782993	1.3648618084282327
Bacillus_wiedmannii	SRR1782994	1.3644863922256507
Bacillus_wiedmannii	SRR1782995	1.3648618084282327
Bacillus_wiedmannii	SRR1782996	1.3652592688971437
Bacillus_wiedmannii	SRR1782997	1.3645592654045955
Bacillus_wiedmannii	SRR1782998	1.3652789884192185
Bacillus_wiedmannii	SRR1782999	1.36415487469014
Bacillus_wiedmannii	SRR1783000	1.364418799805003
Bacillus_wiedmannii	SRR1783001	1.3656513527865064
Bacillus_wiedmannii	SRR1783002	1.3652789884192185
Bacillus_wiedmannii	SRR1783003	1.36259882499864
Bacillus_wiedmannii	SRR1783004	1.3652592688971437
Bacillus_wiedmannii	SRR1783005	1.3645592654045955
Bacillus_wiedmannii	SRR1783006	1.363963302220239
Bacillus_wiedmannii	SRR1813867	NA
Bacillus_wiedmannii	SRR1813868	NA
Bacillus_wiedmannii	SRR1813869	NA
Bacillus_wiedmannii	SRR1813870	NA
Bacillus_wiedmannii	SRR1813871	NA
Bacillus_wiedmannii	SRR1813872	NA
Bacillus_wiedmannii	SRR1813873	NA
Bacillus_wiedmannii	SRR1813874	NA
Bacillus_wiedmannii	SRR1813875	NA
Bacillus_wiedmannii	SRR1813876	NA
Bacillus_wiedmannii	SRR1813877	NA
Bacillus_wiedmannii	SRR1813878	NA
Bacillus_wiedmannii	SRR1813879	NA
Bacillus_wiedmannii	SRR1813880	NA
Bacillus_wiedmannii	SRR1813881	NA
Bacillus_wiedmannii	SRR1813882	NA
Bacillus_wiedmannii	SRR1813883	NA
Bacillus_wiedmannii	SRR1813884	NA
Bacillus_wiedmannii	SRR1813885	NA
Bacillus_wiedmannii	SRR1813886	NA
Bacillus_wiedmannii	SRR1813887	NA
Bacillus_wiedmannii	SRR1928188	NA
Bacillus_wiedmannii	SRR1928189	NA
Bacillus_wiedmannii	SRR1928190	NA
Bacillus_wiedmannii	SRR1928191	NA
Bacillus_wiedmannii	SRR1928192	NA
Bacillus_wiedmannii	SRR1928193	NA
Bacillus_wiedmannii	SRR2046996	1.3555405213425968
Bacillus_wiedmannii	SRR2046997	1.3561626257600456
Bacillus_wiedmannii	SRR2046998	1.3632936897014178
Bacillus_wiedmannii	SRR2046999	1.363963302220239
Bacillus_wiedmannii	SRR2047000	1.3513816610410734
Bacillus_wiedmannii	SRR2047001	1.359432188335606
Bacillus_wiedmannii	SRR2047002	2.719975092324417
Bacillus_wiedmannii	SRR2047003	1.3626190286749618
Bacillus_wiedmannii	SRR2047004	1.3574339952142995
Bacillus_wiedmannii	SRR2047005	1.3618823313624977
Bacillus_wiedmannii	SRR2047006	1.3618019380158601
Bacillus_wiedmannii	SRR2047007	1.3597762438242038
Bacillus_wiedmannii	SRR2047008	1.3620855384331363
Bacillus_wiedmannii	SRR2047009	1.3613966590497895
Bacillus_wiedmannii	SRR2313973	NA
Bacillus_wiedmannii	SRR2313974	NA
Bacillus_wiedmannii	SRR2313975	NA
Bacillus_wiedmannii	SRR2313976	NA
Bacillus_wiedmannii	SRR2313977	NA
Bacillus_wiedmannii	SRR2313978	NA
Bacillus_wiedmannii	SRR2313979	NA
Bacillus_wiedmannii	SRR2313980	NA
Bacillus_wiedmannii	SRR2313981	NA
Bacillus_wiedmannii	SRR2313982	NA
Bacillus_wiedmannii	SRR2313983	NA
Bacillus_wiedmannii	SRR2313984	NA
Bacillus_wiedmannii	SRR2313985	NA
Bacillus_wiedmannii	SRR2313986	NA
Bacillus_wiedmannii	SRR2313987	NA
Bacillus_wiedmannii	SRR2313988	NA
Bacillus_wiedmannii	SRR2313989	NA
Bacillus_wiedmannii	SRR2313990	NA
Bacillus_wiedmannii	SRR2313991	NA
Bacillus_wiedmannii	SRR2313992	NA
Bacillus_wiedmannii	SRR2313993	NA
Bacillus_wiedmannii	SRR2313994	NA
Bacillus_wiedmannii	SRR2313995	NA
Bacillus_wiedmannii	SRR2313996	NA
Bacillus_wiedmannii	SRR2313997	NA
Bacillus_wiedmannii	SRR2313998	NA
Bacillus_wiedmannii	SRR2313999	NA
Bacillus_wiedmannii	SRR2314000	NA
Bacillus_wiedmannii	SRR2314001	NA
Bacillus_wiedmannii	SRR2314002	NA
Bacillus_wiedmannii	SRR2314003	NA
Bacillus_wiedmannii	SRR2314004	NA
Bacillus_wiedmannii	SRR2314005	NA
Bacillus_wiedmannii	SRR2314006	NA
Bacillus_wiedmannii	SRR2314007	NA
Bacillus_wiedmannii	SRR2314008	NA
Bacillus_wiedmannii	SRR2314009	NA
Bacillus_wiedmannii	SRR2314010	NA
Bacillus_wiedmannii	SRR2314011	NA
Bacillus_wiedmannii	SRR2314012	NA
Bacillus_wiedmannii	SRR2314013	NA
Bacillus_wiedmannii	SRR2314014	NA
Bacillus_wiedmannii	SRR2314015	NA
Bacillus_wiedmannii	SRR2314016	NA
Bacillus_wiedmannii	SRR2314017	NA
Bacillus_wiedmannii	SRR2314018	NA
Bacillus_wiedmannii	SRR2314019	NA
Bacillus_wiedmannii	SRR2314020	NA
Bacillus_wiedmannii	SRR2314021	NA
Bacillus_wiedmannii	SRR2314022	NA
Bacillus_wiedmannii	SRR2314023	NA
Bacillus_wiedmannii	SRR2314024	NA
Bacillus_wiedmannii	SRR2314025	NA
Bacillus_wiedmannii	SRR2314026	NA
Bacillus_wiedmannii	SRR2314027	NA
Bacillus_wiedmannii	SRR2314028	NA
Bacillus_wiedmannii	SRR2314029	NA
Bacillus_wiedmannii	SRR2314030	NA
Bacillus_wiedmannii	SRR2314031	NA
Bacillus_wiedmannii	SRR2314032	NA
Bacillus_wiedmannii	SRR2314033	NA
Bacillus_wiedmannii	SRR2314034	NA
Bacillus_wiedmannii	SRR2314035	NA
Bacillus_wiedmannii	SRR2314036	NA
Bacillus_wiedmannii	SRR2314037	NA
Bacillus_wiedmannii	SRR2314038	NA
Bacillus_wiedmannii	SRR2314039	NA
Bacillus_wiedmannii	SRR2314040	NA
Bacillus_wiedmannii	SRR2314041	NA
Bacillus_wiedmannii	SRR2314042	NA
Bacillus_wiedmannii	SRR2314043	NA
Bacillus_wiedmannii	SRR2314044	NA
Bacillus_wiedmannii	SRR2314045	NA
Bacillus_wiedmannii	SRR3493774	1.3382819884592194
Bacillus_wiedmannii	SRR3493775	1.3480674404067088
Bacillus_wiedmannii	SRR3493776	1.3296738838805997
Bacillus_wiedmannii	SRR3493777	1.3505835749216886
Bacillus_wiedmannii	SRR3493778	1.358349537490332
Bacillus_wiedmannii	SRR3493779	1.3561626257600456
Bacillus_wiedmannii	SRR3493780	1.3398964265019178
Bacillus_wiedmannii	SRR3493781	1.3438742739783325
Bacillus_wiedmannii	SRR3493782	2.646599191995762
Bacillus_wiedmannii	SRR3493783	2.691837079020985
Bacillus_wiedmannii	SRR3493784	1.3438742739783325
Bacillus_wiedmannii	SRR3493785	1.3508362279898005
Bacillus_wiedmannii	SRR3493786	1.3287149082462886
Bacillus_wiedmannii	SRR3493787	1.3380477713644905
Bacillus_wiedmannii	SRR3493788	1.3183154886473012
Bacillus_wiedmannii	SRR3493789	1.347463603109902
Bacillus_wiedmannii	SRR3493790	1.2625448423100207
Bacillus_wiedmannii	SRR3493791	1.284592323754263
Bacillus_wiedmannii	SRR3493792	3.6915424025471695
Bacillus_wiedmannii	SRR3493793	2.521491435889212
Bacillus_wiedmannii	SRR3493794	1.2711853315026325
Bacillus_wiedmannii	SRR3493795	4.856867817895713
Bacillus_wiedmannii	SRR3493796	3.197486285459973
Bacillus_wiedmannii	SRR3493797	2.569184647508526
Bacillus_wiedmannii	SRR3493798	1.2627860312224735
Bacillus_wiedmannii	SRR3493799	1.2198005066181308
Bacillus_wiedmannii	SRR3493800	2.5975361779114827
Bacillus_wiedmannii	SRR3493801	1.1449664140631362
Bacillus_wiedmannii	SRR3493802	2.184444607523806
Bacillus_wiedmannii	SRR3493803	2.3077873970676075
Bacillus_wiedmannii	SRR3493804	1.2970912368303573
Bacillus_wiedmannii	SRR3493805	3.467343300794838
Bacillus_wiedmannii	SRR3493806	2.481507942405682
Bacillus_wiedmannii	SRR3493807	4.728414708869098
Bacillus_wiedmannii	SRR3493808	2.2491357729585384
Bacillus_wiedmannii	SRR3493809	1.115773559998563
Bacillus_wiedmannii	SRR3493810	1.1126861636097949
Bacillus_wiedmannii	SRR3493811	1.1960002773585596
Bacillus_wiedmannii	SRR3493812	2.4802412318778075
Bacillus_wiedmannii	SRR3493813	1.2019384090069336
Bacillus_wiedmannii	SRR3493814	1.2240379779593342
Bacillus_wiedmannii	SRR3493815	3.6147619850453947
Bacillus_wiedmannii	SRR3493816	2.4596059073890504
Bacillus_wiedmannii	SRR3493817	0.8174324824608654
Bacillus_wiedmannii	SRR3493818	1.2027437090132078
Bacillus_wiedmannii	SRR3493819	3.661675283317942
Bacillus_wiedmannii	SRR3493820	1.3173952229656312
Bacillus_wiedmannii	SRR3493821	2.3007062094790074
Bacillus_wiedmannii	SRR3493822	1.2468982506550739
Bacillus_wiedmannii	SRR3493823	3.717530805794356
Bacillus_wiedmannii	SRR3493824	1.2882433644676075
Bacillus_wiedmannii	SRR3493825	3.5590646918214226
Bacillus_wiedmannii	SRR3493826	1.1957337316838368
Bacillus_wiedmannii	SRR3493827	3.578575639603777
Bacillus_wiedmannii	SRR3493828	2.291343194824253
Bacillus_wiedmannii	SRR3493829	1.058231760561945
Bacillus_wiedmannii	SRR3493830	1.2752140936865761
Bacillus_wiedmannii	SRR3493831	3.2682583385515955
Bacillus_wiedmannii	SRR3493832	4.656615015203711
Bacillus_wiedmannii	SRR3493833	7.25104114993414
Bacillus_wiedmannii	SRR3493834	3.7097523943721065
Bacillus_wiedmannii	SRR3493835	1.2772402818025315
Bacillus_wiedmannii	SRR3493836	1.2914238372325433
Bacillus_wiedmannii	SRR3493837	2.2429294393455854
Bacillus_wiedmannii	SRR3493838	1.1644913690110268
Bacillus_wiedmannii	SRR3493839	1.3240933322740474
Bacillus_wiedmannii	SRR3493840	1.315784239344613
Bacillus_wiedmannii	SRR3493841	8.869931927232221
Bacillus_wiedmannii	SRR3493846	2.636950575773527
Bacillus_wiedmannii	SRR3493847	1.2952730709674147
Bacillus_wiedmannii	SRR3493848	1.3183154886473012
Bacillus_wiedmannii	SRR3493849	1.1909254154873892
Bacillus_wiedmannii	SRR3493850	3.86604614188253
Bacillus_wiedmannii	SRR3714631	1.3652302799676275
Bacillus_wiedmannii	SRR3714632	1.3650389842268886
Bacillus_wiedmannii	SRR3714633	1.3423135436670932
Bacillus_wiedmannii	SRR3714634	1.3483358427492986
Bacillus_wiedmannii	SRR3714635	1.3301157084966697
Bacillus_wiedmannii	SRR3714636	1.3612319094799556
Bacillus_wiedmannii	SRR3714637	1.350364271491463
Bacillus_wiedmannii	SRR3714638	1.347000803460904
Bacillus_wiedmannii	SRR3714639	1.3183139712761642
Bacillus_wiedmannii	SRR3714640	1.344021627244169
Bacillus_wiedmannii	SRR3714641	1.3434000954997938
Bacillus_wiedmannii	SRR3714642	1.3501340679540812
Bacillus_wiedmannii	SRR3714643	1.3508362279898005
Bacillus_wiedmannii	SRR3714644	1.3524350411013144
Bacillus_wiedmannii	SRR3714645	1.3383514119561248
Bacillus_wiedmannii	SRR3714646	1.3274339751425022
Bacillus_wiedmannii	SRR3714648	1.3285645915048494
Bacillus_wiedmannii	SRR3714649	1.3358726283614641
Bacillus_wiedmannii	SRR3714650	1.2804465079787484
Bacillus_wiedmannii	SRR3714651	1.340495266601185
Bacillus_wiedmannii	SRR3714652	1.3370875646886284
Bacillus_wiedmannii	SRR3714653	1.3351787252769485
Bacillus_wiedmannii	SRR3714654	1.3179295366425143
Bacillus_wiedmannii	SRR3714655	1.3490138249359378
Bacillus_wiedmannii	SRR3714656	5.0269005942315035
Bacillus_wiedmannii	SRR3714657	1.336962642906195
Bacillus_wiedmannii	SRR3714658	1.351845412490748
Bacillus_wiedmannii	SRR3714659	1.3516557234899487
Bacillus_wiedmannii	SRR3714660	1.3505835749216886
Bacillus_wiedmannii	SRR3714661	1.3304516300065055
Bacillus_wiedmannii	SRR3714662	1.348742925120609
Bacillus_wiedmannii	SRR3714663	1.3312382839650534
Bacillus_wiedmannii	SRR3714664	1.350385719456188
Bacillus_wiedmannii	SRR3714665	1.3490138249359378
Bacillus_wiedmannii	SRR3714666	1.359861209009657
Bacillus_wiedmannii	SRR3714667	1.3307404382020307
Bacillus_wiedmannii	SRR3714668	1.3375379880262035
Bacillus_wiedmannii	SRR3714669	1.3345735792666624
Bacillus_wiedmannii	SRR3714670	1.2702440658531313
Bacillus_wiedmannii	SRR3714671	1.3287149082462886
Bacillus_wiedmannii	SRR3714672	1.3388174262643275
Bacillus_wiedmannii	SRR3714673	1.2667410257810257
Bacillus_wiedmannii	SRR3714674	1.34653965578047
Bacillus_wiedmannii	SRR3714675	1.3451861847413156
Bacillus_wiedmannii	SRR3714676	1.3456171453727186
Bacillus_wiedmannii	SRR3714677	1.2961864285789997
Bacillus_wiedmannii	SRR3714678	1.3514824771725942
Bacillus_wiedmannii	SRR3714679	1.345253865980099
Bacillus_wiedmannii	SRR3714680	1.3367622302937445
Bacillus_wiedmannii	SRR3714681	1.3560657049542797
Bacillus_wiedmannii	SRR3714682	1.3558285475421563
Bacillus_wiedmannii	SRR3714683	1.3366743708340345
Bacillus_wiedmannii	SRR3714684	1.3348202926155082
Bacillus_wiedmannii	SRR3714685	1.336962642906195
Bacillus_wiedmannii	SRR3714686	1.3507509512034028
Bacillus_wiedmannii	SRR3714688	1.3626190286749618
Bacillus_wiedmannii	SRR3714689	1.3534875243524722
Bacillus_wiedmannii	SRR3714690	1.3290237230739097
Bacillus_wiedmannii	SRR3714691	1.3436634093908635
Bacillus_wiedmannii	SRR3714692	1.3180397863021243
Bacillus_wiedmannii	SRR3714693	1.3512170370636938
Bacillus_wiedmannii	SRR3714694	1.3511672659833882
Bacillus_wiedmannii	SRR3714695	1.3513816610410734
Bacillus_wiedmannii	SRR3714696	1.292255376915366
Bacillus_wiedmannii	SRR3714697	1.2306754126664508
Bacillus_wiedmannii	SRR3714698	1.3583740921230527
Bacillus_wiedmannii	SRR3714699	1.3450753291437514
Bacillus_wiedmannii	SRR3714700	1.3473985089531106
Bacillus_wiedmannii	SRR3714701	1.329652535152111
Bacillus_wiedmannii	SRR3714702	1.350385719456188
Bacillus_wiedmannii	SRR3714703	1.3502790583246302
Bacillus_wiedmannii	SRR3714704	1.3547238099368741
Bacillus_wiedmannii	SRR3714705	1.317971188461849
Bacillus_wiedmannii	SRR3714706	1.3645592654045955
Bacillus_wiedmannii	SRR3714707	1.346320609018767
Bacillus_wiedmannii	SRR3714708	1.3626580852625958
Bacillus_wiedmannii	SRR3714709	1.3423783231069852
Bacillus_wiedmannii	SRR3714710	1.3427763630507397
Bacillus_wiedmannii	SRR3714711	1.3505835749216886
Bacillus_wiedmannii	SRR3714712	1.347145302534545
Bacillus_wiedmannii	SRR3714713	1.3394985745560506
Bacillus_wiedmannii	SRR3714714	1.336650893783813
Bacillus_wiedmannii	SRR3714715	1.3071122189861448
Bacillus_wiedmannii	SRR3714716	1.3558285475421563
Bacillus_wiedmannii	SRR3714717	1.3607077715866251
Bacillus_wiedmannii	SRR3714718	1.3508362279898005
Bacillus_wiedmannii	SRR3714719	1.34653965578047
Bacillus_wiedmannii	SRR3714720	1.3340118219441086
Bacillus_wiedmannii	SRR3714721	1.3419191740325442
Bacillus_wiedmannii	SRR3714723	1.3308497310876877
Bacillus_wiedmannii	SRR3714724	1.3035662084064727
Bacillus_wiedmannii	SRR3714725	1.3214119850406139
Bacillus_wiedmannii	SRR3714726	1.3456171453727186
Bacillus_wiedmannii	SRR3714727	1.3333686715063529
Bacillus_wiedmannii	SRR3714728	1.3333686715063529
Bacillus_wiedmannii	SRR3714729	1.3628387906179662
Bacillus_wiedmannii	SRR3714730	1.3487588358880969
Bacillus_wiedmannii	SRR3714731	1.3123179243169656
Bacillus_wiedmannii	SRR3714732	1.3469691601164098
Bacillus_wiedmannii	SRR3714734	1.3507509512034028
Bacillus_wiedmannii	SRR3714735	1.3489720212096918
Bacillus_wiedmannii	SRR3714736	1.3574753250672933
Bacillus_wiedmannii	SRR3714737	1.3454871180632704
Bacillus_wiedmannii	SRR3714738	1.2909331232652765
Bacillus_wiedmannii	SRR3714739	1.3513816610410734
Bacillus_wiedmannii	SRR3714740	1.2996587190744668
Bacillus_wiedmannii	SRR3714741	1.3614391621519784
Bacillus_wiedmannii	SRR3714744	1.3424537171472761
Bacillus_wiedmannii	SRR3714745	1.2815229461742896
Bacillus_wiedmannii	SRR3714746	1.3644863922256507
Bacillus_wiedmannii	SRR3714747	1.3230920898627394
Bacillus_wiedmannii	SRR3714748	1.350312888834268
Bacillus_wiedmannii	SRR3714749	1.3607077715866251
Bacillus_wiedmannii	SRR3714750	1.3274339751425022
Bacillus_wiedmannii	SRR3714751	1.3561626257600456
Bacillus_wiedmannii	SRR3714752	1.3564544763934177
Bacillus_wiedmannii	SRR3714753	3.9541193589063726
Bacillus_wiedmannii	SRR3714754	1.3383514119561248
Bacillus_wiedmannii	SRR3714755	1.351845412490748
Bacillus_wiedmannii	SRR3714756	1.3409308401998268
Bacillus_wiedmannii	SRR3714757	1.3454871180632704
Bacillus_wiedmannii	SRR3714758	1.350364271491463
Bacillus_wiedmannii	SRR3714759	1.3300275914781203
Bacillus_wiedmannii	SRR3714760	1.3652302799676275
Bacillus_wiedmannii	SRR3714761	1.3511724781991463
Bacillus_wiedmannii	SRR3714762	1.3547238099368741
Bacillus_wiedmannii	SRR3714764	1.3492820866118815
Bacillus_wiedmannii	SRR3714765	1.336318015657321
Bacillus_wiedmannii	SRR3714766	1.3423135436670932
Bacillus_wiedmannii	SRR3714767	1.3399023251995457
Bacillus_wiedmannii	SRR3714768	1.3459185395104925
Bacillus_wiedmannii	SRR5176628	1.3658304473165754
Bacillus_wiedmannii	SRR5176629	1.3647292755975204
Bacillus_wiedmannii	SRR5176630	1.3636661710431994
Bacillus_wiedmannii	SRR5176631	1.366777814654196
Bacillus_wiedmannii	SRR5176632	1.364418799805003
Bacillus_wiedmannii	SRR5176633	1.3630300139455425
Bacillus_wiedmannii	SRR5176634	1.3632936897014178
Bacillus_wiedmannii	SRR5176635	1.3657127099457684
Bacillus_wiedmannii	SRR5176636	1.3274775891413366
Bacillus_wiedmannii	SRR5176637	1.3510551556071593
Bacillus_wiedmannii	SRR5176638	1.3331702213185004
Bacillus_wiedmannii	SRR5176639	1.3612319094799556
Bacillus_wiedmannii	SRR5176640	1.3685577832033065
Bacillus_wiedmannii	SRR5176641	1.3617719570408353
Bacillus_wiedmannii	SRR5176642	1.3644863922256507
Bacillus_wiedmannii	SRR5176643	1.3650389842268886
Bacillus_wiedmannii	SRR5176644	1.3645592654045955
Bacillus_wiedmannii	SRR5176645	1.3603247318359362
Bacillus_wiedmannii	SRR5176646	1.3551435256159687
Bacillus_wiedmannii	SRR5176647	1.3648618084282327
Bacillus_wiedmannii	SRR5176648	1.3670406656948546
Bacillus_wiedmannii	SRR5176649	1.296477417292304
Bacillus_wiedmannii	SRR5176650	1.3556918670257883
Bacillus_wiedmannii	SRR5176651	1.3648618084282327
Bacillus_wiedmannii	SRR5176652	1.3632936897014178
Bacillus_wiedmannii	SRR5176653	1.3619655654592606
Bacillus_wiedmannii	SRR5176654	1.3645592654045955
Bacillus_wiedmannii	SRR5176655	1.3644863922256507
Bacillus_wiedmannii	SRR5176656	1.3601862908424658
Bacillus_wiedmannii	SRR5176657	1.3687620824139737
Bacillus_wiedmannii	SRR5176658	1.3658304473165754
Bacillus_wiedmannii	SRR5176659	1.364275399950775
Bacillus_wiedmannii	SRR5176660	1.36415487469014
Bacillus_wiedmannii	SRR5176661	1.3678386989055058
Bacillus_wiedmannii	SRR5176662	1.3618823313624977
Bacillus_wiedmannii	SRR5176663	1.366777814654196
Bacillus_wiedmannii	SRR5176664	1.365648707045223
Bacillus_wiedmannii	SRR5176665	1.363367053906934
Bacillus_wiedmannii	SRR5176666	1.3652789884192185
Bacillus_wiedmannii	SRR5176667	1.3656513527865064
Bacillus_wiedmannii	SRR5176668	1.3560657049542797
Bacillus_wiedmannii	SRR5176669	1.3614907853286795
Bacillus_wiedmannii	SRR5176670	1.3683325279379595
Bacillus_wiedmannii	SRR5176671	1.366777814654196
Bacillus_wiedmannii	SRR5176672	1.3652302799676275
Bacillus_wiedmannii	SRR5176673	1.3645592654045955
Bacillus_wiedmannii	SRR5176674	1.3658304473165754
Bacillus_wiedmannii	SRR5176675	1.3652789884192185
Bacillus_wiedmannii	SRR5176676	1.365648707045223
Bacillus_wiedmannii	SRR5176677	1.3626190286749618
Bacillus_wiedmannii	SRR5176678	1.36259882499864
Bacillus_wiedmannii	SRR5176679	1.3566148907720872
Bacillus_wiedmannii	SRR5176680	1.3642765747608594
Bacillus_wiedmannii	SRR5176681	1.3652789884192185
Bacillus_wiedmannii	SRR5176682	1.3678519102083702
Bacillus_wiedmannii	SRR5176683	1.36415487469014
Bacillus_wiedmannii	SRR5176684	1.3648618084282327
Bacillus_wiedmannii	SRR5176685	1.36415487469014
Bacillus_wiedmannii	SRR5176686	1.3652592688971437
Bacillus_wiedmannii	SRR5176687	1.3642765747608594
Bacillus_wiedmannii	SRR5176688	1.3665467722368712
Bacillus_wiedmannii	SRR5176689	1.36415487469014
Bacillus_wiedmannii	SRR5176690	1.3650389842268886
Bacillus_wiedmannii	SRR5176691	1.3650389842268886
Bacillus_wiedmannii	SRR5176692	1.3644863922256507
Bacillus_wiedmannii	SRR5176693	1.3601862908424658
Bacillus_wiedmannii	SRR5176694	1.3626580852625958
Bacillus_wiedmannii	SRR5176695	1.367723364166903
Bacillus_wiedmannii	SRR5176696	1.315784239344613
Bacillus_wiedmannii	SRR5176697	1.3658304473165754
Bacillus_wiedmannii	SRR5176698	1.3489903187332701
Bacillus_wiedmannii	SRR5176699	1.3658304473165754
Bacillus_wiedmannii	SRR5176700	1.3556784343652573
Bacillus_wiedmannii	SRR5176701	1.3647292755975204
Bacillus_wiedmannii	SRR5176702	1.3632074161673557
Bacillus_wiedmannii	SRR5176703	1.3652302799676275
Bacillus_wiedmannii	SRR5176704	1.3576823165353116
Bacillus_wiedmannii	SRR5176705	1.3652302799676275
Bacillus_wiedmannii	SRR5176706	1.3618019380158601
Bacillus_wiedmannii	SRR5176707	1.3628742248234382
Bacillus_wiedmannii	SRR5176708	1.3650389842268886
Bacillus_wiedmannii	SRR5176709	1.355001032468201
Bacillus_wiedmannii	SRR5176710	1.3652592688971437
Bacillus_wiedmannii	SRR5176711	1.3630300139455425
Bacillus_wiedmannii	SRR5176712	1.3656513527865064
Bacillus_wiedmannii	SRR5176713	1.3632493219027384
Bacillus_wiedmannii	SRR5176714	1.357545797336928
Bacillus_wiedmannii	SRR5176715	1.3632936897014178
Bacillus_wiedmannii	SRR5176716	1.3645592654045955
Bacillus_wiedmannii	SRR5176717	1.3652592688971437
Bacillus_wiedmannii	SRR5176718	1.3630300139455425
Bacillus_wiedmannii	SRR5176719	1.3652789884192185
Bacillus_wiedmannii	SRR5176720	1.3648618084282327
Bacillus_wiedmannii	SRR5176721	1.3644863922256507
Bacillus_wiedmannii	SRR5176722	1.3642765747608594
Bacillus_wiedmannii	SRR5176723	1.3648618084282327
Bacillus_wiedmannii	SRR5176724	1.3648618084282327
Bacillus_wiedmannii	SRR5176725	1.36415487469014
Bacillus_wiedmannii	SRR5176726	1.364275399950775
Bacillus_wiedmannii	SRR5176727	1.3658304473165754
Bacillus_wiedmannii	SRR5176728	1.3625634054000042
Bacillus_wiedmannii	SRR5176729	1.363367053906934
Bacillus_wiedmannii	SRR5176730	1.3647292755975204
Bacillus_wiedmannii	SRR5176731	1.3656513527865064
Bacillus_wiedmannii	SRR5176732	1.3626580852625958
Bacillus_wiedmannii	SRR5176733	1.3632074161673557
Bacillus_wiedmannii	SRR5176734	1.350312888834268
Bacillus_wiedmannii	SRR5176735	1.3603247318359362
Bacillus_wiedmannii	SRR5176736	1.3587925115012331
Bacillus_wiedmannii	SRR5176737	1.364275399950775
Bacillus_wiedmannii	SRR5176738	1.3639943687800475
Bacillus_wiedmannii	SRR5176739	1.3613966590497895
Bacillus_wiedmannii	SRR5176740	1.364275399950775
Bacillus_wiedmannii	SRR5176741	1.3480674404067088
Bacillus_wiedmannii	SRR5176742	1.350385719456188
Bacillus_wiedmannii	SRR5176743	1.3652789884192185
Bacillus_wiedmannii	SRR5176744	1.3644863922256507
Bacillus_wiedmannii	SRR5176745	1.3632493219027384
Bacillus_wiedmannii	SRR5176746	1.3658304473165754
Bacillus_wiedmannii	SRR5176747	1.3652592688971437
Bacillus_wiedmannii	SRR5176748	1.366777814654196
Bacillus_wiedmannii	SRR5176749	1.351748025615633
Bacillus_wiedmannii	SRR5176750	1.3559699697980863
Bacillus_wiedmannii	SRR5176751	1.3656513527865064
Bacillus_wiedmannii	SRR5176752	1.364418799805003
Bacillus_wiedmannii	SRR5176753	1.3652592688971437
Bacillus_wiedmannii	SRR5176754	1.355177982980013
Bacillus_wiedmannii	SRR5176755	1.3645592654045955
Bacillus_wiedmannii	SRR5176756	1.3642765747608594
Bacillus_wiedmannii	SRR5176757	1.357338444084492
Bacillus_wiedmannii	SRR5176758	1.3670406656948546
Bacillus_wiedmannii	SRR5176759	1.3695495824775967
Bacillus_wiedmannii	SRR5176760	1.3632493219027384
Bacillus_wiedmannii	SRR5176761	1.3647292755975204
Bacillus_wiedmannii	SRR5176762	1.3604438151934661
Bacillus_wiedmannii	SRR5176763	1.3619655654592606
Bacillus_wiedmannii	SRR5176764	1.3691204108846116
Bacillus_wiedmannii	SRR5176765	1.3652789884192185
Bacillus_wiedmannii	SRR5176766	1.365648707045223
Bacillus_wiedmannii	SRR5176767	1.3632074161673557
Bacillus_wiedmannii	SRR5176768	1.3566148907720872
Bacillus_wiedmannii	SRR5176769	1.364275399950775
Bacillus_wiedmannii	SRR5176770	1.3639943687800475
Bacillus_wiedmannii	SRR5176771	1.3638247610160497
Bacillus_wiedmannii	SRR5176772	1.3614391621519784
Bacillus_wiedmannii	SRR5176773	1.364275399950775
Bacillus_wiedmannii	SRR5176774	1.3650389842268886
Bacillus_wiedmannii	SRR5176775	1.3607077715866251
Bacillus_wiedmannii	SRR5176776	1.3632936897014178
Bacillus_wiedmannii	SRR5176777	1.367723364166903
Bacillus_wiedmannii	SRR5176778	1.364275399950775
Bacillus_wiedmannii	SRR5176779	1.3630300139455425
Bacillus_wiedmannii	SRR5176780	1.3626190286749618
Bacillus_wiedmannii	SRR5176781	1.3639943687800475
Bacillus_wiedmannii	SRR5176782	1.366777814654196
Bacillus_wiedmannii	SRR5176783	1.3626190286749618
Bacillus_wiedmannii	SRR5176784	1.363963302220239
Bacillus_wiedmannii	SRR5176785	1.3642765747608594
Bacillus_wiedmannii	SRR5176786	1.365648707045223
Bacillus_wiedmannii	SRR5176787	1.3644863922256507
Bacillus_wiedmannii	SRR5176788	1.36415487469014
Bacillus_wiedmannii	SRR5176789	1.3575007269852146
Bacillus_wiedmannii	SRR5176790	1.3648618084282327
Bacillus_wiedmannii	SRR5176791	1.3645592654045955
Bacillus_wiedmannii	SRR5176792	1.3632936897014178
Bacillus_wiedmannii	SRR5176793	1.3652592688971437
Bacillus_wiedmannii	SRR5176794	1.3650389842268886
Bacillus_wiedmannii	SRR5176795	1.3652789884192185
Bacillus_wiedmannii	SRR5176796	1.366777814654196
Bacillus_wiedmannii	SRR5176797	1.364275399950775
Bacillus_wiedmannii	SRR5176798	1.3652592688971437
Bacillus_wiedmannii	SRR5176799	1.3632074161673557
Bacillus_wiedmannii	SRR5176800	1.3665467722368712
Bacillus_wiedmannii	SRR5176801	1.3658304473165754
Bacillus_wiedmannii	SRR5176802	1.3620855384331363
Bacillus_wiedmannii	SRR5176803	1.3628742248234382
Bacillus_wiedmannii	SRR5176804	1.3695495824775967
Bacillus_wiedmannii	SRR5176805	1.3648618084282327
Bacillus_wiedmannii	SRR5176806	1.3415852748948751
Bacillus_wiedmannii	SRR5176807	1.3644863922256507
Bacillus_wiedmannii	SRR5176808	1.3652592688971437
Bacillus_wiedmannii	SRR5176809	1.364418799805003
Bacillus_wiedmannii	SRR5176810	1.365648707045223
Bacillus_wiedmannii	SRR5176811	1.3632074161673557
Bacillus_wiedmannii	SRR5176812	1.3628742248234382
Bacillus_wiedmannii	SRR5176813	1.3652592688971437
Bacillus_wiedmannii	SRR5176814	1.3628742248234382
Bacillus_wiedmannii	SRR5176815	1.3642765747608594
Bacillus_wiedmannii	SRR5176816	1.3657127099457684
Bacillus_wiedmannii	SRR5176817	1.363963302220239
Bacillus_wiedmannii	SRR5176818	1.36259882499864
Bacillus_wiedmannii	SRR5176819	1.3691204108846116
Bacillus_wiedmannii	SRR5176820	1.3618019380158601
Bacillus_wiedmannii	SRR5176821	1.365648707045223
Bacillus_wiedmannii	SRR5176822	1.3656513527865064
Bacillus_wiedmannii	SRR5176823	1.3658304473165754
Bacillus_wiedmannii	SRR5176824	1.3645592654045955
Bacillus_wiedmannii	SRR5176825	1.36259882499864
Bacillus_wiedmannii	SRR5176826	1.3644863922256507
Bacillus_wiedmannii	SRR5176827	1.3652789884192185
Bacillus_wiedmannii	SRR5176828	1.3626190286749618
Bacillus_wiedmannii	SRR5176829	1.3648618084282327
Bacillus_wiedmannii	SRR5176830	1.3683007848759485
Bacillus_wiedmannii	SRR5176831	1.3652302799676275
Bacillus_wiedmannii	SRR5176832	1.364418799805003
Bacillus_wiedmannii	SRR5176833	1.363963302220239
Bacillus_wiedmannii	SRR5176834	1.3647292755975204
Bacillus_wiedmannii	SRR5176835	1.3652789884192185
Bacillus_wiedmannii	SRR5176836	1.3632936897014178
Bacillus_wiedmannii	SRR5176837	1.359432188335606
Bacillus_wiedmannii	SRR5176838	1.3657127099457684
Bacillus_wiedmannii	SRR5176839	1.3644863922256507
Bacillus_wiedmannii	SRR5176840	1.3652592688971437
Bacillus_wiedmannii	SRR5176841	1.3372878784409956
Bacillus_wiedmannii	SRR5176842	1.3645592654045955
Bacillus_wiedmannii	SRR5176843	1.3657127099457684
Bacillus_wiedmannii	SRR5176844	1.3595851426742833
Bacillus_wiedmannii	SRR5176845	1.364275399950775
Bacillus_wiedmannii	SRR5176846	1.3626580852625958
Bacillus_wiedmannii	SRR5176847	1.3656513527865064
Bacillus_wiedmannii	SRR5176848	1.3632936897014178
Bacillus_wiedmannii	SRR5176849	1.3571865780557517
Bacillus_wiedmannii	SRR5176850	1.3538840207981289
Bacillus_wiedmannii	SRR5176851	1.3636661710431994
Bacillus_wiedmannii	SRR5176852	1.364418799805003
Bacillus_wiedmannii	SRR5176853	1.3644863922256507
Bacillus_wiedmannii	SRR5176854	1.3678519102083702
Bacillus_wiedmannii	SRR5176855	1.36415487469014
Bacillus_wiedmannii	SRR5176856	1.3628742248234382
Bacillus_wiedmannii	SRR5176857	1.3652789884192185
Bacillus_wiedmannii	SRR5176858	1.3652789884192185
Bacillus_wiedmannii	SRR5176859	1.3645592654045955
Bacillus_wiedmannii	SRR5176860	1.361986070642
Bacillus_wiedmannii	SRR5176861	1.364275399950775
Bacillus_wiedmannii	SRR5176862	1.363367053906934
Bacillus_wiedmannii	SRR5176863	1.3636661710431994
Bacillus_wiedmannii	SRR5176864	1.3652302799676275
Bacillus_wiedmannii	SRR5176865	1.363367053906934
Bacillus_wiedmannii	SRR5176866	1.3632074161673557
Bacillus_wiedmannii	SRR5176867	1.3632493219027384
Bacillus_wiedmannii	SRR5176868	1.3636661710431994
Bacillus_wiedmannii	SRR5176869	1.36415487469014
Bacillus_wiedmannii	SRR5176870	1.3652592688971437
Bacillus_wiedmannii	SRR5176871	1.355177982980013
Bacillus_wiedmannii	SRR5176872	1.3645592654045955
Bacillus_wiedmannii	SRR5861974	NA
Bacillus_wiedmannii	SRR5861975	NA
Bacillus_wiedmannii	SRR5861976	NA
Bacillus_wiedmannii	SRR5861977	NA
Bacillus_wiedmannii	SRR5861978	NA
Bacillus_wiedmannii	SRR5861979	NA
Bacillus_wiedmannii	SRR5861980	NA
Bacillus_wiedmannii	SRR5861981	NA
Bacillus_wiedmannii	SRR5861982	NA
Bacillus_wiedmannii	SRR5861983	NA
Bacillus_wiedmannii	SRR5861984	NA
Bacillus_wiedmannii	SRR5861985	NA
Bacillus_wiedmannii	SRR5861986	NA
Bacillus_wiedmannii	SRR5861987	NA
Bacillus_wiedmannii	SRR5861988	NA
Bacillus_wiedmannii	SRR5861989	NA
Bacillus_wiedmannii	SRR5861990	NA
Bacillus_wiedmannii	SRR5861991	NA
Bacillus_wiedmannii	SRR5861992	NA
Bacillus_wiedmannii	SRR5861993	NA
Bacillus_wiedmannii	SRR5861994	NA
Bacillus_wiedmannii	SRR5861995	NA
Bacillus_wiedmannii	SRR5861996	NA
Bacillus_wiedmannii	SRR5861997	NA
Bacillus_wiedmannii	SRR5861998	NA
Bacillus_wiedmannii	SRR5861999	NA
Bacillus_wiedmannii	SRR5862000	NA
Bacillus_wiedmannii	SRR5862001	NA
Bacillus_wiedmannii	SRR5862002	NA
Bacillus_wiedmannii	SRR5862003	NA
Bacillus_wiedmannii	SRR5862004	NA
Bacillus_wiedmannii	SRR5862005	NA
Bacillus_wiedmannii	SRR5862006	NA
Bacillus_wiedmannii	SRR5862007	NA
Bacillus_wiedmannii	SRR5862008	NA
Bacillus_wiedmannii	SRR5862009	NA
Bacillus_wiedmannii	SRR5862010	NA
Bacillus_wiedmannii	SRR5862011	NA
Bacillus_wiedmannii	SRR5862012	NA
Bacillus_wiedmannii	SRR5862013	NA
Bacillus_wiedmannii	SRR5862014	NA
Bacillus_wiedmannii	SRR5862015	NA
Bacillus_wiedmannii	SRR5862016	NA
Bacillus_wiedmannii	SRR5862017	NA
Bacillus_wiedmannii	SRR5862018	NA
Bacillus_wiedmannii	SRR5862019	NA
Bacillus_wiedmannii	SRR5862020	NA
Bacillus_wiedmannii	SRR5862021	NA
Bacillus_wiedmannii	SRR5862022	NA
Bacillus_wiedmannii	SRR5862023	NA
Bacillus_wiedmannii	SRR5862024	NA
Bacillus_wiedmannii	SRR5862025	NA
Bacillus_wiedmannii	SRR5862026	NA
Bacillus_wiedmannii	SRR5862027	NA
Bacillus_wiedmannii	SRR5862028	NA
Bacillus_wiedmannii	SRR5862029	NA
Bacillus_wiedmannii	SRR5862030	NA
Bacillus_wiedmannii	SRR5862031	NA
Bacillus_wiedmannii	SRR5862032	NA
Bacillus_wiedmannii	SRR5862033	NA
Bacillus_wiedmannii	SRR5862034	NA
Bacillus_wiedmannii	SRR5862035	NA
Bacillus_wiedmannii	SRR5862036	NA
Bacillus_wiedmannii	SRR5862037	NA
Bacillus_wiedmannii	SRR5862038	NA
Bacillus_wiedmannii	SRR5862039	NA
Bacillus_wiedmannii	SRR5862040	NA
Bacillus_wiedmannii	SRR5862041	NA
Bacillus_wiedmannii	SRR5862042	NA
Bacillus_wiedmannii	SRR5862043	NA
Bacillus_wiedmannii	SRR5862044	NA
Bacillus_wiedmannii	SRR5862045	NA
Bacillus_wiedmannii	SRR5862046	NA
Bacillus_wiedmannii	SRR5862047	NA
Bacillus_wiedmannii	SRR5862048	NA
Bacillus_wiedmannii	SRR5862049	NA
Bacillus_wiedmannii	SRR5862050	NA
Bacillus_wiedmannii	SRR5862051	NA
Bacillus_wiedmannii	SRR5862052	NA
Bacillus_wiedmannii	SRR5862053	NA
Bacillus_wiedmannii	SRR5862054	NA
Bacillus_wiedmannii	SRR5862055	NA
Bacillus_wiedmannii	SRR5862056	NA
Bacillus_wiedmannii	SRR5862057	NA
Bacillus_wiedmannii	SRR5862058	NA
Bacillus_wiedmannii	SRR5862059	NA
Bacillus_wiedmannii	SRR5862060	NA
Bacillus_wiedmannii	SRR5862061	NA
Bacillus_wiedmannii	SRR5862062	NA
Bacillus_wiedmannii	SRR5862063	NA
Bacillus_wiedmannii	SRR5862064	NA
Bacillus_wiedmannii	SRR5862065	NA
Bacillus_wiedmannii	SRR5862066	NA
Bacillus_wiedmannii	SRR5862067	NA
Bacillus_wiedmannii	SRR5862068	NA
Bacillus_wiedmannii	SRR5862069	NA
Bacillus_wiedmannii	SRR5862070	NA
Bacillus_wiedmannii	SRR5862071	NA
Bacillus_wiedmannii	SRR5862072	NA
Bacillus_wiedmannii	SRR5862073	NA
Bacillus_wiedmannii	SRR5862074	NA
Bacillus_wiedmannii	SRR5862075	NA
Bacillus_wiedmannii	SRR5862076	NA
Bacillus_wiedmannii	SRR5862077	NA
Bacillus_wiedmannii	SRR5862078	NA
Bacillus_wiedmannii	SRR5862079	NA
Bacillus_wiedmannii	SRR5862080	NA
Bacillus_wiedmannii	SRR5862081	NA
Bacillus_wiedmannii	SRR5862082	NA
Bacillus_wiedmannii	SRR5862083	NA
Bacillus_wiedmannii	SRR5862084	NA
Bacillus_wiedmannii	SRR5862085	NA
Bacillus_wiedmannii	SRR5862086	NA
Bacillus_wiedmannii	SRR5862087	NA
Bacillus_wiedmannii	SRR5862088	NA
Bacillus_wiedmannii	SRR5862089	NA
Bacillus_wiedmannii	SRR5862090	NA
Bacillus_wiedmannii	SRR5862091	NA
Bacillus_wiedmannii	SRR5862092	NA
Bacillus_wiedmannii	SRR5862093	NA
Bacillus_wiedmannii	SRR5862094	NA
Bacillus_wiedmannii	SRR5862095	NA
Bacillus_wiedmannii	SRR5862096	NA
Bacillus_wiedmannii	SRR5862097	NA
Bacillus_wiedmannii	SRR5862098	NA
Bacillus_wiedmannii	SRR5862099	NA
Bacillus_wiedmannii	SRR5862100	NA
Bacillus_wiedmannii	SRR5862101	NA
Bacillus_wiedmannii	SRR5862102	NA
Bacillus_wiedmannii	SRR5862103	NA
Bacillus_wiedmannii	SRR5862104	NA
Bacillus_wiedmannii	SRR5862105	NA
Bacillus_wiedmannii	SRR5862106	NA
Bacillus_wiedmannii	SRR5862107	NA
Bacillus_wiedmannii	SRR5862108	NA
Bacillus_wiedmannii	SRR5862109	NA
Bacillus_wiedmannii	SRR5862110	NA
Bacillus_wiedmannii	SRR5862111	NA
Bacillus_wiedmannii	SRR5862112	NA
Bacillus_wiedmannii	SRR5862113	NA
Bacillus_wiedmannii	SRR5862114	NA
Bacillus_wiedmannii	SRR5862115	NA
Bacillus_wiedmannii	SRR5862116	NA
Bacillus_wiedmannii	SRR5862117	NA
Bacillus_wiedmannii	SRR5862118	NA
Bacillus_wiedmannii	SRR5862119	NA
Bacillus_wiedmannii	SRR5862120	NA
Bacillus_wiedmannii	SRR5862121	NA
Bacillus_wiedmannii	SRR5862122	NA
Bacillus_wiedmannii	SRR5862123	NA
Bacillus_wiedmannii	SRR5862124	NA
Bacillus_wiedmannii	SRR5862125	NA
Bacillus_wiedmannii	SRR5862126	NA
Bacillus_wiedmannii	SRR5862127	NA
Bacillus_wiedmannii	SRR5862128	NA
Bacillus_wiedmannii	SRR5862129	NA
Bacillus_wiedmannii	SRR5862130	NA
Bacillus_wiedmannii	SRR5862131	NA
Bacillus_wiedmannii	SRR5862132	NA
Bacillus_wiedmannii	SRR5862133	NA
Bacillus_wiedmannii	SRR5862134	NA
Bacillus_wiedmannii	SRR5862135	NA
Bacillus_wiedmannii	SRR5862136	NA
Bacillus_wiedmannii	SRR5862137	NA
Bacillus_wiedmannii	SRR5862138	NA
Bacillus_wiedmannii	SRR5862139	NA
Bacillus_wiedmannii	SRR5862140	NA
Bacillus_wiedmannii	SRR5862141	NA
Bacillus_wiedmannii	SRR5862142	NA
Bacillus_wiedmannii	SRR5862143	NA
Bacillus_wiedmannii	SRR5862144	NA
Bacillus_wiedmannii	SRR5862145	NA
Bacillus_wiedmannii	SRR5862146	NA
Bacillus_wiedmannii	SRR5862147	NA
Bacillus_wiedmannii	SRR5862148	NA
Bacillus_wiedmannii	SRR5862149	NA
Bacillus_wiedmannii	SRR5862150	NA
Bacillus_wiedmannii	SRR5862151	NA
Bacillus_wiedmannii	SRR5862152	NA
Bacillus_wiedmannii	SRR5862153	NA
Bacillus_wiedmannii	SRR5862154	NA
Bacillus_wiedmannii	SRR5862155	NA
Bacillus_wiedmannii	SRR5862156	NA
Bacillus_wiedmannii	SRR5862157	NA
Bacillus_wiedmannii	SRR5862158	NA
Bacillus_wiedmannii	SRR5862159	NA
Bacillus_wiedmannii	SRR5862160	NA
Bacillus_wiedmannii	SRR5862161	NA
Bacillus_wiedmannii	SRR5862162	NA
Bacillus_wiedmannii	SRR5862163	NA
Bacillus_wiedmannii	SRR5862164	NA
Bacillus_wiedmannii	SRR5862165	NA
Bacillus_wiedmannii	SRR5862166	NA
Bacillus_wiedmannii	SRR5862167	NA
Bacillus_wiedmannii	SRR5862168	NA
Bacillus_wiedmannii	SRR5862169	NA
Bacillus_wiedmannii	SRR5862170	NA
Bacillus_wiedmannii	SRR5862171	NA
Bacillus_wiedmannii	SRR5862172	NA
Bacillus_wiedmannii	SRR5862173	NA
Bacillus_wiedmannii	SRR5862174	NA
Bacillus_wiedmannii	SRR5862175	NA
Bacillus_wiedmannii	SRR5862176	NA
Bacillus_wiedmannii	SRR5862177	NA
Bacillus_wiedmannii	SRR5862178	NA
Bacillus_wiedmannii	SRR5862179	NA
Bacillus_wiedmannii	SRR5862180	NA
Bacillus_wiedmannii	SRR5862181	NA
Bacillus_wiedmannii	SRR5862182	NA
Bacillus_wiedmannii	SRR5862183	NA
Bacillus_wiedmannii	SRR5862184	NA
Bacillus_wiedmannii	SRR5862185	NA
Bacillus_wiedmannii	SRR5862186	NA
Bacillus_wiedmannii	SRR5862187	NA
Bacillus_wiedmannii	SRR5862188	NA
Bacillus_wiedmannii	SRR5862189	NA
Bacillus_wiedmannii	SRR5862190	NA
Bacillus_wiedmannii	SRR5862191	NA
Bacillus_wiedmannii	SRR5862192	NA
Bacillus_wiedmannii	SRR5862193	NA
Bacillus_wiedmannii	SRR5862194	NA
Bacillus_wiedmannii	SRR5862195	NA
Bacillus_wiedmannii	SRR5862196	NA
Bacillus_wiedmannii	SRR5862197	NA
Bacillus_wiedmannii	SRR5862198	NA
Bacillus_wiedmannii	SRR5862199	NA
Bacillus_wiedmannii	SRR5862200	NA
Bacillus_wiedmannii	SRR5862201	NA
Bacillus_wiedmannii	SRR5862202	NA
Bacillus_wiedmannii	SRR5862203	NA
Bacillus_wiedmannii	SRR5862204	NA
Bacillus_wiedmannii	SRR5862205	NA
Bacillus_wiedmannii	SRR5862206	NA
Bacillus_wiedmannii	SRR5862207	NA
Bacillus_wiedmannii	SRR5862208	NA
Bacillus_wiedmannii	SRR5862209	NA
Bacillus_wiedmannii	SRR5862210	NA
Bacillus_wiedmannii	SRR5862211	NA
Bacillus_wiedmannii	SRR5862212	NA
Bacillus_wiedmannii	SRR5862213	NA
Bacillus_wiedmannii	SRR5862214	NA
Bacillus_wiedmannii	SRR5862215	NA
Bacillus_wiedmannii	SRR5862216	NA
Bacillus_wiedmannii	SRR5862217	NA
Bacillus_wiedmannii	SRR5862218	NA
Bacillus_wiedmannii	SRR5862219	NA
Bacillus_wiedmannii	SRR5862220	NA
Bacillus_wiedmannii	SRR5862221	NA
Bacillus_wiedmannii	SRR5862222	NA
Bacillus_wiedmannii	SRR5862223	NA
Bacillus_wiedmannii	SRR5862224	NA
Bacillus_wiedmannii	SRR5862225	NA
Bacillus_wiedmannii	SRR5862226	NA
Bacillus_wiedmannii	SRR5862227	NA
Bacillus_wiedmannii	SRR5862228	NA
Bacillus_wiedmannii	SRR5862229	NA
Bacillus_wiedmannii	SRR5862230	NA
Bacillus_wiedmannii	SRR5862231	NA
Bacillus_wiedmannii	SRR5862232	NA
Bacillus_wiedmannii	SRR5862233	NA
Bacillus_wiedmannii	SRR5862234	NA
Bacillus_wiedmannii	SRR5862235	NA
Bacillus_wiedmannii	SRR5862236	NA
Bacillus_wiedmannii	SRR5862237	NA
Bacillus_wiedmannii	SRR5862238	NA
Bacillus_wiedmannii	SRR5862239	NA
Bacillus_wiedmannii	SRR5862240	NA
Bacillus_wiedmannii	SRR5862241	NA
Bacillus_wiedmannii	SRR5862242	NA
Bacillus_wiedmannii	SRR5862243	NA
Bacillus_wiedmannii	SRR5862244	NA
Bacillus_wiedmannii	SRR5862245	NA
Bacillus_wiedmannii	SRR5862246	NA
Bacillus_wiedmannii	SRR5862247	NA
Bacillus_wiedmannii	SRR5862248	NA
Bacillus_wiedmannii	SRR5862249	NA
Bacillus_wiedmannii	SRR5862250	NA
Bacillus_wiedmannii	SRR5862251	NA
Bacillus_wiedmannii	SRR5862252	NA
Bacillus_wiedmannii	SRR5862253	NA
Bacillus_wiedmannii	SRR5862254	NA
Bacillus_wiedmannii	SRR5862255	NA
Bacillus_wiedmannii	SRR5862256	NA
Bacillus_wiedmannii	SRR5862257	NA
Bacillus_wiedmannii	SRR5862258	NA
Bacillus_wiedmannii	SRR5862259	NA
Bacillus_wiedmannii	SRR5862260	NA
Bacillus_wiedmannii	SRR5862261	NA
Bacillus_wiedmannii	SRR5862262	NA
Bacillus_wiedmannii	SRR5862263	NA
Bacillus_wiedmannii	SRR5862264	NA
Bacillus_wiedmannii	SRR5862265	NA
Bacillus_wiedmannii	SRR5862266	NA
Bacillus_wiedmannii	SRR5862267	NA
Bacillus_wiedmannii	SRR5862268	NA
Bacillus_wiedmannii	SRR5862269	NA
Bacillus_wiedmannii	SRR5862270	NA
Bacillus_wiedmannii	SRR5862271	NA
Bacillus_wiedmannii	SRR5862272	NA
Bacillus_wiedmannii	SRR5862273	NA
Bacillus_wiedmannii	SRR5862274	NA
Bacillus_wiedmannii	SRR5862275	NA
Bacillus_wiedmannii	SRR5862276	NA
Bacillus_wiedmannii	SRR5862277	NA
Bacillus_wiedmannii	SRR5949109	2.069655336792748
Bacillus_wiedmannii	SRR5949110	1.10653414084804
Bacillus_wiedmannii	SRR5949111	1.1176514601104715
Bacillus_wiedmannii	SRR5949112	1.2869879536291042
Bacillus_wiedmannii	SRR5949113	0.42480493462729246
Bacillus_wiedmannii	SRR5949114	1.321798712280005
Bacillus_wiedmannii	SRR5949115	1.1393109505662735
Bacillus_wiedmannii	SRR5949116	0.8123837040619996
Bacillus_wiedmannii	SRR5949117	1.3274775891413366
Bacillus_wiedmannii	SRR5949118	0.6894472397368293
Bacillus_wiedmannii	SRR5949119	1.2447154747821256
Bacillus_wiedmannii	SRR5949120	0.641227494945069
Bacillus_wiedmannii	SRR5949121	1.209835991215658
Bacillus_wiedmannii	SRR5949122	1.0614727732544211
Bacillus_wiedmannii	SRR5949123	3.1890662621704386
Bacillus_wiedmannii	SRR5949124	1.211019402580853
Bacillus_wiedmannii	SRR5949125	1.2450783535770484
Bacillus_wiedmannii	SRR5949126	0.7878971086964964
Bacillus_wiedmannii	SRR5949127	1.1998688857466278
Bacillus_wiedmannii	SRR5949128	1.2703459823536438
Bacillus_wiedmannii	SRR5949129	0.7363286233748443
Bacillus_wiedmannii	SRR5949130	0.6758278617449744
Bacillus_wiedmannii	SRR5949131	1.1707013504793944
Bacillus_wiedmannii	SRR5949132	1.226754837388144
Bacillus_wiedmannii	SRR5949133	1.1333209886876343
Bacillus_wiedmannii	SRR5949134	1.3249284364208131
Bacillus_wiedmannii	SRR5949135	1.8642749347458174
Bacillus_wiedmannii	SRR5949136	1.192572957196477
Bacillus_wiedmannii	SRR5949137	1.1620442831621332
Bacillus_wiedmannii	SRR5949138	0.7979681814508169
Bacillus_wiedmannii	SRR5949139	0.4029018578856929
Bacillus_wiedmannii	SRR5949140	1.026789348192497
Bacillus_wiedmannii	SRR5949141	8.041249077328162
Bacillus_wiedmannii	SRR5949142	0.7792129080841995
Bacillus_wiedmannii	SRR5949143	1.2745979516039647
Bacillus_wiedmannii	SRR5949144	2.6001545634098404
Bacillus_wiedmannii	SRR5949145	1.03952438748225
Bacillus_wiedmannii	SRR5949146	1.1171274955092934
Bacillus_wiedmannii	SRR5949147	1.0691449537155608
Bacillus_wiedmannii	SRR5949148	4.597920164718534
Bacillus_wiedmannii	SRR5949149	1.2904002832496422
Bacillus_wiedmannii	SRR5949150	2.2255093883596175
Bacillus_wiedmannii	SRR5949151	2.298042467326632
Bacillus_wiedmannii	SRR5949152	0.681683526953467
Bacillus_wiedmannii	SRR5949153	1.2391769352647855
Bacillus_wiedmannii	SRR5949154	1.0597829908734564
Bacillus_wiedmannii	SRR5949155	1.1598558253074547
Bacillus_wiedmannii	SRR5949156	1.1663546397378186
Bacillus_wiedmannii	SRR5949157	1.2236926107851922
Bacillus_wiedmannii	SRR5949158	0.6599273455539685
Bacillus_wiedmannii	SRR5949159	1.2032092486766572
Bacillus_wiedmannii	SRR5949160	1.3956542581132347
Bacillus_wiedmannii	SRR5949161	1.107893588945335
Bacillus_wiedmannii	SRR5949162	0.6807195810759892
Bacillus_wiedmannii	SRR5949163	1.3626190286749618
Bacillus_wiedmannii	SRR5949164	1.3240933322740474
Bacillus_wiedmannii	SRR5949165	1.2096407229771677
Bacillus_wiedmannii	SRR5949166	2.233242986936637
Bacillus_wiedmannii	SRR5949167	1.3782646300654062
Bacillus_wiedmannii	SRR5949168	1.1183459649350034
Bacillus_wiedmannii	SRR5949169	1.025680987048562
Bacillus_wiedmannii	SRR5949170	1.3296738838805997
Bacillus_wiedmannii	SRR5949171	1.1803454326794942
Bacillus_wiedmannii	SRR5949172	2.312278674074234
Bacillus_wiedmannii	SRR5949173	1.2676718562975933
Bacillus_wiedmannii	SRR5949174	1.2881209802887645
Bacillus_wiedmannii	SRR5949175	1.3379274872830147
Bacillus_wiedmannii	SRR5949176	1.1970171066558795
Bacillus_wiedmannii	SRR5949177	1.2005256325694054
Bacillus_wiedmannii	SRR5949178	1.2447154747821256
Bacillus_wiedmannii	SRR5949179	1.1434233886621645
Bacillus_wiedmannii	SRR5949180	0.6520854390817414
Bacillus_wiedmannii	SRR5949181	1.2745487545741494
Bacillus_wiedmannii	SRR5949182	0.6780328524771398
Bacillus_wiedmannii	SRR5949183	1.09685145483039
Bacillus_wiedmannii	SRR5949184	6.947090706870924
Bacillus_wiedmannii	SRR5949185	1.2857662972196502
Bacillus_wiedmannii	SRR5949186	0.553232049515181
Bacillus_wiedmannii	SRR5949187	1.111987477719159
Bacillus_wiedmannii	SRR5949188	1.2142169544739283
Bacillus_wiedmannii	SRR5949189	0.651023121819341
Bacillus_wiedmannii	SRR5949190	0.8411823703493784
Bacillus_wiedmannii	SRR5949191	1.0575644618269049
Bacillus_wiedmannii	SRR5949192	1.2091364923832668
Bacillus_wiedmannii	SRR5949193	1.0247831952679598
Bacillus_wiedmannii	SRR5949194	1.2985091154575101
Bacillus_wiedmannii	SRR5949195	0.8339815520784798
Bacillus_wiedmannii	SRR5949196	1.0324740632883367
Bacillus_wiedmannii	SRR5949197	0.4290468624220663
Bacillus_wiedmannii	SRR5949198	1.0136010921709304
Bacillus_wiedmannii	SRR5949199	1.2179278723938756
Bacillus_wiedmannii	SRR5949200	2.3683920181556375
Bacillus_wiedmannii	SRR5949201	2.0220756541704175
Bacillus_wiedmannii	SRR5949202	2.958961270982708
Bacillus_wiedmannii	SRR5949203	0.6083278059386922
Bacillus_wiedmannii	SRR5949204	1.2178716079863863
Bacillus_wiedmannii	SRR5949205	1.3628387906179662
Bacillus_wiedmannii	SRR5949206	1.104486142710724
Bacillus_wiedmannii	SRR5949207	1.090568022510635
Bacillus_wiedmannii	SRR5949208	1.0247733599064972
Bacillus_wiedmannii	SRR5949209	1.0857803471049545
Bacillus_wiedmannii	SRR5949210	1.106313372439659
Bacillus_wiedmannii	SRR5949211	1.1821036772172746
Bacillus_wiedmannii	SRR5949212	0.568670863616801
Bacillus_wiedmannii	SRR5949213	1.2315322685970262
Bacillus_wiedmannii	SRR5949214	1.1583885105752507
Bacillus_wiedmannii	SRR5949215	2.458330877255989
Bacillus_wiedmannii	SRR5949216	0.6226056669458483
Bacillus_wiedmannii	SRR5949217	1.1008553743051186
Bacillus_wiedmannii	SRR5949218	0.32733656428241065
Bacillus_wiedmannii	SRR5949219	1.1493581768800214
Bacillus_wiedmannii	SRR5949220	0.6254575145468004
Bacillus_wiedmannii	SRR5949221	0.7922194941697671
Bacillus_wiedmannii	SRR5949222	1.0372389616324196
Bacillus_wiedmannii	SRR5949223	1.355177982980013
Bacillus_wiedmannii	SRR5949224	9.434565375052053
Bacillus_wiedmannii	SRR5949225	1.1404498342126246
Bacillus_wiedmannii	SRR5949226	3.2223156361050487
Bacillus_wiedmannii	SRR5949227	4.252653858592266
Bacillus_wiedmannii	SRR5949228	1.1997229947263306
Bacillus_wiedmannii	SRR5949229	1.111408908733724
Bacillus_wiedmannii	SRR5949230	1.2486570356175106
Bacillus_wiedmannii	SRR5949231	1.3727962136925653
Bacillus_wiedmannii	SRR5949232	1.0743127488655082
Bacillus_wiedmannii	SRR5949233	0.49340300261444975
Bacillus_wiedmannii	SRR5949234	2.1772694144652838
Bacillus_wiedmannii	SRR5949235	1.2377579432481285
Bacillus_wiedmannii	SRR5949236	1.2137117572395604
Bacillus_wiedmannii	SRR5949237	1.302046243638682
Bacillus_wiedmannii	SRR5949238	1.1014746241833
Bacillus_wiedmannii	SRR5949239	2.1150952020379163
Bacillus_wiedmannii	SRR5949240	1.24601337155721
Bacillus_wiedmannii	SRR5949241	1.292255376915366
Bacillus_wiedmannii	SRR5949242	1.1833204634691026
Bacillus_wiedmannii	SRR5949243	2.114112101833202
Bacillus_wiedmannii	SRR5949244	1.2118463877421002
Bacillus_wiedmannii	SRR5949245	1.066311553514491
Bacillus_wiedmannii	SRR5949246	0.7384692409664455
Bacillus_wiedmannii	SRR5949247	1.0354283818205186
Bacillus_wiedmannii	SRR5949248	1.202475014906969
Bacillus_wiedmannii	SRR5949249	0.8308489684326779
Bacillus_wiedmannii	SRR5949250	1.3387772058044078
Bacillus_wiedmannii	SRR5949251	0.6460495075045057
Bacillus_wiedmannii	SRR5949252	1.1289101735889324
Bacillus_wiedmannii	SRR5949253	86.37123583467375
Bacillus_wiedmannii	SRR5949254	1.0954686259092155
Bacillus_wiedmannii	SRR5949255	0.8130642351290918
Bacillus_wiedmannii	SRR5949256	4.767289137324985
Bacillus_wiedmannii	SRR5949257	1.1023384087160255
Bacillus_wiedmannii	SRR5949258	1.1942604969037718
Bacillus_wiedmannii	SRR5949259	1.2733911137367675
Bacillus_wiedmannii	SRR5949260	1.1296635024053707
Bacillus_wiedmannii	SRR5949261	1.1350838541460968
Bacillus_wiedmannii	SRR5949262	1.1909254154873892
Bacillus_wiedmannii	SRR5949263	1.0450887383795906
Bacillus_wiedmannii	SRR5949264	0.5697089669868277
Bacillus_wiedmannii	SRR5949265	1.0312558723858891
Bacillus_wiedmannii	SRR5949266	1.1207963073561997
Bacillus_wiedmannii	SRR5949267	1.1434233886621645
Bacillus_wiedmannii	SRR5949268	1.1891928538367595
Bacillus_wiedmannii	SRR5949269	1.1682468312643584
Bacillus_wiedmannii	SRR5949270	1.2213228655817676
Bacillus_wiedmannii	SRR5949271	1.1447631576124266
Bacillus_wiedmannii	SRR5949272	1.1979167261945807
Bacillus_wiedmannii	SRR5949273	1.0614727732544211
Bacillus_wiedmannii	SRR5949274	0.6279841924999686
Bacillus_wiedmannii	SRR5949275	1.2148191151965018
Bacillus_wiedmannii	SRR5949276	1.0595254484542695
Bacillus_wiedmannii	SRR5949277	3.0082651042140105
Bacillus_wiedmannii	SRR5949278	5.3966676666968745
Bacillus_wiedmannii	SRR5949279	1.1454665084023603
Bacillus_wiedmannii	SRR5949280	3.5296600800078517
Bacillus_wiedmannii	SRR5949281	0.48862675764341423
Bacillus_wiedmannii	SRR5949282	1.2474389553354135
Bacillus_wiedmannii	SRR5949283	1.1229826508923986
Bacillus_wiedmannii	SRR5949284	1.1905605597315967
Bacillus_wiedmannii	SRR5949285	1.0208593621461415
Bacillus_wiedmannii	SRR5949286	5.345724768577805
Bacillus_wiedmannii	SRR5949287	1.3474441088246403
Bacillus_wiedmannii	SRR5949288	1.0556874582192344
Bacillus_wiedmannii	SRR5949289	1.2693390223176206
Bacillus_wiedmannii	SRR5949290	1.2903501975558263
Bacillus_wiedmannii	SRR5949291	1.0770865408875483
Bacillus_wiedmannii	SRR5949292	1.1310608836624043
Bacillus_wiedmannii	SRR5949293	1.2724675796658294
Bacillus_wiedmannii	SRR5949294	2.1383839396133912
Bacillus_wiedmannii	SRR5949295	0.3282875333940809
Bacillus_wiedmannii	SRR5949296	0.6782272381967088
Bacillus_wiedmannii	SRR5949297	1.2264188186985252
Bacillus_wiedmannii	SRR5949298	2.4185414280466806
Bacillus_wiedmannii	SRR5949299	3.8979879432893023
Bacillus_wiedmannii	SRR5949300	1.7795323459107113
Bacillus_wiedmannii	SRR5949301	1.2801764189027725
Bacillus_wiedmannii	SRR5949302	1.1296344475066464
Bacillus_wiedmannii	SRR5949303	1.0950983643036607
Bacillus_wiedmannii	SRR5949304	1.0237122757948858
Bacillus_wiedmannii	SRR5949305	1.2876901029621115
Bacillus_wiedmannii	SRR5949306	0.45968545004602246
Bacillus_wiedmannii	SRR5949307	15.95035330792783
Bacillus_wiedmannii	SRR5949308	1.0179692656054138
Bacillus_wiedmannii	SRR5949309	1.2837899161403876
Bacillus_wiedmannii	SRR5949310	1.1441994249926546
Bacillus_wiedmannii	SRR5949311	4.593565248674839
Bacillus_wiedmannii	SRR5949312	0.7953430466390266
Bacillus_wiedmannii	SRR5949313	1.1740700653077196
Bacillus_wiedmannii	SRR5949314	1.1346966921419992
Bacillus_wiedmannii	SRR5949315	1.1906775496074697
Bacillus_wiedmannii	SRR5949316	0.6446994752574272
Bacillus_wiedmannii	SRR5949317	0.5139351581952426
Bacillus_wiedmannii	SRR5949318	1.2342653828755399
Bacillus_wiedmannii	SRR5949319	1.2828426109497222
Bacillus_wiedmannii	SRR5949320	1.2687614776210279
Bacillus_wiedmannii	SRR5949321	1.0093505378917855
Bacillus_wiedmannii	SRR5949322	0.7083416820244481
Bacillus_wiedmannii	SRR5949323	1.215870017880282
Bacillus_wiedmannii	SRR5949324	1.3240933322740474
Bacillus_wiedmannii	SRR5949325	1.0770441038038772
Bacillus_wiedmannii	SRR5949326	1.033698472549055
Bacillus_wiedmannii	SRR5949327	2.024918699478075
Bacillus_wiedmannii	SRR5949328	0.47209146922044065
Bacillus_wiedmannii	SRR5949329	0.9755029754368707
Bacillus_wiedmannii	SRR5949330	1.1410488798362135
Bacillus_wiedmannii	SRR5949331	1.0136010921709304
Bacillus_wiedmannii	SRR5949332	1.1517412310015986
Bacillus_wiedmannii	SRR5949333	0.6395783948397353
Bacillus_wiedmannii	SRR5949334	1.1020396562740746
Bacillus_wiedmannii	SRR5949335	0.6679363141807321
Bacillus_wiedmannii	SRR5949336	1.2444177929371194
Bacillus_wiedmannii	SRR5949337	1.2397589711038643
Bacillus_wiedmannii	SRR5949338	1.3632074161673557
Bacillus_wiedmannii	SRR5949339	4.254148288234029
Bacillus_wiedmannii	SRR5949340	1.2717976928108965
Bacillus_wiedmannii	SRR5949341	2.144983049891755
Bacillus_wiedmannii	SRR5949342	3.2920381511719645
Bacillus_wiedmannii	SRR5949343	4.44736989958063
Bacillus_wiedmannii	SRR5949344	1.200270820600167
Bacillus_wiedmannii	SRR5949345	1.205782746024906
Bacillus_wiedmannii	SRR5949346	1.0951166246958384
Bacillus_wiedmannii	SRR5949347	0.7937572405154125
Bacillus_wiedmannii	SRR5949348	0.6650137957390602
Bacillus_wiedmannii	SRR5949349	1.2493669120573476
Bacillus_wiedmannii	SRR5949350	2.5536392771974388
Bacillus_wiedmannii	SRR5949351	1.1247248770708862
Bacillus_wiedmannii	SRR5949352	1.218220207885767
Bacillus_wiedmannii	SRR5949353	1.1928585465345922
Bacillus_wiedmannii	SRR5949354	1.1821036772172746
Bacillus_wiedmannii	SRR5949355	0.9215198781408765
Bacillus_wiedmannii	SRR5949356	1.0854605988052914
Bacillus_wiedmannii	SRR5949357	1.2266895238220403
Bacillus_wiedmannii	SRR5949358	5.843834468324337
Bacillus_wiedmannii	SRR5949359	6.777811627746251
Bacillus_wiedmannii	SRR5949360	0.9665196099892298
Bacillus_wiedmannii	SRR5949361	1.2271455383925587
Bacillus_wiedmannii	SRR5949362	1.2071047826711758
Bacillus_wiedmannii	SRR5949363	1.2202693193460008
Bacillus_wiedmannii	SRR5949364	1.0907762454466279
Bacillus_wiedmannii	SRR5949365	1.1368833473484656
Bacillus_wiedmannii	SRR5949366	1.0158394145490948
Bacillus_wiedmannii	SRR5949367	1.3632936897014178
Bacillus_wiedmannii	SRR5949368	1.1077606344033673
Bacillus_wiedmannii	SRR5949369	0.6842788916016532
Bacillus_wiedmannii	SRR5949370	1.2374665277296015
Bacillus_wiedmannii	SRR5949371	1.2180198238321545
Bacillus_wiedmannii	SRR5949372	1.215895712861616
Bacillus_wiedmannii	SRR5949373	1.2139234691804301
Bacillus_wiedmannii	SRR5949374	1.09959924156617
Bacillus_wiedmannii	SRR5949375	1.1226489649249738
Bacillus_wiedmannii	SRR5949376	1.2987680889557414
Bacillus_wiedmannii	SRR5949377	0.9211988146710018
Bacillus_wiedmannii	SRR5949378	1.3345735792666624
Bacillus_wiedmannii	SRR5949379	1.1552358978534112
Bacillus_wiedmannii	SRR5949380	1.0539615546587229
Bacillus_wiedmannii	SRR5949381	1.2399931219721845
Bacillus_wiedmannii	SRR5949382	0.5866194055735177
Bacillus_wiedmannii	SRR5949383	1.2315484571030648
Bacillus_wiedmannii	SRR5949384	1.1350838541460968
Bacillus_wiedmannii	SRR5949385	2.3851831000535824
Bacillus_wiedmannii	SRR5949386	1.3179295366425143
Bacillus_wiedmannii	SRR5949387	7.918203002851734
Bacillus_wiedmannii	SRR5949388	1.164458293796998
Bacillus_wiedmannii	SRR5949389	1.3438742739783325
Bacillus_wiedmannii	SRR5949390	1.1891928538367595
Bacillus_wiedmannii	SRR5949391	2.1422905504978846
Bacillus_wiedmannii	SRR5949392	1.2538263362814606
Bacillus_wiedmannii	SRR5949393	1.2161743574055415
Bacillus_wiedmannii	SRR5949394	1.281180449304323
Bacillus_wiedmannii	SRR5949395	1.1207963073561997
Bacillus_wiedmannii	SRR5949396	1.2205584277726473
Bacillus_wiedmannii	SRR5949397	1.0698006569364074
Bacillus_wiedmannii	SRR5949398	1.0354283818205186
Bacillus_wiedmannii	SRR5949399	1.2377179073090114
Bacillus_wiedmannii	SRR5949400	1.184566960674476
Bacillus_wiedmannii	SRR5949401	1.3191638148200748
Bacillus_wiedmannii	SRR5949402	1.1723518392637555
Bacillus_wiedmannii	SRR5949403	1.2778654323238352
Bacillus_wiedmannii	SRR5949404	1.0438342737020077
Bacillus_wiedmannii	SRR5949405	1.6018997544155873
Bacillus_wiedmannii	SRR5949406	0.4393098455475047
Bacillus_wiedmannii	SRR5949407	1.1744154154275148
Bacillus_wiedmannii	SRR5949408	1.151428218576737
Bacillus_wiedmannii	SRR5949409	1.205506099338157
Bacillus_wiedmannii	SRR5949410	1.2249146751884796
Bacillus_wiedmannii	SRR5949411	1.1524965185767408
Bacillus_wiedmannii	SRR5949412	1.1303030996666048
Bacillus_wiedmannii	SRR5949413	1.1371640866985857
Bacillus_wiedmannii	SRR5949414	1.2658334809827385
Bacillus_wiedmannii	SRR5949415	0.6196621157508808
Bacillus_wiedmannii	SRR5949416	1.0527288346126829
Bacillus_wiedmannii	SRR5949417	1.2282178431744835
Bacillus_wiedmannii	SRR5949418	2.4779049114670686
Bacillus_wiedmannii	SRR5949419	1.232483544245922
Bacillus_wiedmannii	SRR5949420	1.1743583476328139
Bacillus_wiedmannii	SRR5949421	1.022973890358906
Bacillus_wiedmannii	SRR5949422	5.331557767572455
Bacillus_wiedmannii	SRR5949423	1.2206289557371512
Bacillus_wiedmannii	SRR5949424	1.3345735792666624
Bacillus_wiedmannii	SRR5949425	1.0915907981806017
Bacillus_wiedmannii	SRR5949426	1.0539615546587229
Bacillus_wiedmannii	SRR5949427	1.2440699046298256
Bacillus_wiedmannii	SRR5949428	1.0981684245058705
Bacillus_wiedmannii	SRR5949429	1.3191638148200748
Bacillus_wiedmannii	SRR5949430	2.6984804227929478
Bacillus_wiedmannii	SRR5949431	1.157848451145154
Bacillus_wiedmannii	SRR5949432	0.8608086659517115
Bacillus_wiedmannii	SRR5949433	1.1832390099659147
Bacillus_wiedmannii	SRR5949434	1.2163228179574108
Bacillus_wiedmannii	SRR5949435	1.181066811097447
Bacillus_wiedmannii	SRR5949436	1.137341727233602
Bacillus_wiedmannii	SRR5949437	1.181066811097447
Bacillus_wiedmannii	SRR5949438	1.2499561659673655
Bacillus_wiedmannii	SRR5949439	1.134733063376702
Bacillus_wiedmannii	SRR5949440	1.155343713522824
Bacillus_wiedmannii	SRR5949441	1.0993686301562529
Bacillus_wiedmannii	SRR5949442	1.1615296147861147
Bacillus_wiedmannii	SRR5949443	2.154965158177189
Bacillus_wiedmannii	SRR5949444	1.1336931648527475
Bacillus_wiedmannii	SRR5949445	1.3590505731409162
Bacillus_wiedmannii	SRR5949446	1.039266703616908
Bacillus_wiedmannii	SRR5949447	1.2004263159211843
Bacillus_wiedmannii	SRR5949448	0.9813923461084344
Bacillus_wiedmannii	SRR5949449	1.34653965578047
Bacillus_wiedmannii	SRR5949450	1.1495313287816153
Bacillus_wiedmannii	SRR5949451	1.1905605597315967
Bacillus_wiedmannii	SRR5949452	1.216738750150943
Bacillus_wiedmannii	SRR5949453	1.1837405002455228
Bacillus_wiedmannii	SRR5949454	1.061113035954478
Bacillus_wiedmannii	SRR5949455	0.9322712213544365
Bacillus_wiedmannii	SRR5949456	1.1166071060426683
Bacillus_wiedmannii	SRR5949457	1.2066972395572388
Bacillus_wiedmannii	SRR5949458	1.2161072419806236
Bacillus_wiedmannii	SRR5949459	0.4902589073051235
Bacillus_wiedmannii	SRR5949460	1.2433615484434175
Bacillus_wiedmannii	SRR5949461	1.0176582469611204
Bacillus_wiedmannii	SRR5949462	1.1905605597315967
Bacillus_wiedmannii	SRR5949463	1.7907930505632026
Bacillus_wiedmannii	SRR5949464	1.2446778712044848
Bacillus_wiedmannii	SRR5949465	0.8891892668379686
Bacillus_wiedmannii	SRR5949466	1.107059214975844
Bacillus_wiedmannii	SRR5949467	1.154112225714586
Bacillus_wiedmannii	SRR5949468	1.1799076301349358
Bacillus_wiedmannii	SRR5949469	1.0883769272287247
Bacillus_wiedmannii	SRR5949470	1.165534759873095
Bacillus_wiedmannii	SRR5949471	1.0087657487877917
Bacillus_wiedmannii	SRR5949472	0.5854988879394875
Bacillus_wiedmannii	SRR5949473	0.33089864877551844
Bacillus_wiedmannii	SRR5949474	1.1311718575502476
Bacillus_wiedmannii	SRR5949475	1.2854970848210212
Bacillus_wiedmannii	SRR5949476	1.1410747004676327
Bacillus_wiedmannii	SRR5949477	1.0429401653132702
Bacillus_wiedmannii	SRR5949478	1.0843500122196275
Bacillus_wiedmannii	SRR5949479	1.1958102688299388
Bacillus_wiedmannii	SRR5949480	0.608929106325566
Bacillus_wiedmannii	SRR5949481	0.3857133863163203
Bacillus_wiedmannii	SRR5949482	0.6321168165590622
Bacillus_wiedmannii	SRR5949483	1.0613416680806673
Bacillus_wiedmannii	SRR5949484	1.0369758040299537
Bacillus_wiedmannii	SRR5949485	1.1826104880943706
Bacillus_wiedmannii	SRR5949486	6.93850988202805
Bacillus_wiedmannii	SRR5949487	0.7876275414278132
Bacillus_wiedmannii	SRR5949488	2.246757341698791
Bacillus_wiedmannii	SRR5949489	0.8305790443256049
Bacillus_wiedmannii	SRR5949490	1.1740700653077196
Bacillus_wiedmannii	SRR5949491	1.158132724583324
Bacillus_wiedmannii	SRR5949492	1.1750753866410875
Bacillus_wiedmannii	SRR5949493	0.6328096959690895
Bacillus_wiedmannii	SRR5949494	1.2609807746640385
Bacillus_wiedmannii	SRR5949495	1.0895059070495525
Bacillus_wiedmannii	SRR5949496	1.0173283582844015
Bacillus_wiedmannii	SRR5949497	1.0375381377278627
Bacillus_wiedmannii	SRR5949498	1.067719455244021
Bacillus_wiedmannii	SRR5949499	0.7512418792972269
Bacillus_wiedmannii	SRR5949500	1.1336931648527475
Bacillus_wiedmannii	SRR5949501	0.3228726694457445
Bacillus_wiedmannii	SRR5949502	1.1882939174466038
Bacillus_wiedmannii	SRR5949503	1.0211016371895312
Bacillus_wiedmannii	SRR5949504	1.1324839754472176
Bacillus_wiedmannii	SRR5949505	1.1317966697980544
Bacillus_wiedmannii	SRR5949506	1.2271455383925587
Bacillus_wiedmannii	SRR5949507	1.2447154747821256
Bacillus_wiedmannii	SRR5949508	1.1126861636097949
Bacillus_wiedmannii	SRR5949509	0.6141710060503618
Bacillus_wiedmannii	SRR5949510	1.4461091020869776
Bacillus_wiedmannii	SRR5949511	1.217439166492112
Bacillus_wiedmannii	SRR5949512	0.7710315492595752
Bacillus_wiedmannii	SRR5949513	1.3648618084282327
Bacillus_wiedmannii	SRR5949514	1.2267490534327756
Bacillus_wiedmannii	SRR5949515	1.1187033574035814
Bacillus_wiedmannii	SRR5949516	0.9984824440866877
Bacillus_wiedmannii	SRR5949517	1.0712772936759596
Bacillus_wiedmannii	SRR5949518	3.898342002156337
Bacillus_wiedmannii	SRR5949519	1.0687004100151813
Bacillus_wiedmannii	SRR5949520	1.1642077619958675
Bacillus_wiedmannii	SRR5949521	3.186846244151988
Bacillus_wiedmannii	SRR5949522	1.3628742248234382
Bacillus_wiedmannii	SRR5949523	1.0906168075865423
Bacillus_wiedmannii	SRR5949524	1.1016570863714494
Bacillus_wiedmannii	SRR5949525	1.1451411236395745
Bacillus_wiedmannii	SRR5949526	1.2375095693697515
Bacillus_wiedmannii	SRR5949527	3.4254500921511735
Bacillus_wiedmannii	SRR5949528	1.2890335226781604
Bacillus_wiedmannii	SRR5949529	1.71714473641864
Bacillus_wiedmannii	SRR5949530	1.3564544763934177
Bacillus_wiedmannii	SRR5949531	1.0531554799930984
Bacillus_wiedmannii	SRR5949532	1.1598674597689607
Bacillus_wiedmannii	SRR5949533	1.3285645915048494
Bacillus_wiedmannii	SRR5949534	1.2163228179574108
Bacillus_wiedmannii	SRR5949535	1.2356335989742235
Bacillus_wiedmannii	SRR5949536	1.04267711098447
Bacillus_wiedmannii	SRR5949537	0.8500643873051752
Bacillus_wiedmannii	SRR5949538	1.3099462731867664
Bacillus_wiedmannii	SRR5949539	1.1013595333227293
Bacillus_wiedmannii	SRR5949540	0.43585427369626695
Bacillus_wiedmannii	SRR5949541	1.2005256325694054
Bacillus_wiedmannii	SRR5949542	1.1439697727379499
Bacillus_wiedmannii	SRR5949543	0.40433257272922163
Bacillus_wiedmannii	SRR5949544	1.128400418067213
Bacillus_wiedmannii	SRR5949545	1.1107007666033772
Bacillus_wiedmannii	SRR5949546	0.6017339991948346
Bacillus_wiedmannii	SRR5949547	1.359557935336347
Bacillus_wiedmannii	SRR5949548	1.0993686301562529
Bacillus_wiedmannii	SRR5949549	3.148179451457724
Bacillus_wiedmannii	SRR5949550	1.2038588566926758
Bacillus_wiedmannii	SRR5949551	1.0270242274508532
Bacillus_wiedmannii	SRR5949552	1.155343713522824
Bacillus_wiedmannii	SRR5949553	1.2565024956917021
Bacillus_wiedmannii	SRR5949554	1.2919491547029816
Bacillus_wiedmannii	SRR5949555	1.0807139623389033
Bacillus_wiedmannii	SRR5949556	0.34080521242499406
Bacillus_wiedmannii	SRR5949557	1.0417087318921974
Bacillus_wiedmannii	SRR5949558	2.1772694144652838
Bacillus_wiedmannii	SRR5949559	0.55326707042402
Bacillus_wiedmannii	SRR5949560	0.49061625155889055
Bacillus_wiedmannii	SRR5949561	0.6428831486098251
Bacillus_wiedmannii	SRR5949562	1.1234839983598477
Bacillus_wiedmannii	SRR5949563	1.166778323957914
Bacillus_wiedmannii	SRR5949564	0.6942902042022856
Bacillus_wiedmannii	SRR5949565	1.0417087318921974
Bacillus_wiedmannii	SRR5949566	1.090568022510635
Bacillus_wiedmannii	SRR5949567	0.7038580119368576
Bacillus_wiedmannii	SRR5949568	0.8717253073909059
Bacillus_wiedmannii	SRR5949569	1.137201967313905
Bacillus_wiedmannii	SRR5949570	1.1950932079515397
Bacillus_wiedmannii	SRR5949571	1.2676718562975933
Bacillus_wiedmannii	SRR5949572	1.1936616701239362
Bacillus_wiedmannii	SRR5949573	1.206076382065745
Bacillus_wiedmannii	SRR5949574	5.916602317345513
Bacillus_wiedmannii	SRR5949575	1.0800124847776946
Bacillus_wiedmannii	SRR5949576	1.105569770871789
Bacillus_wiedmannii	SRR5949577	1.27197200110313
Bacillus_wiedmannii	SRR5949578	0.68207743734507
Bacillus_wiedmannii	SRR5949579	0.8032299908985929
Bacillus_wiedmannii	SRR5949580	1.2495002640455093
Bacillus_wiedmannii	SRR5949581	1.013858510475241
Bacillus_wiedmannii	SRR5949582	1.1878689580875645
Bacillus_wiedmannii	SRR5949583	1.0524809785548845
Bacillus_wiedmannii	SRR5949584	0.45873128050294376
Bacillus_wiedmannii	SRR5949585	1.1211425413517486
Bacillus_wiedmannii	SRR5949586	1.111678344416074
Bacillus_wiedmannii	SRR5949587	0.6114025582706824
Bacillus_wiedmannii	SRR5949588	0.6021027554586272
Bacillus_wiedmannii	SRR5949589	1.3286860621482448
Bacillus_wiedmannii	SRR5949590	1.1051689152661845
Bacillus_wiedmannii	SRR5949591	1.2366721543910948
Bacillus_wiedmannii	SRR5949592	1.1336931648527475
Bacillus_wiedmannii	SRR5949593	1.2085538390793353
Bacillus_wiedmannii	SRR5949594	1.2029451102589137
Bacillus_wiedmannii	SRR5949595	0.4359575023046077
Bacillus_wiedmannii	SRR5949596	1.2106216012880588
Bacillus_wiedmannii	SRR5949597	1.0237122757948858
Bacillus_wiedmannii	SRR5949598	0.8840935432974107
Bacillus_wiedmannii	SRR5949599	1.2367682681016057
Bacillus_wiedmannii	SRR5949600	0.7709027372928641
Bacillus_wiedmannii	SRR5949601	1.0238768131328277
Bacillus_wiedmannii	SRR5949602	1.0715260236714164
Bacillus_wiedmannii	SRR5949603	4.530834777454166
Bacillus_wiedmannii	SRR5949604	1.2919491547029816
Bacillus_wiedmannii	SRR5949605	1.0437156748603127
Bacillus_wiedmannii	SRR5949606	2.240067532244953
Bacillus_wiedmannii	SRR5949607	1.1366031450750786
Bacillus_wiedmannii	SRR5949608	1.157848451145154
Bacillus_wiedmannii	SRR5950246	3.4828771930423454
Bacillus_wiedmannii	SRR5950247	0.8696091019226845
Bacillus_wiedmannii	SRR5950248	4.536987569437087
Bacillus_wiedmannii	SRR5950249	1.2440553715549034
Bacillus_wiedmannii	SRR5950250	1.328486138811557
Bacillus_wiedmannii	SRR5950251	1.0459891478132652
Bacillus_wiedmannii	SRR5950252	1.332538284094607
Bacillus_wiedmannii	SRR5950253	0.5684416736742328
Bacillus_wiedmannii	SRR5950254	0.13035279742555037
Bacillus_wiedmannii	SRR5950255	1.2882433644676075
Bacillus_wiedmannii	SRR5950256	1.148993078781124
Bacillus_wiedmannii	SRR5950257	1.0369629465493853
Bacillus_wiedmannii	SRR5950258	1.1917063746146712
Bacillus_wiedmannii	SRR5950259	3.7025819114581653
Bacillus_wiedmannii	SRR5950260	1.1119435621820215
Bacillus_wiedmannii	SRR5950261	1.2042055109172545
Bacillus_wiedmannii	SRR5950262	1.0950983643036607
Bacillus_wiedmannii	SRR5950263	0.8305790443256049
Bacillus_wiedmannii	SRR5950264	1.1725985576827191
Bacillus_wiedmannii	SRR5950265	0.6540985511204012
Bacillus_wiedmannii	SRR5950266	1.2303925228169172
Bacillus_wiedmannii	SRR5950267	1.1554650145925622
Bacillus_wiedmannii	SRR5950268	1.0392918850307107
Bacillus_wiedmannii	SRR5950269	1.0165176257272155
Bacillus_wiedmannii	SRR5950270	0.9892537173618162
Bacillus_wiedmannii	SRR5950271	1.3413229230288701
Bacillus_wiedmannii	SRR5950272	1.3089784563337146
Bacillus_wiedmannii	SRR5950273	1.1454665084023603
Bacillus_wiedmannii	SRR5950274	0.8533918351844139
Bacillus_wiedmannii	SRR5950275	1.1624571321577455
Bacillus_wiedmannii	SRR5950276	1.0395171023806127
Bacillus_wiedmannii	SRR5950277	1.010166984066448
Bacillus_wiedmannii	SRR5950278	1.022973890358906
Bacillus_wiedmannii	SRR5950279	0.6370857162162784
Bacillus_wiedmannii	SRR5950280	1.8697502939564878
Bacillus_wiedmannii	SRR5950281	0.8530210728846068
Bacillus_wiedmannii	SRR5950282	1.0225129867920197
Bacillus_wiedmannii	SRR5950283	1.1023080583259934
Bacillus_wiedmannii	SRR5950284	1.1346966921419992
Bacillus_wiedmannii	SRR5950285	0.7183217193923962
Bacillus_wiedmannii	SRR5950286	1.4960061180248219
Bacillus_wiedmannii	SRR5950287	1.019361472807336
Bacillus_wiedmannii	SRR5950288	1.0705915278137272
Bacillus_wiedmannii	SRR5950289	0.6323472799964978
Bacillus_wiedmannii	SRR5950290	1.2013885455411597
Bacillus_wiedmannii	SRR5950291	0.9572707639809533
Bacillus_wiedmannii	SRR5950292	1.1832990098591325
Bacillus_wiedmannii	SRR5950293	1.058009382003256
Bacillus_wiedmannii	SRR5950294	1.0247831952679598
Bacillus_wiedmannii	SRR5950295	1.0116876324173478
Bacillus_wiedmannii	SRR5950296	2.181610626013239
Bacillus_wiedmannii	SRR5950297	1.0300315733363616
Bacillus_wiedmannii	SRR5950298	0.7079363831778399
Bacillus_wiedmannii	SRR5950299	2.1465883566144277
Bacillus_wiedmannii	SRR5950300	0.9711005251391627
Bacillus_wiedmannii	SRR5950301	0.6599840280344584
Bacillus_wiedmannii	SRR5950302	1.0737696431162256
Bacillus_wiedmannii	SRR5950303	1.6655626783861919
Bacillus_wiedmannii	SRR5950304	0.6200270607799333
Bacillus_wiedmannii	SRR5950305	0.5917450642717017
Bacillus_wiedmannii	SRR5950306	2.2909330168047206
Bacillus_wiedmannii	SRR5950307	0.5964674022057807
Bacillus_wiedmannii	SRR5950308	2.9538769638657816
Bacillus_wiedmannii	SRR5950309	1.0417860786513093
Bacillus_wiedmannii	SRR5950310	2.2954092226639244
Bacillus_wiedmannii	SRR5950311	0.4800665664523604
Bacillus_wiedmannii	SRR5950312	1.2486570356175106
Bacillus_wiedmannii	SRR5950313	0.76043823778972
Bacillus_wiedmannii	SRR5950314	1.1460323041592848
Bacillus_wiedmannii	SRR5950315	27.70351216445483
Bacillus_wiedmannii	SRR5950316	1.2635118489747474
Bacillus_wiedmannii	SRR5950317	1.0607344643039125
Bacillus_wiedmannii	SRR5950318	2.9902373316169952
Bacillus_wiedmannii	SRR5950319	1.1008553743051186
Bacillus_wiedmannii	SRR5950320	1.1020396562740746
Bacillus_wiedmannii	SRR5950321	1.0554689081528505
Bacillus_wiedmannii	SRR5950322	0.68094116568124885
Bacillus_wiedmannii	SRR5950323	0.8298868878822747
Bacillus_wiedmannii	SRR5950324	1.0690259297743245
Bacillus_wiedmannii	SRR5950325	1.3027469538237664
Bacillus_wiedmannii	SRR5950326	1.0269748753817958
Bacillus_wiedmannii	SRR5950327	1.1234839983598477
Bacillus_wiedmannii	SRR5950328	1.1156253790724286
Bacillus_wiedmannii	SRR5950329	0.5411583054333909
Bacillus_wiedmannii	SRR5950330	3.347518846219973
Bacillus_wiedmannii	SRR5950331	1.1360865901817379
Bacillus_wiedmannii	SRR5950332	1.1441391071297062
Bacillus_wiedmannii	SRR5950333	1.0450887383795906
Bacillus_wiedmannii	SRR5950334	0.6472082461341139
Bacillus_wiedmannii	SRR5950335	1.001849336329634
Bacillus_wiedmannii	SRR5950336	1.069894053378379
Bacillus_wiedmannii	SRR5950337	1.0949212521904848
Bacillus_wiedmannii	SRR5950338	1.1154579873036738
Bacillus_wiedmannii	SRR5950339	1.3243301233120008
Bacillus_wiedmannii	SRR5950340	1.1289022182802304
Bacillus_wiedmannii	SRR5950341	1.215870017880282
Bacillus_wiedmannii	SRR5950342	1.155958281245722
Bacillus_wiedmannii	SRR5950343	1.114375265023044
Bacillus_wiedmannii	SRR5950344	1.2881209802887645
Bacillus_wiedmannii	SRR5950345	0.6078047578414831
Bacillus_wiedmannii	SRR5950346	1.0065059293405187
Bacillus_wiedmannii	SRR5950347	4.5594173303550365
Bacillus_wiedmannii	SRR5950348	3.110008131358502
Bacillus_wiedmannii	SRR5950349	0.584534158771216
Bacillus_wiedmannii	SRR5950350	1.799557411738484
Bacillus_wiedmannii	SRR5950351	2.1151289236538098
Bacillus_wiedmannii	SRR5950352	1.0466729610654832
Bacillus_wiedmannii	SRR5950353	0.6124632563273043
Bacillus_wiedmannii	SRR5950354	1.1095767168947774
Bacillus_wiedmannii	SRR5950355	1.2161743574055415
Bacillus_wiedmannii	SRR5950356	1.0724915249458775
Bacillus_wiedmannii	SRR5950357	0.7432114144728943
Bacillus_wiedmannii	SRR5950358	1.1051689152661845
Bacillus_wiedmannii	SRR5950359	0.7725542052459782
Bacillus_wiedmannii	SRR5950360	1.0324740632883367
Bacillus_wiedmannii	SRR5950361	1.1157798239032726
Bacillus_wiedmannii	SRR5950362	0.6942341083984062
Bacillus_wiedmannii	SRR5950363	0.6814193953089831
Bacillus_wiedmannii	SRR5950364	1.0423070118890227
Bacillus_wiedmannii	SRR5950365	2.614424958157491
Bacillus_wiedmannii	SRR5950366	1.0708287164514116
Bacillus_wiedmannii	SRR5950367	1.2227189780934127
Bacillus_wiedmannii	SRR5950368	1.0596430264498182
Bacillus_wiedmannii	SRR5950369	0.6998627401949741
Bacillus_wiedmannii	SRR5950370	0.46000554255852016
Bacillus_wiedmannii	SRR5950371	1.1430012753598477
Bacillus_wiedmannii	SRR5950372	2.008718879269559
Bacillus_wiedmannii	SRR5950373	1.2645360629877291
Bacillus_wiedmannii	SRR5950374	1.0285054100837399
Bacillus_wiedmannii	SRR5950375	6.626182826315081
Bacillus_wiedmannii	SRR5950376	1.2501098860840925
Bacillus_wiedmannii	SRR5950377	1.1434233886621645
Bacillus_wiedmannii	SRR5950378	0.9046692587007091
Bacillus_wiedmannii	SRR5950379	0.8490173597373407
Bacillus_wiedmannii	SRR5950380	2.472684826156417
Bacillus_wiedmannii	SRR5950381	8.932971947746548
Bacillus_wiedmannii	SRR5950382	0.5841300083367437
Bacillus_wiedmannii	SRR5950383	1.3777931521858182
Bacillus_wiedmannii	SRR5950384	1.0335321922936056
Bacillus_wiedmannii	SRR5950385	1.2104012049758404
Bacillus_wiedmannii	SRR5950386	1.135246261812664
Bacillus_wiedmannii	SRR5950387	1.1565460816796715
Bacillus_wiedmannii	SRR5950388	1.2053974090880961
Bacillus_wiedmannii	SRR5950389	0.6904497879770103
Bacillus_wiedmannii	SRR5950390	0.3492370001921742
Bacillus_wiedmannii	SRR5950391	1.1491107987979958
Bacillus_wiedmannii	SRR5950392	7.224157906769206
Bacillus_wiedmannii	SRR5950393	0.7764226752970365
Bacillus_wiedmannii	SRR5950394	0.4706213440010468
Bacillus_wiedmannii	SRR5950395	1.0230754532986746
Bacillus_wiedmannii	SRR5950396	1.0597829908734564
Bacillus_wiedmannii	SRR5950397	1.0485280380367323
Bacillus_wiedmannii	SRR5950398	1.057056050916601
Bacillus_wiedmannii	SRR5950399	1.1431131315026333
Bacillus_wiedmannii	SRR5950400	1.0807755057701498
Bacillus_wiedmannii	SRR5950401	1.0419241836108888
Bacillus_wiedmannii	SRR5950402	1.3576181684644153
Bacillus_wiedmannii	SRR5950403	0.7349943571048915
Bacillus_wiedmannii	SRR5950404	1.0743127488655082
Bacillus_wiedmannii	SRR5950405	0.45554867685630884
Bacillus_wiedmannii	SRR5950406	3.5589350392841856
Bacillus_wiedmannii	SRR5950407	0.6403112959561562
Bacillus_wiedmannii	SRR5950408	2.5566712601932324
Bacillus_wiedmannii	SRR5950409	0.778374760127857
Bacillus_wiedmannii	SRR5950410	1.17911412078931
Bacillus_wiedmannii	SRR5950411	1.2561181074698347
Bacillus_wiedmannii	SRR5950412	1.089507755113009
Bacillus_wiedmannii	SRR5950413	0.7246978902319452
Bacillus_wiedmannii	SRR5950414	2.8916000325856728
Bacillus_wiedmannii	SRR5950415	1.1591166067979481
Bacillus_wiedmannii	SRR5950416	1.1909254154873892
Bacillus_wiedmannii	SRR5950417	0.6620891971390447
Bacillus_wiedmannii	SRR5950418	1.1579772882588515
Bacillus_wiedmannii	SRR5950419	1.1750753866410875
Bacillus_wiedmannii	SRR5950420	0.49123613976257924
Bacillus_wiedmannii	SRR5950421	1.0263683678776567
Bacillus_wiedmannii	SRR5950422	18.87040830983083
Bacillus_wiedmannii	SRR5950423	0.5117146842838837
Bacillus_wiedmannii	SRR5950424	1.1807694179369137
Bacillus_wiedmannii	SRR5950425	1.0968665957577715
Bacillus_wiedmannii	SRR5950426	0.5931059089985419
Bacillus_wiedmannii	SRR5950427	1.2027437090132078
Bacillus_wiedmannii	SRR5950428	1.134326541386117
Bacillus_wiedmannii	SRR5950429	2.0901243100881226
Bacillus_wiedmannii	SRR5950430	1.0293139060877181
Bacillus_wiedmannii	SRR5950431	0.8731218625393911
Bacillus_wiedmannii	SRR5950432	1.1943681924205094
Bacillus_wiedmannii	SRR5950433	1.1279266372934247
Bacillus_wiedmannii	SRR5950434	1.1356518611680246
Bacillus_wiedmannii	SRR5950435	1.0535171201897175
Bacillus_wiedmannii	SRR5950436	1.2045163379879462
Bacillus_wiedmannii	SRR5950437	1.0914773460150824
Bacillus_wiedmannii	SRR5950438	1.1767191136789161
Bacillus_wiedmannii	SRR5950439	0.4494452809164328
Bacillus_wiedmannii	SRR5950440	6.023787537427403
Bacillus_wiedmannii	SRR5950441	1.0469538129823934
Bacillus_wiedmannii	SRR5950442	0.6929862901711911
Bacillus_wiedmannii	SRR5950443	0.6756908305205367
Bacillus_wiedmannii	SRR5950444	1.1127185628459835
Bacillus_wiedmannii	SRR5950445	1.0417087318921974
Bacillus_wiedmannii	SRR5950446	1.0285054100837399
Bacillus_wiedmannii	SRR5950447	1.148714953695668
Bacillus_wiedmannii	SRR5950448	0.7898236713259844
Bacillus_wiedmannii	SRR5950449	1.0057474067599135
Bacillus_wiedmannii	SRR5950450	1.0720152436457293
Bacillus_wiedmannii	SRR5950451	1.329893515788851
Bacillus_wiedmannii	SRR5950452	1.2996734255143718
Bacillus_wiedmannii	SRR5950453	1.1223842862062732
Bacillus_wiedmannii	SRR5950454	2.010755837458649
Bacillus_wiedmannii	SRR5950455	0.406780341824539
Bacillus_wiedmannii	SRR5950456	1.1668644555725354
Bacillus_wiedmannii	SRR5950457	0.9401464743506868
Bacillus_wiedmannii	SRR5950458	0.5020375452905418
Bacillus_wiedmannii	SRR5950459	1.1449664140631362
Bacillus_wiedmannii	SRR5950460	1.0087435388127577
Bacillus_wiedmannii	SRR5950461	1.4530952051212367
Bacillus_wiedmannii	SRR5950462	1.1493581768800214
Bacillus_wiedmannii	SRR5950463	0.7489146422809557
Bacillus_wiedmannii	SRR5950464	0.7402236756199188
Bacillus_wiedmannii	SRR5950465	3.0945569416971197
Bacillus_wiedmannii	SRR5950466	1.0478426574288995
Bacillus_wiedmannii	SRR5950467	0.5893852860079267
Bacillus_wiedmannii	SRR5950468	1.0994759217634296
Bacillus_wiedmannii	SRR5950469	1.1451411236395745
Bacillus_wiedmannii	SRR5950470	1.2128503257805487
Bacillus_wiedmannii	SRR5963912	1.336150659047432
Bacillus_wiedmannii	SRR5963913	1.208660802110287
Bacillus_wiedmannii	SRR5963914	1.3191638148200748
Bacillus_wiedmannii	SRR5963915	1.0836009228500392
Bacillus_wiedmannii	SRR5963916	1.258227370838775
Bacillus_wiedmannii	SRR5963917	1.1925915500267912
Bacillus_wiedmannii	SRR5963918	0.6772440998907492
Bacillus_wiedmannii	SRR5963919	1.1007394850354797
Bacillus_wiedmannii	SRR5963920	1.0495485095212258
Bacillus_wiedmannii	SRR5963921	3.071932759113845
Bacillus_wiedmannii	SRR5963922	1.0598979296439894
Bacillus_wiedmannii	SRR5963923	1.0755709129287068
Bacillus_wiedmannii	SRR5963924	1.2131328594734012
Bacillus_wiedmannii	SRR5963925	0.7168630944831527
Bacillus_wiedmannii	SRR5963926	0.5805180821734839
Bacillus_wiedmannii	SRR5963927	0.5858706558075185
Bacillus_wiedmannii	SRR5963928	1.1725219183256181
Bacillus_wiedmannii	SRR5963929	1.0607344643039125
Bacillus_wiedmannii	SRR5963930	1.1301657526466053
Bacillus_wiedmannii	SRR5963931	2.3240885663242663
Bacillus_wiedmannii	SRR5963932	1.2019384090069336
Bacillus_wiedmannii	SRR5963933	1.1524965185767408
Bacillus_wiedmannii	SRR5963934	0.8070856367443641
Bacillus_wiedmannii	SRR5963935	1.0901779608920006
Bacillus_wiedmannii	SRR5963936	0.7025167075145174
Bacillus_wiedmannii	SRR5963937	1.0169412758864895
Bacillus_wiedmannii	SRR5963938	1.17911412078931
Bacillus_wiedmannii	SRR5963939	1.2249146751884796
Bacillus_wiedmannii	SRR5963940	1.1531145474732438
Bacillus_wiedmannii	SRR5963941	1.3612319094799556
Bacillus_wiedmannii	SRR5963942	1.3071795906682395
Bacillus_wiedmannii	SRR5963943	1.0536830163095463
Bacillus_wiedmannii	SRR5963944	1.2949522849249593
Bacillus_wiedmannii	SRR5963945	0.4434638814899907
Bacillus_wiedmannii	SRR5963946	1.0954711451490824
Bacillus_wiedmannii	SRR5963947	1.8900174689455418
Bacillus_wiedmannii	SRR5963948	0.5610350438783129
Bacillus_wiedmannii	SRR6467548	NA
Bacillus_wiedmannii	SRR6467549	NA
Bacillus_wiedmannii	SRR6467550	NA
Bacillus_wiedmannii	SRR6467551	NA
Bacillus_wiedmannii	SRR6467552	NA
Bacillus_wiedmannii	SRR6467553	NA
Bacillus_wiedmannii	SRR6467554	NA
Bacillus_wiedmannii	SRR6467555	NA
Bacillus_wiedmannii	SRR6467556	NA
Bacillus_wiedmannii	SRR6467557	NA
Bacillus_wiedmannii	SRR6467558	NA
Bacillus_wiedmannii	SRR6467559	NA
Bacillus_wiedmannii	SRR6467560	NA
Bacillus_wiedmannii	SRR6467561	NA
Bacillus_wiedmannii	SRR6467562	NA
Bacillus_wiedmannii	SRR6467563	NA
Bacillus_wiedmannii	SRR6467564	NA
Bacillus_wiedmannii	SRR6467565	NA
Bacillus_wiedmannii	SRR6467566	NA
Bacillus_wiedmannii	SRR6467567	NA
Bacillus_wiedmannii	SRR6467568	NA
Bacillus_wiedmannii	SRR6467569	NA
Bacillus_wiedmannii	SRR6467570	NA
Bacillus_wiedmannii	SRR6467571	NA
Bacillus_wiedmannii	SRR6467572	NA
Bacillus_wiedmannii	SRR6467573	NA
Bacillus_wiedmannii	SRR6467574	NA
Bacillus_wiedmannii	SRR6467575	NA
Bacillus_wiedmannii	SRR6467576	NA
Bacillus_wiedmannii	SRR6467577	NA
Bacillus_wiedmannii	SRR6467578	NA
Bacillus_wiedmannii	SRR6467579	NA
Bacillus_wiedmannii	SRR6467580	NA
Bacillus_wiedmannii	SRR6467581	NA
Bacillus_wiedmannii	SRR6467582	NA
Bacillus_wiedmannii	SRR6467583	NA
Bacillus_wiedmannii	SRR6467584	NA
Bacillus_wiedmannii	SRR6467585	NA
Bacillus_wiedmannii	SRR6467586	NA
Bacillus_wiedmannii	SRR6467587	NA
Bacillus_wiedmannii	SRR6467588	NA
Bacillus_wiedmannii	SRR6467589	NA
Bacillus_wiedmannii	SRR6467590	NA
Bacillus_wiedmannii	SRR6467591	NA
Bacillus_wiedmannii	SRR6467592	NA
Bacillus_wiedmannii	SRR6467593	NA
Bacillus_wiedmannii	SRR6467594	NA
Bacillus_wiedmannii	SRR6467595	NA
Bacillus_wiedmannii	SRR6467596	NA
Bacillus_wiedmannii	SRR6467597	NA
Bacillus_wiedmannii	SRR6467598	NA
Bacillus_wiedmannii	SRR6467599	NA
Bacillus_wiedmannii	SRR6467600	NA
Bacillus_wiedmannii	SRR6467601	NA
Bacillus_wiedmannii	SRR6467602	NA
Bacillus_wiedmannii	SRR6467603	NA
Bacillus_wiedmannii	SRR6467604	NA
Bacillus_wiedmannii	SRR6467605	NA
Bacillus_wiedmannii	SRR6467606	NA
Bacillus_wiedmannii	SRR6467607	NA
Bacillus_wiedmannii	SRR6467608	NA
Bacillus_wiedmannii	SRR6467609	NA
Bacillus_wiedmannii	SRR6467610	NA
Bacillus_wiedmannii	SRR6467611	NA
Bacillus_wiedmannii	SRR6467612	NA
Bacillus_wiedmannii	SRR6467613	NA
Bacillus_wiedmannii	SRR6467614	NA
Bacillus_wiedmannii	SRR6467615	NA
Bacillus_wiedmannii	SRR6467616	NA
Bacillus_wiedmannii	SRR6467617	NA
Bacillus_wiedmannii	SRR6467618	NA
Bacillus_wiedmannii	SRR6467619	NA
Bacillus_wiedmannii	SRR6467620	NA
Bacillus_wiedmannii	SRR6467621	NA
Bacillus_wiedmannii	SRR6467622	NA
Bacillus_wiedmannii	SRR6467623	NA
Bacillus_wiedmannii	SRR6467624	NA
Bacillus_wiedmannii	SRR6467625	NA
Bacillus_wiedmannii	SRR6467626	NA
Bacillus_wiedmannii	SRR6467627	NA
Bacillus_wiedmannii	SRR6467628	NA
Bacillus_wiedmannii	SRR6467629	NA
Bacillus_wiedmannii	SRR6467630	NA
Bacillus_wiedmannii	SRR6467631	NA
Bacillus_wiedmannii	SRR6467632	NA
Bacillus_wiedmannii	SRR6467633	NA
Bacillus_wiedmannii	SRR6467634	NA
Bacillus_wiedmannii	SRR6467635	NA
Bacillus_wiedmannii	SRR6467636	NA
Bacillus_wiedmannii	SRR6467637	NA
Bacillus_wiedmannii	SRR6467638	NA
Bacillus_wiedmannii	SRR6467639	NA
Bacillus_wiedmannii	SRR6467640	NA
Bacillus_wiedmannii	SRR6467641	NA
Bacillus_wiedmannii	SRR6467642	NA
Bacillus_wiedmannii	SRR6467643	NA
Bacillus_wiedmannii	SRR6467644	NA
Bacillus_wiedmannii	SRR6467645	NA
Bacillus_wiedmannii	SRR6467646	NA
Bacillus_wiedmannii	SRR6467647	NA
Bacillus_wiedmannii	SRR6467648	NA
Bacillus_wiedmannii	SRR6467649	NA
Bacillus_wiedmannii	SRR6467650	NA
Bacillus_wiedmannii	SRR6467651	NA
Bacillus_wiedmannii	SRR6467652	NA
Bacillus_wiedmannii	SRR6467653	NA
Bacillus_wiedmannii	SRR6467654	NA
Bacillus_wiedmannii	SRR6467655	NA
Bacillus_wiedmannii	SRR6467656	NA
Bacillus_wiedmannii	SRR6467657	NA
Bacillus_wiedmannii	SRR6467658	NA
Bacillus_wiedmannii	SRR6467659	NA
Bacillus_wiedmannii	SRR6467660	NA
Bacillus_wiedmannii	SRR6467661	NA
Bacillus_wiedmannii	SRR6467662	NA
Bacillus_wiedmannii	SRR6467663	NA
Bacillus_wiedmannii	SRR6467664	NA
Bacillus_wiedmannii	SRR6467665	NA
Bacillus_wiedmannii	SRR6467666	NA
Bacillus_wiedmannii	SRR6467667	NA
Bacillus_wiedmannii	SRR6467668	NA
Bacillus_wiedmannii	SRR6467669	NA
Bacillus_wiedmannii	SRR6467670	NA
Bacillus_wiedmannii	SRR6467671	NA
Bacillus_wiedmannii	SRR6467672	NA
Bacillus_wiedmannii	SRR6467673	NA
Bacillus_wiedmannii	SRR6467674	NA
Bacillus_wiedmannii	SRR6467675	NA
Bacillus_wiedmannii	SRR6467676	NA
Bacillus_wiedmannii	SRR6467677	NA
Bacillus_wiedmannii	SRR6467678	NA
Bacillus_wiedmannii	SRR6467679	NA
Bacillus_wiedmannii	SRR6467680	NA
Bacillus_wiedmannii	SRR6467681	NA
Bacillus_wiedmannii	SRR6467682	NA
Bacillus_wiedmannii	SRR6467683	NA
Bacillus_wiedmannii	SRR6467684	NA
Bacillus_wiedmannii	SRR6467685	NA
Bacillus_wiedmannii	SRR6467686	NA
Bacillus_wiedmannii	SRR6467687	NA
Bacillus_wiedmannii	SRR6467688	NA
Bacillus_wiedmannii	SRR6467689	NA
Bacillus_wiedmannii	SRR6467690	NA
Bacillus_wiedmannii	SRR6467691	NA
Bacillus_wiedmannii	SRR6467692	NA
Bacillus_wiedmannii	SRR6467693	NA
Bacillus_wiedmannii	SRR6467694	NA
Bacillus_wiedmannii	SRR6467695	NA
Bacillus_wiedmannii	SRR6467696	NA
Bacillus_wiedmannii	SRR6467697	NA
Bacillus_wiedmannii	SRR6467698	NA
Bacillus_wiedmannii	SRR6467699	NA
Bacillus_wiedmannii	SRR6467700	NA
Bacillus_wiedmannii	SRR6467701	NA
Bacillus_wiedmannii	SRR6467702	NA
Bacillus_wiedmannii	SRR6467703	NA
Bacillus_wiedmannii	SRR6467704	NA
Bacillus_wiedmannii	SRR6467705	NA
Bacillus_wiedmannii	SRR6467706	NA
Bacillus_wiedmannii	SRR6467707	NA
Bacillus_wiedmannii	SRR6467708	NA
Bacillus_wiedmannii	SRR6467709	NA
Bacillus_wiedmannii	SRR6467710	NA
Bacillus_wiedmannii	SRR6467711	NA
Bacillus_wiedmannii	SRR6467712	NA
Bacillus_wiedmannii	SRR6467713	NA
Bacillus_wiedmannii	SRR6467714	NA
Bacillus_wiedmannii	SRR6467715	NA
Bacillus_wiedmannii	SRR6467716	NA
Bacillus_wiedmannii	SRR6467717	NA
Bacillus_wiedmannii	SRR6467718	NA
Bacillus_wiedmannii	SRR6467719	NA
Bacillus_wiedmannii	SRR6467720	NA
Bacillus_wiedmannii	SRR6467721	NA
Bacillus_wiedmannii	SRR6467722	NA
Bacillus_wiedmannii	SRR6467723	NA
Bacillus_wiedmannii	SRR6467724	NA
Bacillus_wiedmannii	SRR6467725	NA
Bacillus_wiedmannii	SRR6467726	NA
Bacillus_wiedmannii	SRR6467727	NA
Bacillus_wiedmannii	SRR6467728	NA
Bacillus_wiedmannii	SRR6467729	NA
Bacillus_wiedmannii	SRR6467730	NA
Bacillus_wiedmannii	SRR6467731	NA
Bacillus_wiedmannii	SRR6467732	NA
Bacillus_wiedmannii	SRR6467733	NA
Bacillus_wiedmannii	SRR6467734	NA
Bacillus_wiedmannii	SRR6467735	NA
Bacillus_wiedmannii	SRR6467736	NA
Bacillus_wiedmannii	SRR6467737	NA
Bacillus_wiedmannii	SRR6467738	NA
Bacillus_wiedmannii	SRR6467739	NA
Bacillus_wiedmannii	SRR6467740	NA
Bacillus_wiedmannii	SRR6467741	NA
Bacillus_wiedmannii	SRR6467742	NA
Bacillus_wiedmannii	SRR6467743	NA
Bacillus_wiedmannii	SRR6467744	NA
Bacillus_wiedmannii	SRR6467745	NA
Bacillus_wiedmannii	SRR6467746	NA
Bacillus_wiedmannii	SRR6467747	NA
Bacillus_wiedmannii	SRR6467748	NA
Bacillus_wiedmannii	SRR6467749	NA
Bacillus_wiedmannii	SRR6467750	NA
Bacillus_wiedmannii	SRR6467751	NA
Bacillus_wiedmannii	SRR6467752	NA
Bacillus_wiedmannii	SRR6467753	NA
Bacillus_wiedmannii	SRR6467754	NA
Bacillus_wiedmannii	SRR6467755	NA
Bacillus_wiedmannii	SRR6467756	NA
Bacillus_wiedmannii	SRR6467757	NA
Bacillus_wiedmannii	SRR6467758	NA
Bacillus_wiedmannii	SRR6467759	NA
Bacillus_wiedmannii	SRR6467760	NA
Bacillus_wiedmannii	SRR6467761	NA
Bacillus_wiedmannii	SRR6467762	NA
Bacillus_wiedmannii	SRR6467763	NA
Bacillus_wiedmannii	SRR6467764	NA
Bacillus_wiedmannii	SRR6467765	NA
Bacillus_wiedmannii	SRR6467766	NA
Bacillus_wiedmannii	SRR6467767	NA
Bacillus_wiedmannii	SRR6467768	NA
Bacillus_wiedmannii	SRR6467769	NA
Bacillus_wiedmannii	SRR6467770	NA
Bacillus_wiedmannii	SRR6467771	NA
Bacillus_wiedmannii	SRR6467772	NA
Bacillus_wiedmannii	SRR6467773	NA
Bacillus_wiedmannii	SRR6868540	NA
Bacillus_wiedmannii	SRR6868541	NA
Bacillus_wiedmannii	SRR6868542	NA
Bacillus_wiedmannii	SRR6868543	NA
Bacillus_wiedmannii	SRR6868544	NA
Bacillus_wiedmannii	SRR6868545	NA
Bacillus_wiedmannii	SRR6868546	NA
Bacillus_wiedmannii	SRR6868557	NA
Bacillus_wiedmannii	SRR6868558	NA
Bacillus_wiedmannii	SRR6868559	NA
Bacillus_wiedmannii	SRR6868560	NA
Bacillus_wiedmannii	SRR6868569	NA
Bacillus_wiedmannii	SRR6868570	NA
Bacillus_wiedmannii	SRR6868571	NA
Bacillus_wiedmannii	SRR6868572	NA
Bacillus_wiedmannii	SRR6868573	NA
Bacillus_wiedmannii	SRR6868574	NA
Bacillus_wiedmannii	SRR6868575	NA
Bacillus_wiedmannii	SRR6868576	NA
Bacillus_wiedmannii	SRR6868577	NA
Bacillus_wiedmannii	SRR6868578	NA
Bacillus_wiedmannii	SRR6868579	NA
Bacillus_wiedmannii	SRR6868580	NA
Bacillus_wiedmannii	SRR6868581	NA
Bacillus_wiedmannii	SRR6868582	NA
Bacillus_wiedmannii	SRR6868585	NA
Bacillus_wiedmannii	SRR6868586	NA
Bacillus_wiedmannii	SRR6868587	NA
Bacillus_wiedmannii	SRR6868588	NA
Bacillus_wiedmannii	SRR6868589	NA
Bacillus_wiedmannii	SRR6868590	NA
Bacillus_wiedmannii	SRR6868591	NA
Bacillus_wiedmannii	SRR6868604	NA
Bacillus_wiedmannii	SRR6868605	NA
Bacillus_wiedmannii	SRR6868606	NA
Bacillus_wiedmannii	SRR6868607	NA
Bacillus_wiedmannii	SRR6868608	NA
Bacillus_wiedmannii	SRR6868609	NA
Bacillus_wiedmannii	SRR6868610	NA
Bacillus_wiedmannii	SRR6868620	NA
Bacillus_wiedmannii	SRR6868621	NA
Bacillus_wiedmannii	SRR6868622	NA
Bacillus_wiedmannii	SRR6868623	NA
Bacillus_wiedmannii	SRR6868636	NA
Bacillus_wiedmannii	SRR6868637	NA
Bacillus_wiedmannii	SRR6868638	NA
Bacillus_wiedmannii	SRR6868639	NA
Bacillus_wiedmannii	SRR6868650	NA
Bacillus_wiedmannii	SRR6868651	NA
Bacillus_wiedmannii	SRR6868652	NA
Bacillus_wiedmannii	SRR6868653	NA
Bacillus_wiedmannii	SRR6868654	NA
Bacillus_wiedmannii	SRR6868655	NA
Bacillus_wiedmannii	SRR6868665	NA
Bacillus_wiedmannii	SRR6868666	NA
Bacillus_wiedmannii	SRR6868667	NA
Bacillus_wiedmannii	SRR6868668	NA
Bacillus_wiedmannii	SRR6868669	NA
Bacillus_wiedmannii	SRR6868670	NA
Bacillus_wiedmannii	SRR6868671	NA
Bacillus_wiedmannii	SRR6868683	NA
Bacillus_wiedmannii	SRR6868684	NA
Bacillus_wiedmannii	SRR6868685	NA
Bacillus_wiedmannii	SRR6868686	NA
Bacillus_wiedmannii	SRR6868687	NA
Bacillus_wiedmannii	SRR6868688	NA
Bacillus_wiedmannii	SRR6868689	NA
Bacillus_wiedmannii	SRR6868698	NA
Bacillus_wiedmannii	SRR6868699	NA
Bacillus_wiedmannii	SRR6868700	NA
Bacillus_wiedmannii	SRR6868701	NA
Bacillus_wiedmannii	SRR6868702	NA
Bacillus_wiedmannii	SRR6868713	NA
Bacillus_wiedmannii	SRR6868714	NA
Bacillus_wiedmannii	SRR6868715	NA
Bacillus_wiedmannii	SRR6868716	NA
Bacillus_wiedmannii	SRR6868717	NA
Bacillus_wiedmannii	SRR6868718	NA
Bacillus_wiedmannii	SRR6868719	NA
Bacillus_wiedmannii	SRR6868720	NA
Bacillus_wiedmannii	SRR6868721	NA
Bacillus_wiedmannii	SRR6868722	NA
Bacillus_wiedmannii	SRR6868723	NA
Bacillus_wiedmannii	SRR6868724	NA
Bacillus_wiedmannii	SRR6868725	NA
Bacillus_wiedmannii	SRR6868726	NA
Bacillus_wiedmannii	SRR6868741	NA
Bacillus_wiedmannii	SRR7632756	NA
Bacillus_wiedmannii	SRR7632757	NA
Bacillus_wiedmannii	SRR7632758	NA
Bacillus_wiedmannii	SRR7632759	NA
Bacillus_wiedmannii	SRR7632760	NA
Bacillus_wiedmannii	SRR7632761	NA
Bacillus_wiedmannii	SRR7632762	NA
Bacillus_wiedmannii	SRR7632763	NA
Bacillus_wiedmannii	SRR7632764	NA
Bacillus_wiedmannii	SRR7632765	NA
Bacillus_wiedmannii	SRR7632766	NA
Bacillus_wiedmannii	SRR7632767	NA
Bacillus_wiedmannii	SRR7632768	NA
Bacillus_wiedmannii	SRR7632769	NA
Bacillus_wiedmannii	SRR7632770	NA
Bacillus_wiedmannii	SRR7632771	NA
Bacillus_wiedmannii	SRR7632772	NA
Bacillus_wiedmannii	SRR7632773	NA
Bacillus_wiedmannii	SRR7632774	NA
Bacillus_wiedmannii	SRR7632775	NA
Bacillus_wiedmannii	SRR7632776	NA
Bacillus_wiedmannii	SRR7632777	NA
Bacillus_wiedmannii	SRR7632778	NA
Bacillus_wiedmannii	SRR7632779	NA
Bacillus_wiedmannii	SRR7632780	NA
Bacillus_wiedmannii	SRR7632781	NA
Bacillus_wiedmannii	SRR7632782	NA
Bacillus_wiedmannii	SRR7632783	NA
Bacillus_wiedmannii	SRR7632784	NA
Bacillus_wiedmannii	SRR7632785	NA
Bacillus_wiedmannii	SRR7632786	NA
Bacillus_wiedmannii	SRR7632787	NA
Bacillus_wiedmannii	SRR7632788	NA
Bacillus_wiedmannii	SRR7632789	NA
Bacillus_wiedmannii	SRR7632790	NA
Bacillus_wiedmannii	SRR7632791	NA
Bacillus_wiedmannii	SRR7632792	NA
Bacillus_wiedmannii	SRR7632793	NA
Bacillus_wiedmannii	SRR7632794	NA
Bacillus_wiedmannii	SRR7632795	NA
Bacillus_wiedmannii	SRR7632796	NA
Bacillus_wiedmannii	SRR7632797	NA
Bacillus_wiedmannii	SRR7632798	NA
Bacillus_wiedmannii	SRR7632799	NA
Bacillus_wiedmannii	SRR7632800	NA
Bacillus_wiedmannii	SRR7632801	NA
Bacillus_wiedmannii	SRR7632802	NA
Bacillus_wiedmannii	SRR7632803	NA
Bacillus_wiedmannii	SRR7632804	NA
Bacillus_wiedmannii	SRR7632805	NA
Bacillus_wiedmannii	SRR7632806	NA
Bacillus_wiedmannii	SRR7632807	NA
Bacillus_wiedmannii	SRR7632808	NA
Bacillus_wiedmannii	SRR7632809	NA
Bacillus_wiedmannii	SRR7632810	NA
Bacillus_wiedmannii	SRR7632811	NA
Bacillus_wiedmannii	SRR7632812	NA
Bacillus_wiedmannii	SRR7632813	NA
Bacillus_wiedmannii	SRR7632814	NA
Bacillus_wiedmannii	SRR7632815	NA
Bacillus_wiedmannii	SRR7632816	NA
Bacillus_wiedmannii	SRR7632817	NA
Bacillus_wiedmannii	SRR7632818	NA
Bacillus_wiedmannii	SRR7632819	NA
Bacillus_wiedmannii	SRR7632820	NA
Bacillus_wiedmannii	SRR7632821	NA
Bacillus_wiedmannii	SRR7632822	NA
Bacillus_wiedmannii	SRR7632823	NA
Bacillus_wiedmannii	SRR7632824	NA
Bacillus_wiedmannii	SRR7632825	NA
Bacillus_wiedmannii	SRR7632826	NA
Bacillus_wiedmannii	SRR7632827	NA
Bacillus_wiedmannii	SRR7632828	NA
Bacillus_wiedmannii	SRR7632829	NA
Bacillus_wiedmannii	SRR7632830	NA
Bacillus_wiedmannii	SRR7632831	NA
Bacillus_wiedmannii	SRR7632832	NA
Bacillus_wiedmannii	SRR7632833	NA
Bacillus_wiedmannii	SRR7632834	NA
Bacillus_wiedmannii	SRR7632835	NA
Bacillus_wiedmannii	SRR7632836	NA
Bacillus_wiedmannii	SRR7632837	NA
Bacillus_wiedmannii	SRR7632838	NA
Bacillus_wiedmannii	SRR7632839	NA
Bacillus_wiedmannii	SRR7632840	NA
Bacillus_wiedmannii	SRR7632841	NA
Bacillus_wiedmannii	SRR7632842	NA
Bacillus_wiedmannii	SRR7632843	NA
Bacillus_wiedmannii	SRR7632844	NA
Bacillus_wiedmannii	SRR7632845	NA
Bacillus_wiedmannii	SRR7632846	NA
Bacillus_wiedmannii	SRR7632847	NA
Bacillus_wiedmannii	SRR7632848	NA
Bacillus_wiedmannii	SRR7632849	NA
Bacillus_wiedmannii	SRR7632850	NA
Bacillus_wiedmannii	SRR7632851	NA
Bacillus_wiedmannii	SRR7632852	NA
Bacillus_wiedmannii	SRR7632853	NA
Bacillus_wiedmannii	SRR7632854	NA
Bacillus_wiedmannii	SRR7632855	NA
Bacillus_wiedmannii	SRR7632856	NA
Bacillus_wiedmannii	SRR7632857	NA
Bacillus_wiedmannii	SRR7632858	NA
Bacillus_wiedmannii	SRR7632859	NA
Bacillus_wiedmannii	SRR7632860	NA
Bacillus_wiedmannii	SRR7632861	NA
Bacillus_wiedmannii	SRR7632862	NA
Bacillus_wiedmannii	SRR7632863	NA
Bacillus_wiedmannii	SRR7632864	NA
Bacillus_wiedmannii	SRR7632865	NA
Bacillus_wiedmannii	SRR7632866	NA
Bacillus_wiedmannii	SRR7632867	NA
Bacillus_wiedmannii	SRR7632868	NA
Bacillus_wiedmannii	SRR7632869	NA
Bacillus_wiedmannii	SRR7632870	NA
Bacillus_wiedmannii	SRR7632871	NA
Bacillus_wiedmannii	SRR7632872	NA
Bacillus_wiedmannii	SRR7632873	NA
Bacillus_wiedmannii	SRR7632874	NA
Bacillus_wiedmannii	SRR7632875	NA
Bacillus_wiedmannii	SRR7632876	NA
Bacillus_wiedmannii	SRR7632877	NA
Bacillus_wiedmannii	SRR7632878	NA
Bacillus_wiedmannii	SRR7632879	NA
Bacillus_wiedmannii	SRR7632880	NA
Bacillus_wiedmannii	SRR7632881	NA
Bacillus_wiedmannii	SRR7632882	NA
Bacillus_wiedmannii	SRR7632883	NA
Bacillus_wiedmannii	SRR7632884	NA
Bacillus_wiedmannii	SRR7632885	NA
Bacillus_wiedmannii	SRR7632886	NA
Bacillus_wiedmannii	SRR7632887	NA
Bacillus_wiedmannii	SRR7632888	NA
Bacillus_wiedmannii	SRR7632889	NA
Bacillus_wiedmannii	SRR7632890	NA
Bacillus_wiedmannii	SRR7632891	NA
Bacillus_wiedmannii	SRR7632892	NA
Bacillus_wiedmannii	SRR7632893	NA
Bacillus_wiedmannii	SRR7632894	NA
Bacillus_wiedmannii	SRR7632895	NA
Bacillus_wiedmannii	SRR7632896	NA
Bacillus_wiedmannii	SRR7632897	NA
Bacillus_wiedmannii	SRR7632898	NA
Bacillus_wiedmannii	SRR7632899	NA
Bacillus_wiedmannii	SRR7632900	NA
Bacillus_wiedmannii	SRR7632901	NA
Bacillus_wiedmannii	SRR7632902	NA
Bacillus_wiedmannii	SRR7632903	NA
Bacillus_wiedmannii	SRR7632904	NA
Bacillus_wiedmannii	SRR7632905	NA
Bacillus_wiedmannii	SRR7632906	NA
Bacillus_wiedmannii	SRR7632907	NA
Bacillus_wiedmannii	SRR7632908	NA
Bacillus_wiedmannii	SRR7632909	NA
Bacillus_wiedmannii	SRR7632910	NA
Bacillus_wiedmannii	SRR7632911	NA
Bacillus_wiedmannii	SRR7632912	NA
Bacillus_wiedmannii	SRR7632913	NA
Bacillus_wiedmannii	SRR7632914	NA
Bacillus_wiedmannii	SRR7632915	NA
Bacillus_wiedmannii	SRR7632916	NA
Bacillus_wiedmannii	SRR7632917	NA
Bacillus_wiedmannii	SRR7632918	NA
Bacillus_wiedmannii	SRR7632919	NA
Bacillus_wiedmannii	SRR7632920	NA
Bacillus_wiedmannii	SRR7632921	NA
Bacillus_wiedmannii	SRR7632922	NA
Bacillus_wiedmannii	SRR7632923	NA
Bacillus_wiedmannii	SRR7632924	NA
Bacillus_wiedmannii	SRR7632925	NA
Bacillus_wiedmannii	SRR7632926	NA
Bacillus_wiedmannii	SRR7632927	NA
Bacillus_wiedmannii	SRR7632928	NA
Bacillus_wiedmannii	SRR7632929	NA
Bacillus_wiedmannii	SRR7632930	NA
Bacillus_wiedmannii	SRR7632931	NA
Bacillus_wiedmannii	SRR7632932	NA
Bacillus_wiedmannii	SRR7632933	NA
Bacillus_wiedmannii	SRR7632934	NA
Bacillus_wiedmannii	SRR7632935	NA
Bacillus_wiedmannii	SRR7632936	NA
Bacillus_wiedmannii	SRR7632937	NA
Bacillus_wiedmannii	SRR7632938	NA
Bacillus_wiedmannii	SRR7632939	NA
Bacillus_wiedmannii	SRR7632940	NA
Bacillus_wiedmannii	SRR7632941	NA
Bacillus_wiedmannii	SRR7632942	NA
Bacillus_wiedmannii	SRR7632943	NA
Bacillus_wiedmannii	SRR7632944	NA
Bacillus_wiedmannii	SRR7632945	NA
Bacillus_wiedmannii	SRR8928966	NA
Bacillus_wiedmannii	SRR8928967	NA
Bacillus_wiedmannii	SRR8928968	NA
Bacillus_wiedmannii	SRR8928969	NA
Bacillus_wiedmannii	SRR8928970	NA
Bacillus_wiedmannii	SRR8928971	NA
Bacillus_wiedmannii	SRR8928972	NA
Bacillus_wiedmannii	SRR8928973	NA
Bacillus_wiedmannii	SRR8928974	NA
Bacillus_wiedmannii	SRR8928975	NA
Bacillus_wiedmannii	SRR8928976	NA
Bacillus_wiedmannii	SRR8928977	NA
Bacillus_wiedmannii	SRR8928978	NA
Bacillus_wiedmannii	SRR8928979	NA
Bacillus_wiedmannii	SRR8928980	NA
Bacillus_wiedmannii	SRR8928981	NA
Bacillus_wiedmannii	SRR8928982	NA
Bacillus_wiedmannii	SRR8928983	NA
Bacillus_wiedmannii	SRR8928984	NA
Bacillus_wiedmannii	SRR8928985	NA
Bacillus_wiedmannii	SRR8928986	NA
Bacillus_wiedmannii	SRR8928987	NA
Bacillus_wiedmannii	SRR8928988	NA
Bacillus_wiedmannii	SRR8928989	NA
Bacillus_wiedmannii	SRR8928990	NA
Bacillus_wiedmannii	SRR8928991	NA
Bacillus_wiedmannii	SRR9835604	NA
Bacillus_wiedmannii	SRR9835605	NA
Bacillus_wiedmannii	SRR9835606	NA
Bacillus_wiedmannii	SRR9835607	NA
Bacillus_wiedmannii	SRR9835608	NA
Bacillus_wiedmannii	SRR9835609	NA
Bacillus_wiedmannii	SRR9835610	NA
Bacillus_wiedmannii	SRR9835611	NA
Bacillus_wiedmannii	SRR9835612	NA
Bacillus_wiedmannii	SRR9835613	NA
Bacillus_wiedmannii	SRR9835614	NA
Bacillus_wiedmannii	SRR9835615	NA
Bacillus_wiedmannii	SRR9835616	NA
Bacillus_wiedmannii	SRR9835617	NA
Bacillus_wiedmannii	SRR9835618	NA
Bacillus_wiedmannii	SRR9835619	NA
Bacillus_wiedmannii	SRR9835620	NA
Bacillus_wiedmannii	SRR9835621	NA
Bacillus_wiedmannii	SRR9835622	NA
Bacillus_wiedmannii	SRR9835623	NA
Bacillus_wiedmannii	SRR9835624	NA
Bacillus_wiedmannii	SRR9835625	NA
Bacillus_wiedmannii	SRR9835626	NA
Bacillus_wiedmannii	SRR9835627	NA
Bacillus_wiedmannii	SRR9835628	NA
Bacillus_wiedmannii	SRR9835629	NA
Bacillus_wiedmannii	SRR9835630	NA
Bacillus_wiedmannii	SRR9835631	NA
Bacillus_wiedmannii	SRR9835632	NA
Bacillus_wiedmannii	SRR9835633	NA
Bacillus_wiedmannii	SRR9835634	NA
Bacillus_wiedmannii	SRR9835635	NA
Bacillus_wiedmannii	SRR9835636	NA
Bacillus_wiedmannii	SRR9835637	NA
Bacillus_wiedmannii	SRR9835638	NA
Bacillus_wiedmannii	SRR9835639	NA
Bacillus_wiedmannii	SRR9835640	NA
Bacillus_wiedmannii	SRR9835641	NA
Bacillus_wiedmannii	SRR9835642	NA
Bacillus_wiedmannii	SRR9835643	NA
Bacillus_wiedmannii	SRR9835644	NA
Bacillus_wiedmannii	SRR9835645	NA
Bacillus_wiedmannii	SRR9835646	NA
Bacillus_wiedmannii	SRR9835647	NA
Bacillus_wiedmannii	SRR9835648	NA
Bacillus_wiedmannii	SRR9835649	NA
Bacillus_wiedmannii	SRR9835650	NA
Bacillus_wiedmannii	SRR9835651	NA
Bacillus_wiedmannii	SRR9835652	NA
Bacillus_wiedmannii	SRR9835653	NA
Bacillus_wiedmannii	SRR9835654	NA
Bacillus_wiedmannii	SRR9835655	NA
Bacillus_wiedmannii	SRR9835656	NA
Bacillus_wiedmannii	SRR9835657	NA
Bacillus_wiedmannii	SRR9835658	NA
Bacillus_wiedmannii	SRR9835659	NA
Bacillus_wiedmannii	SRR9835660	NA
Bacillus_wiedmannii	SRR9835661	NA
Bacillus_wiedmannii	SRR9835662	NA
Bacillus_wiedmannii	SRR9835663	NA
Bacillus_wiedmannii	SRR9835664	NA
Bacillus_wiedmannii	SRR9835665	NA
Bacillus_wiedmannii	SRR9835666	NA
Bacillus_wiedmannii	SRR9835667	NA
Bacillus_wiedmannii	SRR9835668	NA
Bacillus_wiedmannii	SRR9835669	NA
Bacillus_wiedmannii	SRR9835670	NA
Bacillus_wiedmannii	SRR9835671	NA
Bacillus_wiedmannii	SRR9835672	NA
Bacillus_wiedmannii	SRR9835673	NA
Bacillus_wiedmannii	SRR9835674	NA
Bacillus_wiedmannii	SRR9835675	NA
Bacillus_wiedmannii	SRR9835676	NA
Bacillus_wiedmannii	SRR9835677	NA
Bacillus_wiedmannii	SRR9835678	NA
Bacillus_wiedmannii	SRR9835679	NA
Bacillus_wiedmannii	SRR9835680	NA
Bacillus_wiedmannii	SRR9835681	NA
Bacillus_wiedmannii	SRR9835682	NA
Bacillus_wiedmannii	SRR9835683	NA
Bacillus_wiedmannii	SRR9835684	NA
Bacillus_wiedmannii	SRR9835685	NA
Bacillus_wiedmannii	SRR9835686	NA
Bacillus_wiedmannii	SRR9835687	NA
Bacillus_wiedmannii	SRR9835688	NA
Bacillus_wiedmannii	SRR9835689	NA
Bacillus_wiedmannii	SRR9835690	NA
Bacillus_wiedmannii	SRR9835691	NA
Bacillus_wiedmannii	SRR9835692	NA
Bacillus_wiedmannii	SRR9835693	NA
Bacillus_wiedmannii	SRR9835694	NA
Bacillus_wiedmannii	SRR9835695	NA
Bacillus_wiedmannii	SRR9835696	NA
Bacillus_wiedmannii	SRR9835697	NA
Bacillus_wiedmannii	SRR9835698	NA
Bacillus_wiedmannii	SRR9835699	NA
Bacillus_wiedmannii	SRR9835700	NA
Bacillus_wiedmannii	SRR9835701	NA
Bacillus_wiedmannii	SRR9835702	NA
Bacillus_wiedmannii	SRR9835703	NA
Bacillus_wiedmannii	SRR9835704	NA
Bacillus_wiedmannii	SRR9835705	NA
Bacillus_wiedmannii	SRR9835706	NA
Bacillus_wiedmannii	SRR9835707	NA
Bacillus_wiedmannii	SRR9835708	NA
Bacillus_wiedmannii	SRR9835709	NA
Bacillus_wiedmannii	SRR9835710	NA
Bacillus_wiedmannii	SRR9835711	NA
Bacillus_wiedmannii	SRR9835712	NA
Bacillus_wiedmannii	SRR9835713	NA
Bacillus_wiedmannii	SRR9835714	NA
Bacillus_wiedmannii	SRR9835715	NA
Bacillus_wiedmannii	SRR9835716	NA
Bacillus_wiedmannii	SRR9835717	NA
Bacillus_wiedmannii	SRR9835718	NA
Bacillus_wiedmannii	SRR9835719	NA
Bacillus_wiedmannii	SRR9835720	NA
Bacillus_wiedmannii	SRR9835721	NA
Bacillus_wiedmannii	SRR9835722	NA
Bacillus_wiedmannii	SRR9835723	NA
Bacillus_wiedmannii	SRR9835724	NA
Bacillus_wiedmannii	SRR9835725	NA
Bacillus_wiedmannii	SRR9835726	NA
Bacillus_wiedmannii	SRR9835727	NA
Bacillus_wiedmannii	SRR9835728	NA
Bacillus_wiedmannii	SRR9835729	NA
Bacillus_wiedmannii	SRR9835730	NA
Bacillus_wiedmannii	SRR9835731	NA
Bacillus_wiedmannii	SRR9835732	NA
Bacillus_wiedmannii	SRR9835733	NA
Bacillus_wiedmannii	SRR9835734	NA
Bacillus_wiedmannii	SRR9835735	NA
Bacillus_wiedmannii	SRR9835736	NA
Bacillus_wiedmannii	SRR9835737	NA
Bacillus_wiedmannii	SRR9835738	NA
Bacillus_wiedmannii	SRR9835739	NA
Bacillus_wiedmannii	SRR9835740	NA
Bacillus_wiedmannii	SRR9835741	NA
Bacillus_wiedmannii	SRR9835742	NA
Bacillus_wiedmannii	SRR9835743	NA
Bacillus_wiedmannii	SRR9835744	NA
Bacillus_wiedmannii	SRR9835745	NA
Bacillus_wiedmannii	SRR9835746	NA
Bacillus_wiedmannii	SRR9835747	NA
Bacillus_wiedmannii	SRR9835748	NA
Bacillus_wiedmannii	SRR9835749	NA
Bacillus_wiedmannii	SRR9835750	NA
Bacillus_wiedmannii	SRR9835751	NA
Bacillus_wiedmannii	SRR9835752	NA
Bacillus_wiedmannii	SRR9835753	NA
Bacillus_wiedmannii	SRR9835754	NA
Bacillus_wiedmannii	SRR9835755	NA
Bacillus_wiedmannii	SRR9835756	NA
Bacillus_wiedmannii	SRR9835757	NA
Bacillus_wiedmannii	SRR9835758	NA
Bacillus_wiedmannii	SRR9835759	NA
Bacillus_wiedmannii	SRR9835760	NA
Bacillus_wiedmannii	SRR9835761	NA
Bacillus_wiedmannii	SRR9835762	NA
Bacillus_wiedmannii	SRR9835763	NA
Bacillus_wiedmannii	SRR9835764	NA
Bacillus_wiedmannii	SRR9835765	NA
Bacillus_wiedmannii	SRR9835766	NA
Bacillus_wiedmannii	SRR9835767	NA
Bacillus_wiedmannii	SRR9835768	NA
Bacillus_wiedmannii	SRR9835769	NA
Bacillus_wiedmannii	SRR9835770	NA
Bacillus_wiedmannii	SRR9835771	NA
Bacillus_wiedmannii	SRR9835772	NA
Bacillus_wiedmannii	SRR9835773	NA
Bacillus_wiedmannii	SRR9835774	NA
Bacillus_wiedmannii	SRR9835775	NA
Bacillus_wiedmannii	SRR9835776	NA
Bacillus_wiedmannii	SRR9835777	NA
Bacillus_wiedmannii	SRR9835778	NA
Bacillus_wiedmannii	SRR9835779	NA
Bacillus_wiedmannii	SRR9835780	NA
Bacillus_wiedmannii	SRR9835781	NA
Bacillus_wiedmannii	SRR9835782	NA
Bacillus_wiedmannii	SRR9835783	NA
Bacillus_wiedmannii	SRR9835784	NA
Bacillus_wiedmannii	SRR9835785	NA
Bacillus_wiedmannii	SRR9835786	NA
Bacillus_wiedmannii	SRR9835787	NA
Bacillus_wiedmannii	SRR9835788	NA
Bacillus_wiedmannii	SRR9835789	NA
Bacillus_wiedmannii	SRR9835790	NA
Bacillus_wiedmannii	SRR9835791	NA
Bacillus_wiedmannii	SRR9835792	NA
Bacillus_wiedmannii	SRR9835793	NA
Bacillus_wiedmannii	SRR9835794	NA
Bacillus_wiedmannii	SRR9835795	NA
Bacillus_wiedmannii	SRR9835796	NA
Bacillus_wiedmannii	SRR9835797	NA
Bacillus_wiedmannii	SRR9835798	NA
Bacillus_wiedmannii	SRR9835799	NA
Bacillus_wiedmannii	SRR9835800	NA
Bacillus_wiedmannii	SRR9835801	NA
Bacillus_wiedmannii	SRR9835802	NA
Bacillus_wiedmannii	SRR9867812	1.435329462933093
Bacillus_wiedmannii	SRR9867813	4.4081586250962985
Bacillus_wiedmannii	SRR9867814	3.6821074054623852
Bacillus_wiedmannii	SRR9867815	1.2157080170768058
Bacillus_wiedmannii	SRR9867816	2.0479551727425633
Bacillus_wiedmannii	SRR9867817	2.2156552262393188
Bacillus_wiedmannii	SRR9867818	3.2277106715985964
Bacillus_wiedmannii	SRR9867819	1.074697195052246
Bacillus_wiedmannii	SRR9867820	1.0216079877875042
Bacillus_wiedmannii	SRR9867821	2.193435431361206
Bacillus_wiedmannii	SRR9867822	1.1164069548230822
Bacillus_wiedmannii	SRR9867823	2.0268787564018917
Bacillus_wiedmannii	SRR9867824	0.8600549422370819
Bacillus_wiedmannii	SRR9867825	3.299861851706919
Bacillus_wiedmannii	SRR9867826	1.027321106864352
Bacillus_wiedmannii	SRR9867827	4.314712735204318
Bacillus_wiedmannii	SRR9867828	0.7220781693183485
Bacillus_wiedmannii	SRR9867829	2.142554587351919
Bacillus_wiedmannii	SRR9867830	1.0976269484967829
Bacillus_wiedmannii	SRR9867831	1.0481147905841997
Bacillus_wiedmannii	SRR9879292	NA
Bacillus_wiedmannii	SRR9879293	NA
Bacillus_wiedmannii	SRR9879294	NA
Bacillus_wiedmannii	SRR9879295	NA
Bacillus_wiedmannii	SRR9879296	NA
Bacillus_wiedmannii	SRR9879297	NA
Bacillus_wiedmannii	SRR9879298	NA
Bacillus_wiedmannii	SRR9879299	NA
Bacillus_wiedmannii	SRR9879300	NA
Bacillus_wiedmannii	SRR9879301	NA
Bacillus_wiedmannii	SRR9879302	NA
Bacillus_wiedmannii	SRR9879303	NA
Bacillus_wiedmannii	SRR9879304	NA
Bacillus_wiedmannii	SRR9879305	NA
Bacillus_wiedmannii	SRR9879306	NA
Bacillus_wiedmannii	SRR9879307	NA
Bacillus_wiedmannii	SRR9879308	NA
Bacillus_wiedmannii	SRR9879309	NA
Bacillus_wiedmannii	T50_307	2.204184012952024
Bacillus_wiedmannii	T50_313	1.172076923899624
Bacillus_wiedmannii	T50_317	10.819238991716748
Bacillus_wiedmannii	T50_324	2.0349723805253643
Bacillus_wiedmannii	T50_427	1.2355256909978407
Bacillus_wiedmannii	T50_428	1.2332225073516185
Bacillus_wiedmannii	T50_431	1.2366721543910948
Bacillus_wiedmannii	T50_436	1.2470864040381697
Bacillus_wiedmannii	T50_476	2.4170125922411834
Bacillus_wiedmannii	UN_307	3.8136502346853134
Bacillus_wiedmannii	UN_313	1.03568654444311
Bacillus_wiedmannii	UN_317	4.6802387213419125
Bacillus_wiedmannii	UN_324	6.135077920752119
Bacillus_wiedmannii	UN_427	1.2315484571030648
Bacillus_wiedmannii	UN_428	4.73369928839871
Bacillus_wiedmannii	UN_431	1.203077489030243
Bacillus_wiedmannii	UN_436	2.4455921767932858
Bacillus_wiedmannii	UN_476	1.2366721543910948
