Feature	sample	counts
Burkholderia_pseudomallei	CM317	37.10834887385954
Burkholderia_pseudomallei	CMCD140	712.523112509644
Burkholderia_pseudomallei	CMCD147	99.81835931283467
Burkholderia_pseudomallei	CMCD152	252.12245153659194
Burkholderia_pseudomallei	CMCD154	220.5877273905261
Burkholderia_pseudomallei	CMCD159	602.3908467367318
Burkholderia_pseudomallei	CMCD161	591.8656067907436
Burkholderia_pseudomallei	CMCD174	177.43030176508083
Burkholderia_pseudomallei	CMCD196	533.9901993310741
Burkholderia_pseudomallei	CMCD198	521.9401937706488
Burkholderia_pseudomallei	CMCD203	126.74141484358407
Burkholderia_pseudomallei	CMCD211	359.26543998416224
Burkholderia_pseudomallei	CMCD227	447.88670662459543
Burkholderia_pseudomallei	CMCD240	382.24017345605273
Burkholderia_pseudomallei	CMCD259	297.5982774066578
Burkholderia_pseudomallei	CMCD270	224.70973606761927
Burkholderia_pseudomallei	CMCD275	263.04412402184704
Burkholderia_pseudomallei	CMCD282	475.98809165671275
Burkholderia_pseudomallei	CMCD286	415.11737945977774
Burkholderia_pseudomallei	CMCD287	307.416322164202
Burkholderia_pseudomallei	CMCD294	533.4161849072304
Burkholderia_pseudomallei	CMCD327	276.09964218291213
Burkholderia_pseudomallei	CMCD335	143.8602664387243
Burkholderia_pseudomallei	CMCD337	123.98533995967173
Burkholderia_pseudomallei	CMCD357	154.98294072831138
Burkholderia_pseudomallei	CMCD398	135.93346669863726
Burkholderia_pseudomallei	CMCD403	161.4740574447262
Burkholderia_pseudomallei	CMCD422	220.44882801194706
Burkholderia_pseudomallei	CMCD426	32.35321046672668
Burkholderia_pseudomallei	CMCD71	538.6798521361717
Burkholderia_pseudomallei	CMCD72	26.849180205165997
Burkholderia_pseudomallei	CMCD76	155.8864003551801
Burkholderia_pseudomallei	CMCD88	279.0619028069559
Burkholderia_pseudomallei	CMSA256	381.5995139803441
Burkholderia_pseudomallei	CMSA316	113.40686497353184
Burkholderia_pseudomallei	CMUC110	325.74423945239107
Burkholderia_pseudomallei	CMUC192	172.18045314419774
Burkholderia_pseudomallei	CMUC199	571.283585019673
Burkholderia_pseudomallei	CMUC200	211.08168323928703
Burkholderia_pseudomallei	CMUC208	660.9973795708529
Burkholderia_pseudomallei	CMUC231	329.73161887621967
Burkholderia_pseudomallei	CMUC234	353.6804479070285
Burkholderia_pseudomallei	CMUC285	119.58453721147544
Burkholderia_pseudomallei	CMUC291	266.4017852287921
Burkholderia_pseudomallei	CMUC295	204.38150380573654
Burkholderia_pseudomallei	CMUC299	163.43291374063608
Burkholderia_pseudomallei	CMUC301	232.2491789296516
Burkholderia_pseudomallei	CMUC307	236.78954095327484
Burkholderia_pseudomallei	CMUC313	28.760128804032167
Burkholderia_pseudomallei	CMUC314	40.137053829769684
Burkholderia_pseudomallei	CMUC323	57.41831773145614
Burkholderia_pseudomallei	CMUC324	330.53300512917843
Burkholderia_pseudomallei	CMUC331	133.9203219908097
Burkholderia_pseudomallei	CMUC333	112.95717256278347
Burkholderia_pseudomallei	CMUC334	70.35778966497438
Burkholderia_pseudomallei	CMUC346	107.5736260038509
Burkholderia_pseudomallei	CMUC352	95.5440712553496
Burkholderia_pseudomallei	CMUC360	257.1547694366003
Burkholderia_pseudomallei	CMUC363	277.48382483651
Burkholderia_pseudomallei	CMUC365	85.48580046704598
Burkholderia_pseudomallei	CMUC366	271.0058828082803
Burkholderia_pseudomallei	CMUC368	321.3633418807209
Burkholderia_pseudomallei	CMUC377	186.24877280694355
Burkholderia_pseudomallei	CMUC379	134.59374478522074
Burkholderia_pseudomallei	CMUC380	168.86951550532382
Burkholderia_pseudomallei	CMUC383	334.02801527628105
Burkholderia_pseudomallei	CMUC394	258.37480339993004
Burkholderia_pseudomallei	CMUC419	318.9412265416582
Burkholderia_pseudomallei	CMUC427	474.4573739219439
Burkholderia_pseudomallei	CMUC428	234.1166786205771
Burkholderia_pseudomallei	CMUC431	268.3035730504804
Burkholderia_pseudomallei	CMUC435	130.49177768931284
Burkholderia_pseudomallei	CMUC439	133.00768096577406
Burkholderia_pseudomallei	CMUC89	215.11422363782185
Burkholderia_pseudomallei	CS219	358.440417198836
Burkholderia_pseudomallei	CS256	309.15438654523746
Burkholderia_pseudomallei	CS257	388.6588199990173
Burkholderia_pseudomallei	CS259	435.5787707406326
Burkholderia_pseudomallei	CS261	784.1932358799652
Burkholderia_pseudomallei	CS266	330.1804830266585
Burkholderia_pseudomallei	CS270	1199.973716477699
Burkholderia_pseudomallei	CS277	922.477374738054
Burkholderia_pseudomallei	CS288	139.49729595995035
Burkholderia_pseudomallei	CS290	288.9452750662365
Burkholderia_pseudomallei	CS292	616.2086239432132
Burkholderia_pseudomallei	CS293	830.2752619859509
Burkholderia_pseudomallei	CS301	768.0056203341784
Burkholderia_pseudomallei	CS306	464.9922231672021
Burkholderia_pseudomallei	CS308	118.24083038269842
Burkholderia_pseudomallei	CS315	107.74839364615919
Burkholderia_pseudomallei	CS317	111.80666029623447
Burkholderia_pseudomallei	CS322	122.96771851985503
Burkholderia_pseudomallei	CS327	178.09371549935548
Burkholderia_pseudomallei	CS328	135.19744794218016
Burkholderia_pseudomallei	CS330	57.2428589528809
Burkholderia_pseudomallei	CS331	92.75346296849854
Burkholderia_pseudomallei	CS335	179.13007432697955
Burkholderia_pseudomallei	CS338	88.38806991135104
Burkholderia_pseudomallei	CS339	13.572730603948852
Burkholderia_pseudomallei	CS343	251.08256629646465
Burkholderia_pseudomallei	CS344	77.2927147312136
Burkholderia_pseudomallei	CS350	94.61188613392592
Burkholderia_pseudomallei	CS351	420.52719142818466
Burkholderia_pseudomallei	CS361	77.08612608167239
Burkholderia_pseudomallei	CS388	133.3256528058751
Burkholderia_pseudomallei	CS396	152.08869689368964
Burkholderia_pseudomallei	CS405	122.11654481507122
Burkholderia_pseudomallei	CS415	43.230916833129704
Burkholderia_pseudomallei	CS424	145.557003097419
Burkholderia_pseudomallei	IM293	282.2255545700576
Burkholderia_pseudomallei	IM296	701.4542377092406
Burkholderia_pseudomallei	IM297	4013.4330082171687
Burkholderia_pseudomallei	IM300	359.39757002903497
Burkholderia_pseudomallei	IM305	333.15583022827195
Burkholderia_pseudomallei	IM309	146.90131148472534
Burkholderia_pseudomallei	IM310	89.39057118066243
Burkholderia_pseudomallei	IM311	108.04392614821519
Burkholderia_pseudomallei	IM316	139.16483906840622
Burkholderia_pseudomallei	IM320	30.643745612690825
Burkholderia_pseudomallei	IM330	109.30689896179472
Burkholderia_pseudomallei	IM332	351.07053148163607
Burkholderia_pseudomallei	IM340	47.9069897282421
Burkholderia_pseudomallei	IM348	68.67513811524066
Burkholderia_pseudomallei	IM354	113.36796530491648
Burkholderia_pseudomallei	IM356	355.72035464665606
Burkholderia_pseudomallei	IM364	75.74736975882087
Burkholderia_pseudomallei	IM372	186.45687227186113
Burkholderia_pseudomallei	IM374	34.99728604347773
Burkholderia_pseudomallei	IM376	200.80914502599347
Burkholderia_pseudomallei	IM381	79.66608042731782
Burkholderia_pseudomallei	IM382	52.083804114746854
Burkholderia_pseudomallei	IM385	281.9875982076736
Burkholderia_pseudomallei	IM390	66.0335851862334
Burkholderia_pseudomallei	IM397	126.37315048482051
Burkholderia_pseudomallei	IM404	234.47431262489482
Burkholderia_pseudomallei	IM409	237.29878108429432
Burkholderia_pseudomallei	IM412	90.19379095060778
Burkholderia_pseudomallei	IM421	82.63253577788657
Burkholderia_pseudomallei	IM425	188.03294743408665
Burkholderia_pseudomallei	IM432	91.94071905930782
Burkholderia_pseudomallei	IM438	322.9813465660353
Burkholderia_pseudomallei	IM442	63.48969384484289
Burkholderia_pseudomallei	IM445	84.9921132516999
Burkholderia_pseudomallei	IM448	127.03633756732958
Burkholderia_pseudomallei	IM449	126.55756587727504
Burkholderia_pseudomallei	IM451	317.70784601423765
Burkholderia_pseudomallei	IMSA256	135.33439209636663
Burkholderia_pseudomallei	IMSA276	270.21283763038457
Burkholderia_pseudomallei	IMSA286	203.3384220572355
Burkholderia_pseudomallei	IMSA343	107.46522902297635
Burkholderia_pseudomallei	IS_238	279.7179437445771
Burkholderia_pseudomallei	IS238	637.5671383770116
Burkholderia_pseudomallei	IS243	312.2773804272044
Burkholderia_pseudomallei	IS253	282.0022685820174
Burkholderia_pseudomallei	IS283	343.0126758152861
Burkholderia_pseudomallei	IS322	402.11265978991503
Burkholderia_pseudomallei	IS399	152.47528932250404
Burkholderia_pseudomallei	IS418	24.136128725920877
Burkholderia_pseudomallei	IS430	64.12326926281618
Burkholderia_pseudomallei	IS437	42.62070720826664
Burkholderia_pseudomallei	IS444	87.76029537950862
Burkholderia_pseudomallei	R276CMSA	287.83148184469553
Burkholderia_pseudomallei	R286CMSA	210.92401939863905
Burkholderia_pseudomallei	R292CMSA	323.77526119937886
Burkholderia_pseudomallei	R292IMSA	215.4947567906214
Burkholderia_pseudomallei	R308CMSA	22.982215975959914
Burkholderia_pseudomallei	R316IMSA	77.00396581185524
Burkholderia_pseudomallei	R347CMSA	122.53541618069993
Burkholderia_pseudomallei	R347IMSA	57.507676140052176
Burkholderia_pseudomallei	R371CMSA	189.08476203837748
Burkholderia_pseudomallei	SRR10104064	NA
Burkholderia_pseudomallei	SRR10104065	NA
Burkholderia_pseudomallei	SRR10104066	NA
Burkholderia_pseudomallei	SRR10104067	NA
Burkholderia_pseudomallei	SRR10104068	NA
Burkholderia_pseudomallei	SRR10104069	NA
Burkholderia_pseudomallei	SRR10104070	NA
Burkholderia_pseudomallei	SRR10104071	NA
Burkholderia_pseudomallei	SRR10104072	NA
Burkholderia_pseudomallei	SRR10104073	NA
Burkholderia_pseudomallei	SRR10104074	NA
Burkholderia_pseudomallei	SRR10104075	NA
Burkholderia_pseudomallei	SRR10104076	NA
Burkholderia_pseudomallei	SRR10104077	NA
Burkholderia_pseudomallei	SRR10104078	NA
Burkholderia_pseudomallei	SRR10104079	NA
Burkholderia_pseudomallei	SRR10104080	NA
Burkholderia_pseudomallei	SRR10104081	NA
Burkholderia_pseudomallei	SRR10104082	NA
Burkholderia_pseudomallei	SRR10104083	NA
Burkholderia_pseudomallei	SRR10104084	NA
Burkholderia_pseudomallei	SRR10104085	NA
Burkholderia_pseudomallei	SRR10104086	NA
Burkholderia_pseudomallei	SRR10104087	NA
Burkholderia_pseudomallei	SRR10104088	NA
Burkholderia_pseudomallei	SRR10104089	NA
Burkholderia_pseudomallei	SRR10104090	NA
Burkholderia_pseudomallei	SRR10104091	NA
Burkholderia_pseudomallei	SRR10104092	NA
Burkholderia_pseudomallei	SRR10104093	NA
Burkholderia_pseudomallei	SRR10104094	NA
Burkholderia_pseudomallei	SRR10104095	NA
Burkholderia_pseudomallei	SRR10104096	NA
Burkholderia_pseudomallei	SRR10104097	NA
Burkholderia_pseudomallei	SRR10104098	NA
Burkholderia_pseudomallei	SRR10104099	NA
Burkholderia_pseudomallei	SRR10104100	NA
Burkholderia_pseudomallei	SRR10104101	NA
Burkholderia_pseudomallei	SRR10104102	NA
Burkholderia_pseudomallei	SRR10104103	NA
Burkholderia_pseudomallei	SRR10104104	NA
Burkholderia_pseudomallei	SRR10104105	NA
Burkholderia_pseudomallei	SRR10104106	NA
Burkholderia_pseudomallei	SRR10104107	NA
Burkholderia_pseudomallei	SRR10104108	NA
Burkholderia_pseudomallei	SRR10104109	NA
Burkholderia_pseudomallei	SRR10104110	NA
Burkholderia_pseudomallei	SRR10104111	NA
Burkholderia_pseudomallei	SRR10104112	NA
Burkholderia_pseudomallei	SRR10104113	NA
Burkholderia_pseudomallei	SRR10104114	NA
Burkholderia_pseudomallei	SRR10104115	NA
Burkholderia_pseudomallei	SRR10104116	NA
Burkholderia_pseudomallei	SRR10104117	NA
Burkholderia_pseudomallei	SRR10104118	NA
Burkholderia_pseudomallei	SRR10104119	NA
Burkholderia_pseudomallei	SRR10104120	NA
Burkholderia_pseudomallei	SRR10104121	NA
Burkholderia_pseudomallei	SRR10104122	NA
Burkholderia_pseudomallei	SRR10104123	NA
Burkholderia_pseudomallei	SRR10104124	NA
Burkholderia_pseudomallei	SRR10104125	NA
Burkholderia_pseudomallei	SRR10104126	NA
Burkholderia_pseudomallei	SRR10104127	NA
Burkholderia_pseudomallei	SRR10104128	NA
Burkholderia_pseudomallei	SRR10104129	NA
Burkholderia_pseudomallei	SRR10104130	NA
Burkholderia_pseudomallei	SRR10104131	NA
Burkholderia_pseudomallei	SRR10104132	NA
Burkholderia_pseudomallei	SRR10104133	NA
Burkholderia_pseudomallei	SRR10104134	NA
Burkholderia_pseudomallei	SRR10104135	NA
Burkholderia_pseudomallei	SRR10104136	NA
Burkholderia_pseudomallei	SRR10104137	NA
Burkholderia_pseudomallei	SRR10104138	NA
Burkholderia_pseudomallei	SRR10104139	NA
Burkholderia_pseudomallei	SRR10104140	NA
Burkholderia_pseudomallei	SRR10104141	NA
Burkholderia_pseudomallei	SRR10104142	NA
Burkholderia_pseudomallei	SRR10104143	NA
Burkholderia_pseudomallei	SRR10104144	NA
Burkholderia_pseudomallei	SRR10104145	NA
Burkholderia_pseudomallei	SRR10104146	NA
Burkholderia_pseudomallei	SRR10104147	NA
Burkholderia_pseudomallei	SRR10104148	NA
Burkholderia_pseudomallei	SRR10104149	NA
Burkholderia_pseudomallei	SRR10104150	NA
Burkholderia_pseudomallei	SRR10104151	NA
Burkholderia_pseudomallei	SRR10104152	NA
Burkholderia_pseudomallei	SRR10104153	NA
Burkholderia_pseudomallei	SRR10104154	NA
Burkholderia_pseudomallei	SRR10104155	NA
Burkholderia_pseudomallei	SRR10104156	NA
Burkholderia_pseudomallei	SRR10104157	NA
Burkholderia_pseudomallei	SRR10104158	NA
Burkholderia_pseudomallei	SRR10104159	NA
Burkholderia_pseudomallei	SRR10104160	NA
Burkholderia_pseudomallei	SRR10104161	NA
Burkholderia_pseudomallei	SRR10104162	NA
Burkholderia_pseudomallei	SRR10104163	NA
Burkholderia_pseudomallei	SRR10104164	NA
Burkholderia_pseudomallei	SRR10104165	NA
Burkholderia_pseudomallei	SRR10104166	NA
Burkholderia_pseudomallei	SRR10104167	NA
Burkholderia_pseudomallei	SRR10104168	NA
Burkholderia_pseudomallei	SRR10104169	NA
Burkholderia_pseudomallei	SRR10104170	NA
Burkholderia_pseudomallei	SRR10104171	NA
Burkholderia_pseudomallei	SRR10104172	NA
Burkholderia_pseudomallei	SRR10104173	NA
Burkholderia_pseudomallei	SRR10104174	NA
Burkholderia_pseudomallei	SRR10104175	NA
Burkholderia_pseudomallei	SRR10104176	NA
Burkholderia_pseudomallei	SRR10104177	NA
Burkholderia_pseudomallei	SRR10104178	NA
Burkholderia_pseudomallei	SRR10104179	NA
Burkholderia_pseudomallei	SRR10104180	NA
Burkholderia_pseudomallei	SRR10104181	NA
Burkholderia_pseudomallei	SRR10104182	NA
Burkholderia_pseudomallei	SRR10104183	NA
Burkholderia_pseudomallei	SRR10104184	NA
Burkholderia_pseudomallei	SRR10104185	NA
Burkholderia_pseudomallei	SRR10104186	NA
Burkholderia_pseudomallei	SRR10104187	NA
Burkholderia_pseudomallei	SRR10104188	NA
Burkholderia_pseudomallei	SRR10104189	NA
Burkholderia_pseudomallei	SRR10104190	NA
Burkholderia_pseudomallei	SRR10104191	NA
Burkholderia_pseudomallei	SRR10104192	NA
Burkholderia_pseudomallei	SRR10104193	NA
Burkholderia_pseudomallei	SRR10104194	NA
Burkholderia_pseudomallei	SRR10104195	NA
Burkholderia_pseudomallei	SRR10104196	NA
Burkholderia_pseudomallei	SRR10104197	NA
Burkholderia_pseudomallei	SRR10104198	NA
Burkholderia_pseudomallei	SRR10104199	NA
Burkholderia_pseudomallei	SRR10104200	NA
Burkholderia_pseudomallei	SRR10104201	NA
Burkholderia_pseudomallei	SRR10104202	NA
Burkholderia_pseudomallei	SRR10104203	NA
Burkholderia_pseudomallei	SRR10104204	NA
Burkholderia_pseudomallei	SRR10104205	NA
Burkholderia_pseudomallei	SRR10104206	NA
Burkholderia_pseudomallei	SRR10104207	NA
Burkholderia_pseudomallei	SRR10104208	NA
Burkholderia_pseudomallei	SRR10104209	NA
Burkholderia_pseudomallei	SRR10104210	NA
Burkholderia_pseudomallei	SRR10104211	NA
Burkholderia_pseudomallei	SRR10104212	NA
Burkholderia_pseudomallei	SRR10104213	NA
Burkholderia_pseudomallei	SRR10104214	NA
Burkholderia_pseudomallei	SRR10104215	NA
Burkholderia_pseudomallei	SRR10104216	NA
Burkholderia_pseudomallei	SRR10104217	NA
Burkholderia_pseudomallei	SRR10104218	NA
Burkholderia_pseudomallei	SRR10104219	NA
Burkholderia_pseudomallei	SRR10104220	NA
Burkholderia_pseudomallei	SRR10104221	NA
Burkholderia_pseudomallei	SRR10104222	NA
Burkholderia_pseudomallei	SRR10104223	NA
Burkholderia_pseudomallei	SRR10104224	NA
Burkholderia_pseudomallei	SRR10104225	NA
Burkholderia_pseudomallei	SRR10104226	NA
Burkholderia_pseudomallei	SRR10104227	NA
Burkholderia_pseudomallei	SRR10104228	NA
Burkholderia_pseudomallei	SRR10104229	NA
Burkholderia_pseudomallei	SRR10104230	NA
Burkholderia_pseudomallei	SRR10104231	NA
Burkholderia_pseudomallei	SRR10104232	NA
Burkholderia_pseudomallei	SRR10104233	NA
Burkholderia_pseudomallei	SRR10104234	NA
Burkholderia_pseudomallei	SRR10104235	NA
Burkholderia_pseudomallei	SRR10104236	NA
Burkholderia_pseudomallei	SRR10104237	NA
Burkholderia_pseudomallei	SRR10104238	NA
Burkholderia_pseudomallei	SRR10104239	NA
Burkholderia_pseudomallei	SRR10104240	NA
Burkholderia_pseudomallei	SRR10104241	NA
Burkholderia_pseudomallei	SRR10104242	NA
Burkholderia_pseudomallei	SRR10104243	NA
Burkholderia_pseudomallei	SRR10104244	NA
Burkholderia_pseudomallei	SRR10104245	NA
Burkholderia_pseudomallei	SRR10104246	NA
Burkholderia_pseudomallei	SRR10104247	NA
Burkholderia_pseudomallei	SRR10104248	NA
Burkholderia_pseudomallei	SRR10104249	NA
Burkholderia_pseudomallei	SRR10104250	NA
Burkholderia_pseudomallei	SRR10104251	NA
Burkholderia_pseudomallei	SRR10104252	NA
Burkholderia_pseudomallei	SRR10104253	NA
Burkholderia_pseudomallei	SRR10104254	NA
Burkholderia_pseudomallei	SRR10104255	NA
Burkholderia_pseudomallei	SRR10104256	NA
Burkholderia_pseudomallei	SRR10104257	NA
Burkholderia_pseudomallei	SRR10104258	NA
Burkholderia_pseudomallei	SRR10224277	1.3701638199222166
Burkholderia_pseudomallei	SRR10224278	1.3701638199222166
Burkholderia_pseudomallei	SRR10224279	1.3701638199222166
Burkholderia_pseudomallei	SRR10224280	1.3701638199222166
Burkholderia_pseudomallei	SRR10224281	1.3701638199222166
Burkholderia_pseudomallei	SRR10224282	1.3701638199222166
Burkholderia_pseudomallei	SRR10224283	1.3701638199222166
Burkholderia_pseudomallei	SRR10224284	1.3701638199222166
Burkholderia_pseudomallei	SRR10224285	1.3701638199222166
Burkholderia_pseudomallei	SRR10224286	1.3701638199222166
Burkholderia_pseudomallei	SRR10224287	1.3701638199222166
Burkholderia_pseudomallei	SRR10224288	1.3701638199222166
Burkholderia_pseudomallei	SRR10224289	1.3701638199222166
Burkholderia_pseudomallei	SRR10224290	1.3701638199222166
Burkholderia_pseudomallei	SRR10224291	1.3701638199222166
Burkholderia_pseudomallei	SRR10224292	1.3701638199222166
Burkholderia_pseudomallei	SRR10224293	1.3701638199222166
Burkholderia_pseudomallei	SRR10224294	1.3701638199222166
Burkholderia_pseudomallei	SRR10224295	1.3701638199222166
Burkholderia_pseudomallei	SRR10224296	1.3701638199222166
Burkholderia_pseudomallei	SRR10224297	1.3701638199222166
Burkholderia_pseudomallei	SRR10224298	1.3701638199222166
Burkholderia_pseudomallei	SRR10318388	NA
Burkholderia_pseudomallei	SRR10318389	NA
Burkholderia_pseudomallei	SRR10318390	NA
Burkholderia_pseudomallei	SRR10318391	NA
Burkholderia_pseudomallei	SRR10318392	NA
Burkholderia_pseudomallei	SRR10318393	NA
Burkholderia_pseudomallei	SRR10318394	NA
Burkholderia_pseudomallei	SRR10318395	NA
Burkholderia_pseudomallei	SRR10318396	NA
Burkholderia_pseudomallei	SRR10318397	NA
Burkholderia_pseudomallei	SRR10318398	NA
Burkholderia_pseudomallei	SRR10318399	NA
Burkholderia_pseudomallei	SRR10318400	NA
Burkholderia_pseudomallei	SRR10318401	NA
Burkholderia_pseudomallei	SRR10318402	NA
Burkholderia_pseudomallei	SRR10318403	NA
Burkholderia_pseudomallei	SRR10318404	NA
Burkholderia_pseudomallei	SRR10318405	NA
Burkholderia_pseudomallei	SRR10318406	NA
Burkholderia_pseudomallei	SRR10318407	NA
Burkholderia_pseudomallei	SRR10318408	NA
Burkholderia_pseudomallei	SRR10318409	NA
Burkholderia_pseudomallei	SRR10318410	NA
Burkholderia_pseudomallei	SRR10318411	NA
Burkholderia_pseudomallei	SRR10318412	NA
Burkholderia_pseudomallei	SRR10318413	NA
Burkholderia_pseudomallei	SRR10318414	NA
Burkholderia_pseudomallei	SRR10318415	NA
Burkholderia_pseudomallei	SRR10318416	NA
Burkholderia_pseudomallei	SRR10318417	NA
Burkholderia_pseudomallei	SRR10318418	NA
Burkholderia_pseudomallei	SRR10318419	NA
Burkholderia_pseudomallei	SRR10318420	NA
Burkholderia_pseudomallei	SRR10318421	NA
Burkholderia_pseudomallei	SRR10318422	NA
Burkholderia_pseudomallei	SRR10318423	NA
Burkholderia_pseudomallei	SRR10318424	NA
Burkholderia_pseudomallei	SRR10318425	NA
Burkholderia_pseudomallei	SRR10318426	NA
Burkholderia_pseudomallei	SRR10318427	NA
Burkholderia_pseudomallei	SRR10318428	NA
Burkholderia_pseudomallei	SRR10318429	NA
Burkholderia_pseudomallei	SRR10318430	NA
Burkholderia_pseudomallei	SRR10318431	NA
Burkholderia_pseudomallei	SRR10318432	NA
Burkholderia_pseudomallei	SRR10318433	NA
Burkholderia_pseudomallei	SRR10318434	NA
Burkholderia_pseudomallei	SRR10318435	NA
Burkholderia_pseudomallei	SRR10318436	NA
Burkholderia_pseudomallei	SRR10318437	NA
Burkholderia_pseudomallei	SRR10318438	NA
Burkholderia_pseudomallei	SRR10318439	NA
Burkholderia_pseudomallei	SRR10318440	NA
Burkholderia_pseudomallei	SRR10318441	NA
Burkholderia_pseudomallei	SRR10318442	NA
Burkholderia_pseudomallei	SRR10318443	NA
Burkholderia_pseudomallei	SRR10318444	NA
Burkholderia_pseudomallei	SRR10318445	NA
Burkholderia_pseudomallei	SRR10318446	NA
Burkholderia_pseudomallei	SRR10318447	NA
Burkholderia_pseudomallei	SRR10318448	NA
Burkholderia_pseudomallei	SRR10318449	NA
Burkholderia_pseudomallei	SRR10318450	NA
Burkholderia_pseudomallei	SRR10318451	NA
Burkholderia_pseudomallei	SRR10318452	NA
Burkholderia_pseudomallei	SRR10318453	NA
Burkholderia_pseudomallei	SRR10318454	NA
Burkholderia_pseudomallei	SRR10318455	NA
Burkholderia_pseudomallei	SRR10318456	NA
Burkholderia_pseudomallei	SRR10318457	NA
Burkholderia_pseudomallei	SRR10318458	NA
Burkholderia_pseudomallei	SRR10318459	NA
Burkholderia_pseudomallei	SRR10318460	NA
Burkholderia_pseudomallei	SRR10318461	NA
Burkholderia_pseudomallei	SRR10318462	NA
Burkholderia_pseudomallei	SRR10318463	NA
Burkholderia_pseudomallei	SRR10318464	NA
Burkholderia_pseudomallei	SRR10318465	NA
Burkholderia_pseudomallei	SRR10318466	NA
Burkholderia_pseudomallei	SRR10318467	NA
Burkholderia_pseudomallei	SRR10318468	NA
Burkholderia_pseudomallei	SRR10318469	NA
Burkholderia_pseudomallei	SRR10318470	NA
Burkholderia_pseudomallei	SRR10318471	NA
Burkholderia_pseudomallei	SRR10318472	NA
Burkholderia_pseudomallei	SRR10318473	NA
Burkholderia_pseudomallei	SRR10318474	NA
Burkholderia_pseudomallei	SRR10318475	NA
Burkholderia_pseudomallei	SRR10318476	NA
Burkholderia_pseudomallei	SRR10318495	NA
Burkholderia_pseudomallei	SRR10318496	NA
Burkholderia_pseudomallei	SRR10318497	NA
Burkholderia_pseudomallei	SRR10318498	NA
Burkholderia_pseudomallei	SRR10318499	NA
Burkholderia_pseudomallei	SRR10318500	NA
Burkholderia_pseudomallei	SRR10318501	NA
Burkholderia_pseudomallei	SRR10318502	NA
Burkholderia_pseudomallei	SRR10318503	NA
Burkholderia_pseudomallei	SRR10318504	NA
Burkholderia_pseudomallei	SRR10318505	NA
Burkholderia_pseudomallei	SRR10318506	NA
Burkholderia_pseudomallei	SRR10318507	NA
Burkholderia_pseudomallei	SRR10318508	NA
Burkholderia_pseudomallei	SRR10318509	NA
Burkholderia_pseudomallei	SRR10318510	NA
Burkholderia_pseudomallei	SRR10318511	NA
Burkholderia_pseudomallei	SRR10318512	NA
Burkholderia_pseudomallei	SRR10318513	NA
Burkholderia_pseudomallei	SRR10318514	NA
Burkholderia_pseudomallei	SRR10318515	NA
Burkholderia_pseudomallei	SRR10318516	NA
Burkholderia_pseudomallei	SRR10318517	NA
Burkholderia_pseudomallei	SRR10318518	NA
Burkholderia_pseudomallei	SRR10318519	NA
Burkholderia_pseudomallei	SRR10318520	NA
Burkholderia_pseudomallei	SRR10318521	NA
Burkholderia_pseudomallei	SRR10318522	NA
Burkholderia_pseudomallei	SRR10318523	NA
Burkholderia_pseudomallei	SRR10318524	NA
Burkholderia_pseudomallei	SRR10318525	NA
Burkholderia_pseudomallei	SRR10318526	NA
Burkholderia_pseudomallei	SRR10318527	NA
Burkholderia_pseudomallei	SRR10318528	NA
Burkholderia_pseudomallei	SRR10318529	NA
Burkholderia_pseudomallei	SRR10318530	NA
Burkholderia_pseudomallei	SRR10318531	NA
Burkholderia_pseudomallei	SRR10318532	NA
Burkholderia_pseudomallei	SRR10318533	NA
Burkholderia_pseudomallei	SRR10318534	NA
Burkholderia_pseudomallei	SRR10318535	NA
Burkholderia_pseudomallei	SRR10318536	NA
Burkholderia_pseudomallei	SRR10318537	NA
Burkholderia_pseudomallei	SRR10318538	NA
Burkholderia_pseudomallei	SRR10318539	NA
Burkholderia_pseudomallei	SRR10318540	NA
Burkholderia_pseudomallei	SRR10318541	NA
Burkholderia_pseudomallei	SRR10318542	NA
Burkholderia_pseudomallei	SRR10318543	NA
Burkholderia_pseudomallei	SRR10318544	NA
Burkholderia_pseudomallei	SRR10318545	NA
Burkholderia_pseudomallei	SRR10318546	NA
Burkholderia_pseudomallei	SRR10318547	NA
Burkholderia_pseudomallei	SRR10318548	NA
Burkholderia_pseudomallei	SRR10318549	NA
Burkholderia_pseudomallei	SRR10318568	NA
Burkholderia_pseudomallei	SRR10318569	NA
Burkholderia_pseudomallei	SRR10318570	NA
Burkholderia_pseudomallei	SRR10318571	NA
Burkholderia_pseudomallei	SRR10318572	NA
Burkholderia_pseudomallei	SRR10318573	NA
Burkholderia_pseudomallei	SRR10318574	NA
Burkholderia_pseudomallei	SRR10318575	NA
Burkholderia_pseudomallei	SRR10318576	NA
Burkholderia_pseudomallei	SRR10318577	NA
Burkholderia_pseudomallei	SRR10318578	NA
Burkholderia_pseudomallei	SRR10318579	NA
Burkholderia_pseudomallei	SRR10318580	NA
Burkholderia_pseudomallei	SRR10318581	NA
Burkholderia_pseudomallei	SRR10875803	1807.4054403480532
Burkholderia_pseudomallei	SRR10875804	1222.542774359557
Burkholderia_pseudomallei	SRR10875805	984.7400406486038
Burkholderia_pseudomallei	SRR10875806	886.7258953951914
Burkholderia_pseudomallei	SRR10875807	1072.8436591318562
Burkholderia_pseudomallei	SRR10875808	906.6570398154466
Burkholderia_pseudomallei	SRR10875809	795.5442356797245
Burkholderia_pseudomallei	SRR10875810	1481.9602837846724
Burkholderia_pseudomallei	SRR10875812	1000.6014558833017
Burkholderia_pseudomallei	SRR10875813	1229.2469762619453
Burkholderia_pseudomallei	SRR10875814	560.5305835911502
Burkholderia_pseudomallei	SRR10875815	884.2062079289
Burkholderia_pseudomallei	SRR10875816	875.360476927373
Burkholderia_pseudomallei	SRR10875817	720.8467593676029
Burkholderia_pseudomallei	SRR10875818	1283.747347723031
Burkholderia_pseudomallei	SRR10875819	810.5306018382619
Burkholderia_pseudomallei	SRR10875820	747.5998382732697
Burkholderia_pseudomallei	SRR10875821	812.9851308180869
Burkholderia_pseudomallei	SRR10875822	802.9688568512288
Burkholderia_pseudomallei	SRR10875823	769.1569301949219
Burkholderia_pseudomallei	SRR10875824	916.7239798852089
Burkholderia_pseudomallei	SRR10875825	1033.095336015282
Burkholderia_pseudomallei	SRR10875826	774.5115280401369
Burkholderia_pseudomallei	SRR10875827	1281.0818572051944
Burkholderia_pseudomallei	SRR10875829	1014.107495088818
Burkholderia_pseudomallei	SRR10875830	545.2177503881869
Burkholderia_pseudomallei	SRR10875831	586.4642524677114
Burkholderia_pseudomallei	SRR10875832	1098.8702087411182
Burkholderia_pseudomallei	SRR10875834	725.2719798863947
Burkholderia_pseudomallei	SRR10875835	679.7835488754922
Burkholderia_pseudomallei	SRR10875836	1128.345901309457
Burkholderia_pseudomallei	SRR10875837	1906.063778230458
Burkholderia_pseudomallei	SRR10875838	1155.450338226237
Burkholderia_pseudomallei	SRR10875839	811.0213008482409
Burkholderia_pseudomallei	SRR10875840	1066.6994789516946
Burkholderia_pseudomallei	SRR10875841	778.9842292671301
Burkholderia_pseudomallei	SRR10875842	976.3780444462594
Burkholderia_pseudomallei	SRR10875843	1129.1550642583252
Burkholderia_pseudomallei	SRR10875844	1629.6857665754571
Burkholderia_pseudomallei	SRR10875845	1154.0785413380145
Burkholderia_pseudomallei	SRR10875846	1071.4139045674156
Burkholderia_pseudomallei	SRR10875847	1255.6184865730606
Burkholderia_pseudomallei	SRR10875848	1137.7349485838874
Burkholderia_pseudomallei	SRR10875849	744.0168155724504
Burkholderia_pseudomallei	SRR10875850	631.0064579632173
Burkholderia_pseudomallei	SRR10875851	627.2773505287316
Burkholderia_pseudomallei	SRR10875852	1103.5633552733564
Burkholderia_pseudomallei	SRR10875853	799.3434220213812
Burkholderia_pseudomallei	SRR10875854	1062.9040719888417
Burkholderia_pseudomallei	SRR10875855	1099.111332717538
Burkholderia_pseudomallei	SRR10875856	2360.6047006365584
Burkholderia_pseudomallei	SRR10875857	955.0778005898652
Burkholderia_pseudomallei	SRR10875858	511.1213478943518
Burkholderia_pseudomallei	SRR10875859	820.5967632498683
Burkholderia_pseudomallei	SRR10875860	785.4151046531593
Burkholderia_pseudomallei	SRR10875861	653.8243376105559
Burkholderia_pseudomallei	SRR10875862	873.1084876933872
Burkholderia_pseudomallei	SRR10875863	1180.4976505231916
Burkholderia_pseudomallei	SRR10875864	1226.089689984237
Burkholderia_pseudomallei	SRR10875865	780.383884419018
Burkholderia_pseudomallei	SRR10875866	749.2713693532341
Burkholderia_pseudomallei	SRR10875867	824.0406388362153
Burkholderia_pseudomallei	SRR10875868	793.957824532498
Burkholderia_pseudomallei	SRR10875869	1864.9968935696959
Burkholderia_pseudomallei	SRR10875870	814.3523767667033
Burkholderia_pseudomallei	SRR10875871	1637.8378656992022
Burkholderia_pseudomallei	SRR10875872	680.0202858024461
Burkholderia_pseudomallei	SRR10875873	720.3816420634316
Burkholderia_pseudomallei	SRR10875874	886.9956113705019
Burkholderia_pseudomallei	SRR10875875	826.5196244158627
Burkholderia_pseudomallei	SRR10875876	590.1986035839097
Burkholderia_pseudomallei	SRR10875877	841.067318785821
Burkholderia_pseudomallei	SRR10875878	324.53121636162365
Burkholderia_pseudomallei	SRR10875879	599.6228681575318
Burkholderia_pseudomallei	SRR10875880	681.3013571398051
Burkholderia_pseudomallei	SRR10875881	1340.8365862063686
Burkholderia_pseudomallei	SRR10875882	1351.5985999360964
Burkholderia_pseudomallei	SRR10875883	567.857108774029
Burkholderia_pseudomallei	SRR10875884	1052.1412769336769
Burkholderia_pseudomallei	SRR10875885	573.2716813691959
Burkholderia_pseudomallei	SRR10875886	1028.5680481818088
Burkholderia_pseudomallei	SRR10875887	1053.13403709989
Burkholderia_pseudomallei	SRR10875888	241.88231759945154
Burkholderia_pseudomallei	SRR10875889	409.7612066827358
Burkholderia_pseudomallei	SRR10875890	1160.1703409232775
Burkholderia_pseudomallei	SRR10875891	1592.9640204754662
Burkholderia_pseudomallei	SRR10875892	1818.0735442685855
Burkholderia_pseudomallei	SRR10875893	761.2227259793539
Burkholderia_pseudomallei	SRR10875894	1039.3841206692446
Burkholderia_pseudomallei	SRR10875895	965.9132897700725
Burkholderia_pseudomallei	SRR10875896	439.86460195679535
Burkholderia_pseudomallei	SRR10875897	474.5878643159373
Burkholderia_pseudomallei	SRR10875898	2113.3371523888595
Burkholderia_pseudomallei	SRR10875899	647.724583535583
Burkholderia_pseudomallei	SRR10875900	977.9723709836732
Burkholderia_pseudomallei	SRR10875901	771.9666021081302
Burkholderia_pseudomallei	SRR10875902	549.5546308525757
Burkholderia_pseudomallei	SRR12430469	123.6120423831978
Burkholderia_pseudomallei	SRR12430470	107.37401903201537
Burkholderia_pseudomallei	SRR12430471	118.31891651611214
Burkholderia_pseudomallei	SRR12430472	105.88741179017956
Burkholderia_pseudomallei	SRR12430473	123.54909080471336
Burkholderia_pseudomallei	SRR12430474	101.96684515022602
Burkholderia_pseudomallei	SRR12430475	123.4485734363834
Burkholderia_pseudomallei	SRR12430476	65.27333803246353
Burkholderia_pseudomallei	SRR12765534	NA
Burkholderia_pseudomallei	SRR12765535	NA
Burkholderia_pseudomallei	SRR12765536	NA
Burkholderia_pseudomallei	SRR12765537	NA
Burkholderia_pseudomallei	SRR12765538	NA
Burkholderia_pseudomallei	SRR12765539	NA
Burkholderia_pseudomallei	SRR12765540	NA
Burkholderia_pseudomallei	SRR12765541	NA
Burkholderia_pseudomallei	SRR12765542	NA
Burkholderia_pseudomallei	SRR12765543	NA
Burkholderia_pseudomallei	SRR12765544	NA
Burkholderia_pseudomallei	SRR12765545	NA
Burkholderia_pseudomallei	SRR12765546	NA
Burkholderia_pseudomallei	SRR12765547	NA
Burkholderia_pseudomallei	SRR12765548	NA
Burkholderia_pseudomallei	SRR12765549	NA
Burkholderia_pseudomallei	SRR12765550	NA
Burkholderia_pseudomallei	SRR12765551	NA
Burkholderia_pseudomallei	SRR12765552	NA
Burkholderia_pseudomallei	SRR12765553	NA
Burkholderia_pseudomallei	SRR12765554	NA
Burkholderia_pseudomallei	SRR12765555	NA
Burkholderia_pseudomallei	SRR12765556	NA
Burkholderia_pseudomallei	SRR12765557	NA
Burkholderia_pseudomallei	SRR12765558	NA
Burkholderia_pseudomallei	SRR12765559	NA
Burkholderia_pseudomallei	SRR12765560	NA
Burkholderia_pseudomallei	SRR12765561	NA
Burkholderia_pseudomallei	SRR12765562	NA
Burkholderia_pseudomallei	SRR12765563	NA
Burkholderia_pseudomallei	SRR12765564	NA
Burkholderia_pseudomallei	SRR12765565	NA
Burkholderia_pseudomallei	SRR12765566	NA
Burkholderia_pseudomallei	SRR12765567	NA
Burkholderia_pseudomallei	SRR12765568	NA
Burkholderia_pseudomallei	SRR12765569	NA
Burkholderia_pseudomallei	SRR12765570	NA
Burkholderia_pseudomallei	SRR12765571	NA
Burkholderia_pseudomallei	SRR12765572	NA
Burkholderia_pseudomallei	SRR12765573	NA
Burkholderia_pseudomallei	SRR12765574	NA
Burkholderia_pseudomallei	SRR12765575	NA
Burkholderia_pseudomallei	SRR12765576	NA
Burkholderia_pseudomallei	SRR12765577	NA
Burkholderia_pseudomallei	SRR12765578	NA
Burkholderia_pseudomallei	SRR12765579	NA
Burkholderia_pseudomallei	SRR12765580	NA
Burkholderia_pseudomallei	SRR12765581	NA
Burkholderia_pseudomallei	SRR12765582	NA
Burkholderia_pseudomallei	SRR12765583	NA
Burkholderia_pseudomallei	SRR12765584	NA
Burkholderia_pseudomallei	SRR12765585	NA
Burkholderia_pseudomallei	SRR12765586	NA
Burkholderia_pseudomallei	SRR12765587	NA
Burkholderia_pseudomallei	SRR12765588	NA
Burkholderia_pseudomallei	SRR12765589	NA
Burkholderia_pseudomallei	SRR12765590	NA
Burkholderia_pseudomallei	SRR12765591	NA
Burkholderia_pseudomallei	SRR12765592	NA
Burkholderia_pseudomallei	SRR12765593	NA
Burkholderia_pseudomallei	SRR12765594	NA
Burkholderia_pseudomallei	SRR12765595	NA
Burkholderia_pseudomallei	SRR12765596	NA
Burkholderia_pseudomallei	SRR12765597	NA
Burkholderia_pseudomallei	SRR12765598	NA
Burkholderia_pseudomallei	SRR12765599	NA
Burkholderia_pseudomallei	SRR12765600	NA
Burkholderia_pseudomallei	SRR12765601	NA
Burkholderia_pseudomallei	SRR12765602	NA
Burkholderia_pseudomallei	SRR12765603	NA
Burkholderia_pseudomallei	SRR12765604	NA
Burkholderia_pseudomallei	SRR12765605	NA
Burkholderia_pseudomallei	SRR12765606	NA
Burkholderia_pseudomallei	SRR12765607	NA
Burkholderia_pseudomallei	SRR12765608	NA
Burkholderia_pseudomallei	SRR12765609	NA
Burkholderia_pseudomallei	SRR12765610	NA
Burkholderia_pseudomallei	SRR12765611	NA
Burkholderia_pseudomallei	SRR12765612	NA
Burkholderia_pseudomallei	SRR12765613	NA
Burkholderia_pseudomallei	SRR12765614	NA
Burkholderia_pseudomallei	SRR12765615	NA
Burkholderia_pseudomallei	SRR12765616	NA
Burkholderia_pseudomallei	SRR12765617	NA
Burkholderia_pseudomallei	SRR12765618	NA
Burkholderia_pseudomallei	SRR12765619	NA
Burkholderia_pseudomallei	SRR12765620	NA
Burkholderia_pseudomallei	SRR12765621	NA
Burkholderia_pseudomallei	SRR12765622	NA
Burkholderia_pseudomallei	SRR12765623	NA
Burkholderia_pseudomallei	SRR12765624	NA
Burkholderia_pseudomallei	SRR12765625	NA
Burkholderia_pseudomallei	SRR12765626	NA
Burkholderia_pseudomallei	SRR12765627	NA
Burkholderia_pseudomallei	SRR12765628	NA
Burkholderia_pseudomallei	SRR12765629	NA
Burkholderia_pseudomallei	SRR12765630	NA
Burkholderia_pseudomallei	SRR12765631	NA
Burkholderia_pseudomallei	SRR12765632	NA
Burkholderia_pseudomallei	SRR12765633	NA
Burkholderia_pseudomallei	SRR12765634	NA
Burkholderia_pseudomallei	SRR12765635	NA
Burkholderia_pseudomallei	SRR12765636	NA
Burkholderia_pseudomallei	SRR12765637	NA
Burkholderia_pseudomallei	SRR12765638	NA
Burkholderia_pseudomallei	SRR12765639	NA
Burkholderia_pseudomallei	SRR12765640	NA
Burkholderia_pseudomallei	SRR12765641	NA
Burkholderia_pseudomallei	SRR12765642	NA
Burkholderia_pseudomallei	SRR12765643	NA
Burkholderia_pseudomallei	SRR12765644	NA
Burkholderia_pseudomallei	SRR12765645	NA
Burkholderia_pseudomallei	SRR12765646	NA
Burkholderia_pseudomallei	SRR12765647	NA
Burkholderia_pseudomallei	SRR12765648	NA
Burkholderia_pseudomallei	SRR12765649	NA
Burkholderia_pseudomallei	SRR12765650	NA
Burkholderia_pseudomallei	SRR12765651	NA
Burkholderia_pseudomallei	SRR12765652	NA
Burkholderia_pseudomallei	SRR12774664	831.6850873612442
Burkholderia_pseudomallei	SRR12774665	535.4953319856679
Burkholderia_pseudomallei	SRR12774666	699.7296294699466
Burkholderia_pseudomallei	SRR12774667	531.7715625657366
Burkholderia_pseudomallei	SRR12774668	463.5991380952716
Burkholderia_pseudomallei	SRR12774669	428.53858660522343
Burkholderia_pseudomallei	SRR12774670	471.15471208260396
Burkholderia_pseudomallei	SRR12774671	353.89084502014157
Burkholderia_pseudomallei	SRR12774672	815.4637245073163
Burkholderia_pseudomallei	SRR12774673	511.95885603705324
Burkholderia_pseudomallei	SRR12774674	632.034309345915
Burkholderia_pseudomallei	SRR12774675	529.243805849075
Burkholderia_pseudomallei	SRR12774676	795.9309225292014
Burkholderia_pseudomallei	SRR12774677	480.47740255376203
Burkholderia_pseudomallei	SRR12774678	442.1139276974206
Burkholderia_pseudomallei	SRR12774679	757.1721456879476
Burkholderia_pseudomallei	SRR12774680	604.5423570118231
Burkholderia_pseudomallei	SRR12774681	674.368610570944
Burkholderia_pseudomallei	SRR12774682	522.5981561606756
Burkholderia_pseudomallei	SRR12774683	1212.4133153857417
Burkholderia_pseudomallei	SRR12774684	907.0771645373239
Burkholderia_pseudomallei	SRR12774685	793.0772096012718
Burkholderia_pseudomallei	SRR12774686	751.1020869177636
Burkholderia_pseudomallei	SRR12774687	744.7413504607359
Burkholderia_pseudomallei	SRR1609360	135.95851426742834
Burkholderia_pseudomallei	SRR1609361	148.70614664893367
Burkholderia_pseudomallei	SRR1609362	142.81956053845892
Burkholderia_pseudomallei	SRR1609363	285.25611796150065
Burkholderia_pseudomallei	SRR1609364	243.45475882170877
Burkholderia_pseudomallei	SRR1609365	280.68578374820385
Burkholderia_pseudomallei	SRR1609366	206.5456384414639
Burkholderia_pseudomallei	SRR1609367	251.6847514783401
Burkholderia_pseudomallei	SRR1609368	319.34665048981975
Burkholderia_pseudomallei	SRR1609369	402.2815204577438
Burkholderia_pseudomallei	SRR1609370	361.9450685388925
Burkholderia_pseudomallei	SRR1609371	605.5366276448979
Burkholderia_pseudomallei	SRR1609372	494.23099380775705
Burkholderia_pseudomallei	SRR1609373	315.2131903084616
Burkholderia_pseudomallei	SRR1609374	309.9854125297366
Burkholderia_pseudomallei	SRR1609375	326.40533767703863
Burkholderia_pseudomallei	SRR1609376	221.3805771023731
Burkholderia_pseudomallei	SRR1609377	274.2764123463237
Burkholderia_pseudomallei	SRR1609378	309.4385397967114
Burkholderia_pseudomallei	SRR1609379	290.68733570227187
Burkholderia_pseudomallei	SRR1609380	232.00397685157847
Burkholderia_pseudomallei	SRR1609381	384.9409935519826
Burkholderia_pseudomallei	SRR1609382	175.66858245826776
Burkholderia_pseudomallei	SRR1609383	305.40114991901066
Burkholderia_pseudomallei	SRR1609384	204.7558476340333
Burkholderia_pseudomallei	SRR1609385	224.94345880073394
Burkholderia_pseudomallei	SRR1609386	240.13770876568054
Burkholderia_pseudomallei	SRR1609387	249.47462590820112
Burkholderia_pseudomallei	SRR1609388	158.28042149817549
Burkholderia_pseudomallei	SRR1609389	377.26446163221516
Burkholderia_pseudomallei	SRR1609390	211.6319229604456
Burkholderia_pseudomallei	SRR1609391	192.05314182986973
Burkholderia_pseudomallei	SRR1609392	150.22135777497454
Burkholderia_pseudomallei	SRR1609393	198.07714965715562
Burkholderia_pseudomallei	SRR1609394	99.88668608501655
Burkholderia_pseudomallei	SRR1609395	158.54622649988673
Burkholderia_pseudomallei	SRR1609396	375.0899081105658
Burkholderia_pseudomallei	SRR1609397	154.44589305592413
Burkholderia_pseudomallei	SRR1609398	263.3051521904996
Burkholderia_pseudomallei	SRR1609399	350.87670002373915
Burkholderia_pseudomallei	SRR1609400	331.57019331083313
Burkholderia_pseudomallei	SRR1609401	275.86103882313506
Burkholderia_pseudomallei	SRR1609402	336.0402560521138
Burkholderia_pseudomallei	SRR1609403	268.73851031395753
Burkholderia_pseudomallei	SRR1609404	292.4389484923958
Burkholderia_pseudomallei	SRR1609405	537.3753070014192
Burkholderia_pseudomallei	SRR1609406	505.7656730748334
Burkholderia_pseudomallei	SRR1609407	697.778539831181
Burkholderia_pseudomallei	SRR1609408	482.608812259197
Burkholderia_pseudomallei	SRR1609409	308.7423642448161
Burkholderia_pseudomallei	SRR1609410	628.0082375996849
Burkholderia_pseudomallei	SRR1609411	77.80722210093265
Burkholderia_pseudomallei	SRR1609412	346.5259515874969
Burkholderia_pseudomallei	SRR1609413	725.8832826162112
Burkholderia_pseudomallei	SRR1609414	283.7692831897612
Burkholderia_pseudomallei	SRR1609415	349.32717194357645
Burkholderia_pseudomallei	SRR1609416	328.39118591066574
Burkholderia_pseudomallei	SRR1609417	242.87857781616583
Burkholderia_pseudomallei	SRR1609418	211.4628690879332
Burkholderia_pseudomallei	SRR1609419	251.20237151404348
Burkholderia_pseudomallei	SRR1609420	298.4013857826009
Burkholderia_pseudomallei	SRR1609421	207.3698607925178
Burkholderia_pseudomallei	SRR1609422	215.55569881221578
Burkholderia_pseudomallei	SRR1609423	236.1768892707016
Burkholderia_pseudomallei	SRR1609424	184.9928657702947
Burkholderia_pseudomallei	SRR1609425	397.0867462327373
Burkholderia_pseudomallei	SRR1609426	282.3404035595895
Burkholderia_pseudomallei	SRR1609427	321.63831705833144
Burkholderia_pseudomallei	SRR1609428	328.9316958312041
Burkholderia_pseudomallei	SRR1609429	253.94189184597462
Burkholderia_pseudomallei	SRR1609430	298.7765698726282
Burkholderia_pseudomallei	SRR1609431	180.26562932996944
Burkholderia_pseudomallei	SRR1609432	339.8505902986299
Burkholderia_pseudomallei	SRR1609433	208.75607637016546
Burkholderia_pseudomallei	SRR1609434	358.2132267881427
Burkholderia_pseudomallei	SRR1609435	255.78583669532958
Burkholderia_pseudomallei	SRR1609436	272.6498643805477
Burkholderia_pseudomallei	SRR1609437	156.97948318609218
Burkholderia_pseudomallei	SRR1609438	4.094187826792561
Burkholderia_pseudomallei	SRR1609439	5.478291928940695
Burkholderia_pseudomallei	SRR1609440	334.21794429908425
Burkholderia_pseudomallei	SRR1609441	375.44962598671833
Burkholderia_pseudomallei	SRR1609442	316.22296323536585
Burkholderia_pseudomallei	SRR1609443	212.78312152968743
Burkholderia_pseudomallei	SRR1609444	312.467383819674
Burkholderia_pseudomallei	SRR1609445	241.75198917503386
Burkholderia_pseudomallei	SRR1609446	184.20566295046285
Burkholderia_pseudomallei	SRR1609447	38.34738830937271
Burkholderia_pseudomallei	SRR1609448	271.5327920529045
Burkholderia_pseudomallei	SRR1609449	326.2969652664173
Burkholderia_pseudomallei	SRR1609450	279.88219262593975
Burkholderia_pseudomallei	SRR1609451	189.63428059315774
Burkholderia_pseudomallei	SRR1609452	28.76054123202953
Burkholderia_pseudomallei	SRR1609453	406.27896093886875
Burkholderia_pseudomallei	SRR1609454	147.3724006636963
Burkholderia_pseudomallei	SRR1609455	38.34286245777613
Burkholderia_pseudomallei	SRR1609456	199.32362087527363
Burkholderia_pseudomallei	SRR1609457	231.90632869732377
Burkholderia_pseudomallei	SRR1609458	36.98117395829648
Burkholderia_pseudomallei	SRR1609459	347.810642066161
Burkholderia_pseudomallei	SRR1609460	243.01965993862086
Burkholderia_pseudomallei	SRR1609461	292.01568279658346
Burkholderia_pseudomallei	SRR1609462	309.69051578882596
Burkholderia_pseudomallei	SRR1609463	177.65108039079323
Burkholderia_pseudomallei	SRR1609464	212.8598771872015
Burkholderia_pseudomallei	SRR1609465	144.76554725425146
Burkholderia_pseudomallei	SRR1609466	135.98336257448702
Burkholderia_pseudomallei	SRR1609467	276.04244799184795
Burkholderia_pseudomallei	SRR1609468	326.65989770235285
Burkholderia_pseudomallei	SRR1609469	4.095777806691431
Burkholderia_pseudomallei	SRR1609470	201.9215194640219
Burkholderia_pseudomallei	SRR1609471	328.7226428759915
Burkholderia_pseudomallei	SRR1609472	155.90301995200457
Burkholderia_pseudomallei	SRR1609473	162.90549568043136
Burkholderia_pseudomallei	SRR1609474	351.9833562883017
Burkholderia_pseudomallei	SRR1609475	245.38022793166766
Burkholderia_pseudomallei	SRR1609476	537.98449790359
Burkholderia_pseudomallei	SRR1609477	262.7577582953318
Burkholderia_pseudomallei	SRR1609478	10.900507243200034
Burkholderia_pseudomallei	SRR1609479	185.72858397896488
Burkholderia_pseudomallei	SRR1609480	2.731297414090446
Burkholderia_pseudomallei	SRR1609481	343.79769683973655
Burkholderia_pseudomallei	SRR1609482	246.68023469304234
Burkholderia_pseudomallei	SRR1609483	224.8999523010145
Burkholderia_pseudomallei	SRR1609484	196.2171401291945
Burkholderia_pseudomallei	SRR1609485	511.2027810627584
Burkholderia_pseudomallei	SRR1609486	304.4572144174857
Burkholderia_pseudomallei	SRR1609487	307.27155437696393
Burkholderia_pseudomallei	SRR1609488	315.5068333301289
Burkholderia_pseudomallei	SRR1609489	407.7361851419166
Burkholderia_pseudomallei	SRR1609490	146.27335122934943
Burkholderia_pseudomallei	SRR1609491	274.41711304832586
Burkholderia_pseudomallei	SRR1609492	455.12780047770696
Burkholderia_pseudomallei	SRR1609493	309.79354556063714
Burkholderia_pseudomallei	SRR1609494	319.5617974485822
Burkholderia_pseudomallei	SRR1609495	391.4177064116063
Burkholderia_pseudomallei	SRR1609496	423.2303733581145
Burkholderia_pseudomallei	SRR1609497	366.6131664775049
Burkholderia_pseudomallei	SRR1609498	297.6265206195773
Burkholderia_pseudomallei	SRR1609499	353.3161125447462
Burkholderia_pseudomallei	SRR1609500	350.38533285408204
Burkholderia_pseudomallei	SRR1609501	384.7661015450108
Burkholderia_pseudomallei	SRR1609502	224.69237291173783
Burkholderia_pseudomallei	SRR1609503	35.109471058778034
Burkholderia_pseudomallei	SRR1609504	407.98143127546956
Burkholderia_pseudomallei	SRR1609505	513.7220981439986
Burkholderia_pseudomallei	SRR1609506	180.41467153435386
Burkholderia_pseudomallei	SRR1609507	240.3861587277173
Burkholderia_pseudomallei	SRR1609508	204.87456709748633
Burkholderia_pseudomallei	SRR1609509	313.9182159384935
Burkholderia_pseudomallei	SRR1609510	131.0648898141258
Burkholderia_pseudomallei	SRR1609511	94.06726458939782
Burkholderia_pseudomallei	SRR1609512	270.21639656830905
Burkholderia_pseudomallei	SRR1609513	293.31946357358476
Burkholderia_pseudomallei	SRR1609514	110.11400725518409
Burkholderia_pseudomallei	SRR1609515	257.64620165563025
Burkholderia_pseudomallei	SRR1609516	309.8638494195037
Burkholderia_pseudomallei	SRR1609517	132.36224874424576
Burkholderia_pseudomallei	SRR1609518	298.9435375456886
Burkholderia_pseudomallei	SRR1609519	395.2787040442073
Burkholderia_pseudomallei	SRR1609520	157.83245062378086
Burkholderia_pseudomallei	SRR1609521	353.5946425116155
Burkholderia_pseudomallei	SRR1609522	212.80816045166182
Burkholderia_pseudomallei	SRR1609523	323.5595763523277
Burkholderia_pseudomallei	SRR1609524	233.52592890473312
Burkholderia_pseudomallei	SRR1609525	259.2985623635289
Burkholderia_pseudomallei	SRR1609526	318.84812504968176
Burkholderia_pseudomallei	SRR1609527	436.882966047086
Burkholderia_pseudomallei	SRR1609528	317.34064407220416
Burkholderia_pseudomallei	SRR1609529	160.990232987385
Burkholderia_pseudomallei	SRR1609530	237.4859546665125
Burkholderia_pseudomallei	SRR1609531	328.7151558350776
Burkholderia_pseudomallei	SRR1609532	278.822674189456
Burkholderia_pseudomallei	SRR1609533	114.61685694695467
Burkholderia_pseudomallei	SRR1609534	340.6547571687404
Burkholderia_pseudomallei	SRR1609535	128.5780795595868
Burkholderia_pseudomallei	SRR1609536	189.89487873862137
Burkholderia_pseudomallei	SRR1609537	448.50902690600094
Burkholderia_pseudomallei	SRR1609538	353.70301512471275
Burkholderia_pseudomallei	SRR1609539	217.80820610510705
Burkholderia_pseudomallei	SRR1609540	463.49052149690095
Burkholderia_pseudomallei	SRR1609541	172.56501715327724
Burkholderia_pseudomallei	SRR1609542	414.91798976218274
Burkholderia_pseudomallei	SRR1609543	291.59614854970897
Burkholderia_pseudomallei	SRR1609544	233.07813238468776
Burkholderia_pseudomallei	SRR1609545	789.7559341221987
Burkholderia_pseudomallei	SRR1609546	445.7688250867253
Burkholderia_pseudomallei	SRR1609547	287.65496852699914
Burkholderia_pseudomallei	SRR1609548	165.3801155731577
Burkholderia_pseudomallei	SRR1609549	230.54217382263363
Burkholderia_pseudomallei	SRR1609550	566.0576630437198
Burkholderia_pseudomallei	SRR1609551	180.55470825552678
Burkholderia_pseudomallei	SRR1609552	286.5931478754793
Burkholderia_pseudomallei	SRR1609553	301.72229842626876
Burkholderia_pseudomallei	SRR1609554	225.15227879175828
Burkholderia_pseudomallei	SRR1609555	383.6433957458004
Burkholderia_pseudomallei	SRR1609556	139.3026964144684
Burkholderia_pseudomallei	SRR1609557	207.5224062397212
Burkholderia_pseudomallei	SRR1609558	268.9503651536226
Burkholderia_pseudomallei	SRR1609559	86.21914034180831
Burkholderia_pseudomallei	SRR1609560	204.78889033457153
Burkholderia_pseudomallei	SRR1609561	301.5048633891213
Burkholderia_pseudomallei	SRR1609562	363.99941515027854
Burkholderia_pseudomallei	SRR1609563	264.7244974884915
Burkholderia_pseudomallei	SRR1609564	414.41505451487615
Burkholderia_pseudomallei	SRR1609565	191.1911893901109
Burkholderia_pseudomallei	SRR1609566	345.944461943068
Burkholderia_pseudomallei	SRR1609567	31.499640396984724
Burkholderia_pseudomallei	SRR1609568	399.46654679473164
Burkholderia_pseudomallei	SRR1609569	453.9480695837295
Burkholderia_pseudomallei	SRR1609570	232.8149242912042
Burkholderia_pseudomallei	SRR1609571	391.60588879669433
Burkholderia_pseudomallei	SRR1609572	8.191381679805765
Burkholderia_pseudomallei	SRR1609573	141.62740155364946
Burkholderia_pseudomallei	SRR1609574	316.3011565064087
Burkholderia_pseudomallei	SRR1609575	5.4417752607738645
Burkholderia_pseudomallei	SRR1609576	341.03871867253497
Burkholderia_pseudomallei	SRR1609577	286.1581979051451
Burkholderia_pseudomallei	SRR1609578	215.58884997165282
Burkholderia_pseudomallei	SRR1609579	232.59185573406165
Burkholderia_pseudomallei	SRR1609580	214.03014353872993
Burkholderia_pseudomallei	SRR1609581	108.06030090646125
Burkholderia_pseudomallei	SRR1609582	254.42045529875685
Burkholderia_pseudomallei	SRR1609583	105.38277832356557
Burkholderia_pseudomallei	SRR1609584	281.36107214721454
Burkholderia_pseudomallei	SRR1609585	238.454794374762
Burkholderia_pseudomallei	SRR1609586	76.65067661518252
Burkholderia_pseudomallei	SRR1609587	189.32988984220594
Burkholderia_pseudomallei	SRR1609588	142.04636652092384
Burkholderia_pseudomallei	SRR1609589	327.7556896908535
Burkholderia_pseudomallei	SRR1609590	459.85647244134873
Burkholderia_pseudomallei	SRR1609591	425.52588665572404
Burkholderia_pseudomallei	SRR1609592	191.0280949115911
Burkholderia_pseudomallei	SRR1609593	258.1197021797502
Burkholderia_pseudomallei	SRR1609594	249.27716013255846
Burkholderia_pseudomallei	SRR1609595	204.87456709748633
Burkholderia_pseudomallei	SRR1609596	416.1039969849864
Burkholderia_pseudomallei	SRR1609597	300.3570391573716
Burkholderia_pseudomallei	SRR1609598	167.59529886420052
Burkholderia_pseudomallei	SRR1609599	400.06255093245676
Burkholderia_pseudomallei	SRR1609600	117.1290386294964
Burkholderia_pseudomallei	SRR1609601	158.07345320603764
Burkholderia_pseudomallei	SRR1609602	120.06013836726105
Burkholderia_pseudomallei	SRR1609603	475.7894977057948
Burkholderia_pseudomallei	SRR1609604	296.78447167285407
Burkholderia_pseudomallei	SRR1609605	251.1671730977475
Burkholderia_pseudomallei	SRR1609606	170.92879398883855
Burkholderia_pseudomallei	SRR1609607	257.6541218396176
Burkholderia_pseudomallei	SRR1609608	165.26548412530565
Burkholderia_pseudomallei	SRR1609609	142.12086431263458
Burkholderia_pseudomallei	SRR1609610	491.4981735036533
Burkholderia_pseudomallei	SRR1609611	197.61676259939856
Burkholderia_pseudomallei	SRR1609612	351.95195767005606
Burkholderia_pseudomallei	SRR1609613	481.6636964556547
Burkholderia_pseudomallei	SRR1609614	172.3331438850298
Burkholderia_pseudomallei	SRR1609615	264.93636244058223
Burkholderia_pseudomallei	SRR1609616	664.649202473296
Burkholderia_pseudomallei	SRR1609617	684.3301229160126
Burkholderia_pseudomallei	SRR1609618	301.43588979067283
Burkholderia_pseudomallei	SRR1609619	295.9867780252703
Burkholderia_pseudomallei	SRR1609620	388.2452079177714
Burkholderia_pseudomallei	SRR1609621	2.7385406137751485
Burkholderia_pseudomallei	SRR1609622	43.13815809301468
Burkholderia_pseudomallei	SRR1609623	2.7390991649551935
Burkholderia_pseudomallei	SRR1609624	30.123946751526635
Burkholderia_pseudomallei	SRR1609625	297.2140177517116
Burkholderia_pseudomallei	SRR1609626	253.6869845743803
Burkholderia_pseudomallei	SRR1609627	2.7393462191330724
Burkholderia_pseudomallei	SRR1609628	358.80443018705387
Burkholderia_pseudomallei	SRR1609629	180.26597856781885
Burkholderia_pseudomallei	SRR1609630	289.4391455448743
Burkholderia_pseudomallei	SRR1609631	323.566446728623
Burkholderia_pseudomallei	SRR1609632	450.4043967813168
Burkholderia_pseudomallei	SRR1609633	258.0377288112323
Burkholderia_pseudomallei	SRR1609634	256.9542291549888
Burkholderia_pseudomallei	SRR1609635	187.9286674461887
Burkholderia_pseudomallei	SRR1609636	228.528450757737
Burkholderia_pseudomallei	SRR1609637	264.6972471621706
Burkholderia_pseudomallei	SRR1609638	1.3695495824775967
Burkholderia_pseudomallei	SRR1609639	453.19294276332704
Burkholderia_pseudomallei	SRR1609640	201.14021537676442
Burkholderia_pseudomallei	SRR1609641	4.107361232653835
Burkholderia_pseudomallei	SRR1609642	513.8035827584362
Burkholderia_pseudomallei	SRR1609643	200.91633875416682
Burkholderia_pseudomallei	SRR1609644	474.271901685006
Burkholderia_pseudomallei	SRR1609645	247.01599888315118
Burkholderia_pseudomallei	SRR1609646	346.6748993407711
Burkholderia_pseudomallei	SRR1609647	136.48618084282327
Burkholderia_pseudomallei	SRR1609648	355.643566484165
Burkholderia_pseudomallei	SRR1609649	178.79689690409847
Burkholderia_pseudomallei	SRR1609650	308.0943467500189
Burkholderia_pseudomallei	SRR1609651	267.5129144519336
Burkholderia_pseudomallei	SRR1609652	307.1768129927162
Burkholderia_pseudomallei	SRR1609653	93.10018794015359
Burkholderia_pseudomallei	SRR1609654	133.31182371992173
Burkholderia_pseudomallei	SRR1609655	326.06182058823526
Burkholderia_pseudomallei	SRR1609656	249.143366673812
Burkholderia_pseudomallei	SRR1609657	2.7391459644703473
Burkholderia_pseudomallei	SRR1609658	167.9233244360182
Burkholderia_pseudomallei	SRR1609659	298.8384791236064
Burkholderia_pseudomallei	SRR1609660	293.98223449373563
Burkholderia_pseudomallei	SRR1609661	364.26184546114945
Burkholderia_pseudomallei	SRR1609662	278.5128908550173
Burkholderia_pseudomallei	SRR1609663	221.46058784256644
Burkholderia_pseudomallei	SRR1609664	354.4563593223686
Burkholderia_pseudomallei	SRR1609665	368.7251509022102
Burkholderia_pseudomallei	SRR1609666	130.093778459133
Burkholderia_pseudomallei	SRR1609667	333.75586609084235
Burkholderia_pseudomallei	SRR1609668	272.3673375443349
Burkholderia_pseudomallei	SRR1609669	178.73886277445538
Burkholderia_pseudomallei	SRR1746771	NA
Burkholderia_pseudomallei	SRR1746772	NA
Burkholderia_pseudomallei	SRR1746773	NA
Burkholderia_pseudomallei	SRR1746774	NA
Burkholderia_pseudomallei	SRR1746775	NA
Burkholderia_pseudomallei	SRR1746776	NA
Burkholderia_pseudomallei	SRR1746777	NA
Burkholderia_pseudomallei	SRR1746778	NA
Burkholderia_pseudomallei	SRR1746779	NA
Burkholderia_pseudomallei	SRR1746780	NA
Burkholderia_pseudomallei	SRR1746781	NA
Burkholderia_pseudomallei	SRR1746782	NA
Burkholderia_pseudomallei	SRR1746783	NA
Burkholderia_pseudomallei	SRR1746784	NA
Burkholderia_pseudomallei	SRR1782685	170.92879398883855
Burkholderia_pseudomallei	SRR1782686	212.80816045166182
Burkholderia_pseudomallei	SRR1782687	189.32988984220594
Burkholderia_pseudomallei	SRR1782688	233.52592890473312
Burkholderia_pseudomallei	SRR1782689	232.8149242912042
Burkholderia_pseudomallei	SRR1782690	165.26548412530565
Burkholderia_pseudomallei	SRR1782691	353.5946425116155
Burkholderia_pseudomallei	SRR1782692	256.9542291549888
Burkholderia_pseudomallei	SRR1782693	212.78312152968743
Burkholderia_pseudomallei	SRR1782694	221.3805771023731
Burkholderia_pseudomallei	SRR1782695	384.9409935519826
Burkholderia_pseudomallei	SRR1782696	267.5129144519336
Burkholderia_pseudomallei	SRR1782697	271.5327920529045
Burkholderia_pseudomallei	SRR1782698	361.9450685388925
Burkholderia_pseudomallei	SRR1782699	204.87456709748633
Burkholderia_pseudomallei	SRR1782700	251.1671730977475
Burkholderia_pseudomallei	SRR1782701	240.3861587277173
Burkholderia_pseudomallei	SRR1782702	230.54217382263363
Burkholderia_pseudomallei	SRR1782703	350.87670002373915
Burkholderia_pseudomallei	SRR1782704	232.00397685157847
Burkholderia_pseudomallei	SRR1782705	391.60588879669433
Burkholderia_pseudomallei	SRR1782706	351.9833562883017
Burkholderia_pseudomallei	SRR1782707	309.69051578882596
Burkholderia_pseudomallei	SRR1782708	77.80722210093265
Burkholderia_pseudomallei	SRR1782709	94.2028895539029
Burkholderia_pseudomallei	SRR1782710	346.5259515874969
Burkholderia_pseudomallei	SRR1782711	212.8598771872015
Burkholderia_pseudomallei	SRR1782712	292.4389484923958
Burkholderia_pseudomallei	SRR1782713	245.38022793166766
Burkholderia_pseudomallei	SRR1782714	155.90301995200457
Burkholderia_pseudomallei	SRR1782715	377.26446163221516
Burkholderia_pseudomallei	SRR1782716	358.2132267881427
Burkholderia_pseudomallei	SRR1782717	494.23099380775705
Burkholderia_pseudomallei	SRR1782718	280.68578374820385
Burkholderia_pseudomallei	SRR1782719	224.94345880073394
Burkholderia_pseudomallei	SRR1782720	309.4385397967114
Burkholderia_pseudomallei	SRR1782721	135.98336257448702
Burkholderia_pseudomallei	SRR1782722	402.2815204577438
Burkholderia_pseudomallei	SRR1782723	331.57019331083313
Burkholderia_pseudomallei	SRR1782724	184.20566295046285
Burkholderia_pseudomallei	SRR1782725	142.81956053845892
Burkholderia_pseudomallei	SRR1782726	249.47462590820112
Burkholderia_pseudomallei	SRR1782727	455.12780047770696
Burkholderia_pseudomallei	SRR1782728	605.5366276448979
Burkholderia_pseudomallei	SRR1782729	725.8832826162112
Burkholderia_pseudomallei	SRR1782730	340.6547571687404
Burkholderia_pseudomallei	SRR1782731	142.12086431263458
Burkholderia_pseudomallei	SRR1782732	184.9928657702947
Burkholderia_pseudomallei	SRR1782733	243.01965993862086
Burkholderia_pseudomallei	SRR1782734	313.9182159384935
Burkholderia_pseudomallei	SRR1782735	255.78583669532958
Burkholderia_pseudomallei	SRR1782736	165.3801155731577
Burkholderia_pseudomallei	SRR1782737	297.2140177517116
Burkholderia_pseudomallei	SRR1782738	135.95851426742834
Burkholderia_pseudomallei	SRR1782739	305.40114991901066
Burkholderia_pseudomallei	SRR1782740	172.3331438850298
Burkholderia_pseudomallei	SRR1782741	236.1768892707016
Burkholderia_pseudomallei	SRR1782742	566.0576630437198
Burkholderia_pseudomallei	SRR1782743	279.88219262593975
Burkholderia_pseudomallei	SRR1782744	241.5269899766134
Burkholderia_pseudomallei	SRR1782745	144.76554725425146
Burkholderia_pseudomallei	SRR1782746	141.62740155364946
Burkholderia_pseudomallei	SRR1782747	180.26562932996944
Burkholderia_pseudomallei	SRR1782748	154.44589305592413
Burkholderia_pseudomallei	SRR1782749	158.28042149817549
Burkholderia_pseudomallei	SRR1782750	253.94189184597462
Burkholderia_pseudomallei	SRR1782751	150.22135777497454
Burkholderia_pseudomallei	SRR1782752	177.65108039079323
Burkholderia_pseudomallei	SRR1782753	238.454794374762
Burkholderia_pseudomallei	SRR1782754	208.75607637016546
Burkholderia_pseudomallei	SRR1782755	289.4391455448743
Burkholderia_pseudomallei	SRR1782756	198.07714965715562
Burkholderia_pseudomallei	SRR1782757	339.8505902986299
Burkholderia_pseudomallei	SRR1782758	283.7692831897612
Burkholderia_pseudomallei	SRR1782759	268.9503651536226
Burkholderia_pseudomallei	SRR1782760	175.66858245826776
Burkholderia_pseudomallei	SRR1782761	1742.1892734011274
Burkholderia_pseudomallei	SRR1782762	192.05314182986973
Burkholderia_pseudomallei	SRR1782763	319.34665048981975
Burkholderia_pseudomallei	SRR1782764	375.0899081105658
Burkholderia_pseudomallei	SRR1782765	268.73851031395753
Burkholderia_pseudomallei	SRR1782766	275.86103882313506
Burkholderia_pseudomallei	SRR1782767	204.7558476340333
Burkholderia_pseudomallei	SRR1782768	326.40533767703863
Burkholderia_pseudomallei	SRR1782769	243.45475882170877
Burkholderia_pseudomallei	SRR1782770	263.3051521904996
Burkholderia_pseudomallei	SRR1782771	240.13770876568054
Burkholderia_pseudomallei	SRR1782772	274.2764123463237
Burkholderia_pseudomallei	SRR1782773	336.0402560521138
Burkholderia_pseudomallei	SRR1782774	309.9854125297366
Burkholderia_pseudomallei	SRR1782775	167.9233244360182
Burkholderia_pseudomallei	SRR1782776	215.95299060764808
Burkholderia_pseudomallei	SRR1782777	349.32717194357645
Burkholderia_pseudomallei	SRR1782778	358.80443018705387
Burkholderia_pseudomallei	SRR1782779	158.07345320603764
Burkholderia_pseudomallei	SRR1782780	224.69237291173783
Burkholderia_pseudomallei	SRR1782781	133.31182371992173
Burkholderia_pseudomallei	SRR1782782	318.84812504968176
Burkholderia_pseudomallei	SRR1782783	217.80820610510705
Burkholderia_pseudomallei	SRR1782784	247.01599888315118
Burkholderia_pseudomallei	SRR1782785	351.95195767005606
Burkholderia_pseudomallei	SRR1782786	187.9286674461887
Burkholderia_pseudomallei	SRR1782787	436.882966047086
Burkholderia_pseudomallei	SRR1782788	307.1768129927162
Burkholderia_pseudomallei	SRR1782789	197.61676259939856
Burkholderia_pseudomallei	SRR1782790	258.1197021797502
Burkholderia_pseudomallei	SRR1782791	233.07813238468776
Burkholderia_pseudomallei	SRR1782792	296.78447167285407
Burkholderia_pseudomallei	SRR1782793	94.06726458939782
Burkholderia_pseudomallei	SRR1782794	232.59185573406165
Burkholderia_pseudomallei	SRR1782795	400.06255093245676
Burkholderia_pseudomallei	SRR1782796	157.83245062378086
Burkholderia_pseudomallei	SRR1782797	249.27716013255846
Burkholderia_pseudomallei	SRR1782798	237.40760588511526
Burkholderia_pseudomallei	SRR1782799	298.9435375456886
Burkholderia_pseudomallei	SRR1782800	215.58884997165282
Burkholderia_pseudomallei	SRR1782801	206.5456384414639
Burkholderia_pseudomallei	SRR1782802	315.2131903084616
Burkholderia_pseudomallei	SRR1782803	221.17519612391337
Burkholderia_pseudomallei	SRR1782804	251.6847514783401
Burkholderia_pseudomallei	SRR1782805	290.68733570227187
Burkholderia_pseudomallei	SRR1782806	283.82832720415587
Burkholderia_pseudomallei	SRR1782807	121.42061515371648
Burkholderia_pseudomallei	SRR1782808	156.85935240970548
Burkholderia_pseudomallei	SRR1782809	183.62514926373288
Burkholderia_pseudomallei	SRR1782810	389.85969498893905
Burkholderia_pseudomallei	SRR1782811	263.11568211237363
Burkholderia_pseudomallei	SRR1782812	252.39116633075898
Burkholderia_pseudomallei	SRR1782813	266.1222087415165
Burkholderia_pseudomallei	SRR1782814	456.80046952650304
Burkholderia_pseudomallei	SRR1782815	185.94229661790115
Burkholderia_pseudomallei	SRR1782816	312.467383819674
Burkholderia_pseudomallei	SRR1782817	270.21639656830905
Burkholderia_pseudomallei	SRR1782818	142.04636652092384
Burkholderia_pseudomallei	SRR1782819	167.59529886420052
Burkholderia_pseudomallei	SRR1782820	105.38277832356557
Burkholderia_pseudomallei	SRR1782821	221.46058784256644
Burkholderia_pseudomallei	SRR1782822	196.2171401291945
Burkholderia_pseudomallei	SRR1782823	246.68023469304234
Burkholderia_pseudomallei	SRR1782824	262.7577582953318
Burkholderia_pseudomallei	SRR1782825	319.5617974485822
Burkholderia_pseudomallei	SRR1782826	242.87857781616583
Burkholderia_pseudomallei	SRR1782827	8.191381679805765
Burkholderia_pseudomallei	SRR1782828	2.736665055875919
Burkholderia_pseudomallei	SRR1782829	2.731297414090446
Burkholderia_pseudomallei	SRR1782830	43.13815809301468
Burkholderia_pseudomallei	SRR1782831	5.4417752607738645
Burkholderia_pseudomallei	SRR1782832	4.094187826792561
Burkholderia_pseudomallei	SRR1782833	10.900507243200034
Burkholderia_pseudomallei	SRR1782834	4.095777806691431
Burkholderia_pseudomallei	SRR1782835	5.457945568902603
Burkholderia_pseudomallei	SRR1782836	9.550931598635021
Burkholderia_pseudomallei	SRR1782837	2.7391459644703473
Burkholderia_pseudomallei	SRR1782838	2.7391459644703473
Burkholderia_pseudomallei	SRR1782839	4.1081638347617275
Burkholderia_pseudomallei	SRR1782840	2.7385406137751485
Burkholderia_pseudomallei	SRR1782841	5.478291928940695
Burkholderia_pseudomallei	SRR1782842	9.55695291893453
Burkholderia_pseudomallei	SRR1782843	1.3695495824775967
Burkholderia_pseudomallei	SRR1782844	4.107361232653835
Burkholderia_pseudomallei	SRR1782845	2.7390991649551935
Burkholderia_pseudomallei	SRR1782846	2.7393462191330724
Burkholderia_pseudomallei	SRR1782847	38.34738830937271
Burkholderia_pseudomallei	SRR1782848	30.123946751526635
Burkholderia_pseudomallei	SRR1782849	36.98117395829648
Burkholderia_pseudomallei	SRR1782850	38.34286245777613
Burkholderia_pseudomallei	SRR1782851	28.76054123202953
Burkholderia_pseudomallei	SRR1782852	13.69387944920576
Burkholderia_pseudomallei	SRR1782853	31.499640396984724
Burkholderia_pseudomallei	SRR1782854	345.944461943068
Burkholderia_pseudomallei	SRR1782855	351.95195767005606
Burkholderia_pseudomallei	SRR1782856	287.65496852699914
Burkholderia_pseudomallei	SRR1782857	316.22296323536585
Burkholderia_pseudomallei	SRR1782858	414.41505451487615
Burkholderia_pseudomallei	SRR1782859	397.0867462327373
Burkholderia_pseudomallei	SRR1782860	375.44962598671833
Burkholderia_pseudomallei	SRR1782861	406.27896093886875
Burkholderia_pseudomallei	SRR1782862	298.4013857826009
Burkholderia_pseudomallei	SRR1782863	334.21794429908425
Burkholderia_pseudomallei	SRR1782864	211.6319229604456
Burkholderia_pseudomallei	SRR1782865	298.7765698726282
Burkholderia_pseudomallei	SRR1782866	241.75198917503386
Burkholderia_pseudomallei	SRR1782867	215.55569881221578
Burkholderia_pseudomallei	SRR1782868	295.9867780252703
Burkholderia_pseudomallei	SRR1782869	272.6498643805477
Burkholderia_pseudomallei	SRR1782870	326.2969652664173
Burkholderia_pseudomallei	SRR1782871	321.63831705833144
Burkholderia_pseudomallei	SRR1782872	328.39118591066574
Burkholderia_pseudomallei	SRR1782873	282.3404035595895
Burkholderia_pseudomallei	SRR1782874	207.3698607925178
Burkholderia_pseudomallei	SRR1782875	338.4857284902017
Burkholderia_pseudomallei	SRR1782876	293.98223449373563
Burkholderia_pseudomallei	SRR1782877	264.4932084579452
Burkholderia_pseudomallei	SRR1782878	253.6869845743803
Burkholderia_pseudomallei	SRR1782879	249.143366673812
Burkholderia_pseudomallei	SRR1782880	309.8638494195037
Burkholderia_pseudomallei	SRR1782881	286.1581979051451
Burkholderia_pseudomallei	SRR1782882	355.643566484165
Burkholderia_pseudomallei	SRR1782883	395.2787040442073
Burkholderia_pseudomallei	SRR1782884	481.2122179070766
Burkholderia_pseudomallei	SRR1782885	475.7894977057948
Burkholderia_pseudomallei	SRR1782886	259.2985623635289
Burkholderia_pseudomallei	SRR1782887	363.99941515027854
Burkholderia_pseudomallei	SRR1782888	301.43588979067283
Burkholderia_pseudomallei	SRR1782889	344.05030508164305
Burkholderia_pseudomallei	SRR1782890	364.26184546114945
Burkholderia_pseudomallei	SRR1782891	481.6636964556547
Burkholderia_pseudomallei	SRR1782892	350.38533285408204
Burkholderia_pseudomallei	SRR1782893	341.03871867253497
Burkholderia_pseudomallei	SRR1782894	189.89487873862137
Burkholderia_pseudomallei	SRR1782895	328.7151558350776
Burkholderia_pseudomallei	SRR1782896	407.7361851419166
Burkholderia_pseudomallei	SRR1782897	301.72229842626876
Burkholderia_pseudomallei	SRR1782898	414.91798976218274
Burkholderia_pseudomallei	SRR1782899	448.50902690600094
Burkholderia_pseudomallei	SRR1782900	423.2303733581145
Burkholderia_pseudomallei	SRR1782901	511.2027810627584
Burkholderia_pseudomallei	SRR1782902	491.4981735036533
Burkholderia_pseudomallei	SRR1782903	416.1039969849864
Burkholderia_pseudomallei	SRR1782904	513.8035827584362
Burkholderia_pseudomallei	SRR1782905	328.7226428759915
Burkholderia_pseudomallei	SRR1782906	207.5224062397212
Burkholderia_pseudomallei	SRR1782907	201.9215194640219
Burkholderia_pseudomallei	SRR1782908	292.16970352171273
Burkholderia_pseudomallei	SRR1782909	283.9780295911974
Burkholderia_pseudomallei	SRR1782910	399.46654679473164
Burkholderia_pseudomallei	SRR1782911	191.0280949115911
Burkholderia_pseudomallei	SRR1782912	537.98449790359
Burkholderia_pseudomallei	SRR1782913	463.49052149690095
Burkholderia_pseudomallei	SRR1782914	301.5048633891213
Burkholderia_pseudomallei	SRR1782915	453.9480695837295
Burkholderia_pseudomallei	SRR1782916	215.1647062065059
Burkholderia_pseudomallei	SRR1782917	285.339187199503
Burkholderia_pseudomallei	SRR1782918	375.1760580592363
Burkholderia_pseudomallei	SRR1782919	410.6106172817321
Burkholderia_pseudomallei	SRR1782920	366.6131664775049
Burkholderia_pseudomallei	SRR1782921	353.3161125447462
Burkholderia_pseudomallei	SRR1782922	53.4785057162478
Burkholderia_pseudomallei	SRR1782923	299.11686796233005
Burkholderia_pseudomallei	SRR1782924	227.9097890247859
Burkholderia_pseudomallei	SRR1782925	324.7477613497049
Burkholderia_pseudomallei	SRR1782926	236.18483843439955
Burkholderia_pseudomallei	SRR1782927	283.8912561530724
Burkholderia_pseudomallei	SRR1782928	263.83884847910696
Burkholderia_pseudomallei	SRR1782929	293.48338160878103
Burkholderia_pseudomallei	SRR1782930	259.4494515955031
Burkholderia_pseudomallei	SRR1782931	402.6865003469321
Burkholderia_pseudomallei	SRR1782932	335.3490243771695
Burkholderia_pseudomallei	SRR1782933	164.20206182028008
Burkholderia_pseudomallei	SRR1782934	358.8421443487158
Burkholderia_pseudomallei	SRR1782935	278.28759443678854
Burkholderia_pseudomallei	SRR1782936	160.990232987385
Burkholderia_pseudomallei	SRR1782937	298.8384791236064
Burkholderia_pseudomallei	SRR1782938	35.109471058778034
Burkholderia_pseudomallei	SRR1782939	323.5595763523277
Burkholderia_pseudomallei	SRR1782940	327.7556896908535
Burkholderia_pseudomallei	SRR1782941	214.03014353872993
Burkholderia_pseudomallei	SRR1782942	307.27155437696393
Burkholderia_pseudomallei	SRR1782943	286.5931478754793
Burkholderia_pseudomallei	SRR1782944	384.7661015450108
Burkholderia_pseudomallei	SRR1782945	316.3011565064087
Burkholderia_pseudomallei	SRR1782946	291.59614854970897
Burkholderia_pseudomallei	SRR1782947	281.36107214721454
Burkholderia_pseudomallei	SRR1782948	353.70301512471275
Burkholderia_pseudomallei	SRR1782949	346.6748993407711
Burkholderia_pseudomallei	SRR1782950	368.7251509022102
Burkholderia_pseudomallei	SRR1782951	293.31946357358476
Burkholderia_pseudomallei	SRR1782952	789.7559341221987
Burkholderia_pseudomallei	SRR1782953	257.64620165563025
Burkholderia_pseudomallei	SRR1782954	272.3673375443349
Burkholderia_pseudomallei	SRR1782955	228.528450757737
Burkholderia_pseudomallei	SRR1782956	354.8640701913405
Burkholderia_pseudomallei	SRR1782957	178.73886277445538
Burkholderia_pseudomallei	SRR1782958	453.19294276332704
Burkholderia_pseudomallei	SRR1782959	162.90549568043136
Burkholderia_pseudomallei	SRR1782960	513.7220981439986
Burkholderia_pseudomallei	SRR1782961	442.65363314117263
Burkholderia_pseudomallei	SRR1782962	354.4563593223686
Burkholderia_pseudomallei	SRR1782963	326.06182058823526
Burkholderia_pseudomallei	SRR1782964	331.2803665974445
Burkholderia_pseudomallei	SRR1782965	333.75586609084235
Burkholderia_pseudomallei	SRR1782966	624.6951924168695
Burkholderia_pseudomallei	SRR1782967	274.50825469909944
Burkholderia_pseudomallei	SRR1782968	382.2644783909357
Burkholderia_pseudomallei	SRR1782969	200.91633875416682
Burkholderia_pseudomallei	SRR1782970	388.2452079177714
Burkholderia_pseudomallei	SRR1782971	130.093778459133
Burkholderia_pseudomallei	SRR1782972	158.54622649988673
Burkholderia_pseudomallei	SRR1782973	93.10018794015359
Burkholderia_pseudomallei	SRR1782974	243.33323849368412
Burkholderia_pseudomallei	SRR1782975	82.09804709255691
Burkholderia_pseudomallei	SRR1782976	132.7261445239261
Burkholderia_pseudomallei	SRR1782977	201.14021537676442
Burkholderia_pseudomallei	SRR1782978	263.39275019032146
Burkholderia_pseudomallei	SRR1782979	265.154896042914
Burkholderia_pseudomallei	SRR1782980	326.65989770235285
Burkholderia_pseudomallei	SRR1782981	304.5801897515963
Burkholderia_pseudomallei	SRR1782982	359.4018010982971
Burkholderia_pseudomallei	SRR1782983	474.271901685006
Burkholderia_pseudomallei	SRR1782984	459.85647244134873
Burkholderia_pseudomallei	SRR1782985	362.8651966675772
Burkholderia_pseudomallei	SRR1782986	385.50546772594896
Burkholderia_pseudomallei	SRR1782987	456.12666815310445
Burkholderia_pseudomallei	SRR1782988	450.4043967813168
Burkholderia_pseudomallei	SRR1782989	139.0559563495446
Burkholderia_pseudomallei	SRR1782990	199.22565274907095
Burkholderia_pseudomallei	SRR1782991	264.6972471621706
Burkholderia_pseudomallei	SRR1782992	305.72904508792413
Burkholderia_pseudomallei	SRR1782993	136.48618084282327
Burkholderia_pseudomallei	SRR1782994	407.98143127546956
Burkholderia_pseudomallei	SRR1782995	178.79689690409847
Burkholderia_pseudomallei	SRR1782996	323.566446728623
Burkholderia_pseudomallei	SRR1782997	264.7244974884915
Burkholderia_pseudomallei	SRR1782998	258.0377288112323
Burkholderia_pseudomallei	SRR1782999	140.5079520930844
Burkholderia_pseudomallei	SRR1783000	272.8837599610006
Burkholderia_pseudomallei	SRR1783001	180.26597856781885
Burkholderia_pseudomallei	SRR1783002	114.68343502721434
Burkholderia_pseudomallei	SRR1783003	463.2836004995376
Burkholderia_pseudomallei	SRR1783004	278.5128908550173
Burkholderia_pseudomallei	SRR1783005	147.3724006636963
Burkholderia_pseudomallei	SRR1783006	201.86656872859538
Burkholderia_pseudomallei	SRR1813867	NA
Burkholderia_pseudomallei	SRR1813868	NA
Burkholderia_pseudomallei	SRR1813869	NA
Burkholderia_pseudomallei	SRR1813870	NA
Burkholderia_pseudomallei	SRR1813871	NA
Burkholderia_pseudomallei	SRR1813872	NA
Burkholderia_pseudomallei	SRR1813873	NA
Burkholderia_pseudomallei	SRR1813874	NA
Burkholderia_pseudomallei	SRR1813875	NA
Burkholderia_pseudomallei	SRR1813876	NA
Burkholderia_pseudomallei	SRR1813877	NA
Burkholderia_pseudomallei	SRR1813878	NA
Burkholderia_pseudomallei	SRR1813879	NA
Burkholderia_pseudomallei	SRR1813880	NA
Burkholderia_pseudomallei	SRR1813881	NA
Burkholderia_pseudomallei	SRR1813882	NA
Burkholderia_pseudomallei	SRR1813883	NA
Burkholderia_pseudomallei	SRR1813884	NA
Burkholderia_pseudomallei	SRR1813885	NA
Burkholderia_pseudomallei	SRR1813886	NA
Burkholderia_pseudomallei	SRR1813887	NA
Burkholderia_pseudomallei	SRR1928188	NA
Burkholderia_pseudomallei	SRR1928189	NA
Burkholderia_pseudomallei	SRR1928190	NA
Burkholderia_pseudomallei	SRR1928191	NA
Burkholderia_pseudomallei	SRR1928192	NA
Burkholderia_pseudomallei	SRR1928193	NA
Burkholderia_pseudomallei	SRR2046996	108.44324170740775
Burkholderia_pseudomallei	SRR2046997	92.2190585516831
Burkholderia_pseudomallei	SRR2046998	64.07480341596664
Burkholderia_pseudomallei	SRR2046999	90.02157794653579
Burkholderia_pseudomallei	SRR2047000	110.81329620536802
Burkholderia_pseudomallei	SRR2047001	103.31684631350606
Burkholderia_pseudomallei	SRR2047002	69.35936485427263
Burkholderia_pseudomallei	SRR2047003	74.94404657712289
Burkholderia_pseudomallei	SRR2047004	101.80754964107246
Burkholderia_pseudomallei	SRR2047005	89.88423386992484
Burkholderia_pseudomallei	SRR2047006	80.34631434293576
Burkholderia_pseudomallei	SRR2047007	50.311721021495536
Burkholderia_pseudomallei	SRR2047008	72.19053353695622
Burkholderia_pseudomallei	SRR2047009	63.9856429753401
Burkholderia_pseudomallei	SRR2313973	NA
Burkholderia_pseudomallei	SRR2313974	NA
Burkholderia_pseudomallei	SRR2313975	NA
Burkholderia_pseudomallei	SRR2313976	NA
Burkholderia_pseudomallei	SRR2313977	NA
Burkholderia_pseudomallei	SRR2313978	NA
Burkholderia_pseudomallei	SRR2313979	NA
Burkholderia_pseudomallei	SRR2313980	NA
Burkholderia_pseudomallei	SRR2313981	NA
Burkholderia_pseudomallei	SRR2313982	NA
Burkholderia_pseudomallei	SRR2313983	NA
Burkholderia_pseudomallei	SRR2313984	NA
Burkholderia_pseudomallei	SRR2313985	NA
Burkholderia_pseudomallei	SRR2313986	NA
Burkholderia_pseudomallei	SRR2313987	NA
Burkholderia_pseudomallei	SRR2313988	NA
Burkholderia_pseudomallei	SRR2313989	NA
Burkholderia_pseudomallei	SRR2313990	NA
Burkholderia_pseudomallei	SRR2313991	NA
Burkholderia_pseudomallei	SRR2313992	NA
Burkholderia_pseudomallei	SRR2313993	NA
Burkholderia_pseudomallei	SRR2313994	NA
Burkholderia_pseudomallei	SRR2313995	NA
Burkholderia_pseudomallei	SRR2313996	NA
Burkholderia_pseudomallei	SRR2313997	NA
Burkholderia_pseudomallei	SRR2313998	NA
Burkholderia_pseudomallei	SRR2313999	NA
Burkholderia_pseudomallei	SRR2314000	NA
Burkholderia_pseudomallei	SRR2314001	NA
Burkholderia_pseudomallei	SRR2314002	NA
Burkholderia_pseudomallei	SRR2314003	NA
Burkholderia_pseudomallei	SRR2314004	NA
Burkholderia_pseudomallei	SRR2314005	NA
Burkholderia_pseudomallei	SRR2314006	NA
Burkholderia_pseudomallei	SRR2314007	NA
Burkholderia_pseudomallei	SRR2314008	NA
Burkholderia_pseudomallei	SRR2314009	NA
Burkholderia_pseudomallei	SRR2314010	NA
Burkholderia_pseudomallei	SRR2314011	NA
Burkholderia_pseudomallei	SRR2314012	NA
Burkholderia_pseudomallei	SRR2314013	NA
Burkholderia_pseudomallei	SRR2314014	NA
Burkholderia_pseudomallei	SRR2314015	NA
Burkholderia_pseudomallei	SRR2314016	NA
Burkholderia_pseudomallei	SRR2314017	NA
Burkholderia_pseudomallei	SRR2314018	NA
Burkholderia_pseudomallei	SRR2314019	NA
Burkholderia_pseudomallei	SRR2314020	NA
Burkholderia_pseudomallei	SRR2314021	NA
Burkholderia_pseudomallei	SRR2314022	NA
Burkholderia_pseudomallei	SRR2314023	NA
Burkholderia_pseudomallei	SRR2314024	NA
Burkholderia_pseudomallei	SRR2314025	NA
Burkholderia_pseudomallei	SRR2314026	NA
Burkholderia_pseudomallei	SRR2314027	NA
Burkholderia_pseudomallei	SRR2314028	NA
Burkholderia_pseudomallei	SRR2314029	NA
Burkholderia_pseudomallei	SRR2314030	NA
Burkholderia_pseudomallei	SRR2314031	NA
Burkholderia_pseudomallei	SRR2314032	NA
Burkholderia_pseudomallei	SRR2314033	NA
Burkholderia_pseudomallei	SRR2314034	NA
Burkholderia_pseudomallei	SRR2314035	NA
Burkholderia_pseudomallei	SRR2314036	NA
Burkholderia_pseudomallei	SRR2314037	NA
Burkholderia_pseudomallei	SRR2314038	NA
Burkholderia_pseudomallei	SRR2314039	NA
Burkholderia_pseudomallei	SRR2314040	NA
Burkholderia_pseudomallei	SRR2314041	NA
Burkholderia_pseudomallei	SRR2314042	NA
Burkholderia_pseudomallei	SRR2314043	NA
Burkholderia_pseudomallei	SRR2314044	NA
Burkholderia_pseudomallei	SRR2314045	NA
Burkholderia_pseudomallei	SRR3493774	1030.477131113599
Burkholderia_pseudomallei	SRR3493775	866.8073641815138
Burkholderia_pseudomallei	SRR3493776	2080.939628273138
Burkholderia_pseudomallei	SRR3493777	776.5855555799709
Burkholderia_pseudomallei	SRR3493778	874.7771021437738
Burkholderia_pseudomallei	SRR3493779	692.9991017633834
Burkholderia_pseudomallei	SRR3493780	569.455981263315
Burkholderia_pseudomallei	SRR3493781	1018.6566996755761
Burkholderia_pseudomallei	SRR3493782	572.9887250670826
Burkholderia_pseudomallei	SRR3493783	694.493966387414
Burkholderia_pseudomallei	SRR3493784	447.51013323478475
Burkholderia_pseudomallei	SRR3493785	760.5207963582577
Burkholderia_pseudomallei	SRR3493786	285.6737052729521
Burkholderia_pseudomallei	SRR3493787	739.9404175645632
Burkholderia_pseudomallei	SRR3493788	835.812019802389
Burkholderia_pseudomallei	SRR3493789	497.2140695475539
Burkholderia_pseudomallei	SRR3493790	222.20789224656363
Burkholderia_pseudomallei	SRR3493791	136.16678631795187
Burkholderia_pseudomallei	SRR3493792	151.35323850443396
Burkholderia_pseudomallei	SRR3493793	108.4241317432361
Burkholderia_pseudomallei	SRR3493794	118.22023582974482
Burkholderia_pseudomallei	SRR3493795	137.2065158555539
Burkholderia_pseudomallei	SRR3493796	95.92458856379919
Burkholderia_pseudomallei	SRR3493797	265.9106110171324
Burkholderia_pseudomallei	SRR3493798	170.47611421503393
Burkholderia_pseudomallei	SRR3493799	192.72848004566467
Burkholderia_pseudomallei	SRR3493800	120.78543227288394
Burkholderia_pseudomallei	SRR3493801	93.88724595317716
Burkholderia_pseudomallei	SRR3493802	143.08112179280928
Burkholderia_pseudomallei	SRR3493803	195.00803505221282
Burkholderia_pseudomallei	SRR3493804	243.85315252410717
Burkholderia_pseudomallei	SRR3493805	158.3420107362976
Burkholderia_pseudomallei	SRR3493806	258.0768260101909
Burkholderia_pseudomallei	SRR3493807	206.86814351302306
Burkholderia_pseudomallei	SRR3493808	179.93086183668308
Burkholderia_pseudomallei	SRR3493809	299.0273140796149
Burkholderia_pseudomallei	SRR3493810	131.2969673059558
Burkholderia_pseudomallei	SRR3493811	173.42004021699114
Burkholderia_pseudomallei	SRR3493812	150.05459452860737
Burkholderia_pseudomallei	SRR3493813	175.4830077150123
Burkholderia_pseudomallei	SRR3493814	192.17396253961547
Burkholderia_pseudomallei	SRR3493815	190.37746454572414
Burkholderia_pseudomallei	SRR3493816	243.500984831516
Burkholderia_pseudomallei	SRR3493817	42.097772846734564
Burkholderia_pseudomallei	SRR3493818	263.4008722738925
Burkholderia_pseudomallei	SRR3493819	114.73249221062885
Burkholderia_pseudomallei	SRR3493820	63.23497070235029
Burkholderia_pseudomallei	SRR3493821	127.6891946260849
Burkholderia_pseudomallei	SRR3493822	112.22084255895665
Burkholderia_pseudomallei	SRR3493823	229.24773302398532
Burkholderia_pseudomallei	SRR3493824	234.46029233310455
Burkholderia_pseudomallei	SRR3493825	136.43081318648785
Burkholderia_pseudomallei	SRR3493826	163.81552124068563
Burkholderia_pseudomallei	SRR3493827	212.32882128315742
Burkholderia_pseudomallei	SRR3493828	231.42566267724956
Burkholderia_pseudomallei	SRR3493829	130.16250654911923
Burkholderia_pseudomallei	SRR3493830	220.6120382077777
Burkholderia_pseudomallei	SRR3493831	68.63342510958351
Burkholderia_pseudomallei	SRR3493832	137.37014294850945
Burkholderia_pseudomallei	SRR3493833	248.95241281440548
Burkholderia_pseudomallei	SRR3493834	194.1437086388069
Burkholderia_pseudomallei	SRR3493835	90.04543986707847
Burkholderia_pseudomallei	SRR3493836	228.58201919016017
Burkholderia_pseudomallei	SRR3493837	250.08663248703274
Burkholderia_pseudomallei	SRR3493838	211.9374291600069
Burkholderia_pseudomallei	SRR3493839	101.95518658510164
Burkholderia_pseudomallei	SRR3493840	234.20959460334112
Burkholderia_pseudomallei	SRR3493841	250.89236022742566
Burkholderia_pseudomallei	SRR3493846	69.87919025799847
Burkholderia_pseudomallei	SRR3493847	103.62184567739318
Burkholderia_pseudomallei	SRR3493848	112.0568165350206
Burkholderia_pseudomallei	SRR3493849	184.59343940054532
Burkholderia_pseudomallei	SRR3493850	203.6117634724799
Burkholderia_pseudomallei	SRR3714631	8.191381679805765
Burkholderia_pseudomallei	SRR3714632	6.825194921134443
Burkholderia_pseudomallei	SRR3714633	22.819330242340584
Burkholderia_pseudomallei	SRR3714634	13.483358427492986
Burkholderia_pseudomallei	SRR3714635	33.25289271241674
Burkholderia_pseudomallei	SRR3714636	40.83695728439867
Burkholderia_pseudomallei	SRR3714637	39.16056387325243
Burkholderia_pseudomallei	SRR3714638	33.6750200865226
Burkholderia_pseudomallei	SRR3714639	80.41715224784602
Burkholderia_pseudomallei	SRR3714640	43.00869207181341
Burkholderia_pseudomallei	SRR3714641	32.24160229199505
Burkholderia_pseudomallei	SRR3714642	40.50402203862244
Burkholderia_pseudomallei	SRR3714643	36.47257815572461
Burkholderia_pseudomallei	SRR3714644	41.925486274140745
Burkholderia_pseudomallei	SRR3714645	13.383514119561248
Burkholderia_pseudomallei	SRR3714646	30.53098142827755
Burkholderia_pseudomallei	SRR3714648	37.19980856213578
Burkholderia_pseudomallei	SRR3714649	65.45775878971175
Burkholderia_pseudomallei	SRR3714650	21.767590635638722
Burkholderia_pseudomallei	SRR3714651	24.12891479882133
Burkholderia_pseudomallei	SRR3714652	34.764276681904335
Burkholderia_pseudomallei	SRR3714653	24.033217054985073
Burkholderia_pseudomallei	SRR3714654	27.676520269492798
Burkholderia_pseudomallei	SRR3714655	24.28224884884688
Burkholderia_pseudomallei	SRR3714656	144.52339208415572
Burkholderia_pseudomallei	SRR3714657	33.424066072654874
Burkholderia_pseudomallei	SRR3714658	27.036908249814957
Burkholderia_pseudomallei	SRR3714659	33.791393087248714
Burkholderia_pseudomallei	SRR3714660	36.46575652288559
Burkholderia_pseudomallei	SRR3714661	23.9481293401171
Burkholderia_pseudomallei	SRR3714662	12.138686326085478
Burkholderia_pseudomallei	SRR3714663	25.293527395336014
Burkholderia_pseudomallei	SRR3714664	37.81080014477326
Burkholderia_pseudomallei	SRR3714665	37.77238709820626
Burkholderia_pseudomallei	SRR3714666	24.477501762173823
Burkholderia_pseudomallei	SRR3714667	129.081822505597
Burkholderia_pseudomallei	SRR3714668	29.425835736576477
Burkholderia_pseudomallei	SRR3714669	30.695192323133238
Burkholderia_pseudomallei	SRR3714670	25.404881317062625
Burkholderia_pseudomallei	SRR3714671	26.57429816492577
Burkholderia_pseudomallei	SRR3714672	20.082261393964913
Burkholderia_pseudomallei	SRR3714673	49.402900005460005
Burkholderia_pseudomallei	SRR3714674	48.47542760809692
Burkholderia_pseudomallei	SRR3714675	45.73633028120473
Burkholderia_pseudomallei	SRR3714676	21.529874325963497
Burkholderia_pseudomallei	SRR3714677	24.627542143000994
Burkholderia_pseudomallei	SRR3714678	41.89595679235042
Burkholderia_pseudomallei	SRR3714679	32.28609278352237
Burkholderia_pseudomallei	SRR3714680	10.694097842349956
Burkholderia_pseudomallei	SRR3714681	20.340985574314196
Burkholderia_pseudomallei	SRR3714682	46.098170616433315
Burkholderia_pseudomallei	SRR3714683	20.050115562510516
Burkholderia_pseudomallei	SRR3714684	32.035687022772194
Burkholderia_pseudomallei	SRR3714685	48.13065514462302
Burkholderia_pseudomallei	SRR3714686	43.22403043850889
Burkholderia_pseudomallei	SRR3714688	21.801904458799388
Burkholderia_pseudomallei	SRR3714689	52.78601344974641
Burkholderia_pseudomallei	SRR3714690	41.1997354152912
Burkholderia_pseudomallei	SRR3714691	17.467624322081225
Burkholderia_pseudomallei	SRR3714692	23.724716153438234
Burkholderia_pseudomallei	SRR3714693	44.59016222310189
Burkholderia_pseudomallei	SRR3714694	37.83268344753487
Burkholderia_pseudomallei	SRR3714695	25.676251559780397
Burkholderia_pseudomallei	SRR3714696	21.968341407561223
Burkholderia_pseudomallei	SRR3714697	23.382832840662562
Burkholderia_pseudomallei	SRR3714698	9.50861864486137
Burkholderia_pseudomallei	SRR3714699	67.25376645718757
Burkholderia_pseudomallei	SRR3714700	47.15894781335887
Burkholderia_pseudomallei	SRR3714701	65.15297422245344
Burkholderia_pseudomallei	SRR3714702	29.708485828036135
Burkholderia_pseudomallei	SRR3714703	25.655302108167977
Burkholderia_pseudomallei	SRR3714704	23.03030476892686
Burkholderia_pseudomallei	SRR3714705	46.12899159616472
Burkholderia_pseudomallei	SRR3714706	6.822796327022978
Burkholderia_pseudomallei	SRR3714707	25.580091571356572
Burkholderia_pseudomallei	SRR3714708	9.53860659683817
Burkholderia_pseudomallei	SRR3714709	12.081404907962868
Burkholderia_pseudomallei	SRR3714710	73.85269996779068
Burkholderia_pseudomallei	SRR3714711	31.063422223198835
Burkholderia_pseudomallei	SRR3714712	28.290051353225444
Burkholderia_pseudomallei	SRR3714713	30.808467214789165
Burkholderia_pseudomallei	SRR3714714	18.713112512973385
Burkholderia_pseudomallei	SRR3714715	26.142244379722893
Burkholderia_pseudomallei	SRR3714716	27.116570950843126
Burkholderia_pseudomallei	SRR3714717	17.689201030626126
Burkholderia_pseudomallei	SRR3714718	43.22675929567362
Burkholderia_pseudomallei	SRR3714719	72.71314141214538
Burkholderia_pseudomallei	SRR3714720	20.010177329161632
Burkholderia_pseudomallei	SRR3714721	37.57373687291124
Burkholderia_pseudomallei	SRR3714723	26.616994621753754
Burkholderia_pseudomallei	SRR3714724	10.428529667251782
Burkholderia_pseudomallei	SRR3714725	15.856943820487366
Burkholderia_pseudomallei	SRR3714726	55.17030296028146
Burkholderia_pseudomallei	SRR3714727	29.334110773139763
Burkholderia_pseudomallei	SRR3714728	21.333898744101646
Burkholderia_pseudomallei	SRR3714729	9.539871534325762
Burkholderia_pseudomallei	SRR3714730	32.37021206131433
Burkholderia_pseudomallei	SRR3714731	22.309404713388414
Burkholderia_pseudomallei	SRR3714732	37.71513648325947
Burkholderia_pseudomallei	SRR3714734	14.85826046323743
Burkholderia_pseudomallei	SRR3714735	29.67738446661322
Burkholderia_pseudomallei	SRR3714736	36.651833776816915
Burkholderia_pseudomallei	SRR3714737	16.145845416759244
Burkholderia_pseudomallei	SRR3714738	37.43706057469302
Burkholderia_pseudomallei	SRR3714739	33.784541526026835
Burkholderia_pseudomallei	SRR3714740	45.48805516760634
Burkholderia_pseudomallei	SRR3714741	13.614391621519783
Burkholderia_pseudomallei	SRR3714744	32.21888921153462
Burkholderia_pseudomallei	SRR3714745	21.785890084962926
Burkholderia_pseudomallei	SRR3714746	10.915891137805206
Burkholderia_pseudomallei	SRR3714747	64.83151240327423
Burkholderia_pseudomallei	SRR3714748	29.706883554353897
Burkholderia_pseudomallei	SRR3714749	8.16424662951975
Burkholderia_pseudomallei	SRR3714750	27.876113477992543
Burkholderia_pseudomallei	SRR3714751	21.69860201216073
Burkholderia_pseudomallei	SRR3714752	31.19845295704861
Burkholderia_pseudomallei	SRR3714753	15.81647743562549
Burkholderia_pseudomallei	SRR3714754	21.413622591297997
Burkholderia_pseudomallei	SRR3714755	36.499826137250196
Burkholderia_pseudomallei	SRR3714756	9.386515881398788
Burkholderia_pseudomallei	SRR3714757	16.145845416759244
Burkholderia_pseudomallei	SRR3714758	40.510928144743886
Burkholderia_pseudomallei	SRR3714759	73.15151753129662
Burkholderia_pseudomallei	SRR3714760	9.556611959773393
Burkholderia_pseudomallei	SRR3714761	22.969932129385487
Burkholderia_pseudomallei	SRR3714762	31.158647628548106
Burkholderia_pseudomallei	SRR3714764	20.239231299178222
Burkholderia_pseudomallei	SRR3714765	41.42585848537695
Burkholderia_pseudomallei	SRR3714766	38.9270927663457
Burkholderia_pseudomallei	SRR3714767	25.458144178791365
Burkholderia_pseudomallei	SRR3714768	25.572452250699353
Burkholderia_pseudomallei	SRR5176628	240.3861587277173
Burkholderia_pseudomallei	SRR5176629	296.1462528046619
Burkholderia_pseudomallei	SRR5176630	452.7371687863422
Burkholderia_pseudomallei	SRR5176631	256.9542291549888
Burkholderia_pseudomallei	SRR5176632	371.1219135469608
Burkholderia_pseudomallei	SRR5176633	233.07813238468776
Burkholderia_pseudomallei	SRR5176634	94.06726458939782
Burkholderia_pseudomallei	SRR5176635	258.1197021797502
Burkholderia_pseudomallei	SRR5176636	391.60588879669433
Burkholderia_pseudomallei	SRR5176637	158.07345320603764
Burkholderia_pseudomallei	SRR5176638	135.98336257448702
Burkholderia_pseudomallei	SRR5176639	545.8539957014623
Burkholderia_pseudomallei	SRR5176640	86.21914034180831
Burkholderia_pseudomallei	SRR5176641	224.69237291173783
Burkholderia_pseudomallei	SRR5176642	215.58884997165282
Burkholderia_pseudomallei	SRR5176643	298.9435375456886
Burkholderia_pseudomallei	SRR5176644	349.32717194357645
Burkholderia_pseudomallei	SRR5176645	133.31182371992173
Burkholderia_pseudomallei	SRR5176646	130.093778459133
Burkholderia_pseudomallei	SRR5176647	338.4857284902017
Burkholderia_pseudomallei	SRR5176648	221.46058784256644
Burkholderia_pseudomallei	SRR5176649	217.80820610510705
Burkholderia_pseudomallei	SRR5176650	245.38022793166766
Burkholderia_pseudomallei	SRR5176651	354.8640701913405
Burkholderia_pseudomallei	SRR5176652	287.65496852699914
Burkholderia_pseudomallei	SRR5176653	377.26446163221516
Burkholderia_pseudomallei	SRR5176654	315.2131903084616
Burkholderia_pseudomallei	SRR5176655	481.6636964556547
Burkholderia_pseudomallei	SRR5176656	142.81956053845892
Burkholderia_pseudomallei	SRR5176657	76.65067661518252
Burkholderia_pseudomallei	SRR5176658	315.5068333301289
Burkholderia_pseudomallei	SRR5176659	358.80443018705387
Burkholderia_pseudomallei	SRR5176660	351.95195767005606
Burkholderia_pseudomallei	SRR5176661	255.78583669532958
Burkholderia_pseudomallei	SRR5176662	725.8832826162112
Burkholderia_pseudomallei	SRR5176663	158.54622649988673
Burkholderia_pseudomallei	SRR5176664	353.70301512471275
Burkholderia_pseudomallei	SRR5176665	456.72796305882287
Burkholderia_pseudomallei	SRR5176666	304.4572144174857
Burkholderia_pseudomallei	SRR5176667	140.66208933701017
Burkholderia_pseudomallei	SRR5176668	46.10623396844551
Burkholderia_pseudomallei	SRR5176669	43.567705130517744
Burkholderia_pseudomallei	SRR5176670	269.56150800377804
Burkholderia_pseudomallei	SRR5176671	326.65989770235285
Burkholderia_pseudomallei	SRR5176672	199.32362087527363
Burkholderia_pseudomallei	SRR5176673	264.7244974884915
Burkholderia_pseudomallei	SRR5176674	361.9450685388925
Burkholderia_pseudomallei	SRR5176675	350.87670002373915
Burkholderia_pseudomallei	SRR5176676	233.52592890473312
Burkholderia_pseudomallei	SRR5176677	340.6547571687404
Burkholderia_pseudomallei	SRR5176678	318.84812504968176
Burkholderia_pseudomallei	SRR5176679	253.6869845743803
Burkholderia_pseudomallei	SRR5176680	351.9833562883017
Burkholderia_pseudomallei	SRR5176681	494.23099380775705
Burkholderia_pseudomallei	SRR5176682	254.42045529875685
Burkholderia_pseudomallei	SRR5176683	341.03871867253497
Burkholderia_pseudomallei	SRR5176684	414.91798976218274
Burkholderia_pseudomallei	SRR5176685	334.21794429908425
Burkholderia_pseudomallei	SRR5176686	274.41711304832586
Burkholderia_pseudomallei	SRR5176687	298.7765698726282
Burkholderia_pseudomallei	SRR5176688	276.04244799184795
Burkholderia_pseudomallei	SRR5176689	231.90632869732377
Burkholderia_pseudomallei	SRR5176690	156.97948318609218
Burkholderia_pseudomallei	SRR5176691	384.9409935519826
Burkholderia_pseudomallei	SRR5176692	271.5327920529045
Burkholderia_pseudomallei	SRR5176693	232.59185573406165
Burkholderia_pseudomallei	SRR5176694	455.12780047770696
Burkholderia_pseudomallei	SRR5176695	172.3331438850298
Burkholderia_pseudomallei	SRR5176696	272.3673375443349
Burkholderia_pseudomallei	SRR5176697	204.87456709748633
Burkholderia_pseudomallei	SRR5176698	120.06013836726105
Burkholderia_pseudomallei	SRR5176699	165.26548412530565
Burkholderia_pseudomallei	SRR5176700	155.90301995200457
Burkholderia_pseudomallei	SRR5176701	4.094187826792561
Burkholderia_pseudomallei	SRR5176702	445.7688250867253
Burkholderia_pseudomallei	SRR5176703	167.9233244360182
Burkholderia_pseudomallei	SRR5176704	52.94961034487715
Burkholderia_pseudomallei	SRR5176705	353.5946425116155
Burkholderia_pseudomallei	SRR5176706	187.9286674461887
Burkholderia_pseudomallei	SRR5176707	197.61676259939856
Burkholderia_pseudomallei	SRR5176708	251.1671730977475
Burkholderia_pseudomallei	SRR5176709	336.0402560521138
Burkholderia_pseudomallei	SRR5176710	436.882966047086
Burkholderia_pseudomallei	SRR5176711	395.2787040442073
Burkholderia_pseudomallei	SRR5176712	185.72858397896488
Burkholderia_pseudomallei	SRR5176713	214.03014353872993
Burkholderia_pseudomallei	SRR5176714	162.90549568043136
Burkholderia_pseudomallei	SRR5176715	363.99941515027854
Burkholderia_pseudomallei	SRR5176716	397.0867462327373
Burkholderia_pseudomallei	SRR5176717	131.0648898141258
Burkholderia_pseudomallei	SRR5176718	316.22296323536585
Burkholderia_pseudomallei	SRR5176719	279.88219262593975
Burkholderia_pseudomallei	SRR5176720	450.4043967813168
Burkholderia_pseudomallei	SRR5176721	407.98143127546956
Burkholderia_pseudomallei	SRR5176722	215.55569881221578
Burkholderia_pseudomallei	SRR5176723	178.79689690409847
Burkholderia_pseudomallei	SRR5176724	237.4859546665125
Burkholderia_pseudomallei	SRR5176725	230.54217382263363
Burkholderia_pseudomallei	SRR5176726	346.5259515874969
Burkholderia_pseudomallei	SRR5176727	204.87456709748633
Burkholderia_pseudomallei	SRR5176728	10.900507243200034
Burkholderia_pseudomallei	SRR5176729	297.2140177517116
Burkholderia_pseudomallei	SRR5176730	319.34665048981975
Burkholderia_pseudomallei	SRR5176731	307.27155437696393
Burkholderia_pseudomallei	SRR5176732	513.7220981439986
Burkholderia_pseudomallei	SRR5176733	257.64620165563025
Burkholderia_pseudomallei	SRR5176734	184.9928657702947
Burkholderia_pseudomallei	SRR5176735	375.44962598671833
Burkholderia_pseudomallei	SRR5176736	406.27896093886875
Burkholderia_pseudomallei	SRR5176737	416.1039969849864
Burkholderia_pseudomallei	SRR5176738	212.78312152968743
Burkholderia_pseudomallei	SRR5176739	296.78447167285407
Burkholderia_pseudomallei	SRR5176740	309.69051578882596
Burkholderia_pseudomallei	SRR5176741	43.13815809301468
Burkholderia_pseudomallei	SRR5176742	317.34064407220416
Burkholderia_pseudomallei	SRR5176743	243.01965993862086
Burkholderia_pseudomallei	SRR5176744	212.8598771872015
Burkholderia_pseudomallei	SRR5176745	249.47462590820112
Burkholderia_pseudomallei	SRR5176746	281.36107214721454
Burkholderia_pseudomallei	SRR5176747	323.566446728623
Burkholderia_pseudomallei	SRR5176748	474.271901685006
Burkholderia_pseudomallei	SRR5176749	358.2132267881427
Burkholderia_pseudomallei	SRR5176750	280.68578374820385
Burkholderia_pseudomallei	SRR5176751	264.93636244058223
Burkholderia_pseudomallei	SRR5176752	264.6972471621706
Burkholderia_pseudomallei	SRR5176753	326.2969652664173
Burkholderia_pseudomallei	SRR5176754	201.9215194640219
Burkholderia_pseudomallei	SRR5176755	459.85647244134873
Burkholderia_pseudomallei	SRR5176756	148.70614664893367
Burkholderia_pseudomallei	SRR5176757	236.1768892707016
Burkholderia_pseudomallei	SRR5176758	220.0935471768716
Burkholderia_pseudomallei	SRR5176759	1.3695495824775967
Burkholderia_pseudomallei	SRR5176760	257.6541218396176
Burkholderia_pseudomallei	SRR5176761	259.2985623635289
Burkholderia_pseudomallei	SRR5176762	5.4417752607738645
Burkholderia_pseudomallei	SRR5176763	287.374734311904
Burkholderia_pseudomallei	SRR5176764	4.107361232653835
Burkholderia_pseudomallei	SRR5176765	253.94189184597462
Burkholderia_pseudomallei	SRR5176766	327.7556896908535
Burkholderia_pseudomallei	SRR5176767	511.2027810627584
Burkholderia_pseudomallei	SRR5176768	211.6319229604456
Burkholderia_pseudomallei	SRR5176769	301.5048633891213
Burkholderia_pseudomallei	SRR5176770	328.7226428759915
Burkholderia_pseudomallei	SRR5176771	391.4177064116063
Burkholderia_pseudomallei	SRR5176772	262.7577582953318
Burkholderia_pseudomallei	SRR5176773	326.06182058823526
Burkholderia_pseudomallei	SRR5176774	453.19294276332704
Burkholderia_pseudomallei	SRR5176775	423.1801169634404
Burkholderia_pseudomallei	SRR5176776	354.4563593223686
Burkholderia_pseudomallei	SRR5176777	243.45475882170877
Burkholderia_pseudomallei	SRR5176778	263.3051521904996
Burkholderia_pseudomallei	SRR5176779	224.8999523010145
Burkholderia_pseudomallei	SRR5176780	328.39118591066574
Burkholderia_pseudomallei	SRR5176781	375.0984514145131
Burkholderia_pseudomallei	SRR5176782	278.822674189456
Burkholderia_pseudomallei	SRR5176783	196.2171401291945
Burkholderia_pseudomallei	SRR5176784	347.810642066161
Burkholderia_pseudomallei	SRR5176785	211.4628690879332
Burkholderia_pseudomallei	SRR5176786	2.731297414090446
Burkholderia_pseudomallei	SRR5176787	242.87857781616583
Burkholderia_pseudomallei	SRR5176788	212.80816045166182
Burkholderia_pseudomallei	SRR5176789	388.2452079177714
Burkholderia_pseudomallei	SRR5176790	328.9316958312041
Burkholderia_pseudomallei	SRR5176791	298.8384791236064
Burkholderia_pseudomallei	SRR5176792	475.7894977057948
Burkholderia_pseudomallei	SRR5176793	204.78889033457153
Burkholderia_pseudomallei	SRR5176794	309.8638494195037
Burkholderia_pseudomallei	SRR5176795	258.0377288112323
Burkholderia_pseudomallei	SRR5176796	180.41467153435386
Burkholderia_pseudomallei	SRR5176797	207.3698607925178
Burkholderia_pseudomallei	SRR5176798	278.5128908550173
Burkholderia_pseudomallei	SRR5176799	684.3301229160126
Burkholderia_pseudomallei	SRR5176800	177.65108039079323
Burkholderia_pseudomallei	SRR5176801	142.04636652092384
Burkholderia_pseudomallei	SRR5176802	189.32988984220594
Burkholderia_pseudomallei	SRR5176803	246.68023469304234
Burkholderia_pseudomallei	SRR5176804	2.7390991649551935
Burkholderia_pseudomallei	SRR5176805	267.5129144519336
Burkholderia_pseudomallei	SRR5176806	160.990232987385
Burkholderia_pseudomallei	SRR5176807	312.467383819674
Burkholderia_pseudomallei	SRR5176808	4.095777806691431
Burkholderia_pseudomallei	SRR5176809	384.7661015450108
Burkholderia_pseudomallei	SRR5176810	368.7251509022102
Burkholderia_pseudomallei	SRR5176811	453.9480695837295
Burkholderia_pseudomallei	SRR5176812	366.6131664775049
Burkholderia_pseudomallei	SRR5176813	423.2303733581145
Burkholderia_pseudomallei	SRR5176814	513.8035827584362
Burkholderia_pseudomallei	SRR5176815	328.7906545173671
Burkholderia_pseudomallei	SRR5176816	144.76554725425146
Burkholderia_pseudomallei	SRR5176817	282.3404035595895
Burkholderia_pseudomallei	SRR5176818	291.59614854970897
Burkholderia_pseudomallei	SRR5176819	93.10018794015359
Burkholderia_pseudomallei	SRR5176820	141.62740155364946
Burkholderia_pseudomallei	SRR5176821	180.26562932996944
Burkholderia_pseudomallei	SRR5176822	191.1911893901109
Burkholderia_pseudomallei	SRR5176823	241.75198917503386
Burkholderia_pseudomallei	SRR5176824	241.5269899766134
Burkholderia_pseudomallei	SRR5176825	238.454794374762
Burkholderia_pseudomallei	SRR5176826	191.0280949115911
Burkholderia_pseudomallei	SRR5176827	283.9780295911974
Burkholderia_pseudomallei	SRR5176828	355.643566484165
Burkholderia_pseudomallei	SRR5176829	346.6748993407711
Burkholderia_pseudomallei	SRR5176830	201.14021537676442
Burkholderia_pseudomallei	SRR5176831	323.5595763523277
Burkholderia_pseudomallei	SRR5176832	208.75607637016546
Burkholderia_pseudomallei	SRR5176833	297.34399988401213
Burkholderia_pseudomallei	SRR5176834	270.21639656830905
Burkholderia_pseudomallei	SRR5176835	289.4391455448743
Burkholderia_pseudomallei	SRR5176836	331.2803665974445
Burkholderia_pseudomallei	SRR5176837	110.11400725518409
Burkholderia_pseudomallei	SRR5176838	139.3026964144684
Burkholderia_pseudomallei	SRR5176839	114.61685694695467
Burkholderia_pseudomallei	SRR5176840	297.6265206195773
Burkholderia_pseudomallei	SRR5176841	189.89487873862137
Burkholderia_pseudomallei	SRR5176842	274.2764123463237
Burkholderia_pseudomallei	SRR5176843	326.40533767703863
Burkholderia_pseudomallei	SRR5176844	309.9854125297366
Burkholderia_pseudomallei	SRR5176845	189.63428059315774
Burkholderia_pseudomallei	SRR5176846	286.1581979051451
Burkholderia_pseudomallei	SRR5176847	180.26597856781885
Burkholderia_pseudomallei	SRR5176848	224.94345880073394
Burkholderia_pseudomallei	SRR5176849	309.4385397967114
Burkholderia_pseudomallei	SRR5176850	292.4389484923958
Burkholderia_pseudomallei	SRR5176851	402.2815204577438
Burkholderia_pseudomallei	SRR5176852	178.73886277445538
Burkholderia_pseudomallei	SRR5176853	331.57019331083313
Burkholderia_pseudomallei	SRR5176854	128.5780795595868
Burkholderia_pseudomallei	SRR5176855	353.3161125447462
Burkholderia_pseudomallei	SRR5176856	419.765261245619
Burkholderia_pseudomallei	SRR5176857	292.16970352171273
Burkholderia_pseudomallei	SRR5176858	207.5224062397212
Burkholderia_pseudomallei	SRR5176859	292.01568279658346
Burkholderia_pseudomallei	SRR5176860	664.649202473296
Burkholderia_pseudomallei	SRR5176861	283.7692831897612
Burkholderia_pseudomallei	SRR5176862	316.3011565064087
Burkholderia_pseudomallei	SRR5176863	407.7361851419166
Burkholderia_pseudomallei	SRR5176864	268.9503651536226
Burkholderia_pseudomallei	SRR5176865	350.38533285408204
Burkholderia_pseudomallei	SRR5176866	463.49052149690095
Burkholderia_pseudomallei	SRR5176867	448.50902690600094
Burkholderia_pseudomallei	SRR5176868	35.455320447123185
Burkholderia_pseudomallei	SRR5176869	351.95195767005606
Burkholderia_pseudomallei	SRR5176870	300.3570391573716
Burkholderia_pseudomallei	SRR5176871	425.52588665572404
Burkholderia_pseudomallei	SRR5176872	147.3724006636963
Burkholderia_pseudomallei	SRR5861974	NA
Burkholderia_pseudomallei	SRR5861975	NA
Burkholderia_pseudomallei	SRR5861976	NA
Burkholderia_pseudomallei	SRR5861977	NA
Burkholderia_pseudomallei	SRR5861978	NA
Burkholderia_pseudomallei	SRR5861979	NA
Burkholderia_pseudomallei	SRR5861980	NA
Burkholderia_pseudomallei	SRR5861981	NA
Burkholderia_pseudomallei	SRR5861982	NA
Burkholderia_pseudomallei	SRR5861983	NA
Burkholderia_pseudomallei	SRR5861984	NA
Burkholderia_pseudomallei	SRR5861985	NA
Burkholderia_pseudomallei	SRR5861986	NA
Burkholderia_pseudomallei	SRR5861987	NA
Burkholderia_pseudomallei	SRR5861988	NA
Burkholderia_pseudomallei	SRR5861989	NA
Burkholderia_pseudomallei	SRR5861990	NA
Burkholderia_pseudomallei	SRR5861991	NA
Burkholderia_pseudomallei	SRR5861992	NA
Burkholderia_pseudomallei	SRR5861993	NA
Burkholderia_pseudomallei	SRR5861994	NA
Burkholderia_pseudomallei	SRR5861995	NA
Burkholderia_pseudomallei	SRR5861996	NA
Burkholderia_pseudomallei	SRR5861997	NA
Burkholderia_pseudomallei	SRR5861998	NA
Burkholderia_pseudomallei	SRR5861999	NA
Burkholderia_pseudomallei	SRR5862000	NA
Burkholderia_pseudomallei	SRR5862001	NA
Burkholderia_pseudomallei	SRR5862002	NA
Burkholderia_pseudomallei	SRR5862003	NA
Burkholderia_pseudomallei	SRR5862004	NA
Burkholderia_pseudomallei	SRR5862005	NA
Burkholderia_pseudomallei	SRR5862006	NA
Burkholderia_pseudomallei	SRR5862007	NA
Burkholderia_pseudomallei	SRR5862008	NA
Burkholderia_pseudomallei	SRR5862009	NA
Burkholderia_pseudomallei	SRR5862010	NA
Burkholderia_pseudomallei	SRR5862011	NA
Burkholderia_pseudomallei	SRR5862012	NA
Burkholderia_pseudomallei	SRR5862013	NA
Burkholderia_pseudomallei	SRR5862014	NA
Burkholderia_pseudomallei	SRR5862015	NA
Burkholderia_pseudomallei	SRR5862016	NA
Burkholderia_pseudomallei	SRR5862017	NA
Burkholderia_pseudomallei	SRR5862018	NA
Burkholderia_pseudomallei	SRR5862019	NA
Burkholderia_pseudomallei	SRR5862020	NA
Burkholderia_pseudomallei	SRR5862021	NA
Burkholderia_pseudomallei	SRR5862022	NA
Burkholderia_pseudomallei	SRR5862023	NA
Burkholderia_pseudomallei	SRR5862024	NA
Burkholderia_pseudomallei	SRR5862025	NA
Burkholderia_pseudomallei	SRR5862026	NA
Burkholderia_pseudomallei	SRR5862027	NA
Burkholderia_pseudomallei	SRR5862028	NA
Burkholderia_pseudomallei	SRR5862029	NA
Burkholderia_pseudomallei	SRR5862030	NA
Burkholderia_pseudomallei	SRR5862031	NA
Burkholderia_pseudomallei	SRR5862032	NA
Burkholderia_pseudomallei	SRR5862033	NA
Burkholderia_pseudomallei	SRR5862034	NA
Burkholderia_pseudomallei	SRR5862035	NA
Burkholderia_pseudomallei	SRR5862036	NA
Burkholderia_pseudomallei	SRR5862037	NA
Burkholderia_pseudomallei	SRR5862038	NA
Burkholderia_pseudomallei	SRR5862039	NA
Burkholderia_pseudomallei	SRR5862040	NA
Burkholderia_pseudomallei	SRR5862041	NA
Burkholderia_pseudomallei	SRR5862042	NA
Burkholderia_pseudomallei	SRR5862043	NA
Burkholderia_pseudomallei	SRR5862044	NA
Burkholderia_pseudomallei	SRR5862045	NA
Burkholderia_pseudomallei	SRR5862046	NA
Burkholderia_pseudomallei	SRR5862047	NA
Burkholderia_pseudomallei	SRR5862048	NA
Burkholderia_pseudomallei	SRR5862049	NA
Burkholderia_pseudomallei	SRR5862050	NA
Burkholderia_pseudomallei	SRR5862051	NA
Burkholderia_pseudomallei	SRR5862052	NA
Burkholderia_pseudomallei	SRR5862053	NA
Burkholderia_pseudomallei	SRR5862054	NA
Burkholderia_pseudomallei	SRR5862055	NA
Burkholderia_pseudomallei	SRR5862056	NA
Burkholderia_pseudomallei	SRR5862057	NA
Burkholderia_pseudomallei	SRR5862058	NA
Burkholderia_pseudomallei	SRR5862059	NA
Burkholderia_pseudomallei	SRR5862060	NA
Burkholderia_pseudomallei	SRR5862061	NA
Burkholderia_pseudomallei	SRR5862062	NA
Burkholderia_pseudomallei	SRR5862063	NA
Burkholderia_pseudomallei	SRR5862064	NA
Burkholderia_pseudomallei	SRR5862065	NA
Burkholderia_pseudomallei	SRR5862066	NA
Burkholderia_pseudomallei	SRR5862067	NA
Burkholderia_pseudomallei	SRR5862068	NA
Burkholderia_pseudomallei	SRR5862069	NA
Burkholderia_pseudomallei	SRR5862070	NA
Burkholderia_pseudomallei	SRR5862071	NA
Burkholderia_pseudomallei	SRR5862072	NA
Burkholderia_pseudomallei	SRR5862073	NA
Burkholderia_pseudomallei	SRR5862074	NA
Burkholderia_pseudomallei	SRR5862075	NA
Burkholderia_pseudomallei	SRR5862076	NA
Burkholderia_pseudomallei	SRR5862077	NA
Burkholderia_pseudomallei	SRR5862078	NA
Burkholderia_pseudomallei	SRR5862079	NA
Burkholderia_pseudomallei	SRR5862080	NA
Burkholderia_pseudomallei	SRR5862081	NA
Burkholderia_pseudomallei	SRR5862082	NA
Burkholderia_pseudomallei	SRR5862083	NA
Burkholderia_pseudomallei	SRR5862084	NA
Burkholderia_pseudomallei	SRR5862085	NA
Burkholderia_pseudomallei	SRR5862086	NA
Burkholderia_pseudomallei	SRR5862087	NA
Burkholderia_pseudomallei	SRR5862088	NA
Burkholderia_pseudomallei	SRR5862089	NA
Burkholderia_pseudomallei	SRR5862090	NA
Burkholderia_pseudomallei	SRR5862091	NA
Burkholderia_pseudomallei	SRR5862092	NA
Burkholderia_pseudomallei	SRR5862093	NA
Burkholderia_pseudomallei	SRR5862094	NA
Burkholderia_pseudomallei	SRR5862095	NA
Burkholderia_pseudomallei	SRR5862096	NA
Burkholderia_pseudomallei	SRR5862097	NA
Burkholderia_pseudomallei	SRR5862098	NA
Burkholderia_pseudomallei	SRR5862099	NA
Burkholderia_pseudomallei	SRR5862100	NA
Burkholderia_pseudomallei	SRR5862101	NA
Burkholderia_pseudomallei	SRR5862102	NA
Burkholderia_pseudomallei	SRR5862103	NA
Burkholderia_pseudomallei	SRR5862104	NA
Burkholderia_pseudomallei	SRR5862105	NA
Burkholderia_pseudomallei	SRR5862106	NA
Burkholderia_pseudomallei	SRR5862107	NA
Burkholderia_pseudomallei	SRR5862108	NA
Burkholderia_pseudomallei	SRR5862109	NA
Burkholderia_pseudomallei	SRR5862110	NA
Burkholderia_pseudomallei	SRR5862111	NA
Burkholderia_pseudomallei	SRR5862112	NA
Burkholderia_pseudomallei	SRR5862113	NA
Burkholderia_pseudomallei	SRR5862114	NA
Burkholderia_pseudomallei	SRR5862115	NA
Burkholderia_pseudomallei	SRR5862116	NA
Burkholderia_pseudomallei	SRR5862117	NA
Burkholderia_pseudomallei	SRR5862118	NA
Burkholderia_pseudomallei	SRR5862119	NA
Burkholderia_pseudomallei	SRR5862120	NA
Burkholderia_pseudomallei	SRR5862121	NA
Burkholderia_pseudomallei	SRR5862122	NA
Burkholderia_pseudomallei	SRR5862123	NA
Burkholderia_pseudomallei	SRR5862124	NA
Burkholderia_pseudomallei	SRR5862125	NA
Burkholderia_pseudomallei	SRR5862126	NA
Burkholderia_pseudomallei	SRR5862127	NA
Burkholderia_pseudomallei	SRR5862128	NA
Burkholderia_pseudomallei	SRR5862129	NA
Burkholderia_pseudomallei	SRR5862130	NA
Burkholderia_pseudomallei	SRR5862131	NA
Burkholderia_pseudomallei	SRR5862132	NA
Burkholderia_pseudomallei	SRR5862133	NA
Burkholderia_pseudomallei	SRR5862134	NA
Burkholderia_pseudomallei	SRR5862135	NA
Burkholderia_pseudomallei	SRR5862136	NA
Burkholderia_pseudomallei	SRR5862137	NA
Burkholderia_pseudomallei	SRR5862138	NA
Burkholderia_pseudomallei	SRR5862139	NA
Burkholderia_pseudomallei	SRR5862140	NA
Burkholderia_pseudomallei	SRR5862141	NA
Burkholderia_pseudomallei	SRR5862142	NA
Burkholderia_pseudomallei	SRR5862143	NA
Burkholderia_pseudomallei	SRR5862144	NA
Burkholderia_pseudomallei	SRR5862145	NA
Burkholderia_pseudomallei	SRR5862146	NA
Burkholderia_pseudomallei	SRR5862147	NA
Burkholderia_pseudomallei	SRR5862148	NA
Burkholderia_pseudomallei	SRR5862149	NA
Burkholderia_pseudomallei	SRR5862150	NA
Burkholderia_pseudomallei	SRR5862151	NA
Burkholderia_pseudomallei	SRR5862152	NA
Burkholderia_pseudomallei	SRR5862153	NA
Burkholderia_pseudomallei	SRR5862154	NA
Burkholderia_pseudomallei	SRR5862155	NA
Burkholderia_pseudomallei	SRR5862156	NA
Burkholderia_pseudomallei	SRR5862157	NA
Burkholderia_pseudomallei	SRR5862158	NA
Burkholderia_pseudomallei	SRR5862159	NA
Burkholderia_pseudomallei	SRR5862160	NA
Burkholderia_pseudomallei	SRR5862161	NA
Burkholderia_pseudomallei	SRR5862162	NA
Burkholderia_pseudomallei	SRR5862163	NA
Burkholderia_pseudomallei	SRR5862164	NA
Burkholderia_pseudomallei	SRR5862165	NA
Burkholderia_pseudomallei	SRR5862166	NA
Burkholderia_pseudomallei	SRR5862167	NA
Burkholderia_pseudomallei	SRR5862168	NA
Burkholderia_pseudomallei	SRR5862169	NA
Burkholderia_pseudomallei	SRR5862170	NA
Burkholderia_pseudomallei	SRR5862171	NA
Burkholderia_pseudomallei	SRR5862172	NA
Burkholderia_pseudomallei	SRR5862173	NA
Burkholderia_pseudomallei	SRR5862174	NA
Burkholderia_pseudomallei	SRR5862175	NA
Burkholderia_pseudomallei	SRR5862176	NA
Burkholderia_pseudomallei	SRR5862177	NA
Burkholderia_pseudomallei	SRR5862178	NA
Burkholderia_pseudomallei	SRR5862179	NA
Burkholderia_pseudomallei	SRR5862180	NA
Burkholderia_pseudomallei	SRR5862181	NA
Burkholderia_pseudomallei	SRR5862182	NA
Burkholderia_pseudomallei	SRR5862183	NA
Burkholderia_pseudomallei	SRR5862184	NA
Burkholderia_pseudomallei	SRR5862185	NA
Burkholderia_pseudomallei	SRR5862186	NA
Burkholderia_pseudomallei	SRR5862187	NA
Burkholderia_pseudomallei	SRR5862188	NA
Burkholderia_pseudomallei	SRR5862189	NA
Burkholderia_pseudomallei	SRR5862190	NA
Burkholderia_pseudomallei	SRR5862191	NA
Burkholderia_pseudomallei	SRR5862192	NA
Burkholderia_pseudomallei	SRR5862193	NA
Burkholderia_pseudomallei	SRR5862194	NA
Burkholderia_pseudomallei	SRR5862195	NA
Burkholderia_pseudomallei	SRR5862196	NA
Burkholderia_pseudomallei	SRR5862197	NA
Burkholderia_pseudomallei	SRR5862198	NA
Burkholderia_pseudomallei	SRR5862199	NA
Burkholderia_pseudomallei	SRR5862200	NA
Burkholderia_pseudomallei	SRR5862201	NA
Burkholderia_pseudomallei	SRR5862202	NA
Burkholderia_pseudomallei	SRR5862203	NA
Burkholderia_pseudomallei	SRR5862204	NA
Burkholderia_pseudomallei	SRR5862205	NA
Burkholderia_pseudomallei	SRR5862206	NA
Burkholderia_pseudomallei	SRR5862207	NA
Burkholderia_pseudomallei	SRR5862208	NA
Burkholderia_pseudomallei	SRR5862209	NA
Burkholderia_pseudomallei	SRR5862210	NA
Burkholderia_pseudomallei	SRR5862211	NA
Burkholderia_pseudomallei	SRR5862212	NA
Burkholderia_pseudomallei	SRR5862213	NA
Burkholderia_pseudomallei	SRR5862214	NA
Burkholderia_pseudomallei	SRR5862215	NA
Burkholderia_pseudomallei	SRR5862216	NA
Burkholderia_pseudomallei	SRR5862217	NA
Burkholderia_pseudomallei	SRR5862218	NA
Burkholderia_pseudomallei	SRR5862219	NA
Burkholderia_pseudomallei	SRR5862220	NA
Burkholderia_pseudomallei	SRR5862221	NA
Burkholderia_pseudomallei	SRR5862222	NA
Burkholderia_pseudomallei	SRR5862223	NA
Burkholderia_pseudomallei	SRR5862224	NA
Burkholderia_pseudomallei	SRR5862225	NA
Burkholderia_pseudomallei	SRR5862226	NA
Burkholderia_pseudomallei	SRR5862227	NA
Burkholderia_pseudomallei	SRR5862228	NA
Burkholderia_pseudomallei	SRR5862229	NA
Burkholderia_pseudomallei	SRR5862230	NA
Burkholderia_pseudomallei	SRR5862231	NA
Burkholderia_pseudomallei	SRR5862232	NA
Burkholderia_pseudomallei	SRR5862233	NA
Burkholderia_pseudomallei	SRR5862234	NA
Burkholderia_pseudomallei	SRR5862235	NA
Burkholderia_pseudomallei	SRR5862236	NA
Burkholderia_pseudomallei	SRR5862237	NA
Burkholderia_pseudomallei	SRR5862238	NA
Burkholderia_pseudomallei	SRR5862239	NA
Burkholderia_pseudomallei	SRR5862240	NA
Burkholderia_pseudomallei	SRR5862241	NA
Burkholderia_pseudomallei	SRR5862242	NA
Burkholderia_pseudomallei	SRR5862243	NA
Burkholderia_pseudomallei	SRR5862244	NA
Burkholderia_pseudomallei	SRR5862245	NA
Burkholderia_pseudomallei	SRR5862246	NA
Burkholderia_pseudomallei	SRR5862247	NA
Burkholderia_pseudomallei	SRR5862248	NA
Burkholderia_pseudomallei	SRR5862249	NA
Burkholderia_pseudomallei	SRR5862250	NA
Burkholderia_pseudomallei	SRR5862251	NA
Burkholderia_pseudomallei	SRR5862252	NA
Burkholderia_pseudomallei	SRR5862253	NA
Burkholderia_pseudomallei	SRR5862254	NA
Burkholderia_pseudomallei	SRR5862255	NA
Burkholderia_pseudomallei	SRR5862256	NA
Burkholderia_pseudomallei	SRR5862257	NA
Burkholderia_pseudomallei	SRR5862258	NA
Burkholderia_pseudomallei	SRR5862259	NA
Burkholderia_pseudomallei	SRR5862260	NA
Burkholderia_pseudomallei	SRR5862261	NA
Burkholderia_pseudomallei	SRR5862262	NA
Burkholderia_pseudomallei	SRR5862263	NA
Burkholderia_pseudomallei	SRR5862264	NA
Burkholderia_pseudomallei	SRR5862265	NA
Burkholderia_pseudomallei	SRR5862266	NA
Burkholderia_pseudomallei	SRR5862267	NA
Burkholderia_pseudomallei	SRR5862268	NA
Burkholderia_pseudomallei	SRR5862269	NA
Burkholderia_pseudomallei	SRR5862270	NA
Burkholderia_pseudomallei	SRR5862271	NA
Burkholderia_pseudomallei	SRR5862272	NA
Burkholderia_pseudomallei	SRR5862273	NA
Burkholderia_pseudomallei	SRR5862274	NA
Burkholderia_pseudomallei	SRR5862275	NA
Burkholderia_pseudomallei	SRR5862276	NA
Burkholderia_pseudomallei	SRR5862277	NA
Burkholderia_pseudomallei	SRR5949109	5.1741383419818705
Burkholderia_pseudomallei	SRR5949110	35.40909250713728
Burkholderia_pseudomallei	SRR5949111	14.529468981436128
Burkholderia_pseudomallei	SRR5949112	7.721927721774625
Burkholderia_pseudomallei	SRR5949113	5.947269084782095
Burkholderia_pseudomallei	SRR5949114	1.321798712280005
Burkholderia_pseudomallei	SRR5949115	19.368286159626653
Burkholderia_pseudomallei	SRR5949116	7.311453336557997
Burkholderia_pseudomallei	SRR5949117	1.3274775891413366
Burkholderia_pseudomallei	SRR5949118	6.205025157631464
Burkholderia_pseudomallei	SRR5949119	1.2447154747821256
Burkholderia_pseudomallei	SRR5949120	4.488592464615484
Burkholderia_pseudomallei	SRR5949121	2.419671982431316
Burkholderia_pseudomallei	SRR5949122	6.368836639526527
Burkholderia_pseudomallei	SRR5949123	11.693242961291608
Burkholderia_pseudomallei	SRR5949124	13.321213428389383
Burkholderia_pseudomallei	SRR5949125	21.166332010809825
Burkholderia_pseudomallei	SRR5949126	5.515279760875475
Burkholderia_pseudomallei	SRR5949127	1.1998688857466278
Burkholderia_pseudomallei	SRR5949128	1.2703459823536438
Burkholderia_pseudomallei	SRR5949129	13.253915220747198
Burkholderia_pseudomallei	SRR5949130	4.730795032214821
Burkholderia_pseudomallei	SRR5949131	2.3414027009587888
Burkholderia_pseudomallei	SRR5949132	2.453509674776288
Burkholderia_pseudomallei	SRR5949133	1.1333209886876343
Burkholderia_pseudomallei	SRR5949134	1.3249284364208131
Burkholderia_pseudomallei	SRR5949135	5.592824804237452
Burkholderia_pseudomallei	SRR5949136	1.192572957196477
Burkholderia_pseudomallei	SRR5949137	9.296354265297065
Burkholderia_pseudomallei	SRR5949138	18.35326817336879
Burkholderia_pseudomallei	SRR5949139	2.82031300519985
Burkholderia_pseudomallei	SRR5949140	4.107157392769988
Burkholderia_pseudomallei	SRR5949141	4.59499947275895
Burkholderia_pseudomallei	SRR5949142	2.3376387242525984
Burkholderia_pseudomallei	SRR5949143	2.5491959032079294
Burkholderia_pseudomallei	SRR5949144	3.640216388773777
Burkholderia_pseudomallei	SRR5949145	5.197621937411249
Burkholderia_pseudomallei	SRR5949146	4.468509982037173
Burkholderia_pseudomallei	SRR5949147	7.484014676008926
Burkholderia_pseudomallei	SRR5949148	4.597920164718534
Burkholderia_pseudomallei	SRR5949149	1.2904002832496422
Burkholderia_pseudomallei	SRR5949150	13.353056330157706
Burkholderia_pseudomallei	SRR5949151	1.149021233663316
Burkholderia_pseudomallei	SRR5949152	6.135151742581202
Burkholderia_pseudomallei	SRR5949153	2.478353870529571
Burkholderia_pseudomallei	SRR5949154	25.434791780962954
Burkholderia_pseudomallei	SRR5949155	2.3197116506149094
Burkholderia_pseudomallei	SRR5949156	15.16261031659164
Burkholderia_pseudomallei	SRR5949157	1.2236926107851922
Burkholderia_pseudomallei	SRR5949158	7.919128146647622
Burkholderia_pseudomallei	SRR5949159	2.4064184973533145
Burkholderia_pseudomallei	SRR5949160	6.280444161509556
Burkholderia_pseudomallei	SRR5949161	2.21578717789067
Burkholderia_pseudomallei	SRR5949162	3.4035979053799457
Burkholderia_pseudomallei	SRR5949163	1.3626190286749618
Burkholderia_pseudomallei	SRR5949164	2.6481866645480947
Burkholderia_pseudomallei	SRR5949165	8.467485060840174
Burkholderia_pseudomallei	SRR5949166	7.81635045427823
Burkholderia_pseudomallei	SRR5949167	11.715249355555954
Burkholderia_pseudomallei	SRR5949168	12.301805614285039
Burkholderia_pseudomallei	SRR5949169	75.90039304159359
Burkholderia_pseudomallei	SRR5949170	1.3296738838805997
Burkholderia_pseudomallei	SRR5949171	2.3606908653589884
Burkholderia_pseudomallei	SRR5949172	3.468418011111351
Burkholderia_pseudomallei	SRR5949173	10.141374850380746
Burkholderia_pseudomallei	SRR5949174	1.2881209802887645
Burkholderia_pseudomallei	SRR5949175	4.013782461849044
Burkholderia_pseudomallei	SRR5949176	2.394034213311759
Burkholderia_pseudomallei	SRR5949177	10.804730693124649
Burkholderia_pseudomallei	SRR5949178	1.2447154747821256
Burkholderia_pseudomallei	SRR5949179	8.003963720635152
Burkholderia_pseudomallei	SRR5949180	18.25839229428876
Burkholderia_pseudomallei	SRR5949181	1.2745487545741494
Burkholderia_pseudomallei	SRR5949182	2.7121314099085594
Burkholderia_pseudomallei	SRR5949183	47.164612557706775
Burkholderia_pseudomallei	SRR5949184	8.104939158016077
Burkholderia_pseudomallei	SRR5949185	5.143065188878601
Burkholderia_pseudomallei	SRR5949186	6.638784594182173
Burkholderia_pseudomallei	SRR5949187	10.00788729947243
Burkholderia_pseudomallei	SRR5949188	1.2142169544739283
Burkholderia_pseudomallei	SRR5949189	7.16125434001275
Burkholderia_pseudomallei	SRR5949190	5.047094222096271
Burkholderia_pseudomallei	SRR5949191	15.863466927403573
Burkholderia_pseudomallei	SRR5949192	8.463955446682869
Burkholderia_pseudomallei	SRR5949193	3.07434958580388
Burkholderia_pseudomallei	SRR5949194	1.2985091154575101
Burkholderia_pseudomallei	SRR5949195	10.841760177020237
Burkholderia_pseudomallei	SRR5949196	24.77937751892008
Burkholderia_pseudomallei	SRR5949197	19.307108808992982
Burkholderia_pseudomallei	SRR5949198	6.081606553025582
Burkholderia_pseudomallei	SRR5949199	2.435855744787751
Burkholderia_pseudomallei	SRR5949200	3.552588027233456
Burkholderia_pseudomallei	SRR5949201	3.033113481255626
Burkholderia_pseudomallei	SRR5949202	4.931602118304514
Burkholderia_pseudomallei	SRR5949203	5.47495025344823
Burkholderia_pseudomallei	SRR5949204	4.871486431945545
Burkholderia_pseudomallei	SRR5949205	1.3628387906179662
Burkholderia_pseudomallei	SRR5949206	3.313458428132172
Burkholderia_pseudomallei	SRR5949207	7.633976157574445
Burkholderia_pseudomallei	SRR5949208	2.0495467198129944
Burkholderia_pseudomallei	SRR5949209	36.91653180156845
Burkholderia_pseudomallei	SRR5949210	5.531566862198295
Burkholderia_pseudomallei	SRR5949211	7.092622063303647
Burkholderia_pseudomallei	SRR5949212	4.549366908934408
Burkholderia_pseudomallei	SRR5949213	1.2315322685970262
Burkholderia_pseudomallei	SRR5949214	1.1583885105752507
Burkholderia_pseudomallei	SRR5949215	3.6874963158839833
Burkholderia_pseudomallei	SRR5949216	4.358239668620938
Burkholderia_pseudomallei	SRR5949217	9.907698368746068
Burkholderia_pseudomallei	SRR5949218	22.586222935486333
Burkholderia_pseudomallei	SRR5949219	2.298716353760043
Burkholderia_pseudomallei	SRR5949220	5.0036601163744034
Burkholderia_pseudomallei	SRR5949221	11.883292412546506
Burkholderia_pseudomallei	SRR5949222	7.260672731426937
Burkholderia_pseudomallei	SRR5949223	25.748381676620244
Burkholderia_pseudomallei	SRR5949224	10.063536400055524
Burkholderia_pseudomallei	SRR5949225	6.8426990052757475
Burkholderia_pseudomallei	SRR5949226	3.2223156361050487
Burkholderia_pseudomallei	SRR5949227	5.315817323240333
Burkholderia_pseudomallei	SRR5949228	3.599168984178992
Burkholderia_pseudomallei	SRR5949229	5.55704454366862
Burkholderia_pseudomallei	SRR5949230	1.2486570356175106
Burkholderia_pseudomallei	SRR5949231	0.4575987378975218
Burkholderia_pseudomallei	SRR5949232	13.966065735251606
Burkholderia_pseudomallei	SRR5949233	9.868060052288994
Burkholderia_pseudomallei	SRR5949234	20.684059437420196
Burkholderia_pseudomallei	SRR5949235	1.2377579432481285
Burkholderia_pseudomallei	SRR5949236	20.633099873072524
Burkholderia_pseudomallei	SRR5949237	3.9061387309160454
Burkholderia_pseudomallei	SRR5949238	9.9132716176497
Burkholderia_pseudomallei	SRR5949239	6.34528560611375
Burkholderia_pseudomallei	SRR5949240	12.460133715572098
Burkholderia_pseudomallei	SRR5949241	1.292255376915366
Burkholderia_pseudomallei	SRR5949242	101.76555985834281
Burkholderia_pseudomallei	SRR5949243	1.057056050916601
Burkholderia_pseudomallei	SRR5949244	1.2118463877421002
Burkholderia_pseudomallei	SRR5949245	17.060984856231855
Burkholderia_pseudomallei	SRR5949246	11.815507855463128
Burkholderia_pseudomallei	SRR5949247	3.106285145461556
Burkholderia_pseudomallei	SRR5949248	3.607425044720907
Burkholderia_pseudomallei	SRR5949249	5.815942779028745
Burkholderia_pseudomallei	SRR5949250	1.3387772058044078
Burkholderia_pseudomallei	SRR5949251	6.460495075045058
Burkholderia_pseudomallei	SRR5949252	2.257820347177865
Burkholderia_pseudomallei	SRR5949253	7.464180874601436
Burkholderia_pseudomallei	SRR5949254	4.381874503636862
Burkholderia_pseudomallei	SRR5949255	5.691449645903642
Burkholderia_pseudomallei	SRR5949256	14.982908717307094
Burkholderia_pseudomallei	SRR5949257	1.1023384087160255
Burkholderia_pseudomallei	SRR5949258	9.554083975230174
Burkholderia_pseudomallei	SRR5949259	2.546782227473535
Burkholderia_pseudomallei	SRR5949260	3.3889905072161124
Burkholderia_pseudomallei	SRR5949261	4.540335416584387
Burkholderia_pseudomallei	SRR5949262	9.527403323899113
Burkholderia_pseudomallei	SRR5949263	13.586153598934677
Burkholderia_pseudomallei	SRR5949264	1.1394179339736554
Burkholderia_pseudomallei	SRR5949265	5.156279361929446
Burkholderia_pseudomallei	SRR5949266	7.845574151493398
Burkholderia_pseudomallei	SRR5949267	3.4302701659864936
Burkholderia_pseudomallei	SRR5949268	8.324349976857317
Burkholderia_pseudomallei	SRR5949269	8.177727818850508
Burkholderia_pseudomallei	SRR5949270	2.4426457311635352
Burkholderia_pseudomallei	SRR5949271	10.30286841851184
Burkholderia_pseudomallei	SRR5949272	40.729168690615744
Burkholderia_pseudomallei	SRR5949273	1.0614727732544211
Burkholderia_pseudomallei	SRR5949274	11.931699657499403
Burkholderia_pseudomallei	SRR5949275	1.2148191151965018
Burkholderia_pseudomallei	SRR5949276	2.119050896908539
Burkholderia_pseudomallei	SRR5949277	26.07163090318809
Burkholderia_pseudomallei	SRR5949278	2.998148703720486
Burkholderia_pseudomallei	SRR5949279	1.1454665084023603
Burkholderia_pseudomallei	SRR5949280	14.118640320031407
Burkholderia_pseudomallei	SRR5949281	1.4658802729302427
Burkholderia_pseudomallei	SRR5949282	4.989755821341654
Burkholderia_pseudomallei	SRR5949283	41.55035808301875
Burkholderia_pseudomallei	SRR5949284	3.5716816791947905
Burkholderia_pseudomallei	SRR5949285	21.438046605068973
Burkholderia_pseudomallei	SRR5949286	10.69144953715561
Burkholderia_pseudomallei	SRR5949287	1.3474441088246403
Burkholderia_pseudomallei	SRR5949288	1.0556874582192344
Burkholderia_pseudomallei	SRR5949289	1.2693390223176206
Burkholderia_pseudomallei	SRR5949290	1.2903501975558263
Burkholderia_pseudomallei	SRR5949291	2.1541730817750966
Burkholderia_pseudomallei	SRR5949292	16.965913254936066
Burkholderia_pseudomallei	SRR5949293	2.5449351593316587
Burkholderia_pseudomallei	SRR5949294	3.2075759094200866
Burkholderia_pseudomallei	SRR5949295	5.580888067699375
Burkholderia_pseudomallei	SRR5949296	10.851635811147341
Burkholderia_pseudomallei	SRR5949297	2.4528376373970504
Burkholderia_pseudomallei	SRR5949298	12.092707140233403
Burkholderia_pseudomallei	SRR5949299	3.464878171812713
Burkholderia_pseudomallei	SRR5949300	2.9658872431845187
Burkholderia_pseudomallei	SRR5949301	2.560352837805545
Burkholderia_pseudomallei	SRR5949302	2.259268895013293
Burkholderia_pseudomallei	SRR5949303	10.950983643036608
Burkholderia_pseudomallei	SRR5949304	4.094849103179543
Burkholderia_pseudomallei	SRR5949305	18.027661441469558
Burkholderia_pseudomallei	SRR5949306	13.790563501380674
Burkholderia_pseudomallei	SRR5949307	4.557243802265094
Burkholderia_pseudomallei	SRR5949308	17.305477515292033
Burkholderia_pseudomallei	SRR5949309	3.8513697484211633
Burkholderia_pseudomallei	SRR5949310	12.5861936749192
Burkholderia_pseudomallei	SRR5949311	2.8709782804217743
Burkholderia_pseudomallei	SRR5949312	1.590686093278053
Burkholderia_pseudomallei	SRR5949313	4.6962802612308785
Burkholderia_pseudomallei	SRR5949314	3.4040900764259976
Burkholderia_pseudomallei	SRR5949315	3.572032648822409
Burkholderia_pseudomallei	SRR5949316	5.157595802059418
Burkholderia_pseudomallei	SRR5949317	6.6811570565381535
Burkholderia_pseudomallei	SRR5949318	23.451042274635256
Burkholderia_pseudomallei	SRR5949319	1.2828426109497222
Burkholderia_pseudomallei	SRR5949320	2.5375229552420557
Burkholderia_pseudomallei	SRR5949321	1.0093505378917855
Burkholderia_pseudomallei	SRR5949322	1.4166833640488963
Burkholderia_pseudomallei	SRR5949323	2.431740035760564
Burkholderia_pseudomallei	SRR5949324	11.916839990466427
Burkholderia_pseudomallei	SRR5949325	9.693396934234894
Burkholderia_pseudomallei	SRR5949326	5.168492362745274
Burkholderia_pseudomallei	SRR5949327	14.174430896346523
Burkholderia_pseudomallei	SRR5949328	3.3046402845430847
Burkholderia_pseudomallei	SRR5949329	2.9265089263106123
Burkholderia_pseudomallei	SRR5949330	10.269439918525922
Burkholderia_pseudomallei	SRR5949331	5.068005460854652
Burkholderia_pseudomallei	SRR5949332	1.1517412310015986
Burkholderia_pseudomallei	SRR5949333	21.106087029711265
Burkholderia_pseudomallei	SRR5949334	3.306118968822224
Burkholderia_pseudomallei	SRR5949335	6.67936314180732
Burkholderia_pseudomallei	SRR5949336	2.488835585874239
Burkholderia_pseudomallei	SRR5949337	1.2397589711038643
Burkholderia_pseudomallei	SRR5949338	2.7264148323347115
Burkholderia_pseudomallei	SRR5949339	29.779038017638207
Burkholderia_pseudomallei	SRR5949340	3.8153930784326895
Burkholderia_pseudomallei	SRR5949341	1.0724915249458775
Burkholderia_pseudomallei	SRR5949342	6.584076302343929
Burkholderia_pseudomallei	SRR5949343	7.782897324266101
Burkholderia_pseudomallei	SRR5949344	2.400541641200334
Burkholderia_pseudomallei	SRR5949345	1.205782746024906
Burkholderia_pseudomallei	SRR5949346	3.2853498740875153
Burkholderia_pseudomallei	SRR5949347	3.5719075823193567
Burkholderia_pseudomallei	SRR5949348	11.305234527564023
Burkholderia_pseudomallei	SRR5949349	2.4987338241146952
Burkholderia_pseudomallei	SRR5949350	1.2768196385987194
Burkholderia_pseudomallei	SRR5949351	1.1247248770708862
Burkholderia_pseudomallei	SRR5949352	2.436440415771534
Burkholderia_pseudomallei	SRR5949353	3.578575639603777
Burkholderia_pseudomallei	SRR5949354	2.364207354434549
Burkholderia_pseudomallei	SRR5949355	11.058238537690519
Burkholderia_pseudomallei	SRR5949356	34.734739161769326
Burkholderia_pseudomallei	SRR5949357	3.680068571466121
Burkholderia_pseudomallei	SRR5949358	1.1687668936648674
Burkholderia_pseudomallei	SRR5949359	10.166717441619378
Burkholderia_pseudomallei	SRR5949360	6.765637269924609
Burkholderia_pseudomallei	SRR5949361	1.2271455383925587
Burkholderia_pseudomallei	SRR5949362	6.0355239133558785
Burkholderia_pseudomallei	SRR5949363	6.101346596730004
Burkholderia_pseudomallei	SRR5949364	4.3631049817865115
Burkholderia_pseudomallei	SRR5949365	12.505716820833122
Burkholderia_pseudomallei	SRR5949366	18.285109461883707
Burkholderia_pseudomallei	SRR5949367	1.3632936897014178
Burkholderia_pseudomallei	SRR5949368	7.75432444082357
Burkholderia_pseudomallei	SRR5949369	2.0528366748049596
Burkholderia_pseudomallei	SRR5949370	8.66226569410721
Burkholderia_pseudomallei	SRR5949371	19.48831718131447
Burkholderia_pseudomallei	SRR5949372	1.215895712861616
Burkholderia_pseudomallei	SRR5949373	9.711387753443441
Burkholderia_pseudomallei	SRR5949374	4.39839696626468
Burkholderia_pseudomallei	SRR5949375	10.103840684324766
Burkholderia_pseudomallei	SRR5949376	3.896304266867224
Burkholderia_pseudomallei	SRR5949377	3.6847952586840074
Burkholderia_pseudomallei	SRR5949378	1.3345735792666624
Burkholderia_pseudomallei	SRR5949379	2.888089744633528
Burkholderia_pseudomallei	SRR5949380	2.1079231093174458
Burkholderia_pseudomallei	SRR5949381	2.479986243944369
Burkholderia_pseudomallei	SRR5949382	5.866194055735177
Burkholderia_pseudomallei	SRR5949383	2.4630969142061296
Burkholderia_pseudomallei	SRR5949384	20.43150937462974
Burkholderia_pseudomallei	SRR5949385	3.5777746500803738
Burkholderia_pseudomallei	SRR5949386	1.3179295366425143
Burkholderia_pseudomallei	SRR5949387	15.836406005703468
Burkholderia_pseudomallei	SRR5949388	12.80904123176698
Burkholderia_pseudomallei	SRR5949389	1.3438742739783325
Burkholderia_pseudomallei	SRR5949390	1.1891928538367595
Burkholderia_pseudomallei	SRR5949391	2.1422905504978846
Burkholderia_pseudomallei	SRR5949392	1.2538263362814606
Burkholderia_pseudomallei	SRR5949393	3.6485230722166246
Burkholderia_pseudomallei	SRR5949394	10.249443594434585
Burkholderia_pseudomallei	SRR5949395	1.1207963073561997
Burkholderia_pseudomallei	SRR5949396	6.1027921388632365
Burkholderia_pseudomallei	SRR5949397	2.1396013138728147
Burkholderia_pseudomallei	SRR5949398	17.602282490948816
Burkholderia_pseudomallei	SRR5949399	1.2377179073090114
Burkholderia_pseudomallei	SRR5949400	112.53386126407523
Burkholderia_pseudomallei	SRR5949401	1.3191638148200748
Burkholderia_pseudomallei	SRR5949402	21.102333106747597
Burkholderia_pseudomallei	SRR5949403	1.2778654323238352
Burkholderia_pseudomallei	SRR5949404	2.0876685474040153
Burkholderia_pseudomallei	SRR5949405	4.004749386038968
Burkholderia_pseudomallei	SRR5949406	5.711027992117561
Burkholderia_pseudomallei	SRR5949407	1.1744154154275148
Burkholderia_pseudomallei	SRR5949408	6.908569311460423
Burkholderia_pseudomallei	SRR5949409	1.205506099338157
Burkholderia_pseudomallei	SRR5949410	3.674744025565439
Burkholderia_pseudomallei	SRR5949411	8.067475630037185
Burkholderia_pseudomallei	SRR5949412	4.521212398666419
Burkholderia_pseudomallei	SRR5949413	3.4114922600957573
Burkholderia_pseudomallei	SRR5949414	1.2658334809827385
Burkholderia_pseudomallei	SRR5949415	4.9572969260070465
Burkholderia_pseudomallei	SRR5949416	16.843661353802926
Burkholderia_pseudomallei	SRR5949417	66.32376353142212
Burkholderia_pseudomallei	SRR5949418	1.2389524557335343
Burkholderia_pseudomallei	SRR5949419	12.324835442459221
Burkholderia_pseudomallei	SRR5949420	9.394866781062511
Burkholderia_pseudomallei	SRR5949421	7.1608172325123425
Burkholderia_pseudomallei	SRR5949422	2.132623107028982
Burkholderia_pseudomallei	SRR5949423	2.4412579114743025
Burkholderia_pseudomallei	SRR5949424	1.3345735792666624
Burkholderia_pseudomallei	SRR5949425	4.366363192722407
Burkholderia_pseudomallei	SRR5949426	6.323769327952337
Burkholderia_pseudomallei	SRR5949427	2.488139809259651
Burkholderia_pseudomallei	SRR5949428	1.0981684245058705
Burkholderia_pseudomallei	SRR5949429	34.298259185321946
Burkholderia_pseudomallei	SRR5949430	1.6190882536757687
Burkholderia_pseudomallei	SRR5949431	6.947090706870924
Burkholderia_pseudomallei	SRR5949432	6.886469327613692
Burkholderia_pseudomallei	SRR5949433	1.1832390099659147
Burkholderia_pseudomallei	SRR5949434	2.4326456359148216
Burkholderia_pseudomallei	SRR5949435	11.810668110974468
Burkholderia_pseudomallei	SRR5949436	7.961392090635213
Burkholderia_pseudomallei	SRR5949437	5.905334055487234
Burkholderia_pseudomallei	SRR5949438	4.999824663869462
Burkholderia_pseudomallei	SRR5949439	1.134733063376702
Burkholderia_pseudomallei	SRR5949440	41.59237368682166
Burkholderia_pseudomallei	SRR5949441	19.788635342812555
Burkholderia_pseudomallei	SRR5949442	5.807648073930574
Burkholderia_pseudomallei	SRR5949443	7.542378053620161
Burkholderia_pseudomallei	SRR5949444	6.802158989116484
Burkholderia_pseudomallei	SRR5949445	12.231455158268245
Burkholderia_pseudomallei	SRR5949446	6.235600221701448
Burkholderia_pseudomallei	SRR5949447	3.601278947763553
Burkholderia_pseudomallei	SRR5949448	4.9069617305421716
Burkholderia_pseudomallei	SRR5949449	1.34653965578047
Burkholderia_pseudomallei	SRR5949450	2.2990626575632307
Burkholderia_pseudomallei	SRR5949451	4.762242238926387
Burkholderia_pseudomallei	SRR5949452	2.433477500301886
Burkholderia_pseudomallei	SRR5949453	17.75610750368284
Burkholderia_pseudomallei	SRR5949454	5.30556517977239
Burkholderia_pseudomallei	SRR5949455	0.9322712213544365
Burkholderia_pseudomallei	SRR5949456	2.2332142120853367
Burkholderia_pseudomallei	SRR5949457	4.826788958228955
Burkholderia_pseudomallei	SRR5949458	2.432214483961247
Burkholderia_pseudomallei	SRR5949459	3.922071258440988
Burkholderia_pseudomallei	SRR5949460	1.2433615484434175
Burkholderia_pseudomallei	SRR5949461	14.247215457455686
Burkholderia_pseudomallei	SRR5949462	2.3811211194631934
Burkholderia_pseudomallei	SRR5949463	4.476982626408007
Burkholderia_pseudomallei	SRR5949464	13.691456583249334
Burkholderia_pseudomallei	SRR5949465	14.227028269407498
Burkholderia_pseudomallei	SRR5949466	1.107059214975844
Burkholderia_pseudomallei	SRR5949467	6.924673354287515
Burkholderia_pseudomallei	SRR5949468	7.079445780809614
Burkholderia_pseudomallei	SRR5949469	13.060523126744696
Burkholderia_pseudomallei	SRR5949470	3.496604279619285
Burkholderia_pseudomallei	SRR5949471	6.05259449272675
Burkholderia_pseudomallei	SRR5949472	2.34199555175795
Burkholderia_pseudomallei	SRR5949473	5.294378380408295
Burkholderia_pseudomallei	SRR5949474	6.787031145301486
Burkholderia_pseudomallei	SRR5949475	1.2854970848210212
Burkholderia_pseudomallei	SRR5949476	3.4232241014028983
Burkholderia_pseudomallei	SRR5949477	4.171760661253081
Burkholderia_pseudomallei	SRR5949478	1.0843500122196275
Burkholderia_pseudomallei	SRR5949479	14.349723225959265
Burkholderia_pseudomallei	SRR5949480	37.75360459218509
Burkholderia_pseudomallei	SRR5949481	2.699993704214242
Burkholderia_pseudomallei	SRR5949482	5.056934532472497
Burkholderia_pseudomallei	SRR5949483	8.490733344645339
Burkholderia_pseudomallei	SRR5949484	4.147903216119815
Burkholderia_pseudomallei	SRR5949485	10.643494392849336
Burkholderia_pseudomallei	SRR5949486	8.094928195699392
Burkholderia_pseudomallei	SRR5949487	8.663902955705947
Burkholderia_pseudomallei	SRR5949488	4.493514683397582
Burkholderia_pseudomallei	SRR5949489	7.475211398930444
Burkholderia_pseudomallei	SRR5949490	1.1740700653077196
Burkholderia_pseudomallei	SRR5949491	3.474398173749972
Burkholderia_pseudomallei	SRR5949492	1.1750753866410875
Burkholderia_pseudomallei	SRR5949493	6.328096959690896
Burkholderia_pseudomallei	SRR5949494	1.2609807746640385
Burkholderia_pseudomallei	SRR5949495	7.6265413493468674
Burkholderia_pseudomallei	SRR5949496	4.069313433137606
Burkholderia_pseudomallei	SRR5949497	14.525533928190079
Burkholderia_pseudomallei	SRR5949498	4.270877820976084
Burkholderia_pseudomallei	SRR5949499	2.2537256378916806
Burkholderia_pseudomallei	SRR5949500	1.1336931648527475
Burkholderia_pseudomallei	SRR5949501	1.9372360166744669
Burkholderia_pseudomallei	SRR5949502	9.50635133957283
Burkholderia_pseudomallei	SRR5949503	9.18991473470578
Burkholderia_pseudomallei	SRR5949504	4.52993590178887
Burkholderia_pseudomallei	SRR5949505	18.10874671676887
Burkholderia_pseudomallei	SRR5949506	2.4542910767851174
Burkholderia_pseudomallei	SRR5949507	2.4894309495642513
Burkholderia_pseudomallei	SRR5949508	3.338058490829385
Burkholderia_pseudomallei	SRR5949509	6.141710060503618
Burkholderia_pseudomallei	SRR5949510	9.399709163565355
Burkholderia_pseudomallei	SRR5949511	8.522074165444783
Burkholderia_pseudomallei	SRR5949512	14.649599435931929
Burkholderia_pseudomallei	SRR5949513	25.93237436013642
Burkholderia_pseudomallei	SRR5949514	6.133745267163878
Burkholderia_pseudomallei	SRR5949515	3.356110072210744
Burkholderia_pseudomallei	SRR5949516	17.97268399356038
Burkholderia_pseudomallei	SRR5949517	2.142554587351919
Burkholderia_pseudomallei	SRR5949518	0.7796684004312674
Burkholderia_pseudomallei	SRR5949519	23.51140902033399
Burkholderia_pseudomallei	SRR5949520	15.134700905946278
Burkholderia_pseudomallei	SRR5949521	9.560538732455964
Burkholderia_pseudomallei	SRR5949522	8.17724534894063
Burkholderia_pseudomallei	SRR5949523	2.1812336151730847
Burkholderia_pseudomallei	SRR5949524	5.508285431857247
Burkholderia_pseudomallei	SRR5949525	4.580564494558298
Burkholderia_pseudomallei	SRR5949526	3.712528708109255
Burkholderia_pseudomallei	SRR5949527	5.709083486918622
Burkholderia_pseudomallei	SRR5949528	32.22583806695401
Burkholderia_pseudomallei	SRR5949529	4.579052630449707
Burkholderia_pseudomallei	SRR5949530	6.782272381967089
Burkholderia_pseudomallei	SRR5949531	1.0531554799930984
Burkholderia_pseudomallei	SRR5949532	11.598674597689607
Burkholderia_pseudomallei	SRR5949533	1.3285645915048494
Burkholderia_pseudomallei	SRR5949534	4.865291271829643
Burkholderia_pseudomallei	SRR5949535	6.178167994871117
Burkholderia_pseudomallei	SRR5949536	10.4267711098447
Burkholderia_pseudomallei	SRR5949537	16.15122335879833
Burkholderia_pseudomallei	SRR5949538	1.3099462731867664
Burkholderia_pseudomallei	SRR5949539	13.21631439987275
Burkholderia_pseudomallei	SRR5949540	9.588794021317872
Burkholderia_pseudomallei	SRR5949541	3.6015768977082163
Burkholderia_pseudomallei	SRR5949542	41.1829118185662
Burkholderia_pseudomallei	SRR5949543	2.021662863646108
Burkholderia_pseudomallei	SRR5949544	1.128400418067213
Burkholderia_pseudomallei	SRR5949545	8.33025574952533
Burkholderia_pseudomallei	SRR5949546	16.246817978260534
Burkholderia_pseudomallei	SRR5949547	1.359557935336347
Burkholderia_pseudomallei	SRR5949548	6.596211780937518
Burkholderia_pseudomallei	SRR5949549	5.2469657524295394
Burkholderia_pseudomallei	SRR5949550	13.242447423619433
Burkholderia_pseudomallei	SRR5949551	2.0540484549017064
Burkholderia_pseudomallei	SRR5949552	2.310687427045648
Burkholderia_pseudomallei	SRR5949553	1.2565024956917021
Burkholderia_pseudomallei	SRR5949554	1.2919491547029816
Burkholderia_pseudomallei	SRR5949555	181.55994567293573
Burkholderia_pseudomallei	SRR5949556	6.475299036074887
Burkholderia_pseudomallei	SRR5949557	3.125126195676592
Burkholderia_pseudomallei	SRR5949558	1.0886347072326419
Burkholderia_pseudomallei	SRR5949559	2.7663353521201
Burkholderia_pseudomallei	SRR5949560	6.378011270265577
Burkholderia_pseudomallei	SRR5949561	7.714597783317902
Burkholderia_pseudomallei	SRR5949562	6.740903990159087
Burkholderia_pseudomallei	SRR5949563	7.000669943747484
Burkholderia_pseudomallei	SRR5949564	2.7771608168091424
Burkholderia_pseudomallei	SRR5949565	4.1668349275687895
Burkholderia_pseudomallei	SRR5949566	4.36227209004254
Burkholderia_pseudomallei	SRR5949567	12.669444214863438
Burkholderia_pseudomallei	SRR5949568	7.8455277665181535
Burkholderia_pseudomallei	SRR5949569	5.686009836569526
Burkholderia_pseudomallei	SRR5949570	10.755838871563858
Burkholderia_pseudomallei	SRR5949571	8.873702994083152
Burkholderia_pseudomallei	SRR5949572	7.161970020743617
Burkholderia_pseudomallei	SRR5949573	1.206076382065745
Burkholderia_pseudomallei	SRR5949574	2.366640926938205
Burkholderia_pseudomallei	SRR5949575	1.0800124847776946
Burkholderia_pseudomallei	SRR5949576	4.422279083487156
Burkholderia_pseudomallei	SRR5949577	1.27197200110313
Burkholderia_pseudomallei	SRR5949578	38.878413928668984
Burkholderia_pseudomallei	SRR5949579	3.2129199635943717
Burkholderia_pseudomallei	SRR5949580	4.998001056182037
Burkholderia_pseudomallei	SRR5949581	11.15244361522765
Burkholderia_pseudomallei	SRR5949582	4.751475832350258
Burkholderia_pseudomallei	SRR5949583	8.419847828439076
Burkholderia_pseudomallei	SRR5949584	18.807982500620696
Burkholderia_pseudomallei	SRR5949585	2.2422850827034972
Burkholderia_pseudomallei	SRR5949586	12.228461788576816
Burkholderia_pseudomallei	SRR5949587	3.0570127913534115
Burkholderia_pseudomallei	SRR5949588	11.439952353713917
Burkholderia_pseudomallei	SRR5949589	1.3286860621482448
Burkholderia_pseudomallei	SRR5949590	7.736182406863292
Burkholderia_pseudomallei	SRR5949591	2.4733443087821896
Burkholderia_pseudomallei	SRR5949592	1.1336931648527475
Burkholderia_pseudomallei	SRR5949593	7.251323034476012
Burkholderia_pseudomallei	SRR5949594	2.4058902205178274
Burkholderia_pseudomallei	SRR5949595	2.615745013827646
Burkholderia_pseudomallei	SRR5949596	4.842486405152235
Burkholderia_pseudomallei	SRR5949597	11.260835033743744
Burkholderia_pseudomallei	SRR5949598	9.725028976271517
Burkholderia_pseudomallei	SRR5949599	3.7103048043048172
Burkholderia_pseudomallei	SRR5949600	6.167221898342913
Burkholderia_pseudomallei	SRR5949601	9.21489131819545
Burkholderia_pseudomallei	SRR5949602	2.1430520473428327
Burkholderia_pseudomallei	SRR5949603	1.1327086943635416
Burkholderia_pseudomallei	SRR5949604	7.75169492821789
Burkholderia_pseudomallei	SRR5949605	9.741346298696252
Burkholderia_pseudomallei	SRR5949606	3.360101298367429
Burkholderia_pseudomallei	SRR5949607	7.95622201552555
Burkholderia_pseudomallei	SRR5949608	12.736332962596693
Burkholderia_pseudomallei	SRR5950246	11.609590643474483
Burkholderia_pseudomallei	SRR5950247	6.087263713458791
Burkholderia_pseudomallei	SRR5950248	5.671234461796359
Burkholderia_pseudomallei	SRR5950249	27.369218174207877
Burkholderia_pseudomallei	SRR5950250	14.613347526927129
Burkholderia_pseudomallei	SRR5950251	5.229945739066326
Burkholderia_pseudomallei	SRR5950252	6.662691420473035
Burkholderia_pseudomallei	SRR5950253	19.327016904923916
Burkholderia_pseudomallei	SRR5950254	3.910583922766511
Burkholderia_pseudomallei	SRR5950255	1.2882433644676075
Burkholderia_pseudomallei	SRR5950256	19.53288233927911
Burkholderia_pseudomallei	SRR5950257	24.887110717185244
Burkholderia_pseudomallei	SRR5950258	3.5751191238440136
Burkholderia_pseudomallei	SRR5950259	4.628227389322706
Burkholderia_pseudomallei	SRR5950260	4.447774248728086
Burkholderia_pseudomallei	SRR5950261	1.2042055109172545
Burkholderia_pseudomallei	SRR5950262	2.1901967286073214
Burkholderia_pseudomallei	SRR5950263	13.289264709209679
Burkholderia_pseudomallei	SRR5950264	2.3451971153654383
Burkholderia_pseudomallei	SRR5950265	12.427872471287623
Burkholderia_pseudomallei	SRR5950266	19.686280365070676
Burkholderia_pseudomallei	SRR5950267	5.777325072962811
Burkholderia_pseudomallei	SRR5950268	4.157167540122843
Burkholderia_pseudomallei	SRR5950269	6.0991057543632925
Burkholderia_pseudomallei	SRR5950270	12.860298325703612
Burkholderia_pseudomallei	SRR5950271	1.3413229230288701
Burkholderia_pseudomallei	SRR5950272	11.78080610700343
Burkholderia_pseudomallei	SRR5950273	2.2909330168047206
Burkholderia_pseudomallei	SRR5950274	3.4135673407376554
Burkholderia_pseudomallei	SRR5950275	4.649828528630982
Burkholderia_pseudomallei	SRR5950276	3.118551307141838
Burkholderia_pseudomallei	SRR5950277	26.26434158572765
Burkholderia_pseudomallei	SRR5950278	4.091895561435624
Burkholderia_pseudomallei	SRR5950279	1.9112571486488352
Burkholderia_pseudomallei	SRR5950280	2.3371878674456097
Burkholderia_pseudomallei	SRR5950281	10.236252874615282
Burkholderia_pseudomallei	SRR5950282	11.247642854712218
Burkholderia_pseudomallei	SRR5950283	15.43231281656391
Burkholderia_pseudomallei	SRR5950284	15.88575368998799
Burkholderia_pseudomallei	SRR5950285	3.591608596961981
Burkholderia_pseudomallei	SRR5950286	2.2440091770372326
Burkholderia_pseudomallei	SRR5950287	9.174253255266022
Burkholderia_pseudomallei	SRR5950288	5.352957639068635
Burkholderia_pseudomallei	SRR5950289	24.661543919863412
Burkholderia_pseudomallei	SRR5950290	36.04165636623479
Burkholderia_pseudomallei	SRR5950291	7.658166111847627
Burkholderia_pseudomallei	SRR5950292	1.1832990098591325
Burkholderia_pseudomallei	SRR5950293	4.232037528013024
Burkholderia_pseudomallei	SRR5950294	16.396531124287357
Burkholderia_pseudomallei	SRR5950295	16.187002118677565
Burkholderia_pseudomallei	SRR5950296	2.181610626013239
Burkholderia_pseudomallei	SRR5950297	8.240252586690893
Burkholderia_pseudomallei	SRR5950298	3.5396819158892
Burkholderia_pseudomallei	SRR5950299	2.1465883566144277
Burkholderia_pseudomallei	SRR5950300	5.826603150834976
Burkholderia_pseudomallei	SRR5950301	5.939856252310126
Burkholderia_pseudomallei	SRR5950302	17.18031428985961
Burkholderia_pseudomallei	SRR5950303	14.990064105475726
Burkholderia_pseudomallei	SRR5950304	6.820297668579266
Burkholderia_pseudomallei	SRR5950305	5.917450642717016
Burkholderia_pseudomallei	SRR5950306	10.309198575621243
Burkholderia_pseudomallei	SRR5950307	4.175271815440464
Burkholderia_pseudomallei	SRR5950308	7.8770052369754175
Burkholderia_pseudomallei	SRR5950309	8.334288629210475
Burkholderia_pseudomallei	SRR5950310	10.329341501987662
Burkholderia_pseudomallei	SRR5950311	5.760798797428325
Burkholderia_pseudomallei	SRR5950312	1.2486570356175106
Burkholderia_pseudomallei	SRR5950313	6.843944140107479
Burkholderia_pseudomallei	SRR5950314	3.4380969124778544
Burkholderia_pseudomallei	SRR5950315	2.6384297299480792
Burkholderia_pseudomallei	SRR5950316	1.2635118489747474
Burkholderia_pseudomallei	SRR5950317	5.303672321519562
Burkholderia_pseudomallei	SRR5950318	14.61893806568309
Burkholderia_pseudomallei	SRR5950319	4.403421497220474
Burkholderia_pseudomallei	SRR5950320	7.714277593918522
Burkholderia_pseudomallei	SRR5950321	3.1664067244585516
Burkholderia_pseudomallei	SRR5950322	10.214117485218733
Burkholderia_pseudomallei	SRR5950323	9.958642654587297
Burkholderia_pseudomallei	SRR5950324	9.621233367968921
Burkholderia_pseudomallei	SRR5950325	14.33021649206143
Burkholderia_pseudomallei	SRR5950326	7.188824127672571
Burkholderia_pseudomallei	SRR5950327	4.493935993439391
Burkholderia_pseudomallei	SRR5950328	6.693752274434573
Burkholderia_pseudomallei	SRR5950329	4.870424748900518
Burkholderia_pseudomallei	SRR5950330	5.579198077033289
Burkholderia_pseudomallei	SRR5950331	2.2721731803634757
Burkholderia_pseudomallei	SRR5950332	2.2882782142594125
Burkholderia_pseudomallei	SRR5950333	3.135266215138772
Burkholderia_pseudomallei	SRR5950334	24.593913353096326
Burkholderia_pseudomallei	SRR5950335	5.00924668164817
Burkholderia_pseudomallei	SRR5950336	9.62904648040541
Burkholderia_pseudomallei	SRR5950337	10.949212521904848
Burkholderia_pseudomallei	SRR5950338	27.886449682591845
Burkholderia_pseudomallei	SRR5950339	1.3243301233120008
Burkholderia_pseudomallei	SRR5950340	9.031217746241843
Burkholderia_pseudomallei	SRR5950341	10.942830160922536
Burkholderia_pseudomallei	SRR5950342	2.311916562491444
Burkholderia_pseudomallei	SRR5950343	2.228750530046088
Burkholderia_pseudomallei	SRR5950344	16.74557274375394
Burkholderia_pseudomallei	SRR5950345	3.6468285470488992
Burkholderia_pseudomallei	SRR5950346	4.026023717362075
Burkholderia_pseudomallei	SRR5950347	5.210762663262899
Burkholderia_pseudomallei	SRR5950348	7.256685639836505
Burkholderia_pseudomallei	SRR5950349	8.768012381568239
Burkholderia_pseudomallei	SRR5950350	2.6993361176077264
Burkholderia_pseudomallei	SRR5950351	9.518080156442144
Burkholderia_pseudomallei	SRR5950352	8.373383688523866
Burkholderia_pseudomallei	SRR5950353	4.28724279429113
Burkholderia_pseudomallei	SRR5950354	4.43830686757911
Burkholderia_pseudomallei	SRR5950355	2.432348714811083
Burkholderia_pseudomallei	SRR5950356	5.362457624729387
Burkholderia_pseudomallei	SRR5950357	13.377805460512096
Burkholderia_pseudomallei	SRR5950358	1.1051689152661845
Burkholderia_pseudomallei	SRR5950359	3.0902168209839127
Burkholderia_pseudomallei	SRR5950360	6.19484437973002
Burkholderia_pseudomallei	SRR5950361	6.6946789434196345
Burkholderia_pseudomallei	SRR5950362	2.0827023251952186
Burkholderia_pseudomallei	SRR5950363	6.814193953089831
Burkholderia_pseudomallei	SRR5950364	17.719219202113386
Burkholderia_pseudomallei	SRR5950365	7.1896686349331
Burkholderia_pseudomallei	SRR5950366	16.062430746771177
Burkholderia_pseudomallei	SRR5950367	4.279516423326944
Burkholderia_pseudomallei	SRR5950368	7.417501185148727
Burkholderia_pseudomallei	SRR5950369	5.598901921559793
Burkholderia_pseudomallei	SRR5950370	5.980072053260763
Burkholderia_pseudomallei	SRR5950371	5.715006376799238
Burkholderia_pseudomallei	SRR5950372	13.056672715252134
Burkholderia_pseudomallei	SRR5950373	2.5290721259754583
Burkholderia_pseudomallei	SRR5950374	8.228043280669919
Burkholderia_pseudomallei	SRR5950375	1.104363804385847
Burkholderia_pseudomallei	SRR5950376	1.2501098860840925
Burkholderia_pseudomallei	SRR5950377	4.573693554648658
Burkholderia_pseudomallei	SRR5950378	3.6186770348028365
Burkholderia_pseudomallei	SRR5950379	8.490173597373406
Burkholderia_pseudomallei	SRR5950380	3.0908560326955214
Burkholderia_pseudomallei	SRR5950381	1.1166214934683185
Burkholderia_pseudomallei	SRR5950382	24.533460350143233
Burkholderia_pseudomallei	SRR5950383	2.0666897282787273
Burkholderia_pseudomallei	SRR5950384	3.100596576880817
Burkholderia_pseudomallei	SRR5950385	7.262407229855041
Burkholderia_pseudomallei	SRR5950386	11.352462618126639
Burkholderia_pseudomallei	SRR5950387	1.1565460816796715
Burkholderia_pseudomallei	SRR5950388	1.2053974090880961
Burkholderia_pseudomallei	SRR5950389	7.594947667747113
Burkholderia_pseudomallei	SRR5950390	11.874058006533922
Burkholderia_pseudomallei	SRR5950391	1.1491107987979958
Burkholderia_pseudomallei	SRR5950392	6.112748998035482
Burkholderia_pseudomallei	SRR5950393	17.0812988565348
Burkholderia_pseudomallei	SRR5950394	26.354795264058623
Burkholderia_pseudomallei	SRR5950395	4.603839539844036
Burkholderia_pseudomallei	SRR5950396	8.478263926987651
Burkholderia_pseudomallei	SRR5950397	18.87350468466118
Burkholderia_pseudomallei	SRR5950398	4.228224203666404
Burkholderia_pseudomallei	SRR5950399	3.4293393945078994
Burkholderia_pseudomallei	SRR5950400	3.2423265173104494
Burkholderia_pseudomallei	SRR5950401	9.377317652497998
Burkholderia_pseudomallei	SRR5950402	8.145709010786492
Burkholderia_pseudomallei	SRR5950403	4.409966142629349
Burkholderia_pseudomallei	SRR5950404	13.966065735251606
Burkholderia_pseudomallei	SRR5950405	10.022070890838794
Burkholderia_pseudomallei	SRR5950406	5.931558398806977
Burkholderia_pseudomallei	SRR5950407	1.9209338878684685
Burkholderia_pseudomallei	SRR5950408	6.817790027181953
Burkholderia_pseudomallei	SRR5950409	1.556749520255714
Burkholderia_pseudomallei	SRR5950410	2.35822824157862
Burkholderia_pseudomallei	SRR5950411	1.2561181074698347
Burkholderia_pseudomallei	SRR5950412	4.358031020452036
Burkholderia_pseudomallei	SRR5950413	9.421072573015287
Burkholderia_pseudomallei	SRR5950414	2.8916000325856728
Burkholderia_pseudomallei	SRR5950415	4.636466427191793
Burkholderia_pseudomallei	SRR5950416	8.336477908411725
Burkholderia_pseudomallei	SRR5950417	9.269248759946626
Burkholderia_pseudomallei	SRR5950418	3.4739318647765542
Burkholderia_pseudomallei	SRR5950419	5.8753769332054375
Burkholderia_pseudomallei	SRR5950420	4.9123613976257925
Burkholderia_pseudomallei	SRR5950421	4.105473471510627
Burkholderia_pseudomallei	SRR5950422	13.06412882988288
Burkholderia_pseudomallei	SRR5950423	9.210864317109905
Burkholderia_pseudomallei	SRR5950424	1.1807694179369137
Burkholderia_pseudomallei	SRR5950425	1.0968665957577715
Burkholderia_pseudomallei	SRR5950426	4.151741362989793
Burkholderia_pseudomallei	SRR5950427	1.2027437090132078
Burkholderia_pseudomallei	SRR5950428	6.805959248316703
Burkholderia_pseudomallei	SRR5950429	3.284481058709907
Burkholderia_pseudomallei	SRR5950430	1.0293139060877181
Burkholderia_pseudomallei	SRR5950431	4.3656093126969555
Burkholderia_pseudomallei	SRR5950432	1.1943681924205094
Burkholderia_pseudomallei	SRR5950433	5.639633186467123
Burkholderia_pseudomallei	SRR5950434	1.1356518611680246
Burkholderia_pseudomallei	SRR5950435	5.267585600948587
Burkholderia_pseudomallei	SRR5950436	4.818065351951785
Burkholderia_pseudomallei	SRR5950437	1.0914773460150824
Burkholderia_pseudomallei	SRR5950438	4.7068764547156645
Burkholderia_pseudomallei	SRR5950439	9.438350899245089
Burkholderia_pseudomallei	SRR5950440	26.103079328852075
Burkholderia_pseudomallei	SRR5950441	12.56344575578872
Burkholderia_pseudomallei	SRR5950442	2.7719451606847643
Burkholderia_pseudomallei	SRR5950443	4.729835813643757
Burkholderia_pseudomallei	SRR5950444	1.1127185628459835
Burkholderia_pseudomallei	SRR5950445	5.208543659460987
Burkholderia_pseudomallei	SRR5950446	12.342064921004878
Burkholderia_pseudomallei	SRR5950447	11.487149536956679
Burkholderia_pseudomallei	SRR5950448	15.006649755193703
Burkholderia_pseudomallei	SRR5950449	1.0057474067599135
Burkholderia_pseudomallei	SRR5950450	9.648137192811564
Burkholderia_pseudomallei	SRR5950451	13.298935157888511
Burkholderia_pseudomallei	SRR5950452	10.397387404114975
Burkholderia_pseudomallei	SRR5950453	7.856690003443911
Burkholderia_pseudomallei	SRR5950454	5.026889593646623
Burkholderia_pseudomallei	SRR5950455	2.033901709122695
Burkholderia_pseudomallei	SRR5950456	5.834322277862676
Burkholderia_pseudomallei	SRR5950457	3.760585897402747
Burkholderia_pseudomallei	SRR5950458	2.008150181162167
Burkholderia_pseudomallei	SRR5950459	5.7248320703156805
Burkholderia_pseudomallei	SRR5950460	3.026230616438273
Burkholderia_pseudomallei	SRR5950461	5.812380820484947
Burkholderia_pseudomallei	SRR5950462	8.04550723816015
Burkholderia_pseudomallei	SRR5950463	4.4934878536857346
Burkholderia_pseudomallei	SRR5950464	4.441342053719513
Burkholderia_pseudomallei	SRR5950465	51.57594902828533
Burkholderia_pseudomallei	SRR5950466	4.191370629715598
Burkholderia_pseudomallei	SRR5950467	14.734632150198168
Burkholderia_pseudomallei	SRR5950468	6.596855530580577
Burkholderia_pseudomallei	SRR5950469	4.580564494558298
Burkholderia_pseudomallei	SRR5950470	2.4257006515610975
Burkholderia_pseudomallei	SRR5963912	1.336150659047432
Burkholderia_pseudomallei	SRR5963913	2.417321604220574
Burkholderia_pseudomallei	SRR5963914	1.3191638148200748
Burkholderia_pseudomallei	SRR5963915	5.418004614250196
Burkholderia_pseudomallei	SRR5963916	2.51645474167755
Burkholderia_pseudomallei	SRR5963917	7.1555493001607475
Burkholderia_pseudomallei	SRR5963918	3.3862204994537457
Burkholderia_pseudomallei	SRR5963919	9.906655365319317
Burkholderia_pseudomallei	SRR5963920	6.297291057127354
Burkholderia_pseudomallei	SRR5963921	10.239775863712817
Burkholderia_pseudomallei	SRR5963922	4.239591718575958
Burkholderia_pseudomallei	SRR5963923	15.057992781001895
Burkholderia_pseudomallei	SRR5963924	2.4262657189468024
Burkholderia_pseudomallei	SRR5963925	3.584315472415763
Burkholderia_pseudomallei	SRR5963926	17.996060547378
Burkholderia_pseudomallei	SRR5963927	19.33373164164811
Burkholderia_pseudomallei	SRR5963928	4.690087673302473
Burkholderia_pseudomallei	SRR5963929	5.303672321519562
Burkholderia_pseudomallei	SRR5963930	10.171491773819449
Burkholderia_pseudomallei	SRR5963931	1.1620442831621332
Burkholderia_pseudomallei	SRR5963932	14.423260908083202
Burkholderia_pseudomallei	SRR5963933	16.13495126007437
Burkholderia_pseudomallei	SRR5963934	7.263770730699276
Burkholderia_pseudomallei	SRR5963935	19.623203296056012
Burkholderia_pseudomallei	SRR5963936	6.322650367630657
Burkholderia_pseudomallei	SRR5963937	8.135530207091916
Burkholderia_pseudomallei	SRR5963938	3.53734236236793
Burkholderia_pseudomallei	SRR5963939	11.024232076696318
Burkholderia_pseudomallei	SRR5963940	6.918687284839463
Burkholderia_pseudomallei	SRR5963941	4.083695728439867
Burkholderia_pseudomallei	SRR5963942	2.614359181336479
Burkholderia_pseudomallei	SRR5963943	4.214732065238185
Burkholderia_pseudomallei	SRR5963944	1.2949522849249593
Burkholderia_pseudomallei	SRR5963945	7.982349866819834
Burkholderia_pseudomallei	SRR5963946	5.477355725745412
Burkholderia_pseudomallei	SRR5963947	3.1500291149092363
Burkholderia_pseudomallei	SRR5963948	22.441401755132517
Burkholderia_pseudomallei	SRR6467548	NA
Burkholderia_pseudomallei	SRR6467549	NA
Burkholderia_pseudomallei	SRR6467550	NA
Burkholderia_pseudomallei	SRR6467551	NA
Burkholderia_pseudomallei	SRR6467552	NA
Burkholderia_pseudomallei	SRR6467553	NA
Burkholderia_pseudomallei	SRR6467554	NA
Burkholderia_pseudomallei	SRR6467555	NA
Burkholderia_pseudomallei	SRR6467556	NA
Burkholderia_pseudomallei	SRR6467557	NA
Burkholderia_pseudomallei	SRR6467558	NA
Burkholderia_pseudomallei	SRR6467559	NA
Burkholderia_pseudomallei	SRR6467560	NA
Burkholderia_pseudomallei	SRR6467561	NA
Burkholderia_pseudomallei	SRR6467562	NA
Burkholderia_pseudomallei	SRR6467563	NA
Burkholderia_pseudomallei	SRR6467564	NA
Burkholderia_pseudomallei	SRR6467565	NA
Burkholderia_pseudomallei	SRR6467566	NA
Burkholderia_pseudomallei	SRR6467567	NA
Burkholderia_pseudomallei	SRR6467568	NA
Burkholderia_pseudomallei	SRR6467569	NA
Burkholderia_pseudomallei	SRR6467570	NA
Burkholderia_pseudomallei	SRR6467571	NA
Burkholderia_pseudomallei	SRR6467572	NA
Burkholderia_pseudomallei	SRR6467573	NA
Burkholderia_pseudomallei	SRR6467574	NA
Burkholderia_pseudomallei	SRR6467575	NA
Burkholderia_pseudomallei	SRR6467576	NA
Burkholderia_pseudomallei	SRR6467577	NA
Burkholderia_pseudomallei	SRR6467578	NA
Burkholderia_pseudomallei	SRR6467579	NA
Burkholderia_pseudomallei	SRR6467580	NA
Burkholderia_pseudomallei	SRR6467581	NA
Burkholderia_pseudomallei	SRR6467582	NA
Burkholderia_pseudomallei	SRR6467583	NA
Burkholderia_pseudomallei	SRR6467584	NA
Burkholderia_pseudomallei	SRR6467585	NA
Burkholderia_pseudomallei	SRR6467586	NA
Burkholderia_pseudomallei	SRR6467587	NA
Burkholderia_pseudomallei	SRR6467588	NA
Burkholderia_pseudomallei	SRR6467589	NA
Burkholderia_pseudomallei	SRR6467590	NA
Burkholderia_pseudomallei	SRR6467591	NA
Burkholderia_pseudomallei	SRR6467592	NA
Burkholderia_pseudomallei	SRR6467593	NA
Burkholderia_pseudomallei	SRR6467594	NA
Burkholderia_pseudomallei	SRR6467595	NA
Burkholderia_pseudomallei	SRR6467596	NA
Burkholderia_pseudomallei	SRR6467597	NA
Burkholderia_pseudomallei	SRR6467598	NA
Burkholderia_pseudomallei	SRR6467599	NA
Burkholderia_pseudomallei	SRR6467600	NA
Burkholderia_pseudomallei	SRR6467601	NA
Burkholderia_pseudomallei	SRR6467602	NA
Burkholderia_pseudomallei	SRR6467603	NA
Burkholderia_pseudomallei	SRR6467604	NA
Burkholderia_pseudomallei	SRR6467605	NA
Burkholderia_pseudomallei	SRR6467606	NA
Burkholderia_pseudomallei	SRR6467607	NA
Burkholderia_pseudomallei	SRR6467608	NA
Burkholderia_pseudomallei	SRR6467609	NA
Burkholderia_pseudomallei	SRR6467610	NA
Burkholderia_pseudomallei	SRR6467611	NA
Burkholderia_pseudomallei	SRR6467612	NA
Burkholderia_pseudomallei	SRR6467613	NA
Burkholderia_pseudomallei	SRR6467614	NA
Burkholderia_pseudomallei	SRR6467615	NA
Burkholderia_pseudomallei	SRR6467616	NA
Burkholderia_pseudomallei	SRR6467617	NA
Burkholderia_pseudomallei	SRR6467618	NA
Burkholderia_pseudomallei	SRR6467619	NA
Burkholderia_pseudomallei	SRR6467620	NA
Burkholderia_pseudomallei	SRR6467621	NA
Burkholderia_pseudomallei	SRR6467622	NA
Burkholderia_pseudomallei	SRR6467623	NA
Burkholderia_pseudomallei	SRR6467624	NA
Burkholderia_pseudomallei	SRR6467625	NA
Burkholderia_pseudomallei	SRR6467626	NA
Burkholderia_pseudomallei	SRR6467627	NA
Burkholderia_pseudomallei	SRR6467628	NA
Burkholderia_pseudomallei	SRR6467629	NA
Burkholderia_pseudomallei	SRR6467630	NA
Burkholderia_pseudomallei	SRR6467631	NA
Burkholderia_pseudomallei	SRR6467632	NA
Burkholderia_pseudomallei	SRR6467633	NA
Burkholderia_pseudomallei	SRR6467634	NA
Burkholderia_pseudomallei	SRR6467635	NA
Burkholderia_pseudomallei	SRR6467636	NA
Burkholderia_pseudomallei	SRR6467637	NA
Burkholderia_pseudomallei	SRR6467638	NA
Burkholderia_pseudomallei	SRR6467639	NA
Burkholderia_pseudomallei	SRR6467640	NA
Burkholderia_pseudomallei	SRR6467641	NA
Burkholderia_pseudomallei	SRR6467642	NA
Burkholderia_pseudomallei	SRR6467643	NA
Burkholderia_pseudomallei	SRR6467644	NA
Burkholderia_pseudomallei	SRR6467645	NA
Burkholderia_pseudomallei	SRR6467646	NA
Burkholderia_pseudomallei	SRR6467647	NA
Burkholderia_pseudomallei	SRR6467648	NA
Burkholderia_pseudomallei	SRR6467649	NA
Burkholderia_pseudomallei	SRR6467650	NA
Burkholderia_pseudomallei	SRR6467651	NA
Burkholderia_pseudomallei	SRR6467652	NA
Burkholderia_pseudomallei	SRR6467653	NA
Burkholderia_pseudomallei	SRR6467654	NA
Burkholderia_pseudomallei	SRR6467655	NA
Burkholderia_pseudomallei	SRR6467656	NA
Burkholderia_pseudomallei	SRR6467657	NA
Burkholderia_pseudomallei	SRR6467658	NA
Burkholderia_pseudomallei	SRR6467659	NA
Burkholderia_pseudomallei	SRR6467660	NA
Burkholderia_pseudomallei	SRR6467661	NA
Burkholderia_pseudomallei	SRR6467662	NA
Burkholderia_pseudomallei	SRR6467663	NA
Burkholderia_pseudomallei	SRR6467664	NA
Burkholderia_pseudomallei	SRR6467665	NA
Burkholderia_pseudomallei	SRR6467666	NA
Burkholderia_pseudomallei	SRR6467667	NA
Burkholderia_pseudomallei	SRR6467668	NA
Burkholderia_pseudomallei	SRR6467669	NA
Burkholderia_pseudomallei	SRR6467670	NA
Burkholderia_pseudomallei	SRR6467671	NA
Burkholderia_pseudomallei	SRR6467672	NA
Burkholderia_pseudomallei	SRR6467673	NA
Burkholderia_pseudomallei	SRR6467674	NA
Burkholderia_pseudomallei	SRR6467675	NA
Burkholderia_pseudomallei	SRR6467676	NA
Burkholderia_pseudomallei	SRR6467677	NA
Burkholderia_pseudomallei	SRR6467678	NA
Burkholderia_pseudomallei	SRR6467679	NA
Burkholderia_pseudomallei	SRR6467680	NA
Burkholderia_pseudomallei	SRR6467681	NA
Burkholderia_pseudomallei	SRR6467682	NA
Burkholderia_pseudomallei	SRR6467683	NA
Burkholderia_pseudomallei	SRR6467684	NA
Burkholderia_pseudomallei	SRR6467685	NA
Burkholderia_pseudomallei	SRR6467686	NA
Burkholderia_pseudomallei	SRR6467687	NA
Burkholderia_pseudomallei	SRR6467688	NA
Burkholderia_pseudomallei	SRR6467689	NA
Burkholderia_pseudomallei	SRR6467690	NA
Burkholderia_pseudomallei	SRR6467691	NA
Burkholderia_pseudomallei	SRR6467692	NA
Burkholderia_pseudomallei	SRR6467693	NA
Burkholderia_pseudomallei	SRR6467694	NA
Burkholderia_pseudomallei	SRR6467695	NA
Burkholderia_pseudomallei	SRR6467696	NA
Burkholderia_pseudomallei	SRR6467697	NA
Burkholderia_pseudomallei	SRR6467698	NA
Burkholderia_pseudomallei	SRR6467699	NA
Burkholderia_pseudomallei	SRR6467700	NA
Burkholderia_pseudomallei	SRR6467701	NA
Burkholderia_pseudomallei	SRR6467702	NA
Burkholderia_pseudomallei	SRR6467703	NA
Burkholderia_pseudomallei	SRR6467704	NA
Burkholderia_pseudomallei	SRR6467705	NA
Burkholderia_pseudomallei	SRR6467706	NA
Burkholderia_pseudomallei	SRR6467707	NA
Burkholderia_pseudomallei	SRR6467708	NA
Burkholderia_pseudomallei	SRR6467709	NA
Burkholderia_pseudomallei	SRR6467710	NA
Burkholderia_pseudomallei	SRR6467711	NA
Burkholderia_pseudomallei	SRR6467712	NA
Burkholderia_pseudomallei	SRR6467713	NA
Burkholderia_pseudomallei	SRR6467714	NA
Burkholderia_pseudomallei	SRR6467715	NA
Burkholderia_pseudomallei	SRR6467716	NA
Burkholderia_pseudomallei	SRR6467717	NA
Burkholderia_pseudomallei	SRR6467718	NA
Burkholderia_pseudomallei	SRR6467719	NA
Burkholderia_pseudomallei	SRR6467720	NA
Burkholderia_pseudomallei	SRR6467721	NA
Burkholderia_pseudomallei	SRR6467722	NA
Burkholderia_pseudomallei	SRR6467723	NA
Burkholderia_pseudomallei	SRR6467724	NA
Burkholderia_pseudomallei	SRR6467725	NA
Burkholderia_pseudomallei	SRR6467726	NA
Burkholderia_pseudomallei	SRR6467727	NA
Burkholderia_pseudomallei	SRR6467728	NA
Burkholderia_pseudomallei	SRR6467729	NA
Burkholderia_pseudomallei	SRR6467730	NA
Burkholderia_pseudomallei	SRR6467731	NA
Burkholderia_pseudomallei	SRR6467732	NA
Burkholderia_pseudomallei	SRR6467733	NA
Burkholderia_pseudomallei	SRR6467734	NA
Burkholderia_pseudomallei	SRR6467735	NA
Burkholderia_pseudomallei	SRR6467736	NA
Burkholderia_pseudomallei	SRR6467737	NA
Burkholderia_pseudomallei	SRR6467738	NA
Burkholderia_pseudomallei	SRR6467739	NA
Burkholderia_pseudomallei	SRR6467740	NA
Burkholderia_pseudomallei	SRR6467741	NA
Burkholderia_pseudomallei	SRR6467742	NA
Burkholderia_pseudomallei	SRR6467743	NA
Burkholderia_pseudomallei	SRR6467744	NA
Burkholderia_pseudomallei	SRR6467745	NA
Burkholderia_pseudomallei	SRR6467746	NA
Burkholderia_pseudomallei	SRR6467747	NA
Burkholderia_pseudomallei	SRR6467748	NA
Burkholderia_pseudomallei	SRR6467749	NA
Burkholderia_pseudomallei	SRR6467750	NA
Burkholderia_pseudomallei	SRR6467751	NA
Burkholderia_pseudomallei	SRR6467752	NA
Burkholderia_pseudomallei	SRR6467753	NA
Burkholderia_pseudomallei	SRR6467754	NA
Burkholderia_pseudomallei	SRR6467755	NA
Burkholderia_pseudomallei	SRR6467756	NA
Burkholderia_pseudomallei	SRR6467757	NA
Burkholderia_pseudomallei	SRR6467758	NA
Burkholderia_pseudomallei	SRR6467759	NA
Burkholderia_pseudomallei	SRR6467760	NA
Burkholderia_pseudomallei	SRR6467761	NA
Burkholderia_pseudomallei	SRR6467762	NA
Burkholderia_pseudomallei	SRR6467763	NA
Burkholderia_pseudomallei	SRR6467764	NA
Burkholderia_pseudomallei	SRR6467765	NA
Burkholderia_pseudomallei	SRR6467766	NA
Burkholderia_pseudomallei	SRR6467767	NA
Burkholderia_pseudomallei	SRR6467768	NA
Burkholderia_pseudomallei	SRR6467769	NA
Burkholderia_pseudomallei	SRR6467770	NA
Burkholderia_pseudomallei	SRR6467771	NA
Burkholderia_pseudomallei	SRR6467772	NA
Burkholderia_pseudomallei	SRR6467773	NA
Burkholderia_pseudomallei	SRR6868540	NA
Burkholderia_pseudomallei	SRR6868541	NA
Burkholderia_pseudomallei	SRR6868542	NA
Burkholderia_pseudomallei	SRR6868543	NA
Burkholderia_pseudomallei	SRR6868544	NA
Burkholderia_pseudomallei	SRR6868545	NA
Burkholderia_pseudomallei	SRR6868546	NA
Burkholderia_pseudomallei	SRR6868557	NA
Burkholderia_pseudomallei	SRR6868558	NA
Burkholderia_pseudomallei	SRR6868559	NA
Burkholderia_pseudomallei	SRR6868560	NA
Burkholderia_pseudomallei	SRR6868569	NA
Burkholderia_pseudomallei	SRR6868570	NA
Burkholderia_pseudomallei	SRR6868571	NA
Burkholderia_pseudomallei	SRR6868572	NA
Burkholderia_pseudomallei	SRR6868573	NA
Burkholderia_pseudomallei	SRR6868574	NA
Burkholderia_pseudomallei	SRR6868575	NA
Burkholderia_pseudomallei	SRR6868576	NA
Burkholderia_pseudomallei	SRR6868577	NA
Burkholderia_pseudomallei	SRR6868578	NA
Burkholderia_pseudomallei	SRR6868579	NA
Burkholderia_pseudomallei	SRR6868580	NA
Burkholderia_pseudomallei	SRR6868581	NA
Burkholderia_pseudomallei	SRR6868582	NA
Burkholderia_pseudomallei	SRR6868585	NA
Burkholderia_pseudomallei	SRR6868586	NA
Burkholderia_pseudomallei	SRR6868587	NA
Burkholderia_pseudomallei	SRR6868588	NA
Burkholderia_pseudomallei	SRR6868589	NA
Burkholderia_pseudomallei	SRR6868590	NA
Burkholderia_pseudomallei	SRR6868591	NA
Burkholderia_pseudomallei	SRR6868604	NA
Burkholderia_pseudomallei	SRR6868605	NA
Burkholderia_pseudomallei	SRR6868606	NA
Burkholderia_pseudomallei	SRR6868607	NA
Burkholderia_pseudomallei	SRR6868608	NA
Burkholderia_pseudomallei	SRR6868609	NA
Burkholderia_pseudomallei	SRR6868610	NA
Burkholderia_pseudomallei	SRR6868620	NA
Burkholderia_pseudomallei	SRR6868621	NA
Burkholderia_pseudomallei	SRR6868622	NA
Burkholderia_pseudomallei	SRR6868623	NA
Burkholderia_pseudomallei	SRR6868636	NA
Burkholderia_pseudomallei	SRR6868637	NA
Burkholderia_pseudomallei	SRR6868638	NA
Burkholderia_pseudomallei	SRR6868639	NA
Burkholderia_pseudomallei	SRR6868650	NA
Burkholderia_pseudomallei	SRR6868651	NA
Burkholderia_pseudomallei	SRR6868652	NA
Burkholderia_pseudomallei	SRR6868653	NA
Burkholderia_pseudomallei	SRR6868654	NA
Burkholderia_pseudomallei	SRR6868655	NA
Burkholderia_pseudomallei	SRR6868665	NA
Burkholderia_pseudomallei	SRR6868666	NA
Burkholderia_pseudomallei	SRR6868667	NA
Burkholderia_pseudomallei	SRR6868668	NA
Burkholderia_pseudomallei	SRR6868669	NA
Burkholderia_pseudomallei	SRR6868670	NA
Burkholderia_pseudomallei	SRR6868671	NA
Burkholderia_pseudomallei	SRR6868683	NA
Burkholderia_pseudomallei	SRR6868684	NA
Burkholderia_pseudomallei	SRR6868685	NA
Burkholderia_pseudomallei	SRR6868686	NA
Burkholderia_pseudomallei	SRR6868687	NA
Burkholderia_pseudomallei	SRR6868688	NA
Burkholderia_pseudomallei	SRR6868689	NA
Burkholderia_pseudomallei	SRR6868698	NA
Burkholderia_pseudomallei	SRR6868699	NA
Burkholderia_pseudomallei	SRR6868700	NA
Burkholderia_pseudomallei	SRR6868701	NA
Burkholderia_pseudomallei	SRR6868702	NA
Burkholderia_pseudomallei	SRR6868713	NA
Burkholderia_pseudomallei	SRR6868714	NA
Burkholderia_pseudomallei	SRR6868715	NA
Burkholderia_pseudomallei	SRR6868716	NA
Burkholderia_pseudomallei	SRR6868717	NA
Burkholderia_pseudomallei	SRR6868718	NA
Burkholderia_pseudomallei	SRR6868719	NA
Burkholderia_pseudomallei	SRR6868720	NA
Burkholderia_pseudomallei	SRR6868721	NA
Burkholderia_pseudomallei	SRR6868722	NA
Burkholderia_pseudomallei	SRR6868723	NA
Burkholderia_pseudomallei	SRR6868724	NA
Burkholderia_pseudomallei	SRR6868725	NA
Burkholderia_pseudomallei	SRR6868726	NA
Burkholderia_pseudomallei	SRR6868741	NA
Burkholderia_pseudomallei	SRR7632756	NA
Burkholderia_pseudomallei	SRR7632757	NA
Burkholderia_pseudomallei	SRR7632758	NA
Burkholderia_pseudomallei	SRR7632759	NA
Burkholderia_pseudomallei	SRR7632760	NA
Burkholderia_pseudomallei	SRR7632761	NA
Burkholderia_pseudomallei	SRR7632762	NA
Burkholderia_pseudomallei	SRR7632763	NA
Burkholderia_pseudomallei	SRR7632764	NA
Burkholderia_pseudomallei	SRR7632765	NA
Burkholderia_pseudomallei	SRR7632766	NA
Burkholderia_pseudomallei	SRR7632767	NA
Burkholderia_pseudomallei	SRR7632768	NA
Burkholderia_pseudomallei	SRR7632769	NA
Burkholderia_pseudomallei	SRR7632770	NA
Burkholderia_pseudomallei	SRR7632771	NA
Burkholderia_pseudomallei	SRR7632772	NA
Burkholderia_pseudomallei	SRR7632773	NA
Burkholderia_pseudomallei	SRR7632774	NA
Burkholderia_pseudomallei	SRR7632775	NA
Burkholderia_pseudomallei	SRR7632776	NA
Burkholderia_pseudomallei	SRR7632777	NA
Burkholderia_pseudomallei	SRR7632778	NA
Burkholderia_pseudomallei	SRR7632779	NA
Burkholderia_pseudomallei	SRR7632780	NA
Burkholderia_pseudomallei	SRR7632781	NA
Burkholderia_pseudomallei	SRR7632782	NA
Burkholderia_pseudomallei	SRR7632783	NA
Burkholderia_pseudomallei	SRR7632784	NA
Burkholderia_pseudomallei	SRR7632785	NA
Burkholderia_pseudomallei	SRR7632786	NA
Burkholderia_pseudomallei	SRR7632787	NA
Burkholderia_pseudomallei	SRR7632788	NA
Burkholderia_pseudomallei	SRR7632789	NA
Burkholderia_pseudomallei	SRR7632790	NA
Burkholderia_pseudomallei	SRR7632791	NA
Burkholderia_pseudomallei	SRR7632792	NA
Burkholderia_pseudomallei	SRR7632793	NA
Burkholderia_pseudomallei	SRR7632794	NA
Burkholderia_pseudomallei	SRR7632795	NA
Burkholderia_pseudomallei	SRR7632796	NA
Burkholderia_pseudomallei	SRR7632797	NA
Burkholderia_pseudomallei	SRR7632798	NA
Burkholderia_pseudomallei	SRR7632799	NA
Burkholderia_pseudomallei	SRR7632800	NA
Burkholderia_pseudomallei	SRR7632801	NA
Burkholderia_pseudomallei	SRR7632802	NA
Burkholderia_pseudomallei	SRR7632803	NA
Burkholderia_pseudomallei	SRR7632804	NA
Burkholderia_pseudomallei	SRR7632805	NA
Burkholderia_pseudomallei	SRR7632806	NA
Burkholderia_pseudomallei	SRR7632807	NA
Burkholderia_pseudomallei	SRR7632808	NA
Burkholderia_pseudomallei	SRR7632809	NA
Burkholderia_pseudomallei	SRR7632810	NA
Burkholderia_pseudomallei	SRR7632811	NA
Burkholderia_pseudomallei	SRR7632812	NA
Burkholderia_pseudomallei	SRR7632813	NA
Burkholderia_pseudomallei	SRR7632814	NA
Burkholderia_pseudomallei	SRR7632815	NA
Burkholderia_pseudomallei	SRR7632816	NA
Burkholderia_pseudomallei	SRR7632817	NA
Burkholderia_pseudomallei	SRR7632818	NA
Burkholderia_pseudomallei	SRR7632819	NA
Burkholderia_pseudomallei	SRR7632820	NA
Burkholderia_pseudomallei	SRR7632821	NA
Burkholderia_pseudomallei	SRR7632822	NA
Burkholderia_pseudomallei	SRR7632823	NA
Burkholderia_pseudomallei	SRR7632824	NA
Burkholderia_pseudomallei	SRR7632825	NA
Burkholderia_pseudomallei	SRR7632826	NA
Burkholderia_pseudomallei	SRR7632827	NA
Burkholderia_pseudomallei	SRR7632828	NA
Burkholderia_pseudomallei	SRR7632829	NA
Burkholderia_pseudomallei	SRR7632830	NA
Burkholderia_pseudomallei	SRR7632831	NA
Burkholderia_pseudomallei	SRR7632832	NA
Burkholderia_pseudomallei	SRR7632833	NA
Burkholderia_pseudomallei	SRR7632834	NA
Burkholderia_pseudomallei	SRR7632835	NA
Burkholderia_pseudomallei	SRR7632836	NA
Burkholderia_pseudomallei	SRR7632837	NA
Burkholderia_pseudomallei	SRR7632838	NA
Burkholderia_pseudomallei	SRR7632839	NA
Burkholderia_pseudomallei	SRR7632840	NA
Burkholderia_pseudomallei	SRR7632841	NA
Burkholderia_pseudomallei	SRR7632842	NA
Burkholderia_pseudomallei	SRR7632843	NA
Burkholderia_pseudomallei	SRR7632844	NA
Burkholderia_pseudomallei	SRR7632845	NA
Burkholderia_pseudomallei	SRR7632846	NA
Burkholderia_pseudomallei	SRR7632847	NA
Burkholderia_pseudomallei	SRR7632848	NA
Burkholderia_pseudomallei	SRR7632849	NA
Burkholderia_pseudomallei	SRR7632850	NA
Burkholderia_pseudomallei	SRR7632851	NA
Burkholderia_pseudomallei	SRR7632852	NA
Burkholderia_pseudomallei	SRR7632853	NA
Burkholderia_pseudomallei	SRR7632854	NA
Burkholderia_pseudomallei	SRR7632855	NA
Burkholderia_pseudomallei	SRR7632856	NA
Burkholderia_pseudomallei	SRR7632857	NA
Burkholderia_pseudomallei	SRR7632858	NA
Burkholderia_pseudomallei	SRR7632859	NA
Burkholderia_pseudomallei	SRR7632860	NA
Burkholderia_pseudomallei	SRR7632861	NA
Burkholderia_pseudomallei	SRR7632862	NA
Burkholderia_pseudomallei	SRR7632863	NA
Burkholderia_pseudomallei	SRR7632864	NA
Burkholderia_pseudomallei	SRR7632865	NA
Burkholderia_pseudomallei	SRR7632866	NA
Burkholderia_pseudomallei	SRR7632867	NA
Burkholderia_pseudomallei	SRR7632868	NA
Burkholderia_pseudomallei	SRR7632869	NA
Burkholderia_pseudomallei	SRR7632870	NA
Burkholderia_pseudomallei	SRR7632871	NA
Burkholderia_pseudomallei	SRR7632872	NA
Burkholderia_pseudomallei	SRR7632873	NA
Burkholderia_pseudomallei	SRR7632874	NA
Burkholderia_pseudomallei	SRR7632875	NA
Burkholderia_pseudomallei	SRR7632876	NA
Burkholderia_pseudomallei	SRR7632877	NA
Burkholderia_pseudomallei	SRR7632878	NA
Burkholderia_pseudomallei	SRR7632879	NA
Burkholderia_pseudomallei	SRR7632880	NA
Burkholderia_pseudomallei	SRR7632881	NA
Burkholderia_pseudomallei	SRR7632882	NA
Burkholderia_pseudomallei	SRR7632883	NA
Burkholderia_pseudomallei	SRR7632884	NA
Burkholderia_pseudomallei	SRR7632885	NA
Burkholderia_pseudomallei	SRR7632886	NA
Burkholderia_pseudomallei	SRR7632887	NA
Burkholderia_pseudomallei	SRR7632888	NA
Burkholderia_pseudomallei	SRR7632889	NA
Burkholderia_pseudomallei	SRR7632890	NA
Burkholderia_pseudomallei	SRR7632891	NA
Burkholderia_pseudomallei	SRR7632892	NA
Burkholderia_pseudomallei	SRR7632893	NA
Burkholderia_pseudomallei	SRR7632894	NA
Burkholderia_pseudomallei	SRR7632895	NA
Burkholderia_pseudomallei	SRR7632896	NA
Burkholderia_pseudomallei	SRR7632897	NA
Burkholderia_pseudomallei	SRR7632898	NA
Burkholderia_pseudomallei	SRR7632899	NA
Burkholderia_pseudomallei	SRR7632900	NA
Burkholderia_pseudomallei	SRR7632901	NA
Burkholderia_pseudomallei	SRR7632902	NA
Burkholderia_pseudomallei	SRR7632903	NA
Burkholderia_pseudomallei	SRR7632904	NA
Burkholderia_pseudomallei	SRR7632905	NA
Burkholderia_pseudomallei	SRR7632906	NA
Burkholderia_pseudomallei	SRR7632907	NA
Burkholderia_pseudomallei	SRR7632908	NA
Burkholderia_pseudomallei	SRR7632909	NA
Burkholderia_pseudomallei	SRR7632910	NA
Burkholderia_pseudomallei	SRR7632911	NA
Burkholderia_pseudomallei	SRR7632912	NA
Burkholderia_pseudomallei	SRR7632913	NA
Burkholderia_pseudomallei	SRR7632914	NA
Burkholderia_pseudomallei	SRR7632915	NA
Burkholderia_pseudomallei	SRR7632916	NA
Burkholderia_pseudomallei	SRR7632917	NA
Burkholderia_pseudomallei	SRR7632918	NA
Burkholderia_pseudomallei	SRR7632919	NA
Burkholderia_pseudomallei	SRR7632920	NA
Burkholderia_pseudomallei	SRR7632921	NA
Burkholderia_pseudomallei	SRR7632922	NA
Burkholderia_pseudomallei	SRR7632923	NA
Burkholderia_pseudomallei	SRR7632924	NA
Burkholderia_pseudomallei	SRR7632925	NA
Burkholderia_pseudomallei	SRR7632926	NA
Burkholderia_pseudomallei	SRR7632927	NA
Burkholderia_pseudomallei	SRR7632928	NA
Burkholderia_pseudomallei	SRR7632929	NA
Burkholderia_pseudomallei	SRR7632930	NA
Burkholderia_pseudomallei	SRR7632931	NA
Burkholderia_pseudomallei	SRR7632932	NA
Burkholderia_pseudomallei	SRR7632933	NA
Burkholderia_pseudomallei	SRR7632934	NA
Burkholderia_pseudomallei	SRR7632935	NA
Burkholderia_pseudomallei	SRR7632936	NA
Burkholderia_pseudomallei	SRR7632937	NA
Burkholderia_pseudomallei	SRR7632938	NA
Burkholderia_pseudomallei	SRR7632939	NA
Burkholderia_pseudomallei	SRR7632940	NA
Burkholderia_pseudomallei	SRR7632941	NA
Burkholderia_pseudomallei	SRR7632942	NA
Burkholderia_pseudomallei	SRR7632943	NA
Burkholderia_pseudomallei	SRR7632944	NA
Burkholderia_pseudomallei	SRR7632945	NA
Burkholderia_pseudomallei	SRR8928966	NA
Burkholderia_pseudomallei	SRR8928967	NA
Burkholderia_pseudomallei	SRR8928968	NA
Burkholderia_pseudomallei	SRR8928969	NA
Burkholderia_pseudomallei	SRR8928970	NA
Burkholderia_pseudomallei	SRR8928971	NA
Burkholderia_pseudomallei	SRR8928972	NA
Burkholderia_pseudomallei	SRR8928973	NA
Burkholderia_pseudomallei	SRR8928974	NA
Burkholderia_pseudomallei	SRR8928975	NA
Burkholderia_pseudomallei	SRR8928976	NA
Burkholderia_pseudomallei	SRR8928977	NA
Burkholderia_pseudomallei	SRR8928978	NA
Burkholderia_pseudomallei	SRR8928979	NA
Burkholderia_pseudomallei	SRR8928980	NA
Burkholderia_pseudomallei	SRR8928981	NA
Burkholderia_pseudomallei	SRR8928982	NA
Burkholderia_pseudomallei	SRR8928983	NA
Burkholderia_pseudomallei	SRR8928984	NA
Burkholderia_pseudomallei	SRR8928985	NA
Burkholderia_pseudomallei	SRR8928986	NA
Burkholderia_pseudomallei	SRR8928987	NA
Burkholderia_pseudomallei	SRR8928988	NA
Burkholderia_pseudomallei	SRR8928989	NA
Burkholderia_pseudomallei	SRR8928990	NA
Burkholderia_pseudomallei	SRR8928991	NA
Burkholderia_pseudomallei	SRR9835604	NA
Burkholderia_pseudomallei	SRR9835605	NA
Burkholderia_pseudomallei	SRR9835606	NA
Burkholderia_pseudomallei	SRR9835607	NA
Burkholderia_pseudomallei	SRR9835608	NA
Burkholderia_pseudomallei	SRR9835609	NA
Burkholderia_pseudomallei	SRR9835610	NA
Burkholderia_pseudomallei	SRR9835611	NA
Burkholderia_pseudomallei	SRR9835612	NA
Burkholderia_pseudomallei	SRR9835613	NA
Burkholderia_pseudomallei	SRR9835614	NA
Burkholderia_pseudomallei	SRR9835615	NA
Burkholderia_pseudomallei	SRR9835616	NA
Burkholderia_pseudomallei	SRR9835617	NA
Burkholderia_pseudomallei	SRR9835618	NA
Burkholderia_pseudomallei	SRR9835619	NA
Burkholderia_pseudomallei	SRR9835620	NA
Burkholderia_pseudomallei	SRR9835621	NA
Burkholderia_pseudomallei	SRR9835622	NA
Burkholderia_pseudomallei	SRR9835623	NA
Burkholderia_pseudomallei	SRR9835624	NA
Burkholderia_pseudomallei	SRR9835625	NA
Burkholderia_pseudomallei	SRR9835626	NA
Burkholderia_pseudomallei	SRR9835627	NA
Burkholderia_pseudomallei	SRR9835628	NA
Burkholderia_pseudomallei	SRR9835629	NA
Burkholderia_pseudomallei	SRR9835630	NA
Burkholderia_pseudomallei	SRR9835631	NA
Burkholderia_pseudomallei	SRR9835632	NA
Burkholderia_pseudomallei	SRR9835633	NA
Burkholderia_pseudomallei	SRR9835634	NA
Burkholderia_pseudomallei	SRR9835635	NA
Burkholderia_pseudomallei	SRR9835636	NA
Burkholderia_pseudomallei	SRR9835637	NA
Burkholderia_pseudomallei	SRR9835638	NA
Burkholderia_pseudomallei	SRR9835639	NA
Burkholderia_pseudomallei	SRR9835640	NA
Burkholderia_pseudomallei	SRR9835641	NA
Burkholderia_pseudomallei	SRR9835642	NA
Burkholderia_pseudomallei	SRR9835643	NA
Burkholderia_pseudomallei	SRR9835644	NA
Burkholderia_pseudomallei	SRR9835645	NA
Burkholderia_pseudomallei	SRR9835646	NA
Burkholderia_pseudomallei	SRR9835647	NA
Burkholderia_pseudomallei	SRR9835648	NA
Burkholderia_pseudomallei	SRR9835649	NA
Burkholderia_pseudomallei	SRR9835650	NA
Burkholderia_pseudomallei	SRR9835651	NA
Burkholderia_pseudomallei	SRR9835652	NA
Burkholderia_pseudomallei	SRR9835653	NA
Burkholderia_pseudomallei	SRR9835654	NA
Burkholderia_pseudomallei	SRR9835655	NA
Burkholderia_pseudomallei	SRR9835656	NA
Burkholderia_pseudomallei	SRR9835657	NA
Burkholderia_pseudomallei	SRR9835658	NA
Burkholderia_pseudomallei	SRR9835659	NA
Burkholderia_pseudomallei	SRR9835660	NA
Burkholderia_pseudomallei	SRR9835661	NA
Burkholderia_pseudomallei	SRR9835662	NA
Burkholderia_pseudomallei	SRR9835663	NA
Burkholderia_pseudomallei	SRR9835664	NA
Burkholderia_pseudomallei	SRR9835665	NA
Burkholderia_pseudomallei	SRR9835666	NA
Burkholderia_pseudomallei	SRR9835667	NA
Burkholderia_pseudomallei	SRR9835668	NA
Burkholderia_pseudomallei	SRR9835669	NA
Burkholderia_pseudomallei	SRR9835670	NA
Burkholderia_pseudomallei	SRR9835671	NA
Burkholderia_pseudomallei	SRR9835672	NA
Burkholderia_pseudomallei	SRR9835673	NA
Burkholderia_pseudomallei	SRR9835674	NA
Burkholderia_pseudomallei	SRR9835675	NA
Burkholderia_pseudomallei	SRR9835676	NA
Burkholderia_pseudomallei	SRR9835677	NA
Burkholderia_pseudomallei	SRR9835678	NA
Burkholderia_pseudomallei	SRR9835679	NA
Burkholderia_pseudomallei	SRR9835680	NA
Burkholderia_pseudomallei	SRR9835681	NA
Burkholderia_pseudomallei	SRR9835682	NA
Burkholderia_pseudomallei	SRR9835683	NA
Burkholderia_pseudomallei	SRR9835684	NA
Burkholderia_pseudomallei	SRR9835685	NA
Burkholderia_pseudomallei	SRR9835686	NA
Burkholderia_pseudomallei	SRR9835687	NA
Burkholderia_pseudomallei	SRR9835688	NA
Burkholderia_pseudomallei	SRR9835689	NA
Burkholderia_pseudomallei	SRR9835690	NA
Burkholderia_pseudomallei	SRR9835691	NA
Burkholderia_pseudomallei	SRR9835692	NA
Burkholderia_pseudomallei	SRR9835693	NA
Burkholderia_pseudomallei	SRR9835694	NA
Burkholderia_pseudomallei	SRR9835695	NA
Burkholderia_pseudomallei	SRR9835696	NA
Burkholderia_pseudomallei	SRR9835697	NA
Burkholderia_pseudomallei	SRR9835698	NA
Burkholderia_pseudomallei	SRR9835699	NA
Burkholderia_pseudomallei	SRR9835700	NA
Burkholderia_pseudomallei	SRR9835701	NA
Burkholderia_pseudomallei	SRR9835702	NA
Burkholderia_pseudomallei	SRR9835703	NA
Burkholderia_pseudomallei	SRR9835704	NA
Burkholderia_pseudomallei	SRR9835705	NA
Burkholderia_pseudomallei	SRR9835706	NA
Burkholderia_pseudomallei	SRR9835707	NA
Burkholderia_pseudomallei	SRR9835708	NA
Burkholderia_pseudomallei	SRR9835709	NA
Burkholderia_pseudomallei	SRR9835710	NA
Burkholderia_pseudomallei	SRR9835711	NA
Burkholderia_pseudomallei	SRR9835712	NA
Burkholderia_pseudomallei	SRR9835713	NA
Burkholderia_pseudomallei	SRR9835714	NA
Burkholderia_pseudomallei	SRR9835715	NA
Burkholderia_pseudomallei	SRR9835716	NA
Burkholderia_pseudomallei	SRR9835717	NA
Burkholderia_pseudomallei	SRR9835718	NA
Burkholderia_pseudomallei	SRR9835719	NA
Burkholderia_pseudomallei	SRR9835720	NA
Burkholderia_pseudomallei	SRR9835721	NA
Burkholderia_pseudomallei	SRR9835722	NA
Burkholderia_pseudomallei	SRR9835723	NA
Burkholderia_pseudomallei	SRR9835724	NA
Burkholderia_pseudomallei	SRR9835725	NA
Burkholderia_pseudomallei	SRR9835726	NA
Burkholderia_pseudomallei	SRR9835727	NA
Burkholderia_pseudomallei	SRR9835728	NA
Burkholderia_pseudomallei	SRR9835729	NA
Burkholderia_pseudomallei	SRR9835730	NA
Burkholderia_pseudomallei	SRR9835731	NA
Burkholderia_pseudomallei	SRR9835732	NA
Burkholderia_pseudomallei	SRR9835733	NA
Burkholderia_pseudomallei	SRR9835734	NA
Burkholderia_pseudomallei	SRR9835735	NA
Burkholderia_pseudomallei	SRR9835736	NA
Burkholderia_pseudomallei	SRR9835737	NA
Burkholderia_pseudomallei	SRR9835738	NA
Burkholderia_pseudomallei	SRR9835739	NA
Burkholderia_pseudomallei	SRR9835740	NA
Burkholderia_pseudomallei	SRR9835741	NA
Burkholderia_pseudomallei	SRR9835742	NA
Burkholderia_pseudomallei	SRR9835743	NA
Burkholderia_pseudomallei	SRR9835744	NA
Burkholderia_pseudomallei	SRR9835745	NA
Burkholderia_pseudomallei	SRR9835746	NA
Burkholderia_pseudomallei	SRR9835747	NA
Burkholderia_pseudomallei	SRR9835748	NA
Burkholderia_pseudomallei	SRR9835749	NA
Burkholderia_pseudomallei	SRR9835750	NA
Burkholderia_pseudomallei	SRR9835751	NA
Burkholderia_pseudomallei	SRR9835752	NA
Burkholderia_pseudomallei	SRR9835753	NA
Burkholderia_pseudomallei	SRR9835754	NA
Burkholderia_pseudomallei	SRR9835755	NA
Burkholderia_pseudomallei	SRR9835756	NA
Burkholderia_pseudomallei	SRR9835757	NA
Burkholderia_pseudomallei	SRR9835758	NA
Burkholderia_pseudomallei	SRR9835759	NA
Burkholderia_pseudomallei	SRR9835760	NA
Burkholderia_pseudomallei	SRR9835761	NA
Burkholderia_pseudomallei	SRR9835762	NA
Burkholderia_pseudomallei	SRR9835763	NA
Burkholderia_pseudomallei	SRR9835764	NA
Burkholderia_pseudomallei	SRR9835765	NA
Burkholderia_pseudomallei	SRR9835766	NA
Burkholderia_pseudomallei	SRR9835767	NA
Burkholderia_pseudomallei	SRR9835768	NA
Burkholderia_pseudomallei	SRR9835769	NA
Burkholderia_pseudomallei	SRR9835770	NA
Burkholderia_pseudomallei	SRR9835771	NA
Burkholderia_pseudomallei	SRR9835772	NA
Burkholderia_pseudomallei	SRR9835773	NA
Burkholderia_pseudomallei	SRR9835774	NA
Burkholderia_pseudomallei	SRR9835775	NA
Burkholderia_pseudomallei	SRR9835776	NA
Burkholderia_pseudomallei	SRR9835777	NA
Burkholderia_pseudomallei	SRR9835778	NA
Burkholderia_pseudomallei	SRR9835779	NA
Burkholderia_pseudomallei	SRR9835780	NA
Burkholderia_pseudomallei	SRR9835781	NA
Burkholderia_pseudomallei	SRR9835782	NA
Burkholderia_pseudomallei	SRR9835783	NA
Burkholderia_pseudomallei	SRR9835784	NA
Burkholderia_pseudomallei	SRR9835785	NA
Burkholderia_pseudomallei	SRR9835786	NA
Burkholderia_pseudomallei	SRR9835787	NA
Burkholderia_pseudomallei	SRR9835788	NA
Burkholderia_pseudomallei	SRR9835789	NA
Burkholderia_pseudomallei	SRR9835790	NA
Burkholderia_pseudomallei	SRR9835791	NA
Burkholderia_pseudomallei	SRR9835792	NA
Burkholderia_pseudomallei	SRR9835793	NA
Burkholderia_pseudomallei	SRR9835794	NA
Burkholderia_pseudomallei	SRR9835795	NA
Burkholderia_pseudomallei	SRR9835796	NA
Burkholderia_pseudomallei	SRR9835797	NA
Burkholderia_pseudomallei	SRR9835798	NA
Burkholderia_pseudomallei	SRR9835799	NA
Burkholderia_pseudomallei	SRR9835800	NA
Burkholderia_pseudomallei	SRR9835801	NA
Burkholderia_pseudomallei	SRR9835802	NA
Burkholderia_pseudomallei	SRR9867812	2403.4591856814645
Burkholderia_pseudomallei	SRR9867813	3314.935286072416
Burkholderia_pseudomallei	SRR9867814	3348.508474527493
Burkholderia_pseudomallei	SRR9867815	2376.7091733851553
Burkholderia_pseudomallei	SRR9867816	2213.839541734711
Burkholderia_pseudomallei	SRR9867817	3672.8178133627107
Burkholderia_pseudomallei	SRR9867818	2013.0155555203246
Burkholderia_pseudomallei	SRR9867819	4530.923374340268
Burkholderia_pseudomallei	SRR9867820	1819.4838262495448
Burkholderia_pseudomallei	SRR9867821	2734.1172651917427
Burkholderia_pseudomallei	SRR9867822	3704.2382761029867
Burkholderia_pseudomallei	SRR9867823	3828.773970843173
Burkholderia_pseudomallei	SRR9867824	2772.817133772352
Burkholderia_pseudomallei	SRR9867825	2105.311861389014
Burkholderia_pseudomallei	SRR9867826	4299.338832227313
Burkholderia_pseudomallei	SRR9867827	2688.0660340322897
Burkholderia_pseudomallei	SRR9867828	2287.5436404005277
Burkholderia_pseudomallei	SRR9867829	2253.967425894219
Burkholderia_pseudomallei	SRR9867830	1805.596330277208
Burkholderia_pseudomallei	SRR9867831	3011.2337933484055
Burkholderia_pseudomallei	SRR9879292	NA
Burkholderia_pseudomallei	SRR9879293	NA
Burkholderia_pseudomallei	SRR9879294	NA
Burkholderia_pseudomallei	SRR9879295	NA
Burkholderia_pseudomallei	SRR9879296	NA
Burkholderia_pseudomallei	SRR9879297	NA
Burkholderia_pseudomallei	SRR9879298	NA
Burkholderia_pseudomallei	SRR9879299	NA
Burkholderia_pseudomallei	SRR9879300	NA
Burkholderia_pseudomallei	SRR9879301	NA
Burkholderia_pseudomallei	SRR9879302	NA
Burkholderia_pseudomallei	SRR9879303	NA
Burkholderia_pseudomallei	SRR9879304	NA
Burkholderia_pseudomallei	SRR9879305	NA
Burkholderia_pseudomallei	SRR9879306	NA
Burkholderia_pseudomallei	SRR9879307	NA
Burkholderia_pseudomallei	SRR9879308	NA
Burkholderia_pseudomallei	SRR9879309	NA
Burkholderia_pseudomallei	T50_307	791.3020606497766
Burkholderia_pseudomallei	T50_313	363.34384640888345
Burkholderia_pseudomallei	T50_317	380.21897028033146
Burkholderia_pseudomallei	T50_324	1523.1768268232352
Burkholderia_pseudomallei	T50_427	273.0511777105228
Burkholderia_pseudomallei	T50_428	254.04383651443342
Burkholderia_pseudomallei	T50_431	534.242370696953
Burkholderia_pseudomallei	T50_436	380.3613532316418
Burkholderia_pseudomallei	T50_476	360.1348762439363
Burkholderia_pseudomallei	UN_307	8271.807359032444
Burkholderia_pseudomallei	UN_313	10282.296013231196
Burkholderia_pseudomallei	UN_317	4952.361172711364
Burkholderia_pseudomallei	UN_324	7145.320751702635
Burkholderia_pseudomallei	UN_427	270.9406605626743
Burkholderia_pseudomallei	UN_428	349.11032251940486
Burkholderia_pseudomallei	UN_431	263.4739700976232
Burkholderia_pseudomallei	UN_436	326.48655560190366
Burkholderia_pseudomallei	UN_476	324.0081044504668
