Feature	sample	counts
Geminocystis_herdmanii	CM317	0.29219172341621685
Geminocystis_herdmanii	CMCD140	0.28285951270728227
Geminocystis_herdmanii	CMCD147	0.07666540653827547
Geminocystis_herdmanii	CMCD152	1.2543405549084177
Geminocystis_herdmanii	CMCD154	0.5744472067461617
Geminocystis_herdmanii	CMCD159	0.9630035917138416
Geminocystis_herdmanii	CMCD161	1.1492536054189197
Geminocystis_herdmanii	CMCD174	0.04463655390316499
Geminocystis_herdmanii	CMCD196	1.105569770871789
Geminocystis_herdmanii	CMCD198	0.4165524291864715
Geminocystis_herdmanii	CMCD203	0.5370398934050172
Geminocystis_herdmanii	CMCD211	1.1740700653077196
Geminocystis_herdmanii	CMCD227	1.254584612393825
Geminocystis_herdmanii	CMCD240	1.2450819982281849
Geminocystis_herdmanii	CMCD259	1.2348476240940158
Geminocystis_herdmanii	CMCD270	1.2212485655848873
Geminocystis_herdmanii	CMCD275	0.2709002307125098
Geminocystis_herdmanii	CMCD282	1.0105904281458868
Geminocystis_herdmanii	CMCD286	1.2579314529084173
Geminocystis_herdmanii	CMCD287	1.2547604986293959
Geminocystis_herdmanii	CMCD294	0.44976069553729375
Geminocystis_herdmanii	CMCD327	1.037968579635008
Geminocystis_herdmanii	CMCD335	0.5708740731695409
Geminocystis_herdmanii	CMCD337	2.08378722621297
Geminocystis_herdmanii	CMCD357	2.3843529342817136
Geminocystis_herdmanii	CMCD398	1.0703422574695847
Geminocystis_herdmanii	CMCD403	0.4485390484575728
Geminocystis_herdmanii	CMCD422	1.0913308317423123
Geminocystis_herdmanii	CMCD426	1.0110378270852087
Geminocystis_herdmanii	CMCD71	1.0583101220749935
Geminocystis_herdmanii	CMCD72	0.24188450635284683
Geminocystis_herdmanii	CMCD76	1.1462235320233831
Geminocystis_herdmanii	CMCD88	1.2239557140655961
Geminocystis_herdmanii	CMSA256	1.2349498834315344
Geminocystis_herdmanii	CMSA316	0.31414644036989425
Geminocystis_herdmanii	CMUC110	2.525149143041791
Geminocystis_herdmanii	CMUC192	1.1793181722205324
Geminocystis_herdmanii	CMUC199	1.0274884622655986
Geminocystis_herdmanii	CMUC200	1.227219088600506
Geminocystis_herdmanii	CMUC208	1.0311971600169312
Geminocystis_herdmanii	CMUC231	1.2349498834315344
Geminocystis_herdmanii	CMUC234	1.2676718562975933
Geminocystis_herdmanii	CMUC285	1.2328302805306746
Geminocystis_herdmanii	CMUC291	1.2276579964460468
Geminocystis_herdmanii	CMUC295	1.161258544350776
Geminocystis_herdmanii	CMUC299	1.2768196385987194
Geminocystis_herdmanii	CMUC301	1.255400967187306
Geminocystis_herdmanii	CMUC307	1.189897190719974
Geminocystis_herdmanii	CMUC313	0.635582956995186
Geminocystis_herdmanii	CMUC314	0.38968013426960857
Geminocystis_herdmanii	CMUC323	0.41013084093897245
Geminocystis_herdmanii	CMUC324	1.0662355004167046
Geminocystis_herdmanii	CMUC331	0.9634555538907174
Geminocystis_herdmanii	CMUC333	0.6567277474580434
Geminocystis_herdmanii	CMUC334	1.0051112809282055
Geminocystis_herdmanii	CMUC346	0.26826340649339375
Geminocystis_herdmanii	CMUC352	1.8373859856798003
Geminocystis_herdmanii	CMUC360	0.3821021834124819
Geminocystis_herdmanii	CMUC363	0.21712349361229263
Geminocystis_herdmanii	CMUC365	0.47757430428517306
Geminocystis_herdmanii	CMUC366	1.030440619042891
Geminocystis_herdmanii	CMUC368	1.0606050887152505
Geminocystis_herdmanii	CMUC377	0.7361611573396979
Geminocystis_herdmanii	CMUC379	0.16061306060288869
Geminocystis_herdmanii	CMUC380	0.7641154547752208
Geminocystis_herdmanii	CMUC383	0.2828348986251321
Geminocystis_herdmanii	CMUC394	0.23835313966783211
Geminocystis_herdmanii	CMUC419	0.23625276040122828
Geminocystis_herdmanii	CMUC427	1.1460323041592848
Geminocystis_herdmanii	CMUC428	1.0690259297743245
Geminocystis_herdmanii	CMUC431	1.0951166246958384
Geminocystis_herdmanii	CMUC435	0.7767367719601955
Geminocystis_herdmanii	CMUC439	1.0902268931620824
Geminocystis_herdmanii	CMUC89	1.2362886415966772
Geminocystis_herdmanii	CS219	1.1600013501580453
Geminocystis_herdmanii	CS256	1.2567251485578759
Geminocystis_herdmanii	CS257	0.8041216965496909
Geminocystis_herdmanii	CS259	1.1709106740339585
Geminocystis_herdmanii	CS261	0.5062577378179246
Geminocystis_herdmanii	CS266	0.08339997045381625
Geminocystis_herdmanii	CS270	0.5839288158042332
Geminocystis_herdmanii	CS277	0.20604810693277956
Geminocystis_herdmanii	CS288	0.2632024452074535
Geminocystis_herdmanii	CS290	1.155781100264946
Geminocystis_herdmanii	CS292	0.7760813903566917
Geminocystis_herdmanii	CS293	0.8188118954496557
Geminocystis_herdmanii	CS301	0.33522724589008224
Geminocystis_herdmanii	CS306	0.3029265297506203
Geminocystis_herdmanii	CS308	1.0463790299353843
Geminocystis_herdmanii	CS315	0.3105141027266835
Geminocystis_herdmanii	CS317	0.17765888818257594
Geminocystis_herdmanii	CS322	0.7107960608084105
Geminocystis_herdmanii	CS327	0.701156360233683
Geminocystis_herdmanii	CS328	0.11644913690110263
Geminocystis_herdmanii	CS330	0.04896737292804183
Geminocystis_herdmanii	CS331	0.1590968490025704
Geminocystis_herdmanii	CS335	0.22391259290872442
Geminocystis_herdmanii	CS338	0.6012793871520479
Geminocystis_herdmanii	CS339	1.1310608836624043
Geminocystis_herdmanii	CS343	0.8840935432974107
Geminocystis_herdmanii	CS344	1.0170094043580735
Geminocystis_herdmanii	CS350	0.2182511790863343
Geminocystis_herdmanii	CS351	0.5283004917439506
Geminocystis_herdmanii	CS361	1.0857200856573577
Geminocystis_herdmanii	CS388	1.5502982884404084
Geminocystis_herdmanii	CS396	1.102092006476012
Geminocystis_herdmanii	CS405	1.0527288346126829
Geminocystis_herdmanii	CS415	0.17361813989208716
Geminocystis_herdmanii	CS424	0.2274328173397172
Geminocystis_herdmanii	IM293	1.1289022182802304
Geminocystis_herdmanii	IM296	0.07915303968734379
Geminocystis_herdmanii	IM297	0.42237771082058184
Geminocystis_herdmanii	IM300	1.2182968475560507
Geminocystis_herdmanii	IM305	1.0065130822606403
Geminocystis_herdmanii	IM309	0.15745049462457164
Geminocystis_herdmanii	IM310	0.4780244448163766
Geminocystis_herdmanii	IM311	0.7155226897232795
Geminocystis_herdmanii	IM316	0.42428304594026284
Geminocystis_herdmanii	IM320	0.2837383853026928
Geminocystis_herdmanii	IM330	0.5155985800084656
Geminocystis_herdmanii	IM332	0.16275870722375338
Geminocystis_herdmanii	IM340	0.6562601332635905
Geminocystis_herdmanii	IM348	1.0565405863883177
Geminocystis_herdmanii	IM354	1.1687419103599639
Geminocystis_herdmanii	IM356	0.8246994311746276
Geminocystis_herdmanii	IM364	0.4050661484428923
Geminocystis_herdmanii	IM372	0.3876442250974244
Geminocystis_herdmanii	IM374	0.19551556448870241
Geminocystis_herdmanii	IM376	1.2344824489302877
Geminocystis_herdmanii	IM381	0.28554150690794916
Geminocystis_herdmanii	IM382	0.2591234035559545
Geminocystis_herdmanii	IM385	1.2588732062842571
Geminocystis_herdmanii	IM390	0.8337573887150681
Geminocystis_herdmanii	IM397	0.6194762278667671
Geminocystis_herdmanii	IM404	1.0855292251152537
Geminocystis_herdmanii	IM409	1.0184497042244391
Geminocystis_herdmanii	IM412	0.3651570483830274
Geminocystis_herdmanii	IM421	0.6075921748374012
Geminocystis_herdmanii	IM425	0.1554633711732837
Geminocystis_herdmanii	IM432	0.5051687860401528
Geminocystis_herdmanii	IM438	1.1787640385621727
Geminocystis_herdmanii	IM442	0.8245414785044531
Geminocystis_herdmanii	IM445	0.7264283183905975
Geminocystis_herdmanii	IM448	1.2113119195931308
Geminocystis_herdmanii	IM449	0.9039826134091075
Geminocystis_herdmanii	IM451	1.0315189805657066
Geminocystis_herdmanii	IMSA256	1.3268077656506534
Geminocystis_herdmanii	IMSA276	1.2009459450239315
Geminocystis_herdmanii	IMSA286	1.24747498194623
Geminocystis_herdmanii	IMSA343	0.21493045804595268
Geminocystis_herdmanii	IS_238	1.2543405549084177
Geminocystis_herdmanii	IS238	0.6453108688026432
Geminocystis_herdmanii	IS243	1.219833517293767
Geminocystis_herdmanii	IS253	1.2533434159200771
Geminocystis_herdmanii	IS283	1.135803562302272
Geminocystis_herdmanii	IS322	0.4319147795810043
Geminocystis_herdmanii	IS399	1.0737696431162256
Geminocystis_herdmanii	IS418	0.41614015044691166
Geminocystis_herdmanii	IS430	1.051201135456003
Geminocystis_herdmanii	IS437	1.0147787430539674
Geminocystis_herdmanii	IS444	1.0324740632883367
Geminocystis_herdmanii	R276CMSA	0.41775251356269305
Geminocystis_herdmanii	R286CMSA	1.2706266228833678
Geminocystis_herdmanii	R292CMSA	1.1203296235272626
Geminocystis_herdmanii	R292IMSA	0.1467947934541018
Geminocystis_herdmanii	R308CMSA	0.5745553993989979
Geminocystis_herdmanii	R316IMSA	0.5878165329149254
Geminocystis_herdmanii	R347CMSA	0.21959752003709665
Geminocystis_herdmanii	R347IMSA	0.6183621090328191
Geminocystis_herdmanii	R371CMSA	0.5678221082233558
Geminocystis_herdmanii	SRR10104064	NA
Geminocystis_herdmanii	SRR10104065	NA
Geminocystis_herdmanii	SRR10104066	NA
Geminocystis_herdmanii	SRR10104067	NA
Geminocystis_herdmanii	SRR10104068	NA
Geminocystis_herdmanii	SRR10104069	NA
Geminocystis_herdmanii	SRR10104070	NA
Geminocystis_herdmanii	SRR10104071	NA
Geminocystis_herdmanii	SRR10104072	NA
Geminocystis_herdmanii	SRR10104073	NA
Geminocystis_herdmanii	SRR10104074	NA
Geminocystis_herdmanii	SRR10104075	NA
Geminocystis_herdmanii	SRR10104076	NA
Geminocystis_herdmanii	SRR10104077	NA
Geminocystis_herdmanii	SRR10104078	NA
Geminocystis_herdmanii	SRR10104079	NA
Geminocystis_herdmanii	SRR10104080	NA
Geminocystis_herdmanii	SRR10104081	NA
Geminocystis_herdmanii	SRR10104082	NA
Geminocystis_herdmanii	SRR10104083	NA
Geminocystis_herdmanii	SRR10104084	NA
Geminocystis_herdmanii	SRR10104085	NA
Geminocystis_herdmanii	SRR10104086	NA
Geminocystis_herdmanii	SRR10104087	NA
Geminocystis_herdmanii	SRR10104088	NA
Geminocystis_herdmanii	SRR10104089	NA
Geminocystis_herdmanii	SRR10104090	NA
Geminocystis_herdmanii	SRR10104091	NA
Geminocystis_herdmanii	SRR10104092	NA
Geminocystis_herdmanii	SRR10104093	NA
Geminocystis_herdmanii	SRR10104094	NA
Geminocystis_herdmanii	SRR10104095	NA
Geminocystis_herdmanii	SRR10104096	NA
Geminocystis_herdmanii	SRR10104097	NA
Geminocystis_herdmanii	SRR10104098	NA
Geminocystis_herdmanii	SRR10104099	NA
Geminocystis_herdmanii	SRR10104100	NA
Geminocystis_herdmanii	SRR10104101	NA
Geminocystis_herdmanii	SRR10104102	NA
Geminocystis_herdmanii	SRR10104103	NA
Geminocystis_herdmanii	SRR10104104	NA
Geminocystis_herdmanii	SRR10104105	NA
Geminocystis_herdmanii	SRR10104106	NA
Geminocystis_herdmanii	SRR10104107	NA
Geminocystis_herdmanii	SRR10104108	NA
Geminocystis_herdmanii	SRR10104109	NA
Geminocystis_herdmanii	SRR10104110	NA
Geminocystis_herdmanii	SRR10104111	NA
Geminocystis_herdmanii	SRR10104112	NA
Geminocystis_herdmanii	SRR10104113	NA
Geminocystis_herdmanii	SRR10104114	NA
Geminocystis_herdmanii	SRR10104115	NA
Geminocystis_herdmanii	SRR10104116	NA
Geminocystis_herdmanii	SRR10104117	NA
Geminocystis_herdmanii	SRR10104118	NA
Geminocystis_herdmanii	SRR10104119	NA
Geminocystis_herdmanii	SRR10104120	NA
Geminocystis_herdmanii	SRR10104121	NA
Geminocystis_herdmanii	SRR10104122	NA
Geminocystis_herdmanii	SRR10104123	NA
Geminocystis_herdmanii	SRR10104124	NA
Geminocystis_herdmanii	SRR10104125	NA
Geminocystis_herdmanii	SRR10104126	NA
Geminocystis_herdmanii	SRR10104127	NA
Geminocystis_herdmanii	SRR10104128	NA
Geminocystis_herdmanii	SRR10104129	NA
Geminocystis_herdmanii	SRR10104130	NA
Geminocystis_herdmanii	SRR10104131	NA
Geminocystis_herdmanii	SRR10104132	NA
Geminocystis_herdmanii	SRR10104133	NA
Geminocystis_herdmanii	SRR10104134	NA
Geminocystis_herdmanii	SRR10104135	NA
Geminocystis_herdmanii	SRR10104136	NA
Geminocystis_herdmanii	SRR10104137	NA
Geminocystis_herdmanii	SRR10104138	NA
Geminocystis_herdmanii	SRR10104139	NA
Geminocystis_herdmanii	SRR10104140	NA
Geminocystis_herdmanii	SRR10104141	NA
Geminocystis_herdmanii	SRR10104142	NA
Geminocystis_herdmanii	SRR10104143	NA
Geminocystis_herdmanii	SRR10104144	NA
Geminocystis_herdmanii	SRR10104145	NA
Geminocystis_herdmanii	SRR10104146	NA
Geminocystis_herdmanii	SRR10104147	NA
Geminocystis_herdmanii	SRR10104148	NA
Geminocystis_herdmanii	SRR10104149	NA
Geminocystis_herdmanii	SRR10104150	NA
Geminocystis_herdmanii	SRR10104151	NA
Geminocystis_herdmanii	SRR10104152	NA
Geminocystis_herdmanii	SRR10104153	NA
Geminocystis_herdmanii	SRR10104154	NA
Geminocystis_herdmanii	SRR10104155	NA
Geminocystis_herdmanii	SRR10104156	NA
Geminocystis_herdmanii	SRR10104157	NA
Geminocystis_herdmanii	SRR10104158	NA
Geminocystis_herdmanii	SRR10104159	NA
Geminocystis_herdmanii	SRR10104160	NA
Geminocystis_herdmanii	SRR10104161	NA
Geminocystis_herdmanii	SRR10104162	NA
Geminocystis_herdmanii	SRR10104163	NA
Geminocystis_herdmanii	SRR10104164	NA
Geminocystis_herdmanii	SRR10104165	NA
Geminocystis_herdmanii	SRR10104166	NA
Geminocystis_herdmanii	SRR10104167	NA
Geminocystis_herdmanii	SRR10104168	NA
Geminocystis_herdmanii	SRR10104169	NA
Geminocystis_herdmanii	SRR10104170	NA
Geminocystis_herdmanii	SRR10104171	NA
Geminocystis_herdmanii	SRR10104172	NA
Geminocystis_herdmanii	SRR10104173	NA
Geminocystis_herdmanii	SRR10104174	NA
Geminocystis_herdmanii	SRR10104175	NA
Geminocystis_herdmanii	SRR10104176	NA
Geminocystis_herdmanii	SRR10104177	NA
Geminocystis_herdmanii	SRR10104178	NA
Geminocystis_herdmanii	SRR10104179	NA
Geminocystis_herdmanii	SRR10104180	NA
Geminocystis_herdmanii	SRR10104181	NA
Geminocystis_herdmanii	SRR10104182	NA
Geminocystis_herdmanii	SRR10104183	NA
Geminocystis_herdmanii	SRR10104184	NA
Geminocystis_herdmanii	SRR10104185	NA
Geminocystis_herdmanii	SRR10104186	NA
Geminocystis_herdmanii	SRR10104187	NA
Geminocystis_herdmanii	SRR10104188	NA
Geminocystis_herdmanii	SRR10104189	NA
Geminocystis_herdmanii	SRR10104190	NA
Geminocystis_herdmanii	SRR10104191	NA
Geminocystis_herdmanii	SRR10104192	NA
Geminocystis_herdmanii	SRR10104193	NA
Geminocystis_herdmanii	SRR10104194	NA
Geminocystis_herdmanii	SRR10104195	NA
Geminocystis_herdmanii	SRR10104196	NA
Geminocystis_herdmanii	SRR10104197	NA
Geminocystis_herdmanii	SRR10104198	NA
Geminocystis_herdmanii	SRR10104199	NA
Geminocystis_herdmanii	SRR10104200	NA
Geminocystis_herdmanii	SRR10104201	NA
Geminocystis_herdmanii	SRR10104202	NA
Geminocystis_herdmanii	SRR10104203	NA
Geminocystis_herdmanii	SRR10104204	NA
Geminocystis_herdmanii	SRR10104205	NA
Geminocystis_herdmanii	SRR10104206	NA
Geminocystis_herdmanii	SRR10104207	NA
Geminocystis_herdmanii	SRR10104208	NA
Geminocystis_herdmanii	SRR10104209	NA
Geminocystis_herdmanii	SRR10104210	NA
Geminocystis_herdmanii	SRR10104211	NA
Geminocystis_herdmanii	SRR10104212	NA
Geminocystis_herdmanii	SRR10104213	NA
Geminocystis_herdmanii	SRR10104214	NA
Geminocystis_herdmanii	SRR10104215	NA
Geminocystis_herdmanii	SRR10104216	NA
Geminocystis_herdmanii	SRR10104217	NA
Geminocystis_herdmanii	SRR10104218	NA
Geminocystis_herdmanii	SRR10104219	NA
Geminocystis_herdmanii	SRR10104220	NA
Geminocystis_herdmanii	SRR10104221	NA
Geminocystis_herdmanii	SRR10104222	NA
Geminocystis_herdmanii	SRR10104223	NA
Geminocystis_herdmanii	SRR10104224	NA
Geminocystis_herdmanii	SRR10104225	NA
Geminocystis_herdmanii	SRR10104226	NA
Geminocystis_herdmanii	SRR10104227	NA
Geminocystis_herdmanii	SRR10104228	NA
Geminocystis_herdmanii	SRR10104229	NA
Geminocystis_herdmanii	SRR10104230	NA
Geminocystis_herdmanii	SRR10104231	NA
Geminocystis_herdmanii	SRR10104232	NA
Geminocystis_herdmanii	SRR10104233	NA
Geminocystis_herdmanii	SRR10104234	NA
Geminocystis_herdmanii	SRR10104235	NA
Geminocystis_herdmanii	SRR10104236	NA
Geminocystis_herdmanii	SRR10104237	NA
Geminocystis_herdmanii	SRR10104238	NA
Geminocystis_herdmanii	SRR10104239	NA
Geminocystis_herdmanii	SRR10104240	NA
Geminocystis_herdmanii	SRR10104241	NA
Geminocystis_herdmanii	SRR10104242	NA
Geminocystis_herdmanii	SRR10104243	NA
Geminocystis_herdmanii	SRR10104244	NA
Geminocystis_herdmanii	SRR10104245	NA
Geminocystis_herdmanii	SRR10104246	NA
Geminocystis_herdmanii	SRR10104247	NA
Geminocystis_herdmanii	SRR10104248	NA
Geminocystis_herdmanii	SRR10104249	NA
Geminocystis_herdmanii	SRR10104250	NA
Geminocystis_herdmanii	SRR10104251	NA
Geminocystis_herdmanii	SRR10104252	NA
Geminocystis_herdmanii	SRR10104253	NA
Geminocystis_herdmanii	SRR10104254	NA
Geminocystis_herdmanii	SRR10104255	NA
Geminocystis_herdmanii	SRR10104256	NA
Geminocystis_herdmanii	SRR10104257	NA
Geminocystis_herdmanii	SRR10104258	NA
Geminocystis_herdmanii	SRR10224277	1.3701638199222166
Geminocystis_herdmanii	SRR10224278	1.3701638199222166
Geminocystis_herdmanii	SRR10224279	1.3701638199222166
Geminocystis_herdmanii	SRR10224280	1.3701638199222166
Geminocystis_herdmanii	SRR10224281	1.3701638199222166
Geminocystis_herdmanii	SRR10224282	1.3701638199222166
Geminocystis_herdmanii	SRR10224283	1.3701638199222166
Geminocystis_herdmanii	SRR10224284	1.3701638199222166
Geminocystis_herdmanii	SRR10224285	1.3701638199222166
Geminocystis_herdmanii	SRR10224286	1.3701638199222166
Geminocystis_herdmanii	SRR10224287	1.3701638199222166
Geminocystis_herdmanii	SRR10224288	1.3701638199222166
Geminocystis_herdmanii	SRR10224289	1.3701638199222166
Geminocystis_herdmanii	SRR10224290	1.3701638199222166
Geminocystis_herdmanii	SRR10224291	1.3701638199222166
Geminocystis_herdmanii	SRR10224292	1.3701638199222166
Geminocystis_herdmanii	SRR10224293	1.3701638199222166
Geminocystis_herdmanii	SRR10224294	1.3701638199222166
Geminocystis_herdmanii	SRR10224295	1.3701638199222166
Geminocystis_herdmanii	SRR10224296	1.3701638199222166
Geminocystis_herdmanii	SRR10224297	1.3701638199222166
Geminocystis_herdmanii	SRR10224298	1.3701638199222166
Geminocystis_herdmanii	SRR10318388	NA
Geminocystis_herdmanii	SRR10318389	NA
Geminocystis_herdmanii	SRR10318390	NA
Geminocystis_herdmanii	SRR10318391	NA
Geminocystis_herdmanii	SRR10318392	NA
Geminocystis_herdmanii	SRR10318393	NA
Geminocystis_herdmanii	SRR10318394	NA
Geminocystis_herdmanii	SRR10318395	NA
Geminocystis_herdmanii	SRR10318396	NA
Geminocystis_herdmanii	SRR10318397	NA
Geminocystis_herdmanii	SRR10318398	NA
Geminocystis_herdmanii	SRR10318399	NA
Geminocystis_herdmanii	SRR10318400	NA
Geminocystis_herdmanii	SRR10318401	NA
Geminocystis_herdmanii	SRR10318402	NA
Geminocystis_herdmanii	SRR10318403	NA
Geminocystis_herdmanii	SRR10318404	NA
Geminocystis_herdmanii	SRR10318405	NA
Geminocystis_herdmanii	SRR10318406	NA
Geminocystis_herdmanii	SRR10318407	NA
Geminocystis_herdmanii	SRR10318408	NA
Geminocystis_herdmanii	SRR10318409	NA
Geminocystis_herdmanii	SRR10318410	NA
Geminocystis_herdmanii	SRR10318411	NA
Geminocystis_herdmanii	SRR10318412	NA
Geminocystis_herdmanii	SRR10318413	NA
Geminocystis_herdmanii	SRR10318414	NA
Geminocystis_herdmanii	SRR10318415	NA
Geminocystis_herdmanii	SRR10318416	NA
Geminocystis_herdmanii	SRR10318417	NA
Geminocystis_herdmanii	SRR10318418	NA
Geminocystis_herdmanii	SRR10318419	NA
Geminocystis_herdmanii	SRR10318420	NA
Geminocystis_herdmanii	SRR10318421	NA
Geminocystis_herdmanii	SRR10318422	NA
Geminocystis_herdmanii	SRR10318423	NA
Geminocystis_herdmanii	SRR10318424	NA
Geminocystis_herdmanii	SRR10318425	NA
Geminocystis_herdmanii	SRR10318426	NA
Geminocystis_herdmanii	SRR10318427	NA
Geminocystis_herdmanii	SRR10318428	NA
Geminocystis_herdmanii	SRR10318429	NA
Geminocystis_herdmanii	SRR10318430	NA
Geminocystis_herdmanii	SRR10318431	NA
Geminocystis_herdmanii	SRR10318432	NA
Geminocystis_herdmanii	SRR10318433	NA
Geminocystis_herdmanii	SRR10318434	NA
Geminocystis_herdmanii	SRR10318435	NA
Geminocystis_herdmanii	SRR10318436	NA
Geminocystis_herdmanii	SRR10318437	NA
Geminocystis_herdmanii	SRR10318438	NA
Geminocystis_herdmanii	SRR10318439	NA
Geminocystis_herdmanii	SRR10318440	NA
Geminocystis_herdmanii	SRR10318441	NA
Geminocystis_herdmanii	SRR10318442	NA
Geminocystis_herdmanii	SRR10318443	NA
Geminocystis_herdmanii	SRR10318444	NA
Geminocystis_herdmanii	SRR10318445	NA
Geminocystis_herdmanii	SRR10318446	NA
Geminocystis_herdmanii	SRR10318447	NA
Geminocystis_herdmanii	SRR10318448	NA
Geminocystis_herdmanii	SRR10318449	NA
Geminocystis_herdmanii	SRR10318450	NA
Geminocystis_herdmanii	SRR10318451	NA
Geminocystis_herdmanii	SRR10318452	NA
Geminocystis_herdmanii	SRR10318453	NA
Geminocystis_herdmanii	SRR10318454	NA
Geminocystis_herdmanii	SRR10318455	NA
Geminocystis_herdmanii	SRR10318456	NA
Geminocystis_herdmanii	SRR10318457	NA
Geminocystis_herdmanii	SRR10318458	NA
Geminocystis_herdmanii	SRR10318459	NA
Geminocystis_herdmanii	SRR10318460	NA
Geminocystis_herdmanii	SRR10318461	NA
Geminocystis_herdmanii	SRR10318462	NA
Geminocystis_herdmanii	SRR10318463	NA
Geminocystis_herdmanii	SRR10318464	NA
Geminocystis_herdmanii	SRR10318465	NA
Geminocystis_herdmanii	SRR10318466	NA
Geminocystis_herdmanii	SRR10318467	NA
Geminocystis_herdmanii	SRR10318468	NA
Geminocystis_herdmanii	SRR10318469	NA
Geminocystis_herdmanii	SRR10318470	NA
Geminocystis_herdmanii	SRR10318471	NA
Geminocystis_herdmanii	SRR10318472	NA
Geminocystis_herdmanii	SRR10318473	NA
Geminocystis_herdmanii	SRR10318474	NA
Geminocystis_herdmanii	SRR10318475	NA
Geminocystis_herdmanii	SRR10318476	NA
Geminocystis_herdmanii	SRR10318495	NA
Geminocystis_herdmanii	SRR10318496	NA
Geminocystis_herdmanii	SRR10318497	NA
Geminocystis_herdmanii	SRR10318498	NA
Geminocystis_herdmanii	SRR10318499	NA
Geminocystis_herdmanii	SRR10318500	NA
Geminocystis_herdmanii	SRR10318501	NA
Geminocystis_herdmanii	SRR10318502	NA
Geminocystis_herdmanii	SRR10318503	NA
Geminocystis_herdmanii	SRR10318504	NA
Geminocystis_herdmanii	SRR10318505	NA
Geminocystis_herdmanii	SRR10318506	NA
Geminocystis_herdmanii	SRR10318507	NA
Geminocystis_herdmanii	SRR10318508	NA
Geminocystis_herdmanii	SRR10318509	NA
Geminocystis_herdmanii	SRR10318510	NA
Geminocystis_herdmanii	SRR10318511	NA
Geminocystis_herdmanii	SRR10318512	NA
Geminocystis_herdmanii	SRR10318513	NA
Geminocystis_herdmanii	SRR10318514	NA
Geminocystis_herdmanii	SRR10318515	NA
Geminocystis_herdmanii	SRR10318516	NA
Geminocystis_herdmanii	SRR10318517	NA
Geminocystis_herdmanii	SRR10318518	NA
Geminocystis_herdmanii	SRR10318519	NA
Geminocystis_herdmanii	SRR10318520	NA
Geminocystis_herdmanii	SRR10318521	NA
Geminocystis_herdmanii	SRR10318522	NA
Geminocystis_herdmanii	SRR10318523	NA
Geminocystis_herdmanii	SRR10318524	NA
Geminocystis_herdmanii	SRR10318525	NA
Geminocystis_herdmanii	SRR10318526	NA
Geminocystis_herdmanii	SRR10318527	NA
Geminocystis_herdmanii	SRR10318528	NA
Geminocystis_herdmanii	SRR10318529	NA
Geminocystis_herdmanii	SRR10318530	NA
Geminocystis_herdmanii	SRR10318531	NA
Geminocystis_herdmanii	SRR10318532	NA
Geminocystis_herdmanii	SRR10318533	NA
Geminocystis_herdmanii	SRR10318534	NA
Geminocystis_herdmanii	SRR10318535	NA
Geminocystis_herdmanii	SRR10318536	NA
Geminocystis_herdmanii	SRR10318537	NA
Geminocystis_herdmanii	SRR10318538	NA
Geminocystis_herdmanii	SRR10318539	NA
Geminocystis_herdmanii	SRR10318540	NA
Geminocystis_herdmanii	SRR10318541	NA
Geminocystis_herdmanii	SRR10318542	NA
Geminocystis_herdmanii	SRR10318543	NA
Geminocystis_herdmanii	SRR10318544	NA
Geminocystis_herdmanii	SRR10318545	NA
Geminocystis_herdmanii	SRR10318546	NA
Geminocystis_herdmanii	SRR10318547	NA
Geminocystis_herdmanii	SRR10318548	NA
Geminocystis_herdmanii	SRR10318549	NA
Geminocystis_herdmanii	SRR10318568	NA
Geminocystis_herdmanii	SRR10318569	NA
Geminocystis_herdmanii	SRR10318570	NA
Geminocystis_herdmanii	SRR10318571	NA
Geminocystis_herdmanii	SRR10318572	NA
Geminocystis_herdmanii	SRR10318573	NA
Geminocystis_herdmanii	SRR10318574	NA
Geminocystis_herdmanii	SRR10318575	NA
Geminocystis_herdmanii	SRR10318576	NA
Geminocystis_herdmanii	SRR10318577	NA
Geminocystis_herdmanii	SRR10318578	NA
Geminocystis_herdmanii	SRR10318579	NA
Geminocystis_herdmanii	SRR10318580	NA
Geminocystis_herdmanii	SRR10318581	NA
Geminocystis_herdmanii	SRR10875803	1.2882433644676075
Geminocystis_herdmanii	SRR10875804	1.3131501335763234
Geminocystis_herdmanii	SRR10875805	1.321798712280005
Geminocystis_herdmanii	SRR10875806	1.3274339751425022
Geminocystis_herdmanii	SRR10875807	1.3131501335763234
Geminocystis_herdmanii	SRR10875808	1.3045425033315778
Geminocystis_herdmanii	SRR10875809	1.3041708781634826
Geminocystis_herdmanii	SRR10875810	1.3045425033315778
Geminocystis_herdmanii	SRR10875812	1.3183154886473012
Geminocystis_herdmanii	SRR10875813	1.3118964527875616
Geminocystis_herdmanii	SRR10875814	1.3220060933753541
Geminocystis_herdmanii	SRR10875815	1.3256464886490253
Geminocystis_herdmanii	SRR10875816	1.3183139712761642
Geminocystis_herdmanii	SRR10875817	1.2826454793017845
Geminocystis_herdmanii	SRR10875818	1.3099462731867664
Geminocystis_herdmanii	SRR10875819	1.3200824134173645
Geminocystis_herdmanii	SRR10875820	1.32788603600936
Geminocystis_herdmanii	SRR10875821	1.3284070765001421
Geminocystis_herdmanii	SRR10875822	1.316342388280703
Geminocystis_herdmanii	SRR10875823	1.3238501380291254
Geminocystis_herdmanii	SRR10875824	1.2857278820269409
Geminocystis_herdmanii	SRR10875825	1.32788603600936
Geminocystis_herdmanii	SRR10875826	1.3307758213748055
Geminocystis_herdmanii	SRR10875827	1.3139301099540455
Geminocystis_herdmanii	SRR10875829	1.3308497310876877
Geminocystis_herdmanii	SRR10875830	1.336318015657321
Geminocystis_herdmanii	SRR10875831	1.3298509126251958
Geminocystis_herdmanii	SRR10875832	1.3160122260372673
Geminocystis_herdmanii	SRR10875834	1.3259085555509957
Geminocystis_herdmanii	SRR10875835	1.3199680560689169
Geminocystis_herdmanii	SRR10875836	1.3212481279970223
Geminocystis_herdmanii	SRR10875837	1.316342388280703
Geminocystis_herdmanii	SRR10875838	1.2725223989275738
Geminocystis_herdmanii	SRR10875839	1.3273671044979394
Geminocystis_herdmanii	SRR10875840	1.3267406454623065
Geminocystis_herdmanii	SRR10875841	1.3248031109985206
Geminocystis_herdmanii	SRR10875842	1.3266006038672002
Geminocystis_herdmanii	SRR10875843	1.2063622481392364
Geminocystis_herdmanii	SRR10875844	1.2662671068962372
Geminocystis_herdmanii	SRR10875845	1.2640509762738386
Geminocystis_herdmanii	SRR10875846	2.5209738930998014
Geminocystis_herdmanii	SRR10875847	2.3939341974700867
Geminocystis_herdmanii	SRR10875848	2.514331378085939
Geminocystis_herdmanii	SRR10875849	1.2483503616987424
Geminocystis_herdmanii	SRR10875850	1.2877682815575862
Geminocystis_herdmanii	SRR10875851	1.28804384092142
Geminocystis_herdmanii	SRR10875852	1.29222875324749
Geminocystis_herdmanii	SRR10875853	1.30825437319375
Geminocystis_herdmanii	SRR10875854	1.2759952845004103
Geminocystis_herdmanii	SRR10875855	1.2518352308855787
Geminocystis_herdmanii	SRR10875856	1.2411170876112294
Geminocystis_herdmanii	SRR10875857	2.516674046350106
Geminocystis_herdmanii	SRR10875858	1.2227783442448608
Geminocystis_herdmanii	SRR10875859	1.204987904919043
Geminocystis_herdmanii	SRR10875860	1.2064748151354214
Geminocystis_herdmanii	SRR10875861	1.2573544954049152
Geminocystis_herdmanii	SRR10875862	1.254466217950269
Geminocystis_herdmanii	SRR10875863	1.2707186765588716
Geminocystis_herdmanii	SRR10875864	1.281180449304323
Geminocystis_herdmanii	SRR10875865	1.2835261256891743
Geminocystis_herdmanii	SRR10875866	1.2940783581230297
Geminocystis_herdmanii	SRR10875867	1.2638660104849928
Geminocystis_herdmanii	SRR10875868	1.2930909194340356
Geminocystis_herdmanii	SRR10875869	1.2483245606222864
Geminocystis_herdmanii	SRR10875870	1.2864966457609845
Geminocystis_herdmanii	SRR10875871	1.2222670639546285
Geminocystis_herdmanii	SRR10875872	1.2296931027169007
Geminocystis_herdmanii	SRR10875873	1.3074076988447034
Geminocystis_herdmanii	SRR10875874	1.231938349125697
Geminocystis_herdmanii	SRR10875875	1.2894221909763848
Geminocystis_herdmanii	SRR10875876	1.2830404425737167
Geminocystis_herdmanii	SRR10875877	1.299949488077003
Geminocystis_herdmanii	SRR10875878	1.2929530532335602
Geminocystis_herdmanii	SRR10875879	1.303527974255504
Geminocystis_herdmanii	SRR10875880	1.317797596015097
Geminocystis_herdmanii	SRR10875881	1.2415153575984894
Geminocystis_herdmanii	SRR10875882	1.307155319087134
Geminocystis_herdmanii	SRR10875883	1.296477417292304
Geminocystis_herdmanii	SRR10875884	1.3118968540320162
Geminocystis_herdmanii	SRR10875885	1.2882509693689796
Geminocystis_herdmanii	SRR10875886	1.2857100602272609
Geminocystis_herdmanii	SRR10875887	1.2937764583536733
Geminocystis_herdmanii	SRR10875888	1.3290237230739097
Geminocystis_herdmanii	SRR10875889	1.2305141341823898
Geminocystis_herdmanii	SRR10875890	1.2919491547029816
Geminocystis_herdmanii	SRR10875891	1.2662671068962372
Geminocystis_herdmanii	SRR10875892	1.2857662972196502
Geminocystis_herdmanii	SRR10875893	1.2902080101344982
Geminocystis_herdmanii	SRR10875894	1.1434368764238114
Geminocystis_herdmanii	SRR10875895	1.252805823307487
Geminocystis_herdmanii	SRR10875896	1.313028662557598
Geminocystis_herdmanii	SRR10875897	2.51770750300232
Geminocystis_herdmanii	SRR10875898	1.2315484571030648
Geminocystis_herdmanii	SRR10875899	1.2954491670711659
Geminocystis_herdmanii	SRR10875900	1.2987680889557414
Geminocystis_herdmanii	SRR10875901	1.3286860621482448
Geminocystis_herdmanii	SRR10875902	1.3274266445714387
Geminocystis_herdmanii	SRR12430469	1.3583740921230527
Geminocystis_herdmanii	SRR12430470	1.3591647978736123
Geminocystis_herdmanii	SRR12430471	1.3599875461622084
Geminocystis_herdmanii	SRR12430472	1.3575309203869175
Geminocystis_herdmanii	SRR12430473	1.3576823165353116
Geminocystis_herdmanii	SRR12430474	1.359557935336347
Geminocystis_herdmanii	SRR12430475	1.3565777300701471
Geminocystis_herdmanii	SRR12430476	1.359861209009657
Geminocystis_herdmanii	SRR12765534	NA
Geminocystis_herdmanii	SRR12765535	NA
Geminocystis_herdmanii	SRR12765536	NA
Geminocystis_herdmanii	SRR12765537	NA
Geminocystis_herdmanii	SRR12765538	NA
Geminocystis_herdmanii	SRR12765539	NA
Geminocystis_herdmanii	SRR12765540	NA
Geminocystis_herdmanii	SRR12765541	NA
Geminocystis_herdmanii	SRR12765542	NA
Geminocystis_herdmanii	SRR12765543	NA
Geminocystis_herdmanii	SRR12765544	NA
Geminocystis_herdmanii	SRR12765545	NA
Geminocystis_herdmanii	SRR12765546	NA
Geminocystis_herdmanii	SRR12765547	NA
Geminocystis_herdmanii	SRR12765548	NA
Geminocystis_herdmanii	SRR12765549	NA
Geminocystis_herdmanii	SRR12765550	NA
Geminocystis_herdmanii	SRR12765551	NA
Geminocystis_herdmanii	SRR12765552	NA
Geminocystis_herdmanii	SRR12765553	NA
Geminocystis_herdmanii	SRR12765554	NA
Geminocystis_herdmanii	SRR12765555	NA
Geminocystis_herdmanii	SRR12765556	NA
Geminocystis_herdmanii	SRR12765557	NA
Geminocystis_herdmanii	SRR12765558	NA
Geminocystis_herdmanii	SRR12765559	NA
Geminocystis_herdmanii	SRR12765560	NA
Geminocystis_herdmanii	SRR12765561	NA
Geminocystis_herdmanii	SRR12765562	NA
Geminocystis_herdmanii	SRR12765563	NA
Geminocystis_herdmanii	SRR12765564	NA
Geminocystis_herdmanii	SRR12765565	NA
Geminocystis_herdmanii	SRR12765566	NA
Geminocystis_herdmanii	SRR12765567	NA
Geminocystis_herdmanii	SRR12765568	NA
Geminocystis_herdmanii	SRR12765569	NA
Geminocystis_herdmanii	SRR12765570	NA
Geminocystis_herdmanii	SRR12765571	NA
Geminocystis_herdmanii	SRR12765572	NA
Geminocystis_herdmanii	SRR12765573	NA
Geminocystis_herdmanii	SRR12765574	NA
Geminocystis_herdmanii	SRR12765575	NA
Geminocystis_herdmanii	SRR12765576	NA
Geminocystis_herdmanii	SRR12765577	NA
Geminocystis_herdmanii	SRR12765578	NA
Geminocystis_herdmanii	SRR12765579	NA
Geminocystis_herdmanii	SRR12765580	NA
Geminocystis_herdmanii	SRR12765581	NA
Geminocystis_herdmanii	SRR12765582	NA
Geminocystis_herdmanii	SRR12765583	NA
Geminocystis_herdmanii	SRR12765584	NA
Geminocystis_herdmanii	SRR12765585	NA
Geminocystis_herdmanii	SRR12765586	NA
Geminocystis_herdmanii	SRR12765587	NA
Geminocystis_herdmanii	SRR12765588	NA
Geminocystis_herdmanii	SRR12765589	NA
Geminocystis_herdmanii	SRR12765590	NA
Geminocystis_herdmanii	SRR12765591	NA
Geminocystis_herdmanii	SRR12765592	NA
Geminocystis_herdmanii	SRR12765593	NA
Geminocystis_herdmanii	SRR12765594	NA
Geminocystis_herdmanii	SRR12765595	NA
Geminocystis_herdmanii	SRR12765596	NA
Geminocystis_herdmanii	SRR12765597	NA
Geminocystis_herdmanii	SRR12765598	NA
Geminocystis_herdmanii	SRR12765599	NA
Geminocystis_herdmanii	SRR12765600	NA
Geminocystis_herdmanii	SRR12765601	NA
Geminocystis_herdmanii	SRR12765602	NA
Geminocystis_herdmanii	SRR12765603	NA
Geminocystis_herdmanii	SRR12765604	NA
Geminocystis_herdmanii	SRR12765605	NA
Geminocystis_herdmanii	SRR12765606	NA
Geminocystis_herdmanii	SRR12765607	NA
Geminocystis_herdmanii	SRR12765608	NA
Geminocystis_herdmanii	SRR12765609	NA
Geminocystis_herdmanii	SRR12765610	NA
Geminocystis_herdmanii	SRR12765611	NA
Geminocystis_herdmanii	SRR12765612	NA
Geminocystis_herdmanii	SRR12765613	NA
Geminocystis_herdmanii	SRR12765614	NA
Geminocystis_herdmanii	SRR12765615	NA
Geminocystis_herdmanii	SRR12765616	NA
Geminocystis_herdmanii	SRR12765617	NA
Geminocystis_herdmanii	SRR12765618	NA
Geminocystis_herdmanii	SRR12765619	NA
Geminocystis_herdmanii	SRR12765620	NA
Geminocystis_herdmanii	SRR12765621	NA
Geminocystis_herdmanii	SRR12765622	NA
Geminocystis_herdmanii	SRR12765623	NA
Geminocystis_herdmanii	SRR12765624	NA
Geminocystis_herdmanii	SRR12765625	NA
Geminocystis_herdmanii	SRR12765626	NA
Geminocystis_herdmanii	SRR12765627	NA
Geminocystis_herdmanii	SRR12765628	NA
Geminocystis_herdmanii	SRR12765629	NA
Geminocystis_herdmanii	SRR12765630	NA
Geminocystis_herdmanii	SRR12765631	NA
Geminocystis_herdmanii	SRR12765632	NA
Geminocystis_herdmanii	SRR12765633	NA
Geminocystis_herdmanii	SRR12765634	NA
Geminocystis_herdmanii	SRR12765635	NA
Geminocystis_herdmanii	SRR12765636	NA
Geminocystis_herdmanii	SRR12765637	NA
Geminocystis_herdmanii	SRR12765638	NA
Geminocystis_herdmanii	SRR12765639	NA
Geminocystis_herdmanii	SRR12765640	NA
Geminocystis_herdmanii	SRR12765641	NA
Geminocystis_herdmanii	SRR12765642	NA
Geminocystis_herdmanii	SRR12765643	NA
Geminocystis_herdmanii	SRR12765644	NA
Geminocystis_herdmanii	SRR12765645	NA
Geminocystis_herdmanii	SRR12765646	NA
Geminocystis_herdmanii	SRR12765647	NA
Geminocystis_herdmanii	SRR12765648	NA
Geminocystis_herdmanii	SRR12765649	NA
Geminocystis_herdmanii	SRR12765650	NA
Geminocystis_herdmanii	SRR12765651	NA
Geminocystis_herdmanii	SRR12765652	NA
Geminocystis_herdmanii	SRR12774664	1.3076809549705097
Geminocystis_herdmanii	SRR12774665	1.2903501975558263
Geminocystis_herdmanii	SRR12774666	1.295795610129531
Geminocystis_herdmanii	SRR12774667	1.2424569218825623
Geminocystis_herdmanii	SRR12774668	1.3133120059356136
Geminocystis_herdmanii	SRR12774669	1.217439166492112
Geminocystis_herdmanii	SRR12774670	1.2733911137367675
Geminocystis_herdmanii	SRR12774671	1.2729886511515884
Geminocystis_herdmanii	SRR12774672	1.2985091154575101
Geminocystis_herdmanii	SRR12774673	1.3026942901706189
Geminocystis_herdmanii	SRR12774674	1.2742627204554735
Geminocystis_herdmanii	SRR12774675	1.3067748292569752
Geminocystis_herdmanii	SRR12774676	1.283759552466454
Geminocystis_herdmanii	SRR12774677	1.2778654323238352
Geminocystis_herdmanii	SRR12774678	1.3041708781634826
Geminocystis_herdmanii	SRR12774679	1.2661741566688087
Geminocystis_herdmanii	SRR12774680	1.3113717071839983
Geminocystis_herdmanii	SRR12774681	1.2328493794715614
Geminocystis_herdmanii	SRR12774682	1.2746296491723794
Geminocystis_herdmanii	SRR12774683	1.2629305368601476
Geminocystis_herdmanii	SRR12774684	1.2633386692720388
Geminocystis_herdmanii	SRR12774685	1.2791567896794707
Geminocystis_herdmanii	SRR12774686	1.2435465015194762
Geminocystis_herdmanii	SRR12774687	1.208995698799896
Geminocystis_herdmanii	SRR1609360	1.3595851426742833
Geminocystis_herdmanii	SRR1609361	1.3642765747608594
Geminocystis_herdmanii	SRR1609362	1.3601862908424658
Geminocystis_herdmanii	SRR1609363	1.3648618084282327
Geminocystis_herdmanii	SRR1609364	1.367723364166903
Geminocystis_herdmanii	SRR1609365	1.3559699697980863
Geminocystis_herdmanii	SRR1609366	1.3678519102083702
Geminocystis_herdmanii	SRR1609367	1.3678519102083702
Geminocystis_herdmanii	SRR1609368	1.3647292755975204
Geminocystis_herdmanii	SRR1609369	1.3636661710431994
Geminocystis_herdmanii	SRR1609370	1.3658304473165754
Geminocystis_herdmanii	SRR1609371	1.3308497310876877
Geminocystis_herdmanii	SRR1609372	1.3652789884192185
Geminocystis_herdmanii	SRR1609373	1.3645592654045955
Geminocystis_herdmanii	SRR1609374	1.3595851426742833
Geminocystis_herdmanii	SRR1609375	1.3657127099457684
Geminocystis_herdmanii	SRR1609376	1.3665467722368712
Geminocystis_herdmanii	SRR1609377	1.3645592654045955
Geminocystis_herdmanii	SRR1609378	1.3571865780557517
Geminocystis_herdmanii	SRR1609379	1.3647292755975204
Geminocystis_herdmanii	SRR1609380	1.3647292755975204
Geminocystis_herdmanii	SRR1609381	1.3650389842268886
Geminocystis_herdmanii	SRR1609382	1.3617719570408353
Geminocystis_herdmanii	SRR1609383	1.357338444084492
Geminocystis_herdmanii	SRR1609384	1.3650389842268886
Geminocystis_herdmanii	SRR1609385	1.3632936897014178
Geminocystis_herdmanii	SRR1609386	1.364418799805003
Geminocystis_herdmanii	SRR1609387	1.3632493219027384
Geminocystis_herdmanii	SRR1609388	1.3644863922256507
Geminocystis_herdmanii	SRR1609389	1.3619655654592606
Geminocystis_herdmanii	SRR1609390	1.3566148907720872
Geminocystis_herdmanii	SRR1609391	1.3337023738185396
Geminocystis_herdmanii	SRR1609392	1.365648707045223
Geminocystis_herdmanii	SRR1609393	1.347463603109902
Geminocystis_herdmanii	SRR1609394	1.3683107682878979
Geminocystis_herdmanii	SRR1609395	1.366777814654196
Geminocystis_herdmanii	SRR1609396	1.363963302220239
Geminocystis_herdmanii	SRR1609397	1.366777814654196
Geminocystis_herdmanii	SRR1609398	1.364275399950775
Geminocystis_herdmanii	SRR1609399	1.3652789884192185
Geminocystis_herdmanii	SRR1609400	1.3644863922256507
Geminocystis_herdmanii	SRR1609401	1.365648707045223
Geminocystis_herdmanii	SRR1609402	1.355001032468201
Geminocystis_herdmanii	SRR1609403	1.36415487469014
Geminocystis_herdmanii	SRR1609404	1.3538840207981289
Geminocystis_herdmanii	SRR1609405	1.3604438151934661
Geminocystis_herdmanii	SRR1609406	1.3595851426742833
Geminocystis_herdmanii	SRR1609407	1.357545797336928
Geminocystis_herdmanii	SRR1609408	1.351845412490748
Geminocystis_herdmanii	SRR1609409	1.3600985209022736
Geminocystis_herdmanii	SRR1609410	1.339036753943891
Geminocystis_herdmanii	SRR1609411	1.3650389842268886
Geminocystis_herdmanii	SRR1609412	1.364275399950775
Geminocystis_herdmanii	SRR1609413	1.3618823313624977
Geminocystis_herdmanii	SRR1609414	1.364275399950775
Geminocystis_herdmanii	SRR1609415	1.3645592654045955
Geminocystis_herdmanii	SRR1609416	1.3626190286749618
Geminocystis_herdmanii	SRR1609417	1.3644863922256507
Geminocystis_herdmanii	SRR1609418	1.3642765747608594
Geminocystis_herdmanii	SRR1609419	1.3652302799676275
Geminocystis_herdmanii	SRR1609420	1.3625634054000042
Geminocystis_herdmanii	SRR1609421	1.364275399950775
Geminocystis_herdmanii	SRR1609422	1.3642765747608594
Geminocystis_herdmanii	SRR1609423	1.357338444084492
Geminocystis_herdmanii	SRR1609424	1.350312888834268
Geminocystis_herdmanii	SRR1609425	1.3645592654045955
Geminocystis_herdmanii	SRR1609426	1.363963302220239
Geminocystis_herdmanii	SRR1609427	1.3628742248234382
Geminocystis_herdmanii	SRR1609428	1.3648618084282327
Geminocystis_herdmanii	SRR1609429	1.3652789884192185
Geminocystis_herdmanii	SRR1609430	1.3642765747608594
Geminocystis_herdmanii	SRR1609431	1.365648707045223
Geminocystis_herdmanii	SRR1609432	1.3648618084282327
Geminocystis_herdmanii	SRR1609433	1.364418799805003
Geminocystis_herdmanii	SRR1609434	1.351748025615633
Geminocystis_herdmanii	SRR1609435	1.3678386989055058
Geminocystis_herdmanii	SRR1609436	1.3632493219027384
Geminocystis_herdmanii	SRR1609437	1.3650389842268886
Geminocystis_herdmanii	SRR1609438	1.3647292755975204
Geminocystis_herdmanii	SRR1609439	1.3695729822351737
Geminocystis_herdmanii	SRR1609440	1.36415487469014
Geminocystis_herdmanii	SRR1609441	1.3603247318359362
Geminocystis_herdmanii	SRR1609442	1.3630300139455425
Geminocystis_herdmanii	SRR1609443	1.3639943687800475
Geminocystis_herdmanii	SRR1609444	1.3644863922256507
Geminocystis_herdmanii	SRR1609445	1.3658304473165754
Geminocystis_herdmanii	SRR1609446	1.3644863922256507
Geminocystis_herdmanii	SRR1609447	1.3695495824775967
Geminocystis_herdmanii	SRR1609448	1.3644863922256507
Geminocystis_herdmanii	SRR1609449	1.3652592688971437
Geminocystis_herdmanii	SRR1609450	1.3652789884192185
Geminocystis_herdmanii	SRR1609451	1.364275399950775
Geminocystis_herdmanii	SRR1609452	1.3695495824775967
Geminocystis_herdmanii	SRR1609453	1.3587925115012331
Geminocystis_herdmanii	SRR1609454	1.3645592654045955
Geminocystis_herdmanii	SRR1609455	1.369387944920576
Geminocystis_herdmanii	SRR1609456	1.3652302799676275
Geminocystis_herdmanii	SRR1609457	1.36415487469014
Geminocystis_herdmanii	SRR1609458	1.3696731095665362
Geminocystis_herdmanii	SRR1609459	1.363963302220239
Geminocystis_herdmanii	SRR1609460	1.3652789884192185
Geminocystis_herdmanii	SRR1609461	1.3645592654045955
Geminocystis_herdmanii	SRR1609462	1.364275399950775
Geminocystis_herdmanii	SRR1609463	1.3665467722368712
Geminocystis_herdmanii	SRR1609464	1.3644863922256507
Geminocystis_herdmanii	SRR1609465	1.3657127099457684
Geminocystis_herdmanii	SRR1609466	1.3331702213185004
Geminocystis_herdmanii	SRR1609467	1.3665467722368712
Geminocystis_herdmanii	SRR1609468	1.366777814654196
Geminocystis_herdmanii	SRR1609469	1.3652592688971437
Geminocystis_herdmanii	SRR1609470	1.355177982980013
Geminocystis_herdmanii	SRR1609471	1.3639943687800475
Geminocystis_herdmanii	SRR1609472	1.3556784343652573
Geminocystis_herdmanii	SRR1609473	1.357545797336928
Geminocystis_herdmanii	SRR1609474	1.3642765747608594
Geminocystis_herdmanii	SRR1609475	1.3556918670257883
Geminocystis_herdmanii	SRR1609476	1.361986070642
Geminocystis_herdmanii	SRR1609477	1.3614391621519784
Geminocystis_herdmanii	SRR1609478	1.3625634054000042
Geminocystis_herdmanii	SRR1609479	1.3656513527865064
Geminocystis_herdmanii	SRR1609480	1.365648707045223
Geminocystis_herdmanii	SRR1609481	1.3642765747608594
Geminocystis_herdmanii	SRR1609482	1.3628742248234382
Geminocystis_herdmanii	SRR1609483	1.3630300139455425
Geminocystis_herdmanii	SRR1609484	1.3626190286749618
Geminocystis_herdmanii	SRR1609485	1.3632074161673557
Geminocystis_herdmanii	SRR1609486	1.3652789884192185
Geminocystis_herdmanii	SRR1609487	1.3656513527865064
Geminocystis_herdmanii	SRR1609488	1.3658304473165754
Geminocystis_herdmanii	SRR1609489	1.3636661710431994
Geminocystis_herdmanii	SRR1609490	1.3670406656948546
Geminocystis_herdmanii	SRR1609491	1.3652592688971437
Geminocystis_herdmanii	SRR1609492	1.3626580852625958
Geminocystis_herdmanii	SRR1609493	1.3647292755975204
Geminocystis_herdmanii	SRR1609494	1.365648707045223
Geminocystis_herdmanii	SRR1609495	1.3638247610160497
Geminocystis_herdmanii	SRR1609496	1.3652592688971437
Geminocystis_herdmanii	SRR1609497	1.3628742248234382
Geminocystis_herdmanii	SRR1609498	1.3652592688971437
Geminocystis_herdmanii	SRR1609499	1.36415487469014
Geminocystis_herdmanii	SRR1609500	1.363367053906934
Geminocystis_herdmanii	SRR1609501	1.364418799805003
Geminocystis_herdmanii	SRR1609502	1.3617719570408353
Geminocystis_herdmanii	SRR1609503	1.350364271491463
Geminocystis_herdmanii	SRR1609504	1.3644863922256507
Geminocystis_herdmanii	SRR1609505	1.3626580852625958
Geminocystis_herdmanii	SRR1609506	1.366777814654196
Geminocystis_herdmanii	SRR1609507	1.3658304473165754
Geminocystis_herdmanii	SRR1609508	1.3658304473165754
Geminocystis_herdmanii	SRR1609509	1.3648618084282327
Geminocystis_herdmanii	SRR1609510	1.3652592688971437
Geminocystis_herdmanii	SRR1609511	1.3632936897014178
Geminocystis_herdmanii	SRR1609512	1.3647292755975204
Geminocystis_herdmanii	SRR1609513	1.3642765747608594
Geminocystis_herdmanii	SRR1609514	1.359432188335606
Geminocystis_herdmanii	SRR1609515	1.3632074161673557
Geminocystis_herdmanii	SRR1609516	1.3650389842268886
Geminocystis_herdmanii	SRR1609517	1.3645592654045955
Geminocystis_herdmanii	SRR1609518	1.3650389842268886
Geminocystis_herdmanii	SRR1609519	1.3630300139455425
Geminocystis_herdmanii	SRR1609520	1.3489953044767595
Geminocystis_herdmanii	SRR1609521	1.3652302799676275
Geminocystis_herdmanii	SRR1609522	1.36415487469014
Geminocystis_herdmanii	SRR1609523	1.3652302799676275
Geminocystis_herdmanii	SRR1609524	1.365648707045223
Geminocystis_herdmanii	SRR1609525	1.3647292755975204
Geminocystis_herdmanii	SRR1609526	1.36259882499864
Geminocystis_herdmanii	SRR1609527	1.3652592688971437
Geminocystis_herdmanii	SRR1609528	1.350385719456188
Geminocystis_herdmanii	SRR1609529	1.3415852748948751
Geminocystis_herdmanii	SRR1609530	1.3648618084282327
Geminocystis_herdmanii	SRR1609531	1.363963302220239
Geminocystis_herdmanii	SRR1609532	1.366777814654196
Geminocystis_herdmanii	SRR1609533	1.3644863922256507
Geminocystis_herdmanii	SRR1609534	1.3626190286749618
Geminocystis_herdmanii	SRR1609535	1.3678519102083702
Geminocystis_herdmanii	SRR1609536	1.3372878784409956
Geminocystis_herdmanii	SRR1609537	1.3632493219027384
Geminocystis_herdmanii	SRR1609538	1.365648707045223
Geminocystis_herdmanii	SRR1609539	1.296477417292304
Geminocystis_herdmanii	SRR1609540	1.3632074161673557
Geminocystis_herdmanii	SRR1609541	1.3274232088713633
Geminocystis_herdmanii	SRR1609542	1.3648618084282327
Geminocystis_herdmanii	SRR1609543	1.36259882499864
Geminocystis_herdmanii	SRR1609544	1.3630300139455425
Geminocystis_herdmanii	SRR1609545	1.331797528030689
Geminocystis_herdmanii	SRR1609546	1.3632074161673557
Geminocystis_herdmanii	SRR1609547	1.3632936897014178
Geminocystis_herdmanii	SRR1609548	1.366777814654196
Geminocystis_herdmanii	SRR1609549	1.36415487469014
Geminocystis_herdmanii	SRR1609550	1.3639943687800475
Geminocystis_herdmanii	SRR1609551	1.3678386989055058
Geminocystis_herdmanii	SRR1609552	1.3647292755975204
Geminocystis_herdmanii	SRR1609553	1.3652592688971437
Geminocystis_herdmanii	SRR1609554	1.3645592654045955
Geminocystis_herdmanii	SRR1609555	1.3652789884192185
Geminocystis_herdmanii	SRR1609556	1.3657127099457684
Geminocystis_herdmanii	SRR1609557	1.3652789884192185
Geminocystis_herdmanii	SRR1609558	1.3652302799676275
Geminocystis_herdmanii	SRR1609559	1.3685577832033065
Geminocystis_herdmanii	SRR1609560	1.3652592688971437
Geminocystis_herdmanii	SRR1609561	1.364275399950775
Geminocystis_herdmanii	SRR1609562	1.3632936897014178
Geminocystis_herdmanii	SRR1609563	1.3645592654045955
Geminocystis_herdmanii	SRR1609564	1.3632074161673557
Geminocystis_herdmanii	SRR1609565	1.3656513527865064
Geminocystis_herdmanii	SRR1609566	1.361986070642
Geminocystis_herdmanii	SRR1609567	1.3695495824775967
Geminocystis_herdmanii	SRR1609568	1.363367053906934
Geminocystis_herdmanii	SRR1609569	1.3632074161673557
Geminocystis_herdmanii	SRR1609570	1.3614907853286795
Geminocystis_herdmanii	SRR1609571	1.3274775891413366
Geminocystis_herdmanii	SRR1609572	1.3652302799676275
Geminocystis_herdmanii	SRR1609573	1.3618019380158601
Geminocystis_herdmanii	SRR1609574	1.363367053906934
Geminocystis_herdmanii	SRR1609575	1.3604438151934661
Geminocystis_herdmanii	SRR1609576	1.36415487469014
Geminocystis_herdmanii	SRR1609577	1.3626580852625958
Geminocystis_herdmanii	SRR1609578	1.3644863922256507
Geminocystis_herdmanii	SRR1609579	1.3601862908424658
Geminocystis_herdmanii	SRR1609580	1.3632493219027384
Geminocystis_herdmanii	SRR1609581	1.3678519102083702
Geminocystis_herdmanii	SRR1609582	1.3678519102083702
Geminocystis_herdmanii	SRR1609583	1.3686075106956568
Geminocystis_herdmanii	SRR1609584	1.3658304473165754
Geminocystis_herdmanii	SRR1609585	1.36259882499864
Geminocystis_herdmanii	SRR1609586	1.3687620824139737
Geminocystis_herdmanii	SRR1609587	1.3620855384331363
Geminocystis_herdmanii	SRR1609588	1.3658304473165754
Geminocystis_herdmanii	SRR1609589	1.365648707045223
Geminocystis_herdmanii	SRR1609590	1.3645592654045955
Geminocystis_herdmanii	SRR1609591	1.355177982980013
Geminocystis_herdmanii	SRR1609592	1.3644863922256507
Geminocystis_herdmanii	SRR1609593	1.3657127099457684
Geminocystis_herdmanii	SRR1609594	1.3474441088246403
Geminocystis_herdmanii	SRR1609595	1.3658304473165754
Geminocystis_herdmanii	SRR1609596	1.364275399950775
Geminocystis_herdmanii	SRR1609597	1.3652592688971437
Geminocystis_herdmanii	SRR1609598	1.3625634054000042
Geminocystis_herdmanii	SRR1609599	1.3159952333304499
Geminocystis_herdmanii	SRR1609600	1.3619655654592606
Geminocystis_herdmanii	SRR1609601	1.3510551556071593
Geminocystis_herdmanii	SRR1609602	1.3489903187332701
Geminocystis_herdmanii	SRR1609603	1.3632936897014178
Geminocystis_herdmanii	SRR1609604	1.3613966590497895
Geminocystis_herdmanii	SRR1609605	1.3650389842268886
Geminocystis_herdmanii	SRR1609606	1.3565777300701471
Geminocystis_herdmanii	SRR1609607	1.3632493219027384
Geminocystis_herdmanii	SRR1609608	1.3658304473165754
Geminocystis_herdmanii	SRR1609609	1.3665467722368712
Geminocystis_herdmanii	SRR1609610	1.3614907853286795
Geminocystis_herdmanii	SRR1609611	1.3628742248234382
Geminocystis_herdmanii	SRR1609612	1.36415487469014
Geminocystis_herdmanii	SRR1609613	1.3644863922256507
Geminocystis_herdmanii	SRR1609614	1.367723364166903
Geminocystis_herdmanii	SRR1609615	1.3656513527865064
Geminocystis_herdmanii	SRR1609616	1.361986070642
Geminocystis_herdmanii	SRR1609617	1.3632074161673557
Geminocystis_herdmanii	SRR1609618	1.363963302220239
Geminocystis_herdmanii	SRR1609619	1.3639943687800475
Geminocystis_herdmanii	SRR1609620	1.3575007269852146
Geminocystis_herdmanii	SRR1609621	1.3692703068875742
Geminocystis_herdmanii	SRR1609622	1.3480674404067088
Geminocystis_herdmanii	SRR1609623	1.3695495824775967
Geminocystis_herdmanii	SRR1609624	1.3692703068875742
Geminocystis_herdmanii	SRR1609625	1.363367053906934
Geminocystis_herdmanii	SRR1609626	1.3566148907720872
Geminocystis_herdmanii	SRR1609627	1.3696731095665362
Geminocystis_herdmanii	SRR1609628	1.364275399950775
Geminocystis_herdmanii	SRR1609629	1.3656513527865064
Geminocystis_herdmanii	SRR1609630	1.3652789884192185
Geminocystis_herdmanii	SRR1609631	1.3652592688971437
Geminocystis_herdmanii	SRR1609632	1.3648618084282327
Geminocystis_herdmanii	SRR1609633	1.3652789884192185
Geminocystis_herdmanii	SRR1609634	1.366777814654196
Geminocystis_herdmanii	SRR1609635	1.3618019380158601
Geminocystis_herdmanii	SRR1609636	1.3522393535960768
Geminocystis_herdmanii	SRR1609637	1.364418799805003
Geminocystis_herdmanii	SRR1609638	1.3695495824775967
Geminocystis_herdmanii	SRR1609639	1.3650389842268886
Geminocystis_herdmanii	SRR1609640	1.3683007848759485
Geminocystis_herdmanii	SRR1609641	1.3691204108846116
Geminocystis_herdmanii	SRR1609642	1.3628742248234382
Geminocystis_herdmanii	SRR1609643	1.366777814654196
Geminocystis_herdmanii	SRR1609644	1.366777814654196
Geminocystis_herdmanii	SRR1609645	1.3647292755975204
Geminocystis_herdmanii	SRR1609646	1.3648618084282327
Geminocystis_herdmanii	SRR1609647	1.3648618084282327
Geminocystis_herdmanii	SRR1609648	1.3626190286749618
Geminocystis_herdmanii	SRR1609649	1.3648618084282327
Geminocystis_herdmanii	SRR1609650	1.3632493219027384
Geminocystis_herdmanii	SRR1609651	1.3648618084282327
Geminocystis_herdmanii	SRR1609652	1.3652302799676275
Geminocystis_herdmanii	SRR1609653	1.3691204108846116
Geminocystis_herdmanii	SRR1609654	1.3603247318359362
Geminocystis_herdmanii	SRR1609655	1.364275399950775
Geminocystis_herdmanii	SRR1609656	1.3614391621519784
Geminocystis_herdmanii	SRR1609657	1.3695729822351737
Geminocystis_herdmanii	SRR1609658	1.3652302799676275
Geminocystis_herdmanii	SRR1609659	1.3645592654045955
Geminocystis_herdmanii	SRR1609660	1.3610288633969243
Geminocystis_herdmanii	SRR1609661	1.3642765747608594
Geminocystis_herdmanii	SRR1609662	1.3652592688971437
Geminocystis_herdmanii	SRR1609663	1.3670406656948546
Geminocystis_herdmanii	SRR1609664	1.3632936897014178
Geminocystis_herdmanii	SRR1609665	1.365648707045223
Geminocystis_herdmanii	SRR1609666	1.3551435256159687
Geminocystis_herdmanii	SRR1609667	1.3678519102083702
Geminocystis_herdmanii	SRR1609668	1.315784239344613
Geminocystis_herdmanii	SRR1609669	1.364418799805003
Geminocystis_herdmanii	SRR1746771	NA
Geminocystis_herdmanii	SRR1746772	NA
Geminocystis_herdmanii	SRR1746773	NA
Geminocystis_herdmanii	SRR1746774	NA
Geminocystis_herdmanii	SRR1746775	NA
Geminocystis_herdmanii	SRR1746776	NA
Geminocystis_herdmanii	SRR1746777	NA
Geminocystis_herdmanii	SRR1746778	NA
Geminocystis_herdmanii	SRR1746779	NA
Geminocystis_herdmanii	SRR1746780	NA
Geminocystis_herdmanii	SRR1746781	NA
Geminocystis_herdmanii	SRR1746782	NA
Geminocystis_herdmanii	SRR1746783	NA
Geminocystis_herdmanii	SRR1746784	NA
Geminocystis_herdmanii	SRR1782685	1.3565777300701471
Geminocystis_herdmanii	SRR1782686	1.36415487469014
Geminocystis_herdmanii	SRR1782687	1.3620855384331363
Geminocystis_herdmanii	SRR1782688	1.365648707045223
Geminocystis_herdmanii	SRR1782689	1.3614907853286795
Geminocystis_herdmanii	SRR1782690	1.3658304473165754
Geminocystis_herdmanii	SRR1782691	1.3652302799676275
Geminocystis_herdmanii	SRR1782692	1.366777814654196
Geminocystis_herdmanii	SRR1782693	1.3639943687800475
Geminocystis_herdmanii	SRR1782694	1.3665467722368712
Geminocystis_herdmanii	SRR1782695	1.3650389842268886
Geminocystis_herdmanii	SRR1782696	1.3648618084282327
Geminocystis_herdmanii	SRR1782697	1.3644863922256507
Geminocystis_herdmanii	SRR1782698	1.3658304473165754
Geminocystis_herdmanii	SRR1782699	1.3658304473165754
Geminocystis_herdmanii	SRR1782700	1.3650389842268886
Geminocystis_herdmanii	SRR1782701	1.3658304473165754
Geminocystis_herdmanii	SRR1782702	1.36415487469014
Geminocystis_herdmanii	SRR1782703	1.3652789884192185
Geminocystis_herdmanii	SRR1782704	1.3647292755975204
Geminocystis_herdmanii	SRR1782705	1.3274775891413366
Geminocystis_herdmanii	SRR1782706	1.3642765747608594
Geminocystis_herdmanii	SRR1782707	1.364275399950775
Geminocystis_herdmanii	SRR1782708	1.3650389842268886
Geminocystis_herdmanii	SRR1782709	1.3652592688971437
Geminocystis_herdmanii	SRR1782710	1.364275399950775
Geminocystis_herdmanii	SRR1782711	1.3644863922256507
Geminocystis_herdmanii	SRR1782712	1.3538840207981289
Geminocystis_herdmanii	SRR1782713	1.3556918670257883
Geminocystis_herdmanii	SRR1782714	1.3556784343652573
Geminocystis_herdmanii	SRR1782715	1.3619655654592606
Geminocystis_herdmanii	SRR1782716	1.351748025615633
Geminocystis_herdmanii	SRR1782717	1.3652789884192185
Geminocystis_herdmanii	SRR1782718	1.3559699697980863
Geminocystis_herdmanii	SRR1782719	1.3632936897014178
Geminocystis_herdmanii	SRR1782720	1.3571865780557517
Geminocystis_herdmanii	SRR1782721	1.3331702213185004
Geminocystis_herdmanii	SRR1782722	1.3636661710431994
Geminocystis_herdmanii	SRR1782723	1.3644863922256507
Geminocystis_herdmanii	SRR1782724	1.3644863922256507
Geminocystis_herdmanii	SRR1782725	1.3601862908424658
Geminocystis_herdmanii	SRR1782726	1.3632493219027384
Geminocystis_herdmanii	SRR1782727	1.3626580852625958
Geminocystis_herdmanii	SRR1782728	1.3308497310876877
Geminocystis_herdmanii	SRR1782729	1.3618823313624977
Geminocystis_herdmanii	SRR1782730	1.3626190286749618
Geminocystis_herdmanii	SRR1782731	1.3665467722368712
Geminocystis_herdmanii	SRR1782732	1.350312888834268
Geminocystis_herdmanii	SRR1782733	1.3652789884192185
Geminocystis_herdmanii	SRR1782734	1.3648618084282327
Geminocystis_herdmanii	SRR1782735	1.3678386989055058
Geminocystis_herdmanii	SRR1782736	1.366777814654196
Geminocystis_herdmanii	SRR1782737	1.363367053906934
Geminocystis_herdmanii	SRR1782738	1.3595851426742833
Geminocystis_herdmanii	SRR1782739	1.357338444084492
Geminocystis_herdmanii	SRR1782740	1.367723364166903
Geminocystis_herdmanii	SRR1782741	1.357338444084492
Geminocystis_herdmanii	SRR1782742	1.3639943687800475
Geminocystis_herdmanii	SRR1782743	1.3652789884192185
Geminocystis_herdmanii	SRR1782744	1.3645592654045955
Geminocystis_herdmanii	SRR1782745	1.3657127099457684
Geminocystis_herdmanii	SRR1782746	1.3618019380158601
Geminocystis_herdmanii	SRR1782747	1.365648707045223
Geminocystis_herdmanii	SRR1782748	1.366777814654196
Geminocystis_herdmanii	SRR1782749	1.3644863922256507
Geminocystis_herdmanii	SRR1782750	1.3652789884192185
Geminocystis_herdmanii	SRR1782751	1.365648707045223
Geminocystis_herdmanii	SRR1782752	1.3665467722368712
Geminocystis_herdmanii	SRR1782753	1.36259882499864
Geminocystis_herdmanii	SRR1782754	1.364418799805003
Geminocystis_herdmanii	SRR1782755	1.3652789884192185
Geminocystis_herdmanii	SRR1782756	1.347463603109902
Geminocystis_herdmanii	SRR1782757	1.3648618084282327
Geminocystis_herdmanii	SRR1782758	1.364275399950775
Geminocystis_herdmanii	SRR1782759	1.3652302799676275
Geminocystis_herdmanii	SRR1782760	1.3617719570408353
Geminocystis_herdmanii	SRR1782761	1.283853554459195
Geminocystis_herdmanii	SRR1782762	1.3337023738185396
Geminocystis_herdmanii	SRR1782763	1.3647292755975204
Geminocystis_herdmanii	SRR1782764	1.363963302220239
Geminocystis_herdmanii	SRR1782765	1.36415487469014
Geminocystis_herdmanii	SRR1782766	1.365648707045223
Geminocystis_herdmanii	SRR1782767	1.3650389842268886
Geminocystis_herdmanii	SRR1782768	1.3657127099457684
Geminocystis_herdmanii	SRR1782769	1.367723364166903
Geminocystis_herdmanii	SRR1782770	1.364275399950775
Geminocystis_herdmanii	SRR1782771	1.364418799805003
Geminocystis_herdmanii	SRR1782772	1.3645592654045955
Geminocystis_herdmanii	SRR1782773	1.355001032468201
Geminocystis_herdmanii	SRR1782774	1.3595851426742833
Geminocystis_herdmanii	SRR1782775	1.3652302799676275
Geminocystis_herdmanii	SRR1782776	1.3413229230288701
Geminocystis_herdmanii	SRR1782777	1.3645592654045955
Geminocystis_herdmanii	SRR1782778	1.364275399950775
Geminocystis_herdmanii	SRR1782779	1.3510551556071593
Geminocystis_herdmanii	SRR1782780	1.3617719570408353
Geminocystis_herdmanii	SRR1782781	1.3603247318359362
Geminocystis_herdmanii	SRR1782782	1.36259882499864
Geminocystis_herdmanii	SRR1782783	1.296477417292304
Geminocystis_herdmanii	SRR1782784	1.3647292755975204
Geminocystis_herdmanii	SRR1782785	1.36415487469014
Geminocystis_herdmanii	SRR1782786	1.3618019380158601
Geminocystis_herdmanii	SRR1782787	1.3652592688971437
Geminocystis_herdmanii	SRR1782788	1.3652302799676275
Geminocystis_herdmanii	SRR1782789	1.3628742248234382
Geminocystis_herdmanii	SRR1782790	1.3657127099457684
Geminocystis_herdmanii	SRR1782791	1.3630300139455425
Geminocystis_herdmanii	SRR1782792	1.3613966590497895
Geminocystis_herdmanii	SRR1782793	1.3632936897014178
Geminocystis_herdmanii	SRR1782794	1.3601862908424658
Geminocystis_herdmanii	SRR1782795	1.3159952333304499
Geminocystis_herdmanii	SRR1782796	1.3489953044767595
Geminocystis_herdmanii	SRR1782797	1.3474441088246403
Geminocystis_herdmanii	SRR1782798	1.3566148907720872
Geminocystis_herdmanii	SRR1782799	1.3650389842268886
Geminocystis_herdmanii	SRR1782800	1.3644863922256507
Geminocystis_herdmanii	SRR1782801	1.3678519102083702
Geminocystis_herdmanii	SRR1782802	1.3645592654045955
Geminocystis_herdmanii	SRR1782803	1.3652789884192185
Geminocystis_herdmanii	SRR1782804	1.3678519102083702
Geminocystis_herdmanii	SRR1782805	1.3647292755975204
Geminocystis_herdmanii	SRR1782806	1.3645592654045955
Geminocystis_herdmanii	SRR1782807	1.3642765747608594
Geminocystis_herdmanii	SRR1782808	1.3639943687800475
Geminocystis_herdmanii	SRR1782809	1.3601862908424658
Geminocystis_herdmanii	SRR1782810	1.330579163784775
Geminocystis_herdmanii	SRR1782811	1.3632936897014178
Geminocystis_herdmanii	SRR1782812	1.3642765747608594
Geminocystis_herdmanii	SRR1782813	1.3647292755975204
Geminocystis_herdmanii	SRR1782814	1.3395908197258153
Geminocystis_herdmanii	SRR1782815	1.3281592615564368
Geminocystis_herdmanii	SRR1782816	1.3644863922256507
Geminocystis_herdmanii	SRR1782817	1.3647292755975204
Geminocystis_herdmanii	SRR1782818	1.3658304473165754
Geminocystis_herdmanii	SRR1782819	1.3625634054000042
Geminocystis_herdmanii	SRR1782820	1.3686075106956568
Geminocystis_herdmanii	SRR1782821	1.3670406656948546
Geminocystis_herdmanii	SRR1782822	1.3626190286749618
Geminocystis_herdmanii	SRR1782823	1.3628742248234382
Geminocystis_herdmanii	SRR1782824	1.3614391621519784
Geminocystis_herdmanii	SRR1782825	1.365648707045223
Geminocystis_herdmanii	SRR1782826	1.3644863922256507
Geminocystis_herdmanii	SRR1782827	1.3652302799676275
Geminocystis_herdmanii	SRR1782828	1.3683325279379595
Geminocystis_herdmanii	SRR1782829	1.365648707045223
Geminocystis_herdmanii	SRR1782830	1.3480674404067088
Geminocystis_herdmanii	SRR1782831	1.3604438151934661
Geminocystis_herdmanii	SRR1782832	1.3647292755975204
Geminocystis_herdmanii	SRR1782833	1.3625634054000042
Geminocystis_herdmanii	SRR1782834	1.3652592688971437
Geminocystis_herdmanii	SRR1782835	1.3644863922256507
Geminocystis_herdmanii	SRR1782836	1.364418799805003
Geminocystis_herdmanii	SRR1782837	1.3695729822351737
Geminocystis_herdmanii	SRR1782838	1.3695729822351737
Geminocystis_herdmanii	SRR1782839	1.369387944920576
Geminocystis_herdmanii	SRR1782840	1.3692703068875742
Geminocystis_herdmanii	SRR1782841	1.3695729822351737
Geminocystis_herdmanii	SRR1782842	1.3652789884192185
Geminocystis_herdmanii	SRR1782843	1.3695495824775967
Geminocystis_herdmanii	SRR1782844	1.3691204108846116
Geminocystis_herdmanii	SRR1782845	1.3695495824775967
Geminocystis_herdmanii	SRR1782846	1.3696731095665362
Geminocystis_herdmanii	SRR1782847	1.3695495824775967
Geminocystis_herdmanii	SRR1782848	1.3692703068875742
Geminocystis_herdmanii	SRR1782849	1.3696731095665362
Geminocystis_herdmanii	SRR1782850	1.369387944920576
Geminocystis_herdmanii	SRR1782851	1.3695495824775967
Geminocystis_herdmanii	SRR1782852	1.369387944920576
Geminocystis_herdmanii	SRR1782853	1.3695495824775967
Geminocystis_herdmanii	SRR1782854	1.361986070642
Geminocystis_herdmanii	SRR1782855	1.36415487469014
Geminocystis_herdmanii	SRR1782856	1.3632936897014178
Geminocystis_herdmanii	SRR1782857	1.3630300139455425
Geminocystis_herdmanii	SRR1782858	1.3632074161673557
Geminocystis_herdmanii	SRR1782859	1.3645592654045955
Geminocystis_herdmanii	SRR1782860	1.3603247318359362
Geminocystis_herdmanii	SRR1782861	1.3587925115012331
Geminocystis_herdmanii	SRR1782862	1.3625634054000042
Geminocystis_herdmanii	SRR1782863	1.36415487469014
Geminocystis_herdmanii	SRR1782864	1.3566148907720872
Geminocystis_herdmanii	SRR1782865	1.3642765747608594
Geminocystis_herdmanii	SRR1782866	1.3658304473165754
Geminocystis_herdmanii	SRR1782867	1.3642765747608594
Geminocystis_herdmanii	SRR1782868	1.3639943687800475
Geminocystis_herdmanii	SRR1782869	1.3632493219027384
Geminocystis_herdmanii	SRR1782870	1.3652592688971437
Geminocystis_herdmanii	SRR1782871	1.3628742248234382
Geminocystis_herdmanii	SRR1782872	1.3626190286749618
Geminocystis_herdmanii	SRR1782873	1.363963302220239
Geminocystis_herdmanii	SRR1782874	1.364275399950775
Geminocystis_herdmanii	SRR1782875	1.3648618084282327
Geminocystis_herdmanii	SRR1782876	1.3610288633969243
Geminocystis_herdmanii	SRR1782877	1.363367053906934
Geminocystis_herdmanii	SRR1782878	1.3566148907720872
Geminocystis_herdmanii	SRR1782879	1.3614391621519784
Geminocystis_herdmanii	SRR1782880	1.3650389842268886
Geminocystis_herdmanii	SRR1782881	1.3626580852625958
Geminocystis_herdmanii	SRR1782882	1.3626190286749618
Geminocystis_herdmanii	SRR1782883	1.3630300139455425
Geminocystis_herdmanii	SRR1782884	1.3632074161673557
Geminocystis_herdmanii	SRR1782885	1.3632936897014178
Geminocystis_herdmanii	SRR1782886	1.3647292755975204
Geminocystis_herdmanii	SRR1782887	1.3632936897014178
Geminocystis_herdmanii	SRR1782888	1.363963302220239
Geminocystis_herdmanii	SRR1782889	1.3652789884192185
Geminocystis_herdmanii	SRR1782890	1.3642765747608594
Geminocystis_herdmanii	SRR1782891	1.3644863922256507
Geminocystis_herdmanii	SRR1782892	1.363367053906934
Geminocystis_herdmanii	SRR1782893	1.36415487469014
Geminocystis_herdmanii	SRR1782894	1.3372878784409956
Geminocystis_herdmanii	SRR1782895	1.363963302220239
Geminocystis_herdmanii	SRR1782896	1.3636661710431994
Geminocystis_herdmanii	SRR1782897	1.3652592688971437
Geminocystis_herdmanii	SRR1782898	1.3648618084282327
Geminocystis_herdmanii	SRR1782899	1.3632493219027384
Geminocystis_herdmanii	SRR1782900	1.3652592688971437
Geminocystis_herdmanii	SRR1782901	1.3632074161673557
Geminocystis_herdmanii	SRR1782902	1.3614907853286795
Geminocystis_herdmanii	SRR1782903	1.364275399950775
Geminocystis_herdmanii	SRR1782904	1.3628742248234382
Geminocystis_herdmanii	SRR1782905	1.3639943687800475
Geminocystis_herdmanii	SRR1782906	1.3652789884192185
Geminocystis_herdmanii	SRR1782907	1.355177982980013
Geminocystis_herdmanii	SRR1782908	1.3652789884192185
Geminocystis_herdmanii	SRR1782909	1.3652789884192185
Geminocystis_herdmanii	SRR1782910	1.363367053906934
Geminocystis_herdmanii	SRR1782911	1.3644863922256507
Geminocystis_herdmanii	SRR1782912	1.361986070642
Geminocystis_herdmanii	SRR1782913	1.3632074161673557
Geminocystis_herdmanii	SRR1782914	1.364275399950775
Geminocystis_herdmanii	SRR1782915	1.3632074161673557
Geminocystis_herdmanii	SRR1782916	1.3618019380158601
Geminocystis_herdmanii	SRR1782917	1.3652592688971437
Geminocystis_herdmanii	SRR1782918	1.3642765747608594
Geminocystis_herdmanii	SRR1782919	1.36415487469014
Geminocystis_herdmanii	SRR1782920	1.3628742248234382
Geminocystis_herdmanii	SRR1782921	1.36415487469014
Geminocystis_herdmanii	SRR1782922	1.336962642906195
Geminocystis_herdmanii	SRR1782923	1.3658304473165754
Geminocystis_herdmanii	SRR1782924	1.3647292755975204
Geminocystis_herdmanii	SRR1782925	1.3644863922256507
Geminocystis_herdmanii	SRR1782926	1.3652302799676275
Geminocystis_herdmanii	SRR1782927	1.3648618084282327
Geminocystis_herdmanii	SRR1782928	1.3670406656948546
Geminocystis_herdmanii	SRR1782929	1.3650389842268886
Geminocystis_herdmanii	SRR1782930	1.3583740921230527
Geminocystis_herdmanii	SRR1782931	1.3650389842268886
Geminocystis_herdmanii	SRR1782932	1.3632074161673557
Geminocystis_herdmanii	SRR1782933	1.3459185395104925
Geminocystis_herdmanii	SRR1782934	1.364418799805003
Geminocystis_herdmanii	SRR1782935	1.36415487469014
Geminocystis_herdmanii	SRR1782936	1.3415852748948751
Geminocystis_herdmanii	SRR1782937	1.3645592654045955
Geminocystis_herdmanii	SRR1782938	1.350364271491463
Geminocystis_herdmanii	SRR1782939	1.3652302799676275
Geminocystis_herdmanii	SRR1782940	1.365648707045223
Geminocystis_herdmanii	SRR1782941	1.3632493219027384
Geminocystis_herdmanii	SRR1782942	1.3656513527865064
Geminocystis_herdmanii	SRR1782943	1.3647292755975204
Geminocystis_herdmanii	SRR1782944	1.364418799805003
Geminocystis_herdmanii	SRR1782945	1.363367053906934
Geminocystis_herdmanii	SRR1782946	1.36259882499864
Geminocystis_herdmanii	SRR1782947	1.3658304473165754
Geminocystis_herdmanii	SRR1782948	1.365648707045223
Geminocystis_herdmanii	SRR1782949	1.3648618084282327
Geminocystis_herdmanii	SRR1782950	1.365648707045223
Geminocystis_herdmanii	SRR1782951	1.3642765747608594
Geminocystis_herdmanii	SRR1782952	1.331797528030689
Geminocystis_herdmanii	SRR1782953	1.3632074161673557
Geminocystis_herdmanii	SRR1782954	1.315784239344613
Geminocystis_herdmanii	SRR1782955	1.3522393535960768
Geminocystis_herdmanii	SRR1782956	1.3648618084282327
Geminocystis_herdmanii	SRR1782957	1.364418799805003
Geminocystis_herdmanii	SRR1782958	1.3650389842268886
Geminocystis_herdmanii	SRR1782959	1.357545797336928
Geminocystis_herdmanii	SRR1782960	1.3626580852625958
Geminocystis_herdmanii	SRR1782961	1.3578332304943945
Geminocystis_herdmanii	SRR1782962	1.3632936897014178
Geminocystis_herdmanii	SRR1782963	1.364275399950775
Geminocystis_herdmanii	SRR1782964	1.3632936897014178
Geminocystis_herdmanii	SRR1782965	1.3678519102083702
Geminocystis_herdmanii	SRR1782966	1.363963302220239
Geminocystis_herdmanii	SRR1782967	1.3657127099457684
Geminocystis_herdmanii	SRR1782968	1.3652302799676275
Geminocystis_herdmanii	SRR1782969	1.366777814654196
Geminocystis_herdmanii	SRR1782970	1.3575007269852146
Geminocystis_herdmanii	SRR1782971	1.3551435256159687
Geminocystis_herdmanii	SRR1782972	1.366777814654196
Geminocystis_herdmanii	SRR1782973	1.3691204108846116
Geminocystis_herdmanii	SRR1782974	1.3670406656948546
Geminocystis_herdmanii	SRR1782975	1.3683007848759485
Geminocystis_herdmanii	SRR1782976	1.3683107682878979
Geminocystis_herdmanii	SRR1782977	1.3683007848759485
Geminocystis_herdmanii	SRR1782978	1.3647292755975204
Geminocystis_herdmanii	SRR1782979	1.366777814654196
Geminocystis_herdmanii	SRR1782980	1.366777814654196
Geminocystis_herdmanii	SRR1782981	1.3658304473165754
Geminocystis_herdmanii	SRR1782982	1.3665467722368712
Geminocystis_herdmanii	SRR1782983	1.366777814654196
Geminocystis_herdmanii	SRR1782984	1.3645592654045955
Geminocystis_herdmanii	SRR1782985	1.36415487469014
Geminocystis_herdmanii	SRR1782986	1.3670406656948546
Geminocystis_herdmanii	SRR1782987	1.365648707045223
Geminocystis_herdmanii	SRR1782988	1.3648618084282327
Geminocystis_herdmanii	SRR1782989	1.3632936897014178
Geminocystis_herdmanii	SRR1782990	1.3645592654045955
Geminocystis_herdmanii	SRR1782991	1.364418799805003
Geminocystis_herdmanii	SRR1782992	1.3648618084282327
Geminocystis_herdmanii	SRR1782993	1.3648618084282327
Geminocystis_herdmanii	SRR1782994	1.3644863922256507
Geminocystis_herdmanii	SRR1782995	1.3648618084282327
Geminocystis_herdmanii	SRR1782996	1.3652592688971437
Geminocystis_herdmanii	SRR1782997	1.3645592654045955
Geminocystis_herdmanii	SRR1782998	1.3652789884192185
Geminocystis_herdmanii	SRR1782999	1.36415487469014
Geminocystis_herdmanii	SRR1783000	1.364418799805003
Geminocystis_herdmanii	SRR1783001	1.3656513527865064
Geminocystis_herdmanii	SRR1783002	1.3652789884192185
Geminocystis_herdmanii	SRR1783003	1.36259882499864
Geminocystis_herdmanii	SRR1783004	1.3652592688971437
Geminocystis_herdmanii	SRR1783005	1.3645592654045955
Geminocystis_herdmanii	SRR1783006	1.363963302220239
Geminocystis_herdmanii	SRR1813867	NA
Geminocystis_herdmanii	SRR1813868	NA
Geminocystis_herdmanii	SRR1813869	NA
Geminocystis_herdmanii	SRR1813870	NA
Geminocystis_herdmanii	SRR1813871	NA
Geminocystis_herdmanii	SRR1813872	NA
Geminocystis_herdmanii	SRR1813873	NA
Geminocystis_herdmanii	SRR1813874	NA
Geminocystis_herdmanii	SRR1813875	NA
Geminocystis_herdmanii	SRR1813876	NA
Geminocystis_herdmanii	SRR1813877	NA
Geminocystis_herdmanii	SRR1813878	NA
Geminocystis_herdmanii	SRR1813879	NA
Geminocystis_herdmanii	SRR1813880	NA
Geminocystis_herdmanii	SRR1813881	NA
Geminocystis_herdmanii	SRR1813882	NA
Geminocystis_herdmanii	SRR1813883	NA
Geminocystis_herdmanii	SRR1813884	NA
Geminocystis_herdmanii	SRR1813885	NA
Geminocystis_herdmanii	SRR1813886	NA
Geminocystis_herdmanii	SRR1813887	NA
Geminocystis_herdmanii	SRR1928188	NA
Geminocystis_herdmanii	SRR1928189	NA
Geminocystis_herdmanii	SRR1928190	NA
Geminocystis_herdmanii	SRR1928191	NA
Geminocystis_herdmanii	SRR1928192	NA
Geminocystis_herdmanii	SRR1928193	NA
Geminocystis_herdmanii	SRR2046996	1.3555405213425968
Geminocystis_herdmanii	SRR2046997	1.3561626257600456
Geminocystis_herdmanii	SRR2046998	1.3632936897014178
Geminocystis_herdmanii	SRR2046999	1.363963302220239
Geminocystis_herdmanii	SRR2047000	1.3513816610410734
Geminocystis_herdmanii	SRR2047001	1.359432188335606
Geminocystis_herdmanii	SRR2047002	1.3599875461622084
Geminocystis_herdmanii	SRR2047003	1.3626190286749618
Geminocystis_herdmanii	SRR2047004	1.3574339952142995
Geminocystis_herdmanii	SRR2047005	1.3618823313624977
Geminocystis_herdmanii	SRR2047006	1.3618019380158601
Geminocystis_herdmanii	SRR2047007	1.3597762438242038
Geminocystis_herdmanii	SRR2047008	1.3620855384331363
Geminocystis_herdmanii	SRR2047009	1.3613966590497895
Geminocystis_herdmanii	SRR2313973	NA
Geminocystis_herdmanii	SRR2313974	NA
Geminocystis_herdmanii	SRR2313975	NA
Geminocystis_herdmanii	SRR2313976	NA
Geminocystis_herdmanii	SRR2313977	NA
Geminocystis_herdmanii	SRR2313978	NA
Geminocystis_herdmanii	SRR2313979	NA
Geminocystis_herdmanii	SRR2313980	NA
Geminocystis_herdmanii	SRR2313981	NA
Geminocystis_herdmanii	SRR2313982	NA
Geminocystis_herdmanii	SRR2313983	NA
Geminocystis_herdmanii	SRR2313984	NA
Geminocystis_herdmanii	SRR2313985	NA
Geminocystis_herdmanii	SRR2313986	NA
Geminocystis_herdmanii	SRR2313987	NA
Geminocystis_herdmanii	SRR2313988	NA
Geminocystis_herdmanii	SRR2313989	NA
Geminocystis_herdmanii	SRR2313990	NA
Geminocystis_herdmanii	SRR2313991	NA
Geminocystis_herdmanii	SRR2313992	NA
Geminocystis_herdmanii	SRR2313993	NA
Geminocystis_herdmanii	SRR2313994	NA
Geminocystis_herdmanii	SRR2313995	NA
Geminocystis_herdmanii	SRR2313996	NA
Geminocystis_herdmanii	SRR2313997	NA
Geminocystis_herdmanii	SRR2313998	NA
Geminocystis_herdmanii	SRR2313999	NA
Geminocystis_herdmanii	SRR2314000	NA
Geminocystis_herdmanii	SRR2314001	NA
Geminocystis_herdmanii	SRR2314002	NA
Geminocystis_herdmanii	SRR2314003	NA
Geminocystis_herdmanii	SRR2314004	NA
Geminocystis_herdmanii	SRR2314005	NA
Geminocystis_herdmanii	SRR2314006	NA
Geminocystis_herdmanii	SRR2314007	NA
Geminocystis_herdmanii	SRR2314008	NA
Geminocystis_herdmanii	SRR2314009	NA
Geminocystis_herdmanii	SRR2314010	NA
Geminocystis_herdmanii	SRR2314011	NA
Geminocystis_herdmanii	SRR2314012	NA
Geminocystis_herdmanii	SRR2314013	NA
Geminocystis_herdmanii	SRR2314014	NA
Geminocystis_herdmanii	SRR2314015	NA
Geminocystis_herdmanii	SRR2314016	NA
Geminocystis_herdmanii	SRR2314017	NA
Geminocystis_herdmanii	SRR2314018	NA
Geminocystis_herdmanii	SRR2314019	NA
Geminocystis_herdmanii	SRR2314020	NA
Geminocystis_herdmanii	SRR2314021	NA
Geminocystis_herdmanii	SRR2314022	NA
Geminocystis_herdmanii	SRR2314023	NA
Geminocystis_herdmanii	SRR2314024	NA
Geminocystis_herdmanii	SRR2314025	NA
Geminocystis_herdmanii	SRR2314026	NA
Geminocystis_herdmanii	SRR2314027	NA
Geminocystis_herdmanii	SRR2314028	NA
Geminocystis_herdmanii	SRR2314029	NA
Geminocystis_herdmanii	SRR2314030	NA
Geminocystis_herdmanii	SRR2314031	NA
Geminocystis_herdmanii	SRR2314032	NA
Geminocystis_herdmanii	SRR2314033	NA
Geminocystis_herdmanii	SRR2314034	NA
Geminocystis_herdmanii	SRR2314035	NA
Geminocystis_herdmanii	SRR2314036	NA
Geminocystis_herdmanii	SRR2314037	NA
Geminocystis_herdmanii	SRR2314038	NA
Geminocystis_herdmanii	SRR2314039	NA
Geminocystis_herdmanii	SRR2314040	NA
Geminocystis_herdmanii	SRR2314041	NA
Geminocystis_herdmanii	SRR2314042	NA
Geminocystis_herdmanii	SRR2314043	NA
Geminocystis_herdmanii	SRR2314044	NA
Geminocystis_herdmanii	SRR2314045	NA
Geminocystis_herdmanii	SRR3493774	1.3382819884592194
Geminocystis_herdmanii	SRR3493775	1.3480674404067088
Geminocystis_herdmanii	SRR3493776	1.3296738838805997
Geminocystis_herdmanii	SRR3493777	1.3505835749216886
Geminocystis_herdmanii	SRR3493778	1.358349537490332
Geminocystis_herdmanii	SRR3493779	1.3561626257600456
Geminocystis_herdmanii	SRR3493780	1.3398964265019178
Geminocystis_herdmanii	SRR3493781	1.3438742739783325
Geminocystis_herdmanii	SRR3493782	1.323299595997881
Geminocystis_herdmanii	SRR3493783	1.3459185395104925
Geminocystis_herdmanii	SRR3493784	1.3438742739783325
Geminocystis_herdmanii	SRR3493785	1.3508362279898005
Geminocystis_herdmanii	SRR3493786	1.3287149082462886
Geminocystis_herdmanii	SRR3493787	1.3380477713644905
Geminocystis_herdmanii	SRR3493788	1.3183154886473012
Geminocystis_herdmanii	SRR3493789	1.347463603109902
Geminocystis_herdmanii	SRR3493790	10.100358738480166
Geminocystis_herdmanii	SRR3493791	1.284592323754263
Geminocystis_herdmanii	SRR3493792	3.6915424025471695
Geminocystis_herdmanii	SRR3493793	3.782237153833818
Geminocystis_herdmanii	SRR3493794	1.2711853315026325
Geminocystis_herdmanii	SRR3493795	2.4284339089478566
Geminocystis_herdmanii	SRR3493796	9.592458856379919
Geminocystis_herdmanii	SRR3493797	2.569184647508526
Geminocystis_herdmanii	SRR3493798	3.7883580936674206
Geminocystis_herdmanii	SRR3493799	19.516808105890092
Geminocystis_herdmanii	SRR3493800	1.2987680889557414
Geminocystis_herdmanii	SRR3493801	16.029529796883907
Geminocystis_herdmanii	SRR3493802	1.092222303761903
Geminocystis_herdmanii	SRR3493803	8.077255889736627
Geminocystis_herdmanii	SRR3493804	1.2970912368303573
Geminocystis_herdmanii	SRR3493805	5.77890550132473
Geminocystis_herdmanii	SRR3493806	26.055833395259665
Geminocystis_herdmanii	SRR3493807	5.910518386086373
Geminocystis_herdmanii	SRR3493808	21.366789843106115
Geminocystis_herdmanii	SRR3493809	17.852376959977008
Geminocystis_herdmanii	SRR3493810	4.4507446544391795
Geminocystis_herdmanii	SRR3493811	3.5880008320756787
Geminocystis_herdmanii	SRR3493812	7.440723695633422
Geminocystis_herdmanii	SRR3493813	2.403876818013867
Geminocystis_herdmanii	SRR3493814	11.016341801634008
Geminocystis_herdmanii	SRR3493815	2.4098413233635965
Geminocystis_herdmanii	SRR3493816	1.2298029536945252
Geminocystis_herdmanii	SRR3493817	4.49587865353476
Geminocystis_herdmanii	SRR3493818	6.013718545066039
Geminocystis_herdmanii	SRR3493819	12.205584277726473
Geminocystis_herdmanii	SRR3493820	1.3173952229656312
Geminocystis_herdmanii	SRR3493821	25.30776830426908
Geminocystis_herdmanii	SRR3493822	1.2468982506550739
Geminocystis_herdmanii	SRR3493823	6.195884676323927
Geminocystis_herdmanii	SRR3493824	1.2882433644676075
Geminocystis_herdmanii	SRR3493825	21.354388150928536
Geminocystis_herdmanii	SRR3493826	10.76160358515453
Geminocystis_herdmanii	SRR3493827	11.928585465345922
Geminocystis_herdmanii	SRR3493828	10.31104437670914
Geminocystis_herdmanii	SRR3493829	4.23292704224778
Geminocystis_herdmanii	SRR3493830	1.2752140936865761
Geminocystis_herdmanii	SRR3493831	1.0894194461838653
Geminocystis_herdmanii	SRR3493832	5.820768769004638
Geminocystis_herdmanii	SRR3493833	13.293575441545924
Geminocystis_herdmanii	SRR3493834	8.656088920201581
Geminocystis_herdmanii	SRR3493835	35.12410774956962
Geminocystis_herdmanii	SRR3493836	1.2914238372325433
Geminocystis_herdmanii	SRR3493837	5.607323598363963
Geminocystis_herdmanii	SRR3493838	6.986948214066161
Geminocystis_herdmanii	SRR3493839	2.6481866645480947
Geminocystis_herdmanii	SRR3493840	38.15774294099378
Geminocystis_herdmanii	SRR3493841	1.2671331324617459
Geminocystis_herdmanii	SRR3493846	1.3184752878867636
Geminocystis_herdmanii	SRR3493847	1.2952730709674147
Geminocystis_herdmanii	SRR3493848	1.3183154886473012
Geminocystis_herdmanii	SRR3493849	1.1909254154873892
Geminocystis_herdmanii	SRR3493850	1.2886820472941767
Geminocystis_herdmanii	SRR3714631	1.3652302799676275
Geminocystis_herdmanii	SRR3714632	1.3650389842268886
Geminocystis_herdmanii	SRR3714633	1.3423135436670932
Geminocystis_herdmanii	SRR3714634	1.3483358427492986
Geminocystis_herdmanii	SRR3714635	1.3301157084966697
Geminocystis_herdmanii	SRR3714636	1.3612319094799556
Geminocystis_herdmanii	SRR3714637	1.350364271491463
Geminocystis_herdmanii	SRR3714638	1.347000803460904
Geminocystis_herdmanii	SRR3714639	1.3183139712761642
Geminocystis_herdmanii	SRR3714640	1.344021627244169
Geminocystis_herdmanii	SRR3714641	1.3434000954997938
Geminocystis_herdmanii	SRR3714642	1.3501340679540812
Geminocystis_herdmanii	SRR3714643	1.3508362279898005
Geminocystis_herdmanii	SRR3714644	1.3524350411013144
Geminocystis_herdmanii	SRR3714645	1.3383514119561248
Geminocystis_herdmanii	SRR3714646	1.3274339751425022
Geminocystis_herdmanii	SRR3714648	1.3285645915048494
Geminocystis_herdmanii	SRR3714649	1.3358726283614641
Geminocystis_herdmanii	SRR3714650	1.2804465079787484
Geminocystis_herdmanii	SRR3714651	1.340495266601185
Geminocystis_herdmanii	SRR3714652	1.3370875646886284
Geminocystis_herdmanii	SRR3714653	1.3351787252769485
Geminocystis_herdmanii	SRR3714654	1.3179295366425143
Geminocystis_herdmanii	SRR3714655	1.3490138249359378
Geminocystis_herdmanii	SRR3714656	1.2567251485578759
Geminocystis_herdmanii	SRR3714657	1.336962642906195
Geminocystis_herdmanii	SRR3714658	1.351845412490748
Geminocystis_herdmanii	SRR3714659	1.3516557234899487
Geminocystis_herdmanii	SRR3714660	1.3505835749216886
Geminocystis_herdmanii	SRR3714661	1.3304516300065055
Geminocystis_herdmanii	SRR3714662	1.348742925120609
Geminocystis_herdmanii	SRR3714663	1.3312382839650534
Geminocystis_herdmanii	SRR3714664	1.350385719456188
Geminocystis_herdmanii	SRR3714665	1.3490138249359378
Geminocystis_herdmanii	SRR3714666	1.359861209009657
Geminocystis_herdmanii	SRR3714667	1.3307404382020307
Geminocystis_herdmanii	SRR3714668	1.3375379880262035
Geminocystis_herdmanii	SRR3714669	1.3345735792666624
Geminocystis_herdmanii	SRR3714670	1.2702440658531313
Geminocystis_herdmanii	SRR3714671	1.3287149082462886
Geminocystis_herdmanii	SRR3714672	1.3388174262643275
Geminocystis_herdmanii	SRR3714673	1.2667410257810257
Geminocystis_herdmanii	SRR3714674	1.34653965578047
Geminocystis_herdmanii	SRR3714675	1.3451861847413156
Geminocystis_herdmanii	SRR3714676	1.3456171453727186
Geminocystis_herdmanii	SRR3714677	1.2961864285789997
Geminocystis_herdmanii	SRR3714678	1.3514824771725942
Geminocystis_herdmanii	SRR3714679	1.345253865980099
Geminocystis_herdmanii	SRR3714680	1.3367622302937445
Geminocystis_herdmanii	SRR3714681	1.3560657049542797
Geminocystis_herdmanii	SRR3714682	1.3558285475421563
Geminocystis_herdmanii	SRR3714683	1.3366743708340345
Geminocystis_herdmanii	SRR3714684	1.3348202926155082
Geminocystis_herdmanii	SRR3714685	1.336962642906195
Geminocystis_herdmanii	SRR3714686	1.3507509512034028
Geminocystis_herdmanii	SRR3714688	1.3626190286749618
Geminocystis_herdmanii	SRR3714689	1.3534875243524722
Geminocystis_herdmanii	SRR3714690	1.3290237230739097
Geminocystis_herdmanii	SRR3714691	1.3436634093908635
Geminocystis_herdmanii	SRR3714692	1.3180397863021243
Geminocystis_herdmanii	SRR3714693	1.3512170370636938
Geminocystis_herdmanii	SRR3714694	1.3511672659833882
Geminocystis_herdmanii	SRR3714695	1.3513816610410734
Geminocystis_herdmanii	SRR3714696	1.292255376915366
Geminocystis_herdmanii	SRR3714697	1.2306754126664508
Geminocystis_herdmanii	SRR3714698	1.3583740921230527
Geminocystis_herdmanii	SRR3714699	1.3450753291437514
Geminocystis_herdmanii	SRR3714700	1.3473985089531106
Geminocystis_herdmanii	SRR3714701	1.329652535152111
Geminocystis_herdmanii	SRR3714702	1.350385719456188
Geminocystis_herdmanii	SRR3714703	1.3502790583246302
Geminocystis_herdmanii	SRR3714704	1.3547238099368741
Geminocystis_herdmanii	SRR3714705	1.317971188461849
Geminocystis_herdmanii	SRR3714706	1.3645592654045955
Geminocystis_herdmanii	SRR3714707	1.346320609018767
Geminocystis_herdmanii	SRR3714708	1.3626580852625958
Geminocystis_herdmanii	SRR3714709	1.3423783231069852
Geminocystis_herdmanii	SRR3714710	1.3427763630507397
Geminocystis_herdmanii	SRR3714711	1.3505835749216886
Geminocystis_herdmanii	SRR3714712	1.347145302534545
Geminocystis_herdmanii	SRR3714713	1.3394985745560506
Geminocystis_herdmanii	SRR3714714	1.336650893783813
Geminocystis_herdmanii	SRR3714715	1.3071122189861448
Geminocystis_herdmanii	SRR3714716	1.3558285475421563
Geminocystis_herdmanii	SRR3714717	1.3607077715866251
Geminocystis_herdmanii	SRR3714718	1.3508362279898005
Geminocystis_herdmanii	SRR3714719	1.34653965578047
Geminocystis_herdmanii	SRR3714720	1.3340118219441086
Geminocystis_herdmanii	SRR3714721	1.3419191740325442
Geminocystis_herdmanii	SRR3714723	1.3308497310876877
Geminocystis_herdmanii	SRR3714724	1.3035662084064727
Geminocystis_herdmanii	SRR3714725	1.3214119850406139
Geminocystis_herdmanii	SRR3714726	1.3456171453727186
Geminocystis_herdmanii	SRR3714727	1.3333686715063529
Geminocystis_herdmanii	SRR3714728	1.3333686715063529
Geminocystis_herdmanii	SRR3714729	1.3628387906179662
Geminocystis_herdmanii	SRR3714730	1.3487588358880969
Geminocystis_herdmanii	SRR3714731	1.3123179243169656
Geminocystis_herdmanii	SRR3714732	1.3469691601164098
Geminocystis_herdmanii	SRR3714734	1.3507509512034028
Geminocystis_herdmanii	SRR3714735	1.3489720212096918
Geminocystis_herdmanii	SRR3714736	1.3574753250672933
Geminocystis_herdmanii	SRR3714737	1.3454871180632704
Geminocystis_herdmanii	SRR3714738	1.2909331232652765
Geminocystis_herdmanii	SRR3714739	1.3513816610410734
Geminocystis_herdmanii	SRR3714740	1.2996587190744668
Geminocystis_herdmanii	SRR3714741	1.3614391621519784
Geminocystis_herdmanii	SRR3714744	1.3424537171472761
Geminocystis_herdmanii	SRR3714745	1.2815229461742896
Geminocystis_herdmanii	SRR3714746	1.3644863922256507
Geminocystis_herdmanii	SRR3714747	1.3230920898627394
Geminocystis_herdmanii	SRR3714748	1.350312888834268
Geminocystis_herdmanii	SRR3714749	1.3607077715866251
Geminocystis_herdmanii	SRR3714750	1.3274339751425022
Geminocystis_herdmanii	SRR3714751	1.3561626257600456
Geminocystis_herdmanii	SRR3714752	1.3564544763934177
Geminocystis_herdmanii	SRR3714753	1.3180397863021243
Geminocystis_herdmanii	SRR3714754	1.3383514119561248
Geminocystis_herdmanii	SRR3714755	1.351845412490748
Geminocystis_herdmanii	SRR3714756	1.3409308401998268
Geminocystis_herdmanii	SRR3714757	1.3454871180632704
Geminocystis_herdmanii	SRR3714758	1.350364271491463
Geminocystis_herdmanii	SRR3714759	1.3300275914781203
Geminocystis_herdmanii	SRR3714760	1.3652302799676275
Geminocystis_herdmanii	SRR3714761	1.3511724781991463
Geminocystis_herdmanii	SRR3714762	1.3547238099368741
Geminocystis_herdmanii	SRR3714764	1.3492820866118815
Geminocystis_herdmanii	SRR3714765	1.336318015657321
Geminocystis_herdmanii	SRR3714766	1.3423135436670932
Geminocystis_herdmanii	SRR3714767	1.3399023251995457
Geminocystis_herdmanii	SRR3714768	1.3459185395104925
Geminocystis_herdmanii	SRR5176628	1.3658304473165754
Geminocystis_herdmanii	SRR5176629	1.3647292755975204
Geminocystis_herdmanii	SRR5176630	1.3636661710431994
Geminocystis_herdmanii	SRR5176631	1.366777814654196
Geminocystis_herdmanii	SRR5176632	1.364418799805003
Geminocystis_herdmanii	SRR5176633	1.3630300139455425
Geminocystis_herdmanii	SRR5176634	1.3632936897014178
Geminocystis_herdmanii	SRR5176635	1.3657127099457684
Geminocystis_herdmanii	SRR5176636	1.3274775891413366
Geminocystis_herdmanii	SRR5176637	1.3510551556071593
Geminocystis_herdmanii	SRR5176638	1.3331702213185004
Geminocystis_herdmanii	SRR5176639	1.3612319094799556
Geminocystis_herdmanii	SRR5176640	1.3685577832033065
Geminocystis_herdmanii	SRR5176641	1.3617719570408353
Geminocystis_herdmanii	SRR5176642	1.3644863922256507
Geminocystis_herdmanii	SRR5176643	1.3650389842268886
Geminocystis_herdmanii	SRR5176644	1.3645592654045955
Geminocystis_herdmanii	SRR5176645	1.3603247318359362
Geminocystis_herdmanii	SRR5176646	1.3551435256159687
Geminocystis_herdmanii	SRR5176647	1.3648618084282327
Geminocystis_herdmanii	SRR5176648	1.3670406656948546
Geminocystis_herdmanii	SRR5176649	1.296477417292304
Geminocystis_herdmanii	SRR5176650	1.3556918670257883
Geminocystis_herdmanii	SRR5176651	1.3648618084282327
Geminocystis_herdmanii	SRR5176652	1.3632936897014178
Geminocystis_herdmanii	SRR5176653	1.3619655654592606
Geminocystis_herdmanii	SRR5176654	1.3645592654045955
Geminocystis_herdmanii	SRR5176655	1.3644863922256507
Geminocystis_herdmanii	SRR5176656	1.3601862908424658
Geminocystis_herdmanii	SRR5176657	1.3687620824139737
Geminocystis_herdmanii	SRR5176658	1.3658304473165754
Geminocystis_herdmanii	SRR5176659	1.364275399950775
Geminocystis_herdmanii	SRR5176660	1.36415487469014
Geminocystis_herdmanii	SRR5176661	1.3678386989055058
Geminocystis_herdmanii	SRR5176662	1.3618823313624977
Geminocystis_herdmanii	SRR5176663	1.366777814654196
Geminocystis_herdmanii	SRR5176664	1.365648707045223
Geminocystis_herdmanii	SRR5176665	1.363367053906934
Geminocystis_herdmanii	SRR5176666	1.3652789884192185
Geminocystis_herdmanii	SRR5176667	1.3656513527865064
Geminocystis_herdmanii	SRR5176668	1.3560657049542797
Geminocystis_herdmanii	SRR5176669	1.3614907853286795
Geminocystis_herdmanii	SRR5176670	1.3683325279379595
Geminocystis_herdmanii	SRR5176671	1.366777814654196
Geminocystis_herdmanii	SRR5176672	1.3652302799676275
Geminocystis_herdmanii	SRR5176673	1.3645592654045955
Geminocystis_herdmanii	SRR5176674	1.3658304473165754
Geminocystis_herdmanii	SRR5176675	1.3652789884192185
Geminocystis_herdmanii	SRR5176676	1.365648707045223
Geminocystis_herdmanii	SRR5176677	1.3626190286749618
Geminocystis_herdmanii	SRR5176678	1.36259882499864
Geminocystis_herdmanii	SRR5176679	1.3566148907720872
Geminocystis_herdmanii	SRR5176680	1.3642765747608594
Geminocystis_herdmanii	SRR5176681	1.3652789884192185
Geminocystis_herdmanii	SRR5176682	1.3678519102083702
Geminocystis_herdmanii	SRR5176683	1.36415487469014
Geminocystis_herdmanii	SRR5176684	1.3648618084282327
Geminocystis_herdmanii	SRR5176685	1.36415487469014
Geminocystis_herdmanii	SRR5176686	1.3652592688971437
Geminocystis_herdmanii	SRR5176687	1.3642765747608594
Geminocystis_herdmanii	SRR5176688	1.3665467722368712
Geminocystis_herdmanii	SRR5176689	1.36415487469014
Geminocystis_herdmanii	SRR5176690	1.3650389842268886
Geminocystis_herdmanii	SRR5176691	1.3650389842268886
Geminocystis_herdmanii	SRR5176692	1.3644863922256507
Geminocystis_herdmanii	SRR5176693	1.3601862908424658
Geminocystis_herdmanii	SRR5176694	1.3626580852625958
Geminocystis_herdmanii	SRR5176695	1.367723364166903
Geminocystis_herdmanii	SRR5176696	1.315784239344613
Geminocystis_herdmanii	SRR5176697	1.3658304473165754
Geminocystis_herdmanii	SRR5176698	1.3489903187332701
Geminocystis_herdmanii	SRR5176699	1.3658304473165754
Geminocystis_herdmanii	SRR5176700	1.3556784343652573
Geminocystis_herdmanii	SRR5176701	1.3647292755975204
Geminocystis_herdmanii	SRR5176702	1.3632074161673557
Geminocystis_herdmanii	SRR5176703	1.3652302799676275
Geminocystis_herdmanii	SRR5176704	1.3576823165353116
Geminocystis_herdmanii	SRR5176705	1.3652302799676275
Geminocystis_herdmanii	SRR5176706	1.3618019380158601
Geminocystis_herdmanii	SRR5176707	1.3628742248234382
Geminocystis_herdmanii	SRR5176708	1.3650389842268886
Geminocystis_herdmanii	SRR5176709	1.355001032468201
Geminocystis_herdmanii	SRR5176710	1.3652592688971437
Geminocystis_herdmanii	SRR5176711	1.3630300139455425
Geminocystis_herdmanii	SRR5176712	1.3656513527865064
Geminocystis_herdmanii	SRR5176713	1.3632493219027384
Geminocystis_herdmanii	SRR5176714	1.357545797336928
Geminocystis_herdmanii	SRR5176715	1.3632936897014178
Geminocystis_herdmanii	SRR5176716	1.3645592654045955
Geminocystis_herdmanii	SRR5176717	1.3652592688971437
Geminocystis_herdmanii	SRR5176718	1.3630300139455425
Geminocystis_herdmanii	SRR5176719	1.3652789884192185
Geminocystis_herdmanii	SRR5176720	1.3648618084282327
Geminocystis_herdmanii	SRR5176721	1.3644863922256507
Geminocystis_herdmanii	SRR5176722	1.3642765747608594
Geminocystis_herdmanii	SRR5176723	1.3648618084282327
Geminocystis_herdmanii	SRR5176724	1.3648618084282327
Geminocystis_herdmanii	SRR5176725	1.36415487469014
Geminocystis_herdmanii	SRR5176726	1.364275399950775
Geminocystis_herdmanii	SRR5176727	1.3658304473165754
Geminocystis_herdmanii	SRR5176728	1.3625634054000042
Geminocystis_herdmanii	SRR5176729	1.363367053906934
Geminocystis_herdmanii	SRR5176730	1.3647292755975204
Geminocystis_herdmanii	SRR5176731	1.3656513527865064
Geminocystis_herdmanii	SRR5176732	1.3626580852625958
Geminocystis_herdmanii	SRR5176733	1.3632074161673557
Geminocystis_herdmanii	SRR5176734	1.350312888834268
Geminocystis_herdmanii	SRR5176735	1.3603247318359362
Geminocystis_herdmanii	SRR5176736	1.3587925115012331
Geminocystis_herdmanii	SRR5176737	1.364275399950775
Geminocystis_herdmanii	SRR5176738	1.3639943687800475
Geminocystis_herdmanii	SRR5176739	1.3613966590497895
Geminocystis_herdmanii	SRR5176740	1.364275399950775
Geminocystis_herdmanii	SRR5176741	1.3480674404067088
Geminocystis_herdmanii	SRR5176742	1.350385719456188
Geminocystis_herdmanii	SRR5176743	1.3652789884192185
Geminocystis_herdmanii	SRR5176744	1.3644863922256507
Geminocystis_herdmanii	SRR5176745	1.3632493219027384
Geminocystis_herdmanii	SRR5176746	1.3658304473165754
Geminocystis_herdmanii	SRR5176747	1.3652592688971437
Geminocystis_herdmanii	SRR5176748	1.366777814654196
Geminocystis_herdmanii	SRR5176749	1.351748025615633
Geminocystis_herdmanii	SRR5176750	1.3559699697980863
Geminocystis_herdmanii	SRR5176751	1.3656513527865064
Geminocystis_herdmanii	SRR5176752	1.364418799805003
Geminocystis_herdmanii	SRR5176753	1.3652592688971437
Geminocystis_herdmanii	SRR5176754	1.355177982980013
Geminocystis_herdmanii	SRR5176755	1.3645592654045955
Geminocystis_herdmanii	SRR5176756	1.3642765747608594
Geminocystis_herdmanii	SRR5176757	1.357338444084492
Geminocystis_herdmanii	SRR5176758	1.3670406656948546
Geminocystis_herdmanii	SRR5176759	1.3695495824775967
Geminocystis_herdmanii	SRR5176760	1.3632493219027384
Geminocystis_herdmanii	SRR5176761	1.3647292755975204
Geminocystis_herdmanii	SRR5176762	1.3604438151934661
Geminocystis_herdmanii	SRR5176763	1.3619655654592606
Geminocystis_herdmanii	SRR5176764	1.3691204108846116
Geminocystis_herdmanii	SRR5176765	1.3652789884192185
Geminocystis_herdmanii	SRR5176766	1.365648707045223
Geminocystis_herdmanii	SRR5176767	1.3632074161673557
Geminocystis_herdmanii	SRR5176768	1.3566148907720872
Geminocystis_herdmanii	SRR5176769	1.364275399950775
Geminocystis_herdmanii	SRR5176770	1.3639943687800475
Geminocystis_herdmanii	SRR5176771	1.3638247610160497
Geminocystis_herdmanii	SRR5176772	1.3614391621519784
Geminocystis_herdmanii	SRR5176773	1.364275399950775
Geminocystis_herdmanii	SRR5176774	1.3650389842268886
Geminocystis_herdmanii	SRR5176775	1.3607077715866251
Geminocystis_herdmanii	SRR5176776	1.3632936897014178
Geminocystis_herdmanii	SRR5176777	1.367723364166903
Geminocystis_herdmanii	SRR5176778	1.364275399950775
Geminocystis_herdmanii	SRR5176779	1.3630300139455425
Geminocystis_herdmanii	SRR5176780	1.3626190286749618
Geminocystis_herdmanii	SRR5176781	1.3639943687800475
Geminocystis_herdmanii	SRR5176782	1.366777814654196
Geminocystis_herdmanii	SRR5176783	1.3626190286749618
Geminocystis_herdmanii	SRR5176784	1.363963302220239
Geminocystis_herdmanii	SRR5176785	1.3642765747608594
Geminocystis_herdmanii	SRR5176786	1.365648707045223
Geminocystis_herdmanii	SRR5176787	1.3644863922256507
Geminocystis_herdmanii	SRR5176788	1.36415487469014
Geminocystis_herdmanii	SRR5176789	1.3575007269852146
Geminocystis_herdmanii	SRR5176790	1.3648618084282327
Geminocystis_herdmanii	SRR5176791	1.3645592654045955
Geminocystis_herdmanii	SRR5176792	1.3632936897014178
Geminocystis_herdmanii	SRR5176793	1.3652592688971437
Geminocystis_herdmanii	SRR5176794	1.3650389842268886
Geminocystis_herdmanii	SRR5176795	1.3652789884192185
Geminocystis_herdmanii	SRR5176796	1.366777814654196
Geminocystis_herdmanii	SRR5176797	1.364275399950775
Geminocystis_herdmanii	SRR5176798	1.3652592688971437
Geminocystis_herdmanii	SRR5176799	1.3632074161673557
Geminocystis_herdmanii	SRR5176800	1.3665467722368712
Geminocystis_herdmanii	SRR5176801	1.3658304473165754
Geminocystis_herdmanii	SRR5176802	1.3620855384331363
Geminocystis_herdmanii	SRR5176803	1.3628742248234382
Geminocystis_herdmanii	SRR5176804	1.3695495824775967
Geminocystis_herdmanii	SRR5176805	1.3648618084282327
Geminocystis_herdmanii	SRR5176806	1.3415852748948751
Geminocystis_herdmanii	SRR5176807	1.3644863922256507
Geminocystis_herdmanii	SRR5176808	1.3652592688971437
Geminocystis_herdmanii	SRR5176809	1.364418799805003
Geminocystis_herdmanii	SRR5176810	1.365648707045223
Geminocystis_herdmanii	SRR5176811	1.3632074161673557
Geminocystis_herdmanii	SRR5176812	1.3628742248234382
Geminocystis_herdmanii	SRR5176813	1.3652592688971437
Geminocystis_herdmanii	SRR5176814	1.3628742248234382
Geminocystis_herdmanii	SRR5176815	1.3642765747608594
Geminocystis_herdmanii	SRR5176816	1.3657127099457684
Geminocystis_herdmanii	SRR5176817	1.363963302220239
Geminocystis_herdmanii	SRR5176818	1.36259882499864
Geminocystis_herdmanii	SRR5176819	1.3691204108846116
Geminocystis_herdmanii	SRR5176820	1.3618019380158601
Geminocystis_herdmanii	SRR5176821	1.365648707045223
Geminocystis_herdmanii	SRR5176822	1.3656513527865064
Geminocystis_herdmanii	SRR5176823	1.3658304473165754
Geminocystis_herdmanii	SRR5176824	1.3645592654045955
Geminocystis_herdmanii	SRR5176825	1.36259882499864
Geminocystis_herdmanii	SRR5176826	1.3644863922256507
Geminocystis_herdmanii	SRR5176827	1.3652789884192185
Geminocystis_herdmanii	SRR5176828	1.3626190286749618
Geminocystis_herdmanii	SRR5176829	1.3648618084282327
Geminocystis_herdmanii	SRR5176830	1.3683007848759485
Geminocystis_herdmanii	SRR5176831	1.3652302799676275
Geminocystis_herdmanii	SRR5176832	1.364418799805003
Geminocystis_herdmanii	SRR5176833	1.363963302220239
Geminocystis_herdmanii	SRR5176834	1.3647292755975204
Geminocystis_herdmanii	SRR5176835	1.3652789884192185
Geminocystis_herdmanii	SRR5176836	1.3632936897014178
Geminocystis_herdmanii	SRR5176837	1.359432188335606
Geminocystis_herdmanii	SRR5176838	1.3657127099457684
Geminocystis_herdmanii	SRR5176839	1.3644863922256507
Geminocystis_herdmanii	SRR5176840	1.3652592688971437
Geminocystis_herdmanii	SRR5176841	1.3372878784409956
Geminocystis_herdmanii	SRR5176842	1.3645592654045955
Geminocystis_herdmanii	SRR5176843	1.3657127099457684
Geminocystis_herdmanii	SRR5176844	1.3595851426742833
Geminocystis_herdmanii	SRR5176845	1.364275399950775
Geminocystis_herdmanii	SRR5176846	1.3626580852625958
Geminocystis_herdmanii	SRR5176847	1.3656513527865064
Geminocystis_herdmanii	SRR5176848	1.3632936897014178
Geminocystis_herdmanii	SRR5176849	1.3571865780557517
Geminocystis_herdmanii	SRR5176850	1.3538840207981289
Geminocystis_herdmanii	SRR5176851	1.3636661710431994
Geminocystis_herdmanii	SRR5176852	1.364418799805003
Geminocystis_herdmanii	SRR5176853	1.3644863922256507
Geminocystis_herdmanii	SRR5176854	1.3678519102083702
Geminocystis_herdmanii	SRR5176855	1.36415487469014
Geminocystis_herdmanii	SRR5176856	1.3628742248234382
Geminocystis_herdmanii	SRR5176857	1.3652789884192185
Geminocystis_herdmanii	SRR5176858	1.3652789884192185
Geminocystis_herdmanii	SRR5176859	1.3645592654045955
Geminocystis_herdmanii	SRR5176860	1.361986070642
Geminocystis_herdmanii	SRR5176861	1.364275399950775
Geminocystis_herdmanii	SRR5176862	1.363367053906934
Geminocystis_herdmanii	SRR5176863	1.3636661710431994
Geminocystis_herdmanii	SRR5176864	1.3652302799676275
Geminocystis_herdmanii	SRR5176865	1.363367053906934
Geminocystis_herdmanii	SRR5176866	1.3632074161673557
Geminocystis_herdmanii	SRR5176867	1.3632493219027384
Geminocystis_herdmanii	SRR5176868	1.3636661710431994
Geminocystis_herdmanii	SRR5176869	1.36415487469014
Geminocystis_herdmanii	SRR5176870	1.3652592688971437
Geminocystis_herdmanii	SRR5176871	1.355177982980013
Geminocystis_herdmanii	SRR5176872	1.3645592654045955
Geminocystis_herdmanii	SRR5861974	NA
Geminocystis_herdmanii	SRR5861975	NA
Geminocystis_herdmanii	SRR5861976	NA
Geminocystis_herdmanii	SRR5861977	NA
Geminocystis_herdmanii	SRR5861978	NA
Geminocystis_herdmanii	SRR5861979	NA
Geminocystis_herdmanii	SRR5861980	NA
Geminocystis_herdmanii	SRR5861981	NA
Geminocystis_herdmanii	SRR5861982	NA
Geminocystis_herdmanii	SRR5861983	NA
Geminocystis_herdmanii	SRR5861984	NA
Geminocystis_herdmanii	SRR5861985	NA
Geminocystis_herdmanii	SRR5861986	NA
Geminocystis_herdmanii	SRR5861987	NA
Geminocystis_herdmanii	SRR5861988	NA
Geminocystis_herdmanii	SRR5861989	NA
Geminocystis_herdmanii	SRR5861990	NA
Geminocystis_herdmanii	SRR5861991	NA
Geminocystis_herdmanii	SRR5861992	NA
Geminocystis_herdmanii	SRR5861993	NA
Geminocystis_herdmanii	SRR5861994	NA
Geminocystis_herdmanii	SRR5861995	NA
Geminocystis_herdmanii	SRR5861996	NA
Geminocystis_herdmanii	SRR5861997	NA
Geminocystis_herdmanii	SRR5861998	NA
Geminocystis_herdmanii	SRR5861999	NA
Geminocystis_herdmanii	SRR5862000	NA
Geminocystis_herdmanii	SRR5862001	NA
Geminocystis_herdmanii	SRR5862002	NA
Geminocystis_herdmanii	SRR5862003	NA
Geminocystis_herdmanii	SRR5862004	NA
Geminocystis_herdmanii	SRR5862005	NA
Geminocystis_herdmanii	SRR5862006	NA
Geminocystis_herdmanii	SRR5862007	NA
Geminocystis_herdmanii	SRR5862008	NA
Geminocystis_herdmanii	SRR5862009	NA
Geminocystis_herdmanii	SRR5862010	NA
Geminocystis_herdmanii	SRR5862011	NA
Geminocystis_herdmanii	SRR5862012	NA
Geminocystis_herdmanii	SRR5862013	NA
Geminocystis_herdmanii	SRR5862014	NA
Geminocystis_herdmanii	SRR5862015	NA
Geminocystis_herdmanii	SRR5862016	NA
Geminocystis_herdmanii	SRR5862017	NA
Geminocystis_herdmanii	SRR5862018	NA
Geminocystis_herdmanii	SRR5862019	NA
Geminocystis_herdmanii	SRR5862020	NA
Geminocystis_herdmanii	SRR5862021	NA
Geminocystis_herdmanii	SRR5862022	NA
Geminocystis_herdmanii	SRR5862023	NA
Geminocystis_herdmanii	SRR5862024	NA
Geminocystis_herdmanii	SRR5862025	NA
Geminocystis_herdmanii	SRR5862026	NA
Geminocystis_herdmanii	SRR5862027	NA
Geminocystis_herdmanii	SRR5862028	NA
Geminocystis_herdmanii	SRR5862029	NA
Geminocystis_herdmanii	SRR5862030	NA
Geminocystis_herdmanii	SRR5862031	NA
Geminocystis_herdmanii	SRR5862032	NA
Geminocystis_herdmanii	SRR5862033	NA
Geminocystis_herdmanii	SRR5862034	NA
Geminocystis_herdmanii	SRR5862035	NA
Geminocystis_herdmanii	SRR5862036	NA
Geminocystis_herdmanii	SRR5862037	NA
Geminocystis_herdmanii	SRR5862038	NA
Geminocystis_herdmanii	SRR5862039	NA
Geminocystis_herdmanii	SRR5862040	NA
Geminocystis_herdmanii	SRR5862041	NA
Geminocystis_herdmanii	SRR5862042	NA
Geminocystis_herdmanii	SRR5862043	NA
Geminocystis_herdmanii	SRR5862044	NA
Geminocystis_herdmanii	SRR5862045	NA
Geminocystis_herdmanii	SRR5862046	NA
Geminocystis_herdmanii	SRR5862047	NA
Geminocystis_herdmanii	SRR5862048	NA
Geminocystis_herdmanii	SRR5862049	NA
Geminocystis_herdmanii	SRR5862050	NA
Geminocystis_herdmanii	SRR5862051	NA
Geminocystis_herdmanii	SRR5862052	NA
Geminocystis_herdmanii	SRR5862053	NA
Geminocystis_herdmanii	SRR5862054	NA
Geminocystis_herdmanii	SRR5862055	NA
Geminocystis_herdmanii	SRR5862056	NA
Geminocystis_herdmanii	SRR5862057	NA
Geminocystis_herdmanii	SRR5862058	NA
Geminocystis_herdmanii	SRR5862059	NA
Geminocystis_herdmanii	SRR5862060	NA
Geminocystis_herdmanii	SRR5862061	NA
Geminocystis_herdmanii	SRR5862062	NA
Geminocystis_herdmanii	SRR5862063	NA
Geminocystis_herdmanii	SRR5862064	NA
Geminocystis_herdmanii	SRR5862065	NA
Geminocystis_herdmanii	SRR5862066	NA
Geminocystis_herdmanii	SRR5862067	NA
Geminocystis_herdmanii	SRR5862068	NA
Geminocystis_herdmanii	SRR5862069	NA
Geminocystis_herdmanii	SRR5862070	NA
Geminocystis_herdmanii	SRR5862071	NA
Geminocystis_herdmanii	SRR5862072	NA
Geminocystis_herdmanii	SRR5862073	NA
Geminocystis_herdmanii	SRR5862074	NA
Geminocystis_herdmanii	SRR5862075	NA
Geminocystis_herdmanii	SRR5862076	NA
Geminocystis_herdmanii	SRR5862077	NA
Geminocystis_herdmanii	SRR5862078	NA
Geminocystis_herdmanii	SRR5862079	NA
Geminocystis_herdmanii	SRR5862080	NA
Geminocystis_herdmanii	SRR5862081	NA
Geminocystis_herdmanii	SRR5862082	NA
Geminocystis_herdmanii	SRR5862083	NA
Geminocystis_herdmanii	SRR5862084	NA
Geminocystis_herdmanii	SRR5862085	NA
Geminocystis_herdmanii	SRR5862086	NA
Geminocystis_herdmanii	SRR5862087	NA
Geminocystis_herdmanii	SRR5862088	NA
Geminocystis_herdmanii	SRR5862089	NA
Geminocystis_herdmanii	SRR5862090	NA
Geminocystis_herdmanii	SRR5862091	NA
Geminocystis_herdmanii	SRR5862092	NA
Geminocystis_herdmanii	SRR5862093	NA
Geminocystis_herdmanii	SRR5862094	NA
Geminocystis_herdmanii	SRR5862095	NA
Geminocystis_herdmanii	SRR5862096	NA
Geminocystis_herdmanii	SRR5862097	NA
Geminocystis_herdmanii	SRR5862098	NA
Geminocystis_herdmanii	SRR5862099	NA
Geminocystis_herdmanii	SRR5862100	NA
Geminocystis_herdmanii	SRR5862101	NA
Geminocystis_herdmanii	SRR5862102	NA
Geminocystis_herdmanii	SRR5862103	NA
Geminocystis_herdmanii	SRR5862104	NA
Geminocystis_herdmanii	SRR5862105	NA
Geminocystis_herdmanii	SRR5862106	NA
Geminocystis_herdmanii	SRR5862107	NA
Geminocystis_herdmanii	SRR5862108	NA
Geminocystis_herdmanii	SRR5862109	NA
Geminocystis_herdmanii	SRR5862110	NA
Geminocystis_herdmanii	SRR5862111	NA
Geminocystis_herdmanii	SRR5862112	NA
Geminocystis_herdmanii	SRR5862113	NA
Geminocystis_herdmanii	SRR5862114	NA
Geminocystis_herdmanii	SRR5862115	NA
Geminocystis_herdmanii	SRR5862116	NA
Geminocystis_herdmanii	SRR5862117	NA
Geminocystis_herdmanii	SRR5862118	NA
Geminocystis_herdmanii	SRR5862119	NA
Geminocystis_herdmanii	SRR5862120	NA
Geminocystis_herdmanii	SRR5862121	NA
Geminocystis_herdmanii	SRR5862122	NA
Geminocystis_herdmanii	SRR5862123	NA
Geminocystis_herdmanii	SRR5862124	NA
Geminocystis_herdmanii	SRR5862125	NA
Geminocystis_herdmanii	SRR5862126	NA
Geminocystis_herdmanii	SRR5862127	NA
Geminocystis_herdmanii	SRR5862128	NA
Geminocystis_herdmanii	SRR5862129	NA
Geminocystis_herdmanii	SRR5862130	NA
Geminocystis_herdmanii	SRR5862131	NA
Geminocystis_herdmanii	SRR5862132	NA
Geminocystis_herdmanii	SRR5862133	NA
Geminocystis_herdmanii	SRR5862134	NA
Geminocystis_herdmanii	SRR5862135	NA
Geminocystis_herdmanii	SRR5862136	NA
Geminocystis_herdmanii	SRR5862137	NA
Geminocystis_herdmanii	SRR5862138	NA
Geminocystis_herdmanii	SRR5862139	NA
Geminocystis_herdmanii	SRR5862140	NA
Geminocystis_herdmanii	SRR5862141	NA
Geminocystis_herdmanii	SRR5862142	NA
Geminocystis_herdmanii	SRR5862143	NA
Geminocystis_herdmanii	SRR5862144	NA
Geminocystis_herdmanii	SRR5862145	NA
Geminocystis_herdmanii	SRR5862146	NA
Geminocystis_herdmanii	SRR5862147	NA
Geminocystis_herdmanii	SRR5862148	NA
Geminocystis_herdmanii	SRR5862149	NA
Geminocystis_herdmanii	SRR5862150	NA
Geminocystis_herdmanii	SRR5862151	NA
Geminocystis_herdmanii	SRR5862152	NA
Geminocystis_herdmanii	SRR5862153	NA
Geminocystis_herdmanii	SRR5862154	NA
Geminocystis_herdmanii	SRR5862155	NA
Geminocystis_herdmanii	SRR5862156	NA
Geminocystis_herdmanii	SRR5862157	NA
Geminocystis_herdmanii	SRR5862158	NA
Geminocystis_herdmanii	SRR5862159	NA
Geminocystis_herdmanii	SRR5862160	NA
Geminocystis_herdmanii	SRR5862161	NA
Geminocystis_herdmanii	SRR5862162	NA
Geminocystis_herdmanii	SRR5862163	NA
Geminocystis_herdmanii	SRR5862164	NA
Geminocystis_herdmanii	SRR5862165	NA
Geminocystis_herdmanii	SRR5862166	NA
Geminocystis_herdmanii	SRR5862167	NA
Geminocystis_herdmanii	SRR5862168	NA
Geminocystis_herdmanii	SRR5862169	NA
Geminocystis_herdmanii	SRR5862170	NA
Geminocystis_herdmanii	SRR5862171	NA
Geminocystis_herdmanii	SRR5862172	NA
Geminocystis_herdmanii	SRR5862173	NA
Geminocystis_herdmanii	SRR5862174	NA
Geminocystis_herdmanii	SRR5862175	NA
Geminocystis_herdmanii	SRR5862176	NA
Geminocystis_herdmanii	SRR5862177	NA
Geminocystis_herdmanii	SRR5862178	NA
Geminocystis_herdmanii	SRR5862179	NA
Geminocystis_herdmanii	SRR5862180	NA
Geminocystis_herdmanii	SRR5862181	NA
Geminocystis_herdmanii	SRR5862182	NA
Geminocystis_herdmanii	SRR5862183	NA
Geminocystis_herdmanii	SRR5862184	NA
Geminocystis_herdmanii	SRR5862185	NA
Geminocystis_herdmanii	SRR5862186	NA
Geminocystis_herdmanii	SRR5862187	NA
Geminocystis_herdmanii	SRR5862188	NA
Geminocystis_herdmanii	SRR5862189	NA
Geminocystis_herdmanii	SRR5862190	NA
Geminocystis_herdmanii	SRR5862191	NA
Geminocystis_herdmanii	SRR5862192	NA
Geminocystis_herdmanii	SRR5862193	NA
Geminocystis_herdmanii	SRR5862194	NA
Geminocystis_herdmanii	SRR5862195	NA
Geminocystis_herdmanii	SRR5862196	NA
Geminocystis_herdmanii	SRR5862197	NA
Geminocystis_herdmanii	SRR5862198	NA
Geminocystis_herdmanii	SRR5862199	NA
Geminocystis_herdmanii	SRR5862200	NA
Geminocystis_herdmanii	SRR5862201	NA
Geminocystis_herdmanii	SRR5862202	NA
Geminocystis_herdmanii	SRR5862203	NA
Geminocystis_herdmanii	SRR5862204	NA
Geminocystis_herdmanii	SRR5862205	NA
Geminocystis_herdmanii	SRR5862206	NA
Geminocystis_herdmanii	SRR5862207	NA
Geminocystis_herdmanii	SRR5862208	NA
Geminocystis_herdmanii	SRR5862209	NA
Geminocystis_herdmanii	SRR5862210	NA
Geminocystis_herdmanii	SRR5862211	NA
Geminocystis_herdmanii	SRR5862212	NA
Geminocystis_herdmanii	SRR5862213	NA
Geminocystis_herdmanii	SRR5862214	NA
Geminocystis_herdmanii	SRR5862215	NA
Geminocystis_herdmanii	SRR5862216	NA
Geminocystis_herdmanii	SRR5862217	NA
Geminocystis_herdmanii	SRR5862218	NA
Geminocystis_herdmanii	SRR5862219	NA
Geminocystis_herdmanii	SRR5862220	NA
Geminocystis_herdmanii	SRR5862221	NA
Geminocystis_herdmanii	SRR5862222	NA
Geminocystis_herdmanii	SRR5862223	NA
Geminocystis_herdmanii	SRR5862224	NA
Geminocystis_herdmanii	SRR5862225	NA
Geminocystis_herdmanii	SRR5862226	NA
Geminocystis_herdmanii	SRR5862227	NA
Geminocystis_herdmanii	SRR5862228	NA
Geminocystis_herdmanii	SRR5862229	NA
Geminocystis_herdmanii	SRR5862230	NA
Geminocystis_herdmanii	SRR5862231	NA
Geminocystis_herdmanii	SRR5862232	NA
Geminocystis_herdmanii	SRR5862233	NA
Geminocystis_herdmanii	SRR5862234	NA
Geminocystis_herdmanii	SRR5862235	NA
Geminocystis_herdmanii	SRR5862236	NA
Geminocystis_herdmanii	SRR5862237	NA
Geminocystis_herdmanii	SRR5862238	NA
Geminocystis_herdmanii	SRR5862239	NA
Geminocystis_herdmanii	SRR5862240	NA
Geminocystis_herdmanii	SRR5862241	NA
Geminocystis_herdmanii	SRR5862242	NA
Geminocystis_herdmanii	SRR5862243	NA
Geminocystis_herdmanii	SRR5862244	NA
Geminocystis_herdmanii	SRR5862245	NA
Geminocystis_herdmanii	SRR5862246	NA
Geminocystis_herdmanii	SRR5862247	NA
Geminocystis_herdmanii	SRR5862248	NA
Geminocystis_herdmanii	SRR5862249	NA
Geminocystis_herdmanii	SRR5862250	NA
Geminocystis_herdmanii	SRR5862251	NA
Geminocystis_herdmanii	SRR5862252	NA
Geminocystis_herdmanii	SRR5862253	NA
Geminocystis_herdmanii	SRR5862254	NA
Geminocystis_herdmanii	SRR5862255	NA
Geminocystis_herdmanii	SRR5862256	NA
Geminocystis_herdmanii	SRR5862257	NA
Geminocystis_herdmanii	SRR5862258	NA
Geminocystis_herdmanii	SRR5862259	NA
Geminocystis_herdmanii	SRR5862260	NA
Geminocystis_herdmanii	SRR5862261	NA
Geminocystis_herdmanii	SRR5862262	NA
Geminocystis_herdmanii	SRR5862263	NA
Geminocystis_herdmanii	SRR5862264	NA
Geminocystis_herdmanii	SRR5862265	NA
Geminocystis_herdmanii	SRR5862266	NA
Geminocystis_herdmanii	SRR5862267	NA
Geminocystis_herdmanii	SRR5862268	NA
Geminocystis_herdmanii	SRR5862269	NA
Geminocystis_herdmanii	SRR5862270	NA
Geminocystis_herdmanii	SRR5862271	NA
Geminocystis_herdmanii	SRR5862272	NA
Geminocystis_herdmanii	SRR5862273	NA
Geminocystis_herdmanii	SRR5862274	NA
Geminocystis_herdmanii	SRR5862275	NA
Geminocystis_herdmanii	SRR5862276	NA
Geminocystis_herdmanii	SRR5862277	NA
Geminocystis_herdmanii	SRR5949109	5.1741383419818705
Geminocystis_herdmanii	SRR5949110	1.10653414084804
Geminocystis_herdmanii	SRR5949111	2.235302920220943
Geminocystis_herdmanii	SRR5949112	1.2869879536291042
Geminocystis_herdmanii	SRR5949113	0.42480493462729246
Geminocystis_herdmanii	SRR5949114	1.321798712280005
Geminocystis_herdmanii	SRR5949115	1.1393109505662735
Geminocystis_herdmanii	SRR5949116	0.8123837040619996
Geminocystis_herdmanii	SRR5949117	1.3274775891413366
Geminocystis_herdmanii	SRR5949118	0.6894472397368293
Geminocystis_herdmanii	SRR5949119	1.2447154747821256
Geminocystis_herdmanii	SRR5949120	0.641227494945069
Geminocystis_herdmanii	SRR5949121	1.209835991215658
Geminocystis_herdmanii	SRR5949122	1.0614727732544211
Geminocystis_herdmanii	SRR5949123	11.693242961291608
Geminocystis_herdmanii	SRR5949124	1.211019402580853
Geminocystis_herdmanii	SRR5949125	1.2450783535770484
Geminocystis_herdmanii	SRR5949126	0.7878971086964964
Geminocystis_herdmanii	SRR5949127	1.1998688857466278
Geminocystis_herdmanii	SRR5949128	1.2703459823536438
Geminocystis_herdmanii	SRR5949129	0.7363286233748443
Geminocystis_herdmanii	SRR5949130	4.730795032214821
Geminocystis_herdmanii	SRR5949131	1.1707013504793944
Geminocystis_herdmanii	SRR5949132	1.226754837388144
Geminocystis_herdmanii	SRR5949133	6.799925932125805
Geminocystis_herdmanii	SRR5949134	1.3249284364208131
Geminocystis_herdmanii	SRR5949135	0.6214249782486058
Geminocystis_herdmanii	SRR5949136	1.192572957196477
Geminocystis_herdmanii	SRR5949137	1.1620442831621332
Geminocystis_herdmanii	SRR5949138	1.5959363629016339
Geminocystis_herdmanii	SRR5949139	0.4029018578856929
Geminocystis_herdmanii	SRR5949140	1.026789348192497
Geminocystis_herdmanii	SRR5949141	2.297499736379475
Geminocystis_herdmanii	SRR5949142	0.7792129080841995
Geminocystis_herdmanii	SRR5949143	1.2745979516039647
Geminocystis_herdmanii	SRR5949144	1.0400618253639362
Geminocystis_herdmanii	SRR5949145	1.03952438748225
Geminocystis_herdmanii	SRR5949146	1.1171274955092934
Geminocystis_herdmanii	SRR5949147	1.0691449537155608
Geminocystis_herdmanii	SRR5949148	1.1494800411796335
Geminocystis_herdmanii	SRR5949149	1.2904002832496422
Geminocystis_herdmanii	SRR5949150	1.1127546941798088
Geminocystis_herdmanii	SRR5949151	1.149021233663316
Geminocystis_herdmanii	SRR5949152	2.045050580860401
Geminocystis_herdmanii	SRR5949153	1.2391769352647855
Geminocystis_herdmanii	SRR5949154	1.0597829908734564
Geminocystis_herdmanii	SRR5949155	4.639423301229819
Geminocystis_herdmanii	SRR5949156	1.1663546397378186
Geminocystis_herdmanii	SRR5949157	1.2236926107851922
Geminocystis_herdmanii	SRR5949158	0.6599273455539685
Geminocystis_herdmanii	SRR5949159	1.2032092486766572
Geminocystis_herdmanii	SRR5949160	1.3956542581132347
Geminocystis_herdmanii	SRR5949161	1.107893588945335
Geminocystis_herdmanii	SRR5949162	0.6807195810759892
Geminocystis_herdmanii	SRR5949163	1.3626190286749618
Geminocystis_herdmanii	SRR5949164	1.3240933322740474
Geminocystis_herdmanii	SRR5949165	3.6289221689315028
Geminocystis_herdmanii	SRR5949166	1.1166214934683185
Geminocystis_herdmanii	SRR5949167	0.6891323150327031
Geminocystis_herdmanii	SRR5949168	1.1183459649350034
Geminocystis_herdmanii	SRR5949169	2.051361974097124
Geminocystis_herdmanii	SRR5949170	1.3296738838805997
Geminocystis_herdmanii	SRR5949171	1.1803454326794942
Geminocystis_herdmanii	SRR5949172	1.156139337037117
Geminocystis_herdmanii	SRR5949173	1.2676718562975933
Geminocystis_herdmanii	SRR5949174	2.576241960577529
Geminocystis_herdmanii	SRR5949175	1.3379274872830147
Geminocystis_herdmanii	SRR5949176	1.1970171066558795
Geminocystis_herdmanii	SRR5949177	1.2005256325694054
Geminocystis_herdmanii	SRR5949178	1.2447154747821256
Geminocystis_herdmanii	SRR5949179	1.1434233886621645
Geminocystis_herdmanii	SRR5949180	0.6520854390817414
Geminocystis_herdmanii	SRR5949181	1.2745487545741494
Geminocystis_herdmanii	SRR5949182	0.6780328524771398
Geminocystis_herdmanii	SRR5949183	1.09685145483039
Geminocystis_herdmanii	SRR5949184	1.157848451145154
Geminocystis_herdmanii	SRR5949185	1.2857662972196502
Geminocystis_herdmanii	SRR5949186	0.553232049515181
Geminocystis_herdmanii	SRR5949187	1.111987477719159
Geminocystis_herdmanii	SRR5949188	1.2142169544739283
Geminocystis_herdmanii	SRR5949189	0.651023121819341
Geminocystis_herdmanii	SRR5949190	0.8411823703493784
Geminocystis_herdmanii	SRR5949191	2.1151289236538098
Geminocystis_herdmanii	SRR5949192	1.2091364923832668
Geminocystis_herdmanii	SRR5949193	2.0495663905359196
Geminocystis_herdmanii	SRR5949194	1.2985091154575101
Geminocystis_herdmanii	SRR5949195	0.8339815520784798
Geminocystis_herdmanii	SRR5949196	1.0324740632883367
Geminocystis_herdmanii	SRR5949197	0.4290468624220663
Geminocystis_herdmanii	SRR5949198	1.0136010921709304
Geminocystis_herdmanii	SRR5949199	1.2179278723938756
Geminocystis_herdmanii	SRR5949200	4.736784036311275
Geminocystis_herdmanii	SRR5949201	1.0110378270852087
Geminocystis_herdmanii	SRR5949202	0.9863204236609027
Geminocystis_herdmanii	SRR5949203	1.8249834178160766
Geminocystis_herdmanii	SRR5949204	1.2178716079863863
Geminocystis_herdmanii	SRR5949205	1.3628387906179662
Geminocystis_herdmanii	SRR5949206	1.104486142710724
Geminocystis_herdmanii	SRR5949207	2.18113604502127
Geminocystis_herdmanii	SRR5949208	1.0247733599064972
Geminocystis_herdmanii	SRR5949209	1.0857803471049545
Geminocystis_herdmanii	SRR5949210	1.106313372439659
Geminocystis_herdmanii	SRR5949211	1.1821036772172746
Geminocystis_herdmanii	SRR5949212	0.568670863616801
Geminocystis_herdmanii	SRR5949213	1.2315322685970262
Geminocystis_herdmanii	SRR5949214	1.1583885105752507
Geminocystis_herdmanii	SRR5949215	1.2291654386279944
Geminocystis_herdmanii	SRR5949216	0.6226056669458483
Geminocystis_herdmanii	SRR5949217	1.1008553743051186
Geminocystis_herdmanii	SRR5949218	0.32733656428241065
Geminocystis_herdmanii	SRR5949219	2.298716353760043
Geminocystis_herdmanii	SRR5949220	0.6254575145468004
Geminocystis_herdmanii	SRR5949221	3.1688779766790685
Geminocystis_herdmanii	SRR5949222	1.0372389616324196
Geminocystis_herdmanii	SRR5949223	1.355177982980013
Geminocystis_herdmanii	SRR5949224	1.8869130750104106
Geminocystis_herdmanii	SRR5949225	1.1404498342126246
Geminocystis_herdmanii	SRR5949226	2.1482104240700326
Geminocystis_herdmanii	SRR5949227	3.1894903939442
Geminocystis_herdmanii	SRR5949228	1.1997229947263306
Geminocystis_herdmanii	SRR5949229	1.111408908733724
Geminocystis_herdmanii	SRR5949230	1.2486570356175106
Geminocystis_herdmanii	SRR5949231	1.3727962136925653
Geminocystis_herdmanii	SRR5949232	1.0743127488655082
Geminocystis_herdmanii	SRR5949233	1.973612010457799
Geminocystis_herdmanii	SRR5949234	1.0886347072326419
Geminocystis_herdmanii	SRR5949235	1.2377579432481285
Geminocystis_herdmanii	SRR5949236	2.4274235144791207
Geminocystis_herdmanii	SRR5949237	1.302046243638682
Geminocystis_herdmanii	SRR5949238	1.1014746241833
Geminocystis_herdmanii	SRR5949239	1.5863214015284375
Geminocystis_herdmanii	SRR5949240	1.24601337155721
Geminocystis_herdmanii	SRR5949241	1.292255376915366
Geminocystis_herdmanii	SRR5949242	2.366640926938205
Geminocystis_herdmanii	SRR5949243	1.057056050916601
Geminocystis_herdmanii	SRR5949244	1.2118463877421002
Geminocystis_herdmanii	SRR5949245	2.132623107028982
Geminocystis_herdmanii	SRR5949246	0.7384692409664455
Geminocystis_herdmanii	SRR5949247	1.0354283818205186
Geminocystis_herdmanii	SRR5949248	1.202475014906969
Geminocystis_herdmanii	SRR5949249	1.6616979368653557
Geminocystis_herdmanii	SRR5949250	1.3387772058044078
Geminocystis_herdmanii	SRR5949251	0.6460495075045057
Geminocystis_herdmanii	SRR5949252	1.1289101735889324
Geminocystis_herdmanii	SRR5949253	1.066311553514491
Geminocystis_herdmanii	SRR5949254	1.0954686259092155
Geminocystis_herdmanii	SRR5949255	6.504513881032734
Geminocystis_herdmanii	SRR5949256	0.6810413053321407
Geminocystis_herdmanii	SRR5949257	2.204676817432051
Geminocystis_herdmanii	SRR5949258	1.1942604969037718
Geminocystis_herdmanii	SRR5949259	1.2733911137367675
Geminocystis_herdmanii	SRR5949260	1.1296635024053707
Geminocystis_herdmanii	SRR5949261	1.1350838541460968
Geminocystis_herdmanii	SRR5949262	1.1909254154873892
Geminocystis_herdmanii	SRR5949263	1.0450887383795906
Geminocystis_herdmanii	SRR5949264	1.709126900960483
Geminocystis_herdmanii	SRR5949265	4.1250234895435565
Geminocystis_herdmanii	SRR5949266	1.1207963073561997
Geminocystis_herdmanii	SRR5949267	1.1434233886621645
Geminocystis_herdmanii	SRR5949268	1.1891928538367595
Geminocystis_herdmanii	SRR5949269	1.1682468312643584
Geminocystis_herdmanii	SRR5949270	1.2213228655817676
Geminocystis_herdmanii	SRR5949271	1.1447631576124266
Geminocystis_herdmanii	SRR5949272	1.1979167261945807
Geminocystis_herdmanii	SRR5949273	2.1229455465088423
Geminocystis_herdmanii	SRR5949274	0.6279841924999686
Geminocystis_herdmanii	SRR5949275	1.2148191151965018
Geminocystis_herdmanii	SRR5949276	1.0595254484542695
Geminocystis_herdmanii	SRR5949277	1.0027550347380034
Geminocystis_herdmanii	SRR5949278	0.5996297407440971
Geminocystis_herdmanii	SRR5949279	2.2909330168047206
Geminocystis_herdmanii	SRR5949280	0.7059320160015703
Geminocystis_herdmanii	SRR5949281	0.48862675764341423
Geminocystis_herdmanii	SRR5949282	1.2474389553354135
Geminocystis_herdmanii	SRR5949283	1.1229826508923986
Geminocystis_herdmanii	SRR5949284	2.3811211194631934
Geminocystis_herdmanii	SRR5949285	2.041718724292283
Geminocystis_herdmanii	SRR5949286	1.0691449537155608
Geminocystis_herdmanii	SRR5949287	1.3474441088246403
Geminocystis_herdmanii	SRR5949288	1.0556874582192344
Geminocystis_herdmanii	SRR5949289	1.2693390223176206
Geminocystis_herdmanii	SRR5949290	1.2903501975558263
Geminocystis_herdmanii	SRR5949291	1.0770865408875483
Geminocystis_herdmanii	SRR5949292	1.1310608836624043
Geminocystis_herdmanii	SRR5949293	1.2724675796658294
Geminocystis_herdmanii	SRR5949294	1.0691919698066956
Geminocystis_herdmanii	SRR5949295	0.9848626001822426
Geminocystis_herdmanii	SRR5949296	0.6782272381967088
Geminocystis_herdmanii	SRR5949297	1.2264188186985252
Geminocystis_herdmanii	SRR5949298	1.2092707140233403
Geminocystis_herdmanii	SRR5949299	0.43310977147658913
Geminocystis_herdmanii	SRR5949300	4.7454195890952295
Geminocystis_herdmanii	SRR5949301	2.560352837805545
Geminocystis_herdmanii	SRR5949302	3.3889033425199395
Geminocystis_herdmanii	SRR5949303	1.0950983643036607
Geminocystis_herdmanii	SRR5949304	1.0237122757948858
Geminocystis_herdmanii	SRR5949305	1.2876901029621115
Geminocystis_herdmanii	SRR5949306	2.2984272502301124
Geminocystis_herdmanii	SRR5949307	1.1393109505662735
Geminocystis_herdmanii	SRR5949308	1.0179692656054138
Geminocystis_herdmanii	SRR5949309	1.2837899161403876
Geminocystis_herdmanii	SRR5949310	1.1441994249926546
Geminocystis_herdmanii	SRR5949311	0.5741956560843549
Geminocystis_herdmanii	SRR5949312	0.7953430466390266
Geminocystis_herdmanii	SRR5949313	1.1740700653077196
Geminocystis_herdmanii	SRR5949314	1.1346966921419992
Geminocystis_herdmanii	SRR5949315	3.572032648822409
Geminocystis_herdmanii	SRR5949316	1.2893989505148544
Geminocystis_herdmanii	SRR5949317	1.0278703163904852
Geminocystis_herdmanii	SRR5949318	1.2342653828755399
Geminocystis_herdmanii	SRR5949319	1.2828426109497222
Geminocystis_herdmanii	SRR5949320	1.2687614776210279
Geminocystis_herdmanii	SRR5949321	1.0093505378917855
Geminocystis_herdmanii	SRR5949322	0.7083416820244481
Geminocystis_herdmanii	SRR5949323	1.215870017880282
Geminocystis_herdmanii	SRR5949324	1.3240933322740474
Geminocystis_herdmanii	SRR5949325	1.0770441038038772
Geminocystis_herdmanii	SRR5949326	5.168492362745274
Geminocystis_herdmanii	SRR5949327	1.0124593497390375
Geminocystis_herdmanii	SRR5949328	0.47209146922044065
Geminocystis_herdmanii	SRR5949329	1.9510059508737414
Geminocystis_herdmanii	SRR5949330	1.1410488798362135
Geminocystis_herdmanii	SRR5949331	1.0136010921709304
Geminocystis_herdmanii	SRR5949332	1.1517412310015986
Geminocystis_herdmanii	SRR5949333	0.6395783948397353
Geminocystis_herdmanii	SRR5949334	1.1020396562740746
Geminocystis_herdmanii	SRR5949335	2.6717452567229283
Geminocystis_herdmanii	SRR5949336	1.2444177929371194
Geminocystis_herdmanii	SRR5949337	1.2397589711038643
Geminocystis_herdmanii	SRR5949338	1.3632074161673557
Geminocystis_herdmanii	SRR5949339	0.5317685360292537
Geminocystis_herdmanii	SRR5949340	2.543595385621793
Geminocystis_herdmanii	SRR5949341	1.0724915249458775
Geminocystis_herdmanii	SRR5949342	3.2920381511719645
Geminocystis_herdmanii	SRR5949343	1.1118424748951574
Geminocystis_herdmanii	SRR5949344	1.200270820600167
Geminocystis_herdmanii	SRR5949345	1.205782746024906
Geminocystis_herdmanii	SRR5949346	1.0951166246958384
Geminocystis_herdmanii	SRR5949347	0.7937572405154125
Geminocystis_herdmanii	SRR5949348	0.6650137957390602
Geminocystis_herdmanii	SRR5949349	1.2493669120573476
Geminocystis_herdmanii	SRR5949350	1.2768196385987194
Geminocystis_herdmanii	SRR5949351	1.1247248770708862
Geminocystis_herdmanii	SRR5949352	1.218220207885767
Geminocystis_herdmanii	SRR5949353	1.1928585465345922
Geminocystis_herdmanii	SRR5949354	1.1821036772172746
Geminocystis_herdmanii	SRR5949355	0.9215198781408765
Geminocystis_herdmanii	SRR5949356	1.0854605988052914
Geminocystis_herdmanii	SRR5949357	1.2266895238220403
Geminocystis_herdmanii	SRR5949358	1.1687668936648674
Geminocystis_herdmanii	SRR5949359	2.259270542582084
Geminocystis_herdmanii	SRR5949360	0.9665196099892298
Geminocystis_herdmanii	SRR5949361	1.2271455383925587
Geminocystis_herdmanii	SRR5949362	1.2071047826711758
Geminocystis_herdmanii	SRR5949363	1.2202693193460008
Geminocystis_herdmanii	SRR5949364	1.0907762454466279
Geminocystis_herdmanii	SRR5949365	2.2737666946969313
Geminocystis_herdmanii	SRR5949366	1.0158394145490948
Geminocystis_herdmanii	SRR5949367	1.3632936897014178
Geminocystis_herdmanii	SRR5949368	1.1077606344033673
Geminocystis_herdmanii	SRR5949369	0.6842788916016532
Geminocystis_herdmanii	SRR5949370	1.2374665277296015
Geminocystis_herdmanii	SRR5949371	1.2180198238321545
Geminocystis_herdmanii	SRR5949372	1.215895712861616
Geminocystis_herdmanii	SRR5949373	1.2139234691804301
Geminocystis_herdmanii	SRR5949374	2.19919848313234
Geminocystis_herdmanii	SRR5949375	1.1226489649249738
Geminocystis_herdmanii	SRR5949376	1.2987680889557414
Geminocystis_herdmanii	SRR5949377	0.9211988146710018
Geminocystis_herdmanii	SRR5949378	1.3345735792666624
Geminocystis_herdmanii	SRR5949379	0.5776179489267056
Geminocystis_herdmanii	SRR5949380	3.1618846639761684
Geminocystis_herdmanii	SRR5949381	2.479986243944369
Geminocystis_herdmanii	SRR5949382	0.5866194055735177
Geminocystis_herdmanii	SRR5949383	1.2315484571030648
Geminocystis_herdmanii	SRR5949384	1.1350838541460968
Geminocystis_herdmanii	SRR5949385	1.1925915500267912
Geminocystis_herdmanii	SRR5949386	1.3179295366425143
Geminocystis_herdmanii	SRR5949387	1.1311718575502476
Geminocystis_herdmanii	SRR5949388	1.164458293796998
Geminocystis_herdmanii	SRR5949389	1.3438742739783325
Geminocystis_herdmanii	SRR5949390	1.1891928538367595
Geminocystis_herdmanii	SRR5949391	1.0711452752489423
Geminocystis_herdmanii	SRR5949392	1.2538263362814606
Geminocystis_herdmanii	SRR5949393	2.432348714811083
Geminocystis_herdmanii	SRR5949394	1.281180449304323
Geminocystis_herdmanii	SRR5949395	1.1207963073561997
Geminocystis_herdmanii	SRR5949396	1.2205584277726473
Geminocystis_herdmanii	SRR5949397	1.0698006569364074
Geminocystis_herdmanii	SRR5949398	2.070856763641037
Geminocystis_herdmanii	SRR5949399	1.2377179073090114
Geminocystis_herdmanii	SRR5949400	1.184566960674476
Geminocystis_herdmanii	SRR5949401	1.3191638148200748
Geminocystis_herdmanii	SRR5949402	2.344703678527511
Geminocystis_herdmanii	SRR5949403	1.2778654323238352
Geminocystis_herdmanii	SRR5949404	1.0438342737020077
Geminocystis_herdmanii	SRR5949405	0.8009498772077936
Geminocystis_herdmanii	SRR5949406	0.4393098455475047
Geminocystis_herdmanii	SRR5949407	1.1744154154275148
Geminocystis_herdmanii	SRR5949408	1.151428218576737
Geminocystis_herdmanii	SRR5949409	1.205506099338157
Geminocystis_herdmanii	SRR5949410	1.2249146751884796
Geminocystis_herdmanii	SRR5949411	1.1524965185767408
Geminocystis_herdmanii	SRR5949412	1.1303030996666048
Geminocystis_herdmanii	SRR5949413	1.1371640866985857
Geminocystis_herdmanii	SRR5949414	2.531666961965477
Geminocystis_herdmanii	SRR5949415	0.6196621157508808
Geminocystis_herdmanii	SRR5949416	1.0527288346126829
Geminocystis_herdmanii	SRR5949417	1.2282178431744835
Geminocystis_herdmanii	SRR5949418	1.2389524557335343
Geminocystis_herdmanii	SRR5949419	0.41082784808197403
Geminocystis_herdmanii	SRR5949420	1.1743583476328139
Geminocystis_herdmanii	SRR5949421	1.022973890358906
Geminocystis_herdmanii	SRR5949422	1.066311553514491
Geminocystis_herdmanii	SRR5949423	1.2206289557371512
Geminocystis_herdmanii	SRR5949424	1.3345735792666624
Geminocystis_herdmanii	SRR5949425	1.0915907981806017
Geminocystis_herdmanii	SRR5949426	1.0539615546587229
Geminocystis_herdmanii	SRR5949427	2.488139809259651
Geminocystis_herdmanii	SRR5949428	1.0981684245058705
Geminocystis_herdmanii	SRR5949429	1.3191638148200748
Geminocystis_herdmanii	SRR5949430	1.079392169117179
Geminocystis_herdmanii	SRR5949431	1.157848451145154
Geminocystis_herdmanii	SRR5949432	0.8608086659517115
Geminocystis_herdmanii	SRR5949433	2.3664780199318294
Geminocystis_herdmanii	SRR5949434	1.2163228179574108
Geminocystis_herdmanii	SRR5949435	1.181066811097447
Geminocystis_herdmanii	SRR5949436	1.137341727233602
Geminocystis_herdmanii	SRR5949437	1.181066811097447
Geminocystis_herdmanii	SRR5949438	1.2499561659673655
Geminocystis_herdmanii	SRR5949439	1.134733063376702
Geminocystis_herdmanii	SRR5949440	1.155343713522824
Geminocystis_herdmanii	SRR5949441	4.397474520625011
Geminocystis_herdmanii	SRR5949442	1.1615296147861147
Geminocystis_herdmanii	SRR5949443	1.0774825790885945
Geminocystis_herdmanii	SRR5949444	1.1336931648527475
Geminocystis_herdmanii	SRR5949445	1.3590505731409162
Geminocystis_herdmanii	SRR5949446	1.039266703616908
Geminocystis_herdmanii	SRR5949447	1.2004263159211843
Geminocystis_herdmanii	SRR5949448	0.9813923461084344
Geminocystis_herdmanii	SRR5949449	1.34653965578047
Geminocystis_herdmanii	SRR5949450	1.1495313287816153
Geminocystis_herdmanii	SRR5949451	1.1905605597315967
Geminocystis_herdmanii	SRR5949452	1.216738750150943
Geminocystis_herdmanii	SRR5949453	1.1837405002455228
Geminocystis_herdmanii	SRR5949454	1.061113035954478
Geminocystis_herdmanii	SRR5949455	3.729084885417746
Geminocystis_herdmanii	SRR5949456	2.2332142120853367
Geminocystis_herdmanii	SRR5949457	1.2066972395572388
Geminocystis_herdmanii	SRR5949458	1.2161072419806236
Geminocystis_herdmanii	SRR5949459	1.4707767219153705
Geminocystis_herdmanii	SRR5949460	1.2433615484434175
Geminocystis_herdmanii	SRR5949461	1.0176582469611204
Geminocystis_herdmanii	SRR5949462	1.1905605597315967
Geminocystis_herdmanii	SRR5949463	0.8953965252816013
Geminocystis_herdmanii	SRR5949464	1.2446778712044848
Geminocystis_herdmanii	SRR5949465	0.8891892668379686
Geminocystis_herdmanii	SRR5949466	1.107059214975844
Geminocystis_herdmanii	SRR5949467	1.154112225714586
Geminocystis_herdmanii	SRR5949468	2.3598152602698717
Geminocystis_herdmanii	SRR5949469	1.0883769272287247
Geminocystis_herdmanii	SRR5949470	1.165534759873095
Geminocystis_herdmanii	SRR5949471	3.026297246363375
Geminocystis_herdmanii	SRR5949472	1.170997775878975
Geminocystis_herdmanii	SRR5949473	0.9926959463265552
Geminocystis_herdmanii	SRR5949474	1.1311718575502476
Geminocystis_herdmanii	SRR5949475	1.2854970848210212
Geminocystis_herdmanii	SRR5949476	1.1410747004676327
Geminocystis_herdmanii	SRR5949477	5.214700826566351
Geminocystis_herdmanii	SRR5949478	3.253050036658882
Geminocystis_herdmanii	SRR5949479	1.1958102688299388
Geminocystis_herdmanii	SRR5949480	0.608929106325566
Geminocystis_herdmanii	SRR5949481	1.157140158948961
Geminocystis_herdmanii	SRR5949482	0.6321168165590622
Geminocystis_herdmanii	SRR5949483	1.0613416680806673
Geminocystis_herdmanii	SRR5949484	1.0369758040299537
Geminocystis_herdmanii	SRR5949485	1.1826104880943706
Geminocystis_herdmanii	SRR5949486	1.1564183136713417
Geminocystis_herdmanii	SRR5949487	0.7876275414278132
Geminocystis_herdmanii	SRR5949488	0.7489191138995971
Geminocystis_herdmanii	SRR5949489	0.8305790443256049
Geminocystis_herdmanii	SRR5949490	1.1740700653077196
Geminocystis_herdmanii	SRR5949491	1.158132724583324
Geminocystis_herdmanii	SRR5949492	1.1750753866410875
Geminocystis_herdmanii	SRR5949493	0.6328096959690895
Geminocystis_herdmanii	SRR5949494	1.2609807746640385
Geminocystis_herdmanii	SRR5949495	1.0895059070495525
Geminocystis_herdmanii	SRR5949496	1.0173283582844015
Geminocystis_herdmanii	SRR5949497	1.0375381377278627
Geminocystis_herdmanii	SRR5949498	1.067719455244021
Geminocystis_herdmanii	SRR5949499	0.7512418792972269
Geminocystis_herdmanii	SRR5949500	5.668465824263738
Geminocystis_herdmanii	SRR5949501	0.3228726694457445
Geminocystis_herdmanii	SRR5949502	3.564881752339812
Geminocystis_herdmanii	SRR5949503	2.0422032743790623
Geminocystis_herdmanii	SRR5949504	1.1324839754472176
Geminocystis_herdmanii	SRR5949505	1.1317966697980544
Geminocystis_herdmanii	SRR5949506	1.2271455383925587
Geminocystis_herdmanii	SRR5949507	1.2447154747821256
Geminocystis_herdmanii	SRR5949508	1.1126861636097949
Geminocystis_herdmanii	SRR5949509	0.6141710060503618
Geminocystis_herdmanii	SRR5949510	0.7230545510434888
Geminocystis_herdmanii	SRR5949511	1.217439166492112
Geminocystis_herdmanii	SRR5949512	0.7710315492595752
Geminocystis_herdmanii	SRR5949513	1.3648618084282327
Geminocystis_herdmanii	SRR5949514	1.2267490534327756
Geminocystis_herdmanii	SRR5949515	2.237406714807163
Geminocystis_herdmanii	SRR5949516	3.993929776346751
Geminocystis_herdmanii	SRR5949517	1.0712772936759596
Geminocystis_herdmanii	SRR5949518	3.898342002156337
Geminocystis_herdmanii	SRR5949519	1.0687004100151813
Geminocystis_herdmanii	SRR5949520	1.1642077619958675
Geminocystis_herdmanii	SRR5949521	1.2747384976607952
Geminocystis_herdmanii	SRR5949522	1.3628742248234382
Geminocystis_herdmanii	SRR5949523	1.0906168075865423
Geminocystis_herdmanii	SRR5949524	1.1016570863714494
Geminocystis_herdmanii	SRR5949525	1.1451411236395745
Geminocystis_herdmanii	SRR5949526	1.2375095693697515
Geminocystis_herdmanii	SRR5949527	1.1418166973837245
Geminocystis_herdmanii	SRR5949528	1.2890335226781604
Geminocystis_herdmanii	SRR5949529	0.5723815788062133
Geminocystis_herdmanii	SRR5949530	1.3564544763934177
Geminocystis_herdmanii	SRR5949531	1.0531554799930984
Geminocystis_herdmanii	SRR5949532	1.1598674597689607
Geminocystis_herdmanii	SRR5949533	1.3285645915048494
Geminocystis_herdmanii	SRR5949534	1.2163228179574108
Geminocystis_herdmanii	SRR5949535	1.2356335989742235
Geminocystis_herdmanii	SRR5949536	2.08535422196894
Geminocystis_herdmanii	SRR5949537	0.8500643873051752
Geminocystis_herdmanii	SRR5949538	1.3099462731867664
Geminocystis_herdmanii	SRR5949539	1.1013595333227293
Geminocystis_herdmanii	SRR5949540	0.8717085473925339
Geminocystis_herdmanii	SRR5949541	1.2005256325694054
Geminocystis_herdmanii	SRR5949542	1.1439697727379499
Geminocystis_herdmanii	SRR5949543	0.40433257272922163
Geminocystis_herdmanii	SRR5949544	1.128400418067213
Geminocystis_herdmanii	SRR5949545	0.5553503833016886
Geminocystis_herdmanii	SRR5949546	0.6017339991948346
Geminocystis_herdmanii	SRR5949547	1.359557935336347
Geminocystis_herdmanii	SRR5949548	1.0993686301562529
Geminocystis_herdmanii	SRR5949549	3.148179451457724
Geminocystis_herdmanii	SRR5949550	1.2038588566926758
Geminocystis_herdmanii	SRR5949551	1.0270242274508532
Geminocystis_herdmanii	SRR5949552	1.155343713522824
Geminocystis_herdmanii	SRR5949553	1.2565024956917021
Geminocystis_herdmanii	SRR5949554	1.2919491547029816
Geminocystis_herdmanii	SRR5949555	1.0807139623389033
Geminocystis_herdmanii	SRR5949556	0.6816104248499881
Geminocystis_herdmanii	SRR5949557	1.0417087318921974
Geminocystis_herdmanii	SRR5949558	1.0886347072326419
Geminocystis_herdmanii	SRR5949559	0.55326707042402
Geminocystis_herdmanii	SRR5949560	0.49061625155889055
Geminocystis_herdmanii	SRR5949561	0.6428831486098251
Geminocystis_herdmanii	SRR5949562	1.1234839983598477
Geminocystis_herdmanii	SRR5949563	1.166778323957914
Geminocystis_herdmanii	SRR5949564	0.6942902042022856
Geminocystis_herdmanii	SRR5949565	1.0417087318921974
Geminocystis_herdmanii	SRR5949566	2.18113604502127
Geminocystis_herdmanii	SRR5949567	0.7038580119368576
Geminocystis_herdmanii	SRR5949568	0.8717253073909059
Geminocystis_herdmanii	SRR5949569	1.137201967313905
Geminocystis_herdmanii	SRR5949570	1.1950932079515397
Geminocystis_herdmanii	SRR5949571	1.2676718562975933
Geminocystis_herdmanii	SRR5949572	1.1936616701239362
Geminocystis_herdmanii	SRR5949573	1.206076382065745
Geminocystis_herdmanii	SRR5949574	2.366640926938205
Geminocystis_herdmanii	SRR5949575	1.0800124847776946
Geminocystis_herdmanii	SRR5949576	1.105569770871789
Geminocystis_herdmanii	SRR5949577	1.27197200110313
Geminocystis_herdmanii	SRR5949578	0.68207743734507
Geminocystis_herdmanii	SRR5949579	0.8032299908985929
Geminocystis_herdmanii	SRR5949580	1.2495002640455093
Geminocystis_herdmanii	SRR5949581	1.013858510475241
Geminocystis_herdmanii	SRR5949582	1.1878689580875645
Geminocystis_herdmanii	SRR5949583	3.1574429356646534
Geminocystis_herdmanii	SRR5949584	1.3761938415088313
Geminocystis_herdmanii	SRR5949585	1.1211425413517486
Geminocystis_herdmanii	SRR5949586	1.111678344416074
Geminocystis_herdmanii	SRR5949587	0.6114025582706824
Geminocystis_herdmanii	SRR5949588	0.6021027554586272
Geminocystis_herdmanii	SRR5949589	1.3286860621482448
Geminocystis_herdmanii	SRR5949590	1.1051689152661845
Geminocystis_herdmanii	SRR5949591	1.2366721543910948
Geminocystis_herdmanii	SRR5949592	1.1336931648527475
Geminocystis_herdmanii	SRR5949593	1.2085538390793353
Geminocystis_herdmanii	SRR5949594	1.2029451102589137
Geminocystis_herdmanii	SRR5949595	0.4359575023046077
Geminocystis_herdmanii	SRR5949596	1.2106216012880588
Geminocystis_herdmanii	SRR5949597	3.0711368273846578
Geminocystis_herdmanii	SRR5949598	0.8840935432974107
Geminocystis_herdmanii	SRR5949599	1.2367682681016057
Geminocystis_herdmanii	SRR5949600	0.7709027372928641
Geminocystis_herdmanii	SRR5949601	1.0238768131328277
Geminocystis_herdmanii	SRR5949602	1.0715260236714164
Geminocystis_herdmanii	SRR5949603	1.1327086943635416
Geminocystis_herdmanii	SRR5949604	1.2919491547029816
Geminocystis_herdmanii	SRR5949605	0.6958104499068751
Geminocystis_herdmanii	SRR5949606	2.240067532244953
Geminocystis_herdmanii	SRR5949607	1.1366031450750786
Geminocystis_herdmanii	SRR5949608	5.789242255725769
Geminocystis_herdmanii	SRR5950246	2.3219181286948967
Geminocystis_herdmanii	SRR5950247	2.6088273057680533
Geminocystis_herdmanii	SRR5950248	1.1342468923592717
Geminocystis_herdmanii	SRR5950249	1.2440553715549034
Geminocystis_herdmanii	SRR5950250	1.328486138811557
Geminocystis_herdmanii	SRR5950251	1.0459891478132652
Geminocystis_herdmanii	SRR5950252	0.6662691420473035
Geminocystis_herdmanii	SRR5950253	0.5684416736742328
Geminocystis_herdmanii	SRR5950254	0.13035279742555037
Geminocystis_herdmanii	SRR5950255	1.2882433644676075
Geminocystis_herdmanii	SRR5950256	1.148993078781124
Geminocystis_herdmanii	SRR5950257	2.0739258930987705
Geminocystis_herdmanii	SRR5950258	2.3834127492293424
Geminocystis_herdmanii	SRR5950259	0.46282273893227066
Geminocystis_herdmanii	SRR5950260	2.223887124364043
Geminocystis_herdmanii	SRR5950261	2.408411021834509
Geminocystis_herdmanii	SRR5950262	1.0950983643036607
Geminocystis_herdmanii	SRR5950263	0.8305790443256049
Geminocystis_herdmanii	SRR5950264	1.1725985576827191
Geminocystis_herdmanii	SRR5950265	0.6540985511204012
Geminocystis_herdmanii	SRR5950266	1.2303925228169172
Geminocystis_herdmanii	SRR5950267	1.1554650145925622
Geminocystis_herdmanii	SRR5950268	1.0392918850307107
Geminocystis_herdmanii	SRR5950269	1.0165176257272155
Geminocystis_herdmanii	SRR5950270	0.4946268586809081
Geminocystis_herdmanii	SRR5950271	1.3413229230288701
Geminocystis_herdmanii	SRR5950272	1.3089784563337146
Geminocystis_herdmanii	SRR5950273	1.1454665084023603
Geminocystis_herdmanii	SRR5950274	0.8533918351844139
Geminocystis_herdmanii	SRR5950275	1.1624571321577455
Geminocystis_herdmanii	SRR5950276	1.0395171023806127
Geminocystis_herdmanii	SRR5950277	1.010166984066448
Geminocystis_herdmanii	SRR5950278	1.022973890358906
Geminocystis_herdmanii	SRR5950279	0.6370857162162784
Geminocystis_herdmanii	SRR5950280	5.609250881869464
Geminocystis_herdmanii	SRR5950281	2.5590632186538205
Geminocystis_herdmanii	SRR5950282	1.0225129867920197
Geminocystis_herdmanii	SRR5950283	1.1023080583259934
Geminocystis_herdmanii	SRR5950284	1.1346966921419992
Geminocystis_herdmanii	SRR5950285	0.7183217193923962
Geminocystis_herdmanii	SRR5950286	2.2440091770372326
Geminocystis_herdmanii	SRR5950287	1.019361472807336
Geminocystis_herdmanii	SRR5950288	2.1411830556274545
Geminocystis_herdmanii	SRR5950289	0.6323472799964978
Geminocystis_herdmanii	SRR5950290	2.4027770910823194
Geminocystis_herdmanii	SRR5950291	0.9572707639809533
Geminocystis_herdmanii	SRR5950292	1.1832990098591325
Geminocystis_herdmanii	SRR5950293	1.058009382003256
Geminocystis_herdmanii	SRR5950294	2.0495663905359196
Geminocystis_herdmanii	SRR5950295	1.0116876324173478
Geminocystis_herdmanii	SRR5950296	1.0908053130066195
Geminocystis_herdmanii	SRR5950297	1.0300315733363616
Geminocystis_herdmanii	SRR5950298	0.7079363831778399
Geminocystis_herdmanii	SRR5950299	1.0732941783072139
Geminocystis_herdmanii	SRR5950300	8.739904726252464
Geminocystis_herdmanii	SRR5950301	0.6599840280344584
Geminocystis_herdmanii	SRR5950302	1.0737696431162256
Geminocystis_herdmanii	SRR5950303	0.8327813391930959
Geminocystis_herdmanii	SRR5950304	0.6200270607799333
Geminocystis_herdmanii	SRR5950305	1.1834901285434034
Geminocystis_herdmanii	SRR5950306	0.5727332542011802
Geminocystis_herdmanii	SRR5950307	0.5964674022057807
Geminocystis_herdmanii	SRR5950308	1.9692513092438544
Geminocystis_herdmanii	SRR5950309	1.0417860786513093
Geminocystis_herdmanii	SRR5950310	1.1477046113319622
Geminocystis_herdmanii	SRR5950311	0.4800665664523604
Geminocystis_herdmanii	SRR5950312	6.243285178087553
Geminocystis_herdmanii	SRR5950313	0.76043823778972
Geminocystis_herdmanii	SRR5950314	1.1460323041592848
Geminocystis_herdmanii	SRR5950315	0.4397382883246798
Geminocystis_herdmanii	SRR5950316	1.2635118489747474
Geminocystis_herdmanii	SRR5950317	1.0607344643039125
Geminocystis_herdmanii	SRR5950318	0.9967457772056652
Geminocystis_herdmanii	SRR5950319	1.1008553743051186
Geminocystis_herdmanii	SRR5950320	1.1020396562740746
Geminocystis_herdmanii	SRR5950321	1.0554689081528505
Geminocystis_herdmanii	SRR5950322	0.68094116568124885
Geminocystis_herdmanii	SRR5950323	0.8298868878822747
Geminocystis_herdmanii	SRR5950324	1.0690259297743245
Geminocystis_herdmanii	SRR5950325	1.3027469538237664
Geminocystis_herdmanii	SRR5950326	1.0269748753817958
Geminocystis_herdmanii	SRR5950327	3.3704519950795433
Geminocystis_herdmanii	SRR5950328	1.1156253790724286
Geminocystis_herdmanii	SRR5950329	0.5411583054333909
Geminocystis_herdmanii	SRR5950330	1.1158396154066577
Geminocystis_herdmanii	SRR5950331	5.680432950908689
Geminocystis_herdmanii	SRR5950332	1.1441391071297062
Geminocystis_herdmanii	SRR5950333	1.0450887383795906
Geminocystis_herdmanii	SRR5950334	0.6472082461341139
Geminocystis_herdmanii	SRR5950335	2.003698672659268
Geminocystis_herdmanii	SRR5950336	1.069894053378379
Geminocystis_herdmanii	SRR5950337	1.0949212521904848
Geminocystis_herdmanii	SRR5950338	1.1154579873036738
Geminocystis_herdmanii	SRR5950339	1.3243301233120008
Geminocystis_herdmanii	SRR5950340	3.3867066548406917
Geminocystis_herdmanii	SRR5950341	1.215870017880282
Geminocystis_herdmanii	SRR5950342	1.155958281245722
Geminocystis_herdmanii	SRR5950343	1.114375265023044
Geminocystis_herdmanii	SRR5950344	1.2881209802887645
Geminocystis_herdmanii	SRR5950345	0.6078047578414831
Geminocystis_herdmanii	SRR5950346	1.0065059293405187
Geminocystis_herdmanii	SRR5950347	0.6513453329078623
Geminocystis_herdmanii	SRR5950348	5.183346885597503
Geminocystis_herdmanii	SRR5950349	1.169068317542432
Geminocystis_herdmanii	SRR5950350	0.899778705869242
Geminocystis_herdmanii	SRR5950351	1.0575644618269049
Geminocystis_herdmanii	SRR5950352	2.0933459221309665
Geminocystis_herdmanii	SRR5950353	0.6124632563273043
Geminocystis_herdmanii	SRR5950354	1.1095767168947774
Geminocystis_herdmanii	SRR5950355	1.2161743574055415
Geminocystis_herdmanii	SRR5950356	1.0724915249458775
Geminocystis_herdmanii	SRR5950357	0.7432114144728943
Geminocystis_herdmanii	SRR5950358	2.210337830532369
Geminocystis_herdmanii	SRR5950359	0.7725542052459782
Geminocystis_herdmanii	SRR5950360	1.0324740632883367
Geminocystis_herdmanii	SRR5950361	1.1157798239032726
Geminocystis_herdmanii	SRR5950362	1.3884682167968123
Geminocystis_herdmanii	SRR5950363	0.6814193953089831
Geminocystis_herdmanii	SRR5950364	2.0846140237780455
Geminocystis_herdmanii	SRR5950365	1.3072124790787456
Geminocystis_herdmanii	SRR5950366	1.0708287164514116
Geminocystis_herdmanii	SRR5950367	0.6113594890467063
Geminocystis_herdmanii	SRR5950368	1.0596430264498182
Geminocystis_herdmanii	SRR5950369	2.099588220584922
Geminocystis_herdmanii	SRR5950370	0.9200110851170403
Geminocystis_herdmanii	SRR5950371	1.1430012753598477
Geminocystis_herdmanii	SRR5950372	3.0130783189043386
Geminocystis_herdmanii	SRR5950373	1.2645360629877291
Geminocystis_herdmanii	SRR5950374	1.0285054100837399
Geminocystis_herdmanii	SRR5950375	1.104363804385847
Geminocystis_herdmanii	SRR5950376	1.2501098860840925
Geminocystis_herdmanii	SRR5950377	1.1434233886621645
Geminocystis_herdmanii	SRR5950378	2.7140077761021275
Geminocystis_herdmanii	SRR5950379	0.8490173597373407
Geminocystis_herdmanii	SRR5950380	1.8545136196173129
Geminocystis_herdmanii	SRR5950381	1.1166214934683185
Geminocystis_herdmanii	SRR5950382	4.088910058357206
Geminocystis_herdmanii	SRR5950383	0.6888965760929091
Geminocystis_herdmanii	SRR5950384	1.0335321922936056
Geminocystis_herdmanii	SRR5950385	1.2104012049758404
Geminocystis_herdmanii	SRR5950386	1.135246261812664
Geminocystis_herdmanii	SRR5950387	1.1565460816796715
Geminocystis_herdmanii	SRR5950388	1.2053974090880961
Geminocystis_herdmanii	SRR5950389	2.761799151908041
Geminocystis_herdmanii	SRR5950390	1.3969480007686967
Geminocystis_herdmanii	SRR5950391	1.1491107987979958
Geminocystis_herdmanii	SRR5950392	1.111408908733724
Geminocystis_herdmanii	SRR5950393	0.7764226752970365
Geminocystis_herdmanii	SRR5950394	0.4706213440010468
Geminocystis_herdmanii	SRR5950395	1.534613179948012
Geminocystis_herdmanii	SRR5950396	1.0597829908734564
Geminocystis_herdmanii	SRR5950397	2.0970560760734647
Geminocystis_herdmanii	SRR5950398	1.057056050916601
Geminocystis_herdmanii	SRR5950399	1.1431131315026333
Geminocystis_herdmanii	SRR5950400	2.1615510115402996
Geminocystis_herdmanii	SRR5950401	1.0419241836108888
Geminocystis_herdmanii	SRR5950402	1.3576181684644153
Geminocystis_herdmanii	SRR5950403	0.7349943571048915
Geminocystis_herdmanii	SRR5950404	1.0743127488655082
Geminocystis_herdmanii	SRR5950405	1.8221947074252354
Geminocystis_herdmanii	SRR5950406	3.5589350392841856
Geminocystis_herdmanii	SRR5950407	0.6403112959561562
Geminocystis_herdmanii	SRR5950408	8.09612565727857
Geminocystis_herdmanii	SRR5950409	0.778374760127857
Geminocystis_herdmanii	SRR5950410	1.17911412078931
Geminocystis_herdmanii	SRR5950411	1.2561181074698347
Geminocystis_herdmanii	SRR5950412	2.179015510226018
Geminocystis_herdmanii	SRR5950413	0.7246978902319452
Geminocystis_herdmanii	SRR5950414	3.614500040732091
Geminocystis_herdmanii	SRR5950415	1.1591166067979481
Geminocystis_herdmanii	SRR5950416	2.3818508309747783
Geminocystis_herdmanii	SRR5950417	0.6620891971390447
Geminocystis_herdmanii	SRR5950418	2.315954576517703
Geminocystis_herdmanii	SRR5950419	1.1750753866410875
Geminocystis_herdmanii	SRR5950420	3.4386529783380544
Geminocystis_herdmanii	SRR5950421	1.0263683678776567
Geminocystis_herdmanii	SRR5950422	1.4515698699869868
Geminocystis_herdmanii	SRR5950423	1.535144052851651
Geminocystis_herdmanii	SRR5950424	1.1807694179369137
Geminocystis_herdmanii	SRR5950425	1.0968665957577715
Geminocystis_herdmanii	SRR5950426	0.5931059089985419
Geminocystis_herdmanii	SRR5950427	1.2027437090132078
Geminocystis_herdmanii	SRR5950428	1.134326541386117
Geminocystis_herdmanii	SRR5950429	0.2985891871554461
Geminocystis_herdmanii	SRR5950430	3.0879417182631546
Geminocystis_herdmanii	SRR5950431	1.7462437250787821
Geminocystis_herdmanii	SRR5950432	1.1943681924205094
Geminocystis_herdmanii	SRR5950433	1.1279266372934247
Geminocystis_herdmanii	SRR5950434	1.1356518611680246
Geminocystis_herdmanii	SRR5950435	1.0535171201897175
Geminocystis_herdmanii	SRR5950436	1.2045163379879462
Geminocystis_herdmanii	SRR5950437	1.0914773460150824
Geminocystis_herdmanii	SRR5950438	2.3534382273578323
Geminocystis_herdmanii	SRR5950439	4.494452809164328
Geminocystis_herdmanii	SRR5950440	3.0118937687137013
Geminocystis_herdmanii	SRR5950441	1.0469538129823934
Geminocystis_herdmanii	SRR5950442	1.3859725803423821
Geminocystis_herdmanii	SRR5950443	1.3513816610410734
Geminocystis_herdmanii	SRR5950444	1.1127185628459835
Geminocystis_herdmanii	SRR5950445	1.0417087318921974
Geminocystis_herdmanii	SRR5950446	1.0285054100837399
Geminocystis_herdmanii	SRR5950447	1.148714953695668
Geminocystis_herdmanii	SRR5950448	1.5796473426519688
Geminocystis_herdmanii	SRR5950449	1.0057474067599135
Geminocystis_herdmanii	SRR5950450	1.0720152436457293
Geminocystis_herdmanii	SRR5950451	1.329893515788851
Geminocystis_herdmanii	SRR5950452	1.2996734255143718
Geminocystis_herdmanii	SRR5950453	1.1223842862062732
Geminocystis_herdmanii	SRR5950454	4.021511674917298
Geminocystis_herdmanii	SRR5950455	2.033901709122695
Geminocystis_herdmanii	SRR5950456	1.1668644555725354
Geminocystis_herdmanii	SRR5950457	1.8802929487013735
Geminocystis_herdmanii	SRR5950458	3.012225271743251
Geminocystis_herdmanii	SRR5950459	1.1449664140631362
Geminocystis_herdmanii	SRR5950460	1.0087435388127577
Geminocystis_herdmanii	SRR5950461	0.36327380128030917
Geminocystis_herdmanii	SRR5950462	1.1493581768800214
Geminocystis_herdmanii	SRR5950463	0.7489146422809557
Geminocystis_herdmanii	SRR5950464	0.7402236756199188
Geminocystis_herdmanii	SRR5950465	2.063037961131413
Geminocystis_herdmanii	SRR5950466	2.095685314857799
Geminocystis_herdmanii	SRR5950467	1.7681558580237802
Geminocystis_herdmanii	SRR5950468	9.895283295870867
Geminocystis_herdmanii	SRR5950469	1.1451411236395745
Geminocystis_herdmanii	SRR5950470	1.2128503257805487
Geminocystis_herdmanii	SRR5963912	1.336150659047432
Geminocystis_herdmanii	SRR5963913	1.208660802110287
Geminocystis_herdmanii	SRR5963914	1.3191638148200748
Geminocystis_herdmanii	SRR5963915	1.0836009228500392
Geminocystis_herdmanii	SRR5963916	1.258227370838775
Geminocystis_herdmanii	SRR5963917	1.1925915500267912
Geminocystis_herdmanii	SRR5963918	0.6772440998907492
Geminocystis_herdmanii	SRR5963919	2.2014789700709594
Geminocystis_herdmanii	SRR5963920	1.0495485095212258
Geminocystis_herdmanii	SRR5963921	1.0239775863712817
Geminocystis_herdmanii	SRR5963922	1.0598979296439894
Geminocystis_herdmanii	SRR5963923	1.0755709129287068
Geminocystis_herdmanii	SRR5963924	1.2131328594734012
Geminocystis_herdmanii	SRR5963925	0.7168630944831527
Geminocystis_herdmanii	SRR5963926	0.5805180821734839
Geminocystis_herdmanii	SRR5963927	0.5858706558075185
Geminocystis_herdmanii	SRR5963928	1.1725219183256181
Geminocystis_herdmanii	SRR5963929	2.121468928607825
Geminocystis_herdmanii	SRR5963930	1.1301657526466053
Geminocystis_herdmanii	SRR5963931	1.1620442831621332
Geminocystis_herdmanii	SRR5963932	1.2019384090069336
Geminocystis_herdmanii	SRR5963933	1.1524965185767408
Geminocystis_herdmanii	SRR5963934	0.8070856367443641
Geminocystis_herdmanii	SRR5963935	1.0901779608920006
Geminocystis_herdmanii	SRR5963936	2.1075501225435525
Geminocystis_herdmanii	SRR5963937	1.0169412758864895
Geminocystis_herdmanii	SRR5963938	1.17911412078931
Geminocystis_herdmanii	SRR5963939	1.2249146751884796
Geminocystis_herdmanii	SRR5963940	1.1531145474732438
Geminocystis_herdmanii	SRR5963941	1.3612319094799556
Geminocystis_herdmanii	SRR5963942	1.3071795906682395
Geminocystis_herdmanii	SRR5963943	1.0536830163095463
Geminocystis_herdmanii	SRR5963944	1.2949522849249593
Geminocystis_herdmanii	SRR5963945	0.4434638814899907
Geminocystis_herdmanii	SRR5963946	1.0954711451490824
Geminocystis_herdmanii	SRR5963947	2.520023291927389
Geminocystis_herdmanii	SRR5963948	0.5610350438783129
Geminocystis_herdmanii	SRR6467548	NA
Geminocystis_herdmanii	SRR6467549	NA
Geminocystis_herdmanii	SRR6467550	NA
Geminocystis_herdmanii	SRR6467551	NA
Geminocystis_herdmanii	SRR6467552	NA
Geminocystis_herdmanii	SRR6467553	NA
Geminocystis_herdmanii	SRR6467554	NA
Geminocystis_herdmanii	SRR6467555	NA
Geminocystis_herdmanii	SRR6467556	NA
Geminocystis_herdmanii	SRR6467557	NA
Geminocystis_herdmanii	SRR6467558	NA
Geminocystis_herdmanii	SRR6467559	NA
Geminocystis_herdmanii	SRR6467560	NA
Geminocystis_herdmanii	SRR6467561	NA
Geminocystis_herdmanii	SRR6467562	NA
Geminocystis_herdmanii	SRR6467563	NA
Geminocystis_herdmanii	SRR6467564	NA
Geminocystis_herdmanii	SRR6467565	NA
Geminocystis_herdmanii	SRR6467566	NA
Geminocystis_herdmanii	SRR6467567	NA
Geminocystis_herdmanii	SRR6467568	NA
Geminocystis_herdmanii	SRR6467569	NA
Geminocystis_herdmanii	SRR6467570	NA
Geminocystis_herdmanii	SRR6467571	NA
Geminocystis_herdmanii	SRR6467572	NA
Geminocystis_herdmanii	SRR6467573	NA
Geminocystis_herdmanii	SRR6467574	NA
Geminocystis_herdmanii	SRR6467575	NA
Geminocystis_herdmanii	SRR6467576	NA
Geminocystis_herdmanii	SRR6467577	NA
Geminocystis_herdmanii	SRR6467578	NA
Geminocystis_herdmanii	SRR6467579	NA
Geminocystis_herdmanii	SRR6467580	NA
Geminocystis_herdmanii	SRR6467581	NA
Geminocystis_herdmanii	SRR6467582	NA
Geminocystis_herdmanii	SRR6467583	NA
Geminocystis_herdmanii	SRR6467584	NA
Geminocystis_herdmanii	SRR6467585	NA
Geminocystis_herdmanii	SRR6467586	NA
Geminocystis_herdmanii	SRR6467587	NA
Geminocystis_herdmanii	SRR6467588	NA
Geminocystis_herdmanii	SRR6467589	NA
Geminocystis_herdmanii	SRR6467590	NA
Geminocystis_herdmanii	SRR6467591	NA
Geminocystis_herdmanii	SRR6467592	NA
Geminocystis_herdmanii	SRR6467593	NA
Geminocystis_herdmanii	SRR6467594	NA
Geminocystis_herdmanii	SRR6467595	NA
Geminocystis_herdmanii	SRR6467596	NA
Geminocystis_herdmanii	SRR6467597	NA
Geminocystis_herdmanii	SRR6467598	NA
Geminocystis_herdmanii	SRR6467599	NA
Geminocystis_herdmanii	SRR6467600	NA
Geminocystis_herdmanii	SRR6467601	NA
Geminocystis_herdmanii	SRR6467602	NA
Geminocystis_herdmanii	SRR6467603	NA
Geminocystis_herdmanii	SRR6467604	NA
Geminocystis_herdmanii	SRR6467605	NA
Geminocystis_herdmanii	SRR6467606	NA
Geminocystis_herdmanii	SRR6467607	NA
Geminocystis_herdmanii	SRR6467608	NA
Geminocystis_herdmanii	SRR6467609	NA
Geminocystis_herdmanii	SRR6467610	NA
Geminocystis_herdmanii	SRR6467611	NA
Geminocystis_herdmanii	SRR6467612	NA
Geminocystis_herdmanii	SRR6467613	NA
Geminocystis_herdmanii	SRR6467614	NA
Geminocystis_herdmanii	SRR6467615	NA
Geminocystis_herdmanii	SRR6467616	NA
Geminocystis_herdmanii	SRR6467617	NA
Geminocystis_herdmanii	SRR6467618	NA
Geminocystis_herdmanii	SRR6467619	NA
Geminocystis_herdmanii	SRR6467620	NA
Geminocystis_herdmanii	SRR6467621	NA
Geminocystis_herdmanii	SRR6467622	NA
Geminocystis_herdmanii	SRR6467623	NA
Geminocystis_herdmanii	SRR6467624	NA
Geminocystis_herdmanii	SRR6467625	NA
Geminocystis_herdmanii	SRR6467626	NA
Geminocystis_herdmanii	SRR6467627	NA
Geminocystis_herdmanii	SRR6467628	NA
Geminocystis_herdmanii	SRR6467629	NA
Geminocystis_herdmanii	SRR6467630	NA
Geminocystis_herdmanii	SRR6467631	NA
Geminocystis_herdmanii	SRR6467632	NA
Geminocystis_herdmanii	SRR6467633	NA
Geminocystis_herdmanii	SRR6467634	NA
Geminocystis_herdmanii	SRR6467635	NA
Geminocystis_herdmanii	SRR6467636	NA
Geminocystis_herdmanii	SRR6467637	NA
Geminocystis_herdmanii	SRR6467638	NA
Geminocystis_herdmanii	SRR6467639	NA
Geminocystis_herdmanii	SRR6467640	NA
Geminocystis_herdmanii	SRR6467641	NA
Geminocystis_herdmanii	SRR6467642	NA
Geminocystis_herdmanii	SRR6467643	NA
Geminocystis_herdmanii	SRR6467644	NA
Geminocystis_herdmanii	SRR6467645	NA
Geminocystis_herdmanii	SRR6467646	NA
Geminocystis_herdmanii	SRR6467647	NA
Geminocystis_herdmanii	SRR6467648	NA
Geminocystis_herdmanii	SRR6467649	NA
Geminocystis_herdmanii	SRR6467650	NA
Geminocystis_herdmanii	SRR6467651	NA
Geminocystis_herdmanii	SRR6467652	NA
Geminocystis_herdmanii	SRR6467653	NA
Geminocystis_herdmanii	SRR6467654	NA
Geminocystis_herdmanii	SRR6467655	NA
Geminocystis_herdmanii	SRR6467656	NA
Geminocystis_herdmanii	SRR6467657	NA
Geminocystis_herdmanii	SRR6467658	NA
Geminocystis_herdmanii	SRR6467659	NA
Geminocystis_herdmanii	SRR6467660	NA
Geminocystis_herdmanii	SRR6467661	NA
Geminocystis_herdmanii	SRR6467662	NA
Geminocystis_herdmanii	SRR6467663	NA
Geminocystis_herdmanii	SRR6467664	NA
Geminocystis_herdmanii	SRR6467665	NA
Geminocystis_herdmanii	SRR6467666	NA
Geminocystis_herdmanii	SRR6467667	NA
Geminocystis_herdmanii	SRR6467668	NA
Geminocystis_herdmanii	SRR6467669	NA
Geminocystis_herdmanii	SRR6467670	NA
Geminocystis_herdmanii	SRR6467671	NA
Geminocystis_herdmanii	SRR6467672	NA
Geminocystis_herdmanii	SRR6467673	NA
Geminocystis_herdmanii	SRR6467674	NA
Geminocystis_herdmanii	SRR6467675	NA
Geminocystis_herdmanii	SRR6467676	NA
Geminocystis_herdmanii	SRR6467677	NA
Geminocystis_herdmanii	SRR6467678	NA
Geminocystis_herdmanii	SRR6467679	NA
Geminocystis_herdmanii	SRR6467680	NA
Geminocystis_herdmanii	SRR6467681	NA
Geminocystis_herdmanii	SRR6467682	NA
Geminocystis_herdmanii	SRR6467683	NA
Geminocystis_herdmanii	SRR6467684	NA
Geminocystis_herdmanii	SRR6467685	NA
Geminocystis_herdmanii	SRR6467686	NA
Geminocystis_herdmanii	SRR6467687	NA
Geminocystis_herdmanii	SRR6467688	NA
Geminocystis_herdmanii	SRR6467689	NA
Geminocystis_herdmanii	SRR6467690	NA
Geminocystis_herdmanii	SRR6467691	NA
Geminocystis_herdmanii	SRR6467692	NA
Geminocystis_herdmanii	SRR6467693	NA
Geminocystis_herdmanii	SRR6467694	NA
Geminocystis_herdmanii	SRR6467695	NA
Geminocystis_herdmanii	SRR6467696	NA
Geminocystis_herdmanii	SRR6467697	NA
Geminocystis_herdmanii	SRR6467698	NA
Geminocystis_herdmanii	SRR6467699	NA
Geminocystis_herdmanii	SRR6467700	NA
Geminocystis_herdmanii	SRR6467701	NA
Geminocystis_herdmanii	SRR6467702	NA
Geminocystis_herdmanii	SRR6467703	NA
Geminocystis_herdmanii	SRR6467704	NA
Geminocystis_herdmanii	SRR6467705	NA
Geminocystis_herdmanii	SRR6467706	NA
Geminocystis_herdmanii	SRR6467707	NA
Geminocystis_herdmanii	SRR6467708	NA
Geminocystis_herdmanii	SRR6467709	NA
Geminocystis_herdmanii	SRR6467710	NA
Geminocystis_herdmanii	SRR6467711	NA
Geminocystis_herdmanii	SRR6467712	NA
Geminocystis_herdmanii	SRR6467713	NA
Geminocystis_herdmanii	SRR6467714	NA
Geminocystis_herdmanii	SRR6467715	NA
Geminocystis_herdmanii	SRR6467716	NA
Geminocystis_herdmanii	SRR6467717	NA
Geminocystis_herdmanii	SRR6467718	NA
Geminocystis_herdmanii	SRR6467719	NA
Geminocystis_herdmanii	SRR6467720	NA
Geminocystis_herdmanii	SRR6467721	NA
Geminocystis_herdmanii	SRR6467722	NA
Geminocystis_herdmanii	SRR6467723	NA
Geminocystis_herdmanii	SRR6467724	NA
Geminocystis_herdmanii	SRR6467725	NA
Geminocystis_herdmanii	SRR6467726	NA
Geminocystis_herdmanii	SRR6467727	NA
Geminocystis_herdmanii	SRR6467728	NA
Geminocystis_herdmanii	SRR6467729	NA
Geminocystis_herdmanii	SRR6467730	NA
Geminocystis_herdmanii	SRR6467731	NA
Geminocystis_herdmanii	SRR6467732	NA
Geminocystis_herdmanii	SRR6467733	NA
Geminocystis_herdmanii	SRR6467734	NA
Geminocystis_herdmanii	SRR6467735	NA
Geminocystis_herdmanii	SRR6467736	NA
Geminocystis_herdmanii	SRR6467737	NA
Geminocystis_herdmanii	SRR6467738	NA
Geminocystis_herdmanii	SRR6467739	NA
Geminocystis_herdmanii	SRR6467740	NA
Geminocystis_herdmanii	SRR6467741	NA
Geminocystis_herdmanii	SRR6467742	NA
Geminocystis_herdmanii	SRR6467743	NA
Geminocystis_herdmanii	SRR6467744	NA
Geminocystis_herdmanii	SRR6467745	NA
Geminocystis_herdmanii	SRR6467746	NA
Geminocystis_herdmanii	SRR6467747	NA
Geminocystis_herdmanii	SRR6467748	NA
Geminocystis_herdmanii	SRR6467749	NA
Geminocystis_herdmanii	SRR6467750	NA
Geminocystis_herdmanii	SRR6467751	NA
Geminocystis_herdmanii	SRR6467752	NA
Geminocystis_herdmanii	SRR6467753	NA
Geminocystis_herdmanii	SRR6467754	NA
Geminocystis_herdmanii	SRR6467755	NA
Geminocystis_herdmanii	SRR6467756	NA
Geminocystis_herdmanii	SRR6467757	NA
Geminocystis_herdmanii	SRR6467758	NA
Geminocystis_herdmanii	SRR6467759	NA
Geminocystis_herdmanii	SRR6467760	NA
Geminocystis_herdmanii	SRR6467761	NA
Geminocystis_herdmanii	SRR6467762	NA
Geminocystis_herdmanii	SRR6467763	NA
Geminocystis_herdmanii	SRR6467764	NA
Geminocystis_herdmanii	SRR6467765	NA
Geminocystis_herdmanii	SRR6467766	NA
Geminocystis_herdmanii	SRR6467767	NA
Geminocystis_herdmanii	SRR6467768	NA
Geminocystis_herdmanii	SRR6467769	NA
Geminocystis_herdmanii	SRR6467770	NA
Geminocystis_herdmanii	SRR6467771	NA
Geminocystis_herdmanii	SRR6467772	NA
Geminocystis_herdmanii	SRR6467773	NA
Geminocystis_herdmanii	SRR6868540	NA
Geminocystis_herdmanii	SRR6868541	NA
Geminocystis_herdmanii	SRR6868542	NA
Geminocystis_herdmanii	SRR6868543	NA
Geminocystis_herdmanii	SRR6868544	NA
Geminocystis_herdmanii	SRR6868545	NA
Geminocystis_herdmanii	SRR6868546	NA
Geminocystis_herdmanii	SRR6868557	NA
Geminocystis_herdmanii	SRR6868558	NA
Geminocystis_herdmanii	SRR6868559	NA
Geminocystis_herdmanii	SRR6868560	NA
Geminocystis_herdmanii	SRR6868569	NA
Geminocystis_herdmanii	SRR6868570	NA
Geminocystis_herdmanii	SRR6868571	NA
Geminocystis_herdmanii	SRR6868572	NA
Geminocystis_herdmanii	SRR6868573	NA
Geminocystis_herdmanii	SRR6868574	NA
Geminocystis_herdmanii	SRR6868575	NA
Geminocystis_herdmanii	SRR6868576	NA
Geminocystis_herdmanii	SRR6868577	NA
Geminocystis_herdmanii	SRR6868578	NA
Geminocystis_herdmanii	SRR6868579	NA
Geminocystis_herdmanii	SRR6868580	NA
Geminocystis_herdmanii	SRR6868581	NA
Geminocystis_herdmanii	SRR6868582	NA
Geminocystis_herdmanii	SRR6868585	NA
Geminocystis_herdmanii	SRR6868586	NA
Geminocystis_herdmanii	SRR6868587	NA
Geminocystis_herdmanii	SRR6868588	NA
Geminocystis_herdmanii	SRR6868589	NA
Geminocystis_herdmanii	SRR6868590	NA
Geminocystis_herdmanii	SRR6868591	NA
Geminocystis_herdmanii	SRR6868604	NA
Geminocystis_herdmanii	SRR6868605	NA
Geminocystis_herdmanii	SRR6868606	NA
Geminocystis_herdmanii	SRR6868607	NA
Geminocystis_herdmanii	SRR6868608	NA
Geminocystis_herdmanii	SRR6868609	NA
Geminocystis_herdmanii	SRR6868610	NA
Geminocystis_herdmanii	SRR6868620	NA
Geminocystis_herdmanii	SRR6868621	NA
Geminocystis_herdmanii	SRR6868622	NA
Geminocystis_herdmanii	SRR6868623	NA
Geminocystis_herdmanii	SRR6868636	NA
Geminocystis_herdmanii	SRR6868637	NA
Geminocystis_herdmanii	SRR6868638	NA
Geminocystis_herdmanii	SRR6868639	NA
Geminocystis_herdmanii	SRR6868650	NA
Geminocystis_herdmanii	SRR6868651	NA
Geminocystis_herdmanii	SRR6868652	NA
Geminocystis_herdmanii	SRR6868653	NA
Geminocystis_herdmanii	SRR6868654	NA
Geminocystis_herdmanii	SRR6868655	NA
Geminocystis_herdmanii	SRR6868665	NA
Geminocystis_herdmanii	SRR6868666	NA
Geminocystis_herdmanii	SRR6868667	NA
Geminocystis_herdmanii	SRR6868668	NA
Geminocystis_herdmanii	SRR6868669	NA
Geminocystis_herdmanii	SRR6868670	NA
Geminocystis_herdmanii	SRR6868671	NA
Geminocystis_herdmanii	SRR6868683	NA
Geminocystis_herdmanii	SRR6868684	NA
Geminocystis_herdmanii	SRR6868685	NA
Geminocystis_herdmanii	SRR6868686	NA
Geminocystis_herdmanii	SRR6868687	NA
Geminocystis_herdmanii	SRR6868688	NA
Geminocystis_herdmanii	SRR6868689	NA
Geminocystis_herdmanii	SRR6868698	NA
Geminocystis_herdmanii	SRR6868699	NA
Geminocystis_herdmanii	SRR6868700	NA
Geminocystis_herdmanii	SRR6868701	NA
Geminocystis_herdmanii	SRR6868702	NA
Geminocystis_herdmanii	SRR6868713	NA
Geminocystis_herdmanii	SRR6868714	NA
Geminocystis_herdmanii	SRR6868715	NA
Geminocystis_herdmanii	SRR6868716	NA
Geminocystis_herdmanii	SRR6868717	NA
Geminocystis_herdmanii	SRR6868718	NA
Geminocystis_herdmanii	SRR6868719	NA
Geminocystis_herdmanii	SRR6868720	NA
Geminocystis_herdmanii	SRR6868721	NA
Geminocystis_herdmanii	SRR6868722	NA
Geminocystis_herdmanii	SRR6868723	NA
Geminocystis_herdmanii	SRR6868724	NA
Geminocystis_herdmanii	SRR6868725	NA
Geminocystis_herdmanii	SRR6868726	NA
Geminocystis_herdmanii	SRR6868741	NA
Geminocystis_herdmanii	SRR7632756	NA
Geminocystis_herdmanii	SRR7632757	NA
Geminocystis_herdmanii	SRR7632758	NA
Geminocystis_herdmanii	SRR7632759	NA
Geminocystis_herdmanii	SRR7632760	NA
Geminocystis_herdmanii	SRR7632761	NA
Geminocystis_herdmanii	SRR7632762	NA
Geminocystis_herdmanii	SRR7632763	NA
Geminocystis_herdmanii	SRR7632764	NA
Geminocystis_herdmanii	SRR7632765	NA
Geminocystis_herdmanii	SRR7632766	NA
Geminocystis_herdmanii	SRR7632767	NA
Geminocystis_herdmanii	SRR7632768	NA
Geminocystis_herdmanii	SRR7632769	NA
Geminocystis_herdmanii	SRR7632770	NA
Geminocystis_herdmanii	SRR7632771	NA
Geminocystis_herdmanii	SRR7632772	NA
Geminocystis_herdmanii	SRR7632773	NA
Geminocystis_herdmanii	SRR7632774	NA
Geminocystis_herdmanii	SRR7632775	NA
Geminocystis_herdmanii	SRR7632776	NA
Geminocystis_herdmanii	SRR7632777	NA
Geminocystis_herdmanii	SRR7632778	NA
Geminocystis_herdmanii	SRR7632779	NA
Geminocystis_herdmanii	SRR7632780	NA
Geminocystis_herdmanii	SRR7632781	NA
Geminocystis_herdmanii	SRR7632782	NA
Geminocystis_herdmanii	SRR7632783	NA
Geminocystis_herdmanii	SRR7632784	NA
Geminocystis_herdmanii	SRR7632785	NA
Geminocystis_herdmanii	SRR7632786	NA
Geminocystis_herdmanii	SRR7632787	NA
Geminocystis_herdmanii	SRR7632788	NA
Geminocystis_herdmanii	SRR7632789	NA
Geminocystis_herdmanii	SRR7632790	NA
Geminocystis_herdmanii	SRR7632791	NA
Geminocystis_herdmanii	SRR7632792	NA
Geminocystis_herdmanii	SRR7632793	NA
Geminocystis_herdmanii	SRR7632794	NA
Geminocystis_herdmanii	SRR7632795	NA
Geminocystis_herdmanii	SRR7632796	NA
Geminocystis_herdmanii	SRR7632797	NA
Geminocystis_herdmanii	SRR7632798	NA
Geminocystis_herdmanii	SRR7632799	NA
Geminocystis_herdmanii	SRR7632800	NA
Geminocystis_herdmanii	SRR7632801	NA
Geminocystis_herdmanii	SRR7632802	NA
Geminocystis_herdmanii	SRR7632803	NA
Geminocystis_herdmanii	SRR7632804	NA
Geminocystis_herdmanii	SRR7632805	NA
Geminocystis_herdmanii	SRR7632806	NA
Geminocystis_herdmanii	SRR7632807	NA
Geminocystis_herdmanii	SRR7632808	NA
Geminocystis_herdmanii	SRR7632809	NA
Geminocystis_herdmanii	SRR7632810	NA
Geminocystis_herdmanii	SRR7632811	NA
Geminocystis_herdmanii	SRR7632812	NA
Geminocystis_herdmanii	SRR7632813	NA
Geminocystis_herdmanii	SRR7632814	NA
Geminocystis_herdmanii	SRR7632815	NA
Geminocystis_herdmanii	SRR7632816	NA
Geminocystis_herdmanii	SRR7632817	NA
Geminocystis_herdmanii	SRR7632818	NA
Geminocystis_herdmanii	SRR7632819	NA
Geminocystis_herdmanii	SRR7632820	NA
Geminocystis_herdmanii	SRR7632821	NA
Geminocystis_herdmanii	SRR7632822	NA
Geminocystis_herdmanii	SRR7632823	NA
Geminocystis_herdmanii	SRR7632824	NA
Geminocystis_herdmanii	SRR7632825	NA
Geminocystis_herdmanii	SRR7632826	NA
Geminocystis_herdmanii	SRR7632827	NA
Geminocystis_herdmanii	SRR7632828	NA
Geminocystis_herdmanii	SRR7632829	NA
Geminocystis_herdmanii	SRR7632830	NA
Geminocystis_herdmanii	SRR7632831	NA
Geminocystis_herdmanii	SRR7632832	NA
Geminocystis_herdmanii	SRR7632833	NA
Geminocystis_herdmanii	SRR7632834	NA
Geminocystis_herdmanii	SRR7632835	NA
Geminocystis_herdmanii	SRR7632836	NA
Geminocystis_herdmanii	SRR7632837	NA
Geminocystis_herdmanii	SRR7632838	NA
Geminocystis_herdmanii	SRR7632839	NA
Geminocystis_herdmanii	SRR7632840	NA
Geminocystis_herdmanii	SRR7632841	NA
Geminocystis_herdmanii	SRR7632842	NA
Geminocystis_herdmanii	SRR7632843	NA
Geminocystis_herdmanii	SRR7632844	NA
Geminocystis_herdmanii	SRR7632845	NA
Geminocystis_herdmanii	SRR7632846	NA
Geminocystis_herdmanii	SRR7632847	NA
Geminocystis_herdmanii	SRR7632848	NA
Geminocystis_herdmanii	SRR7632849	NA
Geminocystis_herdmanii	SRR7632850	NA
Geminocystis_herdmanii	SRR7632851	NA
Geminocystis_herdmanii	SRR7632852	NA
Geminocystis_herdmanii	SRR7632853	NA
Geminocystis_herdmanii	SRR7632854	NA
Geminocystis_herdmanii	SRR7632855	NA
Geminocystis_herdmanii	SRR7632856	NA
Geminocystis_herdmanii	SRR7632857	NA
Geminocystis_herdmanii	SRR7632858	NA
Geminocystis_herdmanii	SRR7632859	NA
Geminocystis_herdmanii	SRR7632860	NA
Geminocystis_herdmanii	SRR7632861	NA
Geminocystis_herdmanii	SRR7632862	NA
Geminocystis_herdmanii	SRR7632863	NA
Geminocystis_herdmanii	SRR7632864	NA
Geminocystis_herdmanii	SRR7632865	NA
Geminocystis_herdmanii	SRR7632866	NA
Geminocystis_herdmanii	SRR7632867	NA
Geminocystis_herdmanii	SRR7632868	NA
Geminocystis_herdmanii	SRR7632869	NA
Geminocystis_herdmanii	SRR7632870	NA
Geminocystis_herdmanii	SRR7632871	NA
Geminocystis_herdmanii	SRR7632872	NA
Geminocystis_herdmanii	SRR7632873	NA
Geminocystis_herdmanii	SRR7632874	NA
Geminocystis_herdmanii	SRR7632875	NA
Geminocystis_herdmanii	SRR7632876	NA
Geminocystis_herdmanii	SRR7632877	NA
Geminocystis_herdmanii	SRR7632878	NA
Geminocystis_herdmanii	SRR7632879	NA
Geminocystis_herdmanii	SRR7632880	NA
Geminocystis_herdmanii	SRR7632881	NA
Geminocystis_herdmanii	SRR7632882	NA
Geminocystis_herdmanii	SRR7632883	NA
Geminocystis_herdmanii	SRR7632884	NA
Geminocystis_herdmanii	SRR7632885	NA
Geminocystis_herdmanii	SRR7632886	NA
Geminocystis_herdmanii	SRR7632887	NA
Geminocystis_herdmanii	SRR7632888	NA
Geminocystis_herdmanii	SRR7632889	NA
Geminocystis_herdmanii	SRR7632890	NA
Geminocystis_herdmanii	SRR7632891	NA
Geminocystis_herdmanii	SRR7632892	NA
Geminocystis_herdmanii	SRR7632893	NA
Geminocystis_herdmanii	SRR7632894	NA
Geminocystis_herdmanii	SRR7632895	NA
Geminocystis_herdmanii	SRR7632896	NA
Geminocystis_herdmanii	SRR7632897	NA
Geminocystis_herdmanii	SRR7632898	NA
Geminocystis_herdmanii	SRR7632899	NA
Geminocystis_herdmanii	SRR7632900	NA
Geminocystis_herdmanii	SRR7632901	NA
Geminocystis_herdmanii	SRR7632902	NA
Geminocystis_herdmanii	SRR7632903	NA
Geminocystis_herdmanii	SRR7632904	NA
Geminocystis_herdmanii	SRR7632905	NA
Geminocystis_herdmanii	SRR7632906	NA
Geminocystis_herdmanii	SRR7632907	NA
Geminocystis_herdmanii	SRR7632908	NA
Geminocystis_herdmanii	SRR7632909	NA
Geminocystis_herdmanii	SRR7632910	NA
Geminocystis_herdmanii	SRR7632911	NA
Geminocystis_herdmanii	SRR7632912	NA
Geminocystis_herdmanii	SRR7632913	NA
Geminocystis_herdmanii	SRR7632914	NA
Geminocystis_herdmanii	SRR7632915	NA
Geminocystis_herdmanii	SRR7632916	NA
Geminocystis_herdmanii	SRR7632917	NA
Geminocystis_herdmanii	SRR7632918	NA
Geminocystis_herdmanii	SRR7632919	NA
Geminocystis_herdmanii	SRR7632920	NA
Geminocystis_herdmanii	SRR7632921	NA
Geminocystis_herdmanii	SRR7632922	NA
Geminocystis_herdmanii	SRR7632923	NA
Geminocystis_herdmanii	SRR7632924	NA
Geminocystis_herdmanii	SRR7632925	NA
Geminocystis_herdmanii	SRR7632926	NA
Geminocystis_herdmanii	SRR7632927	NA
Geminocystis_herdmanii	SRR7632928	NA
Geminocystis_herdmanii	SRR7632929	NA
Geminocystis_herdmanii	SRR7632930	NA
Geminocystis_herdmanii	SRR7632931	NA
Geminocystis_herdmanii	SRR7632932	NA
Geminocystis_herdmanii	SRR7632933	NA
Geminocystis_herdmanii	SRR7632934	NA
Geminocystis_herdmanii	SRR7632935	NA
Geminocystis_herdmanii	SRR7632936	NA
Geminocystis_herdmanii	SRR7632937	NA
Geminocystis_herdmanii	SRR7632938	NA
Geminocystis_herdmanii	SRR7632939	NA
Geminocystis_herdmanii	SRR7632940	NA
Geminocystis_herdmanii	SRR7632941	NA
Geminocystis_herdmanii	SRR7632942	NA
Geminocystis_herdmanii	SRR7632943	NA
Geminocystis_herdmanii	SRR7632944	NA
Geminocystis_herdmanii	SRR7632945	NA
Geminocystis_herdmanii	SRR8928966	NA
Geminocystis_herdmanii	SRR8928967	NA
Geminocystis_herdmanii	SRR8928968	NA
Geminocystis_herdmanii	SRR8928969	NA
Geminocystis_herdmanii	SRR8928970	NA
Geminocystis_herdmanii	SRR8928971	NA
Geminocystis_herdmanii	SRR8928972	NA
Geminocystis_herdmanii	SRR8928973	NA
Geminocystis_herdmanii	SRR8928974	NA
Geminocystis_herdmanii	SRR8928975	NA
Geminocystis_herdmanii	SRR8928976	NA
Geminocystis_herdmanii	SRR8928977	NA
Geminocystis_herdmanii	SRR8928978	NA
Geminocystis_herdmanii	SRR8928979	NA
Geminocystis_herdmanii	SRR8928980	NA
Geminocystis_herdmanii	SRR8928981	NA
Geminocystis_herdmanii	SRR8928982	NA
Geminocystis_herdmanii	SRR8928983	NA
Geminocystis_herdmanii	SRR8928984	NA
Geminocystis_herdmanii	SRR8928985	NA
Geminocystis_herdmanii	SRR8928986	NA
Geminocystis_herdmanii	SRR8928987	NA
Geminocystis_herdmanii	SRR8928988	NA
Geminocystis_herdmanii	SRR8928989	NA
Geminocystis_herdmanii	SRR8928990	NA
Geminocystis_herdmanii	SRR8928991	NA
Geminocystis_herdmanii	SRR9835604	NA
Geminocystis_herdmanii	SRR9835605	NA
Geminocystis_herdmanii	SRR9835606	NA
Geminocystis_herdmanii	SRR9835607	NA
Geminocystis_herdmanii	SRR9835608	NA
Geminocystis_herdmanii	SRR9835609	NA
Geminocystis_herdmanii	SRR9835610	NA
Geminocystis_herdmanii	SRR9835611	NA
Geminocystis_herdmanii	SRR9835612	NA
Geminocystis_herdmanii	SRR9835613	NA
Geminocystis_herdmanii	SRR9835614	NA
Geminocystis_herdmanii	SRR9835615	NA
Geminocystis_herdmanii	SRR9835616	NA
Geminocystis_herdmanii	SRR9835617	NA
Geminocystis_herdmanii	SRR9835618	NA
Geminocystis_herdmanii	SRR9835619	NA
Geminocystis_herdmanii	SRR9835620	NA
Geminocystis_herdmanii	SRR9835621	NA
Geminocystis_herdmanii	SRR9835622	NA
Geminocystis_herdmanii	SRR9835623	NA
Geminocystis_herdmanii	SRR9835624	NA
Geminocystis_herdmanii	SRR9835625	NA
Geminocystis_herdmanii	SRR9835626	NA
Geminocystis_herdmanii	SRR9835627	NA
Geminocystis_herdmanii	SRR9835628	NA
Geminocystis_herdmanii	SRR9835629	NA
Geminocystis_herdmanii	SRR9835630	NA
Geminocystis_herdmanii	SRR9835631	NA
Geminocystis_herdmanii	SRR9835632	NA
Geminocystis_herdmanii	SRR9835633	NA
Geminocystis_herdmanii	SRR9835634	NA
Geminocystis_herdmanii	SRR9835635	NA
Geminocystis_herdmanii	SRR9835636	NA
Geminocystis_herdmanii	SRR9835637	NA
Geminocystis_herdmanii	SRR9835638	NA
Geminocystis_herdmanii	SRR9835639	NA
Geminocystis_herdmanii	SRR9835640	NA
Geminocystis_herdmanii	SRR9835641	NA
Geminocystis_herdmanii	SRR9835642	NA
Geminocystis_herdmanii	SRR9835643	NA
Geminocystis_herdmanii	SRR9835644	NA
Geminocystis_herdmanii	SRR9835645	NA
Geminocystis_herdmanii	SRR9835646	NA
Geminocystis_herdmanii	SRR9835647	NA
Geminocystis_herdmanii	SRR9835648	NA
Geminocystis_herdmanii	SRR9835649	NA
Geminocystis_herdmanii	SRR9835650	NA
Geminocystis_herdmanii	SRR9835651	NA
Geminocystis_herdmanii	SRR9835652	NA
Geminocystis_herdmanii	SRR9835653	NA
Geminocystis_herdmanii	SRR9835654	NA
Geminocystis_herdmanii	SRR9835655	NA
Geminocystis_herdmanii	SRR9835656	NA
Geminocystis_herdmanii	SRR9835657	NA
Geminocystis_herdmanii	SRR9835658	NA
Geminocystis_herdmanii	SRR9835659	NA
Geminocystis_herdmanii	SRR9835660	NA
Geminocystis_herdmanii	SRR9835661	NA
Geminocystis_herdmanii	SRR9835662	NA
Geminocystis_herdmanii	SRR9835663	NA
Geminocystis_herdmanii	SRR9835664	NA
Geminocystis_herdmanii	SRR9835665	NA
Geminocystis_herdmanii	SRR9835666	NA
Geminocystis_herdmanii	SRR9835667	NA
Geminocystis_herdmanii	SRR9835668	NA
Geminocystis_herdmanii	SRR9835669	NA
Geminocystis_herdmanii	SRR9835670	NA
Geminocystis_herdmanii	SRR9835671	NA
Geminocystis_herdmanii	SRR9835672	NA
Geminocystis_herdmanii	SRR9835673	NA
Geminocystis_herdmanii	SRR9835674	NA
Geminocystis_herdmanii	SRR9835675	NA
Geminocystis_herdmanii	SRR9835676	NA
Geminocystis_herdmanii	SRR9835677	NA
Geminocystis_herdmanii	SRR9835678	NA
Geminocystis_herdmanii	SRR9835679	NA
Geminocystis_herdmanii	SRR9835680	NA
Geminocystis_herdmanii	SRR9835681	NA
Geminocystis_herdmanii	SRR9835682	NA
Geminocystis_herdmanii	SRR9835683	NA
Geminocystis_herdmanii	SRR9835684	NA
Geminocystis_herdmanii	SRR9835685	NA
Geminocystis_herdmanii	SRR9835686	NA
Geminocystis_herdmanii	SRR9835687	NA
Geminocystis_herdmanii	SRR9835688	NA
Geminocystis_herdmanii	SRR9835689	NA
Geminocystis_herdmanii	SRR9835690	NA
Geminocystis_herdmanii	SRR9835691	NA
Geminocystis_herdmanii	SRR9835692	NA
Geminocystis_herdmanii	SRR9835693	NA
Geminocystis_herdmanii	SRR9835694	NA
Geminocystis_herdmanii	SRR9835695	NA
Geminocystis_herdmanii	SRR9835696	NA
Geminocystis_herdmanii	SRR9835697	NA
Geminocystis_herdmanii	SRR9835698	NA
Geminocystis_herdmanii	SRR9835699	NA
Geminocystis_herdmanii	SRR9835700	NA
Geminocystis_herdmanii	SRR9835701	NA
Geminocystis_herdmanii	SRR9835702	NA
Geminocystis_herdmanii	SRR9835703	NA
Geminocystis_herdmanii	SRR9835704	NA
Geminocystis_herdmanii	SRR9835705	NA
Geminocystis_herdmanii	SRR9835706	NA
Geminocystis_herdmanii	SRR9835707	NA
Geminocystis_herdmanii	SRR9835708	NA
Geminocystis_herdmanii	SRR9835709	NA
Geminocystis_herdmanii	SRR9835710	NA
Geminocystis_herdmanii	SRR9835711	NA
Geminocystis_herdmanii	SRR9835712	NA
Geminocystis_herdmanii	SRR9835713	NA
Geminocystis_herdmanii	SRR9835714	NA
Geminocystis_herdmanii	SRR9835715	NA
Geminocystis_herdmanii	SRR9835716	NA
Geminocystis_herdmanii	SRR9835717	NA
Geminocystis_herdmanii	SRR9835718	NA
Geminocystis_herdmanii	SRR9835719	NA
Geminocystis_herdmanii	SRR9835720	NA
Geminocystis_herdmanii	SRR9835721	NA
Geminocystis_herdmanii	SRR9835722	NA
Geminocystis_herdmanii	SRR9835723	NA
Geminocystis_herdmanii	SRR9835724	NA
Geminocystis_herdmanii	SRR9835725	NA
Geminocystis_herdmanii	SRR9835726	NA
Geminocystis_herdmanii	SRR9835727	NA
Geminocystis_herdmanii	SRR9835728	NA
Geminocystis_herdmanii	SRR9835729	NA
Geminocystis_herdmanii	SRR9835730	NA
Geminocystis_herdmanii	SRR9835731	NA
Geminocystis_herdmanii	SRR9835732	NA
Geminocystis_herdmanii	SRR9835733	NA
Geminocystis_herdmanii	SRR9835734	NA
Geminocystis_herdmanii	SRR9835735	NA
Geminocystis_herdmanii	SRR9835736	NA
Geminocystis_herdmanii	SRR9835737	NA
Geminocystis_herdmanii	SRR9835738	NA
Geminocystis_herdmanii	SRR9835739	NA
Geminocystis_herdmanii	SRR9835740	NA
Geminocystis_herdmanii	SRR9835741	NA
Geminocystis_herdmanii	SRR9835742	NA
Geminocystis_herdmanii	SRR9835743	NA
Geminocystis_herdmanii	SRR9835744	NA
Geminocystis_herdmanii	SRR9835745	NA
Geminocystis_herdmanii	SRR9835746	NA
Geminocystis_herdmanii	SRR9835747	NA
Geminocystis_herdmanii	SRR9835748	NA
Geminocystis_herdmanii	SRR9835749	NA
Geminocystis_herdmanii	SRR9835750	NA
Geminocystis_herdmanii	SRR9835751	NA
Geminocystis_herdmanii	SRR9835752	NA
Geminocystis_herdmanii	SRR9835753	NA
Geminocystis_herdmanii	SRR9835754	NA
Geminocystis_herdmanii	SRR9835755	NA
Geminocystis_herdmanii	SRR9835756	NA
Geminocystis_herdmanii	SRR9835757	NA
Geminocystis_herdmanii	SRR9835758	NA
Geminocystis_herdmanii	SRR9835759	NA
Geminocystis_herdmanii	SRR9835760	NA
Geminocystis_herdmanii	SRR9835761	NA
Geminocystis_herdmanii	SRR9835762	NA
Geminocystis_herdmanii	SRR9835763	NA
Geminocystis_herdmanii	SRR9835764	NA
Geminocystis_herdmanii	SRR9835765	NA
Geminocystis_herdmanii	SRR9835766	NA
Geminocystis_herdmanii	SRR9835767	NA
Geminocystis_herdmanii	SRR9835768	NA
Geminocystis_herdmanii	SRR9835769	NA
Geminocystis_herdmanii	SRR9835770	NA
Geminocystis_herdmanii	SRR9835771	NA
Geminocystis_herdmanii	SRR9835772	NA
Geminocystis_herdmanii	SRR9835773	NA
Geminocystis_herdmanii	SRR9835774	NA
Geminocystis_herdmanii	SRR9835775	NA
Geminocystis_herdmanii	SRR9835776	NA
Geminocystis_herdmanii	SRR9835777	NA
Geminocystis_herdmanii	SRR9835778	NA
Geminocystis_herdmanii	SRR9835779	NA
Geminocystis_herdmanii	SRR9835780	NA
Geminocystis_herdmanii	SRR9835781	NA
Geminocystis_herdmanii	SRR9835782	NA
Geminocystis_herdmanii	SRR9835783	NA
Geminocystis_herdmanii	SRR9835784	NA
Geminocystis_herdmanii	SRR9835785	NA
Geminocystis_herdmanii	SRR9835786	NA
Geminocystis_herdmanii	SRR9835787	NA
Geminocystis_herdmanii	SRR9835788	NA
Geminocystis_herdmanii	SRR9835789	NA
Geminocystis_herdmanii	SRR9835790	NA
Geminocystis_herdmanii	SRR9835791	NA
Geminocystis_herdmanii	SRR9835792	NA
Geminocystis_herdmanii	SRR9835793	NA
Geminocystis_herdmanii	SRR9835794	NA
Geminocystis_herdmanii	SRR9835795	NA
Geminocystis_herdmanii	SRR9835796	NA
Geminocystis_herdmanii	SRR9835797	NA
Geminocystis_herdmanii	SRR9835798	NA
Geminocystis_herdmanii	SRR9835799	NA
Geminocystis_herdmanii	SRR9835800	NA
Geminocystis_herdmanii	SRR9835801	NA
Geminocystis_herdmanii	SRR9835802	NA
Geminocystis_herdmanii	SRR9867812	2.870658925866186
Geminocystis_herdmanii	SRR9867813	3.306118968822224
Geminocystis_herdmanii	SRR9867814	2.2092644432774313
Geminocystis_herdmanii	SRR9867815	1.2157080170768058
Geminocystis_herdmanii	SRR9867816	2.0479551727425633
Geminocystis_herdmanii	SRR9867817	0.7385517420797729
Geminocystis_herdmanii	SRR9867818	1.0759035571995321
Geminocystis_herdmanii	SRR9867819	1.074697195052246
Geminocystis_herdmanii	SRR9867820	1.0216079877875042
Geminocystis_herdmanii	SRR9867821	1.096717715680603
Geminocystis_herdmanii	SRR9867822	2.2328139096461643
Geminocystis_herdmanii	SRR9867823	3.0403181346028374
Geminocystis_herdmanii	SRR9867824	0.8600549422370819
Geminocystis_herdmanii	SRR9867825	1.099953950568973
Geminocystis_herdmanii	SRR9867826	1.027321106864352
Geminocystis_herdmanii	SRR9867827	3.2360345514032383
Geminocystis_herdmanii	SRR9867828	0.7220781693183485
Geminocystis_herdmanii	SRR9867829	1.0712772936759596
Geminocystis_herdmanii	SRR9867830	4.3905077939871315
Geminocystis_herdmanii	SRR9867831	1.0481147905841997
Geminocystis_herdmanii	SRR9879292	NA
Geminocystis_herdmanii	SRR9879293	NA
Geminocystis_herdmanii	SRR9879294	NA
Geminocystis_herdmanii	SRR9879295	NA
Geminocystis_herdmanii	SRR9879296	NA
Geminocystis_herdmanii	SRR9879297	NA
Geminocystis_herdmanii	SRR9879298	NA
Geminocystis_herdmanii	SRR9879299	NA
Geminocystis_herdmanii	SRR9879300	NA
Geminocystis_herdmanii	SRR9879301	NA
Geminocystis_herdmanii	SRR9879302	NA
Geminocystis_herdmanii	SRR9879303	NA
Geminocystis_herdmanii	SRR9879304	NA
Geminocystis_herdmanii	SRR9879305	NA
Geminocystis_herdmanii	SRR9879306	NA
Geminocystis_herdmanii	SRR9879307	NA
Geminocystis_herdmanii	SRR9879308	NA
Geminocystis_herdmanii	SRR9879309	NA
Geminocystis_herdmanii	T50_307	2.204184012952024
Geminocystis_herdmanii	T50_313	1.172076923899624
Geminocystis_herdmanii	T50_317	0.7728027851226249
Geminocystis_herdmanii	T50_324	1.0174861902626822
Geminocystis_herdmanii	T50_427	1.2355256909978407
Geminocystis_herdmanii	T50_428	1.2332225073516185
Geminocystis_herdmanii	T50_431	2.4733443087821896
Geminocystis_herdmanii	T50_436	1.2470864040381697
Geminocystis_herdmanii	T50_476	1.2085062961205917
Geminocystis_herdmanii	UN_307	0.9534125586713283
Geminocystis_herdmanii	UN_313	1.03568654444311
Geminocystis_herdmanii	UN_317	0.6686055316202731
Geminocystis_herdmanii	UN_324	1.0225129867920197
Geminocystis_herdmanii	UN_427	1.2315484571030648
Geminocystis_herdmanii	UN_428	1.1834248220996775
Geminocystis_herdmanii	UN_431	1.203077489030243
Geminocystis_herdmanii	UN_436	1.2227960883966429
Geminocystis_herdmanii	UN_476	1.2366721543910948
