Feature	sample	counts
Micromonospora_siamensis	CM317	0.5843834468324337
Micromonospora_siamensis	CMCD140	0.28285951270728227
Micromonospora_siamensis	CMCD147	1.9933005699951625
Micromonospora_siamensis	CMCD152	1.2543405549084177
Micromonospora_siamensis	CMCD154	1.7233416202384853
Micromonospora_siamensis	CMCD159	0.2568009577903578
Micromonospora_siamensis	CMCD161	1.1492536054189197
Micromonospora_siamensis	CMCD174	3.079922219318384
Micromonospora_siamensis	CMCD196	1.105569770871789
Micromonospora_siamensis	CMCD198	2.499314575118829
Micromonospora_siamensis	CMCD203	3.222239360430103
Micromonospora_siamensis	CMCD211	1.1740700653077196
Micromonospora_siamensis	CMCD227	1.254584612393825
Micromonospora_siamensis	CMCD240	1.2450819982281849
Micromonospora_siamensis	CMCD259	2.4696952481880317
Micromonospora_siamensis	CMCD270	1.2212485655848873
Micromonospora_siamensis	CMCD275	3.7926032299751373
Micromonospora_siamensis	CMCD282	2.0211808562917737
Micromonospora_siamensis	CMCD286	1.2579314529084173
Micromonospora_siamensis	CMCD287	2.5095209972587917
Micromonospora_siamensis	CMCD294	7.1961711285967
Micromonospora_siamensis	CMCD327	1.037968579635008
Micromonospora_siamensis	CMCD335	3.425244439017245
Micromonospora_siamensis	CMCD337	1.041893613106485
Micromonospora_siamensis	CMCD357	3.1791372457089513
Micromonospora_siamensis	CMCD398	2.1406845149391693
Micromonospora_siamensis	CMCD403	2.2426952422878643
Micromonospora_siamensis	CMCD422	1.0913308317423123
Micromonospora_siamensis	CMCD426	1.0110378270852087
Micromonospora_siamensis	CMCD71	3.1749303662249804
Micromonospora_siamensis	CMCD72	2.4188450635284684
Micromonospora_siamensis	CMCD76	3.438670596070149
Micromonospora_siamensis	CMCD88	1.2239557140655961
Micromonospora_siamensis	CMSA256	1.2349498834315344
Micromonospora_siamensis	CMSA316	6.2829288073978855
Micromonospora_siamensis	CMUC110	1.2625745715208956
Micromonospora_siamensis	CMUC192	2.3586363444410647
Micromonospora_siamensis	CMUC199	1.0274884622655986
Micromonospora_siamensis	CMUC200	1.227219088600506
Micromonospora_siamensis	CMUC208	2.0623943200338624
Micromonospora_siamensis	CMUC231	1.2349498834315344
Micromonospora_siamensis	CMUC234	1.2676718562975933
Micromonospora_siamensis	CMUC285	2.465660561061349
Micromonospora_siamensis	CMUC291	1.2276579964460468
Micromonospora_siamensis	CMUC295	3.4837756330523275
Micromonospora_siamensis	CMUC299	1.2768196385987194
Micromonospora_siamensis	CMUC301	1.255400967187306
Micromonospora_siamensis	CMUC307	1.189897190719974
Micromonospora_siamensis	CMUC313	2.7012275672295405
Micromonospora_siamensis	CMUC314	0.7793602685392171
Micromonospora_siamensis	CMUC323	6.972224295962532
Micromonospora_siamensis	CMUC324	1.0662355004167046
Micromonospora_siamensis	CMUC331	0.9634555538907174
Micromonospora_siamensis	CMUC333	1.3134554949160868
Micromonospora_siamensis	CMUC334	2.010222561856411
Micromonospora_siamensis	CMUC346	2.6826340649339375
Micromonospora_siamensis	CMUC352	6.737081947492601
Micromonospora_siamensis	CMUC360	1.1463065502374457
Micromonospora_siamensis	CMUC363	1.9541114425106338
Micromonospora_siamensis	CMUC365	0.47757430428517306
Micromonospora_siamensis	CMUC366	2.060881238085782
Micromonospora_siamensis	CMUC368	1.0606050887152505
Micromonospora_siamensis	CMUC377	2.9446446293587916
Micromonospora_siamensis	CMUC379	3.69410039386644
Micromonospora_siamensis	CMUC380	3.056461819100883
Micromonospora_siamensis	CMUC383	0.8485046958753965
Micromonospora_siamensis	CMUC394	2.6218845363461534
Micromonospora_siamensis	CMUC419	2.835033124814739
Micromonospora_siamensis	CMUC427	1.1460323041592848
Micromonospora_siamensis	CMUC428	3.207077789322974
Micromonospora_siamensis	CMUC431	1.0951166246958384
Micromonospora_siamensis	CMUC435	1.553473543920391
Micromonospora_siamensis	CMUC439	3.2706806794862473
Micromonospora_siamensis	CMUC89	1.2362886415966772
Micromonospora_siamensis	CS219	1.1600013501580453
Micromonospora_siamensis	CS256	1.2567251485578759
Micromonospora_siamensis	CS257	1.7422636758576637
Micromonospora_siamensis	CS259	1.1709106740339585
Micromonospora_siamensis	CS261	1.5187732134537737
Micromonospora_siamensis	CS266	2.251799202253039
Micromonospora_siamensis	CS270	2.3357152632169327
Micromonospora_siamensis	CS277	2.4725772831933543
Micromonospora_siamensis	CS288	1.3160122260372675
Micromonospora_siamensis	CS290	1.155781100264946
Micromonospora_siamensis	CS292	0.7760813903566917
Micromonospora_siamensis	CS293	1.6376237908993114
Micromonospora_siamensis	CS301	0.6704544917801645
Micromonospora_siamensis	CS306	3.029265297506203
Micromonospora_siamensis	CS308	2.0927580598707687
Micromonospora_siamensis	CS315	2.7946269245401516
Micromonospora_siamensis	CS317	5.5074255336598545
Micromonospora_siamensis	CS322	3.553980304042053
Micromonospora_siamensis	CS327	3.505781801168415
Micromonospora_siamensis	CS328	1.5138387797143342
Micromonospora_siamensis	CS330	0.8324453397767112
Micromonospora_siamensis	CS331	0.6363873960102816
Micromonospora_siamensis	CS335	2.2391259290872445
Micromonospora_siamensis	CS338	1.8038381614561438
Micromonospora_siamensis	CS339	1.1310608836624043
Micromonospora_siamensis	CS343	1.7681870865948215
Micromonospora_siamensis	CS344	4.068037617432294
Micromonospora_siamensis	CS350	1.6368838431475072
Micromonospora_siamensis	CS351	2.113201966975802
Micromonospora_siamensis	CS361	2.1714401713147153
Micromonospora_siamensis	CS388	1.5502982884404084
Micromonospora_siamensis	CS396	1.102092006476012
Micromonospora_siamensis	CS405	1.0527288346126829
Micromonospora_siamensis	CS415	3.472362797841743
Micromonospora_siamensis	CS424	4.776089164134061
Micromonospora_siamensis	IM293	1.1289022182802304
Micromonospora_siamensis	IM296	3.720192865305158
Micromonospora_siamensis	IM297	2.1118885541029093
Micromonospora_siamensis	IM300	1.2182968475560507
Micromonospora_siamensis	IM305	1.0065130822606403
Micromonospora_siamensis	IM309	1.1021534623720015
Micromonospora_siamensis	IM310	0.4780244448163766
Micromonospora_siamensis	IM311	5.724181517786236
Micromonospora_siamensis	IM316	4.2428304594026285
Micromonospora_siamensis	IM320	1.9861686971188497
Micromonospora_siamensis	IM330	1.0311971600169312
Micromonospora_siamensis	IM332	0.6510348288950135
Micromonospora_siamensis	IM340	5.190421053993852
Micromonospora_siamensis	IM348	2.1130811727766354
Micromonospora_siamensis	IM354	2.3374838207199278
Micromonospora_siamensis	IM356	2.1991984831323403
Micromonospora_siamensis	IM364	3.2405291875431383
Micromonospora_siamensis	IM372	1.938221125487122
Micromonospora_siamensis	IM374	4.822717257387993
Micromonospora_siamensis	IM376	2.0574707482171464
Micromonospora_siamensis	IM381	1.1421660276317966
Micromonospora_siamensis	IM382	2.072987228447636
Micromonospora_siamensis	IM385	1.2588732062842571
Micromonospora_siamensis	IM390	1.1672603442010954
Micromonospora_siamensis	IM397	1.8584286836003017
Micromonospora_siamensis	IM404	1.0855292251152537
Micromonospora_siamensis	IM409	1.0184497042244391
Micromonospora_siamensis	IM412	2.556099338681192
Micromonospora_siamensis	IM421	10.936659147073222
Micromonospora_siamensis	IM425	3.808852593745451
Micromonospora_siamensis	IM432	4.546519074361376
Micromonospora_siamensis	IM438	1.1787640385621727
Micromonospora_siamensis	IM442	0.8245414785044531
Micromonospora_siamensis	IM445	1.452856636781195
Micromonospora_siamensis	IM448	4.391005708525099
Micromonospora_siamensis	IM449	1.807965226818215
Micromonospora_siamensis	IM451	5.157594902828532
Micromonospora_siamensis	IMSA256	1.3268077656506534
Micromonospora_siamensis	IMSA276	1.2009459450239315
Micromonospora_siamensis	IMSA286	1.24747498194623
Micromonospora_siamensis	IMSA343	1.289582748275716
Micromonospora_siamensis	IS_238	1.2543405549084177
Micromonospora_siamensis	IS238	1.2906217376052864
Micromonospora_siamensis	IS243	1.219833517293767
Micromonospora_siamensis	IS253	1.2533434159200771
Micromonospora_siamensis	IS283	2.271607124604544
Micromonospora_siamensis	IS322	1.7276591183240173
Micromonospora_siamensis	IS399	1.0737696431162256
Micromonospora_siamensis	IS418	2.0807007522345584
Micromonospora_siamensis	IS430	5.256005677280014
Micromonospora_siamensis	IS437	1.0147787430539674
Micromonospora_siamensis	IS444	2.0649481265766734
Micromonospora_siamensis	R276CMSA	4.595277649189624
Micromonospora_siamensis	R286CMSA	1.2706266228833678
Micromonospora_siamensis	R292CMSA	4.4813184941090505
Micromonospora_siamensis	R292IMSA	2.3487166952656287
Micromonospora_siamensis	R308CMSA	3.4473323963939873
Micromonospora_siamensis	R316IMSA	1.1756330658298508
Micromonospora_siamensis	R347CMSA	2.854767760482256
Micromonospora_siamensis	R347IMSA	1.2367242180656381
Micromonospora_siamensis	R371CMSA	3.406932649340135
Micromonospora_siamensis	SRR10104064	NA
Micromonospora_siamensis	SRR10104065	NA
Micromonospora_siamensis	SRR10104066	NA
Micromonospora_siamensis	SRR10104067	NA
Micromonospora_siamensis	SRR10104068	NA
Micromonospora_siamensis	SRR10104069	NA
Micromonospora_siamensis	SRR10104070	NA
Micromonospora_siamensis	SRR10104071	NA
Micromonospora_siamensis	SRR10104072	NA
Micromonospora_siamensis	SRR10104073	NA
Micromonospora_siamensis	SRR10104074	NA
Micromonospora_siamensis	SRR10104075	NA
Micromonospora_siamensis	SRR10104076	NA
Micromonospora_siamensis	SRR10104077	NA
Micromonospora_siamensis	SRR10104078	NA
Micromonospora_siamensis	SRR10104079	NA
Micromonospora_siamensis	SRR10104080	NA
Micromonospora_siamensis	SRR10104081	NA
Micromonospora_siamensis	SRR10104082	NA
Micromonospora_siamensis	SRR10104083	NA
Micromonospora_siamensis	SRR10104084	NA
Micromonospora_siamensis	SRR10104085	NA
Micromonospora_siamensis	SRR10104086	NA
Micromonospora_siamensis	SRR10104087	NA
Micromonospora_siamensis	SRR10104088	NA
Micromonospora_siamensis	SRR10104089	NA
Micromonospora_siamensis	SRR10104090	NA
Micromonospora_siamensis	SRR10104091	NA
Micromonospora_siamensis	SRR10104092	NA
Micromonospora_siamensis	SRR10104093	NA
Micromonospora_siamensis	SRR10104094	NA
Micromonospora_siamensis	SRR10104095	NA
Micromonospora_siamensis	SRR10104096	NA
Micromonospora_siamensis	SRR10104097	NA
Micromonospora_siamensis	SRR10104098	NA
Micromonospora_siamensis	SRR10104099	NA
Micromonospora_siamensis	SRR10104100	NA
Micromonospora_siamensis	SRR10104101	NA
Micromonospora_siamensis	SRR10104102	NA
Micromonospora_siamensis	SRR10104103	NA
Micromonospora_siamensis	SRR10104104	NA
Micromonospora_siamensis	SRR10104105	NA
Micromonospora_siamensis	SRR10104106	NA
Micromonospora_siamensis	SRR10104107	NA
Micromonospora_siamensis	SRR10104108	NA
Micromonospora_siamensis	SRR10104109	NA
Micromonospora_siamensis	SRR10104110	NA
Micromonospora_siamensis	SRR10104111	NA
Micromonospora_siamensis	SRR10104112	NA
Micromonospora_siamensis	SRR10104113	NA
Micromonospora_siamensis	SRR10104114	NA
Micromonospora_siamensis	SRR10104115	NA
Micromonospora_siamensis	SRR10104116	NA
Micromonospora_siamensis	SRR10104117	NA
Micromonospora_siamensis	SRR10104118	NA
Micromonospora_siamensis	SRR10104119	NA
Micromonospora_siamensis	SRR10104120	NA
Micromonospora_siamensis	SRR10104121	NA
Micromonospora_siamensis	SRR10104122	NA
Micromonospora_siamensis	SRR10104123	NA
Micromonospora_siamensis	SRR10104124	NA
Micromonospora_siamensis	SRR10104125	NA
Micromonospora_siamensis	SRR10104126	NA
Micromonospora_siamensis	SRR10104127	NA
Micromonospora_siamensis	SRR10104128	NA
Micromonospora_siamensis	SRR10104129	NA
Micromonospora_siamensis	SRR10104130	NA
Micromonospora_siamensis	SRR10104131	NA
Micromonospora_siamensis	SRR10104132	NA
Micromonospora_siamensis	SRR10104133	NA
Micromonospora_siamensis	SRR10104134	NA
Micromonospora_siamensis	SRR10104135	NA
Micromonospora_siamensis	SRR10104136	NA
Micromonospora_siamensis	SRR10104137	NA
Micromonospora_siamensis	SRR10104138	NA
Micromonospora_siamensis	SRR10104139	NA
Micromonospora_siamensis	SRR10104140	NA
Micromonospora_siamensis	SRR10104141	NA
Micromonospora_siamensis	SRR10104142	NA
Micromonospora_siamensis	SRR10104143	NA
Micromonospora_siamensis	SRR10104144	NA
Micromonospora_siamensis	SRR10104145	NA
Micromonospora_siamensis	SRR10104146	NA
Micromonospora_siamensis	SRR10104147	NA
Micromonospora_siamensis	SRR10104148	NA
Micromonospora_siamensis	SRR10104149	NA
Micromonospora_siamensis	SRR10104150	NA
Micromonospora_siamensis	SRR10104151	NA
Micromonospora_siamensis	SRR10104152	NA
Micromonospora_siamensis	SRR10104153	NA
Micromonospora_siamensis	SRR10104154	NA
Micromonospora_siamensis	SRR10104155	NA
Micromonospora_siamensis	SRR10104156	NA
Micromonospora_siamensis	SRR10104157	NA
Micromonospora_siamensis	SRR10104158	NA
Micromonospora_siamensis	SRR10104159	NA
Micromonospora_siamensis	SRR10104160	NA
Micromonospora_siamensis	SRR10104161	NA
Micromonospora_siamensis	SRR10104162	NA
Micromonospora_siamensis	SRR10104163	NA
Micromonospora_siamensis	SRR10104164	NA
Micromonospora_siamensis	SRR10104165	NA
Micromonospora_siamensis	SRR10104166	NA
Micromonospora_siamensis	SRR10104167	NA
Micromonospora_siamensis	SRR10104168	NA
Micromonospora_siamensis	SRR10104169	NA
Micromonospora_siamensis	SRR10104170	NA
Micromonospora_siamensis	SRR10104171	NA
Micromonospora_siamensis	SRR10104172	NA
Micromonospora_siamensis	SRR10104173	NA
Micromonospora_siamensis	SRR10104174	NA
Micromonospora_siamensis	SRR10104175	NA
Micromonospora_siamensis	SRR10104176	NA
Micromonospora_siamensis	SRR10104177	NA
Micromonospora_siamensis	SRR10104178	NA
Micromonospora_siamensis	SRR10104179	NA
Micromonospora_siamensis	SRR10104180	NA
Micromonospora_siamensis	SRR10104181	NA
Micromonospora_siamensis	SRR10104182	NA
Micromonospora_siamensis	SRR10104183	NA
Micromonospora_siamensis	SRR10104184	NA
Micromonospora_siamensis	SRR10104185	NA
Micromonospora_siamensis	SRR10104186	NA
Micromonospora_siamensis	SRR10104187	NA
Micromonospora_siamensis	SRR10104188	NA
Micromonospora_siamensis	SRR10104189	NA
Micromonospora_siamensis	SRR10104190	NA
Micromonospora_siamensis	SRR10104191	NA
Micromonospora_siamensis	SRR10104192	NA
Micromonospora_siamensis	SRR10104193	NA
Micromonospora_siamensis	SRR10104194	NA
Micromonospora_siamensis	SRR10104195	NA
Micromonospora_siamensis	SRR10104196	NA
Micromonospora_siamensis	SRR10104197	NA
Micromonospora_siamensis	SRR10104198	NA
Micromonospora_siamensis	SRR10104199	NA
Micromonospora_siamensis	SRR10104200	NA
Micromonospora_siamensis	SRR10104201	NA
Micromonospora_siamensis	SRR10104202	NA
Micromonospora_siamensis	SRR10104203	NA
Micromonospora_siamensis	SRR10104204	NA
Micromonospora_siamensis	SRR10104205	NA
Micromonospora_siamensis	SRR10104206	NA
Micromonospora_siamensis	SRR10104207	NA
Micromonospora_siamensis	SRR10104208	NA
Micromonospora_siamensis	SRR10104209	NA
Micromonospora_siamensis	SRR10104210	NA
Micromonospora_siamensis	SRR10104211	NA
Micromonospora_siamensis	SRR10104212	NA
Micromonospora_siamensis	SRR10104213	NA
Micromonospora_siamensis	SRR10104214	NA
Micromonospora_siamensis	SRR10104215	NA
Micromonospora_siamensis	SRR10104216	NA
Micromonospora_siamensis	SRR10104217	NA
Micromonospora_siamensis	SRR10104218	NA
Micromonospora_siamensis	SRR10104219	NA
Micromonospora_siamensis	SRR10104220	NA
Micromonospora_siamensis	SRR10104221	NA
Micromonospora_siamensis	SRR10104222	NA
Micromonospora_siamensis	SRR10104223	NA
Micromonospora_siamensis	SRR10104224	NA
Micromonospora_siamensis	SRR10104225	NA
Micromonospora_siamensis	SRR10104226	NA
Micromonospora_siamensis	SRR10104227	NA
Micromonospora_siamensis	SRR10104228	NA
Micromonospora_siamensis	SRR10104229	NA
Micromonospora_siamensis	SRR10104230	NA
Micromonospora_siamensis	SRR10104231	NA
Micromonospora_siamensis	SRR10104232	NA
Micromonospora_siamensis	SRR10104233	NA
Micromonospora_siamensis	SRR10104234	NA
Micromonospora_siamensis	SRR10104235	NA
Micromonospora_siamensis	SRR10104236	NA
Micromonospora_siamensis	SRR10104237	NA
Micromonospora_siamensis	SRR10104238	NA
Micromonospora_siamensis	SRR10104239	NA
Micromonospora_siamensis	SRR10104240	NA
Micromonospora_siamensis	SRR10104241	NA
Micromonospora_siamensis	SRR10104242	NA
Micromonospora_siamensis	SRR10104243	NA
Micromonospora_siamensis	SRR10104244	NA
Micromonospora_siamensis	SRR10104245	NA
Micromonospora_siamensis	SRR10104246	NA
Micromonospora_siamensis	SRR10104247	NA
Micromonospora_siamensis	SRR10104248	NA
Micromonospora_siamensis	SRR10104249	NA
Micromonospora_siamensis	SRR10104250	NA
Micromonospora_siamensis	SRR10104251	NA
Micromonospora_siamensis	SRR10104252	NA
Micromonospora_siamensis	SRR10104253	NA
Micromonospora_siamensis	SRR10104254	NA
Micromonospora_siamensis	SRR10104255	NA
Micromonospora_siamensis	SRR10104256	NA
Micromonospora_siamensis	SRR10104257	NA
Micromonospora_siamensis	SRR10104258	NA
Micromonospora_siamensis	SRR10224277	1.3701638199222166
Micromonospora_siamensis	SRR10224278	1.3701638199222166
Micromonospora_siamensis	SRR10224279	1.3701638199222166
Micromonospora_siamensis	SRR10224280	1.3701638199222166
Micromonospora_siamensis	SRR10224281	1.3701638199222166
Micromonospora_siamensis	SRR10224282	1.3701638199222166
Micromonospora_siamensis	SRR10224283	1.3701638199222166
Micromonospora_siamensis	SRR10224284	1.3701638199222166
Micromonospora_siamensis	SRR10224285	1.3701638199222166
Micromonospora_siamensis	SRR10224286	1.3701638199222166
Micromonospora_siamensis	SRR10224287	1.3701638199222166
Micromonospora_siamensis	SRR10224288	1.3701638199222166
Micromonospora_siamensis	SRR10224289	1.3701638199222166
Micromonospora_siamensis	SRR10224290	1.3701638199222166
Micromonospora_siamensis	SRR10224291	1.3701638199222166
Micromonospora_siamensis	SRR10224292	1.3701638199222166
Micromonospora_siamensis	SRR10224293	1.3701638199222166
Micromonospora_siamensis	SRR10224294	1.3701638199222166
Micromonospora_siamensis	SRR10224295	1.3701638199222166
Micromonospora_siamensis	SRR10224296	1.3701638199222166
Micromonospora_siamensis	SRR10224297	1.3701638199222166
Micromonospora_siamensis	SRR10224298	1.3701638199222166
Micromonospora_siamensis	SRR10318388	NA
Micromonospora_siamensis	SRR10318389	NA
Micromonospora_siamensis	SRR10318390	NA
Micromonospora_siamensis	SRR10318391	NA
Micromonospora_siamensis	SRR10318392	NA
Micromonospora_siamensis	SRR10318393	NA
Micromonospora_siamensis	SRR10318394	NA
Micromonospora_siamensis	SRR10318395	NA
Micromonospora_siamensis	SRR10318396	NA
Micromonospora_siamensis	SRR10318397	NA
Micromonospora_siamensis	SRR10318398	NA
Micromonospora_siamensis	SRR10318399	NA
Micromonospora_siamensis	SRR10318400	NA
Micromonospora_siamensis	SRR10318401	NA
Micromonospora_siamensis	SRR10318402	NA
Micromonospora_siamensis	SRR10318403	NA
Micromonospora_siamensis	SRR10318404	NA
Micromonospora_siamensis	SRR10318405	NA
Micromonospora_siamensis	SRR10318406	NA
Micromonospora_siamensis	SRR10318407	NA
Micromonospora_siamensis	SRR10318408	NA
Micromonospora_siamensis	SRR10318409	NA
Micromonospora_siamensis	SRR10318410	NA
Micromonospora_siamensis	SRR10318411	NA
Micromonospora_siamensis	SRR10318412	NA
Micromonospora_siamensis	SRR10318413	NA
Micromonospora_siamensis	SRR10318414	NA
Micromonospora_siamensis	SRR10318415	NA
Micromonospora_siamensis	SRR10318416	NA
Micromonospora_siamensis	SRR10318417	NA
Micromonospora_siamensis	SRR10318418	NA
Micromonospora_siamensis	SRR10318419	NA
Micromonospora_siamensis	SRR10318420	NA
Micromonospora_siamensis	SRR10318421	NA
Micromonospora_siamensis	SRR10318422	NA
Micromonospora_siamensis	SRR10318423	NA
Micromonospora_siamensis	SRR10318424	NA
Micromonospora_siamensis	SRR10318425	NA
Micromonospora_siamensis	SRR10318426	NA
Micromonospora_siamensis	SRR10318427	NA
Micromonospora_siamensis	SRR10318428	NA
Micromonospora_siamensis	SRR10318429	NA
Micromonospora_siamensis	SRR10318430	NA
Micromonospora_siamensis	SRR10318431	NA
Micromonospora_siamensis	SRR10318432	NA
Micromonospora_siamensis	SRR10318433	NA
Micromonospora_siamensis	SRR10318434	NA
Micromonospora_siamensis	SRR10318435	NA
Micromonospora_siamensis	SRR10318436	NA
Micromonospora_siamensis	SRR10318437	NA
Micromonospora_siamensis	SRR10318438	NA
Micromonospora_siamensis	SRR10318439	NA
Micromonospora_siamensis	SRR10318440	NA
Micromonospora_siamensis	SRR10318441	NA
Micromonospora_siamensis	SRR10318442	NA
Micromonospora_siamensis	SRR10318443	NA
Micromonospora_siamensis	SRR10318444	NA
Micromonospora_siamensis	SRR10318445	NA
Micromonospora_siamensis	SRR10318446	NA
Micromonospora_siamensis	SRR10318447	NA
Micromonospora_siamensis	SRR10318448	NA
Micromonospora_siamensis	SRR10318449	NA
Micromonospora_siamensis	SRR10318450	NA
Micromonospora_siamensis	SRR10318451	NA
Micromonospora_siamensis	SRR10318452	NA
Micromonospora_siamensis	SRR10318453	NA
Micromonospora_siamensis	SRR10318454	NA
Micromonospora_siamensis	SRR10318455	NA
Micromonospora_siamensis	SRR10318456	NA
Micromonospora_siamensis	SRR10318457	NA
Micromonospora_siamensis	SRR10318458	NA
Micromonospora_siamensis	SRR10318459	NA
Micromonospora_siamensis	SRR10318460	NA
Micromonospora_siamensis	SRR10318461	NA
Micromonospora_siamensis	SRR10318462	NA
Micromonospora_siamensis	SRR10318463	NA
Micromonospora_siamensis	SRR10318464	NA
Micromonospora_siamensis	SRR10318465	NA
Micromonospora_siamensis	SRR10318466	NA
Micromonospora_siamensis	SRR10318467	NA
Micromonospora_siamensis	SRR10318468	NA
Micromonospora_siamensis	SRR10318469	NA
Micromonospora_siamensis	SRR10318470	NA
Micromonospora_siamensis	SRR10318471	NA
Micromonospora_siamensis	SRR10318472	NA
Micromonospora_siamensis	SRR10318473	NA
Micromonospora_siamensis	SRR10318474	NA
Micromonospora_siamensis	SRR10318475	NA
Micromonospora_siamensis	SRR10318476	NA
Micromonospora_siamensis	SRR10318495	NA
Micromonospora_siamensis	SRR10318496	NA
Micromonospora_siamensis	SRR10318497	NA
Micromonospora_siamensis	SRR10318498	NA
Micromonospora_siamensis	SRR10318499	NA
Micromonospora_siamensis	SRR10318500	NA
Micromonospora_siamensis	SRR10318501	NA
Micromonospora_siamensis	SRR10318502	NA
Micromonospora_siamensis	SRR10318503	NA
Micromonospora_siamensis	SRR10318504	NA
Micromonospora_siamensis	SRR10318505	NA
Micromonospora_siamensis	SRR10318506	NA
Micromonospora_siamensis	SRR10318507	NA
Micromonospora_siamensis	SRR10318508	NA
Micromonospora_siamensis	SRR10318509	NA
Micromonospora_siamensis	SRR10318510	NA
Micromonospora_siamensis	SRR10318511	NA
Micromonospora_siamensis	SRR10318512	NA
Micromonospora_siamensis	SRR10318513	NA
Micromonospora_siamensis	SRR10318514	NA
Micromonospora_siamensis	SRR10318515	NA
Micromonospora_siamensis	SRR10318516	NA
Micromonospora_siamensis	SRR10318517	NA
Micromonospora_siamensis	SRR10318518	NA
Micromonospora_siamensis	SRR10318519	NA
Micromonospora_siamensis	SRR10318520	NA
Micromonospora_siamensis	SRR10318521	NA
Micromonospora_siamensis	SRR10318522	NA
Micromonospora_siamensis	SRR10318523	NA
Micromonospora_siamensis	SRR10318524	NA
Micromonospora_siamensis	SRR10318525	NA
Micromonospora_siamensis	SRR10318526	NA
Micromonospora_siamensis	SRR10318527	NA
Micromonospora_siamensis	SRR10318528	NA
Micromonospora_siamensis	SRR10318529	NA
Micromonospora_siamensis	SRR10318530	NA
Micromonospora_siamensis	SRR10318531	NA
Micromonospora_siamensis	SRR10318532	NA
Micromonospora_siamensis	SRR10318533	NA
Micromonospora_siamensis	SRR10318534	NA
Micromonospora_siamensis	SRR10318535	NA
Micromonospora_siamensis	SRR10318536	NA
Micromonospora_siamensis	SRR10318537	NA
Micromonospora_siamensis	SRR10318538	NA
Micromonospora_siamensis	SRR10318539	NA
Micromonospora_siamensis	SRR10318540	NA
Micromonospora_siamensis	SRR10318541	NA
Micromonospora_siamensis	SRR10318542	NA
Micromonospora_siamensis	SRR10318543	NA
Micromonospora_siamensis	SRR10318544	NA
Micromonospora_siamensis	SRR10318545	NA
Micromonospora_siamensis	SRR10318546	NA
Micromonospora_siamensis	SRR10318547	NA
Micromonospora_siamensis	SRR10318548	NA
Micromonospora_siamensis	SRR10318549	NA
Micromonospora_siamensis	SRR10318568	NA
Micromonospora_siamensis	SRR10318569	NA
Micromonospora_siamensis	SRR10318570	NA
Micromonospora_siamensis	SRR10318571	NA
Micromonospora_siamensis	SRR10318572	NA
Micromonospora_siamensis	SRR10318573	NA
Micromonospora_siamensis	SRR10318574	NA
Micromonospora_siamensis	SRR10318575	NA
Micromonospora_siamensis	SRR10318576	NA
Micromonospora_siamensis	SRR10318577	NA
Micromonospora_siamensis	SRR10318578	NA
Micromonospora_siamensis	SRR10318579	NA
Micromonospora_siamensis	SRR10318580	NA
Micromonospora_siamensis	SRR10318581	NA
Micromonospora_siamensis	SRR10875803	1.2882433644676075
Micromonospora_siamensis	SRR10875804	1.3131501335763234
Micromonospora_siamensis	SRR10875805	1.321798712280005
Micromonospora_siamensis	SRR10875806	1.3274339751425022
Micromonospora_siamensis	SRR10875807	1.3131501335763234
Micromonospora_siamensis	SRR10875808	1.3045425033315778
Micromonospora_siamensis	SRR10875809	1.3041708781634826
Micromonospora_siamensis	SRR10875810	1.3045425033315778
Micromonospora_siamensis	SRR10875812	1.3183154886473012
Micromonospora_siamensis	SRR10875813	1.3118964527875616
Micromonospora_siamensis	SRR10875814	1.3220060933753541
Micromonospora_siamensis	SRR10875815	1.3256464886490253
Micromonospora_siamensis	SRR10875816	1.3183139712761642
Micromonospora_siamensis	SRR10875817	1.2826454793017845
Micromonospora_siamensis	SRR10875818	1.3099462731867664
Micromonospora_siamensis	SRR10875819	1.3200824134173645
Micromonospora_siamensis	SRR10875820	1.32788603600936
Micromonospora_siamensis	SRR10875821	1.3284070765001421
Micromonospora_siamensis	SRR10875822	1.316342388280703
Micromonospora_siamensis	SRR10875823	1.3238501380291254
Micromonospora_siamensis	SRR10875824	1.2857278820269409
Micromonospora_siamensis	SRR10875825	2.65577207201872
Micromonospora_siamensis	SRR10875826	1.3307758213748055
Micromonospora_siamensis	SRR10875827	1.3139301099540455
Micromonospora_siamensis	SRR10875829	1.3308497310876877
Micromonospora_siamensis	SRR10875830	1.336318015657321
Micromonospora_siamensis	SRR10875831	2.6597018252503917
Micromonospora_siamensis	SRR10875832	1.3160122260372673
Micromonospora_siamensis	SRR10875834	1.3259085555509957
Micromonospora_siamensis	SRR10875835	1.3199680560689169
Micromonospora_siamensis	SRR10875836	1.3212481279970223
Micromonospora_siamensis	SRR10875837	1.316342388280703
Micromonospora_siamensis	SRR10875838	1.2725223989275738
Micromonospora_siamensis	SRR10875839	1.3273671044979394
Micromonospora_siamensis	SRR10875840	1.3267406454623065
Micromonospora_siamensis	SRR10875841	1.3248031109985206
Micromonospora_siamensis	SRR10875842	1.3266006038672002
Micromonospora_siamensis	SRR10875843	1.2063622481392364
Micromonospora_siamensis	SRR10875844	1.2662671068962372
Micromonospora_siamensis	SRR10875845	1.2640509762738386
Micromonospora_siamensis	SRR10875846	1.2604869465499007
Micromonospora_siamensis	SRR10875847	1.1969670987350434
Micromonospora_siamensis	SRR10875848	3.7714970671289083
Micromonospora_siamensis	SRR10875849	1.2483503616987424
Micromonospora_siamensis	SRR10875850	1.2877682815575862
Micromonospora_siamensis	SRR10875851	1.28804384092142
Micromonospora_siamensis	SRR10875852	1.29222875324749
Micromonospora_siamensis	SRR10875853	1.30825437319375
Micromonospora_siamensis	SRR10875854	1.2759952845004103
Micromonospora_siamensis	SRR10875855	1.2518352308855787
Micromonospora_siamensis	SRR10875856	1.2411170876112294
Micromonospora_siamensis	SRR10875857	1.258337023175053
Micromonospora_siamensis	SRR10875858	1.2227783442448608
Micromonospora_siamensis	SRR10875859	1.204987904919043
Micromonospora_siamensis	SRR10875860	1.2064748151354214
Micromonospora_siamensis	SRR10875861	1.2573544954049152
Micromonospora_siamensis	SRR10875862	1.254466217950269
Micromonospora_siamensis	SRR10875863	1.2707186765588716
Micromonospora_siamensis	SRR10875864	1.281180449304323
Micromonospora_siamensis	SRR10875865	1.2835261256891743
Micromonospora_siamensis	SRR10875866	1.2940783581230297
Micromonospora_siamensis	SRR10875867	1.2638660104849928
Micromonospora_siamensis	SRR10875868	1.2930909194340356
Micromonospora_siamensis	SRR10875869	1.2483245606222864
Micromonospora_siamensis	SRR10875870	1.2864966457609845
Micromonospora_siamensis	SRR10875871	1.2222670639546285
Micromonospora_siamensis	SRR10875872	1.2296931027169007
Micromonospora_siamensis	SRR10875873	1.3074076988447034
Micromonospora_siamensis	SRR10875874	1.231938349125697
Micromonospora_siamensis	SRR10875875	1.2894221909763848
Micromonospora_siamensis	SRR10875876	1.2830404425737167
Micromonospora_siamensis	SRR10875877	1.299949488077003
Micromonospora_siamensis	SRR10875878	1.2929530532335602
Micromonospora_siamensis	SRR10875879	1.303527974255504
Micromonospora_siamensis	SRR10875880	1.317797596015097
Micromonospora_siamensis	SRR10875881	1.2415153575984894
Micromonospora_siamensis	SRR10875882	1.307155319087134
Micromonospora_siamensis	SRR10875883	1.296477417292304
Micromonospora_siamensis	SRR10875884	1.3118968540320162
Micromonospora_siamensis	SRR10875885	2.5765019387379593
Micromonospora_siamensis	SRR10875886	1.2857100602272609
Micromonospora_siamensis	SRR10875887	1.2937764583536733
Micromonospora_siamensis	SRR10875888	1.3290237230739097
Micromonospora_siamensis	SRR10875889	2.4610282683647795
Micromonospora_siamensis	SRR10875890	1.2919491547029816
Micromonospora_siamensis	SRR10875891	1.2662671068962372
Micromonospora_siamensis	SRR10875892	1.2857662972196502
Micromonospora_siamensis	SRR10875893	1.2902080101344982
Micromonospora_siamensis	SRR10875894	2.286873752847623
Micromonospora_siamensis	SRR10875895	1.252805823307487
Micromonospora_siamensis	SRR10875896	1.313028662557598
Micromonospora_siamensis	SRR10875897	1.25885375150116
Micromonospora_siamensis	SRR10875898	1.2315484571030648
Micromonospora_siamensis	SRR10875899	1.2954491670711659
Micromonospora_siamensis	SRR10875900	1.2987680889557414
Micromonospora_siamensis	SRR10875901	1.3286860621482448
Micromonospora_siamensis	SRR10875902	1.3274266445714387
Micromonospora_siamensis	SRR12430469	1.3583740921230527
Micromonospora_siamensis	SRR12430470	1.3591647978736123
Micromonospora_siamensis	SRR12430471	1.3599875461622084
Micromonospora_siamensis	SRR12430472	1.3575309203869175
Micromonospora_siamensis	SRR12430473	1.3576823165353116
Micromonospora_siamensis	SRR12430474	1.359557935336347
Micromonospora_siamensis	SRR12430475	1.3565777300701471
Micromonospora_siamensis	SRR12430476	1.359861209009657
Micromonospora_siamensis	SRR12765534	NA
Micromonospora_siamensis	SRR12765535	NA
Micromonospora_siamensis	SRR12765536	NA
Micromonospora_siamensis	SRR12765537	NA
Micromonospora_siamensis	SRR12765538	NA
Micromonospora_siamensis	SRR12765539	NA
Micromonospora_siamensis	SRR12765540	NA
Micromonospora_siamensis	SRR12765541	NA
Micromonospora_siamensis	SRR12765542	NA
Micromonospora_siamensis	SRR12765543	NA
Micromonospora_siamensis	SRR12765544	NA
Micromonospora_siamensis	SRR12765545	NA
Micromonospora_siamensis	SRR12765546	NA
Micromonospora_siamensis	SRR12765547	NA
Micromonospora_siamensis	SRR12765548	NA
Micromonospora_siamensis	SRR12765549	NA
Micromonospora_siamensis	SRR12765550	NA
Micromonospora_siamensis	SRR12765551	NA
Micromonospora_siamensis	SRR12765552	NA
Micromonospora_siamensis	SRR12765553	NA
Micromonospora_siamensis	SRR12765554	NA
Micromonospora_siamensis	SRR12765555	NA
Micromonospora_siamensis	SRR12765556	NA
Micromonospora_siamensis	SRR12765557	NA
Micromonospora_siamensis	SRR12765558	NA
Micromonospora_siamensis	SRR12765559	NA
Micromonospora_siamensis	SRR12765560	NA
Micromonospora_siamensis	SRR12765561	NA
Micromonospora_siamensis	SRR12765562	NA
Micromonospora_siamensis	SRR12765563	NA
Micromonospora_siamensis	SRR12765564	NA
Micromonospora_siamensis	SRR12765565	NA
Micromonospora_siamensis	SRR12765566	NA
Micromonospora_siamensis	SRR12765567	NA
Micromonospora_siamensis	SRR12765568	NA
Micromonospora_siamensis	SRR12765569	NA
Micromonospora_siamensis	SRR12765570	NA
Micromonospora_siamensis	SRR12765571	NA
Micromonospora_siamensis	SRR12765572	NA
Micromonospora_siamensis	SRR12765573	NA
Micromonospora_siamensis	SRR12765574	NA
Micromonospora_siamensis	SRR12765575	NA
Micromonospora_siamensis	SRR12765576	NA
Micromonospora_siamensis	SRR12765577	NA
Micromonospora_siamensis	SRR12765578	NA
Micromonospora_siamensis	SRR12765579	NA
Micromonospora_siamensis	SRR12765580	NA
Micromonospora_siamensis	SRR12765581	NA
Micromonospora_siamensis	SRR12765582	NA
Micromonospora_siamensis	SRR12765583	NA
Micromonospora_siamensis	SRR12765584	NA
Micromonospora_siamensis	SRR12765585	NA
Micromonospora_siamensis	SRR12765586	NA
Micromonospora_siamensis	SRR12765587	NA
Micromonospora_siamensis	SRR12765588	NA
Micromonospora_siamensis	SRR12765589	NA
Micromonospora_siamensis	SRR12765590	NA
Micromonospora_siamensis	SRR12765591	NA
Micromonospora_siamensis	SRR12765592	NA
Micromonospora_siamensis	SRR12765593	NA
Micromonospora_siamensis	SRR12765594	NA
Micromonospora_siamensis	SRR12765595	NA
Micromonospora_siamensis	SRR12765596	NA
Micromonospora_siamensis	SRR12765597	NA
Micromonospora_siamensis	SRR12765598	NA
Micromonospora_siamensis	SRR12765599	NA
Micromonospora_siamensis	SRR12765600	NA
Micromonospora_siamensis	SRR12765601	NA
Micromonospora_siamensis	SRR12765602	NA
Micromonospora_siamensis	SRR12765603	NA
Micromonospora_siamensis	SRR12765604	NA
Micromonospora_siamensis	SRR12765605	NA
Micromonospora_siamensis	SRR12765606	NA
Micromonospora_siamensis	SRR12765607	NA
Micromonospora_siamensis	SRR12765608	NA
Micromonospora_siamensis	SRR12765609	NA
Micromonospora_siamensis	SRR12765610	NA
Micromonospora_siamensis	SRR12765611	NA
Micromonospora_siamensis	SRR12765612	NA
Micromonospora_siamensis	SRR12765613	NA
Micromonospora_siamensis	SRR12765614	NA
Micromonospora_siamensis	SRR12765615	NA
Micromonospora_siamensis	SRR12765616	NA
Micromonospora_siamensis	SRR12765617	NA
Micromonospora_siamensis	SRR12765618	NA
Micromonospora_siamensis	SRR12765619	NA
Micromonospora_siamensis	SRR12765620	NA
Micromonospora_siamensis	SRR12765621	NA
Micromonospora_siamensis	SRR12765622	NA
Micromonospora_siamensis	SRR12765623	NA
Micromonospora_siamensis	SRR12765624	NA
Micromonospora_siamensis	SRR12765625	NA
Micromonospora_siamensis	SRR12765626	NA
Micromonospora_siamensis	SRR12765627	NA
Micromonospora_siamensis	SRR12765628	NA
Micromonospora_siamensis	SRR12765629	NA
Micromonospora_siamensis	SRR12765630	NA
Micromonospora_siamensis	SRR12765631	NA
Micromonospora_siamensis	SRR12765632	NA
Micromonospora_siamensis	SRR12765633	NA
Micromonospora_siamensis	SRR12765634	NA
Micromonospora_siamensis	SRR12765635	NA
Micromonospora_siamensis	SRR12765636	NA
Micromonospora_siamensis	SRR12765637	NA
Micromonospora_siamensis	SRR12765638	NA
Micromonospora_siamensis	SRR12765639	NA
Micromonospora_siamensis	SRR12765640	NA
Micromonospora_siamensis	SRR12765641	NA
Micromonospora_siamensis	SRR12765642	NA
Micromonospora_siamensis	SRR12765643	NA
Micromonospora_siamensis	SRR12765644	NA
Micromonospora_siamensis	SRR12765645	NA
Micromonospora_siamensis	SRR12765646	NA
Micromonospora_siamensis	SRR12765647	NA
Micromonospora_siamensis	SRR12765648	NA
Micromonospora_siamensis	SRR12765649	NA
Micromonospora_siamensis	SRR12765650	NA
Micromonospora_siamensis	SRR12765651	NA
Micromonospora_siamensis	SRR12765652	NA
Micromonospora_siamensis	SRR12774664	1.3076809549705097
Micromonospora_siamensis	SRR12774665	1.2903501975558263
Micromonospora_siamensis	SRR12774666	1.295795610129531
Micromonospora_siamensis	SRR12774667	1.2424569218825623
Micromonospora_siamensis	SRR12774668	1.3133120059356136
Micromonospora_siamensis	SRR12774669	1.217439166492112
Micromonospora_siamensis	SRR12774670	1.2733911137367675
Micromonospora_siamensis	SRR12774671	1.2729886511515884
Micromonospora_siamensis	SRR12774672	1.2985091154575101
Micromonospora_siamensis	SRR12774673	1.3026942901706189
Micromonospora_siamensis	SRR12774674	1.2742627204554735
Micromonospora_siamensis	SRR12774675	1.3067748292569752
Micromonospora_siamensis	SRR12774676	1.283759552466454
Micromonospora_siamensis	SRR12774677	1.2778654323238352
Micromonospora_siamensis	SRR12774678	1.3041708781634826
Micromonospora_siamensis	SRR12774679	1.2661741566688087
Micromonospora_siamensis	SRR12774680	1.3113717071839983
Micromonospora_siamensis	SRR12774681	1.2328493794715614
Micromonospora_siamensis	SRR12774682	1.2746296491723794
Micromonospora_siamensis	SRR12774683	1.2629305368601476
Micromonospora_siamensis	SRR12774684	1.2633386692720388
Micromonospora_siamensis	SRR12774685	2.5583135793589413
Micromonospora_siamensis	SRR12774686	1.2435465015194762
Micromonospora_siamensis	SRR12774687	1.208995698799896
Micromonospora_siamensis	SRR1609360	1.3595851426742833
Micromonospora_siamensis	SRR1609361	1.3642765747608594
Micromonospora_siamensis	SRR1609362	1.3601862908424658
Micromonospora_siamensis	SRR1609363	1.3648618084282327
Micromonospora_siamensis	SRR1609364	1.367723364166903
Micromonospora_siamensis	SRR1609365	1.3559699697980863
Micromonospora_siamensis	SRR1609366	1.3678519102083702
Micromonospora_siamensis	SRR1609367	1.3678519102083702
Micromonospora_siamensis	SRR1609368	1.3647292755975204
Micromonospora_siamensis	SRR1609369	1.3636661710431994
Micromonospora_siamensis	SRR1609370	1.3658304473165754
Micromonospora_siamensis	SRR1609371	1.3308497310876877
Micromonospora_siamensis	SRR1609372	1.3652789884192185
Micromonospora_siamensis	SRR1609373	1.3645592654045955
Micromonospora_siamensis	SRR1609374	1.3595851426742833
Micromonospora_siamensis	SRR1609375	1.3657127099457684
Micromonospora_siamensis	SRR1609376	1.3665467722368712
Micromonospora_siamensis	SRR1609377	1.3645592654045955
Micromonospora_siamensis	SRR1609378	1.3571865780557517
Micromonospora_siamensis	SRR1609379	1.3647292755975204
Micromonospora_siamensis	SRR1609380	1.3647292755975204
Micromonospora_siamensis	SRR1609381	1.3650389842268886
Micromonospora_siamensis	SRR1609382	1.3617719570408353
Micromonospora_siamensis	SRR1609383	1.357338444084492
Micromonospora_siamensis	SRR1609384	1.3650389842268886
Micromonospora_siamensis	SRR1609385	1.3632936897014178
Micromonospora_siamensis	SRR1609386	1.364418799805003
Micromonospora_siamensis	SRR1609387	1.3632493219027384
Micromonospora_siamensis	SRR1609388	1.3644863922256507
Micromonospora_siamensis	SRR1609389	1.3619655654592606
Micromonospora_siamensis	SRR1609390	1.3566148907720872
Micromonospora_siamensis	SRR1609391	1.3337023738185396
Micromonospora_siamensis	SRR1609392	1.365648707045223
Micromonospora_siamensis	SRR1609393	1.347463603109902
Micromonospora_siamensis	SRR1609394	1.3683107682878979
Micromonospora_siamensis	SRR1609395	1.366777814654196
Micromonospora_siamensis	SRR1609396	1.363963302220239
Micromonospora_siamensis	SRR1609397	1.366777814654196
Micromonospora_siamensis	SRR1609398	1.364275399950775
Micromonospora_siamensis	SRR1609399	1.3652789884192185
Micromonospora_siamensis	SRR1609400	1.3644863922256507
Micromonospora_siamensis	SRR1609401	1.365648707045223
Micromonospora_siamensis	SRR1609402	1.355001032468201
Micromonospora_siamensis	SRR1609403	1.36415487469014
Micromonospora_siamensis	SRR1609404	1.3538840207981289
Micromonospora_siamensis	SRR1609405	1.3604438151934661
Micromonospora_siamensis	SRR1609406	1.3595851426742833
Micromonospora_siamensis	SRR1609407	1.357545797336928
Micromonospora_siamensis	SRR1609408	1.351845412490748
Micromonospora_siamensis	SRR1609409	1.3600985209022736
Micromonospora_siamensis	SRR1609410	1.339036753943891
Micromonospora_siamensis	SRR1609411	1.3650389842268886
Micromonospora_siamensis	SRR1609412	1.364275399950775
Micromonospora_siamensis	SRR1609413	1.3618823313624977
Micromonospora_siamensis	SRR1609414	1.364275399950775
Micromonospora_siamensis	SRR1609415	1.3645592654045955
Micromonospora_siamensis	SRR1609416	1.3626190286749618
Micromonospora_siamensis	SRR1609417	1.3644863922256507
Micromonospora_siamensis	SRR1609418	1.3642765747608594
Micromonospora_siamensis	SRR1609419	1.3652302799676275
Micromonospora_siamensis	SRR1609420	1.3625634054000042
Micromonospora_siamensis	SRR1609421	1.364275399950775
Micromonospora_siamensis	SRR1609422	1.3642765747608594
Micromonospora_siamensis	SRR1609423	1.357338444084492
Micromonospora_siamensis	SRR1609424	1.350312888834268
Micromonospora_siamensis	SRR1609425	1.3645592654045955
Micromonospora_siamensis	SRR1609426	1.363963302220239
Micromonospora_siamensis	SRR1609427	1.3628742248234382
Micromonospora_siamensis	SRR1609428	1.3648618084282327
Micromonospora_siamensis	SRR1609429	1.3652789884192185
Micromonospora_siamensis	SRR1609430	1.3642765747608594
Micromonospora_siamensis	SRR1609431	1.365648707045223
Micromonospora_siamensis	SRR1609432	1.3648618084282327
Micromonospora_siamensis	SRR1609433	1.364418799805003
Micromonospora_siamensis	SRR1609434	1.351748025615633
Micromonospora_siamensis	SRR1609435	1.3678386989055058
Micromonospora_siamensis	SRR1609436	1.3632493219027384
Micromonospora_siamensis	SRR1609437	1.3650389842268886
Micromonospora_siamensis	SRR1609438	1.3647292755975204
Micromonospora_siamensis	SRR1609439	1.3695729822351737
Micromonospora_siamensis	SRR1609440	1.36415487469014
Micromonospora_siamensis	SRR1609441	1.3603247318359362
Micromonospora_siamensis	SRR1609442	1.3630300139455425
Micromonospora_siamensis	SRR1609443	1.3639943687800475
Micromonospora_siamensis	SRR1609444	1.3644863922256507
Micromonospora_siamensis	SRR1609445	1.3658304473165754
Micromonospora_siamensis	SRR1609446	1.3644863922256507
Micromonospora_siamensis	SRR1609447	1.3695495824775967
Micromonospora_siamensis	SRR1609448	1.3644863922256507
Micromonospora_siamensis	SRR1609449	1.3652592688971437
Micromonospora_siamensis	SRR1609450	1.3652789884192185
Micromonospora_siamensis	SRR1609451	1.364275399950775
Micromonospora_siamensis	SRR1609452	1.3695495824775967
Micromonospora_siamensis	SRR1609453	1.3587925115012331
Micromonospora_siamensis	SRR1609454	1.3645592654045955
Micromonospora_siamensis	SRR1609455	1.369387944920576
Micromonospora_siamensis	SRR1609456	1.3652302799676275
Micromonospora_siamensis	SRR1609457	1.36415487469014
Micromonospora_siamensis	SRR1609458	1.3696731095665362
Micromonospora_siamensis	SRR1609459	1.363963302220239
Micromonospora_siamensis	SRR1609460	1.3652789884192185
Micromonospora_siamensis	SRR1609461	1.3645592654045955
Micromonospora_siamensis	SRR1609462	1.364275399950775
Micromonospora_siamensis	SRR1609463	1.3665467722368712
Micromonospora_siamensis	SRR1609464	1.3644863922256507
Micromonospora_siamensis	SRR1609465	1.3657127099457684
Micromonospora_siamensis	SRR1609466	1.3331702213185004
Micromonospora_siamensis	SRR1609467	1.3665467722368712
Micromonospora_siamensis	SRR1609468	1.366777814654196
Micromonospora_siamensis	SRR1609469	1.3652592688971437
Micromonospora_siamensis	SRR1609470	1.355177982980013
Micromonospora_siamensis	SRR1609471	1.3639943687800475
Micromonospora_siamensis	SRR1609472	1.3556784343652573
Micromonospora_siamensis	SRR1609473	1.357545797336928
Micromonospora_siamensis	SRR1609474	1.3642765747608594
Micromonospora_siamensis	SRR1609475	1.3556918670257883
Micromonospora_siamensis	SRR1609476	1.361986070642
Micromonospora_siamensis	SRR1609477	1.3614391621519784
Micromonospora_siamensis	SRR1609478	1.3625634054000042
Micromonospora_siamensis	SRR1609479	1.3656513527865064
Micromonospora_siamensis	SRR1609480	1.365648707045223
Micromonospora_siamensis	SRR1609481	1.3642765747608594
Micromonospora_siamensis	SRR1609482	1.3628742248234382
Micromonospora_siamensis	SRR1609483	1.3630300139455425
Micromonospora_siamensis	SRR1609484	1.3626190286749618
Micromonospora_siamensis	SRR1609485	1.3632074161673557
Micromonospora_siamensis	SRR1609486	1.3652789884192185
Micromonospora_siamensis	SRR1609487	1.3656513527865064
Micromonospora_siamensis	SRR1609488	1.3658304473165754
Micromonospora_siamensis	SRR1609489	1.3636661710431994
Micromonospora_siamensis	SRR1609490	1.3670406656948546
Micromonospora_siamensis	SRR1609491	1.3652592688971437
Micromonospora_siamensis	SRR1609492	1.3626580852625958
Micromonospora_siamensis	SRR1609493	1.3647292755975204
Micromonospora_siamensis	SRR1609494	1.365648707045223
Micromonospora_siamensis	SRR1609495	1.3638247610160497
Micromonospora_siamensis	SRR1609496	1.3652592688971437
Micromonospora_siamensis	SRR1609497	1.3628742248234382
Micromonospora_siamensis	SRR1609498	1.3652592688971437
Micromonospora_siamensis	SRR1609499	1.36415487469014
Micromonospora_siamensis	SRR1609500	1.363367053906934
Micromonospora_siamensis	SRR1609501	1.364418799805003
Micromonospora_siamensis	SRR1609502	1.3617719570408353
Micromonospora_siamensis	SRR1609503	1.350364271491463
Micromonospora_siamensis	SRR1609504	1.3644863922256507
Micromonospora_siamensis	SRR1609505	1.3626580852625958
Micromonospora_siamensis	SRR1609506	1.366777814654196
Micromonospora_siamensis	SRR1609507	1.3658304473165754
Micromonospora_siamensis	SRR1609508	1.3658304473165754
Micromonospora_siamensis	SRR1609509	1.3648618084282327
Micromonospora_siamensis	SRR1609510	1.3652592688971437
Micromonospora_siamensis	SRR1609511	1.3632936897014178
Micromonospora_siamensis	SRR1609512	1.3647292755975204
Micromonospora_siamensis	SRR1609513	1.3642765747608594
Micromonospora_siamensis	SRR1609514	1.359432188335606
Micromonospora_siamensis	SRR1609515	1.3632074161673557
Micromonospora_siamensis	SRR1609516	1.3650389842268886
Micromonospora_siamensis	SRR1609517	1.3645592654045955
Micromonospora_siamensis	SRR1609518	1.3650389842268886
Micromonospora_siamensis	SRR1609519	1.3630300139455425
Micromonospora_siamensis	SRR1609520	1.3489953044767595
Micromonospora_siamensis	SRR1609521	1.3652302799676275
Micromonospora_siamensis	SRR1609522	1.36415487469014
Micromonospora_siamensis	SRR1609523	1.3652302799676275
Micromonospora_siamensis	SRR1609524	1.365648707045223
Micromonospora_siamensis	SRR1609525	1.3647292755975204
Micromonospora_siamensis	SRR1609526	1.36259882499864
Micromonospora_siamensis	SRR1609527	1.3652592688971437
Micromonospora_siamensis	SRR1609528	1.350385719456188
Micromonospora_siamensis	SRR1609529	1.3415852748948751
Micromonospora_siamensis	SRR1609530	1.3648618084282327
Micromonospora_siamensis	SRR1609531	1.363963302220239
Micromonospora_siamensis	SRR1609532	1.366777814654196
Micromonospora_siamensis	SRR1609533	1.3644863922256507
Micromonospora_siamensis	SRR1609534	1.3626190286749618
Micromonospora_siamensis	SRR1609535	1.3678519102083702
Micromonospora_siamensis	SRR1609536	1.3372878784409956
Micromonospora_siamensis	SRR1609537	1.3632493219027384
Micromonospora_siamensis	SRR1609538	1.365648707045223
Micromonospora_siamensis	SRR1609539	1.296477417292304
Micromonospora_siamensis	SRR1609540	1.3632074161673557
Micromonospora_siamensis	SRR1609541	1.3274232088713633
Micromonospora_siamensis	SRR1609542	1.3648618084282327
Micromonospora_siamensis	SRR1609543	1.36259882499864
Micromonospora_siamensis	SRR1609544	1.3630300139455425
Micromonospora_siamensis	SRR1609545	1.331797528030689
Micromonospora_siamensis	SRR1609546	1.3632074161673557
Micromonospora_siamensis	SRR1609547	1.3632936897014178
Micromonospora_siamensis	SRR1609548	1.366777814654196
Micromonospora_siamensis	SRR1609549	1.36415487469014
Micromonospora_siamensis	SRR1609550	1.3639943687800475
Micromonospora_siamensis	SRR1609551	1.3678386989055058
Micromonospora_siamensis	SRR1609552	1.3647292755975204
Micromonospora_siamensis	SRR1609553	1.3652592688971437
Micromonospora_siamensis	SRR1609554	1.3645592654045955
Micromonospora_siamensis	SRR1609555	1.3652789884192185
Micromonospora_siamensis	SRR1609556	1.3657127099457684
Micromonospora_siamensis	SRR1609557	1.3652789884192185
Micromonospora_siamensis	SRR1609558	1.3652302799676275
Micromonospora_siamensis	SRR1609559	1.3685577832033065
Micromonospora_siamensis	SRR1609560	1.3652592688971437
Micromonospora_siamensis	SRR1609561	1.364275399950775
Micromonospora_siamensis	SRR1609562	1.3632936897014178
Micromonospora_siamensis	SRR1609563	1.3645592654045955
Micromonospora_siamensis	SRR1609564	1.3632074161673557
Micromonospora_siamensis	SRR1609565	1.3656513527865064
Micromonospora_siamensis	SRR1609566	1.361986070642
Micromonospora_siamensis	SRR1609567	1.3695495824775967
Micromonospora_siamensis	SRR1609568	1.363367053906934
Micromonospora_siamensis	SRR1609569	1.3632074161673557
Micromonospora_siamensis	SRR1609570	1.3614907853286795
Micromonospora_siamensis	SRR1609571	1.3274775891413366
Micromonospora_siamensis	SRR1609572	1.3652302799676275
Micromonospora_siamensis	SRR1609573	1.3618019380158601
Micromonospora_siamensis	SRR1609574	1.363367053906934
Micromonospora_siamensis	SRR1609575	1.3604438151934661
Micromonospora_siamensis	SRR1609576	1.36415487469014
Micromonospora_siamensis	SRR1609577	1.3626580852625958
Micromonospora_siamensis	SRR1609578	1.3644863922256507
Micromonospora_siamensis	SRR1609579	1.3601862908424658
Micromonospora_siamensis	SRR1609580	1.3632493219027384
Micromonospora_siamensis	SRR1609581	1.3678519102083702
Micromonospora_siamensis	SRR1609582	1.3678519102083702
Micromonospora_siamensis	SRR1609583	1.3686075106956568
Micromonospora_siamensis	SRR1609584	1.3658304473165754
Micromonospora_siamensis	SRR1609585	1.36259882499864
Micromonospora_siamensis	SRR1609586	1.3687620824139737
Micromonospora_siamensis	SRR1609587	1.3620855384331363
Micromonospora_siamensis	SRR1609588	1.3658304473165754
Micromonospora_siamensis	SRR1609589	1.365648707045223
Micromonospora_siamensis	SRR1609590	1.3645592654045955
Micromonospora_siamensis	SRR1609591	1.355177982980013
Micromonospora_siamensis	SRR1609592	1.3644863922256507
Micromonospora_siamensis	SRR1609593	1.3657127099457684
Micromonospora_siamensis	SRR1609594	1.3474441088246403
Micromonospora_siamensis	SRR1609595	1.3658304473165754
Micromonospora_siamensis	SRR1609596	1.364275399950775
Micromonospora_siamensis	SRR1609597	1.3652592688971437
Micromonospora_siamensis	SRR1609598	1.3625634054000042
Micromonospora_siamensis	SRR1609599	1.3159952333304499
Micromonospora_siamensis	SRR1609600	1.3619655654592606
Micromonospora_siamensis	SRR1609601	1.3510551556071593
Micromonospora_siamensis	SRR1609602	1.3489903187332701
Micromonospora_siamensis	SRR1609603	1.3632936897014178
Micromonospora_siamensis	SRR1609604	1.3613966590497895
Micromonospora_siamensis	SRR1609605	1.3650389842268886
Micromonospora_siamensis	SRR1609606	1.3565777300701471
Micromonospora_siamensis	SRR1609607	1.3632493219027384
Micromonospora_siamensis	SRR1609608	1.3658304473165754
Micromonospora_siamensis	SRR1609609	1.3665467722368712
Micromonospora_siamensis	SRR1609610	1.3614907853286795
Micromonospora_siamensis	SRR1609611	1.3628742248234382
Micromonospora_siamensis	SRR1609612	1.36415487469014
Micromonospora_siamensis	SRR1609613	1.3644863922256507
Micromonospora_siamensis	SRR1609614	1.367723364166903
Micromonospora_siamensis	SRR1609615	1.3656513527865064
Micromonospora_siamensis	SRR1609616	1.361986070642
Micromonospora_siamensis	SRR1609617	1.3632074161673557
Micromonospora_siamensis	SRR1609618	1.363963302220239
Micromonospora_siamensis	SRR1609619	1.3639943687800475
Micromonospora_siamensis	SRR1609620	1.3575007269852146
Micromonospora_siamensis	SRR1609621	1.3692703068875742
Micromonospora_siamensis	SRR1609622	1.3480674404067088
Micromonospora_siamensis	SRR1609623	1.3695495824775967
Micromonospora_siamensis	SRR1609624	1.3692703068875742
Micromonospora_siamensis	SRR1609625	1.363367053906934
Micromonospora_siamensis	SRR1609626	1.3566148907720872
Micromonospora_siamensis	SRR1609627	1.3696731095665362
Micromonospora_siamensis	SRR1609628	1.364275399950775
Micromonospora_siamensis	SRR1609629	1.3656513527865064
Micromonospora_siamensis	SRR1609630	1.3652789884192185
Micromonospora_siamensis	SRR1609631	1.3652592688971437
Micromonospora_siamensis	SRR1609632	1.3648618084282327
Micromonospora_siamensis	SRR1609633	1.3652789884192185
Micromonospora_siamensis	SRR1609634	1.366777814654196
Micromonospora_siamensis	SRR1609635	1.3618019380158601
Micromonospora_siamensis	SRR1609636	1.3522393535960768
Micromonospora_siamensis	SRR1609637	1.364418799805003
Micromonospora_siamensis	SRR1609638	1.3695495824775967
Micromonospora_siamensis	SRR1609639	1.3650389842268886
Micromonospora_siamensis	SRR1609640	1.3683007848759485
Micromonospora_siamensis	SRR1609641	1.3691204108846116
Micromonospora_siamensis	SRR1609642	1.3628742248234382
Micromonospora_siamensis	SRR1609643	1.366777814654196
Micromonospora_siamensis	SRR1609644	1.366777814654196
Micromonospora_siamensis	SRR1609645	1.3647292755975204
Micromonospora_siamensis	SRR1609646	1.3648618084282327
Micromonospora_siamensis	SRR1609647	1.3648618084282327
Micromonospora_siamensis	SRR1609648	1.3626190286749618
Micromonospora_siamensis	SRR1609649	1.3648618084282327
Micromonospora_siamensis	SRR1609650	1.3632493219027384
Micromonospora_siamensis	SRR1609651	1.3648618084282327
Micromonospora_siamensis	SRR1609652	1.3652302799676275
Micromonospora_siamensis	SRR1609653	1.3691204108846116
Micromonospora_siamensis	SRR1609654	1.3603247318359362
Micromonospora_siamensis	SRR1609655	1.364275399950775
Micromonospora_siamensis	SRR1609656	1.3614391621519784
Micromonospora_siamensis	SRR1609657	1.3695729822351737
Micromonospora_siamensis	SRR1609658	1.3652302799676275
Micromonospora_siamensis	SRR1609659	1.3645592654045955
Micromonospora_siamensis	SRR1609660	1.3610288633969243
Micromonospora_siamensis	SRR1609661	1.3642765747608594
Micromonospora_siamensis	SRR1609662	1.3652592688971437
Micromonospora_siamensis	SRR1609663	1.3670406656948546
Micromonospora_siamensis	SRR1609664	1.3632936897014178
Micromonospora_siamensis	SRR1609665	1.365648707045223
Micromonospora_siamensis	SRR1609666	1.3551435256159687
Micromonospora_siamensis	SRR1609667	1.3678519102083702
Micromonospora_siamensis	SRR1609668	1.315784239344613
Micromonospora_siamensis	SRR1609669	1.364418799805003
Micromonospora_siamensis	SRR1746771	NA
Micromonospora_siamensis	SRR1746772	NA
Micromonospora_siamensis	SRR1746773	NA
Micromonospora_siamensis	SRR1746774	NA
Micromonospora_siamensis	SRR1746775	NA
Micromonospora_siamensis	SRR1746776	NA
Micromonospora_siamensis	SRR1746777	NA
Micromonospora_siamensis	SRR1746778	NA
Micromonospora_siamensis	SRR1746779	NA
Micromonospora_siamensis	SRR1746780	NA
Micromonospora_siamensis	SRR1746781	NA
Micromonospora_siamensis	SRR1746782	NA
Micromonospora_siamensis	SRR1746783	NA
Micromonospora_siamensis	SRR1746784	NA
Micromonospora_siamensis	SRR1782685	1.3565777300701471
Micromonospora_siamensis	SRR1782686	1.36415487469014
Micromonospora_siamensis	SRR1782687	1.3620855384331363
Micromonospora_siamensis	SRR1782688	1.365648707045223
Micromonospora_siamensis	SRR1782689	1.3614907853286795
Micromonospora_siamensis	SRR1782690	1.3658304473165754
Micromonospora_siamensis	SRR1782691	1.3652302799676275
Micromonospora_siamensis	SRR1782692	1.366777814654196
Micromonospora_siamensis	SRR1782693	1.3639943687800475
Micromonospora_siamensis	SRR1782694	1.3665467722368712
Micromonospora_siamensis	SRR1782695	1.3650389842268886
Micromonospora_siamensis	SRR1782696	1.3648618084282327
Micromonospora_siamensis	SRR1782697	1.3644863922256507
Micromonospora_siamensis	SRR1782698	1.3658304473165754
Micromonospora_siamensis	SRR1782699	1.3658304473165754
Micromonospora_siamensis	SRR1782700	1.3650389842268886
Micromonospora_siamensis	SRR1782701	1.3658304473165754
Micromonospora_siamensis	SRR1782702	1.36415487469014
Micromonospora_siamensis	SRR1782703	1.3652789884192185
Micromonospora_siamensis	SRR1782704	1.3647292755975204
Micromonospora_siamensis	SRR1782705	1.3274775891413366
Micromonospora_siamensis	SRR1782706	1.3642765747608594
Micromonospora_siamensis	SRR1782707	1.364275399950775
Micromonospora_siamensis	SRR1782708	1.3650389842268886
Micromonospora_siamensis	SRR1782709	1.3652592688971437
Micromonospora_siamensis	SRR1782710	1.364275399950775
Micromonospora_siamensis	SRR1782711	1.3644863922256507
Micromonospora_siamensis	SRR1782712	1.3538840207981289
Micromonospora_siamensis	SRR1782713	1.3556918670257883
Micromonospora_siamensis	SRR1782714	1.3556784343652573
Micromonospora_siamensis	SRR1782715	1.3619655654592606
Micromonospora_siamensis	SRR1782716	1.351748025615633
Micromonospora_siamensis	SRR1782717	1.3652789884192185
Micromonospora_siamensis	SRR1782718	1.3559699697980863
Micromonospora_siamensis	SRR1782719	1.3632936897014178
Micromonospora_siamensis	SRR1782720	1.3571865780557517
Micromonospora_siamensis	SRR1782721	1.3331702213185004
Micromonospora_siamensis	SRR1782722	1.3636661710431994
Micromonospora_siamensis	SRR1782723	1.3644863922256507
Micromonospora_siamensis	SRR1782724	1.3644863922256507
Micromonospora_siamensis	SRR1782725	1.3601862908424658
Micromonospora_siamensis	SRR1782726	1.3632493219027384
Micromonospora_siamensis	SRR1782727	1.3626580852625958
Micromonospora_siamensis	SRR1782728	1.3308497310876877
Micromonospora_siamensis	SRR1782729	1.3618823313624977
Micromonospora_siamensis	SRR1782730	1.3626190286749618
Micromonospora_siamensis	SRR1782731	1.3665467722368712
Micromonospora_siamensis	SRR1782732	1.350312888834268
Micromonospora_siamensis	SRR1782733	1.3652789884192185
Micromonospora_siamensis	SRR1782734	1.3648618084282327
Micromonospora_siamensis	SRR1782735	1.3678386989055058
Micromonospora_siamensis	SRR1782736	1.366777814654196
Micromonospora_siamensis	SRR1782737	1.363367053906934
Micromonospora_siamensis	SRR1782738	1.3595851426742833
Micromonospora_siamensis	SRR1782739	1.357338444084492
Micromonospora_siamensis	SRR1782740	1.367723364166903
Micromonospora_siamensis	SRR1782741	1.357338444084492
Micromonospora_siamensis	SRR1782742	1.3639943687800475
Micromonospora_siamensis	SRR1782743	1.3652789884192185
Micromonospora_siamensis	SRR1782744	1.3645592654045955
Micromonospora_siamensis	SRR1782745	1.3657127099457684
Micromonospora_siamensis	SRR1782746	1.3618019380158601
Micromonospora_siamensis	SRR1782747	1.365648707045223
Micromonospora_siamensis	SRR1782748	1.366777814654196
Micromonospora_siamensis	SRR1782749	1.3644863922256507
Micromonospora_siamensis	SRR1782750	1.3652789884192185
Micromonospora_siamensis	SRR1782751	1.365648707045223
Micromonospora_siamensis	SRR1782752	1.3665467722368712
Micromonospora_siamensis	SRR1782753	1.36259882499864
Micromonospora_siamensis	SRR1782754	1.364418799805003
Micromonospora_siamensis	SRR1782755	1.3652789884192185
Micromonospora_siamensis	SRR1782756	1.347463603109902
Micromonospora_siamensis	SRR1782757	1.3648618084282327
Micromonospora_siamensis	SRR1782758	1.364275399950775
Micromonospora_siamensis	SRR1782759	1.3652302799676275
Micromonospora_siamensis	SRR1782760	1.3617719570408353
Micromonospora_siamensis	SRR1782761	1.283853554459195
Micromonospora_siamensis	SRR1782762	1.3337023738185396
Micromonospora_siamensis	SRR1782763	1.3647292755975204
Micromonospora_siamensis	SRR1782764	1.363963302220239
Micromonospora_siamensis	SRR1782765	1.36415487469014
Micromonospora_siamensis	SRR1782766	1.365648707045223
Micromonospora_siamensis	SRR1782767	1.3650389842268886
Micromonospora_siamensis	SRR1782768	1.3657127099457684
Micromonospora_siamensis	SRR1782769	1.367723364166903
Micromonospora_siamensis	SRR1782770	1.364275399950775
Micromonospora_siamensis	SRR1782771	1.364418799805003
Micromonospora_siamensis	SRR1782772	1.3645592654045955
Micromonospora_siamensis	SRR1782773	1.355001032468201
Micromonospora_siamensis	SRR1782774	1.3595851426742833
Micromonospora_siamensis	SRR1782775	1.3652302799676275
Micromonospora_siamensis	SRR1782776	1.3413229230288701
Micromonospora_siamensis	SRR1782777	1.3645592654045955
Micromonospora_siamensis	SRR1782778	1.364275399950775
Micromonospora_siamensis	SRR1782779	1.3510551556071593
Micromonospora_siamensis	SRR1782780	1.3617719570408353
Micromonospora_siamensis	SRR1782781	1.3603247318359362
Micromonospora_siamensis	SRR1782782	1.36259882499864
Micromonospora_siamensis	SRR1782783	1.296477417292304
Micromonospora_siamensis	SRR1782784	1.3647292755975204
Micromonospora_siamensis	SRR1782785	1.36415487469014
Micromonospora_siamensis	SRR1782786	1.3618019380158601
Micromonospora_siamensis	SRR1782787	1.3652592688971437
Micromonospora_siamensis	SRR1782788	1.3652302799676275
Micromonospora_siamensis	SRR1782789	1.3628742248234382
Micromonospora_siamensis	SRR1782790	1.3657127099457684
Micromonospora_siamensis	SRR1782791	1.3630300139455425
Micromonospora_siamensis	SRR1782792	1.3613966590497895
Micromonospora_siamensis	SRR1782793	1.3632936897014178
Micromonospora_siamensis	SRR1782794	1.3601862908424658
Micromonospora_siamensis	SRR1782795	1.3159952333304499
Micromonospora_siamensis	SRR1782796	1.3489953044767595
Micromonospora_siamensis	SRR1782797	1.3474441088246403
Micromonospora_siamensis	SRR1782798	1.3566148907720872
Micromonospora_siamensis	SRR1782799	1.3650389842268886
Micromonospora_siamensis	SRR1782800	1.3644863922256507
Micromonospora_siamensis	SRR1782801	1.3678519102083702
Micromonospora_siamensis	SRR1782802	1.3645592654045955
Micromonospora_siamensis	SRR1782803	1.3652789884192185
Micromonospora_siamensis	SRR1782804	1.3678519102083702
Micromonospora_siamensis	SRR1782805	1.3647292755975204
Micromonospora_siamensis	SRR1782806	1.3645592654045955
Micromonospora_siamensis	SRR1782807	1.3642765747608594
Micromonospora_siamensis	SRR1782808	1.3639943687800475
Micromonospora_siamensis	SRR1782809	1.3601862908424658
Micromonospora_siamensis	SRR1782810	1.330579163784775
Micromonospora_siamensis	SRR1782811	1.3632936897014178
Micromonospora_siamensis	SRR1782812	1.3642765747608594
Micromonospora_siamensis	SRR1782813	1.3647292755975204
Micromonospora_siamensis	SRR1782814	1.3395908197258153
Micromonospora_siamensis	SRR1782815	1.3281592615564368
Micromonospora_siamensis	SRR1782816	1.3644863922256507
Micromonospora_siamensis	SRR1782817	1.3647292755975204
Micromonospora_siamensis	SRR1782818	1.3658304473165754
Micromonospora_siamensis	SRR1782819	1.3625634054000042
Micromonospora_siamensis	SRR1782820	1.3686075106956568
Micromonospora_siamensis	SRR1782821	1.3670406656948546
Micromonospora_siamensis	SRR1782822	1.3626190286749618
Micromonospora_siamensis	SRR1782823	1.3628742248234382
Micromonospora_siamensis	SRR1782824	1.3614391621519784
Micromonospora_siamensis	SRR1782825	1.365648707045223
Micromonospora_siamensis	SRR1782826	1.3644863922256507
Micromonospora_siamensis	SRR1782827	1.3652302799676275
Micromonospora_siamensis	SRR1782828	1.3683325279379595
Micromonospora_siamensis	SRR1782829	1.365648707045223
Micromonospora_siamensis	SRR1782830	1.3480674404067088
Micromonospora_siamensis	SRR1782831	1.3604438151934661
Micromonospora_siamensis	SRR1782832	1.3647292755975204
Micromonospora_siamensis	SRR1782833	1.3625634054000042
Micromonospora_siamensis	SRR1782834	1.3652592688971437
Micromonospora_siamensis	SRR1782835	1.3644863922256507
Micromonospora_siamensis	SRR1782836	1.364418799805003
Micromonospora_siamensis	SRR1782837	1.3695729822351737
Micromonospora_siamensis	SRR1782838	1.3695729822351737
Micromonospora_siamensis	SRR1782839	1.369387944920576
Micromonospora_siamensis	SRR1782840	1.3692703068875742
Micromonospora_siamensis	SRR1782841	1.3695729822351737
Micromonospora_siamensis	SRR1782842	1.3652789884192185
Micromonospora_siamensis	SRR1782843	1.3695495824775967
Micromonospora_siamensis	SRR1782844	1.3691204108846116
Micromonospora_siamensis	SRR1782845	1.3695495824775967
Micromonospora_siamensis	SRR1782846	1.3696731095665362
Micromonospora_siamensis	SRR1782847	1.3695495824775967
Micromonospora_siamensis	SRR1782848	1.3692703068875742
Micromonospora_siamensis	SRR1782849	1.3696731095665362
Micromonospora_siamensis	SRR1782850	1.369387944920576
Micromonospora_siamensis	SRR1782851	1.3695495824775967
Micromonospora_siamensis	SRR1782852	1.369387944920576
Micromonospora_siamensis	SRR1782853	1.3695495824775967
Micromonospora_siamensis	SRR1782854	1.361986070642
Micromonospora_siamensis	SRR1782855	1.36415487469014
Micromonospora_siamensis	SRR1782856	1.3632936897014178
Micromonospora_siamensis	SRR1782857	1.3630300139455425
Micromonospora_siamensis	SRR1782858	1.3632074161673557
Micromonospora_siamensis	SRR1782859	1.3645592654045955
Micromonospora_siamensis	SRR1782860	1.3603247318359362
Micromonospora_siamensis	SRR1782861	1.3587925115012331
Micromonospora_siamensis	SRR1782862	1.3625634054000042
Micromonospora_siamensis	SRR1782863	1.36415487469014
Micromonospora_siamensis	SRR1782864	1.3566148907720872
Micromonospora_siamensis	SRR1782865	1.3642765747608594
Micromonospora_siamensis	SRR1782866	1.3658304473165754
Micromonospora_siamensis	SRR1782867	1.3642765747608594
Micromonospora_siamensis	SRR1782868	1.3639943687800475
Micromonospora_siamensis	SRR1782869	1.3632493219027384
Micromonospora_siamensis	SRR1782870	1.3652592688971437
Micromonospora_siamensis	SRR1782871	1.3628742248234382
Micromonospora_siamensis	SRR1782872	1.3626190286749618
Micromonospora_siamensis	SRR1782873	1.363963302220239
Micromonospora_siamensis	SRR1782874	1.364275399950775
Micromonospora_siamensis	SRR1782875	1.3648618084282327
Micromonospora_siamensis	SRR1782876	1.3610288633969243
Micromonospora_siamensis	SRR1782877	1.363367053906934
Micromonospora_siamensis	SRR1782878	1.3566148907720872
Micromonospora_siamensis	SRR1782879	1.3614391621519784
Micromonospora_siamensis	SRR1782880	1.3650389842268886
Micromonospora_siamensis	SRR1782881	1.3626580852625958
Micromonospora_siamensis	SRR1782882	1.3626190286749618
Micromonospora_siamensis	SRR1782883	1.3630300139455425
Micromonospora_siamensis	SRR1782884	1.3632074161673557
Micromonospora_siamensis	SRR1782885	1.3632936897014178
Micromonospora_siamensis	SRR1782886	1.3647292755975204
Micromonospora_siamensis	SRR1782887	1.3632936897014178
Micromonospora_siamensis	SRR1782888	1.363963302220239
Micromonospora_siamensis	SRR1782889	1.3652789884192185
Micromonospora_siamensis	SRR1782890	1.3642765747608594
Micromonospora_siamensis	SRR1782891	1.3644863922256507
Micromonospora_siamensis	SRR1782892	1.363367053906934
Micromonospora_siamensis	SRR1782893	1.36415487469014
Micromonospora_siamensis	SRR1782894	1.3372878784409956
Micromonospora_siamensis	SRR1782895	1.363963302220239
Micromonospora_siamensis	SRR1782896	1.3636661710431994
Micromonospora_siamensis	SRR1782897	1.3652592688971437
Micromonospora_siamensis	SRR1782898	1.3648618084282327
Micromonospora_siamensis	SRR1782899	1.3632493219027384
Micromonospora_siamensis	SRR1782900	1.3652592688971437
Micromonospora_siamensis	SRR1782901	1.3632074161673557
Micromonospora_siamensis	SRR1782902	1.3614907853286795
Micromonospora_siamensis	SRR1782903	1.364275399950775
Micromonospora_siamensis	SRR1782904	1.3628742248234382
Micromonospora_siamensis	SRR1782905	1.3639943687800475
Micromonospora_siamensis	SRR1782906	1.3652789884192185
Micromonospora_siamensis	SRR1782907	1.355177982980013
Micromonospora_siamensis	SRR1782908	1.3652789884192185
Micromonospora_siamensis	SRR1782909	1.3652789884192185
Micromonospora_siamensis	SRR1782910	1.363367053906934
Micromonospora_siamensis	SRR1782911	1.3644863922256507
Micromonospora_siamensis	SRR1782912	1.361986070642
Micromonospora_siamensis	SRR1782913	1.3632074161673557
Micromonospora_siamensis	SRR1782914	1.364275399950775
Micromonospora_siamensis	SRR1782915	1.3632074161673557
Micromonospora_siamensis	SRR1782916	1.3618019380158601
Micromonospora_siamensis	SRR1782917	1.3652592688971437
Micromonospora_siamensis	SRR1782918	1.3642765747608594
Micromonospora_siamensis	SRR1782919	1.36415487469014
Micromonospora_siamensis	SRR1782920	1.3628742248234382
Micromonospora_siamensis	SRR1782921	1.36415487469014
Micromonospora_siamensis	SRR1782922	1.336962642906195
Micromonospora_siamensis	SRR1782923	1.3658304473165754
Micromonospora_siamensis	SRR1782924	1.3647292755975204
Micromonospora_siamensis	SRR1782925	1.3644863922256507
Micromonospora_siamensis	SRR1782926	1.3652302799676275
Micromonospora_siamensis	SRR1782927	1.3648618084282327
Micromonospora_siamensis	SRR1782928	1.3670406656948546
Micromonospora_siamensis	SRR1782929	1.3650389842268886
Micromonospora_siamensis	SRR1782930	1.3583740921230527
Micromonospora_siamensis	SRR1782931	1.3650389842268886
Micromonospora_siamensis	SRR1782932	1.3632074161673557
Micromonospora_siamensis	SRR1782933	1.3459185395104925
Micromonospora_siamensis	SRR1782934	1.364418799805003
Micromonospora_siamensis	SRR1782935	1.36415487469014
Micromonospora_siamensis	SRR1782936	1.3415852748948751
Micromonospora_siamensis	SRR1782937	1.3645592654045955
Micromonospora_siamensis	SRR1782938	1.350364271491463
Micromonospora_siamensis	SRR1782939	1.3652302799676275
Micromonospora_siamensis	SRR1782940	1.365648707045223
Micromonospora_siamensis	SRR1782941	1.3632493219027384
Micromonospora_siamensis	SRR1782942	1.3656513527865064
Micromonospora_siamensis	SRR1782943	1.3647292755975204
Micromonospora_siamensis	SRR1782944	1.364418799805003
Micromonospora_siamensis	SRR1782945	1.363367053906934
Micromonospora_siamensis	SRR1782946	1.36259882499864
Micromonospora_siamensis	SRR1782947	1.3658304473165754
Micromonospora_siamensis	SRR1782948	1.365648707045223
Micromonospora_siamensis	SRR1782949	1.3648618084282327
Micromonospora_siamensis	SRR1782950	1.365648707045223
Micromonospora_siamensis	SRR1782951	1.3642765747608594
Micromonospora_siamensis	SRR1782952	1.331797528030689
Micromonospora_siamensis	SRR1782953	1.3632074161673557
Micromonospora_siamensis	SRR1782954	1.315784239344613
Micromonospora_siamensis	SRR1782955	1.3522393535960768
Micromonospora_siamensis	SRR1782956	1.3648618084282327
Micromonospora_siamensis	SRR1782957	1.364418799805003
Micromonospora_siamensis	SRR1782958	1.3650389842268886
Micromonospora_siamensis	SRR1782959	1.357545797336928
Micromonospora_siamensis	SRR1782960	1.3626580852625958
Micromonospora_siamensis	SRR1782961	1.3578332304943945
Micromonospora_siamensis	SRR1782962	1.3632936897014178
Micromonospora_siamensis	SRR1782963	1.364275399950775
Micromonospora_siamensis	SRR1782964	1.3632936897014178
Micromonospora_siamensis	SRR1782965	1.3678519102083702
Micromonospora_siamensis	SRR1782966	1.363963302220239
Micromonospora_siamensis	SRR1782967	1.3657127099457684
Micromonospora_siamensis	SRR1782968	1.3652302799676275
Micromonospora_siamensis	SRR1782969	1.366777814654196
Micromonospora_siamensis	SRR1782970	1.3575007269852146
Micromonospora_siamensis	SRR1782971	1.3551435256159687
Micromonospora_siamensis	SRR1782972	1.366777814654196
Micromonospora_siamensis	SRR1782973	1.3691204108846116
Micromonospora_siamensis	SRR1782974	1.3670406656948546
Micromonospora_siamensis	SRR1782975	1.3683007848759485
Micromonospora_siamensis	SRR1782976	1.3683107682878979
Micromonospora_siamensis	SRR1782977	1.3683007848759485
Micromonospora_siamensis	SRR1782978	1.3647292755975204
Micromonospora_siamensis	SRR1782979	1.366777814654196
Micromonospora_siamensis	SRR1782980	1.366777814654196
Micromonospora_siamensis	SRR1782981	1.3658304473165754
Micromonospora_siamensis	SRR1782982	1.3665467722368712
Micromonospora_siamensis	SRR1782983	1.366777814654196
Micromonospora_siamensis	SRR1782984	1.3645592654045955
Micromonospora_siamensis	SRR1782985	1.36415487469014
Micromonospora_siamensis	SRR1782986	1.3670406656948546
Micromonospora_siamensis	SRR1782987	1.365648707045223
Micromonospora_siamensis	SRR1782988	1.3648618084282327
Micromonospora_siamensis	SRR1782989	1.3632936897014178
Micromonospora_siamensis	SRR1782990	1.3645592654045955
Micromonospora_siamensis	SRR1782991	1.364418799805003
Micromonospora_siamensis	SRR1782992	1.3648618084282327
Micromonospora_siamensis	SRR1782993	1.3648618084282327
Micromonospora_siamensis	SRR1782994	1.3644863922256507
Micromonospora_siamensis	SRR1782995	1.3648618084282327
Micromonospora_siamensis	SRR1782996	1.3652592688971437
Micromonospora_siamensis	SRR1782997	1.3645592654045955
Micromonospora_siamensis	SRR1782998	1.3652789884192185
Micromonospora_siamensis	SRR1782999	1.36415487469014
Micromonospora_siamensis	SRR1783000	1.364418799805003
Micromonospora_siamensis	SRR1783001	1.3656513527865064
Micromonospora_siamensis	SRR1783002	1.3652789884192185
Micromonospora_siamensis	SRR1783003	1.36259882499864
Micromonospora_siamensis	SRR1783004	1.3652592688971437
Micromonospora_siamensis	SRR1783005	1.3645592654045955
Micromonospora_siamensis	SRR1783006	1.363963302220239
Micromonospora_siamensis	SRR1813867	NA
Micromonospora_siamensis	SRR1813868	NA
Micromonospora_siamensis	SRR1813869	NA
Micromonospora_siamensis	SRR1813870	NA
Micromonospora_siamensis	SRR1813871	NA
Micromonospora_siamensis	SRR1813872	NA
Micromonospora_siamensis	SRR1813873	NA
Micromonospora_siamensis	SRR1813874	NA
Micromonospora_siamensis	SRR1813875	NA
Micromonospora_siamensis	SRR1813876	NA
Micromonospora_siamensis	SRR1813877	NA
Micromonospora_siamensis	SRR1813878	NA
Micromonospora_siamensis	SRR1813879	NA
Micromonospora_siamensis	SRR1813880	NA
Micromonospora_siamensis	SRR1813881	NA
Micromonospora_siamensis	SRR1813882	NA
Micromonospora_siamensis	SRR1813883	NA
Micromonospora_siamensis	SRR1813884	NA
Micromonospora_siamensis	SRR1813885	NA
Micromonospora_siamensis	SRR1813886	NA
Micromonospora_siamensis	SRR1813887	NA
Micromonospora_siamensis	SRR1928188	NA
Micromonospora_siamensis	SRR1928189	NA
Micromonospora_siamensis	SRR1928190	NA
Micromonospora_siamensis	SRR1928191	NA
Micromonospora_siamensis	SRR1928192	NA
Micromonospora_siamensis	SRR1928193	NA
Micromonospora_siamensis	SRR2046996	1.3555405213425968
Micromonospora_siamensis	SRR2046997	1.3561626257600456
Micromonospora_siamensis	SRR2046998	1.3632936897014178
Micromonospora_siamensis	SRR2046999	1.363963302220239
Micromonospora_siamensis	SRR2047000	1.3513816610410734
Micromonospora_siamensis	SRR2047001	1.359432188335606
Micromonospora_siamensis	SRR2047002	1.3599875461622084
Micromonospora_siamensis	SRR2047003	1.3626190286749618
Micromonospora_siamensis	SRR2047004	1.3574339952142995
Micromonospora_siamensis	SRR2047005	1.3618823313624977
Micromonospora_siamensis	SRR2047006	1.3618019380158601
Micromonospora_siamensis	SRR2047007	1.3597762438242038
Micromonospora_siamensis	SRR2047008	1.3620855384331363
Micromonospora_siamensis	SRR2047009	1.3613966590497895
Micromonospora_siamensis	SRR2313973	NA
Micromonospora_siamensis	SRR2313974	NA
Micromonospora_siamensis	SRR2313975	NA
Micromonospora_siamensis	SRR2313976	NA
Micromonospora_siamensis	SRR2313977	NA
Micromonospora_siamensis	SRR2313978	NA
Micromonospora_siamensis	SRR2313979	NA
Micromonospora_siamensis	SRR2313980	NA
Micromonospora_siamensis	SRR2313981	NA
Micromonospora_siamensis	SRR2313982	NA
Micromonospora_siamensis	SRR2313983	NA
Micromonospora_siamensis	SRR2313984	NA
Micromonospora_siamensis	SRR2313985	NA
Micromonospora_siamensis	SRR2313986	NA
Micromonospora_siamensis	SRR2313987	NA
Micromonospora_siamensis	SRR2313988	NA
Micromonospora_siamensis	SRR2313989	NA
Micromonospora_siamensis	SRR2313990	NA
Micromonospora_siamensis	SRR2313991	NA
Micromonospora_siamensis	SRR2313992	NA
Micromonospora_siamensis	SRR2313993	NA
Micromonospora_siamensis	SRR2313994	NA
Micromonospora_siamensis	SRR2313995	NA
Micromonospora_siamensis	SRR2313996	NA
Micromonospora_siamensis	SRR2313997	NA
Micromonospora_siamensis	SRR2313998	NA
Micromonospora_siamensis	SRR2313999	NA
Micromonospora_siamensis	SRR2314000	NA
Micromonospora_siamensis	SRR2314001	NA
Micromonospora_siamensis	SRR2314002	NA
Micromonospora_siamensis	SRR2314003	NA
Micromonospora_siamensis	SRR2314004	NA
Micromonospora_siamensis	SRR2314005	NA
Micromonospora_siamensis	SRR2314006	NA
Micromonospora_siamensis	SRR2314007	NA
Micromonospora_siamensis	SRR2314008	NA
Micromonospora_siamensis	SRR2314009	NA
Micromonospora_siamensis	SRR2314010	NA
Micromonospora_siamensis	SRR2314011	NA
Micromonospora_siamensis	SRR2314012	NA
Micromonospora_siamensis	SRR2314013	NA
Micromonospora_siamensis	SRR2314014	NA
Micromonospora_siamensis	SRR2314015	NA
Micromonospora_siamensis	SRR2314016	NA
Micromonospora_siamensis	SRR2314017	NA
Micromonospora_siamensis	SRR2314018	NA
Micromonospora_siamensis	SRR2314019	NA
Micromonospora_siamensis	SRR2314020	NA
Micromonospora_siamensis	SRR2314021	NA
Micromonospora_siamensis	SRR2314022	NA
Micromonospora_siamensis	SRR2314023	NA
Micromonospora_siamensis	SRR2314024	NA
Micromonospora_siamensis	SRR2314025	NA
Micromonospora_siamensis	SRR2314026	NA
Micromonospora_siamensis	SRR2314027	NA
Micromonospora_siamensis	SRR2314028	NA
Micromonospora_siamensis	SRR2314029	NA
Micromonospora_siamensis	SRR2314030	NA
Micromonospora_siamensis	SRR2314031	NA
Micromonospora_siamensis	SRR2314032	NA
Micromonospora_siamensis	SRR2314033	NA
Micromonospora_siamensis	SRR2314034	NA
Micromonospora_siamensis	SRR2314035	NA
Micromonospora_siamensis	SRR2314036	NA
Micromonospora_siamensis	SRR2314037	NA
Micromonospora_siamensis	SRR2314038	NA
Micromonospora_siamensis	SRR2314039	NA
Micromonospora_siamensis	SRR2314040	NA
Micromonospora_siamensis	SRR2314041	NA
Micromonospora_siamensis	SRR2314042	NA
Micromonospora_siamensis	SRR2314043	NA
Micromonospora_siamensis	SRR2314044	NA
Micromonospora_siamensis	SRR2314045	NA
Micromonospora_siamensis	SRR3493774	1.3382819884592194
Micromonospora_siamensis	SRR3493775	1.3480674404067088
Micromonospora_siamensis	SRR3493776	1.3296738838805997
Micromonospora_siamensis	SRR3493777	1.3505835749216886
Micromonospora_siamensis	SRR3493778	1.358349537490332
Micromonospora_siamensis	SRR3493779	1.3561626257600456
Micromonospora_siamensis	SRR3493780	1.3398964265019178
Micromonospora_siamensis	SRR3493781	1.3438742739783325
Micromonospora_siamensis	SRR3493782	1.323299595997881
Micromonospora_siamensis	SRR3493783	1.3459185395104925
Micromonospora_siamensis	SRR3493784	1.3438742739783325
Micromonospora_siamensis	SRR3493785	1.3508362279898005
Micromonospora_siamensis	SRR3493786	1.3287149082462886
Micromonospora_siamensis	SRR3493787	1.3380477713644905
Micromonospora_siamensis	SRR3493788	1.3183154886473012
Micromonospora_siamensis	SRR3493789	1.347463603109902
Micromonospora_siamensis	SRR3493790	1.2625448423100207
Micromonospora_siamensis	SRR3493791	1.284592323754263
Micromonospora_siamensis	SRR3493792	1.2305141341823898
Micromonospora_siamensis	SRR3493793	1.260745717944606
Micromonospora_siamensis	SRR3493794	1.2711853315026325
Micromonospora_siamensis	SRR3493795	1.2142169544739283
Micromonospora_siamensis	SRR3493796	1.065828761819991
Micromonospora_siamensis	SRR3493797	1.284592323754263
Micromonospora_siamensis	SRR3493798	1.2627860312224735
Micromonospora_siamensis	SRR3493799	1.2198005066181308
Micromonospora_siamensis	SRR3493800	1.2987680889557414
Micromonospora_siamensis	SRR3493801	1.1449664140631362
Micromonospora_siamensis	SRR3493802	2.184444607523806
Micromonospora_siamensis	SRR3493803	1.1538936985338037
Micromonospora_siamensis	SRR3493804	1.2970912368303573
Micromonospora_siamensis	SRR3493805	1.155781100264946
Micromonospora_siamensis	SRR3493806	1.240753971202841
Micromonospora_siamensis	SRR3493807	1.1821036772172746
Micromonospora_siamensis	SRR3493808	1.1245678864792692
Micromonospora_siamensis	SRR3493809	1.115773559998563
Micromonospora_siamensis	SRR3493810	3.338058490829385
Micromonospora_siamensis	SRR3493811	1.1960002773585596
Micromonospora_siamensis	SRR3493812	1.2401206159389038
Micromonospora_siamensis	SRR3493813	1.2019384090069336
Micromonospora_siamensis	SRR3493814	1.2240379779593342
Micromonospora_siamensis	SRR3493815	1.2049206616817982
Micromonospora_siamensis	SRR3493816	1.2298029536945252
Micromonospora_siamensis	SRR3493817	0.4087162412304327
Micromonospora_siamensis	SRR3493818	1.2027437090132078
Micromonospora_siamensis	SRR3493819	1.2205584277726473
Micromonospora_siamensis	SRR3493820	1.3173952229656312
Micromonospora_siamensis	SRR3493821	1.1503531047395037
Micromonospora_siamensis	SRR3493822	1.2468982506550739
Micromonospora_siamensis	SRR3493823	1.2391769352647855
Micromonospora_siamensis	SRR3493824	1.2882433644676075
Micromonospora_siamensis	SRR3493825	1.1863548972738074
Micromonospora_siamensis	SRR3493826	1.1957337316838368
Micromonospora_siamensis	SRR3493827	1.1928585465345922
Micromonospora_siamensis	SRR3493828	1.1456715974121265
Micromonospora_siamensis	SRR3493829	1.058231760561945
Micromonospora_siamensis	SRR3493830	1.2752140936865761
Micromonospora_siamensis	SRR3493831	2.1788388923677307
Micromonospora_siamensis	SRR3493832	1.1641537538009277
Micromonospora_siamensis	SRR3493833	1.2085068583223566
Micromonospora_siamensis	SRR3493834	1.236584131457369
Micromonospora_siamensis	SRR3493835	0.6386201409012657
Micromonospora_siamensis	SRR3493836	1.2914238372325433
Micromonospora_siamensis	SRR3493837	1.1214647196727927
Micromonospora_siamensis	SRR3493838	1.1644913690110268
Micromonospora_siamensis	SRR3493839	1.3240933322740474
Micromonospora_siamensis	SRR3493840	1.315784239344613
Micromonospora_siamensis	SRR3493841	1.2671331324617459
Micromonospora_siamensis	SRR3493846	1.3184752878867636
Micromonospora_siamensis	SRR3493847	1.2952730709674147
Micromonospora_siamensis	SRR3493848	1.3183154886473012
Micromonospora_siamensis	SRR3493849	1.1909254154873892
Micromonospora_siamensis	SRR3493850	1.2886820472941767
Micromonospora_siamensis	SRR3714631	1.3652302799676275
Micromonospora_siamensis	SRR3714632	1.3650389842268886
Micromonospora_siamensis	SRR3714633	1.3423135436670932
Micromonospora_siamensis	SRR3714634	1.3483358427492986
Micromonospora_siamensis	SRR3714635	1.3301157084966697
Micromonospora_siamensis	SRR3714636	1.3612319094799556
Micromonospora_siamensis	SRR3714637	1.350364271491463
Micromonospora_siamensis	SRR3714638	1.347000803460904
Micromonospora_siamensis	SRR3714639	1.3183139712761642
Micromonospora_siamensis	SRR3714640	1.344021627244169
Micromonospora_siamensis	SRR3714641	1.3434000954997938
Micromonospora_siamensis	SRR3714642	1.3501340679540812
Micromonospora_siamensis	SRR3714643	1.3508362279898005
Micromonospora_siamensis	SRR3714644	1.3524350411013144
Micromonospora_siamensis	SRR3714645	1.3383514119561248
Micromonospora_siamensis	SRR3714646	1.3274339751425022
Micromonospora_siamensis	SRR3714648	1.3285645915048494
Micromonospora_siamensis	SRR3714649	1.3358726283614641
Micromonospora_siamensis	SRR3714650	1.2804465079787484
Micromonospora_siamensis	SRR3714651	1.340495266601185
Micromonospora_siamensis	SRR3714652	1.3370875646886284
Micromonospora_siamensis	SRR3714653	1.3351787252769485
Micromonospora_siamensis	SRR3714654	1.3179295366425143
Micromonospora_siamensis	SRR3714655	1.3490138249359378
Micromonospora_siamensis	SRR3714656	1.2567251485578759
Micromonospora_siamensis	SRR3714657	1.336962642906195
Micromonospora_siamensis	SRR3714658	1.351845412490748
Micromonospora_siamensis	SRR3714659	1.3516557234899487
Micromonospora_siamensis	SRR3714660	1.3505835749216886
Micromonospora_siamensis	SRR3714661	1.3304516300065055
Micromonospora_siamensis	SRR3714662	1.348742925120609
Micromonospora_siamensis	SRR3714663	1.3312382839650534
Micromonospora_siamensis	SRR3714664	1.350385719456188
Micromonospora_siamensis	SRR3714665	1.3490138249359378
Micromonospora_siamensis	SRR3714666	1.359861209009657
Micromonospora_siamensis	SRR3714667	1.3307404382020307
Micromonospora_siamensis	SRR3714668	1.3375379880262035
Micromonospora_siamensis	SRR3714669	1.3345735792666624
Micromonospora_siamensis	SRR3714670	1.2702440658531313
Micromonospora_siamensis	SRR3714671	1.3287149082462886
Micromonospora_siamensis	SRR3714672	1.3388174262643275
Micromonospora_siamensis	SRR3714673	1.2667410257810257
Micromonospora_siamensis	SRR3714674	1.34653965578047
Micromonospora_siamensis	SRR3714675	1.3451861847413156
Micromonospora_siamensis	SRR3714676	1.3456171453727186
Micromonospora_siamensis	SRR3714677	1.2961864285789997
Micromonospora_siamensis	SRR3714678	1.3514824771725942
Micromonospora_siamensis	SRR3714679	1.345253865980099
Micromonospora_siamensis	SRR3714680	1.3367622302937445
Micromonospora_siamensis	SRR3714681	1.3560657049542797
Micromonospora_siamensis	SRR3714682	1.3558285475421563
Micromonospora_siamensis	SRR3714683	1.3366743708340345
Micromonospora_siamensis	SRR3714684	1.3348202926155082
Micromonospora_siamensis	SRR3714685	1.336962642906195
Micromonospora_siamensis	SRR3714686	1.3507509512034028
Micromonospora_siamensis	SRR3714688	1.3626190286749618
Micromonospora_siamensis	SRR3714689	1.3534875243524722
Micromonospora_siamensis	SRR3714690	1.3290237230739097
Micromonospora_siamensis	SRR3714691	1.3436634093908635
Micromonospora_siamensis	SRR3714692	1.3180397863021243
Micromonospora_siamensis	SRR3714693	1.3512170370636938
Micromonospora_siamensis	SRR3714694	1.3511672659833882
Micromonospora_siamensis	SRR3714695	1.3513816610410734
Micromonospora_siamensis	SRR3714696	1.292255376915366
Micromonospora_siamensis	SRR3714697	1.2306754126664508
Micromonospora_siamensis	SRR3714698	1.3583740921230527
Micromonospora_siamensis	SRR3714699	1.3450753291437514
Micromonospora_siamensis	SRR3714700	1.3473985089531106
Micromonospora_siamensis	SRR3714701	1.329652535152111
Micromonospora_siamensis	SRR3714702	1.350385719456188
Micromonospora_siamensis	SRR3714703	1.3502790583246302
Micromonospora_siamensis	SRR3714704	1.3547238099368741
Micromonospora_siamensis	SRR3714705	1.317971188461849
Micromonospora_siamensis	SRR3714706	1.3645592654045955
Micromonospora_siamensis	SRR3714707	1.346320609018767
Micromonospora_siamensis	SRR3714708	1.3626580852625958
Micromonospora_siamensis	SRR3714709	1.3423783231069852
Micromonospora_siamensis	SRR3714710	1.3427763630507397
Micromonospora_siamensis	SRR3714711	1.3505835749216886
Micromonospora_siamensis	SRR3714712	1.347145302534545
Micromonospora_siamensis	SRR3714713	1.3394985745560506
Micromonospora_siamensis	SRR3714714	1.336650893783813
Micromonospora_siamensis	SRR3714715	1.3071122189861448
Micromonospora_siamensis	SRR3714716	1.3558285475421563
Micromonospora_siamensis	SRR3714717	1.3607077715866251
Micromonospora_siamensis	SRR3714718	1.3508362279898005
Micromonospora_siamensis	SRR3714719	1.34653965578047
Micromonospora_siamensis	SRR3714720	1.3340118219441086
Micromonospora_siamensis	SRR3714721	1.3419191740325442
Micromonospora_siamensis	SRR3714723	1.3308497310876877
Micromonospora_siamensis	SRR3714724	1.3035662084064727
Micromonospora_siamensis	SRR3714725	1.3214119850406139
Micromonospora_siamensis	SRR3714726	1.3456171453727186
Micromonospora_siamensis	SRR3714727	1.3333686715063529
Micromonospora_siamensis	SRR3714728	1.3333686715063529
Micromonospora_siamensis	SRR3714729	1.3628387906179662
Micromonospora_siamensis	SRR3714730	1.3487588358880969
Micromonospora_siamensis	SRR3714731	1.3123179243169656
Micromonospora_siamensis	SRR3714732	1.3469691601164098
Micromonospora_siamensis	SRR3714734	1.3507509512034028
Micromonospora_siamensis	SRR3714735	1.3489720212096918
Micromonospora_siamensis	SRR3714736	1.3574753250672933
Micromonospora_siamensis	SRR3714737	1.3454871180632704
Micromonospora_siamensis	SRR3714738	1.2909331232652765
Micromonospora_siamensis	SRR3714739	1.3513816610410734
Micromonospora_siamensis	SRR3714740	1.2996587190744668
Micromonospora_siamensis	SRR3714741	1.3614391621519784
Micromonospora_siamensis	SRR3714744	1.3424537171472761
Micromonospora_siamensis	SRR3714745	1.2815229461742896
Micromonospora_siamensis	SRR3714746	1.3644863922256507
Micromonospora_siamensis	SRR3714747	1.3230920898627394
Micromonospora_siamensis	SRR3714748	1.350312888834268
Micromonospora_siamensis	SRR3714749	1.3607077715866251
Micromonospora_siamensis	SRR3714750	1.3274339751425022
Micromonospora_siamensis	SRR3714751	1.3561626257600456
Micromonospora_siamensis	SRR3714752	1.3564544763934177
Micromonospora_siamensis	SRR3714753	1.3180397863021243
Micromonospora_siamensis	SRR3714754	1.3383514119561248
Micromonospora_siamensis	SRR3714755	1.351845412490748
Micromonospora_siamensis	SRR3714756	1.3409308401998268
Micromonospora_siamensis	SRR3714757	1.3454871180632704
Micromonospora_siamensis	SRR3714758	1.350364271491463
Micromonospora_siamensis	SRR3714759	1.3300275914781203
Micromonospora_siamensis	SRR3714760	1.3652302799676275
Micromonospora_siamensis	SRR3714761	1.3511724781991463
Micromonospora_siamensis	SRR3714762	1.3547238099368741
Micromonospora_siamensis	SRR3714764	1.3492820866118815
Micromonospora_siamensis	SRR3714765	1.336318015657321
Micromonospora_siamensis	SRR3714766	1.3423135436670932
Micromonospora_siamensis	SRR3714767	1.3399023251995457
Micromonospora_siamensis	SRR3714768	1.3459185395104925
Micromonospora_siamensis	SRR5176628	1.3658304473165754
Micromonospora_siamensis	SRR5176629	1.3647292755975204
Micromonospora_siamensis	SRR5176630	1.3636661710431994
Micromonospora_siamensis	SRR5176631	1.366777814654196
Micromonospora_siamensis	SRR5176632	1.364418799805003
Micromonospora_siamensis	SRR5176633	1.3630300139455425
Micromonospora_siamensis	SRR5176634	1.3632936897014178
Micromonospora_siamensis	SRR5176635	1.3657127099457684
Micromonospora_siamensis	SRR5176636	1.3274775891413366
Micromonospora_siamensis	SRR5176637	1.3510551556071593
Micromonospora_siamensis	SRR5176638	1.3331702213185004
Micromonospora_siamensis	SRR5176639	1.3612319094799556
Micromonospora_siamensis	SRR5176640	1.3685577832033065
Micromonospora_siamensis	SRR5176641	1.3617719570408353
Micromonospora_siamensis	SRR5176642	1.3644863922256507
Micromonospora_siamensis	SRR5176643	1.3650389842268886
Micromonospora_siamensis	SRR5176644	1.3645592654045955
Micromonospora_siamensis	SRR5176645	1.3603247318359362
Micromonospora_siamensis	SRR5176646	1.3551435256159687
Micromonospora_siamensis	SRR5176647	1.3648618084282327
Micromonospora_siamensis	SRR5176648	1.3670406656948546
Micromonospora_siamensis	SRR5176649	1.296477417292304
Micromonospora_siamensis	SRR5176650	1.3556918670257883
Micromonospora_siamensis	SRR5176651	1.3648618084282327
Micromonospora_siamensis	SRR5176652	1.3632936897014178
Micromonospora_siamensis	SRR5176653	1.3619655654592606
Micromonospora_siamensis	SRR5176654	1.3645592654045955
Micromonospora_siamensis	SRR5176655	1.3644863922256507
Micromonospora_siamensis	SRR5176656	1.3601862908424658
Micromonospora_siamensis	SRR5176657	1.3687620824139737
Micromonospora_siamensis	SRR5176658	1.3658304473165754
Micromonospora_siamensis	SRR5176659	1.364275399950775
Micromonospora_siamensis	SRR5176660	1.36415487469014
Micromonospora_siamensis	SRR5176661	1.3678386989055058
Micromonospora_siamensis	SRR5176662	1.3618823313624977
Micromonospora_siamensis	SRR5176663	1.366777814654196
Micromonospora_siamensis	SRR5176664	1.365648707045223
Micromonospora_siamensis	SRR5176665	1.363367053906934
Micromonospora_siamensis	SRR5176666	1.3652789884192185
Micromonospora_siamensis	SRR5176667	1.3656513527865064
Micromonospora_siamensis	SRR5176668	1.3560657049542797
Micromonospora_siamensis	SRR5176669	1.3614907853286795
Micromonospora_siamensis	SRR5176670	1.3683325279379595
Micromonospora_siamensis	SRR5176671	1.366777814654196
Micromonospora_siamensis	SRR5176672	1.3652302799676275
Micromonospora_siamensis	SRR5176673	1.3645592654045955
Micromonospora_siamensis	SRR5176674	1.3658304473165754
Micromonospora_siamensis	SRR5176675	1.3652789884192185
Micromonospora_siamensis	SRR5176676	1.365648707045223
Micromonospora_siamensis	SRR5176677	1.3626190286749618
Micromonospora_siamensis	SRR5176678	1.36259882499864
Micromonospora_siamensis	SRR5176679	1.3566148907720872
Micromonospora_siamensis	SRR5176680	1.3642765747608594
Micromonospora_siamensis	SRR5176681	1.3652789884192185
Micromonospora_siamensis	SRR5176682	1.3678519102083702
Micromonospora_siamensis	SRR5176683	1.36415487469014
Micromonospora_siamensis	SRR5176684	1.3648618084282327
Micromonospora_siamensis	SRR5176685	1.36415487469014
Micromonospora_siamensis	SRR5176686	1.3652592688971437
Micromonospora_siamensis	SRR5176687	1.3642765747608594
Micromonospora_siamensis	SRR5176688	1.3665467722368712
Micromonospora_siamensis	SRR5176689	1.36415487469014
Micromonospora_siamensis	SRR5176690	1.3650389842268886
Micromonospora_siamensis	SRR5176691	1.3650389842268886
Micromonospora_siamensis	SRR5176692	1.3644863922256507
Micromonospora_siamensis	SRR5176693	1.3601862908424658
Micromonospora_siamensis	SRR5176694	1.3626580852625958
Micromonospora_siamensis	SRR5176695	1.367723364166903
Micromonospora_siamensis	SRR5176696	1.315784239344613
Micromonospora_siamensis	SRR5176697	1.3658304473165754
Micromonospora_siamensis	SRR5176698	1.3489903187332701
Micromonospora_siamensis	SRR5176699	1.3658304473165754
Micromonospora_siamensis	SRR5176700	1.3556784343652573
Micromonospora_siamensis	SRR5176701	1.3647292755975204
Micromonospora_siamensis	SRR5176702	1.3632074161673557
Micromonospora_siamensis	SRR5176703	1.3652302799676275
Micromonospora_siamensis	SRR5176704	1.3576823165353116
Micromonospora_siamensis	SRR5176705	1.3652302799676275
Micromonospora_siamensis	SRR5176706	1.3618019380158601
Micromonospora_siamensis	SRR5176707	1.3628742248234382
Micromonospora_siamensis	SRR5176708	1.3650389842268886
Micromonospora_siamensis	SRR5176709	1.355001032468201
Micromonospora_siamensis	SRR5176710	1.3652592688971437
Micromonospora_siamensis	SRR5176711	1.3630300139455425
Micromonospora_siamensis	SRR5176712	1.3656513527865064
Micromonospora_siamensis	SRR5176713	1.3632493219027384
Micromonospora_siamensis	SRR5176714	1.357545797336928
Micromonospora_siamensis	SRR5176715	1.3632936897014178
Micromonospora_siamensis	SRR5176716	1.3645592654045955
Micromonospora_siamensis	SRR5176717	1.3652592688971437
Micromonospora_siamensis	SRR5176718	1.3630300139455425
Micromonospora_siamensis	SRR5176719	1.3652789884192185
Micromonospora_siamensis	SRR5176720	1.3648618084282327
Micromonospora_siamensis	SRR5176721	1.3644863922256507
Micromonospora_siamensis	SRR5176722	1.3642765747608594
Micromonospora_siamensis	SRR5176723	1.3648618084282327
Micromonospora_siamensis	SRR5176724	1.3648618084282327
Micromonospora_siamensis	SRR5176725	1.36415487469014
Micromonospora_siamensis	SRR5176726	1.364275399950775
Micromonospora_siamensis	SRR5176727	1.3658304473165754
Micromonospora_siamensis	SRR5176728	1.3625634054000042
Micromonospora_siamensis	SRR5176729	1.363367053906934
Micromonospora_siamensis	SRR5176730	1.3647292755975204
Micromonospora_siamensis	SRR5176731	1.3656513527865064
Micromonospora_siamensis	SRR5176732	1.3626580852625958
Micromonospora_siamensis	SRR5176733	1.3632074161673557
Micromonospora_siamensis	SRR5176734	1.350312888834268
Micromonospora_siamensis	SRR5176735	1.3603247318359362
Micromonospora_siamensis	SRR5176736	1.3587925115012331
Micromonospora_siamensis	SRR5176737	1.364275399950775
Micromonospora_siamensis	SRR5176738	1.3639943687800475
Micromonospora_siamensis	SRR5176739	1.3613966590497895
Micromonospora_siamensis	SRR5176740	1.364275399950775
Micromonospora_siamensis	SRR5176741	1.3480674404067088
Micromonospora_siamensis	SRR5176742	1.350385719456188
Micromonospora_siamensis	SRR5176743	1.3652789884192185
Micromonospora_siamensis	SRR5176744	1.3644863922256507
Micromonospora_siamensis	SRR5176745	1.3632493219027384
Micromonospora_siamensis	SRR5176746	1.3658304473165754
Micromonospora_siamensis	SRR5176747	1.3652592688971437
Micromonospora_siamensis	SRR5176748	1.366777814654196
Micromonospora_siamensis	SRR5176749	1.351748025615633
Micromonospora_siamensis	SRR5176750	1.3559699697980863
Micromonospora_siamensis	SRR5176751	1.3656513527865064
Micromonospora_siamensis	SRR5176752	1.364418799805003
Micromonospora_siamensis	SRR5176753	1.3652592688971437
Micromonospora_siamensis	SRR5176754	1.355177982980013
Micromonospora_siamensis	SRR5176755	1.3645592654045955
Micromonospora_siamensis	SRR5176756	1.3642765747608594
Micromonospora_siamensis	SRR5176757	1.357338444084492
Micromonospora_siamensis	SRR5176758	1.3670406656948546
Micromonospora_siamensis	SRR5176759	1.3695495824775967
Micromonospora_siamensis	SRR5176760	1.3632493219027384
Micromonospora_siamensis	SRR5176761	1.3647292755975204
Micromonospora_siamensis	SRR5176762	1.3604438151934661
Micromonospora_siamensis	SRR5176763	1.3619655654592606
Micromonospora_siamensis	SRR5176764	1.3691204108846116
Micromonospora_siamensis	SRR5176765	1.3652789884192185
Micromonospora_siamensis	SRR5176766	1.365648707045223
Micromonospora_siamensis	SRR5176767	1.3632074161673557
Micromonospora_siamensis	SRR5176768	1.3566148907720872
Micromonospora_siamensis	SRR5176769	1.364275399950775
Micromonospora_siamensis	SRR5176770	1.3639943687800475
Micromonospora_siamensis	SRR5176771	1.3638247610160497
Micromonospora_siamensis	SRR5176772	1.3614391621519784
Micromonospora_siamensis	SRR5176773	1.364275399950775
Micromonospora_siamensis	SRR5176774	1.3650389842268886
Micromonospora_siamensis	SRR5176775	1.3607077715866251
Micromonospora_siamensis	SRR5176776	1.3632936897014178
Micromonospora_siamensis	SRR5176777	1.367723364166903
Micromonospora_siamensis	SRR5176778	1.364275399950775
Micromonospora_siamensis	SRR5176779	1.3630300139455425
Micromonospora_siamensis	SRR5176780	1.3626190286749618
Micromonospora_siamensis	SRR5176781	1.3639943687800475
Micromonospora_siamensis	SRR5176782	1.366777814654196
Micromonospora_siamensis	SRR5176783	1.3626190286749618
Micromonospora_siamensis	SRR5176784	1.363963302220239
Micromonospora_siamensis	SRR5176785	1.3642765747608594
Micromonospora_siamensis	SRR5176786	1.365648707045223
Micromonospora_siamensis	SRR5176787	1.3644863922256507
Micromonospora_siamensis	SRR5176788	1.36415487469014
Micromonospora_siamensis	SRR5176789	1.3575007269852146
Micromonospora_siamensis	SRR5176790	1.3648618084282327
Micromonospora_siamensis	SRR5176791	1.3645592654045955
Micromonospora_siamensis	SRR5176792	1.3632936897014178
Micromonospora_siamensis	SRR5176793	1.3652592688971437
Micromonospora_siamensis	SRR5176794	1.3650389842268886
Micromonospora_siamensis	SRR5176795	1.3652789884192185
Micromonospora_siamensis	SRR5176796	1.366777814654196
Micromonospora_siamensis	SRR5176797	1.364275399950775
Micromonospora_siamensis	SRR5176798	1.3652592688971437
Micromonospora_siamensis	SRR5176799	1.3632074161673557
Micromonospora_siamensis	SRR5176800	1.3665467722368712
Micromonospora_siamensis	SRR5176801	1.3658304473165754
Micromonospora_siamensis	SRR5176802	1.3620855384331363
Micromonospora_siamensis	SRR5176803	1.3628742248234382
Micromonospora_siamensis	SRR5176804	1.3695495824775967
Micromonospora_siamensis	SRR5176805	1.3648618084282327
Micromonospora_siamensis	SRR5176806	1.3415852748948751
Micromonospora_siamensis	SRR5176807	1.3644863922256507
Micromonospora_siamensis	SRR5176808	1.3652592688971437
Micromonospora_siamensis	SRR5176809	1.364418799805003
Micromonospora_siamensis	SRR5176810	1.365648707045223
Micromonospora_siamensis	SRR5176811	1.3632074161673557
Micromonospora_siamensis	SRR5176812	1.3628742248234382
Micromonospora_siamensis	SRR5176813	1.3652592688971437
Micromonospora_siamensis	SRR5176814	1.3628742248234382
Micromonospora_siamensis	SRR5176815	1.3642765747608594
Micromonospora_siamensis	SRR5176816	1.3657127099457684
Micromonospora_siamensis	SRR5176817	1.363963302220239
Micromonospora_siamensis	SRR5176818	1.36259882499864
Micromonospora_siamensis	SRR5176819	1.3691204108846116
Micromonospora_siamensis	SRR5176820	1.3618019380158601
Micromonospora_siamensis	SRR5176821	1.365648707045223
Micromonospora_siamensis	SRR5176822	1.3656513527865064
Micromonospora_siamensis	SRR5176823	1.3658304473165754
Micromonospora_siamensis	SRR5176824	1.3645592654045955
Micromonospora_siamensis	SRR5176825	1.36259882499864
Micromonospora_siamensis	SRR5176826	1.3644863922256507
Micromonospora_siamensis	SRR5176827	1.3652789884192185
Micromonospora_siamensis	SRR5176828	1.3626190286749618
Micromonospora_siamensis	SRR5176829	1.3648618084282327
Micromonospora_siamensis	SRR5176830	1.3683007848759485
Micromonospora_siamensis	SRR5176831	1.3652302799676275
Micromonospora_siamensis	SRR5176832	1.364418799805003
Micromonospora_siamensis	SRR5176833	1.363963302220239
Micromonospora_siamensis	SRR5176834	1.3647292755975204
Micromonospora_siamensis	SRR5176835	1.3652789884192185
Micromonospora_siamensis	SRR5176836	1.3632936897014178
Micromonospora_siamensis	SRR5176837	1.359432188335606
Micromonospora_siamensis	SRR5176838	1.3657127099457684
Micromonospora_siamensis	SRR5176839	1.3644863922256507
Micromonospora_siamensis	SRR5176840	1.3652592688971437
Micromonospora_siamensis	SRR5176841	1.3372878784409956
Micromonospora_siamensis	SRR5176842	1.3645592654045955
Micromonospora_siamensis	SRR5176843	1.3657127099457684
Micromonospora_siamensis	SRR5176844	1.3595851426742833
Micromonospora_siamensis	SRR5176845	1.364275399950775
Micromonospora_siamensis	SRR5176846	1.3626580852625958
Micromonospora_siamensis	SRR5176847	1.3656513527865064
Micromonospora_siamensis	SRR5176848	1.3632936897014178
Micromonospora_siamensis	SRR5176849	1.3571865780557517
Micromonospora_siamensis	SRR5176850	1.3538840207981289
Micromonospora_siamensis	SRR5176851	1.3636661710431994
Micromonospora_siamensis	SRR5176852	1.364418799805003
Micromonospora_siamensis	SRR5176853	1.3644863922256507
Micromonospora_siamensis	SRR5176854	1.3678519102083702
Micromonospora_siamensis	SRR5176855	1.36415487469014
Micromonospora_siamensis	SRR5176856	1.3628742248234382
Micromonospora_siamensis	SRR5176857	1.3652789884192185
Micromonospora_siamensis	SRR5176858	1.3652789884192185
Micromonospora_siamensis	SRR5176859	1.3645592654045955
Micromonospora_siamensis	SRR5176860	1.361986070642
Micromonospora_siamensis	SRR5176861	1.364275399950775
Micromonospora_siamensis	SRR5176862	1.363367053906934
Micromonospora_siamensis	SRR5176863	1.3636661710431994
Micromonospora_siamensis	SRR5176864	1.3652302799676275
Micromonospora_siamensis	SRR5176865	1.363367053906934
Micromonospora_siamensis	SRR5176866	1.3632074161673557
Micromonospora_siamensis	SRR5176867	1.3632493219027384
Micromonospora_siamensis	SRR5176868	1.3636661710431994
Micromonospora_siamensis	SRR5176869	1.36415487469014
Micromonospora_siamensis	SRR5176870	1.3652592688971437
Micromonospora_siamensis	SRR5176871	1.355177982980013
Micromonospora_siamensis	SRR5176872	1.3645592654045955
Micromonospora_siamensis	SRR5861974	NA
Micromonospora_siamensis	SRR5861975	NA
Micromonospora_siamensis	SRR5861976	NA
Micromonospora_siamensis	SRR5861977	NA
Micromonospora_siamensis	SRR5861978	NA
Micromonospora_siamensis	SRR5861979	NA
Micromonospora_siamensis	SRR5861980	NA
Micromonospora_siamensis	SRR5861981	NA
Micromonospora_siamensis	SRR5861982	NA
Micromonospora_siamensis	SRR5861983	NA
Micromonospora_siamensis	SRR5861984	NA
Micromonospora_siamensis	SRR5861985	NA
Micromonospora_siamensis	SRR5861986	NA
Micromonospora_siamensis	SRR5861987	NA
Micromonospora_siamensis	SRR5861988	NA
Micromonospora_siamensis	SRR5861989	NA
Micromonospora_siamensis	SRR5861990	NA
Micromonospora_siamensis	SRR5861991	NA
Micromonospora_siamensis	SRR5861992	NA
Micromonospora_siamensis	SRR5861993	NA
Micromonospora_siamensis	SRR5861994	NA
Micromonospora_siamensis	SRR5861995	NA
Micromonospora_siamensis	SRR5861996	NA
Micromonospora_siamensis	SRR5861997	NA
Micromonospora_siamensis	SRR5861998	NA
Micromonospora_siamensis	SRR5861999	NA
Micromonospora_siamensis	SRR5862000	NA
Micromonospora_siamensis	SRR5862001	NA
Micromonospora_siamensis	SRR5862002	NA
Micromonospora_siamensis	SRR5862003	NA
Micromonospora_siamensis	SRR5862004	NA
Micromonospora_siamensis	SRR5862005	NA
Micromonospora_siamensis	SRR5862006	NA
Micromonospora_siamensis	SRR5862007	NA
Micromonospora_siamensis	SRR5862008	NA
Micromonospora_siamensis	SRR5862009	NA
Micromonospora_siamensis	SRR5862010	NA
Micromonospora_siamensis	SRR5862011	NA
Micromonospora_siamensis	SRR5862012	NA
Micromonospora_siamensis	SRR5862013	NA
Micromonospora_siamensis	SRR5862014	NA
Micromonospora_siamensis	SRR5862015	NA
Micromonospora_siamensis	SRR5862016	NA
Micromonospora_siamensis	SRR5862017	NA
Micromonospora_siamensis	SRR5862018	NA
Micromonospora_siamensis	SRR5862019	NA
Micromonospora_siamensis	SRR5862020	NA
Micromonospora_siamensis	SRR5862021	NA
Micromonospora_siamensis	SRR5862022	NA
Micromonospora_siamensis	SRR5862023	NA
Micromonospora_siamensis	SRR5862024	NA
Micromonospora_siamensis	SRR5862025	NA
Micromonospora_siamensis	SRR5862026	NA
Micromonospora_siamensis	SRR5862027	NA
Micromonospora_siamensis	SRR5862028	NA
Micromonospora_siamensis	SRR5862029	NA
Micromonospora_siamensis	SRR5862030	NA
Micromonospora_siamensis	SRR5862031	NA
Micromonospora_siamensis	SRR5862032	NA
Micromonospora_siamensis	SRR5862033	NA
Micromonospora_siamensis	SRR5862034	NA
Micromonospora_siamensis	SRR5862035	NA
Micromonospora_siamensis	SRR5862036	NA
Micromonospora_siamensis	SRR5862037	NA
Micromonospora_siamensis	SRR5862038	NA
Micromonospora_siamensis	SRR5862039	NA
Micromonospora_siamensis	SRR5862040	NA
Micromonospora_siamensis	SRR5862041	NA
Micromonospora_siamensis	SRR5862042	NA
Micromonospora_siamensis	SRR5862043	NA
Micromonospora_siamensis	SRR5862044	NA
Micromonospora_siamensis	SRR5862045	NA
Micromonospora_siamensis	SRR5862046	NA
Micromonospora_siamensis	SRR5862047	NA
Micromonospora_siamensis	SRR5862048	NA
Micromonospora_siamensis	SRR5862049	NA
Micromonospora_siamensis	SRR5862050	NA
Micromonospora_siamensis	SRR5862051	NA
Micromonospora_siamensis	SRR5862052	NA
Micromonospora_siamensis	SRR5862053	NA
Micromonospora_siamensis	SRR5862054	NA
Micromonospora_siamensis	SRR5862055	NA
Micromonospora_siamensis	SRR5862056	NA
Micromonospora_siamensis	SRR5862057	NA
Micromonospora_siamensis	SRR5862058	NA
Micromonospora_siamensis	SRR5862059	NA
Micromonospora_siamensis	SRR5862060	NA
Micromonospora_siamensis	SRR5862061	NA
Micromonospora_siamensis	SRR5862062	NA
Micromonospora_siamensis	SRR5862063	NA
Micromonospora_siamensis	SRR5862064	NA
Micromonospora_siamensis	SRR5862065	NA
Micromonospora_siamensis	SRR5862066	NA
Micromonospora_siamensis	SRR5862067	NA
Micromonospora_siamensis	SRR5862068	NA
Micromonospora_siamensis	SRR5862069	NA
Micromonospora_siamensis	SRR5862070	NA
Micromonospora_siamensis	SRR5862071	NA
Micromonospora_siamensis	SRR5862072	NA
Micromonospora_siamensis	SRR5862073	NA
Micromonospora_siamensis	SRR5862074	NA
Micromonospora_siamensis	SRR5862075	NA
Micromonospora_siamensis	SRR5862076	NA
Micromonospora_siamensis	SRR5862077	NA
Micromonospora_siamensis	SRR5862078	NA
Micromonospora_siamensis	SRR5862079	NA
Micromonospora_siamensis	SRR5862080	NA
Micromonospora_siamensis	SRR5862081	NA
Micromonospora_siamensis	SRR5862082	NA
Micromonospora_siamensis	SRR5862083	NA
Micromonospora_siamensis	SRR5862084	NA
Micromonospora_siamensis	SRR5862085	NA
Micromonospora_siamensis	SRR5862086	NA
Micromonospora_siamensis	SRR5862087	NA
Micromonospora_siamensis	SRR5862088	NA
Micromonospora_siamensis	SRR5862089	NA
Micromonospora_siamensis	SRR5862090	NA
Micromonospora_siamensis	SRR5862091	NA
Micromonospora_siamensis	SRR5862092	NA
Micromonospora_siamensis	SRR5862093	NA
Micromonospora_siamensis	SRR5862094	NA
Micromonospora_siamensis	SRR5862095	NA
Micromonospora_siamensis	SRR5862096	NA
Micromonospora_siamensis	SRR5862097	NA
Micromonospora_siamensis	SRR5862098	NA
Micromonospora_siamensis	SRR5862099	NA
Micromonospora_siamensis	SRR5862100	NA
Micromonospora_siamensis	SRR5862101	NA
Micromonospora_siamensis	SRR5862102	NA
Micromonospora_siamensis	SRR5862103	NA
Micromonospora_siamensis	SRR5862104	NA
Micromonospora_siamensis	SRR5862105	NA
Micromonospora_siamensis	SRR5862106	NA
Micromonospora_siamensis	SRR5862107	NA
Micromonospora_siamensis	SRR5862108	NA
Micromonospora_siamensis	SRR5862109	NA
Micromonospora_siamensis	SRR5862110	NA
Micromonospora_siamensis	SRR5862111	NA
Micromonospora_siamensis	SRR5862112	NA
Micromonospora_siamensis	SRR5862113	NA
Micromonospora_siamensis	SRR5862114	NA
Micromonospora_siamensis	SRR5862115	NA
Micromonospora_siamensis	SRR5862116	NA
Micromonospora_siamensis	SRR5862117	NA
Micromonospora_siamensis	SRR5862118	NA
Micromonospora_siamensis	SRR5862119	NA
Micromonospora_siamensis	SRR5862120	NA
Micromonospora_siamensis	SRR5862121	NA
Micromonospora_siamensis	SRR5862122	NA
Micromonospora_siamensis	SRR5862123	NA
Micromonospora_siamensis	SRR5862124	NA
Micromonospora_siamensis	SRR5862125	NA
Micromonospora_siamensis	SRR5862126	NA
Micromonospora_siamensis	SRR5862127	NA
Micromonospora_siamensis	SRR5862128	NA
Micromonospora_siamensis	SRR5862129	NA
Micromonospora_siamensis	SRR5862130	NA
Micromonospora_siamensis	SRR5862131	NA
Micromonospora_siamensis	SRR5862132	NA
Micromonospora_siamensis	SRR5862133	NA
Micromonospora_siamensis	SRR5862134	NA
Micromonospora_siamensis	SRR5862135	NA
Micromonospora_siamensis	SRR5862136	NA
Micromonospora_siamensis	SRR5862137	NA
Micromonospora_siamensis	SRR5862138	NA
Micromonospora_siamensis	SRR5862139	NA
Micromonospora_siamensis	SRR5862140	NA
Micromonospora_siamensis	SRR5862141	NA
Micromonospora_siamensis	SRR5862142	NA
Micromonospora_siamensis	SRR5862143	NA
Micromonospora_siamensis	SRR5862144	NA
Micromonospora_siamensis	SRR5862145	NA
Micromonospora_siamensis	SRR5862146	NA
Micromonospora_siamensis	SRR5862147	NA
Micromonospora_siamensis	SRR5862148	NA
Micromonospora_siamensis	SRR5862149	NA
Micromonospora_siamensis	SRR5862150	NA
Micromonospora_siamensis	SRR5862151	NA
Micromonospora_siamensis	SRR5862152	NA
Micromonospora_siamensis	SRR5862153	NA
Micromonospora_siamensis	SRR5862154	NA
Micromonospora_siamensis	SRR5862155	NA
Micromonospora_siamensis	SRR5862156	NA
Micromonospora_siamensis	SRR5862157	NA
Micromonospora_siamensis	SRR5862158	NA
Micromonospora_siamensis	SRR5862159	NA
Micromonospora_siamensis	SRR5862160	NA
Micromonospora_siamensis	SRR5862161	NA
Micromonospora_siamensis	SRR5862162	NA
Micromonospora_siamensis	SRR5862163	NA
Micromonospora_siamensis	SRR5862164	NA
Micromonospora_siamensis	SRR5862165	NA
Micromonospora_siamensis	SRR5862166	NA
Micromonospora_siamensis	SRR5862167	NA
Micromonospora_siamensis	SRR5862168	NA
Micromonospora_siamensis	SRR5862169	NA
Micromonospora_siamensis	SRR5862170	NA
Micromonospora_siamensis	SRR5862171	NA
Micromonospora_siamensis	SRR5862172	NA
Micromonospora_siamensis	SRR5862173	NA
Micromonospora_siamensis	SRR5862174	NA
Micromonospora_siamensis	SRR5862175	NA
Micromonospora_siamensis	SRR5862176	NA
Micromonospora_siamensis	SRR5862177	NA
Micromonospora_siamensis	SRR5862178	NA
Micromonospora_siamensis	SRR5862179	NA
Micromonospora_siamensis	SRR5862180	NA
Micromonospora_siamensis	SRR5862181	NA
Micromonospora_siamensis	SRR5862182	NA
Micromonospora_siamensis	SRR5862183	NA
Micromonospora_siamensis	SRR5862184	NA
Micromonospora_siamensis	SRR5862185	NA
Micromonospora_siamensis	SRR5862186	NA
Micromonospora_siamensis	SRR5862187	NA
Micromonospora_siamensis	SRR5862188	NA
Micromonospora_siamensis	SRR5862189	NA
Micromonospora_siamensis	SRR5862190	NA
Micromonospora_siamensis	SRR5862191	NA
Micromonospora_siamensis	SRR5862192	NA
Micromonospora_siamensis	SRR5862193	NA
Micromonospora_siamensis	SRR5862194	NA
Micromonospora_siamensis	SRR5862195	NA
Micromonospora_siamensis	SRR5862196	NA
Micromonospora_siamensis	SRR5862197	NA
Micromonospora_siamensis	SRR5862198	NA
Micromonospora_siamensis	SRR5862199	NA
Micromonospora_siamensis	SRR5862200	NA
Micromonospora_siamensis	SRR5862201	NA
Micromonospora_siamensis	SRR5862202	NA
Micromonospora_siamensis	SRR5862203	NA
Micromonospora_siamensis	SRR5862204	NA
Micromonospora_siamensis	SRR5862205	NA
Micromonospora_siamensis	SRR5862206	NA
Micromonospora_siamensis	SRR5862207	NA
Micromonospora_siamensis	SRR5862208	NA
Micromonospora_siamensis	SRR5862209	NA
Micromonospora_siamensis	SRR5862210	NA
Micromonospora_siamensis	SRR5862211	NA
Micromonospora_siamensis	SRR5862212	NA
Micromonospora_siamensis	SRR5862213	NA
Micromonospora_siamensis	SRR5862214	NA
Micromonospora_siamensis	SRR5862215	NA
Micromonospora_siamensis	SRR5862216	NA
Micromonospora_siamensis	SRR5862217	NA
Micromonospora_siamensis	SRR5862218	NA
Micromonospora_siamensis	SRR5862219	NA
Micromonospora_siamensis	SRR5862220	NA
Micromonospora_siamensis	SRR5862221	NA
Micromonospora_siamensis	SRR5862222	NA
Micromonospora_siamensis	SRR5862223	NA
Micromonospora_siamensis	SRR5862224	NA
Micromonospora_siamensis	SRR5862225	NA
Micromonospora_siamensis	SRR5862226	NA
Micromonospora_siamensis	SRR5862227	NA
Micromonospora_siamensis	SRR5862228	NA
Micromonospora_siamensis	SRR5862229	NA
Micromonospora_siamensis	SRR5862230	NA
Micromonospora_siamensis	SRR5862231	NA
Micromonospora_siamensis	SRR5862232	NA
Micromonospora_siamensis	SRR5862233	NA
Micromonospora_siamensis	SRR5862234	NA
Micromonospora_siamensis	SRR5862235	NA
Micromonospora_siamensis	SRR5862236	NA
Micromonospora_siamensis	SRR5862237	NA
Micromonospora_siamensis	SRR5862238	NA
Micromonospora_siamensis	SRR5862239	NA
Micromonospora_siamensis	SRR5862240	NA
Micromonospora_siamensis	SRR5862241	NA
Micromonospora_siamensis	SRR5862242	NA
Micromonospora_siamensis	SRR5862243	NA
Micromonospora_siamensis	SRR5862244	NA
Micromonospora_siamensis	SRR5862245	NA
Micromonospora_siamensis	SRR5862246	NA
Micromonospora_siamensis	SRR5862247	NA
Micromonospora_siamensis	SRR5862248	NA
Micromonospora_siamensis	SRR5862249	NA
Micromonospora_siamensis	SRR5862250	NA
Micromonospora_siamensis	SRR5862251	NA
Micromonospora_siamensis	SRR5862252	NA
Micromonospora_siamensis	SRR5862253	NA
Micromonospora_siamensis	SRR5862254	NA
Micromonospora_siamensis	SRR5862255	NA
Micromonospora_siamensis	SRR5862256	NA
Micromonospora_siamensis	SRR5862257	NA
Micromonospora_siamensis	SRR5862258	NA
Micromonospora_siamensis	SRR5862259	NA
Micromonospora_siamensis	SRR5862260	NA
Micromonospora_siamensis	SRR5862261	NA
Micromonospora_siamensis	SRR5862262	NA
Micromonospora_siamensis	SRR5862263	NA
Micromonospora_siamensis	SRR5862264	NA
Micromonospora_siamensis	SRR5862265	NA
Micromonospora_siamensis	SRR5862266	NA
Micromonospora_siamensis	SRR5862267	NA
Micromonospora_siamensis	SRR5862268	NA
Micromonospora_siamensis	SRR5862269	NA
Micromonospora_siamensis	SRR5862270	NA
Micromonospora_siamensis	SRR5862271	NA
Micromonospora_siamensis	SRR5862272	NA
Micromonospora_siamensis	SRR5862273	NA
Micromonospora_siamensis	SRR5862274	NA
Micromonospora_siamensis	SRR5862275	NA
Micromonospora_siamensis	SRR5862276	NA
Micromonospora_siamensis	SRR5862277	NA
Micromonospora_siamensis	SRR5949109	1.034827668396374
Micromonospora_siamensis	SRR5949110	1.10653414084804
Micromonospora_siamensis	SRR5949111	1.1176514601104715
Micromonospora_siamensis	SRR5949112	1.2869879536291042
Micromonospora_siamensis	SRR5949113	135.93757908073357
Micromonospora_siamensis	SRR5949114	1.321798712280005
Micromonospora_siamensis	SRR5949115	6.8358657033976415
Micromonospora_siamensis	SRR5949116	0.8123837040619996
Micromonospora_siamensis	SRR5949117	11.94729830227203
Micromonospora_siamensis	SRR5949118	0.6894472397368293
Micromonospora_siamensis	SRR5949119	1.2447154747821256
Micromonospora_siamensis	SRR5949120	0.641227494945069
Micromonospora_siamensis	SRR5949121	1.209835991215658
Micromonospora_siamensis	SRR5949122	1.0614727732544211
Micromonospora_siamensis	SRR5949123	1.0630220873901461
Micromonospora_siamensis	SRR5949124	1.211019402580853
Micromonospora_siamensis	SRR5949125	1.2450783535770484
Micromonospora_siamensis	SRR5949126	1.5757942173929929
Micromonospora_siamensis	SRR5949127	1.1998688857466278
Micromonospora_siamensis	SRR5949128	1.2703459823536438
Micromonospora_siamensis	SRR5949129	0.7363286233748443
Micromonospora_siamensis	SRR5949130	92.5884170590615
Micromonospora_siamensis	SRR5949131	1.1707013504793944
Micromonospora_siamensis	SRR5949132	1.226754837388144
Micromonospora_siamensis	SRR5949133	62.332654377819885
Micromonospora_siamensis	SRR5949134	1.3249284364208131
Micromonospora_siamensis	SRR5949135	344.2694379497276
Micromonospora_siamensis	SRR5949136	1.192572957196477
Micromonospora_siamensis	SRR5949137	1.1620442831621332
Micromonospora_siamensis	SRR5949138	2.3939045443524507
Micromonospora_siamensis	SRR5949139	0.4029018578856929
Micromonospora_siamensis	SRR5949140	1.026789348192497
Micromonospora_siamensis	SRR5949141	2.297499736379475
Micromonospora_siamensis	SRR5949142	3.116851632336798
Micromonospora_siamensis	SRR5949143	1.2745979516039647
Micromonospora_siamensis	SRR5949144	0.5200309126819681
Micromonospora_siamensis	SRR5949145	489.6159865041397
Micromonospora_siamensis	SRR5949146	1.1171274955092934
Micromonospora_siamensis	SRR5949147	1.0691449537155608
Micromonospora_siamensis	SRR5949148	1.1494800411796335
Micromonospora_siamensis	SRR5949149	1.2904002832496422
Micromonospora_siamensis	SRR5949150	1.1127546941798088
Micromonospora_siamensis	SRR5949151	1.149021233663316
Micromonospora_siamensis	SRR5949152	0.681683526953467
Micromonospora_siamensis	SRR5949153	1.2391769352647855
Micromonospora_siamensis	SRR5949154	1.0597829908734564
Micromonospora_siamensis	SRR5949155	1.1598558253074547
Micromonospora_siamensis	SRR5949156	1.1663546397378186
Micromonospora_siamensis	SRR5949157	1.2236926107851922
Micromonospora_siamensis	SRR5949158	0.6599273455539685
Micromonospora_siamensis	SRR5949159	1.2032092486766572
Micromonospora_siamensis	SRR5949160	0.6978271290566174
Micromonospora_siamensis	SRR5949161	1.107893588945335
Micromonospora_siamensis	SRR5949162	0.6807195810759892
Micromonospora_siamensis	SRR5949163	1.3626190286749618
Micromonospora_siamensis	SRR5949164	1.3240933322740474
Micromonospora_siamensis	SRR5949165	1.2096407229771677
Micromonospora_siamensis	SRR5949166	1.1166214934683185
Micromonospora_siamensis	SRR5949167	0.6891323150327031
Micromonospora_siamensis	SRR5949168	15.656843509090049
Micromonospora_siamensis	SRR5949169	1.025680987048562
Micromonospora_siamensis	SRR5949170	1.3296738838805997
Micromonospora_siamensis	SRR5949171	1.1803454326794942
Micromonospora_siamensis	SRR5949172	1.156139337037117
Micromonospora_siamensis	SRR5949173	1.2676718562975933
Micromonospora_siamensis	SRR5949174	1.2881209802887645
Micromonospora_siamensis	SRR5949175	1.3379274872830147
Micromonospora_siamensis	SRR5949176	1.1970171066558795
Micromonospora_siamensis	SRR5949177	1.2005256325694054
Micromonospora_siamensis	SRR5949178	1.2447154747821256
Micromonospora_siamensis	SRR5949179	1.1434233886621645
Micromonospora_siamensis	SRR5949180	0.6520854390817414
Micromonospora_siamensis	SRR5949181	1.2745487545741494
Micromonospora_siamensis	SRR5949182	0.6780328524771398
Micromonospora_siamensis	SRR5949183	3.2905543644911703
Micromonospora_siamensis	SRR5949184	1.157848451145154
Micromonospora_siamensis	SRR5949185	1.2857662972196502
Micromonospora_siamensis	SRR5949186	1.106464099030362
Micromonospora_siamensis	SRR5949187	1.111987477719159
Micromonospora_siamensis	SRR5949188	4.856867817895713
Micromonospora_siamensis	SRR5949189	441.39367659351313
Micromonospora_siamensis	SRR5949190	0.8411823703493784
Micromonospora_siamensis	SRR5949191	1.0575644618269049
Micromonospora_siamensis	SRR5949192	1.2091364923832668
Micromonospora_siamensis	SRR5949193	1.0247831952679598
Micromonospora_siamensis	SRR5949194	1.2985091154575101
Micromonospora_siamensis	SRR5949195	2.5019446562354393
Micromonospora_siamensis	SRR5949196	1.0324740632883367
Micromonospora_siamensis	SRR5949197	0.8580937248441326
Micromonospora_siamensis	SRR5949198	1.0136010921709304
Micromonospora_siamensis	SRR5949199	1.2179278723938756
Micromonospora_siamensis	SRR5949200	5.9209800453890935
Micromonospora_siamensis	SRR5949201	1.0110378270852087
Micromonospora_siamensis	SRR5949202	1.479480635491354
Micromonospora_siamensis	SRR5949203	516.1661433389803
Micromonospora_siamensis	SRR5949204	1.2178716079863863
Micromonospora_siamensis	SRR5949205	1.3628387906179662
Micromonospora_siamensis	SRR5949206	1.104486142710724
Micromonospora_siamensis	SRR5949207	1.090568022510635
Micromonospora_siamensis	SRR5949208	1.0247733599064972
Micromonospora_siamensis	SRR5949209	2.171560694209909
Micromonospora_siamensis	SRR5949210	1.106313372439659
Micromonospora_siamensis	SRR5949211	2.364207354434549
Micromonospora_siamensis	SRR5949212	220.07562421970195
Micromonospora_siamensis	SRR5949213	1.2315322685970262
Micromonospora_siamensis	SRR5949214	1.1583885105752507
Micromonospora_siamensis	SRR5949215	1.2291654386279944
Micromonospora_siamensis	SRR5949216	1.867817000837545
Micromonospora_siamensis	SRR5949217	2.201710748610237
Micromonospora_siamensis	SRR5949218	0.9820096928472319
Micromonospora_siamensis	SRR5949219	1.1493581768800214
Micromonospora_siamensis	SRR5949220	0.6254575145468004
Micromonospora_siamensis	SRR5949221	0.7922194941697671
Micromonospora_siamensis	SRR5949222	4.148955846529678
Micromonospora_siamensis	SRR5949223	1.355177982980013
Micromonospora_siamensis	SRR5949224	2.515884100013881
Micromonospora_siamensis	SRR5949225	1.1404498342126246
Micromonospora_siamensis	SRR5949226	2.1482104240700326
Micromonospora_siamensis	SRR5949227	1.0631634646480665
Micromonospora_siamensis	SRR5949228	2.399445989452661
Micromonospora_siamensis	SRR5949229	1.111408908733724
Micromonospora_siamensis	SRR5949230	1.2486570356175106
Micromonospora_siamensis	SRR5949231	0.4575987378975218
Micromonospora_siamensis	SRR5949232	1.0743127488655082
Micromonospora_siamensis	SRR5949233	340.4480718039703
Micromonospora_siamensis	SRR5949234	1.0886347072326419
Micromonospora_siamensis	SRR5949235	1.2377579432481285
Micromonospora_siamensis	SRR5949236	1.2137117572395604
Micromonospora_siamensis	SRR5949237	2.604092487277364
Micromonospora_siamensis	SRR5949238	1.1014746241833
Micromonospora_siamensis	SRR5949239	1.5863214015284375
Micromonospora_siamensis	SRR5949240	1.24601337155721
Micromonospora_siamensis	SRR5949241	1.292255376915366
Micromonospora_siamensis	SRR5949242	1.1833204634691026
Micromonospora_siamensis	SRR5949243	1.057056050916601
Micromonospora_siamensis	SRR5949244	1.2118463877421002
Micromonospora_siamensis	SRR5949245	1.066311553514491
Micromonospora_siamensis	SRR5949246	0.7384692409664455
Micromonospora_siamensis	SRR5949247	1.0354283818205186
Micromonospora_siamensis	SRR5949248	1.202475014906969
Micromonospora_siamensis	SRR5949249	0.41542448421633893
Micromonospora_siamensis	SRR5949250	1.3387772058044078
Micromonospora_siamensis	SRR5949251	1.2920990150090115
Micromonospora_siamensis	SRR5949252	1.1289101735889324
Micromonospora_siamensis	SRR5949253	1.066311553514491
Micromonospora_siamensis	SRR5949254	1.0954686259092155
Micromonospora_siamensis	SRR5949255	0.8130642351290918
Micromonospora_siamensis	SRR5949256	0.6810413053321407
Micromonospora_siamensis	SRR5949257	1.1023384087160255
Micromonospora_siamensis	SRR5949258	1.1942604969037718
Micromonospora_siamensis	SRR5949259	1.2733911137367675
Micromonospora_siamensis	SRR5949260	1.1296635024053707
Micromonospora_siamensis	SRR5949261	1.1350838541460968
Micromonospora_siamensis	SRR5949262	1.1909254154873892
Micromonospora_siamensis	SRR5949263	1.0450887383795906
Micromonospora_siamensis	SRR5949264	0.5697089669868277
Micromonospora_siamensis	SRR5949265	1.0312558723858891
Micromonospora_siamensis	SRR5949266	1.1207963073561997
Micromonospora_siamensis	SRR5949267	1.1434233886621645
Micromonospora_siamensis	SRR5949268	693.2994337868308
Micromonospora_siamensis	SRR5949269	1.1682468312643584
Micromonospora_siamensis	SRR5949270	1.2213228655817676
Micromonospora_siamensis	SRR5949271	1.1447631576124266
Micromonospora_siamensis	SRR5949272	1.1979167261945807
Micromonospora_siamensis	SRR5949273	4.2458910930176845
Micromonospora_siamensis	SRR5949274	1.2559683849999372
Micromonospora_siamensis	SRR5949275	1.2148191151965018
Micromonospora_siamensis	SRR5949276	476.78645180442123
Micromonospora_siamensis	SRR5949277	1.0027550347380034
Micromonospora_siamensis	SRR5949278	1.1992594814881943
Micromonospora_siamensis	SRR5949279	1.1454665084023603
Micromonospora_siamensis	SRR5949280	12.706776288028266
Micromonospora_siamensis	SRR5949281	2.443133788217071
Micromonospora_siamensis	SRR5949282	2.494877910670827
Micromonospora_siamensis	SRR5949283	1.1229826508923986
Micromonospora_siamensis	SRR5949284	35.716816791947906
Micromonospora_siamensis	SRR5949285	1.0208593621461415
Micromonospora_siamensis	SRR5949286	1.0691449537155608
Micromonospora_siamensis	SRR5949287	1.3474441088246403
Micromonospora_siamensis	SRR5949288	1.0556874582192344
Micromonospora_siamensis	SRR5949289	1.2693390223176206
Micromonospora_siamensis	SRR5949290	1.2903501975558263
Micromonospora_siamensis	SRR5949291	1.0770865408875483
Micromonospora_siamensis	SRR5949292	1.1310608836624043
Micromonospora_siamensis	SRR5949293	1.2724675796658294
Micromonospora_siamensis	SRR5949294	53.459598490334784
Micromonospora_siamensis	SRR5949295	0.6565750667881618
Micromonospora_siamensis	SRR5949296	0.6782272381967088
Micromonospora_siamensis	SRR5949297	114.05695013896285
Micromonospora_siamensis	SRR5949298	1.2092707140233403
Micromonospora_siamensis	SRR5949299	0.8662195429531783
Micromonospora_siamensis	SRR5949300	0.5931774486369037
Micromonospora_siamensis	SRR5949301	1.2801764189027725
Micromonospora_siamensis	SRR5949302	1.1296344475066464
Micromonospora_siamensis	SRR5949303	1.0950983643036607
Micromonospora_siamensis	SRR5949304	1.0237122757948858
Micromonospora_siamensis	SRR5949305	1.2876901029621115
Micromonospora_siamensis	SRR5949306	33.55703785335964
Micromonospora_siamensis	SRR5949307	1.1393109505662735
Micromonospora_siamensis	SRR5949308	1.0179692656054138
Micromonospora_siamensis	SRR5949309	1.2837899161403876
Micromonospora_siamensis	SRR5949310	1.1441994249926546
Micromonospora_siamensis	SRR5949311	788.9448314599036
Micromonospora_siamensis	SRR5949312	2.3860291399170794
Micromonospora_siamensis	SRR5949313	1.1740700653077196
Micromonospora_siamensis	SRR5949314	2.2693933842839984
Micromonospora_siamensis	SRR5949315	1.1906775496074697
Micromonospora_siamensis	SRR5949316	0.6446994752574272
Micromonospora_siamensis	SRR5949317	0.5139351581952426
Micromonospora_siamensis	SRR5949318	1.2342653828755399
Micromonospora_siamensis	SRR5949319	1.2828426109497222
Micromonospora_siamensis	SRR5949320	1.2687614776210279
Micromonospora_siamensis	SRR5949321	1.0093505378917855
Micromonospora_siamensis	SRR5949322	0.7083416820244481
Micromonospora_siamensis	SRR5949323	1.215870017880282
Micromonospora_siamensis	SRR5949324	1.3240933322740474
Micromonospora_siamensis	SRR5949325	1.0770441038038772
Micromonospora_siamensis	SRR5949326	1.033698472549055
Micromonospora_siamensis	SRR5949327	6.074756098434225
Micromonospora_siamensis	SRR5949328	1.416274407661322
Micromonospora_siamensis	SRR5949329	0.9755029754368707
Micromonospora_siamensis	SRR5949330	1.1410488798362135
Micromonospora_siamensis	SRR5949331	1213.2805073286036
Micromonospora_siamensis	SRR5949332	1.1517412310015986
Micromonospora_siamensis	SRR5949333	0.6395783948397353
Micromonospora_siamensis	SRR5949334	2.2040793125481493
Micromonospora_siamensis	SRR5949335	0.6679363141807321
Micromonospora_siamensis	SRR5949336	1.2444177929371194
Micromonospora_siamensis	SRR5949337	1.2397589711038643
Micromonospora_siamensis	SRR5949338	1.3632074161673557
Micromonospora_siamensis	SRR5949339	0.5317685360292537
Micromonospora_siamensis	SRR5949340	1.2717976928108965
Micromonospora_siamensis	SRR5949341	1.0724915249458775
Micromonospora_siamensis	SRR5949342	1.097346050390655
Micromonospora_siamensis	SRR5949343	3.335527424685472
Micromonospora_siamensis	SRR5949344	1.200270820600167
Micromonospora_siamensis	SRR5949345	1.205782746024906
Micromonospora_siamensis	SRR5949346	1.0951166246958384
Micromonospora_siamensis	SRR5949347	0.7937572405154125
Micromonospora_siamensis	SRR5949348	1.9950413872171806
Micromonospora_siamensis	SRR5949349	23.737971329089604
Micromonospora_siamensis	SRR5949350	1.2768196385987194
Micromonospora_siamensis	SRR5949351	1.1247248770708862
Micromonospora_siamensis	SRR5949352	1.218220207885767
Micromonospora_siamensis	SRR5949353	1.1928585465345922
Micromonospora_siamensis	SRR5949354	1.1821036772172746
Micromonospora_siamensis	SRR5949355	0.9215198781408765
Micromonospora_siamensis	SRR5949356	2.170921197610583
Micromonospora_siamensis	SRR5949357	2.4533790476440807
Micromonospora_siamensis	SRR5949358	1.1687668936648674
Micromonospora_siamensis	SRR5949359	1.129635271291042
Micromonospora_siamensis	SRR5949360	0.9665196099892298
Micromonospora_siamensis	SRR5949361	1.2271455383925587
Micromonospora_siamensis	SRR5949362	1.2071047826711758
Micromonospora_siamensis	SRR5949363	3.6608079580380024
Micromonospora_siamensis	SRR5949364	1.0907762454466279
Micromonospora_siamensis	SRR5949365	22.737666946969313
Micromonospora_siamensis	SRR5949366	1.0158394145490948
Micromonospora_siamensis	SRR5949367	1.3632936897014178
Micromonospora_siamensis	SRR5949368	2.2155212688067345
Micromonospora_siamensis	SRR5949369	0.6842788916016532
Micromonospora_siamensis	SRR5949370	1.2374665277296015
Micromonospora_siamensis	SRR5949371	1.2180198238321545
Micromonospora_siamensis	SRR5949372	1.215895712861616
Micromonospora_siamensis	SRR5949373	1.2139234691804301
Micromonospora_siamensis	SRR5949374	1.09959924156617
Micromonospora_siamensis	SRR5949375	1.1226489649249738
Micromonospora_siamensis	SRR5949376	1.2987680889557414
Micromonospora_siamensis	SRR5949377	0.9211988146710018
Micromonospora_siamensis	SRR5949378	1.3345735792666624
Micromonospora_siamensis	SRR5949379	0.5776179489267056
Micromonospora_siamensis	SRR5949380	1.0539615546587229
Micromonospora_siamensis	SRR5949381	1.2399931219721845
Micromonospora_siamensis	SRR5949382	0.5866194055735177
Micromonospora_siamensis	SRR5949383	13.547033028133715
Micromonospora_siamensis	SRR5949384	1.1350838541460968
Micromonospora_siamensis	SRR5949385	1.1925915500267912
Micromonospora_siamensis	SRR5949386	1.3179295366425143
Micromonospora_siamensis	SRR5949387	2.2623437151004953
Micromonospora_siamensis	SRR5949388	3.493374881390994
Micromonospora_siamensis	SRR5949389	1.3438742739783325
Micromonospora_siamensis	SRR5949390	1.1891928538367595
Micromonospora_siamensis	SRR5949391	1.0711452752489423
Micromonospora_siamensis	SRR5949392	1.2538263362814606
Micromonospora_siamensis	SRR5949393	36.48523072216624
Micromonospora_siamensis	SRR5949394	1.281180449304323
Micromonospora_siamensis	SRR5949395	1.1207963073561997
Micromonospora_siamensis	SRR5949396	1.2205584277726473
Micromonospora_siamensis	SRR5949397	1.0698006569364074
Micromonospora_siamensis	SRR5949398	1.0354283818205186
Micromonospora_siamensis	SRR5949399	11.139461165781103
Micromonospora_siamensis	SRR5949400	5.92283480337238
Micromonospora_siamensis	SRR5949401	1.3191638148200748
Micromonospora_siamensis	SRR5949402	1.1723518392637555
Micromonospora_siamensis	SRR5949403	1.2778654323238352
Micromonospora_siamensis	SRR5949404	1.0438342737020077
Micromonospora_siamensis	SRR5949405	0.8009498772077936
Micromonospora_siamensis	SRR5949406	0.8786196910950094
Micromonospora_siamensis	SRR5949407	1.1744154154275148
Micromonospora_siamensis	SRR5949408	1.151428218576737
Micromonospora_siamensis	SRR5949409	1.205506099338157
Micromonospora_siamensis	SRR5949410	351.55051177909365
Micromonospora_siamensis	SRR5949411	1.1524965185767408
Micromonospora_siamensis	SRR5949412	1.1303030996666048
Micromonospora_siamensis	SRR5949413	1.1371640866985857
Micromonospora_siamensis	SRR5949414	1.2658334809827385
Micromonospora_siamensis	SRR5949415	2.4786484630035233
Micromonospora_siamensis	SRR5949416	1.0527288346126829
Micromonospora_siamensis	SRR5949417	1.2282178431744835
Micromonospora_siamensis	SRR5949418	1.2389524557335343
Micromonospora_siamensis	SRR5949419	31.222916454230027
Micromonospora_siamensis	SRR5949420	1.1743583476328139
Micromonospora_siamensis	SRR5949421	1.022973890358906
Micromonospora_siamensis	SRR5949422	2.132623107028982
Micromonospora_siamensis	SRR5949423	1.2206289557371512
Micromonospora_siamensis	SRR5949424	1.3345735792666624
Micromonospora_siamensis	SRR5949425	1.0915907981806017
Micromonospora_siamensis	SRR5949426	1.0539615546587229
Micromonospora_siamensis	SRR5949427	1.2440699046298256
Micromonospora_siamensis	SRR5949428	1.0981684245058705
Micromonospora_siamensis	SRR5949429	1.3191638148200748
Micromonospora_siamensis	SRR5949430	3.2381765073515374
Micromonospora_siamensis	SRR5949431	1.157848451145154
Micromonospora_siamensis	SRR5949432	0.8608086659517115
Micromonospora_siamensis	SRR5949433	1.1832390099659147
Micromonospora_siamensis	SRR5949434	1166.453582421157
Micromonospora_siamensis	SRR5949435	2.362133622194894
Micromonospora_siamensis	SRR5949436	1.137341727233602
Micromonospora_siamensis	SRR5949437	1.181066811097447
Micromonospora_siamensis	SRR5949438	1.2499561659673655
Micromonospora_siamensis	SRR5949439	3.404199190130106
Micromonospora_siamensis	SRR5949440	1.155343713522824
Micromonospora_siamensis	SRR5949441	1.0993686301562529
Micromonospora_siamensis	SRR5949442	2.3230592295722294
Micromonospora_siamensis	SRR5949443	1.0774825790885945
Micromonospora_siamensis	SRR5949444	1.1336931648527475
Micromonospora_siamensis	SRR5949445	1.3590505731409162
Micromonospora_siamensis	SRR5949446	876.1018311490535
Micromonospora_siamensis	SRR5949447	1.2004263159211843
Micromonospora_siamensis	SRR5949448	136.41353610907237
Micromonospora_siamensis	SRR5949449	1.34653965578047
Micromonospora_siamensis	SRR5949450	2.2990626575632307
Micromonospora_siamensis	SRR5949451	1.1905605597315967
Micromonospora_siamensis	SRR5949452	1.216738750150943
Micromonospora_siamensis	SRR5949453	1.1837405002455228
Micromonospora_siamensis	SRR5949454	2.122226071908956
Micromonospora_siamensis	SRR5949455	0.9322712213544365
Micromonospora_siamensis	SRR5949456	1.1166071060426683
Micromonospora_siamensis	SRR5949457	1.2066972395572388
Micromonospora_siamensis	SRR5949458	1.2161072419806236
Micromonospora_siamensis	SRR5949459	493.20046074895424
Micromonospora_siamensis	SRR5949460	1.2433615484434175
Micromonospora_siamensis	SRR5949461	1.0176582469611204
Micromonospora_siamensis	SRR5949462	1.1905605597315967
Micromonospora_siamensis	SRR5949463	1429.0528543494356
Micromonospora_siamensis	SRR5949464	1.2446778712044848
Micromonospora_siamensis	SRR5949465	0.8891892668379686
Micromonospora_siamensis	SRR5949466	1.107059214975844
Micromonospora_siamensis	SRR5949467	1.154112225714586
Micromonospora_siamensis	SRR5949468	1.1799076301349358
Micromonospora_siamensis	SRR5949469	329.7782089503036
Micromonospora_siamensis	SRR5949470	1.165534759873095
Micromonospora_siamensis	SRR5949471	1.0087657487877917
Micromonospora_siamensis	SRR5949472	1.7564966638184623
Micromonospora_siamensis	SRR5949473	1.6544932438775921
Micromonospora_siamensis	SRR5949474	1.1311718575502476
Micromonospora_siamensis	SRR5949475	1.2854970848210212
Micromonospora_siamensis	SRR5949476	3.4232241014028983
Micromonospora_siamensis	SRR5949477	2.0858803306265403
Micromonospora_siamensis	SRR5949478	1.0843500122196275
Micromonospora_siamensis	SRR5949479	3.587430806489816
Micromonospora_siamensis	SRR5949480	0.608929106325566
Micromonospora_siamensis	SRR5949481	0.3857133863163203
Micromonospora_siamensis	SRR5949482	0.6321168165590622
Micromonospora_siamensis	SRR5949483	1.0613416680806673
Micromonospora_siamensis	SRR5949484	1.0369758040299537
Micromonospora_siamensis	SRR5949485	1.1826104880943706
Micromonospora_siamensis	SRR5949486	1.1564183136713417
Micromonospora_siamensis	SRR5949487	0.7876275414278132
Micromonospora_siamensis	SRR5949488	0.7489191138995971
Micromonospora_siamensis	SRR5949489	74.75211398930445
Micromonospora_siamensis	SRR5949490	1.1740700653077196
Micromonospora_siamensis	SRR5949491	1.158132724583324
Micromonospora_siamensis	SRR5949492	1.1750753866410875
Micromonospora_siamensis	SRR5949493	0.6328096959690895
Micromonospora_siamensis	SRR5949494	1.2609807746640385
Micromonospora_siamensis	SRR5949495	1.0895059070495525
Micromonospora_siamensis	SRR5949496	1.0173283582844015
Micromonospora_siamensis	SRR5949497	1.0375381377278627
Micromonospora_siamensis	SRR5949498	1881.321680139965
Micromonospora_siamensis	SRR5949499	0.7512418792972269
Micromonospora_siamensis	SRR5949500	1.1336931648527475
Micromonospora_siamensis	SRR5949501	0.645745338891489
Micromonospora_siamensis	SRR5949502	1.1882939174466038
Micromonospora_siamensis	SRR5949503	1.0211016371895312
Micromonospora_siamensis	SRR5949504	1.1324839754472176
Micromonospora_siamensis	SRR5949505	1.1317966697980544
Micromonospora_siamensis	SRR5949506	1.2271455383925587
Micromonospora_siamensis	SRR5949507	1878.2756514462274
Micromonospora_siamensis	SRR5949508	1.1126861636097949
Micromonospora_siamensis	SRR5949509	900.3746948698304
Micromonospora_siamensis	SRR5949510	0.7230545510434888
Micromonospora_siamensis	SRR5949511	1.217439166492112
Micromonospora_siamensis	SRR5949512	0.7710315492595752
Micromonospora_siamensis	SRR5949513	1.3648618084282327
Micromonospora_siamensis	SRR5949514	34.348973496117715
Micromonospora_siamensis	SRR5949515	1.1187033574035814
Micromonospora_siamensis	SRR5949516	0.9984824440866877
Micromonospora_siamensis	SRR5949517	1.0712772936759596
Micromonospora_siamensis	SRR5949518	0.7796684004312674
Micromonospora_siamensis	SRR5949519	465.9533787666191
Micromonospora_siamensis	SRR5949520	1.1642077619958675
Micromonospora_siamensis	SRR5949521	228.17819108128234
Micromonospora_siamensis	SRR5949522	1.3628742248234382
Micromonospora_siamensis	SRR5949523	1.0906168075865423
Micromonospora_siamensis	SRR5949524	1.1016570863714494
Micromonospora_siamensis	SRR5949525	45.80564494558298
Micromonospora_siamensis	SRR5949526	1.2375095693697515
Micromonospora_siamensis	SRR5949527	1.1418166973837245
Micromonospora_siamensis	SRR5949528	2.578067045356321
Micromonospora_siamensis	SRR5949529	0.5723815788062133
Micromonospora_siamensis	SRR5949530	1.3564544763934177
Micromonospora_siamensis	SRR5949531	1.0531554799930984
Micromonospora_siamensis	SRR5949532	1.1598674597689607
Micromonospora_siamensis	SRR5949533	1.3285645915048494
Micromonospora_siamensis	SRR5949534	10.946905361616698
Micromonospora_siamensis	SRR5949535	1.2356335989742235
Micromonospora_siamensis	SRR5949536	1.04267711098447
Micromonospora_siamensis	SRR5949537	0.8500643873051752
Micromonospora_siamensis	SRR5949538	1.3099462731867664
Micromonospora_siamensis	SRR5949539	1.1013595333227293
Micromonospora_siamensis	SRR5949540	0.43585427369626695
Micromonospora_siamensis	SRR5949541	1.2005256325694054
Micromonospora_siamensis	SRR5949542	1.1439697727379499
Micromonospora_siamensis	SRR5949543	0.40433257272922163
Micromonospora_siamensis	SRR5949544	1.128400418067213
Micromonospora_siamensis	SRR5949545	208.25639373813323
Micromonospora_siamensis	SRR5949546	542.7640672737408
Micromonospora_siamensis	SRR5949547	1.359557935336347
Micromonospora_siamensis	SRR5949548	9.894317671406277
Micromonospora_siamensis	SRR5949549	1.049393150485908
Micromonospora_siamensis	SRR5949550	1.2038588566926758
Micromonospora_siamensis	SRR5949551	1.0270242274508532
Micromonospora_siamensis	SRR5949552	1.155343713522824
Micromonospora_siamensis	SRR5949553	1.2565024956917021
Micromonospora_siamensis	SRR5949554	1.2919491547029816
Micromonospora_siamensis	SRR5949555	1.0807139623389033
Micromonospora_siamensis	SRR5949556	0.34080521242499406
Micromonospora_siamensis	SRR5949557	557.3141715623257
Micromonospora_siamensis	SRR5949558	1.0886347072326419
Micromonospora_siamensis	SRR5949559	22.68394988738482
Micromonospora_siamensis	SRR5949560	896.846507849652
Micromonospora_siamensis	SRR5949561	1.9286494458294754
Micromonospora_siamensis	SRR5949562	1.1234839983598477
Micromonospora_siamensis	SRR5949563	1.166778323957914
Micromonospora_siamensis	SRR5949564	1.3885804084045712
Micromonospora_siamensis	SRR5949565	1.0417087318921974
Micromonospora_siamensis	SRR5949566	1.090568022510635
Micromonospora_siamensis	SRR5949567	0.7038580119368576
Micromonospora_siamensis	SRR5949568	0.8717253073909059
Micromonospora_siamensis	SRR5949569	1.137201967313905
Micromonospora_siamensis	SRR5949570	1.1950932079515397
Micromonospora_siamensis	SRR5949571	1.2676718562975933
Micromonospora_siamensis	SRR5949572	1.1936616701239362
Micromonospora_siamensis	SRR5949573	1.206076382065745
Micromonospora_siamensis	SRR5949574	1.1833204634691026
Micromonospora_siamensis	SRR5949575	1.0800124847776946
Micromonospora_siamensis	SRR5949576	1.105569770871789
Micromonospora_siamensis	SRR5949577	10.17577600882504
Micromonospora_siamensis	SRR5949578	2.72830974938028
Micromonospora_siamensis	SRR5949579	0.8032299908985929
Micromonospora_siamensis	SRR5949580	1.2495002640455093
Micromonospora_siamensis	SRR5949581	1.013858510475241
Micromonospora_siamensis	SRR5949582	1.1878689580875645
Micromonospora_siamensis	SRR5949583	1.0524809785548845
Micromonospora_siamensis	SRR5949584	1.3761938415088313
Micromonospora_siamensis	SRR5949585	3.363427624055246
Micromonospora_siamensis	SRR5949586	1.111678344416074
Micromonospora_siamensis	SRR5949587	1.834207674812047
Micromonospora_siamensis	SRR5949588	0.6021027554586272
Micromonospora_siamensis	SRR5949589	2.6573721242964896
Micromonospora_siamensis	SRR5949590	1.1051689152661845
Micromonospora_siamensis	SRR5949591	1.2366721543910948
Micromonospora_siamensis	SRR5949592	2.267386329705495
Micromonospora_siamensis	SRR5949593	1.2085538390793353
Micromonospora_siamensis	SRR5949594	1.2029451102589137
Micromonospora_siamensis	SRR5949595	0.8719150046092154
Micromonospora_siamensis	SRR5949596	1.2106216012880588
Micromonospora_siamensis	SRR5949597	1.0237122757948858
Micromonospora_siamensis	SRR5949598	0.8840935432974107
Micromonospora_siamensis	SRR5949599	1.2367682681016057
Micromonospora_siamensis	SRR5949600	0.7709027372928641
Micromonospora_siamensis	SRR5949601	1.0238768131328277
Micromonospora_siamensis	SRR5949602	1.0715260236714164
Micromonospora_siamensis	SRR5949603	252.59403884306977
Micromonospora_siamensis	SRR5949604	1.2919491547029816
Micromonospora_siamensis	SRR5949605	1.3916208998137503
Micromonospora_siamensis	SRR5949606	1.1200337661224764
Micromonospora_siamensis	SRR5949607	104.56748934690724
Micromonospora_siamensis	SRR5949608	1.157848451145154
Micromonospora_siamensis	SRR5950246	1.1609590643474483
Micromonospora_siamensis	SRR5950247	0.8696091019226845
Micromonospora_siamensis	SRR5950248	1.1342468923592717
Micromonospora_siamensis	SRR5950249	1.2440553715549034
Micromonospora_siamensis	SRR5950250	1.328486138811557
Micromonospora_siamensis	SRR5950251	1.0459891478132652
Micromonospora_siamensis	SRR5950252	334.46710930774634
Micromonospora_siamensis	SRR5950253	0.5684416736742328
Micromonospora_siamensis	SRR5950254	195.1381377460489
Micromonospora_siamensis	SRR5950255	1.2882433644676075
Micromonospora_siamensis	SRR5950256	3.4469792363433722
Micromonospora_siamensis	SRR5950257	2.0739258930987705
Micromonospora_siamensis	SRR5950258	1.1917063746146712
Micromonospora_siamensis	SRR5950259	0.46282273893227066
Micromonospora_siamensis	SRR5950260	1.1119435621820215
Micromonospora_siamensis	SRR5950261	1.2042055109172545
Micromonospora_siamensis	SRR5950262	1.0950983643036607
Micromonospora_siamensis	SRR5950263	0.8305790443256049
Micromonospora_siamensis	SRR5950264	2.3451971153654383
Micromonospora_siamensis	SRR5950265	1.3081971022408023
Micromonospora_siamensis	SRR5950266	1.2303925228169172
Micromonospora_siamensis	SRR5950267	1.1554650145925622
Micromonospora_siamensis	SRR5950268	1.0392918850307107
Micromonospora_siamensis	SRR5950269	2.033035251454431
Micromonospora_siamensis	SRR5950270	0.4946268586809081
Micromonospora_siamensis	SRR5950271	1.3413229230288701
Micromonospora_siamensis	SRR5950272	1.3089784563337146
Micromonospora_siamensis	SRR5950273	1.1454665084023603
Micromonospora_siamensis	SRR5950274	0.8533918351844139
Micromonospora_siamensis	SRR5950275	1.1624571321577455
Micromonospora_siamensis	SRR5950276	1.0395171023806127
Micromonospora_siamensis	SRR5950277	2.020333968132896
Micromonospora_siamensis	SRR5950278	1445.4621070771343
Micromonospora_siamensis	SRR5950279	0.6370857162162784
Micromonospora_siamensis	SRR5950280	18.230065366075756
Micromonospora_siamensis	SRR5950281	0.8530210728846068
Micromonospora_siamensis	SRR5950282	1.0225129867920197
Micromonospora_siamensis	SRR5950283	3.3069241749779805
Micromonospora_siamensis	SRR5950284	1.1346966921419992
Micromonospora_siamensis	SRR5950285	0.7183217193923962
Micromonospora_siamensis	SRR5950286	0.7480030590124109
Micromonospora_siamensis	SRR5950287	2.038722945614672
Micromonospora_siamensis	SRR5950288	1.0705915278137272
Micromonospora_siamensis	SRR5950289	0.6323472799964978
Micromonospora_siamensis	SRR5950290	1.2013885455411597
Micromonospora_siamensis	SRR5950291	107.21432556586677
Micromonospora_siamensis	SRR5950292	11.832990098591326
Micromonospora_siamensis	SRR5950293	1.058009382003256
Micromonospora_siamensis	SRR5950294	4.099132781071839
Micromonospora_siamensis	SRR5950295	1.0116876324173478
Micromonospora_siamensis	SRR5950296	1.0908053130066195
Micromonospora_siamensis	SRR5950297	5.150157866681808
Micromonospora_siamensis	SRR5950298	0.7079363831778399
Micromonospora_siamensis	SRR5950299	1.0732941783072139
Micromonospora_siamensis	SRR5950300	0.9711005251391627
Micromonospora_siamensis	SRR5950301	0.6599840280344584
Micromonospora_siamensis	SRR5950302	1.0737696431162256
Micromonospora_siamensis	SRR5950303	1.6655626783861919
Micromonospora_siamensis	SRR5950304	0.6200270607799333
Micromonospora_siamensis	SRR5950305	0.5917450642717017
Micromonospora_siamensis	SRR5950306	1.1454665084023603
Micromonospora_siamensis	SRR5950307	0.5964674022057807
Micromonospora_siamensis	SRR5950308	1.9692513092438544
Micromonospora_siamensis	SRR5950309	1.0417860786513093
Micromonospora_siamensis	SRR5950310	1.1477046113319622
Micromonospora_siamensis	SRR5950311	650.9702641094008
Micromonospora_siamensis	SRR5950312	1.2486570356175106
Micromonospora_siamensis	SRR5950313	0.76043823778972
Micromonospora_siamensis	SRR5950314	1.1460323041592848
Micromonospora_siamensis	SRR5950315	265.6019261481066
Micromonospora_siamensis	SRR5950316	1.2635118489747474
Micromonospora_siamensis	SRR5950317	2.121468928607825
Micromonospora_siamensis	SRR5950318	0.6644971848037767
Micromonospora_siamensis	SRR5950319	635.1935509740534
Micromonospora_siamensis	SRR5950320	1.1020396562740746
Micromonospora_siamensis	SRR5950321	1.0554689081528505
Micromonospora_siamensis	SRR5950322	0.68094116568124885
Micromonospora_siamensis	SRR5950323	0.8298868878822747
Micromonospora_siamensis	SRR5950324	1.0690259297743245
Micromonospora_siamensis	SRR5950325	1.3027469538237664
Micromonospora_siamensis	SRR5950326	1.0269748753817958
Micromonospora_siamensis	SRR5950327	1.1234839983598477
Micromonospora_siamensis	SRR5950328	1.1156253790724286
Micromonospora_siamensis	SRR5950329	2.1646332217335638
Micromonospora_siamensis	SRR5950330	1.1158396154066577
Micromonospora_siamensis	SRR5950331	1.1360865901817379
Micromonospora_siamensis	SRR5950332	1.1441391071297062
Micromonospora_siamensis	SRR5950333	1.0450887383795906
Micromonospora_siamensis	SRR5950334	150.1523131031144
Micromonospora_siamensis	SRR5950335	1.001849336329634
Micromonospora_siamensis	SRR5950336	6.419364320270273
Micromonospora_siamensis	SRR5950337	1.0949212521904848
Micromonospora_siamensis	SRR5950338	1.1154579873036738
Micromonospora_siamensis	SRR5950339	1.3243301233120008
Micromonospora_siamensis	SRR5950340	1.1289022182802304
Micromonospora_siamensis	SRR5950341	1.215870017880282
Micromonospora_siamensis	SRR5950342	1.155958281245722
Micromonospora_siamensis	SRR5950343	1.114375265023044
Micromonospora_siamensis	SRR5950344	1.2881209802887645
Micromonospora_siamensis	SRR5950345	131.89363245160186
Micromonospora_siamensis	SRR5950346	2.0130118586810375
Micromonospora_siamensis	SRR5950347	0.6513453329078623
Micromonospora_siamensis	SRR5950348	3.110008131358502
Micromonospora_siamensis	SRR5950349	1.169068317542432
Micromonospora_siamensis	SRR5950350	0.899778705869242
Micromonospora_siamensis	SRR5950351	2.1151289236538098
Micromonospora_siamensis	SRR5950352	1.0466729610654832
Micromonospora_siamensis	SRR5950353	0.6124632563273043
Micromonospora_siamensis	SRR5950354	2.219153433789555
Micromonospora_siamensis	SRR5950355	1.2161743574055415
Micromonospora_siamensis	SRR5950356	1.0724915249458775
Micromonospora_siamensis	SRR5950357	0.7432114144728943
Micromonospora_siamensis	SRR5950358	1.1051689152661845
Micromonospora_siamensis	SRR5950359	0.7725542052459782
Micromonospora_siamensis	SRR5950360	4.129896253153347
Micromonospora_siamensis	SRR5950361	2.231559647806545
Micromonospora_siamensis	SRR5950362	0.6942341083984062
Micromonospora_siamensis	SRR5950363	0.6814193953089831
Micromonospora_siamensis	SRR5950364	2.0846140237780455
Micromonospora_siamensis	SRR5950365	0.6536062395393728
Micromonospora_siamensis	SRR5950366	1.0708287164514116
Micromonospora_siamensis	SRR5950367	0.6113594890467063
Micromonospora_siamensis	SRR5950368	2.1192860528996365
Micromonospora_siamensis	SRR5950369	0.6998627401949741
Micromonospora_siamensis	SRR5950370	1416.8170710802422
Micromonospora_siamensis	SRR5950371	1.1430012753598477
Micromonospora_siamensis	SRR5950372	1.0043594396347795
Micromonospora_siamensis	SRR5950373	1.2645360629877291
Micromonospora_siamensis	SRR5950374	1.0285054100837399
Micromonospora_siamensis	SRR5950375	1.104363804385847
Micromonospora_siamensis	SRR5950376	1.2501098860840925
Micromonospora_siamensis	SRR5950377	9.147387109297316
Micromonospora_siamensis	SRR5950378	0.9046692587007091
Micromonospora_siamensis	SRR5950379	0.8490173597373407
Micromonospora_siamensis	SRR5950380	1.2363424130782086
Micromonospora_siamensis	SRR5950381	1.1166214934683185
Micromonospora_siamensis	SRR5950382	0.5841300083367437
Micromonospora_siamensis	SRR5950383	0.6888965760929091
Micromonospora_siamensis	SRR5950384	1.0335321922936056
Micromonospora_siamensis	SRR5950385	1.2104012049758404
Micromonospora_siamensis	SRR5950386	1.135246261812664
Micromonospora_siamensis	SRR5950387	1.1565460816796715
Micromonospora_siamensis	SRR5950388	2.4107948181761922
Micromonospora_siamensis	SRR5950389	1.3808995759540206
Micromonospora_siamensis	SRR5950390	445.97564924540643
Micromonospora_siamensis	SRR5950391	1.1491107987979958
Micromonospora_siamensis	SRR5950392	1.111408908733724
Micromonospora_siamensis	SRR5950393	0.7764226752970365
Micromonospora_siamensis	SRR5950394	0.4706213440010468
Micromonospora_siamensis	SRR5950395	1.0230754532986746
Micromonospora_siamensis	SRR5950396	129.29352488656167
Micromonospora_siamensis	SRR5950397	1.0485280380367323
Micromonospora_siamensis	SRR5950398	1.057056050916601
Micromonospora_siamensis	SRR5950399	1.1431131315026333
Micromonospora_siamensis	SRR5950400	1.0807755057701498
Micromonospora_siamensis	SRR5950401	1.0419241836108888
Micromonospora_siamensis	SRR5950402	1.3576181684644153
Micromonospora_siamensis	SRR5950403	0.7349943571048915
Micromonospora_siamensis	SRR5950404	1.0743127488655082
Micromonospora_siamensis	SRR5950405	0.45554867685630884
Micromonospora_siamensis	SRR5950406	1.1863116797613953
Micromonospora_siamensis	SRR5950407	0.6403112959561562
Micromonospora_siamensis	SRR5950408	0.42611187669887207
Micromonospora_siamensis	SRR5950409	0.778374760127857
Micromonospora_siamensis	SRR5950410	1.17911412078931
Micromonospora_siamensis	SRR5950411	1.2561181074698347
Micromonospora_siamensis	SRR5950412	1.089507755113009
Micromonospora_siamensis	SRR5950413	0.7246978902319452
Micromonospora_siamensis	SRR5950414	0.7229000081464182
Micromonospora_siamensis	SRR5950415	1.1591166067979481
Micromonospora_siamensis	SRR5950416	1.1909254154873892
Micromonospora_siamensis	SRR5950417	1.3241783942780894
Micromonospora_siamensis	SRR5950418	1.1579772882588515
Micromonospora_siamensis	SRR5950419	133.95859407708397
Micromonospora_siamensis	SRR5950420	0.9824722795251585
Micromonospora_siamensis	SRR5950421	1.0263683678776567
Micromonospora_siamensis	SRR5950422	0.7257849349934934
Micromonospora_siamensis	SRR5950423	353.5948468401636
Micromonospora_siamensis	SRR5950424	2.3615388358738274
Micromonospora_siamensis	SRR5950425	903.8180749044036
Micromonospora_siamensis	SRR5950426	0.5931059089985419
Micromonospora_siamensis	SRR5950427	1.2027437090132078
Micromonospora_siamensis	SRR5950428	3.4029796241583514
Micromonospora_siamensis	SRR5950429	1.7915351229326766
Micromonospora_siamensis	SRR5950430	1.0293139060877181
Micromonospora_siamensis	SRR5950431	224.3923186726235
Micromonospora_siamensis	SRR5950432	1.1943681924205094
Micromonospora_siamensis	SRR5950433	1.1279266372934247
Micromonospora_siamensis	SRR5950434	93.12345261577802
Micromonospora_siamensis	SRR5950435	1.0535171201897175
Micromonospora_siamensis	SRR5950436	1.2045163379879462
Micromonospora_siamensis	SRR5950437	1.0914773460150824
Micromonospora_siamensis	SRR5950438	1.1767191136789161
Micromonospora_siamensis	SRR5950439	0.4494452809164328
Micromonospora_siamensis	SRR5950440	1.0039645895712337
Micromonospora_siamensis	SRR5950441	1.0469538129823934
Micromonospora_siamensis	SRR5950442	0.6929862901711911
Micromonospora_siamensis	SRR5950443	0.6756908305205367
Micromonospora_siamensis	SRR5950444	1.1127185628459835
Micromonospora_siamensis	SRR5950445	1.0417087318921974
Micromonospora_siamensis	SRR5950446	2.0570108201674797
Micromonospora_siamensis	SRR5950447	1.148714953695668
Micromonospora_siamensis	SRR5950448	0.7898236713259844
Micromonospora_siamensis	SRR5950449	594.3967173951089
Micromonospora_siamensis	SRR5950450	1.0720152436457293
Micromonospora_siamensis	SRR5950451	1.329893515788851
Micromonospora_siamensis	SRR5950452	1.2996734255143718
Micromonospora_siamensis	SRR5950453	1.1223842862062732
Micromonospora_siamensis	SRR5950454	2.010755837458649
Micromonospora_siamensis	SRR5950455	0.406780341824539
Micromonospora_siamensis	SRR5950456	1.1668644555725354
Micromonospora_siamensis	SRR5950457	0.9401464743506868
Micromonospora_siamensis	SRR5950458	0.2510187726452709
Micromonospora_siamensis	SRR5950459	1.1449664140631362
Micromonospora_siamensis	SRR5950460	1.0087435388127577
Micromonospora_siamensis	SRR5950461	142.4033301018812
Micromonospora_siamensis	SRR5950462	1.1493581768800214
Micromonospora_siamensis	SRR5950463	0.7489146422809557
Micromonospora_siamensis	SRR5950464	0.7402236756199188
Micromonospora_siamensis	SRR5950465	1.0315189805657066
Micromonospora_siamensis	SRR5950466	2.095685314857799
Micromonospora_siamensis	SRR5950467	0.5893852860079267
Micromonospora_siamensis	SRR5950468	1.0994759217634296
Micromonospora_siamensis	SRR5950469	4.580564494558298
Micromonospora_siamensis	SRR5950470	1.2128503257805487
Micromonospora_siamensis	SRR5963912	1.336150659047432
Micromonospora_siamensis	SRR5963913	1.208660802110287
Micromonospora_siamensis	SRR5963914	1.3191638148200748
Micromonospora_siamensis	SRR5963915	1.0836009228500392
Micromonospora_siamensis	SRR5963916	1.258227370838775
Micromonospora_siamensis	SRR5963917	2.3851831000535824
Micromonospora_siamensis	SRR5963918	0.6772440998907492
Micromonospora_siamensis	SRR5963919	73.74954549737714
Micromonospora_siamensis	SRR5963920	1.0495485095212258
Micromonospora_siamensis	SRR5963921	1.0239775863712817
Micromonospora_siamensis	SRR5963922	1.0598979296439894
Micromonospora_siamensis	SRR5963923	3.2267127387861203
Micromonospora_siamensis	SRR5963924	1.2131328594734012
Micromonospora_siamensis	SRR5963925	0.7168630944831527
Micromonospora_siamensis	SRR5963926	0.5805180821734839
Micromonospora_siamensis	SRR5963927	1.171741311615037
Micromonospora_siamensis	SRR5963928	1.1725219183256181
Micromonospora_siamensis	SRR5963929	1.0607344643039125
Micromonospora_siamensis	SRR5963930	1.1301657526466053
Micromonospora_siamensis	SRR5963931	347.4512406654778
Micromonospora_siamensis	SRR5963932	1.2019384090069336
Micromonospora_siamensis	SRR5963933	1.1524965185767408
Micromonospora_siamensis	SRR5963934	0.8070856367443641
Micromonospora_siamensis	SRR5963935	1.0901779608920006
Micromonospora_siamensis	SRR5963936	0.7025167075145174
Micromonospora_siamensis	SRR5963937	1.0169412758864895
Micromonospora_siamensis	SRR5963938	1.17911412078931
Micromonospora_siamensis	SRR5963939	1.2249146751884796
Micromonospora_siamensis	SRR5963940	1.1531145474732438
Micromonospora_siamensis	SRR5963941	2.7224638189599113
Micromonospora_siamensis	SRR5963942	1.3071795906682395
Micromonospora_siamensis	SRR5963943	1.0536830163095463
Micromonospora_siamensis	SRR5963944	3.884856854774878
Micromonospora_siamensis	SRR5963945	3.5477110519199258
Micromonospora_siamensis	SRR5963946	1.0954711451490824
Micromonospora_siamensis	SRR5963947	155.61143827651628
Micromonospora_siamensis	SRR5963948	0.5610350438783129
Micromonospora_siamensis	SRR6467548	NA
Micromonospora_siamensis	SRR6467549	NA
Micromonospora_siamensis	SRR6467550	NA
Micromonospora_siamensis	SRR6467551	NA
Micromonospora_siamensis	SRR6467552	NA
Micromonospora_siamensis	SRR6467553	NA
Micromonospora_siamensis	SRR6467554	NA
Micromonospora_siamensis	SRR6467555	NA
Micromonospora_siamensis	SRR6467556	NA
Micromonospora_siamensis	SRR6467557	NA
Micromonospora_siamensis	SRR6467558	NA
Micromonospora_siamensis	SRR6467559	NA
Micromonospora_siamensis	SRR6467560	NA
Micromonospora_siamensis	SRR6467561	NA
Micromonospora_siamensis	SRR6467562	NA
Micromonospora_siamensis	SRR6467563	NA
Micromonospora_siamensis	SRR6467564	NA
Micromonospora_siamensis	SRR6467565	NA
Micromonospora_siamensis	SRR6467566	NA
Micromonospora_siamensis	SRR6467567	NA
Micromonospora_siamensis	SRR6467568	NA
Micromonospora_siamensis	SRR6467569	NA
Micromonospora_siamensis	SRR6467570	NA
Micromonospora_siamensis	SRR6467571	NA
Micromonospora_siamensis	SRR6467572	NA
Micromonospora_siamensis	SRR6467573	NA
Micromonospora_siamensis	SRR6467574	NA
Micromonospora_siamensis	SRR6467575	NA
Micromonospora_siamensis	SRR6467576	NA
Micromonospora_siamensis	SRR6467577	NA
Micromonospora_siamensis	SRR6467578	NA
Micromonospora_siamensis	SRR6467579	NA
Micromonospora_siamensis	SRR6467580	NA
Micromonospora_siamensis	SRR6467581	NA
Micromonospora_siamensis	SRR6467582	NA
Micromonospora_siamensis	SRR6467583	NA
Micromonospora_siamensis	SRR6467584	NA
Micromonospora_siamensis	SRR6467585	NA
Micromonospora_siamensis	SRR6467586	NA
Micromonospora_siamensis	SRR6467587	NA
Micromonospora_siamensis	SRR6467588	NA
Micromonospora_siamensis	SRR6467589	NA
Micromonospora_siamensis	SRR6467590	NA
Micromonospora_siamensis	SRR6467591	NA
Micromonospora_siamensis	SRR6467592	NA
Micromonospora_siamensis	SRR6467593	NA
Micromonospora_siamensis	SRR6467594	NA
Micromonospora_siamensis	SRR6467595	NA
Micromonospora_siamensis	SRR6467596	NA
Micromonospora_siamensis	SRR6467597	NA
Micromonospora_siamensis	SRR6467598	NA
Micromonospora_siamensis	SRR6467599	NA
Micromonospora_siamensis	SRR6467600	NA
Micromonospora_siamensis	SRR6467601	NA
Micromonospora_siamensis	SRR6467602	NA
Micromonospora_siamensis	SRR6467603	NA
Micromonospora_siamensis	SRR6467604	NA
Micromonospora_siamensis	SRR6467605	NA
Micromonospora_siamensis	SRR6467606	NA
Micromonospora_siamensis	SRR6467607	NA
Micromonospora_siamensis	SRR6467608	NA
Micromonospora_siamensis	SRR6467609	NA
Micromonospora_siamensis	SRR6467610	NA
Micromonospora_siamensis	SRR6467611	NA
Micromonospora_siamensis	SRR6467612	NA
Micromonospora_siamensis	SRR6467613	NA
Micromonospora_siamensis	SRR6467614	NA
Micromonospora_siamensis	SRR6467615	NA
Micromonospora_siamensis	SRR6467616	NA
Micromonospora_siamensis	SRR6467617	NA
Micromonospora_siamensis	SRR6467618	NA
Micromonospora_siamensis	SRR6467619	NA
Micromonospora_siamensis	SRR6467620	NA
Micromonospora_siamensis	SRR6467621	NA
Micromonospora_siamensis	SRR6467622	NA
Micromonospora_siamensis	SRR6467623	NA
Micromonospora_siamensis	SRR6467624	NA
Micromonospora_siamensis	SRR6467625	NA
Micromonospora_siamensis	SRR6467626	NA
Micromonospora_siamensis	SRR6467627	NA
Micromonospora_siamensis	SRR6467628	NA
Micromonospora_siamensis	SRR6467629	NA
Micromonospora_siamensis	SRR6467630	NA
Micromonospora_siamensis	SRR6467631	NA
Micromonospora_siamensis	SRR6467632	NA
Micromonospora_siamensis	SRR6467633	NA
Micromonospora_siamensis	SRR6467634	NA
Micromonospora_siamensis	SRR6467635	NA
Micromonospora_siamensis	SRR6467636	NA
Micromonospora_siamensis	SRR6467637	NA
Micromonospora_siamensis	SRR6467638	NA
Micromonospora_siamensis	SRR6467639	NA
Micromonospora_siamensis	SRR6467640	NA
Micromonospora_siamensis	SRR6467641	NA
Micromonospora_siamensis	SRR6467642	NA
Micromonospora_siamensis	SRR6467643	NA
Micromonospora_siamensis	SRR6467644	NA
Micromonospora_siamensis	SRR6467645	NA
Micromonospora_siamensis	SRR6467646	NA
Micromonospora_siamensis	SRR6467647	NA
Micromonospora_siamensis	SRR6467648	NA
Micromonospora_siamensis	SRR6467649	NA
Micromonospora_siamensis	SRR6467650	NA
Micromonospora_siamensis	SRR6467651	NA
Micromonospora_siamensis	SRR6467652	NA
Micromonospora_siamensis	SRR6467653	NA
Micromonospora_siamensis	SRR6467654	NA
Micromonospora_siamensis	SRR6467655	NA
Micromonospora_siamensis	SRR6467656	NA
Micromonospora_siamensis	SRR6467657	NA
Micromonospora_siamensis	SRR6467658	NA
Micromonospora_siamensis	SRR6467659	NA
Micromonospora_siamensis	SRR6467660	NA
Micromonospora_siamensis	SRR6467661	NA
Micromonospora_siamensis	SRR6467662	NA
Micromonospora_siamensis	SRR6467663	NA
Micromonospora_siamensis	SRR6467664	NA
Micromonospora_siamensis	SRR6467665	NA
Micromonospora_siamensis	SRR6467666	NA
Micromonospora_siamensis	SRR6467667	NA
Micromonospora_siamensis	SRR6467668	NA
Micromonospora_siamensis	SRR6467669	NA
Micromonospora_siamensis	SRR6467670	NA
Micromonospora_siamensis	SRR6467671	NA
Micromonospora_siamensis	SRR6467672	NA
Micromonospora_siamensis	SRR6467673	NA
Micromonospora_siamensis	SRR6467674	NA
Micromonospora_siamensis	SRR6467675	NA
Micromonospora_siamensis	SRR6467676	NA
Micromonospora_siamensis	SRR6467677	NA
Micromonospora_siamensis	SRR6467678	NA
Micromonospora_siamensis	SRR6467679	NA
Micromonospora_siamensis	SRR6467680	NA
Micromonospora_siamensis	SRR6467681	NA
Micromonospora_siamensis	SRR6467682	NA
Micromonospora_siamensis	SRR6467683	NA
Micromonospora_siamensis	SRR6467684	NA
Micromonospora_siamensis	SRR6467685	NA
Micromonospora_siamensis	SRR6467686	NA
Micromonospora_siamensis	SRR6467687	NA
Micromonospora_siamensis	SRR6467688	NA
Micromonospora_siamensis	SRR6467689	NA
Micromonospora_siamensis	SRR6467690	NA
Micromonospora_siamensis	SRR6467691	NA
Micromonospora_siamensis	SRR6467692	NA
Micromonospora_siamensis	SRR6467693	NA
Micromonospora_siamensis	SRR6467694	NA
Micromonospora_siamensis	SRR6467695	NA
Micromonospora_siamensis	SRR6467696	NA
Micromonospora_siamensis	SRR6467697	NA
Micromonospora_siamensis	SRR6467698	NA
Micromonospora_siamensis	SRR6467699	NA
Micromonospora_siamensis	SRR6467700	NA
Micromonospora_siamensis	SRR6467701	NA
Micromonospora_siamensis	SRR6467702	NA
Micromonospora_siamensis	SRR6467703	NA
Micromonospora_siamensis	SRR6467704	NA
Micromonospora_siamensis	SRR6467705	NA
Micromonospora_siamensis	SRR6467706	NA
Micromonospora_siamensis	SRR6467707	NA
Micromonospora_siamensis	SRR6467708	NA
Micromonospora_siamensis	SRR6467709	NA
Micromonospora_siamensis	SRR6467710	NA
Micromonospora_siamensis	SRR6467711	NA
Micromonospora_siamensis	SRR6467712	NA
Micromonospora_siamensis	SRR6467713	NA
Micromonospora_siamensis	SRR6467714	NA
Micromonospora_siamensis	SRR6467715	NA
Micromonospora_siamensis	SRR6467716	NA
Micromonospora_siamensis	SRR6467717	NA
Micromonospora_siamensis	SRR6467718	NA
Micromonospora_siamensis	SRR6467719	NA
Micromonospora_siamensis	SRR6467720	NA
Micromonospora_siamensis	SRR6467721	NA
Micromonospora_siamensis	SRR6467722	NA
Micromonospora_siamensis	SRR6467723	NA
Micromonospora_siamensis	SRR6467724	NA
Micromonospora_siamensis	SRR6467725	NA
Micromonospora_siamensis	SRR6467726	NA
Micromonospora_siamensis	SRR6467727	NA
Micromonospora_siamensis	SRR6467728	NA
Micromonospora_siamensis	SRR6467729	NA
Micromonospora_siamensis	SRR6467730	NA
Micromonospora_siamensis	SRR6467731	NA
Micromonospora_siamensis	SRR6467732	NA
Micromonospora_siamensis	SRR6467733	NA
Micromonospora_siamensis	SRR6467734	NA
Micromonospora_siamensis	SRR6467735	NA
Micromonospora_siamensis	SRR6467736	NA
Micromonospora_siamensis	SRR6467737	NA
Micromonospora_siamensis	SRR6467738	NA
Micromonospora_siamensis	SRR6467739	NA
Micromonospora_siamensis	SRR6467740	NA
Micromonospora_siamensis	SRR6467741	NA
Micromonospora_siamensis	SRR6467742	NA
Micromonospora_siamensis	SRR6467743	NA
Micromonospora_siamensis	SRR6467744	NA
Micromonospora_siamensis	SRR6467745	NA
Micromonospora_siamensis	SRR6467746	NA
Micromonospora_siamensis	SRR6467747	NA
Micromonospora_siamensis	SRR6467748	NA
Micromonospora_siamensis	SRR6467749	NA
Micromonospora_siamensis	SRR6467750	NA
Micromonospora_siamensis	SRR6467751	NA
Micromonospora_siamensis	SRR6467752	NA
Micromonospora_siamensis	SRR6467753	NA
Micromonospora_siamensis	SRR6467754	NA
Micromonospora_siamensis	SRR6467755	NA
Micromonospora_siamensis	SRR6467756	NA
Micromonospora_siamensis	SRR6467757	NA
Micromonospora_siamensis	SRR6467758	NA
Micromonospora_siamensis	SRR6467759	NA
Micromonospora_siamensis	SRR6467760	NA
Micromonospora_siamensis	SRR6467761	NA
Micromonospora_siamensis	SRR6467762	NA
Micromonospora_siamensis	SRR6467763	NA
Micromonospora_siamensis	SRR6467764	NA
Micromonospora_siamensis	SRR6467765	NA
Micromonospora_siamensis	SRR6467766	NA
Micromonospora_siamensis	SRR6467767	NA
Micromonospora_siamensis	SRR6467768	NA
Micromonospora_siamensis	SRR6467769	NA
Micromonospora_siamensis	SRR6467770	NA
Micromonospora_siamensis	SRR6467771	NA
Micromonospora_siamensis	SRR6467772	NA
Micromonospora_siamensis	SRR6467773	NA
Micromonospora_siamensis	SRR6868540	NA
Micromonospora_siamensis	SRR6868541	NA
Micromonospora_siamensis	SRR6868542	NA
Micromonospora_siamensis	SRR6868543	NA
Micromonospora_siamensis	SRR6868544	NA
Micromonospora_siamensis	SRR6868545	NA
Micromonospora_siamensis	SRR6868546	NA
Micromonospora_siamensis	SRR6868557	NA
Micromonospora_siamensis	SRR6868558	NA
Micromonospora_siamensis	SRR6868559	NA
Micromonospora_siamensis	SRR6868560	NA
Micromonospora_siamensis	SRR6868569	NA
Micromonospora_siamensis	SRR6868570	NA
Micromonospora_siamensis	SRR6868571	NA
Micromonospora_siamensis	SRR6868572	NA
Micromonospora_siamensis	SRR6868573	NA
Micromonospora_siamensis	SRR6868574	NA
Micromonospora_siamensis	SRR6868575	NA
Micromonospora_siamensis	SRR6868576	NA
Micromonospora_siamensis	SRR6868577	NA
Micromonospora_siamensis	SRR6868578	NA
Micromonospora_siamensis	SRR6868579	NA
Micromonospora_siamensis	SRR6868580	NA
Micromonospora_siamensis	SRR6868581	NA
Micromonospora_siamensis	SRR6868582	NA
Micromonospora_siamensis	SRR6868585	NA
Micromonospora_siamensis	SRR6868586	NA
Micromonospora_siamensis	SRR6868587	NA
Micromonospora_siamensis	SRR6868588	NA
Micromonospora_siamensis	SRR6868589	NA
Micromonospora_siamensis	SRR6868590	NA
Micromonospora_siamensis	SRR6868591	NA
Micromonospora_siamensis	SRR6868604	NA
Micromonospora_siamensis	SRR6868605	NA
Micromonospora_siamensis	SRR6868606	NA
Micromonospora_siamensis	SRR6868607	NA
Micromonospora_siamensis	SRR6868608	NA
Micromonospora_siamensis	SRR6868609	NA
Micromonospora_siamensis	SRR6868610	NA
Micromonospora_siamensis	SRR6868620	NA
Micromonospora_siamensis	SRR6868621	NA
Micromonospora_siamensis	SRR6868622	NA
Micromonospora_siamensis	SRR6868623	NA
Micromonospora_siamensis	SRR6868636	NA
Micromonospora_siamensis	SRR6868637	NA
Micromonospora_siamensis	SRR6868638	NA
Micromonospora_siamensis	SRR6868639	NA
Micromonospora_siamensis	SRR6868650	NA
Micromonospora_siamensis	SRR6868651	NA
Micromonospora_siamensis	SRR6868652	NA
Micromonospora_siamensis	SRR6868653	NA
Micromonospora_siamensis	SRR6868654	NA
Micromonospora_siamensis	SRR6868655	NA
Micromonospora_siamensis	SRR6868665	NA
Micromonospora_siamensis	SRR6868666	NA
Micromonospora_siamensis	SRR6868667	NA
Micromonospora_siamensis	SRR6868668	NA
Micromonospora_siamensis	SRR6868669	NA
Micromonospora_siamensis	SRR6868670	NA
Micromonospora_siamensis	SRR6868671	NA
Micromonospora_siamensis	SRR6868683	NA
Micromonospora_siamensis	SRR6868684	NA
Micromonospora_siamensis	SRR6868685	NA
Micromonospora_siamensis	SRR6868686	NA
Micromonospora_siamensis	SRR6868687	NA
Micromonospora_siamensis	SRR6868688	NA
Micromonospora_siamensis	SRR6868689	NA
Micromonospora_siamensis	SRR6868698	NA
Micromonospora_siamensis	SRR6868699	NA
Micromonospora_siamensis	SRR6868700	NA
Micromonospora_siamensis	SRR6868701	NA
Micromonospora_siamensis	SRR6868702	NA
Micromonospora_siamensis	SRR6868713	NA
Micromonospora_siamensis	SRR6868714	NA
Micromonospora_siamensis	SRR6868715	NA
Micromonospora_siamensis	SRR6868716	NA
Micromonospora_siamensis	SRR6868717	NA
Micromonospora_siamensis	SRR6868718	NA
Micromonospora_siamensis	SRR6868719	NA
Micromonospora_siamensis	SRR6868720	NA
Micromonospora_siamensis	SRR6868721	NA
Micromonospora_siamensis	SRR6868722	NA
Micromonospora_siamensis	SRR6868723	NA
Micromonospora_siamensis	SRR6868724	NA
Micromonospora_siamensis	SRR6868725	NA
Micromonospora_siamensis	SRR6868726	NA
Micromonospora_siamensis	SRR6868741	NA
Micromonospora_siamensis	SRR7632756	NA
Micromonospora_siamensis	SRR7632757	NA
Micromonospora_siamensis	SRR7632758	NA
Micromonospora_siamensis	SRR7632759	NA
Micromonospora_siamensis	SRR7632760	NA
Micromonospora_siamensis	SRR7632761	NA
Micromonospora_siamensis	SRR7632762	NA
Micromonospora_siamensis	SRR7632763	NA
Micromonospora_siamensis	SRR7632764	NA
Micromonospora_siamensis	SRR7632765	NA
Micromonospora_siamensis	SRR7632766	NA
Micromonospora_siamensis	SRR7632767	NA
Micromonospora_siamensis	SRR7632768	NA
Micromonospora_siamensis	SRR7632769	NA
Micromonospora_siamensis	SRR7632770	NA
Micromonospora_siamensis	SRR7632771	NA
Micromonospora_siamensis	SRR7632772	NA
Micromonospora_siamensis	SRR7632773	NA
Micromonospora_siamensis	SRR7632774	NA
Micromonospora_siamensis	SRR7632775	NA
Micromonospora_siamensis	SRR7632776	NA
Micromonospora_siamensis	SRR7632777	NA
Micromonospora_siamensis	SRR7632778	NA
Micromonospora_siamensis	SRR7632779	NA
Micromonospora_siamensis	SRR7632780	NA
Micromonospora_siamensis	SRR7632781	NA
Micromonospora_siamensis	SRR7632782	NA
Micromonospora_siamensis	SRR7632783	NA
Micromonospora_siamensis	SRR7632784	NA
Micromonospora_siamensis	SRR7632785	NA
Micromonospora_siamensis	SRR7632786	NA
Micromonospora_siamensis	SRR7632787	NA
Micromonospora_siamensis	SRR7632788	NA
Micromonospora_siamensis	SRR7632789	NA
Micromonospora_siamensis	SRR7632790	NA
Micromonospora_siamensis	SRR7632791	NA
Micromonospora_siamensis	SRR7632792	NA
Micromonospora_siamensis	SRR7632793	NA
Micromonospora_siamensis	SRR7632794	NA
Micromonospora_siamensis	SRR7632795	NA
Micromonospora_siamensis	SRR7632796	NA
Micromonospora_siamensis	SRR7632797	NA
Micromonospora_siamensis	SRR7632798	NA
Micromonospora_siamensis	SRR7632799	NA
Micromonospora_siamensis	SRR7632800	NA
Micromonospora_siamensis	SRR7632801	NA
Micromonospora_siamensis	SRR7632802	NA
Micromonospora_siamensis	SRR7632803	NA
Micromonospora_siamensis	SRR7632804	NA
Micromonospora_siamensis	SRR7632805	NA
Micromonospora_siamensis	SRR7632806	NA
Micromonospora_siamensis	SRR7632807	NA
Micromonospora_siamensis	SRR7632808	NA
Micromonospora_siamensis	SRR7632809	NA
Micromonospora_siamensis	SRR7632810	NA
Micromonospora_siamensis	SRR7632811	NA
Micromonospora_siamensis	SRR7632812	NA
Micromonospora_siamensis	SRR7632813	NA
Micromonospora_siamensis	SRR7632814	NA
Micromonospora_siamensis	SRR7632815	NA
Micromonospora_siamensis	SRR7632816	NA
Micromonospora_siamensis	SRR7632817	NA
Micromonospora_siamensis	SRR7632818	NA
Micromonospora_siamensis	SRR7632819	NA
Micromonospora_siamensis	SRR7632820	NA
Micromonospora_siamensis	SRR7632821	NA
Micromonospora_siamensis	SRR7632822	NA
Micromonospora_siamensis	SRR7632823	NA
Micromonospora_siamensis	SRR7632824	NA
Micromonospora_siamensis	SRR7632825	NA
Micromonospora_siamensis	SRR7632826	NA
Micromonospora_siamensis	SRR7632827	NA
Micromonospora_siamensis	SRR7632828	NA
Micromonospora_siamensis	SRR7632829	NA
Micromonospora_siamensis	SRR7632830	NA
Micromonospora_siamensis	SRR7632831	NA
Micromonospora_siamensis	SRR7632832	NA
Micromonospora_siamensis	SRR7632833	NA
Micromonospora_siamensis	SRR7632834	NA
Micromonospora_siamensis	SRR7632835	NA
Micromonospora_siamensis	SRR7632836	NA
Micromonospora_siamensis	SRR7632837	NA
Micromonospora_siamensis	SRR7632838	NA
Micromonospora_siamensis	SRR7632839	NA
Micromonospora_siamensis	SRR7632840	NA
Micromonospora_siamensis	SRR7632841	NA
Micromonospora_siamensis	SRR7632842	NA
Micromonospora_siamensis	SRR7632843	NA
Micromonospora_siamensis	SRR7632844	NA
Micromonospora_siamensis	SRR7632845	NA
Micromonospora_siamensis	SRR7632846	NA
Micromonospora_siamensis	SRR7632847	NA
Micromonospora_siamensis	SRR7632848	NA
Micromonospora_siamensis	SRR7632849	NA
Micromonospora_siamensis	SRR7632850	NA
Micromonospora_siamensis	SRR7632851	NA
Micromonospora_siamensis	SRR7632852	NA
Micromonospora_siamensis	SRR7632853	NA
Micromonospora_siamensis	SRR7632854	NA
Micromonospora_siamensis	SRR7632855	NA
Micromonospora_siamensis	SRR7632856	NA
Micromonospora_siamensis	SRR7632857	NA
Micromonospora_siamensis	SRR7632858	NA
Micromonospora_siamensis	SRR7632859	NA
Micromonospora_siamensis	SRR7632860	NA
Micromonospora_siamensis	SRR7632861	NA
Micromonospora_siamensis	SRR7632862	NA
Micromonospora_siamensis	SRR7632863	NA
Micromonospora_siamensis	SRR7632864	NA
Micromonospora_siamensis	SRR7632865	NA
Micromonospora_siamensis	SRR7632866	NA
Micromonospora_siamensis	SRR7632867	NA
Micromonospora_siamensis	SRR7632868	NA
Micromonospora_siamensis	SRR7632869	NA
Micromonospora_siamensis	SRR7632870	NA
Micromonospora_siamensis	SRR7632871	NA
Micromonospora_siamensis	SRR7632872	NA
Micromonospora_siamensis	SRR7632873	NA
Micromonospora_siamensis	SRR7632874	NA
Micromonospora_siamensis	SRR7632875	NA
Micromonospora_siamensis	SRR7632876	NA
Micromonospora_siamensis	SRR7632877	NA
Micromonospora_siamensis	SRR7632878	NA
Micromonospora_siamensis	SRR7632879	NA
Micromonospora_siamensis	SRR7632880	NA
Micromonospora_siamensis	SRR7632881	NA
Micromonospora_siamensis	SRR7632882	NA
Micromonospora_siamensis	SRR7632883	NA
Micromonospora_siamensis	SRR7632884	NA
Micromonospora_siamensis	SRR7632885	NA
Micromonospora_siamensis	SRR7632886	NA
Micromonospora_siamensis	SRR7632887	NA
Micromonospora_siamensis	SRR7632888	NA
Micromonospora_siamensis	SRR7632889	NA
Micromonospora_siamensis	SRR7632890	NA
Micromonospora_siamensis	SRR7632891	NA
Micromonospora_siamensis	SRR7632892	NA
Micromonospora_siamensis	SRR7632893	NA
Micromonospora_siamensis	SRR7632894	NA
Micromonospora_siamensis	SRR7632895	NA
Micromonospora_siamensis	SRR7632896	NA
Micromonospora_siamensis	SRR7632897	NA
Micromonospora_siamensis	SRR7632898	NA
Micromonospora_siamensis	SRR7632899	NA
Micromonospora_siamensis	SRR7632900	NA
Micromonospora_siamensis	SRR7632901	NA
Micromonospora_siamensis	SRR7632902	NA
Micromonospora_siamensis	SRR7632903	NA
Micromonospora_siamensis	SRR7632904	NA
Micromonospora_siamensis	SRR7632905	NA
Micromonospora_siamensis	SRR7632906	NA
Micromonospora_siamensis	SRR7632907	NA
Micromonospora_siamensis	SRR7632908	NA
Micromonospora_siamensis	SRR7632909	NA
Micromonospora_siamensis	SRR7632910	NA
Micromonospora_siamensis	SRR7632911	NA
Micromonospora_siamensis	SRR7632912	NA
Micromonospora_siamensis	SRR7632913	NA
Micromonospora_siamensis	SRR7632914	NA
Micromonospora_siamensis	SRR7632915	NA
Micromonospora_siamensis	SRR7632916	NA
Micromonospora_siamensis	SRR7632917	NA
Micromonospora_siamensis	SRR7632918	NA
Micromonospora_siamensis	SRR7632919	NA
Micromonospora_siamensis	SRR7632920	NA
Micromonospora_siamensis	SRR7632921	NA
Micromonospora_siamensis	SRR7632922	NA
Micromonospora_siamensis	SRR7632923	NA
Micromonospora_siamensis	SRR7632924	NA
Micromonospora_siamensis	SRR7632925	NA
Micromonospora_siamensis	SRR7632926	NA
Micromonospora_siamensis	SRR7632927	NA
Micromonospora_siamensis	SRR7632928	NA
Micromonospora_siamensis	SRR7632929	NA
Micromonospora_siamensis	SRR7632930	NA
Micromonospora_siamensis	SRR7632931	NA
Micromonospora_siamensis	SRR7632932	NA
Micromonospora_siamensis	SRR7632933	NA
Micromonospora_siamensis	SRR7632934	NA
Micromonospora_siamensis	SRR7632935	NA
Micromonospora_siamensis	SRR7632936	NA
Micromonospora_siamensis	SRR7632937	NA
Micromonospora_siamensis	SRR7632938	NA
Micromonospora_siamensis	SRR7632939	NA
Micromonospora_siamensis	SRR7632940	NA
Micromonospora_siamensis	SRR7632941	NA
Micromonospora_siamensis	SRR7632942	NA
Micromonospora_siamensis	SRR7632943	NA
Micromonospora_siamensis	SRR7632944	NA
Micromonospora_siamensis	SRR7632945	NA
Micromonospora_siamensis	SRR8928966	NA
Micromonospora_siamensis	SRR8928967	NA
Micromonospora_siamensis	SRR8928968	NA
Micromonospora_siamensis	SRR8928969	NA
Micromonospora_siamensis	SRR8928970	NA
Micromonospora_siamensis	SRR8928971	NA
Micromonospora_siamensis	SRR8928972	NA
Micromonospora_siamensis	SRR8928973	NA
Micromonospora_siamensis	SRR8928974	NA
Micromonospora_siamensis	SRR8928975	NA
Micromonospora_siamensis	SRR8928976	NA
Micromonospora_siamensis	SRR8928977	NA
Micromonospora_siamensis	SRR8928978	NA
Micromonospora_siamensis	SRR8928979	NA
Micromonospora_siamensis	SRR8928980	NA
Micromonospora_siamensis	SRR8928981	NA
Micromonospora_siamensis	SRR8928982	NA
Micromonospora_siamensis	SRR8928983	NA
Micromonospora_siamensis	SRR8928984	NA
Micromonospora_siamensis	SRR8928985	NA
Micromonospora_siamensis	SRR8928986	NA
Micromonospora_siamensis	SRR8928987	NA
Micromonospora_siamensis	SRR8928988	NA
Micromonospora_siamensis	SRR8928989	NA
Micromonospora_siamensis	SRR8928990	NA
Micromonospora_siamensis	SRR8928991	NA
Micromonospora_siamensis	SRR9835604	NA
Micromonospora_siamensis	SRR9835605	NA
Micromonospora_siamensis	SRR9835606	NA
Micromonospora_siamensis	SRR9835607	NA
Micromonospora_siamensis	SRR9835608	NA
Micromonospora_siamensis	SRR9835609	NA
Micromonospora_siamensis	SRR9835610	NA
Micromonospora_siamensis	SRR9835611	NA
Micromonospora_siamensis	SRR9835612	NA
Micromonospora_siamensis	SRR9835613	NA
Micromonospora_siamensis	SRR9835614	NA
Micromonospora_siamensis	SRR9835615	NA
Micromonospora_siamensis	SRR9835616	NA
Micromonospora_siamensis	SRR9835617	NA
Micromonospora_siamensis	SRR9835618	NA
Micromonospora_siamensis	SRR9835619	NA
Micromonospora_siamensis	SRR9835620	NA
Micromonospora_siamensis	SRR9835621	NA
Micromonospora_siamensis	SRR9835622	NA
Micromonospora_siamensis	SRR9835623	NA
Micromonospora_siamensis	SRR9835624	NA
Micromonospora_siamensis	SRR9835625	NA
Micromonospora_siamensis	SRR9835626	NA
Micromonospora_siamensis	SRR9835627	NA
Micromonospora_siamensis	SRR9835628	NA
Micromonospora_siamensis	SRR9835629	NA
Micromonospora_siamensis	SRR9835630	NA
Micromonospora_siamensis	SRR9835631	NA
Micromonospora_siamensis	SRR9835632	NA
Micromonospora_siamensis	SRR9835633	NA
Micromonospora_siamensis	SRR9835634	NA
Micromonospora_siamensis	SRR9835635	NA
Micromonospora_siamensis	SRR9835636	NA
Micromonospora_siamensis	SRR9835637	NA
Micromonospora_siamensis	SRR9835638	NA
Micromonospora_siamensis	SRR9835639	NA
Micromonospora_siamensis	SRR9835640	NA
Micromonospora_siamensis	SRR9835641	NA
Micromonospora_siamensis	SRR9835642	NA
Micromonospora_siamensis	SRR9835643	NA
Micromonospora_siamensis	SRR9835644	NA
Micromonospora_siamensis	SRR9835645	NA
Micromonospora_siamensis	SRR9835646	NA
Micromonospora_siamensis	SRR9835647	NA
Micromonospora_siamensis	SRR9835648	NA
Micromonospora_siamensis	SRR9835649	NA
Micromonospora_siamensis	SRR9835650	NA
Micromonospora_siamensis	SRR9835651	NA
Micromonospora_siamensis	SRR9835652	NA
Micromonospora_siamensis	SRR9835653	NA
Micromonospora_siamensis	SRR9835654	NA
Micromonospora_siamensis	SRR9835655	NA
Micromonospora_siamensis	SRR9835656	NA
Micromonospora_siamensis	SRR9835657	NA
Micromonospora_siamensis	SRR9835658	NA
Micromonospora_siamensis	SRR9835659	NA
Micromonospora_siamensis	SRR9835660	NA
Micromonospora_siamensis	SRR9835661	NA
Micromonospora_siamensis	SRR9835662	NA
Micromonospora_siamensis	SRR9835663	NA
Micromonospora_siamensis	SRR9835664	NA
Micromonospora_siamensis	SRR9835665	NA
Micromonospora_siamensis	SRR9835666	NA
Micromonospora_siamensis	SRR9835667	NA
Micromonospora_siamensis	SRR9835668	NA
Micromonospora_siamensis	SRR9835669	NA
Micromonospora_siamensis	SRR9835670	NA
Micromonospora_siamensis	SRR9835671	NA
Micromonospora_siamensis	SRR9835672	NA
Micromonospora_siamensis	SRR9835673	NA
Micromonospora_siamensis	SRR9835674	NA
Micromonospora_siamensis	SRR9835675	NA
Micromonospora_siamensis	SRR9835676	NA
Micromonospora_siamensis	SRR9835677	NA
Micromonospora_siamensis	SRR9835678	NA
Micromonospora_siamensis	SRR9835679	NA
Micromonospora_siamensis	SRR9835680	NA
Micromonospora_siamensis	SRR9835681	NA
Micromonospora_siamensis	SRR9835682	NA
Micromonospora_siamensis	SRR9835683	NA
Micromonospora_siamensis	SRR9835684	NA
Micromonospora_siamensis	SRR9835685	NA
Micromonospora_siamensis	SRR9835686	NA
Micromonospora_siamensis	SRR9835687	NA
Micromonospora_siamensis	SRR9835688	NA
Micromonospora_siamensis	SRR9835689	NA
Micromonospora_siamensis	SRR9835690	NA
Micromonospora_siamensis	SRR9835691	NA
Micromonospora_siamensis	SRR9835692	NA
Micromonospora_siamensis	SRR9835693	NA
Micromonospora_siamensis	SRR9835694	NA
Micromonospora_siamensis	SRR9835695	NA
Micromonospora_siamensis	SRR9835696	NA
Micromonospora_siamensis	SRR9835697	NA
Micromonospora_siamensis	SRR9835698	NA
Micromonospora_siamensis	SRR9835699	NA
Micromonospora_siamensis	SRR9835700	NA
Micromonospora_siamensis	SRR9835701	NA
Micromonospora_siamensis	SRR9835702	NA
Micromonospora_siamensis	SRR9835703	NA
Micromonospora_siamensis	SRR9835704	NA
Micromonospora_siamensis	SRR9835705	NA
Micromonospora_siamensis	SRR9835706	NA
Micromonospora_siamensis	SRR9835707	NA
Micromonospora_siamensis	SRR9835708	NA
Micromonospora_siamensis	SRR9835709	NA
Micromonospora_siamensis	SRR9835710	NA
Micromonospora_siamensis	SRR9835711	NA
Micromonospora_siamensis	SRR9835712	NA
Micromonospora_siamensis	SRR9835713	NA
Micromonospora_siamensis	SRR9835714	NA
Micromonospora_siamensis	SRR9835715	NA
Micromonospora_siamensis	SRR9835716	NA
Micromonospora_siamensis	SRR9835717	NA
Micromonospora_siamensis	SRR9835718	NA
Micromonospora_siamensis	SRR9835719	NA
Micromonospora_siamensis	SRR9835720	NA
Micromonospora_siamensis	SRR9835721	NA
Micromonospora_siamensis	SRR9835722	NA
Micromonospora_siamensis	SRR9835723	NA
Micromonospora_siamensis	SRR9835724	NA
Micromonospora_siamensis	SRR9835725	NA
Micromonospora_siamensis	SRR9835726	NA
Micromonospora_siamensis	SRR9835727	NA
Micromonospora_siamensis	SRR9835728	NA
Micromonospora_siamensis	SRR9835729	NA
Micromonospora_siamensis	SRR9835730	NA
Micromonospora_siamensis	SRR9835731	NA
Micromonospora_siamensis	SRR9835732	NA
Micromonospora_siamensis	SRR9835733	NA
Micromonospora_siamensis	SRR9835734	NA
Micromonospora_siamensis	SRR9835735	NA
Micromonospora_siamensis	SRR9835736	NA
Micromonospora_siamensis	SRR9835737	NA
Micromonospora_siamensis	SRR9835738	NA
Micromonospora_siamensis	SRR9835739	NA
Micromonospora_siamensis	SRR9835740	NA
Micromonospora_siamensis	SRR9835741	NA
Micromonospora_siamensis	SRR9835742	NA
Micromonospora_siamensis	SRR9835743	NA
Micromonospora_siamensis	SRR9835744	NA
Micromonospora_siamensis	SRR9835745	NA
Micromonospora_siamensis	SRR9835746	NA
Micromonospora_siamensis	SRR9835747	NA
Micromonospora_siamensis	SRR9835748	NA
Micromonospora_siamensis	SRR9835749	NA
Micromonospora_siamensis	SRR9835750	NA
Micromonospora_siamensis	SRR9835751	NA
Micromonospora_siamensis	SRR9835752	NA
Micromonospora_siamensis	SRR9835753	NA
Micromonospora_siamensis	SRR9835754	NA
Micromonospora_siamensis	SRR9835755	NA
Micromonospora_siamensis	SRR9835756	NA
Micromonospora_siamensis	SRR9835757	NA
Micromonospora_siamensis	SRR9835758	NA
Micromonospora_siamensis	SRR9835759	NA
Micromonospora_siamensis	SRR9835760	NA
Micromonospora_siamensis	SRR9835761	NA
Micromonospora_siamensis	SRR9835762	NA
Micromonospora_siamensis	SRR9835763	NA
Micromonospora_siamensis	SRR9835764	NA
Micromonospora_siamensis	SRR9835765	NA
Micromonospora_siamensis	SRR9835766	NA
Micromonospora_siamensis	SRR9835767	NA
Micromonospora_siamensis	SRR9835768	NA
Micromonospora_siamensis	SRR9835769	NA
Micromonospora_siamensis	SRR9835770	NA
Micromonospora_siamensis	SRR9835771	NA
Micromonospora_siamensis	SRR9835772	NA
Micromonospora_siamensis	SRR9835773	NA
Micromonospora_siamensis	SRR9835774	NA
Micromonospora_siamensis	SRR9835775	NA
Micromonospora_siamensis	SRR9835776	NA
Micromonospora_siamensis	SRR9835777	NA
Micromonospora_siamensis	SRR9835778	NA
Micromonospora_siamensis	SRR9835779	NA
Micromonospora_siamensis	SRR9835780	NA
Micromonospora_siamensis	SRR9835781	NA
Micromonospora_siamensis	SRR9835782	NA
Micromonospora_siamensis	SRR9835783	NA
Micromonospora_siamensis	SRR9835784	NA
Micromonospora_siamensis	SRR9835785	NA
Micromonospora_siamensis	SRR9835786	NA
Micromonospora_siamensis	SRR9835787	NA
Micromonospora_siamensis	SRR9835788	NA
Micromonospora_siamensis	SRR9835789	NA
Micromonospora_siamensis	SRR9835790	NA
Micromonospora_siamensis	SRR9835791	NA
Micromonospora_siamensis	SRR9835792	NA
Micromonospora_siamensis	SRR9835793	NA
Micromonospora_siamensis	SRR9835794	NA
Micromonospora_siamensis	SRR9835795	NA
Micromonospora_siamensis	SRR9835796	NA
Micromonospora_siamensis	SRR9835797	NA
Micromonospora_siamensis	SRR9835798	NA
Micromonospora_siamensis	SRR9835799	NA
Micromonospora_siamensis	SRR9835800	NA
Micromonospora_siamensis	SRR9835801	NA
Micromonospora_siamensis	SRR9835802	NA
Micromonospora_siamensis	SRR9867812	1.435329462933093
Micromonospora_siamensis	SRR9867813	2.2040793125481493
Micromonospora_siamensis	SRR9867814	2.2092644432774313
Micromonospora_siamensis	SRR9867815	2.4314160341536115
Micromonospora_siamensis	SRR9867816	3.071932759113845
Micromonospora_siamensis	SRR9867817	4.4313104524786375
Micromonospora_siamensis	SRR9867818	1.0759035571995321
Micromonospora_siamensis	SRR9867819	6.448183170313475
Micromonospora_siamensis	SRR9867820	3.064823963362512
Micromonospora_siamensis	SRR9867821	1.096717715680603
Micromonospora_siamensis	SRR9867822	4.465627819292329
Micromonospora_siamensis	SRR9867823	2.0268787564018917
Micromonospora_siamensis	SRR9867824	3.4402197689483276
Micromonospora_siamensis	SRR9867825	2.199907901137946
Micromonospora_siamensis	SRR9867826	3.081963320593056
Micromonospora_siamensis	SRR9867827	1.0786781838010795
Micromonospora_siamensis	SRR9867828	0.7220781693183485
Micromonospora_siamensis	SRR9867829	4.285109174703838
Micromonospora_siamensis	SRR9867830	1.0976269484967829
Micromonospora_siamensis	SRR9867831	1.0481147905841997
Micromonospora_siamensis	SRR9879292	NA
Micromonospora_siamensis	SRR9879293	NA
Micromonospora_siamensis	SRR9879294	NA
Micromonospora_siamensis	SRR9879295	NA
Micromonospora_siamensis	SRR9879296	NA
Micromonospora_siamensis	SRR9879297	NA
Micromonospora_siamensis	SRR9879298	NA
Micromonospora_siamensis	SRR9879299	NA
Micromonospora_siamensis	SRR9879300	NA
Micromonospora_siamensis	SRR9879301	NA
Micromonospora_siamensis	SRR9879302	NA
Micromonospora_siamensis	SRR9879303	NA
Micromonospora_siamensis	SRR9879304	NA
Micromonospora_siamensis	SRR9879305	NA
Micromonospora_siamensis	SRR9879306	NA
Micromonospora_siamensis	SRR9879307	NA
Micromonospora_siamensis	SRR9879308	NA
Micromonospora_siamensis	SRR9879309	NA
Micromonospora_siamensis	T50_307	2.204184012952024
Micromonospora_siamensis	T50_313	4.688307695598496
Micromonospora_siamensis	T50_317	3.8640139256131247
Micromonospora_siamensis	T50_324	1.0174861902626822
Micromonospora_siamensis	T50_427	1.2355256909978407
Micromonospora_siamensis	T50_428	3.6996675220548556
Micromonospora_siamensis	T50_431	2.4733443087821896
Micromonospora_siamensis	T50_436	1.2470864040381697
Micromonospora_siamensis	T50_476	2.4170125922411834
Micromonospora_siamensis	UN_307	1.9068251173426567
Micromonospora_siamensis	UN_313	1.03568654444311
Micromonospora_siamensis	UN_317	0.6686055316202731
Micromonospora_siamensis	UN_324	2.0450259735840395
Micromonospora_siamensis	UN_427	1.2315484571030648
Micromonospora_siamensis	UN_428	1.1834248220996775
Micromonospora_siamensis	UN_431	1.203077489030243
Micromonospora_siamensis	UN_436	1.2227960883966429
Micromonospora_siamensis	UN_476	1.2366721543910948
