Feature	sample	counts
Staphylococcus_argenteus	CM317	2.0453420639135182
Staphylococcus_argenteus	CMCD140	1.9800165889509758
Staphylococcus_argenteus	CMCD147	1.303311911150683
Staphylococcus_argenteus	CMCD152	1.2543405549084177
Staphylococcus_argenteus	CMCD154	1.1488944134923234
Staphylococcus_argenteus	CMCD159	0.8346031128186627
Staphylococcus_argenteus	CMCD161	1.1492536054189197
Staphylococcus_argenteus	CMCD174	0.7141848624506398
Staphylococcus_argenteus	CMCD196	1.105569770871789
Staphylococcus_argenteus	CMCD198	1.2496572875594145
Staphylococcus_argenteus	CMCD203	1.6111196802150516
Staphylococcus_argenteus	CMCD211	1.1740700653077196
Staphylococcus_argenteus	CMCD227	1.254584612393825
Staphylococcus_argenteus	CMCD240	1.2450819982281849
Staphylococcus_argenteus	CMCD259	1.2348476240940158
Staphylococcus_argenteus	CMCD270	1.2212485655848873
Staphylococcus_argenteus	CMCD275	0.5418004614250196
Staphylococcus_argenteus	CMCD282	1.0105904281458868
Staphylococcus_argenteus	CMCD286	1.2579314529084173
Staphylococcus_argenteus	CMCD287	1.2547604986293959
Staphylococcus_argenteus	CMCD294	0.44976069553729375
Staphylococcus_argenteus	CMCD327	1.037968579635008
Staphylococcus_argenteus	CMCD335	1.1417481463390817
Staphylococcus_argenteus	CMCD337	2.08378722621297
Staphylococcus_argenteus	CMCD357	2.3843529342817136
Staphylococcus_argenteus	CMCD398	1.0703422574695847
Staphylococcus_argenteus	CMCD403	0.8970780969151456
Staphylococcus_argenteus	CMCD422	1.0913308317423123
Staphylococcus_argenteus	CMCD426	2.0220756541704175
Staphylococcus_argenteus	CMCD71	1.0583101220749935
Staphylococcus_argenteus	CMCD72	1.451307038117081
Staphylococcus_argenteus	CMCD76	1.1462235320233831
Staphylococcus_argenteus	CMCD88	1.2239557140655961
Staphylococcus_argenteus	CMSA256	1.2349498834315344
Staphylococcus_argenteus	CMSA316	3.455610844068837
Staphylococcus_argenteus	CMUC110	1.2625745715208956
Staphylococcus_argenteus	CMUC192	1.1793181722205324
Staphylococcus_argenteus	CMUC199	1.0274884622655986
Staphylococcus_argenteus	CMUC200	1.227219088600506
Staphylococcus_argenteus	CMUC208	2.0623943200338624
Staphylococcus_argenteus	CMUC231	1.2349498834315344
Staphylococcus_argenteus	CMUC234	1.2676718562975933
Staphylococcus_argenteus	CMUC285	1.2328302805306746
Staphylococcus_argenteus	CMUC291	1.2276579964460468
Staphylococcus_argenteus	CMUC295	1.161258544350776
Staphylococcus_argenteus	CMUC299	1.2768196385987194
Staphylococcus_argenteus	CMUC301	1.255400967187306
Staphylococcus_argenteus	CMUC307	1.189897190719974
Staphylococcus_argenteus	CMUC313	0.7944786962439825
Staphylococcus_argenteus	CMUC314	0.7793602685392171
Staphylococcus_argenteus	CMUC323	1.2303925228169172
Staphylococcus_argenteus	CMUC324	1.0662355004167046
Staphylococcus_argenteus	CMUC331	1.9269111077814347
Staphylococcus_argenteus	CMUC333	1.3134554949160868
Staphylococcus_argenteus	CMUC334	2.010222561856411
Staphylococcus_argenteus	CMUC346	0.8047902194801813
Staphylococcus_argenteus	CMUC352	1.2249239904532
Staphylococcus_argenteus	CMUC360	1.1463065502374457
Staphylococcus_argenteus	CMUC363	1.3027409616737557
Staphylococcus_argenteus	CMUC365	1.4327229128555192
Staphylococcus_argenteus	CMUC366	1.030440619042891
Staphylococcus_argenteus	CMUC368	1.0606050887152505
Staphylococcus_argenteus	CMUC377	2.208483472019094
Staphylococcus_argenteus	CMUC379	0.9636783636173322
Staphylococcus_argenteus	CMUC380	4.5846927286513255
Staphylococcus_argenteus	CMUC383	0.8485046958753965
Staphylococcus_argenteus	CMUC394	1.906825117342657
Staphylococcus_argenteus	CMUC419	0.7087582812036848
Staphylococcus_argenteus	CMUC427	1.1460323041592848
Staphylococcus_argenteus	CMUC428	1.0690259297743245
Staphylococcus_argenteus	CMUC431	4.3804664987833535
Staphylococcus_argenteus	CMUC435	1.553473543920391
Staphylococcus_argenteus	CMUC439	1.0902268931620824
Staphylococcus_argenteus	CMUC89	1.2362886415966772
Staphylococcus_argenteus	CS219	1.1600013501580453
Staphylococcus_argenteus	CS256	1.2567251485578759
Staphylococcus_argenteus	CS257	1.8762839586159454
Staphylococcus_argenteus	CS259	1.1709106740339585
Staphylococcus_argenteus	CS261	1.5187732134537737
Staphylococcus_argenteus	CS266	1.667999409076325
Staphylococcus_argenteus	CS270	1.7517864474126994
Staphylococcus_argenteus	CS277	2.0604810693277953
Staphylococcus_argenteus	CS288	0.7896073356223605
Staphylococcus_argenteus	CS290	1.155781100264946
Staphylococcus_argenteus	CS292	0.7760813903566917
Staphylococcus_argenteus	CS293	2.0470297386241394
Staphylococcus_argenteus	CS301	2.0113634753404934
Staphylococcus_argenteus	CS306	3.029265297506203
Staphylococcus_argenteus	CS308	1.0463790299353843
Staphylococcus_argenteus	CS315	1.242056410906734
Staphylococcus_argenteus	CS317	1.1251729584896477
Staphylococcus_argenteus	CS322	2.1323881824252315
Staphylococcus_argenteus	CS327	2.103469080701049
Staphylococcus_argenteus	CS328	2.4454318749231554
Staphylococcus_argenteus	CS330	0.39173898342433466
Staphylococcus_argenteus	CS331	1.7500653390282743
Staphylococcus_argenteus	CS335	1.3434755574523465
Staphylococcus_argenteus	CS338	0.6012793871520479
Staphylococcus_argenteus	CS339	2.2621217673248086
Staphylococcus_argenteus	CS343	0.8840935432974107
Staphylococcus_argenteus	CS344	2.034018808716147
Staphylococcus_argenteus	CS350	2.073386201320176
Staphylococcus_argenteus	CS351	1.056600983487901
Staphylococcus_argenteus	CS361	2.1714401713147153
Staphylococcus_argenteus	CS388	2.583830480734014
Staphylococcus_argenteus	CS396	1.102092006476012
Staphylococcus_argenteus	CS405	3.1581865038380488
Staphylococcus_argenteus	CS415	0.6944725595683486
Staphylococcus_argenteus	CS424	1.137164086698586
Staphylococcus_argenteus	IM293	2.257804436560461
Staphylococcus_argenteus	IM296	1.6622138334342196
Staphylococcus_argenteus	IM297	1.2671331324617456
Staphylococcus_argenteus	IM300	1.2182968475560507
Staphylococcus_argenteus	IM305	2.0130261645212806
Staphylococcus_argenteus	IM309	2.361757419368575
Staphylococcus_argenteus	IM310	1.4340733344491299
Staphylococcus_argenteus	IM311	1.1925378162054658
Staphylococcus_argenteus	IM316	1.6971321837610513
Staphylococcus_argenteus	IM320	1.418691926513464
Staphylococcus_argenteus	IM330	1.0311971600169312
Staphylococcus_argenteus	IM332	1.302069657790027
Staphylococcus_argenteus	IM340	2.147760436135387
Staphylococcus_argenteus	IM348	4.226162345553271
Staphylococcus_argenteus	IM354	1.1687419103599639
Staphylococcus_argenteus	IM356	2.474098293523883
Staphylococcus_argenteus	IM364	0.4050661484428923
Staphylococcus_argenteus	IM372	1.938221125487122
Staphylococcus_argenteus	IM374	1.6292963707391868
Staphylococcus_argenteus	IM376	0.8229882992868586
Staphylococcus_argenteus	IM381	0.8566245207238475
Staphylococcus_argenteus	IM382	2.5912340355595447
Staphylococcus_argenteus	IM385	1.2588732062842571
Staphylococcus_argenteus	IM390	1.3340118219441088
Staphylococcus_argenteus	IM397	1.2389524557335343
Staphylococcus_argenteus	IM404	3.2565876753457617
Staphylococcus_argenteus	IM409	1.0184497042244391
Staphylococcus_argenteus	IM412	1.0954711451490824
Staphylococcus_argenteus	IM421	1.8227765245122038
Staphylococcus_argenteus	IM425	0.6995851702797766
Staphylococcus_argenteus	IM432	3.0310127162409173
Staphylococcus_argenteus	IM438	1.1787640385621727
Staphylococcus_argenteus	IM442	0.8245414785044531
Staphylococcus_argenteus	IM445	0.7264283183905975
Staphylococcus_argenteus	IM448	1.5141398994914135
Staphylococcus_argenteus	IM449	0.9039826134091075
Staphylococcus_argenteus	IM451	3.0945569416971197
Staphylococcus_argenteus	IMSA256	1.3268077656506534
Staphylococcus_argenteus	IMSA276	1.2009459450239315
Staphylococcus_argenteus	IMSA286	1.24747498194623
Staphylococcus_argenteus	IMSA343	1.0746522902297635
Staphylococcus_argenteus	IS_238	1.2543405549084177
Staphylococcus_argenteus	IS238	2.581243475210573
Staphylococcus_argenteus	IS243	1.219833517293767
Staphylococcus_argenteus	IS253	1.2533434159200771
Staphylococcus_argenteus	IS283	1.135803562302272
Staphylococcus_argenteus	IS322	1.7276591183240173
Staphylococcus_argenteus	IS399	1.0737696431162256
Staphylococcus_argenteus	IS418	1.6645606017876466
Staphylococcus_argenteus	IS430	2.102402270912006
Staphylococcus_argenteus	IS437	2.029557486107935
Staphylococcus_argenteus	IS444	4.129896253153347
Staphylococcus_argenteus	R276CMSA	1.2532575406880793
Staphylococcus_argenteus	R286CMSA	1.2706266228833678
Staphylococcus_argenteus	R292CMSA	1.1203296235272626
Staphylococcus_argenteus	R292IMSA	1.0275635541787125
Staphylococcus_argenteus	R308CMSA	2.8727769969949892
Staphylococcus_argenteus	R316IMSA	4.114715730404479
Staphylococcus_argenteus	R347CMSA	1.7567801602967732
Staphylococcus_argenteus	R347IMSA	1.8550863270984572
Staphylococcus_argenteus	R371CMSA	1.1356442164467115
Staphylococcus_argenteus	SRR10104064	NA
Staphylococcus_argenteus	SRR10104065	NA
Staphylococcus_argenteus	SRR10104066	NA
Staphylococcus_argenteus	SRR10104067	NA
Staphylococcus_argenteus	SRR10104068	NA
Staphylococcus_argenteus	SRR10104069	NA
Staphylococcus_argenteus	SRR10104070	NA
Staphylococcus_argenteus	SRR10104071	NA
Staphylococcus_argenteus	SRR10104072	NA
Staphylococcus_argenteus	SRR10104073	NA
Staphylococcus_argenteus	SRR10104074	NA
Staphylococcus_argenteus	SRR10104075	NA
Staphylococcus_argenteus	SRR10104076	NA
Staphylococcus_argenteus	SRR10104077	NA
Staphylococcus_argenteus	SRR10104078	NA
Staphylococcus_argenteus	SRR10104079	NA
Staphylococcus_argenteus	SRR10104080	NA
Staphylococcus_argenteus	SRR10104081	NA
Staphylococcus_argenteus	SRR10104082	NA
Staphylococcus_argenteus	SRR10104083	NA
Staphylococcus_argenteus	SRR10104084	NA
Staphylococcus_argenteus	SRR10104085	NA
Staphylococcus_argenteus	SRR10104086	NA
Staphylococcus_argenteus	SRR10104087	NA
Staphylococcus_argenteus	SRR10104088	NA
Staphylococcus_argenteus	SRR10104089	NA
Staphylococcus_argenteus	SRR10104090	NA
Staphylococcus_argenteus	SRR10104091	NA
Staphylococcus_argenteus	SRR10104092	NA
Staphylococcus_argenteus	SRR10104093	NA
Staphylococcus_argenteus	SRR10104094	NA
Staphylococcus_argenteus	SRR10104095	NA
Staphylococcus_argenteus	SRR10104096	NA
Staphylococcus_argenteus	SRR10104097	NA
Staphylococcus_argenteus	SRR10104098	NA
Staphylococcus_argenteus	SRR10104099	NA
Staphylococcus_argenteus	SRR10104100	NA
Staphylococcus_argenteus	SRR10104101	NA
Staphylococcus_argenteus	SRR10104102	NA
Staphylococcus_argenteus	SRR10104103	NA
Staphylococcus_argenteus	SRR10104104	NA
Staphylococcus_argenteus	SRR10104105	NA
Staphylococcus_argenteus	SRR10104106	NA
Staphylococcus_argenteus	SRR10104107	NA
Staphylococcus_argenteus	SRR10104108	NA
Staphylococcus_argenteus	SRR10104109	NA
Staphylococcus_argenteus	SRR10104110	NA
Staphylococcus_argenteus	SRR10104111	NA
Staphylococcus_argenteus	SRR10104112	NA
Staphylococcus_argenteus	SRR10104113	NA
Staphylococcus_argenteus	SRR10104114	NA
Staphylococcus_argenteus	SRR10104115	NA
Staphylococcus_argenteus	SRR10104116	NA
Staphylococcus_argenteus	SRR10104117	NA
Staphylococcus_argenteus	SRR10104118	NA
Staphylococcus_argenteus	SRR10104119	NA
Staphylococcus_argenteus	SRR10104120	NA
Staphylococcus_argenteus	SRR10104121	NA
Staphylococcus_argenteus	SRR10104122	NA
Staphylococcus_argenteus	SRR10104123	NA
Staphylococcus_argenteus	SRR10104124	NA
Staphylococcus_argenteus	SRR10104125	NA
Staphylococcus_argenteus	SRR10104126	NA
Staphylococcus_argenteus	SRR10104127	NA
Staphylococcus_argenteus	SRR10104128	NA
Staphylococcus_argenteus	SRR10104129	NA
Staphylococcus_argenteus	SRR10104130	NA
Staphylococcus_argenteus	SRR10104131	NA
Staphylococcus_argenteus	SRR10104132	NA
Staphylococcus_argenteus	SRR10104133	NA
Staphylococcus_argenteus	SRR10104134	NA
Staphylococcus_argenteus	SRR10104135	NA
Staphylococcus_argenteus	SRR10104136	NA
Staphylococcus_argenteus	SRR10104137	NA
Staphylococcus_argenteus	SRR10104138	NA
Staphylococcus_argenteus	SRR10104139	NA
Staphylococcus_argenteus	SRR10104140	NA
Staphylococcus_argenteus	SRR10104141	NA
Staphylococcus_argenteus	SRR10104142	NA
Staphylococcus_argenteus	SRR10104143	NA
Staphylococcus_argenteus	SRR10104144	NA
Staphylococcus_argenteus	SRR10104145	NA
Staphylococcus_argenteus	SRR10104146	NA
Staphylococcus_argenteus	SRR10104147	NA
Staphylococcus_argenteus	SRR10104148	NA
Staphylococcus_argenteus	SRR10104149	NA
Staphylococcus_argenteus	SRR10104150	NA
Staphylococcus_argenteus	SRR10104151	NA
Staphylococcus_argenteus	SRR10104152	NA
Staphylococcus_argenteus	SRR10104153	NA
Staphylococcus_argenteus	SRR10104154	NA
Staphylococcus_argenteus	SRR10104155	NA
Staphylococcus_argenteus	SRR10104156	NA
Staphylococcus_argenteus	SRR10104157	NA
Staphylococcus_argenteus	SRR10104158	NA
Staphylococcus_argenteus	SRR10104159	NA
Staphylococcus_argenteus	SRR10104160	NA
Staphylococcus_argenteus	SRR10104161	NA
Staphylococcus_argenteus	SRR10104162	NA
Staphylococcus_argenteus	SRR10104163	NA
Staphylococcus_argenteus	SRR10104164	NA
Staphylococcus_argenteus	SRR10104165	NA
Staphylococcus_argenteus	SRR10104166	NA
Staphylococcus_argenteus	SRR10104167	NA
Staphylococcus_argenteus	SRR10104168	NA
Staphylococcus_argenteus	SRR10104169	NA
Staphylococcus_argenteus	SRR10104170	NA
Staphylococcus_argenteus	SRR10104171	NA
Staphylococcus_argenteus	SRR10104172	NA
Staphylococcus_argenteus	SRR10104173	NA
Staphylococcus_argenteus	SRR10104174	NA
Staphylococcus_argenteus	SRR10104175	NA
Staphylococcus_argenteus	SRR10104176	NA
Staphylococcus_argenteus	SRR10104177	NA
Staphylococcus_argenteus	SRR10104178	NA
Staphylococcus_argenteus	SRR10104179	NA
Staphylococcus_argenteus	SRR10104180	NA
Staphylococcus_argenteus	SRR10104181	NA
Staphylococcus_argenteus	SRR10104182	NA
Staphylococcus_argenteus	SRR10104183	NA
Staphylococcus_argenteus	SRR10104184	NA
Staphylococcus_argenteus	SRR10104185	NA
Staphylococcus_argenteus	SRR10104186	NA
Staphylococcus_argenteus	SRR10104187	NA
Staphylococcus_argenteus	SRR10104188	NA
Staphylococcus_argenteus	SRR10104189	NA
Staphylococcus_argenteus	SRR10104190	NA
Staphylococcus_argenteus	SRR10104191	NA
Staphylococcus_argenteus	SRR10104192	NA
Staphylococcus_argenteus	SRR10104193	NA
Staphylococcus_argenteus	SRR10104194	NA
Staphylococcus_argenteus	SRR10104195	NA
Staphylococcus_argenteus	SRR10104196	NA
Staphylococcus_argenteus	SRR10104197	NA
Staphylococcus_argenteus	SRR10104198	NA
Staphylococcus_argenteus	SRR10104199	NA
Staphylococcus_argenteus	SRR10104200	NA
Staphylococcus_argenteus	SRR10104201	NA
Staphylococcus_argenteus	SRR10104202	NA
Staphylococcus_argenteus	SRR10104203	NA
Staphylococcus_argenteus	SRR10104204	NA
Staphylococcus_argenteus	SRR10104205	NA
Staphylococcus_argenteus	SRR10104206	NA
Staphylococcus_argenteus	SRR10104207	NA
Staphylococcus_argenteus	SRR10104208	NA
Staphylococcus_argenteus	SRR10104209	NA
Staphylococcus_argenteus	SRR10104210	NA
Staphylococcus_argenteus	SRR10104211	NA
Staphylococcus_argenteus	SRR10104212	NA
Staphylococcus_argenteus	SRR10104213	NA
Staphylococcus_argenteus	SRR10104214	NA
Staphylococcus_argenteus	SRR10104215	NA
Staphylococcus_argenteus	SRR10104216	NA
Staphylococcus_argenteus	SRR10104217	NA
Staphylococcus_argenteus	SRR10104218	NA
Staphylococcus_argenteus	SRR10104219	NA
Staphylococcus_argenteus	SRR10104220	NA
Staphylococcus_argenteus	SRR10104221	NA
Staphylococcus_argenteus	SRR10104222	NA
Staphylococcus_argenteus	SRR10104223	NA
Staphylococcus_argenteus	SRR10104224	NA
Staphylococcus_argenteus	SRR10104225	NA
Staphylococcus_argenteus	SRR10104226	NA
Staphylococcus_argenteus	SRR10104227	NA
Staphylococcus_argenteus	SRR10104228	NA
Staphylococcus_argenteus	SRR10104229	NA
Staphylococcus_argenteus	SRR10104230	NA
Staphylococcus_argenteus	SRR10104231	NA
Staphylococcus_argenteus	SRR10104232	NA
Staphylococcus_argenteus	SRR10104233	NA
Staphylococcus_argenteus	SRR10104234	NA
Staphylococcus_argenteus	SRR10104235	NA
Staphylococcus_argenteus	SRR10104236	NA
Staphylococcus_argenteus	SRR10104237	NA
Staphylococcus_argenteus	SRR10104238	NA
Staphylococcus_argenteus	SRR10104239	NA
Staphylococcus_argenteus	SRR10104240	NA
Staphylococcus_argenteus	SRR10104241	NA
Staphylococcus_argenteus	SRR10104242	NA
Staphylococcus_argenteus	SRR10104243	NA
Staphylococcus_argenteus	SRR10104244	NA
Staphylococcus_argenteus	SRR10104245	NA
Staphylococcus_argenteus	SRR10104246	NA
Staphylococcus_argenteus	SRR10104247	NA
Staphylococcus_argenteus	SRR10104248	NA
Staphylococcus_argenteus	SRR10104249	NA
Staphylococcus_argenteus	SRR10104250	NA
Staphylococcus_argenteus	SRR10104251	NA
Staphylococcus_argenteus	SRR10104252	NA
Staphylococcus_argenteus	SRR10104253	NA
Staphylococcus_argenteus	SRR10104254	NA
Staphylococcus_argenteus	SRR10104255	NA
Staphylococcus_argenteus	SRR10104256	NA
Staphylococcus_argenteus	SRR10104257	NA
Staphylococcus_argenteus	SRR10104258	NA
Staphylococcus_argenteus	SRR10224277	1.3701638199222166
Staphylococcus_argenteus	SRR10224278	1.3701638199222166
Staphylococcus_argenteus	SRR10224279	1.3701638199222166
Staphylococcus_argenteus	SRR10224280	1.3701638199222166
Staphylococcus_argenteus	SRR10224281	1.3701638199222166
Staphylococcus_argenteus	SRR10224282	1.3701638199222166
Staphylococcus_argenteus	SRR10224283	1.3701638199222166
Staphylococcus_argenteus	SRR10224284	1.3701638199222166
Staphylococcus_argenteus	SRR10224285	1.3701638199222166
Staphylococcus_argenteus	SRR10224286	1.3701638199222166
Staphylococcus_argenteus	SRR10224287	1.3701638199222166
Staphylococcus_argenteus	SRR10224288	1.3701638199222166
Staphylococcus_argenteus	SRR10224289	1.3701638199222166
Staphylococcus_argenteus	SRR10224290	1.3701638199222166
Staphylococcus_argenteus	SRR10224291	1.3701638199222166
Staphylococcus_argenteus	SRR10224292	1.3701638199222166
Staphylococcus_argenteus	SRR10224293	1.3701638199222166
Staphylococcus_argenteus	SRR10224294	1.3701638199222166
Staphylococcus_argenteus	SRR10224295	1.3701638199222166
Staphylococcus_argenteus	SRR10224296	1.3701638199222166
Staphylococcus_argenteus	SRR10224297	1.3701638199222166
Staphylococcus_argenteus	SRR10224298	1.3701638199222166
Staphylococcus_argenteus	SRR10318388	NA
Staphylococcus_argenteus	SRR10318389	NA
Staphylococcus_argenteus	SRR10318390	NA
Staphylococcus_argenteus	SRR10318391	NA
Staphylococcus_argenteus	SRR10318392	NA
Staphylococcus_argenteus	SRR10318393	NA
Staphylococcus_argenteus	SRR10318394	NA
Staphylococcus_argenteus	SRR10318395	NA
Staphylococcus_argenteus	SRR10318396	NA
Staphylococcus_argenteus	SRR10318397	NA
Staphylococcus_argenteus	SRR10318398	NA
Staphylococcus_argenteus	SRR10318399	NA
Staphylococcus_argenteus	SRR10318400	NA
Staphylococcus_argenteus	SRR10318401	NA
Staphylococcus_argenteus	SRR10318402	NA
Staphylococcus_argenteus	SRR10318403	NA
Staphylococcus_argenteus	SRR10318404	NA
Staphylococcus_argenteus	SRR10318405	NA
Staphylococcus_argenteus	SRR10318406	NA
Staphylococcus_argenteus	SRR10318407	NA
Staphylococcus_argenteus	SRR10318408	NA
Staphylococcus_argenteus	SRR10318409	NA
Staphylococcus_argenteus	SRR10318410	NA
Staphylococcus_argenteus	SRR10318411	NA
Staphylococcus_argenteus	SRR10318412	NA
Staphylococcus_argenteus	SRR10318413	NA
Staphylococcus_argenteus	SRR10318414	NA
Staphylococcus_argenteus	SRR10318415	NA
Staphylococcus_argenteus	SRR10318416	NA
Staphylococcus_argenteus	SRR10318417	NA
Staphylococcus_argenteus	SRR10318418	NA
Staphylococcus_argenteus	SRR10318419	NA
Staphylococcus_argenteus	SRR10318420	NA
Staphylococcus_argenteus	SRR10318421	NA
Staphylococcus_argenteus	SRR10318422	NA
Staphylococcus_argenteus	SRR10318423	NA
Staphylococcus_argenteus	SRR10318424	NA
Staphylococcus_argenteus	SRR10318425	NA
Staphylococcus_argenteus	SRR10318426	NA
Staphylococcus_argenteus	SRR10318427	NA
Staphylococcus_argenteus	SRR10318428	NA
Staphylococcus_argenteus	SRR10318429	NA
Staphylococcus_argenteus	SRR10318430	NA
Staphylococcus_argenteus	SRR10318431	NA
Staphylococcus_argenteus	SRR10318432	NA
Staphylococcus_argenteus	SRR10318433	NA
Staphylococcus_argenteus	SRR10318434	NA
Staphylococcus_argenteus	SRR10318435	NA
Staphylococcus_argenteus	SRR10318436	NA
Staphylococcus_argenteus	SRR10318437	NA
Staphylococcus_argenteus	SRR10318438	NA
Staphylococcus_argenteus	SRR10318439	NA
Staphylococcus_argenteus	SRR10318440	NA
Staphylococcus_argenteus	SRR10318441	NA
Staphylococcus_argenteus	SRR10318442	NA
Staphylococcus_argenteus	SRR10318443	NA
Staphylococcus_argenteus	SRR10318444	NA
Staphylococcus_argenteus	SRR10318445	NA
Staphylococcus_argenteus	SRR10318446	NA
Staphylococcus_argenteus	SRR10318447	NA
Staphylococcus_argenteus	SRR10318448	NA
Staphylococcus_argenteus	SRR10318449	NA
Staphylococcus_argenteus	SRR10318450	NA
Staphylococcus_argenteus	SRR10318451	NA
Staphylococcus_argenteus	SRR10318452	NA
Staphylococcus_argenteus	SRR10318453	NA
Staphylococcus_argenteus	SRR10318454	NA
Staphylococcus_argenteus	SRR10318455	NA
Staphylococcus_argenteus	SRR10318456	NA
Staphylococcus_argenteus	SRR10318457	NA
Staphylococcus_argenteus	SRR10318458	NA
Staphylococcus_argenteus	SRR10318459	NA
Staphylococcus_argenteus	SRR10318460	NA
Staphylococcus_argenteus	SRR10318461	NA
Staphylococcus_argenteus	SRR10318462	NA
Staphylococcus_argenteus	SRR10318463	NA
Staphylococcus_argenteus	SRR10318464	NA
Staphylococcus_argenteus	SRR10318465	NA
Staphylococcus_argenteus	SRR10318466	NA
Staphylococcus_argenteus	SRR10318467	NA
Staphylococcus_argenteus	SRR10318468	NA
Staphylococcus_argenteus	SRR10318469	NA
Staphylococcus_argenteus	SRR10318470	NA
Staphylococcus_argenteus	SRR10318471	NA
Staphylococcus_argenteus	SRR10318472	NA
Staphylococcus_argenteus	SRR10318473	NA
Staphylococcus_argenteus	SRR10318474	NA
Staphylococcus_argenteus	SRR10318475	NA
Staphylococcus_argenteus	SRR10318476	NA
Staphylococcus_argenteus	SRR10318495	NA
Staphylococcus_argenteus	SRR10318496	NA
Staphylococcus_argenteus	SRR10318497	NA
Staphylococcus_argenteus	SRR10318498	NA
Staphylococcus_argenteus	SRR10318499	NA
Staphylococcus_argenteus	SRR10318500	NA
Staphylococcus_argenteus	SRR10318501	NA
Staphylococcus_argenteus	SRR10318502	NA
Staphylococcus_argenteus	SRR10318503	NA
Staphylococcus_argenteus	SRR10318504	NA
Staphylococcus_argenteus	SRR10318505	NA
Staphylococcus_argenteus	SRR10318506	NA
Staphylococcus_argenteus	SRR10318507	NA
Staphylococcus_argenteus	SRR10318508	NA
Staphylococcus_argenteus	SRR10318509	NA
Staphylococcus_argenteus	SRR10318510	NA
Staphylococcus_argenteus	SRR10318511	NA
Staphylococcus_argenteus	SRR10318512	NA
Staphylococcus_argenteus	SRR10318513	NA
Staphylococcus_argenteus	SRR10318514	NA
Staphylococcus_argenteus	SRR10318515	NA
Staphylococcus_argenteus	SRR10318516	NA
Staphylococcus_argenteus	SRR10318517	NA
Staphylococcus_argenteus	SRR10318518	NA
Staphylococcus_argenteus	SRR10318519	NA
Staphylococcus_argenteus	SRR10318520	NA
Staphylococcus_argenteus	SRR10318521	NA
Staphylococcus_argenteus	SRR10318522	NA
Staphylococcus_argenteus	SRR10318523	NA
Staphylococcus_argenteus	SRR10318524	NA
Staphylococcus_argenteus	SRR10318525	NA
Staphylococcus_argenteus	SRR10318526	NA
Staphylococcus_argenteus	SRR10318527	NA
Staphylococcus_argenteus	SRR10318528	NA
Staphylococcus_argenteus	SRR10318529	NA
Staphylococcus_argenteus	SRR10318530	NA
Staphylococcus_argenteus	SRR10318531	NA
Staphylococcus_argenteus	SRR10318532	NA
Staphylococcus_argenteus	SRR10318533	NA
Staphylococcus_argenteus	SRR10318534	NA
Staphylococcus_argenteus	SRR10318535	NA
Staphylococcus_argenteus	SRR10318536	NA
Staphylococcus_argenteus	SRR10318537	NA
Staphylococcus_argenteus	SRR10318538	NA
Staphylococcus_argenteus	SRR10318539	NA
Staphylococcus_argenteus	SRR10318540	NA
Staphylococcus_argenteus	SRR10318541	NA
Staphylococcus_argenteus	SRR10318542	NA
Staphylococcus_argenteus	SRR10318543	NA
Staphylococcus_argenteus	SRR10318544	NA
Staphylococcus_argenteus	SRR10318545	NA
Staphylococcus_argenteus	SRR10318546	NA
Staphylococcus_argenteus	SRR10318547	NA
Staphylococcus_argenteus	SRR10318548	NA
Staphylococcus_argenteus	SRR10318549	NA
Staphylococcus_argenteus	SRR10318568	NA
Staphylococcus_argenteus	SRR10318569	NA
Staphylococcus_argenteus	SRR10318570	NA
Staphylococcus_argenteus	SRR10318571	NA
Staphylococcus_argenteus	SRR10318572	NA
Staphylococcus_argenteus	SRR10318573	NA
Staphylococcus_argenteus	SRR10318574	NA
Staphylococcus_argenteus	SRR10318575	NA
Staphylococcus_argenteus	SRR10318576	NA
Staphylococcus_argenteus	SRR10318577	NA
Staphylococcus_argenteus	SRR10318578	NA
Staphylococcus_argenteus	SRR10318579	NA
Staphylococcus_argenteus	SRR10318580	NA
Staphylococcus_argenteus	SRR10318581	NA
Staphylococcus_argenteus	SRR10875803	1.2882433644676075
Staphylococcus_argenteus	SRR10875804	1.3131501335763234
Staphylococcus_argenteus	SRR10875805	1.321798712280005
Staphylococcus_argenteus	SRR10875806	1.3274339751425022
Staphylococcus_argenteus	SRR10875807	1.3131501335763234
Staphylococcus_argenteus	SRR10875808	1.3045425033315778
Staphylococcus_argenteus	SRR10875809	1.3041708781634826
Staphylococcus_argenteus	SRR10875810	1.3045425033315778
Staphylococcus_argenteus	SRR10875812	1.3183154886473012
Staphylococcus_argenteus	SRR10875813	1.3118964527875616
Staphylococcus_argenteus	SRR10875814	1.3220060933753541
Staphylococcus_argenteus	SRR10875815	1.3256464886490253
Staphylococcus_argenteus	SRR10875816	2.6366279425523285
Staphylococcus_argenteus	SRR10875817	1.2826454793017845
Staphylococcus_argenteus	SRR10875818	1.3099462731867664
Staphylococcus_argenteus	SRR10875819	1.3200824134173645
Staphylococcus_argenteus	SRR10875820	2.65577207201872
Staphylococcus_argenteus	SRR10875821	1.3284070765001421
Staphylococcus_argenteus	SRR10875822	1.316342388280703
Staphylococcus_argenteus	SRR10875823	1.3238501380291254
Staphylococcus_argenteus	SRR10875824	1.2857278820269409
Staphylococcus_argenteus	SRR10875825	1.32788603600936
Staphylococcus_argenteus	SRR10875826	1.3307758213748055
Staphylococcus_argenteus	SRR10875827	2.627860219908091
Staphylococcus_argenteus	SRR10875829	1.3308497310876877
Staphylococcus_argenteus	SRR10875830	1.336318015657321
Staphylococcus_argenteus	SRR10875831	1.3298509126251958
Staphylococcus_argenteus	SRR10875832	1.3160122260372673
Staphylococcus_argenteus	SRR10875834	1.3259085555509957
Staphylococcus_argenteus	SRR10875835	1.3199680560689169
Staphylococcus_argenteus	SRR10875836	1.3212481279970223
Staphylococcus_argenteus	SRR10875837	1.316342388280703
Staphylococcus_argenteus	SRR10875838	1.2725223989275738
Staphylococcus_argenteus	SRR10875839	1.3273671044979394
Staphylococcus_argenteus	SRR10875840	1.3267406454623065
Staphylococcus_argenteus	SRR10875841	1.3248031109985206
Staphylococcus_argenteus	SRR10875842	1.3266006038672002
Staphylococcus_argenteus	SRR10875843	1.2063622481392364
Staphylococcus_argenteus	SRR10875844	1.2662671068962372
Staphylococcus_argenteus	SRR10875845	1.2640509762738386
Staphylococcus_argenteus	SRR10875846	1.2604869465499007
Staphylococcus_argenteus	SRR10875847	1.1969670987350434
Staphylococcus_argenteus	SRR10875848	1.2571656890429694
Staphylococcus_argenteus	SRR10875849	1.2483503616987424
Staphylococcus_argenteus	SRR10875850	1.2877682815575862
Staphylococcus_argenteus	SRR10875851	1.28804384092142
Staphylococcus_argenteus	SRR10875852	1.29222875324749
Staphylococcus_argenteus	SRR10875853	1.30825437319375
Staphylococcus_argenteus	SRR10875854	1.2759952845004103
Staphylococcus_argenteus	SRR10875855	1.2518352308855787
Staphylococcus_argenteus	SRR10875856	2.482234175222459
Staphylococcus_argenteus	SRR10875857	1.258337023175053
Staphylococcus_argenteus	SRR10875858	1.2227783442448608
Staphylococcus_argenteus	SRR10875859	1.204987904919043
Staphylococcus_argenteus	SRR10875860	1.2064748151354214
Staphylococcus_argenteus	SRR10875861	1.2573544954049152
Staphylococcus_argenteus	SRR10875862	1.254466217950269
Staphylococcus_argenteus	SRR10875863	1.2707186765588716
Staphylococcus_argenteus	SRR10875864	1.281180449304323
Staphylococcus_argenteus	SRR10875865	1.2835261256891743
Staphylococcus_argenteus	SRR10875866	1.2940783581230297
Staphylococcus_argenteus	SRR10875867	1.2638660104849928
Staphylococcus_argenteus	SRR10875868	2.5861818388680713
Staphylococcus_argenteus	SRR10875869	1.2483245606222864
Staphylococcus_argenteus	SRR10875870	1.2864966457609845
Staphylococcus_argenteus	SRR10875871	2.444534127909257
Staphylococcus_argenteus	SRR10875872	1.2296931027169007
Staphylococcus_argenteus	SRR10875873	1.3074076988447034
Staphylococcus_argenteus	SRR10875874	2.463876698251394
Staphylococcus_argenteus	SRR10875875	2.5788443819527695
Staphylococcus_argenteus	SRR10875876	1.2830404425737167
Staphylococcus_argenteus	SRR10875877	1.299949488077003
Staphylococcus_argenteus	SRR10875878	1.2929530532335602
Staphylococcus_argenteus	SRR10875879	1.303527974255504
Staphylococcus_argenteus	SRR10875880	1.317797596015097
Staphylococcus_argenteus	SRR10875881	1.2415153575984894
Staphylococcus_argenteus	SRR10875882	1.307155319087134
Staphylococcus_argenteus	SRR10875883	1.296477417292304
Staphylococcus_argenteus	SRR10875884	1.3118968540320162
Staphylococcus_argenteus	SRR10875885	1.2882509693689796
Staphylococcus_argenteus	SRR10875886	1.2857100602272609
Staphylococcus_argenteus	SRR10875887	1.2937764583536733
Staphylococcus_argenteus	SRR10875888	1.3290237230739097
Staphylococcus_argenteus	SRR10875889	1.2305141341823898
Staphylococcus_argenteus	SRR10875890	1.2919491547029816
Staphylococcus_argenteus	SRR10875891	1.2662671068962372
Staphylococcus_argenteus	SRR10875892	1.2857662972196502
Staphylococcus_argenteus	SRR10875893	1.2902080101344982
Staphylococcus_argenteus	SRR10875894	1.1434368764238114
Staphylococcus_argenteus	SRR10875895	1.252805823307487
Staphylococcus_argenteus	SRR10875896	1.313028662557598
Staphylococcus_argenteus	SRR10875897	1.25885375150116
Staphylococcus_argenteus	SRR10875898	1.2315484571030648
Staphylococcus_argenteus	SRR10875899	1.2954491670711659
Staphylococcus_argenteus	SRR10875900	5.1950723558229654
Staphylococcus_argenteus	SRR10875901	1.3286860621482448
Staphylococcus_argenteus	SRR10875902	1.3274266445714387
Staphylococcus_argenteus	SRR12430469	1.3583740921230527
Staphylococcus_argenteus	SRR12430470	1.3591647978736123
Staphylococcus_argenteus	SRR12430471	1.3599875461622084
Staphylococcus_argenteus	SRR12430472	1.3575309203869175
Staphylococcus_argenteus	SRR12430473	1.3576823165353116
Staphylococcus_argenteus	SRR12430474	1.359557935336347
Staphylococcus_argenteus	SRR12430475	1.3565777300701471
Staphylococcus_argenteus	SRR12430476	1.359861209009657
Staphylococcus_argenteus	SRR12765534	NA
Staphylococcus_argenteus	SRR12765535	NA
Staphylococcus_argenteus	SRR12765536	NA
Staphylococcus_argenteus	SRR12765537	NA
Staphylococcus_argenteus	SRR12765538	NA
Staphylococcus_argenteus	SRR12765539	NA
Staphylococcus_argenteus	SRR12765540	NA
Staphylococcus_argenteus	SRR12765541	NA
Staphylococcus_argenteus	SRR12765542	NA
Staphylococcus_argenteus	SRR12765543	NA
Staphylococcus_argenteus	SRR12765544	NA
Staphylococcus_argenteus	SRR12765545	NA
Staphylococcus_argenteus	SRR12765546	NA
Staphylococcus_argenteus	SRR12765547	NA
Staphylococcus_argenteus	SRR12765548	NA
Staphylococcus_argenteus	SRR12765549	NA
Staphylococcus_argenteus	SRR12765550	NA
Staphylococcus_argenteus	SRR12765551	NA
Staphylococcus_argenteus	SRR12765552	NA
Staphylococcus_argenteus	SRR12765553	NA
Staphylococcus_argenteus	SRR12765554	NA
Staphylococcus_argenteus	SRR12765555	NA
Staphylococcus_argenteus	SRR12765556	NA
Staphylococcus_argenteus	SRR12765557	NA
Staphylococcus_argenteus	SRR12765558	NA
Staphylococcus_argenteus	SRR12765559	NA
Staphylococcus_argenteus	SRR12765560	NA
Staphylococcus_argenteus	SRR12765561	NA
Staphylococcus_argenteus	SRR12765562	NA
Staphylococcus_argenteus	SRR12765563	NA
Staphylococcus_argenteus	SRR12765564	NA
Staphylococcus_argenteus	SRR12765565	NA
Staphylococcus_argenteus	SRR12765566	NA
Staphylococcus_argenteus	SRR12765567	NA
Staphylococcus_argenteus	SRR12765568	NA
Staphylococcus_argenteus	SRR12765569	NA
Staphylococcus_argenteus	SRR12765570	NA
Staphylococcus_argenteus	SRR12765571	NA
Staphylococcus_argenteus	SRR12765572	NA
Staphylococcus_argenteus	SRR12765573	NA
Staphylococcus_argenteus	SRR12765574	NA
Staphylococcus_argenteus	SRR12765575	NA
Staphylococcus_argenteus	SRR12765576	NA
Staphylococcus_argenteus	SRR12765577	NA
Staphylococcus_argenteus	SRR12765578	NA
Staphylococcus_argenteus	SRR12765579	NA
Staphylococcus_argenteus	SRR12765580	NA
Staphylococcus_argenteus	SRR12765581	NA
Staphylococcus_argenteus	SRR12765582	NA
Staphylococcus_argenteus	SRR12765583	NA
Staphylococcus_argenteus	SRR12765584	NA
Staphylococcus_argenteus	SRR12765585	NA
Staphylococcus_argenteus	SRR12765586	NA
Staphylococcus_argenteus	SRR12765587	NA
Staphylococcus_argenteus	SRR12765588	NA
Staphylococcus_argenteus	SRR12765589	NA
Staphylococcus_argenteus	SRR12765590	NA
Staphylococcus_argenteus	SRR12765591	NA
Staphylococcus_argenteus	SRR12765592	NA
Staphylococcus_argenteus	SRR12765593	NA
Staphylococcus_argenteus	SRR12765594	NA
Staphylococcus_argenteus	SRR12765595	NA
Staphylococcus_argenteus	SRR12765596	NA
Staphylococcus_argenteus	SRR12765597	NA
Staphylococcus_argenteus	SRR12765598	NA
Staphylococcus_argenteus	SRR12765599	NA
Staphylococcus_argenteus	SRR12765600	NA
Staphylococcus_argenteus	SRR12765601	NA
Staphylococcus_argenteus	SRR12765602	NA
Staphylococcus_argenteus	SRR12765603	NA
Staphylococcus_argenteus	SRR12765604	NA
Staphylococcus_argenteus	SRR12765605	NA
Staphylococcus_argenteus	SRR12765606	NA
Staphylococcus_argenteus	SRR12765607	NA
Staphylococcus_argenteus	SRR12765608	NA
Staphylococcus_argenteus	SRR12765609	NA
Staphylococcus_argenteus	SRR12765610	NA
Staphylococcus_argenteus	SRR12765611	NA
Staphylococcus_argenteus	SRR12765612	NA
Staphylococcus_argenteus	SRR12765613	NA
Staphylococcus_argenteus	SRR12765614	NA
Staphylococcus_argenteus	SRR12765615	NA
Staphylococcus_argenteus	SRR12765616	NA
Staphylococcus_argenteus	SRR12765617	NA
Staphylococcus_argenteus	SRR12765618	NA
Staphylococcus_argenteus	SRR12765619	NA
Staphylococcus_argenteus	SRR12765620	NA
Staphylococcus_argenteus	SRR12765621	NA
Staphylococcus_argenteus	SRR12765622	NA
Staphylococcus_argenteus	SRR12765623	NA
Staphylococcus_argenteus	SRR12765624	NA
Staphylococcus_argenteus	SRR12765625	NA
Staphylococcus_argenteus	SRR12765626	NA
Staphylococcus_argenteus	SRR12765627	NA
Staphylococcus_argenteus	SRR12765628	NA
Staphylococcus_argenteus	SRR12765629	NA
Staphylococcus_argenteus	SRR12765630	NA
Staphylococcus_argenteus	SRR12765631	NA
Staphylococcus_argenteus	SRR12765632	NA
Staphylococcus_argenteus	SRR12765633	NA
Staphylococcus_argenteus	SRR12765634	NA
Staphylococcus_argenteus	SRR12765635	NA
Staphylococcus_argenteus	SRR12765636	NA
Staphylococcus_argenteus	SRR12765637	NA
Staphylococcus_argenteus	SRR12765638	NA
Staphylococcus_argenteus	SRR12765639	NA
Staphylococcus_argenteus	SRR12765640	NA
Staphylococcus_argenteus	SRR12765641	NA
Staphylococcus_argenteus	SRR12765642	NA
Staphylococcus_argenteus	SRR12765643	NA
Staphylococcus_argenteus	SRR12765644	NA
Staphylococcus_argenteus	SRR12765645	NA
Staphylococcus_argenteus	SRR12765646	NA
Staphylococcus_argenteus	SRR12765647	NA
Staphylococcus_argenteus	SRR12765648	NA
Staphylococcus_argenteus	SRR12765649	NA
Staphylococcus_argenteus	SRR12765650	NA
Staphylococcus_argenteus	SRR12765651	NA
Staphylococcus_argenteus	SRR12765652	NA
Staphylococcus_argenteus	SRR12774664	1.3076809549705097
Staphylococcus_argenteus	SRR12774665	1.2903501975558263
Staphylococcus_argenteus	SRR12774666	1.295795610129531
Staphylococcus_argenteus	SRR12774667	1.2424569218825623
Staphylococcus_argenteus	SRR12774668	1.3133120059356136
Staphylococcus_argenteus	SRR12774669	6.0871958324605595
Staphylococcus_argenteus	SRR12774670	1.2733911137367675
Staphylococcus_argenteus	SRR12774671	1.2729886511515884
Staphylococcus_argenteus	SRR12774672	1.2985091154575101
Staphylococcus_argenteus	SRR12774673	1.3026942901706189
Staphylococcus_argenteus	SRR12774674	1.2742627204554735
Staphylococcus_argenteus	SRR12774675	1.3067748292569752
Staphylococcus_argenteus	SRR12774676	1.283759552466454
Staphylococcus_argenteus	SRR12774677	1.2778654323238352
Staphylococcus_argenteus	SRR12774678	1.3041708781634826
Staphylococcus_argenteus	SRR12774679	1.2661741566688087
Staphylococcus_argenteus	SRR12774680	1.3113717071839983
Staphylococcus_argenteus	SRR12774681	1.2328493794715614
Staphylococcus_argenteus	SRR12774682	1.2746296491723794
Staphylococcus_argenteus	SRR12774683	1.2629305368601476
Staphylococcus_argenteus	SRR12774684	1.2633386692720388
Staphylococcus_argenteus	SRR12774685	1.2791567896794707
Staphylococcus_argenteus	SRR12774686	1.2435465015194762
Staphylococcus_argenteus	SRR12774687	1.208995698799896
Staphylococcus_argenteus	SRR1609360	1.3595851426742833
Staphylococcus_argenteus	SRR1609361	1.3642765747608594
Staphylococcus_argenteus	SRR1609362	1.3601862908424658
Staphylococcus_argenteus	SRR1609363	1.3648618084282327
Staphylococcus_argenteus	SRR1609364	1.367723364166903
Staphylococcus_argenteus	SRR1609365	1.3559699697980863
Staphylococcus_argenteus	SRR1609366	1.3678519102083702
Staphylococcus_argenteus	SRR1609367	1.3678519102083702
Staphylococcus_argenteus	SRR1609368	1.3647292755975204
Staphylococcus_argenteus	SRR1609369	1.3636661710431994
Staphylococcus_argenteus	SRR1609370	1.3658304473165754
Staphylococcus_argenteus	SRR1609371	1.3308497310876877
Staphylococcus_argenteus	SRR1609372	1.3652789884192185
Staphylococcus_argenteus	SRR1609373	1.3645592654045955
Staphylococcus_argenteus	SRR1609374	1.3595851426742833
Staphylococcus_argenteus	SRR1609375	1.3657127099457684
Staphylococcus_argenteus	SRR1609376	1.3665467722368712
Staphylococcus_argenteus	SRR1609377	1.3645592654045955
Staphylococcus_argenteus	SRR1609378	1.3571865780557517
Staphylococcus_argenteus	SRR1609379	1.3647292755975204
Staphylococcus_argenteus	SRR1609380	1.3647292755975204
Staphylococcus_argenteus	SRR1609381	1.3650389842268886
Staphylococcus_argenteus	SRR1609382	1.3617719570408353
Staphylococcus_argenteus	SRR1609383	1.357338444084492
Staphylococcus_argenteus	SRR1609384	1.3650389842268886
Staphylococcus_argenteus	SRR1609385	1.3632936897014178
Staphylococcus_argenteus	SRR1609386	1.364418799805003
Staphylococcus_argenteus	SRR1609387	1.3632493219027384
Staphylococcus_argenteus	SRR1609388	1.3644863922256507
Staphylococcus_argenteus	SRR1609389	1.3619655654592606
Staphylococcus_argenteus	SRR1609390	1.3566148907720872
Staphylococcus_argenteus	SRR1609391	1.3337023738185396
Staphylococcus_argenteus	SRR1609392	1.365648707045223
Staphylococcus_argenteus	SRR1609393	1.347463603109902
Staphylococcus_argenteus	SRR1609394	1.3683107682878979
Staphylococcus_argenteus	SRR1609395	1.366777814654196
Staphylococcus_argenteus	SRR1609396	1.363963302220239
Staphylococcus_argenteus	SRR1609397	1.366777814654196
Staphylococcus_argenteus	SRR1609398	1.364275399950775
Staphylococcus_argenteus	SRR1609399	1.3652789884192185
Staphylococcus_argenteus	SRR1609400	1.3644863922256507
Staphylococcus_argenteus	SRR1609401	1.365648707045223
Staphylococcus_argenteus	SRR1609402	1.355001032468201
Staphylococcus_argenteus	SRR1609403	1.36415487469014
Staphylococcus_argenteus	SRR1609404	1.3538840207981289
Staphylococcus_argenteus	SRR1609405	1.3604438151934661
Staphylococcus_argenteus	SRR1609406	1.3595851426742833
Staphylococcus_argenteus	SRR1609407	1.357545797336928
Staphylococcus_argenteus	SRR1609408	4.055536237472244
Staphylococcus_argenteus	SRR1609409	1.3600985209022736
Staphylococcus_argenteus	SRR1609410	1.339036753943891
Staphylococcus_argenteus	SRR1609411	1.3650389842268886
Staphylococcus_argenteus	SRR1609412	1.364275399950775
Staphylococcus_argenteus	SRR1609413	1.3618823313624977
Staphylococcus_argenteus	SRR1609414	1.364275399950775
Staphylococcus_argenteus	SRR1609415	1.3645592654045955
Staphylococcus_argenteus	SRR1609416	1.3626190286749618
Staphylococcus_argenteus	SRR1609417	1.3644863922256507
Staphylococcus_argenteus	SRR1609418	1.3642765747608594
Staphylococcus_argenteus	SRR1609419	1.3652302799676275
Staphylococcus_argenteus	SRR1609420	1.3625634054000042
Staphylococcus_argenteus	SRR1609421	1.364275399950775
Staphylococcus_argenteus	SRR1609422	1.3642765747608594
Staphylococcus_argenteus	SRR1609423	1.357338444084492
Staphylococcus_argenteus	SRR1609424	1.350312888834268
Staphylococcus_argenteus	SRR1609425	1.3645592654045955
Staphylococcus_argenteus	SRR1609426	1.363963302220239
Staphylococcus_argenteus	SRR1609427	1.3628742248234382
Staphylococcus_argenteus	SRR1609428	1.3648618084282327
Staphylococcus_argenteus	SRR1609429	1.3652789884192185
Staphylococcus_argenteus	SRR1609430	1.3642765747608594
Staphylococcus_argenteus	SRR1609431	1.365648707045223
Staphylococcus_argenteus	SRR1609432	1.3648618084282327
Staphylococcus_argenteus	SRR1609433	1.364418799805003
Staphylococcus_argenteus	SRR1609434	1.351748025615633
Staphylococcus_argenteus	SRR1609435	1.3678386989055058
Staphylococcus_argenteus	SRR1609436	1.3632493219027384
Staphylococcus_argenteus	SRR1609437	1.3650389842268886
Staphylococcus_argenteus	SRR1609438	1.3647292755975204
Staphylococcus_argenteus	SRR1609439	1.3695729822351737
Staphylococcus_argenteus	SRR1609440	1.36415487469014
Staphylococcus_argenteus	SRR1609441	1.3603247318359362
Staphylococcus_argenteus	SRR1609442	1.3630300139455425
Staphylococcus_argenteus	SRR1609443	1.3639943687800475
Staphylococcus_argenteus	SRR1609444	1.3644863922256507
Staphylococcus_argenteus	SRR1609445	2.731660894633151
Staphylococcus_argenteus	SRR1609446	1.3644863922256507
Staphylococcus_argenteus	SRR1609447	1.3695495824775967
Staphylococcus_argenteus	SRR1609448	1.3644863922256507
Staphylococcus_argenteus	SRR1609449	1.3652592688971437
Staphylococcus_argenteus	SRR1609450	1.3652789884192185
Staphylococcus_argenteus	SRR1609451	1.364275399950775
Staphylococcus_argenteus	SRR1609452	1.3695495824775967
Staphylococcus_argenteus	SRR1609453	1.3587925115012331
Staphylococcus_argenteus	SRR1609454	1.3645592654045955
Staphylococcus_argenteus	SRR1609455	1.369387944920576
Staphylococcus_argenteus	SRR1609456	1.3652302799676275
Staphylococcus_argenteus	SRR1609457	1.36415487469014
Staphylococcus_argenteus	SRR1609458	1.3696731095665362
Staphylococcus_argenteus	SRR1609459	1.363963302220239
Staphylococcus_argenteus	SRR1609460	1.3652789884192185
Staphylococcus_argenteus	SRR1609461	1.3645592654045955
Staphylococcus_argenteus	SRR1609462	1.364275399950775
Staphylococcus_argenteus	SRR1609463	1.3665467722368712
Staphylococcus_argenteus	SRR1609464	1.3644863922256507
Staphylococcus_argenteus	SRR1609465	1.3657127099457684
Staphylococcus_argenteus	SRR1609466	1.3331702213185004
Staphylococcus_argenteus	SRR1609467	1.3665467722368712
Staphylococcus_argenteus	SRR1609468	1.366777814654196
Staphylococcus_argenteus	SRR1609469	1.3652592688971437
Staphylococcus_argenteus	SRR1609470	1.355177982980013
Staphylococcus_argenteus	SRR1609471	1.3639943687800475
Staphylococcus_argenteus	SRR1609472	1.3556784343652573
Staphylococcus_argenteus	SRR1609473	1.357545797336928
Staphylococcus_argenteus	SRR1609474	1.3642765747608594
Staphylococcus_argenteus	SRR1609475	1.3556918670257883
Staphylococcus_argenteus	SRR1609476	1.361986070642
Staphylococcus_argenteus	SRR1609477	1.3614391621519784
Staphylococcus_argenteus	SRR1609478	1.3625634054000042
Staphylococcus_argenteus	SRR1609479	1.3656513527865064
Staphylococcus_argenteus	SRR1609480	1.365648707045223
Staphylococcus_argenteus	SRR1609481	1.3642765747608594
Staphylococcus_argenteus	SRR1609482	1.3628742248234382
Staphylococcus_argenteus	SRR1609483	1.3630300139455425
Staphylococcus_argenteus	SRR1609484	1.3626190286749618
Staphylococcus_argenteus	SRR1609485	1.3632074161673557
Staphylococcus_argenteus	SRR1609486	1.3652789884192185
Staphylococcus_argenteus	SRR1609487	1.3656513527865064
Staphylococcus_argenteus	SRR1609488	1.3658304473165754
Staphylococcus_argenteus	SRR1609489	1.3636661710431994
Staphylococcus_argenteus	SRR1609490	1.3670406656948546
Staphylococcus_argenteus	SRR1609491	1.3652592688971437
Staphylococcus_argenteus	SRR1609492	1.3626580852625958
Staphylococcus_argenteus	SRR1609493	1.3647292755975204
Staphylococcus_argenteus	SRR1609494	1.365648707045223
Staphylococcus_argenteus	SRR1609495	1.3638247610160497
Staphylococcus_argenteus	SRR1609496	1.3652592688971437
Staphylococcus_argenteus	SRR1609497	1.3628742248234382
Staphylococcus_argenteus	SRR1609498	1.3652592688971437
Staphylococcus_argenteus	SRR1609499	1.36415487469014
Staphylococcus_argenteus	SRR1609500	1.363367053906934
Staphylococcus_argenteus	SRR1609501	1.364418799805003
Staphylococcus_argenteus	SRR1609502	1.3617719570408353
Staphylococcus_argenteus	SRR1609503	1.350364271491463
Staphylococcus_argenteus	SRR1609504	1.3644863922256507
Staphylococcus_argenteus	SRR1609505	1.3626580852625958
Staphylococcus_argenteus	SRR1609506	1.366777814654196
Staphylococcus_argenteus	SRR1609507	1.3658304473165754
Staphylococcus_argenteus	SRR1609508	1.3658304473165754
Staphylococcus_argenteus	SRR1609509	1.3648618084282327
Staphylococcus_argenteus	SRR1609510	1.3652592688971437
Staphylococcus_argenteus	SRR1609511	1.3632936897014178
Staphylococcus_argenteus	SRR1609512	1.3647292755975204
Staphylococcus_argenteus	SRR1609513	1.3642765747608594
Staphylococcus_argenteus	SRR1609514	1.359432188335606
Staphylococcus_argenteus	SRR1609515	1.3632074161673557
Staphylococcus_argenteus	SRR1609516	1.3650389842268886
Staphylococcus_argenteus	SRR1609517	1.3645592654045955
Staphylococcus_argenteus	SRR1609518	1.3650389842268886
Staphylococcus_argenteus	SRR1609519	1.3630300139455425
Staphylococcus_argenteus	SRR1609520	1.3489953044767595
Staphylococcus_argenteus	SRR1609521	1.3652302799676275
Staphylococcus_argenteus	SRR1609522	1.36415487469014
Staphylococcus_argenteus	SRR1609523	1.3652302799676275
Staphylococcus_argenteus	SRR1609524	1.365648707045223
Staphylococcus_argenteus	SRR1609525	1.3647292755975204
Staphylococcus_argenteus	SRR1609526	1.36259882499864
Staphylococcus_argenteus	SRR1609527	1.3652592688971437
Staphylococcus_argenteus	SRR1609528	1.350385719456188
Staphylococcus_argenteus	SRR1609529	1.3415852748948751
Staphylococcus_argenteus	SRR1609530	1.3648618084282327
Staphylococcus_argenteus	SRR1609531	1.363963302220239
Staphylococcus_argenteus	SRR1609532	1.366777814654196
Staphylococcus_argenteus	SRR1609533	1.3644863922256507
Staphylococcus_argenteus	SRR1609534	1.3626190286749618
Staphylococcus_argenteus	SRR1609535	1.3678519102083702
Staphylococcus_argenteus	SRR1609536	1.3372878784409956
Staphylococcus_argenteus	SRR1609537	1.3632493219027384
Staphylococcus_argenteus	SRR1609538	1.365648707045223
Staphylococcus_argenteus	SRR1609539	1.296477417292304
Staphylococcus_argenteus	SRR1609540	1.3632074161673557
Staphylococcus_argenteus	SRR1609541	1.3274232088713633
Staphylococcus_argenteus	SRR1609542	1.3648618084282327
Staphylococcus_argenteus	SRR1609543	1.36259882499864
Staphylococcus_argenteus	SRR1609544	1.3630300139455425
Staphylococcus_argenteus	SRR1609545	1.331797528030689
Staphylococcus_argenteus	SRR1609546	1.3632074161673557
Staphylococcus_argenteus	SRR1609547	1.3632936897014178
Staphylococcus_argenteus	SRR1609548	1.366777814654196
Staphylococcus_argenteus	SRR1609549	1.36415487469014
Staphylococcus_argenteus	SRR1609550	1.3639943687800475
Staphylococcus_argenteus	SRR1609551	1.3678386989055058
Staphylococcus_argenteus	SRR1609552	1.3647292755975204
Staphylococcus_argenteus	SRR1609553	1.3652592688971437
Staphylococcus_argenteus	SRR1609554	1.3645592654045955
Staphylococcus_argenteus	SRR1609555	1.3652789884192185
Staphylococcus_argenteus	SRR1609556	1.3657127099457684
Staphylococcus_argenteus	SRR1609557	1.3652789884192185
Staphylococcus_argenteus	SRR1609558	1.3652302799676275
Staphylococcus_argenteus	SRR1609559	1.3685577832033065
Staphylococcus_argenteus	SRR1609560	1.3652592688971437
Staphylococcus_argenteus	SRR1609561	1.364275399950775
Staphylococcus_argenteus	SRR1609562	1.3632936897014178
Staphylococcus_argenteus	SRR1609563	1.3645592654045955
Staphylococcus_argenteus	SRR1609564	1.3632074161673557
Staphylococcus_argenteus	SRR1609565	1.3656513527865064
Staphylococcus_argenteus	SRR1609566	1.361986070642
Staphylococcus_argenteus	SRR1609567	1.3695495824775967
Staphylococcus_argenteus	SRR1609568	1.363367053906934
Staphylococcus_argenteus	SRR1609569	1.3632074161673557
Staphylococcus_argenteus	SRR1609570	1.3614907853286795
Staphylococcus_argenteus	SRR1609571	1.3274775891413366
Staphylococcus_argenteus	SRR1609572	1.3652302799676275
Staphylococcus_argenteus	SRR1609573	1.3618019380158601
Staphylococcus_argenteus	SRR1609574	1.363367053906934
Staphylococcus_argenteus	SRR1609575	1.3604438151934661
Staphylococcus_argenteus	SRR1609576	1.36415487469014
Staphylococcus_argenteus	SRR1609577	1.3626580852625958
Staphylococcus_argenteus	SRR1609578	1.3644863922256507
Staphylococcus_argenteus	SRR1609579	1.3601862908424658
Staphylococcus_argenteus	SRR1609580	1.3632493219027384
Staphylococcus_argenteus	SRR1609581	1.3678519102083702
Staphylococcus_argenteus	SRR1609582	1.3678519102083702
Staphylococcus_argenteus	SRR1609583	1.3686075106956568
Staphylococcus_argenteus	SRR1609584	1.3658304473165754
Staphylococcus_argenteus	SRR1609585	1.36259882499864
Staphylococcus_argenteus	SRR1609586	1.3687620824139737
Staphylococcus_argenteus	SRR1609587	1.3620855384331363
Staphylococcus_argenteus	SRR1609588	1.3658304473165754
Staphylococcus_argenteus	SRR1609589	1.365648707045223
Staphylococcus_argenteus	SRR1609590	1.3645592654045955
Staphylococcus_argenteus	SRR1609591	1.355177982980013
Staphylococcus_argenteus	SRR1609592	1.3644863922256507
Staphylococcus_argenteus	SRR1609593	1.3657127099457684
Staphylococcus_argenteus	SRR1609594	1.3474441088246403
Staphylococcus_argenteus	SRR1609595	1.3658304473165754
Staphylococcus_argenteus	SRR1609596	1.364275399950775
Staphylococcus_argenteus	SRR1609597	1.3652592688971437
Staphylococcus_argenteus	SRR1609598	1.3625634054000042
Staphylococcus_argenteus	SRR1609599	1.3159952333304499
Staphylococcus_argenteus	SRR1609600	1.3619655654592606
Staphylococcus_argenteus	SRR1609601	1.3510551556071593
Staphylococcus_argenteus	SRR1609602	1.3489903187332701
Staphylococcus_argenteus	SRR1609603	1.3632936897014178
Staphylococcus_argenteus	SRR1609604	1.3613966590497895
Staphylococcus_argenteus	SRR1609605	1.3650389842268886
Staphylococcus_argenteus	SRR1609606	1.3565777300701471
Staphylococcus_argenteus	SRR1609607	1.3632493219027384
Staphylococcus_argenteus	SRR1609608	1.3658304473165754
Staphylococcus_argenteus	SRR1609609	1.3665467722368712
Staphylococcus_argenteus	SRR1609610	1.3614907853286795
Staphylococcus_argenteus	SRR1609611	1.3628742248234382
Staphylococcus_argenteus	SRR1609612	1.36415487469014
Staphylococcus_argenteus	SRR1609613	1.3644863922256507
Staphylococcus_argenteus	SRR1609614	1.367723364166903
Staphylococcus_argenteus	SRR1609615	1.3656513527865064
Staphylococcus_argenteus	SRR1609616	1.361986070642
Staphylococcus_argenteus	SRR1609617	1.3632074161673557
Staphylococcus_argenteus	SRR1609618	1.363963302220239
Staphylococcus_argenteus	SRR1609619	1.3639943687800475
Staphylococcus_argenteus	SRR1609620	1.3575007269852146
Staphylococcus_argenteus	SRR1609621	1.3692703068875742
Staphylococcus_argenteus	SRR1609622	1.3480674404067088
Staphylococcus_argenteus	SRR1609623	1.3695495824775967
Staphylococcus_argenteus	SRR1609624	1.3692703068875742
Staphylococcus_argenteus	SRR1609625	1.363367053906934
Staphylococcus_argenteus	SRR1609626	1.3566148907720872
Staphylococcus_argenteus	SRR1609627	1.3696731095665362
Staphylococcus_argenteus	SRR1609628	1.364275399950775
Staphylococcus_argenteus	SRR1609629	1.3656513527865064
Staphylococcus_argenteus	SRR1609630	1.3652789884192185
Staphylococcus_argenteus	SRR1609631	1.3652592688971437
Staphylococcus_argenteus	SRR1609632	1.3648618084282327
Staphylococcus_argenteus	SRR1609633	1.3652789884192185
Staphylococcus_argenteus	SRR1609634	1.366777814654196
Staphylococcus_argenteus	SRR1609635	1.3618019380158601
Staphylococcus_argenteus	SRR1609636	1.3522393535960768
Staphylococcus_argenteus	SRR1609637	1.364418799805003
Staphylococcus_argenteus	SRR1609638	1.3695495824775967
Staphylococcus_argenteus	SRR1609639	1.3650389842268886
Staphylococcus_argenteus	SRR1609640	1.3683007848759485
Staphylococcus_argenteus	SRR1609641	1.3691204108846116
Staphylococcus_argenteus	SRR1609642	1.3628742248234382
Staphylococcus_argenteus	SRR1609643	1.366777814654196
Staphylococcus_argenteus	SRR1609644	1.366777814654196
Staphylococcus_argenteus	SRR1609645	1.3647292755975204
Staphylococcus_argenteus	SRR1609646	1.3648618084282327
Staphylococcus_argenteus	SRR1609647	1.3648618084282327
Staphylococcus_argenteus	SRR1609648	1.3626190286749618
Staphylococcus_argenteus	SRR1609649	1.3648618084282327
Staphylococcus_argenteus	SRR1609650	1.3632493219027384
Staphylococcus_argenteus	SRR1609651	1.3648618084282327
Staphylococcus_argenteus	SRR1609652	1.3652302799676275
Staphylococcus_argenteus	SRR1609653	1.3691204108846116
Staphylococcus_argenteus	SRR1609654	1.3603247318359362
Staphylococcus_argenteus	SRR1609655	1.364275399950775
Staphylococcus_argenteus	SRR1609656	1.3614391621519784
Staphylococcus_argenteus	SRR1609657	1.3695729822351737
Staphylococcus_argenteus	SRR1609658	1.3652302799676275
Staphylococcus_argenteus	SRR1609659	1.3645592654045955
Staphylococcus_argenteus	SRR1609660	1.3610288633969243
Staphylococcus_argenteus	SRR1609661	1.3642765747608594
Staphylococcus_argenteus	SRR1609662	1.3652592688971437
Staphylococcus_argenteus	SRR1609663	1.3670406656948546
Staphylococcus_argenteus	SRR1609664	1.3632936897014178
Staphylococcus_argenteus	SRR1609665	1.365648707045223
Staphylococcus_argenteus	SRR1609666	1.3551435256159687
Staphylococcus_argenteus	SRR1609667	1.3678519102083702
Staphylococcus_argenteus	SRR1609668	1.315784239344613
Staphylococcus_argenteus	SRR1609669	1.364418799805003
Staphylococcus_argenteus	SRR1746771	NA
Staphylococcus_argenteus	SRR1746772	NA
Staphylococcus_argenteus	SRR1746773	NA
Staphylococcus_argenteus	SRR1746774	NA
Staphylococcus_argenteus	SRR1746775	NA
Staphylococcus_argenteus	SRR1746776	NA
Staphylococcus_argenteus	SRR1746777	NA
Staphylococcus_argenteus	SRR1746778	NA
Staphylococcus_argenteus	SRR1746779	NA
Staphylococcus_argenteus	SRR1746780	NA
Staphylococcus_argenteus	SRR1746781	NA
Staphylococcus_argenteus	SRR1746782	NA
Staphylococcus_argenteus	SRR1746783	NA
Staphylococcus_argenteus	SRR1746784	NA
Staphylococcus_argenteus	SRR1782685	1.3565777300701471
Staphylococcus_argenteus	SRR1782686	1.36415487469014
Staphylococcus_argenteus	SRR1782687	1.3620855384331363
Staphylococcus_argenteus	SRR1782688	1.365648707045223
Staphylococcus_argenteus	SRR1782689	1.3614907853286795
Staphylococcus_argenteus	SRR1782690	1.3658304473165754
Staphylococcus_argenteus	SRR1782691	1.3652302799676275
Staphylococcus_argenteus	SRR1782692	1.366777814654196
Staphylococcus_argenteus	SRR1782693	1.3639943687800475
Staphylococcus_argenteus	SRR1782694	1.3665467722368712
Staphylococcus_argenteus	SRR1782695	1.3650389842268886
Staphylococcus_argenteus	SRR1782696	1.3648618084282327
Staphylococcus_argenteus	SRR1782697	1.3644863922256507
Staphylococcus_argenteus	SRR1782698	1.3658304473165754
Staphylococcus_argenteus	SRR1782699	1.3658304473165754
Staphylococcus_argenteus	SRR1782700	1.3650389842268886
Staphylococcus_argenteus	SRR1782701	1.3658304473165754
Staphylococcus_argenteus	SRR1782702	1.36415487469014
Staphylococcus_argenteus	SRR1782703	1.3652789884192185
Staphylococcus_argenteus	SRR1782704	1.3647292755975204
Staphylococcus_argenteus	SRR1782705	1.3274775891413366
Staphylococcus_argenteus	SRR1782706	1.3642765747608594
Staphylococcus_argenteus	SRR1782707	1.364275399950775
Staphylococcus_argenteus	SRR1782708	1.3650389842268886
Staphylococcus_argenteus	SRR1782709	1.3652592688971437
Staphylococcus_argenteus	SRR1782710	1.364275399950775
Staphylococcus_argenteus	SRR1782711	1.3644863922256507
Staphylococcus_argenteus	SRR1782712	1.3538840207981289
Staphylococcus_argenteus	SRR1782713	1.3556918670257883
Staphylococcus_argenteus	SRR1782714	1.3556784343652573
Staphylococcus_argenteus	SRR1782715	1.3619655654592606
Staphylococcus_argenteus	SRR1782716	1.351748025615633
Staphylococcus_argenteus	SRR1782717	1.3652789884192185
Staphylococcus_argenteus	SRR1782718	1.3559699697980863
Staphylococcus_argenteus	SRR1782719	1.3632936897014178
Staphylococcus_argenteus	SRR1782720	1.3571865780557517
Staphylococcus_argenteus	SRR1782721	1.3331702213185004
Staphylococcus_argenteus	SRR1782722	1.3636661710431994
Staphylococcus_argenteus	SRR1782723	1.3644863922256507
Staphylococcus_argenteus	SRR1782724	1.3644863922256507
Staphylococcus_argenteus	SRR1782725	1.3601862908424658
Staphylococcus_argenteus	SRR1782726	1.3632493219027384
Staphylococcus_argenteus	SRR1782727	1.3626580852625958
Staphylococcus_argenteus	SRR1782728	1.3308497310876877
Staphylococcus_argenteus	SRR1782729	1.3618823313624977
Staphylococcus_argenteus	SRR1782730	1.3626190286749618
Staphylococcus_argenteus	SRR1782731	1.3665467722368712
Staphylococcus_argenteus	SRR1782732	1.350312888834268
Staphylococcus_argenteus	SRR1782733	1.3652789884192185
Staphylococcus_argenteus	SRR1782734	1.3648618084282327
Staphylococcus_argenteus	SRR1782735	1.3678386989055058
Staphylococcus_argenteus	SRR1782736	1.366777814654196
Staphylococcus_argenteus	SRR1782737	1.363367053906934
Staphylococcus_argenteus	SRR1782738	1.3595851426742833
Staphylococcus_argenteus	SRR1782739	1.357338444084492
Staphylococcus_argenteus	SRR1782740	1.367723364166903
Staphylococcus_argenteus	SRR1782741	1.357338444084492
Staphylococcus_argenteus	SRR1782742	1.3639943687800475
Staphylococcus_argenteus	SRR1782743	1.3652789884192185
Staphylococcus_argenteus	SRR1782744	1.3645592654045955
Staphylococcus_argenteus	SRR1782745	1.3657127099457684
Staphylococcus_argenteus	SRR1782746	1.3618019380158601
Staphylococcus_argenteus	SRR1782747	1.365648707045223
Staphylococcus_argenteus	SRR1782748	1.366777814654196
Staphylococcus_argenteus	SRR1782749	1.3644863922256507
Staphylococcus_argenteus	SRR1782750	1.3652789884192185
Staphylococcus_argenteus	SRR1782751	1.365648707045223
Staphylococcus_argenteus	SRR1782752	1.3665467722368712
Staphylococcus_argenteus	SRR1782753	1.36259882499864
Staphylococcus_argenteus	SRR1782754	1.364418799805003
Staphylococcus_argenteus	SRR1782755	1.3652789884192185
Staphylococcus_argenteus	SRR1782756	1.347463603109902
Staphylococcus_argenteus	SRR1782757	1.3648618084282327
Staphylococcus_argenteus	SRR1782758	1.364275399950775
Staphylococcus_argenteus	SRR1782759	1.3652302799676275
Staphylococcus_argenteus	SRR1782760	1.3617719570408353
Staphylococcus_argenteus	SRR1782761	1.283853554459195
Staphylococcus_argenteus	SRR1782762	1.3337023738185396
Staphylococcus_argenteus	SRR1782763	1.3647292755975204
Staphylococcus_argenteus	SRR1782764	1.363963302220239
Staphylococcus_argenteus	SRR1782765	1.36415487469014
Staphylococcus_argenteus	SRR1782766	1.365648707045223
Staphylococcus_argenteus	SRR1782767	1.3650389842268886
Staphylococcus_argenteus	SRR1782768	1.3657127099457684
Staphylococcus_argenteus	SRR1782769	1.367723364166903
Staphylococcus_argenteus	SRR1782770	1.364275399950775
Staphylococcus_argenteus	SRR1782771	1.364418799805003
Staphylococcus_argenteus	SRR1782772	1.3645592654045955
Staphylococcus_argenteus	SRR1782773	1.355001032468201
Staphylococcus_argenteus	SRR1782774	1.3595851426742833
Staphylococcus_argenteus	SRR1782775	1.3652302799676275
Staphylococcus_argenteus	SRR1782776	1.3413229230288701
Staphylococcus_argenteus	SRR1782777	1.3645592654045955
Staphylococcus_argenteus	SRR1782778	1.364275399950775
Staphylococcus_argenteus	SRR1782779	1.3510551556071593
Staphylococcus_argenteus	SRR1782780	1.3617719570408353
Staphylococcus_argenteus	SRR1782781	1.3603247318359362
Staphylococcus_argenteus	SRR1782782	1.36259882499864
Staphylococcus_argenteus	SRR1782783	1.296477417292304
Staphylococcus_argenteus	SRR1782784	1.3647292755975204
Staphylococcus_argenteus	SRR1782785	1.36415487469014
Staphylococcus_argenteus	SRR1782786	1.3618019380158601
Staphylococcus_argenteus	SRR1782787	1.3652592688971437
Staphylococcus_argenteus	SRR1782788	1.3652302799676275
Staphylococcus_argenteus	SRR1782789	1.3628742248234382
Staphylococcus_argenteus	SRR1782790	1.3657127099457684
Staphylococcus_argenteus	SRR1782791	1.3630300139455425
Staphylococcus_argenteus	SRR1782792	1.3613966590497895
Staphylococcus_argenteus	SRR1782793	1.3632936897014178
Staphylococcus_argenteus	SRR1782794	1.3601862908424658
Staphylococcus_argenteus	SRR1782795	1.3159952333304499
Staphylococcus_argenteus	SRR1782796	1.3489953044767595
Staphylococcus_argenteus	SRR1782797	1.3474441088246403
Staphylococcus_argenteus	SRR1782798	1.3566148907720872
Staphylococcus_argenteus	SRR1782799	1.3650389842268886
Staphylococcus_argenteus	SRR1782800	1.3644863922256507
Staphylococcus_argenteus	SRR1782801	1.3678519102083702
Staphylococcus_argenteus	SRR1782802	1.3645592654045955
Staphylococcus_argenteus	SRR1782803	1.3652789884192185
Staphylococcus_argenteus	SRR1782804	1.3678519102083702
Staphylococcus_argenteus	SRR1782805	1.3647292755975204
Staphylococcus_argenteus	SRR1782806	1.3645592654045955
Staphylococcus_argenteus	SRR1782807	1.3642765747608594
Staphylococcus_argenteus	SRR1782808	1.3639943687800475
Staphylococcus_argenteus	SRR1782809	1.3601862908424658
Staphylococcus_argenteus	SRR1782810	1.330579163784775
Staphylococcus_argenteus	SRR1782811	1.3632936897014178
Staphylococcus_argenteus	SRR1782812	1.3642765747608594
Staphylococcus_argenteus	SRR1782813	1.3647292755975204
Staphylococcus_argenteus	SRR1782814	1.3395908197258153
Staphylococcus_argenteus	SRR1782815	1.3281592615564368
Staphylococcus_argenteus	SRR1782816	1.3644863922256507
Staphylococcus_argenteus	SRR1782817	1.3647292755975204
Staphylococcus_argenteus	SRR1782818	1.3658304473165754
Staphylococcus_argenteus	SRR1782819	1.3625634054000042
Staphylococcus_argenteus	SRR1782820	1.3686075106956568
Staphylococcus_argenteus	SRR1782821	1.3670406656948546
Staphylococcus_argenteus	SRR1782822	1.3626190286749618
Staphylococcus_argenteus	SRR1782823	1.3628742248234382
Staphylococcus_argenteus	SRR1782824	1.3614391621519784
Staphylococcus_argenteus	SRR1782825	1.365648707045223
Staphylococcus_argenteus	SRR1782826	1.3644863922256507
Staphylococcus_argenteus	SRR1782827	1.3652302799676275
Staphylococcus_argenteus	SRR1782828	1.3683325279379595
Staphylococcus_argenteus	SRR1782829	1.365648707045223
Staphylococcus_argenteus	SRR1782830	1.3480674404067088
Staphylococcus_argenteus	SRR1782831	1.3604438151934661
Staphylococcus_argenteus	SRR1782832	1.3647292755975204
Staphylococcus_argenteus	SRR1782833	1.3625634054000042
Staphylococcus_argenteus	SRR1782834	1.3652592688971437
Staphylococcus_argenteus	SRR1782835	1.3644863922256507
Staphylococcus_argenteus	SRR1782836	1.364418799805003
Staphylococcus_argenteus	SRR1782837	1.3695729822351737
Staphylococcus_argenteus	SRR1782838	1.3695729822351737
Staphylococcus_argenteus	SRR1782839	1.369387944920576
Staphylococcus_argenteus	SRR1782840	1.3692703068875742
Staphylococcus_argenteus	SRR1782841	1.3695729822351737
Staphylococcus_argenteus	SRR1782842	1.3652789884192185
Staphylococcus_argenteus	SRR1782843	1.3695495824775967
Staphylococcus_argenteus	SRR1782844	1.3691204108846116
Staphylococcus_argenteus	SRR1782845	1.3695495824775967
Staphylococcus_argenteus	SRR1782846	1.3696731095665362
Staphylococcus_argenteus	SRR1782847	1.3695495824775967
Staphylococcus_argenteus	SRR1782848	1.3692703068875742
Staphylococcus_argenteus	SRR1782849	1.3696731095665362
Staphylococcus_argenteus	SRR1782850	1.369387944920576
Staphylococcus_argenteus	SRR1782851	1.3695495824775967
Staphylococcus_argenteus	SRR1782852	1.369387944920576
Staphylococcus_argenteus	SRR1782853	1.3695495824775967
Staphylococcus_argenteus	SRR1782854	1.361986070642
Staphylococcus_argenteus	SRR1782855	1.36415487469014
Staphylococcus_argenteus	SRR1782856	1.3632936897014178
Staphylococcus_argenteus	SRR1782857	1.3630300139455425
Staphylococcus_argenteus	SRR1782858	1.3632074161673557
Staphylococcus_argenteus	SRR1782859	1.3645592654045955
Staphylococcus_argenteus	SRR1782860	1.3603247318359362
Staphylococcus_argenteus	SRR1782861	1.3587925115012331
Staphylococcus_argenteus	SRR1782862	1.3625634054000042
Staphylococcus_argenteus	SRR1782863	1.36415487469014
Staphylococcus_argenteus	SRR1782864	1.3566148907720872
Staphylococcus_argenteus	SRR1782865	1.3642765747608594
Staphylococcus_argenteus	SRR1782866	2.731660894633151
Staphylococcus_argenteus	SRR1782867	1.3642765747608594
Staphylococcus_argenteus	SRR1782868	1.3639943687800475
Staphylococcus_argenteus	SRR1782869	1.3632493219027384
Staphylococcus_argenteus	SRR1782870	1.3652592688971437
Staphylococcus_argenteus	SRR1782871	1.3628742248234382
Staphylococcus_argenteus	SRR1782872	1.3626190286749618
Staphylococcus_argenteus	SRR1782873	1.363963302220239
Staphylococcus_argenteus	SRR1782874	1.364275399950775
Staphylococcus_argenteus	SRR1782875	1.3648618084282327
Staphylococcus_argenteus	SRR1782876	1.3610288633969243
Staphylococcus_argenteus	SRR1782877	1.363367053906934
Staphylococcus_argenteus	SRR1782878	1.3566148907720872
Staphylococcus_argenteus	SRR1782879	1.3614391621519784
Staphylococcus_argenteus	SRR1782880	1.3650389842268886
Staphylococcus_argenteus	SRR1782881	1.3626580852625958
Staphylococcus_argenteus	SRR1782882	1.3626190286749618
Staphylococcus_argenteus	SRR1782883	1.3630300139455425
Staphylococcus_argenteus	SRR1782884	1.3632074161673557
Staphylococcus_argenteus	SRR1782885	1.3632936897014178
Staphylococcus_argenteus	SRR1782886	1.3647292755975204
Staphylococcus_argenteus	SRR1782887	1.3632936897014178
Staphylococcus_argenteus	SRR1782888	1.363963302220239
Staphylococcus_argenteus	SRR1782889	1.3652789884192185
Staphylococcus_argenteus	SRR1782890	1.3642765747608594
Staphylococcus_argenteus	SRR1782891	1.3644863922256507
Staphylococcus_argenteus	SRR1782892	1.363367053906934
Staphylococcus_argenteus	SRR1782893	1.36415487469014
Staphylococcus_argenteus	SRR1782894	1.3372878784409956
Staphylococcus_argenteus	SRR1782895	1.363963302220239
Staphylococcus_argenteus	SRR1782896	1.3636661710431994
Staphylococcus_argenteus	SRR1782897	1.3652592688971437
Staphylococcus_argenteus	SRR1782898	1.3648618084282327
Staphylococcus_argenteus	SRR1782899	1.3632493219027384
Staphylococcus_argenteus	SRR1782900	1.3652592688971437
Staphylococcus_argenteus	SRR1782901	1.3632074161673557
Staphylococcus_argenteus	SRR1782902	1.3614907853286795
Staphylococcus_argenteus	SRR1782903	1.364275399950775
Staphylococcus_argenteus	SRR1782904	1.3628742248234382
Staphylococcus_argenteus	SRR1782905	1.3639943687800475
Staphylococcus_argenteus	SRR1782906	1.3652789884192185
Staphylococcus_argenteus	SRR1782907	1.355177982980013
Staphylococcus_argenteus	SRR1782908	1.3652789884192185
Staphylococcus_argenteus	SRR1782909	1.3652789884192185
Staphylococcus_argenteus	SRR1782910	1.363367053906934
Staphylococcus_argenteus	SRR1782911	1.3644863922256507
Staphylococcus_argenteus	SRR1782912	1.361986070642
Staphylococcus_argenteus	SRR1782913	1.3632074161673557
Staphylococcus_argenteus	SRR1782914	1.364275399950775
Staphylococcus_argenteus	SRR1782915	1.3632074161673557
Staphylococcus_argenteus	SRR1782916	1.3618019380158601
Staphylococcus_argenteus	SRR1782917	1.3652592688971437
Staphylococcus_argenteus	SRR1782918	1.3642765747608594
Staphylococcus_argenteus	SRR1782919	1.36415487469014
Staphylococcus_argenteus	SRR1782920	1.3628742248234382
Staphylococcus_argenteus	SRR1782921	1.36415487469014
Staphylococcus_argenteus	SRR1782922	1.336962642906195
Staphylococcus_argenteus	SRR1782923	1.3658304473165754
Staphylococcus_argenteus	SRR1782924	1.3647292755975204
Staphylococcus_argenteus	SRR1782925	1.3644863922256507
Staphylococcus_argenteus	SRR1782926	1.3652302799676275
Staphylococcus_argenteus	SRR1782927	1.3648618084282327
Staphylococcus_argenteus	SRR1782928	1.3670406656948546
Staphylococcus_argenteus	SRR1782929	1.3650389842268886
Staphylococcus_argenteus	SRR1782930	1.3583740921230527
Staphylococcus_argenteus	SRR1782931	1.3650389842268886
Staphylococcus_argenteus	SRR1782932	1.3632074161673557
Staphylococcus_argenteus	SRR1782933	1.3459185395104925
Staphylococcus_argenteus	SRR1782934	1.364418799805003
Staphylococcus_argenteus	SRR1782935	1.36415487469014
Staphylococcus_argenteus	SRR1782936	1.3415852748948751
Staphylococcus_argenteus	SRR1782937	1.3645592654045955
Staphylococcus_argenteus	SRR1782938	1.350364271491463
Staphylococcus_argenteus	SRR1782939	1.3652302799676275
Staphylococcus_argenteus	SRR1782940	1.365648707045223
Staphylococcus_argenteus	SRR1782941	1.3632493219027384
Staphylococcus_argenteus	SRR1782942	1.3656513527865064
Staphylococcus_argenteus	SRR1782943	1.3647292755975204
Staphylococcus_argenteus	SRR1782944	1.364418799805003
Staphylococcus_argenteus	SRR1782945	1.363367053906934
Staphylococcus_argenteus	SRR1782946	1.36259882499864
Staphylococcus_argenteus	SRR1782947	1.3658304473165754
Staphylococcus_argenteus	SRR1782948	1.365648707045223
Staphylococcus_argenteus	SRR1782949	1.3648618084282327
Staphylococcus_argenteus	SRR1782950	1.365648707045223
Staphylococcus_argenteus	SRR1782951	1.3642765747608594
Staphylococcus_argenteus	SRR1782952	1.331797528030689
Staphylococcus_argenteus	SRR1782953	1.3632074161673557
Staphylococcus_argenteus	SRR1782954	1.315784239344613
Staphylococcus_argenteus	SRR1782955	1.3522393535960768
Staphylococcus_argenteus	SRR1782956	1.3648618084282327
Staphylococcus_argenteus	SRR1782957	1.364418799805003
Staphylococcus_argenteus	SRR1782958	1.3650389842268886
Staphylococcus_argenteus	SRR1782959	1.357545797336928
Staphylococcus_argenteus	SRR1782960	1.3626580852625958
Staphylococcus_argenteus	SRR1782961	1.3578332304943945
Staphylococcus_argenteus	SRR1782962	1.3632936897014178
Staphylococcus_argenteus	SRR1782963	1.364275399950775
Staphylococcus_argenteus	SRR1782964	1.3632936897014178
Staphylococcus_argenteus	SRR1782965	1.3678519102083702
Staphylococcus_argenteus	SRR1782966	1.363963302220239
Staphylococcus_argenteus	SRR1782967	1.3657127099457684
Staphylococcus_argenteus	SRR1782968	1.3652302799676275
Staphylococcus_argenteus	SRR1782969	1.366777814654196
Staphylococcus_argenteus	SRR1782970	1.3575007269852146
Staphylococcus_argenteus	SRR1782971	1.3551435256159687
Staphylococcus_argenteus	SRR1782972	1.366777814654196
Staphylococcus_argenteus	SRR1782973	1.3691204108846116
Staphylococcus_argenteus	SRR1782974	1.3670406656948546
Staphylococcus_argenteus	SRR1782975	1.3683007848759485
Staphylococcus_argenteus	SRR1782976	1.3683107682878979
Staphylococcus_argenteus	SRR1782977	1.3683007848759485
Staphylococcus_argenteus	SRR1782978	1.3647292755975204
Staphylococcus_argenteus	SRR1782979	1.366777814654196
Staphylococcus_argenteus	SRR1782980	1.366777814654196
Staphylococcus_argenteus	SRR1782981	1.3658304473165754
Staphylococcus_argenteus	SRR1782982	1.3665467722368712
Staphylococcus_argenteus	SRR1782983	1.366777814654196
Staphylococcus_argenteus	SRR1782984	1.3645592654045955
Staphylococcus_argenteus	SRR1782985	1.36415487469014
Staphylococcus_argenteus	SRR1782986	1.3670406656948546
Staphylococcus_argenteus	SRR1782987	1.365648707045223
Staphylococcus_argenteus	SRR1782988	1.3648618084282327
Staphylococcus_argenteus	SRR1782989	1.3632936897014178
Staphylococcus_argenteus	SRR1782990	1.3645592654045955
Staphylococcus_argenteus	SRR1782991	1.364418799805003
Staphylococcus_argenteus	SRR1782992	1.3648618084282327
Staphylococcus_argenteus	SRR1782993	1.3648618084282327
Staphylococcus_argenteus	SRR1782994	1.3644863922256507
Staphylococcus_argenteus	SRR1782995	1.3648618084282327
Staphylococcus_argenteus	SRR1782996	1.3652592688971437
Staphylococcus_argenteus	SRR1782997	1.3645592654045955
Staphylococcus_argenteus	SRR1782998	1.3652789884192185
Staphylococcus_argenteus	SRR1782999	1.36415487469014
Staphylococcus_argenteus	SRR1783000	1.364418799805003
Staphylococcus_argenteus	SRR1783001	1.3656513527865064
Staphylococcus_argenteus	SRR1783002	1.3652789884192185
Staphylococcus_argenteus	SRR1783003	1.36259882499864
Staphylococcus_argenteus	SRR1783004	1.3652592688971437
Staphylococcus_argenteus	SRR1783005	1.3645592654045955
Staphylococcus_argenteus	SRR1783006	1.363963302220239
Staphylococcus_argenteus	SRR1813867	NA
Staphylococcus_argenteus	SRR1813868	NA
Staphylococcus_argenteus	SRR1813869	NA
Staphylococcus_argenteus	SRR1813870	NA
Staphylococcus_argenteus	SRR1813871	NA
Staphylococcus_argenteus	SRR1813872	NA
Staphylococcus_argenteus	SRR1813873	NA
Staphylococcus_argenteus	SRR1813874	NA
Staphylococcus_argenteus	SRR1813875	NA
Staphylococcus_argenteus	SRR1813876	NA
Staphylococcus_argenteus	SRR1813877	NA
Staphylococcus_argenteus	SRR1813878	NA
Staphylococcus_argenteus	SRR1813879	NA
Staphylococcus_argenteus	SRR1813880	NA
Staphylococcus_argenteus	SRR1813881	NA
Staphylococcus_argenteus	SRR1813882	NA
Staphylococcus_argenteus	SRR1813883	NA
Staphylococcus_argenteus	SRR1813884	NA
Staphylococcus_argenteus	SRR1813885	NA
Staphylococcus_argenteus	SRR1813886	NA
Staphylococcus_argenteus	SRR1813887	NA
Staphylococcus_argenteus	SRR1928188	NA
Staphylococcus_argenteus	SRR1928189	NA
Staphylococcus_argenteus	SRR1928190	NA
Staphylococcus_argenteus	SRR1928191	NA
Staphylococcus_argenteus	SRR1928192	NA
Staphylococcus_argenteus	SRR1928193	NA
Staphylococcus_argenteus	SRR2046996	1.3555405213425968
Staphylococcus_argenteus	SRR2046997	1.3561626257600456
Staphylococcus_argenteus	SRR2046998	1.3632936897014178
Staphylococcus_argenteus	SRR2046999	1.363963302220239
Staphylococcus_argenteus	SRR2047000	1.3513816610410734
Staphylococcus_argenteus	SRR2047001	1.359432188335606
Staphylococcus_argenteus	SRR2047002	1.3599875461622084
Staphylococcus_argenteus	SRR2047003	1.3626190286749618
Staphylococcus_argenteus	SRR2047004	1.3574339952142995
Staphylococcus_argenteus	SRR2047005	1.3618823313624977
Staphylococcus_argenteus	SRR2047006	1.3618019380158601
Staphylococcus_argenteus	SRR2047007	1.3597762438242038
Staphylococcus_argenteus	SRR2047008	1.3620855384331363
Staphylococcus_argenteus	SRR2047009	1.3613966590497895
Staphylococcus_argenteus	SRR2313973	NA
Staphylococcus_argenteus	SRR2313974	NA
Staphylococcus_argenteus	SRR2313975	NA
Staphylococcus_argenteus	SRR2313976	NA
Staphylococcus_argenteus	SRR2313977	NA
Staphylococcus_argenteus	SRR2313978	NA
Staphylococcus_argenteus	SRR2313979	NA
Staphylococcus_argenteus	SRR2313980	NA
Staphylococcus_argenteus	SRR2313981	NA
Staphylococcus_argenteus	SRR2313982	NA
Staphylococcus_argenteus	SRR2313983	NA
Staphylococcus_argenteus	SRR2313984	NA
Staphylococcus_argenteus	SRR2313985	NA
Staphylococcus_argenteus	SRR2313986	NA
Staphylococcus_argenteus	SRR2313987	NA
Staphylococcus_argenteus	SRR2313988	NA
Staphylococcus_argenteus	SRR2313989	NA
Staphylococcus_argenteus	SRR2313990	NA
Staphylococcus_argenteus	SRR2313991	NA
Staphylococcus_argenteus	SRR2313992	NA
Staphylococcus_argenteus	SRR2313993	NA
Staphylococcus_argenteus	SRR2313994	NA
Staphylococcus_argenteus	SRR2313995	NA
Staphylococcus_argenteus	SRR2313996	NA
Staphylococcus_argenteus	SRR2313997	NA
Staphylococcus_argenteus	SRR2313998	NA
Staphylococcus_argenteus	SRR2313999	NA
Staphylococcus_argenteus	SRR2314000	NA
Staphylococcus_argenteus	SRR2314001	NA
Staphylococcus_argenteus	SRR2314002	NA
Staphylococcus_argenteus	SRR2314003	NA
Staphylococcus_argenteus	SRR2314004	NA
Staphylococcus_argenteus	SRR2314005	NA
Staphylococcus_argenteus	SRR2314006	NA
Staphylococcus_argenteus	SRR2314007	NA
Staphylococcus_argenteus	SRR2314008	NA
Staphylococcus_argenteus	SRR2314009	NA
Staphylococcus_argenteus	SRR2314010	NA
Staphylococcus_argenteus	SRR2314011	NA
Staphylococcus_argenteus	SRR2314012	NA
Staphylococcus_argenteus	SRR2314013	NA
Staphylococcus_argenteus	SRR2314014	NA
Staphylococcus_argenteus	SRR2314015	NA
Staphylococcus_argenteus	SRR2314016	NA
Staphylococcus_argenteus	SRR2314017	NA
Staphylococcus_argenteus	SRR2314018	NA
Staphylococcus_argenteus	SRR2314019	NA
Staphylococcus_argenteus	SRR2314020	NA
Staphylococcus_argenteus	SRR2314021	NA
Staphylococcus_argenteus	SRR2314022	NA
Staphylococcus_argenteus	SRR2314023	NA
Staphylococcus_argenteus	SRR2314024	NA
Staphylococcus_argenteus	SRR2314025	NA
Staphylococcus_argenteus	SRR2314026	NA
Staphylococcus_argenteus	SRR2314027	NA
Staphylococcus_argenteus	SRR2314028	NA
Staphylococcus_argenteus	SRR2314029	NA
Staphylococcus_argenteus	SRR2314030	NA
Staphylococcus_argenteus	SRR2314031	NA
Staphylococcus_argenteus	SRR2314032	NA
Staphylococcus_argenteus	SRR2314033	NA
Staphylococcus_argenteus	SRR2314034	NA
Staphylococcus_argenteus	SRR2314035	NA
Staphylococcus_argenteus	SRR2314036	NA
Staphylococcus_argenteus	SRR2314037	NA
Staphylococcus_argenteus	SRR2314038	NA
Staphylococcus_argenteus	SRR2314039	NA
Staphylococcus_argenteus	SRR2314040	NA
Staphylococcus_argenteus	SRR2314041	NA
Staphylococcus_argenteus	SRR2314042	NA
Staphylococcus_argenteus	SRR2314043	NA
Staphylococcus_argenteus	SRR2314044	NA
Staphylococcus_argenteus	SRR2314045	NA
Staphylococcus_argenteus	SRR3493774	1.3382819884592194
Staphylococcus_argenteus	SRR3493775	1.3480674404067088
Staphylococcus_argenteus	SRR3493776	1.3296738838805997
Staphylococcus_argenteus	SRR3493777	1.3505835749216886
Staphylococcus_argenteus	SRR3493778	1.358349537490332
Staphylococcus_argenteus	SRR3493779	1.3561626257600456
Staphylococcus_argenteus	SRR3493780	1.3398964265019178
Staphylococcus_argenteus	SRR3493781	1.3438742739783325
Staphylococcus_argenteus	SRR3493782	2.646599191995762
Staphylococcus_argenteus	SRR3493783	1.3459185395104925
Staphylococcus_argenteus	SRR3493784	1.3438742739783325
Staphylococcus_argenteus	SRR3493785	1.3508362279898005
Staphylococcus_argenteus	SRR3493786	1.3287149082462886
Staphylococcus_argenteus	SRR3493787	1.3380477713644905
Staphylococcus_argenteus	SRR3493788	1.3183154886473012
Staphylococcus_argenteus	SRR3493789	1.347463603109902
Staphylococcus_argenteus	SRR3493790	2.5250896846200415
Staphylococcus_argenteus	SRR3493791	1.284592323754263
Staphylococcus_argenteus	SRR3493792	1.2305141341823898
Staphylococcus_argenteus	SRR3493793	1.260745717944606
Staphylococcus_argenteus	SRR3493794	1.2711853315026325
Staphylococcus_argenteus	SRR3493795	1.2142169544739283
Staphylococcus_argenteus	SRR3493796	1.065828761819991
Staphylococcus_argenteus	SRR3493797	1.284592323754263
Staphylococcus_argenteus	SRR3493798	1.2627860312224735
Staphylococcus_argenteus	SRR3493799	1.2198005066181308
Staphylococcus_argenteus	SRR3493800	1.2987680889557414
Staphylococcus_argenteus	SRR3493801	5.7248320703156805
Staphylococcus_argenteus	SRR3493802	1.092222303761903
Staphylococcus_argenteus	SRR3493803	1.1538936985338037
Staphylococcus_argenteus	SRR3493804	1.2970912368303573
Staphylococcus_argenteus	SRR3493805	1.155781100264946
Staphylococcus_argenteus	SRR3493806	1.240753971202841
Staphylococcus_argenteus	SRR3493807	1.1821036772172746
Staphylococcus_argenteus	SRR3493808	5.622839432396346
Staphylococcus_argenteus	SRR3493809	1.115773559998563
Staphylococcus_argenteus	SRR3493810	1.1126861636097949
Staphylococcus_argenteus	SRR3493811	2.3920005547171193
Staphylococcus_argenteus	SRR3493812	1.2401206159389038
Staphylococcus_argenteus	SRR3493813	1.2019384090069336
Staphylococcus_argenteus	SRR3493814	1.2240379779593342
Staphylococcus_argenteus	SRR3493815	2.4098413233635965
Staphylococcus_argenteus	SRR3493816	1.2298029536945252
Staphylococcus_argenteus	SRR3493817	0.8174324824608654
Staphylococcus_argenteus	SRR3493818	1.2027437090132078
Staphylococcus_argenteus	SRR3493819	7.323350566635884
Staphylococcus_argenteus	SRR3493820	1.3173952229656312
Staphylococcus_argenteus	SRR3493821	1.1503531047395037
Staphylococcus_argenteus	SRR3493822	1.2468982506550739
Staphylococcus_argenteus	SRR3493823	3.717530805794356
Staphylococcus_argenteus	SRR3493824	1.2882433644676075
Staphylococcus_argenteus	SRR3493825	8.304484280916652
Staphylococcus_argenteus	SRR3493826	1.1957337316838368
Staphylococcus_argenteus	SRR3493827	8.350009825742147
Staphylococcus_argenteus	SRR3493828	1.1456715974121265
Staphylococcus_argenteus	SRR3493829	4.23292704224778
Staphylococcus_argenteus	SRR3493830	1.2752140936865761
Staphylococcus_argenteus	SRR3493831	2.1788388923677307
Staphylococcus_argenteus	SRR3493832	5.820768769004638
Staphylococcus_argenteus	SRR3493833	1.2085068583223566
Staphylococcus_argenteus	SRR3493834	1.236584131457369
Staphylococcus_argenteus	SRR3493835	5.747581268111391
Staphylococcus_argenteus	SRR3493836	1.2914238372325433
Staphylococcus_argenteus	SRR3493837	4.485858878691171
Staphylococcus_argenteus	SRR3493838	4.657965476044107
Staphylococcus_argenteus	SRR3493839	1.3240933322740474
Staphylococcus_argenteus	SRR3493840	1.315784239344613
Staphylococcus_argenteus	SRR3493841	1.2671331324617459
Staphylococcus_argenteus	SRR3493846	1.3184752878867636
Staphylococcus_argenteus	SRR3493847	1.2952730709674147
Staphylococcus_argenteus	SRR3493848	1.3183154886473012
Staphylococcus_argenteus	SRR3493849	1.1909254154873892
Staphylococcus_argenteus	SRR3493850	1.2886820472941767
Staphylococcus_argenteus	SRR3714631	1.3652302799676275
Staphylococcus_argenteus	SRR3714632	1.3650389842268886
Staphylococcus_argenteus	SRR3714633	1.3423135436670932
Staphylococcus_argenteus	SRR3714634	1.3483358427492986
Staphylococcus_argenteus	SRR3714635	1.3301157084966697
Staphylococcus_argenteus	SRR3714636	1.3612319094799556
Staphylococcus_argenteus	SRR3714637	1.350364271491463
Staphylococcus_argenteus	SRR3714638	1.347000803460904
Staphylococcus_argenteus	SRR3714639	1.3183139712761642
Staphylococcus_argenteus	SRR3714640	1.344021627244169
Staphylococcus_argenteus	SRR3714641	1.3434000954997938
Staphylococcus_argenteus	SRR3714642	1.3501340679540812
Staphylococcus_argenteus	SRR3714643	1.3508362279898005
Staphylococcus_argenteus	SRR3714644	1.3524350411013144
Staphylococcus_argenteus	SRR3714645	1.3383514119561248
Staphylococcus_argenteus	SRR3714646	1.3274339751425022
Staphylococcus_argenteus	SRR3714648	1.3285645915048494
Staphylococcus_argenteus	SRR3714649	1.3358726283614641
Staphylococcus_argenteus	SRR3714650	1.2804465079787484
Staphylococcus_argenteus	SRR3714651	1.340495266601185
Staphylococcus_argenteus	SRR3714652	1.3370875646886284
Staphylococcus_argenteus	SRR3714653	1.3351787252769485
Staphylococcus_argenteus	SRR3714654	1.3179295366425143
Staphylococcus_argenteus	SRR3714655	1.3490138249359378
Staphylococcus_argenteus	SRR3714656	1.2567251485578759
Staphylococcus_argenteus	SRR3714657	1.336962642906195
Staphylococcus_argenteus	SRR3714658	1.351845412490748
Staphylococcus_argenteus	SRR3714659	1.3516557234899487
Staphylococcus_argenteus	SRR3714660	1.3505835749216886
Staphylococcus_argenteus	SRR3714661	1.3304516300065055
Staphylococcus_argenteus	SRR3714662	1.348742925120609
Staphylococcus_argenteus	SRR3714663	1.3312382839650534
Staphylococcus_argenteus	SRR3714664	1.350385719456188
Staphylococcus_argenteus	SRR3714665	1.3490138249359378
Staphylococcus_argenteus	SRR3714666	1.359861209009657
Staphylococcus_argenteus	SRR3714667	1.3307404382020307
Staphylococcus_argenteus	SRR3714668	1.3375379880262035
Staphylococcus_argenteus	SRR3714669	1.3345735792666624
Staphylococcus_argenteus	SRR3714670	1.2702440658531313
Staphylococcus_argenteus	SRR3714671	1.3287149082462886
Staphylococcus_argenteus	SRR3714672	1.3388174262643275
Staphylococcus_argenteus	SRR3714673	1.2667410257810257
Staphylococcus_argenteus	SRR3714674	1.34653965578047
Staphylococcus_argenteus	SRR3714675	1.3451861847413156
Staphylococcus_argenteus	SRR3714676	1.3456171453727186
Staphylococcus_argenteus	SRR3714677	1.2961864285789997
Staphylococcus_argenteus	SRR3714678	1.3514824771725942
Staphylococcus_argenteus	SRR3714679	1.345253865980099
Staphylococcus_argenteus	SRR3714680	1.3367622302937445
Staphylococcus_argenteus	SRR3714681	1.3560657049542797
Staphylococcus_argenteus	SRR3714682	1.3558285475421563
Staphylococcus_argenteus	SRR3714683	1.3366743708340345
Staphylococcus_argenteus	SRR3714684	1.3348202926155082
Staphylococcus_argenteus	SRR3714685	1.336962642906195
Staphylococcus_argenteus	SRR3714686	1.3507509512034028
Staphylococcus_argenteus	SRR3714688	1.3626190286749618
Staphylococcus_argenteus	SRR3714689	1.3534875243524722
Staphylococcus_argenteus	SRR3714690	1.3290237230739097
Staphylococcus_argenteus	SRR3714691	1.3436634093908635
Staphylococcus_argenteus	SRR3714692	1.3180397863021243
Staphylococcus_argenteus	SRR3714693	1.3512170370636938
Staphylococcus_argenteus	SRR3714694	1.3511672659833882
Staphylococcus_argenteus	SRR3714695	1.3513816610410734
Staphylococcus_argenteus	SRR3714696	1.292255376915366
Staphylococcus_argenteus	SRR3714697	1.2306754126664508
Staphylococcus_argenteus	SRR3714698	1.3583740921230527
Staphylococcus_argenteus	SRR3714699	1.3450753291437514
Staphylococcus_argenteus	SRR3714700	1.3473985089531106
Staphylococcus_argenteus	SRR3714701	1.329652535152111
Staphylococcus_argenteus	SRR3714702	1.350385719456188
Staphylococcus_argenteus	SRR3714703	1.3502790583246302
Staphylococcus_argenteus	SRR3714704	1.3547238099368741
Staphylococcus_argenteus	SRR3714705	1.317971188461849
Staphylococcus_argenteus	SRR3714706	1.3645592654045955
Staphylococcus_argenteus	SRR3714707	1.346320609018767
Staphylococcus_argenteus	SRR3714708	1.3626580852625958
Staphylococcus_argenteus	SRR3714709	1.3423783231069852
Staphylococcus_argenteus	SRR3714710	1.3427763630507397
Staphylococcus_argenteus	SRR3714711	1.3505835749216886
Staphylococcus_argenteus	SRR3714712	1.347145302534545
Staphylococcus_argenteus	SRR3714713	1.3394985745560506
Staphylococcus_argenteus	SRR3714714	1.336650893783813
Staphylococcus_argenteus	SRR3714715	1.3071122189861448
Staphylococcus_argenteus	SRR3714716	1.3558285475421563
Staphylococcus_argenteus	SRR3714717	1.3607077715866251
Staphylococcus_argenteus	SRR3714718	1.3508362279898005
Staphylococcus_argenteus	SRR3714719	1.34653965578047
Staphylococcus_argenteus	SRR3714720	1.3340118219441086
Staphylococcus_argenteus	SRR3714721	1.3419191740325442
Staphylococcus_argenteus	SRR3714723	1.3308497310876877
Staphylococcus_argenteus	SRR3714724	1.3035662084064727
Staphylococcus_argenteus	SRR3714725	3.9642359551218416
Staphylococcus_argenteus	SRR3714726	1.3456171453727186
Staphylococcus_argenteus	SRR3714727	1.3333686715063529
Staphylococcus_argenteus	SRR3714728	1.3333686715063529
Staphylococcus_argenteus	SRR3714729	1.3628387906179662
Staphylococcus_argenteus	SRR3714730	1.3487588358880969
Staphylococcus_argenteus	SRR3714731	1.3123179243169656
Staphylococcus_argenteus	SRR3714732	1.3469691601164098
Staphylococcus_argenteus	SRR3714734	1.3507509512034028
Staphylococcus_argenteus	SRR3714735	1.3489720212096918
Staphylococcus_argenteus	SRR3714736	1.3574753250672933
Staphylococcus_argenteus	SRR3714737	1.3454871180632704
Staphylococcus_argenteus	SRR3714738	1.2909331232652765
Staphylococcus_argenteus	SRR3714739	1.3513816610410734
Staphylococcus_argenteus	SRR3714740	1.2996587190744668
Staphylococcus_argenteus	SRR3714741	1.3614391621519784
Staphylococcus_argenteus	SRR3714744	1.3424537171472761
Staphylococcus_argenteus	SRR3714745	1.2815229461742896
Staphylococcus_argenteus	SRR3714746	1.3644863922256507
Staphylococcus_argenteus	SRR3714747	1.3230920898627394
Staphylococcus_argenteus	SRR3714748	1.350312888834268
Staphylococcus_argenteus	SRR3714749	1.3607077715866251
Staphylococcus_argenteus	SRR3714750	1.3274339751425022
Staphylococcus_argenteus	SRR3714751	1.3561626257600456
Staphylococcus_argenteus	SRR3714752	1.3564544763934177
Staphylococcus_argenteus	SRR3714753	1.3180397863021243
Staphylococcus_argenteus	SRR3714754	2.6767028239122497
Staphylococcus_argenteus	SRR3714755	1.351845412490748
Staphylococcus_argenteus	SRR3714756	1.3409308401998268
Staphylococcus_argenteus	SRR3714757	1.3454871180632704
Staphylococcus_argenteus	SRR3714758	1.350364271491463
Staphylococcus_argenteus	SRR3714759	1.3300275914781203
Staphylococcus_argenteus	SRR3714760	1.3652302799676275
Staphylococcus_argenteus	SRR3714761	1.3511724781991463
Staphylococcus_argenteus	SRR3714762	1.3547238099368741
Staphylococcus_argenteus	SRR3714764	1.3492820866118815
Staphylococcus_argenteus	SRR3714765	1.336318015657321
Staphylococcus_argenteus	SRR3714766	1.3423135436670932
Staphylococcus_argenteus	SRR3714767	1.3399023251995457
Staphylococcus_argenteus	SRR3714768	1.3459185395104925
Staphylococcus_argenteus	SRR5176628	1.3658304473165754
Staphylococcus_argenteus	SRR5176629	1.3647292755975204
Staphylococcus_argenteus	SRR5176630	1.3636661710431994
Staphylococcus_argenteus	SRR5176631	1.366777814654196
Staphylococcus_argenteus	SRR5176632	1.364418799805003
Staphylococcus_argenteus	SRR5176633	1.3630300139455425
Staphylococcus_argenteus	SRR5176634	1.3632936897014178
Staphylococcus_argenteus	SRR5176635	1.3657127099457684
Staphylococcus_argenteus	SRR5176636	1.3274775891413366
Staphylococcus_argenteus	SRR5176637	1.3510551556071593
Staphylococcus_argenteus	SRR5176638	1.3331702213185004
Staphylococcus_argenteus	SRR5176639	1.3612319094799556
Staphylococcus_argenteus	SRR5176640	1.3685577832033065
Staphylococcus_argenteus	SRR5176641	1.3617719570408353
Staphylococcus_argenteus	SRR5176642	1.3644863922256507
Staphylococcus_argenteus	SRR5176643	1.3650389842268886
Staphylococcus_argenteus	SRR5176644	1.3645592654045955
Staphylococcus_argenteus	SRR5176645	1.3603247318359362
Staphylococcus_argenteus	SRR5176646	1.3551435256159687
Staphylococcus_argenteus	SRR5176647	1.3648618084282327
Staphylococcus_argenteus	SRR5176648	1.3670406656948546
Staphylococcus_argenteus	SRR5176649	1.296477417292304
Staphylococcus_argenteus	SRR5176650	1.3556918670257883
Staphylococcus_argenteus	SRR5176651	1.3648618084282327
Staphylococcus_argenteus	SRR5176652	1.3632936897014178
Staphylococcus_argenteus	SRR5176653	1.3619655654592606
Staphylococcus_argenteus	SRR5176654	1.3645592654045955
Staphylococcus_argenteus	SRR5176655	1.3644863922256507
Staphylococcus_argenteus	SRR5176656	1.3601862908424658
Staphylococcus_argenteus	SRR5176657	1.3687620824139737
Staphylococcus_argenteus	SRR5176658	1.3658304473165754
Staphylococcus_argenteus	SRR5176659	1.364275399950775
Staphylococcus_argenteus	SRR5176660	1.36415487469014
Staphylococcus_argenteus	SRR5176661	1.3678386989055058
Staphylococcus_argenteus	SRR5176662	1.3618823313624977
Staphylococcus_argenteus	SRR5176663	1.366777814654196
Staphylococcus_argenteus	SRR5176664	1.365648707045223
Staphylococcus_argenteus	SRR5176665	1.363367053906934
Staphylococcus_argenteus	SRR5176666	1.3652789884192185
Staphylococcus_argenteus	SRR5176667	1.3656513527865064
Staphylococcus_argenteus	SRR5176668	1.3560657049542797
Staphylococcus_argenteus	SRR5176669	1.3614907853286795
Staphylococcus_argenteus	SRR5176670	1.3683325279379595
Staphylococcus_argenteus	SRR5176671	1.366777814654196
Staphylococcus_argenteus	SRR5176672	1.3652302799676275
Staphylococcus_argenteus	SRR5176673	1.3645592654045955
Staphylococcus_argenteus	SRR5176674	1.3658304473165754
Staphylococcus_argenteus	SRR5176675	1.3652789884192185
Staphylococcus_argenteus	SRR5176676	1.365648707045223
Staphylococcus_argenteus	SRR5176677	1.3626190286749618
Staphylococcus_argenteus	SRR5176678	1.36259882499864
Staphylococcus_argenteus	SRR5176679	1.3566148907720872
Staphylococcus_argenteus	SRR5176680	1.3642765747608594
Staphylococcus_argenteus	SRR5176681	1.3652789884192185
Staphylococcus_argenteus	SRR5176682	1.3678519102083702
Staphylococcus_argenteus	SRR5176683	1.36415487469014
Staphylococcus_argenteus	SRR5176684	1.3648618084282327
Staphylococcus_argenteus	SRR5176685	1.36415487469014
Staphylococcus_argenteus	SRR5176686	1.3652592688971437
Staphylococcus_argenteus	SRR5176687	1.3642765747608594
Staphylococcus_argenteus	SRR5176688	1.3665467722368712
Staphylococcus_argenteus	SRR5176689	1.36415487469014
Staphylococcus_argenteus	SRR5176690	1.3650389842268886
Staphylococcus_argenteus	SRR5176691	1.3650389842268886
Staphylococcus_argenteus	SRR5176692	1.3644863922256507
Staphylococcus_argenteus	SRR5176693	1.3601862908424658
Staphylococcus_argenteus	SRR5176694	1.3626580852625958
Staphylococcus_argenteus	SRR5176695	1.367723364166903
Staphylococcus_argenteus	SRR5176696	1.315784239344613
Staphylococcus_argenteus	SRR5176697	1.3658304473165754
Staphylococcus_argenteus	SRR5176698	1.3489903187332701
Staphylococcus_argenteus	SRR5176699	1.3658304473165754
Staphylococcus_argenteus	SRR5176700	1.3556784343652573
Staphylococcus_argenteus	SRR5176701	1.3647292755975204
Staphylococcus_argenteus	SRR5176702	1.3632074161673557
Staphylococcus_argenteus	SRR5176703	1.3652302799676275
Staphylococcus_argenteus	SRR5176704	1.3576823165353116
Staphylococcus_argenteus	SRR5176705	1.3652302799676275
Staphylococcus_argenteus	SRR5176706	1.3618019380158601
Staphylococcus_argenteus	SRR5176707	1.3628742248234382
Staphylococcus_argenteus	SRR5176708	1.3650389842268886
Staphylococcus_argenteus	SRR5176709	1.355001032468201
Staphylococcus_argenteus	SRR5176710	1.3652592688971437
Staphylococcus_argenteus	SRR5176711	1.3630300139455425
Staphylococcus_argenteus	SRR5176712	1.3656513527865064
Staphylococcus_argenteus	SRR5176713	1.3632493219027384
Staphylococcus_argenteus	SRR5176714	1.357545797336928
Staphylococcus_argenteus	SRR5176715	1.3632936897014178
Staphylococcus_argenteus	SRR5176716	1.3645592654045955
Staphylococcus_argenteus	SRR5176717	1.3652592688971437
Staphylococcus_argenteus	SRR5176718	1.3630300139455425
Staphylococcus_argenteus	SRR5176719	1.3652789884192185
Staphylococcus_argenteus	SRR5176720	1.3648618084282327
Staphylococcus_argenteus	SRR5176721	1.3644863922256507
Staphylococcus_argenteus	SRR5176722	1.3642765747608594
Staphylococcus_argenteus	SRR5176723	1.3648618084282327
Staphylococcus_argenteus	SRR5176724	1.3648618084282327
Staphylococcus_argenteus	SRR5176725	1.36415487469014
Staphylococcus_argenteus	SRR5176726	1.364275399950775
Staphylococcus_argenteus	SRR5176727	1.3658304473165754
Staphylococcus_argenteus	SRR5176728	1.3625634054000042
Staphylococcus_argenteus	SRR5176729	1.363367053906934
Staphylococcus_argenteus	SRR5176730	1.3647292755975204
Staphylococcus_argenteus	SRR5176731	1.3656513527865064
Staphylococcus_argenteus	SRR5176732	1.3626580852625958
Staphylococcus_argenteus	SRR5176733	1.3632074161673557
Staphylococcus_argenteus	SRR5176734	1.350312888834268
Staphylococcus_argenteus	SRR5176735	1.3603247318359362
Staphylococcus_argenteus	SRR5176736	1.3587925115012331
Staphylococcus_argenteus	SRR5176737	1.364275399950775
Staphylococcus_argenteus	SRR5176738	1.3639943687800475
Staphylococcus_argenteus	SRR5176739	1.3613966590497895
Staphylococcus_argenteus	SRR5176740	1.364275399950775
Staphylococcus_argenteus	SRR5176741	1.3480674404067088
Staphylococcus_argenteus	SRR5176742	1.350385719456188
Staphylococcus_argenteus	SRR5176743	1.3652789884192185
Staphylococcus_argenteus	SRR5176744	1.3644863922256507
Staphylococcus_argenteus	SRR5176745	1.3632493219027384
Staphylococcus_argenteus	SRR5176746	1.3658304473165754
Staphylococcus_argenteus	SRR5176747	1.3652592688971437
Staphylococcus_argenteus	SRR5176748	1.366777814654196
Staphylococcus_argenteus	SRR5176749	1.351748025615633
Staphylococcus_argenteus	SRR5176750	1.3559699697980863
Staphylococcus_argenteus	SRR5176751	1.3656513527865064
Staphylococcus_argenteus	SRR5176752	1.364418799805003
Staphylococcus_argenteus	SRR5176753	1.3652592688971437
Staphylococcus_argenteus	SRR5176754	1.355177982980013
Staphylococcus_argenteus	SRR5176755	1.3645592654045955
Staphylococcus_argenteus	SRR5176756	1.3642765747608594
Staphylococcus_argenteus	SRR5176757	1.357338444084492
Staphylococcus_argenteus	SRR5176758	1.3670406656948546
Staphylococcus_argenteus	SRR5176759	1.3695495824775967
Staphylococcus_argenteus	SRR5176760	1.3632493219027384
Staphylococcus_argenteus	SRR5176761	1.3647292755975204
Staphylococcus_argenteus	SRR5176762	1.3604438151934661
Staphylococcus_argenteus	SRR5176763	1.3619655654592606
Staphylococcus_argenteus	SRR5176764	1.3691204108846116
Staphylococcus_argenteus	SRR5176765	1.3652789884192185
Staphylococcus_argenteus	SRR5176766	1.365648707045223
Staphylococcus_argenteus	SRR5176767	1.3632074161673557
Staphylococcus_argenteus	SRR5176768	1.3566148907720872
Staphylococcus_argenteus	SRR5176769	1.364275399950775
Staphylococcus_argenteus	SRR5176770	1.3639943687800475
Staphylococcus_argenteus	SRR5176771	1.3638247610160497
Staphylococcus_argenteus	SRR5176772	1.3614391621519784
Staphylococcus_argenteus	SRR5176773	1.364275399950775
Staphylococcus_argenteus	SRR5176774	1.3650389842268886
Staphylococcus_argenteus	SRR5176775	1.3607077715866251
Staphylococcus_argenteus	SRR5176776	1.3632936897014178
Staphylococcus_argenteus	SRR5176777	1.367723364166903
Staphylococcus_argenteus	SRR5176778	1.364275399950775
Staphylococcus_argenteus	SRR5176779	1.3630300139455425
Staphylococcus_argenteus	SRR5176780	1.3626190286749618
Staphylococcus_argenteus	SRR5176781	1.3639943687800475
Staphylococcus_argenteus	SRR5176782	1.366777814654196
Staphylococcus_argenteus	SRR5176783	1.3626190286749618
Staphylococcus_argenteus	SRR5176784	1.363963302220239
Staphylococcus_argenteus	SRR5176785	1.3642765747608594
Staphylococcus_argenteus	SRR5176786	1.365648707045223
Staphylococcus_argenteus	SRR5176787	1.3644863922256507
Staphylococcus_argenteus	SRR5176788	1.36415487469014
Staphylococcus_argenteus	SRR5176789	1.3575007269852146
Staphylococcus_argenteus	SRR5176790	1.3648618084282327
Staphylococcus_argenteus	SRR5176791	1.3645592654045955
Staphylococcus_argenteus	SRR5176792	1.3632936897014178
Staphylococcus_argenteus	SRR5176793	1.3652592688971437
Staphylococcus_argenteus	SRR5176794	1.3650389842268886
Staphylococcus_argenteus	SRR5176795	1.3652789884192185
Staphylococcus_argenteus	SRR5176796	1.366777814654196
Staphylococcus_argenteus	SRR5176797	1.364275399950775
Staphylococcus_argenteus	SRR5176798	1.3652592688971437
Staphylococcus_argenteus	SRR5176799	1.3632074161673557
Staphylococcus_argenteus	SRR5176800	1.3665467722368712
Staphylococcus_argenteus	SRR5176801	1.3658304473165754
Staphylococcus_argenteus	SRR5176802	1.3620855384331363
Staphylococcus_argenteus	SRR5176803	1.3628742248234382
Staphylococcus_argenteus	SRR5176804	1.3695495824775967
Staphylococcus_argenteus	SRR5176805	1.3648618084282327
Staphylococcus_argenteus	SRR5176806	1.3415852748948751
Staphylococcus_argenteus	SRR5176807	1.3644863922256507
Staphylococcus_argenteus	SRR5176808	1.3652592688971437
Staphylococcus_argenteus	SRR5176809	1.364418799805003
Staphylococcus_argenteus	SRR5176810	1.365648707045223
Staphylococcus_argenteus	SRR5176811	1.3632074161673557
Staphylococcus_argenteus	SRR5176812	1.3628742248234382
Staphylococcus_argenteus	SRR5176813	1.3652592688971437
Staphylococcus_argenteus	SRR5176814	1.3628742248234382
Staphylococcus_argenteus	SRR5176815	1.3642765747608594
Staphylococcus_argenteus	SRR5176816	1.3657127099457684
Staphylococcus_argenteus	SRR5176817	1.363963302220239
Staphylococcus_argenteus	SRR5176818	1.36259882499864
Staphylococcus_argenteus	SRR5176819	1.3691204108846116
Staphylococcus_argenteus	SRR5176820	1.3618019380158601
Staphylococcus_argenteus	SRR5176821	1.365648707045223
Staphylococcus_argenteus	SRR5176822	1.3656513527865064
Staphylococcus_argenteus	SRR5176823	2.731660894633151
Staphylococcus_argenteus	SRR5176824	1.3645592654045955
Staphylococcus_argenteus	SRR5176825	1.36259882499864
Staphylococcus_argenteus	SRR5176826	1.3644863922256507
Staphylococcus_argenteus	SRR5176827	1.3652789884192185
Staphylococcus_argenteus	SRR5176828	1.3626190286749618
Staphylococcus_argenteus	SRR5176829	1.3648618084282327
Staphylococcus_argenteus	SRR5176830	1.3683007848759485
Staphylococcus_argenteus	SRR5176831	1.3652302799676275
Staphylococcus_argenteus	SRR5176832	1.364418799805003
Staphylococcus_argenteus	SRR5176833	1.363963302220239
Staphylococcus_argenteus	SRR5176834	1.3647292755975204
Staphylococcus_argenteus	SRR5176835	1.3652789884192185
Staphylococcus_argenteus	SRR5176836	1.3632936897014178
Staphylococcus_argenteus	SRR5176837	1.359432188335606
Staphylococcus_argenteus	SRR5176838	1.3657127099457684
Staphylococcus_argenteus	SRR5176839	1.3644863922256507
Staphylococcus_argenteus	SRR5176840	1.3652592688971437
Staphylococcus_argenteus	SRR5176841	1.3372878784409956
Staphylococcus_argenteus	SRR5176842	1.3645592654045955
Staphylococcus_argenteus	SRR5176843	1.3657127099457684
Staphylococcus_argenteus	SRR5176844	1.3595851426742833
Staphylococcus_argenteus	SRR5176845	1.364275399950775
Staphylococcus_argenteus	SRR5176846	1.3626580852625958
Staphylococcus_argenteus	SRR5176847	1.3656513527865064
Staphylococcus_argenteus	SRR5176848	1.3632936897014178
Staphylococcus_argenteus	SRR5176849	1.3571865780557517
Staphylococcus_argenteus	SRR5176850	1.3538840207981289
Staphylococcus_argenteus	SRR5176851	1.3636661710431994
Staphylococcus_argenteus	SRR5176852	1.364418799805003
Staphylococcus_argenteus	SRR5176853	1.3644863922256507
Staphylococcus_argenteus	SRR5176854	1.3678519102083702
Staphylococcus_argenteus	SRR5176855	1.36415487469014
Staphylococcus_argenteus	SRR5176856	1.3628742248234382
Staphylococcus_argenteus	SRR5176857	1.3652789884192185
Staphylococcus_argenteus	SRR5176858	1.3652789884192185
Staphylococcus_argenteus	SRR5176859	1.3645592654045955
Staphylococcus_argenteus	SRR5176860	1.361986070642
Staphylococcus_argenteus	SRR5176861	1.364275399950775
Staphylococcus_argenteus	SRR5176862	1.363367053906934
Staphylococcus_argenteus	SRR5176863	1.3636661710431994
Staphylococcus_argenteus	SRR5176864	1.3652302799676275
Staphylococcus_argenteus	SRR5176865	1.363367053906934
Staphylococcus_argenteus	SRR5176866	1.3632074161673557
Staphylococcus_argenteus	SRR5176867	1.3632493219027384
Staphylococcus_argenteus	SRR5176868	1.3636661710431994
Staphylococcus_argenteus	SRR5176869	1.36415487469014
Staphylococcus_argenteus	SRR5176870	1.3652592688971437
Staphylococcus_argenteus	SRR5176871	1.355177982980013
Staphylococcus_argenteus	SRR5176872	1.3645592654045955
Staphylococcus_argenteus	SRR5861974	NA
Staphylococcus_argenteus	SRR5861975	NA
Staphylococcus_argenteus	SRR5861976	NA
Staphylococcus_argenteus	SRR5861977	NA
Staphylococcus_argenteus	SRR5861978	NA
Staphylococcus_argenteus	SRR5861979	NA
Staphylococcus_argenteus	SRR5861980	NA
Staphylococcus_argenteus	SRR5861981	NA
Staphylococcus_argenteus	SRR5861982	NA
Staphylococcus_argenteus	SRR5861983	NA
Staphylococcus_argenteus	SRR5861984	NA
Staphylococcus_argenteus	SRR5861985	NA
Staphylococcus_argenteus	SRR5861986	NA
Staphylococcus_argenteus	SRR5861987	NA
Staphylococcus_argenteus	SRR5861988	NA
Staphylococcus_argenteus	SRR5861989	NA
Staphylococcus_argenteus	SRR5861990	NA
Staphylococcus_argenteus	SRR5861991	NA
Staphylococcus_argenteus	SRR5861992	NA
Staphylococcus_argenteus	SRR5861993	NA
Staphylococcus_argenteus	SRR5861994	NA
Staphylococcus_argenteus	SRR5861995	NA
Staphylococcus_argenteus	SRR5861996	NA
Staphylococcus_argenteus	SRR5861997	NA
Staphylococcus_argenteus	SRR5861998	NA
Staphylococcus_argenteus	SRR5861999	NA
Staphylococcus_argenteus	SRR5862000	NA
Staphylococcus_argenteus	SRR5862001	NA
Staphylococcus_argenteus	SRR5862002	NA
Staphylococcus_argenteus	SRR5862003	NA
Staphylococcus_argenteus	SRR5862004	NA
Staphylococcus_argenteus	SRR5862005	NA
Staphylococcus_argenteus	SRR5862006	NA
Staphylococcus_argenteus	SRR5862007	NA
Staphylococcus_argenteus	SRR5862008	NA
Staphylococcus_argenteus	SRR5862009	NA
Staphylococcus_argenteus	SRR5862010	NA
Staphylococcus_argenteus	SRR5862011	NA
Staphylococcus_argenteus	SRR5862012	NA
Staphylococcus_argenteus	SRR5862013	NA
Staphylococcus_argenteus	SRR5862014	NA
Staphylococcus_argenteus	SRR5862015	NA
Staphylococcus_argenteus	SRR5862016	NA
Staphylococcus_argenteus	SRR5862017	NA
Staphylococcus_argenteus	SRR5862018	NA
Staphylococcus_argenteus	SRR5862019	NA
Staphylococcus_argenteus	SRR5862020	NA
Staphylococcus_argenteus	SRR5862021	NA
Staphylococcus_argenteus	SRR5862022	NA
Staphylococcus_argenteus	SRR5862023	NA
Staphylococcus_argenteus	SRR5862024	NA
Staphylococcus_argenteus	SRR5862025	NA
Staphylococcus_argenteus	SRR5862026	NA
Staphylococcus_argenteus	SRR5862027	NA
Staphylococcus_argenteus	SRR5862028	NA
Staphylococcus_argenteus	SRR5862029	NA
Staphylococcus_argenteus	SRR5862030	NA
Staphylococcus_argenteus	SRR5862031	NA
Staphylococcus_argenteus	SRR5862032	NA
Staphylococcus_argenteus	SRR5862033	NA
Staphylococcus_argenteus	SRR5862034	NA
Staphylococcus_argenteus	SRR5862035	NA
Staphylococcus_argenteus	SRR5862036	NA
Staphylococcus_argenteus	SRR5862037	NA
Staphylococcus_argenteus	SRR5862038	NA
Staphylococcus_argenteus	SRR5862039	NA
Staphylococcus_argenteus	SRR5862040	NA
Staphylococcus_argenteus	SRR5862041	NA
Staphylococcus_argenteus	SRR5862042	NA
Staphylococcus_argenteus	SRR5862043	NA
Staphylococcus_argenteus	SRR5862044	NA
Staphylococcus_argenteus	SRR5862045	NA
Staphylococcus_argenteus	SRR5862046	NA
Staphylococcus_argenteus	SRR5862047	NA
Staphylococcus_argenteus	SRR5862048	NA
Staphylococcus_argenteus	SRR5862049	NA
Staphylococcus_argenteus	SRR5862050	NA
Staphylococcus_argenteus	SRR5862051	NA
Staphylococcus_argenteus	SRR5862052	NA
Staphylococcus_argenteus	SRR5862053	NA
Staphylococcus_argenteus	SRR5862054	NA
Staphylococcus_argenteus	SRR5862055	NA
Staphylococcus_argenteus	SRR5862056	NA
Staphylococcus_argenteus	SRR5862057	NA
Staphylococcus_argenteus	SRR5862058	NA
Staphylococcus_argenteus	SRR5862059	NA
Staphylococcus_argenteus	SRR5862060	NA
Staphylococcus_argenteus	SRR5862061	NA
Staphylococcus_argenteus	SRR5862062	NA
Staphylococcus_argenteus	SRR5862063	NA
Staphylococcus_argenteus	SRR5862064	NA
Staphylococcus_argenteus	SRR5862065	NA
Staphylococcus_argenteus	SRR5862066	NA
Staphylococcus_argenteus	SRR5862067	NA
Staphylococcus_argenteus	SRR5862068	NA
Staphylococcus_argenteus	SRR5862069	NA
Staphylococcus_argenteus	SRR5862070	NA
Staphylococcus_argenteus	SRR5862071	NA
Staphylococcus_argenteus	SRR5862072	NA
Staphylococcus_argenteus	SRR5862073	NA
Staphylococcus_argenteus	SRR5862074	NA
Staphylococcus_argenteus	SRR5862075	NA
Staphylococcus_argenteus	SRR5862076	NA
Staphylococcus_argenteus	SRR5862077	NA
Staphylococcus_argenteus	SRR5862078	NA
Staphylococcus_argenteus	SRR5862079	NA
Staphylococcus_argenteus	SRR5862080	NA
Staphylococcus_argenteus	SRR5862081	NA
Staphylococcus_argenteus	SRR5862082	NA
Staphylococcus_argenteus	SRR5862083	NA
Staphylococcus_argenteus	SRR5862084	NA
Staphylococcus_argenteus	SRR5862085	NA
Staphylococcus_argenteus	SRR5862086	NA
Staphylococcus_argenteus	SRR5862087	NA
Staphylococcus_argenteus	SRR5862088	NA
Staphylococcus_argenteus	SRR5862089	NA
Staphylococcus_argenteus	SRR5862090	NA
Staphylococcus_argenteus	SRR5862091	NA
Staphylococcus_argenteus	SRR5862092	NA
Staphylococcus_argenteus	SRR5862093	NA
Staphylococcus_argenteus	SRR5862094	NA
Staphylococcus_argenteus	SRR5862095	NA
Staphylococcus_argenteus	SRR5862096	NA
Staphylococcus_argenteus	SRR5862097	NA
Staphylococcus_argenteus	SRR5862098	NA
Staphylococcus_argenteus	SRR5862099	NA
Staphylococcus_argenteus	SRR5862100	NA
Staphylococcus_argenteus	SRR5862101	NA
Staphylococcus_argenteus	SRR5862102	NA
Staphylococcus_argenteus	SRR5862103	NA
Staphylococcus_argenteus	SRR5862104	NA
Staphylococcus_argenteus	SRR5862105	NA
Staphylococcus_argenteus	SRR5862106	NA
Staphylococcus_argenteus	SRR5862107	NA
Staphylococcus_argenteus	SRR5862108	NA
Staphylococcus_argenteus	SRR5862109	NA
Staphylococcus_argenteus	SRR5862110	NA
Staphylococcus_argenteus	SRR5862111	NA
Staphylococcus_argenteus	SRR5862112	NA
Staphylococcus_argenteus	SRR5862113	NA
Staphylococcus_argenteus	SRR5862114	NA
Staphylococcus_argenteus	SRR5862115	NA
Staphylococcus_argenteus	SRR5862116	NA
Staphylococcus_argenteus	SRR5862117	NA
Staphylococcus_argenteus	SRR5862118	NA
Staphylococcus_argenteus	SRR5862119	NA
Staphylococcus_argenteus	SRR5862120	NA
Staphylococcus_argenteus	SRR5862121	NA
Staphylococcus_argenteus	SRR5862122	NA
Staphylococcus_argenteus	SRR5862123	NA
Staphylococcus_argenteus	SRR5862124	NA
Staphylococcus_argenteus	SRR5862125	NA
Staphylococcus_argenteus	SRR5862126	NA
Staphylococcus_argenteus	SRR5862127	NA
Staphylococcus_argenteus	SRR5862128	NA
Staphylococcus_argenteus	SRR5862129	NA
Staphylococcus_argenteus	SRR5862130	NA
Staphylococcus_argenteus	SRR5862131	NA
Staphylococcus_argenteus	SRR5862132	NA
Staphylococcus_argenteus	SRR5862133	NA
Staphylococcus_argenteus	SRR5862134	NA
Staphylococcus_argenteus	SRR5862135	NA
Staphylococcus_argenteus	SRR5862136	NA
Staphylococcus_argenteus	SRR5862137	NA
Staphylococcus_argenteus	SRR5862138	NA
Staphylococcus_argenteus	SRR5862139	NA
Staphylococcus_argenteus	SRR5862140	NA
Staphylococcus_argenteus	SRR5862141	NA
Staphylococcus_argenteus	SRR5862142	NA
Staphylococcus_argenteus	SRR5862143	NA
Staphylococcus_argenteus	SRR5862144	NA
Staphylococcus_argenteus	SRR5862145	NA
Staphylococcus_argenteus	SRR5862146	NA
Staphylococcus_argenteus	SRR5862147	NA
Staphylococcus_argenteus	SRR5862148	NA
Staphylococcus_argenteus	SRR5862149	NA
Staphylococcus_argenteus	SRR5862150	NA
Staphylococcus_argenteus	SRR5862151	NA
Staphylococcus_argenteus	SRR5862152	NA
Staphylococcus_argenteus	SRR5862153	NA
Staphylococcus_argenteus	SRR5862154	NA
Staphylococcus_argenteus	SRR5862155	NA
Staphylococcus_argenteus	SRR5862156	NA
Staphylococcus_argenteus	SRR5862157	NA
Staphylococcus_argenteus	SRR5862158	NA
Staphylococcus_argenteus	SRR5862159	NA
Staphylococcus_argenteus	SRR5862160	NA
Staphylococcus_argenteus	SRR5862161	NA
Staphylococcus_argenteus	SRR5862162	NA
Staphylococcus_argenteus	SRR5862163	NA
Staphylococcus_argenteus	SRR5862164	NA
Staphylococcus_argenteus	SRR5862165	NA
Staphylococcus_argenteus	SRR5862166	NA
Staphylococcus_argenteus	SRR5862167	NA
Staphylococcus_argenteus	SRR5862168	NA
Staphylococcus_argenteus	SRR5862169	NA
Staphylococcus_argenteus	SRR5862170	NA
Staphylococcus_argenteus	SRR5862171	NA
Staphylococcus_argenteus	SRR5862172	NA
Staphylococcus_argenteus	SRR5862173	NA
Staphylococcus_argenteus	SRR5862174	NA
Staphylococcus_argenteus	SRR5862175	NA
Staphylococcus_argenteus	SRR5862176	NA
Staphylococcus_argenteus	SRR5862177	NA
Staphylococcus_argenteus	SRR5862178	NA
Staphylococcus_argenteus	SRR5862179	NA
Staphylococcus_argenteus	SRR5862180	NA
Staphylococcus_argenteus	SRR5862181	NA
Staphylococcus_argenteus	SRR5862182	NA
Staphylococcus_argenteus	SRR5862183	NA
Staphylococcus_argenteus	SRR5862184	NA
Staphylococcus_argenteus	SRR5862185	NA
Staphylococcus_argenteus	SRR5862186	NA
Staphylococcus_argenteus	SRR5862187	NA
Staphylococcus_argenteus	SRR5862188	NA
Staphylococcus_argenteus	SRR5862189	NA
Staphylococcus_argenteus	SRR5862190	NA
Staphylococcus_argenteus	SRR5862191	NA
Staphylococcus_argenteus	SRR5862192	NA
Staphylococcus_argenteus	SRR5862193	NA
Staphylococcus_argenteus	SRR5862194	NA
Staphylococcus_argenteus	SRR5862195	NA
Staphylococcus_argenteus	SRR5862196	NA
Staphylococcus_argenteus	SRR5862197	NA
Staphylococcus_argenteus	SRR5862198	NA
Staphylococcus_argenteus	SRR5862199	NA
Staphylococcus_argenteus	SRR5862200	NA
Staphylococcus_argenteus	SRR5862201	NA
Staphylococcus_argenteus	SRR5862202	NA
Staphylococcus_argenteus	SRR5862203	NA
Staphylococcus_argenteus	SRR5862204	NA
Staphylococcus_argenteus	SRR5862205	NA
Staphylococcus_argenteus	SRR5862206	NA
Staphylococcus_argenteus	SRR5862207	NA
Staphylococcus_argenteus	SRR5862208	NA
Staphylococcus_argenteus	SRR5862209	NA
Staphylococcus_argenteus	SRR5862210	NA
Staphylococcus_argenteus	SRR5862211	NA
Staphylococcus_argenteus	SRR5862212	NA
Staphylococcus_argenteus	SRR5862213	NA
Staphylococcus_argenteus	SRR5862214	NA
Staphylococcus_argenteus	SRR5862215	NA
Staphylococcus_argenteus	SRR5862216	NA
Staphylococcus_argenteus	SRR5862217	NA
Staphylococcus_argenteus	SRR5862218	NA
Staphylococcus_argenteus	SRR5862219	NA
Staphylococcus_argenteus	SRR5862220	NA
Staphylococcus_argenteus	SRR5862221	NA
Staphylococcus_argenteus	SRR5862222	NA
Staphylococcus_argenteus	SRR5862223	NA
Staphylococcus_argenteus	SRR5862224	NA
Staphylococcus_argenteus	SRR5862225	NA
Staphylococcus_argenteus	SRR5862226	NA
Staphylococcus_argenteus	SRR5862227	NA
Staphylococcus_argenteus	SRR5862228	NA
Staphylococcus_argenteus	SRR5862229	NA
Staphylococcus_argenteus	SRR5862230	NA
Staphylococcus_argenteus	SRR5862231	NA
Staphylococcus_argenteus	SRR5862232	NA
Staphylococcus_argenteus	SRR5862233	NA
Staphylococcus_argenteus	SRR5862234	NA
Staphylococcus_argenteus	SRR5862235	NA
Staphylococcus_argenteus	SRR5862236	NA
Staphylococcus_argenteus	SRR5862237	NA
Staphylococcus_argenteus	SRR5862238	NA
Staphylococcus_argenteus	SRR5862239	NA
Staphylococcus_argenteus	SRR5862240	NA
Staphylococcus_argenteus	SRR5862241	NA
Staphylococcus_argenteus	SRR5862242	NA
Staphylococcus_argenteus	SRR5862243	NA
Staphylococcus_argenteus	SRR5862244	NA
Staphylococcus_argenteus	SRR5862245	NA
Staphylococcus_argenteus	SRR5862246	NA
Staphylococcus_argenteus	SRR5862247	NA
Staphylococcus_argenteus	SRR5862248	NA
Staphylococcus_argenteus	SRR5862249	NA
Staphylococcus_argenteus	SRR5862250	NA
Staphylococcus_argenteus	SRR5862251	NA
Staphylococcus_argenteus	SRR5862252	NA
Staphylococcus_argenteus	SRR5862253	NA
Staphylococcus_argenteus	SRR5862254	NA
Staphylococcus_argenteus	SRR5862255	NA
Staphylococcus_argenteus	SRR5862256	NA
Staphylococcus_argenteus	SRR5862257	NA
Staphylococcus_argenteus	SRR5862258	NA
Staphylococcus_argenteus	SRR5862259	NA
Staphylococcus_argenteus	SRR5862260	NA
Staphylococcus_argenteus	SRR5862261	NA
Staphylococcus_argenteus	SRR5862262	NA
Staphylococcus_argenteus	SRR5862263	NA
Staphylococcus_argenteus	SRR5862264	NA
Staphylococcus_argenteus	SRR5862265	NA
Staphylococcus_argenteus	SRR5862266	NA
Staphylococcus_argenteus	SRR5862267	NA
Staphylococcus_argenteus	SRR5862268	NA
Staphylococcus_argenteus	SRR5862269	NA
Staphylococcus_argenteus	SRR5862270	NA
Staphylococcus_argenteus	SRR5862271	NA
Staphylococcus_argenteus	SRR5862272	NA
Staphylococcus_argenteus	SRR5862273	NA
Staphylococcus_argenteus	SRR5862274	NA
Staphylococcus_argenteus	SRR5862275	NA
Staphylococcus_argenteus	SRR5862276	NA
Staphylococcus_argenteus	SRR5862277	NA
Staphylococcus_argenteus	SRR5949109	2.069655336792748
Staphylococcus_argenteus	SRR5949110	4.42613656339216
Staphylococcus_argenteus	SRR5949111	2.235302920220943
Staphylococcus_argenteus	SRR5949112	1.2869879536291042
Staphylococcus_argenteus	SRR5949113	0.8496098692545849
Staphylococcus_argenteus	SRR5949114	1.321798712280005
Staphylococcus_argenteus	SRR5949115	2.278621901132547
Staphylococcus_argenteus	SRR5949116	4.061918520309998
Staphylococcus_argenteus	SRR5949117	1.3274775891413366
Staphylococcus_argenteus	SRR5949118	1.3788944794736586
Staphylococcus_argenteus	SRR5949119	2.4894309495642513
Staphylococcus_argenteus	SRR5949120	1.282454989890138
Staphylococcus_argenteus	SRR5949121	3.629507973646974
Staphylococcus_argenteus	SRR5949122	1.0614727732544211
Staphylococcus_argenteus	SRR5949123	1.0630220873901461
Staphylococcus_argenteus	SRR5949124	2.422038805161706
Staphylococcus_argenteus	SRR5949125	1.2450783535770484
Staphylococcus_argenteus	SRR5949126	1.5757942173929929
Staphylococcus_argenteus	SRR5949127	1.1998688857466278
Staphylococcus_argenteus	SRR5949128	1.2703459823536438
Staphylococcus_argenteus	SRR5949129	1.4726572467496886
Staphylococcus_argenteus	SRR5949130	0.6758278617449744
Staphylococcus_argenteus	SRR5949131	50.34015807061396
Staphylococcus_argenteus	SRR5949132	1.226754837388144
Staphylococcus_argenteus	SRR5949133	1.1333209886876343
Staphylococcus_argenteus	SRR5949134	1.3249284364208131
Staphylococcus_argenteus	SRR5949135	0.6214249782486058
Staphylococcus_argenteus	SRR5949136	1.192572957196477
Staphylococcus_argenteus	SRR5949137	1.1620442831621332
Staphylococcus_argenteus	SRR5949138	1.5959363629016339
Staphylococcus_argenteus	SRR5949139	0.8058037157713858
Staphylococcus_argenteus	SRR5949140	4.107157392769988
Staphylococcus_argenteus	SRR5949141	1.1487498681897375
Staphylococcus_argenteus	SRR5949142	0.7792129080841995
Staphylococcus_argenteus	SRR5949143	3.8237938548118944
Staphylococcus_argenteus	SRR5949144	1.5600927380459042
Staphylococcus_argenteus	SRR5949145	4.158097549929
Staphylococcus_argenteus	SRR5949146	3.35138248652788
Staphylococcus_argenteus	SRR5949147	13.898884398302291
Staphylococcus_argenteus	SRR5949148	1.1494800411796335
Staphylococcus_argenteus	SRR5949149	1.2904002832496422
Staphylococcus_argenteus	SRR5949150	4.451018776719235
Staphylococcus_argenteus	SRR5949151	2.298042467326632
Staphylococcus_argenteus	SRR5949152	1.363367053906934
Staphylococcus_argenteus	SRR5949153	2.478353870529571
Staphylococcus_argenteus	SRR5949154	2.119565981746913
Staphylococcus_argenteus	SRR5949155	1.1598558253074547
Staphylococcus_argenteus	SRR5949156	3.4990639192134556
Staphylococcus_argenteus	SRR5949157	1.2236926107851922
Staphylococcus_argenteus	SRR5949158	0.6599273455539685
Staphylococcus_argenteus	SRR5949159	1.2032092486766572
Staphylococcus_argenteus	SRR5949160	1.3956542581132347
Staphylococcus_argenteus	SRR5949161	1.107893588945335
Staphylococcus_argenteus	SRR5949162	0.6807195810759892
Staphylococcus_argenteus	SRR5949163	1.3626190286749618
Staphylococcus_argenteus	SRR5949164	1.3240933322740474
Staphylococcus_argenteus	SRR5949165	1.2096407229771677
Staphylococcus_argenteus	SRR5949166	1.1166214934683185
Staphylococcus_argenteus	SRR5949167	1.3782646300654062
Staphylococcus_argenteus	SRR5949168	2.2366919298700068
Staphylococcus_argenteus	SRR5949169	2.051361974097124
Staphylococcus_argenteus	SRR5949170	1.3296738838805997
Staphylococcus_argenteus	SRR5949171	1.1803454326794942
Staphylococcus_argenteus	SRR5949172	1.156139337037117
Staphylococcus_argenteus	SRR5949173	1.2676718562975933
Staphylococcus_argenteus	SRR5949174	1.2881209802887645
Staphylococcus_argenteus	SRR5949175	1.3379274872830147
Staphylococcus_argenteus	SRR5949176	1.1970171066558795
Staphylococcus_argenteus	SRR5949177	1.2005256325694054
Staphylococcus_argenteus	SRR5949178	1.2447154747821256
Staphylococcus_argenteus	SRR5949179	2.286846777324329
Staphylococcus_argenteus	SRR5949180	7.172939829899156
Staphylococcus_argenteus	SRR5949181	1.2745487545741494
Staphylococcus_argenteus	SRR5949182	0.6780328524771398
Staphylococcus_argenteus	SRR5949183	1.09685145483039
Staphylococcus_argenteus	SRR5949184	1.157848451145154
Staphylococcus_argenteus	SRR5949185	1.2857662972196502
Staphylococcus_argenteus	SRR5949186	0.553232049515181
Staphylococcus_argenteus	SRR5949187	1.111987477719159
Staphylococcus_argenteus	SRR5949188	1.2142169544739283
Staphylococcus_argenteus	SRR5949189	0.651023121819341
Staphylococcus_argenteus	SRR5949190	0.8411823703493784
Staphylococcus_argenteus	SRR5949191	1.0575644618269049
Staphylococcus_argenteus	SRR5949192	4.836545969533067
Staphylococcus_argenteus	SRR5949193	3.07434958580388
Staphylococcus_argenteus	SRR5949194	1.2985091154575101
Staphylococcus_argenteus	SRR5949195	1.6679631041569596
Staphylococcus_argenteus	SRR5949196	3.09742218986501
Staphylococcus_argenteus	SRR5949197	0.8580937248441326
Staphylococcus_argenteus	SRR5949198	1.0136010921709304
Staphylococcus_argenteus	SRR5949199	1.2179278723938756
Staphylococcus_argenteus	SRR5949200	1.1841960090778187
Staphylococcus_argenteus	SRR5949201	2.0220756541704175
Staphylococcus_argenteus	SRR5949202	1.9726408473218053
Staphylococcus_argenteus	SRR5949203	0.3041639029693461
Staphylococcus_argenteus	SRR5949204	1.2178716079863863
Staphylococcus_argenteus	SRR5949205	1.3628387906179662
Staphylococcus_argenteus	SRR5949206	2.208972285421448
Staphylococcus_argenteus	SRR5949207	3.2717040675319047
Staphylococcus_argenteus	SRR5949208	3.0743200797194916
Staphylococcus_argenteus	SRR5949209	1.0857803471049545
Staphylococcus_argenteus	SRR5949210	1.106313372439659
Staphylococcus_argenteus	SRR5949211	1.1821036772172746
Staphylococcus_argenteus	SRR5949212	4.549366908934408
Staphylococcus_argenteus	SRR5949213	1.2315322685970262
Staphylococcus_argenteus	SRR5949214	5.791942552876254
Staphylococcus_argenteus	SRR5949215	13.520819824907939
Staphylococcus_argenteus	SRR5949216	0.6226056669458483
Staphylococcus_argenteus	SRR5949217	1.1008553743051186
Staphylococcus_argenteus	SRR5949218	1.3093462571296426
Staphylococcus_argenteus	SRR5949219	1.1493581768800214
Staphylococcus_argenteus	SRR5949220	0.6254575145468004
Staphylococcus_argenteus	SRR5949221	0.7922194941697671
Staphylococcus_argenteus	SRR5949222	1.0372389616324196
Staphylococcus_argenteus	SRR5949223	1.355177982980013
Staphylococcus_argenteus	SRR5949224	4.402797175024292
Staphylococcus_argenteus	SRR5949225	1.1404498342126246
Staphylococcus_argenteus	SRR5949226	1.0741052120350163
Staphylococcus_argenteus	SRR5949227	10.631634646480666
Staphylococcus_argenteus	SRR5949228	1.1997229947263306
Staphylococcus_argenteus	SRR5949229	2.222817817467448
Staphylococcus_argenteus	SRR5949230	2.4973140712350212
Staphylococcus_argenteus	SRR5949231	1.3727962136925653
Staphylococcus_argenteus	SRR5949232	1.0743127488655082
Staphylococcus_argenteus	SRR5949233	1.4802090078433492
Staphylococcus_argenteus	SRR5949234	2.1772694144652838
Staphylococcus_argenteus	SRR5949235	1.2377579432481285
Staphylococcus_argenteus	SRR5949236	1.2137117572395604
Staphylococcus_argenteus	SRR5949237	1.302046243638682
Staphylococcus_argenteus	SRR5949238	1.1014746241833
Staphylococcus_argenteus	SRR5949239	0.5287738005094791
Staphylococcus_argenteus	SRR5949240	1.24601337155721
Staphylococcus_argenteus	SRR5949241	1.292255376915366
Staphylococcus_argenteus	SRR5949242	1.1833204634691026
Staphylococcus_argenteus	SRR5949243	2.114112101833202
Staphylococcus_argenteus	SRR5949244	13.330310265163103
Staphylococcus_argenteus	SRR5949245	4.265246214057964
Staphylococcus_argenteus	SRR5949246	19.200200265127584
Staphylococcus_argenteus	SRR5949247	3.106285145461556
Staphylococcus_argenteus	SRR5949248	2.404950029813938
Staphylococcus_argenteus	SRR5949249	0.41542448421633893
Staphylococcus_argenteus	SRR5949250	1.3387772058044078
Staphylococcus_argenteus	SRR5949251	0.6460495075045057
Staphylococcus_argenteus	SRR5949252	1.1289101735889324
Staphylococcus_argenteus	SRR5949253	1.066311553514491
Staphylococcus_argenteus	SRR5949254	1.0954686259092155
Staphylococcus_argenteus	SRR5949255	0.8130642351290918
Staphylococcus_argenteus	SRR5949256	3.4052065266607032
Staphylococcus_argenteus	SRR5949257	1.1023384087160255
Staphylococcus_argenteus	SRR5949258	1.1942604969037718
Staphylococcus_argenteus	SRR5949259	1.2733911137367675
Staphylococcus_argenteus	SRR5949260	1.1296635024053707
Staphylococcus_argenteus	SRR5949261	1.1350838541460968
Staphylococcus_argenteus	SRR5949262	1.1909254154873892
Staphylococcus_argenteus	SRR5949263	1.0450887383795906
Staphylococcus_argenteus	SRR5949264	2.278835867947311
Staphylococcus_argenteus	SRR5949265	1.0312558723858891
Staphylococcus_argenteus	SRR5949266	1.1207963073561997
Staphylococcus_argenteus	SRR5949267	1.1434233886621645
Staphylococcus_argenteus	SRR5949268	1.1891928538367595
Staphylococcus_argenteus	SRR5949269	1.1682468312643584
Staphylococcus_argenteus	SRR5949270	1.2213228655817676
Staphylococcus_argenteus	SRR5949271	2.2895263152248533
Staphylococcus_argenteus	SRR5949272	11.979167261945808
Staphylococcus_argenteus	SRR5949273	1.0614727732544211
Staphylococcus_argenteus	SRR5949274	5.6518577324997175
Staphylococcus_argenteus	SRR5949275	1.2148191151965018
Staphylococcus_argenteus	SRR5949276	1.0595254484542695
Staphylococcus_argenteus	SRR5949277	27.074385937926095
Staphylococcus_argenteus	SRR5949278	0.5996297407440971
Staphylococcus_argenteus	SRR5949279	1.1454665084023603
Staphylococcus_argenteus	SRR5949280	0.7059320160015703
Staphylococcus_argenteus	SRR5949281	0.9772535152868285
Staphylococcus_argenteus	SRR5949282	1.2474389553354135
Staphylococcus_argenteus	SRR5949283	1.1229826508923986
Staphylococcus_argenteus	SRR5949284	2.3811211194631934
Staphylococcus_argenteus	SRR5949285	7.146015535022991
Staphylococcus_argenteus	SRR5949286	4.276579814862243
Staphylococcus_argenteus	SRR5949287	1.3474441088246403
Staphylococcus_argenteus	SRR5949288	1.0556874582192344
Staphylococcus_argenteus	SRR5949289	1.2693390223176206
Staphylococcus_argenteus	SRR5949290	3.8710505926674785
Staphylococcus_argenteus	SRR5949291	1.0770865408875483
Staphylococcus_argenteus	SRR5949292	1.1310608836624043
Staphylococcus_argenteus	SRR5949293	1.2724675796658294
Staphylococcus_argenteus	SRR5949294	4.2767678792267825
Staphylococcus_argenteus	SRR5949295	2.2980127337585663
Staphylococcus_argenteus	SRR5949296	2.7129089527868353
Staphylococcus_argenteus	SRR5949297	1.2264188186985252
Staphylococcus_argenteus	SRR5949298	1.2092707140233403
Staphylococcus_argenteus	SRR5949299	0.43310977147658913
Staphylococcus_argenteus	SRR5949300	0.5931774486369037
Staphylococcus_argenteus	SRR5949301	1.2801764189027725
Staphylococcus_argenteus	SRR5949302	1.1296344475066464
Staphylococcus_argenteus	SRR5949303	2.1901967286073214
Staphylococcus_argenteus	SRR5949304	1.0237122757948858
Staphylococcus_argenteus	SRR5949305	1.2876901029621115
Staphylococcus_argenteus	SRR5949306	0.45968545004602246
Staphylococcus_argenteus	SRR5949307	1.1393109505662735
Staphylococcus_argenteus	SRR5949308	4.071877062421655
Staphylococcus_argenteus	SRR5949309	1.2837899161403876
Staphylococcus_argenteus	SRR5949310	1.1441994249926546
Staphylococcus_argenteus	SRR5949311	13.206500089940162
Staphylococcus_argenteus	SRR5949312	1.590686093278053
Staphylococcus_argenteus	SRR5949313	1.1740700653077196
Staphylococcus_argenteus	SRR5949314	3.4040900764259976
Staphylococcus_argenteus	SRR5949315	3.572032648822409
Staphylococcus_argenteus	SRR5949316	0.6446994752574272
Staphylococcus_argenteus	SRR5949317	1.0278703163904852
Staphylococcus_argenteus	SRR5949318	1.2342653828755399
Staphylococcus_argenteus	SRR5949319	2.5656852218994444
Staphylococcus_argenteus	SRR5949320	1.2687614776210279
Staphylococcus_argenteus	SRR5949321	1.0093505378917855
Staphylococcus_argenteus	SRR5949322	0.7083416820244481
Staphylococcus_argenteus	SRR5949323	1.215870017880282
Staphylococcus_argenteus	SRR5949324	1.3240933322740474
Staphylococcus_argenteus	SRR5949325	1.0770441038038772
Staphylococcus_argenteus	SRR5949326	3.101095417647165
Staphylococcus_argenteus	SRR5949327	1.0124593497390375
Staphylococcus_argenteus	SRR5949328	0.47209146922044065
Staphylococcus_argenteus	SRR5949329	0.9755029754368707
Staphylococcus_argenteus	SRR5949330	1.1410488798362135
Staphylococcus_argenteus	SRR5949331	1.0136010921709304
Staphylococcus_argenteus	SRR5949332	1.1517412310015986
Staphylococcus_argenteus	SRR5949333	0.6395783948397353
Staphylococcus_argenteus	SRR5949334	3.306118968822224
Staphylococcus_argenteus	SRR5949335	4.675554199265124
Staphylococcus_argenteus	SRR5949336	1.2444177929371194
Staphylococcus_argenteus	SRR5949337	3.7192769133115933
Staphylococcus_argenteus	SRR5949338	1.3632074161673557
Staphylococcus_argenteus	SRR5949339	7.444759504409552
Staphylococcus_argenteus	SRR5949340	1.2717976928108965
Staphylococcus_argenteus	SRR5949341	5.362457624729387
Staphylococcus_argenteus	SRR5949342	2.19469210078131
Staphylococcus_argenteus	SRR5949343	5.559212374475787
Staphylococcus_argenteus	SRR5949344	3.6008124618005013
Staphylococcus_argenteus	SRR5949345	1.205782746024906
Staphylococcus_argenteus	SRR5949346	1.0951166246958384
Staphylococcus_argenteus	SRR5949347	0.7937572405154125
Staphylococcus_argenteus	SRR5949348	4.655096570173421
Staphylococcus_argenteus	SRR5949349	1.2493669120573476
Staphylococcus_argenteus	SRR5949350	1.2768196385987194
Staphylococcus_argenteus	SRR5949351	1.1247248770708862
Staphylococcus_argenteus	SRR5949352	1.218220207885767
Staphylococcus_argenteus	SRR5949353	1.1928585465345922
Staphylococcus_argenteus	SRR5949354	1.1821036772172746
Staphylococcus_argenteus	SRR5949355	0.9215198781408765
Staphylococcus_argenteus	SRR5949356	1.0854605988052914
Staphylococcus_argenteus	SRR5949357	1.2266895238220403
Staphylococcus_argenteus	SRR5949358	2.337533787329735
Staphylococcus_argenteus	SRR5949359	1.129635271291042
Staphylococcus_argenteus	SRR5949360	12.564754929859987
Staphylococcus_argenteus	SRR5949361	1.2271455383925587
Staphylococcus_argenteus	SRR5949362	1.2071047826711758
Staphylococcus_argenteus	SRR5949363	9.762154554768006
Staphylococcus_argenteus	SRR5949364	5.45388122723314
Staphylococcus_argenteus	SRR5949365	1.1368833473484656
Staphylococcus_argenteus	SRR5949366	1.0158394145490948
Staphylococcus_argenteus	SRR5949367	1.3632936897014178
Staphylococcus_argenteus	SRR5949368	3.3232819032101015
Staphylococcus_argenteus	SRR5949369	1.3685577832033065
Staphylococcus_argenteus	SRR5949370	1.2374665277296015
Staphylococcus_argenteus	SRR5949371	2.436039647664309
Staphylococcus_argenteus	SRR5949372	1.215895712861616
Staphylococcus_argenteus	SRR5949373	1.2139234691804301
Staphylococcus_argenteus	SRR5949374	6.59759544939702
Staphylococcus_argenteus	SRR5949375	6.735893789549843
Staphylococcus_argenteus	SRR5949376	2.5975361779114827
Staphylococcus_argenteus	SRR5949377	0.9211988146710018
Staphylococcus_argenteus	SRR5949378	1.3345735792666624
Staphylococcus_argenteus	SRR5949379	0.5776179489267056
Staphylococcus_argenteus	SRR5949380	5.269807773293614
Staphylococcus_argenteus	SRR5949381	2.479986243944369
Staphylococcus_argenteus	SRR5949382	1.759858216720553
Staphylococcus_argenteus	SRR5949383	1.2315484571030648
Staphylococcus_argenteus	SRR5949384	1.1350838541460968
Staphylococcus_argenteus	SRR5949385	2.3851831000535824
Staphylococcus_argenteus	SRR5949386	1.3179295366425143
Staphylococcus_argenteus	SRR5949387	1.1311718575502476
Staphylococcus_argenteus	SRR5949388	1.164458293796998
Staphylococcus_argenteus	SRR5949389	1.3438742739783325
Staphylococcus_argenteus	SRR5949390	3.567578561510279
Staphylococcus_argenteus	SRR5949391	1.0711452752489423
Staphylococcus_argenteus	SRR5949392	1.2538263362814606
Staphylococcus_argenteus	SRR5949393	1.2161743574055415
Staphylococcus_argenteus	SRR5949394	1.281180449304323
Staphylococcus_argenteus	SRR5949395	1.1207963073561997
Staphylococcus_argenteus	SRR5949396	3.661675283317942
Staphylococcus_argenteus	SRR5949397	1.0698006569364074
Staphylococcus_argenteus	SRR5949398	2.070856763641037
Staphylococcus_argenteus	SRR5949399	1.2377179073090114
Staphylococcus_argenteus	SRR5949400	1.184566960674476
Staphylococcus_argenteus	SRR5949401	1.3191638148200748
Staphylococcus_argenteus	SRR5949402	5.861759196318777
Staphylococcus_argenteus	SRR5949403	1.2778654323238352
Staphylococcus_argenteus	SRR5949404	1.0438342737020077
Staphylococcus_argenteus	SRR5949405	1.6018997544155873
Staphylococcus_argenteus	SRR5949406	2.196549227737523
Staphylococcus_argenteus	SRR5949407	2.3488308308550296
Staphylococcus_argenteus	SRR5949408	1.151428218576737
Staphylococcus_argenteus	SRR5949409	1.205506099338157
Staphylococcus_argenteus	SRR5949410	3.674744025565439
Staphylococcus_argenteus	SRR5949411	2.3049930371534817
Staphylococcus_argenteus	SRR5949412	2.2606061993332096
Staphylococcus_argenteus	SRR5949413	1.1371640866985857
Staphylococcus_argenteus	SRR5949414	1.2658334809827385
Staphylococcus_argenteus	SRR5949415	0.6196621157508808
Staphylococcus_argenteus	SRR5949416	2.1054576692253657
Staphylococcus_argenteus	SRR5949417	1.2282178431744835
Staphylococcus_argenteus	SRR5949418	1.2389524557335343
Staphylococcus_argenteus	SRR5949419	1.232483544245922
Staphylococcus_argenteus	SRR5949420	1.1743583476328139
Staphylococcus_argenteus	SRR5949421	1.022973890358906
Staphylococcus_argenteus	SRR5949422	14.928361749202873
Staphylococcus_argenteus	SRR5949423	1.2206289557371512
Staphylococcus_argenteus	SRR5949424	1.3345735792666624
Staphylococcus_argenteus	SRR5949425	3.2747723945418055
Staphylococcus_argenteus	SRR5949426	1.0539615546587229
Staphylococcus_argenteus	SRR5949427	2.488139809259651
Staphylococcus_argenteus	SRR5949428	1.0981684245058705
Staphylococcus_argenteus	SRR5949429	1.3191638148200748
Staphylococcus_argenteus	SRR5949430	0.5396960845585895
Staphylococcus_argenteus	SRR5949431	1.157848451145154
Staphylococcus_argenteus	SRR5949432	0.8608086659517115
Staphylococcus_argenteus	SRR5949433	1.1832390099659147
Staphylococcus_argenteus	SRR5949434	1.2163228179574108
Staphylococcus_argenteus	SRR5949435	1.181066811097447
Staphylococcus_argenteus	SRR5949436	1.137341727233602
Staphylococcus_argenteus	SRR5949437	1.181066811097447
Staphylococcus_argenteus	SRR5949438	1.2499561659673655
Staphylococcus_argenteus	SRR5949439	1.134733063376702
Staphylococcus_argenteus	SRR5949440	2.310687427045648
Staphylococcus_argenteus	SRR5949441	1.0993686301562529
Staphylococcus_argenteus	SRR5949442	6.969177688716689
Staphylococcus_argenteus	SRR5949443	1.0774825790885945
Staphylococcus_argenteus	SRR5949444	1.1336931648527475
Staphylococcus_argenteus	SRR5949445	1.3590505731409162
Staphylococcus_argenteus	SRR5949446	1.039266703616908
Staphylococcus_argenteus	SRR5949447	1.2004263159211843
Staphylococcus_argenteus	SRR5949448	3.43487321137952
Staphylococcus_argenteus	SRR5949449	1.34653965578047
Staphylococcus_argenteus	SRR5949450	1.1495313287816153
Staphylococcus_argenteus	SRR5949451	3.5716816791947905
Staphylococcus_argenteus	SRR5949452	159.39277626977352
Staphylococcus_argenteus	SRR5949453	1.1837405002455228
Staphylococcus_argenteus	SRR5949454	1.061113035954478
Staphylococcus_argenteus	SRR5949455	1.864542442708873
Staphylococcus_argenteus	SRR5949456	1.1166071060426683
Staphylococcus_argenteus	SRR5949457	3.6200917186717168
Staphylococcus_argenteus	SRR5949458	1.2161072419806236
Staphylococcus_argenteus	SRR5949459	0.4902589073051235
Staphylococcus_argenteus	SRR5949460	1.2433615484434175
Staphylococcus_argenteus	SRR5949461	1.0176582469611204
Staphylococcus_argenteus	SRR5949462	1.1905605597315967
Staphylococcus_argenteus	SRR5949463	2.686189575844804
Staphylococcus_argenteus	SRR5949464	1.2446778712044848
Staphylococcus_argenteus	SRR5949465	0.8891892668379686
Staphylococcus_argenteus	SRR5949466	1.107059214975844
Staphylococcus_argenteus	SRR5949467	2.308224451429172
Staphylococcus_argenteus	SRR5949468	1.1799076301349358
Staphylococcus_argenteus	SRR5949469	6.530261563372348
Staphylococcus_argenteus	SRR5949470	3.496604279619285
Staphylococcus_argenteus	SRR5949471	1.0087657487877917
Staphylococcus_argenteus	SRR5949472	0.5854988879394875
Staphylococcus_argenteus	SRR5949473	0.6617972975510369
Staphylococcus_argenteus	SRR5949474	4.5246874302009905
Staphylococcus_argenteus	SRR5949475	1.2854970848210212
Staphylococcus_argenteus	SRR5949476	1.1410747004676327
Staphylococcus_argenteus	SRR5949477	1.0429401653132702
Staphylococcus_argenteus	SRR5949478	1.0843500122196275
Staphylococcus_argenteus	SRR5949479	1.1958102688299388
Staphylococcus_argenteus	SRR5949480	3.6535746379533958
Staphylococcus_argenteus	SRR5949481	0.3857133863163203
Staphylococcus_argenteus	SRR5949482	2.5284672662362486
Staphylococcus_argenteus	SRR5949483	1.0613416680806673
Staphylococcus_argenteus	SRR5949484	2.0739516080599074
Staphylococcus_argenteus	SRR5949485	1.1826104880943706
Staphylococcus_argenteus	SRR5949486	8.094928195699392
Staphylococcus_argenteus	SRR5949487	0.7876275414278132
Staphylococcus_argenteus	SRR5949488	0.7489191138995971
Staphylococcus_argenteus	SRR5949489	11.62810662055847
Staphylococcus_argenteus	SRR5949490	1.1740700653077196
Staphylococcus_argenteus	SRR5949491	1.158132724583324
Staphylococcus_argenteus	SRR5949492	1.1750753866410875
Staphylococcus_argenteus	SRR5949493	1.265619391938179
Staphylococcus_argenteus	SRR5949494	1.2609807746640385
Staphylococcus_argenteus	SRR5949495	1.0895059070495525
Staphylococcus_argenteus	SRR5949496	1.0173283582844015
Staphylococcus_argenteus	SRR5949497	4.150152550911451
Staphylococcus_argenteus	SRR5949498	1.067719455244021
Staphylococcus_argenteus	SRR5949499	0.7512418792972269
Staphylococcus_argenteus	SRR5949500	6.802158989116484
Staphylococcus_argenteus	SRR5949501	0.3228726694457445
Staphylococcus_argenteus	SRR5949502	4.753175669786415
Staphylococcus_argenteus	SRR5949503	1.0211016371895312
Staphylococcus_argenteus	SRR5949504	3.3974519263416525
Staphylococcus_argenteus	SRR5949505	1.1317966697980544
Staphylococcus_argenteus	SRR5949506	3.6814366151776765
Staphylococcus_argenteus	SRR5949507	1.2447154747821256
Staphylococcus_argenteus	SRR5949508	6.67611698165877
Staphylococcus_argenteus	SRR5949509	0.6141710060503618
Staphylococcus_argenteus	SRR5949510	4.338327306260933
Staphylococcus_argenteus	SRR5949511	1.217439166492112
Staphylococcus_argenteus	SRR5949512	1.5420630985191504
Staphylococcus_argenteus	SRR5949513	1.3648618084282327
Staphylococcus_argenteus	SRR5949514	186.4658561217819
Staphylococcus_argenteus	SRR5949515	1.1187033574035814
Staphylococcus_argenteus	SRR5949516	1.9969648881733755
Staphylococcus_argenteus	SRR5949517	1.0712772936759596
Staphylococcus_argenteus	SRR5949518	5.457678803018871
Staphylococcus_argenteus	SRR5949519	5.343502050075907
Staphylococcus_argenteus	SRR5949520	1.1642077619958675
Staphylococcus_argenteus	SRR5949521	0.6373692488303976
Staphylococcus_argenteus	SRR5949522	1.3628742248234382
Staphylococcus_argenteus	SRR5949523	2.1812336151730847
Staphylococcus_argenteus	SRR5949524	1.1016570863714494
Staphylococcus_argenteus	SRR5949525	1.1451411236395745
Staphylococcus_argenteus	SRR5949526	1.2375095693697515
Staphylococcus_argenteus	SRR5949527	1.1418166973837245
Staphylococcus_argenteus	SRR5949528	1.2890335226781604
Staphylococcus_argenteus	SRR5949529	1.1447631576124266
Staphylococcus_argenteus	SRR5949530	1.3564544763934177
Staphylococcus_argenteus	SRR5949531	1.0531554799930984
Staphylococcus_argenteus	SRR5949532	1.1598674597689607
Staphylococcus_argenteus	SRR5949533	1.3285645915048494
Staphylococcus_argenteus	SRR5949534	1.2163228179574108
Staphylococcus_argenteus	SRR5949535	1.2356335989742235
Staphylococcus_argenteus	SRR5949536	1.04267711098447
Staphylococcus_argenteus	SRR5949537	4.250321936525876
Staphylococcus_argenteus	SRR5949538	1.3099462731867664
Staphylococcus_argenteus	SRR5949539	2.2027190666454586
Staphylococcus_argenteus	SRR5949540	2.1792713684813347
Staphylococcus_argenteus	SRR5949541	1.2005256325694054
Staphylococcus_argenteus	SRR5949542	2.2879395454758997
Staphylococcus_argenteus	SRR5949543	0.40433257272922163
Staphylococcus_argenteus	SRR5949544	1.128400418067213
Staphylococcus_argenteus	SRR5949545	0.5553503833016886
Staphylococcus_argenteus	SRR5949546	1.2034679983896692
Staphylococcus_argenteus	SRR5949547	1.359557935336347
Staphylococcus_argenteus	SRR5949548	1.0993686301562529
Staphylococcus_argenteus	SRR5949549	1.049393150485908
Staphylococcus_argenteus	SRR5949550	3.6115765700780273
Staphylococcus_argenteus	SRR5949551	1.0270242274508532
Staphylococcus_argenteus	SRR5949552	1.155343713522824
Staphylococcus_argenteus	SRR5949553	1.2565024956917021
Staphylococcus_argenteus	SRR5949554	1.2919491547029816
Staphylococcus_argenteus	SRR5949555	1.0807139623389033
Staphylococcus_argenteus	SRR5949556	2.0448312745499644
Staphylococcus_argenteus	SRR5949557	1.0417087318921974
Staphylococcus_argenteus	SRR5949558	5.443173536163209
Staphylococcus_argenteus	SRR5949559	1.10653414084804
Staphylococcus_argenteus	SRR5949560	1.9624650062355622
Staphylococcus_argenteus	SRR5949561	0.6428831486098251
Staphylococcus_argenteus	SRR5949562	1.1234839983598477
Staphylococcus_argenteus	SRR5949563	3.500334971873742
Staphylococcus_argenteus	SRR5949564	0.6942902042022856
Staphylococcus_argenteus	SRR5949565	1.0417087318921974
Staphylococcus_argenteus	SRR5949566	6.543408135063809
Staphylococcus_argenteus	SRR5949567	0.7038580119368576
Staphylococcus_argenteus	SRR5949568	9.588978381299965
Staphylococcus_argenteus	SRR5949569	1.137201967313905
Staphylococcus_argenteus	SRR5949570	1.1950932079515397
Staphylococcus_argenteus	SRR5949571	1.2676718562975933
Staphylococcus_argenteus	SRR5949572	1.1936616701239362
Staphylococcus_argenteus	SRR5949573	1.206076382065745
Staphylococcus_argenteus	SRR5949574	1.1833204634691026
Staphylococcus_argenteus	SRR5949575	1.0800124847776946
Staphylococcus_argenteus	SRR5949576	1.105569770871789
Staphylococcus_argenteus	SRR5949577	1.27197200110313
Staphylococcus_argenteus	SRR5949578	4.77454206141549
Staphylococcus_argenteus	SRR5949579	2.409689972695779
Staphylococcus_argenteus	SRR5949580	2.4990005280910186
Staphylococcus_argenteus	SRR5949581	4.055434041900964
Staphylococcus_argenteus	SRR5949582	1.1878689580875645
Staphylococcus_argenteus	SRR5949583	1.0524809785548845
Staphylococcus_argenteus	SRR5949584	1.3761938415088313
Staphylococcus_argenteus	SRR5949585	1.1211425413517486
Staphylococcus_argenteus	SRR5949586	1.111678344416074
Staphylococcus_argenteus	SRR5949587	0.6114025582706824
Staphylococcus_argenteus	SRR5949588	0.6021027554586272
Staphylococcus_argenteus	SRR5949589	1.3286860621482448
Staphylococcus_argenteus	SRR5949590	1.1051689152661845
Staphylococcus_argenteus	SRR5949591	1.2366721543910948
Staphylococcus_argenteus	SRR5949592	1.1336931648527475
Staphylococcus_argenteus	SRR5949593	1.2085538390793353
Staphylococcus_argenteus	SRR5949594	1.2029451102589137
Staphylococcus_argenteus	SRR5949595	6.539362534569116
Staphylococcus_argenteus	SRR5949596	1.2106216012880588
Staphylococcus_argenteus	SRR5949597	5.118561378974429
Staphylococcus_argenteus	SRR5949598	1.7681870865948215
Staphylococcus_argenteus	SRR5949599	1.2367682681016057
Staphylococcus_argenteus	SRR5949600	0.7709027372928641
Staphylococcus_argenteus	SRR5949601	1.0238768131328277
Staphylococcus_argenteus	SRR5949602	1.0715260236714164
Staphylococcus_argenteus	SRR5949603	1.1327086943635416
Staphylococcus_argenteus	SRR5949604	5.167796618811926
Staphylococcus_argenteus	SRR5949605	4.522767924394689
Staphylococcus_argenteus	SRR5949606	1.1200337661224764
Staphylococcus_argenteus	SRR5949607	1.1366031450750786
Staphylococcus_argenteus	SRR5949608	2.315696902290308
Staphylococcus_argenteus	SRR5950246	11.609590643474483
Staphylococcus_argenteus	SRR5950247	0.8696091019226845
Staphylococcus_argenteus	SRR5950248	22.684937847185434
Staphylococcus_argenteus	SRR5950249	1.2440553715549034
Staphylococcus_argenteus	SRR5950250	1.328486138811557
Staphylococcus_argenteus	SRR5950251	7.321924034692857
Staphylococcus_argenteus	SRR5950252	3.997614852283821
Staphylococcus_argenteus	SRR5950253	4.5475333893938625
Staphylococcus_argenteus	SRR5950254	1.433880771681054
Staphylococcus_argenteus	SRR5950255	1.2882433644676075
Staphylococcus_argenteus	SRR5950256	1.148993078781124
Staphylococcus_argenteus	SRR5950257	1.0369629465493853
Staphylococcus_argenteus	SRR5950258	1.1917063746146712
Staphylococcus_argenteus	SRR5950259	0.9256454778645413
Staphylococcus_argenteus	SRR5950260	1.1119435621820215
Staphylococcus_argenteus	SRR5950261	2.408411021834509
Staphylococcus_argenteus	SRR5950262	2.1901967286073214
Staphylococcus_argenteus	SRR5950263	0.8305790443256049
Staphylococcus_argenteus	SRR5950264	3.5177956730481577
Staphylococcus_argenteus	SRR5950265	0.6540985511204012
Staphylococcus_argenteus	SRR5950266	2.4607850456338345
Staphylococcus_argenteus	SRR5950267	1.1554650145925622
Staphylococcus_argenteus	SRR5950268	1.0392918850307107
Staphylococcus_argenteus	SRR5950269	1.0165176257272155
Staphylococcus_argenteus	SRR5950270	0.9892537173618162
Staphylococcus_argenteus	SRR5950271	1.3413229230288701
Staphylococcus_argenteus	SRR5950272	1.3089784563337146
Staphylococcus_argenteus	SRR5950273	1.1454665084023603
Staphylococcus_argenteus	SRR5950274	1.7067836703688277
Staphylococcus_argenteus	SRR5950275	2.324914264315491
Staphylococcus_argenteus	SRR5950276	2.0790342047612254
Staphylococcus_argenteus	SRR5950277	1.010166984066448
Staphylococcus_argenteus	SRR5950278	1.022973890358906
Staphylococcus_argenteus	SRR5950279	1.2741714324325568
Staphylococcus_argenteus	SRR5950280	0.46743757348912196
Staphylococcus_argenteus	SRR5950281	3.4120842915384273
Staphylococcus_argenteus	SRR5950282	1.0225129867920197
Staphylococcus_argenteus	SRR5950283	2.204616116651987
Staphylococcus_argenteus	SRR5950284	1.1346966921419992
Staphylococcus_argenteus	SRR5950285	0.7183217193923962
Staphylococcus_argenteus	SRR5950286	1.4960061180248219
Staphylococcus_argenteus	SRR5950287	5.096807364036679
Staphylococcus_argenteus	SRR5950288	1.0705915278137272
Staphylococcus_argenteus	SRR5950289	0.6323472799964978
Staphylococcus_argenteus	SRR5950290	2.4027770910823194
Staphylococcus_argenteus	SRR5950291	1.9145415279619067
Staphylococcus_argenteus	SRR5950292	2.366598019718265
Staphylococcus_argenteus	SRR5950293	3.174028146009768
Staphylococcus_argenteus	SRR5950294	1.0247831952679598
Staphylococcus_argenteus	SRR5950295	9.105188691756132
Staphylococcus_argenteus	SRR5950296	3.272415939019859
Staphylococcus_argenteus	SRR5950297	2.0600631466727233
Staphylococcus_argenteus	SRR5950298	1.4158727663556798
Staphylococcus_argenteus	SRR5950299	1.0732941783072139
Staphylococcus_argenteus	SRR5950300	0.9711005251391627
Staphylococcus_argenteus	SRR5950301	0.6599840280344584
Staphylococcus_argenteus	SRR5950302	1.0737696431162256
Staphylococcus_argenteus	SRR5950303	0.8327813391930959
Staphylococcus_argenteus	SRR5950304	3.100135303899666
Staphylococcus_argenteus	SRR5950305	0.5917450642717017
Staphylococcus_argenteus	SRR5950306	1.1454665084023603
Staphylococcus_argenteus	SRR5950307	2.3858696088231226
Staphylococcus_argenteus	SRR5950308	1.9692513092438544
Staphylococcus_argenteus	SRR5950309	4.167144314605237
Staphylococcus_argenteus	SRR5950310	2.2954092226639244
Staphylococcus_argenteus	SRR5950311	0.4800665664523604
Staphylococcus_argenteus	SRR5950312	1.2486570356175106
Staphylococcus_argenteus	SRR5950313	0.76043823778972
Staphylococcus_argenteus	SRR5950314	6.876193824955709
Staphylococcus_argenteus	SRR5950315	15.830578379688474
Staphylococcus_argenteus	SRR5950316	1.2635118489747474
Staphylococcus_argenteus	SRR5950317	1.0607344643039125
Staphylococcus_argenteus	SRR5950318	0.9967457772056652
Staphylococcus_argenteus	SRR5950319	1.1008553743051186
Staphylococcus_argenteus	SRR5950320	1.1020396562740746
Staphylococcus_argenteus	SRR5950321	1.0554689081528505
Staphylococcus_argenteus	SRR5950322	1.3618823313624977
Staphylococcus_argenteus	SRR5950323	2.4896606636468244
Staphylococcus_argenteus	SRR5950324	1.0690259297743245
Staphylococcus_argenteus	SRR5950325	1.3027469538237664
Staphylococcus_argenteus	SRR5950326	2.0539497507635915
Staphylococcus_argenteus	SRR5950327	7.864387988518934
Staphylococcus_argenteus	SRR5950328	2.2312507581448573
Staphylococcus_argenteus	SRR5950329	0.5411583054333909
Staphylococcus_argenteus	SRR5950330	1.1158396154066577
Staphylococcus_argenteus	SRR5950331	1.1360865901817379
Staphylococcus_argenteus	SRR5950332	1.1441391071297062
Staphylococcus_argenteus	SRR5950333	1.0450887383795906
Staphylococcus_argenteus	SRR5950334	2.5888329845364555
Staphylococcus_argenteus	SRR5950335	1.001849336329634
Staphylococcus_argenteus	SRR5950336	1.069894053378379
Staphylococcus_argenteus	SRR5950337	1.0949212521904848
Staphylococcus_argenteus	SRR5950338	1.1154579873036738
Staphylococcus_argenteus	SRR5950339	1.3243301233120008
Staphylococcus_argenteus	SRR5950340	1.1289022182802304
Staphylococcus_argenteus	SRR5950341	34.04436050064789
Staphylococcus_argenteus	SRR5950342	9.247666249965777
Staphylococcus_argenteus	SRR5950343	3.3431257950691324
Staphylococcus_argenteus	SRR5950344	3.864362940866294
Staphylococcus_argenteus	SRR5950345	1.2156095156829663
Staphylococcus_argenteus	SRR5950346	4.026023717362075
Staphylococcus_argenteus	SRR5950347	2.6053813316314494
Staphylococcus_argenteus	SRR5950348	1.0366693771195008
Staphylococcus_argenteus	SRR5950349	0.584534158771216
Staphylococcus_argenteus	SRR5950350	6.2984509410846945
Staphylococcus_argenteus	SRR5950351	5.2878223091345244
Staphylococcus_argenteus	SRR5950352	2.0933459221309665
Staphylococcus_argenteus	SRR5950353	1.8373897689819128
Staphylococcus_argenteus	SRR5950354	1.1095767168947774
Staphylococcus_argenteus	SRR5950355	1.2161743574055415
Staphylococcus_argenteus	SRR5950356	1.0724915249458775
Staphylococcus_argenteus	SRR5950357	2.972845657891577
Staphylococcus_argenteus	SRR5950358	1.1051689152661845
Staphylococcus_argenteus	SRR5950359	0.7725542052459782
Staphylococcus_argenteus	SRR5950360	2.0649481265766734
Staphylococcus_argenteus	SRR5950361	1.1157798239032726
Staphylococcus_argenteus	SRR5950362	0.6942341083984062
Staphylococcus_argenteus	SRR5950363	2.044258185926949
Staphylococcus_argenteus	SRR5950364	9.380763107001204
Staphylococcus_argenteus	SRR5950365	3.268031197696864
Staphylococcus_argenteus	SRR5950366	2.1416574329028233
Staphylococcus_argenteus	SRR5950367	9.170392335700596
Staphylococcus_argenteus	SRR5950368	4.238572105799273
Staphylococcus_argenteus	SRR5950369	0.6998627401949741
Staphylococcus_argenteus	SRR5950370	12.420149649080045
Staphylococcus_argenteus	SRR5950371	6.858007652159086
Staphylococcus_argenteus	SRR5950372	23.10026711159993
Staphylococcus_argenteus	SRR5950373	1.2645360629877291
Staphylococcus_argenteus	SRR5950374	1.0285054100837399
Staphylococcus_argenteus	SRR5950375	2.208727608771694
Staphylococcus_argenteus	SRR5950376	1.2501098860840925
Staphylococcus_argenteus	SRR5950377	1.1434233886621645
Staphylococcus_argenteus	SRR5950378	1.8093385174014183
Staphylococcus_argenteus	SRR5950379	0.8490173597373407
Staphylococcus_argenteus	SRR5950380	0.6181712065391043
Staphylococcus_argenteus	SRR5950381	1.1166214934683185
Staphylococcus_argenteus	SRR5950382	1.1682600166734873
Staphylococcus_argenteus	SRR5950383	0.6888965760929091
Staphylococcus_argenteus	SRR5950384	15.502982884404084
Staphylococcus_argenteus	SRR5950385	1.2104012049758404
Staphylococcus_argenteus	SRR5950386	1.135246261812664
Staphylococcus_argenteus	SRR5950387	2.313092163359343
Staphylococcus_argenteus	SRR5950388	3.6161922272642886
Staphylococcus_argenteus	SRR5950389	0.6904497879770103
Staphylococcus_argenteus	SRR5950390	2.095422001153045
Staphylococcus_argenteus	SRR5950391	1.1491107987979958
Staphylococcus_argenteus	SRR5950392	2.222817817467448
Staphylococcus_argenteus	SRR5950393	3.105690701188146
Staphylococcus_argenteus	SRR5950394	0.9412426880020937
Staphylococcus_argenteus	SRR5950395	0.5115377266493373
Staphylococcus_argenteus	SRR5950396	2.119565981746913
Staphylococcus_argenteus	SRR5950397	1.0485280380367323
Staphylococcus_argenteus	SRR5950398	2.114112101833202
Staphylococcus_argenteus	SRR5950399	2.2862262630052665
Staphylococcus_argenteus	SRR5950400	1.0807755057701498
Staphylococcus_argenteus	SRR5950401	1.0419241836108888
Staphylococcus_argenteus	SRR5950402	1.3576181684644153
Staphylococcus_argenteus	SRR5950403	0.7349943571048915
Staphylococcus_argenteus	SRR5950404	1.0743127488655082
Staphylococcus_argenteus	SRR5950405	3.6443894148504707
Staphylococcus_argenteus	SRR5950406	17.79467519642093
Staphylococcus_argenteus	SRR5950407	1.2806225919123124
Staphylococcus_argenteus	SRR5950408	0.42611187669887207
Staphylococcus_argenteus	SRR5950409	1.556749520255714
Staphylococcus_argenteus	SRR5950410	2.35822824157862
Staphylococcus_argenteus	SRR5950411	1.2561181074698347
Staphylococcus_argenteus	SRR5950412	5.447538775565045
Staphylococcus_argenteus	SRR5950413	0.7246978902319452
Staphylococcus_argenteus	SRR5950414	0.7229000081464182
Staphylococcus_argenteus	SRR5950415	5.7955830339897405
Staphylococcus_argenteus	SRR5950416	4.763701661949557
Staphylococcus_argenteus	SRR5950417	13.241783942780893
Staphylococcus_argenteus	SRR5950418	1.1579772882588515
Staphylococcus_argenteus	SRR5950419	1.1750753866410875
Staphylococcus_argenteus	SRR5950420	1.964944559050317
Staphylococcus_argenteus	SRR5950421	3.0791051036329704
Staphylococcus_argenteus	SRR5950422	23.22511791979179
Staphylococcus_argenteus	SRR5950423	1.0234293685677673
Staphylococcus_argenteus	SRR5950424	27.157696612549014
Staphylococcus_argenteus	SRR5950425	1.0968665957577715
Staphylococcus_argenteus	SRR5950426	2.9655295449927093
Staphylococcus_argenteus	SRR5950427	6.013718545066039
Staphylococcus_argenteus	SRR5950428	5.671632706930585
Staphylococcus_argenteus	SRR5950429	0.2985891871554461
Staphylococcus_argenteus	SRR5950430	1.0293139060877181
Staphylococcus_argenteus	SRR5950431	0.8731218625393911
Staphylococcus_argenteus	SRR5950432	2.388736384841019
Staphylococcus_argenteus	SRR5950433	2.2558532745868494
Staphylococcus_argenteus	SRR5950434	2.2713037223360493
Staphylococcus_argenteus	SRR5950435	1.0535171201897175
Staphylococcus_argenteus	SRR5950436	1.2045163379879462
Staphylococcus_argenteus	SRR5950437	1.0914773460150824
Staphylococcus_argenteus	SRR5950438	1.1767191136789161
Staphylococcus_argenteus	SRR5950439	0.8988905618328656
Staphylococcus_argenteus	SRR5950440	1.0039645895712337
Staphylococcus_argenteus	SRR5950441	2.093907625964787
Staphylococcus_argenteus	SRR5950442	6.92986290171191
Staphylococcus_argenteus	SRR5950443	5.4055266441642935
Staphylococcus_argenteus	SRR5950444	1.1127185628459835
Staphylococcus_argenteus	SRR5950445	8.333669855137579
Staphylococcus_argenteus	SRR5950446	2.0570108201674797
Staphylococcus_argenteus	SRR5950447	1.148714953695668
Staphylococcus_argenteus	SRR5950448	7.10841304193386
Staphylococcus_argenteus	SRR5950449	2.011494813519827
Staphylococcus_argenteus	SRR5950450	1.0720152436457293
Staphylococcus_argenteus	SRR5950451	1.329893515788851
Staphylococcus_argenteus	SRR5950452	1.2996734255143718
Staphylococcus_argenteus	SRR5950453	5.611921431031365
Staphylococcus_argenteus	SRR5950454	4.021511674917298
Staphylococcus_argenteus	SRR5950455	0.406780341824539
Staphylococcus_argenteus	SRR5950456	1.1668644555725354
Staphylococcus_argenteus	SRR5950457	0.9401464743506868
Staphylococcus_argenteus	SRR5950458	0.2510187726452709
Staphylococcus_argenteus	SRR5950459	2.2899328281262723
Staphylococcus_argenteus	SRR5950460	3.026230616438273
Staphylococcus_argenteus	SRR5950461	0.7265476025606183
Staphylococcus_argenteus	SRR5950462	1.1493581768800214
Staphylococcus_argenteus	SRR5950463	3.744573211404779
Staphylococcus_argenteus	SRR5950464	2.2206710268597565
Staphylococcus_argenteus	SRR5950465	1.0315189805657066
Staphylococcus_argenteus	SRR5950466	1.0478426574288995
Staphylococcus_argenteus	SRR5950467	1.1787705720158534
Staphylococcus_argenteus	SRR5950468	1.0994759217634296
Staphylococcus_argenteus	SRR5950469	2.290282247279149
Staphylococcus_argenteus	SRR5950470	1.2128503257805487
Staphylococcus_argenteus	SRR5963912	1.336150659047432
Staphylococcus_argenteus	SRR5963913	1.208660802110287
Staphylococcus_argenteus	SRR5963914	1.3191638148200748
Staphylococcus_argenteus	SRR5963915	2.1672018457000783
Staphylococcus_argenteus	SRR5963916	1.258227370838775
Staphylococcus_argenteus	SRR5963917	1.1925915500267912
Staphylococcus_argenteus	SRR5963918	0.6772440998907492
Staphylococcus_argenteus	SRR5963919	4.402957940141919
Staphylococcus_argenteus	SRR5963920	4.198194038084903
Staphylococcus_argenteus	SRR5963921	7.167843104598972
Staphylococcus_argenteus	SRR5963922	1.0598979296439894
Staphylococcus_argenteus	SRR5963923	3.2267127387861203
Staphylococcus_argenteus	SRR5963924	1.2131328594734012
Staphylococcus_argenteus	SRR5963925	0.7168630944831527
Staphylococcus_argenteus	SRR5963926	1.1610361643469678
Staphylococcus_argenteus	SRR5963927	8.20218918130526
Staphylococcus_argenteus	SRR5963928	1.1725219183256181
Staphylococcus_argenteus	SRR5963929	4.24293785721565
Staphylococcus_argenteus	SRR5963930	1.1301657526466053
Staphylococcus_argenteus	SRR5963931	1.1620442831621332
Staphylococcus_argenteus	SRR5963932	1.2019384090069336
Staphylococcus_argenteus	SRR5963933	1.1524965185767408
Staphylococcus_argenteus	SRR5963934	4.03542818372182
Staphylococcus_argenteus	SRR5963935	1.0901779608920006
Staphylococcus_argenteus	SRR5963936	0.7025167075145174
Staphylococcus_argenteus	SRR5963937	1.0169412758864895
Staphylococcus_argenteus	SRR5963938	1.17911412078931
Staphylococcus_argenteus	SRR5963939	2.4498293503769593
Staphylococcus_argenteus	SRR5963940	1.1531145474732438
Staphylococcus_argenteus	SRR5963941	1.3612319094799556
Staphylococcus_argenteus	SRR5963942	2.614359181336479
Staphylococcus_argenteus	SRR5963943	6.322098097857278
Staphylococcus_argenteus	SRR5963944	1.2949522849249593
Staphylococcus_argenteus	SRR5963945	0.8869277629799814
Staphylococcus_argenteus	SRR5963946	1.0954711451490824
Staphylococcus_argenteus	SRR5963947	0.6300058229818473
Staphylococcus_argenteus	SRR5963948	3.3662102632698776
Staphylococcus_argenteus	SRR6467548	NA
Staphylococcus_argenteus	SRR6467549	NA
Staphylococcus_argenteus	SRR6467550	NA
Staphylococcus_argenteus	SRR6467551	NA
Staphylococcus_argenteus	SRR6467552	NA
Staphylococcus_argenteus	SRR6467553	NA
Staphylococcus_argenteus	SRR6467554	NA
Staphylococcus_argenteus	SRR6467555	NA
Staphylococcus_argenteus	SRR6467556	NA
Staphylococcus_argenteus	SRR6467557	NA
Staphylococcus_argenteus	SRR6467558	NA
Staphylococcus_argenteus	SRR6467559	NA
Staphylococcus_argenteus	SRR6467560	NA
Staphylococcus_argenteus	SRR6467561	NA
Staphylococcus_argenteus	SRR6467562	NA
Staphylococcus_argenteus	SRR6467563	NA
Staphylococcus_argenteus	SRR6467564	NA
Staphylococcus_argenteus	SRR6467565	NA
Staphylococcus_argenteus	SRR6467566	NA
Staphylococcus_argenteus	SRR6467567	NA
Staphylococcus_argenteus	SRR6467568	NA
Staphylococcus_argenteus	SRR6467569	NA
Staphylococcus_argenteus	SRR6467570	NA
Staphylococcus_argenteus	SRR6467571	NA
Staphylococcus_argenteus	SRR6467572	NA
Staphylococcus_argenteus	SRR6467573	NA
Staphylococcus_argenteus	SRR6467574	NA
Staphylococcus_argenteus	SRR6467575	NA
Staphylococcus_argenteus	SRR6467576	NA
Staphylococcus_argenteus	SRR6467577	NA
Staphylococcus_argenteus	SRR6467578	NA
Staphylococcus_argenteus	SRR6467579	NA
Staphylococcus_argenteus	SRR6467580	NA
Staphylococcus_argenteus	SRR6467581	NA
Staphylococcus_argenteus	SRR6467582	NA
Staphylococcus_argenteus	SRR6467583	NA
Staphylococcus_argenteus	SRR6467584	NA
Staphylococcus_argenteus	SRR6467585	NA
Staphylococcus_argenteus	SRR6467586	NA
Staphylococcus_argenteus	SRR6467587	NA
Staphylococcus_argenteus	SRR6467588	NA
Staphylococcus_argenteus	SRR6467589	NA
Staphylococcus_argenteus	SRR6467590	NA
Staphylococcus_argenteus	SRR6467591	NA
Staphylococcus_argenteus	SRR6467592	NA
Staphylococcus_argenteus	SRR6467593	NA
Staphylococcus_argenteus	SRR6467594	NA
Staphylococcus_argenteus	SRR6467595	NA
Staphylococcus_argenteus	SRR6467596	NA
Staphylococcus_argenteus	SRR6467597	NA
Staphylococcus_argenteus	SRR6467598	NA
Staphylococcus_argenteus	SRR6467599	NA
Staphylococcus_argenteus	SRR6467600	NA
Staphylococcus_argenteus	SRR6467601	NA
Staphylococcus_argenteus	SRR6467602	NA
Staphylococcus_argenteus	SRR6467603	NA
Staphylococcus_argenteus	SRR6467604	NA
Staphylococcus_argenteus	SRR6467605	NA
Staphylococcus_argenteus	SRR6467606	NA
Staphylococcus_argenteus	SRR6467607	NA
Staphylococcus_argenteus	SRR6467608	NA
Staphylococcus_argenteus	SRR6467609	NA
Staphylococcus_argenteus	SRR6467610	NA
Staphylococcus_argenteus	SRR6467611	NA
Staphylococcus_argenteus	SRR6467612	NA
Staphylococcus_argenteus	SRR6467613	NA
Staphylococcus_argenteus	SRR6467614	NA
Staphylococcus_argenteus	SRR6467615	NA
Staphylococcus_argenteus	SRR6467616	NA
Staphylococcus_argenteus	SRR6467617	NA
Staphylococcus_argenteus	SRR6467618	NA
Staphylococcus_argenteus	SRR6467619	NA
Staphylococcus_argenteus	SRR6467620	NA
Staphylococcus_argenteus	SRR6467621	NA
Staphylococcus_argenteus	SRR6467622	NA
Staphylococcus_argenteus	SRR6467623	NA
Staphylococcus_argenteus	SRR6467624	NA
Staphylococcus_argenteus	SRR6467625	NA
Staphylococcus_argenteus	SRR6467626	NA
Staphylococcus_argenteus	SRR6467627	NA
Staphylococcus_argenteus	SRR6467628	NA
Staphylococcus_argenteus	SRR6467629	NA
Staphylococcus_argenteus	SRR6467630	NA
Staphylococcus_argenteus	SRR6467631	NA
Staphylococcus_argenteus	SRR6467632	NA
Staphylococcus_argenteus	SRR6467633	NA
Staphylococcus_argenteus	SRR6467634	NA
Staphylococcus_argenteus	SRR6467635	NA
Staphylococcus_argenteus	SRR6467636	NA
Staphylococcus_argenteus	SRR6467637	NA
Staphylococcus_argenteus	SRR6467638	NA
Staphylococcus_argenteus	SRR6467639	NA
Staphylococcus_argenteus	SRR6467640	NA
Staphylococcus_argenteus	SRR6467641	NA
Staphylococcus_argenteus	SRR6467642	NA
Staphylococcus_argenteus	SRR6467643	NA
Staphylococcus_argenteus	SRR6467644	NA
Staphylococcus_argenteus	SRR6467645	NA
Staphylococcus_argenteus	SRR6467646	NA
Staphylococcus_argenteus	SRR6467647	NA
Staphylococcus_argenteus	SRR6467648	NA
Staphylococcus_argenteus	SRR6467649	NA
Staphylococcus_argenteus	SRR6467650	NA
Staphylococcus_argenteus	SRR6467651	NA
Staphylococcus_argenteus	SRR6467652	NA
Staphylococcus_argenteus	SRR6467653	NA
Staphylococcus_argenteus	SRR6467654	NA
Staphylococcus_argenteus	SRR6467655	NA
Staphylococcus_argenteus	SRR6467656	NA
Staphylococcus_argenteus	SRR6467657	NA
Staphylococcus_argenteus	SRR6467658	NA
Staphylococcus_argenteus	SRR6467659	NA
Staphylococcus_argenteus	SRR6467660	NA
Staphylococcus_argenteus	SRR6467661	NA
Staphylococcus_argenteus	SRR6467662	NA
Staphylococcus_argenteus	SRR6467663	NA
Staphylococcus_argenteus	SRR6467664	NA
Staphylococcus_argenteus	SRR6467665	NA
Staphylococcus_argenteus	SRR6467666	NA
Staphylococcus_argenteus	SRR6467667	NA
Staphylococcus_argenteus	SRR6467668	NA
Staphylococcus_argenteus	SRR6467669	NA
Staphylococcus_argenteus	SRR6467670	NA
Staphylococcus_argenteus	SRR6467671	NA
Staphylococcus_argenteus	SRR6467672	NA
Staphylococcus_argenteus	SRR6467673	NA
Staphylococcus_argenteus	SRR6467674	NA
Staphylococcus_argenteus	SRR6467675	NA
Staphylococcus_argenteus	SRR6467676	NA
Staphylococcus_argenteus	SRR6467677	NA
Staphylococcus_argenteus	SRR6467678	NA
Staphylococcus_argenteus	SRR6467679	NA
Staphylococcus_argenteus	SRR6467680	NA
Staphylococcus_argenteus	SRR6467681	NA
Staphylococcus_argenteus	SRR6467682	NA
Staphylococcus_argenteus	SRR6467683	NA
Staphylococcus_argenteus	SRR6467684	NA
Staphylococcus_argenteus	SRR6467685	NA
Staphylococcus_argenteus	SRR6467686	NA
Staphylococcus_argenteus	SRR6467687	NA
Staphylococcus_argenteus	SRR6467688	NA
Staphylococcus_argenteus	SRR6467689	NA
Staphylococcus_argenteus	SRR6467690	NA
Staphylococcus_argenteus	SRR6467691	NA
Staphylococcus_argenteus	SRR6467692	NA
Staphylococcus_argenteus	SRR6467693	NA
Staphylococcus_argenteus	SRR6467694	NA
Staphylococcus_argenteus	SRR6467695	NA
Staphylococcus_argenteus	SRR6467696	NA
Staphylococcus_argenteus	SRR6467697	NA
Staphylococcus_argenteus	SRR6467698	NA
Staphylococcus_argenteus	SRR6467699	NA
Staphylococcus_argenteus	SRR6467700	NA
Staphylococcus_argenteus	SRR6467701	NA
Staphylococcus_argenteus	SRR6467702	NA
Staphylococcus_argenteus	SRR6467703	NA
Staphylococcus_argenteus	SRR6467704	NA
Staphylococcus_argenteus	SRR6467705	NA
Staphylococcus_argenteus	SRR6467706	NA
Staphylococcus_argenteus	SRR6467707	NA
Staphylococcus_argenteus	SRR6467708	NA
Staphylococcus_argenteus	SRR6467709	NA
Staphylococcus_argenteus	SRR6467710	NA
Staphylococcus_argenteus	SRR6467711	NA
Staphylococcus_argenteus	SRR6467712	NA
Staphylococcus_argenteus	SRR6467713	NA
Staphylococcus_argenteus	SRR6467714	NA
Staphylococcus_argenteus	SRR6467715	NA
Staphylococcus_argenteus	SRR6467716	NA
Staphylococcus_argenteus	SRR6467717	NA
Staphylococcus_argenteus	SRR6467718	NA
Staphylococcus_argenteus	SRR6467719	NA
Staphylococcus_argenteus	SRR6467720	NA
Staphylococcus_argenteus	SRR6467721	NA
Staphylococcus_argenteus	SRR6467722	NA
Staphylococcus_argenteus	SRR6467723	NA
Staphylococcus_argenteus	SRR6467724	NA
Staphylococcus_argenteus	SRR6467725	NA
Staphylococcus_argenteus	SRR6467726	NA
Staphylococcus_argenteus	SRR6467727	NA
Staphylococcus_argenteus	SRR6467728	NA
Staphylococcus_argenteus	SRR6467729	NA
Staphylococcus_argenteus	SRR6467730	NA
Staphylococcus_argenteus	SRR6467731	NA
Staphylococcus_argenteus	SRR6467732	NA
Staphylococcus_argenteus	SRR6467733	NA
Staphylococcus_argenteus	SRR6467734	NA
Staphylococcus_argenteus	SRR6467735	NA
Staphylococcus_argenteus	SRR6467736	NA
Staphylococcus_argenteus	SRR6467737	NA
Staphylococcus_argenteus	SRR6467738	NA
Staphylococcus_argenteus	SRR6467739	NA
Staphylococcus_argenteus	SRR6467740	NA
Staphylococcus_argenteus	SRR6467741	NA
Staphylococcus_argenteus	SRR6467742	NA
Staphylococcus_argenteus	SRR6467743	NA
Staphylococcus_argenteus	SRR6467744	NA
Staphylococcus_argenteus	SRR6467745	NA
Staphylococcus_argenteus	SRR6467746	NA
Staphylococcus_argenteus	SRR6467747	NA
Staphylococcus_argenteus	SRR6467748	NA
Staphylococcus_argenteus	SRR6467749	NA
Staphylococcus_argenteus	SRR6467750	NA
Staphylococcus_argenteus	SRR6467751	NA
Staphylococcus_argenteus	SRR6467752	NA
Staphylococcus_argenteus	SRR6467753	NA
Staphylococcus_argenteus	SRR6467754	NA
Staphylococcus_argenteus	SRR6467755	NA
Staphylococcus_argenteus	SRR6467756	NA
Staphylococcus_argenteus	SRR6467757	NA
Staphylococcus_argenteus	SRR6467758	NA
Staphylococcus_argenteus	SRR6467759	NA
Staphylococcus_argenteus	SRR6467760	NA
Staphylococcus_argenteus	SRR6467761	NA
Staphylococcus_argenteus	SRR6467762	NA
Staphylococcus_argenteus	SRR6467763	NA
Staphylococcus_argenteus	SRR6467764	NA
Staphylococcus_argenteus	SRR6467765	NA
Staphylococcus_argenteus	SRR6467766	NA
Staphylococcus_argenteus	SRR6467767	NA
Staphylococcus_argenteus	SRR6467768	NA
Staphylococcus_argenteus	SRR6467769	NA
Staphylococcus_argenteus	SRR6467770	NA
Staphylococcus_argenteus	SRR6467771	NA
Staphylococcus_argenteus	SRR6467772	NA
Staphylococcus_argenteus	SRR6467773	NA
Staphylococcus_argenteus	SRR6868540	NA
Staphylococcus_argenteus	SRR6868541	NA
Staphylococcus_argenteus	SRR6868542	NA
Staphylococcus_argenteus	SRR6868543	NA
Staphylococcus_argenteus	SRR6868544	NA
Staphylococcus_argenteus	SRR6868545	NA
Staphylococcus_argenteus	SRR6868546	NA
Staphylococcus_argenteus	SRR6868557	NA
Staphylococcus_argenteus	SRR6868558	NA
Staphylococcus_argenteus	SRR6868559	NA
Staphylococcus_argenteus	SRR6868560	NA
Staphylococcus_argenteus	SRR6868569	NA
Staphylococcus_argenteus	SRR6868570	NA
Staphylococcus_argenteus	SRR6868571	NA
Staphylococcus_argenteus	SRR6868572	NA
Staphylococcus_argenteus	SRR6868573	NA
Staphylococcus_argenteus	SRR6868574	NA
Staphylococcus_argenteus	SRR6868575	NA
Staphylococcus_argenteus	SRR6868576	NA
Staphylococcus_argenteus	SRR6868577	NA
Staphylococcus_argenteus	SRR6868578	NA
Staphylococcus_argenteus	SRR6868579	NA
Staphylococcus_argenteus	SRR6868580	NA
Staphylococcus_argenteus	SRR6868581	NA
Staphylococcus_argenteus	SRR6868582	NA
Staphylococcus_argenteus	SRR6868585	NA
Staphylococcus_argenteus	SRR6868586	NA
Staphylococcus_argenteus	SRR6868587	NA
Staphylococcus_argenteus	SRR6868588	NA
Staphylococcus_argenteus	SRR6868589	NA
Staphylococcus_argenteus	SRR6868590	NA
Staphylococcus_argenteus	SRR6868591	NA
Staphylococcus_argenteus	SRR6868604	NA
Staphylococcus_argenteus	SRR6868605	NA
Staphylococcus_argenteus	SRR6868606	NA
Staphylococcus_argenteus	SRR6868607	NA
Staphylococcus_argenteus	SRR6868608	NA
Staphylococcus_argenteus	SRR6868609	NA
Staphylococcus_argenteus	SRR6868610	NA
Staphylococcus_argenteus	SRR6868620	NA
Staphylococcus_argenteus	SRR6868621	NA
Staphylococcus_argenteus	SRR6868622	NA
Staphylococcus_argenteus	SRR6868623	NA
Staphylococcus_argenteus	SRR6868636	NA
Staphylococcus_argenteus	SRR6868637	NA
Staphylococcus_argenteus	SRR6868638	NA
Staphylococcus_argenteus	SRR6868639	NA
Staphylococcus_argenteus	SRR6868650	NA
Staphylococcus_argenteus	SRR6868651	NA
Staphylococcus_argenteus	SRR6868652	NA
Staphylococcus_argenteus	SRR6868653	NA
Staphylococcus_argenteus	SRR6868654	NA
Staphylococcus_argenteus	SRR6868655	NA
Staphylococcus_argenteus	SRR6868665	NA
Staphylococcus_argenteus	SRR6868666	NA
Staphylococcus_argenteus	SRR6868667	NA
Staphylococcus_argenteus	SRR6868668	NA
Staphylococcus_argenteus	SRR6868669	NA
Staphylococcus_argenteus	SRR6868670	NA
Staphylococcus_argenteus	SRR6868671	NA
Staphylococcus_argenteus	SRR6868683	NA
Staphylococcus_argenteus	SRR6868684	NA
Staphylococcus_argenteus	SRR6868685	NA
Staphylococcus_argenteus	SRR6868686	NA
Staphylococcus_argenteus	SRR6868687	NA
Staphylococcus_argenteus	SRR6868688	NA
Staphylococcus_argenteus	SRR6868689	NA
Staphylococcus_argenteus	SRR6868698	NA
Staphylococcus_argenteus	SRR6868699	NA
Staphylococcus_argenteus	SRR6868700	NA
Staphylococcus_argenteus	SRR6868701	NA
Staphylococcus_argenteus	SRR6868702	NA
Staphylococcus_argenteus	SRR6868713	NA
Staphylococcus_argenteus	SRR6868714	NA
Staphylococcus_argenteus	SRR6868715	NA
Staphylococcus_argenteus	SRR6868716	NA
Staphylococcus_argenteus	SRR6868717	NA
Staphylococcus_argenteus	SRR6868718	NA
Staphylococcus_argenteus	SRR6868719	NA
Staphylococcus_argenteus	SRR6868720	NA
Staphylococcus_argenteus	SRR6868721	NA
Staphylococcus_argenteus	SRR6868722	NA
Staphylococcus_argenteus	SRR6868723	NA
Staphylococcus_argenteus	SRR6868724	NA
Staphylococcus_argenteus	SRR6868725	NA
Staphylococcus_argenteus	SRR6868726	NA
Staphylococcus_argenteus	SRR6868741	NA
Staphylococcus_argenteus	SRR7632756	NA
Staphylococcus_argenteus	SRR7632757	NA
Staphylococcus_argenteus	SRR7632758	NA
Staphylococcus_argenteus	SRR7632759	NA
Staphylococcus_argenteus	SRR7632760	NA
Staphylococcus_argenteus	SRR7632761	NA
Staphylococcus_argenteus	SRR7632762	NA
Staphylococcus_argenteus	SRR7632763	NA
Staphylococcus_argenteus	SRR7632764	NA
Staphylococcus_argenteus	SRR7632765	NA
Staphylococcus_argenteus	SRR7632766	NA
Staphylococcus_argenteus	SRR7632767	NA
Staphylococcus_argenteus	SRR7632768	NA
Staphylococcus_argenteus	SRR7632769	NA
Staphylococcus_argenteus	SRR7632770	NA
Staphylococcus_argenteus	SRR7632771	NA
Staphylococcus_argenteus	SRR7632772	NA
Staphylococcus_argenteus	SRR7632773	NA
Staphylococcus_argenteus	SRR7632774	NA
Staphylococcus_argenteus	SRR7632775	NA
Staphylococcus_argenteus	SRR7632776	NA
Staphylococcus_argenteus	SRR7632777	NA
Staphylococcus_argenteus	SRR7632778	NA
Staphylococcus_argenteus	SRR7632779	NA
Staphylococcus_argenteus	SRR7632780	NA
Staphylococcus_argenteus	SRR7632781	NA
Staphylococcus_argenteus	SRR7632782	NA
Staphylococcus_argenteus	SRR7632783	NA
Staphylococcus_argenteus	SRR7632784	NA
Staphylococcus_argenteus	SRR7632785	NA
Staphylococcus_argenteus	SRR7632786	NA
Staphylococcus_argenteus	SRR7632787	NA
Staphylococcus_argenteus	SRR7632788	NA
Staphylococcus_argenteus	SRR7632789	NA
Staphylococcus_argenteus	SRR7632790	NA
Staphylococcus_argenteus	SRR7632791	NA
Staphylococcus_argenteus	SRR7632792	NA
Staphylococcus_argenteus	SRR7632793	NA
Staphylococcus_argenteus	SRR7632794	NA
Staphylococcus_argenteus	SRR7632795	NA
Staphylococcus_argenteus	SRR7632796	NA
Staphylococcus_argenteus	SRR7632797	NA
Staphylococcus_argenteus	SRR7632798	NA
Staphylococcus_argenteus	SRR7632799	NA
Staphylococcus_argenteus	SRR7632800	NA
Staphylococcus_argenteus	SRR7632801	NA
Staphylococcus_argenteus	SRR7632802	NA
Staphylococcus_argenteus	SRR7632803	NA
Staphylococcus_argenteus	SRR7632804	NA
Staphylococcus_argenteus	SRR7632805	NA
Staphylococcus_argenteus	SRR7632806	NA
Staphylococcus_argenteus	SRR7632807	NA
Staphylococcus_argenteus	SRR7632808	NA
Staphylococcus_argenteus	SRR7632809	NA
Staphylococcus_argenteus	SRR7632810	NA
Staphylococcus_argenteus	SRR7632811	NA
Staphylococcus_argenteus	SRR7632812	NA
Staphylococcus_argenteus	SRR7632813	NA
Staphylococcus_argenteus	SRR7632814	NA
Staphylococcus_argenteus	SRR7632815	NA
Staphylococcus_argenteus	SRR7632816	NA
Staphylococcus_argenteus	SRR7632817	NA
Staphylococcus_argenteus	SRR7632818	NA
Staphylococcus_argenteus	SRR7632819	NA
Staphylococcus_argenteus	SRR7632820	NA
Staphylococcus_argenteus	SRR7632821	NA
Staphylococcus_argenteus	SRR7632822	NA
Staphylococcus_argenteus	SRR7632823	NA
Staphylococcus_argenteus	SRR7632824	NA
Staphylococcus_argenteus	SRR7632825	NA
Staphylococcus_argenteus	SRR7632826	NA
Staphylococcus_argenteus	SRR7632827	NA
Staphylococcus_argenteus	SRR7632828	NA
Staphylococcus_argenteus	SRR7632829	NA
Staphylococcus_argenteus	SRR7632830	NA
Staphylococcus_argenteus	SRR7632831	NA
Staphylococcus_argenteus	SRR7632832	NA
Staphylococcus_argenteus	SRR7632833	NA
Staphylococcus_argenteus	SRR7632834	NA
Staphylococcus_argenteus	SRR7632835	NA
Staphylococcus_argenteus	SRR7632836	NA
Staphylococcus_argenteus	SRR7632837	NA
Staphylococcus_argenteus	SRR7632838	NA
Staphylococcus_argenteus	SRR7632839	NA
Staphylococcus_argenteus	SRR7632840	NA
Staphylococcus_argenteus	SRR7632841	NA
Staphylococcus_argenteus	SRR7632842	NA
Staphylococcus_argenteus	SRR7632843	NA
Staphylococcus_argenteus	SRR7632844	NA
Staphylococcus_argenteus	SRR7632845	NA
Staphylococcus_argenteus	SRR7632846	NA
Staphylococcus_argenteus	SRR7632847	NA
Staphylococcus_argenteus	SRR7632848	NA
Staphylococcus_argenteus	SRR7632849	NA
Staphylococcus_argenteus	SRR7632850	NA
Staphylococcus_argenteus	SRR7632851	NA
Staphylococcus_argenteus	SRR7632852	NA
Staphylococcus_argenteus	SRR7632853	NA
Staphylococcus_argenteus	SRR7632854	NA
Staphylococcus_argenteus	SRR7632855	NA
Staphylococcus_argenteus	SRR7632856	NA
Staphylococcus_argenteus	SRR7632857	NA
Staphylococcus_argenteus	SRR7632858	NA
Staphylococcus_argenteus	SRR7632859	NA
Staphylococcus_argenteus	SRR7632860	NA
Staphylococcus_argenteus	SRR7632861	NA
Staphylococcus_argenteus	SRR7632862	NA
Staphylococcus_argenteus	SRR7632863	NA
Staphylococcus_argenteus	SRR7632864	NA
Staphylococcus_argenteus	SRR7632865	NA
Staphylococcus_argenteus	SRR7632866	NA
Staphylococcus_argenteus	SRR7632867	NA
Staphylococcus_argenteus	SRR7632868	NA
Staphylococcus_argenteus	SRR7632869	NA
Staphylococcus_argenteus	SRR7632870	NA
Staphylococcus_argenteus	SRR7632871	NA
Staphylococcus_argenteus	SRR7632872	NA
Staphylococcus_argenteus	SRR7632873	NA
Staphylococcus_argenteus	SRR7632874	NA
Staphylococcus_argenteus	SRR7632875	NA
Staphylococcus_argenteus	SRR7632876	NA
Staphylococcus_argenteus	SRR7632877	NA
Staphylococcus_argenteus	SRR7632878	NA
Staphylococcus_argenteus	SRR7632879	NA
Staphylococcus_argenteus	SRR7632880	NA
Staphylococcus_argenteus	SRR7632881	NA
Staphylococcus_argenteus	SRR7632882	NA
Staphylococcus_argenteus	SRR7632883	NA
Staphylococcus_argenteus	SRR7632884	NA
Staphylococcus_argenteus	SRR7632885	NA
Staphylococcus_argenteus	SRR7632886	NA
Staphylococcus_argenteus	SRR7632887	NA
Staphylococcus_argenteus	SRR7632888	NA
Staphylococcus_argenteus	SRR7632889	NA
Staphylococcus_argenteus	SRR7632890	NA
Staphylococcus_argenteus	SRR7632891	NA
Staphylococcus_argenteus	SRR7632892	NA
Staphylococcus_argenteus	SRR7632893	NA
Staphylococcus_argenteus	SRR7632894	NA
Staphylococcus_argenteus	SRR7632895	NA
Staphylococcus_argenteus	SRR7632896	NA
Staphylococcus_argenteus	SRR7632897	NA
Staphylococcus_argenteus	SRR7632898	NA
Staphylococcus_argenteus	SRR7632899	NA
Staphylococcus_argenteus	SRR7632900	NA
Staphylococcus_argenteus	SRR7632901	NA
Staphylococcus_argenteus	SRR7632902	NA
Staphylococcus_argenteus	SRR7632903	NA
Staphylococcus_argenteus	SRR7632904	NA
Staphylococcus_argenteus	SRR7632905	NA
Staphylococcus_argenteus	SRR7632906	NA
Staphylococcus_argenteus	SRR7632907	NA
Staphylococcus_argenteus	SRR7632908	NA
Staphylococcus_argenteus	SRR7632909	NA
Staphylococcus_argenteus	SRR7632910	NA
Staphylococcus_argenteus	SRR7632911	NA
Staphylococcus_argenteus	SRR7632912	NA
Staphylococcus_argenteus	SRR7632913	NA
Staphylococcus_argenteus	SRR7632914	NA
Staphylococcus_argenteus	SRR7632915	NA
Staphylococcus_argenteus	SRR7632916	NA
Staphylococcus_argenteus	SRR7632917	NA
Staphylococcus_argenteus	SRR7632918	NA
Staphylococcus_argenteus	SRR7632919	NA
Staphylococcus_argenteus	SRR7632920	NA
Staphylococcus_argenteus	SRR7632921	NA
Staphylococcus_argenteus	SRR7632922	NA
Staphylococcus_argenteus	SRR7632923	NA
Staphylococcus_argenteus	SRR7632924	NA
Staphylococcus_argenteus	SRR7632925	NA
Staphylococcus_argenteus	SRR7632926	NA
Staphylococcus_argenteus	SRR7632927	NA
Staphylococcus_argenteus	SRR7632928	NA
Staphylococcus_argenteus	SRR7632929	NA
Staphylococcus_argenteus	SRR7632930	NA
Staphylococcus_argenteus	SRR7632931	NA
Staphylococcus_argenteus	SRR7632932	NA
Staphylococcus_argenteus	SRR7632933	NA
Staphylococcus_argenteus	SRR7632934	NA
Staphylococcus_argenteus	SRR7632935	NA
Staphylococcus_argenteus	SRR7632936	NA
Staphylococcus_argenteus	SRR7632937	NA
Staphylococcus_argenteus	SRR7632938	NA
Staphylococcus_argenteus	SRR7632939	NA
Staphylococcus_argenteus	SRR7632940	NA
Staphylococcus_argenteus	SRR7632941	NA
Staphylococcus_argenteus	SRR7632942	NA
Staphylococcus_argenteus	SRR7632943	NA
Staphylococcus_argenteus	SRR7632944	NA
Staphylococcus_argenteus	SRR7632945	NA
Staphylococcus_argenteus	SRR8928966	NA
Staphylococcus_argenteus	SRR8928967	NA
Staphylococcus_argenteus	SRR8928968	NA
Staphylococcus_argenteus	SRR8928969	NA
Staphylococcus_argenteus	SRR8928970	NA
Staphylococcus_argenteus	SRR8928971	NA
Staphylococcus_argenteus	SRR8928972	NA
Staphylococcus_argenteus	SRR8928973	NA
Staphylococcus_argenteus	SRR8928974	NA
Staphylococcus_argenteus	SRR8928975	NA
Staphylococcus_argenteus	SRR8928976	NA
Staphylococcus_argenteus	SRR8928977	NA
Staphylococcus_argenteus	SRR8928978	NA
Staphylococcus_argenteus	SRR8928979	NA
Staphylococcus_argenteus	SRR8928980	NA
Staphylococcus_argenteus	SRR8928981	NA
Staphylococcus_argenteus	SRR8928982	NA
Staphylococcus_argenteus	SRR8928983	NA
Staphylococcus_argenteus	SRR8928984	NA
Staphylococcus_argenteus	SRR8928985	NA
Staphylococcus_argenteus	SRR8928986	NA
Staphylococcus_argenteus	SRR8928987	NA
Staphylococcus_argenteus	SRR8928988	NA
Staphylococcus_argenteus	SRR8928989	NA
Staphylococcus_argenteus	SRR8928990	NA
Staphylococcus_argenteus	SRR8928991	NA
Staphylococcus_argenteus	SRR9835604	NA
Staphylococcus_argenteus	SRR9835605	NA
Staphylococcus_argenteus	SRR9835606	NA
Staphylococcus_argenteus	SRR9835607	NA
Staphylococcus_argenteus	SRR9835608	NA
Staphylococcus_argenteus	SRR9835609	NA
Staphylococcus_argenteus	SRR9835610	NA
Staphylococcus_argenteus	SRR9835611	NA
Staphylococcus_argenteus	SRR9835612	NA
Staphylococcus_argenteus	SRR9835613	NA
Staphylococcus_argenteus	SRR9835614	NA
Staphylococcus_argenteus	SRR9835615	NA
Staphylococcus_argenteus	SRR9835616	NA
Staphylococcus_argenteus	SRR9835617	NA
Staphylococcus_argenteus	SRR9835618	NA
Staphylococcus_argenteus	SRR9835619	NA
Staphylococcus_argenteus	SRR9835620	NA
Staphylococcus_argenteus	SRR9835621	NA
Staphylococcus_argenteus	SRR9835622	NA
Staphylococcus_argenteus	SRR9835623	NA
Staphylococcus_argenteus	SRR9835624	NA
Staphylococcus_argenteus	SRR9835625	NA
Staphylococcus_argenteus	SRR9835626	NA
Staphylococcus_argenteus	SRR9835627	NA
Staphylococcus_argenteus	SRR9835628	NA
Staphylococcus_argenteus	SRR9835629	NA
Staphylococcus_argenteus	SRR9835630	NA
Staphylococcus_argenteus	SRR9835631	NA
Staphylococcus_argenteus	SRR9835632	NA
Staphylococcus_argenteus	SRR9835633	NA
Staphylococcus_argenteus	SRR9835634	NA
Staphylococcus_argenteus	SRR9835635	NA
Staphylococcus_argenteus	SRR9835636	NA
Staphylococcus_argenteus	SRR9835637	NA
Staphylococcus_argenteus	SRR9835638	NA
Staphylococcus_argenteus	SRR9835639	NA
Staphylococcus_argenteus	SRR9835640	NA
Staphylococcus_argenteus	SRR9835641	NA
Staphylococcus_argenteus	SRR9835642	NA
Staphylococcus_argenteus	SRR9835643	NA
Staphylococcus_argenteus	SRR9835644	NA
Staphylococcus_argenteus	SRR9835645	NA
Staphylococcus_argenteus	SRR9835646	NA
Staphylococcus_argenteus	SRR9835647	NA
Staphylococcus_argenteus	SRR9835648	NA
Staphylococcus_argenteus	SRR9835649	NA
Staphylococcus_argenteus	SRR9835650	NA
Staphylococcus_argenteus	SRR9835651	NA
Staphylococcus_argenteus	SRR9835652	NA
Staphylococcus_argenteus	SRR9835653	NA
Staphylococcus_argenteus	SRR9835654	NA
Staphylococcus_argenteus	SRR9835655	NA
Staphylococcus_argenteus	SRR9835656	NA
Staphylococcus_argenteus	SRR9835657	NA
Staphylococcus_argenteus	SRR9835658	NA
Staphylococcus_argenteus	SRR9835659	NA
Staphylococcus_argenteus	SRR9835660	NA
Staphylococcus_argenteus	SRR9835661	NA
Staphylococcus_argenteus	SRR9835662	NA
Staphylococcus_argenteus	SRR9835663	NA
Staphylococcus_argenteus	SRR9835664	NA
Staphylococcus_argenteus	SRR9835665	NA
Staphylococcus_argenteus	SRR9835666	NA
Staphylococcus_argenteus	SRR9835667	NA
Staphylococcus_argenteus	SRR9835668	NA
Staphylococcus_argenteus	SRR9835669	NA
Staphylococcus_argenteus	SRR9835670	NA
Staphylococcus_argenteus	SRR9835671	NA
Staphylococcus_argenteus	SRR9835672	NA
Staphylococcus_argenteus	SRR9835673	NA
Staphylococcus_argenteus	SRR9835674	NA
Staphylococcus_argenteus	SRR9835675	NA
Staphylococcus_argenteus	SRR9835676	NA
Staphylococcus_argenteus	SRR9835677	NA
Staphylococcus_argenteus	SRR9835678	NA
Staphylococcus_argenteus	SRR9835679	NA
Staphylococcus_argenteus	SRR9835680	NA
Staphylococcus_argenteus	SRR9835681	NA
Staphylococcus_argenteus	SRR9835682	NA
Staphylococcus_argenteus	SRR9835683	NA
Staphylococcus_argenteus	SRR9835684	NA
Staphylococcus_argenteus	SRR9835685	NA
Staphylococcus_argenteus	SRR9835686	NA
Staphylococcus_argenteus	SRR9835687	NA
Staphylococcus_argenteus	SRR9835688	NA
Staphylococcus_argenteus	SRR9835689	NA
Staphylococcus_argenteus	SRR9835690	NA
Staphylococcus_argenteus	SRR9835691	NA
Staphylococcus_argenteus	SRR9835692	NA
Staphylococcus_argenteus	SRR9835693	NA
Staphylococcus_argenteus	SRR9835694	NA
Staphylococcus_argenteus	SRR9835695	NA
Staphylococcus_argenteus	SRR9835696	NA
Staphylococcus_argenteus	SRR9835697	NA
Staphylococcus_argenteus	SRR9835698	NA
Staphylococcus_argenteus	SRR9835699	NA
Staphylococcus_argenteus	SRR9835700	NA
Staphylococcus_argenteus	SRR9835701	NA
Staphylococcus_argenteus	SRR9835702	NA
Staphylococcus_argenteus	SRR9835703	NA
Staphylococcus_argenteus	SRR9835704	NA
Staphylococcus_argenteus	SRR9835705	NA
Staphylococcus_argenteus	SRR9835706	NA
Staphylococcus_argenteus	SRR9835707	NA
Staphylococcus_argenteus	SRR9835708	NA
Staphylococcus_argenteus	SRR9835709	NA
Staphylococcus_argenteus	SRR9835710	NA
Staphylococcus_argenteus	SRR9835711	NA
Staphylococcus_argenteus	SRR9835712	NA
Staphylococcus_argenteus	SRR9835713	NA
Staphylococcus_argenteus	SRR9835714	NA
Staphylococcus_argenteus	SRR9835715	NA
Staphylococcus_argenteus	SRR9835716	NA
Staphylococcus_argenteus	SRR9835717	NA
Staphylococcus_argenteus	SRR9835718	NA
Staphylococcus_argenteus	SRR9835719	NA
Staphylococcus_argenteus	SRR9835720	NA
Staphylococcus_argenteus	SRR9835721	NA
Staphylococcus_argenteus	SRR9835722	NA
Staphylococcus_argenteus	SRR9835723	NA
Staphylococcus_argenteus	SRR9835724	NA
Staphylococcus_argenteus	SRR9835725	NA
Staphylococcus_argenteus	SRR9835726	NA
Staphylococcus_argenteus	SRR9835727	NA
Staphylococcus_argenteus	SRR9835728	NA
Staphylococcus_argenteus	SRR9835729	NA
Staphylococcus_argenteus	SRR9835730	NA
Staphylococcus_argenteus	SRR9835731	NA
Staphylococcus_argenteus	SRR9835732	NA
Staphylococcus_argenteus	SRR9835733	NA
Staphylococcus_argenteus	SRR9835734	NA
Staphylococcus_argenteus	SRR9835735	NA
Staphylococcus_argenteus	SRR9835736	NA
Staphylococcus_argenteus	SRR9835737	NA
Staphylococcus_argenteus	SRR9835738	NA
Staphylococcus_argenteus	SRR9835739	NA
Staphylococcus_argenteus	SRR9835740	NA
Staphylococcus_argenteus	SRR9835741	NA
Staphylococcus_argenteus	SRR9835742	NA
Staphylococcus_argenteus	SRR9835743	NA
Staphylococcus_argenteus	SRR9835744	NA
Staphylococcus_argenteus	SRR9835745	NA
Staphylococcus_argenteus	SRR9835746	NA
Staphylococcus_argenteus	SRR9835747	NA
Staphylococcus_argenteus	SRR9835748	NA
Staphylococcus_argenteus	SRR9835749	NA
Staphylococcus_argenteus	SRR9835750	NA
Staphylococcus_argenteus	SRR9835751	NA
Staphylococcus_argenteus	SRR9835752	NA
Staphylococcus_argenteus	SRR9835753	NA
Staphylococcus_argenteus	SRR9835754	NA
Staphylococcus_argenteus	SRR9835755	NA
Staphylococcus_argenteus	SRR9835756	NA
Staphylococcus_argenteus	SRR9835757	NA
Staphylococcus_argenteus	SRR9835758	NA
Staphylococcus_argenteus	SRR9835759	NA
Staphylococcus_argenteus	SRR9835760	NA
Staphylococcus_argenteus	SRR9835761	NA
Staphylococcus_argenteus	SRR9835762	NA
Staphylococcus_argenteus	SRR9835763	NA
Staphylococcus_argenteus	SRR9835764	NA
Staphylococcus_argenteus	SRR9835765	NA
Staphylococcus_argenteus	SRR9835766	NA
Staphylococcus_argenteus	SRR9835767	NA
Staphylococcus_argenteus	SRR9835768	NA
Staphylococcus_argenteus	SRR9835769	NA
Staphylococcus_argenteus	SRR9835770	NA
Staphylococcus_argenteus	SRR9835771	NA
Staphylococcus_argenteus	SRR9835772	NA
Staphylococcus_argenteus	SRR9835773	NA
Staphylococcus_argenteus	SRR9835774	NA
Staphylococcus_argenteus	SRR9835775	NA
Staphylococcus_argenteus	SRR9835776	NA
Staphylococcus_argenteus	SRR9835777	NA
Staphylococcus_argenteus	SRR9835778	NA
Staphylococcus_argenteus	SRR9835779	NA
Staphylococcus_argenteus	SRR9835780	NA
Staphylococcus_argenteus	SRR9835781	NA
Staphylococcus_argenteus	SRR9835782	NA
Staphylococcus_argenteus	SRR9835783	NA
Staphylococcus_argenteus	SRR9835784	NA
Staphylococcus_argenteus	SRR9835785	NA
Staphylococcus_argenteus	SRR9835786	NA
Staphylococcus_argenteus	SRR9835787	NA
Staphylococcus_argenteus	SRR9835788	NA
Staphylococcus_argenteus	SRR9835789	NA
Staphylococcus_argenteus	SRR9835790	NA
Staphylococcus_argenteus	SRR9835791	NA
Staphylococcus_argenteus	SRR9835792	NA
Staphylococcus_argenteus	SRR9835793	NA
Staphylococcus_argenteus	SRR9835794	NA
Staphylococcus_argenteus	SRR9835795	NA
Staphylococcus_argenteus	SRR9835796	NA
Staphylococcus_argenteus	SRR9835797	NA
Staphylococcus_argenteus	SRR9835798	NA
Staphylococcus_argenteus	SRR9835799	NA
Staphylococcus_argenteus	SRR9835800	NA
Staphylococcus_argenteus	SRR9835801	NA
Staphylococcus_argenteus	SRR9835802	NA
Staphylococcus_argenteus	SRR9867812	2.1529941943996396
Staphylococcus_argenteus	SRR9867813	5.510198281370373
Staphylococcus_argenteus	SRR9867814	2.2092644432774313
Staphylococcus_argenteus	SRR9867815	1.2157080170768058
Staphylococcus_argenteus	SRR9867816	2.0479551727425633
Staphylococcus_argenteus	SRR9867817	2.9542069683190917
Staphylococcus_argenteus	SRR9867818	1.0759035571995321
Staphylococcus_argenteus	SRR9867819	1.074697195052246
Staphylococcus_argenteus	SRR9867820	4.086431951150017
Staphylococcus_argenteus	SRR9867821	2.193435431361206
Staphylococcus_argenteus	SRR9867822	1.1164069548230822
Staphylococcus_argenteus	SRR9867823	2.0268787564018917
Staphylococcus_argenteus	SRR9867824	2.5801648267112456
Staphylococcus_argenteus	SRR9867825	2.199907901137946
Staphylococcus_argenteus	SRR9867826	1.027321106864352
Staphylococcus_argenteus	SRR9867827	4.314712735204318
Staphylococcus_argenteus	SRR9867828	0.7220781693183485
Staphylococcus_argenteus	SRR9867829	3.213831881027879
Staphylococcus_argenteus	SRR9867830	2.1952538969935658
Staphylococcus_argenteus	SRR9867831	3.1443443717525987
Staphylococcus_argenteus	SRR9879292	NA
Staphylococcus_argenteus	SRR9879293	NA
Staphylococcus_argenteus	SRR9879294	NA
Staphylococcus_argenteus	SRR9879295	NA
Staphylococcus_argenteus	SRR9879296	NA
Staphylococcus_argenteus	SRR9879297	NA
Staphylococcus_argenteus	SRR9879298	NA
Staphylococcus_argenteus	SRR9879299	NA
Staphylococcus_argenteus	SRR9879300	NA
Staphylococcus_argenteus	SRR9879301	NA
Staphylococcus_argenteus	SRR9879302	NA
Staphylococcus_argenteus	SRR9879303	NA
Staphylococcus_argenteus	SRR9879304	NA
Staphylococcus_argenteus	SRR9879305	NA
Staphylococcus_argenteus	SRR9879306	NA
Staphylococcus_argenteus	SRR9879307	NA
Staphylococcus_argenteus	SRR9879308	NA
Staphylococcus_argenteus	SRR9879309	NA
Staphylococcus_argenteus	T50_307	4.408368025904048
Staphylococcus_argenteus	T50_313	2.344153847799248
Staphylococcus_argenteus	T50_317	1.5456055702452498
Staphylococcus_argenteus	T50_324	7.122403331838775
Staphylococcus_argenteus	T50_427	1.2355256909978407
Staphylococcus_argenteus	T50_428	1.2332225073516185
Staphylococcus_argenteus	T50_431	1.2366721543910948
Staphylococcus_argenteus	T50_436	1.2470864040381697
Staphylococcus_argenteus	T50_476	3.625518888361775
Staphylococcus_argenteus	UN_307	92.48101819111885
Staphylococcus_argenteus	UN_313	47.64158104438306
Staphylococcus_argenteus	UN_317	18.052349353747378
Staphylococcus_argenteus	UN_324	80.77852595656957
Staphylococcus_argenteus	UN_427	1.2315484571030648
Staphylococcus_argenteus	UN_428	1.1834248220996775
Staphylococcus_argenteus	UN_431	1.203077489030243
Staphylococcus_argenteus	UN_436	1.2227960883966429
Staphylococcus_argenteus	UN_476	1.2366721543910948
