Feature	sample	counts
Terriglobus_albidus	CM317	0.29219172341621685
Terriglobus_albidus	CMCD140	0.28285951270728227
Terriglobus_albidus	CMCD147	0.07666540653827547
Terriglobus_albidus	CMCD152	2.5086811098168353
Terriglobus_albidus	CMCD154	0.5744472067461617
Terriglobus_albidus	CMCD159	3.0816114934842935
Terriglobus_albidus	CMCD161	1.1492536054189197
Terriglobus_albidus	CMCD174	0.26781932341898995
Terriglobus_albidus	CMCD196	1.105569770871789
Terriglobus_albidus	CMCD198	0.833104858372943
Terriglobus_albidus	CMCD203	0.5370398934050172
Terriglobus_albidus	CMCD211	1.1740700653077196
Terriglobus_albidus	CMCD227	1.254584612393825
Terriglobus_albidus	CMCD240	1.2450819982281849
Terriglobus_albidus	CMCD259	2.4696952481880317
Terriglobus_albidus	CMCD270	1.2212485655848873
Terriglobus_albidus	CMCD275	0.8127006921375295
Terriglobus_albidus	CMCD282	1.0105904281458868
Terriglobus_albidus	CMCD286	1.2579314529084173
Terriglobus_albidus	CMCD287	1.2547604986293959
Terriglobus_albidus	CMCD294	0.44976069553729375
Terriglobus_albidus	CMCD327	1.037968579635008
Terriglobus_albidus	CMCD335	3.9961185121867855
Terriglobus_albidus	CMCD337	1.041893613106485
Terriglobus_albidus	CMCD357	0.7947843114272378
Terriglobus_albidus	CMCD398	1.0703422574695847
Terriglobus_albidus	CMCD403	2.2426952422878643
Terriglobus_albidus	CMCD422	1.0913308317423123
Terriglobus_albidus	CMCD426	1.0110378270852087
Terriglobus_albidus	CMCD71	1.0583101220749935
Terriglobus_albidus	CMCD72	0.24188450635284683
Terriglobus_albidus	CMCD76	1.1462235320233831
Terriglobus_albidus	CMCD88	2.4479114281311922
Terriglobus_albidus	CMSA256	1.2349498834315344
Terriglobus_albidus	CMSA316	1.5707322018494714
Terriglobus_albidus	CMUC110	1.2625745715208956
Terriglobus_albidus	CMUC192	1.1793181722205324
Terriglobus_albidus	CMUC199	1.0274884622655986
Terriglobus_albidus	CMUC200	1.227219088600506
Terriglobus_albidus	CMUC208	1.0311971600169312
Terriglobus_albidus	CMUC231	1.2349498834315344
Terriglobus_albidus	CMUC234	1.2676718562975933
Terriglobus_albidus	CMUC285	1.2328302805306746
Terriglobus_albidus	CMUC291	1.2276579964460468
Terriglobus_albidus	CMUC295	1.161258544350776
Terriglobus_albidus	CMUC299	1.2768196385987194
Terriglobus_albidus	CMUC301	2.510801934374612
Terriglobus_albidus	CMUC307	1.189897190719974
Terriglobus_albidus	CMUC313	0.635582956995186
Terriglobus_albidus	CMUC314	0.38968013426960857
Terriglobus_albidus	CMUC323	0.41013084093897245
Terriglobus_albidus	CMUC324	1.0662355004167046
Terriglobus_albidus	CMUC331	0.9634555538907174
Terriglobus_albidus	CMUC333	0.6567277474580434
Terriglobus_albidus	CMUC334	1.0051112809282055
Terriglobus_albidus	CMUC346	0.26826340649339375
Terriglobus_albidus	CMUC352	0.6124619952266
Terriglobus_albidus	CMUC360	0.7642043668249638
Terriglobus_albidus	CMUC363	0.8684939744491705
Terriglobus_albidus	CMUC365	0.47757430428517306
Terriglobus_albidus	CMUC366	1.030440619042891
Terriglobus_albidus	CMUC368	1.0606050887152505
Terriglobus_albidus	CMUC377	0.7361611573396979
Terriglobus_albidus	CMUC379	0.8030653030144435
Terriglobus_albidus	CMUC380	0.7641154547752208
Terriglobus_albidus	CMUC383	0.2828348986251321
Terriglobus_albidus	CMUC394	0.23835313966783211
Terriglobus_albidus	CMUC419	0.9450110416049131
Terriglobus_albidus	CMUC427	1.1460323041592848
Terriglobus_albidus	CMUC428	1.0690259297743245
Terriglobus_albidus	CMUC431	1.0951166246958384
Terriglobus_albidus	CMUC435	0.7767367719601955
Terriglobus_albidus	CMUC439	1.0902268931620824
Terriglobus_albidus	CMUC89	1.2362886415966772
Terriglobus_albidus	CS219	1.1600013501580453
Terriglobus_albidus	CS256	1.2567251485578759
Terriglobus_albidus	CS257	0.13402028275828182
Terriglobus_albidus	CS259	1.1709106740339585
Terriglobus_albidus	CS261	0.5062577378179246
Terriglobus_albidus	CS266	2.5019991136144872
Terriglobus_albidus	CS270	0.5839288158042332
Terriglobus_albidus	CS277	0.20604810693277956
Terriglobus_albidus	CS288	0.526404890414907
Terriglobus_albidus	CS290	2.311562200529892
Terriglobus_albidus	CS292	1.5521627807133833
Terriglobus_albidus	CS293	0.40940594772482786
Terriglobus_albidus	CS301	2.0113634753404934
Terriglobus_albidus	CS306	0.6058530595012406
Terriglobus_albidus	CS308	1.0463790299353843
Terriglobus_albidus	CS315	0.621028205453367
Terriglobus_albidus	CS317	0.17765888818257594
Terriglobus_albidus	CS322	0.7107960608084105
Terriglobus_albidus	CS327	0.701156360233683
Terriglobus_albidus	CS328	0.11644913690110263
Terriglobus_albidus	CS330	0.04896737292804183
Terriglobus_albidus	CS331	0.3181936980051408
Terriglobus_albidus	CS335	0.22391259290872442
Terriglobus_albidus	CS338	0.6012793871520479
Terriglobus_albidus	CS339	1.1310608836624043
Terriglobus_albidus	CS343	0.8840935432974107
Terriglobus_albidus	CS344	3.0510282130742206
Terriglobus_albidus	CS350	0.4365023581726686
Terriglobus_albidus	CS351	0.5283004917439506
Terriglobus_albidus	CS361	1.0857200856573577
Terriglobus_albidus	CS388	0.5167660961468028
Terriglobus_albidus	CS396	1.102092006476012
Terriglobus_albidus	CS405	1.0527288346126829
Terriglobus_albidus	CS415	0.8680906994604357
Terriglobus_albidus	CS424	0.4548656346794344
Terriglobus_albidus	IM293	1.1289022182802304
Terriglobus_albidus	IM296	0.23745911906203138
Terriglobus_albidus	IM297	0.42237771082058184
Terriglobus_albidus	IM300	1.2182968475560507
Terriglobus_albidus	IM305	1.0065130822606403
Terriglobus_albidus	IM309	0.15745049462457164
Terriglobus_albidus	IM310	0.4780244448163766
Terriglobus_albidus	IM311	0.4770151264821863
Terriglobus_albidus	IM316	0.8485660918805257
Terriglobus_albidus	IM320	0.8512151559080784
Terriglobus_albidus	IM330	0.5155985800084656
Terriglobus_albidus	IM332	0.32551741444750676
Terriglobus_albidus	IM340	0.11932002422974371
Terriglobus_albidus	IM348	1.0565405863883177
Terriglobus_albidus	IM354	1.1687419103599639
Terriglobus_albidus	IM356	1.3744990519577127
Terriglobus_albidus	IM364	0.4050661484428923
Terriglobus_albidus	IM372	1.1629326752922733
Terriglobus_albidus	IM374	0.19551556448870241
Terriglobus_albidus	IM376	0.4114941496434293
Terriglobus_albidus	IM381	0.28554150690794916
Terriglobus_albidus	IM382	1.036493614223818
Terriglobus_albidus	IM385	1.2588732062842571
Terriglobus_albidus	IM390	0.1667514777430136
Terriglobus_albidus	IM397	0.6194762278667671
Terriglobus_albidus	IM404	1.0855292251152537
Terriglobus_albidus	IM409	1.0184497042244391
Terriglobus_albidus	IM412	0.3651570483830274
Terriglobus_albidus	IM421	1.2151843496748025
Terriglobus_albidus	IM425	0.07773168558664185
Terriglobus_albidus	IM432	2.0206751441606112
Terriglobus_albidus	IM438	1.1787640385621727
Terriglobus_albidus	IM442	0.8245414785044531
Terriglobus_albidus	IM445	0.7264283183905975
Terriglobus_albidus	IM448	0.9084839396948481
Terriglobus_albidus	IM449	0.9039826134091075
Terriglobus_albidus	IM451	1.0315189805657066
Terriglobus_albidus	IMSA256	1.3268077656506534
Terriglobus_albidus	IMSA276	1.2009459450239315
Terriglobus_albidus	IMSA286	1.24747498194623
Terriglobus_albidus	IMSA343	1.0746522902297635
Terriglobus_albidus	IS_238	3.763021664725253
Terriglobus_albidus	IS238	0.6453108688026432
Terriglobus_albidus	IS243	1.219833517293767
Terriglobus_albidus	IS253	1.2533434159200771
Terriglobus_albidus	IS283	1.135803562302272
Terriglobus_albidus	IS322	0.8638295591620087
Terriglobus_albidus	IS399	1.0737696431162256
Terriglobus_albidus	IS418	0.41614015044691166
Terriglobus_albidus	IS430	1.051201135456003
Terriglobus_albidus	IS437	3.0443362291619023
Terriglobus_albidus	IS444	1.0324740632883367
Terriglobus_albidus	R276CMSA	0.41775251356269305
Terriglobus_albidus	R286CMSA	1.2706266228833678
Terriglobus_albidus	R292CMSA	1.1203296235272626
Terriglobus_albidus	R292IMSA	0.22019219018115269
Terriglobus_albidus	R308CMSA	0.5745553993989979
Terriglobus_albidus	R316IMSA	1.7634495987447765
Terriglobus_albidus	R347CMSA	1.0979876001854831
Terriglobus_albidus	R347IMSA	1.2367242180656381
Terriglobus_albidus	R371CMSA	0.5678221082233558
Terriglobus_albidus	SRR10104064	NA
Terriglobus_albidus	SRR10104065	NA
Terriglobus_albidus	SRR10104066	NA
Terriglobus_albidus	SRR10104067	NA
Terriglobus_albidus	SRR10104068	NA
Terriglobus_albidus	SRR10104069	NA
Terriglobus_albidus	SRR10104070	NA
Terriglobus_albidus	SRR10104071	NA
Terriglobus_albidus	SRR10104072	NA
Terriglobus_albidus	SRR10104073	NA
Terriglobus_albidus	SRR10104074	NA
Terriglobus_albidus	SRR10104075	NA
Terriglobus_albidus	SRR10104076	NA
Terriglobus_albidus	SRR10104077	NA
Terriglobus_albidus	SRR10104078	NA
Terriglobus_albidus	SRR10104079	NA
Terriglobus_albidus	SRR10104080	NA
Terriglobus_albidus	SRR10104081	NA
Terriglobus_albidus	SRR10104082	NA
Terriglobus_albidus	SRR10104083	NA
Terriglobus_albidus	SRR10104084	NA
Terriglobus_albidus	SRR10104085	NA
Terriglobus_albidus	SRR10104086	NA
Terriglobus_albidus	SRR10104087	NA
Terriglobus_albidus	SRR10104088	NA
Terriglobus_albidus	SRR10104089	NA
Terriglobus_albidus	SRR10104090	NA
Terriglobus_albidus	SRR10104091	NA
Terriglobus_albidus	SRR10104092	NA
Terriglobus_albidus	SRR10104093	NA
Terriglobus_albidus	SRR10104094	NA
Terriglobus_albidus	SRR10104095	NA
Terriglobus_albidus	SRR10104096	NA
Terriglobus_albidus	SRR10104097	NA
Terriglobus_albidus	SRR10104098	NA
Terriglobus_albidus	SRR10104099	NA
Terriglobus_albidus	SRR10104100	NA
Terriglobus_albidus	SRR10104101	NA
Terriglobus_albidus	SRR10104102	NA
Terriglobus_albidus	SRR10104103	NA
Terriglobus_albidus	SRR10104104	NA
Terriglobus_albidus	SRR10104105	NA
Terriglobus_albidus	SRR10104106	NA
Terriglobus_albidus	SRR10104107	NA
Terriglobus_albidus	SRR10104108	NA
Terriglobus_albidus	SRR10104109	NA
Terriglobus_albidus	SRR10104110	NA
Terriglobus_albidus	SRR10104111	NA
Terriglobus_albidus	SRR10104112	NA
Terriglobus_albidus	SRR10104113	NA
Terriglobus_albidus	SRR10104114	NA
Terriglobus_albidus	SRR10104115	NA
Terriglobus_albidus	SRR10104116	NA
Terriglobus_albidus	SRR10104117	NA
Terriglobus_albidus	SRR10104118	NA
Terriglobus_albidus	SRR10104119	NA
Terriglobus_albidus	SRR10104120	NA
Terriglobus_albidus	SRR10104121	NA
Terriglobus_albidus	SRR10104122	NA
Terriglobus_albidus	SRR10104123	NA
Terriglobus_albidus	SRR10104124	NA
Terriglobus_albidus	SRR10104125	NA
Terriglobus_albidus	SRR10104126	NA
Terriglobus_albidus	SRR10104127	NA
Terriglobus_albidus	SRR10104128	NA
Terriglobus_albidus	SRR10104129	NA
Terriglobus_albidus	SRR10104130	NA
Terriglobus_albidus	SRR10104131	NA
Terriglobus_albidus	SRR10104132	NA
Terriglobus_albidus	SRR10104133	NA
Terriglobus_albidus	SRR10104134	NA
Terriglobus_albidus	SRR10104135	NA
Terriglobus_albidus	SRR10104136	NA
Terriglobus_albidus	SRR10104137	NA
Terriglobus_albidus	SRR10104138	NA
Terriglobus_albidus	SRR10104139	NA
Terriglobus_albidus	SRR10104140	NA
Terriglobus_albidus	SRR10104141	NA
Terriglobus_albidus	SRR10104142	NA
Terriglobus_albidus	SRR10104143	NA
Terriglobus_albidus	SRR10104144	NA
Terriglobus_albidus	SRR10104145	NA
Terriglobus_albidus	SRR10104146	NA
Terriglobus_albidus	SRR10104147	NA
Terriglobus_albidus	SRR10104148	NA
Terriglobus_albidus	SRR10104149	NA
Terriglobus_albidus	SRR10104150	NA
Terriglobus_albidus	SRR10104151	NA
Terriglobus_albidus	SRR10104152	NA
Terriglobus_albidus	SRR10104153	NA
Terriglobus_albidus	SRR10104154	NA
Terriglobus_albidus	SRR10104155	NA
Terriglobus_albidus	SRR10104156	NA
Terriglobus_albidus	SRR10104157	NA
Terriglobus_albidus	SRR10104158	NA
Terriglobus_albidus	SRR10104159	NA
Terriglobus_albidus	SRR10104160	NA
Terriglobus_albidus	SRR10104161	NA
Terriglobus_albidus	SRR10104162	NA
Terriglobus_albidus	SRR10104163	NA
Terriglobus_albidus	SRR10104164	NA
Terriglobus_albidus	SRR10104165	NA
Terriglobus_albidus	SRR10104166	NA
Terriglobus_albidus	SRR10104167	NA
Terriglobus_albidus	SRR10104168	NA
Terriglobus_albidus	SRR10104169	NA
Terriglobus_albidus	SRR10104170	NA
Terriglobus_albidus	SRR10104171	NA
Terriglobus_albidus	SRR10104172	NA
Terriglobus_albidus	SRR10104173	NA
Terriglobus_albidus	SRR10104174	NA
Terriglobus_albidus	SRR10104175	NA
Terriglobus_albidus	SRR10104176	NA
Terriglobus_albidus	SRR10104177	NA
Terriglobus_albidus	SRR10104178	NA
Terriglobus_albidus	SRR10104179	NA
Terriglobus_albidus	SRR10104180	NA
Terriglobus_albidus	SRR10104181	NA
Terriglobus_albidus	SRR10104182	NA
Terriglobus_albidus	SRR10104183	NA
Terriglobus_albidus	SRR10104184	NA
Terriglobus_albidus	SRR10104185	NA
Terriglobus_albidus	SRR10104186	NA
Terriglobus_albidus	SRR10104187	NA
Terriglobus_albidus	SRR10104188	NA
Terriglobus_albidus	SRR10104189	NA
Terriglobus_albidus	SRR10104190	NA
Terriglobus_albidus	SRR10104191	NA
Terriglobus_albidus	SRR10104192	NA
Terriglobus_albidus	SRR10104193	NA
Terriglobus_albidus	SRR10104194	NA
Terriglobus_albidus	SRR10104195	NA
Terriglobus_albidus	SRR10104196	NA
Terriglobus_albidus	SRR10104197	NA
Terriglobus_albidus	SRR10104198	NA
Terriglobus_albidus	SRR10104199	NA
Terriglobus_albidus	SRR10104200	NA
Terriglobus_albidus	SRR10104201	NA
Terriglobus_albidus	SRR10104202	NA
Terriglobus_albidus	SRR10104203	NA
Terriglobus_albidus	SRR10104204	NA
Terriglobus_albidus	SRR10104205	NA
Terriglobus_albidus	SRR10104206	NA
Terriglobus_albidus	SRR10104207	NA
Terriglobus_albidus	SRR10104208	NA
Terriglobus_albidus	SRR10104209	NA
Terriglobus_albidus	SRR10104210	NA
Terriglobus_albidus	SRR10104211	NA
Terriglobus_albidus	SRR10104212	NA
Terriglobus_albidus	SRR10104213	NA
Terriglobus_albidus	SRR10104214	NA
Terriglobus_albidus	SRR10104215	NA
Terriglobus_albidus	SRR10104216	NA
Terriglobus_albidus	SRR10104217	NA
Terriglobus_albidus	SRR10104218	NA
Terriglobus_albidus	SRR10104219	NA
Terriglobus_albidus	SRR10104220	NA
Terriglobus_albidus	SRR10104221	NA
Terriglobus_albidus	SRR10104222	NA
Terriglobus_albidus	SRR10104223	NA
Terriglobus_albidus	SRR10104224	NA
Terriglobus_albidus	SRR10104225	NA
Terriglobus_albidus	SRR10104226	NA
Terriglobus_albidus	SRR10104227	NA
Terriglobus_albidus	SRR10104228	NA
Terriglobus_albidus	SRR10104229	NA
Terriglobus_albidus	SRR10104230	NA
Terriglobus_albidus	SRR10104231	NA
Terriglobus_albidus	SRR10104232	NA
Terriglobus_albidus	SRR10104233	NA
Terriglobus_albidus	SRR10104234	NA
Terriglobus_albidus	SRR10104235	NA
Terriglobus_albidus	SRR10104236	NA
Terriglobus_albidus	SRR10104237	NA
Terriglobus_albidus	SRR10104238	NA
Terriglobus_albidus	SRR10104239	NA
Terriglobus_albidus	SRR10104240	NA
Terriglobus_albidus	SRR10104241	NA
Terriglobus_albidus	SRR10104242	NA
Terriglobus_albidus	SRR10104243	NA
Terriglobus_albidus	SRR10104244	NA
Terriglobus_albidus	SRR10104245	NA
Terriglobus_albidus	SRR10104246	NA
Terriglobus_albidus	SRR10104247	NA
Terriglobus_albidus	SRR10104248	NA
Terriglobus_albidus	SRR10104249	NA
Terriglobus_albidus	SRR10104250	NA
Terriglobus_albidus	SRR10104251	NA
Terriglobus_albidus	SRR10104252	NA
Terriglobus_albidus	SRR10104253	NA
Terriglobus_albidus	SRR10104254	NA
Terriglobus_albidus	SRR10104255	NA
Terriglobus_albidus	SRR10104256	NA
Terriglobus_albidus	SRR10104257	NA
Terriglobus_albidus	SRR10104258	NA
Terriglobus_albidus	SRR10224277	1.3701638199222166
Terriglobus_albidus	SRR10224278	1.3701638199222166
Terriglobus_albidus	SRR10224279	1.3701638199222166
Terriglobus_albidus	SRR10224280	1.3701638199222166
Terriglobus_albidus	SRR10224281	1.3701638199222166
Terriglobus_albidus	SRR10224282	1.3701638199222166
Terriglobus_albidus	SRR10224283	1.3701638199222166
Terriglobus_albidus	SRR10224284	1.3701638199222166
Terriglobus_albidus	SRR10224285	1.3701638199222166
Terriglobus_albidus	SRR10224286	1.3701638199222166
Terriglobus_albidus	SRR10224287	1.3701638199222166
Terriglobus_albidus	SRR10224288	1.3701638199222166
Terriglobus_albidus	SRR10224289	1.3701638199222166
Terriglobus_albidus	SRR10224290	1.3701638199222166
Terriglobus_albidus	SRR10224291	1.3701638199222166
Terriglobus_albidus	SRR10224292	1.3701638199222166
Terriglobus_albidus	SRR10224293	1.3701638199222166
Terriglobus_albidus	SRR10224294	1.3701638199222166
Terriglobus_albidus	SRR10224295	1.3701638199222166
Terriglobus_albidus	SRR10224296	1.3701638199222166
Terriglobus_albidus	SRR10224297	1.3701638199222166
Terriglobus_albidus	SRR10224298	1.3701638199222166
Terriglobus_albidus	SRR10318388	NA
Terriglobus_albidus	SRR10318389	NA
Terriglobus_albidus	SRR10318390	NA
Terriglobus_albidus	SRR10318391	NA
Terriglobus_albidus	SRR10318392	NA
Terriglobus_albidus	SRR10318393	NA
Terriglobus_albidus	SRR10318394	NA
Terriglobus_albidus	SRR10318395	NA
Terriglobus_albidus	SRR10318396	NA
Terriglobus_albidus	SRR10318397	NA
Terriglobus_albidus	SRR10318398	NA
Terriglobus_albidus	SRR10318399	NA
Terriglobus_albidus	SRR10318400	NA
Terriglobus_albidus	SRR10318401	NA
Terriglobus_albidus	SRR10318402	NA
Terriglobus_albidus	SRR10318403	NA
Terriglobus_albidus	SRR10318404	NA
Terriglobus_albidus	SRR10318405	NA
Terriglobus_albidus	SRR10318406	NA
Terriglobus_albidus	SRR10318407	NA
Terriglobus_albidus	SRR10318408	NA
Terriglobus_albidus	SRR10318409	NA
Terriglobus_albidus	SRR10318410	NA
Terriglobus_albidus	SRR10318411	NA
Terriglobus_albidus	SRR10318412	NA
Terriglobus_albidus	SRR10318413	NA
Terriglobus_albidus	SRR10318414	NA
Terriglobus_albidus	SRR10318415	NA
Terriglobus_albidus	SRR10318416	NA
Terriglobus_albidus	SRR10318417	NA
Terriglobus_albidus	SRR10318418	NA
Terriglobus_albidus	SRR10318419	NA
Terriglobus_albidus	SRR10318420	NA
Terriglobus_albidus	SRR10318421	NA
Terriglobus_albidus	SRR10318422	NA
Terriglobus_albidus	SRR10318423	NA
Terriglobus_albidus	SRR10318424	NA
Terriglobus_albidus	SRR10318425	NA
Terriglobus_albidus	SRR10318426	NA
Terriglobus_albidus	SRR10318427	NA
Terriglobus_albidus	SRR10318428	NA
Terriglobus_albidus	SRR10318429	NA
Terriglobus_albidus	SRR10318430	NA
Terriglobus_albidus	SRR10318431	NA
Terriglobus_albidus	SRR10318432	NA
Terriglobus_albidus	SRR10318433	NA
Terriglobus_albidus	SRR10318434	NA
Terriglobus_albidus	SRR10318435	NA
Terriglobus_albidus	SRR10318436	NA
Terriglobus_albidus	SRR10318437	NA
Terriglobus_albidus	SRR10318438	NA
Terriglobus_albidus	SRR10318439	NA
Terriglobus_albidus	SRR10318440	NA
Terriglobus_albidus	SRR10318441	NA
Terriglobus_albidus	SRR10318442	NA
Terriglobus_albidus	SRR10318443	NA
Terriglobus_albidus	SRR10318444	NA
Terriglobus_albidus	SRR10318445	NA
Terriglobus_albidus	SRR10318446	NA
Terriglobus_albidus	SRR10318447	NA
Terriglobus_albidus	SRR10318448	NA
Terriglobus_albidus	SRR10318449	NA
Terriglobus_albidus	SRR10318450	NA
Terriglobus_albidus	SRR10318451	NA
Terriglobus_albidus	SRR10318452	NA
Terriglobus_albidus	SRR10318453	NA
Terriglobus_albidus	SRR10318454	NA
Terriglobus_albidus	SRR10318455	NA
Terriglobus_albidus	SRR10318456	NA
Terriglobus_albidus	SRR10318457	NA
Terriglobus_albidus	SRR10318458	NA
Terriglobus_albidus	SRR10318459	NA
Terriglobus_albidus	SRR10318460	NA
Terriglobus_albidus	SRR10318461	NA
Terriglobus_albidus	SRR10318462	NA
Terriglobus_albidus	SRR10318463	NA
Terriglobus_albidus	SRR10318464	NA
Terriglobus_albidus	SRR10318465	NA
Terriglobus_albidus	SRR10318466	NA
Terriglobus_albidus	SRR10318467	NA
Terriglobus_albidus	SRR10318468	NA
Terriglobus_albidus	SRR10318469	NA
Terriglobus_albidus	SRR10318470	NA
Terriglobus_albidus	SRR10318471	NA
Terriglobus_albidus	SRR10318472	NA
Terriglobus_albidus	SRR10318473	NA
Terriglobus_albidus	SRR10318474	NA
Terriglobus_albidus	SRR10318475	NA
Terriglobus_albidus	SRR10318476	NA
Terriglobus_albidus	SRR10318495	NA
Terriglobus_albidus	SRR10318496	NA
Terriglobus_albidus	SRR10318497	NA
Terriglobus_albidus	SRR10318498	NA
Terriglobus_albidus	SRR10318499	NA
Terriglobus_albidus	SRR10318500	NA
Terriglobus_albidus	SRR10318501	NA
Terriglobus_albidus	SRR10318502	NA
Terriglobus_albidus	SRR10318503	NA
Terriglobus_albidus	SRR10318504	NA
Terriglobus_albidus	SRR10318505	NA
Terriglobus_albidus	SRR10318506	NA
Terriglobus_albidus	SRR10318507	NA
Terriglobus_albidus	SRR10318508	NA
Terriglobus_albidus	SRR10318509	NA
Terriglobus_albidus	SRR10318510	NA
Terriglobus_albidus	SRR10318511	NA
Terriglobus_albidus	SRR10318512	NA
Terriglobus_albidus	SRR10318513	NA
Terriglobus_albidus	SRR10318514	NA
Terriglobus_albidus	SRR10318515	NA
Terriglobus_albidus	SRR10318516	NA
Terriglobus_albidus	SRR10318517	NA
Terriglobus_albidus	SRR10318518	NA
Terriglobus_albidus	SRR10318519	NA
Terriglobus_albidus	SRR10318520	NA
Terriglobus_albidus	SRR10318521	NA
Terriglobus_albidus	SRR10318522	NA
Terriglobus_albidus	SRR10318523	NA
Terriglobus_albidus	SRR10318524	NA
Terriglobus_albidus	SRR10318525	NA
Terriglobus_albidus	SRR10318526	NA
Terriglobus_albidus	SRR10318527	NA
Terriglobus_albidus	SRR10318528	NA
Terriglobus_albidus	SRR10318529	NA
Terriglobus_albidus	SRR10318530	NA
Terriglobus_albidus	SRR10318531	NA
Terriglobus_albidus	SRR10318532	NA
Terriglobus_albidus	SRR10318533	NA
Terriglobus_albidus	SRR10318534	NA
Terriglobus_albidus	SRR10318535	NA
Terriglobus_albidus	SRR10318536	NA
Terriglobus_albidus	SRR10318537	NA
Terriglobus_albidus	SRR10318538	NA
Terriglobus_albidus	SRR10318539	NA
Terriglobus_albidus	SRR10318540	NA
Terriglobus_albidus	SRR10318541	NA
Terriglobus_albidus	SRR10318542	NA
Terriglobus_albidus	SRR10318543	NA
Terriglobus_albidus	SRR10318544	NA
Terriglobus_albidus	SRR10318545	NA
Terriglobus_albidus	SRR10318546	NA
Terriglobus_albidus	SRR10318547	NA
Terriglobus_albidus	SRR10318548	NA
Terriglobus_albidus	SRR10318549	NA
Terriglobus_albidus	SRR10318568	NA
Terriglobus_albidus	SRR10318569	NA
Terriglobus_albidus	SRR10318570	NA
Terriglobus_albidus	SRR10318571	NA
Terriglobus_albidus	SRR10318572	NA
Terriglobus_albidus	SRR10318573	NA
Terriglobus_albidus	SRR10318574	NA
Terriglobus_albidus	SRR10318575	NA
Terriglobus_albidus	SRR10318576	NA
Terriglobus_albidus	SRR10318577	NA
Terriglobus_albidus	SRR10318578	NA
Terriglobus_albidus	SRR10318579	NA
Terriglobus_albidus	SRR10318580	NA
Terriglobus_albidus	SRR10318581	NA
Terriglobus_albidus	SRR10875803	1.2882433644676075
Terriglobus_albidus	SRR10875804	1.3131501335763234
Terriglobus_albidus	SRR10875805	1.321798712280005
Terriglobus_albidus	SRR10875806	1.3274339751425022
Terriglobus_albidus	SRR10875807	1.3131501335763234
Terriglobus_albidus	SRR10875808	1.3045425033315778
Terriglobus_albidus	SRR10875809	1.3041708781634826
Terriglobus_albidus	SRR10875810	1.3045425033315778
Terriglobus_albidus	SRR10875812	1.3183154886473012
Terriglobus_albidus	SRR10875813	1.3118964527875616
Terriglobus_albidus	SRR10875814	1.3220060933753541
Terriglobus_albidus	SRR10875815	1.3256464886490253
Terriglobus_albidus	SRR10875816	1.3183139712761642
Terriglobus_albidus	SRR10875817	1.2826454793017845
Terriglobus_albidus	SRR10875818	1.3099462731867664
Terriglobus_albidus	SRR10875819	1.3200824134173645
Terriglobus_albidus	SRR10875820	1.32788603600936
Terriglobus_albidus	SRR10875821	1.3284070765001421
Terriglobus_albidus	SRR10875822	1.316342388280703
Terriglobus_albidus	SRR10875823	1.3238501380291254
Terriglobus_albidus	SRR10875824	1.2857278820269409
Terriglobus_albidus	SRR10875825	1.32788603600936
Terriglobus_albidus	SRR10875826	1.3307758213748055
Terriglobus_albidus	SRR10875827	1.3139301099540455
Terriglobus_albidus	SRR10875829	1.3308497310876877
Terriglobus_albidus	SRR10875830	1.336318015657321
Terriglobus_albidus	SRR10875831	1.3298509126251958
Terriglobus_albidus	SRR10875832	1.3160122260372673
Terriglobus_albidus	SRR10875834	1.3259085555509957
Terriglobus_albidus	SRR10875835	1.3199680560689169
Terriglobus_albidus	SRR10875836	1.3212481279970223
Terriglobus_albidus	SRR10875837	1.316342388280703
Terriglobus_albidus	SRR10875838	1.2725223989275738
Terriglobus_albidus	SRR10875839	1.3273671044979394
Terriglobus_albidus	SRR10875840	1.3267406454623065
Terriglobus_albidus	SRR10875841	1.3248031109985206
Terriglobus_albidus	SRR10875842	1.3266006038672002
Terriglobus_albidus	SRR10875843	3.619086744417709
Terriglobus_albidus	SRR10875844	1.2662671068962372
Terriglobus_albidus	SRR10875845	1.2640509762738386
Terriglobus_albidus	SRR10875846	1.2604869465499007
Terriglobus_albidus	SRR10875847	1.1969670987350434
Terriglobus_albidus	SRR10875848	1.2571656890429694
Terriglobus_albidus	SRR10875849	1.2483503616987424
Terriglobus_albidus	SRR10875850	1.2877682815575862
Terriglobus_albidus	SRR10875851	1.28804384092142
Terriglobus_albidus	SRR10875852	1.29222875324749
Terriglobus_albidus	SRR10875853	1.30825437319375
Terriglobus_albidus	SRR10875854	1.2759952845004103
Terriglobus_albidus	SRR10875855	1.2518352308855787
Terriglobus_albidus	SRR10875856	2.482234175222459
Terriglobus_albidus	SRR10875857	1.258337023175053
Terriglobus_albidus	SRR10875858	4.891113376979443
Terriglobus_albidus	SRR10875859	1.204987904919043
Terriglobus_albidus	SRR10875860	1.2064748151354214
Terriglobus_albidus	SRR10875861	1.2573544954049152
Terriglobus_albidus	SRR10875862	1.254466217950269
Terriglobus_albidus	SRR10875863	1.2707186765588716
Terriglobus_albidus	SRR10875864	1.281180449304323
Terriglobus_albidus	SRR10875865	1.2835261256891743
Terriglobus_albidus	SRR10875866	1.2940783581230297
Terriglobus_albidus	SRR10875867	1.2638660104849928
Terriglobus_albidus	SRR10875868	1.2930909194340356
Terriglobus_albidus	SRR10875869	1.2483245606222864
Terriglobus_albidus	SRR10875870	1.2864966457609845
Terriglobus_albidus	SRR10875871	3.6668011918638856
Terriglobus_albidus	SRR10875872	1.2296931027169007
Terriglobus_albidus	SRR10875873	1.3074076988447034
Terriglobus_albidus	SRR10875874	1.231938349125697
Terriglobus_albidus	SRR10875875	1.2894221909763848
Terriglobus_albidus	SRR10875876	1.2830404425737167
Terriglobus_albidus	SRR10875877	1.299949488077003
Terriglobus_albidus	SRR10875878	1.2929530532335602
Terriglobus_albidus	SRR10875879	1.303527974255504
Terriglobus_albidus	SRR10875880	1.317797596015097
Terriglobus_albidus	SRR10875881	1.2415153575984894
Terriglobus_albidus	SRR10875882	1.307155319087134
Terriglobus_albidus	SRR10875883	1.296477417292304
Terriglobus_albidus	SRR10875884	1.3118968540320162
Terriglobus_albidus	SRR10875885	1.2882509693689796
Terriglobus_albidus	SRR10875886	1.2857100602272609
Terriglobus_albidus	SRR10875887	1.2937764583536733
Terriglobus_albidus	SRR10875888	1.3290237230739097
Terriglobus_albidus	SRR10875889	1.2305141341823898
Terriglobus_albidus	SRR10875890	1.2919491547029816
Terriglobus_albidus	SRR10875891	1.2662671068962372
Terriglobus_albidus	SRR10875892	1.2857662972196502
Terriglobus_albidus	SRR10875893	1.2902080101344982
Terriglobus_albidus	SRR10875894	1.1434368764238114
Terriglobus_albidus	SRR10875895	1.252805823307487
Terriglobus_albidus	SRR10875896	1.313028662557598
Terriglobus_albidus	SRR10875897	1.25885375150116
Terriglobus_albidus	SRR10875898	1.2315484571030648
Terriglobus_albidus	SRR10875899	1.2954491670711659
Terriglobus_albidus	SRR10875900	1.2987680889557414
Terriglobus_albidus	SRR10875901	1.3286860621482448
Terriglobus_albidus	SRR10875902	1.3274266445714387
Terriglobus_albidus	SRR12430469	1.3583740921230527
Terriglobus_albidus	SRR12430470	1.3591647978736123
Terriglobus_albidus	SRR12430471	1.3599875461622084
Terriglobus_albidus	SRR12430472	1.3575309203869175
Terriglobus_albidus	SRR12430473	1.3576823165353116
Terriglobus_albidus	SRR12430474	1.359557935336347
Terriglobus_albidus	SRR12430475	1.3565777300701471
Terriglobus_albidus	SRR12430476	1.359861209009657
Terriglobus_albidus	SRR12765534	NA
Terriglobus_albidus	SRR12765535	NA
Terriglobus_albidus	SRR12765536	NA
Terriglobus_albidus	SRR12765537	NA
Terriglobus_albidus	SRR12765538	NA
Terriglobus_albidus	SRR12765539	NA
Terriglobus_albidus	SRR12765540	NA
Terriglobus_albidus	SRR12765541	NA
Terriglobus_albidus	SRR12765542	NA
Terriglobus_albidus	SRR12765543	NA
Terriglobus_albidus	SRR12765544	NA
Terriglobus_albidus	SRR12765545	NA
Terriglobus_albidus	SRR12765546	NA
Terriglobus_albidus	SRR12765547	NA
Terriglobus_albidus	SRR12765548	NA
Terriglobus_albidus	SRR12765549	NA
Terriglobus_albidus	SRR12765550	NA
Terriglobus_albidus	SRR12765551	NA
Terriglobus_albidus	SRR12765552	NA
Terriglobus_albidus	SRR12765553	NA
Terriglobus_albidus	SRR12765554	NA
Terriglobus_albidus	SRR12765555	NA
Terriglobus_albidus	SRR12765556	NA
Terriglobus_albidus	SRR12765557	NA
Terriglobus_albidus	SRR12765558	NA
Terriglobus_albidus	SRR12765559	NA
Terriglobus_albidus	SRR12765560	NA
Terriglobus_albidus	SRR12765561	NA
Terriglobus_albidus	SRR12765562	NA
Terriglobus_albidus	SRR12765563	NA
Terriglobus_albidus	SRR12765564	NA
Terriglobus_albidus	SRR12765565	NA
Terriglobus_albidus	SRR12765566	NA
Terriglobus_albidus	SRR12765567	NA
Terriglobus_albidus	SRR12765568	NA
Terriglobus_albidus	SRR12765569	NA
Terriglobus_albidus	SRR12765570	NA
Terriglobus_albidus	SRR12765571	NA
Terriglobus_albidus	SRR12765572	NA
Terriglobus_albidus	SRR12765573	NA
Terriglobus_albidus	SRR12765574	NA
Terriglobus_albidus	SRR12765575	NA
Terriglobus_albidus	SRR12765576	NA
Terriglobus_albidus	SRR12765577	NA
Terriglobus_albidus	SRR12765578	NA
Terriglobus_albidus	SRR12765579	NA
Terriglobus_albidus	SRR12765580	NA
Terriglobus_albidus	SRR12765581	NA
Terriglobus_albidus	SRR12765582	NA
Terriglobus_albidus	SRR12765583	NA
Terriglobus_albidus	SRR12765584	NA
Terriglobus_albidus	SRR12765585	NA
Terriglobus_albidus	SRR12765586	NA
Terriglobus_albidus	SRR12765587	NA
Terriglobus_albidus	SRR12765588	NA
Terriglobus_albidus	SRR12765589	NA
Terriglobus_albidus	SRR12765590	NA
Terriglobus_albidus	SRR12765591	NA
Terriglobus_albidus	SRR12765592	NA
Terriglobus_albidus	SRR12765593	NA
Terriglobus_albidus	SRR12765594	NA
Terriglobus_albidus	SRR12765595	NA
Terriglobus_albidus	SRR12765596	NA
Terriglobus_albidus	SRR12765597	NA
Terriglobus_albidus	SRR12765598	NA
Terriglobus_albidus	SRR12765599	NA
Terriglobus_albidus	SRR12765600	NA
Terriglobus_albidus	SRR12765601	NA
Terriglobus_albidus	SRR12765602	NA
Terriglobus_albidus	SRR12765603	NA
Terriglobus_albidus	SRR12765604	NA
Terriglobus_albidus	SRR12765605	NA
Terriglobus_albidus	SRR12765606	NA
Terriglobus_albidus	SRR12765607	NA
Terriglobus_albidus	SRR12765608	NA
Terriglobus_albidus	SRR12765609	NA
Terriglobus_albidus	SRR12765610	NA
Terriglobus_albidus	SRR12765611	NA
Terriglobus_albidus	SRR12765612	NA
Terriglobus_albidus	SRR12765613	NA
Terriglobus_albidus	SRR12765614	NA
Terriglobus_albidus	SRR12765615	NA
Terriglobus_albidus	SRR12765616	NA
Terriglobus_albidus	SRR12765617	NA
Terriglobus_albidus	SRR12765618	NA
Terriglobus_albidus	SRR12765619	NA
Terriglobus_albidus	SRR12765620	NA
Terriglobus_albidus	SRR12765621	NA
Terriglobus_albidus	SRR12765622	NA
Terriglobus_albidus	SRR12765623	NA
Terriglobus_albidus	SRR12765624	NA
Terriglobus_albidus	SRR12765625	NA
Terriglobus_albidus	SRR12765626	NA
Terriglobus_albidus	SRR12765627	NA
Terriglobus_albidus	SRR12765628	NA
Terriglobus_albidus	SRR12765629	NA
Terriglobus_albidus	SRR12765630	NA
Terriglobus_albidus	SRR12765631	NA
Terriglobus_albidus	SRR12765632	NA
Terriglobus_albidus	SRR12765633	NA
Terriglobus_albidus	SRR12765634	NA
Terriglobus_albidus	SRR12765635	NA
Terriglobus_albidus	SRR12765636	NA
Terriglobus_albidus	SRR12765637	NA
Terriglobus_albidus	SRR12765638	NA
Terriglobus_albidus	SRR12765639	NA
Terriglobus_albidus	SRR12765640	NA
Terriglobus_albidus	SRR12765641	NA
Terriglobus_albidus	SRR12765642	NA
Terriglobus_albidus	SRR12765643	NA
Terriglobus_albidus	SRR12765644	NA
Terriglobus_albidus	SRR12765645	NA
Terriglobus_albidus	SRR12765646	NA
Terriglobus_albidus	SRR12765647	NA
Terriglobus_albidus	SRR12765648	NA
Terriglobus_albidus	SRR12765649	NA
Terriglobus_albidus	SRR12765650	NA
Terriglobus_albidus	SRR12765651	NA
Terriglobus_albidus	SRR12765652	NA
Terriglobus_albidus	SRR12774664	1.3076809549705097
Terriglobus_albidus	SRR12774665	1.2903501975558263
Terriglobus_albidus	SRR12774666	1.295795610129531
Terriglobus_albidus	SRR12774667	2.4849138437651246
Terriglobus_albidus	SRR12774668	1.3133120059356136
Terriglobus_albidus	SRR12774669	1.217439166492112
Terriglobus_albidus	SRR12774670	2.546782227473535
Terriglobus_albidus	SRR12774671	1.2729886511515884
Terriglobus_albidus	SRR12774672	1.2985091154575101
Terriglobus_albidus	SRR12774673	1.3026942901706189
Terriglobus_albidus	SRR12774674	1.2742627204554735
Terriglobus_albidus	SRR12774675	1.3067748292569752
Terriglobus_albidus	SRR12774676	1.283759552466454
Terriglobus_albidus	SRR12774677	1.2778654323238352
Terriglobus_albidus	SRR12774678	2.6083417563269653
Terriglobus_albidus	SRR12774679	1.2661741566688087
Terriglobus_albidus	SRR12774680	1.3113717071839983
Terriglobus_albidus	SRR12774681	1.2328493794715614
Terriglobus_albidus	SRR12774682	1.2746296491723794
Terriglobus_albidus	SRR12774683	5.05172214744059
Terriglobus_albidus	SRR12774684	1.2633386692720388
Terriglobus_albidus	SRR12774685	1.2791567896794707
Terriglobus_albidus	SRR12774686	1.2435465015194762
Terriglobus_albidus	SRR12774687	2.417991397599792
Terriglobus_albidus	SRR1609360	1.3595851426742833
Terriglobus_albidus	SRR1609361	1.3642765747608594
Terriglobus_albidus	SRR1609362	1.3601862908424658
Terriglobus_albidus	SRR1609363	1.3648618084282327
Terriglobus_albidus	SRR1609364	1.367723364166903
Terriglobus_albidus	SRR1609365	1.3559699697980863
Terriglobus_albidus	SRR1609366	1.3678519102083702
Terriglobus_albidus	SRR1609367	1.3678519102083702
Terriglobus_albidus	SRR1609368	1.3647292755975204
Terriglobus_albidus	SRR1609369	1.3636661710431994
Terriglobus_albidus	SRR1609370	1.3658304473165754
Terriglobus_albidus	SRR1609371	1.3308497310876877
Terriglobus_albidus	SRR1609372	1.3652789884192185
Terriglobus_albidus	SRR1609373	1.3645592654045955
Terriglobus_albidus	SRR1609374	1.3595851426742833
Terriglobus_albidus	SRR1609375	1.3657127099457684
Terriglobus_albidus	SRR1609376	1.3665467722368712
Terriglobus_albidus	SRR1609377	1.3645592654045955
Terriglobus_albidus	SRR1609378	1.3571865780557517
Terriglobus_albidus	SRR1609379	1.3647292755975204
Terriglobus_albidus	SRR1609380	1.3647292755975204
Terriglobus_albidus	SRR1609381	1.3650389842268886
Terriglobus_albidus	SRR1609382	1.3617719570408353
Terriglobus_albidus	SRR1609383	1.357338444084492
Terriglobus_albidus	SRR1609384	1.3650389842268886
Terriglobus_albidus	SRR1609385	1.3632936897014178
Terriglobus_albidus	SRR1609386	1.364418799805003
Terriglobus_albidus	SRR1609387	1.3632493219027384
Terriglobus_albidus	SRR1609388	1.3644863922256507
Terriglobus_albidus	SRR1609389	1.3619655654592606
Terriglobus_albidus	SRR1609390	1.3566148907720872
Terriglobus_albidus	SRR1609391	1.3337023738185396
Terriglobus_albidus	SRR1609392	1.365648707045223
Terriglobus_albidus	SRR1609393	1.347463603109902
Terriglobus_albidus	SRR1609394	1.3683107682878979
Terriglobus_albidus	SRR1609395	1.366777814654196
Terriglobus_albidus	SRR1609396	1.363963302220239
Terriglobus_albidus	SRR1609397	1.366777814654196
Terriglobus_albidus	SRR1609398	1.364275399950775
Terriglobus_albidus	SRR1609399	1.3652789884192185
Terriglobus_albidus	SRR1609400	1.3644863922256507
Terriglobus_albidus	SRR1609401	1.365648707045223
Terriglobus_albidus	SRR1609402	74.52505678575105
Terriglobus_albidus	SRR1609403	2.72830974938028
Terriglobus_albidus	SRR1609404	1.3538840207981289
Terriglobus_albidus	SRR1609405	1.3604438151934661
Terriglobus_albidus	SRR1609406	1.3595851426742833
Terriglobus_albidus	SRR1609407	1.357545797336928
Terriglobus_albidus	SRR1609408	1.351845412490748
Terriglobus_albidus	SRR1609409	1.3600985209022736
Terriglobus_albidus	SRR1609410	1.339036753943891
Terriglobus_albidus	SRR1609411	1.3650389842268886
Terriglobus_albidus	SRR1609412	1.364275399950775
Terriglobus_albidus	SRR1609413	1.3618823313624977
Terriglobus_albidus	SRR1609414	1.364275399950775
Terriglobus_albidus	SRR1609415	1.3645592654045955
Terriglobus_albidus	SRR1609416	1.3626190286749618
Terriglobus_albidus	SRR1609417	1.3644863922256507
Terriglobus_albidus	SRR1609418	1.3642765747608594
Terriglobus_albidus	SRR1609419	1.3652302799676275
Terriglobus_albidus	SRR1609420	1.3625634054000042
Terriglobus_albidus	SRR1609421	1.364275399950775
Terriglobus_albidus	SRR1609422	1.3642765747608594
Terriglobus_albidus	SRR1609423	1.357338444084492
Terriglobus_albidus	SRR1609424	1.350312888834268
Terriglobus_albidus	SRR1609425	1.3645592654045955
Terriglobus_albidus	SRR1609426	1.363963302220239
Terriglobus_albidus	SRR1609427	1.3628742248234382
Terriglobus_albidus	SRR1609428	1.3648618084282327
Terriglobus_albidus	SRR1609429	1.3652789884192185
Terriglobus_albidus	SRR1609430	1.3642765747608594
Terriglobus_albidus	SRR1609431	1.365648707045223
Terriglobus_albidus	SRR1609432	1.3648618084282327
Terriglobus_albidus	SRR1609433	1.364418799805003
Terriglobus_albidus	SRR1609434	1.351748025615633
Terriglobus_albidus	SRR1609435	1.3678386989055058
Terriglobus_albidus	SRR1609436	1.3632493219027384
Terriglobus_albidus	SRR1609437	1.3650389842268886
Terriglobus_albidus	SRR1609438	1.3647292755975204
Terriglobus_albidus	SRR1609439	1.3695729822351737
Terriglobus_albidus	SRR1609440	1.36415487469014
Terriglobus_albidus	SRR1609441	1.3603247318359362
Terriglobus_albidus	SRR1609442	1.3630300139455425
Terriglobus_albidus	SRR1609443	1.3639943687800475
Terriglobus_albidus	SRR1609444	1.3644863922256507
Terriglobus_albidus	SRR1609445	1.3658304473165754
Terriglobus_albidus	SRR1609446	1.3644863922256507
Terriglobus_albidus	SRR1609447	1.3695495824775967
Terriglobus_albidus	SRR1609448	1.3644863922256507
Terriglobus_albidus	SRR1609449	1.3652592688971437
Terriglobus_albidus	SRR1609450	1.3652789884192185
Terriglobus_albidus	SRR1609451	1.364275399950775
Terriglobus_albidus	SRR1609452	1.3695495824775967
Terriglobus_albidus	SRR1609453	1.3587925115012331
Terriglobus_albidus	SRR1609454	1.3645592654045955
Terriglobus_albidus	SRR1609455	1.369387944920576
Terriglobus_albidus	SRR1609456	1.3652302799676275
Terriglobus_albidus	SRR1609457	1.36415487469014
Terriglobus_albidus	SRR1609458	1.3696731095665362
Terriglobus_albidus	SRR1609459	1.363963302220239
Terriglobus_albidus	SRR1609460	1.3652789884192185
Terriglobus_albidus	SRR1609461	1.3645592654045955
Terriglobus_albidus	SRR1609462	1.364275399950775
Terriglobus_albidus	SRR1609463	1.3665467722368712
Terriglobus_albidus	SRR1609464	1.3644863922256507
Terriglobus_albidus	SRR1609465	1.3657127099457684
Terriglobus_albidus	SRR1609466	1.3331702213185004
Terriglobus_albidus	SRR1609467	1.3665467722368712
Terriglobus_albidus	SRR1609468	1.366777814654196
Terriglobus_albidus	SRR1609469	1.3652592688971437
Terriglobus_albidus	SRR1609470	1.355177982980013
Terriglobus_albidus	SRR1609471	1.3639943687800475
Terriglobus_albidus	SRR1609472	1.3556784343652573
Terriglobus_albidus	SRR1609473	1.357545797336928
Terriglobus_albidus	SRR1609474	1.3642765747608594
Terriglobus_albidus	SRR1609475	1.3556918670257883
Terriglobus_albidus	SRR1609476	1.361986070642
Terriglobus_albidus	SRR1609477	1.3614391621519784
Terriglobus_albidus	SRR1609478	1.3625634054000042
Terriglobus_albidus	SRR1609479	1.3656513527865064
Terriglobus_albidus	SRR1609480	1.365648707045223
Terriglobus_albidus	SRR1609481	1.3642765747608594
Terriglobus_albidus	SRR1609482	1.3628742248234382
Terriglobus_albidus	SRR1609483	1.3630300139455425
Terriglobus_albidus	SRR1609484	1.3626190286749618
Terriglobus_albidus	SRR1609485	1.3632074161673557
Terriglobus_albidus	SRR1609486	1.3652789884192185
Terriglobus_albidus	SRR1609487	1.3656513527865064
Terriglobus_albidus	SRR1609488	1.3658304473165754
Terriglobus_albidus	SRR1609489	1.3636661710431994
Terriglobus_albidus	SRR1609490	1.3670406656948546
Terriglobus_albidus	SRR1609491	1.3652592688971437
Terriglobus_albidus	SRR1609492	1.3626580852625958
Terriglobus_albidus	SRR1609493	1.3647292755975204
Terriglobus_albidus	SRR1609494	1.365648707045223
Terriglobus_albidus	SRR1609495	1.3638247610160497
Terriglobus_albidus	SRR1609496	1.3652592688971437
Terriglobus_albidus	SRR1609497	1.3628742248234382
Terriglobus_albidus	SRR1609498	1.3652592688971437
Terriglobus_albidus	SRR1609499	1.36415487469014
Terriglobus_albidus	SRR1609500	1.363367053906934
Terriglobus_albidus	SRR1609501	1.364418799805003
Terriglobus_albidus	SRR1609502	1.3617719570408353
Terriglobus_albidus	SRR1609503	1.350364271491463
Terriglobus_albidus	SRR1609504	1.3644863922256507
Terriglobus_albidus	SRR1609505	1.3626580852625958
Terriglobus_albidus	SRR1609506	1.366777814654196
Terriglobus_albidus	SRR1609507	1.3658304473165754
Terriglobus_albidus	SRR1609508	1.3658304473165754
Terriglobus_albidus	SRR1609509	1.3648618084282327
Terriglobus_albidus	SRR1609510	1.3652592688971437
Terriglobus_albidus	SRR1609511	1.3632936897014178
Terriglobus_albidus	SRR1609512	1.3647292755975204
Terriglobus_albidus	SRR1609513	1.3642765747608594
Terriglobus_albidus	SRR1609514	1.359432188335606
Terriglobus_albidus	SRR1609515	1.3632074161673557
Terriglobus_albidus	SRR1609516	1.3650389842268886
Terriglobus_albidus	SRR1609517	1.3645592654045955
Terriglobus_albidus	SRR1609518	1.3650389842268886
Terriglobus_albidus	SRR1609519	1.3630300139455425
Terriglobus_albidus	SRR1609520	1.3489953044767595
Terriglobus_albidus	SRR1609521	1.3652302799676275
Terriglobus_albidus	SRR1609522	1.36415487469014
Terriglobus_albidus	SRR1609523	1.3652302799676275
Terriglobus_albidus	SRR1609524	1.365648707045223
Terriglobus_albidus	SRR1609525	1.3647292755975204
Terriglobus_albidus	SRR1609526	1.36259882499864
Terriglobus_albidus	SRR1609527	1.3652592688971437
Terriglobus_albidus	SRR1609528	1.350385719456188
Terriglobus_albidus	SRR1609529	1.3415852748948751
Terriglobus_albidus	SRR1609530	1.3648618084282327
Terriglobus_albidus	SRR1609531	1.363963302220239
Terriglobus_albidus	SRR1609532	1.366777814654196
Terriglobus_albidus	SRR1609533	1.3644863922256507
Terriglobus_albidus	SRR1609534	1.3626190286749618
Terriglobus_albidus	SRR1609535	1.3678519102083702
Terriglobus_albidus	SRR1609536	1.3372878784409956
Terriglobus_albidus	SRR1609537	2.726498643805477
Terriglobus_albidus	SRR1609538	1.365648707045223
Terriglobus_albidus	SRR1609539	97.23580629692279
Terriglobus_albidus	SRR1609540	1.3632074161673557
Terriglobus_albidus	SRR1609541	1.3274232088713633
Terriglobus_albidus	SRR1609542	1.3648618084282327
Terriglobus_albidus	SRR1609543	1.36259882499864
Terriglobus_albidus	SRR1609544	1.3630300139455425
Terriglobus_albidus	SRR1609545	1.331797528030689
Terriglobus_albidus	SRR1609546	1.3632074161673557
Terriglobus_albidus	SRR1609547	1.3632936897014178
Terriglobus_albidus	SRR1609548	1.366777814654196
Terriglobus_albidus	SRR1609549	1.36415487469014
Terriglobus_albidus	SRR1609550	1.3639943687800475
Terriglobus_albidus	SRR1609551	1.3678386989055058
Terriglobus_albidus	SRR1609552	1.3647292755975204
Terriglobus_albidus	SRR1609553	1.3652592688971437
Terriglobus_albidus	SRR1609554	1.3645592654045955
Terriglobus_albidus	SRR1609555	1.3652789884192185
Terriglobus_albidus	SRR1609556	1.3657127099457684
Terriglobus_albidus	SRR1609557	1.3652789884192185
Terriglobus_albidus	SRR1609558	1.3652302799676275
Terriglobus_albidus	SRR1609559	1.3685577832033065
Terriglobus_albidus	SRR1609560	1.3652592688971437
Terriglobus_albidus	SRR1609561	1.364275399950775
Terriglobus_albidus	SRR1609562	1.3632936897014178
Terriglobus_albidus	SRR1609563	1.3645592654045955
Terriglobus_albidus	SRR1609564	1.3632074161673557
Terriglobus_albidus	SRR1609565	1.3656513527865064
Terriglobus_albidus	SRR1609566	1.361986070642
Terriglobus_albidus	SRR1609567	1.3695495824775967
Terriglobus_albidus	SRR1609568	1.363367053906934
Terriglobus_albidus	SRR1609569	1.3632074161673557
Terriglobus_albidus	SRR1609570	1.3614907853286795
Terriglobus_albidus	SRR1609571	1.3274775891413366
Terriglobus_albidus	SRR1609572	1.3652302799676275
Terriglobus_albidus	SRR1609573	1.3618019380158601
Terriglobus_albidus	SRR1609574	1.363367053906934
Terriglobus_albidus	SRR1609575	1.3604438151934661
Terriglobus_albidus	SRR1609576	1.36415487469014
Terriglobus_albidus	SRR1609577	1.3626580852625958
Terriglobus_albidus	SRR1609578	1.3644863922256507
Terriglobus_albidus	SRR1609579	1.3601862908424658
Terriglobus_albidus	SRR1609580	1.3632493219027384
Terriglobus_albidus	SRR1609581	1.3678519102083702
Terriglobus_albidus	SRR1609582	1.3678519102083702
Terriglobus_albidus	SRR1609583	1.3686075106956568
Terriglobus_albidus	SRR1609584	1.3658304473165754
Terriglobus_albidus	SRR1609585	1.36259882499864
Terriglobus_albidus	SRR1609586	1.3687620824139737
Terriglobus_albidus	SRR1609587	1.3620855384331363
Terriglobus_albidus	SRR1609588	1.3658304473165754
Terriglobus_albidus	SRR1609589	1.365648707045223
Terriglobus_albidus	SRR1609590	1.3645592654045955
Terriglobus_albidus	SRR1609591	1.355177982980013
Terriglobus_albidus	SRR1609592	1.3644863922256507
Terriglobus_albidus	SRR1609593	1.3657127099457684
Terriglobus_albidus	SRR1609594	1.3474441088246403
Terriglobus_albidus	SRR1609595	1.3658304473165754
Terriglobus_albidus	SRR1609596	1.364275399950775
Terriglobus_albidus	SRR1609597	1.3652592688971437
Terriglobus_albidus	SRR1609598	1.3625634054000042
Terriglobus_albidus	SRR1609599	1.3159952333304499
Terriglobus_albidus	SRR1609600	1.3619655654592606
Terriglobus_albidus	SRR1609601	1.3510551556071593
Terriglobus_albidus	SRR1609602	1.3489903187332701
Terriglobus_albidus	SRR1609603	1.3632936897014178
Terriglobus_albidus	SRR1609604	1.3613966590497895
Terriglobus_albidus	SRR1609605	1.3650389842268886
Terriglobus_albidus	SRR1609606	1.3565777300701471
Terriglobus_albidus	SRR1609607	1.3632493219027384
Terriglobus_albidus	SRR1609608	1.3658304473165754
Terriglobus_albidus	SRR1609609	1.3665467722368712
Terriglobus_albidus	SRR1609610	1.3614907853286795
Terriglobus_albidus	SRR1609611	1.3628742248234382
Terriglobus_albidus	SRR1609612	1.36415487469014
Terriglobus_albidus	SRR1609613	1.3644863922256507
Terriglobus_albidus	SRR1609614	1.367723364166903
Terriglobus_albidus	SRR1609615	1.3656513527865064
Terriglobus_albidus	SRR1609616	1.361986070642
Terriglobus_albidus	SRR1609617	1.3632074161673557
Terriglobus_albidus	SRR1609618	1.363963302220239
Terriglobus_albidus	SRR1609619	1.3639943687800475
Terriglobus_albidus	SRR1609620	1.3575007269852146
Terriglobus_albidus	SRR1609621	1.3692703068875742
Terriglobus_albidus	SRR1609622	1.3480674404067088
Terriglobus_albidus	SRR1609623	1.3695495824775967
Terriglobus_albidus	SRR1609624	1.3692703068875742
Terriglobus_albidus	SRR1609625	1.363367053906934
Terriglobus_albidus	SRR1609626	1.3566148907720872
Terriglobus_albidus	SRR1609627	1.3696731095665362
Terriglobus_albidus	SRR1609628	1.364275399950775
Terriglobus_albidus	SRR1609629	1.3656513527865064
Terriglobus_albidus	SRR1609630	1.3652789884192185
Terriglobus_albidus	SRR1609631	1.3652592688971437
Terriglobus_albidus	SRR1609632	1.3648618084282327
Terriglobus_albidus	SRR1609633	1.3652789884192185
Terriglobus_albidus	SRR1609634	1.366777814654196
Terriglobus_albidus	SRR1609635	1.3618019380158601
Terriglobus_albidus	SRR1609636	1.3522393535960768
Terriglobus_albidus	SRR1609637	1.364418799805003
Terriglobus_albidus	SRR1609638	1.3695495824775967
Terriglobus_albidus	SRR1609639	1.3650389842268886
Terriglobus_albidus	SRR1609640	1.3683007848759485
Terriglobus_albidus	SRR1609641	1.3691204108846116
Terriglobus_albidus	SRR1609642	1.3628742248234382
Terriglobus_albidus	SRR1609643	1.366777814654196
Terriglobus_albidus	SRR1609644	1.366777814654196
Terriglobus_albidus	SRR1609645	1.3647292755975204
Terriglobus_albidus	SRR1609646	1.3648618084282327
Terriglobus_albidus	SRR1609647	1.3648618084282327
Terriglobus_albidus	SRR1609648	1.3626190286749618
Terriglobus_albidus	SRR1609649	1.3648618084282327
Terriglobus_albidus	SRR1609650	1.3632493219027384
Terriglobus_albidus	SRR1609651	1.3648618084282327
Terriglobus_albidus	SRR1609652	1.3652302799676275
Terriglobus_albidus	SRR1609653	1.3691204108846116
Terriglobus_albidus	SRR1609654	1.3603247318359362
Terriglobus_albidus	SRR1609655	1.364275399950775
Terriglobus_albidus	SRR1609656	1.3614391621519784
Terriglobus_albidus	SRR1609657	1.3695729822351737
Terriglobus_albidus	SRR1609658	1.3652302799676275
Terriglobus_albidus	SRR1609659	1.3645592654045955
Terriglobus_albidus	SRR1609660	1.3610288633969243
Terriglobus_albidus	SRR1609661	1.3642765747608594
Terriglobus_albidus	SRR1609662	1.3652592688971437
Terriglobus_albidus	SRR1609663	1.3670406656948546
Terriglobus_albidus	SRR1609664	1.3632936897014178
Terriglobus_albidus	SRR1609665	1.365648707045223
Terriglobus_albidus	SRR1609666	1.3551435256159687
Terriglobus_albidus	SRR1609667	1.3678519102083702
Terriglobus_albidus	SRR1609668	1.315784239344613
Terriglobus_albidus	SRR1609669	1.364418799805003
Terriglobus_albidus	SRR1746771	NA
Terriglobus_albidus	SRR1746772	NA
Terriglobus_albidus	SRR1746773	NA
Terriglobus_albidus	SRR1746774	NA
Terriglobus_albidus	SRR1746775	NA
Terriglobus_albidus	SRR1746776	NA
Terriglobus_albidus	SRR1746777	NA
Terriglobus_albidus	SRR1746778	NA
Terriglobus_albidus	SRR1746779	NA
Terriglobus_albidus	SRR1746780	NA
Terriglobus_albidus	SRR1746781	NA
Terriglobus_albidus	SRR1746782	NA
Terriglobus_albidus	SRR1746783	NA
Terriglobus_albidus	SRR1746784	NA
Terriglobus_albidus	SRR1782685	1.3565777300701471
Terriglobus_albidus	SRR1782686	1.36415487469014
Terriglobus_albidus	SRR1782687	1.3620855384331363
Terriglobus_albidus	SRR1782688	1.365648707045223
Terriglobus_albidus	SRR1782689	1.3614907853286795
Terriglobus_albidus	SRR1782690	1.3658304473165754
Terriglobus_albidus	SRR1782691	1.3652302799676275
Terriglobus_albidus	SRR1782692	1.366777814654196
Terriglobus_albidus	SRR1782693	1.3639943687800475
Terriglobus_albidus	SRR1782694	1.3665467722368712
Terriglobus_albidus	SRR1782695	1.3650389842268886
Terriglobus_albidus	SRR1782696	1.3648618084282327
Terriglobus_albidus	SRR1782697	1.3644863922256507
Terriglobus_albidus	SRR1782698	1.3658304473165754
Terriglobus_albidus	SRR1782699	1.3658304473165754
Terriglobus_albidus	SRR1782700	1.3650389842268886
Terriglobus_albidus	SRR1782701	1.3658304473165754
Terriglobus_albidus	SRR1782702	1.36415487469014
Terriglobus_albidus	SRR1782703	1.3652789884192185
Terriglobus_albidus	SRR1782704	1.3647292755975204
Terriglobus_albidus	SRR1782705	1.3274775891413366
Terriglobus_albidus	SRR1782706	1.3642765747608594
Terriglobus_albidus	SRR1782707	1.364275399950775
Terriglobus_albidus	SRR1782708	1.3650389842268886
Terriglobus_albidus	SRR1782709	1.3652592688971437
Terriglobus_albidus	SRR1782710	1.364275399950775
Terriglobus_albidus	SRR1782711	1.3644863922256507
Terriglobus_albidus	SRR1782712	1.3538840207981289
Terriglobus_albidus	SRR1782713	1.3556918670257883
Terriglobus_albidus	SRR1782714	1.3556784343652573
Terriglobus_albidus	SRR1782715	1.3619655654592606
Terriglobus_albidus	SRR1782716	1.351748025615633
Terriglobus_albidus	SRR1782717	1.3652789884192185
Terriglobus_albidus	SRR1782718	1.3559699697980863
Terriglobus_albidus	SRR1782719	1.3632936897014178
Terriglobus_albidus	SRR1782720	1.3571865780557517
Terriglobus_albidus	SRR1782721	1.3331702213185004
Terriglobus_albidus	SRR1782722	1.3636661710431994
Terriglobus_albidus	SRR1782723	1.3644863922256507
Terriglobus_albidus	SRR1782724	1.3644863922256507
Terriglobus_albidus	SRR1782725	1.3601862908424658
Terriglobus_albidus	SRR1782726	1.3632493219027384
Terriglobus_albidus	SRR1782727	1.3626580852625958
Terriglobus_albidus	SRR1782728	1.3308497310876877
Terriglobus_albidus	SRR1782729	1.3618823313624977
Terriglobus_albidus	SRR1782730	1.3626190286749618
Terriglobus_albidus	SRR1782731	1.3665467722368712
Terriglobus_albidus	SRR1782732	1.350312888834268
Terriglobus_albidus	SRR1782733	1.3652789884192185
Terriglobus_albidus	SRR1782734	1.3648618084282327
Terriglobus_albidus	SRR1782735	1.3678386989055058
Terriglobus_albidus	SRR1782736	1.366777814654196
Terriglobus_albidus	SRR1782737	1.363367053906934
Terriglobus_albidus	SRR1782738	1.3595851426742833
Terriglobus_albidus	SRR1782739	1.357338444084492
Terriglobus_albidus	SRR1782740	1.367723364166903
Terriglobus_albidus	SRR1782741	1.357338444084492
Terriglobus_albidus	SRR1782742	1.3639943687800475
Terriglobus_albidus	SRR1782743	1.3652789884192185
Terriglobus_albidus	SRR1782744	1.3645592654045955
Terriglobus_albidus	SRR1782745	1.3657127099457684
Terriglobus_albidus	SRR1782746	1.3618019380158601
Terriglobus_albidus	SRR1782747	1.365648707045223
Terriglobus_albidus	SRR1782748	1.366777814654196
Terriglobus_albidus	SRR1782749	1.3644863922256507
Terriglobus_albidus	SRR1782750	1.3652789884192185
Terriglobus_albidus	SRR1782751	1.365648707045223
Terriglobus_albidus	SRR1782752	1.3665467722368712
Terriglobus_albidus	SRR1782753	1.36259882499864
Terriglobus_albidus	SRR1782754	1.364418799805003
Terriglobus_albidus	SRR1782755	1.3652789884192185
Terriglobus_albidus	SRR1782756	1.347463603109902
Terriglobus_albidus	SRR1782757	1.3648618084282327
Terriglobus_albidus	SRR1782758	1.364275399950775
Terriglobus_albidus	SRR1782759	1.3652302799676275
Terriglobus_albidus	SRR1782760	1.3617719570408353
Terriglobus_albidus	SRR1782761	1.283853554459195
Terriglobus_albidus	SRR1782762	1.3337023738185396
Terriglobus_albidus	SRR1782763	1.3647292755975204
Terriglobus_albidus	SRR1782764	1.363963302220239
Terriglobus_albidus	SRR1782765	2.72830974938028
Terriglobus_albidus	SRR1782766	1.365648707045223
Terriglobus_albidus	SRR1782767	1.3650389842268886
Terriglobus_albidus	SRR1782768	1.3657127099457684
Terriglobus_albidus	SRR1782769	1.367723364166903
Terriglobus_albidus	SRR1782770	1.364275399950775
Terriglobus_albidus	SRR1782771	1.364418799805003
Terriglobus_albidus	SRR1782772	1.3645592654045955
Terriglobus_albidus	SRR1782773	74.52505678575105
Terriglobus_albidus	SRR1782774	1.3595851426742833
Terriglobus_albidus	SRR1782775	1.3652302799676275
Terriglobus_albidus	SRR1782776	1.3413229230288701
Terriglobus_albidus	SRR1782777	1.3645592654045955
Terriglobus_albidus	SRR1782778	1.364275399950775
Terriglobus_albidus	SRR1782779	1.3510551556071593
Terriglobus_albidus	SRR1782780	1.3617719570408353
Terriglobus_albidus	SRR1782781	1.3603247318359362
Terriglobus_albidus	SRR1782782	1.36259882499864
Terriglobus_albidus	SRR1782783	97.23580629692279
Terriglobus_albidus	SRR1782784	1.3647292755975204
Terriglobus_albidus	SRR1782785	1.36415487469014
Terriglobus_albidus	SRR1782786	1.3618019380158601
Terriglobus_albidus	SRR1782787	1.3652592688971437
Terriglobus_albidus	SRR1782788	1.3652302799676275
Terriglobus_albidus	SRR1782789	1.3628742248234382
Terriglobus_albidus	SRR1782790	1.3657127099457684
Terriglobus_albidus	SRR1782791	1.3630300139455425
Terriglobus_albidus	SRR1782792	1.3613966590497895
Terriglobus_albidus	SRR1782793	1.3632936897014178
Terriglobus_albidus	SRR1782794	1.3601862908424658
Terriglobus_albidus	SRR1782795	1.3159952333304499
Terriglobus_albidus	SRR1782796	1.3489953044767595
Terriglobus_albidus	SRR1782797	1.3474441088246403
Terriglobus_albidus	SRR1782798	1.3566148907720872
Terriglobus_albidus	SRR1782799	1.3650389842268886
Terriglobus_albidus	SRR1782800	1.3644863922256507
Terriglobus_albidus	SRR1782801	1.3678519102083702
Terriglobus_albidus	SRR1782802	1.3645592654045955
Terriglobus_albidus	SRR1782803	1.3652789884192185
Terriglobus_albidus	SRR1782804	1.3678519102083702
Terriglobus_albidus	SRR1782805	1.3647292755975204
Terriglobus_albidus	SRR1782806	1.3645592654045955
Terriglobus_albidus	SRR1782807	1.3642765747608594
Terriglobus_albidus	SRR1782808	1.3639943687800475
Terriglobus_albidus	SRR1782809	1.3601862908424658
Terriglobus_albidus	SRR1782810	1.330579163784775
Terriglobus_albidus	SRR1782811	1.3632936897014178
Terriglobus_albidus	SRR1782812	1.3642765747608594
Terriglobus_albidus	SRR1782813	1.3647292755975204
Terriglobus_albidus	SRR1782814	2.6791816394516306
Terriglobus_albidus	SRR1782815	1.3281592615564368
Terriglobus_albidus	SRR1782816	1.3644863922256507
Terriglobus_albidus	SRR1782817	1.3647292755975204
Terriglobus_albidus	SRR1782818	1.3658304473165754
Terriglobus_albidus	SRR1782819	1.3625634054000042
Terriglobus_albidus	SRR1782820	1.3686075106956568
Terriglobus_albidus	SRR1782821	1.3670406656948546
Terriglobus_albidus	SRR1782822	1.3626190286749618
Terriglobus_albidus	SRR1782823	1.3628742248234382
Terriglobus_albidus	SRR1782824	1.3614391621519784
Terriglobus_albidus	SRR1782825	1.365648707045223
Terriglobus_albidus	SRR1782826	1.3644863922256507
Terriglobus_albidus	SRR1782827	1.3652302799676275
Terriglobus_albidus	SRR1782828	1.3683325279379595
Terriglobus_albidus	SRR1782829	1.365648707045223
Terriglobus_albidus	SRR1782830	1.3480674404067088
Terriglobus_albidus	SRR1782831	1.3604438151934661
Terriglobus_albidus	SRR1782832	1.3647292755975204
Terriglobus_albidus	SRR1782833	1.3625634054000042
Terriglobus_albidus	SRR1782834	1.3652592688971437
Terriglobus_albidus	SRR1782835	1.3644863922256507
Terriglobus_albidus	SRR1782836	1.364418799805003
Terriglobus_albidus	SRR1782837	1.3695729822351737
Terriglobus_albidus	SRR1782838	1.3695729822351737
Terriglobus_albidus	SRR1782839	1.369387944920576
Terriglobus_albidus	SRR1782840	1.3692703068875742
Terriglobus_albidus	SRR1782841	1.3695729822351737
Terriglobus_albidus	SRR1782842	1.3652789884192185
Terriglobus_albidus	SRR1782843	1.3695495824775967
Terriglobus_albidus	SRR1782844	1.3691204108846116
Terriglobus_albidus	SRR1782845	1.3695495824775967
Terriglobus_albidus	SRR1782846	1.3696731095665362
Terriglobus_albidus	SRR1782847	1.3695495824775967
Terriglobus_albidus	SRR1782848	1.3692703068875742
Terriglobus_albidus	SRR1782849	1.3696731095665362
Terriglobus_albidus	SRR1782850	1.369387944920576
Terriglobus_albidus	SRR1782851	1.3695495824775967
Terriglobus_albidus	SRR1782852	1.369387944920576
Terriglobus_albidus	SRR1782853	1.3695495824775967
Terriglobus_albidus	SRR1782854	1.361986070642
Terriglobus_albidus	SRR1782855	1.36415487469014
Terriglobus_albidus	SRR1782856	1.3632936897014178
Terriglobus_albidus	SRR1782857	1.3630300139455425
Terriglobus_albidus	SRR1782858	1.3632074161673557
Terriglobus_albidus	SRR1782859	1.3645592654045955
Terriglobus_albidus	SRR1782860	1.3603247318359362
Terriglobus_albidus	SRR1782861	1.3587925115012331
Terriglobus_albidus	SRR1782862	1.3625634054000042
Terriglobus_albidus	SRR1782863	1.36415487469014
Terriglobus_albidus	SRR1782864	1.3566148907720872
Terriglobus_albidus	SRR1782865	1.3642765747608594
Terriglobus_albidus	SRR1782866	1.3658304473165754
Terriglobus_albidus	SRR1782867	1.3642765747608594
Terriglobus_albidus	SRR1782868	1.3639943687800475
Terriglobus_albidus	SRR1782869	1.3632493219027384
Terriglobus_albidus	SRR1782870	1.3652592688971437
Terriglobus_albidus	SRR1782871	1.3628742248234382
Terriglobus_albidus	SRR1782872	1.3626190286749618
Terriglobus_albidus	SRR1782873	1.363963302220239
Terriglobus_albidus	SRR1782874	1.364275399950775
Terriglobus_albidus	SRR1782875	1.3648618084282327
Terriglobus_albidus	SRR1782876	1.3610288633969243
Terriglobus_albidus	SRR1782877	1.363367053906934
Terriglobus_albidus	SRR1782878	1.3566148907720872
Terriglobus_albidus	SRR1782879	1.3614391621519784
Terriglobus_albidus	SRR1782880	1.3650389842268886
Terriglobus_albidus	SRR1782881	1.3626580852625958
Terriglobus_albidus	SRR1782882	1.3626190286749618
Terriglobus_albidus	SRR1782883	1.3630300139455425
Terriglobus_albidus	SRR1782884	1.3632074161673557
Terriglobus_albidus	SRR1782885	1.3632936897014178
Terriglobus_albidus	SRR1782886	1.3647292755975204
Terriglobus_albidus	SRR1782887	1.3632936897014178
Terriglobus_albidus	SRR1782888	1.363963302220239
Terriglobus_albidus	SRR1782889	1.3652789884192185
Terriglobus_albidus	SRR1782890	1.3642765747608594
Terriglobus_albidus	SRR1782891	1.3644863922256507
Terriglobus_albidus	SRR1782892	1.363367053906934
Terriglobus_albidus	SRR1782893	1.36415487469014
Terriglobus_albidus	SRR1782894	1.3372878784409956
Terriglobus_albidus	SRR1782895	1.363963302220239
Terriglobus_albidus	SRR1782896	1.3636661710431994
Terriglobus_albidus	SRR1782897	1.3652592688971437
Terriglobus_albidus	SRR1782898	1.3648618084282327
Terriglobus_albidus	SRR1782899	2.726498643805477
Terriglobus_albidus	SRR1782900	1.3652592688971437
Terriglobus_albidus	SRR1782901	1.3632074161673557
Terriglobus_albidus	SRR1782902	1.3614907853286795
Terriglobus_albidus	SRR1782903	1.364275399950775
Terriglobus_albidus	SRR1782904	1.3628742248234382
Terriglobus_albidus	SRR1782905	1.3639943687800475
Terriglobus_albidus	SRR1782906	1.3652789884192185
Terriglobus_albidus	SRR1782907	1.355177982980013
Terriglobus_albidus	SRR1782908	1.3652789884192185
Terriglobus_albidus	SRR1782909	1.3652789884192185
Terriglobus_albidus	SRR1782910	1.363367053906934
Terriglobus_albidus	SRR1782911	1.3644863922256507
Terriglobus_albidus	SRR1782912	1.361986070642
Terriglobus_albidus	SRR1782913	1.3632074161673557
Terriglobus_albidus	SRR1782914	1.364275399950775
Terriglobus_albidus	SRR1782915	1.3632074161673557
Terriglobus_albidus	SRR1782916	1.3618019380158601
Terriglobus_albidus	SRR1782917	1.3652592688971437
Terriglobus_albidus	SRR1782918	1.3642765747608594
Terriglobus_albidus	SRR1782919	1.36415487469014
Terriglobus_albidus	SRR1782920	1.3628742248234382
Terriglobus_albidus	SRR1782921	1.36415487469014
Terriglobus_albidus	SRR1782922	1.336962642906195
Terriglobus_albidus	SRR1782923	1.3658304473165754
Terriglobus_albidus	SRR1782924	1.3647292755975204
Terriglobus_albidus	SRR1782925	1.3644863922256507
Terriglobus_albidus	SRR1782926	1.3652302799676275
Terriglobus_albidus	SRR1782927	1.3648618084282327
Terriglobus_albidus	SRR1782928	1.3670406656948546
Terriglobus_albidus	SRR1782929	1.3650389842268886
Terriglobus_albidus	SRR1782930	1.3583740921230527
Terriglobus_albidus	SRR1782931	1.3650389842268886
Terriglobus_albidus	SRR1782932	1.3632074161673557
Terriglobus_albidus	SRR1782933	1.3459185395104925
Terriglobus_albidus	SRR1782934	1.364418799805003
Terriglobus_albidus	SRR1782935	1.36415487469014
Terriglobus_albidus	SRR1782936	1.3415852748948751
Terriglobus_albidus	SRR1782937	1.3645592654045955
Terriglobus_albidus	SRR1782938	1.350364271491463
Terriglobus_albidus	SRR1782939	1.3652302799676275
Terriglobus_albidus	SRR1782940	1.365648707045223
Terriglobus_albidus	SRR1782941	1.3632493219027384
Terriglobus_albidus	SRR1782942	1.3656513527865064
Terriglobus_albidus	SRR1782943	1.3647292755975204
Terriglobus_albidus	SRR1782944	1.364418799805003
Terriglobus_albidus	SRR1782945	1.363367053906934
Terriglobus_albidus	SRR1782946	1.36259882499864
Terriglobus_albidus	SRR1782947	1.3658304473165754
Terriglobus_albidus	SRR1782948	1.365648707045223
Terriglobus_albidus	SRR1782949	1.3648618084282327
Terriglobus_albidus	SRR1782950	1.365648707045223
Terriglobus_albidus	SRR1782951	1.3642765747608594
Terriglobus_albidus	SRR1782952	1.331797528030689
Terriglobus_albidus	SRR1782953	1.3632074161673557
Terriglobus_albidus	SRR1782954	1.315784239344613
Terriglobus_albidus	SRR1782955	1.3522393535960768
Terriglobus_albidus	SRR1782956	1.3648618084282327
Terriglobus_albidus	SRR1782957	1.364418799805003
Terriglobus_albidus	SRR1782958	1.3650389842268886
Terriglobus_albidus	SRR1782959	1.357545797336928
Terriglobus_albidus	SRR1782960	1.3626580852625958
Terriglobus_albidus	SRR1782961	1.3578332304943945
Terriglobus_albidus	SRR1782962	1.3632936897014178
Terriglobus_albidus	SRR1782963	1.364275399950775
Terriglobus_albidus	SRR1782964	1.3632936897014178
Terriglobus_albidus	SRR1782965	1.3678519102083702
Terriglobus_albidus	SRR1782966	1.363963302220239
Terriglobus_albidus	SRR1782967	1.3657127099457684
Terriglobus_albidus	SRR1782968	1.3652302799676275
Terriglobus_albidus	SRR1782969	1.366777814654196
Terriglobus_albidus	SRR1782970	1.3575007269852146
Terriglobus_albidus	SRR1782971	1.3551435256159687
Terriglobus_albidus	SRR1782972	1.366777814654196
Terriglobus_albidus	SRR1782973	1.3691204108846116
Terriglobus_albidus	SRR1782974	1.3670406656948546
Terriglobus_albidus	SRR1782975	1.3683007848759485
Terriglobus_albidus	SRR1782976	1.3683107682878979
Terriglobus_albidus	SRR1782977	1.3683007848759485
Terriglobus_albidus	SRR1782978	1.3647292755975204
Terriglobus_albidus	SRR1782979	1.366777814654196
Terriglobus_albidus	SRR1782980	1.366777814654196
Terriglobus_albidus	SRR1782981	1.3658304473165754
Terriglobus_albidus	SRR1782982	1.3665467722368712
Terriglobus_albidus	SRR1782983	1.366777814654196
Terriglobus_albidus	SRR1782984	1.3645592654045955
Terriglobus_albidus	SRR1782985	1.36415487469014
Terriglobus_albidus	SRR1782986	1.3670406656948546
Terriglobus_albidus	SRR1782987	1.365648707045223
Terriglobus_albidus	SRR1782988	1.3648618084282327
Terriglobus_albidus	SRR1782989	1.3632936897014178
Terriglobus_albidus	SRR1782990	1.3645592654045955
Terriglobus_albidus	SRR1782991	1.364418799805003
Terriglobus_albidus	SRR1782992	1.3648618084282327
Terriglobus_albidus	SRR1782993	1.3648618084282327
Terriglobus_albidus	SRR1782994	1.3644863922256507
Terriglobus_albidus	SRR1782995	1.3648618084282327
Terriglobus_albidus	SRR1782996	1.3652592688971437
Terriglobus_albidus	SRR1782997	1.3645592654045955
Terriglobus_albidus	SRR1782998	1.3652789884192185
Terriglobus_albidus	SRR1782999	1.36415487469014
Terriglobus_albidus	SRR1783000	1.364418799805003
Terriglobus_albidus	SRR1783001	1.3656513527865064
Terriglobus_albidus	SRR1783002	1.3652789884192185
Terriglobus_albidus	SRR1783003	1.36259882499864
Terriglobus_albidus	SRR1783004	1.3652592688971437
Terriglobus_albidus	SRR1783005	1.3645592654045955
Terriglobus_albidus	SRR1783006	1.363963302220239
Terriglobus_albidus	SRR1813867	NA
Terriglobus_albidus	SRR1813868	NA
Terriglobus_albidus	SRR1813869	NA
Terriglobus_albidus	SRR1813870	NA
Terriglobus_albidus	SRR1813871	NA
Terriglobus_albidus	SRR1813872	NA
Terriglobus_albidus	SRR1813873	NA
Terriglobus_albidus	SRR1813874	NA
Terriglobus_albidus	SRR1813875	NA
Terriglobus_albidus	SRR1813876	NA
Terriglobus_albidus	SRR1813877	NA
Terriglobus_albidus	SRR1813878	NA
Terriglobus_albidus	SRR1813879	NA
Terriglobus_albidus	SRR1813880	NA
Terriglobus_albidus	SRR1813881	NA
Terriglobus_albidus	SRR1813882	NA
Terriglobus_albidus	SRR1813883	NA
Terriglobus_albidus	SRR1813884	NA
Terriglobus_albidus	SRR1813885	NA
Terriglobus_albidus	SRR1813886	NA
Terriglobus_albidus	SRR1813887	NA
Terriglobus_albidus	SRR1928188	NA
Terriglobus_albidus	SRR1928189	NA
Terriglobus_albidus	SRR1928190	NA
Terriglobus_albidus	SRR1928191	NA
Terriglobus_albidus	SRR1928192	NA
Terriglobus_albidus	SRR1928193	NA
Terriglobus_albidus	SRR2046996	1.3555405213425968
Terriglobus_albidus	SRR2046997	1.3561626257600456
Terriglobus_albidus	SRR2046998	1.3632936897014178
Terriglobus_albidus	SRR2046999	1.363963302220239
Terriglobus_albidus	SRR2047000	1.3513816610410734
Terriglobus_albidus	SRR2047001	1.359432188335606
Terriglobus_albidus	SRR2047002	1.3599875461622084
Terriglobus_albidus	SRR2047003	1.3626190286749618
Terriglobus_albidus	SRR2047004	1.3574339952142995
Terriglobus_albidus	SRR2047005	1.3618823313624977
Terriglobus_albidus	SRR2047006	1.3618019380158601
Terriglobus_albidus	SRR2047007	1.3597762438242038
Terriglobus_albidus	SRR2047008	1.3620855384331363
Terriglobus_albidus	SRR2047009	1.3613966590497895
Terriglobus_albidus	SRR2313973	NA
Terriglobus_albidus	SRR2313974	NA
Terriglobus_albidus	SRR2313975	NA
Terriglobus_albidus	SRR2313976	NA
Terriglobus_albidus	SRR2313977	NA
Terriglobus_albidus	SRR2313978	NA
Terriglobus_albidus	SRR2313979	NA
Terriglobus_albidus	SRR2313980	NA
Terriglobus_albidus	SRR2313981	NA
Terriglobus_albidus	SRR2313982	NA
Terriglobus_albidus	SRR2313983	NA
Terriglobus_albidus	SRR2313984	NA
Terriglobus_albidus	SRR2313985	NA
Terriglobus_albidus	SRR2313986	NA
Terriglobus_albidus	SRR2313987	NA
Terriglobus_albidus	SRR2313988	NA
Terriglobus_albidus	SRR2313989	NA
Terriglobus_albidus	SRR2313990	NA
Terriglobus_albidus	SRR2313991	NA
Terriglobus_albidus	SRR2313992	NA
Terriglobus_albidus	SRR2313993	NA
Terriglobus_albidus	SRR2313994	NA
Terriglobus_albidus	SRR2313995	NA
Terriglobus_albidus	SRR2313996	NA
Terriglobus_albidus	SRR2313997	NA
Terriglobus_albidus	SRR2313998	NA
Terriglobus_albidus	SRR2313999	NA
Terriglobus_albidus	SRR2314000	NA
Terriglobus_albidus	SRR2314001	NA
Terriglobus_albidus	SRR2314002	NA
Terriglobus_albidus	SRR2314003	NA
Terriglobus_albidus	SRR2314004	NA
Terriglobus_albidus	SRR2314005	NA
Terriglobus_albidus	SRR2314006	NA
Terriglobus_albidus	SRR2314007	NA
Terriglobus_albidus	SRR2314008	NA
Terriglobus_albidus	SRR2314009	NA
Terriglobus_albidus	SRR2314010	NA
Terriglobus_albidus	SRR2314011	NA
Terriglobus_albidus	SRR2314012	NA
Terriglobus_albidus	SRR2314013	NA
Terriglobus_albidus	SRR2314014	NA
Terriglobus_albidus	SRR2314015	NA
Terriglobus_albidus	SRR2314016	NA
Terriglobus_albidus	SRR2314017	NA
Terriglobus_albidus	SRR2314018	NA
Terriglobus_albidus	SRR2314019	NA
Terriglobus_albidus	SRR2314020	NA
Terriglobus_albidus	SRR2314021	NA
Terriglobus_albidus	SRR2314022	NA
Terriglobus_albidus	SRR2314023	NA
Terriglobus_albidus	SRR2314024	NA
Terriglobus_albidus	SRR2314025	NA
Terriglobus_albidus	SRR2314026	NA
Terriglobus_albidus	SRR2314027	NA
Terriglobus_albidus	SRR2314028	NA
Terriglobus_albidus	SRR2314029	NA
Terriglobus_albidus	SRR2314030	NA
Terriglobus_albidus	SRR2314031	NA
Terriglobus_albidus	SRR2314032	NA
Terriglobus_albidus	SRR2314033	NA
Terriglobus_albidus	SRR2314034	NA
Terriglobus_albidus	SRR2314035	NA
Terriglobus_albidus	SRR2314036	NA
Terriglobus_albidus	SRR2314037	NA
Terriglobus_albidus	SRR2314038	NA
Terriglobus_albidus	SRR2314039	NA
Terriglobus_albidus	SRR2314040	NA
Terriglobus_albidus	SRR2314041	NA
Terriglobus_albidus	SRR2314042	NA
Terriglobus_albidus	SRR2314043	NA
Terriglobus_albidus	SRR2314044	NA
Terriglobus_albidus	SRR2314045	NA
Terriglobus_albidus	SRR3493774	1.3382819884592194
Terriglobus_albidus	SRR3493775	1.3480674404067088
Terriglobus_albidus	SRR3493776	1.3296738838805997
Terriglobus_albidus	SRR3493777	1.3505835749216886
Terriglobus_albidus	SRR3493778	1.358349537490332
Terriglobus_albidus	SRR3493779	1.3561626257600456
Terriglobus_albidus	SRR3493780	1.3398964265019178
Terriglobus_albidus	SRR3493781	1.3438742739783325
Terriglobus_albidus	SRR3493782	1.323299595997881
Terriglobus_albidus	SRR3493783	1.3459185395104925
Terriglobus_albidus	SRR3493784	1.3438742739783325
Terriglobus_albidus	SRR3493785	1.3508362279898005
Terriglobus_albidus	SRR3493786	1.3287149082462886
Terriglobus_albidus	SRR3493787	1.3380477713644905
Terriglobus_albidus	SRR3493788	1.3183154886473012
Terriglobus_albidus	SRR3493789	1.347463603109902
Terriglobus_albidus	SRR3493790	1.2625448423100207
Terriglobus_albidus	SRR3493791	1.284592323754263
Terriglobus_albidus	SRR3493792	1.2305141341823898
Terriglobus_albidus	SRR3493793	1.260745717944606
Terriglobus_albidus	SRR3493794	1.2711853315026325
Terriglobus_albidus	SRR3493795	1.2142169544739283
Terriglobus_albidus	SRR3493796	1.065828761819991
Terriglobus_albidus	SRR3493797	1.284592323754263
Terriglobus_albidus	SRR3493798	1.2627860312224735
Terriglobus_albidus	SRR3493799	1.2198005066181308
Terriglobus_albidus	SRR3493800	1.2987680889557414
Terriglobus_albidus	SRR3493801	1.1449664140631362
Terriglobus_albidus	SRR3493802	1.092222303761903
Terriglobus_albidus	SRR3493803	1.1538936985338037
Terriglobus_albidus	SRR3493804	1.2970912368303573
Terriglobus_albidus	SRR3493805	1.155781100264946
Terriglobus_albidus	SRR3493806	2.481507942405682
Terriglobus_albidus	SRR3493807	2.364207354434549
Terriglobus_albidus	SRR3493808	3.373703659437808
Terriglobus_albidus	SRR3493809	1.115773559998563
Terriglobus_albidus	SRR3493810	1.1126861636097949
Terriglobus_albidus	SRR3493811	1.1960002773585596
Terriglobus_albidus	SRR3493812	1.2401206159389038
Terriglobus_albidus	SRR3493813	1.2019384090069336
Terriglobus_albidus	SRR3493814	1.2240379779593342
Terriglobus_albidus	SRR3493815	1.2049206616817982
Terriglobus_albidus	SRR3493816	1.2298029536945252
Terriglobus_albidus	SRR3493817	16.348649649217307
Terriglobus_albidus	SRR3493818	1.2027437090132078
Terriglobus_albidus	SRR3493819	1.2205584277726473
Terriglobus_albidus	SRR3493820	1.3173952229656312
Terriglobus_albidus	SRR3493821	1.1503531047395037
Terriglobus_albidus	SRR3493822	1.2468982506550739
Terriglobus_albidus	SRR3493823	1.2391769352647855
Terriglobus_albidus	SRR3493824	1.2882433644676075
Terriglobus_albidus	SRR3493825	2.3727097945476148
Terriglobus_albidus	SRR3493826	1.1957337316838368
Terriglobus_albidus	SRR3493827	1.1928585465345922
Terriglobus_albidus	SRR3493828	1.1456715974121265
Terriglobus_albidus	SRR3493829	1.058231760561945
Terriglobus_albidus	SRR3493830	1.2752140936865761
Terriglobus_albidus	SRR3493831	1.0894194461838653
Terriglobus_albidus	SRR3493832	1.1641537538009277
Terriglobus_albidus	SRR3493833	2.417013716644713
Terriglobus_albidus	SRR3493834	1.236584131457369
Terriglobus_albidus	SRR3493835	0.6386201409012657
Terriglobus_albidus	SRR3493836	1.2914238372325433
Terriglobus_albidus	SRR3493837	1.1214647196727927
Terriglobus_albidus	SRR3493838	1.1644913690110268
Terriglobus_albidus	SRR3493839	1.3240933322740474
Terriglobus_albidus	SRR3493840	1.315784239344613
Terriglobus_albidus	SRR3493841	1.2671331324617459
Terriglobus_albidus	SRR3493846	1.3184752878867636
Terriglobus_albidus	SRR3493847	1.2952730709674147
Terriglobus_albidus	SRR3493848	1.3183154886473012
Terriglobus_albidus	SRR3493849	3.5727762464621677
Terriglobus_albidus	SRR3493850	1.2886820472941767
Terriglobus_albidus	SRR3714631	1.3652302799676275
Terriglobus_albidus	SRR3714632	1.3650389842268886
Terriglobus_albidus	SRR3714633	1.3423135436670932
Terriglobus_albidus	SRR3714634	1.3483358427492986
Terriglobus_albidus	SRR3714635	1.3301157084966697
Terriglobus_albidus	SRR3714636	1.3612319094799556
Terriglobus_albidus	SRR3714637	1.350364271491463
Terriglobus_albidus	SRR3714638	1.347000803460904
Terriglobus_albidus	SRR3714639	1.3183139712761642
Terriglobus_albidus	SRR3714640	1.344021627244169
Terriglobus_albidus	SRR3714641	1.3434000954997938
Terriglobus_albidus	SRR3714642	1.3501340679540812
Terriglobus_albidus	SRR3714643	1.3508362279898005
Terriglobus_albidus	SRR3714644	1.3524350411013144
Terriglobus_albidus	SRR3714645	1.3383514119561248
Terriglobus_albidus	SRR3714646	1.3274339751425022
Terriglobus_albidus	SRR3714648	1.3285645915048494
Terriglobus_albidus	SRR3714649	1.3358726283614641
Terriglobus_albidus	SRR3714650	1.2804465079787484
Terriglobus_albidus	SRR3714651	1.340495266601185
Terriglobus_albidus	SRR3714652	1.3370875646886284
Terriglobus_albidus	SRR3714653	1.3351787252769485
Terriglobus_albidus	SRR3714654	1.3179295366425143
Terriglobus_albidus	SRR3714655	1.3490138249359378
Terriglobus_albidus	SRR3714656	1.2567251485578759
Terriglobus_albidus	SRR3714657	1.336962642906195
Terriglobus_albidus	SRR3714658	1.351845412490748
Terriglobus_albidus	SRR3714659	1.3516557234899487
Terriglobus_albidus	SRR3714660	1.3505835749216886
Terriglobus_albidus	SRR3714661	1.3304516300065055
Terriglobus_albidus	SRR3714662	1.348742925120609
Terriglobus_albidus	SRR3714663	1.3312382839650534
Terriglobus_albidus	SRR3714664	1.350385719456188
Terriglobus_albidus	SRR3714665	1.3490138249359378
Terriglobus_albidus	SRR3714666	1.359861209009657
Terriglobus_albidus	SRR3714667	1.3307404382020307
Terriglobus_albidus	SRR3714668	1.3375379880262035
Terriglobus_albidus	SRR3714669	1.3345735792666624
Terriglobus_albidus	SRR3714670	1.2702440658531313
Terriglobus_albidus	SRR3714671	1.3287149082462886
Terriglobus_albidus	SRR3714672	1.3388174262643275
Terriglobus_albidus	SRR3714673	1.2667410257810257
Terriglobus_albidus	SRR3714674	1.34653965578047
Terriglobus_albidus	SRR3714675	1.3451861847413156
Terriglobus_albidus	SRR3714676	1.3456171453727186
Terriglobus_albidus	SRR3714677	1.2961864285789997
Terriglobus_albidus	SRR3714678	1.3514824771725942
Terriglobus_albidus	SRR3714679	2.690507731960198
Terriglobus_albidus	SRR3714680	1.3367622302937445
Terriglobus_albidus	SRR3714681	1.3560657049542797
Terriglobus_albidus	SRR3714682	1.3558285475421563
Terriglobus_albidus	SRR3714683	1.3366743708340345
Terriglobus_albidus	SRR3714684	1.3348202926155082
Terriglobus_albidus	SRR3714685	1.336962642906195
Terriglobus_albidus	SRR3714686	1.3507509512034028
Terriglobus_albidus	SRR3714688	1.3626190286749618
Terriglobus_albidus	SRR3714689	1.3534875243524722
Terriglobus_albidus	SRR3714690	1.3290237230739097
Terriglobus_albidus	SRR3714691	1.3436634093908635
Terriglobus_albidus	SRR3714692	1.3180397863021243
Terriglobus_albidus	SRR3714693	1.3512170370636938
Terriglobus_albidus	SRR3714694	1.3511672659833882
Terriglobus_albidus	SRR3714695	1.3513816610410734
Terriglobus_albidus	SRR3714696	1.292255376915366
Terriglobus_albidus	SRR3714697	1.2306754126664508
Terriglobus_albidus	SRR3714698	1.3583740921230527
Terriglobus_albidus	SRR3714699	1.3450753291437514
Terriglobus_albidus	SRR3714700	1.3473985089531106
Terriglobus_albidus	SRR3714701	2.659305070304222
Terriglobus_albidus	SRR3714702	1.350385719456188
Terriglobus_albidus	SRR3714703	1.3502790583246302
Terriglobus_albidus	SRR3714704	1.3547238099368741
Terriglobus_albidus	SRR3714705	2.635942376923698
Terriglobus_albidus	SRR3714706	1.3645592654045955
Terriglobus_albidus	SRR3714707	1.346320609018767
Terriglobus_albidus	SRR3714708	1.3626580852625958
Terriglobus_albidus	SRR3714709	1.3423783231069852
Terriglobus_albidus	SRR3714710	1.3427763630507397
Terriglobus_albidus	SRR3714711	1.3505835749216886
Terriglobus_albidus	SRR3714712	1.347145302534545
Terriglobus_albidus	SRR3714713	1.3394985745560506
Terriglobus_albidus	SRR3714714	1.336650893783813
Terriglobus_albidus	SRR3714715	1.3071122189861448
Terriglobus_albidus	SRR3714716	1.3558285475421563
Terriglobus_albidus	SRR3714717	1.3607077715866251
Terriglobus_albidus	SRR3714718	1.3508362279898005
Terriglobus_albidus	SRR3714719	1.34653965578047
Terriglobus_albidus	SRR3714720	1.3340118219441086
Terriglobus_albidus	SRR3714721	1.3419191740325442
Terriglobus_albidus	SRR3714723	1.3308497310876877
Terriglobus_albidus	SRR3714724	1.3035662084064727
Terriglobus_albidus	SRR3714725	1.3214119850406139
Terriglobus_albidus	SRR3714726	1.3456171453727186
Terriglobus_albidus	SRR3714727	1.3333686715063529
Terriglobus_albidus	SRR3714728	1.3333686715063529
Terriglobus_albidus	SRR3714729	1.3628387906179662
Terriglobus_albidus	SRR3714730	1.3487588358880969
Terriglobus_albidus	SRR3714731	1.3123179243169656
Terriglobus_albidus	SRR3714732	2.6939383202328195
Terriglobus_albidus	SRR3714734	1.3507509512034028
Terriglobus_albidus	SRR3714735	1.3489720212096918
Terriglobus_albidus	SRR3714736	1.3574753250672933
Terriglobus_albidus	SRR3714737	1.3454871180632704
Terriglobus_albidus	SRR3714738	2.581866246530553
Terriglobus_albidus	SRR3714739	1.3513816610410734
Terriglobus_albidus	SRR3714740	1.2996587190744668
Terriglobus_albidus	SRR3714741	1.3614391621519784
Terriglobus_albidus	SRR3714744	1.3424537171472761
Terriglobus_albidus	SRR3714745	1.2815229461742896
Terriglobus_albidus	SRR3714746	1.3644863922256507
Terriglobus_albidus	SRR3714747	1.3230920898627394
Terriglobus_albidus	SRR3714748	1.350312888834268
Terriglobus_albidus	SRR3714749	1.3607077715866251
Terriglobus_albidus	SRR3714750	1.3274339751425022
Terriglobus_albidus	SRR3714751	1.3561626257600456
Terriglobus_albidus	SRR3714752	1.3564544763934177
Terriglobus_albidus	SRR3714753	1.3180397863021243
Terriglobus_albidus	SRR3714754	1.3383514119561248
Terriglobus_albidus	SRR3714755	1.351845412490748
Terriglobus_albidus	SRR3714756	1.3409308401998268
Terriglobus_albidus	SRR3714757	1.3454871180632704
Terriglobus_albidus	SRR3714758	1.350364271491463
Terriglobus_albidus	SRR3714759	2.6600551829562407
Terriglobus_albidus	SRR3714760	1.3652302799676275
Terriglobus_albidus	SRR3714761	1.3511724781991463
Terriglobus_albidus	SRR3714762	1.3547238099368741
Terriglobus_albidus	SRR3714764	1.3492820866118815
Terriglobus_albidus	SRR3714765	1.336318015657321
Terriglobus_albidus	SRR3714766	1.3423135436670932
Terriglobus_albidus	SRR3714767	1.3399023251995457
Terriglobus_albidus	SRR3714768	1.3459185395104925
Terriglobus_albidus	SRR5176628	1.3658304473165754
Terriglobus_albidus	SRR5176629	1.3647292755975204
Terriglobus_albidus	SRR5176630	1.3636661710431994
Terriglobus_albidus	SRR5176631	1.366777814654196
Terriglobus_albidus	SRR5176632	1.364418799805003
Terriglobus_albidus	SRR5176633	1.3630300139455425
Terriglobus_albidus	SRR5176634	1.3632936897014178
Terriglobus_albidus	SRR5176635	1.3657127099457684
Terriglobus_albidus	SRR5176636	1.3274775891413366
Terriglobus_albidus	SRR5176637	1.3510551556071593
Terriglobus_albidus	SRR5176638	1.3331702213185004
Terriglobus_albidus	SRR5176639	1.3612319094799556
Terriglobus_albidus	SRR5176640	1.3685577832033065
Terriglobus_albidus	SRR5176641	1.3617719570408353
Terriglobus_albidus	SRR5176642	1.3644863922256507
Terriglobus_albidus	SRR5176643	1.3650389842268886
Terriglobus_albidus	SRR5176644	1.3645592654045955
Terriglobus_albidus	SRR5176645	1.3603247318359362
Terriglobus_albidus	SRR5176646	1.3551435256159687
Terriglobus_albidus	SRR5176647	1.3648618084282327
Terriglobus_albidus	SRR5176648	1.3670406656948546
Terriglobus_albidus	SRR5176649	97.23580629692279
Terriglobus_albidus	SRR5176650	1.3556918670257883
Terriglobus_albidus	SRR5176651	1.3648618084282327
Terriglobus_albidus	SRR5176652	1.3632936897014178
Terriglobus_albidus	SRR5176653	1.3619655654592606
Terriglobus_albidus	SRR5176654	1.3645592654045955
Terriglobus_albidus	SRR5176655	1.3644863922256507
Terriglobus_albidus	SRR5176656	1.3601862908424658
Terriglobus_albidus	SRR5176657	1.3687620824139737
Terriglobus_albidus	SRR5176658	1.3658304473165754
Terriglobus_albidus	SRR5176659	1.364275399950775
Terriglobus_albidus	SRR5176660	1.36415487469014
Terriglobus_albidus	SRR5176661	1.3678386989055058
Terriglobus_albidus	SRR5176662	1.3618823313624977
Terriglobus_albidus	SRR5176663	1.366777814654196
Terriglobus_albidus	SRR5176664	1.365648707045223
Terriglobus_albidus	SRR5176665	1.363367053906934
Terriglobus_albidus	SRR5176666	1.3652789884192185
Terriglobus_albidus	SRR5176667	1.3656513527865064
Terriglobus_albidus	SRR5176668	1.3560657049542797
Terriglobus_albidus	SRR5176669	1.3614907853286795
Terriglobus_albidus	SRR5176670	1.3683325279379595
Terriglobus_albidus	SRR5176671	1.366777814654196
Terriglobus_albidus	SRR5176672	1.3652302799676275
Terriglobus_albidus	SRR5176673	1.3645592654045955
Terriglobus_albidus	SRR5176674	1.3658304473165754
Terriglobus_albidus	SRR5176675	1.3652789884192185
Terriglobus_albidus	SRR5176676	1.365648707045223
Terriglobus_albidus	SRR5176677	1.3626190286749618
Terriglobus_albidus	SRR5176678	1.36259882499864
Terriglobus_albidus	SRR5176679	1.3566148907720872
Terriglobus_albidus	SRR5176680	1.3642765747608594
Terriglobus_albidus	SRR5176681	1.3652789884192185
Terriglobus_albidus	SRR5176682	1.3678519102083702
Terriglobus_albidus	SRR5176683	1.36415487469014
Terriglobus_albidus	SRR5176684	1.3648618084282327
Terriglobus_albidus	SRR5176685	1.36415487469014
Terriglobus_albidus	SRR5176686	1.3652592688971437
Terriglobus_albidus	SRR5176687	1.3642765747608594
Terriglobus_albidus	SRR5176688	1.3665467722368712
Terriglobus_albidus	SRR5176689	1.36415487469014
Terriglobus_albidus	SRR5176690	1.3650389842268886
Terriglobus_albidus	SRR5176691	1.3650389842268886
Terriglobus_albidus	SRR5176692	1.3644863922256507
Terriglobus_albidus	SRR5176693	1.3601862908424658
Terriglobus_albidus	SRR5176694	1.3626580852625958
Terriglobus_albidus	SRR5176695	1.367723364166903
Terriglobus_albidus	SRR5176696	1.315784239344613
Terriglobus_albidus	SRR5176697	1.3658304473165754
Terriglobus_albidus	SRR5176698	1.3489903187332701
Terriglobus_albidus	SRR5176699	1.3658304473165754
Terriglobus_albidus	SRR5176700	1.3556784343652573
Terriglobus_albidus	SRR5176701	1.3647292755975204
Terriglobus_albidus	SRR5176702	1.3632074161673557
Terriglobus_albidus	SRR5176703	1.3652302799676275
Terriglobus_albidus	SRR5176704	1.3576823165353116
Terriglobus_albidus	SRR5176705	1.3652302799676275
Terriglobus_albidus	SRR5176706	1.3618019380158601
Terriglobus_albidus	SRR5176707	1.3628742248234382
Terriglobus_albidus	SRR5176708	1.3650389842268886
Terriglobus_albidus	SRR5176709	74.52505678575105
Terriglobus_albidus	SRR5176710	1.3652592688971437
Terriglobus_albidus	SRR5176711	1.3630300139455425
Terriglobus_albidus	SRR5176712	1.3656513527865064
Terriglobus_albidus	SRR5176713	1.3632493219027384
Terriglobus_albidus	SRR5176714	1.357545797336928
Terriglobus_albidus	SRR5176715	1.3632936897014178
Terriglobus_albidus	SRR5176716	1.3645592654045955
Terriglobus_albidus	SRR5176717	1.3652592688971437
Terriglobus_albidus	SRR5176718	1.3630300139455425
Terriglobus_albidus	SRR5176719	1.3652789884192185
Terriglobus_albidus	SRR5176720	1.3648618084282327
Terriglobus_albidus	SRR5176721	1.3644863922256507
Terriglobus_albidus	SRR5176722	1.3642765747608594
Terriglobus_albidus	SRR5176723	1.3648618084282327
Terriglobus_albidus	SRR5176724	1.3648618084282327
Terriglobus_albidus	SRR5176725	1.36415487469014
Terriglobus_albidus	SRR5176726	1.364275399950775
Terriglobus_albidus	SRR5176727	1.3658304473165754
Terriglobus_albidus	SRR5176728	1.3625634054000042
Terriglobus_albidus	SRR5176729	1.363367053906934
Terriglobus_albidus	SRR5176730	1.3647292755975204
Terriglobus_albidus	SRR5176731	1.3656513527865064
Terriglobus_albidus	SRR5176732	1.3626580852625958
Terriglobus_albidus	SRR5176733	1.3632074161673557
Terriglobus_albidus	SRR5176734	1.350312888834268
Terriglobus_albidus	SRR5176735	1.3603247318359362
Terriglobus_albidus	SRR5176736	1.3587925115012331
Terriglobus_albidus	SRR5176737	1.364275399950775
Terriglobus_albidus	SRR5176738	1.3639943687800475
Terriglobus_albidus	SRR5176739	1.3613966590497895
Terriglobus_albidus	SRR5176740	1.364275399950775
Terriglobus_albidus	SRR5176741	1.3480674404067088
Terriglobus_albidus	SRR5176742	1.350385719456188
Terriglobus_albidus	SRR5176743	1.3652789884192185
Terriglobus_albidus	SRR5176744	1.3644863922256507
Terriglobus_albidus	SRR5176745	1.3632493219027384
Terriglobus_albidus	SRR5176746	1.3658304473165754
Terriglobus_albidus	SRR5176747	1.3652592688971437
Terriglobus_albidus	SRR5176748	1.366777814654196
Terriglobus_albidus	SRR5176749	1.351748025615633
Terriglobus_albidus	SRR5176750	1.3559699697980863
Terriglobus_albidus	SRR5176751	1.3656513527865064
Terriglobus_albidus	SRR5176752	1.364418799805003
Terriglobus_albidus	SRR5176753	1.3652592688971437
Terriglobus_albidus	SRR5176754	1.355177982980013
Terriglobus_albidus	SRR5176755	1.3645592654045955
Terriglobus_albidus	SRR5176756	1.3642765747608594
Terriglobus_albidus	SRR5176757	1.357338444084492
Terriglobus_albidus	SRR5176758	1.3670406656948546
Terriglobus_albidus	SRR5176759	1.3695495824775967
Terriglobus_albidus	SRR5176760	1.3632493219027384
Terriglobus_albidus	SRR5176761	1.3647292755975204
Terriglobus_albidus	SRR5176762	1.3604438151934661
Terriglobus_albidus	SRR5176763	1.3619655654592606
Terriglobus_albidus	SRR5176764	1.3691204108846116
Terriglobus_albidus	SRR5176765	1.3652789884192185
Terriglobus_albidus	SRR5176766	1.365648707045223
Terriglobus_albidus	SRR5176767	1.3632074161673557
Terriglobus_albidus	SRR5176768	1.3566148907720872
Terriglobus_albidus	SRR5176769	1.364275399950775
Terriglobus_albidus	SRR5176770	1.3639943687800475
Terriglobus_albidus	SRR5176771	1.3638247610160497
Terriglobus_albidus	SRR5176772	1.3614391621519784
Terriglobus_albidus	SRR5176773	1.364275399950775
Terriglobus_albidus	SRR5176774	1.3650389842268886
Terriglobus_albidus	SRR5176775	2.7214155431732503
Terriglobus_albidus	SRR5176776	1.3632936897014178
Terriglobus_albidus	SRR5176777	1.367723364166903
Terriglobus_albidus	SRR5176778	1.364275399950775
Terriglobus_albidus	SRR5176779	1.3630300139455425
Terriglobus_albidus	SRR5176780	1.3626190286749618
Terriglobus_albidus	SRR5176781	1.3639943687800475
Terriglobus_albidus	SRR5176782	1.366777814654196
Terriglobus_albidus	SRR5176783	1.3626190286749618
Terriglobus_albidus	SRR5176784	1.363963302220239
Terriglobus_albidus	SRR5176785	1.3642765747608594
Terriglobus_albidus	SRR5176786	1.365648707045223
Terriglobus_albidus	SRR5176787	1.3644863922256507
Terriglobus_albidus	SRR5176788	1.36415487469014
Terriglobus_albidus	SRR5176789	1.3575007269852146
Terriglobus_albidus	SRR5176790	1.3648618084282327
Terriglobus_albidus	SRR5176791	1.3645592654045955
Terriglobus_albidus	SRR5176792	1.3632936897014178
Terriglobus_albidus	SRR5176793	1.3652592688971437
Terriglobus_albidus	SRR5176794	1.3650389842268886
Terriglobus_albidus	SRR5176795	1.3652789884192185
Terriglobus_albidus	SRR5176796	1.366777814654196
Terriglobus_albidus	SRR5176797	1.364275399950775
Terriglobus_albidus	SRR5176798	1.3652592688971437
Terriglobus_albidus	SRR5176799	1.3632074161673557
Terriglobus_albidus	SRR5176800	1.3665467722368712
Terriglobus_albidus	SRR5176801	1.3658304473165754
Terriglobus_albidus	SRR5176802	1.3620855384331363
Terriglobus_albidus	SRR5176803	1.3628742248234382
Terriglobus_albidus	SRR5176804	1.3695495824775967
Terriglobus_albidus	SRR5176805	1.3648618084282327
Terriglobus_albidus	SRR5176806	1.3415852748948751
Terriglobus_albidus	SRR5176807	1.3644863922256507
Terriglobus_albidus	SRR5176808	1.3652592688971437
Terriglobus_albidus	SRR5176809	1.364418799805003
Terriglobus_albidus	SRR5176810	1.365648707045223
Terriglobus_albidus	SRR5176811	1.3632074161673557
Terriglobus_albidus	SRR5176812	1.3628742248234382
Terriglobus_albidus	SRR5176813	1.3652592688971437
Terriglobus_albidus	SRR5176814	1.3628742248234382
Terriglobus_albidus	SRR5176815	1.3642765747608594
Terriglobus_albidus	SRR5176816	1.3657127099457684
Terriglobus_albidus	SRR5176817	1.363963302220239
Terriglobus_albidus	SRR5176818	1.36259882499864
Terriglobus_albidus	SRR5176819	1.3691204108846116
Terriglobus_albidus	SRR5176820	1.3618019380158601
Terriglobus_albidus	SRR5176821	1.365648707045223
Terriglobus_albidus	SRR5176822	1.3656513527865064
Terriglobus_albidus	SRR5176823	1.3658304473165754
Terriglobus_albidus	SRR5176824	1.3645592654045955
Terriglobus_albidus	SRR5176825	1.36259882499864
Terriglobus_albidus	SRR5176826	1.3644863922256507
Terriglobus_albidus	SRR5176827	1.3652789884192185
Terriglobus_albidus	SRR5176828	1.3626190286749618
Terriglobus_albidus	SRR5176829	1.3648618084282327
Terriglobus_albidus	SRR5176830	1.3683007848759485
Terriglobus_albidus	SRR5176831	1.3652302799676275
Terriglobus_albidus	SRR5176832	1.364418799805003
Terriglobus_albidus	SRR5176833	1.363963302220239
Terriglobus_albidus	SRR5176834	1.3647292755975204
Terriglobus_albidus	SRR5176835	1.3652789884192185
Terriglobus_albidus	SRR5176836	1.3632936897014178
Terriglobus_albidus	SRR5176837	1.359432188335606
Terriglobus_albidus	SRR5176838	1.3657127099457684
Terriglobus_albidus	SRR5176839	1.3644863922256507
Terriglobus_albidus	SRR5176840	1.3652592688971437
Terriglobus_albidus	SRR5176841	1.3372878784409956
Terriglobus_albidus	SRR5176842	1.3645592654045955
Terriglobus_albidus	SRR5176843	1.3657127099457684
Terriglobus_albidus	SRR5176844	1.3595851426742833
Terriglobus_albidus	SRR5176845	1.364275399950775
Terriglobus_albidus	SRR5176846	1.3626580852625958
Terriglobus_albidus	SRR5176847	1.3656513527865064
Terriglobus_albidus	SRR5176848	1.3632936897014178
Terriglobus_albidus	SRR5176849	1.3571865780557517
Terriglobus_albidus	SRR5176850	1.3538840207981289
Terriglobus_albidus	SRR5176851	1.3636661710431994
Terriglobus_albidus	SRR5176852	1.364418799805003
Terriglobus_albidus	SRR5176853	1.3644863922256507
Terriglobus_albidus	SRR5176854	1.3678519102083702
Terriglobus_albidus	SRR5176855	1.36415487469014
Terriglobus_albidus	SRR5176856	1.3628742248234382
Terriglobus_albidus	SRR5176857	1.3652789884192185
Terriglobus_albidus	SRR5176858	1.3652789884192185
Terriglobus_albidus	SRR5176859	1.3645592654045955
Terriglobus_albidus	SRR5176860	1.361986070642
Terriglobus_albidus	SRR5176861	1.364275399950775
Terriglobus_albidus	SRR5176862	1.363367053906934
Terriglobus_albidus	SRR5176863	1.3636661710431994
Terriglobus_albidus	SRR5176864	1.3652302799676275
Terriglobus_albidus	SRR5176865	1.363367053906934
Terriglobus_albidus	SRR5176866	1.3632074161673557
Terriglobus_albidus	SRR5176867	2.726498643805477
Terriglobus_albidus	SRR5176868	1.3636661710431994
Terriglobus_albidus	SRR5176869	1.36415487469014
Terriglobus_albidus	SRR5176870	1.3652592688971437
Terriglobus_albidus	SRR5176871	1.355177982980013
Terriglobus_albidus	SRR5176872	1.3645592654045955
Terriglobus_albidus	SRR5861974	NA
Terriglobus_albidus	SRR5861975	NA
Terriglobus_albidus	SRR5861976	NA
Terriglobus_albidus	SRR5861977	NA
Terriglobus_albidus	SRR5861978	NA
Terriglobus_albidus	SRR5861979	NA
Terriglobus_albidus	SRR5861980	NA
Terriglobus_albidus	SRR5861981	NA
Terriglobus_albidus	SRR5861982	NA
Terriglobus_albidus	SRR5861983	NA
Terriglobus_albidus	SRR5861984	NA
Terriglobus_albidus	SRR5861985	NA
Terriglobus_albidus	SRR5861986	NA
Terriglobus_albidus	SRR5861987	NA
Terriglobus_albidus	SRR5861988	NA
Terriglobus_albidus	SRR5861989	NA
Terriglobus_albidus	SRR5861990	NA
Terriglobus_albidus	SRR5861991	NA
Terriglobus_albidus	SRR5861992	NA
Terriglobus_albidus	SRR5861993	NA
Terriglobus_albidus	SRR5861994	NA
Terriglobus_albidus	SRR5861995	NA
Terriglobus_albidus	SRR5861996	NA
Terriglobus_albidus	SRR5861997	NA
Terriglobus_albidus	SRR5861998	NA
Terriglobus_albidus	SRR5861999	NA
Terriglobus_albidus	SRR5862000	NA
Terriglobus_albidus	SRR5862001	NA
Terriglobus_albidus	SRR5862002	NA
Terriglobus_albidus	SRR5862003	NA
Terriglobus_albidus	SRR5862004	NA
Terriglobus_albidus	SRR5862005	NA
Terriglobus_albidus	SRR5862006	NA
Terriglobus_albidus	SRR5862007	NA
Terriglobus_albidus	SRR5862008	NA
Terriglobus_albidus	SRR5862009	NA
Terriglobus_albidus	SRR5862010	NA
Terriglobus_albidus	SRR5862011	NA
Terriglobus_albidus	SRR5862012	NA
Terriglobus_albidus	SRR5862013	NA
Terriglobus_albidus	SRR5862014	NA
Terriglobus_albidus	SRR5862015	NA
Terriglobus_albidus	SRR5862016	NA
Terriglobus_albidus	SRR5862017	NA
Terriglobus_albidus	SRR5862018	NA
Terriglobus_albidus	SRR5862019	NA
Terriglobus_albidus	SRR5862020	NA
Terriglobus_albidus	SRR5862021	NA
Terriglobus_albidus	SRR5862022	NA
Terriglobus_albidus	SRR5862023	NA
Terriglobus_albidus	SRR5862024	NA
Terriglobus_albidus	SRR5862025	NA
Terriglobus_albidus	SRR5862026	NA
Terriglobus_albidus	SRR5862027	NA
Terriglobus_albidus	SRR5862028	NA
Terriglobus_albidus	SRR5862029	NA
Terriglobus_albidus	SRR5862030	NA
Terriglobus_albidus	SRR5862031	NA
Terriglobus_albidus	SRR5862032	NA
Terriglobus_albidus	SRR5862033	NA
Terriglobus_albidus	SRR5862034	NA
Terriglobus_albidus	SRR5862035	NA
Terriglobus_albidus	SRR5862036	NA
Terriglobus_albidus	SRR5862037	NA
Terriglobus_albidus	SRR5862038	NA
Terriglobus_albidus	SRR5862039	NA
Terriglobus_albidus	SRR5862040	NA
Terriglobus_albidus	SRR5862041	NA
Terriglobus_albidus	SRR5862042	NA
Terriglobus_albidus	SRR5862043	NA
Terriglobus_albidus	SRR5862044	NA
Terriglobus_albidus	SRR5862045	NA
Terriglobus_albidus	SRR5862046	NA
Terriglobus_albidus	SRR5862047	NA
Terriglobus_albidus	SRR5862048	NA
Terriglobus_albidus	SRR5862049	NA
Terriglobus_albidus	SRR5862050	NA
Terriglobus_albidus	SRR5862051	NA
Terriglobus_albidus	SRR5862052	NA
Terriglobus_albidus	SRR5862053	NA
Terriglobus_albidus	SRR5862054	NA
Terriglobus_albidus	SRR5862055	NA
Terriglobus_albidus	SRR5862056	NA
Terriglobus_albidus	SRR5862057	NA
Terriglobus_albidus	SRR5862058	NA
Terriglobus_albidus	SRR5862059	NA
Terriglobus_albidus	SRR5862060	NA
Terriglobus_albidus	SRR5862061	NA
Terriglobus_albidus	SRR5862062	NA
Terriglobus_albidus	SRR5862063	NA
Terriglobus_albidus	SRR5862064	NA
Terriglobus_albidus	SRR5862065	NA
Terriglobus_albidus	SRR5862066	NA
Terriglobus_albidus	SRR5862067	NA
Terriglobus_albidus	SRR5862068	NA
Terriglobus_albidus	SRR5862069	NA
Terriglobus_albidus	SRR5862070	NA
Terriglobus_albidus	SRR5862071	NA
Terriglobus_albidus	SRR5862072	NA
Terriglobus_albidus	SRR5862073	NA
Terriglobus_albidus	SRR5862074	NA
Terriglobus_albidus	SRR5862075	NA
Terriglobus_albidus	SRR5862076	NA
Terriglobus_albidus	SRR5862077	NA
Terriglobus_albidus	SRR5862078	NA
Terriglobus_albidus	SRR5862079	NA
Terriglobus_albidus	SRR5862080	NA
Terriglobus_albidus	SRR5862081	NA
Terriglobus_albidus	SRR5862082	NA
Terriglobus_albidus	SRR5862083	NA
Terriglobus_albidus	SRR5862084	NA
Terriglobus_albidus	SRR5862085	NA
Terriglobus_albidus	SRR5862086	NA
Terriglobus_albidus	SRR5862087	NA
Terriglobus_albidus	SRR5862088	NA
Terriglobus_albidus	SRR5862089	NA
Terriglobus_albidus	SRR5862090	NA
Terriglobus_albidus	SRR5862091	NA
Terriglobus_albidus	SRR5862092	NA
Terriglobus_albidus	SRR5862093	NA
Terriglobus_albidus	SRR5862094	NA
Terriglobus_albidus	SRR5862095	NA
Terriglobus_albidus	SRR5862096	NA
Terriglobus_albidus	SRR5862097	NA
Terriglobus_albidus	SRR5862098	NA
Terriglobus_albidus	SRR5862099	NA
Terriglobus_albidus	SRR5862100	NA
Terriglobus_albidus	SRR5862101	NA
Terriglobus_albidus	SRR5862102	NA
Terriglobus_albidus	SRR5862103	NA
Terriglobus_albidus	SRR5862104	NA
Terriglobus_albidus	SRR5862105	NA
Terriglobus_albidus	SRR5862106	NA
Terriglobus_albidus	SRR5862107	NA
Terriglobus_albidus	SRR5862108	NA
Terriglobus_albidus	SRR5862109	NA
Terriglobus_albidus	SRR5862110	NA
Terriglobus_albidus	SRR5862111	NA
Terriglobus_albidus	SRR5862112	NA
Terriglobus_albidus	SRR5862113	NA
Terriglobus_albidus	SRR5862114	NA
Terriglobus_albidus	SRR5862115	NA
Terriglobus_albidus	SRR5862116	NA
Terriglobus_albidus	SRR5862117	NA
Terriglobus_albidus	SRR5862118	NA
Terriglobus_albidus	SRR5862119	NA
Terriglobus_albidus	SRR5862120	NA
Terriglobus_albidus	SRR5862121	NA
Terriglobus_albidus	SRR5862122	NA
Terriglobus_albidus	SRR5862123	NA
Terriglobus_albidus	SRR5862124	NA
Terriglobus_albidus	SRR5862125	NA
Terriglobus_albidus	SRR5862126	NA
Terriglobus_albidus	SRR5862127	NA
Terriglobus_albidus	SRR5862128	NA
Terriglobus_albidus	SRR5862129	NA
Terriglobus_albidus	SRR5862130	NA
Terriglobus_albidus	SRR5862131	NA
Terriglobus_albidus	SRR5862132	NA
Terriglobus_albidus	SRR5862133	NA
Terriglobus_albidus	SRR5862134	NA
Terriglobus_albidus	SRR5862135	NA
Terriglobus_albidus	SRR5862136	NA
Terriglobus_albidus	SRR5862137	NA
Terriglobus_albidus	SRR5862138	NA
Terriglobus_albidus	SRR5862139	NA
Terriglobus_albidus	SRR5862140	NA
Terriglobus_albidus	SRR5862141	NA
Terriglobus_albidus	SRR5862142	NA
Terriglobus_albidus	SRR5862143	NA
Terriglobus_albidus	SRR5862144	NA
Terriglobus_albidus	SRR5862145	NA
Terriglobus_albidus	SRR5862146	NA
Terriglobus_albidus	SRR5862147	NA
Terriglobus_albidus	SRR5862148	NA
Terriglobus_albidus	SRR5862149	NA
Terriglobus_albidus	SRR5862150	NA
Terriglobus_albidus	SRR5862151	NA
Terriglobus_albidus	SRR5862152	NA
Terriglobus_albidus	SRR5862153	NA
Terriglobus_albidus	SRR5862154	NA
Terriglobus_albidus	SRR5862155	NA
Terriglobus_albidus	SRR5862156	NA
Terriglobus_albidus	SRR5862157	NA
Terriglobus_albidus	SRR5862158	NA
Terriglobus_albidus	SRR5862159	NA
Terriglobus_albidus	SRR5862160	NA
Terriglobus_albidus	SRR5862161	NA
Terriglobus_albidus	SRR5862162	NA
Terriglobus_albidus	SRR5862163	NA
Terriglobus_albidus	SRR5862164	NA
Terriglobus_albidus	SRR5862165	NA
Terriglobus_albidus	SRR5862166	NA
Terriglobus_albidus	SRR5862167	NA
Terriglobus_albidus	SRR5862168	NA
Terriglobus_albidus	SRR5862169	NA
Terriglobus_albidus	SRR5862170	NA
Terriglobus_albidus	SRR5862171	NA
Terriglobus_albidus	SRR5862172	NA
Terriglobus_albidus	SRR5862173	NA
Terriglobus_albidus	SRR5862174	NA
Terriglobus_albidus	SRR5862175	NA
Terriglobus_albidus	SRR5862176	NA
Terriglobus_albidus	SRR5862177	NA
Terriglobus_albidus	SRR5862178	NA
Terriglobus_albidus	SRR5862179	NA
Terriglobus_albidus	SRR5862180	NA
Terriglobus_albidus	SRR5862181	NA
Terriglobus_albidus	SRR5862182	NA
Terriglobus_albidus	SRR5862183	NA
Terriglobus_albidus	SRR5862184	NA
Terriglobus_albidus	SRR5862185	NA
Terriglobus_albidus	SRR5862186	NA
Terriglobus_albidus	SRR5862187	NA
Terriglobus_albidus	SRR5862188	NA
Terriglobus_albidus	SRR5862189	NA
Terriglobus_albidus	SRR5862190	NA
Terriglobus_albidus	SRR5862191	NA
Terriglobus_albidus	SRR5862192	NA
Terriglobus_albidus	SRR5862193	NA
Terriglobus_albidus	SRR5862194	NA
Terriglobus_albidus	SRR5862195	NA
Terriglobus_albidus	SRR5862196	NA
Terriglobus_albidus	SRR5862197	NA
Terriglobus_albidus	SRR5862198	NA
Terriglobus_albidus	SRR5862199	NA
Terriglobus_albidus	SRR5862200	NA
Terriglobus_albidus	SRR5862201	NA
Terriglobus_albidus	SRR5862202	NA
Terriglobus_albidus	SRR5862203	NA
Terriglobus_albidus	SRR5862204	NA
Terriglobus_albidus	SRR5862205	NA
Terriglobus_albidus	SRR5862206	NA
Terriglobus_albidus	SRR5862207	NA
Terriglobus_albidus	SRR5862208	NA
Terriglobus_albidus	SRR5862209	NA
Terriglobus_albidus	SRR5862210	NA
Terriglobus_albidus	SRR5862211	NA
Terriglobus_albidus	SRR5862212	NA
Terriglobus_albidus	SRR5862213	NA
Terriglobus_albidus	SRR5862214	NA
Terriglobus_albidus	SRR5862215	NA
Terriglobus_albidus	SRR5862216	NA
Terriglobus_albidus	SRR5862217	NA
Terriglobus_albidus	SRR5862218	NA
Terriglobus_albidus	SRR5862219	NA
Terriglobus_albidus	SRR5862220	NA
Terriglobus_albidus	SRR5862221	NA
Terriglobus_albidus	SRR5862222	NA
Terriglobus_albidus	SRR5862223	NA
Terriglobus_albidus	SRR5862224	NA
Terriglobus_albidus	SRR5862225	NA
Terriglobus_albidus	SRR5862226	NA
Terriglobus_albidus	SRR5862227	NA
Terriglobus_albidus	SRR5862228	NA
Terriglobus_albidus	SRR5862229	NA
Terriglobus_albidus	SRR5862230	NA
Terriglobus_albidus	SRR5862231	NA
Terriglobus_albidus	SRR5862232	NA
Terriglobus_albidus	SRR5862233	NA
Terriglobus_albidus	SRR5862234	NA
Terriglobus_albidus	SRR5862235	NA
Terriglobus_albidus	SRR5862236	NA
Terriglobus_albidus	SRR5862237	NA
Terriglobus_albidus	SRR5862238	NA
Terriglobus_albidus	SRR5862239	NA
Terriglobus_albidus	SRR5862240	NA
Terriglobus_albidus	SRR5862241	NA
Terriglobus_albidus	SRR5862242	NA
Terriglobus_albidus	SRR5862243	NA
Terriglobus_albidus	SRR5862244	NA
Terriglobus_albidus	SRR5862245	NA
Terriglobus_albidus	SRR5862246	NA
Terriglobus_albidus	SRR5862247	NA
Terriglobus_albidus	SRR5862248	NA
Terriglobus_albidus	SRR5862249	NA
Terriglobus_albidus	SRR5862250	NA
Terriglobus_albidus	SRR5862251	NA
Terriglobus_albidus	SRR5862252	NA
Terriglobus_albidus	SRR5862253	NA
Terriglobus_albidus	SRR5862254	NA
Terriglobus_albidus	SRR5862255	NA
Terriglobus_albidus	SRR5862256	NA
Terriglobus_albidus	SRR5862257	NA
Terriglobus_albidus	SRR5862258	NA
Terriglobus_albidus	SRR5862259	NA
Terriglobus_albidus	SRR5862260	NA
Terriglobus_albidus	SRR5862261	NA
Terriglobus_albidus	SRR5862262	NA
Terriglobus_albidus	SRR5862263	NA
Terriglobus_albidus	SRR5862264	NA
Terriglobus_albidus	SRR5862265	NA
Terriglobus_albidus	SRR5862266	NA
Terriglobus_albidus	SRR5862267	NA
Terriglobus_albidus	SRR5862268	NA
Terriglobus_albidus	SRR5862269	NA
Terriglobus_albidus	SRR5862270	NA
Terriglobus_albidus	SRR5862271	NA
Terriglobus_albidus	SRR5862272	NA
Terriglobus_albidus	SRR5862273	NA
Terriglobus_albidus	SRR5862274	NA
Terriglobus_albidus	SRR5862275	NA
Terriglobus_albidus	SRR5862276	NA
Terriglobus_albidus	SRR5862277	NA
Terriglobus_albidus	SRR5949109	1.034827668396374
Terriglobus_albidus	SRR5949110	4.42613656339216
Terriglobus_albidus	SRR5949111	1.1176514601104715
Terriglobus_albidus	SRR5949112	1.2869879536291042
Terriglobus_albidus	SRR5949113	0.8496098692545849
Terriglobus_albidus	SRR5949114	1.321798712280005
Terriglobus_albidus	SRR5949115	2.278621901132547
Terriglobus_albidus	SRR5949116	1.6247674081239991
Terriglobus_albidus	SRR5949117	1.3274775891413366
Terriglobus_albidus	SRR5949118	0.6894472397368293
Terriglobus_albidus	SRR5949119	1.2447154747821256
Terriglobus_albidus	SRR5949120	2.564909979780276
Terriglobus_albidus	SRR5949121	1.209835991215658
Terriglobus_albidus	SRR5949122	2.1229455465088423
Terriglobus_albidus	SRR5949123	2.1260441747802923
Terriglobus_albidus	SRR5949124	1.211019402580853
Terriglobus_albidus	SRR5949125	1.2450783535770484
Terriglobus_albidus	SRR5949126	1.5757942173929929
Terriglobus_albidus	SRR5949127	1.1998688857466278
Terriglobus_albidus	SRR5949128	2.5406919647072876
Terriglobus_albidus	SRR5949129	0.7363286233748443
Terriglobus_albidus	SRR5949130	0.6758278617449744
Terriglobus_albidus	SRR5949131	1.1707013504793944
Terriglobus_albidus	SRR5949132	1.226754837388144
Terriglobus_albidus	SRR5949133	1.1333209886876343
Terriglobus_albidus	SRR5949134	1.3249284364208131
Terriglobus_albidus	SRR5949135	3.107124891243029
Terriglobus_albidus	SRR5949136	1.192572957196477
Terriglobus_albidus	SRR5949137	1.1620442831621332
Terriglobus_albidus	SRR5949138	2.3939045443524507
Terriglobus_albidus	SRR5949139	16.116074315427714
Terriglobus_albidus	SRR5949140	2.053578696384994
Terriglobus_albidus	SRR5949141	1.1487498681897375
Terriglobus_albidus	SRR5949142	3.8960645404209977
Terriglobus_albidus	SRR5949143	2.5491959032079294
Terriglobus_albidus	SRR5949144	4.680278214137713
Terriglobus_albidus	SRR5949145	1.03952438748225
Terriglobus_albidus	SRR5949146	3.35138248652788
Terriglobus_albidus	SRR5949147	2.1382899074311217
Terriglobus_albidus	SRR5949148	1.1494800411796335
Terriglobus_albidus	SRR5949149	1.2904002832496422
Terriglobus_albidus	SRR5949150	2.2255093883596175
Terriglobus_albidus	SRR5949151	1.149021233663316
Terriglobus_albidus	SRR5949152	2.045050580860401
Terriglobus_albidus	SRR5949153	1.2391769352647855
Terriglobus_albidus	SRR5949154	1.0597829908734564
Terriglobus_albidus	SRR5949155	2.3197116506149094
Terriglobus_albidus	SRR5949156	1.1663546397378186
Terriglobus_albidus	SRR5949157	2.4473852215703844
Terriglobus_albidus	SRR5949158	4.61949141887778
Terriglobus_albidus	SRR5949159	1.2032092486766572
Terriglobus_albidus	SRR5949160	1.3956542581132347
Terriglobus_albidus	SRR5949161	9.971042300508014
Terriglobus_albidus	SRR5949162	3.4035979053799457
Terriglobus_albidus	SRR5949163	1.3626190286749618
Terriglobus_albidus	SRR5949164	1.3240933322740474
Terriglobus_albidus	SRR5949165	1.2096407229771677
Terriglobus_albidus	SRR5949166	5.583107467341593
Terriglobus_albidus	SRR5949167	0.6891323150327031
Terriglobus_albidus	SRR5949168	3.3550378948050104
Terriglobus_albidus	SRR5949169	1.025680987048562
Terriglobus_albidus	SRR5949170	1.3296738838805997
Terriglobus_albidus	SRR5949171	1.1803454326794942
Terriglobus_albidus	SRR5949172	1.156139337037117
Terriglobus_albidus	SRR5949173	1.2676718562975933
Terriglobus_albidus	SRR5949174	1.2881209802887645
Terriglobus_albidus	SRR5949175	1.3379274872830147
Terriglobus_albidus	SRR5949176	1.1970171066558795
Terriglobus_albidus	SRR5949177	1.2005256325694054
Terriglobus_albidus	SRR5949178	2.4894309495642513
Terriglobus_albidus	SRR5949179	1.1434233886621645
Terriglobus_albidus	SRR5949180	1.9562563172452243
Terriglobus_albidus	SRR5949181	1.2745487545741494
Terriglobus_albidus	SRR5949182	0.6780328524771398
Terriglobus_albidus	SRR5949183	2.19370290966078
Terriglobus_albidus	SRR5949184	1.157848451145154
Terriglobus_albidus	SRR5949185	1.2857662972196502
Terriglobus_albidus	SRR5949186	2.7661602475759053
Terriglobus_albidus	SRR5949187	1.111987477719159
Terriglobus_albidus	SRR5949188	1.2142169544739283
Terriglobus_albidus	SRR5949189	3.2551156090967046
Terriglobus_albidus	SRR5949190	0.8411823703493784
Terriglobus_albidus	SRR5949191	6.345386770961429
Terriglobus_albidus	SRR5949192	1.2091364923832668
Terriglobus_albidus	SRR5949193	3.07434958580388
Terriglobus_albidus	SRR5949194	3.89552734637253
Terriglobus_albidus	SRR5949195	0.8339815520784798
Terriglobus_albidus	SRR5949196	2.0649481265766734
Terriglobus_albidus	SRR5949197	1.7161874496882652
Terriglobus_albidus	SRR5949198	1.0136010921709304
Terriglobus_albidus	SRR5949199	1.2179278723938756
Terriglobus_albidus	SRR5949200	2.3683920181556375
Terriglobus_albidus	SRR5949201	3.033113481255626
Terriglobus_albidus	SRR5949202	3.9452816946436107
Terriglobus_albidus	SRR5949203	2.737475126724115
Terriglobus_albidus	SRR5949204	1.2178716079863863
Terriglobus_albidus	SRR5949205	1.3628387906179662
Terriglobus_albidus	SRR5949206	1.104486142710724
Terriglobus_albidus	SRR5949207	1.090568022510635
Terriglobus_albidus	SRR5949208	1.0247733599064972
Terriglobus_albidus	SRR5949209	1.0857803471049545
Terriglobus_albidus	SRR5949210	4.425253489758636
Terriglobus_albidus	SRR5949211	1.1821036772172746
Terriglobus_albidus	SRR5949212	2.274683454467204
Terriglobus_albidus	SRR5949213	1.2315322685970262
Terriglobus_albidus	SRR5949214	1.1583885105752507
Terriglobus_albidus	SRR5949215	1.2291654386279944
Terriglobus_albidus	SRR5949216	3.1130283347292416
Terriglobus_albidus	SRR5949217	1.1008553743051186
Terriglobus_albidus	SRR5949218	0.32733656428241065
Terriglobus_albidus	SRR5949219	1.1493581768800214
Terriglobus_albidus	SRR5949220	2.5018300581872017
Terriglobus_albidus	SRR5949221	3.9610974708488356
Terriglobus_albidus	SRR5949222	2.074477923264839
Terriglobus_albidus	SRR5949223	1.355177982980013
Terriglobus_albidus	SRR5949224	1.2579420500069405
Terriglobus_albidus	SRR5949225	1.1404498342126246
Terriglobus_albidus	SRR5949226	1.0741052120350163
Terriglobus_albidus	SRR5949227	2.126326929296133
Terriglobus_albidus	SRR5949228	1.1997229947263306
Terriglobus_albidus	SRR5949229	1.111408908733724
Terriglobus_albidus	SRR5949230	1.2486570356175106
Terriglobus_albidus	SRR5949231	2.7455924273851307
Terriglobus_albidus	SRR5949232	3.2229382465965246
Terriglobus_albidus	SRR5949233	1.973612010457799
Terriglobus_albidus	SRR5949234	1.0886347072326419
Terriglobus_albidus	SRR5949235	1.2377579432481285
Terriglobus_albidus	SRR5949236	1.2137117572395604
Terriglobus_albidus	SRR5949237	0.651023121819341
Terriglobus_albidus	SRR5949238	1.1014746241833
Terriglobus_albidus	SRR5949239	1.0575476010189582
Terriglobus_albidus	SRR5949240	2.49202674311442
Terriglobus_albidus	SRR5949241	1.292255376915366
Terriglobus_albidus	SRR5949242	1.1833204634691026
Terriglobus_albidus	SRR5949243	3.1711681527498032
Terriglobus_albidus	SRR5949244	1.2118463877421002
Terriglobus_albidus	SRR5949245	1.066311553514491
Terriglobus_albidus	SRR5949246	0.7384692409664455
Terriglobus_albidus	SRR5949247	6.212570290923112
Terriglobus_albidus	SRR5949248	2.404950029813938
Terriglobus_albidus	SRR5949249	5.400518294812406
Terriglobus_albidus	SRR5949250	1.3387772058044078
Terriglobus_albidus	SRR5949251	1.2920990150090115
Terriglobus_albidus	SRR5949252	1.1289101735889324
Terriglobus_albidus	SRR5949253	1.066311553514491
Terriglobus_albidus	SRR5949254	2.190937251818431
Terriglobus_albidus	SRR5949255	0.8130642351290918
Terriglobus_albidus	SRR5949256	1.3620826106642814
Terriglobus_albidus	SRR5949257	1.1023384087160255
Terriglobus_albidus	SRR5949258	5.971302484518859
Terriglobus_albidus	SRR5949259	1.2733911137367675
Terriglobus_albidus	SRR5949260	2.2593270048107414
Terriglobus_albidus	SRR5949261	2.2701677082921936
Terriglobus_albidus	SRR5949262	1.1909254154873892
Terriglobus_albidus	SRR5949263	1.0450887383795906
Terriglobus_albidus	SRR5949264	1.1394179339736554
Terriglobus_albidus	SRR5949265	1.0312558723858891
Terriglobus_albidus	SRR5949266	2.2415926147123995
Terriglobus_albidus	SRR5949267	1.1434233886621645
Terriglobus_albidus	SRR5949268	1.1891928538367595
Terriglobus_albidus	SRR5949269	1.1682468312643584
Terriglobus_albidus	SRR5949270	1.2213228655817676
Terriglobus_albidus	SRR5949271	1.1447631576124266
Terriglobus_albidus	SRR5949272	1.1979167261945807
Terriglobus_albidus	SRR5949273	3.1844183197632634
Terriglobus_albidus	SRR5949274	0.6279841924999686
Terriglobus_albidus	SRR5949275	1.2148191151965018
Terriglobus_albidus	SRR5949276	1.0595254484542695
Terriglobus_albidus	SRR5949277	1.0027550347380034
Terriglobus_albidus	SRR5949278	0.5996297407440971
Terriglobus_albidus	SRR5949279	8.018265558816521
Terriglobus_albidus	SRR5949280	2.823728064006281
Terriglobus_albidus	SRR5949281	1.4658802729302427
Terriglobus_albidus	SRR5949282	1.2474389553354135
Terriglobus_albidus	SRR5949283	1.1229826508923986
Terriglobus_albidus	SRR5949284	1.1905605597315967
Terriglobus_albidus	SRR5949285	6.125156172876849
Terriglobus_albidus	SRR5949286	2.1382899074311217
Terriglobus_albidus	SRR5949287	1.3474441088246403
Terriglobus_albidus	SRR5949288	1.0556874582192344
Terriglobus_albidus	SRR5949289	1.2693390223176206
Terriglobus_albidus	SRR5949290	1.2903501975558263
Terriglobus_albidus	SRR5949291	2.1541730817750966
Terriglobus_albidus	SRR5949292	2.2621217673248086
Terriglobus_albidus	SRR5949293	1.2724675796658294
Terriglobus_albidus	SRR5949294	2.1383839396133912
Terriglobus_albidus	SRR5949295	5.252600534305294
Terriglobus_albidus	SRR5949296	2.7129089527868353
Terriglobus_albidus	SRR5949297	1.2264188186985252
Terriglobus_albidus	SRR5949298	1.2092707140233403
Terriglobus_albidus	SRR5949299	1.7324390859063565
Terriglobus_albidus	SRR5949300	0.5931774486369037
Terriglobus_albidus	SRR5949301	1.2801764189027725
Terriglobus_albidus	SRR5949302	3.3889033425199395
Terriglobus_albidus	SRR5949303	1.0950983643036607
Terriglobus_albidus	SRR5949304	6.1422736547693155
Terriglobus_albidus	SRR5949305	1.2876901029621115
Terriglobus_albidus	SRR5949306	0.9193709000920449
Terriglobus_albidus	SRR5949307	1.1393109505662735
Terriglobus_albidus	SRR5949308	2.0359385312108276
Terriglobus_albidus	SRR5949309	1.2837899161403876
Terriglobus_albidus	SRR5949310	2.288398849985309
Terriglobus_albidus	SRR5949311	1.1483913121687097
Terriglobus_albidus	SRR5949312	1.590686093278053
Terriglobus_albidus	SRR5949313	1.1740700653077196
Terriglobus_albidus	SRR5949314	1.1346966921419992
Terriglobus_albidus	SRR5949315	1.1906775496074697
Terriglobus_albidus	SRR5949316	0.6446994752574272
Terriglobus_albidus	SRR5949317	3.597546107366698
Terriglobus_albidus	SRR5949318	1.2342653828755399
Terriglobus_albidus	SRR5949319	1.2828426109497222
Terriglobus_albidus	SRR5949320	1.2687614776210279
Terriglobus_albidus	SRR5949321	2.018701075783571
Terriglobus_albidus	SRR5949322	2.8333667280977926
Terriglobus_albidus	SRR5949323	1.215870017880282
Terriglobus_albidus	SRR5949324	1.3240933322740474
Terriglobus_albidus	SRR5949325	1.0770441038038772
Terriglobus_albidus	SRR5949326	1.033698472549055
Terriglobus_albidus	SRR5949327	1.0124593497390375
Terriglobus_albidus	SRR5949328	0.47209146922044065
Terriglobus_albidus	SRR5949329	0.9755029754368707
Terriglobus_albidus	SRR5949330	2.282097759672427
Terriglobus_albidus	SRR5949331	2.027202184341861
Terriglobus_albidus	SRR5949332	1.1517412310015986
Terriglobus_albidus	SRR5949333	1.2791567896794707
Terriglobus_albidus	SRR5949334	1.1020396562740746
Terriglobus_albidus	SRR5949335	2.6717452567229283
Terriglobus_albidus	SRR5949336	1.2444177929371194
Terriglobus_albidus	SRR5949337	2.4795179422077287
Terriglobus_albidus	SRR5949338	1.3632074161673557
Terriglobus_albidus	SRR5949339	1.0635370720585073
Terriglobus_albidus	SRR5949340	1.2717976928108965
Terriglobus_albidus	SRR5949341	3.2174745748376323
Terriglobus_albidus	SRR5949342	1.097346050390655
Terriglobus_albidus	SRR5949343	3.335527424685472
Terriglobus_albidus	SRR5949344	1.200270820600167
Terriglobus_albidus	SRR5949345	1.205782746024906
Terriglobus_albidus	SRR5949346	1.0951166246958384
Terriglobus_albidus	SRR5949347	1.190635860773119
Terriglobus_albidus	SRR5949348	1.9950413872171806
Terriglobus_albidus	SRR5949349	1.2493669120573476
Terriglobus_albidus	SRR5949350	1.2768196385987194
Terriglobus_albidus	SRR5949351	4.498899508283545
Terriglobus_albidus	SRR5949352	1.218220207885767
Terriglobus_albidus	SRR5949353	1.1928585465345922
Terriglobus_albidus	SRR5949354	1.1821036772172746
Terriglobus_albidus	SRR5949355	7.372159025127012
Terriglobus_albidus	SRR5949356	4.341842395221166
Terriglobus_albidus	SRR5949357	1.2266895238220403
Terriglobus_albidus	SRR5949358	1.1687668936648674
Terriglobus_albidus	SRR5949359	3.3889058138731256
Terriglobus_albidus	SRR5949360	1.9330392199784596
Terriglobus_albidus	SRR5949361	1.2271455383925587
Terriglobus_albidus	SRR5949362	2.4142095653423516
Terriglobus_albidus	SRR5949363	1.2202693193460008
Terriglobus_albidus	SRR5949364	3.2723287363398836
Terriglobus_albidus	SRR5949365	1.1368833473484656
Terriglobus_albidus	SRR5949366	4.063357658196379
Terriglobus_albidus	SRR5949367	1.3632936897014178
Terriglobus_albidus	SRR5949368	1.1077606344033673
Terriglobus_albidus	SRR5949369	0.6842788916016532
Terriglobus_albidus	SRR5949370	1.2374665277296015
Terriglobus_albidus	SRR5949371	1.2180198238321545
Terriglobus_albidus	SRR5949372	1.215895712861616
Terriglobus_albidus	SRR5949373	1.2139234691804301
Terriglobus_albidus	SRR5949374	1.09959924156617
Terriglobus_albidus	SRR5949375	2.2452979298499476
Terriglobus_albidus	SRR5949376	1.2987680889557414
Terriglobus_albidus	SRR5949377	5.527192888026011
Terriglobus_albidus	SRR5949378	1.3345735792666624
Terriglobus_albidus	SRR5949379	1.732853846780117
Terriglobus_albidus	SRR5949380	3.1618846639761684
Terriglobus_albidus	SRR5949381	1.2399931219721845
Terriglobus_albidus	SRR5949382	1.1732388111470353
Terriglobus_albidus	SRR5949383	1.2315484571030648
Terriglobus_albidus	SRR5949384	5.675419270730483
Terriglobus_albidus	SRR5949385	1.1925915500267912
Terriglobus_albidus	SRR5949386	1.3179295366425143
Terriglobus_albidus	SRR5949387	1.1311718575502476
Terriglobus_albidus	SRR5949388	3.493374881390994
Terriglobus_albidus	SRR5949389	1.3438742739783325
Terriglobus_albidus	SRR5949390	1.1891928538367595
Terriglobus_albidus	SRR5949391	6.426871651493654
Terriglobus_albidus	SRR5949392	1.2538263362814606
Terriglobus_albidus	SRR5949393	1.2161743574055415
Terriglobus_albidus	SRR5949394	1.281180449304323
Terriglobus_albidus	SRR5949395	2.2415926147123995
Terriglobus_albidus	SRR5949396	1.2205584277726473
Terriglobus_albidus	SRR5949397	1.0698006569364074
Terriglobus_albidus	SRR5949398	2.070856763641037
Terriglobus_albidus	SRR5949399	1.2377179073090114
Terriglobus_albidus	SRR5949400	1.184566960674476
Terriglobus_albidus	SRR5949401	1.3191638148200748
Terriglobus_albidus	SRR5949402	1.1723518392637555
Terriglobus_albidus	SRR5949403	1.2778654323238352
Terriglobus_albidus	SRR5949404	3.131502821106023
Terriglobus_albidus	SRR5949405	0.8009498772077936
Terriglobus_albidus	SRR5949406	3.075168918832533
Terriglobus_albidus	SRR5949407	4.697661661710059
Terriglobus_albidus	SRR5949408	2.302856437153474
Terriglobus_albidus	SRR5949409	1.205506099338157
Terriglobus_albidus	SRR5949410	1.2249146751884796
Terriglobus_albidus	SRR5949411	1.1524965185767408
Terriglobus_albidus	SRR5949412	3.3909092989998144
Terriglobus_albidus	SRR5949413	1.1371640866985857
Terriglobus_albidus	SRR5949414	1.2658334809827385
Terriglobus_albidus	SRR5949415	0.6196621157508808
Terriglobus_albidus	SRR5949416	1.0527288346126829
Terriglobus_albidus	SRR5949417	1.2282178431744835
Terriglobus_albidus	SRR5949418	1.2389524557335343
Terriglobus_albidus	SRR5949419	1.6433113923278961
Terriglobus_albidus	SRR5949420	3.523075042898442
Terriglobus_albidus	SRR5949421	10.22973890358906
Terriglobus_albidus	SRR5949422	3.1989346605434728
Terriglobus_albidus	SRR5949423	1.2206289557371512
Terriglobus_albidus	SRR5949424	1.3345735792666624
Terriglobus_albidus	SRR5949425	1.0915907981806017
Terriglobus_albidus	SRR5949426	1.0539615546587229
Terriglobus_albidus	SRR5949427	1.2440699046298256
Terriglobus_albidus	SRR5949428	2.196336849011741
Terriglobus_albidus	SRR5949429	1.3191638148200748
Terriglobus_albidus	SRR5949430	1.079392169117179
Terriglobus_albidus	SRR5949431	1.157848451145154
Terriglobus_albidus	SRR5949432	1.721617331903423
Terriglobus_albidus	SRR5949433	1.1832390099659147
Terriglobus_albidus	SRR5949434	2.4326456359148216
Terriglobus_albidus	SRR5949435	3.543200433292341
Terriglobus_albidus	SRR5949436	1.137341727233602
Terriglobus_albidus	SRR5949437	1.181066811097447
Terriglobus_albidus	SRR5949438	1.2499561659673655
Terriglobus_albidus	SRR5949439	4.538932253506808
Terriglobus_albidus	SRR5949440	4.621374854091296
Terriglobus_albidus	SRR5949441	1.0993686301562529
Terriglobus_albidus	SRR5949442	1.1615296147861147
Terriglobus_albidus	SRR5949443	1.0774825790885945
Terriglobus_albidus	SRR5949444	1.1336931648527475
Terriglobus_albidus	SRR5949445	1.3590505731409162
Terriglobus_albidus	SRR5949446	6.235600221701448
Terriglobus_albidus	SRR5949447	7.202557895527106
Terriglobus_albidus	SRR5949448	0.9813923461084344
Terriglobus_albidus	SRR5949449	1.34653965578047
Terriglobus_albidus	SRR5949450	8.046719301471308
Terriglobus_albidus	SRR5949451	3.5716816791947905
Terriglobus_albidus	SRR5949452	1.216738750150943
Terriglobus_albidus	SRR5949453	1.1837405002455228
Terriglobus_albidus	SRR5949454	1.061113035954478
Terriglobus_albidus	SRR5949455	2.7968136640633094
Terriglobus_albidus	SRR5949456	3.3498213181280048
Terriglobus_albidus	SRR5949457	1.2066972395572388
Terriglobus_albidus	SRR5949458	3.6483217259418708
Terriglobus_albidus	SRR5949459	3.4318123511358647
Terriglobus_albidus	SRR5949460	1.2433615484434175
Terriglobus_albidus	SRR5949461	2.035316493922241
Terriglobus_albidus	SRR5949462	1.1905605597315967
Terriglobus_albidus	SRR5949463	2.686189575844804
Terriglobus_albidus	SRR5949464	1.2446778712044848
Terriglobus_albidus	SRR5949465	2.667567800513906
Terriglobus_albidus	SRR5949466	1.107059214975844
Terriglobus_albidus	SRR5949467	1.154112225714586
Terriglobus_albidus	SRR5949468	1.1799076301349358
Terriglobus_albidus	SRR5949469	1.0883769272287247
Terriglobus_albidus	SRR5949470	1.165534759873095
Terriglobus_albidus	SRR5949471	1.0087657487877917
Terriglobus_albidus	SRR5949472	4.098492215576412
Terriglobus_albidus	SRR5949473	5.625277029183813
Terriglobus_albidus	SRR5949474	1.1311718575502476
Terriglobus_albidus	SRR5949475	1.2854970848210212
Terriglobus_albidus	SRR5949476	1.1410747004676327
Terriglobus_albidus	SRR5949477	2.0858803306265403
Terriglobus_albidus	SRR5949478	1.0843500122196275
Terriglobus_albidus	SRR5949479	1.1958102688299388
Terriglobus_albidus	SRR5949480	0.608929106325566
Terriglobus_albidus	SRR5949481	1.157140158948961
Terriglobus_albidus	SRR5949482	5.056934532472497
Terriglobus_albidus	SRR5949483	5.306708340403337
Terriglobus_albidus	SRR5949484	1.0369758040299537
Terriglobus_albidus	SRR5949485	2.3652209761887413
Terriglobus_albidus	SRR5949486	1.1564183136713417
Terriglobus_albidus	SRR5949487	0.7876275414278132
Terriglobus_albidus	SRR5949488	1.4978382277991942
Terriglobus_albidus	SRR5949489	1.6611580886512098
Terriglobus_albidus	SRR5949490	1.1740700653077196
Terriglobus_albidus	SRR5949491	1.158132724583324
Terriglobus_albidus	SRR5949492	1.1750753866410875
Terriglobus_albidus	SRR5949493	0.6328096959690895
Terriglobus_albidus	SRR5949494	1.2609807746640385
Terriglobus_albidus	SRR5949495	3.2685177211486574
Terriglobus_albidus	SRR5949496	8.138626866275212
Terriglobus_albidus	SRR5949497	1.0375381377278627
Terriglobus_albidus	SRR5949498	2.135438910488042
Terriglobus_albidus	SRR5949499	0.7512418792972269
Terriglobus_albidus	SRR5949500	2.267386329705495
Terriglobus_albidus	SRR5949501	2.2601086861202115
Terriglobus_albidus	SRR5949502	1.1882939174466038
Terriglobus_albidus	SRR5949503	2.0422032743790623
Terriglobus_albidus	SRR5949504	1.1324839754472176
Terriglobus_albidus	SRR5949505	1.1317966697980544
Terriglobus_albidus	SRR5949506	1.2271455383925587
Terriglobus_albidus	SRR5949507	1.2447154747821256
Terriglobus_albidus	SRR5949508	1.1126861636097949
Terriglobus_albidus	SRR5949509	1.2283420121007236
Terriglobus_albidus	SRR5949510	2.8922182041739553
Terriglobus_albidus	SRR5949511	1.217439166492112
Terriglobus_albidus	SRR5949512	0.7710315492595752
Terriglobus_albidus	SRR5949513	1.3648618084282327
Terriglobus_albidus	SRR5949514	1.2267490534327756
Terriglobus_albidus	SRR5949515	1.1187033574035814
Terriglobus_albidus	SRR5949516	9.984824440866879
Terriglobus_albidus	SRR5949517	2.142554587351919
Terriglobus_albidus	SRR5949518	6.237347203450139
Terriglobus_albidus	SRR5949519	2.1374008200303627
Terriglobus_albidus	SRR5949520	1.1642077619958675
Terriglobus_albidus	SRR5949521	1.9121077464911929
Terriglobus_albidus	SRR5949522	1.3628742248234382
Terriglobus_albidus	SRR5949523	1.0906168075865423
Terriglobus_albidus	SRR5949524	15.423199209200291
Terriglobus_albidus	SRR5949525	1.1451411236395745
Terriglobus_albidus	SRR5949526	1.2375095693697515
Terriglobus_albidus	SRR5949527	1.1418166973837245
Terriglobus_albidus	SRR5949528	1.2890335226781604
Terriglobus_albidus	SRR5949529	1.1447631576124266
Terriglobus_albidus	SRR5949530	1.3564544763934177
Terriglobus_albidus	SRR5949531	2.106310959986197
Terriglobus_albidus	SRR5949532	1.1598674597689607
Terriglobus_albidus	SRR5949533	1.3285645915048494
Terriglobus_albidus	SRR5949534	1.2163228179574108
Terriglobus_albidus	SRR5949535	1.2356335989742235
Terriglobus_albidus	SRR5949536	1.04267711098447
Terriglobus_albidus	SRR5949537	1.7001287746103504
Terriglobus_albidus	SRR5949538	1.3099462731867664
Terriglobus_albidus	SRR5949539	1.1013595333227293
Terriglobus_albidus	SRR5949540	3.0509799158738686
Terriglobus_albidus	SRR5949541	1.2005256325694054
Terriglobus_albidus	SRR5949542	2.2879395454758997
Terriglobus_albidus	SRR5949543	6.0649885909383245
Terriglobus_albidus	SRR5949544	6.7704025084032775
Terriglobus_albidus	SRR5949545	2.7767519165084433
Terriglobus_albidus	SRR5949546	2.4069359967793384
Terriglobus_albidus	SRR5949547	1.359557935336347
Terriglobus_albidus	SRR5949548	3.298105890468759
Terriglobus_albidus	SRR5949549	5.2469657524295394
Terriglobus_albidus	SRR5949550	2.4077177133853516
Terriglobus_albidus	SRR5949551	1.0270242274508532
Terriglobus_albidus	SRR5949552	1.155343713522824
Terriglobus_albidus	SRR5949553	7.539014974150214
Terriglobus_albidus	SRR5949554	1.2919491547029816
Terriglobus_albidus	SRR5949555	1.0807139623389033
Terriglobus_albidus	SRR5949556	3.7488573366749347
Terriglobus_albidus	SRR5949557	2.0834174637843947
Terriglobus_albidus	SRR5949558	1.0886347072326419
Terriglobus_albidus	SRR5949559	2.21306828169608
Terriglobus_albidus	SRR5949560	3.9249300124711244
Terriglobus_albidus	SRR5949561	1.9286494458294754
Terriglobus_albidus	SRR5949562	1.1234839983598477
Terriglobus_albidus	SRR5949563	4.667113295831656
Terriglobus_albidus	SRR5949564	2.7771608168091424
Terriglobus_albidus	SRR5949565	1.0417087318921974
Terriglobus_albidus	SRR5949566	2.18113604502127
Terriglobus_albidus	SRR5949567	1.4077160238737152
Terriglobus_albidus	SRR5949568	3.4869012295636237
Terriglobus_albidus	SRR5949569	1.137201967313905
Terriglobus_albidus	SRR5949570	1.1950932079515397
Terriglobus_albidus	SRR5949571	1.2676718562975933
Terriglobus_albidus	SRR5949572	1.1936616701239362
Terriglobus_albidus	SRR5949573	2.41215276413149
Terriglobus_albidus	SRR5949574	1.1833204634691026
Terriglobus_albidus	SRR5949575	1.0800124847776946
Terriglobus_albidus	SRR5949576	1.105569770871789
Terriglobus_albidus	SRR5949577	2.54394400220626
Terriglobus_albidus	SRR5949578	0.68207743734507
Terriglobus_albidus	SRR5949579	1.6064599817971859
Terriglobus_albidus	SRR5949580	1.2495002640455093
Terriglobus_albidus	SRR5949581	1.013858510475241
Terriglobus_albidus	SRR5949582	1.1878689580875645
Terriglobus_albidus	SRR5949583	4.209923914219538
Terriglobus_albidus	SRR5949584	2.7523876830176626
Terriglobus_albidus	SRR5949585	1.1211425413517486
Terriglobus_albidus	SRR5949586	1.111678344416074
Terriglobus_albidus	SRR5949587	1.834207674812047
Terriglobus_albidus	SRR5949588	1.8063082663758816
Terriglobus_albidus	SRR5949589	1.3286860621482448
Terriglobus_albidus	SRR5949590	1.1051689152661845
Terriglobus_albidus	SRR5949591	1.2366721543910948
Terriglobus_albidus	SRR5949592	2.267386329705495
Terriglobus_albidus	SRR5949593	1.2085538390793353
Terriglobus_albidus	SRR5949594	1.2029451102589137
Terriglobus_albidus	SRR5949595	3.487660018436862
Terriglobus_albidus	SRR5949596	1.2106216012880588
Terriglobus_albidus	SRR5949597	1.0237122757948858
Terriglobus_albidus	SRR5949598	0.8840935432974107
Terriglobus_albidus	SRR5949599	1.2367682681016057
Terriglobus_albidus	SRR5949600	1.5418054745857281
Terriglobus_albidus	SRR5949601	1.0238768131328277
Terriglobus_albidus	SRR5949602	3.2145780710142495
Terriglobus_albidus	SRR5949603	1.1327086943635416
Terriglobus_albidus	SRR5949604	1.2919491547029816
Terriglobus_albidus	SRR5949605	4.174862699441251
Terriglobus_albidus	SRR5949606	1.1200337661224764
Terriglobus_albidus	SRR5949607	1.1366031450750786
Terriglobus_albidus	SRR5949608	2.315696902290308
Terriglobus_albidus	SRR5950246	1.1609590643474483
Terriglobus_albidus	SRR5950247	0.8696091019226845
Terriglobus_albidus	SRR5950248	2.2684937847185433
Terriglobus_albidus	SRR5950249	1.2440553715549034
Terriglobus_albidus	SRR5950250	1.328486138811557
Terriglobus_albidus	SRR5950251	1.0459891478132652
Terriglobus_albidus	SRR5950252	1.9988074261419104
Terriglobus_albidus	SRR5950253	2.842208368371164
Terriglobus_albidus	SRR5950254	1.8249391639577053
Terriglobus_albidus	SRR5950255	6.441216822338037
Terriglobus_albidus	SRR5950256	2.297986157562248
Terriglobus_albidus	SRR5950257	2.0739258930987705
Terriglobus_albidus	SRR5950258	1.1917063746146712
Terriglobus_albidus	SRR5950259	1.3884682167968119
Terriglobus_albidus	SRR5950260	2.223887124364043
Terriglobus_albidus	SRR5950261	1.2042055109172545
Terriglobus_albidus	SRR5950262	1.0950983643036607
Terriglobus_albidus	SRR5950263	1.6611580886512098
Terriglobus_albidus	SRR5950264	1.1725985576827191
Terriglobus_albidus	SRR5950265	4.578689857842808
Terriglobus_albidus	SRR5950266	1.2303925228169172
Terriglobus_albidus	SRR5950267	2.3109300291851245
Terriglobus_albidus	SRR5950268	2.0785837700614214
Terriglobus_albidus	SRR5950269	2.033035251454431
Terriglobus_albidus	SRR5950270	0.4946268586809081
Terriglobus_albidus	SRR5950271	1.3413229230288701
Terriglobus_albidus	SRR5950272	1.3089784563337146
Terriglobus_albidus	SRR5950273	1.1454665084023603
Terriglobus_albidus	SRR5950274	1.7067836703688277
Terriglobus_albidus	SRR5950275	1.1624571321577455
Terriglobus_albidus	SRR5950276	2.0790342047612254
Terriglobus_albidus	SRR5950277	2.020333968132896
Terriglobus_albidus	SRR5950278	4.091895561435624
Terriglobus_albidus	SRR5950279	0.6370857162162784
Terriglobus_albidus	SRR5950280	2.804625440934732
Terriglobus_albidus	SRR5950281	0.8530210728846068
Terriglobus_albidus	SRR5950282	1.0225129867920197
Terriglobus_albidus	SRR5950283	2.204616116651987
Terriglobus_albidus	SRR5950284	1.1346966921419992
Terriglobus_albidus	SRR5950285	4.309930316354377
Terriglobus_albidus	SRR5950286	0.7480030590124109
Terriglobus_albidus	SRR5950287	3.0580844184220077
Terriglobus_albidus	SRR5950288	1.0705915278137272
Terriglobus_albidus	SRR5950289	1.8970418399894933
Terriglobus_albidus	SRR5950290	1.2013885455411597
Terriglobus_albidus	SRR5950291	1.9145415279619067
Terriglobus_albidus	SRR5950292	1.1832990098591325
Terriglobus_albidus	SRR5950293	1.058009382003256
Terriglobus_albidus	SRR5950294	2.0495663905359196
Terriglobus_albidus	SRR5950295	1.0116876324173478
Terriglobus_albidus	SRR5950296	1.0908053130066195
Terriglobus_albidus	SRR5950297	1.0300315733363616
Terriglobus_albidus	SRR5950298	1.4158727663556798
Terriglobus_albidus	SRR5950299	1.0732941783072139
Terriglobus_albidus	SRR5950300	2.913301575417488
Terriglobus_albidus	SRR5950301	0.6599840280344584
Terriglobus_albidus	SRR5950302	4.295078572464902
Terriglobus_albidus	SRR5950303	3.3311253567723837
Terriglobus_albidus	SRR5950304	1.2400541215598666
Terriglobus_albidus	SRR5950305	2.958725321358508
Terriglobus_albidus	SRR5950306	4.581866033609441
Terriglobus_albidus	SRR5950307	1.7894022066173418
Terriglobus_albidus	SRR5950308	1.9692513092438544
Terriglobus_albidus	SRR5950309	1.0417860786513093
Terriglobus_albidus	SRR5950310	2.2954092226639244
Terriglobus_albidus	SRR5950311	0.4800665664523604
Terriglobus_albidus	SRR5950312	1.2486570356175106
Terriglobus_albidus	SRR5950313	0.76043823778972
Terriglobus_albidus	SRR5950314	1.1460323041592848
Terriglobus_albidus	SRR5950315	0.8794765766493596
Terriglobus_albidus	SRR5950316	1.2635118489747474
Terriglobus_albidus	SRR5950317	1.0607344643039125
Terriglobus_albidus	SRR5950318	3.322485924018884
Terriglobus_albidus	SRR5950319	1.1008553743051186
Terriglobus_albidus	SRR5950320	8.816317250192597
Terriglobus_albidus	SRR5950321	2.110937816305701
Terriglobus_albidus	SRR5950322	2.0428234970437464
Terriglobus_albidus	SRR5950323	0.8298868878822747
Terriglobus_albidus	SRR5950324	5.345129648871623
Terriglobus_albidus	SRR5950325	1.3027469538237664
Terriglobus_albidus	SRR5950326	3.0809246261453875
Terriglobus_albidus	SRR5950327	2.2469679967196954
Terriglobus_albidus	SRR5950328	4.462501516289715
Terriglobus_albidus	SRR5950329	0.5411583054333909
Terriglobus_albidus	SRR5950330	1.1158396154066577
Terriglobus_albidus	SRR5950331	2.2721731803634757
Terriglobus_albidus	SRR5950332	1.1441391071297062
Terriglobus_albidus	SRR5950333	2.090177476759181
Terriglobus_albidus	SRR5950334	3.236041230670569
Terriglobus_albidus	SRR5950335	2.003698672659268
Terriglobus_albidus	SRR5950336	1.069894053378379
Terriglobus_albidus	SRR5950337	1.0949212521904848
Terriglobus_albidus	SRR5950338	2.2309159746073477
Terriglobus_albidus	SRR5950339	1.3243301233120008
Terriglobus_albidus	SRR5950340	1.1289022182802304
Terriglobus_albidus	SRR5950341	1.215870017880282
Terriglobus_albidus	SRR5950342	1.155958281245722
Terriglobus_albidus	SRR5950343	2.228750530046088
Terriglobus_albidus	SRR5950344	1.2881209802887645
Terriglobus_albidus	SRR5950345	1.2156095156829663
Terriglobus_albidus	SRR5950346	1.0065059293405187
Terriglobus_albidus	SRR5950347	17.586323988512284
Terriglobus_albidus	SRR5950348	1.0366693771195008
Terriglobus_albidus	SRR5950349	1.169068317542432
Terriglobus_albidus	SRR5950350	3.599114823476968
Terriglobus_albidus	SRR5950351	1.0575644618269049
Terriglobus_albidus	SRR5950352	1.0466729610654832
Terriglobus_albidus	SRR5950353	1.8373897689819128
Terriglobus_albidus	SRR5950354	1.1095767168947774
Terriglobus_albidus	SRR5950355	1.2161743574055415
Terriglobus_albidus	SRR5950356	1.0724915249458775
Terriglobus_albidus	SRR5950357	5.945691315783154
Terriglobus_albidus	SRR5950358	2.210337830532369
Terriglobus_albidus	SRR5950359	6.180433641967825
Terriglobus_albidus	SRR5950360	2.0649481265766734
Terriglobus_albidus	SRR5950361	1.1157798239032726
Terriglobus_albidus	SRR5950362	0.6942341083984062
Terriglobus_albidus	SRR5950363	1.3628387906179662
Terriglobus_albidus	SRR5950364	3.1269210356670682
Terriglobus_albidus	SRR5950365	4.575243676775609
Terriglobus_albidus	SRR5950366	3.2124861493542354
Terriglobus_albidus	SRR5950367	1.2227189780934127
Terriglobus_albidus	SRR5950368	1.0596430264498182
Terriglobus_albidus	SRR5950369	1.3997254803899482
Terriglobus_albidus	SRR5950370	0.9200110851170403
Terriglobus_albidus	SRR5950371	1.1430012753598477
Terriglobus_albidus	SRR5950372	2.008718879269559
Terriglobus_albidus	SRR5950373	1.2645360629877291
Terriglobus_albidus	SRR5950374	3.0855162302512196
Terriglobus_albidus	SRR5950375	1.104363804385847
Terriglobus_albidus	SRR5950376	1.2501098860840925
Terriglobus_albidus	SRR5950377	1.1434233886621645
Terriglobus_albidus	SRR5950378	1.8093385174014183
Terriglobus_albidus	SRR5950379	4.245086798686703
Terriglobus_albidus	SRR5950380	0.6181712065391043
Terriglobus_albidus	SRR5950381	2.233242986936637
Terriglobus_albidus	SRR5950382	4.088910058357206
Terriglobus_albidus	SRR5950383	2.0666897282787273
Terriglobus_albidus	SRR5950384	1.0335321922936056
Terriglobus_albidus	SRR5950385	2.4208024099516807
Terriglobus_albidus	SRR5950386	1.135246261812664
Terriglobus_albidus	SRR5950387	3.4696382450390146
Terriglobus_albidus	SRR5950388	1.2053974090880961
Terriglobus_albidus	SRR5950389	2.0713493639310308
Terriglobus_albidus	SRR5950390	2.444659001345219
Terriglobus_albidus	SRR5950391	1.1491107987979958
Terriglobus_albidus	SRR5950392	2.222817817467448
Terriglobus_albidus	SRR5950393	0.7764226752970365
Terriglobus_albidus	SRR5950394	0.9412426880020937
Terriglobus_albidus	SRR5950395	0.5115377266493373
Terriglobus_albidus	SRR5950396	2.119565981746913
Terriglobus_albidus	SRR5950397	3.1455841141101972
Terriglobus_albidus	SRR5950398	3.1711681527498032
Terriglobus_albidus	SRR5950399	1.1431131315026333
Terriglobus_albidus	SRR5950400	3.2423265173104494
Terriglobus_albidus	SRR5950401	1.0419241836108888
Terriglobus_albidus	SRR5950402	1.3576181684644153
Terriglobus_albidus	SRR5950403	2.2049830713146745
Terriglobus_albidus	SRR5950404	1.0743127488655082
Terriglobus_albidus	SRR5950405	2.2777433842815444
Terriglobus_albidus	SRR5950406	4.745246719045581
Terriglobus_albidus	SRR5950407	1.9209338878684685
Terriglobus_albidus	SRR5950408	2.9827831368921047
Terriglobus_albidus	SRR5950409	1.556749520255714
Terriglobus_albidus	SRR5950410	1.17911412078931
Terriglobus_albidus	SRR5950411	1.2561181074698347
Terriglobus_albidus	SRR5950412	1.089507755113009
Terriglobus_albidus	SRR5950413	0.7246978902319452
Terriglobus_albidus	SRR5950414	0.7229000081464182
Terriglobus_albidus	SRR5950415	3.4773498203938447
Terriglobus_albidus	SRR5950416	3.5727762464621677
Terriglobus_albidus	SRR5950417	1.986267591417134
Terriglobus_albidus	SRR5950418	1.1579772882588515
Terriglobus_albidus	SRR5950419	1.1750753866410875
Terriglobus_albidus	SRR5950420	0.9824722795251585
Terriglobus_albidus	SRR5950421	1.0263683678776567
Terriglobus_albidus	SRR5950422	0.7257849349934934
Terriglobus_albidus	SRR5950423	3.070288105703302
Terriglobus_albidus	SRR5950424	1.1807694179369137
Terriglobus_albidus	SRR5950425	1.0968665957577715
Terriglobus_albidus	SRR5950426	0.5931059089985419
Terriglobus_albidus	SRR5950427	3.6082311270396232
Terriglobus_albidus	SRR5950428	2.268653082772234
Terriglobus_albidus	SRR5950429	0.8957675614663383
Terriglobus_albidus	SRR5950430	1.0293139060877181
Terriglobus_albidus	SRR5950431	2.6193655876181734
Terriglobus_albidus	SRR5950432	1.1943681924205094
Terriglobus_albidus	SRR5950433	1.1279266372934247
Terriglobus_albidus	SRR5950434	1.1356518611680246
Terriglobus_albidus	SRR5950435	1.0535171201897175
Terriglobus_albidus	SRR5950436	13.249679717867409
Terriglobus_albidus	SRR5950437	3.2744320380452474
Terriglobus_albidus	SRR5950438	1.1767191136789161
Terriglobus_albidus	SRR5950439	0.4494452809164328
Terriglobus_albidus	SRR5950440	3.0118937687137013
Terriglobus_albidus	SRR5950441	1.0469538129823934
Terriglobus_albidus	SRR5950442	2.7719451606847643
Terriglobus_albidus	SRR5950443	20.270724915616103
Terriglobus_albidus	SRR5950444	1.1127185628459835
Terriglobus_albidus	SRR5950445	1.0417087318921974
Terriglobus_albidus	SRR5950446	1.0285054100837399
Terriglobus_albidus	SRR5950447	1.148714953695668
Terriglobus_albidus	SRR5950448	5.528765699281891
Terriglobus_albidus	SRR5950449	2.011494813519827
Terriglobus_albidus	SRR5950450	5.360076218228647
Terriglobus_albidus	SRR5950451	1.329893515788851
Terriglobus_albidus	SRR5950452	1.2996734255143718
Terriglobus_albidus	SRR5950453	1.1223842862062732
Terriglobus_albidus	SRR5950454	2.010755837458649
Terriglobus_albidus	SRR5950455	2.4406820509472342
Terriglobus_albidus	SRR5950456	3.500593366717606
Terriglobus_albidus	SRR5950457	1.8802929487013735
Terriglobus_albidus	SRR5950458	1.5061126358716255
Terriglobus_albidus	SRR5950459	1.1449664140631362
Terriglobus_albidus	SRR5950460	1.0087435388127577
Terriglobus_albidus	SRR5950461	2.542916608962164
Terriglobus_albidus	SRR5950462	1.1493581768800214
Terriglobus_albidus	SRR5950463	3.744573211404779
Terriglobus_albidus	SRR5950464	1.4804473512398375
Terriglobus_albidus	SRR5950465	2.063037961131413
Terriglobus_albidus	SRR5950466	1.0478426574288995
Terriglobus_albidus	SRR5950467	0.5893852860079267
Terriglobus_albidus	SRR5950468	2.198951843526859
Terriglobus_albidus	SRR5950469	1.1451411236395745
Terriglobus_albidus	SRR5950470	4.851401303122195
Terriglobus_albidus	SRR5963912	1.336150659047432
Terriglobus_albidus	SRR5963913	2.417321604220574
Terriglobus_albidus	SRR5963914	1.3191638148200748
Terriglobus_albidus	SRR5963915	2.1672018457000783
Terriglobus_albidus	SRR5963916	1.258227370838775
Terriglobus_albidus	SRR5963917	2.3851831000535824
Terriglobus_albidus	SRR5963918	1.3544881997814984
Terriglobus_albidus	SRR5963919	1.1007394850354797
Terriglobus_albidus	SRR5963920	1.0495485095212258
Terriglobus_albidus	SRR5963921	3.071932759113845
Terriglobus_albidus	SRR5963922	1.0598979296439894
Terriglobus_albidus	SRR5963923	1.0755709129287068
Terriglobus_albidus	SRR5963924	3.639398578420204
Terriglobus_albidus	SRR5963925	0.7168630944831527
Terriglobus_albidus	SRR5963926	1.1610361643469678
Terriglobus_albidus	SRR5963927	1.171741311615037
Terriglobus_albidus	SRR5963928	1.1725219183256181
Terriglobus_albidus	SRR5963929	2.121468928607825
Terriglobus_albidus	SRR5963930	1.1301657526466053
Terriglobus_albidus	SRR5963931	2.3240885663242663
Terriglobus_albidus	SRR5963932	2.403876818013867
Terriglobus_albidus	SRR5963933	1.1524965185767408
Terriglobus_albidus	SRR5963934	0.8070856367443641
Terriglobus_albidus	SRR5963935	1.0901779608920006
Terriglobus_albidus	SRR5963936	1.405033415029035
Terriglobus_albidus	SRR5963937	1.0169412758864895
Terriglobus_albidus	SRR5963938	1.17911412078931
Terriglobus_albidus	SRR5963939	1.2249146751884796
Terriglobus_albidus	SRR5963940	1.1531145474732438
Terriglobus_albidus	SRR5963941	1.3612319094799556
Terriglobus_albidus	SRR5963942	1.3071795906682395
Terriglobus_albidus	SRR5963943	1.0536830163095463
Terriglobus_albidus	SRR5963944	2.5899045698499186
Terriglobus_albidus	SRR5963945	0.4434638814899907
Terriglobus_albidus	SRR5963946	1.0954711451490824
Terriglobus_albidus	SRR5963947	3.1500291149092363
Terriglobus_albidus	SRR5963948	1.1220700877566259
Terriglobus_albidus	SRR6467548	NA
Terriglobus_albidus	SRR6467549	NA
Terriglobus_albidus	SRR6467550	NA
Terriglobus_albidus	SRR6467551	NA
Terriglobus_albidus	SRR6467552	NA
Terriglobus_albidus	SRR6467553	NA
Terriglobus_albidus	SRR6467554	NA
Terriglobus_albidus	SRR6467555	NA
Terriglobus_albidus	SRR6467556	NA
Terriglobus_albidus	SRR6467557	NA
Terriglobus_albidus	SRR6467558	NA
Terriglobus_albidus	SRR6467559	NA
Terriglobus_albidus	SRR6467560	NA
Terriglobus_albidus	SRR6467561	NA
Terriglobus_albidus	SRR6467562	NA
Terriglobus_albidus	SRR6467563	NA
Terriglobus_albidus	SRR6467564	NA
Terriglobus_albidus	SRR6467565	NA
Terriglobus_albidus	SRR6467566	NA
Terriglobus_albidus	SRR6467567	NA
Terriglobus_albidus	SRR6467568	NA
Terriglobus_albidus	SRR6467569	NA
Terriglobus_albidus	SRR6467570	NA
Terriglobus_albidus	SRR6467571	NA
Terriglobus_albidus	SRR6467572	NA
Terriglobus_albidus	SRR6467573	NA
Terriglobus_albidus	SRR6467574	NA
Terriglobus_albidus	SRR6467575	NA
Terriglobus_albidus	SRR6467576	NA
Terriglobus_albidus	SRR6467577	NA
Terriglobus_albidus	SRR6467578	NA
Terriglobus_albidus	SRR6467579	NA
Terriglobus_albidus	SRR6467580	NA
Terriglobus_albidus	SRR6467581	NA
Terriglobus_albidus	SRR6467582	NA
Terriglobus_albidus	SRR6467583	NA
Terriglobus_albidus	SRR6467584	NA
Terriglobus_albidus	SRR6467585	NA
Terriglobus_albidus	SRR6467586	NA
Terriglobus_albidus	SRR6467587	NA
Terriglobus_albidus	SRR6467588	NA
Terriglobus_albidus	SRR6467589	NA
Terriglobus_albidus	SRR6467590	NA
Terriglobus_albidus	SRR6467591	NA
Terriglobus_albidus	SRR6467592	NA
Terriglobus_albidus	SRR6467593	NA
Terriglobus_albidus	SRR6467594	NA
Terriglobus_albidus	SRR6467595	NA
Terriglobus_albidus	SRR6467596	NA
Terriglobus_albidus	SRR6467597	NA
Terriglobus_albidus	SRR6467598	NA
Terriglobus_albidus	SRR6467599	NA
Terriglobus_albidus	SRR6467600	NA
Terriglobus_albidus	SRR6467601	NA
Terriglobus_albidus	SRR6467602	NA
Terriglobus_albidus	SRR6467603	NA
Terriglobus_albidus	SRR6467604	NA
Terriglobus_albidus	SRR6467605	NA
Terriglobus_albidus	SRR6467606	NA
Terriglobus_albidus	SRR6467607	NA
Terriglobus_albidus	SRR6467608	NA
Terriglobus_albidus	SRR6467609	NA
Terriglobus_albidus	SRR6467610	NA
Terriglobus_albidus	SRR6467611	NA
Terriglobus_albidus	SRR6467612	NA
Terriglobus_albidus	SRR6467613	NA
Terriglobus_albidus	SRR6467614	NA
Terriglobus_albidus	SRR6467615	NA
Terriglobus_albidus	SRR6467616	NA
Terriglobus_albidus	SRR6467617	NA
Terriglobus_albidus	SRR6467618	NA
Terriglobus_albidus	SRR6467619	NA
Terriglobus_albidus	SRR6467620	NA
Terriglobus_albidus	SRR6467621	NA
Terriglobus_albidus	SRR6467622	NA
Terriglobus_albidus	SRR6467623	NA
Terriglobus_albidus	SRR6467624	NA
Terriglobus_albidus	SRR6467625	NA
Terriglobus_albidus	SRR6467626	NA
Terriglobus_albidus	SRR6467627	NA
Terriglobus_albidus	SRR6467628	NA
Terriglobus_albidus	SRR6467629	NA
Terriglobus_albidus	SRR6467630	NA
Terriglobus_albidus	SRR6467631	NA
Terriglobus_albidus	SRR6467632	NA
Terriglobus_albidus	SRR6467633	NA
Terriglobus_albidus	SRR6467634	NA
Terriglobus_albidus	SRR6467635	NA
Terriglobus_albidus	SRR6467636	NA
Terriglobus_albidus	SRR6467637	NA
Terriglobus_albidus	SRR6467638	NA
Terriglobus_albidus	SRR6467639	NA
Terriglobus_albidus	SRR6467640	NA
Terriglobus_albidus	SRR6467641	NA
Terriglobus_albidus	SRR6467642	NA
Terriglobus_albidus	SRR6467643	NA
Terriglobus_albidus	SRR6467644	NA
Terriglobus_albidus	SRR6467645	NA
Terriglobus_albidus	SRR6467646	NA
Terriglobus_albidus	SRR6467647	NA
Terriglobus_albidus	SRR6467648	NA
Terriglobus_albidus	SRR6467649	NA
Terriglobus_albidus	SRR6467650	NA
Terriglobus_albidus	SRR6467651	NA
Terriglobus_albidus	SRR6467652	NA
Terriglobus_albidus	SRR6467653	NA
Terriglobus_albidus	SRR6467654	NA
Terriglobus_albidus	SRR6467655	NA
Terriglobus_albidus	SRR6467656	NA
Terriglobus_albidus	SRR6467657	NA
Terriglobus_albidus	SRR6467658	NA
Terriglobus_albidus	SRR6467659	NA
Terriglobus_albidus	SRR6467660	NA
Terriglobus_albidus	SRR6467661	NA
Terriglobus_albidus	SRR6467662	NA
Terriglobus_albidus	SRR6467663	NA
Terriglobus_albidus	SRR6467664	NA
Terriglobus_albidus	SRR6467665	NA
Terriglobus_albidus	SRR6467666	NA
Terriglobus_albidus	SRR6467667	NA
Terriglobus_albidus	SRR6467668	NA
Terriglobus_albidus	SRR6467669	NA
Terriglobus_albidus	SRR6467670	NA
Terriglobus_albidus	SRR6467671	NA
Terriglobus_albidus	SRR6467672	NA
Terriglobus_albidus	SRR6467673	NA
Terriglobus_albidus	SRR6467674	NA
Terriglobus_albidus	SRR6467675	NA
Terriglobus_albidus	SRR6467676	NA
Terriglobus_albidus	SRR6467677	NA
Terriglobus_albidus	SRR6467678	NA
Terriglobus_albidus	SRR6467679	NA
Terriglobus_albidus	SRR6467680	NA
Terriglobus_albidus	SRR6467681	NA
Terriglobus_albidus	SRR6467682	NA
Terriglobus_albidus	SRR6467683	NA
Terriglobus_albidus	SRR6467684	NA
Terriglobus_albidus	SRR6467685	NA
Terriglobus_albidus	SRR6467686	NA
Terriglobus_albidus	SRR6467687	NA
Terriglobus_albidus	SRR6467688	NA
Terriglobus_albidus	SRR6467689	NA
Terriglobus_albidus	SRR6467690	NA
Terriglobus_albidus	SRR6467691	NA
Terriglobus_albidus	SRR6467692	NA
Terriglobus_albidus	SRR6467693	NA
Terriglobus_albidus	SRR6467694	NA
Terriglobus_albidus	SRR6467695	NA
Terriglobus_albidus	SRR6467696	NA
Terriglobus_albidus	SRR6467697	NA
Terriglobus_albidus	SRR6467698	NA
Terriglobus_albidus	SRR6467699	NA
Terriglobus_albidus	SRR6467700	NA
Terriglobus_albidus	SRR6467701	NA
Terriglobus_albidus	SRR6467702	NA
Terriglobus_albidus	SRR6467703	NA
Terriglobus_albidus	SRR6467704	NA
Terriglobus_albidus	SRR6467705	NA
Terriglobus_albidus	SRR6467706	NA
Terriglobus_albidus	SRR6467707	NA
Terriglobus_albidus	SRR6467708	NA
Terriglobus_albidus	SRR6467709	NA
Terriglobus_albidus	SRR6467710	NA
Terriglobus_albidus	SRR6467711	NA
Terriglobus_albidus	SRR6467712	NA
Terriglobus_albidus	SRR6467713	NA
Terriglobus_albidus	SRR6467714	NA
Terriglobus_albidus	SRR6467715	NA
Terriglobus_albidus	SRR6467716	NA
Terriglobus_albidus	SRR6467717	NA
Terriglobus_albidus	SRR6467718	NA
Terriglobus_albidus	SRR6467719	NA
Terriglobus_albidus	SRR6467720	NA
Terriglobus_albidus	SRR6467721	NA
Terriglobus_albidus	SRR6467722	NA
Terriglobus_albidus	SRR6467723	NA
Terriglobus_albidus	SRR6467724	NA
Terriglobus_albidus	SRR6467725	NA
Terriglobus_albidus	SRR6467726	NA
Terriglobus_albidus	SRR6467727	NA
Terriglobus_albidus	SRR6467728	NA
Terriglobus_albidus	SRR6467729	NA
Terriglobus_albidus	SRR6467730	NA
Terriglobus_albidus	SRR6467731	NA
Terriglobus_albidus	SRR6467732	NA
Terriglobus_albidus	SRR6467733	NA
Terriglobus_albidus	SRR6467734	NA
Terriglobus_albidus	SRR6467735	NA
Terriglobus_albidus	SRR6467736	NA
Terriglobus_albidus	SRR6467737	NA
Terriglobus_albidus	SRR6467738	NA
Terriglobus_albidus	SRR6467739	NA
Terriglobus_albidus	SRR6467740	NA
Terriglobus_albidus	SRR6467741	NA
Terriglobus_albidus	SRR6467742	NA
Terriglobus_albidus	SRR6467743	NA
Terriglobus_albidus	SRR6467744	NA
Terriglobus_albidus	SRR6467745	NA
Terriglobus_albidus	SRR6467746	NA
Terriglobus_albidus	SRR6467747	NA
Terriglobus_albidus	SRR6467748	NA
Terriglobus_albidus	SRR6467749	NA
Terriglobus_albidus	SRR6467750	NA
Terriglobus_albidus	SRR6467751	NA
Terriglobus_albidus	SRR6467752	NA
Terriglobus_albidus	SRR6467753	NA
Terriglobus_albidus	SRR6467754	NA
Terriglobus_albidus	SRR6467755	NA
Terriglobus_albidus	SRR6467756	NA
Terriglobus_albidus	SRR6467757	NA
Terriglobus_albidus	SRR6467758	NA
Terriglobus_albidus	SRR6467759	NA
Terriglobus_albidus	SRR6467760	NA
Terriglobus_albidus	SRR6467761	NA
Terriglobus_albidus	SRR6467762	NA
Terriglobus_albidus	SRR6467763	NA
Terriglobus_albidus	SRR6467764	NA
Terriglobus_albidus	SRR6467765	NA
Terriglobus_albidus	SRR6467766	NA
Terriglobus_albidus	SRR6467767	NA
Terriglobus_albidus	SRR6467768	NA
Terriglobus_albidus	SRR6467769	NA
Terriglobus_albidus	SRR6467770	NA
Terriglobus_albidus	SRR6467771	NA
Terriglobus_albidus	SRR6467772	NA
Terriglobus_albidus	SRR6467773	NA
Terriglobus_albidus	SRR6868540	NA
Terriglobus_albidus	SRR6868541	NA
Terriglobus_albidus	SRR6868542	NA
Terriglobus_albidus	SRR6868543	NA
Terriglobus_albidus	SRR6868544	NA
Terriglobus_albidus	SRR6868545	NA
Terriglobus_albidus	SRR6868546	NA
Terriglobus_albidus	SRR6868557	NA
Terriglobus_albidus	SRR6868558	NA
Terriglobus_albidus	SRR6868559	NA
Terriglobus_albidus	SRR6868560	NA
Terriglobus_albidus	SRR6868569	NA
Terriglobus_albidus	SRR6868570	NA
Terriglobus_albidus	SRR6868571	NA
Terriglobus_albidus	SRR6868572	NA
Terriglobus_albidus	SRR6868573	NA
Terriglobus_albidus	SRR6868574	NA
Terriglobus_albidus	SRR6868575	NA
Terriglobus_albidus	SRR6868576	NA
Terriglobus_albidus	SRR6868577	NA
Terriglobus_albidus	SRR6868578	NA
Terriglobus_albidus	SRR6868579	NA
Terriglobus_albidus	SRR6868580	NA
Terriglobus_albidus	SRR6868581	NA
Terriglobus_albidus	SRR6868582	NA
Terriglobus_albidus	SRR6868585	NA
Terriglobus_albidus	SRR6868586	NA
Terriglobus_albidus	SRR6868587	NA
Terriglobus_albidus	SRR6868588	NA
Terriglobus_albidus	SRR6868589	NA
Terriglobus_albidus	SRR6868590	NA
Terriglobus_albidus	SRR6868591	NA
Terriglobus_albidus	SRR6868604	NA
Terriglobus_albidus	SRR6868605	NA
Terriglobus_albidus	SRR6868606	NA
Terriglobus_albidus	SRR6868607	NA
Terriglobus_albidus	SRR6868608	NA
Terriglobus_albidus	SRR6868609	NA
Terriglobus_albidus	SRR6868610	NA
Terriglobus_albidus	SRR6868620	NA
Terriglobus_albidus	SRR6868621	NA
Terriglobus_albidus	SRR6868622	NA
Terriglobus_albidus	SRR6868623	NA
Terriglobus_albidus	SRR6868636	NA
Terriglobus_albidus	SRR6868637	NA
Terriglobus_albidus	SRR6868638	NA
Terriglobus_albidus	SRR6868639	NA
Terriglobus_albidus	SRR6868650	NA
Terriglobus_albidus	SRR6868651	NA
Terriglobus_albidus	SRR6868652	NA
Terriglobus_albidus	SRR6868653	NA
Terriglobus_albidus	SRR6868654	NA
Terriglobus_albidus	SRR6868655	NA
Terriglobus_albidus	SRR6868665	NA
Terriglobus_albidus	SRR6868666	NA
Terriglobus_albidus	SRR6868667	NA
Terriglobus_albidus	SRR6868668	NA
Terriglobus_albidus	SRR6868669	NA
Terriglobus_albidus	SRR6868670	NA
Terriglobus_albidus	SRR6868671	NA
Terriglobus_albidus	SRR6868683	NA
Terriglobus_albidus	SRR6868684	NA
Terriglobus_albidus	SRR6868685	NA
Terriglobus_albidus	SRR6868686	NA
Terriglobus_albidus	SRR6868687	NA
Terriglobus_albidus	SRR6868688	NA
Terriglobus_albidus	SRR6868689	NA
Terriglobus_albidus	SRR6868698	NA
Terriglobus_albidus	SRR6868699	NA
Terriglobus_albidus	SRR6868700	NA
Terriglobus_albidus	SRR6868701	NA
Terriglobus_albidus	SRR6868702	NA
Terriglobus_albidus	SRR6868713	NA
Terriglobus_albidus	SRR6868714	NA
Terriglobus_albidus	SRR6868715	NA
Terriglobus_albidus	SRR6868716	NA
Terriglobus_albidus	SRR6868717	NA
Terriglobus_albidus	SRR6868718	NA
Terriglobus_albidus	SRR6868719	NA
Terriglobus_albidus	SRR6868720	NA
Terriglobus_albidus	SRR6868721	NA
Terriglobus_albidus	SRR6868722	NA
Terriglobus_albidus	SRR6868723	NA
Terriglobus_albidus	SRR6868724	NA
Terriglobus_albidus	SRR6868725	NA
Terriglobus_albidus	SRR6868726	NA
Terriglobus_albidus	SRR6868741	NA
Terriglobus_albidus	SRR7632756	NA
Terriglobus_albidus	SRR7632757	NA
Terriglobus_albidus	SRR7632758	NA
Terriglobus_albidus	SRR7632759	NA
Terriglobus_albidus	SRR7632760	NA
Terriglobus_albidus	SRR7632761	NA
Terriglobus_albidus	SRR7632762	NA
Terriglobus_albidus	SRR7632763	NA
Terriglobus_albidus	SRR7632764	NA
Terriglobus_albidus	SRR7632765	NA
Terriglobus_albidus	SRR7632766	NA
Terriglobus_albidus	SRR7632767	NA
Terriglobus_albidus	SRR7632768	NA
Terriglobus_albidus	SRR7632769	NA
Terriglobus_albidus	SRR7632770	NA
Terriglobus_albidus	SRR7632771	NA
Terriglobus_albidus	SRR7632772	NA
Terriglobus_albidus	SRR7632773	NA
Terriglobus_albidus	SRR7632774	NA
Terriglobus_albidus	SRR7632775	NA
Terriglobus_albidus	SRR7632776	NA
Terriglobus_albidus	SRR7632777	NA
Terriglobus_albidus	SRR7632778	NA
Terriglobus_albidus	SRR7632779	NA
Terriglobus_albidus	SRR7632780	NA
Terriglobus_albidus	SRR7632781	NA
Terriglobus_albidus	SRR7632782	NA
Terriglobus_albidus	SRR7632783	NA
Terriglobus_albidus	SRR7632784	NA
Terriglobus_albidus	SRR7632785	NA
Terriglobus_albidus	SRR7632786	NA
Terriglobus_albidus	SRR7632787	NA
Terriglobus_albidus	SRR7632788	NA
Terriglobus_albidus	SRR7632789	NA
Terriglobus_albidus	SRR7632790	NA
Terriglobus_albidus	SRR7632791	NA
Terriglobus_albidus	SRR7632792	NA
Terriglobus_albidus	SRR7632793	NA
Terriglobus_albidus	SRR7632794	NA
Terriglobus_albidus	SRR7632795	NA
Terriglobus_albidus	SRR7632796	NA
Terriglobus_albidus	SRR7632797	NA
Terriglobus_albidus	SRR7632798	NA
Terriglobus_albidus	SRR7632799	NA
Terriglobus_albidus	SRR7632800	NA
Terriglobus_albidus	SRR7632801	NA
Terriglobus_albidus	SRR7632802	NA
Terriglobus_albidus	SRR7632803	NA
Terriglobus_albidus	SRR7632804	NA
Terriglobus_albidus	SRR7632805	NA
Terriglobus_albidus	SRR7632806	NA
Terriglobus_albidus	SRR7632807	NA
Terriglobus_albidus	SRR7632808	NA
Terriglobus_albidus	SRR7632809	NA
Terriglobus_albidus	SRR7632810	NA
Terriglobus_albidus	SRR7632811	NA
Terriglobus_albidus	SRR7632812	NA
Terriglobus_albidus	SRR7632813	NA
Terriglobus_albidus	SRR7632814	NA
Terriglobus_albidus	SRR7632815	NA
Terriglobus_albidus	SRR7632816	NA
Terriglobus_albidus	SRR7632817	NA
Terriglobus_albidus	SRR7632818	NA
Terriglobus_albidus	SRR7632819	NA
Terriglobus_albidus	SRR7632820	NA
Terriglobus_albidus	SRR7632821	NA
Terriglobus_albidus	SRR7632822	NA
Terriglobus_albidus	SRR7632823	NA
Terriglobus_albidus	SRR7632824	NA
Terriglobus_albidus	SRR7632825	NA
Terriglobus_albidus	SRR7632826	NA
Terriglobus_albidus	SRR7632827	NA
Terriglobus_albidus	SRR7632828	NA
Terriglobus_albidus	SRR7632829	NA
Terriglobus_albidus	SRR7632830	NA
Terriglobus_albidus	SRR7632831	NA
Terriglobus_albidus	SRR7632832	NA
Terriglobus_albidus	SRR7632833	NA
Terriglobus_albidus	SRR7632834	NA
Terriglobus_albidus	SRR7632835	NA
Terriglobus_albidus	SRR7632836	NA
Terriglobus_albidus	SRR7632837	NA
Terriglobus_albidus	SRR7632838	NA
Terriglobus_albidus	SRR7632839	NA
Terriglobus_albidus	SRR7632840	NA
Terriglobus_albidus	SRR7632841	NA
Terriglobus_albidus	SRR7632842	NA
Terriglobus_albidus	SRR7632843	NA
Terriglobus_albidus	SRR7632844	NA
Terriglobus_albidus	SRR7632845	NA
Terriglobus_albidus	SRR7632846	NA
Terriglobus_albidus	SRR7632847	NA
Terriglobus_albidus	SRR7632848	NA
Terriglobus_albidus	SRR7632849	NA
Terriglobus_albidus	SRR7632850	NA
Terriglobus_albidus	SRR7632851	NA
Terriglobus_albidus	SRR7632852	NA
Terriglobus_albidus	SRR7632853	NA
Terriglobus_albidus	SRR7632854	NA
Terriglobus_albidus	SRR7632855	NA
Terriglobus_albidus	SRR7632856	NA
Terriglobus_albidus	SRR7632857	NA
Terriglobus_albidus	SRR7632858	NA
Terriglobus_albidus	SRR7632859	NA
Terriglobus_albidus	SRR7632860	NA
Terriglobus_albidus	SRR7632861	NA
Terriglobus_albidus	SRR7632862	NA
Terriglobus_albidus	SRR7632863	NA
Terriglobus_albidus	SRR7632864	NA
Terriglobus_albidus	SRR7632865	NA
Terriglobus_albidus	SRR7632866	NA
Terriglobus_albidus	SRR7632867	NA
Terriglobus_albidus	SRR7632868	NA
Terriglobus_albidus	SRR7632869	NA
Terriglobus_albidus	SRR7632870	NA
Terriglobus_albidus	SRR7632871	NA
Terriglobus_albidus	SRR7632872	NA
Terriglobus_albidus	SRR7632873	NA
Terriglobus_albidus	SRR7632874	NA
Terriglobus_albidus	SRR7632875	NA
Terriglobus_albidus	SRR7632876	NA
Terriglobus_albidus	SRR7632877	NA
Terriglobus_albidus	SRR7632878	NA
Terriglobus_albidus	SRR7632879	NA
Terriglobus_albidus	SRR7632880	NA
Terriglobus_albidus	SRR7632881	NA
Terriglobus_albidus	SRR7632882	NA
Terriglobus_albidus	SRR7632883	NA
Terriglobus_albidus	SRR7632884	NA
Terriglobus_albidus	SRR7632885	NA
Terriglobus_albidus	SRR7632886	NA
Terriglobus_albidus	SRR7632887	NA
Terriglobus_albidus	SRR7632888	NA
Terriglobus_albidus	SRR7632889	NA
Terriglobus_albidus	SRR7632890	NA
Terriglobus_albidus	SRR7632891	NA
Terriglobus_albidus	SRR7632892	NA
Terriglobus_albidus	SRR7632893	NA
Terriglobus_albidus	SRR7632894	NA
Terriglobus_albidus	SRR7632895	NA
Terriglobus_albidus	SRR7632896	NA
Terriglobus_albidus	SRR7632897	NA
Terriglobus_albidus	SRR7632898	NA
Terriglobus_albidus	SRR7632899	NA
Terriglobus_albidus	SRR7632900	NA
Terriglobus_albidus	SRR7632901	NA
Terriglobus_albidus	SRR7632902	NA
Terriglobus_albidus	SRR7632903	NA
Terriglobus_albidus	SRR7632904	NA
Terriglobus_albidus	SRR7632905	NA
Terriglobus_albidus	SRR7632906	NA
Terriglobus_albidus	SRR7632907	NA
Terriglobus_albidus	SRR7632908	NA
Terriglobus_albidus	SRR7632909	NA
Terriglobus_albidus	SRR7632910	NA
Terriglobus_albidus	SRR7632911	NA
Terriglobus_albidus	SRR7632912	NA
Terriglobus_albidus	SRR7632913	NA
Terriglobus_albidus	SRR7632914	NA
Terriglobus_albidus	SRR7632915	NA
Terriglobus_albidus	SRR7632916	NA
Terriglobus_albidus	SRR7632917	NA
Terriglobus_albidus	SRR7632918	NA
Terriglobus_albidus	SRR7632919	NA
Terriglobus_albidus	SRR7632920	NA
Terriglobus_albidus	SRR7632921	NA
Terriglobus_albidus	SRR7632922	NA
Terriglobus_albidus	SRR7632923	NA
Terriglobus_albidus	SRR7632924	NA
Terriglobus_albidus	SRR7632925	NA
Terriglobus_albidus	SRR7632926	NA
Terriglobus_albidus	SRR7632927	NA
Terriglobus_albidus	SRR7632928	NA
Terriglobus_albidus	SRR7632929	NA
Terriglobus_albidus	SRR7632930	NA
Terriglobus_albidus	SRR7632931	NA
Terriglobus_albidus	SRR7632932	NA
Terriglobus_albidus	SRR7632933	NA
Terriglobus_albidus	SRR7632934	NA
Terriglobus_albidus	SRR7632935	NA
Terriglobus_albidus	SRR7632936	NA
Terriglobus_albidus	SRR7632937	NA
Terriglobus_albidus	SRR7632938	NA
Terriglobus_albidus	SRR7632939	NA
Terriglobus_albidus	SRR7632940	NA
Terriglobus_albidus	SRR7632941	NA
Terriglobus_albidus	SRR7632942	NA
Terriglobus_albidus	SRR7632943	NA
Terriglobus_albidus	SRR7632944	NA
Terriglobus_albidus	SRR7632945	NA
Terriglobus_albidus	SRR8928966	NA
Terriglobus_albidus	SRR8928967	NA
Terriglobus_albidus	SRR8928968	NA
Terriglobus_albidus	SRR8928969	NA
Terriglobus_albidus	SRR8928970	NA
Terriglobus_albidus	SRR8928971	NA
Terriglobus_albidus	SRR8928972	NA
Terriglobus_albidus	SRR8928973	NA
Terriglobus_albidus	SRR8928974	NA
Terriglobus_albidus	SRR8928975	NA
Terriglobus_albidus	SRR8928976	NA
Terriglobus_albidus	SRR8928977	NA
Terriglobus_albidus	SRR8928978	NA
Terriglobus_albidus	SRR8928979	NA
Terriglobus_albidus	SRR8928980	NA
Terriglobus_albidus	SRR8928981	NA
Terriglobus_albidus	SRR8928982	NA
Terriglobus_albidus	SRR8928983	NA
Terriglobus_albidus	SRR8928984	NA
Terriglobus_albidus	SRR8928985	NA
Terriglobus_albidus	SRR8928986	NA
Terriglobus_albidus	SRR8928987	NA
Terriglobus_albidus	SRR8928988	NA
Terriglobus_albidus	SRR8928989	NA
Terriglobus_albidus	SRR8928990	NA
Terriglobus_albidus	SRR8928991	NA
Terriglobus_albidus	SRR9835604	NA
Terriglobus_albidus	SRR9835605	NA
Terriglobus_albidus	SRR9835606	NA
Terriglobus_albidus	SRR9835607	NA
Terriglobus_albidus	SRR9835608	NA
Terriglobus_albidus	SRR9835609	NA
Terriglobus_albidus	SRR9835610	NA
Terriglobus_albidus	SRR9835611	NA
Terriglobus_albidus	SRR9835612	NA
Terriglobus_albidus	SRR9835613	NA
Terriglobus_albidus	SRR9835614	NA
Terriglobus_albidus	SRR9835615	NA
Terriglobus_albidus	SRR9835616	NA
Terriglobus_albidus	SRR9835617	NA
Terriglobus_albidus	SRR9835618	NA
Terriglobus_albidus	SRR9835619	NA
Terriglobus_albidus	SRR9835620	NA
Terriglobus_albidus	SRR9835621	NA
Terriglobus_albidus	SRR9835622	NA
Terriglobus_albidus	SRR9835623	NA
Terriglobus_albidus	SRR9835624	NA
Terriglobus_albidus	SRR9835625	NA
Terriglobus_albidus	SRR9835626	NA
Terriglobus_albidus	SRR9835627	NA
Terriglobus_albidus	SRR9835628	NA
Terriglobus_albidus	SRR9835629	NA
Terriglobus_albidus	SRR9835630	NA
Terriglobus_albidus	SRR9835631	NA
Terriglobus_albidus	SRR9835632	NA
Terriglobus_albidus	SRR9835633	NA
Terriglobus_albidus	SRR9835634	NA
Terriglobus_albidus	SRR9835635	NA
Terriglobus_albidus	SRR9835636	NA
Terriglobus_albidus	SRR9835637	NA
Terriglobus_albidus	SRR9835638	NA
Terriglobus_albidus	SRR9835639	NA
Terriglobus_albidus	SRR9835640	NA
Terriglobus_albidus	SRR9835641	NA
Terriglobus_albidus	SRR9835642	NA
Terriglobus_albidus	SRR9835643	NA
Terriglobus_albidus	SRR9835644	NA
Terriglobus_albidus	SRR9835645	NA
Terriglobus_albidus	SRR9835646	NA
Terriglobus_albidus	SRR9835647	NA
Terriglobus_albidus	SRR9835648	NA
Terriglobus_albidus	SRR9835649	NA
Terriglobus_albidus	SRR9835650	NA
Terriglobus_albidus	SRR9835651	NA
Terriglobus_albidus	SRR9835652	NA
Terriglobus_albidus	SRR9835653	NA
Terriglobus_albidus	SRR9835654	NA
Terriglobus_albidus	SRR9835655	NA
Terriglobus_albidus	SRR9835656	NA
Terriglobus_albidus	SRR9835657	NA
Terriglobus_albidus	SRR9835658	NA
Terriglobus_albidus	SRR9835659	NA
Terriglobus_albidus	SRR9835660	NA
Terriglobus_albidus	SRR9835661	NA
Terriglobus_albidus	SRR9835662	NA
Terriglobus_albidus	SRR9835663	NA
Terriglobus_albidus	SRR9835664	NA
Terriglobus_albidus	SRR9835665	NA
Terriglobus_albidus	SRR9835666	NA
Terriglobus_albidus	SRR9835667	NA
Terriglobus_albidus	SRR9835668	NA
Terriglobus_albidus	SRR9835669	NA
Terriglobus_albidus	SRR9835670	NA
Terriglobus_albidus	SRR9835671	NA
Terriglobus_albidus	SRR9835672	NA
Terriglobus_albidus	SRR9835673	NA
Terriglobus_albidus	SRR9835674	NA
Terriglobus_albidus	SRR9835675	NA
Terriglobus_albidus	SRR9835676	NA
Terriglobus_albidus	SRR9835677	NA
Terriglobus_albidus	SRR9835678	NA
Terriglobus_albidus	SRR9835679	NA
Terriglobus_albidus	SRR9835680	NA
Terriglobus_albidus	SRR9835681	NA
Terriglobus_albidus	SRR9835682	NA
Terriglobus_albidus	SRR9835683	NA
Terriglobus_albidus	SRR9835684	NA
Terriglobus_albidus	SRR9835685	NA
Terriglobus_albidus	SRR9835686	NA
Terriglobus_albidus	SRR9835687	NA
Terriglobus_albidus	SRR9835688	NA
Terriglobus_albidus	SRR9835689	NA
Terriglobus_albidus	SRR9835690	NA
Terriglobus_albidus	SRR9835691	NA
Terriglobus_albidus	SRR9835692	NA
Terriglobus_albidus	SRR9835693	NA
Terriglobus_albidus	SRR9835694	NA
Terriglobus_albidus	SRR9835695	NA
Terriglobus_albidus	SRR9835696	NA
Terriglobus_albidus	SRR9835697	NA
Terriglobus_albidus	SRR9835698	NA
Terriglobus_albidus	SRR9835699	NA
Terriglobus_albidus	SRR9835700	NA
Terriglobus_albidus	SRR9835701	NA
Terriglobus_albidus	SRR9835702	NA
Terriglobus_albidus	SRR9835703	NA
Terriglobus_albidus	SRR9835704	NA
Terriglobus_albidus	SRR9835705	NA
Terriglobus_albidus	SRR9835706	NA
Terriglobus_albidus	SRR9835707	NA
Terriglobus_albidus	SRR9835708	NA
Terriglobus_albidus	SRR9835709	NA
Terriglobus_albidus	SRR9835710	NA
Terriglobus_albidus	SRR9835711	NA
Terriglobus_albidus	SRR9835712	NA
Terriglobus_albidus	SRR9835713	NA
Terriglobus_albidus	SRR9835714	NA
Terriglobus_albidus	SRR9835715	NA
Terriglobus_albidus	SRR9835716	NA
Terriglobus_albidus	SRR9835717	NA
Terriglobus_albidus	SRR9835718	NA
Terriglobus_albidus	SRR9835719	NA
Terriglobus_albidus	SRR9835720	NA
Terriglobus_albidus	SRR9835721	NA
Terriglobus_albidus	SRR9835722	NA
Terriglobus_albidus	SRR9835723	NA
Terriglobus_albidus	SRR9835724	NA
Terriglobus_albidus	SRR9835725	NA
Terriglobus_albidus	SRR9835726	NA
Terriglobus_albidus	SRR9835727	NA
Terriglobus_albidus	SRR9835728	NA
Terriglobus_albidus	SRR9835729	NA
Terriglobus_albidus	SRR9835730	NA
Terriglobus_albidus	SRR9835731	NA
Terriglobus_albidus	SRR9835732	NA
Terriglobus_albidus	SRR9835733	NA
Terriglobus_albidus	SRR9835734	NA
Terriglobus_albidus	SRR9835735	NA
Terriglobus_albidus	SRR9835736	NA
Terriglobus_albidus	SRR9835737	NA
Terriglobus_albidus	SRR9835738	NA
Terriglobus_albidus	SRR9835739	NA
Terriglobus_albidus	SRR9835740	NA
Terriglobus_albidus	SRR9835741	NA
Terriglobus_albidus	SRR9835742	NA
Terriglobus_albidus	SRR9835743	NA
Terriglobus_albidus	SRR9835744	NA
Terriglobus_albidus	SRR9835745	NA
Terriglobus_albidus	SRR9835746	NA
Terriglobus_albidus	SRR9835747	NA
Terriglobus_albidus	SRR9835748	NA
Terriglobus_albidus	SRR9835749	NA
Terriglobus_albidus	SRR9835750	NA
Terriglobus_albidus	SRR9835751	NA
Terriglobus_albidus	SRR9835752	NA
Terriglobus_albidus	SRR9835753	NA
Terriglobus_albidus	SRR9835754	NA
Terriglobus_albidus	SRR9835755	NA
Terriglobus_albidus	SRR9835756	NA
Terriglobus_albidus	SRR9835757	NA
Terriglobus_albidus	SRR9835758	NA
Terriglobus_albidus	SRR9835759	NA
Terriglobus_albidus	SRR9835760	NA
Terriglobus_albidus	SRR9835761	NA
Terriglobus_albidus	SRR9835762	NA
Terriglobus_albidus	SRR9835763	NA
Terriglobus_albidus	SRR9835764	NA
Terriglobus_albidus	SRR9835765	NA
Terriglobus_albidus	SRR9835766	NA
Terriglobus_albidus	SRR9835767	NA
Terriglobus_albidus	SRR9835768	NA
Terriglobus_albidus	SRR9835769	NA
Terriglobus_albidus	SRR9835770	NA
Terriglobus_albidus	SRR9835771	NA
Terriglobus_albidus	SRR9835772	NA
Terriglobus_albidus	SRR9835773	NA
Terriglobus_albidus	SRR9835774	NA
Terriglobus_albidus	SRR9835775	NA
Terriglobus_albidus	SRR9835776	NA
Terriglobus_albidus	SRR9835777	NA
Terriglobus_albidus	SRR9835778	NA
Terriglobus_albidus	SRR9835779	NA
Terriglobus_albidus	SRR9835780	NA
Terriglobus_albidus	SRR9835781	NA
Terriglobus_albidus	SRR9835782	NA
Terriglobus_albidus	SRR9835783	NA
Terriglobus_albidus	SRR9835784	NA
Terriglobus_albidus	SRR9835785	NA
Terriglobus_albidus	SRR9835786	NA
Terriglobus_albidus	SRR9835787	NA
Terriglobus_albidus	SRR9835788	NA
Terriglobus_albidus	SRR9835789	NA
Terriglobus_albidus	SRR9835790	NA
Terriglobus_albidus	SRR9835791	NA
Terriglobus_albidus	SRR9835792	NA
Terriglobus_albidus	SRR9835793	NA
Terriglobus_albidus	SRR9835794	NA
Terriglobus_albidus	SRR9835795	NA
Terriglobus_albidus	SRR9835796	NA
Terriglobus_albidus	SRR9835797	NA
Terriglobus_albidus	SRR9835798	NA
Terriglobus_albidus	SRR9835799	NA
Terriglobus_albidus	SRR9835800	NA
Terriglobus_albidus	SRR9835801	NA
Terriglobus_albidus	SRR9835802	NA
Terriglobus_albidus	SRR9867812	2.1529941943996396
Terriglobus_albidus	SRR9867813	1.1020396562740746
Terriglobus_albidus	SRR9867814	0.7364214810924771
Terriglobus_albidus	SRR9867815	1.2157080170768058
Terriglobus_albidus	SRR9867816	1.0239775863712817
Terriglobus_albidus	SRR9867817	0.7385517420797729
Terriglobus_albidus	SRR9867818	1.0759035571995321
Terriglobus_albidus	SRR9867819	4.298788780208984
Terriglobus_albidus	SRR9867820	2.0432159755750083
Terriglobus_albidus	SRR9867821	1.096717715680603
Terriglobus_albidus	SRR9867822	1.1164069548230822
Terriglobus_albidus	SRR9867823	1.0134393782009459
Terriglobus_albidus	SRR9867824	7.740494480133737
Terriglobus_albidus	SRR9867825	1.099953950568973
Terriglobus_albidus	SRR9867826	2.054642213728704
Terriglobus_albidus	SRR9867827	1.0786781838010795
Terriglobus_albidus	SRR9867828	0.7220781693183485
Terriglobus_albidus	SRR9867829	1.0712772936759596
Terriglobus_albidus	SRR9867830	1.0976269484967829
Terriglobus_albidus	SRR9867831	1.0481147905841997
Terriglobus_albidus	SRR9879292	NA
Terriglobus_albidus	SRR9879293	NA
Terriglobus_albidus	SRR9879294	NA
Terriglobus_albidus	SRR9879295	NA
Terriglobus_albidus	SRR9879296	NA
Terriglobus_albidus	SRR9879297	NA
Terriglobus_albidus	SRR9879298	NA
Terriglobus_albidus	SRR9879299	NA
Terriglobus_albidus	SRR9879300	NA
Terriglobus_albidus	SRR9879301	NA
Terriglobus_albidus	SRR9879302	NA
Terriglobus_albidus	SRR9879303	NA
Terriglobus_albidus	SRR9879304	NA
Terriglobus_albidus	SRR9879305	NA
Terriglobus_albidus	SRR9879306	NA
Terriglobus_albidus	SRR9879307	NA
Terriglobus_albidus	SRR9879308	NA
Terriglobus_albidus	SRR9879309	NA
Terriglobus_albidus	T50_307	1.102092006476012
Terriglobus_albidus	T50_313	1.172076923899624
Terriglobus_albidus	T50_317	1.5456055702452498
Terriglobus_albidus	T50_324	1.0174861902626822
Terriglobus_albidus	T50_427	1.2355256909978407
Terriglobus_albidus	T50_428	1.2332225073516185
Terriglobus_albidus	T50_431	1.2366721543910948
Terriglobus_albidus	T50_436	1.2470864040381697
Terriglobus_albidus	T50_476	1.2085062961205917
Terriglobus_albidus	UN_307	0.9534125586713283
Terriglobus_albidus	UN_313	1.03568654444311
Terriglobus_albidus	UN_317	0.6686055316202731
Terriglobus_albidus	UN_324	1.0225129867920197
Terriglobus_albidus	UN_427	1.2315484571030648
Terriglobus_albidus	UN_428	1.1834248220996775
Terriglobus_albidus	UN_431	1.203077489030243
Terriglobus_albidus	UN_436	1.2227960883966429
Terriglobus_albidus	UN_476	1.2366721543910948
