Gene	sample	counts
AC007229.3	CM317	1.0496947053399786
AC007229.3	CMCD140	3.027855612005116
AC007229.3	CMCD147	1.0387377232738804
AC007229.3	CMCD152	3
AC007229.3	CMCD154	2.0194058527664662
AC007229.3	CMCD159	1.0826308846263835
AC007229.3	CMCD161	1.0030637444667863
AC007229.3	CMCD174	1.0883603953024104
AC007229.3	CMCD196	6.053240869585037
AC007229.3	CMCD198	2.055857131299828
AC007229.3	CMCD203	1.0031790985514153
AC007229.3	CMCD211	0.8015566318744244
AC007229.3	CMCD227	1.6385904013167316
AC007229.3	CMCD240	0.9256708984213363
AC007229.3	CMCD259	2
AC007229.3	CMCD270	1.005170859507078
AC007229.3	CMCD275	1.0084289351631328
AC007229.3	CMCD282	2.0254165820326278
AC007229.3	CMCD286	0.9360259523322331
AC007229.3	CMCD287	2
AC007229.3	CMCD294	1.061130699852429
AC007229.3	CMCD327	1.0050818994069226
AC007229.3	CMCD335	5.0232734882948895
AC007229.3	CMCD337	1.0066357688747274
AC007229.3	CMCD357	2.0407352435574997
AC007229.3	CMCD398	1.0058055966749162
AC007229.3	CMCD403	3.021395870286054
AC007229.3	CMCD422	1.002086827591817
AC007229.3	CMCD426	1.109996027604914
AC007229.3	CMCD71	2.0126513097784158
AC007229.3	CMCD72	1.1440405671509037
AC007229.3	CMCD76	1.0022671640812284
AC007229.3	CMCD88	3.0005398828258563
AC007229.3	CMSA256	1
AC007229.3	CMSA316	1.0080145694811098
AC007229.3	CMUC110	2
AC007229.3	CMUC192	1.0131538458119358
AC007229.3	CMUC199	1.0266064941522361
AC007229.3	CMUC200	1.0023284588262065
AC007229.3	CMUC208	3.007330304002928
AC007229.3	CMUC231	1
AC007229.3	CMUC234	2
AC007229.3	CMUC285	1.0109066424484112
AC007229.3	CMUC291	2.0131211845560077
AC007229.3	CMUC295	1.0009001286274537
AC007229.3	CMUC299	2.0058278607852222
AC007229.3	CMUC301	1.0005399799895063
AC007229.3	CMUC307	1.0027530595094736
AC007229.3	CMUC313	1.0406199795536664
AC007229.3	CMUC314	1.0531743294773983
AC007229.3	CMUC323	1.0232441215691963
AC007229.3	CMUC324	1.0009001286274537
AC007229.3	CMUC331	1.008979678815539
AC007229.3	CMUC333	1.0226855040011238
AC007229.3	CMUC334	2.0295275562385857
AC007229.3	CMUC346	1.0107140402598958
AC007229.3	CMUC352	1.0059528932594937
AC007229.3	CMUC360	2.0025208138048822
AC007229.3	CMUC363	1.0255367303100333
AC007229.3	CMUC365	1.0065437279509373
AC007229.3	CMUC366	1.0032749335441427
AC007229.3	CMUC368	1
AC007229.3	CMUC377	2.0081174605660173
AC007229.3	CMUC379	2.1329031052805147
AC007229.3	CMUC380	1.0176874450837656
AC007229.3	CMUC383	7.096488368136533
AC007229.3	CMUC394	1.007265338334756
AC007229.3	CMUC419	1.024221051989512
AC007229.3	CMUC427	2
AC007229.3	CMUC428	1.0062427879425755
AC007229.3	CMUC431	2.003663400276565
AC007229.3	CMUC435	1.0048874606535836
AC007229.3	CMUC439	1.0063179408035714
AC007229.3	CMUC89	1
AC007229.3	CS219	1.002447533024164
AC007229.3	CS256	1.0022671640812284
AC007229.3	CS257	1.089979985878173
AC007229.3	CS259	2.003058464951177
AC007229.3	CS261	1.0227433496373879
AC007229.3	CS266	1.0344406863242126
AC007229.3	CS270	1.0125793616529746
AC007229.3	CS277	0.9435200946202956
AC007229.3	CS288	1.0089179773327999
AC007229.3	CS290	1.007935358827293
AC007229.3	CS292	1.0136016438843358
AC007229.3	CS293	1.0159883878434666
AC007229.3	CS301	1.0255014806521223
AC007229.3	CS306	1.0369877958728642
AC007229.3	CS308	1.0254014198472583
AC007229.3	CS315	1.0265836055430344
AC007229.3	CS317	1.0691022518554174
AC007229.3	CS322	2.026335580330931
AC007229.3	CS327	1.0046854175679107
AC007229.3	CS328	1.0532227797951625
AC007229.3	CS330	1.0732794536999326
AC007229.3	CS331	1.0183441621534113
AC007229.3	CS335	1.5135975718021115
AC007229.3	CS338	3.0883510879468483
AC007229.3	CS339	1.1642104248974183
AC007229.3	CS343	2.0158626490990965
AC007229.3	CS344	2.027370294316445
AC007229.3	CS350	1.021809713154857
AC007229.3	CS351	1.0082169227776983
AC007229.3	CS361	1.0231543575157043
AC007229.3	CS388	1.0331387058791355
AC007229.3	CS396	1.010589221555441
AC007229.3	CS405	1.023931692107002
AC007229.3	CS415	1.0725849893611923
AC007229.3	CS424	1.0352517578472156
AC007229.3	IM293	1.005276670296832
AC007229.3	IM296	1.064463289332191
AC007229.3	IM297	1.0944885764691814
AC007229.3	IM300	2
AC007229.3	IM305	1.0098834104700367
AC007229.3	IM309	1.0649644397817766
AC007229.3	IM310	2.026754677059159
AC007229.3	IM311	1.0123286697107707
AC007229.3	IM316	2.01006865667472
AC007229.3	IM320	1.0454213547260982
AC007229.3	IM330	1.01011866810866
AC007229.3	IM332	1.0290904121726339
AC007229.3	IM340	1.0535879064802887
AC007229.3	IM348	1.034853198121328
AC007229.3	IM354	1.007131956762018
AC007229.3	IM356	1.007966474352951
AC007229.3	IM364	1.016813207554994
AC007229.3	IM372	1.9580024960611264
AC007229.3	IM374	1.0474599361127908
AC007229.3	IM376	1.014079534585469
AC007229.3	IM381	1.0123114121679178
AC007229.3	IM382	2.0615362122906893
AC007229.3	IM385	1
AC007229.3	IM390	1.0273630104120455
AC007229.3	IM397	1.0111260044482688
AC007229.3	IM404	2.0057329238683876
AC007229.3	IM409	1.0056553730873352
AC007229.3	IM412	1
AC007229.3	IM421	1.0155577247460867
AC007229.3	IM425	1.0520033799095727
AC007229.3	IM432	1.0393271099875068
AC007229.3	IM438	1
AC007229.3	IM442	1.0408884293487235
AC007229.3	IM445	1.0112874661338156
AC007229.3	IM448	1.021809713154857
AC007229.3	IM449	2.016645585161011
AC007229.3	IM451	1.005112632378651
AC007229.3	IMSA256	2.0081109844914873
AC007229.3	IMSA276	1
AC007229.3	IMSA286	1
AC007229.3	IMSA343	1.0123997266953233
AC007229.3	IS_238	1
AC007229.3	IS238	1.0231829932737517
AC007229.3	IS243	2
AC007229.3	IS253	3
AC007229.3	IS283	1
AC007229.3	IS322	2.0206263735940655
AC007229.3	IS399	1.0069400737425076
AC007229.3	IS418	1.0908267191361551
AC007229.3	IS430	1.0818719286848866
AC007229.3	IS437	1.0791582738983603
AC007229.3	IS444	1.0366814403266558
AC007229.3	R276CMSA	1.061719097392973
AC007229.3	R286CMSA	1
AC007229.3	R292CMSA	1.0041473056389194
AC007229.3	R292IMSA	1.073657155188672
AC007229.3	R308CMSA	1.06717128675431
AC007229.3	R316IMSA	1.0192539459593348
AC007229.3	R347CMSA	1.063497692354949
AC007229.3	R347IMSA	2.1243962936057543
AC007229.3	R371CMSA	1.003980508346738
AC007229.3	SRR10104064	1.1094515272513297
AC007229.3	SRR10104065	1.0058572527884204
AC007229.3	SRR10104066	1.0187395055126454
AC007229.3	SRR10104067	1.023057146473477
AC007229.3	SRR10104068	1.0046558594156214
AC007229.3	SRR10104069	1.0114572698828992
AC007229.3	SRR10104070	1.0293904998541934
AC007229.3	SRR10104071	1.1606052908522344
AC007229.3	SRR10104072	2.1397749691914307
AC007229.3	SRR10104073	1.044654039124863
AC007229.3	SRR10104074	1.095822342836796
AC007229.3	SRR10104075	1.1510100695372476
AC007229.3	SRR10104076	1.0276547583233047
AC007229.3	SRR10104077	1.100777777658168
AC007229.3	SRR10104078	1.0414272361609767
AC007229.3	SRR10104079	4.358028542923734
AC007229.3	SRR10104080	1.121518162035866
AC007229.3	SRR10104081	1.0158440725472526
AC007229.3	SRR10104082	1.0822514404163561
AC007229.3	SRR10104083	1.0631988390336564
AC007229.3	SRR10104084	1.067846735357961
AC007229.3	SRR10104085	1.0222173271187234
AC007229.3	SRR10104086	1.024784508800748
AC007229.3	SRR10104087	1.0032000079380652
AC007229.3	SRR10104088	1.0091134916012459
AC007229.3	SRR10104089	1.1347456128596176
AC007229.3	SRR10104090	1.0263035277348909
AC007229.3	SRR10104091	1.0420863331254986
AC007229.3	SRR10104092	1.0127338855518124
AC007229.3	SRR10104093	1.034297644620457
AC007229.3	SRR10104094	1.0340224493748036
AC007229.3	SRR10104095	1.0540616053506102
AC007229.3	SRR10104096	1.145718575159829
AC007229.3	SRR10104097	1.0631209277390947
AC007229.3	SRR10104098	2.0595235559633864
AC007229.3	SRR10104099	1.0474771062612767
AC007229.3	SRR10104100	2.0581282055604424
AC007229.3	SRR10104101	1.0055761585433334
AC007229.3	SRR10104102	1.0153169306923229
AC007229.3	SRR10104103	1.05208117298879
AC007229.3	SRR10104104	1.0154976077084612
AC007229.3	SRR10104105	1.0808351888270706
AC007229.3	SRR10104106	1.1304558697538387
AC007229.3	SRR10104107	2.01915121399258
AC007229.3	SRR10104108	1.0068572159530078
AC007229.3	SRR10104109	1.1183964997691782
AC007229.3	SRR10104110	1.1898566945611233
AC007229.3	SRR10104111	1.0327102204719922
AC007229.3	SRR10104112	1.186621143391241
AC007229.3	SRR10104113	1.0358394085966935
AC007229.3	SRR10104114	1.1728061185225533
AC007229.3	SRR10104115	1.14422200397898
AC007229.3	SRR10104116	1.0467296948207412
AC007229.3	SRR10104117	1.038848634824914
AC007229.3	SRR10104118	1.143352850751477
AC007229.3	SRR10104119	1.1898188257203337
AC007229.3	SRR10104120	1.0270705483762537
AC007229.3	SRR10104121	1.0817747165060128
AC007229.3	SRR10104122	1.0894989096112995
AC007229.3	SRR10104123	1.082048079369872
AC007229.3	SRR10104124	1.1164136874736872
AC007229.3	SRR10104125	1.0998082352268765
AC007229.3	SRR10104126	1.0394547176893827
AC007229.3	SRR10104127	1.1858382433832468
AC007229.3	SRR10104128	1.0287766983431799
AC007229.3	SRR10104129	1.026295765603751
AC007229.3	SRR10104130	1.041146918346077
AC007229.3	SRR10104131	1.0113290464541402
AC007229.3	SRR10104132	1.007213437136861
AC007229.3	SRR10104133	1.1637684274221152
AC007229.3	SRR10104134	1.0301069188305016
AC007229.3	SRR10104135	1.100806080320317
AC007229.3	SRR10104136	1.015016246826139
AC007229.3	SRR10104137	1.107740379806039
AC007229.3	SRR10104138	1.195501466366171
AC007229.3	SRR10104139	1.011356708865119
AC007229.3	SRR10104140	1.1423063013482577
AC007229.3	SRR10104141	1.059516503163875
AC007229.3	SRR10104142	1.0513197704930992
AC007229.3	SRR10104143	2.0163568006131327
AC007229.3	SRR10104144	1.0594651714413874
AC007229.3	SRR10104145	1.0623428698869635
AC007229.3	SRR10104146	1.009621630502804
AC007229.3	SRR10104147	1.001709468619657
AC007229.3	SRR10104148	1.0516475471177122
AC007229.3	SRR10104149	3.1402349700156216
AC007229.3	SRR10104150	1.0116270753464878
AC007229.3	SRR10104151	1.0076559805417438
AC007229.3	SRR10104152	1.0056216750483238
AC007229.3	SRR10104153	1.1019297495172091
AC007229.3	SRR10104154	1.0305255485236042
AC007229.3	SRR10104155	1.0878745919585404
AC007229.3	SRR10104156	1.0040587302830086
AC007229.3	SRR10104157	1.048915508528946
AC007229.3	SRR10104158	1.020515544249276
AC007229.3	SRR10104159	1.0126004669704767
AC007229.3	SRR10104160	1.1246452493735022
AC007229.3	SRR10104161	1.0017262519502124
AC007229.3	SRR10104162	1.0203379943833408
AC007229.3	SRR10104163	1.0300988116116585
AC007229.3	SRR10104164	1.0196346259197715
AC007229.3	SRR10104165	2.0765457851948943
AC007229.3	SRR10104166	1.0407462625761652
AC007229.3	SRR10104167	1.0225819466033605
AC007229.3	SRR10104168	1.028619155105796
AC007229.3	SRR10104169	1.0246876051078921
AC007229.3	SRR10104170	1.0300621533967607
AC007229.3	SRR10104171	2.0479548907673593
AC007229.3	SRR10104172	1.0338434316089917
AC007229.3	SRR10104173	1.0603886751096372
AC007229.3	SRR10104174	1.0338308135451142
AC007229.3	SRR10104175	1.0224777066753272
AC007229.3	SRR10104176	1.02249117212648
AC007229.3	SRR10104177	1.0253301392642815
AC007229.3	SRR10104178	1.0384147366527665
AC007229.3	SRR10104179	1.0346450273897643
AC007229.3	SRR10104180	1.0219501836121274
AC007229.3	SRR10104181	1.0267665308530658
AC007229.3	SRR10104182	1.035134385886849
AC007229.3	SRR10104183	1.0476481310619528
AC007229.3	SRR10104184	1.0212735079721074
AC007229.3	SRR10104185	1.063606994083587
AC007229.3	SRR10104186	1.0329452604392448
AC007229.3	SRR10104187	1.0769831789043174
AC007229.3	SRR10104188	1.0538655428853925
AC007229.3	SRR10104189	1.0595562598302013
AC007229.3	SRR10104190	1.1456942406975419
AC007229.3	SRR10104191	1.1375415852920412
AC007229.3	SRR10104192	1.026052966107226
AC007229.3	SRR10104193	3.119527197243705
AC007229.3	SRR10104194	1.0428799048858834
AC007229.3	SRR10104195	1.041874169755153
AC007229.3	SRR10104196	1.0406484493629597
AC007229.3	SRR10104197	1.016827778198725
AC007229.3	SRR10104198	4.10338369630098
AC007229.3	SRR10104199	1.0822812473676409
AC007229.3	SRR10104200	1.0353416618928366
AC007229.3	SRR10104201	1.0262034008940275
AC007229.3	SRR10104202	1.0661565199682426
AC007229.3	SRR10104203	1.0226367394548255
AC007229.3	SRR10104204	1.0313459546081654
AC007229.3	SRR10104205	1.0268650017331544
AC007229.3	SRR10104206	1.0287660812770658
AC007229.3	SRR10104207	1.0327220098173928
AC007229.3	SRR10104208	1.0176351169212208
AC007229.3	SRR10104209	1.0231628517195777
AC007229.3	SRR10104210	1.0263049337229564
AC007229.3	SRR10104211	1.0187630485926629
AC007229.3	SRR10104212	3.0562629378948816
AC007229.3	SRR10104213	1.058921503370994
AC007229.3	SRR10104214	1.0299744390521086
AC007229.3	SRR10104215	1.0107140402598958
AC007229.3	SRR10104216	4.242560682382624
AC007229.3	SRR10104217	3.07474172482926
AC007229.3	SRR10104218	1.0636360366675373
AC007229.3	SRR10104219	1.0633498186525099
AC007229.3	SRR10104220	1.03511691930575
AC007229.3	SRR10104221	2.1744727206071786
AC007229.3	SRR10104222	1.0381384685659298
AC007229.3	SRR10104223	1.1766327257469633
AC007229.3	SRR10104224	3.0761553202003284
AC007229.3	SRR10104225	10.314165053623716
AC007229.3	SRR10104226	1.0388893560726131
AC007229.3	SRR10104227	2.149877231471794
AC007229.3	SRR10104228	3.3567361687470254
AC007229.3	SRR10104229	2.0743355503959324
AC007229.3	SRR10104230	1.101165214661461
AC007229.3	SRR10104231	1.0760855121352966
AC007229.3	SRR10104232	1.0597726421651714
AC007229.3	SRR10104233	1.0718133708527031
AC007229.3	SRR10104234	5.116794278054339
AC007229.3	SRR10104235	3.130810443317382
AC007229.3	SRR10104236	1.0093078766201782
AC007229.3	SRR10104237	1.0184909964241078
AC007229.3	SRR10104238	1.0703034082552154
AC007229.3	SRR10104239	1.0611784078973197
AC007229.3	SRR10104240	1.0723812048685664
AC007229.3	SRR10104241	1.0400598513679928
AC007229.3	SRR10104242	1.063845639897752
AC007229.3	SRR10104243	1.06730685614599
AC007229.3	SRR10104244	1.039511551636178
AC007229.3	SRR10104245	1.040779809770632
AC007229.3	SRR10104246	1.1058002069903252
AC007229.3	SRR10104247	1.0564288046419525
AC007229.3	SRR10104248	1.0740857704182307
AC007229.3	SRR10104249	1.0271816644146015
AC007229.3	SRR10104250	1.153013547676236
AC007229.3	SRR10104251	1.0466047478518792
AC007229.3	SRR10104252	1.1796947867396619
AC007229.3	SRR10104253	1.0961853754741664
AC007229.3	SRR10104254	1.0372141130641137
AC007229.3	SRR10104255	1.0309957549391915
AC007229.3	SRR10104256	1.0293845436631004
AC007229.3	SRR10104257	1.037517112746005
AC007229.3	SRR10104258	2.061585346478319
AC007229.3	SRR10224277	8.195338450324142
AC007229.3	SRR10224278	1.0926635070500108
AC007229.3	SRR10224279	1.089250843220296
AC007229.3	SRR10224280	1.0227917534671278
AC007229.3	SRR10224281	1.0161102598101706
AC007229.3	SRR10224282	3.150527184629828
AC007229.3	SRR10224283	1.042245924204279
AC007229.3	SRR10224284	1.1092008744415571
AC007229.3	SRR10224285	1.1279661106950958
AC007229.3	SRR10224286	1.0254224279077875
AC007229.3	SRR10224287	2.067606820919416
AC007229.3	SRR10224288	1.0962707234129587
AC007229.3	SRR10224289	2.1870094369756035
AC007229.3	SRR10224290	1.095529172881304
AC007229.3	SRR10224291	1.0312113499898703
AC007229.3	SRR10224292	8.094865524262381
AC007229.3	SRR10224293	2.0612385207116226
AC007229.3	SRR10224294	1.0580047935764523
AC007229.3	SRR10224295	1.0860783600082067
AC007229.3	SRR10224296	1.0547229540206002
AC007229.3	SRR10224297	1.1274808217665389
AC007229.3	SRR10224298	1.0332224020270313
AC007229.3	SRR10318388	1.007335826080517
AC007229.3	SRR10318389	3.014110237713593
AC007229.3	SRR10318390	1.0123022113887696
AC007229.3	SRR10318391	1.011851664163083
AC007229.3	SRR10318392	2.0277106532845823
AC007229.3	SRR10318393	2.0056167365879425
AC007229.3	SRR10318394	1.0131779337217366
AC007229.3	SRR10318395	2.008833812614677
AC007229.3	SRR10318396	1.0079492911740628
AC007229.3	SRR10318397	1.0058194995827097
AC007229.3	SRR10318398	2.006849603089067
AC007229.3	SRR10318399	2.100214891604035
AC007229.3	SRR10318400	1.0147756454841836
AC007229.3	SRR10318401	2.007210757633995
AC007229.3	SRR10318402	4.016834861464046
AC007229.3	SRR10318403	4.019236696617848
AC007229.3	SRR10318404	4.0069050078008495
AC007229.3	SRR10318405	3.00720995801771
AC007229.3	SRR10318406	1.0045332833268676
AC007229.3	SRR10318407	1.0098124708404557
AC007229.3	SRR10318408	2.0060053972103584
AC007229.3	SRR10318409	2.006305051878886
AC007229.3	SRR10318410	1.0040554922457436
AC007229.3	SRR10318411	5.018182875147754
AC007229.3	SRR10318412	5.0241300470980965
AC007229.3	SRR10318413	2.0076333638644592
AC007229.3	SRR10318414	1.0058946208297335
AC007229.3	SRR10318415	1.006478060580776
AC007229.3	SRR10318416	1.009901553775856
AC007229.3	SRR10318417	1.0071565815090566
AC007229.3	SRR10318418	3.0112412663683554
AC007229.3	SRR10318419	2.0079674922843656
AC007229.3	SRR10318420	1.0018010674864533
AC007229.3	SRR10318421	1.0047436199473785
AC007229.3	SRR10318422	3.0062604827754513
AC007229.3	SRR10318423	3.004413648893549
AC007229.3	SRR10318424	1.002086827591817
AC007229.3	SRR10318425	1.0064830045107445
AC007229.3	SRR10318426	1.0953414278907072
AC007229.3	SRR10318427	2.216036447540312
AC007229.3	SRR10318428	3.0039552326033747
AC007229.3	SRR10318429	1.0039837461421828
AC007229.3	SRR10318430	1.0085997241808262
AC007229.3	SRR10318431	2.0103002474432623
AC007229.3	SRR10318432	1.0016788397052576
AC007229.3	SRR10318433	1.2750020383966563
AC007229.3	SRR10318434	1.0030469387273355
AC007229.3	SRR10318435	1.00593898850787
AC007229.3	SRR10318436	1.0027334775314678
AC007229.3	SRR10318437	4.002880152427062
AC007229.3	SRR10318438	3.0037812207073236
AC007229.3	SRR10318439	1.0041002874283278
AC007229.3	SRR10318440	2.031467747563749
AC007229.3	SRR10318441	1.002760904831865
AC007229.3	SRR10318442	3.08589912241753
AC007229.3	SRR10318443	3.0068333573227184
AC007229.3	SRR10318444	3.0254683216407665
AC007229.3	SRR10318445	3.0361495213289524
AC007229.3	SRR10318446	3.011849429974691
AC007229.3	SRR10318447	1.0104267982146213
AC007229.3	SRR10318448	2.0138248157103735
AC007229.3	SRR10318449	3.0062604827754513
AC007229.3	SRR10318450	1.0051877008321608
AC007229.3	SRR10318451	2
AC007229.3	SRR10318452	2.01251339378703
AC007229.3	SRR10318453	1.0198040239242185
AC007229.3	SRR10318454	1.0047509679775968
AC007229.3	SRR10318455	1.0060173630328704
AC007229.3	SRR10318456	6.039363553668023
AC007229.3	SRR10318457	1.001546012786343
AC007229.3	SRR10318458	1.0126930617379193
AC007229.3	SRR10318459	1.006445823745561
AC007229.3	SRR10318460	3.011899892575025
AC007229.3	SRR10318461	2.0070272299489207
AC007229.3	SRR10318462	1.006666549360023
AC007229.3	SRR10318463	2.0061888314564427
AC007229.3	SRR10318464	1.0061954567107265
AC007229.3	SRR10318465	3.002700385882361
AC007229.3	SRR10318466	3.0281112283832234
AC007229.3	SRR10318467	2.010121901593185
AC007229.3	SRR10318468	2.019468624265647
AC007229.3	SRR10318469	2.0070272299489207
AC007229.3	SRR10318470	5
AC007229.3	SRR10318471	5
AC007229.3	SRR10318472	2.0088001557929234
AC007229.3	SRR10318473	2.0077496679700353
AC007229.3	SRR10318474	3.012534030099097
AC007229.3	SRR10318475	4.015989318911429
AC007229.3	SRR10318476	1.0035749859475067
AC007229.3	SRR10318495	6.006481509344408
AC007229.3	SRR10318496	3.026416344867412
AC007229.3	SRR10318497	8.043762529846614
AC007229.3	SRR10318498	2.0018002572549074
AC007229.3	SRR10318499	5.005027449262184
AC007229.3	SRR10318500	2.011461553446734
AC007229.3	SRR10318501	2.0096520188392386
AC007229.3	SRR10318502	3.0016199399685184
AC007229.3	SRR10318503	2.0036021349729065
AC007229.3	SRR10318504	1.006604989330596
AC007229.3	SRR10318505	3.0016199399685184
AC007229.3	SRR10318506	1.0119197753671667
AC007229.3	SRR10318507	1.0119742595178156
AC007229.3	SRR10318508	2.0619368910168445
AC007229.3	SRR10318509	3.0205307810234756
AC007229.3	SRR10318510	1.007927987508717
AC007229.3	SRR10318511	1.0012604069024411
AC007229.3	SRR10318512	1.00761712043278
AC007229.3	SRR10318513	3.0099168337896858
AC007229.3	SRR10318514	1.0045976621199102
AC007229.3	SRR10318515	3.035791826375897
AC007229.3	SRR10318516	3.017776135957548
AC007229.3	SRR10318517	1.0026279344264644
AC007229.3	SRR10318518	3.0215193927739556
AC007229.3	SRR10318519	3.0141576755981263
AC007229.3	SRR10318520	2.0039627051004136
AC007229.3	SRR10318521	1.00361925131193
AC007229.3	SRR10318522	2.0027316121052943
AC007229.3	SRR10318523	2.004534328162457
AC007229.3	SRR10318524	2.0153492452333106
AC007229.3	SRR10318525	1.0061984068651417
AC007229.3	SRR10318526	2.0130323943671526
AC007229.3	SRR10318527	2.0007199085396894
AC007229.3	SRR10318528	1.0025362599557612
AC007229.3	SRR10318529	1.0022671640812284
AC007229.3	SRR10318530	1.0067403310744534
AC007229.3	SRR10318531	1.0089179773327999
AC007229.3	SRR10318532	3.024761093195654
AC007229.3	SRR10318533	1.0231907162447254
AC007229.3	SRR10318534	1.0175665606361486
AC007229.3	SRR10318535	1.0154976077084612
AC007229.3	SRR10318536	1.0040554922457436
AC007229.3	SRR10318537	1.0108415032166953
AC007229.3	SRR10318538	1.0018317001382826
AC007229.3	SRR10318539	1.0072166853583673
AC007229.3	SRR10318540	1.0054502276354615
AC007229.3	SRR10318541	2.0141809784742475
AC007229.3	SRR10318542	1.0080340885316075
AC007229.3	SRR10318543	2.020015725098208
AC007229.3	SRR10318544	1.0024781854433447
AC007229.3	SRR10318545	1.0086306245764651
AC007229.3	SRR10318546	2.0028811893368133
AC007229.3	SRR10318547	2.0079060953760157
AC007229.3	SRR10318548	3.014519696360737
AC007229.3	SRR10318549	3.020625749566663
AC007229.3	SRR10318568	1.003152525939443
AC007229.3	SRR10318569	1.000825380374255
AC007229.3	SRR10318570	3.031906787762416
AC007229.3	SRR10318571	3.0024761411227656
AC007229.3	SRR10318572	5.023754839887984
AC007229.3	SRR10318573	2.0029424325956993
AC007229.3	SRR10318574	3.007292212826914
AC007229.3	SRR10318575	2.0093941419130177
AC007229.3	SRR10318576	2.008614160073185
AC007229.3	SRR10318577	2.005794254326413
AC007229.3	SRR10318578	2.0018002572549074
AC007229.3	SRR10318579	2.006305051878886
AC007229.3	SRR10318580	4.0054632242105885
AC007229.3	SRR10318581	2
AC007229.3	SRR10875803	1.6223001878179908
AC007229.3	SRR10875804	1.6580996061423157
AC007229.3	SRR10875805	0.5194067188592751
AC007229.3	SRR10875806	4.315706117413962
AC007229.3	SRR10875807	0.9606906001395203
AC007229.3	SRR10875808	0.9089334807779137
AC007229.3	SRR10875809	0.6322609572630693
AC007229.3	SRR10875810	1.807292781683554
AC007229.3	SRR10875812	1
AC007229.3	SRR10875813	0.8096197169317331
AC007229.3	SRR10875814	1.0039973297278573
AC007229.3	SRR10875815	2
AC007229.3	SRR10875816	3
AC007229.3	SRR10875817	0.7672308450228666
AC007229.3	SRR10875818	0.7224371096255142
AC007229.3	SRR10875819	1
AC007229.3	SRR10875820	1.2403560717765731
AC007229.3	SRR10875821	2.8429315057559243
AC007229.3	SRR10875822	2.040239063288017
AC007229.3	SRR10875823	2
AC007229.3	SRR10875824	0.6032339772747456
AC007229.3	SRR10875825	1.0017568823143634
AC007229.3	SRR10875826	1.6836656287361058
AC007229.3	SRR10875827	1.9130945881280104
AC007229.3	SRR10875829	0.7509930762994443
AC007229.3	SRR10875830	1
AC007229.3	SRR10875831	2.0071434989405845
AC007229.3	SRR10875832	1
AC007229.3	SRR10875834	2.0066725798407297
AC007229.3	SRR10875835	1
AC007229.3	SRR10875836	1.8750348534628665
AC007229.3	SRR10875837	0.8027033939846714
AC007229.3	SRR10875838	2
AC007229.3	SRR10875839	0.7386586543325293
AC007229.3	SRR10875840	0.8122515331036163
AC007229.3	SRR10875841	1.0038166819322296
AC007229.3	SRR10875842	0.6930808109926465
AC007229.3	SRR10875843	2.205186787090755
AC007229.3	SRR10875844	0.7998780887339916
AC007229.3	SRR10875845	1.8009546751183771
AC007229.3	SRR10875846	1.0677796220453688
AC007229.3	SRR10875847	0.5018026894084987
AC007229.3	SRR10875848	4
AC007229.3	SRR10875849	1.9221163115396647
AC007229.3	SRR10875850	1.000179960941952
AC007229.3	SRR10875851	0.8712448993588919
AC007229.3	SRR10875852	1.61369138674419
AC007229.3	SRR10875853	2.004384627472826
AC007229.3	SRR10875854	1.6771277253840282
AC007229.3	SRR10875855	1.457737015032085
AC007229.3	SRR10875856	2.020441918737141
AC007229.3	SRR10875857	0.5786171871917298
AC007229.3	SRR10875858	2.7920968340567005
AC007229.3	SRR10875859	2
AC007229.3	SRR10875860	0.6526066699460261
AC007229.3	SRR10875861	0.5900856293905553
AC007229.3	SRR10875862	1.1593623561847113
AC007229.3	SRR10875863	1.0054141363639215
AC007229.3	SRR10875864	2
AC007229.3	SRR10875865	0.8428758251468422
AC007229.3	SRR10875866	1.4812171196218542
AC007229.3	SRR10875867	1.9158804606407667
AC007229.3	SRR10875868	1.8420590371729382
AC007229.3	SRR10875869	2
AC007229.3	SRR10875870	0.6740919321963792
AC007229.3	SRR10875871	1.000179960941952
AC007229.3	SRR10875872	1.166122844588776
AC007229.3	SRR10875873	0.8034134029872585
AC007229.3	SRR10875874	1.1679221714345243
AC007229.3	SRR10875875	0.9855354753510438
AC007229.3	SRR10875876	2
AC007229.3	SRR10875877	1.610755260501707
AC007229.3	SRR10875878	1.0079184714668268
AC007229.3	SRR10875879	3
AC007229.3	SRR10875880	1.0039973297278573
AC007229.3	SRR10875881	1.5544783823386505
AC007229.3	SRR10875882	2
AC007229.3	SRR10875883	2.012875567593067
AC007229.3	SRR10875884	2.9144720000396176
AC007229.3	SRR10875885	1.0018317001382826
AC007229.3	SRR10875886	1.0075249897799072
AC007229.3	SRR10875887	1
AC007229.3	SRR10875888	1.0282214633828897
AC007229.3	SRR10875889	1.0022324206205542
AC007229.3	SRR10875890	1.002192313736413
AC007229.3	SRR10875891	2
AC007229.3	SRR10875892	0.99319450088856
AC007229.3	SRR10875893	2
AC007229.3	SRR10875894	1.0370118615419222
AC007229.3	SRR10875895	1
AC007229.3	SRR10875896	2.0201589259152826
AC007229.3	SRR10875897	1.002553057138948
AC007229.3	SRR10875898	1.8915997191727465
AC007229.3	SRR10875899	0.8960758603955238
AC007229.3	SRR10875900	4.014942143643844
AC007229.3	SRR10875901	1.002192313736413
AC007229.3	SRR10875902	2.0092207732508656
AC007229.3	SRR12430469	3
AC007229.3	SRR12430470	0.8481658221594904
AC007229.3	SRR12430471	1.940009746587262
AC007229.3	SRR12430472	0.9602840264742334
AC007229.3	SRR12430473	2
AC007229.3	SRR12430474	0.6778864310961553
AC007229.3	SRR12430475	0.6500601847372958
AC007229.3	SRR12430476	1
AC007229.3	SRR12765534	1
AC007229.3	SRR12765535	2.0052558688529287
AC007229.3	SRR12765536	1.0046411051794415
AC007229.3	SRR12765537	1.0041780100330324
AC007229.3	SRR12765538	1.0342071735617993
AC007229.3	SRR12765539	1.031033395135802
AC007229.3	SRR12765540	2.006250175855019
AC007229.3	SRR12765541	2.0189695810739763
AC007229.3	SRR12765542	2
AC007229.3	SRR12765543	1.0162479978865846
AC007229.3	SRR12765544	2.0230494632193
AC007229.3	SRR12765545	5.04640570833332
AC007229.3	SRR12765546	1.0301733653815839
AC007229.3	SRR12765547	3.0241378110521904
AC007229.3	SRR12765548	1.0204417187083
AC007229.3	SRR12765549	3.0228262103984553
AC007229.3	SRR12765550	2.080125669769976
AC007229.3	SRR12765551	1.0135684904494011
AC007229.3	SRR12765552	1.0414272361609767
AC007229.3	SRR12765553	1.0443243125938797
AC007229.3	SRR12765554	1.031834253706366
AC007229.3	SRR12765555	1.0207139403659764
AC007229.3	SRR12765556	2.03072847282759
AC007229.3	SRR12765557	2.020975227343613
AC007229.3	SRR12765558	2.102990480207401
AC007229.3	SRR12765559	1.0019065235500912
AC007229.3	SRR12765560	1.0189547489838953
AC007229.3	SRR12765561	1.0028390317466211
AC007229.3	SRR12765562	2.030966888504124
AC007229.3	SRR12765563	3.021885016959537
AC007229.3	SRR12765564	2.004173655183634
AC007229.3	SRR12765565	2.0085060173655385
AC007229.3	SRR12765566	2.0141934992332144
AC007229.3	SRR12765567	1.0132187770818522
AC007229.3	SRR12765568	1.010279036701863
AC007229.3	SRR12765569	1.0114801175682104
AC007229.3	SRR12765570	1.0071209247328885
AC007229.3	SRR12765571	1.0111765551056255
AC007229.3	SRR12765572	1.006584008974975
AC007229.3	SRR12765573	1.0342120344840695
AC007229.3	SRR12765574	1.0069401334995287
AC007229.3	SRR12765575	1.0239395312536899
AC007229.3	SRR12765576	1.0248346620898081
AC007229.3	SRR12765577	1.0456385621694768
AC007229.3	SRR12765578	1.0151006524935662
AC007229.3	SRR12765579	1.0083832915957769
AC007229.3	SRR12765580	1.0113445817462805
AC007229.3	SRR12765581	1.015899942750325
AC007229.3	SRR12765582	1.0010054898524368
AC007229.3	SRR12765583	2.0174883535943464
AC007229.3	SRR12765584	1.0124182712247378
AC007229.3	SRR12765585	2.0219921162011896
AC007229.3	SRR12765586	3.0158300108904963
AC007229.3	SRR12765587	3.035162253092433
AC007229.3	SRR12765588	1.0069509600211282
AC007229.3	SRR12765589	2.0362318657735075
AC007229.3	SRR12765590	1.029304711338354
AC007229.3	SRR12765591	1.0277391727573009
AC007229.3	SRR12765592	1.0165332338111508
AC007229.3	SRR12765593	2.0167196660822824
AC007229.3	SRR12765594	1.0232318310975639
AC007229.3	SRR12765595	2.023434976567854
AC007229.3	SRR12765596	2.0088206093172727
AC007229.3	SRR12765597	2.016162035466421
AC007229.3	SRR12765598	1.0071752143448685
AC007229.3	SRR12765599	1.0030637444667863
AC007229.3	SRR12765600	1.0429920540407125
AC007229.3	SRR12765601	2.0435752281143436
AC007229.3	SRR12765602	1.0086614062004455
AC007229.3	SRR12765603	1.0098244476189677
AC007229.3	SRR12765604	3.024412896956978
AC007229.3	SRR12765605	1.0076754926485763
AC007229.3	SRR12765606	3.039813525019304
AC007229.3	SRR12765607	1.008593218827847
AC007229.3	SRR12765608	2.0177131503721406
AC007229.3	SRR12765609	2.0096101322854496
AC007229.3	SRR12765610	1.0087569538235717
AC007229.3	SRR12765611	3.0165254229633067
AC007229.3	SRR12765612	1.0045394681954278
AC007229.3	SRR12765613	1.00593898850787
AC007229.3	SRR12765614	1.0046759321397467
AC007229.3	SRR12765615	2.018317365233558
AC007229.3	SRR12765616	2.0122465258621274
AC007229.3	SRR12765617	1.0084894405469222
AC007229.3	SRR12765618	2.0463651648357133
AC007229.3	SRR12765619	1.0217630104420437
AC007229.3	SRR12765620	1.0080003107853246
AC007229.3	SRR12765621	1.0025837127848007
AC007229.3	SRR12765622	1.0218357740976558
AC007229.3	SRR12765623	2
AC007229.3	SRR12765624	1.0039625262912164
AC007229.3	SRR12765625	1.0082543784817941
AC007229.3	SRR12765626	1.0049530838846117
AC007229.3	SRR12765627	1.0005399799895063
AC007229.3	SRR12765628	1.0416041512779368
AC007229.3	SRR12765629	5.16096338758247
AC007229.3	SRR12765630	1.0017568823143634
AC007229.3	SRR12765631	1.0059866023975144
AC007229.3	SRR12765632	1.0065683082237227
AC007229.3	SRR12765633	1.0193139826231485
AC007229.3	SRR12765634	1.0054407349865786
AC007229.3	SRR12765635	2.0462294142698476
AC007229.3	SRR12765636	1.0122042835346428
AC007229.3	SRR12765637	1.0354033667153832
AC007229.3	SRR12765638	1
AC007229.3	SRR12765639	2.0618849962337755
AC007229.3	SRR12765640	3.0151029850120796
AC007229.3	SRR12765641	1.0187981972446098
AC007229.3	SRR12765642	1.002447533024164
AC007229.3	SRR12765643	4.055913513515664
AC007229.3	SRR12765644	1.0035749859475067
AC007229.3	SRR12765645	2.0570702848294458
AC007229.3	SRR12765646	3.0204507719876905
AC007229.3	SRR12765647	1.0290114300454762
AC007229.3	SRR12765648	1.011871601394981
AC007229.3	SRR12765649	1.0494646804633012
AC007229.3	SRR12765650	1.0180274394060935
AC007229.3	SRR12765651	1.028219710920449
AC007229.3	SRR12765652	1.010584658765189
AC007229.3	SRR12774664	1.0053041671599932
AC007229.3	SRR12774665	1.0134052600429255
AC007229.3	SRR12774666	1.0106554920283504
AC007229.3	SRR12774667	2.029854462894126
AC007229.3	SRR12774668	1.0531044481489285
AC007229.3	SRR12774669	1.0184124073990244
AC007229.3	SRR12774670	1.0489095745502544
AC007229.3	SRR12774671	1.0483423562302514
AC007229.3	SRR12774672	2.012369586999972
AC007229.3	SRR12774673	1.0142142606674132
AC007229.3	SRR12774674	1.0242203683654911
AC007229.3	SRR12774675	1.0343842942005177
AC007229.3	SRR12774676	2.0130874559018745
AC007229.3	SRR12774677	2.021766250383456
AC007229.3	SRR12774678	1.043754043143823
AC007229.3	SRR12774679	1.0232632446385574
AC007229.3	SRR12774680	2.0280976981246917
AC007229.3	SRR12774681	1.008705895915066
AC007229.3	SRR12774682	1.010589221555441
AC007229.3	SRR12774683	1.007131661704458
AC007229.3	SRR12774684	1.005286161396734
AC007229.3	SRR12774685	2.0147366141322745
AC007229.3	SRR12774686	1.0179757410447914
AC007229.3	SRR12774687	1.029309138639411
AC007229.3	SRR1609360	2.0986068474161597
AC007229.3	SRR1609361	1.025908504185614
AC007229.3	SRR1609362	1.0680988542222165
AC007229.3	SRR1609363	1.0073745093898177
AC007229.3	SRR1609364	1.0085688845855312
AC007229.3	SRR1609365	1.0143165793620785
AC007229.3	SRR1609366	1.0056861235945007
AC007229.3	SRR1609367	1.0026726659196274
AC007229.3	SRR1609368	1.0055560678333126
AC007229.3	SRR1609369	1.0009001286274537
AC007229.3	SRR1609370	1.002086827591817
AC007229.3	SRR1609371	3.0903430727907804
AC007229.3	SRR1609372	2.001440076213531
AC007229.3	SRR1609373	1.007497432173284
AC007229.3	SRR1609374	2.0052558688529287
AC007229.3	SRR1609375	1.0065256999862005
AC007229.3	SRR1609376	1.016088421058133
AC007229.3	SRR1609377	2.010572322793468
AC007229.3	SRR1609378	1.017406841761654
AC007229.3	SRR1609379	2.0036021349729065
AC007229.3	SRR1609380	1.0158653061982168
AC007229.3	SRR1609381	1.0007200381067656
AC007229.3	SRR1609382	1.01426559739414
AC007229.3	SRR1609383	1.0104290785566081
AC007229.3	SRR1609384	2.0192830727646167
AC007229.3	SRR1609385	2.0146728341175435
AC007229.3	SRR1609386	2.013209978661192
AC007229.3	SRR1609387	1.0073913876363687
AC007229.3	SRR1609388	1.012676094664956
AC007229.3	SRR1609389	1.0025224024304422
AC007229.3	SRR1609390	1.0128241006838015
AC007229.3	SRR1609391	2.1272505634359313
AC007229.3	SRR1609392	1.0154386556086927
AC007229.3	SRR1609393	1.04478101167958
AC007229.3	SRR1609394	1.0276985045907725
AC007229.3	SRR1609395	1.0054817166017682
AC007229.3	SRR1609396	2.0021605031148026
AC007229.3	SRR1609397	2.0290620272151787
AC007229.3	SRR1609398	1.0046103866254328
AC007229.3	SRR1609399	2.007618681469423
AC007229.3	SRR1609400	1.002192313736413
AC007229.3	SRR1609401	1.0106596239587748
AC007229.3	SRR1609402	1.0044644481525995
AC007229.3	SRR1609403	1.0031693334479748
AC007229.3	SRR1609404	1.0119457665502067
AC007229.3	SRR1609405	2.013201747953875
AC007229.3	SRR1609406	1.0039364414686416
AC007229.3	SRR1609407	3.00689343295549
AC007229.3	SRR1609408	1.0077848171459254
AC007229.3	SRR1609409	1.0185880328867178
AC007229.3	SRR1609410	1
AC007229.3	SRR1609411	1.0525644977244093
AC007229.3	SRR1609412	2
AC007229.3	SRR1609413	1.9208657602145933
AC007229.3	SRR1609414	1.001620814861132
AC007229.3	SRR1609415	1.000179960941952
AC007229.3	SRR1609416	2.0052558688529287
AC007229.3	SRR1609417	3.0201328532584086
AC007229.3	SRR1609418	1.0014405946684066
AC007229.3	SRR1609419	2.009748498193186
AC007229.3	SRR1609420	1.004672692112038
AC007229.3	SRR1609421	1.0064410295165898
AC007229.3	SRR1609422	1.016487712556713
AC007229.3	SRR1609423	2.107770888706861
AC007229.3	SRR1609424	1.0787454114562254
AC007229.3	SRR1609425	1.001620814861132
AC007229.3	SRR1609426	2.0094404921287046
AC007229.3	SRR1609427	1.0051433662901192
AC007229.3	SRR1609428	1.0086302692225169
AC007229.3	SRR1609429	1.0012604069024411
AC007229.3	SRR1609430	2.008197823719105
AC007229.3	SRR1609431	1.0073246414522423
AC007229.3	SRR1609432	1.001501838863628
AC007229.3	SRR1609433	3.0246746186167344
AC007229.3	SRR1609434	1.0150033277731985
AC007229.3	SRR1609435	3.0134349975664634
AC007229.3	SRR1609436	1.0032401551492713
AC007229.3	SRR1609437	1.0214548244785666
AC007229.3	SRR1609438	3.096850042933929
AC007229.3	SRR1609439	2.0294027157471723
AC007229.3	SRR1609440	1.0025224024304422
AC007229.3	SRR1609441	2.004534328162457
AC007229.3	SRR1609442	2.0144055262760356
AC007229.3	SRR1609443	3.025891873729395
AC007229.3	SRR1609444	3.0016199399685184
AC007229.3	SRR1609445	1.0035077604181182
AC007229.3	SRR1609446	3.0330096469901116
AC007229.3	SRR1609447	1.2338363336906928
AC007229.3	SRR1609448	3.0264683096383913
AC007229.3	SRR1609449	3.007434556330034
AC007229.3	SRR1609450	1.002042629816068
AC007229.3	SRR1609451	1.0128607888336665
AC007229.3	SRR1609452	1.2632705659263332
AC007229.3	SRR1609453	1.0018317001382826
AC007229.3	SRR1609454	1.0160098618742288
AC007229.3	SRR1609455	1.2516237980743048
AC007229.3	SRR1609456	1.0048325501063176
AC007229.3	SRR1609457	1.0065683082237227
AC007229.3	SRR1609458	1.240500376538707
AC007229.3	SRR1609459	1.003891653595596
AC007229.3	SRR1609460	1.0096415363823084
AC007229.3	SRR1609461	1.0016820700779165
AC007229.3	SRR1609462	2.007388416459746
AC007229.3	SRR1609463	1.0064345380869446
AC007229.3	SRR1609464	1.0111087674076973
AC007229.3	SRR1609465	1.0119474539360775
AC007229.3	SRR1609466	1.1215996409238542
AC007229.3	SRR1609467	1.0119457665502067
AC007229.3	SRR1609468	2.0033310028448224
AC007229.3	SRR1609469	3.0005398828258563
AC007229.3	SRR1609470	1.0048260094196193
AC007229.3	SRR1609471	1.002106396941657
AC007229.3	SRR1609472	2.1741547328229904
AC007229.3	SRR1609473	2.114973198797288
AC007229.3	SRR1609474	1.002553057138948
AC007229.3	SRR1609475	1.0217687791754089
AC007229.3	SRR1609476	0.9533092125603889
AC007229.3	SRR1609477	1.0056437263698823
AC007229.3	SRR1609478	2.045996365882715
AC007229.3	SRR1609479	2.020777287324627
AC007229.3	SRR1609480	6
AC007229.3	SRR1609481	1.0104258199753007
AC007229.3	SRR1609482	2.0072721332806
AC007229.3	SRR1609483	2.009045275462199
AC007229.3	SRR1609484	1.0079009294287338
AC007229.3	SRR1609485	2.0018002572549074
AC007229.3	SRR1609486	2.0064885135261568
AC007229.3	SRR1609487	1.003891653595596
AC007229.3	SRR1609488	2.0028811893368133
AC007229.3	SRR1609489	1.002192313736413
AC007229.3	SRR1609490	1.0163926080188865
AC007229.3	SRR1609491	1.0035263257491491
AC007229.3	SRR1609492	1
AC007229.3	SRR1609493	1.0044698249429356
AC007229.3	SRR1609494	1.005934875877056
AC007229.3	SRR1609495	2.0044648412411084
AC007229.3	SRR1609496	2.00165076074851
AC007229.3	SRR1609497	1.0009001286274537
AC007229.3	SRR1609498	1.0003599542698447
AC007229.3	SRR1609499	1.0020974473736823
AC007229.3	SRR1609500	1.0017262519502124
AC007229.3	SRR1609501	3.0038511008865716
AC007229.3	SRR1609502	1.012926575887802
AC007229.3	SRR1609503	1.2571824597395216
AC007229.3	SRR1609504	2
AC007229.3	SRR1609505	1
AC007229.3	SRR1609506	1.0196933955833136
AC007229.3	SRR1609507	1.006044880155854
AC007229.3	SRR1609508	2.0010799599790126
AC007229.3	SRR1609509	1.0063277365563505
AC007229.3	SRR1609510	1.0056036635982566
AC007229.3	SRR1609511	1.036975445845237
AC007229.3	SRR1609512	1.0033056112632286
AC007229.3	SRR1609513	3.009602055827516
AC007229.3	SRR1609514	1.0495788046288395
AC007229.3	SRR1609515	4.007925410200827
AC007229.3	SRR1609516	1.0041780100330324
AC007229.3	SRR1609517	1.022496948951921
AC007229.3	SRR1609518	1.001620814861132
AC007229.3	SRR1609519	1.0016788397052576
AC007229.3	SRR1609520	1.0789502444393222
AC007229.3	SRR1609521	2.003233439769048
AC007229.3	SRR1609522	1.0240545069445746
AC007229.3	SRR1609523	3.014202401909144
AC007229.3	SRR1609524	1.016716170089433
AC007229.3	SRR1609525	1.0055187761067101
AC007229.3	SRR1609526	1.0203729733474096
AC007229.3	SRR1609527	1
AC007229.3	SRR1609528	2.0173098008992487
AC007229.3	SRR1609529	1.0253301392642815
AC007229.3	SRR1609530	1.0047952852118593
AC007229.3	SRR1609531	1.003794007351424
AC007229.3	SRR1609532	2.0144120226502014
AC007229.3	SRR1609533	1.03822663399045
AC007229.3	SRR1609534	1.0012910230221785
AC007229.3	SRR1609535	1.0442329013337999
AC007229.3	SRR1609536	2.0215237603320357
AC007229.3	SRR1609537	2.0076865442741987
AC007229.3	SRR1609538	2
AC007229.3	SRR1609539	2.0123885863474693
AC007229.3	SRR1609540	3
AC007229.3	SRR1609541	1.1002496061772749
AC007229.3	SRR1609542	2.004684040032724
AC007229.3	SRR1609543	2.004023981429434
AC007229.3	SRR1609544	1.0058458481595676
AC007229.3	SRR1609545	0.4196399895470789
AC007229.3	SRR1609546	2
AC007229.3	SRR1609547	2.010341719014156
AC007229.3	SRR1609548	2.035994514160894
AC007229.3	SRR1609549	2.021391875203379
AC007229.3	SRR1609550	3
AC007229.3	SRR1609551	2.0226222043335036
AC007229.3	SRR1609552	1.0044644481525995
AC007229.3	SRR1609553	2.005222271977506
AC007229.3	SRR1609554	1.0090402771254097
AC007229.3	SRR1609555	1.0034386715434078
AC007229.3	SRR1609556	1.0221686455571868
AC007229.3	SRR1609557	2.012608651642361
AC007229.3	SRR1609558	1.0042943593727842
AC007229.3	SRR1609559	1.0424968298454986
AC007229.3	SRR1609560	1.0071216685573643
AC007229.3	SRR1609561	1.0025394930935652
AC007229.3	SRR1609562	1.0009887185978241
AC007229.3	SRR1609563	3.0133933444577985
AC007229.3	SRR1609564	1.0009001286274537
AC007229.3	SRR1609565	1.0247858558816332
AC007229.3	SRR1609566	2.006699729492319
AC007229.3	SRR1609567	1.2581113184722956
AC007229.3	SRR1609568	2
AC007229.3	SRR1609569	3
AC007229.3	SRR1609570	3.05329963596711
AC007229.3	SRR1609571	1.024176000194289
AC007229.3	SRR1609572	1.0132366280807228
AC007229.3	SRR1609573	3.0594926457834615
AC007229.3	SRR1609574	1.0051093909426065
AC007229.3	SRR1609575	2.1465064432834318
AC007229.3	SRR1609576	2.0079674922843656
AC007229.3	SRR1609577	1.004201371301441
AC007229.3	SRR1609578	1.0017663401829568
AC007229.3	SRR1609579	1.006701382721769
AC007229.3	SRR1609580	1.007678742360192
AC007229.3	SRR1609581	1.0418042391137226
AC007229.3	SRR1609582	1.0082780243695308
AC007229.3	SRR1609583	1.0357598428330377
AC007229.3	SRR1609584	1.002011990714717
AC007229.3	SRR1609585	3.002650077414318
AC007229.3	SRR1609586	1.077969249642432
AC007229.3	SRR1609587	2.0240098135119347
AC007229.3	SRR1609588	1.0134052600429255
AC007229.3	SRR1609589	1.0026279344264644
AC007229.3	SRR1609590	2.0005704927148478
AC007229.3	SRR1609591	3.0098124954147543
AC007229.3	SRR1609592	1.0068449730033533
AC007229.3	SRR1609593	1.005535917850999
AC007229.3	SRR1609594	1.0253331007022206
AC007229.3	SRR1609595	1.0243062096273918
AC007229.3	SRR1609596	1.0026279344264644
AC007229.3	SRR1609597	2.008417430732023
AC007229.3	SRR1609598	1.0275370706123974
AC007229.3	SRR1609599	1.0212178151540763
AC007229.3	SRR1609600	1.0308747019327569
AC007229.3	SRR1609601	2.056327476771008
AC007229.3	SRR1609602	1.1632163838991925
AC007229.3	SRR1609603	1
AC007229.3	SRR1609604	1.0069981117179123
AC007229.3	SRR1609605	2.015132950391218
AC007229.3	SRR1609606	1.0160829820750323
AC007229.3	SRR1609607	2.0099440008472578
AC007229.3	SRR1609608	1.019977620097426
AC007229.3	SRR1609609	1.0324178632829317
AC007229.3	SRR1609610	5
AC007229.3	SRR1609611	1.0171349305854593
AC007229.3	SRR1609612	1.002342020016362
AC007229.3	SRR1609613	2.00165076074851
AC007229.3	SRR1609614	1.0113691465526504
AC007229.3	SRR1609615	2.0063386668959495
AC007229.3	SRR1609616	1
AC007229.3	SRR1609617	1
AC007229.3	SRR1609618	2.0064000158761304
AC007229.3	SRR1609619	1.0036360666403
AC007229.3	SRR1609620	1.0125434290578252
AC007229.3	SRR1609621	2.0170504155023203
AC007229.3	SRR1609622	1.0396027374078705
AC007229.3	SRR1609623	2.038002606009502
AC007229.3	SRR1609624	2.466332199581562
AC007229.3	SRR1609625	1.001546012786343
AC007229.3	SRR1609626	1.007678742360192
AC007229.3	SRR1609627	2.0107986741916752
AC007229.3	SRR1609628	1.0019065235500912
AC007229.3	SRR1609629	1.0160549733839008
AC007229.3	SRR1609630	1.0027915668331973
AC007229.3	SRR1609631	2
AC007229.3	SRR1609632	1
AC007229.3	SRR1609633	2.007168921962656
AC007229.3	SRR1609634	1.0083088550710244
AC007229.3	SRR1609635	3.074791521174325
AC007229.3	SRR1609636	1.033526030779779
AC007229.3	SRR1609637	1.0040554922457436
AC007229.3	SRR1609638	2.0486431025116296
AC007229.3	SRR1609639	1.005532675049881
AC007229.3	SRR1609640	1.000179960941952
AC007229.3	SRR1609641	2.000359921883904
AC007229.3	SRR1609642	1
AC007229.3	SRR1609643	1.0117732409494398
AC007229.3	SRR1609644	1.0010455492408952
AC007229.3	SRR1609645	2.0063386668959495
AC007229.3	SRR1609646	3.007026060049086
AC007229.3	SRR1609647	1.0206670235973925
AC007229.3	SRR1609648	1.003631963424637
AC007229.3	SRR1609649	1.0081274315088424
AC007229.3	SRR1609650	2.014864765555886
AC007229.3	SRR1609651	2.006789256895404
AC007229.3	SRR1609652	3.0105912855987795
AC007229.3	SRR1609653	1.0508063334876938
AC007229.3	SRR1609654	1.034357970588471
AC007229.3	SRR1609655	1.0068308408829232
AC007229.3	SRR1609656	1.014313308243783
AC007229.3	SRR1609657	1.0128509294871268
AC007229.3	SRR1609658	1.020049628429351
AC007229.3	SRR1609659	3.0238985371527116
AC007229.3	SRR1609660	1.0039223501724883
AC007229.3	SRR1609661	1.0014712162978496
AC007229.3	SRR1609662	1.0046759321397467
AC007229.3	SRR1609663	2.0053171847237667
AC007229.3	SRR1609664	1.0072181752717069
AC007229.3	SRR1609665	1
AC007229.3	SRR1609666	1.016634410174343
AC007229.3	SRR1609667	2.005766529299624
AC007229.3	SRR1609668	2.2519031186837704
AC007229.3	SRR1609669	2.0384816951979126
AC007229.3	SRR1746771	1.157314849752974
AC007229.3	SRR1746772	1.1710273211223958
AC007229.3	SRR1746773	3.0303213107058173
AC007229.3	SRR1746774	1.0707448447191639
AC007229.3	SRR1746775	1.406339483232768
AC007229.3	SRR1746776	2.4356897261397203
AC007229.3	SRR1746777	2.8519233864417433
AC007229.3	SRR1746778	2.154059008950964
AC007229.3	SRR1746779	0.5934561762928517
AC007229.3	SRR1746780	1.585134820954242
AC007229.3	SRR1746781	2.201324998503196
AC007229.3	SRR1746782	3.0133933444577985
AC007229.3	SRR1746783	2
AC007229.3	SRR1746784	0.9968262288032627
AC007229.3	SRR1782685	1.0161405129641194
AC007229.3	SRR1782686	1.0241060513820852
AC007229.3	SRR1782687	2.0244322942709814
AC007229.3	SRR1782688	1.0167551838847384
AC007229.3	SRR1782689	3.053628722535257
AC007229.3	SRR1782690	1.0202611034833844
AC007229.3	SRR1782691	2.0034525039004247
AC007229.3	SRR1782692	1.008267339088667
AC007229.3	SRR1782693	3.0265396947711682
AC007229.3	SRR1782694	1.0160829820750323
AC007229.3	SRR1782695	1.0007200381067656
AC007229.3	SRR1782696	2.0067414281809657
AC007229.3	SRR1782697	3.026478249479833
AC007229.3	SRR1782698	1.002086827591817
AC007229.3	SRR1782699	1.0242077790328277
AC007229.3	SRR1782700	2.0151407541263504
AC007229.3	SRR1782701	1.006233967196753
AC007229.3	SRR1782702	2.021332836950557
AC007229.3	SRR1782703	2.007783307191192
AC007229.3	SRR1782704	1.0158440725472526
AC007229.3	SRR1782705	1.0242058267974272
AC007229.3	SRR1782706	1.002553057138948
AC007229.3	SRR1782707	2.0076333638644592
AC007229.3	SRR1782708	1.0527335559349638
AC007229.3	SRR1782709	1.0493889346936112
AC007229.3	SRR1782710	2
AC007229.3	SRR1782711	1.0112110690582374
AC007229.3	SRR1782712	1.0118242846464562
AC007229.3	SRR1782713	1.0217630104420437
AC007229.3	SRR1782714	2.174110817755799
AC007229.3	SRR1782715	1.0024781854433447
AC007229.3	SRR1782716	1.0149213103030237
AC007229.3	SRR1782717	2.00165076074851
AC007229.3	SRR1782718	1.0143344497021496
AC007229.3	SRR1782719	2.014536955582376
AC007229.3	SRR1782720	1.0173889776699079
AC007229.3	SRR1782721	1.1215287864396823
AC007229.3	SRR1782722	1.0008833591381059
AC007229.3	SRR1782723	1.002192313736413
AC007229.3	SRR1782724	3.0333895262202626
AC007229.3	SRR1782725	1.0685748274292985
AC007229.3	SRR1782726	1.0074358213334167
AC007229.3	SRR1782727	1
AC007229.3	SRR1782728	3.0909152413904994
AC007229.3	SRR1782729	1.9059691875159332
AC007229.3	SRR1782730	1.0013658060526471
AC007229.3	SRR1782731	1.032101634718041
AC007229.3	SRR1782732	1.079233440701315
AC007229.3	SRR1782733	1.0096575808681731
AC007229.3	SRR1782734	1.0062386740697231
AC007229.3	SRR1782735	3.0137346288317852
AC007229.3	SRR1782736	2.0365308195295873
AC007229.3	SRR1782737	1.001620814861132
AC007229.3	SRR1782738	2.099344687093662
AC007229.3	SRR1782739	1.0104534576807476
AC007229.3	SRR1782740	1.0115791944902102
AC007229.3	SRR1782741	2.1086173123818366
AC007229.3	SRR1782742	3
AC007229.3	SRR1782743	1.002011990714717
AC007229.3	SRR1782744	2.010034979163885
AC007229.3	SRR1782745	1.0120275763195707
AC007229.3	SRR1782746	3.0596897280701683
AC007229.3	SRR1782747	1.0072992776231908
AC007229.3	SRR1782748	2.02928378720651
AC007229.3	SRR1782749	1.0126805916371509
AC007229.3	SRR1782750	1.0013658060526471
AC007229.3	SRR1782751	1.015483444252062
AC007229.3	SRR1782752	1.0066496832577085
AC007229.3	SRR1782753	3.0028743351646248
AC007229.3	SRR1782754	3.0249308480556203
AC007229.3	SRR1782755	1.0026860176139818
AC007229.3	SRR1782756	1.045262315535892
AC007229.3	SRR1782757	1.0014405946684066
AC007229.3	SRR1782758	1.0017262519502124
AC007229.3	SRR1782759	1.0044296285233594
AC007229.3	SRR1782760	1.0142062491689723
AC007229.3	SRR1782761	1.123350924195671
AC007229.3	SRR1782762	2.128552507818949
AC007229.3	SRR1782763	1.0054670736412705
AC007229.3	SRR1782764	2.0023018515475863
AC007229.3	SRR1782765	1.0032000079380652
AC007229.3	SRR1782766	1.0106768533425006
AC007229.3	SRR1782767	2.0193167853877028
AC007229.3	SRR1782768	1.0064574381144438
AC007229.3	SRR1782769	1.0085350889190154
AC007229.3	SRR1782770	1.0046452125208463
AC007229.3	SRR1782771	2.0132669941870067
AC007229.3	SRR1782772	2.010737190715282
AC007229.3	SRR1782773	1.0043587228536055
AC007229.3	SRR1782774	2.005106114277896
AC007229.3	SRR1782775	1.0200306175184897
AC007229.3	SRR1782776	1.0146067854880492
AC007229.3	SRR1782777	1.000179960941952
AC007229.3	SRR1782778	1.0018317001382826
AC007229.3	SRR1782779	2.0564157065776665
AC007229.3	SRR1782780	1.0128988705381583
AC007229.3	SRR1782781	1.0344998484090346
AC007229.3	SRR1782782	1.0205283876020228
AC007229.3	SRR1782783	2.0126637015866464
AC007229.3	SRR1782784	2.00669152540118
AC007229.3	SRR1782785	3.003240754672204
AC007229.3	SRR1782786	3.0752582407041316
AC007229.3	SRR1782787	1
AC007229.3	SRR1782788	3.0111330744423683
AC007229.3	SRR1782789	1.0170195557347703
AC007229.3	SRR1782790	1.0055938748937177
AC007229.3	SRR1782791	1.0059251235048385
AC007229.3	SRR1782792	1.0068477100204776
AC007229.3	SRR1782793	1.0369712333325636
AC007229.3	SRR1782794	1.0068444629888977
AC007229.3	SRR1782795	1.0212178151540763
AC007229.3	SRR1782796	1.079602691613202
AC007229.3	SRR1782797	1.0253628024973167
AC007229.3	SRR1782798	1.0193000353281811
AC007229.3	SRR1782799	1.001620814861132
AC007229.3	SRR1782800	1.0017663401829568
AC007229.3	SRR1782801	1.0055634218052374
AC007229.3	SRR1782802	1.007377758130775
AC007229.3	SRR1782803	1.0036667554019618
AC007229.3	SRR1782804	1.0027028173063115
AC007229.3	SRR1782805	2.0036021349729065
AC007229.3	SRR1782806	1.0026585923618834
AC007229.3	SRR1782807	3.1055462767130537
AC007229.3	SRR1782808	2.0525974540094953
AC007229.3	SRR1782809	2.0268358827905035
AC007229.3	SRR1782810	2.033289389841438
AC007229.3	SRR1782811	1.0030944157282213
AC007229.3	SRR1782812	1.0125567250497436
AC007229.3	SRR1782813	1.006256696893515
AC007229.3	SRR1782814	2.025913348276551
AC007229.3	SRR1782815	1.062121334894591
AC007229.3	SRR1782816	3.0016199399685184
AC007229.3	SRR1782817	1.0034661181326476
AC007229.3	SRR1782818	1.0133808698401505
AC007229.3	SRR1782819	1.027675196028744
AC007229.3	SRR1782820	1.0355877525178163
AC007229.3	SRR1782821	2.005405634612623
AC007229.3	SRR1782822	1.0078594513453938
AC007229.3	SRR1782823	2.007571977172635
AC007229.3	SRR1782824	1.0056828803089768
AC007229.3	SRR1782825	1.005809645020963
AC007229.3	SRR1782826	3.0204507719876905
AC007229.3	SRR1782827	1.0132807415847052
AC007229.3	SRR1782828	3
AC007229.3	SRR1782829	6
AC007229.3	SRR1782830	1.0393262126274254
AC007229.3	SRR1782831	2.146800613916077
AC007229.3	SRR1782832	3.097731689015334
AC007229.3	SRR1782833	2.046114292946954
AC007229.3	SRR1782834	3.0005398828258563
AC007229.3	SRR1782835	1.1149797381951183
AC007229.3	SRR1782836	1.668811471319684
AC007229.3	SRR1782837	2.0552406615442904
AC007229.3	SRR1782838	1.0129819287449684
AC007229.3	SRR1782839	1.013725326520963
AC007229.3	SRR1782840	2.0166514979444936
AC007229.3	SRR1782841	2.0297028712707377
AC007229.3	SRR1782842	1
AC007229.3	SRR1782843	2.048297498368825
AC007229.3	SRR1782844	2.000359921883904
AC007229.3	SRR1782845	2.037592538037879
AC007229.3	SRR1782846	2.0108430008044706
AC007229.3	SRR1782847	1.2337368978097534
AC007229.3	SRR1782848	2.4671674398878802
AC007229.3	SRR1782849	1.2403822504664612
AC007229.3	SRR1782850	1.2517458229536382
AC007229.3	SRR1782851	1.2634697131512598
AC007229.3	SRR1782852	1.2639231424855961
AC007229.3	SRR1782853	1.2584335321033158
AC007229.3	SRR1782854	2.0065498670882853
AC007229.3	SRR1782855	1.0024033193392368
AC007229.3	SRR1782856	2.010587026789483
AC007229.3	SRR1782857	2.0139732606458387
AC007229.3	SRR1782858	1.0010054898524368
AC007229.3	SRR1782859	1.001620814861132
AC007229.3	SRR1782860	2.004534328162457
AC007229.3	SRR1782861	1.0018591027727843
AC007229.3	SRR1782862	1.0046056873690874
AC007229.3	SRR1782863	1.002611135988753
AC007229.3	SRR1782864	1.0129045923036408
AC007229.3	SRR1782865	2.0084723660358006
AC007229.3	SRR1782866	1.0035136149744603
AC007229.3	SRR1782867	1.0165396388547423
AC007229.3	SRR1782868	1.0036360666403
AC007229.3	SRR1782869	1.0034248015445335
AC007229.3	SRR1782870	3.007434556330034
AC007229.3	SRR1782871	1.0052491741857592
AC007229.3	SRR1782872	2.005405634612623
AC007229.3	SRR1782873	2.009228987682498
AC007229.3	SRR1782874	1.006441613669879
AC007229.3	SRR1782875	1.0051528561314607
AC007229.3	SRR1782876	1.0039362270488077
AC007229.3	SRR1782877	1.0033853244066688
AC007229.3	SRR1782878	1.0078282441722788
AC007229.3	SRR1782879	1.0143624914943958
AC007229.3	SRR1782880	1.0042361830179003
AC007229.3	SRR1782881	1.0041611856247215
AC007229.3	SRR1782882	1.003529408876886
AC007229.3	SRR1782883	1.0018010674864533
AC007229.3	SRR1782884	1.0007200381067656
AC007229.3	SRR1782885	1
AC007229.3	SRR1782886	1.0055495224370705
AC007229.3	SRR1782887	1.0009001286274537
AC007229.3	SRR1782888	2.0064885135261568
AC007229.3	SRR1782889	2.008628849748493
AC007229.3	SRR1782890	1.001546012786343
AC007229.3	SRR1782891	2.001440076213531
AC007229.3	SRR1782892	1.0018317001382826
AC007229.3	SRR1782893	2.0077496679700353
AC007229.3	SRR1782894	2.022383357650336
AC007229.3	SRR1782895	1.0036667554019618
AC007229.3	SRR1782896	1.0021448794325023
AC007229.3	SRR1782897	2.005506119018947
AC007229.3	SRR1782898	2.004534328162457
AC007229.3	SRR1782899	2.0075251467094204
AC007229.3	SRR1782900	2.0020109797048735
AC007229.3	SRR1782901	2.0019657575437457
AC007229.3	SRR1782902	5
AC007229.3	SRR1782903	1.002553057138948
AC007229.3	SRR1782904	1
AC007229.3	SRR1782905	1.002086827591817
AC007229.3	SRR1782906	2.0126974231409074
AC007229.3	SRR1782907	1.0048842199437062
AC007229.3	SRR1782908	1.0030501735120572
AC007229.3	SRR1782909	1.0034248015445335
AC007229.3	SRR1782910	2
AC007229.3	SRR1782911	1.0069060376635988
AC007229.3	SRR1782912	0.9538079228387495
AC007229.3	SRR1782913	3
AC007229.3	SRR1782914	1.0027028173063115
AC007229.3	SRR1782915	3
AC007229.3	SRR1782916	1.0105701140314456
AC007229.3	SRR1782917	1.0032306833661075
AC007229.3	SRR1782918	1.0010802515574013
AC007229.3	SRR1782919	1
AC007229.3	SRR1782920	1.0010054898524368
AC007229.3	SRR1782921	1.002086827591817
AC007229.3	SRR1782922	1.1863691226303883
AC007229.3	SRR1782923	1.0055761585433334
AC007229.3	SRR1782924	1.0051265257078354
AC007229.3	SRR1782925	1.0034829308953188
AC007229.3	SRR1782926	2.0146819377840712
AC007229.3	SRR1782927	1.0028390317466211
AC007229.3	SRR1782928	1.0071660004775882
AC007229.3	SRR1782929	1.0086240591672244
AC007229.3	SRR1782930	1.0028390317466211
AC007229.3	SRR1782931	2.005338436406242
AC007229.3	SRR1782932	1.003731881663257
AC007229.3	SRR1782933	1.0649351792796355
AC007229.3	SRR1782934	1.005851477940036
AC007229.3	SRR1782935	2.008990324488326
AC007229.3	SRR1782936	1.0252329438970447
AC007229.3	SRR1782937	3.023570504638246
AC007229.3	SRR1782938	1.2574474178148516
AC007229.3	SRR1782939	3.0142233716545097
AC007229.3	SRR1782940	1.0026585923618834
AC007229.3	SRR1782941	1.0078123826132555
AC007229.3	SRR1782942	1.0039318284858731
AC007229.3	SRR1782943	1.004614493841249
AC007229.3	SRR1782944	3.0038730690665356
AC007229.3	SRR1782945	1.0052491741857592
AC007229.3	SRR1782946	2.004173655183634
AC007229.3	SRR1782947	1.002086827591817
AC007229.3	SRR1782948	2
AC007229.3	SRR1782949	3.007342599072492
AC007229.3	SRR1782950	1
AC007229.3	SRR1782951	3.009894821409948
AC007229.3	SRR1782952	0.4225136299867726
AC007229.3	SRR1782953	4.007626094200365
AC007229.3	SRR1782954	2.252216514548154
AC007229.3	SRR1782955	1.033842034247493
AC007229.3	SRR1782956	1.0151667217080587
AC007229.3	SRR1782957	2.038623931699124
AC007229.3	SRR1782958	1.0054744269623506
AC007229.3	SRR1782959	2.1158331356635864
AC007229.3	SRR1782960	1
AC007229.3	SRR1782961	1.0036360666403
AC007229.3	SRR1782962	1.007295005653179
AC007229.3	SRR1782963	1.0068921197371672
AC007229.3	SRR1782964	3.0010798628095343
AC007229.3	SRR1782965	2.0061192871819533
AC007229.3	SRR1782966	1
AC007229.3	SRR1782967	1.0040206867929065
AC007229.3	SRR1782968	1.0010455492408952
AC007229.3	SRR1782969	1.0119783968398457
AC007229.3	SRR1782970	1.012507584036827
AC007229.3	SRR1782971	1.0167967514698188
AC007229.3	SRR1782972	1.0056022027105522
AC007229.3	SRR1782973	1.0512612155664167
AC007229.3	SRR1782974	2
AC007229.3	SRR1782975	1.0394713474480297
AC007229.3	SRR1782976	1.0097952561921797
AC007229.3	SRR1782977	1.0003599542698447
AC007229.3	SRR1782978	2.0334016010577347
AC007229.3	SRR1782979	1.0083829961716155
AC007229.3	SRR1782980	2.0034525039004247
AC007229.3	SRR1782981	1.012303856712658
AC007229.3	SRR1782982	1.0058055966749162
AC007229.3	SRR1782983	1.0009581117215416
AC007229.3	SRR1782984	2.0007199085396894
AC007229.3	SRR1782985	2.0136616817658464
AC007229.3	SRR1782986	2.0059776692650537
AC007229.3	SRR1782987	1.0012604069024411
AC007229.3	SRR1782988	1
AC007229.3	SRR1782989	1.0430979490658228
AC007229.3	SRR1782990	1.0134118565743073
AC007229.3	SRR1782991	1.0041337200241454
AC007229.3	SRR1782992	2.004895066048328
AC007229.3	SRR1782993	1.0207811101132158
AC007229.3	SRR1782994	2
AC007229.3	SRR1782995	1.0083014810209638
AC007229.3	SRR1782996	2
AC007229.3	SRR1782997	3.0134854867324887
AC007229.3	SRR1782998	2.0072721332806
AC007229.3	SRR1782999	2.042624248220593
AC007229.3	SRR1783000	1.0038996732048098
AC007229.3	SRR1783001	1.0163537994424299
AC007229.3	SRR1783002	1.056652332155794
AC007229.3	SRR1783003	3
AC007229.3	SRR1783004	1.004591059283169
AC007229.3	SRR1783005	1.015882624326654
AC007229.3	SRR1783006	3.071339805547273
AC007229.3	SRR1813867	1.0482498991450804
AC007229.3	SRR1813868	2.0377334756003838
AC007229.3	SRR1813869	3.0302696145557033
AC007229.3	SRR1813870	1.2503875862039913
AC007229.3	SRR1813871	2.24877168105966
AC007229.3	SRR1813872	0.8355787689137504
AC007229.3	SRR1813873	3.9430691867591756
AC007229.3	SRR1813874	2.020356805364274
AC007229.3	SRR1813875	1
AC007229.3	SRR1813876	4.021334977545023
AC007229.3	SRR1813877	2.713576332404173
AC007229.3	SRR1813878	2.001440076213531
AC007229.3	SRR1813879	2
AC007229.3	SRR1813880	2
AC007229.3	SRR1813881	1.0197571530664682
AC007229.3	SRR1813882	1.9485082433743437
AC007229.3	SRR1813883	4.00330152149702
AC007229.3	SRR1813884	1.012768265660338
AC007229.3	SRR1813885	1
AC007229.3	SRR1813886	3.0037812207073236
AC007229.3	SRR1813887	1.0105363153624978
AC007229.3	SRR1928188	1.0081784003065664
AC007229.3	SRR1928189	2.0146258121339358
AC007229.3	SRR1928190	1.0087951767762386
AC007229.3	SRR1928191	2.0226450469946884
AC007229.3	SRR1928192	1.0128988705381583
AC007229.3	SRR1928193	1.015364236413795
AC007229.3	SRR2046996	1.00858822452488
AC007229.3	SRR2046997	3.033346127322037
AC007229.3	SRR2046998	4.080972757100855
AC007229.3	SRR2046999	1.007678742360192
AC007229.3	SRR2047000	1.0106982750881945
AC007229.3	SRR2047001	1.0094399707348267
AC007229.3	SRR2047002	1.0188427709986354
AC007229.3	SRR2047003	2.0475598703648488
AC007229.3	SRR2047004	2.0158985823481257
AC007229.3	SRR2047005	1.0081443223703694
AC007229.3	SRR2047006	3.0456414964964624
AC007229.3	SRR2047007	1.0262840471791508
AC007229.3	SRR2047008	4.050069760164622
AC007229.3	SRR2047009	3.0555310785114234
AC007229.3	SRR2313973	4.050736986722685
AC007229.3	SRR2313974	2.0148144851390377
AC007229.3	SRR2313975	4.040992583035303
AC007229.3	SRR2313976	3.0439966878653215
AC007229.3	SRR2313977	2.017383906220303
AC007229.3	SRR2313978	2.052640844903998
AC007229.3	SRR2313979	2.0207030573532294
AC007229.3	SRR2313980	3.0175090553266655
AC007229.3	SRR2313981	10.03584460981328
AC007229.3	SRR2313982	2.0263011568867912
AC007229.3	SRR2313983	1.0167862737972515
AC007229.3	SRR2313984	6.032757043242941
AC007229.3	SRR2313985	5.094773744919476
AC007229.3	SRR2313986	5.03094274295517
AC007229.3	SRR2313987	4.0133322168517305
AC007229.3	SRR2313988	6.054228779793811
AC007229.3	SRR2313989	2.0211791128096643
AC007229.3	SRR2313990	5.077307966145211
AC007229.3	SRR2313991	5.0825503740049705
AC007229.3	SRR2313992	3.044058578472558
AC007229.3	SRR2313993	6.062203730637975
AC007229.3	SRR2313994	1.0212939489113868
AC007229.3	SRR2313995	3.012401160072436
AC007229.3	SRR2313996	5.022676806431715
AC007229.3	SRR2313997	2.0243823326083064
AC007229.3	SRR2313998	3.0722818882785696
AC007229.3	SRR2313999	7.065065648310117
AC007229.3	SRR2314000	7.059766321532453
AC007229.3	SRR2314001	1.0137250295317557
AC007229.3	SRR2314002	3.0322683285179
AC007229.3	SRR2314003	1.0216964429597561
AC007229.3	SRR2314004	3.0238060764818795
AC007229.3	SRR2314005	4.038013865782727
AC007229.3	SRR2314006	4.075148408013646
AC007229.3	SRR2314007	4.02407216909143
AC007229.3	SRR2314008	3.0039552326033747
AC007229.3	SRR2314009	9.074005818452257
AC007229.3	SRR2314010	1.0065745056218443
AC007229.3	SRR2314011	5.035298478945847
AC007229.3	SRR2314012	3.0217636645648183
AC007229.3	SRR2314013	4.046222646350371
AC007229.3	SRR2314014	3.0343253786517783
AC007229.3	SRR2314015	2.015534955416421
AC007229.3	SRR2314016	7.022614783562752
AC007229.3	SRR2314017	6.115883895738891
AC007229.3	SRR2314018	2.07436769761475
AC007229.3	SRR2314019	5.016902723782301
AC007229.3	SRR2314020	1.016563630576381
AC007229.3	SRR2314021	2.01006865667472
AC007229.3	SRR2314022	3.036648441406472
AC007229.3	SRR2314023	2.019439687283373
AC007229.3	SRR2314024	3.0388404415751196
AC007229.3	SRR2314025	8.038853876534809
AC007229.3	SRR2314026	2.0438661228831303
AC007229.3	SRR2314027	1.007384020296009
AC007229.3	SRR2314028	11.031531081276132
AC007229.3	SRR2314029	1.002342020016362
AC007229.3	SRR2314030	4.018902496895788
AC007229.3	SRR2314031	1.0172769075048627
AC007229.3	SRR2314032	6.103724305677198
AC007229.3	SRR2314033	2.04813191913971
AC007229.3	SRR2314034	3.087989359078054
AC007229.3	SRR2314035	1.046856177985374
AC007229.3	SRR2314036	4.069121410451212
AC007229.3	SRR2314037	1.0133200709899204
AC007229.3	SRR2314038	3.0171914462289235
AC007229.3	SRR2314039	4.0431036462699375
AC007229.3	SRR2314040	1.0391610375751816
AC007229.3	SRR2314041	3.0225331898940904
AC007229.3	SRR2314042	4.01628925953278
AC007229.3	SRR2314043	5.044484743841436
AC007229.3	SRR2314044	2.0084788432757708
AC007229.3	SRR2314045	2.014982458185556
AC007229.3	SRR3493774	2
AC007229.3	SRR3493775	1
AC007229.3	SRR3493776	1.83809618602104
AC007229.3	SRR3493777	1.0006453033029128
AC007229.3	SRR3493778	4
AC007229.3	SRR3493779	1.0033498647461594
AC007229.3	SRR3493780	1.0498142493709828
AC007229.3	SRR3493781	1
AC007229.3	SRR3493782	1.0082658104193984
AC007229.3	SRR3493783	1.0025837127848007
AC007229.3	SRR3493784	2.0413413496039476
AC007229.3	SRR3493785	1.000825380374255
AC007229.3	SRR3493786	1.0406653004374282
AC007229.3	SRR3493787	2
AC007229.3	SRR3493788	1
AC007229.3	SRR3493789	4.072859496038955
AC007229.3	SRR3493790	1
AC007229.3	SRR3493791	1.0014405946684066
AC007229.3	SRR3493792	2.001440076213531
AC007229.3	SRR3493793	1.0095628196007407
AC007229.3	SRR3493794	1.0030944157282213
AC007229.3	SRR3493795	1.0036053788169974
AC007229.3	SRR3493796	2.0162334956477888
AC007229.3	SRR3493797	1
AC007229.3	SRR3493798	1.010988724395538
AC007229.3	SRR3493799	1
AC007229.3	SRR3493800	1.0071349096622415
AC007229.3	SRR3493801	2.0178638465239405
AC007229.3	SRR3493802	1
AC007229.3	SRR3493803	1
AC007229.3	SRR3493804	3.002160114320297
AC007229.3	SRR3493805	1.002342020016362
AC007229.3	SRR3493806	2
AC007229.3	SRR3493807	2
AC007229.3	SRR3493808	1.0019371594265116
AC007229.3	SRR3493809	1.0032306833661075
AC007229.3	SRR3493810	2
AC007229.3	SRR3493811	2
AC007229.3	SRR3493812	3.002160114320297
AC007229.3	SRR3493813	1.0018010674864533
AC007229.3	SRR3493814	2
AC007229.3	SRR3493815	2.220174219666621
AC007229.3	SRR3493816	1
AC007229.3	SRR3493817	2.0056167365879425
AC007229.3	SRR3493818	2.0069027627376856
AC007229.3	SRR3493819	2
AC007229.3	SRR3493820	1.1218742596374018
AC007229.3	SRR3493821	1.0115011358570332
AC007229.3	SRR3493822	1
AC007229.3	SRR3493823	0.7868007166291554
AC007229.3	SRR3493824	1.5565048540152655
AC007229.3	SRR3493825	2.002582046044357
AC007229.3	SRR3493826	2.001440076213531
AC007229.3	SRR3493827	1
AC007229.3	SRR3493828	1
AC007229.3	SRR3493829	1.002342020016362
AC007229.3	SRR3493830	1.242038493013751
AC007229.3	SRR3493831	2.008833812614677
AC007229.3	SRR3493832	1.000179960941952
AC007229.3	SRR3493833	0.6422865251548932
AC007229.3	SRR3493834	1
AC007229.3	SRR3493835	2.010102334749811
AC007229.3	SRR3493836	1
AC007229.3	SRR3493837	1.0006453033029128
AC007229.3	SRR3493838	1
AC007229.3	SRR3493839	1.0081612135148976
AC007229.3	SRR3493840	1.0191397315498472
AC007229.3	SRR3493841	2.00432334011646
AC007229.3	SRR3493846	2.045512751905835
AC007229.3	SRR3493847	1.0366265711095628
AC007229.3	SRR3493848	3.0005398828258563
AC007229.3	SRR3493849	0.6191823778231276
AC007229.3	SRR3493850	1
AC007229.3	SRR3714631	1
AC007229.3	SRR3714632	1.005532675049881
AC007229.3	SRR3714633	1.0113714976183878
AC007229.3	SRR3714634	2.01251339378703
AC007229.3	SRR3714635	2
AC007229.3	SRR3714636	1
AC007229.3	SRR3714637	1
AC007229.3	SRR3714638	1
AC007229.3	SRR3714639	0.5753327031081422
AC007229.3	SRR3714640	0.7411050743982482
AC007229.3	SRR3714641	0.6312815040672326
AC007229.3	SRR3714642	1.756322471191301
AC007229.3	SRR3714643	1.3018476761381244
AC007229.3	SRR3714644	0.7409205532322277
AC007229.3	SRR3714645	2.0125347217325276
AC007229.3	SRR3714646	3.0005398828258563
AC007229.3	SRR3714648	2.723579436570745
AC007229.3	SRR3714649	4.753520537412365
AC007229.3	SRR3714650	1.0066624337546857
AC007229.3	SRR3714651	0.8061310473440458
AC007229.3	SRR3714652	0.880067857778748
AC007229.3	SRR3714653	1
AC007229.3	SRR3714654	1
AC007229.3	SRR3714655	5.0026998999475305
AC007229.3	SRR3714656	1.810457436626034
AC007229.3	SRR3714657	0.5592759085536376
AC007229.3	SRR3714658	1.5501310958538423
AC007229.3	SRR3714659	0.5213327894493638
AC007229.3	SRR3714660	3
AC007229.3	SRR3714661	1
AC007229.3	SRR3714662	2.021573126896141
AC007229.3	SRR3714663	1.0005399799895063
AC007229.3	SRR3714664	0.8886441072949159
AC007229.3	SRR3714665	2
AC007229.3	SRR3714666	2
AC007229.3	SRR3714667	0.7758465015764936
AC007229.3	SRR3714668	1
AC007229.3	SRR3714669	0.7815583665903988
AC007229.3	SRR3714670	2.0263578292510083
AC007229.3	SRR3714671	2.0020109797048735
AC007229.3	SRR3714672	1.0025088387998022
AC007229.3	SRR3714673	1.2272196852617974
AC007229.3	SRR3714674	2.0137337802968003
AC007229.3	SRR3714675	0.7436785228315872
AC007229.3	SRR3714676	1
AC007229.3	SRR3714677	5.010961568682066
AC007229.3	SRR3714678	0.5608953692102709
AC007229.3	SRR3714679	2.0027316121052943
AC007229.3	SRR3714680	6.008542896743221
AC007229.3	SRR3714681	1.0032581242663439
AC007229.3	SRR3714682	0.9251895204649639
AC007229.3	SRR3714683	1.0019118866481316
AC007229.3	SRR3714684	1.1674776629022665
AC007229.3	SRR3714685	6.009516562836417
AC007229.3	SRR3714686	0.6825454531864573
AC007229.3	SRR3714688	1.0072151869090182
AC007229.3	SRR3714689	2.295422899273689
AC007229.3	SRR3714690	8.64560627407004
AC007229.3	SRR3714691	1
AC007229.3	SRR3714692	0.7275899328557139
AC007229.3	SRR3714693	0.6727083805760267
AC007229.3	SRR3714694	0.8308269621955467
AC007229.3	SRR3714695	1.8208301635562374
AC007229.3	SRR3714696	1
AC007229.3	SRR3714697	2.017882897744288
AC007229.3	SRR3714698	2.025819803305523
AC007229.3	SRR3714699	0.8209103150993131
AC007229.3	SRR3714700	1.6135755947621684
AC007229.3	SRR3714701	2.974508701974856
AC007229.3	SRR3714702	0.962619684560016
AC007229.3	SRR3714703	3.002700385882361
AC007229.3	SRR3714704	4.335121125935749
AC007229.3	SRR3714705	2.685270207932809
AC007229.3	SRR3714706	1.0348625162168688
AC007229.3	SRR3714707	3.001395775897737
AC007229.3	SRR3714708	1.0229861853499778
AC007229.3	SRR3714709	0.8865915789026881
AC007229.3	SRR3714710	1.055127757005863
AC007229.3	SRR3714711	0.670442881400527
AC007229.3	SRR3714712	2
AC007229.3	SRR3714713	1
AC007229.3	SRR3714714	3
AC007229.3	SRR3714715	2.0091953242398204
AC007229.3	SRR3714716	4
AC007229.3	SRR3714717	1
AC007229.3	SRR3714718	2
AC007229.3	SRR3714719	2.6468465253763567
AC007229.3	SRR3714720	2.430573052083572
AC007229.3	SRR3714721	5.914938926818853
AC007229.3	SRR3714723	3.6481281029497037
AC007229.3	SRR3714724	1.0027736060725236
AC007229.3	SRR3714725	1.0122888422733813
AC007229.3	SRR3714726	1.81636069059745
AC007229.3	SRR3714727	2.8137799448369796
AC007229.3	SRR3714728	2.016144568188167
AC007229.3	SRR3714729	3.077427917267606
AC007229.3	SRR3714730	0.8026363966289812
AC007229.3	SRR3714731	1.000179960941952
AC007229.3	SRR3714732	0.5431665769454288
AC007229.3	SRR3714734	1.6067346801978444
AC007229.3	SRR3714735	0.6771775710840109
AC007229.3	SRR3714736	1.6706846047842436
AC007229.3	SRR3714737	1
AC007229.3	SRR3714738	2.7068132914362617
AC007229.3	SRR3714739	2.705497008678734
AC007229.3	SRR3714740	2.3176768073836023
AC007229.3	SRR3714741	1.0009581117215416
AC007229.3	SRR3714744	1.8819790901473865
AC007229.3	SRR3714745	1.0402451473540792
AC007229.3	SRR3714746	1.008355710513067
AC007229.3	SRR3714747	1.104593214472249
AC007229.3	SRR3714748	1.9015731722223395
AC007229.3	SRR3714749	1.0205775690941423
AC007229.3	SRR3714750	7.624226905303488
AC007229.3	SRR3714751	2.00165076074851
AC007229.3	SRR3714752	1
AC007229.3	SRR3714753	4.030261240292835
AC007229.3	SRR3714754	1
AC007229.3	SRR3714755	0.689177012895678
AC007229.3	SRR3714756	1.0214197456593945
AC007229.3	SRR3714757	0.7256965013971997
AC007229.3	SRR3714758	1.882270883273838
AC007229.3	SRR3714759	1.5710951331239724
AC007229.3	SRR3714760	1.0006453033029128
AC007229.3	SRR3714761	2.00024942529187
AC007229.3	SRR3714762	0.9296203737524296
AC007229.3	SRR3714764	1
AC007229.3	SRR3714765	1.7059834825668696
AC007229.3	SRR3714766	1
AC007229.3	SRR3714767	2.0370031462107367
AC007229.3	SRR3714768	1
AC007229.3	SRR5176628	1.006808691572482
AC007229.3	SRR5176629	1.0056828803089768
AC007229.3	SRR5176630	1.00221972623461
AC007229.3	SRR5176631	1.0095554363800798
AC007229.3	SRR5176632	1.0028083682939712
AC007229.3	SRR5176633	1.0063933941186642
AC007229.3	SRR5176634	1.0395854398178583
AC007229.3	SRR5176635	1.006092499057644
AC007229.3	SRR5176636	1.0259454268844617
AC007229.3	SRR5176637	2.0590699833559802
AC007229.3	SRR5176638	1.122472464979261
AC007229.3	SRR5176639	2
AC007229.3	SRR5176640	1.0439825147124846
AC007229.3	SRR5176641	1.0145674663519957
AC007229.3	SRR5176642	1.0019065235500912
AC007229.3	SRR5176643	1.0017262519502124
AC007229.3	SRR5176644	1.000179960941952
AC007229.3	SRR5176645	1.038132905050157
AC007229.3	SRR5176646	1.018354954225084
AC007229.3	SRR5176647	1.0057887449973542
AC007229.3	SRR5176648	2.0056167365879425
AC007229.3	SRR5176649	2.0132905456125236
AC007229.3	SRR5176650	1.0238007506984588
AC007229.3	SRR5176651	1.0158653061982168
AC007229.3	SRR5176652	2.0110103438732425
AC007229.3	SRR5176653	1.002669218203121
AC007229.3	SRR5176654	1.0080755949097406
AC007229.3	SRR5176655	2.00237126348658
AC007229.3	SRR5176656	1.069687850829972
AC007229.3	SRR5176657	1.0798186787512312
AC007229.3	SRR5176658	2.003241629722264
AC007229.3	SRR5176659	1.0021448794325023
AC007229.3	SRR5176660	3.0033747420055623
AC007229.3	SRR5176661	3.0161057860729232
AC007229.3	SRR5176662	1.9347655012206502
AC007229.3	SRR5176663	1.0062735564114655
AC007229.3	SRR5176664	2
AC007229.3	SRR5176665	1.008705895915066
AC007229.3	SRR5176666	1.003794007351424
AC007229.3	SRR5176667	1.0784326276989211
AC007229.3	SRR5176668	1.004323906889319
AC007229.3	SRR5176669	2.0188519752118252
AC007229.3	SRR5176670	1.0063933941186642
AC007229.3	SRR5176671	2.0035685658048163
AC007229.3	SRR5176672	1.0054744269623506
AC007229.3	SRR5176673	3.0142529039327908
AC007229.3	SRR5176674	1.0022978109851632
AC007229.3	SRR5176675	2.008356020066065
AC007229.3	SRR5176676	1.0182154548374127
AC007229.3	SRR5176677	1.0014405946684066
AC007229.3	SRR5176678	1.0221313973041704
AC007229.3	SRR5176679	1.008843607004959
AC007229.3	SRR5176680	1.0028083682939712
AC007229.3	SRR5176681	2.0021605031148026
AC007229.3	SRR5176682	1.0097140318888853
AC007229.3	SRR5176683	2.008990324488326
AC007229.3	SRR5176684	2.0052558688529287
AC007229.3	SRR5176685	1.0029413626288513
AC007229.3	SRR5176686	1.0042610311786755
AC007229.3	SRR5176687	2.0088402910202974
AC007229.3	SRR5176688	1.0130567972055589
AC007229.3	SRR5176689	1.0073300783969779
AC007229.3	SRR5176690	1.0250785821196775
AC007229.3	SRR5176691	1.0009001286274537
AC007229.3	SRR5176692	3.029003775488482
AC007229.3	SRR5176693	1.0072548499485035
AC007229.3	SRR5176694	1
AC007229.3	SRR5176695	1.0138275958896568
AC007229.3	SRR5176696	2.2552135772887683
AC007229.3	SRR5176697	1.0271093020097934
AC007229.3	SRR5176698	1.164477770967963
AC007229.3	SRR5176699	1.0242455710874605
AC007229.3	SRR5176700	2.177494105939751
AC007229.3	SRR5176701	3.101783713116388
AC007229.3	SRR5176702	2
AC007229.3	SRR5176703	1.0222386939864545
AC007229.3	SRR5176704	1.0043587228536055
AC007229.3	SRR5176705	2.0040787965612448
AC007229.3	SRR5176706	3.080619369461789
AC007229.3	SRR5176707	1.0193297719483747
AC007229.3	SRR5176708	2.019000421698851
AC007229.3	SRR5176709	1.0047509679775968
AC007229.3	SRR5176710	1
AC007229.3	SRR5176711	1.001902427405406
AC007229.3	SRR5176712	2.024897863819215
AC007229.3	SRR5176713	1.0086581533197898
AC007229.3	SRR5176714	2.1195475060961355
AC007229.3	SRR5176715	1.0012604069024411
AC007229.3	SRR5176716	1.001964564945592
AC007229.3	SRR5176717	1.006427797534363
AC007229.3	SRR5176718	2.0171377691710624
AC007229.3	SRR5176719	1.0023284588262065
AC007229.3	SRR5176720	1
AC007229.3	SRR5176721	2
AC007229.3	SRR5176722	1.01939507511747
AC007229.3	SRR5176723	1.0093325243947782
AC007229.3	SRR5176724	1.0053169006142997
AC007229.3	SRR5176725	2.0242597229497616
AC007229.3	SRR5176726	2
AC007229.3	SRR5176727	2.0011411481606642
AC007229.3	SRR5176728	2.0487498666922614
AC007229.3	SRR5176729	1.0018717925909741
AC007229.3	SRR5176730	1.0063794832782318
AC007229.3	SRR5176731	1.0045394681954278
AC007229.3	SRR5176732	1
AC007229.3	SRR5176733	4.00887890493844
AC007229.3	SRR5176734	1.0806477792257758
AC007229.3	SRR5176735	2.004656917652413
AC007229.3	SRR5176736	1.0019371594265116
AC007229.3	SRR5176737	1.0028971271632066
AC007229.3	SRR5176738	3.0319191833096624
AC007229.3	SRR5176739	1.0078091324706568
AC007229.3	SRR5176740	2.00814462976639
AC007229.3	SRR5176741	1.0408847329279391
AC007229.3	SRR5176742	2.020583666338424
AC007229.3	SRR5176743	1.011462874490941
AC007229.3	SRR5176744	1.0131637081071394
AC007229.3	SRR5176745	1.0088524506271404
AC007229.3	SRR5176746	1.00221972623461
AC007229.3	SRR5176747	2
AC007229.3	SRR5176748	1.0012604069024411
AC007229.3	SRR5176749	1.0161679489713202
AC007229.3	SRR5176750	1.0159089388893974
AC007229.3	SRR5176751	2.0071222281288614
AC007229.3	SRR5176752	1.0044724723375944
AC007229.3	SRR5176753	3.007833407966259
AC007229.3	SRR5176754	1.0052184370390407
AC007229.3	SRR5176755	2.000930517265158
AC007229.3	SRR5176756	1.0283814664958064
AC007229.3	SRR5176757	2.110899992715643
AC007229.3	SRR5176758	1.010940517584876
AC007229.3	SRR5176759	2.053807780096512
AC007229.3	SRR5176760	2.0113722471890014
AC007229.3	SRR5176761	1.0058055966749162
AC007229.3	SRR5176762	2.1480636393565242
AC007229.3	SRR5176763	1.007431702583026
AC007229.3	SRR5176764	2.001440076213531
AC007229.3	SRR5176765	1.0016514420012725
AC007229.3	SRR5176766	1.0028083682939712
AC007229.3	SRR5176767	2.0020109797048735
AC007229.3	SRR5176768	1.0148664495753779
AC007229.3	SRR5176769	1.002883264649812
AC007229.3	SRR5176770	1.0022978109851632
AC007229.3	SRR5176771	2.004825566622048
AC007229.3	SRR5176772	1.0061984068651417
AC007229.3	SRR5176773	1.0074020636341914
AC007229.3	SRR5176774	1.0060997931780538
AC007229.3	SRR5176775	2.0185019253173775
AC007229.3	SRR5176776	1.0081167478238944
AC007229.3	SRR5176777	1.0097815941634372
AC007229.3	SRR5176778	1.005572915612441
AC007229.3	SRR5176779	2.010075139062661
AC007229.3	SRR5176780	2.0059776692650537
AC007229.3	SRR5176781	1.006184793499986
AC007229.3	SRR5176782	2.016018219641185
AC007229.3	SRR5176783	1.0090657297142456
AC007229.3	SRR5176784	1.0040386698901456
AC007229.3	SRR5176785	1.0017262519502124
AC007229.3	SRR5176786	6
AC007229.3	SRR5176787	3.022492296519852
AC007229.3	SRR5176788	1.0264449971198473
AC007229.3	SRR5176789	1.013949547608129
AC007229.3	SRR5176790	1.0093226993929205
AC007229.3	SRR5176791	3.026022546535348
AC007229.3	SRR5176792	1
AC007229.3	SRR5176793	1.0088841699686975
AC007229.3	SRR5176794	1.0044644481525995
AC007229.3	SRR5176795	2.0082674400482907
AC007229.3	SRR5176796	1.0222382848481906
AC007229.3	SRR5176797	1.0069060376635988
AC007229.3	SRR5176798	1.0052110855900878
AC007229.3	SRR5176799	1
AC007229.3	SRR5176800	1.0077542977076395
AC007229.3	SRR5176801	1.0168619162072303
AC007229.3	SRR5176802	2.0276690298961038
AC007229.3	SRR5176803	2.00805605907214
AC007229.3	SRR5176804	2.04225288153522
AC007229.3	SRR5176805	2.0076333638644592
AC007229.3	SRR5176806	1.0293316032282849
AC007229.3	SRR5176807	3.0019359099087386
AC007229.3	SRR5176808	3.0010798628095343
AC007229.3	SRR5176809	3.00432178400522
AC007229.3	SRR5176810	1
AC007229.3	SRR5176811	3
AC007229.3	SRR5176812	1.0010802515574013
AC007229.3	SRR5176813	2.0021605031148026
AC007229.3	SRR5176814	1
AC007229.3	SRR5176815	1.013767067239064
AC007229.3	SRR5176816	1.014024061573879
AC007229.3	SRR5176817	2.0103002474432623
AC007229.3	SRR5176818	2.004895066048328
AC007229.3	SRR5176819	1.052525107799273
AC007229.3	SRR5176820	3.066186898005941
AC007229.3	SRR5176821	1.008962478364178
AC007229.3	SRR5176822	1.0288326159382661
AC007229.3	SRR5176823	1.0037302716009715
AC007229.3	SRR5176824	2.0111605394151586
AC007229.3	SRR5176825	3.003240754672204
AC007229.3	SRR5176826	1.0080601963585891
AC007229.3	SRR5176827	1.0037417158678243
AC007229.3	SRR5176828	1.0039362270488077
AC007229.3	SRR5176829	3.0079757770856506
AC007229.3	SRR5176830	1.0003599542698447
AC007229.3	SRR5176831	3.015245698220768
AC007229.3	SRR5176832	3.029466014292381
AC007229.3	SRR5176833	1.0056799316660756
AC007229.3	SRR5176834	1.0038017867755233
AC007229.3	SRR5176835	1.0034861670860973
AC007229.3	SRR5176836	3.0024761411227656
AC007229.3	SRR5176837	1.0508653132871792
AC007229.3	SRR5176838	1.0246586529675596
AC007229.3	SRR5176839	1.040250778085957
AC007229.3	SRR5176840	1.000465258632579
AC007229.3	SRR5176841	2.0269964506507434
AC007229.3	SRR5176842	2.0122737509274606
AC007229.3	SRR5176843	1.0076160966243792
AC007229.3	SRR5176844	2.005766529299624
AC007229.3	SRR5176845	1.0144079175752987
AC007229.3	SRR5176846	1.0044337350001697
AC007229.3	SRR5176847	1.0198121879198054
AC007229.3	SRR5176848	2.016836496565967
AC007229.3	SRR5176849	1.0192261891808638
AC007229.3	SRR5176850	1.0134815678813656
AC007229.3	SRR5176851	1.0010455492408952
AC007229.3	SRR5176852	2.0438787068796334
AC007229.3	SRR5176853	1.002447533024164
AC007229.3	SRR5176854	1.0464063323203885
AC007229.3	SRR5176855	1.0022671640812284
AC007229.3	SRR5176856	2.031535692579514
AC007229.3	SRR5176857	1.0034661181326476
AC007229.3	SRR5176858	2.0136895159246357
AC007229.3	SRR5176859	1.0017568823143634
AC007229.3	SRR5176860	1
AC007229.3	SRR5176861	1.0019065235500912
AC007229.3	SRR5176862	1.005770730554937
AC007229.3	SRR5176863	1.002447533024164
AC007229.3	SRR5176864	1.0048033120397526
AC007229.3	SRR5176865	1.0019065235500912
AC007229.3	SRR5176866	3
AC007229.3	SRR5176867	2.008410953690105
AC007229.3	SRR5176868	1.0345942081893522
AC007229.3	SRR5176869	1.002447533024164
AC007229.3	SRR5176870	2.008990324488326
AC007229.3	SRR5176871	3.0101656808480106
AC007229.3	SRR5176872	1.0190046497146266
AC007229.3	SRR5861974	1.0130433677592323
AC007229.3	SRR5861975	2.018046314660707
AC007229.3	SRR5861976	1.0399586289520686
AC007229.3	SRR5861977	1
AC007229.3	SRR5861978	2.0096520188392386
AC007229.3	SRR5861979	1.0093120030410565
AC007229.3	SRR5861980	2
AC007229.3	SRR5861981	2.039563184278383
AC007229.3	SRR5861982	2.4666586258199232
AC007229.3	SRR5861983	1.001620814861132
AC007229.3	SRR5861984	1.0080145694811098
AC007229.3	SRR5861985	1.016870477919848
AC007229.3	SRR5861986	1.0019813525502068
AC007229.3	SRR5861987	1.0125418094627725
AC007229.3	SRR5861988	1.0170644141079765
AC007229.3	SRR5861989	1.0123248275356085
AC007229.3	SRR5861990	1.002984734062975
AC007229.3	SRR5861991	2
AC007229.3	SRR5861992	1
AC007229.3	SRR5861993	2.007388416459746
AC007229.3	SRR5861994	4
AC007229.3	SRR5861995	1.0086700213995727
AC007229.3	SRR5861996	1.0041304817450423
AC007229.3	SRR5861997	2.050678439474676
AC007229.3	SRR5861998	1.005699730212809
AC007229.3	SRR5861999	2.053485289278796
AC007229.3	SRR5862000	2.0007199085396894
AC007229.3	SRR5862001	1
AC007229.3	SRR5862002	1.0010802515574013
AC007229.3	SRR5862003	3.007238349933072
AC007229.3	SRR5862004	1.005509961707591
AC007229.3	SRR5862005	2.0104983483715184
AC007229.3	SRR5862006	1.0037417158678243
AC007229.3	SRR5862007	1.008386543590015
AC007229.3	SRR5862008	2.0079674922843656
AC007229.3	SRR5862009	2.007060857065853
AC007229.3	SRR5862010	1.0512612155664167
AC007229.3	SRR5862011	1.0355123965079929
AC007229.3	SRR5862012	1.006981535073958
AC007229.3	SRR5862013	1.0206507030732106
AC007229.3	SRR5862014	2.0097098333559456
AC007229.3	SRR5862015	1
AC007229.3	SRR5862016	1.0041644240028431
AC007229.3	SRR5862017	3.024576121933794
AC007229.3	SRR5862018	1.003980508346738
AC007229.3	SRR5862019	2.0157753054039076
AC007229.3	SRR5862020	2.006727467418416
AC007229.3	SRR5862021	1.0059502686096389
AC007229.3	SRR5862022	1.004809174154462
AC007229.3	SRR5862023	1.0074832063331325
AC007229.3	SRR5862024	2.0053720352279636
AC007229.3	SRR5862025	1
AC007229.3	SRR5862026	1.0076713729183253
AC007229.3	SRR5862027	3.0016199399685184
AC007229.3	SRR5862028	2.252507379659655
AC007229.3	SRR5862029	2.04049037879216
AC007229.3	SRR5862030	2.0054669550629356
AC007229.3	SRR5862031	3.020718112990796
AC007229.3	SRR5862032	2.1466323358189947
AC007229.3	SRR5862033	1.0014986090722051
AC007229.3	SRR5862034	1.2455161624992859
AC007229.3	SRR5862035	1.0065785570627332
AC007229.3	SRR5862036	1.0173435392265755
AC007229.3	SRR5862037	2.1085929146945075
AC007229.3	SRR5862038	1.0790945062876685
AC007229.3	SRR5862039	1.0017262519502124
AC007229.3	SRR5862040	2.012841843054101
AC007229.3	SRR5862041	1.0053378545594238
AC007229.3	SRR5862042	1.0088120788256298
AC007229.3	SRR5862043	1
AC007229.3	SRR5862044	1.0013658060526471
AC007229.3	SRR5862045	2.008322371249443
AC007229.3	SRR5862046	1.0077848171459254
AC007229.3	SRR5862047	3.026113726446061
AC007229.3	SRR5862048	1.2470733792685733
AC007229.3	SRR5862049	1.0154319201015636
AC007229.3	SRR5862050	1.0032749335441427
AC007229.3	SRR5862051	3.0140180763361135
AC007229.3	SRR5862052	2.0069109676924404
AC007229.3	SRR5862053	1.0026279344264644
AC007229.3	SRR5862054	1.0260159995067561
AC007229.3	SRR5862055	1.022637922005436
AC007229.3	SRR5862056	3.097946601010117
AC007229.3	SRR5862057	2.0153119610834875
AC007229.3	SRR5862058	2.004534328162457
AC007229.3	SRR5862059	2.0552406615442904
AC007229.3	SRR5862060	3.0272494423345906
AC007229.3	SRR5862061	1.0035611140644307
AC007229.3	SRR5862062	3.0016199399685184
AC007229.3	SRR5862063	3.0358423618082324
AC007229.3	SRR5862064	3.005811478279535
AC007229.3	SRR5862065	3.007554911303485
AC007229.3	SRR5862066	3.027072547705279
AC007229.3	SRR5862067	1.2340297724805442
AC007229.3	SRR5862068	1.0047202460643523
AC007229.3	SRR5862069	1.0021269302544924
AC007229.3	SRR5862070	1.0132753777637182
AC007229.3	SRR5862071	1.2517458229536382
AC007229.3	SRR5862072	1.2634612941586179
AC007229.3	SRR5862073	1.0018591027727843
AC007229.3	SRR5862074	1.0050281404219858
AC007229.3	SRR5862075	1.0067831870350152
AC007229.3	SRR5862076	1.240670619317905
AC007229.3	SRR5862077	1.003924078944055
AC007229.3	SRR5862078	1.0774391300279966
AC007229.3	SRR5862079	1.0101026655898993
AC007229.3	SRR5862080	3.054978663513101
AC007229.3	SRR5862081	1.0017262519502124
AC007229.3	SRR5862082	2.0075047063752867
AC007229.3	SRR5862083	3
AC007229.3	SRR5862084	1.0068169239958968
AC007229.3	SRR5862085	2
AC007229.3	SRR5862086	1.0247352824726355
AC007229.3	SRR5862087	1.0117536254353572
AC007229.3	SRR5862088	1.121721315480128
AC007229.3	SRR5862089	1.0122530679623452
AC007229.3	SRR5862090	2.003418937239314
AC007229.3	SRR5862091	1.013801038227387
AC007229.3	SRR5862092	3.06157264597391
AC007229.3	SRR5862093	3.0005398828258563
AC007229.3	SRR5862094	1.004945674737599
AC007229.3	SRR5862095	2.174663079917357
AC007229.3	SRR5862096	1.00216167005823
AC007229.3	SRR5862097	1.0052491741857592
AC007229.3	SRR5862098	0.9538079228387495
AC007229.3	SRR5862099	1.0223775623222773
AC007229.3	SRR5862100	1.0026279344264644
AC007229.3	SRR5862101	2.116298018770499
AC007229.3	SRR5862102	1.0057821343320803
AC007229.3	SRR5862103	2.046607125572933
AC007229.3	SRR5862104	2.0082674400482907
AC007229.3	SRR5862105	2.0220129522135095
AC007229.3	SRR5862106	1.0042530086827692
AC007229.3	SRR5862107	6
AC007229.3	SRR5862108	1.0068477100204776
AC007229.3	SRR5862109	1.0018010674864533
AC007229.3	SRR5862110	1.0079096360319266
AC007229.3	SRR5862111	1.0145480117591426
AC007229.3	SRR5862112	2.0074220496282456
AC007229.3	SRR5862113	1.0086741821784493
AC007229.3	SRR5862114	2.0092845338407344
AC007229.3	SRR5862115	1.006604989330596
AC007229.3	SRR5862116	3.0764571115423207
AC007229.3	SRR5862117	1.0032581242663439
AC007229.3	SRR5862118	1.008264382868182
AC007229.3	SRR5862119	1.004072314883195
AC007229.3	SRR5862120	2.0018002572549074
AC007229.3	SRR5862121	2.0028811893368133
AC007229.3	SRR5862122	1.0020393982806224
AC007229.3	SRR5862123	1.0022671640812284
AC007229.3	SRR5862124	1.0031693334479748
AC007229.3	SRR5862125	1
AC007229.3	SRR5862126	3.002700385882361
AC007229.3	SRR5862127	1.0037110248141228
AC007229.3	SRR5862128	1.003694208229873
AC007229.3	SRR5862129	1.0783123695394767
AC007229.3	SRR5862130	1.0061676406940727
AC007229.3	SRR5862131	2.004534328162457
AC007229.3	SRR5862132	2.0018002572549074
AC007229.3	SRR5862133	1.0009001286274537
AC007229.3	SRR5862134	1.000179960941952
AC007229.3	SRR5862135	2.0249917074331294
AC007229.3	SRR5862136	1.0003599542698447
AC007229.3	SRR5862137	1.00216167005823
AC007229.3	SRR5862138	1.0017663401829568
AC007229.3	SRR5862139	3.0039649202342478
AC007229.3	SRR5862140	2.0064885135261568
AC007229.3	SRR5862141	1.0042837163090255
AC007229.3	SRR5862142	1.0026860176139818
AC007229.3	SRR5862143	2.0007199085396894
AC007229.3	SRR5862144	1.0055802697075793
AC007229.3	SRR5862145	3.009824800632428
AC007229.3	SRR5862146	1.0133733985581923
AC007229.3	SRR5862147	1.0071624573529558
AC007229.3	SRR5862148	2
AC007229.3	SRR5862149	1.0056861235945007
AC007229.3	SRR5862150	1.0024033193392368
AC007229.3	SRR5862151	1.012046576634804
AC007229.3	SRR5862152	1.0238846982116432
AC007229.3	SRR5862153	1.0203447653969262
AC007229.3	SRR5862154	1
AC007229.3	SRR5862155	1.0062123152026168
AC007229.3	SRR5862156	1.0252722652958044
AC007229.3	SRR5862157	1.025782636703574
AC007229.3	SRR5862158	2.0010799599790126
AC007229.3	SRR5862159	1.005836351775555
AC007229.3	SRR5862160	1.0378044312625647
AC007229.3	SRR5862161	1.0027199110450864
AC007229.3	SRR5862162	3.0097743727990314
AC007229.3	SRR5862163	1.00338054475646
AC007229.3	SRR5862164	1.0500323204142936
AC007229.3	SRR5862165	2.0085887187455684
AC007229.3	SRR5862166	1.0042530086827692
AC007229.3	SRR5862167	4.008347310367268
AC007229.3	SRR5862168	1.0016514420012725
AC007229.3	SRR5862169	3.0108958902739107
AC007229.3	SRR5862170	1.0108445605752712
AC007229.3	SRR5862171	2.003364140155833
AC007229.3	SRR5862172	1.0017262519502124
AC007229.3	SRR5862173	1.024784508800748
AC007229.3	SRR5862174	1.0281268623068158
AC007229.3	SRR5862175	3.014478028258858
AC007229.3	SRR5862176	1.0171349305854593
AC007229.3	SRR5862177	1.0318682832320207
AC007229.3	SRR5862178	2.0570702848294458
AC007229.3	SRR5862179	1.0056022027105522
AC007229.3	SRR5862180	1.163410651901285
AC007229.3	SRR5862181	1.0208867172468703
AC007229.3	SRR5862182	2.018265256076457
AC007229.3	SRR5862183	1.0048842199437062
AC007229.3	SRR5862184	1.0267236692152724
AC007229.3	SRR5862185	1
AC007229.3	SRR5862186	1.0072483532698095
AC007229.3	SRR5862187	2.0148144851390377
AC007229.3	SRR5862188	1.0388632588888775
AC007229.3	SRR5862189	2.0161997148487254
AC007229.3	SRR5862190	1.0013216400780827
AC007229.3	SRR5862191	2.023022092363927
AC007229.3	SRR5862192	1.0447528439170217
AC007229.3	SRR5862193	1.0035611140644307
AC007229.3	SRR5862194	2.0103754016643216
AC007229.3	SRR5862195	2.0125359611158165
AC007229.3	SRR5862196	3
AC007229.3	SRR5862197	2
AC007229.3	SRR5862198	1.1006263597390016
AC007229.3	SRR5862199	2.004895066048328
AC007229.3	SRR5862200	2.004234937962998
AC007229.3	SRR5862201	0.42208503584533147
AC007229.3	SRR5862202	1.0211835799356648
AC007229.3	SRR5862203	1.033482189187862
AC007229.3	SRR5862204	5
AC007229.3	SRR5862205	2
AC007229.3	SRR5862206	1.0177742386248947
AC007229.3	SRR5862207	2.0105255497845578
AC007229.3	SRR5862208	2.0378547422718807
AC007229.3	SRR5862209	2.0222531624643754
AC007229.3	SRR5862210	3
AC007229.3	SRR5862211	1.0321768293944853
AC007229.3	SRR5862212	2.0175618743929937
AC007229.3	SRR5862213	1.0045749698980364
AC007229.3	SRR5862214	2.0053974358121973
AC007229.3	SRR5862215	1.00237266920921
AC007229.3	SRR5862216	1.0035611140644307
AC007229.3	SRR5862217	2.012875567593067
AC007229.3	SRR5862218	2.0018002572549074
AC007229.3	SRR5862219	1.022945581707591
AC007229.3	SRR5862220	1.0044644481525995
AC007229.3	SRR5862221	1
AC007229.3	SRR5862222	2.006461366732215
AC007229.3	SRR5862223	1.0429841423303001
AC007229.3	SRR5862224	1.007644976521039
AC007229.3	SRR5862225	1.0026238353323988
AC007229.3	SRR5862226	1.0010802515574013
AC007229.3	SRR5862227	1
AC007229.3	SRR5862228	1.0088969487682873
AC007229.3	SRR5862229	1.005836351775555
AC007229.3	SRR5862230	1.0052323318307268
AC007229.3	SRR5862231	1.0020393982806224
AC007229.3	SRR5862232	1.014834368071843
AC007229.3	SRR5862233	1.0027334775314678
AC007229.3	SRR5862234	1.0057748425146649
AC007229.3	SRR5862235	1.0009001286274537
AC007229.3	SRR5862236	1.002117468981499
AC007229.3	SRR5862237	3.092088701438565
AC007229.3	SRR5862238	2.00165076074851
AC007229.3	SRR5862239	1.007643811307862
AC007229.3	SRR5862240	2.005405634612623
AC007229.3	SRR5862241	1.0061466694539738
AC007229.3	SRR5862242	1.0068340878705722
AC007229.3	SRR5862243	2.0110169486422045
AC007229.3	SRR5862244	2.028125743373914
AC007229.3	SRR5862245	1.0179113233903831
AC007229.3	SRR5862246	2.0037677842332933
AC007229.3	SRR5862247	1.0054744269623506
AC007229.3	SRR5862248	1.0007200381067656
AC007229.3	SRR5862249	1.014824489514172
AC007229.3	SRR5862250	1.0105296734932572
AC007229.3	SRR5862251	2.0201665932215045
AC007229.3	SRR5862252	1.0025224024304422
AC007229.3	SRR5862253	2.0152444309306112
AC007229.3	SRR5862254	2.0139008999059707
AC007229.3	SRR5862255	1.0077540024677532
AC007229.3	SRR5862256	1.0154304835599302
AC007229.3	SRR5862257	1.0133332028501592
AC007229.3	SRR5862258	1.002553057138948
AC007229.3	SRR5862259	1.0134145129264618
AC007229.3	SRR5862260	2.128227039161063
AC007229.3	SRR5862261	1.0162121900968593
AC007229.3	SRR5862262	1.0096833750182226
AC007229.3	SRR5862263	1.045022718956458
AC007229.3	SRR5862264	1.0056553730873352
AC007229.3	SRR5862265	2.00237126348658
AC007229.3	SRR5862266	1.0054268373142463
AC007229.3	SRR5862267	1.0548744221196733
AC007229.3	SRR5862268	1.0048260094196193
AC007229.3	SRR5862269	2.0077561428793347
AC007229.3	SRR5862270	1.00221972623461
AC007229.3	SRR5862271	1.0058638639474222
AC007229.3	SRR5862272	1.011046062783337
AC007229.3	SRR5862273	1.0033150837538076
AC007229.3	SRR5862274	1.0045394681954278
AC007229.3	SRR5862275	1.0127963981370376
AC007229.3	SRR5862276	1.0171325747477717
AC007229.3	SRR5862277	1.012407898752116
AC007229.3	SRR5949109	1.1543930374941627
AC007229.3	SRR5949110	1.1528629477900991
AC007229.3	SRR5949111	1.1543861423812125
AC007229.3	SRR5949112	1.1544080735423528
AC007229.3	SRR5949113	1.1538715423531325
AC007229.3	SRR5949114	1.1544080735423528
AC007229.3	SRR5949115	1.1543930374941627
AC007229.3	SRR5949116	1.154328975937927
AC007229.3	SRR5949117	1.1544080735423528
AC007229.3	SRR5949118	1.1542881659876676
AC007229.3	SRR5949119	1.1544066367558048
AC007229.3	SRR5949120	1.1542612816136126
AC007229.3	SRR5949121	1.1542612816136126
AC007229.3	SRR5949122	1.1542193125787963
AC007229.3	SRR5949123	1.154119770897195
AC007229.3	SRR5949124	1.1536303593625774
AC007229.3	SRR5949125	1.1538715423531325
AC007229.3	SRR5949126	1.1542193125787963
AC007229.3	SRR5949127	1.1542612816136126
AC007229.3	SRR5949128	1.1542612816136126
AC007229.3	SRR5949129	1.1544066367558048
AC007229.3	SRR5949130	1.1543861423812125
AC007229.3	SRR5949131	1.1541454974839138
AC007229.3	SRR5949132	1.1543930374941627
AC007229.3	SRR5949133	1.154243037085462
AC007229.3	SRR5949134	1.1544080735423528
AC007229.3	SRR5949135	1.1543244711383844
AC007229.3	SRR5949136	1.1544018504729736
AC007229.3	SRR5949137	1.1537285180296166
AC007229.3	SRR5949138	1.154127700715507
AC007229.3	SRR5949139	1.1542342444976637
AC007229.3	SRR5949140	1.1543861423812125
AC007229.3	SRR5949141	1.1544066367558048
AC007229.3	SRR5949142	1.1543861423812125
AC007229.3	SRR5949143	1.1544080735423528
AC007229.3	SRR5949144	1.154243037085462
AC007229.3	SRR5949145	1.1542881659876676
AC007229.3	SRR5949146	1.1542763738511965
AC007229.3	SRR5949147	1.1542763738511965
AC007229.3	SRR5949148	1.1535426695350546
AC007229.3	SRR5949149	1.1542881659876676
AC007229.3	SRR5949150	1.1544066367558048
AC007229.3	SRR5949151	1.1540843659274789
AC007229.3	SRR5949152	1.1521642390280358
AC007229.3	SRR5949153	1.1542129775631536
AC007229.3	SRR5949154	1.1532523441137337
AC007229.3	SRR5949155	1.1542881659876676
AC007229.3	SRR5949156	1.1544066367558048
AC007229.3	SRR5949157	1.1543930374941627
AC007229.3	SRR5949158	1.1544080735423528
AC007229.3	SRR5949159	1.1533709738650642
AC007229.3	SRR5949160	1.1543930374941627
AC007229.3	SRR5949161	1.1543861423812125
AC007229.3	SRR5949162	1.1543930374941627
AC007229.3	SRR5949163	1.1544066367558048
AC007229.3	SRR5949164	1.1544080735423528
AC007229.3	SRR5949165	1.154328975937927
AC007229.3	SRR5949166	1.1544066367558048
AC007229.3	SRR5949167	1.1542881659876676
AC007229.3	SRR5949168	1.1543244711383844
AC007229.3	SRR5949169	1.1496389762158161
AC007229.3	SRR5949170	1.1544080735423528
AC007229.3	SRR5949171	1.1541360045743105
AC007229.3	SRR5949172	1.1541312616794417
AC007229.3	SRR5949173	1.1543930374941627
AC007229.3	SRR5949174	1.1543244711383844
AC007229.3	SRR5949175	1.1544080735423528
AC007229.3	SRR5949176	1.1542612816136126
AC007229.3	SRR5949177	1.153448318699057
AC007229.3	SRR5949178	1.1542129775631536
AC007229.3	SRR5949179	1.1543861423812125
AC007229.3	SRR5949180	1.1544080735423528
AC007229.3	SRR5949181	1.1544018504729736
AC007229.3	SRR5949182	1.154243037085462
AC007229.3	SRR5949183	1.1544066367558048
AC007229.3	SRR5949184	1.154328975937927
AC007229.3	SRR5949185	1.1541312616794417
AC007229.3	SRR5949186	1.1537962707798937
AC007229.3	SRR5949187	1.1543861423812125
AC007229.3	SRR5949188	1.1543244711383844
AC007229.3	SRR5949189	1.1542612816136126
AC007229.3	SRR5949190	1.1542881659876676
AC007229.3	SRR5949191	1.1541360045743105
AC007229.3	SRR5949192	1.1544018504729736
AC007229.3	SRR5949193	1.1544066367558048
AC007229.3	SRR5949194	1.1543930374941627
AC007229.3	SRR5949195	1.154328975937927
AC007229.3	SRR5949196	1.1541454974839138
AC007229.3	SRR5949197	1.153987572083333
AC007229.3	SRR5949198	1.153664101949279
AC007229.3	SRR5949199	1.1542193125787963
AC007229.3	SRR5949200	1.1544066367558048
AC007229.3	SRR5949201	1.1543244711383844
AC007229.3	SRR5949202	1.1543861423812125
AC007229.3	SRR5949203	1.1543930374941627
AC007229.3	SRR5949204	1.1544080735423528
AC007229.3	SRR5949205	1.1544080735423528
AC007229.3	SRR5949206	1.154328975937927
AC007229.3	SRR5949207	1.1543930374941627
AC007229.3	SRR5949208	1.1542881659876676
AC007229.3	SRR5949209	1.1543930374941627
AC007229.3	SRR5949210	1.1543244711383844
AC007229.3	SRR5949211	1.153987572083333
AC007229.3	SRR5949212	1.1543244711383844
AC007229.3	SRR5949213	1.1542193125787963
AC007229.3	SRR5949214	1.1540843659274789
AC007229.3	SRR5949215	1.1542612816136126
AC007229.3	SRR5949216	1.1543861423812125
AC007229.3	SRR5949217	1.1543861423812125
AC007229.3	SRR5949218	1.154243037085462
AC007229.3	SRR5949219	1.1542612816136126
AC007229.3	SRR5949220	1.1541312616794417
AC007229.3	SRR5949221	1.1540843659274789
AC007229.3	SRR5949222	1.1542612816136126
AC007229.3	SRR5949223	1.153448318699057
AC007229.3	SRR5949224	1.1542881659876676
AC007229.3	SRR5949225	1.1544018504729736
AC007229.3	SRR5949226	1.1541312616794417
AC007229.3	SRR5949227	1.1544018504729736
AC007229.3	SRR5949228	1.1541312616794417
AC007229.3	SRR5949229	1.154127700715507
AC007229.3	SRR5949230	1.1544018504729736
AC007229.3	SRR5949231	1.1540286696356532
AC007229.3	SRR5949232	1.1531855179973023
AC007229.3	SRR5949233	1.1534681238443258
AC007229.3	SRR5949234	1.1542763738511965
AC007229.3	SRR5949235	1.1541312616794417
AC007229.3	SRR5949236	1.1524349692227331
AC007229.3	SRR5949237	1.1540286696356532
AC007229.3	SRR5949238	1.1537962707798937
AC007229.3	SRR5949239	1.152631812552955
AC007229.3	SRR5949240	1.1544066367558048
AC007229.3	SRR5949241	1.1542881659876676
AC007229.3	SRR5949242	1.1543244711383844
AC007229.3	SRR5949243	1.1542129775631536
AC007229.3	SRR5949244	1.1542193125787963
AC007229.3	SRR5949245	1.1542342444976637
AC007229.3	SRR5949246	1.1543244711383844
AC007229.3	SRR5949247	1.1542763738511965
AC007229.3	SRR5949248	1.154328975937927
AC007229.3	SRR5949249	1.1543244711383844
AC007229.3	SRR5949250	1.1544080735423528
AC007229.3	SRR5949251	1.1541312616794417
AC007229.3	SRR5949252	1.1543930374941627
AC007229.3	SRR5949253	1.1539534513664238
AC007229.3	SRR5949254	1.154099487946561
AC007229.3	SRR5949255	1.1543244711383844
AC007229.3	SRR5949256	1.1542342444976637
AC007229.3	SRR5949257	1.1544066367558048
AC007229.3	SRR5949258	1.1544066367558048
AC007229.3	SRR5949259	1.154243037085462
AC007229.3	SRR5949260	1.1544080735423528
AC007229.3	SRR5949261	1.1544080735423528
AC007229.3	SRR5949262	1.1542193125787963
AC007229.3	SRR5949263	1.154328975937927
AC007229.3	SRR5949264	1.1542612816136126
AC007229.3	SRR5949265	1.1543930374941627
AC007229.3	SRR5949266	1.1537626724135772
AC007229.3	SRR5949267	1.1537779842987672
AC007229.3	SRR5949268	1.1544018504729736
AC007229.3	SRR5949269	1.1542612816136126
AC007229.3	SRR5949270	1.1543244711383844
AC007229.3	SRR5949271	1.154119770897195
AC007229.3	SRR5949272	1.1544080735423528
AC007229.3	SRR5949273	1.1544080735423528
AC007229.3	SRR5949274	1.154328975937927
AC007229.3	SRR5949275	1.154099487946561
AC007229.3	SRR5949276	1.154328975937927
AC007229.3	SRR5949277	1.1537779842987672
AC007229.3	SRR5949278	1.1543861423812125
AC007229.3	SRR5949279	1.1543861423812125
AC007229.3	SRR5949280	1.1539394876265088
AC007229.3	SRR5949281	1.1543244711383844
AC007229.3	SRR5949282	1.1544080735423528
AC007229.3	SRR5949283	1.154043329391819
AC007229.3	SRR5949284	1.1544080735423528
AC007229.3	SRR5949285	1.15317802952035
AC007229.3	SRR5949286	1.1537626724135772
AC007229.3	SRR5949287	1.1544080735423528
AC007229.3	SRR5949288	1.1543861423812125
AC007229.3	SRR5949289	1.1542342444976637
AC007229.3	SRR5949290	1.1544080735423528
AC007229.3	SRR5949291	1.1543244711383844
AC007229.3	SRR5949292	1.1542763738511965
AC007229.3	SRR5949293	1.1544080735423528
AC007229.3	SRR5949294	1.1544066367558048
AC007229.3	SRR5949295	1.1543861423812125
AC007229.3	SRR5949296	1.154328975937927
AC007229.3	SRR5949297	1.1543930374941627
AC007229.3	SRR5949298	1.1541360045743105
AC007229.3	SRR5949299	1.1542763738511965
AC007229.3	SRR5949300	1.1544066367558048
AC007229.3	SRR5949301	1.1544066367558048
AC007229.3	SRR5949302	1.1542342444976637
AC007229.3	SRR5949303	1.1541454974839138
AC007229.3	SRR5949304	1.1543930374941627
AC007229.3	SRR5949305	1.1537652995205527
AC007229.3	SRR5949306	1.1543930374941627
AC007229.3	SRR5949307	1.1542763738511965
AC007229.3	SRR5949308	1.154328975937927
AC007229.3	SRR5949309	1.154119770897195
AC007229.3	SRR5949310	1.154119770897195
AC007229.3	SRR5949311	1.1542763738511965
AC007229.3	SRR5949312	1.1540148338403267
AC007229.3	SRR5949313	1.1543244711383844
AC007229.3	SRR5949314	1.1544066367558048
AC007229.3	SRR5949315	1.1543244711383844
AC007229.3	SRR5949316	1.1543861423812125
AC007229.3	SRR5949317	1.1538444146289202
AC007229.3	SRR5949318	1.1537833054890896
AC007229.3	SRR5949319	1.1543930374941627
AC007229.3	SRR5949320	1.1544080735423528
AC007229.3	SRR5949321	1.154328975937927
AC007229.3	SRR5949322	1.1541312616794417
AC007229.3	SRR5949323	1.1543244711383844
AC007229.3	SRR5949324	1.1544080735423528
AC007229.3	SRR5949325	1.1543861423812125
AC007229.3	SRR5949326	1.1542881659876676
AC007229.3	SRR5949327	1.1537250692562184
AC007229.3	SRR5949328	1.1543930374941627
AC007229.3	SRR5949329	1.1544018504729736
AC007229.3	SRR5949330	1.1543861423812125
AC007229.3	SRR5949331	1.1544018504729736
AC007229.3	SRR5949332	1.1544080735423528
AC007229.3	SRR5949333	1.154243037085462
AC007229.3	SRR5949334	1.1540148338403267
AC007229.3	SRR5949335	1.1544066367558048
AC007229.3	SRR5949336	1.154328975937927
AC007229.3	SRR5949337	1.1544018504729736
AC007229.3	SRR5949338	1.1543861423812125
AC007229.3	SRR5949339	1.1543861423812125
AC007229.3	SRR5949340	1.1541454974839138
AC007229.3	SRR5949341	1.154243037085462
AC007229.3	SRR5949342	1.1543930374941627
AC007229.3	SRR5949343	1.1542612816136126
AC007229.3	SRR5949344	1.1543930374941627
AC007229.3	SRR5949345	1.1544018504729736
AC007229.3	SRR5949346	1.1537070312898285
AC007229.3	SRR5949347	1.1539830975965506
AC007229.3	SRR5949348	1.1532222126984653
AC007229.3	SRR5949349	1.1543861423812125
AC007229.3	SRR5949350	1.1543244711383844
AC007229.3	SRR5949351	1.1543244711383844
AC007229.3	SRR5949352	1.154328975937927
AC007229.3	SRR5949353	1.1543861423812125
AC007229.3	SRR5949354	1.154118135098547
AC007229.3	SRR5949355	1.1542763738511965
AC007229.3	SRR5949356	1.1513016641508953
AC007229.3	SRR5949357	1.1542763738511965
AC007229.3	SRR5949358	1.1542881659876676
AC007229.3	SRR5949359	1.1543861423812125
AC007229.3	SRR5949360	1.154243037085462
AC007229.3	SRR5949361	1.1542342444976637
AC007229.3	SRR5949362	1.1524373005233322
AC007229.3	SRR5949363	1.1544018504729736
AC007229.3	SRR5949364	1.1541344162995835
AC007229.3	SRR5949365	1.1539534513664238
AC007229.3	SRR5949366	1.151926209413139
AC007229.3	SRR5949367	1.1544080735423528
AC007229.3	SRR5949368	1.1532936707463863
AC007229.3	SRR5949369	1.1544066367558048
AC007229.3	SRR5949370	1.1543930374941627
AC007229.3	SRR5949371	1.154127700715507
AC007229.3	SRR5949372	1.1543244711383844
AC007229.3	SRR5949373	1.1544066367558048
AC007229.3	SRR5949374	1.1541360045743105
AC007229.3	SRR5949375	1.1544066367558048
AC007229.3	SRR5949376	1.1544080735423528
AC007229.3	SRR5949377	1.1543861423812125
AC007229.3	SRR5949378	1.1544080735423528
AC007229.3	SRR5949379	1.1543861423812125
AC007229.3	SRR5949380	1.1535503567545762
AC007229.3	SRR5949381	1.154099487946561
AC007229.3	SRR5949382	1.1543861423812125
AC007229.3	SRR5949383	1.1542193125787963
AC007229.3	SRR5949384	1.1544066367558048
AC007229.3	SRR5949385	1.1542129775631536
AC007229.3	SRR5949386	1.1544080735423528
AC007229.3	SRR5949387	1.1525536382806347
AC007229.3	SRR5949388	1.1540976154898277
AC007229.3	SRR5949389	1.1544080735423528
AC007229.3	SRR5949390	1.1543244711383844
AC007229.3	SRR5949391	1.154127700715507
AC007229.3	SRR5949392	1.1544080735423528
AC007229.3	SRR5949393	1.154127700715507
AC007229.3	SRR5949394	1.154043329391819
AC007229.3	SRR5949395	1.1543244711383844
AC007229.3	SRR5949396	1.153448318699057
AC007229.3	SRR5949397	1.1544066367558048
AC007229.3	SRR5949398	1.1544018504729736
AC007229.3	SRR5949399	1.1542881659876676
AC007229.3	SRR5949400	1.148920661344423
AC007229.3	SRR5949401	1.1544080735423528
AC007229.3	SRR5949402	1.154328975937927
AC007229.3	SRR5949403	1.1542612816136126
AC007229.3	SRR5949404	1.154127700715507
AC007229.3	SRR5949405	1.1543861423812125
AC007229.3	SRR5949406	1.1544066367558048
AC007229.3	SRR5949407	1.1543861423812125
AC007229.3	SRR5949408	1.1543861423812125
AC007229.3	SRR5949409	1.154328975937927
AC007229.3	SRR5949410	1.1543244711383844
AC007229.3	SRR5949411	1.1544080735423528
AC007229.3	SRR5949412	1.1542193125787963
AC007229.3	SRR5949413	1.154328975937927
AC007229.3	SRR5949414	1.1543861423812125
AC007229.3	SRR5949415	1.1543930374941627
AC007229.3	SRR5949416	1.1542763738511965
AC007229.3	SRR5949417	1.154243037085462
AC007229.3	SRR5949418	1.1543861423812125
AC007229.3	SRR5949419	1.1543930374941627
AC007229.3	SRR5949420	1.1542612816136126
AC007229.3	SRR5949421	1.154243037085462
AC007229.3	SRR5949422	1.1542763738511965
AC007229.3	SRR5949423	1.1542763738511965
AC007229.3	SRR5949424	1.1544080735423528
AC007229.3	SRR5949425	1.1542763738511965
AC007229.3	SRR5949426	1.1544018504729736
AC007229.3	SRR5949427	1.1542763738511965
AC007229.3	SRR5949428	1.1544080735423528
AC007229.3	SRR5949429	1.1540148338403267
AC007229.3	SRR5949430	1.1543244711383844
AC007229.3	SRR5949431	1.1543244711383844
AC007229.3	SRR5949432	1.1543244711383844
AC007229.3	SRR5949433	1.1542881659876676
AC007229.3	SRR5949434	1.1542881659876676
AC007229.3	SRR5949435	1.154099487946561
AC007229.3	SRR5949436	1.1543930374941627
AC007229.3	SRR5949437	1.1540843659274789
AC007229.3	SRR5949438	1.1539394876265088
AC007229.3	SRR5949439	1.1544066367558048
AC007229.3	SRR5949440	1.1544018504729736
AC007229.3	SRR5949441	1.1544018504729736
AC007229.3	SRR5949442	1.1541454974839138
AC007229.3	SRR5949443	1.1541312616794417
AC007229.3	SRR5949444	1.1540976154898277
AC007229.3	SRR5949445	1.1544080735423528
AC007229.3	SRR5949446	1.1543930374941627
AC007229.3	SRR5949447	1.1542763738511965
AC007229.3	SRR5949448	1.1544080735423528
AC007229.3	SRR5949449	1.1544080735423528
AC007229.3	SRR5949450	1.1543244711383844
AC007229.3	SRR5949451	1.154243037085462
AC007229.3	SRR5949452	1.1543244711383844
AC007229.3	SRR5949453	1.1542881659876676
AC007229.3	SRR5949454	1.1543861423812125
AC007229.3	SRR5949455	1.1542763738511965
AC007229.3	SRR5949456	1.1544066367558048
AC007229.3	SRR5949457	1.1544018504729736
AC007229.3	SRR5949458	1.1544066367558048
AC007229.3	SRR5949459	1.154328975937927
AC007229.3	SRR5949460	1.154127700715507
AC007229.3	SRR5949461	1.1537652995205527
AC007229.3	SRR5949462	1.1543930374941627
AC007229.3	SRR5949463	1.154119770897195
AC007229.3	SRR5949464	1.154043329391819
AC007229.3	SRR5949465	1.1535426695350546
AC007229.3	SRR5949466	1.1543244711383844
AC007229.3	SRR5949467	1.1536303593625774
AC007229.3	SRR5949468	1.1543930374941627
AC007229.3	SRR5949469	1.1544018504729736
AC007229.3	SRR5949470	1.1543861423812125
AC007229.3	SRR5949471	1.1542612816136126
AC007229.3	SRR5949472	1.154328975937927
AC007229.3	SRR5949473	1.154328975937927
AC007229.3	SRR5949474	1.1542881659876676
AC007229.3	SRR5949475	1.1544080735423528
AC007229.3	SRR5949476	1.1543861423812125
AC007229.3	SRR5949477	1.1544018504729736
AC007229.3	SRR5949478	1.154328975937927
AC007229.3	SRR5949479	1.1538444146289202
AC007229.3	SRR5949480	1.1542612816136126
AC007229.3	SRR5949481	1.1544018504729736
AC007229.3	SRR5949482	1.1542129775631536
AC007229.3	SRR5949483	1.1538715423531325
AC007229.3	SRR5949484	1.1543930374941627
AC007229.3	SRR5949485	1.154099487946561
AC007229.3	SRR5949486	1.1542881659876676
AC007229.3	SRR5949487	1.1542612816136126
AC007229.3	SRR5949488	1.153987572083333
AC007229.3	SRR5949489	1.1541344162995835
AC007229.3	SRR5949490	1.1541360045743105
AC007229.3	SRR5949491	1.1542881659876676
AC007229.3	SRR5949492	1.1541360045743105
AC007229.3	SRR5949493	1.154243037085462
AC007229.3	SRR5949494	1.1544080735423528
AC007229.3	SRR5949495	1.154043329391819
AC007229.3	SRR5949496	1.154243037085462
AC007229.3	SRR5949497	1.1542612816136126
AC007229.3	SRR5949498	1.1543244711383844
AC007229.3	SRR5949499	1.1543930374941627
AC007229.3	SRR5949500	1.1539304288892793
AC007229.3	SRR5949501	1.1541014455850918
AC007229.3	SRR5949502	1.1538715423531325
AC007229.3	SRR5949503	1.1541360045743105
AC007229.3	SRR5949504	1.1543861423812125
AC007229.3	SRR5949505	1.1543861423812125
AC007229.3	SRR5949506	1.1543861423812125
AC007229.3	SRR5949507	1.1544018504729736
AC007229.3	SRR5949508	1.154243037085462
AC007229.3	SRR5949509	1.1543930374941627
AC007229.3	SRR5949510	1.1543861423812125
AC007229.3	SRR5949511	1.1536505416463956
AC007229.3	SRR5949512	1.154328975937927
AC007229.3	SRR5949513	1.1544080735423528
AC007229.3	SRR5949514	1.1542193125787963
AC007229.3	SRR5949515	1.1543930374941627
AC007229.3	SRR5949516	1.1543244711383844
AC007229.3	SRR5949517	1.1543861423812125
AC007229.3	SRR5949518	1.1538715423531325
AC007229.3	SRR5949519	1.154127700715507
AC007229.3	SRR5949520	1.1544018504729736
AC007229.3	SRR5949521	1.1537652995205527
AC007229.3	SRR5949522	1.154328975937927
AC007229.3	SRR5949523	1.1544018504729736
AC007229.3	SRR5949524	1.1542881659876676
AC007229.3	SRR5949525	1.1542129775631536
AC007229.3	SRR5949526	1.1537070312898285
AC007229.3	SRR5949527	1.1541360045743105
AC007229.3	SRR5949528	1.1530313538581225
AC007229.3	SRR5949529	1.1541014455850918
AC007229.3	SRR5949530	1.1542612816136126
AC007229.3	SRR5949531	1.1542342444976637
AC007229.3	SRR5949532	1.1544018504729736
AC007229.3	SRR5949533	1.1544080735423528
AC007229.3	SRR5949534	1.1541454974839138
AC007229.3	SRR5949535	1.1543861423812125
AC007229.3	SRR5949536	1.1543244711383844
AC007229.3	SRR5949537	1.1543930374941627
AC007229.3	SRR5949538	1.1544080735423528
AC007229.3	SRR5949539	1.154243037085462
AC007229.3	SRR5949540	1.154118135098547
AC007229.3	SRR5949541	1.1542612816136126
AC007229.3	SRR5949542	1.154118135098547
AC007229.3	SRR5949543	1.1542881659876676
AC007229.3	SRR5949544	1.154127700715507
AC007229.3	SRR5949545	1.1539394876265088
AC007229.3	SRR5949546	1.1541360045743105
AC007229.3	SRR5949547	1.1544080735423528
AC007229.3	SRR5949548	1.1542881659876676
AC007229.3	SRR5949549	1.1539534513664238
AC007229.3	SRR5949550	1.1535522984622077
AC007229.3	SRR5949551	1.154328975937927
AC007229.3	SRR5949552	1.154043329391819
AC007229.3	SRR5949553	1.1544066367558048
AC007229.3	SRR5949554	1.1543861423812125
AC007229.3	SRR5949555	1.1452054817287791
AC007229.3	SRR5949556	1.154099487946561
AC007229.3	SRR5949557	1.1542881659876676
AC007229.3	SRR5949558	1.154043329391819
AC007229.3	SRR5949559	1.1543930374941627
AC007229.3	SRR5949560	1.1544018504729736
AC007229.3	SRR5949561	1.1537430923754213
AC007229.3	SRR5949562	1.154043329391819
AC007229.3	SRR5949563	1.1542763738511965
AC007229.3	SRR5949564	1.1543244711383844
AC007229.3	SRR5949565	1.1544066367558048
AC007229.3	SRR5949566	1.1543861423812125
AC007229.3	SRR5949567	1.1525839843466772
AC007229.3	SRR5949568	1.154118135098547
AC007229.3	SRR5949569	1.1541344162995835
AC007229.3	SRR5949570	1.1542612816136126
AC007229.3	SRR5949571	1.1539394876265088
AC007229.3	SRR5949572	1.154243037085462
AC007229.3	SRR5949573	1.154127700715507
AC007229.3	SRR5949574	1.1542881659876676
AC007229.3	SRR5949575	1.154243037085462
AC007229.3	SRR5949576	1.1542129775631536
AC007229.3	SRR5949577	1.1544066367558048
AC007229.3	SRR5949578	1.1543244711383844
AC007229.3	SRR5949579	1.1543861423812125
AC007229.3	SRR5949580	1.1543930374941627
AC007229.3	SRR5949581	1.1544080735423528
AC007229.3	SRR5949582	1.1541312616794417
AC007229.3	SRR5949583	1.1544066367558048
AC007229.3	SRR5949584	1.1536496989510014
AC007229.3	SRR5949585	1.154328975937927
AC007229.3	SRR5949586	1.1543861423812125
AC007229.3	SRR5949587	1.1542881659876676
AC007229.3	SRR5949588	1.153006792126308
AC007229.3	SRR5949589	1.1544080735423528
AC007229.3	SRR5949590	1.1541360045743105
AC007229.3	SRR5949591	1.1543930374941627
AC007229.3	SRR5949592	1.154243037085462
AC007229.3	SRR5949593	1.1544080735423528
AC007229.3	SRR5949594	1.154243037085462
AC007229.3	SRR5949595	1.154328975937927
AC007229.3	SRR5949596	1.1542763738511965
AC007229.3	SRR5949597	1.1538444146289202
AC007229.3	SRR5949598	1.154243037085462
AC007229.3	SRR5949599	1.1541344162995835
AC007229.3	SRR5949600	1.1543244711383844
AC007229.3	SRR5949601	1.154243037085462
AC007229.3	SRR5949602	1.1544080735423528
AC007229.3	SRR5949603	1.1543244711383844
AC007229.3	SRR5949604	1.1543861423812125
AC007229.3	SRR5949605	1.154243037085462
AC007229.3	SRR5949606	1.1540286696356532
AC007229.3	SRR5949607	1.1544018504729736
AC007229.3	SRR5949608	1.1537626724135772
AC007229.3	SRR5950246	1.1537070312898285
AC007229.3	SRR5950247	1.154043329391819
AC007229.3	SRR5950248	1.1543244711383844
AC007229.3	SRR5950249	1.1544080735423528
AC007229.3	SRR5950250	1.154127700715507
AC007229.3	SRR5950251	1.1543244711383844
AC007229.3	SRR5950252	1.1544066367558048
AC007229.3	SRR5950253	1.154328975937927
AC007229.3	SRR5950254	1.1540286696356532
AC007229.3	SRR5950255	1.1537779842987672
AC007229.3	SRR5950256	1.1532906572572703
AC007229.3	SRR5950257	1.1532936707463863
AC007229.3	SRR5950258	1.1543244711383844
AC007229.3	SRR5950259	1.1544018504729736
AC007229.3	SRR5950260	1.1543244711383844
AC007229.3	SRR5950261	1.154328975937927
AC007229.3	SRR5950262	1.1542193125787963
AC007229.3	SRR5950263	1.1538444146289202
AC007229.3	SRR5950264	1.1544018504729736
AC007229.3	SRR5950265	1.154119770897195
AC007229.3	SRR5950266	1.153620340573047
AC007229.3	SRR5950267	1.1543244711383844
AC007229.3	SRR5950268	1.154243037085462
AC007229.3	SRR5950269	1.154243037085462
AC007229.3	SRR5950270	1.1539830975965506
AC007229.3	SRR5950271	1.1544080735423528
AC007229.3	SRR5950272	1.1544080735423528
AC007229.3	SRR5950273	1.1543244711383844
AC007229.3	SRR5950274	1.1541454974839138
AC007229.3	SRR5950275	1.154243037085462
AC007229.3	SRR5950276	1.154328975937927
AC007229.3	SRR5950277	1.1541014455850918
AC007229.3	SRR5950278	1.1537962707798937
AC007229.3	SRR5950279	1.1542763738511965
AC007229.3	SRR5950280	1.1543861423812125
AC007229.3	SRR5950281	1.154243037085462
AC007229.3	SRR5950282	1.1538447615632836
AC007229.3	SRR5950283	1.154328975937927
AC007229.3	SRR5950284	1.1511338942169325
AC007229.3	SRR5950285	1.1540843659274789
AC007229.3	SRR5950286	1.1542881659876676
AC007229.3	SRR5950287	1.1537833054890896
AC007229.3	SRR5950288	1.154118135098547
AC007229.3	SRR5950289	1.1537285180296166
AC007229.3	SRR5950290	1.1543930374941627
AC007229.3	SRR5950291	1.154328975937927
AC007229.3	SRR5950292	1.1542193125787963
AC007229.3	SRR5950293	1.1539534513664238
AC007229.3	SRR5950294	1.1544080735423528
AC007229.3	SRR5950295	1.1544018504729736
AC007229.3	SRR5950296	1.1542881659876676
AC007229.3	SRR5950297	1.1540286696356532
AC007229.3	SRR5950298	1.1543930374941627
AC007229.3	SRR5950299	1.1541312616794417
AC007229.3	SRR5950300	1.1542881659876676
AC007229.3	SRR5950301	1.154328975937927
AC007229.3	SRR5950302	1.1542612816136126
AC007229.3	SRR5950303	1.1541454974839138
AC007229.3	SRR5950304	1.1540148338403267
AC007229.3	SRR5950305	1.1542612816136126
AC007229.3	SRR5950306	1.1542763738511965
AC007229.3	SRR5950307	1.1541344162995835
AC007229.3	SRR5950308	1.1542342444976637
AC007229.3	SRR5950309	1.154243037085462
AC007229.3	SRR5950310	1.1542881659876676
AC007229.3	SRR5950311	1.1543930374941627
AC007229.3	SRR5950312	1.1543244711383844
AC007229.3	SRR5950313	1.1542193125787963
AC007229.3	SRR5950314	1.1543930374941627
AC007229.3	SRR5950315	1.154328975937927
AC007229.3	SRR5950316	1.1544018504729736
AC007229.3	SRR5950317	1.1541312616794417
AC007229.3	SRR5950318	1.153987572083333
AC007229.3	SRR5950319	1.1541360045743105
AC007229.3	SRR5950320	1.154119770897195
AC007229.3	SRR5950321	1.1533709738650642
AC007229.3	SRR5950322	1.1541014455850918
AC007229.3	SRR5950323	1.1542129775631536
AC007229.3	SRR5950324	1.1543930374941627
AC007229.3	SRR5950325	1.1542342444976637
AC007229.3	SRR5950326	1.154099487946561
AC007229.3	SRR5950327	1.154328975937927
AC007229.3	SRR5950328	1.154328975937927
AC007229.3	SRR5950329	1.1542881659876676
AC007229.3	SRR5950330	1.1541360045743105
AC007229.3	SRR5950331	1.1539534513664238
AC007229.3	SRR5950332	1.1540843659274789
AC007229.3	SRR5950333	1.1543930374941627
AC007229.3	SRR5950334	1.1543861423812125
AC007229.3	SRR5950335	1.1543861423812125
AC007229.3	SRR5950336	1.1524373005233322
AC007229.3	SRR5950337	1.1537962707798937
AC007229.3	SRR5950338	1.1531742805487435
AC007229.3	SRR5950339	1.1544080735423528
AC007229.3	SRR5950340	1.154127700715507
AC007229.3	SRR5950341	1.1542129775631536
AC007229.3	SRR5950342	1.1544018504729736
AC007229.3	SRR5950343	1.1542342444976637
AC007229.3	SRR5950344	1.154119770897195
AC007229.3	SRR5950345	1.1542129775631536
AC007229.3	SRR5950346	1.1543244711383844
AC007229.3	SRR5950347	1.1542612816136126
AC007229.3	SRR5950348	1.1541344162995835
AC007229.3	SRR5950349	1.1544066367558048
AC007229.3	SRR5950350	1.1543244711383844
AC007229.3	SRR5950351	1.1538444146289202
AC007229.3	SRR5950352	1.1544018504729736
AC007229.3	SRR5950353	1.1542763738511965
AC007229.3	SRR5950354	1.1544018504729736
AC007229.3	SRR5950355	1.1544066367558048
AC007229.3	SRR5950356	1.1537250692562184
AC007229.3	SRR5950357	1.1544018504729736
AC007229.3	SRR5950358	1.1541344162995835
AC007229.3	SRR5950359	1.1542342444976637
AC007229.3	SRR5950360	1.1544018504729736
AC007229.3	SRR5950361	1.1544018504729736
AC007229.3	SRR5950362	1.1541014455850918
AC007229.3	SRR5950363	1.153987572083333
AC007229.3	SRR5950364	1.1541360045743105
AC007229.3	SRR5950365	1.154328975937927
AC007229.3	SRR5950366	1.1543930374941627
AC007229.3	SRR5950367	1.153400485650712
AC007229.3	SRR5950368	1.1542763738511965
AC007229.3	SRR5950369	1.1544080735423528
AC007229.3	SRR5950370	1.1544080735423528
AC007229.3	SRR5950371	1.154328975937927
AC007229.3	SRR5950372	1.1543861423812125
AC007229.3	SRR5950373	1.1542881659876676
AC007229.3	SRR5950374	1.1542763738511965
AC007229.3	SRR5950375	1.1543930374941627
AC007229.3	SRR5950376	1.1544066367558048
AC007229.3	SRR5950377	1.1539830975965506
AC007229.3	SRR5950378	1.1542881659876676
AC007229.3	SRR5950379	1.1542763738511965
AC007229.3	SRR5950380	1.1542129775631536
AC007229.3	SRR5950381	1.1542129775631536
AC007229.3	SRR5950382	1.1537779842987672
AC007229.3	SRR5950383	1.1544066367558048
AC007229.3	SRR5950384	1.1543930374941627
AC007229.3	SRR5950385	1.1537833054890896
AC007229.3	SRR5950386	1.1543861423812125
AC007229.3	SRR5950387	1.1544066367558048
AC007229.3	SRR5950388	1.154127700715507
AC007229.3	SRR5950389	1.1532222126984653
AC007229.3	SRR5950390	1.1542129775631536
AC007229.3	SRR5950391	1.1544080735423528
AC007229.3	SRR5950392	1.1537652995205527
AC007229.3	SRR5950393	1.1541312616794417
AC007229.3	SRR5950394	1.154243037085462
AC007229.3	SRR5950395	1.1542763738511965
AC007229.3	SRR5950396	1.1544080735423528
AC007229.3	SRR5950397	1.1544066367558048
AC007229.3	SRR5950398	1.1544066367558048
AC007229.3	SRR5950399	1.1542193125787963
AC007229.3	SRR5950400	1.1542342444976637
AC007229.3	SRR5950401	1.1543930374941627
AC007229.3	SRR5950402	1.1543930374941627
AC007229.3	SRR5950403	1.154328975937927
AC007229.3	SRR5950404	1.1543861423812125
AC007229.3	SRR5950405	1.153006792126308
AC007229.3	SRR5950406	1.1539304288892793
AC007229.3	SRR5950407	1.154328975937927
AC007229.3	SRR5950408	1.154043329391819
AC007229.3	SRR5950409	1.154127700715507
AC007229.3	SRR5950410	1.1544080735423528
AC007229.3	SRR5950411	1.1544018504729736
AC007229.3	SRR5950412	1.1543861423812125
AC007229.3	SRR5950413	1.1539394876265088
AC007229.3	SRR5950414	1.1543861423812125
AC007229.3	SRR5950415	1.1542193125787963
AC007229.3	SRR5950416	1.154243037085462
AC007229.3	SRR5950417	1.1542342444976637
AC007229.3	SRR5950418	1.154119770897195
AC007229.3	SRR5950419	1.1544018504729736
AC007229.3	SRR5950420	1.1542612816136126
AC007229.3	SRR5950421	1.1541312616794417
AC007229.3	SRR5950422	1.1540976154898277
AC007229.3	SRR5950423	1.1542881659876676
AC007229.3	SRR5950424	1.1543930374941627
AC007229.3	SRR5950425	1.1544018504729736
AC007229.3	SRR5950426	1.1541344162995835
AC007229.3	SRR5950427	1.1543861423812125
AC007229.3	SRR5950428	1.1542881659876676
AC007229.3	SRR5950429	1.1544018504729736
AC007229.3	SRR5950430	1.154243037085462
AC007229.3	SRR5950431	1.1542612816136126
AC007229.3	SRR5950432	1.1543861423812125
AC007229.3	SRR5950433	1.154328975937927
AC007229.3	SRR5950434	1.1541344162995835
AC007229.3	SRR5950435	1.1542881659876676
AC007229.3	SRR5950436	1.1544018504729736
AC007229.3	SRR5950437	1.1542612816136126
AC007229.3	SRR5950438	1.1543930374941627
AC007229.3	SRR5950439	1.1544066367558048
AC007229.3	SRR5950440	1.150186403730464
AC007229.3	SRR5950441	1.1540843659274789
AC007229.3	SRR5950442	1.1543244711383844
AC007229.3	SRR5950443	1.1541454974839138
AC007229.3	SRR5950444	1.154328975937927
AC007229.3	SRR5950445	1.1543861423812125
AC007229.3	SRR5950446	1.1542129775631536
AC007229.3	SRR5950447	1.1539830975965506
AC007229.3	SRR5950448	1.1543244711383844
AC007229.3	SRR5950449	1.1543861423812125
AC007229.3	SRR5950450	1.1544018504729736
AC007229.3	SRR5950451	1.1544080735423528
AC007229.3	SRR5950452	1.154099487946561
AC007229.3	SRR5950453	1.1543930374941627
AC007229.3	SRR5950454	1.1540976154898277
AC007229.3	SRR5950455	1.1543930374941627
AC007229.3	SRR5950456	1.1542881659876676
AC007229.3	SRR5950457	1.1542129775631536
AC007229.3	SRR5950458	1.1544080735423528
AC007229.3	SRR5950459	1.1542612816136126
AC007229.3	SRR5950460	1.1542612816136126
AC007229.3	SRR5950461	1.1543244711383844
AC007229.3	SRR5950462	1.1538715423531325
AC007229.3	SRR5950463	1.1541454974839138
AC007229.3	SRR5950464	1.1541014455850918
AC007229.3	SRR5950465	1.1495981461456477
AC007229.3	SRR5950466	1.1543861423812125
AC007229.3	SRR5950467	1.1542763738511965
AC007229.3	SRR5950468	1.1543244711383844
AC007229.3	SRR5950469	1.1542129775631536
AC007229.3	SRR5950470	1.1544018504729736
AC007229.3	SRR5963912	1.1544080735423528
AC007229.3	SRR5963913	1.154118135098547
AC007229.3	SRR5963914	1.1544080735423528
AC007229.3	SRR5963915	1.154119770897195
AC007229.3	SRR5963916	1.1538752034369077
AC007229.3	SRR5963917	1.154243037085462
AC007229.3	SRR5963918	1.1542612816136126
AC007229.3	SRR5963919	1.1543861423812125
AC007229.3	SRR5963920	1.1542763738511965
AC007229.3	SRR5963921	1.1543930374941627
AC007229.3	SRR5963922	1.1542342444976637
AC007229.3	SRR5963923	1.1542612816136126
AC007229.3	SRR5963924	1.1543861423812125
AC007229.3	SRR5963925	1.154118135098547
AC007229.3	SRR5963926	1.154118135098547
AC007229.3	SRR5963927	1.1544018504729736
AC007229.3	SRR5963928	1.1540843659274789
AC007229.3	SRR5963929	1.154328975937927
AC007229.3	SRR5963930	1.1539394876265088
AC007229.3	SRR5963931	1.1544066367558048
AC007229.3	SRR5963932	1.1542881659876676
AC007229.3	SRR5963933	1.1542193125787963
AC007229.3	SRR5963934	1.153987572083333
AC007229.3	SRR5963935	1.1544080735423528
AC007229.3	SRR5963936	1.1541014455850918
AC007229.3	SRR5963937	1.1537833054890896
AC007229.3	SRR5963938	1.1543244711383844
AC007229.3	SRR5963939	1.1543861423812125
AC007229.3	SRR5963940	1.1543861423812125
AC007229.3	SRR5963941	1.1544080735423528
AC007229.3	SRR5963942	1.1544080735423528
AC007229.3	SRR5963943	1.1543930374941627
AC007229.3	SRR5963944	1.1544080735423528
AC007229.3	SRR5963945	1.1544066367558048
AC007229.3	SRR5963946	1.154328975937927
AC007229.3	SRR5963947	1.154328975937927
AC007229.3	SRR5963948	1.154328975937927
AC007229.3	SRR6467548	1.0098009573572508
AC007229.3	SRR6467549	2.0333925714085677
AC007229.3	SRR6467550	1.0094837492205468
AC007229.3	SRR6467551	1.0165120289381493
AC007229.3	SRR6467552	1.0165938972287623
AC007229.3	SRR6467553	1.0319322215162512
AC007229.3	SRR6467554	1.022575385288971
AC007229.3	SRR6467555	1.0144266845639887
AC007229.3	SRR6467556	2.023703163562842
AC007229.3	SRR6467557	1.011441792883926
AC007229.3	SRR6467558	3.0608769017952984
AC007229.3	SRR6467559	2.004384627472826
AC007229.3	SRR6467560	3.0307102427823382
AC007229.3	SRR6467561	4.029882222164404
AC007229.3	SRR6467562	2.0075997271555144
AC007229.3	SRR6467563	1.006198701649288
AC007229.3	SRR6467564	2.014632309218514
AC007229.3	SRR6467565	3.029142095666656
AC007229.3	SRR6467566	1.0276080890484358
AC007229.3	SRR6467567	1.0110992213354526
AC007229.3	SRR6467568	1.0041030169842722
AC007229.3	SRR6467569	2.029343754663249
AC007229.3	SRR6467570	2.7743748001207433
AC007229.3	SRR6467571	1.0007200381067656
AC007229.3	SRR6467572	3.018544645818833
AC007229.3	SRR6467573	1.006829697727058
AC007229.3	SRR6467574	1
AC007229.3	SRR6467575	0.5716764253757385
AC007229.3	SRR6467576	3.0141576755981263
AC007229.3	SRR6467577	5.007202973342033
AC007229.3	SRR6467578	2.019725293555824
AC007229.3	SRR6467579	3.0320715824514584
AC007229.3	SRR6467580	1.9047203661529515
AC007229.3	SRR6467581	3.439793168140674
AC007229.3	SRR6467582	2.824351406503851
AC007229.3	SRR6467583	3
AC007229.3	SRR6467584	2.0073335108039236
AC007229.3	SRR6467585	1.4532413942246574
AC007229.3	SRR6467586	2.8023116370367127
AC007229.3	SRR6467587	1.5802387481757407
AC007229.3	SRR6467588	1.6704682402826152
AC007229.3	SRR6467589	2
AC007229.3	SRR6467590	2.0056167365879425
AC007229.3	SRR6467591	2.021134430234128
AC007229.3	SRR6467592	3.023354451437776
AC007229.3	SRR6467593	1.0045701845809227
AC007229.3	SRR6467594	0.7350215770546508
AC007229.3	SRR6467595	1.002192313736413
AC007229.3	SRR6467596	5
AC007229.3	SRR6467597	4.246455319554858
AC007229.3	SRR6467598	3.57725127244653
AC007229.3	SRR6467599	1.0037804265166004
AC007229.3	SRR6467600	1.004823063289047
AC007229.3	SRR6467601	1.0055770267634287
AC007229.3	SRR6467602	3.1805242801502662
AC007229.3	SRR6467603	2
AC007229.3	SRR6467604	1.0042569254079385
AC007229.3	SRR6467605	2.007210757633995
AC007229.3	SRR6467606	3
AC007229.3	SRR6467607	3
AC007229.3	SRR6467608	2.0052558688529287
AC007229.3	SRR6467609	2.000359921883904
AC007229.3	SRR6467610	1.0100482822048622
AC007229.3	SRR6467611	1.645492978979046
AC007229.3	SRR6467612	1.0058055966749162
AC007229.3	SRR6467613	2
AC007229.3	SRR6467614	4
AC007229.3	SRR6467615	1.0128041618842896
AC007229.3	SRR6467616	1.0098959578192344
AC007229.3	SRR6467617	1.0067109510861363
AC007229.3	SRR6467618	1
AC007229.3	SRR6467619	1.9392800569308932
AC007229.3	SRR6467620	2.0052558688529287
AC007229.3	SRR6467621	2.0102465684539714
AC007229.3	SRR6467622	1.0150684403228711
AC007229.3	SRR6467623	0.7180461888519648
AC007229.3	SRR6467624	2.000359921883904
AC007229.3	SRR6467625	2
AC007229.3	SRR6467626	6
AC007229.3	SRR6467627	3.0301581226981127
AC007229.3	SRR6467628	3
AC007229.3	SRR6467629	3.498965500681302
AC007229.3	SRR6467630	2.001440076213531
AC007229.3	SRR6467631	1.0009001286274537
AC007229.3	SRR6467632	2.0143865078862206
AC007229.3	SRR6467633	4
AC007229.3	SRR6467634	2.0080495831956267
AC007229.3	SRR6467635	1.7682355004848354
AC007229.3	SRR6467636	2.020215926642949
AC007229.3	SRR6467637	2
AC007229.3	SRR6467638	4
AC007229.3	SRR6467639	2.0064000158761304
AC007229.3	SRR6467640	3.06277186300455
AC007229.3	SRR6467641	3.027927777974978
AC007229.3	SRR6467642	5.117422134081876
AC007229.3	SRR6467643	1.0125162691935943
AC007229.3	SRR6467644	2
AC007229.3	SRR6467645	0.6197967678174899
AC007229.3	SRR6467646	2
AC007229.3	SRR6467647	2.2819646525008497
AC007229.3	SRR6467648	4.023222386699665
AC007229.3	SRR6467649	2.0105917626859338
AC007229.3	SRR6467650	1.0054744269623506
AC007229.3	SRR6467651	3.008824087886554
AC007229.3	SRR6467652	3.0005398828258563
AC007229.3	SRR6467653	2.0199068404986402
AC007229.3	SRR6467654	1.003747088789452
AC007229.3	SRR6467655	4
AC007229.3	SRR6467656	0.9519895927372466
AC007229.3	SRR6467657	5
AC007229.3	SRR6467658	4
AC007229.3	SRR6467659	3.1677741649206412
AC007229.3	SRR6467660	2.013695420040955
AC007229.3	SRR6467661	1.403835928005101
AC007229.3	SRR6467662	1.7897507809972588
AC007229.3	SRR6467663	2.0056167365879425
AC007229.3	SRR6467664	1.287319453299414
AC007229.3	SRR6467665	2
AC007229.3	SRR6467666	2
AC007229.3	SRR6467667	2.425777940160545
AC007229.3	SRR6467668	2.170168494659644
AC007229.3	SRR6467669	1
AC007229.3	SRR6467670	4
AC007229.3	SRR6467671	2.8122069973727024
AC007229.3	SRR6467672	3.026584142764819
AC007229.3	SRR6467673	2.019193299412321
AC007229.3	SRR6467674	3.018941479870403
AC007229.3	SRR6467675	2.0173098008992487
AC007229.3	SRR6467676	2.3227539341021997
AC007229.3	SRR6467677	2
AC007229.3	SRR6467678	4
AC007229.3	SRR6467679	1
AC007229.3	SRR6467680	2.021458791331528
AC007229.3	SRR6467681	2
AC007229.3	SRR6467682	1.0060111690650306
AC007229.3	SRR6467683	5.05599567010998
AC007229.3	SRR6467684	5.013055679943766
AC007229.3	SRR6467685	2.028206846607249
AC007229.3	SRR6467686	1.0014712162978496
AC007229.3	SRR6467687	1.3313931497324267
AC007229.3	SRR6467688	3.994341430302768
AC007229.3	SRR6467689	1.0099508789230731
AC007229.3	SRR6467690	3.0164517597879867
AC007229.3	SRR6467691	2.011126843610475
AC007229.3	SRR6467692	2.0021605031148026
AC007229.3	SRR6467693	0.9913056239850421
AC007229.3	SRR6467694	2.0151922379632485
AC007229.3	SRR6467695	2.0091403691618455
AC007229.3	SRR6467696	0.6749114485651377
AC007229.3	SRR6467697	1
AC007229.3	SRR6467698	3.0140881946662965
AC007229.3	SRR6467699	2
AC007229.3	SRR6467700	5.087546696920047
AC007229.3	SRR6467701	2
AC007229.3	SRR6467702	2.0286770647532957
AC007229.3	SRR6467703	1.0123945241480405
AC007229.3	SRR6467704	2.0056167365879425
AC007229.3	SRR6467705	3.019596755209946
AC007229.3	SRR6467706	2.0368967471408337
AC007229.3	SRR6467707	1
AC007229.3	SRR6467708	3.0051787558506367
AC007229.3	SRR6467709	2
AC007229.3	SRR6467710	2.0018002572549074
AC007229.3	SRR6467711	2.0027316121052943
AC007229.3	SRR6467712	2.0225897240427924
AC007229.3	SRR6467713	2.4110179390942346
AC007229.3	SRR6467714	5.029933011987572
AC007229.3	SRR6467715	4
AC007229.3	SRR6467716	4
AC007229.3	SRR6467717	1.012284376852264
AC007229.3	SRR6467718	2.0308461148547408
AC007229.3	SRR6467719	1.003656921931823
AC007229.3	SRR6467720	5
AC007229.3	SRR6467721	7.011345704027925
AC007229.3	SRR6467722	4
AC007229.3	SRR6467723	3
AC007229.3	SRR6467724	8
AC007229.3	SRR6467725	2
AC007229.3	SRR6467726	0.7977348804247648
AC007229.3	SRR6467727	1.002342020016362
AC007229.3	SRR6467728	3
AC007229.3	SRR6467729	2.013873652826119
AC007229.3	SRR6467730	3.0064346382975065
AC007229.3	SRR6467731	1.0098953358933669
AC007229.3	SRR6467732	2.8256855857618213
AC007229.3	SRR6467733	4.0069050078008495
AC007229.3	SRR6467734	0.9909934022627375
AC007229.3	SRR6467735	5.041490847317152
AC007229.3	SRR6467736	2.0124218262888824
AC007229.3	SRR6467737	2.0124583479539315
AC007229.3	SRR6467738	2.0007199085396894
AC007229.3	SRR6467739	1
AC007229.3	SRR6467740	2.0107986741916752
AC007229.3	SRR6467741	3.0060359721441507
AC007229.3	SRR6467742	4
AC007229.3	SRR6467743	1
AC007229.3	SRR6467744	1
AC007229.3	SRR6467745	4.001861034530316
AC007229.3	SRR6467746	3.023940335471073
AC007229.3	SRR6467747	2.110280678700714
AC007229.3	SRR6467748	3.802725909013251
AC007229.3	SRR6467749	2
AC007229.3	SRR6467750	4.00949067683684
AC007229.3	SRR6467751	1.015116940806616
AC007229.3	SRR6467752	2.016519930684449
AC007229.3	SRR6467753	1.9957322401591024
AC007229.3	SRR6467754	1.6696158996723334
AC007229.3	SRR6467755	2.6838435352942556
AC007229.3	SRR6467756	3.0037812207073236
AC007229.3	SRR6467757	2
AC007229.3	SRR6467758	5
AC007229.3	SRR6467759	2.0113657606179536
AC007229.3	SRR6467760	4.030930556207362
AC007229.3	SRR6467761	3.0110923353060355
AC007229.3	SRR6467762	2.010034979163885
AC007229.3	SRR6467763	1.9175397821898468
AC007229.3	SRR6467764	1.130478101288056
AC007229.3	SRR6467765	6.007562441414647
AC007229.3	SRR6467766	2.0297309271614195
AC007229.3	SRR6467767	3.0204507719876905
AC007229.3	SRR6467768	1.012490620071433
AC007229.3	SRR6467769	3.0539555859229535
AC007229.3	SRR6467770	6
AC007229.3	SRR6467771	2.508337989878404
AC007229.3	SRR6467772	3.0214873720588677
AC007229.3	SRR6467773	2.0079060953760157
AC007229.3	SRR6868540	1.0146754396324102
AC007229.3	SRR6868541	1.0274634703565282
AC007229.3	SRR6868542	1.0476955519171316
AC007229.3	SRR6868543	1.0150863239093106
AC007229.3	SRR6868544	1.0078390786606577
AC007229.3	SRR6868545	1.0247076064653797
AC007229.3	SRR6868546	1.0156717592642122
AC007229.3	SRR6868557	2.1182173677326763
AC007229.3	SRR6868558	1.0490872194289762
AC007229.3	SRR6868559	1.0325281504175436
AC007229.3	SRR6868560	1.0099740186645438
AC007229.3	SRR6868569	1.0617761523220262
AC007229.3	SRR6868570	1.0214163604819042
AC007229.3	SRR6868571	1.0443666123323176
AC007229.3	SRR6868572	1.0117513905915592
AC007229.3	SRR6868573	1.0409966836392885
AC007229.3	SRR6868574	1.0122229259475997
AC007229.3	SRR6868575	1.025805444460916
AC007229.3	SRR6868576	1.0158996451240243
AC007229.3	SRR6868577	1.0321919880224188
AC007229.3	SRR6868578	1.0155200621012757
AC007229.3	SRR6868579	2.0874573658001845
AC007229.3	SRR6868580	1.0107527325366503
AC007229.3	SRR6868581	1.0339413032942724
AC007229.3	SRR6868582	1.0328155381530846
AC007229.3	SRR6868585	2.0441378042315255
AC007229.3	SRR6868586	1.059503875848675
AC007229.3	SRR6868587	1.059951714856934
AC007229.3	SRR6868588	2.014370467112545
AC007229.3	SRR6868589	2.0220349732239513
AC007229.3	SRR6868590	1.032033906477247
AC007229.3	SRR6868591	1.0130236388532423
AC007229.3	SRR6868604	1.075755471099352
AC007229.3	SRR6868605	1.0318130709448758
AC007229.3	SRR6868606	1.0405938775744006
AC007229.3	SRR6868607	1.0342544525714972
AC007229.3	SRR6868608	1.024176000194289
AC007229.3	SRR6868609	1.0438891054924728
AC007229.3	SRR6868610	1.038926954961391
AC007229.3	SRR6868620	1.011281179703731
AC007229.3	SRR6868621	1.0218254974768362
AC007229.3	SRR6868622	1.0239774453836796
AC007229.3	SRR6868623	1.0547630248890674
AC007229.3	SRR6868636	1.0437200357863465
AC007229.3	SRR6868637	2.0517073003935398
AC007229.3	SRR6868638	1.0461253585775165
AC007229.3	SRR6868639	1.0107500209553522
AC007229.3	SRR6868650	1.039600004636465
AC007229.3	SRR6868651	1.0289509945514346
AC007229.3	SRR6868652	1.0304077851358955
AC007229.3	SRR6868653	2.0375963944892197
AC007229.3	SRR6868654	1.0150307958235039
AC007229.3	SRR6868655	1.0348903243422032
AC007229.3	SRR6868665	2.0288467057789843
AC007229.3	SRR6868666	3.0307102427823382
AC007229.3	SRR6868667	1.0114938025774427
AC007229.3	SRR6868668	1.0074530555463053
AC007229.3	SRR6868669	1.0076269288321016
AC007229.3	SRR6868670	2.0354842172192087
AC007229.3	SRR6868671	1.0144459931453216
AC007229.3	SRR6868683	1.0126868266683406
AC007229.3	SRR6868684	1.0156791364509994
AC007229.3	SRR6868685	1.0213121445813669
AC007229.3	SRR6868686	1.010279036701863
AC007229.3	SRR6868687	1.0278872533572148
AC007229.3	SRR6868688	1.0267982277074879
AC007229.3	SRR6868689	1.0146059094716162
AC007229.3	SRR6868698	2.0364392353514775
AC007229.3	SRR6868699	2.0141111571530232
AC007229.3	SRR6868700	1.0160549733839008
AC007229.3	SRR6868701	1.0104876136718064
AC007229.3	SRR6868702	1.007678742360192
AC007229.3	SRR6868713	1.0104534576807476
AC007229.3	SRR6868714	1.0184145111104586
AC007229.3	SRR6868715	1.0082988502433663
AC007229.3	SRR6868716	1.0066973307865115
AC007229.3	SRR6868717	1.010251403767141
AC007229.3	SRR6868718	1.0039014257302832
AC007229.3	SRR6868719	2.003241629722264
AC007229.3	SRR6868720	2.010121901593185
AC007229.3	SRR6868721	1.011241097215616
AC007229.3	SRR6868722	1.0167639054768582
AC007229.3	SRR6868723	1.0194863017371107
AC007229.3	SRR6868724	1.0096892656036671
AC007229.3	SRR6868725	1.0041780100330324
AC007229.3	SRR6868726	2.004825566622048
AC007229.3	SRR6868741	2.028882916012723
AC007229.3	SRR7632756	1.0082812760242865
AC007229.3	SRR7632757	2.0555760840517987
AC007229.3	SRR7632758	1.010659920049916
AC007229.3	SRR7632759	1.029856339080279
AC007229.3	SRR7632760	3.0609331348497344
AC007229.3	SRR7632761	1.0071216685573643
AC007229.3	SRR7632762	3.1461079566201353
AC007229.3	SRR7632763	1.0164129755589333
AC007229.3	SRR7632764	1.0370326174074103
AC007229.3	SRR7632765	2.0052558688529287
AC007229.3	SRR7632766	1.0312070028815916
AC007229.3	SRR7632767	2.00474533841842
AC007229.3	SRR7632768	1.016230093834007
AC007229.3	SRR7632769	2.0229895637014517
AC007229.3	SRR7632770	1.0082739021759193
AC007229.3	SRR7632771	1.0260355560571814
AC007229.3	SRR7632772	1.0193139826231485
AC007229.3	SRR7632773	1.0054132343880438
AC007229.3	SRR7632774	1.0063445972645484
AC007229.3	SRR7632775	1.0225378532123717
AC007229.3	SRR7632776	1.0379594824107194
AC007229.3	SRR7632777	1.0241484491414745
AC007229.3	SRR7632778	1.0041644240028431
AC007229.3	SRR7632779	1.0262203067866917
AC007229.3	SRR7632780	2.0074220496282456
AC007229.3	SRR7632781	1.0615459002112622
AC007229.3	SRR7632782	1.0136901858645806
AC007229.3	SRR7632783	1.0073564665451527
AC007229.3	SRR7632784	2.017439086779896
AC007229.3	SRR7632785	1.0071980517553376
AC007229.3	SRR7632786	1.0416272812793046
AC007229.3	SRR7632787	2.0077863219616616
AC007229.3	SRR7632788	1.0022671640812284
AC007229.3	SRR7632789	1.0182058416695656
AC007229.3	SRR7632790	1.0098400917692503
AC007229.3	SRR7632791	1.0448790382400983
AC007229.3	SRR7632792	1.0073564665451527
AC007229.3	SRR7632793	1.0121408038615827
AC007229.3	SRR7632794	1.0069504499529853
AC007229.3	SRR7632795	2.006454895998502
AC007229.3	SRR7632796	1.0172279399958117
AC007229.3	SRR7632797	2.301398464272404
AC007229.3	SRR7632798	3.0171914462289235
AC007229.3	SRR7632799	1.0307926732391595
AC007229.3	SRR7632800	1.0150544095718905
AC007229.3	SRR7632801	1.0052627748922789
AC007229.3	SRR7632802	1.0350311676136474
AC007229.3	SRR7632803	1.024031967628665
AC007229.3	SRR7632804	1.0405209189801317
AC007229.3	SRR7632805	2.0061888314564427
AC007229.3	SRR7632806	1.004614493841249
AC007229.3	SRR7632807	1.008693162636712
AC007229.3	SRR7632808	1.0082200216621664
AC007229.3	SRR7632809	1.048829496254109
AC007229.3	SRR7632810	1.0041780100330324
AC007229.3	SRR7632811	1.006800055374144
AC007229.3	SRR7632812	1.007179332046641
AC007229.3	SRR7632813	1.0061984068651417
AC007229.3	SRR7632814	2.0070768905129728
AC007229.3	SRR7632815	1.0078464493290136
AC007229.3	SRR7632816	1.0754074903933615
AC007229.3	SRR7632817	1.041674851534425
AC007229.3	SRR7632818	1.0054268373142463
AC007229.3	SRR7632819	1.002447533024164
AC007229.3	SRR7632820	2.013761989887811
AC007229.3	SRR7632821	3.0051787558506367
AC007229.3	SRR7632822	2.0250652737194366
AC007229.3	SRR7632823	1.003680628745282
AC007229.3	SRR7632824	1.0045701845809227
AC007229.3	SRR7632825	1.0028083682939712
AC007229.3	SRR7632826	1.0006453033029128
AC007229.3	SRR7632827	3.165120290389092
AC007229.3	SRR7632828	1.0261404595811736
AC007229.3	SRR7632829	2.028929055874851
AC007229.3	SRR7632830	1.0486021527253222
AC007229.3	SRR7632831	1.009267486593636
AC007229.3	SRR7632832	1.0146195724571643
AC007229.3	SRR7632833	2.1033958396401604
AC007229.3	SRR7632834	1.029304711338354
AC007229.3	SRR7632835	2.220061338863934
AC007229.3	SRR7632836	1.014927231447063
AC007229.3	SRR7632837	1.006427797534363
AC007229.3	SRR7632838	1.025209041964611
AC007229.3	SRR7632839	1.0114938025774427
AC007229.3	SRR7632840	3.0922015660576005
AC007229.3	SRR7632841	1.1191732546509214
AC007229.3	SRR7632842	2.0037794743983843
AC007229.3	SRR7632843	1.037517112746005
AC007229.3	SRR7632844	2.079484384927301
AC007229.3	SRR7632845	1.0050068388547722
AC007229.3	SRR7632846	1.049674009840069
AC007229.3	SRR7632847	1.0235807528043444
AC007229.3	SRR7632848	2.0183225114978987
AC007229.3	SRR7632849	1.0113703922046702
AC007229.3	SRR7632850	1.0129099016527614
AC007229.3	SRR7632851	2.0203092128473887
AC007229.3	SRR7632852	1.0012604069024411
AC007229.3	SRR7632853	1.0050683011475585
AC007229.3	SRR7632854	1.006604989330596
AC007229.3	SRR7632855	1
AC007229.3	SRR7632856	1.006471863776459
AC007229.3	SRR7632857	1.0737804448439001
AC007229.3	SRR7632858	1.0371716501108719
AC007229.3	SRR7632859	2.07940498294464
AC007229.3	SRR7632860	2.1510069018512064
AC007229.3	SRR7632861	1.0544086906801657
AC007229.3	SRR7632862	1.0352861076828388
AC007229.3	SRR7632863	1.1276773456759084
AC007229.3	SRR7632864	1.121531795981538
AC007229.3	SRR7632865	2.0028811893368133
AC007229.3	SRR7632866	2.0113598633321512
AC007229.3	SRR7632867	1.0103238937591081
AC007229.3	SRR7632868	1.02565491505434
AC007229.3	SRR7632869	1.0244411256785808
AC007229.3	SRR7632870	1.0038432721370993
AC007229.3	SRR7632871	2.1019956795857824
AC007229.3	SRR7632872	1.032283347644643
AC007229.3	SRR7632873	2.008356020066065
AC007229.3	SRR7632874	2.0053171847237667
AC007229.3	SRR7632875	2.003302884002545
AC007229.3	SRR7632876	1.014147795755148
AC007229.3	SRR7632877	3.123405094389126
AC007229.3	SRR7632878	2.044235258062584
AC007229.3	SRR7632879	1.0022671640812284
AC007229.3	SRR7632880	2.0351140279634365
AC007229.3	SRR7632881	1.0138389345446404
AC007229.3	SRR7632882	1.02398215098824
AC007229.3	SRR7632883	1.022587298485006
AC007229.3	SRR7632884	1.0338348047099086
AC007229.3	SRR7632885	2.010034979163885
AC007229.3	SRR7632886	1.0323339725546605
AC007229.3	SRR7632887	1.0101314025983257
AC007229.3	SRR7632888	1.0381219692204027
AC007229.3	SRR7632889	1.034226163866362
AC007229.3	SRR7632890	1.1021455850880635
AC007229.3	SRR7632891	2.0944499413435196
AC007229.3	SRR7632892	1.0058289958076159
AC007229.3	SRR7632893	1.0382330459409663
AC007229.3	SRR7632894	2.09460818335548
AC007229.3	SRR7632895	2.023262422498203
AC007229.3	SRR7632896	1.022792885942668
AC007229.3	SRR7632897	1.0040894319687015
AC007229.3	SRR7632898	1.003747088789452
AC007229.3	SRR7632899	2.0138802669990574
AC007229.3	SRR7632900	1.006694084239897
AC007229.3	SRR7632901	1.0063642497626564
AC007229.3	SRR7632902	1.0438489006745157
AC007229.3	SRR7632903	1.0044307900197387
AC007229.3	SRR7632904	1.052639407087551
AC007229.3	SRR7632905	1.0931788245138465
AC007229.3	SRR7632906	1.016476826235516
AC007229.3	SRR7632907	1.0277502386473942
AC007229.3	SRR7632908	2.0080750176944067
AC007229.3	SRR7632909	1.0034554838462202
AC007229.3	SRR7632910	1.0381442455517274
AC007229.3	SRR7632911	1.0129819287449684
AC007229.3	SRR7632912	2.031316035458598
AC007229.3	SRR7632913	2.117725766445223
AC007229.3	SRR7632914	1.0312943611504022
AC007229.3	SRR7632915	1.0449661158479286
AC007229.3	SRR7632916	1.0199638203063526
AC007229.3	SRR7632917	2.105095442769457
AC007229.3	SRR7632918	2.0518143478281914
AC007229.3	SRR7632919	1.0087162263813345
AC007229.3	SRR7632920	1.011609827571363
AC007229.3	SRR7632921	1.0121840603993095
AC007229.3	SRR7632922	1.008703153846645
AC007229.3	SRR7632923	1.0104479848105985
AC007229.3	SRR7632924	2.059108192232074
AC007229.3	SRR7632925	2.070241081365957
AC007229.3	SRR7632926	1.0185058970869778
AC007229.3	SRR7632927	1.0206217073187331
AC007229.3	SRR7632928	1.0033264596879763
AC007229.3	SRR7632929	1.0408852031443403
AC007229.3	SRR7632930	1.0009001286274537
AC007229.3	SRR7632931	1.0007200381067656
AC007229.3	SRR7632932	2.0515082752146037
AC007229.3	SRR7632933	1.0212809727621546
AC007229.3	SRR7632934	3.0132555928118645
AC007229.3	SRR7632935	2.020225550036113
AC007229.3	SRR7632936	1.02112601210436
AC007229.3	SRR7632937	1.0144478283854719
AC007229.3	SRR7632938	1.0267598473930304
AC007229.3	SRR7632939	1.0281771467044196
AC007229.3	SRR7632940	1.0065268639064227
AC007229.3	SRR7632941	2.0431477818073476
AC007229.3	SRR7632942	1.0358766269652808
AC007229.3	SRR7632943	2
AC007229.3	SRR7632944	1.0184271463668109
AC007229.3	SRR7632945	2
AC007229.3	SRR8928966	5.044235551236982
AC007229.3	SRR8928967	1.0170282299624092
AC007229.3	SRR8928968	4.0332484273008316
AC007229.3	SRR8928969	1.0083022278420297
AC007229.3	SRR8928970	9.086399150520855
AC007229.3	SRR8928971	5.0384471070165215
AC007229.3	SRR8928972	1.0535590264470536
AC007229.3	SRR8928973	1.0059656349307404
AC007229.3	SRR8928974	1.084964542884935
AC007229.3	SRR8928975	1.0422268823538081
AC007229.3	SRR8928976	17.710966946689574
AC007229.3	SRR8928977	3.058396241404552
AC007229.3	SRR8928978	1.018615945849788
AC007229.3	SRR8928979	1.019328713740916
AC007229.3	SRR8928980	2.031411795902395
AC007229.3	SRR8928981	1.011720751030811
AC007229.3	SRR8928982	3.0342780490821015
AC007229.3	SRR8928983	7.013345664850639
AC007229.3	SRR8928984	3.0167187468373236
AC007229.3	SRR8928985	1.0167967514698188
AC007229.3	SRR8928986	2.0180260684375204
AC007229.3	SRR8928987	2
AC007229.3	SRR8928988	15
AC007229.3	SRR8928989	2.0346882099631745
AC007229.3	SRR8928990	5.052836075585319
AC007229.3	SRR8928991	1.0177418771007531
AC007229.3	SRR9835604	1.0142586981600068
AC007229.3	SRR9835605	2.0110571281604375
AC007229.3	SRR9835606	1.0021269302544924
AC007229.3	SRR9835607	1.0089702127219256
AC007229.3	SRR9835608	1.0145480117591426
AC007229.3	SRR9835609	2
AC007229.3	SRR9835610	1.0046056873690874
AC007229.3	SRR9835611	2.0021605031148026
AC007229.3	SRR9835612	3.0079757770856506
AC007229.3	SRR9835613	2.011814723525772
AC007229.3	SRR9835614	1.0098834104700367
AC007229.3	SRR9835615	1.0391223290810894
AC007229.3	SRR9835616	1.0073913876363687
AC007229.3	SRR9835617	1.0229877020749545
AC007229.3	SRR9835618	2.010648505674227
AC007229.3	SRR9835619	1
AC007229.3	SRR9835620	2.0093790501809616
AC007229.3	SRR9835621	1.0065161971835763
AC007229.3	SRR9835622	2.0054669550629356
AC007229.3	SRR9835623	1.000179960941952
AC007229.3	SRR9835624	2.0438298367322765
AC007229.3	SRR9835625	2.0061552189497833
AC007229.3	SRR9835626	3.0225438229470987
AC007229.3	SRR9835627	1.002042629816068
AC007229.3	SRR9835628	1.0071447133676017
AC007229.3	SRR9835629	1.0200204342909187
AC007229.3	SRR9835630	2.1107237834370345
AC007229.3	SRR9835631	1.0803218233387206
AC007229.3	SRR9835632	1.002275170713174
AC007229.3	SRR9835633	2.0147703704175406
AC007229.3	SRR9835634	1.0061984068651417
AC007229.3	SRR9835635	1.0097721205463759
AC007229.3	SRR9835636	1.0019813525502068
AC007229.3	SRR9835637	2.0088592570467187
AC007229.3	SRR9835638	1.0095554363800798
AC007229.3	SRR9835639	3.0308793321121117
AC007229.3	SRR9835640	1.0165576694950156
AC007229.3	SRR9835641	1.0037998635777572
AC007229.3	SRR9835642	3.017233151837454
AC007229.3	SRR9835643	2.0076333638644592
AC007229.3	SRR9835644	1.003227447999251
AC007229.3	SRR9835645	1.0291406134587315
AC007229.3	SRR9835646	2.018377717730723
AC007229.3	SRR9835647	2.0048066386784735
AC007229.3	SRR9835648	2.0595413445091366
AC007229.3	SRR9835649	3.0340701265953567
AC007229.3	SRR9835650	1.003794007351424
AC007229.3	SRR9835651	3.002160114320297
AC007229.3	SRR9835652	3.046559293758804
AC007229.3	SRR9835653	3.008292416082418
AC007229.3	SRR9835654	3.030138206626099
AC007229.3	SRR9835655	1.005099033703485
AC007229.3	SRR9835656	1.0026450268886613
AC007229.3	SRR9835657	1.014825837108375
AC007229.3	SRR9835658	1.002011990714717
AC007229.3	SRR9835659	1.0058777676606245
AC007229.3	SRR9835660	1.007436116480086
AC007229.3	SRR9835661	1.0040112076405936
AC007229.3	SRR9835662	1.0119165119784397
AC007229.3	SRR9835663	3.0596951764102576
AC007229.3	SRR9835664	1.0017262519502124
AC007229.3	SRR9835665	2.00814462976639
AC007229.3	SRR9835666	3
AC007229.3	SRR9835667	1.008216661169957
AC007229.3	SRR9835668	2
AC007229.3	SRR9835669	1.0264232618093723
AC007229.3	SRR9835670	1.0135813928307178
AC007229.3	SRR9835671	1.0133167044062266
AC007229.3	SRR9835672	2.0034525039004247
AC007229.3	SRR9835673	3.067650343652039
AC007229.3	SRR9835674	3.001395775897737
AC007229.3	SRR9835675	1.0053242528371136
AC007229.3	SRR9835676	2.1776205972944194
AC007229.3	SRR9835677	1.0026279344264644
AC007229.3	SRR9835678	1.0058946208297335
AC007229.3	SRR9835679	0.9644577902512602
AC007229.3	SRR9835680	1.024155415648097
AC007229.3	SRR9835681	1.003004620275643
AC007229.3	SRR9835682	2.1204045000352427
AC007229.3	SRR9835683	1.0062291739769658
AC007229.3	SRR9835684	2.0499351447984098
AC007229.3	SRR9835685	2.0100136777095443
AC007229.3	SRR9835686	2.0264732561614456
AC007229.3	SRR9835687	1.0046316201696393
AC007229.3	SRR9835688	6
AC007229.3	SRR9835689	1.0072516016039186
AC007229.3	SRR9835690	1.0020009198402668
AC007229.3	SRR9835691	1.0088088254590628
AC007229.3	SRR9835692	1.0178751091142868
AC007229.3	SRR9835693	2.0079674922843656
AC007229.3	SRR9835694	1.0101590322507117
AC007229.3	SRR9835695	2.010179857048879
AC007229.3	SRR9835696	1.0096415363823084
AC007229.3	SRR9835697	1.0050174895819426
AC007229.3	SRR9835698	2.0018614674615067
AC007229.3	SRR9835699	2.0031532752784336
AC007229.3	SRR9835700	1.002192313736413
AC007229.3	SRR9835701	1.0027915668331973
AC007229.3	SRR9835702	1
AC007229.3	SRR9835703	3.0031904371506015
AC007229.3	SRR9835704	1.0045533536019593
AC007229.3	SRR9835705	1.0039498099915638
AC007229.3	SRR9835706	1.0786425861503106
AC007229.3	SRR9835707	2.0021605031148026
AC007229.3	SRR9835708	1.0010054898524368
AC007229.3	SRR9835709	1.0003599542698447
AC007229.3	SRR9835710	2.028506145313871
AC007229.3	SRR9835711	1.0003599542698447
AC007229.3	SRR9835712	1.0025056057608568
AC007229.3	SRR9835713	1.0019065235500912
AC007229.3	SRR9835714	3.0046380383590288
AC007229.3	SRR9835715	1.0049761091178548
AC007229.3	SRR9835716	1.0029413626288513
AC007229.3	SRR9835717	3.0102744046336003
AC007229.3	SRR9835718	1.0154090217747063
AC007229.3	SRR9835719	1.0085412984265218
AC007229.3	SRR9835720	1.0062218151362057
AC007229.3	SRR9835721	1.0147479497795637
AC007229.3	SRR9835722	1.0227754713008923
AC007229.3	SRR9835723	1
AC007229.3	SRR9835724	1.0069060376635988
AC007229.3	SRR9835725	1.0273956002434441
AC007229.3	SRR9835726	2.001440076213531
AC007229.3	SRR9835727	1.0067684015571978
AC007229.3	SRR9835728	1.0405909251580585
AC007229.3	SRR9835729	1.0032306833661075
AC007229.3	SRR9835730	1.003830557347933
AC007229.3	SRR9835731	1.0510108441028403
AC007229.3	SRR9835732	2.009406825142395
AC007229.3	SRR9835733	1.0044644481525995
AC007229.3	SRR9835734	4.010212228555792
AC007229.3	SRR9835735	1.0018010674864533
AC007229.3	SRR9835736	1.0119742595178156
AC007229.3	SRR9835737	2.004173655183634
AC007229.3	SRR9835738	1.0017842829024082
AC007229.3	SRR9835739	1.0270643545377112
AC007229.3	SRR9835740	1.0299228329417829
AC007229.3	SRR9835741	3.0158300108904963
AC007229.3	SRR9835742	1.0186862015904543
AC007229.3	SRR9835743	1.0342119740740032
AC007229.3	SRR9835744	1.0058153874404083
AC007229.3	SRR9835745	1.022326615823064
AC007229.3	SRR9835746	2.0215883431137645
AC007229.3	SRR9835747	1.0052459323093745
AC007229.3	SRR9835748	1.0304274782164793
AC007229.3	SRR9835749	1
AC007229.3	SRR9835750	1.0082981694634305
AC007229.3	SRR9835751	2.0160960444861686
AC007229.3	SRR9835752	1.040454512254464
AC007229.3	SRR9835753	2.0209769722649593
AC007229.3	SRR9835754	1.0013658060526471
AC007229.3	SRR9835755	2.028833885045216
AC007229.3	SRR9835756	1.0464063323203885
AC007229.3	SRR9835757	1.0039973297278573
AC007229.3	SRR9835758	2.0114609641526155
AC007229.3	SRR9835759	2.0130176724874675
AC007229.3	SRR9835760	3
AC007229.3	SRR9835761	2.000359921883904
AC007229.3	SRR9835762	1.1023719914822634
AC007229.3	SRR9835763	2.0057971526732215
AC007229.3	SRR9835764	2.0051863569194666
AC007229.3	SRR9835765	0.4293207381193816
AC007229.3	SRR9835766	1.0257855942277956
AC007229.3	SRR9835767	1.0369668007927877
AC007229.3	SRR9835768	5
AC007229.3	SRR9835769	2
AC007229.3	SRR9835770	1.0198972127540598
AC007229.3	SRR9835771	2.0108264687760875
AC007229.3	SRR9835772	2.025015168073654
AC007229.3	SRR9835773	3
AC007229.3	SRR9835774	1.0351205406829784
AC007229.3	SRR9835775	1.0050334605858329
AC007229.3	SRR9835776	2.0063386668959495
AC007229.3	SRR9835777	1.002447533024164
AC007229.3	SRR9835778	1.0041473056389194
AC007229.3	SRR9835779	2.0139962234358246
AC007229.3	SRR9835780	2.003092025572686
AC007229.3	SRR9835781	1.0252236336284462
AC007229.3	SRR9835782	1.0049592713378661
AC007229.3	SRR9835783	1
AC007229.3	SRR9835784	2.008077339780291
AC007229.3	SRR9835785	1.0438963484044135
AC007229.3	SRR9835786	1.0096255681663386
AC007229.3	SRR9835787	1.0028083682939712
AC007229.3	SRR9835788	1.0016514420012725
AC007229.3	SRR9835789	1
AC007229.3	SRR9835790	2.0141744828451875
AC007229.3	SRR9835791	1.0271261374648186
AC007229.3	SRR9835792	1.9856200456722768
AC007229.3	SRR9835793	2.0039627051004136
AC007229.3	SRR9835794	1.000179960941952
AC007229.3	SRR9835795	1.0567801380566075
AC007229.3	SRR9835796	1.0056787687252229
AC007229.3	SRR9835797	2
AC007229.3	SRR9835798	1.001546012786343
AC007229.3	SRR9835799	1.001964564945592
AC007229.3	SRR9835800	3.003414735258545
AC007229.3	SRR9835801	3.015008190104737
AC007229.3	SRR9835802	1.0039666308583417
AC007229.3	SRR9867812	3
AC007229.3	SRR9867813	0.35453711697925117
AC007229.3	SRR9867814	0.9788453221167839
AC007229.3	SRR9867815	1
AC007229.3	SRR9867816	5.0026998999475305
AC007229.3	SRR9867817	2.032625811546667
AC007229.3	SRR9867818	3.000855739072272
AC007229.3	SRR9867819	1.0422191398357938
AC007229.3	SRR9867820	3.007026060049086
AC007229.3	SRR9867821	1
AC007229.3	SRR9867822	1.0131332467646033
AC007229.3	SRR9867823	3.0005398828258563
AC007229.3	SRR9867824	1.4497491059083296
AC007229.3	SRR9867825	2.1042393816151743
AC007229.3	SRR9867826	0.5553764032249933
AC007229.3	SRR9867827	2
AC007229.3	SRR9867828	23.34410993553802
AC007229.3	SRR9867829	1.518195627446723
AC007229.3	SRR9867830	1.002011990714717
AC007229.3	SRR9867831	2.065698154300389
AC007229.3	SRR9879292	4.283753937924715
AC007229.3	SRR9879293	1.015288110518979
AC007229.3	SRR9879294	1.0204975926045814
AC007229.3	SRR9879295	1.0201804361038371
AC007229.3	SRR9879296	4.050065076774377
AC007229.3	SRR9879297	2.032065242302827
AC007229.3	SRR9879298	1.0114727203258032
AC007229.3	SRR9879299	1.004672692112038
AC007229.3	SRR9879300	1.0154291543241525
AC007229.3	SRR9879301	1.002412783311024
AC007229.3	SRR9879302	1.0113873374009947
AC007229.3	SRR9879303	6.033297134622424
AC007229.3	SRR9879304	2.034326099596851
AC007229.3	SRR9879305	2.022243148769279
AC007229.3	SRR9879306	1
AC007229.3	SRR9879307	2.3443430141001618
AC007229.3	SRR9879308	3.036386073226515
AC007229.3	SRR9879309	3.034421669899894
AC007229.3	T50_307	2.012466196818904
AC007229.3	T50_313	3.0514016913189237
AC007229.3	T50_317	1.017912202260729
AC007229.3	T50_324	1.0121465228691218
AC007229.3	T50_427	2.0347268855829714
AC007229.3	T50_428	1.007839948834571
AC007229.3	T50_431	2.012369586999972
AC007229.3	T50_436	2.0174308387825044
AC007229.3	T50_476	1.008350698322557
AC007229.3	UN_307	2.026619648808017
AC007229.3	UN_313	3.0435930408227683
AC007229.3	UN_317	1.008356876549466
AC007229.3	UN_324	2.0443761804579212
AC007229.3	UN_427	2.018131459428491
AC007229.3	UN_428	1.0107927868178097
AC007229.3	UN_431	1.010700365800461
AC007229.3	UN_436	3.0257707849556676
AC007229.3	UN_476	1.0102367475941127
