Gene	sample	counts
ATP6V0D1	CM317	1165.1611229273763
ATP6V0D1	CMCD140	6600.725234171153
ATP6V0D1	CMCD147	2155.3807757933014
ATP6V0D1	CMCD152	2196
ATP6V0D1	CMCD154	2570.7036505717115
ATP6V0D1	CMCD159	3387.552037995954
ATP6V0D1	CMCD161	2681.1893889597195
ATP6V0D1	CMCD174	2773.1422872305416
ATP6V0D1	CMCD196	4694.288294363196
ATP6V0D1	CMCD198	4031.5358344789624
ATP6V0D1	CMCD203	1259.9929477805777
ATP6V0D1	CMCD211	1188.7084850697713
ATP6V0D1	CMCD227	1542.7328628397029
ATP6V0D1	CMCD240	1669.9103007520907
ATP6V0D1	CMCD259	1704
ATP6V0D1	CMCD270	2528.0047116603014
ATP6V0D1	CMCD275	3769.50735963979
ATP6V0D1	CMCD282	4611.873557288293
ATP6V0D1	CMCD286	1622.1329753917598
ATP6V0D1	CMCD287	2133
ATP6V0D1	CMCD294	3578.132719902391
ATP6V0D1	CMCD327	2280.5308297543074
ATP6V0D1	CMCD335	2025.3838704804996
ATP6V0D1	CMCD337	1810.9377482056348
ATP6V0D1	CMCD357	1807.071058170166
ATP6V0D1	CMCD398	1065.148126878736
ATP6V0D1	CMCD403	1889.3795508855458
ATP6V0D1	CMCD422	1323.7566992487905
ATP6V0D1	CMCD426	954.5965837402259
ATP6V0D1	CMCD71	3892.467633111456
ATP6V0D1	CMCD72	859.1744659303287
ATP6V0D1	CMCD76	2337.287026637425
ATP6V0D1	CMCD88	3266.5877524364155
ATP6V0D1	CMSA256	2225
ATP6V0D1	CMSA316	1301.3468092001128
ATP6V0D1	CMUC110	1887
ATP6V0D1	CMUC192	2353.556383821127
ATP6V0D1	CMUC199	3425.7858709860116
ATP6V0D1	CMUC200	2494.795534018428
ATP6V0D1	CMUC208	3523.5886728567634
ATP6V0D1	CMUC231	1540
ATP6V0D1	CMUC234	1754
ATP6V0D1	CMUC285	1704.3885991680215
ATP6V0D1	CMUC291	3056.9245187482975
ATP6V0D1	CMUC295	2596.3349336596148
ATP6V0D1	CMUC299	2073.0230941215273
ATP6V0D1	CMUC301	1982.0697003592118
ATP6V0D1	CMUC307	1572.3167973108548
ATP6V0D1	CMUC313	1051.026179349203
ATP6V0D1	CMUC314	1176.395726026254
ATP6V0D1	CMUC323	1036.5462951495958
ATP6V0D1	CMUC324	1367.2295757051018
ATP6V0D1	CMUC331	1186.560102287074
ATP6V0D1	CMUC333	1146.4304499852599
ATP6V0D1	CMUC334	1397.3297224702662
ATP6V0D1	CMUC346	2799.6778915199116
ATP6V0D1	CMUC352	1495.851952276867
ATP6V0D1	CMUC360	1242.5641649659296
ATP6V0D1	CMUC363	1607.0160563958223
ATP6V0D1	CMUC365	1311.5264775200712
ATP6V0D1	CMUC366	1360.4408098858573
ATP6V0D1	CMUC368	1576
ATP6V0D1	CMUC377	1697.8633129085674
ATP6V0D1	CMUC379	1561.2850730653367
ATP6V0D1	CMUC380	1467.5052958107901
ATP6V0D1	CMUC383	2046.8300021810944
ATP6V0D1	CMUC394	2090.0755770446185
ATP6V0D1	CMUC419	2919.0299981701096
ATP6V0D1	CMUC427	1985
ATP6V0D1	CMUC428	1220.5725017743441
ATP6V0D1	CMUC431	1338.4471513847457
ATP6V0D1	CMUC435	1168.6841167401178
ATP6V0D1	CMUC439	1288.0869642285713
ATP6V0D1	CMUC89	1676
ATP6V0D1	CS219	3025.386654666927
ATP6V0D1	CS256	2418.470666928004
ATP6V0D1	CS257	1528.1519402011984
ATP6V0D1	CS259	2617.997413691188
ATP6V0D1	CS261	3643.0118114083753
ATP6V0D1	CS266	4046.73196490032
ATP6V0D1	CS270	3138.996021124221
ATP6V0D1	CS277	2461.643926864351
ATP6V0D1	CS288	2852.2111219198255
ATP6V0D1	CS290	3240.5121786297473
ATP6V0D1	CS292	4250.03169280702
ATP6V0D1	CS293	4714.186119593684
ATP6V0D1	CS301	3935.874682742846
ATP6V0D1	CS306	3520.5735669883734
ATP6V0D1	CS308	1256.1167393128912
ATP6V0D1	CS315	2108.6027257853925
ATP6V0D1	CS317	874.5256420177313
ATP6V0D1	CS322	1243.1568785330262
ATP6V0D1	CS327	1258.8708282125922
ATP6V0D1	CS328	1357.6041631559647
ATP6V0D1	CS330	1120.5037496627297
ATP6V0D1	CS331	4729.190289040442
ATP6V0D1	CS335	478.80136521340125
ATP6V0D1	CS338	1352.6977765207196
ATP6V0D1	CS339	897.6062375959095
ATP6V0D1	CS343	1370.7866013873854
ATP6V0D1	CS344	1086.6704777536145
ATP6V0D1	CS350	1721.749366665934
ATP6V0D1	CS351	4102.434658782454
ATP6V0D1	CS361	915.7231499765553
ATP6V0D1	CS388	1397.8366690544701
ATP6V0D1	CS396	1055.0551473038806
ATP6V0D1	CS405	1028.02741887543
ATP6V0D1	CS415	1179.8434882973115
ATP6V0D1	CS424	1877.946688734849
ATP6V0D1	IM293	2960.5397940241705
ATP6V0D1	IM296	2644.1268107011624
ATP6V0D1	IM297	1767.599050997728
ATP6V0D1	IM300	2958
ATP6V0D1	IM305	2941.790374699217
ATP6V0D1	IM309	1651.7598461015355
ATP6V0D1	IM310	1325.4975587966899
ATP6V0D1	IM311	2184.605269235843
ATP6V0D1	IM316	1959.816940257852
ATP6V0D1	IM320	1569.1774534438734
ATP6V0D1	IM330	1227.2941817520218
ATP6V0D1	IM332	1333.7011741757335
ATP6V0D1	IM340	1899.6189953839607
ATP6V0D1	IM348	1212.8479481981963
ATP6V0D1	IM354	1362.6495374990104
ATP6V0D1	IM356	1358.7388074277783
ATP6V0D1	IM364	1425.5721169921017
ATP6V0D1	IM372	1724.0211977818217
ATP6V0D1	IM374	1445.4947118356513
ATP6V0D1	IM376	1526.1896995511308
ATP6V0D1	IM381	1930.4778630042192
ATP6V0D1	IM382	2266.659065413613
ATP6V0D1	IM385	1547
ATP6V0D1	IM390	1925.278281512173
ATP6V0D1	IM397	1748.2368616910567
ATP6V0D1	IM404	1579.5146775463552
ATP6V0D1	IM409	1604.0203200742997
ATP6V0D1	IM412	1743
ATP6V0D1	IM421	1784.3349223788744
ATP6V0D1	IM425	785.8465247924507
ATP6V0D1	IM432	1552.7547023213351
ATP6V0D1	IM438	1540
ATP6V0D1	IM442	884.7551649464149
ATP6V0D1	IM445	1246.9174457429947
ATP6V0D1	IM448	1727.8802249448631
ATP6V0D1	IM449	1249.3119400072462
ATP6V0D1	IM451	1453.3928664195294
ATP6V0D1	IMSA256	2130.605754545468
ATP6V0D1	IMSA276	1405
ATP6V0D1	IMSA286	2212
ATP6V0D1	IMSA343	1933.6834779880676
ATP6V0D1	IS_238	2364
ATP6V0D1	IS238	5899.161547719816
ATP6V0D1	IS243	2989
ATP6V0D1	IS253	1954
ATP6V0D1	IS283	3158
ATP6V0D1	IS322	1949.904450518273
ATP6V0D1	IS399	889.1280851146341
ATP6V0D1	IS418	834.4824401391586
ATP6V0D1	IS430	912.0180358813593
ATP6V0D1	IS437	888.1472594183505
ATP6V0D1	IS444	1018.021174400776
ATP6V0D1	R276CMSA	2262.523396544426
ATP6V0D1	R286CMSA	2144
ATP6V0D1	R292CMSA	2724.251640198388
ATP6V0D1	R292IMSA	3682.644042297145
ATP6V0D1	R308CMSA	1049.0293748794868
ATP6V0D1	R316IMSA	1073.2744050951796
ATP6V0D1	R347CMSA	1433.5948892944714
ATP6V0D1	R347IMSA	1180.1021410979965
ATP6V0D1	R371CMSA	1602.3528913213938
ATP6V0D1	SRR10104064	681.2032377323164
ATP6V0D1	SRR10104065	2727.884869562196
ATP6V0D1	SRR10104066	2535.6426292209744
ATP6V0D1	SRR10104067	1587.7846913268365
ATP6V0D1	SRR10104068	3239.010490755964
ATP6V0D1	SRR10104069	2783.5304067177385
ATP6V0D1	SRR10104070	1587.3201507751662
ATP6V0D1	SRR10104071	283.1876909679452
ATP6V0D1	SRR10104072	1036.7209725732482
ATP6V0D1	SRR10104073	1027.9395744988653
ATP6V0D1	SRR10104074	701.3262994155493
ATP6V0D1	SRR10104075	601.9782663679805
ATP6V0D1	SRR10104076	1308.204507345567
ATP6V0D1	SRR10104077	1021.5217776667799
ATP6V0D1	SRR10104078	1399.6782054003527
ATP6V0D1	SRR10104079	790.9821805406579
ATP6V0D1	SRR10104080	814.2221856380388
ATP6V0D1	SRR10104081	2538.594337295584
ATP6V0D1	SRR10104082	846.3206264055905
ATP6V0D1	SRR10104083	1008.9756982429399
ATP6V0D1	SRR10104084	1683.9943016595043
ATP6V0D1	SRR10104085	1803.1913650374281
ATP6V0D1	SRR10104086	2135.6509163407586
ATP6V0D1	SRR10104087	5180.524840992169
ATP6V0D1	SRR10104088	3206.9626763087595
ATP6V0D1	SRR10104089	801.1304026788899
ATP6V0D1	SRR10104090	1628.7436985152717
ATP6V0D1	SRR10104091	1125.4532397755383
ATP6V0D1	SRR10104092	2617.917094151435
ATP6V0D1	SRR10104093	1285.6319722632281
ATP6V0D1	SRR10104094	1735.0896700509204
ATP6V0D1	SRR10104095	2249.367465818202
ATP6V0D1	SRR10104096	779.0886311086837
ATP6V0D1	SRR10104097	1235.346518032828
ATP6V0D1	SRR10104098	1598.190279427588
ATP6V0D1	SRR10104099	1461.2305632344808
ATP6V0D1	SRR10104100	1826.5887824348924
ATP6V0D1	SRR10104101	3710.5760250249004
ATP6V0D1	SRR10104102	2619.517681186193
ATP6V0D1	SRR10104103	1216.2058359750413
ATP6V0D1	SRR10104104	2435.16326328489
ATP6V0D1	SRR10104105	938.1649439018972
ATP6V0D1	SRR10104106	585.5761405324885
ATP6V0D1	SRR10104107	2753.112680278883
ATP6V0D1	SRR10104108	4011.3191483567825
ATP6V0D1	SRR10104109	738.1416898476576
ATP6V0D1	SRR10104110	646.0921851466899
ATP6V0D1	SRR10104111	2879.196094675914
ATP6V0D1	SRR10104112	518.5534396619723
ATP6V0D1	SRR10104113	1544.43655821767
ATP6V0D1	SRR10104114	506.652243201743
ATP6V0D1	SRR10104115	813.541844829055
ATP6V0D1	SRR10104116	2366.655839989696
ATP6V0D1	SRR10104117	2628.2870461070324
ATP6V0D1	SRR10104118	894.101929287655
ATP6V0D1	SRR10104119	568.7333986943195
ATP6V0D1	SRR10104120	1343.4082772761396
ATP6V0D1	SRR10104121	1284.066588492637
ATP6V0D1	SRR10104122	1226.7757722223232
ATP6V0D1	SRR10104123	1333.083233783682
ATP6V0D1	SRR10104124	793.7701317937915
ATP6V0D1	SRR10104125	1009.6239599382727
ATP6V0D1	SRR10104126	1244.227297074191
ATP6V0D1	SRR10104127	451.804370729017
ATP6V0D1	SRR10104128	1846.654173526008
ATP6V0D1	SRR10104129	1769.333899900867
ATP6V0D1	SRR10104130	1193.1543684246044
ATP6V0D1	SRR10104131	2876.2198081155743
ATP6V0D1	SRR10104132	3042.7917935904575
ATP6V0D1	SRR10104133	702.9161301629575
ATP6V0D1	SRR10104134	1170.20145979145
ATP6V0D1	SRR10104135	932.3827500313085
ATP6V0D1	SRR10104136	1852.4046504577038
ATP6V0D1	SRR10104137	720.0312468739254
ATP6V0D1	SRR10104138	425.5985220263568
ATP6V0D1	SRR10104139	2757.969745075179
ATP6V0D1	SRR10104140	799.6144109437804
ATP6V0D1	SRR10104141	897.410478179802
ATP6V0D1	SRR10104142	879.954647902724
ATP6V0D1	SRR10104143	2642.4355872035103
ATP6V0D1	SRR10104144	967.2917015259867
ATP6V0D1	SRR10104145	969.9190402067976
ATP6V0D1	SRR10104146	3290.3568938086387
ATP6V0D1	SRR10104147	5879.032871328767
ATP6V0D1	SRR10104148	1034.821186363829
ATP6V0D1	SRR10104149	849.9569318842282
ATP6V0D1	SRR10104150	3240.2415223348003
ATP6V0D1	SRR10104151	3631.592153872444
ATP6V0D1	SRR10104152	4999.950968340266
ATP6V0D1	SRR10104153	855.0974856253544
ATP6V0D1	SRR10104154	1807.541812110402
ATP6V0D1	SRR10104155	651.6368805831656
ATP6V0D1	SRR10104156	3547.3394940898693
ATP6V0D1	SRR10104157	1154.8559748903697
ATP6V0D1	SRR10104158	2007.3540755383256
ATP6V0D1	SRR10104159	2915.2767444080027
ATP6V0D1	SRR10104160	827.7389035388976
ATP6V0D1	SRR10104161	4025.937806587903
ATP6V0D1	SRR10104162	4985.371440557004
ATP6V0D1	SRR10104163	2354.8058833442515
ATP6V0D1	SRR10104164	2114.722214157606
ATP6V0D1	SRR10104165	2042.2827797391787
ATP6V0D1	SRR10104166	1825.4689445585939
ATP6V0D1	SRR10104167	2592.245234639519
ATP6V0D1	SRR10104168	3571.3657065273237
ATP6V0D1	SRR10104169	1553.4264093435647
ATP6V0D1	SRR10104170	2187.8520138147196
ATP6V0D1	SRR10104171	2107.345582599613
ATP6V0D1	SRR10104172	1860.918176896185
ATP6V0D1	SRR10104173	1919.3035019484432
ATP6V0D1	SRR10104174	2547.3591245751613
ATP6V0D1	SRR10104175	1803.6506745752772
ATP6V0D1	SRR10104176	2198.356020071932
ATP6V0D1	SRR10104177	1908.139389170828
ATP6V0D1	SRR10104178	1653.1562607512044
ATP6V0D1	SRR10104179	2674.55739580254
ATP6V0D1	SRR10104180	2191.061193664401
ATP6V0D1	SRR10104181	1775.2793318449505
ATP6V0D1	SRR10104182	2413.9333878881316
ATP6V0D1	SRR10104183	1891.0048765668248
ATP6V0D1	SRR10104184	3271.1390460346597
ATP6V0D1	SRR10104185	1229.5296851606267
ATP6V0D1	SRR10104186	1644.4488546192777
ATP6V0D1	SRR10104187	1163.141833216663
ATP6V0D1	SRR10104188	1384.7793233514058
ATP6V0D1	SRR10104189	2507.9696670180865
ATP6V0D1	SRR10104190	1162.879654308005
ATP6V0D1	SRR10104191	1073.8392565156869
ATP6V0D1	SRR10104192	2845.2448750153376
ATP6V0D1	SRR10104193	1987.1388246442402
ATP6V0D1	SRR10104194	1670.6936076271852
ATP6V0D1	SRR10104195	1991.0215384020973
ATP6V0D1	SRR10104196	3159.408692265946
ATP6V0D1	SRR10104197	3138.9473512994637
ATP6V0D1	SRR10104198	2371.755776461967
ATP6V0D1	SRR10104199	1586.6243086409613
ATP6V0D1	SRR10104200	2744.69074567791
ATP6V0D1	SRR10104201	4405.49120003806
ATP6V0D1	SRR10104202	1994.778848860582
ATP6V0D1	SRR10104203	2146.514516115679
ATP6V0D1	SRR10104204	2331.8732033690617
ATP6V0D1	SRR10104205	2145.1209886205597
ATP6V0D1	SRR10104206	2837.3368521621474
ATP6V0D1	SRR10104207	2408.3077268941597
ATP6V0D1	SRR10104208	2800.5318417671997
ATP6V0D1	SRR10104209	1945.032581118917
ATP6V0D1	SRR10104210	1862.7434547071657
ATP6V0D1	SRR10104211	2483.744312468912
ATP6V0D1	SRR10104212	3816.2536551180756
ATP6V0D1	SRR10104213	1943.120958685774
ATP6V0D1	SRR10104214	3440.1146264340427
ATP6V0D1	SRR10104215	3115.020672080999
ATP6V0D1	SRR10104216	1769.1478045535544
ATP6V0D1	SRR10104217	3724.5371426765105
ATP6V0D1	SRR10104218	1408.2541125478192
ATP6V0D1	SRR10104219	2172.423679507078
ATP6V0D1	SRR10104220	5035.843812422473
ATP6V0D1	SRR10104221	1384.0518866664693
ATP6V0D1	SRR10104222	1573.8179183459495
ATP6V0D1	SRR10104223	955.4257733065342
ATP6V0D1	SRR10104224	2666.0012775069513
ATP6V0D1	SRR10104225	3434.6169628566977
ATP6V0D1	SRR10104226	2443.467765482786
ATP6V0D1	SRR10104227	1167.3833366891843
ATP6V0D1	SRR10104228	1481.4395624736874
ATP6V0D1	SRR10104229	3827.149090480495
ATP6V0D1	SRR10104230	1010.8696670592212
ATP6V0D1	SRR10104231	2438.409770498582
ATP6V0D1	SRR10104232	2497.884117583309
ATP6V0D1	SRR10104233	881.030590840922
ATP6V0D1	SRR10104234	2422.290411230924
ATP6V0D1	SRR10104235	1624.8906200817212
ATP6V0D1	SRR10104236	8996.970412192268
ATP6V0D1	SRR10104237	3845.822002497431
ATP6V0D1	SRR10104238	2409.25297198249
ATP6V0D1	SRR10104239	1152.4397509764892
ATP6V0D1	SRR10104240	2120.097642025156
ATP6V0D1	SRR10104241	2241.328979698025
ATP6V0D1	SRR10104242	2394.7165354098397
ATP6V0D1	SRR10104243	1358.6816278738452
ATP6V0D1	SRR10104244	2055.114337584724
ATP6V0D1	SRR10104245	1625.6980628617273
ATP6V0D1	SRR10104246	690.0193291619629
ATP6V0D1	SRR10104247	2035.7383065450424
ATP6V0D1	SRR10104248	1443.571275442102
ATP6V0D1	SRR10104249	2905.896928628907
ATP6V0D1	SRR10104250	1151.8605341285597
ATP6V0D1	SRR10104251	2091.1162862080546
ATP6V0D1	SRR10104252	856.4584151729945
ATP6V0D1	SRR10104253	1529.178598786462
ATP6V0D1	SRR10104254	3359.536512214664
ATP6V0D1	SRR10104255	2942.4618845964524
ATP6V0D1	SRR10104256	3073.7422473780175
ATP6V0D1	SRR10104257	2703.7695958160893
ATP6V0D1	SRR10104258	2565.6429636922676
ATP6V0D1	SRR10224277	4333.2852056088905
ATP6V0D1	SRR10224278	1457.6131184047142
ATP6V0D1	SRR10224279	1409.4905911270632
ATP6V0D1	SRR10224280	4836.782202146047
ATP6V0D1	SRR10224281	2163.298743135853
ATP6V0D1	SRR10224282	2811.3204244180165
ATP6V0D1	SRR10224283	1610.2699528956111
ATP6V0D1	SRR10224284	1474.1279621328295
ATP6V0D1	SRR10224285	1423.4932316972108
ATP6V0D1	SRR10224286	1725.7859461688063
ATP6V0D1	SRR10224287	1897.0292581935641
ATP6V0D1	SRR10224288	1449.2698963519315
ATP6V0D1	SRR10224289	1398.5925349458983
ATP6V0D1	SRR10224290	1405.563928806713
ATP6V0D1	SRR10224291	1726.2477998830427
ATP6V0D1	SRR10224292	1915.4475546785861
ATP6V0D1	SRR10224293	2278.699184646699
ATP6V0D1	SRR10224294	1601.8192574747488
ATP6V0D1	SRR10224295	1405.3853978506195
ATP6V0D1	SRR10224296	1595.7958294331684
ATP6V0D1	SRR10224297	1427.3907203564381
ATP6V0D1	SRR10224298	2160.4680426385225
ATP6V0D1	SRR10318388	935.8149824288001
ATP6V0D1	SRR10318389	2843.310657576489
ATP6V0D1	SRR10318390	512.2249189627174
ATP6V0D1	SRR10318391	1801.095962210288
ATP6V0D1	SRR10318392	185.53552477553927
ATP6V0D1	SRR10318393	1583.4344135361807
ATP6V0D1	SRR10318394	1892.6163801922041
ATP6V0D1	SRR10318395	961.2269793361229
ATP6V0D1	SRR10318396	1264.9763604234488
ATP6V0D1	SRR10318397	2895.7543392986213
ATP6V0D1	SRR10318398	1964.7057614241965
ATP6V0D1	SRR10318399	1.0501074458020174
ATP6V0D1	SRR10318400	864.5888499525245
ATP6V0D1	SRR10318401	3289.8184317621176
ATP6V0D1	SRR10318402	1466.144724434377
ATP6V0D1	SRR10318403	2462.7872858525866
ATP6V0D1	SRR10318404	1226.1129323870598
ATP6V0D1	SRR10318405	1196.8695632910487
ATP6V0D1	SRR10318406	1181.3311411923964
ATP6V0D1	SRR10318407	4285.644126246894
ATP6V0D1	SRR10318408	3044.113190266719
ATP6V0D1	SRR10318409	2807.823920104501
ATP6V0D1	SRR10318410	2051.285370658054
ATP6V0D1	SRR10318411	3037.0042760394203
ATP6V0D1	SRR10318412	1982.5217165849087
ATP6V0D1	SRR10318413	1311.988403285424
ATP6V0D1	SRR10318414	4083.9321605687182
ATP6V0D1	SRR10318415	2818.1385696261727
ATP6V0D1	SRR10318416	2534.8528999773985
ATP6V0D1	SRR10318417	1350.596975803645
ATP6V0D1	SRR10318418	719.686662662037
ATP6V0D1	SRR10318419	2094.3100944525936
ATP6V0D1	SRR10318420	1333.3972208244695
ATP6V0D1	SRR10318421	1717.10684649007
ATP6V0D1	SRR10318422	1548.2241486293576
ATP6V0D1	SRR10318423	774.1372501982379
ATP6V0D1	SRR10318424	3318.9115729840987
ATP6V0D1	SRR10318425	1089.0146108806255
ATP6V0D1	SRR10318426	1.0953414278907072
ATP6V0D1	SRR10318427	1.108018223770156
ATP6V0D1	SRR10318428	1033.360600015561
ATP6V0D1	SRR10318429	581.3065890163239
ATP6V0D1	SRR10318430	2629.4194809394135
ATP6V0D1	SRR10318431	254.3029813015727
ATP6V0D1	SRR10318432	439.73701063060804
ATP6V0D1	SRR10318433	1.2750020383966563
ATP6V0D1	SRR10318434	5556.8800405494385
ATP6V0D1	SRR10318435	3195.868166489503
ATP6V0D1	SRR10318436	1812.9421273768937
ATP6V0D1	SRR10318437	1341.9655711011728
ATP6V0D1	SRR10318438	2163.7237393161754
ATP6V0D1	SRR10318439	4582.713711822888
ATP6V0D1	SRR10318440	1013.7024060343107
ATP6V0D1	SRR10318441	3363.260074806076
ATP6V0D1	SRR10318442	986.4590861328037
ATP6V0D1	SRR10318443	3106.0588581143684
ATP6V0D1	SRR10318444	1168.8392615938828
ATP6V0D1	SRR10318445	1501.8819632173884
ATP6V0D1	SRR10318446	2364.3018025301326
ATP6V0D1	SRR10318447	2495.7541915901147
ATP6V0D1	SRR10318448	1410.6842834051165
ATP6V0D1	SRR10318449	2476.1565509793804
ATP6V0D1	SRR10318450	1620.3625737414432
ATP6V0D1	SRR10318451	2001
ATP6V0D1	SRR10318452	2142.3205076862937
ATP6V0D1	SRR10318453	1240.0816930918497
ATP6V0D1	SRR10318454	2031.606457250701
ATP6V0D1	SRR10318455	1696.1452740734194
ATP6V0D1	SRR10318456	1060.914864261016
ATP6V0D1	SRR10318457	2100.241988812961
ATP6V0D1	SRR10318458	1273.9678716663025
ATP6V0D1	SRR10318459	1911.2406192928202
ATP6V0D1	SRR10318460	3022.9435255144667
ATP6V0D1	SRR10318461	3642.7544223572913
ATP6V0D1	SRR10318462	3947.139540040651
ATP6V0D1	SRR10318463	1728.3316782997254
ATP6V0D1	SRR10318464	1659.216308115988
ATP6V0D1	SRR10318465	1080.97213891765
ATP6V0D1	SRR10318466	2476.994984817477
ATP6V0D1	SRR10318467	2511.6473160406845
ATP6V0D1	SRR10318468	712.8724243657733
ATP6V0D1	SRR10318469	1778.2261257347438
ATP6V0D1	SRR10318470	4173
ATP6V0D1	SRR10318471	4065
ATP6V0D1	SRR10318472	3065.429037740001
ATP6V0D1	SRR10318473	3337.883823000184
ATP6V0D1	SRR10318474	1059.4078005848492
ATP6V0D1	SRR10318475	3176.6475512589404
ATP6V0D1	SRR10318476	1189.2363583477954
ATP6V0D1	SRR10318495	2540.7416784526845
ATP6V0D1	SRR10318496	1921.7743789908068
ATP6V0D1	SRR10318497	2165.7830611612007
ATP6V0D1	SRR10318498	2315.0819975153004
ATP6V0D1	SRR10318499	486.48866806828426
ATP6V0D1	SRR10318500	3131.8456387165647
ATP6V0D1	SRR10318501	1485.1328419221973
ATP6V0D1	SRR10318502	2473.334830534059
ATP6V0D1	SRR10318503	820.4750742714053
ATP6V0D1	SRR10318504	1808.869165827081
ATP6V0D1	SRR10318505	254.13715491733456
ATP6V0D1	SRR10318506	3809.8779542573825
ATP6V0D1	SRR10318507	4688.47674434604
ATP6V0D1	SRR10318508	4668.225121262136
ATP6V0D1	SRR10318509	2373.130350290777
ATP6V0D1	SRR10318510	5149.504088182035
ATP6V0D1	SRR10318511	2287.880029772078
ATP6V0D1	SRR10318512	755.712840324585
ATP6V0D1	SRR10318513	2741.0309299711403
ATP6V0D1	SRR10318514	1537.0344230434625
ATP6V0D1	SRR10318515	3804.859089057791
ATP6V0D1	SRR10318516	2409.1912818727756
ATP6V0D1	SRR10318517	1179.0904508855222
ATP6V0D1	SRR10318518	1226.736873466226
ATP6V0D1	SRR10318519	1692.9518944609474
ATP6V0D1	SRR10318520	1309.5896277831202
ATP6V0D1	SRR10318521	1771.3879785655563
ATP6V0D1	SRR10318522	873.1909828779084
ATP6V0D1	SRR10318523	2044.6250147257058
ATP6V0D1	SRR10318524	1709.0161599578473
ATP6V0D1	SRR10318525	242.49381605449918
ATP6V0D1	SRR10318526	1066.9071690145909
ATP6V0D1	SRR10318527	3029.0899415290896
ATP6V0D1	SRR10318528	2069.2348405486914
ATP6V0D1	SRR10318529	3320.5111146011095
ATP6V0D1	SRR10318530	2116.168175918501
ATP6V0D1	SRR10318531	1159.246755955387
ATP6V0D1	SRR10318532	2445.01521699982
ATP6V0D1	SRR10318533	2855.7252890390287
ATP6V0D1	SRR10318534	859.8437437375457
ATP6V0D1	SRR10318535	724.0497942961329
ATP6V0D1	SRR10318536	3360.573732546504
ATP6V0D1	SRR10318537	779.3587989800722
ATP6V0D1	SRR10318538	3156.771687135729
ATP6V0D1	SRR10318539	2449.550978791549
ATP6V0D1	SRR10318540	284.5424144208356
ATP6V0D1	SRR10318541	1297.1325501374156
ATP6V0D1	SRR10318542	3028.134401948949
ATP6V0D1	SRR10318543	1942.245119681927
ATP6V0D1	SRR10318544	3367.3242249041946
ATP6V0D1	SRR10318545	626.3596178619848
ATP6V0D1	SRR10318546	3499.033437771413
ATP6V0D1	SRR10318547	1739.8506316433175
ATP6V0D1	SRR10318548	2513.1045868660676
ATP6V0D1	SRR10318549	2457.7824848974083
ATP6V0D1	SRR10318568	1820.721834580089
ATP6V0D1	SRR10318569	3444.840959248186
ATP6V0D1	SRR10318570	3136.002254142259
ATP6V0D1	SRR10318571	867.7156047844792
ATP6V0D1	SRR10318572	2544.0294509192754
ATP6V0D1	SRR10318573	2442.5882965504557
ATP6V0D1	SRR10318574	1042.5279671133303
ATP6V0D1	SRR10318575	1417.627567119634
ATP6V0D1	SRR10318576	2983.7963347887166
ATP6V0D1	SRR10318577	654.8918240375739
ATP6V0D1	SRR10318578	2697.4258466509878
ATP6V0D1	SRR10318579	4854.255073020965
ATP6V0D1	SRR10318580	2053.8012682139793
ATP6V0D1	SRR10318581	3243
ATP6V0D1	SRR10875803	1604.4548857519928
ATP6V0D1	SRR10875804	875.4765920431427
ATP6V0D1	SRR10875805	804.0416007941578
ATP6V0D1	SRR10875806	1978.3196842225602
ATP6V0D1	SRR10875807	1593.7857056314642
ATP6V0D1	SRR10875808	1729.7004139203698
ATP6V0D1	SRR10875809	1548.4070843372567
ATP6V0D1	SRR10875810	2002.4804021053778
ATP6V0D1	SRR10875812	1218
ATP6V0D1	SRR10875813	2639.3602771974497
ATP6V0D1	SRR10875814	1318.2484939326766
ATP6V0D1	SRR10875815	2432
ATP6V0D1	SRR10875816	2028
ATP6V0D1	SRR10875817	1585.8661566622652
ATP6V0D1	SRR10875818	940.6131167324195
ATP6V0D1	SRR10875819	1282
ATP6V0D1	SRR10875820	1485.3263959524463
ATP6V0D1	SRR10875821	4199.0098340015
ATP6V0D1	SRR10875822	2464.6087884519247
ATP6V0D1	SRR10875823	2515
ATP6V0D1	SRR10875824	1441.1259717093674
ATP6V0D1	SRR10875825	782.3721250875179
ATP6V0D1	SRR10875826	2739.3239779536443
ATP6V0D1	SRR10875827	2176.463943093633
ATP6V0D1	SRR10875829	755.499034757241
ATP6V0D1	SRR10875830	2489
ATP6V0D1	SRR10875831	1129.0182181540788
ATP6V0D1	SRR10875832	4017
ATP6V0D1	SRR10875834	1509.0177800402287
ATP6V0D1	SRR10875835	1680
ATP6V0D1	SRR10875836	1084.7076627282681
ATP6V0D1	SRR10875837	761.7655208914531
ATP6V0D1	SRR10875838	466
ATP6V0D1	SRR10875839	2481.154419902966
ATP6V0D1	SRR10875840	1845.435483211416
ATP6V0D1	SRR10875841	720.7403776273408
ATP6V0D1	SRR10875842	1403.4886422601094
ATP6V0D1	SRR10875843	240.3653597928923
ATP6V0D1	SRR10875844	2031.6903453843386
ATP6V0D1	SRR10875845	1481.285220284865
ATP6V0D1	SRR10875846	0.5338898110226844
ATP6V0D1	SRR10875847	1020.6666702568865
ATP6V0D1	SRR10875848	1287
ATP6V0D1	SRR10875849	1987.4682661320132
ATP6V0D1	SRR10875850	786.1414493003743
ATP6V0D1	SRR10875851	2266.979228131837
ATP6V0D1	SRR10875852	956.1121466459325
ATP6V0D1	SRR10875853	1742.8124335876225
ATP6V0D1	SRR10875854	2288.4407812865065
ATP6V0D1	SRR10875855	2435.878552118614
ATP6V0D1	SRR10875856	1256.7148734545017
ATP6V0D1	SRR10875857	2128.1540144911824
ATP6V0D1	SRR10875858	1537.5146566205565
ATP6V0D1	SRR10875859	2569
ATP6V0D1	SRR10875860	1687.6408484804235
ATP6V0D1	SRR10875861	916.993068072923
ATP6V0D1	SRR10875862	948.3584073590938
ATP6V0D1	SRR10875863	379.04112940919845
ATP6V0D1	SRR10875864	2873
ATP6V0D1	SRR10875865	560.51242372265
ATP6V0D1	SRR10875866	1419.7466091575473
ATP6V0D1	SRR10875867	1494.386759299798
ATP6V0D1	SRR10875868	1388.9125140283954
ATP6V0D1	SRR10875869	1659
ATP6V0D1	SRR10875870	1791.0622638457796
ATP6V0D1	SRR10875871	1146.206235239477
ATP6V0D1	SRR10875872	2528.154327068466
ATP6V0D1	SRR10875873	1953.9013960650127
ATP6V0D1	SRR10875874	1423.6971269786852
ATP6V0D1	SRR10875875	1620.220321477116
ATP6V0D1	SRR10875876	1969
ATP6V0D1	SRR10875877	1471.4249304683094
ATP6V0D1	SRR10875878	4.031673885867307
ATP6V0D1	SRR10875879	823
ATP6V0D1	SRR10875880	901.5896020956158
ATP6V0D1	SRR10875881	1002.6385566084296
ATP6V0D1	SRR10875882	1952
ATP6V0D1	SRR10875883	339.1695331394318
ATP6V0D1	SRR10875884	663.528125342353
ATP6V0D1	SRR10875885	4455.145570514943
ATP6V0D1	SRR10875886	962.1863652398115
ATP6V0D1	SRR10875887	931
ATP6V0D1	SRR10875888	1.0282214633828897
ATP6V0D1	SRR10875889	390.8706440420161
ATP6V0D1	SRR10875890	387.84842541599187
ATP6V0D1	SRR10875891	1408
ATP6V0D1	SRR10875892	2996.4678091807855
ATP6V0D1	SRR10875893	1464
ATP6V0D1	SRR10875894	697.3904768869427
ATP6V0D1	SRR10875895	1538
ATP6V0D1	SRR10875896	1.0100794629576413
ATP6V0D1	SRR10875897	258.6586887418486
ATP6V0D1	SRR10875898	1578.539965649657
ATP6V0D1	SRR10875899	2239.293575128414
ATP6V0D1	SRR10875900	1178.385519159468
ATP6V0D1	SRR10875901	5533.103764138737
ATP6V0D1	SRR10875902	3093.195380419708
ATP6V0D1	SRR12430469	1701
ATP6V0D1	SRR12430470	1598.7925747706395
ATP6V0D1	SRR12430471	1751.8288011682976
ATP6V0D1	SRR12430472	1680.4970463299085
ATP6V0D1	SRR12430473	1801
ATP6V0D1	SRR12430474	1315.0996763265414
ATP6V0D1	SRR12430475	1104.4522538686656
ATP6V0D1	SRR12430476	1577
ATP6V0D1	SRR12765534	1990
ATP6V0D1	SRR12765535	5158.52072262416
ATP6V0D1	SRR12765536	1123.1887555906158
ATP6V0D1	SRR12765537	4403.320573994847
ATP6V0D1	SRR12765538	232.69661405140485
ATP6V0D1	SRR12765539	1104.2367661904439
ATP6V0D1	SRR12765540	3683.4753228698146
ATP6V0D1	SRR12765541	3105.1752156917755
ATP6V0D1	SRR12765542	2419
ATP6V0D1	SRR12765543	2307.8992032004335
ATP6V0D1	SRR12765544	3889.3125930391047
ATP6V0D1	SRR12765545	4314.676880624988
ATP6V0D1	SRR12765546	1427.8202844188754
ATP6V0D1	SRR12765547	3918.2745571866217
ATP6V0D1	SRR12765548	3067.447806437149
ATP6V0D1	SRR12765549	2497.8620585259237
ATP6V0D1	SRR12765550	685.4014081892071
ATP6V0D1	SRR12765551	1669.3473037701635
ATP6V0D1	SRR12765552	1.0414272361609767
ATP6V0D1	SRR12765553	1303.316742117162
ATP6V0D1	SRR12765554	310.5821103656162
ATP6V0D1	SRR12765555	1743.3794101450876
ATP6V0D1	SRR12765556	2008.3904596264865
ATP6V0D1	SRR12765557	977.1415224206368
ATP6V0D1	SRR12765558	400.61968647950994
ATP6V0D1	SRR12765559	2800.328733322505
ATP6V0D1	SRR12765560	998.5756540042174
ATP6V0D1	SRR12765561	1371.8837954293779
ATP6V0D1	SRR12765562	1623.7580273590472
ATP6V0D1	SRR12765563	1440.431858084046
ATP6V0D1	SRR12765564	2598.411143945582
ATP6V0D1	SRR12765565	1951.2635958706205
ATP6V0D1	SRR12765566	2307.258653371647
ATP6V0D1	SRR12765567	944.3199002402861
ATP6V0D1	SRR12765568	1349.732793033689
ATP6V0D1	SRR12765569	1854.0430555025296
ATP6V0D1	SRR12765570	2371.7697777459525
ATP6V0D1	SRR12765571	2552.2096250865993
ATP6V0D1	SRR12765572	3429.431718577739
ATP6V0D1	SRR12765573	1512.0179944157098
ATP6V0D1	SRR12765574	545.7615523567446
ATP6V0D1	SRR12765575	3297.085290636881
ATP6V0D1	SRR12765576	741.9802953530211
ATP6V0D1	SRR12765577	1218.1689249274405
ATP6V0D1	SRR12765578	1093.263402735571
ATP6V0D1	SRR12765579	2117.6049123511316
ATP6V0D1	SRR12765580	1199.4546739510886
ATP6V0D1	SRR12765581	1879.4148940881012
ATP6V0D1	SRR12765582	3784.8017571320634
ATP6V0D1	SRR12765583	4165.104705995528
ATP6V0D1	SRR12765584	2393.35679317528
ATP6V0D1	SRR12765585	3813.4771311554437
ATP6V0D1	SRR12765586	706.7094992186729
ATP6V0D1	SRR12765587	2445.32905524147
ATP6V0D1	SRR12765588	398.75258016836676
ATP6V0D1	SRR12765589	1321.5144808870064
ATP6V0D1	SRR12765590	886.2313564623228
ATP6V0D1	SRR12765591	134.63383163120642
ATP6V0D1	SRR12765592	1763.6851606623466
ATP6V0D1	SRR12765593	386.2018160547571
ATP6V0D1	SRR12765594	810.3996102292706
ATP6V0D1	SRR12765595	1261.611707890057
ATP6V0D1	SRR12765596	2682.7799237432178
ATP6V0D1	SRR12765597	1688.5357047031275
ATP6V0D1	SRR12765598	3024.5471686776395
ATP6V0D1	SRR12765599	4213.870790504969
ATP6V0D1	SRR12765600	1.0429920540407125
ATP6V0D1	SRR12765601	1503.0495802780997
ATP6V0D1	SRR12765602	1986.0543088086774
ATP6V0D1	SRR12765603	1676.3085830474865
ATP6V0D1	SRR12765604	1952.7625938018887
ATP6V0D1	SRR12765605	1580.0351724729676
ATP6V0D1	SRR12765606	1389.194780933822
ATP6V0D1	SRR12765607	2595.1103520440506
ATP6V0D1	SRR12765608	1597.0199585195492
ATP6V0D1	SRR12765609	1785.5386025356217
ATP6V0D1	SRR12765610	1717.9130923615423
ATP6V0D1	SRR12765611	1015.5635590643133
ATP6V0D1	SRR12765612	826.7359823248371
ATP6V0D1	SRR12765613	2849.825154442796
ATP6V0D1	SRR12765614	1159.3960256892676
ATP6V0D1	SRR12765615	1304.8421766234956
ATP6V0D1	SRR12765616	3032.455514474226
ATP6V0D1	SRR12765617	1264.6457584458406
ATP6V0D1	SRR12765618	1751.6885810993706
ATP6V0D1	SRR12765619	731.5823154765033
ATP6V0D1	SRR12765620	2205.50467999829
ATP6V0D1	SRR12765621	1002.5837127848008
ATP6V0D1	SRR12765622	861.4075575643238
ATP6V0D1	SRR12765623	3390
ATP6V0D1	SRR12765624	2481.795364991887
ATP6V0D1	SRR12765625	2614.4036034032924
ATP6V0D1	SRR12765626	1933.529733393993
ATP6V0D1	SRR12765627	6389.448312212987
ATP6V0D1	SRR12765628	557.2582209336963
ATP6V0D1	SRR12765629	731.8246083591943
ATP6V0D1	SRR12765630	3096.430523233698
ATP6V0D1	SRR12765631	1992.8594593494759
ATP6V0D1	SRR12765632	1326.6570302388664
ATP6V0D1	SRR12765633	443.40158244106965
ATP6V0D1	SRR12765634	1255.7954779982367
ATP6V0D1	SRR12765635	4136.452760946498
ATP6V0D1	SRR12765636	1115.4491204551764
ATP6V0D1	SRR12765637	2390.74637374582
ATP6V0D1	SRR12765638	1794
ATP6V0D1	SRR12765639	2053.6374562488404
ATP6V0D1	SRR12765640	533.6732283471381
ATP6V0D1	SRR12765641	2060.009954828601
ATP6V0D1	SRR12765642	3056.462528190676
ATP6V0D1	SRR12765643	1944.810529730761
ATP6V0D1	SRR12765644	2365.4262418782732
ATP6V0D1	SRR12765645	2155.809658501259
ATP6V0D1	SRR12765646	1991.483875663884
ATP6V0D1	SRR12765647	1106.187287298887
ATP6V0D1	SRR12765648	2177.5476862019987
ATP6V0D1	SRR12765649	1.0494646804633012
ATP6V0D1	SRR12765650	1449.6710737142773
ATP6V0D1	SRR12765651	258.0831474410327
ATP6V0D1	SRR12765652	1591.6708375551727
ATP6V0D1	SRR12774664	2932.4722556057
ATP6V0D1	SRR12774665	1296.1453275949016
ATP6V0D1	SRR12774666	727.6719542604122
ATP6V0D1	SRR12774667	1342.7487272044643
ATP6V0D1	SRR12774668	2485.3264976314713
ATP6V0D1	SRR12774669	625.305218143001
ATP6V0D1	SRR12774670	1338.4086171261247
ATP6V0D1	SRR12774671	545.1380252397307
ATP6V0D1	SRR12774672	2014.3819565869717
ATP6V0D1	SRR12774673	889.4659066053214
ATP6V0D1	SRR12774674	2897.5194221059746
ATP6V0D1	SRR12774675	1727.4217713148646
ATP6V0D1	SRR12774676	1828.889953686853
ATP6V0D1	SRR12774677	1068.5034633276566
ATP6V0D1	SRR12774678	1.043754043143823
ATP6V0D1	SRR12774679	122.7915893566269
ATP6V0D1	SRR12774680	2864.687998601127
ATP6V0D1	SRR12774681	3457.843811196846
ATP6V0D1	SRR12774682	2653.8072958045886
ATP6V0D1	SRR12774683	4476.700236276315
ATP6V0D1	SRR12774684	3682.363209196237
ATP6V0D1	SRR12774685	936.8525255715076
ATP6V0D1	SRR12774686	1976.9088891089848
ATP6V0D1	SRR12774687	3709.6301356564377
ATP6V0D1	SRR1609360	690.4416527999166
ATP6V0D1	SRR1609361	905.8772091958971
ATP6V0D1	SRR1609362	649.4041033671076
ATP6V0D1	SRR1609363	1997.6236521200085
ATP6V0D1	SRR1609364	1345.4308920370986
ATP6V0D1	SRR1609365	2218.3103590648657
ATP6V0D1	SRR1609366	2158.2024212337988
ATP6V0D1	SRR1609367	1849.9310686217127
ATP6V0D1	SRR1609368	1609.8952646011337
ATP6V0D1	SRR1609369	2007.805658026672
ATP6V0D1	SRR1609370	1647.4307445609475
ATP6V0D1	SRR1609371	2241.528842130913
ATP6V0D1	SRR1609372	1296.9331693863683
ATP6V0D1	SRR1609373	1885.0276955962142
ATP6V0D1	SRR1609374	2292.0074580988976
ATP6V0D1	SRR1609375	1221.9221997832474
ATP6V0D1	SRR1609376	2330.906837907357
ATP6V0D1	SRR1609377	905.7628314184574
ATP6V0D1	SRR1609378	2489.5945417907674
ATP6V0D1	SRR1609379	1536.7628375242195
ATP6V0D1	SRR1609380	2062.20657158238
ATP6V0D1	SRR1609381	1730.2449458865979
ATP6V0D1	SRR1609382	3537.75840371076
ATP6V0D1	SRR1609383	180.86680506163285
ATP6V0D1	SRR1609384	1244.8880143593863
ATP6V0D1	SRR1609385	1515.0339712563928
ATP6V0D1	SRR1609386	973.3870246826863
ATP6V0D1	SRR1609387	1190.7366201861878
ATP6V0D1	SRR1609388	1674.9662605758372
ATP6V0D1	SRR1609389	1765.4419506800086
ATP6V0D1	SRR1609390	670.4895546526766
ATP6V0D1	SRR1609391	1622.0285546198977
ATP6V0D1	SRR1609392	1572.914477537865
ATP6V0D1	SRR1609393	1350.901848101697
ATP6V0D1	SRR1609394	1728.5888847216793
ATP6V0D1	SRR1609395	712.8865370706537
ATP6V0D1	SRR1609396	981.0586465262534
ATP6V0D1	SRR1609397	1098.7370877370192
ATP6V0D1	SRR1609398	945.3383738145324
ATP6V0D1	SRR1609399	1470.5806841763524
ATP6V0D1	SRR1609400	1584.4660480172693
ATP6V0D1	SRR1609401	1222.8981449901175
ATP6V0D1	SRR1609402	2082.2548010203386
ATP6V0D1	SRR1609403	989.1249627797031
ATP6V0D1	SRR1609404	2206.041771079451
ATP6V0D1	SRR1609405	368.4159198755591
ATP6V0D1	SRR1609406	1288.0504544042674
ATP6V0D1	SRR1609407	1291.9618783598755
ATP6V0D1	SRR1609408	1483.459250838802
ATP6V0D1	SRR1609409	829.1306587697883
ATP6V0D1	SRR1609410	849
ATP6V0D1	SRR1609411	934.6772739792754
ATP6V0D1	SRR1609412	3136
ATP6V0D1	SRR1609413	3090.6730081852807
ATP6V0D1	SRR1609414	1757.8445300812868
ATP6V0D1	SRR1609415	2019.3633411418011
ATP6V0D1	SRR1609416	2416.3333219677793
ATP6V0D1	SRR1609417	2716.106146030396
ATP6V0D1	SRR1609418	1592.2905455227665
ATP6V0D1	SRR1609419	3317.089896267853
ATP6V0D1	SRR1609420	1672.780032366543
ATP6V0D1	SRR1609421	1958.5342434392835
ATP6V0D1	SRR1609422	2752.6487256035794
ATP6V0D1	SRR1609423	1979.1968644957424
ATP6V0D1	SRR1609424	1367.8491817264937
ATP6V0D1	SRR1609425	1538.489571626699
ATP6V0D1	SRR1609426	2313.8707266862034
ATP6V0D1	SRR1609427	2113.8164993081205
ATP6V0D1	SRR1609428	3046.0634130520007
ATP6V0D1	SRR1609429	1783.2447846932478
ATP6V0D1	SRR1609430	2622.7063577771514
ATP6V0D1	SRR1609431	2003.56871184851
ATP6V0D1	SRR1609432	1873.8099405138482
ATP6V0D1	SRR1609433	1644.414767654631
ATP6V0D1	SRR1609434	6672.631876781007
ATP6V0D1	SRR1609435	678.0228744524543
ATP6V0D1	SRR1609436	1527.9347562923401
ATP6V0D1	SRR1609437	1853.9405064285984
ATP6V0D1	SRR1609438	1382.2274024961769
ATP6V0D1	SRR1609439	2166.3873990601064
ATP6V0D1	SRR1609440	1382.4783929515797
ATP6V0D1	SRR1609441	2886.5294325539376
ATP6V0D1	SRR1609442	2600.597534422362
ATP6V0D1	SRR1609443	1640.033395561332
ATP6V0D1	SRR1609444	1712.9244457420345
ATP6V0D1	SRR1609445	2551.9202347432742
ATP6V0D1	SRR1609446	1176.8077430321632
ATP6V0D1	SRR1609447	1.2338363336906928
ATP6V0D1	SRR1609448	1493.0576994216065
ATP6V0D1	SRR1609449	2493.163247197598
ATP6V0D1	SRR1609450	1726.5194511730851
ATP6V0D1	SRR1609451	825.4815428994383
ATP6V0D1	SRR1609452	1.2632705659263332
ATP6V0D1	SRR1609453	2253.119493610998
ATP6V0D1	SRR1609454	1628.6638085843886
ATP6V0D1	SRR1609455	1.2516237980743048
ATP6V0D1	SRR1609456	1821.7614133427537
ATP6V0D1	SRR1609457	2384.560322181999
ATP6V0D1	SRR1609458	1.240500376538707
ATP6V0D1	SRR1609459	3629.0683277480794
ATP6V0D1	SRR1609460	2121.25686793923
ATP6V0D1	SRR1609461	3124.246376573022
ATP6V0D1	SRR1609462	1927.092879801356
ATP6V0D1	SRR1609463	1481.4716400639825
ATP6V0D1	SRR1609464	1485.3187793219074
ATP6V0D1	SRR1609465	1734.477936046437
ATP6V0D1	SRR1609466	1.1215996409238542
ATP6V0D1	SRR1609467	1139.4509331355328
ATP6V0D1	SRR1609468	2044.3992884031413
ATP6V0D1	SRR1609469	8428.51653085783
ATP6V0D1	SRR1609470	1955.391414330579
ATP6V0D1	SRR1609471	2394.0321822936185
ATP6V0D1	SRR1609472	426.1343276333061
ATP6V0D1	SRR1609473	2405.782013631915
ATP6V0D1	SRR1609474	2078.2924874490395
ATP6V0D1	SRR1609475	3800.9798585325207
ATP6V0D1	SRR1609476	3851.369218743971
ATP6V0D1	SRR1609477	3397.064507677462
ATP6V0D1	SRR1609478	2919.636814114634
ATP6V0D1	SRR1609479	2051.0889466344966
ATP6V0D1	SRR1609480	5195
ATP6V0D1	SRR1609481	5090.525281035565
ATP6V0D1	SRR1609482	2112.6539202778317
ATP6V0D1	SRR1609483	1986.9457774321147
ATP6V0D1	SRR1609484	4183.796758058674
ATP6V0D1	SRR1609485	2618.354736489419
ATP6V0D1	SRR1609486	1775.7423344706488
ATP6V0D1	SRR1609487	1065.1290444649273
ATP6V0D1	SRR1609488	1753.52248126438
ATP6V0D1	SRR1609489	2056.49862778712
ATP6V0D1	SRR1609490	927.9664511212434
ATP6V0D1	SRR1609491	1789.2874388107327
ATP6V0D1	SRR1609492	3930
ATP6V0D1	SRR1609493	1754.8087841753083
ATP6V0D1	SRR1609494	1912.2821990422835
ATP6V0D1	SRR1609495	3334.4272634045838
ATP6V0D1	SRR1609496	1657.3668298997666
ATP6V0D1	SRR1609497	2162.9451779639276
ATP6V0D1	SRR1609498	1897.6828332498953
ATP6V0D1	SRR1609499	2206.6185791168487
ATP6V0D1	SRR1609500	1775.0589184557762
ATP6V0D1	SRR1609501	2411.0911503116217
ATP6V0D1	SRR1609502	2423.9332960995102
ATP6V0D1	SRR1609503	1.2571824597395216
ATP6V0D1	SRR1609504	1848
ATP6V0D1	SRR1609505	2047
ATP6V0D1	SRR1609506	1067.6189851757294
ATP6V0D1	SRR1609507	1560.3756091217292
ATP6V0D1	SRR1609508	3704.9995459011416
ATP6V0D1	SRR1609509	2092.1553643006528
ATP6V0D1	SRR1609510	4218.507368794686
ATP6V0D1	SRR1609511	1443.4698206165697
ATP6V0D1	SRR1609512	1616.3253397450612
ATP6V0D1	SRR1609513	2598.2897748644223
ATP6V0D1	SRR1609514	559.4255028671714
ATP6V0D1	SRR1609515	2324.5967379164795
ATP6V0D1	SRR1609516	2687.180354848395
ATP6V0D1	SRR1609517	1133.9491163876803
ATP6V0D1	SRR1609518	2160.496097655462
ATP6V0D1	SRR1609519	1701.8523486592326
ATP6V0D1	SRR1609520	2495.6119153881523
ATP6V0D1	SRR1609521	1298.0952689703431
ATP6V0D1	SRR1609522	884.7830940001124
ATP6V0D1	SRR1609523	3560.777770788669
ATP6V0D1	SRR1609524	1304.4468462247426
ATP6V0D1	SRR1609525	3606.7958498947696
ATP6V0D1	SRR1609526	4919.218104507861
ATP6V0D1	SRR1609527	2356
ATP6V0D1	SRR1609528	2719.3336116121877
ATP6V0D1	SRR1609529	795.6561880690825
ATP6V0D1	SRR1609530	1735.2814575608809
ATP6V0D1	SRR1609531	2354.9007412464407
ATP6V0D1	SRR1609532	2304.4873539118303
ATP6V0D1	SRR1609533	384.14385457646654
ATP6V0D1	SRR1609534	3112.012499552931
ATP6V0D1	SRR1609535	816.5901288430315
ATP6V0D1	SRR1609536	1650.5741503111074
ATP6V0D1	SRR1609537	1829.002441833795
ATP6V0D1	SRR1609538	3076
ATP6V0D1	SRR1609539	2338.3955373357594
ATP6V0D1	SRR1609540	3099
ATP6V0D1	SRR1609541	3662.730938964148
ATP6V0D1	SRR1609542	2654.2016690033265
ATP6V0D1	SRR1609543	1507.0260340349344
ATP6V0D1	SRR1609544	2227.948553673442
ATP6V0D1	SRR1609545	477.1306681150287
ATP6V0D1	SRR1609546	3969
ATP6V0D1	SRR1609547	2672.7493154293206
ATP6V0D1	SRR1609548	1570.7697676751295
ATP6V0D1	SRR1609549	1266.402009814917
ATP6V0D1	SRR1609550	5172
ATP6V0D1	SRR1609551	1427.9712762594534
ATP6V0D1	SRR1609552	2539.2861249297716
ATP6V0D1	SRR1609553	1462.8096474075908
ATP6V0D1	SRR1609554	1434.8552740723326
ATP6V0D1	SRR1609555	1679.7563361636649
ATP6V0D1	SRR1609556	372.06938698281596
ATP6V0D1	SRR1609557	2600.2903779219305
ATP6V0D1	SRR1609558	1741.446419152408
ATP6V0D1	SRR1609559	553.5658166479598
ATP6V0D1	SRR1609560	817.7827948685798
ATP6V0D1	SRR1609561	1867.731075633312
ATP6V0D1	SRR1609562	1602.5829384751164
ATP6V0D1	SRR1609563	1741.7413530966076
ATP6V0D1	SRR1609564	1690.5203172517693
ATP6V0D1	SRR1609565	1131.363584893323
ATP6V0D1	SRR1609566	4393.669057723432
ATP6V0D1	SRR1609567	1.2581113184722956
ATP6V0D1	SRR1609568	1867
ATP6V0D1	SRR1609569	2584
ATP6V0D1	SRR1609570	1250.8350842011928
ATP6V0D1	SRR1609571	4317.926016819122
ATP6V0D1	SRR1609572	1830.9185869418661
ATP6V0D1	SRR1609573	1570.5395581688438
ATP6V0D1	SRR1609574	2303.7107240404544
ATP6V0D1	SRR1609575	493.6964819551893
ATP6V0D1	SRR1609576	1744.9237507951138
ATP6V0D1	SRR1609577	2040.5371864845283
ATP6V0D1	SRR1609578	2136.767603610247
ATP6V0D1	SRR1609579	2514.7400540389795
ATP6V0D1	SRR1609580	2017.3728422051047
ATP6V0D1	SRR1609581	428.18154227573996
ATP6V0D1	SRR1609582	501.1141781116569
ATP6V0D1	SRR1609583	559.3103151298404
ATP6V0D1	SRR1609584	1932.881130088689
ATP6V0D1	SRR1609585	1739.5352781820282
ATP6V0D1	SRR1609586	91.62738621960673
ATP6V0D1	SRR1609587	2382.259550503547
ATP6V0D1	SRR1609588	1044.820823104256
ATP6V0D1	SRR1609589	2637.914095476028
ATP6V0D1	SRR1609590	2552.727948704146
ATP6V0D1	SRR1609591	3157.293307690077
ATP6V0D1	SRR1609592	2251.305359635498
ATP6V0D1	SRR1609593	3064.8734776098454
ATP6V0D1	SRR1609594	5679.3200447896
ATP6V0D1	SRR1609595	1157.4660168789526
ATP6V0D1	SRR1609596	1970.1638911480027
ATP6V0D1	SRR1609597	3334.9771437305244
ATP6V0D1	SRR1609598	2141.387255156236
ATP6V0D1	SRR1609599	5180.637976276629
ATP6V0D1	SRR1609600	603.0617006306628
ATP6V0D1	SRR1609601	1169.0221705443182
ATP6V0D1	SRR1609602	1.1632163838991925
ATP6V0D1	SRR1609603	2363
ATP6V0D1	SRR1609604	3700.718060563328
ATP6V0D1	SRR1609605	2143.0938927410602
ATP6V0D1	SRR1609606	2557.4808658828565
ATP6V0D1	SRR1609607	1810.9595447633794
ATP6V0D1	SRR1609608	1513.6467882245802
ATP6V0D1	SRR1609609	905.4304660991311
ATP6V0D1	SRR1609610	2221
ATP6V0D1	SRR1609611	2558.0943504224306
ATP6V0D1	SRR1609612	3128.3094444710655
ATP6V0D1	SRR1609613	1441.1885477389274
ATP6V0D1	SRR1609614	1069.0171879061515
ATP6V0D1	SRR1609615	1972.2309095587184
ATP6V0D1	SRR1609616	3746
ATP6V0D1	SRR1609617	8899
ATP6V0D1	SRR1609618	1995.3648157888117
ATP6V0D1	SRR1609619	2645.5846716638307
ATP6V0D1	SRR1609620	3135.8469997920847
ATP6V0D1	SRR1609621	2352.8893096834568
ATP6V0D1	SRR1609622	467.8212318335417
ATP6V0D1	SRR1609623	525.8046723504515
ATP6V0D1	SRR1609624	1.233166099790781
ATP6V0D1	SRR1609625	1262.9495221235784
ATP6V0D1	SRR1609626	3139.9269611943587
ATP6V0D1	SRR1609627	793.260076968616
ATP6V0D1	SRR1609628	2392.552778237618
ATP6V0D1	SRR1609629	1148.142119923808
ATP6V0D1	SRR1609630	1430.9835658709724
ATP6V0D1	SRR1609631	1609
ATP6V0D1	SRR1609632	2548
ATP6V0D1	SRR1609633	1201.2905997946496
ATP6V0D1	SRR1609634	1314.834747012616
ATP6V0D1	SRR1609635	3975.705436878402
ATP6V0D1	SRR1609636	3063.3711552312643
ATP6V0D1	SRR1609637	1050.2420448890477
ATP6V0D1	SRR1609638	850.1868875423263
ATP6V0D1	SRR1609639	1456.0113134722276
ATP6V0D1	SRR1609640	1427.2568042641656
ATP6V0D1	SRR1609641	1345.2420474669254
ATP6V0D1	SRR1609642	1682
ATP6V0D1	SRR1609643	726.4531870016979
ATP6V0D1	SRR1609644	2023.1130550158493
ATP6V0D1	SRR1609645	1775.6097202029152
ATP6V0D1	SRR1609646	1935.522440651595
ATP6V0D1	SRR1609647	1422.8098308947651
ATP6V0D1	SRR1609648	2375.5968574261155
ATP6V0D1	SRR1609649	1295.4437494888625
ATP6V0D1	SRR1609650	2655.5917610026577
ATP6V0D1	SRR1609651	1965.6500771290482
ATP6V0D1	SRR1609652	1965.916109496003
ATP6V0D1	SRR1609653	164.97659435756793
ATP6V0D1	SRR1609654	1509.1282790885791
ATP6V0D1	SRR1609655	1834.4457920886862
ATP6V0D1	SRR1609656	2568.2412964732584
ATP6V0D1	SRR1609657	779.8952157050876
ATP6V0D1	SRR1609658	2116.602978990903
ATP6V0D1	SRR1609659	2065.322700875302
ATP6V0D1	SRR1609660	4922.231282895711
ATP6V0D1	SRR1609661	2110.0998527395695
ATP6V0D1	SRR1609662	2011.361216143773
ATP6V0D1	SRR1609663	3112.2522706912864
ATP6V0D1	SRR1609664	958.871702858665
ATP6V0D1	SRR1609665	2137
ATP6V0D1	SRR1609666	960.7195176147541
ATP6V0D1	SRR1609667	1269.650213046662
ATP6V0D1	SRR1609668	1906.2359899658115
ATP6V0D1	SRR1609669	576.8903197410092
ATP6V0D1	SRR1746771	1101.7637369648312
ATP6V0D1	SRR1746772	865.3891903094504
ATP6V0D1	SRR1746773	1037.8850489167426
ATP6V0D1	SRR1746774	1481.3754926689633
ATP6V0D1	SRR1746775	1503.8456874035733
ATP6V0D1	SRR1746776	1316.8962452662088
ATP6V0D1	SRR1746777	1026.6924191190276
ATP6V0D1	SRR1746778	2272.532254443267
ATP6V0D1	SRR1746779	975.0484976491555
ATP6V0D1	SRR1746780	842.7633464740053
ATP6V0D1	SRR1746781	1021.4147993054831
ATP6V0D1	SRR1746782	1360.0448627986198
ATP6V0D1	SRR1746783	1447
ATP6V0D1	SRR1746784	1321.7915793931263
ATP6V0D1	SRR1782685	2608.4326967788943
ATP6V0D1	SRR1782686	793.682189821116
ATP6V0D1	SRR1782687	2419.1965916538225
ATP6V0D1	SRR1782688	1250.6088761782285
ATP6V0D1	SRR1782689	1191.9330780295954
ATP6V0D1	SRR1782690	1476.3178167404571
ATP6V0D1	SRR1782691	1246.147457426064
ATP6V0D1	SRR1782692	1262.350708539011
ATP6V0D1	SRR1782693	1615.16335044288
ATP6V0D1	SRR1782694	2362.39293332445
ATP6V0D1	SRR1782695	1713.2327052387827
ATP6V0D1	SRR1782696	1968.6133410455275
ATP6V0D1	SRR1782697	1455.7360379997995
ATP6V0D1	SRR1782698	1624.3827475263356
ATP6V0D1	SRR1782699	1088.7328691118958
ATP6V0D1	SRR1782700	2161.2384588005107
ATP6V0D1	SRR1782701	1529.4756301390646
ATP6V0D1	SRR1782702	1209.7677029149086
ATP6V0D1	SRR1782703	1431.54949802732
ATP6V0D1	SRR1782704	2071.306063923848
ATP6V0D1	SRR1782705	4515.723490349857
ATP6V0D1	SRR1782706	2091.3256771918454
ATP6V0D1	SRR1782707	1926.3242126279486
ATP6V0D1	SRR1782708	843.2395783039061
ATP6V0D1	SRR1782709	1239.3283318731549
ATP6V0D1	SRR1782710	3238
ATP6V0D1	SRR1782711	1446.0318287532796
ATP6V0D1	SRR1782712	2227.02525050685
ATP6V0D1	SRR1782713	3955.2446134211514
ATP6V0D1	SRR1782714	286.98262794376546
ATP6V0D1	SRR1782715	1751.3293899695232
ATP6V0D1	SRR1782716	7069.941847570863
ATP6V0D1	SRR1782717	1245.0267731855733
ATP6V0D1	SRR1782718	2241.67913384175
ATP6V0D1	SRR1782719	1479.6773938752551
ATP6V0D1	SRR1782720	2535.3333323534102
ATP6V0D1	SRR1782721	1.1215287864396823
ATP6V0D1	SRR1782722	2014.7782019450074
ATP6V0D1	SRR1782723	1555.4024709189132
ATP6V0D1	SRR1782724	1112.242826280763
ATP6V0D1	SRR1782725	531.0816892323613
ATP6V0D1	SRR1782726	1128.3281198934267
ATP6V0D1	SRR1782727	4099
ATP6V0D1	SRR1782728	2263.5802617783093
ATP6V0D1	SRR1782729	3171.5327280265133
ATP6V0D1	SRR1782730	3212.381505816892
ATP6V0D1	SRR1782731	814.3281897925342
ATP6V0D1	SRR1782732	1309.1101635706952
ATP6V0D1	SRR1782733	2136.4354411170543
ATP6V0D1	SRR1782734	2105.0513061538604
ATP6V0D1	SRR1782735	572.6095794780392
ATP6V0D1	SRR1782736	1539.617299564368
ATP6V0D1	SRR1782737	1206.9530819076642
ATP6V0D1	SRR1782738	579.4191336378507
ATP6V0D1	SRR1782739	32.33451064578392
ATP6V0D1	SRR1782740	995.3939273783668
ATP6V0D1	SRR1782741	1976.8287303579718
ATP6V0D1	SRR1782742	5446
ATP6V0D1	SRR1782743	1709.432456159307
ATP6V0D1	SRR1782744	2185.913039840725
ATP6V0D1	SRR1782745	1716.3987694379919
ATP6V0D1	SRR1782746	1536.9841400672478
ATP6V0D1	SRR1782747	2008.5547595806424
ATP6V0D1	SRR1782748	1026.8175963264941
ATP6V0D1	SRR1782749	1651.6820449601933
ATP6V0D1	SRR1782750	1771.4161109071329
ATP6V0D1	SRR1782751	1541.5038683746302
ATP6V0D1	SRR1782752	1443.5356457915539
ATP6V0D1	SRR1782753	1724.6508264962163
ATP6V0D1	SRR1782754	1620.3546242751272
ATP6V0D1	SRR1782755	1389.7228204129788
ATP6V0D1	SRR1782756	1296.1252712645062
ATP6V0D1	SRR1782757	1869.6895902459153
ATP6V0D1	SRR1782758	1744.0054046453195
ATP6V0D1	SRR1782759	1726.6145314316545
ATP6V0D1	SRR1782760	3671.4266219916794
ATP6V0D1	SRR1782761	1005.3990771551256
ATP6V0D1	SRR1782762	1586.8358945790264
ATP6V0D1	SRR1782763	1582.6051739113595
ATP6V0D1	SRR1782764	902.0369841221877
ATP6V0D1	SRR1782765	909.9024071998252
ATP6V0D1	SRR1782766	1162.2783813438757
ATP6V0D1	SRR1782767	1186.3486114152752
ATP6V0D1	SRR1782768	1161.4518835840681
ATP6V0D1	SRR1782769	1294.9590541720158
ATP6V0D1	SRR1782770	861.9855923428862
ATP6V0D1	SRR1782771	892.8839119219375
ATP6V0D1	SRR1782772	820.3807738118352
ATP6V0D1	SRR1782773	2095.092295872621
ATP6V0D1	SRR1782774	2322.915433390943
ATP6V0D1	SRR1782775	2129.8239293786064
ATP6V0D1	SRR1782776	1354.5000586265458
ATP6V0D1	SRR1782777	2027.3647808293367
ATP6V0D1	SRR1782778	2431.445536235612
ATP6V0D1	SRR1782779	1101.2106108723403
ATP6V0D1	SRR1782780	2464.382952019339
ATP6V0D1	SRR1782781	1468.989784740829
ATP6V0D1	SRR1782782	5168.976283204245
ATP6V0D1	SRR1782783	2372.930504170656
ATP6V0D1	SRR1782784	1762.8785050649365
ATP6V0D1	SRR1782785	2471.667141095224
ATP6V0D1	SRR1782786	4145.44810846917
ATP6V0D1	SRR1782787	2392
ATP6V0D1	SRR1782788	1969.281030685309
ATP6V0D1	SRR1782789	2608.6551604596857
ATP6V0D1	SRR1782790	3160.581548790955
ATP6V0D1	SRR1782791	2253.272276650838
ATP6V0D1	SRR1782792	3849.1787954082856
ATP6V0D1	SRR1782793	1396.800251298963
ATP6V0D1	SRR1782794	2563.4260027697337
ATP6V0D1	SRR1782795	5451.260697292459
ATP6V0D1	SRR1782796	2532.747914524572
ATP6V0D1	SRR1782797	5992.220217794319
ATP6V0D1	SRR1782798	4164.859944350947
ATP6V0D1	SRR1782799	2180.5285139526845
ATP6V0D1	SRR1782800	2154.7993977335404
ATP6V0D1	SRR1782801	2177.044808208339
ATP6V0D1	SRR1782802	1880.7742744301568
ATP6V0D1	SRR1782803	1922.0218365947571
ATP6V0D1	SRR1782804	1842.9677782090005
ATP6V0D1	SRR1782805	1503.7034022971666
ATP6V0D1	SRR1782806	1375.647588720504
ATP6V0D1	SRR1782807	2169.741665330187
ATP6V0D1	SRR1782808	1821.6802404334273
ATP6V0D1	SRR1782809	2629.819557920678
ATP6V0D1	SRR1782810	5072.040382959467
ATP6V0D1	SRR1782811	2611.05476414056
ATP6V0D1	SRR1782812	5076.959419399414
ATP6V0D1	SRR1782813	2778.274740122995
ATP6V0D1	SRR1782814	2422.992364538755
ATP6V0D1	SRR1782815	1319.154697939082
ATP6V0D1	SRR1782816	1694.9147261022235
ATP6V0D1	SRR1782817	1590.4937972402465
ATP6V0D1	SRR1782818	968.792111567184
ATP6V0D1	SRR1782819	2156.062561268305
ATP6V0D1	SRR1782820	439.0892070675541
ATP6V0D1	SRR1782821	3212.659826649422
ATP6V0D1	SRR1782822	4372.094299936318
ATP6V0D1	SRR1782823	2128.026295802993
ATP6V0D1	SRR1782824	3519.890081081419
ATP6V0D1	SRR1782825	1910.0325158948087
ATP6V0D1	SRR1782826	2782.8419779246587
ATP6V0D1	SRR1782827	1821.8787733693
ATP6V0D1	SRR1782828	3587
ATP6V0D1	SRR1782829	5470
ATP6V0D1	SRR1782830	339.8596715291681
ATP6V0D1	SRR1782831	361.735903444859
ATP6V0D1	SRR1782832	1332.0246262765936
ATP6V0D1	SRR1782833	2999.6035534602347
ATP6V0D1	SRR1782834	8976.615149454019
ATP6V0D1	SRR1782835	212.9611299952676
ATP6V0D1	SRR1782836	2460.384379215654
ATP6V0D1	SRR1782837	1046.1174967260438
ATP6V0D1	SRR1782838	682.7498199741087
ATP6V0D1	SRR1782839	781.5822267476624
ATP6V0D1	SRR1782840	2387.7153735662805
ATP6V0D1	SRR1782841	2184.975140922949
ATP6V0D1	SRR1782842	3110
ATP6V0D1	SRR1782843	755.8217768980965
ATP6V0D1	SRR1782844	1296.23322938077
ATP6V0D1	SRR1782845	405.48091506953796
ATP6V0D1	SRR1782846	697.7625212791513
ATP6V0D1	SRR1782847	1.2337368978097534
ATP6V0D1	SRR1782848	1.2335837199439401
ATP6V0D1	SRR1782849	1.2403822504664612
ATP6V0D1	SRR1782850	1.2517458229536382
ATP6V0D1	SRR1782851	1.2634697131512598
ATP6V0D1	SRR1782852	1.2639231424855961
ATP6V0D1	SRR1782853	1.2584335321033158
ATP6V0D1	SRR1782854	4601.018845233438
ATP6V0D1	SRR1782855	3229.7434949110207
ATP6V0D1	SRR1782856	2735.403649947092
ATP6V0D1	SRR1782857	2656.430730791861
ATP6V0D1	SRR1782858	1671.6791680535694
ATP6V0D1	SRR1782859	1505.4360847362816
ATP6V0D1	SRR1782860	2966.710805680436
ATP6V0D1	SRR1782861	2281.2331770136298
ATP6V0D1	SRR1782862	1650.5671443474105
ATP6V0D1	SRR1782863	1336.480644273008
ATP6V0D1	SRR1782864	563.1749533208243
ATP6V0D1	SRR1782865	2681.3106086577936
ATP6V0D1	SRR1782866	2604.1178308587246
ATP6V0D1	SRR1782867	2819.880958183055
ATP6V0D1	SRR1782868	2706.806471728889
ATP6V0D1	SRR1782869	1494.0995294998102
ATP6V0D1	SRR1782870	2540.2797219134354
ATP6V0D1	SRR1782871	2129.117750925438
ATP6V0D1	SRR1782872	2457.6246052177694
ATP6V0D1	SRR1782873	2345.7748431193163
ATP6V0D1	SRR1782874	1960.5482634289242
ATP6V0D1	SRR1782875	1803.2442238998403
ATP6V0D1	SRR1782876	5174.287314209555
ATP6V0D1	SRR1782877	2949.952853755606
ATP6V0D1	SRR1782878	3241.1756332580485
ATP6V0D1	SRR1782879	2620.0983155300246
ATP6V0D1	SRR1782880	2750.602905286029
ATP6V0D1	SRR1782881	2049.4929798600565
ATP6V0D1	SRR1782882	2412.484698940034
ATP6V0D1	SRR1782883	1683.0257933772416
ATP6V0D1	SRR1782884	1575.1333399800492
ATP6V0D1	SRR1782885	2400
ATP6V0D1	SRR1782886	3747.6830701229624
ATP6V0D1	SRR1782887	1575.416802459612
ATP6V0D1	SRR1782888	2000.4690479855783
ATP6V0D1	SRR1782889	1931.2966390331762
ATP6V0D1	SRR1782890	2125.2806391326194
ATP6V0D1	SRR1782891	1401.008053349472
ATP6V0D1	SRR1782892	1762.2219605432392
ATP6V0D1	SRR1782893	1729.6763389561854
ATP6V0D1	SRR1782894	1627.0074112296954
ATP6V0D1	SRR1782895	2390.734211367473
ATP6V0D1	SRR1782896	2067.424886269252
ATP6V0D1	SRR1782897	1423.9093445034525
ATP6V0D1	SRR1782898	2715.1417474960476
ATP6V0D1	SRR1782899	1820.8253080654445
ATP6V0D1	SRR1782900	1634.6419649290292
ATP6V0D1	SRR1782901	2676.628217835988
ATP6V0D1	SRR1782902	2246
ATP6V0D1	SRR1782903	1973.0244164494497
ATP6V0D1	SRR1782904	1662
ATP6V0D1	SRR1782905	2434.068904220524
ATP6V0D1	SRR1782906	2656.760598545998
ATP6V0D1	SRR1782907	1957.5144604503398
ATP6V0D1	SRR1782908	1653.0266859478702
ATP6V0D1	SRR1782909	2532.644199098402
ATP6V0D1	SRR1782910	1863
ATP6V0D1	SRR1782911	2277.6214571950604
ATP6V0D1	SRR1782912	4023.1618185338452
ATP6V0D1	SRR1782913	3198
ATP6V0D1	SRR1782914	1864.024537372433
ATP6V0D1	SRR1782915	2640
ATP6V0D1	SRR1782916	2233.359952009495
ATP6V0D1	SRR1782917	2128.85551010288
ATP6V0D1	SRR1782918	1429.542599223969
ATP6V0D1	SRR1782919	1719
ATP6V0D1	SRR1782920	2183.1929733681645
ATP6V0D1	SRR1782921	2230.645278219385
ATP6V0D1	SRR1782922	1.1863691226303883
ATP6V0D1	SRR1782923	1691.3790986698868
ATP6V0D1	SRR1782924	1853.4533134052485
ATP6V0D1	SRR1782925	1751.0777144123315
ATP6V0D1	SRR1782926	836.0930041803896
ATP6V0D1	SRR1782927	1027.9100075402866
ATP6V0D1	SRR1782928	939.6858784455898
ATP6V0D1	SRR1782929	1422.1599234257862
ATP6V0D1	SRR1782930	1430.0484592706819
ATP6V0D1	SRR1782931	2251.9950640842094
ATP6V0D1	SRR1782932	1953.2622417166979
ATP6V0D1	SRR1782933	2490.8833843350676
ATP6V0D1	SRR1782934	1864.848640100827
ATP6V0D1	SRR1782935	2321.3883199462607
ATP6V0D1	SRR1782936	697.1584018499905
ATP6V0D1	SRR1782937	2075.177223016716
ATP6V0D1	SRR1782938	1.2574474178148516
ATP6V0D1	SRR1782939	3698.4520770200834
ATP6V0D1	SRR1782940	2697.1516134534663
ATP6V0D1	SRR1782941	2024.6950766700304
ATP6V0D1	SRR1782942	991.8846465440427
ATP6V0D1	SRR1782943	2590.9007796165806
ATP6V0D1	SRR1782944	2452.1617153813154
ATP6V0D1	SRR1782945	2335.1938316335186
ATP6V0D1	SRR1782946	1472.0655497323794
ATP6V0D1	SRR1782947	1934.0275772522073
ATP6V0D1	SRR1782948	3173
ATP6V0D1	SRR1782949	1936.7286338026847
ATP6V0D1	SRR1782950	2155
ATP6V0D1	SRR1782951	2654.727232483574
ATP6V0D1	SRR1782952	452.5120977158335
ATP6V0D1	SRR1782953	2358.487956436915
ATP6V0D1	SRR1782954	1885.105222676805
ATP6V0D1	SRR1782955	3155.285888523348
ATP6V0D1	SRR1782956	3254.624509796036
ATP6V0D1	SRR1782957	460.729008564002
ATP6V0D1	SRR1782958	1415.7079931629896
ATP6V0D1	SRR1782959	2438.4976888522833
ATP6V0D1	SRR1782960	2057
ATP6V0D1	SRR1782961	1646.9667853567323
ATP6V0D1	SRR1782962	876.3466549182658
ATP6V0D1	SRR1782963	1826.5023052032213
ATP6V0D1	SRR1782964	1505.5417311761164
ATP6V0D1	SRR1782965	1214.7052283886726
ATP6V0D1	SRR1782966	3466
ATP6V0D1	SRR1782967	857.4336665211422
ATP6V0D1	SRR1782968	1413.4763155281441
ATP6V0D1	SRR1782969	624.3906708501847
ATP6V0D1	SRR1782970	3235.974238581699
ATP6V0D1	SRR1782971	876.4787997669839
ATP6V0D1	SRR1782972	610.4005370453052
ATP6V0D1	SRR1782973	8.410089724531334
ATP6V0D1	SRR1782974	1217
ATP6V0D1	SRR1782975	822.2218358313914
ATP6V0D1	SRR1782976	1102.6964197618602
ATP6V0D1	SRR1782977	1386.498896618005
ATP6V0D1	SRR1782978	3157.872686442662
ATP6V0D1	SRR1782979	2342.473700106663
ATP6V0D1	SRR1782980	2054.5405427498854
ATP6V0D1	SRR1782981	2167.342557221801
ATP6V0D1	SRR1782982	2677.4544983486267
ATP6V0D1	SRR1782983	2030.944008683008
ATP6V0D1	SRR1782984	2605.9376808729453
ATP6V0D1	SRR1782985	2890.6113441748726
ATP6V0D1	SRR1782986	1703.0750412060306
ATP6V0D1	SRR1782987	1733.1817643481259
ATP6V0D1	SRR1782988	2601
ATP6V0D1	SRR1782989	861.5989059283696
ATP6V0D1	SRR1782990	927.2718487654913
ATP6V0D1	SRR1782991	976.0179758634691
ATP6V0D1	SRR1782992	2160.2744336670735
ATP6V0D1	SRR1782993	1377.0337175427283
ATP6V0D1	SRR1782994	1842
ATP6V0D1	SRR1782995	1242.2274246178274
ATP6V0D1	SRR1782996	1583
ATP6V0D1	SRR1782997	1726.727183897716
ATP6V0D1	SRR1782998	1140.1305717033808
ATP6V0D1	SRR1782999	555.5937955160013
ATP6V0D1	SRR1783000	1627.3213702649964
ATP6V0D1	SRR1783001	1080.384088807303
ATP6V0D1	SRR1783002	641.3879656185669
ATP6V0D1	SRR1783003	4452
ATP6V0D1	SRR1783004	2018.2234380998866
ATP6V0D1	SRR1783005	1601.0310159388068
ATP6V0D1	SRR1783006	1665.6899545418044
ATP6V0D1	SRR1813867	1210.7286335125677
ATP6V0D1	SRR1813868	1283.7720896282417
ATP6V0D1	SRR1813869	1257.5618900406168
ATP6V0D1	SRR1813870	1057.2027041354745
ATP6V0D1	SRR1813871	1546.0305307285162
ATP6V0D1	SRR1813872	1600.1333424698319
ATP6V0D1	SRR1813873	1259.5289573705024
ATP6V0D1	SRR1813874	1326.3642427216457
ATP6V0D1	SRR1813875	2129
ATP6V0D1	SRR1813876	2222.7929088380115
ATP6V0D1	SRR1813877	1858.7997876968584
ATP6V0D1	SRR1813878	2054.47823823319
ATP6V0D1	SRR1813879	1539
ATP6V0D1	SRR1813880	1874
ATP6V0D1	SRR1813881	1221.6690693736289
ATP6V0D1	SRR1813882	1375.6468198222867
ATP6V0D1	SRR1813883	1745.439463372701
ATP6V0D1	SRR1813884	1118.096165289013
ATP6V0D1	SRR1813885	1652
ATP6V0D1	SRR1813886	1891.3809086387114
ATP6V0D1	SRR1813887	1233.8648410576097
ATP6V0D1	SRR1928188	2137.338208649921
ATP6V0D1	SRR1928189	1262.1630713019108
ATP6V0D1	SRR1928190	1795.6554146617048
ATP6V0D1	SRR1928191	2968.2316064647057
ATP6V0D1	SRR1928192	1421.0971153650362
ATP6V0D1	SRR1928193	605.1570849026218
ATP6V0D1	SRR2046996	2262.263387609306
ATP6V0D1	SRR2046997	1565.206601698171
ATP6V0D1	SRR2046998	1172.2594244772206
ATP6V0D1	SRR2046999	2232.0084143278254
ATP6V0D1	SRR2047000	1223.9556111318036
ATP6V0D1	SRR2047001	3299.859264332148
ATP6V0D1	SRR2047002	1.0188427709986354
ATP6V0D1	SRR2047003	1281.7724788483952
ATP6V0D1	SRR2047004	1193.4119607500904
ATP6V0D1	SRR2047005	3897.4859502838485
ATP6V0D1	SRR2047006	1318.7627679829684
ATP6V0D1	SRR2047007	609.6127240244155
ATP6V0D1	SRR2047008	2646.7205882675803
ATP6V0D1	SRR2047009	1482.9510834375442
ATP6V0D1	SRR2313973	19.24100068693275
ATP6V0D1	SRR2313974	1299.5553429146794
ATP6V0D1	SRR2313975	2082.12142840894
ATP6V0D1	SRR2313976	3119.0819394993327
ATP6V0D1	SRR2313977	3663.5691736960703
ATP6V0D1	SRR2313978	956.5306337252631
ATP6V0D1	SRR2313979	2707.742096853328
ATP6V0D1	SRR2313980	2748.950749402592
ATP6V0D1	SRR2313981	1884.731617722934
ATP6V0D1	SRR2313982	923.9933275403768
ATP6V0D1	SRR2313983	251.1462096279211
ATP6V0D1	SRR2313984	2990.236574434084
ATP6V0D1	SRR2313985	353.57729789741165
ATP6V0D1	SRR2313986	1242.642857509927
ATP6V0D1	SRR2313987	2083.922753600261
ATP6V0D1	SRR2313988	1456.0420215404115
ATP6V0D1	SRR2313989	2619.448130201325
ATP6V0D1	SRR2313990	2027.8768016783974
ATP6V0D1	SRR2313991	2206.8433723929584
ATP6V0D1	SRR2313992	959.89313841168
ATP6V0D1	SRR2313993	2860.3497935726846
ATP6V0D1	SRR2313994	2058.9286010053556
ATP6V0D1	SRR2313995	2361.72250949679
ATP6V0D1	SRR2313996	3056.8011043943416
ATP6V0D1	SRR2313997	2633.7214147234067
ATP6V0D1	SRR2313998	1321.081211959785
ATP6V0D1	SRR2313999	1268.6839314179738
ATP6V0D1	SRR2314000	2248.0313043851197
ATP6V0D1	SRR2314001	1777.0599767691676
ATP6V0D1	SRR2314002	1295.7893323866494
ATP6V0D1	SRR2314003	247.25053919626097
ATP6V0D1	SRR2314004	2065.2595502371237
ATP6V0D1	SRR2314005	4079.403507907
ATP6V0D1	SRR2314006	667.3055518122345
ATP6V0D1	SRR2314007	3464.7261375877215
ATP6V0D1	SRR2314008	5671.4674791551715
ATP6V0D1	SRR2314009	1764.3900202546054
ATP6V0D1	SRR2314010	3925.6405719251925
ATP6V0D1	SRR2314011	990.9467406565425
ATP6V0D1	SRR2314012	1009.2690639646494
ATP6V0D1	SRR2314013	2992.181646976099
ATP6V0D1	SRR2314014	2779.442046845029
ATP6V0D1	SRR2314015	1521.7288913393977
ATP6V0D1	SRR2314016	1683.4210866883284
ATP6V0D1	SRR2314017	1384.2283884022359
ATP6V0D1	SRR2314018	1291.2938917651818
ATP6V0D1	SRR2314019	3559.9941727959203
ATP6V0D1	SRR2314020	2398.073604529683
ATP6V0D1	SRR2314021	1835.1926835440192
ATP6V0D1	SRR2314022	4237.136791909164
ATP6V0D1	SRR2314023	803.7369955387825
ATP6V0D1	SRR2314024	3704.3464982800706
ATP6V0D1	SRR2314025	1169.6532390358147
ATP6V0D1	SRR2314026	1202.8152133167223
ATP6V0D1	SRR2314027	1607.78489639243
ATP6V0D1	SRR2314028	2293.555598443501
ATP6V0D1	SRR2314029	3640.5062166994267
ATP6V0D1	SRR2314030	1877.832191674557
ATP6V0D1	SRR2314031	499.4829615848875
ATP6V0D1	SRR2314032	1473.0321324367637
ATP6V0D1	SRR2314033	1972.3510381315407
ATP6V0D1	SRR2314034	342.766818857664
ATP6V0D1	SRR2314035	544.3652125523945
ATP6V0D1	SRR2314036	6414.969903576335
ATP6V0D1	SRR2314037	963.6673875114143
ATP6V0D1	SRR2314038	2809.0052364391277
ATP6V0D1	SRR2314039	1633.4138730930547
ATP6V0D1	SRR2314040	816.7805755340927
ATP6V0D1	SRR2314041	1895.1283100635947
ATP6V0D1	SRR2314042	2190.8857910751312
ATP6V0D1	SRR2314043	1452.8116062263337
ATP6V0D1	SRR2314044	2198.280093965331
ATP6V0D1	SRR2314045	1945.4655633781545
ATP6V0D1	SRR3493774	1830
ATP6V0D1	SRR3493775	1757
ATP6V0D1	SRR3493776	1359.272129562559
ATP6V0D1	SRR3493777	1604.0344211945694
ATP6V0D1	SRR3493778	2044
ATP6V0D1	SRR3493779	1255.1906807974453
ATP6V0D1	SRR3493780	1.0498142493709828
ATP6V0D1	SRR3493781	1288
ATP6V0D1	SRR3493782	1004.232747177721
ATP6V0D1	SRR3493783	1168.010025394293
ATP6V0D1	SRR3493784	381.7308323759382
ATP6V0D1	SRR3493785	1674.3808613661288
ATP6V0D1	SRR3493786	1.0406653004374282
ATP6V0D1	SRR3493787	1452
ATP6V0D1	SRR3493788	1153
ATP6V0D1	SRR3493789	1.0182148740097388
ATP6V0D1	SRR3493790	2523
ATP6V0D1	SRR3493791	2860.1143383729695
ATP6V0D1	SRR3493792	2478.7835343904585
ATP6V0D1	SRR3493793	1284.1639065321422
ATP6V0D1	SRR3493794	2282.0397957817036
ATP6V0D1	SRR3493795	1174.218293215887
ATP6V0D1	SRR3493796	1975.908825734833
ATP6V0D1	SRR3493797	1634
ATP6V0D1	SRR3493798	1529.6259400104489
ATP6V0D1	SRR3493799	2423
ATP6V0D1	SRR3493800	1598.323101633977
ATP6V0D1	SRR3493801	1173.3878267536713
ATP6V0D1	SRR3493802	1994
ATP6V0D1	SRR3493803	1088
ATP6V0D1	SRR3493804	1790.2881481730037
ATP6V0D1	SRR3493805	2691.288323743932
ATP6V0D1	SRR3493806	1121
ATP6V0D1	SRR3493807	3010
ATP6V0D1	SRR3493808	1057.0437031949698
ATP6V0D1	SRR3493809	1513.8751011994564
ATP6V0D1	SRR3493810	3836
ATP6V0D1	SRR3493811	5556
ATP6V0D1	SRR3493812	1929.3882334698442
ATP6V0D1	SRR3493813	1888.3950122119645
ATP6V0D1	SRR3493814	1716
ATP6V0D1	SRR3493815	1833.1238473714068
ATP6V0D1	SRR3493816	2334
ATP6V0D1	SRR3493817	2639.3916253497323
ATP6V0D1	SRR3493818	569.9603846175027
ATP6V0D1	SRR3493819	4435
ATP6V0D1	SRR3493820	555.327758520514
ATP6V0D1	SRR3493821	2049.3013012463493
ATP6V0D1	SRR3493822	2721
ATP6V0D1	SRR3493823	3077.177602736627
ATP6V0D1	SRR3493824	2163.541747081219
ATP6V0D1	SRR3493825	4246.475228637059
ATP6V0D1	SRR3493826	1961.4112746892606
ATP6V0D1	SRR3493827	1605
ATP6V0D1	SRR3493828	2350
ATP6V0D1	SRR3493829	2718.3515582843734
ATP6V0D1	SRR3493830	1835.732892674324
ATP6V0D1	SRR3493831	3078.5378178319925
ATP6V0D1	SRR3493832	2799.503710676524
ATP6V0D1	SRR3493833	3083.6176072686417
ATP6V0D1	SRR3493834	3106
ATP6V0D1	SRR3493835	2523.6834812783873
ATP6V0D1	SRR3493836	3550
ATP6V0D1	SRR3493837	687.4433233691011
ATP6V0D1	SRR3493838	2452
ATP6V0D1	SRR3493839	283.29330099768623
ATP6V0D1	SRR3493840	985.5081204087022
ATP6V0D1	SRR3493841	3319.159451232858
ATP6V0D1	SRR3493846	263.8711449958527
ATP6V0D1	SRR3493847	1.0366265711095628
ATP6V0D1	SRR3493848	949.1707829339125
ATP6V0D1	SRR3493849	1436.503116549656
ATP6V0D1	SRR3493850	1420
ATP6V0D1	SRR3714631	536
ATP6V0D1	SRR3714632	535.9489158015866
ATP6V0D1	SRR3714633	2464.7123396960114
ATP6V0D1	SRR3714634	834.186801724724
ATP6V0D1	SRR3714635	1019
ATP6V0D1	SRR3714636	644
ATP6V0D1	SRR3714637	990
ATP6V0D1	SRR3714638	2588
ATP6V0D1	SRR3714639	761.7404989151803
ATP6V0D1	SRR3714640	1199.1080103763657
ATP6V0D1	SRR3714641	1040.3519187027994
ATP6V0D1	SRR3714642	1627.5254899706056
ATP6V0D1	SRR3714643	636.6035136315428
ATP6V0D1	SRR3714644	1579.6426194911094
ATP6V0D1	SRR3714645	3827.8410407352676
ATP6V0D1	SRR3714646	3312.596030639745
ATP6V0D1	SRR3714648	1211.9928492739816
ATP6V0D1	SRR3714649	1267.2885752741365
ATP6V0D1	SRR3714650	933.1760760905935
ATP6V0D1	SRR3714651	1674.3341853335833
ATP6V0D1	SRR3714652	784.1404612808644
ATP6V0D1	SRR3714653	3921
ATP6V0D1	SRR3714654	1226
ATP6V0D1	SRR3714655	2110.1388177978683
ATP6V0D1	SRR3714656	969.273650133663
ATP6V0D1	SRR3714657	1237.6775856292002
ATP6V0D1	SRR3714658	3387.0364444406455
ATP6V0D1	SRR3714659	1148.4961351569484
ATP6V0D1	SRR3714660	3299
ATP6V0D1	SRR3714661	2058
ATP6V0D1	SRR3714662	271.901585567531
ATP6V0D1	SRR3714663	4031.1755793777206
ATP6V0D1	SRR3714664	1547.1293908004486
ATP6V0D1	SRR3714665	1927
ATP6V0D1	SRR3714666	1518
ATP6V0D1	SRR3714667	752.5711065291988
ATP6V0D1	SRR3714668	1812
ATP6V0D1	SRR3714669	940.2147150082498
ATP6V0D1	SRR3714670	3868.317096040175
ATP6V0D1	SRR3714671	4540.5609019706535
ATP6V0D1	SRR3714672	676.6934661898665
ATP6V0D1	SRR3714673	2469.166006746736
ATP6V0D1	SRR3714674	755.1501676113002
ATP6V0D1	SRR3714675	861.9234079618096
ATP6V0D1	SRR3714676	2142
ATP6V0D1	SRR3714677	4520.88952726496
ATP6V0D1	SRR3714678	1698.3911779687003
ATP6V0D1	SRR3714679	3501.7762237661073
ATP6V0D1	SRR3714680	1702.4204874105792
ATP6V0D1	SRR3714681	1188.8608772556174
ATP6V0D1	SRR3714682	1421.0911034341846
ATP6V0D1	SRR3714683	4147.915210723265
ATP6V0D1	SRR3714684	1518.8884394358486
ATP6V0D1	SRR3714685	1164.844627096459
ATP6V0D1	SRR3714686	951.4683617419215
ATP6V0D1	SRR3714688	407.9221506981524
ATP6V0D1	SRR3714689	1325.2241538473431
ATP6V0D1	SRR3714690	1533.4161673373317
ATP6V0D1	SRR3714691	4266
ATP6V0D1	SRR3714692	1086.2917697535809
ATP6V0D1	SRR3714693	1971.7082634683343
ATP6V0D1	SRR3714694	2913.7101564197824
ATP6V0D1	SRR3714695	3561.5437999160004
ATP6V0D1	SRR3714696	1037
ATP6V0D1	SRR3714697	1102.7730036172534
ATP6V0D1	SRR3714698	527.7260587610887
ATP6V0D1	SRR3714699	645.2355076680601
ATP6V0D1	SRR3714700	1242.4532079668697
ATP6V0D1	SRR3714701	2265.088376553853
ATP6V0D1	SRR3714702	1051.1806955395375
ATP6V0D1	SRR3714703	3498.1459495529507
ATP6V0D1	SRR3714704	1804.8554287645836
ATP6V0D1	SRR3714705	2213.5577414059453
ATP6V0D1	SRR3714706	460.5138197165066
ATP6V0D1	SRR3714707	1523.708588897418
ATP6V0D1	SRR3714708	235.2868226304949
ATP6V0D1	SRR3714709	1369.7839894046533
ATP6V0D1	SRR3714710	1034.0252018657459
ATP6V0D1	SRR3714711	937.9495910793372
ATP6V0D1	SRR3714712	1198
ATP6V0D1	SRR3714713	1542
ATP6V0D1	SRR3714714	1440
ATP6V0D1	SRR3714715	1077.9332914546635
ATP6V0D1	SRR3714716	3485
ATP6V0D1	SRR3714717	1240
ATP6V0D1	SRR3714718	2048
ATP6V0D1	SRR3714719	634.184427480175
ATP6V0D1	SRR3714720	1170.7260200869205
ATP6V0D1	SRR3714721	1104.31909763708
ATP6V0D1	SRR3714723	1254.956067414698
ATP6V0D1	SRR3714724	2437.742636362305
ATP6V0D1	SRR3714725	946.4900675256115
ATP6V0D1	SRR3714726	2353.398001450763
ATP6V0D1	SRR3714727	933.2370150375982
ATP6V0D1	SRR3714728	5235.927443584669
ATP6V0D1	SRR3714729	219.52319143175592
ATP6V0D1	SRR3714730	2305.974367515063
ATP6V0D1	SRR3714731	1580.2843382882843
ATP6V0D1	SRR3714732	1306.3156175537563
ATP6V0D1	SRR3714734	841.9289724236705
ATP6V0D1	SRR3714735	1097.7048427271816
ATP6V0D1	SRR3714736	786.8924488533787
ATP6V0D1	SRR3714737	1194
ATP6V0D1	SRR3714738	1200.9228303005548
ATP6V0D1	SRR3714739	1001.0338932111315
ATP6V0D1	SRR3714740	1877.318213980718
ATP6V0D1	SRR3714741	4253.07101670483
ATP6V0D1	SRR3714744	1187.528805883001
ATP6V0D1	SRR3714745	2092.9732364764077
ATP6V0D1	SRR3714746	193.60429641850888
ATP6V0D1	SRR3714747	1015.1211640999968
ATP6V0D1	SRR3714748	895.0071063926479
ATP6V0D1	SRR3714749	233.7122633225586
ATP6V0D1	SRR3714750	1108.9784589532346
ATP6V0D1	SRR3714751	720.5942738694637
ATP6V0D1	SRR3714752	564
ATP6V0D1	SRR3714753	996.4820916624034
ATP6V0D1	SRR3714754	4099
ATP6V0D1	SRR3714755	977.2530042860714
ATP6V0D1	SRR3714756	1015.2912271854382
ATP6V0D1	SRR3714757	1615.4004121101664
ATP6V0D1	SRR3714758	3246.91727364737
ATP6V0D1	SRR3714759	2901.289012502269
ATP6V0D1	SRR3714760	676.4362250327691
ATP6V0D1	SRR3714761	1325.1652442558636
ATP6V0D1	SRR3714762	1500.4072832364213
ATP6V0D1	SRR3714764	1193
ATP6V0D1	SRR3714765	1701.7185238604525
ATP6V0D1	SRR3714766	2397
ATP6V0D1	SRR3714767	1032.0815940801067
ATP6V0D1	SRR3714768	2601
ATP6V0D1	SRR5176628	1465.9134549295338
ATP6V0D1	SRR5176629	1640.2687777839412
ATP6V0D1	SRR5176630	1690.7446781577871
ATP6V0D1	SRR5176631	1201.370969292295
ATP6V0D1	SRR5176632	1518.2518695970725
ATP6V0D1	SRR5176633	2183.8736652375014
ATP6V0D1	SRR5176634	1335.8672901659481
ATP6V0D1	SRR5176635	3084.679602110737
ATP6V0D1	SRR5176636	4433.110189567759
ATP6V0D1	SRR5176637	1040.859876586448
ATP6V0D1	SRR5176638	1.122472464979261
ATP6V0D1	SRR5176639	1041
ATP6V0D1	SRR5176640	374.789722781782
ATP6V0D1	SRR5176641	2395.393788057062
ATP6V0D1	SRR5176642	2085.96938203129
ATP6V0D1	SRR5176643	2111.6389391110474
ATP6V0D1	SRR5176644	1959.352543485284
ATP6V0D1	SRR5176645	1408.746352153063
ATP6V0D1	SRR5176646	818.7573831969676
ATP6V0D1	SRR5176647	1736.9971626104307
ATP6V0D1	SRR5176648	3134.778959286954
ATP6V0D1	SRR5176649	2302.1977389079207
ATP6V0D1	SRR5176650	3878.157243645762
ATP6V0D1	SRR5176651	3177.6266777880223
ATP6V0D1	SRR5176652	2661.5721901162365
ATP6V0D1	SRR5176653	1685.4869557994462
ATP6V0D1	SRR5176654	1814.536070837533
ATP6V0D1	SRR5176655	1338.5851896407785
ATP6V0D1	SRR5176656	472.8020300668477
ATP6V0D1	SRR5176657	1.0798186787512312
ATP6V0D1	SRR5176658	1673.7083816329518
ATP6V0D1	SRR5176659	2360.051191063543
ATP6V0D1	SRR5176660	2399.6964188624443
ATP6V0D1	SRR5176661	516.7594580138275
ATP6V0D1	SRR5176662	3143.026556732946
ATP6V0D1	SRR5176663	553.450456026306
ATP6V0D1	SRR5176664	3096
ATP6V0D1	SRR5176665	953.2270716397375
ATP6V0D1	SRR5176666	891.3690785280645
ATP6V0D1	SRR5176667	166.07862466563384
ATP6V0D1	SRR5176668	1890.1375927656982
ATP6V0D1	SRR5176669	2413.5375363657367
ATP6V0D1	SRR5176670	1659.5427069016775
ATP6V0D1	SRR5176671	1986.5382329954753
ATP6V0D1	SRR5176672	1746.5090796336028
ATP6V0D1	SRR5176673	1660.8533500669676
ATP6V0D1	SRR5176674	1559.5753938929142
ATP6V0D1	SRR5176675	1368.6946276750232
ATP6V0D1	SRR5176676	1189.275651250098
ATP6V0D1	SRR5176677	3134.509061312113
ATP6V0D1	SRR5176678	5081.01517599903
ATP6V0D1	SRR5176679	3165.751238781561
ATP6V0D1	SRR5176680	2022.66447884894
ATP6V0D1	SRR5176681	1183.2768573408484
ATP6V0D1	SRR5176682	326.13763230011
ATP6V0D1	SRR5176683	1664.448483838578
ATP6V0D1	SRR5176684	2641.924607213734
ATP6V0D1	SRR5176685	1274.73847190127
ATP6V0D1	SRR5176686	1712.2650581596417
ATP6V0D1	SRR5176687	2608.4791178898563
ATP6V0D1	SRR5176688	1012.0437404083532
ATP6V0D1	SRR5176689	2352.1157330569436
ATP6V0D1	SRR5176690	1782.6116543061194
ATP6V0D1	SRR5176691	1648.4825118494161
ATP6V0D1	SRR5176692	1392.332068799539
ATP6V0D1	SRR5176693	2491.9484987725978
ATP6V0D1	SRR5176694	4013
ATP6V0D1	SRR5176695	936.7766986020429
ATP6V0D1	SRR5176696	1814.319322928814
ATP6V0D1	SRR5176697	1030.1906299158227
ATP6V0D1	SRR5176698	1.164477770967963
ATP6V0D1	SRR5176699	1416.531624813958
ATP6V0D1	SRR5176700	228.63688112367387
ATP6V0D1	SRR5176701	1269.6634665689746
ATP6V0D1	SRR5176702	4056
ATP6V0D1	SRR5176703	2063.8999231586517
ATP6V0D1	SRR5176704	2718.79906276471
ATP6V0D1	SRR5176705	1184.4105687676958
ATP6V0D1	SRR5176706	4065.3906945664075
ATP6V0D1	SRR5176707	2540.16979169535
ATP6V0D1	SRR5176708	2095.7224377234074
ATP6V0D1	SRR5176709	2026.5827024108128
ATP6V0D1	SRR5176710	2321
ATP6V0D1	SRR5176711	1618.0724202597307
ATP6V0D1	SRR5176712	1995.5368447938363
ATP6V0D1	SRR5176713	1957.805475593712
ATP6V0D1	SRR5176714	2367.5345643093833
ATP6V0D1	SRR5176715	1511.9032144226862
ATP6V0D1	SRR5176716	1442.8289735216524
ATP6V0D1	SRR5176717	4326.633101600227
ATP6V0D1	SRR5176718	2586.9791889618873
ATP6V0D1	SRR5176719	1644.821000933805
ATP6V0D1	SRR5176720	2528
ATP6V0D1	SRR5176721	1776
ATP6V0D1	SRR5176722	2751.3473077420517
ATP6V0D1	SRR5176723	1180.9190535418904
ATP6V0D1	SRR5176724	1653.7463015105232
ATP6V0D1	SRR5176725	1149.7795226354644
ATP6V0D1	SRR5176726	3160
ATP6V0D1	SRR5176727	3772.1510642828525
ATP6V0D1	SRR5176728	2925.614809636549
ATP6V0D1	SRR5176729	1146.1413307240744
ATP6V0D1	SRR5176730	1519.6330197501302
ATP6V0D1	SRR5176731	933.2171659535525
ATP6V0D1	SRR5176732	1989
ATP6V0D1	SRR5176733	2288.067634993615
ATP6V0D1	SRR5176734	1244.9062416680938
ATP6V0D1	SRR5176735	2890.7152752547795
ATP6V0D1	SRR5176736	2210.273373694885
ATP6V0D1	SRR5176737	1905.5045416100925
ATP6V0D1	SRR5176738	1552.3426218545471
ATP6V0D1	SRR5176739	3769.2061554402567
ATP6V0D1	SRR5176740	1859.541927163677
ATP6V0D1	SRR5176741	284.1615320893274
ATP6V0D1	SRR5176742	2714.654155725672
ATP6V0D1	SRR5176743	2070.4645040829564
ATP6V0D1	SRR5176744	1384.9947889824596
ATP6V0D1	SRR5176745	1068.3747452141415
ATP6V0D1	SRR5176746	1866.1331302488438
ATP6V0D1	SRR5176747	1518
ATP6V0D1	SRR5176748	1963.4716579356873
ATP6V0D1	SRR5176749	6967.863626096343
ATP6V0D1	SRR5176750	2174.0451292233106
ATP6V0D1	SRR5176751	1908.7732389505472
ATP6V0D1	SRR5176752	916.0788947718861
ATP6V0D1	SRR5176753	2468.4286168043104
ATP6V0D1	SRR5176754	1889.8106616333962
ATP6V0D1	SRR5176755	2533.1780348576904
ATP6V0D1	SRR5176756	757.9171408074093
ATP6V0D1	SRR5176757	1908.253593414941
ATP6V0D1	SRR5176758	1745.894273869081
ATP6V0D1	SRR5176759	699.3215491228624
ATP6V0D1	SRR5176760	1734.8085632005138
ATP6V0D1	SRR5176761	3666.161399880069
ATP6V0D1	SRR5176762	303.9510049689482
ATP6V0D1	SRR5176763	1681.4035116110704
ATP6V0D1	SRR5176764	1234.8885270237488
ATP6V0D1	SRR5176765	1705.812405728167
ATP6V0D1	SRR5176766	2624.3494998253227
ATP6V0D1	SRR5176767	2603.615279106188
ATP6V0D1	SRR5176768	507.4332247876889
ATP6V0D1	SRR5176769	1797.1668102524632
ATP6V0D1	SRR5176770	2362.41594049203
ATP6V0D1	SRR5176771	3373.1190158415957
ATP6V0D1	SRR5176772	3441.198551478785
ATP6V0D1	SRR5176773	1760.9388072325667
ATP6V0D1	SRR5176774	1353.2042218244824
ATP6V0D1	SRR5176775	1327.1650158961756
ATP6V0D1	SRR5176776	818.5907992330023
ATP6V0D1	SRR5176777	1233.9531080677202
ATP6V0D1	SRR5176778	804.4583324899529
ATP6V0D1	SRR5176779	1924.646945652498
ATP6V0D1	SRR5176780	2386.1104375907817
ATP6V0D1	SRR5176781	1387.5288302364804
ATP6V0D1	SRR5176782	2267.012487986513
ATP6V0D1	SRR5176783	4289.538417015257
ATP6V0D1	SRR5176784	3689.842111846285
ATP6V0D1	SRR5176785	1500.5859254214179
ATP6V0D1	SRR5176786	5374
ATP6V0D1	SRR5176787	2709.1605951139604
ATP6V0D1	SRR5176788	735.9610629349304
ATP6V0D1	SRR5176789	3161.494689442147
ATP6V0D1	SRR5176790	3063.294392657514
ATP6V0D1	SRR5176791	2008.2702967172925
ATP6V0D1	SRR5176792	2329
ATP6V0D1	SRR5176793	666.872436349309
ATP6V0D1	SRR5176794	2676.897754326678
ATP6V0D1	SRR5176795	1079.443749025956
ATP6V0D1	SRR5176796	934.3257923512462
ATP6V0D1	SRR5176797	1892.9833508075656
ATP6V0D1	SRR5176798	1951.1147171303605
ATP6V0D1	SRR5176799	9356
ATP6V0D1	SRR5176800	1381.6311421571736
ATP6V0D1	SRR5176801	911.1082769216783
ATP6V0D1	SRR5176802	2351.082240164532
ATP6V0D1	SRR5176803	2059.2614885784797
ATP6V0D1	SRR5176804	350.24636918329026
ATP6V0D1	SRR5176805	1901.2287955796428
ATP6V0D1	SRR5176806	641.2735888112215
ATP6V0D1	SRR5176807	1630.051199080445
ATP6V0D1	SRR5176808	8852.185235333856
ATP6V0D1	SRR5176809	2380.4242935268026
ATP6V0D1	SRR5176810	2086
ATP6V0D1	SRR5176811	2567
ATP6V0D1	SRR5176812	2114.281491289232
ATP6V0D1	SRR5176813	1569.6938344420053
ATP6V0D1	SRR5176814	1597
ATP6V0D1	SRR5176815	1230.7132196282237
ATP6V0D1	SRR5176816	1653.8732444269965
ATP6V0D1	SRR5176817	2276.6650302294947
ATP6V0D1	SRR5176818	1408.4387838989503
ATP6V0D1	SRR5176819	1.052525107799273
ATP6V0D1	SRR5176820	1475.8579602401928
ATP6V0D1	SRR5176821	1944.2706958077708
ATP6V0D1	SRR5176822	1003.1118005398095
ATP6V0D1	SRR5176823	2531.40774497765
ATP6V0D1	SRR5176824	2117.752048004162
ATP6V0D1	SRR5176825	1658.789976830614
ATP6V0D1	SRR5176826	2209.6679504180274
ATP6V0D1	SRR5176827	2461.174687307905
ATP6V0D1	SRR5176828	2342.1832177048686
ATP6V0D1	SRR5176829	1868.9556161625508
ATP6V0D1	SRR5176830	1323.4762194990046
ATP6V0D1	SRR5176831	3617.289755965515
ATP6V0D1	SRR5176832	1557.1455313462836
ATP6V0D1	SRR5176833	1486.3949390024598
ATP6V0D1	SRR5176834	1525.7787158987956
ATP6V0D1	SRR5176835	1327.6121990549066
ATP6V0D1	SRR5176836	1443.190198499676
ATP6V0D1	SRR5176837	379.3623780966717
ATP6V0D1	SRR5176838	184.43855753416074
ATP6V0D1	SRR5176839	193.48664472398798
ATP6V0D1	SRR5176840	1828.8504927803544
ATP6V0D1	SRR5176841	1564.8412599023738
ATP6V0D1	SRR5176842	761.6456147260438
ATP6V0D1	SRR5176843	1102.332009707071
ATP6V0D1	SRR5176844	2253.4786956681273
ATP6V0D1	SRR5176845	674.5812651875736
ATP6V0D1	SRR5176846	1981.747759155335
ATP6V0D1	SRR5176847	1022.8716244835649
ATP6V0D1	SRR5176848	1416.8276388375918
ATP6V0D1	SRR5176849	2466.5273778176906
ATP6V0D1	SRR5176850	2160.7427027230715
ATP6V0D1	SRR5176851	1947.0335932735413
ATP6V0D1	SRR5176852	405.7099233156072
ATP6V0D1	SRR5176853	1491.641929139956
ATP6V0D1	SRR5176854	658.1895830295244
ATP6V0D1	SRR5176855	2160.888005759128
ATP6V0D1	SRR5176856	847.1503838056573
ATP6V0D1	SRR5176857	1588.4868650039812
ATP6V0D1	SRR5176858	2584.5704936892703
ATP6V0D1	SRR5176859	3147.5201242317303
ATP6V0D1	SRR5176860	3816
ATP6V0D1	SRR5176861	1678.1934269464027
ATP6V0D1	SRR5176862	2266.001455940273
ATP6V0D1	SRR5176863	1999.882828383207
ATP6V0D1	SRR5176864	1660.939874801711
ATP6V0D1	SRR5176865	1696.2277443703044
ATP6V0D1	SRR5176866	3120
ATP6V0D1	SRR5176867	1755.3511735251518
ATP6V0D1	SRR5176868	1820.8858064132596
ATP6V0D1	SRR5176869	3151.6950438279714
ATP6V0D1	SRR5176870	3374.0992499781432
ATP6V0D1	SRR5176871	3182.7485132166303
ATP6V0D1	SRR5176872	1540.7350303685155
ATP6V0D1	SRR5861974	3143.4735701568975
ATP6V0D1	SRR5861975	2352.0329797370537
ATP6V0D1	SRR5861976	445.10229319148533
ATP6V0D1	SRR5861977	3024
ATP6V0D1	SRR5861978	2312.1046476745437
ATP6V0D1	SRR5861979	1829.8826615134356
ATP6V0D1	SRR5861980	2038
ATP6V0D1	SRR5861981	503.77210651676063
ATP6V0D1	SRR5861982	1.2333293129099616
ATP6V0D1	SRR5861983	1249.0211561318317
ATP6V0D1	SRR5861984	3147.0214859200246
ATP6V0D1	SRR5861985	1620.8915418042377
ATP6V0D1	SRR5861986	2390.7275071847935
ATP6V0D1	SRR5861987	1726.383785134027
ATP6V0D1	SRR5861988	1134.0268217303937
ATP6V0D1	SRR5861989	1330.1948233817895
ATP6V0D1	SRR5861990	1420.2263834331725
ATP6V0D1	SRR5861991	1599
ATP6V0D1	SRR5861992	2549
ATP6V0D1	SRR5861993	1187.3702483359398
ATP6V0D1	SRR5861994	1289
ATP6V0D1	SRR5861995	1302.1929976268484
ATP6V0D1	SRR5861996	1034.2543961973936
ATP6V0D1	SRR5861997	832.5754464267186
ATP6V0D1	SRR5861998	1445.1905123158065
ATP6V0D1	SRR5861999	461.0074474430897
ATP6V0D1	SRR5862000	1332.4794590874333
ATP6V0D1	SRR5862001	1673
ATP6V0D1	SRR5862002	2017.1767068881638
ATP6V0D1	SRR5862003	1929.644607873721
ATP6V0D1	SRR5862004	1657.0804168941102
ATP6V0D1	SRR5862005	2163.296222847754
ATP6V0D1	SRR5862006	2373.8491580274044
ATP6V0D1	SRR5862007	1282.667683446499
ATP6V0D1	SRR5862008	1822.230499248062
ATP6V0D1	SRR5862009	1959.8949269248053
ATP6V0D1	SRR5862010	137.71521923920056
ATP6V0D1	SRR5862011	1499.421950143574
ATP6V0D1	SRR5862012	1827.6714861592338
ATP6V0D1	SRR5862013	2112.7469553615456
ATP6V0D1	SRR5862014	3363.249406121175
ATP6V0D1	SRR5862015	2354
ATP6V0D1	SRR5862016	1950.0873114135213
ATP6V0D1	SRR5862017	2060.7445310775583
ATP6V0D1	SRR5862018	4948.619925641071
ATP6V0D1	SRR5862019	1419.105815004351
ATP6V0D1	SRR5862020	974.2661854316409
ATP6V0D1	SRR5862021	2225.161994164521
ATP6V0D1	SRR5862022	2005.5991116123064
ATP6V0D1	SRR5862023	941.9967979214789
ATP6V0D1	SRR5862024	3119.3562007970972
ATP6V0D1	SRR5862025	2133
ATP6V0D1	SRR5862026	1068.1316552934247
ATP6V0D1	SRR5862027	1527.824549443976
ATP6V0D1	SRR5862028	1896.6112136734291
ATP6V0D1	SRR5862029	557.0538734102597
ATP6V0D1	SRR5862030	2415.5849473733056
ATP6V0D1	SRR5862031	2718.6463016917164
ATP6V0D1	SRR5862032	470.1124815443598
ATP6V0D1	SRR5862033	1582.3678023340842
ATP6V0D1	SRR5862034	1.2455161624992859
ATP6V0D1	SRR5862035	1952.7624007017025
ATP6V0D1	SRR5862036	2757.0009913040194
ATP6V0D1	SRR5862037	1973.6429681540592
ATP6V0D1	SRR5862038	1354.2636053910237
ATP6V0D1	SRR5862039	1527.6325342240737
ATP6V0D1	SRR5862040	1064.7933349756195
ATP6V0D1	SRR5862041	2110.2041567202305
ATP6V0D1	SRR5862042	3051.6565384475302
ATP6V0D1	SRR5862043	3532
ATP6V0D1	SRR5862044	1775.4215741313435
ATP6V0D1	SRR5862045	2623.8731780373973
ATP6V0D1	SRR5862046	1998.4372924003699
ATP6V0D1	SRR5862047	1636.1188214318372
ATP6V0D1	SRR5862048	1.2470733792685733
ATP6V0D1	SRR5862049	6720.128447232148
ATP6V0D1	SRR5862050	1516.9516995187437
ATP6V0D1	SRR5862051	658.0606133333848
ATP6V0D1	SRR5862052	4414.200673439523
ATP6V0D1	SRR5862053	1370.592386360977
ATP6V0D1	SRR5862054	1116.3054074633508
ATP6V0D1	SRR5862055	1847.9067250638227
ATP6V0D1	SRR5862056	1370.3250465134752
ATP6V0D1	SRR5862057	2602.775397739324
ATP6V0D1	SRR5862058	2890.5385012102624
ATP6V0D1	SRR5862059	923.8306773641585
ATP6V0D1	SRR5862060	1630.6783662708995
ATP6V0D1	SRR5862061	2552.0559130658476
ATP6V0D1	SRR5862062	1703.919585922129
ATP6V0D1	SRR5862063	1162.7276245725532
ATP6V0D1	SRR5862064	4592.879938811129
ATP6V0D1	SRR5862065	2492.2605031668213
ATP6V0D1	SRR5862066	1482.2565241930183
ATP6V0D1	SRR5862067	1.2340297724805442
ATP6V0D1	SRR5862068	2013.459373112962
ATP6V0D1	SRR5862069	1718.6476853864547
ATP6V0D1	SRR5862070	807.5804760776834
ATP6V0D1	SRR5862071	1.2517458229536382
ATP6V0D1	SRR5862072	1.2634612941586179
ATP6V0D1	SRR5862073	2250.1755448276735
ATP6V0D1	SRR5862074	1814.0757934616843
ATP6V0D1	SRR5862075	2383.055803711881
ATP6V0D1	SRR5862076	1.240670619317905
ATP6V0D1	SRR5862077	3641.232634330088
ATP6V0D1	SRR5862078	341.54820421887496
ATP6V0D1	SRR5862079	2118.1852897420185
ATP6V0D1	SRR5862080	1237.266358722806
ATP6V0D1	SRR5862081	3131.3962635963635
ATP6V0D1	SRR5862082	1920.1782516479616
ATP6V0D1	SRR5862083	2585
ATP6V0D1	SRR5862084	1470.9595259580053
ATP6V0D1	SRR5862085	1151
ATP6V0D1	SRR5862086	4338.729185989139
ATP6V0D1	SRR5862087	1474.1250322593155
ATP6V0D1	SRR5862088	1.121721315480128
ATP6V0D1	SRR5862089	1124.6131585061653
ATP6V0D1	SRR5862090	2039.4804781096218
ATP6V0D1	SRR5862091	1824.8418688092966
ATP6V0D1	SRR5862092	1560.3815252313696
ATP6V0D1	SRR5862093	8491.527868397174
ATP6V0D1	SRR5862094	1949.594608990942
ATP6V0D1	SRR5862095	402.31266978471103
ATP6V0D1	SRR5862096	2393.162068099053
ATP6V0D1	SRR5862097	2302.020608885389
ATP6V0D1	SRR5862098	3868.6449350339676
ATP6V0D1	SRR5862099	3816.5354401490613
ATP6V0D1	SRR5862100	2073.4345683939287
ATP6V0D1	SRR5862101	2405.1726983326716
ATP6V0D1	SRR5862102	3406.584088982756
ATP6V0D1	SRR5862103	2923.5782788809347
ATP6V0D1	SRR5862104	1737.1513356417713
ATP6V0D1	SRR5862105	2047.2881141161786
ATP6V0D1	SRR5862106	2035.6208485999732
ATP6V0D1	SRR5862107	5224
ATP6V0D1	SRR5862108	2515.105579631153
ATP6V0D1	SRR5862109	2132.834472678659
ATP6V0D1	SRR5862110	2011.7876335197257
ATP6V0D1	SRR5862111	1029.7662319355295
ATP6V0D1	SRR5862112	2107.793152109658
ATP6V0D1	SRR5862113	480.12891071694185
ATP6V0D1	SRR5862114	1981.154550366964
ATP6V0D1	SRR5862115	1752.4992864245676
ATP6V0D1	SRR5862116	3993.2413307819324
ATP6V0D1	SRR5862117	2559.3114750034433
ATP6V0D1	SRR5862118	4202.445947794583
ATP6V0D1	SRR5862119	1049.2555690529387
ATP6V0D1	SRR5862120	2619.3556366180464
ATP6V0D1	SRR5862121	1745.5109565070327
ATP6V0D1	SRR5862122	1926.921762893637
ATP6V0D1	SRR5862123	2052.6431520383558
ATP6V0D1	SRR5862124	1665.261093523638
ATP6V0D1	SRR5862125	3945
ATP6V0D1	SRR5862126	1731.5572225254948
ATP6V0D1	SRR5862127	1781.587069045068
ATP6V0D1	SRR5862128	3169.666309589939
ATP6V0D1	SRR5862129	63.62042980282912
ATP6V0D1	SRR5862130	1905.6815114745739
ATP6V0D1	SRR5862131	3343.563259374978
ATP6V0D1	SRR5862132	1647.4816117207888
ATP6V0D1	SRR5862133	2158.9415774494178
ATP6V0D1	SRR5862134	1416.254824693804
ATP6V0D1	SRR5862135	2381.39024794136
ATP6V0D1	SRR5862136	1891.6806735242765
ATP6V0D1	SRR5862137	2203.7535124580477
ATP6V0D1	SRR5862138	1767.115824082736
ATP6V0D1	SRR5862139	2410.181187667945
ATP6V0D1	SRR5862140	1767.716380416544
ATP6V0D1	SRR5862141	2694.4932108571156
ATP6V0D1	SRR5862142	2639.0695983600003
ATP6V0D1	SRR5862143	2553.9189632509137
ATP6V0D1	SRR5862144	1686.3581122996106
ATP6V0D1	SRR5862145	3164.3291403982257
ATP6V0D1	SRR5862146	2423.989169351196
ATP6V0D1	SRR5862147	2248.9937672691503
ATP6V0D1	SRR5862148	1841
ATP6V0D1	SRR5862149	3071.3654214576054
ATP6V0D1	SRR5862150	1728.143322540844
ATP6V0D1	SRR5862151	1053.540486276831
ATP6V0D1	SRR5862152	1220.4705602682789
ATP6V0D1	SRR5862153	1052.9957978896277
ATP6V0D1	SRR5862154	2042
ATP6V0D1	SRR5862155	1550.5731777272324
ATP6V0D1	SRR5862156	1143.178575804822
ATP6V0D1	SRR5862157	5715.660851712315
ATP6V0D1	SRR5862158	3718.006565641005
ATP6V0D1	SRR5862159	4237.588550030414
ATP6V0D1	SRR5862160	1432.1701151423392
ATP6V0D1	SRR5862161	1964.3283057373244
ATP6V0D1	SRR5862162	2598.4385418498305
ATP6V0D1	SRR5862163	1606.4122521550926
ATP6V0D1	SRR5862164	536.566515731704
ATP6V0D1	SRR5862165	3344.300216711372
ATP6V0D1	SRR5862166	2688.385304243773
ATP6V0D1	SRR5862167	2322.837266357832
ATP6V0D1	SRR5862168	2156.5555546287396
ATP6V0D1	SRR5862169	1960.093224568316
ATP6V0D1	SRR5862170	1208.9700944480244
ATP6V0D1	SRR5862171	1285.158095909967
ATP6V0D1	SRR5862172	1692.9173657958588
ATP6V0D1	SRR5862173	866.9676944454327
ATP6V0D1	SRR5862174	2138.503873598177
ATP6V0D1	SRR5862175	3572.1564634867464
ATP6V0D1	SRR5862176	1291.7613618435335
ATP6V0D1	SRR5862177	581.9737117428597
ATP6V0D1	SRR5862178	1154.016429789319
ATP6V0D1	SRR5862179	3619.162327555278
ATP6V0D1	SRR5862180	1.163410651901285
ATP6V0D1	SRR5862181	4946.196145061086
ATP6V0D1	SRR5862182	2722.6398304471404
ATP6V0D1	SRR5862183	1726.3910898632873
ATP6V0D1	SRR5862184	777.2298175959612
ATP6V0D1	SRR5862185	2362
ATP6V0D1	SRR5862186	3714.7319268590577
ATP6V0D1	SRR5862187	2302.9329565139205
ATP6V0D1	SRR5862188	360.48555083444046
ATP6V0D1	SRR5862189	2140.195997311922
ATP6V0D1	SRR5862190	3118.115587203149
ATP6V0D1	SRR5862191	1642.6939389995086
ATP6V0D1	SRR5862192	797.1464199086876
ATP6V0D1	SRR5862193	2485.820879537595
ATP6V0D1	SRR5862194	1803.3067352928965
ATP6V0D1	SRR5862195	2336.554250855463
ATP6V0D1	SRR5862196	3105
ATP6V0D1	SRR5862197	3082
ATP6V0D1	SRR5862198	3673.890788808787
ATP6V0D1	SRR5862199	2655.48351498101
ATP6V0D1	SRR5862200	1496.1613811893778
ATP6V0D1	SRR5862201	473.57941021846193
ATP6V0D1	SRR5862202	1503.1822296652986
ATP6V0D1	SRR5862203	888.7946827015613
ATP6V0D1	SRR5862204	2218
ATP6V0D1	SRR5862205	3985
ATP6V0D1	SRR5862206	2559.7022101416105
ATP6V0D1	SRR5862207	2673.998981213462
ATP6V0D1	SRR5862208	1562.0156599513966
ATP6V0D1	SRR5862209	1253.7969607279128
ATP6V0D1	SRR5862210	5201
ATP6V0D1	SRR5862211	1884.75489047433
ATP6V0D1	SRR5862212	2441.249868015522
ATP6V0D1	SRR5862213	2539.5655239022362
ATP6V0D1	SRR5862214	1451.9077435280308
ATP6V0D1	SRR5862215	3135.4217092864096
ATP6V0D1	SRR5862216	1670.9292549172771
ATP6V0D1	SRR5862217	2601.641671114039
ATP6V0D1	SRR5862218	1430.2862838086312
ATP6V0D1	SRR5862219	348.82444336228855
ATP6V0D1	SRR5862220	1733.7056375113868
ATP6V0D1	SRR5862221	3759
ATP6V0D1	SRR5862222	1966.3321393975707
ATP6V0D1	SRR5862223	531.9219125884531
ATP6V0D1	SRR5862224	799.0624663811839
ATP6V0D1	SRR5862225	1860.8698383769324
ATP6V0D1	SRR5862226	1593.719760479383
ATP6V0D1	SRR5862227	8967
ATP6V0D1	SRR5862228	1332.7528693229074
ATP6V0D1	SRR5862229	2154.501465503239
ATP6V0D1	SRR5862230	1713.9211257713894
ATP6V0D1	SRR5862231	1761.5852621773342
ATP6V0D1	SRR5862232	2216.3982598689054
ATP6V0D1	SRR5862233	1843.0241317028376
ATP6V0D1	SRR5862234	1601.1935492833463
ATP6V0D1	SRR5862235	2001.8002572549074
ATP6V0D1	SRR5862236	1638.4620617847506
ATP6V0D1	SRR5862237	2238.672219841521
ATP6V0D1	SRR5862238	1284.0589630201694
ATP6V0D1	SRR5862239	1878.2480642778546
ATP6V0D1	SRR5862240	2290.1732347276156
ATP6V0D1	SRR5862241	1363.3287371101344
ATP6V0D1	SRR5862242	1208.2009054446867
ATP6V0D1	SRR5862243	888.8694912998543
ATP6V0D1	SRR5862244	969.444105332731
ATP6V0D1	SRR5862245	2490.8290083362676
ATP6V0D1	SRR5862246	1526.8710515857692
ATP6V0D1	SRR5862247	1477.0419332076929
ATP6V0D1	SRR5862248	1721.238465543637
ATP6V0D1	SRR5862249	3549.8560643205738
ATP6V0D1	SRR5862250	155.62156971796162
ATP6V0D1	SRR5862251	1231.2915385685071
ATP6V0D1	SRR5862252	1599.0232318765552
ATP6V0D1	SRR5862253	1504.3799676897015
ATP6V0D1	SRR5862254	956.602927455336
ATP6V0D1	SRR5862255	1177.0566748823358
ATP6V0D1	SRR5862256	3161.0350953220627
ATP6V0D1	SRR5862257	1666.933118688512
ATP6V0D1	SRR5862258	1756.472956107437
ATP6V0D1	SRR5862259	650.6121172987885
ATP6V0D1	SRR5862260	1611.0678686449248
ATP6V0D1	SRR5862261	1563.9505605590664
ATP6V0D1	SRR5862262	405.8927167573255
ATP6V0D1	SRR5862263	1336.5840575453096
ATP6V0D1	SRR5862264	692.896552057174
ATP6V0D1	SRR5862265	965.1429490005314
ATP6V0D1	SRR5862266	1805.7465998163866
ATP6V0D1	SRR5862267	938.8382356865092
ATP6V0D1	SRR5862268	928.4592327037282
ATP6V0D1	SRR5862269	1459.6387158732762
ATP6V0D1	SRR5862270	1574.4871899145724
ATP6V0D1	SRR5862271	1732.0975737174613
ATP6V0D1	SRR5862272	1209.2110910888712
ATP6V0D1	SRR5862273	972.2123161574397
ATP6V0D1	SRR5862274	2077.387620228145
ATP6V0D1	SRR5862275	2146.1155676523827
ATP6V0D1	SRR5862276	943.8990293659322
ATP6V0D1	SRR5862277	2202.999587684604
ATP6V0D1	SRR5949109	1754.677416991127
ATP6V0D1	SRR5949110	1752.3516806409507
ATP6V0D1	SRR5949111	1754.666936419443
ATP6V0D1	SRR5949112	1754.7002717843761
ATP6V0D1	SRR5949113	1753.8847443767613
ATP6V0D1	SRR5949114	1754.7002717843761
ATP6V0D1	SRR5949115	1754.677416991127
ATP6V0D1	SRR5949116	1754.580043425649
ATP6V0D1	SRR5949117	1754.7002717843761
ATP6V0D1	SRR5949118	1754.5180123012547
ATP6V0D1	SRR5949119	1754.6980878688234
ATP6V0D1	SRR5949120	1754.477148052691
ATP6V0D1	SRR5949121	1754.477148052691
ATP6V0D1	SRR5949122	1754.4133551197704
ATP6V0D1	SRR5949123	1754.2620517637367
ATP6V0D1	SRR5949124	1753.5181462311177
ATP6V0D1	SRR5949125	1753.8847443767613
ATP6V0D1	SRR5949126	1754.4133551197704
ATP6V0D1	SRR5949127	1754.477148052691
ATP6V0D1	SRR5949128	1754.477148052691
ATP6V0D1	SRR5949129	1754.6980878688234
ATP6V0D1	SRR5949130	1754.666936419443
ATP6V0D1	SRR5949131	1754.3011561755488
ATP6V0D1	SRR5949132	1754.677416991127
ATP6V0D1	SRR5949133	1754.449416369902
ATP6V0D1	SRR5949134	1754.7002717843761
ATP6V0D1	SRR5949135	1754.5731961303443
ATP6V0D1	SRR5949136	1754.69081271892
ATP6V0D1	SRR5949137	1753.6673474050172
ATP6V0D1	SRR5949138	1754.274105087571
ATP6V0D1	SRR5949139	1754.4360516364486
ATP6V0D1	SRR5949140	1754.666936419443
ATP6V0D1	SRR5949141	1754.6980878688234
ATP6V0D1	SRR5949142	1754.666936419443
ATP6V0D1	SRR5949143	1754.7002717843761
ATP6V0D1	SRR5949144	1754.449416369902
ATP6V0D1	SRR5949145	1754.5180123012547
ATP6V0D1	SRR5949146	1754.5000882538186
ATP6V0D1	SRR5949147	1754.5000882538186
ATP6V0D1	SRR5949148	1753.384857693283
ATP6V0D1	SRR5949149	1754.5180123012547
ATP6V0D1	SRR5949150	1754.6980878688234
ATP6V0D1	SRR5949151	1754.2082362097678
ATP6V0D1	SRR5949152	1751.2896433226144
ATP6V0D1	SRR5949153	1754.4037258959936
ATP6V0D1	SRR5949154	1752.943563052875
ATP6V0D1	SRR5949155	1754.5180123012547
ATP6V0D1	SRR5949156	1754.6980878688234
ATP6V0D1	SRR5949157	1754.677416991127
ATP6V0D1	SRR5949158	1754.7002717843761
ATP6V0D1	SRR5949159	1753.1238802748974
ATP6V0D1	SRR5949160	1754.677416991127
ATP6V0D1	SRR5949161	1754.666936419443
ATP6V0D1	SRR5949162	1754.677416991127
ATP6V0D1	SRR5949163	1754.6980878688234
ATP6V0D1	SRR5949164	1754.7002717843761
ATP6V0D1	SRR5949165	1754.580043425649
ATP6V0D1	SRR5949166	1754.6980878688234
ATP6V0D1	SRR5949167	1754.5180123012547
ATP6V0D1	SRR5949168	1754.5731961303443
ATP6V0D1	SRR5949169	1747.4512438480406
ATP6V0D1	SRR5949170	1754.7002717843761
ATP6V0D1	SRR5949171	1754.286726952952
ATP6V0D1	SRR5949172	1754.2795177527514
ATP6V0D1	SRR5949173	1754.677416991127
ATP6V0D1	SRR5949174	1754.5731961303443
ATP6V0D1	SRR5949175	1754.7002717843761
ATP6V0D1	SRR5949176	1754.477148052691
ATP6V0D1	SRR5949177	1753.2414444225667
ATP6V0D1	SRR5949178	1754.4037258959936
ATP6V0D1	SRR5949179	1754.666936419443
ATP6V0D1	SRR5949180	1754.7002717843761
ATP6V0D1	SRR5949181	1754.69081271892
ATP6V0D1	SRR5949182	1754.449416369902
ATP6V0D1	SRR5949183	1754.6980878688234
ATP6V0D1	SRR5949184	1754.580043425649
ATP6V0D1	SRR5949185	1754.2795177527514
ATP6V0D1	SRR5949186	1753.7703315854385
ATP6V0D1	SRR5949187	1754.666936419443
ATP6V0D1	SRR5949188	1754.5731961303443
ATP6V0D1	SRR5949189	1754.477148052691
ATP6V0D1	SRR5949190	1754.5180123012547
ATP6V0D1	SRR5949191	1754.286726952952
ATP6V0D1	SRR5949192	1754.69081271892
ATP6V0D1	SRR5949193	1754.6980878688234
ATP6V0D1	SRR5949194	1754.677416991127
ATP6V0D1	SRR5949195	1754.580043425649
ATP6V0D1	SRR5949196	1754.3011561755488
ATP6V0D1	SRR5949197	1754.0611095666661
ATP6V0D1	SRR5949198	1753.5694349629043
ATP6V0D1	SRR5949199	1754.4133551197704
ATP6V0D1	SRR5949200	1754.6980878688234
ATP6V0D1	SRR5949201	1754.5731961303443
ATP6V0D1	SRR5949202	1754.666936419443
ATP6V0D1	SRR5949203	1754.677416991127
ATP6V0D1	SRR5949204	1754.7002717843761
ATP6V0D1	SRR5949205	1754.7002717843761
ATP6V0D1	SRR5949206	1754.580043425649
ATP6V0D1	SRR5949207	1754.677416991127
ATP6V0D1	SRR5949208	1754.5180123012547
ATP6V0D1	SRR5949209	1754.677416991127
ATP6V0D1	SRR5949210	1754.5731961303443
ATP6V0D1	SRR5949211	1754.0611095666661
ATP6V0D1	SRR5949212	1754.5731961303443
ATP6V0D1	SRR5949213	1754.4133551197704
ATP6V0D1	SRR5949214	1754.2082362097678
ATP6V0D1	SRR5949215	1754.477148052691
ATP6V0D1	SRR5949216	1754.666936419443
ATP6V0D1	SRR5949217	1754.666936419443
ATP6V0D1	SRR5949218	1754.449416369902
ATP6V0D1	SRR5949219	1754.477148052691
ATP6V0D1	SRR5949220	1754.2795177527514
ATP6V0D1	SRR5949221	1754.2082362097678
ATP6V0D1	SRR5949222	1754.477148052691
ATP6V0D1	SRR5949223	1753.2414444225667
ATP6V0D1	SRR5949224	1754.5180123012547
ATP6V0D1	SRR5949225	1754.69081271892
ATP6V0D1	SRR5949226	1754.2795177527514
ATP6V0D1	SRR5949227	1754.69081271892
ATP6V0D1	SRR5949228	1754.2795177527514
ATP6V0D1	SRR5949229	1754.274105087571
ATP6V0D1	SRR5949230	1754.69081271892
ATP6V0D1	SRR5949231	1754.1235778461928
ATP6V0D1	SRR5949232	6664.25910850641
ATP6V0D1	SRR5949233	1753.2715482433755
ATP6V0D1	SRR5949234	1754.5000882538186
ATP6V0D1	SRR5949235	1754.2795177527514
ATP6V0D1	SRR5949236	1751.7011532185543
ATP6V0D1	SRR5949237	1754.1235778461928
ATP6V0D1	SRR5949238	1753.7703315854385
ATP6V0D1	SRR5949239	1752.0003550804915
ATP6V0D1	SRR5949240	1754.6980878688234
ATP6V0D1	SRR5949241	1754.5180123012547
ATP6V0D1	SRR5949242	1754.5731961303443
ATP6V0D1	SRR5949243	1754.4037258959936
ATP6V0D1	SRR5949244	1754.4133551197704
ATP6V0D1	SRR5949245	1754.4360516364486
ATP6V0D1	SRR5949246	1754.5731961303443
ATP6V0D1	SRR5949247	1754.5000882538186
ATP6V0D1	SRR5949248	1754.580043425649
ATP6V0D1	SRR5949249	1754.5731961303443
ATP6V0D1	SRR5949250	1754.7002717843761
ATP6V0D1	SRR5949251	1754.2795177527514
ATP6V0D1	SRR5949252	1754.677416991127
ATP6V0D1	SRR5949253	1754.0092460769642
ATP6V0D1	SRR5949254	1754.2312216787725
ATP6V0D1	SRR5949255	1754.5731961303443
ATP6V0D1	SRR5949256	1754.4360516364486
ATP6V0D1	SRR5949257	1754.6980878688234
ATP6V0D1	SRR5949258	1754.6980878688234
ATP6V0D1	SRR5949259	1754.449416369902
ATP6V0D1	SRR5949260	1754.7002717843761
ATP6V0D1	SRR5949261	1754.7002717843761
ATP6V0D1	SRR5949262	1754.4133551197704
ATP6V0D1	SRR5949263	1754.580043425649
ATP6V0D1	SRR5949264	1754.477148052691
ATP6V0D1	SRR5949265	1754.677416991127
ATP6V0D1	SRR5949266	1753.7192620686374
ATP6V0D1	SRR5949267	1753.742536134126
ATP6V0D1	SRR5949268	1754.69081271892
ATP6V0D1	SRR5949269	1754.477148052691
ATP6V0D1	SRR5949270	1754.5731961303443
ATP6V0D1	SRR5949271	1754.2620517637367
ATP6V0D1	SRR5949272	1754.7002717843761
ATP6V0D1	SRR5949273	1754.7002717843761
ATP6V0D1	SRR5949274	1754.580043425649
ATP6V0D1	SRR5949275	1754.2312216787725
ATP6V0D1	SRR5949276	1754.580043425649
ATP6V0D1	SRR5949277	1753.742536134126
ATP6V0D1	SRR5949278	1754.666936419443
ATP6V0D1	SRR5949279	1754.666936419443
ATP6V0D1	SRR5949280	1753.9880211922932
ATP6V0D1	SRR5949281	1754.5731961303443
ATP6V0D1	SRR5949282	1754.7002717843761
ATP6V0D1	SRR5949283	1754.145860675565
ATP6V0D1	SRR5949284	1754.7002717843761
ATP6V0D1	SRR5949285	1752.830604870932
ATP6V0D1	SRR5949286	1753.7192620686374
ATP6V0D1	SRR5949287	1754.7002717843761
ATP6V0D1	SRR5949288	1754.666936419443
ATP6V0D1	SRR5949289	1754.4360516364486
ATP6V0D1	SRR5949290	1754.7002717843761
ATP6V0D1	SRR5949291	1754.5731961303443
ATP6V0D1	SRR5949292	1754.5000882538186
ATP6V0D1	SRR5949293	1754.7002717843761
ATP6V0D1	SRR5949294	1754.6980878688234
ATP6V0D1	SRR5949295	1754.666936419443
ATP6V0D1	SRR5949296	1754.580043425649
ATP6V0D1	SRR5949297	1754.677416991127
ATP6V0D1	SRR5949298	1754.286726952952
ATP6V0D1	SRR5949299	1754.5000882538186
ATP6V0D1	SRR5949300	1754.6980878688234
ATP6V0D1	SRR5949301	1754.6980878688234
ATP6V0D1	SRR5949302	1754.4360516364486
ATP6V0D1	SRR5949303	1754.3011561755488
ATP6V0D1	SRR5949304	1754.677416991127
ATP6V0D1	SRR5949305	1753.72325527124
ATP6V0D1	SRR5949306	1754.677416991127
ATP6V0D1	SRR5949307	1754.5000882538186
ATP6V0D1	SRR5949308	1754.580043425649
ATP6V0D1	SRR5949309	1754.2620517637367
ATP6V0D1	SRR5949310	1754.2620517637367
ATP6V0D1	SRR5949311	1754.5000882538186
ATP6V0D1	SRR5949312	1754.1025474372966
ATP6V0D1	SRR5949313	1754.5731961303443
ATP6V0D1	SRR5949314	1754.6980878688234
ATP6V0D1	SRR5949315	1754.5731961303443
ATP6V0D1	SRR5949316	1754.666936419443
ATP6V0D1	SRR5949317	1753.8435102359588
ATP6V0D1	SRR5949318	1753.7506243434161
ATP6V0D1	SRR5949319	1754.677416991127
ATP6V0D1	SRR5949320	1754.7002717843761
ATP6V0D1	SRR5949321	1754.580043425649
ATP6V0D1	SRR5949322	1754.2795177527514
ATP6V0D1	SRR5949323	1754.5731961303443
ATP6V0D1	SRR5949324	1754.7002717843761
ATP6V0D1	SRR5949325	1754.666936419443
ATP6V0D1	SRR5949326	1754.5180123012547
ATP6V0D1	SRR5949327	1753.662105269452
ATP6V0D1	SRR5949328	1754.677416991127
ATP6V0D1	SRR5949329	1754.69081271892
ATP6V0D1	SRR5949330	6671.197516821027
ATP6V0D1	SRR5949331	1754.69081271892
ATP6V0D1	SRR5949332	1754.7002717843761
ATP6V0D1	SRR5949333	1754.449416369902
ATP6V0D1	SRR5949334	1754.1025474372966
ATP6V0D1	SRR5949335	1754.6980878688234
ATP6V0D1	SRR5949336	1754.580043425649
ATP6V0D1	SRR5949337	1754.69081271892
ATP6V0D1	SRR5949338	1754.666936419443
ATP6V0D1	SRR5949339	1754.666936419443
ATP6V0D1	SRR5949340	1754.3011561755488
ATP6V0D1	SRR5949341	1754.449416369902
ATP6V0D1	SRR5949342	1754.677416991127
ATP6V0D1	SRR5949343	1754.477148052691
ATP6V0D1	SRR5949344	1754.677416991127
ATP6V0D1	SRR5949345	1754.69081271892
ATP6V0D1	SRR5949346	1753.6346875605395
ATP6V0D1	SRR5949347	1754.054308346757
ATP6V0D1	SRR5949348	1752.897763301667
ATP6V0D1	SRR5949349	1754.666936419443
ATP6V0D1	SRR5949350	1754.5731961303443
ATP6V0D1	SRR5949351	1754.5731961303443
ATP6V0D1	SRR5949352	1754.580043425649
ATP6V0D1	SRR5949353	1754.666936419443
ATP6V0D1	SRR5949354	1754.2595653497913
ATP6V0D1	SRR5949355	1754.5000882538186
ATP6V0D1	SRR5949356	11556.766104746688
ATP6V0D1	SRR5949357	1754.5000882538186
ATP6V0D1	SRR5949358	1754.5180123012547
ATP6V0D1	SRR5949359	1754.666936419443
ATP6V0D1	SRR5949360	1754.449416369902
ATP6V0D1	SRR5949361	1754.4360516364486
ATP6V0D1	SRR5949362	1751.7046967954648
ATP6V0D1	SRR5949363	1754.69081271892
ATP6V0D1	SRR5949364	1754.2843127753667
ATP6V0D1	SRR5949365	1754.0092460769642
ATP6V0D1	SRR5949366	4204.530664357957
ATP6V0D1	SRR5949367	1754.7002717843761
ATP6V0D1	SRR5949368	1753.0063795345072
ATP6V0D1	SRR5949369	1754.6980878688234
ATP6V0D1	SRR5949370	1754.677416991127
ATP6V0D1	SRR5949371	1754.274105087571
ATP6V0D1	SRR5949372	1754.5731961303443
ATP6V0D1	SRR5949373	1754.6980878688234
ATP6V0D1	SRR5949374	1754.286726952952
ATP6V0D1	SRR5949375	1754.6980878688234
ATP6V0D1	SRR5949376	1754.7002717843761
ATP6V0D1	SRR5949377	1754.666936419443
ATP6V0D1	SRR5949378	1754.7002717843761
ATP6V0D1	SRR5949379	1754.666936419443
ATP6V0D1	SRR5949380	1753.396542266956
ATP6V0D1	SRR5949381	1754.2312216787725
ATP6V0D1	SRR5949382	1754.666936419443
ATP6V0D1	SRR5949383	1754.4133551197704
ATP6V0D1	SRR5949384	1754.6980878688234
ATP6V0D1	SRR5949385	1754.4037258959936
ATP6V0D1	SRR5949386	1754.7002717843761
ATP6V0D1	SRR5949387	4206.820779724317
ATP6V0D1	SRR5949388	1754.2283755445383
ATP6V0D1	SRR5949389	1754.7002717843761
ATP6V0D1	SRR5949390	1754.5731961303443
ATP6V0D1	SRR5949391	1754.274105087571
ATP6V0D1	SRR5949392	1754.7002717843761
ATP6V0D1	SRR5949393	1754.274105087571
ATP6V0D1	SRR5949394	1754.145860675565
ATP6V0D1	SRR5949395	1754.5731961303443
ATP6V0D1	SRR5949396	1753.2414444225667
ATP6V0D1	SRR5949397	1754.6980878688234
ATP6V0D1	SRR5949398	1754.69081271892
ATP6V0D1	SRR5949399	1754.5180123012547
ATP6V0D1	SRR5949400	4193.560413907144
ATP6V0D1	SRR5949401	1754.7002717843761
ATP6V0D1	SRR5949402	1754.580043425649
ATP6V0D1	SRR5949403	1754.477148052691
ATP6V0D1	SRR5949404	1754.274105087571
ATP6V0D1	SRR5949405	1754.666936419443
ATP6V0D1	SRR5949406	1754.6980878688234
ATP6V0D1	SRR5949407	1754.666936419443
ATP6V0D1	SRR5949408	1754.666936419443
ATP6V0D1	SRR5949409	1754.580043425649
ATP6V0D1	SRR5949410	1754.5731961303443
ATP6V0D1	SRR5949411	1754.7002717843761
ATP6V0D1	SRR5949412	1754.4133551197704
ATP6V0D1	SRR5949413	1754.580043425649
ATP6V0D1	SRR5949414	1754.666936419443
ATP6V0D1	SRR5949415	1754.677416991127
ATP6V0D1	SRR5949416	1754.5000882538186
ATP6V0D1	SRR5949417	1754.449416369902
ATP6V0D1	SRR5949418	1754.666936419443
ATP6V0D1	SRR5949419	1754.677416991127
ATP6V0D1	SRR5949420	1754.477148052691
ATP6V0D1	SRR5949421	1754.449416369902
ATP6V0D1	SRR5949422	1754.5000882538186
ATP6V0D1	SRR5949423	1754.5000882538186
ATP6V0D1	SRR5949424	1754.7002717843761
ATP6V0D1	SRR5949425	1754.5000882538186
ATP6V0D1	SRR5949426	1754.69081271892
ATP6V0D1	SRR5949427	1754.5000882538186
ATP6V0D1	SRR5949428	1754.7002717843761
ATP6V0D1	SRR5949429	1754.1025474372966
ATP6V0D1	SRR5949430	1754.5731961303443
ATP6V0D1	SRR5949431	1754.5731961303443
ATP6V0D1	SRR5949432	1754.5731961303443
ATP6V0D1	SRR5949433	1754.5180123012547
ATP6V0D1	SRR5949434	1754.5180123012547
ATP6V0D1	SRR5949435	1754.2312216787725
ATP6V0D1	SRR5949436	1754.677416991127
ATP6V0D1	SRR5949437	1754.2082362097678
ATP6V0D1	SRR5949438	1753.9880211922932
ATP6V0D1	SRR5949439	1754.6980878688234
ATP6V0D1	SRR5949440	1754.69081271892
ATP6V0D1	SRR5949441	1754.69081271892
ATP6V0D1	SRR5949442	1754.3011561755488
ATP6V0D1	SRR5949443	1754.2795177527514
ATP6V0D1	SRR5949444	1754.2283755445383
ATP6V0D1	SRR5949445	1754.7002717843761
ATP6V0D1	SRR5949446	1754.677416991127
ATP6V0D1	SRR5949447	1754.5000882538186
ATP6V0D1	SRR5949448	1754.7002717843761
ATP6V0D1	SRR5949449	1754.7002717843761
ATP6V0D1	SRR5949450	1754.5731961303443
ATP6V0D1	SRR5949451	1754.449416369902
ATP6V0D1	SRR5949452	1754.5731961303443
ATP6V0D1	SRR5949453	1754.5180123012547
ATP6V0D1	SRR5949454	1754.666936419443
ATP6V0D1	SRR5949455	1754.5000882538186
ATP6V0D1	SRR5949456	1754.6980878688234
ATP6V0D1	SRR5949457	1754.69081271892
ATP6V0D1	SRR5949458	1754.6980878688234
ATP6V0D1	SRR5949459	1754.580043425649
ATP6V0D1	SRR5949460	1754.274105087571
ATP6V0D1	SRR5949461	1753.72325527124
ATP6V0D1	SRR5949462	1754.677416991127
ATP6V0D1	SRR5949463	1754.2620517637367
ATP6V0D1	SRR5949464	1754.145860675565
ATP6V0D1	SRR5949465	1753.384857693283
ATP6V0D1	SRR5949466	1754.5731961303443
ATP6V0D1	SRR5949467	1753.5181462311177
ATP6V0D1	SRR5949468	1754.677416991127
ATP6V0D1	SRR5949469	1754.69081271892
ATP6V0D1	SRR5949470	1754.666936419443
ATP6V0D1	SRR5949471	1754.477148052691
ATP6V0D1	SRR5949472	1754.580043425649
ATP6V0D1	SRR5949473	1754.580043425649
ATP6V0D1	SRR5949474	1754.5180123012547
ATP6V0D1	SRR5949475	1754.7002717843761
ATP6V0D1	SRR5949476	1754.666936419443
ATP6V0D1	SRR5949477	1754.69081271892
ATP6V0D1	SRR5949478	1754.580043425649
ATP6V0D1	SRR5949479	1753.8435102359588
ATP6V0D1	SRR5949480	1754.477148052691
ATP6V0D1	SRR5949481	1754.69081271892
ATP6V0D1	SRR5949482	1754.4037258959936
ATP6V0D1	SRR5949483	1753.8847443767613
ATP6V0D1	SRR5949484	1754.677416991127
ATP6V0D1	SRR5949485	1754.2312216787725
ATP6V0D1	SRR5949486	1754.5180123012547
ATP6V0D1	SRR5949487	1754.477148052691
ATP6V0D1	SRR5949488	1754.0611095666661
ATP6V0D1	SRR5949489	1754.2843127753667
ATP6V0D1	SRR5949490	1754.286726952952
ATP6V0D1	SRR5949491	1754.5180123012547
ATP6V0D1	SRR5949492	1754.286726952952
ATP6V0D1	SRR5949493	1754.449416369902
ATP6V0D1	SRR5949494	1754.7002717843761
ATP6V0D1	SRR5949495	1754.145860675565
ATP6V0D1	SRR5949496	1754.449416369902
ATP6V0D1	SRR5949497	1754.477148052691
ATP6V0D1	SRR5949498	1754.5731961303443
ATP6V0D1	SRR5949499	1754.677416991127
ATP6V0D1	SRR5949500	1753.9742519117044
ATP6V0D1	SRR5949501	1754.2341972893394
ATP6V0D1	SRR5949502	1753.8847443767613
ATP6V0D1	SRR5949503	1754.286726952952
ATP6V0D1	SRR5949504	1754.666936419443
ATP6V0D1	SRR5949505	1754.666936419443
ATP6V0D1	SRR5949506	1754.666936419443
ATP6V0D1	SRR5949507	1754.69081271892
ATP6V0D1	SRR5949508	1754.449416369902
ATP6V0D1	SRR5949509	1754.677416991127
ATP6V0D1	SRR5949510	1754.666936419443
ATP6V0D1	SRR5949511	1753.5488233025212
ATP6V0D1	SRR5949512	1754.580043425649
ATP6V0D1	SRR5949513	1754.7002717843761
ATP6V0D1	SRR5949514	1754.4133551197704
ATP6V0D1	SRR5949515	1754.677416991127
ATP6V0D1	SRR5949516	1754.5731961303443
ATP6V0D1	SRR5949517	1754.666936419443
ATP6V0D1	SRR5949518	1753.8847443767613
ATP6V0D1	SRR5949519	1754.274105087571
ATP6V0D1	SRR5949520	1754.69081271892
ATP6V0D1	SRR5949521	1753.72325527124
ATP6V0D1	SRR5949522	1754.580043425649
ATP6V0D1	SRR5949523	1754.69081271892
ATP6V0D1	SRR5949524	1754.5180123012547
ATP6V0D1	SRR5949525	1754.4037258959936
ATP6V0D1	SRR5949526	1753.6346875605395
ATP6V0D1	SRR5949527	1754.286726952952
ATP6V0D1	SRR5949528	1752.6076578643463
ATP6V0D1	SRR5949529	1754.2341972893394
ATP6V0D1	SRR5949530	1754.477148052691
ATP6V0D1	SRR5949531	1754.4360516364486
ATP6V0D1	SRR5949532	1754.69081271892
ATP6V0D1	SRR5949533	1754.7002717843761
ATP6V0D1	SRR5949534	1754.3011561755488
ATP6V0D1	SRR5949535	1754.666936419443
ATP6V0D1	SRR5949536	1754.5731961303443
ATP6V0D1	SRR5949537	1754.677416991127
ATP6V0D1	SRR5949538	1754.7002717843761
ATP6V0D1	SRR5949539	1754.449416369902
ATP6V0D1	SRR5949540	1754.2595653497913
ATP6V0D1	SRR5949541	1754.477148052691
ATP6V0D1	SRR5949542	1754.2595653497913
ATP6V0D1	SRR5949543	1754.5180123012547
ATP6V0D1	SRR5949544	1754.274105087571
ATP6V0D1	SRR5949545	1753.9880211922932
ATP6V0D1	SRR5949546	1754.286726952952
ATP6V0D1	SRR5949547	1754.7002717843761
ATP6V0D1	SRR5949548	1754.5180123012547
ATP6V0D1	SRR5949549	1754.0092460769642
ATP6V0D1	SRR5949550	1753.3994936625556
ATP6V0D1	SRR5949551	1754.580043425649
ATP6V0D1	SRR5949552	4212.258152280139
ATP6V0D1	SRR5949553	1754.6980878688234
ATP6V0D1	SRR5949554	1754.666936419443
ATP6V0D1	SRR5949555	13933.715096194055
ATP6V0D1	SRR5949556	1754.2312216787725
ATP6V0D1	SRR5949557	1754.5180123012547
ATP6V0D1	SRR5949558	1754.145860675565
ATP6V0D1	SRR5949559	1754.677416991127
ATP6V0D1	SRR5949560	1754.69081271892
ATP6V0D1	SRR5949561	1753.6895004106402
ATP6V0D1	SRR5949562	1754.145860675565
ATP6V0D1	SRR5949563	1754.5000882538186
ATP6V0D1	SRR5949564	1754.5731961303443
ATP6V0D1	SRR5949565	1754.6980878688234
ATP6V0D1	SRR5949566	1754.666936419443
ATP6V0D1	SRR5949567	4206.931542865372
ATP6V0D1	SRR5949568	1754.2595653497913
ATP6V0D1	SRR5949569	1754.2843127753667
ATP6V0D1	SRR5949570	1754.477148052691
ATP6V0D1	SRR5949571	1753.9880211922932
ATP6V0D1	SRR5949572	1754.449416369902
ATP6V0D1	SRR5949573	1754.274105087571
ATP6V0D1	SRR5949574	1754.5180123012547
ATP6V0D1	SRR5949575	1754.449416369902
ATP6V0D1	SRR5949576	1754.4037258959936
ATP6V0D1	SRR5949577	1754.6980878688234
ATP6V0D1	SRR5949578	1754.5731961303443
ATP6V0D1	SRR5949579	1754.666936419443
ATP6V0D1	SRR5949580	1754.677416991127
ATP6V0D1	SRR5949581	1754.7002717843761
ATP6V0D1	SRR5949582	1754.2795177527514
ATP6V0D1	SRR5949583	1754.6980878688234
ATP6V0D1	SRR5949584	1753.5475424055223
ATP6V0D1	SRR5949585	1754.580043425649
ATP6V0D1	SRR5949586	1754.666936419443
ATP6V0D1	SRR5949587	1754.5180123012547
ATP6V0D1	SRR5949588	1752.5703240319883
ATP6V0D1	SRR5949589	1754.7002717843761
ATP6V0D1	SRR5949590	1754.286726952952
ATP6V0D1	SRR5949591	1754.677416991127
ATP6V0D1	SRR5949592	1754.449416369902
ATP6V0D1	SRR5949593	1754.7002717843761
ATP6V0D1	SRR5949594	1754.449416369902
ATP6V0D1	SRR5949595	1754.580043425649
ATP6V0D1	SRR5949596	1754.5000882538186
ATP6V0D1	SRR5949597	1753.8435102359588
ATP6V0D1	SRR5949598	1754.449416369902
ATP6V0D1	SRR5949599	1754.2843127753667
ATP6V0D1	SRR5949600	1754.5731961303443
ATP6V0D1	SRR5949601	1754.449416369902
ATP6V0D1	SRR5949602	1754.7002717843761
ATP6V0D1	SRR5949603	1754.5731961303443
ATP6V0D1	SRR5949604	1754.666936419443
ATP6V0D1	SRR5949605	1754.449416369902
ATP6V0D1	SRR5949606	1754.1235778461928
ATP6V0D1	SRR5949607	1754.69081271892
ATP6V0D1	SRR5949608	1753.7192620686374
ATP6V0D1	SRR5950246	1753.6346875605395
ATP6V0D1	SRR5950247	1754.145860675565
ATP6V0D1	SRR5950248	1754.5731961303443
ATP6V0D1	SRR5950249	1754.7002717843761
ATP6V0D1	SRR5950250	1754.274105087571
ATP6V0D1	SRR5950251	1754.5731961303443
ATP6V0D1	SRR5950252	1754.6980878688234
ATP6V0D1	SRR5950253	1754.580043425649
ATP6V0D1	SRR5950254	1754.1235778461928
ATP6V0D1	SRR5950255	1753.742536134126
ATP6V0D1	SRR5950256	1753.001799031051
ATP6V0D1	SRR5950257	1753.0063795345072
ATP6V0D1	SRR5950258	1754.5731961303443
ATP6V0D1	SRR5950259	1754.69081271892
ATP6V0D1	SRR5950260	1754.5731961303443
ATP6V0D1	SRR5950261	1754.580043425649
ATP6V0D1	SRR5950262	1754.4133551197704
ATP6V0D1	SRR5950263	1753.8435102359588
ATP6V0D1	SRR5950264	1754.69081271892
ATP6V0D1	SRR5950265	4212.537163774762
ATP6V0D1	SRR5950266	1753.5029176710314
ATP6V0D1	SRR5950267	1754.5731961303443
ATP6V0D1	SRR5950268	1754.449416369902
ATP6V0D1	SRR5950269	1754.449416369902
ATP6V0D1	SRR5950270	1754.054308346757
ATP6V0D1	SRR5950271	1754.7002717843761
ATP6V0D1	SRR5950272	1754.7002717843761
ATP6V0D1	SRR5950273	1754.5731961303443
ATP6V0D1	SRR5950274	1754.3011561755488
ATP6V0D1	SRR5950275	1754.449416369902
ATP6V0D1	SRR5950276	1754.580043425649
ATP6V0D1	SRR5950277	4212.470276385585
ATP6V0D1	SRR5950278	1753.7703315854385
ATP6V0D1	SRR5950279	1754.5000882538186
ATP6V0D1	SRR5950280	1754.666936419443
ATP6V0D1	SRR5950281	1754.449416369902
ATP6V0D1	SRR5950282	1753.8440375761913
ATP6V0D1	SRR5950283	1754.580043425649
ATP6V0D1	SRR5950284	1749.7235192097373
ATP6V0D1	SRR5950285	1754.2082362097678
ATP6V0D1	SRR5950286	1754.5180123012547
ATP6V0D1	SRR5950287	1753.7506243434161
ATP6V0D1	SRR5950288	1754.2595653497913
ATP6V0D1	SRR5950289	1753.6673474050172
ATP6V0D1	SRR5950290	1754.677416991127
ATP6V0D1	SRR5950291	1754.580043425649
ATP6V0D1	SRR5950292	1754.4133551197704
ATP6V0D1	SRR5950293	1754.0092460769642
ATP6V0D1	SRR5950294	1754.7002717843761
ATP6V0D1	SRR5950295	1754.69081271892
ATP6V0D1	SRR5950296	1754.5180123012547
ATP6V0D1	SRR5950297	1754.1235778461928
ATP6V0D1	SRR5950298	1754.677416991127
ATP6V0D1	SRR5950299	1754.2795177527514
ATP6V0D1	SRR5950300	1754.5180123012547
ATP6V0D1	SRR5950301	1754.580043425649
ATP6V0D1	SRR5950302	1754.477148052691
ATP6V0D1	SRR5950303	1754.3011561755488
ATP6V0D1	SRR5950304	1754.1025474372966
ATP6V0D1	SRR5950305	1754.477148052691
ATP6V0D1	SRR5950306	1754.5000882538186
ATP6V0D1	SRR5950307	1754.2843127753667
ATP6V0D1	SRR5950308	1754.4360516364486
ATP6V0D1	SRR5950309	1754.449416369902
ATP6V0D1	SRR5950310	1754.5180123012547
ATP6V0D1	SRR5950311	1754.677416991127
ATP6V0D1	SRR5950312	1754.5731961303443
ATP6V0D1	SRR5950313	1754.4133551197704
ATP6V0D1	SRR5950314	1754.677416991127
ATP6V0D1	SRR5950315	1754.580043425649
ATP6V0D1	SRR5950316	1754.69081271892
ATP6V0D1	SRR5950317	1754.2795177527514
ATP6V0D1	SRR5950318	1754.0611095666661
ATP6V0D1	SRR5950319	1754.286726952952
ATP6V0D1	SRR5950320	1754.2620517637367
ATP6V0D1	SRR5950321	1753.1238802748974
ATP6V0D1	SRR5950322	1754.2341972893394
ATP6V0D1	SRR5950323	1754.4037258959936
ATP6V0D1	SRR5950324	1754.677416991127
ATP6V0D1	SRR5950325	1754.4360516364486
ATP6V0D1	SRR5950326	1754.2312216787725
ATP6V0D1	SRR5950327	1754.580043425649
ATP6V0D1	SRR5950328	1754.580043425649
ATP6V0D1	SRR5950329	1754.5180123012547
ATP6V0D1	SRR5950330	1754.286726952952
ATP6V0D1	SRR5950331	1754.0092460769642
ATP6V0D1	SRR5950332	1754.2082362097678
ATP6V0D1	SRR5950333	1754.677416991127
ATP6V0D1	SRR5950334	1754.666936419443
ATP6V0D1	SRR5950335	1754.666936419443
ATP6V0D1	SRR5950336	1751.7046967954648
ATP6V0D1	SRR5950337	1753.7703315854385
ATP6V0D1	SRR5950338	1752.8249064340903
ATP6V0D1	SRR5950339	1754.7002717843761
ATP6V0D1	SRR5950340	1754.274105087571
ATP6V0D1	SRR5950341	1754.4037258959936
ATP6V0D1	SRR5950342	1754.69081271892
ATP6V0D1	SRR5950343	1754.4360516364486
ATP6V0D1	SRR5950344	1754.2620517637367
ATP6V0D1	SRR5950345	1754.4037258959936
ATP6V0D1	SRR5950346	1754.5731961303443
ATP6V0D1	SRR5950347	1754.477148052691
ATP6V0D1	SRR5950348	1754.2843127753667
ATP6V0D1	SRR5950349	1754.6980878688234
ATP6V0D1	SRR5950350	1754.5731961303443
ATP6V0D1	SRR5950351	1753.8435102359588
ATP6V0D1	SRR5950352	1754.69081271892
ATP6V0D1	SRR5950353	1754.5000882538186
ATP6V0D1	SRR5950354	1754.69081271892
ATP6V0D1	SRR5950355	1754.6980878688234
ATP6V0D1	SRR5950356	1753.662105269452
ATP6V0D1	SRR5950357	1754.69081271892
ATP6V0D1	SRR5950358	1754.2843127753667
ATP6V0D1	SRR5950359	1754.4360516364486
ATP6V0D1	SRR5950360	1754.69081271892
ATP6V0D1	SRR5950361	1754.69081271892
ATP6V0D1	SRR5950362	1754.2341972893394
ATP6V0D1	SRR5950363	1754.0611095666661
ATP6V0D1	SRR5950364	1754.286726952952
ATP6V0D1	SRR5950365	1754.580043425649
ATP6V0D1	SRR5950366	1754.677416991127
ATP6V0D1	SRR5950367	1753.1687381890824
ATP6V0D1	SRR5950368	1754.5000882538186
ATP6V0D1	SRR5950369	1754.7002717843761
ATP6V0D1	SRR5950370	1754.7002717843761
ATP6V0D1	SRR5950371	1754.580043425649
ATP6V0D1	SRR5950372	1754.666936419443
ATP6V0D1	SRR5950373	1754.5180123012547
ATP6V0D1	SRR5950374	1754.5000882538186
ATP6V0D1	SRR5950375	1754.677416991127
ATP6V0D1	SRR5950376	1754.6980878688234
ATP6V0D1	SRR5950377	1754.054308346757
ATP6V0D1	SRR5950378	1754.5180123012547
ATP6V0D1	SRR5950379	1754.5000882538186
ATP6V0D1	SRR5950380	1754.4037258959936
ATP6V0D1	SRR5950381	1754.4037258959936
ATP6V0D1	SRR5950382	1753.742536134126
ATP6V0D1	SRR5950383	1754.6980878688234
ATP6V0D1	SRR5950384	1754.677416991127
ATP6V0D1	SRR5950385	1753.7506243434161
ATP6V0D1	SRR5950386	1754.666936419443
ATP6V0D1	SRR5950387	1754.6980878688234
ATP6V0D1	SRR5950388	1754.274105087571
ATP6V0D1	SRR5950389	1752.897763301667
ATP6V0D1	SRR5950390	1754.4037258959936
ATP6V0D1	SRR5950391	1754.7002717843761
ATP6V0D1	SRR5950392	1753.72325527124
ATP6V0D1	SRR5950393	1754.2795177527514
ATP6V0D1	SRR5950394	1754.449416369902
ATP6V0D1	SRR5950395	1754.5000882538186
ATP6V0D1	SRR5950396	1754.7002717843761
ATP6V0D1	SRR5950397	1754.6980878688234
ATP6V0D1	SRR5950398	1754.6980878688234
ATP6V0D1	SRR5950399	1754.4133551197704
ATP6V0D1	SRR5950400	1754.4360516364486
ATP6V0D1	SRR5950401	1754.677416991127
ATP6V0D1	SRR5950402	1754.677416991127
ATP6V0D1	SRR5950403	1754.580043425649
ATP6V0D1	SRR5950404	1754.666936419443
ATP6V0D1	SRR5950405	1752.5703240319883
ATP6V0D1	SRR5950406	1753.9742519117044
ATP6V0D1	SRR5950407	1754.580043425649
ATP6V0D1	SRR5950408	1754.145860675565
ATP6V0D1	SRR5950409	1754.274105087571
ATP6V0D1	SRR5950410	1754.7002717843761
ATP6V0D1	SRR5950411	1754.69081271892
ATP6V0D1	SRR5950412	1754.666936419443
ATP6V0D1	SRR5950413	1753.9880211922932
ATP6V0D1	SRR5950414	1754.666936419443
ATP6V0D1	SRR5950415	1754.4133551197704
ATP6V0D1	SRR5950416	1754.449416369902
ATP6V0D1	SRR5950417	1754.4360516364486
ATP6V0D1	SRR5950418	1754.2620517637367
ATP6V0D1	SRR5950419	1754.69081271892
ATP6V0D1	SRR5950420	1754.477148052691
ATP6V0D1	SRR5950421	1754.2795177527514
ATP6V0D1	SRR5950422	1754.2283755445383
ATP6V0D1	SRR5950423	1754.5180123012547
ATP6V0D1	SRR5950424	1754.677416991127
ATP6V0D1	SRR5950425	1754.69081271892
ATP6V0D1	SRR5950426	1754.2843127753667
ATP6V0D1	SRR5950427	1754.666936419443
ATP6V0D1	SRR5950428	1754.5180123012547
ATP6V0D1	SRR5950429	1754.69081271892
ATP6V0D1	SRR5950430	1754.449416369902
ATP6V0D1	SRR5950431	1754.477148052691
ATP6V0D1	SRR5950432	1754.666936419443
ATP6V0D1	SRR5950433	1754.580043425649
ATP6V0D1	SRR5950434	1754.2843127753667
ATP6V0D1	SRR5950435	1754.5180123012547
ATP6V0D1	SRR5950436	1754.69081271892
ATP6V0D1	SRR5950437	1754.477148052691
ATP6V0D1	SRR5950438	1754.677416991127
ATP6V0D1	SRR5950439	1754.6980878688234
ATP6V0D1	SRR5950440	1748.2833336703052
ATP6V0D1	SRR5950441	1754.2082362097678
ATP6V0D1	SRR5950442	1754.5731961303443
ATP6V0D1	SRR5950443	1754.3011561755488
ATP6V0D1	SRR5950444	1754.580043425649
ATP6V0D1	SRR5950445	1754.666936419443
ATP6V0D1	SRR5950446	1754.4037258959936
ATP6V0D1	SRR5950447	1754.054308346757
ATP6V0D1	SRR5950448	1754.5731961303443
ATP6V0D1	SRR5950449	1754.666936419443
ATP6V0D1	SRR5950450	1754.69081271892
ATP6V0D1	SRR5950451	1754.7002717843761
ATP6V0D1	SRR5950452	1754.2312216787725
ATP6V0D1	SRR5950453	1754.677416991127
ATP6V0D1	SRR5950454	1754.2283755445383
ATP6V0D1	SRR5950455	1754.677416991127
ATP6V0D1	SRR5950456	1754.5180123012547
ATP6V0D1	SRR5950457	1754.4037258959936
ATP6V0D1	SRR5950458	1754.7002717843761
ATP6V0D1	SRR5950459	1754.477148052691
ATP6V0D1	SRR5950460	1754.477148052691
ATP6V0D1	SRR5950461	1754.5731961303443
ATP6V0D1	SRR5950462	1753.8847443767613
ATP6V0D1	SRR5950463	1754.3011561755488
ATP6V0D1	SRR5950464	1754.2341972893394
ATP6V0D1	SRR5950465	4196.0332334316145
ATP6V0D1	SRR5950466	1754.666936419443
ATP6V0D1	SRR5950467	1754.5000882538186
ATP6V0D1	SRR5950468	1754.5731961303443
ATP6V0D1	SRR5950469	1754.4037258959936
ATP6V0D1	SRR5950470	1754.69081271892
ATP6V0D1	SRR5963912	1754.7002717843761
ATP6V0D1	SRR5963913	1754.2595653497913
ATP6V0D1	SRR5963914	1754.7002717843761
ATP6V0D1	SRR5963915	1754.2620517637367
ATP6V0D1	SRR5963916	1753.8903092240998
ATP6V0D1	SRR5963917	1754.449416369902
ATP6V0D1	SRR5963918	1754.477148052691
ATP6V0D1	SRR5963919	1754.666936419443
ATP6V0D1	SRR5963920	1754.5000882538186
ATP6V0D1	SRR5963921	1754.677416991127
ATP6V0D1	SRR5963922	1754.4360516364486
ATP6V0D1	SRR5963923	1754.477148052691
ATP6V0D1	SRR5963924	1754.666936419443
ATP6V0D1	SRR5963925	1754.2595653497913
ATP6V0D1	SRR5963926	1754.2595653497913
ATP6V0D1	SRR5963927	1754.69081271892
ATP6V0D1	SRR5963928	1754.2082362097678
ATP6V0D1	SRR5963929	1754.580043425649
ATP6V0D1	SRR5963930	1753.9880211922932
ATP6V0D1	SRR5963931	1754.6980878688234
ATP6V0D1	SRR5963932	1754.5180123012547
ATP6V0D1	SRR5963933	6670.233407392864
ATP6V0D1	SRR5963934	1754.0611095666661
ATP6V0D1	SRR5963935	1754.7002717843761
ATP6V0D1	SRR5963936	1754.2341972893394
ATP6V0D1	SRR5963937	1753.7506243434161
ATP6V0D1	SRR5963938	1754.5731961303443
ATP6V0D1	SRR5963939	1754.666936419443
ATP6V0D1	SRR5963940	1754.666936419443
ATP6V0D1	SRR5963941	1754.7002717843761
ATP6V0D1	SRR5963942	1754.7002717843761
ATP6V0D1	SRR5963943	1754.677416991127
ATP6V0D1	SRR5963944	1754.7002717843761
ATP6V0D1	SRR5963945	1754.6980878688234
ATP6V0D1	SRR5963946	1754.580043425649
ATP6V0D1	SRR5963947	1754.580043425649
ATP6V0D1	SRR5963948	1754.580043425649
ATP6V0D1	SRR6467548	1267.3002014833498
ATP6V0D1	SRR6467549	2219.4479916924515
ATP6V0D1	SRR6467550	1084.1855466628674
ATP6V0D1	SRR6467551	1041.924829661603
ATP6V0D1	SRR6467552	1176.1991390936778
ATP6V0D1	SRR6467553	927.7070671431098
ATP6V0D1	SRR6467554	2519.6257493520243
ATP6V0D1	SRR6467555	1140.2155934499233
ATP6V0D1	SRR6467556	2140.0660954677055
ATP6V0D1	SRR6467557	3332.7007075525366
ATP6V0D1	SRR6467558	1193.7419917001664
ATP6V0D1	SRR6467559	1459.1920088002175
ATP6V0D1	SRR6467560	1600.2150081890745
ATP6V0D1	SRR6467561	1505.1610099784048
ATP6V0D1	SRR6467562	1825.9119518479404
ATP6V0D1	SRR6467563	2066.732133187638
ATP6V0D1	SRR6467564	3269.7482378616482
ATP6V0D1	SRR6467565	1359.0750869224398
ATP6V0D1	SRR6467566	2033.6364082268547
ATP6V0D1	SRR6467567	1064.6874800662315
ATP6V0D1	SRR6467568	529.1622899507114
ATP6V0D1	SRR6467569	1209.4888777792964
ATP6V0D1	SRR6467570	1930.0400692839974
ATP6V0D1	SRR6467571	861.6199528099253
ATP6V0D1	SRR6467572	1463.994153222134
ATP6V0D1	SRR6467573	1430.7050004701496
ATP6V0D1	SRR6467574	1490
ATP6V0D1	SRR6467575	1844.2281482621324
ATP6V0D1	SRR6467576	1645.730090876577
ATP6V0D1	SRR6467577	1797.58586742979
ATP6V0D1	SRR6467578	846.2648979998903
ATP6V0D1	SRR6467579	1020.7974327586576
ATP6V0D1	SRR6467580	3959.9136412319863
ATP6V0D1	SRR6467581	1711.2971011499856
ATP6V0D1	SRR6467582	1509.145101541891
ATP6V0D1	SRR6467583	1377
ATP6V0D1	SRR6467584	1173.2864370648936
ATP6V0D1	SRR6467585	1695.932707060175
ATP6V0D1	SRR6467586	1916.7811597331115
ATP6V0D1	SRR6467587	1644.2384174768583
ATP6V0D1	SRR6467588	4752.48214360404
ATP6V0D1	SRR6467589	2295
ATP6V0D1	SRR6467590	672.8844151252547
ATP6V0D1	SRR6467591	563.8965060353216
ATP6V0D1	SRR6467592	657.0757007791433
ATP6V0D1	SRR6467593	1529.9603911167453
ATP6V0D1	SRR6467594	1421.5317300236945
ATP6V0D1	SRR6467595	1576.4485095073778
ATP6V0D1	SRR6467596	2169
ATP6V0D1	SRR6467597	1489.656526099844
ATP6V0D1	SRR6467598	1650.007149415962
ATP6V0D1	SRR6467599	1643.1885582076748
ATP6V0D1	SRR6467600	719.4533133149577
ATP6V0D1	SRR6467601	331.8404188319315
ATP6V0D1	SRR6467602	1581.9927769467424
ATP6V0D1	SRR6467603	2895
ATP6V0D1	SRR6467604	1256.3254136853309
ATP6V0D1	SRR6467605	710.5526082024342
ATP6V0D1	SRR6467606	1578
ATP6V0D1	SRR6467607	1121
ATP6V0D1	SRR6467608	1422.7290389511531
ATP6V0D1	SRR6467609	2676.4815754806637
ATP6V0D1	SRR6467610	1080.7516619592027
ATP6V0D1	SRR6467611	1631.506288657724
ATP6V0D1	SRR6467612	227.31206484853104
ATP6V0D1	SRR6467613	2115
ATP6V0D1	SRR6467614	328
ATP6V0D1	SRR6467615	940.895066390505
ATP6V0D1	SRR6467616	163.603145166716
ATP6V0D1	SRR6467617	1656.0395145366942
ATP6V0D1	SRR6467618	1584
ATP6V0D1	SRR6467619	1934.7550701313878
ATP6V0D1	SRR6467620	449.1773146230561
ATP6V0D1	SRR6467621	1658.4534189745264
ATP6V0D1	SRR6467622	1184.5848698567906
ATP6V0D1	SRR6467623	2143.3678737231153
ATP6V0D1	SRR6467624	3893.7005879470194
ATP6V0D1	SRR6467625	2881
ATP6V0D1	SRR6467626	5317
ATP6V0D1	SRR6467627	125.24653573818865
ATP6V0D1	SRR6467628	1644
ATP6V0D1	SRR6467629	4584.519547267676
ATP6V0D1	SRR6467630	1590.1441405516507
ATP6V0D1	SRR6467631	1974.775953781966
ATP6V0D1	SRR6467632	1949.9261396338616
ATP6V0D1	SRR6467633	1033
ATP6V0D1	SRR6467634	2834.361986680627
ATP6V0D1	SRR6467635	2726.619141747616
ATP6V0D1	SRR6467636	1041.4213101844402
ATP6V0D1	SRR6467637	973
ATP6V0D1	SRR6467638	2348
ATP6V0D1	SRR6467639	646.060805112114
ATP6V0D1	SRR6467640	1496.6745170548902
ATP6V0D1	SRR6467641	759.0005630123944
ATP6V0D1	SRR6467642	2105.819208174692
ATP6V0D1	SRR6467643	1.0125162691935943
ATP6V0D1	SRR6467644	2793
ATP6V0D1	SRR6467645	2987.420420880301
ATP6V0D1	SRR6467646	2455
ATP6V0D1	SRR6467647	1220.8510890879545
ATP6V0D1	SRR6467648	1730.9914318775307
ATP6V0D1	SRR6467649	857.5173867855507
ATP6V0D1	SRR6467650	95.5200705614233
ATP6V0D1	SRR6467651	2848.3534698659378
ATP6V0D1	SRR6467652	1145.2060552785351
ATP6V0D1	SRR6467653	981.6747244823391
ATP6V0D1	SRR6467654	1000.7358475230835
ATP6V0D1	SRR6467655	1742
ATP6V0D1	SRR6467656	1106.2119067606807
ATP6V0D1	SRR6467657	1476
ATP6V0D1	SRR6467658	2508
ATP6V0D1	SRR6467659	1704.262500727305
ATP6V0D1	SRR6467660	1699.558934514566
ATP6V0D1	SRR6467661	2271.406531512253
ATP6V0D1	SRR6467662	2090.4289122047985
ATP6V0D1	SRR6467663	1309.6677289919264
ATP6V0D1	SRR6467664	1345.2488286978878
ATP6V0D1	SRR6467665	3020
ATP6V0D1	SRR6467666	1399
ATP6V0D1	SRR6467667	997.6011778910241
ATP6V0D1	SRR6467668	1542.2664102047868
ATP6V0D1	SRR6467669	1626
ATP6V0D1	SRR6467670	3635
ATP6V0D1	SRR6467671	1416.4149243433844
ATP6V0D1	SRR6467672	558.9092050305699
ATP6V0D1	SRR6467673	432.1073660742368
ATP6V0D1	SRR6467674	771.8427050201997
ATP6V0D1	SRR6467675	1534.1641035838788
ATP6V0D1	SRR6467676	1213.6389305683992
ATP6V0D1	SRR6467677	2259
ATP6V0D1	SRR6467678	1011
ATP6V0D1	SRR6467679	2008
ATP6V0D1	SRR6467680	525.5792857461972
ATP6V0D1	SRR6467681	1841
ATP6V0D1	SRR6467682	226.3525130396319
ATP6V0D1	SRR6467683	1879.8191901468906
ATP6V0D1	SRR6467684	2672.961288546016
ATP6V0D1	SRR6467685	101.41034233036247
ATP6V0D1	SRR6467686	986.449148053382
ATP6V0D1	SRR6467687	2262.702657970259
ATP6V0D1	SRR6467688	1661.6460350059515
ATP6V0D1	SRR6467689	1590.6726343038401
ATP6V0D1	SRR6467690	810.4200394630391
ATP6V0D1	SRR6467691	1578.7345722342227
ATP6V0D1	SRR6467692	783.8458369694453
ATP6V0D1	SRR6467693	2020.280861681516
ATP6V0D1	SRR6467694	2261.0456909947648
ATP6V0D1	SRR6467695	199.90946673160363
ATP6V0D1	SRR6467696	1879.6283842539085
ATP6V0D1	SRR6467697	1707
ATP6V0D1	SRR6467698	298.3947312719634
ATP6V0D1	SRR6467699	4392
ATP6V0D1	SRR6467700	1816.980963185731
ATP6V0D1	SRR6467701	2111
ATP6V0D1	SRR6467702	220.11146152573258
ATP6V0D1	SRR6467703	903.0559155400522
ATP6V0D1	SRR6467704	1335.7407465675697
ATP6V0D1	SRR6467705	1692.987247421043
ATP6V0D1	SRR6467706	14.258277229985834
ATP6V0D1	SRR6467707	1952
ATP6V0D1	SRR6467708	1252.1578149377654
ATP6V0D1	SRR6467709	2096
ATP6V0D1	SRR6467710	1405.2637805929448
ATP6V0D1	SRR6467711	2367.228765508458
ATP6V0D1	SRR6467712	167.8749470955518
ATP6V0D1	SRR6467713	2147.252576557325
ATP6V0D1	SRR6467714	490.921461969987
ATP6V0D1	SRR6467715	3388
ATP6V0D1	SRR6467716	1825
ATP6V0D1	SRR6467717	755.1641451317889
ATP6V0D1	SRR6467718	1.0154230574273704
ATP6V0D1	SRR6467719	1158.2200879093239
ATP6V0D1	SRR6467720	1458
ATP6V0D1	SRR6467721	1861.0114740119836
ATP6V0D1	SRR6467722	2831
ATP6V0D1	SRR6467723	1964
ATP6V0D1	SRR6467724	5363
ATP6V0D1	SRR6467725	963
ATP6V0D1	SRR6467726	926.9679310535768
ATP6V0D1	SRR6467727	954.2296030555766
ATP6V0D1	SRR6467728	1865
ATP6V0D1	SRR6467729	657.529747647728
ATP6V0D1	SRR6467730	722.5464580708341
ATP6V0D1	SRR6467731	354.4732628985718
ATP6V0D1	SRR6467732	2381.346527400775
ATP6V0D1	SRR6467733	1482.5548528863142
ATP6V0D1	SRR6467734	3832.1714865500057
ATP6V0D1	SRR6467735	944.7753847872343
ATP6V0D1	SRR6467736	1278.8940706065848
ATP6V0D1	SRR6467737	1471.107052354324
ATP6V0D1	SRR6467738	452.1626993299698
ATP6V0D1	SRR6467739	2675
ATP6V0D1	SRR6467740	2139.4897893399425
ATP6V0D1	SRR6467741	297.59756124227096
ATP6V0D1	SRR6467742	1110
ATP6V0D1	SRR6467743	2218
ATP6V0D1	SRR6467744	2052
ATP6V0D1	SRR6467745	1088.506201392246
ATP6V0D1	SRR6467746	1273.078881233322
ATP6V0D1	SRR6467747	2504.199738724847
ATP6V0D1	SRR6467748	3397.7355997033396
ATP6V0D1	SRR6467749	1289
ATP6V0D1	SRR6467750	1391.2932648623837
ATP6V0D1	SRR6467751	1.015116940806616
ATP6V0D1	SRR6467752	911.4670086693709
ATP6V0D1	SRR6467753	3307.593566023686
ATP6V0D1	SRR6467754	1924.2323243723642
ATP6V0D1	SRR6467755	2107.7117897177554
ATP6V0D1	SRR6467756	1567.973797209223
ATP6V0D1	SRR6467757	1342
ATP6V0D1	SRR6467758	1569
ATP6V0D1	SRR6467759	1310.4047930425968
ATP6V0D1	SRR6467760	4059.1470701008134
ATP6V0D1	SRR6467761	1422.2392797095508
ATP6V0D1	SRR6467762	843.2096737592499
ATP6V0D1	SRR6467763	2341.316074053803
ATP6V0D1	SRR6467764	3266.5164736718384
ATP6V0D1	SRR6467765	532.6705364720988
ATP6V0D1	SRR6467766	269.9542133124688
ATP6V0D1	SRR6467767	1227.3098303509983
ATP6V0D1	SRR6467768	273.37246741928686
ATP6V0D1	SRR6467769	464.2012490602889
ATP6V0D1	SRR6467770	916
ATP6V0D1	SRR6467771	1913.2348017797528
ATP6V0D1	SRR6467772	719.1139945500105
ATP6V0D1	SRR6467773	1348.3089430449945
ATP6V0D1	SRR6868540	2159.229335537769
ATP6V0D1	SRR6868541	212.68493836380134
ATP6V0D1	SRR6868542	798.3440105608543
ATP6V0D1	SRR6868543	662.8513695127798
ATP6V0D1	SRR6868544	3603.0247062118515
ATP6V0D1	SRR6868545	1634.4086323122806
ATP6V0D1	SRR6868546	1097.9411717646135
ATP6V0D1	SRR6868557	1.0591086838663382
ATP6V0D1	SRR6868558	1768.761051957254
ATP6V0D1	SRR6868559	1305.1155821277753
ATP6V0D1	SRR6868560	3639.946363267016
ATP6V0D1	SRR6868569	808.011651917062
ATP6V0D1	SRR6868570	940.7244680038337
ATP6V0D1	SRR6868571	1.0443666123323176
ATP6V0D1	SRR6868572	935.8700362971922
ATP6V0D1	SRR6868573	744.3126288020912
ATP6V0D1	SRR6868574	2355.4427486800646
ATP6V0D1	SRR6868575	87.19346277917786
ATP6V0D1	SRR6868576	707.066153006321
ATP6V0D1	SRR6868577	1761.951723554269
ATP6V0D1	SRR6868578	1915.270837123006
ATP6V0D1	SRR6868579	1724.2397841509523
ATP6V0D1	SRR6868580	2266.10762634717
ATP6V0D1	SRR6868581	518.0045929504305
ATP6V0D1	SRR6868582	2040.843503390495
ATP6V0D1	SRR6868585	1062.9516582003932
ATP6V0D1	SRR6868586	1183.46582932297
ATP6V0D1	SRR6868587	711.2276006690026
ATP6V0D1	SRR6868588	2770.7665775133055
ATP6V0D1	SRR6868589	3296.9280238416527
ATP6V0D1	SRR6868590	2060.9717112350622
ATP6V0D1	SRR6868591	2094.932885148505
ATP6V0D1	SRR6868604	844.4680448129913
ATP6V0D1	SRR6868605	1268.0982641912524
ATP6V0D1	SRR6868606	330.9088530686594
ATP6V0D1	SRR6868607	2404.6416022287312
ATP6V0D1	SRR6868608	2154.866304408784
ATP6V0D1	SRR6868609	715.0640372623438
ATP6V0D1	SRR6868610	931.9174786003678
ATP6V0D1	SRR6868620	2865.970863280374
ATP6V0D1	SRR6868621	2437.053811482254
ATP6V0D1	SRR6868622	1877.9746348336685
ATP6V0D1	SRR6868623	669.7745208045577
ATP6V0D1	SRR6868636	1221.1524418700255
ATP6V0D1	SRR6868637	3383.265338348947
ATP6V0D1	SRR6868638	1413.315359438225
ATP6V0D1	SRR6868639	799.5032665756836
ATP6V0D1	SRR6868650	1324.4504059068565
ATP6V0D1	SRR6868651	1871.6618590890596
ATP6V0D1	SRR6868652	2016.5080355109476
ATP6V0D1	SRR6868653	1550.6108562062961
ATP6V0D1	SRR6868654	1918.4082041064223
ATP6V0D1	SRR6868655	915.8779370428498
ATP6V0D1	SRR6868665	5512.3764996015
ATP6V0D1	SRR6868666	3828.7972733816873
ATP6V0D1	SRR6868667	778.8502279846308
ATP6V0D1	SRR6868668	4026.7898630185823
ATP6V0D1	SRR6868669	1994.093692158729
ATP6V0D1	SRR6868670	1092.0372825381055
ATP6V0D1	SRR6868671	1782.3816099563298
ATP6V0D1	SRR6868683	2196.517727043631
ATP6V0D1	SRR6868684	2005.966294490724
ATP6V0D1	SRR6868685	3999.458358180633
ATP6V0D1	SRR6868686	2179.1718821659183
ATP6V0D1	SRR6868687	4588.488698986607
ATP6V0D1	SRR6868688	1332.7840995643191
ATP6V0D1	SRR6868689	2377.2216458919966
ATP6V0D1	SRR6868698	3004.766091761105
ATP6V0D1	SRR6868699	1963.7583782241975
ATP6V0D1	SRR6868700	675.6765573002941
ATP6V0D1	SRR6868701	4134.915315145032
ATP6V0D1	SRR6868702	2557.4886481101676
ATP6V0D1	SRR6868713	1155.9587555867754
ATP6V0D1	SRR6868714	1243.4841180658698
ATP6V0D1	SRR6868715	2046.8466659940336
ATP6V0D1	SRR6868716	2863.0472087568387
ATP6V0D1	SRR6868717	2856.9909698534752
ATP6V0D1	SRR6868718	3376.1204947309425
ATP6V0D1	SRR6868719	2728.415099681724
ATP6V0D1	SRR6868720	5576.078155019495
ATP6V0D1	SRR6868721	2294.506049582233
ATP6V0D1	SRR6868722	703.6006225899858
ATP6V0D1	SRR6868723	1061.2852401083321
ATP6V0D1	SRR6868724	482.6314689585529
ATP6V0D1	SRR6868725	3144.0813494134245
ATP6V0D1	SRR6868726	3362.0924752251744
ATP6V0D1	SRR6868741	1774.258110053126
ATP6V0D1	SRR7632756	1256.3184699262608
ATP6V0D1	SRR7632757	1037.0381344041325
ATP6V0D1	SRR7632758	793.368037239184
ATP6V0D1	SRR7632759	1382.0672070457344
ATP6V0D1	SRR7632760	2463.0308625090865
ATP6V0D1	SRR7632761	1558.0172212582424
ATP6V0D1	SRR7632762	1338.144584215764
ATP6V0D1	SRR7632763	1066.217211361321
ATP6V0D1	SRR7632764	1492.2899364492632
ATP6V0D1	SRR7632765	2384.2492280661327
ATP6V0D1	SRR7632766	1889.171229279076
ATP6V0D1	SRR7632767	1630.860332803385
ATP6V0D1	SRR7632768	2134.0831970514146
ATP6V0D1	SRR7632769	2164.5988331605536
ATP6V0D1	SRR7632770	2136.532398710773
ATP6V0D1	SRR7632771	2177.247449953339
ATP6V0D1	SRR7632772	618.7235874522512
ATP6V0D1	SRR7632773	2794.0433783643734
ATP6V0D1	SRR7632774	1604.1132880396901
ATP6V0D1	SRR7632775	869.1571752305158
ATP6V0D1	SRR7632776	1583.926170158758
ATP6V0D1	SRR7632777	930.9509402696004
ATP6V0D1	SRR7632778	1828.5834161091773
ATP6V0D1	SRR7632779	2865.207096548443
ATP6V0D1	SRR7632780	1883.9655935761084
ATP6V0D1	SRR7632781	1891.674794176469
ATP6V0D1	SRR7632782	3972.651838403291
ATP6V0D1	SRR7632783	1594.6452865409765
ATP6V0D1	SRR7632784	962.3184443940105
ATP6V0D1	SRR7632785	706.0458342804917
ATP6V0D1	SRR7632786	768.7209335841268
ATP6V0D1	SRR7632787	2909.282380522448
ATP6V0D1	SRR7632788	2926.6201191171867
ATP6V0D1	SRR7632789	1538.5090267627138
ATP6V0D1	SRR7632790	809.8917535989386
ATP6V0D1	SRR7632791	695.8894394679054
ATP6V0D1	SRR7632792	1256.1735137818052
ATP6V0D1	SRR7632793	1942.2982026103768
ATP6V0D1	SRR7632794	2313.97213399196
ATP6V0D1	SRR7632795	4679.052817468507
ATP6V0D1	SRR7632796	856.5059254764734
ATP6V0D1	SRR7632797	1.150699232136202
ATP6V0D1	SRR7632798	1385.8966043011521
ATP6V0D1	SRR7632799	1972.937176579751
ATP6V0D1	SRR7632800	1138.8910475396613
ATP6V0D1	SRR7632801	1345.0415928058692
ATP6V0D1	SRR7632802	1953.1038132869526
ATP6V0D1	SRR7632803	258.05605584242363
ATP6V0D1	SRR7632804	484.8827482447414
ATP6V0D1	SRR7632805	2367.3028211186024
ATP6V0D1	SRR7632806	2746.6160261619743
ATP6V0D1	SRR7632807	2361.350693732543
ATP6V0D1	SRR7632808	2965.175083708431
ATP6V0D1	SRR7632809	659.7137531438345
ATP6V0D1	SRR7632810	1340.5776433940982
ATP6V0D1	SRR7632811	2202.8785211586273
ATP6V0D1	SRR7632812	1938.8202141897839
ATP6V0D1	SRR7632813	2161.3141779463244
ATP6V0D1	SRR7632814	5810.487598035056
ATP6V0D1	SRR7632815	3449.8583960532133
ATP6V0D1	SRR7632816	479.63174071543926
ATP6V0D1	SRR7632817	941.6740657871202
ATP6V0D1	SRR7632818	2381.85617759745
ATP6V0D1	SRR7632819	1720.1999666694653
ATP6V0D1	SRR7632820	1841.5853397524033
ATP6V0D1	SRR7632821	4144.141504318028
ATP6V0D1	SRR7632822	1898.4986941119719
ATP6V0D1	SRR7632823	4389.095389503118
ATP6V0D1	SRR7632824	2655.0789978473786
ATP6V0D1	SRR7632825	2879.0628253719915
ATP6V0D1	SRR7632826	5668.655643211002
ATP6V0D1	SRR7632827	1225.956592477375
ATP6V0D1	SRR7632828	1104.1271345093428
ATP6V0D1	SRR7632829	2273.415007107771
ATP6V0D1	SRR7632830	554.7105387916954
ATP6V0D1	SRR7632831	1441.2339708557122
ATP6V0D1	SRR7632832	1566.5726198738616
ATP6V0D1	SRR7632833	2141.256964753683
ATP6V0D1	SRR7632834	1415.2939780902368
ATP6V0D1	SRR7632835	911.335179603645
ATP6V0D1	SRR7632836	1395.5249432397118
ATP6V0D1	SRR7632837	4046.8461738856736
ATP6V0D1	SRR7632838	1277.4104662879054
ATP6V0D1	SRR7632839	1011.4938025774426
ATP6V0D1	SRR7632840	1477.0416147201804
ATP6V0D1	SRR7632841	1.1191732546509214
ATP6V0D1	SRR7632842	1567.9574387167359
ATP6V0D1	SRR7632843	5225.973696901628
ATP6V0D1	SRR7632844	1578.3286481598216
ATP6V0D1	SRR7632845	2382.871214924665
ATP6V0D1	SRR7632846	1046.5249878105487
ATP6V0D1	SRR7632847	895.6331587038013
ATP6V0D1	SRR7632848	939.5291291022718
ATP6V0D1	SRR7632849	1227.8036561364695
ATP6V0D1	SRR7632850	1452.5127989700597
ATP6V0D1	SRR7632851	2524.376361452812
ATP6V0D1	SRR7632852	1285.6183624627345
ATP6V0D1	SRR7632853	2536.7923920964377
ATP6V0D1	SRR7632854	1919.5957146534463
ATP6V0D1	SRR7632855	2673
ATP6V0D1	SRR7632856	2845.295958896049
ATP6V0D1	SRR7632857	903.04935411372
ATP6V0D1	SRR7632858	2293.1865183951377
ATP6V0D1	SRR7632859	2073.1667679958064
ATP6V0D1	SRR7632860	1878.904528767029
ATP6V0D1	SRR7632861	1343.3166719265312
ATP6V0D1	SRR7632862	572.5132175486099
ATP6V0D1	SRR7632863	1.1276773456759084
ATP6V0D1	SRR7632864	1.121531795981538
ATP6V0D1	SRR7632865	3069.4154226586666
ATP6V0D1	SRR7632866	1664.4002869073552
ATP6V0D1	SRR7632867	2386.3850370590135
ATP6V0D1	SRR7632868	585.6489564960282
ATP6V0D1	SRR7632869	3409.340066258317
ATP6V0D1	SRR7632870	1407.3882675362133
ATP6V0D1	SRR7632871	1456.6830059529473
ATP6V0D1	SRR7632872	1293.4510345987376
ATP6V0D1	SRR7632873	1538.4007113706057
ATP6V0D1	SRR7632874	2136.6654603231736
ATP6V0D1	SRR7632875	1202.9833818435284
ATP6V0D1	SRR7632876	1817.352849993225
ATP6V0D1	SRR7632877	2208.247401733112
ATP6V0D1	SRR7632878	683.7966938219344
ATP6V0D1	SRR7632879	2550.769932586726
ATP6V0D1	SRR7632880	3345.7274619718896
ATP6V0D1	SRR7632881	640.7462066322128
ATP6V0D1	SRR7632882	1272.8098136783824
ATP6V0D1	SRR7632883	1451.0513765502235
ATP6V0D1	SRR7632884	410.4324174698337
ATP6V0D1	SRR7632885	1429.1348701855225
ATP6V0D1	SRR7632886	2573.6085935787687
ATP6V0D1	SRR7632887	2166.7318585734088
ATP6V0D1	SRR7632888	1442.9895372163596
ATP6V0D1	SRR7632889	1787.1428111610735
ATP6V0D1	SRR7632890	1.1021455850880635
ATP6V0D1	SRR7632891	1771.9046503766174
ATP6V0D1	SRR7632892	2939.0323257498535
ATP6V0D1	SRR7632893	1967.4516220581313
ATP6V0D1	SRR7632894	173.85247921850487
ATP6V0D1	SRR7632895	1191.7015668514416
ATP6V0D1	SRR7632896	839.7129593589306
ATP6V0D1	SRR7632897	2988.1701495388556
ATP6V0D1	SRR7632898	1673.2463970120161
ATP6V0D1	SRR7632899	1872.9086483091235
ATP6V0D1	SRR7632900	1015.754330998056
ATP6V0D1	SRR7632901	1808.4365568234937
ATP6V0D1	SRR7632902	797.50056011533
ATP6V0D1	SRR7632903	1161.121993262818
ATP6V0D1	SRR7632904	603.1623802611667
ATP6V0D1	SRR7632905	1072.4084268480835
ATP6V0D1	SRR7632906	2595.0653373792725
ATP6V0D1	SRR7632907	2107.9157394658055
ATP6V0D1	SRR7632908	1221.9136482670465
ATP6V0D1	SRR7632909	7156.644510791242
ATP6V0D1	SRR7632910	1235.3916522065556
ATP6V0D1	SRR7632911	1120.358013191935
ATP6V0D1	SRR7632912	1259.4159419843309
ATP6V0D1	SRR7632913	768.7344532196158
ATP6V0D1	SRR7632914	210.38404967468205
ATP6V0D1	SRR7632915	617.5749744661258
ATP6V0D1	SRR7632916	1198.4574888599643
ATP6V0D1	SRR7632917	450.49042475266384
ATP6V0D1	SRR7632918	1046.4253173923778
ATP6V0D1	SRR7632919	2064.842115402592
ATP6V0D1	SRR7632920	1243.268478085205
ATP6V0D1	SRR7632921	1706.5423258332357
ATP6V0D1	SRR7632922	3647.470604309469
ATP6V0D1	SRR7632923	1965.321330456614
ATP6V0D1	SRR7632924	1214.8738334169236
ATP6V0D1	SRR7632925	4559.70598170852
ATP6V0D1	SRR7632926	2227.4723969292204
ATP6V0D1	SRR7632927	762.4044153670936
ATP6V0D1	SRR7632928	1294.2911329974895
ATP6V0D1	SRR7632929	202.97261461314636
ATP6V0D1	SRR7632930	3383.042434760793
ATP6V0D1	SRR7632931	4077.93415528507
ATP6V0D1	SRR7632932	579.5510877481255
ATP6V0D1	SRR7632933	1404.2613375479625
ATP6V0D1	SRR7632934	1272.5982786975442
ATP6V0D1	SRR7632935	1237.3881493971194
ATP6V0D1	SRR7632936	1345.8440839535465
ATP6V0D1	SRR7632937	845.0350410450982
ATP6V0D1	SRR7632938	426.10533666810767
ATP6V0D1	SRR7632939	559.3283678072042
ATP6V0D1	SRR7632940	1508.7837689957275
ATP6V0D1	SRR7632941	2761.3142271126303
ATP6V0D1	SRR7632942	1.0358766269652808
ATP6V0D1	SRR7632943	4396
ATP6V0D1	SRR7632944	1273.0339329585138
ATP6V0D1	SRR7632945	7011
ATP6V0D1	SRR8928966	2072.171964448152
ATP6V0D1	SRR8928967	1782.8504871241032
ATP6V0D1	SRR8928968	2609.511732463638
ATP6V0D1	SRR8928969	1417.6729323458937
ATP6V0D1	SRR8928970	1756.703835767365
ATP6V0D1	SRR8928971	1493.395722519697
ATP6V0D1	SRR8928972	4939.084715983788
ATP6V0D1	SRR8928973	1874.113977875969
ATP6V0D1	SRR8928974	382.99248363838205
ATP6V0D1	SRR8928975	588.8581885299017
ATP6V0D1	SRR8928976	1275.1896201616494
ATP6V0D1	SRR8928977	1479.2443154260015
ATP6V0D1	SRR8928978	1669.5115352478028
ATP6V0D1	SRR8928979	2460.6595149705713
ATP6V0D1	SRR8928980	2221.3487988192687
ATP6V0D1	SRR8928981	1306.131489580777
ATP6V0D1	SRR8928982	2460.7994978055845
ATP6V0D1	SRR8928983	1530.9131679845393
ATP6V0D1	SRR8928984	1503.3315088405996
ATP6V0D1	SRR8928985	1489.6072409032847
ATP6V0D1	SRR8928986	2002.890872924239
ATP6V0D1	SRR8928987	1934
ATP6V0D1	SRR8928988	6079
ATP6V0D1	SRR8928989	1463.9581670685038
ATP6V0D1	SRR8928990	2228.3007093331257
ATP6V0D1	SRR8928991	2511.786952684659
ATP6V0D1	SRR9835604	2914.9794985118597
ATP6V0D1	SRR9835605	2086.471770466454
ATP6V0D1	SRR9835606	1027.1801035108547
ATP6V0D1	SRR9835607	2918.950825404531
ATP6V0D1	SRR9835608	1502.54560541529
ATP6V0D1	SRR9835609	1375
ATP6V0D1	SRR9835610	811.7213953942226
ATP6V0D1	SRR9835611	1110.197998977158
ATP6V0D1	SRR9835612	1703.51694842284
ATP6V0D1	SRR9835613	1937.3775787553184
ATP6V0D1	SRR9835614	1059.3676975830685
ATP6V0D1	SRR9835615	1271.8857307952533
ATP6V0D1	SRR9835616	1601.7523063418264
ATP6V0D1	SRR9835617	1887.412310328291
ATP6V0D1	SRR9835618	3133.595696093283
ATP6V0D1	SRR9835619	2127
ATP6V0D1	SRR9835620	752.5124542927701
ATP6V0D1	SRR9835621	1998.9411676065827
ATP6V0D1	SRR9835622	2888.8751487681584
ATP6V0D1	SRR9835623	1907.3431855163026
ATP6V0D1	SRR9835624	332.1223484689949
ATP6V0D1	SRR9835625	2188.715343874214
ATP6V0D1	SRR9835626	2490.576110108409
ATP6V0D1	SRR9835627	1358.7698060305884
ATP6V0D1	SRR9835628	1726.2460387120695
ATP6V0D1	SRR9835629	2531.6907179100604
ATP6V0D1	SRR9835630	1738.181035660398
ATP6V0D1	SRR9835631	1114.8921216855597
ATP6V0D1	SRR9835632	1304.9622722685526
ATP6V0D1	SRR9835633	842.174014834532
ATP6V0D1	SRR9835634	1884.6096160584107
ATP6V0D1	SRR9835635	2824.332621168214
ATP6V0D1	SRR9835636	1552.0691151002702
ATP6V0D1	SRR9835637	2396.5690936567353
ATP6V0D1	SRR9835638	1774.7984571561803
ATP6V0D1	SRR9835639	1412.389768764244
ATP6V0D1	SRR9835640	6482.588258369714
ATP6V0D1	SRR9835641	1292.8942242881512
ATP6V0D1	SRR9835642	436.493062632485
ATP6V0D1	SRR9835643	4180.896480247736
ATP6V0D1	SRR9835644	1146.688973063144
ATP6V0D1	SRR9835645	891.2357712552615
ATP6V0D1	SRR9835646	2376.6397626279263
ATP6V0D1	SRR9835647	2661.3808128456735
ATP6V0D1	SRR9835648	698.1845157885972
ATP6V0D1	SRR9835649	1407.8085387402455
ATP6V0D1	SRR9835650	2324.7869210258978
ATP6V0D1	SRR9835651	1480.0649363599064
ATP6V0D1	SRR9835652	940.3713020068842
ATP6V0D1	SRR9835653	2265.244189310061
ATP6V0D1	SRR9835654	1257.507355749831
ATP6V0D1	SRR9835655	1788.0711809585
ATP6V0D1	SRR9835656	1493.9410900641053
ATP6V0D1	SRR9835657	584.539682174424
ATP6V0D1	SRR9835658	2024.0642212437283
ATP6V0D1	SRR9835659	1590.2927506714475
ATP6V0D1	SRR9835660	2156.920725383864
ATP6V0D1	SRR9835661	3409.6220611474555
ATP6V0D1	SRR9835662	1893.2957939116607
ATP6V0D1	SRR9835663	1011.7392049996585
ATP6V0D1	SRR9835664	2902.000951899765
ATP6V0D1	SRR9835665	1694.874067522833
ATP6V0D1	SRR9835666	2357
ATP6V0D1	SRR9835667	1248.1722265284068
ATP6V0D1	SRR9835668	928
ATP6V0D1	SRR9835669	4106.719470499298
ATP6V0D1	SRR9835670	1250.7594387531055
ATP6V0D1	SRR9835671	900.8385502171355
ATP6V0D1	SRR9835672	1814.1262422818345
ATP6V0D1	SRR9835673	1334.427899488637
ATP6V0D1	SRR9835674	8246.835126908349
ATP6V0D1	SRR9835675	1723.1257693628127
ATP6V0D1	SRR9835676	163.32154479708143
ATP6V0D1	SRR9835677	2166.67896629559
ATP6V0D1	SRR9835678	2075.1606027717403
ATP6V0D1	SRR9835679	3688.0865899208193
ATP6V0D1	SRR9835680	3586.592265599636
ATP6V0D1	SRR9835681	1848.5375151680103
ATP6V0D1	SRR9835682	2169.1738035360536
ATP6V0D1	SRR9835683	3176.665502245281
ATP6V0D1	SRR9835684	2694.6397478375097
ATP6V0D1	SRR9835685	1512.5352924764322
ATP6V0D1	SRR9835686	1822.8126939172203
ATP6V0D1	SRR9835687	1809.3415479255204
ATP6V0D1	SRR9835688	4987
ATP6V0D1	SRR9835689	2287.4683872424994
ATP6V0D1	SRR9835690	1906.8077504560279
ATP6V0D1	SRR9835691	1786.6004298880002
ATP6V0D1	SRR9835692	807.1749615276295
ATP6V0D1	SRR9835693	1882.469524016593
ATP6V0D1	SRR9835694	257.59055322393147
ATP6V0D1	SRR9835695	1755.8921051321959
ATP6V0D1	SRR9835696	3972.9394456643836
ATP6V0D1	SRR9835697	827.1293939259388
ATP6V0D1	SRR9835698	2391.22352288277
ATP6V0D1	SRR9835699	1520.3933359363311
ATP6V0D1	SRR9835700	1701.7225487244295
ATP6V0D1	SRR9835701	1827.0862347700854
ATP6V0D1	SRR9835702	3713
ATP6V0D1	SRR9835703	1506.6005359705518
ATP6V0D1	SRR9835704	1557.057698083037
ATP6V0D1	SRR9835705	2940.56899346529
ATP6V0D1	SRR9835706	1.0786425861503106
ATP6V0D1	SRR9835707	1423.5361177146247
ATP6V0D1	SRR9835708	1932.9416009050553
ATP6V0D1	SRR9835709	1192.429065489655
ATP6V0D1	SRR9835710	2155.287779395988
ATP6V0D1	SRR9835711	1665.5993238592914
ATP6V0D1	SRR9835712	1977.9435601661705
ATP6V0D1	SRR9835713	1541.9341397435903
ATP6V0D1	SRR9835714	2183.3703078742274
ATP6V0D1	SRR9835715	2467.2163478843336
ATP6V0D1	SRR9835716	2411.0710357597586
ATP6V0D1	SRR9835717	2935.01754451776
ATP6V0D1	SRR9835718	2198.360532142239
ATP6V0D1	SRR9835719	2024.1423859420295
ATP6V0D1	SRR9835720	2842.576627759781
ATP6V0D1	SRR9835721	831.0785708694627
ATP6V0D1	SRR9835722	828.4481317537228
ATP6V0D1	SRR9835723	1816
ATP6V0D1	SRR9835724	1326.0952516029595
ATP6V0D1	SRR9835725	917.4642710173956
ATP6V0D1	SRR9835726	3487.5093328020785
ATP6V0D1	SRR9835727	4006.938238197647
ATP6V0D1	SRR9835728	1202.9231094827157
ATP6V0D1	SRR9835729	1738.5987742734644
ATP6V0D1	SRR9835730	1382.2746774681036
ATP6V0D1	SRR9835731	305.8441556339265
ATP6V0D1	SRR9835732	3114.580578970713
ATP6V0D1	SRR9835733	2460.937897973869
ATP6V0D1	SRR9835734	2097.340995534679
ATP6V0D1	SRR9835735	1931.472458113882
ATP6V0D1	SRR9835736	985.6629287703524
ATP6V0D1	SRR9835737	1062.2120372473262
ATP6V0D1	SRR9835738	1468.6157587349303
ATP6V0D1	SRR9835739	641.9152215860695
ATP6V0D1	SRR9835740	1909.4769322740653
ATP6V0D1	SRR9835741	3341.5396520666695
ATP6V0D1	SRR9835742	1066.5644530652057
ATP6V0D1	SRR9835743	355.7689190814571
ATP6V0D1	SRR9835744	3387.5862248992953
ATP6V0D1	SRR9835745	4712.925698944325
ATP6V0D1	SRR9835746	2496.661603745499
ATP6V0D1	SRR9835747	1501.8374228702055
ATP6V0D1	SRR9835748	552.3091283240328
ATP6V0D1	SRR9835749	2135
ATP6V0D1	SRR9835750	3484.6784736656155
ATP6V0D1	SRR9835751	2075.5708777985105
ATP6V0D1	SRR9835752	132.13772305631693
ATP6V0D1	SRR9835753	1916.8966581933141
ATP6V0D1	SRR9835754	2888.940350461887
ATP6V0D1	SRR9835755	1420.183719531651
ATP6V0D1	SRR9835756	567.1522321176506
ATP6V0D1	SRR9835757	2258.993991887679
ATP6V0D1	SRR9835758	1577.991126377727
ATP6V0D1	SRR9835759	2108.6360119306223
ATP6V0D1	SRR9835760	2876
ATP6V0D1	SRR9835761	2853.5134285673894
ATP6V0D1	SRR9835762	3426.1721495268744
ATP6V0D1	SRR9835763	2428.017453310935
ATP6V0D1	SRR9835764	1273.2933366438613
ATP6V0D1	SRR9835765	386.38866430744343
ATP6V0D1	SRR9835766	1281.2062071905166
ATP6V0D1	SRR9835767	661.5848189057986
ATP6V0D1	SRR9835768	1992
ATP6V0D1	SRR9835769	3752
ATP6V0D1	SRR9835770	2333.5248227812885
ATP6V0D1	SRR9835771	2446.1703992661105
ATP6V0D1	SRR9835772	1029.720212965453
ATP6V0D1	SRR9835773	4965
ATP6V0D1	SRR9835774	1657.2279856334485
ATP6V0D1	SRR9835775	2312.581992808002
ATP6V0D1	SRR9835776	1227.879264140321
ATP6V0D1	SRR9835777	2905.0929507040273
ATP6V0D1	SRR9835778	1446.9762674256826
ATP6V0D1	SRR9835779	2373.4945493191194
ATP6V0D1	SRR9835780	1206.8629454075433
ATP6V0D1	SRR9835781	125.07728330267044
ATP6V0D1	SRR9835782	1508.443866278137
ATP6V0D1	SRR9835783	3528
ATP6V0D1	SRR9835784	1742.0070922594027
ATP6V0D1	SRR9835785	301.68604468887554
ATP6V0D1	SRR9835786	577.5058249911457
ATP6V0D1	SRR9835787	1636.5832570557611
ATP6V0D1	SRR9835788	1370.2591726577407
ATP6V0D1	SRR9835789	8718
ATP6V0D1	SRR9835790	552.8908955410039
ATP6V0D1	SRR9835791	895.6539918693219
ATP6V0D1	SRR9835792	2974.4588284170704
ATP6V0D1	SRR9835793	1454.8769239029002
ATP6V0D1	SRR9835794	1788.3217701642102
ATP6V0D1	SRR9835795	685.8503095987384
ATP6V0D1	SRR9835796	1344.592513785623
ATP6V0D1	SRR9835797	2913
ATP6V0D1	SRR9835798	1150.776368691508
ATP6V0D1	SRR9835799	1524.990067847191
ATP6V0D1	SRR9835800	2201.5030009445136
ATP6V0D1	SRR9835801	1508.5090977824036
ATP6V0D1	SRR9835802	2419.5595803686033
ATP6V0D1	SRR9867812	1819
ATP6V0D1	SRR9867813	497.06103800491013
ATP6V0D1	SRR9867814	1156.9951707420387
ATP6V0D1	SRR9867815	1223
ATP6V0D1	SRR9867816	2218.1971356367353
ATP6V0D1	SRR9867817	924.8447442537336
ATP6V0D1	SRR9867818	1489.4247318262042
ATP6V0D1	SRR9867819	135.4884881786532
ATP6V0D1	SRR9867820	3194.4640177921456
ATP6V0D1	SRR9867821	1926
ATP6V0D1	SRR9867822	225.92871402850653
ATP6V0D1	SRR9867823	818.1472080505167
ATP6V0D1	SRR9867824	1280.8533350700093
ATP6V0D1	SRR9867825	527.4626716582037
ATP6V0D1	SRR9867826	884.1592339341893
ATP6V0D1	SRR9867827	761
ATP6V0D1	SRR9867828	757.161130952668
ATP6V0D1	SRR9867829	1191.0244697319542
ATP6V0D1	SRR9867830	4137.307509661066
ATP6V0D1	SRR9867831	1424.6431604158352
ATP6V0D1	SRR9879292	2789.7947520734706
ATP6V0D1	SRR9879293	810.1999121941452
ATP6V0D1	SRR9879294	517.3922794505227
ATP6V0D1	SRR9879295	665.1576443397018
ATP6V0D1	SRR9879296	811.0255316240691
ATP6V0D1	SRR9879297	767.1046289693172
ATP6V0D1	SRR9879298	891.1074666070326
ATP6V0D1	SRR9879299	1067.9670717150962
ATP6V0D1	SRR9879300	800.1581736074321
ATP6V0D1	SRR9879301	1697.0848421455635
ATP6V0D1	SRR9879302	1572.7073096585468
ATP6V0D1	SRR9879303	1602.8459387646906
ATP6V0D1	SRR9879304	938.8414949639467
ATP6V0D1	SRR9879305	1068.7555041245641
ATP6V0D1	SRR9879306	1940
ATP6V0D1	SRR9879307	2380.289606983031
ATP6V0D1	SRR9879308	957.4737417574278
ATP6V0D1	SRR9879309	1125.7704395328606
ATP6V0D1	T50_307	1033.4013920665075
ATP6V0D1	T50_313	713.0108618715218
ATP6V0D1	T50_317	947.6762603047388
ATP6V0D1	T50_324	729.7576429886368
ATP6V0D1	T50_427	1386.6663725247952
ATP6V0D1	T50_428	2298.882923291657
ATP6V0D1	T50_431	1409.6648956934803
ATP6V0D1	T50_436	1961.9514907159855
ATP6V0D1	T50_476	3338.649162145986
ATP6V0D1	UN_307	349.5918894193829
ATP6V0D1	UN_313	426.1030257151875
ATP6V0D1	UN_317	152.26188835896934
ATP6V0D1	UN_324	303.5898627980013
ATP6V0D1	UN_427	1973.7325673210644
ATP6V0D1	UN_428	1622.3224228425847
ATP6V0D1	UN_431	1403.8628080968401
ATP6V0D1	UN_436	1831.5999151598307
ATP6V0D1	UN_476	2854.9290487009625
