Gene	sample	counts
BCKDK	CM317	364.2440627529725
BCKDK	CMCD140	1353.4514585662869
BCKDK	CMCD147	569.2282723540864
BCKDK	CMCD152	685
BCKDK	CMCD154	1123.7993570645385
BCKDK	CMCD159	554.3070129287083
BCKDK	CMCD161	931.8462186096443
BCKDK	CMCD174	470.17169077064125
BCKDK	CMCD196	1592.0023487008646
BCKDK	CMCD198	953.9177089231201
BCKDK	CMCD203	522.6563103452875
BCKDK	CMCD211	552.2725193614784
BCKDK	CMCD227	552.2049652437386
BCKDK	CMCD240	515.5986904206843
BCKDK	CMCD259	583
BCKDK	CMCD270	707.6402850929829
BCKDK	CMCD275	1169.777564789234
BCKDK	CMCD282	1285.1268212997022
BCKDK	CMCD286	482.98939140343225
BCKDK	CMCD287	564
BCKDK	CMCD294	800.0925476887315
BCKDK	CMCD327	866.3805972887673
BCKDK	CMCD335	817.7889238944081
BCKDK	CMCD337	793.2289858732853
BCKDK	CMCD357	510.1838108893749
BCKDK	CMCD398	338.95648607944673
BCKDK	CMCD403	611.3290977545449
BCKDK	CMCD422	490.0204586923986
BCKDK	CMCD426	289.70896320488254
BCKDK	CMCD71	1032.4901219163273
BCKDK	CMCD72	271.1376144147642
BCKDK	CMCD76	705.5960835131848
BCKDK	CMCD88	808.1454084410973
BCKDK	CMSA256	736
BCKDK	CMSA316	519.1275032827715
BCKDK	CMUC110	642
BCKDK	CMUC192	995.9302304331329
BCKDK	CMUC199	872.6155200294006
BCKDK	CMUC200	777.8068840491362
BCKDK	CMUC208	1104.6926650037421
BCKDK	CMUC231	587
BCKDK	CMUC234	697
BCKDK	CMUC285	615.6421452510825
BCKDK	CMUC291	986.4293804324437
BCKDK	CMUC295	770.6930990431393
BCKDK	CMUC299	641.864915451271
BCKDK	CMUC301	690.3725861927593
BCKDK	CMUC307	640.7592050265537
BCKDK	CMUC313	385.0293924348565
BCKDK	CMUC314	409.68481416670795
BCKDK	CMUC323	383.71654558844864
BCKDK	CMUC324	593.5337762760801
BCKDK	CMUC331	383.4122779499048
BCKDK	CMUC333	414.18762912045514
BCKDK	CMUC334	537.8248024032252
BCKDK	CMUC346	1206.7925640703156
BCKDK	CMUC352	629.726511180443
BCKDK	CMUC360	472.59491205795223
BCKDK	CMUC363	420.47005942711365
BCKDK	CMUC365	487.16716432825365
BCKDK	CMUC366	547.7881137151019
BCKDK	CMUC368	610
BCKDK	CMUC377	696.816758816408
BCKDK	CMUC379	388.18836516105364
BCKDK	CMUC380	746.982584691484
BCKDK	CMUC383	836.37184338752
BCKDK	CMUC394	789.6960252544487
BCKDK	CMUC419	820.4010626435992
BCKDK	CMUC427	809
BCKDK	CMUC428	447.77804063444614
BCKDK	CMUC431	636.1631295878095
BCKDK	CMUC435	467.2726692039164
BCKDK	CMUC439	482.0262936449107
BCKDK	CMUC89	660
BCKDK	CS219	946.3104711748108
BCKDK	CS256	687.5552745597226
BCKDK	CS257	373.8631351562133
BCKDK	CS259	744.1362197293621
BCKDK	CS261	1099.449100860192
BCKDK	CS266	870.999057884987
BCKDK	CS270	700.7049182638584
BCKDK	CS277	385.89971869970094
BCKDK	CS288	795.0273661382463
BCKDK	CS290	811.387963855971
BCKDK	CS292	934.5407156613576
BCKDK	CS293	1027.1642601097446
BCKDK	CS301	970.1244006969077
BCKDK	CS306	790.1847004551224
BCKDK	CS308	331.2046586106644
BCKDK	CS315	577.9665699207284
BCKDK	CS317	250.16992693416765
BCKDK	CS322	385.0037602628769
BCKDK	CS327	432.01472955420166
BCKDK	CS328	363.36185902933113
BCKDK	CS330	299.4449675822812
BCKDK	CS331	840.1339337765643
BCKDK	CS335	165.99120037429822
BCKDK	CS338	410.7506946969308
BCKDK	CS339	252.6336622027398
BCKDK	CS343	449.5373707490985
BCKDK	CS344	336.54346885652984
BCKDK	CS350	498.6431400195702
BCKDK	CS351	817.6639243727133
BCKDK	CS361	288.5295288194286
BCKDK	CS388	409.1229275281376
BCKDK	CS396	325.40972934085204
BCKDK	CS405	308.2034393242076
BCKDK	CS415	366.82406636152774
BCKDK	CS424	428.59422774874724
BCKDK	IM293	839.4060196978547
BCKDK	IM296	662.0961659646227
BCKDK	IM297	287.8504956113947
BCKDK	IM300	932
BCKDK	IM305	886.6776343926922
BCKDK	IM309	446.2201002685644
BCKDK	IM310	464.1268210465474
BCKDK	IM311	862.5040265935767
BCKDK	IM316	634.1766611808741
BCKDK	IM320	555.1187393595582
BCKDK	IM330	413.1385352564419
BCKDK	IM332	378.7052716795293
BCKDK	IM340	637.4206834205747
BCKDK	IM348	334.2575829931889
BCKDK	IM354	431.0524774941437
BCKDK	IM356	501.96730422776966
BCKDK	IM364	487.0535264188421
BCKDK	IM372	522.7866664483207
BCKDK	IM374	583.4351844148244
BCKDK	IM376	533.4058351919567
BCKDK	IM381	585.1159962330565
BCKDK	IM382	769.9837752905725
BCKDK	IM385	634
BCKDK	IM390	697.5794840697788
BCKDK	IM397	531.8522783397893
BCKDK	IM404	575.6453491502272
BCKDK	IM409	642.6137834028073
BCKDK	IM412	570
BCKDK	IM421	584.961249453746
BCKDK	IM425	226.18072668055814
BCKDK	IM432	405.3375728951276
BCKDK	IM438	512
BCKDK	IM442	289.3669833589451
BCKDK	IM445	414.6278611148644
BCKDK	IM448	556.886293669397
BCKDK	IM449	407.3624082025242
BCKDK	IM451	550.8017225435007
BCKDK	IMSA256	542.1899658127015
BCKDK	IMSA276	593
BCKDK	IMSA286	728
BCKDK	IMSA343	707.667408960031
BCKDK	IS_238	651
BCKDK	IS238	1651.4173511438353
BCKDK	IS243	872
BCKDK	IS253	531
BCKDK	IS283	931
BCKDK	IS322	761.7761428449627
BCKDK	IS399	305.1028423439798
BCKDK	IS418	265.0708927500857
BCKDK	IS430	254.23990324094834
BCKDK	IS437	264.39377710509825
BCKDK	IS444	312.0411135383234
BCKDK	R276CMSA	850.4369970117715
BCKDK	R286CMSA	644
BCKDK	R292CMSA	866.5791247663874
BCKDK	R292IMSA	785.9170375981079
BCKDK	R308CMSA	326.55441374681885
BCKDK	R316IMSA	383.2394836807099
BCKDK	R347CMSA	450.9230215584984
BCKDK	R347IMSA	345.2143977109351
BCKDK	R371CMSA	648.5714083919927
BCKDK	SRR10104064	224.10920850476862
BCKDK	SRR10104065	677.9477883793953
BCKDK	SRR10104066	574.569081109132
BCKDK	SRR10104067	544.2664019238898
BCKDK	SRR10104068	828.8410840178877
BCKDK	SRR10104069	781.856469619481
BCKDK	SRR10104070	386.02143744532253
BCKDK	SRR10104071	186.85745182720973
BCKDK	SRR10104072	406.5572441463719
BCKDK	SRR10104073	403.23645910219716
BCKDK	SRR10104074	284.9138091375669
BCKDK	SRR10104075	305.0176684273706
BCKDK	SRR10104076	439.83623656237444
BCKDK	SRR10104077	280.69833330283285
BCKDK	SRR10104078	483.2222375786932
BCKDK	SRR10104079	357.35834051974626
BCKDK	SRR10104080	333.09089412465227
BCKDK	SRR10104081	503.85865998343724
BCKDK	SRR10104082	304.1126547569961
BCKDK	SRR10104083	304.0748679636257
BCKDK	SRR10104084	355.592962874201
BCKDK	SRR10104085	437.5090160068136
BCKDK	SRR10104086	410.93858802909995
BCKDK	SRR10104087	1327.2336105020604
BCKDK	SRR10104088	763.8989131421431
BCKDK	SRR10104089	289.36013127920245
BCKDK	SRR10104090	427.96857106544945
BCKDK	SRR10104091	341.8043172651635
BCKDK	SRR10104092	713.9773893140277
BCKDK	SRR10104093	464.3996424345852
BCKDK	SRR10104094	539.7597185736474
BCKDK	SRR10104095	461.6789831435673
BCKDK	SRR10104096	394.12718985498117
BCKDK	SRR10104097	309.36818997207655
BCKDK	SRR10104098	494.2856534312128
BCKDK	SRR10104099	355.09473902257275
BCKDK	SRR10104100	553.6364872957589
BCKDK	SRR10104101	788.3717082979734
BCKDK	SRR10104102	656.9100541579329
BCKDK	SRR10104103	322.98892010755856
BCKDK	SRR10104104	546.3377129471521
BCKDK	SRR10104105	309.11886400454216
BCKDK	SRR10104106	235.13482090879845
BCKDK	SRR10104107	933.8574364715683
BCKDK	SRR10104108	836.6983464569494
BCKDK	SRR10104109	332.1637604314459
BCKDK	SRR10104110	228.45248535573566
BCKDK	SRR10104111	539.0747350863799
BCKDK	SRR10104112	233.76436524807445
BCKDK	SRR10104113	513.77634666396
BCKDK	SRR10104114	243.94367265269108
BCKDK	SRR10104115	321.52638311809346
BCKDK	SRR10104116	453.2339578573809
BCKDK	SRR10104117	449.82145887918773
BCKDK	SRR10104118	254.9676857175794
BCKDK	SRR10104119	222.4961204097024
BCKDK	SRR10104120	481.6960871884629
BCKDK	SRR10104121	382.94824964312846
BCKDK	SRR10104122	334.47616525066894
BCKDK	SRR10104123	354.91177003331796
BCKDK	SRR10104124	290.26755874315865
BCKDK	SRR10104125	372.83499174191115
BCKDK	SRR10104126	362.76969647359454
BCKDK	SRR10104127	252.58354584063156
BCKDK	SRR10104128	537.0214365351399
BCKDK	SRR10104129	535.7263896451581
BCKDK	SRR10104130	324.8378385239761
BCKDK	SRR10104131	718.0436229824395
BCKDK	SRR10104132	778.5759869067937
BCKDK	SRR10104133	278.1406541538855
BCKDK	SRR10104134	429.5545851523192
BCKDK	SRR10104135	343.4514970599389
BCKDK	SRR10104136	470.9675385273285
BCKDK	SRR10104137	253.67254697558295
BCKDK	SRR10104138	248.66430500416354
BCKDK	SRR10104139	729.1881870917507
BCKDK	SRR10104140	243.31124218717886
BCKDK	SRR10104141	342.2238305219316
BCKDK	SRR10104142	273.3431403282058
BCKDK	SRR10104143	637.16874899375
BCKDK	SRR10104144	364.45601897583725
BCKDK	SRR10104145	320.82754670586297
BCKDK	SRR10104146	764.2835742906227
BCKDK	SRR10104147	1156.974436255704
BCKDK	SRR10104148	433.2787894124974
BCKDK	SRR10104149	316.11698698157255
BCKDK	SRR10104150	670.7087509547214
BCKDK	SRR10104151	932.081782001113
BCKDK	SRR10104152	1335.4655844641738
BCKDK	SRR10104153	309.6422596143358
BCKDK	SRR10104154	467.85859902971634
BCKDK	SRR10104155	305.6927603403498
BCKDK	SRR10104156	755.0521651728225
BCKDK	SRR10104157	344.04428679749435
BCKDK	SRR10104158	484.744883518406
BCKDK	SRR10104159	634.9004927904889
BCKDK	SRR10104160	274.41344084713455
BCKDK	SRR10104161	722.244627656103
BCKDK	SRR10104162	1355.0088565410767
BCKDK	SRR10104163	656.1729429966265
BCKDK	SRR10104164	665.8214107256107
BCKDK	SRR10104165	612.5810066324939
BCKDK	SRR10104166	565.1252205788578
BCKDK	SRR10104167	694.3331417436818
BCKDK	SRR10104168	1101.6511151183074
BCKDK	SRR10104169	518.4919281845935
BCKDK	SRR10104170	591.2556760497406
BCKDK	SRR10104171	630.7701063563467
BCKDK	SRR10104172	604.79840749126015
BCKDK	SRR10104173	519.5904508037222
BCKDK	SRR10104174	869.4517141914409
BCKDK	SRR10104175	629.8462673120016
BCKDK	SRR10104176	586.9099328005996
BCKDK	SRR10104177	513.690399771405
BCKDK	SRR10104178	579.4354230522438
BCKDK	SRR10104179	637.3413368720948
BCKDK	SRR10104180	725.5846303646103
BCKDK	SRR10104181	530.8382964510349
BCKDK	SRR10104182	800.1588802905343
BCKDK	SRR10104183	596.1117865742511
BCKDK	SRR10104184	853.7846526646817
BCKDK	SRR10104185	565.8389208524683
BCKDK	SRR10104186	609.4377036591544
BCKDK	SRR10104187	336.01875181814705
BCKDK	SRR10104188	428.9232759543547
BCKDK	SRR10104189	496.93188586036445
BCKDK	SRR10104190	357.4566030976331
BCKDK	SRR10104191	354.91297461111685
BCKDK	SRR10104192	798.2692076314218
BCKDK	SRR10104193	651.9811842239344
BCKDK	SRR10104194	527.697231872257
BCKDK	SRR10104195	653.2551044364809
BCKDK	SRR10104196	918.8925807874934
BCKDK	SRR10104197	769.7386280964347
BCKDK	SRR10104198	776.5653645249606
BCKDK	SRR10104199	559.5394048890703
BCKDK	SRR10104200	783.7536380528774
BCKDK	SRR10104201	1314.5665565452493
BCKDK	SRR10104202	466.9765557460903
BCKDK	SRR10104203	790.4981995985801
BCKDK	SRR10104204	683.7823679052136
BCKDK	SRR10104205	610.9846760312269
BCKDK	SRR10104206	580.2240698402651
BCKDK	SRR10104207	517.3937269185137
BCKDK	SRR10104208	621.7750564388659
BCKDK	SRR10104209	491.1181688253973
BCKDK	SRR10104210	519.3102964638159
BCKDK	SRR10104211	701.9277404803447
BCKDK	SRR10104212	1321.3243434832204
BCKDK	SRR10104213	552.7570247596589
BCKDK	SRR10104214	1206.1000681300193
BCKDK	SRR10104215	1242.167555479412
BCKDK	SRR10104216	1003.3656013834907
BCKDK	SRR10104217	996.2163188446804
BCKDK	SRR10104218	588.1907282771481
BCKDK	SRR10104219	660.3402373832087
BCKDK	SRR10104220	1456.40950546319
BCKDK	SRR10104221	504.47767118086546
BCKDK	SRR10104222	568.8998807741295
BCKDK	SRR10104223	429.4709448976416
BCKDK	SRR10104224	696.2364874720076
BCKDK	SRR10104225	688.9862255820642
BCKDK	SRR10104226	722.0281024704661
BCKDK	SRR10104227	465.4484206136435
BCKDK	SRR10104228	665.7526734681601
BCKDK	SRR10104229	1437.514536424381
BCKDK	SRR10104230	401.9253033514333
BCKDK	SRR10104231	640.2708797205014
BCKDK	SRR10104232	714.2867608193255
BCKDK	SRR10104233	923.9031256750301
BCKDK	SRR10104234	882.135333536568
BCKDK	SRR10104235	517.6273266284738
BCKDK	SRR10104236	2032.7460635130387
BCKDK	SRR10104237	1283.298655494376
BCKDK	SRR10104238	659.3068994852127
BCKDK	SRR10104239	809.679125225655
BCKDK	SRR10104240	913.6687865480186
BCKDK	SRR10104241	1000.5375770160092
BCKDK	SRR10104242	772.3519345657679
BCKDK	SRR10104243	456.8073344304837
BCKDK	SRR10104244	531.190402886087
BCKDK	SRR10104245	723.3419677905893
BCKDK	SRR10104246	339.48066354602986
BCKDK	SRR10104247	922.2623464524245
BCKDK	SRR10104248	482.26451091778557
BCKDK	SRR10104249	1063.1330226691125
BCKDK	SRR10104250	408.16679587738753
BCKDK	SRR10104251	715.8776475306853
BCKDK	SRR10104252	430.5885971599766
BCKDK	SRR10104253	755.2717237017006
BCKDK	SRR10104254	1171.0147336493844
BCKDK	SRR10104255	1040.2747167336443
BCKDK	SRR10104256	1620.25127172572
BCKDK	SRR10104257	1105.9932421872413
BCKDK	SRR10104258	910.1899304701777
BCKDK	SRR10224277	1777.3640264140483
BCKDK	SRR10224278	475.30862556675464
BCKDK	SRR10224279	462.93160836862586
BCKDK	SRR10224280	646.4043881912247
BCKDK	SRR10224281	456.23350665476653
BCKDK	SRR10224282	852.7426913064735
BCKDK	SRR10224283	540.9256346620208
BCKDK	SRR10224284	471.4103716376618
BCKDK	SRR10224285	479.3855970454157
BCKDK	SRR10224286	455.2875579910576
BCKDK	SRR10224287	657.4989690523743
BCKDK	SRR10224288	477.97403540805004
BCKDK	SRR10224289	488.79660916404737
BCKDK	SRR10224290	464.5043693016729
BCKDK	SRR10224291	456.8266280455125
BCKDK	SRR10224292	440.158312881767
BCKDK	SRR10224293	589.5142169235241
BCKDK	SRR10224294	456.00006603145096
BCKDK	SRR10224295	490.9074187237094
BCKDK	SRR10224296	461.968653861023
BCKDK	SRR10224297	480.30683007254555
BCKDK	SRR10224298	503.1793097871643
BCKDK	SRR10318388	104.76292591237376
BCKDK	SRR10318389	741.4711184775439
BCKDK	SRR10318390	271.2969926521903
BCKDK	SRR10318391	455.3332488733874
BCKDK	SRR10318392	234.20058045436926
BCKDK	SRR10318393	273.76668454425413
BCKDK	SRR10318394	487.3385861201553
BCKDK	SRR10318395	502.2084531536692
BCKDK	SRR10318396	290.2893958581301
BCKDK	SRR10318397	994.7554850872999
BCKDK	SRR10318398	1106.7775561036203
BCKDK	SRR10318399	1.0501074458020174
BCKDK	SRR10318400	643.3677592369725
BCKDK	SRR10318401	1053.7856477578473
BCKDK	SRR10318402	934.9183140057568
BCKDK	SRR10318403	694.3231393407333
BCKDK	SRR10318404	637.097896240335
BCKDK	SRR10318405	415.99737752578324
BCKDK	SRR10318406	830.7490253113197
BCKDK	SRR10318407	1105.744655570299
BCKDK	SRR10318408	1058.1678470284642
BCKDK	SRR10318409	814.5598510628278
BCKDK	SRR10318410	959.877050586931
BCKDK	SRR10318411	880.1892763009159
BCKDK	SRR10318412	786.7787653755619
BCKDK	SRR10318413	367.396905587196
BCKDK	SRR10318414	1044.1186164212634
BCKDK	SRR10318415	584.7637531974309
BCKDK	SRR10318416	617.049849357048
BCKDK	SRR10318417	971.9061011562396
BCKDK	SRR10318418	282.05293194983597
BCKDK	SRR10318419	532.1113854553569
BCKDK	SRR10318420	689.2391344306799
BCKDK	SRR10318421	647.0548912461118
BCKDK	SRR10318422	729.5192104868429
BCKDK	SRR10318423	266.39134353522803
BCKDK	SRR10318424	1099.2892498682234
BCKDK	SRR10318425	763.920600423655
BCKDK	SRR10318426	1.0953414278907072
BCKDK	SRR10318427	1.108018223770156
BCKDK	SRR10318428	535.7053498142685
BCKDK	SRR10318429	286.1353676505221
BCKDK	SRR10318430	655.589820717537
BCKDK	SRR10318431	1101.6445355989079
BCKDK	SRR10318432	355.5959880953664
BCKDK	SRR10318433	1.2750020383966563
BCKDK	SRR10318434	1589.8293978828267
BCKDK	SRR10318435	1585.3598458884032
BCKDK	SRR10318436	1006.7444114415936
BCKDK	SRR10318437	652.4694648456112
BCKDK	SRR10318438	673.8482538453429
BCKDK	SRR10318439	671.7430922895513
BCKDK	SRR10318440	549.512025715994
BCKDK	SRR10318441	588.6206511363049
BCKDK	SRR10318442	618.2084575243118
BCKDK	SRR10318443	452.027281384182
BCKDK	SRR10318444	426.5910333513481
BCKDK	SRR10318445	367.3740920808032
BCKDK	SRR10318446	559.2000441653009
BCKDK	SRR10318447	150.5535929339786
BCKDK	SRR10318448	504.46311633544855
BCKDK	SRR10318449	1095.2809025578563
BCKDK	SRR10318450	560.8947370643457
BCKDK	SRR10318451	1208
BCKDK	SRR10318452	409.5464756356606
BCKDK	SRR10318453	761.7936058713913
BCKDK	SRR10318454	414.9621497747475
BCKDK	SRR10318455	682.079772136286
BCKDK	SRR10318456	643.1922184656445
BCKDK	SRR10318457	470.72662600958114
BCKDK	SRR10318458	747.3674795625844
BCKDK	SRR10318459	410.62989608818884
BCKDK	SRR10318460	803.1733046866733
BCKDK	SRR10318461	783.7441332950535
BCKDK	SRR10318462	917.073226466981
BCKDK	SRR10318463	572.7669113808143
BCKDK	SRR10318464	480.9614283077273
BCKDK	SRR10318465	613.551778848629
BCKDK	SRR10318466	358.3264953586815
BCKDK	SRR10318467	444.23694025209386
BCKDK	SRR10318468	297.87162207918294
BCKDK	SRR10318469	561.9676243856978
BCKDK	SRR10318470	1172
BCKDK	SRR10318471	949
BCKDK	SRR10318472	428.87883326178917
BCKDK	SRR10318473	665.5690149320667
BCKDK	SRR10318474	628.6154342806783
BCKDK	SRR10318475	577.2984645935179
BCKDK	SRR10318476	423.5086440698478
BCKDK	SRR10318495	487.52608250845446
BCKDK	SRR10318496	694.0581484229266
BCKDK	SRR10318497	738.0152121134267
BCKDK	SRR10318498	968.8713245113752
BCKDK	SRR10318499	514.5168217841525
BCKDK	SRR10318500	1007.7422382768137
BCKDK	SRR10318501	575.7653033974418
BCKDK	SRR10318502	1087.5869582485932
BCKDK	SRR10318503	376.6772013749065
BCKDK	SRR10318504	358.3513762016921
BCKDK	SRR10318505	340.1835931964321
BCKDK	SRR10318506	237.80114721128416
BCKDK	SRR10318507	730.6454153718629
BCKDK	SRR10318508	604.1475090679354
BCKDK	SRR10318509	504.4286404309204
BCKDK	SRR10318510	1116.7842101596584
BCKDK	SRR10318511	712.8974097145382
BCKDK	SRR10318512	607.5931236209664
BCKDK	SRR10318513	799.6345721767931
BCKDK	SRR10318514	546.5011281932311
BCKDK	SRR10318515	526.2039165718221
BCKDK	SRR10318516	464.73752493746235
BCKDK	SRR10318517	281.73844957383653
BCKDK	SRR10318518	319.27388250311463
BCKDK	SRR10318519	501.3548933744883
BCKDK	SRR10318520	725.4344992463497
BCKDK	SRR10318521	597.1534545305983
BCKDK	SRR10318522	357.48759276079505
BCKDK	SRR10318523	675.5280685907479
BCKDK	SRR10318524	470.584048761978
BCKDK	SRR10318525	430.6529181382807
BCKDK	SRR10318526	364.35886338045464
BCKDK	SRR10318527	955.3437563277017
BCKDK	SRR10318528	951.4069106980174
BCKDK	SRR10318529	1104.4984148175138
BCKDK	SRR10318530	427.86464070664266
BCKDK	SRR10318531	472.1736133917504
BCKDK	SRR10318532	520.2589080296525
BCKDK	SRR10318533	467.59815732383953
BCKDK	SRR10318534	282.8835038568493
BCKDK	SRR10318535	18.2789569387523
BCKDK	SRR10318536	733.9645648316387
BCKDK	SRR10318537	388.163137235211
BCKDK	SRR10318538	502.9195134694179
BCKDK	SRR10318539	567.0629938567607
BCKDK	SRR10318540	220.19359985216607
BCKDK	SRR10318541	450.16944868899435
BCKDK	SRR10318542	867.917350225714
BCKDK	SRR10318543	168.67131304570037
BCKDK	SRR10318544	793.962722871129
BCKDK	SRR10318545	378.2364842161744
BCKDK	SRR10318546	856.2317084414876
BCKDK	SRR10318547	506.9962890824439
BCKDK	SRR10318548	498.4005897983085
BCKDK	SRR10318549	446.0457356860106
BCKDK	SRR10318568	452.4217891986888
BCKDK	SRR10318569	1033.8526179266055
BCKDK	SRR10318570	1028.8270366473798
BCKDK	SRR10318571	655.5406241451371
BCKDK	SRR10318572	854.0383227809573
BCKDK	SRR10318573	762.1195956026636
BCKDK	SRR10318574	624.5143495303892
BCKDK	SRR10318575	373.7473103958213
BCKDK	SRR10318576	787.3767507486886
BCKDK	SRR10318577	798.3061132219124
BCKDK	SRR10318578	797.7174025160806
BCKDK	SRR10318579	972.0547976353203
BCKDK	SRR10318580	729.9956726123797
BCKDK	SRR10318581	643
BCKDK	SRR10875803	506.15765859921316
BCKDK	SRR10875804	219.42184787949978
BCKDK	SRR10875805	339.17258741510665
BCKDK	SRR10875806	486.8116500442949
BCKDK	SRR10875807	594.667481486363
BCKDK	SRR10875808	503.54914835096423
BCKDK	SRR10875809	308.54334714437783
BCKDK	SRR10875810	590.0810932196804
BCKDK	SRR10875812	289
BCKDK	SRR10875813	510.06042166699183
BCKDK	SRR10875814	202.80746060502716
BCKDK	SRR10875815	408
BCKDK	SRR10875816	571
BCKDK	SRR10875817	413.5374254673251
BCKDK	SRR10875818	343.8800641817448
BCKDK	SRR10875819	319
BCKDK	SRR10875820	216.44213452501202
BCKDK	SRR10875821	1203.507670770008
BCKDK	SRR10875822	698.2718194103238
BCKDK	SRR10875823	520
BCKDK	SRR10875824	193.63810670519334
BCKDK	SRR10875825	440.77302821831995
BCKDK	SRR10875826	1037.138027301441
BCKDK	SRR10875827	772.8902136037162
BCKDK	SRR10875829	307.9071612827722
BCKDK	SRR10875830	370
BCKDK	SRR10875831	426.51799352487416
BCKDK	SRR10875832	619
BCKDK	SRR10875834	311.0342498753131
BCKDK	SRR10875835	482
BCKDK	SRR10875836	313.13082052829867
BCKDK	SRR10875837	655.0059694914918
BCKDK	SRR10875838	255
BCKDK	SRR10875839	582.8016782683657
BCKDK	SRR10875840	596.1926252980544
BCKDK	SRR10875841	457.74040696109665
BCKDK	SRR10875842	326.44106197753655
BCKDK	SRR10875843	262.41722766379985
BCKDK	SRR10875844	708.6919866183165
BCKDK	SRR10875845	475.45203423125156
BCKDK	SRR10875846	84.35459014158414
BCKDK	SRR10875847	439.5791559218449
BCKDK	SRR10875848	289
BCKDK	SRR10875849	538.1925672311061
BCKDK	SRR10875850	247.04445035266215
BCKDK	SRR10875851	454.7898374653416
BCKDK	SRR10875852	243.66739939837268
BCKDK	SRR10875853	500.0939645544702
BCKDK	SRR10875854	512.3625201048206
BCKDK	SRR10875855	533.5317475017431
BCKDK	SRR10875856	554.2745663735557
BCKDK	SRR10875857	424.7050153987297
BCKDK	SRR10875858	241.9817256182474
BCKDK	SRR10875859	1303
BCKDK	SRR10875860	497.938889168818
BCKDK	SRR10875861	259.0475913024538
BCKDK	SRR10875862	299.1154878956555
BCKDK	SRR10875863	330.7812508637302
BCKDK	SRR10875864	577
BCKDK	SRR10875865	133.17438037320107
BCKDK	SRR10875866	264.39725585250096
BCKDK	SRR10875867	274.92884610195006
BCKDK	SRR10875868	252.97610777175018
BCKDK	SRR10875869	524
BCKDK	SRR10875870	397.71423999586375
BCKDK	SRR10875871	478.08602133025306
BCKDK	SRR10875872	510.76180592988385
BCKDK	SRR10875873	332.61314883672503
BCKDK	SRR10875874	406.43691565921443
BCKDK	SRR10875875	402.0984739432259
BCKDK	SRR10875876	274
BCKDK	SRR10875877	130.47117610063827
BCKDK	SRR10875878	99.78392867521585
BCKDK	SRR10875879	240
BCKDK	SRR10875880	339.35109744801576
BCKDK	SRR10875881	397.94646587869454
BCKDK	SRR10875882	638
BCKDK	SRR10875883	225.4420635704235
BCKDK	SRR10875884	203.04154933609337
BCKDK	SRR10875885	970.7749174339959
BCKDK	SRR10875886	176.31687321148377
BCKDK	SRR10875887	539
BCKDK	SRR10875888	1.0282214633828897
BCKDK	SRR10875889	234.52238642520967
BCKDK	SRR10875890	414.907617886875
BCKDK	SRR10875891	596
BCKDK	SRR10875892	674.3790661033322
BCKDK	SRR10875893	560
BCKDK	SRR10875894	451.6186657015071
BCKDK	SRR10875895	482
BCKDK	SRR10875896	1.0100794629576413
BCKDK	SRR10875897	417.0620717698024
BCKDK	SRR10875898	497.4907261424323
BCKDK	SRR10875899	264.3423788166795
BCKDK	SRR10875900	271.00859469595946
BCKDK	SRR10875901	988.1616213441033
BCKDK	SRR10875902	585.6878554026274
BCKDK	SRR12430469	436
BCKDK	SRR12430470	407.1195946365554
BCKDK	SRR12430471	429.71215886907856
BCKDK	SRR12430472	435.00866399282774
BCKDK	SRR12430473	389
BCKDK	SRR12430474	542.9870313080204
BCKDK	SRR12430475	310.7287683044274
BCKDK	SRR12430476	327
BCKDK	SRR12765534	739
BCKDK	SRR12765535	897.3520013116857
BCKDK	SRR12765536	420.944623070186
BCKDK	SRR12765537	860.5805545983088
BCKDK	SRR12765538	216.14929927441605
BCKDK	SRR12765539	250.54111501799986
BCKDK	SRR12765540	1357.2282439659202
BCKDK	SRR12765541	720.7721404434095
BCKDK	SRR12765542	882
BCKDK	SRR12765543	328.24810331736677
BCKDK	SRR12765544	1132.907699402808
BCKDK	SRR12765545	398.6660509583323
BCKDK	SRR12765546	421.34090644106783
BCKDK	SRR12765547	589.7068731551772
BCKDK	SRR12765548	900.0295959007204
BCKDK	SRR12765549	803.0641632291896
BCKDK	SRR12765550	294.33778227245165
BCKDK	SRR12765551	388.1967318421206
BCKDK	SRR12765552	1.0414272361609767
BCKDK	SRR12765553	395.7989144730804
BCKDK	SRR12765554	213.58969051721778
BCKDK	SRR12765555	228.6399226419787
BCKDK	SRR12765556	238.61059555724182
BCKDK	SRR12765557	197.04508466600225
BCKDK	SRR12765558	1.0514952401037005
BCKDK	SRR12765559	1156.2001281768053
BCKDK	SRR12765560	164.05171458640714
BCKDK	SRR12765561	581.6466384130403
BCKDK	SRR12765562	308.70696705262685
BCKDK	SRR12765563	661.7928187141387
BCKDK	SRR12765564	540.1248000719895
BCKDK	SRR12765565	877.7171295887402
BCKDK	SRR12765566	287.02257364073307
BCKDK	SRR12765567	318.15069600370157
BCKDK	SRR12765568	427.348032524888
BCKDK	SRR12765569	696.9098010044969
BCKDK	SRR12765570	716.0629774850837
BCKDK	SRR12765571	520.7559258793972
BCKDK	SRR12765572	419.7455317425645
BCKDK	SRR12765573	19.65002865519732
BCKDK	SRR12765574	288.99181831436476
BCKDK	SRR12765575	448.48551468911614
BCKDK	SRR12765576	278.7550280884278
BCKDK	SRR12765577	77.37725360054128
BCKDK	SRR12765578	412.1308649123879
BCKDK	SRR12765579	321.6742700190528
BCKDK	SRR12765580	389.3676639723179
BCKDK	SRR12765581	298.6745831685955
BCKDK	SRR12765582	979.9843745655356
BCKDK	SRR12765583	626.4301337910445
BCKDK	SRR12765584	675.2829869069001
BCKDK	SRR12765585	549.9818556067236
BCKDK	SRR12765586	467.4536516880269
BCKDK	SRR12765587	599.9504053612709
BCKDK	SRR12765588	433.9958637691063
BCKDK	SRR12765589	323.76086665798766
BCKDK	SRR12765590	345.8463830096869
BCKDK	SRR12765591	160.32731095013895
BCKDK	SRR12765592	651.5978028729477
BCKDK	SRR12765593	276.2905942532727
BCKDK	SRR12765594	319.2483313024399
BCKDK	SRR12765595	263.04654695382106
BCKDK	SRR12765596	770.3827036731741
BCKDK	SRR12765597	949.6123187046843
BCKDK	SRR12765598	702.0011243983732
BCKDK	SRR12765599	1028.140338078456
BCKDK	SRR12765600	94.91227691770484
BCKDK	SRR12765601	408.71504562286873
BCKDK	SRR12765602	987.4795166702362
BCKDK	SRR12765603	620.0322108380462
BCKDK	SRR12765604	486.9304764100734
BCKDK	SRR12765605	318.4254556769501
BCKDK	SRR12765606	303.9813525019304
BCKDK	SRR12765607	487.1505246938501
BCKDK	SRR12765608	627.5087897657357
BCKDK	SRR12765609	980.6897445552993
BCKDK	SRR12765610	812.0493478279751
BCKDK	SRR12765611	655.5915252573586
BCKDK	SRR12765612	491.21979994756424
BCKDK	SRR12765613	838.9531164155636
BCKDK	SRR12765614	454.11352132716553
BCKDK	SRR12765615	532.8357844216594
BCKDK	SRR12765616	526.2024665129463
BCKDK	SRR12765617	500.2107625112734
BCKDK	SRR12765618	157.57011769234992
BCKDK	SRR12765619	229.89667734945985
BCKDK	SRR12765620	299.37609230324136
BCKDK	SRR12765621	619.596734501007
BCKDK	SRR12765622	865.4949006607145
BCKDK	SRR12765623	1185
BCKDK	SRR12765624	978.863463133936
BCKDK	SRR12765625	800.5539765145446
BCKDK	SRR12765626	952.695523522612
BCKDK	SRR12765627	1683.908786322339
BCKDK	SRR12765628	146.8661853301891
BCKDK	SRR12765629	220.88923298852973
BCKDK	SRR12765630	1202.1082587772362
BCKDK	SRR12765631	908.4059019649554
BCKDK	SRR12765632	542.5403181325864
BCKDK	SRR12765633	318.02596257842237
BCKDK	SRR12765634	526.8509451329672
BCKDK	SRR12765635	793.9370127367009
BCKDK	SRR12765636	606.3103658372511
BCKDK	SRR12765637	337.54149754921497
BCKDK	SRR12765638	753
BCKDK	SRR12765639	365.98458683149516
BCKDK	SRR12765640	340.706637306365
BCKDK	SRR12765641	202.74084125167735
BCKDK	SRR12765642	778.9017331597754
BCKDK	SRR12765643	331.5709297299055
BCKDK	SRR12765644	722.5739898822047
BCKDK	SRR12765645	138.8522442259876
BCKDK	SRR12765646	634.294662117415
BCKDK	SRR12765647	173.9029316776855
BCKDK	SRR12765648	424.986072585892
BCKDK	SRR12765649	1.0494646804633012
BCKDK	SRR12765650	246.36264033627467
BCKDK	SRR12765651	121.32992588861299
BCKDK	SRR12765652	259.7202573026536
BCKDK	SRR12774664	827.3653295726743
BCKDK	SRR12774665	279.6998517718474
BCKDK	SRR12774666	267.8237053875128
BCKDK	SRR12774667	369.43351224673097
BCKDK	SRR12774668	378.0644968854653
BCKDK	SRR12774669	203.6824814798049
BCKDK	SRR12774670	394.3900000308957
BCKDK	SRR12774671	178.21820055914273
BCKDK	SRR12774672	705.3355402434901
BCKDK	SRR12774673	271.80942185886676
BCKDK	SRR12774674	806.0614299036416
BCKDK	SRR12774675	473.7480067438371
BCKDK	SRR12774676	488.1737080562046
BCKDK	SRR12774677	225.42693691775537
BCKDK	SRR12774678	25.050097035451753
BCKDK	SRR12774679	135.07074829228958
BCKDK	SRR12774680	652.0334099470884
BCKDK	SRR12774681	1054.097661231244
BCKDK	SRR12774682	732.6771856276948
BCKDK	SRR12774683	963.8250002511661
BCKDK	SRR12774684	1022.3760261404786
BCKDK	SRR12774685	367.6894320791401
BCKDK	SRR12774686	762.4638300425487
BCKDK	SRR12774687	957.2574989346524
BCKDK	SRR1609360	164.74063752216853
BCKDK	SRR1609361	283.15074715522945
BCKDK	SRR1609362	150.6019384453325
BCKDK	SRR1609363	562.1149762395182
BCKDK	SRR1609364	420.57322487216646
BCKDK	SRR1609365	546.7166362761603
BCKDK	SRR1609366	634.58794398813
BCKDK	SRR1609367	720.9216467962121
BCKDK	SRR1609368	405.239095336825
BCKDK	SRR1609369	726.6534933835313
BCKDK	SRR1609370	503.0475874510922
BCKDK	SRR1609371	492.39466293133097
BCKDK	SRR1609372	419.3016959667348
BCKDK	SRR1609373	564.1985620170391
BCKDK	SRR1609374	671.7607160657312
BCKDK	SRR1609375	389.52544589465964
BCKDK	SRR1609376	785.4363494779367
BCKDK	SRR1609377	334.76029174511245
BCKDK	SRR1609378	720.324043967251
BCKDK	SRR1609379	573.0302106022514
BCKDK	SRR1609380	612.5667796375247
BCKDK	SRR1609381	539.3881005395467
BCKDK	SRR1609382	820.5408682918592
BCKDK	SRR1609383	31.32330143525485
BCKDK	SRR1609384	464.43510673586184
BCKDK	SRR1609385	535.9029738752665
BCKDK	SRR1609386	346.272116329725
BCKDK	SRR1609387	361.6535081614564
BCKDK	SRR1609388	391.90564863533797
BCKDK	SRR1609389	615.5487550922915
BCKDK	SRR1609390	190.41093092855468
BCKDK	SRR1609391	322.2784603605436
BCKDK	SRR1609392	456.9473950239117
BCKDK	SRR1609393	338.5090477841839
BCKDK	SRR1609394	353.5282855792257
BCKDK	SRR1609395	203.1073067535572
BCKDK	SRR1609396	385.4158968495995
BCKDK	SRR1609397	316.5336762455679
BCKDK	SRR1609398	311.4292198538842
BCKDK	SRR1609399	503.9122890488252
BCKDK	SRR1609400	505.1049261231522
BCKDK	SRR1609401	308.25118530742634
BCKDK	SRR1609402	423.883997120397
BCKDK	SRR1609403	295.93495336715256
BCKDK	SRR1609404	681.0395008882891
BCKDK	SRR1609405	231.5182010146956
BCKDK	SRR1609406	374.4682926678033
BCKDK	SRR1609407	415.9535915588428
BCKDK	SRR1609408	351.7169011839279
BCKDK	SRR1609409	231.21948346528492
BCKDK	SRR1609410	358
BCKDK	SRR1609411	219.98598002440153
BCKDK	SRR1609412	1010
BCKDK	SRR1609413	1139.0733958072537
BCKDK	SRR1609414	572.9271061005676
BCKDK	SRR1609415	811.1459483239231
BCKDK	SRR1609416	886.3230940329946
BCKDK	SRR1609417	995.6371306241888
BCKDK	SRR1609418	438.6309804647621
BCKDK	SRR1609419	802.8945250281778
BCKDK	SRR1609420	585.7241795013181
BCKDK	SRR1609421	858.494198177651
BCKDK	SRR1609422	760.3328089924214
BCKDK	SRR1609423	457.3862828493888
BCKDK	SRR1609424	253.50517169221297
BCKDK	SRR1609425	605.980592990985
BCKDK	SRR1609426	720.3844164281406
BCKDK	SRR1609427	758.88324154904
BCKDK	SRR1609428	910.7931331079326
BCKDK	SRR1609429	453.5709643268059
BCKDK	SRR1609430	1087.4391215438955
BCKDK	SRR1609431	367.6734941300685
BCKDK	SRR1609432	678.0167449106763
BCKDK	SRR1609433	492.0137379616554
BCKDK	SRR1609434	1032.2583843453428
BCKDK	SRR1609435	271.2091497809817
BCKDK	SRR1609436	591.91169153807
BCKDK	SRR1609437	342.18736620031984
BCKDK	SRR1609438	594.5952082433143
BCKDK	SRR1609439	812.7757876567425
BCKDK	SRR1609440	482.21327556904265
BCKDK	SRR1609441	951.1515387130858
BCKDK	SRR1609442	576.1199805149462
BCKDK	SRR1609443	610.2215278687613
BCKDK	SRR1609444	642.346667153263
BCKDK	SRR1609445	1011.535822501463
BCKDK	SRR1609446	398.33526697136796
BCKDK	SRR1609447	1.2338363336906928
BCKDK	SRR1609448	534.6760680361158
BCKDK	SRR1609449	864.136195852163
BCKDK	SRR1609450	542.1050627304928
BCKDK	SRR1609451	394.0028468562963
BCKDK	SRR1609452	1.2632705659263332
BCKDK	SRR1609453	732.3389728010847
BCKDK	SRR1609454	418.59606309218225
BCKDK	SRR1609455	1.2516237980743048
BCKDK	SRR1609456	614.9575206650663
BCKDK	SRR1609457	642.190580646735
BCKDK	SRR1609458	1.240500376538707
BCKDK	SRR1609459	988.8332787916621
BCKDK	SRR1609460	579.534241883445
BCKDK	SRR1609461	1060.7813122125137
BCKDK	SRR1609462	792.9184245015996
BCKDK	SRR1609463	339.1684393353003
BCKDK	SRR1609464	682.4984180001957
BCKDK	SRR1609465	460.4360915409153
BCKDK	SRR1609466	1.1215996409238542
BCKDK	SRR1609467	548.474605470212
BCKDK	SRR1609468	784.3040876137479
BCKDK	SRR1609469	1850.3329277426112
BCKDK	SRR1609470	636.054863962619
BCKDK	SRR1609471	606.2743701497025
BCKDK	SRR1609472	111.968968740384
BCKDK	SRR1609473	516.0534605065383
BCKDK	SRR1609474	672.7131013402342
BCKDK	SRR1609475	732.608214668768
BCKDK	SRR1609476	1508.1351742705353
BCKDK	SRR1609477	961.3954024096074
BCKDK	SRR1609478	654.7188370824688
BCKDK	SRR1609479	547.6306448649739
BCKDK	SRR1609480	1399
BCKDK	SRR1609481	662.8393379037973
BCKDK	SRR1609482	865.1342894439387
BCKDK	SRR1609483	739.3286613700892
BCKDK	SRR1609484	861.7552946615674
BCKDK	SRR1609485	1043.9388341584342
BCKDK	SRR1609486	740.3942614911518
BCKDK	SRR1609487	306.18695434665676
BCKDK	SRR1609488	490.7058913875193
BCKDK	SRR1609489	543.1882340451359
BCKDK	SRR1609490	226.6555515882117
BCKDK	SRR1609491	439.5445306781273
BCKDK	SRR1609492	1216
BCKDK	SRR1609493	446.9890720996063
BCKDK	SRR1609494	575.394749001676
BCKDK	SRR1609495	875.9511356223644
BCKDK	SRR1609496	719.5934484890895
BCKDK	SRR1609497	748.6732962133353
BCKDK	SRR1609498	612.220292013145
BCKDK	SRR1609499	711.4891876353145
BCKDK	SRR1609500	572.9874161155215
BCKDK	SRR1609501	814.0436483402609
BCKDK	SRR1609502	510.5149942474522
BCKDK	SRR1609503	1.2571824597395216
BCKDK	SRR1609504	692
BCKDK	SRR1609505	745
BCKDK	SRR1609506	480.27558931974073
BCKDK	SRR1609507	526.1614723215115
BCKDK	SRR1609508	1074.5799385087296
BCKDK	SRR1609509	663.169978390635
BCKDK	SRR1609510	845.7126810861338
BCKDK	SRR1609511	493.6003122223328
BCKDK	SRR1609512	611.0131172593062
BCKDK	SRR1609513	1006.2102873316661
BCKDK	SRR1609514	216.21323375354092
BCKDK	SRR1609515	634.2541961642809
BCKDK	SRR1609516	660.7491306017354
BCKDK	SRR1609517	397.75131314229725
BCKDK	SRR1609518	636.029217436819
BCKDK	SRR1609519	1021.7124164993627
BCKDK	SRR1609520	511.4224158642387
BCKDK	SRR1609521	478.77279210480253
BCKDK	SRR1609522	532.5083436111788
BCKDK	SRR1609523	850.0050773383786
BCKDK	SRR1609524	381.26856378353733
BCKDK	SRR1609525	1010.5463699872438
BCKDK	SRR1609526	1657.0857087161933
BCKDK	SRR1609527	717
BCKDK	SRR1609528	946.1182966217477
BCKDK	SRR1609529	375.27083097072705
BCKDK	SRR1609530	652.1121401024967
BCKDK	SRR1609531	548.0715280138775
BCKDK	SRR1609532	958.8601227814959
BCKDK	SRR1609533	240.8685790857844
BCKDK	SRR1609534	1313.6938222050983
BCKDK	SRR1609535	147.23683908806578
BCKDK	SRR1609536	423.5092277895615
BCKDK	SRR1609537	512.9639120620577
BCKDK	SRR1609538	809
BCKDK	SRR1609539	593.6546329725035
BCKDK	SRR1609540	848
BCKDK	SRR1609541	510.51581726625557
BCKDK	SRR1609542	711.662834211617
BCKDK	SRR1609543	557.1186668373826
BCKDK	SRR1609544	615.5776590736554
BCKDK	SRR1609545	312.63179221257377
BCKDK	SRR1609546	1221
BCKDK	SRR1609547	914.705482151441
BCKDK	SRR1609548	510.0166257973039
BCKDK	SRR1609549	400.23559129026904
BCKDK	SRR1609550	1357
BCKDK	SRR1609551	372.16248559736465
BCKDK	SRR1609552	632.8126023361377
BCKDK	SRR1609553	524.3656241221179
BCKDK	SRR1609554	515.6195816110844
BCKDK	SRR1609555	564.9359720789387
BCKDK	SRR1609556	239.1874630603817
BCKDK	SRR1609557	634.9780295931649
BCKDK	SRR1609558	490.0956473739187
BCKDK	SRR1609559	217.8818374377092
BCKDK	SRR1609560	271.92285051048833
BCKDK	SRR1609561	660.6735259486595
BCKDK	SRR1609562	563.556648570575
BCKDK	SRR1609563	515.2902619022835
BCKDK	SRR1609564	623.5607801349037
BCKDK	SRR1609565	328.95625973800423
BCKDK	SRR1609566	973.2493688037746
BCKDK	SRR1609567	1.2581113184722956
BCKDK	SRR1609568	551
BCKDK	SRR1609569	1137
BCKDK	SRR1609570	529.2386035676325
BCKDK	SRR1609571	1396.97606426501
BCKDK	SRR1609572	515.7374436930879
BCKDK	SRR1609573	633.3149776771766
BCKDK	SRR1609574	784.9904343261757
BCKDK	SRR1609575	62.248686855219525
BCKDK	SRR1609576	515.0436617709398
BCKDK	SRR1609577	982.1089411328094
BCKDK	SRR1609578	789.39187606417
BCKDK	SRR1609579	730.8652038560044
BCKDK	SRR1609580	717.4672645604568
BCKDK	SRR1609581	114.59846630250948
BCKDK	SRR1609582	235.93705770247024
BCKDK	SRR1609583	164.685815010453
BCKDK	SRR1609584	971.9516309932754
BCKDK	SRR1609585	670.591850622531
BCKDK	SRR1609586	1.077969249642432
BCKDK	SRR1609587	633.5150716292355
BCKDK	SRR1609588	263.4853676111606
BCKDK	SRR1609589	699.8342982296722
BCKDK	SRR1609590	1020.2909512845724
BCKDK	SRR1609591	874.8521653338886
BCKDK	SRR1609592	646.3944726681528
BCKDK	SRR1609593	752.1408665525473
BCKDK	SRR1609594	994.573107681154
BCKDK	SRR1609595	269.392533132004
BCKDK	SRR1609596	556.4585036066878
BCKDK	SRR1609597	756.1691626706067
BCKDK	SRR1609598	641.1831320621359
BCKDK	SRR1609599	1020.1965973389222
BCKDK	SRR1609600	197.92794277108933
BCKDK	SRR1609601	286.8576830095556
BCKDK	SRR1609602	1.1632163838991925
BCKDK	SRR1609603	813
BCKDK	SRR1609604	986.8581494835541
BCKDK	SRR1609605	538.0404977544551
BCKDK	SRR1609606	542.5883124280673
BCKDK	SRR1609607	497.46114020969634
BCKDK	SRR1609608	385.551540396827
BCKDK	SRR1609609	230.22918351209378
BCKDK	SRR1609610	726
BCKDK	SRR1609611	748.6113089108982
BCKDK	SRR1609612	902.1078180147257
BCKDK	SRR1609613	565.4663399114542
BCKDK	SRR1609614	389.3771214227704
BCKDK	SRR1609615	589.8635680674091
BCKDK	SRR1609616	1205
BCKDK	SRR1609617	1624
BCKDK	SRR1609618	642.0480050803618
BCKDK	SRR1609619	825.992482844967
BCKDK	SRR1609620	674.3539237525116
BCKDK	SRR1609621	590.9957717421798
BCKDK	SRR1609622	95.64345184152408
BCKDK	SRR1609623	298.567381780392
BCKDK	SRR1609624	1.233166099790781
BCKDK	SRR1609625	590.9121475439423
BCKDK	SRR1609626	998.6096336789504
BCKDK	SRR1609627	282.5172137239304
BCKDK	SRR1609628	429.81789860298915
BCKDK	SRR1609629	447.0641882889164
BCKDK	SRR1609630	493.373450881933
BCKDK	SRR1609631	581
BCKDK	SRR1609632	757
BCKDK	SRR1609633	306.09326059930504
BCKDK	SRR1609634	465.8386910428133
BCKDK	SRR1609635	949.0856495358082
BCKDK	SRR1609636	566.3722648673188
BCKDK	SRR1609637	482.9506917702027
BCKDK	SRR1609638	180.2805930210234
BCKDK	SRR1609639	332.83131544151064
BCKDK	SRR1609640	555.0998783227834
BCKDK	SRR1609641	453.0815223067043
BCKDK	SRR1609642	574
BCKDK	SRR1609643	326.80275682666905
BCKDK	SRR1609644	825.8625781237386
BCKDK	SRR1609645	673.126622743591
BCKDK	SRR1609646	865.0211632741203
BCKDK	SRR1609647	351.109456117503
BCKDK	SRR1609648	684.4769990556024
BCKDK	SRR1609649	474.8280202406648
BCKDK	SRR1609650	864.3769844234752
BCKDK	SRR1609651	640.1657729496338
BCKDK	SRR1609652	687.4183435450547
BCKDK	SRR1609653	157.62095002315408
BCKDK	SRR1609654	366.1627215883187
BCKDK	SRR1609655	552.7501316447249
BCKDK	SRR1609656	587.2874054731503
BCKDK	SRR1609657	296.76532233972813
BCKDK	SRR1609658	530.4258067832625
BCKDK	SRR1609659	1136.9858499694196
BCKDK	SRR1609660	1059.1380794319753
BCKDK	SRR1609661	631.9283374839432
BCKDK	SRR1609662	635.9598650444597
BCKDK	SRR1609663	1019.7037884320355
BCKDK	SRR1609664	141.01054453803897
BCKDK	SRR1609665	628
BCKDK	SRR1609666	390.3876135069477
BCKDK	SRR1609667	414.19078830037233
BCKDK	SRR1609668	13.511418712102621
BCKDK	SRR1609669	140.65523696865597
BCKDK	SRR1746771	274.28361939145486
BCKDK	SRR1746772	220.1531363710104
BCKDK	SRR1746773	255.3045704269651
BCKDK	SRR1746774	411.70139279451854
BCKDK	SRR1746775	580.349426747389
BCKDK	SRR1746776	393.76983905925476
BCKDK	SRR1746777	377.87984870353097
BCKDK	SRR1746778	591.2891979570396
BCKDK	SRR1746779	277.1440343287618
BCKDK	SRR1746780	197.61347434562884
BCKDK	SRR1746781	297.1788747979315
BCKDK	SRR1746782	722.2099382217191
BCKDK	SRR1746783	412
BCKDK	SRR1746784	315.99391453063424
BCKDK	SRR1782685	530.4253477672703
BCKDK	SRR1782686	520.2458741020993
BCKDK	SRR1782687	623.5251466354622
BCKDK	SRR1782688	367.0486213823906
BCKDK	SRR1782689	517.0811303493035
BCKDK	SRR1782690	371.3750416679519
BCKDK	SRR1782691	465.8027071568487
BCKDK	SRR1782692	452.7120352508114
BCKDK	SRR1782693	600.263706129615
BCKDK	SRR1782694	777.3034812873998
BCKDK	SRR1782695	527.3794600822655
BCKDK	SRR1782696	630.1168084488232
BCKDK	SRR1782697	523.580737160011
BCKDK	SRR1782698	491.02254551999044
BCKDK	SRR1782699	254.00352920014126
BCKDK	SRR1782700	525.9517368269775
BCKDK	SRR1782701	514.1855572375408
BCKDK	SRR1782702	386.0745718575564
BCKDK	SRR1782703	491.90691026184203
BCKDK	SRR1782704	602.3955350205207
BCKDK	SRR1782705	1398.0409535784881
BCKDK	SRR1782706	663.6901238259836
BCKDK	SRR1782707	785.9884619529357
BCKDK	SRR1782708	203.17757629544803
BCKDK	SRR1782709	190.98878611423723
BCKDK	SRR1782710	1006
BCKDK	SRR1782711	673.4665719927862
BCKDK	SRR1782712	671.851325005247
BCKDK	SRR1782713	723.4082113929669
BCKDK	SRR1782714	92.39970975462145
BCKDK	SRR1782715	605.4968240077802
BCKDK	SRR1782716	1028.1152873369629
BCKDK	SRR1782717	405.33427905157333
BCKDK	SRR1782718	534.5542549930328
BCKDK	SRR1782719	523.7796084514177
BCKDK	SRR1782720	711.1548953912655
BCKDK	SRR1782721	1.1215287864396823
BCKDK	SRR1782722	717.633368502022
BCKDK	SRR1782723	493.0786183583153
BCKDK	SRR1782724	384.22933998789995
BCKDK	SRR1782725	132.503278601233
BCKDK	SRR1782726	347.56535836002877
BCKDK	SRR1782727	1215
BCKDK	SRR1782728	479.09186241552743
BCKDK	SRR1782729	1129.2867436031904
BCKDK	SRR1782730	1313.7919375410731
BCKDK	SRR1782731	213.64503838663447
BCKDK	SRR1782732	236.352123513588
BCKDK	SRR1782733	568.4372180287814
BCKDK	SRR1782734	654.05513814532
BCKDK	SRR1782735	256.16744345070174
BCKDK	SRR1782736	496.9135199652193
BCKDK	SRR1782737	579.9384518045955
BCKDK	SRR1782738	145.9044557530095
BCKDK	SRR1782739	12.12544149216897
BCKDK	SRR1782740	376.3074603503582
BCKDK	SRR1782741	443.8639442563766
BCKDK	SRR1782742	1358
BCKDK	SRR1782743	530.0643430880853
BCKDK	SRR1782744	583.9151614471086
BCKDK	SRR1782745	447.3161887332502
BCKDK	SRR1782746	623.156807950291
BCKDK	SRR1782747	352.5547471681168
BCKDK	SRR1782748	301.3486424001668
BCKDK	SRR1782749	377.7298606806573
BCKDK	SRR1782750	441.6023204692174
BCKDK	SRR1782751	443.7662651381511
BCKDK	SRR1782752	324.14119800898214
BCKDK	SRR1782753	660.6323537362175
BCKDK	SRR1782754	479.9556945581584
BCKDK	SRR1782755	481.28928845471125
BCKDK	SRR1782756	324.03131781612655
BCKDK	SRR1782757	667.9608766438272
BCKDK	SRR1782758	561.968427344069
BCKDK	SRR1782759	478.108503177119
BCKDK	SRR1782760	813.3934118335158
BCKDK	SRR1782761	67.40105545174026
BCKDK	SRR1782762	306.51156112592867
BCKDK	SRR1782763	391.1266916464542
BCKDK	SRR1782764	372.4281443878511
BCKDK	SRR1782765	279.89280221472023
BCKDK	SRR1782766	293.0962874693252
BCKDK	SRR1782767	452.3269599268454
BCKDK	SRR1782768	375.40862441668753
BCKDK	SRR1782769	406.4396408343632
BCKDK	SRR1782770	296.3703376936497
BCKDK	SRR1782771	331.1824205437626
BCKDK	SRR1782772	319.7072133237299
BCKDK	SRR1782773	410.7827176471246
BCKDK	SRR1782774	661.6850177117058
BCKDK	SRR1782775	518.1755536993927
BCKDK	SRR1782776	377.4337242015543
BCKDK	SRR1782777	804.1446885973295
BCKDK	SRR1782778	416.7619872575256
BCKDK	SRR1782779	270.41866541496313
BCKDK	SRR1782780	498.3462443047739
BCKDK	SRR1782781	351.72994845907175
BCKDK	SRR1782782	1662.440743403695
BCKDK	SRR1782783	582.6661416093341
BCKDK	SRR1782784	664.2148949077905
BCKDK	SRR1782785	939.0132759608425
BCKDK	SRR1782786	944.1042798961685
BCKDK	SRR1782787	708
BCKDK	SRR1782788	678.508652774347
BCKDK	SRR1782789	740.3902365749127
BCKDK	SRR1782790	744.1394674213511
BCKDK	SRR1782791	605.5669243499128
BCKDK	SRR1782792	982.683364979986
BCKDK	SRR1782793	481.1546522663095
BCKDK	SRR1782794	721.9074799630397
BCKDK	SRR1782795	1016.1117260783059
BCKDK	SRR1782796	498.7764435252994
BCKDK	SRR1782797	989.4751044099107
BCKDK	SRR1782798	1046.8211362820418
BCKDK	SRR1782799	626.0130092882076
BCKDK	SRR1782800	782.3795116828893
BCKDK	SRR1782801	624.4548849410525
BCKDK	SRR1782802	553.0503892137955
BCKDK	SRR1782803	581.1230513777359
BCKDK	SRR1782804	711.9190002874811
BCKDK	SRR1782805	562.0103988599003
BCKDK	SRR1782806	458.2149767093807
BCKDK	SRR1782807	523.8021386722684
BCKDK	SRR1782808	590.12176802773
BCKDK	SRR1782809	715.4730666250477
BCKDK	SRR1782810	1342.9876419902698
BCKDK	SRR1782811	763.3548503691765
BCKDK	SRR1782812	1043.9459835262855
BCKDK	SRR1782813	851.2931655719137
BCKDK	SRR1782814	532.8152105967329
BCKDK	SRR1782815	464.1470233489363
BCKDK	SRR1782816	632.3412673533679
BCKDK	SRR1782817	600.0727386433233
BCKDK	SRR1782818	247.26493224099673
BCKDK	SRR1782819	630.9925703616489
BCKDK	SRR1782820	146.01787310501211
BCKDK	SRR1782821	1015.7379539312935
BCKDK	SRR1782822	854.6648147408939
BCKDK	SRR1782823	858.2370202413014
BCKDK	SRR1782824	956.4044191738369
BCKDK	SRR1782825	564.2592108567603
BCKDK	SRR1782826	991.7146701359584
BCKDK	SRR1782827	503.6005285675985
BCKDK	SRR1782828	946
BCKDK	SRR1782829	1401
BCKDK	SRR1782830	76.91013973442948
BCKDK	SRR1782831	40.789211664405464
BCKDK	SRR1782832	583.4061347645546
BCKDK	SRR1782833	644.5260022782905
BCKDK	SRR1782834	1860.3347273520308
BCKDK	SRR1782835	138.25748753619467
BCKDK	SRR1782836	811.5986455518063
BCKDK	SRR1782837	373.0261800702887
BCKDK	SRR1782838	281.60897619110125
BCKDK	SRR1782839	286.8842674054325
BCKDK	SRR1782840	579.7873056590419
BCKDK	SRR1782841	804.7771884588474
BCKDK	SRR1782842	1013
BCKDK	SRR1782843	162.83965112032158
BCKDK	SRR1782844	441.07936277540085
BCKDK	SRR1782845	283.2253627872652
BCKDK	SRR1782846	266.43669760659236
BCKDK	SRR1782847	1.2337368978097534
BCKDK	SRR1782848	1.2335837199439401
BCKDK	SRR1782849	1.2403822504664612
BCKDK	SRR1782850	1.2517458229536382
BCKDK	SRR1782851	1.2634697131512598
BCKDK	SRR1782852	1.2639231424855961
BCKDK	SRR1782853	1.2584335321033158
BCKDK	SRR1782854	968.1603108700976
BCKDK	SRR1782855	896.1485674892776
BCKDK	SRR1782856	909.7906296222412
BCKDK	SRR1782857	564.9194996111578
BCKDK	SRR1782858	612.6153597896913
BCKDK	SRR1782859	595.9643848423736
BCKDK	SRR1782860	946.1402028926796
BCKDK	SRR1782861	723.3422722019502
BCKDK	SRR1782862	574.634453175118
BCKDK	SRR1782863	470.22462277872523
BCKDK	SRR1782864	173.20668528392258
BCKDK	SRR1782865	1084.5750776593322
BCKDK	SRR1782866	1007.5276694343582
BCKDK	SRR1782867	752.2393327525093
BCKDK	SRR1782868	818.9670303784848
BCKDK	SRR1782869	580.9829600942849
BCKDK	SRR1782870	857.1188485540597
BCKDK	SRR1782871	750.9211331167621
BCKDK	SRR1782872	880.3730735949415
BCKDK	SRR1782873	711.2670616396042
BCKDK	SRR1782874	851.4496051647176
BCKDK	SRR1782875	633.2462993628202
BCKDK	SRR1782876	1056.1409108553457
BCKDK	SRR1782877	866.9249202873618
BCKDK	SRR1782878	993.7186487538668
BCKDK	SRR1782879	576.1578951688168
BCKDK	SRR1782880	650.7450465955994
BCKDK	SRR1782881	978.0529947984787
BCKDK	SRR1782882	675.3752921741443
BCKDK	SRR1782883	1017.8298845662366
BCKDK	SRR1782884	559.402501301682
BCKDK	SRR1782885	806
BCKDK	SRR1782886	1005.5495224370707
BCKDK	SRR1782887	552.4968710023544
BCKDK	SRR1782888	632.0438817607394
BCKDK	SRR1782889	471.0234652660217
BCKDK	SRR1782890	621.9600739403189
BCKDK	SRR1782891	554.3989011111482
BCKDK	SRR1782892	562.0275837775765
BCKDK	SRR1782893	502.94129182649385
BCKDK	SRR1782894	409.5326299241931
BCKDK	SRR1782895	536.9617141400496
BCKDK	SRR1782896	532.1389309786587
BCKDK	SRR1782897	512.406813409341
BCKDK	SRR1782898	702.5892820209411
BCKDK	SRR1782899	500.87752410400043
BCKDK	SRR1782900	710.7138977952301
BCKDK	SRR1782901	1040.0212110439759
BCKDK	SRR1782902	717
BCKDK	SRR1782903	544.3863100264488
BCKDK	SRR1782904	563
BCKDK	SRR1782905	596.2416624171312
BCKDK	SRR1782906	624.9425498852518
BCKDK	SRR1782907	626.042869024929
BCKDK	SRR1782908	436.3268254777449
BCKDK	SRR1782909	838.8631340912299
BCKDK	SRR1782910	540
BCKDK	SRR1782911	636.3646158033944
BCKDK	SRR1782912	1513.6931735450953
BCKDK	SRR1782913	841
BCKDK	SRR1782914	651.7568312491024
BCKDK	SRR1782915	1135
BCKDK	SRR1782916	791.276399286622
BCKDK	SRR1782917	1081.482676668664
BCKDK	SRR1782918	701.7572563417384
BCKDK	SRR1782919	559
BCKDK	SRR1782920	740.7440624908032
BCKDK	SRR1782921	702.4628661418639
BCKDK	SRR1782922	1.1863691226303883
BCKDK	SRR1782923	475.63752299099673
BCKDK	SRR1782924	607.0964215275326
BCKDK	SRR1782925	1129.921780188129
BCKDK	SRR1782926	412.00245627684257
BCKDK	SRR1782927	399.1299346351552
BCKDK	SRR1782928	379.7015821800507
BCKDK	SRR1782929	449.84633038858203
BCKDK	SRR1782930	484.37125233361803
BCKDK	SRR1782931	686.8284144691378
BCKDK	SRR1782932	595.2130058263114
BCKDK	SRR1782933	374.85718310643176
BCKDK	SRR1782934	566.2943820802403
BCKDK	SRR1782935	602.6970973464978
BCKDK	SRR1782936	360.88199625175974
BCKDK	SRR1782937	1134.8467960742216
BCKDK	SRR1782938	1.2574474178148516
BCKDK	SRR1782939	842.9778029393779
BCKDK	SRR1782940	690.8317701373377
BCKDK	SRR1782941	708.4921049771186
BCKDK	SRR1782942	291.1402302609032
BCKDK	SRR1782943	622.8609861815743
BCKDK	SRR1782944	807.0405645558759
BCKDK	SRR1782945	778.0628608197777
BCKDK	SRR1782946	546.1373210375403
BCKDK	SRR1782947	967.0137886261036
BCKDK	SRR1782948	802
BCKDK	SRR1782949	859.0975358017085
BCKDK	SRR1782950	618
BCKDK	SRR1782951	1002.2949755295126
BCKDK	SRR1782952	310.97003167026463
BCKDK	SRR1782953	624.1877641717068
BCKDK	SRR1782954	1.126108257274077
BCKDK	SRR1782955	554.1393303566562
BCKDK	SRR1782956	921.7713833109173
BCKDK	SRR1782957	122.31743590194743
BCKDK	SRR1782958	318.7353933470651
BCKDK	SRR1782959	503.5682862879336
BCKDK	SRR1782960	736
BCKDK	SRR1782961	622.254361316986
BCKDK	SRR1782962	122.88999068968783
BCKDK	SRR1782963	541.7079604185959
BCKDK	SRR1782964	478.17205814098577
BCKDK	SRR1782965	401.22385743639063
BCKDK	SRR1782966	1132
BCKDK	SRR1782967	371.4876541133754
BCKDK	SRR1782968	421.4401762304169
BCKDK	SRR1782969	311.68934622667246
BCKDK	SRR1782970	665.2174827121953
BCKDK	SRR1782971	376.214798043833
BCKDK	SRR1782972	187.04200970416272
BCKDK	SRR1782973	138.766480454767
BCKDK	SRR1782974	519
BCKDK	SRR1782975	308.7229901920648
BCKDK	SRR1782976	348.379363386302
BCKDK	SRR1782977	543.1954551685257
BCKDK	SRR1782978	847.9284676410755
BCKDK	SRR1782979	487.04898715089024
BCKDK	SRR1782980	776.3378452614145
BCKDK	SRR1782981	446.42600081028223
BCKDK	SRR1782982	709.0929456558158
BCKDK	SRR1782983	818.7837353882211
BCKDK	SRR1782984	1016.3657135381623
BCKDK	SRR1782985	765.1914390710216
BCKDK	SRR1782986	700.0862065735038
BCKDK	SRR1782987	556.7007862377574
BCKDK	SRR1782988	749
BCKDK	SRR1782989	337.9637354973266
BCKDK	SRR1782990	312.1308518248867
BCKDK	SRR1782991	470.93871469132415
BCKDK	SRR1782992	631.5419458052232
BCKDK	SRR1782993	335.836985227248
BCKDK	SRR1782994	683
BCKDK	SRR1782995	461.8020783076014
BCKDK	SRR1782996	570
BCKDK	SRR1782997	503.25207628432565
BCKDK	SRR1782998	291.054459325687
BCKDK	SRR1782999	216.51817031138285
BCKDK	SRR1783000	574.2306130731512
BCKDK	SRR1783001	432.96671856247514
BCKDK	SRR1783002	197.59398611313347
BCKDK	SRR1783003	1231
BCKDK	SRR1783004	625.8602299334143
BCKDK	SRR1783005	404.3212844820083
BCKDK	SRR1783006	372.65589640640246
BCKDK	SRR1813867	425.5894590529026
BCKDK	SRR1813868	434.0372303028817
BCKDK	SRR1813869	431.3083751384284
BCKDK	SRR1813870	329.47712896475167
BCKDK	SRR1813871	400.8435521488844
BCKDK	SRR1813872	474.60874074301023
BCKDK	SRR1813873	415.71215140403876
BCKDK	SRR1813874	525.2927693947112
BCKDK	SRR1813875	555
BCKDK	SRR1813876	735.9043008907393
BCKDK	SRR1813877	464.29291047435396
BCKDK	SRR1813878	597.4298627497391
BCKDK	SRR1813879	520
BCKDK	SRR1813880	613
BCKDK	SRR1813881	425.2387328287172
BCKDK	SRR1813882	397.4956816483661
BCKDK	SRR1813883	637.5257672984005
BCKDK	SRR1813884	388.90301401356976
BCKDK	SRR1813885	445
BCKDK	SRR1813886	566.7133903067818
BCKDK	SRR1813887	421.3936435061616
BCKDK	SRR1928188	711.7739506164359
BCKDK	SRR1928189	669.8630825345336
BCKDK	SRR1928190	677.9103587936323
BCKDK	SRR1928191	503.63861670167745
BCKDK	SRR1928192	163.0767181566435
BCKDK	SRR1928193	1.015364236413795
BCKDK	SRR2046996	360.0659961553822
BCKDK	SRR2046997	854.3924925290404
BCKDK	SRR2046998	764.162148767135
BCKDK	SRR2046999	427.25578676072143
BCKDK	SRR2047000	182.9363877909632
BCKDK	SRR2047001	743.9572584315672
BCKDK	SRR2047002	203.76855419972708
BCKDK	SRR2047003	297.91996113808545
BCKDK	SRR2047004	266.0986128699526
BCKDK	SRR2047005	515.1617487312589
BCKDK	SRR2047006	597.9609471454721
BCKDK	SRR2047007	1.0262840471791508
BCKDK	SRR2047008	593.3352198641171
BCKDK	SRR2047009	1.0185103595038079
BCKDK	SRR2313973	362.54096031168024
BCKDK	SRR2313974	702.1628480709547
BCKDK	SRR2313975	777.8910722342958
BCKDK	SRR2313976	418.04221180017083
BCKDK	SRR2313977	838.2230130345359
BCKDK	SRR2313978	217.5799295598238
BCKDK	SRR2313979	1350.839993840634
BCKDK	SRR2313980	431.50379491171316
BCKDK	SRR2313981	869.1041432098301
BCKDK	SRR2313982	695.0212968121693
BCKDK	SRR2313983	513.477068267612
BCKDK	SRR2313984	606.2920828459155
BCKDK	SRR2313985	691.8702745600649
BCKDK	SRR2313986	690.2453443334492
BCKDK	SRR2313987	1283.2629763383409
BCKDK	SRR2313988	665.9651657773193
BCKDK	SRR2313989	438.5958674796972
BCKDK	SRR2313990	583.8904161066993
BCKDK	SRR2313991	330.3657743103231
BCKDK	SRR2313992	545.901171739412
BCKDK	SRR2313993	684.0186542736516
BCKDK	SRR2313994	323.7501818049096
BCKDK	SRR2313995	542.2322088130385
BCKDK	SRR2313996	789.5647939710656
BCKDK	SRR2313997	674.1193167585661
BCKDK	SRR2313998	389.1557058486188
BCKDK	SRR2313999	793.3059427959646
BCKDK	SRR2314000	772.5401431848369
BCKDK	SRR2314001	629.5232433392202
BCKDK	SRR2314002	392.17337048831513
BCKDK	SRR2314003	337.1598261767195
BCKDK	SRR2314004	544.2850937667383
BCKDK	SRR2314005	674.3483155857153
BCKDK	SRR2314006	110.02900701636844
BCKDK	SRR2314007	886.3018952423876
BCKDK	SRR2314008	1947.5643091378547
BCKDK	SRR2314009	927.565039219564
BCKDK	SRR2314010	786.1346888906604
BCKDK	SRR2314011	797.591279065022
BCKDK	SRR2314012	428.0831858133493
BCKDK	SRR2314013	491.61605153157
BCKDK	SRR2314014	699.9177206756768
BCKDK	SRR2314015	469.61964461202604
BCKDK	SRR2314016	585.8867190858068
BCKDK	SRR2314017	429.13118668434555
BCKDK	SRR2314018	294.5602130612945
BCKDK	SRR2314019	1413.7631875618524
BCKDK	SRR2314020	224.6605623573802
BCKDK	SRR2314021	868.349659683479
BCKDK	SRR2314022	900.8723709505866
BCKDK	SRR2314023	586.6472291558199
BCKDK	SRR2314024	518.628768695487
BCKDK	SRR2314025	676.2685823634909
BCKDK	SRR2314026	481.3304719389772
BCKDK	SRR2314027	564.135051365765
BCKDK	SRR2314028	718.0523867448827
BCKDK	SRR2314029	1124.6277464583582
BCKDK	SRR2314030	442.0792746585367
BCKDK	SRR2314031	304.1657953439539
BCKDK	SRR2314032	526.9548650567981
BCKDK	SRR2314033	179.21154292472463
BCKDK	SRR2314034	193.51399983555805
BCKDK	SRR2314035	224.02722208887002
BCKDK	SRR2314036	469.98352290711495
BCKDK	SRR2314037	611.032002806922
BCKDK	SRR2314038	395.25207945598896
BCKDK	SRR2314039	622.6379615255703
BCKDK	SRR2314040	445.8000851197529
BCKDK	SRR2314041	760.6708527900126
BCKDK	SRR2314042	1005.0763871980781
BCKDK	SRR2314043	308.7224663230959
BCKDK	SRR2314044	590.4927799230766
BCKDK	SRR2314045	835.210228917913
BCKDK	SRR3493774	472
BCKDK	SRR3493775	563
BCKDK	SRR3493776	581.7574428756592
BCKDK	SRR3493777	570.3678228826603
BCKDK	SRR3493778	891
BCKDK	SRR3493779	440.47059062356396
BCKDK	SRR3493780	57.73978371540405
BCKDK	SRR3493781	586
BCKDK	SRR3493782	370.0335524239193
BCKDK	SRR3493783	419.07999194404675
BCKDK	SRR3493784	125.54249300064278
BCKDK	SRR3493785	479.39535719926823
BCKDK	SRR3493786	71.80590573018254
BCKDK	SRR3493787	712
BCKDK	SRR3493788	411
BCKDK	SRR3493789	113.021851015081
BCKDK	SRR3493790	598
BCKDK	SRR3493791	790.1366291933729
BCKDK	SRR3493792	712.5126671320172
BCKDK	SRR3493793	311.95491125662886
BCKDK	SRR3493794	478.4760363023616
BCKDK	SRR3493795	398.43133539034795
BCKDK	SRR3493796	616.9674496682234
BCKDK	SRR3493797	602
BCKDK	SRR3493798	528.7471028588664
BCKDK	SRR3493799	633
BCKDK	SRR3493800	543.8528512176104
BCKDK	SRR3493801	373.304811606929
BCKDK	SRR3493802	805
BCKDK	SRR3493803	451
BCKDK	SRR3493804	542.390260653867
BCKDK	SRR3493805	645.508260890537
BCKDK	SRR3493806	463
BCKDK	SRR3493807	863
BCKDK	SRR3493808	356.68962875583816
BCKDK	SRR3493809	295.9530515930017
BCKDK	SRR3493810	1325
BCKDK	SRR3493811	1667
BCKDK	SRR3493812	514.3700995868776
BCKDK	SRR3493813	474.8537059885789
BCKDK	SRR3493814	465
BCKDK	SRR3493815	657.911627094542
BCKDK	SRR3493816	651
BCKDK	SRR3493817	842.3590293669358
BCKDK	SRR3493818	176.60744312091632
BCKDK	SRR3493819	954
BCKDK	SRR3493820	83.01869521316773
BCKDK	SRR3493821	326.7148668818217
BCKDK	SRR3493822	749
BCKDK	SRR3493823	783.6535137626388
BCKDK	SRR3493824	561.1199998725033
BCKDK	SRR3493825	937.2083975487591
BCKDK	SRR3493826	733.5277879322592
BCKDK	SRR3493827	649
BCKDK	SRR3493828	619
BCKDK	SRR3493829	767.7939873325332
BCKDK	SRR3493830	489.98418549392477
BCKDK	SRR3493831	820.6086124530955
BCKDK	SRR3493832	738.1328111751606
BCKDK	SRR3493833	744.4100826545211
BCKDK	SRR3493834	775
BCKDK	SRR3493835	622.1266726050665
BCKDK	SRR3493836	898
BCKDK	SRR3493837	225.1451932431554
BCKDK	SRR3493838	740
BCKDK	SRR3493839	191.55063056783052
BCKDK	SRR3493840	300.6462208072049
BCKDK	SRR3493841	925.9973831338045
BCKDK	SRR3493846	183.07339129557224
BCKDK	SRR3493847	59.08771455324508
BCKDK	SRR3493848	498.0896205490921
BCKDK	SRR3493849	448.28804154394436
BCKDK	SRR3493850	474
BCKDK	SRR3714631	155
BCKDK	SRR3714632	134.74137845668406
BCKDK	SRR3714633	662.4483309400441
BCKDK	SRR3714634	261.6267411923139
BCKDK	SRR3714635	343
BCKDK	SRR3714636	274
BCKDK	SRR3714637	832
BCKDK	SRR3714638	696
BCKDK	SRR3714639	353.82961241150747
BCKDK	SRR3714640	423.91210255579796
BCKDK	SRR3714641	453.26011992027304
BCKDK	SRR3714642	400.44152343161664
BCKDK	SRR3714643	298.77404167369957
BCKDK	SRR3714644	520.1262283690238
BCKDK	SRR3714645	809.0389581364761
BCKDK	SRR3714646	888.1598053164535
BCKDK	SRR3714648	544.715887314149
BCKDK	SRR3714649	259.54222134271515
BCKDK	SRR3714650	397.6316613331008
BCKDK	SRR3714651	528.0158360103501
BCKDK	SRR3714652	322.9849038048005
BCKDK	SRR3714653	861
BCKDK	SRR3714654	647
BCKDK	SRR3714655	369.1992526161278
BCKDK	SRR3714656	179.23528622597738
BCKDK	SRR3714657	435.6759327632837
BCKDK	SRR3714658	461.16400101651806
BCKDK	SRR3714659	361.28362308840906
BCKDK	SRR3714660	585
BCKDK	SRR3714661	676
BCKDK	SRR3714662	3.032359690344212
BCKDK	SRR3714663	1392.7516521453927
BCKDK	SRR3714664	439.87883311098335
BCKDK	SRR3714665	571
BCKDK	SRR3714666	812
BCKDK	SRR3714667	338.5276901878767
BCKDK	SRR3714668	679
BCKDK	SRR3714669	567.4113741446296
BCKDK	SRR3714670	1017.2316302840062
BCKDK	SRR3714671	1111.116093736205
BCKDK	SRR3714672	325.8153726099357
BCKDK	SRR3714673	656.5625316150615
BCKDK	SRR3714674	197.34591046908645
BCKDK	SRR3714675	327.96222856873
BCKDK	SRR3714676	1356
BCKDK	SRR3714677	973.1287366380571
BCKDK	SRR3714678	508.17120450450545
BCKDK	SRR3714679	779.0625971089595
BCKDK	SRR3714680	451.64214107186547
BCKDK	SRR3714681	499.62254588463924
BCKDK	SRR3714682	331.2178483264571
BCKDK	SRR3714683	1034.97497890752
BCKDK	SRR3714684	588.4087421027423
BCKDK	SRR3714685	247.39176517009918
BCKDK	SRR3714686	285.30399943193913
BCKDK	SRR3714688	13.093797429817238
BCKDK	SRR3714689	606.7567863746785
BCKDK	SRR3714690	495.1574502421932
BCKDK	SRR3714691	1135
BCKDK	SRR3714692	475.8438160876369
BCKDK	SRR3714693	472.24128316437077
BCKDK	SRR3714694	733.6202076186677
BCKDK	SRR3714695	617.2614254455644
BCKDK	SRR3714696	551
BCKDK	SRR3714697	718.3663115969665
BCKDK	SRR3714698	187.38833180576083
BCKDK	SRR3714699	205.22757877482826
BCKDK	SRR3714700	254.13815617504153
BCKDK	SRR3714701	507.15373368671294
BCKDK	SRR3714702	562.1698957830494
BCKDK	SRR3714703	553.4977711309818
BCKDK	SRR3714704	631.4826440113075
BCKDK	SRR3714705	1016.8223187372237
BCKDK	SRR3714706	1.0348625162168688
BCKDK	SRR3714707	472.2196020745773
BCKDK	SRR3714708	69.56306060379849
BCKDK	SRR3714709	735.8710104892311
BCKDK	SRR3714710	326.5620407933146
BCKDK	SRR3714711	233.9845656087839
BCKDK	SRR3714712	394
BCKDK	SRR3714713	402
BCKDK	SRR3714714	460
BCKDK	SRR3714715	328.5034355132106
BCKDK	SRR3714716	837
BCKDK	SRR3714717	490
BCKDK	SRR3714718	643
BCKDK	SRR3714719	264.1552832325604
BCKDK	SRR3714720	434.2623853055982
BCKDK	SRR3714721	350.1643844676761
BCKDK	SRR3714723	419.5347318392159
BCKDK	SRR3714724	880.4352261316757
BCKDK	SRR3714725	352.2765171111367
BCKDK	SRR3714726	506.76463267668856
BCKDK	SRR3714727	279.50214118713996
BCKDK	SRR3714728	884.0793931505111
BCKDK	SRR3714729	1.0258093057558688
BCKDK	SRR3714730	563.4507504335448
BCKDK	SRR3714731	1113.2002965283925
BCKDK	SRR3714732	611.0623990636075
BCKDK	SRR3714734	446.13666286826816
BCKDK	SRR3714735	710.3592720671273
BCKDK	SRR3714736	370.8919822621021
BCKDK	SRR3714737	462
BCKDK	SRR3714738	464.6696150298916
BCKDK	SRR3714739	349.68548837172636
BCKDK	SRR3714740	776.4217304735068
BCKDK	SRR3714741	888.850803208729
BCKDK	SRR3714744	549.5378943230369
BCKDK	SRR3714745	409.8565880575072
BCKDK	SRR3714746	30.25067131539201
BCKDK	SRR3714747	435.7620231093022
BCKDK	SRR3714748	270.0233904555722
BCKDK	SRR3714749	1.0205775690941423
BCKDK	SRR3714750	297.344849306836
BCKDK	SRR3714751	140.11555325239573
BCKDK	SRR3714752	142
BCKDK	SRR3714753	705.2957170512461
BCKDK	SRR3714754	893
BCKDK	SRR3714755	261.88726490035765
BCKDK	SRR3714756	123.59178922478675
BCKDK	SRR3714757	601.6023996582785
BCKDK	SRR3714758	691.7345496031354
BCKDK	SRR3714759	800.7348195155179
BCKDK	SRR3714760	263.1697147686661
BCKDK	SRR3714761	798.0995206914561
BCKDK	SRR3714762	407.1737237035641
BCKDK	SRR3714764	492
BCKDK	SRR3714765	353.99157263262543
BCKDK	SRR3714766	670
BCKDK	SRR3714767	313.01948346771655
BCKDK	SRR3714768	671
BCKDK	SRR5176628	489.30902410422624
BCKDK	SRR5176629	507.8698545560333
BCKDK	SRR5176630	574.2719031324316
BCKDK	SRR5176631	426.0323941523937
BCKDK	SRR5176632	454.272190837169
BCKDK	SRR5176633	583.7081685888253
BCKDK	SRR5176634	453.25925176058627
BCKDK	SRR5176635	728.4109693177344
BCKDK	SRR5176636	1409.6490165392504
BCKDK	SRR5176637	234.73397810258177
BCKDK	SRR5176638	1.122472464979261
BCKDK	SRR5176639	433
BCKDK	SRR5176640	160.77330726572265
BCKDK	SRR5176641	472.78843932002997
BCKDK	SRR5176642	767.4603970393699
BCKDK	SRR5176643	605.0426561779282
BCKDK	SRR5176644	790.1421691441421
BCKDK	SRR5176645	318.7068018503982
BCKDK	SRR5176646	345.2223294823035
BCKDK	SRR5176647	613.5311344483861
BCKDK	SRR5176648	1010.830835240323
BCKDK	SRR5176649	559.6947716802815
BCKDK	SRR5176650	707.446318732635
BCKDK	SRR5176651	913.2629102721969
BCKDK	SRR5176652	899.927128883276
BCKDK	SRR5176653	583.5534849942163
BCKDK	SRR5176654	529.2396873276138
BCKDK	SRR5176655	530.6283848239436
BCKDK	SRR5176656	88.78409161888769
BCKDK	SRR5176657	1.0798186787512312
BCKDK	SRR5176658	451.7309875023706
BCKDK	SRR5176659	387.8300683403784
BCKDK	SRR5176660	931.0461700217244
BCKDK	SRR5176661	220.1757223833234
BCKDK	SRR5176662	1147.3159422238455
BCKDK	SRR5176663	147.92221279248542
BCKDK	SRR5176664	788
BCKDK	SRR5176665	309.67271004592527
BCKDK	SRR5176666	388.46828084500106
BCKDK	SRR5176667	43.13730510795684
BCKDK	SRR5176668	658.8364829193932
BCKDK	SRR5176669	658.145743919055
BCKDK	SRR5176670	413.62768498277103
BCKDK	SRR5176671	762.3578392887325
BCKDK	SRR5176672	583.1751676381633
BCKDK	SRR5176673	477.2567097893585
BCKDK	SRR5176674	465.0661842971158
BCKDK	SRR5176675	465.93859665532705
BCKDK	SRR5176676	334.9928846415088
BCKDK	SRR5176677	1320.9001443676284
BCKDK	SRR5176678	1685.4946741545768
BCKDK	SRR5176679	988.6667348648597
BCKDK	SRR5176680	644.8057808130235
BCKDK	SRR5176681	376.4061745855829
BCKDK	SRR5176682	181.74852573999937
BCKDK	SRR5176683	477.1352020659774
BCKDK	SRR5176684	684.7948792132752
BCKDK	SRR5176685	443.3000822819523
BCKDK	SRR5176686	397.6873683467555
BCKDK	SRR5176687	1082.7649168599403
BCKDK	SRR5176688	512.6067393860127
BCKDK	SRR5176689	612.4566876653626
BCKDK	SRR5176690	294.1975530683475
BCKDK	SRR5176691	503.4527646996092
BCKDK	SRR5176692	498.7759550304367
BCKDK	SRR5176693	705.0783949639525
BCKDK	SRR5176694	1218
BCKDK	SRR5176695	345.715210198373
BCKDK	SRR5176696	1.1276067886443841
BCKDK	SRR5176697	217.7471720260762
BCKDK	SRR5176698	1.164477770967963
BCKDK	SRR5176699	341.0737751721244
BCKDK	SRR5176700	45.72737622473477
BCKDK	SRR5176701	559.3549962653219
BCKDK	SRR5176702	1223
BCKDK	SRR5176703	492.7190505014711
BCKDK	SRR5176704	755.2777595859113
BCKDK	SRR5176705	438.89325644691263
BCKDK	SRR5176706	936.5082883163839
BCKDK	SRR5176707	724.7434678552945
BCKDK	SRR5176708	501.7216047921645
BCKDK	SRR5176709	380.8006168635092
BCKDK	SRR5176710	691
BCKDK	SRR5176711	1012.9233541068654
BCKDK	SRR5176712	512.2991595462614
BCKDK	SRR5176713	690.930835024056
BCKDK	SRR5176714	475.83841511858236
BCKDK	SRR5176715	529.6667552513914
BCKDK	SRR5176716	574.1256957138243
BCKDK	SRR5176717	827.2836495732464
BCKDK	SRR5176718	542.6100599070157
BCKDK	SRR5176719	506.1758717072343
BCKDK	SRR5176720	733
BCKDK	SRR5176721	665
BCKDK	SRR5176722	738.0420343850484
BCKDK	SRR5176723	435.0223180141494
BCKDK	SRR5176724	622.2911614802515
BCKDK	SRR5176725	356.269711239158
BCKDK	SRR5176726	1000
BCKDK	SRR5176727	1069.609943691875
BCKDK	SRR5176728	624.8687093411397
BCKDK	SRR5176729	557.0407166805816
BCKDK	SRR5176730	361.29023449688526
BCKDK	SRR5176731	257.1621038580295
BCKDK	SRR5176732	720
BCKDK	SRR5176733	603.3362751932352
BCKDK	SRR5176734	196.67789581909122
BCKDK	SRR5176735	938.1794374613293
BCKDK	SRR5176736	706.3656973956907
BCKDK	SRR5176737	520.5036089977042
BCKDK	SRR5176738	579.0965640121456
BCKDK	SRR5176739	976.5670493640665
BCKDK	SRR5176740	771.1275378302937
BCKDK	SRR5176741	32.26742672076612
BCKDK	SRR5176742	934.5199456815209
BCKDK	SRR5176743	546.1899522251082
BCKDK	SRR5176744	654.503755437212
BCKDK	SRR5176745	315.7708170462949
BCKDK	SRR5176746	960.1264977327564
BCKDK	SRR5176747	547
BCKDK	SRR5176748	806.0146275564651
BCKDK	SRR5176749	1024.2972925630909
BCKDK	SRR5176750	511.00219626136686
BCKDK	SRR5176751	555.9728571916946
BCKDK	SRR5176752	443.9768327732167
BCKDK	SRR5176753	846.2037987745076
BCKDK	SRR5176754	605.1414990975024
BCKDK	SRR5176755	1011.4703764775375
BCKDK	SRR5176756	230.35744849506065
BCKDK	SRR5176757	413.73639857226595
BCKDK	SRR5176758	195.11151989388108
BCKDK	SRR5176759	122.20156291574247
BCKDK	SRR5176760	459.5985584826868
BCKDK	SRR5176761	1000.7765686915416
BCKDK	SRR5176762	1.0740318196782621
BCKDK	SRR5176763	679.0089675409595
BCKDK	SRR5176764	412.29665569998747
BCKDK	SRR5176765	412.6803941045243
BCKDK	SRR5176766	671.8816067569608
BCKDK	SRR5176767	1036.040681997272
BCKDK	SRR5176768	133.96237134394985
BCKDK	SRR5176769	631.8164567293816
BCKDK	SRR5176770	574.3166456944986
BCKDK	SRR5176771	859.0677552975476
BCKDK	SRR5176772	948.8450976738287
BCKDK	SRR5176773	517.8046607079744
BCKDK	SRR5176774	284.7262414693892
BCKDK	SRR5176775	448.1074274204578
BCKDK	SRR5176776	81.65745657373544
BCKDK	SRR5176777	377.65831621712545
BCKDK	SRR5176778	262.45453097484716
BCKDK	SRR5176779	714.5817119367761
BCKDK	SRR5176780	870.5943084610333
BCKDK	SRR5176781	520.1975382394927
BCKDK	SRR5176782	947.528563231357
BCKDK	SRR5176783	843.5789500411092
BCKDK	SRR5176784	978.937703142892
BCKDK	SRR5176785	396.68359577228404
BCKDK	SRR5176786	1411
BCKDK	SRR5176787	985.3324886654717
BCKDK	SRR5176788	494.7464886117663
BCKDK	SRR5176789	645.8858618263782
BCKDK	SRR5176790	896.2785570609134
BCKDK	SRR5176791	1135.7671291329339
BCKDK	SRR5176792	792
BCKDK	SRR5176793	220.94563322314474
BCKDK	SRR5176794	630.8036734398324
BCKDK	SRR5176795	257.0582323261812
BCKDK	SRR5176796	440.58470076957013
BCKDK	SRR5176797	839.7596354114413
BCKDK	SRR5176798	605.1370735252328
BCKDK	SRR5176799	1649
BCKDK	SRR5176800	291.2409920375078
BCKDK	SRR5176801	211.5072785711039
BCKDK	SRR5176802	603.2315363940908
BCKDK	SRR5176803	847.399656928443
BCKDK	SRR5176804	248.13372510652923
BCKDK	SRR5176805	610.3205426147955
BCKDK	SRR5176806	329.3861130330512
BCKDK	SRR5176807	611.3942803180797
BCKDK	SRR5176808	1889.6799536157366
BCKDK	SRR5176809	793.1409509773781
BCKDK	SRR5176810	597
BCKDK	SRR5176811	1135
BCKDK	SRR5176812	724.7821021275586
BCKDK	SRR5176813	693.7486143292791
BCKDK	SRR5176814	540
BCKDK	SRR5176815	356.8460076681505
BCKDK	SRR5176816	419.8059614915859
BCKDK	SRR5176817	694.5587354916472
BCKDK	SRR5176818	522.2751647055894
BCKDK	SRR5176819	96.83230991753312
BCKDK	SRR5176820	601.9946943084997
BCKDK	SRR5176821	320.85006811980855
BCKDK	SRR5176822	279.84247153520835
BCKDK	SRR5176823	1001.7228110577695
BCKDK	SRR5176824	561.1137904968293
BCKDK	SRR5176825	641.6924412482942
BCKDK	SRR5176826	615.924779975098
BCKDK	SRR5176827	826.0794321592193
BCKDK	SRR5176828	656.5742924899203
BCKDK	SRR5176829	848.2491691381534
BCKDK	SRR5176830	519.1868162660494
BCKDK	SRR5176831	831.2027308095251
BCKDK	SRR5176832	453.410080139093
BCKDK	SRR5176833	705.987312029585
BCKDK	SRR5176834	578.1898291827015
BCKDK	SRR5176835	454.579233690002
BCKDK	SRR5176836	451.37224654878906
BCKDK	SRR5176837	158.68066230636407
BCKDK	SRR5176838	184.43855753416074
BCKDK	SRR5176839	185.16463849930034
BCKDK	SRR5176840	580.2698500068959
BCKDK	SRR5176841	381.07533272233974
BCKDK	SRR5176842	286.7490095071631
BCKDK	SRR5176843	344.6047050455377
BCKDK	SRR5176844	642.8481726405295
BCKDK	SRR5176845	348.9563236459027
BCKDK	SRR5176846	971.2874217451642
BCKDK	SRR5176847	405.8852507920826
BCKDK	SRR5176848	499.16703290007683
BCKDK	SRR5176849	694.0930348321683
BCKDK	SRR5176850	653.6956112834808
BCKDK	SRR5176851	700.7318844686267
BCKDK	SRR5176852	80.73320892174553
BCKDK	SRR5176853	467.1405503892604
BCKDK	SRR5176854	86.85172558259225
BCKDK	SRR5176855	684.548473067479
BCKDK	SRR5176856	250.89465803356995
BCKDK	SRR5176857	408.4107100799876
BCKDK	SRR5176858	604.1068547773908
BCKDK	SRR5176859	1053.8482401947103
BCKDK	SRR5176860	1207
BCKDK	SRR5176861	539.025709669949
BCKDK	SRR5176862	763.3799844911972
BCKDK	SRR5176863	507.23845171022697
BCKDK	SRR5176864	451.15668710584896
BCKDK	SRR5176865	539.025709669949
BCKDK	SRR5176866	829
BCKDK	SRR5176867	474.9891905477098
BCKDK	SRR5176868	480.0517125998594
BCKDK	SRR5176869	886.1636191933609
BCKDK	SRR5176870	732.2769732759948
BCKDK	SRR5176871	857.8972190416831
BCKDK	SRR5176872	374.9937110949826
BCKDK	SRR5861974	662.530362514538
BCKDK	SRR5861975	580.1883154649532
BCKDK	SRR5861976	91.51635934778203
BCKDK	SRR5861977	1000
BCKDK	SRR5861978	707.3975106314119
BCKDK	SRR5861979	620.7268818702498
BCKDK	SRR5861980	697
BCKDK	SRR5861981	291.6575353518088
BCKDK	SRR5861982	1.2333293129099616
BCKDK	SRR5861983	579.9384518045955
BCKDK	SRR5861984	981.806190674601
BCKDK	SRR5861985	409.79880260169875
BCKDK	SRR5861986	420.83216807108687
BCKDK	SRR5861987	451.59364702039653
BCKDK	SRR5861988	438.3547624805379
BCKDK	SRR5861989	392.7820330838161
BCKDK	SRR5861990	483.43864181835386
BCKDK	SRR5861991	570
BCKDK	SRR5861992	744
BCKDK	SRR5861993	299.10087405250215
BCKDK	SRR5861994	656
BCKDK	SRR5861995	456.9275196940065
BCKDK	SRR5861996	473.94958738366
BCKDK	SRR5861997	175.33300657508482
BCKDK	SRR5861998	325.8467125889501
BCKDK	SRR5861999	147.8509408280733
BCKDK	SRR5862000	445.1601796500809
BCKDK	SRR5862001	563
BCKDK	SRR5862002	811.8760840130525
BCKDK	SRR5862003	851.0484530310594
BCKDK	SRR5862004	503.76049081550315
BCKDK	SRR5862005	583.0445210277404
BCKDK	SRR5862006	672.5069496314422
BCKDK	SRR5862007	465.8745831385869
BCKDK	SRR5862008	502.99585681723363
BCKDK	SRR5862009	629.2135786901449
BCKDK	SRR5862010	152.4328762571304
BCKDK	SRR5862011	359.3228015882736
BCKDK	SRR5862012	542.7630474048633
BCKDK	SRR5862013	520.5318585673374
BCKDK	SRR5862014	363.75747983742616
BCKDK	SRR5862015	704
BCKDK	SRR5862016	674.7984929299106
BCKDK	SRR5862017	1119.0931651155038
BCKDK	SRR5862018	1042.131767663914
BCKDK	SRR5862019	477.73874738072607
BCKDK	SRR5862020	434.4564966960871
BCKDK	SRR5862021	604.5761114343929
BCKDK	SRR5862022	624.9913063240754
BCKDK	SRR5862023	136.01023285497288
BCKDK	SRR5862024	1002.6860176139818
BCKDK	SRR5862025	617
BCKDK	SRR5862026	349.6619664026589
BCKDK	SRR5862027	481.2597303749525
BCKDK	SRR5862028	10.136283208468447
BCKDK	SRR5862029	135.69261018967865
BCKDK	SRR5862030	871.3753919748455
BCKDK	SRR5862031	979.7195746466815
BCKDK	SRR5862032	57.959073067112854
BCKDK	SRR5862033	429.64290329197604
BCKDK	SRR5862034	1.2455161624992859
BCKDK	SRR5862035	844.5194093756332
BCKDK	SRR5862036	747.7475013315329
BCKDK	SRR5862037	449.1302908299301
BCKDK	SRR5862038	248.19173644616373
BCKDK	SRR5862039	595.0253936584261
BCKDK	SRR5862040	367.34363635737344
BCKDK	SRR5862041	745.9606880830925
BCKDK	SRR5862042	895.8251259971593
BCKDK	SRR5862043	1091
BCKDK	SRR5862044	445.607783693428
BCKDK	SRR5862045	1070.435823875953
BCKDK	SRR5862046	359.7791797210953
BCKDK	SRR5862047	483.1694916558878
BCKDK	SRR5862048	1.2470733792685733
BCKDK	SRR5862049	1015.4319201015636
BCKDK	SRR5862050	580.8961865220585
BCKDK	SRR5862051	265.233590717578
BCKDK	SRR5862052	957.296531589294
BCKDK	SRR5862053	473.2403850492912
BCKDK	SRR5862054	322.16902384512144
BCKDK	SRR5862055	335.42523841778296
BCKDK	SRR5862056	583.4466098569054
BCKDK	SRR5862057	566.3026610644599
BCKDK	SRR5862058	935.115264087786
BCKDK	SRR5862059	230.18695409296052
BCKDK	SRR5862060	599.3953895822489
BCKDK	SRR5862061	995.5326251519153
BCKDK	SRR5862062	630.3401873933889
BCKDK	SRR5862063	390.61171721932595
BCKDK	SRR5862064	1659.2079360103035
BCKDK	SRR5862065	849.1330032913506
BCKDK	SRR5862066	524.6925749355817
BCKDK	SRR5862067	1.2340297724805442
BCKDK	SRR5862068	632.973755020542
BCKDK	SRR5862069	532.1293999651355
BCKDK	SRR5862070	386.05791892797663
BCKDK	SRR5862071	1.2517458229536382
BCKDK	SRR5862072	1.2634612941586179
BCKDK	SRR5862073	719.3348357908591
BCKDK	SRR5862074	604.0219123936134
BCKDK	SRR5862075	631.2530582709545
BCKDK	SRR5862076	1.240670619317905
BCKDK	SRR5862077	972.8024324967894
BCKDK	SRR5862078	104.51159561271568
BCKDK	SRR5862079	568.6878007271133
BCKDK	SRR5862080	519.3463727972272
BCKDK	SRR5862081	1043.7987545321212
BCKDK	SRR5862082	779.9155784267988
BCKDK	SRR5862083	1119
BCKDK	SRR5862084	331.2427679946501
BCKDK	SRR5862085	463
BCKDK	SRR5862086	1376.2194843607494
BCKDK	SRR5862087	670.7926536636418
BCKDK	SRR5862088	1.121721315480128
BCKDK	SRR5862089	538.5186321559676
BCKDK	SRR5862090	771.316290837136
BCKDK	SRR5862091	506.90051911369346
BCKDK	SRR5862092	622.5197713480284
BCKDK	SRR5862093	1823.3280687971785
BCKDK	SRR5862094	625.0762096867866
BCKDK	SRR5862095	107.64582245590917
BCKDK	SRR5862096	595.2840320145887
BCKDK	SRR5862097	772.0313657746631
BCKDK	SRR5862098	1486.0327437827716
BCKDK	SRR5862099	719.7538038748833
BCKDK	SRR5862100	661.7344367214665
BCKDK	SRR5862101	506.85337549553446
BCKDK	SRR5862102	945.4352062721555
BCKDK	SRR5862103	643.6579409926874
BCKDK	SRR5862104	505.07926117214504
BCKDK	SRR5862105	537.8554452887936
BCKDK	SRR5862106	966.091394352824
BCKDK	SRR5862107	1377
BCKDK	SRR5862108	717.8824172446004
BCKDK	SRR5862109	776.3958273020014
BCKDK	SRR5862110	704.5288355863167
BCKDK	SRR5862111	257.6951949868222
BCKDK	SRR5862112	850.143238017562
BCKDK	SRR5862113	229.97771353668645
BCKDK	SRR5862114	726.3563589834255
BCKDK	SRR5862115	693.5508376487805
BCKDK	SRR5862116	934.2174762050181
BCKDK	SRR5862117	758.4631419453559
BCKDK	SRR5862118	846.9420816092729
BCKDK	SRR5862119	299.21354983519205
BCKDK	SRR5862120	1026.9235319717675
BCKDK	SRR5862121	481.6929260355036
BCKDK	SRR5862122	955.9455859597139
BCKDK	SRR5862123	533.2061312912135
BCKDK	SRR5862124	440.3913373836609
BCKDK	SRR5862125	1196
BCKDK	SRR5862126	658.5922846368645
BCKDK	SRR5862127	430.59202964525866
BCKDK	SRR5862128	936.4466962784714
BCKDK	SRR5862129	1.0783123695394767
BCKDK	SRR5862130	565.4662140700689
BCKDK	SRR5862131	860.9474939457751
BCKDK	SRR5862132	706.6354908109823
BCKDK	SRR5862133	735.6615945411785
BCKDK	SRR5862134	544.0978987524219
BCKDK	SRR5862135	622.6849500356873
BCKDK	SRR5862136	601.2163325161766
BCKDK	SRR5862137	698.5066840305864
BCKDK	SRR5862138	562.9926831828218
BCKDK	SRR5862139	800.055990422388
BCKDK	SRR5862140	662.1412094636318
BCKDK	SRR5862141	840.5854705506543
BCKDK	SRR5862142	686.8399220655775
BCKDK	SRR5862143	1004.3613940869241
BCKDK	SRR5862144	533.9631232147246
BCKDK	SRR5862145	859.8066180473302
BCKDK	SRR5862146	500.60645888774695
BCKDK	SRR5862147	634.5123481323623
BCKDK	SRR5862148	680
BCKDK	SRR5862149	739.179300841958
BCKDK	SRR5862150	573.3746986620434
BCKDK	SRR5862151	381.54155939132113
BCKDK	SRR5862152	367.5746066579799
BCKDK	SRR5862153	471.39928161337986
BCKDK	SRR5862154	732
BCKDK	SRR5862155	516.1869176989425
BCKDK	SRR5862156	263.49497218102175
BCKDK	SRR5862157	978.5966354152097
BCKDK	SRR5862158	1057.570758848908
BCKDK	SRR5862159	830.8208265666085
BCKDK	SRR5862160	484.6546693996177
BCKDK	SRR5862161	545.479631608527
BCKDK	SRR5862162	989.212510526615
BCKDK	SRR5862163	600.0215657643631
BCKDK	SRR5862164	210.0064640828587
BCKDK	SRR5862165	743.1778259358604
BCKDK	SRR5862166	648.7474436090689
BCKDK	SRR5862167	623.2980067621103
BCKDK	SRR5862168	624.0288483667928
BCKDK	SRR5862169	675.4443113847807
BCKDK	SRR5862170	556.9753528769745
BCKDK	SRR5862171	469.7888908665429
BCKDK	SRR5862172	1005.7331569580131
BCKDK	SRR5862173	522.6400994883815
BCKDK	SRR5862174	630.2417665940782
BCKDK	SRR5862175	836.0152398371232
BCKDK	SRR5862176	373.2885195248636
BCKDK	SRR5862177	192.95936896438786
BCKDK	SRR5862178	280.79009387921934
BCKDK	SRR5862179	993.5349762780257
BCKDK	SRR5862180	1.163410651901285
BCKDK	SRR5862181	1632.3978608777454
BCKDK	SRR5862182	931.429415679285
BCKDK	SRR5862183	640.1112481041409
BCKDK	SRR5862184	368.59379724828284
BCKDK	SRR5862185	799
BCKDK	SRR5862186	970.9874125520964
BCKDK	SRR5862187	943.9405862876392
BCKDK	SRR5862188	234.7830965088863
BCKDK	SRR5862189	528.2443252903661
BCKDK	SRR5862190	1292.7062373408046
BCKDK	SRR5862191	414.719528934605
BCKDK	SRR5862192	143.13113961663197
BCKDK	SRR5862193	830.9486024453487
BCKDK	SRR5862194	488.52122260443014
BCKDK	SRR5862195	582.6291607430289
BCKDK	SRR5862196	833
BCKDK	SRR5862197	796
BCKDK	SRR5862198	500.7849936812457
BCKDK	SRR5862199	698.7059305178423
BCKDK	SRR5862200	547.1561380638984
BCKDK	SRR5862201	308.9662462387827
BCKDK	SRR5862202	378.85910815613164
BCKDK	SRR5862203	224.26563505376606
BCKDK	SRR5862204	713
BCKDK	SRR5862205	1201
BCKDK	SRR5862206	735.8507745257989
BCKDK	SRR5862207	899.7101835285896
BCKDK	SRR5862208	500.29333922774674
BCKDK	SRR5862209	392.31711351808883
BCKDK	SRR5862210	1336
BCKDK	SRR5862211	508.86317689148126
BCKDK	SRR5862212	673.8656660472599
BCKDK	SRR5862213	620.8273313969866
BCKDK	SRR5862214	514.3844422858285
BCKDK	SRR5862215	887.099812250151
BCKDK	SRR5862216	554.9692960776302
BCKDK	SRR5862217	623.9914259538508
BCKDK	SRR5862218	555.4995713882367
BCKDK	SRR5862219	233.23159262933075
BCKDK	SRR5862220	481.13847066509516
BCKDK	SRR5862221	1186
BCKDK	SRR5862222	578.8641043022441
BCKDK	SRR5862223	212.76876503538122
BCKDK	SRR5862224	266.0182738015543
BCKDK	SRR5862225	649.7002452953946
BCKDK	SRR5862226	553.597379111243
BCKDK	SRR5862227	1599
BCKDK	SRR5862228	411.6299550974612
BCKDK	SRR5862229	623.6185381008441
BCKDK	SRR5862230	533.778368202116
BCKDK	SRR5862231	595.2114025786898
BCKDK	SRR5862232	536.8473807100049
BCKDK	SRR5862233	707.9298351372162
BCKDK	SRR5862234	397.28106279329256
BCKDK	SRR5862235	713.6417917113745
BCKDK	SRR5862236	494.0439122078789
BCKDK	SRR5862237	483.396533658229
BCKDK	SRR5862238	410.33840595344464
BCKDK	SRR5862239	554.2040962193241
BCKDK	SRR5862240	659.778453787553
BCKDK	SRR5862241	585.5773616222127
BCKDK	SRR5862242	381.59011930294685
BCKDK	SRR5862243	327.7957626286793
BCKDK	SRR5862244	294.07823278921757
BCKDK	SRR5862245	708.4662810797066
BCKDK	SRR5862246	563.0587473695554
BCKDK	SRR5862247	545.9726138405563
BCKDK	SRR5862248	529.380900158479
BCKDK	SRR5862249	807.8002936532808
BCKDK	SRR5862250	28.294830857811203
BCKDK	SRR5862251	455.5475667714493
BCKDK	SRR5862252	483.21579797147314
BCKDK	SRR5862253	525.9787964728896
BCKDK	SRR5862254	338.33535118420303
BCKDK	SRR5862255	354.7294088686491
BCKDK	SRR5862256	912.8720047203773
BCKDK	SRR5862257	384.05328388021036
BCKDK	SRR5862258	604.5394934547857
BCKDK	SRR5862259	185.4548558655425
BCKDK	SRR5862260	316.0417153154179
BCKDK	SRR5862261	448.14957583271496
BCKDK	SRR5862262	162.55902337793384
BCKDK	SRR5862263	331.2722019091972
BCKDK	SRR5862264	198.11410849820504
BCKDK	SRR5862265	377.44698316722025
BCKDK	SRR5862266	632.413480670661
BCKDK	SRR5862267	209.92001000181497
BCKDK	SRR5862268	305.46710686356425
BCKDK	SRR5862269	494.91188921975595
BCKDK	SRR5862270	495.09654475989737
BCKDK	SRR5862271	445.59769172870807
BCKDK	SRR5862272	301.29172670943444
BCKDK	SRR5862273	288.9547441210966
BCKDK	SRR5862274	415.87933983290714
BCKDK	SRR5862275	450.69439717098174
BCKDK	SRR5862276	382.44184810516214
BCKDK	SRR5862277	669.2016210751486
BCKDK	SRR5949109	383.258488448062
BCKDK	SRR5949110	382.7504986663129
BCKDK	SRR5949111	383.25619927056255
BCKDK	SRR5949112	383.2634804160611
BCKDK	SRR5949113	383.08535206124
BCKDK	SRR5949114	383.2634804160611
BCKDK	SRR5949115	383.258488448062
BCKDK	SRR5949116	383.23722001139174
BCKDK	SRR5949117	383.2634804160611
BCKDK	SRR5949118	383.22367110790566
BCKDK	SRR5949119	383.2630034029272
BCKDK	SRR5949120	383.2147454957194
BCKDK	SRR5949121	383.2147454957194
BCKDK	SRR5949122	383.2008117761604
BCKDK	SRR5949123	383.1677639378688
BCKDK	SRR5949124	383.0052793083757
BCKDK	SRR5949125	383.08535206124
BCKDK	SRR5949126	383.2008117761604
BCKDK	SRR5949127	383.2147454957194
BCKDK	SRR5949128	383.2147454957194
BCKDK	SRR5949129	383.2630034029272
BCKDK	SRR5949130	383.25619927056255
BCKDK	SRR5949131	383.17630516465937
BCKDK	SRR5949132	383.258488448062
BCKDK	SRR5949133	383.2086883123734
BCKDK	SRR5949134	383.2634804160611
BCKDK	SRR5949135	383.23572441794363
BCKDK	SRR5949136	383.26141435702726
BCKDK	SRR5949137	383.0378679858327
BCKDK	SRR5949138	383.1703966375484
BCKDK	SRR5949139	383.2057691732243
BCKDK	SRR5949140	383.25619927056255
BCKDK	SRR5949141	383.2630034029272
BCKDK	SRR5949142	383.25619927056255
BCKDK	SRR5949143	383.2634804160611
BCKDK	SRR5949144	383.2086883123734
BCKDK	SRR5949145	383.22367110790566
BCKDK	SRR5949146	383.2197561185972
BCKDK	SRR5949147	383.2197561185972
BCKDK	SRR5949148	382.9761662856381
BCKDK	SRR5949149	383.22367110790566
BCKDK	SRR5949150	383.2630034029272
BCKDK	SRR5949151	383.15600948792303
BCKDK	SRR5949152	382.5185273573079
BCKDK	SRR5949153	383.198708550967
BCKDK	SRR5949154	382.87977824575955
BCKDK	SRR5949155	383.22367110790566
BCKDK	SRR5949156	383.2630034029272
BCKDK	SRR5949157	383.258488448062
BCKDK	SRR5949158	383.2634804160611
BCKDK	SRR5949159	382.91916332320125
BCKDK	SRR5949160	383.258488448062
BCKDK	SRR5949161	383.25619927056255
BCKDK	SRR5949162	383.258488448062
BCKDK	SRR5949163	383.2630034029272
BCKDK	SRR5949164	383.2634804160611
BCKDK	SRR5949165	383.23722001139174
BCKDK	SRR5949166	383.2630034029272
BCKDK	SRR5949167	383.22367110790566
BCKDK	SRR5949168	383.23572441794363
BCKDK	SRR5949169	381.68014010365096
BCKDK	SRR5949170	383.2634804160611
BCKDK	SRR5949171	383.1731535186711
BCKDK	SRR5949172	383.17157887757463
BCKDK	SRR5949173	383.258488448062
BCKDK	SRR5949174	383.23572441794363
BCKDK	SRR5949175	383.2634804160611
BCKDK	SRR5949176	383.2147454957194
BCKDK	SRR5949177	382.9448418080869
BCKDK	SRR5949178	383.198708550967
BCKDK	SRR5949179	383.25619927056255
BCKDK	SRR5949180	383.2634804160611
BCKDK	SRR5949181	383.26141435702726
BCKDK	SRR5949182	383.2086883123734
BCKDK	SRR5949183	383.2630034029272
BCKDK	SRR5949184	383.23722001139174
BCKDK	SRR5949185	383.17157887757463
BCKDK	SRR5949186	383.0603618989247
BCKDK	SRR5949187	383.25619927056255
BCKDK	SRR5949188	383.23572441794363
BCKDK	SRR5949189	383.2147454957194
BCKDK	SRR5949190	383.22367110790566
BCKDK	SRR5949191	383.1731535186711
BCKDK	SRR5949192	383.26141435702726
BCKDK	SRR5949193	383.2630034029272
BCKDK	SRR5949194	383.258488448062
BCKDK	SRR5949195	383.23722001139174
BCKDK	SRR5949196	383.17630516465937
BCKDK	SRR5949197	383.12387393166654
BCKDK	SRR5949198	383.01648184716066
BCKDK	SRR5949199	383.2008117761604
BCKDK	SRR5949200	383.2630034029272
BCKDK	SRR5949201	383.23572441794363
BCKDK	SRR5949202	383.25619927056255
BCKDK	SRR5949203	383.258488448062
BCKDK	SRR5949204	383.2634804160611
BCKDK	SRR5949205	383.2634804160611
BCKDK	SRR5949206	383.23722001139174
BCKDK	SRR5949207	383.258488448062
BCKDK	SRR5949208	383.22367110790566
BCKDK	SRR5949209	383.258488448062
BCKDK	SRR5949210	383.23572441794363
BCKDK	SRR5949211	383.12387393166654
BCKDK	SRR5949212	383.23572441794363
BCKDK	SRR5949213	383.2008117761604
BCKDK	SRR5949214	383.15600948792303
BCKDK	SRR5949215	383.2147454957194
BCKDK	SRR5949216	383.25619927056255
BCKDK	SRR5949217	383.25619927056255
BCKDK	SRR5949218	383.2086883123734
BCKDK	SRR5949219	383.2147454957194
BCKDK	SRR5949220	383.17157887757463
BCKDK	SRR5949221	383.15600948792303
BCKDK	SRR5949222	383.2147454957194
BCKDK	SRR5949223	382.9448418080869
BCKDK	SRR5949224	383.22367110790566
BCKDK	SRR5949225	383.26141435702726
BCKDK	SRR5949226	383.17157887757463
BCKDK	SRR5949227	383.26141435702726
BCKDK	SRR5949228	383.17157887757463
BCKDK	SRR5949229	383.1703966375484
BCKDK	SRR5949230	383.26141435702726
BCKDK	SRR5949231	383.1375183190368
BCKDK	SRR5949232	382.85759197510436
BCKDK	SRR5949233	382.95141711631624
BCKDK	SRR5949234	383.2197561185972
BCKDK	SRR5949235	383.17157887757463
BCKDK	SRR5949236	382.6084097819474
BCKDK	SRR5949237	383.1375183190368
BCKDK	SRR5949238	383.0603618989247
BCKDK	SRR5949239	382.6737617675811
BCKDK	SRR5949240	383.2630034029272
BCKDK	SRR5949241	383.22367110790566
BCKDK	SRR5949242	383.23572441794363
BCKDK	SRR5949243	383.198708550967
BCKDK	SRR5949244	383.2008117761604
BCKDK	SRR5949245	383.2057691732243
BCKDK	SRR5949246	383.23572441794363
BCKDK	SRR5949247	383.2197561185972
BCKDK	SRR5949248	383.23722001139174
BCKDK	SRR5949249	383.23572441794363
BCKDK	SRR5949250	383.2634804160611
BCKDK	SRR5949251	383.17157887757463
BCKDK	SRR5949252	383.258488448062
BCKDK	SRR5949253	383.1125458536527
BCKDK	SRR5949254	383.1610299982582
BCKDK	SRR5949255	383.23572441794363
BCKDK	SRR5949256	383.2057691732243
BCKDK	SRR5949257	383.2630034029272
BCKDK	SRR5949258	383.2630034029272
BCKDK	SRR5949259	383.2086883123734
BCKDK	SRR5949260	383.2634804160611
BCKDK	SRR5949261	383.2634804160611
BCKDK	SRR5949262	383.2008117761604
BCKDK	SRR5949263	383.23722001139174
BCKDK	SRR5949264	383.2147454957194
BCKDK	SRR5949265	383.258488448062
BCKDK	SRR5949266	383.0492072413076
BCKDK	SRR5949267	383.0542907871907
BCKDK	SRR5949268	383.26141435702726
BCKDK	SRR5949269	383.2147454957194
BCKDK	SRR5949270	383.23572441794363
BCKDK	SRR5949271	383.1677639378688
BCKDK	SRR5949272	383.2634804160611
BCKDK	SRR5949273	383.2634804160611
BCKDK	SRR5949274	383.23722001139174
BCKDK	SRR5949275	383.1610299982582
BCKDK	SRR5949276	383.23722001139174
BCKDK	SRR5949277	383.0542907871907
BCKDK	SRR5949278	383.25619927056255
BCKDK	SRR5949279	383.25619927056255
BCKDK	SRR5949280	383.10790989200086
BCKDK	SRR5949281	383.23572441794363
BCKDK	SRR5949282	383.2634804160611
BCKDK	SRR5949283	383.1423853580839
BCKDK	SRR5949284	383.2634804160611
BCKDK	SRR5949285	382.8551058007562
BCKDK	SRR5949286	383.0492072413076
BCKDK	SRR5949287	383.2634804160611
BCKDK	SRR5949288	383.25619927056255
BCKDK	SRR5949289	383.2057691732243
BCKDK	SRR5949290	383.2634804160611
BCKDK	SRR5949291	383.23572441794363
BCKDK	SRR5949292	383.2197561185972
BCKDK	SRR5949293	383.2634804160611
BCKDK	SRR5949294	383.2630034029272
BCKDK	SRR5949295	383.25619927056255
BCKDK	SRR5949296	383.23722001139174
BCKDK	SRR5949297	383.258488448062
BCKDK	SRR5949298	383.1731535186711
BCKDK	SRR5949299	383.2197561185972
BCKDK	SRR5949300	383.2630034029272
BCKDK	SRR5949301	383.2630034029272
BCKDK	SRR5949302	383.2057691732243
BCKDK	SRR5949303	383.17630516465937
BCKDK	SRR5949304	383.258488448062
BCKDK	SRR5949305	383.0500794408235
BCKDK	SRR5949306	383.258488448062
BCKDK	SRR5949307	383.2197561185972
BCKDK	SRR5949308	383.23722001139174
BCKDK	SRR5949309	383.1677639378688
BCKDK	SRR5949310	383.1677639378688
BCKDK	SRR5949311	383.2197561185972
BCKDK	SRR5949312	383.13292483498844
BCKDK	SRR5949313	383.23572441794363
BCKDK	SRR5949314	383.2630034029272
BCKDK	SRR5949315	383.23572441794363
BCKDK	SRR5949316	383.25619927056255
BCKDK	SRR5949317	383.07634565680155
BCKDK	SRR5949318	383.05605742237776
BCKDK	SRR5949319	383.258488448062
BCKDK	SRR5949320	383.2634804160611
BCKDK	SRR5949321	383.23722001139174
BCKDK	SRR5949322	383.17157887757463
BCKDK	SRR5949323	383.23572441794363
BCKDK	SRR5949324	383.2634804160611
BCKDK	SRR5949325	383.25619927056255
BCKDK	SRR5949326	383.22367110790566
BCKDK	SRR5949327	383.03672299306453
BCKDK	SRR5949328	383.258488448062
BCKDK	SRR5949329	383.26141435702726
BCKDK	SRR5949330	383.25619927056255
BCKDK	SRR5949331	383.26141435702726
BCKDK	SRR5949332	383.2634804160611
BCKDK	SRR5949333	383.2086883123734
BCKDK	SRR5949334	383.13292483498844
BCKDK	SRR5949335	383.2630034029272
BCKDK	SRR5949336	383.23722001139174
BCKDK	SRR5949337	383.26141435702726
BCKDK	SRR5949338	383.25619927056255
BCKDK	SRR5949339	383.25619927056255
BCKDK	SRR5949340	383.17630516465937
BCKDK	SRR5949341	383.2086883123734
BCKDK	SRR5949342	383.258488448062
BCKDK	SRR5949343	383.2147454957194
BCKDK	SRR5949344	383.258488448062
BCKDK	SRR5949345	383.26141435702726
BCKDK	SRR5949346	383.0307343882231
BCKDK	SRR5949347	383.1223884020548
BCKDK	SRR5949348	382.86977461589044
BCKDK	SRR5949349	383.25619927056255
BCKDK	SRR5949350	383.23572441794363
BCKDK	SRR5949351	383.23572441794363
BCKDK	SRR5949352	383.23722001139174
BCKDK	SRR5949353	383.25619927056255
BCKDK	SRR5949354	383.16722085271755
BCKDK	SRR5949355	383.2197561185972
BCKDK	SRR5949356	382.23215249809726
BCKDK	SRR5949357	383.2197561185972
BCKDK	SRR5949358	383.22367110790566
BCKDK	SRR5949359	383.25619927056255
BCKDK	SRR5949360	383.2086883123734
BCKDK	SRR5949361	383.2057691732243
BCKDK	SRR5949362	382.6091837737463
BCKDK	SRR5949363	383.26141435702726
BCKDK	SRR5949364	383.1726262114617
BCKDK	SRR5949365	383.1125458536527
BCKDK	SRR5949366	382.43950152516214
BCKDK	SRR5949367	383.2634804160611
BCKDK	SRR5949368	382.8934986878003
BCKDK	SRR5949369	383.2630034029272
BCKDK	SRR5949370	383.258488448062
BCKDK	SRR5949371	383.1703966375484
BCKDK	SRR5949372	383.23572441794363
BCKDK	SRR5949373	383.2630034029272
BCKDK	SRR5949374	383.1731535186711
BCKDK	SRR5949375	383.2630034029272
BCKDK	SRR5949376	383.2634804160611
BCKDK	SRR5949377	383.25619927056255
BCKDK	SRR5949378	383.2634804160611
BCKDK	SRR5949379	383.25619927056255
BCKDK	SRR5949380	382.9787184425193
BCKDK	SRR5949381	383.1610299982582
BCKDK	SRR5949382	383.25619927056255
BCKDK	SRR5949383	383.2008117761604
BCKDK	SRR5949384	383.2630034029272
BCKDK	SRR5949385	383.198708550967
BCKDK	SRR5949386	383.2634804160611
BCKDK	SRR5949387	382.6478079091707
BCKDK	SRR5949388	383.1604083426228
BCKDK	SRR5949389	383.2634804160611
BCKDK	SRR5949390	383.23572441794363
BCKDK	SRR5949391	383.1703966375484
BCKDK	SRR5949392	383.2634804160611
BCKDK	SRR5949393	383.1703966375484
BCKDK	SRR5949394	383.1423853580839
BCKDK	SRR5949395	383.23572441794363
BCKDK	SRR5949396	382.9448418080869
BCKDK	SRR5949397	383.2630034029272
BCKDK	SRR5949398	383.26141435702726
BCKDK	SRR5949399	383.22367110790566
BCKDK	SRR5949400	381.4416595663484
BCKDK	SRR5949401	383.2634804160611
BCKDK	SRR5949402	383.23722001139174
BCKDK	SRR5949403	383.2147454957194
BCKDK	SRR5949404	383.1703966375484
BCKDK	SRR5949405	383.25619927056255
BCKDK	SRR5949406	383.2630034029272
BCKDK	SRR5949407	383.25619927056255
BCKDK	SRR5949408	383.25619927056255
BCKDK	SRR5949409	383.23722001139174
BCKDK	SRR5949410	383.23572441794363
BCKDK	SRR5949411	383.2634804160611
BCKDK	SRR5949412	383.2008117761604
BCKDK	SRR5949413	383.23722001139174
BCKDK	SRR5949414	383.25619927056255
BCKDK	SRR5949415	383.258488448062
BCKDK	SRR5949416	383.2197561185972
BCKDK	SRR5949417	383.2086883123734
BCKDK	SRR5949418	383.25619927056255
BCKDK	SRR5949419	383.258488448062
BCKDK	SRR5949420	383.2147454957194
BCKDK	SRR5949421	383.2086883123734
BCKDK	SRR5949422	383.2197561185972
BCKDK	SRR5949423	383.2197561185972
BCKDK	SRR5949424	383.2634804160611
BCKDK	SRR5949425	383.2197561185972
BCKDK	SRR5949426	383.26141435702726
BCKDK	SRR5949427	383.2197561185972
BCKDK	SRR5949428	383.2634804160611
BCKDK	SRR5949429	383.13292483498844
BCKDK	SRR5949430	383.23572441794363
BCKDK	SRR5949431	383.23572441794363
BCKDK	SRR5949432	383.23572441794363
BCKDK	SRR5949433	383.22367110790566
BCKDK	SRR5949434	383.22367110790566
BCKDK	SRR5949435	383.1610299982582
BCKDK	SRR5949436	383.258488448062
BCKDK	SRR5949437	383.15600948792303
BCKDK	SRR5949438	383.10790989200086
BCKDK	SRR5949439	383.2630034029272
BCKDK	SRR5949440	383.26141435702726
BCKDK	SRR5949441	383.26141435702726
BCKDK	SRR5949442	383.17630516465937
BCKDK	SRR5949443	383.17157887757463
BCKDK	SRR5949444	383.1604083426228
BCKDK	SRR5949445	383.2634804160611
BCKDK	SRR5949446	383.258488448062
BCKDK	SRR5949447	383.2197561185972
BCKDK	SRR5949448	383.2634804160611
BCKDK	SRR5949449	383.2634804160611
BCKDK	SRR5949450	383.23572441794363
BCKDK	SRR5949451	383.2086883123734
BCKDK	SRR5949452	383.23572441794363
BCKDK	SRR5949453	383.22367110790566
BCKDK	SRR5949454	383.25619927056255
BCKDK	SRR5949455	383.2197561185972
BCKDK	SRR5949456	383.2630034029272
BCKDK	SRR5949457	383.26141435702726
BCKDK	SRR5949458	383.2630034029272
BCKDK	SRR5949459	383.23722001139174
BCKDK	SRR5949460	383.1703966375484
BCKDK	SRR5949461	383.0500794408235
BCKDK	SRR5949462	383.258488448062
BCKDK	SRR5949463	383.1677639378688
BCKDK	SRR5949464	383.1423853580839
BCKDK	SRR5949465	382.9761662856381
BCKDK	SRR5949466	383.23572441794363
BCKDK	SRR5949467	383.0052793083757
BCKDK	SRR5949468	383.258488448062
BCKDK	SRR5949469	383.26141435702726
BCKDK	SRR5949470	383.25619927056255
BCKDK	SRR5949471	383.2147454957194
BCKDK	SRR5949472	383.23722001139174
BCKDK	SRR5949473	383.23722001139174
BCKDK	SRR5949474	383.22367110790566
BCKDK	SRR5949475	383.2634804160611
BCKDK	SRR5949476	383.25619927056255
BCKDK	SRR5949477	383.26141435702726
BCKDK	SRR5949478	383.23722001139174
BCKDK	SRR5949479	383.07634565680155
BCKDK	SRR5949480	383.2147454957194
BCKDK	SRR5949481	383.26141435702726
BCKDK	SRR5949482	383.198708550967
BCKDK	SRR5949483	383.08535206124
BCKDK	SRR5949484	383.258488448062
BCKDK	SRR5949485	383.1610299982582
BCKDK	SRR5949486	383.22367110790566
BCKDK	SRR5949487	383.2147454957194
BCKDK	SRR5949488	383.12387393166654
BCKDK	SRR5949489	383.1726262114617
BCKDK	SRR5949490	383.1731535186711
BCKDK	SRR5949491	383.22367110790566
BCKDK	SRR5949492	383.1731535186711
BCKDK	SRR5949493	383.2086883123734
BCKDK	SRR5949494	383.2634804160611
BCKDK	SRR5949495	383.1423853580839
BCKDK	SRR5949496	383.2086883123734
BCKDK	SRR5949497	383.2147454957194
BCKDK	SRR5949498	383.23572441794363
BCKDK	SRR5949499	383.258488448062
BCKDK	SRR5949500	383.1049023912407
BCKDK	SRR5949501	383.16167993425046
BCKDK	SRR5949502	383.08535206124
BCKDK	SRR5949503	383.1731535186711
BCKDK	SRR5949504	383.25619927056255
BCKDK	SRR5949505	383.25619927056255
BCKDK	SRR5949506	383.25619927056255
BCKDK	SRR5949507	383.26141435702726
BCKDK	SRR5949508	383.2086883123734
BCKDK	SRR5949509	383.258488448062
BCKDK	SRR5949510	383.25619927056255
BCKDK	SRR5949511	383.01197982660335
BCKDK	SRR5949512	383.23722001139174
BCKDK	SRR5949513	383.2634804160611
BCKDK	SRR5949514	383.2008117761604
BCKDK	SRR5949515	383.258488448062
BCKDK	SRR5949516	383.23572441794363
BCKDK	SRR5949517	383.25619927056255
BCKDK	SRR5949518	383.08535206124
BCKDK	SRR5949519	383.1703966375484
BCKDK	SRR5949520	383.26141435702726
BCKDK	SRR5949521	383.0500794408235
BCKDK	SRR5949522	383.23722001139174
BCKDK	SRR5949523	383.26141435702726
BCKDK	SRR5949524	383.22367110790566
BCKDK	SRR5949525	383.198708550967
BCKDK	SRR5949526	383.0307343882231
BCKDK	SRR5949527	383.1731535186711
BCKDK	SRR5949528	382.8064094808967
BCKDK	SRR5949529	383.16167993425046
BCKDK	SRR5949530	383.2147454957194
BCKDK	SRR5949531	383.2057691732243
BCKDK	SRR5949532	383.26141435702726
BCKDK	SRR5949533	383.2634804160611
BCKDK	SRR5949534	383.17630516465937
BCKDK	SRR5949535	383.25619927056255
BCKDK	SRR5949536	383.23572441794363
BCKDK	SRR5949537	383.258488448062
BCKDK	SRR5949538	383.2634804160611
BCKDK	SRR5949539	383.2086883123734
BCKDK	SRR5949540	383.16722085271755
BCKDK	SRR5949541	383.2147454957194
BCKDK	SRR5949542	383.16722085271755
BCKDK	SRR5949543	383.22367110790566
BCKDK	SRR5949544	383.1703966375484
BCKDK	SRR5949545	383.10790989200086
BCKDK	SRR5949546	383.1731535186711
BCKDK	SRR5949547	383.2634804160611
BCKDK	SRR5949548	383.22367110790566
BCKDK	SRR5949549	383.1125458536527
BCKDK	SRR5949550	382.97936308945293
BCKDK	SRR5949551	383.23722001139174
BCKDK	SRR5949552	383.1423853580839
BCKDK	SRR5949553	383.2630034029272
BCKDK	SRR5949554	383.25619927056255
BCKDK	SRR5949555	380.20821993395464
BCKDK	SRR5949556	383.1610299982582
BCKDK	SRR5949557	383.22367110790566
BCKDK	SRR5949558	383.1423853580839
BCKDK	SRR5949559	383.258488448062
BCKDK	SRR5949560	383.26141435702726
BCKDK	SRR5949561	383.0427066686398
BCKDK	SRR5949562	383.1423853580839
BCKDK	SRR5949563	383.2197561185972
BCKDK	SRR5949564	383.23572441794363
BCKDK	SRR5949565	383.2630034029272
BCKDK	SRR5949566	383.25619927056255
BCKDK	SRR5949567	382.65788280309687
BCKDK	SRR5949568	383.16722085271755
BCKDK	SRR5949569	383.1726262114617
BCKDK	SRR5949570	383.2147454957194
BCKDK	SRR5949571	383.10790989200086
BCKDK	SRR5949572	383.2086883123734
BCKDK	SRR5949573	383.1703966375484
BCKDK	SRR5949574	383.22367110790566
BCKDK	SRR5949575	383.2086883123734
BCKDK	SRR5949576	383.198708550967
BCKDK	SRR5949577	383.2630034029272
BCKDK	SRR5949578	383.23572441794363
BCKDK	SRR5949579	383.25619927056255
BCKDK	SRR5949580	383.258488448062
BCKDK	SRR5949581	383.2634804160611
BCKDK	SRR5949582	383.17157887757463
BCKDK	SRR5949583	383.2630034029272
BCKDK	SRR5949584	383.01170005173253
BCKDK	SRR5949585	383.23722001139174
BCKDK	SRR5949586	383.25619927056255
BCKDK	SRR5949587	383.22367110790566
BCKDK	SRR5949588	382.7982549859343
BCKDK	SRR5949589	383.2634804160611
BCKDK	SRR5949590	383.1731535186711
BCKDK	SRR5949591	383.258488448062
BCKDK	SRR5949592	383.2086883123734
BCKDK	SRR5949593	383.2634804160611
BCKDK	SRR5949594	383.2086883123734
BCKDK	SRR5949595	383.23722001139174
BCKDK	SRR5949596	383.2197561185972
BCKDK	SRR5949597	383.07634565680155
BCKDK	SRR5949598	383.2086883123734
BCKDK	SRR5949599	383.1726262114617
BCKDK	SRR5949600	383.23572441794363
BCKDK	SRR5949601	383.2086883123734
BCKDK	SRR5949602	383.2634804160611
BCKDK	SRR5949603	383.23572441794363
BCKDK	SRR5949604	383.25619927056255
BCKDK	SRR5949605	383.2086883123734
BCKDK	SRR5949606	383.1375183190368
BCKDK	SRR5949607	383.26141435702726
BCKDK	SRR5949608	383.0492072413076
BCKDK	SRR5950246	383.0307343882231
BCKDK	SRR5950247	383.1423853580839
BCKDK	SRR5950248	383.23572441794363
BCKDK	SRR5950249	383.2634804160611
BCKDK	SRR5950250	383.1703966375484
BCKDK	SRR5950251	383.23572441794363
BCKDK	SRR5950252	383.2630034029272
BCKDK	SRR5950253	383.23722001139174
BCKDK	SRR5950254	383.1375183190368
BCKDK	SRR5950255	383.0542907871907
BCKDK	SRR5950256	382.89249820941376
BCKDK	SRR5950257	382.8934986878003
BCKDK	SRR5950258	383.23572441794363
BCKDK	SRR5950259	383.26141435702726
BCKDK	SRR5950260	383.23572441794363
BCKDK	SRR5950261	383.23722001139174
BCKDK	SRR5950262	383.2008117761604
BCKDK	SRR5950263	383.07634565680155
BCKDK	SRR5950264	383.26141435702726
BCKDK	SRR5950265	383.1677639378688
BCKDK	SRR5950266	383.0019530702516
BCKDK	SRR5950267	383.23572441794363
BCKDK	SRR5950268	383.2086883123734
BCKDK	SRR5950269	383.2086883123734
BCKDK	SRR5950270	383.1223884020548
BCKDK	SRR5950271	383.2634804160611
BCKDK	SRR5950272	383.2634804160611
BCKDK	SRR5950273	383.23572441794363
BCKDK	SRR5950274	383.17630516465937
BCKDK	SRR5950275	383.2086883123734
BCKDK	SRR5950276	383.23722001139174
BCKDK	SRR5950277	383.16167993425046
BCKDK	SRR5950278	383.0603618989247
BCKDK	SRR5950279	383.2197561185972
BCKDK	SRR5950280	383.25619927056255
BCKDK	SRR5950281	383.2086883123734
BCKDK	SRR5950282	383.0764608390102
BCKDK	SRR5950283	383.23722001139174
BCKDK	SRR5950284	382.1764528800216
BCKDK	SRR5950285	383.15600948792303
BCKDK	SRR5950286	383.22367110790566
BCKDK	SRR5950287	383.05605742237776
BCKDK	SRR5950288	383.16722085271755
BCKDK	SRR5950289	383.0378679858327
BCKDK	SRR5950290	383.258488448062
BCKDK	SRR5950291	383.23722001139174
BCKDK	SRR5950292	383.2008117761604
BCKDK	SRR5950293	383.1125458536527
BCKDK	SRR5950294	383.2634804160611
BCKDK	SRR5950295	383.26141435702726
BCKDK	SRR5950296	383.22367110790566
BCKDK	SRR5950297	383.1375183190368
BCKDK	SRR5950298	383.258488448062
BCKDK	SRR5950299	383.17157887757463
BCKDK	SRR5950300	383.22367110790566
BCKDK	SRR5950301	383.23722001139174
BCKDK	SRR5950302	383.2147454957194
BCKDK	SRR5950303	383.17630516465937
BCKDK	SRR5950304	383.13292483498844
BCKDK	SRR5950305	383.2147454957194
BCKDK	SRR5950306	383.2197561185972
BCKDK	SRR5950307	383.1726262114617
BCKDK	SRR5950308	383.2057691732243
BCKDK	SRR5950309	383.2086883123734
BCKDK	SRR5950310	383.22367110790566
BCKDK	SRR5950311	383.258488448062
BCKDK	SRR5950312	383.23572441794363
BCKDK	SRR5950313	383.2008117761604
BCKDK	SRR5950314	383.258488448062
BCKDK	SRR5950315	383.23722001139174
BCKDK	SRR5950316	383.26141435702726
BCKDK	SRR5950317	383.17157887757463
BCKDK	SRR5950318	383.12387393166654
BCKDK	SRR5950319	383.1731535186711
BCKDK	SRR5950320	383.1677639378688
BCKDK	SRR5950321	382.91916332320125
BCKDK	SRR5950322	383.16167993425046
BCKDK	SRR5950323	383.198708550967
BCKDK	SRR5950324	383.258488448062
BCKDK	SRR5950325	383.2057691732243
BCKDK	SRR5950326	383.1610299982582
BCKDK	SRR5950327	383.23722001139174
BCKDK	SRR5950328	383.23722001139174
BCKDK	SRR5950329	383.22367110790566
BCKDK	SRR5950330	383.1731535186711
BCKDK	SRR5950331	383.1125458536527
BCKDK	SRR5950332	2775.5729000555866
BCKDK	SRR5950333	383.258488448062
BCKDK	SRR5950334	383.25619927056255
BCKDK	SRR5950335	383.25619927056255
BCKDK	SRR5950336	382.6091837737463
BCKDK	SRR5950337	383.0603618989247
BCKDK	SRR5950338	382.85386114218284
BCKDK	SRR5950339	383.2634804160611
BCKDK	SRR5950340	383.1703966375484
BCKDK	SRR5950341	383.198708550967
BCKDK	SRR5950342	383.26141435702726
BCKDK	SRR5950343	383.2057691732243
BCKDK	SRR5950344	383.1677639378688
BCKDK	SRR5950345	383.198708550967
BCKDK	SRR5950346	383.23572441794363
BCKDK	SRR5950347	383.2147454957194
BCKDK	SRR5950348	383.1726262114617
BCKDK	SRR5950349	383.2630034029272
BCKDK	SRR5950350	383.23572441794363
BCKDK	SRR5950351	383.07634565680155
BCKDK	SRR5950352	383.26141435702726
BCKDK	SRR5950353	383.2197561185972
BCKDK	SRR5950354	383.26141435702726
BCKDK	SRR5950355	383.2630034029272
BCKDK	SRR5950356	383.03672299306453
BCKDK	SRR5950357	383.26141435702726
BCKDK	SRR5950358	383.1726262114617
BCKDK	SRR5950359	383.2057691732243
BCKDK	SRR5950360	383.26141435702726
BCKDK	SRR5950361	383.26141435702726
BCKDK	SRR5950362	383.16167993425046
BCKDK	SRR5950363	383.12387393166654
BCKDK	SRR5950364	383.1731535186711
BCKDK	SRR5950365	383.23722001139174
BCKDK	SRR5950366	383.258488448062
BCKDK	SRR5950367	382.9289612360364
BCKDK	SRR5950368	383.2197561185972
BCKDK	SRR5950369	383.2634804160611
BCKDK	SRR5950370	383.2634804160611
BCKDK	SRR5950371	383.23722001139174
BCKDK	SRR5950372	383.25619927056255
BCKDK	SRR5950373	383.22367110790566
BCKDK	SRR5950374	383.2197561185972
BCKDK	SRR5950375	383.258488448062
BCKDK	SRR5950376	383.2630034029272
BCKDK	SRR5950377	383.1223884020548
BCKDK	SRR5950378	383.22367110790566
BCKDK	SRR5950379	383.2197561185972
BCKDK	SRR5950380	383.198708550967
BCKDK	SRR5950381	383.198708550967
BCKDK	SRR5950382	383.0542907871907
BCKDK	SRR5950383	383.2630034029272
BCKDK	SRR5950384	383.258488448062
BCKDK	SRR5950385	383.05605742237776
BCKDK	SRR5950386	383.25619927056255
BCKDK	SRR5950387	383.2630034029272
BCKDK	SRR5950388	383.1703966375484
BCKDK	SRR5950389	382.86977461589044
BCKDK	SRR5950390	383.198708550967
BCKDK	SRR5950391	383.2634804160611
BCKDK	SRR5950392	383.0500794408235
BCKDK	SRR5950393	383.17157887757463
BCKDK	SRR5950394	383.2086883123734
BCKDK	SRR5950395	383.2197561185972
BCKDK	SRR5950396	383.2634804160611
BCKDK	SRR5950397	383.2630034029272
BCKDK	SRR5950398	383.2630034029272
BCKDK	SRR5950399	383.2008117761604
BCKDK	SRR5950400	383.2057691732243
BCKDK	SRR5950401	383.258488448062
BCKDK	SRR5950402	383.258488448062
BCKDK	SRR5950403	383.23722001139174
BCKDK	SRR5950404	383.25619927056255
BCKDK	SRR5950405	382.7982549859343
BCKDK	SRR5950406	383.1049023912407
BCKDK	SRR5950407	383.23722001139174
BCKDK	SRR5950408	383.1423853580839
BCKDK	SRR5950409	383.1703966375484
BCKDK	SRR5950410	383.2634804160611
BCKDK	SRR5950411	383.26141435702726
BCKDK	SRR5950412	383.25619927056255
BCKDK	SRR5950413	383.10790989200086
BCKDK	SRR5950414	383.25619927056255
BCKDK	SRR5950415	383.2008117761604
BCKDK	SRR5950416	383.2086883123734
BCKDK	SRR5950417	383.2057691732243
BCKDK	SRR5950418	383.1677639378688
BCKDK	SRR5950419	383.26141435702726
BCKDK	SRR5950420	383.2147454957194
BCKDK	SRR5950421	383.17157887757463
BCKDK	SRR5950422	383.1604083426228
BCKDK	SRR5950423	383.22367110790566
BCKDK	SRR5950424	383.258488448062
BCKDK	SRR5950425	383.26141435702726
BCKDK	SRR5950426	383.1726262114617
BCKDK	SRR5950427	383.25619927056255
BCKDK	SRR5950428	383.22367110790566
BCKDK	SRR5950429	383.26141435702726
BCKDK	SRR5950430	383.2086883123734
BCKDK	SRR5950431	383.2147454957194
BCKDK	SRR5950432	383.25619927056255
BCKDK	SRR5950433	383.23722001139174
BCKDK	SRR5950434	383.1726262114617
BCKDK	SRR5950435	383.22367110790566
BCKDK	SRR5950436	383.26141435702726
BCKDK	SRR5950437	383.2147454957194
BCKDK	SRR5950438	383.258488448062
BCKDK	SRR5950439	383.2630034029272
BCKDK	SRR5950440	381.86188603851406
BCKDK	SRR5950441	383.15600948792303
BCKDK	SRR5950442	383.23572441794363
BCKDK	SRR5950443	383.17630516465937
BCKDK	SRR5950444	383.23722001139174
BCKDK	SRR5950445	383.25619927056255
BCKDK	SRR5950446	383.198708550967
BCKDK	SRR5950447	383.1223884020548
BCKDK	SRR5950448	383.23572441794363
BCKDK	SRR5950449	383.25619927056255
BCKDK	SRR5950450	383.26141435702726
BCKDK	SRR5950451	383.2634804160611
BCKDK	SRR5950452	383.1610299982582
BCKDK	SRR5950453	383.258488448062
BCKDK	SRR5950454	383.1604083426228
BCKDK	SRR5950455	383.258488448062
BCKDK	SRR5950456	383.22367110790566
BCKDK	SRR5950457	383.198708550967
BCKDK	SRR5950458	383.2634804160611
BCKDK	SRR5950459	383.2147454957194
BCKDK	SRR5950460	383.2147454957194
BCKDK	SRR5950461	383.23572441794363
BCKDK	SRR5950462	383.08535206124
BCKDK	SRR5950463	383.17630516465937
BCKDK	SRR5950464	383.16167993425046
BCKDK	SRR5950465	381.66658452035506
BCKDK	SRR5950466	383.25619927056255
BCKDK	SRR5950467	383.2197561185972
BCKDK	SRR5950468	383.23572441794363
BCKDK	SRR5950469	383.198708550967
BCKDK	SRR5950470	383.26141435702726
BCKDK	SRR5963912	383.2634804160611
BCKDK	SRR5963913	383.16722085271755
BCKDK	SRR5963914	383.2634804160611
BCKDK	SRR5963915	383.1677639378688
BCKDK	SRR5963916	383.0865675410534
BCKDK	SRR5963917	383.2086883123734
BCKDK	SRR5963918	383.2147454957194
BCKDK	SRR5963919	383.25619927056255
BCKDK	SRR5963920	383.2197561185972
BCKDK	SRR5963921	383.258488448062
BCKDK	SRR5963922	383.2057691732243
BCKDK	SRR5963923	383.2147454957194
BCKDK	SRR5963924	383.25619927056255
BCKDK	SRR5963925	383.16722085271755
BCKDK	SRR5963926	383.16722085271755
BCKDK	SRR5963927	383.26141435702726
BCKDK	SRR5963928	383.15600948792303
BCKDK	SRR5963929	383.23722001139174
BCKDK	SRR5963930	383.10790989200086
BCKDK	SRR5963931	383.2630034029272
BCKDK	SRR5963932	383.22367110790566
BCKDK	SRR5963933	383.2008117761604
BCKDK	SRR5963934	383.12387393166654
BCKDK	SRR5963935	383.2634804160611
BCKDK	SRR5963936	5168.0662733300405
BCKDK	SRR5963937	383.05605742237776
BCKDK	SRR5963938	383.23572441794363
BCKDK	SRR5963939	383.25619927056255
BCKDK	SRR5963940	383.25619927056255
BCKDK	SRR5963941	383.2634804160611
BCKDK	SRR5963942	383.2634804160611
BCKDK	SRR5963943	383.258488448062
BCKDK	SRR5963944	383.2634804160611
BCKDK	SRR5963945	383.2630034029272
BCKDK	SRR5963946	383.23722001139174
BCKDK	SRR5963947	383.23722001139174
BCKDK	SRR5963948	383.23722001139174
BCKDK	SRR6467548	68.66646510029305
BCKDK	SRR6467549	180.97193885536254
BCKDK	SRR6467550	160.50791612606696
BCKDK	SRR6467551	11.181632318319643
BCKDK	SRR6467552	105.72576531179126
BCKDK	SRR6467553	63.979797734007576
BCKDK	SRR6467554	89.98663390542944
BCKDK	SRR6467555	138.97645578526647
BCKDK	SRR6467556	183.14513630243724
BCKDK	SRR6467557	319.61560655132064
BCKDK	SRR6467558	121.41478377121351
BCKDK	SRR6467559	209.45819357091034
BCKDK	SRR6467560	182.8528513145344
BCKDK	SRR6467561	196.45675833051467
BCKDK	SRR6467562	298.1285594825939
BCKDK	SRR6467563	137.84922212595245
BCKDK	SRR6467564	254.85098711614202
BCKDK	SRR6467565	234.2536553982214
BCKDK	SRR6467566	1.0276080890484358
BCKDK	SRR6467567	125.37630344559612
BCKDK	SRR6467568	210.86163356669715
BCKDK	SRR6467569	176.55290665570266
BCKDK	SRR6467570	544.702252423706
BCKDK	SRR6467571	239.172089107517
BCKDK	SRR6467572	199.22394662404295
BCKDK	SRR6467573	231.57083047722335
BCKDK	SRR6467574	410
BCKDK	SRR6467575	468.7746688081056
BCKDK	SRR6467576	149.70316455470694
BCKDK	SRR6467577	324.46675267256376
BCKDK	SRR6467578	209.0415678830278
BCKDK	SRR6467579	294.1109434977914
BCKDK	SRR6467580	848.5529231211399
BCKDK	SRR6467581	564.1260795750705
BCKDK	SRR6467582	557.3386775500933
BCKDK	SRR6467583	309
BCKDK	SRR6467584	355.2980314122945
BCKDK	SRR6467585	672.8507655260163
BCKDK	SRR6467586	704.080798805474
BCKDK	SRR6467587	670.021229226514
BCKDK	SRR6467588	919.3143549021993
BCKDK	SRR6467589	428
BCKDK	SRR6467590	308.86497743454316
BCKDK	SRR6467591	262.7474759304366
BCKDK	SRR6467592	198.5336089777473
BCKDK	SRR6467593	271.23394983684915
BCKDK	SRR6467594	607.1278226471414
BCKDK	SRR6467595	261.57219388520383
BCKDK	SRR6467596	714
BCKDK	SRR6467597	796.6350179484913
BCKDK	SRR6467598	765.5317723035574
BCKDK	SRR6467599	449.69363107943695
BCKDK	SRR6467600	151.7282825566461
BCKDK	SRR6467601	270.5002201993624
BCKDK	SRR6467602	471.98980317429954
BCKDK	SRR6467603	650
BCKDK	SRR6467604	393.6687147599119
BCKDK	SRR6467605	283.01671682639324
BCKDK	SRR6467606	588
BCKDK	SRR6467607	443
BCKDK	SRR6467608	542.4217125247172
BCKDK	SRR6467609	694.1248928937147
BCKDK	SRR6467610	212.11013926302107
BCKDK	SRR6467611	547.1264155105328
BCKDK	SRR6467612	34.19739028694715
BCKDK	SRR6467613	484
BCKDK	SRR6467614	196
BCKDK	SRR6467615	306.8796610509397
BCKDK	SRR6467616	193.90002390129303
BCKDK	SRR6467617	383.5568723638179
BCKDK	SRR6467618	598
BCKDK	SRR6467619	535.8877223985702
BCKDK	SRR6467620	272.71479816399835
BCKDK	SRR6467621	313.59846467881954
BCKDK	SRR6467622	364.4095700759108
BCKDK	SRR6467623	563.6662582487924
BCKDK	SRR6467624	812.1461282848651
BCKDK	SRR6467625	447
BCKDK	SRR6467626	1076
BCKDK	SRR6467627	165.64864404083016
BCKDK	SRR6467628	642
BCKDK	SRR6467629	758.4007722726722
BCKDK	SRR6467630	475.3420181007137
BCKDK	SRR6467631	363.32674669176566
BCKDK	SRR6467632	452.2297710204565
BCKDK	SRR6467633	520
BCKDK	SRR6467634	305.2235366457353
BCKDK	SRR6467635	540.4906513148646
BCKDK	SRR6467636	261.6179625002619
BCKDK	SRR6467637	527
BCKDK	SRR6467638	365
BCKDK	SRR6467639	288.9216022861628
BCKDK	SRR6467640	270.54484789873527
BCKDK	SRR6467641	237.18767594137324
BCKDK	SRR6467642	974.0160128535837
BCKDK	SRR6467643	24.300390460646266
BCKDK	SRR6467644	663
BCKDK	SRR6467645	690.4535993486837
BCKDK	SRR6467646	494
BCKDK	SRR6467647	595.5927743027218
BCKDK	SRR6467648	242.39914879865478
BCKDK	SRR6467649	483.54731892596703
BCKDK	SRR6467650	206.12225752728185
BCKDK	SRR6467651	928.7237017943163
BCKDK	SRR6467652	484.0871010959048
BCKDK	SRR6467653	208.05040457135993
BCKDK	SRR6467654	383.4313879175706
BCKDK	SRR6467655	410
BCKDK	SRR6467656	361.7560452401537
BCKDK	SRR6467657	626
BCKDK	SRR6467658	773
BCKDK	SRR6467659	574.1590673918662
BCKDK	SRR6467660	491.341682489993
BCKDK	SRR6467661	518.7173753978848
BCKDK	SRR6467662	458.17619993529826
BCKDK	SRR6467663	537.5052854055685
BCKDK	SRR6467664	430.60835712865406
BCKDK	SRR6467665	557
BCKDK	SRR6467666	422
BCKDK	SRR6467667	391.76313733592804
BCKDK	SRR6467668	448.50148889632635
BCKDK	SRR6467669	345
BCKDK	SRR6467670	1014
BCKDK	SRR6467671	396.52118662955104
BCKDK	SRR6467672	94.832969806631
BCKDK	SRR6467673	111.05563146767767
BCKDK	SRR6467674	316.9888553863923
BCKDK	SRR6467675	143.22899586384668
BCKDK	SRR6467676	523.2003236565205
BCKDK	SRR6467677	420
BCKDK	SRR6467678	483
BCKDK	SRR6467679	404
BCKDK	SRR6467680	59.63303434428008
BCKDK	SRR6467681	395
BCKDK	SRR6467682	203.2142561511362
BCKDK	SRR6467683	447.9612163717443
BCKDK	SRR6467684	584.5222922814431
BCKDK	SRR6467685	36.50772323893049
BCKDK	SRR6467686	69.10151392455163
BCKDK	SRR6467687	450.6765811844265
BCKDK	SRR6467688	548.2233613090549
BCKDK	SRR6467689	303.995214555845
BCKDK	SRR6467690	287.56840109978805
BCKDK	SRR6467691	221.22395279715224
BCKDK	SRR6467692	404.43642162919014
BCKDK	SRR6467693	528.3658975840275
BCKDK	SRR6467694	163.23057127502315
BCKDK	SRR6467695	164.74951027127133
BCKDK	SRR6467696	613.4945067457102
BCKDK	SRR6467697	273
BCKDK	SRR6467698	437.042788226613
BCKDK	SRR6467699	446
BCKDK	SRR6467700	641.7576761972002
BCKDK	SRR6467701	658
BCKDK	SRR6467702	61.87465047497552
BCKDK	SRR6467703	152.8715731463541
BCKDK	SRR6467704	447.2525322591112
BCKDK	SRR6467705	261.6983854515287
BCKDK	SRR6467706	9.166035362133751
BCKDK	SRR6467707	361
BCKDK	SRR6467708	359.6197244501262
BCKDK	SRR6467709	755
BCKDK	SRR6467710	379.3411487498049
BCKDK	SRR6467711	412.5627120936906
BCKDK	SRR6467712	134.50221664884572
BCKDK	SRR6467713	703.0528310398787
BCKDK	SRR6467714	341.02945821275733
BCKDK	SRR6467715	549
BCKDK	SRR6467716	461
BCKDK	SRR6467717	37.45452194353377
BCKDK	SRR6467718	30.462691722821113
BCKDK	SRR6467719	264.96542739000125
BCKDK	SRR6467720	300
BCKDK	SRR6467721	621.0049052139019
BCKDK	SRR6467722	701
BCKDK	SRR6467723	622
BCKDK	SRR6467724	801
BCKDK	SRR6467725	249
BCKDK	SRR6467726	286.3868220724906
BCKDK	SRR6467727	243.56911086397594
BCKDK	SRR6467728	407
BCKDK	SRR6467729	356.4556365502231
BCKDK	SRR6467730	327.7013755744282
BCKDK	SRR6467731	175.72178844544587
BCKDK	SRR6467732	963.5587847447811
BCKDK	SRR6467733	368.63526071767814
BCKDK	SRR6467734	668.9205465273478
BCKDK	SRR6467735	236.95006982390615
BCKDK	SRR6467736	248.53409554667698
BCKDK	SRR6467737	255.5822101901493
BCKDK	SRR6467738	231.08314943633414
BCKDK	SRR6467739	675
BCKDK	SRR6467740	279.50101571264287
BCKDK	SRR6467741	284.5714053629796
BCKDK	SRR6467742	350
BCKDK	SRR6467743	448
BCKDK	SRR6467744	720
BCKDK	SRR6467745	551.2563575065511
BCKDK	SRR6467746	199.58006214109082
BCKDK	SRR6467747	875.0630547678959
BCKDK	SRR6467748	744.3835966893439
BCKDK	SRR6467749	504
BCKDK	SRR6467750	495.17209858934984
BCKDK	SRR6467751	1.015116940806616
BCKDK	SRR6467752	225.85023223665826
BCKDK	SRR6467753	788.3142348628455
BCKDK	SRR6467754	312.21817323872637
BCKDK	SRR6467755	500.0895120764963
BCKDK	SRR6467756	395.4978607264643
BCKDK	SRR6467757	569
BCKDK	SRR6467758	541
BCKDK	SRR6467759	236.33547687260955
BCKDK	SRR6467760	903.9361772295009
BCKDK	SRR6467761	695.5623294556942
BCKDK	SRR6467762	416.07724068692426
BCKDK	SRR6467763	752.6343645095149
BCKDK	SRR6467764	1137.2609698957845
BCKDK	SRR6467765	345.4348403813422
BCKDK	SRR6467766	142.08116490129936
BCKDK	SRR6467767	307.07916181874856
BCKDK	SRR6467768	293.62227982071556
BCKDK	SRR6467769	52.93523015599786
BCKDK	SRR6467770	167
BCKDK	SRR6467771	712.9950736229364
BCKDK	SRR6467772	71.50853447205986
BCKDK	SRR6467773	283.11475944801816
BCKDK	SRR6868540	498.2056408595135
BCKDK	SRR6868541	57.53795433996557
BCKDK	SRR6868542	147.72507282031557
BCKDK	SRR6868543	296.4052065815187
BCKDK	SRR6868544	1131.8032853359186
BCKDK	SRR6868545	640.4422540408623
BCKDK	SRR6868546	245.79256574193934
BCKDK	SRR6868557	1.0591086838663382
BCKDK	SRR6868558	274.8608514903918
BCKDK	SRR6868559	176.56231372139996
BCKDK	SRR6868560	749.4007218490915
BCKDK	SRR6868569	213.41700661672726
BCKDK	SRR6868570	251.26842467854843
BCKDK	SRR6868571	169.18739119783547
BCKDK	SRR6868572	402.6770534554405
BCKDK	SRR6868573	246.71621402251137
BCKDK	SRR6868574	639.724889198883
BCKDK	SRR6868575	180.5417582251212
BCKDK	SRR6868576	230.60921944315353
BCKDK	SRR6868577	396.36172340060887
BCKDK	SRR6868578	686.4915619804624
BCKDK	SRR6868579	297.4626746265263
BCKDK	SRR6868580	671.1398144043358
BCKDK	SRR6868581	199.55067153579455
BCKDK	SRR6868582	299.5165060643945
BCKDK	SRR6868585	331.1503242855071
BCKDK	SRR6868586	212.96027904558366
BCKDK	SRR6868587	192.91121210396196
BCKDK	SRR6868588	709.0584044236158
BCKDK	SRR6868589	568.1918274759304
BCKDK	SRR6868590	427.26203728158026
BCKDK	SRR6868591	405.20945554129696
BCKDK	SRR6868604	154.9087878383067
BCKDK	SRR6868605	332.24380884425
BCKDK	SRR6868606	138.39898571739528
BCKDK	SRR6868607	469.55152146745974
BCKDK	SRR6868608	532.5715201010303
BCKDK	SRR6868609	123.17891444811178
BCKDK	SRR6868610	178.69543625335928
BCKDK	SRR6868620	525.8662134459402
BCKDK	SRR6868621	585.5060100542271
BCKDK	SRR6868622	254.97038390053623
BCKDK	SRR6868623	259.47170412271055
BCKDK	SRR6868636	388.26385331252095
BCKDK	SRR6868637	825.8121884083997
BCKDK	SRR6868638	400.6660123351889
BCKDK	SRR6868639	440.68700913653356
BCKDK	SRR6868650	478.21600213277395
BCKDK	SRR6868651	830.3634526030078
BCKDK	SRR6868652	261.7235774245175
BCKDK	SRR6868653	461.5155833518083
BCKDK	SRR6868654	500.41018234098743
BCKDK	SRR6868655	283.5599488697637
BCKDK	SRR6868665	1045.8704768290663
BCKDK	SRR6868666	763.7389811811493
BCKDK	SRR6868667	475.40208721139805
BCKDK	SRR6868668	866.4096277698226
BCKDK	SRR6868669	713.399865613128
BCKDK	SRR6868670	494.6226647842677
BCKDK	SRR6868671	886.625798009011
BCKDK	SRR6868683	578.2441780276225
BCKDK	SRR6868684	563.7019207303047
BCKDK	SRR6868685	765.9841084360252
BCKDK	SRR6868686	648.5991415625961
BCKDK	SRR6868687	1098.8114738388626
BCKDK	SRR6868688	317.2806523616137
BCKDK	SRR6868689	622.9680284155723
BCKDK	SRR6868698	1149.5699483559092
BCKDK	SRR6868699	888.2230203044832
BCKDK	SRR6868700	407.43804432694424
BCKDK	SRR6868701	1048.886142991335
BCKDK	SRR6868702	662.0449337306462
BCKDK	SRR6868713	398.1186623262146
BCKDK	SRR6868714	593.7356599773973
BCKDK	SRR6868715	714.8838848225467
BCKDK	SRR6868716	806.3645619599957
BCKDK	SRR6868717	489.97193082706343
BCKDK	SRR6868718	901.5034803057944
BCKDK	SRR6868719	1192.9303904996084
BCKDK	SRR6868720	1413.115696820009
BCKDK	SRR6868721	578.4299076073324
BCKDK	SRR6868722	412.80614562360444
BCKDK	SRR6868723	297.6900001072363
BCKDK	SRR6868724	562.3969209412426
BCKDK	SRR6868725	788.2797378759304
BCKDK	SRR6868726	1398.3658327188784
BCKDK	SRR6868741	618.8092893838805
BCKDK	SRR7632756	525.3145448086533
BCKDK	SRR7632757	328.8921734482878
BCKDK	SRR7632758	353.73097201747055
BCKDK	SRR7632759	288.3597749424781
BCKDK	SRR7632760	431.5915720138126
BCKDK	SRR7632761	466.2973325420597
BCKDK	SRR7632762	227.56847552885645
BCKDK	SRR7632763	422.82779783251624
BCKDK	SRR7632764	416.8871121977789
BCKDK	SRR7632765	436.14315147551207
BCKDK	SRR7632766	475.3864283284138
BCKDK	SRR7632767	429.01550242154195
BCKDK	SRR7632768	665.6307114612745
BCKDK	SRR7632769	775.8164976795068
BCKDK	SRR7632770	882.2396644039294
BCKDK	SRR7632771	508.91363580436206
BCKDK	SRR7632772	424.0346167712298
BCKDK	SRR7632773	641.4536435395719
BCKDK	SRR7632774	319.01123733286187
BCKDK	SRR7632775	261.76969042236715
BCKDK	SRR7632776	395.46256279848416
BCKDK	SRR7632777	363.57269944522346
BCKDK	SRR7632778	377.565823425069
BCKDK	SRR7632779	917.4409542673023
BCKDK	SRR7632780	394.4584327519503
BCKDK	SRR7632781	250.52483244985785
BCKDK	SRR7632782	674.1039735999461
BCKDK	SRR7632783	756.5247063754096
BCKDK	SRR7632784	512.4295280420937
BCKDK	SRR7632785	575.1100875522978
BCKDK	SRR7632786	284.36424778925016
BCKDK	SRR7632787	825.200178326243
BCKDK	SRR7632788	801.8137312649827
BCKDK	SRR7632789	607.8688874767307
BCKDK	SRR7632790	185.81057688554205
BCKDK	SRR7632791	119.1162103593712
BCKDK	SRR7632792	443.2368452798671
BCKDK	SRR7632793	475.7061778149438
BCKDK	SRR7632794	654.5177924694405
BCKDK	SRR7632795	859.765922935358
BCKDK	SRR7632796	184.1182571392419
BCKDK	SRR7632797	1.150699232136202
BCKDK	SRR7632798	281.6045349813662
BCKDK	SRR7632799	305.1146312787912
BCKDK	SRR7632800	336.9980639778677
BCKDK	SRR7632801	528.7682195933387
BCKDK	SRR7632802	476.11433710227783
BCKDK	SRR7632803	332.81038947931614
BCKDK	SRR7632804	245.56293687931108
BCKDK	SRR7632805	868.6797640206397
BCKDK	SRR7632806	585.6902499094481
BCKDK	SRR7632807	452.9032300238837
BCKDK	SRR7632808	553.5127918925293
BCKDK	SRR7632809	139.4943230017965
BCKDK	SRR7632810	370.54168570218894
BCKDK	SRR7632811	402.72002214965767
BCKDK	SRR7632812	380.7137875136303
BCKDK	SRR7632813	557.4339174032885
BCKDK	SRR7632814	824.9086020008317
BCKDK	SRR7632815	665.1786565571489
BCKDK	SRR7632816	1.0754074903933615
BCKDK	SRR7632817	106.25083485651135
BCKDK	SRR7632818	1219.582753662181
BCKDK	SRR7632819	581.4195691540151
BCKDK	SRR7632820	720.9267923798363
BCKDK	SRR7632821	808.3930853238213
BCKDK	SRR7632822	238.9577022988935
BCKDK	SRR7632823	881.2315920383576
BCKDK	SRR7632824	545.481610227441
BCKDK	SRR7632825	509.4266510933374
BCKDK	SRR7632826	1206.778235783313
BCKDK	SRR7632827	166.6963352938255
BCKDK	SRR7632828	174.4438781287995
BCKDK	SRR7632829	416.944920982282
BCKDK	SRR7632830	246.4215058904507
BCKDK	SRR7632831	402.6977271508607
BCKDK	SRR7632832	439.33027487395213
BCKDK	SRR7632833	382.81804281450917
BCKDK	SRR7632834	266.5899202366337
BCKDK	SRR7632835	138.7538336789959
BCKDK	SRR7632836	307.5229511284601
BCKDK	SRR7632837	798.0972434447499
BCKDK	SRR7632838	256.30226049115277
BCKDK	SRR7632839	546.206653391819
BCKDK	SRR7632840	266.96006853630615
BCKDK	SRR7632841	1.1191732546509214
BCKDK	SRR7632842	418.7899101492623
BCKDK	SRR7632843	888.1146485105803
BCKDK	SRR7632844	225.62405576461217
BCKDK	SRR7632845	307.5320926895603
BCKDK	SRR7632846	103.91772697416683
BCKDK	SRR7632847	204.71615056086887
BCKDK	SRR7632848	254.3086364487352
BCKDK	SRR7632849	346.90004452620184
BCKDK	SRR7632850	266.3953041346762
BCKDK	SRR7632851	633.3669382276563
BCKDK	SRR7632852	360.4537464848788
BCKDK	SRR7632853	455.29594041984404
BCKDK	SRR7632854	553.6327441318277
BCKDK	SRR7632855	580
BCKDK	SRR7632856	567.6501311699228
BCKDK	SRR7632857	81.60731380813641
BCKDK	SRR7632858	482.28481730155545
BCKDK	SRR7632859	330.6253922881978
BCKDK	SRR7632860	475.37252530911667
BCKDK	SRR7632861	190.84797301311002
BCKDK	SRR7632862	49.69373316877627
BCKDK	SRR7632863	1.1276773456759084
BCKDK	SRR7632864	1.121531795981538
BCKDK	SRR7632865	853.2273866574825
BCKDK	SRR7632866	441.49349000140717
BCKDK	SRR7632867	458.6870477666351
BCKDK	SRR7632868	68.71887930864078
BCKDK	SRR7632869	688.4244364560063
BCKDK	SRR7632870	236.90701222435544
BCKDK	SRR7632871	279.5654253849091
BCKDK	SRR7632872	325.1692545080625
BCKDK	SRR7632873	370.54168570218894
BCKDK	SRR7632874	336.89328703359286
BCKDK	SRR7632875	278.4591008763538
BCKDK	SRR7632876	414.7864484638555
BCKDK	SRR7632877	489.33346478762974
BCKDK	SRR7632878	241.21976045138493
BCKDK	SRR7632879	598.3534969564934
BCKDK	SRR7632880	697.026554577477
BCKDK	SRR7632881	172.35261887258886
BCKDK	SRR7632882	276.4751807668248
BCKDK	SRR7632883	302.68584035156175
BCKDK	SRR7632884	93.04513242389177
BCKDK	SRR7632885	321.60559666622163
BCKDK	SRR7632886	608.0447098346951
BCKDK	SRR7632887	499.0049128835729
BCKDK	SRR7632888	300.01724910469636
BCKDK	SRR7632889	590.5431395676927
BCKDK	SRR7632890	1.1021455850880635
BCKDK	SRR7632891	232.48394348913064
BCKDK	SRR7632892	545.1593157277277
BCKDK	SRR7632893	263.71119366900547
BCKDK	SRR7632894	39.797555483754124
BCKDK	SRR7632895	262.0124837135173
BCKDK	SRR7632896	177.96596215402425
BCKDK	SRR7632897	660.6908462354056
BCKDK	SRR7632898	259.970495996468
BCKDK	SRR7632899	243.67951230688595
BCKDK	SRR7632900	182.21162924742137
BCKDK	SRR7632901	267.6928904368666
BCKDK	SRR7632902	230.69060704906798
BCKDK	SRR7632903	568.5078271511721
BCKDK	SRR7632904	153.68535343478246
BCKDK	SRR7632905	100.57245185527388
BCKDK	SRR7632906	548.8974861671786
BCKDK	SRR7632907	635.1496474840897
BCKDK	SRR7632908	578.3256050959891
BCKDK	SRR7632909	2047.049187046289
BCKDK	SRR7632910	392.41852481855295
BCKDK	SRR7632911	433.5562655028465
BCKDK	SRR7632912	805.4168080593342
BCKDK	SRR7632913	147.181940767943
BCKDK	SRR7632914	35.06400827911367
BCKDK	SRR7632915	177.64423969414787
BCKDK	SRR7632916	532.421114199916
BCKDK	SRR7632917	85.25636543216301
BCKDK	SRR7632918	439.08827043523297
BCKDK	SRR7632919	669.7875743172061
BCKDK	SRR7632920	757.6957608509508
BCKDK	SRR7632921	408.92236040132104
BCKDK	SRR7632922	1070.2340462312904
BCKDK	SRR7632923	420.346361681209
BCKDK	SRR7632924	298.57068787365074
BCKDK	SRR7632925	744.2516687510615
BCKDK	SRR7632926	626.3811267084914
BCKDK	SRR7632927	316.3927292688073
BCKDK	SRR7632928	807.677800048821
BCKDK	SRR7632929	273.7528084269615
BCKDK	SRR7632930	1287.1575654149053
BCKDK	SRR7632931	1491.072856779081
BCKDK	SRR7632932	111.80720099919589
BCKDK	SRR7632933	434.0444134239157
BCKDK	SRR7632934	796.5038950332695
BCKDK	SRR7632935	714.149731937766
BCKDK	SRR7632936	262.4293851108205
BCKDK	SRR7632937	471.71824019924446
BCKDK	SRR7632938	400.43634048328187
BCKDK	SRR7632939	119.26854901771267
BCKDK	SRR7632940	824.3455015393602
BCKDK	SRR7632941	656.8720118510623
BCKDK	SRR7632942	112.9105523392156
BCKDK	SRR7632943	1478
BCKDK	SRR7632944	263.772630909004
BCKDK	SRR7632945	1679
BCKDK	SRR8928966	573.0251586205211
BCKDK	SRR8928967	371.2153039362793
BCKDK	SRR8928968	572.721276676718
BCKDK	SRR8928969	714.886279539999
BCKDK	SRR8928970	815.75672373565
BCKDK	SRR8928971	699.3364584538932
BCKDK	SRR8928972	992.4526029131246
BCKDK	SRR8928973	461.73822643320983
BCKDK	SRR8928974	171.42439777581973
BCKDK	SRR8928975	283.4857120002358
BCKDK	SRR8928976	417.7704556248541
BCKDK	SRR8928977	508.71324148695714
BCKDK	SRR8928978	469.58195103675234
BCKDK	SRR8928979	683.9695669201546
BCKDK	SRR8928980	772.9521883408612
BCKDK	SRR8928981	609.0558921205483
BCKDK	SRR8928982	843.5292976448242
BCKDK	SRR8928983	433.8255246971895
BCKDK	SRR8928984	672.7282805447231
BCKDK	SRR8928985	472.8104894334658
BCKDK	SRR8928986	399.569161550629
BCKDK	SRR8928987	524
BCKDK	SRR8928988	1781
BCKDK	SRR8928989	722.3143145369269
BCKDK	SRR8928990	661.9215259016768
BCKDK	SRR8928991	534.3144854778953
BCKDK	SRR9835604	588.2700449328039
BCKDK	SRR9835605	636.4995810627785
BCKDK	SRR9835606	501.0634651272462
BCKDK	SRR9835607	927.2436254914496
BCKDK	SRR9835608	364.22273622153216
BCKDK	SRR9835609	490
BCKDK	SRR9835610	388.7824010118368
BCKDK	SRR9835611	357.3856498059923
BCKDK	SRR9835612	788.0896535964404
BCKDK	SRR9835613	503.95958824320587
BCKDK	SRR9835614	379.7161623367338
BCKDK	SRR9835615	263.9370715865967
BCKDK	SRR9835616	461.3852555374569
BCKDK	SRR9835617	436.81574878600554
BCKDK	SRR9835618	271.43754826602066
BCKDK	SRR9835619	633
BCKDK	SRR9835620	346.6178861562159
BCKDK	SRR9835621	526.4079711270105
BCKDK	SRR9835622	948.5858697447685
BCKDK	SRR9835623	540.0971789086541
BCKDK	SRR9835624	28.61361771425187
BCKDK	SRR9835625	810.4867084557126
BCKDK	SRR9835626	923.8908952141632
BCKDK	SRR9835627	341.6965367672792
BCKDK	SRR9835628	780.5371528598914
BCKDK	SRR9835629	678.313588803461
BCKDK	SRR9835630	355.65695750914034
BCKDK	SRR9835631	140.44183703403368
BCKDK	SRR9835632	517.1739880879978
BCKDK	SRR9835633	276.02354074720307
BCKDK	SRR9835634	677.1715278202404
BCKDK	SRR9835635	836.0913158123993
BCKDK	SRR9835636	357.7073428604238
BCKDK	SRR9835637	1019.4960729512097
BCKDK	SRR9835638	266.5226352043411
BCKDK	SRR9835639	398.0554856173907
BCKDK	SRR9835640	961.6635553422847
BCKDK	SRR9835641	501.8999317888786
BCKDK	SRR9835642	166.95356773500578
BCKDK	SRR9835643	900.4235636932099
BCKDK	SRR9835644	388.2490223757101
BCKDK	SRR9835645	225.3817943474622
BCKDK	SRR9835646	485.41984111423886
BCKDK	SRR9835647	877.1029044218321
BCKDK	SRR9835648	127.69156335956646
BCKDK	SRR9835649	521.8600617744014
BCKDK	SRR9835650	940.5549848882843
BCKDK	SRR9835651	554.3989011111482
BCKDK	SRR9835652	299.57833055294907
BCKDK	SRR9835653	786.1670847362052
BCKDK	SRR9835654	442.4001781674104
BCKDK	SRR9835655	556.8248646717307
BCKDK	SRR9835656	450.1876170730089
BCKDK	SRR9835657	294.2994927614287
BCKDK	SRR9835658	648.3017579924218
BCKDK	SRR9835659	526.0740724865067
BCKDK	SRR9835660	555.0973001805273
BCKDK	SRR9835661	916.6622325758619
BCKDK	SRR9835662	488.75567528558634
BCKDK	SRR9835663	435.4966134423933
BCKDK	SRR9835664	991.7089894307102
BCKDK	SRR9835665	711.8872712521852
BCKDK	SRR9835666	1072
BCKDK	SRR9835667	236.9309153749399
BCKDK	SRR9835668	377
BCKDK	SRR9835669	1343.5880497084684
BCKDK	SRR9835670	596.9994403772928
BCKDK	SRR9835671	455.992516982802
BCKDK	SRR9835672	703.211828869049
BCKDK	SRR9835673	543.9966609409615
BCKDK	SRR9835674	1817.8453749353962
BCKDK	SRR9835675	547.9017177962269
BCKDK	SRR9835676	1.0888102986472097
BCKDK	SRR9835677	517.3560141640556
BCKDK	SRR9835678	704.1262345808135
BCKDK	SRR9835679	1482.371623616187
BCKDK	SRR9835680	648.2903781052454
BCKDK	SRR9835681	586.7577028612512
BCKDK	SRR9835682	417.7196865069428
BCKDK	SRR9835683	887.4941314476838
BCKDK	SRR9835684	565.7820999643611
BCKDK	SRR9835685	421.09786548014955
BCKDK	SRR9835686	455.9564826363253
BCKDK	SRR9835687	910.1962478736932
BCKDK	SRR9835688	1345
BCKDK	SRR9835689	646.6555282297157
BCKDK	SRR9835690	708.4146503270687
BCKDK	SRR9835691	632.5231335628323
BCKDK	SRR9835692	157.77064191271447
BCKDK	SRR9835693	787.1232569754713
BCKDK	SRR9835694	129.3003561280911
BCKDK	SRR9835695	656.323723326459
BCKDK	SRR9835696	784.4914737690536
BCKDK	SRR9835697	204.01855038513435
BCKDK	SRR9835698	973.905603920023
BCKDK	SRR9835699	396.6243485051299
BCKDK	SRR9835700	898.9665054215626
BCKDK	SRR9835701	451.25620507493875
BCKDK	SRR9835702	1154
BCKDK	SRR9835703	583.620008286267
BCKDK	SRR9835704	342.55269357826813
BCKDK	SRR9835705	878.4560837426183
BCKDK	SRR9835706	1.0786425861503106
BCKDK	SRR9835707	634.6848794873924
BCKDK	SRR9835708	665.6686507518705
BCKDK	SRR9835709	463.1666588269381
BCKDK	SRR9835710	545.6681530894313
BCKDK	SRR9835711	523.1882560831287
BCKDK	SRR9835712	626.5660036005355
BCKDK	SRR9835713	481.9170378275939
BCKDK	SRR9835714	734.1332273723893
BCKDK	SRR9835715	776.8465323481018
BCKDK	SRR9835716	614.8030552914859
BCKDK	SRR9835717	797.722717227904
BCKDK	SRR9835718	416.3176989276296
BCKDK	SRR9835719	558.7318793282932
BCKDK	SRR9835720	669.1375070655768
BCKDK	SRR9835721	290.21791363695525
BCKDK	SRR9835722	384.56357720913553
BCKDK	SRR9835723	662
BCKDK	SRR9835724	432.96959619534744
BCKDK	SRR9835725	163.3559004387076
BCKDK	SRR9835726	1006.7243583354062
BCKDK	SRR9835727	767.1575219865847
BCKDK	SRR9835728	396.4651424852203
BCKDK	SRR9835729	464.4958063985078
BCKDK	SRR9835730	521.9918898209252
BCKDK	SRR9835731	104.05007356618118
BCKDK	SRR9835732	674.1559898352737
BCKDK	SRR9835733	573.5491998951343
BCKDK	SRR9835734	546.3914161407267
BCKDK	SRR9835735	547.98518391509
BCKDK	SRR9835736	475.62790197337335
BCKDK	SRR9835737	383.799254967666
BCKDK	SRR9835738	951.6950687572877
BCKDK	SRR9835739	438.55647938760274
BCKDK	SRR9835740	552.0386384567955
BCKDK	SRR9835741	772.052482787967
BCKDK	SRR9835742	280.13870543737494
BCKDK	SRR9835743	86.87380582221628
BCKDK	SRR9835744	938.425756481901
BCKDK	SRR9835745	1615.276053000441
BCKDK	SRR9835746	873.3261642251462
BCKDK	SRR9835747	564.9482139578685
BCKDK	SRR9835748	274.0937092055835
BCKDK	SRR9835749	733
BCKDK	SRR9835750	915.5347378727948
BCKDK	SRR9835751	886.074211551671
BCKDK	SRR9835752	131.09726854406247
BCKDK	SRR9835753	445.6254223844236
BCKDK	SRR9835754	1255.7127207900196
BCKDK	SRR9835755	325.62783854975714
BCKDK	SRR9835756	32.438596301932044
BCKDK	SRR9835757	767.053959912083
BCKDK	SRR9835758	403.29792331259944
BCKDK	SRR9835759	503.2544181218669
BCKDK	SRR9835760	769
BCKDK	SRR9835761	729.1311915266831
BCKDK	SRR9835762	405.67289286547293
BCKDK	SRR9835763	626.8116102103817
BCKDK	SRR9835764	466.205827983776
BCKDK	SRR9835765	284.21032863503063
BCKDK	SRR9835766	286.19418078955493
BCKDK	SRR9835767	121.32511569275617
BCKDK	SRR9835768	642
BCKDK	SRR9835769	1159
BCKDK	SRR9835770	665.9928799284011
BCKDK	SRR9835771	839.5200507140165
BCKDK	SRR9835772	300.7147524589376
BCKDK	SRR9835773	1302
BCKDK	SRR9835774	422.3291805986552
BCKDK	SRR9835775	544.7281356375215
BCKDK	SRR9835776	431.36281338262916
BCKDK	SRR9835777	826.0167672119111
BCKDK	SRR9835778	473.9575282615699
BCKDK	SRR9835779	546.7999746628265
BCKDK	SRR9835780	474.73281006072654
BCKDK	SRR9835781	131.2286251044411
BCKDK	SRR9835782	395.95395290711923
BCKDK	SRR9835783	1143
BCKDK	SRR9835784	500.01125760529254
BCKDK	SRR9835785	106.47742753725018
BCKDK	SRR9835786	167.5978443156122
BCKDK	SRR9835787	573.6063866641516
BCKDK	SRR9835788	472.77948062460064
BCKDK	SRR9835789	1580
BCKDK	SRR9835790	178.2544417317991
BCKDK	SRR9835791	297.8665798647974
BCKDK	SRR9835792	1114.9256556449834
BCKDK	SRR9835793	557.101632017915
BCKDK	SRR9835794	731.1315514485669
BCKDK	SRR9835795	107.79157408177397
BCKDK	SRR9835796	647.6571270590435
BCKDK	SRR9835797	939
BCKDK	SRR9835798	763.1780617431933
BCKDK	SRR9835799	481.9449557388298
BCKDK	SRR9835800	870.9902732249781
BCKDK	SRR9835801	421.0961438846283
BCKDK	SRR9835802	746.9511733586062
BCKDK	SRR9867812	244
BCKDK	SRR9867813	85.44344519199953
BCKDK	SRR9867814	143.89026235116725
BCKDK	SRR9867815	446
BCKDK	SRR9867816	475.25649049501544
BCKDK	SRR9867817	114.8433583523867
BCKDK	SRR9867818	541.1543182793663
BCKDK	SRR9867819	1.0422191398357938
BCKDK	SRR9867820	258.6042411642214
BCKDK	SRR9867821	278
BCKDK	SRR9867822	1.0131332467646033
BCKDK	SRR9867823	541.0973588695961
BCKDK	SRR9867824	333.44229435891583
BCKDK	SRR9867825	185.8744787093404
BCKDK	SRR9867826	64.97903917732421
BCKDK	SRR9867827	501
BCKDK	SRR9867828	42.62837466489552
BCKDK	SRR9867829	173.83339934264978
BCKDK	SRR9867830	456.91746776591094
BCKDK	SRR9867831	413.8281969115113
BCKDK	SRR9879292	727.7027002049609
BCKDK	SRR9879293	94.42179427826504
BCKDK	SRR9879294	1.0204975926045814
BCKDK	SRR9879295	13.262345669349882
BCKDK	SRR9879296	77.96375272790677
BCKDK	SRR9879297	130.05217550738092
BCKDK	SRR9879298	141.60618084561244
BCKDK	SRR9879299	245.14013687533722
BCKDK	SRR9879300	123.88235682754659
BCKDK	SRR9879301	470.13159537287027
BCKDK	SRR9879302	203.28885481759994
BCKDK	SRR9879303	241.33188538489696
BCKDK	SRR9879304	40.68652199193702
BCKDK	SRR9879305	161.77945190154233
BCKDK	SRR9879306	378
BCKDK	SRR9879307	540.7617885857707
BCKDK	SRR9879308	102.224997798626
BCKDK	SRR9879309	121.37686679599575
BCKDK	T50_307	733.5439287404906
BCKDK	T50_313	198.34110993573003
BCKDK	T50_317	267.71090919457174
BCKDK	T50_324	480.7695983628328
BCKDK	T50_427	114.96206903543789
BCKDK	T50_428	159.23871191586224
BCKDK	T50_431	131.81020794849815
BCKDK	T50_436	317.74535710824443
BCKDK	T50_476	748.1962181553372
BCKDK	UN_307	1.0133098244040084
BCKDK	UN_313	1.0145310136075893
BCKDK	UN_317	1.008356876549466
BCKDK	UN_324	1.0221880902289606
BCKDK	UN_427	424.81667220969734
BCKDK	UN_428	1.0107927868178097
BCKDK	UN_431	51.54571865582351
BCKDK	UN_436	268.28500959940254
BCKDK	UN_476	646.5515184602322
