Gene	sample	counts
CERS4	CM317	43.03748291893912
CERS4	CMCD140	2028.6632600434277
CERS4	CMCD147	558.8408951213476
CERS4	CMCD152	758
CERS4	CMCD154	1786.1644767719392
CERS4	CMCD159	1406.3375191296723
CERS4	CMCD161	903.7604337645744
CERS4	CMCD174	501.73414223441114
CERS4	CMCD196	615.4128217411454
CERS4	CMCD198	411.1714262599656
CERS4	CMCD203	685.1713243106167
CERS4	CMCD211	816.7862078800384
CERS4	CMCD227	512.0595004114787
CERS4	CMCD240	211.97863573848602
CERS4	CMCD259	1142
CERS4	CMCD270	344.77360481092774
CERS4	CMCD275	1718.3629055179783
CERS4	CMCD282	1414.7534825497903
CERS4	CMCD286	222.77417665507147
CERS4	CMCD287	289
CERS4	CMCD294	775.68654159212565
CERS4	CMCD327	1020.1581278980265
CERS4	CMCD335	1062.9246701231987
CERS4	CMCD337	783.162628184538
CERS4	CMCD357	1420.3517295160198
CERS4	CMCD398	611.529802778349
CERS4	CMCD403	1833.987293263635
CERS4	CMCD422	557.1602761410503
CERS4	CMCD426	31.07988877293759
CERS4	CMCD71	1382.6914498177716
CERS4	CMCD72	10.296365104358133
CERS4	CMCD76	174.39448655013373
CERS4	CMCD88	295.05308847787586
CERS4	CMSA256	651
CERS4	CMSA316	460.6626582528672
CERS4	CMUC110	985
CERS4	CMUC192	788.233692041686
CERS4	CMUC199	831.5512602633112
CERS4	CMUC200	834.93960620223
CERS4	CMUC208	1787.3566440124066
CERS4	CMUC231	825
CERS4	CMUC234	904
CERS4	CMUC285	788.5071811097608
CERS4	CMUC291	756.9335653930589
CERS4	CMUC295	313.281740260393
CERS4	CMUC299	338.98490847270256
CERS4	CMUC301	326.176033476579
CERS4	CMUC307	628.72616831244
CERS4	CMUC313	112.38695779179596
CERS4	CMUC314	132.69996551415218
CERS4	CMUC323	390.879254439433
CERS4	CMUC324	726.6534933835313
CERS4	CMUC331	283.5232897471665
CERS4	CMUC333	101.24586489611126
CERS4	CMUC334	111.62401559312222
CERS4	CMUC346	1644.4317435028506
CERS4	CMUC352	553.2740912927214
CERS4	CMUC360	742.9352219216114
CERS4	CMUC363	558.9175180189682
CERS4	CMUC365	301.9631183852812
CERS4	CMUC366	639.0861326676188
CERS4	CMUC368	1438
CERS4	CMUC377	654.6462921445216
CERS4	CMUC379	280.4767583443877
CERS4	CMUC380	841.6275170842742
CERS4	CMUC383	4006.4745758393683
CERS4	CMUC394	2262.317949899862
CERS4	CMUC419	494.69876811093434
CERS4	CMUC427	1876
CERS4	CMUC428	785.8756173831515
CERS4	CMUC431	893.6338765233481
CERS4	CMUC435	948.6137628569829
CERS4	CMUC439	492.0894730529464
CERS4	CMUC89	523
CERS4	CS219	483.179710917647
CERS4	CS256	361.81844623332347
CERS4	CS257	720.4767706654723
CERS4	CS259	1342.0491715172884
CERS4	CS261	1113.7675077551153
CERS4	CS266	842.034718667909
CERS4	CS270	564.0067044407068
CERS4	CS277	708.5835910598421
CERS4	CS288	858.5891987102127
CERS4	CS290	275.166352959851
CERS4	CS292	866.6294055211072
CERS4	CS293	714.2398366539569
CERS4	CS301	726.0550483017026
CERS4	CS306	659.5242381751416
CERS4	CS308	183.54685415265922
CERS4	CS315	349.0384258846317
CERS4	CS317	118.67034995595132
CERS4	CS322	1072.9446897852279
CERS4	CS327	1105.1539593247019
CERS4	CS328	100.05616408054046
CERS4	CS330	259.73362779538365
CERS4	CS331	197.55876745776177
CERS4	CS335	360.23622208890254
CERS4	CS338	661.9365831832745
CERS4	CS339	12.806314673871602
CERS4	CS343	1076.4706546189175
CERS4	CS344	173.34016016405604
CERS4	CS350	775.5535722845365
CERS4	CS351	4327.267032561881
CERS4	CS361	305.92315289719556
CERS4	CS388	720.0976779977574
CERS4	CS396	519.4428598794967
CERS4	CS405	252.9111279504295
CERS4	CS415	166.2506733509848
CERS4	CS424	493.8150884931218
CERS4	IM293	823.3215929731055
CERS4	IM296	2684.5764156957857
CERS4	IM297	1799.3392197153344
CERS4	IM300	660
CERS4	IM305	835.1735804587204
CERS4	IM309	609.1596595551762
CERS4	IM310	878.5981525051453
CERS4	IM311	627.6437752206779
CERS4	IM316	688.4485149110915
CERS4	IM320	137.99561882384495
CERS4	IM330	639.4051169127818
CERS4	IM332	2052.0062818722317
CERS4	IM340	276.0400314978357
CERS4	IM348	112.79899859522475
CERS4	IM354	376.66735182899475
CERS4	IM356	1484.734616721897
CERS4	IM364	282.6740717002883
CERS4	IM372	275.09935069658826
CERS4	IM374	1890.6651846835873
CERS4	IM376	569.9126984370337
CERS4	IM381	1369.6573406631928
CERS4	IM382	360.76883715087064
CERS4	IM385	1043
CERS4	IM390	808.5346891942797
CERS4	IM397	313.44906137896334
CERS4	IM404	978.7976668477731
CERS4	IM409	1350.5951660562912
CERS4	IM412	2190
CERS4	IM421	225.45381489363126
CERS4	IM425	541.7817406534299
CERS4	IM432	215.1407117674139
CERS4	IM438	2408
CERS4	IM442	209.2185742990934
CERS4	IM445	296.307227577208
CERS4	IM448	1536.8018085849048
CERS4	IM449	695.7427268805487
CERS4	IM451	921.6882838912229
CERS4	IMSA256	244.98954010796146
CERS4	IMSA276	873
CERS4	IMSA286	540
CERS4	IMSA343	1526.6987878565476
CERS4	IS_238	269
CERS4	IS238	3513.0988074054267
CERS4	IS243	456
CERS4	IS253	363
CERS4	IS283	1642
CERS4	IS322	2725.824977978394
CERS4	IS399	168.15899231499876
CERS4	IS418	53.450509237671596
CERS4	IS430	16.2280789302733
CERS4	IS437	42.08717268203605
CERS4	IS444	68.42097506155929
CERS4	R276CMSA	1564.9739495572423
CERS4	R286CMSA	364
CERS4	R292CMSA	1857.6725154320006
CERS4	R292IMSA	1616.92767571414
CERS4	R308CMSA	43.75402275692671
CERS4	R316IMSA	181.4272023807616
CERS4	R347CMSA	186.11209616211607
CERS4	R347IMSA	56.29650178055249
CERS4	R371CMSA	732.9057710931187
CERS4	SRR10104064	11.094515272513297
CERS4	SRR10104065	34.199146594806294
CERS4	SRR10104066	14.262353077177035
CERS4	SRR10104067	15.345857197102157
CERS4	SRR10104068	33.153643360715506
CERS4	SRR10104069	24.274974477189577
CERS4	SRR10104070	19.558419497229675
CERS4	SRR10104071	2.321210581704469
CERS4	SRR10104072	6.419324907574293
CERS4	SRR10104073	9.401886352123768
CERS4	SRR10104074	2.191644685673592
CERS4	SRR10104075	4.60404027814899
CERS4	SRR10104076	9.248892824909742
CERS4	SRR10104077	5.50388888829084
CERS4	SRR10104078	15.62140854241465
CERS4	SRR10104079	8.716057085847469
CERS4	SRR10104080	7.850627134251063
CERS4	SRR10104081	15.237661088208789
CERS4	SRR10104082	8.658011523330849
CERS4	SRR10104083	4.252795356134626
CERS4	SRR10104084	4.271386941431844
CERS4	SRR10104085	31.688737140680427
CERS4	SRR10104086	17.421336649612716
CERS4	SRR10104087	26.083200206389698
CERS4	SRR10104088	14.127588882417442
CERS4	SRR10104089	2.2694912257192352
CERS4	SRR10104090	16.420856443758254
CERS4	SRR10104091	12.505035997505981
CERS4	SRR10104092	14.178274397725373
CERS4	SRR10104093	18.617357603168227
CERS4	SRR10104094	48.599055120615766
CERS4	SRR10104095	5.270308026753051
CERS4	SRR10104096	5.728592875799145
CERS4	SRR10104097	4.252483710956379
CERS4	SRR10104098	6.17857066789016
CERS4	SRR10104099	8.379816850090213
CERS4	SRR10104100	8.23251282224177
CERS4	SRR10104101	26.144980122126668
CERS4	SRR10104102	13.199120099000197
CERS4	SRR10104103	8.41664938391032
CERS4	SRR10104104	21.325449761877685
CERS4	SRR10104105	5.4041759441353525
CERS4	SRR10104106	11.304558697538386
CERS4	SRR10104107	27.258541388899832
CERS4	SRR10104108	29.198859262637225
CERS4	SRR10104109	7.828775498384247
CERS4	SRR10104110	1.1898566945611233
CERS4	SRR10104111	5.1635511023599605
CERS4	SRR10104112	2.373242286782482
CERS4	SRR10104113	10.358394085966935
CERS4	SRR10104114	8.209642829657872
CERS4	SRR10104115	3.4326660119369405
CERS4	SRR10104116	5.233648474103705
CERS4	SRR10104117	5.19424317412457
CERS4	SRR10104118	2.286705701502954
CERS4	SRR10104119	1.1898188257203337
CERS4	SRR10104120	19.514340419148816
CERS4	SRR10104121	2.1635494330120255
CERS4	SRR10104122	5.447494548056497
CERS4	SRR10104123	7.5743365555891025
CERS4	SRR10104124	11.16413687473687
CERS4	SRR10104125	7.698657646588136
CERS4	SRR10104126	18.71018491840889
CERS4	SRR10104127	3.55751473014974
CERS4	SRR10104128	8.230213586745439
CERS4	SRR10104129	12.315549187245013
CERS4	SRR10104130	16.658350693537233
CERS4	SRR10104131	51.577781369161144
CERS4	SRR10104132	45.32460467115875
CERS4	SRR10104133	2.3275368548442303
CERS4	SRR10104134	5.150534594152508
CERS4	SRR10104135	3.302418240960951
CERS4	SRR10104136	20.30032493652278
CERS4	SRR10104137	4.430961519224156
CERS4	SRR10104138	1.195501466366171
CERS4	SRR10104139	15.170350632976785
CERS4	SRR10104140	4.569225205393031
CERS4	SRR10104141	8.476132025311
CERS4	SRR10104142	22.07771518035508
CERS4	SRR10104143	29.237173608890426
CERS4	SRR10104144	22.248768600269134
CERS4	SRR10104145	13.810457308530523
CERS4	SRR10104146	15.144324457542062
CERS4	SRR10104147	76.12991961509394
CERS4	SRR10104148	22.084598489471958
CERS4	SRR10104149	12.560939880062486
CERS4	SRR10104150	13.151151979504341
CERS4	SRR10104151	16.1224956886679
CERS4	SRR10104152	20.112433500966475
CERS4	SRR10104153	2.2038594990344182
CERS4	SRR10104154	15.457883227854063
CERS4	SRR10104155	18.493868063295185
CERS4	SRR10104156	102.41399048886687
CERS4	SRR10104157	8.391324068231569
CERS4	SRR10104158	18.369279796486964
CERS4	SRR10104159	14.176406537586676
CERS4	SRR10104160	2.2492904987470044
CERS4	SRR10104161	74.1277426443157
CERS4	SRR10104162	13.264393926983432
CERS4	SRR10104163	10.300988116116585
CERS4	SRR10104164	18.353423266555886
CERS4	SRR10104165	10.382728925974472
CERS4	SRR10104166	15.61119393864248
CERS4	SRR10104167	7.158073626223524
CERS4	SRR10104168	11.314810706163756
CERS4	SRR10104169	24.592502522589413
CERS4	SRR10104170	17.51105660774493
CERS4	SRR10104171	13.311706789987836
CERS4	SRR10104172	6.20306058965395
CERS4	SRR10104173	3.181166025328911
CERS4	SRR10104174	6.202984881270685
CERS4	SRR10104175	26.58442037355851
CERS4	SRR10104176	13.292385237644242
CERS4	SRR10104177	1.0253301392642815
CERS4	SRR10104178	5.192073683263833
CERS4	SRR10104179	7.24251519172835
CERS4	SRR10104180	15.32925275418191
CERS4	SRR10104181	8.214132246824526
CERS4	SRR10104182	11.386478244755338
CERS4	SRR10104183	3.1429443931858585
CERS4	SRR10104184	16.340376127553718
CERS4	SRR10104185	20.208532887588156
CERS4	SRR10104186	6.197671562635469
CERS4	SRR10104187	19.385697220277716
CERS4	SRR10104188	9.484789885968532
CERS4	SRR10104189	5.297781299151007
CERS4	SRR10104190	1.1456942406975419
CERS4	SRR10104191	4.550166341168165
CERS4	SRR10104192	7.1823707627505815
CERS4	SRR10104193	11.438266389893586
CERS4	SRR10104194	4.171519619543534
CERS4	SRR10104195	9.376867527796376
CERS4	SRR10104196	3.1219453480888792
CERS4	SRR10104197	29.48800556776302
CERS4	SRR10104198	8.20676739260196
CERS4	SRR10104199	14.06965621577933
CERS4	SRR10104200	2.070683323785673
CERS4	SRR10104201	9.235830608046248
CERS4	SRR10104202	5.330782599841213
CERS4	SRR10104203	15.339551091822383
CERS4	SRR10104204	3.094037863824496
CERS4	SRR10104205	7.1880550121320805
CERS4	SRR10104206	6.172596487662394
CERS4	SRR10104207	9.294498088356535
CERS4	SRR10104208	39.68776955992761
CERS4	SRR10104209	21.48641988611113
CERS4	SRR10104210	13.341964138398431
CERS4	SRR10104211	15.281445728889944
CERS4	SRR10104212	15.281314689474408
CERS4	SRR10104213	4.235686013483976
CERS4	SRR10104214	23.6894120981985
CERS4	SRR10104215	34.36427736883646
CERS4	SRR10104216	11.667041876552217
CERS4	SRR10104217	18.448450348975562
CERS4	SRR10104218	5.318180183337686
CERS4	SRR10104219	15.950247279787648
CERS4	SRR10104220	12.421403031668998
CERS4	SRR10104221	3.261709080910768
CERS4	SRR10104222	5.1906923428296485
CERS4	SRR10104223	2.3532654514939266
CERS4	SRR10104224	13.330006387534757
CERS4	SRR10104225	2.0628330107247432
CERS4	SRR10104226	7.2722254925082925
CERS4	SRR10104227	10.749386157358972
CERS4	SRR10104228	1.1189120562490085
CERS4	SRR10104229	5.185838875989831
CERS4	SRR10104230	4.404660858645844
CERS4	SRR10104231	1.0760855121352966
CERS4	SRR10104232	5.298863210825857
CERS4	SRR10104233	1.0718133708527031
CERS4	SRR10104234	17.397100545384752
CERS4	SRR10104235	22.959276584327466
CERS4	SRR10104236	21.19546540902374
CERS4	SRR10104237	9.166418967816972
CERS4	SRR10104238	1.0703034082552154
CERS4	SRR10104239	6.367070447383918
CERS4	SRR10104240	4.2895248194742654
CERS4	SRR10104241	19.761137175991866
CERS4	SRR10104242	19.149221518159536
CERS4	SRR10104243	6.40384113687594
CERS4	SRR10104244	10.39511551636178
CERS4	SRR10104245	3.122339429311896
CERS4	SRR10104246	5.5290010349516265
CERS4	SRR10104247	11.620716851061477
CERS4	SRR10104248	3.222257311254692
CERS4	SRR10104249	8.217453315316812
CERS4	SRR10104250	3.4590406430287075
CERS4	SRR10104251	3.1398142435556373
CERS4	SRR10104252	1.1796947867396619
CERS4	SRR10104253	5.480926877370831
CERS4	SRR10104254	4.148856452256455
CERS4	SRR10104255	30.929872648175746
CERS4	SRR10104256	12.352614523957204
CERS4	SRR10104257	4.15006845098402
CERS4	SRR10104258	6.184756039434956
CERS4	SRR10224277	70.68479413404573
CERS4	SRR10224278	21.853270141000216
CERS4	SRR10224279	1.089250843220296
CERS4	SRR10224280	49.09400416642213
CERS4	SRR10224281	62.99883610823057
CERS4	SRR10224282	24.154041748828682
CERS4	SRR10224283	342.8989090632078
CERS4	SRR10224284	5.546004372207786
CERS4	SRR10224285	2.2559322213901916
CERS4	SRR10224286	79.98294937680743
CERS4	SRR10224287	60.99440121712277
CERS4	SRR10224288	12.058977957542547
CERS4	SRR10224289	16.402570777317024
CERS4	SRR10224290	8.764233383050431
CERS4	SRR10224291	74.24721719927066
CERS4	SRR10224292	114.33997553020615
CERS4	SRR10224293	64.92901340241612
CERS4	SRR10224294	190.44086284376144
CERS4	SRR10224295	104.26352256078783
CERS4	SRR10224296	126.56675448247204
CERS4	SRR10224297	1.1274808217665389
CERS4	SRR10224298	24.797337648648753
CERS4	SRR10318388	106.77759756453479
CERS4	SRR10318389	122.57381633368611
CERS4	SRR10318390	153.869936131093
CERS4	SRR10318391	185.1688545418442
CERS4	SRR10318392	181.48010346897013
CERS4	SRR10318393	180.50550629291482
CERS4	SRR10318394	149.95033419081702
CERS4	SRR10318395	165.72878954071084
CERS4	SRR10318396	85.67568974979534
CERS4	SRR10318397	159.92530043365085
CERS4	SRR10318398	401.36992061781336
CERS4	SRR10318399	126.01289349624209
CERS4	SRR10318400	304.4326936452551
CERS4	SRR10318401	408.4673891785179
CERS4	SRR10318402	742.1102406554825
CERS4	SRR10318403	259.2407669318512
CERS4	SRR10318404	462.7975284009981
CERS4	SRR10318405	146.35088462352857
CERS4	SRR10318406	375.6954479642485
CERS4	SRR10318407	285.77692924784895
CERS4	SRR10318408	412.2341091267287
CERS4	SRR10318409	124.39091321649093
CERS4	SRR10318410	186.75432155770832
CERS4	SRR10318411	202.73458815596925
CERS4	SRR10318412	279.34163061865416
CERS4	SRR10318413	173.6602859742757
CERS4	SRR10318414	181.06103174935203
CERS4	SRR10318415	106.68667442156226
CERS4	SRR10318416	132.29710354463714
CERS4	SRR10318417	205.45994262784754
CERS4	SRR10318418	99.37096179015573
CERS4	SRR10318419	263.0437414892519
CERS4	SRR10318420	203.36561669975003
CERS4	SRR10318421	122.57872163358019
CERS4	SRR10318422	187.39023675966982
CERS4	SRR10318423	273.40164204931295
CERS4	SRR10318424	190.39649724244526
CERS4	SRR10318425	281.81524126300843
CERS4	SRR10318426	41.62297425984687
CERS4	SRR10318427	28.80847381802405
CERS4	SRR10318428	521.6868920621195
CERS4	SRR10318429	273.0835789506737
CERS4	SRR10318430	130.10936441932657
CERS4	SRR10318431	542.7810668096809
CERS4	SRR10318432	285.4784693159984
CERS4	SRR10318433	6.375010191983281
CERS4	SRR10318434	179.54540203219307
CERS4	SRR10318435	285.6866727362351
CERS4	SRR10318436	471.2847344397898
CERS4	SRR10318437	244.17568929805083
CERS4	SRR10318438	328.4134134640007
CERS4	SRR10318439	102.41822931768944
CERS4	SRR10318440	99.5419196306237
CERS4	SRR10318441	183.50524558423132
CERS4	SRR10318442	102.86330408058433
CERS4	SRR10318443	124.2824454360057
CERS4	SRR10318444	184.55356762008677
CERS4	SRR10318445	177.10872207752223
CERS4	SRR10318446	133.52532472887796
CERS4	SRR10318447	128.32420337325692
CERS4	SRR10318448	152.0437735861332
CERS4	SRR10318449	309.6448297258715
CERS4	SRR10318450	192.99603855977486
CERS4	SRR10318451	353
CERS4	SRR10318452	68.42545538875902
CERS4	SRR10318453	186.62413637813202
CERS4	SRR10318454	85.40383227809573
CERS4	SRR10318455	187.11922952411388
CERS4	SRR10318456	158.03001298764661
CERS4	SRR10318457	184.2844663526871
CERS4	SRR10318458	151.90395926068788
CERS4	SRR10318459	86.55434084211824
CERS4	SRR10318460	133.52756190415946
CERS4	SRR10318461	138.48487886647553
CERS4	SRR10318462	85.56665669560196
CERS4	SRR10318463	118.36514105593011
CERS4	SRR10318464	92.56998201738685
CERS4	SRR10318465	221.19892842666727
CERS4	SRR10318466	41.384186787904056
CERS4	SRR10318467	63.318839900185324
CERS4	SRR10318468	81.7884792827587
CERS4	SRR10318469	166.58326008576043
CERS4	SRR10318470	295
CERS4	SRR10318471	197
CERS4	SRR10318472	79.34760615382048
CERS4	SRR10318473	66.25573904301116
CERS4	SRR10318474	216.902450167135
CERS4	SRR10318475	94.37574899441859
CERS4	SRR10318476	211.7543220349239
CERS4	SRR10318495	115.12422892910115
CERS4	SRR10318496	198.73467331296007
CERS4	SRR10318497	109.5962644691601
CERS4	SRR10318498	213.19172739764764
CERS4	SRR10318499	330.3318116513041
CERS4	SRR10318500	286.6332713661596
CERS4	SRR10318501	181.8735077049511
CERS4	SRR10318502	379.20465241602284
CERS4	SRR10318503	290.5223095710715
CERS4	SRR10318504	95.62747398640661
CERS4	SRR10318505	227.1225754576179
CERS4	SRR10318506	58.691346971295665
CERS4	SRR10318507	117.38901410406662
CERS4	SRR10318508	59.796169839488485
CERS4	SRR10318509	205.39609310959634
CERS4	SRR10318510	244.92650096461824
CERS4	SRR10318511	157.19788388368326
CERS4	SRR10318512	272.0566225168506
CERS4	SRR10318513	151.4991473007475
CERS4	SRR10318514	178.818383857344
CERS4	SRR10318515	52.62039165718222
CERS4	SRR10318516	80.47403029220128
CERS4	SRR10318517	162.42572537708725
CERS4	SRR10318518	65.46625351010236
CERS4	SRR10318519	134.6323761767163
CERS4	SRR10318520	170.33682993353514
CERS4	SRR10318521	133.48136042448667
CERS4	SRR10318522	164.22399219263414
CERS4	SRR10318523	91.20631193139178
CERS4	SRR10318524	109.83653386521543
CERS4	SRR10318525	223.37604632406146
CERS4	SRR10318526	71.46265000003392
CERS4	SRR10318527	137.04931373496873
CERS4	SRR10318528	139.35254013385082
CERS4	SRR10318529	215.4874402774641
CERS4	SRR10318530	99.66729277637089
CERS4	SRR10318531	89.79369998261919
CERS4	SRR10318532	106.87489195957977
CERS4	SRR10318533	35.81167506856539
CERS4	SRR10318534	109.89718854870405
CERS4	SRR10318535	63.976349285633056
CERS4	SRR10318536	112.45421513152328
CERS4	SRR10318537	229.46102123018986
CERS4	SRR10318538	151.2765867208807
CERS4	SRR10318539	153.0969361744718
CERS4	SRR10318540	199.0791450718214
CERS4	SRR10318541	143.0068494716716
CERS4	SRR10318542	132.05246559764058
CERS4	SRR10318543	70.70055037843728
CERS4	SRR10318544	98.24286217344778
CERS4	SRR10318545	176.5103593008814
CERS4	SRR10318546	172.24778228296594
CERS4	SRR10318547	126.49808400868898
CERS4	SRR10318548	105.5081893726258
CERS4	SRR10318549	124.85253098208874
CERS4	SRR10318568	130.4098283721276
CERS4	SRR10318569	211.17415525896783
CERS4	SRR10318570	91.96783922879328
CERS4	SRR10318571	134.1106009701502
CERS4	SRR10318572	80.38007743820775
CERS4	SRR10318573	175.2574628521237
CERS4	SRR10318574	244.593099976589
CERS4	SRR10318575	127.59652801147662
CERS4	SRR10318576	119.51254252435452
CERS4	SRR10318577	356.0284801429383
CERS4	SRR10318578	184.16562366745148
CERS4	SRR10318579	107.3373202755204
CERS4	SRR10318580	253.34554893131974
CERS4	SRR10318581	143
CERS4	SRR10875803	338.2495891600511
CERS4	SRR10875804	197.86655299964968
CERS4	SRR10875805	191.66107925907252
CERS4	SRR10875806	438.4757415292585
CERS4	SRR10875807	225.7622910327873
CERS4	SRR10875808	226.32443671370052
CERS4	SRR10875809	142.2587153841906
CERS4	SRR10875810	204.22408433024162
CERS4	SRR10875812	229
CERS4	SRR10875813	237.21857706099777
CERS4	SRR10875814	212.84743390230574
CERS4	SRR10875815	169
CERS4	SRR10875816	223
CERS4	SRR10875817	433.4854274379196
CERS4	SRR10875818	209.50676179139913
CERS4	SRR10875819	268
CERS4	SRR10875820	242.48961203232005
CERS4	SRR10875821	247.33504100076541
CERS4	SRR10875822	207.59432468955575
CERS4	SRR10875823	244
CERS4	SRR10875824	249.13563261446996
CERS4	SRR10875825	194.34083516898653
CERS4	SRR10875826	219.7183645500618
CERS4	SRR10875827	191.9471570088437
CERS4	SRR10875829	174.2303937014711
CERS4	SRR10875830	219
CERS4	SRR10875831	474.6894374994482
CERS4	SRR10875832	206
CERS4	SRR10875834	169.56383299654166
CERS4	SRR10875835	229
CERS4	SRR10875836	238.12942638978404
CERS4	SRR10875837	207.09747564804522
CERS4	SRR10875838	294
CERS4	SRR10875839	238.58674534940698
CERS4	SRR10875840	197.37712254417875
CERS4	SRR10875841	401.5266727728918
CERS4	SRR10875842	208.61732410878662
CERS4	SRR10875843	161.5299321543978
CERS4	SRR10875844	157.57598348059634
CERS4	SRR10875845	202.60740095081744
CERS4	SRR10875846	269.08046475543296
CERS4	SRR10875847	141.50835841319665
CERS4	SRR10875848	215
CERS4	SRR10875849	246.99194603284693
CERS4	SRR10875850	338.06082679837976
CERS4	SRR10875851	243.94857182048975
CERS4	SRR10875852	248.50847355860526
CERS4	SRR10875853	172.37707796266307
CERS4	SRR10875854	226.41224292684382
CERS4	SRR10875855	292.27627151393307
CERS4	SRR10875856	316.5359006021521
CERS4	SRR10875857	325.7614763889439
CERS4	SRR10875858	283.8631781290979
CERS4	SRR10875859	246
CERS4	SRR10875860	246.6853212395979
CERS4	SRR10875861	189.41748703436826
CERS4	SRR10875862	135.06571449551885
CERS4	SRR10875863	201.08282727278433
CERS4	SRR10875864	189
CERS4	SRR10875865	230.94797609023476
CERS4	SRR10875866	247.36325897684964
CERS4	SRR10875867	209.78891044016396
CERS4	SRR10875868	275.6948358968831
CERS4	SRR10875869	232
CERS4	SRR10875870	247.39173911607116
CERS4	SRR10875871	293.05272855599196
CERS4	SRR10875872	178.9998566443771
CERS4	SRR10875873	245.04108791111383
CERS4	SRR10875874	199.71469131530367
CERS4	SRR10875875	227.65869480609112
CERS4	SRR10875876	254
CERS4	SRR10875877	260.1369745710257
CERS4	SRR10875878	173.36197709229418
CERS4	SRR10875879	207
CERS4	SRR10875880	164.65556207536858
CERS4	SRR10875881	110.36796514604418
CERS4	SRR10875882	207
CERS4	SRR10875883	105.67596729863601
CERS4	SRR10875884	204.9845306694531
CERS4	SRR10875885	330.6044610456333
CERS4	SRR10875886	144.07607353852674
CERS4	SRR10875887	288
CERS4	SRR10875888	51.41107316914448
CERS4	SRR10875889	127.28351741881039
CERS4	SRR10875890	123.26965458957882
CERS4	SRR10875891	432
CERS4	SRR10875892	214.53001219192896
CERS4	SRR10875893	161
CERS4	SRR10875894	148.29269620049487
CERS4	SRR10875895	138
CERS4	SRR10875896	131.31033018449335
CERS4	SRR10875897	177.4518911135938
CERS4	SRR10875898	296.0353560505348
CERS4	SRR10875899	238.35617886520933
CERS4	SRR10875900	167.62383449713047
CERS4	SRR10875901	166.36392408024457
CERS4	SRR10875902	188.8667526855814
CERS4	SRR12430469	218
CERS4	SRR12430470	238.33459602681683
CERS4	SRR12430471	258.9913011693995
CERS4	SRR12430472	333.218557186559
CERS4	SRR12430473	299
CERS4	SRR12430474	218.279430812962
CERS4	SRR12430475	247.67293038490968
CERS4	SRR12430476	280
CERS4	SRR12765534	478
CERS4	SRR12765535	206.54135449185168
CERS4	SRR12765536	260.2020462414754
CERS4	SRR12765537	192.8021779263422
CERS4	SRR12765538	88.94181692631474
CERS4	SRR12765539	41.24133580543208
CERS4	SRR12765540	428.3344125450465
CERS4	SRR12765541	78.73981366188507
CERS4	SRR12765542	689
CERS4	SRR12765543	164.63217565762668
CERS4	SRR12765544	179.03987749490807
CERS4	SRR12765545	118.08589357499969
CERS4	SRR12765546	66.96126874980295
CERS4	SRR12765547	70.56321559121778
CERS4	SRR12765548	145.9231657752869
CERS4	SRR12765549	142.0728318887274
CERS4	SRR12765550	116.48703750711867
CERS4	SRR12765551	151.02170507696076
CERS4	SRR12765552	78.10704271207325
CERS4	SRR12765553	22.975134877065354
CERS4	SRR12765554	76.35573477427108
CERS4	SRR12765555	82.67782916964408
CERS4	SRR12765556	56.86039723917252
CERS4	SRR12765557	202.0975227343613
CERS4	SRR12765558	42.05980960414802
CERS4	SRR12765559	264.5033222172241
CERS4	SRR12765560	84.57324416566331
CERS4	SRR12765561	299.8488704922397
CERS4	SRR12765562	80.22319209591289
CERS4	SRR12765563	320.31981179771094
CERS4	SRR12765564	196.40901820799616
CERS4	SRR12765565	489.0712152285086
CERS4	SRR12765566	127.90128720130912
CERS4	SRR12765567	121.58625324982225
CERS4	SRR12765568	62.63730027551551
CERS4	SRR12765569	91.03321058113893
CERS4	SRR12765570	161.13934795726217
CERS4	SRR12765571	38.42470909401377
CERS4	SRR12765572	177.15878557959556
CERS4	SRR12765573	39.30005731039464
CERS4	SRR12765574	454.13000020828747
CERS4	SRR12765575	119.8009251566817
CERS4	SRR12765576	220.33945234930877
CERS4	SRR12765577	31.369156865084307
CERS4	SRR12765578	157.34060113650278
CERS4	SRR12765579	136.13174436542988
CERS4	SRR12765580	224.51849714767425
CERS4	SRR12765581	95.49459461853054
CERS4	SRR12765582	204.2051199298971
CERS4	SRR12765583	110.96185944768904
CERS4	SRR12765584	143.76339451391274
CERS4	SRR12765585	74.81370829944402
CERS4	SRR12765586	502.63833514841605
CERS4	SRR12765587	56.65636205772542
CERS4	SRR12765588	443.05842240929644
CERS4	SRR12765589	57.01449224165821
CERS4	SRR12765590	79.25646277305326
CERS4	SRR12765591	167.52148515944006
CERS4	SRR12765592	94.53759074443703
CERS4	SRR12765593	275.28223442023153
CERS4	SRR12765594	99.25348761646369
CERS4	SRR12765595	74.86709413301061
CERS4	SRR12765596	182.80267544787182
CERS4	SRR12765597	606.8647726753927
CERS4	SRR12765598	80.57401714758947
CERS4	SRR12765599	155.47488039235185
CERS4	SRR12765600	80.31038816113487
CERS4	SRR12765601	132.83238982743234
CERS4	SRR12765602	103.8921248386459
CERS4	SRR12765603	127.23788039998995
CERS4	SRR12765604	108.8788642904512
CERS4	SRR12765605	138.05154249285496
CERS4	SRR12765606	94.23421927559842
CERS4	SRR12765607	135.15149132293152
CERS4	SRR12765608	138.2133508004916
CERS4	SRR12765609	254.21568173410935
CERS4	SRR12765610	165.43614042706574
CERS4	SRR12765611	213.16779655607365
CERS4	SRR12765612	515.3287471842546
CERS4	SRR12765613	159.94429917275133
CERS4	SRR12765614	577.6886609803544
CERS4	SRR12765615	124.12651796186384
CERS4	SRR12765616	93.56946345258893
CERS4	SRR12765617	78.66217636265993
CERS4	SRR12765618	71.62278076924996
CERS4	SRR12765619	131.80742834702363
CERS4	SRR12765620	143.1360441315161
CERS4	SRR12765621	395.0179828372115
CERS4	SRR12765622	254.4371077503163
CERS4	SRR12765623	529
CERS4	SRR12765624	218.86383073148517
CERS4	SRR12765625	117.96576228236992
CERS4	SRR12765626	422.0802952315369
CERS4	SRR12765627	197.10637605793272
CERS4	SRR12765628	67.7042698330659
CERS4	SRR12765629	85.671992233869
CERS4	SRR12765630	434.76248692443374
CERS4	SRR12765631	338.0114984055648
CERS4	SRR12765632	528.4483618174544
CERS4	SRR12765633	215.07525033348435
CERS4	SRR12765634	268.4526762414165
CERS4	SRR12765635	160.62900902018305
CERS4	SRR12765636	166.00150249968144
CERS4	SRR12765637	62.124202002923
CERS4	SRR12765638	501
CERS4	SRR12765639	73.19691736629903
CERS4	SRR12765640	353.7720835747507
CERS4	SRR12765641	52.977506256719714
CERS4	SRR12765642	204.49929673692944
CERS4	SRR12765643	121.67740540546991
CERS4	SRR12765644	187.66852237218373
CERS4	SRR12765645	52.45529226315087
CERS4	SRR12765646	351.379106474568
CERS4	SRR12765647	104.95916586463858
CERS4	SRR12765648	64.75978248927878
CERS4	SRR12765649	64.01734550826137
CERS4	SRR12765650	80.42416771308139
CERS4	SRR12765651	73.00359947535188
CERS4	SRR12765652	134.40775961577015
CERS4	SRR12774664	352.8617626731576
CERS4	SRR12774665	264.4987728712035
CERS4	SRR12774666	168.7794671687345
CERS4	SRR12774667	141.07488517114177
CERS4	SRR12774668	271.70094762242354
CERS4	SRR12774669	243.40056536836684
CERS4	SRR12774670	242.29811172110877
CERS4	SRR12774671	192.89499354636624
CERS4	SRR12774672	293.80595970199585
CERS4	SRR12774673	235.29770847483988
CERS4	SRR12774674	214.06205698838767
CERS4	SRR12774675	204.8080902517025
CERS4	SRR12774676	479.1148145046462
CERS4	SRR12774677	350.77644444152963
CERS4	SRR12774678	163.8693847735802
CERS4	SRR12774679	225.11791382048264
CERS4	SRR12774680	291.03201968089326
CERS4	SRR12774681	342.96000461112243
CERS4	SRR12774682	230.4143425146406
CERS4	SRR12774683	344.43902830292456
CERS4	SRR12774684	236.24224792823253
CERS4	SRR12774685	211.54734448388882
CERS4	SRR12774686	455.03515624702175
CERS4	SRR12774687	419.95812856487976
CERS4	SRR1609360	155.29690670879583
CERS4	SRR1609361	213.3889688706077
CERS4	SRR1609362	121.76326938133268
CERS4	SRR1609363	76.56046271362614
CERS4	SRR1609364	96.82261292021099
CERS4	SRR1609365	336.75310434821006
CERS4	SRR1609366	177.00075775263213
CERS4	SRR1609367	363.97017772882475
CERS4	SRR1609368	81.45004149449834
CERS4	SRR1609369	250.22503215686342
CERS4	SRR1609370	369.7700393813805
CERS4	SRR1609371	73.1381193893818
CERS4	SRR1609372	251.18072956479818
CERS4	SRR1609373	75.5623074129963
CERS4	SRR1609374	157.41258570495492
CERS4	SRR1609375	129.84181529821987
CERS4	SRR1609376	33.53091789491838
CERS4	SRR1609377	131.69248714297217
CERS4	SRR1609378	164.81990836538793
CERS4	SRR1609379	225.405240184452
CERS4	SRR1609380	79.23749388346091
CERS4	SRR1609381	341.2455329944071
CERS4	SRR1609382	131.8545276612382
CERS4	SRR1609383	83.86561352019847
CERS4	SRR1609384	184.76440115796242
CERS4	SRR1609385	230.6800395064587
CERS4	SRR1609386	108.71333884770436
CERS4	SRR1609387	163.19740479709174
CERS4	SRR1609388	86.07746804652126
CERS4	SRR1609389	256.6457350221932
CERS4	SRR1609390	156.98773560598923
CERS4	SRR1609391	19.145255070923383
CERS4	SRR1609392	94.43579497160842
CERS4	SRR1609393	65.82120373581354
CERS4	SRR1609394	65.77270429380944
CERS4	SRR1609395	271.4800634824774
CERS4	SRR1609396	313.33811873746663
CERS4	SRR1609397	88.26419818386027
CERS4	SRR1609398	149.6869476071895
CERS4	SRR1609399	305.1580395833523
CERS4	SRR1609400	386.84623310225544
CERS4	SRR1609401	65.69287555732036
CERS4	SRR1609402	72.32144026698717
CERS4	SRR1609403	230.72894669303417
CERS4	SRR1609404	146.73213614977996
CERS4	SRR1609405	101.66668827167068
CERS4	SRR1609406	76.29916955161677
CERS4	SRR1609407	89.20450517767954
CERS4	SRR1609408	67.52158274877699
CERS4	SRR1609409	111.02609558465224
CERS4	SRR1609410	159
CERS4	SRR1609411	51.575660388496054
CERS4	SRR1609412	222
CERS4	SRR1609413	716.4829285600433
CERS4	SRR1609414	237.38413312208831
CERS4	SRR1609415	234.04211086041678
CERS4	SRR1609416	335.8803580328656
CERS4	SRR1609417	209.39587782591633
CERS4	SRR1609418	178.25642585097637
CERS4	SRR1609419	86.419185422307
CERS4	SRR1609420	201.9392111145196
CERS4	SRR1609421	117.753600453441
CERS4	SRR1609422	83.35199242965048
CERS4	SRR1609423	121.1968261006445
CERS4	SRR1609424	53.937270572811265
CERS4	SRR1609425	136.22043082111398
CERS4	SRR1609426	136.64195346475194
CERS4	SRR1609427	480.458529086677
CERS4	SRR1609428	96.8285058453616
CERS4	SRR1609429	102.128561504049
CERS4	SRR1609430	297.21327791042756
CERS4	SRR1609431	70.51272490165697
CERS4	SRR1609432	88.13216181999927
CERS4	SRR1609433	241.97396948933874
CERS4	SRR1609434	160.37052578816537
CERS4	SRR1609435	225.0031464849626
CERS4	SRR1609436	172.55730668567466
CERS4	SRR1609437	120.53166928847087
CERS4	SRR1609438	61.93700085867858
CERS4	SRR1609439	133.9405792393134
CERS4	SRR1609440	326.8223031923241
CERS4	SRR1609441	176.3990208782962
CERS4	SRR1609442	124.89314262911421
CERS4	SRR1609443	201.726124915293
CERS4	SRR1609444	166.08963667825802
CERS4	SRR1609445	170.5963192710801
CERS4	SRR1609446	90.99028940970335
CERS4	SRR1609447	27.144399341195243
CERS4	SRR1609448	83.7322898999955
CERS4	SRR1609449	283.70132648046655
CERS4	SRR1609450	113.23081716921568
CERS4	SRR1609451	295.75535033943066
CERS4	SRR1609452	11.369435093336998
CERS4	SRR1609453	266.4872322367832
CERS4	SRR1609454	108.71305522054247
CERS4	SRR1609455	12.516237980743048
CERS4	SRR1609456	104.50258521105702
CERS4	SRR1609457	114.74878713750438
CERS4	SRR1609458	29.77200903692897
CERS4	SRR1609459	126.49034835304509
CERS4	SRR1609460	75.72311522867312
CERS4	SRR1609461	165.27754156285624
CERS4	SRR1609462	289.0639319702034
CERS4	SRR1609463	110.7077991895639
CERS4	SRR1609464	166.83294662227004
CERS4	SRR1609465	51.609320150739954
CERS4	SRR1609466	61.68798025081199
CERS4	SRR1609467	255.0103331706521
CERS4	SRR1609468	229.38139982573216
CERS4	SRR1609469	322.0579474233086
CERS4	SRR1609470	85.41021080066764
CERS4	SRR1609471	233.4907904874061
CERS4	SRR1609472	55.440945686986254
CERS4	SRR1609473	78.25400835549965
CERS4	SRR1609474	163.41614831364853
CERS4	SRR1609475	75.61088965898024
CERS4	SRR1609476	461.40165887922825
CERS4	SRR1609477	150.84655895548232
CERS4	SRR1609478	145.26574197767275
CERS4	SRR1609479	108.11158487186755
CERS4	SRR1609480	180
CERS4	SRR1609481	98.01130453760418
CERS4	SRR1609482	180.654491995254
CERS4	SRR1609483	223.00402557630406
CERS4	SRR1609484	166.30365335574106
CERS4	SRR1609485	251.22593228549087
CERS4	SRR1609486	174.56450067677565
CERS4	SRR1609487	148.5759647321482
CERS4	SRR1609488	178.25642585097637
CERS4	SRR1609489	118.25869302089674
CERS4	SRR1609490	76.22944560141649
CERS4	SRR1609491	91.32089564317256
CERS4	SRR1609492	134
CERS4	SRR1609493	83.37099547026365
CERS4	SRR1609494	111.65877122235322
CERS4	SRR1609495	342.76348785222956
CERS4	SRR1609496	260.21459889730636
CERS4	SRR1609497	210.18902701176526
CERS4	SRR1609498	282.1015071040962
CERS4	SRR1609499	122.25588857958925
CERS4	SRR1609500	217.37459667319607
CERS4	SRR1609501	155.1989735458062
CERS4	SRR1609502	111.42192334765822
CERS4	SRR1609503	10.057459677916173
CERS4	SRR1609504	294
CERS4	SRR1609505	366
CERS4	SRR1609506	50.984669779165685
CERS4	SRR1609507	206.23920043195002
CERS4	SRR1609508	200.10799599790124
CERS4	SRR1609509	69.4366138223882
CERS4	SRR1609510	117.65562864099603
CERS4	SRR1609511	122.36310260973795
CERS4	SRR1609512	224.7404569229632
CERS4	SRR1609513	308.9858110649583
CERS4	SRR1609514	78.71841034716296
CERS4	SRR1609515	161.3189977605833
CERS4	SRR1609516	96.4010889631711
CERS4	SRR1609517	75.66477422244215
CERS4	SRR1609518	249.4035829004219
CERS4	SRR1609519	232.38949081161974
CERS4	SRR1609520	125.15822835496137
CERS4	SRR1609521	165.26675878094647
CERS4	SRR1609522	103.42950520140204
CERS4	SRR1609523	105.49708406682004
CERS4	SRR1609524	67.10326722590257
CERS4	SRR1609525	126.69536578944549
CERS4	SRR1609526	175.50415141575445
CERS4	SRR1609527	327
CERS4	SRR1609528	190.63577618497902
CERS4	SRR1609529	86.12773169819965
CERS4	SRR1609530	216.03098632054974
CERS4	SRR1609531	105.39837077189952
CERS4	SRR1609532	204.46282029899544
CERS4	SRR1609533	44.64374526158935
CERS4	SRR1609534	254.32791984763335
CERS4	SRR1609535	21.928890928009796
CERS4	SRR1609536	119.26990185959012
CERS4	SRR1609537	81.31130504310505
CERS4	SRR1609538	144
CERS4	SRR1609539	115.71234371497948
CERS4	SRR1609540	274
CERS4	SRR1609541	94.62146613124564
CERS4	SRR1609542	97.2271759415871
CERS4	SRR1609543	563.130738781671
CERS4	SRR1609544	369.14542627456126
CERS4	SRR1609545	147.71327632057177
CERS4	SRR1609546	248
CERS4	SRR1609547	122.63084485986352
CERS4	SRR1609548	90.60175588015977
CERS4	SRR1609549	83.88776282094022
CERS4	SRR1609550	195
CERS4	SRR1609551	83.93882147984039
CERS4	SRR1609552	120.53573377831194
CERS4	SRR1609553	155.40472607825674
CERS4	SRR1609554	106.95826937529343
CERS4	SRR1609555	141.4848526876205
CERS4	SRR1609556	151.28095954246365
CERS4	SRR1609557	87.54847634644271
CERS4	SRR1609558	73.31348823421325
CERS4	SRR1609559	44.827363683356445
CERS4	SRR1609560	99.70504518717907
CERS4	SRR1609561	115.29204170576
CERS4	SRR1609562	180.17796934760835
CERS4	SRR1609563	96.42858702264955
CERS4	SRR1609564	242.2178311278438
CERS4	SRR1609565	58.41279378525309
CERS4	SRR1609566	102.34168620410826
CERS4	SRR1609567	8.80677922930607
CERS4	SRR1609568	328
CERS4	SRR1609569	517
CERS4	SRR1609570	207.6243752457635
CERS4	SRR1609571	268.33411205090374
CERS4	SRR1609572	151.98549421210842
CERS4	SRR1609573	191.72820580243027
CERS4	SRR1609574	323.6452238835193
CERS4	SRR1609575	34.34410309253491
CERS4	SRR1609576	121.48203328320413
CERS4	SRR1609577	321.34443881646115
CERS4	SRR1609578	221.39036118043347
CERS4	SRR1609579	299.9970120510872
CERS4	SRR1609580	116.89073411378229
CERS4	SRR1609581	52.09021195568612
CERS4	SRR1609582	160.3162058747554
CERS4	SRR1609583	77.68198821247783
CERS4	SRR1609584	265.5331775394
CERS4	SRR1609585	220.19433901038332
CERS4	SRR1609586	30.183138989988098
CERS4	SRR1609587	69.82833856616175
CERS4	SRR1609588	83.09923132351989
CERS4	SRR1609589	143.37579462298442
CERS4	SRR1609590	295.0841476754401
CERS4	SRR1609591	160.5233330887869
CERS4	SRR1609592	140.95829622046946
CERS4	SRR1609593	112.6200227993119
CERS4	SRR1609594	196.86395533482636
CERS4	SRR1609595	53.26392290062437
CERS4	SRR1609596	105.27593311477877
CERS4	SRR1609597	86.36194952147699
CERS4	SRR1609598	174.68130200410755
CERS4	SRR1609599	346.1928393372319
CERS4	SRR1609600	111.33446780873774
CERS4	SRR1609601	99.7318826233939
CERS4	SRR1609602	74.44584856954832
CERS4	SRR1609603	364
CERS4	SRR1609604	129.90275641161068
CERS4	SRR1609605	105.79447989553894
CERS4	SRR1609606	83.31880453015265
CERS4	SRR1609607	71.35301203007765
CERS4	SRR1609608	91.79798580876833
CERS4	SRR1609609	71.2368325665223
CERS4	SRR1609610	150
CERS4	SRR1609611	79.33652458566583
CERS4	SRR1609612	147.3442769424052
CERS4	SRR1609613	130.10729944865318
CERS4	SRR1609614	152.7167411294502
CERS4	SRR1609615	183.57998802097939
CERS4	SRR1609616	380
CERS4	SRR1609617	242
CERS4	SRR1609618	139.4448011033911
CERS4	SRR1609619	218.7926625275854
CERS4	SRR1609620	68.85295317593211
CERS4	SRR1609621	100.85252077511602
CERS4	SRR1609622	88.36623267966898
CERS4	SRR1609623	131.45116808761287
CERS4	SRR1609624	33.29548469435108
CERS4	SRR1609625	167.25818413531925
CERS4	SRR1609626	267.0348667254509
CERS4	SRR1609627	128.69111514826722
CERS4	SRR1609628	131.24975458506196
CERS4	SRR1609629	104.65366225854179
CERS4	SRR1609630	89.24844944815455
CERS4	SRR1609631	234
CERS4	SRR1609632	243
CERS4	SRR1609633	295.05383152851044
CERS4	SRR1609634	91.75610581146323
CERS4	SRR1609635	227.53457256690004
CERS4	SRR1609636	100.25202498563854
CERS4	SRR1609637	352.42347777825603
CERS4	SRR1609638	73.75115169041867
CERS4	SRR1609639	96.53113680478857
CERS4	SRR1609640	260.04678984490755
CERS4	SRR1609641	411.0739639471423
CERS4	SRR1609642	365
CERS4	SRR1609643	98.14200437209567
CERS4	SRR1609644	236.2467496208513
CERS4	SRR1609645	101.32010267824545
CERS4	SRR1609646	297.6955799448595
CERS4	SRR1609647	83.69469593498617
CERS4	SRR1609648	97.35230045218978
CERS4	SRR1609649	157.26787931537942
CERS4	SRR1609650	104.77296780890607
CERS4	SRR1609651	130.44130169820124
CERS4	SRR1609652	221.78022470577676
CERS4	SRR1609653	33.6258026716062
CERS4	SRR1609654	141.7070419706205
CERS4	SRR1609655	73.4986513844534
CERS4	SRR1609656	336.7520183369359
CERS4	SRR1609657	196.4930803205026
CERS4	SRR1609658	48.96238216460885
CERS4	SRR1609659	76.6054296078687
CERS4	SRR1609660	136.53343962345843
CERS4	SRR1609661	180.26481893361296
CERS4	SRR1609662	117.54708406035036
CERS4	SRR1609663	153.40676463136816
CERS4	SRR1609664	59.42587234103071
CERS4	SRR1609665	143
CERS4	SRR1609666	202.31024762469423
CERS4	SRR1609667	255.73523248570206
CERS4	SRR1609668	23.64498274617959
CERS4	SRR1609669	115.17421577868205
CERS4	SRR1746771	159.13079184103393
CERS4	SRR1746772	334.9138138410052
CERS4	SRR1746773	171.2131540548787
CERS4	SRR1746774	743.6322946574594
CERS4	SRR1746775	263.45426319227187
CERS4	SRR1746776	222.45966165409445
CERS4	SRR1746777	208.19040721024726
CERS4	SRR1746778	362.4204282559997
CERS4	SRR1746779	184.5648708270769
CERS4	SRR1746780	252.03643653172446
CERS4	SRR1746781	338.27027476999115
CERS4	SRR1746782	254.12950538260768
CERS4	SRR1746783	416
CERS4	SRR1746784	273.13038669209396
CERS4	SRR1782685	83.3235220630578
CERS4	SRR1782686	103.4347111895906
CERS4	SRR1782687	69.84291415234885
CERS4	SRR1782688	67.10584213639274
CERS4	SRR1782689	207.6467531323975
CERS4	SRR1782690	91.8234993135046
CERS4	SRR1782691	165.28483157178502
CERS4	SRR1782692	91.75232785706869
CERS4	SRR1782693	201.76931298474454
CERS4	SRR1782694	33.53073840847607
CERS4	SRR1782695	341.2455329944071
CERS4	SRR1782696	130.4381928317628
CERS4	SRR1782697	83.73256490227537
CERS4	SRR1782698	369.7700393813805
CERS4	SRR1782699	53.25880450970703
CERS4	SRR1782700	105.79488959163339
CERS4	SRR1782701	206.27796327533437
CERS4	SRR1782702	83.88531273344812
CERS4	SRR1782703	305.1830626930612
CERS4	SRR1782704	79.2358376586857
CERS4	SRR1782705	268.3419266209259
CERS4	SRR1782706	163.41614831364853
CERS4	SRR1782707	289.0992043964821
CERS4	SRR1782708	51.58394424081323
CERS4	SRR1782709	32.53105697550195
CERS4	SRR1782710	222
CERS4	SRR1782711	166.84982639460918
CERS4	SRR1782712	146.71452127373615
CERS4	SRR1782713	75.61046277271123
CERS4	SRR1782714	55.43982585277287
CERS4	SRR1782715	256.63441547349623
CERS4	SRR1782716	160.35756702787774
CERS4	SRR1782717	251.20717047393805
CERS4	SRR1782718	336.7590373011136
CERS4	SRR1782719	230.66448141418206
CERS4	SRR1782720	164.81701438252506
CERS4	SRR1782721	61.684083254182525
CERS4	SRR1782722	250.2208397845265
CERS4	SRR1782723	386.84623310225544
CERS4	SRR1782724	91.00168578660788
CERS4	SRR1782725	121.81753032694003
CERS4	SRR1782726	163.2046030560135
CERS4	SRR1782727	134
CERS4	SRR1782728	73.1516607129085
CERS4	SRR1782729	710.9265069434431
CERS4	SRR1782730	254.34691473737237
CERS4	SRR1782731	71.21501279554482
CERS4	SRR1782732	53.96167203506575
CERS4	SRR1782733	75.72431856511298
CERS4	SRR1782734	69.4304685108109
CERS4	SRR1782735	225.02551895277333
CERS4	SRR1782736	90.62562146906663
CERS4	SRR1782737	167.27067608180906
CERS4	SRR1782738	155.35150684493098
CERS4	SRR1782739	83.86763698750205
CERS4	SRR1782740	152.74845836802174
CERS4	SRR1782741	121.24549546195561
CERS4	SRR1782742	195
CERS4	SRR1782743	113.22735495076302
CERS4	SRR1782744	95.47666151028454
CERS4	SRR1782745	51.6134063922981
CERS4	SRR1782746	191.74055629239723
CERS4	SRR1782747	70.51094943362335
CERS4	SRR1782748	88.2738447434832
CERS4	SRR1782749	86.07785028915782
CERS4	SRR1782750	102.13931221737
CERS4	SRR1782751	94.43996031544177
CERS4	SRR1782752	110.73146515834793
CERS4	SRR1782753	220.21078457873918
CERS4	SRR1782754	241.99446784444964
CERS4	SRR1782755	89.23905556764439
CERS4	SRR1782756	65.8515258787612
CERS4	SRR1782757	88.12677233081979
CERS4	SRR1782758	237.40912171220032
CERS4	SRR1782759	73.32336288220523
CERS4	SRR1782760	131.84681239196638
CERS4	SRR1782761	77.5112137695013
CERS4	SRR1782762	19.15697257037054
CERS4	SRR1782763	81.44283296494291
CERS4	SRR1782764	313.3602397671973
CERS4	SRR1782765	230.736001825755
CERS4	SRR1782766	65.69399546726254
CERS4	SRR1782767	184.76748586297478
CERS4	SRR1782768	129.83300951676324
CERS4	SRR1782769	96.81936853622548
CERS4	SRR1782770	149.6921366656061
CERS4	SRR1782771	108.71641768609837
CERS4	SRR1782772	131.70328599185098
CERS4	SRR1782773	72.31382804545959
CERS4	SRR1782774	157.40082997081484
CERS4	SRR1782775	48.9614696408875
CERS4	SRR1782776	117.69438711661371
CERS4	SRR1782777	234.04211086041678
CERS4	SRR1782778	131.23995271811503
CERS4	SRR1782779	99.73616176901682
CERS4	SRR1782780	111.41887575919742
CERS4	SRR1782781	141.72647923203775
CERS4	SRR1782782	175.53088266754793
CERS4	SRR1782783	115.72816284123216
CERS4	SRR1782784	101.33792203275958
CERS4	SRR1782785	117.12638943221596
CERS4	SRR1782786	227.56910981210575
CERS4	SRR1782787	327
CERS4	SRR1782788	221.82013648392115
CERS4	SRR1782789	79.32752534731208
CERS4	SRR1782790	112.62651398809638
CERS4	SRR1782791	369.17452032627574
CERS4	SRR1782792	129.8833545926416
CERS4	SRR1782793	122.3626055332425
CERS4	SRR1782794	300.0396499706915
CERS4	SRR1782795	346.1928393372319
CERS4	SRR1782796	125.23391222713144
CERS4	SRR1782797	196.86965807948482
CERS4	SRR1782798	146.77920508725808
CERS4	SRR1782799	249.4035829004219
CERS4	SRR1782800	221.39036118043347
CERS4	SRR1782801	176.9791622377218
CERS4	SRR1782802	75.55333185980813
CERS4	SRR1782803	254.93135587209832
CERS4	SRR1782804	363.9811226821911
CERS4	SRR1782805	225.405240184452
CERS4	SRR1782806	388.0288752440489
CERS4	SRR1782807	143.89031082103816
CERS4	SRR1782808	76.97240452535608
CERS4	SRR1782809	386.1122356715909
CERS4	SRR1782810	114.88085052604124
CERS4	SRR1782811	246.76122626914244
CERS4	SRR1782812	145.80816840716307
CERS4	SRR1782813	124.77583041479586
CERS4	SRR1782814	296.79630552251473
CERS4	SRR1782815	74.34849344262138
CERS4	SRR1782816	166.08963667825802
CERS4	SRR1782817	224.77641046171308
CERS4	SRR1782818	83.09723132689234
CERS4	SRR1782819	174.7047833248865
CERS4	SRR1782820	77.66908143883623
CERS4	SRR1782821	153.41353104786566
CERS4	SRR1782822	166.29680947198997
CERS4	SRR1782823	180.68147794553713
CERS4	SRR1782824	150.85243204634654
CERS4	SRR1782825	111.6448705973269
CERS4	SRR1782826	209.41792019114655
CERS4	SRR1782827	151.99211123770579
CERS4	SRR1782828	195
CERS4	SRR1782829	180
CERS4	SRR1782830	88.34272807333116
CERS4	SRR1782831	34.34880982265723
CERS4	SRR1782832	61.954633780306686
CERS4	SRR1782833	145.27411479923376
CERS4	SRR1782834	322.0579474233086
CERS4	SRR1782835	27.87449345487796
CERS4	SRR1782836	561.8331953442936
CERS4	SRR1782837	72.96104348482231
CERS4	SRR1782838	196.5184941765239
CERS4	SRR1782839	195.64898801854585
CERS4	SRR1782840	100.83257489722467
CERS4	SRR1782841	133.96038950386867
CERS4	SRR1782842	240
CERS4	SRR1782843	73.7387099412777
CERS4	SRR1782844	411.0739639471423
CERS4	SRR1782845	131.4247187034432
CERS4	SRR1782846	128.69395205148612
CERS4	SRR1782847	27.14221175181457
CERS4	SRR1782848	33.306760438486386
CERS4	SRR1782849	29.76917401119507
CERS4	SRR1782850	12.517458229536382
CERS4	SRR1782851	11.371227418361338
CERS4	SRR1782852	13.903154567341558
CERS4	SRR1782853	8.80903472472321
CERS4	SRR1782854	102.33404322150254
CERS4	SRR1782855	147.3532879428678
CERS4	SRR1782856	122.64580863415848
CERS4	SRR1782857	124.866342160042
CERS4	SRR1782858	242.2433285442897
CERS4	SRR1782859	136.22043082111398
CERS4	SRR1782860	176.3990208782962
CERS4	SRR1782861	266.4945213375606
CERS4	SRR1782862	201.92574316118655
CERS4	SRR1782863	326.8512303323335
CERS4	SRR1782864	157.00021180706432
CERS4	SRR1782865	297.2539101732985
CERS4	SRR1782866	170.59731454565826
CERS4	SRR1782867	83.35625038608887
CERS4	SRR1782868	218.7926625275854
CERS4	SRR1782869	172.58906586565973
CERS4	SRR1782870	283.70132648046655
CERS4	SRR1782871	480.5091052607929
CERS4	SRR1782872	335.90544379761434
CERS4	SRR1782873	136.62757116240985
CERS4	SRR1782874	117.75366879937583
CERS4	SRR1782875	160.82445698103368
CERS4	SRR1782876	136.53532687863785
CERS4	SRR1782877	157.531495931847
CERS4	SRR1782878	267.07448470565384
CERS4	SRR1782879	336.7683471761394
CERS4	SRR1782880	96.40667356971844
CERS4	SRR1782881	321.3315793999109
CERS4	SRR1782882	97.34235266105794
CERS4	SRR1782883	232.4178476568572
CERS4	SRR1782884	624.4493037786218
CERS4	SRR1782885	364
CERS4	SRR1782886	126.6992398270709
CERS4	SRR1782887	180.16202315294166
CERS4	SRR1782888	139.4509516900679
CERS4	SRR1782889	98.42281363767617
CERS4	SRR1782890	180.2782823015417
CERS4	SRR1782891	130.09360495387955
CERS4	SRR1782892	217.39747893000734
CERS4	SRR1782893	121.46885491218714
CERS4	SRR1782894	119.32061810136983
CERS4	SRR1782895	105.385009317206
CERS4	SRR1782896	118.25309577303526
CERS4	SRR1782897	155.42672422396842
CERS4	SRR1782898	97.21991491587916
CERS4	SRR1782899	81.30476844173153
CERS4	SRR1782900	260.26142736163354
CERS4	SRR1782901	251.2467025717401
CERS4	SRR1782902	150
CERS4	SRR1782903	105.26807099958954
CERS4	SRR1782904	365
CERS4	SRR1782905	233.4862308288934
CERS4	SRR1782906	87.55233790662948
CERS4	SRR1782907	85.41515869521504
CERS4	SRR1782908	144.43922498573622
CERS4	SRR1782909	155.53084423940268
CERS4	SRR1782910	328
CERS4	SRR1782911	140.9668452729038
CERS4	SRR1782912	461.6430346539547
CERS4	SRR1782913	274
CERS4	SRR1782914	115.31082399022583
CERS4	SRR1782915	517
CERS4	SRR1782916	97.01473094701879
CERS4	SRR1782917	186.600907106096
CERS4	SRR1782918	474.5120392382083
CERS4	SRR1782919	307
CERS4	SRR1782920	210.21115286901173
CERS4	SRR1782921	122.2545929662017
CERS4	SRR1782922	36.77744280154204
CERS4	SRR1782923	87.48512579327002
CERS4	SRR1782924	212.08169692435328
CERS4	SRR1782925	113.39357119117103
CERS4	SRR1782926	68.49918588465843
CERS4	SRR1782927	198.562128285831
CERS4	SRR1782928	98.70226804680364
CERS4	SRR1782929	55.47432325419734
CERS4	SRR1782930	361.02205142878364
CERS4	SRR1782931	150.40038273046812
CERS4	SRR1782932	151.56351413115178
CERS4	SRR1782933	226.8311931865624
CERS4	SRR1782934	97.56759336018351
CERS4	SRR1782935	130.5843710917412
CERS4	SRR1782936	86.11956728735176
CERS4	SRR1782937	76.59711945083556
CERS4	SRR1782938	10.059579342518813
CERS4	SRR1782939	105.49781800790784
CERS4	SRR1782940	143.38017870774934
CERS4	SRR1782941	116.90623638313764
CERS4	SRR1782942	148.5819106159092
CERS4	SRR1782943	120.55373926094987
CERS4	SRR1782944	155.20010856843768
CERS4	SRR1782945	323.6902340878145
CERS4	SRR1782946	563.1727971066013
CERS4	SRR1782947	265.55300931183154
CERS4	SRR1782948	144
CERS4	SRR1782949	297.72691730817667
CERS4	SRR1782950	143
CERS4	SRR1782951	309.0158683314213
CERS4	SRR1782952	148.72479775534396
CERS4	SRR1782953	161.30695029156468
CERS4	SRR1782954	23.648273402755617
CERS4	SRR1782955	100.2826773220068
CERS4	SRR1782956	32.48533509465788
CERS4	SRR1782957	115.1822521410005
CERS4	SRR1782958	96.52554498838565
CERS4	SRR1782959	78.2858260195527
CERS4	SRR1782960	366
CERS4	SRR1782961	135.4908689964405
CERS4	SRR1782962	59.430405333537564
CERS4	SRR1782963	73.5031247408132
CERS4	SRR1782964	259.0932281558898
CERS4	SRR1782965	255.78020911569905
CERS4	SRR1782966	276
CERS4	SRR1782967	156.62722713969342
CERS4	SRR1782968	280.2927537874507
CERS4	SRR1782969	98.16190449346503
CERS4	SRR1782970	68.85051571450423
CERS4	SRR1782971	202.34255354249396
CERS4	SRR1782972	271.5125947318491
CERS4	SRR1782973	33.640358898125335
CERS4	SRR1782974	346
CERS4	SRR1782975	68.60510893156996
CERS4	SRR1782976	55.53873909056988
CERS4	SRR1782977	260.0935881101596
CERS4	SRR1782978	109.80368645711768
CERS4	SRR1782979	72.60357572435632
CERS4	SRR1782980	229.3953116965986
CERS4	SRR1782981	66.81205454303543
CERS4	SRR1782982	159.92308987131167
CERS4	SRR1782983	236.22611436628384
CERS4	SRR1782984	295.1061865096042
CERS4	SRR1782985	85.58062147504847
CERS4	SRR1782986	342.0191926096917
CERS4	SRR1782987	72.09074929697577
CERS4	SRR1782988	243
CERS4	SRR1782989	62.58587694394937
CERS4	SRR1782990	77.01930109964736
CERS4	SRR1782991	352.450935728475
CERS4	SRR1782992	123.30104656197217
CERS4	SRR1782993	83.7040510292837
CERS4	SRR1782994	294
CERS4	SRR1782995	157.29503103927036
CERS4	SRR1782996	234
CERS4	SRR1782997	96.43153557543964
CERS4	SRR1782998	295.0690035922482
CERS4	SRR1782999	74.55578506005165
CERS4	SRR1783000	125.48745915060121
CERS4	SRR1783001	104.68444134257028
CERS4	SRR1783002	50.719311943478104
CERS4	SRR1783003	475
CERS4	SRR1783004	117.53715393613078
CERS4	SRR1783005	108.69944080295198
CERS4	SRR1783006	66.54569578685758
CERS4	SRR1813867	19.916748083756527
CERS4	SRR1813868	24.452801707204603
CERS4	SRR1813869	55.554942933521225
CERS4	SRR1813870	51.89108482746563
CERS4	SRR1813871	78.14481591682318
CERS4	SRR1813872	70.18861658875502
CERS4	SRR1813873	73.79172335220743
CERS4	SRR1813874	95.96694825480301
CERS4	SRR1813875	35
CERS4	SRR1813876	34.1813473091327
CERS4	SRR1813877	75.43742204083601
CERS4	SRR1813878	65.04680247693977
CERS4	SRR1813879	61
CERS4	SRR1813880	86
CERS4	SRR1813881	16.31611444906349
CERS4	SRR1813882	124.704527575958
CERS4	SRR1813883	125.10317254678189
CERS4	SRR1813884	34.43412103245149
CERS4	SRR1813885	11
CERS4	SRR1813886	51.0642807520245
CERS4	SRR1813887	51.537352083487384
CERS4	SRR1928188	949.7040530887855
CERS4	SRR1928189	520.7807724366223
CERS4	SRR1928190	2173.953605952794
CERS4	SRR1928191	1659.580261059142
CERS4	SRR1928192	1507.1935193607796
CERS4	SRR1928193	685.3708595793116
CERS4	SRR2046996	185.58023331257795
CERS4	SRR2046997	192.11192139706233
CERS4	SRR2046998	335.66000927154533
CERS4	SRR2046999	169.29002871651227
CERS4	SRR2047000	148.5726464379646
CERS4	SRR2047001	432.04030747450577
CERS4	SRR2047002	171.16558552777076
CERS4	SRR2047003	98.28287377751273
CERS4	SRR2047004	179.4149738289832
CERS4	SRR2047005	124.00175165155545
CERS4	SRR2047006	217.25576008341434
CERS4	SRR2047007	401.2770624470479
CERS4	SRR2047008	187.31572640761377
CERS4	SRR2047009	270.9237556280129
CERS4	SRR2313973	224.815902763109
CERS4	SRR2313974	149.0962719002888
CERS4	SRR2313975	106.07605530467671
CERS4	SRR2313976	29.42530131603144
CERS4	SRR2313977	46.399829843066975
CERS4	SRR2313978	43.10545774298396
CERS4	SRR2313979	167.71835376031805
CERS4	SRR2313980	71.41438097606441
CERS4	SRR2313981	138.49465561542326
CERS4	SRR2313982	209.72216973778288
CERS4	SRR2313983	142.3500783316152
CERS4	SRR2313984	62.33848944684372
CERS4	SRR2313985	113.10397713721238
CERS4	SRR2313986	146.90352809429095
CERS4	SRR2313987	215.7166066557805
CERS4	SRR2313988	102.9218892564948
CERS4	SRR2313989	41.43417181259812
CERS4	SRR2313990	69.05138833957487
CERS4	SRR2313991	64.04013471246263
CERS4	SRR2313992	125.82108791019905
CERS4	SRR2313993	51.52873171042279
CERS4	SRR2313994	48.000815598835175
CERS4	SRR2313995	103.42577316248696
CERS4	SRR2313996	97.43993004477527
CERS4	SRR2313997	25.304779157603832
CERS4	SRR2313998	63.493825691090436
CERS4	SRR2313999	95.88303379849444
CERS4	SRR2314000	76.64889149092377
CERS4	SRR2314001	54.7411515947148
CERS4	SRR2314002	37.39797605172077
CERS4	SRR2314003	95.01776919525732
CERS4	SRR2314004	43.3412204295736
CERS4	SRR2314005	32.304110926261814
CERS4	SRR2314006	43.807845386146695
CERS4	SRR2314007	78.46940729728288
CERS4	SRR2314008	134.17666705628406
CERS4	SRR2314009	117.96207563987933
CERS4	SRR2314010	70.4602153935291
CERS4	SRR2314011	158.10837223889956
CERS4	SRR2314012	179.29131076417923
CERS4	SRR2314013	94.07467652764612
CERS4	SRR2314014	54.61785681573201
CERS4	SRR2314015	73.56702587269936
CERS4	SRR2314016	126.40706610412956
CERS4	SRR2314017	80.52580462722874
CERS4	SRR2314018	41.487353952295
CERS4	SRR2314019	132.44623190785273
CERS4	SRR2314020	27.44721802556229
CERS4	SRR2314021	91.45812387869975
CERS4	SRR2314022	55.67188809245198
CERS4	SRR2314023	165.5940543572366
CERS4	SRR2314024	55.71207476221052
CERS4	SRR2314025	250.20932690714594
CERS4	SRR2314026	72.55724736235113
CERS4	SRR2314027	71.52426544101662
CERS4	SRR2314028	234.67075209260133
CERS4	SRR2314029	179.41922158292877
CERS4	SRR2314030	163.77027674850336
CERS4	SRR2314031	153.60881303323424
CERS4	SRR2314032	92.5731519694375
CERS4	SRR2314033	45.058902221073616
CERS4	SRR2314034	92.63968077234162
CERS4	SRR2314035	64.90508303509318
CERS4	SRR2314036	25.432008815320074
CERS4	SRR2314037	84.1055658921634
CERS4	SRR2314038	79.45270808402832
CERS4	SRR2314039	62.66810651718403
CERS4	SRR2314040	49.87972980360871
CERS4	SRR2314041	82.61590719043846
CERS4	SRR2314042	208.84704149570453
CERS4	SRR2314043	80.71175590146298
CERS4	SRR2314044	115.48753348835682
CERS4	SRR2314045	139.03378961480337
CERS4	SRR3493774	91
CERS4	SRR3493775	86
CERS4	SRR3493776	133.2619734865254
CERS4	SRR3493777	51.032910468448556
CERS4	SRR3493778	102
CERS4	SRR3493779	50.16749323730797
CERS4	SRR3493780	34.64387022924243
CERS4	SRR3493781	115
CERS4	SRR3493782	64.5290118668415
CERS4	SRR3493783	59.15243905430325
CERS4	SRR3493784	39.80615631727698
CERS4	SRR3493785	61.05034820282956
CERS4	SRR3493786	18.73197540787371
CERS4	SRR3493787	76
CERS4	SRR3493788	76
CERS4	SRR3493789	53.965388322516155
CERS4	SRR3493790	79
CERS4	SRR3493791	50.07202973342033
CERS4	SRR3493792	55.03960209587211
CERS4	SRR3493793	30.28688458802222
CERS4	SRR3493794	47.1454375392264
CERS4	SRR3493795	27.09734522805893
CERS4	SRR3493796	33.26785267818852
CERS4	SRR3493797	64
CERS4	SRR3493798	18.197797039119685
CERS4	SRR3493799	92
CERS4	SRR3493800	32.22831710919173
CERS4	SRR3493801	60.53591539571821
CERS4	SRR3493802	111
CERS4	SRR3493803	53
CERS4	SRR3493804	107.07704407742392
CERS4	SRR3493805	60.140521200981716
CERS4	SRR3493806	146
CERS4	SRR3493807	108
CERS4	SRR3493808	72.13947547870885
CERS4	SRR3493809	54.17445690176981
CERS4	SRR3493810	130
CERS4	SRR3493811	91
CERS4	SRR3493812	58.04176221019241
CERS4	SRR3493813	46.082849104376855
CERS4	SRR3493814	95
CERS4	SRR3493815	183.53440215910734
CERS4	SRR3493816	139
CERS4	SRR3493817	45.126376573228704
CERS4	SRR3493818	25.08628453422107
CERS4	SRR3493819	70
CERS4	SRR3493820	11.21874259637402
CERS4	SRR3493821	49.56355565699462
CERS4	SRR3493822	110
CERS4	SRR3493823	145.55813257639375
CERS4	SRR3493824	82.49475726280907
CERS4	SRR3493825	72.09295365759685
CERS4	SRR3493826	40.02880152427063
CERS4	SRR3493827	55
CERS4	SRR3493828	72
CERS4	SRR3493829	59.13817918096535
CERS4	SRR3493830	118.61467608281322
CERS4	SRR3493831	82.36218631720175
CERS4	SRR3493832	74.01331710970445
CERS4	SRR3493833	68.08237166641867
CERS4	SRR3493834	89
CERS4	SRR3493835	49.24750720137036
CERS4	SRR3493836	99
CERS4	SRR3493837	70.0451712312039
CERS4	SRR3493838	68
CERS4	SRR3493839	41.3346097541108
CERS4	SRR3493840	75.41634013468868
CERS4	SRR3493841	388.83872798259324
CERS4	SRR3493846	34.7737167823992
CERS4	SRR3493847	24.879037706629507
CERS4	SRR3493848	64.01151750028492
CERS4	SRR3493849	146.74622354408123
CERS4	SRR3493850	190
CERS4	SRR3714631	241
CERS4	SRR3714632	205.12866571017574
CERS4	SRR3714633	279.1385333426751
CERS4	SRR3714634	413.5715024232347
CERS4	SRR3714635	660
CERS4	SRR3714636	303
CERS4	SRR3714637	351
CERS4	SRR3714638	121
CERS4	SRR3714639	518.3747655004362
CERS4	SRR3714640	98.56697489496702
CERS4	SRR3714641	236.73056402521223
CERS4	SRR3714642	403.9541683739992
CERS4	SRR3714643	428.30788544944295
CERS4	SRR3714644	182.266456095128
CERS4	SRR3714645	159.99651037773594
CERS4	SRR3714646	330.05938711084417
CERS4	SRR3714648	731.281078719245
CERS4	SRR3714649	607.4999246813003
CERS4	SRR3714650	188.2458751121262
CERS4	SRR3714651	249.90062467665422
CERS4	SRR3714652	217.37676087135074
CERS4	SRR3714653	183
CERS4	SRR3714654	801
CERS4	SRR3714655	53.02861893944383
CERS4	SRR3714656	38.24591334872497
CERS4	SRR3714657	200.7800511707559
CERS4	SRR3714658	140.28686417477272
CERS4	SRR3714659	407.1609085599531
CERS4	SRR3714660	51
CERS4	SRR3714661	269
CERS4	SRR3714662	231.47012302960817
CERS4	SRR3714663	288.15551423697775
CERS4	SRR3714664	364.3440839909155
CERS4	SRR3714665	142
CERS4	SRR3714666	437
CERS4	SRR3714667	236.37456748030505
CERS4	SRR3714668	330
CERS4	SRR3714669	711.9996719638533
CERS4	SRR3714670	342.4544731434204
CERS4	SRR3714671	403.40521241053204
CERS4	SRR3714672	317.7953018995373
CERS4	SRR3714673	269.3747209149645
CERS4	SRR3714674	424.2265830491926
CERS4	SRR3714675	312.34497958926664
CERS4	SRR3714676	464
CERS4	SRR3714677	102.22361600111414
CERS4	SRR3714678	931.64720825826
CERS4	SRR3714679	247.33735409500386
CERS4	SRR3714680	267.38015890507336
CERS4	SRR3714681	820.6651456498693
CERS4	SRR3714682	145.25475471299933
CERS4	SRR3714683	316.6041561808096
CERS4	SRR3714684	844.6700891097897
CERS4	SRR3714685	236.3743181382324
CERS4	SRR3714686	316.01854482532974
CERS4	SRR3714688	37.26696191563368
CERS4	SRR3714689	378.7447783801587
CERS4	SRR3714690	185.48755278913902
CERS4	SRR3714691	204
CERS4	SRR3714692	571.1580972917354
CERS4	SRR3714693	248.9021008131299
CERS4	SRR3714694	192.75185522936684
CERS4	SRR3714695	278.58701502410435
CERS4	SRR3714696	885
CERS4	SRR3714697	516.5780218225377
CERS4	SRR3714698	139.78156642808105
CERS4	SRR3714699	533.5917048145535
CERS4	SRR3714700	136.34713775740323
CERS4	SRR3714701	130.87838288689366
CERS4	SRR3714702	584.3101485279298
CERS4	SRR3714703	103.09271324862773
CERS4	SRR3714704	1370.6207959833528
CERS4	SRR3714705	1097.380424975208
CERS4	SRR3714706	71.40551361896395
CERS4	SRR3714707	1078.5015488059203
CERS4	SRR3714708	128.8962593540972
CERS4	SRR3714709	532.8415389205156
CERS4	SRR3714710	194.67107116758174
CERS4	SRR3714711	605.4099219046758
CERS4	SRR3714712	71
CERS4	SRR3714713	189
CERS4	SRR3714714	167
CERS4	SRR3714715	478.1884871690772
CERS4	SRR3714716	392
CERS4	SRR3714717	372
CERS4	SRR3714718	153
CERS4	SRR3714719	469.5505736017657
CERS4	SRR3714720	396.9935985069834
CERS4	SRR3714721	301.0703913750796
CERS4	SRR3714723	620.1817775014496
CERS4	SRR3714724	378.0456494893414
CERS4	SRR3714725	335.0676067924892
CERS4	SRR3714726	75.07624187802793
CERS4	SRR3714727	328.2743268976476
CERS4	SRR3714728	94.75879470484384
CERS4	SRR3714729	29.748469866920193
CERS4	SRR3714730	130.82973265052394
CERS4	SRR3714731	1210.2177527397619
CERS4	SRR3714732	265.06528954936925
CERS4	SRR3714734	479.34251292569024
CERS4	SRR3714735	427.29904735401084
CERS4	SRR3714736	320.7714441185748
CERS4	SRR3714737	179
CERS4	SRR3714738	704.6737268705734
CERS4	SRR3714739	168.41718879025117
CERS4	SRR3714740	213.22626627929142
CERS4	SRR3714741	121.11593151830654
CERS4	SRR3714744	394.2746193858775
CERS4	SRR3714745	369.28702731069814
CERS4	SRR3714746	261.16412902288437
CERS4	SRR3714747	535.7277090190407
CERS4	SRR3714748	335.94459375928
CERS4	SRR3714749	113.2841101694498
CERS4	SRR3714750	315.3657492648261
CERS4	SRR3714751	210.1733298785936
CERS4	SRR3714752	316
CERS4	SRR3714753	362.7235116263551
CERS4	SRR3714754	88
CERS4	SRR3714755	215.7124050363472
CERS4	SRR3714756	405.50363902677964
CERS4	SRR3714757	374.459394720955
CERS4	SRR3714758	136.46463903735324
CERS4	SRR3714759	177.53375004300887
CERS4	SRR3714760	213.13744960352045
CERS4	SRR3714761	479.0597373574028
CERS4	SRR3714762	194.29065811425778
CERS4	SRR3714764	236
CERS4	SRR3714765	446.96767243251986
CERS4	SRR3714766	173
CERS4	SRR3714767	251.23038803265754
CERS4	SRR3714768	200
CERS4	SRR5176628	206.39578177235882
CERS4	SRR5176629	191.0797472587056
CERS4	SRR5176630	218.483900319145
CERS4	SRR5176631	91.86954471058726
CERS4	SRR5176632	287.80600170036973
CERS4	SRR5176633	369.3463756415498
CERS4	SRR5176634	122.6710818985073
CERS4	SRR5176635	112.68235989445614
CERS4	SRR5176636	268.797701843729
CERS4	SRR5176637	99.86489419276505
CERS4	SRR5176638	61.73598557385936
CERS4	SRR5176639	393
CERS4	SRR5176640	44.89124813263684
CERS4	SRR5176641	111.60242129871952
CERS4	SRR5176642	221.42134170457015
CERS4	SRR5176643	249.42983673560286
CERS4	SRR5176644	234.04211086041678
CERS4	SRR5176645	142.2242079918715
CERS4	SRR5176646	202.65263589079171
CERS4	SRR5176647	160.92619919957667
CERS4	SRR5176648	153.4296803489776
CERS4	SRR5176649	115.7642063727201
CERS4	SRR5176650	75.76125555168595
CERS4	SRR5176651	32.50768979834294
CERS4	SRR5176652	122.6716309762678
CERS4	SRR5176653	256.68331985999896
CERS4	SRR5176654	75.60566961823054
CERS4	SRR5176655	130.15413212662767
CERS4	SRR5176656	121.94441499461682
CERS4	SRR5176657	30.234923005034474
CERS4	SRR5176658	178.2885050452815
CERS4	SRR5176659	131.2809792056578
CERS4	SRR5176660	117.13161493821693
CERS4	SRR5176661	225.2025653601116
CERS4	SRR5176662	721.6675319553025
CERS4	SRR5176663	271.69386023109564
CERS4	SRR5176664	144
CERS4	SRR5176665	149.28847259542977
CERS4	SRR5176666	170.64498124974207
CERS4	SRR5176667	64.70595766193526
CERS4	SRR5176668	196.8474857503065
CERS4	SRR5176669	142.32906425243368
CERS4	SRR5176670	199.26589203549554
CERS4	SRR5176671	229.40860078465147
CERS4	SRR5176672	104.56934040408446
CERS4	SRR5176673	96.4560929258493
CERS4	SRR5176674	369.8478922535253
CERS4	SRR5176675	305.27011505004185
CERS4	SRR5176676	67.20222001926923
CERS4	SRR5176677	254.36591104577528
CERS4	SRR5176678	175.80660033631727
CERS4	SRR5176679	267.3435558563141
CERS4	SRR5176680	163.45776403191732
CERS4	SRR5176681	251.27114314090775
CERS4	SRR5176682	160.54453107033277
CERS4	SRR5176683	121.54391463154371
CERS4	SRR5176684	97.25490963936706
CERS4	SRR5176685	326.95888421700556
CERS4	SRR5176686	91.38775383725947
CERS4	SRR5176687	297.308363071004
CERS4	SRR5176688	255.2903128958008
CERS4	SRR5176689	114.83562893725548
CERS4	SRR5176690	120.95927269012195
CERS4	SRR5176691	341.3069438619617
CERS4	SRR5176692	83.80243778851467
CERS4	SRR5176693	300.16194528465405
CERS4	SRR5176694	134
CERS4	SRR5176695	153.08796697933818
CERS4	SRR5176696	23.679742561532066
CERS4	SRR5176697	53.409683704509256
CERS4	SRR5176698	74.52657734194963
CERS4	SRR5176699	92.18210139787145
CERS4	SRR5176700	55.52609970146365
CERS4	SRR5176701	62.03567426232775
CERS4	SRR5176702	248
CERS4	SRR5176703	49.06745731134982
CERS4	SRR5176704	205.89353818498913
CERS4	SRR5176705	165.3365007163027
CERS4	SRR5176706	227.9658333401724
CERS4	SRR5176707	79.50772221197323
CERS4	SRR5176708	105.99752213918968
CERS4	SRR5176709	72.34206969438698
CERS4	SRR5176710	327
CERS4	SRR5176711	232.44136315805417
CERS4	SRR5176712	108.332035714328
CERS4	SRR5176713	117.00434578509562
CERS4	SRR5176714	78.42325772555701
CERS4	SRR5176715	180.2268732424394
CERS4	SRR5176716	136.2671808326005
CERS4	SRR5176717	117.75205231152047
CERS4	SRR5176718	125.06254168860586
CERS4	SRR5176719	113.26311584736133
CERS4	SRR5176720	243
CERS4	SRR5176721	294
CERS4	SRR5176722	83.59039615963255
CERS4	SRR5176723	157.45587380558538
CERS4	SRR5176724	216.14313363207444
CERS4	SRR5176725	84.0067785024151
CERS4	SRR5176726	222
CERS4	SRR5176727	200.11411481606643
CERS4	SRR5176728	145.46124053515055
CERS4	SRR5176729	167.31258936269268
CERS4	SRR5176730	81.51673814553678
CERS4	SRR5176731	148.67184129292332
CERS4	SRR5176732	366
CERS4	SRR5176733	161.35737592377222
CERS4	SRR5176734	54.032388961288795
CERS4	SRR5176735	176.40980875341234
CERS4	SRR5176736	266.5152844074521
CERS4	SRR5176737	105.30419835213668
CERS4	SRR5176738	202.1279455539775
CERS4	SRR5176739	130.00737808871474
CERS4	SRR5176740	289.1728266863601
CERS4	SRR5176741	88.47520229887483
CERS4	SRR5176742	190.94515646898103
CERS4	SRR5176743	75.85971558682057
CERS4	SRR5176744	167.172011837678
CERS4	SRR5176745	163.4340970015967
CERS4	SRR5176746	265.5882274521717
CERS4	SRR5176747	234
CERS4	SRR5176748	236.29745602897611
CERS4	SRR5176749	160.55453593746861
CERS4	SRR5176750	337.28176771127994
CERS4	SRR5176751	183.65168387379083
CERS4	SRR5176752	352.5698377904956
CERS4	SRR5176753	283.7389514848171
CERS4	SRR5176754	85.44356714831845
CERS4	SRR5176755	295.1372512966108
CERS4	SRR5176756	213.90334503112774
CERS4	SRR5176757	121.37674958114945
CERS4	SRR5176758	85.92994399471446
CERS4	SRR5176759	73.93708008347443
CERS4	SRR5176760	71.40371477520955
CERS4	SRR5176761	126.73150518103942
CERS4	SRR5176762	34.36901822970439
CERS4	SRR5176763	212.56808924501848
CERS4	SRR5176764	411.2959356618807
CERS4	SRR5176765	102.1684470841298
CERS4	SRR5176766	143.4015966660379
CERS4	SRR5176767	251.25237795296164
CERS4	SRR5176768	157.30429968418355
CERS4	SRR5176769	115.33157543472838
CERS4	SRR5176770	233.53538995954307
CERS4	SRR5176771	342.8251718923702
CERS4	SRR5176772	150.92976102977127
CERS4	SRR5176773	73.54035064529597
CERS4	SRR5176774	96.58558014509316
CERS4	SRR5176775	160.4709030627315
CERS4	SRR5176776	59.47888812160977
CERS4	SRR5176777	96.93903303968996
CERS4	SRR5176778	149.83036442625374
CERS4	SRR5176779	223.1183404359554
CERS4	SRR5176780	336.0012596018965
CERS4	SRR5176781	301.85543804999577
CERS4	SRR5176782	204.6258492935803
CERS4	SRR5176783	166.4958454028505
CERS4	SRR5176784	126.50887240615836
CERS4	SRR5176785	178.3072728471378
CERS4	SRR5176786	180
CERS4	SRR5176787	209.55946589204308
CERS4	SRR5176788	103.67094470910456
CERS4	SRR5176789	68.94856923735279
CERS4	SRR5176790	96.89497914172037
CERS4	SRR5176791	76.65923784556215
CERS4	SRR5176792	364
CERS4	SRR5176793	99.87953282690106
CERS4	SRR5176794	96.42858702264955
CERS4	SRR5176795	295.2153136870987
CERS4	SRR5176796	51.111914242409526
CERS4	SRR5176797	117.80800640664104
CERS4	SRR5176798	117.60969701404028
CERS4	SRR5176799	242
CERS4	SRR5176800	110.85297274784034
CERS4	SRR5176801	83.38267712899288
CERS4	SRR5176802	69.95458153141557
CERS4	SRR5176803	180.72504531649258
CERS4	SRR5176804	131.7253108590217
CERS4	SRR5176805	130.49616865118983
CERS4	SRR5176806	86.46385467117594
CERS4	SRR5176807	166.10712034828353
CERS4	SRR5176808	322.11590527489
CERS4	SRR5176809	155.22329217360303
CERS4	SRR5176810	143
CERS4	SRR5176811	517
CERS4	SRR5176812	210.22685282705427
CERS4	SRR5176813	260.2808654049243
CERS4	SRR5176814	365
CERS4	SRR5176815	119.62451393420955
CERS4	SRR5176816	51.71522714026782
CERS4	SRR5176817	136.70041682614183
CERS4	SRR5176818	563.3755135595801
CERS4	SRR5176819	33.680803449576736
CERS4	SRR5176820	192.14771227503894
CERS4	SRR5176821	70.62737348549246
CERS4	SRR5176822	58.64345910848117
CERS4	SRR5176823	170.63414617216515
CERS4	SRR5176824	95.53012562222004
CERS4	SRR5176825	220.2376553426283
CERS4	SRR5176826	141.12842749020248
CERS4	SRR5176827	155.57996595951275
CERS4	SRR5176828	97.38181402373435
CERS4	SRR5176829	297.7896019314794
CERS4	SRR5176830	260.0935881101596
CERS4	SRR5176831	105.53359943772688
CERS4	SRR5176832	242.35728114339045
CERS4	SRR5176833	250.41430298485284
CERS4	SRR5176834	224.85160023771724
CERS4	SRR5176835	89.31026887066265
CERS4	SRR5176836	259.21377351693206
CERS4	SRR5176837	78.81489849653845
CERS4	SRR5176838	151.64948063919883
CERS4	SRR5176839	44.73078345769615
CERS4	SRR5176840	282.1312029343873
CERS4	SRR5176841	119.59279058839385
CERS4	SRR5176842	131.80393068574867
CERS4	SRR5176843	129.98247646454493
CERS4	SRR5176844	157.45267255002048
CERS4	SRR5176845	296.20711193198724
CERS4	SRR5176846	321.4187952000543
CERS4	SRR5176847	105.04065535573997
CERS4	SRR5176848	230.92777885680323
CERS4	SRR5176849	165.11464264729995
CERS4	SRR5176850	146.954827342798
CERS4	SRR5176851	250.26138731022382
CERS4	SRR5176852	115.47914693869929
CERS4	SRR5176853	386.9447477473273
CERS4	SRR5176854	21.97453297872816
CERS4	SRR5176855	122.27659401790986
CERS4	SRR5176856	90.40333831978836
CERS4	SRR5176857	144.49912101110127
CERS4	SRR5176858	87.59549394272166
CERS4	SRR5176859	165.28988558186998
CERS4	SRR5176860	380
CERS4	SRR5176861	237.45184608137163
CERS4	SRR5176862	323.85817523868974
CERS4	SRR5176863	118.28880889685135
CERS4	SRR5176864	73.35064177890195
CERS4	SRR5176865	217.4137156103698
CERS4	SRR5176866	274
CERS4	SRR5176867	81.34064362444926
CERS4	SRR5176868	47.5913335767102
CERS4	SRR5176869	147.3597873545521
CERS4	SRR5176870	86.38658395299801
CERS4	SRR5176871	160.54216964522723
CERS4	SRR5176872	109.03349751946506
CERS4	SRR5861974	68.88694900762779
CERS4	SRR5861975	100.90231573303534
CERS4	SRR5861976	88.39648346092582
CERS4	SRR5861977	240
CERS4	SRR5861978	136.65633728106823
CERS4	SRR5861979	107.99638432539305
CERS4	SRR5861980	379
CERS4	SRR5861981	131.5518253859557
CERS4	SRR5861982	33.299891448568964
CERS4	SRR5861983	167.27067608180906
CERS4	SRR5861984	267.1238609124941
CERS4	SRR5861985	108.80514113742375
CERS4	SRR5861986	131.2595571840771
CERS4	SRR5861987	51.6396322826014
CERS4	SRR5861988	104.75763465312158
CERS4	SRR5861989	119.4543296492018
CERS4	SRR5861990	89.26564133160475
CERS4	SRR5861991	234
CERS4	SRR5861992	243
CERS4	SRR5861993	295.08609721958265
CERS4	SRR5861994	248
CERS4	SRR5861995	91.78897194736112
CERS4	SRR5861996	352.44979909250986
CERS4	SRR5861997	73.82442382108835
CERS4	SRR5861998	96.54717410042966
CERS4	SRR5861999	71.87198512475786
CERS4	SRR5862000	411.1479412049062
CERS4	SRR5862001	365
CERS4	SRR5862002	236.2549393675467
CERS4	SRR5862003	297.7165966433741
CERS4	SRR5862004	192.0524026861499
CERS4	SRR5862005	95.49867154764713
CERS4	SRR5862006	97.36294643917896
CERS4	SRR5862007	157.30830080004233
CERS4	SRR5862008	81.32268343751682
CERS4	SRR5862009	130.45895570928045
CERS4	SRR5862010	33.640358898125335
CERS4	SRR5862011	141.86519832159505
CERS4	SRR5862012	73.50965206039893
CERS4	SRR5862013	48.9912337475141
CERS4	SRR5862014	65.31556958406823
CERS4	SRR5862015	327
CERS4	SRR5862016	196.81622710455724
CERS4	SRR5862017	76.62259508898944
CERS4	SRR5862018	136.54134913515637
CERS4	SRR5862019	160.25413677961066
CERS4	SRR5862020	244.82075102504675
CERS4	SRR5862021	369.1837485797374
CERS4	SRR5862022	117.56267337607206
CERS4	SRR5862023	59.441509173654815
CERS4	SRR5862024	153.4109606949392
CERS4	SRR5862025	143
CERS4	SRR5862026	149.13536319191215
CERS4	SRR5862027	259.1398548172821
CERS4	SRR5862028	23.651327486426375
CERS4	SRR5862029	115.28770640175703
CERS4	SRR5862030	335.9157149730417
CERS4	SRR5862031	209.43645583402852
CERS4	SRR5862032	34.346117373103915
CERS4	SRR5862033	178.26675241485253
CERS4	SRR5862034	13.700677787492145
CERS4	SRR5862035	117.76969117633979
CERS4	SRR5862036	83.42217021657919
CERS4	SRR5862037	121.24409259493419
CERS4	SRR5862038	53.95472531438342
CERS4	SRR5862039	136.23477026522886
CERS4	SRR5862040	204.30344706999125
CERS4	SRR5862041	480.5514944794046
CERS4	SRR5862042	96.84595956726046
CERS4	SRR5862043	227
CERS4	SRR5862044	102.13931221737
CERS4	SRR5862045	297.23171094491755
CERS4	SRR5862046	70.54493720021478
CERS4	SRR5862047	242.0890981156849
CERS4	SRR5862048	31.176834481714334
CERS4	SRR5862049	160.43824337604704
CERS4	SRR5862050	172.56328856959252
CERS4	SRR5862051	225.04668303309649
CERS4	SRR5862052	102.35245935231445
CERS4	SRR5862053	326.85670662302743
CERS4	SRR5862054	58.4829119718851
CERS4	SRR5862055	120.67127479664144
CERS4	SRR5862056	61.95893202020235
CERS4	SRR5862057	124.94934158717622
CERS4	SRR5862058	176.3990208782962
CERS4	SRR5862059	118.1763380387967
CERS4	SRR5862060	201.8166294889727
CERS4	SRR5862061	170.60538939095323
CERS4	SRR5862062	166.08963667825802
CERS4	SRR5862063	91.07527085424698
CERS4	SRR5862064	190.3680602910372
CERS4	SRR5862065	283.7126799662954
CERS4	SRR5862066	83.74900715317938
CERS4	SRR5862067	27.148654994571977
CERS4	SRR5862068	136.64195346475194
CERS4	SRR5862069	113.24034311875765
CERS4	SRR5862070	295.8764103070057
CERS4	SRR5862071	12.517458229536382
CERS4	SRR5862072	11.371151647427562
CERS4	SRR5862073	266.4945213375606
CERS4	SRR5862074	104.52292660388652
CERS4	SRR5862075	114.77328332199173
CERS4	SRR5862076	29.776094863629716
CERS4	SRR5862077	126.49443394695093
CERS4	SRR5862078	64.6463478016798
CERS4	SRR5862079	75.75769991924244
CERS4	SRR5862080	207.73854911889086
CERS4	SRR5862081	165.28483157178502
CERS4	SRR5862082	289.0806777180413
CERS4	SRR5862083	517
CERS4	SRR5862084	110.74986163954866
CERS4	SRR5862085	393
CERS4	SRR5862086	268.4806440078305
CERS4	SRR5862087	166.93934819683395
CERS4	SRR5862088	61.69467235140704
CERS4	SRR5862089	255.08777312651097
CERS4	SRR5862090	229.39146831390147
CERS4	SRR5862091	152.07015573410806
CERS4	SRR5862092	191.8585524810317
CERS4	SRR5862093	322.0579474233086
CERS4	SRR5862094	85.42038235269592
CERS4	SRR5862095	55.4539085378926
CERS4	SRR5862096	233.5036691235676
CERS4	SRR5862097	323.6902340878145
CERS4	SRR5862098	461.6430346539547
CERS4	SRR5862099	75.65593961184852
CERS4	SRR5862100	163.42835331151372
CERS4	SRR5862101	78.30302669450846
CERS4	SRR5862102	150.86732014981206
CERS4	SRR5862103	145.30910591567823
CERS4	SRR5862104	121.50018012292158
CERS4	SRR5862105	108.17769294342277
CERS4	SRR5862106	321.3609627784861
CERS4	SRR5862107	180
CERS4	SRR5862108	300.0406175861023
CERS4	SRR5862109	221.39803591450618
CERS4	SRR5862110	116.91751777970349
CERS4	SRR5862111	83.19293696424968
CERS4	SRR5862112	180.6679844665421
CERS4	SRR5862113	160.37919496637343
CERS4	SRR5862114	223.0305832563215
CERS4	SRR5862115	212.39365274875573
CERS4	SRR5862116	227.65782625413175
CERS4	SRR5862117	246.8014985695206
CERS4	SRR5862118	166.36362317325003
CERS4	SRR5862119	148.60270260271284
CERS4	SRR5862120	251.22593228549087
CERS4	SRR5862121	178.25642585097637
CERS4	SRR5862122	265.54044054436497
CERS4	SRR5862123	118.26752536158494
CERS4	SRR5862124	144.45638401650837
CERS4	SRR5862125	134
CERS4	SRR5862126	220.19802829803982
CERS4	SRR5862127	91.33770325808517
CERS4	SRR5862128	100.3694208229873
CERS4	SRR5862129	30.192746347105345
CERS4	SRR5862130	111.68460811704209
CERS4	SRR5862131	342.7753701157801
CERS4	SRR5862132	260.23403344313795
CERS4	SRR5862133	210.18902701176526
CERS4	SRR5862134	260.04678984490755
CERS4	SRR5862135	69.86221390644296
CERS4	SRR5862136	282.1015071040962
CERS4	SRR5862137	122.26372374710407
CERS4	SRR5862138	217.38329581970166
CERS4	SRR5862139	155.20485421210282
CERS4	SRR5862140	101.32766993307092
CERS4	SRR5862141	264.1266173892737
CERS4	SRR5862142	143.38410051879941
CERS4	SRR5862143	295.1061865096042
CERS4	SRR5862144	108.60266912841857
CERS4	SRR5862145	160.52398936706282
CERS4	SRR5862146	111.47107384140115
CERS4	SRR5862147	141.00274402941383
CERS4	SRR5862148	294
CERS4	SRR5862149	112.63684584258408
CERS4	SRR5862150	190.45663067445497
CERS4	SRR5862151	152.81903307185542
CERS4	SRR5862152	121.84227908718555
CERS4	SRR5862153	51.01723826984631
CERS4	SRR5862154	366
CERS4	SRR5862155	206.27352461653643
CERS4	SRR5862156	53.31415779538183
CERS4	SRR5862157	196.95026624708623
CERS4	SRR5862158	200.10799599790124
CERS4	SRR5862159	117.68285315773996
CERS4	SRR5862160	122.46092288898264
CERS4	SRR5862161	105.28559065973407
CERS4	SRR5862162	309.0035022740339
CERS4	SRR5862163	224.75724202544706
CERS4	SRR5862164	78.75242403107202
CERS4	SRR5862165	86.36931490605944
CERS4	SRR5862166	96.40828883354584
CERS4	SRR5862167	161.33597924228258
CERS4	SRR5862168	249.41120905831684
CERS4	SRR5862169	221.80266391684475
CERS4	SRR5862170	182.9628654641241
CERS4	SRR5862171	165.27754156285624
CERS4	SRR5862172	232.40049045244925
CERS4	SRR5862173	103.50323538887554
CERS4	SRR5862174	174.7815665921587
CERS4	SRR5862175	105.50673098906002
CERS4	SRR5862176	67.13090541864032
CERS4	SRR5862177	111.44177458905824
CERS4	SRR5862178	99.76790881422812
CERS4	SRR5862179	126.70587754152959
CERS4	SRR5862180	74.45828172168224
CERS4	SRR5862181	175.59251536646167
CERS4	SRR5862182	190.72606669922519
CERS4	SRR5862183	216.05010728789685
CERS4	SRR5862184	86.24478821408289
CERS4	SRR5862185	364
CERS4	SRR5862186	129.93503757180542
CERS4	SRR5862187	204.50367024161235
CERS4	SRR5862188	44.67112013222173
CERS4	SRR5862189	105.85048502955809
CERS4	SRR5862190	254.33569657983298
CERS4	SRR5862191	119.35830344947169
CERS4	SRR5862192	21.939809722257458
CERS4	SRR5862193	155.55197267998676
CERS4	SRR5862194	71.36832675908342
CERS4	SRR5862195	115.72081776415945
CERS4	SRR5862196	274
CERS4	SRR5862197	144
CERS4	SRR5862198	94.65386693755413
CERS4	SRR5862199	97.2374107033439
CERS4	SRR5862200	563.1900175676024
CERS4	SRR5862201	148.5739326175567
CERS4	SRR5862202	91.90652219420984
CERS4	SRR5862203	71.31027105396248
CERS4	SRR5862204	150
CERS4	SRR5862205	248
CERS4	SRR5862206	79.38639061274179
CERS4	SRR5862207	122.64205853685802
CERS4	SRR5862208	90.6845360310987
CERS4	SRR5862209	83.92350624227157
CERS4	SRR5862210	195
CERS4	SRR5862211	47.48013415214632
CERS4	SRR5862212	142.23811214470607
CERS4	SRR5862213	120.54899638776438
CERS4	SRR5862214	155.4183012754453
CERS4	SRR5862215	147.3487823737539
CERS4	SRR5862216	141.50211708308473
CERS4	SRR5862217	87.56008719029842
CERS4	SRR5862218	130.11701672156897
CERS4	SRR5862219	151.39594609272348
CERS4	SRR5862220	73.32590471513976
CERS4	SRR5862221	380
CERS4	SRR5862222	183.59121505599768
CERS4	SRR5862223	44.848318120202904
CERS4	SRR5862224	99.75685267558286
CERS4	SRR5862225	115.30174106322588
CERS4	SRR5862226	180.19444528033225
CERS4	SRR5862227	242
CERS4	SRR5862228	96.85410708175557
CERS4	SRR5862229	177.0271979124977
CERS4	SRR5862230	190.9941430478381
CERS4	SRR5862231	218.44458882517569
CERS4	SRR5862232	336.9250101998519
CERS4	SRR5862233	363.99225234392276
CERS4	SRR5862234	81.46776224368784
CERS4	SRR5862235	250.22503215686342
CERS4	SRR5862236	369.78134605417307
CERS4	SRR5862237	73.1794326007127
CERS4	SRR5862238	251.20717047393805
CERS4	SRR5862239	75.57328584808965
CERS4	SRR5862240	157.42434231709092
CERS4	SRR5862241	190.16172052680105
CERS4	SRR5862242	129.8815973353038
CERS4	SRR5862243	131.72161013606438
CERS4	SRR5862244	90.25159558013918
CERS4	SRR5862245	164.90163438924208
CERS4	SRR5862246	225.42387572624548
CERS4	SRR5862247	301.64232808870514
CERS4	SRR5862248	341.2455329944071
CERS4	SRR5862249	131.92718363684236
CERS4	SRR5862250	83.87396289994035
CERS4	SRR5862251	184.8452432797677
CERS4	SRR5862252	287.7239294975369
CERS4	SRR5862253	230.74548734155502
CERS4	SRR5862254	108.75064859492241
CERS4	SRR5862255	163.256148399776
CERS4	SRR5862256	32.493775473917765
CERS4	SRR5862257	86.13332224226353
CERS4	SRR5862258	256.6535826275707
CERS4	SRR5862259	157.07924950360157
CERS4	SRR5862260	19.154043352449566
CERS4	SRR5862261	94.50773367900791
CERS4	SRR5862262	191.8398412534623
CERS4	SRR5862263	65.83643129425685
CERS4	SRR5862264	271.5269507335805
CERS4	SRR5862265	313.3711027356497
CERS4	SRR5862266	160.86829397027944
CERS4	SRR5862267	110.7618143225657
CERS4	SRR5862268	149.71907540352328
CERS4	SRR5862269	305.1789337176589
CERS4	SRR5862270	386.85681432655946
CERS4	SRR5862271	199.16104506158962
CERS4	SRR5862272	65.71799408091691
CERS4	SRR5862273	230.76246926337578
CERS4	SRR5862274	72.32684171007081
CERS4	SRR5862275	66.84456227704449
CERS4	SRR5862276	202.40938237480657
CERS4	SRR5862277	146.7991453190568
CERS4	SRR5949109	1.1543930374941627
CERS4	SRR5949110	1.1528629477900991
CERS4	SRR5949111	1.1543861423812125
CERS4	SRR5949112	1.1544080735423528
CERS4	SRR5949113	1.1538715423531325
CERS4	SRR5949114	1.1544080735423528
CERS4	SRR5949115	1.1543930374941627
CERS4	SRR5949116	1.154328975937927
CERS4	SRR5949117	1.1544080735423528
CERS4	SRR5949118	1.1542881659876676
CERS4	SRR5949119	1.1544066367558048
CERS4	SRR5949120	1.1542612816136126
CERS4	SRR5949121	1.1542612816136126
CERS4	SRR5949122	1.1542193125787963
CERS4	SRR5949123	1.154119770897195
CERS4	SRR5949124	1.1536303593625774
CERS4	SRR5949125	1.1538715423531325
CERS4	SRR5949126	1.1542193125787963
CERS4	SRR5949127	1.1542612816136126
CERS4	SRR5949128	1.1542612816136126
CERS4	SRR5949129	1.1544066367558048
CERS4	SRR5949130	1.1543861423812125
CERS4	SRR5949131	1.1541454974839138
CERS4	SRR5949132	1.1543930374941627
CERS4	SRR5949133	1.154243037085462
CERS4	SRR5949134	1.1544080735423528
CERS4	SRR5949135	1.1543244711383844
CERS4	SRR5949136	1.1544018504729736
CERS4	SRR5949137	1.1537285180296166
CERS4	SRR5949138	1.154127700715507
CERS4	SRR5949139	1.1542342444976637
CERS4	SRR5949140	1.1543861423812125
CERS4	SRR5949141	1.1544066367558048
CERS4	SRR5949142	1.1543861423812125
CERS4	SRR5949143	1.1544080735423528
CERS4	SRR5949144	1.154243037085462
CERS4	SRR5949145	1.1542881659876676
CERS4	SRR5949146	1.1542763738511965
CERS4	SRR5949147	1.1542763738511965
CERS4	SRR5949148	1.1535426695350546
CERS4	SRR5949149	1.1542881659876676
CERS4	SRR5949150	1.1544066367558048
CERS4	SRR5949151	1.1540843659274789
CERS4	SRR5949152	1.1521642390280358
CERS4	SRR5949153	1.1542129775631536
CERS4	SRR5949154	1.1532523441137337
CERS4	SRR5949155	1.1542881659876676
CERS4	SRR5949156	1.1544066367558048
CERS4	SRR5949157	1.1543930374941627
CERS4	SRR5949158	1.1544080735423528
CERS4	SRR5949159	1.1533709738650642
CERS4	SRR5949160	1.1543930374941627
CERS4	SRR5949161	1.1543861423812125
CERS4	SRR5949162	1.1543930374941627
CERS4	SRR5949163	1.1544066367558048
CERS4	SRR5949164	1.1544080735423528
CERS4	SRR5949165	1.154328975937927
CERS4	SRR5949166	1.1544066367558048
CERS4	SRR5949167	1.1542881659876676
CERS4	SRR5949168	1.1543244711383844
CERS4	SRR5949169	1.1496389762158161
CERS4	SRR5949170	1.1544080735423528
CERS4	SRR5949171	1.1541360045743105
CERS4	SRR5949172	1.1541312616794417
CERS4	SRR5949173	1.1543930374941627
CERS4	SRR5949174	1.1543244711383844
CERS4	SRR5949175	1.1544080735423528
CERS4	SRR5949176	1.1542612816136126
CERS4	SRR5949177	1.153448318699057
CERS4	SRR5949178	1.1542129775631536
CERS4	SRR5949179	1.1543861423812125
CERS4	SRR5949180	1.1544080735423528
CERS4	SRR5949181	1.1544018504729736
CERS4	SRR5949182	1.154243037085462
CERS4	SRR5949183	1.1544066367558048
CERS4	SRR5949184	1.154328975937927
CERS4	SRR5949185	1.1541312616794417
CERS4	SRR5949186	1.1537962707798937
CERS4	SRR5949187	1.1543861423812125
CERS4	SRR5949188	1.1543244711383844
CERS4	SRR5949189	1.1542612816136126
CERS4	SRR5949190	1.1542881659876676
CERS4	SRR5949191	1.1541360045743105
CERS4	SRR5949192	1.1544018504729736
CERS4	SRR5949193	1.1544066367558048
CERS4	SRR5949194	1.1543930374941627
CERS4	SRR5949195	1.154328975937927
CERS4	SRR5949196	1.1541454974839138
CERS4	SRR5949197	1.153987572083333
CERS4	SRR5949198	1.153664101949279
CERS4	SRR5949199	1.1542193125787963
CERS4	SRR5949200	1.1544066367558048
CERS4	SRR5949201	1.1543244711383844
CERS4	SRR5949202	1.1543861423812125
CERS4	SRR5949203	1.1543930374941627
CERS4	SRR5949204	1.1544080735423528
CERS4	SRR5949205	1.1544080735423528
CERS4	SRR5949206	1.154328975937927
CERS4	SRR5949207	1.1543930374941627
CERS4	SRR5949208	1.1542881659876676
CERS4	SRR5949209	1.1543930374941627
CERS4	SRR5949210	1.1543244711383844
CERS4	SRR5949211	1.153987572083333
CERS4	SRR5949212	1.1543244711383844
CERS4	SRR5949213	1.1542193125787963
CERS4	SRR5949214	1.1540843659274789
CERS4	SRR5949215	1.1542612816136126
CERS4	SRR5949216	1.1543861423812125
CERS4	SRR5949217	1.1543861423812125
CERS4	SRR5949218	1.154243037085462
CERS4	SRR5949219	1.1542612816136126
CERS4	SRR5949220	1.1541312616794417
CERS4	SRR5949221	1.1540843659274789
CERS4	SRR5949222	1.1542612816136126
CERS4	SRR5949223	1.153448318699057
CERS4	SRR5949224	1.1542881659876676
CERS4	SRR5949225	1.1544018504729736
CERS4	SRR5949226	1.1541312616794417
CERS4	SRR5949227	1.1544018504729736
CERS4	SRR5949228	1.1541312616794417
CERS4	SRR5949229	1.154127700715507
CERS4	SRR5949230	1.1544018504729736
CERS4	SRR5949231	1.1540286696356532
CERS4	SRR5949232	1.1531855179973023
CERS4	SRR5949233	1.1534681238443258
CERS4	SRR5949234	1.1542763738511965
CERS4	SRR5949235	1.1541312616794417
CERS4	SRR5949236	1.1524349692227331
CERS4	SRR5949237	1.1540286696356532
CERS4	SRR5949238	1.1537962707798937
CERS4	SRR5949239	1.152631812552955
CERS4	SRR5949240	1.1544066367558048
CERS4	SRR5949241	1.1542881659876676
CERS4	SRR5949242	1.1543244711383844
CERS4	SRR5949243	1.1542129775631536
CERS4	SRR5949244	1.1542193125787963
CERS4	SRR5949245	1.1542342444976637
CERS4	SRR5949246	1.1543244711383844
CERS4	SRR5949247	1.1542763738511965
CERS4	SRR5949248	1.154328975937927
CERS4	SRR5949249	1.1543244711383844
CERS4	SRR5949250	1.1544080735423528
CERS4	SRR5949251	1.1541312616794417
CERS4	SRR5949252	1.1543930374941627
CERS4	SRR5949253	1.1539534513664238
CERS4	SRR5949254	1.154099487946561
CERS4	SRR5949255	1.1543244711383844
CERS4	SRR5949256	1.1542342444976637
CERS4	SRR5949257	1.1544066367558048
CERS4	SRR5949258	1.1544066367558048
CERS4	SRR5949259	1.154243037085462
CERS4	SRR5949260	1.1544080735423528
CERS4	SRR5949261	1.1544080735423528
CERS4	SRR5949262	1.1542193125787963
CERS4	SRR5949263	1.154328975937927
CERS4	SRR5949264	1.1542612816136126
CERS4	SRR5949265	1.1543930374941627
CERS4	SRR5949266	1.1537626724135772
CERS4	SRR5949267	1.1537779842987672
CERS4	SRR5949268	1.1544018504729736
CERS4	SRR5949269	1.1542612816136126
CERS4	SRR5949270	1.1543244711383844
CERS4	SRR5949271	1.154119770897195
CERS4	SRR5949272	1.1544080735423528
CERS4	SRR5949273	1.1544080735423528
CERS4	SRR5949274	1.154328975937927
CERS4	SRR5949275	1.154099487946561
CERS4	SRR5949276	1.154328975937927
CERS4	SRR5949277	1.1537779842987672
CERS4	SRR5949278	1.1543861423812125
CERS4	SRR5949279	1.1543861423812125
CERS4	SRR5949280	1.1539394876265088
CERS4	SRR5949281	1.1543244711383844
CERS4	SRR5949282	1.1544080735423528
CERS4	SRR5949283	1.154043329391819
CERS4	SRR5949284	1.1544080735423528
CERS4	SRR5949285	1.15317802952035
CERS4	SRR5949286	1.1537626724135772
CERS4	SRR5949287	1.1544080735423528
CERS4	SRR5949288	1.1543861423812125
CERS4	SRR5949289	1.1542342444976637
CERS4	SRR5949290	1.1544080735423528
CERS4	SRR5949291	1.1543244711383844
CERS4	SRR5949292	1.1542763738511965
CERS4	SRR5949293	1.1544080735423528
CERS4	SRR5949294	1.1544066367558048
CERS4	SRR5949295	1.1543861423812125
CERS4	SRR5949296	1.154328975937927
CERS4	SRR5949297	1.1543930374941627
CERS4	SRR5949298	1.1541360045743105
CERS4	SRR5949299	1.1542763738511965
CERS4	SRR5949300	1.1544066367558048
CERS4	SRR5949301	1.1544066367558048
CERS4	SRR5949302	1.1542342444976637
CERS4	SRR5949303	1.1541454974839138
CERS4	SRR5949304	1.1543930374941627
CERS4	SRR5949305	1.1537652995205527
CERS4	SRR5949306	1.1543930374941627
CERS4	SRR5949307	1.1542763738511965
CERS4	SRR5949308	1.154328975937927
CERS4	SRR5949309	1.154119770897195
CERS4	SRR5949310	1.154119770897195
CERS4	SRR5949311	1.1542763738511965
CERS4	SRR5949312	1.1540148338403267
CERS4	SRR5949313	1.1543244711383844
CERS4	SRR5949314	1.1544066367558048
CERS4	SRR5949315	1.1543244711383844
CERS4	SRR5949316	1.1543861423812125
CERS4	SRR5949317	1.1538444146289202
CERS4	SRR5949318	1.1537833054890896
CERS4	SRR5949319	1.1543930374941627
CERS4	SRR5949320	1.1544080735423528
CERS4	SRR5949321	1.154328975937927
CERS4	SRR5949322	1.1541312616794417
CERS4	SRR5949323	1.1543244711383844
CERS4	SRR5949324	1.1544080735423528
CERS4	SRR5949325	1.1543861423812125
CERS4	SRR5949326	1.1542881659876676
CERS4	SRR5949327	1.1537250692562184
CERS4	SRR5949328	1.1543930374941627
CERS4	SRR5949329	1.1544018504729736
CERS4	SRR5949330	1.1543861423812125
CERS4	SRR5949331	1.1544018504729736
CERS4	SRR5949332	1.1544080735423528
CERS4	SRR5949333	1.154243037085462
CERS4	SRR5949334	1.1540148338403267
CERS4	SRR5949335	1.1544066367558048
CERS4	SRR5949336	1.154328975937927
CERS4	SRR5949337	1.1544018504729736
CERS4	SRR5949338	1.1543861423812125
CERS4	SRR5949339	1.1543861423812125
CERS4	SRR5949340	1.1541454974839138
CERS4	SRR5949341	1.154243037085462
CERS4	SRR5949342	1.1543930374941627
CERS4	SRR5949343	1.1542612816136126
CERS4	SRR5949344	1.1543930374941627
CERS4	SRR5949345	1.1544018504729736
CERS4	SRR5949346	1.1537070312898285
CERS4	SRR5949347	1.1539830975965506
CERS4	SRR5949348	1.1532222126984653
CERS4	SRR5949349	1.1543861423812125
CERS4	SRR5949350	1.1543244711383844
CERS4	SRR5949351	1.1543244711383844
CERS4	SRR5949352	1.154328975937927
CERS4	SRR5949353	1.1543861423812125
CERS4	SRR5949354	1.154118135098547
CERS4	SRR5949355	1.1542763738511965
CERS4	SRR5949356	1.1513016641508953
CERS4	SRR5949357	1.1542763738511965
CERS4	SRR5949358	1.1542881659876676
CERS4	SRR5949359	1.1543861423812125
CERS4	SRR5949360	1.154243037085462
CERS4	SRR5949361	1.1542342444976637
CERS4	SRR5949362	1.1524373005233322
CERS4	SRR5949363	1.1544018504729736
CERS4	SRR5949364	1.1541344162995835
CERS4	SRR5949365	1.1539534513664238
CERS4	SRR5949366	1.151926209413139
CERS4	SRR5949367	1.1544080735423528
CERS4	SRR5949368	1.1532936707463863
CERS4	SRR5949369	1.1544066367558048
CERS4	SRR5949370	1.1543930374941627
CERS4	SRR5949371	1.154127700715507
CERS4	SRR5949372	1.1543244711383844
CERS4	SRR5949373	1.1544066367558048
CERS4	SRR5949374	1.1541360045743105
CERS4	SRR5949375	1.1544066367558048
CERS4	SRR5949376	1.1544080735423528
CERS4	SRR5949377	1.1543861423812125
CERS4	SRR5949378	1.1544080735423528
CERS4	SRR5949379	1.1543861423812125
CERS4	SRR5949380	1.1535503567545762
CERS4	SRR5949381	1.154099487946561
CERS4	SRR5949382	1.1543861423812125
CERS4	SRR5949383	1.1542193125787963
CERS4	SRR5949384	1.1544066367558048
CERS4	SRR5949385	1.1542129775631536
CERS4	SRR5949386	1.1544080735423528
CERS4	SRR5949387	1.1525536382806347
CERS4	SRR5949388	1.1540976154898277
CERS4	SRR5949389	1.1544080735423528
CERS4	SRR5949390	1.1543244711383844
CERS4	SRR5949391	1.154127700715507
CERS4	SRR5949392	1.1544080735423528
CERS4	SRR5949393	1.154127700715507
CERS4	SRR5949394	1.154043329391819
CERS4	SRR5949395	1.1543244711383844
CERS4	SRR5949396	1.153448318699057
CERS4	SRR5949397	1.1544066367558048
CERS4	SRR5949398	1.1544018504729736
CERS4	SRR5949399	1.1542881659876676
CERS4	SRR5949400	1.148920661344423
CERS4	SRR5949401	1.1544080735423528
CERS4	SRR5949402	1.154328975937927
CERS4	SRR5949403	1.1542612816136126
CERS4	SRR5949404	1.154127700715507
CERS4	SRR5949405	1.1543861423812125
CERS4	SRR5949406	1.1544066367558048
CERS4	SRR5949407	1.1543861423812125
CERS4	SRR5949408	1.1543861423812125
CERS4	SRR5949409	1.154328975937927
CERS4	SRR5949410	1.1543244711383844
CERS4	SRR5949411	1.1544080735423528
CERS4	SRR5949412	1.1542193125787963
CERS4	SRR5949413	1.154328975937927
CERS4	SRR5949414	1.1543861423812125
CERS4	SRR5949415	1.1543930374941627
CERS4	SRR5949416	1.1542763738511965
CERS4	SRR5949417	1.154243037085462
CERS4	SRR5949418	1.1543861423812125
CERS4	SRR5949419	1.1543930374941627
CERS4	SRR5949420	1.1542612816136126
CERS4	SRR5949421	1.154243037085462
CERS4	SRR5949422	1.1542763738511965
CERS4	SRR5949423	1.1542763738511965
CERS4	SRR5949424	1.1544080735423528
CERS4	SRR5949425	1.1542763738511965
CERS4	SRR5949426	1.1544018504729736
CERS4	SRR5949427	1.1542763738511965
CERS4	SRR5949428	1.1544080735423528
CERS4	SRR5949429	1.1540148338403267
CERS4	SRR5949430	1.1543244711383844
CERS4	SRR5949431	1.1543244711383844
CERS4	SRR5949432	1.1543244711383844
CERS4	SRR5949433	1.1542881659876676
CERS4	SRR5949434	1.1542881659876676
CERS4	SRR5949435	1.154099487946561
CERS4	SRR5949436	1.1543930374941627
CERS4	SRR5949437	1.1540843659274789
CERS4	SRR5949438	1.1539394876265088
CERS4	SRR5949439	1.1544066367558048
CERS4	SRR5949440	1.1544018504729736
CERS4	SRR5949441	1.1544018504729736
CERS4	SRR5949442	1.1541454974839138
CERS4	SRR5949443	1.1541312616794417
CERS4	SRR5949444	1.1540976154898277
CERS4	SRR5949445	1.1544080735423528
CERS4	SRR5949446	1.1543930374941627
CERS4	SRR5949447	1.1542763738511965
CERS4	SRR5949448	1.1544080735423528
CERS4	SRR5949449	1.1544080735423528
CERS4	SRR5949450	1.1543244711383844
CERS4	SRR5949451	1.154243037085462
CERS4	SRR5949452	1.1543244711383844
CERS4	SRR5949453	1.1542881659876676
CERS4	SRR5949454	1.1543861423812125
CERS4	SRR5949455	1.1542763738511965
CERS4	SRR5949456	1.1544066367558048
CERS4	SRR5949457	1.1544018504729736
CERS4	SRR5949458	1.1544066367558048
CERS4	SRR5949459	1.154328975937927
CERS4	SRR5949460	1.154127700715507
CERS4	SRR5949461	1.1537652995205527
CERS4	SRR5949462	1.1543930374941627
CERS4	SRR5949463	1.154119770897195
CERS4	SRR5949464	1.154043329391819
CERS4	SRR5949465	1.1535426695350546
CERS4	SRR5949466	1.1543244711383844
CERS4	SRR5949467	1.1536303593625774
CERS4	SRR5949468	1.1543930374941627
CERS4	SRR5949469	1.1544018504729736
CERS4	SRR5949470	1.1543861423812125
CERS4	SRR5949471	1.1542612816136126
CERS4	SRR5949472	1.154328975937927
CERS4	SRR5949473	1.154328975937927
CERS4	SRR5949474	1.1542881659876676
CERS4	SRR5949475	1.1544080735423528
CERS4	SRR5949476	1.1543861423812125
CERS4	SRR5949477	1.1544018504729736
CERS4	SRR5949478	1.154328975937927
CERS4	SRR5949479	1.1538444146289202
CERS4	SRR5949480	1.1542612816136126
CERS4	SRR5949481	1.1544018504729736
CERS4	SRR5949482	1.1542129775631536
CERS4	SRR5949483	1.1538715423531325
CERS4	SRR5949484	1.1543930374941627
CERS4	SRR5949485	1.154099487946561
CERS4	SRR5949486	1.1542881659876676
CERS4	SRR5949487	1.1542612816136126
CERS4	SRR5949488	1.153987572083333
CERS4	SRR5949489	1.1541344162995835
CERS4	SRR5949490	1.1541360045743105
CERS4	SRR5949491	1.1542881659876676
CERS4	SRR5949492	1.1541360045743105
CERS4	SRR5949493	1.154243037085462
CERS4	SRR5949494	1.1544080735423528
CERS4	SRR5949495	1.154043329391819
CERS4	SRR5949496	1.154243037085462
CERS4	SRR5949497	1.1542612816136126
CERS4	SRR5949498	1.1543244711383844
CERS4	SRR5949499	1.1543930374941627
CERS4	SRR5949500	1.1539304288892793
CERS4	SRR5949501	1.1541014455850918
CERS4	SRR5949502	1.1538715423531325
CERS4	SRR5949503	1.1541360045743105
CERS4	SRR5949504	1.1543861423812125
CERS4	SRR5949505	1.1543861423812125
CERS4	SRR5949506	1.1543861423812125
CERS4	SRR5949507	1.1544018504729736
CERS4	SRR5949508	1.154243037085462
CERS4	SRR5949509	1.1543930374941627
CERS4	SRR5949510	1.1543861423812125
CERS4	SRR5949511	1.1536505416463956
CERS4	SRR5949512	1.154328975937927
CERS4	SRR5949513	1.1544080735423528
CERS4	SRR5949514	1.1542193125787963
CERS4	SRR5949515	1.1543930374941627
CERS4	SRR5949516	1.1543244711383844
CERS4	SRR5949517	1.1543861423812125
CERS4	SRR5949518	1.1538715423531325
CERS4	SRR5949519	1.154127700715507
CERS4	SRR5949520	1.1544018504729736
CERS4	SRR5949521	1.1537652995205527
CERS4	SRR5949522	1.154328975937927
CERS4	SRR5949523	1.1544018504729736
CERS4	SRR5949524	1.1542881659876676
CERS4	SRR5949525	1.1542129775631536
CERS4	SRR5949526	1.1537070312898285
CERS4	SRR5949527	1.1541360045743105
CERS4	SRR5949528	1.1530313538581225
CERS4	SRR5949529	1.1541014455850918
CERS4	SRR5949530	1.1542612816136126
CERS4	SRR5949531	1.1542342444976637
CERS4	SRR5949532	1.1544018504729736
CERS4	SRR5949533	1.1544080735423528
CERS4	SRR5949534	1.1541454974839138
CERS4	SRR5949535	1.1543861423812125
CERS4	SRR5949536	1.1543244711383844
CERS4	SRR5949537	1.1543930374941627
CERS4	SRR5949538	1.1544080735423528
CERS4	SRR5949539	1.154243037085462
CERS4	SRR5949540	1.154118135098547
CERS4	SRR5949541	1.1542612816136126
CERS4	SRR5949542	1.154118135098547
CERS4	SRR5949543	1.1542881659876676
CERS4	SRR5949544	1.154127700715507
CERS4	SRR5949545	1.1539394876265088
CERS4	SRR5949546	1.1541360045743105
CERS4	SRR5949547	1.1544080735423528
CERS4	SRR5949548	1.1542881659876676
CERS4	SRR5949549	1.1539534513664238
CERS4	SRR5949550	1.1535522984622077
CERS4	SRR5949551	1.154328975937927
CERS4	SRR5949552	1.154043329391819
CERS4	SRR5949553	1.1544066367558048
CERS4	SRR5949554	1.1543861423812125
CERS4	SRR5949555	1.1452054817287791
CERS4	SRR5949556	1.154099487946561
CERS4	SRR5949557	1.1542881659876676
CERS4	SRR5949558	1.154043329391819
CERS4	SRR5949559	1.1543930374941627
CERS4	SRR5949560	1.1544018504729736
CERS4	SRR5949561	1.1537430923754213
CERS4	SRR5949562	1.154043329391819
CERS4	SRR5949563	1.1542763738511965
CERS4	SRR5949564	1.1543244711383844
CERS4	SRR5949565	1.1544066367558048
CERS4	SRR5949566	1.1543861423812125
CERS4	SRR5949567	1.1525839843466772
CERS4	SRR5949568	1.154118135098547
CERS4	SRR5949569	1.1541344162995835
CERS4	SRR5949570	1.1542612816136126
CERS4	SRR5949571	1.1539394876265088
CERS4	SRR5949572	1.154243037085462
CERS4	SRR5949573	1.154127700715507
CERS4	SRR5949574	1.1542881659876676
CERS4	SRR5949575	1.154243037085462
CERS4	SRR5949576	1.1542129775631536
CERS4	SRR5949577	1.1544066367558048
CERS4	SRR5949578	1.1543244711383844
CERS4	SRR5949579	1.1543861423812125
CERS4	SRR5949580	1.1543930374941627
CERS4	SRR5949581	1.1544080735423528
CERS4	SRR5949582	1.1541312616794417
CERS4	SRR5949583	1.1544066367558048
CERS4	SRR5949584	1.1536496989510014
CERS4	SRR5949585	1.154328975937927
CERS4	SRR5949586	1.1543861423812125
CERS4	SRR5949587	1.1542881659876676
CERS4	SRR5949588	1.153006792126308
CERS4	SRR5949589	1.1544080735423528
CERS4	SRR5949590	1.1541360045743105
CERS4	SRR5949591	1.1543930374941627
CERS4	SRR5949592	1.154243037085462
CERS4	SRR5949593	1.1544080735423528
CERS4	SRR5949594	1.154243037085462
CERS4	SRR5949595	1.154328975937927
CERS4	SRR5949596	1.1542763738511965
CERS4	SRR5949597	1.1538444146289202
CERS4	SRR5949598	1.154243037085462
CERS4	SRR5949599	1.1541344162995835
CERS4	SRR5949600	1.1543244711383844
CERS4	SRR5949601	1.154243037085462
CERS4	SRR5949602	1.1544080735423528
CERS4	SRR5949603	1.1543244711383844
CERS4	SRR5949604	1.1543861423812125
CERS4	SRR5949605	1.154243037085462
CERS4	SRR5949606	1.1540286696356532
CERS4	SRR5949607	1.1544018504729736
CERS4	SRR5949608	1.1537626724135772
CERS4	SRR5950246	1.1537070312898285
CERS4	SRR5950247	1.154043329391819
CERS4	SRR5950248	1.1543244711383844
CERS4	SRR5950249	1.1544080735423528
CERS4	SRR5950250	1.154127700715507
CERS4	SRR5950251	1.1543244711383844
CERS4	SRR5950252	1.1544066367558048
CERS4	SRR5950253	1.154328975937927
CERS4	SRR5950254	1.1540286696356532
CERS4	SRR5950255	1.1537779842987672
CERS4	SRR5950256	1.1532906572572703
CERS4	SRR5950257	1.1532936707463863
CERS4	SRR5950258	1.1543244711383844
CERS4	SRR5950259	1.1544018504729736
CERS4	SRR5950260	1.1543244711383844
CERS4	SRR5950261	1.154328975937927
CERS4	SRR5950262	1.1542193125787963
CERS4	SRR5950263	1.1538444146289202
CERS4	SRR5950264	1.1544018504729736
CERS4	SRR5950265	1.154119770897195
CERS4	SRR5950266	1.153620340573047
CERS4	SRR5950267	1.1543244711383844
CERS4	SRR5950268	1.154243037085462
CERS4	SRR5950269	1.154243037085462
CERS4	SRR5950270	1.1539830975965506
CERS4	SRR5950271	1.1544080735423528
CERS4	SRR5950272	1.1544080735423528
CERS4	SRR5950273	1.1543244711383844
CERS4	SRR5950274	1.1541454974839138
CERS4	SRR5950275	1.154243037085462
CERS4	SRR5950276	1.154328975937927
CERS4	SRR5950277	1.1541014455850918
CERS4	SRR5950278	1.1537962707798937
CERS4	SRR5950279	1.1542763738511965
CERS4	SRR5950280	1.1543861423812125
CERS4	SRR5950281	1.154243037085462
CERS4	SRR5950282	1.1538447615632836
CERS4	SRR5950283	1.154328975937927
CERS4	SRR5950284	1.1511338942169325
CERS4	SRR5950285	1.1540843659274789
CERS4	SRR5950286	1.1542881659876676
CERS4	SRR5950287	1.1537833054890896
CERS4	SRR5950288	1.154118135098547
CERS4	SRR5950289	1.1537285180296166
CERS4	SRR5950290	1.1543930374941627
CERS4	SRR5950291	1.154328975937927
CERS4	SRR5950292	1.1542193125787963
CERS4	SRR5950293	1.1539534513664238
CERS4	SRR5950294	1.1544080735423528
CERS4	SRR5950295	1.1544018504729736
CERS4	SRR5950296	1.1542881659876676
CERS4	SRR5950297	1.1540286696356532
CERS4	SRR5950298	1.1543930374941627
CERS4	SRR5950299	1.1541312616794417
CERS4	SRR5950300	1.1542881659876676
CERS4	SRR5950301	1.154328975937927
CERS4	SRR5950302	1.1542612816136126
CERS4	SRR5950303	1.1541454974839138
CERS4	SRR5950304	1.1540148338403267
CERS4	SRR5950305	1.1542612816136126
CERS4	SRR5950306	1.1542763738511965
CERS4	SRR5950307	1.1541344162995835
CERS4	SRR5950308	1.1542342444976637
CERS4	SRR5950309	1.154243037085462
CERS4	SRR5950310	1.1542881659876676
CERS4	SRR5950311	1.1543930374941627
CERS4	SRR5950312	1.1543244711383844
CERS4	SRR5950313	1.1542193125787963
CERS4	SRR5950314	1.1543930374941627
CERS4	SRR5950315	1.154328975937927
CERS4	SRR5950316	1.1544018504729736
CERS4	SRR5950317	1.1541312616794417
CERS4	SRR5950318	1.153987572083333
CERS4	SRR5950319	1.1541360045743105
CERS4	SRR5950320	1.154119770897195
CERS4	SRR5950321	1.1533709738650642
CERS4	SRR5950322	1.1541014455850918
CERS4	SRR5950323	1.1542129775631536
CERS4	SRR5950324	1.1543930374941627
CERS4	SRR5950325	1.1542342444976637
CERS4	SRR5950326	1.154099487946561
CERS4	SRR5950327	1.154328975937927
CERS4	SRR5950328	1.154328975937927
CERS4	SRR5950329	1.1542881659876676
CERS4	SRR5950330	1.1541360045743105
CERS4	SRR5950331	1.1539534513664238
CERS4	SRR5950332	1.1540843659274789
CERS4	SRR5950333	1.1543930374941627
CERS4	SRR5950334	1.1543861423812125
CERS4	SRR5950335	1.1543861423812125
CERS4	SRR5950336	1.1524373005233322
CERS4	SRR5950337	1.1537962707798937
CERS4	SRR5950338	1.1531742805487435
CERS4	SRR5950339	1.1544080735423528
CERS4	SRR5950340	1.154127700715507
CERS4	SRR5950341	1.1542129775631536
CERS4	SRR5950342	1.1544018504729736
CERS4	SRR5950343	1.1542342444976637
CERS4	SRR5950344	1.154119770897195
CERS4	SRR5950345	1.1542129775631536
CERS4	SRR5950346	1.1543244711383844
CERS4	SRR5950347	1.1542612816136126
CERS4	SRR5950348	1.1541344162995835
CERS4	SRR5950349	1.1544066367558048
CERS4	SRR5950350	1.1543244711383844
CERS4	SRR5950351	1.1538444146289202
CERS4	SRR5950352	1.1544018504729736
CERS4	SRR5950353	1.1542763738511965
CERS4	SRR5950354	1.1544018504729736
CERS4	SRR5950355	1.1544066367558048
CERS4	SRR5950356	1.1537250692562184
CERS4	SRR5950357	1.1544018504729736
CERS4	SRR5950358	1.1541344162995835
CERS4	SRR5950359	1.1542342444976637
CERS4	SRR5950360	1.1544018504729736
CERS4	SRR5950361	1.1544018504729736
CERS4	SRR5950362	1.1541014455850918
CERS4	SRR5950363	1.153987572083333
CERS4	SRR5950364	1.1541360045743105
CERS4	SRR5950365	1.154328975937927
CERS4	SRR5950366	1.1543930374941627
CERS4	SRR5950367	1.153400485650712
CERS4	SRR5950368	1.1542763738511965
CERS4	SRR5950369	1.1544080735423528
CERS4	SRR5950370	1.1544080735423528
CERS4	SRR5950371	1.154328975937927
CERS4	SRR5950372	1.1543861423812125
CERS4	SRR5950373	1.1542881659876676
CERS4	SRR5950374	1.1542763738511965
CERS4	SRR5950375	1.1543930374941627
CERS4	SRR5950376	1.1544066367558048
CERS4	SRR5950377	1.1539830975965506
CERS4	SRR5950378	1.1542881659876676
CERS4	SRR5950379	1.1542763738511965
CERS4	SRR5950380	1.1542129775631536
CERS4	SRR5950381	1.1542129775631536
CERS4	SRR5950382	1.1537779842987672
CERS4	SRR5950383	1.1544066367558048
CERS4	SRR5950384	1.1543930374941627
CERS4	SRR5950385	1.1537833054890896
CERS4	SRR5950386	1.1543861423812125
CERS4	SRR5950387	1.1544066367558048
CERS4	SRR5950388	1.154127700715507
CERS4	SRR5950389	1.1532222126984653
CERS4	SRR5950390	1.1542129775631536
CERS4	SRR5950391	1.1544080735423528
CERS4	SRR5950392	1.1537652995205527
CERS4	SRR5950393	1.1541312616794417
CERS4	SRR5950394	1.154243037085462
CERS4	SRR5950395	1.1542763738511965
CERS4	SRR5950396	1.1544080735423528
CERS4	SRR5950397	1.1544066367558048
CERS4	SRR5950398	1.1544066367558048
CERS4	SRR5950399	1.1542193125787963
CERS4	SRR5950400	1.1542342444976637
CERS4	SRR5950401	1.1543930374941627
CERS4	SRR5950402	1.1543930374941627
CERS4	SRR5950403	1.154328975937927
CERS4	SRR5950404	1.1543861423812125
CERS4	SRR5950405	1.153006792126308
CERS4	SRR5950406	1.1539304288892793
CERS4	SRR5950407	1.154328975937927
CERS4	SRR5950408	1.154043329391819
CERS4	SRR5950409	1.154127700715507
CERS4	SRR5950410	1.1544080735423528
CERS4	SRR5950411	1.1544018504729736
CERS4	SRR5950412	1.1543861423812125
CERS4	SRR5950413	1.1539394876265088
CERS4	SRR5950414	1.1543861423812125
CERS4	SRR5950415	1.1542193125787963
CERS4	SRR5950416	1.154243037085462
CERS4	SRR5950417	1.1542342444976637
CERS4	SRR5950418	1.154119770897195
CERS4	SRR5950419	1.1544018504729736
CERS4	SRR5950420	1.1542612816136126
CERS4	SRR5950421	1.1541312616794417
CERS4	SRR5950422	1.1540976154898277
CERS4	SRR5950423	1.1542881659876676
CERS4	SRR5950424	1.1543930374941627
CERS4	SRR5950425	1.1544018504729736
CERS4	SRR5950426	1.1541344162995835
CERS4	SRR5950427	1.1543861423812125
CERS4	SRR5950428	1.1542881659876676
CERS4	SRR5950429	1.1544018504729736
CERS4	SRR5950430	1.154243037085462
CERS4	SRR5950431	1.1542612816136126
CERS4	SRR5950432	1.1543861423812125
CERS4	SRR5950433	1.154328975937927
CERS4	SRR5950434	1.1541344162995835
CERS4	SRR5950435	1.1542881659876676
CERS4	SRR5950436	1.1544018504729736
CERS4	SRR5950437	1.1542612816136126
CERS4	SRR5950438	1.1543930374941627
CERS4	SRR5950439	1.1544066367558048
CERS4	SRR5950440	1.150186403730464
CERS4	SRR5950441	1.1540843659274789
CERS4	SRR5950442	1.1543244711383844
CERS4	SRR5950443	1.1541454974839138
CERS4	SRR5950444	1.154328975937927
CERS4	SRR5950445	1.1543861423812125
CERS4	SRR5950446	1.1542129775631536
CERS4	SRR5950447	1.1539830975965506
CERS4	SRR5950448	1.1543244711383844
CERS4	SRR5950449	1.1543861423812125
CERS4	SRR5950450	1.1544018504729736
CERS4	SRR5950451	1.1544080735423528
CERS4	SRR5950452	1.154099487946561
CERS4	SRR5950453	1.1543930374941627
CERS4	SRR5950454	1.1540976154898277
CERS4	SRR5950455	1.1543930374941627
CERS4	SRR5950456	1.1542881659876676
CERS4	SRR5950457	1.1542129775631536
CERS4	SRR5950458	1.1544080735423528
CERS4	SRR5950459	1.1542612816136126
CERS4	SRR5950460	1.1542612816136126
CERS4	SRR5950461	1.1543244711383844
CERS4	SRR5950462	1.1538715423531325
CERS4	SRR5950463	1.1541454974839138
CERS4	SRR5950464	1.1541014455850918
CERS4	SRR5950465	1.1495981461456477
CERS4	SRR5950466	1.1543861423812125
CERS4	SRR5950467	1.1542763738511965
CERS4	SRR5950468	1.1543244711383844
CERS4	SRR5950469	1.1542129775631536
CERS4	SRR5950470	1.1544018504729736
CERS4	SRR5963912	1.1544080735423528
CERS4	SRR5963913	1.154118135098547
CERS4	SRR5963914	1.1544080735423528
CERS4	SRR5963915	1.154119770897195
CERS4	SRR5963916	1.1538752034369077
CERS4	SRR5963917	1.154243037085462
CERS4	SRR5963918	1.1542612816136126
CERS4	SRR5963919	1.1543861423812125
CERS4	SRR5963920	1.1542763738511965
CERS4	SRR5963921	1.1543930374941627
CERS4	SRR5963922	1.1542342444976637
CERS4	SRR5963923	1.1542612816136126
CERS4	SRR5963924	1.1543861423812125
CERS4	SRR5963925	1.154118135098547
CERS4	SRR5963926	1.154118135098547
CERS4	SRR5963927	1.1544018504729736
CERS4	SRR5963928	1.1540843659274789
CERS4	SRR5963929	1.154328975937927
CERS4	SRR5963930	1.1539394876265088
CERS4	SRR5963931	1.1544066367558048
CERS4	SRR5963932	1.1542881659876676
CERS4	SRR5963933	1.1542193125787963
CERS4	SRR5963934	1.153987572083333
CERS4	SRR5963935	1.1544080735423528
CERS4	SRR5963936	1.1541014455850918
CERS4	SRR5963937	1.1537833054890896
CERS4	SRR5963938	1.1543244711383844
CERS4	SRR5963939	1.1543861423812125
CERS4	SRR5963940	1.1543861423812125
CERS4	SRR5963941	1.1544080735423528
CERS4	SRR5963942	1.1544080735423528
CERS4	SRR5963943	1.1543930374941627
CERS4	SRR5963944	1.1544080735423528
CERS4	SRR5963945	1.1544066367558048
CERS4	SRR5963946	1.154328975937927
CERS4	SRR5963947	1.154328975937927
CERS4	SRR5963948	1.154328975937927
CERS4	SRR6467548	131.27412445644262
CERS4	SRR6467549	113.86998399887979
CERS4	SRR6467550	258.42783980046
CERS4	SRR6467551	96.5686427491242
CERS4	SRR6467552	71.16157280601335
CERS4	SRR6467553	105.25708659465762
CERS4	SRR6467554	91.00920929071842
CERS4	SRR6467555	110.57250861747478
CERS4	SRR6467556	114.33922874130059
CERS4	SRR6467557	122.38445693895505
CERS4	SRR6467558	129.57712217600096
CERS4	SRR6467559	254.55684768904894
CERS4	SRR6467560	113.14651573054063
CERS4	SRR6467561	196.45675833051467
CERS4	SRR6467562	292.10576030112736
CERS4	SRR6467563	100.6198701649288
CERS4	SRR6467564	93.6804023786609
CERS4	SRR6467565	246.37022378088804
CERS4	SRR6467566	94.5399441924561
CERS4	SRR6467567	92.01002914152618
CERS4	SRR6467568	230.94369390638258
CERS4	SRR6467569	87.2617814505197
CERS4	SRR6467570	364.36789041585763
CERS4	SRR6467571	331.2383326133394
CERS4	SRR6467572	132.81596441602863
CERS4	SRR6467573	124.8468825181552
CERS4	SRR6467574	476
CERS4	SRR6467575	218.38039449353212
CERS4	SRR6467576	160.75507603190005
CERS4	SRR6467577	172.24778228296594
CERS4	SRR6467578	181.77527642002417
CERS4	SRR6467579	132.40045910038035
CERS4	SRR6467580	365.70631030136667
CERS4	SRR6467581	459.21238794678004
CERS4	SRR6467582	248.5429237723389
CERS4	SRR6467583	431
CERS4	SRR6467584	283.03402502335325
CERS4	SRR6467585	247.05103701819175
CERS4	SRR6467586	376.21033727217866
CERS4	SRR6467587	361.87467333224464
CERS4	SRR6467588	298.45699226382726
CERS4	SRR6467589	328
CERS4	SRR6467590	302.8481272247793
CERS4	SRR6467591	162.70132163384727
CERS4	SRR6467592	203.57253306347693
CERS4	SRR6467593	179.81806303998516
CERS4	SRR6467594	335.9048607139754
CERS4	SRR6467595	268.5875400813587
CERS4	SRR6467596	228
CERS4	SRR6467597	421.2483676998419
CERS4	SRR6467598	922.9308282912048
CERS4	SRR6467599	210.7938895684861
CERS4	SRR6467600	198.9549665312313
CERS4	SRR6467601	316.7567634304801
CERS4	SRR6467602	319.3246377270867
CERS4	SRR6467603	321
CERS4	SRR6467604	307.30261917482915
CERS4	SRR6467605	192.6922327328635
CERS4	SRR6467606	383
CERS4	SRR6467607	726
CERS4	SRR6467608	301.7910082623658
CERS4	SRR6467609	233.04193089947483
CERS4	SRR6467610	137.36656637986127
CERS4	SRR6467611	618.7053600961212
CERS4	SRR6467612	353.03776443289553
CERS4	SRR6467613	395
CERS4	SRR6467614	456
CERS4	SRR6467615	97.2291995408918
CERS4	SRR6467616	250.45419753917014
CERS4	SRR6467617	206.37574497265794
CERS4	SRR6467618	319
CERS4	SRR6467619	398.1988383564767
CERS4	SRR6467620	219.5755176393957
CERS4	SRR6467621	191.97854728735427
CERS4	SRR6467622	238.54108347587473
CERS4	SRR6467623	232.6469651880366
CERS4	SRR6467624	454.0817022676462
CERS4	SRR6467625	175
CERS4	SRR6467626	324
CERS4	SRR6467627	344.42797328001876
CERS4	SRR6467628	399
CERS4	SRR6467629	213.4368955415594
CERS4	SRR6467630	304.21889158445674
CERS4	SRR6467631	243.21873125647124
CERS4	SRR6467632	145.03582856780787
CERS4	SRR6467633	271
CERS4	SRR6467634	182.73251207080204
CERS4	SRR6467635	330.07062675716924
CERS4	SRR6467636	170.70824580132918
CERS4	SRR6467637	486
CERS4	SRR6467638	231
CERS4	SRR6467639	328.04640259574734
CERS4	SRR6467640	423.6834410489628
CERS4	SRR6467641	183.69428519714864
CERS4	SRR6467642	745.4378241979266
CERS4	SRR6467643	93.15149676581068
CERS4	SRR6467644	249
CERS4	SRR6467645	396.050134635376
CERS4	SRR6467646	174
CERS4	SRR6467647	540.0649677585344
CERS4	SRR6467648	177.02178501478522
CERS4	SRR6467649	191.0062174551637
CERS4	SRR6467650	260.41787658324876
CERS4	SRR6467651	217.63827569046074
CERS4	SRR6467652	273.0491293371529
CERS4	SRR6467653	164.62240750063918
CERS4	SRR6467654	425.5887656467276
CERS4	SRR6467655	182
CERS4	SRR6467656	497.89055700157996
CERS4	SRR6467657	244
CERS4	SRR6467658	363
CERS4	SRR6467659	342.91155335265944
CERS4	SRR6467660	215.46540994438217
CERS4	SRR6467661	195.133193992709
CERS4	SRR6467662	217.45471989116695
CERS4	SRR6467663	352.9885456394779
CERS4	SRR6467664	205.32745280125656
CERS4	SRR6467665	271
CERS4	SRR6467666	304
CERS4	SRR6467667	403.8920270367307
CERS4	SRR6467668	130.2101096795786
CERS4	SRR6467669	168
CERS4	SRR6467670	220
CERS4	SRR6467671	382.4601516426875
CERS4	SRR6467672	81.71777185465011
CERS4	SRR6467673	218.0728763365307
CERS4	SRR6467674	264.66053640197197
CERS4	SRR6467675	150.28958016699406
CERS4	SRR6467676	209.6285425527235
CERS4	SRR6467677	252
CERS4	SRR6467678	482
CERS4	SRR6467679	203
CERS4	SRR6467680	218.31754946380502
CERS4	SRR6467681	353
CERS4	SRR6467682	445.6629478958086
CERS4	SRR6467683	434.81562762945833
CERS4	SRR6467684	310.8094521565135
CERS4	SRR6467685	156.1719271887582
CERS4	SRR6467686	156.22950974246456
CERS4	SRR6467687	219.0141731309842
CERS4	SRR6467688	399.4341430302768
CERS4	SRR6467689	158.56228799092247
CERS4	SRR6467690	320.7493704574559
CERS4	SRR6467691	193.06817698660558
CERS4	SRR6467692	457.49367496173244
CERS4	SRR6467693	212.139403532799
CERS4	SRR6467694	160.20778291807827
CERS4	SRR6467695	338.54015220377096
CERS4	SRR6467696	309.1094434428331
CERS4	SRR6467697	155
CERS4	SRR6467698	449.0991410052782
CERS4	SRR6467699	231
CERS4	SRR6467700	323.42261144706015
CERS4	SRR6467701	319
CERS4	SRR6467702	134.90702480609417
CERS4	SRR6467703	68.84282764206675
CERS4	SRR6467704	385.07841342488496
CERS4	SRR6467705	202.31298259906637
CERS4	SRR6467706	188.4129491105271
CERS4	SRR6467707	185
CERS4	SRR6467708	147.2537590366812
CERS4	SRR6467709	256
CERS4	SRR6467710	204.18362624000054
CERS4	SRR6467711	272.37149924632
CERS4	SRR6467712	143.60387040703827
CERS4	SRR6467713	339.953529412287
CERS4	SRR6467714	362.15517686310517
CERS4	SRR6467715	266
CERS4	SRR6467716	266
CERS4	SRR6467717	104.26529081578319
CERS4	SRR6467718	165.51395836066138
CERS4	SRR6467719	345.2579811445471
CERS4	SRR6467720	329
CERS4	SRR6467721	155.25122630347548
CERS4	SRR6467722	292
CERS4	SRR6467723	217
CERS4	SRR6467724	596
CERS4	SRR6467725	329
CERS4	SRR6467726	457.1020864833902
CERS4	SRR6467727	461.0773292075265
CERS4	SRR6467728	382
CERS4	SRR6467729	269.8590694787
CERS4	SRR6467730	197.42254124820292
CERS4	SRR6467731	129.26660299435096
CERS4	SRR6467732	223.93558267162433
CERS4	SRR6467733	312.5385906084662
CERS4	SRR6467734	211.08159468196308
CERS4	SRR6467735	138.13684921648996
CERS4	SRR6467736	155.9626915373884
CERS4	SRR6467737	188.1648555336926
CERS4	SRR6467738	412.148301159176
CERS4	SRR6467739	279
CERS4	SRR6467740	215.15545813850926
CERS4	SRR6467741	558.1206788280973
CERS4	SRR6467742	199
CERS4	SRR6467743	222
CERS4	SRR6467744	332
CERS4	SRR6467745	433.20145698790674
CERS4	SRR6467746	229.81946549580155
CERS4	SRR6467747	283.4810378387959
CERS4	SRR6467748	250.02922851762125
CERS4	SRR6467749	294
CERS4	SRR6467750	118.27997496668681
CERS4	SRR6467751	86.28493996856236
CERS4	SRR6467752	182.49505372694261
CERS4	SRR6467753	212.87810561697094
CERS4	SRR6467754	289.6783585931498
CERS4	SRR6467755	251.3866778058953
CERS4	SRR6467756	154.19410266297595
CERS4	SRR6467757	231
CERS4	SRR6467758	340
CERS4	SRR6467759	128.72740867954903
CERS4	SRR6467760	710.4515105315476
CERS4	SRR6467761	431.5899013938651
CERS4	SRR6467762	391.9568209369576
CERS4	SRR6467763	216.68199538745267
CERS4	SRR6467764	278.66285196750584
CERS4	SRR6467765	350.4411424158544
CERS4	SRR6467766	130.91764480191156
CERS4	SRR6467767	174.17932785129014
CERS4	SRR6467768	170.09842417200073
CERS4	SRR6467769	107.90643070261102
CERS4	SRR6467770	182
CERS4	SRR6467771	279.6796858714421
CERS4	SRR6467772	169.2032928352966
CERS4	SRR6467773	153.6048162962652
CERS4	SRR6868540	213.08184232280618
CERS4	SRR6868541	216.79479224522743
CERS4	SRR6868542	168.6789838586582
CERS4	SRR6868543	222.30390493613902
CERS4	SRR6868544	435.38648198140413
CERS4	SRR6868545	231.5839190611758
CERS4	SRR6868546	307.7485430570563
CERS4	SRR6868557	144.038781005822
CERS4	SRR6868558	338.85517187555934
CERS4	SRR6868559	128.03349065177542
CERS4	SRR6868560	643.3534498893143
CERS4	SRR6868569	146.5251090204396
CERS4	SRR6868570	191.00485941011607
CERS4	SRR6868571	151.43315878818606
CERS4	SRR6868572	408.74756179898986
CERS4	SRR6868573	273.7821277971329
CERS4	SRR6868574	235.8479417457907
CERS4	SRR6868575	121.04504244638808
CERS4	SRR6868576	192.0050329284406
CERS4	SRR6868577	225.01785338888732
CERS4	SRR6868578	262.0041760221292
CERS4	SRR6868579	175.3464187272155
CERS4	SRR6868580	288.0645287729453
CERS4	SRR6868581	132.34448682166686
CERS4	SRR6868582	190.03805902016757
CERS4	SRR6868585	174.77378226179542
CERS4	SRR6868586	84.760310067894
CERS4	SRR6868587	168.53232266225248
CERS4	SRR6868588	282.0118653957563
CERS4	SRR6868589	231.52300443414242
CERS4	SRR6868590	173.3816962881775
CERS4	SRR6868591	284.6596425177611
CERS4	SRR6868604	133.39367841631963
CERS4	SRR6868605	165.09009135118015
CERS4	SRR6868606	165.4544265343297
CERS4	SRR6868607	188.2343103680125
CERS4	SRR6868608	410.69457607790986
CERS4	SRR6868609	152.40780940190103
CERS4	SRR6868610	197.3961214426643
CERS4	SRR6868620	328.6663834037126
CERS4	SRR6868621	406.68654799578076
CERS4	SRR6868622	224.25106053902584
CERS4	SRR6868623	226.77405035114947
CERS4	SRR6868636	184.73844633418335
CERS4	SRR6868637	250.30829064801182
CERS4	SRR6868638	184.11806310964292
CERS4	SRR6868639	378.02050783730175
CERS4	SRR6868650	369.0580016459451
CERS4	SRR6868651	429.07256472794825
CERS4	SRR6868652	211.2335959528586
CERS4	SRR6868653	253.68075111390786
CERS4	SRR6868654	336.9902242134033
CERS4	SRR6868655	191.45471000330758
CERS4	SRR6868665	260.70680169259947
CERS4	SRR6868666	265.6922646172516
CERS4	SRR6868667	274.11482049848695
CERS4	SRR6868668	328.4296961080955
CERS4	SRR6868669	368.7914559525492
CERS4	SRR6868670	351.1210274703135
CERS4	SRR6868671	309.40602790932303
CERS4	SRR6868683	338.23740010722577
CERS4	SRR6868684	317.90756970916283
CERS4	SRR6868685	322.73463768771194
CERS4	SRR6868686	533.4273313785836
CERS4	SRR6868687	708.214317563121
CERS4	SRR6868688	187.90407567047026
CERS4	SRR6868689	286.1188664709957
CERS4	SRR6868698	309.5387637734246
CERS4	SRR6868699	366.5682306018502
CERS4	SRR6868700	420.646758980935
CERS4	SRR6868701	552.7367246784781
CERS4	SRR6868702	517.9468735731388
CERS4	SRR6868713	288.98968889669385
CERS4	SRR6868714	179.2409539554407
CERS4	SRR6868715	689.6764135664625
CERS4	SRR6868716	395.632050999099
CERS4	SRR6868717	398.0390530842536
CERS4	SRR6868718	364.4162175400928
CERS4	SRR6868719	608.9854554355684
CERS4	SRR6868720	539.7177305777701
CERS4	SRR6868721	339.777008664447
CERS4	SRR6868722	312.14651898139545
CERS4	SRR6868723	201.8582877439479
CERS4	SRR6868724	513.9318361922666
CERS4	SRR6868725	584.4316018392249
CERS4	SRR6868726	750.8071746999569
CERS4	SRR6868741	137.96403828886514
CERS4	SRR7632756	231.90469348558588
CERS4	SRR7632757	53.44497818534677
CERS4	SRR7632758	95.0020324846921
CERS4	SRR7632759	60.76152400573646
CERS4	SRR7632760	77.54363941619327
CERS4	SRR7632761	130.92581691245735
CERS4	SRR7632762	59.77605117578257
CERS4	SRR7632763	62.00119150909493
CERS4	SRR7632764	101.6291965059262
CERS4	SRR7632765	85.22337442624948
CERS4	SRR7632766	90.74621625358007
CERS4	SRR7632767	205.4863971878881
CERS4	SRR7632768	151.41828398126702
CERS4	SRR7632769	153.74720684131034
CERS4	SRR7632770	117.96804655458256
CERS4	SRR7632771	57.457991139202164
CERS4	SRR7632772	159.01298128921118
CERS4	SRR7632773	102.55214990758046
CERS4	SRR7632774	57.36164204407926
CERS4	SRR7632775	129.8623073579712
CERS4	SRR7632776	68.50532583910748
CERS4	SRR7632777	70.66624299076175
CERS4	SRR7632778	83.34564719223597
CERS4	SRR7632779	172.4050115401642
CERS4	SRR7632780	150.55665372211843
CERS4	SRR7632781	71.12357531415456
CERS4	SRR7632782	68.93093263879148
CERS4	SRR7632783	115.84599365269254
CERS4	SRR7632784	134.1596992708631
CERS4	SRR7632785	136.97893503872592
CERS4	SRR7632786	45.8316003762894
CERS4	SRR7632787	130.50611092750802
CERS4	SRR7632788	134.3037999868846
CERS4	SRR7632789	63.128762183513075
CERS4	SRR7632790	129.25953174646403
CERS4	SRR7632791	35.52588730016334
CERS4	SRR7632792	147.07404411559227
CERS4	SRR7632793	92.10481315140402
CERS4	SRR7632794	86.59773869595674
CERS4	SRR7632795	116.37438396791312
CERS4	SRR7632796	66.11981609972776
CERS4	SRR7632797	28.767480803405046
CERS4	SRR7632798	78.44697760195201
CERS4	SRR7632799	85.55579187885023
CERS4	SRR7632800	95.41511449975772
CERS4	SRR7632801	106.55785413858156
CERS4	SRR7632802	138.69417646022876
CERS4	SRR7632803	172.03737056161575
CERS4	SRR7632804	45.782920435125796
CERS4	SRR7632805	136.4208405390381
CERS4	SRR7632806	118.54451027326736
CERS4	SRR7632807	106.92147523949147
CERS4	SRR7632808	75.61650162466248
CERS4	SRR7632809	63.97859927150064
CERS4	SRR7632810	87.36348687287382
CERS4	SRR7632811	64.43520354394522
CERS4	SRR7632812	59.42358059075182
CERS4	SRR7632813	77.47727732861591
CERS4	SRR7632814	154.54492056949888
CERS4	SRR7632815	120.94157391948161
CERS4	SRR7632816	10.754074903933615
CERS4	SRR7632817	55.20876713132452
CERS4	SRR7632818	268.44896556290377
CERS4	SRR7632819	278.6804141807176
CERS4	SRR7632820	73.50231263090511
CERS4	SRR7632821	119.20542398207526
CERS4	SRR7632822	54.676762390424784
CERS4	SRR7632823	139.51160739559418
CERS4	SRR7632824	137.6261152875864
CERS4	SRR7632825	83.23309456839962
CERS4	SRR7632826	144.09292367561946
CERS4	SRR7632827	58.02720532380002
CERS4	SRR7632828	50.2808825194775
CERS4	SRR7632829	57.82447809243327
CERS4	SRR7632830	58.72172055261804
CERS4	SRR7632831	112.02869101189359
CERS4	SRR7632832	77.11108750674448
CERS4	SRR7632833	60.99847934956465
CERS4	SRR7632834	57.64106383494782
CERS4	SRR7632835	39.961104099550816
CERS4	SRR7632836	91.34345083023568
CERS4	SRR7632837	116.74562451398612
CERS4	SRR7632838	37.932734552690604
CERS4	SRR7632839	109.24133067836381
CERS4	SRR7632840	54.62889433368427
CERS4	SRR7632841	23.50263834766935
CERS4	SRR7632842	124.23432741269983
CERS4	SRR7632843	181.56549473055088
CERS4	SRR7632844	46.788398660864274
CERS4	SRR7632845	67.33545820326974
CERS4	SRR7632846	54.583048511683586
CERS4	SRR7632847	115.66462506689092
CERS4	SRR7632848	111.00773813238442
CERS4	SRR7632849	95.068816867239
CERS4	SRR7632850	52.67131488594359
CERS4	SRR7632851	120.20839816441962
CERS4	SRR7632852	186.23443568385406
CERS4	SRR7632853	126.63860594459238
CERS4	SRR7632854	182.19550306883787
CERS4	SRR7632855	233
CERS4	SRR7632856	87.56305214855192
CERS4	SRR7632857	79.45975291844861
CERS4	SRR7632858	71.56484385765016
CERS4	SRR7632859	53.024827065088324
CERS4	SRR7632860	101.09732438700671
CERS4	SRR7632861	72.75419965693143
CERS4	SRR7632862	47.62316095341059
CERS4	SRR7632863	28.191933641897712
CERS4	SRR7632864	19.06604053168615
CERS4	SRR7632865	224.32269320572308
CERS4	SRR7632866	126.71567138992553
CERS4	SRR7632867	130.33178229492495
CERS4	SRR7632868	52.30840066777134
CERS4	SRR7632869	149.5684043490728
CERS4	SRR7632870	103.39585703012123
CERS4	SRR7632871	83.0288293436384
CERS4	SRR7632872	55.74330077281072
CERS4	SRR7632873	76.31752876251046
CERS4	SRR7632874	93.24724908965516
CERS4	SRR7632875	126.20808169216033
CERS4	SRR7632876	69.9761979071052
CERS4	SRR7632877	60.38583182485644
CERS4	SRR7632878	106.30023341925437
CERS4	SRR7632879	143.32420446361567
CERS4	SRR7632880	148.56332404133087
CERS4	SRR7632881	104.42541025809797
CERS4	SRR7632882	102.398215098824
CERS4	SRR7632883	117.59753932577568
CERS4	SRR7632884	49.62407062607561
CERS4	SRR7632885	209.04363783304407
CERS4	SRR7632886	81.55438383181819
CERS4	SRR7632887	124.24616251959407
CERS4	SRR7632888	39.4486348303753
CERS4	SRR7632889	58.95089134038263
CERS4	SRR7632890	33.064367552641905
CERS4	SRR7632891	31.41674912015279
CERS4	SRR7632892	110.64118953883774
CERS4	SRR7632893	62.293982756457986
CERS4	SRR7632894	38.750251392076386
CERS4	SRR7632895	83.96539053367543
CERS4	SRR7632896	100.23370282238147
CERS4	SRR7632897	133.5438944518373
CERS4	SRR7632898	97.36346761257683
CERS4	SRR7632899	75.52051001246465
CERS4	SRR7632900	90.60246758159073
CERS4	SRR7632901	61.388219235522044
CERS4	SRR7632902	74.11327194789062
CERS4	SRR7632903	183.81083457361217
CERS4	SRR7632904	50.52669154020245
CERS4	SRR7632905	39.35443768249848
CERS4	SRR7632906	77.25223879389922
CERS4	SRR7632907	123.3300286376873
CERS4	SRR7632908	224.90440198177353
CERS4	SRR7632909	147.50795612539437
CERS4	SRR7632910	57.097933505345004
CERS4	SRR7632911	138.77852423806067
CERS4	SRR7632912	131.01988428707958
CERS4	SRR7632913	64.5906358765793
CERS4	SRR7632914	68.06542783592654
CERS4	SRR7632915	55.38320413994022
CERS4	SRR7632916	105.05627349155432
CERS4	SRR7632917	32.628979362926586
CERS4	SRR7632918	42.06219413047793
CERS4	SRR7632919	85.74087924241343
CERS4	SRR7632920	81.9403960332804
CERS4	SRR7632921	96.1574857379344
CERS4	SRR7632922	139.20103523083702
CERS4	SRR7632923	46.48060730128753
CERS4	SRR7632924	57.65502938249807
CERS4	SRR7632925	169.75976867200848
CERS4	SRR7632926	84.53598945821915
CERS4	SRR7632927	93.89719707332344
CERS4	SRR7632928	192.63868026009146
CERS4	SRR7632929	80.1481606421142
CERS4	SRR7632930	231.2079297129418
CERS4	SRR7632931	135.09720514441338
CERS4	SRR7632932	129.24502133852002
CERS4	SRR7632933	84.76632073925883
CERS4	SRR7632934	309.3609075286848
CERS4	SRR7632935	112.12251802700428
CERS4	SRR7632936	79.64782894414007
CERS4	SRR7632937	91.30030455469247
CERS4	SRR7632938	112.94358321323335
CERS4	SRR7632939	62.718805948969596
CERS4	SRR7632940	181.1748355031561
CERS4	SRR7632941	83.76905905410126
CERS4	SRR7632942	126.37694848976425
CERS4	SRR7632943	374
CERS4	SRR7632944	34.62652297647157
CERS4	SRR7632945	329
CERS4	SRR8928966	88.77854570177088
CERS4	SRR8928967	18.306508139323366
CERS4	SRR8928968	101.83952278934599
CERS4	SRR8928969	200.6521433405639
CERS4	SRR8928970	370.5231653601282
CERS4	SRR8928971	202.5455737020642
CERS4	SRR8928972	23.178298581835183
CERS4	SRR8928973	201.19312698614806
CERS4	SRR8928974	1.084964542884935
CERS4	SRR8928975	193.85420011780832
CERS4	SRR8928976	75.01115412715585
CERS4	SRR8928977	39.75915113825917
CERS4	SRR8928978	92.69405107233072
CERS4	SRR8928979	71.35300996186412
CERS4	SRR8928980	297.6018280997008
CERS4	SRR8928981	166.93392392008383
CERS4	SRR8928982	130.47395611053037
CERS4	SRR8928983	386.7359180903352
CERS4	SRR8928984	112.62416654859341
CERS4	SRR8928985	81.34374011758551
CERS4	SRR8928986	79.71202970328204
CERS4	SRR8928987	167
CERS4	SRR8928988	381
CERS4	SRR8928989	184.13928300166728
CERS4	SRR8928990	77.81367556401392
CERS4	SRR8928991	38.674191329828616
CERS4	SRR9835604	68.96959147488046
CERS4	SRR9835605	136.75188471490975
CERS4	SRR9835606	167.35519735250023
CERS4	SRR9835607	267.3771063713103
CERS4	SRR9835608	51.74194859971627
CERS4	SRR9835609	234
CERS4	SRR9835610	352.61659626654966
CERS4	SRR9835611	411.44398339009194
CERS4	SRR9835612	297.7896019314794
CERS4	SRR9835613	95.56119936747416
CERS4	SRR9835614	157.54181203332573
CERS4	SRR9835615	142.35975908410924
CERS4	SRR9835616	73.53957129745491
CERS4	SRR9835617	49.10340969959781
CERS4	SRR9835618	65.34607643441238
CERS4	SRR9835619	327
CERS4	SRR9835620	245.14424412207734
CERS4	SRR9835621	369.3914443663725
CERS4	SRR9835622	153.41822206231456
CERS4	SRR9835623	143.02573441469914
CERS4	SRR9835624	115.47638577537361
CERS4	SRR9835625	336.0309991740887
CERS4	SRR9835626	209.56303839099883
CERS4	SRR9835627	178.3635881072601
CERS4	SRR9835628	117.8359314640094
CERS4	SRR9835629	83.64167561185533
CERS4	SRR9835630	121.36661754762949
CERS4	SRR9835631	54.01609116693603
CERS4	SRR9835632	136.30942321699166
CERS4	SRR9835633	204.4991925973804
CERS4	SRR9835634	480.96283848153774
CERS4	SRR9835635	96.9381235724521
CERS4	SRR9835636	102.2020979601211
CERS4	SRR9835637	297.31117004291434
CERS4	SRR9835638	70.66888054660559
CERS4	SRR9835639	242.47034656896892
CERS4	SRR9835640	160.61611178021246
CERS4	SRR9835641	172.65357653537424
CERS4	SRR9835642	225.28674200386322
CERS4	SRR9835643	102.3893015570874
CERS4	SRR9835644	327.0521480477558
CERS4	SRR9835645	58.6610149671477
CERS4	SRR9835646	125.13941849930482
CERS4	SRR9835647	176.42298420370565
CERS4	SRR9835648	118.42362730927535
CERS4	SRR9835649	202.27134177302378
CERS4	SRR9835650	170.64498124974207
CERS4	SRR9835651	166.11952632572311
CERS4	SRR9835652	91.39677881276413
CERS4	SRR9835653	283.78225125044145
CERS4	SRR9835654	83.8338237166554
CERS4	SRR9835655	136.69346858367396
CERS4	SRR9835656	113.29888803841872
CERS4	SRR9835657	296.3291444356455
CERS4	SRR9835658	266.5351895301147
CERS4	SRR9835659	104.61128783670496
CERS4	SRR9835660	114.8477172787298
CERS4	SRR9835661	126.50541216271479
CERS4	SRR9835662	75.89373839838298
CERS4	SRR9835663	208.05927199589752
CERS4	SRR9835664	165.28483157178502
CERS4	SRR9835665	289.1728266863601
CERS4	SRR9835666	517
CERS4	SRR9835667	110.90383272869528
CERS4	SRR9835668	393
CERS4	SRR9835669	268.92289459405555
CERS4	SRR9835670	167.24092981706843
CERS4	SRR9835671	255.3558095103691
CERS4	SRR9835672	229.3953116965986
CERS4	SRR9835673	192.23942153552778
CERS4	SRR9835674	322.1498132796905
CERS4	SRR9835675	85.45256149115465
CERS4	SRR9835676	55.52932523100769
CERS4	SRR9835677	233.61230872136622
CERS4	SRR9835678	323.8980679071742
CERS4	SRR9835679	466.79757048160997
CERS4	SRR9835680	75.78750075795918
CERS4	SRR9835681	163.48975310492983
CERS4	SRR9835682	78.45496650130399
CERS4	SRR9835683	150.93437609654487
CERS4	SRR9835684	145.5453952806871
CERS4	SRR9835685	121.60582750142744
CERS4	SRR9835686	108.41631920463735
CERS4	SRR9835687	321.48211845428455
CERS4	SRR9835688	180
CERS4	SRR9835689	300.1609772779678
CERS4	SRR9835690	221.442203284699
CERS4	SRR9835691	117.02182375325128
CERS4	SRR9835692	83.46575894737153
CERS4	SRR9835693	180.71707430559292
CERS4	SRR9835694	160.61528612786316
CERS4	SRR9835695	223.12996413242558
CERS4	SRR9835696	166.5908535030809
CERS4	SRR9835697	148.7425884581275
CERS4	SRR9835698	251.2336141664191
CERS4	SRR9835699	178.2806414997806
CERS4	SRR9835700	265.5809631401495
CERS4	SRR9835701	118.32940488631728
CERS4	SRR9835702	134
CERS4	SRR9835703	220.2339653910441
CERS4	SRR9835704	91.4143551777783
CERS4	SRR9835705	100.39498099915637
CERS4	SRR9835706	30.2019924122087
CERS4	SRR9835707	260.2808654049243
CERS4	SRR9835708	210.21115286901173
CERS4	SRR9835709	260.0935881101596
CERS4	SRR9835710	69.98346201332855
CERS4	SRR9835711	282.1015071040962
CERS4	SRR9835712	122.30568390282454
CERS4	SRR9835713	217.4137156103698
CERS4	SRR9835714	155.23963198188315
CERS4	SRR9835715	264.3087166979958
CERS4	SRR9835716	143.42061485592575
CERS4	SRR9835717	160.54796824712534
CERS4	SRR9835718	111.6949923952177
CERS4	SRR9835719	141.19578177971306
CERS4	SRR9835720	112.69684329525502
CERS4	SRR9835721	153.22694041671411
CERS4	SRR9835722	51.138773565044616
CERS4	SRR9835723	366
CERS4	SRR9835724	206.41573772103774
CERS4	SRR9835725	53.424571212659096
CERS4	SRR9835726	200.14400762135313
CERS4	SRR9835727	117.79190298219214
CERS4	SRR9835728	122.78972916865091
CERS4	SRR9835729	105.3392217534413
CERS4	SRR9835730	224.85804484593697
CERS4	SRR9835731	78.82581330771302
CERS4	SRR9835732	86.404493481123
CERS4	SRR9835733	96.42858702264955
CERS4	SRR9835734	161.41104219937063
CERS4	SRR9835735	249.4484658041269
CERS4	SRR9835736	183.16734097272465
CERS4	SRR9835737	165.34432655264985
CERS4	SRR9835738	232.4139536333587
CERS4	SRR9835739	103.73349980830884
CERS4	SRR9835740	175.08688160010308
CERS4	SRR9835741	105.55405038116736
CERS4	SRR9835742	67.23328930496999
CERS4	SRR9835743	111.69489319999236
CERS4	SRR9835744	126.73273881749145
CERS4	SRR9835745	175.84017792156698
CERS4	SRR9835746	191.04009842425074
CERS4	SRR9835747	216.12787544651553
CERS4	SRR9835748	86.55590817018425
CERS4	SRR9835749	364
CERS4	SRR9835750	130.07046386078252
CERS4	SRR9835751	204.6337485153461
CERS4	SRR9835752	44.73954402694195
CERS4	SRR9835753	106.10129104391038
CERS4	SRR9835754	254.34691473737237
CERS4	SRR9835755	119.70119921766774
CERS4	SRR9835756	21.97453297872816
CERS4	SRR9835757	155.61958610781787
CERS4	SRR9835758	71.40686422741786
CERS4	SRR9835759	115.74851616802938
CERS4	SRR9835760	274
CERS4	SRR9835761	144.0259143756411
CERS4	SRR9835762	94.80399126747464
CERS4	SRR9835763	97.28116190465124
CERS4	SRR9835764	563.4573662943701
CERS4	SRR9835765	151.12089981802234
CERS4	SRR9835766	92.3207034805016
CERS4	SRR9835767	71.55070925470235
CERS4	SRR9835768	150
CERS4	SRR9835769	248
CERS4	SRR9835770	79.55198259481666
CERS4	SRR9835771	122.66041459534134
CERS4	SRR9835772	84.03812947505664
CERS4	SRR9835773	195
CERS4	SRR9835774	47.61554487141701
CERS4	SRR9835775	120.60401527029995
CERS4	SRR9835776	155.49124668443608
CERS4	SRR9835777	147.3597873545521
CERS4	SRR9835778	141.58477009508763
CERS4	SRR9835779	87.60883571945837
CERS4	SRR9835780	130.20098166222456
CERS4	SRR9835781	151.73309777701004
CERS4	SRR9835782	73.36202680766422
CERS4	SRR9835783	380
CERS4	SRR9835784	183.73907658989665
CERS4	SRR9835785	44.887542981389785
CERS4	SRR9835786	99.95293124846752
CERS4	SRR9835787	115.3229623538067
CERS4	SRR9835788	180.29725956022907
CERS4	SRR9835789	242
CERS4	SRR9835790	128.907166902092
CERS4	SRR9835791	76.00733417239658
CERS4	SRR9835792	740.6362770357592
CERS4	SRR9835793	212.42004674064384
CERS4	SRR9835794	234.04211086041678
CERS4	SRR9835795	51.782226764773775
CERS4	SRR9835796	250.41401341258052
CERS4	SRR9835797	222
CERS4	SRR9835798	269.41587743952624
CERS4	SRR9835799	237.4656018921053
CERS4	SRR9835800	117.13317467508325
CERS4	SRR9835801	96.48026208335159
CERS4	SRR9835802	218.86472552711848
CERS4	SRR9867812	7
CERS4	SRR9867813	6.736205222605772
CERS4	SRR9867814	52.85764739430633
CERS4	SRR9867815	4
CERS4	SRR9867816	7.003779859926543
CERS4	SRR9867817	49.79933238289335
CERS4	SRR9867818	9.002567217216816
CERS4	SRR9867819	41.688765593431754
CERS4	SRR9867820	9.021078180147258
CERS4	SRR9867821	5
CERS4	SRR9867822	19.249531688527462
CERS4	SRR9867823	18.003239296955137
CERS4	SRR9867824	2.8994982118166592
CERS4	SRR9867825	4.909891890435406
CERS4	SRR9867826	56.09301672572432
CERS4	SRR9867827	10
CERS4	SRR9867828	21.31418733244776
CERS4	SRR9867829	3.036391254893446
CERS4	SRR9867830	7.014083935003018
CERS4	SRR9867831	7.574226565768094
CERS4	SRR9879292	1482.714331764192
CERS4	SRR9879293	453.8337854019836
CERS4	SRR9879294	322.4772392630477
CERS4	SRR9879295	343.8008069669931
CERS4	SRR9879296	494.10793936647406
CERS4	SRR9879297	362.7236457510546
CERS4	SRR9879298	419.7611789352083
CERS4	SRR9879299	722.3596656285551
CERS4	SRR9879300	391.95565356912283
CERS4	SRR9879301	789.9012732490869
CERS4	SRR9879302	445.0104284564377
CERS4	SRR9879303	567.1299306545078
CERS4	SRR9879304	341.76678473227093
CERS4	SRR9879305	619.817525097784
CERS4	SRR9879306	1069
CERS4	SRR9879307	1190.9262511628822
CERS4	SRR9879308	525.2947906681871
CERS4	SRR9879309	571.4827478311466
CERS4	T50_307	133.82900208845714
CERS4	T50_313	39.668221987146005
CERS4	T50_317	65.14638094468665
CERS4	T50_324	182.18637411644193
CERS4	T50_427	78.33698509494441
CERS4	T50_428	146.13679258101283
CERS4	T50_431	46.28450050099935
CERS4	T50_436	178.54262923225164
CERS4	T50_476	176.46137220644746
CERS4	UN_307	109.43746103563291
CERS4	UN_313	59.85732980284777
CERS4	UN_317	78.65183637085833
CERS4	UN_324	125.72913509816215
CERS4	UN_427	106.96096734971003
CERS4	UN_428	132.41385507313308
CERS4	UN_431	55.58852011902535
CERS4	UN_436	244.0788433197572
CERS4	UN_476	157.59693262468159
