Gene	sample	counts
CHI3L1	CM317	628.7671284986471
CHI3L1	CMCD140	749.8989065732671
CHI3L1	CMCD147	651.2885524927229
CHI3L1	CMCD152	764
CHI3L1	CMCD154	620.9672997256883
CHI3L1	CMCD159	686.3879808531271
CHI3L1	CMCD161	651.991433903411
CHI3L1	CMCD174	648.6627956002366
CHI3L1	CMCD196	613.395074784617
CHI3L1	CMCD198	701.0472817732413
CHI3L1	CMCD203	756.3970403077672
CHI3L1	CMCD211	31222.23392477258
CHI3L1	CMCD227	15298.699281893665
CHI3L1	CMCD240	662.7803632696769
CHI3L1	CMCD259	1153
CHI3L1	CMCD270	1528.8648773102657
CHI3L1	CMCD275	643.3776606340787
CHI3L1	CMCD282	1110.9409952448962
CHI3L1	CMCD286	3732.8714979009455
CHI3L1	CMCD287	1063
CHI3L1	CMCD294	760.8307117941916
CHI3L1	CMCD327	18810.107747400558
CHI3L1	CMCD335	5971.667522884965
CHI3L1	CMCD337	942.2110796667449
CHI3L1	CMCD357	1660.1381206340259
CHI3L1	CMCD398	602.4775524082747
CHI3L1	CMCD403	2020.3067052646081
CHI3L1	CMCD422	1283.6732261451177
CHI3L1	CMCD426	661.5576324525287
CHI3L1	CMCD71	660.1496296073203
CHI3L1	CMCD72	1086.8385387933586
CHI3L1	CMCD76	1788.0446207209113
CHI3L1	CMCD88	11206.01628239363
CHI3L1	CMSA256	700
CHI3L1	CMSA316	1018.0947151759209
CHI3L1	CMUC110	870
CHI3L1	CMUC192	2053.662845460794
CHI3L1	CMUC199	981.4358084095377
CHI3L1	CMUC200	11278.199818712475
CHI3L1	CMUC208	793.9352002567729
CHI3L1	CMUC231	672
CHI3L1	CMUC234	5920
CHI3L1	CMUC285	5935.032897814623
CHI3L1	CMUC291	3753.4644486046764
CHI3L1	CMUC295	617.5553793631389
CHI3L1	CMUC299	12865.379899076415
CHI3L1	CMUC301	8980.846860385807
CHI3L1	CMUC307	10572.025506408381
CHI3L1	CMUC313	632.6969475686291
CHI3L1	CMUC314	802.5188390617775
CHI3L1	CMUC323	986.4073331927053
CHI3L1	CMUC324	1785.6058294713773
CHI3L1	CMUC331	635.6571976537896
CHI3L1	CMUC333	621.7927864326833
CHI3L1	CMUC334	1570.8543285286653
CHI3L1	CMUC346	816.6569445299958
CHI3L1	CMUC352	1636.685357333196
CHI3L1	CMUC360	646.814222858977
CHI3L1	CMUC363	1265.5123252025812
CHI3L1	CMUC365	1006.5437279509373
CHI3L1	CMUC366	1411.6078314966087
CHI3L1	CMUC368	1044
CHI3L1	CMUC377	1857.5086510235658
CHI3L1	CMUC379	635.6051253735933
CHI3L1	CMUC380	5721.438816260931
CHI3L1	CMUC383	1280.4092584223488
CHI3L1	CMUC394	711.1293288643377
CHI3L1	CMUC419	759.9720205762179
CHI3L1	CMUC427	5747
CHI3L1	CMUC428	1494.2705400947248
CHI3L1	CMUC431	5274.643901228058
CHI3L1	CMUC435	1356.598071882338
CHI3L1	CMUC439	646.0561179958928
CHI3L1	CMUC89	8748
CHI3L1	CS219	715.747538579253
CHI3L1	CS256	616.3943059099555
CHI3L1	CS257	653.9879915269037
CHI3L1	CS259	1205.8411959006085
CHI3L1	CS261	633.078133425543
CHI3L1	CS266	616.5266490492307
CHI3L1	CS270	609.5727757150906
CHI3L1	CS277	603.8528605569892
CHI3L1	CS288	703.2158302009616
CHI3L1	CS290	931.3322715564188
CHI3L1	CS292	626.4058159205196
CHI3L1	CS293	610.6090210939234
CHI3L1	CS301	670.677968346488
CHI3L1	CS306	624.2666531154642
CHI3L1	CS308	672.6633314198014
CHI3L1	CS315	623.1362485646218
CHI3L1	CS317	637.1849421058288
CHI3L1	CS322	677.8092516206964
CHI3L1	CS327	874.0763132840824
CHI3L1	CS328	637.1997817760733
CHI3L1	CS330	639.6745544051598
CHI3L1	CS331	609.9881531298934
CHI3L1	CS335	317.35095755450936
CHI3L1	CS338	921.3580745708097
CHI3L1	CS339	693.8694132388614
CHI3L1	CS343	1221.6127653540525
CHI3L1	CS344	638.6216427096801
CHI3L1	CS350	608.9985890402947
CHI3L1	CS351	686.5957244116125
CHI3L1	CS361	632.3093929447052
CHI3L1	CS388	855.4388484679241
CHI3L1	CS396	614.4382467057083
CHI3L1	CS405	615.3829469563082
CHI3L1	CS415	645.6961635954377
CHI3L1	CS424	620.1158029504821
CHI3L1	IM293	3309.370798617171
CHI3L1	IM296	645.0647533353077
CHI3L1	IM297	606.3466713639265
CHI3L1	IM300	673
CHI3L1	IM305	587.7521448935613
CHI3L1	IM309	630.4589483508117
CHI3L1	IM310	630.3207045653984
CHI3L1	IM311	1509.3820465387591
CHI3L1	IM316	580.9098417789941
CHI3L1	IM320	866.6543030679354
CHI3L1	IM330	597.9902515203266
CHI3L1	IM332	579.3779020531929
CHI3L1	IM340	583.68770019008
CHI3L1	IM348	589.8663229291569
CHI3L1	IM354	578.0937431813984
CHI3L1	IM356	564.4612256376527
CHI3L1	IM364	613.1383641556614
CHI3L1	IM372	551.1777026412071
CHI3L1	IM374	730.0795754706152
CHI3L1	IM376	567.8845393678627
CHI3L1	IM381	742.0242651190837
CHI3L1	IM382	1343.0908423073843
CHI3L1	IM385	921
CHI3L1	IM390	846.5471205795254
CHI3L1	IM397	562.1860584732375
CHI3L1	IM404	725.0724519784221
CHI3L1	IM409	874.9201745859816
CHI3L1	IM412	917
CHI3L1	IM421	683.4703487541163
CHI3L1	IM425	582.8098724699032
CHI3L1	IM432	871.9954452795181
CHI3L1	IM438	796
CHI3L1	IM442	606.8379543103058
CHI3L1	IM445	1654.4662945949224
CHI3L1	IM448	679.5034592479799
CHI3L1	IM449	942.7818110627725
CHI3L1	IM451	816.1514574914646
CHI3L1	IMSA256	612.4738502699037
CHI3L1	IMSA276	23265
CHI3L1	IMSA286	7844
CHI3L1	IMSA343	598.3282384769361
CHI3L1	IS_238	558
CHI3L1	IS238	602.6547830382398
CHI3L1	IS243	557
CHI3L1	IS253	592
CHI3L1	IS283	678
CHI3L1	IS322	592.0435274630612
CHI3L1	IS399	557.8448008533492
CHI3L1	IS418	604.3180024014299
CHI3L1	IS430	599.3570484914271
CHI3L1	IS437	597.8536837396916
CHI3L1	IS444	574.3215179409673
CHI3L1	R276CMSA	2600.150069515391
CHI3L1	R286CMSA	3093
CHI3L1	R292CMSA	772.1892780363289
CHI3L1	R292IMSA	643.1206359580145
CHI3L1	R308CMSA	642.4371146260946
CHI3L1	R316IMSA	587.0902728725769
CHI3L1	R347CMSA	658.3050715677134
CHI3L1	R347IMSA	721.2325416791537
CHI3L1	R371CMSA	705.7982973677567
CHI3L1	SRR10104064	1081.7152390700464
CHI3L1	SRR10104065	1365.954149286675
CHI3L1	SRR10104066	993.2710178748292
CHI3L1	SRR10104067	2846.1449814892135
CHI3L1	SRR10104068	11560.574974295556
CHI3L1	SRR10104069	1082.2592787747021
CHI3L1	SRR10104070	1214.6807898279483
CHI3L1	SRR10104071	1131.5901585809286
CHI3L1	SRR10104072	1072.027259564907
CHI3L1	SRR10104073	1160.6106374677229
CHI3L1	SRR10104074	1187.8714196350866
CHI3L1	SRR10104075	1169.4262306498435
CHI3L1	SRR10104076	1001.9633893652222
CHI3L1	SRR10104077	1087.56844432627
CHI3L1	SRR10104078	1028.930109327045
CHI3L1	SRR10104079	1091.6861500023956
CHI3L1	SRR10104080	1093.4802079849694
CHI3L1	SRR10104081	1128.6027645999975
CHI3L1	SRR10104082	1099.567463463018
CHI3L1	SRR10104083	1137.6227577660122
CHI3L1	SRR10104084	1435.1860123210995
CHI3L1	SRR10104085	1304.3493094034911
CHI3L1	SRR10104086	1363.9881812137955
CHI3L1	SRR10104087	2736.729621655042
CHI3L1	SRR10104088	983.8856543112147
CHI3L1	SRR10104089	1183.539674212581
CHI3L1	SRR10104090	1028.3561347903606
CHI3L1	SRR10104091	1215.0726644243312
CHI3L1	SRR10104092	1097.8035319381645
CHI3L1	SRR10104093	13714.78676766726
CHI3L1	SRR10104094	15212.53827520211
CHI3L1	SRR10104095	1056.1697285613113
CHI3L1	SRR10104096	2136.765142673081
CHI3L1	SRR10104097	1210.894736694829
CHI3L1	SRR10104098	1004.0177335321509
CHI3L1	SRR10104099	1077.8539423428535
CHI3L1	SRR10104100	1016.7153335468585
CHI3L1	SRR10104101	1034.7378671410902
CHI3L1	SRR10104102	1629.583673761178
CHI3L1	SRR10104103	1054.1853353347676
CHI3L1	SRR10104104	2909.4006460847413
CHI3L1	SRR10104105	1112.1794093030555
CHI3L1	SRR10104106	1241.2405449897149
CHI3L1	SRR10104107	4689.478694497768
CHI3L1	SRR10104108	1188.0915148245492
CHI3L1	SRR10104109	1120.6332927687165
CHI3L1	SRR10104110	1192.2364079502454
CHI3L1	SRR10104111	1077.1167599522878
CHI3L1	SRR10104112	1318.3360903076687
CHI3L1	SRR10104113	1023.4093356935332
CHI3L1	SRR10104114	1191.571016418914
CHI3L1	SRR10104115	1146.510447986938
CHI3L1	SRR10104116	1077.0848559705425
CHI3L1	SRR10104117	1040.9263320945638
CHI3L1	SRR10104118	1176.5100834232699
CHI3L1	SRR10104119	1160.0733550773255
CHI3L1	SRR10104120	1098.9654867625914
CHI3L1	SRR10104121	1054.7303485933624
CHI3L1	SRR10104122	1062.261436871017
CHI3L1	SRR10104123	1054.996877385625
CHI3L1	SRR10104124	1225.8222288461084
CHI3L1	SRR10104125	1268.0788952165888
CHI3L1	SRR10104126	1539.4324368979758
CHI3L1	SRR10104127	1171.6081844626478
CHI3L1	SRR10104128	1003.0572808846005
CHI3L1	SRR10104129	1098.1364691960136
CHI3L1	SRR10104130	1015.1182453874253
CHI3L1	SRR10104131	1166.0623905616235
CHI3L1	SRR10104132	1050.523614933746
CHI3L1	SRR10104133	1166.0959642769594
CHI3L1	SRR10104134	1004.3542458597391
CHI3L1	SRR10104135	1328.6729389466227
CHI3L1	SRR10104136	1044.451717984097
CHI3L1	SRR10104137	1094.4474952483665
CHI3L1	SRR10104138	1181.1554487697767
CHI3L1	SRR10104139	1110.4696663339007
CHI3L1	SRR10104140	1160.5832021698297
CHI3L1	SRR10104141	1105.0757127999216
CHI3L1	SRR10104142	1124.912154427616
CHI3L1	SRR10104143	1451.7768964414556
CHI3L1	SRR10104144	1714.2146473921648
CHI3L1	SRR10104145	1093.1508131136854
CHI3L1	SRR10104146	1025.775576590849
CHI3L1	SRR10104147	1565.671899452524
CHI3L1	SRR10104148	3170.7173545599026
CHI3L1	SRR10104149	1106.409454435504
CHI3L1	SRR10104150	999.48755044233
CHI3L1	SRR10104151	1244.4551359690536
CHI3L1	SRR10104152	1117.2456809786877
CHI3L1	SRR10104153	1074.381505779279
CHI3L1	SRR10104154	1074.8381471101193
CHI3L1	SRR10104155	1090.0503411424575
CHI3L1	SRR10104156	2780.2386241536506
CHI3L1	SRR10104157	1065.6981566654092
CHI3L1	SRR10104158	995.002655643044
CHI3L1	SRR10104159	1097.658906195997
CHI3L1	SRR10104160	1096.5291181391647
CHI3L1	SRR10104161	1017.7538719814156
CHI3L1	SRR10104162	994.8295445237574
CHI3L1	SRR10104163	2739.0327400754
CHI3L1	SRR10104164	2110.643675653927
CHI3L1	SRR10104165	1679.9255402226697
CHI3L1	SRR10104166	1028.2573074252514
CHI3L1	SRR10104167	1010.3109632441202
CHI3L1	SRR10104168	1326.9187100864767
CHI3L1	SRR10104169	1447.8835860174518
CHI3L1	SRR10104170	1032.1222777035541
CHI3L1	SRR10104171	1124.3272350312802
CHI3L1	SRR10104172	1078.2986991681782
CHI3L1	SRR10104173	1033.8789582318961
CHI3L1	SRR10104174	1035.8984751722044
CHI3L1	SRR10104175	2327.159260393045
CHI3L1	SRR10104176	1024.536154470733
CHI3L1	SRR10104177	1041.7354214925101
CHI3L1	SRR10104178	1025.9537598129334
CHI3L1	SRR10104179	1631.6352081936582
CHI3L1	SRR10104180	1962.1443525352845
CHI3L1	SRR10104181	1239.3072027396504
CHI3L1	SRR10104182	1009.2560262396778
CHI3L1	SRR10104183	1092.6970006976169
CHI3L1	SRR10104184	5470.962182206579
CHI3L1	SRR10104185	1546.4845693975356
CHI3L1	SRR10104186	2053.4951777532187
CHI3L1	SRR10104187	1123.293455597203
CHI3L1	SRR10104188	1157.144366088161
CHI3L1	SRR10104189	1046.841584712239
CHI3L1	SRR10104190	1147.985629178937
CHI3L1	SRR10104191	2884.8054603006162
CHI3L1	SRR10104192	1028.1050720394403
CHI3L1	SRR10104193	1027.3642902922602
CHI3L1	SRR10104194	1030.3653460272528
CHI3L1	SRR10104195	1015.8273155112742
CHI3L1	SRR10104196	1070.8272543944856
CHI3L1	SRR10104197	1311.7078338763552
CHI3L1	SRR10104198	1112.0169816975658
CHI3L1	SRR10104199	1336.6173404990363
CHI3L1	SRR10104200	5603.269074164032
CHI3L1	SRR10104201	1028.2558076958155
CHI3L1	SRR10104202	1140.7874763660197
CHI3L1	SRR10104203	7887.597171415069
CHI3L1	SRR10104204	1005.5623057429611
CHI3L1	SRR10104205	3560.1409610088463
CHI3L1	SRR10104206	1045.2263385774988
CHI3L1	SRR10104207	1034.7874538370274
CHI3L1	SRR10104208	5159.41004279059
CHI3L1	SRR10104209	1081.4831342675936
CHI3L1	SRR10104210	1098.1462790835633
CHI3L1	SRR10104211	1118.6018273547438
CHI3L1	SRR10104212	2081.3150607064144
CHI3L1	SRR10104213	1684.7441118632514
CHI3L1	SRR10104214	1737.5668786809072
CHI3L1	SRR10104215	1428.1389388872328
CHI3L1	SRR10104216	14092.725946704482
CHI3L1	SRR10104217	1840.7453792644505
CHI3L1	SRR10104218	1037.0451357508487
CHI3L1	SRR10104219	1065.476518289815
CHI3L1	SRR10104220	1065.1353099656167
CHI3L1	SRR10104221	1163.3429055248407
CHI3L1	SRR10104222	2745.8762493568843
CHI3L1	SRR10104223	1147.2169076032892
CHI3L1	SRR10104224	2263.0249305607085
CHI3L1	SRR10104225	1993.7281048654643
CHI3L1	SRR10104226	1211.344989180667
CHI3L1	SRR10104227	1562.9607472799946
CHI3L1	SRR10104228	1335.9809951613163
CHI3L1	SRR10104229	1508.0419451378427
CHI3L1	SRR10104230	1118.7838580960445
CHI3L1	SRR10104231	2374.9207252825995
CHI3L1	SRR10104232	1105.3428657782738
CHI3L1	SRR10104233	1440.517170426033
CHI3L1	SRR10104234	1039.7325973006416
CHI3L1	SRR10104235	1045.6906880680056
CHI3L1	SRR10104236	1287.8768505673472
CHI3L1	SRR10104237	1048.027235320407
CHI3L1	SRR10104238	1131.3107025257627
CHI3L1	SRR10104239	1295.6988360426274
CHI3L1	SRR10104240	1309.3774511445197
CHI3L1	SRR10104241	1384.3196621707987
CHI3L1	SRR10104242	1051.0794922189789
CHI3L1	SRR10104243	1040.6241847423403
CHI3L1	SRR10104244	1041.5905747394504
CHI3L1	SRR10104245	1028.2904520533846
CHI3L1	SRR10104246	1456.3388726062583
CHI3L1	SRR10104247	1159.958827496864
CHI3L1	SRR10104248	1061.1967411732119
CHI3L1	SRR10104249	1338.4177087322255
CHI3L1	SRR10104250	2213.786011538373
CHI3L1	SRR10104251	1034.0454908776564
CHI3L1	SRR10104252	1295.3048758401487
CHI3L1	SRR10104253	1263.9017379217137
CHI3L1	SRR10104254	13199.58680285391
CHI3L1	SRR10104255	26167.703256111618
CHI3L1	SRR10104256	14016.099946516775
CHI3L1	SRR10104257	11370.15003858347
CHI3L1	SRR10104258	1174.0728548194024
CHI3L1	SRR10224277	2249.620404613977
CHI3L1	SRR10224278	1871.7325875766685
CHI3L1	SRR10224279	1865.8866944363672
CHI3L1	SRR10224280	1767.3841499911969
CHI3L1	SRR10224281	1795.4668290845714
CHI3L1	SRR10224282	1817.8541855314108
CHI3L1	SRR10224283	1788.4940059345429
CHI3L1	SRR10224284	1900.0610979183875
CHI3L1	SRR10224285	1932.205947620699
CHI3L1	SRR10224286	1756.5486190060399
CHI3L1	SRR10224287	1770.9052421174797
CHI3L1	SRR10224288	1877.9117492063986
CHI3L1	SRR10224289	1873.1735827696043
CHI3L1	SRR10224290	1876.6414731456737
CHI3L1	SRR10224291	1766.4650425326477
CHI3L1	SRR10224292	1740.3960877164122
CHI3L1	SRR10224293	1765.4507929895049
CHI3L1	SRR10224294	1812.362211396463
CHI3L1	SRR10224295	1860.452230694058
CHI3L1	SRR10224296	1806.7404202372884
CHI3L1	SRR10224297	1931.374647686081
CHI3L1	SRR10224298	1769.9099746723048
CHI3L1	SRR10318388	1097.9960504277635
CHI3L1	SRR10318389	1169.474772232874
CHI3L1	SRR10318390	1073.0403440720959
CHI3L1	SRR10318391	1163.6294137875457
CHI3L1	SRR10318392	1167.9613362919195
CHI3L1	SRR10318393	1139.1903063819514
CHI3L1	SRR10318394	1097.2717022206407
CHI3L1	SRR10318395	1064.6819206857788
CHI3L1	SRR10318396	1097.6567780885543
CHI3L1	SRR10318397	1096.3432545451537
CHI3L1	SRR10318398	1471.020759064286
CHI3L1	SRR10318399	1204.473240334914
CHI3L1	SRR10318400	1104.075902286792
CHI3L1	SRR10318401	2143.7010891531063
CHI3L1	SRR10318402	2109.8425109839905
CHI3L1	SRR10318403	1413.7665080353281
CHI3L1	SRR10318404	1181.0352510493003
CHI3L1	SRR10318405	1149.7566072821046
CHI3L1	SRR10318406	1066.8143468931335
CHI3L1	SRR10318407	1162.2941539373644
CHI3L1	SRR10318408	3482.4253695571824
CHI3L1	SRR10318409	1090.4267956961746
CHI3L1	SRR10318410	2093.4557013323756
CHI3L1	SRR10318411	4416.000930130023
CHI3L1	SRR10318412	1052.0528318623415
CHI3L1	SRR10318413	1228.671618685049
CHI3L1	SRR10318414	1100.4487151877286
CHI3L1	SRR10318415	1239.980970635516
CHI3L1	SRR10318416	1135.129346444062
CHI3L1	SRR10318417	1053.4857842584731
CHI3L1	SRR10318418	2039.6140844201661
CHI3L1	SRR10318419	1351.362122307378
CHI3L1	SRR10318420	1042.8749112533978
CHI3L1	SRR10318421	1187.6069587778015
CHI3L1	SRR10318422	3195.654893190305
CHI3L1	SRR10318423	1107.6271652254218
CHI3L1	SRR10318424	1646.4286577333555
CHI3L1	SRR10318425	1054.79418872726
CHI3L1	SRR10318426	1181.873400694073
CHI3L1	SRR10318427	1195.5516634479982
CHI3L1	SRR10318428	1515.9960740538365
CHI3L1	SRR10318429	1103.378137010259
CHI3L1	SRR10318430	1551.2263757901105
CHI3L1	SRR10318431	6441.001992808213
CHI3L1	SRR10318432	1041.7459932934678
CHI3L1	SRR10318433	1377.0022014683886
CHI3L1	SRR10318434	1360.1316489142669
CHI3L1	SRR10318435	1049.1943650137084
CHI3L1	SRR10318436	21169.709177644345
CHI3L1	SRR10318437	1056.7603602407446
CHI3L1	SRR10318438	46236.20306994093
CHI3L1	SRR10318439	1230.0228520997016
CHI3L1	SRR10318440	1067.53630134475
CHI3L1	SRR10318441	1212.337933941725
CHI3L1	SRR10318442	1122.238647519175
CHI3L1	SRR10318443	1125.557953424471
CHI3L1	SRR10318444	1094.2110429934105
CHI3L1	SRR10318445	1178.0260142756335
CHI3L1	SRR10318446	1119.4040381405935
CHI3L1	SRR10318447	1150.8761231664537
CHI3L1	SRR10318448	1986.6381806982833
CHI3L1	SRR10318449	1105.3017708337743
CHI3L1	SRR10318450	2046.5621588942793
CHI3L1	SRR10318451	2179
CHI3L1	SRR10318452	1203.483009484644
CHI3L1	SRR10318453	1128.92305448411
CHI3L1	SRR10318454	1280.0527332034585
CHI3L1	SRR10318455	1257.521703791088
CHI3L1	SRR10318456	5741.421618353734
CHI3L1	SRR10318457	2198.393498066023
CHI3L1	SRR10318458	3406.6994596863606
CHI3L1	SRR10318459	1200.6898677284541
CHI3L1	SRR10318460	2621.3568731711302
CHI3L1	SRR10318461	1093.8298403221618
CHI3L1	SRR10318462	1099.2798719011453
CHI3L1	SRR10318463	1110.425518211141
CHI3L1	SRR10318464	1105.8088069250884
CHI3L1	SRR10318465	1239.1143592407877
CHI3L1	SRR10318466	1089.1106718084993
CHI3L1	SRR10318467	1093.5063144666926
CHI3L1	SRR10318468	1078.3962453578554
CHI3L1	SRR10318469	2136.4804862806263
CHI3L1	SRR10318470	1351
CHI3L1	SRR10318471	2645
CHI3L1	SRR10318472	1094.7960849071433
CHI3L1	SRR10318473	1093.2196942096843
CHI3L1	SRR10318474	1399.8241459860471
CHI3L1	SRR10318475	1092.3490947439086
CHI3L1	SRR10318476	1648.8737019117534
CHI3L1	SRR10318495	1092.178554449125
CHI3L1	SRR10318496	1311.4470827758787
CHI3L1	SRR10318497	4186.778396785162
CHI3L1	SRR10318498	1057.9514359592185
CHI3L1	SRR10318499	1238.2437909474643
CHI3L1	SRR10318500	11875.669011549518
CHI3L1	SRR10318501	1093.2506982485459
CHI3L1	SRR10318502	24609.281347821892
CHI3L1	SRR10318503	1232.2153130083377
CHI3L1	SRR10318504	1087.1333884770436
CHI3L1	SRR10318505	1049.566439008992
CHI3L1	SRR10318506	1174.8388592012805
CHI3L1	SRR10318507	1153.65065585031
CHI3L1	SRR10318508	1196.9543652352781
CHI3L1	SRR10318509	1664.312460343935
CHI3L1	SRR10318510	1414.12296647473
CHI3L1	SRR10318511	1393.754486408198
CHI3L1	SRR10318512	1113.416918078222
CHI3L1	SRR10318513	1096.6130331107088
CHI3L1	SRR10318514	1094.006854048582
CHI3L1	SRR10318515	1092.8850574953228
CHI3L1	SRR10318516	1082.3757074301072
CHI3L1	SRR10318517	1099.8828440658315
CHI3L1	SRR10318518	1087.746981398624
CHI3L1	SRR10318519	1061.9882210357398
CHI3L1	SRR10318520	1091.1576929271753
CHI3L1	SRR10318521	1082.9051721655724
CHI3L1	SRR10318522	1043.4231699068584
CHI3L1	SRR10318523	1086.4576058640516
CHI3L1	SRR10318524	1054.0276552570215
CHI3L1	SRR10318525	1103.7996523310605
CHI3L1	SRR10318526	1088.044009155446
CHI3L1	SRR10318527	1067.3840712059243
CHI3L1	SRR10318528	1083.741697012178
CHI3L1	SRR10318529	1102.4938804893511
CHI3L1	SRR10318530	1058.0840879592506
CHI3L1	SRR10318531	1089.6314155194239
CHI3L1	SRR10318532	1102.0212916209498
CHI3L1	SRR10318533	1065.141535610759
CHI3L1	SRR10318534	1114.2353838965828
CHI3L1	SRR10318535	1095.7219187174296
CHI3L1	SRR10318536	1068.3150437494712
CHI3L1	SRR10318537	1108.8931290287148
CHI3L1	SRR10318538	1091.996553150728
CHI3L1	SRR10318539	1052.5414361994938
CHI3L1	SRR10318540	1093.929847667382
CHI3L1	SRR10318541	1097.728633268465
CHI3L1	SRR10318542	1064.4839974893775
CHI3L1	SRR10318543	1093.8385151406796
CHI3L1	SRR10318544	1094.7061785041324
CHI3L1	SRR10318545	1055.0276333069824
CHI3L1	SRR10318546	1101.5846541352473
CHI3L1	SRR10318547	1211.7713285594255
CHI3L1	SRR10318548	1086.2319305886522
CHI3L1	SRR10318549	1094.4733965929877
CHI3L1	SRR10318568	1114.5024563187212
CHI3L1	SRR10318569	1092.9013153686867
CHI3L1	SRR10318570	1094.5183503822323
CHI3L1	SRR10318571	1055.8707762948393
CHI3L1	SRR10318572	1083.1215434798494
CHI3L1	SRR10318573	1094.6080394135497
CHI3L1	SRR10318574	1046.5376900637661
CHI3L1	SRR10318575	1087.0822307749427
CHI3L1	SRR10318576	1154.9531420420815
CHI3L1	SRR10318577	1116.2245025326488
CHI3L1	SRR10318578	1099.9892413615717
CHI3L1	SRR10318579	1116.5087613706
CHI3L1	SRR10318580	1252.7086233718617
CHI3L1	SRR10318581	1099
CHI3L1	SRR10875803	2018.1414336455805
CHI3L1	SRR10875804	908.0858842972749
CHI3L1	SRR10875805	877.797354872175
CHI3L1	SRR10875806	1903.2263977795571
CHI3L1	SRR10875807	352.57345025120395
CHI3L1	SRR10875808	2842.2349943925365
CHI3L1	SRR10875809	0.6322609572630693
CHI3L1	SRR10875810	3069.6867896895164
CHI3L1	SRR10875812	552
CHI3L1	SRR10875813	124.68143640748688
CHI3L1	SRR10875814	1784.1032549264023
CHI3L1	SRR10875815	737
CHI3L1	SRR10875816	1
CHI3L1	SRR10875817	0.7672308450228666
CHI3L1	SRR10875818	3458.3064437773364
CHI3L1	SRR10875819	1
CHI3L1	SRR10875820	177.37091826404995
CHI3L1	SRR10875821	0.9476438352519748
CHI3L1	SRR10875822	1859.6779061870277
CHI3L1	SRR10875823	2552
CHI3L1	SRR10875824	1756.6173418240594
CHI3L1	SRR10875825	6258.977000700143
CHI3L1	SRR10875826	637.267440476616
CHI3L1	SRR10875827	3048.197377083963
CHI3L1	SRR10875829	0.7509930762994443
CHI3L1	SRR10875830	1
CHI3L1	SRR10875831	1493.3147632117948
CHI3L1	SRR10875832	6349
CHI3L1	SRR10875834	833.7724569238233
CHI3L1	SRR10875835	2030
CHI3L1	SRR10875836	1236.5854858587604
CHI3L1	SRR10875837	1432.0228548686537
CHI3L1	SRR10875838	1986
CHI3L1	SRR10875839	733.4880437522016
CHI3L1	SRR10875840	0.8122515331036163
CHI3L1	SRR10875841	1936.3623794472708
CHI3L1	SRR10875842	0.6930808109926465
CHI3L1	SRR10875843	0.5512966967726888
CHI3L1	SRR10875844	2501.2187834711917
CHI3L1	SRR10875845	2367.3549204431065
CHI3L1	SRR10875846	0.5338898110226844
CHI3L1	SRR10875847	6009.087205666772
CHI3L1	SRR10875848	4023
CHI3L1	SRR10875849	7732.673921324071
CHI3L1	SRR10875850	205.03689199310017
CHI3L1	SRR10875851	6675.47841888783
CHI3L1	SRR10875852	304.18082640127983
CHI3L1	SRR10875853	758.6595814984647
CHI3L1	SRR10875854	0.8385638626920141
CHI3L1	SRR10875855	1449.7194614494085
CHI3L1	SRR10875856	942.8728954106657
CHI3L1	SRR10875857	0.5786171871917298
CHI3L1	SRR10875858	3838.2024478832777
CHI3L1	SRR10875859	114
CHI3L1	SRR10875860	537.7478960355255
CHI3L1	SRR10875861	2693.740898167885
CHI3L1	SRR10875862	50.43226249403494
CHI3L1	SRR10875863	3950.272141773848
CHI3L1	SRR10875864	2777
CHI3L1	SRR10875865	1781.8394943604244
CHI3L1	SRR10875866	1792.2727147424437
CHI3L1	SRR10875867	267.26532425938694
CHI3L1	SRR10875868	1296.1955424906907
CHI3L1	SRR10875869	1
CHI3L1	SRR10875870	4250.823724430367
CHI3L1	SRR10875871	2107.379177704693
CHI3L1	SRR10875872	1560.2723660597821
CHI3L1	SRR10875873	1855.0815474975798
CHI3L1	SRR10875874	660.4599879462235
CHI3L1	SRR10875875	7684.220101312088
CHI3L1	SRR10875876	1111
CHI3L1	SRR10875877	466.3136479152442
CHI3L1	SRR10875878	1.0079184714668268
CHI3L1	SRR10875879	353
CHI3L1	SRR10875880	1.0039973297278573
CHI3L1	SRR10875881	915.5877671974652
CHI3L1	SRR10875882	1
CHI3L1	SRR10875883	148.95279200188696
CHI3L1	SRR10875884	1115.2712853484936
CHI3L1	SRR10875885	1672.0571075307937
CHI3L1	SRR10875886	1.0075249897799072
CHI3L1	SRR10875887	1188
CHI3L1	SRR10875888	1.0282214633828897
CHI3L1	SRR10875889	1.0022324206205542
CHI3L1	SRR10875890	1824.9922033140083
CHI3L1	SRR10875891	343
CHI3L1	SRR10875892	1718.2264865372088
CHI3L1	SRR10875893	626
CHI3L1	SRR10875894	0.5185059307709611
CHI3L1	SRR10875895	976
CHI3L1	SRR10875896	1.0100794629576413
CHI3L1	SRR10875897	1.002553057138948
CHI3L1	SRR10875898	2852.5323765125017
CHI3L1	SRR10875899	256.2776960731198
CHI3L1	SRR10875900	1.003735535910961
CHI3L1	SRR10875901	1.002192313736413
CHI3L1	SRR10875902	669.0705174925383
CHI3L1	SRR12430469	3323
CHI3L1	SRR12430470	1717.5357898729683
CHI3L1	SRR12430471	1241.6062378158476
CHI3L1	SRR12430472	625.1449012347259
CHI3L1	SRR12430473	729
CHI3L1	SRR12430474	461.64065957648177
CHI3L1	SRR12430475	725.467166166822
CHI3L1	SRR12430476	724
CHI3L1	SRR12765534	102
CHI3L1	SRR12765535	624.6372031476874
CHI3L1	SRR12765536	26.12066873466548
CHI3L1	SRR12765537	479.99708879578947
CHI3L1	SRR12765538	1.0342071735617993
CHI3L1	SRR12765539	1.031033395135802
CHI3L1	SRR12765540	18428.410990316275
CHI3L1	SRR12765541	607.7098439032668
CHI3L1	SRR12765542	379
CHI3L1	SRR12765543	1.0162479978865846
CHI3L1	SRR12765544	1.01152473160965
CHI3L1	SRR12765545	1.009281141666664
CHI3L1	SRR12765546	1.0301733653815839
CHI3L1	SRR12765547	1.0080459370173969
CHI3L1	SRR12765548	1466.374749783827
CHI3L1	SRR12765549	1386.4696218360914
CHI3L1	SRR12765550	620.9175124263379
CHI3L1	SRR12765551	602.0596833269442
CHI3L1	SRR12765552	1.0414272361609767
CHI3L1	SRR12765553	1.0443243125938797
CHI3L1	SRR12765554	1.031834253706366
CHI3L1	SRR12765555	1.0207139403659764
CHI3L1	SRR12765556	1.015364236413795
CHI3L1	SRR12765557	1.0104876136718064
CHI3L1	SRR12765558	1.0514952401037005
CHI3L1	SRR12765559	1.0019065235500912
CHI3L1	SRR12765560	1.0189547489838953
CHI3L1	SRR12765561	1.0028390317466211
CHI3L1	SRR12765562	1.015483444252062
CHI3L1	SRR12765563	14201.852284704171
CHI3L1	SRR12765564	870.8134531772891
CHI3L1	SRR12765565	16128.303319445273
CHI3L1	SRR12765566	939.6212673922945
CHI3L1	SRR12765567	1.0132187770818522
CHI3L1	SRR12765568	1.010279036701863
CHI3L1	SRR12765569	1.0114801175682104
CHI3L1	SRR12765570	1.0071209247328885
CHI3L1	SRR12765571	1.0111765551056255
CHI3L1	SRR12765572	905.9256080774774
CHI3L1	SRR12765573	1.0342120344840695
CHI3L1	SRR12765574	1.0069401334995287
CHI3L1	SRR12765575	1.0239395312536899
CHI3L1	SRR12765576	1.0248346620898081
CHI3L1	SRR12765577	1.0456385621694768
CHI3L1	SRR12765578	1.0151006524935662
CHI3L1	SRR12765579	1.0083832915957769
CHI3L1	SRR12765580	1.0113445817462805
CHI3L1	SRR12765581	1.015899942750325
CHI3L1	SRR12765582	4220.239145217874
CHI3L1	SRR12765583	1.0087441767971732
CHI3L1	SRR12765584	73.90653379940585
CHI3L1	SRR12765585	1.0109960581005948
CHI3L1	SRR12765586	73.38519693166874
CHI3L1	SRR12765587	188.18005969173086
CHI3L1	SRR12765588	1.0069509600211282
CHI3L1	SRR12765589	1.0181159328867537
CHI3L1	SRR12765590	1.029304711338354
CHI3L1	SRR12765591	3627.9192798332724
CHI3L1	SRR12765592	1.0165332338111508
CHI3L1	SRR12765593	2238.5588293513333
CHI3L1	SRR12765594	334.5968087689034
CHI3L1	SRR12765595	1770.5056044968724
CHI3L1	SRR12765596	8700.202058953108
CHI3L1	SRR12765597	19253.33935768659
CHI3L1	SRR12765598	1.0071752143448685
CHI3L1	SRR12765599	1.0030637444667863
CHI3L1	SRR12765600	1.0429920540407125
CHI3L1	SRR12765601	1.0217876140571718
CHI3L1	SRR12765602	1.0086614062004455
CHI3L1	SRR12765603	1.0098244476189677
CHI3L1	SRR12765604	1.0081376323189926
CHI3L1	SRR12765605	1.0076754926485763
CHI3L1	SRR12765606	1.0132711750064347
CHI3L1	SRR12765607	1.008593218827847
CHI3L1	SRR12765608	1.0088565751860703
CHI3L1	SRR12765609	2124.1579098257203
CHI3L1	SRR12765610	1.0087569538235717
CHI3L1	SRR12765611	5199.4843207144195
CHI3L1	SRR12765612	121.54927565164677
CHI3L1	SRR12765613	164.97399411529068
CHI3L1	SRR12765614	170.79490846375694
CHI3L1	SRR12765615	1.009158682616779
CHI3L1	SRR12765616	1.0061232629310637
CHI3L1	SRR12765617	1.0084894405469222
CHI3L1	SRR12765618	1.0231825824178566
CHI3L1	SRR12765619	1.0217630104420437
CHI3L1	SRR12765620	1.0080003107853246
CHI3L1	SRR12765621	223.57616795101058
CHI3L1	SRR12765622	13129.56786138078
CHI3L1	SRR12765623	666
CHI3L1	SRR12765624	4107.210695057366
CHI3L1	SRR12765625	1973.1538186888713
CHI3L1	SRR12765626	11831.312656573535
CHI3L1	SRR12765627	3589.937448202348
CHI3L1	SRR12765628	1107.225212808447
CHI3L1	SRR12765629	1842.4639293669418
CHI3L1	SRR12765630	1983.47862698244
CHI3L1	SRR12765631	25709.999597473274
CHI3L1	SRR12765632	1053.8770187102375
CHI3L1	SRR12765633	17234.560818192196
CHI3L1	SRR12765634	1.0054407349865786
CHI3L1	SRR12765635	1.0231147071349238
CHI3L1	SRR12765636	1.0122042835346428
CHI3L1	SRR12765637	1.0354033667153832
CHI3L1	SRR12765638	1
CHI3L1	SRR12765639	1.0309424981168878
CHI3L1	SRR12765640	1.00503432833736
CHI3L1	SRR12765641	1.0187981972446098
CHI3L1	SRR12765642	53.12971925028069
CHI3L1	SRR12765643	1.013978378378916
CHI3L1	SRR12765644	139.49692304670342
CHI3L1	SRR12765645	1.0285351424147229
CHI3L1	SRR12765646	1188.0439703151583
CHI3L1	SRR12765647	1.0290114300454762
CHI3L1	SRR12765648	1.011871601394981
CHI3L1	SRR12765649	8.39571744370641
CHI3L1	SRR12765650	1.0180274394060935
CHI3L1	SRR12765651	1.028219710920449
CHI3L1	SRR12765652	1.010584658765189
CHI3L1	SRR12774664	8653.658270913222
CHI3L1	SRR12774665	5707.498424561756
CHI3L1	SRR12774666	217.29093078609532
CHI3L1	SRR12774667	1.014927231447063
CHI3L1	SRR12774668	1.0531044481489285
CHI3L1	SRR12774669	462.3592329591571
CHI3L1	SRR12774670	4715.897447177944
CHI3L1	SRR12774671	6432.628697828823
CHI3L1	SRR12774672	2815.3050522129606
CHI3L1	SRR12774673	1.0142142606674132
CHI3L1	SRR12774674	2627.125244857485
CHI3L1	SRR12774675	3499.3220672803513
CHI3L1	SRR12774676	5690.998237834599
CHI3L1	SRR12774677	3059.943219955361
CHI3L1	SRR12774678	1.043754043143823
CHI3L1	SRR12774679	1.0232632446385574
CHI3L1	SRR12774680	1.0140488490623458
CHI3L1	SRR12774681	1067.21083787814
CHI3L1	SRR12774682	1.010589221555441
CHI3L1	SRR12774683	859.0833074339025
CHI3L1	SRR12774684	278.46426670689533
CHI3L1	SRR12774685	1055.7219858053118
CHI3L1	SRR12774686	1.0179757410447914
CHI3L1	SRR12774687	1.029309138639411
CHI3L1	SRR1609360	1.0493034237080798
CHI3L1	SRR1609361	1.025908504185614
CHI3L1	SRR1609362	1.0680988542222165
CHI3L1	SRR1609363	1.0073745093898177
CHI3L1	SRR1609364	1.0085688845855312
CHI3L1	SRR1609365	1.0143165793620785
CHI3L1	SRR1609366	1.0056861235945007
CHI3L1	SRR1609367	1.0026726659196274
CHI3L1	SRR1609368	1.0055560678333126
CHI3L1	SRR1609369	1.0009001286274537
CHI3L1	SRR1609370	1.002086827591817
CHI3L1	SRR1609371	1.0301143575969267
CHI3L1	SRR1609372	1.0007200381067656
CHI3L1	SRR1609373	1.007497432173284
CHI3L1	SRR1609374	1.0026279344264644
CHI3L1	SRR1609375	1.0065256999862005
CHI3L1	SRR1609376	1.016088421058133
CHI3L1	SRR1609377	1.005286161396734
CHI3L1	SRR1609378	1.017406841761654
CHI3L1	SRR1609379	1.0018010674864533
CHI3L1	SRR1609380	1.0158653061982168
CHI3L1	SRR1609381	1.0007200381067656
CHI3L1	SRR1609382	1.01426559739414
CHI3L1	SRR1609383	1.0104290785566081
CHI3L1	SRR1609384	1.0096415363823084
CHI3L1	SRR1609385	1.0073364170587717
CHI3L1	SRR1609386	1.006604989330596
CHI3L1	SRR1609387	1.0073913876363687
CHI3L1	SRR1609388	1.012676094664956
CHI3L1	SRR1609389	1.0025224024304422
CHI3L1	SRR1609390	1.0128241006838015
CHI3L1	SRR1609391	1.0636252817179657
CHI3L1	SRR1609392	1.0154386556086927
CHI3L1	SRR1609393	1.04478101167958
CHI3L1	SRR1609394	1.0276985045907725
CHI3L1	SRR1609395	1.0054817166017682
CHI3L1	SRR1609396	1.0010802515574013
CHI3L1	SRR1609397	1.0145310136075893
CHI3L1	SRR1609398	1.0046103866254328
CHI3L1	SRR1609399	1.0038093407347115
CHI3L1	SRR1609400	1.002192313736413
CHI3L1	SRR1609401	1.0106596239587748
CHI3L1	SRR1609402	1.0044644481525995
CHI3L1	SRR1609403	1.0031693334479748
CHI3L1	SRR1609404	1.0119457665502067
CHI3L1	SRR1609405	1.0066008739769374
CHI3L1	SRR1609406	1.0039364414686416
CHI3L1	SRR1609407	1.0022978109851632
CHI3L1	SRR1609408	1.0077848171459254
CHI3L1	SRR1609409	1.0185880328867178
CHI3L1	SRR1609410	1
CHI3L1	SRR1609411	1.0525644977244093
CHI3L1	SRR1609412	1536
CHI3L1	SRR1609413	0.9604328801072967
CHI3L1	SRR1609414	2778.4961404247806
CHI3L1	SRR1609415	3418.615106499592
CHI3L1	SRR1609416	1752.5936293774598
CHI3L1	SRR1609417	10513.08246219252
CHI3L1	SRR1609418	58.08355449076758
CHI3L1	SRR1609419	1.004874249096593
CHI3L1	SRR1609420	1.004672692112038
CHI3L1	SRR1609421	538.4459507913755
CHI3L1	SRR1609422	1.016487712556713
CHI3L1	SRR1609423	1.0538854443534305
CHI3L1	SRR1609424	1.0787454114562254
CHI3L1	SRR1609425	512.8298572088996
CHI3L1	SRR1609426	1.0047202460643523
CHI3L1	SRR1609427	4685.978373644536
CHI3L1	SRR1609428	1.0086302692225169
CHI3L1	SRR1609429	715.9011909352455
CHI3L1	SRR1609430	16271.422866684048
CHI3L1	SRR1609431	414.0104276368716
CHI3L1	SRR1609432	397.59623002886036
CHI3L1	SRR1609433	1489.1481372323055
CHI3L1	SRR1609434	1.0150033277731985
CHI3L1	SRR1609435	1.0044783325221545
CHI3L1	SRR1609436	2623.4730057153442
CHI3L1	SRR1609437	1.0214548244785666
CHI3L1	SRR1609438	1.032283347644643
CHI3L1	SRR1609439	1673.2425391335437
CHI3L1	SRR1609440	237.5978093760148
CHI3L1	SRR1609441	953.1560730412482
CHI3L1	SRR1609442	1.0072027631380178
CHI3L1	SRR1609443	471.03050167720914
CHI3L1	SRR1609444	1875.0119225003345
CHI3L1	SRR1609445	1135.9707847933098
CHI3L1	SRR1609446	1084.8064504067966
CHI3L1	SRR1609447	1.2338363336906928
CHI3L1	SRR1609448	1.0088227698794638
CHI3L1	SRR1609449	298.7384992621167
CHI3L1	SRR1609450	263.5372116416259
CHI3L1	SRR1609451	8614.381009030334
CHI3L1	SRR1609452	1.2632705659263332
CHI3L1	SRR1609453	1287.3537346776932
CHI3L1	SRR1609454	1.0160098618742288
CHI3L1	SRR1609455	1.2516237980743048
CHI3L1	SRR1609456	451.1698149977366
CHI3L1	SRR1609457	1318.6044837730767
CHI3L1	SRR1609458	1.240500376538707
CHI3L1	SRR1609459	866.3584970529994
CHI3L1	SRR1609460	1.0096415363823084
CHI3L1	SRR1609461	96.16147872748
CHI3L1	SRR1609462	6050.268687209674
CHI3L1	SRR1609463	595.8092465474712
CHI3L1	SRR1609464	11185.896293831354
CHI3L1	SRR1609465	1.0119474539360775
CHI3L1	SRR1609466	1.1215996409238542
CHI3L1	SRR1609467	14039.735565117568
CHI3L1	SRR1609468	881.4656412517219
CHI3L1	SRR1609469	6959.252168234102
CHI3L1	SRR1609470	1532.3596643649194
CHI3L1	SRR1609471	1537.231212908502
CHI3L1	SRR1609472	1.0870773664114952
CHI3L1	SRR1609473	1.057486599398644
CHI3L1	SRR1609474	331.8450619129918
CHI3L1	SRR1609475	1.0217687791754089
CHI3L1	SRR1609476	5908.610499449291
CHI3L1	SRR1609477	6257.115265473407
CHI3L1	SRR1609478	239.38157480827763
CHI3L1	SRR1609479	1.0103886436623135
CHI3L1	SRR1609480	2801
CHI3L1	SRR1609481	1.0104258199753007
CHI3L1	SRR1609482	15830.351679117452
CHI3L1	SRR1609483	2972.382485046323
CHI3L1	SRR1609484	26.20542416514708
CHI3L1	SRR1609485	15882.283241060435
CHI3L1	SRR1609486	11794.13948250675
CHI3L1	SRR1609487	1.003891653595596
CHI3L1	SRR1609488	3096.4543187147133
CHI3L1	SRR1609489	44.096461804402175
CHI3L1	SRR1609490	368.9505167108558
CHI3L1	SRR1609491	871.0608507502614
CHI3L1	SRR1609492	1
CHI3L1	SRR1609493	210.93866323801646
CHI3L1	SRR1609494	213.25819368593588
CHI3L1	SRR1609495	2712.0409301992195
CHI3L1	SRR1609496	16379.50817520506
CHI3L1	SRR1609497	584.5256751184329
CHI3L1	SRR1609498	2076.7472650641976
CHI3L1	SRR1609499	1.0020974473736823
CHI3L1	SRR1609500	1689.9121870400081
CHI3L1	SRR1609501	626.803596384998
CHI3L1	SRR1609502	1.012926575887802
CHI3L1	SRR1609503	1.2571824597395216
CHI3L1	SRR1609504	1751
CHI3L1	SRR1609505	5625
CHI3L1	SRR1609506	1.0196933955833136
CHI3L1	SRR1609507	3471.8608814178515
CHI3L1	SRR1609508	801.4325239715945
CHI3L1	SRR1609509	1.0063277365563505
CHI3L1	SRR1609510	1.0056036635982566
CHI3L1	SRR1609511	6515.316726245624
CHI3L1	SRR1609512	10200.608149713244
CHI3L1	SRR1609513	12951.320846911076
CHI3L1	SRR1609514	428.22815228856643
CHI3L1	SRR1609515	1.0019813525502068
CHI3L1	SRR1609516	321.3369632105704
CHI3L1	SRR1609517	151.3295484448843
CHI3L1	SRR1609518	1.001620814861132
CHI3L1	SRR1609519	5981.024351880093
CHI3L1	SRR1609520	1.0789502444393222
CHI3L1	SRR1609521	6300.169168073657
CHI3L1	SRR1609522	14370.556895953216
CHI3L1	SRR1609523	1376.485763538509
CHI3L1	SRR1609524	1.016716170089433
CHI3L1	SRR1609525	1309.1854464909368
CHI3L1	SRR1609526	8980.302538430553
CHI3L1	SRR1609527	1732
CHI3L1	SRR1609528	3748.1616100708043
CHI3L1	SRR1609529	4874.419482062394
CHI3L1	SRR1609530	10868.87060013668
CHI3L1	SRR1609531	1.003794007351424
CHI3L1	SRR1609532	19192.31054579979
CHI3L1	SRR1609533	1.03822663399045
CHI3L1	SRR1609534	14243.36480249049
CHI3L1	SRR1609535	1.0442329013337999
CHI3L1	SRR1609536	1463.583202480394
CHI3L1	SRR1609537	1.0038432721370993
CHI3L1	SRR1609538	498
CHI3L1	SRR1609539	7204.35113912394
CHI3L1	SRR1609540	2483
CHI3L1	SRR1609541	1.1002496061772749
CHI3L1	SRR1609542	1.002342020016362
CHI3L1	SRR1609543	1.002011990714717
CHI3L1	SRR1609544	223.29777829142398
CHI3L1	SRR1609545	743.1824214878767
CHI3L1	SRR1609546	3817
CHI3L1	SRR1609547	3860.8612713666867
CHI3L1	SRR1609548	1.017997257080447
CHI3L1	SRR1609549	1.0106959376016895
CHI3L1	SRR1609550	1
CHI3L1	SRR1609551	903.1008142349093
CHI3L1	SRR1609552	8420.42546886324
CHI3L1	SRR1609553	7199.750567535236
CHI3L1	SRR1609554	1705.2780683419423
CHI3L1	SRR1609555	1689.790722879099
CHI3L1	SRR1609556	8377.694218986702
CHI3L1	SRR1609557	1.0063043258211806
CHI3L1	SRR1609558	3171.5615868992527
CHI3L1	SRR1609559	1.0424968298454986
CHI3L1	SRR1609560	40.28486674229457
CHI3L1	SRR1609561	10175.775854899686
CHI3L1	SRR1609562	55.054379522880325
CHI3L1	SRR1609563	1.0044644481525995
CHI3L1	SRR1609564	1010.9091299137282
CHI3L1	SRR1609565	1.0247858558816332
CHI3L1	SRR1609566	1.0033498647461594
CHI3L1	SRR1609567	1.2581113184722956
CHI3L1	SRR1609568	1
CHI3L1	SRR1609569	15751
CHI3L1	SRR1609570	13296.102148091442
CHI3L1	SRR1609571	13820.230946621736
CHI3L1	SRR1609572	3475.401634316879
CHI3L1	SRR1609573	16581.430309264433
CHI3L1	SRR1609574	7360.416069872707
CHI3L1	SRR1609575	1.0732532216417159
CHI3L1	SRR1609576	1.0039837461421828
CHI3L1	SRR1609577	1.004201371301441
CHI3L1	SRR1609578	801.4130721463655
CHI3L1	SRR1609579	6513.357946209846
CHI3L1	SRR1609580	6809.892940870179
CHI3L1	SRR1609581	1205.3675046545768
CHI3L1	SRR1609582	4078.4846085747527
CHI3L1	SRR1609583	72.50318899831264
CHI3L1	SRR1609584	15464.051052700226
CHI3L1	SRR1609585	2789.4619219179012
CHI3L1	SRR1609586	1.077969249642432
CHI3L1	SRR1609587	3054.2308085895093
CHI3L1	SRR1609588	2016.6764674854217
CHI3L1	SRR1609589	1.0026279344264644
CHI3L1	SRR1609590	9480.703564975664
CHI3L1	SRR1609591	1523.9683935116705
CHI3L1	SRR1609592	530.6073007727672
CHI3L1	SRR1609593	1261.947576903004
CHI3L1	SRR1609594	1.0253331007022206
CHI3L1	SRR1609595	1.0243062096273918
CHI3L1	SRR1609596	1.0026279344264644
CHI3L1	SRR1609597	1.0042087153660115
CHI3L1	SRR1609598	35.96379747143391
CHI3L1	SRR1609599	1004.878330111611
CHI3L1	SRR1609600	1852.4818393731641
CHI3L1	SRR1609601	1.028163738385504
CHI3L1	SRR1609602	1.1632163838991925
CHI3L1	SRR1609603	1
CHI3L1	SRR1609604	444.08616726759936
CHI3L1	SRR1609605	1.007566475195609
CHI3L1	SRR1609606	197.12009852255628
CHI3L1	SRR1609607	155.7706600656625
CHI3L1	SRR1609608	135.65702347295766
CHI3L1	SRR1609609	1.0324178632829317
CHI3L1	SRR1609610	2400
CHI3L1	SRR1609611	1.0171349305854593
CHI3L1	SRR1609612	974.2764434559037
CHI3L1	SRR1609613	1.000825380374255
CHI3L1	SRR1609614	967.8802732508865
CHI3L1	SRR1609615	627.9840027384322
CHI3L1	SRR1609616	2341
CHI3L1	SRR1609617	256
CHI3L1	SRR1609618	2756.7936218138034
CHI3L1	SRR1609619	1219.4178209679644
CHI3L1	SRR1609620	1.0125434290578252
CHI3L1	SRR1609621	1.0085252077511602
CHI3L1	SRR1609622	3869.4013886320936
CHI3L1	SRR1609623	2593.358316147091
CHI3L1	SRR1609624	1.233166099790781
CHI3L1	SRR1609625	1.001546012786343
CHI3L1	SRR1609626	15094.019881813318
CHI3L1	SRR1609627	1.0053993370958376
CHI3L1	SRR1609628	1.0019065235500912
CHI3L1	SRR1609629	2208.9035121366005
CHI3L1	SRR1609630	1.0027915668331973
CHI3L1	SRR1609631	670
CHI3L1	SRR1609632	951
CHI3L1	SRR1609633	1.003584460981328
CHI3L1	SRR1609634	1.0083088550710244
CHI3L1	SRR1609635	6498.059414748406
CHI3L1	SRR1609636	1.033526030779779
CHI3L1	SRR1609637	1.0040554922457436
CHI3L1	SRR1609638	564.4011747419539
CHI3L1	SRR1609639	1.005532675049881
CHI3L1	SRR1609640	20603.70719540421
CHI3L1	SRR1609641	1.000179960941952
CHI3L1	SRR1609642	34
CHI3L1	SRR1609643	1.0117732409494398
CHI3L1	SRR1609644	1.0010455492408952
CHI3L1	SRR1609645	3915.369908447445
CHI3L1	SRR1609646	28994.7476130133
CHI3L1	SRR1609647	1.0206670235973925
CHI3L1	SRR1609648	130.4721552452028
CHI3L1	SRR1609649	26.211313219229904
CHI3L1	SRR1609650	412.0398445561787
CHI3L1	SRR1609651	111.37680375769492
CHI3L1	SRR1609652	17659.124950893907
CHI3L1	SRR1609653	1.0508063334876938
CHI3L1	SRR1609654	169.63470717650924
CHI3L1	SRR1609655	1810.2818519074958
CHI3L1	SRR1609656	1.014313308243783
CHI3L1	SRR1609657	1.0128509294871268
CHI3L1	SRR1609658	1.020049628429351
CHI3L1	SRR1609659	1.0079661790509038
CHI3L1	SRR1609660	2165.4605093220575
CHI3L1	SRR1609661	2665.916377784876
CHI3L1	SRR1609662	1.0046759321397467
CHI3L1	SRR1609663	5761.276271711382
CHI3L1	SRR1609664	1.0072181752717069
CHI3L1	SRR1609665	1
CHI3L1	SRR1609666	1.016634410174343
CHI3L1	SRR1609667	4351.510485315534
CHI3L1	SRR1609668	1.1259515593418852
CHI3L1	SRR1609669	1.0192408475989563
CHI3L1	SRR1746771	335.62130642836246
CHI3L1	SRR1746772	370.63014713523825
CHI3L1	SRR1746773	539.3971933056355
CHI3L1	SRR1746774	304.09153590024255
CHI3L1	SRR1746775	2024.1912961996975
CHI3L1	SRR1746776	568.3276027659348
CHI3L1	SRR1746777	883.38326895033
CHI3L1	SRR1746778	5656.020442752993
CHI3L1	SRR1746779	379.8119528274251
CHI3L1	SRR1746780	314.3850728225913
CHI3L1	SRR1746781	480.6226246731979
CHI3L1	SRR1746782	2817.5227770680417
CHI3L1	SRR1746783	676
CHI3L1	SRR1746784	544.2671209265815
CHI3L1	SRR1782685	508.0702564820597
CHI3L1	SRR1782686	15706.71451004704
CHI3L1	SRR1782687	3571.098567094011
CHI3L1	SRR1782688	1.0167551838847384
CHI3L1	SRR1782689	14552.57661536219
CHI3L1	SRR1782690	443.8135800152722
CHI3L1	SRR1782691	7048.145908721694
CHI3L1	SRR1782692	1.008267339088667
CHI3L1	SRR1782693	799.0064794195885
CHI3L1	SRR1782694	1.0160829820750323
CHI3L1	SRR1782695	1.0007200381067656
CHI3L1	SRR1782696	412.38536349118846
CHI3L1	SRR1782697	1.0088260831599443
CHI3L1	SRR1782698	50.104341379590856
CHI3L1	SRR1782699	1.0242077790328277
CHI3L1	SRR1782700	155.16583806772897
CHI3L1	SRR1782701	4016.885997049438
CHI3L1	SRR1782702	1.0106664184752785
CHI3L1	SRR1782703	1.003891653595596
CHI3L1	SRR1782704	1.0158440725472526
CHI3L1	SRR1782705	15115.22959187643
CHI3L1	SRR1782706	648.6518279688994
CHI3L1	SRR1782707	6779.777869770278
CHI3L1	SRR1782708	1.0527335559349638
CHI3L1	SRR1782709	1.0493889346936112
CHI3L1	SRR1782710	1938
CHI3L1	SRR1782711	12288.236911195701
CHI3L1	SRR1782712	1.0118242846464562
CHI3L1	SRR1782713	1.0217630104420437
CHI3L1	SRR1782714	147.83953560739434
CHI3L1	SRR1782715	1.0024781854433447
CHI3L1	SRR1782716	1.0149213103030237
CHI3L1	SRR1782717	60.04952282245531
CHI3L1	SRR1782718	2.028668899404299
CHI3L1	SRR1782719	1.007268477791188
CHI3L1	SRR1782720	1.0173889776699079
CHI3L1	SRR1782721	1.1215287864396823
CHI3L1	SRR1782722	1.0008833591381059
CHI3L1	SRR1782723	131.28719309947013
CHI3L1	SRR1782724	1458.0492322698728
CHI3L1	SRR1782725	1.0685748274292985
CHI3L1	SRR1782726	166.22691052001375
CHI3L1	SRR1782727	45
CHI3L1	SRR1782728	1.0303050804635
CHI3L1	SRR1782729	164.86633472012824
CHI3L1	SRR1782730	15563.227357670243
CHI3L1	SRR1782731	1.032101634718041
CHI3L1	SRR1782732	1.079233440701315
CHI3L1	SRR1782733	1.0096575808681731
CHI3L1	SRR1782734	1.0062386740697231
CHI3L1	SRR1782735	265.20864733719714
CHI3L1	SRR1782736	153.75807687448383
CHI3L1	SRR1782737	167.27067608180906
CHI3L1	SRR1782738	1.049672343546831
CHI3L1	SRR1782739	1.0104534576807476
CHI3L1	SRR1782740	1333.261378338097
CHI3L1	SRR1782741	1.0543086561909183
CHI3L1	SRR1782742	1
CHI3L1	SRR1782743	575.1548826702475
CHI3L1	SRR1782744	10.050174895819426
CHI3L1	SRR1782745	1.0120275763195707
CHI3L1	SRR1782746	18075.62701686253
CHI3L1	SRR1782747	738.3503704977988
CHI3L1	SRR1782748	1.014641893603255
CHI3L1	SRR1782749	1.0126805916371509
CHI3L1	SRR1782750	1060.4463886097533
CHI3L1	SRR1782751	1.015483444252062
CHI3L1	SRR1782752	933.1642563798957
CHI3L1	SRR1782753	3283.142606446657
CHI3L1	SRR1782754	1890.5817800347627
CHI3L1	SRR1782755	217.58286582223406
CHI3L1	SRR1782756	1.045262315535892
CHI3L1	SRR1782757	719.034346971916
CHI3L1	SRR1782758	3271.637938869393
CHI3L1	SRR1782759	3694.2921737089155
CHI3L1	SRR1782760	1.0142062491689723
CHI3L1	SRR1782761	1.123350924195671
CHI3L1	SRR1782762	1.0642762539094746
CHI3L1	SRR1782763	1.0054670736412705
CHI3L1	SRR1782764	44.0506407340469
CHI3L1	SRR1782765	1.0032000079380652
CHI3L1	SRR1782766	1.0106768533425006
CHI3L1	SRR1782767	1.0096583926938514
CHI3L1	SRR1782768	1.0064574381144438
CHI3L1	SRR1782769	1.0085350889190154
CHI3L1	SRR1782770	1.0046452125208463
CHI3L1	SRR1782771	1.0066334970935034
CHI3L1	SRR1782772	1.005368595357641
CHI3L1	SRR1782773	1.0043587228536055
CHI3L1	SRR1782774	1.002553057138948
CHI3L1	SRR1782775	1.0200306175184897
CHI3L1	SRR1782776	383.5213649144826
CHI3L1	SRR1782777	3956.7119254863624
CHI3L1	SRR1782778	1.0018317001382826
CHI3L1	SRR1782779	142.9208916071478
CHI3L1	SRR1782780	1.0128988705381583
CHI3L1	SRR1782781	483.11142920701917
CHI3L1	SRR1782782	9926.679626204876
CHI3L1	SRR1782783	8018.452187121199
CHI3L1	SRR1782784	4490.97563384784
CHI3L1	SRR1782785	2757.9760930406405
CHI3L1	SRR1782786	7266.835222783863
CHI3L1	SRR1782787	2149
CHI3L1	SRR1782788	19227.088391339337
CHI3L1	SRR1782789	98.65089690627272
CHI3L1	SRR1782790	1647.1627670759096
CHI3L1	SRR1782791	533.1403154575644
CHI3L1	SRR1782792	770.2384981656653
CHI3L1	SRR1782793	7286.796856627924
CHI3L1	SRR1782794	7277.471778483753
CHI3L1	SRR1782795	1375.5803970125407
CHI3L1	SRR1782796	68.01496957163174
CHI3L1	SRR1782797	1.0253628024973167
CHI3L1	SRR1782798	1.0193000353281811
CHI3L1	SRR1782799	214.34685438028228
CHI3L1	SRR1782800	1152.0312912104005
CHI3L1	SRR1782801	1.0055634218052374
CHI3L1	SRR1782802	1.007377758130775
CHI3L1	SRR1782803	1.0036667554019618
CHI3L1	SRR1782804	1.0027028173063115
CHI3L1	SRR1782805	1.0018010674864533
CHI3L1	SRR1782806	125.33232404523544
CHI3L1	SRR1782807	1320.8923496952855
CHI3L1	SRR1782808	1.0262987270047477
CHI3L1	SRR1782809	57.76482265952935
CHI3L1	SRR1782810	1.016644694920719
CHI3L1	SRR1782811	8.02475532582577
CHI3L1	SRR1782812	1.0125567250497436
CHI3L1	SRR1782813	1.006256696893515
CHI3L1	SRR1782814	1.0129566741382754
CHI3L1	SRR1782815	1.062121334894591
CHI3L1	SRR1782816	2302.2424939558537
CHI3L1	SRR1782817	11230.792794140592
CHI3L1	SRR1782818	2457.448609362365
CHI3L1	SRR1782819	339.13281468948554
CHI3L1	SRR1782820	380.0607051740386
CHI3L1	SRR1782821	6469.438577260322
CHI3L1	SRR1782822	322.515024430526
CHI3L1	SRR1782823	17267.12657566183
CHI3L1	SRR1782824	7002.569895591406
CHI3L1	SRR1782825	522.0152057658798
CHI3L1	SRR1782826	11566.312822864862
CHI3L1	SRR1782827	4021.711263349695
CHI3L1	SRR1782828	561
CHI3L1	SRR1782829	3295
CHI3L1	SRR1782830	4450.394842470636
CHI3L1	SRR1782831	1.0734003069580385
CHI3L1	SRR1782832	1.0325772296717781
CHI3L1	SRR1782833	555.520030535098
CHI3L1	SRR1782834	7753.395057222012
CHI3L1	SRR1782835	1.1149797381951183
CHI3L1	SRR1782836	185.2380733164849
CHI3L1	SRR1782837	81.18200613099947
CHI3L1	SRR1782838	1.0129819287449684
CHI3L1	SRR1782839	174.36075616160562
CHI3L1	SRR1782840	1.0083257489722468
CHI3L1	SRR1782841	2090.5939574088598
CHI3L1	SRR1782842	579
CHI3L1	SRR1782843	904.3233455298363
CHI3L1	SRR1782844	54.00971789086541
CHI3L1	SRR1782845	3076.764732437198
CHI3L1	SRR1782846	1.0054215004022353
CHI3L1	SRR1782847	57.9856341970584
CHI3L1	SRR1782848	1.2335837199439401
CHI3L1	SRR1782849	1.2403822504664612
CHI3L1	SRR1782850	1.2517458229536382
CHI3L1	SRR1782851	1.2634697131512598
CHI3L1	SRR1782852	1.2639231424855961
CHI3L1	SRR1782853	1.2584335321033158
CHI3L1	SRR1782854	1.0032749335441427
CHI3L1	SRR1782855	1337.206027998542
CHI3L1	SRR1782856	4433.344394070811
CHI3L1	SRR1782857	1.0069866303229194
CHI3L1	SRR1782858	1375.381543057248
CHI3L1	SRR1782859	842.3631052982122
CHI3L1	SRR1782860	1313.9722521104904
CHI3L1	SRR1782861	1673.1047016305497
CHI3L1	SRR1782862	47.216467306347106
CHI3L1	SRR1782863	548.428291385848
CHI3L1	SRR1782864	1.0129045923036408
CHI3L1	SRR1782865	17738.82793682819
CHI3L1	SRR1782866	1510.2879905365628
CHI3L1	SRR1782867	116.90205846829537
CHI3L1	SRR1782868	1599.7958902246382
CHI3L1	SRR1782869	3106.6031855818756
CHI3L1	SRR1782870	612.5141713058836
CHI3L1	SRR1782871	5317.768131442666
CHI3L1	SRR1782872	2171.8543022854706
CHI3L1	SRR1782873	1.004614493841249
CHI3L1	SRR1782874	870.5719958244453
CHI3L1	SRR1782875	1.0051528561314607
CHI3L1	SRR1782876	2615.253871462144
CHI3L1	SRR1782877	1622.4740695655835
CHI3L1	SRR1782878	16477.99179221676
CHI3L1	SRR1782879	20.287249829887916
CHI3L1	SRR1782880	638.6942123993846
CHI3L1	SRR1782881	154.6408225862071
CHI3L1	SRR1782882	433.5247046348148
CHI3L1	SRR1782883	6705.054544686833
CHI3L1	SRR1782884	450.32401714804456
CHI3L1	SRR1782885	1
CHI3L1	SRR1782886	1697.3675938737751
CHI3L1	SRR1782887	351.3159451482362
CHI3L1	SRR1782888	3248.504903398848
CHI3L1	SRR1782889	692.9769531632302
CHI3L1	SRR1782890	3150.8637562258345
CHI3L1	SRR1782891	1.0007200381067656
CHI3L1	SRR1782892	2103.8465702903936
CHI3L1	SRR1782893	1.0038748339850176
CHI3L1	SRR1782894	1865.6486474324352
CHI3L1	SRR1782895	1.0036667554019618
CHI3L1	SRR1782896	340.72925900705076
CHI3L1	SRR1782897	8012.999698540204
CHI3L1	SRR1782898	1.0022671640812284
CHI3L1	SRR1782899	1.0037625733547102
CHI3L1	SRR1782900	17854.934922497916
CHI3L1	SRR1782901	17321.00773426849
CHI3L1	SRR1782902	2865
CHI3L1	SRR1782903	1.002553057138948
CHI3L1	SRR1782904	328
CHI3L1	SRR1782905	1941.04218504535
CHI3L1	SRR1782906	198.2506961793794
CHI3L1	SRR1782907	1936.411891831522
CHI3L1	SRR1782908	102.31111769822982
CHI3L1	SRR1782909	962.2843846812075
CHI3L1	SRR1782910	1
CHI3L1	SRR1782911	862.918474277704
CHI3L1	SRR1782912	6616.565560732405
CHI3L1	SRR1782913	2954
CHI3L1	SRR1782914	11204.201280580724
CHI3L1	SRR1782915	17178
CHI3L1	SRR1782916	511.34847769991154
CHI3L1	SRR1782917	1.0032306833661075
CHI3L1	SRR1782918	183.19768603500444
CHI3L1	SRR1782919	1
CHI3L1	SRR1782920	918.923039684537
CHI3L1	SRR1782921	163.3401528974662
CHI3L1	SRR1782922	1.1863691226303883
CHI3L1	SRR1782923	1.0055761585433334
CHI3L1	SRR1782924	1.0051265257078354
CHI3L1	SRR1782925	1.0034829308953188
CHI3L1	SRR1782926	1.0073409688920356
CHI3L1	SRR1782927	1.0028390317466211
CHI3L1	SRR1782928	1.0071660004775882
CHI3L1	SRR1782929	1.0086240591672244
CHI3L1	SRR1782930	1.0028390317466211
CHI3L1	SRR1782931	1.002669218203121
CHI3L1	SRR1782932	1.003731881663257
CHI3L1	SRR1782933	1.0649351792796355
CHI3L1	SRR1782934	1.005851477940036
CHI3L1	SRR1782935	1.004495162244163
CHI3L1	SRR1782936	5523.955101717277
CHI3L1	SRR1782937	1.0078568348794155
CHI3L1	SRR1782938	1.2574474178148516
CHI3L1	SRR1782939	1769.349119161197
CHI3L1	SRR1782940	45.119636656284754
CHI3L1	SRR1782941	7595.881927756107
CHI3L1	SRR1782942	24.094363883660954
CHI3L1	SRR1782943	9321.817888352949
CHI3L1	SRR1782944	965.2445461933802
CHI3L1	SRR1782945	8185.744025394638
CHI3L1	SRR1782946	293.6114404844024
CHI3L1	SRR1782947	16872.135916163425
CHI3L1	SRR1782948	826
CHI3L1	SRR1782949	31379.615126255405
CHI3L1	SRR1782950	107
CHI3L1	SRR1782951	14178.61120538846
CHI3L1	SRR1782952	925.7273633010187
CHI3L1	SRR1782953	1.0019065235500912
CHI3L1	SRR1782954	1.126108257274077
CHI3L1	SRR1782955	1.033842034247493
CHI3L1	SRR1782956	1.0151667217080587
CHI3L1	SRR1782957	1.019311965849562
CHI3L1	SRR1782958	1.0054744269623506
CHI3L1	SRR1782959	169.2666508530869
CHI3L1	SRR1782960	6323
CHI3L1	SRR1782961	1.0036360666403
CHI3L1	SRR1782962	1.007295005653179
CHI3L1	SRR1782963	2235.3005058165113
CHI3L1	SRR1782964	125.04499428373059
CHI3L1	SRR1782965	4959.126877913788
CHI3L1	SRR1782966	1
CHI3L1	SRR1782967	1.0040206867929065
CHI3L1	SRR1782968	1.0010455492408952
CHI3L1	SRR1782969	73.87442296930872
CHI3L1	SRR1782970	52.650394369915
CHI3L1	SRR1782971	1.0167967514698188
CHI3L1	SRR1782972	1.0056022027105522
CHI3L1	SRR1782973	1.0512612155664167
CHI3L1	SRR1782974	2587
CHI3L1	SRR1782975	468.8015776990614
CHI3L1	SRR1782976	1.0097952561921797
CHI3L1	SRR1782977	22385.054696696316
CHI3L1	SRR1782978	1.0167008005288674
CHI3L1	SRR1782979	1020.4835921256748
CHI3L1	SRR1782980	1237.1319211585121
CHI3L1	SRR1782981	1.012303856712658
CHI3L1	SRR1782982	1.0058055966749162
CHI3L1	SRR1782983	1.0009581117215416
CHI3L1	SRR1782984	10456.762601982688
CHI3L1	SRR1782985	462.13535596526174
CHI3L1	SRR1782986	1.0029888346325269
CHI3L1	SRR1782987	1.0012604069024411
CHI3L1	SRR1782988	1311
CHI3L1	SRR1782989	1.0430979490658228
CHI3L1	SRR1782990	1.0134118565743073
CHI3L1	SRR1782991	109.45057548263183
CHI3L1	SRR1782992	1272.105919407664
CHI3L1	SRR1782993	1.0207811101132158
CHI3L1	SRR1782994	2170
CHI3L1	SRR1782995	322.65647392670843
CHI3L1	SRR1782996	1011
CHI3L1	SRR1782997	44.19778713874317
CHI3L1	SRR1782998	1.0036360666403
CHI3L1	SRR1782999	343.1608737010596
CHI3L1	SRR1783000	1.0038996732048098
CHI3L1	SRR1783001	2664.879662138051
CHI3L1	SRR1783002	119.4017135336047
CHI3L1	SRR1783003	88
CHI3L1	SRR1783004	1.004591059283169
CHI3L1	SRR1783005	226.54182522484385
CHI3L1	SRR1783006	1.0237799351824244
CHI3L1	SRR1813867	1881.6085689654192
CHI3L1	SRR1813868	1816.639393497742
CHI3L1	SRR1813869	1812.1012295043104
CHI3L1	SRR1813870	1134.1015406870201
CHI3L1	SRR1813871	1321.15336262255
CHI3L1	SRR1813872	1503.206205275837
CHI3L1	SRR1813873	1265.161913351587
CHI3L1	SRR1813874	1796.0971999688395
CHI3L1	SRR1813875	1858
CHI3L1	SRR1813876	1788.488731263149
CHI3L1	SRR1813877	875.3997248335862
CHI3L1	SRR1813878	1861.339270878584
CHI3L1	SRR1813879	2436
CHI3L1	SRR1813880	1818
CHI3L1	SRR1813881	1825.365303988978
CHI3L1	SRR1813882	1160.011907555526
CHI3L1	SRR1813883	1895.5632704288394
CHI3L1	SRR1813884	1802.7275128754015
CHI3L1	SRR1813885	1778
CHI3L1	SRR1813886	2034.5611468257605
CHI3L1	SRR1813887	1821.9969765985836
CHI3L1	SRR1928188	1.0081784003065664
CHI3L1	SRR1928189	1.0073129060669679
CHI3L1	SRR1928190	1.0087951767762386
CHI3L1	SRR1928191	1.0113225234973442
CHI3L1	SRR1928192	12179.096019350816
CHI3L1	SRR1928193	1.015364236413795
CHI3L1	SRR2046996	1662.1533940170025
CHI3L1	SRR2046997	1451.9616796114817
CHI3L1	SRR2046998	66.31580730288889
CHI3L1	SRR2046999	1695.9233233922034
CHI3L1	SRR2047000	1641.373998743228
CHI3L1	SRR2047001	184.72751464447327
CHI3L1	SRR2047002	768.2074493329711
CHI3L1	SRR2047003	860.9989254884189
CHI3L1	SRR2047004	547.3164651075161
CHI3L1	SRR2047005	1027.2990644954066
CHI3L1	SRR2047006	578.6718843343278
CHI3L1	SRR2047007	720.4514011197638
CHI3L1	SRR2047008	413.1071155367914
CHI3L1	SRR2047009	225.09078945034153
CHI3L1	SRR2313973	9572.904183872384
CHI3L1	SRR2313974	5628.384264235902
CHI3L1	SRR2313975	2053.8344803276927
CHI3L1	SRR2313976	1.0146655626217738
CHI3L1	SRR2313977	51.44328960861773
CHI3L1	SRR2313978	1.026320422451999
CHI3L1	SRR2313979	26608.617859227328
CHI3L1	SRR2313980	1.005836351775555
CHI3L1	SRR2313981	1569.606096974797
CHI3L1	SRR2313982	17308.66448212697
CHI3L1	SRR2313983	2172.8722671047262
CHI3L1	SRR2313984	907.9299350080626
CHI3L1	SRR2313985	4594.466963168384
CHI3L1	SRR2313986	1.006188548591034
CHI3L1	SRR2313987	10689.510359584585
CHI3L1	SRR2313988	7054.185566589756
CHI3L1	SRR2313989	1.0105895564048322
CHI3L1	SRR2313990	1.0154615932290423
CHI3L1	SRR2313991	158.5755716689551
CHI3L1	SRR2313992	846.2482848153711
CHI3L1	SRR2313993	1.0103672884396626
CHI3L1	SRR2313994	1.0212939489113868
CHI3L1	SRR2313995	1.0041337200241454
CHI3L1	SRR2313996	1.004535361286343
CHI3L1	SRR2313997	1.0121911663041532
CHI3L1	SRR2313998	564.2757734804973
CHI3L1	SRR2313999	1552.2958524429941
CHI3L1	SRR2314000	1902.1027546300293
CHI3L1	SRR2314001	1.0137250295317557
CHI3L1	SRR2314002	1699.0810200795302
CHI3L1	SRR2314003	1233.1876066524255
CHI3L1	SRR2314004	1.007935358827293
CHI3L1	SRR2314005	53.50368372162113
CHI3L1	SRR2314006	1.0187871020034116
CHI3L1	SRR2314007	566.3881577996189
CHI3L1	SRR2314008	1978.6051798747562
CHI3L1	SRR2314009	3164.8115849024034
CHI3L1	SRR2314010	1.0065745056218443
CHI3L1	SRR2314011	4309.208438281855
CHI3L1	SRR2314012	3733.8926348472605
CHI3L1	SRR2314013	40.462226463503704
CHI3L1	SRR2314014	1.011441792883926
CHI3L1	SRR2314015	1.0077674777082104
CHI3L1	SRR2314016	10987.38244422561
CHI3L1	SRR2314017	1.0193139826231485
CHI3L1	SRR2314018	338.12193471120423
CHI3L1	SRR2314019	4669.733055296566
CHI3L1	SRR2314020	1.016563630576381
CHI3L1	SRR2314021	6507.597275984405
CHI3L1	SRR2314022	1.0122161471354907
CHI3L1	SRR2314023	9701.388257709325
CHI3L1	SRR2314024	1.012946813858373
CHI3L1	SRR2314025	877.2399292768611
CHI3L1	SRR2314026	1754.6590664951675
CHI3L1	SRR2314027	29.214136588584257
CHI3L1	SRR2314028	3253.2988025145246
CHI3L1	SRR2314029	89.2084397814562
CHI3L1	SRR2314030	309.4554922609757
CHI3L1	SRR2314031	1.0172769075048627
CHI3L1	SRR2314032	9424.150327965594
CHI3L1	SRR2314033	1.024065959569855
CHI3L1	SRR2314034	536.280818693222
CHI3L1	SRR2314035	873.0780524398019
CHI3L1	SRR2314036	1.017280352612803
CHI3L1	SRR2314037	1384.1952169722313
CHI3L1	SRR2314038	420.39534150789666
CHI3L1	SRR2314039	696.4246030699967
CHI3L1	SRR2314040	834.4463131728708
CHI3L1	SRR2314041	610.5517043586062
CHI3L1	SRR2314042	2928.8789425142795
CHI3L1	SRR2314043	1623.315190568174
CHI3L1	SRR2314044	639.700511583333
CHI3L1	SRR2314045	3327.743529693446
CHI3L1	SRR3493774	2618
CHI3L1	SRR3493775	3206
CHI3L1	SRR3493776	4845.221546351461
CHI3L1	SRR3493777	1840.1867127740568
CHI3L1	SRR3493778	6173
CHI3L1	SRR3493779	1888.304445452272
CHI3L1	SRR3493780	1737.4425827089765
CHI3L1	SRR3493781	1766
CHI3L1	SRR3493782	1705.9857512296223
CHI3L1	SRR3493783	1580.071931348846
CHI3L1	SRR3493784	1670.8378946508312
CHI3L1	SRR3493785	1748.4419395138239
CHI3L1	SRR3493786	1716.0570804213191
CHI3L1	SRR3493787	2452
CHI3L1	SRR3493788	1833
CHI3L1	SRR3493789	1754.3842279187797
CHI3L1	SRR3493790	1551
CHI3L1	SRR3493791	1584.2790207654193
CHI3L1	SRR3493792	1540.1081386463125
CHI3L1	SRR3493793	1486.0764704522903
CHI3L1	SRR3493794	1476.5549799519417
CHI3L1	SRR3493795	1483.3287498915222
CHI3L1	SRR3493796	1569.6377763618036
CHI3L1	SRR3493797	1564
CHI3L1	SRR3493798	1500.3072670029783
CHI3L1	SRR3493799	1472
CHI3L1	SRR3493800	1512.7166343126867
CHI3L1	SRR3493801	1967.4172503608418
CHI3L1	SRR3493802	2728
CHI3L1	SRR3493803	1527
CHI3L1	SRR3493804	1515.0901376936433
CHI3L1	SRR3493805	1609.7612841462771
CHI3L1	SRR3493806	2005
CHI3L1	SRR3493807	2900
CHI3L1	SRR3493808	1720.3261027353205
CHI3L1	SRR3493809	1476.7555659149102
CHI3L1	SRR3493810	1533
CHI3L1	SRR3493811	1521
CHI3L1	SRR3493812	1853.33351057373
CHI3L1	SRR3493813	1547.7826492665704
CHI3L1	SRR3493814	3660
CHI3L1	SRR3493815	2095.8444633652903
CHI3L1	SRR3493816	1686
CHI3L1	SRR3493817	1586.4428386410625
CHI3L1	SRR3493818	1477.0804333749365
CHI3L1	SRR3493819	1576
CHI3L1	SRR3493820	1685.0551379753776
CHI3L1	SRR3493821	1494.998678796695
CHI3L1	SRR3493822	1539
CHI3L1	SRR3493823	1230.556320807999
CHI3L1	SRR3493824	1283.3382521355866
CHI3L1	SRR3493825	1700.1921570916593
CHI3L1	SRR3493826	1485.0685365504403
CHI3L1	SRR3493827	1754
CHI3L1	SRR3493828	1472
CHI3L1	SRR3493829	1493.4896098243792
CHI3L1	SRR3493830	1016.6085065317551
CHI3L1	SRR3493831	1890.3126176704109
CHI3L1	SRR3493832	1490.2681418035086
CHI3L1	SRR3493833	1071.3339239583618
CHI3L1	SRR3493834	2416
CHI3L1	SRR3493835	1614.112174804098
CHI3L1	SRR3493836	1496
CHI3L1	SRR3493837	1565.0092543657559
CHI3L1	SRR3493838	1472
CHI3L1	SRR3493839	1514.258142699376
CHI3L1	SRR3493840	1536.8627151771695
CHI3L1	SRR3493841	2279.9177993824733
CHI3L1	SRR3493846	1686.525263946361
CHI3L1	SRR3493847	1741.5326394640656
CHI3L1	SRR3493848	2158.3883557127324
CHI3L1	SRR3493849	1366.5355078556427
CHI3L1	SRR3493850	1864
CHI3L1	SRR3714631	312
CHI3L1	SRR3714632	2183.011437533292
CHI3L1	SRR3714633	332.7412227164496
CHI3L1	SRR3714634	487.02824129646126
CHI3L1	SRR3714635	332
CHI3L1	SRR3714636	290
CHI3L1	SRR3714637	7995
CHI3L1	SRR3714638	623
CHI3L1	SRR3714639	957.3536179719487
CHI3L1	SRR3714640	197.13394978993404
CHI3L1	SRR3714641	212.7418668706574
CHI3L1	SRR3714642	182.6575370038953
CHI3L1	SRR3714643	298.12311783563047
CHI3L1	SRR3714644	7658.895758761538
CHI3L1	SRR3714645	334.08076380759957
CHI3L1	SRR3714646	275.0494892590368
CHI3L1	SRR3714648	216.52456520737422
CHI3L1	SRR3714649	1182.6759097081965
CHI3L1	SRR3714650	4967.879110579373
CHI3L1	SRR3714651	6052.431903459096
CHI3L1	SRR3714652	253.4595430402794
CHI3L1	SRR3714653	269
CHI3L1	SRR3714654	2954
CHI3L1	SRR3714655	292.1576741569358
CHI3L1	SRR3714656	73.54983336293263
CHI3L1	SRR3714657	247.75922748926146
CHI3L1	SRR3714658	216.243287871611
CHI3L1	SRR3714659	203.84112067470122
CHI3L1	SRR3714660	355
CHI3L1	SRR3714661	3990
CHI3L1	SRR3714662	336.59192562820755
CHI3L1	SRR3714663	306.1652338767889
CHI3L1	SRR3714664	383.00561024410877
CHI3L1	SRR3714665	277
CHI3L1	SRR3714666	6927
CHI3L1	SRR3714667	2683.1358179520403
CHI3L1	SRR3714668	444
CHI3L1	SRR3714669	611.9602010402823
CHI3L1	SRR3714670	310.03274787540425
CHI3L1	SRR3714671	343.3448830193858
CHI3L1	SRR3714672	369.92576151712706
CHI3L1	SRR3714673	252.19364532129936
CHI3L1	SRR3714674	326.22487240808164
CHI3L1	SRR3714675	258.0564474225608
CHI3L1	SRR3714676	11189
CHI3L1	SRR3714677	275.6028862775136
CHI3L1	SRR3714678	192.9480070083332
CHI3L1	SRR3714679	483.65968432342856
CHI3L1	SRR3714680	347.49406419498297
CHI3L1	SRR3714681	457.4857046654528
CHI3L1	SRR3714682	250.72636004600523
CHI3L1	SRR3714683	282.5391520347731
CHI3L1	SRR3714684	334.48235042149935
CHI3L1	SRR3714685	313.4964473612998
CHI3L1	SRR3714686	251.1767267726163
CHI3L1	SRR3714688	266.9120245308898
CHI3L1	SRR3714689	524.1215620008257
CHI3L1	SRR3714690	275.87343656350765
CHI3L1	SRR3714691	277
CHI3L1	SRR3714692	213.18385032672418
CHI3L1	SRR3714693	226.702724254121
CHI3L1	SRR3714694	266.6954548647705
CHI3L1	SRR3714695	239.4391665076452
CHI3L1	SRR3714696	347
CHI3L1	SRR3714697	1724.280936122494
CHI3L1	SRR3714698	11959.427208814153
CHI3L1	SRR3714699	256.944928626085
CHI3L1	SRR3714700	402.587110893161
CHI3L1	SRR3714701	261.7567657737873
CHI3L1	SRR3714702	336.9168895960056
CHI3L1	SRR3714703	380.34204887843237
CHI3L1	SRR3714704	275.28019149692005
CHI3L1	SRR3714705	277.47792148639024
CHI3L1	SRR3714706	346.67894293265107
CHI3L1	SRR3714707	375.17447198721715
CHI3L1	SRR3714708	5530.26331800198
CHI3L1	SRR3714709	21446.65029365603
CHI3L1	SRR3714710	148.24544985932377
CHI3L1	SRR3714711	214.54172204816862
CHI3L1	SRR3714712	277
CHI3L1	SRR3714713	266
CHI3L1	SRR3714714	1960
CHI3L1	SRR3714715	396.8160765373645
CHI3L1	SRR3714716	299
CHI3L1	SRR3714717	4878
CHI3L1	SRR3714718	4024
CHI3L1	SRR3714719	159.86953013273194
CHI3L1	SRR3714720	460.18849786115624
CHI3L1	SRR3714721	182.77161283870257
CHI3L1	SRR3714723	192.13474675535105
CHI3L1	SRR3714724	4936.6544626950335
CHI3L1	SRR3714725	10634.09428808187
CHI3L1	SRR3714726	257.3177645013054
CHI3L1	SRR3714727	420.19113842898895
CHI3L1	SRR3714728	274.1956612735907
CHI3L1	SRR3714729	269.7878474137935
CHI3L1	SRR3714730	330.68619541114026
CHI3L1	SRR3714731	590.1061769557517
CHI3L1	SRR3714732	6115.512489828583
CHI3L1	SRR3714734	435.42509833361584
CHI3L1	SRR3714735	8153.217955851491
CHI3L1	SRR3714736	332.46623635206447
CHI3L1	SRR3714737	2158
CHI3L1	SRR3714738	679.4101361505017
CHI3L1	SRR3714739	178.56280257279644
CHI3L1	SRR3714740	236.40303435312745
CHI3L1	SRR3714741	286.2740199523609
CHI3L1	SRR3714744	335.9332675913085
CHI3L1	SRR3714745	279.82594463824734
CHI3L1	SRR3714746	371.07490146880866
CHI3L1	SRR3714747	180.04869395897657
CHI3L1	SRR3714748	3986.331226702098
CHI3L1	SRR3714749	281.6794090699833
CHI3L1	SRR3714750	207.9334610537315
CHI3L1	SRR3714751	334.2756770450012
CHI3L1	SRR3714752	441
CHI3L1	SRR3714753	26597.709055312564
CHI3L1	SRR3714754	274
CHI3L1	SRR3714755	192.28038659789416
CHI3L1	SRR3714756	276.8047510736959
CHI3L1	SRR3714757	10711.280360622666
CHI3L1	SRR3714758	247.5186211505097
CHI3L1	SRR3714759	255.04110994379153
CHI3L1	SRR3714760	509.32845938118265
CHI3L1	SRR3714761	4472.557714952621
CHI3L1	SRR3714762	277.02687137822403
CHI3L1	SRR3714764	1768
CHI3L1	SRR3714765	243.10264626577893
CHI3L1	SRR3714766	290
CHI3L1	SRR3714767	186.04628735391398
CHI3L1	SRR3714768	392
CHI3L1	SRR5176628	3156.345248079731
CHI3L1	SRR5176629	1.0056828803089768
CHI3L1	SRR5176630	1.00221972623461
CHI3L1	SRR5176631	1.0095554363800798
CHI3L1	SRR5176632	1.0028083682939712
CHI3L1	SRR5176633	133.85032141778237
CHI3L1	SRR5176634	5997.3684023092255
CHI3L1	SRR5176635	1099.659101470005
CHI3L1	SRR5176636	12798.669200383662
CHI3L1	SRR5176637	1.0295349916779901
CHI3L1	SRR5176638	1.122472464979261
CHI3L1	SRR5176639	271
CHI3L1	SRR5176640	1.0439825147124846
CHI3L1	SRR5176641	1.0145674663519957
CHI3L1	SRR5176642	671.2773707785611
CHI3L1	SRR5176643	1.0017262519502124
CHI3L1	SRR5176644	3104.558598763819
CHI3L1	SRR5176645	80.97436659391225
CHI3L1	SRR5176646	1.018354954225084
CHI3L1	SRR5176647	1.0057887449973542
CHI3L1	SRR5176648	5284.800100909229
CHI3L1	SRR5176649	6628.759121429233
CHI3L1	SRR5176650	1.0238007506984588
CHI3L1	SRR5176651	1.0158653061982168
CHI3L1	SRR5176652	3517.2570914343014
CHI3L1	SRR5176653	1.002669218203121
CHI3L1	SRR5176654	1.0080755949097406
CHI3L1	SRR5176655	1.00118563174329
CHI3L1	SRR5176656	1.069687850829972
CHI3L1	SRR5176657	1.0798186787512312
CHI3L1	SRR5176658	2805.539902426031
CHI3L1	SRR5176659	1.0021448794325023
CHI3L1	SRR5176660	2064.319572671823
CHI3L1	SRR5176661	1.005368595357641
CHI3L1	SRR5176662	0.9673827506103251
CHI3L1	SRR5176663	1.0062735564114655
CHI3L1	SRR5176664	389
CHI3L1	SRR5176665	482.16141824740157
CHI3L1	SRR5176666	1.003794007351424
CHI3L1	SRR5176667	118.62758904688131
CHI3L1	SRR5176668	328.4139175528073
CHI3L1	SRR5176669	1.0094259876059126
CHI3L1	SRR5176670	1.0063933941186642
CHI3L1	SRR5176671	745.3275064793917
CHI3L1	SRR5176672	344.8777284480862
CHI3L1	SRR5176673	1.0047509679775968
CHI3L1	SRR5176674	1.0022978109851632
CHI3L1	SRR5176675	1.0041780100330324
CHI3L1	SRR5176676	1.0182154548374127
CHI3L1	SRR5176677	13174.952463457557
CHI3L1	SRR5176678	8290.507763534126
CHI3L1	SRR5176679	13979.545862267716
CHI3L1	SRR5176680	234.65715818078928
CHI3L1	SRR5176681	1.0010802515574013
CHI3L1	SRR5176682	3723.8253496062093
CHI3L1	SRR5176683	1.004495162244163
CHI3L1	SRR5176684	1.0026279344264644
CHI3L1	SRR5176685	147.43238030644116
CHI3L1	SRR5176686	736.1233358539691
CHI3L1	SRR5176687	15063.2889222157
CHI3L1	SRR5176688	12996.505651350113
CHI3L1	SRR5176689	1152.3856096861427
CHI3L1	SRR5176690	1.0250785821196775
CHI3L1	SRR5176691	1.0009001286274537
CHI3L1	SRR5176692	1.0096679251628273
CHI3L1	SRR5176693	5986.1155732439565
CHI3L1	SRR5176694	1
CHI3L1	SRR5176695	827.28331824596
CHI3L1	SRR5176696	1.1276067886443841
CHI3L1	SRR5176697	1.0271093020097934
CHI3L1	SRR5176698	1.164477770967963
CHI3L1	SRR5176699	51.21227855437303
CHI3L1	SRR5176700	1.0887470529698755
CHI3L1	SRR5176701	1.0339279043721292
CHI3L1	SRR5176702	3476
CHI3L1	SRR5176703	1.0222386939864545
CHI3L1	SRR5176704	1.0043587228536055
CHI3L1	SRR5176705	5787.779564468875
CHI3L1	SRR5176706	5978.455323002178
CHI3L1	SRR5176707	1.0193297719483747
CHI3L1	SRR5176708	1.0095002108494255
CHI3L1	SRR5176709	1.0047509679775968
CHI3L1	SRR5176710	1536
CHI3L1	SRR5176711	5489.42339975422
CHI3L1	SRR5176712	1.0124489319096075
CHI3L1	SRR5176713	6264.775790269215
CHI3L1	SRR5176714	1.0597737530480678
CHI3L1	SRR5176715	1.0012604069024411
CHI3L1	SRR5176716	402.78975510812796
CHI3L1	SRR5176717	1.006427797534363
CHI3L1	SRR5176718	1.0085688845855312
CHI3L1	SRR5176719	170.39583800045511
CHI3L1	SRR5176720	810
CHI3L1	SRR5176721	1555
CHI3L1	SRR5176722	1.01939507511747
CHI3L1	SRR5176723	1.0093325243947782
CHI3L1	SRR5176724	10039.094569534398
CHI3L1	SRR5176725	1.0121298614748808
CHI3L1	SRR5176726	1354
CHI3L1	SRR5176727	671.3828552079029
CHI3L1	SRR5176728	147.5099904018428
CHI3L1	SRR5176729	1.0018717925909741
CHI3L1	SRR5176730	1.0063794832782318
CHI3L1	SRR5176731	1.0045394681954278
CHI3L1	SRR5176732	5157
CHI3L1	SRR5176733	1.00221972623461
CHI3L1	SRR5176734	1.0806477792257758
CHI3L1	SRR5176735	811.8860516492273
CHI3L1	SRR5176736	1123.1715557171196
CHI3L1	SRR5176737	1.0028971271632066
CHI3L1	SRR5176738	363.8303019971595
CHI3L1	SRR5176739	338.6238685101407
CHI3L1	SRR5176740	5554.528045933834
CHI3L1	SRR5176741	3526.5174751598583
CHI3L1	SRR5176742	3416.806979778274
CHI3L1	SRR5176743	1.011462874490941
CHI3L1	SRR5176744	10349.467278314429
CHI3L1	SRR5176745	1.0088524506271404
CHI3L1	SRR5176746	14310.695470903996
CHI3L1	SRR5176747	549
CHI3L1	SRR5176748	1.0012604069024411
CHI3L1	SRR5176749	1.0161679489713202
CHI3L1	SRR5176750	1.0159089388893974
CHI3L1	SRR5176751	509.8090459447308
CHI3L1	SRR5176752	1.0044724723375944
CHI3L1	SRR5176753	203.5300606057169
CHI3L1	SRR5176754	1351.0135793804704
CHI3L1	SRR5176755	8745.066825707374
CHI3L1	SRR5176756	1.0283814664958064
CHI3L1	SRR5176757	1.0554499963578214
CHI3L1	SRR5176758	1.010940517584876
CHI3L1	SRR5176759	449.7839038411361
CHI3L1	SRR5176760	69.39234252802055
CHI3L1	SRR5176761	1143.6009634193797
CHI3L1	SRR5176762	1.0740318196782621
CHI3L1	SRR5176763	7062.096235107012
CHI3L1	SRR5176764	1.0007200381067656
CHI3L1	SRR5176765	591.9760022227521
CHI3L1	SRR5176766	1.0028083682939712
CHI3L1	SRR5176767	14698.764612993182
CHI3L1	SRR5176768	1.0148664495753779
CHI3L1	SRR5176769	9393.004656710138
CHI3L1	SRR5176770	1356.108938262926
CHI3L1	SRR5176771	2447.8920168455206
CHI3L1	SRR5176772	5748.411498420555
CHI3L1	SRR5176773	1609.828497687438
CHI3L1	SRR5176774	1.0060997931780538
CHI3L1	SRR5176775	4245.918799905103
CHI3L1	SRR5176776	1.0081167478238944
CHI3L1	SRR5176777	1.0097815941634372
CHI3L1	SRR5176778	1.005572915612441
CHI3L1	SRR5176779	2691.4906112049034
CHI3L1	SRR5176780	1556.6386713496818
CHI3L1	SRR5176781	1.006184793499986
CHI3L1	SRR5176782	17789.344770113818
CHI3L1	SRR5176783	1.0090657297142456
CHI3L1	SRR5176784	731.9441903499162
CHI3L1	SRR5176785	1.0017262519502124
CHI3L1	SRR5176786	2531
CHI3L1	SRR5176787	9710.26025128611
CHI3L1	SRR5176788	13320.176727624257
CHI3L1	SRR5176789	1.013949547608129
CHI3L1	SRR5176790	1.0093226993929205
CHI3L1	SRR5176791	1.0086741821784493
CHI3L1	SRR5176792	1
CHI3L1	SRR5176793	1.0088841699686975
CHI3L1	SRR5176794	225.00003638618227
CHI3L1	SRR5176795	1.0041337200241454
CHI3L1	SRR5176796	1.0222382848481906
CHI3L1	SRR5176797	425.92125393170227
CHI3L1	SRR5176798	1.0052110855900878
CHI3L1	SRR5176799	163
CHI3L1	SRR5176800	479.6910457088364
CHI3L1	SRR5176801	1805.946763184041
CHI3L1	SRR5176802	2770.8097293530254
CHI3L1	SRR5176803	14654.793119108477
CHI3L1	SRR5176804	2340.421802239362
CHI3L1	SRR5176805	29.110683776034655
CHI3L1	SRR5176806	4474.504479233355
CHI3L1	SRR5176807	1669.0763659092586
CHI3L1	SRR5176808	6399.302627464197
CHI3L1	SRR5176809	508.73182209155055
CHI3L1	SRR5176810	1
CHI3L1	SRR5176811	14575
CHI3L1	SRR5176812	469.50663798042126
CHI3L1	SRR5176813	15163.36257033996
CHI3L1	SRR5176814	1
CHI3L1	SRR5176815	1.013767067239064
CHI3L1	SRR5176816	1.014024061573879
CHI3L1	SRR5176817	1.0051501237216312
CHI3L1	SRR5176818	1.002447533024164
CHI3L1	SRR5176819	1.052525107799273
CHI3L1	SRR5176820	15379.9934803978
CHI3L1	SRR5176821	310.7604433361668
CHI3L1	SRR5176822	1.0288326159382661
CHI3L1	SRR5176823	981.64820562575
CHI3L1	SRR5176824	1.0055802697075793
CHI3L1	SRR5176825	2520.7200734215367
CHI3L1	SRR5176826	419.3530416851731
CHI3L1	SRR5176827	505.8858247973834
CHI3L1	SRR5176828	47.185002671293965
CHI3L1	SRR5176829	26900.327374476972
CHI3L1	SRR5176830	19091.869727239988
CHI3L1	SRR5176831	1206.0982792883071
CHI3L1	SRR5176832	1311.7587841886009
CHI3L1	SRR5176833	20710.97251273116
CHI3L1	SRR5176834	9417.66836352796
CHI3L1	SRR5176835	1.0034861670860973
CHI3L1	SRR5176836	1.000825380374255
CHI3L1	SRR5176837	320.5139205525897
CHI3L1	SRR5176838	7735.148171252107
CHI3L1	SRR5176839	1.040250778085957
CHI3L1	SRR5176840	1856.8635200220667
CHI3L1	SRR5176841	1290.183240839198
CHI3L1	SRR5176842	1.0061368754637303
CHI3L1	SRR5176843	1.0076160966243792
CHI3L1	SRR5176844	1.002883264649812
CHI3L1	SRR5176845	7948.900442120041
CHI3L1	SRR5176846	1.0044337350001697
CHI3L1	SRR5176847	1985.5743298798614
CHI3L1	SRR5176848	1.0084182482829835
CHI3L1	SRR5176849	1.0192261891808638
CHI3L1	SRR5176850	1.0134815678813656
CHI3L1	SRR5176851	1.0010455492408952
CHI3L1	SRR5176852	1.0219393534398167
CHI3L1	SRR5176853	1.002447533024164
CHI3L1	SRR5176854	1.0464063323203885
CHI3L1	SRR5176855	1.0022671640812284
CHI3L1	SRR5176856	1.015767846289757
CHI3L1	SRR5176857	1.0034661181326476
CHI3L1	SRR5176858	1.0068447579623179
CHI3L1	SRR5176859	15.026353234715453
CHI3L1	SRR5176860	2103
CHI3L1	SRR5176861	2509.7758414929785
CHI3L1	SRR5176862	6775.877411748611
CHI3L1	SRR5176863	1.002447533024164
CHI3L1	SRR5176864	2876.751882369812
CHI3L1	SRR5176865	1496.8483461838364
CHI3L1	SRR5176866	2235
CHI3L1	SRR5176867	1.0042054768450526
CHI3L1	SRR5176868	1.0345942081893522
CHI3L1	SRR5176869	832.0314524100561
CHI3L1	SRR5176870	1.004495162244163
CHI3L1	SRR5176871	1343.5372822184954
CHI3L1	SRR5176872	1.0190046497146266
CHI3L1	SRR5861974	1.0130433677592323
CHI3L1	SRR5861975	1.0090231573303534
CHI3L1	SRR5861976	3761.5303609196317
CHI3L1	SRR5861977	222
CHI3L1	SRR5861978	1.0048260094196193
CHI3L1	SRR5861979	1226.3140836948837
CHI3L1	SRR5861980	1
CHI3L1	SRR5861981	2508.662716662411
CHI3L1	SRR5861982	1.2333293129099616
CHI3L1	SRR5861983	1.001620814861132
CHI3L1	SRR5861984	14796.645865413211
CHI3L1	SRR5861985	1.016870477919848
CHI3L1	SRR5861986	1.0019813525502068
CHI3L1	SRR5861987	1.0125418094627725
CHI3L1	SRR5861988	2130.749947556211
CHI3L1	SRR5861989	1.0123248275356085
CHI3L1	SRR5861990	1.002984734062975
CHI3L1	SRR5861991	618
CHI3L1	SRR5861992	894
CHI3L1	SRR5861993	1.003694208229873
CHI3L1	SRR5861994	1
CHI3L1	SRR5861995	1.0086700213995727
CHI3L1	SRR5861996	1.0041304817450423
CHI3L1	SRR5861997	513.6949490884065
CHI3L1	SRR5861998	1.005699730212809
CHI3L1	SRR5861999	1.026742644639398
CHI3L1	SRR5862000	1.0003599542698447
CHI3L1	SRR5862001	1
CHI3L1	SRR5862002	1.0010802515574013
CHI3L1	SRR5862003	28453.486854283416
CHI3L1	SRR5862004	1.005509961707591
CHI3L1	SRR5862005	1.0052491741857592
CHI3L1	SRR5862006	88.32927099636854
CHI3L1	SRR5862007	1.008386543590015
CHI3L1	SRR5862008	1.0039837461421828
CHI3L1	SRR5862009	68.240069140239
CHI3L1	SRR5862010	1.0512612155664167
CHI3L1	SRR5862011	124.26148758095916
CHI3L1	SRR5862012	1738.0501295376514
CHI3L1	SRR5862013	1.0206507030732106
CHI3L1	SRR5862014	1.0048549166779728
CHI3L1	SRR5862015	1661
CHI3L1	SRR5862016	385.5991388170917
CHI3L1	SRR5862017	1.0081920406445979
CHI3L1	SRR5862018	2087.275476852868
CHI3L1	SRR5862019	4518.360347062859
CHI3L1	SRR5862020	1.003363733709208
CHI3L1	SRR5862021	179.0591478125157
CHI3L1	SRR5862022	1.004809174154462
CHI3L1	SRR5862023	1.0074832063331325
CHI3L1	SRR5862024	5621.057814743982
CHI3L1	SRR5862025	1
CHI3L1	SRR5862026	546.1578841217323
CHI3L1	SRR5862027	1.0005399799895063
CHI3L1	SRR5862028	1.1262536898298274
CHI3L1	SRR5862029	1.02024518939608
CHI3L1	SRR5862030	1682.586775297803
CHI3L1	SRR5862031	10292.593516997305
CHI3L1	SRR5862032	1.0733161679094974
CHI3L1	SRR5862033	16.023977745155282
CHI3L1	SRR5862034	1.2455161624992859
CHI3L1	SRR5862035	488.19060017542563
CHI3L1	SRR5862036	1.0173435392265755
CHI3L1	SRR5862037	1.0542964573472537
CHI3L1	SRR5862038	1.0790945062876685
CHI3L1	SRR5862039	462.7975284009981
CHI3L1	SRR5862040	1.0064209215270505
CHI3L1	SRR5862041	4564.233859699784
CHI3L1	SRR5862042	1.0088120788256298
CHI3L1	SRR5862043	657
CHI3L1	SRR5862044	663.905529412905
CHI3L1	SRR5862045	15949.09211127745
CHI3L1	SRR5862046	365.8258886239709
CHI3L1	SRR5862047	1423.282156005131
CHI3L1	SRR5862048	1.2470733792685733
CHI3L1	SRR5862049	1.0154319201015636
CHI3L1	SRR5862050	2538.285581866681
CHI3L1	SRR5862051	1.004672692112038
CHI3L1	SRR5862052	1.0034554838462202
CHI3L1	SRR5862053	193.50719134430764
CHI3L1	SRR5862054	1.0260159995067561
CHI3L1	SRR5862055	1.022637922005436
CHI3L1	SRR5862056	1.0326488670033724
CHI3L1	SRR5862057	1.0076559805417438
CHI3L1	SRR5862058	896.0268446886182
CHI3L1	SRR5862059	1.0276203307721452
CHI3L1	SRR5862060	421.7967556319529
CHI3L1	SRR5862061	1074.8139531630054
CHI3L1	SRR5862062	1801.9725039611005
CHI3L1	SRR5862063	1026.1147182911827
CHI3L1	SRR5862064	4442.589364897153
CHI3L1	SRR5862065	252.63461254949274
CHI3L1	SRR5862066	1.0090241825684263
CHI3L1	SRR5862067	1.2340297724805442
CHI3L1	SRR5862068	668.1389636327943
CHI3L1	SRR5862069	218.46367079547935
CHI3L1	SRR5862070	8427.411316860844
CHI3L1	SRR5862071	1.2517458229536382
CHI3L1	SRR5862072	1.2634612941586179
CHI3L1	SRR5862073	1225.2736826911153
CHI3L1	SRR5862074	402.0112561687943
CHI3L1	SRR5862075	1254.451851045629
CHI3L1	SRR5862076	1.240670619317905
CHI3L1	SRR5862077	811.1706557867965
CHI3L1	SRR5862078	165.9256260243115
CHI3L1	SRR5862079	1.0101026655898993
CHI3L1	SRR5862080	13031.520652325718
CHI3L1	SRR5862081	53.09149135336125
CHI3L1	SRR5862082	5905.075093802905
CHI3L1	SRR5862083	15437
CHI3L1	SRR5862084	544.6879558817802
CHI3L1	SRR5862085	325
CHI3L1	SRR5862086	13545.975699005769
CHI3L1	SRR5862087	10958.303517090353
CHI3L1	SRR5862088	1.121721315480128
CHI3L1	SRR5862089	13759.555952812156
CHI3L1	SRR5862090	825.4086021425974
CHI3L1	SRR5862091	3375.9574572971987
CHI3L1	SRR5862092	16264.094419628735
CHI3L1	SRR5862093	6798.2231945224485
CHI3L1	SRR5862094	1465.2107937674195
CHI3L1	SRR5862095	1.0873315399586785
CHI3L1	SRR5862096	1470.1711699754235
CHI3L1	SRR5862097	7193.563090473293
CHI3L1	SRR5862098	5770.537933174434
CHI3L1	SRR5862099	1.0223775623222773
CHI3L1	SRR5862100	285.74896131154236
CHI3L1	SRR5862101	1.0581490093852495
CHI3L1	SRR5862102	6109.120683933056
CHI3L1	SRR5862103	194.42767692942863
CHI3L1	SRR5862104	1.0041337200241454
CHI3L1	SRR5862105	1.0110064761067548
CHI3L1	SRR5862106	1.0042530086827692
CHI3L1	SRR5862107	2712
CHI3L1	SRR5862108	6360.256984199356
CHI3L1	SRR5862109	746.3417952774078
CHI3L1	SRR5862110	6652.203597810716
CHI3L1	SRR5862111	1942.8594425187578
CHI3L1	SRR5862112	15517.372443626338
CHI3L1	SRR5862113	3968.1242326900197
CHI3L1	SRR5862114	2880.3093792606924
CHI3L1	SRR5862115	7494.174145566287
CHI3L1	SRR5862116	6347.7565068156555
CHI3L1	SRR5862117	1.0032581242663439
CHI3L1	SRR5862118	1.008264382868182
CHI3L1	SRR5862119	1.004072314883195
CHI3L1	SRR5862120	15566.999700542787
CHI3L1	SRR5862121	3002.318902815883
CHI3L1	SRR5862122	15155.845898994416
CHI3L1	SRR5862123	3.006801492243685
CHI3L1	SRR5862124	1.0031693334479748
CHI3L1	SRR5862125	1
CHI3L1	SRR5862126	2700.42854703687
CHI3L1	SRR5862127	815.0133521490677
CHI3L1	SRR5862128	1.003694208229873
CHI3L1	SRR5862129	1.0783123695394767
CHI3L1	SRR5862130	169.03616363660424
CHI3L1	SRR5862131	2623.935435564656
CHI3L1	SRR5862132	16056.439863441612
CHI3L1	SRR5862133	534.4806686870603
CHI3L1	SRR5862134	20206.635750910256
CHI3L1	SRR5862135	2961.5503721209516
CHI3L1	SRR5862136	1999.7195485854195
CHI3L1	SRR5862137	1.00216167005823
CHI3L1	SRR5862138	1619.8561720758414
CHI3L1	SRR5862139	575.7599430448975
CHI3L1	SRR5862140	3807.3119544158826
CHI3L1	SRR5862141	6615.216839327551
CHI3L1	SRR5862142	1.0026860176139818
CHI3L1	SRR5862143	9276.33785594427
CHI3L1	SRR5862144	1115.1885191057056
CHI3L1	SRR5862145	1456.755203506095
CHI3L1	SRR5862146	1.0133733985581923
CHI3L1	SRR5862147	480.41649215736
CHI3L1	SRR5862148	1680
CHI3L1	SRR5862149	1199.7835454482395
CHI3L1	SRR5862150	1171.8094803075678
CHI3L1	SRR5862151	910.8419189713236
CHI3L1	SRR5862152	2867.901039690813
CHI3L1	SRR5862153	1.0203447653969262
CHI3L1	SRR5862154	5487
CHI3L1	SRR5862155	3370.8112559287665
CHI3L1	SRR5862156	1.0252722652958044
CHI3L1	SRR5862157	1.025782636703574
CHI3L1	SRR5862158	747.4033650521611
CHI3L1	SRR5862159	1.005836351775555
CHI3L1	SRR5862160	6364.8545769333095
CHI3L1	SRR5862161	1.0027199110450864
CHI3L1	SRR5862162	12687.202239472184
CHI3L1	SRR5862163	9983.636420326779
CHI3L1	SRR5862164	378.0116353491457
CHI3L1	SRR5862165	1.0042943593727842
CHI3L1	SRR5862166	275.16532437907875
CHI3L1	SRR5862167	1.002086827591817
CHI3L1	SRR5862168	1.0016514420012725
CHI3L1	SRR5862169	17313.655001038413
CHI3L1	SRR5862170	14344.895159123675
CHI3L1	SRR5862171	6151.329592348486
CHI3L1	SRR5862172	5837.058870113887
CHI3L1	SRR5862173	14090.786996010283
CHI3L1	SRR5862174	1.0281268623068158
CHI3L1	SRR5862175	1312.3027683020227
CHI3L1	SRR5862176	1.0171349305854593
CHI3L1	SRR5862177	1779.9727885752357
CHI3L1	SRR5862178	1.0285351424147229
CHI3L1	SRR5862179	1245.9411291583742
CHI3L1	SRR5862180	1.163410651901285
CHI3L1	SRR5862181	8787.792862061058
CHI3L1	SRR5862182	3643.9779198460433
CHI3L1	SRR5862183	10640.719004983906
CHI3L1	SRR5862184	4754.757312135926
CHI3L1	SRR5862185	1
CHI3L1	SRR5862186	395.84860283503514
CHI3L1	SRR5862187	18822.396920168892
CHI3L1	SRR5862188	1.0388632588888775
CHI3L1	SRR5862189	1.0080998574243627
CHI3L1	SRR5862190	13956.421019408315
CHI3L1	SRR5862191	1398.9197768696554
CHI3L1	SRR5862192	1.0447528439170217
CHI3L1	SRR5862193	573.0333961307899
CHI3L1	SRR5862194	111.57583479236985
CHI3L1	SRR5862195	7039.850791983126
CHI3L1	SRR5862196	2399
CHI3L1	SRR5862197	449
CHI3L1	SRR5862198	1.1006263597390016
CHI3L1	SRR5862199	1.002447533024164
CHI3L1	SRR5862200	1.002117468981499
CHI3L1	SRR5862201	717.5445609370636
CHI3L1	SRR5862202	92.92770577414551
CHI3L1	SRR5862203	1.033482189187862
CHI3L1	SRR5862204	2318
CHI3L1	SRR5862205	3711
CHI3L1	SRR5862206	1.0177742386248947
CHI3L1	SRR5862207	3753.6512014477694
CHI3L1	SRR5862208	1.0189273711359403
CHI3L1	SRR5862209	1.0111265812321877
CHI3L1	SRR5862210	1
CHI3L1	SRR5862211	1.0321768293944853
CHI3L1	SRR5862212	1.0087809371964969
CHI3L1	SRR5862213	8234.501028254204
CHI3L1	SRR5862214	7034.934204829187
CHI3L1	SRR5862215	916.1686196572181
CHI3L1	SRR5862216	1619.7476380999913
CHI3L1	SRR5862217	1.0064377837965335
CHI3L1	SRR5862218	1.0009001286274537
CHI3L1	SRR5862219	8197.885891804634
CHI3L1	SRR5862220	3076.6746046914122
CHI3L1	SRR5862221	2260
CHI3L1	SRR5862222	576.8576429355119
CHI3L1	SRR5862223	1.0429841423303001
CHI3L1	SRR5862224	1.007644976521039
CHI3L1	SRR5862225	9960.065180192052
CHI3L1	SRR5862226	13.014043270246217
CHI3L1	SRR5862227	211
CHI3L1	SRR5862228	1.0088969487682873
CHI3L1	SRR5862229	1.005836351775555
CHI3L1	SRR5862230	1.0052323318307268
CHI3L1	SRR5862231	1.0020393982806224
CHI3L1	SRR5862232	1.014834368071843
CHI3L1	SRR5862233	1.0027334775314678
CHI3L1	SRR5862234	1.0057748425146649
CHI3L1	SRR5862235	1.0009001286274537
CHI3L1	SRR5862236	1.002117468981499
CHI3L1	SRR5862237	1.030696233812855
CHI3L1	SRR5862238	1.000825380374255
CHI3L1	SRR5862239	1.007643811307862
CHI3L1	SRR5862240	1.0027028173063115
CHI3L1	SRR5862241	2.0122933389079476
CHI3L1	SRR5862242	1.0068340878705722
CHI3L1	SRR5862243	1.0055084743211022
CHI3L1	SRR5862244	1.014062871686957
CHI3L1	SRR5862245	1.0179113233903831
CHI3L1	SRR5862246	1.0018838921166466
CHI3L1	SRR5862247	1.0054744269623506
CHI3L1	SRR5862248	1.0007200381067656
CHI3L1	SRR5862249	1.014824489514172
CHI3L1	SRR5862250	1.0105296734932572
CHI3L1	SRR5862251	1.0100832966107522
CHI3L1	SRR5862252	1.0025224024304422
CHI3L1	SRR5862253	1.0076222154653056
CHI3L1	SRR5862254	1.0069504499529853
CHI3L1	SRR5862255	1.0077540024677532
CHI3L1	SRR5862256	1.0154304835599302
CHI3L1	SRR5862257	1.0133332028501592
CHI3L1	SRR5862258	1.002553057138948
CHI3L1	SRR5862259	1.0134145129264618
CHI3L1	SRR5862260	1.0641135195805316
CHI3L1	SRR5862261	1.0162121900968593
CHI3L1	SRR5862262	1.0096833750182226
CHI3L1	SRR5862263	1.045022718956458
CHI3L1	SRR5862264	1.0056553730873352
CHI3L1	SRR5862265	1.00118563174329
CHI3L1	SRR5862266	1.0054268373142463
CHI3L1	SRR5862267	1.0548744221196733
CHI3L1	SRR5862268	1.0048260094196193
CHI3L1	SRR5862269	1.0038780714396673
CHI3L1	SRR5862270	1.00221972623461
CHI3L1	SRR5862271	1.0058638639474222
CHI3L1	SRR5862272	1.011046062783337
CHI3L1	SRR5862273	1.0033150837538076
CHI3L1	SRR5862274	1.0045394681954278
CHI3L1	SRR5862275	1.0127963981370376
CHI3L1	SRR5862276	1.0171325747477717
CHI3L1	SRR5862277	1.012407898752116
CHI3L1	SRR5949109	745.7379022212291
CHI3L1	SRR5949110	744.7494642724041
CHI3L1	SRR5949111	745.7334479782633
CHI3L1	SRR5949112	745.7476155083599
CHI3L1	SRR5949113	745.4010163601235
CHI3L1	SRR5949114	745.7476155083599
CHI3L1	SRR5949115	745.7379022212291
CHI3L1	SRR5949116	745.6965184559008
CHI3L1	SRR5949117	745.7476155083599
CHI3L1	SRR5949118	745.6701552280333
CHI3L1	SRR5949119	745.74668734425
CHI3L1	SRR5949120	745.6527879223937
CHI3L1	SRR5949121	745.6527879223937
CHI3L1	SRR5949122	745.6256759259024
CHI3L1	SRR5949123	745.5613719995881
CHI3L1	SRR5949124	745.2452121482249
CHI3L1	SRR5949125	745.4010163601235
CHI3L1	SRR5949126	745.6256759259024
CHI3L1	SRR5949127	745.6527879223937
CHI3L1	SRR5949128	745.6527879223937
CHI3L1	SRR5949129	745.74668734425
CHI3L1	SRR5949130	745.7334479782633
CHI3L1	SRR5949131	745.5779913746082
CHI3L1	SRR5949132	745.7379022212291
CHI3L1	SRR5949133	745.6410019572085
CHI3L1	SRR5949134	745.7476155083599
CHI3L1	SRR5949135	745.6936083553962
CHI3L1	SRR5949136	745.743595405541
CHI3L1	SRR5949137	745.3086226471323
CHI3L1	SRR5949138	745.5664946622177
CHI3L1	SRR5949139	745.6353219454907
CHI3L1	SRR5949140	745.7334479782633
CHI3L1	SRR5949141	745.74668734425
CHI3L1	SRR5949142	745.7334479782633
CHI3L1	SRR5949143	745.7476155083599
CHI3L1	SRR5949144	745.6410019572085
CHI3L1	SRR5949145	745.6701552280333
CHI3L1	SRR5949146	745.6625375078729
CHI3L1	SRR5949147	745.6625375078729
CHI3L1	SRR5949148	745.1885645196453
CHI3L1	SRR5949149	745.6701552280333
CHI3L1	SRR5949150	745.74668734425
CHI3L1	SRR5949151	745.5385003891514
CHI3L1	SRR5949152	744.2980984121111
CHI3L1	SRR5949153	745.6215835057973
CHI3L1	SRR5949154	745.0010142974719
CHI3L1	SRR5949155	745.6701552280333
CHI3L1	SRR5949156	745.74668734425
CHI3L1	SRR5949157	745.7379022212291
CHI3L1	SRR5949158	745.7476155083599
CHI3L1	SRR5949159	745.0776491168314
CHI3L1	SRR5949160	745.7379022212291
CHI3L1	SRR5949161	745.7334479782633
CHI3L1	SRR5949162	745.7379022212291
CHI3L1	SRR5949163	745.74668734425
CHI3L1	SRR5949164	745.7476155083599
CHI3L1	SRR5949165	745.6965184559008
CHI3L1	SRR5949166	745.74668734425
CHI3L1	SRR5949167	745.6701552280333
CHI3L1	SRR5949168	745.6936083553962
CHI3L1	SRR5949169	742.6667786354172
CHI3L1	SRR5949170	745.7476155083599
CHI3L1	SRR5949171	745.5718589550046
CHI3L1	SRR5949172	745.5687950449194
CHI3L1	SRR5949173	745.7379022212291
CHI3L1	SRR5949174	745.6936083553962
CHI3L1	SRR5949175	745.7476155083599
CHI3L1	SRR5949176	745.6527879223937
CHI3L1	SRR5949177	745.1276138795909
CHI3L1	SRR5949178	745.6215835057973
CHI3L1	SRR5949179	745.7334479782633
CHI3L1	SRR5949180	745.7476155083599
CHI3L1	SRR5949181	745.743595405541
CHI3L1	SRR5949182	745.6410019572085
CHI3L1	SRR5949183	745.74668734425
CHI3L1	SRR5949184	745.6965184559008
CHI3L1	SRR5949185	745.5687950449194
CHI3L1	SRR5949186	745.3523909238113
CHI3L1	SRR5949187	745.7334479782633
CHI3L1	SRR5949188	745.6936083553962
CHI3L1	SRR5949189	745.6527879223937
CHI3L1	SRR5949190	745.6701552280333
CHI3L1	SRR5949191	745.5718589550046
CHI3L1	SRR5949192	745.743595405541
CHI3L1	SRR5949193	745.74668734425
CHI3L1	SRR5949194	745.7379022212291
CHI3L1	SRR5949195	745.6965184559008
CHI3L1	SRR5949196	745.5779913746082
CHI3L1	SRR5949197	745.4759715658331
CHI3L1	SRR5949198	745.2670098592343
CHI3L1	SRR5949199	745.6256759259024
CHI3L1	SRR5949200	745.74668734425
CHI3L1	SRR5949201	745.6936083553962
CHI3L1	SRR5949202	745.7334479782633
CHI3L1	SRR5949203	745.7379022212291
CHI3L1	SRR5949204	745.7476155083599
CHI3L1	SRR5949205	745.7476155083599
CHI3L1	SRR5949206	745.6965184559008
CHI3L1	SRR5949207	745.7379022212291
CHI3L1	SRR5949208	745.6701552280333
CHI3L1	SRR5949209	745.7379022212291
CHI3L1	SRR5949210	745.6936083553962
CHI3L1	SRR5949211	745.4759715658331
CHI3L1	SRR5949212	745.6936083553962
CHI3L1	SRR5949213	745.6256759259024
CHI3L1	SRR5949214	745.5385003891514
CHI3L1	SRR5949215	745.6527879223937
CHI3L1	SRR5949216	745.7334479782633
CHI3L1	SRR5949217	745.7334479782633
CHI3L1	SRR5949218	745.6410019572085
CHI3L1	SRR5949219	745.6527879223937
CHI3L1	SRR5949220	745.5687950449194
CHI3L1	SRR5949221	745.5385003891514
CHI3L1	SRR5949222	745.6527879223937
CHI3L1	SRR5949223	745.1276138795909
CHI3L1	SRR5949224	745.6701552280333
CHI3L1	SRR5949225	745.743595405541
CHI3L1	SRR5949226	745.5687950449194
CHI3L1	SRR5949227	745.743595405541
CHI3L1	SRR5949228	745.5687950449194
CHI3L1	SRR5949229	745.5664946622177
CHI3L1	SRR5949230	745.743595405541
CHI3L1	SRR5949231	745.502520584632
CHI3L1	SRR5949232	744.9578446262573
CHI3L1	SRR5949233	745.1404080034346
CHI3L1	SRR5949234	745.6625375078729
CHI3L1	SRR5949235	745.5687950449194
CHI3L1	SRR5949236	744.4729901178856
CHI3L1	SRR5949237	745.502520584632
CHI3L1	SRR5949238	745.3523909238113
CHI3L1	SRR5949239	744.600150909209
CHI3L1	SRR5949240	745.74668734425
CHI3L1	SRR5949241	745.6701552280333
CHI3L1	SRR5949242	745.6936083553962
CHI3L1	SRR5949243	745.6215835057973
CHI3L1	SRR5949244	745.6256759259024
CHI3L1	SRR5949245	745.6353219454907
CHI3L1	SRR5949246	745.6936083553962
CHI3L1	SRR5949247	745.6625375078729
CHI3L1	SRR5949248	745.6965184559008
CHI3L1	SRR5949249	745.6936083553962
CHI3L1	SRR5949250	745.7476155083599
CHI3L1	SRR5949251	745.5687950449194
CHI3L1	SRR5949252	745.7379022212291
CHI3L1	SRR5949253	745.4539295827099
CHI3L1	SRR5949254	745.5482692134783
CHI3L1	SRR5949255	745.6936083553962
CHI3L1	SRR5949256	745.6353219454907
CHI3L1	SRR5949257	745.74668734425
CHI3L1	SRR5949258	745.74668734425
CHI3L1	SRR5949259	745.6410019572085
CHI3L1	SRR5949260	745.7476155083599
CHI3L1	SRR5949261	745.7476155083599
CHI3L1	SRR5949262	745.6256759259024
CHI3L1	SRR5949263	745.6965184559008
CHI3L1	SRR5949264	745.6527879223937
CHI3L1	SRR5949265	745.7379022212291
CHI3L1	SRR5949266	745.3306863791709
CHI3L1	SRR5949267	745.3405778570036
CHI3L1	SRR5949268	745.743595405541
CHI3L1	SRR5949269	745.6527879223937
CHI3L1	SRR5949270	745.6936083553962
CHI3L1	SRR5949271	745.5613719995881
CHI3L1	SRR5949272	745.7476155083599
CHI3L1	SRR5949273	745.7476155083599
CHI3L1	SRR5949274	745.6965184559008
CHI3L1	SRR5949275	745.5482692134783
CHI3L1	SRR5949276	745.6965184559008
CHI3L1	SRR5949277	745.3405778570036
CHI3L1	SRR5949278	745.7334479782633
CHI3L1	SRR5949279	745.7334479782633
CHI3L1	SRR5949280	745.4449090067246
CHI3L1	SRR5949281	745.6936083553962
CHI3L1	SRR5949282	745.7476155083599
CHI3L1	SRR5949283	745.5119907871151
CHI3L1	SRR5949284	745.7476155083599
CHI3L1	SRR5949285	744.9530070701461
CHI3L1	SRR5949286	745.3306863791709
CHI3L1	SRR5949287	745.7476155083599
CHI3L1	SRR5949288	745.7334479782633
CHI3L1	SRR5949289	745.6353219454907
CHI3L1	SRR5949290	745.7476155083599
CHI3L1	SRR5949291	745.6936083553962
CHI3L1	SRR5949292	745.6625375078729
CHI3L1	SRR5949293	745.7476155083599
CHI3L1	SRR5949294	745.74668734425
CHI3L1	SRR5949295	745.7334479782633
CHI3L1	SRR5949296	745.6965184559008
CHI3L1	SRR5949297	745.7379022212291
CHI3L1	SRR5949298	745.5718589550046
CHI3L1	SRR5949299	745.6625375078729
CHI3L1	SRR5949300	745.74668734425
CHI3L1	SRR5949301	745.74668734425
CHI3L1	SRR5949302	745.6353219454907
CHI3L1	SRR5949303	745.5779913746082
CHI3L1	SRR5949304	745.7379022212291
CHI3L1	SRR5949305	745.332383490277
CHI3L1	SRR5949306	745.7379022212291
CHI3L1	SRR5949307	745.6625375078729
CHI3L1	SRR5949308	745.6965184559008
CHI3L1	SRR5949309	745.5613719995881
CHI3L1	SRR5949310	745.5613719995881
CHI3L1	SRR5949311	745.6625375078729
CHI3L1	SRR5949312	745.4935826608511
CHI3L1	SRR5949313	745.6936083553962
CHI3L1	SRR5949314	745.74668734425
CHI3L1	SRR5949315	745.6936083553962
CHI3L1	SRR5949316	745.7334479782633
CHI3L1	SRR5949317	745.3834918502824
CHI3L1	SRR5949318	745.3440153459519
CHI3L1	SRR5949319	745.7379022212291
CHI3L1	SRR5949320	745.7476155083599
CHI3L1	SRR5949321	745.6965184559008
CHI3L1	SRR5949322	745.5687950449194
CHI3L1	SRR5949323	745.6936083553962
CHI3L1	SRR5949324	745.7476155083599
CHI3L1	SRR5949325	745.7334479782633
CHI3L1	SRR5949326	745.6701552280333
CHI3L1	SRR5949327	745.3063947395171
CHI3L1	SRR5949328	745.7379022212291
CHI3L1	SRR5949329	745.743595405541
CHI3L1	SRR5949330	745.7334479782633
CHI3L1	SRR5949331	745.743595405541
CHI3L1	SRR5949332	745.7476155083599
CHI3L1	SRR5949333	745.6410019572085
CHI3L1	SRR5949334	745.4935826608511
CHI3L1	SRR5949335	745.74668734425
CHI3L1	SRR5949336	745.6965184559008
CHI3L1	SRR5949337	745.743595405541
CHI3L1	SRR5949338	745.7334479782633
CHI3L1	SRR5949339	745.7334479782633
CHI3L1	SRR5949340	745.5779913746082
CHI3L1	SRR5949341	745.6410019572085
CHI3L1	SRR5949342	745.7379022212291
CHI3L1	SRR5949343	745.6527879223937
CHI3L1	SRR5949344	745.7379022212291
CHI3L1	SRR5949345	745.743595405541
CHI3L1	SRR5949346	3574.184382935889
CHI3L1	SRR5949347	745.4730810473717
CHI3L1	SRR5949348	744.9815494032085
CHI3L1	SRR5949349	745.7334479782633
CHI3L1	SRR5949350	745.6936083553962
CHI3L1	SRR5949351	745.6936083553962
CHI3L1	SRR5949352	745.6965184559008
CHI3L1	SRR5949353	745.7334479782633
CHI3L1	SRR5949354	745.5603152736613
CHI3L1	SRR5949355	745.6625375078729
CHI3L1	SRR5949356	743.7408750414784
CHI3L1	SRR5949357	745.6625375078729
CHI3L1	SRR5949358	745.6701552280333
CHI3L1	SRR5949359	745.7334479782633
CHI3L1	SRR5949360	745.6410019572085
CHI3L1	SRR5949361	745.6353219454907
CHI3L1	SRR5949362	744.4744961380726
CHI3L1	SRR5949363	745.743595405541
CHI3L1	SRR5949364	745.5708329295309
CHI3L1	SRR5949365	745.4539295827099
CHI3L1	SRR5949366	744.1443312808879
CHI3L1	SRR5949367	745.7476155083599
CHI3L1	SRR5949368	745.0277113021656
CHI3L1	SRR5949369	745.74668734425
CHI3L1	SRR5949370	745.7379022212291
CHI3L1	SRR5949371	745.5664946622177
CHI3L1	SRR5949372	745.6936083553962
CHI3L1	SRR5949373	745.74668734425
CHI3L1	SRR5949374	745.5718589550046
CHI3L1	SRR5949375	745.74668734425
CHI3L1	SRR5949376	745.7476155083599
CHI3L1	SRR5949377	745.7334479782633
CHI3L1	SRR5949378	745.7476155083599
CHI3L1	SRR5949379	745.7334479782633
CHI3L1	SRR5949380	745.1935304634562
CHI3L1	SRR5949381	745.5482692134783
CHI3L1	SRR5949382	745.7334479782633
CHI3L1	SRR5949383	745.6256759259024
CHI3L1	SRR5949384	745.74668734425
CHI3L1	SRR5949385	745.6215835057973
CHI3L1	SRR5949386	745.7476155083599
CHI3L1	SRR5949387	744.54965032929
CHI3L1	SRR5949388	745.5470596064288
CHI3L1	SRR5949389	745.7476155083599
CHI3L1	SRR5949390	745.6936083553962
CHI3L1	SRR5949391	745.5664946622177
CHI3L1	SRR5949392	745.7476155083599
CHI3L1	SRR5949393	745.5664946622177
CHI3L1	SRR5949394	745.5119907871151
CHI3L1	SRR5949395	745.6936083553962
CHI3L1	SRR5949396	745.1276138795909
CHI3L1	SRR5949397	745.74668734425
CHI3L1	SRR5949398	745.743595405541
CHI3L1	SRR5949399	745.6701552280333
CHI3L1	SRR5949400	742.2027472284972
CHI3L1	SRR5949401	745.7476155083599
CHI3L1	SRR5949402	745.6965184559008
CHI3L1	SRR5949403	745.6527879223937
CHI3L1	SRR5949404	745.5664946622177
CHI3L1	SRR5949405	745.7334479782633
CHI3L1	SRR5949406	745.74668734425
CHI3L1	SRR5949407	745.7334479782633
CHI3L1	SRR5949408	745.7334479782633
CHI3L1	SRR5949409	745.6965184559008
CHI3L1	SRR5949410	745.6936083553962
CHI3L1	SRR5949411	745.7476155083599
CHI3L1	SRR5949412	745.6256759259024
CHI3L1	SRR5949413	745.6965184559008
CHI3L1	SRR5949414	745.7334479782633
CHI3L1	SRR5949415	745.7379022212291
CHI3L1	SRR5949416	745.6625375078729
CHI3L1	SRR5949417	745.6410019572085
CHI3L1	SRR5949418	745.7334479782633
CHI3L1	SRR5949419	745.7379022212291
CHI3L1	SRR5949420	745.6527879223937
CHI3L1	SRR5949421	745.6410019572085
CHI3L1	SRR5949422	745.6625375078729
CHI3L1	SRR5949423	745.6625375078729
CHI3L1	SRR5949424	745.7476155083599
CHI3L1	SRR5949425	745.6625375078729
CHI3L1	SRR5949426	745.743595405541
CHI3L1	SRR5949427	745.6625375078729
CHI3L1	SRR5949428	745.7476155083599
CHI3L1	SRR5949429	745.4935826608511
CHI3L1	SRR5949430	745.6936083553962
CHI3L1	SRR5949431	745.6936083553962
CHI3L1	SRR5949432	745.6936083553962
CHI3L1	SRR5949433	745.6701552280333
CHI3L1	SRR5949434	745.6701552280333
CHI3L1	SRR5949435	745.5482692134783
CHI3L1	SRR5949436	745.7379022212291
CHI3L1	SRR5949437	745.5385003891514
CHI3L1	SRR5949438	745.4449090067246
CHI3L1	SRR5949439	745.74668734425
CHI3L1	SRR5949440	745.743595405541
CHI3L1	SRR5949441	745.743595405541
CHI3L1	SRR5949442	745.5779913746082
CHI3L1	SRR5949443	745.5687950449194
CHI3L1	SRR5949444	745.5470596064288
CHI3L1	SRR5949445	745.7476155083599
CHI3L1	SRR5949446	745.7379022212291
CHI3L1	SRR5949447	745.6625375078729
CHI3L1	SRR5949448	745.7476155083599
CHI3L1	SRR5949449	745.7476155083599
CHI3L1	SRR5949450	745.6936083553962
CHI3L1	SRR5949451	745.6410019572085
CHI3L1	SRR5949452	745.6936083553962
CHI3L1	SRR5949453	745.6701552280333
CHI3L1	SRR5949454	745.7334479782633
CHI3L1	SRR5949455	745.6625375078729
CHI3L1	SRR5949456	745.74668734425
CHI3L1	SRR5949457	745.743595405541
CHI3L1	SRR5949458	745.74668734425
CHI3L1	SRR5949459	745.6965184559008
CHI3L1	SRR5949460	745.5664946622177
CHI3L1	SRR5949461	745.332383490277
CHI3L1	SRR5949462	745.7379022212291
CHI3L1	SRR5949463	745.5613719995881
CHI3L1	SRR5949464	745.5119907871151
CHI3L1	SRR5949465	745.1885645196453
CHI3L1	SRR5949466	745.6936083553962
CHI3L1	SRR5949467	745.2452121482249
CHI3L1	SRR5949468	745.7379022212291
CHI3L1	SRR5949469	745.743595405541
CHI3L1	SRR5949470	745.7334479782633
CHI3L1	SRR5949471	745.6527879223937
CHI3L1	SRR5949472	745.6965184559008
CHI3L1	SRR5949473	745.6965184559008
CHI3L1	SRR5949474	745.6701552280333
CHI3L1	SRR5949475	745.7476155083599
CHI3L1	SRR5949476	745.7334479782633
CHI3L1	SRR5949477	745.743595405541
CHI3L1	SRR5949478	745.6965184559008
CHI3L1	SRR5949479	745.3834918502824
CHI3L1	SRR5949480	745.6527879223937
CHI3L1	SRR5949481	745.743595405541
CHI3L1	SRR5949482	745.6215835057973
CHI3L1	SRR5949483	745.4010163601235
CHI3L1	SRR5949484	745.7379022212291
CHI3L1	SRR5949485	745.5482692134783
CHI3L1	SRR5949486	745.6701552280333
CHI3L1	SRR5949487	745.6527879223937
CHI3L1	SRR5949488	745.4759715658331
CHI3L1	SRR5949489	745.5708329295309
CHI3L1	SRR5949490	745.5718589550046
CHI3L1	SRR5949491	745.6701552280333
CHI3L1	SRR5949492	745.5718589550046
CHI3L1	SRR5949493	745.6410019572085
CHI3L1	SRR5949494	745.7476155083599
CHI3L1	SRR5949495	745.5119907871151
CHI3L1	SRR5949496	745.6410019572085
CHI3L1	SRR5949497	745.6527879223937
CHI3L1	SRR5949498	745.6936083553962
CHI3L1	SRR5949499	745.7379022212291
CHI3L1	SRR5949500	745.4390570624744
CHI3L1	SRR5949501	745.5495338479692
CHI3L1	SRR5949502	745.4010163601235
CHI3L1	SRR5949503	745.5718589550046
CHI3L1	SRR5949504	745.7334479782633
CHI3L1	SRR5949505	745.7334479782633
CHI3L1	SRR5949506	745.7334479782633
CHI3L1	SRR5949507	745.743595405541
CHI3L1	SRR5949508	745.6410019572085
CHI3L1	SRR5949509	745.7379022212291
CHI3L1	SRR5949510	745.7334479782633
CHI3L1	SRR5949511	3574.0093780205334
CHI3L1	SRR5949512	745.6965184559008
CHI3L1	SRR5949513	745.7476155083599
CHI3L1	SRR5949514	745.6256759259024
CHI3L1	SRR5949515	745.7379022212291
CHI3L1	SRR5949516	745.6936083553962
CHI3L1	SRR5949517	745.7334479782633
CHI3L1	SRR5949518	745.4010163601235
CHI3L1	SRR5949519	745.5664946622177
CHI3L1	SRR5949520	745.743595405541
CHI3L1	SRR5949521	745.332383490277
CHI3L1	SRR5949522	745.6965184559008
CHI3L1	SRR5949523	745.743595405541
CHI3L1	SRR5949524	745.6701552280333
CHI3L1	SRR5949525	745.6215835057973
CHI3L1	SRR5949526	745.2947422132293
CHI3L1	SRR5949527	745.5718589550046
CHI3L1	SRR5949528	744.8582545923472
CHI3L1	SRR5949529	745.5495338479692
CHI3L1	SRR5949530	745.6527879223937
CHI3L1	SRR5949531	745.6353219454907
CHI3L1	SRR5949532	745.743595405541
CHI3L1	SRR5949533	745.7476155083599
CHI3L1	SRR5949534	745.5779913746082
CHI3L1	SRR5949535	745.7334479782633
CHI3L1	SRR5949536	745.6936083553962
CHI3L1	SRR5949537	745.7379022212291
CHI3L1	SRR5949538	745.7476155083599
CHI3L1	SRR5949539	745.6410019572085
CHI3L1	SRR5949540	745.5603152736613
CHI3L1	SRR5949541	745.6527879223937
CHI3L1	SRR5949542	745.5603152736613
CHI3L1	SRR5949543	745.6701552280333
CHI3L1	SRR5949544	745.5664946622177
CHI3L1	SRR5949545	745.4449090067246
CHI3L1	SRR5949546	745.5718589550046
CHI3L1	SRR5949547	745.7476155083599
CHI3L1	SRR5949548	745.6701552280333
CHI3L1	SRR5949549	745.4539295827099
CHI3L1	SRR5949550	745.1947848065862
CHI3L1	SRR5949551	745.6965184559008
CHI3L1	SRR5949552	745.5119907871151
CHI3L1	SRR5949553	745.74668734425
CHI3L1	SRR5949554	745.7334479782633
CHI3L1	SRR5949555	9162.789059311961
CHI3L1	SRR5949556	745.5482692134783
CHI3L1	SRR5949557	745.6701552280333
CHI3L1	SRR5949558	745.5119907871151
CHI3L1	SRR5949559	745.7379022212291
CHI3L1	SRR5949560	745.743595405541
CHI3L1	SRR5949561	745.3180376745221
CHI3L1	SRR5949562	745.5119907871151
CHI3L1	SRR5949563	745.6625375078729
CHI3L1	SRR5949564	745.6936083553962
CHI3L1	SRR5949565	745.74668734425
CHI3L1	SRR5949566	745.7334479782633
CHI3L1	SRR5949567	744.5692538879536
CHI3L1	SRR5949568	745.5603152736613
CHI3L1	SRR5949569	745.5708329295309
CHI3L1	SRR5949570	745.6527879223937
CHI3L1	SRR5949571	745.4449090067246
CHI3L1	SRR5949572	745.6410019572085
CHI3L1	SRR5949573	745.5664946622177
CHI3L1	SRR5949574	745.6701552280333
CHI3L1	SRR5949575	745.6410019572085
CHI3L1	SRR5949576	745.6215835057973
CHI3L1	SRR5949577	745.74668734425
CHI3L1	SRR5949578	745.6936083553962
CHI3L1	SRR5949579	745.7334479782633
CHI3L1	SRR5949580	745.7379022212291
CHI3L1	SRR5949581	745.7476155083599
CHI3L1	SRR5949582	745.5687950449194
CHI3L1	SRR5949583	745.74668734425
CHI3L1	SRR5949584	745.257705522347
CHI3L1	SRR5949585	745.6965184559008
CHI3L1	SRR5949586	745.7334479782633
CHI3L1	SRR5949587	745.6701552280333
CHI3L1	SRR5949588	744.842387713595
CHI3L1	SRR5949589	745.7476155083599
CHI3L1	SRR5949590	745.5718589550046
CHI3L1	SRR5949591	745.7379022212291
CHI3L1	SRR5949592	745.6410019572085
CHI3L1	SRR5949593	745.7476155083599
CHI3L1	SRR5949594	745.6410019572085
CHI3L1	SRR5949595	745.6965184559008
CHI3L1	SRR5949596	745.6625375078729
CHI3L1	SRR5949597	745.3834918502824
CHI3L1	SRR5949598	745.6410019572085
CHI3L1	SRR5949599	745.5708329295309
CHI3L1	SRR5949600	745.6936083553962
CHI3L1	SRR5949601	745.6410019572085
CHI3L1	SRR5949602	745.7476155083599
CHI3L1	SRR5949603	745.6936083553962
CHI3L1	SRR5949604	745.7334479782633
CHI3L1	SRR5949605	745.6410019572085
CHI3L1	SRR5949606	745.502520584632
CHI3L1	SRR5949607	745.743595405541
CHI3L1	SRR5949608	745.3306863791709
CHI3L1	SRR5950246	745.2947422132293
CHI3L1	SRR5950247	745.5119907871151
CHI3L1	SRR5950248	745.6936083553962
CHI3L1	SRR5950249	745.7476155083599
CHI3L1	SRR5950250	745.5664946622177
CHI3L1	SRR5950251	745.6936083553962
CHI3L1	SRR5950252	745.74668734425
CHI3L1	SRR5950253	745.6965184559008
CHI3L1	SRR5950254	745.502520584632
CHI3L1	SRR5950255	745.3405778570036
CHI3L1	SRR5950256	745.0257645881966
CHI3L1	SRR5950257	745.0277113021656
CHI3L1	SRR5950258	745.6936083553962
CHI3L1	SRR5950259	745.743595405541
CHI3L1	SRR5950260	745.6936083553962
CHI3L1	SRR5950261	745.6965184559008
CHI3L1	SRR5950262	745.6256759259024
CHI3L1	SRR5950263	745.3834918502824
CHI3L1	SRR5950264	745.743595405541
CHI3L1	SRR5950265	745.5613719995881
CHI3L1	SRR5950266	745.2387400101883
CHI3L1	SRR5950267	745.6936083553962
CHI3L1	SRR5950268	745.6410019572085
CHI3L1	SRR5950269	745.6410019572085
CHI3L1	SRR5950270	745.4730810473717
CHI3L1	SRR5950271	745.7476155083599
CHI3L1	SRR5950272	745.7476155083599
CHI3L1	SRR5950273	745.6936083553962
CHI3L1	SRR5950274	745.5779913746082
CHI3L1	SRR5950275	745.6410019572085
CHI3L1	SRR5950276	745.6965184559008
CHI3L1	SRR5950277	745.5495338479692
CHI3L1	SRR5950278	745.3523909238113
CHI3L1	SRR5950279	745.6625375078729
CHI3L1	SRR5950280	745.7334479782633
CHI3L1	SRR5950281	745.6410019572085
CHI3L1	SRR5950282	745.3837159698813
CHI3L1	SRR5950283	745.6965184559008
CHI3L1	SRR5950284	743.6324956641384
CHI3L1	SRR5950285	745.5385003891514
CHI3L1	SRR5950286	745.6701552280333
CHI3L1	SRR5950287	745.3440153459519
CHI3L1	SRR5950288	745.5603152736613
CHI3L1	SRR5950289	745.3086226471323
CHI3L1	SRR5950290	745.7379022212291
CHI3L1	SRR5950291	745.6965184559008
CHI3L1	SRR5950292	745.6256759259024
CHI3L1	SRR5950293	745.4539295827099
CHI3L1	SRR5950294	745.7476155083599
CHI3L1	SRR5950295	745.743595405541
CHI3L1	SRR5950296	745.6701552280333
CHI3L1	SRR5950297	745.502520584632
CHI3L1	SRR5950298	745.7379022212291
CHI3L1	SRR5950299	745.5687950449194
CHI3L1	SRR5950300	745.6701552280333
CHI3L1	SRR5950301	745.6965184559008
CHI3L1	SRR5950302	745.6527879223937
CHI3L1	SRR5950303	745.5779913746082
CHI3L1	SRR5950304	745.4935826608511
CHI3L1	SRR5950305	745.6527879223937
CHI3L1	SRR5950306	745.6625375078729
CHI3L1	SRR5950307	745.5708329295309
CHI3L1	SRR5950308	745.6353219454907
CHI3L1	SRR5950309	745.6410019572085
CHI3L1	SRR5950310	745.6701552280333
CHI3L1	SRR5950311	745.7379022212291
CHI3L1	SRR5950312	745.6936083553962
CHI3L1	SRR5950313	745.6256759259024
CHI3L1	SRR5950314	745.7379022212291
CHI3L1	SRR5950315	745.6965184559008
CHI3L1	SRR5950316	745.743595405541
CHI3L1	SRR5950317	745.5687950449194
CHI3L1	SRR5950318	745.4759715658331
CHI3L1	SRR5950319	745.5718589550046
CHI3L1	SRR5950320	745.5613719995881
CHI3L1	SRR5950321	745.0776491168314
CHI3L1	SRR5950322	745.5495338479692
CHI3L1	SRR5950323	745.6215835057973
CHI3L1	SRR5950324	745.7379022212291
CHI3L1	SRR5950325	745.6353219454907
CHI3L1	SRR5950326	745.5482692134783
CHI3L1	SRR5950327	745.6965184559008
CHI3L1	SRR5950328	745.6965184559008
CHI3L1	SRR5950329	745.6701552280333
CHI3L1	SRR5950330	745.5718589550046
CHI3L1	SRR5950331	745.4539295827099
CHI3L1	SRR5950332	745.5385003891514
CHI3L1	SRR5950333	745.7379022212291
CHI3L1	SRR5950334	745.7334479782633
CHI3L1	SRR5950335	745.7334479782633
CHI3L1	SRR5950336	744.4744961380726
CHI3L1	SRR5950337	745.3523909238113
CHI3L1	SRR5950338	744.9505852344884
CHI3L1	SRR5950339	745.7476155083599
CHI3L1	SRR5950340	745.5664946622177
CHI3L1	SRR5950341	745.6215835057973
CHI3L1	SRR5950342	745.743595405541
CHI3L1	SRR5950343	745.6353219454907
CHI3L1	SRR5950344	745.5613719995881
CHI3L1	SRR5950345	745.6215835057973
CHI3L1	SRR5950346	745.6936083553962
CHI3L1	SRR5950347	745.6527879223937
CHI3L1	SRR5950348	745.5708329295309
CHI3L1	SRR5950349	745.74668734425
CHI3L1	SRR5950350	745.6936083553962
CHI3L1	SRR5950351	745.3834918502824
CHI3L1	SRR5950352	745.743595405541
CHI3L1	SRR5950353	745.6625375078729
CHI3L1	SRR5950354	745.743595405541
CHI3L1	SRR5950355	745.74668734425
CHI3L1	SRR5950356	745.3063947395171
CHI3L1	SRR5950357	745.743595405541
CHI3L1	SRR5950358	745.5708329295309
CHI3L1	SRR5950359	745.6353219454907
CHI3L1	SRR5950360	745.743595405541
CHI3L1	SRR5950361	745.743595405541
CHI3L1	SRR5950362	745.5495338479692
CHI3L1	SRR5950363	745.4759715658331
CHI3L1	SRR5950364	745.5718589550046
CHI3L1	SRR5950365	745.6965184559008
CHI3L1	SRR5950366	745.7379022212291
CHI3L1	SRR5950367	745.0967137303601
CHI3L1	SRR5950368	745.6625375078729
CHI3L1	SRR5950369	745.7476155083599
CHI3L1	SRR5950370	745.7476155083599
CHI3L1	SRR5950371	745.6965184559008
CHI3L1	SRR5950372	745.7334479782633
CHI3L1	SRR5950373	745.6701552280333
CHI3L1	SRR5950374	745.6625375078729
CHI3L1	SRR5950375	745.7379022212291
CHI3L1	SRR5950376	745.74668734425
CHI3L1	SRR5950377	745.4730810473717
CHI3L1	SRR5950378	745.6701552280333
CHI3L1	SRR5950379	745.6625375078729
CHI3L1	SRR5950380	745.6215835057973
CHI3L1	SRR5950381	745.6215835057973
CHI3L1	SRR5950382	745.3405778570036
CHI3L1	SRR5950383	745.74668734425
CHI3L1	SRR5950384	745.7379022212291
CHI3L1	SRR5950385	745.3440153459519
CHI3L1	SRR5950386	745.7334479782633
CHI3L1	SRR5950387	745.74668734425
CHI3L1	SRR5950388	745.5664946622177
CHI3L1	SRR5950389	744.9815494032085
CHI3L1	SRR5950390	745.6215835057973
CHI3L1	SRR5950391	745.7476155083599
CHI3L1	SRR5950392	745.332383490277
CHI3L1	SRR5950393	745.5687950449194
CHI3L1	SRR5950394	745.6410019572085
CHI3L1	SRR5950395	745.6625375078729
CHI3L1	SRR5950396	745.7476155083599
CHI3L1	SRR5950397	745.74668734425
CHI3L1	SRR5950398	745.74668734425
CHI3L1	SRR5950399	745.6256759259024
CHI3L1	SRR5950400	745.6353219454907
CHI3L1	SRR5950401	745.7379022212291
CHI3L1	SRR5950402	745.7379022212291
CHI3L1	SRR5950403	745.6965184559008
CHI3L1	SRR5950404	745.7334479782633
CHI3L1	SRR5950405	744.842387713595
CHI3L1	SRR5950406	745.4390570624744
CHI3L1	SRR5950407	745.6965184559008
CHI3L1	SRR5950408	745.5119907871151
CHI3L1	SRR5950409	745.5664946622177
CHI3L1	SRR5950410	745.7476155083599
CHI3L1	SRR5950411	745.743595405541
CHI3L1	SRR5950412	745.7334479782633
CHI3L1	SRR5950413	745.4449090067246
CHI3L1	SRR5950414	745.7334479782633
CHI3L1	SRR5950415	745.6256759259024
CHI3L1	SRR5950416	745.6410019572085
CHI3L1	SRR5950417	745.6353219454907
CHI3L1	SRR5950418	745.5613719995881
CHI3L1	SRR5950419	745.743595405541
CHI3L1	SRR5950420	745.6527879223937
CHI3L1	SRR5950421	745.5687950449194
CHI3L1	SRR5950422	745.5470596064288
CHI3L1	SRR5950423	745.6701552280333
CHI3L1	SRR5950424	745.7379022212291
CHI3L1	SRR5950425	745.743595405541
CHI3L1	SRR5950426	745.5708329295309
CHI3L1	SRR5950427	745.7334479782633
CHI3L1	SRR5950428	745.6701552280333
CHI3L1	SRR5950429	745.743595405541
CHI3L1	SRR5950430	745.6410019572085
CHI3L1	SRR5950431	745.6527879223937
CHI3L1	SRR5950432	745.7334479782633
CHI3L1	SRR5950433	745.6965184559008
CHI3L1	SRR5950434	745.5708329295309
CHI3L1	SRR5950435	745.6701552280333
CHI3L1	SRR5950436	745.743595405541
CHI3L1	SRR5950437	745.6527879223937
CHI3L1	SRR5950438	745.7379022212291
CHI3L1	SRR5950439	745.74668734425
CHI3L1	SRR5950440	743.0204168098797
CHI3L1	SRR5950441	745.5385003891514
CHI3L1	SRR5950442	745.6936083553962
CHI3L1	SRR5950443	745.5779913746082
CHI3L1	SRR5950444	745.6965184559008
CHI3L1	SRR5950445	745.7334479782633
CHI3L1	SRR5950446	745.6215835057973
CHI3L1	SRR5950447	745.4730810473717
CHI3L1	SRR5950448	745.6936083553962
CHI3L1	SRR5950449	745.7334479782633
CHI3L1	SRR5950450	745.743595405541
CHI3L1	SRR5950451	745.7476155083599
CHI3L1	SRR5950452	745.5482692134783
CHI3L1	SRR5950453	745.7379022212291
CHI3L1	SRR5950454	745.5470596064288
CHI3L1	SRR5950455	745.7379022212291
CHI3L1	SRR5950456	745.6701552280333
CHI3L1	SRR5950457	745.6215835057973
CHI3L1	SRR5950458	745.7476155083599
CHI3L1	SRR5950459	745.6527879223937
CHI3L1	SRR5950460	745.6527879223937
CHI3L1	SRR5950461	745.6936083553962
CHI3L1	SRR5950462	745.4010163601235
CHI3L1	SRR5950463	745.5779913746082
CHI3L1	SRR5950464	745.5495338479692
CHI3L1	SRR5950465	742.6404024100884
CHI3L1	SRR5950466	745.7334479782633
CHI3L1	SRR5950467	745.6625375078729
CHI3L1	SRR5950468	745.6936083553962
CHI3L1	SRR5950469	745.6215835057973
CHI3L1	SRR5950470	745.743595405541
CHI3L1	SRR5963912	745.7476155083599
CHI3L1	SRR5963913	745.5603152736613
CHI3L1	SRR5963914	745.7476155083599
CHI3L1	SRR5963915	745.5613719995881
CHI3L1	SRR5963916	745.4033814202425
CHI3L1	SRR5963917	745.6410019572085
CHI3L1	SRR5963918	745.6527879223937
CHI3L1	SRR5963919	745.7334479782633
CHI3L1	SRR5963920	745.6625375078729
CHI3L1	SRR5963921	745.7379022212291
CHI3L1	SRR5963922	745.6353219454907
CHI3L1	SRR5963923	745.6527879223937
CHI3L1	SRR5963924	745.7334479782633
CHI3L1	SRR5963925	745.5603152736613
CHI3L1	SRR5963926	745.5603152736613
CHI3L1	SRR5963927	745.743595405541
CHI3L1	SRR5963928	745.5385003891514
CHI3L1	SRR5963929	745.6965184559008
CHI3L1	SRR5963930	745.4449090067246
CHI3L1	SRR5963931	745.74668734425
CHI3L1	SRR5963932	745.6701552280333
CHI3L1	SRR5963933	745.6256759259024
CHI3L1	SRR5963934	745.4759715658331
CHI3L1	SRR5963935	745.7476155083599
CHI3L1	SRR5963936	745.5495338479692
CHI3L1	SRR5963937	745.3440153459519
CHI3L1	SRR5963938	745.6936083553962
CHI3L1	SRR5963939	745.7334479782633
CHI3L1	SRR5963940	745.7334479782633
CHI3L1	SRR5963941	745.7476155083599
CHI3L1	SRR5963942	745.7476155083599
CHI3L1	SRR5963943	745.7379022212291
CHI3L1	SRR5963944	745.7476155083599
CHI3L1	SRR5963945	745.74668734425
CHI3L1	SRR5963946	745.6965184559008
CHI3L1	SRR5963947	745.6965184559008
CHI3L1	SRR5963948	745.6965184559008
CHI3L1	SRR6467548	1.0098009573572508
CHI3L1	SRR6467549	1.0166962857042838
CHI3L1	SRR6467550	1.0094837492205468
CHI3L1	SRR6467551	1.0165120289381493
CHI3L1	SRR6467552	1.0165938972287623
CHI3L1	SRR6467553	1.0319322215162512
CHI3L1	SRR6467554	1.022575385288971
CHI3L1	SRR6467555	1.0144266845639887
CHI3L1	SRR6467556	1.011851581781421
CHI3L1	SRR6467557	1.011441792883926
CHI3L1	SRR6467558	1.0202923005984328
CHI3L1	SRR6467559	1.002192313736413
CHI3L1	SRR6467560	1.0102367475941127
CHI3L1	SRR6467561	1.007470555541101
CHI3L1	SRR6467562	1.0037998635777572
CHI3L1	SRR6467563	1.006198701649288
CHI3L1	SRR6467564	1.007316154609257
CHI3L1	SRR6467565	1.0097140318888853
CHI3L1	SRR6467566	1.0276080890484358
CHI3L1	SRR6467567	1.0110992213354526
CHI3L1	SRR6467568	1.0041030169842722
CHI3L1	SRR6467569	1.0146718773316246
CHI3L1	SRR6467570	300.55727001308054
CHI3L1	SRR6467571	1.0007200381067656
CHI3L1	SRR6467572	1.0061815486062775
CHI3L1	SRR6467573	1.006829697727058
CHI3L1	SRR6467574	1260
CHI3L1	SRR6467575	0.5716764253757385
CHI3L1	SRR6467576	1.0047192251993753
CHI3L1	SRR6467577	1.0014405946684066
CHI3L1	SRR6467578	1.009862646777912
CHI3L1	SRR6467579	1.0106905274838194
CHI3L1	SRR6467580	0.9523601830764757
CHI3L1	SRR6467581	9928.962979838056
CHI3L1	SRR6467582	0.941450468834617
CHI3L1	SRR6467583	1
CHI3L1	SRR6467584	1.0036667554019618
CHI3L1	SRR6467585	1642.889396170975
CHI3L1	SRR6467586	0.7005779092591782
CHI3L1	SRR6467587	4713.852185808235
CHI3L1	SRR6467588	206.02441630152254
CHI3L1	SRR6467589	80
CHI3L1	SRR6467590	3694.34602879499
CHI3L1	SRR6467591	1.010567215117064
CHI3L1	SRR6467592	1.0077848171459254
CHI3L1	SRR6467593	1.0045701845809227
CHI3L1	SRR6467594	14746.737900447457
CHI3L1	SRR6467595	1.002192313736413
CHI3L1	SRR6467596	6001
CHI3L1	SRR6467597	12747.858869303684
CHI3L1	SRR6467598	10932.079888596596
CHI3L1	SRR6467599	1.0037804265166004
CHI3L1	SRR6467600	1.004823063289047
CHI3L1	SRR6467601	1932.7190454393103
CHI3L1	SRR6467602	2509.43365703856
CHI3L1	SRR6467603	1411
CHI3L1	SRR6467604	905.8397467179605
CHI3L1	SRR6467605	4907.6303024151175
CHI3L1	SRR6467606	1
CHI3L1	SRR6467607	1
CHI3L1	SRR6467608	5056.252673312661
CHI3L1	SRR6467609	1.000179960941952
CHI3L1	SRR6467610	876.7219089538204
CHI3L1	SRR6467611	176.06774875075791
CHI3L1	SRR6467612	1.0058055966749162
CHI3L1	SRR6467613	1
CHI3L1	SRR6467614	3607
CHI3L1	SRR6467615	1.0128041618842896
CHI3L1	SRR6467616	1.0098959578192344
CHI3L1	SRR6467617	60.40265706516818
CHI3L1	SRR6467618	1115
CHI3L1	SRR6467619	974.165015264952
CHI3L1	SRR6467620	1457.8210166560793
CHI3L1	SRR6467621	1.0051232842269857
CHI3L1	SRR6467622	1.0150684403228711
CHI3L1	SRR6467623	835.8057638236871
CHI3L1	SRR6467624	7.0012597265936645
CHI3L1	SRR6467625	1
CHI3L1	SRR6467626	539
CHI3L1	SRR6467627	2780.6751039293013
CHI3L1	SRR6467628	6294
CHI3L1	SRR6467629	1304.2393903789552
CHI3L1	SRR6467630	572.41186179707
CHI3L1	SRR6467631	1.0009001286274537
CHI3L1	SRR6467632	1.0071932539431103
CHI3L1	SRR6467633	1968
CHI3L1	SRR6467634	1.0040247915978133
CHI3L1	SRR6467635	0.5894118334949451
CHI3L1	SRR6467636	1.0101079633214745
CHI3L1	SRR6467637	5296
CHI3L1	SRR6467638	17
CHI3L1	SRR6467639	3906.460830910826
CHI3L1	SRR6467640	1.02092395433485
CHI3L1	SRR6467641	288.66244816694785
CHI3L1	SRR6467642	26486.924062318776
CHI3L1	SRR6467643	1.0125162691935943
CHI3L1	SRR6467644	652
CHI3L1	SRR6467645	158.66797256127742
CHI3L1	SRR6467646	1
CHI3L1	SRR6467647	5799.232836888826
CHI3L1	SRR6467648	1.0058055966749162
CHI3L1	SRR6467649	2998.79761404607
CHI3L1	SRR6467650	6608.98340842353
CHI3L1	SRR6467651	1.0029413626288513
CHI3L1	SRR6467652	2809.5055102859433
CHI3L1	SRR6467653	646.3701889595649
CHI3L1	SRR6467654	3321.3991168042962
CHI3L1	SRR6467655	1
CHI3L1	SRR6467656	3973.604560085267
CHI3L1	SRR6467657	4736
CHI3L1	SRR6467658	5731
CHI3L1	SRR6467659	2831.990103439053
CHI3L1	SRR6467660	1.0068477100204776
CHI3L1	SRR6467661	1864.294112390774
CHI3L1	SRR6467662	0.8948753904986294
CHI3L1	SRR6467663	6733.858193094017
CHI3L1	SRR6467664	166.70786920227414
CHI3L1	SRR6467665	1
CHI3L1	SRR6467666	1
CHI3L1	SRR6467667	8652.749912552665
CHI3L1	SRR6467668	4182.638078707353
CHI3L1	SRR6467669	2197
CHI3L1	SRR6467670	2683
CHI3L1	SRR6467671	1359.2333820634728
CHI3L1	SRR6467672	1.0088613809216063
CHI3L1	SRR6467673	1.0095966497061606
CHI3L1	SRR6467674	2810.6345177593453
CHI3L1	SRR6467675	1.0086549004496244
CHI3L1	SRR6467676	4660.0250802925375
CHI3L1	SRR6467677	1
CHI3L1	SRR6467678	897
CHI3L1	SRR6467679	1
CHI3L1	SRR6467680	1.010729395665764
CHI3L1	SRR6467681	690
CHI3L1	SRR6467682	2513.0159003244466
CHI3L1	SRR6467683	1.0111991340219961
CHI3L1	SRR6467684	1.002611135988753
CHI3L1	SRR6467685	323.49899203385627
CHI3L1	SRR6467686	1.0014712162978496
CHI3L1	SRR6467687	0.6656965748662134
CHI3L1	SRR6467688	1832.4041311513947
CHI3L1	SRR6467689	1.0099508789230731
CHI3L1	SRR6467690	7073.579376702828
CHI3L1	SRR6467691	1.0055634218052374
CHI3L1	SRR6467692	21947.683435144467
CHI3L1	SRR6467693	256.7481566121259
CHI3L1	SRR6467694	1.0075961189816243
CHI3L1	SRR6467695	3472.7991280962497
CHI3L1	SRR6467696	2999.306477423472
CHI3L1	SRR6467697	1
CHI3L1	SRR6467698	7094.158914179574
CHI3L1	SRR6467699	1
CHI3L1	SRR6467700	2872.283506604004
CHI3L1	SRR6467701	1
CHI3L1	SRR6467702	1.0143385323766478
CHI3L1	SRR6467703	1.0123945241480405
CHI3L1	SRR6467704	8113.7225078665215
CHI3L1	SRR6467705	1.0065322517366486
CHI3L1	SRR6467706	1.0184483735704168
CHI3L1	SRR6467707	1
CHI3L1	SRR6467708	1.0017262519502124
CHI3L1	SRR6467709	3086
CHI3L1	SRR6467710	1.0009001286274537
CHI3L1	SRR6467711	1.0013658060526471
CHI3L1	SRR6467712	1.0112948620213962
CHI3L1	SRR6467713	2657.906176057484
CHI3L1	SRR6467714	291.7361146952791
CHI3L1	SRR6467715	1
CHI3L1	SRR6467716	436
CHI3L1	SRR6467717	1.012284376852264
CHI3L1	SRR6467718	1.0154230574273704
CHI3L1	SRR6467719	288.0495365944332
CHI3L1	SRR6467720	682
CHI3L1	SRR6467721	1525.4685010335043
CHI3L1	SRR6467722	1
CHI3L1	SRR6467723	1164
CHI3L1	SRR6467724	1
CHI3L1	SRR6467725	1
CHI3L1	SRR6467726	1300.3078550923667
CHI3L1	SRR6467727	1.002342020016362
CHI3L1	SRR6467728	1
CHI3L1	SRR6467729	9560.865166792
CHI3L1	SRR6467730	1.0021448794325023
CHI3L1	SRR6467731	2555.0351998102183
CHI3L1	SRR6467732	2006.9431872873336
CHI3L1	SRR6467733	1.0017262519502124
CHI3L1	SRR6467734	589.6410743463288
CHI3L1	SRR6467735	1.0082981694634305
CHI3L1	SRR6467736	1.0062109131444412
CHI3L1	SRR6467737	1.0062291739769658
CHI3L1	SRR6467738	1.0003599542698447
CHI3L1	SRR6467739	72
CHI3L1	SRR6467740	1.0053993370958376
CHI3L1	SRR6467741	6311.673529512002
CHI3L1	SRR6467742	1
CHI3L1	SRR6467743	1
CHI3L1	SRR6467744	4739
CHI3L1	SRR6467745	3202.489292882886
CHI3L1	SRR6467746	1.007980111823691
CHI3L1	SRR6467747	288.40502608909753
CHI3L1	SRR6467748	212.95265090474206
CHI3L1	SRR6467749	162
CHI3L1	SRR6467750	1084.5672280843655
CHI3L1	SRR6467751	1.015116940806616
CHI3L1	SRR6467752	275.25497053842724
CHI3L1	SRR6467753	585.41479044667
CHI3L1	SRR6467754	1078.5718711883273
CHI3L1	SRR6467755	0.8946145117647519
CHI3L1	SRR6467756	1.0012604069024411
CHI3L1	SRR6467757	1253
CHI3L1	SRR6467758	96
CHI3L1	SRR6467759	1786.0927954287429
CHI3L1	SRR6467760	1086.335784897884
CHI3L1	SRR6467761	23905.062049994616
CHI3L1	SRR6467762	4234.138683608724
CHI3L1	SRR6467763	0.9587698910949234
CHI3L1	SRR6467764	2484.2256275805034
CHI3L1	SRR6467765	1999.517032584175
CHI3L1	SRR6467766	1.0148654635807097
CHI3L1	SRR6467767	1.0068169239958968
CHI3L1	SRR6467768	3762.4151441854447
CHI3L1	SRR6467769	1.017985195307651
CHI3L1	SRR6467770	1
CHI3L1	SRR6467771	4870.565291846391
CHI3L1	SRR6467772	1.0071624573529558
CHI3L1	SRR6467773	1.0039530476880079
CHI3L1	SRR6868540	1.0146754396324102
CHI3L1	SRR6868541	3077.2530937178017
CHI3L1	SRR6868542	1.0476955519171316
CHI3L1	SRR6868543	4184.185827154179
CHI3L1	SRR6868544	13475.816320771655
CHI3L1	SRR6868545	1.0247076064653797
CHI3L1	SRR6868546	1.0156717592642122
CHI3L1	SRR6868557	1.0591086838663382
CHI3L1	SRR6868558	1.0490872194289762
CHI3L1	SRR6868559	3851.3300010574376
CHI3L1	SRR6868560	4068.1753471807824
CHI3L1	SRR6868569	1.0617761523220262
CHI3L1	SRR6868570	1508.6319644317725
CHI3L1	SRR6868571	1.0443666123323176
CHI3L1	SRR6868572	2708.4584726136036
CHI3L1	SRR6868573	1918.5568879472087
CHI3L1	SRR6868574	1077.005193208246
CHI3L1	SRR6868575	1.025805444460916
CHI3L1	SRR6868576	197.08453115406073
CHI3L1	SRR6868577	1.0321919880224188
CHI3L1	SRR6868578	1.0155200621012757
CHI3L1	SRR6868579	1.0437286829000922
CHI3L1	SRR6868580	1515.1183460724387
CHI3L1	SRR6868581	1.0339413032942724
CHI3L1	SRR6868582	5330.360992408069
CHI3L1	SRR6868585	1.0220689021157627
CHI3L1	SRR6868586	1.059503875848675
CHI3L1	SRR6868587	1.059951714856934
CHI3L1	SRR6868588	1893.5082390857924
CHI3L1	SRR6868589	89.98055630846584
CHI3L1	SRR6868590	7254.166328628569
CHI3L1	SRR6868591	1.0130236388532423
CHI3L1	SRR6868604	1.075755471099352
CHI3L1	SRR6868605	3569.0414123983255
CHI3L1	SRR6868606	1.0405938775744006
CHI3L1	SRR6868607	1585.5120757921054
CHI3L1	SRR6868608	1.024176000194289
CHI3L1	SRR6868609	5357.23888938737
CHI3L1	SRR6868610	1.038926954961391
CHI3L1	SRR6868620	1203.42460384744
CHI3L1	SRR6868621	1.0218254974768362
CHI3L1	SRR6868622	1.0239774453836796
CHI3L1	SRR6868623	2280.3976598101635
CHI3L1	SRR6868636	29.224161002017706
CHI3L1	SRR6868637	1868.0794970083177
CHI3L1	SRR6868638	2463.6252194500516
CHI3L1	SRR6868639	1.0107500209553522
CHI3L1	SRR6868650	665.3440029673377
CHI3L1	SRR6868651	1.0289509945514346
CHI3L1	SRR6868652	1307.5874793374514
CHI3L1	SRR6868653	1.0187981972446098
CHI3L1	SRR6868654	1.0150307958235039
CHI3L1	SRR6868655	2912.1813726989594
CHI3L1	SRR6868665	1.0144233528894921
CHI3L1	SRR6868666	1.0102367475941127
CHI3L1	SRR6868667	1.0114938025774427
CHI3L1	SRR6868668	24719.875623939693
CHI3L1	SRR6868669	3832.0052103484827
CHI3L1	SRR6868670	1.0177421086096043
CHI3L1	SRR6868671	9215.2274017321
CHI3L1	SRR6868683	199.49930485366312
CHI3L1	SRR6868684	63.98778559641297
CHI3L1	SRR6868685	1.0213121445813669
CHI3L1	SRR6868686	3270.2732418039304
CHI3L1	SRR6868687	1451.3768017403872
CHI3L1	SRR6868688	423.04086981548494
CHI3L1	SRR6868689	1.0146059094716162
CHI3L1	SRR6868698	1.0182196176757388
CHI3L1	SRR6868699	1.0070555785765116
CHI3L1	SRR6868700	314.9770417490093
CHI3L1	SRR6868701	3216.3820743173596
CHI3L1	SRR6868702	1.007678742360192
CHI3L1	SRR6868713	445.60997483720973
CHI3L1	SRR6868714	2611.214806487216
CHI3L1	SRR6868715	1941.9835855687236
CHI3L1	SRR6868716	9804.225304529835
CHI3L1	SRR6868717	4514.813523435354
CHI3L1	SRR6868718	1.0039014257302832
CHI3L1	SRR6868719	5479.867478105254
CHI3L1	SRR6868720	18713.229842881756
CHI3L1	SRR6868721	1136.6349932703524
CHI3L1	SRR6868722	1.0167639054768582
CHI3L1	SRR6868723	1.0194863017371107
CHI3L1	SRR6868724	1.0096892656036671
CHI3L1	SRR6868725	5204.654626001207
CHI3L1	SRR6868726	3669.833199701659
CHI3L1	SRR6868741	987.0515386401896
CHI3L1	SRR7632756	15875.38869100239
CHI3L1	SRR7632757	5234.524498037906
CHI3L1	SRR7632758	1.010659920049916
CHI3L1	SRR7632759	1.029856339080279
CHI3L1	SRR7632760	1.0203110449499115
CHI3L1	SRR7632761	1.0071216685573643
CHI3L1	SRR7632762	1.0487026522067118
CHI3L1	SRR7632763	684.0459325511621
CHI3L1	SRR7632764	1.0370326174074103
CHI3L1	SRR7632765	1.0026279344264644
CHI3L1	SRR7632766	1.0312070028815916
CHI3L1	SRR7632767	882.087948904105
CHI3L1	SRR7632768	707.2961453084688
CHI3L1	SRR7632769	24723.966952777293
CHI3L1	SRR7632770	6205.925867892784
CHI3L1	SRR7632771	1.0260355560571814
CHI3L1	SRR7632772	13245.985204187817
CHI3L1	SRR7632773	2225.9849009351287
CHI3L1	SRR7632774	1149.2455300761144
CHI3L1	SRR7632775	1.0225378532123717
CHI3L1	SRR7632776	81.99879911044684
CHI3L1	SRR7632777	2810.2633444442063
CHI3L1	SRR7632778	1.0041644240028431
CHI3L1	SRR7632779	14885.325549940962
CHI3L1	SRR7632780	1.0037110248141228
CHI3L1	SRR7632781	1.0615459002112622
CHI3L1	SRR7632782	1.0136901858645806
CHI3L1	SRR7632783	30919.799384136913
CHI3L1	SRR7632784	3403.419739397685
CHI3L1	SRR7632785	18902.085837292423
CHI3L1	SRR7632786	605.1854504232759
CHI3L1	SRR7632787	1.0038931609808308
CHI3L1	SRR7632788	1.0022671640812284
CHI3L1	SRR7632789	1774.7327820300532
CHI3L1	SRR7632790	1.0098400917692503
CHI3L1	SRR7632791	1.0448790382400983
CHI3L1	SRR7632792	1.0073564665451527
CHI3L1	SRR7632793	1.0121408038615827
CHI3L1	SRR7632794	1651.3987379228959
CHI3L1	SRR7632795	1.003227447999251
CHI3L1	SRR7632796	1.0172279399958117
CHI3L1	SRR7632797	1.150699232136202
CHI3L1	SRR7632798	321.8337542644185
CHI3L1	SRR7632799	1.0307926732391595
CHI3L1	SRR7632800	1.0150544095718905
CHI3L1	SRR7632801	1.0052627748922789
CHI3L1	SRR7632802	1.0350311676136474
CHI3L1	SRR7632803	8891.669574919699
CHI3L1	SRR7632804	1486.9043932226082
CHI3L1	SRR7632805	11038.050950673347
CHI3L1	SRR7632806	1.004614493841249
CHI3L1	SRR7632807	1294.1533276629016
CHI3L1	SRR7632808	1.0082200216621664
CHI3L1	SRR7632809	625.102379767449
CHI3L1	SRR7632810	1.0041780100330324
CHI3L1	SRR7632811	1.006800055374144
CHI3L1	SRR7632812	672.7957938071562
CHI3L1	SRR7632813	4261.250253073876
CHI3L1	SRR7632814	1.0035384452564864
CHI3L1	SRR7632815	1.0078464493290136
CHI3L1	SRR7632816	1.0754074903933615
CHI3L1	SRR7632817	1.041674851534425
CHI3L1	SRR7632818	11158.227040513506
CHI3L1	SRR7632819	3693.01671166102
CHI3L1	SRR7632820	10998.161107772281
CHI3L1	SRR7632821	1.0017262519502124
CHI3L1	SRR7632822	1.0125326368597183
CHI3L1	SRR7632823	636.3335186245088
CHI3L1	SRR7632824	1.0045701845809227
CHI3L1	SRR7632825	1.0028083682939712
CHI3L1	SRR7632826	634.4091222940468
CHI3L1	SRR7632827	1.055040096796364
CHI3L1	SRR7632828	1557.6812176442215
CHI3L1	SRR7632829	1.0144645279374256
CHI3L1	SRR7632830	1.0486021527253222
CHI3L1	SRR7632831	1.009267486593636
CHI3L1	SRR7632832	316.56130660663524
CHI3L1	SRR7632833	1.0516979198200802
CHI3L1	SRR7632834	1.029304711338354
CHI3L1	SRR7632835	1.110030669431967
CHI3L1	SRR7632836	1.014927231447063
CHI3L1	SRR7632837	1768.2936402678758
CHI3L1	SRR7632838	1.025209041964611
CHI3L1	SRR7632839	1.0114938025774427
CHI3L1	SRR7632840	1.0307338553525334
CHI3L1	SRR7632841	1.1191732546509214
CHI3L1	SRR7632842	1392.6267347068772
CHI3L1	SRR7632843	948.2906410498487
CHI3L1	SRR7632844	1.0397421924636505
CHI3L1	SRR7632845	1646.2012020441168
CHI3L1	SRR7632846	1.049674009840069
CHI3L1	SRR7632847	1.0235807528043444
CHI3L1	SRR7632848	1.0091612557489493
CHI3L1	SRR7632849	1.0113703922046702
CHI3L1	SRR7632850	1.0129099016527614
CHI3L1	SRR7632851	1.0101546064236944
CHI3L1	SRR7632852	1.0012604069024411
CHI3L1	SRR7632853	1.0050683011475585
CHI3L1	SRR7632854	1.006604989330596
CHI3L1	SRR7632855	1
CHI3L1	SRR7632856	1.006471863776459
CHI3L1	SRR7632857	1.0737804448439001
CHI3L1	SRR7632858	1.0371716501108719
CHI3L1	SRR7632859	1.03970249147232
CHI3L1	SRR7632860	1.0755034509256032
CHI3L1	SRR7632861	1.0544086906801657
CHI3L1	SRR7632862	1.0352861076828388
CHI3L1	SRR7632863	1.1276773456759084
CHI3L1	SRR7632864	1.121531795981538
CHI3L1	SRR7632865	1.0014405946684066
CHI3L1	SRR7632866	1.0056799316660756
CHI3L1	SRR7632867	1.0103238937591081
CHI3L1	SRR7632868	1.02565491505434
CHI3L1	SRR7632869	1.0244411256785808
CHI3L1	SRR7632870	1.0038432721370993
CHI3L1	SRR7632871	1.0509978397928912
CHI3L1	SRR7632872	1.032283347644643
CHI3L1	SRR7632873	1.0041780100330324
CHI3L1	SRR7632874	1.0026585923618834
CHI3L1	SRR7632875	1.0016514420012725
CHI3L1	SRR7632876	1.014147795755148
CHI3L1	SRR7632877	1.041135031463042
CHI3L1	SRR7632878	1.022117629031292
CHI3L1	SRR7632879	1.0022671640812284
CHI3L1	SRR7632880	1.0175570139817183
CHI3L1	SRR7632881	1.0138389345446404
CHI3L1	SRR7632882	1.02398215098824
CHI3L1	SRR7632883	1.022587298485006
CHI3L1	SRR7632884	1.0338348047099086
CHI3L1	SRR7632885	1.0050174895819426
CHI3L1	SRR7632886	1.0323339725546605
CHI3L1	SRR7632887	1.0101314025983257
CHI3L1	SRR7632888	1.0381219692204027
CHI3L1	SRR7632889	1.034226163866362
CHI3L1	SRR7632890	1.1021455850880635
CHI3L1	SRR7632891	1.0472249706717598
CHI3L1	SRR7632892	1.0058289958076159
CHI3L1	SRR7632893	1.0382330459409663
CHI3L1	SRR7632894	1.04730409167774
CHI3L1	SRR7632895	1.0116312112491015
CHI3L1	SRR7632896	1.022792885942668
CHI3L1	SRR7632897	1.0040894319687015
CHI3L1	SRR7632898	1.003747088789452
CHI3L1	SRR7632899	1.0069401334995287
CHI3L1	SRR7632900	1.006694084239897
CHI3L1	SRR7632901	1.0063642497626564
CHI3L1	SRR7632902	1.0438489006745157
CHI3L1	SRR7632903	4777.072837333877
CHI3L1	SRR7632904	1.052639407087551
CHI3L1	SRR7632905	1.0931788245138465
CHI3L1	SRR7632906	1135.4046149050714
CHI3L1	SRR7632907	92.49752147826547
CHI3L1	SRR7632908	1050.2232342541747
CHI3L1	SRR7632909	2215.629708332454
CHI3L1	SRR7632910	1097.318467548176
CHI3L1	SRR7632911	8328.73741814113
CHI3L1	SRR7632912	9493.355491715758
CHI3L1	SRR7632913	1.0588628832226115
CHI3L1	SRR7632914	1.0312943611504022
CHI3L1	SRR7632915	1.0449661158479286
CHI3L1	SRR7632916	1.0199638203063526
CHI3L1	SRR7632917	1.0525477213847285
CHI3L1	SRR7632918	582.7152747832064
CHI3L1	SRR7632919	5814.240328862012
CHI3L1	SRR7632920	2043.4518516941532
CHI3L1	SRR7632921	1.0121840603993095
CHI3L1	SRR7632922	1432.358478462236
CHI3L1	SRR7632923	129.3373420557566
CHI3L1	SRR7632924	859.6776702568909
CHI3L1	SRR7632925	1282.5143499062103
CHI3L1	SRR7632926	1628.5909294420774
CHI3L1	SRR7632927	1.0206217073187331
CHI3L1	SRR7632928	6181.494318137623
CHI3L1	SRR7632929	4201.012679890558
CHI3L1	SRR7632930	6959.258594346686
CHI3L1	SRR7632931	4126.969437152302
CHI3L1	SRR7632932	1.0257541376073018
CHI3L1	SRR7632933	1.0212809727621546
CHI3L1	SRR7632934	3305.541385314615
CHI3L1	SRR7632935	5172.787520867468
CHI3L1	SRR7632936	5765.277464341216
CHI3L1	SRR7632937	5435.411464489359
CHI3L1	SRR7632938	3939.677534447058
CHI3L1	SRR7632939	1.0281771467044196
CHI3L1	SRR7632940	7136.275465096537
CHI3L1	SRR7632941	1.0215738909036738
CHI3L1	SRR7632942	13445.678618009344
CHI3L1	SRR7632943	5467
CHI3L1	SRR7632944	1.0184271463668109
CHI3L1	SRR7632945	628
CHI3L1	SRR8928966	2647.214817289168
CHI3L1	SRR8928967	1.0170282299624092
CHI3L1	SRR8928968	651.3696210090842
CHI3L1	SRR8928969	13364.03772781826
CHI3L1	SRR8928970	16506.95845677955
CHI3L1	SRR8928971	7533.486114411104
CHI3L1	SRR8928972	1.0535590264470536
CHI3L1	SRR8928973	1.0059656349307404
CHI3L1	SRR8928974	1.084964542884935
CHI3L1	SRR8928975	102.13823447067321
CHI3L1	SRR8928976	1.0418215850993868
CHI3L1	SRR8928977	1.0194654138015173
CHI3L1	SRR8928978	679.4168358818088
CHI3L1	SRR8928979	1.019328713740916
CHI3L1	SRR8928980	1.0157058979511975
CHI3L1	SRR8928981	1836.273163120922
CHI3L1	SRR8928982	2578.1249157034254
CHI3L1	SRR8928983	295.5624244472769
CHI3L1	SRR8928984	7299.45379443071
CHI3L1	SRR8928985	1.0167967514698188
CHI3L1	SRR8928986	1.0090130342187602
CHI3L1	SRR8928987	1
CHI3L1	SRR8928988	1373
CHI3L1	SRR8928989	7641.271572516701
CHI3L1	SRR8928990	1133.8564153613456
CHI3L1	SRR8928991	1.0177418771007531
CHI3L1	SRR9835604	1.0142586981600068
CHI3L1	SRR9835605	1.0055285640802187
CHI3L1	SRR9835606	1.0021269302544924
CHI3L1	SRR9835607	12207.530603722578
CHI3L1	SRR9835608	1.0145480117591426
CHI3L1	SRR9835609	44
CHI3L1	SRR9835610	1.0046056873690874
CHI3L1	SRR9835611	1.0010802515574013
CHI3L1	SRR9835612	23913.40742783092
CHI3L1	SRR9835613	1.005907361762886
CHI3L1	SRR9835614	1.0098834104700367
CHI3L1	SRR9835615	1.0391223290810894
CHI3L1	SRR9835616	1001.3470393105505
CHI3L1	SRR9835617	1.0229877020749545
CHI3L1	SRR9835618	1.0053242528371136
CHI3L1	SRR9835619	938
CHI3L1	SRR9835620	1.0046895250904808
CHI3L1	SRR9835621	1.0065161971835763
CHI3L1	SRR9835622	4331.808622935941
CHI3L1	SRR9835623	1.000179960941952
CHI3L1	SRR9835624	1.0219149183661382
CHI3L1	SRR9835625	954.9298842200969
CHI3L1	SRR9835626	8339.198407511045
CHI3L1	SRR9835627	1.002042629816068
CHI3L1	SRR9835628	1.0071447133676017
CHI3L1	SRR9835629	1.0200204342909187
CHI3L1	SRR9835630	1.0553618917185172
CHI3L1	SRR9835631	1.0803218233387206
CHI3L1	SRR9835632	1.002275170713174
CHI3L1	SRR9835633	1.0073851852087703
CHI3L1	SRR9835634	3428.1179721895382
CHI3L1	SRR9835635	1.0097721205463759
CHI3L1	SRR9835636	82.16247090911695
CHI3L1	SRR9835637	13190.169881768754
CHI3L1	SRR9835638	1.0095554363800798
CHI3L1	SRR9835639	730.4419190390189
CHI3L1	SRR9835640	1.0165576694950156
CHI3L1	SRR9835641	1689.3951704013655
CHI3L1	SRR9835642	1.005744383945818
CHI3L1	SRR9835643	1.0038166819322296
CHI3L1	SRR9835644	1.003227447999251
CHI3L1	SRR9835645	1.0291406134587315
CHI3L1	SRR9835646	1.0091888588653615
CHI3L1	SRR9835647	280.6729294149863
CHI3L1	SRR9835648	1.0297706722545683
CHI3L1	SRR9835649	1.011356708865119
CHI3L1	SRR9835650	433.63901117581514
CHI3L1	SRR9835651	1058.761800316958
CHI3L1	SRR9835652	388.9440698365407
CHI3L1	SRR9835653	1.0027641386941393
CHI3L1	SRR9835654	1.0100460688753663
CHI3L1	SRR9835655	84.42831883109274
CHI3L1	SRR9835656	1.0026450268886613
CHI3L1	SRR9835657	6743.517687585151
CHI3L1	SRR9835658	563.130738781671
CHI3L1	SRR9835659	1.0058777676606245
CHI3L1	SRR9835660	586.32781979141
CHI3L1	SRR9835661	206.82630877396227
CHI3L1	SRR9835662	1.0119165119784397
CHI3L1	SRR9835663	10693.63464155385
CHI3L1	SRR9835664	1.0017262519502124
CHI3L1	SRR9835665	4576.561611237602
CHI3L1	SRR9835666	12749
CHI3L1	SRR9835667	1.008216661169957
CHI3L1	SRR9835668	1
CHI3L1	SRR9835669	11134.63954410807
CHI3L1	SRR9835670	8919.516256910316
CHI3L1	SRR9835671	11316.72095480874
CHI3L1	SRR9835672	220.3797754290467
CHI3L1	SRR9835673	13475.165409548856
CHI3L1	SRR9835674	5343.484946356605
CHI3L1	SRR9835675	768.0677291675547
CHI3L1	SRR9835676	1.0888102986472097
CHI3L1	SRR9835677	774.0287653772306
CHI3L1	SRR9835678	5682.2987130671645
CHI3L1	SRR9835679	4533.9160719711745
CHI3L1	SRR9835680	1.024155415648097
CHI3L1	SRR9835681	1.003004620275643
CHI3L1	SRR9835682	1.0602022500176214
CHI3L1	SRR9835683	4750.407930345255
CHI3L1	SRR9835684	1.0249675723992049
CHI3L1	SRR9835685	1.0050068388547722
CHI3L1	SRR9835686	1.0132366280807228
CHI3L1	SRR9835687	1.0046316201696393
CHI3L1	SRR9835688	1839
CHI3L1	SRR9835689	4965.750395907319
CHI3L1	SRR9835690	153.30614073556083
CHI3L1	SRR9835691	5217.559245274272
CHI3L1	SRR9835692	1175.6457510270013
CHI3L1	SRR9835693	12818.86447074339
CHI3L1	SRR9835694	2916.3291261078043
CHI3L1	SRR9835695	1982.0373390501948
CHI3L1	SRR9835696	1.0096415363823084
CHI3L1	SRR9835697	1.0050174895819426
CHI3L1	SRR9835698	12859.958066972718
CHI3L1	SRR9835699	2087.285712840128
CHI3L1	SRR9835700	12508.362267744173
CHI3L1	SRR9835701	1.0027915668331973
CHI3L1	SRR9835702	1
CHI3L1	SRR9835703	1828.9429762247164
CHI3L1	SRR9835704	210.95620425641147
CHI3L1	SRR9835705	1.0039498099915638
CHI3L1	SRR9835706	1.0786425861503106
CHI3L1	SRR9835707	13282.332777663602
CHI3L1	SRR9835708	1.0010054898524368
CHI3L1	SRR9835709	16841.059830132835
CHI3L1	SRR9835710	2050.8197129123237
CHI3L1	SRR9835711	1228.4420238433693
CHI3L1	SRR9835712	1.0025056057608568
CHI3L1	SRR9835713	901.7158711950821
CHI3L1	SRR9835714	7.0108220895044004
CHI3L1	SRR9835715	5186.681699157249
CHI3L1	SRR9835716	1.0029413626288513
CHI3L1	SRR9835717	761.5994243723009
CHI3L1	SRR9835718	1.0154090217747063
CHI3L1	SRR9835719	1.0085412984265218
CHI3L1	SRR9835720	540.3411147281424
CHI3L1	SRR9835721	289.20316568717567
CHI3L1	SRR9835722	1.0227754713008923
CHI3L1	SRR9835723	4218
CHI3L1	SRR9835724	2402.4778058653465
CHI3L1	SRR9835725	1.0273956002434441
CHI3L1	SRR9835726	154.11088586844193
CHI3L1	SRR9835727	1.0067684015571978
CHI3L1	SRR9835728	4965.699894854255
CHI3L1	SRR9835729	1.0032306833661075
CHI3L1	SRR9835730	8075.816833864121
CHI3L1	SRR9835731	1.0510108441028403
CHI3L1	SRR9835732	1.0047034125711976
CHI3L1	SRR9835733	1.0044644481525995
CHI3L1	SRR9835734	1.002553057138948
CHI3L1	SRR9835735	1.0018010674864533
CHI3L1	SRR9835736	11820.871325427604
CHI3L1	SRR9835737	4788.9729490612945
CHI3L1	SRR9835738	4517.045331606958
CHI3L1	SRR9835739	11607.881334985213
CHI3L1	SRR9835740	1.0299228329417829
CHI3L1	SRR9835741	636.3401322978947
CHI3L1	SRR9835742	1.0186862015904543
CHI3L1	SRR9835743	1026.9724902554854
CHI3L1	SRR9835744	579.3496631656752
CHI3L1	SRR9835745	7047.9196894842025
CHI3L1	SRR9835746	2638.1727877634626
CHI3L1	SRR9835747	8638.078296334455
CHI3L1	SRR9835748	3590.009334106214
CHI3L1	SRR9835749	1
CHI3L1	SRR9835750	1.0082981694634305
CHI3L1	SRR9835751	15658.009929501828
CHI3L1	SRR9835752	1.040454512254464
CHI3L1	SRR9835753	1.0104884861324797
CHI3L1	SRR9835754	11479.657600587547
CHI3L1	SRR9835755	709.0774428233029
CHI3L1	SRR9835756	1.0464063323203885
CHI3L1	SRR9835757	3.0119919891835716
CHI3L1	SRR9835758	1.0057304820763078
CHI3L1	SRR9835759	5547.87670537546
CHI3L1	SRR9835760	1571
CHI3L1	SRR9835761	1.000179960941952
CHI3L1	SRR9835762	1.1023719914822634
CHI3L1	SRR9835763	1.0028985763366107
CHI3L1	SRR9835764	1.0025931784597333
CHI3L1	SRR9835765	416.87043671391956
CHI3L1	SRR9835766	1.0257855942277956
CHI3L1	SRR9835767	1.0369668007927877
CHI3L1	SRR9835768	1501
CHI3L1	SRR9835769	2695
CHI3L1	SRR9835770	1.0198972127540598
CHI3L1	SRR9835771	2729.6969313635386
CHI3L1	SRR9835772	1.012507584036827
CHI3L1	SRR9835773	1
CHI3L1	SRR9835774	1.0351205406829784
CHI3L1	SRR9835775	6574.928899152519
CHI3L1	SRR9835776	5546.523244633852
CHI3L1	SRR9835777	298.72936484120083
CHI3L1	SRR9835778	900.7201331581107
CHI3L1	SRR9835779	1.0069981117179123
CHI3L1	SRR9835780	1.001546012786343
CHI3L1	SRR9835781	6545.027677084001
CHI3L1	SRR9835782	2150.6128406630337
CHI3L1	SRR9835783	1451
CHI3L1	SRR9835784	7.02827068923102
CHI3L1	SRR9835785	1.0438963484044135
CHI3L1	SRR9835786	1.0096255681663386
CHI3L1	SRR9835787	8053.554005768883
CHI3L1	SRR9835788	1.0016514420012725
CHI3L1	SRR9835789	1
CHI3L1	SRR9835790	1.0070872414225938
CHI3L1	SRR9835791	1.0271261374648186
CHI3L1	SRR9835792	0.9928100228361384
CHI3L1	SRR9835793	1.0019813525502068
CHI3L1	SRR9835794	2358.424347901123
CHI3L1	SRR9835795	1.0567801380566075
CHI3L1	SRR9835796	18305.364948336508
CHI3L1	SRR9835797	773
CHI3L1	SRR9835798	11608.919834206501
CHI3L1	SRR9835799	1819.567649941195
CHI3L1	SRR9835800	1416.610616796947
CHI3L1	SRR9835801	1.0050027300349125
CHI3L1	SRR9835802	503.9912486908875
CHI3L1	SRR9867812	291
CHI3L1	SRR9867813	111.32465473148487
CHI3L1	SRR9867814	559.8995242508004
CHI3L1	SRR9867815	293
CHI3L1	SRR9867816	298.16091403687284
CHI3L1	SRR9867817	646.3750080718402
CHI3L1	SRR9867818	319.09099358801825
CHI3L1	SRR9867819	623.2470456218047
CHI3L1	SRR9867820	291.6815278247613
CHI3L1	SRR9867821	293
CHI3L1	SRR9867822	652.4578109164045
CHI3L1	SRR9867823	293.05272855599196
CHI3L1	SRR9867824	214.5628676744328
CHI3L1	SRR9867825	214.6324169247478
CHI3L1	SRR9867826	323.22906667694605
CHI3L1	SRR9867827	332
CHI3L1	SRR9867828	577.5129805791797
CHI3L1	SRR9867829	224.692952862115
CHI3L1	SRR9867830	301.6056092051298
CHI3L1	SRR9867831	208.63551358433932
CHI3L1	SRR9879292	8811.681850311139
CHI3L1	SRR9879293	234.53155352988415
CHI3L1	SRR9879294	1.0204975926045814
CHI3L1	SRR9879295	1.0201804361038371
CHI3L1	SRR9879296	295.65475060452957
CHI3L1	SRR9879297	1.0160326211514135
CHI3L1	SRR9879298	1.0114727203258032
CHI3L1	SRR9879299	1.004672692112038
CHI3L1	SRR9879300	1.0154291543241525
CHI3L1	SRR9879301	1.002412783311024
CHI3L1	SRR9879302	69.78572628066864
CHI3L1	SRR9879303	632.4906496129174
CHI3L1	SRR9879304	1.0171630497984254
CHI3L1	SRR9879305	836.1975420160969
CHI3L1	SRR9879306	4451
CHI3L1	SRR9879307	6656.3712647017255
CHI3L1	SRR9879308	468.61558396795886
CHI3L1	SRR9879309	847.615119792037
CHI3L1	T50_307	1.006233098409452
CHI3L1	T50_313	1.0171338971063077
CHI3L1	T50_317	1.017912202260729
CHI3L1	T50_324	611.3364998129496
CHI3L1	T50_427	1.0173634427914857
CHI3L1	T50_428	1.007839948834571
CHI3L1	T50_431	1.006184793499986
CHI3L1	T50_436	1.0087154193912522
CHI3L1	T50_476	1.008350698322557
CHI3L1	UN_307	1.0133098244040084
CHI3L1	UN_313	1.0145310136075893
CHI3L1	UN_317	2743.7390610910966
CHI3L1	UN_324	11245.091180608795
CHI3L1	UN_427	1.0090657297142456
CHI3L1	UN_428	1.0107927868178097
CHI3L1	UN_431	1.010700365800461
CHI3L1	UN_436	1.0085902616518891
CHI3L1	UN_476	1.0102367475941127
