Gene	sample	counts
HIST1H2BE	CM317	39.888398802919184
HIST1H2BE	CMCD140	38.3528377520648
HIST1H2BE	CMCD147	36.35582031458581
HIST1H2BE	CMCD152	44
HIST1H2BE	CMCD154	35.33960242341316
HIST1H2BE	CMCD159	37.892080961923426
HIST1H2BE	CMCD161	57.17463343460681
HIST1H2BE	CMCD174	38.09261383558436
HIST1H2BE	CMCD196	51.45254739147281
HIST1H2BE	CMCD198	64.75949963594458
HIST1H2BE	CMCD203	91.2892979681788
HIST1H2BE	CMCD211	224.43585692483884
HIST1H2BE	CMCD227	44.24194083555176
HIST1H2BE	CMCD240	75.90501367054958
HIST1H2BE	CMCD259	91
HIST1H2BE	CMCD270	48.24820125633975
HIST1H2BE	CMCD275	35.29501273070965
HIST1H2BE	CMCD282	75.95312182622354
HIST1H2BE	CMCD286	96.41067309022
HIST1H2BE	CMCD287	103
HIST1H2BE	CMCD294	37.13957449483502
HIST1H2BE	CMCD327	44.2236035739046
HIST1H2BE	CMCD335	60.27928185953868
HIST1H2BE	CMCD337	78.51758997222875
HIST1H2BE	CMCD357	52.03874871071624
HIST1H2BE	CMCD398	48.27866864039597
HIST1H2BE	CMCD403	35.24961848667063
HIST1H2BE	CMCD422	69.14399110383539
HIST1H2BE	CMCD426	38.84986096617199
HIST1H2BE	CMCD71	57.36056232868485
HIST1H2BE	CMCD72	40.04141985028163
HIST1H2BE	CMCD76	85.19270894690442
HIST1H2BE	CMCD88	44.00791828144589
HIST1H2BE	CMSA256	51
HIST1H2BE	CMSA316	35.28050993183884
HIST1H2BE	CMUC110	60
HIST1H2BE	CMUC192	44.578769215725174
HIST1H2BE	CMUC199	58.516570166677454
HIST1H2BE	CMUC200	48.111766023657914
HIST1H2BE	CMUC208	75.18325760007319
HIST1H2BE	CMUC231	44
HIST1H2BE	CMUC234	134
HIST1H2BE	CMUC285	38.41445241303963
HIST1H2BE	CMUC291	41.268984283398154
HIST1H2BE	CMUC295	69.0621088752943
HIST1H2BE	CMUC299	63.183577614734496
HIST1H2BE	CMUC301	75.04049849921296
HIST1H2BE	CMUC307	82.22575087977684
HIST1H2BE	CMUC313	36.42169928437832
HIST1H2BE	CMUC314	36.86110153170894
HIST1H2BE	CMUC323	58.32491492944419
HIST1H2BE	CMUC324	78.07021003294139
HIST1H2BE	CMUC331	51.45796361959249
HIST1H2BE	CMUC333	38.86204915204271
HIST1H2BE	CMUC334	57.841535352799696
HIST1H2BE	CMUC346	35.37499140909635
HIST1H2BE	CMUC352	54.32145623601265
HIST1H2BE	CMUC360	48.06049953131718
HIST1H2BE	CMUC363	55.3789834367418
HIST1H2BE	CMUC365	41.26829284598843
HIST1H2BE	CMUC366	48.15719681011885
HIST1H2BE	CMUC368	75
HIST1H2BE	CMUC377	57.23134762613149
HIST1H2BE	CMUC379	37.32580434240901
HIST1H2BE	CMUC380	35.6190605779318
HIST1H2BE	CMUC383	69.9510996287744
HIST1H2BE	CMUC394	145.04620872020487
HIST1H2BE	CMUC419	38.92039997560146
HIST1H2BE	CMUC427	106
HIST1H2BE	CMUC428	69.43075236803772
HIST1H2BE	CMUC431	88.16118961216887
HIST1H2BE	CMUC435	51.24926049333276
HIST1H2BE	CMUC439	57.36012262580357
HIST1H2BE	CMUC89	48
HIST1H2BE	CS219	66.16153717959482
HIST1H2BE	CS256	41.09295372733036
HIST1H2BE	CS257	38.149299505736046
HIST1H2BE	CS259	100.15292324755883
HIST1H2BE	CS261	41.9324773351329
HIST1H2BE	CS266	36.20542402134744
HIST1H2BE	CS270	38.478015742813035
HIST1H2BE	CS277	88.69088889430779
HIST1H2BE	CS288	41.365637070644794
HIST1H2BE	CS290	41.32534971191902
HIST1H2BE	CS292	35.47605753595175
HIST1H2BE	CS293	35.55959357452133
HIST1H2BE	CS301	58.45358439717098
HIST1H2BE	CS306	39.40553624316883
HIST1H2BE	CS308	42.041458213737585
HIST1H2BE	CS315	76.99377041572758
HIST1H2BE	CS317	37.41857881493961
HIST1H2BE	CS322	57.75056403943153
HIST1H2BE	CS327	131.6137897013963
HIST1H2BE	CS328	69.51270346648073
HIST1H2BE	CS330	37.56478087949764
HIST1H2BE	CS331	35.642045675369395
HIST1H2BE	CS335	80.22067130551191
HIST1H2BE	CS338	52.50196849509642
HIST1H2BE	CS339	40.747364871409644
HIST1H2BE	CS343	132.0390035159908
HIST1H2BE	CS344	35.47898015053779
HIST1H2BE	CS350	58.243153649826844
HIST1H2BE	CS351	66.54231690332809
HIST1H2BE	CS361	35.81040251304965
HIST1H2BE	CS388	49.5906578821985
HIST1H2BE	CS396	66.69888862265911
HIST1H2BE	CS405	35.83760922374507
HIST1H2BE	CS415	37.54047462764173
HIST1H2BE	CS424	39.33956679819419
HIST1H2BE	IM293	55.290216866325764
HIST1H2BE	IM296	55.35209104527393
HIST1H2BE	IM297	56.913405976397435
HIST1H2BE	IM300	89
HIST1H2BE	IM305	58.57323780726213
HIST1H2BE	IM309	55.378150868652384
HIST1H2BE	IM310	61.816017650304346
HIST1H2BE	IM311	68.83834954033242
HIST1H2BE	IM316	83.41784925200088
HIST1H2BE	IM320	71.08865212137468
HIST1H2BE	IM330	71.71842543571485
HIST1H2BE	IM332	53.51270143297696
HIST1H2BE	IM340	169.6276529433265
HIST1H2BE	IM348	53.81236630230905
HIST1H2BE	IM354	58.41365349219704
HIST1H2BE	IM356	52.41425666635346
HIST1H2BE	IM364	52.874286792859685
HIST1H2BE	IM372	63.63508112198661
HIST1H2BE	IM374	54.46791667786512
HIST1H2BE	IM376	52.73213579844439
HIST1H2BE	IM381	55.677127669235475
HIST1H2BE	IM382	53.59994151955792
HIST1H2BE	IM385	77
HIST1H2BE	IM390	53.42287654142636
HIST1H2BE	IM397	80.8900803558615
HIST1H2BE	IM404	58.16625479218324
HIST1H2BE	IM409	55.311045519803436
HIST1H2BE	IM412	68
HIST1H2BE	IM421	66.01125210849564
HIST1H2BE	IM425	54.704175755297776
HIST1H2BE	IM432	54.04500971935035
HIST1H2BE	IM438	126
HIST1H2BE	IM442	60.37152890222596
HIST1H2BE	IM445	68.76754769709946
HIST1H2BE	IM448	53.134105084052564
HIST1H2BE	IM449	65.54098151773285
HIST1H2BE	IM451	61.31187057509771
HIST1H2BE	IMSA256	58.23521855025313
HIST1H2BE	IMSA276	108
HIST1H2BE	IMSA286	86
HIST1H2BE	IMSA343	103.26477212292298
HIST1H2BE	IS_238	65
HIST1H2BE	IS238	83.90100544844763
HIST1H2BE	IS243	74
HIST1H2BE	IS253	68
HIST1H2BE	IS283	58
HIST1H2BE	IS322	103.05194505329733
HIST1H2BE	IS399	77.53438567817308
HIST1H2BE	IS418	56.72298939508006
HIST1H2BE	IS430	65.99418764977808
HIST1H2BE	IS437	56.116230242714735
HIST1H2BE	IS444	53.9074348969861
HIST1H2BE	R276CMSA	50.962516674862705
HIST1H2BE	R286CMSA	85
HIST1H2BE	R292CMSA	54.22395450450164
HIST1H2BE	R292IMSA	55.83017206981094
HIST1H2BE	R308CMSA	37.35099503640085
HIST1H2BE	R316IMSA	59.11672886564143
HIST1H2BE	R347CMSA	37.22241923242321
HIST1H2BE	R347IMSA	88.16244618463881
HIST1H2BE	R371CMSA	72.28659660096513
HIST1H2BE	SRR10104064	39.94025498104787
HIST1H2BE	SRR10104065	70.41000769518942
HIST1H2BE	SRR10104066	36.67462219845523
HIST1H2BE	SRR10104067	54.222028763094286
HIST1H2BE	SRR10104068	172.8008078194869
HIST1H2BE	SRR10104069	87.99678247981223
HIST1H2BE	SRR10104070	37.05805799475096
HIST1H2BE	SRR10104071	41.781790470680434
HIST1H2BE	SRR10104072	74.89212392170008
HIST1H2BE	SRR10104073	37.60754540849507
HIST1H2BE	SRR10104074	76.70756399857571
HIST1H2BE	SRR10104075	61.00353368547412
HIST1H2BE	SRR10104076	106.8760948656237
HIST1H2BE	SRR10104077	58.34122221588291
HIST1H2BE	SRR10104078	72.89990653126837
HIST1H2BE	SRR10104079	39.222256886313616
HIST1H2BE	SRR10104080	59.4404625879009
HIST1H2BE	SRR10104081	71.10908507830767
HIST1H2BE	SRR10104082	38.961051854988824
HIST1H2BE	SRR10104083	56.349538468783784
HIST1H2BE	SRR10104084	38.442482472886596
HIST1H2BE	SRR10104085	71.55521289831064
HIST1H2BE	SRR10104086	36.89224231682692
HIST1H2BE	SRR10104087	224.7168017781266
HIST1H2BE	SRR10104088	87.79287376930839
HIST1H2BE	SRR10104089	40.85084206294623
HIST1H2BE	SRR10104090	36.94692699845607
HIST1H2BE	SRR10104091	37.51510799251795
HIST1H2BE	SRR10104092	88.10784804300768
HIST1H2BE	SRR10104093	54.817775164884225
HIST1H2BE	SRR10104094	160.27347965309457
HIST1H2BE	SRR10104095	37.946217792621965
HIST1H2BE	SRR10104096	60.723084483470934
HIST1H2BE	SRR10104097	38.27235339860741
HIST1H2BE	SRR10104098	37.07142400734096
HIST1H2BE	SRR10104099	37.70917582540596
HIST1H2BE	SRR10104100	89.52857694187924
HIST1H2BE	SRR10104101	121.67471518374334
HIST1H2BE	SRR10104102	53.81179732669311
HIST1H2BE	SRR10104103	55.76030216840587
HIST1H2BE	SRR10104104	71.08483253959228
HIST1H2BE	SRR10104105	38.91006679777454
HIST1H2BE	SRR10104106	40.69641131113819
HIST1H2BE	SRR10104107	173.6470044033619
HIST1H2BE	SRR10104108	190.29601381511847
HIST1H2BE	SRR10104109	40.262273991690414
HIST1H2BE	SRR10104110	42.834841004200435
HIST1H2BE	SRR10104111	54.733641685015584
HIST1H2BE	SRR10104112	62.89092059973577
HIST1H2BE	SRR10104113	37.29021870948097
HIST1H2BE	SRR10104114	42.22102026681192
HIST1H2BE	SRR10104115	41.19199214324329
HIST1H2BE	SRR10104116	55.476673825499276
HIST1H2BE	SRR10104117	37.398550853696904
HIST1H2BE	SRR10104118	41.160702627053176
HIST1H2BE	SRR10104119	42.83347772593201
HIST1H2BE	SRR10104120	89.35513770873406
HIST1H2BE	SRR10104121	38.94388979421646
HIST1H2BE	SRR10104122	39.22196074600678
HIST1H2BE	SRR10104123	75.74336555589103
HIST1H2BE	SRR10104124	40.190892749052736
HIST1H2BE	SRR10104125	39.59309646816756
HIST1H2BE	SRR10104126	72.76183023825679
HIST1H2BE	SRR10104127	42.690176761796884
HIST1H2BE	SRR10104128	54.52516501218854
HIST1H2BE	SRR10104129	36.94664756173504
HIST1H2BE	SRR10104130	37.48128906045878
HIST1H2BE	SRR10104131	70.79303325178981
HIST1H2BE	SRR10104132	36.259683736927
HIST1H2BE	SRR10104133	41.895663387196144
HIST1H2BE	SRR10104134	37.08384907789806
HIST1H2BE	SRR10104135	77.0564256224222
HIST1H2BE	SRR10104136	36.540584885741005
HIST1H2BE	SRR10104137	39.8786536730174
HIST1H2BE	SRR10104138	43.03805278918215
HIST1H2BE	SRR10104139	70.79496962055832
HIST1H2BE	SRR10104140	41.12302684853727
HIST1H2BE	SRR10104141	92.17793577525711
HIST1H2BE	SRR10104142	37.84751173775157
HIST1H2BE	SRR10104143	87.71152082667128
HIST1H2BE	SRR10104144	38.140746171889944
HIST1H2BE	SRR10104145	38.244343315930685
HIST1H2BE	SRR10104146	70.67351413519629
HIST1H2BE	SRR10104147	70.11966280337599
HIST1H2BE	SRR10104148	55.73731999723875
HIST1H2BE	SRR10104149	55.47748447027598
HIST1H2BE	SRR10104150	105.20921583603473
HIST1H2BE	SRR10104151	87.6660703071317
HIST1H2BE	SRR10104152	70.39351725338267
HIST1H2BE	SRR10104153	77.13508246620464
HIST1H2BE	SRR10104154	89.65572272155357
HIST1H2BE	SRR10104155	39.163485310507454
HIST1H2BE	SRR10104156	155.6291031938663
HIST1H2BE	SRR10104157	37.76095830704206
HIST1H2BE	SRR10104158	36.73855959297393
HIST1H2BE	SRR10104159	53.66782474943527
HIST1H2BE	SRR10104160	40.48722897744608
HIST1H2BE	SRR10104161	70.12083763651486
HIST1H2BE	SRR10104162	71.42365960683387
HIST1H2BE	SRR10104163	54.5952370154179
HIST1H2BE	SRR10104164	54.04063517374789
HIST1H2BE	SRR10104165	72.6791024818213
HIST1H2BE	SRR10104166	37.46686545274195
HIST1H2BE	SRR10104167	54.19684316997811
HIST1H2BE	SRR10104168	89.48986649420425
HIST1H2BE	SRR10104169	36.88875378388412
HIST1H2BE	SRR10104170	72.10435073777325
HIST1H2BE	SRR10104171	36.86318803381247
HIST1H2BE	SRR10104172	37.2183635379237
HIST1H2BE	SRR10104173	56.20059978081077
HIST1H2BE	SRR10104174	37.21790928762411
HIST1H2BE	SRR10104175	36.80919744031178
HIST1H2BE	SRR10104176	36.80968219655328
HIST1H2BE	SRR10104177	89.2037221159925
HIST1H2BE	SRR10104178	55.03598104259663
HIST1H2BE	SRR10104179	37.24722098603151
HIST1H2BE	SRR10104180	36.790206610036584
HIST1H2BE	SRR10104181	89.32868818421672
HIST1H2BE	SRR10104182	54.86212245200299
HIST1H2BE	SRR10104183	37.7153327182303
HIST1H2BE	SRR10104184	106.21244482909916
HIST1H2BE	SRR10104185	38.289851787009134
HIST1H2BE	SRR10104186	37.186029375812815
HIST1H2BE	SRR10104187	38.77139444055543
HIST1H2BE	SRR10104188	37.939159543874126
HIST1H2BE	SRR10104189	92.18139460522751
HIST1H2BE	SRR10104190	41.24499266511151
HIST1H2BE	SRR10104191	60.28970402047818
HIST1H2BE	SRR10104192	54.38080720368298
HIST1H2BE	SRR10104193	55.11164715130546
HIST1H2BE	SRR10104194	55.27263495895182
HIST1H2BE	SRR10104195	108.3549136545359
HIST1H2BE	SRR10104196	37.46334417706655
HIST1H2BE	SRR10104197	88.46401670328906
HIST1H2BE	SRR10104198	36.930453266708824
HIST1H2BE	SRR10104199	75.75968731573485
HIST1H2BE	SRR10104200	54.87310808032034
HIST1H2BE	SRR10104201	36.94332243218499
HIST1H2BE	SRR10104202	38.38163471885674
HIST1H2BE	SRR10104203	54.19974719110575
HIST1H2BE	SRR10104204	89.72709805091039
HIST1H2BE	SRR10104205	36.96714006239356
HIST1H2BE	SRR10104206	54.52460230768448
HIST1H2BE	SRR10104207	37.17799235342614
HIST1H2BE	SRR10104208	53.934661196824706
HIST1H2BE	SRR10104209	71.62139962037044
HIST1H2BE	SRR10104210	36.94697761402643
HIST1H2BE	SRR10104211	36.67546974933586
HIST1H2BE	SRR10104212	71.31280188421391
HIST1H2BE	SRR10104213	56.122839678662686
HIST1H2BE	SRR10104214	37.079079805875914
HIST1H2BE	SRR10104215	53.56784413377448
HIST1H2BE	SRR10104216	110.30657774194823
HIST1H2BE	SRR10104217	36.896900697951125
HIST1H2BE	SRR10104218	110.61814781342386
HIST1H2BE	SRR10104219	92.51143422276836
HIST1H2BE	SRR10104220	37.264209095007
HIST1H2BE	SRR10104221	39.14050897092922
HIST1H2BE	SRR10104222	37.37298486837347
HIST1H2BE	SRR10104223	42.35877812689068
HIST1H2BE	SRR10104224	36.91386384240394
HIST1H2BE	SRR10104225	124.80139714884696
HIST1H2BE	SRR10104226	55.0611358718485
HIST1H2BE	SRR10104227	38.6977901664923
HIST1H2BE	SRR10104228	40.28083402496431
HIST1H2BE	SRR10104229	37.338039907126785
HIST1H2BE	SRR10104230	58.36175637705744
HIST1H2BE	SRR10104231	38.73907843687067
HIST1H2BE	SRR10104232	38.15181511794617
HIST1H2BE	SRR10104233	38.585281350697315
HIST1H2BE	SRR10104234	36.840918801991236
HIST1H2BE	SRR10104235	126.27602121380107
HIST1H2BE	SRR10104236	36.33508355832641
HIST1H2BE	SRR10104237	36.66567587126789
HIST1H2BE	SRR10104238	38.530922697187755
HIST1H2BE	SRR10104239	38.20242268430351
HIST1H2BE	SRR10104240	38.60572337526839
HIST1H2BE	SRR10104241	90.48520706901539
HIST1H2BE	SRR10104242	38.29844303631907
HIST1H2BE	SRR10104243	38.42304682125564
HIST1H2BE	SRR10104244	37.42241585890241
HIST1H2BE	SRR10104245	37.46807315174275
HIST1H2BE	SRR10104246	96.20461800815829
HIST1H2BE	SRR10104247	55.99072664602348
HIST1H2BE	SRR10104248	75.18600392927615
HIST1H2BE	SRR10104249	36.97853991892565
HIST1H2BE	SRR10104250	41.50848771634449
HIST1H2BE	SRR10104251	37.67777092266765
HIST1H2BE	SRR10104252	42.469012322627826
HIST1H2BE	SRR10104253	114.00327904931329
HIST1H2BE	SRR10104254	37.33970807030809
HIST1H2BE	SRR10104255	177.33126984954094
HIST1H2BE	SRR10104256	54.55738081414432
HIST1H2BE	SRR10104257	37.35061605885618
HIST1H2BE	SRR10104258	72.15548712674115
HIST1H2BE	SRR10224277	17.415094206938804
HIST1H2BE	SRR10224278	10.926635070500108
HIST1H2BE	SRR10224279	10.89250843220296
HIST1H2BE	SRR10224280	120.68942690912108
HIST1H2BE	SRR10224281	21.338315456013582
HIST1H2BE	SRR10224282	10.501757282099426
HIST1H2BE	SRR10224283	93.8021331783851
HIST1H2BE	SRR10224284	11.092008744415573
HIST1H2BE	SRR10224285	11.279661106950957
HIST1H2BE	SRR10224286	296.3470816653506
HIST1H2BE	SRR10224287	28.946495492871826
HIST1H2BE	SRR10224288	10.962707234129589
HIST1H2BE	SRR10224289	12.028551903365818
HIST1H2BE	SRR10224290	26.292700149151297
HIST1H2BE	SRR10224291	136.11989819866287
HIST1H2BE	SRR10224292	44.5217603834431
HIST1H2BE	SRR10224293	30.918577810674343
HIST1H2BE	SRR10224294	149.1786758942798
HIST1H2BE	SRR10224295	10.860783600082067
HIST1H2BE	SRR10224296	51.681424747009416
HIST1H2BE	SRR10224297	11.274808217665388
HIST1H2BE	SRR10224298	24.797337648648753
HIST1H2BE	SRR10318388	39.28609721714016
HIST1H2BE	SRR10318389	57.268094516558264
HIST1H2BE	SRR10318390	67.82424816304757
HIST1H2BE	SRR10318391	68.80591316308966
HIST1H2BE	SRR10318392	37.512647085764776
HIST1H2BE	SRR10318393	33.09267615370105
HIST1H2BE	SRR10318394	22.289914541878208
HIST1H2BE	SRR10318395	67.29593272259167
HIST1H2BE	SRR10318396	115.91416848501723
HIST1H2BE	SRR10318397	45.26187748122194
HIST1H2BE	SRR10318398	307.0479892726272
HIST1H2BE	SRR10318399	34.65354571146658
HIST1H2BE	SRR10318400	49.724006628725
HIST1H2BE	SRR10318401	27.09734522805893
HIST1H2BE	SRR10318402	55.23147934513064
HIST1H2BE	SRR10318403	16.076946786471392
HIST1H2BE	SRR10318404	119.20542398207526
HIST1H2BE	SRR10318405	57.136989202336494
HIST1H2BE	SRR10318406	49.22213088301652
HIST1H2BE	SRR10318407	33.32381153773504
HIST1H2BE	SRR10318408	39.11710524560199
HIST1H2BE	SRR10318409	22.069355570667746
HIST1H2BE	SRR10318410	33.13383124410954
HIST1H2BE	SRR10318411	57.20728477668439
HIST1H2BE	SRR10318412	78.3764287347303
HIST1H2BE	SRR10318413	27.103050412170198
HIST1H2BE	SRR10318414	22.12968165825414
HIST1H2BE	SRR10318415	10.06478060580776
HIST1H2BE	SRR10318416	10.099015537758559
HIST1H2BE	SRR10318417	37.264793515835095
HIST1H2BE	SRR10318418	45.168618995525335
HIST1H2BE	SRR10318419	16.063739938274924
HIST1H2BE	SRR10318420	37.066639496998775
HIST1H2BE	SRR10318421	80.37948959579029
HIST1H2BE	SRR10318422	51.106428207182674
HIST1H2BE	SRR10318423	62.09121541046668
HIST1H2BE	SRR10318424	62.12938331069267
HIST1H2BE	SRR10318425	72.46677632477359
HIST1H2BE	SRR10318426	36.14626712039334
HIST1H2BE	SRR10318427	24.37640092294343
HIST1H2BE	SRR10318428	1.0013184108677915
HIST1H2BE	SRR10318429	32.12747987654985
HIST1H2BE	SRR10318430	22.189193931978174
HIST1H2BE	SRR10318431	1.0051501237216312
HIST1H2BE	SRR10318432	49.08226314555762
HIST1H2BE	SRR10318433	1.2750020383966563
HIST1H2BE	SRR10318434	109.33211632127957
HIST1H2BE	SRR10318435	84.49887503466108
HIST1H2BE	SRR10318436	10.027334775314678
HIST1H2BE	SRR10318437	49.03528186723152
HIST1H2BE	SRR10318438	1.0012604069024411
HIST1H2BE	SRR10318439	68.2788195451263
HIST1H2BE	SRR10318440	61.95976630069434
HIST1H2BE	SRR10318441	27.07454443046036
HIST1H2BE	SRR10318442	92.5769736725259
HIST1H2BE	SRR10318443	62.14122271800285
HIST1H2BE	SRR10318444	72.6112397193784
HIST1H2BE	SRR10318445	39.469943777276384
HIST1H2BE	SRR10318446	57.22513916951913
HIST1H2BE	SRR10318447	57.59432749823342
HIST1H2BE	SRR10318448	4.027649631420747
HIST1H2BE	SRR10318449	55.114775517549944
HIST1H2BE	SRR10318450	39.20232033245427
HIST1H2BE	SRR10318451	84
HIST1H2BE	SRR10318452	39.24401117884709
HIST1H2BE	SRR10318453	62.20804545937734
HIST1H2BE	SRR10318454	39.185287751126275
HIST1H2BE	SRR10318455	61.367059145005086
HIST1H2BE	SRR10318456	68.44612027490426
HIST1H2BE	SRR10318457	27.04174234523126
HIST1H2BE	SRR10318458	39.49502940777885
HIST1H2BE	SRR10318459	22.141808122402338
HIST1H2BE	SRR10318460	22.087265878883517
HIST1H2BE	SRR10318461	103.36190234236942
HIST1H2BE	SRR10318462	97.64665528792224
HIST1H2BE	SRR10318463	27.083549224661976
HIST1H2BE	SRR10318464	57.35314103251142
HIST1H2BE	SRR10318465	84.0756108047061
HIST1H2BE	SRR10318466	133.23689404886184
HIST1H2BE	SRR10318467	144.7287769147093
HIST1H2BE	SRR10318468	84.81768221915716
HIST1H2BE	SRR10318469	22.07729952943813
HIST1H2BE	SRR10318470	138
HIST1H2BE	SRR10318471	92
HIST1H2BE	SRR10318472	92.40480716647448
HIST1H2BE	SRR10318473	132.51147808602232
HIST1H2BE	SRR10318474	43.179654431420396
HIST1H2BE	SRR10318475	97.38774098360216
HIST1H2BE	SRR10318476	78.27884890390551
HIST1H2BE	SRR10318495	86.09290163393652
HIST1H2BE	SRR10318496	78.68682496655272
HIST1H2BE	SRR10318497	45.2461642303872
HIST1H2BE	SRR10318498	61.05490784627467
HIST1H2BE	SRR10318499	142.14277955904603
HIST1H2BE	SRR10318500	68.38969281718896
HIST1H2BE	SRR10318501	49.23647446156134
HIST1H2BE	SRR10318502	51.027538979464815
HIST1H2BE	SRR10318503	32.057634159566504
HIST1H2BE	SRR10318504	127.83883364498568
HIST1H2BE	SRR10318505	61.032938779359874
HIST1H2BE	SRR10318506	151.787966305075
HIST1H2BE	SRR10318507	110.3051942874419
HIST1H2BE	SRR10318508	34.02195870177793
HIST1H2BE	SRR10318509	115.78701327256655
HIST1H2BE	SRR10318510	80.63423900069736
HIST1H2BE	SRR10318511	92.1159574350246
HIST1H2BE	SRR10318512	55.4189416238029
HIST1H2BE	SRR10318513	80.26444890105829
HIST1H2BE	SRR10318514	1.0045976621199102
HIST1H2BE	SRR10318515	68.81128139785366
HIST1H2BE	SRR10318516	107.6340155158192
HIST1H2BE	SRR10318517	16.04204695082343
HIST1H2BE	SRR10318518	10.071731309246518
HIST1H2BE	SRR10318519	119.56158779872567
HIST1H2BE	SRR10318520	1.0019813525502068
HIST1H2BE	SRR10318521	57.20629732478
HIST1H2BE	SRR10318522	61.08331416921148
HIST1H2BE	SRR10318523	51.115625368142645
HIST1H2BE	SRR10318524	90.69071603549898
HIST1H2BE	SRR10318525	16.099174509842268
HIST1H2BE	SRR10318526	80.52129577468611
HIST1H2BE	SRR10318527	119.04283455811152
HIST1H2BE	SRR10318528	1.0025362599557612
HIST1H2BE	SRR10318529	57.129228352630015
HIST1H2BE	SRR10318530	131.88298337075338
HIST1H2BE	SRR10318531	1.0089179773327999
HIST1H2BE	SRR10318532	97.8006086799928
HIST1H2BE	SRR10318533	85.94802016455694
HIST1H2BE	SRR10318534	16.281064970178377
HIST1H2BE	SRR10318535	33.51142105437922
HIST1H2BE	SRR10318536	142.5758798988956
HIST1H2BE	SRR10318537	22.238513070767297
HIST1H2BE	SRR10318538	80.14653601106261
HIST1H2BE	SRR10318539	61.440217806860396
HIST1H2BE	SRR10318540	4.021800910541846
HIST1H2BE	SRR10318541	51.361614951093316
HIST1H2BE	SRR10318542	143.14084057148827
HIST1H2BE	SRR10318543	151.5011793823656
HIST1H2BE	SRR10318544	68.16851661014744
HIST1H2BE	SRR10318545	32.276179986446884
HIST1H2BE	SRR10318546	27.03889605604698
HIST1H2BE	SRR10318547	4.015812190752031
HIST1H2BE	SRR10318548	1.0048398987869123
HIST1H2BE	SRR10318549	68.4675169901777
HIST1H2BE	SRR10318568	45.14186366727493
HIST1H2BE	SRR10318569	97.08006189630275
HIST1H2BE	SRR10318570	27.287161089861744
HIST1H2BE	SRR10318571	61.05034820282956
HIST1H2BE	SRR10318572	45.21379355899186
HIST1H2BE	SRR10318573	162.23833704025165
HIST1H2BE	SRR10318574	84.20418195915359
HIST1H2BE	SRR10318575	57.267733044521
HIST1H2BE	SRR10318576	33.14213364120756
HIST1H2BE	SRR10318577	55.15934199397636
HIST1H2BE	SRR10318578	121.1089155639219
HIST1H2BE	SRR10318579	202.6368102397675
HIST1H2BE	SRR10318580	102.13931221737
HIST1H2BE	SRR10318581	243
HIST1H2BE	SRR10875803	0.8111500939089954
HIST1H2BE	SRR10875804	84.010380044544
HIST1H2BE	SRR10875805	4.155253750874201
HIST1H2BE	SRR10875806	76.81956888996852
HIST1H2BE	SRR10875807	79.73731981158019
HIST1H2BE	SRR10875808	95.43801548168095
HIST1H2BE	SRR10875809	79.66488061514673
HIST1H2BE	SRR10875810	89.46099269333592
HIST1H2BE	SRR10875812	89
HIST1H2BE	SRR10875813	85.01007027783197
HIST1H2BE	SRR10875814	41.163890518842145
HIST1H2BE	SRR10875815	70
HIST1H2BE	SRR10875816	27
HIST1H2BE	SRR10875817	179.5320177353508
HIST1H2BE	SRR10875818	0.7224371096255142
HIST1H2BE	SRR10875819	85
HIST1H2BE	SRR10875820	63.87833769649352
HIST1H2BE	SRR10875821	47.38219176259874
HIST1H2BE	SRR10875822	86.71016018974073
HIST1H2BE	SRR10875823	57
HIST1H2BE	SRR10875824	6.635573750022202
HIST1H2BE	SRR10875825	1.0017568823143634
HIST1H2BE	SRR10875826	0.8418328143680529
HIST1H2BE	SRR10875827	59.30593223196833
HIST1H2BE	SRR10875829	113.3999545212161
HIST1H2BE	SRR10875830	73
HIST1H2BE	SRR10875831	9.03214574523263
HIST1H2BE	SRR10875832	1
HIST1H2BE	SRR10875834	4.013345159681459
HIST1H2BE	SRR10875835	1
HIST1H2BE	SRR10875836	50.62594104349739
HIST1H2BE	SRR10875837	0.8027033939846714
HIST1H2BE	SRR10875838	93
HIST1H2BE	SRR10875839	42.842201951286704
HIST1H2BE	SRR10875840	134.0215029620967
HIST1H2BE	SRR10875841	6.022900091593377
HIST1H2BE	SRR10875842	64.45651542231613
HIST1H2BE	SRR10875843	13.78241741931722
HIST1H2BE	SRR10875844	0.7998780887339916
HIST1H2BE	SRR10875845	16.208592076065393
HIST1H2BE	SRR10875846	0.5338898110226844
HIST1H2BE	SRR10875847	0.5018026894084987
HIST1H2BE	SRR10875848	48
HIST1H2BE	SRR10875849	37.481268075023465
HIST1H2BE	SRR10875850	14.002519453187329
HIST1H2BE	SRR10875851	6.098714295512243
HIST1H2BE	SRR10875852	0.806845693372095
HIST1H2BE	SRR10875853	1.002192313736413
HIST1H2BE	SRR10875854	27.672607468836464
HIST1H2BE	SRR10875855	0.7288685075160425
HIST1H2BE	SRR10875856	84.18507994738087
HIST1H2BE	SRR10875857	51.496929660063955
HIST1H2BE	SRR10875858	469.07226812152567
HIST1H2BE	SRR10875859	368
HIST1H2BE	SRR10875860	26.756873467787074
HIST1H2BE	SRR10875861	71.99044678564775
HIST1H2BE	SRR10875862	0.5796811780923556
HIST1H2BE	SRR10875863	1.0054141363639215
HIST1H2BE	SRR10875864	57
HIST1H2BE	SRR10875865	59.844183585425796
HIST1H2BE	SRR10875866	11.849736956974834
HIST1H2BE	SRR10875867	0.9579402303203833
HIST1H2BE	SRR10875868	10.438334543979982
HIST1H2BE	SRR10875869	1
HIST1H2BE	SRR10875870	0.6740919321963792
HIST1H2BE	SRR10875871	1.000179960941952
HIST1H2BE	SRR10875872	240.22130598528784
HIST1H2BE	SRR10875873	0.8034134029872585
HIST1H2BE	SRR10875874	12.263182800062506
HIST1H2BE	SRR10875875	0.9855354753510438
HIST1H2BE	SRR10875876	1
HIST1H2BE	SRR10875877	33.020482840285
HIST1H2BE	SRR10875878	4.031673885867307
HIST1H2BE	SRR10875879	1
HIST1H2BE	SRR10875880	1.0039973297278573
HIST1H2BE	SRR10875881	3.886195955846626
HIST1H2BE	SRR10875882	116
HIST1H2BE	SRR10875883	58.37339146019894
HIST1H2BE	SRR10875884	74.80478133435018
HIST1H2BE	SRR10875885	93.17034811286028
HIST1H2BE	SRR10875886	1.0075249897799072
HIST1H2BE	SRR10875887	21
HIST1H2BE	SRR10875888	1.0282214633828897
HIST1H2BE	SRR10875889	1.0022324206205542
HIST1H2BE	SRR10875890	1.002192313736413
HIST1H2BE	SRR10875891	1
HIST1H2BE	SRR10875892	44.693752539985205
HIST1H2BE	SRR10875893	1
HIST1H2BE	SRR10875894	3.1110355846257662
HIST1H2BE	SRR10875895	1
HIST1H2BE	SRR10875896	1.0100794629576413
HIST1H2BE	SRR10875897	96.24509348533901
HIST1H2BE	SRR10875898	14.186997893795597
HIST1H2BE	SRR10875899	0.8960758603955238
HIST1H2BE	SRR10875900	1.003735535910961
HIST1H2BE	SRR10875901	128.28061615826087
HIST1H2BE	SRR10875902	295.35545366787727
HIST1H2BE	SRR12430469	24
HIST1H2BE	SRR12430470	17.8114822653493
HIST1H2BE	SRR12430471	40.7402046783325
HIST1H2BE	SRR12430472	18.245396503010436
HIST1H2BE	SRR12430473	38
HIST1H2BE	SRR12430474	33.21643512371161
HIST1H2BE	SRR12430475	20.801925911593464
HIST1H2BE	SRR12430476	26
HIST1H2BE	SRR12765534	1
HIST1H2BE	SRR12765535	115.30221245904342
HIST1H2BE	SRR12765536	1.0046411051794415
HIST1H2BE	SRR12765537	111.4637591136666
HIST1H2BE	SRR12765538	1.0342071735617993
HIST1H2BE	SRR12765539	105.1654063038518
HIST1H2BE	SRR12765540	1.0031250879275095
HIST1H2BE	SRR12765541	93.88208551993989
HIST1H2BE	SRR12765542	7
HIST1H2BE	SRR12765543	98.5760557949987
HIST1H2BE	SRR12765544	1.01152473160965
HIST1H2BE	SRR12765545	97.9002707416664
HIST1H2BE	SRR12765546	1.0301733653815839
HIST1H2BE	SRR12765547	156.24712023769652
HIST1H2BE	SRR12765548	1.0204417187083
HIST1H2BE	SRR12765549	97.73804746955005
HIST1H2BE	SRR12765550	1.040062834884988
HIST1H2BE	SRR12765551	89.19402715954729
HIST1H2BE	SRR12765552	1.0414272361609767
HIST1H2BE	SRR12765553	87.7232422578859
HIST1H2BE	SRR12765554	1.031834253706366
HIST1H2BE	SRR12765555	1.0207139403659764
HIST1H2BE	SRR12765556	112.70543024193124
HIST1H2BE	SRR12765557	1.0104876136718064
HIST1H2BE	SRR12765558	88.32560016871085
HIST1H2BE	SRR12765559	1.0019065235500912
HIST1H2BE	SRR12765560	89.66801791058279
HIST1H2BE	SRR12765561	1.0028390317466211
HIST1H2BE	SRR12765562	103.57931131371032
HIST1H2BE	SRR12765563	1.007295005653179
HIST1H2BE	SRR12765564	128.2671139317526
HIST1H2BE	SRR12765565	1.0042530086827692
HIST1H2BE	SRR12765566	115.81612620590982
HIST1H2BE	SRR12765567	1.0132187770818522
HIST1H2BE	SRR12765568	147.500739358472
HIST1H2BE	SRR12765569	1.0114801175682104
HIST1H2BE	SRR12765570	102.72633432275462
HIST1H2BE	SRR12765571	1.0111765551056255
HIST1H2BE	SRR12765572	156.0205213911211
HIST1H2BE	SRR12765573	183.05553010368033
HIST1H2BE	SRR12765574	1.0069401334995287
HIST1H2BE	SRR12765575	104.44183218787636
HIST1H2BE	SRR12765576	1.0248346620898081
HIST1H2BE	SRR12765577	82.60544641138867
HIST1H2BE	SRR12765578	1.0151006524935662
HIST1H2BE	SRR12765579	111.93054536713123
HIST1H2BE	SRR12765580	1.0113445817462805
HIST1H2BE	SRR12765581	94.47869467578022
HIST1H2BE	SRR12765582	1.0010054898524368
HIST1H2BE	SRR12765583	79.69078996697668
HIST1H2BE	SRR12765584	1.0124182712247378
HIST1H2BE	SRR12765585	103.12159792626066
HIST1H2BE	SRR12765586	1.005276670296832
HIST1H2BE	SRR12765587	94.09002984586543
HIST1H2BE	SRR12765588	1.0069509600211282
HIST1H2BE	SRR12765589	103.84782515444888
HIST1H2BE	SRR12765590	1.029304711338354
HIST1H2BE	SRR12765591	86.33009051161328
HIST1H2BE	SRR12765592	1.0165332338111508
HIST1H2BE	SRR12765593	97.8109038049907
HIST1H2BE	SRR12765594	1.0232318310975639
HIST1H2BE	SRR12765595	98.13659636354093
HIST1H2BE	SRR12765596	79.34841406803227
HIST1H2BE	SRR12765597	1.0080810177332105
HIST1H2BE	SRR12765598	137.98300436524696
HIST1H2BE	SRR12765599	124.37990431388148
HIST1H2BE	SRR12765600	1.0429920540407125
HIST1H2BE	SRR12765601	85.83015958080243
HIST1H2BE	SRR12765602	16.13858249920713
HIST1H2BE	SRR12765603	88.86455139046916
HIST1H2BE	SRR12765604	1.0081376323189926
HIST1H2BE	SRR12765605	93.7138208163176
HIST1H2BE	SRR12765606	1.0132711750064347
HIST1H2BE	SRR12765607	97.83354222630116
HIST1H2BE	SRR12765608	1.0088565751860703
HIST1H2BE	SRR12765609	79.37960022527525
HIST1H2BE	SRR12765610	1.0087569538235717
HIST1H2BE	SRR12765611	79.43516947136708
HIST1H2BE	SRR12765612	12.054473618345135
HIST1H2BE	SRR12765613	111.65922772437358
HIST1H2BE	SRR12765614	1.0046759321397467
HIST1H2BE	SRR12765615	1.009158682616779
HIST1H2BE	SRR12765616	133.81439396983149
HIST1H2BE	SRR12765617	1.0084894405469222
HIST1H2BE	SRR12765618	108.4573537362928
HIST1H2BE	SRR12765619	1.0217630104420437
HIST1H2BE	SRR12765620	97.77603014617648
HIST1H2BE	SRR12765621	1.0025837127848007
HIST1H2BE	SRR12765622	95.03072699108199
HIST1H2BE	SRR12765623	1
HIST1H2BE	SRR12765624	1.0039625262912164
HIST1H2BE	SRR12765625	93.76765719880686
HIST1H2BE	SRR12765626	1.0049530838846117
HIST1H2BE	SRR12765627	120.06479759874074
HIST1H2BE	SRR12765628	1.0416041512779368
HIST1H2BE	SRR12765629	77.41445081373705
HIST1H2BE	SRR12765630	1.0017568823143634
HIST1H2BE	SRR12765631	102.61063344454645
HIST1H2BE	SRR12765632	3.0197049246711676
HIST1H2BE	SRR12765633	85.62237454034448
HIST1H2BE	SRR12765634	1.0054407349865786
HIST1H2BE	SRR12765635	113.56573249197655
HIST1H2BE	SRR12765636	1.0122042835346428
HIST1H2BE	SRR12765637	86.9738828040922
HIST1H2BE	SRR12765638	1
HIST1H2BE	SRR12765639	105.15613480792256
HIST1H2BE	SRR12765640	1.00503432833736
HIST1H2BE	SRR12765641	126.33097645833162
HIST1H2BE	SRR12765642	1.002447533024164
HIST1H2BE	SRR12765643	89.2300972973446
HIST1H2BE	SRR12765644	1.0035749859475067
HIST1H2BE	SRR12765645	131.65249822908453
HIST1H2BE	SRR12765646	1.0068169239958968
HIST1H2BE	SRR12765647	77.17585725341073
HIST1H2BE	SRR12765648	1.011871601394981
HIST1H2BE	SRR12765649	1.0494646804633012
HIST1H2BE	SRR12765650	98.74866162239108
HIST1H2BE	SRR12765651	1.028219710920449
HIST1H2BE	SRR12765652	93.98437326516257
HIST1H2BE	SRR12774664	106.56224171895927
HIST1H2BE	SRR12774665	29.388752541244838
HIST1H2BE	SRR12774666	146.5450463441108
HIST1H2BE	SRR12774667	1.014927231447063
HIST1H2BE	SRR12774668	58.97384909633999
HIST1H2BE	SRR12774669	158.8723355542478
HIST1H2BE	SRR12774670	36.71183510925891
HIST1H2BE	SRR12774671	1.0483423562302514
HIST1H2BE	SRR12774672	73.45148992549896
HIST1H2BE	SRR12774673	1.0142142606674132
HIST1H2BE	SRR12774674	1.0242203683654911
HIST1H2BE	SRR12774675	1.0343842942005177
HIST1H2BE	SRR12774676	38.24866166213562
HIST1H2BE	SRR12774677	47.511506884011226
HIST1H2BE	SRR12774678	1.043754043143823
HIST1H2BE	SRR12774679	1.0232632446385574
HIST1H2BE	SRR12774680	74.02556598155125
HIST1H2BE	SRR12774681	50.4352947957533
HIST1H2BE	SRR12774682	113.18599281420941
HIST1H2BE	SRR12774683	243.7258621324788
HIST1H2BE	SRR12774684	1.005286161396734
HIST1H2BE	SRR12774685	1.0073683070661372
HIST1H2BE	SRR12774686	38.68307815970207
HIST1H2BE	SRR12774687	36.02581985237939
HIST1H2BE	SRR1609360	31.479102711242398
HIST1H2BE	SRR1609361	30.777255125568416
HIST1H2BE	SRR1609362	41.65585531466644
HIST1H2BE	SRR1609363	56.41297252582979
HIST1H2BE	SRR1609364	56.479857536789744
HIST1H2BE	SRR1609365	30.429497380862355
HIST1H2BE	SRR1609366	30.17058370783502
HIST1H2BE	SRR1609367	48.12828796414212
HIST1H2BE	SRR1609368	39.216686645499195
HIST1H2BE	SRR1609369	39.035105016470695
HIST1H2BE	SRR1609370	65.13564379346812
HIST1H2BE	SRR1609371	57.6864040254279
HIST1H2BE	SRR1609372	83.05976316286156
HIST1H2BE	SRR1609373	56.4198562017039
HIST1H2BE	SRR1609374	74.19446714755837
HIST1H2BE	SRR1609375	56.36543919922723
HIST1H2BE	SRR1609376	39.62744842126718
HIST1H2BE	SRR1609377	65.34360049078772
HIST1H2BE	SRR1609378	39.67886682870451
HIST1H2BE	SRR1609379	65.11706938661946
HIST1H2BE	SRR1609380	56.88845714710014
HIST1H2BE	SRR1609381	92.06624350582244
HIST1H2BE	SRR1609382	48.684748674918715
HIST1H2BE	SRR1609383	39.40673406370772
HIST1H2BE	SRR1609384	39.376019918910025
HIST1H2BE	SRR1609385	39.2861202652921
HIST1H2BE	SRR1609386	56.36987940251337
HIST1H2BE	SRR1609387	56.41391770763665
HIST1H2BE	SRR1609388	48.608452543917885
HIST1H2BE	SRR1609389	39.09837369478724
HIST1H2BE	SRR1609390	30.384723020514045
HIST1H2BE	SRR1609391	51.05401352246235
HIST1H2BE	SRR1609392	66.00351261456503
HIST1H2BE	SRR1609393	50.14948856061984
HIST1H2BE	SRR1609394	30.830955137723173
HIST1H2BE	SRR1609395	48.263122396884874
HIST1H2BE	SRR1609396	48.05185207475527
HIST1H2BE	SRR1609397	39.56670953069599
HIST1H2BE	SRR1609398	48.22129855802078
HIST1H2BE	SRR1609399	56.21332308114384
HIST1H2BE	SRR1609400	65.14250039286685
HIST1H2BE	SRR1609401	48.51166195002119
HIST1H2BE	SRR1609402	48.214293511324776
HIST1H2BE	SRR1609403	39.12360400447101
HIST1H2BE	SRR1609404	56.668962926811574
HIST1H2BE	SRR1609405	48.31684195089299
HIST1H2BE	SRR1609406	153.60227554470217
HIST1H2BE	SRR1609407	74.17003801290208
HIST1H2BE	SRR1609408	30.23354451437776
HIST1H2BE	SRR1609409	48.89222557856245
HIST1H2BE	SRR1609410	92
HIST1H2BE	SRR1609411	31.57693493173228
HIST1H2BE	SRR1609412	74
HIST1H2BE	SRR1609413	53.78424128600861
HIST1H2BE	SRR1609414	65.1053529659736
HIST1H2BE	SRR1609415	100.0179960941952
HIST1H2BE	SRR1609416	48.12614085247029
HIST1H2BE	SRR1609417	74.49661038037408
HIST1H2BE	SRR1609418	56.08067330143077
HIST1H2BE	SRR1609419	74.36069443314787
HIST1H2BE	SRR1609420	48.224289221377816
HIST1H2BE	SRR1609421	92.59257471552625
HIST1H2BE	SRR1609422	48.79141020272223
HIST1H2BE	SRR1609423	41.10153232978379
HIST1H2BE	SRR1609424	42.07107104679279
HIST1H2BE	SRR1609425	48.07779911333434
HIST1H2BE	SRR1609426	74.34929820876208
HIST1H2BE	SRR1609427	74.38060910546882
HIST1H2BE	SRR1609428	83.716312345468893
HIST1H2BE	SRR1609429	65.08192644865868
HIST1H2BE	SRR1609430	65.26642927087092
HIST1H2BE	SRR1609431	74.54202346746594
HIST1H2BE	SRR1609432	56.08410297636317
HIST1H2BE	SRR1609433	48.39479389786775
HIST1H2BE	SRR1609434	30.450099833195953
HIST1H2BE	SRR1609435	56.25078662124065
HIST1H2BE	SRR1609436	48.15552744716502
HIST1H2BE	SRR1609437	66.39456359110683
HIST1H2BE	SRR1609438	30.96850042933929
HIST1H2BE	SRR1609439	30.441040736207587
HIST1H2BE	SRR1609440	74.18665777985272
HIST1H2BE	SRR1609441	65.14736566527985
HIST1H2BE	SRR1609442	48.34573263062485
HIST1H2BE	SRR1609443	48.41426997967032
HIST1H2BE	SRR1609444	39.02105921959074
HIST1H2BE	SRR1609445	56.196434583414614
HIST1H2BE	SRR1609446	74.81423795908941
HIST1H2BE	SRR1609447	48.119617013937024
HIST1H2BE	SRR1609448	39.34408802529909
HIST1H2BE	SRR1609449	92.22799306078771
HIST1H2BE	SRR1609450	56.11438726969981
HIST1H2BE	SRR1609451	39.501570764513
HIST1H2BE	SRR1609452	37.898116977789996
HIST1H2BE	SRR1609453	92.168516412722
HIST1H2BE	SRR1609454	75.18472977869293
HIST1H2BE	SRR1609455	37.54871394222914
HIST1H2BE	SRR1609456	56.270622805953785
HIST1H2BE	SRR1609457	30.19704924671168
HIST1H2BE	SRR1609458	37.215011296161215
HIST1H2BE	SRR1609459	74.2879823660741
HIST1H2BE	SRR1609460	65.62669986485004
HIST1H2BE	SRR1609461	74.12447318576584
HIST1H2BE	SRR1609462	39.144074120965044
HIST1H2BE	SRR1609463	56.3603341328689
HIST1H2BE	SRR1609464	30.33326302223092
HIST1H2BE	SRR1609465	56.669057420420344
HIST1H2BE	SRR1609466	53.836782764345
HIST1H2BE	SRR1609467	39.46588489545806
HIST1H2BE	SRR1609468	48.079944068275736
HIST1H2BE	SRR1609469	92.01655640665959
HIST1H2BE	SRR1609470	83.4005587818284
HIST1H2BE	SRR1609471	48.101107053199534
HIST1H2BE	SRR1609472	32.612320992344856
HIST1H2BE	SRR1609473	41.24197737654711
HIST1H2BE	SRR1609474	30.07659171416844
HIST1H2BE	SRR1609475	39.84898238784094
HIST1H2BE	SRR1609476	61.96509881642528
HIST1H2BE	SRR1609477	48.27089886575435
HIST1H2BE	SRR1609478	30.689945488240724
HIST1H2BE	SRR1609479	48.49865489579105
HIST1H2BE	SRR1609480	48
HIST1H2BE	SRR1609481	48.50043935881444
HIST1H2BE	SRR1609482	56.203619731856804
HIST1H2BE	SRR1609483	39.17638287151288
HIST1H2BE	SRR1609484	56.442452048009095
HIST1H2BE	SRR1609485	83.07471067607865
HIST1H2BE	SRR1609486	74.2400750004678
HIST1H2BE	SRR1609487	30.11674960786788
HIST1H2BE	SRR1609488	48.06914854408352
HIST1H2BE	SRR1609489	83.18196204012229
HIST1H2BE	SRR1609490	48.786845184906554
HIST1H2BE	SRR1609491	83.29268503717937
HIST1H2BE	SRR1609492	118
HIST1H2BE	SRR1609493	83.37099547026365
HIST1H2BE	SRR1609494	65.38576693200865
HIST1H2BE	SRR1609495	48.1071561897866
HIST1H2BE	SRR1609496	56.04622130095829
HIST1H2BE	SRR1609497	56.050407203137404
HIST1H2BE	SRR1609498	83.02987620439711
HIST1H2BE	SRR1609499	74.1552111056525
HIST1H2BE	SRR1609500	65.1122063767638
HIST1H2BE	SRR1609501	30.03851100886572
HIST1H2BE	SRR1609502	30.38779727663406
HIST1H2BE	SRR1609503	37.71547379218564
HIST1H2BE	SRR1609504	30
HIST1H2BE	SRR1609505	83
HIST1H2BE	SRR1609506	48.94528298799906
HIST1H2BE	SRR1609507	109.65889193698807
HIST1H2BE	SRR1609508	48.025919039496294
HIST1H2BE	SRR1609509	48.30373135470483
HIST1H2BE	SRR1609510	65.36423813388667
HIST1H2BE	SRR1609511	58.070624967333266
HIST1H2BE	SRR1609512	39.128918839265914
HIST1H2BE	SRR1609513	48.15363289324026
HIST1H2BE	SRR1609514	87.11504078419367
HIST1H2BE	SRR1609515	65.12878791576344
HIST1H2BE	SRR1609516	48.20054448158555
HIST1H2BE	SRR1609517	66.46230168187486
HIST1H2BE	SRR1609518	56.0907656322234
HIST1H2BE	SRR1609519	39.065474748505046
HIST1H2BE	SRR1609520	32.368507333179664
HIST1H2BE	SRR1609521	48.07760255445716
HIST1H2BE	SRR1609522	57.34705238889618
HIST1H2BE	SRR1609523	65.30771870803146
HIST1H2BE	SRR1609524	84.38744211742294
HIST1H2BE	SRR1609525	48.26490125312209
HIST1H2BE	SRR1609526	57.14088650745494
HIST1H2BE	SRR1609527	65
HIST1H2BE	SRR1609528	30.259647013488735
HIST1H2BE	SRR1609529	39.98787543130698
HIST1H2BE	SRR1609530	39.18701612326251
HIST1H2BE	SRR1609531	56.21246441167975
HIST1H2BE	SRR1609532	39.281034441678926
HIST1H2BE	SRR1609533	31.1467990197135
HIST1H2BE	SRR1609534	30.038730690665357
HIST1H2BE	SRR1609535	31.326987040013993
HIST1H2BE	SRR1609536	65.69952221079117
HIST1H2BE	SRR1609537	65.24981268891146
HIST1H2BE	SRR1609538	74
HIST1H2BE	SRR1609539	92.56987497198358
HIST1H2BE	SRR1609540	48
HIST1H2BE	SRR1609541	52.81198109650919
HIST1H2BE	SRR1609542	56.13115312091627
HIST1H2BE	SRR1609543	56.11267148002415
HIST1H2BE	SRR1609544	39.227988078223134
HIST1H2BE	SRR1609545	521.6125070070191
HIST1H2BE	SRR1609546	65
HIST1H2BE	SRR1609547	39.201663520776044
HIST1H2BE	SRR1609548	39.70189302613743
HIST1H2BE	SRR1609549	65.69523594410983
HIST1H2BE	SRR1609550	74
HIST1H2BE	SRR1609551	39.44113298450332
HIST1H2BE	SRR1609552	48.214293511324776
HIST1H2BE	SRR1609553	74.19322406316773
HIST1H2BE	SRR1609554	30.27120831376229
HIST1H2BE	SRR1609555	65.22351365032151
HIST1H2BE	SRR1609556	49.06409498674496
HIST1H2BE	SRR1609557	39.24586870702604
HIST1H2BE	SRR1609558	56.24048412487592
HIST1H2BE	SRR1609559	58.37982247134792
HIST1H2BE	SRR1609560	48.341840090753486
HIST1H2BE	SRR1609561	56.14221161323965
HIST1H2BE	SRR1609562	48.047458492695554
HIST1H2BE	SRR1609563	65.29018912991897
HIST1H2BE	SRR1609564	65.05850836078449
HIST1H2BE	SRR1609565	39.96664837938369
HIST1H2BE	SRR1609566	83.27803877393123
HIST1H2BE	SRR1609567	37.74333955416887
HIST1H2BE	SRR1609568	65
HIST1H2BE	SRR1609569	48
HIST1H2BE	SRR1609570	66.15482544595406
HIST1H2BE	SRR1609571	66.57144001262878
HIST1H2BE	SRR1609572	39.51622849514819
HIST1H2BE	SRR1609573	66.28900732530833
HIST1H2BE	SRR1609574	30.153281728278195
HIST1H2BE	SRR1609575	32.19759664925148
HIST1H2BE	SRR1609576	65.25894349924188
HIST1H2BE	SRR1609577	48.201665822469174
HIST1H2BE	SRR1609578	56.09891505024559
HIST1H2BE	SRR1609579	56.37527743241907
HIST1H2BE	SRR1609580	65.49911825341249
HIST1H2BE	SRR1609581	50.00660347745868
HIST1H2BE	SRR1609582	56.46356936469373
HIST1H2BE	SRR1609583	40.39463387048847
HIST1H2BE	SRR1609584	39.07846763787396
HIST1H2BE	SRR1609585	30.02650077414318
HIST1H2BE	SRR1609586	32.33907748927297
HIST1H2BE	SRR1609587	56.67227477833417
HIST1H2BE	SRR1609588	48.643452482060425
HIST1H2BE	SRR1609589	74.19446714755837
HIST1H2BE	SRR1609590	56.01597379601574
HIST1H2BE	SRR1609591	39.127562440391806
HIST1H2BE	SRR1609592	30.205349190100602
HIST1H2BE	SRR1609593	92.50930444229192
HIST1H2BE	SRR1609594	39.987990927386605
HIST1H2BE	SRR1609595	30.72918628882175
HIST1H2BE	SRR1609596	56.14716432788201
HIST1H2BE	SRR1609597	74.31144493708486
HIST1H2BE	SRR1609598	40.07394575388349
HIST1H2BE	SRR1609599	39.827494791008974
HIST1H2BE	SRR1609600	49.481985692772334
HIST1H2BE	SRR1609601	40.09838579703466
HIST1H2BE	SRR1609602	55.83438642716124
HIST1H2BE	SRR1609603	48
HIST1H2BE	SRR1609604	56.391894256203095
HIST1H2BE	SRR1609605	56.4237226109541
HIST1H2BE	SRR1609606	48.77198313960155
HIST1H2BE	SRR1609607	74.36792803134854
HIST1H2BE	SRR1609608	48.958925764676444
HIST1H2BE	SRR1609609	40.26429666803434
HIST1H2BE	SRR1609610	48
HIST1H2BE	SRR1609611	56.95955611278573
HIST1H2BE	SRR1609612	74.17330948121078
HIST1H2BE	SRR1609613	39.032189834595954
HIST1H2BE	SRR1609614	48.54571903452722
HIST1H2BE	SRR1609615	92.29157867721368
HIST1H2BE	SRR1609616	56
HIST1H2BE	SRR1609617	92
HIST1H2BE	SRR1609618	39.12480030958454
HIST1H2BE	SRR1609619	56.203619731856804
HIST1H2BE	SRR1609620	48.60208459477561
HIST1H2BE	SRR1609621	48.40920997205569
HIST1H2BE	SRR1609622	40.54450675890695
HIST1H2BE	SRR1609623	39.74105081718528
HIST1H2BE	SRR1609624	36.994982993723426
HIST1H2BE	SRR1609625	48.07420861374446
HIST1H2BE	SRR1609626	48.36857963328922
HIST1H2BE	SRR1609627	39.21057414673767
HIST1H2BE	SRR1609628	48.09151313040438
HIST1H2BE	SRR1609629	48.77063872242724
HIST1H2BE	SRR1609630	74.2065759456566
HIST1H2BE	SRR1609631	39
HIST1H2BE	SRR1609632	56
HIST1H2BE	SRR1609633	39.13979397827179
HIST1H2BE	SRR1609634	65.54007557961658
HIST1H2BE	SRR1609635	57.39610839525406
HIST1H2BE	SRR1609636	31.005780923393367
HIST1H2BE	SRR1609637	30.12166476737231
HIST1H2BE	SRR1609638	39.948540498976776
HIST1H2BE	SRR1609639	48.26556840239429
HIST1H2BE	SRR1609640	39.00701847673613
HIST1H2BE	SRR1609641	74.01331710970445
HIST1H2BE	SRR1609642	39
HIST1H2BE	SRR1609643	56.659301493168634
HIST1H2BE	SRR1609644	48.05018636356297
HIST1H2BE	SRR1609645	39.12360400447101
HIST1H2BE	SRR1609646	56.13115312091627
HIST1H2BE	SRR1609647	66.3433565338305
HIST1H2BE	SRR1609648	48.17433424438257
HIST1H2BE	SRR1609649	39.316969828844854
HIST1H2BE	SRR1609650	65.4831048805663
HIST1H2BE	SRR1609651	30.101838853431058
HIST1H2BE	SRR1609652	65.22947785464022
HIST1H2BE	SRR1609653	40.981447006020055
HIST1H2BE	SRR1609654	40.33996085295036
HIST1H2BE	SRR1609655	48.32788036238031
HIST1H2BE	SRR1609656	48.68703879570158
HIST1H2BE	SRR1609657	39.50118624999794
HIST1H2BE	SRR1609658	39.78193550874469
HIST1H2BE	SRR1609659	48.382376594443386
HIST1H2BE	SRR1609660	48.18827280827944
HIST1H2BE	SRR1609661	65.09562905936023
HIST1H2BE	SRR1609662	92.4301857568567
HIST1H2BE	SRR1609663	30.079757770856503
HIST1H2BE	SRR1609664	39.28150883559657
HIST1H2BE	SRR1609665	48
HIST1H2BE	SRR1609666	39.64874199679937
HIST1H2BE	SRR1609667	39.112447321342664
HIST1H2BE	SRR1609668	33.778546780256555
HIST1H2BE	SRR1609669	30.57722542796869
HIST1H2BE	SRR1746771	43.39930686573653
HIST1H2BE	SRR1746772	0.5855136605611979
HIST1H2BE	SRR1746773	94.69754095955679
HIST1H2BE	SRR1746774	115.10507080731013
HIST1H2BE	SRR1746775	16.40729397104896
HIST1H2BE	SRR1746776	4.871379452279441
HIST1H2BE	SRR1746777	236.7096410746647
HIST1H2BE	SRR1746778	78.6231538267102
HIST1H2BE	SRR1746779	69.43437262626365
HIST1H2BE	SRR1746780	0.528378273651414
HIST1H2BE	SRR1746781	0.7337749995010655
HIST1H2BE	SRR1746782	3.0133933444577985
HIST1H2BE	SRR1746783	46
HIST1H2BE	SRR1746784	0.9968262288032627
HIST1H2BE	SRR1782685	49.79088513524185
HIST1H2BE	SRR1782686	59.39815098016094
HIST1H2BE	SRR1782687	58.70853653385846
HIST1H2BE	SRR1782688	86.42419063020277
HIST1H2BE	SRR1782689	68.19770813662075
HIST1H2BE	SRR1782690	49.99279407068583
HIST1H2BE	SRR1782691	49.0845863455604
HIST1H2BE	SRR1782692	67.55391171894068
HIST1H2BE	SRR1782693	49.433481681262414
HIST1H2BE	SRR1782694	40.6433192830013
HIST1H2BE	SRR1782695	94.06768358203597
HIST1H2BE	SRR1782696	31.10449213680497
HIST1H2BE	SRR1782697	40.35304332639777
HIST1H2BE	SRR1782698	67.13981744865175
HIST1H2BE	SRR1782699	31.750441150017657
HIST1H2BE	SRR1782700	58.43908186966416
HIST1H2BE	SRR1782701	112.69820432603635
HIST1H2BE	SRR1782702	67.71465003784367
HIST1H2BE	SRR1782703	58.225715908544565
HIST1H2BE	SRR1782704	58.91895620774065
HIST1H2BE	SRR1782705	68.62179039542762
HIST1H2BE	SRR1782706	31.07914477130739
HIST1H2BE	SRR1782707	40.15266727728918
HIST1H2BE	SRR1782708	32.63474023398388
HIST1H2BE	SRR1782709	108.08706027344195
HIST1H2BE	SRR1782710	76
HIST1H2BE	SRR1782711	31.34754314080536
HIST1H2BE	SRR1782712	58.685808509494464
HIST1H2BE	SRR1782713	40.870520417681746
HIST1H2BE	SRR1782714	33.69871767521488
HIST1H2BE	SRR1782715	40.09912741773378
HIST1H2BE	SRR1782716	31.46256061939373
HIST1H2BE	SRR1782717	85.07015733181169
HIST1H2BE	SRR1782718	31.444367940766632
HIST1H2BE	SRR1782719	40.29073911164752
HIST1H2BE	SRR1782720	40.69555910679631
HIST1H2BE	SRR1782721	54.954910535544435
HIST1H2BE	SRR1782722	40.035334365524236
HIST1H2BE	SRR1782723	67.14688502033968
HIST1H2BE	SRR1782724	76.84586799757999
HIST1H2BE	SRR1782725	42.74299309717194
HIST1H2BE	SRR1782726	58.43127763733817
HIST1H2BE	SRR1782727	121
HIST1H2BE	SRR1782728	59.75769466688299
HIST1H2BE	SRR1782729	55.27310643796207
HIST1H2BE	SRR1782730	31.04233998763206
HIST1H2BE	SRR1782731	41.284065388721636
HIST1H2BE	SRR1782732	43.1693376280526
HIST1H2BE	SRR1782733	67.6470579181676
HIST1H2BE	SRR1782734	49.30569502941643
HIST1H2BE	SRR1782735	58.265536157414516
HIST1H2BE	SRR1782736	40.73061639059175
HIST1H2BE	SRR1782737	49.07941992819548
HIST1H2BE	SRR1782738	32.53984264995176
HIST1H2BE	SRR1782739	40.4181383072299
HIST1H2BE	SRR1782740	49.5673805300203
HIST1H2BE	SRR1782741	42.17234624763673
HIST1H2BE	SRR1782742	76
HIST1H2BE	SRR1782743	58.11669546145358
HIST1H2BE	SRR1782744	49.24585698951519
HIST1H2BE	SRR1782745	58.6975994265351
HIST1H2BE	SRR1782746	68.3330705935671
HIST1H2BE	SRR1782747	76.5547450993625
HIST1H2BE	SRR1782748	40.58567574413021
HIST1H2BE	SRR1782749	49.6213489902204
HIST1H2BE	SRR1782750	67.09150900552736
HIST1H2BE	SRR1782751	68.03739076488816
HIST1H2BE	SRR1782752	58.38568162894709
HIST1H2BE	SRR1782753	31.029701463367793
HIST1H2BE	SRR1782754	49.40720385157513
HIST1H2BE	SRR1782755	76.20413733866262
HIST1H2BE	SRR1782756	51.217853461258706
HIST1H2BE	SRR1782757	58.08355449076758
HIST1H2BE	SRR1782758	67.11565888066423
HIST1H2BE	SRR1782759	58.25691845435484
HIST1H2BE	SRR1782760	49.69610620927964
HIST1H2BE	SRR1782761	44.93403696782684
HIST1H2BE	SRR1782762	52.14953644156425
HIST1H2BE	SRR1782763	40.21868294565082
HIST1H2BE	SRR1782764	49.05639536291587
HIST1H2BE	SRR1782765	40.12800031752261
HIST1H2BE	SRR1782766	49.52316581378253
HIST1H2BE	SRR1782767	40.38633570775405
HIST1H2BE	SRR1782768	58.374531410637736
HIST1H2BE	SRR1782769	58.495035157302894
HIST1H2BE	SRR1782770	49.22761541352147
HIST1H2BE	SRR1782771	58.384742831423196
HIST1H2BE	SRR1782772	67.35969588896195
HIST1H2BE	SRR1782773	49.21357741982667
HIST1H2BE	SRR1782774	76.19403234256005
HIST1H2BE	SRR1782775	40.80122470073958
HIST1H2BE	SRR1782776	67.9786546276993
HIST1H2BE	SRR1782777	103.01853597702106
HIST1H2BE	SRR1782778	49.08975330677585
HIST1H2BE	SRR1782779	41.12831413155333
HIST1H2BE	SRR1782780	31.399864986682907
HIST1H2BE	SRR1782781	41.37999393636138
HIST1H2BE	SRR1782782	59.19064648091732
HIST1H2BE	SRR1782783	94.59519397457238
HIST1H2BE	SRR1782784	40.13383050802359
HIST1H2BE	SRR1782785	85.09182138237911
HIST1H2BE	SRR1782786	59.45499265361321
HIST1H2BE	SRR1782787	67
HIST1H2BE	SRR1782788	67.24863866254623
HIST1H2BE	SRR1782789	58.987134232616675
HIST1H2BE	SRR1782790	94.52582424000946
HIST1H2BE	SRR1782791	40.23700494019354
HIST1H2BE	SRR1782792	58.3971671811877
HIST1H2BE	SRR1782793	60.144331533288685
HIST1H2BE	SRR1782794	58.396978853356075
HIST1H2BE	SRR1782795	40.84871260616305
HIST1H2BE	SRR1782796	33.46768344000927
HIST1H2BE	SRR1782797	41.01451209989267
HIST1H2BE	SRR1782798	49.945701731080874
HIST1H2BE	SRR1782799	58.09400726194566
HIST1H2BE	SRR1782800	58.1024477306115
HIST1H2BE	SRR1782801	31.17246607596236
HIST1H2BE	SRR1782802	58.427909971584945
HIST1H2BE	SRR1782803	49.17967101469613
HIST1H2BE	SRR1782804	49.13243804800926
HIST1H2BE	SRR1782805	67.12067152159237
HIST1H2BE	SRR1782806	85.2259803507601
HIST1H2BE	SRR1782807	50.72392251964654
HIST1H2BE	SRR1782808	41.051949080189914
HIST1H2BE	SRR1782809	49.657479128367335
HIST1H2BE	SRR1782810	49.81559005111523
HIST1H2BE	SRR1782811	103.31872482000679
HIST1H2BE	SRR1782812	58.72829005288512
HIST1H2BE	SRR1782813	76.47550896390715
HIST1H2BE	SRR1782814	40.51826696553102
HIST1H2BE	SRR1782815	32.92576138173232
HIST1H2BE	SRR1782816	40.021599199580244
HIST1H2BE	SRR1782817	40.13864472530591
HIST1H2BE	SRR1782818	49.65566262216738
HIST1H2BE	SRR1782819	41.107007841149766
HIST1H2BE	SRR1782820	41.423510100712654
HIST1H2BE	SRR1782821	31.083787336495657
HIST1H2BE	SRR1782822	58.45584817803284
HIST1H2BE	SRR1782823	58.219587338006406
HIST1H2BE	SRR1782824	49.278461135139864
HIST1H2BE	SRR1782825	67.38924621640453
HIST1H2BE	SRR1782826	76.51808622368816
HIST1H2BE	SRR1782827	40.53122966338821
HIST1H2BE	SRR1782828	130
HIST1H2BE	SRR1782829	49
HIST1H2BE	SRR1782830	41.57304850509701
HIST1H2BE	SRR1782831	33.275409515699195
HIST1H2BE	SRR1782832	32.00989411982512
HIST1H2BE	SRR1782833	31.71477154067779
HIST1H2BE	SRR1782834	94.01691632854349
HIST1H2BE	SRR1782835	34.56437188404867
HIST1H2BE	SRR1782836	37.27012285947294
HIST1H2BE	SRR1782837	31.856230253936502
HIST1H2BE	SRR1782838	40.51927714979874
HIST1H2BE	SRR1782839	40.54901306083852
HIST1H2BE	SRR1782840	49.40796169964009
HIST1H2BE	SRR1782841	31.46039450469643
HIST1H2BE	SRR1782842	40
HIST1H2BE	SRR1782843	40.9659499673765
HIST1H2BE	SRR1782844	76.01367703158836
HIST1H2BE	SRR1782845	40.751850760757584
HIST1H2BE	SRR1782846	40.21686001608941
HIST1H2BE	SRR1782847	49.34947591239013
HIST1H2BE	SRR1782848	38.24109531826214
HIST1H2BE	SRR1782849	38.4518497644603
HIST1H2BE	SRR1782850	38.804120511562786
HIST1H2BE	SRR1782851	39.16756110768905
HIST1H2BE	SRR1782852	39.18161741705348
HIST1H2BE	SRR1782853	39.01143949520279
HIST1H2BE	SRR1782854	85.27836935125212
HIST1H2BE	SRR1782855	76.182652269782
HIST1H2BE	SRR1782856	40.211740535789666
HIST1H2BE	SRR1782857	49.342344885823046
HIST1H2BE	SRR1782858	67.06736782011326
HIST1H2BE	SRR1782859	49.07941992819548
HIST1H2BE	SRR1782860	67.1518999934423
HIST1H2BE	SRR1782861	94.17475566064172
HIST1H2BE	SRR1782862	49.22567868108528
HIST1H2BE	SRR1782863	76.19844633514523
HIST1H2BE	SRR1782864	31.400042361412865
HIST1H2BE	SRR1782865	67.28382426219932
HIST1H2BE	SRR1782866	58.2037896685187
HIST1H2BE	SRR1782867	49.810442303882375
HIST1H2BE	SRR1782868	58.2108918651374
HIST1H2BE	SRR1782869	49.16781527568214
HIST1H2BE	SRR1782870	94.2329494316744
HIST1H2BE	SRR1782871	76.39893723811771
HIST1H2BE	SRR1782872	49.13243804800926
HIST1H2BE	SRR1782873	76.35070153193492
HIST1H2BE	SRR1782874	94.60551168496862
HIST1H2BE	SRR1782875	67.34524136080786
HIST1H2BE	SRR1782876	49.19287512539158
HIST1H2BE	SRR1782877	49.16588089592677
HIST1H2BE	SRR1782878	49.383583964441655
HIST1H2BE	SRR1782879	49.7037620832254
HIST1H2BE	SRR1782880	49.20757296787711
HIST1H2BE	SRR1782881	49.20389809561135
HIST1H2BE	SRR1782882	49.172941034967415
HIST1H2BE	SRR1782883	40.07204269945814
HIST1H2BE	SRR1782884	94.06768358203597
HIST1H2BE	SRR1782885	49
HIST1H2BE	SRR1782886	49.27192659941646
HIST1H2BE	SRR1782887	49.04410630274523
HIST1H2BE	SRR1782888	40.12977027052314
HIST1H2BE	SRR1782889	49.211406818838086
HIST1H2BE	SRR1782890	67.10358285668498
HIST1H2BE	SRR1782891	40.02880152427063
HIST1H2BE	SRR1782892	67.12272390926493
HIST1H2BE	SRR1782893	67.25961387699618
HIST1H2BE	SRR1782894	67.74984248128627
HIST1H2BE	SRR1782895	58.21267181331379
HIST1H2BE	SRR1782896	85.18231475176269
HIST1H2BE	SRR1782897	76.20923252272
HIST1H2BE	SRR1782898	58.13149551671125
HIST1H2BE	SRR1782899	67.25209241476558
HIST1H2BE	SRR1782900	58.058318411441334
HIST1H2BE	SRR1782901	85.08354469560919
HIST1H2BE	SRR1782902	49
HIST1H2BE	SRR1782903	58.14807731405899
HIST1H2BE	SRR1782904	40
HIST1H2BE	SRR1782905	49.10225455199904
HIST1H2BE	SRR1782906	40.25394846281815
HIST1H2BE	SRR1782907	85.41515869521504
HIST1H2BE	SRR1782908	40.12200694048229
HIST1H2BE	SRR1782909	85.29110813128534
HIST1H2BE	SRR1782910	67
HIST1H2BE	SRR1782911	31.21408716757156
HIST1H2BE	SRR1782912	63.905130830196214
HIST1H2BE	SRR1782913	49
HIST1H2BE	SRR1782914	58.156763403766064
HIST1H2BE	SRR1782915	49
HIST1H2BE	SRR1782916	40.42280456125783
HIST1H2BE	SRR1782917	58.18737963523424
HIST1H2BE	SRR1782918	40.043210062296055
HIST1H2BE	SRR1782919	40
HIST1H2BE	SRR1782920	58.058318411441334
HIST1H2BE	SRR1782921	76.1585988969781
HIST1H2BE	SRR1782922	36.77744280154204
HIST1H2BE	SRR1782923	40.22304634173334
HIST1H2BE	SRR1782924	40.205061028313416
HIST1H2BE	SRR1782925	40.139317235812754
HIST1H2BE	SRR1782926	40.29363875568143
HIST1H2BE	SRR1782927	58.164663841304026
HIST1H2BE	SRR1782928	58.41562802770011
HIST1H2BE	SRR1782929	31.267345834183953
HIST1H2BE	SRR1782930	49.13911255558444
HIST1H2BE	SRR1782931	40.106768728124834
HIST1H2BE	SRR1782932	40.149275266530275
HIST1H2BE	SRR1782933	33.0129905576687
HIST1H2BE	SRR1782934	58.339385720522095
HIST1H2BE	SRR1782935	67.30117587035892
HIST1H2BE	SRR1782936	41.00931775588179
HIST1H2BE	SRR1782937	49.38498490909135
HIST1H2BE	SRR1782938	38.9808699522604
HIST1H2BE	SRR1782939	67.31765530028404
HIST1H2BE	SRR1782940	76.20205301950314
HIST1H2BE	SRR1782941	67.52342963508812
HIST1H2BE	SRR1782942	31.121886683062066
HIST1H2BE	SRR1782943	49.22611019822119
HIST1H2BE	SRR1782944	31.040021713687537
HIST1H2BE	SRR1782945	31.162724399758538
HIST1H2BE	SRR1782946	58.1210360003254
HIST1H2BE	SRR1782947	40.08347310367269
HIST1H2BE	SRR1782948	76
HIST1H2BE	SRR1782949	58.14195691540151
HIST1H2BE	SRR1782950	49
HIST1H2BE	SRR1782951	49.16161541636248
HIST1H2BE	SRR1782952	537.8598509731615
HIST1H2BE	SRR1782953	67.12773707785611
HIST1H2BE	SRR1782954	34.90935597549639
HIST1H2BE	SRR1782955	32.04910306167228
HIST1H2BE	SRR1782956	58.8796698590674
HIST1H2BE	SRR1782957	31.598670941336422
HIST1H2BE	SRR1782958	49.268246921155175
HIST1H2BE	SRR1782959	42.316662713271725
HIST1H2BE	SRR1782960	85
HIST1H2BE	SRR1782961	76.2763410646628
HIST1H2BE	SRR1782962	40.29180022612716
HIST1H2BE	SRR1782963	49.337713867121195
HIST1H2BE	SRR1782964	49.01763775922239
HIST1H2BE	SRR1782965	40.122385743639065
HIST1H2BE	SRR1782966	49
HIST1H2BE	SRR1782967	49.19701365285242
HIST1H2BE	SRR1782968	40.04182196963581
HIST1H2BE	SRR1782969	58.69474701671105
HIST1H2BE	SRR1782970	49.61287161780452
HIST1H2BE	SRR1782971	40.671870058792756
HIST1H2BE	SRR1782972	49.274507932817066
HIST1H2BE	SRR1782973	42.05044862265667
HIST1H2BE	SRR1782974	40
HIST1H2BE	SRR1782975	50.934096024953455
HIST1H2BE	SRR1782976	49.4799675534168
HIST1H2BE	SRR1782977	40.01439817079379
HIST1H2BE	SRR1782978	31.517724816394892
HIST1H2BE	SRR1782979	49.41076681240916
HIST1H2BE	SRR1782980	49.0845863455604
HIST1H2BE	SRR1782981	40.492154268506326
HIST1H2BE	SRR1782982	40.23222386699664
HIST1H2BE	SRR1782983	49.04694747435554
HIST1H2BE	SRR1782984	58.020877347650995
HIST1H2BE	SRR1782985	67.45766633915585
HIST1H2BE	SRR1782986	31.092653873608334
HIST1H2BE	SRR1782987	31.039072613975677
HIST1H2BE	SRR1782988	58
HIST1H2BE	SRR1782989	51.11179950422532
HIST1H2BE	SRR1782990	67.89859439047859
HIST1H2BE	SRR1782991	31.1281453207485
HIST1H2BE	SRR1782992	58.14195691540151
HIST1H2BE	SRR1782993	68.39233437758546
HIST1H2BE	SRR1782994	31
HIST1H2BE	SRR1782995	40.332059240838554
HIST1H2BE	SRR1782996	40
HIST1H2BE	SRR1782997	67.30117587035892
HIST1H2BE	SRR1782998	40.145442665612
HIST1H2BE	SRR1782999	31.66067584741919
HIST1H2BE	SRR1783000	31.1208898693491
HIST1H2BE	SRR1783001	49.801336172679065
HIST1H2BE	SRR1783002	42.26609328623176
HIST1H2BE	SRR1783003	58
HIST1H2BE	SRR1783004	94.4315595726179
HIST1H2BE	SRR1783005	77.20707944882571
HIST1H2BE	SRR1783006	31.737177990655155
HIST1H2BE	SRR1813867	20.964997982901608
HIST1H2BE	SRR1813868	35.66033582300671
HIST1H2BE	SRR1813869	30.302696145557032
HIST1H2BE	SRR1813870	37.51162758611974
HIST1H2BE	SRR1813871	121.43367077722164
HIST1H2BE	SRR1813872	106.1185036520463
HIST1H2BE	SRR1813873	36.61421387704949
HIST1H2BE	SRR1813874	16.162854442914192
HIST1H2BE	SRR1813875	33
HIST1H2BE	SRR1813876	69.36802836265164
HIST1H2BE	SRR1813877	130.79437922188114
HIST1H2BE	SRR1813878	111.07992422985099
HIST1H2BE	SRR1813879	82
HIST1H2BE	SRR1813880	43
HIST1H2BE	SRR1813881	28.553200285861106
HIST1H2BE	SRR1813882	72.74430775264216
HIST1H2BE	SRR1813883	188.15517151035996
HIST1H2BE	SRR1813884	16.20429225056541
HIST1H2BE	SRR1813885	35
HIST1H2BE	SRR1813886	156.19662347678084
HIST1H2BE	SRR1813887	28.295016830149937
HIST1H2BE	SRR1928188	12.098140803678797
HIST1H2BE	SRR1928189	16.117006497071486
HIST1H2BE	SRR1928190	11.096746944538625
HIST1H2BE	SRR1928191	13.147192805465476
HIST1H2BE	SRR1928192	12.1547864464579
HIST1H2BE	SRR1928193	16.24582778262072
HIST1H2BE	SRR2046996	7.06011757167416
HIST1H2BE	SRR2046997	9.10003838196611
HIST1H2BE	SRR2046998	6.121459135651282
HIST1H2BE	SRR2046999	15.115181135402882
HIST1H2BE	SRR2047000	11.11768102597014
HIST1H2BE	SRR2047001	10.094399707348266
HIST1H2BE	SRR2047002	7.131899396990448
HIST1H2BE	SRR2047003	7.16645954627697
HIST1H2BE	SRR2047004	14.11129007643688
HIST1H2BE	SRR2047005	7.057010256592586
HIST1H2BE	SRR2047006	7.106496825158413
HIST1H2BE	SRR2047007	10.262840471791508
HIST1H2BE	SRR2047008	13.162726720535021
HIST1H2BE	SRR2047009	7.129572516526655
HIST1H2BE	SRR2313973	19.24100068693275
HIST1H2BE	SRR2313974	47.34814040076739
HIST1H2BE	SRR2313975	61.62513689128837
HIST1H2BE	SRR2313976	90.30523507333787
HIST1H2BE	SRR2313977	82.71274015503244
HIST1H2BE	SRR2313978	91.34251759822791
HIST1H2BE	SRR2313979	61.6314432492735
HIST1H2BE	SRR2313980	47.27430853345109
HIST1H2BE	SRR2313981	68.24374334673031
HIST1H2BE	SRR2313982	40.52602313773583
HIST1H2BE	SRR2313983	54.906458785051576
HIST1H2BE	SRR2313984	125.6824384008946
HIST1H2BE	SRR2313985	26.49282347358128
HIST1H2BE	SRR2313986	47.290861783778595
HIST1H2BE	SRR2313987	68.22664768647942
HIST1H2BE	SRR2313988	68.6145928376632
HIST1H2BE	SRR2313989	89.94247052003007
HIST1H2BE	SRR2313990	76.15961949217817
HIST1H2BE	SRR2313991	33.54483246843281
HIST1H2BE	SRR2313992	54.79305441250604
HIST1H2BE	SRR2313993	96.9952596902076
HIST1H2BE	SRR2313994	62.29893088359459
HIST1H2BE	SRR2313995	104.4299068825111
HIST1H2BE	SRR2313996	96.43539468348892
HIST1H2BE	SRR2313997	33.40230848803706
HIST1H2BE	SRR2313998	120.84308760562374
HIST1H2BE	SRR2313999	89.82726324280006
HIST1H2BE	SRR2314000	47.40128815886075
HIST1H2BE	SRR2314001	68.93330200815939
HIST1H2BE	SRR2314002	26.279658847155137
HIST1H2BE	SRR2314003	19.412232416235366
HIST1H2BE	SRR2314004	68.53960440025593
HIST1H2BE	SRR2314005	75.71275998342612
HIST1H2BE	SRR2314006	76.40903265025587
HIST1H2BE	SRR2314007	54.32497428273431
HIST1H2BE	SRR2314008	96.12656744330799
HIST1H2BE	SRR2314009	47.38647482969512
HIST1H2BE	SRR2314010	40.26298022487377
HIST1H2BE	SRR2314011	33.232969961042585
HIST1H2BE	SRR2314012	33.239400310213
HIST1H2BE	SRR2314013	47.543116094616856
HIST1H2BE	SRR2314014	82.93822701648195
HIST1H2BE	SRR2314015	82.63693317207326
HIST1H2BE	SRR2314016	82.26491603602082
HIST1H2BE	SRR2314017	47.907757183287984
HIST1H2BE	SRR2314018	56.00792783559825
HIST1H2BE	SRR2314019	54.18254941684885
HIST1H2BE	SRR2314020	76.24227229322858
HIST1H2BE	SRR2314021	75.37757462530199
HIST1H2BE	SRR2314022	112.35599233203945
HIST1H2BE	SRR2314023	82.7970271786183
HIST1H2BE	SRR2314024	126.61835173229665
HIST1H2BE	SRR2314025	33.160272240706085
HIST1H2BE	SRR2314026	33.72379102757165
HIST1H2BE	SRR2314027	68.5021133801286
HIST1H2BE	SRR2314028	68.19491941152518
HIST1H2BE	SRR2314029	54.126469080883545
HIST1H2BE	SRR2314030	61.28826307766077
HIST1H2BE	SRR2314031	76.2957680628647
HIST1H2BE	SRR2314032	26.449471991267856
HIST1H2BE	SRR2314033	83.9734086847281
HIST1H2BE	SRR2314034	33.96788294985859
HIST1H2BE	SRR2314035	27.218260627619724
HIST1H2BE	SRR2314036	120.03908160831075
HIST1H2BE	SRR2314037	61.812524330385145
HIST1H2BE	SRR2314038	68.38967278118893
HIST1H2BE	SRR2314039	26.28017370075459
HIST1H2BE	SRR2314040	85.21120508116489
HIST1H2BE	SRR2314041	68.51075230426605
HIST1H2BE	SRR2314042	61.24841120787489
HIST1H2BE	SRR2314043	68.60499251624353
HIST1H2BE	SRR2314044	33.139900914050216
HIST1H2BE	SRR2314045	118.88396503294781
HIST1H2BE	SRR3493774	38
HIST1H2BE	SRR3493775	53
HIST1H2BE	SRR3493776	67.09051078976796
HIST1H2BE	SRR3493777	1.0006453033029128
HIST1H2BE	SRR3493778	69
HIST1H2BE	SRR3493779	1.0033498647461594
HIST1H2BE	SRR3493780	1.0498142493709828
HIST1H2BE	SRR3493781	51
HIST1H2BE	SRR3493782	21.17358201880737
HIST1H2BE	SRR3493783	41.10593222417683
HIST1H2BE	SRR3493784	22.454754845643425
HIST1H2BE	SRR3493785	104.08583955892253
HIST1H2BE	SRR3493786	1.0406653004374282
HIST1H2BE	SRR3493787	48
HIST1H2BE	SRR3493788	72
HIST1H2BE	SRR3493789	1.0182148740097388
HIST1H2BE	SRR3493790	131
HIST1H2BE	SRR3493791	73.10516341079368
HIST1H2BE	SRR3493792	35.025201333736796
HIST1H2BE	SRR3493793	1.0095628196007407
HIST1H2BE	SRR3493794	23.07117156174909
HIST1H2BE	SRR3493795	1.0036053788169974
HIST1H2BE	SRR3493796	32.25973593036462
HIST1H2BE	SRR3493797	64
HIST1H2BE	SRR3493798	1.010988724395538
HIST1H2BE	SRR3493799	25
HIST1H2BE	SRR3493800	8.057079277297932
HIST1H2BE	SRR3493801	168.49163118474902
HIST1H2BE	SRR3493802	199
HIST1H2BE	SRR3493803	13
HIST1H2BE	SRR3493804	48.034561829124755
HIST1H2BE	SRR3493805	78.18267756127624
HIST1H2BE	SRR3493806	113
HIST1H2BE	SRR3493807	114
HIST1H2BE	SRR3493808	63.12204104387024
HIST1H2BE	SRR3493809	1.0032306833661075
HIST1H2BE	SRR3493810	235
HIST1H2BE	SRR3493811	166
HIST1H2BE	SRR3493812	159.11448605897573
HIST1H2BE	SRR3493813	57.102660846727844
HIST1H2BE	SRR3493814	174
HIST1H2BE	SRR3493815	226.45777040599535
HIST1H2BE	SRR3493816	40
HIST1H2BE	SRR3493817	117.32857909039464
HIST1H2BE	SRR3493818	65.22433978897477
HIST1H2BE	SRR3493819	559
HIST1H2BE	SRR3493820	1.1218742596374018
HIST1H2BE	SRR3493821	3.0345034075710995
HIST1H2BE	SRR3493822	114
HIST1H2BE	SRR3493823	202.9945848903221
HIST1H2BE	SRR3493824	10.117281551099227
HIST1H2BE	SRR3493825	193.24916744328047
HIST1H2BE	SRR3493826	117.08424445849158
HIST1H2BE	SRR3493827	126
HIST1H2BE	SRR3493828	58
HIST1H2BE	SRR3493829	1.002342020016362
HIST1H2BE	SRR3493830	42.22930876246753
HIST1H2BE	SRR3493831	226.9982208254585
HIST1H2BE	SRR3493832	135.02429472716352
HIST1H2BE	SRR3493833	112.4001419021063
HIST1H2BE	SRR3493834	284
HIST1H2BE	SRR3493835	19.0959721801232
HIST1H2BE	SRR3493836	1
HIST1H2BE	SRR3493837	131.0845347326816
HIST1H2BE	SRR3493838	151
HIST1H2BE	SRR3493839	1.0081612135148976
HIST1H2BE	SRR3493840	1.0191397315498472
HIST1H2BE	SRR3493841	282.6095909564209
HIST1H2BE	SRR3493846	20.45512751905835
HIST1H2BE	SRR3493847	1.0366265711095628
HIST1H2BE	SRR3493848	26.004678984490752
HIST1H2BE	SRR3493849	42.723584069795805
HIST1H2BE	SRR3493850	25
HIST1H2BE	SRR3714631	50
HIST1H2BE	SRR3714632	7.038728725349167
HIST1H2BE	SRR3714633	51.579946378537784
HIST1H2BE	SRR3714634	61.381658510504415
HIST1H2BE	SRR3714635	37
HIST1H2BE	SRR3714636	23
HIST1H2BE	SRR3714637	41
HIST1H2BE	SRR3714638	50
HIST1H2BE	SRR3714639	30.492633264731538
HIST1H2BE	SRR3714640	32.60862327352292
HIST1H2BE	SRR3714641	49.87123882131138
HIST1H2BE	SRR3714642	25.75939624413908
HIST1H2BE	SRR3714643	31.895268065384048
HIST1H2BE	SRR3714644	41.49155098100475
HIST1H2BE	SRR3714645	38.238159712918026
HIST1H2BE	SRR3714646	116.02087546926644
HIST1H2BE	SRR3714648	41.53458640770386
HIST1H2BE	SRR3714649	28.52112322447419
HIST1H2BE	SRR3714650	62.41307089279051
HIST1H2BE	SRR3714651	45.94946969861061
HIST1H2BE	SRR3714652	31.682442880034927
HIST1H2BE	SRR3714653	38
HIST1H2BE	SRR3714654	80
HIST1H2BE	SRR3714655	33.017819339653705
HIST1H2BE	SRR3714656	96.63316567991457
HIST1H2BE	SRR3714657	31.878726787557344
HIST1H2BE	SRR3714658	65.10550602586137
HIST1H2BE	SRR3714659	30.75863457751246
HIST1H2BE	SRR3714660	48
HIST1H2BE	SRR3714661	37
HIST1H2BE	SRR3714662	24.258877522753696
HIST1H2BE	SRR3714663	43.023219139548765
HIST1H2BE	SRR3714664	40.87762893556613
HIST1H2BE	SRR3714665	54
HIST1H2BE	SRR3714666	46
HIST1H2BE	SRR3714667	295.0802860995931
HIST1H2BE	SRR3714668	49
HIST1H2BE	SRR3714669	22.665192631121567
HIST1H2BE	SRR3714670	68.89616619453429
HIST1H2BE	SRR3714671	45.04524704335966
HIST1H2BE	SRR3714672	17.042650259596638
HIST1H2BE	SRR3714673	15.340246065772465
HIST1H2BE	SRR3714674	6.041201340890401
HIST1H2BE	SRR3714675	41.645997278568885
HIST1H2BE	SRR3714676	50
HIST1H2BE	SRR3714677	128.28061615826087
HIST1H2BE	SRR3714678	20.753128660780025
HIST1H2BE	SRR3714679	26.035510957368828
HIST1H2BE	SRR3714680	61.08685278355608
HIST1H2BE	SRR3714681	62.20200370451332
HIST1H2BE	SRR3714682	24.054927532089064
HIST1H2BE	SRR3714683	25.04779716620329
HIST1H2BE	SRR3714684	40.86171820157933
HIST1H2BE	SRR3714685	52.08247687791562
HIST1H2BE	SRR3714686	54.60363625491659
HIST1H2BE	SRR3714688	35.25253154181564
HIST1H2BE	SRR3714689	21.423947059887766
HIST1H2BE	SRR3714690	43.228031370350195
HIST1H2BE	SRR3714691	25
HIST1H2BE	SRR3714692	70.57622348700426
HIST1H2BE	SRR3714693	20.1812514172808
HIST1H2BE	SRR3714694	46.52630988295061
HIST1H2BE	SRR3714695	27.31245245334356
HIST1H2BE	SRR3714696	54
HIST1H2BE	SRR3714697	38.33977505714147
HIST1H2BE	SRR3714698	39.50348616445769
HIST1H2BE	SRR3714699	31.194591973773896
HIST1H2BE	SRR3714700	36.30545088214879
HIST1H2BE	SRR3714701	39.41224030116684
HIST1H2BE	SRR3714702	26.95335116768045
HIST1H2BE	SRR3714703	19.01710244392162
HIST1H2BE	SRR3714704	52.74397369888495
HIST1H2BE	SRR3714705	36.69869284174839
HIST1H2BE	SRR3714706	20.697250324337375
HIST1H2BE	SRR3714707	81.0376859492389
HIST1H2BE	SRR3714708	51.14930926749889
HIST1H2BE	SRR3714709	136.53510315101397
HIST1H2BE	SRR3714710	40.0948547662228
HIST1H2BE	SRR3714711	19.44284356061528
HIST1H2BE	SRR3714712	45
HIST1H2BE	SRR3714713	37
HIST1H2BE	SRR3714714	43
HIST1H2BE	SRR3714715	36.165515836316764
HIST1H2BE	SRR3714716	53
HIST1H2BE	SRR3714717	37
HIST1H2BE	SRR3714718	37
HIST1H2BE	SRR3714719	20.116033592860312
HIST1H2BE	SRR3714720	26.73630357291929
HIST1H2BE	SRR3714721	25.43423738532107
HIST1H2BE	SRR3714723	38.91336643146351
HIST1H2BE	SRR3714724	49.13590669755366
HIST1H2BE	SRR3714725	32.3932429527482
HIST1H2BE	SRR3714726	24.823596104831818
HIST1H2BE	SRR3714727	44.08255246911268
HIST1H2BE	SRR3714728	38.306746795575165
HIST1H2BE	SRR3714729	27.696851255408454
HIST1H2BE	SRR3714730	52.17136578088378
HIST1H2BE	SRR3714731	51.009178008039555
HIST1H2BE	SRR3714732	22.81299623170801
HIST1H2BE	SRR3714734	50.87993153959841
HIST1H2BE	SRR3714735	80.58413095899729
HIST1H2BE	SRR3714736	45.9438266315667
HIST1H2BE	SRR3714737	43
HIST1H2BE	SRR3714738	70.3771455773428
HIST1H2BE	SRR3714739	51.404443164895945
HIST1H2BE	SRR3714740	76.48333464365888
HIST1H2BE	SRR3714741	45.043115027469376
HIST1H2BE	SRR3714744	40.46255043816881
HIST1H2BE	SRR3714745	34.328089862684614
HIST1H2BE	SRR3714746	40.33422842052268
HIST1H2BE	SRR3714747	44.736025186126085
HIST1H2BE	SRR3714748	34.86217482407623
HIST1H2BE	SRR3714749	29.59674950373013
HIST1H2BE	SRR3714750	41.5866922107463
HIST1H2BE	SRR3714751	42.03466597571872
HIST1H2BE	SRR3714752	33
HIST1H2BE	SRR3714753	24.181567441757007
HIST1H2BE	SRR3714754	69
HIST1H2BE	SRR3714755	24.12119545134873
HIST1H2BE	SRR3714756	39.83537008071639
HIST1H2BE	SRR3714757	34.83343206706558
HIST1H2BE	SRR3714758	42.35109487366135
HIST1H2BE	SRR3714759	15.710951331239723
HIST1H2BE	SRR3714760	82.05291487083886
HIST1H2BE	SRR3714761	40.004988505837396
HIST1H2BE	SRR3714762	32.53671308133504
HIST1H2BE	SRR3714764	46
HIST1H2BE	SRR3714765	32.413686168770525
HIST1H2BE	SRR3714766	50
HIST1H2BE	SRR3714767	19.012029364633545
HIST1H2BE	SRR3714768	43
HIST1H2BE	SRR5176628	128.8715125212777
HIST1H2BE	SRR5176629	39.2216323320501
HIST1H2BE	SRR5176630	39.08656932314979
HIST1H2BE	SRR5176631	72.68799141936576
HIST1H2BE	SRR5176632	50.140418414698566
HIST1H2BE	SRR5176633	39.24934237062791
HIST1H2BE	SRR5176634	63.41471182888937
HIST1H2BE	SRR5176635	105.63971240105263
HIST1H2BE	SRR5176636	73.86807073568124
HIST1H2BE	SRR5176637	40.151864675441615
HIST1H2BE	SRR5176638	56.12362324896305
HIST1H2BE	SRR5176639	61
HIST1H2BE	SRR5176640	63.68293339746156
HIST1H2BE	SRR5176641	28.40788905785588
HIST1H2BE	SRR5176642	61.11629793655557
HIST1H2BE	SRR5176643	61.10530136896295
HIST1H2BE	SRR5176644	116.02087546926644
HIST1H2BE	SRR5176645	40.487183296956125
HIST1H2BE	SRR5176646	39.715843214778275
HIST1H2BE	SRR5176647	72.4167896398095
HIST1H2BE	SRR5176648	28.078634312231195
HIST1H2BE	SRR5176649	105.69775364465748
HIST1H2BE	SRR5176650	39.92822927723989
HIST1H2BE	SRR5176651	61.96778367809122
HIST1H2BE	SRR5176652	39.214701705528235
HIST1H2BE	SRR5176653	39.10409950992172
HIST1H2BE	SRR5176654	61.49261128949417
HIST1H2BE	SRR5176655	39.0462396379883
HIST1H2BE	SRR5176656	41.71782618236892
HIST1H2BE	SRR5176657	30.234923005034474
HIST1H2BE	SRR5176658	50.081040743056604
HIST1H2BE	SRR5176659	50.10724397162511
HIST1H2BE	SRR5176660	94.1057419161743
HIST1H2BE	SRR5176661	61.327484316816104
HIST1H2BE	SRR5176662	59.010347787229826
HIST1H2BE	SRR5176663	50.313677820573275
HIST1H2BE	SRR5176664	83
HIST1H2BE	SRR5176665	39.33952994068758
HIST1H2BE	SRR5176666	50.1897003675712
HIST1H2BE	SRR5176667	42.05887248025792
HIST1H2BE	SRR5176668	50.216195344465945
HIST1H2BE	SRR5176669	50.471299380295626
HIST1H2BE	SRR5176670	28.179015035322603
HIST1H2BE	SRR5176671	50.08921414512041
HIST1H2BE	SRR5176672	61.33394004470338
HIST1H2BE	SRR5176673	72.34206969438698
HIST1H2BE	SRR5176674	72.16544239093176
HIST1H2BE	SRR5176675	61.25485861201498
HIST1H2BE	SRR5176676	95.7122527547168
HIST1H2BE	SRR5176677	28.040336650715386
HIST1H2BE	SRR5176678	62.35001523555439
HIST1H2BE	SRR5176679	50.442180350247945
HIST1H2BE	SRR5176680	28.078634312231195
HIST1H2BE	SRR5176681	94.10154364639573
HIST1H2BE	SRR5176682	61.59255594522201
HIST1H2BE	SRR5176683	72.32365168157973
HIST1H2BE	SRR5176684	61.160304000014335
HIST1H2BE	SRR5176685	83.24413309819467
HIST1H2BE	SRR5176686	94.4005369307955
HIST1H2BE	SRR5176687	72.31825047673071
HIST1H2BE	SRR5176688	39.50921509101679
HIST1H2BE	SRR5176689	28.205242195115382
HIST1H2BE	SRR5176690	73.80565791261678
HIST1H2BE	SRR5176691	105.09451350588263
HIST1H2BE	SRR5176692	39.377049081350265
HIST1H2BE	SRR5176693	61.442545846858714
HIST1H2BE	SRR5176694	139
HIST1H2BE	SRR5176695	50.69137979448284
HIST1H2BE	SRR5176696	31.572990082042754
HIST1H2BE	SRR5176697	28.759060456274216
HIST1H2BE	SRR5176698	58.22388854839816
HIST1H2BE	SRR5176699	51.21227855437303
HIST1H2BE	SRR5176700	30.484917483156515
HIST1H2BE	SRR5176701	28.94998132241962
HIST1H2BE	SRR5176702	72
HIST1H2BE	SRR5176703	39.86730906547173
HIST1H2BE	SRR5176704	50.21793614268027
HIST1H2BE	SRR5176705	50.10196991403112
HIST1H2BE	SRR5176706	62.63926051238971
HIST1H2BE	SRR5176707	62.17911608885086
HIST1H2BE	SRR5176708	61.579512861814955
HIST1H2BE	SRR5176709	50.237548398879845
HIST1H2BE	SRR5176710	72
HIST1H2BE	SRR5176711	39.07419466881083
HIST1H2BE	SRR5176712	50.622446595480376
HIST1H2BE	SRR5176713	72.62338703902486
HIST1H2BE	SRR5176714	41.33117636887464
HIST1H2BE	SRR5176715	50.06302034512206
HIST1H2BE	SRR5176716	50.0982282472796
HIST1H2BE	SRR5176717	72.46280142247414
HIST1H2BE	SRR5176718	50.42844422927656
HIST1H2BE	SRR5176719	61.1420359883986
HIST1H2BE	SRR5176720	61
HIST1H2BE	SRR5176721	28
HIST1H2BE	SRR5176722	50.969753755873505
HIST1H2BE	SRR5176723	39.363968451396346
HIST1H2BE	SRR5176724	39.20735912395769
HIST1H2BE	SRR5176725	72.87335002619142
HIST1H2BE	SRR5176726	83
HIST1H2BE	SRR5176727	50.02852870401661
HIST1H2BE	SRR5176728	28.682498133691656
HIST1H2BE	SRR5176729	50.0935896295487
HIST1H2BE	SRR5176730	39.248799847851046
HIST1H2BE	SRR5176731	28.12710510947198
HIST1H2BE	SRR5176732	94
HIST1H2BE	SRR5176733	72.15982028889192
HIST1H2BE	SRR5176734	42.14526338980526
HIST1H2BE	SRR5176735	72.16764903548687
HIST1H2BE	SRR5176736	105.20340173978373
HIST1H2BE	SRR5176737	61.1767247569556
HIST1H2BE	SRR5176738	50.531986388494374
HIST1H2BE	SRR5176739	61.476357080710066
HIST1H2BE	SRR5176740	39.1588202804446
HIST1H2BE	SRR5176741	40.59450458418963
HIST1H2BE	SRR5176742	28.28817132873793
HIST1H2BE	SRR5176743	72.82532696334775
HIST1H2BE	SRR5176744	28.368583826999902
HIST1H2BE	SRR5176745	61.53999948825555
HIST1H2BE	SRR5176746	39.08656932314979
HIST1H2BE	SRR5176747	39
HIST1H2BE	SRR5176748	50.06302034512206
HIST1H2BE	SRR5176749	28.45270257119697
HIST1H2BE	SRR5176750	28.445450288903128
HIST1H2BE	SRR5176751	105.37391697676523
HIST1H2BE	SRR5176752	28.125229225452642
HIST1H2BE	SRR5176753	105.27416927881907
HIST1H2BE	SRR5176754	94.49053308166981
HIST1H2BE	SRR5176755	61.028380776587326
HIST1H2BE	SRR5176756	28.79468106188258
HIST1H2BE	SRR5176757	41.162549857955035
HIST1H2BE	SRR5176758	28.306334492376532
HIST1H2BE	SRR5176759	40.049251711881986
HIST1H2BE	SRR5176760	83.47194825834356
HIST1H2BE	SRR5176761	50.29027983374581
HIST1H2BE	SRR5176762	30.07289095099134
HIST1H2BE	SRR5176763	39.28983640073801
HIST1H2BE	SRR5176764	83.05976316286156
HIST1H2BE	SRR5176765	72.11890382409162
HIST1H2BE	SRR5176766	83.23309456839962
HIST1H2BE	SRR5176767	94.09451604612906
HIST1H2BE	SRR5176768	28.41626058811058
HIST1H2BE	SRR5176769	61.17587914363853
HIST1H2BE	SRR5176770	50.11489054925816
HIST1H2BE	SRR5176771	50.1206391655512
HIST1H2BE	SRR5176772	50.30992034325709
HIST1H2BE	SRR5176773	50.370103181709574
HIST1H2BE	SRR5176774	50.30498965890269
HIST1H2BE	SRR5176775	50.46254813293443
HIST1H2BE	SRR5176776	39.316553165131886
HIST1H2BE	SRR5176777	61.596677243969665
HIST1H2BE	SRR5176778	50.27864578062206
HIST1H2BE	SRR5176779	39.19646521172189
HIST1H2BE	SRR5176780	50.14944173162635
HIST1H2BE	SRR5176781	50.30923967499929
HIST1H2BE	SRR5176782	39.312355283003114
HIST1H2BE	SRR5176783	61.55300951256898
HIST1H2BE	SRR5176784	83.3352096008821
HIST1H2BE	SRR5176785	61.10530136896295
HIST1H2BE	SRR5176786	50
HIST1H2BE	SRR5176787	83.62228687038257
HIST1H2BE	SRR5176788	62.61314482431068
HIST1H2BE	SRR5176789	50.697477380406454
HIST1H2BE	SRR5176790	94.87633374293453
HIST1H2BE	SRR5176791	50.433709108922464
HIST1H2BE	SRR5176792	50
HIST1H2BE	SRR5176793	50.444208498434875
HIST1H2BE	SRR5176794	50.223222407629976
HIST1H2BE	SRR5176795	39.161215080941666
HIST1H2BE	SRR5176796	51.111914242409526
HIST1H2BE	SRR5176797	105.72513395467786
HIST1H2BE	SRR5176798	105.54716398695922
HIST1H2BE	SRR5176799	105
HIST1H2BE	SRR5176800	61.47301216016601
HIST1H2BE	SRR5176801	50.84309581036152
HIST1H2BE	SRR5176802	61.84390541183116
HIST1H2BE	SRR5176803	61.245709801700265
HIST1H2BE	SRR5176804	39.82393118993679
HIST1H2BE	SRR5176805	28.106867094102427
HIST1H2BE	SRR5176806	40.14393252590312
HIST1H2BE	SRR5176807	39.0251668288136
HIST1H2BE	SRR5176808	105.0377951983337
HIST1H2BE	SRR5176809	28.040336650715386
HIST1H2BE	SRR5176810	50
HIST1H2BE	SRR5176811	50
HIST1H2BE	SRR5176812	61.065895345001486
HIST1H2BE	SRR5176813	61.065895345001486
HIST1H2BE	SRR5176814	39
HIST1H2BE	SRR5176815	50.6883533619532
HIST1H2BE	SRR5176816	61.85546775600661
HIST1H2BE	SRR5176817	83.42746026889539
HIST1H2BE	SRR5176818	61.149299514474
HIST1H2BE	SRR5176819	41.04847920417165
HIST1H2BE	SRR5176820	73.58848555214257
HIST1H2BE	SRR5176821	83.74388570422677
HIST1H2BE	SRR5176822	40.124472021592375
HIST1H2BE	SRR5176823	61.22754656765925
HIST1H2BE	SRR5176824	50.27901348537897
HIST1H2BE	SRR5176825	28.03024704360724
HIST1H2BE	SRR5176826	28.225685498040498
HIST1H2BE	SRR5176827	94.35172129157547
HIST1H2BE	SRR5176828	50.19681135244039
HIST1H2BE	SRR5176829	61.16217413407489
HIST1H2BE	SRR5176830	39.01403821652394
HIST1H2BE	SRR5176831	72.36589675729843
HIST1H2BE	SRR5176832	50.49110023820634
HIST1H2BE	SRR5176833	39.22151733497695
HIST1H2BE	SRR5176834	39.148269684245406
HIST1H2BE	SRR5176835	83.28935186814607
HIST1H2BE	SRR5176836	50.04126901871276
HIST1H2BE	SRR5176837	98.78133944899484
HIST1H2BE	SRR5176838	51.23293264837798
HIST1H2BE	SRR5176839	29.127021786406793
HIST1H2BE	SRR5176840	94.04373431146243
HIST1H2BE	SRR5176841	72.97187222342676
HIST1H2BE	SRR5176842	72.44185503338858
HIST1H2BE	SRR5176843	61.46458189408713
HIST1H2BE	SRR5176844	83.2393109659344
HIST1H2BE	SRR5176845	39.56190878543665
HIST1H2BE	SRR5176846	50.22168675000849
HIST1H2BE	SRR5176847	50.990609395990276
HIST1H2BE	SRR5176848	39.328311683036354
HIST1H2BE	SRR5176849	39.74982137805369
HIST1H2BE	SRR5176850	61.8223756407633
HIST1H2BE	SRR5176851	39.04077642039491
HIST1H2BE	SRR5176852	28.61430189631487
HIST1H2BE	SRR5176853	72.1762223777398
HIST1H2BE	SRR5176854	29.29937730497088
HIST1H2BE	SRR5176855	83.18817461874195
HIST1H2BE	SRR5176856	39.61494600530052
HIST1H2BE	SRR5176857	39.13517860717326
HIST1H2BE	SRR5176858	39.2669455605304
HIST1H2BE	SRR5176859	83.14582123209217
HIST1H2BE	SRR5176860	61
HIST1H2BE	SRR5176861	72.13726969560656
HIST1H2BE	SRR5176862	28.161580455538235
HIST1H2BE	SRR5176863	94.23006810427141
HIST1H2BE	SRR5176864	61.29300203442491
HIST1H2BE	SRR5176865	72.13726969560656
HIST1H2BE	SRR5176866	50
HIST1H2BE	SRR5176867	72.30279433284377
HIST1H2BE	SRR5176868	40.349174119384735
HIST1H2BE	SRR5176869	83.20314524100561
HIST1H2BE	SRR5176870	83.37309846626553
HIST1H2BE	SRR5176871	39.13215385102414
HIST1H2BE	SRR5176872	84.57738592631401
HIST1H2BE	SRR5861974	48.62608165244315
HIST1H2BE	SRR5861975	48.43311155185696
HIST1H2BE	SRR5861976	40.55838652913067
HIST1H2BE	SRR5861977	39
HIST1H2BE	SRR5861978	75.36195070647145
HIST1H2BE	SRR5861979	57.53078417334022
HIST1H2BE	SRR5861980	75
HIST1H2BE	SRR5861981	39.771482093428475
HIST1H2BE	SRR5861982	36.99987938729885
HIST1H2BE	SRR5861983	48.07779911333434
HIST1H2BE	SRR5861984	48.38469933509327
HIST1H2BE	SRR5861985	76.26528584398861
HIST1H2BE	SRR5861986	48.095104922409924
HIST1H2BE	SRR5861987	57.71488313937803
HIST1H2BE	SRR5861988	48.81909187718288
HIST1H2BE	SRR5861989	48.59159172170921
HIST1H2BE	SRR5861990	75.22385505472312
HIST1H2BE	SRR5861991	39
HIST1H2BE	SRR5861992	57
HIST1H2BE	SRR5861993	39.144074120965044
HIST1H2BE	SRR5861994	30
HIST1H2BE	SRR5861995	66.5722214123718
HIST1H2BE	SRR5861996	30.123914452351272
HIST1H2BE	SRR5861997	39.988229569756186
HIST1H2BE	SRR5861998	48.27358705021483
HIST1H2BE	SRR5861999	30.80227933918194
HIST1H2BE	SRR5862000	75.02699657023835
HIST1H2BE	SRR5862001	39
HIST1H2BE	SRR5862002	48.05185207475527
HIST1H2BE	SRR5862003	57.13752864872836
HIST1H2BE	SRR5862004	39.214888506596054
HIST1H2BE	SRR5862005	48.25196036091644
HIST1H2BE	SRR5862006	48.17960236165556
HIST1H2BE	SRR5862007	39.32707520001058
HIST1H2BE	SRR5862008	66.26292724538406
HIST1H2BE	SRR5862009	30.105912855987793
HIST1H2BE	SRR5862010	40.99918740709025
HIST1H2BE	SRR5862011	40.38498346381173
HIST1H2BE	SRR5862012	48.335113683549984
HIST1H2BE	SRR5862013	39.80537741985521
HIST1H2BE	SRR5862014	66.32042450074621
HIST1H2BE	SRR5862015	66
HIST1H2BE	SRR5862016	48.199892352136466
HIST1H2BE	SRR5862017	48.3932179509407
HIST1H2BE	SRR5862018	48.19106440064342
HIST1H2BE	SRR5862019	48.37860732969378
HIST1H2BE	SRR5862020	39.13118561465911
HIST1H2BE	SRR5862021	39.23206047577591
HIST1H2BE	SRR5862022	92.44244402221051
HIST1H2BE	SRR5862023	39.291845046992165
HIST1H2BE	SRR5862024	30.080580528419453
HIST1H2BE	SRR5862025	48
HIST1H2BE	SRR5862026	39.299183543814685
HIST1H2BE	SRR5862027	48.025919039496294
HIST1H2BE	SRR5862028	33.787610694894816
HIST1H2BE	SRR5862029	30.6073556818824
HIST1H2BE	SRR5862030	48.13120692151045
HIST1H2BE	SRR5862031	75.5179528247699
HIST1H2BE	SRR5862032	32.19948503728492
HIST1H2BE	SRR5862033	57.085420717115696
HIST1H2BE	SRR5862034	37.36548487497858
HIST1H2BE	SRR5862035	92.60522724977146
HIST1H2BE	SRR5862036	48.83248988287562
HIST1H2BE	SRR5862037	41.1175618365429
HIST1H2BE	SRR5862038	42.08468574521907
HIST1H2BE	SRR5862039	48.082860093610186
HIST1H2BE	SRR5862040	66.42378082078532
HIST1H2BE	SRR5862041	75.40033909195678
HIST1H2BE	SRR5862042	83.73140254252728
HIST1H2BE	SRR5862043	101
HIST1H2BE	SRR5862044	66.09014319947471
HIST1H2BE	SRR5862045	66.27463825123162
HIST1H2BE	SRR5862046	75.5838612859444
HIST1H2BE	SRR5862047	48.41781962313698
HIST1H2BE	SRR5862048	37.4122013780572
HIST1H2BE	SRR5862049	30.46295760304691
HIST1H2BE	SRR5862050	48.15719681011885
HIST1H2BE	SRR5862051	57.26634345038616
HIST1H2BE	SRR5862052	83.28680515923627
HIST1H2BE	SRR5862053	75.19709508198484
HIST1H2BE	SRR5862054	40.014623980763496
HIST1H2BE	SRR5862055	67.49410285235878
HIST1H2BE	SRR5862056	30.979466010101174
HIST1H2BE	SRR5862057	48.3674870660037
HIST1H2BE	SRR5862058	66.14963282936107
HIST1H2BE	SRR5862059	30.828609923164354
HIST1H2BE	SRR5862060	48.43599107735345
HIST1H2BE	SRR5862061	57.202983501672556
HIST1H2BE	SRR5862062	39.02105921959074
HIST1H2BE	SRR5862063	75.89605904520582
HIST1H2BE	SRR5862064	57.11041808731117
HIST1H2BE	SRR5862065	92.2316839466402
HIST1H2BE	SRR5862066	39.35194312016863
HIST1H2BE	SRR5862067	48.12716112674123
HIST1H2BE	SRR5862068	48.22657181108892
HIST1H2BE	SRR5862069	57.12123502450607
HIST1H2BE	SRR5862070	39.51773973278501
HIST1H2BE	SRR5862071	37.55237468860915
HIST1H2BE	SRR5862072	37.90383882475854
HIST1H2BE	SRR5862073	92.17103745509615
HIST1H2BE	SRR5862074	57.28660400405319
HIST1H2BE	SRR5862075	30.203495611050453
HIST1H2BE	SRR5862076	37.22011857953714
HIST1H2BE	SRR5862077	75.29430592080413
HIST1H2BE	SRR5862078	42.020126071091866
HIST1H2BE	SRR5862079	66.66677592893335
HIST1H2BE	SRR5862080	67.20953059728822
HIST1H2BE	SRR5862081	75.12946889626592
HIST1H2BE	SRR5862082	39.14634177431809
HIST1H2BE	SRR5862083	48
HIST1H2BE	SRR5862084	57.38856466776612
HIST1H2BE	SRR5862085	57
HIST1H2BE	SRR5862086	67.63252864319395
HIST1H2BE	SRR5862087	30.352608763060715
HIST1H2BE	SRR5862088	53.84262314304615
HIST1H2BE	SRR5862089	39.47786965053146
HIST1H2BE	SRR5862090	48.08205449374354
HIST1H2BE	SRR5862091	39.53824049086809
HIST1H2BE	SRR5862092	67.35459821142602
HIST1H2BE	SRR5862093	92.01655640665959
HIST1H2BE	SRR5862094	83.41049100322073
HIST1H2BE	SRR5862095	32.61994619876035
HIST1H2BE	SRR5862096	48.10376016279504
HIST1H2BE	SRR5862097	30.157475225572778
HIST1H2BE	SRR5862098	62.951322907357465
HIST1H2BE	SRR5862099	39.872724930568815
HIST1H2BE	SRR5862100	30.078838032793936
HIST1H2BE	SRR5862101	41.26781136602472
HIST1H2BE	SRR5862102	48.27754244793986
HIST1H2BE	SRR5862103	30.699106883593995
HIST1H2BE	SRR5862104	66.27282552159359
HIST1H2BE	SRR5862105	48.52831085312423
HIST1H2BE	SRR5862106	48.20414441677292
HIST1H2BE	SRR5862107	48
HIST1H2BE	SRR5862108	57.39031947116722
HIST1H2BE	SRR5862109	57.102660846727844
HIST1H2BE	SRR5862110	66.52203597810716
HIST1H2BE	SRR5862111	48.698304564438835
HIST1H2BE	SRR5862112	57.211528414405
HIST1H2BE	SRR5862113	57.49442838417161
HIST1H2BE	SRR5862114	39.181048409894316
HIST1H2BE	SRR5862115	39.25759458389324
HIST1H2BE	SRR5862116	58.45268511930409
HIST1H2BE	SRR5862117	101.32907055090072
HIST1H2BE	SRR5862118	57.47106982348638
HIST1H2BE	SRR5862119	30.122169446495846
HIST1H2BE	SRR5862120	83.07471067607865
HIST1H2BE	SRR5862121	48.06914854408352
HIST1H2BE	SRR5862122	39.079536532944275
HIST1H2BE	SRR5862123	83.18817461874195
HIST1H2BE	SRR5862124	39.12360400447101
HIST1H2BE	SRR5862125	119
HIST1H2BE	SRR5862126	30.02700385882361
HIST1H2BE	SRR5862127	83.3080150595722
HIST1H2BE	SRR5862128	75.27706561724047
HIST1H2BE	SRR5862129	32.3493710861843
HIST1H2BE	SRR5862130	66.4070642858088
HIST1H2BE	SRR5862131	48.10882387589896
HIST1H2BE	SRR5862132	57.05130733176486
HIST1H2BE	SRR5862133	57.05130733176486
HIST1H2BE	SRR5862134	39.00701847673613
HIST1H2BE	SRR5862135	57.71226366184419
HIST1H2BE	SRR5862136	83.02987620439711
HIST1H2BE	SRR5862137	75.16212525436725
HIST1H2BE	SRR5862138	66.11657845207516
HIST1H2BE	SRR5862139	30.039649202342478
HIST1H2BE	SRR5862140	39.126526013760056
HIST1H2BE	SRR5862141	39.16706493605199
HIST1H2BE	SRR5862142	75.20145132104864
HIST1H2BE	SRR5862143	57.02051739338115
HIST1H2BE	SRR5862144	48.26785294596381
HIST1H2BE	SRR5862145	39.12772240822156
HIST1H2BE	SRR5862146	30.40120195674577
HIST1H2BE	SRR5862147	30.214873720588677
HIST1H2BE	SRR5862148	30
HIST1H2BE	SRR5862149	92.52312337069407
HIST1H2BE	SRR5862150	83.19947550515666
HIST1H2BE	SRR5862151	48.57823567847059
HIST1H2BE	SRR5862152	39.93150323025409
HIST1H2BE	SRR5862153	48.976548739052454
HIST1H2BE	SRR5862154	83
HIST1H2BE	SRR5862155	110.68335467228785
HIST1H2BE	SRR5862156	30.758167958874132
HIST1H2BE	SRR5862157	40.00552283143939
HIST1H2BE	SRR5862158	48.025919039496294
HIST1H2BE	SRR5862159	66.38519921718664
HIST1H2BE	SRR5862160	59.15485258196619
HIST1H2BE	SRR5862161	57.15503492956993
HIST1H2BE	SRR5862162	48.1563899647845
HIST1H2BE	SRR5862163	39.131841245501946
HIST1H2BE	SRR5862164	87.15268259438636
HIST1H2BE	SRR5862165	75.32207695295882
HIST1H2BE	SRR5862166	48.20414441677292
HIST1H2BE	SRR5862167	66.13773062105993
HIST1H2BE	SRR5862168	57.094132194072536
HIST1H2BE	SRR5862169	66.23970958602604
HIST1H2BE	SRR5862170	39.42293786243558
HIST1H2BE	SRR5862171	48.08073936374
HIST1H2BE	SRR5862172	39.06732382605828
HIST1H2BE	SRR5862173	58.41271700164263
HIST1H2BE	SRR5862174	40.09694762996582
HIST1H2BE	SRR5862175	66.31851662169487
HIST1H2BE	SRR5862176	84.42219923859314
HIST1H2BE	SRR5862177	49.529677595136995
HIST1H2BE	SRR5862178	40.112870554174194
HIST1H2BE	SRR5862179	48.26890573010651
HIST1H2BE	SRR5862180	55.843711291261684
HIST1H2BE	SRR5862181	58.1905428830716
HIST1H2BE	SRR5862182	30.273978841146857
HIST1H2BE	SRR5862183	39.19048457780455
HIST1H2BE	SRR5862184	40.04222309939563
HIST1H2BE	SRR5862185	48
HIST1H2BE	SRR5862186	57.41315613637914
HIST1H2BE	SRR5862187	39.28888246021124
HIST1H2BE	SRR5862188	31.165897766666323
HIST1H2BE	SRR5862189	57.46169187318868
HIST1H2BE	SRR5862190	30.039649202342478
HIST1H2BE	SRR5862191	66.75972904800959
HIST1H2BE	SRR5862192	31.34258531751065
HIST1H2BE	SRR5862193	83.29557246734775
HIST1H2BE	SRR5862194	75.38907756241206
HIST1H2BE	SRR5862195	92.57665421132756
HIST1H2BE	SRR5862196	48
HIST1H2BE	SRR5862197	75
HIST1H2BE	SRR5862198	52.83006526747207
HIST1H2BE	SRR5862199	57.13950938237735
HIST1H2BE	SRR5862200	57.12069573194544
HIST1H2BE	SRR5862201	532.6713152368084
HIST1H2BE	SRR5862202	49.01681183691191
HIST1H2BE	SRR5862203	40.30580537832662
HIST1H2BE	SRR5862204	48
HIST1H2BE	SRR5862205	66
HIST1H2BE	SRR5862206	58.013131601619
HIST1H2BE	SRR5862207	39.20524822079888
HIST1H2BE	SRR5862208	39.738167474301676
HIST1H2BE	SRR5862209	66.73435436132439
HIST1H2BE	SRR5862210	75
HIST1H2BE	SRR5862211	40.254896346384925
HIST1H2BE	SRR5862212	48.421484985431846
HIST1H2BE	SRR5862213	48.21959855510575
HIST1H2BE	SRR5862214	75.2024038429574
HIST1H2BE	SRR5862215	75.17795019069077
HIST1H2BE	SRR5862216	66.23503352825243
HIST1H2BE	SRR5862217	39.251073568064804
HIST1H2BE	SRR5862218	39.035105016470695
HIST1H2BE	SRR5862219	49.10138792196437
HIST1H2BE	SRR5862220	57.25447354469817
HIST1H2BE	SRR5862221	57
HIST1H2BE	SRR5862222	92.29722286968189
HIST1H2BE	SRR5862223	59.45009611282711
HIST1H2BE	SRR5862224	48.36695887300987
HIST1H2BE	SRR5862225	57.14955861394674
HIST1H2BE	SRR5862226	48.05185207475527
HIST1H2BE	SRR5862227	92
HIST1H2BE	SRR5862228	57.50712607979237
HIST1H2BE	SRR5862229	30.175090553266653
HIST1H2BE	SRR5862230	39.204060941398346
HIST1H2BE	SRR5862231	39.079536532944275
HIST1H2BE	SRR5862232	30.44503104215529
HIST1H2BE	SRR5862233	48.13120692151045
HIST1H2BE	SRR5862234	39.225218858071926
HIST1H2BE	SRR5862235	39.035105016470695
HIST1H2BE	SRR5862236	66.13975295277892
HIST1H2BE	SRR5862237	58.74968532733273
HIST1H2BE	SRR5862238	83.06850657106318
HIST1H2BE	SRR5862239	57.43569724454813
HIST1H2BE	SRR5862240	75.20271129797337
HIST1H2BE	SRR5862241	83.51017356467983
HIST1H2BE	SRR5862242	57.38954300862261
HIST1H2BE	SRR5862243	66.36355930519275
HIST1H2BE	SRR5862244	39.54845199579133
HIST1H2BE	SRR5862245	39.69854161222494
HIST1H2BE	SRR5862246	66.12433687969867
HIST1H2BE	SRR5862247	48.262772494192824
HIST1H2BE	SRR5862248	92.06624350582244
HIST1H2BE	SRR5862249	48.711575496680254
HIST1H2BE	SRR5862250	39.41065726623703
HIST1H2BE	SRR5862251	39.39324856781934
HIST1H2BE	SRR5862252	48.121075316661226
HIST1H2BE	SRR5862253	39.29726640314692
HIST1H2BE	SRR5862254	57.39617564732016
HIST1H2BE	SRR5862255	57.44197814066193
HIST1H2BE	SRR5862256	57.87953756291602
HIST1H2BE	SRR5862257	48.63999373680764
HIST1H2BE	SRR5862258	39.09956922841897
HIST1H2BE	SRR5862259	30.40243538779385
HIST1H2BE	SRR5862260	51.07744893986551
HIST1H2BE	SRR5862261	67.07000454639271
HIST1H2BE	SRR5862262	48.46480200087469
HIST1H2BE	SRR5862263	50.16109050990998
HIST1H2BE	SRR5862264	48.27145790819209
HIST1H2BE	SRR5862265	48.05691032367791
HIST1H2BE	SRR5862266	66.35817126274026
HIST1H2BE	SRR5862267	31.646232663590197
HIST1H2BE	SRR5862268	48.23164845214173
HIST1H2BE	SRR5862269	57.22105007206103
HIST1H2BE	SRR5862270	66.14650193148427
HIST1H2BE	SRR5862271	30.17591591842267
HIST1H2BE	SRR5862272	48.53021101360018
HIST1H2BE	SRR5862273	39.1292882663985
HIST1H2BE	SRR5862274	48.21789447338054
HIST1H2BE	SRR5862275	39.499059527344464
HIST1H2BE	SRR5862276	39.6681704151631
HIST1H2BE	SRR5862277	57.707250228870606
HIST1H2BE	SRR5949109	1.1543930374941627
HIST1H2BE	SRR5949110	1.1528629477900991
HIST1H2BE	SRR5949111	1.1543861423812125
HIST1H2BE	SRR5949112	1.1544080735423528
HIST1H2BE	SRR5949113	1.1538715423531325
HIST1H2BE	SRR5949114	1.1544080735423528
HIST1H2BE	SRR5949115	1.1543930374941627
HIST1H2BE	SRR5949116	1.154328975937927
HIST1H2BE	SRR5949117	1.1544080735423528
HIST1H2BE	SRR5949118	1.1542881659876676
HIST1H2BE	SRR5949119	1.1544066367558048
HIST1H2BE	SRR5949120	1.1542612816136126
HIST1H2BE	SRR5949121	1.1542612816136126
HIST1H2BE	SRR5949122	1.1542193125787963
HIST1H2BE	SRR5949123	1.154119770897195
HIST1H2BE	SRR5949124	1.1536303593625774
HIST1H2BE	SRR5949125	1.1538715423531325
HIST1H2BE	SRR5949126	1.1542193125787963
HIST1H2BE	SRR5949127	1.1542612816136126
HIST1H2BE	SRR5949128	1.1542612816136126
HIST1H2BE	SRR5949129	1.1544066367558048
HIST1H2BE	SRR5949130	1.1543861423812125
HIST1H2BE	SRR5949131	1.1541454974839138
HIST1H2BE	SRR5949132	1.1543930374941627
HIST1H2BE	SRR5949133	1.154243037085462
HIST1H2BE	SRR5949134	1.1544080735423528
HIST1H2BE	SRR5949135	1.1543244711383844
HIST1H2BE	SRR5949136	1.1544018504729736
HIST1H2BE	SRR5949137	1.1537285180296166
HIST1H2BE	SRR5949138	1.154127700715507
HIST1H2BE	SRR5949139	1.1542342444976637
HIST1H2BE	SRR5949140	1.1543861423812125
HIST1H2BE	SRR5949141	1.1544066367558048
HIST1H2BE	SRR5949142	1.1543861423812125
HIST1H2BE	SRR5949143	1.1544080735423528
HIST1H2BE	SRR5949144	1.154243037085462
HIST1H2BE	SRR5949145	1.1542881659876676
HIST1H2BE	SRR5949146	1.1542763738511965
HIST1H2BE	SRR5949147	1.1542763738511965
HIST1H2BE	SRR5949148	1.1535426695350546
HIST1H2BE	SRR5949149	1.1542881659876676
HIST1H2BE	SRR5949150	1.1544066367558048
HIST1H2BE	SRR5949151	1.1540843659274789
HIST1H2BE	SRR5949152	1.1521642390280358
HIST1H2BE	SRR5949153	1.1542129775631536
HIST1H2BE	SRR5949154	1.1532523441137337
HIST1H2BE	SRR5949155	1.1542881659876676
HIST1H2BE	SRR5949156	1.1544066367558048
HIST1H2BE	SRR5949157	1.1543930374941627
HIST1H2BE	SRR5949158	1.1544080735423528
HIST1H2BE	SRR5949159	2134.8896726242338
HIST1H2BE	SRR5949160	1.1543930374941627
HIST1H2BE	SRR5949161	1.1543861423812125
HIST1H2BE	SRR5949162	1.1543930374941627
HIST1H2BE	SRR5949163	1.1544066367558048
HIST1H2BE	SRR5949164	1.1544080735423528
HIST1H2BE	SRR5949165	1.154328975937927
HIST1H2BE	SRR5949166	1.1544066367558048
HIST1H2BE	SRR5949167	1.1542881659876676
HIST1H2BE	SRR5949168	1.1543244711383844
HIST1H2BE	SRR5949169	1.1496389762158161
HIST1H2BE	SRR5949170	1.1544080735423528
HIST1H2BE	SRR5949171	1.1541360045743105
HIST1H2BE	SRR5949172	1.1541312616794417
HIST1H2BE	SRR5949173	1.1543930374941627
HIST1H2BE	SRR5949174	1.1543244711383844
HIST1H2BE	SRR5949175	1.1544080735423528
HIST1H2BE	SRR5949176	1.1542612816136126
HIST1H2BE	SRR5949177	1.153448318699057
HIST1H2BE	SRR5949178	1.1542129775631536
HIST1H2BE	SRR5949179	1.1543861423812125
HIST1H2BE	SRR5949180	1.1544080735423528
HIST1H2BE	SRR5949181	1.1544018504729736
HIST1H2BE	SRR5949182	1.154243037085462
HIST1H2BE	SRR5949183	1.1544066367558048
HIST1H2BE	SRR5949184	1.154328975937927
HIST1H2BE	SRR5949185	1.1541312616794417
HIST1H2BE	SRR5949186	1.1537962707798937
HIST1H2BE	SRR5949187	1.1543861423812125
HIST1H2BE	SRR5949188	1.1543244711383844
HIST1H2BE	SRR5949189	1.1542612816136126
HIST1H2BE	SRR5949190	1.1542881659876676
HIST1H2BE	SRR5949191	1.1541360045743105
HIST1H2BE	SRR5949192	1.1544018504729736
HIST1H2BE	SRR5949193	1.1544066367558048
HIST1H2BE	SRR5949194	1.1543930374941627
HIST1H2BE	SRR5949195	1.154328975937927
HIST1H2BE	SRR5949196	1.1541454974839138
HIST1H2BE	SRR5949197	1.153987572083333
HIST1H2BE	SRR5949198	1.153664101949279
HIST1H2BE	SRR5949199	1.1542193125787963
HIST1H2BE	SRR5949200	1.1544066367558048
HIST1H2BE	SRR5949201	1.1543244711383844
HIST1H2BE	SRR5949202	1.1543861423812125
HIST1H2BE	SRR5949203	1.1543930374941627
HIST1H2BE	SRR5949204	1.1544080735423528
HIST1H2BE	SRR5949205	1.1544080735423528
HIST1H2BE	SRR5949206	1.154328975937927
HIST1H2BE	SRR5949207	1.1543930374941627
HIST1H2BE	SRR5949208	1.1542881659876676
HIST1H2BE	SRR5949209	1.1543930374941627
HIST1H2BE	SRR5949210	1.1543244711383844
HIST1H2BE	SRR5949211	1.153987572083333
HIST1H2BE	SRR5949212	1.1543244711383844
HIST1H2BE	SRR5949213	1.1542193125787963
HIST1H2BE	SRR5949214	1.1540843659274789
HIST1H2BE	SRR5949215	1.1542612816136126
HIST1H2BE	SRR5949216	1.1543861423812125
HIST1H2BE	SRR5949217	1.1543861423812125
HIST1H2BE	SRR5949218	1.154243037085462
HIST1H2BE	SRR5949219	1.1542612816136126
HIST1H2BE	SRR5949220	1.1541312616794417
HIST1H2BE	SRR5949221	1.1540843659274789
HIST1H2BE	SRR5949222	1.1542612816136126
HIST1H2BE	SRR5949223	1.153448318699057
HIST1H2BE	SRR5949224	1.1542881659876676
HIST1H2BE	SRR5949225	1.1544018504729736
HIST1H2BE	SRR5949226	1.1541312616794417
HIST1H2BE	SRR5949227	1.1544018504729736
HIST1H2BE	SRR5949228	1.1541312616794417
HIST1H2BE	SRR5949229	1.154127700715507
HIST1H2BE	SRR5949230	1.1544018504729736
HIST1H2BE	SRR5949231	1.1540286696356532
HIST1H2BE	SRR5949232	1.1531855179973023
HIST1H2BE	SRR5949233	1.1534681238443258
HIST1H2BE	SRR5949234	1.1542763738511965
HIST1H2BE	SRR5949235	1.1541312616794417
HIST1H2BE	SRR5949236	1.1524349692227331
HIST1H2BE	SRR5949237	1.1540286696356532
HIST1H2BE	SRR5949238	1.1537962707798937
HIST1H2BE	SRR5949239	1.152631812552955
HIST1H2BE	SRR5949240	1.1544066367558048
HIST1H2BE	SRR5949241	1.1542881659876676
HIST1H2BE	SRR5949242	1.1543244711383844
HIST1H2BE	SRR5949243	1.1542129775631536
HIST1H2BE	SRR5949244	1.1542193125787963
HIST1H2BE	SRR5949245	1.1542342444976637
HIST1H2BE	SRR5949246	1.1543244711383844
HIST1H2BE	SRR5949247	1.1542763738511965
HIST1H2BE	SRR5949248	1.154328975937927
HIST1H2BE	SRR5949249	1.1543244711383844
HIST1H2BE	SRR5949250	1.1544080735423528
HIST1H2BE	SRR5949251	1.1541312616794417
HIST1H2BE	SRR5949252	1.1543930374941627
HIST1H2BE	SRR5949253	1.1539534513664238
HIST1H2BE	SRR5949254	1.154099487946561
HIST1H2BE	SRR5949255	1.1543244711383844
HIST1H2BE	SRR5949256	1.1542342444976637
HIST1H2BE	SRR5949257	1.1544066367558048
HIST1H2BE	SRR5949258	1.1544066367558048
HIST1H2BE	SRR5949259	1.154243037085462
HIST1H2BE	SRR5949260	1.1544080735423528
HIST1H2BE	SRR5949261	1.1544080735423528
HIST1H2BE	SRR5949262	1.1542193125787963
HIST1H2BE	SRR5949263	1.154328975937927
HIST1H2BE	SRR5949264	1.1542612816136126
HIST1H2BE	SRR5949265	1.1543930374941627
HIST1H2BE	SRR5949266	1.1537626724135772
HIST1H2BE	SRR5949267	1.1537779842987672
HIST1H2BE	SRR5949268	1.1544018504729736
HIST1H2BE	SRR5949269	1.1542612816136126
HIST1H2BE	SRR5949270	1.1543244711383844
HIST1H2BE	SRR5949271	1.154119770897195
HIST1H2BE	SRR5949272	1.1544080735423528
HIST1H2BE	SRR5949273	1.1544080735423528
HIST1H2BE	SRR5949274	1.154328975937927
HIST1H2BE	SRR5949275	1.154099487946561
HIST1H2BE	SRR5949276	1.154328975937927
HIST1H2BE	SRR5949277	1.1537779842987672
HIST1H2BE	SRR5949278	1.1543861423812125
HIST1H2BE	SRR5949279	1.1543861423812125
HIST1H2BE	SRR5949280	1.1539394876265088
HIST1H2BE	SRR5949281	1.1543244711383844
HIST1H2BE	SRR5949282	1.1544080735423528
HIST1H2BE	SRR5949283	1.154043329391819
HIST1H2BE	SRR5949284	1.1544080735423528
HIST1H2BE	SRR5949285	1.15317802952035
HIST1H2BE	SRR5949286	1.1537626724135772
HIST1H2BE	SRR5949287	1.1544080735423528
HIST1H2BE	SRR5949288	1.1543861423812125
HIST1H2BE	SRR5949289	1.1542342444976637
HIST1H2BE	SRR5949290	1.1544080735423528
HIST1H2BE	SRR5949291	1.1543244711383844
HIST1H2BE	SRR5949292	1.1542763738511965
HIST1H2BE	SRR5949293	1.1544080735423528
HIST1H2BE	SRR5949294	1.1544066367558048
HIST1H2BE	SRR5949295	1.1543861423812125
HIST1H2BE	SRR5949296	1.154328975937927
HIST1H2BE	SRR5949297	1.1543930374941627
HIST1H2BE	SRR5949298	1.1541360045743105
HIST1H2BE	SRR5949299	1.1542763738511965
HIST1H2BE	SRR5949300	1.1544066367558048
HIST1H2BE	SRR5949301	1.1544066367558048
HIST1H2BE	SRR5949302	1.1542342444976637
HIST1H2BE	SRR5949303	1.1541454974839138
HIST1H2BE	SRR5949304	1.1543930374941627
HIST1H2BE	SRR5949305	1.1537652995205527
HIST1H2BE	SRR5949306	1.1543930374941627
HIST1H2BE	SRR5949307	1.1542763738511965
HIST1H2BE	SRR5949308	1.154328975937927
HIST1H2BE	SRR5949309	1.154119770897195
HIST1H2BE	SRR5949310	1.154119770897195
HIST1H2BE	SRR5949311	1.1542763738511965
HIST1H2BE	SRR5949312	1.1540148338403267
HIST1H2BE	SRR5949313	1.1543244711383844
HIST1H2BE	SRR5949314	1.1544066367558048
HIST1H2BE	SRR5949315	1.1543244711383844
HIST1H2BE	SRR5949316	1.1543861423812125
HIST1H2BE	SRR5949317	1.1538444146289202
HIST1H2BE	SRR5949318	1.1537833054890896
HIST1H2BE	SRR5949319	1.1543930374941627
HIST1H2BE	SRR5949320	1.1544080735423528
HIST1H2BE	SRR5949321	1.154328975937927
HIST1H2BE	SRR5949322	1.1541312616794417
HIST1H2BE	SRR5949323	1.1543244711383844
HIST1H2BE	SRR5949324	1.1544080735423528
HIST1H2BE	SRR5949325	1.1543861423812125
HIST1H2BE	SRR5949326	1.1542881659876676
HIST1H2BE	SRR5949327	1.1537250692562184
HIST1H2BE	SRR5949328	1.1543930374941627
HIST1H2BE	SRR5949329	1.1544018504729736
HIST1H2BE	SRR5949330	1.1543861423812125
HIST1H2BE	SRR5949331	1.1544018504729736
HIST1H2BE	SRR5949332	1.1544080735423528
HIST1H2BE	SRR5949333	1.154243037085462
HIST1H2BE	SRR5949334	1.1540148338403267
HIST1H2BE	SRR5949335	1.1544066367558048
HIST1H2BE	SRR5949336	1.154328975937927
HIST1H2BE	SRR5949337	1.1544018504729736
HIST1H2BE	SRR5949338	1.1543861423812125
HIST1H2BE	SRR5949339	1.1543861423812125
HIST1H2BE	SRR5949340	1.1541454974839138
HIST1H2BE	SRR5949341	1.154243037085462
HIST1H2BE	SRR5949342	1.1543930374941627
HIST1H2BE	SRR5949343	1.1542612816136126
HIST1H2BE	SRR5949344	1.1543930374941627
HIST1H2BE	SRR5949345	1.1544018504729736
HIST1H2BE	SRR5949346	1.1537070312898285
HIST1H2BE	SRR5949347	1.1539830975965506
HIST1H2BE	SRR5949348	1.1532222126984653
HIST1H2BE	SRR5949349	1.1543861423812125
HIST1H2BE	SRR5949350	1.1543244711383844
HIST1H2BE	SRR5949351	1.1543244711383844
HIST1H2BE	SRR5949352	1.154328975937927
HIST1H2BE	SRR5949353	1.1543861423812125
HIST1H2BE	SRR5949354	1.154118135098547
HIST1H2BE	SRR5949355	1.1542763738511965
HIST1H2BE	SRR5949356	1.1513016641508953
HIST1H2BE	SRR5949357	1.1542763738511965
HIST1H2BE	SRR5949358	1.1542881659876676
HIST1H2BE	SRR5949359	1.1543861423812125
HIST1H2BE	SRR5949360	1.154243037085462
HIST1H2BE	SRR5949361	1.1542342444976637
HIST1H2BE	SRR5949362	1.1524373005233322
HIST1H2BE	SRR5949363	1.1544018504729736
HIST1H2BE	SRR5949364	1.1541344162995835
HIST1H2BE	SRR5949365	1.1539534513664238
HIST1H2BE	SRR5949366	1.151926209413139
HIST1H2BE	SRR5949367	1.1544080735423528
HIST1H2BE	SRR5949368	1.1532936707463863
HIST1H2BE	SRR5949369	1.1544066367558048
HIST1H2BE	SRR5949370	1.1543930374941627
HIST1H2BE	SRR5949371	1.154127700715507
HIST1H2BE	SRR5949372	1.1543244711383844
HIST1H2BE	SRR5949373	1.1544066367558048
HIST1H2BE	SRR5949374	1.1541360045743105
HIST1H2BE	SRR5949375	1.1544066367558048
HIST1H2BE	SRR5949376	1.1544080735423528
HIST1H2BE	SRR5949377	1.1543861423812125
HIST1H2BE	SRR5949378	1.1544080735423528
HIST1H2BE	SRR5949379	1.1543861423812125
HIST1H2BE	SRR5949380	1.1535503567545762
HIST1H2BE	SRR5949381	1.154099487946561
HIST1H2BE	SRR5949382	1.1543861423812125
HIST1H2BE	SRR5949383	1.1542193125787963
HIST1H2BE	SRR5949384	1.1544066367558048
HIST1H2BE	SRR5949385	1.1542129775631536
HIST1H2BE	SRR5949386	1.1544080735423528
HIST1H2BE	SRR5949387	1.1525536382806347
HIST1H2BE	SRR5949388	1.1540976154898277
HIST1H2BE	SRR5949389	1.1544080735423528
HIST1H2BE	SRR5949390	1.1543244711383844
HIST1H2BE	SRR5949391	1.154127700715507
HIST1H2BE	SRR5949392	1.1544080735423528
HIST1H2BE	SRR5949393	1.154127700715507
HIST1H2BE	SRR5949394	1.154043329391819
HIST1H2BE	SRR5949395	1.1543244711383844
HIST1H2BE	SRR5949396	1.153448318699057
HIST1H2BE	SRR5949397	1.1544066367558048
HIST1H2BE	SRR5949398	1.1544018504729736
HIST1H2BE	SRR5949399	1.1542881659876676
HIST1H2BE	SRR5949400	1.148920661344423
HIST1H2BE	SRR5949401	1.1544080735423528
HIST1H2BE	SRR5949402	1.154328975937927
HIST1H2BE	SRR5949403	1.1542612816136126
HIST1H2BE	SRR5949404	1.154127700715507
HIST1H2BE	SRR5949405	1.1543861423812125
HIST1H2BE	SRR5949406	1.1544066367558048
HIST1H2BE	SRR5949407	1.1543861423812125
HIST1H2BE	SRR5949408	1.1543861423812125
HIST1H2BE	SRR5949409	1.154328975937927
HIST1H2BE	SRR5949410	1.1543244711383844
HIST1H2BE	SRR5949411	1.1544080735423528
HIST1H2BE	SRR5949412	1.1542193125787963
HIST1H2BE	SRR5949413	1.154328975937927
HIST1H2BE	SRR5949414	1.1543861423812125
HIST1H2BE	SRR5949415	1.1543930374941627
HIST1H2BE	SRR5949416	1.1542763738511965
HIST1H2BE	SRR5949417	1.154243037085462
HIST1H2BE	SRR5949418	1.1543861423812125
HIST1H2BE	SRR5949419	1.1543930374941627
HIST1H2BE	SRR5949420	1.1542612816136126
HIST1H2BE	SRR5949421	1.154243037085462
HIST1H2BE	SRR5949422	1.1542763738511965
HIST1H2BE	SRR5949423	1.1542763738511965
HIST1H2BE	SRR5949424	1.1544080735423528
HIST1H2BE	SRR5949425	1.1542763738511965
HIST1H2BE	SRR5949426	1.1544018504729736
HIST1H2BE	SRR5949427	1.1542763738511965
HIST1H2BE	SRR5949428	1.1544080735423528
HIST1H2BE	SRR5949429	1.1540148338403267
HIST1H2BE	SRR5949430	1.1543244711383844
HIST1H2BE	SRR5949431	1.1543244711383844
HIST1H2BE	SRR5949432	1.1543244711383844
HIST1H2BE	SRR5949433	1.1542881659876676
HIST1H2BE	SRR5949434	1.1542881659876676
HIST1H2BE	SRR5949435	1.154099487946561
HIST1H2BE	SRR5949436	1.1543930374941627
HIST1H2BE	SRR5949437	1.1540843659274789
HIST1H2BE	SRR5949438	1.1539394876265088
HIST1H2BE	SRR5949439	1.1544066367558048
HIST1H2BE	SRR5949440	1.1544018504729736
HIST1H2BE	SRR5949441	1.1544018504729736
HIST1H2BE	SRR5949442	1.1541454974839138
HIST1H2BE	SRR5949443	1.1541312616794417
HIST1H2BE	SRR5949444	1.1540976154898277
HIST1H2BE	SRR5949445	1.1544080735423528
HIST1H2BE	SRR5949446	1.1543930374941627
HIST1H2BE	SRR5949447	1.1542763738511965
HIST1H2BE	SRR5949448	1.1544080735423528
HIST1H2BE	SRR5949449	1.1544080735423528
HIST1H2BE	SRR5949450	1.1543244711383844
HIST1H2BE	SRR5949451	1.154243037085462
HIST1H2BE	SRR5949452	1.1543244711383844
HIST1H2BE	SRR5949453	1.1542881659876676
HIST1H2BE	SRR5949454	1.1543861423812125
HIST1H2BE	SRR5949455	1.1542763738511965
HIST1H2BE	SRR5949456	1.1544066367558048
HIST1H2BE	SRR5949457	1.1544018504729736
HIST1H2BE	SRR5949458	1.1544066367558048
HIST1H2BE	SRR5949459	1.154328975937927
HIST1H2BE	SRR5949460	1.154127700715507
HIST1H2BE	SRR5949461	1.1537652995205527
HIST1H2BE	SRR5949462	1.1543930374941627
HIST1H2BE	SRR5949463	1.154119770897195
HIST1H2BE	SRR5949464	1.154043329391819
HIST1H2BE	SRR5949465	1.1535426695350546
HIST1H2BE	SRR5949466	1.1543244711383844
HIST1H2BE	SRR5949467	1.1536303593625774
HIST1H2BE	SRR5949468	1.1543930374941627
HIST1H2BE	SRR5949469	1.1544018504729736
HIST1H2BE	SRR5949470	1.1543861423812125
HIST1H2BE	SRR5949471	1.1542612816136126
HIST1H2BE	SRR5949472	1.154328975937927
HIST1H2BE	SRR5949473	1.154328975937927
HIST1H2BE	SRR5949474	1.1542881659876676
HIST1H2BE	SRR5949475	1.1544080735423528
HIST1H2BE	SRR5949476	1.1543861423812125
HIST1H2BE	SRR5949477	1.1544018504729736
HIST1H2BE	SRR5949478	1.154328975937927
HIST1H2BE	SRR5949479	1.1538444146289202
HIST1H2BE	SRR5949480	1.1542612816136126
HIST1H2BE	SRR5949481	1.1544018504729736
HIST1H2BE	SRR5949482	1.1542129775631536
HIST1H2BE	SRR5949483	1.1538715423531325
HIST1H2BE	SRR5949484	1.1543930374941627
HIST1H2BE	SRR5949485	1.154099487946561
HIST1H2BE	SRR5949486	1.1542881659876676
HIST1H2BE	SRR5949487	1.1542612816136126
HIST1H2BE	SRR5949488	1.153987572083333
HIST1H2BE	SRR5949489	1.1541344162995835
HIST1H2BE	SRR5949490	1.1541360045743105
HIST1H2BE	SRR5949491	1.1542881659876676
HIST1H2BE	SRR5949492	1.1541360045743105
HIST1H2BE	SRR5949493	1.154243037085462
HIST1H2BE	SRR5949494	1.1544080735423528
HIST1H2BE	SRR5949495	1.154043329391819
HIST1H2BE	SRR5949496	1.154243037085462
HIST1H2BE	SRR5949497	1.1542612816136126
HIST1H2BE	SRR5949498	1.1543244711383844
HIST1H2BE	SRR5949499	1.1543930374941627
HIST1H2BE	SRR5949500	1.1539304288892793
HIST1H2BE	SRR5949501	1.1541014455850918
HIST1H2BE	SRR5949502	1.1538715423531325
HIST1H2BE	SRR5949503	1.1541360045743105
HIST1H2BE	SRR5949504	1.1543861423812125
HIST1H2BE	SRR5949505	1.1543861423812125
HIST1H2BE	SRR5949506	1.1543861423812125
HIST1H2BE	SRR5949507	1.1544018504729736
HIST1H2BE	SRR5949508	1.154243037085462
HIST1H2BE	SRR5949509	1.1543930374941627
HIST1H2BE	SRR5949510	1.1543861423812125
HIST1H2BE	SRR5949511	1.1536505416463956
HIST1H2BE	SRR5949512	1.154328975937927
HIST1H2BE	SRR5949513	1.1544080735423528
HIST1H2BE	SRR5949514	1.1542193125787963
HIST1H2BE	SRR5949515	1.1543930374941627
HIST1H2BE	SRR5949516	1.1543244711383844
HIST1H2BE	SRR5949517	1.1543861423812125
HIST1H2BE	SRR5949518	1.1538715423531325
HIST1H2BE	SRR5949519	1.154127700715507
HIST1H2BE	SRR5949520	1.1544018504729736
HIST1H2BE	SRR5949521	1.1537652995205527
HIST1H2BE	SRR5949522	1.154328975937927
HIST1H2BE	SRR5949523	1.1544018504729736
HIST1H2BE	SRR5949524	1.1542881659876676
HIST1H2BE	SRR5949525	1.1542129775631536
HIST1H2BE	SRR5949526	1.1537070312898285
HIST1H2BE	SRR5949527	1.1541360045743105
HIST1H2BE	SRR5949528	1.1530313538581225
HIST1H2BE	SRR5949529	1.1541014455850918
HIST1H2BE	SRR5949530	1.1542612816136126
HIST1H2BE	SRR5949531	1.1542342444976637
HIST1H2BE	SRR5949532	1.1544018504729736
HIST1H2BE	SRR5949533	1.1544080735423528
HIST1H2BE	SRR5949534	1.1541454974839138
HIST1H2BE	SRR5949535	1.1543861423812125
HIST1H2BE	SRR5949536	1.1543244711383844
HIST1H2BE	SRR5949537	1.1543930374941627
HIST1H2BE	SRR5949538	1.1544080735423528
HIST1H2BE	SRR5949539	1.154243037085462
HIST1H2BE	SRR5949540	1.154118135098547
HIST1H2BE	SRR5949541	1.1542612816136126
HIST1H2BE	SRR5949542	1.154118135098547
HIST1H2BE	SRR5949543	1.1542881659876676
HIST1H2BE	SRR5949544	1.154127700715507
HIST1H2BE	SRR5949545	1.1539394876265088
HIST1H2BE	SRR5949546	1.1541360045743105
HIST1H2BE	SRR5949547	1.1544080735423528
HIST1H2BE	SRR5949548	1.1542881659876676
HIST1H2BE	SRR5949549	1.1539534513664238
HIST1H2BE	SRR5949550	1.1535522984622077
HIST1H2BE	SRR5949551	1.154328975937927
HIST1H2BE	SRR5949552	1.154043329391819
HIST1H2BE	SRR5949553	1.1544066367558048
HIST1H2BE	SRR5949554	1.1543861423812125
HIST1H2BE	SRR5949555	1.1452054817287791
HIST1H2BE	SRR5949556	1.154099487946561
HIST1H2BE	SRR5949557	1.1542881659876676
HIST1H2BE	SRR5949558	1.154043329391819
HIST1H2BE	SRR5949559	1.1543930374941627
HIST1H2BE	SRR5949560	1.1544018504729736
HIST1H2BE	SRR5949561	1.1537430923754213
HIST1H2BE	SRR5949562	1.154043329391819
HIST1H2BE	SRR5949563	1.1542763738511965
HIST1H2BE	SRR5949564	1.1543244711383844
HIST1H2BE	SRR5949565	1.1544066367558048
HIST1H2BE	SRR5949566	1.1543861423812125
HIST1H2BE	SRR5949567	1.1525839843466772
HIST1H2BE	SRR5949568	1.154118135098547
HIST1H2BE	SRR5949569	1.1541344162995835
HIST1H2BE	SRR5949570	1.1542612816136126
HIST1H2BE	SRR5949571	1.1539394876265088
HIST1H2BE	SRR5949572	1.154243037085462
HIST1H2BE	SRR5949573	1.154127700715507
HIST1H2BE	SRR5949574	1.1542881659876676
HIST1H2BE	SRR5949575	1.154243037085462
HIST1H2BE	SRR5949576	1.1542129775631536
HIST1H2BE	SRR5949577	1.1544066367558048
HIST1H2BE	SRR5949578	1.1543244711383844
HIST1H2BE	SRR5949579	1.1543861423812125
HIST1H2BE	SRR5949580	1.1543930374941627
HIST1H2BE	SRR5949581	1.1544080735423528
HIST1H2BE	SRR5949582	1.1541312616794417
HIST1H2BE	SRR5949583	1.1544066367558048
HIST1H2BE	SRR5949584	1.1536496989510014
HIST1H2BE	SRR5949585	1.154328975937927
HIST1H2BE	SRR5949586	1.1543861423812125
HIST1H2BE	SRR5949587	1.1542881659876676
HIST1H2BE	SRR5949588	1.153006792126308
HIST1H2BE	SRR5949589	1.1544080735423528
HIST1H2BE	SRR5949590	1.1541360045743105
HIST1H2BE	SRR5949591	1.1543930374941627
HIST1H2BE	SRR5949592	1.154243037085462
HIST1H2BE	SRR5949593	1.1544080735423528
HIST1H2BE	SRR5949594	1.154243037085462
HIST1H2BE	SRR5949595	1.154328975937927
HIST1H2BE	SRR5949596	1.1542763738511965
HIST1H2BE	SRR5949597	1.1538444146289202
HIST1H2BE	SRR5949598	1.154243037085462
HIST1H2BE	SRR5949599	1.1541344162995835
HIST1H2BE	SRR5949600	1.1543244711383844
HIST1H2BE	SRR5949601	1.154243037085462
HIST1H2BE	SRR5949602	1.1544080735423528
HIST1H2BE	SRR5949603	1.1543244711383844
HIST1H2BE	SRR5949604	1.1543861423812125
HIST1H2BE	SRR5949605	1.154243037085462
HIST1H2BE	SRR5949606	1.1540286696356532
HIST1H2BE	SRR5949607	1.1544018504729736
HIST1H2BE	SRR5949608	1.1537626724135772
HIST1H2BE	SRR5950246	1.1537070312898285
HIST1H2BE	SRR5950247	1.154043329391819
HIST1H2BE	SRR5950248	1.1543244711383844
HIST1H2BE	SRR5950249	1.1544080735423528
HIST1H2BE	SRR5950250	1.154127700715507
HIST1H2BE	SRR5950251	1.1543244711383844
HIST1H2BE	SRR5950252	1.1544066367558048
HIST1H2BE	SRR5950253	1.154328975937927
HIST1H2BE	SRR5950254	1.1540286696356532
HIST1H2BE	SRR5950255	1.1537779842987672
HIST1H2BE	SRR5950256	1.1532906572572703
HIST1H2BE	SRR5950257	1.1532936707463863
HIST1H2BE	SRR5950258	1.1543244711383844
HIST1H2BE	SRR5950259	1.1544018504729736
HIST1H2BE	SRR5950260	1.1543244711383844
HIST1H2BE	SRR5950261	1.154328975937927
HIST1H2BE	SRR5950262	1.1542193125787963
HIST1H2BE	SRR5950263	1.1538444146289202
HIST1H2BE	SRR5950264	1.1544018504729736
HIST1H2BE	SRR5950265	1.154119770897195
HIST1H2BE	SRR5950266	1.153620340573047
HIST1H2BE	SRR5950267	1.1543244711383844
HIST1H2BE	SRR5950268	1.154243037085462
HIST1H2BE	SRR5950269	1.154243037085462
HIST1H2BE	SRR5950270	1.1539830975965506
HIST1H2BE	SRR5950271	1.1544080735423528
HIST1H2BE	SRR5950272	1.1544080735423528
HIST1H2BE	SRR5950273	1.1543244711383844
HIST1H2BE	SRR5950274	1.1541454974839138
HIST1H2BE	SRR5950275	1.154243037085462
HIST1H2BE	SRR5950276	1.154328975937927
HIST1H2BE	SRR5950277	1.1541014455850918
HIST1H2BE	SRR5950278	1.1537962707798937
HIST1H2BE	SRR5950279	1.1542763738511965
HIST1H2BE	SRR5950280	1.1543861423812125
HIST1H2BE	SRR5950281	1.154243037085462
HIST1H2BE	SRR5950282	1.1538447615632836
HIST1H2BE	SRR5950283	1.154328975937927
HIST1H2BE	SRR5950284	1.1511338942169325
HIST1H2BE	SRR5950285	1.1540843659274789
HIST1H2BE	SRR5950286	1.1542881659876676
HIST1H2BE	SRR5950287	1.1537833054890896
HIST1H2BE	SRR5950288	1.154118135098547
HIST1H2BE	SRR5950289	1.1537285180296166
HIST1H2BE	SRR5950290	1.1543930374941627
HIST1H2BE	SRR5950291	1.154328975937927
HIST1H2BE	SRR5950292	1.1542193125787963
HIST1H2BE	SRR5950293	1.1539534513664238
HIST1H2BE	SRR5950294	1.1544080735423528
HIST1H2BE	SRR5950295	1.1544018504729736
HIST1H2BE	SRR5950296	1.1542881659876676
HIST1H2BE	SRR5950297	1.1540286696356532
HIST1H2BE	SRR5950298	1.1543930374941627
HIST1H2BE	SRR5950299	1.1541312616794417
HIST1H2BE	SRR5950300	1.1542881659876676
HIST1H2BE	SRR5950301	1.154328975937927
HIST1H2BE	SRR5950302	1.1542612816136126
HIST1H2BE	SRR5950303	1.1541454974839138
HIST1H2BE	SRR5950304	1.1540148338403267
HIST1H2BE	SRR5950305	1.1542612816136126
HIST1H2BE	SRR5950306	1.1542763738511965
HIST1H2BE	SRR5950307	1.1541344162995835
HIST1H2BE	SRR5950308	1.1542342444976637
HIST1H2BE	SRR5950309	1.154243037085462
HIST1H2BE	SRR5950310	1.1542881659876676
HIST1H2BE	SRR5950311	1.1543930374941627
HIST1H2BE	SRR5950312	1.1543244711383844
HIST1H2BE	SRR5950313	1.1542193125787963
HIST1H2BE	SRR5950314	1.1543930374941627
HIST1H2BE	SRR5950315	1.154328975937927
HIST1H2BE	SRR5950316	1.1544018504729736
HIST1H2BE	SRR5950317	1.1541312616794417
HIST1H2BE	SRR5950318	1.153987572083333
HIST1H2BE	SRR5950319	1.1541360045743105
HIST1H2BE	SRR5950320	1.154119770897195
HIST1H2BE	SRR5950321	1.1533709738650642
HIST1H2BE	SRR5950322	1.1541014455850918
HIST1H2BE	SRR5950323	1.1542129775631536
HIST1H2BE	SRR5950324	1.1543930374941627
HIST1H2BE	SRR5950325	1.1542342444976637
HIST1H2BE	SRR5950326	1.154099487946561
HIST1H2BE	SRR5950327	1.154328975937927
HIST1H2BE	SRR5950328	1.154328975937927
HIST1H2BE	SRR5950329	1.1542881659876676
HIST1H2BE	SRR5950330	1.1541360045743105
HIST1H2BE	SRR5950331	1.1539534513664238
HIST1H2BE	SRR5950332	1.1540843659274789
HIST1H2BE	SRR5950333	1.1543930374941627
HIST1H2BE	SRR5950334	1.1543861423812125
HIST1H2BE	SRR5950335	1.1543861423812125
HIST1H2BE	SRR5950336	1.1524373005233322
HIST1H2BE	SRR5950337	1.1537962707798937
HIST1H2BE	SRR5950338	1.1531742805487435
HIST1H2BE	SRR5950339	1.1544080735423528
HIST1H2BE	SRR5950340	1.154127700715507
HIST1H2BE	SRR5950341	1.1542129775631536
HIST1H2BE	SRR5950342	1.1544018504729736
HIST1H2BE	SRR5950343	1.1542342444976637
HIST1H2BE	SRR5950344	1.154119770897195
HIST1H2BE	SRR5950345	1.1542129775631536
HIST1H2BE	SRR5950346	1.1543244711383844
HIST1H2BE	SRR5950347	1.1542612816136126
HIST1H2BE	SRR5950348	1.1541344162995835
HIST1H2BE	SRR5950349	1.1544066367558048
HIST1H2BE	SRR5950350	1.1543244711383844
HIST1H2BE	SRR5950351	1.1538444146289202
HIST1H2BE	SRR5950352	1.1544018504729736
HIST1H2BE	SRR5950353	1.1542763738511965
HIST1H2BE	SRR5950354	1.1544018504729736
HIST1H2BE	SRR5950355	1.1544066367558048
HIST1H2BE	SRR5950356	1.1537250692562184
HIST1H2BE	SRR5950357	1.1544018504729736
HIST1H2BE	SRR5950358	1.1541344162995835
HIST1H2BE	SRR5950359	1.1542342444976637
HIST1H2BE	SRR5950360	1.1544018504729736
HIST1H2BE	SRR5950361	1.1544018504729736
HIST1H2BE	SRR5950362	1.1541014455850918
HIST1H2BE	SRR5950363	1.153987572083333
HIST1H2BE	SRR5950364	1.1541360045743105
HIST1H2BE	SRR5950365	1.154328975937927
HIST1H2BE	SRR5950366	1.1543930374941627
HIST1H2BE	SRR5950367	1.153400485650712
HIST1H2BE	SRR5950368	1.1542763738511965
HIST1H2BE	SRR5950369	1.1544080735423528
HIST1H2BE	SRR5950370	1.1544080735423528
HIST1H2BE	SRR5950371	1.154328975937927
HIST1H2BE	SRR5950372	1.1543861423812125
HIST1H2BE	SRR5950373	1.1542881659876676
HIST1H2BE	SRR5950374	1.1542763738511965
HIST1H2BE	SRR5950375	1.1543930374941627
HIST1H2BE	SRR5950376	1.1544066367558048
HIST1H2BE	SRR5950377	1.1539830975965506
HIST1H2BE	SRR5950378	1.1542881659876676
HIST1H2BE	SRR5950379	1.1542763738511965
HIST1H2BE	SRR5950380	1.1542129775631536
HIST1H2BE	SRR5950381	1.1542129775631536
HIST1H2BE	SRR5950382	1.1537779842987672
HIST1H2BE	SRR5950383	1.1544066367558048
HIST1H2BE	SRR5950384	1.1543930374941627
HIST1H2BE	SRR5950385	1.1537833054890896
HIST1H2BE	SRR5950386	1.1543861423812125
HIST1H2BE	SRR5950387	1.1544066367558048
HIST1H2BE	SRR5950388	1.154127700715507
HIST1H2BE	SRR5950389	1.1532222126984653
HIST1H2BE	SRR5950390	1.1542129775631536
HIST1H2BE	SRR5950391	1.1544080735423528
HIST1H2BE	SRR5950392	1.1537652995205527
HIST1H2BE	SRR5950393	1.1541312616794417
HIST1H2BE	SRR5950394	1.154243037085462
HIST1H2BE	SRR5950395	1.1542763738511965
HIST1H2BE	SRR5950396	1.1544080735423528
HIST1H2BE	SRR5950397	1.1544066367558048
HIST1H2BE	SRR5950398	1.1544066367558048
HIST1H2BE	SRR5950399	1.1542193125787963
HIST1H2BE	SRR5950400	1.1542342444976637
HIST1H2BE	SRR5950401	1.1543930374941627
HIST1H2BE	SRR5950402	1.1543930374941627
HIST1H2BE	SRR5950403	1.154328975937927
HIST1H2BE	SRR5950404	1.1543861423812125
HIST1H2BE	SRR5950405	1.153006792126308
HIST1H2BE	SRR5950406	1.1539304288892793
HIST1H2BE	SRR5950407	1.154328975937927
HIST1H2BE	SRR5950408	1.154043329391819
HIST1H2BE	SRR5950409	1.154127700715507
HIST1H2BE	SRR5950410	1.1544080735423528
HIST1H2BE	SRR5950411	1.1544018504729736
HIST1H2BE	SRR5950412	1.1543861423812125
HIST1H2BE	SRR5950413	1.1539394876265088
HIST1H2BE	SRR5950414	1.1543861423812125
HIST1H2BE	SRR5950415	1.1542193125787963
HIST1H2BE	SRR5950416	1.154243037085462
HIST1H2BE	SRR5950417	1.1542342444976637
HIST1H2BE	SRR5950418	1.154119770897195
HIST1H2BE	SRR5950419	1.1544018504729736
HIST1H2BE	SRR5950420	1.1542612816136126
HIST1H2BE	SRR5950421	1.1541312616794417
HIST1H2BE	SRR5950422	1.1540976154898277
HIST1H2BE	SRR5950423	1.1542881659876676
HIST1H2BE	SRR5950424	1.1543930374941627
HIST1H2BE	SRR5950425	1.1544018504729736
HIST1H2BE	SRR5950426	1.1541344162995835
HIST1H2BE	SRR5950427	1.1543861423812125
HIST1H2BE	SRR5950428	1.1542881659876676
HIST1H2BE	SRR5950429	1.1544018504729736
HIST1H2BE	SRR5950430	1.154243037085462
HIST1H2BE	SRR5950431	1.1542612816136126
HIST1H2BE	SRR5950432	1.1543861423812125
HIST1H2BE	SRR5950433	1.154328975937927
HIST1H2BE	SRR5950434	1.1541344162995835
HIST1H2BE	SRR5950435	1.1542881659876676
HIST1H2BE	SRR5950436	1.1544018504729736
HIST1H2BE	SRR5950437	1.1542612816136126
HIST1H2BE	SRR5950438	1.1543930374941627
HIST1H2BE	SRR5950439	1.1544066367558048
HIST1H2BE	SRR5950440	1.150186403730464
HIST1H2BE	SRR5950441	1.1540843659274789
HIST1H2BE	SRR5950442	1.1543244711383844
HIST1H2BE	SRR5950443	1.1541454974839138
HIST1H2BE	SRR5950444	1.154328975937927
HIST1H2BE	SRR5950445	1.1543861423812125
HIST1H2BE	SRR5950446	1.1542129775631536
HIST1H2BE	SRR5950447	1.1539830975965506
HIST1H2BE	SRR5950448	1.1543244711383844
HIST1H2BE	SRR5950449	1.1543861423812125
HIST1H2BE	SRR5950450	1.1544018504729736
HIST1H2BE	SRR5950451	1.1544080735423528
HIST1H2BE	SRR5950452	1.154099487946561
HIST1H2BE	SRR5950453	1.1543930374941627
HIST1H2BE	SRR5950454	1.1540976154898277
HIST1H2BE	SRR5950455	1.1543930374941627
HIST1H2BE	SRR5950456	1.1542881659876676
HIST1H2BE	SRR5950457	1.1542129775631536
HIST1H2BE	SRR5950458	1.1544080735423528
HIST1H2BE	SRR5950459	1.1542612816136126
HIST1H2BE	SRR5950460	1.1542612816136126
HIST1H2BE	SRR5950461	1.1543244711383844
HIST1H2BE	SRR5950462	1.1538715423531325
HIST1H2BE	SRR5950463	1.1541454974839138
HIST1H2BE	SRR5950464	1.1541014455850918
HIST1H2BE	SRR5950465	1.1495981461456477
HIST1H2BE	SRR5950466	1.1543861423812125
HIST1H2BE	SRR5950467	1.1542763738511965
HIST1H2BE	SRR5950468	1.1543244711383844
HIST1H2BE	SRR5950469	1.1542129775631536
HIST1H2BE	SRR5950470	1.1544018504729736
HIST1H2BE	SRR5963912	1.1544080735423528
HIST1H2BE	SRR5963913	1.154118135098547
HIST1H2BE	SRR5963914	1.1544080735423528
HIST1H2BE	SRR5963915	1.154119770897195
HIST1H2BE	SRR5963916	1.1538752034369077
HIST1H2BE	SRR5963917	1.154243037085462
HIST1H2BE	SRR5963918	1.1542612816136126
HIST1H2BE	SRR5963919	1.1543861423812125
HIST1H2BE	SRR5963920	1.1542763738511965
HIST1H2BE	SRR5963921	1.1543930374941627
HIST1H2BE	SRR5963922	1.1542342444976637
HIST1H2BE	SRR5963923	1.1542612816136126
HIST1H2BE	SRR5963924	1.1543861423812125
HIST1H2BE	SRR5963925	1.154118135098547
HIST1H2BE	SRR5963926	1.154118135098547
HIST1H2BE	SRR5963927	1.1544018504729736
HIST1H2BE	SRR5963928	1.1540843659274789
HIST1H2BE	SRR5963929	1.154328975937927
HIST1H2BE	SRR5963930	1.1539394876265088
HIST1H2BE	SRR5963931	1.1544066367558048
HIST1H2BE	SRR5963932	1.1542881659876676
HIST1H2BE	SRR5963933	1.1542193125787963
HIST1H2BE	SRR5963934	1.153987572083333
HIST1H2BE	SRR5963935	1.1544080735423528
HIST1H2BE	SRR5963936	1.1541014455850918
HIST1H2BE	SRR5963937	1.1537833054890896
HIST1H2BE	SRR5963938	1.1543244711383844
HIST1H2BE	SRR5963939	1.1543861423812125
HIST1H2BE	SRR5963940	1.1543861423812125
HIST1H2BE	SRR5963941	1.1544080735423528
HIST1H2BE	SRR5963942	1.1544080735423528
HIST1H2BE	SRR5963943	1.1543930374941627
HIST1H2BE	SRR5963944	1.1544080735423528
HIST1H2BE	SRR5963945	1.1544066367558048
HIST1H2BE	SRR5963946	1.154328975937927
HIST1H2BE	SRR5963947	1.154328975937927
HIST1H2BE	SRR5963948	1.154328975937927
HIST1H2BE	SRR6467548	113.0977072240121
HIST1H2BE	SRR6467549	57.95168828514418
HIST1H2BE	SRR6467550	22.20864248285203
HIST1H2BE	SRR6467551	30.49536086814448
HIST1H2BE	SRR6467552	42.69694368360801
HIST1H2BE	SRR6467553	1.0319322215162512
HIST1H2BE	SRR6467554	14.316055394045593
HIST1H2BE	SRR6467555	26.37509379866371
HIST1H2BE	SRR6467556	45.53332118016395
HIST1H2BE	SRR6467557	211.39133471274056
HIST1H2BE	SRR6467558	26.527599815559253
HIST1H2BE	SRR6467559	7.0153461961548915
HIST1H2BE	SRR6467560	1.0102367475941127
HIST1H2BE	SRR6467561	7.052293888787706
HIST1H2BE	SRR6467562	7.026599045044301
HIST1H2BE	SRR6467563	73.45250522039802
HIST1H2BE	SRR6467564	53.387756194290624
HIST1H2BE	SRR6467565	38.369133211777644
HIST1H2BE	SRR6467566	1.0276080890484358
HIST1H2BE	SRR6467567	38.42177041074719
HIST1H2BE	SRR6467568	10.041030169842722
HIST1H2BE	SRR6467569	1.0146718773316246
HIST1H2BE	SRR6467570	0.9247916000402479
HIST1H2BE	SRR6467571	3.002160114320297
HIST1H2BE	SRR6467572	7.0432708402439435
HIST1H2BE	SRR6467573	38.259528513628204
HIST1H2BE	SRR6467574	57
HIST1H2BE	SRR6467575	5.716764253757385
HIST1H2BE	SRR6467576	30.141576755981262
HIST1H2BE	SRR6467577	69.09940103212006
HIST1H2BE	SRR6467578	10.09862646777912
HIST1H2BE	SRR6467579	1.0106905274838194
HIST1H2BE	SRR6467580	83.80769611072986
HIST1H2BE	SRR6467581	18.91886242477371
HIST1H2BE	SRR6467582	2.824351406503851
HIST1H2BE	SRR6467583	38
HIST1H2BE	SRR6467584	14.051334575627466
HIST1H2BE	SRR6467585	86.46786295636711
HIST1H2BE	SRR6467586	15.41271400370192
HIST1H2BE	SRR6467587	51.357759315711576
HIST1H2BE	SRR6467588	44.54581974086974
HIST1H2BE	SRR6467589	61
HIST1H2BE	SRR6467590	18.050550629291482
HIST1H2BE	SRR6467591	3.0317016453511916
HIST1H2BE	SRR6467592	1.0077848171459254
HIST1H2BE	SRR6467593	1.0045701845809227
HIST1H2BE	SRR6467594	16.170474695202316
HIST1H2BE	SRR6467595	61.1337311379212
HIST1H2BE	SRR6467596	7
HIST1H2BE	SRR6467597	32.27306042861692
HIST1H2BE	SRR6467598	30.406635815795507
HIST1H2BE	SRR6467599	34.12853450156442
HIST1H2BE	SRR6467600	3.014469189867141
HIST1H2BE	SRR6467601	1.0055770267634287
HIST1H2BE	SRR6467602	26.716403953262237
HIST1H2BE	SRR6467603	18
HIST1H2BE	SRR6467604	49.20858934498899
HIST1H2BE	SRR6467605	1.0036053788169974
HIST1H2BE	SRR6467606	30
HIST1H2BE	SRR6467607	26
HIST1H2BE	SRR6467608	26.068326295088077
HIST1H2BE	SRR6467609	3.0005398828258563
HIST1H2BE	SRR6467610	7.070337975434036
HIST1H2BE	SRR6467611	8.22746489489523
HIST1H2BE	SRR6467612	10.05805596674916
HIST1H2BE	SRR6467613	30
HIST1H2BE	SRR6467614	3
HIST1H2BE	SRR6467615	7.089629133190027
HIST1H2BE	SRR6467616	7.069271704734641
HIST1H2BE	SRR6467617	49.32883660322068
HIST1H2BE	SRR6467618	22
HIST1H2BE	SRR6467619	21.978507311883455
HIST1H2BE	SRR6467620	14.036791081970502
HIST1H2BE	SRR6467621	30.15369852680957
HIST1H2BE	SRR6467622	7.105479082260098
HIST1H2BE	SRR6467623	2.1541385665558948
HIST1H2BE	SRR6467624	14.002519453187329
HIST1H2BE	SRR6467625	1
HIST1H2BE	SRR6467626	49
HIST1H2BE	SRR6467627	1.0100527075660375
HIST1H2BE	SRR6467628	7
HIST1H2BE	SRR6467629	8.747413751703254
HIST1H2BE	SRR6467630	1.0007200381067656
HIST1H2BE	SRR6467631	14.012601800784351
HIST1H2BE	SRR6467632	22.158251586748428
HIST1H2BE	SRR6467633	10
HIST1H2BE	SRR6467634	49.197214788292854
HIST1H2BE	SRR6467635	22.397649672807916
HIST1H2BE	SRR6467636	57.57615390932405
HIST1H2BE	SRR6467637	1
HIST1H2BE	SRR6467638	18
HIST1H2BE	SRR6467639	1.0032000079380652
HIST1H2BE	SRR6467640	10.2092395433485
HIST1H2BE	SRR6467641	3.027927777974978
HIST1H2BE	SRR6467642	8.52903689013646
HIST1H2BE	SRR6467643	7.087613884355161
HIST1H2BE	SRR6467644	10
HIST1H2BE	SRR6467645	35.32841576559692
HIST1H2BE	SRR6467646	162
HIST1H2BE	SRR6467647	55.52780654418734
HIST1H2BE	SRR6467648	45.261251850371224
HIST1H2BE	SRR6467649	10.052958813429669
HIST1H2BE	SRR6467650	14.076641977472907
HIST1H2BE	SRR6467651	7.02058953840196
HIST1H2BE	SRR6467652	1.000179960941952
HIST1H2BE	SRR6467653	22.218975245485044
HIST1H2BE	SRR6467654	7.026229621526163
HIST1H2BE	SRR6467655	96
HIST1H2BE	SRR6467656	17.13581266927044
HIST1H2BE	SRR6467657	22
HIST1H2BE	SRR6467658	30
HIST1H2BE	SRR6467659	45.14078185011914
HIST1H2BE	SRR6467660	7.047933970143342
HIST1H2BE	SRR6467661	67.38412454424484
HIST1H2BE	SRR6467662	43.84889413443284
HIST1H2BE	SRR6467663	22.061784102467367
HIST1H2BE	SRR6467664	31.539326605835647
HIST1H2BE	SRR6467665	45
HIST1H2BE	SRR6467666	7
HIST1H2BE	SRR6467667	29.715779766966676
HIST1H2BE	SRR6467668	35.44608541277418
HIST1H2BE	SRR6467669	61
HIST1H2BE	SRR6467670	26
HIST1H2BE	SRR6467671	0.9374023324575674
HIST1H2BE	SRR6467672	3.026584142764819
HIST1H2BE	SRR6467673	7.0671765479431246
HIST1H2BE	SRR6467674	7.044196786364274
HIST1H2BE	SRR6467675	14.121168606294741
HIST1H2BE	SRR6467676	24.388916308073096
HIST1H2BE	SRR6467677	30
HIST1H2BE	SRR6467678	10
HIST1H2BE	SRR6467679	1
HIST1H2BE	SRR6467680	1.010729395665764
HIST1H2BE	SRR6467681	45
HIST1H2BE	SRR6467682	1.0060111690650306
HIST1H2BE	SRR6467683	1.0111991340219961
HIST1H2BE	SRR6467684	38.09922316757262
HIST1H2BE	SRR6467685	7.098723963125372
HIST1H2BE	SRR6467686	65.09562905936023
HIST1H2BE	SRR6467687	37.94470476737416
HIST1H2BE	SRR6467688	48.93068252120891
HIST1H2BE	SRR6467689	18.179115820615316
HIST1H2BE	SRR6467690	30.164517597879865
HIST1H2BE	SRR6467691	18.100141592494275
HIST1H2BE	SRR6467692	1.0010802515574013
HIST1H2BE	SRR6467693	2.9739168719551263
HIST1H2BE	SRR6467694	3.022788356944873
HIST1H2BE	SRR6467695	49.22393904446521
HIST1H2BE	SRR6467696	20.24734345695413
HIST1H2BE	SRR6467697	88
HIST1H2BE	SRR6467698	7.0328724542213585
HIST1H2BE	SRR6467699	166
HIST1H2BE	SRR6467700	18.896602017131602
HIST1H2BE	SRR6467701	7
HIST1H2BE	SRR6467702	1.0143385323766478
HIST1H2BE	SRR6467703	1.0123945241480405
HIST1H2BE	SRR6467704	3.0084251048819137
HIST1H2BE	SRR6467705	34.22209655904606
HIST1H2BE	SRR6467706	1.0184483735704168
HIST1H2BE	SRR6467707	42
HIST1H2BE	SRR6467708	26.04488255070552
HIST1H2BE	SRR6467709	1
HIST1H2BE	SRR6467710	34.030604373333425
HIST1H2BE	SRR6467711	30.040974181579415
HIST1H2BE	SRR6467712	3.0338845860641888
HIST1H2BE	SRR6467713	38.57628702550775
HIST1H2BE	SRR6467714	14.0838124335652
HIST1H2BE	SRR6467715	14
HIST1H2BE	SRR6467716	10
HIST1H2BE	SRR6467717	1.012284376852264
HIST1H2BE	SRR6467718	1.0154230574273704
HIST1H2BE	SRR6467719	26.0950799702274
HIST1H2BE	SRR6467720	42
HIST1H2BE	SRR6467721	34.055107705278495
HIST1H2BE	SRR6467722	34
HIST1H2BE	SRR6467723	18
HIST1H2BE	SRR6467724	14
HIST1H2BE	SRR6467725	26
HIST1H2BE	SRR6467726	2.3932046412742944
HIST1H2BE	SRR6467727	3.007026060049086
HIST1H2BE	SRR6467728	26
HIST1H2BE	SRR6467729	14.097115569782835
HIST1H2BE	SRR6467730	1.0021448794325023
HIST1H2BE	SRR6467731	1.0098953358933669
HIST1H2BE	SRR6467732	34.61464842558231
HIST1H2BE	SRR6467733	10.017262519502122
HIST1H2BE	SRR6467734	13.873907631678325
HIST1H2BE	SRR6467735	1.0082981694634305
HIST1H2BE	SRR6467736	10.062109131444412
HIST1H2BE	SRR6467737	7.043604217838761
HIST1H2BE	SRR6467738	38.013678262254096
HIST1H2BE	SRR6467739	26
HIST1H2BE	SRR6467740	7.037795359670864
HIST1H2BE	SRR6467741	7.014083935003018
HIST1H2BE	SRR6467742	34
HIST1H2BE	SRR6467743	14
HIST1H2BE	SRR6467744	10
HIST1H2BE	SRR6467745	3.001395775897737
HIST1H2BE	SRR6467746	3.023940335471073
HIST1H2BE	SRR6467747	26.73022193020904
HIST1H2BE	SRR6467748	24.717718408586133
HIST1H2BE	SRR6467749	30
HIST1H2BE	SRR6467750	1.00237266920921
HIST1H2BE	SRR6467751	3.045350822419848
HIST1H2BE	SRR6467752	10.082599653422244
HIST1H2BE	SRR6467753	14.635369761166752
HIST1H2BE	SRR6467754	11.687311297706334
HIST1H2BE	SRR6467755	23.25997730588355
HIST1H2BE	SRR6467756	18.022687324243943
HIST1H2BE	SRR6467757	30
HIST1H2BE	SRR6467758	26
HIST1H2BE	SRR6467759	18.102291845561584
HIST1H2BE	SRR6467760	10.077326390518405
HIST1H2BE	SRR6467761	1.0036974451020118
HIST1H2BE	SRR6467762	10.050174895819426
HIST1H2BE	SRR6467763	0.9587698910949234
HIST1H2BE	SRR6467764	47.48008025409836
HIST1H2BE	SRR6467765	22.027728951853707
HIST1H2BE	SRR6467766	1.0148654635807097
HIST1H2BE	SRR6467767	38.25904311184408
HIST1H2BE	SRR6467768	1.012490620071433
HIST1H2BE	SRR6467769	1.017985195307651
HIST1H2BE	SRR6467770	7
HIST1H2BE	SRR6467771	38.252154345645664
HIST1H2BE	SRR6467772	1.0071624573529558
HIST1H2BE	SRR6467773	7.027671333816055
HIST1H2BE	SRR6868540	47.68974566272328
HIST1H2BE	SRR6868541	1.0274634703565282
HIST1H2BE	SRR6868542	73.33868863419922
HIST1H2BE	SRR6868543	9.135776915183795
HIST1H2BE	SRR6868544	24.188137887855785
HIST1H2BE	SRR6868545	1.0247076064653797
HIST1H2BE	SRR6868546	102.58284768568544
HIST1H2BE	SRR6868557	1.0591086838663382
HIST1H2BE	SRR6868558	1.0490872194289762
HIST1H2BE	SRR6868559	28.910788211691223
HIST1H2BE	SRR6868560	55.54857102654991
HIST1H2BE	SRR6868569	5.308880761610131
HIST1H2BE	SRR6868570	28.599658093493318
HIST1H2BE	SRR6868571	25.064798695975625
HIST1H2BE	SRR6868572	12.141016687098709
HIST1H2BE	SRR6868573	12.491960203671463
HIST1H2BE	SRR6868574	70.85560481633198
HIST1H2BE	SRR6868575	1.025805444460916
HIST1H2BE	SRR6868576	1.0158996451240243
HIST1H2BE	SRR6868577	1.0321919880224188
HIST1H2BE	SRR6868578	51.79152316716506
HIST1H2BE	SRR6868579	64.71117833980571
HIST1H2BE	SRR6868580	70.75269127756552
HIST1H2BE	SRR6868581	1.0339413032942724
HIST1H2BE	SRR6868582	48.54233029319497
HIST1H2BE	SRR6868585	1.0220689021157627
HIST1H2BE	SRR6868586	49.79668216488772
HIST1H2BE	SRR6868587	1.059951714856934
HIST1H2BE	SRR6868588	116.8334870925276
HIST1H2BE	SRR6868589	24.264419678687418
HIST1H2BE	SRR6868590	136.2284756549966
HIST1H2BE	SRR6868591	35.455827359863484
HIST1H2BE	SRR6868604	108.65130258103454
HIST1H2BE	SRR6868605	140.3265776485031
HIST1H2BE	SRR6868606	1.0405938775744006
HIST1H2BE	SRR6868607	40.33592365028839
HIST1H2BE	SRR6868608	107.53848002040034
HIST1H2BE	SRR6868609	40.711675114206436
HIST1H2BE	SRR6868610	33.245662558764515
HIST1H2BE	SRR6868620	148.65833341644847
HIST1H2BE	SRR6868621	24.523811939444066
HIST1H2BE	SRR6868622	20.479548907673593
HIST1H2BE	SRR6868623	5.273815124445337
HIST1H2BE	SRR6868636	89.75992307762581
HIST1H2BE	SRR6868637	67.7063409129868
HIST1H2BE	SRR6868638	73.22877510042616
HIST1H2BE	SRR6868639	1.0107500209553522
HIST1H2BE	SRR6868650	1.039600004636465
HIST1H2BE	SRR6868651	1.0289509945514346
HIST1H2BE	SRR6868652	48.429165901387094
HIST1H2BE	SRR6868653	1.0187981972446098
HIST1H2BE	SRR6868654	16.240492733176062
HIST1H2BE	SRR6868655	9.314012919079827
HIST1H2BE	SRR6868665	191.726013696114
HIST1H2BE	SRR6868666	183.86308806212853
HIST1H2BE	SRR6868667	1.0114938025774427
HIST1H2BE	SRR6868668	82.61115055479704
HIST1H2BE	SRR6868669	28.213554007298846
HIST1H2BE	SRR6868670	24.425810606630503
HIST1H2BE	SRR6868671	94.3434773625149
HIST1H2BE	SRR6868683	32.4059784533869
HIST1H2BE	SRR6868684	1.0156791364509994
HIST1H2BE	SRR6868685	12.255745734976404
HIST1H2BE	SRR6868686	140.42878610155896
HIST1H2BE	SRR6868687	44.199151894360234
HIST1H2BE	SRR6868688	35.937937969762075
HIST1H2BE	SRR6868689	51.74490138305242
HIST1H2BE	SRR6868698	28.510149294920687
HIST1H2BE	SRR6868699	24.169333885836277
HIST1H2BE	SRR6868700	1.0160549733839008
HIST1H2BE	SRR6868701	86.90193477577535
HIST1H2BE	SRR6868702	20.153574847203842
HIST1H2BE	SRR6868713	43.44949868027215
HIST1H2BE	SRR6868714	32.589264355534674
HIST1H2BE	SRR6868715	28.232367806814256
HIST1H2BE	SRR6868716	9.060275977078604
HIST1H2BE	SRR6868717	160.62997319897545
HIST1H2BE	SRR6868718	163.63593239403616
HIST1H2BE	SRR6868719	70.11345704027926
HIST1H2BE	SRR6868720	62.313778949388734
HIST1H2BE	SRR6868721	1.011241097215616
HIST1H2BE	SRR6868722	1.0167639054768582
HIST1H2BE	SRR6868723	43.83791097469576
HIST1H2BE	SRR6868724	1.0096892656036671
HIST1H2BE	SRR6868725	70.29246070231227
HIST1H2BE	SRR6868726	78.18819709825986
HIST1H2BE	SRR6868741	1.0144414580063614
HIST1H2BE	SRR7632756	49.405782525190034
HIST1H2BE	SRR7632757	1.0277880420258994
HIST1H2BE	SRR7632758	1.010659920049916
HIST1H2BE	SRR7632759	50.46296061493367
HIST1H2BE	SRR7632760	14.284354629298761
HIST1H2BE	SRR7632761	49.348961759310846
HIST1H2BE	SRR7632762	3.1461079566201353
HIST1H2BE	SRR7632763	3.0492389266768
HIST1H2BE	SRR7632764	26.962848052592665
HIST1H2BE	SRR7632765	37.097233573779185
HIST1H2BE	SRR7632766	3.0936210086447753
HIST1H2BE	SRR7632767	106.25150293617628
HIST1H2BE	SRR7632768	3.048690281502021
HIST1H2BE	SRR7632769	37.42530692847686
HIST1H2BE	SRR7632770	14.11583463046287
HIST1H2BE	SRR7632771	14.364497784800541
HIST1H2BE	SRR7632772	14.27039575672408
HIST1H2BE	SRR7632773	94.5088440324761
HIST1H2BE	SRR7632774	83.52660157295752
HIST1H2BE	SRR7632775	3.0676135596371146
HIST1H2BE	SRR7632776	1.0379594824107194
HIST1H2BE	SRR7632777	3.072445347424424
HIST1H2BE	SRR7632778	14.058301936039804
HIST1H2BE	SRR7632779	1.0262203067866917
HIST1H2BE	SRR7632780	37.137307918122545
HIST1H2BE	SRR7632781	1.0615459002112622
HIST1H2BE	SRR7632782	95.28687747127057
HIST1H2BE	SRR7632783	26.191268130173967
HIST1H2BE	SRR7632784	3.0261586301698444
HIST1H2BE	SRR7632785	3.0215941552660133
HIST1H2BE	SRR7632786	1.0416272812793046
HIST1H2BE	SRR7632787	49.19076488806071
HIST1H2BE	SRR7632788	37.08388507100545
HIST1H2BE	SRR7632789	1.0182058416695656
HIST1H2BE	SRR7632790	3.0295202753077506
HIST1H2BE	SRR7632791	3.1346371147202947
HIST1H2BE	SRR7632792	49.36046686071248
HIST1H2BE	SRR7632793	49.594899389217545
HIST1H2BE	SRR7632794	37.25716664826046
HIST1H2BE	SRR7632795	186.6003053278607
HIST1H2BE	SRR7632796	37.63743377984503
HIST1H2BE	SRR7632797	3.4520976964086056
HIST1H2BE	SRR7632798	83.47563001233355
HIST1H2BE	SRR7632799	3.092378019717478
HIST1H2BE	SRR7632800	26.391414648869155
HIST1H2BE	SRR7632801	26.13683214719925
HIST1H2BE	SRR7632802	3.1050935028409423
HIST1H2BE	SRR7632803	1.024031967628665
HIST1H2BE	SRR7632804	3.121562756940395
HIST1H2BE	SRR7632805	26.080454808933755
HIST1H2BE	SRR7632806	60.276869630474934
HIST1H2BE	SRR7632807	37.32164701755834
HIST1H2BE	SRR7632808	3.0246600649864988
HIST1H2BE	SRR7632809	3.146488488762327
HIST1H2BE	SRR7632810	106.44286906350143
HIST1H2BE	SRR7632811	14.095200775238018
HIST1H2BE	SRR7632812	37.265635285725715
HIST1H2BE	SRR7632813	49.303721936391945
HIST1H2BE	SRR7632814	83.29369095628836
HIST1H2BE	SRR7632815	26.20400768255435
HIST1H2BE	SRR7632816	15.055704865507062
HIST1H2BE	SRR7632817	3.1250245546032747
HIST1H2BE	SRR7632818	3.0162805119427394
HIST1H2BE	SRR7632819	26.063635858628263
HIST1H2BE	SRR7632820	49.33716875225137
HIST1H2BE	SRR7632821	37.06387132215785
HIST1H2BE	SRR7632822	84.04020885935661
HIST1H2BE	SRR7632823	94.3459791020565
HIST1H2BE	SRR7632824	72.32905328982643
HIST1H2BE	SRR7632825	83.23309456839962
HIST1H2BE	SRR7632826	60.03871819817477
HIST1H2BE	SRR7632827	1.055040096796364
HIST1H2BE	SRR7632828	61.56842757487041
HIST1H2BE	SRR7632829	49.708761868933856
HIST1H2BE	SRR7632830	1.0486021527253222
HIST1H2BE	SRR7632831	3.027802459780908
HIST1H2BE	SRR7632832	14.2046740144003
HIST1H2BE	SRR7632833	1.0516979198200802
HIST1H2BE	SRR7632834	3.0879141340150618
HIST1H2BE	SRR7632835	1.110030669431967
HIST1H2BE	SRR7632836	3.0447816943411894
HIST1H2BE	SRR7632837	60.38566785206178
HIST1H2BE	SRR7632838	3.075627125893833
HIST1H2BE	SRR7632839	3.034481407732328
HIST1H2BE	SRR7632840	26.79908023916587
HIST1H2BE	SRR7632841	1.1191732546509214
HIST1H2BE	SRR7632842	14.026456320788691
HIST1H2BE	SRR7632843	1.037517112746005
HIST1H2BE	SRR7632844	38.47046112115507
HIST1H2BE	SRR7632845	72.3604923975436
HIST1H2BE	SRR7632846	3.1490220295202067
HIST1H2BE	SRR7632847	14.330130539260821
HIST1H2BE	SRR7632848	37.33896646271112
HIST1H2BE	SRR7632849	1.0113703922046702
HIST1H2BE	SRR7632850	141.80738623138657
HIST1H2BE	SRR7632851	26.264019767016052
HIST1H2BE	SRR7632852	14.017645696634178
HIST1H2BE	SRR7632853	26.131775829836524
HIST1H2BE	SRR7632854	14.092469850628342
HIST1H2BE	SRR7632855	163
HIST1H2BE	SRR7632856	37.23945895972898
HIST1H2BE	SRR7632857	27.918291565941402
HIST1H2BE	SRR7632858	14.520403101552207
HIST1H2BE	SRR7632859	1.03970249147232
HIST1H2BE	SRR7632860	1.0755034509256032
HIST1H2BE	SRR7632861	1.0544086906801657
HIST1H2BE	SRR7632862	62.11716646097033
HIST1H2BE	SRR7632863	3.3830320370277254
HIST1H2BE	SRR7632864	3.364595387944614
HIST1H2BE	SRR7632865	94.13541589883022
HIST1H2BE	SRR7632866	83.47143432828427
HIST1H2BE	SRR7632867	37.381984069087004
HIST1H2BE	SRR7632868	3.07696474516302
HIST1H2BE	SRR7632869	14.342175759500133
HIST1H2BE	SRR7632870	49.188320334717865
HIST1H2BE	SRR7632871	1.0509978397928912
HIST1H2BE	SRR7632872	1.032283347644643
HIST1H2BE	SRR7632873	117.48882717386479
HIST1H2BE	SRR7632874	49.13027102573229
HIST1H2BE	SRR7632875	37.061103354047084
HIST1H2BE	SRR7632876	14.19806914057207
HIST1H2BE	SRR7632877	1.041135031463042
HIST1H2BE	SRR7632878	14.309646806438089
HIST1H2BE	SRR7632879	94.21311342363546
HIST1H2BE	SRR7632880	3.0526710419451546
HIST1H2BE	SRR7632881	26.35981229816065
HIST1H2BE	SRR7632882	1.02398215098824
HIST1H2BE	SRR7632883	3.067761895455018
HIST1H2BE	SRR7632884	1.0338348047099086
HIST1H2BE	SRR7632885	49.24585698951519
HIST1H2BE	SRR7632886	1.0323339725546605
HIST1H2BE	SRR7632887	37.37486189613805
HIST1H2BE	SRR7632888	26.991171199730466
HIST1H2BE	SRR7632889	1.034226163866362
HIST1H2BE	SRR7632890	1.1021455850880635
HIST1H2BE	SRR7632891	14.661149589404635
HIST1H2BE	SRR7632892	1.0058289958076159
HIST1H2BE	SRR7632893	1.0382330459409663
HIST1H2BE	SRR7632894	14.662257283488362
HIST1H2BE	SRR7632895	26.30241149247664
HIST1H2BE	SRR7632896	3.0683786578280046
HIST1H2BE	SRR7632897	60.2453659181221
HIST1H2BE	SRR7632898	49.18360735068314
HIST1H2BE	SRR7632899	49.34006654147691
HIST1H2BE	SRR7632900	37.24768111687619
HIST1H2BE	SRR7632901	14.089099496677191
HIST1H2BE	SRR7632902	3.1315467020235475
HIST1H2BE	SRR7632903	14.062031060276341
HIST1H2BE	SRR7632904	1.052639407087551
HIST1H2BE	SRR7632905	3.2795364735415395
HIST1H2BE	SRR7632906	26.428397482123415
HIST1H2BE	SRR7632907	1.0277502386473942
HIST1H2BE	SRR7632908	3.01211252654161
HIST1H2BE	SRR7632909	3.0103664515386606
HIST1H2BE	SRR7632910	1.0381442455517274
HIST1H2BE	SRR7632911	1.0129819287449684
HIST1H2BE	SRR7632912	1.015658017729299
HIST1H2BE	SRR7632913	14.82408036511656
HIST1H2BE	SRR7632914	3.0938830834512068
HIST1H2BE	SRR7632915	38.66374628637336
HIST1H2BE	SRR7632916	1.0199638203063526
HIST1H2BE	SRR7632917	1.0525477213847285
HIST1H2BE	SRR7632918	37.958565434821544
HIST1H2BE	SRR7632919	26.226621885914696
HIST1H2BE	SRR7632920	26.301855516855436
HIST1H2BE	SRR7632921	49.597018959566164
HIST1H2BE	SRR7632922	49.426454538485615
HIST1H2BE	SRR7632923	3.0313439544317955
HIST1H2BE	SRR7632924	3.088662288348111
HIST1H2BE	SRR7632925	1.0351205406829784
HIST1H2BE	SRR7632926	26.48115332426142
HIST1H2BE	SRR7632927	26.53616439028706
HIST1H2BE	SRR7632928	26.086487951887385
HIST1H2BE	SRR7632929	1.0408852031443403
HIST1H2BE	SRR7632930	26.023403344313795
HIST1H2BE	SRR7632931	106.07632403931716
HIST1H2BE	SRR7632932	3.0772624128219053
HIST1H2BE	SRR7632933	1.0212809727621546
HIST1H2BE	SRR7632934	3.0132555928118645
HIST1H2BE	SRR7632935	37.37417267566809
HIST1H2BE	SRR7632936	1.02112601210436
HIST1H2BE	SRR7632937	1.0144478283854719
HIST1H2BE	SRR7632938	3.0802795421790914
HIST1H2BE	SRR7632939	74.02875456271822
HIST1H2BE	SRR7632940	1.0065268639064227
HIST1H2BE	SRR7632941	1.0215738909036738
HIST1H2BE	SRR7632942	1.0358766269652808
HIST1H2BE	SRR7632943	129
HIST1H2BE	SRR7632944	37.681804415572
HIST1H2BE	SRR7632945	83
HIST1H2BE	SRR8928966	58.513132394348986
HIST1H2BE	SRR8928967	53.90249618800769
HIST1H2BE	SRR8928968	53.44054166173601
HIST1H2BE	SRR8928969	51.42341361994351
HIST1H2BE	SRR8928970	69.66239348732655
HIST1H2BE	SRR8928971	62.47674412700487
HIST1H2BE	SRR8928972	61.10642353392911
HIST1H2BE	SRR8928973	67.3996975403596
HIST1H2BE	SRR8928974	65.0978725730961
HIST1H2BE	SRR8928975	46.90020970592137
HIST1H2BE	SRR8928976	46.88197132947241
HIST1H2BE	SRR8928977	63.20685565569407
HIST1H2BE	SRR8928978	71.30311620948517
HIST1H2BE	SRR8928979	45.869792118341216
HIST1H2BE	SRR8928980	45.70676540780388
HIST1H2BE	SRR8928981	47.55087529844812
HIST1H2BE	SRR8928982	51.58272683439573
HIST1H2BE	SRR8928983	87.16586754885793
HIST1H2BE	SRR8928984	62.34552076797135
HIST1H2BE	SRR8928985	58.9742115852495
HIST1H2BE	SRR8928986	67.60387329265693
HIST1H2BE	SRR8928987	69
HIST1H2BE	SRR8928988	140
HIST1H2BE	SRR8928989	71.2140873487111
HIST1H2BE	SRR8928990	90.95104936053575
HIST1H2BE	SRR8928991	45.79838446953389
HIST1H2BE	SRR9835604	44.6273827190403
HIST1H2BE	SRR9835605	67.37041379337465
HIST1H2BE	SRR9835606	44.09358493119767
HIST1H2BE	SRR9835607	44.394689359764726
HIST1H2BE	SRR9835608	52.756496611475406
HIST1H2BE	SRR9835609	37
HIST1H2BE	SRR9835610	29.133564933703532
HIST1H2BE	SRR9835611	67.07237685434589
HIST1H2BE	SRR9835612	52.13824680281794
HIST1H2BE	SRR9835613	44.25992391756698
HIST1H2BE	SRR9835614	37.36568618739136
HIST1H2BE	SRR9835615	38.4475261760003
HIST1H2BE	SRR9835616	44.325221056000224
HIST1H2BE	SRR9835617	37.850544976773314
HIST1H2BE	SRR9835618	60.31945517022681
HIST1H2BE	SRR9835619	60
HIST1H2BE	SRR9835620	37.17351242834779
HIST1H2BE	SRR9835621	37.241099295792324
HIST1H2BE	SRR9835622	29.079270848412563
HIST1H2BE	SRR9835623	44.00791828144589
HIST1H2BE	SRR9835624	29.63553263261801
HIST1H2BE	SRR9835625	44.135414816895235
HIST1H2BE	SRR9835626	67.5034787124852
HIST1H2BE	SRR9835627	52.106216750435536
HIST1H2BE	SRR9835628	82.58586649614334
HIST1H2BE	SRR9835629	44.88089910880043
HIST1H2BE	SRR9835630	39.04838999358514
HIST1H2BE	SRR9835631	39.97190746353266
HIST1H2BE	SRR9835632	44.100107511379655
HIST1H2BE	SRR9835633	60.443111112526225
HIST1H2BE	SRR9835634	67.4152932599645
HIST1H2BE	SRR9835635	75.7329090409782
HIST1H2BE	SRR9835636	60.1188811530124
HIST1H2BE	SRR9835637	60.26577771140156
HIST1H2BE	SRR9835638	67.64021423746536
HIST1H2BE	SRR9835639	44.45289687097764
HIST1H2BE	SRR9835640	29.48017241535545
HIST1H2BE	SRR9835641	44.167193997421315
HIST1H2BE	SRR9835642	52.29870796518254
HIST1H2BE	SRR9835643	75.28625114491722
HIST1H2BE	SRR9835644	67.21623901594981
HIST1H2BE	SRR9835645	38.07820269797307
HIST1H2BE	SRR9835646	44.40430979007591
HIST1H2BE	SRR9835647	60.144199160354205
HIST1H2BE	SRR9835648	29.86334949538248
HIST1H2BE	SRR9835649	44.49969519006523
HIST1H2BE	SRR9835650	52.197288382274046
HIST1H2BE	SRR9835651	37.02664140995033
HIST1H2BE	SRR9835652	68.03982422727996
HIST1H2BE	SRR9835653	82.22665937291943
HIST1H2BE	SRR9835654	37.37170454838855
HIST1H2BE	SRR9835655	44.224357482953344
HIST1H2BE	SRR9835656	52.13754139821039
HIST1H2BE	SRR9835657	37.54855597300987
HIST1H2BE	SRR9835658	82.1649832386068
HIST1H2BE	SRR9835659	52.30564391835248
HIST1H2BE	SRR9835660	29.215647377922494
HIST1H2BE	SRR9835661	67.26875091191977
HIST1H2BE	SRR9835662	60.71499071870638
HIST1H2BE	SRR9835663	61.19390352820515
HIST1H2BE	SRR9835664	67.11565888066423
HIST1H2BE	SRR9835665	37.15067565067821
HIST1H2BE	SRR9835666	44
HIST1H2BE	SRR9835667	52.427266380837764
HIST1H2BE	SRR9835668	52
HIST1H2BE	SRR9835669	61.58539570856233
HIST1H2BE	SRR9835670	29.393860392090815
HIST1H2BE	SRR9835671	37.49271806303039
HIST1H2BE	SRR9835672	44.07595508580934
HIST1H2BE	SRR9835673	61.353006873040776
HIST1H2BE	SRR9835674	82.03815120787148
HIST1H2BE	SRR9835675	75.39931896278351
HIST1H2BE	SRR9835676	31.575498660769078
HIST1H2BE	SRR9835677	44.11562911476444
HIST1H2BE	SRR9835678	29.17094400406227
HIST1H2BE	SRR9835679	57.867467415075616
HIST1H2BE	SRR9835680	37.89375037897959
HIST1H2BE	SRR9835681	29.08713398799365
HIST1H2BE	SRR9835682	39.22748325065199
HIST1H2BE	SRR9835683	44.27408365498649
HIST1H2BE	SRR9835684	29.72405959957694
HIST1H2BE	SRR9835685	60.30041033128633
HIST1H2BE	SRR9835686	44.58241163555181
HIST1H2BE	SRR9835687	44.20379128746413
HIST1H2BE	SRR9835688	44
HIST1H2BE	SRR9835689	52.37708328340377
HIST1H2BE	SRR9835690	52.104047831693876
HIST1H2BE	SRR9835691	60.52852952754377
HIST1H2BE	SRR9835692	44.78650480102862
HIST1H2BE	SRR9835693	52.20715479939351
HIST1H2BE	SRR9835694	52.528269677037
HIST1H2BE	SRR9835695	37.18832735540426
HIST1H2BE	SRR9835696	52.501359891880035
HIST1H2BE	SRR9835697	29.145507197876334
HIST1H2BE	SRR9835698	75.0698050298065
HIST1H2BE	SRR9835699	44.06937205612554
HIST1H2BE	SRR9835700	37.08111560824729
HIST1H2BE	SRR9835701	75.20936751248979
HIST1H2BE	SRR9835702	105
HIST1H2BE	SRR9835703	29.030840892455817
HIST1H2BE	SRR9835704	75.34150152014695
HIST1H2BE	SRR9835705	67.26463726943477
HIST1H2BE	SRR9835706	31.28063499835901
HIST1H2BE	SRR9835707	52.05617308098487
HIST1H2BE	SRR9835708	52.052285472326716
HIST1H2BE	SRR9835709	37.01331830798426
HIST1H2BE	SRR9835710	52.74115977816064
HIST1H2BE	SRR9835711	75.02699657023835
HIST1H2BE	SRR9835712	67.16787558597741
HIST1H2BE	SRR9835713	60.11439141300547
HIST1H2BE	SRR9835714	29.044834370803944
HIST1H2BE	SRR9835715	37.18411603736063
HIST1H2BE	SRR9835716	67.19707129613305
HIST1H2BE	SRR9835717	37.126717657147736
HIST1H2BE	SRR9835718	29.446861631466483
HIST1H2BE	SRR9835719	29.247697654369137
HIST1H2BE	SRR9835720	82.51018884116885
HIST1H2BE	SRR9835721	44.648909790300806
HIST1H2BE	SRR9835722	45.00212073723927
HIST1H2BE	SRR9835723	75
HIST1H2BE	SRR9835724	97.66988565336908
HIST1H2BE	SRR9835725	29.794472407059878
HIST1H2BE	SRR9835726	44.03168167669769
HIST1H2BE	SRR9835727	60.406104093431864
HIST1H2BE	SRR9835728	54.11072810821904
HIST1H2BE	SRR9835729	52.16799553503759
HIST1H2BE	SRR9835730	37.14173062187352
HIST1H2BE	SRR9835731	78.82581330771302
HIST1H2BE	SRR9835732	67.31512864227024
HIST1H2BE	SRR9835733	44.196435718714376
HIST1H2BE	SRR9835734	60.15318342833688
HIST1H2BE	SRR9835735	52.09365550929557
HIST1H2BE	SRR9835736	37.443047602159176
HIST1H2BE	SRR9835737	44.09182041403996
HIST1H2BE	SRR9835738	37.0660184673891
HIST1H2BE	SRR9835739	53.40734643596099
HIST1H2BE	SRR9835740	38.10714481884596
HIST1H2BE	SRR9835741	60.31660021780992
HIST1H2BE	SRR9835742	76.40146511928408
HIST1H2BE	SRR9835743	45.505326859256144
HIST1H2BE	SRR9835744	44.255877047377965
HIST1H2BE	SRR9835745	53.16098402279932
HIST1H2BE	SRR9835746	29.313030975149584
HIST1H2BE	SRR9835747	37.194099495446856
HIST1H2BE	SRR9835748	38.125816694009735
HIST1H2BE	SRR9835749	44
HIST1H2BE	SRR9835750	52.43150481209838
HIST1H2BE	SRR9835751	37.297776822994116
HIST1H2BE	SRR9835752	30.173180855379456
HIST1H2BE	SRR9835753	52.545401278888946
HIST1H2BE	SRR9835754	29.039608375526768
HIST1H2BE	SRR9835755	60.865016551356476
HIST1H2BE	SRR9835756	30.34578363729127
HIST1H2BE	SRR9835757	75.2997997295893
HIST1H2BE	SRR9835758	67.38394229911262
HIST1H2BE	SRR9835759	82.53372457198617
HIST1H2BE	SRR9835760	44
HIST1H2BE	SRR9835761	67.01205738311079
HIST1H2BE	SRR9835762	48.50436762521959
HIST1H2BE	SRR9835763	52.15072596950376
HIST1H2BE	SRR9835764	52.13484527990613
HIST1H2BE	SRR9835765	458.51454831149954
HIST1H2BE	SRR9835766	45.134566146023005
HIST1H2BE	SRR9835767	38.36777162933315
HIST1H2BE	SRR9835768	44
HIST1H2BE	SRR9835769	60
HIST1H2BE	SRR9835770	53.034655063211105
HIST1H2BE	SRR9835771	37.20028967235762
HIST1H2BE	SRR9835772	60.750455042209616
HIST1H2BE	SRR9835773	67
HIST1H2BE	SRR9835774	38.299460005270205
HIST1H2BE	SRR9835775	44.22147226577665
HIST1H2BE	SRR9835776	67.21234534101431
HIST1H2BE	SRR9835777	67.16398471261898
HIST1H2BE	SRR9835778	60.24883833833516
HIST1H2BE	SRR9835779	37.25893013356276
HIST1H2BE	SRR9835780	37.057202473094684
HIST1H2BE	SRR9835781	45.10983987965164
HIST1H2BE	SRR9835782	52.25788210956904
HIST1H2BE	SRR9835783	52
HIST1H2BE	SRR9835784	82.33117093099195
HIST1H2BE	SRR9835785	54.282610117029506
HIST1H2BE	SRR9835786	44.42352499931889
HIST1H2BE	SRR9835787	52.146035151286505
HIST1H2BE	SRR9835788	44.07266344805599
HIST1H2BE	SRR9835789	82
HIST1H2BE	SRR9835790	37.262227932635966
HIST1H2BE	SRR9835791	61.62756824788912
HIST1H2BE	SRR9835792	51.62612118747919
HIST1H2BE	SRR9835793	90.17832172951861
HIST1H2BE	SRR9835794	90.01619648477569
HIST1H2BE	SRR9835795	30.64662400364162
HIST1H2BE	SRR9835796	37.210114442833245
HIST1H2BE	SRR9835797	67
HIST1H2BE	SRR9835798	75.11595095897572
HIST1H2BE	SRR9835799	60.11787389673552
HIST1H2BE	SRR9835800	75.08536838146362
HIST1H2BE	SRR9835801	60.300163802094744
HIST1H2BE	SRR9835802	52.20626480463377
HIST1H2BE	SRR9867812	1
HIST1H2BE	SRR9867813	36.16278593188362
HIST1H2BE	SRR9867814	0.9788453221167839
HIST1H2BE	SRR9867815	73
HIST1H2BE	SRR9867816	81.04373837915
HIST1H2BE	SRR9867817	1.0163129057733336
HIST1H2BE	SRR9867818	46.0131213324415
HIST1H2BE	SRR9867819	1.0422191398357938
HIST1H2BE	SRR9867820	207.4847981433869
HIST1H2BE	SRR9867821	97
HIST1H2BE	SRR9867822	1.0131332467646033
HIST1H2BE	SRR9867823	36.00647859391027
HIST1H2BE	SRR9867824	223.26136230988277
HIST1H2BE	SRR9867825	7.014131272050581
HIST1H2BE	SRR9867826	0.5553764032249933
HIST1H2BE	SRR9867827	13
HIST1H2BE	SRR9867828	1.0149613015451313
HIST1H2BE	SRR9867829	120.69655238201447
HIST1H2BE	SRR9867830	40.08047962858868
HIST1H2BE	SRR9867831	46.13392544604203
HIST1H2BE	SRR9879292	0.5354692422405893
HIST1H2BE	SRR9879293	1.015288110518979
HIST1H2BE	SRR9879294	1.0204975926045814
HIST1H2BE	SRR9879295	1.0201804361038371
HIST1H2BE	SRR9879296	1.0125162691935943
HIST1H2BE	SRR9879297	1.0160326211514135
HIST1H2BE	SRR9879298	1.0114727203258032
HIST1H2BE	SRR9879299	1.004672692112038
HIST1H2BE	SRR9879300	1.0154291543241525
HIST1H2BE	SRR9879301	1.002412783311024
HIST1H2BE	SRR9879302	1.0113873374009947
HIST1H2BE	SRR9879303	1.0055495224370705
HIST1H2BE	SRR9879304	1.0171630497984254
HIST1H2BE	SRR9879305	1.0111215743846396
HIST1H2BE	SRR9879306	1
HIST1H2BE	SRR9879307	0.7814476713667206
HIST1H2BE	SRR9879308	1.012128691075505
HIST1H2BE	SRR9879309	1.0114738899666313
HIST1H2BE	T50_307	298.8512302276073
HIST1H2BE	T50_313	1.0171338971063077
HIST1H2BE	T50_317	1.017912202260729
HIST1H2BE	T50_324	27.327956117466286
HIST1H2BE	T50_427	1.0173634427914857
HIST1H2BE	T50_428	26.20383866969885
HIST1H2BE	T50_431	19.11751107649973
HIST1H2BE	T50_436	42.36604761443259
HIST1H2BE	T50_476	64.53444469264365
HIST1H2BE	UN_307	1.0133098244040084
HIST1H2BE	UN_313	1.0145310136075893
HIST1H2BE	UN_317	1.008356876549466
HIST1H2BE	UN_324	1.0221880902289606
HIST1H2BE	UN_427	1.0090657297142456
HIST1H2BE	UN_428	1.0107927868178097
HIST1H2BE	UN_431	1.010700365800461
HIST1H2BE	UN_436	1.0085902616518891
HIST1H2BE	UN_476	1.0102367475941127
