Gene	sample	counts
IGFBP2	CM317	540.592773250089
IGFBP2	CMCD140	3039.9670344531364
IGFBP2	CMCD147	1189.354693148593
IGFBP2	CMCD152	3525
IGFBP2	CMCD154	3503.669154549819
IGFBP2	CMCD159	1832.8940876724673
IGFBP2	CMCD161	9262.290616406304
IGFBP2	CMCD174	3538.259645128136
IGFBP2	CMCD196	40321.6463057842
IGFBP2	CMCD198	1596.3730624543164
IGFBP2	CMCD203	549.7421460061756
IGFBP2	CMCD211	1753.8059105412406
IGFBP2	CMCD227	1839.3177254780312
IGFBP2	CMCD240	9108.60164046595
IGFBP2	CMCD259	4165
IGFBP2	CMCD270	13965.843921991342
IGFBP2	CMCD275	5561.485577424677
IGFBP2	CMCD282	11355.498067165927
IGFBP2	CMCD286	4561.254465714972
IGFBP2	CMCD287	6287
IGFBP2	CMCD294	4946.991322712024
IGFBP2	CMCD327	964.8786234306457
IGFBP2	CMCD335	1778.238814856391
IGFBP2	CMCD337	1129.4453326774442
IGFBP2	CMCD357	528.5504280813924
IGFBP2	CMCD398	811.6851165166573
IGFBP2	CMCD403	1558.0331371108418
IGFBP2	CMCD422	1390.8965166974422
IGFBP2	CMCD426	137.63950742300932
IGFBP2	CMCD71	8540.685833044707
IGFBP2	CMCD72	178.47032847554098
IGFBP2	CMCD76	5247.870871129312
IGFBP2	CMCD88	7563.360864643041
IGFBP2	CMSA256	2984
IGFBP2	CMSA316	976.7661178271954
IGFBP2	CMUC110	1991
IGFBP2	CMUC192	4889.480459888402
IGFBP2	CMUC199	3451.4510333398175
IGFBP2	CMUC200	8857.576590647186
IGFBP2	CMUC208	9055.071545352816
IGFBP2	CMUC231	2038
IGFBP2	CMUC234	1723
IGFBP2	CMUC285	1121.095466475288
IGFBP2	CMUC291	2992.5046408425055
IGFBP2	CMUC295	7092.378311454137
IGFBP2	CMUC299	3735.8543907124763
IGFBP2	CMUC301	4785.582724289808
IGFBP2	CMUC307	2761.5819258890906
IGFBP2	CMUC313	314.2672338252072
IGFBP2	CMUC314	192.7309022943639
IGFBP2	CMUC323	333.577583631558
IGFBP2	CMUC324	1148.0324475356892
IGFBP2	CMUC331	823.3274179134798
IGFBP2	CMUC333	439.75476672048325
IGFBP2	CMUC334	805.7224398267185
IGFBP2	CMUC346	5811.605731494401
IGFBP2	CMUC352	692.0955905625316
IGFBP2	CMUC360	957.2049489987338
IGFBP2	CMUC363	1953.6474712406136
IGFBP2	CMUC365	754.907795963203
IGFBP2	CMUC366	2230.280177268629
IGFBP2	CMUC368	959
IGFBP2	CMUC377	2482.0331812595973
IGFBP2	CMUC379	157.83482979075808
IGFBP2	CMUC380	968.838447719745
IGFBP2	CMUC383	488.64391334882987
IGFBP2	CMUC394	546.9450787157725
IGFBP2	CMUC419	1568.082430595943
IGFBP2	CMUC427	1626
IGFBP2	CMUC428	634.9391991917652
IGFBP2	CMUC431	1482.7109162046584
IGFBP2	CMUC435	815.9686180507099
IGFBP2	CMUC439	1040.5327507908928
IGFBP2	CMUC89	3409
IGFBP2	CS219	21967.635238691528
IGFBP2	CS256	2545.75859676632
IGFBP2	CS257	1665.489418421848
IGFBP2	CS259	10007.280090896078
IGFBP2	CS261	9500.262974781695
IGFBP2	CS266	12879.820985422772
IGFBP2	CS270	13026.833487665517
IGFBP2	CS277	1973.8440379456586
IGFBP2	CS288	16088.206066548828
IGFBP2	CS290	18170.050713579614
IGFBP2	CS292	9740.711797728467
IGFBP2	CS293	11189.080115320097
IGFBP2	CS301	7477.956796915277
IGFBP2	CS306	6408.5845784943
IGFBP2	CS308	209.18188964884067
IGFBP2	CS315	232.00789485272577
IGFBP2	CS317	35.280374311228776
IGFBP2	CS322	718.335963227315
IGFBP2	CS327	408.9069649501397
IGFBP2	CS328	288.58304166387455
IGFBP2	CS330	89.0821946570944
IGFBP2	CS331	896.1428626950019
IGFBP2	CS335	65.58922811142483
IGFBP2	CS338	490.0183726208999
IGFBP2	CS339	53.55367954528125
IGFBP2	CS343	703.5360645355846
IGFBP2	CS344	825.1397097867931
IGFBP2	CS350	802.1206248265627
IGFBP2	CS351	1091.8989273682473
IGFBP2	CS361	148.3573818397771
IGFBP2	CS388	479.37635952791885
IGFBP2	CS396	153.60956167642706
IGFBP2	CS405	421.8598571480848
IGFBP2	CS415	1263.5051174674845
IGFBP2	CS424	1200.89203910277
IGFBP2	IM293	8367.92300355083
IGFBP2	IM296	1386.9956659998447
IGFBP2	IM297	543.9608225051832
IGFBP2	IM300	6212
IGFBP2	IM305	5010.031599341852
IGFBP2	IM309	420.66095371380175
IGFBP2	IM310	497.5682732180235
IGFBP2	IM311	1852.5614655707104
IGFBP2	IM316	620.106180584151
IGFBP2	IM320	445.34949711331785
IGFBP2	IM330	622.2330995549345
IGFBP2	IM332	139.95629605547822
IGFBP2	IM340	359.27347610977847
IGFBP2	IM348	225.5979971904495
IGFBP2	IM354	1770.5379799876278
IGFBP2	IM356	296.34214345976767
IGFBP2	IM364	934.4513377430395
IGFBP2	IM372	264.3303369682521
IGFBP2	IM374	146.64439105579072
IGFBP2	IM376	765.6300486120291
IGFBP2	IM381	1000.1636752219027
IGFBP2	IM382	540.1224876201607
IGFBP2	IM385	1880
IGFBP2	IM390	735.5919154550245
IGFBP2	IM397	867.5461118166146
IGFBP2	IM404	2735.8197081564804
IGFBP2	IM409	834.6939596624883
IGFBP2	IM412	468
IGFBP2	IM421	1391.3140829021388
IGFBP2	IM425	1.0520033799095727
IGFBP2	IM432	473.9331621543031
IGFBP2	IM438	872
IGFBP2	IM442	1029.4386566258875
IGFBP2	IM445	1014.3213285322171
IGFBP2	IM448	370.91692587521305
IGFBP2	IM449	1171.6710849785472
IGFBP2	IM451	2628.369533670172
IGFBP2	IMSA256	3731.0702091851836
IGFBP2	IMSA276	1392
IGFBP2	IMSA286	5865
IGFBP2	IMSA343	1204.7556747674348
IGFBP2	IS_238	2646
IGFBP2	IS238	10081.933624222913
IGFBP2	IS243	3148
IGFBP2	IS253	3857
IGFBP2	IS283	4902
IGFBP2	IS322	2111.5545604057984
IGFBP2	IS399	458.1577335528409
IGFBP2	IS418	388.33431201247123
IGFBP2	IS430	48.684236790819895
IGFBP2	IS437	410.0801440813769
IGFBP2	IS444	93.30132962939902
IGFBP2	R276CMSA	676.3150650393238
IGFBP2	R286CMSA	5870
IGFBP2	R292CMSA	4942.413038354761
IGFBP2	R292IMSA	4044.4665035957273
IGFBP2	R308CMSA	109.91864253569393
IGFBP2	R316IMSA	500.45368746603344
IGFBP2	R347CMSA	20.206456154744032
IGFBP2	R347IMSA	208.1908367733639
IGFBP2	R371CMSA	1945.714225175978
IGFBP2	SRR10104064	107.61679814337899
IGFBP2	SRR10104065	638.7193555206469
IGFBP2	SRR10104066	868.9847982022865
IGFBP2	SRR10104067	1510.0323481948521
IGFBP2	SRR10104068	1291.9874352084892
IGFBP2	SRR10104069	1956.1583599535268
IGFBP2	SRR10104070	491.01926843045027
IGFBP2	SRR10104071	6.963631745113406
IGFBP2	SRR10104072	200.06895961939878
IGFBP2	SRR10104073	264.29747189859035
IGFBP2	SRR10104074	232.3143366814007
IGFBP2	SRR10104075	119.70504723187373
IGFBP2	SRR10104076	200.39267787304442
IGFBP2	SRR10104077	132.09333331898017
IGFBP2	SRR10104078	290.5581988889125
IGFBP2	SRR10104079	161.2470560881782
IGFBP2	SRR10104080	128.97458863412461
IGFBP2	SRR10104081	478.46255816975594
IGFBP2	SRR10104082	134.19917861162816
IGFBP2	SRR10104083	334.9076342956017
IGFBP2	SRR10104084	1545.1742260629694
IGFBP2	SRR10104085	221.821159984763
IGFBP2	SRR10104086	727.597001248531
IGFBP2	SRR10104087	2003.3904158523164
IGFBP2	SRR10104088	482.35624898539555
IGFBP2	SRR10104089	394.8914732751469
IGFBP2	SRR10104090	450.5472486756171
IGFBP2	SRR10104091	386.61402958955995
IGFBP2	SRR10104092	876.0148110023177
IGFBP2	SRR10104093	306.1521028076553
IGFBP2	SRR10104094	173.71577149496702
IGFBP2	SRR10104095	231.89355317713424
IGFBP2	SRR10104096	379.2328483779034
IGFBP2	SRR10104097	133.9532368951259
IGFBP2	SRR10104098	285.24401250092905
IGFBP2	SRR10104099	367.6644642977081
IGFBP2	SRR10104100	324.1551923757697
IGFBP2	SRR10104101	911.0519996402601
IGFBP2	SRR10104102	1229.548803068403
IGFBP2	SRR10104103	312.46810837767066
IGFBP2	SRR10104104	419.40051198359447
IGFBP2	SRR10104105	162.1252783240606
IGFBP2	SRR10104106	118.69786632415305
IGFBP2	SRR10104107	1852.5712388381924
IGFBP2	SRR10104108	1019.9463597603968
IGFBP2	SRR10104109	130.85239047299385
IGFBP2	SRR10104110	93.99867887032873
IGFBP2	SRR10104111	2276.0933259202707
IGFBP2	SRR10104112	80.69023775060438
IGFBP2	SRR10104113	875.284300264206
IGFBP2	SRR10104114	195.8586217932664
IGFBP2	SRR10104115	147.60463851328845
IGFBP2	SRR10104116	876.1127545649603
IGFBP2	SRR10104117	838.3508483037056
IGFBP2	SRR10104118	349.865972329952
IGFBP2	SRR10104119	136.82916495783837
IGFBP2	SRR10104120	248.55107270705335
IGFBP2	SRR10104121	204.4554214196364
IGFBP2	SRR10104122	339.92365979872545
IGFBP2	SRR10104123	177.45588501665898
IGFBP2	SRR10104124	175.27694893336889
IGFBP2	SRR10104125	387.13249879986057
IGFBP2	SRR10104126	118.49783781658962
IGFBP2	SRR10104127	58.10607392577909
IGFBP2	SRR10104128	470.1509511428332
IGFBP2	SRR10104129	249.38987104171153
IGFBP2	SRR10104130	372.73059676789563
IGFBP2	SRR10104131	1532.1635053780224
IGFBP2	SRR10104132	933.6868562258703
IGFBP2	SRR10104133	81.46378991954806
IGFBP2	SRR10104134	326.543893269269
IGFBP2	SRR10104135	66.04836481921902
IGFBP2	SRR10104136	661.7905929306427
IGFBP2	SRR10104137	58.71024012972007
IGFBP2	SRR10104138	51.406563053745344
IGFBP2	SRR10104139	371.16791215349866
IGFBP2	SRR10104140	93.66911671055712
IGFBP2	SRR10104141	159.9869919777451
IGFBP2	SRR10104142	248.1114658363714
IGFBP2	SRR10104143	539.3754441640131
IGFBP2	SRR10104144	81.57881820098683
IGFBP2	SRR10104145	172.09954492168808
IGFBP2	SRR10104146	832.9378451648133
IGFBP2	SRR10104147	748.2769730588839
IGFBP2	SRR10104148	197.7097388581299
IGFBP2	SRR10104149	273.20044239135905
IGFBP2	SRR10104150	365.1973742000821
IGFBP2	SRR10104151	813.1783762971871
IGFBP2	SRR10104152	337.8888828162368
IGFBP2	SRR10104153	60.606136223446505
IGFBP2	SRR10104154	234.95982506338177
IGFBP2	SRR10104155	98.99658786822718
IGFBP2	SRR10104156	356.44084925046803
IGFBP2	SRR10104157	181.4623829755077
IGFBP2	SRR10104158	481.6833368856582
IGFBP2	SRR10104159	460.73321247156696
IGFBP2	SRR10104160	58.48155296742211
IGFBP2	SRR10104161	641.1048012481358
IGFBP2	SRR10104162	825.4534374561227
IGFBP2	SRR10104163	600.547607169597
IGFBP2	SRR10104164	118.27761660669348
IGFBP2	SRR10104165	533.6722667950879
IGFBP2	SRR10104166	165.47865574961028
IGFBP2	SRR10104167	185.08733233520826
IGFBP2	SRR10104168	1258.0012266943884
IGFBP2	SRR10104169	189.56720694496008
IGFBP2	SRR10104170	430.56598011984596
IGFBP2	SRR10104171	261.11424857283833
IGFBP2	SRR10104172	386.6574434217629
IGFBP2	SRR10104173	290.54649698004056
IGFBP2	SRR10104174	635.8059503302452
IGFBP2	SRR10104175	159.50652224135104
IGFBP2	SRR10104176	218.81311083506674
IGFBP2	SRR10104177	252.23121425901329
IGFBP2	SRR10104178	251.29636626996952
IGFBP2	SRR10104179	516.2878686674924
IGFBP2	SRR10104180	258.55339645386823
IGFBP2	SRR10104181	412.76014540293244
IGFBP2	SRR10104182	320.8916596249232
IGFBP2	SRR10104183	227.33964444044375
IGFBP2	SRR10104184	335.9989841228233
IGFBP2	SRR10104185	70.19806160951674
IGFBP2	SRR10104186	216.9185046922414
IGFBP2	SRR10104187	77.54278888111087
IGFBP2	SRR10104188	113.81747863162238
IGFBP2	SRR10104189	375.08291597989125
IGFBP2	SRR10104190	28.642356017438548
IGFBP2	SRR10104191	61.427245605770224
IGFBP2	SRR10104192	243.17455296741255
IGFBP2	SRR10104193	200.68958302267836
IGFBP2	SRR10104194	134.53150773027895
IGFBP2	SRR10104195	512.6020915195353
IGFBP2	SRR10104196	606.6980459786055
IGFBP2	SRR10104197	350.8055834785601
IGFBP2	SRR10104198	333.39992532445467
IGFBP2	SRR10104199	191.5637807840724
IGFBP2	SRR10104200	1840.8374748454635
IGFBP2	SRR10104201	595.197972518536
IGFBP2	SRR10104202	110.88027807669724
IGFBP2	SRR10104203	285.3156503078963
IGFBP2	SRR10104204	157.7959310550493
IGFBP2	SRR10104205	303.9520405130137
IGFBP2	SRR10104206	932.0620696370215
IGFBP2	SRR10104207	218.93706608128727
IGFBP2	SRR10104208	1016.6174818042996
IGFBP2	SRR10104209	310.018344071032
IGFBP2	SRR10104210	285.31277157498187
IGFBP2	SRR10104211	245.52189471083176
IGFBP2	SRR10104212	811.9471871674069
IGFBP2	SRR10104213	461.6897754697534
IGFBP2	SRR10104214	483.05801191543895
IGFBP2	SRR10104215	332.5249192455057
IGFBP2	SRR10104216	248.18979991938355
IGFBP2	SRR10104217	994.1664910281274
IGFBP2	SRR10104218	77.64543067673021
IGFBP2	SRR10104219	224.3668117356796
IGFBP2	SRR10104220	581.7357086498314
IGFBP2	SRR10104221	79.36825430216203
IGFBP2	SRR10104222	304.17457128981744
IGFBP2	SRR10104223	47.065309029878534
IGFBP2	SRR10104224	491.1594661253191
IGFBP2	SRR10104225	202.15763505102484
IGFBP2	SRR10104226	825.9170380777275
IGFBP2	SRR10104227	214.98772314717945
IGFBP2	SRR10104228	186.8583133935844
IGFBP2	SRR10104229	44.598214333512544
IGFBP2	SRR10104230	30.83262601052091
IGFBP2	SRR10104231	279.7822331551771
IGFBP2	SRR10104232	552.1415465680543
IGFBP2	SRR10104233	113.61221731038653
IGFBP2	SRR10104234	88.00886158253462
IGFBP2	SRR10104235	163.84574653360966
IGFBP2	SRR10104236	675.2269694588991
IGFBP2	SRR10104237	117.12646458877241
IGFBP2	SRR10104238	460.23046554974263
IGFBP2	SRR10104239	106.11784078973197
IGFBP2	SRR10104240	481.4991609859863
IGFBP2	SRR10104241	433.70495802045303
IGFBP2	SRR10104242	207.44989978006163
IGFBP2	SRR10104243	52.29803595115351
IGFBP2	SRR10104244	48.85704292690037
IGFBP2	SRR10104245	63.487568396008555
IGFBP2	SRR10104246	21.01020393281618
IGFBP2	SRR10104247	316.92864139258575
IGFBP2	SRR10104248	66.59331776593031
IGFBP2	SRR10104249	158.1859763198486
IGFBP2	SRR10104250	109.5362870292424
IGFBP2	SRR10104251	169.54996915200442
IGFBP2	SRR10104252	51.90657061654512
IGFBP2	SRR10104253	52.61689802275998
IGFBP2	SRR10104254	175.2891851078352
IGFBP2	SRR10104255	196.92018919338557
IGFBP2	SRR10104256	254.25798228478578
IGFBP2	SRR10104257	201.27831987272498
IGFBP2	SRR10104258	157.7112790055914
IGFBP2	SRR10224277	1.0244173062905177
IGFBP2	SRR10224278	1.0926635070500108
IGFBP2	SRR10224279	1.089250843220296
IGFBP2	SRR10224280	1.0227917534671278
IGFBP2	SRR10224281	6.096661558861023
IGFBP2	SRR10224282	1.0501757282099426
IGFBP2	SRR10224283	1.042245924204279
IGFBP2	SRR10224284	1.1092008744415571
IGFBP2	SRR10224285	1.1279661106950958
IGFBP2	SRR10224286	3.0762672837233622
IGFBP2	SRR10224287	1.033803410459708
IGFBP2	SRR10224288	1.0962707234129587
IGFBP2	SRR10224289	1.0935047184878017
IGFBP2	SRR10224290	1.095529172881304
IGFBP2	SRR10224291	1.0312113499898703
IGFBP2	SRR10224292	1.0118581905327977
IGFBP2	SRR10224293	1.0306192603558113
IGFBP2	SRR10224294	1.0580047935764523
IGFBP2	SRR10224295	1.0860783600082067
IGFBP2	SRR10224296	1.0547229540206002
IGFBP2	SRR10224297	1.1274808217665389
IGFBP2	SRR10224298	1.0332224020270313
IGFBP2	SRR10318388	1478.7689926861988
IGFBP2	SRR10318389	8372.19353695579
IGFBP2	SRR10318390	1740.147501377295
IGFBP2	SRR10318391	4708.145793350825
IGFBP2	SRR10318392	1088.8806208138208
IGFBP2	SRR10318393	1105.0948218599563
IGFBP2	SRR10318394	3685.941322879678
IGFBP2	SRR10318395	1563.877123120526
IGFBP2	SRR10318396	1477.6536608611761
IGFBP2	SRR10318397	6721.891715711249
IGFBP2	SRR10318398	2657.0688744899244
IGFBP2	SRR10318399	2199.9750989552263
IGFBP2	SRR10318400	752.9635289492643
IGFBP2	SRR10318401	4949.781728325431
IGFBP2	SRR10318402	1460.1194721421807
IGFBP2	SRR10318403	6594.562609975735
IGFBP2	SRR10318404	904.5588055110417
IGFBP2	SRR10318405	3532.4692973514702
IGFBP2	SRR10318406	1031.6556819766931
IGFBP2	SRR10318407	8221.89313758299
IGFBP2	SRR10318408	1659.9694661915717
IGFBP2	SRR10318409	8903.981820238496
IGFBP2	SRR10318410	1475.9615736012431
IGFBP2	SRR10318411	8492.772697900058
IGFBP2	SRR10318412	1657.9629155423718
IGFBP2	SRR10318413	1827.95017779859
IGFBP2	SRR10318414	10550.828677883075
IGFBP2	SRR10318415	4053.087149958785
IGFBP2	SRR10318416	10625.17424727578
IGFBP2	SRR10318417	1714.1805017284144
IGFBP2	SRR10318418	2322.6707634587915
IGFBP2	SRR10318419	6521.87841493962
IGFBP2	SRR10318420	1401.5196934135483
IGFBP2	SRR10318421	6916.655079717754
IGFBP2	SRR10318422	5740.95543527352
IGFBP2	SRR10318423	2734.0164204931298
IGFBP2	SRR10318424	9335.440885845368
IGFBP2	SRR10318425	1700.956277623158
IGFBP2	SRR10318426	1391.0836134211982
IGFBP2	SRR10318427	722.4278818981417
IGFBP2	SRR10318428	697.9189323748507
IGFBP2	SRR10318429	1167.6330967633587
IGFBP2	SRR10318430	2778.692240118176
IGFBP2	SRR10318431	698.5793359865337
IGFBP2	SRR10318432	942.5797881626473
IGFBP2	SRR10318433	127.50020383966563
IGFBP2	SRR10318434	10051.533372986629
IGFBP2	SRR10318435	1710.0962804633791
IGFBP2	SRR10318436	2675.292918053956
IGFBP2	SRR10318437	1417.0195739591802
IGFBP2	SRR10318438	3548.466882062252
IGFBP2	SRR10318439	5813.740664210018
IGFBP2	SRR10318440	2231.567320698778
IGFBP2	SRR10318441	8950.643836529229
IGFBP2	SRR10318442	1369.1105773125776
IGFBP2	SRR10318443	6182.049382655509
IGFBP2	SRR10318444	3598.2903238714184
IGFBP2	SRR10318445	3995.5727700689013
IGFBP2	SRR10318446	6194.370327647948
IGFBP2	SRR10318447	1997.6137800703066
IGFBP2	SRR10318448	7039.32464331561
IGFBP2	SRR10318449	1269.6440105588324
IGFBP2	SRR10318450	4588.681854298814
IGFBP2	SRR10318451	4525
IGFBP2	SRR10318452	6378.661201607992
IGFBP2	SRR10318453	1117.7052102209436
IGFBP2	SRR10318454	9292.941702824794
IGFBP2	SRR10318455	1629.74812811325
IGFBP2	SRR10318456	2921.038838790767
IGFBP2	SRR10318457	2535.91450437502
IGFBP2	SRR10318458	2491.2249318752815
IGFBP2	SRR10318459	1051.735885814111
IGFBP2	SRR10318460	5872.200823890441
IGFBP2	SRR10318461	3024.5900355330236
IGFBP2	SRR10318462	4349.80615978466
IGFBP2	SRR10318463	3174.7938257798205
IGFBP2	SRR10318464	5405.281993450023
IGFBP2	SRR10318465	2610.3475354603993
IGFBP2	SRR10318466	2097.471710860113
IGFBP2	SRR10318467	5402.2026105316845
IGFBP2	SRR10318468	1869.018211757856
IGFBP2	SRR10318469	5418.973520862086
IGFBP2	SRR10318470	3061
IGFBP2	SRR10318471	5331
IGFBP2	SRR10318472	1688.3965309439523
IGFBP2	SRR10318473	751.9022506547782
IGFBP2	SRR10318474	3227.428124246166
IGFBP2	SRR10318475	1209.8167823220679
IGFBP2	SRR10318476	4494.008787072935
IGFBP2	SRR10318495	889.9603436345299
IGFBP2	SRR10318496	6359.509546014722
IGFBP2	SRR10318497	1284.9910641429965
IGFBP2	SRR10318498	967.8704243827477
IGFBP2	SRR10318499	926.9310836033565
IGFBP2	SRR10318500	1421.0975875101176
IGFBP2	SRR10318501	868.169672138551
IGFBP2	SRR10318502	1627.8785474429264
IGFBP2	SRR10318503	518.9329529579828
IGFBP2	SRR10318504	2452.0897540093315
IGFBP2	SRR10318505	1259.6798348067882
IGFBP2	SRR10318506	724.5345591628912
IGFBP2	SRR10318507	6834.874148783327
IGFBP2	SRR10318508	3481.5804404819414
IGFBP2	SRR10318509	1205.1917816283667
IGFBP2	SRR10318510	5939.7196303888695
IGFBP2	SRR10318511	2513.1636213251277
IGFBP2	SRR10318512	1618.2330954150448
IGFBP2	SRR10318513	6863.613686651746
IGFBP2	SRR10318514	558.55630013867
IGFBP2	SRR10318515	3378.8363027563732
IGFBP2	SRR10318516	6212.595138557938
IGFBP2	SRR10318517	1459.8262725249322
IGFBP2	SRR10318518	2265.132371449542
IGFBP2	SRR10318519	4752.321935193046
IGFBP2	SRR10318520	838.658392084523
IGFBP2	SRR10318521	922.3260919556635
IGFBP2	SRR10318522	1051.4340963552795
IGFBP2	SRR10318523	4442.048071208004
IGFBP2	SRR10318524	4381.369259137217
IGFBP2	SRR10318525	1416.7273568661196
IGFBP2	SRR10318526	1377.920673944316
IGFBP2	SRR10318527	4221.519007018745
IGFBP2	SRR10318528	1262.1931512843034
IGFBP2	SRR10318529	8932.204966291907
IGFBP2	SRR10318530	4438.718119707265
IGFBP2	SRR10318531	301.6664752225072
IGFBP2	SRR10318532	5022.111668402517
IGFBP2	SRR10318533	6285.460569891348
IGFBP2	SRR10318534	545.4156765009757
IGFBP2	SRR10318535	1141.4193110643105
IGFBP2	SRR10318536	5502.224097506675
IGFBP2	SRR10318537	1859.9483659187194
IGFBP2	SRR10318538	2140.91434319551
IGFBP2	SRR10318539	5265.728831053543
IGFBP2	SRR10318540	1298.036243877381
IGFBP2	SRR10318541	1828.876328454617
IGFBP2	SRR10318542	8875.740149520803
IGFBP2	SRR10318543	2135.156621428806
IGFBP2	SRR10318544	7828.352150127079
IGFBP2	SRR10318545	1305.1680282019458
IGFBP2	SRR10318546	3461.980135768682
IGFBP2	SRR10318547	3324.088540894994
IGFBP2	SRR10318548	954.5979038475667
IGFBP2	SRR10318549	6527.572244813558
IGFBP2	SRR10318568	1817.7123770022708
IGFBP2	SRR10318569	8120.697136356706
IGFBP2	SRR10318570	10933.055876671273
IGFBP2	SRR10318571	9270.645498406726
IGFBP2	SRR10318572	6317.874086643129
IGFBP2	SRR10318573	6641.757106487339
IGFBP2	SRR10318574	956.3189236789586
IGFBP2	SRR10318575	1329.2142248754612
IGFBP2	SRR10318576	7928.000089808862
IGFBP2	SRR10318577	1485.290645328709
IGFBP2	SRR10318578	2442.196313850987
IGFBP2	SRR10318579	7779.4478386603805
IGFBP2	SRR10318580	1140.555653093965
IGFBP2	SRR10318581	2407
IGFBP2	SRR10875803	12.16725140863493
IGFBP2	SRR10875804	13.264796849138525
IGFBP2	SRR10875805	5.194067188592751
IGFBP2	SRR10875806	1.7262824469655849
IGFBP2	SRR10875807	13.449668401953284
IGFBP2	SRR10875808	6.362534365445396
IGFBP2	SRR10875809	7.587131487156832
IGFBP2	SRR10875810	3.614585563367108
IGFBP2	SRR10875812	17
IGFBP2	SRR10875813	5.667338018522131
IGFBP2	SRR10875814	4.015989318911429
IGFBP2	SRR10875815	5
IGFBP2	SRR10875816	8
IGFBP2	SRR10875817	24.551387040731733
IGFBP2	SRR10875818	12.281430863633743
IGFBP2	SRR10875819	5
IGFBP2	SRR10875820	4.961424287106293
IGFBP2	SRR10875821	10.424082187771722
IGFBP2	SRR10875822	13.771613677194116
IGFBP2	SRR10875823	6
IGFBP2	SRR10875824	5.429105795472711
IGFBP2	SRR10875825	1.0017568823143634
IGFBP2	SRR10875826	21.887653173569376
IGFBP2	SRR10875827	10.840869332725392
IGFBP2	SRR10875829	0.7509930762994443
IGFBP2	SRR10875830	3
IGFBP2	SRR10875831	17.060719740994966
IGFBP2	SRR10875832	45
IGFBP2	SRR10875834	8.026690319362919
IGFBP2	SRR10875835	25
IGFBP2	SRR10875836	4.687587133657166
IGFBP2	SRR10875837	33.7135425473562
IGFBP2	SRR10875838	39
IGFBP2	SRR10875839	7.3865865433252935
IGFBP2	SRR10875840	8.122515331036162
IGFBP2	SRR10875841	31.118317139899116
IGFBP2	SRR10875842	6.930808109926466
IGFBP2	SRR10875843	45.757625832133165
IGFBP2	SRR10875844	7.198902798605924
IGFBP2	SRR10875845	2.7014320126775657
IGFBP2	SRR10875846	4.271118488181475
IGFBP2	SRR10875847	11.541461856395472
IGFBP2	SRR10875848	17
IGFBP2	SRR10875849	6.727407090388827
IGFBP2	SRR10875850	9.001619648477568
IGFBP2	SRR10875851	27.00859188012565
IGFBP2	SRR10875852	14.52322248069771
IGFBP2	SRR10875853	12.026307764836957
IGFBP2	SRR10875854	17.609841116532298
IGFBP2	SRR10875855	20.408318210449192
IGFBP2	SRR10875856	4.714364477053328
IGFBP2	SRR10875857	13.308195305409786
IGFBP2	SRR10875858	3.7227957787422676
IGFBP2	SRR10875859	3
IGFBP2	SRR10875860	1.3052133398920522
IGFBP2	SRR10875861	4.7206850351244425
IGFBP2	SRR10875862	3.4780870685541334
IGFBP2	SRR10875863	1.0054141363639215
IGFBP2	SRR10875864	44
IGFBP2	SRR10875865	13.486013202349476
IGFBP2	SRR10875866	8.146694157920198
IGFBP2	SRR10875867	1.9158804606407667
IGFBP2	SRR10875868	9.824314864922338
IGFBP2	SRR10875869	6
IGFBP2	SRR10875870	5.392735457571034
IGFBP2	SRR10875871	39.00701847673613
IGFBP2	SRR10875872	2.91530711147194
IGFBP2	SRR10875873	35.35018973143937
IGFBP2	SRR10875874	4.671688685738097
IGFBP2	SRR10875875	29.566064260531313
IGFBP2	SRR10875876	13
IGFBP2	SRR10875877	5.637643411755975
IGFBP2	SRR10875878	4.031673885867307
IGFBP2	SRR10875879	14
IGFBP2	SRR10875880	23.091938583740717
IGFBP2	SRR10875881	10.881348676370553
IGFBP2	SRR10875882	75
IGFBP2	SRR10875883	79.50858491992615
IGFBP2	SRR10875884	3.88596266671949
IGFBP2	SRR10875885	41.07509970566959
IGFBP2	SRR10875886	40.300999591196295
IGFBP2	SRR10875887	3
IGFBP2	SRR10875888	3.0846643901486686
IGFBP2	SRR10875889	81.18082607026489
IGFBP2	SRR10875890	21.046038588464675
IGFBP2	SRR10875891	24
IGFBP2	SRR10875892	10.92513950977416
IGFBP2	SRR10875893	44
IGFBP2	SRR10875894	21.258743161609402
IGFBP2	SRR10875895	52
IGFBP2	SRR10875896	4.040317851830565
IGFBP2	SRR10875897	21.05361419991791
IGFBP2	SRR10875898	17.97019733214109
IGFBP2	SRR10875899	6.272531022768667
IGFBP2	SRR10875900	25.09338839777402
IGFBP2	SRR10875901	32.07015403956522
IGFBP2	SRR10875902	65.29967513065314
IGFBP2	SRR12430469	381
IGFBP2	SRR12430470	226.46027451658395
IGFBP2	SRR12430471	146.47073586733828
IGFBP2	SRR12430472	96.98868667389758
IGFBP2	SRR12430473	158
IGFBP2	SRR12430474	223.0246358306351
IGFBP2	SRR12430475	172.91600914012068
IGFBP2	SRR12430476	148
IGFBP2	SRR12765534	592
IGFBP2	SRR12765535	804.1076034100245
IGFBP2	SRR12765536	388.7961077044439
IGFBP2	SRR12765537	672.7992667221317
IGFBP2	SRR12765538	805.6473882046416
IGFBP2	SRR12765539	858.850818148123
IGFBP2	SRR12765540	846.637574210818
IGFBP2	SRR12765541	1319.3966212318435
IGFBP2	SRR12765542	1295
IGFBP2	SRR12765543	1823.1489082085325
IGFBP2	SRR12765544	1813.6638437761026
IGFBP2	SRR12765545	2076.0913084083277
IGFBP2	SRR12765546	1085.8027271121894
IGFBP2	SRR12765547	699.5838802900734
IGFBP2	SRR12765548	5022.614139482252
IGFBP2	SRR12765549	320.41957830223623
IGFBP2	SRR12765550	2644.879789112525
IGFBP2	SRR12765551	295.96199921122513
IGFBP2	SRR12765552	451.9794204938639
IGFBP2	SRR12765553	2421.788080905207
IGFBP2	SRR12765554	756.3345079667663
IGFBP2	SRR12765555	798.1983013661935
IGFBP2	SRR12765556	3638.0500590706274
IGFBP2	SRR12765557	686.1210896831566
IGFBP2	SRR12765558	2631.8925859795627
IGFBP2	SRR12765559	1987.782542723381
IGFBP2	SRR12765560	592.0127091596432
IGFBP2	SRR12765561	840.3791086036686
IGFBP2	SRR12765562	542.2681592306011
IGFBP2	SRR12765563	1013.3387756870981
IGFBP2	SRR12765564	246.51335958758702
IGFBP2	SRR12765565	1379.843633930125
IGFBP2	SRR12765566	265.8735418987843
IGFBP2	SRR12765567	307.0052894558012
IGFBP2	SRR12765568	618.2907704615401
IGFBP2	SRR12765569	355.0295212664418
IGFBP2	SRR12765570	1480.467759357346
IGFBP2	SRR12765571	1241.7248096697083
IGFBP2	SRR12765572	167.09294548984582
IGFBP2	SRR12765573	119.96859600015208
IGFBP2	SRR12765574	534.6852108882498
IGFBP2	SRR12765575	308.20579890736064
IGFBP2	SRR12765576	637.4471598198606
IGFBP2	SRR12765577	109.79204902779507
IGFBP2	SRR12765578	895.3187754993255
IGFBP2	SRR12765579	737.1281861565129
IGFBP2	SRR12765580	889.9832319367267
IGFBP2	SRR12765581	673.5416620434654
IGFBP2	SRR12765582	2436.447362300831
IGFBP2	SRR12765583	784.8029695482007
IGFBP2	SRR12765584	1062.0267665147499
IGFBP2	SRR12765585	1161.6344707575834
IGFBP2	SRR12765586	422.21620152466943
IGFBP2	SRR12765587	118.37132787060489
IGFBP2	SRR12765588	446.0792752893598
IGFBP2	SRR12765589	147.62681026857928
IGFBP2	SRR12765590	572.2934195041248
IGFBP2	SRR12765591	877.689253534735
IGFBP2	SRR12765592	823.3919193870321
IGFBP2	SRR12765593	1207.006720150246
IGFBP2	SRR12765594	494.22097442012335
IGFBP2	SRR12765595	369.2768832236334
IGFBP2	SRR12765596	692.0386999098005
IGFBP2	SRR12765597	358.87684231302296
IGFBP2	SRR12765598	855.0917569787932
IGFBP2	SRR12765599	1325.0472064406244
IGFBP2	SRR12765600	520.4530349663156
IGFBP2	SRR12765601	390.3228685698396
IGFBP2	SRR12765602	807.9377863665569
IGFBP2	SRR12765603	994.6770809046833
IGFBP2	SRR12765604	379.05974975194124
IGFBP2	SRR12765605	477.63818351542517
IGFBP2	SRR12765606	400.2421141275417
IGFBP2	SRR12765607	988.4213544512901
IGFBP2	SRR12765608	791.9524115210652
IGFBP2	SRR12765609	636.0416068683447
IGFBP2	SRR12765610	815.0756186894458
IGFBP2	SRR12765611	580.178389683276
IGFBP2	SRR12765612	383.7340768506534
IGFBP2	SRR12765613	970.7311239100945
IGFBP2	SRR12765614	416.94051183799485
IGFBP2	SRR12765615	415.773377238113
IGFBP2	SRR12765616	553.367794612085
IGFBP2	SRR12765617	404.4042656593158
IGFBP2	SRR12765618	1080.4808070332565
IGFBP2	SRR12765619	549.7084996178195
IGFBP2	SRR12765620	334.6561031807277
IGFBP2	SRR12765621	1600.123605604542
IGFBP2	SRR12765622	717.3287134165544
IGFBP2	SRR12765623	2941
IGFBP2	SRR12765624	1473.8169885955056
IGFBP2	SRR12765625	939.6930807450321
IGFBP2	SRR12765626	1512.4543912463407
IGFBP2	SRR12765627	1483.8007903244377
IGFBP2	SRR12765628	1437.4137287635529
IGFBP2	SRR12765629	1626.7356597659946
IGFBP2	SRR12765630	4026.060910021427
IGFBP2	SRR12765631	1375.183685477402
IGFBP2	SRR12765632	2355.369841243511
IGFBP2	SRR12765633	1285.3549320877903
IGFBP2	SRR12765634	803.3471472542764
IGFBP2	SRR12765635	443.00866818942205
IGFBP2	SRR12765636	804.702405410041
IGFBP2	SRR12765637	480.4271621559379
IGFBP2	SRR12765638	628
IGFBP2	SRR12765639	221.65263709513087
IGFBP2	SRR12765640	278.39450894944866
IGFBP2	SRR12765641	142.63174761424537
IGFBP2	SRR12765642	2549.2240764804487
IGFBP2	SRR12765643	613.4569189192441
IGFBP2	SRR12765644	1788.3706249584568
IGFBP2	SRR12765645	486.4971223621639
IGFBP2	SRR12765646	900.0943300523318
IGFBP2	SRR12765647	243.87570892077787
IGFBP2	SRR12765648	522.1257463198101
IGFBP2	SRR12765649	635.9755963607605
IGFBP2	SRR12765650	524.2841312941382
IGFBP2	SRR12765651	700.2176231368258
IGFBP2	SRR12765652	488.1123901835863
IGFBP2	SRR12774664	61.32355419675958
IGFBP2	SRR12774665	16.21448416068681
IGFBP2	SRR12774666	9.095899428255152
IGFBP2	SRR12774667	29.43288971196483
IGFBP2	SRR12774668	2.106208896297857
IGFBP2	SRR12774669	5.092062036995122
IGFBP2	SRR12774670	5.244547872751272
IGFBP2	SRR12774671	14.676792987223518
IGFBP2	SRR12774672	11.068032728499844
IGFBP2	SRR12774673	2.0284285213348263
IGFBP2	SRR12774674	3.072661105096474
IGFBP2	SRR12774675	2.0687685884010354
IGFBP2	SRR12774676	61.39916740500718
IGFBP2	SRR12774677	24.261195004601475
IGFBP2	SRR12774678	1.043754043143823
IGFBP2	SRR12774679	13.302422180301248
IGFBP2	SRR12774680	31.435514320932725
IGFBP2	SRR12774681	39.33952994068758
IGFBP2	SRR12774682	10.105892215554412
IGFBP2	SRR12774683	19.135501572384698
IGFBP2	SRR12774684	61.32245584520078
IGFBP2	SRR12774685	41.30210058971163
IGFBP2	SRR12774686	14.251660374627079
IGFBP2	SRR12774687	33.96720157510057
IGFBP2	SRR1609360	189.92391969116247
IGFBP2	SRR1609361	283.15074715522945
IGFBP2	SRR1609362	274.5014055351096
IGFBP2	SRR1609363	193.415905802845
IGFBP2	SRR1609364	410.48753602631115
IGFBP2	SRR1609365	410.7982146416418
IGFBP2	SRR1609366	386.1834714602883
IGFBP2	SRR1609367	546.456602926197
IGFBP2	SRR1609368	189.04454075266278
IGFBP2	SRR1609369	483.43476212706014
IGFBP2	SRR1609370	291.6072668292188
IGFBP2	SRR1609371	662.3635319348239
IGFBP2	SRR1609372	286.205930898535
IGFBP2	SRR1609373	213.5894556207362
IGFBP2	SRR1609374	363.9539401968066
IGFBP2	SRR1609375	201.3051399972401
IGFBP2	SRR1609376	292.63346526474226
IGFBP2	SRR1609377	193.01494298817295
IGFBP2	SRR1609378	436.4675351157495
IGFBP2	SRR1609379	387.6970131172574
IGFBP2	SRR1609380	577.0114939205871
IGFBP2	SRR1609381	351.25273337547475
IGFBP2	SRR1609382	616.673483215637
IGFBP2	SRR1609383	101.04290785566081
IGFBP2	SRR1609384	180.7258350124332
IGFBP2	SRR1609385	375.7364835629219
IGFBP2	SRR1609386	256.684272279302
IGFBP2	SRR1609387	221.62610528000113
IGFBP2	SRR1609388	217.72536035296554
IGFBP2	SRR1609389	225.56754054684947
IGFBP2	SRR1609390	134.7056053909456
IGFBP2	SRR1609391	138.27128662333553
IGFBP2	SRR1609392	243.70527734608623
IGFBP2	SRR1609393	587.166928563924
IGFBP2	SRR1609394	348.38979305627186
IGFBP2	SRR1609395	160.87707465628293
IGFBP2	SRR1609396	217.2344145879561
IGFBP2	SRR1609397	285.08321482373265
IGFBP2	SRR1609398	236.08344085697672
IGFBP2	SRR1609399	195.74282144326875
IGFBP2	SRR1609400	345.7563482390625
IGFBP2	SRR1609401	266.81414072511654
IGFBP2	SRR1609402	481.13847066509516
IGFBP2	SRR1609403	222.70359202545038
IGFBP2	SRR1609404	804.4968844074143
IGFBP2	SRR1609405	76.50166642224724
IGFBP2	SRR1609406	372.4604197848661
IGFBP2	SRR1609407	120.2757373182196
IGFBP2	SRR1609408	260.00848282364876
IGFBP2	SRR1609409	388.08204052983945
IGFBP2	SRR1609410	193
IGFBP2	SRR1609411	626.2758761460235
IGFBP2	SRR1609412	903
IGFBP2	SRR1609413	365.92492732088
IGFBP2	SRR1609414	877.4198338183518
IGFBP2	SRR1609415	847.1524269178334
IGFBP2	SRR1609416	1391.6475729839326
IGFBP2	SRR1609417	1323.8249006782692
IGFBP2	SRR1609418	595.857153827702
IGFBP2	SRR1609419	377.8327176603189
IGFBP2	SRR1609420	389.8130045394707
IGFBP2	SRR1609421	970.2091524539925
IGFBP2	SRR1609422	2621.5218106837633
IGFBP2	SRR1609423	750.3664363796426
IGFBP2	SRR1609424	264.2926258067752
IGFBP2	SRR1609425	401.649946759314
IGFBP2	SRR1609426	573.6952605027452
IGFBP2	SRR1609427	696.5643528390526
IGFBP2	SRR1609428	203.7433143829484
IGFBP2	SRR1609429	619.7801918726111
IGFBP2	SRR1609430	794.242239280906
IGFBP2	SRR1609431	130.9522033887915
IGFBP2	SRR1609432	542.8139966640864
IGFBP2	SRR1609433	1017.298896728095
IGFBP2	SRR1609434	1703.175584003427
IGFBP2	SRR1609435	302.34797808916846
IGFBP2	SRR1609436	1113.5965722156911
IGFBP2	SRR1609437	434.11830040339083
IGFBP2	SRR1609438	609.0471751103394
IGFBP2	SRR1609439	972.0839008428956
IGFBP2	SRR1609440	173.4363756204665
IGFBP2	SRR1609441	642.4532521760674
IGFBP2	SRR1609442	675.83305406561
IGFBP2	SRR1609443	824.051220278972
IGFBP2	SRR1609444	656.3542268731161
IGFBP2	SRR1609445	1522.321272554285
IGFBP2	SRR1609446	743.0873635125773
IGFBP2	SRR1609447	66.62716201929742
IGFBP2	SRR1609448	509.4554987891292
IGFBP2	SRR1609449	967.3914489528275
IGFBP2	SRR1609450	651.3277093804443
IGFBP2	SRR1609451	381.8485173902923
IGFBP2	SRR1609452	127.59032715855965
IGFBP2	SRR1609453	1752.2036435418563
IGFBP2	SRR1609454	262.130544363551
IGFBP2	SRR1609455	53.81982331719511
IGFBP2	SRR1609456	600.8898649635779
IGFBP2	SRR1609457	469.06083163225475
IGFBP2	SRR1609458	74.43002259232243
IGFBP2	SRR1609459	1820.0555679688155
IGFBP2	SRR1609460	1200.4637867585645
IGFBP2	SRR1609461	887.4903140890342
IGFBP2	SRR1609462	539.9874840276716
IGFBP2	SRR1609463	881.6366553641634
IGFBP2	SRR1609464	935.2756098521199
IGFBP2	SRR1609465	334.95460725284164
IGFBP2	SRR1609466	63.9311795326597
IGFBP2	SRR1609467	230.72363477344715
IGFBP2	SRR1609468	1057.7587695020663
IGFBP2	SRR1609469	2636.4743770429855
IGFBP2	SRR1609470	629.0210818966816
IGFBP2	SRR1609471	745.5671593245928
IGFBP2	SRR1609472	414.17647660277964
IGFBP2	SRR1609473	549.8930316872949
IGFBP2	SRR1609474	491.25099799808453
IGFBP2	SRR1609475	1169.925252155843
IGFBP2	SRR1609476	1048.6401338164278
IGFBP2	SRR1609477	1464.2172655945485
IGFBP2	SRR1609478	1136.550981247848
IGFBP2	SRR1609479	706.2616619199572
IGFBP2	SRR1609480	2016
IGFBP2	SRR1609481	755.798513341525
IGFBP2	SRR1609482	893.236099309867
IGFBP2	SRR1609483	987.4457528896708
IGFBP2	SRR1609484	937.3478643687224
IGFBP2	SRR1609485	1499.3483926839256
IGFBP2	SRR1609486	1128.6497888584631
IGFBP2	SRR1609487	153.59542300012617
IGFBP2	SRR1609488	714.0271439985739
IGFBP2	SRR1609489	386.84623310225544
IGFBP2	SRR1609490	298.8194267575526
IGFBP2	SRR1609491	434.52689904938154
IGFBP2	SRR1609492	635
IGFBP2	SRR1609493	1456.4812461672564
IGFBP2	SRR1609494	600.5431208986024
IGFBP2	SRR1609495	982.1877722081431
IGFBP2	SRR1609496	806.6652565816496
IGFBP2	SRR1609497	439.3951564674522
IGFBP2	SRR1609498	678.2440489949547
IGFBP2	SRR1609499	545.1410113712832
IGFBP2	SRR1609500	880.5173754642366
IGFBP2	SRR1609501	858.100131153264
IGFBP2	SRR1609502	120.53826253064844
IGFBP2	SRR1609503	30.172379033748516
IGFBP2	SRR1609504	497
IGFBP2	SRR1609505	885
IGFBP2	SRR1609506	199.85990553432947
IGFBP2	SRR1609507	870.2288213348136
IGFBP2	SRR1609508	1124.606937508205
IGFBP2	SRR1609509	551.4675996328801
IGFBP2	SRR1609510	2179.143139017422
IGFBP2	SRR1609511	1176.9671310343438
IGFBP2	SRR1609512	540.7817244708801
IGFBP2	SRR1609513	756.4133166979823
IGFBP2	SRR1609514	276.0392256173848
IGFBP2	SRR1609515	566.1194641908668
IGFBP2	SRR1609516	1631.7892663036776
IGFBP2	SRR1609517	718.8153551132004
IGFBP2	SRR1609518	680.1005332907088
IGFBP2	SRR1609519	1632.7365087195699
IGFBP2	SRR1609520	317.2113718651607
IGFBP2	SRR1609521	450.7275239480358
IGFBP2	SRR1609522	158.72844857640905
IGFBP2	SRR1609523	2574.128851230409
IGFBP2	SRR1609524	335.51633612951287
IGFBP2	SRR1609525	1176.456968044851
IGFBP2	SRR1609526	255.0932433368524
IGFBP2	SRR1609527	261
IGFBP2	SRR1609528	1232.576288349441
IGFBP2	SRR1609529	447.0439407192268
IGFBP2	SRR1609530	840.0088584371143
IGFBP2	SRR1609531	769.9100036385422
IGFBP2	SRR1609532	1477.5712186139226
IGFBP2	SRR1609533	533.6484898710913
IGFBP2	SRR1609534	1901.4516527191172
IGFBP2	SRR1609535	1212.3543984485416
IGFBP2	SRR1609536	892.5027401865939
IGFBP2	SRR1609537	271.0376834770168
IGFBP2	SRR1609538	645
IGFBP2	SRR1609539	580.5741071612449
IGFBP2	SRR1609540	667
IGFBP2	SRR1609541	819.6859566020698
IGFBP2	SRR1609542	557.3021631290973
IGFBP2	SRR1609543	865.7383599775154
IGFBP2	SRR1609544	512.9813825613794
IGFBP2	SRR1609545	193.45403518120338
IGFBP2	SRR1609546	1448
IGFBP2	SRR1609547	1429.352962219065
IGFBP2	SRR1609548	532.4125654530737
IGFBP2	SRR1609549	358.79705784859976
IGFBP2	SRR1609550	1146
IGFBP2	SRR1609551	283.1671086066905
IGFBP2	SRR1609552	758.3706583552126
IGFBP2	SRR1609553	638.6632936248358
IGFBP2	SRR1609554	386.46242613903195
IGFBP2	SRR1609555	621.1285376853695
IGFBP2	SRR1609556	167.6356578713786
IGFBP2	SRR1609557	915.7369364972743
IGFBP2	SRR1609558	383.6404452804036
IGFBP2	SRR1609559	813.1475272794889
IGFBP2	SRR1609560	350.47834065796275
IGFBP2	SRR1609561	873.2118984844952
IGFBP2	SRR1609562	832.8226138733896
IGFBP2	SRR1609563	546.4286597950141
IGFBP2	SRR1609564	724.6516931262764
IGFBP2	SRR1609565	212.13067216749806
IGFBP2	SRR1609566	1099.6714517617906
IGFBP2	SRR1609567	76.74479042681004
IGFBP2	SRR1609568	539
IGFBP2	SRR1609569	551
IGFBP2	SRR1609570	790.8046057154816
IGFBP2	SRR1609571	454.73414408626434
IGFBP2	SRR1609572	742.7024483831698
IGFBP2	SRR1609573	554.7879997687344
IGFBP2	SRR1609574	678.4488388862594
IGFBP2	SRR1609575	378.8583872395257
IGFBP2	SRR1609576	418.66122214129024
IGFBP2	SRR1609577	360.50829229721734
IGFBP2	SRR1609578	1160.045421931864
IGFBP2	SRR1609579	908.0446472150358
IGFBP2	SRR1609580	1220.2989569981926
IGFBP2	SRR1609581	204.1936308662896
IGFBP2	SRR1609582	458.7665010881366
IGFBP2	SRR1609583	676.3511773699737
IGFBP2	SRR1609584	1167.3439691826452
IGFBP2	SRR1609585	664.5865504677024
IGFBP2	SRR1609586	225.29557317526832
IGFBP2	SRR1609587	849.0721167682566
IGFBP2	SRR1609588	260.44515183103186
IGFBP2	SRR1609589	784.0550447214952
IGFBP2	SRR1609590	1143.3260365865356
IGFBP2	SRR1609591	993.2381234868689
IGFBP2	SRR1609592	1010.8723528953668
IGFBP2	SRR1609593	1899.4573488205374
IGFBP2	SRR1609594	1287.8183744819892
IGFBP2	SRR1609595	1064.25415180286
IGFBP2	SRR1609596	901.3625130493915
IGFBP2	SRR1609597	529.2179929978881
IGFBP2	SRR1609598	965.8848463756535
IGFBP2	SRR1609599	1416.4291096187037
IGFBP2	SRR1609600	322.6637817049529
IGFBP2	SRR1609601	1542.245607578256
IGFBP2	SRR1609602	293.13052874259654
IGFBP2	SRR1609603	428
IGFBP2	SRR1609604	773.3745497993567
IGFBP2	SRR1609605	938.0443884071119
IGFBP2	SRR1609606	960.1984180609056
IGFBP2	SRR1609607	902.4648563804188
IGFBP2	SRR1609608	948.5791866906062
IGFBP2	SRR1609609	265.33139086371347
IGFBP2	SRR1609610	1179
IGFBP2	SRR1609611	304.12334424505235
IGFBP2	SRR1609612	1278.988417540878
IGFBP2	SRR1609613	285.2352334066627
IGFBP2	SRR1609614	636.1511931816171
IGFBP2	SRR1609615	731.3104440835735
IGFBP2	SRR1609616	694
IGFBP2	SRR1609617	2378
IGFBP2	SRR1609618	822.6240065092135
IGFBP2	SRR1609619	1041.7742371726315
IGFBP2	SRR1609620	96.1916257604934
IGFBP2	SRR1609621	326.7621673113759
IGFBP2	SRR1609622	250.54425971529676
IGFBP2	SRR1609623	221.12328275203095
IGFBP2	SRR1609624	28.36282029518796
IGFBP2	SRR1609625	480.7420861374446
IGFBP2	SRR1609626	1536.710082099293
IGFBP2	SRR1609627	294.58200576908047
IGFBP2	SRR1609628	533.0142705286486
IGFBP2	SRR1609629	488.72244219765633
IGFBP2	SRR1609630	286.7983881142944
IGFBP2	SRR1609631	680
IGFBP2	SRR1609632	375
IGFBP2	SRR1609633	316.12910520911834
IGFBP2	SRR1609634	367.0244232458529
IGFBP2	SRR1609635	1574.2932588412543
IGFBP2	SRR1609636	270.78382006430206
IGFBP2	SRR1609637	228.92465223202956
IGFBP2	SRR1609638	186.4265223285583
IGFBP2	SRR1609639	235.29464596167216
IGFBP2	SRR1609640	913.1643043400022
IGFBP2	SRR1609641	252.04535015737193
IGFBP2	SRR1609642	558
IGFBP2	SRR1609643	655.6290601352371
IGFBP2	SRR1609644	480.5018636356297
IGFBP2	SRR1609645	1127.5623307955236
IGFBP2	SRR1609646	808.8900101532041
IGFBP2	SRR1609647	952.2823330163671
IGFBP2	SRR1609648	770.7893479101211
IGFBP2	SRR1609649	522.2100095215803
IGFBP2	SRR1609650	1283.4688556590995
IGFBP2	SRR1609651	347.17454144290485
IGFBP2	SRR1609652	958.3715592489448
IGFBP2	SRR1609653	121.89353468457249
IGFBP2	SRR1609654	586.480969323663
IGFBP2	SRR1609655	1316.9347398748635
IGFBP2	SRR1609656	218.07736127241333
IGFBP2	SRR1609657	200.54448403845112
IGFBP2	SRR1609658	403.93965285802295
IGFBP2	SRR1609659	294.32612428286393
IGFBP2	SRR1609660	860.3614540978225
IGFBP2	SRR1609661	495.7282520674356
IGFBP2	SRR1609662	433.0153267522308
IGFBP2	SRR1609663	881.3369026860955
IGFBP2	SRR1609664	275.9777800244477
IGFBP2	SRR1609665	330
IGFBP2	SRR1609666	159.61160239737183
IGFBP2	SRR1609667	329.94859406978816
IGFBP2	SRR1609668	137.36609023971
IGFBP2	SRR1609669	188.55955680580692
IGFBP2	SRR1746771	382.49255784335793
IGFBP2	SRR1746772	416.8857263195729
IGFBP2	SRR1746773	156.0615475013496
IGFBP2	SRR1746774	1439.6164437249158
IGFBP2	SRR1746775	798.332046648468
IGFBP2	SRR1746776	904.4527849732161
IGFBP2	SRR1746777	1035.2481892783528
IGFBP2	SRR1746778	701.6847221657765
IGFBP2	SRR1746779	772.0864853570001
IGFBP2	SRR1746780	294.835076697489
IGFBP2	SRR1746781	867.3220494102594
IGFBP2	SRR1746782	850.7813875852518
IGFBP2	SRR1746783	721
IGFBP2	SRR1746784	370.8193571148137
IGFBP2	SRR1782685	960.2527847510928
IGFBP2	SRR1782686	158.7364379642232
IGFBP2	SRR1782687	849.2493474466766
IGFBP2	SRR1782688	335.5292106819637
IGFBP2	SRR1782689	790.8898391366316
IGFBP2	SRR1782690	948.8428262395474
IGFBP2	SRR1782691	450.77681337759554
IGFBP2	SRR1782692	367.00931142827477
IGFBP2	SRR1782693	824.2276435426814
IGFBP2	SRR1782694	292.6318988376093
IGFBP2	SRR1782695	351.25273337547475
IGFBP2	SRR1782696	347.1662670753071
IGFBP2	SRR1782697	509.45717199577183
IGFBP2	SRR1782698	291.6072668292188
IGFBP2	SRR1782699	1064.1518824151078
IGFBP2	SRR1782700	938.0480210458161
IGFBP2	SRR1782701	870.3923816251914
IGFBP2	SRR1782702	358.78657855872393
IGFBP2	SRR1782703	195.75887245114123
IGFBP2	SRR1782704	576.9994332068394
IGFBP2	SRR1782705	454.74738709805763
IGFBP2	SRR1782706	491.25099799808453
IGFBP2	SRR1782707	540.0533748795394
IGFBP2	SRR1782708	626.3764657813035
IGFBP2	SRR1782709	321.113014016245
IGFBP2	SRR1782710	903
IGFBP2	SRR1782711	935.3702388788696
IGFBP2	SRR1782712	804.4003062939327
IGFBP2	SRR1782713	1169.91864695614
IGFBP2	SRR1782714	414.1681107824797
IGFBP2	SRR1782715	225.55759172475254
IGFBP2	SRR1782716	1703.0379586884737
IGFBP2	SRR1782717	286.236058787037
IGFBP2	SRR1782718	410.80545212937056
IGFBP2	SRR1782719	375.7111422161131
IGFBP2	SRR1782720	436.45987142039047
IGFBP2	SRR1782721	63.92714082706189
IGFBP2	SRR1782722	483.4266624637052
IGFBP2	SRR1782723	345.7563482390625
IGFBP2	SRR1782724	743.1804339239643
IGFBP2	SRR1782725	274.62373064932973
IGFBP2	SRR1782726	221.63588069335168
IGFBP2	SRR1782727	635
IGFBP2	SRR1782728	662.4861667380304
IGFBP2	SRR1782729	363.0871302217853
IGFBP2	SRR1782730	1901.593665693977
IGFBP2	SRR1782731	265.2501201225365
IGFBP2	SRR1782732	264.4121929718222
IGFBP2	SRR1782733	1200.482863652258
IGFBP2	SRR1782734	551.4187933902082
IGFBP2	SRR1782735	302.37804109278915
IGFBP2	SRR1782736	532.5528093069871
IGFBP2	SRR1782737	480.77799113334345
IGFBP2	SRR1782738	189.9906941819764
IGFBP2	SRR1782739	101.04534576807477
IGFBP2	SRR1782740	636.2833133343422
IGFBP2	SRR1782741	750.6677632079338
IGFBP2	SRR1782742	1146
IGFBP2	SRR1782743	651.307793964566
IGFBP2	SRR1782744	675.3717529990654
IGFBP2	SRR1782745	334.9811277617779
IGFBP2	SRR1782746	554.8237373567239
IGFBP2	SRR1782747	130.9489060910148
IGFBP2	SRR1782748	285.1143721025147
IGFBP2	SRR1782749	217.72632720198746
IGFBP2	SRR1782750	619.8454339465886
IGFBP2	SRR1782751	243.7160266204949
IGFBP2	SRR1782752	881.8251225337526
IGFBP2	SRR1782753	664.6361861831036
IGFBP2	SRR1782754	1017.3850752293737
IGFBP2	SRR1782755	286.76820103759883
IGFBP2	SRR1782756	587.4374213311713
IGFBP2	SRR1782757	542.7808023102764
IGFBP2	SRR1782758	877.5121967083859
IGFBP2	SRR1782759	383.69211809592326
IGFBP2	SRR1782760	616.6373994947352
IGFBP2	SRR1782761	84.25131931467533
IGFBP2	SRR1782762	138.35591300823168
IGFBP2	SRR1782763	189.02780984455885
IGFBP2	SRR1782764	217.24975089291314
IGFBP2	SRR1782765	222.71040176225048
IGFBP2	SRR1782766	266.81868928242017
IGFBP2	SRR1782767	180.72885229219938
IGFBP2	SRR1782768	201.29148762288875
IGFBP2	SRR1782769	410.4737811900393
IGFBP2	SRR1782770	236.09162494239888
IGFBP2	SRR1782771	256.69154175884336
IGFBP2	SRR1782772	193.0307703086671
IGFBP2	SRR1782773	481.087828246877
IGFBP2	SRR1782774	363.92675974143816
IGFBP2	SRR1782775	403.9321245373219
IGFBP2	SRR1782776	184.65843495882496
IGFBP2	SRR1782777	847.1524269178334
IGFBP2	SRR1782778	532.9744644735664
IGFBP2	SRR1782779	1542.31177993325
IGFBP2	SRR1782780	120.53496559404084
IGFBP2	SRR1782781	586.5614140479227
IGFBP2	SRR1782782	255.1320969005057
IGFBP2	SRR1782783	580.6534779077475
IGFBP2	SRR1782784	1127.760637275463
IGFBP2	SRR1782785	1450.5652845066745
IGFBP2	SRR1782786	1574.5322192405154
IGFBP2	SRR1782787	261
IGFBP2	SRR1782788	958.5440286974873
IGFBP2	SRR1782789	304.0888471646963
IGFBP2	SRR1782790	1899.5668296742326
IGFBP2	SRR1782791	513.0218129874677
IGFBP2	SRR1782792	773.2590412957267
IGFBP2	SRR1782793	1176.9623498324597
IGFBP2	SRR1782794	908.1737056159858
IGFBP2	SRR1782795	1416.4291096187037
IGFBP2	SRR1782796	317.4031913342814
IGFBP2	SRR1782797	1287.85567993663
IGFBP2	SRR1782798	660.5064228926614
IGFBP2	SRR1782799	680.1005332907088
IGFBP2	SRR1782800	1160.045421931864
IGFBP2	SRR1782801	386.13635397321116
IGFBP2	SRR1782802	213.56408472372428
IGFBP2	SRR1782803	313.14402768541214
IGFBP2	SRR1782804	546.4730354319398
IGFBP2	SRR1782805	387.6970131172574
IGFBP2	SRR1782806	165.43866773971078
IGFBP2	SRR1782807	705.9941869061009
IGFBP2	SRR1782808	387.9409188077947
IGFBP2	SRR1782809	463.13199921763004
IGFBP2	SRR1782810	2597.527195522437
IGFBP2	SRR1782811	349.07685667342105
IGFBP2	SRR1782812	718.9152747853179
IGFBP2	SRR1782813	466.903107358591
IGFBP2	SRR1782814	189.4228980638575
IGFBP2	SRR1782815	787.031909156892
IGFBP2	SRR1782816	656.3542268731161
IGFBP2	SRR1782817	540.8682376734971
IGFBP2	SRR1782818	260.4388835489187
IGFBP2	SRR1782819	966.0146842670194
IGFBP2	SRR1782820	676.238802394134
IGFBP2	SRR1782821	881.3757764122478
IGFBP2	SRR1782822	937.3092897512162
IGFBP2	SRR1782823	893.3695298418224
IGFBP2	SRR1782824	1464.2742737298702
IGFBP2	SRR1782825	600.468358077515
IGFBP2	SRR1782826	1323.9642550546043
IGFBP2	SRR1782827	742.7347835815889
IGFBP2	SRR1782828	1181
IGFBP2	SRR1782829	2016
IGFBP2	SRR1782830	250.47761724320952
IGFBP2	SRR1782831	378.9103083561876
IGFBP2	SRR1782832	609.2205655063491
IGFBP2	SRR1782833	1136.616489732033
IGFBP2	SRR1782834	2636.4743770429855
IGFBP2	SRR1782835	114.8429130340972
IGFBP2	SRR1782836	251.99053216927226
IGFBP2	SRR1782837	395.6338273472759
IGFBP2	SRR1782838	200.57042189150374
IGFBP2	SRR1782839	194.6352626920249
IGFBP2	SRR1782840	326.69754266700795
IGFBP2	SRR1782841	972.2276753386833
IGFBP2	SRR1782842	323
IGFBP2	SRR1782843	186.39507235156307
IGFBP2	SRR1782844	252.04535015737193
IGFBP2	SRR1782845	221.0787903771099
IGFBP2	SRR1782846	294.58849961785495
IGFBP2	SRR1782847	66.62179248172667
IGFBP2	SRR1782848	28.37242555871062
IGFBP2	SRR1782849	74.42293502798766
IGFBP2	SRR1782850	53.82507038700644
IGFBP2	SRR1782851	127.61044102827724
IGFBP2	SRR1782852	73.30754226416458
IGFBP2	SRR1782853	76.76444545830226
IGFBP2	SRR1782854	1099.5893271643802
IGFBP2	SRR1782855	1279.0666354768662
IGFBP2	SRR1782856	1429.5273760473226
IGFBP2	SRR1782857	675.6880289466789
IGFBP2	SRR1782858	724.7279746531642
IGFBP2	SRR1782859	401.649946759314
IGFBP2	SRR1782860	642.4532521760674
IGFBP2	SRR1782861	1752.2515707495998
IGFBP2	SRR1782862	389.7870066992059
IGFBP2	SRR1782863	173.4517265260543
IGFBP2	SRR1782864	134.71631077638423
IGFBP2	SRR1782865	794.3508207671591
IGFBP2	SRR1782866	1522.3301539162564
IGFBP2	SRR1782867	2621.6557286063803
IGFBP2	SRR1782868	1041.7742371726315
IGFBP2	SRR1782869	1113.801529714432
IGFBP2	SRR1782870	967.3914489528275
IGFBP2	SRR1782871	696.6376777107312
IGFBP2	SRR1782872	1391.7515104211604
IGFBP2	SRR1782873	573.6348759833531
IGFBP2	SRR1782874	970.2097155777633
IGFBP2	SRR1782875	202.03572408242357
IGFBP2	SRR1782876	860.3733465808283
IGFBP2	SRR1782877	1284.333215240536
IGFBP2	SRR1782878	1536.938072362725
IGFBP2	SRR1782879	218.0879356712951
IGFBP2	SRR1782880	1631.883797404088
IGFBP2	SRR1782881	360.493865639275
IGFBP2	SRR1782882	770.7105860174485
IGFBP2	SRR1782883	1632.935740002919
IGFBP2	SRR1782884	346.24913318494094
IGFBP2	SRR1782885	428
IGFBP2	SRR1782886	1176.4929412513727
IGFBP2	SRR1782887	832.7489070180415
IGFBP2	SRR1782888	822.6602905457243
IGFBP2	SRR1782889	567.4376500539494
IGFBP2	SRR1782890	495.7652763292397
IGFBP2	SRR1782891	285.2052108604282
IGFBP2	SRR1782892	880.6100644215504
IGFBP2	SRR1782893	418.6158057717524
IGFBP2	SRR1782894	892.8822524026234
IGFBP2	SRR1782895	769.8124013933048
IGFBP2	SRR1782896	386.82792346094584
IGFBP2	SRR1782897	638.7536989075347
IGFBP2	SRR1782898	557.260543229163
IGFBP2	SRR1782899	271.0158948057718
IGFBP2	SRR1782900	806.8104248210641
IGFBP2	SRR1782901	1499.4723524002657
IGFBP2	SRR1782902	1179
IGFBP2	SRR1782903	901.2951983679143
IGFBP2	SRR1782904	558
IGFBP2	SRR1782905	745.552599728312
IGFBP2	SRR1782906	915.7773275291129
IGFBP2	SRR1782907	629.0575216847601
IGFBP2	SRR1782908	617.8789068834271
IGFBP2	SRR1782909	779.6610708001025
IGFBP2	SRR1782910	539
IGFBP2	SRR1782911	1010.9336618142531
IGFBP2	SRR1782912	1049.1887151226244
IGFBP2	SRR1782913	667
IGFBP2	SRR1782914	873.3541538737974
IGFBP2	SRR1782915	551
IGFBP2	SRR1782916	1239.969529916584
IGFBP2	SRR1782917	596.922256602834
IGFBP2	SRR1782918	404.43642162919014
IGFBP2	SRR1782919	269
IGFBP2	SRR1782920	439.44141004521975
IGFBP2	SRR1782921	545.1352342099485
IGFBP2	SRR1782922	21.35464420734699
IGFBP2	SRR1782923	446.47581439324006
IGFBP2	SRR1782924	730.7269841895964
IGFBP2	SRR1782925	409.4210358052901
IGFBP2	SRR1782926	296.1582448542585
IGFBP2	SRR1782927	343.97378788909106
IGFBP2	SRR1782928	295.0996381399333
IGFBP2	SRR1782929	262.2422553834783
IGFBP2	SRR1782930	266.75518244460125
IGFBP2	SRR1782931	380.01163369898285
IGFBP2	SRR1782932	215.80235455760024
IGFBP2	SRR1782933	301.37665573613685
IGFBP2	SRR1782934	230.3399884482683
IGFBP2	SRR1782935	389.74412295073523
IGFBP2	SRR1782936	447.0015635391115
IGFBP2	SRR1782937	294.2941957847893
IGFBP2	SRR1782938	30.178738027556438
IGFBP2	SRR1782939	2574.146759392951
IGFBP2	SRR1782940	784.0790192269928
IGFBP2	SRR1782941	1220.4607953446525
IGFBP2	SRR1782942	153.60156975833857
IGFBP2	SRR1782943	758.4839428501429
IGFBP2	SRR1782944	858.106406730007
IGFBP2	SRR1782945	678.5431925753875
IGFBP2	SRR1782946	865.80301903933
IGFBP2	SRR1782947	1167.431154144467
IGFBP2	SRR1782948	645
IGFBP2	SRR1782949	808.9751591505003
IGFBP2	SRR1782950	330
IGFBP2	SRR1782951	756.4868984477002
IGFBP2	SRR1782952	194.77878342390218
IGFBP2	SRR1782953	566.0771858058015
IGFBP2	SRR1782954	137.3852073874374
IGFBP2	SRR1782955	270.86661297284314
IGFBP2	SRR1782956	98.47117200568168
IGFBP2	SRR1782957	188.57271368216897
IGFBP2	SRR1782958	235.28101590919002
IGFBP2	SRR1782959	550.1166152725325
IGFBP2	SRR1782960	885
IGFBP2	SRR1782961	321.163541324896
IGFBP2	SRR1782962	275.99883154897105
IGFBP2	SRR1782963	1317.0148926162146
IGFBP2	SRR1782964	222.07990984790553
IGFBP2	SRR1782965	330.00662274143133
IGFBP2	SRR1782966	713
IGFBP2	SRR1782967	216.86846834726782
IGFBP2	SRR1782968	239.24988626857396
IGFBP2	SRR1782969	655.7620011522199
IGFBP2	SRR1782970	96.18822048349855
IGFBP2	SRR1782971	159.63708998076157
IGFBP2	SRR1782972	160.89635243368838
IGFBP2	SRR1782973	121.94630100570433
IGFBP2	SRR1782974	503
IGFBP2	SRR1782975	311.8414042344089
IGFBP2	SRR1782976	145.41051689167386
IGFBP2	SRR1782977	913.3286382483682
IGFBP2	SRR1782978	719.8241667744381
IGFBP2	SRR1782979	525.3675410054117
IGFBP2	SRR1782980	1057.8229220594242
IGFBP2	SRR1782981	384.6754655508101
IGFBP2	SRR1782982	576.326606894727
IGFBP2	SRR1782983	480.45989362634
IGFBP2	SRR1782984	1143.4114277304325
IGFBP2	SRR1782985	346.3498092637256
IGFBP2	SRR1782986	325.9713712555712
IGFBP2	SRR1782987	147.18527981465886
IGFBP2	SRR1782988	375
IGFBP2	SRR1782989	164.8094759524
IGFBP2	SRR1782990	239.16519815153654
IGFBP2	SRR1782991	228.94248816550513
IGFBP2	SRR1782992	729.7818040415914
IGFBP2	SRR1782993	952.3887757356304
IGFBP2	SRR1782994	497
IGFBP2	SRR1782995	522.3001671688593
IGFBP2	SRR1782996	680
IGFBP2	SRR1782997	546.4453682608247
IGFBP2	SRR1782998	316.14536099169453
IGFBP2	SRR1782999	347.24612219750077
IGFBP2	SRR1783000	710.7609686290052
IGFBP2	SRR1783001	488.8661775318088
IGFBP2	SRR1783002	268.3896923675716
IGFBP2	SRR1783003	623
IGFBP2	SRR1783004	432.97874655104584
IGFBP2	SRR1783005	262.09771707627675
IGFBP2	SRR1783006	165.85234949955273
IGFBP2	SRR1813867	95.3907408222023
IGFBP2	SRR1813868	99.84894030441879
IGFBP2	SRR1813869	212.11887301889922
IGFBP2	SRR1813870	710.220148963867
IGFBP2	SRR1813871	1553.33903869196
IGFBP2	SRR1813872	2056.3593502967396
IGFBP2	SRR1813873	1043.223447696856
IGFBP2	SRR1813874	489.9365253008364
IGFBP2	SRR1813875	953
IGFBP2	SRR1813876	2488.201017355983
IGFBP2	SRR1813877	2783.04388651372
IGFBP2	SRR1813878	513.3693795487708
IGFBP2	SRR1813879	781
IGFBP2	SRR1813880	210
IGFBP2	SRR1813881	183.55628755196426
IGFBP2	SRR1813882	248.75955240412455
IGFBP2	SRR1813883	1015.837761079869
IGFBP2	SRR1813884	21.268133578867097
IGFBP2	SRR1813885	775
IGFBP2	SRR1813886	923.1620951640508
IGFBP2	SRR1813887	258.69729673279943
IGFBP2	SRR1928188	29.237173608890426
IGFBP2	SRR1928189	45.32908077301355
IGFBP2	SRR1928190	31.272650480063394
IGFBP2	SRR1928191	31.350998228417673
IGFBP2	SRR1928192	8.103190964305266
IGFBP2	SRR1928193	31.476291328827646
IGFBP2	SRR2046996	3.02576467357464
IGFBP2	SRR2046997	20.222307515480246
IGFBP2	SRR2046998	19.38462059622906
IGFBP2	SRR2046999	3.0230362270805764
IGFBP2	SRR2047000	21.224663776852086
IGFBP2	SRR2047001	19.179359443961705
IGFBP2	SRR2047002	1.0188427709986354
IGFBP2	SRR2047003	29.689618120290305
IGFBP2	SRR2047004	2.0158985823481257
IGFBP2	SRR2047005	67.54566959881475
IGFBP2	SRR2047006	1.0152138321654876
IGFBP2	SRR2047007	5.131420235895754
IGFBP2	SRR2047008	4.050069760164622
IGFBP2	SRR2047009	5.0925517975190395
IGFBP2	SRR2313973	436.4669103193692
IGFBP2	SRR2313974	1304.592379127527
IGFBP2	SRR2313975	664.7432799093074
IGFBP2	SRR2313976	1800.0167080910269
IGFBP2	SRR2313977	2804.163629646221
IGFBP2	SRR2313978	1636.9810738109384
IGFBP2	SRR2313979	423.3372905155016
IGFBP2	SRR2313980	417.4220859868554
IGFBP2	SRR2313981	1243.4411471558653
IGFBP2	SRR2313982	587.6273354971695
IGFBP2	SRR2313983	736.1532622292101
IGFBP2	SRR2313984	637.4613275693374
IGFBP2	SRR2313985	722.4389170295818
IGFBP2	SRR2313986	1431.8063046450413
IGFBP2	SRR2313987	954.169734556499
IGFBP2	SRR2313988	759.8057118641233
IGFBP2	SRR2313989	1439.0795283204811
IGFBP2	SRR2313990	1727.300170082601
IGFBP2	SRR2313991	937.2222889665165
IGFBP2	SRR2313992	1016.7155652098343
IGFBP2	SRR2313993	1029.564266920016
IGFBP2	SRR2313994	644.436481763085
IGFBP2	SRR2313995	2190.0156433726606
IGFBP2	SRR2313996	2599.7375150090556
IGFBP2	SRR2313997	1580.0304106007832
IGFBP2	SRR2313998	1142.888862439628
IGFBP2	SRR2313999	1027.462404282814
IGFBP2	SRR2314000	509.3117131962698
IGFBP2	SRR2314001	1966.6265572916059
IGFBP2	SRR2314002	545.808299133222
IGFBP2	SRR2314003	1260.773410612339
IGFBP2	SRR2314004	2780.893655004502
IGFBP2	SRR2314005	2643.8895786212406
IGFBP2	SRR2314006	188.47561387063112
IGFBP2	SRR2314007	1021.1083129069505
IGFBP2	SRR2314008	4963.535362671642
IGFBP2	SRR2314009	1783.546254760227
IGFBP2	SRR2314010	1295.4613887353137
IGFBP2	SRR2314011	500.50866880721713
IGFBP2	SRR2314012	764.5062071348991
IGFBP2	SRR2314013	2376.1442490692552
IGFBP2	SRR2314014	1401.8583249371216
IGFBP2	SRR2314015	1863.362066282481
IGFBP2	SRR2314016	1504.8460250491612
IGFBP2	SRR2314017	642.1678090525836
IGFBP2	SRR2314018	975.9900017277399
IGFBP2	SRR2314019	729.4576560379465
IGFBP2	SRR2314020	659.7497962440713
IGFBP2	SRR2314021	1238.2022925116273
IGFBP2	SRR2314022	530.4012610989971
IGFBP2	SRR2314023	516.9765599445435
IGFBP2	SRR2314024	2567.820173130976
IGFBP2	SRR2314025	1099.3132676161351
IGFBP2	SRR2314026	623.3791674793548
IGFBP2	SRR2314027	991.2658759712727
IGFBP2	SRR2314028	1636.6780658766043
IGFBP2	SRR2314029	5180.103559444558
IGFBP2	SRR2314030	611.8779051523837
IGFBP2	SRR2314031	1259.3888114910199
IGFBP2	SRR2314032	799.587884043713
IGFBP2	SRR2314033	1176.6517875457632
IGFBP2	SRR2314034	647.448435620032
IGFBP2	SRR2314035	1851.8885788561265
IGFBP2	SRR2314036	650.0421453195811
IGFBP2	SRR2314037	386.0749470471597
IGFBP2	SRR2314038	947.398114115882
IGFBP2	SRR2314039	957.2047882544076
IGFBP2	SRR2314040	1060.9834193642603
IGFBP2	SRR2314041	2458.3269944471936
IGFBP2	SRR2314042	534.1664715178597
IGFBP2	SRR2314043	1336.7884571179807
IGFBP2	SRR2314044	898.7942823659074
IGFBP2	SRR2314045	226.68552654587506
IGFBP2	SRR3493774	464
IGFBP2	SRR3493775	545
IGFBP2	SRR3493776	753.6194362686264
IGFBP2	SRR3493777	315.2032705404176
IGFBP2	SRR3493778	923
IGFBP2	SRR3493779	370.23610009133284
IGFBP2	SRR3493780	282.4000330807944
IGFBP2	SRR3493781	523
IGFBP2	SRR3493782	468.8436018450203
IGFBP2	SRR3493783	365.94305516645227
IGFBP2	SRR3493784	523.6040561734126
IGFBP2	SRR3493785	357.29466079360907
IGFBP2	SRR3493786	246.6376762036705
IGFBP2	SRR3493787	552
IGFBP2	SRR3493788	265
IGFBP2	SRR3493789	104.87613202300308
IGFBP2	SRR3493790	976
IGFBP2	SRR3493791	690.9940103212006
IGFBP2	SRR3493792	608.4377831689135
IGFBP2	SRR3493793	276.620212570603
IGFBP2	SRR3493794	420.29656019012475
IGFBP2	SRR3493795	306.0996405391842
IGFBP2	SRR3493796	432.4820848164507
IGFBP2	SRR3493797	662
IGFBP2	SRR3493798	121.31864692746456
IGFBP2	SRR3493799	369
IGFBP2	SRR3493800	232.64816413197778
IGFBP2	SRR3493801	697.1719589740214
IGFBP2	SRR3493802	766
IGFBP2	SRR3493803	439
IGFBP2	SRR3493804	228.16416868834258
IGFBP2	SRR3493805	429.0023845670029
IGFBP2	SRR3493806	657
IGFBP2	SRR3493807	699
IGFBP2	SRR3493808	690.3347028448666
IGFBP2	SRR3493809	283.9142833926084
IGFBP2	SRR3493810	633
IGFBP2	SRR3493811	951
IGFBP2	SRR3493812	1039.7481195929295
IGFBP2	SRR3493813	727.3075749951652
IGFBP2	SRR3493814	1544
IGFBP2	SRR3493815	560.2239614292107
IGFBP2	SRR3493816	407
IGFBP2	SRR3493817	733.052917222893
IGFBP2	SRR3493818	457.5738299041923
IGFBP2	SRR3493819	1267
IGFBP2	SRR3493820	333.19665511230835
IGFBP2	SRR3493821	288.27782371925446
IGFBP2	SRR3493822	743
IGFBP2	SRR3493823	789.9479194956721
IGFBP2	SRR3493824	270.83184459865623
IGFBP2	SRR3493825	1773.2864017722782
IGFBP2	SRR3493826	746.5371484276471
IGFBP2	SRR3493827	1183
IGFBP2	SRR3493828	595
IGFBP2	SRR3493829	616.4403423100625
IGFBP2	SRR3493830	619.7772080138617
IGFBP2	SRR3493831	1260.5432174157097
IGFBP2	SRR3493832	1127.20281598158
IGFBP2	SRR3493833	467.5845903127622
IGFBP2	SRR3493834	1619
IGFBP2	SRR3493835	398.00026228046255
IGFBP2	SRR3493836	215
IGFBP2	SRR3493837	419.2703820839205
IGFBP2	SRR3493838	918
IGFBP2	SRR3493839	78.636574654162
IGFBP2	SRR3493840	107.00967181273396
IGFBP2	SRR3493841	739.5953125029738
IGFBP2	SRR3493846	435.69421615594285
IGFBP2	SRR3493847	250.8636302085142
IGFBP2	SRR3493848	468.08422172083357
IGFBP2	SRR3493849	220.42892650503342
IGFBP2	SRR3493850	98
IGFBP2	SRR3714631	707
IGFBP2	SRR3714632	508.79953357523976
IGFBP2	SRR3714633	9954.929651057793
IGFBP2	SRR3714634	689.2858373720578
IGFBP2	SRR3714635	1187
IGFBP2	SRR3714636	261
IGFBP2	SRR3714637	712
IGFBP2	SRR3714638	6552
IGFBP2	SRR3714639	717.4398807758533
IGFBP2	SRR3714640	6096.33034199999
IGFBP2	SRR3714641	784.0516280515029
IGFBP2	SRR3714642	722.4339764833551
IGFBP2	SRR3714643	480.3817924949679
IGFBP2	SRR3714644	1306.2429353484174
IGFBP2	SRR3714645	10348.453539148657
IGFBP2	SRR3714646	9560.72024664412
IGFBP2	SRR3714648	892.6531603360617
IGFBP2	SRR3714649	356.5140403059274
IGFBP2	SRR3714650	616.0774094578676
IGFBP2	SRR3714651	2306.3409264513152
IGFBP2	SRR3714652	3856.4573527864736
IGFBP2	SRR3714653	10563
IGFBP2	SRR3714654	1988
IGFBP2	SRR3714655	1873.0108425403555
IGFBP2	SRR3714656	779.1756192879294
IGFBP2	SRR3714657	2856.781340891981
IGFBP2	SRR3714658	3495.5456211504143
IGFBP2	SRR3714659	1114.0881710532904
IGFBP2	SRR3714660	6895
IGFBP2	SRR3714661	1773
IGFBP2	SRR3714662	243.59956179098504
IGFBP2	SRR3714663	15705.476065895278
IGFBP2	SRR3714664	2267.8197618166255
IGFBP2	SRR3714665	7255
IGFBP2	SRR3714666	1034
IGFBP2	SRR3714667	504.81745702577183
IGFBP2	SRR3714668	1886
IGFBP2	SRR3714669	934.7438064421169
IGFBP2	SRR3714670	3066.892574571401
IGFBP2	SRR3714671	11428.479677645271
IGFBP2	SRR3714672	1632.084389566078
IGFBP2	SRR3714673	2118.794786604493
IGFBP2	SRR3714674	898.125266012373
IGFBP2	SRR3714675	1183.9362083478868
IGFBP2	SRR3714676	1263
IGFBP2	SRR3714677	5189.351800527147
IGFBP2	SRR3714678	1241.8223474315398
IGFBP2	SRR3714679	3131.2708755266276
IGFBP2	SRR3714680	6506.250533356784
IGFBP2	SRR3714681	3465.253561215952
IGFBP2	SRR3714682	1150.935763458415
IGFBP2	SRR3714683	6736.855525822037
IGFBP2	SRR3714684	1794.9969067122347
IGFBP2	SRR3714685	1246.9746867885565
IGFBP2	SRR3714686	1154.1843613382994
IGFBP2	SRR3714688	138.99569579344453
IGFBP2	SRR3714689	787.3300544508754
IGFBP2	SRR3714690	2875.8430324383885
IGFBP2	SRR3714691	6817
IGFBP2	SRR3714692	2082.362387833053
IGFBP2	SRR3714693	2285.863077197339
IGFBP2	SRR3714694	1996.4771901558986
IGFBP2	SRR3714695	670.0655001886954
IGFBP2	SRR3714696	1176
IGFBP2	SRR3714697	1825.1750810097085
IGFBP2	SRR3714698	400.09941115284073
IGFBP2	SRR3714699	382.5442068362799
IGFBP2	SRR3714700	1683.7661331343227
IGFBP2	SRR3714701	1056.6942163765675
IGFBP2	SRR3714702	2742.5034813114858
IGFBP2	SRR3714703	3051.744492185106
IGFBP2	SRR3714704	2445.0083150277624
IGFBP2	SRR3714705	2474.028951575428
IGFBP2	SRR3714706	2559.2150026043164
IGFBP2	SRR3714707	1277.5941352738034
IGFBP2	SRR3714708	446.0219768125903
IGFBP2	SRR3714709	1655.2664778113187
IGFBP2	SRR3714710	2625.6854233090903
IGFBP2	SRR3714711	795.145257341025
IGFBP2	SRR3714712	4250
IGFBP2	SRR3714713	1706
IGFBP2	SRR3714714	2493
IGFBP2	SRR3714715	1013.6390410789893
IGFBP2	SRR3714716	6051
IGFBP2	SRR3714717	1772
IGFBP2	SRR3714718	1136
IGFBP2	SRR3714719	1491.2333323970395
IGFBP2	SRR3714720	1720.8457208751688
IGFBP2	SRR3714721	1447.9770492852551
IGFBP2	SRR3714723	1344.9432272874574
IGFBP2	SRR3714724	3191.8283881288426
IGFBP2	SRR3714725	1270.4224970530934
IGFBP2	SRR3714726	5591.363659222484
IGFBP2	SRR3714727	1394.6969259908628
IGFBP2	SRR3714728	2529.253360792055
IGFBP2	SRR3714729	608.3049183132301
IGFBP2	SRR3714730	1529.0223355782093
IGFBP2	SRR3714731	2080.3743187592604
IGFBP2	SRR3714732	849.5125263426507
IGFBP2	SRR3714734	1139.7104664870044
IGFBP2	SRR3714735	1015.7663566260163
IGFBP2	SRR3714736	335.80760556163295
IGFBP2	SRR3714737	2318
IGFBP2	SRR3714738	2974.7878072884514
IGFBP2	SRR3714739	2429.5363137935033
IGFBP2	SRR3714740	2050.3714155986936
IGFBP2	SRR3714741	6367.094548660726
IGFBP2	SRR3714744	943.8125137089144
IGFBP2	SRR3714745	5935.638810802377
IGFBP2	SRR3714746	269.2309747069889
IGFBP2	SRR3714747	782.6042924535884
IGFBP2	SRR3714748	348.62174824076226
IGFBP2	SRR3714749	170.4364540387218
IGFBP2	SRR3714750	604.3932601295129
IGFBP2	SRR3714751	1064.8782047182074
IGFBP2	SRR3714752	461
IGFBP2	SRR3714753	883.6347769342041
IGFBP2	SRR3714754	11872
IGFBP2	SRR3714755	602.3407092708226
IGFBP2	SRR3714756	420.82493521167055
IGFBP2	SRR3714757	1601.6121785836194
IGFBP2	SRR3714758	2609.7685796591763
IGFBP2	SRR3714759	4087.989536388576
IGFBP2	SRR3714760	1592.0266775549344
IGFBP2	SRR3714761	2351.2931994305927
IGFBP2	SRR3714762	308.6339640858066
IGFBP2	SRR3714764	1941
IGFBP2	SRR3714765	1307.6363393875056
IGFBP2	SRR3714766	6805
IGFBP2	SRR3714767	907.8244021612518
IGFBP2	SRR3714768	3380
IGFBP2	SRR5176628	870.8895182101969
IGFBP2	SRR5176629	263.4889146409519
IGFBP2	SRR5176630	363.80576062316345
IGFBP2	SRR5176631	367.47817884234905
IGFBP2	SRR5176632	270.75825943937224
IGFBP2	SRR5176633	513.2606310005189
IGFBP2	SRR5176634	1179.9294741932692
IGFBP2	SRR5176635	1900.5087307198899
IGFBP2	SRR5176636	455.519769536701
IGFBP2	SRR5176637	1544.3024875169854
IGFBP2	SRR5176638	63.98093050381788
IGFBP2	SRR5176639	572
IGFBP2	SRR5176640	814.3063614757381
IGFBP2	SRR5176641	120.73352849588748
IGFBP2	SRR5176642	1160.2077542710056
IGFBP2	SRR5176643	680.1721250741941
IGFBP2	SRR5176644	847.1524269178334
IGFBP2	SRR5176645	588.621357163439
IGFBP2	SRR5176646	159.8817278133382
IGFBP2	SRR5176647	202.1635377444682
IGFBP2	SRR5176648	881.4685557304008
IGFBP2	SRR5176649	580.834322409213
IGFBP2	SRR5176650	1172.2518595497352
IGFBP2	SRR5176651	98.53893470122703
IGFBP2	SRR5176652	1429.8283544938756
IGFBP2	SRR5176653	225.6005740957022
IGFBP2	SRR5176654	213.712026120865
IGFBP2	SRR5176655	285.3379050468376
IGFBP2	SRR5176656	274.90977766330286
IGFBP2	SRR5176657	225.68210385900733
IGFBP2	SRR5176658	714.1556409959873
IGFBP2	SRR5176659	533.1410758580912
IGFBP2	SRR5176660	1450.6300003886865
IGFBP2	SRR5176661	302.61594720265
IGFBP2	SRR5176662	368.57282798253385
IGFBP2	SRR5176663	161.00376902583446
IGFBP2	SRR5176664	645
IGFBP2	SRR5176665	577.9884783593328
IGFBP2	SRR5176666	335.2671984553756
IGFBP2	SRR5176667	475.5887888152242
IGFBP2	SRR5176668	481.07115139998376
IGFBP2	SRR5176669	871.1346273039026
IGFBP2	SRR5176670	186.1827779119529
IGFBP2	SRR5176671	1057.884202744943
IGFBP2	SRR5176672	601.2737073234856
IGFBP2	SRR5176673	546.5845265798127
IGFBP2	SRR5176674	291.66866299668254
IGFBP2	SRR5176675	195.81471195644133
IGFBP2	SRR5176676	336.0111000963462
IGFBP2	SRR5176677	1901.7356892753041
IGFBP2	SRR5176678	255.53284932604257
IGFBP2	SRR5176679	1538.4865006825623
IGFBP2	SRR5176680	491.3761004640459
IGFBP2	SRR5176681	286.30895194541677
IGFBP2	SRR5176682	459.41988450944285
IGFBP2	SRR5176683	418.87448265581594
IGFBP2	SRR5176684	557.4611315411142
IGFBP2	SRR5176685	173.5088557347913
IGFBP2	SRR5176686	434.8450265003665
IGFBP2	SRR5176687	794.4963350985277
IGFBP2	SRR5176688	230.9769497628674
IGFBP2	SRR5176689	469.4158165329917
IGFBP2	SRR5176690	435.65839740086295
IGFBP2	SRR5176691	351.3159451482362
IGFBP2	SRR5176692	509.88230220722784
IGFBP2	SRR5176693	908.5438746535502
IGFBP2	SRR5176694	635
IGFBP2	SRR5176695	637.6975578145941
IGFBP2	SRR5176696	137.56802821461486
IGFBP2	SRR5176697	1067.1665647881753
IGFBP2	SRR5176698	293.4483982839267
IGFBP2	SRR5176699	952.5483811113382
IGFBP2	SRR5176700	414.8126271815226
IGFBP2	SRR5176701	610.0174635795563
IGFBP2	SRR5176702	1448
IGFBP2	SRR5176703	404.806522818636
IGFBP2	SRR5176704	364.5822163958588
IGFBP2	SRR5176705	450.91772922628013
IGFBP2	SRR5176706	1577.277117164436
IGFBP2	SRR5176707	304.77960181256407
IGFBP2	SRR5176708	939.8446963008151
IGFBP2	SRR5176709	481.2757136612689
IGFBP2	SRR5176710	261
IGFBP2	SRR5176711	1633.1009566708117
IGFBP2	SRR5176712	707.7018034048156
IGFBP2	SRR5176713	1221.4850236702655
IGFBP2	SRR5176714	551.0823515849952
IGFBP2	SRR5176715	833.048658542831
IGFBP2	SRR5176716	401.7877905431824
IGFBP2	SRR5176717	2180.929037256965
IGFBP2	SRR5176718	676.7497215568914
IGFBP2	SRR5176719	651.5134982370342
IGFBP2	SRR5176720	375
IGFBP2	SRR5176721	497
IGFBP2	SRR5176722	2629.0198987279555
IGFBP2	SRR5176723	522.8342476364951
IGFBP2	SRR5176724	840.4449289135546
IGFBP2	SRR5176725	359.30610082358265
IGFBP2	SRR5176726	903
IGFBP2	SRR5176727	1124.6413252662935
IGFBP2	SRR5176728	1138.080550947551
IGFBP2	SRR5176729	480.8984604436676
IGFBP2	SRR5176730	189.1993428563076
IGFBP2	SRR5176731	153.69453863390046
IGFBP2	SRR5176732	885
IGFBP2	SRR5176733	566.2541453225547
IGFBP2	SRR5176734	264.7587059103151
IGFBP2	SRR5176735	642.4925421075984
IGFBP2	SRR5176736	1752.388091836969
IGFBP2	SRR5176737	901.6045173197226
IGFBP2	SRR5176738	825.692657587998
IGFBP2	SRR5176739	773.9974137374645
IGFBP2	SRR5176740	540.1909054071589
IGFBP2	SRR5176741	250.85322063563336
IGFBP2	SRR5176742	1234.5766201327767
IGFBP2	SRR5176743	1202.6293577697288
IGFBP2	SRR5176744	937.176429999104
IGFBP2	SRR5176745	221.94753913797086
IGFBP2	SRR5176746	1167.5859810633208
IGFBP2	SRR5176747	680
IGFBP2	SRR5176748	480.6049953131718
IGFBP2	SRR5176749	1705.1298183738754
IGFBP2	SRR5176750	411.44312025020594
IGFBP2	SRR5176751	731.5960521529701
IGFBP2	SRR5176752	229.01972369297152
IGFBP2	SRR5176753	967.5197462291468
IGFBP2	SRR5176754	629.2667415864394
IGFBP2	SRR5176755	1143.5317906170378
IGFBP2	SRR5176756	283.8332847528426
IGFBP2	SRR5176757	751.4803974067688
IGFBP2	SRR5176758	276.9977018182561
IGFBP2	SRR5176759	186.8965079887826
IGFBP2	SRR5176760	903.1061389878616
IGFBP2	SRR5176761	1176.7925481096518
IGFBP2	SRR5176762	379.13323234642655
IGFBP2	SRR5176763	1383.2037276464946
IGFBP2	SRR5176764	252.18144960290496
IGFBP2	SRR5176765	620.0222425987877
IGFBP2	SRR5176766	784.1961440058856
IGFBP2	SRR5176767	1499.5062237989503
IGFBP2	SRR5176768	134.97723779352523
IGFBP2	SRR5176769	873.5113235099863
IGFBP2	SRR5176770	745.7095713729615
IGFBP2	SRR5176771	982.3645276448035
IGFBP2	SRR5176772	1465.0248803956465
IGFBP2	SRR5176773	1317.6818992335225
IGFBP2	SRR5176774	235.4273516036646
IGFBP2	SRR5176775	793.2712566497293
IGFBP2	SRR5176776	276.22398890374706
IGFBP2	SRR5176777	410.9811088245189
IGFBP2	SRR5176778	236.30963516892368
IGFBP2	SRR5176779	987.9519308492979
IGFBP2	SRR5176780	1392.1485024699473
IGFBP2	SRR5176781	442.72130913999376
IGFBP2	SRR5176782	1478.7493641068093
IGFBP2	SRR5176783	938.4311286342484
IGFBP2	SRR5176784	1820.3221085108341
IGFBP2	SRR5176785	596.0271199103763
IGFBP2	SRR5176786	2016
IGFBP2	SRR5176787	1324.8591233078685
IGFBP2	SRR5176788	159.0989745535763
IGFBP2	SRR5176789	96.32520702277228
IGFBP2	SRR5176790	203.88318527736996
IGFBP2	SRR5176791	294.5328611961072
IGFBP2	SRR5176792	428
IGFBP2	SRR5176793	351.09169114910674
IGFBP2	SRR5176794	1632.254728247974
IGFBP2	SRR5176795	316.3021218076058
IGFBP2	SRR5176796	200.35870383024536
IGFBP2	SRR5176797	970.6574203077091
IGFBP2	SRR5176798	433.24597788932783
IGFBP2	SRR5176799	2378
IGFBP2	SRR5176800	882.7927647918922
IGFBP2	SRR5176801	261.3335124652582
IGFBP2	SRR5176802	850.6071580414155
IGFBP2	SRR5176803	893.5849462871023
IGFBP2	SRR5176804	221.58443764657136
IGFBP2	SRR5176805	347.3205719485514
IGFBP2	SRR5176806	448.78857900753223
IGFBP2	SRR5176807	656.4233189667109
IGFBP2	SRR5176808	2636.9488394553105
IGFBP2	SRR5176809	858.2345896308245
IGFBP2	SRR5176810	330
IGFBP2	SRR5176811	551
IGFBP2	SRR5176812	439.4742304336992
IGFBP2	SRR5176813	806.8706827552655
IGFBP2	SRR5176814	558
IGFBP2	SRR5176815	266.6207386838738
IGFBP2	SRR5176816	335.64196438095394
IGFBP2	SRR5176817	573.9407206450514
IGFBP2	SRR5176818	866.1146685328777
IGFBP2	SRR5176819	122.09291250471567
IGFBP2	SRR5176820	556.0018908384105
IGFBP2	SRR5176821	131.16512218734312
IGFBP2	SRR5176822	212.9683514992211
IGFBP2	SRR5176823	1522.6588220186736
IGFBP2	SRR5176824	675.7499412434934
IGFBP2	SRR5176825	664.7172870341145
IGFBP2	SRR5176826	1012.0924371440235
IGFBP2	SRR5176827	779.9073132292995
IGFBP2	SRR5176828	771.0230223734844
IGFBP2	SRR5176829	809.14548403604
IGFBP2	SRR5176830	913.3286382483682
IGFBP2	SRR5176831	2575.0198262805357
IGFBP2	SRR5176832	1018.9104028070041
IGFBP2	SRR5176833	1193.7420788876318
IGFBP2	SRR5176834	541.0491630720071
IGFBP2	SRR5176835	286.9970437866238
IGFBP2	SRR5176836	222.18323444308464
IGFBP2	SRR5176837	276.37757739452815
IGFBP2	SRR5176838	168.04401908667978
IGFBP2	SRR5176839	534.6888999361819
IGFBP2	SRR5176840	678.3154453528886
IGFBP2	SRR5176841	894.9189329623032
IGFBP2	SRR5176842	193.1782800890362
IGFBP2	SRR5176843	201.52321932487584
IGFBP2	SRR5176844	364.04662506788173
IGFBP2	SRR5176845	382.4317849258876
IGFBP2	SRR5176846	360.591710865061
IGFBP2	SRR5176847	490.52966238942645
IGFBP2	SRR5176848	376.14000660955287
IGFBP2	SRR5176849	437.2480351585906
IGFBP2	SRR5176850	805.7178464656856
IGFBP2	SRR5176851	483.50500028335244
IGFBP2	SRR5176852	189.0587803863661
IGFBP2	SRR5176853	345.8443988933366
IGFBP2	SRR5176854	1214.877751823971
IGFBP2	SRR5176855	545.2333372601883
IGFBP2	SRR5176856	330.124550044171
IGFBP2	SRR5176857	618.135128769711
IGFBP2	SRR5176858	916.2287297457094
IGFBP2	SRR5176859	887.556597730526
IGFBP2	SRR5176860	694
IGFBP2	SRR5176861	877.6701146298799
IGFBP2	SRR5176862	678.8952431245825
IGFBP2	SRR5176863	386.9447477473273
IGFBP2	SRR5176864	383.8348651991855
IGFBP2	SRR5176865	880.6758342005302
IGFBP2	SRR5176866	667
IGFBP2	SRR5176867	271.1354787481642
IGFBP2	SRR5176868	505.91656780459317
IGFBP2	SRR5176869	1279.1230521388331
IGFBP2	SRR5176870	529.3689505026739
IGFBP2	SRR5176871	993.3546746798436
IGFBP2	SRR5176872	262.9031996263737
IGFBP2	SRR5861974	96.23911993712707
IGFBP2	SRR5861975	326.9235029750345
IGFBP2	SRR5861976	250.6300295774485
IGFBP2	SRR5861977	323
IGFBP2	SRR5861978	573.7556513786026
IGFBP2	SRR5861979	1267.6958758195672
IGFBP2	SRR5861980	449
IGFBP2	SRR5861981	221.29260549420457
IGFBP2	SRR5861982	28.366574196929115
IGFBP2	SRR5861983	480.77799113334345
IGFBP2	SRR5861984	1537.2222184586924
IGFBP2	SRR5861985	262.3525833033208
IGFBP2	SRR5861986	533.05407955671
IGFBP2	SRR5861987	335.1513389321777
IGFBP2	SRR5861988	489.2079831859367
IGFBP2	SRR5861989	266.241429641865
IGFBP2	SRR5861990	286.8536339420108
IGFBP2	SRR5861991	680
IGFBP2	SRR5861992	375
IGFBP2	SRR5861993	316.16367559240996
IGFBP2	SRR5861994	409
IGFBP2	SRR5861995	367.1558877894445
IGFBP2	SRR5861996	228.94174983786965
IGFBP2	SRR5861997	186.61173799219554
IGFBP2	SRR5861998	235.3337368697973
IGFBP2	SRR5861999	199.1880730600432
IGFBP2	SRR5862000	252.09070847600086
IGFBP2	SRR5862001	558
IGFBP2	SRR5862002	480.51852074755266
IGFBP2	SRR5862003	808.9471161319964
IGFBP2	SRR5862004	277.52074943129514
IGFBP2	SRR5862005	675.5274450528302
IGFBP2	SRR5862006	770.873637786489
IGFBP2	SRR5862007	522.3442295796277
IGFBP2	SRR5862008	271.07561145838935
IGFBP2	SRR5862009	347.22152827239256
IGFBP2	SRR5862010	121.94630100570433
IGFBP2	SRR5862011	587.135528820032
IGFBP2	SRR5862012	1317.131847876737
IGFBP2	SRR5862013	404.17767841699134
IGFBP2	SRR5862014	508.45658783905424
IGFBP2	SRR5862015	261
IGFBP2	SRR5862016	480.99475909736185
IGFBP2	SRR5862017	294.3920758682226
IGFBP2	SRR5862018	860.4112956531544
IGFBP2	SRR5862019	792.1996950237357
IGFBP2	SRR5862020	324.0864859880742
IGFBP2	SRR5862021	513.0346369909158
IGFBP2	SRR5862022	433.0727540605732
IGFBP2	SRR5862023	276.0503985352783
IGFBP2	SRR5862024	881.3610094826901
IGFBP2	SRR5862025	330
IGFBP2	SRR5862026	577.3956966822004
IGFBP2	SRR5862027	222.11987555767038
IGFBP2	SRR5862028	137.40295015923894
IGFBP2	SRR5862029	188.74536003827478
IGFBP2	SRR5862030	1391.794066813677
IGFBP2	SRR5862031	1324.0814395276323
IGFBP2	SRR5862032	378.88060727205254
IGFBP2	SRR5862033	595.8916723979621
IGFBP2	SRR5862034	53.557194987469295
IGFBP2	SRR5862035	970.3417290084749
IGFBP2	SRR5862036	2623.728987665338
IGFBP2	SRR5862037	750.6590776312447
IGFBP2	SRR5862038	264.37815404047876
IGFBP2	SRR5862039	401.69222703203513
IGFBP2	SRR5862040	402.5683686108202
IGFBP2	SRR5862041	696.6991332096807
IGFBP2	SRR5862042	203.78003992277723
IGFBP2	SRR5862043	1235
IGFBP2	SRR5862044	619.8454339465886
IGFBP2	SRR5862045	794.2914978291547
IGFBP2	SRR5862046	131.01202622897029
IGFBP2	SRR5862047	1017.7829166613586
IGFBP2	SRR5862048	58.61244882562295
IGFBP2	SRR5862049	1703.8947619304238
IGFBP2	SRR5862050	1113.6351762339982
IGFBP2	SRR5862051	302.4064803257234
IGFBP2	SRR5862052	1099.7872102954573
IGFBP2	SRR5862053	173.45463265577834
IGFBP2	SRR5862054	212.38531189789853
IGFBP2	SRR5862055	434.62111685231025
IGFBP2	SRR5862056	609.2628315319897
IGFBP2	SRR5862057	676.13716294351
IGFBP2	SRR5862058	642.4532521760674
IGFBP2	SRR5862059	355.55663444716225
IGFBP2	SRR5862060	824.4209314624535
IGFBP2	SRR5862061	1522.4022100357415
IGFBP2	SRR5862062	656.3542268731161
IGFBP2	SRR5862063	743.781378643017
IGFBP2	SRR5862064	2635.094729291726
IGFBP2	SRR5862065	967.4301631359543
IGFBP2	SRR5862066	509.55721219705526
IGFBP2	SRR5862067	66.6376077139494
IGFBP2	SRR5862068	1026.8240914777682
IGFBP2	SRR5862069	651.3825046654201
IGFBP2	SRR5862070	382.00481741692175
IGFBP2	SRR5862071	53.82507038700644
IGFBP2	SRR5862072	127.60959071002041
IGFBP2	SRR5862073	1752.2515707495998
IGFBP2	SRR5862074	601.0068279723475
IGFBP2	SRR5862075	469.1609651583171
IGFBP2	SRR5862076	74.44023715907429
IGFBP2	SRR5862077	1820.1143551255718
IGFBP2	SRR5862078	475.1506563423465
IGFBP2	SRR5862079	1201.01206938639
IGFBP2	SRR5862080	791.2394738498932
IGFBP2	SRR5862081	887.5294592278881
IGFBP2	SRR5862082	540.0187660149521
IGFBP2	SRR5862083	551
IGFBP2	SRR5862084	881.9716254204056
IGFBP2	SRR5862085	572
IGFBP2	SRR5862086	454.98246541785016
IGFBP2	SRR5862087	935.8721035277053
IGFBP2	SRR5862088	63.938114982367296
IGFBP2	SRR5862089	230.79369949541467
IGFBP2	SRR5862090	1057.8051988623579
IGFBP2	SRR5862091	743.1161610206747
IGFBP2	SRR5862092	555.1651731366023
IGFBP2	SRR5862093	2636.4743770429855
IGFBP2	SRR5862094	629.0959923857371
IGFBP2	SRR5862095	414.2733167242565
IGFBP2	SRR5862096	745.6082825233232
IGFBP2	SRR5862097	678.5431925753875
IGFBP2	SRR5862098	1049.1887151226244
IGFBP2	SRR5862099	1170.6223088590077
IGFBP2	SRR5862100	491.28768786896757
IGFBP2	SRR5862101	550.2374848803297
IGFBP2	SRR5862102	1464.4187875875089
IGFBP2	SRR5862103	1136.8902582557641
IGFBP2	SRR5862104	418.72376125006855
IGFBP2	SRR5862105	706.6935267986216
IGFBP2	SRR5862106	360.5268301171141
IGFBP2	SRR5862107	2016
IGFBP2	SRR5862108	908.1766344384707
IGFBP2	SRR5862109	1160.085636149313
IGFBP2	SRR5862110	1220.578569234663
IGFBP2	SRR5862111	260.7388390220996
IGFBP2	SRR5862112	893.3028120845693
IGFBP2	SRR5862113	458.9467528911944
IGFBP2	SRR5862114	987.5633483827208
IGFBP2	SRR5862115	1382.0686503509082
IGFBP2	SRR5862116	1575.1460411096682
IGFBP2	SRR5862117	349.13382724468767
IGFBP2	SRR5862118	937.6858760674094
IGFBP2	SRR5862119	153.6230641771288
IGFBP2	SRR5862120	1499.3483926839256
IGFBP2	SRR5862121	714.0271439985739
IGFBP2	SRR5862122	1167.3758989969251
IGFBP2	SRR5862123	386.87512533535414
IGFBP2	SRR5862124	617.9523094039524
IGFBP2	SRR5862125	635
IGFBP2	SRR5862126	664.5976854086292
IGFBP2	SRR5862127	434.60687374451516
IGFBP2	SRR5862128	985.6277124817352
IGFBP2	SRR5862129	225.3672852337506
IGFBP2	SRR5862130	600.6820814943615
IGFBP2	SRR5862131	982.2218207996038
IGFBP2	SRR5862132	806.7255036737276
IGFBP2	SRR5862133	439.3951564674522
IGFBP2	SRR5862134	913.1643043400022
IGFBP2	SRR5862135	849.4840212681978
IGFBP2	SRR5862136	678.2440489949547
IGFBP2	SRR5862137	545.1759485116771
IGFBP2	SRR5862138	880.5526130208191
IGFBP2	SRR5862139	858.1326455469168
IGFBP2	SRR5862140	1127.6465446017
IGFBP2	SRR5862141	710.028587430481
IGFBP2	SRR5862142	784.1004657741338
IGFBP2	SRR5862143	1143.4114277304325
IGFBP2	SRR5862144	959.3235773010307
IGFBP2	SRR5862145	993.2421842087011
IGFBP2	SRR5862146	120.59143442842488
IGFBP2	SRR5862147	1011.1911071823678
IGFBP2	SRR5862148	497
IGFBP2	SRR5862149	1899.741087470012
IGFBP2	SRR5862150	1095.6268280377858
IGFBP2	SRR5862151	636.5772967032917
IGFBP2	SRR5862152	475.0824999702025
IGFBP2	SRR5862153	199.98757401779753
IGFBP2	SRR5862154	885
IGFBP2	SRR5862155	870.3736526502636
IGFBP2	SRR5862156	1065.2578836423409
IGFBP2	SRR5862157	1288.382991699689
IGFBP2	SRR5862158	1124.606937508205
IGFBP2	SRR5862159	2179.647374297628
IGFBP2	SRR5862160	1177.908029483011
IGFBP2	SRR5862161	901.4452000295327
IGFBP2	SRR5862162	756.4566256968233
IGFBP2	SRR5862163	540.822113623732
IGFBP2	SRR5862164	276.1585002689592
IGFBP2	SRR5862165	529.2631273894573
IGFBP2	SRR5862166	1631.9111391095
IGFBP2	SRR5862167	566.1790575893767
IGFBP2	SRR5862168	680.1213291188641
IGFBP2	SRR5862169	958.4685250705282
IGFBP2	SRR5862170	573.1488658461788
IGFBP2	SRR5862171	450.7569315350625
IGFBP2	SRR5862172	1632.813790678846
IGFBP2	SRR5862173	158.84159886411592
IGFBP2	SRR5862174	966.4392505684069
IGFBP2	SRR5862175	2574.3642361330644
IGFBP2	SRR5862176	335.6545270932016
IGFBP2	SRR5862177	322.9747726516225
IGFBP2	SRR5862178	1542.8027136220844
IGFBP2	SRR5862179	1176.5545771713462
IGFBP2	SRR5862180	293.1794842791238
IGFBP2	SRR5862181	255.22167931171757
IGFBP2	SRR5862182	1233.1600714627152
IGFBP2	SRR5862183	840.0832078729385
IGFBP2	SRR5862184	447.65151977785877
IGFBP2	SRR5862185	428
IGFBP2	SRR5862186	773.5667353112137
IGFBP2	SRR5862187	1477.8664248494842
IGFBP2	SRR5862188	533.975715068883
IGFBP2	SRR5862189	938.5409672620817
IGFBP2	SRR5862190	1901.509794508279
IGFBP2	SRR5862191	893.1642537786737
IGFBP2	SRR5862192	1212.9580517876623
IGFBP2	SRR5862193	779.7669856280627
IGFBP2	SRR5862194	902.6585553472804
IGFBP2	SRR5862195	580.6166247819131
IGFBP2	SRR5862196	667
IGFBP2	SRR5862197	645
IGFBP2	SRR5862198	819.9666380055561
IGFBP2	SRR5862199	557.3608283614352
IGFBP2	SRR5862200	865.829493200015
IGFBP2	SRR5862201	194.58120152469783
IGFBP2	SRR5862202	949.7007293401683
IGFBP2	SRR5862203	265.60492262128054
IGFBP2	SRR5862204	1179
IGFBP2	SRR5862205	1448
IGFBP2	SRR5862206	304.31449734884353
IGFBP2	SRR5862207	1429.4836658968206
IGFBP2	SRR5862208	532.8990151040969
IGFBP2	SRR5862209	358.9499363374266
IGFBP2	SRR5862210	1146
IGFBP2	SRR5862211	504.7344695739033
IGFBP2	SRR5862212	870.5779488005768
IGFBP2	SRR5862213	758.4541022730175
IGFBP2	SRR5862214	638.7190833061848
IGFBP2	SRR5862215	1279.0275259109521
IGFBP2	SRR5862216	621.2043296058827
IGFBP2	SRR5862217	915.8583832548454
IGFBP2	SRR5862218	285.2565366588243
IGFBP2	SRR5862219	167.76307540004493
IGFBP2	SRR5862220	383.70541919429303
IGFBP2	SRR5862221	694
IGFBP2	SRR5862222	731.3551681738924
IGFBP2	SRR5862223	813.5276310176341
IGFBP2	SRR5862224	350.6604518293216
IGFBP2	SRR5862225	873.2853605745195
IGFBP2	SRR5862226	832.8987692957579
IGFBP2	SRR5862227	2378
IGFBP2	SRR5862228	410.6210581486929
IGFBP2	SRR5862229	386.2411590818132
IGFBP2	SRR5862230	263.37087093965044
IGFBP2	SRR5862231	363.74030157586594
IGFBP2	SRR5862232	411.00791906909643
IGFBP2	SRR5862233	546.48974525465
IGFBP2	SRR5862234	189.08567039275698
IGFBP2	SRR5862235	483.43476212706014
IGFBP2	SRR5862236	291.61618347361616
IGFBP2	SRR5862237	662.7376783416657
IGFBP2	SRR5862238	286.236058787037
IGFBP2	SRR5862239	213.62048799726674
IGFBP2	SRR5862240	363.9811226821911
IGFBP2	SRR5862241	392.3972010870498
IGFBP2	SRR5862242	201.36681757411444
IGFBP2	SRR5862243	193.05762706965163
IGFBP2	SRR5862244	329.5704332982611
IGFBP2	SRR5862245	436.68395773447435
IGFBP2	SRR5862246	387.7290662491422
IGFBP2	SRR5862247	442.4087478634342
IGFBP2	SRR5862248	351.25273337547475
IGFBP2	SRR5862249	617.0132896246165
IGFBP2	SRR5862250	101.05296734932573
IGFBP2	SRR5862251	180.80491009332468
IGFBP2	SRR5862252	270.6810486562194
IGFBP2	SRR5862253	375.84308636855906
IGFBP2	SRR5862254	256.7723647380112
IGFBP2	SRR5862255	221.7058805429057
IGFBP2	SRR5862256	98.49675690531323
IGFBP2	SRR5862257	217.86663861278424
IGFBP2	SRR5862258	225.5744378562633
IGFBP2	SRR5862259	134.7841302192194
IGFBP2	SRR5862260	138.3347575454691
IGFBP2	SRR5862261	243.89092562324623
IGFBP2	SRR5862262	144.38472262760584
IGFBP2	SRR5862263	587.3027680535293
IGFBP2	SRR5862264	160.90485969397363
IGFBP2	SRR5862265	217.2572820882939
IGFBP2	SRR5862266	202.09079430016354
IGFBP2	SRR5862267	300.6392103041069
IGFBP2	SRR5862268	236.13411221361054
IGFBP2	SRR5862269	195.75622393073513
IGFBP2	SRR5862270	345.76580555094046
IGFBP2	SRR5862271	186.08481483027313
IGFBP2	SRR5862272	266.916160574801
IGFBP2	SRR5862273	222.7359485933453
IGFBP2	SRR5862274	481.17440526560995
IGFBP2	SRR5862275	384.8626312920743
IGFBP2	SRR5862276	159.68981423540015
IGFBP2	SRR5862277	804.8642795079321
IGFBP2	SRR5949109	1.1543930374941627
IGFBP2	SRR5949110	1.1528629477900991
IGFBP2	SRR5949111	1.1543861423812125
IGFBP2	SRR5949112	1.1544080735423528
IGFBP2	SRR5949113	1.1538715423531325
IGFBP2	SRR5949114	1.1544080735423528
IGFBP2	SRR5949115	1.1543930374941627
IGFBP2	SRR5949116	1.154328975937927
IGFBP2	SRR5949117	1.1544080735423528
IGFBP2	SRR5949118	1.1542881659876676
IGFBP2	SRR5949119	1.1544066367558048
IGFBP2	SRR5949120	1.1542612816136126
IGFBP2	SRR5949121	1.1542612816136126
IGFBP2	SRR5949122	1.1542193125787963
IGFBP2	SRR5949123	1.154119770897195
IGFBP2	SRR5949124	1.1536303593625774
IGFBP2	SRR5949125	1.1538715423531325
IGFBP2	SRR5949126	1.1542193125787963
IGFBP2	SRR5949127	1.1542612816136126
IGFBP2	SRR5949128	1.1542612816136126
IGFBP2	SRR5949129	1.1544066367558048
IGFBP2	SRR5949130	1.1543861423812125
IGFBP2	SRR5949131	1.1541454974839138
IGFBP2	SRR5949132	1.1543930374941627
IGFBP2	SRR5949133	1.154243037085462
IGFBP2	SRR5949134	1.1544080735423528
IGFBP2	SRR5949135	1.1543244711383844
IGFBP2	SRR5949136	1.1544018504729736
IGFBP2	SRR5949137	1.1537285180296166
IGFBP2	SRR5949138	1.154127700715507
IGFBP2	SRR5949139	1.1542342444976637
IGFBP2	SRR5949140	1.1543861423812125
IGFBP2	SRR5949141	1.1544066367558048
IGFBP2	SRR5949142	1.1543861423812125
IGFBP2	SRR5949143	1.1544080735423528
IGFBP2	SRR5949144	1.154243037085462
IGFBP2	SRR5949145	1.1542881659876676
IGFBP2	SRR5949146	1.1542763738511965
IGFBP2	SRR5949147	1.1542763738511965
IGFBP2	SRR5949148	1.1535426695350546
IGFBP2	SRR5949149	1.1542881659876676
IGFBP2	SRR5949150	1.1544066367558048
IGFBP2	SRR5949151	1.1540843659274789
IGFBP2	SRR5949152	1.1521642390280358
IGFBP2	SRR5949153	1.1542129775631536
IGFBP2	SRR5949154	1.1532523441137337
IGFBP2	SRR5949155	1.1542881659876676
IGFBP2	SRR5949156	1.1544066367558048
IGFBP2	SRR5949157	1.1543930374941627
IGFBP2	SRR5949158	1.1544080735423528
IGFBP2	SRR5949159	1.1533709738650642
IGFBP2	SRR5949160	1.1543930374941627
IGFBP2	SRR5949161	1.1543861423812125
IGFBP2	SRR5949162	1.1543930374941627
IGFBP2	SRR5949163	1.1544066367558048
IGFBP2	SRR5949164	1.1544080735423528
IGFBP2	SRR5949165	1.154328975937927
IGFBP2	SRR5949166	1.1544066367558048
IGFBP2	SRR5949167	1.1542881659876676
IGFBP2	SRR5949168	1.1543244711383844
IGFBP2	SRR5949169	1.1496389762158161
IGFBP2	SRR5949170	1.1544080735423528
IGFBP2	SRR5949171	1.1541360045743105
IGFBP2	SRR5949172	1.1541312616794417
IGFBP2	SRR5949173	1.1543930374941627
IGFBP2	SRR5949174	1.1543244711383844
IGFBP2	SRR5949175	1.1544080735423528
IGFBP2	SRR5949176	1.1542612816136126
IGFBP2	SRR5949177	1.153448318699057
IGFBP2	SRR5949178	1.1542129775631536
IGFBP2	SRR5949179	1.1543861423812125
IGFBP2	SRR5949180	1.1544080735423528
IGFBP2	SRR5949181	1.1544018504729736
IGFBP2	SRR5949182	1.154243037085462
IGFBP2	SRR5949183	1.1544066367558048
IGFBP2	SRR5949184	1.154328975937927
IGFBP2	SRR5949185	1.1541312616794417
IGFBP2	SRR5949186	1.1537962707798937
IGFBP2	SRR5949187	1.1543861423812125
IGFBP2	SRR5949188	1.1543244711383844
IGFBP2	SRR5949189	1.1542612816136126
IGFBP2	SRR5949190	1.1542881659876676
IGFBP2	SRR5949191	1.1541360045743105
IGFBP2	SRR5949192	1.1544018504729736
IGFBP2	SRR5949193	1.1544066367558048
IGFBP2	SRR5949194	1.1543930374941627
IGFBP2	SRR5949195	1.154328975937927
IGFBP2	SRR5949196	1.1541454974839138
IGFBP2	SRR5949197	1.153987572083333
IGFBP2	SRR5949198	1.153664101949279
IGFBP2	SRR5949199	1.1542193125787963
IGFBP2	SRR5949200	1.1544066367558048
IGFBP2	SRR5949201	1.1543244711383844
IGFBP2	SRR5949202	1.1543861423812125
IGFBP2	SRR5949203	1.1543930374941627
IGFBP2	SRR5949204	1.1544080735423528
IGFBP2	SRR5949205	1.1544080735423528
IGFBP2	SRR5949206	1.154328975937927
IGFBP2	SRR5949207	1.1543930374941627
IGFBP2	SRR5949208	1.1542881659876676
IGFBP2	SRR5949209	1.1543930374941627
IGFBP2	SRR5949210	1.1543244711383844
IGFBP2	SRR5949211	1.153987572083333
IGFBP2	SRR5949212	1.1543244711383844
IGFBP2	SRR5949213	1.1542193125787963
IGFBP2	SRR5949214	1.1540843659274789
IGFBP2	SRR5949215	1.1542612816136126
IGFBP2	SRR5949216	1.1543861423812125
IGFBP2	SRR5949217	1.1543861423812125
IGFBP2	SRR5949218	1.154243037085462
IGFBP2	SRR5949219	1.1542612816136126
IGFBP2	SRR5949220	1.1541312616794417
IGFBP2	SRR5949221	1.1540843659274789
IGFBP2	SRR5949222	1.1542612816136126
IGFBP2	SRR5949223	1.153448318699057
IGFBP2	SRR5949224	1.1542881659876676
IGFBP2	SRR5949225	1.1544018504729736
IGFBP2	SRR5949226	1.1541312616794417
IGFBP2	SRR5949227	1.1544018504729736
IGFBP2	SRR5949228	1.1541312616794417
IGFBP2	SRR5949229	1.154127700715507
IGFBP2	SRR5949230	1.1544018504729736
IGFBP2	SRR5949231	1.1540286696356532
IGFBP2	SRR5949232	1.1531855179973023
IGFBP2	SRR5949233	1.1534681238443258
IGFBP2	SRR5949234	1.1542763738511965
IGFBP2	SRR5949235	1.1541312616794417
IGFBP2	SRR5949236	1.1524349692227331
IGFBP2	SRR5949237	1.1540286696356532
IGFBP2	SRR5949238	1.1537962707798937
IGFBP2	SRR5949239	1.152631812552955
IGFBP2	SRR5949240	1.1544066367558048
IGFBP2	SRR5949241	1.1542881659876676
IGFBP2	SRR5949242	1.1543244711383844
IGFBP2	SRR5949243	1.1542129775631536
IGFBP2	SRR5949244	1.1542193125787963
IGFBP2	SRR5949245	1.1542342444976637
IGFBP2	SRR5949246	1.1543244711383844
IGFBP2	SRR5949247	1.1542763738511965
IGFBP2	SRR5949248	1.154328975937927
IGFBP2	SRR5949249	1.1543244711383844
IGFBP2	SRR5949250	1.1544080735423528
IGFBP2	SRR5949251	1.1541312616794417
IGFBP2	SRR5949252	1.1543930374941627
IGFBP2	SRR5949253	1.1539534513664238
IGFBP2	SRR5949254	1.154099487946561
IGFBP2	SRR5949255	1.1543244711383844
IGFBP2	SRR5949256	1.1542342444976637
IGFBP2	SRR5949257	1.1544066367558048
IGFBP2	SRR5949258	1.1544066367558048
IGFBP2	SRR5949259	1.154243037085462
IGFBP2	SRR5949260	1.1544080735423528
IGFBP2	SRR5949261	1.1544080735423528
IGFBP2	SRR5949262	1.1542193125787963
IGFBP2	SRR5949263	1.154328975937927
IGFBP2	SRR5949264	1.1542612816136126
IGFBP2	SRR5949265	1.1543930374941627
IGFBP2	SRR5949266	1.1537626724135772
IGFBP2	SRR5949267	1.1537779842987672
IGFBP2	SRR5949268	1.1544018504729736
IGFBP2	SRR5949269	1.1542612816136126
IGFBP2	SRR5949270	1.1543244711383844
IGFBP2	SRR5949271	1.154119770897195
IGFBP2	SRR5949272	1.1544080735423528
IGFBP2	SRR5949273	1.1544080735423528
IGFBP2	SRR5949274	1.154328975937927
IGFBP2	SRR5949275	1.154099487946561
IGFBP2	SRR5949276	1.154328975937927
IGFBP2	SRR5949277	1.1537779842987672
IGFBP2	SRR5949278	1.1543861423812125
IGFBP2	SRR5949279	1.1543861423812125
IGFBP2	SRR5949280	1.1539394876265088
IGFBP2	SRR5949281	1.1543244711383844
IGFBP2	SRR5949282	1.1544080735423528
IGFBP2	SRR5949283	1.154043329391819
IGFBP2	SRR5949284	1.1544080735423528
IGFBP2	SRR5949285	1.15317802952035
IGFBP2	SRR5949286	1.1537626724135772
IGFBP2	SRR5949287	1.1544080735423528
IGFBP2	SRR5949288	1.1543861423812125
IGFBP2	SRR5949289	1.1542342444976637
IGFBP2	SRR5949290	1.1544080735423528
IGFBP2	SRR5949291	1.1543244711383844
IGFBP2	SRR5949292	1.1542763738511965
IGFBP2	SRR5949293	1.1544080735423528
IGFBP2	SRR5949294	1.1544066367558048
IGFBP2	SRR5949295	1.1543861423812125
IGFBP2	SRR5949296	1.154328975937927
IGFBP2	SRR5949297	1.1543930374941627
IGFBP2	SRR5949298	1.1541360045743105
IGFBP2	SRR5949299	1.1542763738511965
IGFBP2	SRR5949300	1.1544066367558048
IGFBP2	SRR5949301	1.1544066367558048
IGFBP2	SRR5949302	1.1542342444976637
IGFBP2	SRR5949303	1.1541454974839138
IGFBP2	SRR5949304	1.1543930374941627
IGFBP2	SRR5949305	1.1537652995205527
IGFBP2	SRR5949306	1.1543930374941627
IGFBP2	SRR5949307	1.1542763738511965
IGFBP2	SRR5949308	1.154328975937927
IGFBP2	SRR5949309	1.154119770897195
IGFBP2	SRR5949310	1.154119770897195
IGFBP2	SRR5949311	1.1542763738511965
IGFBP2	SRR5949312	1.1540148338403267
IGFBP2	SRR5949313	1.1543244711383844
IGFBP2	SRR5949314	1.1544066367558048
IGFBP2	SRR5949315	1.1543244711383844
IGFBP2	SRR5949316	1.1543861423812125
IGFBP2	SRR5949317	1.1538444146289202
IGFBP2	SRR5949318	1.1537833054890896
IGFBP2	SRR5949319	1.1543930374941627
IGFBP2	SRR5949320	1.1544080735423528
IGFBP2	SRR5949321	1.154328975937927
IGFBP2	SRR5949322	1.1541312616794417
IGFBP2	SRR5949323	1.1543244711383844
IGFBP2	SRR5949324	1.1544080735423528
IGFBP2	SRR5949325	1.1543861423812125
IGFBP2	SRR5949326	1.1542881659876676
IGFBP2	SRR5949327	1.1537250692562184
IGFBP2	SRR5949328	1.1543930374941627
IGFBP2	SRR5949329	1.1544018504729736
IGFBP2	SRR5949330	1.1543861423812125
IGFBP2	SRR5949331	1.1544018504729736
IGFBP2	SRR5949332	1.1544080735423528
IGFBP2	SRR5949333	1.154243037085462
IGFBP2	SRR5949334	1.1540148338403267
IGFBP2	SRR5949335	1.1544066367558048
IGFBP2	SRR5949336	1.154328975937927
IGFBP2	SRR5949337	1.1544018504729736
IGFBP2	SRR5949338	1.1543861423812125
IGFBP2	SRR5949339	1.1543861423812125
IGFBP2	SRR5949340	1.1541454974839138
IGFBP2	SRR5949341	1.154243037085462
IGFBP2	SRR5949342	1.1543930374941627
IGFBP2	SRR5949343	1.1542612816136126
IGFBP2	SRR5949344	1.1543930374941627
IGFBP2	SRR5949345	1.1544018504729736
IGFBP2	SRR5949346	1.1537070312898285
IGFBP2	SRR5949347	1.1539830975965506
IGFBP2	SRR5949348	1.1532222126984653
IGFBP2	SRR5949349	1.1543861423812125
IGFBP2	SRR5949350	1.1543244711383844
IGFBP2	SRR5949351	1.1543244711383844
IGFBP2	SRR5949352	1.154328975937927
IGFBP2	SRR5949353	1.1543861423812125
IGFBP2	SRR5949354	1.154118135098547
IGFBP2	SRR5949355	1.1542763738511965
IGFBP2	SRR5949356	1.1513016641508953
IGFBP2	SRR5949357	1.1542763738511965
IGFBP2	SRR5949358	1.1542881659876676
IGFBP2	SRR5949359	1.1543861423812125
IGFBP2	SRR5949360	1.154243037085462
IGFBP2	SRR5949361	1.1542342444976637
IGFBP2	SRR5949362	1.1524373005233322
IGFBP2	SRR5949363	1.1544018504729736
IGFBP2	SRR5949364	1.1541344162995835
IGFBP2	SRR5949365	1.1539534513664238
IGFBP2	SRR5949366	1.151926209413139
IGFBP2	SRR5949367	1.1544080735423528
IGFBP2	SRR5949368	1.1532936707463863
IGFBP2	SRR5949369	1.1544066367558048
IGFBP2	SRR5949370	1.1543930374941627
IGFBP2	SRR5949371	1.154127700715507
IGFBP2	SRR5949372	1.1543244711383844
IGFBP2	SRR5949373	1.1544066367558048
IGFBP2	SRR5949374	1.1541360045743105
IGFBP2	SRR5949375	1.1544066367558048
IGFBP2	SRR5949376	1.1544080735423528
IGFBP2	SRR5949377	1.1543861423812125
IGFBP2	SRR5949378	1.1544080735423528
IGFBP2	SRR5949379	1.1543861423812125
IGFBP2	SRR5949380	1.1535503567545762
IGFBP2	SRR5949381	1.154099487946561
IGFBP2	SRR5949382	1.1543861423812125
IGFBP2	SRR5949383	1.1542193125787963
IGFBP2	SRR5949384	1.1544066367558048
IGFBP2	SRR5949385	1.1542129775631536
IGFBP2	SRR5949386	1.1544080735423528
IGFBP2	SRR5949387	1.1525536382806347
IGFBP2	SRR5949388	1.1540976154898277
IGFBP2	SRR5949389	1.1544080735423528
IGFBP2	SRR5949390	1.1543244711383844
IGFBP2	SRR5949391	1.154127700715507
IGFBP2	SRR5949392	1.1544080735423528
IGFBP2	SRR5949393	1.154127700715507
IGFBP2	SRR5949394	1.154043329391819
IGFBP2	SRR5949395	1.1543244711383844
IGFBP2	SRR5949396	1.153448318699057
IGFBP2	SRR5949397	1.1544066367558048
IGFBP2	SRR5949398	1.1544018504729736
IGFBP2	SRR5949399	1.1542881659876676
IGFBP2	SRR5949400	1.148920661344423
IGFBP2	SRR5949401	1.1544080735423528
IGFBP2	SRR5949402	1.154328975937927
IGFBP2	SRR5949403	1.1542612816136126
IGFBP2	SRR5949404	1.154127700715507
IGFBP2	SRR5949405	1.1543861423812125
IGFBP2	SRR5949406	1.1544066367558048
IGFBP2	SRR5949407	1.1543861423812125
IGFBP2	SRR5949408	1.1543861423812125
IGFBP2	SRR5949409	1.154328975937927
IGFBP2	SRR5949410	1.1543244711383844
IGFBP2	SRR5949411	1.1544080735423528
IGFBP2	SRR5949412	1.1542193125787963
IGFBP2	SRR5949413	1.154328975937927
IGFBP2	SRR5949414	1.1543861423812125
IGFBP2	SRR5949415	1.1543930374941627
IGFBP2	SRR5949416	1.1542763738511965
IGFBP2	SRR5949417	1.154243037085462
IGFBP2	SRR5949418	1.1543861423812125
IGFBP2	SRR5949419	1.1543930374941627
IGFBP2	SRR5949420	1.1542612816136126
IGFBP2	SRR5949421	1.154243037085462
IGFBP2	SRR5949422	1.1542763738511965
IGFBP2	SRR5949423	1.1542763738511965
IGFBP2	SRR5949424	1.1544080735423528
IGFBP2	SRR5949425	1.1542763738511965
IGFBP2	SRR5949426	1.1544018504729736
IGFBP2	SRR5949427	1.1542763738511965
IGFBP2	SRR5949428	1.1544080735423528
IGFBP2	SRR5949429	1.1540148338403267
IGFBP2	SRR5949430	1.1543244711383844
IGFBP2	SRR5949431	1.1543244711383844
IGFBP2	SRR5949432	1.1543244711383844
IGFBP2	SRR5949433	1.1542881659876676
IGFBP2	SRR5949434	1.1542881659876676
IGFBP2	SRR5949435	1.154099487946561
IGFBP2	SRR5949436	1.1543930374941627
IGFBP2	SRR5949437	1.1540843659274789
IGFBP2	SRR5949438	1.1539394876265088
IGFBP2	SRR5949439	1.1544066367558048
IGFBP2	SRR5949440	1.1544018504729736
IGFBP2	SRR5949441	1.1544018504729736
IGFBP2	SRR5949442	1.1541454974839138
IGFBP2	SRR5949443	1.1541312616794417
IGFBP2	SRR5949444	1.1540976154898277
IGFBP2	SRR5949445	1.1544080735423528
IGFBP2	SRR5949446	1.1543930374941627
IGFBP2	SRR5949447	1.1542763738511965
IGFBP2	SRR5949448	1.1544080735423528
IGFBP2	SRR5949449	1.1544080735423528
IGFBP2	SRR5949450	1.1543244711383844
IGFBP2	SRR5949451	1.154243037085462
IGFBP2	SRR5949452	1.1543244711383844
IGFBP2	SRR5949453	1.1542881659876676
IGFBP2	SRR5949454	1.1543861423812125
IGFBP2	SRR5949455	1.1542763738511965
IGFBP2	SRR5949456	1.1544066367558048
IGFBP2	SRR5949457	1.1544018504729736
IGFBP2	SRR5949458	1.1544066367558048
IGFBP2	SRR5949459	1.154328975937927
IGFBP2	SRR5949460	1.154127700715507
IGFBP2	SRR5949461	1.1537652995205527
IGFBP2	SRR5949462	1.1543930374941627
IGFBP2	SRR5949463	1.154119770897195
IGFBP2	SRR5949464	1.154043329391819
IGFBP2	SRR5949465	1.1535426695350546
IGFBP2	SRR5949466	1.1543244711383844
IGFBP2	SRR5949467	1.1536303593625774
IGFBP2	SRR5949468	1.1543930374941627
IGFBP2	SRR5949469	1.1544018504729736
IGFBP2	SRR5949470	1.1543861423812125
IGFBP2	SRR5949471	1.1542612816136126
IGFBP2	SRR5949472	1.154328975937927
IGFBP2	SRR5949473	1.154328975937927
IGFBP2	SRR5949474	1.1542881659876676
IGFBP2	SRR5949475	1.1544080735423528
IGFBP2	SRR5949476	1.1543861423812125
IGFBP2	SRR5949477	1.1544018504729736
IGFBP2	SRR5949478	1.154328975937927
IGFBP2	SRR5949479	1.1538444146289202
IGFBP2	SRR5949480	1.1542612816136126
IGFBP2	SRR5949481	1.1544018504729736
IGFBP2	SRR5949482	1.1542129775631536
IGFBP2	SRR5949483	1.1538715423531325
IGFBP2	SRR5949484	1.1543930374941627
IGFBP2	SRR5949485	1.154099487946561
IGFBP2	SRR5949486	1.1542881659876676
IGFBP2	SRR5949487	1.1542612816136126
IGFBP2	SRR5949488	1.153987572083333
IGFBP2	SRR5949489	1.1541344162995835
IGFBP2	SRR5949490	1.1541360045743105
IGFBP2	SRR5949491	1.1542881659876676
IGFBP2	SRR5949492	1.1541360045743105
IGFBP2	SRR5949493	1.154243037085462
IGFBP2	SRR5949494	1.1544080735423528
IGFBP2	SRR5949495	1.154043329391819
IGFBP2	SRR5949496	1.154243037085462
IGFBP2	SRR5949497	1.1542612816136126
IGFBP2	SRR5949498	1.1543244711383844
IGFBP2	SRR5949499	1.1543930374941627
IGFBP2	SRR5949500	1.1539304288892793
IGFBP2	SRR5949501	1.1541014455850918
IGFBP2	SRR5949502	1.1538715423531325
IGFBP2	SRR5949503	1.1541360045743105
IGFBP2	SRR5949504	1.1543861423812125
IGFBP2	SRR5949505	1.1543861423812125
IGFBP2	SRR5949506	1.1543861423812125
IGFBP2	SRR5949507	1.1544018504729736
IGFBP2	SRR5949508	1.154243037085462
IGFBP2	SRR5949509	1.1543930374941627
IGFBP2	SRR5949510	1.1543861423812125
IGFBP2	SRR5949511	1.1536505416463956
IGFBP2	SRR5949512	1.154328975937927
IGFBP2	SRR5949513	1.1544080735423528
IGFBP2	SRR5949514	1.1542193125787963
IGFBP2	SRR5949515	1.1543930374941627
IGFBP2	SRR5949516	1.1543244711383844
IGFBP2	SRR5949517	1.1543861423812125
IGFBP2	SRR5949518	1.1538715423531325
IGFBP2	SRR5949519	1.154127700715507
IGFBP2	SRR5949520	1.1544018504729736
IGFBP2	SRR5949521	1.1537652995205527
IGFBP2	SRR5949522	1.154328975937927
IGFBP2	SRR5949523	1.1544018504729736
IGFBP2	SRR5949524	1.1542881659876676
IGFBP2	SRR5949525	1.1542129775631536
IGFBP2	SRR5949526	1.1537070312898285
IGFBP2	SRR5949527	1.1541360045743105
IGFBP2	SRR5949528	1.1530313538581225
IGFBP2	SRR5949529	1.1541014455850918
IGFBP2	SRR5949530	1.1542612816136126
IGFBP2	SRR5949531	1.1542342444976637
IGFBP2	SRR5949532	1.1544018504729736
IGFBP2	SRR5949533	1.1544080735423528
IGFBP2	SRR5949534	1.1541454974839138
IGFBP2	SRR5949535	1.1543861423812125
IGFBP2	SRR5949536	1.1543244711383844
IGFBP2	SRR5949537	1.1543930374941627
IGFBP2	SRR5949538	1.1544080735423528
IGFBP2	SRR5949539	1.154243037085462
IGFBP2	SRR5949540	1.154118135098547
IGFBP2	SRR5949541	1.1542612816136126
IGFBP2	SRR5949542	1.154118135098547
IGFBP2	SRR5949543	1.1542881659876676
IGFBP2	SRR5949544	1.154127700715507
IGFBP2	SRR5949545	1.1539394876265088
IGFBP2	SRR5949546	1.1541360045743105
IGFBP2	SRR5949547	1.1544080735423528
IGFBP2	SRR5949548	1.1542881659876676
IGFBP2	SRR5949549	1.1539534513664238
IGFBP2	SRR5949550	1.1535522984622077
IGFBP2	SRR5949551	1.154328975937927
IGFBP2	SRR5949552	1.154043329391819
IGFBP2	SRR5949553	1.1544066367558048
IGFBP2	SRR5949554	1.1543861423812125
IGFBP2	SRR5949555	1.1452054817287791
IGFBP2	SRR5949556	1.154099487946561
IGFBP2	SRR5949557	1.1542881659876676
IGFBP2	SRR5949558	1.154043329391819
IGFBP2	SRR5949559	1.1543930374941627
IGFBP2	SRR5949560	1.1544018504729736
IGFBP2	SRR5949561	1.1537430923754213
IGFBP2	SRR5949562	1.154043329391819
IGFBP2	SRR5949563	1.1542763738511965
IGFBP2	SRR5949564	1.1543244711383844
IGFBP2	SRR5949565	1.1544066367558048
IGFBP2	SRR5949566	1.1543861423812125
IGFBP2	SRR5949567	1.1525839843466772
IGFBP2	SRR5949568	1.154118135098547
IGFBP2	SRR5949569	1.1541344162995835
IGFBP2	SRR5949570	1.1542612816136126
IGFBP2	SRR5949571	1.1539394876265088
IGFBP2	SRR5949572	1.154243037085462
IGFBP2	SRR5949573	1.154127700715507
IGFBP2	SRR5949574	1.1542881659876676
IGFBP2	SRR5949575	1.154243037085462
IGFBP2	SRR5949576	1.1542129775631536
IGFBP2	SRR5949577	1.1544066367558048
IGFBP2	SRR5949578	1.1543244711383844
IGFBP2	SRR5949579	1.1543861423812125
IGFBP2	SRR5949580	1.1543930374941627
IGFBP2	SRR5949581	1.1544080735423528
IGFBP2	SRR5949582	1.1541312616794417
IGFBP2	SRR5949583	1.1544066367558048
IGFBP2	SRR5949584	1.1536496989510014
IGFBP2	SRR5949585	1.154328975937927
IGFBP2	SRR5949586	1.1543861423812125
IGFBP2	SRR5949587	1.1542881659876676
IGFBP2	SRR5949588	1.153006792126308
IGFBP2	SRR5949589	1.1544080735423528
IGFBP2	SRR5949590	1.1541360045743105
IGFBP2	SRR5949591	1.1543930374941627
IGFBP2	SRR5949592	1.154243037085462
IGFBP2	SRR5949593	1.1544080735423528
IGFBP2	SRR5949594	1.154243037085462
IGFBP2	SRR5949595	1.154328975937927
IGFBP2	SRR5949596	1.1542763738511965
IGFBP2	SRR5949597	1.1538444146289202
IGFBP2	SRR5949598	1.154243037085462
IGFBP2	SRR5949599	1.1541344162995835
IGFBP2	SRR5949600	1.1543244711383844
IGFBP2	SRR5949601	1.154243037085462
IGFBP2	SRR5949602	1.1544080735423528
IGFBP2	SRR5949603	1.1543244711383844
IGFBP2	SRR5949604	1.1543861423812125
IGFBP2	SRR5949605	1.154243037085462
IGFBP2	SRR5949606	1.1540286696356532
IGFBP2	SRR5949607	1.1544018504729736
IGFBP2	SRR5949608	1.1537626724135772
IGFBP2	SRR5950246	1.1537070312898285
IGFBP2	SRR5950247	1.154043329391819
IGFBP2	SRR5950248	1.1543244711383844
IGFBP2	SRR5950249	1.1544080735423528
IGFBP2	SRR5950250	1.154127700715507
IGFBP2	SRR5950251	1.1543244711383844
IGFBP2	SRR5950252	1.1544066367558048
IGFBP2	SRR5950253	1.154328975937927
IGFBP2	SRR5950254	1.1540286696356532
IGFBP2	SRR5950255	1.1537779842987672
IGFBP2	SRR5950256	1.1532906572572703
IGFBP2	SRR5950257	1.1532936707463863
IGFBP2	SRR5950258	1.1543244711383844
IGFBP2	SRR5950259	1.1544018504729736
IGFBP2	SRR5950260	1.1543244711383844
IGFBP2	SRR5950261	1.154328975937927
IGFBP2	SRR5950262	1.1542193125787963
IGFBP2	SRR5950263	1.1538444146289202
IGFBP2	SRR5950264	1.1544018504729736
IGFBP2	SRR5950265	1.154119770897195
IGFBP2	SRR5950266	1.153620340573047
IGFBP2	SRR5950267	1.1543244711383844
IGFBP2	SRR5950268	1.154243037085462
IGFBP2	SRR5950269	1.154243037085462
IGFBP2	SRR5950270	1.1539830975965506
IGFBP2	SRR5950271	1.1544080735423528
IGFBP2	SRR5950272	1.1544080735423528
IGFBP2	SRR5950273	1.1543244711383844
IGFBP2	SRR5950274	1.1541454974839138
IGFBP2	SRR5950275	1.154243037085462
IGFBP2	SRR5950276	1.154328975937927
IGFBP2	SRR5950277	1.1541014455850918
IGFBP2	SRR5950278	1.1537962707798937
IGFBP2	SRR5950279	1.1542763738511965
IGFBP2	SRR5950280	1.1543861423812125
IGFBP2	SRR5950281	1.154243037085462
IGFBP2	SRR5950282	1.1538447615632836
IGFBP2	SRR5950283	1.154328975937927
IGFBP2	SRR5950284	1.1511338942169325
IGFBP2	SRR5950285	1.1540843659274789
IGFBP2	SRR5950286	1.1542881659876676
IGFBP2	SRR5950287	1.1537833054890896
IGFBP2	SRR5950288	1.154118135098547
IGFBP2	SRR5950289	1.1537285180296166
IGFBP2	SRR5950290	1.1543930374941627
IGFBP2	SRR5950291	1.154328975937927
IGFBP2	SRR5950292	1.1542193125787963
IGFBP2	SRR5950293	1.1539534513664238
IGFBP2	SRR5950294	1.1544080735423528
IGFBP2	SRR5950295	1.1544018504729736
IGFBP2	SRR5950296	1.1542881659876676
IGFBP2	SRR5950297	1.1540286696356532
IGFBP2	SRR5950298	1.1543930374941627
IGFBP2	SRR5950299	1.1541312616794417
IGFBP2	SRR5950300	1.1542881659876676
IGFBP2	SRR5950301	1.154328975937927
IGFBP2	SRR5950302	1.1542612816136126
IGFBP2	SRR5950303	1.1541454974839138
IGFBP2	SRR5950304	1.1540148338403267
IGFBP2	SRR5950305	1.1542612816136126
IGFBP2	SRR5950306	1.1542763738511965
IGFBP2	SRR5950307	1.1541344162995835
IGFBP2	SRR5950308	1.1542342444976637
IGFBP2	SRR5950309	1.154243037085462
IGFBP2	SRR5950310	1.1542881659876676
IGFBP2	SRR5950311	1.1543930374941627
IGFBP2	SRR5950312	1.1543244711383844
IGFBP2	SRR5950313	1.1542193125787963
IGFBP2	SRR5950314	1.1543930374941627
IGFBP2	SRR5950315	1.154328975937927
IGFBP2	SRR5950316	1.1544018504729736
IGFBP2	SRR5950317	1.1541312616794417
IGFBP2	SRR5950318	1.153987572083333
IGFBP2	SRR5950319	1.1541360045743105
IGFBP2	SRR5950320	1.154119770897195
IGFBP2	SRR5950321	1.1533709738650642
IGFBP2	SRR5950322	1.1541014455850918
IGFBP2	SRR5950323	1.1542129775631536
IGFBP2	SRR5950324	1.1543930374941627
IGFBP2	SRR5950325	1.1542342444976637
IGFBP2	SRR5950326	1.154099487946561
IGFBP2	SRR5950327	1.154328975937927
IGFBP2	SRR5950328	1.154328975937927
IGFBP2	SRR5950329	1.1542881659876676
IGFBP2	SRR5950330	1.1541360045743105
IGFBP2	SRR5950331	1.1539534513664238
IGFBP2	SRR5950332	1.1540843659274789
IGFBP2	SRR5950333	1.1543930374941627
IGFBP2	SRR5950334	1.1543861423812125
IGFBP2	SRR5950335	1.1543861423812125
IGFBP2	SRR5950336	1.1524373005233322
IGFBP2	SRR5950337	1.1537962707798937
IGFBP2	SRR5950338	1.1531742805487435
IGFBP2	SRR5950339	1.1544080735423528
IGFBP2	SRR5950340	1.154127700715507
IGFBP2	SRR5950341	1.1542129775631536
IGFBP2	SRR5950342	1.1544018504729736
IGFBP2	SRR5950343	1.1542342444976637
IGFBP2	SRR5950344	1.154119770897195
IGFBP2	SRR5950345	1.1542129775631536
IGFBP2	SRR5950346	1.1543244711383844
IGFBP2	SRR5950347	1.1542612816136126
IGFBP2	SRR5950348	1.1541344162995835
IGFBP2	SRR5950349	1.1544066367558048
IGFBP2	SRR5950350	1.1543244711383844
IGFBP2	SRR5950351	1.1538444146289202
IGFBP2	SRR5950352	1.1544018504729736
IGFBP2	SRR5950353	1.1542763738511965
IGFBP2	SRR5950354	1.1544018504729736
IGFBP2	SRR5950355	1.1544066367558048
IGFBP2	SRR5950356	1.1537250692562184
IGFBP2	SRR5950357	1.1544018504729736
IGFBP2	SRR5950358	1.1541344162995835
IGFBP2	SRR5950359	1.1542342444976637
IGFBP2	SRR5950360	1.1544018504729736
IGFBP2	SRR5950361	1.1544018504729736
IGFBP2	SRR5950362	1.1541014455850918
IGFBP2	SRR5950363	1.153987572083333
IGFBP2	SRR5950364	1.1541360045743105
IGFBP2	SRR5950365	1.154328975937927
IGFBP2	SRR5950366	1.1543930374941627
IGFBP2	SRR5950367	1.153400485650712
IGFBP2	SRR5950368	1.1542763738511965
IGFBP2	SRR5950369	1.1544080735423528
IGFBP2	SRR5950370	1.1544080735423528
IGFBP2	SRR5950371	1.154328975937927
IGFBP2	SRR5950372	1.1543861423812125
IGFBP2	SRR5950373	1.1542881659876676
IGFBP2	SRR5950374	1.1542763738511965
IGFBP2	SRR5950375	1.1543930374941627
IGFBP2	SRR5950376	1.1544066367558048
IGFBP2	SRR5950377	1.1539830975965506
IGFBP2	SRR5950378	1.1542881659876676
IGFBP2	SRR5950379	1.1542763738511965
IGFBP2	SRR5950380	1.1542129775631536
IGFBP2	SRR5950381	1.1542129775631536
IGFBP2	SRR5950382	1.1537779842987672
IGFBP2	SRR5950383	1.1544066367558048
IGFBP2	SRR5950384	1.1543930374941627
IGFBP2	SRR5950385	1.1537833054890896
IGFBP2	SRR5950386	1.1543861423812125
IGFBP2	SRR5950387	1.1544066367558048
IGFBP2	SRR5950388	1.154127700715507
IGFBP2	SRR5950389	1.1532222126984653
IGFBP2	SRR5950390	1.1542129775631536
IGFBP2	SRR5950391	1.1544080735423528
IGFBP2	SRR5950392	1.1537652995205527
IGFBP2	SRR5950393	1.1541312616794417
IGFBP2	SRR5950394	1.154243037085462
IGFBP2	SRR5950395	1.1542763738511965
IGFBP2	SRR5950396	1.1544080735423528
IGFBP2	SRR5950397	1.1544066367558048
IGFBP2	SRR5950398	1.1544066367558048
IGFBP2	SRR5950399	1.1542193125787963
IGFBP2	SRR5950400	1.1542342444976637
IGFBP2	SRR5950401	1.1543930374941627
IGFBP2	SRR5950402	1.1543930374941627
IGFBP2	SRR5950403	1.154328975937927
IGFBP2	SRR5950404	1.1543861423812125
IGFBP2	SRR5950405	1.153006792126308
IGFBP2	SRR5950406	1.1539304288892793
IGFBP2	SRR5950407	1.154328975937927
IGFBP2	SRR5950408	1.154043329391819
IGFBP2	SRR5950409	1.154127700715507
IGFBP2	SRR5950410	1.1544080735423528
IGFBP2	SRR5950411	1.1544018504729736
IGFBP2	SRR5950412	1.1543861423812125
IGFBP2	SRR5950413	1.1539394876265088
IGFBP2	SRR5950414	1.1543861423812125
IGFBP2	SRR5950415	1.1542193125787963
IGFBP2	SRR5950416	1.154243037085462
IGFBP2	SRR5950417	1.1542342444976637
IGFBP2	SRR5950418	1.154119770897195
IGFBP2	SRR5950419	1.1544018504729736
IGFBP2	SRR5950420	1.1542612816136126
IGFBP2	SRR5950421	1.1541312616794417
IGFBP2	SRR5950422	1.1540976154898277
IGFBP2	SRR5950423	1.1542881659876676
IGFBP2	SRR5950424	1.1543930374941627
IGFBP2	SRR5950425	1.1544018504729736
IGFBP2	SRR5950426	1.1541344162995835
IGFBP2	SRR5950427	1.1543861423812125
IGFBP2	SRR5950428	1.1542881659876676
IGFBP2	SRR5950429	1.1544018504729736
IGFBP2	SRR5950430	1.154243037085462
IGFBP2	SRR5950431	1.1542612816136126
IGFBP2	SRR5950432	1.1543861423812125
IGFBP2	SRR5950433	1.154328975937927
IGFBP2	SRR5950434	1.1541344162995835
IGFBP2	SRR5950435	1.1542881659876676
IGFBP2	SRR5950436	1.1544018504729736
IGFBP2	SRR5950437	1.1542612816136126
IGFBP2	SRR5950438	1.1543930374941627
IGFBP2	SRR5950439	1.1544066367558048
IGFBP2	SRR5950440	1.150186403730464
IGFBP2	SRR5950441	1.1540843659274789
IGFBP2	SRR5950442	1.1543244711383844
IGFBP2	SRR5950443	1.1541454974839138
IGFBP2	SRR5950444	1.154328975937927
IGFBP2	SRR5950445	1.1543861423812125
IGFBP2	SRR5950446	1.1542129775631536
IGFBP2	SRR5950447	1.1539830975965506
IGFBP2	SRR5950448	1.1543244711383844
IGFBP2	SRR5950449	1.1543861423812125
IGFBP2	SRR5950450	1.1544018504729736
IGFBP2	SRR5950451	1.1544080735423528
IGFBP2	SRR5950452	1.154099487946561
IGFBP2	SRR5950453	1.1543930374941627
IGFBP2	SRR5950454	1.1540976154898277
IGFBP2	SRR5950455	1.1543930374941627
IGFBP2	SRR5950456	1.1542881659876676
IGFBP2	SRR5950457	1.1542129775631536
IGFBP2	SRR5950458	1.1544080735423528
IGFBP2	SRR5950459	1.1542612816136126
IGFBP2	SRR5950460	1.1542612816136126
IGFBP2	SRR5950461	1.1543244711383844
IGFBP2	SRR5950462	1.1538715423531325
IGFBP2	SRR5950463	1.1541454974839138
IGFBP2	SRR5950464	1.1541014455850918
IGFBP2	SRR5950465	1.1495981461456477
IGFBP2	SRR5950466	1.1543861423812125
IGFBP2	SRR5950467	1.1542763738511965
IGFBP2	SRR5950468	1.1543244711383844
IGFBP2	SRR5950469	1.1542129775631536
IGFBP2	SRR5950470	1.1544018504729736
IGFBP2	SRR5963912	1.1544080735423528
IGFBP2	SRR5963913	1.154118135098547
IGFBP2	SRR5963914	1.1544080735423528
IGFBP2	SRR5963915	1.154119770897195
IGFBP2	SRR5963916	1.1538752034369077
IGFBP2	SRR5963917	1.154243037085462
IGFBP2	SRR5963918	1.1542612816136126
IGFBP2	SRR5963919	1.1543861423812125
IGFBP2	SRR5963920	1.1542763738511965
IGFBP2	SRR5963921	1.1543930374941627
IGFBP2	SRR5963922	1.1542342444976637
IGFBP2	SRR5963923	1.1542612816136126
IGFBP2	SRR5963924	1.1543861423812125
IGFBP2	SRR5963925	1.154118135098547
IGFBP2	SRR5963926	1.154118135098547
IGFBP2	SRR5963927	1.1544018504729736
IGFBP2	SRR5963928	1.1540843659274789
IGFBP2	SRR5963929	1.154328975937927
IGFBP2	SRR5963930	1.1539394876265088
IGFBP2	SRR5963931	1.1544066367558048
IGFBP2	SRR5963932	1.1542881659876676
IGFBP2	SRR5963933	1.1542193125787963
IGFBP2	SRR5963934	1.153987572083333
IGFBP2	SRR5963935	1.1544080735423528
IGFBP2	SRR5963936	1.1541014455850918
IGFBP2	SRR5963937	1.1537833054890896
IGFBP2	SRR5963938	1.1543244711383844
IGFBP2	SRR5963939	1.1543861423812125
IGFBP2	SRR5963940	1.1543861423812125
IGFBP2	SRR5963941	1.1544080735423528
IGFBP2	SRR5963942	1.1544080735423528
IGFBP2	SRR5963943	1.1543930374941627
IGFBP2	SRR5963944	1.1544080735423528
IGFBP2	SRR5963945	1.1544066367558048
IGFBP2	SRR5963946	1.154328975937927
IGFBP2	SRR5963947	1.154328975937927
IGFBP2	SRR5963948	1.154328975937927
IGFBP2	SRR6467548	946.1834970437441
IGFBP2	SRR6467549	623.234823136726
IGFBP2	SRR6467550	2034.109754679402
IGFBP2	SRR6467551	312.06919288401184
IGFBP2	SRR6467552	1043.02533855671
IGFBP2	SRR6467553	275.5259031448391
IGFBP2	SRR6467554	381.42061871278617
IGFBP2	SRR6467555	535.6172894497861
IGFBP2	SRR6467556	274.21177866276514
IGFBP2	SRR6467557	817.2449686502123
IGFBP2	SRR6467558	558.0998884273428
IGFBP2	SRR6467559	562.2298880061278
IGFBP2	SRR6467560	700.0940660827201
IGFBP2	SRR6467561	428.1749861049679
IGFBP2	SRR6467562	1197.5332372482644
IGFBP2	SRR6467563	999.155310737743
IGFBP2	SRR6467564	2279.5564578807484
IGFBP2	SRR6467565	788.5866589052195
IGFBP2	SRR6467566	1041.994602295114
IGFBP2	SRR6467567	1115.2424411330041
IGFBP2	SRR6467568	739.0198205004243
IGFBP2	SRR6467569	249.60928182357964
IGFBP2	SRR6467570	1075.5326308468082
IGFBP2	SRR6467571	1377.9914924730163
IGFBP2	SRR6467572	613.7707446498293
IGFBP2	SRR6467573	899.0989200702628
IGFBP2	SRR6467574	884
IGFBP2	SRR6467575	932.9759262132053
IGFBP2	SRR6467576	672.1571616583822
IGFBP2	SRR6467577	443.63818343810414
IGFBP2	SRR6467578	1040.1585261812495
IGFBP2	SRR6467579	1557.4741028525657
IGFBP2	SRR6467580	2565.6583332080254
IGFBP2	SRR6467581	1727.6361186986537
IGFBP2	SRR6467582	1719.0885560920108
IGFBP2	SRR6467583	753
IGFBP2	SRR6467584	518.8957125428143
IGFBP2	SRR6467585	2750.259338570164
IGFBP2	SRR6467586	2157.0793826090094
IGFBP2	SRR6467587	750.6134053834769
IGFBP2	SRR6467588	483.3221441884367
IGFBP2	SRR6467589	996
IGFBP2	SRR6467590	964.7016502988004
IGFBP2	SRR6467591	850.8975951285678
IGFBP2	SRR6467592	1124.6878559348527
IGFBP2	SRR6467593	625.8472249939149
IGFBP2	SRR6467594	832.7794468029192
IGFBP2	SRR6467595	335.7344251016984
IGFBP2	SRR6467596	1170
IGFBP2	SRR6467597	1245.0606996934844
IGFBP2	SRR6467598	1722.4464876830043
IGFBP2	SRR6467599	2117.976699950027
IGFBP2	SRR6467600	579.7829075177801
IGFBP2	SRR6467601	1356.5234091038656
IGFBP2	SRR6467602	695.2626076408482
IGFBP2	SRR6467603	1593
IGFBP2	SRR6467604	1656.0196699976905
IGFBP2	SRR6467605	808.9059353264998
IGFBP2	SRR6467606	857
IGFBP2	SRR6467607	944
IGFBP2	SRR6467608	1562.0943218364316
IGFBP2	SRR6467609	1393.2506855921392
IGFBP2	SRR6467610	1136.30431748047
IGFBP2	SRR6467611	1062.165717930974
IGFBP2	SRR6467612	770.4470870529857
IGFBP2	SRR6467613	1388
IGFBP2	SRR6467614	1685
IGFBP2	SRR6467615	1631.6275047955905
IGFBP2	SRR6467616	950.3120963078997
IGFBP2	SRR6467617	1030.8720139122036
IGFBP2	SRR6467618	1049
IGFBP2	SRR6467619	1559.8275924580817
IGFBP2	SRR6467620	993.6042830166263
IGFBP2	SRR6467621	715.6477783696139
IGFBP2	SRR6467622	1426.1711586536342
IGFBP2	SRR6467623	852.3208261672822
IGFBP2	SRR6467624	1527.2748003583608
IGFBP2	SRR6467625	2544
IGFBP2	SRR6467626	3684
IGFBP2	SRR6467627	850.4643797706036
IGFBP2	SRR6467628	2513
IGFBP2	SRR6467629	1026.9463744499621
IGFBP2	SRR6467630	1055.7596402026377
IGFBP2	SRR6467631	639.5751821929429
IGFBP2	SRR6467632	1507.768301152836
IGFBP2	SRR6467633	773
IGFBP2	SRR6467634	1401.6186090705476
IGFBP2	SRR6467635	2428.3767539991736
IGFBP2	SRR6467636	1438.3937397697798
IGFBP2	SRR6467637	1550
IGFBP2	SRR6467638	599
IGFBP2	SRR6467639	3389.8128268227224
IGFBP2	SRR6467640	591.1149695598782
IGFBP2	SRR6467641	2110.4656612485596
IGFBP2	SRR6467642	1927.56233717084
IGFBP2	SRR6467643	399.94392633146975
IGFBP2	SRR6467644	713
IGFBP2	SRR6467645	2057.105472386249
IGFBP2	SRR6467646	904
IGFBP2	SRR6467647	971.356287081195
IGFBP2	SRR6467648	2201.708451121391
IGFBP2	SRR6467649	793.1784503796008
IGFBP2	SRR6467650	172.9416014375243
IGFBP2	SRR6467651	2244.5827695633693
IGFBP2	SRR6467652	1832.329688445656
IGFBP2	SRR6467653	506.9966169651587
IGFBP2	SRR6467654	1949.2768464291155
IGFBP2	SRR6467655	325
IGFBP2	SRR6467656	1498.4316189684262
IGFBP2	SRR6467657	2202
IGFBP2	SRR6467658	2425
IGFBP2	SRR6467659	954.2919671823432
IGFBP2	SRR6467660	2085.181607452409
IGFBP2	SRR6467661	1386.287978905037
IGFBP2	SRR6467662	1171.391886162706
IGFBP2	SRR6467663	1856.1982897121409
IGFBP2	SRR6467664	857.9984156240596
IGFBP2	SRR6467665	458
IGFBP2	SRR6467666	696
IGFBP2	SRR6467667	704.6884916166383
IGFBP2	SRR6467668	1116.1899957532767
IGFBP2	SRR6467669	898
IGFBP2	SRR6467670	1284
IGFBP2	SRR6467671	476.20038488844426
IGFBP2	SRR6467672	868.6296489735031
IGFBP2	SRR6467673	619.8923429195826
IGFBP2	SRR6467674	672.2176361844764
IGFBP2	SRR6467675	532.5697874374017
IGFBP2	SRR6467676	1888.3989484250883
IGFBP2	SRR6467677	332
IGFBP2	SRR6467678	1118
IGFBP2	SRR6467679	544
IGFBP2	SRR6467680	439.66728711460735
IGFBP2	SRR6467681	276
IGFBP2	SRR6467682	712.2559076980417
IGFBP2	SRR6467683	1734.2065148477234
IGFBP2	SRR6467684	3890.131207636362
IGFBP2	SRR6467685	774.7750154039692
IGFBP2	SRR6467686	417.61349719620335
IGFBP2	SRR6467687	745.580163850159
IGFBP2	SRR6467688	1779.4791071998832
IGFBP2	SRR6467689	1718.9363959270704
IGFBP2	SRR6467690	1162.339411438304
IGFBP2	SRR6467691	1163.4368790286596
IGFBP2	SRR6467692	1804.9476935579946
IGFBP2	SRR6467693	2295.8638251493576
IGFBP2	SRR6467694	564.2538266297096
IGFBP2	SRR6467695	642.9249181317905
IGFBP2	SRR6467696	1107.529687095391
IGFBP2	SRR6467697	661
IGFBP2	SRR6467698	630.9491287501447
IGFBP2	SRR6467699	783
IGFBP2	SRR6467700	508.02787730673043
IGFBP2	SRR6467701	959
IGFBP2	SRR6467702	684.6785093542372
IGFBP2	SRR6467703	2101.731032131332
IGFBP2	SRR6467704	2148.0155248856863
IGFBP2	SRR6467705	1191.7341860561921
IGFBP2	SRR6467706	742.4488643328339
IGFBP2	SRR6467707	1296
IGFBP2	SRR6467708	702.2101026170988
IGFBP2	SRR6467709	1209
IGFBP2	SRR6467710	675.6075868235312
IGFBP2	SRR6467711	556.7593881652718
IGFBP2	SRR6467712	315.52399695067567
IGFBP2	SRR6467713	493.7764739264992
IGFBP2	SRR6467714	1298.728703695191
IGFBP2	SRR6467715	1231
IGFBP2	SRR6467716	1484
IGFBP2	SRR6467717	319.88186308531544
IGFBP2	SRR6467718	546.2976048959252
IGFBP2	SRR6467719	680.479393069776
IGFBP2	SRR6467720	1786
IGFBP2	SRR6467721	559.9060355073728
IGFBP2	SRR6467722	3012
IGFBP2	SRR6467723	2061
IGFBP2	SRR6467724	3013
IGFBP2	SRR6467725	710
IGFBP2	SRR6467726	285.5890871920658
IGFBP2	SRR6467727	961.2459971956911
IGFBP2	SRR6467728	1498
IGFBP2	SRR6467729	640.411821598706
IGFBP2	SRR6467730	1623.4747046806535
IGFBP2	SRR6467731	321.1467168140907
IGFBP2	SRR6467732	1867.0717507921233
IGFBP2	SRR6467733	1075.8539945945279
IGFBP2	SRR6467734	389.46040708925585
IGFBP2	SRR6467735	424.4935293441042
IGFBP2	SRR6467736	587.6271732763537
IGFBP2	SRR6467737	908.6249441012001
IGFBP2	SRR6467738	696.2505281718119
IGFBP2	SRR6467739	3523
IGFBP2	SRR6467740	860.621832554037
IGFBP2	SRR6467741	1006.0200386775758
IGFBP2	SRR6467742	1122
IGFBP2	SRR6467743	1908
IGFBP2	SRR6467744	1233
IGFBP2	SRR6467745	645.3000918180135
IGFBP2	SRR6467746	210.66784337115143
IGFBP2	SRR6467747	2205.946736135146
IGFBP2	SRR6467748	3372.0671998175003
IGFBP2	SRR6467749	835
IGFBP2	SRR6467750	1280.0298985801614
IGFBP2	SRR6467751	369.5025664536082
IGFBP2	SRR6467752	1820.9174974080572
IGFBP2	SRR6467753	2967.6538411165852
IGFBP2	SRR6467754	1288.9434745470414
IGFBP2	SRR6467755	467.88338965296526
IGFBP2	SRR6467756	941.1847824882948
IGFBP2	SRR6467757	1694
IGFBP2	SRR6467758	737
IGFBP2	SRR6467759	592.3472165019873
IGFBP2	SRR6467760	5408.501073791228
IGFBP2	SRR6467761	1381.0876844603683
IGFBP2	SRR6467762	1459.2853948729808
IGFBP2	SRR6467763	1818.7864834070697
IGFBP2	SRR6467764	2591.0558081522245
IGFBP2	SRR6467765	1417.7847361738568
IGFBP2	SRR6467766	180.64605251736634
IGFBP2	SRR6467767	486.2925742900182
IGFBP2	SRR6467768	2595.0134592430827
IGFBP2	SRR6467769	254.49629882691278
IGFBP2	SRR6467770	320
IGFBP2	SRR6467771	376.87778297923023
IGFBP2	SRR6467772	224.59722798970915
IGFBP2	SRR6467773	837.2968417717984
IGFBP2	SRR6868540	27.39623687007508
IGFBP2	SRR6868541	5.137317351782641
IGFBP2	SRR6868542	9.429259967254184
IGFBP2	SRR6868543	6.090517943455864
IGFBP2	SRR6868544	6.047034471963946
IGFBP2	SRR6868545	1.0247076064653797
IGFBP2	SRR6868546	6.094030555585273
IGFBP2	SRR6868557	5.295543419331691
IGFBP2	SRR6868558	7.343610536002834
IGFBP2	SRR6868559	1.0325281504175436
IGFBP2	SRR6868560	36.359064671923576
IGFBP2	SRR6868569	7.432433066254183
IGFBP2	SRR6868570	3.0642490814457126
IGFBP2	SRR6868571	2.0887332246646353
IGFBP2	SRR6868572	11.12926529650715
IGFBP2	SRR6868573	8.327973469114308
IGFBP2	SRR6868574	19.232235593004393
IGFBP2	SRR6868575	3.077416333382748
IGFBP2	SRR6868576	1.0158996451240243
IGFBP2	SRR6868577	19.611647772425957
IGFBP2	SRR6868578	32.49664198724082
IGFBP2	SRR6868579	5.218643414500461
IGFBP2	SRR6868580	8.086021860293203
IGFBP2	SRR6868581	26.88247388565108
IGFBP2	SRR6868582	3.0984466144592537
IGFBP2	SRR6868585	37.81654937828322
IGFBP2	SRR6868586	12.7140465101841
IGFBP2	SRR6868587	13.77937229314014
IGFBP2	SRR6868588	5.035926167781363
IGFBP2	SRR6868589	28.30848962513532
IGFBP2	SRR6868590	9.288305158295223
IGFBP2	SRR6868591	4.052094555412969
IGFBP2	SRR6868604	10.757554710993519
IGFBP2	SRR6868605	2.0636261418897517
IGFBP2	SRR6868606	17.69009591876481
IGFBP2	SRR6868607	27.924870219430424
IGFBP2	SRR6868608	9.217584001748602
IGFBP2	SRR6868609	12.526669265909673
IGFBP2	SRR6868610	4.155707819845564
IGFBP2	SRR6868620	8.090249437629849
IGFBP2	SRR6868621	17.371033457106215
IGFBP2	SRR6868622	2.0479548907673593
IGFBP2	SRR6868623	18.98573444800321
IGFBP2	SRR6868636	6.26232021471808
IGFBP2	SRR6868637	4.1034146007870795
IGFBP2	SRR6868638	12.5535043029302
IGFBP2	SRR6868639	19.204250398151693
IGFBP2	SRR6868650	2.07920000927293
IGFBP2	SRR6868651	5.144754972757173
IGFBP2	SRR6868652	23.699379058125597
IGFBP2	SRR6868653	32.601542311827515
IGFBP2	SRR6868654	3.0450923874705116
IGFBP2	SRR6868655	2.0697806486844064
IGFBP2	SRR6868665	21.302890410679336
IGFBP2	SRR6868666	56.573257865270314
IGFBP2	SRR6868667	11.126431828351869
IGFBP2	SRR6868668	7.052171388824138
IGFBP2	SRR6868669	14.106777003649423
IGFBP2	SRR6868670	35.62097380133615
IGFBP2	SRR6868671	43.621177705248826
IGFBP2	SRR6868683	2.0253736533366813
IGFBP2	SRR6868684	37.58012804868698
IGFBP2	SRR6868685	28.596740048278274
IGFBP2	SRR6868686	102.03818270688816
IGFBP2	SRR6868687	18.501970560429868
IGFBP2	SRR6868688	1.0267982277074879
IGFBP2	SRR6868689	39.569630469393026
IGFBP2	SRR6868698	26.47371005956921
IGFBP2	SRR6868699	5.035277892882558
IGFBP2	SRR6868700	20.321099467678017
IGFBP2	SRR6868701	24.251702728123355
IGFBP2	SRR6868702	24.18428981664461
IGFBP2	SRR6868713	32.33451064578392
IGFBP2	SRR6868714	8.147316088883668
IGFBP2	SRR6868715	13.107885053163763
IGFBP2	SRR6868716	49.328169208539066
IGFBP2	SRR6868717	3.0307542113014234
IGFBP2	SRR6868718	11.042915683033115
IGFBP2	SRR6868719	4.006483259444528
IGFBP2	SRR6868720	7.035426655576147
IGFBP2	SRR6868721	4.044964388862464
IGFBP2	SRR6868722	5.083819527384291
IGFBP2	SRR6868723	10.194863017371107
IGFBP2	SRR6868724	4.0387570624146685
IGFBP2	SRR6868725	13.054314130429422
IGFBP2	SRR6868726	91.21956328130318
IGFBP2	SRR6868741	4.057765832025446
IGFBP2	SRR7632756	1351.0969098725438
IGFBP2	SRR7632757	311.4197767338475
IGFBP2	SRR7632758	238.51574113178015
IGFBP2	SRR7632759	261.5835101263909
IGFBP2	SRR7632760	551.9882753179021
IGFBP2	SRR7632761	223.58101041973487
IGFBP2	SRR7632762	412.1401423172377
IGFBP2	SRR7632763	1123.1363379926213
IGFBP2	SRR7632764	173.1844471070375
IGFBP2	SRR7632765	248.6517277377632
IGFBP2	SRR7632766	323.7989989048198
IGFBP2	SRR7632767	91.21591289803813
IGFBP2	SRR7632768	570.1050826408779
IGFBP2	SRR7632769	532.0462552534818
IGFBP2	SRR7632770	355.9206874680995
IGFBP2	SRR7632771	249.3266401218951
IGFBP2	SRR7632772	689.0562522532484
IGFBP2	SRR7632773	183.990621893012
IGFBP2	SRR7632774	133.84383143618493
IGFBP2	SRR7632775	355.8431729179053
IGFBP2	SRR7632776	1286.0317987068815
IGFBP2	SRR7632777	597.0785458494797
IGFBP2	SRR7632778	667.7693419618906
IGFBP2	SRR7632779	1050.8495941495723
IGFBP2	SRR7632780	110.40821272955351
IGFBP2	SRR7632781	1670.8732469325264
IGFBP2	SRR7632782	212.87493903156192
IGFBP2	SRR7632783	794.8042521041253
IGFBP2	SRR7632784	189.63927415731024
IGFBP2	SRR7632785	581.1532758628299
IGFBP2	SRR7632786	960.3803533395188
IGFBP2	SRR7632787	267.03558082090103
IGFBP2	SRR7632788	397.90006414024765
IGFBP2	SRR7632789	908.2396107692526
IGFBP2	SRR7632790	237.3124215657738
IGFBP2	SRR7632791	168.2255251566558
IGFBP2	SRR7632792	166.21381697995017
IGFBP2	SRR7632793	167.00323263716112
IGFBP2	SRR7632794	1021.0477562523271
IGFBP2	SRR7632795	599.9300139035521
IGFBP2	SRR7632796	288.8927349588105
IGFBP2	SRR7632797	86.30244241021514
IGFBP2	SRR7632798	117.67046640292801
IGFBP2	SRR7632799	222.65121741965842
IGFBP2	SRR7632800	504.48204155722965
IGFBP2	SRR7632801	281.47357696983806
IGFBP2	SRR7632802	2028.661088522749
IGFBP2	SRR7632803	283.65685503314023
IGFBP2	SRR7632804	73.87698524758935
IGFBP2	SRR7632805	367.132556156529
IGFBP2	SRR7632806	382.75812215351584
IGFBP2	SRR7632807	421.63374198214564
IGFBP2	SRR7632808	1568.7903537063307
IGFBP2	SRR7632809	321.9906553500114
IGFBP2	SRR7632810	508.1140730767144
IGFBP2	SRR7632811	494.3388271887048
IGFBP2	SRR7632812	61.4379392548451
IGFBP2	SRR7632813	1218.5062707136867
IGFBP2	SRR7632814	2833.9925694043172
IGFBP2	SRR7632815	505.93891756316475
IGFBP2	SRR7632816	378.54343661846326
IGFBP2	SRR7632817	136.45940555100967
IGFBP2	SRR7632818	1350.2882425130329
IGFBP2	SRR7632819	637.5566310033682
IGFBP2	SRR7632820	600.1010729865677
IGFBP2	SRR7632821	574.9908686194218
IGFBP2	SRR7632822	120.49138378630647
IGFBP2	SRR7632823	168.61834562920737
IGFBP2	SRR7632824	240.09227411484054
IGFBP2	SRR7632825	183.51393139779674
IGFBP2	SRR7632826	2410.5545356567172
IGFBP2	SRR7632827	649.9046996265602
IGFBP2	SRR7632828	351.96617763634254
IGFBP2	SRR7632829	659.4019431593267
IGFBP2	SRR7632830	208.6718283923391
IGFBP2	SRR7632831	846.7754212520606
IGFBP2	SRR7632832	165.38299031051778
IGFBP2	SRR7632833	288.16523003070193
IGFBP2	SRR7632834	286.1467097520624
IGFBP2	SRR7632835	246.4268086138967
IGFBP2	SRR7632836	179.64211996613017
IGFBP2	SRR7632837	538.4388716808842
IGFBP2	SRR7632838	687.915267158254
IGFBP2	SRR7632839	157.79303320208106
IGFBP2	SRR7632840	346.32657539845127
IGFBP2	SRR7632841	107.44063244648845
IGFBP2	SRR7632842	380.718100135693
IGFBP2	SRR7632843	1131.9311700058915
IGFBP2	SRR7632844	486.59934607298845
IGFBP2	SRR7632845	168.84114892760172
IGFBP2	SRR7632846	168.9975155842511
IGFBP2	SRR7632847	648.9501972779543
IGFBP2	SRR7632848	194.7681223595472
IGFBP2	SRR7632849	114.28485431912772
IGFBP2	SRR7632850	327.1698982338419
IGFBP2	SRR7632851	521.2397769146262
IGFBP2	SRR7632852	267.3365286429518
IGFBP2	SRR7632853	157.7957232801667
IGFBP2	SRR7632854	675.4319478408298
IGFBP2	SRR7632855	250
IGFBP2	SRR7632856	160.02902634045697
IGFBP2	SRR7632857	274.88779388003843
IGFBP2	SRR7632858	337.08078628603334
IGFBP2	SRR7632859	1051.1392188785155
IGFBP2	SRR7632860	361.3691595110027
IGFBP2	SRR7632861	236.18754671235715
IGFBP2	SRR7632862	218.445368721079
IGFBP2	SRR7632863	298.8344966041157
IGFBP2	SRR7632864	52.711994411132295
IGFBP2	SRR7632865	958.3786490976652
IGFBP2	SRR7632866	566.1978015280006
IGFBP2	SRR7632867	226.31255220204022
IGFBP2	SRR7632868	246.1571796130416
IGFBP2	SRR7632869	591.1025295165412
IGFBP2	SRR7632870	187.71869188963757
IGFBP2	SRR7632871	298.4833865011811
IGFBP2	SRR7632872	360.2668883279804
IGFBP2	SRR7632873	354.47483754166046
IGFBP2	SRR7632874	124.32966545287356
IGFBP2	SRR7632875	255.4211177103245
IGFBP2	SRR7632876	341.76780716948485
IGFBP2	SRR7632877	226.96743685894316
IGFBP2	SRR7632878	247.35246622557267
IGFBP2	SRR7632879	334.75723280313025
IGFBP2	SRR7632880	408.040362606669
IGFBP2	SRR7632881	129.77138362171397
IGFBP2	SRR7632882	375.80144941268406
IGFBP2	SRR7632883	158.50103126517593
IGFBP2	SRR7632884	177.81958641010428
IGFBP2	SRR7632885	228.13897013510098
IGFBP2	SRR7632886	946.6502528326238
IGFBP2	SRR7632887	1139.4282221309113
IGFBP2	SRR7632888	634.2925231936659
IGFBP2	SRR7632889	847.0312282065505
IGFBP2	SRR7632890	77.15019095616444
IGFBP2	SRR7632891	166.5087703368098
IGFBP2	SRR7632892	216.2532340986374
IGFBP2	SRR7632893	308.355214644467
IGFBP2	SRR7632894	145.57526874320587
IGFBP2	SRR7632895	376.3268105846658
IGFBP2	SRR7632896	233.19677799492834
IGFBP2	SRR7632897	774.1529520478689
IGFBP2	SRR7632898	325.2140567677824
IGFBP2	SRR7632899	362.4984480598303
IGFBP2	SRR7632900	220.46600444853743
IGFBP2	SRR7632901	441.7939056458062
IGFBP2	SRR7632902	330.9001015138215
IGFBP2	SRR7632903	503.21982579988907
IGFBP2	SRR7632904	776.8478824306127
IGFBP2	SRR7632905	151.95185660742467
IGFBP2	SRR7632906	457.41457180598223
IGFBP2	SRR7632907	134.63528126280863
IGFBP2	SRR7632908	314.26374026917466
IGFBP2	SRR7632909	2223.6573522032236
IGFBP2	SRR7632910	285.48966752672504
IGFBP2	SRR7632911	690.8536754040684
IGFBP2	SRR7632912	1274.6508122502703
IGFBP2	SRR7632913	229.77324565930667
IGFBP2	SRR7632914	117.56755717114585
IGFBP2	SRR7632915	331.2542587237934
IGFBP2	SRR7632916	214.19240226433405
IGFBP2	SRR7632917	383.1273705840412
IGFBP2	SRR7632918	701.7205069572415
IGFBP2	SRR7632919	487.20993734218456
IGFBP2	SRR7632920	499.7352548202533
IGFBP2	SRR7632921	258.10693540182393
IGFBP2	SRR7632922	3047.292227770715
IGFBP2	SRR7632923	739.6479248813581
IGFBP2	SRR7632924	322.2504320843196
IGFBP2	SRR7632925	475.1203281734871
IGFBP2	SRR7632926	238.3303799183528
IGFBP2	SRR7632927	283.7328346346078
IGFBP2	SRR7632928	505.6765356827401
IGFBP2	SRR7632929	335.1650354124776
IGFBP2	SRR7632930	733.6597942839236
IGFBP2	SRR7632931	1750.259346648733
IGFBP2	SRR7632932	215.40836889753336
IGFBP2	SRR7632933	2192.690248520346
IGFBP2	SRR7632934	445.96182773615595
IGFBP2	SRR7632935	538.3901090846241
IGFBP2	SRR7632936	95.98584513780983
IGFBP2	SRR7632937	364.1867703903844
IGFBP2	SRR7632938	231.02096566343187
IGFBP2	SRR7632939	336.21392697234523
IGFBP2	SRR7632940	1099.1273353858135
IGFBP2	SRR7632941	988.8835263947564
IGFBP2	SRR7632942	331.48052062888985
IGFBP2	SRR7632943	1708
IGFBP2	SRR7632944	423.66569288859336
IGFBP2	SRR7632945	309
IGFBP2	SRR8928966	411.6096209809377
IGFBP2	SRR8928967	701.7494786740623
IGFBP2	SRR8928968	1755.4713779826868
IGFBP2	SRR8928969	335.7646418713959
IGFBP2	SRR8928970	2025.257410660537
IGFBP2	SRR8928971	491.7524376448125
IGFBP2	SRR8928972	93.76675335378778
IGFBP2	SRR8928973	763.5279169124319
IGFBP2	SRR8928974	169.25446869004986
IGFBP2	SRR8928975	341.85041741204907
IGFBP2	SRR8928976	95.84758582914358
IGFBP2	SRR8928977	93.79081806973959
IGFBP2	SRR8928978	582.6483210260789
IGFBP2	SRR8928979	3233.3106799861853
IGFBP2	SRR8928980	799.3605416875923
IGFBP2	SRR8928981	1044.095815063797
IGFBP2	SRR8928982	2315.1541514496435
IGFBP2	SRR8928983	175.33364162126597
IGFBP2	SRR8928984	327.8167704896558
IGFBP2	SRR8928985	1049.334247516853
IGFBP2	SRR8928986	981.7696822948536
IGFBP2	SRR8928987	1410
IGFBP2	SRR8928988	4437
IGFBP2	SRR8928989	1736.6063872035693
IGFBP2	SRR8928990	673.0377652679646
IGFBP2	SRR8928991	739.8983446522475
IGFBP2	SRR9835604	96.35457632520064
IGFBP2	SRR9835605	574.1568100898049
IGFBP2	SRR9835606	481.0209265221564
IGFBP2	SRR9835607	1538.6795744009366
IGFBP2	SRR9835608	335.8153918922762
IGFBP2	SRR9835609	680
IGFBP2	SRR9835610	229.0500967201519
IGFBP2	SRR9835611	252.27222339246515
IGFBP2	SRR9835612	809.14548403604
IGFBP2	SRR9835613	675.9697471046594
IGFBP2	SRR9835614	523.1196066234791
IGFBP2	SRR9835615	589.1823605889776
IGFBP2	SRR9835616	1317.6679350283703
IGFBP2	SRR9835617	405.103130021682
IGFBP2	SRR9835618	508.6940719355795
IGFBP2	SRR9835619	261
IGFBP2	SRR9835620	324.5147166042253
IGFBP2	SRR9835621	513.323260563624
IGFBP2	SRR9835622	881.4027267501601
IGFBP2	SRR9835623	330.05938711084417
IGFBP2	SRR9835624	189.05425989773556
IGFBP2	SRR9835625	1392.2717219511499
IGFBP2	SRR9835626	1324.8817090584782
IGFBP2	SRR9835627	596.2153647405605
IGFBP2	SRR9835628	970.8875036863681
IGFBP2	SRR9835629	2630.6327000362794
IGFBP2	SRR9835630	751.4176669035843
IGFBP2	SRR9835631	264.6788467179865
IGFBP2	SRR9835632	401.9123434559828
IGFBP2	SRR9835633	402.95407408350815
IGFBP2	SRR9835634	697.2954959575433
IGFBP2	SRR9835635	203.97396835036795
IGFBP2	SRR9835636	620.2264572285779
IGFBP2	SRR9835637	794.5038361619772
IGFBP2	SRR9835638	131.24220672941038
IGFBP2	SRR9835639	1019.3857487003735
IGFBP2	SRR9835640	1705.783769412636
IGFBP2	SRR9835641	1114.2178485713105
IGFBP2	SRR9835642	302.7290595676912
IGFBP2	SRR9835643	1100.1830833977235
IGFBP2	SRR9835644	173.5583485038704
IGFBP2	SRR9835645	213.03210698595743
IGFBP2	SRR9835646	677.1657242986576
IGFBP2	SRR9835647	642.5405276964508
IGFBP2	SRR9835648	356.3006526000806
IGFBP2	SRR9835649	826.2784311428022
IGFBP2	SRR9835650	1522.75550915211
IGFBP2	SRR9835651	656.4723449980382
IGFBP2	SRR9835652	746.407026970907
IGFBP2	SRR9835653	967.6673938398444
IGFBP2	SRR9835654	510.07326478205994
IGFBP2	SRR9835655	1027.2112124449618
IGFBP2	SRR9835656	651.7192674776298
IGFBP2	SRR9835657	382.58934058985733
IGFBP2	SRR9835658	1752.51897176004
IGFBP2	SRR9835659	601.5149050610535
IGFBP2	SRR9835660	469.46523027972006
IGFBP2	SRR9835661	1820.272319452396
IGFBP2	SRR9835662	1203.1687327423647
IGFBP2	SRR9835663	792.4610506902567
IGFBP2	SRR9835664	887.5294592278881
IGFBP2	SRR9835665	540.1909054071589
IGFBP2	SRR9835666	551
IGFBP2	SRR9835667	883.1977951848824
IGFBP2	SRR9835668	572
IGFBP2	SRR9835669	455.73192824336127
IGFBP2	SRR9835670	937.5627883684139
IGFBP2	SRR9835671	231.03620860461967
IGFBP2	SRR9835672	1057.8229220594242
IGFBP2	SRR9835673	556.2672623155697
IGFBP2	SRR9835674	2637.2264217554784
IGFBP2	SRR9835675	629.332982276033
IGFBP2	SRR9835676	414.83672378458687
IGFBP2	SRR9835677	745.9551832132896
IGFBP2	SRR9835678	678.9788690600701
IGFBP2	SRR9835679	1060.9035692763862
IGFBP2	SRR9835680	1172.657950917071
IGFBP2	SRR9835681	491.47226393506514
IGFBP2	SRR9835682	551.3051700091631
IGFBP2	SRR9835683	1465.069677310462
IGFBP2	SRR9835684	1138.7389729355166
IGFBP2	SRR9835685	419.08785180244
IGFBP2	SRR9835686	708.2524030284253
IGFBP2	SRR9835687	360.6627516409005
IGFBP2	SRR9835688	2016
IGFBP2	SRR9835689	908.5409446467346
IGFBP2	SRR9835690	1160.317065175029
IGFBP2	SRR9835691	1221.667487630925
IGFBP2	SRR9835692	261.5939030423717
IGFBP2	SRR9835693	893.5455340665427
IGFBP2	SRR9835694	459.6223596740738
IGFBP2	SRR9835695	988.0033997395241
IGFBP2	SRR9835696	938.9666288355468
IGFBP2	SRR9835697	153.76767590603723
IGFBP2	SRR9835698	1499.3942391286685
IGFBP2	SRR9835699	714.1241426367616
IGFBP2	SRR9835700	1167.5540455029213
IGFBP2	SRR9835701	387.0775447976141
IGFBP2	SRR9835702	635
IGFBP2	SRR9835703	664.7061500893332
IGFBP2	SRR9835704	434.97160210964836
IGFBP2	SRR9835705	985.8787134117156
IGFBP2	SRR9835706	225.43630050541492
IGFBP2	SRR9835707	806.8706827552655
IGFBP2	SRR9835708	439.44141004521975
IGFBP2	SRR9835709	913.3286382483682
IGFBP2	SRR9835710	850.9583279591689
IGFBP2	SRR9835711	678.2440489949547
IGFBP2	SRR9835712	545.3630495339062
IGFBP2	SRR9835713	880.6758342005302
IGFBP2	SRR9835714	858.3249329578958
IGFBP2	SRR9835715	710.5181091463234
IGFBP2	SRR9835716	784.3001455757618
IGFBP2	SRR9835717	993.390553529088
IGFBP2	SRR9835718	120.83367359119005
IGFBP2	SRR9835719	1012.575463620228
IGFBP2	SRR9835720	1900.7530087922923
IGFBP2	SRR9835721	638.2764604113456
IGFBP2	SRR9835722	200.4639923749749
IGFBP2	SRR9835723	885
IGFBP2	SRR9835724	870.9737225790128
IGFBP2	SRR9835725	1067.4640286529384
IGFBP2	SRR9835726	1124.8093228320047
IGFBP2	SRR9835727	2181.6671261744477
IGFBP2	SRR9835728	1181.0707000543964
IGFBP2	SRR9835729	901.9043843461307
IGFBP2	SRR9835730	541.0646704105359
IGFBP2	SRR9835731	276.415851999047
IGFBP2	SRR9835732	529.4786984250212
IGFBP2	SRR9835733	1632.254728247974
IGFBP2	SRR9835734	566.4424772835057
IGFBP2	SRR9835735	680.2229248233018
IGFBP2	SRR9835736	573.7894051466014
IGFBP2	SRR9835737	450.93907241631774
IGFBP2	SRR9835738	1632.9083811309251
IGFBP2	SRR9835739	159.19497495334525
IGFBP2	SRR9835740	968.1274629652759
IGFBP2	SRR9835741	2575.5188293004835
IGFBP2	SRR9835742	336.16644652484996
IGFBP2	SRR9835743	323.70834788516305
IGFBP2	SRR9835744	1176.8040033052778
IGFBP2	SRR9835745	255.58165395576597
IGFBP2	SRR9835746	1235.1904776425101
IGFBP2	SRR9835747	840.3855994106372
IGFBP2	SRR9835748	449.26638050238495
IGFBP2	SRR9835749	428
IGFBP2	SRR9835750	774.3729941479146
IGFBP2	SRR9835751	1478.8064486306046
IGFBP2	SRR9835752	534.7936192987945
IGFBP2	SRR9835753	940.7647805893387
IGFBP2	SRR9835754	1901.593665693977
IGFBP2	SRR9835755	895.7301602474628
IGFBP2	SRR9835756	1214.877751823971
IGFBP2	SRR9835757	780.105925198545
IGFBP2	SRR9835758	903.1459729045245
IGFBP2	SRR9835759	580.7555985126344
IGFBP2	SRR9835760	667
IGFBP2	SRR9835761	645.116074807559
IGFBP2	SRR9835762	821.2671336542862
IGFBP2	SRR9835763	557.6116084431555
IGFBP2	SRR9835764	866.2405061892096
IGFBP2	SRR9835765	197.91686027303493
IGFBP2	SRR9835766	953.9806026318498
IGFBP2	SRR9835767	266.50046780374646
IGFBP2	SRR9835768	1179
IGFBP2	SRR9835769	1448
IGFBP2	SRR9835770	304.94926661346386
IGFBP2	SRR9835771	1429.6976192997981
IGFBP2	SRR9835772	359.4401923330736
IGFBP2	SRR9835773	1146
IGFBP2	SRR9835774	506.17394439397646
IGFBP2	SRR9835775	758.8002627423039
IGFBP2	SRR9835776	639.0188654063599
IGFBP2	SRR9835777	1279.1230521388331
IGFBP2	SRR9835778	621.567182190491
IGFBP2	SRR9835779	916.3682816633003
IGFBP2	SRR9835780	285.4406136441077
IGFBP2	SRR9835781	168.13667591506518
IGFBP2	SRR9835782	383.8944416510649
IGFBP2	SRR9835783	694
IGFBP2	SRR9835784	731.9441903499162
IGFBP2	SRR9835785	814.2391517554425
IGFBP2	SRR9835786	351.34969772188583
IGFBP2	SRR9835787	873.4460887840489
IGFBP2	SRR9835788	833.3739997450588
IGFBP2	SRR9835789	2378
IGFBP2	SRR9835790	295.07656173681994
IGFBP2	SRR9835791	722.0696746377675
IGFBP2	SRR9835792	378.2606187005687
IGFBP2	SRR9835793	594.1749420622726
IGFBP2	SRR9835794	847.1524269178334
IGFBP2	SRR9835795	628.7841821436815
IGFBP2	SRR9835796	1193.7406984768395
IGFBP2	SRR9835797	903
IGFBP2	SRR9835798	724.1177672445259
IGFBP2	SRR9835799	877.7209588923386
IGFBP2	SRR9835800	1450.6493171298773
IGFBP2	SRR9835801	546.7214851389923
IGFBP2	SRR9835802	1042.1173628309587
IGFBP2	SRR9867812	562
IGFBP2	SRR9867813	569.7411469856567
IGFBP2	SRR9867814	477.67651719299056
IGFBP2	SRR9867815	3229
IGFBP2	SRR9867816	2048.105339038519
IGFBP2	SRR9867817	428.8840462363468
IGFBP2	SRR9867818	2364.6743223889503
IGFBP2	SRR9867819	79.20865462752033
IGFBP2	SRR9867820	1310.061020161385
IGFBP2	SRR9867821	4028
IGFBP2	SRR9867822	367.76736857555096
IGFBP2	SRR9867823	1496.2692215691602
IGFBP2	SRR9867824	761.8431551548273
IGFBP2	SRR9867825	2990.124161275163
IGFBP2	SRR9867826	393.2064934832952
IGFBP2	SRR9867827	4647
IGFBP2	SRR9867828	165.4386921518564
IGFBP2	SRR9867829	1260.1023707807801
IGFBP2	SRR9867830	989.9878468261403
IGFBP2	SRR9867831	908.9071878921712
IGFBP2	SRR9879292	11.780323329292965
IGFBP2	SRR9879293	3.045864331556937
IGFBP2	SRR9879294	8.163980740836651
IGFBP2	SRR9879295	2.0403608722076743
IGFBP2	SRR9879296	6.0750976151615665
IGFBP2	SRR9879297	16.256521938422615
IGFBP2	SRR9879298	27.309763448796684
IGFBP2	SRR9879299	34.15887153180929
IGFBP2	SRR9879300	17.26229562351059
IGFBP2	SRR9879301	34.08203463257482
IGFBP2	SRR9879302	4.045549349603979
IGFBP2	SRR9879303	6.033297134622424
IGFBP2	SRR9879304	5.085815248992128
IGFBP2	SRR9879305	5.055607871923198
IGFBP2	SRR9879306	14
IGFBP2	SRR9879307	7.814476713667205
IGFBP2	SRR9879308	5.060643455377525
IGFBP2	SRR9879309	5.057369449833156
IGFBP2	T50_307	38.236857739559184
IGFBP2	T50_313	76.2850422829731
IGFBP2	T50_317	34.60901487686479
IGFBP2	T50_324	30.364395686073653
IGFBP2	T50_427	39.677174268867944
IGFBP2	T50_428	182.41903073905738
IGFBP2	T50_431	361.22034086649495
IGFBP2	T50_436	83.72337980947393
IGFBP2	T50_476	92.76826424567524
IGFBP2	UN_307	30.399294732120254
IGFBP2	UN_313	65.94451588449331
IGFBP2	UN_317	35.29249067923131
IGFBP2	UN_324	19.421573714350252
IGFBP2	UN_427	47.42608929656954
IGFBP2	UN_428	150.60812523585366
IGFBP2	UN_431	369.9163338829687
IGFBP2	UN_436	89.76453328701814
IGFBP2	UN_476	88.90083378828191
