Gene	sample	counts
IL18BP	CM317	192.09413107721608
IL18BP	CMCD140	681.2675127011511
IL18BP	CMCD147	179.70162612638129
IL18BP	CMCD152	514
IL18BP	CMCD154	235.26078184729332
IL18BP	CMCD159	210.0303916175184
IL18BP	CMCD161	442.3511113098527
IL18BP	CMCD174	121.89636427386996
IL18BP	CMCD196	460.0463060884628
IL18BP	CMCD198	310.434426826274
IL18BP	CMCD203	366.1603709712666
IL18BP	CMCD211	807.9690849294198
IL18BP	CMCD227	1147.8325761223705
IL18BP	CMCD240	376.74805565748386
IL18BP	CMCD259	626
IL18BP	CMCD270	316.6288207447296
IL18BP	CMCD275	362.0259877235647
IL18BP	CMCD282	522.557478164418
IL18BP	CMCD286	547.5751821143564
IL18BP	CMCD287	449
IL18BP	CMCD294	311.97242575661414
IL18BP	CMCD327	1809.1474189324608
IL18BP	CMCD335	930.3102500322136
IL18BP	CMCD337	389.56804255451954
IL18BP	CMCD357	382.6378581670312
IL18BP	CMCD398	278.60815027895177
IL18BP	CMCD403	789.5914541014221
IL18BP	CMCD422	357.74499745027873
IL18BP	CMCD426	158.7294319475027
IL18BP	CMCD71	455.8655216648111
IL18BP	CMCD72	130.42062465520303
IL18BP	CMCD76	402.9113999606538
IL18BP	CMCD88	683.1229133233533
IL18BP	CMSA256	516
IL18BP	CMSA316	265.10783177353187
IL18BP	CMUC110	723
IL18BP	CMUC192	383.9853075627237
IL18BP	CMUC199	429.1215145556347
IL18BP	CMUC200	658.5297974488177
IL18BP	CMUC208	489.19239611780955
IL18BP	CMUC231	500
IL18BP	CMUC234	487
IL18BP	CMUC285	455.9188957442335
IL18BP	CMUC291	1264.240103901173
IL18BP	CMUC295	290.26103730196155
IL18BP	CMUC299	523.521071664943
IL18BP	CMUC301	641.3461271732734
IL18BP	CMUC307	564.5499725038337
IL18BP	CMUC313	149.84927705572795
IL18BP	CMUC314	187.46503064697689
IL18BP	CMUC323	229.2066832315
IL18BP	CMUC324	348.31324476235386
IL18BP	CMUC331	267.37961488611785
IL18BP	CMUC333	183.06070521620117
IL18BP	CMUC334	270.9419287578512
IL18BP	CMUC346	735.7998213092042
IL18BP	CMUC352	440.6073672476582
IL18BP	CMUC360	190.23947731146384
IL18BP	CMUC363	244.07774181378795
IL18BP	CMUC365	387.5193352611109
IL18BP	CMUC366	705.3022782815323
IL18BP	CMUC368	429
IL18BP	CMUC377	569.3013000704658
IL18BP	CMUC379	143.97095960643472
IL18BP	CMUC380	516.9852221025529
IL18BP	CMUC383	455.18903961332904
IL18BP	CMUC394	332.39756165046947
IL18BP	CMUC419	264.2490314132941
IL18BP	CMUC427	756
IL18BP	CMUC428	335.07884838487763
IL18BP	CMUC431	534.9781278738429
IL18BP	CMUC435	325.5835372517611
IL18BP	CMUC439	368.31236633410714
IL18BP	CMUC89	342
IL18BP	CS219	363.8884544877715
IL18BP	CS256	383.8683238431105
IL18BP	CS257	137.33747822064979
IL18BP	CS259	500.7646162377942
IL18BP	CS261	501.14424132232
IL18BP	CS266	184.13044216570984
IL18BP	CS270	168.08817403439377
IL18BP	CS277	128.3187328683602
IL18BP	CS288	276.44352578918716
IL18BP	CS290	318.50757338942464
IL18BP	CS292	322.3253227552188
IL18BP	CS293	239.7732595310581
IL18BP	CS301	272.78339385346453
IL18BP	CS306	234.3592418672673
IL18BP	CS308	216.35969958777147
IL18BP	CS315	195.05088505317653
IL18BP	CS317	119.73945220780675
IL18BP	CS322	261.3972898626901
IL18BP	CS327	252.1760398095456
IL18BP	CS328	120.06739689664855
IL18BP	CS330	127.72025499029198
IL18BP	CS331	159.88003345808556
IL18BP	CS335	91.82491935599477
IL18BP	CS338	271.77489573932263
IL18BP	CS339	136.21261971299796
IL18BP	CS343	352.77596359234184
IL18BP	CS344	183.47701163563826
IL18BP	CS350	259.53966714133367
IL18BP	CS351	382.11421373274766
IL18BP	CS361	211.79295200575078
IL18BP	CS388	244.8538732933551
IL18BP	CS396	206.16020119731
IL18BP	CS405	199.6666799608654
IL18BP	CS415	246.69454755307422
IL18BP	CS424	152.1820084035407
IL18BP	IM293	712.741159240454
IL18BP	IM296	151.1537870851711
IL18BP	IM297	114.92130052926404
IL18BP	IM300	604
IL18BP	IM305	415.0620817031851
IL18BP	IM309	129.92566165337675
IL18BP	IM310	290.8392961579893
IL18BP	IM311	799.7396490715089
IL18BP	IM316	203.0169343241467
IL18BP	IM320	290.62713661385527
IL18BP	IM330	298.9951257601633
IL18BP	IM332	139.95629605547822
IL18BP	IM340	129.5913124970755
IL18BP	IM348	166.6113648975338
IL18BP	IM354	230.63321809850214
IL18BP	IM356	150.18700467858972
IL18BP	IM364	211.49714717143874
IL18BP	IM372	160.55620467701237
IL18BP	IM374	356.13637827834884
IL18BP	IM376	185.57655482914083
IL18BP	IM381	428.2077273470292
IL18BP	IM382	427.76876405031805
IL18BP	IM385	534
IL18BP	IM390	400.6715740606977
IL18BP	IM397	187.0583108229297
IL18BP	IM404	462.3214389516633
IL18BP	IM409	538.0256246017243
IL18BP	IM412	673
IL18BP	IM421	348.3362995879078
IL18BP	IM425	109.40835151059555
IL18BP	IM432	194.35416956766375
IL18BP	IM438	639
IL18BP	IM442	128.029276809893
IL18BP	IM445	298.3298025094756
IL18BP	IM448	392.3749298514651
IL18BP	IM449	365.0128509141429
IL18BP	IM451	646.2874226194725
IL18BP	IMSA256	279.12742684431674
IL18BP	IMSA276	693
IL18BP	IMSA286	761
IL18BP	IMSA343	347.2531062564959
IL18BP	IS_238	312
IL18BP	IS238	1433.479373576526
IL18BP	IS243	402
IL18BP	IS253	411
IL18BP	IS283	722
IL18BP	IS322	441.5068626303033
IL18BP	IS399	168.15899231499876
IL18BP	IS418	123.26341926238553
IL18BP	IS430	112.5146805832282
IL18BP	IS437	128.41983459390488
IL18BP	IS444	128.54849860050533
IL18BP	R276CMSA	303.6516618543903
IL18BP	R286CMSA	492
IL18BP	R292CMSA	699.8906720303268
IL18BP	R292IMSA	190.03731646839495
IL18BP	R308CMSA	152.60549400586635
IL18BP	R316IMSA	173.27317081308692
IL18BP	R347CMSA	230.77899924102394
IL18BP	R347IMSA	167.8273071948546
IL18BP	R371CMSA	463.8389948561929
IL18BP	SRR10104064	86.53721912560373
IL18BP	SRR10104065	712.1469349742016
IL18BP	SRR10104066	202.72916159701643
IL18BP	SRR10104067	391.83088709934174
IL18BP	SRR10104068	1253.8105125506956
IL18BP	SRR10104069	587.6566738019644
IL18BP	SRR10104070	414.84437144123996
IL18BP	SRR10104071	54.548448670055016
IL18BP	SRR10104072	186.1604223196545
IL18BP	SRR10104073	181.7698028077262
IL18BP	SRR10104074	162.1817067398458
IL18BP	SRR10104075	126.61110764909722
IL18BP	SRR10104076	210.66922545627747
IL18BP	SRR10104077	121.08555554239848
IL18BP	SRR10104078	372.83095054562966
IL18BP	SRR10104079	175.41064885268034
IL18BP	SRR10104080	108.78726171747901
IL18BP	SRR10104081	363.6721779719164
IL18BP	SRR10104082	250.00008273617829
IL18BP	SRR10104083	312.58045867589493
IL18BP	SRR10104084	375.88205084600224
IL18BP	SRR10104085	573.4639205136039
IL18BP	SRR10104086	171.13901296972492
IL18BP	SRR10104087	1596.0912126294618
IL18BP	SRR10104088	227.05053561028032
IL18BP	SRR10104089	146.38218405889066
IL18BP	SRR10104090	301.7332371540579
IL18BP	SRR10104091	154.22877730257377
IL18BP	SRR10104092	517.5070155169761
IL18BP	SRR10104093	889.4959743735931
IL18BP	SRR10104094	1034.0224493748035
IL18BP	SRR10104095	203.43388983266777
IL18BP	SRR10104096	191.33500205169145
IL18BP	SRR10104097	265.78023193477367
IL18BP	SRR10104098	191.53569070459494
IL18BP	SRR10104099	135.12454670770467
IL18BP	SRR10104100	218.16158978940686
IL18BP	SRR10104101	525.9163309181633
IL18BP	SRR10104102	486.3368098016226
IL18BP	SRR10104103	115.72892902876691
IL18BP	SRR10104104	1054.0865168013827
IL18BP	SRR10104105	159.96360794640643
IL18BP	SRR10104106	160.52473350504508
IL18BP	SRR10104107	1003.5181533543123
IL18BP	SRR10104108	764.2046269083329
IL18BP	SRR10104109	158.8123029672233
IL18BP	SRR10104110	85.66968200840087
IL18BP	SRR10104111	258.17755511799805
IL18BP	SRR10104112	62.89092059973577
IL18BP	SRR10104113	180.23605709582466
IL18BP	SRR10104114	113.76219349668766
IL18BP	SRR10104115	162.4795245650152
IL18BP	SRR10104116	135.0281306318756
IL18BP	SRR10104117	220.23591058288176
IL18BP	SRR10104118	97.18499231387555
IL18BP	SRR10104119	115.41242609487237
IL18BP	SRR10104120	270.11955422295466
IL18BP	SRR10104121	147.12136144481772
IL18BP	SRR10104122	148.17185170713674
IL18BP	SRR10104123	208.83527931838526
IL18BP	SRR10104124	222.16632380726372
IL18BP	SRR10104125	162.77161881357773
IL18BP	SRR10104126	682.9217495219244
IL18BP	SRR10104127	78.26532406329429
IL18BP	SRR10104128	315.8344463913562
IL18BP	SRR10104129	282.23133554103157
IL18BP	SRR10104130	240.50493813794384
IL18BP	SRR10104131	735.2362167721599
IL18BP	SRR10104132	379.71946580059665
IL18BP	SRR10104133	68.66233721790479
IL18BP	SRR10104134	119.49240258433818
IL18BP	SRR10104135	415.00389228075954
IL18BP	SRR10104136	292.32467908592804
IL18BP	SRR10104137	150.6526916536213
IL18BP	SRR10104138	93.24911437656132
IL18BP	SRR10104139	446.0083086095174
IL18BP	SRR10104140	67.3960717795472
IL18BP	SRR10104141	224.61749867074147
IL18BP	SRR10104142	202.90471570516814
IL18BP	SRR10104143	662.3732090014141
IL18BP	SRR10104144	635.6791028648324
IL18BP	SRR10104145	339.9497183638283
IL18BP	SRR10104146	547.2149237325198
IL18BP	SRR10104147	836.4274062974137
IL18BP	SRR10104148	202.96797659371845
IL18BP	SRR10104149	142.35731864070817
IL18BP	SRR10104150	239.75561685711762
IL18BP	SRR10104151	520.9581419400815
IL18BP	SRR10104152	539.0132178259015
IL18BP	SRR10104153	93.66402870896277
IL18BP	SRR10104154	132.93779575954494
IL18BP	SRR10104155	202.34467410428852
IL18BP	SRR10104156	787.1820445418787
IL18BP	SRR10104157	195.09828458638398
IL18BP	SRR10104158	313.2982720845277
IL18BP	SRR10104159	568.0688619704375
IL18BP	SRR10104160	152.95175391479629
IL18BP	SRR10104161	696.1997451053975
IL18BP	SRR10104162	378.5453959162195
IL18BP	SRR10104163	951.8113019291725
IL18BP	SRR10104164	293.6547722648942
IL18BP	SRR10104165	556.5142704322317
IL18BP	SRR10104166	279.96074463298845
IL18BP	SRR10104167	333.36171459269553
IL18BP	SRR10104168	878.4407584603498
IL18BP	SRR10104169	529.7634918407803
IL18BP	SRR10104170	237.94435743465172
IL18BP	SRR10104171	678.8970462893797
IL18BP	SRR10104172	330.8298981148773
IL18BP	SRR10104173	299.02960638091764
IL18BP	SRR10104174	547.9303311789105
IL18BP	SRR10104175	710.6220061393524
IL18BP	SRR10104176	249.48784599886113
IL18BP	SRR10104177	184.5594250675707
IL18BP	SRR10104178	186.914652597498
IL18BP	SRR10104179	311.42815324431905
IL18BP	SRR10104180	508.9311914388394
IL18BP	SRR10104181	426.10811030402226
IL18BP	SRR10104182	258.78359647171226
IL18BP	SRR10104183	268.1979215518599
IL18BP	SRR10104184	885.444131411817
IL18BP	SRR10104185	698.7897951129167
IL18BP	SRR10104186	862.5092924667695
IL18BP	SRR10104187	166.9323927301692
IL18BP	SRR10104188	309.8364696083054
IL18BP	SRR10104189	238.40015846179529
IL18BP	SRR10104190	89.36415077440827
IL18BP	SRR10104191	414.065137046303
IL18BP	SRR10104192	367.3269618663869
IL18BP	SRR10104193	200.68958302267836
IL18BP	SRR10104194	161.64638525731192
IL18BP	SRR10104195	201.08171476274453
IL18BP	SRR10104196	226.86136196112523
IL18BP	SRR10104197	829.7314670101595
IL18BP	SRR10104198	289.28855058921914
IL18BP	SRR10104199	628.8054047205993
IL18BP	SRR10104200	877.9697292851255
IL18BP	SRR10104201	1828.6944603931572
IL18BP	SRR10104202	415.8010427876146
IL18BP	SRR10104203	633.012141722537
IL18BP	SRR10104204	271.2439860619475
IL18BP	SRR10104205	400.4773506759302
IL18BP	SRR10104206	276.7380758635307
IL18BP	SRR10104207	107.40308902100885
IL18BP	SRR10104208	526.1173554482712
IL18BP	SRR10104209	242.4895958575399
IL18BP	SRR10104210	289.4179913098737
IL18BP	SRR10104211	474.7435806441809
IL18BP	SRR10104212	455.38317774633737
IL18BP	SRR10104213	258.37684682252257
IL18BP	SRR10104214	538.6766316242528
IL18BP	SRR10104215	1357.3889560690402
IL18BP	SRR10104216	642.7479433809676
IL18BP	SRR10104217	666.1940403796731
IL18BP	SRR10104218	265.9090091668843
IL18BP	SRR10104219	366.8556874351159
IL18BP	SRR10104220	390.2390785782677
IL18BP	SRR10104221	292.4665809216655
IL18BP	SRR10104222	470.27672626036616
IL18BP	SRR10104223	100.01378168849187
IL18BP	SRR10104224	1019.2327960930421
IL18BP	SRR10104225	303.23645257653726
IL18BP	SRR10104226	867.472612320632
IL18BP	SRR10104227	207.46315283702816
IL18BP	SRR10104228	137.62618291862805
IL18BP	SRR10104229	622.3006651187798
IL18BP	SRR10104230	373.2950077702353
IL18BP	SRR10104231	316.36914056777715
IL18BP	SRR10104232	278.7202048894401
IL18BP	SRR10104233	83.60144292651084
IL18BP	SRR10104234	405.2501068219036
IL18BP	SRR10104235	241.0724041354384
IL18BP	SRR10104236	842.7720769778487
IL18BP	SRR10104237	358.508830741286
IL18BP	SRR10104238	103.81943060075591
IL18BP	SRR10104239	311.986451921812
IL18BP	SRR10104240	294.9048313388558
IL18BP	SRR10104241	332.81915243775774
IL18BP	SRR10104242	191.49221518159536
IL18BP	SRR10104243	90.72108277240915
IL18BP	SRR10104244	213.0998680854165
IL18BP	SRR10104245	167.56554937307175
IL18BP	SRR10104246	663.4801241941951
IL18BP	SRR10104247	358.1293647736219
IL18BP	SRR10104248	207.29855369071853
IL18BP	SRR10104249	550.5693721262263
IL18BP	SRR10104250	178.71709988981655
IL18BP	SRR10104251	267.93081545008107
IL18BP	SRR10104252	69.60199241764005
IL18BP	SRR10104253	190.73625533250495
IL18BP	SRR10104254	787.2455118156622
IL18BP	SRR10104255	1011.4068355953468
IL18BP	SRR10104256	832.7720958234482
IL18BP	SRR10104257	556.1091724318587
IL18BP	SRR10104258	362.8390209801841
IL18BP	SRR10224277	1502.8201883281895
IL18BP	SRR10224278	246.94195259330243
IL18BP	SRR10224279	215.6716669576186
IL18BP	SRR10224280	791.6408171835569
IL18BP	SRR10224281	324.1391728794444
IL18BP	SRR10224282	661.6107087722639
IL18BP	SRR10224283	568.0240286913321
IL18BP	SRR10224284	218.51257226498677
IL18BP	SRR10224285	219.95339158554367
IL18BP	SRR10224286	301.4741938048895
IL18BP	SRR10224287	462.1101244754895
IL18BP	SRR10224288	220.35041540600471
IL18BP	SRR10224289	213.23342010512133
IL18BP	SRR10224290	213.62818871185428
IL18BP	SRR10224291	247.49072399756886
IL18BP	SRR10224292	230.70366744147788
IL18BP	SRR10224293	292.69586994105043
IL18BP	SRR10224294	270.8492271555718
IL18BP	SRR10224295	211.7852802016003
IL18BP	SRR10224296	232.03904988453206
IL18BP	SRR10224297	223.24120270977468
IL18BP	SRR10224298	332.6976134527041
IL18BP	SRR10318388	62.454821216992045
IL18BP	SRR10318389	189.88894497595635
IL18BP	SRR10318390	123.5008697894299
IL18BP	SRR10318391	107.25627640128681
IL18BP	SRR10318392	312.2674406058257
IL18BP	SRR10318393	306.8593606979552
IL18BP	SRR10318394	354.6122768026078
IL18BP	SRR10318395	352.5503341138758
IL18BP	SRR10318396	138.0890528908466
IL18BP	SRR10318397	332.92625436187694
IL18BP	SRR10318398	1163.9727697916587
IL18BP	SRR10318399	1.0501074458020174
IL18BP	SRR10318400	153.23112246811175
IL18BP	SRR10318401	461.6584742558188
IL18BP	SRR10318402	658.7609172801035
IL18BP	SRR10318403	166.79832290964072
IL18BP	SRR10318404	378.6525232371802
IL18BP	SRR10318405	357.8579850041075
IL18BP	SRR10318406	275.24211963156176
IL18BP	SRR10318407	521.0632349536751
IL18BP	SRR10318408	1267.7954110369467
IL18BP	SRR10318409	222.69986075855635
IL18BP	SRR10318410	647.6157924985047
IL18BP	SRR10318411	712.581968270981
IL18BP	SRR10318412	484.32613654025647
IL18BP	SRR10318413	147.56105224403774
IL18BP	SRR10318414	325.9098571488337
IL18BP	SRR10318415	255.64542738751712
IL18BP	SRR10318416	97.96045071625802
IL18BP	SRR10318417	240.7104229806645
IL18BP	SRR10318418	236.88431295431064
IL18BP	SRR10318419	145.57764319061653
IL18BP	SRR10318420	455.81948570633625
IL18BP	SRR10318421	231.09103258789708
IL18BP	SRR10318422	894.8635370394927
IL18BP	SRR10318423	318.4678467827162
IL18BP	SRR10318424	441.9202909679914
IL18BP	SRR10318425	278.7957922494762
IL18BP	SRR10318426	1.0953414278907072
IL18BP	SRR10318427	1.108018223770156
IL18BP	SRR10318428	728.9598031117523
IL18BP	SRR10318429	397.5775634723044
IL18BP	SRR10318430	796.7937821028527
IL18BP	SRR10318431	1497.6736843452304
IL18BP	SRR10318432	533.8948215629023
IL18BP	SRR10318433	1.2750020383966563
IL18BP	SRR10318434	501.52346936366774
IL18BP	SRR10318435	328.9420492420735
IL18BP	SRR10318436	767.0911103115728
IL18BP	SRR10318437	372.2678541757168
IL18BP	SRR10318438	489.61633897529373
IL18BP	SRR10318439	110.45103161711606
IL18BP	SRR10318440	108.68352449466056
IL18BP	SRR10318441	131.36167853297434
IL18BP	SRR10318442	102.86330408058433
IL18BP	SRR10318443	130.29611215065114
IL18BP	SRR10318444	67.56879251664378
IL18BP	SRR10318445	177.10872207752223
IL18BP	SRR10318446	242.95585401795842
IL18BP	SRR10318447	11.114694780360836
IL18BP	SRR10318448	160.09907284897469
IL18BP	SRR10318449	372.776299864156
IL18BP	SRR10318450	237.22429739638994
IL18BP	SRR10318451	274
IL18BP	SRR10318452	103.64443978003204
IL18BP	SRR10318453	124.41609091875468
IL18BP	SRR10318454	183.86942713990024
IL18BP	SRR10318455	165.9928649004236
IL18BP	SRR10318456	1468.5719041336076
IL18BP	SRR10318457	624.964711978678
IL18BP	SRR10318458	1342.8309998644809
IL18BP	SRR10318459	191.22470651165656
IL18BP	SRR10318460	487.9277825971541
IL18BP	SRR10318461	236.82921313397264
IL18BP	SRR10318462	126.83998521936292
IL18BP	SRR10318463	272.8416810780762
IL18BP	SRR10318464	130.80540937239445
IL18BP	SRR10318465	973.8758251545124
IL18BP	SRR10318466	50.46852047305373
IL18BP	SRR10318467	111.56176553842177
IL18BP	SRR10318468	333.2123230038317
IL18BP	SRR10318469	504.7673483321536
IL18BP	SRR10318470	554
IL18BP	SRR10318471	769
IL18BP	SRR10318472	96.42240747806034
IL18BP	SRR10318473	140.54247675790248
IL18BP	SRR10318474	473.9720207355913
IL18BP	SRR10318475	176.70353003210286
IL18BP	SRR10318476	390.3906695335801
IL18BP	SRR10318495	304.32839647345
IL18BP	SRR10318496	332.90579793541536
IL18BP	SRR10318497	612.3314225845735
IL18BP	SRR10318498	327.29434206117736
IL18BP	SRR10318499	465.4675527813831
IL18BP	SRR10318500	1255.152009350762
IL18BP	SRR10318501	328.5781050802155
IL18BP	SRR10318502	1135.6128772880895
IL18BP	SRR10318503	807.4516603940814
IL18BP	SRR10318504	83.54821411443946
IL18BP	SRR10318505	546.2948290742704
IL18BP	SRR10318506	45.5363898915225
IL18BP	SRR10318507	218.5864400558482
IL18BP	SRR10318508	1.0309684455084223
IL18BP	SRR10318509	509.4628583992929
IL18BP	SRR10318510	466.67065821653597
IL18BP	SRR10318511	404.5092043885862
IL18BP	SRR10318512	420.1763392204693
IL18BP	SRR10318513	463.5271924036116
IL18BP	SRR10318514	371.7011349843667
IL18BP	SRR10318515	59.70390591872597
IL18BP	SRR10318516	417.4590321407941
IL18BP	SRR10318517	433.13526767223266
IL18BP	SRR10318518	179.27681730458804
IL18BP	SRR10318519	490.3029818972952
IL18BP	SRR10318520	436.8638697118902
IL18BP	SRR10318521	242.87585881748703
IL18BP	SRR10318522	573.7826068681668
IL18BP	SRR10318523	340.77083578761767
IL18BP	SRR10318524	381.9086819717123
IL18BP	SRR10318525	292.80373639775627
IL18BP	SRR10318526	348.2546042255174
IL18BP	SRR10318527	382.13750253108066
IL18BP	SRR10318528	408.03225780199483
IL18BP	SRR10318529	578.3081536748688
IL18BP	SRR10318530	307.05580097770826
IL18BP	SRR10318531	281.4881156758512
IL18BP	SRR10318532	383.1364051381162
IL18BP	SRR10318533	67.53058727215188
IL18BP	SRR10318534	215.7241108548635
IL18BP	SRR10318535	97.48777034001228
IL18BP	SRR10318536	308.2450361194433
IL18BP	SRR10318537	326.5018055389926
IL18BP	SRR10318538	400.73268005531304
IL18BP	SRR10318539	356.554706616862
IL18BP	SRR10318540	340.84762716842147
IL18BP	SRR10318541	416.93546254416924
IL18BP	SRR10318542	366.92440822550515
IL18BP	SRR10318543	112.11087274295055
IL18BP	SRR10318544	350.86736490517063
IL18BP	SRR10318545	223.91599865597524
IL18BP	SRR10318546	622.8960498837489
IL18BP	SRR10318547	494.9488525101878
IL18BP	SRR10318548	167.80826309741437
IL18BP	SRR10318549	408.79135144135506
IL18BP	SRR10318568	792.49049549216
IL18BP	SRR10318569	654.5397987647628
IL18BP	SRR10318570	446.70093339699594
IL18BP	SRR10318571	330.2723755235042
IL18BP	SRR10318572	476.2519588213809
IL18BP	SRR10318573	545.8018128823281
IL18BP	SRR10318574	475.15216962665244
IL18BP	SRR10318575	305.4279095707787
IL18BP	SRR10318576	329.41272225200237
IL18BP	SRR10318577	574.6600538645173
IL18BP	SRR10318578	242.2178311278438
IL18BP	SRR10318579	379.19165480510947
IL18BP	SRR10318580	1824.488498627923
IL18BP	SRR10318581	451
IL18BP	SRR10875803	350.41684056868604
IL18BP	SRR10875804	198.97195273707788
IL18BP	SRR10875805	247.75700489587422
IL18BP	SRR10875806	302.0994282189773
IL18BP	SRR10875807	239.21195943474055
IL18BP	SRR10875808	223.59763627136678
IL18BP	SRR10875809	333.2015244776375
IL18BP	SRR10875810	293.68507702357755
IL18BP	SRR10875812	221
IL18BP	SRR10875813	204.02416866679673
IL18BP	SRR10875814	44.175882508025715
IL18BP	SRR10875815	297
IL18BP	SRR10875816	246
IL18BP	SRR10875817	234.77263857699717
IL18BP	SRR10875818	205.17213913364603
IL18BP	SRR10875819	129
IL18BP	SRR10875820	221.4035588121183
IL18BP	SRR10875821	310.82717796264774
IL18BP	SRR10875822	201.4736074996917
IL18BP	SRR10875823	170
IL18BP	SRR10875824	209.32219011433673
IL18BP	SRR10875825	350.61490881002726
IL18BP	SRR10875826	367.03910706447107
IL18BP	SRR10875827	165.16383277505156
IL18BP	SRR10875829	524.1931672570122
IL18BP	SRR10875830	208
IL18BP	SRR10875831	158.56433641630616
IL18BP	SRR10875832	63
IL18BP	SRR10875834	98.32695641219576
IL18BP	SRR10875835	72
IL18BP	SRR10875836	301.8806114075215
IL18BP	SRR10875837	788.2547328929472
IL18BP	SRR10875838	448
IL18BP	SRR10875839	282.1676059550262
IL18BP	SRR10875840	312.7168402448923
IL18BP	SRR10875841	259.98852062044745
IL18BP	SRR10875842	338.91651657540416
IL18BP	SRR10875843	409.0621490053351
IL18BP	SRR10875844	348.7468466880203
IL18BP	SRR10875845	263.83985990484223
IL18BP	SRR10875846	300.0460737947487
IL18BP	SRR10875847	204.233694589259
IL18BP	SRR10875848	230
IL18BP	SRR10875849	194.13374746550613
IL18BP	SRR10875850	243.04373050889436
IL18BP	SRR10875851	167.27902067690724
IL18BP	SRR10875852	363.88740771081484
IL18BP	SRR10875853	161.3529625115625
IL18BP	SRR10875854	290.9816603541289
IL18BP	SRR10875855	195.3367600142994
IL18BP	SRR10875856	459.31379619291
IL18BP	SRR10875857	248.2267733052521
IL18BP	SRR10875858	276.41758657161336
IL18BP	SRR10875859	104
IL18BP	SRR10875860	610.1872363995344
IL18BP	SRR10875861	292.68247217771545
IL18BP	SRR10875862	234.19119594931166
IL18BP	SRR10875863	332.792079136458
IL18BP	SRR10875864	221
IL18BP	SRR10875865	452.62431810385425
IL18BP	SRR10875866	317.72107215888775
IL18BP	SRR10875867	353.47994498822146
IL18BP	SRR10875868	380.0781813366829
IL18BP	SRR10875869	293
IL18BP	SRR10875870	136.1665703036686
IL18BP	SRR10875871	208.03743187592602
IL18BP	SRR10875872	128.85657432705975
IL18BP	SRR10875873	309.3141601500945
IL18BP	SRR10875874	226.5769012582977
IL18BP	SRR10875875	379.4311580101519
IL18BP	SRR10875876	202
IL18BP	SRR10875877	297.18434556256494
IL18BP	SRR10875878	69.54637453121104
IL18BP	SRR10875879	262
IL18BP	SRR10875880	180.7195193510143
IL18BP	SRR10875881	203.63666808636322
IL18BP	SRR10875882	246
IL18BP	SRR10875883	145.93347865049736
IL18BP	SRR10875884	432.3133466725433
IL18BP	SRR10875885	189.34619132613543
IL18BP	SRR10875886	916.8477406997156
IL18BP	SRR10875887	306
IL18BP	SRR10875888	1.0282214633828897
IL18BP	SRR10875889	164.3661169817709
IL18BP	SRR10875890	341.7475789841169
IL18BP	SRR10875891	379
IL18BP	SRR10875892	294.97876676390234
IL18BP	SRR10875893	404
IL18BP	SRR10875894	301.25194577792837
IL18BP	SRR10875895	240
IL18BP	SRR10875896	216.15700507293522
IL18BP	SRR10875897	372.94973725568866
IL18BP	SRR10875898	758.5314873882713
IL18BP	SRR10875899	191.7602341246421
IL18BP	SRR10875900	183.68360307170585
IL18BP	SRR10875901	205.4494243159647
IL18BP	SRR10875902	75.34577899690747
IL18BP	SRR12430469	290
IL18BP	SRR12430470	391.8526098376846
IL18BP	SRR12430471	724.5936403503424
IL18BP	SRR12430472	202.61992958606325
IL18BP	SRR12430473	41
IL18BP	SRR12430474	207.43324791542352
IL18BP	SRR12430475	205.41901837698546
IL18BP	SRR12430476	134
IL18BP	SRR12765534	515
IL18BP	SRR12765535	303.7962641312187
IL18BP	SRR12765536	309.429460395268
IL18BP	SRR12765537	273.13641872898484
IL18BP	SRR12765538	147.8916258193373
IL18BP	SRR12765539	121.66194062602463
IL18BP	SRR12765540	1386.318871515818
IL18BP	SRR12765541	312.9402850664663
IL18BP	SRR12765542	1023
IL18BP	SRR12765543	138.2097277125755
IL18BP	SRR12765544	282.2154001190924
IL18BP	SRR12765545	167.5406695166662
IL18BP	SRR12765546	121.5604571150269
IL18BP	SRR12765547	219.75401426979252
IL18BP	SRR12765548	177.5568590552442
IL18BP	SRR12765549	805.0793807027885
IL18BP	SRR12765550	150.80911105832328
IL18BP	SRR12765551	257.44639657414785
IL18BP	SRR12765552	132.26125899244406
IL18BP	SRR12765553	84.59026932010426
IL18BP	SRR12765554	183.66649715973315
IL18BP	SRR12765555	134.73424012830887
IL18BP	SRR12765556	78.18304620386222
IL18BP	SRR12765557	187.950696142956
IL18BP	SRR12765558	64.14120964632573
IL18BP	SRR12765559	316.60246144182884
IL18BP	SRR12765560	192.58244755795621
IL18BP	SRR12765561	397.124256571662
IL18BP	SRR12765562	271.13407961530055
IL18BP	SRR12765563	756.4785492455375
IL18BP	SRR12765564	446.93072510595044
IL18BP	SRR12765565	799.3853949114842
IL18BP	SRR12765566	243.71741340721894
IL18BP	SRR12765567	184.40581742889708
IL18BP	SRR12765568	117.1923682574161
IL18BP	SRR12765569	162.84829892848185
IL18BP	SRR12765570	145.02541316153594
IL18BP	SRR12765571	171.90001436795635
IL18BP	SRR12765572	316.0673788181421
IL18BP	SRR12765573	114.79753582773172
IL18BP	SRR12765574	464.19940154328276
IL18BP	SRR12765575	135.16001812548706
IL18BP	SRR12765576	168.07288458272853
IL18BP	SRR12765577	60.647036605829655
IL18BP	SRR12765578	189.8238220162969
IL18BP	SRR12765579	216.80240769309202
IL18BP	SRR12765580	340.8231240484965
IL18BP	SRR12765581	163.5598907828023
IL18BP	SRR12765582	619.6223982186584
IL18BP	SRR12765583	145.25916145879293
IL18BP	SRR12765584	411.0418181172435
IL18BP	SRR12765585	132.4404836111779
IL18BP	SRR12765586	619.2504289028485
IL18BP	SRR12765587	438.07508519634115
IL18BP	SRR12765588	450.10707912944434
IL18BP	SRR12765589	302.38043206736586
IL18BP	SRR12765590	155.42501141209144
IL18BP	SRR12765591	167.52148515944006
IL18BP	SRR12765592	150.44691860405032
IL18BP	SRR12765593	224.86424276817448
IL18BP	SRR12765594	256.83118960548853
IL18BP	SRR12765595	440.0971074035083
IL18BP	SRR12765596	1174.1556461459459
IL18BP	SRR12765597	635.0910411719226
IL18BP	SRR12765598	238.7005257997338
IL18BP	SRR12765599	272.83333849496586
IL18BP	SRR12765600	137.67495113337407
IL18BP	SRR12765601	203.3357351973772
IL18BP	SRR12765602	210.81023389589313
IL18BP	SRR12765603	271.64277640950235
IL18BP	SRR12765604	216.7495909485834
IL18BP	SRR12765605	243.85746922095547
IL18BP	SRR12765606	238.11872612651214
IL18BP	SRR12765607	207.7702030785365
IL18BP	SRR12765608	205.80674133795833
IL18BP	SRR12765609	356.7057984806673
IL18BP	SRR12765610	229.99658547177432
IL18BP	SRR12765611	397.1758473568354
IL18BP	SRR12765612	498.25157622493225
IL18BP	SRR12765613	265.5678929660777
IL18BP	SRR12765614	533.4829199662055
IL18BP	SRR12765615	170.5478173622357
IL18BP	SRR12765616	111.67968218534807
IL18BP	SRR12765617	174.46867321461755
IL18BP	SRR12765618	81.85460659342853
IL18BP	SRR12765619	208.4396541301769
IL18BP	SRR12765620	206.6400637109915
IL18BP	SRR12765621	400.0309014011355
IL18BP	SRR12765622	241.15324268704677
IL18BP	SRR12765623	759
IL18BP	SRR12765624	1768.9819713251231
IL18BP	SRR12765625	772.3228539170543
IL18BP	SRR12765626	2029.0002763630312
IL18BP	SRR12765627	1298.700894026379
IL18BP	SRR12765628	136.45014381740972
IL18BP	SRR12765629	101.15488239661642
IL18BP	SRR12765630	449.78884015914923
IL18BP	SRR12765631	655.9032647631793
IL18BP	SRR12765632	346.2594980289606
IL18BP	SRR12765633	186.5344588200362
IL18BP	SRR12765634	202.0935877323023
IL18BP	SRR12765635	136.07425604894487
IL18BP	SRR12765636	155.879459664335
IL18BP	SRR12765637	69.37202556993068
IL18BP	SRR12765638	517
IL18BP	SRR12765639	185.5696496610398
IL18BP	SRR12765640	317.5908477546057
IL18BP	SRR12765641	184.40247370127437
IL18BP	SRR12765642	347.8492939593849
IL18BP	SRR12765643	634.7504648652014
IL18BP	SRR12765644	466.6623684655906
IL18BP	SRR12765645	298.2751913002696
IL18BP	SRR12765646	609.1242390175175
IL18BP	SRR12765647	123.48137160545716
IL18BP	SRR12765648	187.19624625807145
IL18BP	SRR12765649	292.800645849261
IL18BP	SRR12765650	143.5418689562592
IL18BP	SRR12765651	177.88200998923767
IL18BP	SRR12765652	161.69354540243023
IL18BP	SRR12774664	238.25708761691837
IL18BP	SRR12774665	227.00277824961532
IL18BP	SRR12774666	272.8769828476546
IL18BP	SRR12774667	333.91105914608374
IL18BP	SRR12774668	1.0531044481489285
IL18BP	SRR12774669	102.85965314730147
IL18BP	SRR12774670	109.08659575322646
IL18BP	SRR12774671	149.91295694092594
IL18BP	SRR12774672	422.59761326999404
IL18BP	SRR12774673	405.6857042669653
IL18BP	SRR12774674	383.0584177686937
IL18BP	SRR12774675	222.3926232531113
IL18BP	SRR12774676	520.3831073506345
IL18BP	SRR12774677	312.362885684244
IL18BP	SRR12774678	193.09449798160725
IL18BP	SRR12774679	353.02581940030234
IL18BP	SRR12774680	294.07416622808034
IL18BP	SRR12774681	492.24847720655225
IL18BP	SRR12774682	480.02988023883455
IL18BP	SRR12774683	734.1989813825497
IL18BP	SRR12774684	696.6633098479367
IL18BP	SRR12774685	612.4799306962115
IL18BP	SRR12774686	179.16373042388327
IL18BP	SRR12774687	408.63572803984624
IL18BP	SRR1609360	15.739551355621199
IL18BP	SRR1609361	84.12449734322034
IL18BP	SRR1609362	5.340494271111082
IL18BP	SRR1609363	204.497025406133
IL18BP	SRR1609364	116.9939906119216
IL18BP	SRR1609365	119.68935636472527
IL18BP	SRR1609366	207.17134146046715
IL18BP	SRR1609367	526.4031496078044
IL18BP	SRR1609368	81.45004149449834
IL18BP	SRR1609369	329.29614231843226
IL18BP	SRR1609370	392.8180364159923
IL18BP	SRR1609371	1.0301143575969267
IL18BP	SRR1609372	582.4190621781377
IL18BP	SRR1609373	253.88935290766756
IL18BP	SRR1609374	312.8199155410569
IL18BP	SRR1609375	229.48785959685372
IL18BP	SRR1609376	57.91704000031357
IL18BP	SRR1609377	523.7540900876985
IL18BP	SRR1609378	100.72327733440373
IL18BP	SRR1609379	352.6339757552316
IL18BP	SRR1609380	41.65047755412689
IL18BP	SRR1609381	312.2246518893109
IL18BP	SRR1609382	290.079960854724
IL18BP	SRR1609383	1.0104290785566081
IL18BP	SRR1609384	190.82225037625628
IL18BP	SRR1609385	211.54064758234207
IL18BP	SRR1609386	187.22852801549084
IL18BP	SRR1609387	510.74743353163893
IL18BP	SRR1609388	102.28028556116055
IL18BP	SRR1609389	332.8374376069068
IL18BP	SRR1609390	277.5138035873616
IL18BP	SRR1609391	1.0636252817179657
IL18BP	SRR1609392	52.80281009165202
IL18BP	SRR1609393	1.04478101167958
IL18BP	SRR1609394	2.055397009181545
IL18BP	SRR1609395	250.36494743384029
IL18BP	SRR1609396	371.4007733277959
IL18BP	SRR1609397	107.54028744240448
IL18BP	SRR1609398	157.72383070019296
IL18BP	SRR1609399	498.89324234515163
IL18BP	SRR1609400	594.300042045693
IL18BP	SRR1609401	56.59693894169139
IL18BP	SRR1609402	178.7946717711627
IL18BP	SRR1609403	291.9222760333606
IL18BP	SRR1609404	171.01883454698495
IL18BP	SRR1609405	106.69969264155536
IL18BP	SRR1609406	183.72036878876142
IL18BP	SRR1609407	214.49173155082497
IL18BP	SRR1609408	65.50601311448514
IL18BP	SRR1609409	92.69151099269132
IL18BP	SRR1609410	658
IL18BP	SRR1609411	1.0525644977244093
IL18BP	SRR1609412	900
IL18BP	SRR1609413	539.7632786203008
IL18BP	SRR1609414	404.6548092038974
IL18BP	SRR1609415	630.1133753934298
IL18BP	SRR1609416	976.5596081313764
IL18BP	SRR1609417	659.3956729614192
IL18BP	SRR1609418	276.3976041284802
IL18BP	SRR1609419	562.729579494092
IL18BP	SRR1609420	182.85042996439088
IL18BP	SRR1609421	391.5055604819534
IL18BP	SRR1609422	171.7864234220845
IL18BP	SRR1609423	132.78956598853225
IL18BP	SRR1609424	1.0787454114562254
IL18BP	SRR1609425	456.7390915766763
IL18BP	SRR1609426	150.70803690965286
IL18BP	SRR1609427	630.2248906639047
IL18BP	SRR1609428	150.285910114155
IL18BP	SRR1609429	336.4234967192202
IL18BP	SRR1609430	696.8446448305294
IL18BP	SRR1609431	252.83848500451285
IL18BP	SRR1609432	472.70886794363247
IL18BP	SRR1609433	365.9856288526248
IL18BP	SRR1609434	117.74038602169102
IL18BP	SRR1609435	465.0734679577575
IL18BP	SRR1609436	316.02064887202044
IL18BP	SRR1609437	153.218223671785
IL18BP	SRR1609438	146.5842353655393
IL18BP	SRR1609439	808.7169822252482
IL18BP	SRR1609440	564.4201125683389
IL18BP	SRR1609441	674.5258014266667
IL18BP	SRR1609442	104.74908736635385
IL18BP	SRR1609443	452.8751504348328
IL18BP	SRR1609444	645.3482870932315
IL18BP	SRR1609445	420.4697516151915
IL18BP	SRR1609446	232.5307396025752
IL18BP	SRR1609447	1.2338363336906928
IL18BP	SRR1609448	106.93521360722316
IL18BP	SRR1609449	388.96153595201775
IL18BP	SRR1609450	382.780284589738
IL18BP	SRR1609451	574.2920672686889
IL18BP	SRR1609452	1.2632705659263332
IL18BP	SRR1609453	410.7509970566959
IL18BP	SRR1609454	261.1145345016768
IL18BP	SRR1609455	1.2516237980743048
IL18BP	SRR1609456	394.89919219178284
IL18BP	SRR1609457	775.0575973322664
IL18BP	SRR1609458	1.240500376538707
IL18BP	SRR1609459	425.6500611245327
IL18BP	SRR1609460	128.22447512055317
IL18BP	SRR1609461	971.6316079755792
IL18BP	SRR1609462	876.2250437846791
IL18BP	SRR1609463	147.94587709878084
IL18BP	SRR1609464	230.53279896895498
IL18BP	SRR1609465	120.42174701839323
IL18BP	SRR1609466	1.1215996409238542
IL18BP	SRR1609467	348.1093436932711
IL18BP	SRR1609468	666.1075584459035
IL18BP	SRR1609469	1251.225131138382
IL18BP	SRR1609470	476.28752846489954
IL18BP	SRR1609471	433.9120698757375
IL18BP	SRR1609472	133.7105160686139
IL18BP	SRR1609473	152.27807031340473
IL18BP	SRR1609474	343.8756985986592
IL18BP	SRR1609475	94.00272768413761
IL18BP	SRR1609476	958.0757586231908
IL18BP	SRR1609477	614.448316811998
IL18BP	SRR1609478	319.17543307770353
IL18BP	SRR1609479	203.088117376125
IL18BP	SRR1609480	710
IL18BP	SRR1609481	227.34580949444268
IL18BP	SRR1609482	702.54524664821
IL18BP	SRR1609483	739.3286613700892
IL18BP	SRR1609484	339.6626132174833
IL18BP	SRR1609485	1011.9100300423556
IL18BP	SRR1609486	681.2028503421302
IL18BP	SRR1609487	426.6539527781283
IL18BP	SRR1609488	812.1683222760778
IL18BP	SRR1609489	451.98873349512235
IL18BP	SRR1609490	184.98345465943734
IL18BP	SRR1609491	235.82868655105003
IL18BP	SRR1609492	472
IL18BP	SRR1609493	306.3632966075953
IL18BP	SRR1609494	144.85462212629608
IL18BP	SRR1609495	531.1831829288938
IL18BP	SRR1609496	726.5992261517092
IL18BP	SRR1609497	948.8533219388261
IL18BP	SRR1609498	424.15262061041415
IL18BP	SRR1609499	336.7047423175573
IL18BP	SRR1609500	560.9667010921189
IL18BP	SRR1609501	686.8806184027294
IL18BP	SRR1609502	341.3562560741893
IL18BP	SRR1609503	1.2571824597395216
IL18BP	SRR1609504	902
IL18BP	SRR1609505	612
IL18BP	SRR1609506	109.10719332741456
IL18BP	SRR1609507	769.6243333192282
IL18BP	SRR1609508	642.346667153263
IL18BP	SRR1609509	227.43006846173523
IL18BP	SRR1609510	196.09271440166003
IL18BP	SRR1609511	205.3211382773569
IL18BP	SRR1609512	790.6048216754241
IL18BP	SRR1609513	1254.0008565947983
IL18BP	SRR1609514	277.0888044220136
IL18BP	SRR1609515	236.4675992018488
IL18BP	SRR1609516	215.89827215710196
IL18BP	SRR1609517	160.5320209854516
IL18BP	SRR1609518	404.6548092038974
IL18BP	SRR1609519	784.3145314892166
IL18BP	SRR1609520	297.7902674652529
IL18BP	SRR1609521	992.6021694055634
IL18BP	SRR1609522	407.5736937639407
IL18BP	SRR1609523	513.4191424585242
IL18BP	SRR1609524	14.234026381252061
IL18BP	SRR1609525	661.6313546782153
IL18BP	SRR1609526	1884.6288817726656
IL18BP	SRR1609527	1003
IL18BP	SRR1609528	388.3321366731054
IL18BP	SRR1609529	356.81488846397
IL18BP	SRR1609530	636.0354155391069
IL18BP	SRR1609531	205.77777150704193
IL18BP	SRR1609532	1171.380591171092
IL18BP	SRR1609533	85.1345839872169
IL18BP	SRR1609534	992.279403814979
IL18BP	SRR1609535	1.0442329013337999
IL18BP	SRR1609536	252.69047004150448
IL18BP	SRR1609537	169.6495129911698
IL18BP	SRR1609538	444
IL18BP	SRR1609539	721.4413082055678
IL18BP	SRR1609540	1201
IL18BP	SRR1609541	490.7113243550646
IL18BP	SRR1609542	242.56676884395958
IL18BP	SRR1609543	405.81485623946037
IL18BP	SRR1609544	400.3266475675079
IL18BP	SRR1609545	175.82915562022606
IL18BP	SRR1609546	1449
IL18BP	SRR1609547	740.8109234567165
IL18BP	SRR1609548	409.23489734633966
IL18BP	SRR1609549	174.8503972050923
IL18BP	SRR1609550	496
IL18BP	SRR1609551	249.79384223518767
IL18BP	SRR1609552	488.16972180216334
IL18BP	SRR1609553	420.09406597928756
IL18BP	SRR1609554	192.72669293095325
IL18BP	SRR1609555	599.0528869114145
IL18BP	SRR1609556	285.1850521104551
IL18BP	SRR1609557	350.19390538577085
IL18BP	SRR1609558	642.748389998582
IL18BP	SRR1609559	78.1872622384124
IL18BP	SRR1609560	312.2077172527829
IL18BP	SRR1609561	553.401800187648
IL18BP	SRR1609562	218.21554065432565
IL18BP	SRR1609563	352.5670213015624
IL18BP	SRR1609564	531.4779683011778
IL18BP	SRR1609565	130.1478036969674
IL18BP	SRR1609566	194.64987376075493
IL18BP	SRR1609567	1.2581113184722956
IL18BP	SRR1609568	307
IL18BP	SRR1609569	949
IL18BP	SRR1609570	477.3325097561916
IL18BP	SRR1609571	1962.3212163722576
IL18BP	SRR1609572	368.8181326213831
IL18BP	SRR1609573	230.48177931568745
IL18BP	SRR1609574	785.9955437171183
IL18BP	SRR1609575	1.0732532216417159
IL18BP	SRR1609576	247.98398529711918
IL18BP	SRR1609577	471.9746445116773
IL18BP	SRR1609578	195.3444363356766
IL18BP	SRR1609579	983.5472509191684
IL18BP	SRR1609580	339.58773617538475
IL18BP	SRR1609581	75.00990521618802
IL18BP	SRR1609582	248.03639399490461
IL18BP	SRR1609583	154.32821658212262
IL18BP	SRR1609584	619.2434102616951
IL18BP	SRR1609585	454.4010450487001
IL18BP	SRR1609586	1.077969249642432
IL18BP	SRR1609587	939.1405534695377
IL18BP	SRR1609588	208.76148356884264
IL18BP	SRR1609589	643.6871339017902
IL18BP	SRR1609590	530.1511805694347
IL18BP	SRR1609591	647.1096865141722
IL18BP	SRR1609592	227.54696389875787
IL18BP	SRR1609593	266.4670182305148
IL18BP	SRR1609594	64.59598534423989
IL18BP	SRR1609595	67.60420983540786
IL18BP	SRR1609596	276.7253099017042
IL18BP	SRR1609597	142.59763758197363
IL18BP	SRR1609598	365.80319713801345
IL18BP	SRR1609599	450.3570564829476
IL18BP	SRR1609600	163.90907760730835
IL18BP	SRR1609601	59.633496826359234
IL18BP	SRR1609602	1.1632163838991925
IL18BP	SRR1609603	472
IL18BP	SRR1609604	637.4298047174385
IL18BP	SRR1609605	151.13497127934136
IL18BP	SRR1609606	50.80414910375162
IL18BP	SRR1609607	494.44622420842546
IL18BP	SRR1609608	279.4738679066947
IL18BP	SRR1609609	122.85772573066888
IL18BP	SRR1609610	669
IL18BP	SRR1609611	235.97530389582658
IL18BP	SRR1609612	884.0656616544312
IL18BP	SRR1609613	283.2335826459142
IL18BP	SRR1609614	270.03556212955766
IL18BP	SRR1609615	277.877905365089
IL18BP	SRR1609616	972
IL18BP	SRR1609617	683
IL18BP	SRR1609618	500.59680396109457
IL18BP	SRR1609619	518.8798464530352
IL18BP	SRR1609620	75.9407571793369
IL18BP	SRR1609621	155.31288199367867
IL18BP	SRR1609622	227.6729994923236
IL18BP	SRR1609623	404.54351729288607
IL18BP	SRR1609624	1.233166099790781
IL18BP	SRR1609625	415.6415953063323
IL18BP	SRR1609626	837.3810349013197
IL18BP	SRR1609627	191.02587404820918
IL18BP	SRR1609628	160.3050437680146
IL18BP	SRR1609629	430.80730871477397
IL18BP	SRR1609630	241.67276760680053
IL18BP	SRR1609631	515
IL18BP	SRR1609632	699
IL18BP	SRR1609633	324.157780896969
IL18BP	SRR1609634	190.57037360842364
IL18BP	SRR1609635	491.96664338789196
IL18BP	SRR1609636	44.44161932353049
IL18BP	SRR1609637	431.7438616656698
IL18BP	SRR1609638	235.5939567888374
IL18BP	SRR1609639	167.92395673333013
IL18BP	SRR1609640	607.1092362917649
IL18BP	SRR1609641	244.0439104698363
IL18BP	SRR1609642	453
IL18BP	SRR1609643	251.93153699641053
IL18BP	SRR1609644	403.4213563440808
IL18BP	SRR1609645	605.9142774025768
IL18BP	SRR1609646	608.4216061499317
IL18BP	SRR1609647	95.94270021815488
IL18BP	SRR1609648	201.730024648352
IL18BP	SRR1609649	393.16969828844856
IL18BP	SRR1609650	489.6121380300803
IL18BP	SRR1609651	357.2084877273819
IL18BP	SRR1609652	863.0361685383167
IL18BP	SRR1609653	1.0508063334876938
IL18BP	SRR1609654	194.45929847063252
IL18BP	SRR1609655	91.621606520346
IL18BP	SRR1609656	243.4351939785079
IL18BP	SRR1609657	180.28746544870856
IL18BP	SRR1609658	34.681687366597934
IL18BP	SRR1609659	180.4259460501118
IL18BP	SRR1609660	358.40027901157833
IL18BP	SRR1609661	1013.488870893424
IL18BP	SRR1609662	142.66398236384404
IL18BP	SRR1609663	697.8503802838709
IL18BP	SRR1609664	161.1549080434731
IL18BP	SRR1609665	342
IL18BP	SRR1609666	100.64680660725995
IL18BP	SRR1609667	917.638187154578
IL18BP	SRR1609668	1.1259515593418852
IL18BP	SRR1609669	150.84764544464554
IL18BP	SRR1746771	191.5356076341172
IL18BP	SRR1746772	194.9760489668789
IL18BP	SRR1746773	200.7587868342604
IL18BP	SRR1746774	232.35163130405857
IL18BP	SRR1746775	296.2688511343698
IL18BP	SRR1746776	253.3117315185309
IL18BP	SRR1746777	261.66397070602994
IL18BP	SRR1746778	219.1755041607606
IL18BP	SRR1746779	228.48062787274793
IL18BP	SRR1746780	264.189136825707
IL18BP	SRR1746781	218.66494985131752
IL18BP	SRR1746782	186.8303873563835
IL18BP	SRR1746783	381
IL18BP	SRR1746784	262.1652981752581
IL18BP	SRR1782685	61.98457129081128
IL18BP	SRR1782686	429.10043552909366
IL18BP	SRR1782687	973.7519335443419
IL18BP	SRR1782688	24.402124413233725
IL18BP	SRR1782689	499.77723425493707
IL18BP	SRR1782690	296.89598111366485
IL18BP	SRR1782691	1029.7745870048182
IL18BP	SRR1782692	205.68653717408804
IL18BP	SRR1782693	475.1667320790734
IL18BP	SRR1782694	70.10972576317724
IL18BP	SRR1782695	331.2383326133394
IL18BP	SRR1782696	376.2640177839311
IL18BP	SRR1782697	120.05030389603337
IL18BP	SRR1782698	412.8597729678287
IL18BP	SRR1782699	79.88820676456055
IL18BP	SRR1782700	166.2491122154239
IL18BP	SRR1782701	799.9560039214186
IL18BP	SRR1782702	190.00528667335237
IL18BP	SRR1782703	523.0275515233055
IL18BP	SRR1782704	52.82389177245713
IL18BP	SRR1782705	2024.8549195785135
IL18BP	SRR1782706	363.92675974143816
IL18BP	SRR1782707	909.4579138306
IL18BP	SRR1782708	1.0527335559349638
IL18BP	SRR1782709	25.18533443264667
IL18BP	SRR1782710	934
IL18BP	SRR1782711	246.73550085020995
IL18BP	SRR1782712	186.17566837494795
IL18BP	SRR1782713	107.28511609641458
IL18BP	SRR1782714	148.92659101627223
IL18BP	SRR1782715	351.869843090614
IL18BP	SRR1782716	130.92484902909004
IL18BP	SRR1782717	608.5018312675471
IL18BP	SRR1782718	132.8778129109816
IL18BP	SRR1782719	227.6426759808085
IL18BP	SRR1782720	113.94756549902968
IL18BP	SRR1782721	1.1215287864396823
IL18BP	SRR1782722	348.30740898006087
IL18BP	SRR1782723	620.3570422028397
IL18BP	SRR1782724	248.73794115006154
IL18BP	SRR1782725	16.02862241143948
IL18BP	SRR1782726	534.9484211280443
IL18BP	SRR1782727	495
IL18BP	SRR1782728	1.0303050804635
IL18BP	SRR1782729	559.4019565359264
IL18BP	SRR1782730	1029.4040486221213
IL18BP	SRR1782731	137.26951741749943
IL18BP	SRR1782732	11.871567847714466
IL18BP	SRR1782733	141.35206132154426
IL18BP	SRR1782734	244.5159977989427
IL18BP	SRR1782735	487.22043166113866
IL18BP	SRR1782736	430.7262683305077
IL18BP	SRR1782737	437.70829609431473
IL18BP	SRR1782738	27.291480932217606
IL18BP	SRR1782739	9.094081119126729
IL18BP	SRR1782740	288.30007042970993
IL18BP	SRR1782741	146.54890321053765
IL18BP	SRR1782742	520
IL18BP	SRR1782743	402.8088202673162
IL18BP	SRR1782744	175.87806067683997
IL18BP	SRR1782745	134.5996676505029
IL18BP	SRR1782746	247.83486797368363
IL18BP	SRR1782747	269.95620640301513
IL18BP	SRR1782748	120.74238533878737
IL18BP	SRR1782749	115.4455874466352
IL18BP	SRR1782750	355.48486114868973
IL18BP	SRR1782751	64.99094043213196
IL18BP	SRR1782752	162.07059900449107
IL18BP	SRR1782753	476.45606117945385
IL18BP	SRR1782754	386.1828382684342
IL18BP	SRR1782755	258.69299254440733
IL18BP	SRR1782756	10.45262315535892
IL18BP	SRR1782757	495.7130943608613
IL18BP	SRR1782758	425.7336570788402
IL18BP	SRR1782759	670.9589918536041
IL18BP	SRR1782760	308.3186997473676
IL18BP	SRR1782761	1.123350924195671
IL18BP	SRR1782762	1.0642762539094746
IL18BP	SRR1782763	93.50843784863815
IL18BP	SRR1782764	391.4500119775532
IL18BP	SRR1782765	309.98880245286216
IL18BP	SRR1782766	68.72602602729005
IL18BP	SRR1782767	205.97031210954566
IL18BP	SRR1782768	245.57561489992426
IL18BP	SRR1782769	130.101026470553
IL18BP	SRR1782770	171.79433134106472
IL18BP	SRR1782771	203.3399664128877
IL18BP	SRR1782772	547.9258844699144
IL18BP	SRR1782773	193.84123351074587
IL18BP	SRR1782774	331.8450619129918
IL18BP	SRR1782775	45.901377788332034
IL18BP	SRR1782776	172.48315353296837
IL18BP	SRR1782777	657.1182343388625
IL18BP	SRR1782778	175.32054752419947
IL18BP	SRR1782779	71.97454973021833
IL18BP	SRR1782780	360.5919979115844
IL18BP	SRR1782781	210.00346922703403
IL18BP	SRR1782782	1945.1271067694554
IL18BP	SRR1782783	751.7298925426124
IL18BP	SRR1782784	633.1111762640722
IL18BP	SRR1782785	572.6179038908335
IL18BP	SRR1782786	515.6182983580594
IL18BP	SRR1782787	1040
IL18BP	SRR1782788	897.3176561838258
IL18BP	SRR1782789	253.2378693779578
IL18BP	SRR1782790	283.57747272002837
IL18BP	SRR1782791	421.4826267485273
IL18BP	SRR1782792	664.5194886135151
IL18BP	SRR1782793	220.87487269983603
IL18BP	SRR1782794	1020.9402854707424
IL18BP	SRR1782795	472.8238484163373
IL18BP	SRR1782796	317.4031913342814
IL18BP	SRR1782797	76.90221018729876
IL18BP	SRR1782798	495.379817169496
IL18BP	SRR1782799	425.68884631598115
IL18BP	SRR1782800	211.3726977786039
IL18BP	SRR1782801	223.2350796407627
IL18BP	SRR1782802	270.98461693717843
IL18BP	SRR1782803	381.39336705274553
IL18BP	SRR1782804	550.483846701165
IL18BP	SRR1782805	371.6681960374742
IL18BP	SRR1782806	656.7413779970336
IL18BP	SRR1782807	520.6965923955554
IL18BP	SRR1782808	85.18279434139407
IL18BP	SRR1782809	354.6962794883381
IL18BP	SRR1782810	188.07926856033302
IL18BP	SRR1782811	348.0737622576928
IL18BP	SRR1782812	102.26822923002409
IL18BP	SRR1782813	199.23882598491596
IL18BP	SRR1782814	289.7056088035468
IL18BP	SRR1782815	57.35455208430791
IL18BP	SRR1782816	673.3634065329377
IL18BP	SRR1782817	822.8422168687711
IL18BP	SRR1782818	224.9705531045134
IL18BP	SRR1782819	385.37819851077904
IL18BP	SRR1782820	168.80080366040406
IL18BP	SRR1782821	726.9595425470759
IL18BP	SRR1782822	358.79796467896017
IL18BP	SRR1782823	731.7599856794254
IL18BP	SRR1782824	640.6199947568183
IL18BP	SRR1782825	158.91792391331217
IL18BP	SRR1782826	687.6559590891975
IL18BP	SRR1782827	389.0998047685268
IL18BP	SRR1782828	392
IL18BP	SRR1782829	739
IL18BP	SRR1782830	244.24165996744497
IL18BP	SRR1782831	3.2202009208741154
IL18BP	SRR1782832	161.08204782879739
IL18BP	SRR1782833	338.6319154827209
IL18BP	SRR1782834	1294.232869458886
IL18BP	SRR1782835	1.1149797381951183
IL18BP	SRR1782836	669.7496704896331
IL18BP	SRR1782837	62.68484017710085
IL18BP	SRR1782838	195.5055122477789
IL18BP	SRR1782839	350.7489629762532
IL18BP	SRR1782840	169.39872582733747
IL18BP	SRR1782841	840.2969887060854
IL18BP	SRR1782842	474
IL18BP	SRR1782843	251.94059229936548
IL18BP	SRR1782844	260.04678984490755
IL18BP	SRR1782845	424.83804418089784
IL18BP	SRR1782846	207.11682908286048
IL18BP	SRR1782847	1.2337368978097534
IL18BP	SRR1782848	1.2335837199439401
IL18BP	SRR1782849	1.2403822504664612
IL18BP	SRR1782850	1.2517458229536382
IL18BP	SRR1782851	1.2634697131512598
IL18BP	SRR1782852	1.2639231424855961
IL18BP	SRR1782853	1.2584335321033158
IL18BP	SRR1782854	209.6844611107258
IL18BP	SRR1782855	917.1990371954016
IL18BP	SRR1782856	771.0601247737669
IL18BP	SRR1782857	117.81743574778156
IL18BP	SRR1782858	555.5580468681025
IL18BP	SRR1782859	479.7763703184823
IL18BP	SRR1782860	702.5892820209411
IL18BP	SRR1782861	431.80127329507
IL18BP	SRR1782862	197.9073204117102
IL18BP	SRR1782863	589.5353479613868
IL18BP	SRR1782864	294.7552363603595
IL18BP	SRR1782865	725.058524138924
IL18BP	SRR1782866	441.54599058876255
IL18BP	SRR1782867	187.0432935492726
IL18BP	SRR1782868	542.9671120524023
IL18BP	SRR1782869	334.1404589143296
IL18BP	SRR1782870	409.0110996608846
IL18BP	SRR1782871	657.4329599174865
IL18BP	SRR1782872	1012.7298454793746
IL18BP	SRR1782873	165.76139148380605
IL18BP	SRR1782874	412.64106160465036
IL18BP	SRR1782875	199.0202655140292
IL18BP	SRR1782876	378.48395759740055
IL18BP	SRR1782877	342.1543956226741
IL18BP	SRR1782878	869.7557747206765
IL18BP	SRR1782879	260.69116031405974
IL18BP	SRR1782880	231.97855827713497
IL18BP	SRR1782881	495.05146451298765
IL18BP	SRR1782882	217.76588172628428
IL18BP	SRR1782883	815.466068933973
IL18BP	SRR1782884	604.4349030164865
IL18BP	SRR1782885	495
IL18BP	SRR1782886	688.8014228693934
IL18BP	SRR1782887	234.21063009882417
IL18BP	SRR1782888	523.693502030327
IL18BP	SRR1782889	550.3643048310871
IL18BP	SRR1782890	1050.6217674128736
IL18BP	SRR1782891	301.2167314701365
IL18BP	SRR1782892	586.0715445808953
IL18BP	SRR1782893	265.02295617204464
IL18BP	SRR1782894	269.9881782463199
IL18BP	SRR1782895	221.81035294383358
IL18BP	SRR1782896	475.01667285100604
IL18BP	SRR1782897	441.2113461841684
IL18BP	SRR1782898	259.5871954970381
IL18BP	SRR1782899	184.6923134972667
IL18BP	SRR1782900	756.7601503284423
IL18BP	SRR1782901	1049.030056952923
IL18BP	SRR1782902	697
IL18BP	SRR1782903	294.7505987988507
IL18BP	SRR1782904	475
IL18BP	SRR1782905	454.947419726685
IL18BP	SRR1782906	370.33632585792697
IL18BP	SRR1782907	499.427457312022
IL18BP	SRR1782908	240.7320416428937
IL18BP	SRR1782909	329.12333490660694
IL18BP	SRR1782910	326
IL18BP	SRR1782911	244.67816715225447
IL18BP	SRR1782912	993.8678555979769
IL18BP	SRR1782913	1243
IL18BP	SRR1782914	578.5595255857418
IL18BP	SRR1782915	984
IL18BP	SRR1782916	162.70178835906276
IL18BP	SRR1782917	251.81090152489298
IL18BP	SRR1782918	544.5876568472263
IL18BP	SRR1782919	400
IL18BP	SRR1782920	983.9883965249454
IL18BP	SRR1782921	355.7408237950951
IL18BP	SRR1782922	1.1863691226303883
IL18BP	SRR1782923	267.4832581725267
IL18BP	SRR1782924	289.4764394038566
IL18BP	SRR1782925	207.72096669533101
IL18BP	SRR1782926	107.78548367144782
IL18BP	SRR1782927	213.60471376203031
IL18BP	SRR1782928	184.31137808739862
IL18BP	SRR1782929	77.66405255587627
IL18BP	SRR1782930	397.124256571662
IL18BP	SRR1782931	214.57121269546786
IL18BP	SRR1782932	283.0523906290384
IL18BP	SRR1782933	60.70130521893923
IL18BP	SRR1782934	154.90112760276557
IL18BP	SRR1782935	270.2091986436798
IL18BP	SRR1782936	377.28572335411246
IL18BP	SRR1782937	195.5242259666066
IL18BP	SRR1782938	1.2574474178148516
IL18BP	SRR1782939	537.5365012783875
IL18BP	SRR1782940	670.7785982901
IL18BP	SRR1782941	358.781208210319
IL18BP	SRR1782942	448.75752733318524
IL18BP	SRR1782943	511.34877736519564
IL18BP	SRR1782944	715.9230814608577
IL18BP	SRR1782945	817.2675786130222
IL18BP	SRR1782946	426.8889885541141
IL18BP	SRR1782947	646.3460037967221
IL18BP	SRR1782948	466
IL18BP	SRR1782949	634.5492884042958
IL18BP	SRR1782950	361
IL18BP	SRR1782951	1297.2646680276875
IL18BP	SRR1782952	185.90599719417995
IL18BP	SRR1782953	253.48235045817307
IL18BP	SRR1782954	1.126108257274077
IL18BP	SRR1782955	56.86131188361211
IL18BP	SRR1782956	139.07784087400404
IL18BP	SRR1782957	165.12853846762903
IL18BP	SRR1782958	181.99087128018544
IL18BP	SRR1782959	167.15081771742334
IL18BP	SRR1782960	638
IL18BP	SRR1782961	144.5235935962032
IL18BP	SRR1782962	176.27662598930632
IL18BP	SRR1782963	103.70988833292823
IL18BP	SRR1782964	394.14182198231885
IL18BP	SRR1782965	952.9066614114278
IL18BP	SRR1782966	722
IL18BP	SRR1782967	250.00115101143373
IL18BP	SRR1782968	398.4161285978763
IL18BP	SRR1782969	269.18625355939895
IL18BP	SRR1782970	88.08815981120395
IL18BP	SRR1782971	113.88123616461972
IL18BP	SRR1782972	267.4901859210069
IL18BP	SRR1782973	1.0512612155664167
IL18BP	SRR1782974	1462
IL18BP	SRR1782975	291.0519772854483
IL18BP	SRR1782976	109.0578876687554
IL18BP	SRR1782977	633.2278510528117
IL18BP	SRR1782978	117.93729286134862
IL18BP	SRR1782979	227.8945571347851
IL18BP	SRR1782980	694.1962926014971
IL18BP	SRR1782981	104.26729724140378
IL18BP	SRR1782982	287.66040064902603
IL18BP	SRR1782983	424.40623936993364
IL18BP	SRR1782984	554.1994146654939
IL18BP	SRR1782985	229.5574317213065
IL18BP	SRR1782986	513.5302833318538
IL18BP	SRR1782987	452.5697039199034
IL18BP	SRR1782988	728
IL18BP	SRR1782989	6.258587694394937
IL18BP	SRR1782990	169.23978004790933
IL18BP	SRR1782991	453.8684414509137
IL18BP	SRR1782992	271.66328144954844
IL18BP	SRR1782993	109.22357878211409
IL18BP	SRR1782994	936
IL18BP	SRR1782995	414.4119086996161
IL18BP	SRR1782996	539
IL18BP	SRR1782997	371.6632100303403
IL18BP	SRR1782998	343.2435347909826
IL18BP	SRR1782999	152.17550649243418
IL18BP	SRR1783000	332.290791830792
IL18BP	SRR1783001	452.27744075188133
IL18BP	SRR1783002	29.58626530036223
IL18BP	SRR1783003	668
IL18BP	SRR1783004	156.7162052481744
IL18BP	SRR1783005	278.3518390655032
IL18BP	SRR1783006	57.33167637021576
IL18BP	SRR1813867	290.3652220631872
IL18BP	SRR1813868	272.0374189926512
IL18BP	SRR1813869	301.00678171253315
IL18BP	SRR1813870	252.5782924132062
IL18BP	SRR1813871	254.67339288000647
IL18BP	SRR1813872	304.9862506535189
IL18BP	SRR1813873	253.48301914880415
IL18BP	SRR1813874	335.37922969046946
IL18BP	SRR1813875	373
IL18BP	SRR1813876	304.6161245490355
IL18BP	SRR1813877	207.0458741624384
IL18BP	SRR1813878	415.2988158143078
IL18BP	SRR1813879	327
IL18BP	SRR1813880	477
IL18BP	SRR1813881	291.6505457770099
IL18BP	SRR1813882	225.37745348363242
IL18BP	SRR1813883	517.42672165349
IL18BP	SRR1813884	310.91985755772373
IL18BP	SRR1813885	293
IL18BP	SRR1813886	388.4890378781472
IL18BP	SRR1813887	270.8237325171494
IL18BP	SRR1928188	188.5293608573279
IL18BP	SRR1928189	472.4297529454079
IL18BP	SRR1928190	701.1126478594858
IL18BP	SRR1928191	458.12910314429695
IL18BP	SRR1928192	1.0128988705381583
IL18BP	SRR1928193	1.015364236413795
IL18BP	SRR2046996	130.10788096370953
IL18BP	SRR2046997	339.7347662600681
IL18BP	SRR2046998	77.53848238491624
IL18BP	SRR2046999	341.6030936601051
IL18BP	SRR2047000	1.0106982750881945
IL18BP	SRR2047001	122.14223645891403
IL18BP	SRR2047002	558.3258385072522
IL18BP	SRR2047003	307.1339805547273
IL18BP	SRR2047004	581.5867410074343
IL18BP	SRR2047005	23.187319414518498
IL18BP	SRR2047006	626.3869344461058
IL18BP	SRR2047007	548.0356811936665
IL18BP	SRR2047008	1116.8067363653945
IL18BP	SRR2047009	257.6831209544634
IL18BP	SRR2313973	539.7607034807977
IL18BP	SRR2313974	259.9110685829359
IL18BP	SRR2313975	302.0641955818889
IL18BP	SRR2313976	420.07154292541435
IL18BP	SRR2313977	224.93830554356379
IL18BP	SRR2313978	32.84225351846397
IL18BP	SRR2313979	927.5027033251324
IL18BP	SRR2313980	286.66336025603323
IL18BP	SRR2313981	503.79939941262666
IL18BP	SRR2313982	605.8640459091506
IL18BP	SRR2313983	199.29010966426128
IL18BP	SRR2313984	210.14103700629576
IL18BP	SRR2313985	573.6715236779331
IL18BP	SRR2313986	324.99890119490397
IL18BP	SRR2313987	793.6364458824297
IL18BP	SRR2313988	402.60621385628843
IL18BP	SRR2313989	322.3780684931415
IL18BP	SRR2313990	264.02001423955096
IL18BP	SRR2313991	310.0355728143032
IL18BP	SRR2313992	295.2736821118381
IL18BP	SRR2313993	368.78406028047687
IL18BP	SRR2313994	150.13021048997385
IL18BP	SRR2313995	221.9135521253361
IL18BP	SRR2313996	257.1610524893038
IL18BP	SRR2313997	117.41417529128178
IL18BP	SRR2313998	324.63778619476886
IL18BP	SRR2313999	199.84042833791474
IL18BP	SRR2314000	382.2359194086856
IL18BP	SRR2314001	323.37828442063005
IL18BP	SRR2314002	401.2701754738688
IL18BP	SRR2314003	120.56018026925122
IL18BP	SRR2314004	185.46010602422194
IL18BP	SRR2314005	69.65573918475204
IL18BP	SRR2314006	1.0187871020034116
IL18BP	SRR2314007	791.7361992687389
IL18BP	SRR2314008	654.8622407075356
IL18BP	SRR2314009	364.97667847552407
IL18BP	SRR2314010	444.90593148485516
IL18BP	SRR2314011	627.3981904766524
IL18BP	SRR2314012	243.75560227489535
IL18BP	SRR2314013	213.43824459498205
IL18BP	SRR2314014	120.36157335318721
IL18BP	SRR2314015	132.01753957977556
IL18BP	SRR2314016	697.2453249394447
IL18BP	SRR2314017	223.22976219446954
IL18BP	SRR2314018	160.76349656514313
IL18BP	SRR2314019	1441.857842815033
IL18BP	SRR2314020	1.016563630576381
IL18BP	SRR2314021	1927.6558417510562
IL18BP	SRR2314022	233.82192998829834
IL18BP	SRR2314023	420.0434549549416
IL18BP	SRR2314024	200.5634691439579
IL18BP	SRR2314025	622.0063186968808
IL18BP	SRR2314026	529.3613258267308
IL18BP	SRR2314027	773.6709275873347
IL18BP	SRR2314028	540.5450229825304
IL18BP	SRR2314029	383.8969936662666
IL18BP	SRR2314030	494.32500711818193
IL18BP	SRR2314031	145.47059777319535
IL18BP	SRR2314032	648.0120637860625
IL18BP	SRR2314033	1.024065959569855
IL18BP	SRR2314034	623.7738505337669
IL18BP	SRR2314035	153.88785816384998
IL18BP	SRR2314036	113.93539949263393
IL18BP	SRR2314037	273.5964191672785
IL18BP	SRR2314038	259.4784643756874
IL18BP	SRR2314039	478.0970061714201
IL18BP	SRR2314040	400.0769994664449
IL18BP	SRR2314041	449.3499342309214
IL18BP	SRR2314042	721.9279944010171
IL18BP	SRR2314043	359.1673137615103
IL18BP	SRR2314044	462.95437337506513
IL18BP	SRR2314045	415.08638638622455
IL18BP	SRR3493774	434
IL18BP	SRR3493775	549
IL18BP	SRR3493776	614.8431742240379
IL18BP	SRR3493777	379.244569951804
IL18BP	SRR3493778	678
IL18BP	SRR3493779	283.9480117231631
IL18BP	SRR3493780	31.494427481129485
IL18BP	SRR3493781	379
IL18BP	SRR3493782	312.56240123001356
IL18BP	SRR3493783	255.65884676012422
IL18BP	SRR3493784	166.36931999272173
IL18BP	SRR3493785	453.3738973095376
IL18BP	SRR3493786	189.40108467961196
IL18BP	SRR3493787	586
IL18BP	SRR3493788	513
IL18BP	SRR3493789	297.3187432108437
IL18BP	SRR3493790	283
IL18BP	SRR3493791	393.5661537046838
IL18BP	SRR3493792	375.2700142900371
IL18BP	SRR3493793	206.96037801815183
IL18BP	SRR3493794	186.57556132544917
IL18BP	SRR3493795	140.50475303437963
IL18BP	SRR3493796	233.88308549514352
IL18BP	SRR3493797	416
IL18BP	SRR3493798	183.9999478399879
IL18BP	SRR3493799	375
IL18BP	SRR3493800	71.50657858601915
IL18BP	SRR3493801	146.29512887298569
IL18BP	SRR3493802	522
IL18BP	SRR3493803	306
IL18BP	SRR3493804	384.27649463299804
IL18BP	SRR3493805	264.6182932843195
IL18BP	SRR3493806	384
IL18BP	SRR3493807	402
IL18BP	SRR3493808	324.6276396541898
IL18BP	SRR3493809	195.62998325639097
IL18BP	SRR3493810	811
IL18BP	SRR3493811	614
IL18BP	SRR3493812	361.2599337565424
IL18BP	SRR3493813	209.37642310466876
IL18BP	SRR3493814	365
IL18BP	SRR3493815	505.45966401076737
IL18BP	SRR3493816	490
IL18BP	SRR3493817	205.5757155002641
IL18BP	SRR3493818	264.9111646813745
IL18BP	SRR3493819	388
IL18BP	SRR3493820	115.5530487426524
IL18BP	SRR3493821	173.9781953674097
IL18BP	SRR3493822	480
IL18BP	SRR3493823	431.95359342940634
IL18BP	SRR3493824	495.7467960038621
IL18BP	SRR3493825	379.48929772540566
IL18BP	SRR3493826	218.15696830727492
IL18BP	SRR3493827	241
IL18BP	SRR3493828	283
IL18BP	SRR3493829	237.55505874387777
IL18BP	SRR3493830	367.0223746855634
IL18BP	SRR3493831	233.02472226330252
IL18BP	SRR3493832	209.03761183686797
IL18BP	SRR3493833	429.6896853286235
IL18BP	SRR3493834	292
IL18BP	SRR3493835	163.82334028210957
IL18BP	SRR3493836	467
IL18BP	SRR3493837	269.17358658848354
IL18BP	SRR3493838	278
IL18BP	SRR3493839	396.20735691135474
IL18BP	SRR3493840	236.44041771956452
IL18BP	SRR3493841	923.9930597936881
IL18BP	SRR3493846	139.0948671295968
IL18BP	SRR3493847	97.4428976842989
IL18BP	SRR3493848	393.0707246501872
IL18BP	SRR3493849	624.7550192235358
IL18BP	SRR3493850	1064
IL18BP	SRR3714631	184
IL18BP	SRR3714632	115.63625763073631
IL18BP	SRR3714633	124.39869420706171
IL18BP	SRR3714634	58.362888419823875
IL18BP	SRR3714635	455
IL18BP	SRR3714636	314
IL18BP	SRR3714637	314
IL18BP	SRR3714638	172
IL18BP	SRR3714639	272.1323685701513
IL18BP	SRR3714640	195.65173964113754
IL18BP	SRR3714641	284.7079583343219
IL18BP	SRR3714642	203.14796583446048
IL18BP	SRR3714643	301.3777370259758
IL18BP	SRR3714644	511.97610228346934
IL18BP	SRR3714645	182.13439231679376
IL18BP	SRR3714646	153.02753402411867
IL18BP	SRR3714648	418.06944351360937
IL18BP	SRR3714649	532.3943001901849
IL18BP	SRR3714650	888.8829290053874
IL18BP	SRR3714651	715.8443700415128
IL18BP	SRR3714652	354.6673466848354
IL18BP	SRR3714653	135
IL18BP	SRR3714654	1132
IL18BP	SRR3714655	40.021599199580244
IL18BP	SRR3714656	56.57679489456356
IL18BP	SRR3714657	252.23343475769056
IL18BP	SRR3714658	221.66874670709944
IL18BP	SRR3714659	299.24502114393476
IL18BP	SRR3714660	108
IL18BP	SRR3714661	335
IL18BP	SRR3714662	44.474608791715106
IL18BP	SRR3714663	299.16145401686236
IL18BP	SRR3714664	285.254758441668
IL18BP	SRR3714665	138
IL18BP	SRR3714666	436
IL18BP	SRR3714667	161.63468782843617
IL18BP	SRR3714668	218
IL18BP	SRR3714669	593.9843586087031
IL18BP	SRR3714670	133.73961673056655
IL18BP	SRR3714671	425.4273331872856
IL18BP	SRR3714672	169.42399375716658
IL18BP	SRR3714673	268.7611110723336
IL18BP	SRR3714674	270.51157115320353
IL18BP	SRR3714675	407.5358305117098
IL18BP	SRR3714676	332
IL18BP	SRR3714677	165.36173176650817
IL18BP	SRR3714678	338.21990763379335
IL18BP	SRR3714679	205.27999024079267
IL18BP	SRR3714680	143.20360570571344
IL18BP	SRR3714681	345.12079474762226
IL18BP	SRR3714682	124.90058526277014
IL18BP	SRR3714683	151.28869488386786
IL18BP	SRR3714684	427.2968246222295
IL18BP	SRR3714685	342.5424440816758
IL18BP	SRR3714686	187.69999962627577
IL18BP	SRR3714688	9.064936682181164
IL18BP	SRR3714689	774.3226580216578
IL18BP	SRR3714690	252.29451036149842
IL18BP	SRR3714691	310
IL18BP	SRR3714692	341.23967850932985
IL18BP	SRR3714693	246.8839756714018
IL18BP	SRR3714694	299.0977063903968
IL18BP	SRR3714695	116.5331304675992
IL18BP	SRR3714696	512
IL18BP	SRR3714697	287.548312928561
IL18BP	SRR3714698	205.62071003551054
IL18BP	SRR3714699	317.69229194343416
IL18BP	SRR3714700	245.2634904038496
IL18BP	SRR3714701	211.19011784021478
IL18BP	SRR3714702	267.60827230768444
IL18BP	SRR3714703	120.10801543529443
IL18BP	SRR3714704	335.2493670723646
IL18BP	SRR3714705	468.1321062496197
IL18BP	SRR3714706	1.0348625162168688
IL18BP	SRR3714707	606.2819467313429
IL18BP	SRR3714708	1.0229861853499778
IL18BP	SRR3714709	345.7707157720484
IL18BP	SRR3714710	212.0806791581785
IL18BP	SRR3714711	265.49538103460867
IL18BP	SRR3714712	161
IL18BP	SRR3714713	222
IL18BP	SRR3714714	585
IL18BP	SRR3714715	422.93561575248214
IL18BP	SRR3714716	414
IL18BP	SRR3714717	241
IL18BP	SRR3714718	218
IL18BP	SRR3714719	333.50266219742093
IL18BP	SRR3714720	239.00635012155124
IL18BP	SRR3714721	276.8191417751223
IL18BP	SRR3714723	200.6470456622337
IL18BP	SRR3714724	437.2092922476203
IL18BP	SRR3714725	404.9155369093525
IL18BP	SRR3714726	248.23596104831816
IL18BP	SRR3714727	498.97697688442435
IL18BP	SRR3714728	88.71036100027933
IL18BP	SRR3714729	1.0258093057558688
IL18BP	SRR3714730	251.22519214487113
IL18BP	SRR3714731	684.1230932842952
IL18BP	SRR3714732	475.81392140419564
IL18BP	SRR3714734	365.79992885837595
IL18BP	SRR3714735	582.3727111322494
IL18BP	SRR3714736	309.9119941874772
IL18BP	SRR3714737	472
IL18BP	SRR3714738	424.96968675549306
IL18BP	SRR3714739	188.70841635534168
IL18BP	SRR3714740	261.1249202985525
IL18BP	SRR3714741	211.2021615732453
IL18BP	SRR3714744	432.8551907338989
IL18BP	SRR3714745	1.0402451473540792
IL18BP	SRR3714746	43.35929555206188
IL18BP	SRR3714747	450.6740315046776
IL18BP	SRR3714748	671.2553297944859
IL18BP	SRR3714749	35.720214918294985
IL18BP	SRR3714750	342.39709920181116
IL18BP	SRR3714751	200.16507607485104
IL18BP	SRR3714752	183
IL18BP	SRR3714753	2285.158123246037
IL18BP	SRR3714754	131
IL18BP	SRR3714755	178.49684633998058
IL18BP	SRR3714756	44.94246880901336
IL18BP	SRR3714757	882.4469456989947
IL18BP	SRR3714758	221.16682878467594
IL18BP	SRR3714759	349.30681793122983
IL18BP	SRR3714760	176.11357338131268
IL18BP	SRR3714761	320.03990804669917
IL18BP	SRR3714762	154.3169820429033
IL18BP	SRR3714764	464
IL18BP	SRR3714765	373.61038268214446
IL18BP	SRR3714766	378
IL18BP	SRR3714767	246.47738069149918
IL18BP	SRR3714768	284
IL18BP	SRR5176628	749.0656665299266
IL18BP	SRR5176629	131.74445732047596
IL18BP	SRR5176630	232.51497648642953
IL18BP	SRR5176631	164.557536129953
IL18BP	SRR5176632	190.53358997585454
IL18BP	SRR5176633	376.39112940038046
IL18BP	SRR5176634	177.7691102088538
IL18BP	SRR5176635	240.45610727477697
IL18BP	SRR5176636	1957.503874495553
IL18BP	SRR5176637	31.915584742017696
IL18BP	SRR5176638	1.122472464979261
IL18BP	SRR5176639	401
IL18BP	SRR5176640	49.06717819148678
IL18BP	SRR5176641	316.54504950182263
IL18BP	SRR5176642	169.32220247996543
IL18BP	SRR5176643	380.6559757410807
IL18BP	SRR5176644	609.1095962136488
IL18BP	SRR5176645	167.13939771307528
IL18BP	SRR5176646	73.32155670420605
IL18BP	SRR5176647	156.90304421958726
IL18BP	SRR5176648	676.8956485984306
IL18BP	SRR5176649	701.6317551459645
IL18BP	SRR5176650	65.52324804470136
IL18BP	SRR5176651	97.52306939502881
IL18BP	SRR5176652	720.9472082785575
IL18BP	SRR5176653	307.81944998835814
IL18BP	SRR5176654	228.83316004451112
IL18BP	SRR5176655	258.3058929897688
IL18BP	SRR5176656	1.069687850829972
IL18BP	SRR5176657	1.0798186787512312
IL18BP	SRR5176658	792.2820645551556
IL18BP	SRR5176659	134.2874138439553
IL18BP	SRR5176660	525.5905798509734
IL18BP	SRR5176661	441.35681336200446
IL18BP	SRR5176662	522.3866853295755
IL18BP	SRR5176663	224.3990030797568
IL18BP	SRR5176664	420
IL18BP	SRR5176665	411.55200553334697
IL18BP	SRR5176666	184.69809735266202
IL18BP	SRR5176667	1.0784326276989211
IL18BP	SRR5176668	476.0495318655372
IL18BP	SRR5176669	151.4138981408869
IL18BP	SRR5176670	213.35539955315684
IL18BP	SRR5176671	645.1490781891508
IL18BP	SRR5176672	371.02006354910736
IL18BP	SRR5176673	327.5488155606966
IL18BP	SRR5176674	367.84329663155495
IL18BP	SRR5176675	475.98037675565735
IL18BP	SRR5176676	1.0182154548374127
IL18BP	SRR5176677	974.4016986123596
IL18BP	SRR5176678	1878.677508245065
IL18BP	SRR5176679	818.1721652810216
IL18BP	SRR5176680	318.8930611174829
IL18BP	SRR5176681	560.6049408721448
IL18BP	SRR5176682	222.13708701555478
IL18BP	SRR5176683	222.99792601820417
IL18BP	SRR5176684	217.5702617705428
IL18BP	SRR5176685	542.5912771822086
IL18BP	SRR5176686	209.89055551634317
IL18BP	SRR5176687	675.9747579283301
IL18BP	SRR5176688	324.1781751057788
IL18BP	SRR5176689	755.4975587977334
IL18BP	SRR5176690	127.10974418284002
IL18BP	SRR5176691	287.2583369160792
IL18BP	SRR5176692	78.75409816270053
IL18BP	SRR5176693	965.9574011006149
IL18BP	SRR5176694	449
IL18BP	SRR5176695	245.34627820529695
IL18BP	SRR5176696	1.1276067886443841
IL18BP	SRR5176697	39.03015347637215
IL18BP	SRR5176698	1.164477770967963
IL18BP	SRR5176699	254.01290162969022
IL18BP	SRR5176700	104.51971708510806
IL18BP	SRR5176701	118.90170900279486
IL18BP	SRR5176702	1436
IL18BP	SRR5176703	5.111193469932273
IL18BP	SRR5176704	390.69554319005255
IL18BP	SRR5176705	974.9843345270457
IL18BP	SRR5176706	469.28101728134584
IL18BP	SRR5176707	211.00126279331357
IL18BP	SRR5176708	125.17802614532876
IL18BP	SRR5176709	151.71739616461713
IL18BP	SRR5176710	986
IL18BP	SRR5176711	764.4515521103248
IL18BP	SRR5176712	177.17856308418132
IL18BP	SRR5176713	314.7013438357744
IL18BP	SRR5176714	123.99352910662392
IL18BP	SRR5176715	191.24073771836626
IL18BP	SRR5176716	433.8506566214413
IL18BP	SRR5176717	170.08629778330734
IL18BP	SRR5176718	77.6598041130859
IL18BP	SRR5176719	357.8312598009557
IL18BP	SRR5176720	678
IL18BP	SRR5176721	883
IL18BP	SRR5176722	144.75410066668076
IL18BP	SRR5176723	369.4157039284888
IL18BP	SRR5176724	614.2486262753372
IL18BP	SRR5176725	147.77095977533259
IL18BP	SRR5176726	881
IL18BP	SRR5176727	620.353755929806
IL18BP	SRR5176728	293.9956058703395
IL18BP	SRR5176729	391.7318709030709
IL18BP	SRR5176730	53.33811261374629
IL18BP	SRR5176731	402.82032674636656
IL18BP	SRR5176732	590
IL18BP	SRR5176733	210.4661425092681
IL18BP	SRR5176734	1.0806477792257758
IL18BP	SRR5176735	652.5158266958605
IL18BP	SRR5176736	386.74774353863353
IL18BP	SRR5176737	251.72717891796484
IL18BP	SRR5176738	429.5218843022022
IL18BP	SRR5176739	615.7713799395714
IL18BP	SRR5176740	857.4777569102484
IL18BP	SRR5176741	200.89075345509227
IL18BP	SRR5176742	364.71535177408543
IL18BP	SRR5176743	101.1462874490941
IL18BP	SRR5176744	203.64590532953503
IL18BP	SRR5176745	488.2845861035359
IL18BP	SRR5176746	597.3229568358275
IL18BP	SRR5176747	492
IL18BP	SRR5176748	379.4776942160252
IL18BP	SRR5176749	89.42277950947619
IL18BP	SRR5176750	92.44771343893517
IL18BP	SRR5176751	252.89740074423656
IL18BP	SRR5176752	407.8158237690633
IL18BP	SRR5176753	364.95045349990613
IL18BP	SRR5176754	452.34829666756826
IL18BP	SRR5176755	507.2358861267176
IL18BP	SRR5176756	55.532599190773546
IL18BP	SRR5176757	103.43409964306649
IL18BP	SRR5176758	43.470442256149674
IL18BP	SRR5176759	209.48839356984422
IL18BP	SRR5176760	471.66679196582083
IL18BP	SRR5176761	639.6923594852467
IL18BP	SRR5176762	1.0740318196782621
IL18BP	SRR5176763	561.1394583387455
IL18BP	SRR5176764	218.15696830727492
IL18BP	SRR5176765	311.51359846239575
IL18BP	SRR5176766	621.7411883422621
IL18BP	SRR5176767	993.9984514234698
IL18BP	SRR5176768	251.6868794946937
IL18BP	SRR5176769	531.5281302644004
IL18BP	SRR5176770	409.9398046929318
IL18BP	SRR5176771	508.2232811386892
IL18BP	SRR5176772	592.6508616435685
IL18BP	SRR5176773	63.46633000895406
IL18BP	SRR5176774	140.85397104492753
IL18BP	SRR5176775	373.4228561837148
IL18BP	SRR5176776	135.08764420840185
IL18BP	SRR5176777	88.86078028638246
IL18BP	SRR5176778	130.72447902961736
IL18BP	SRR5176779	719.6068997844327
IL18BP	SRR5176780	958.8573259086957
IL18BP	SRR5176781	459.82645062949354
IL18BP	SRR5176782	1156.1864489642196
IL18BP	SRR5176783	314.8285076708446
IL18BP	SRR5176784	401.61546795605824
IL18BP	SRR5176785	251.43328923950327
IL18BP	SRR5176786	689
IL18BP	SRR5176787	638.753371997862
IL18BP	SRR5176788	383.8904289228228
IL18BP	SRR5176789	47.65562873758207
IL18BP	SRR5176790	123.1373693259363
IL18BP	SRR5176791	153.3184756911243
IL18BP	SRR5176792	449
IL18BP	SRR5176793	286.52310427111007
IL18BP	SRR5176794	189.8437807008413
IL18BP	SRR5176795	299.2318485671953
IL18BP	SRR5176796	81.77906278785525
IL18BP	SRR5176797	367.52070374721353
IL18BP	SRR5176798	115.5992748428601
IL18BP	SRR5176799	662
IL18BP	SRR5176800	120.93051572491673
IL18BP	SRR5176801	183.03514491730147
IL18BP	SRR5176802	921.575574087779
IL18BP	SRR5176803	681.7350320549915
IL18BP	SRR5176804	379.8590359655509
IL18BP	SRR5176805	332.26332171956795
IL18BP	SRR5176806	332.47410784273603
IL18BP	SRR5176807	624.4026692610176
IL18BP	SRR5176808	1236.444903477528
IL18BP	SRR5176809	665.9579954544904
IL18BP	SRR5176810	317
IL18BP	SRR5176811	931
IL18BP	SRR5176812	930.0035536968259
IL18BP	SRR5176813	706.7626575995254
IL18BP	SRR5176814	429
IL18BP	SRR5176815	88.19773484979856
IL18BP	SRR5176816	93.29021366479687
IL18BP	SRR5176817	124.63861534148226
IL18BP	SRR5176818	381.9325100822065
IL18BP	SRR5176819	1.052525107799273
IL18BP	SRR5176820	204.41245986706272
IL18BP	SRR5176821	227.01655763194003
IL18BP	SRR5176822	102.8832615938266
IL18BP	SRR5176823	396.4734572823837
IL18BP	SRR5176824	134.74775614081565
IL18BP	SRR5176825	430.4645081696826
IL18BP	SRR5176826	201.61203927171783
IL18BP	SRR5176827	285.0626473064621
IL18BP	SRR5176828	175.68883973354136
IL18BP	SRR5176829	586.5552765317018
IL18BP	SRR5176830	585.2105732478592
IL18BP	SRR5176831	490.47996691057824
IL18BP	SRR5176832	341.3198376102749
IL18BP	SRR5176833	711.0157116879154
IL18BP	SRR5176834	770.9197722436019
IL18BP	SRR5176835	215.7495259235109
IL18BP	SRR5176836	350.2888831309893
IL18BP	SRR5176837	250.10594456234867
IL18BP	SRR5176838	259.2386392007926
IL18BP	SRR5176839	56.173542016641676
IL18BP	SRR5176840	400.18610345303165
IL18BP	SRR5176841	227.02360247288325
IL18BP	SRR5176842	501.0561639809377
IL18BP	SRR5176843	202.53083542150023
IL18BP	SRR5176844	287.82749695449604
IL18BP	SRR5176845	552.8523150785378
IL18BP	SRR5176846	448.9818795450759
IL18BP	SRR5176847	407.9248751679222
IL18BP	SRR5176848	185.54895768406897
IL18BP	SRR5176849	73.3842856210222
IL18BP	SRR5176850	143.9143826391539
IL18BP	SRR5176851	305.31889251847304
IL18BP	SRR5176852	123.65466176621783
IL18BP	SRR5176853	572.3975413567977
IL18BP	SRR5176854	1.0464063323203885
IL18BP	SRR5176855	311.705088029262
IL18BP	SRR5176856	42.66224954416979
IL18BP	SRR5176857	198.68629139026424
IL18BP	SRR5176858	325.2108568218287
IL18BP	SRR5176859	953.672551963274
IL18BP	SRR5176860	954
IL18BP	SRR5176861	380.7244789490347
IL18BP	SRR5176862	766.397296682862
IL18BP	SRR5176863	429.04754413434216
IL18BP	SRR5176864	621.9732501526069
IL18BP	SRR5176865	538.023803146399
IL18BP	SRR5176866	1186
IL18BP	SRR5176867	142.59717771199746
IL18BP	SRR5176868	78.62915982239076
IL18BP	SRR5176869	865.1122209998534
IL18BP	SRR5176870	115.51694365807874
IL18BP	SRR5176871	626.1144616163863
IL18BP	SRR5176872	236.4090787337934
IL18BP	SRR5861974	65.84781890435009
IL18BP	SRR5861975	147.3173809702316
IL18BP	SRR5861976	219.43127070888647
IL18BP	SRR5861977	448
IL18BP	SRR5861978	142.68529333758593
IL18BP	SRR5861979	234.16038470552513
IL18BP	SRR5861980	501
IL18BP	SRR5861981	399.7543841185631
IL18BP	SRR5861982	1.2333293129099616
IL18BP	SRR5861983	411.6661549079253
IL18BP	SRR5861984	839.6761363777645
IL18BP	SRR5861985	255.23448995788186
IL18BP	SRR5861986	152.30116558763143
IL18BP	SRR5861987	111.37959904090498
IL18BP	SRR5861988	427.16705392535016
IL18BP	SRR5861989	106.29410689123888
IL18BP	SRR5861990	234.69842777073612
IL18BP	SRR5861991	512
IL18BP	SRR5861992	699
IL18BP	SRR5861993	319.1747582170996
IL18BP	SRR5861994	582
IL18BP	SRR5861995	182.5692738733227
IL18BP	SRR5861996	427.75958522338806
IL18BP	SRR5861997	228.65064600142642
IL18BP	SRR5861998	158.9005573736238
IL18BP	SRR5861999	146.8241981834339
IL18BP	SRR5862000	237.0853091619532
IL18BP	SRR5862001	449
IL18BP	SRR5862002	398.42994011984575
IL18BP	SRR5862003	607.4621466864805
IL18BP	SRR5862004	598.2784272160167
IL18BP	SRR5862005	152.79787447623542
IL18BP	SRR5862006	194.7258928783579
IL18BP	SRR5862007	389.2372058257458
IL18BP	SRR5862008	161.64138312889145
IL18BP	SRR5862009	351.23564998652427
IL18BP	SRR5862010	1.0512612155664167
IL18BP	SRR5862011	186.39223137143873
IL18BP	SRR5862012	81.5655043409906
IL18BP	SRR5862013	23.474966170683842
IL18BP	SRR5862014	112.54375066793295
IL18BP	SRR5862015	1008
IL18BP	SRR5862016	496.0572254574045
IL18BP	SRR5862017	172.40083895022624
IL18BP	SRR5862018	353.40113893805176
IL18BP	SRR5862019	393.07618455376195
IL18BP	SRR5862020	223.75011261715338
IL18BP	SRR5862021	395.338455563588
IL18BP	SRR5862022	133.63962016254345
IL18BP	SRR5862023	153.13744736263612
IL18BP	SRR5862024	697.8694682593314
IL18BP	SRR5862025	336
IL18BP	SRR5862026	430.2756762361249
IL18BP	SRR5862027	369.1992526161278
IL18BP	SRR5862028	1.1262536898298274
IL18BP	SRR5862029	141.81408132605512
IL18BP	SRR5862030	980.6733410257755
IL18BP	SRR5862031	659.5234546696571
IL18BP	SRR5862032	1.0733161679094974
IL18BP	SRR5862033	270.4046244494954
IL18BP	SRR5862034	1.2455161624992859
IL18BP	SRR5862035	386.5261659120896
IL18BP	SRR5862036	163.79230981547866
IL18BP	SRR5862037	123.3526855096287
IL18BP	SRR5862038	1.0790945062876685
IL18BP	SRR5862039	453.7819921334462
IL18BP	SRR5862040	233.4896537942757
IL18BP	SRR5862041	629.3414969541993
IL18BP	SRR5862042	142.2425031144138
IL18BP	SRR5862043	743
IL18BP	SRR5862044	330.45071599737355
IL18BP	SRR5862045	696.8878628235567
IL18BP	SRR5862046	245.89949538360577
IL18BP	SRR5862047	361.1162380225633
IL18BP	SRR5862048	1.2470733792685733
IL18BP	SRR5862049	108.65121545086731
IL18BP	SRR5862050	310.01195446514004
IL18BP	SRR5862051	461.14476567942535
IL18BP	SRR5862052	186.64271999539693
IL18BP	SRR5862053	562.4742712132465
IL18BP	SRR5862054	121.06988794179723
IL18BP	SRR5862055	145.2145849247719
IL18BP	SRR5862056	137.34229931144853
IL18BP	SRR5862057	95.72731815146565
IL18BP	SRR5862058	673.5235342625855
IL18BP	SRR5862059	107.90013473107524
IL18BP	SRR5862060	449.0420006129643
IL18BP	SRR5862061	416.4778623367388
IL18BP	SRR5862062	645.3482870932315
IL18BP	SRR5862063	225.6642822277453
IL18BP	SRR5862064	1114.154121282281
IL18BP	SRR5862065	383.96451034307825
IL18BP	SRR5862066	96.86632152656892
IL18BP	SRR5862067	1.2340297724805442
IL18BP	SRR5862068	498.3412420479188
IL18BP	SRR5862069	377.80185270594365
IL18BP	SRR5862070	572.5005884365008
IL18BP	SRR5862071	1.2517458229536382
IL18BP	SRR5862072	1.2634612941586179
IL18BP	SRR5862073	406.7547957257504
IL18BP	SRR5862074	389.9509184837305
IL18BP	SRR5862075	776.2298372039967
IL18BP	SRR5862076	1.240670619317905
IL18BP	SRR5862077	421.64811315650314
IL18BP	SRR5862078	1.0774391300279966
IL18BP	SRR5862079	119.19211453960811
IL18BP	SRR5862080	473.52169284453066
IL18BP	SRR5862081	975.6813693995067
IL18BP	SRR5862082	879.2870613923754
IL18BP	SRR5862083	953
IL18BP	SRR5862084	138.94073551143376
IL18BP	SRR5862085	421
IL18BP	SRR5862086	1983.8875068670225
IL18BP	SRR5862087	222.5857975957786
IL18BP	SRR5862088	1.121721315480128
IL18BP	SRR5862089	343.153790039235
IL18BP	SRR5862090	666.136796632072
IL18BP	SRR5862091	363.95457272363194
IL18BP	SRR5862092	223.49480315609543
IL18BP	SRR5862093	1260.2267507868596
IL18BP	SRR5862094	472.32446712667155
IL18BP	SRR5862095	123.95579555528936
IL18BP	SRR5862096	429.92735645498067
IL18BP	SRR5862097	788.1153525616353
IL18BP	SRR5862098	963.346002067137
IL18BP	SRR5862099	84.85733767274903
IL18BP	SRR5862100	338.88824183614497
IL18BP	SRR5862101	143.9082652763939
IL18BP	SRR5862102	612.521319808237
IL18BP	SRR5862103	313.13089021265876
IL18BP	SRR5862104	240.99209280579487
IL18BP	SRR5862105	196.13525636471044
IL18BP	SRR5862106	468.9861550548532
IL18BP	SRR5862107	710
IL18BP	SRR5862108	988.7244512401089
IL18BP	SRR5862109	187.33679961996677
IL18BP	SRR5862110	333.6180895265677
IL18BP	SRR5862111	201.89505434006935
IL18BP	SRR5862112	702.5977173698859
IL18BP	SRR5862113	241.07312954064938
IL18BP	SRR5862114	740.4213507203106
IL18BP	SRR5862115	581.8176838330844
IL18BP	SRR5862116	489.156680735229
IL18BP	SRR5862117	324.05237413802905
IL18BP	SRR5862118	333.7355107293683
IL18BP	SRR5862119	422.71444456582503
IL18BP	SRR5862120	1016.9145306854929
IL18BP	SRR5862121	814.1712034654146
IL18BP	SRR5862122	618.258308739144
IL18BP	SRR5862123	449.0156895083903
IL18BP	SRR5862124	216.68457602476255
IL18BP	SRR5862125	469
IL18BP	SRR5862126	450.40505788235413
IL18BP	SRR5862127	228.84611365762
IL18BP	SRR5862128	503.8544925313962
IL18BP	SRR5862129	1.0783123695394767
IL18BP	SRR5862130	136.8387991343939
IL18BP	SRR5862131	528.1947954708073
IL18BP	SRR5862132	727.6543935121588
IL18BP	SRR5862133	952.8569224533359
IL18BP	SRR5862134	606.1090563308229
IL18BP	SRR5862135	942.6336398101217
IL18BP	SRR5862136	420.1511807933348
IL18BP	SRR5862137	330.71335111921593
IL18BP	SRR5862138	558.9856178220899
IL18BP	SRR5862139	686.9066450935646
IL18BP	SRR5862140	604.9562868281363
IL18BP	SRR5862141	667.848671345502
IL18BP	SRR5862142	642.7217372905624
IL18BP	SRR5862143	527.1896959002082
IL18BP	SRR5862144	245.36158580864938
IL18BP	SRR5862145	647.112332135972
IL18BP	SRR5862146	335.42659492276164
IL18BP	SRR5862147	220.56857816029733
IL18BP	SRR5862148	905
IL18BP	SRR5862149	259.4670198873812
IL18BP	SRR5862150	450.0790903833173
IL18BP	SRR5862151	264.1441565016838
IL18BP	SRR5862152	195.56197735842386
IL18BP	SRR5862153	99.99378700889876
IL18BP	SRR5862154	611
IL18BP	SRR5862155	770.7586334452045
IL18BP	SRR5862156	57.41524685656505
IL18BP	SRR5862157	55.392262381993
IL18BP	SRR5862158	641.3461271732734
IL18BP	SRR5862159	188.09139778202882
IL18BP	SRR5862160	197.18284193988728
IL18BP	SRR5862161	270.73437598217333
IL18BP	SRR5862162	1263.1019784513269
IL18BP	SRR5862163	792.6706303576035
IL18BP	SRR5862164	269.85830634647346
IL18BP	SRR5862165	133.5711497965803
IL18BP	SRR5862166	208.884625806016
IL18BP	SRR5862167	229.47788351852614
IL18BP	SRR5862168	400.66057680050903
IL18BP	SRR5862169	866.1343844354617
IL18BP	SRR5862170	351.7739070801944
IL18BP	SRR5862171	997.675341797605
IL18BP	SRR5862172	786.3551077809166
IL18BP	SRR5862173	402.74031195869395
IL18BP	SRR5862174	359.84440180738557
IL18BP	SRR5862175	510.45161278516656
IL18BP	SRR5862176	3.051404791756378
IL18BP	SRR5862177	155.81211076803513
IL18BP	SRR5862178	49.3696868359067
IL18BP	SRR5862179	660.6806471808329
IL18BP	SRR5862180	1.163410651901285
IL18BP	SRR5862181	1903.953727665413
IL18BP	SRR5862182	384.47953128256506
IL18BP	SRR5862183	635.0868270044224
IL18BP	SRR5862184	352.16621854083843
IL18BP	SRR5862185	469
IL18BP	SRR5862186	636.5809592665197
IL18BP	SRR5862187	1178.666473806337
IL18BP	SRR5862188	74.79815463999917
IL18BP	SRR5862189	143.1501797542595
IL18BP	SRR5862190	997.3163535177703
IL18BP	SRR5862191	245.7971842222171
IL18BP	SRR5862192	1.0447528439170217
IL18BP	SRR5862193	305.08257867558694
IL18BP	SRR5862194	491.53678570692665
IL18BP	SRR5862195	722.5004100405781
IL18BP	SRR5862196	1209
IL18BP	SRR5862197	440
IL18BP	SRR5862198	487.57747736437767
IL18BP	SRR5862199	235.57517026067853
IL18BP	SRR5862200	401.84910506158104
IL18BP	SRR5862201	175.16528987581256
IL18BP	SRR5862202	272.6560158428225
IL18BP	SRR5862203	113.68304081066482
IL18BP	SRR5862204	669
IL18BP	SRR5862205	1461
IL18BP	SRR5862206	228.99920369060132
IL18BP	SRR5862207	741.8839278705018
IL18BP	SRR5862208	404.51416634096836
IL18BP	SRR5862209	166.83588590331098
IL18BP	SRR5862210	493
IL18BP	SRR5862211	97.02462196308161
IL18BP	SRR5862212	169.47519744901146
IL18BP	SRR5862213	485.20971046075164
IL18BP	SRR5862214	416.1199679310309
IL18BP	SRR5862215	887.099812250151
IL18BP	SRR5862216	597.1188628683364
IL18BP	SRR5862217	345.208159842211
IL18BP	SRR5862218	277.24933562980465
IL18BP	SRR5862219	278.24119822446477
IL18BP	SRR5862220	642.8572468176636
IL18BP	SRR5862221	977
IL18BP	SRR5862222	271.8755151922151
IL18BP	SRR5862223	67.7939692514695
IL18BP	SRR5862224	306.32407286239584
IL18BP	SRR5862225	551.4431094328195
IL18BP	SRR5862226	210.22685282705427
IL18BP	SRR5862227	683
IL18BP	SRR5862228	107.95197351820674
IL18BP	SRR5862229	200.16143400333547
IL18BP	SRR5862230	150.78484977460903
IL18BP	SRR5862231	251.51188896843624
IL18BP	SRR5862232	110.61694611983089
IL18BP	SRR5862233	523.4268752714262
IL18BP	SRR5862234	71.4100138185412
IL18BP	SRR5862235	324.291641675295
IL18BP	SRR5862236	387.8194604958401
IL18BP	SRR5862237	1.030696233812855
IL18BP	SRR5862238	580.478720617068
IL18BP	SRR5862239	247.88037758173405
IL18BP	SRR5862240	306.8270620957313
IL18BP	SRR5862241	311.90546753073187
IL18BP	SRR5862242	221.50349933152586
IL18BP	SRR5862243	520.85338969833094
IL18BP	SRR5862244	60.84377230121743
IL18BP	SRR5862245	91.61201910513448
IL18BP	SRR5862246	347.65371056447634
IL18BP	SRR5862247	479.6113016610412
IL18BP	SRR5862248	306.2203316606703
IL18BP	SRR5862249	284.15085706396815
IL18BP	SRR5862250	1.0105296734932572
IL18BP	SRR5862251	182.82507668654617
IL18BP	SRR5862252	209.5271821079624
IL18BP	SRR5862253	204.54730973945706
IL18BP	SRR5862254	180.24413054158435
IL18BP	SRR5862255	507.90801724374757
IL18BP	SRR5862256	115.75907512583204
IL18BP	SRR5862257	92.2133214593645
IL18BP	SRR5862258	326.83229662729707
IL18BP	SRR5862259	270.5816749513653
IL18BP	SRR5862260	1.0641135195805316
IL18BP	SRR5862261	42.68091198406809
IL18BP	SRR5862262	151.4525062527334
IL18BP	SRR5862263	1.045022718956458
IL18BP	SRR5862264	243.36860028713514
IL18BP	SRR5862265	366.4339412180441
IL18BP	SRR5862266	175.94969652999313
IL18BP	SRR5862267	48.52422341750497
IL18BP	SRR5862268	148.71424939410366
IL18BP	SRR5862269	495.91576729119566
IL18BP	SRR5862270	593.3140779308891
IL18BP	SRR5862271	231.34868870790714
IL18BP	SRR5862272	46.5081188880335
IL18BP	SRR5862273	285.9447988698352
IL18BP	SRR5862274	170.77170959322274
IL18BP	SRR5862275	82.03650824910005
IL18BP	SRR5862276	91.54193172729946
IL18BP	SRR5862277	162.99767169909066
IL18BP	SRR5949109	272.4367568486224
IL18BP	SRR5949110	272.0756556784634
IL18BP	SRR5949111	272.43512960196614
IL18BP	SRR5949112	272.44030535599524
IL18BP	SRR5949113	272.31368399533926
IL18BP	SRR5949114	272.44030535599524
IL18BP	SRR5949115	272.4367568486224
IL18BP	SRR5949116	272.4216383213507
IL18BP	SRR5949117	272.44030535599524
IL18BP	SRR5949118	272.41200717308953
IL18BP	SRR5949119	272.43996627436997
IL18BP	SRR5949120	272.40566246081255
IL18BP	SRR5949121	272.40566246081255
IL18BP	SRR5949122	272.3957577685959
IL18BP	SRR5949123	272.37226593173807
IL18BP	SRR5949124	272.25676480956827
IL18BP	SRR5949125	272.31368399533926
IL18BP	SRR5949126	272.3957577685959
IL18BP	SRR5949127	272.40566246081255
IL18BP	SRR5949128	272.40566246081255
IL18BP	SRR5949129	272.43996627436997
IL18BP	SRR5949130	272.43512960196614
IL18BP	SRR5949131	272.3783374062036
IL18BP	SRR5949132	272.4367568486224
IL18BP	SRR5949133	272.401356752169
IL18BP	SRR5949134	272.44030535599524
IL18BP	SRR5949135	272.4205751886587
IL18BP	SRR5949136	272.4388367116218
IL18BP	SRR5949137	272.2799302549895
IL18BP	SRR5949138	272.3741373688597
IL18BP	SRR5949139	272.3992817014486
IL18BP	SRR5949140	272.43512960196614
IL18BP	SRR5949141	272.43996627436997
IL18BP	SRR5949142	272.43512960196614
IL18BP	SRR5949143	272.44030535599524
IL18BP	SRR5949144	272.401356752169
IL18BP	SRR5949145	272.41200717308953
IL18BP	SRR5949146	272.40922422888235
IL18BP	SRR5949147	272.40922422888235
IL18BP	SRR5949148	272.2360700102729
IL18BP	SRR5949149	272.41200717308953
IL18BP	SRR5949150	272.43996627436997
IL18BP	SRR5949151	272.36391035888505
IL18BP	SRR5949152	271.91076041061643
IL18BP	SRR5949153	272.39426270490424
IL18BP	SRR5949154	272.16755321084116
IL18BP	SRR5949155	272.41200717308953
IL18BP	SRR5949156	272.43996627436997
IL18BP	SRR5949157	272.4367568486224
IL18BP	SRR5949158	272.44030535599524
IL18BP	SRR5949159	272.1955498321551
IL18BP	SRR5949160	272.4367568486224
IL18BP	SRR5949161	272.43512960196614
IL18BP	SRR5949162	272.4367568486224
IL18BP	SRR5949163	272.43996627436997
IL18BP	SRR5949164	272.44030535599524
IL18BP	SRR5949165	272.4216383213507
IL18BP	SRR5949166	272.43996627436997
IL18BP	SRR5949167	272.41200717308953
IL18BP	SRR5949168	272.4205751886587
IL18BP	SRR5949169	271.31479838693264
IL18BP	SRR5949170	272.44030535599524
IL18BP	SRR5949171	272.3760970795373
IL18BP	SRR5949172	272.37497775634824
IL18BP	SRR5949173	272.4367568486224
IL18BP	SRR5949174	272.4205751886587
IL18BP	SRR5949175	272.44030535599524
IL18BP	SRR5949176	272.40566246081255
IL18BP	SRR5949177	272.21380321297744
IL18BP	SRR5949178	272.39426270490424
IL18BP	SRR5949179	272.43512960196614
IL18BP	SRR5949180	272.44030535599524
IL18BP	SRR5949181	272.4388367116218
IL18BP	SRR5949182	272.401356752169
IL18BP	SRR5949183	272.43996627436997
IL18BP	SRR5949184	272.4216383213507
IL18BP	SRR5949185	272.37497775634824
IL18BP	SRR5949186	272.2959199040549
IL18BP	SRR5949187	272.43512960196614
IL18BP	SRR5949188	272.4205751886587
IL18BP	SRR5949189	272.40566246081255
IL18BP	SRR5949190	272.41200717308953
IL18BP	SRR5949191	272.3760970795373
IL18BP	SRR5949192	272.4388367116218
IL18BP	SRR5949193	272.43996627436997
IL18BP	SRR5949194	272.4367568486224
IL18BP	SRR5949195	272.4216383213507
IL18BP	SRR5949196	272.3783374062036
IL18BP	SRR5949197	272.34106701166655
IL18BP	SRR5949198	272.2647280600299
IL18BP	SRR5949199	272.3957577685959
IL18BP	SRR5949200	272.43996627436997
IL18BP	SRR5949201	272.4205751886587
IL18BP	SRR5949202	272.43512960196614
IL18BP	SRR5949203	272.4367568486224
IL18BP	SRR5949204	272.44030535599524
IL18BP	SRR5949205	272.44030535599524
IL18BP	SRR5949206	272.4216383213507
IL18BP	SRR5949207	272.4367568486224
IL18BP	SRR5949208	272.41200717308953
IL18BP	SRR5949209	272.4367568486224
IL18BP	SRR5949210	272.4205751886587
IL18BP	SRR5949211	272.34106701166655
IL18BP	SRR5949212	272.4205751886587
IL18BP	SRR5949213	272.3957577685959
IL18BP	SRR5949214	272.36391035888505
IL18BP	SRR5949215	272.40566246081255
IL18BP	SRR5949216	272.43512960196614
IL18BP	SRR5949217	272.43512960196614
IL18BP	SRR5949218	272.401356752169
IL18BP	SRR5949219	272.40566246081255
IL18BP	SRR5949220	272.37497775634824
IL18BP	SRR5949221	272.36391035888505
IL18BP	SRR5949222	272.40566246081255
IL18BP	SRR5949223	272.21380321297744
IL18BP	SRR5949224	272.41200717308953
IL18BP	SRR5949225	272.4388367116218
IL18BP	SRR5949226	272.37497775634824
IL18BP	SRR5949227	272.4388367116218
IL18BP	SRR5949228	272.37497775634824
IL18BP	SRR5949229	272.3741373688597
IL18BP	SRR5949230	272.4388367116218
IL18BP	SRR5949231	272.35076603401416
IL18BP	SRR5949232	272.1517822473633
IL18BP	SRR5949233	272.2184772272609
IL18BP	SRR5949234	272.40922422888235
IL18BP	SRR5949235	272.37497775634824
IL18BP	SRR5949236	271.974652736565
IL18BP	SRR5949237	272.35076603401416
IL18BP	SRR5949238	272.2959199040549
IL18BP	SRR5949239	272.02110776249737
IL18BP	SRR5949240	272.43996627436997
IL18BP	SRR5949241	272.41200717308953
IL18BP	SRR5949242	272.4205751886587
IL18BP	SRR5949243	272.39426270490424
IL18BP	SRR5949244	272.3957577685959
IL18BP	SRR5949245	272.3992817014486
IL18BP	SRR5949246	272.4205751886587
IL18BP	SRR5949247	272.40922422888235
IL18BP	SRR5949248	272.4216383213507
IL18BP	SRR5949249	272.4205751886587
IL18BP	SRR5949250	272.44030535599524
IL18BP	SRR5949251	272.37497775634824
IL18BP	SRR5949252	272.4367568486224
IL18BP	SRR5949253	272.33301452247605
IL18BP	SRR5949254	272.36747915538837
IL18BP	SRR5949255	272.4205751886587
IL18BP	SRR5949256	272.3992817014486
IL18BP	SRR5949257	272.43996627436997
IL18BP	SRR5949258	272.43996627436997
IL18BP	SRR5949259	272.401356752169
IL18BP	SRR5949260	272.44030535599524
IL18BP	SRR5949261	272.44030535599524
IL18BP	SRR5949262	272.3957577685959
IL18BP	SRR5949263	272.4216383213507
IL18BP	SRR5949264	272.40566246081255
IL18BP	SRR5949265	272.4367568486224
IL18BP	SRR5949266	272.2879906896042
IL18BP	SRR5949267	272.29160429450906
IL18BP	SRR5949268	272.4388367116218
IL18BP	SRR5949269	272.40566246081255
IL18BP	SRR5949270	272.4205751886587
IL18BP	SRR5949271	272.37226593173807
IL18BP	SRR5949272	272.44030535599524
IL18BP	SRR5949273	272.44030535599524
IL18BP	SRR5949274	272.4216383213507
IL18BP	SRR5949275	272.36747915538837
IL18BP	SRR5949276	272.4216383213507
IL18BP	SRR5949277	272.29160429450906
IL18BP	SRR5949278	272.43512960196614
IL18BP	SRR5949279	272.43512960196614
IL18BP	SRR5949280	272.32971907985603
IL18BP	SRR5949281	272.4205751886587
IL18BP	SRR5949282	272.44030535599524
IL18BP	SRR5949283	272.3542257364693
IL18BP	SRR5949284	272.44030535599524
IL18BP	SRR5949285	272.1500149668026
IL18BP	SRR5949286	272.2879906896042
IL18BP	SRR5949287	272.44030535599524
IL18BP	SRR5949288	272.43512960196614
IL18BP	SRR5949289	272.3992817014486
IL18BP	SRR5949290	272.44030535599524
IL18BP	SRR5949291	272.4205751886587
IL18BP	SRR5949292	272.40922422888235
IL18BP	SRR5949293	272.44030535599524
IL18BP	SRR5949294	272.43996627436997
IL18BP	SRR5949295	272.43512960196614
IL18BP	SRR5949296	272.4216383213507
IL18BP	SRR5949297	272.4367568486224
IL18BP	SRR5949298	272.3760970795373
IL18BP	SRR5949299	272.40922422888235
IL18BP	SRR5949300	272.43996627436997
IL18BP	SRR5949301	272.43996627436997
IL18BP	SRR5949302	272.3992817014486
IL18BP	SRR5949303	272.3783374062036
IL18BP	SRR5949304	272.4367568486224
IL18BP	SRR5949305	272.28861068685046
IL18BP	SRR5949306	272.4367568486224
IL18BP	SRR5949307	272.40922422888235
IL18BP	SRR5949308	272.4216383213507
IL18BP	SRR5949309	272.37226593173807
IL18BP	SRR5949310	272.37226593173807
IL18BP	SRR5949311	272.40922422888235
IL18BP	SRR5949312	272.3475007863171
IL18BP	SRR5949313	272.4205751886587
IL18BP	SRR5949314	272.43996627436997
IL18BP	SRR5949315	272.4205751886587
IL18BP	SRR5949316	272.43512960196614
IL18BP	SRR5949317	272.3072818524252
IL18BP	SRR5949318	272.29286009542517
IL18BP	SRR5949319	272.4367568486224
IL18BP	SRR5949320	272.44030535599524
IL18BP	SRR5949321	272.4216383213507
IL18BP	SRR5949322	272.37497775634824
IL18BP	SRR5949323	272.4205751886587
IL18BP	SRR5949324	272.44030535599524
IL18BP	SRR5949325	272.43512960196614
IL18BP	SRR5949326	272.41200717308953
IL18BP	SRR5949327	272.2791163444675
IL18BP	SRR5949328	272.4367568486224
IL18BP	SRR5949329	272.4388367116218
IL18BP	SRR5949330	272.43512960196614
IL18BP	SRR5949331	272.4388367116218
IL18BP	SRR5949332	272.44030535599524
IL18BP	SRR5949333	272.401356752169
IL18BP	SRR5949334	272.3475007863171
IL18BP	SRR5949335	272.43996627436997
IL18BP	SRR5949336	272.4216383213507
IL18BP	SRR5949337	272.4388367116218
IL18BP	SRR5949338	272.43512960196614
IL18BP	SRR5949339	272.43512960196614
IL18BP	SRR5949340	272.3783374062036
IL18BP	SRR5949341	272.401356752169
IL18BP	SRR5949342	272.4367568486224
IL18BP	SRR5949343	272.40566246081255
IL18BP	SRR5949344	272.4367568486224
IL18BP	SRR5949345	272.4388367116218
IL18BP	SRR5949346	272.2748593843995
IL18BP	SRR5949347	272.3400110327859
IL18BP	SRR5949348	272.1604421968378
IL18BP	SRR5949349	272.43512960196614
IL18BP	SRR5949350	272.4205751886587
IL18BP	SRR5949351	272.4205751886587
IL18BP	SRR5949352	272.4216383213507
IL18BP	SRR5949353	272.43512960196614
IL18BP	SRR5949354	272.37187988325707
IL18BP	SRR5949355	272.40922422888235
IL18BP	SRR5949356	271.7071927396113
IL18BP	SRR5949357	272.40922422888235
IL18BP	SRR5949358	272.41200717308953
IL18BP	SRR5949359	272.43512960196614
IL18BP	SRR5949360	272.401356752169
IL18BP	SRR5949361	272.3992817014486
IL18BP	SRR5949362	271.9752029235064
IL18BP	SRR5949363	272.4388367116218
IL18BP	SRR5949364	272.3757222467017
IL18BP	SRR5949365	272.33301452247605
IL18BP	SRR5949366	271.8545854215008
IL18BP	SRR5949367	272.44030535599524
IL18BP	SRR5949368	272.17730629614715
IL18BP	SRR5949369	272.43996627436997
IL18BP	SRR5949370	272.4367568486224
IL18BP	SRR5949371	272.3741373688597
IL18BP	SRR5949372	272.4205751886587
IL18BP	SRR5949373	272.43996627436997
IL18BP	SRR5949374	272.3760970795373
IL18BP	SRR5949375	272.43996627436997
IL18BP	SRR5949376	272.44030535599524
IL18BP	SRR5949377	272.43512960196614
IL18BP	SRR5949378	272.44030535599524
IL18BP	SRR5949379	272.43512960196614
IL18BP	SRR5949380	272.23788419408
IL18BP	SRR5949381	272.36747915538837
IL18BP	SRR5949382	272.43512960196614
IL18BP	SRR5949383	272.3957577685959
IL18BP	SRR5949384	272.43996627436997
IL18BP	SRR5949385	272.39426270490424
IL18BP	SRR5949386	272.44030535599524
IL18BP	SRR5949387	272.00265863422976
IL18BP	SRR5949388	272.36703725559937
IL18BP	SRR5949389	272.44030535599524
IL18BP	SRR5949390	272.4205751886587
IL18BP	SRR5949391	272.3741373688597
IL18BP	SRR5949392	272.44030535599524
IL18BP	SRR5949393	272.3741373688597
IL18BP	SRR5949394	272.3542257364693
IL18BP	SRR5949395	272.4205751886587
IL18BP	SRR5949396	272.21380321297744
IL18BP	SRR5949397	272.43996627436997
IL18BP	SRR5949398	272.4388367116218
IL18BP	SRR5949399	272.41200717308953
IL18BP	SRR5949400	271.14527607728377
IL18BP	SRR5949401	272.44030535599524
IL18BP	SRR5949402	272.4216383213507
IL18BP	SRR5949403	272.40566246081255
IL18BP	SRR5949404	272.3741373688597
IL18BP	SRR5949405	272.43512960196614
IL18BP	SRR5949406	272.43996627436997
IL18BP	SRR5949407	272.43512960196614
IL18BP	SRR5949408	272.43512960196614
IL18BP	SRR5949409	272.4216383213507
IL18BP	SRR5949410	272.4205751886587
IL18BP	SRR5949411	272.44030535599524
IL18BP	SRR5949412	272.3957577685959
IL18BP	SRR5949413	272.4216383213507
IL18BP	SRR5949414	272.43512960196614
IL18BP	SRR5949415	272.4367568486224
IL18BP	SRR5949416	272.40922422888235
IL18BP	SRR5949417	272.401356752169
IL18BP	SRR5949418	272.43512960196614
IL18BP	SRR5949419	272.4367568486224
IL18BP	SRR5949420	272.40566246081255
IL18BP	SRR5949421	272.401356752169
IL18BP	SRR5949422	272.40922422888235
IL18BP	SRR5949423	272.40922422888235
IL18BP	SRR5949424	272.44030535599524
IL18BP	SRR5949425	272.40922422888235
IL18BP	SRR5949426	272.4388367116218
IL18BP	SRR5949427	272.40922422888235
IL18BP	SRR5949428	272.44030535599524
IL18BP	SRR5949429	272.3475007863171
IL18BP	SRR5949430	272.4205751886587
IL18BP	SRR5949431	272.4205751886587
IL18BP	SRR5949432	272.4205751886587
IL18BP	SRR5949433	272.41200717308953
IL18BP	SRR5949434	272.41200717308953
IL18BP	SRR5949435	272.36747915538837
IL18BP	SRR5949436	272.4367568486224
IL18BP	SRR5949437	272.36391035888505
IL18BP	SRR5949438	272.32971907985603
IL18BP	SRR5949439	272.43996627436997
IL18BP	SRR5949440	272.4388367116218
IL18BP	SRR5949441	272.4388367116218
IL18BP	SRR5949442	272.3783374062036
IL18BP	SRR5949443	272.37497775634824
IL18BP	SRR5949444	272.36703725559937
IL18BP	SRR5949445	272.44030535599524
IL18BP	SRR5949446	272.4367568486224
IL18BP	SRR5949447	272.40922422888235
IL18BP	SRR5949448	272.44030535599524
IL18BP	SRR5949449	272.44030535599524
IL18BP	SRR5949450	272.4205751886587
IL18BP	SRR5949451	272.401356752169
IL18BP	SRR5949452	272.4205751886587
IL18BP	SRR5949453	272.41200717308953
IL18BP	SRR5949454	272.43512960196614
IL18BP	SRR5949455	272.40922422888235
IL18BP	SRR5949456	272.43996627436997
IL18BP	SRR5949457	272.4388367116218
IL18BP	SRR5949458	272.43996627436997
IL18BP	SRR5949459	272.4216383213507
IL18BP	SRR5949460	272.3741373688597
IL18BP	SRR5949461	2897.1046670961077
IL18BP	SRR5949462	272.4367568486224
IL18BP	SRR5949463	272.37226593173807
IL18BP	SRR5949464	272.3542257364693
IL18BP	SRR5949465	272.2360700102729
IL18BP	SRR5949466	272.4205751886587
IL18BP	SRR5949467	272.25676480956827
IL18BP	SRR5949468	272.4367568486224
IL18BP	SRR5949469	272.4388367116218
IL18BP	SRR5949470	272.43512960196614
IL18BP	SRR5949471	272.40566246081255
IL18BP	SRR5949472	272.4216383213507
IL18BP	SRR5949473	272.4216383213507
IL18BP	SRR5949474	272.41200717308953
IL18BP	SRR5949475	272.44030535599524
IL18BP	SRR5949476	272.43512960196614
IL18BP	SRR5949477	272.4388367116218
IL18BP	SRR5949478	272.4216383213507
IL18BP	SRR5949479	272.3072818524252
IL18BP	SRR5949480	272.40566246081255
IL18BP	SRR5949481	272.4388367116218
IL18BP	SRR5949482	272.39426270490424
IL18BP	SRR5949483	272.31368399533926
IL18BP	SRR5949484	272.4367568486224
IL18BP	SRR5949485	272.36747915538837
IL18BP	SRR5949486	272.41200717308953
IL18BP	SRR5949487	272.40566246081255
IL18BP	SRR5949488	272.34106701166655
IL18BP	SRR5949489	272.3757222467017
IL18BP	SRR5949490	272.3760970795373
IL18BP	SRR5949491	272.41200717308953
IL18BP	SRR5949492	272.3760970795373
IL18BP	SRR5949493	272.401356752169
IL18BP	SRR5949494	272.44030535599524
IL18BP	SRR5949495	272.3542257364693
IL18BP	SRR5949496	272.401356752169
IL18BP	SRR5949497	272.40566246081255
IL18BP	SRR5949498	272.4205751886587
IL18BP	SRR5949499	272.4367568486224
IL18BP	SRR5949500	272.3275812178699
IL18BP	SRR5949501	272.36794115808163
IL18BP	SRR5949502	272.31368399533926
IL18BP	SRR5949503	272.3760970795373
IL18BP	SRR5949504	272.43512960196614
IL18BP	SRR5949505	272.43512960196614
IL18BP	SRR5949506	272.43512960196614
IL18BP	SRR5949507	272.4388367116218
IL18BP	SRR5949508	272.401356752169
IL18BP	SRR5949509	272.4367568486224
IL18BP	SRR5949510	272.43512960196614
IL18BP	SRR5949511	272.26152782854933
IL18BP	SRR5949512	272.4216383213507
IL18BP	SRR5949513	272.44030535599524
IL18BP	SRR5949514	272.3957577685959
IL18BP	SRR5949515	272.4367568486224
IL18BP	SRR5949516	272.4205751886587
IL18BP	SRR5949517	272.43512960196614
IL18BP	SRR5949518	272.31368399533926
IL18BP	SRR5949519	272.3741373688597
IL18BP	SRR5949520	272.4388367116218
IL18BP	SRR5949521	272.28861068685046
IL18BP	SRR5949522	272.4216383213507
IL18BP	SRR5949523	272.4388367116218
IL18BP	SRR5949524	272.41200717308953
IL18BP	SRR5949525	272.39426270490424
IL18BP	SRR5949526	272.2748593843995
IL18BP	SRR5949527	272.3760970795373
IL18BP	SRR5949528	272.1153995105169
IL18BP	SRR5949529	272.36794115808163
IL18BP	SRR5949530	272.40566246081255
IL18BP	SRR5949531	272.3992817014486
IL18BP	SRR5949532	272.4388367116218
IL18BP	SRR5949533	272.44030535599524
IL18BP	SRR5949534	272.3783374062036
IL18BP	SRR5949535	272.43512960196614
IL18BP	SRR5949536	272.4205751886587
IL18BP	SRR5949537	272.4367568486224
IL18BP	SRR5949538	272.44030535599524
IL18BP	SRR5949539	272.401356752169
IL18BP	SRR5949540	272.37187988325707
IL18BP	SRR5949541	272.40566246081255
IL18BP	SRR5949542	272.37187988325707
IL18BP	SRR5949543	272.41200717308953
IL18BP	SRR5949544	272.3741373688597
IL18BP	SRR5949545	272.32971907985603
IL18BP	SRR5949546	272.3760970795373
IL18BP	SRR5949547	272.44030535599524
IL18BP	SRR5949548	272.41200717308953
IL18BP	SRR5949549	272.33301452247605
IL18BP	SRR5949550	272.23834243708103
IL18BP	SRR5949551	272.4216383213507
IL18BP	SRR5949552	272.3542257364693
IL18BP	SRR5949553	272.43996627436997
IL18BP	SRR5949554	272.43512960196614
IL18BP	SRR5949555	270.26849368799185
IL18BP	SRR5949556	272.36747915538837
IL18BP	SRR5949557	272.41200717308953
IL18BP	SRR5949558	272.3542257364693
IL18BP	SRR5949559	272.4367568486224
IL18BP	SRR5949560	272.4388367116218
IL18BP	SRR5949561	272.2833698005994
IL18BP	SRR5949562	272.3542257364693
IL18BP	SRR5949563	272.40922422888235
IL18BP	SRR5949564	272.4205751886587
IL18BP	SRR5949565	272.43996627436997
IL18BP	SRR5949566	272.43512960196614
IL18BP	SRR5949567	2894.138384694507
IL18BP	SRR5949568	272.37187988325707
IL18BP	SRR5949569	272.3757222467017
IL18BP	SRR5949570	272.40566246081255
IL18BP	SRR5949571	272.32971907985603
IL18BP	SRR5949572	272.401356752169
IL18BP	SRR5949573	272.3741373688597
IL18BP	SRR5949574	272.41200717308953
IL18BP	SRR5949575	272.401356752169
IL18BP	SRR5949576	272.39426270490424
IL18BP	SRR5949577	272.43996627436997
IL18BP	SRR5949578	272.4205751886587
IL18BP	SRR5949579	272.43512960196614
IL18BP	SRR5949580	272.4367568486224
IL18BP	SRR5949581	272.44030535599524
IL18BP	SRR5949582	272.37497775634824
IL18BP	SRR5949583	272.43996627436997
IL18BP	SRR5949584	272.2613289524364
IL18BP	SRR5949585	272.4216383213507
IL18BP	SRR5949586	272.43512960196614
IL18BP	SRR5949587	272.41200717308953
IL18BP	SRR5949588	272.1096029418087
IL18BP	SRR5949589	272.44030535599524
IL18BP	SRR5949590	272.3760970795373
IL18BP	SRR5949591	272.4367568486224
IL18BP	SRR5949592	272.401356752169
IL18BP	SRR5949593	272.44030535599524
IL18BP	SRR5949594	272.401356752169
IL18BP	SRR5949595	272.4216383213507
IL18BP	SRR5949596	272.40922422888235
IL18BP	SRR5949597	272.3072818524252
IL18BP	SRR5949598	272.401356752169
IL18BP	SRR5949599	272.3757222467017
IL18BP	SRR5949600	272.4205751886587
IL18BP	SRR5949601	272.401356752169
IL18BP	SRR5949602	272.44030535599524
IL18BP	SRR5949603	272.4205751886587
IL18BP	SRR5949604	272.43512960196614
IL18BP	SRR5949605	272.401356752169
IL18BP	SRR5949606	272.35076603401416
IL18BP	SRR5949607	272.4388367116218
IL18BP	SRR5949608	272.2879906896042
IL18BP	SRR5950246	272.2748593843995
IL18BP	SRR5950247	272.3542257364693
IL18BP	SRR5950248	272.4205751886587
IL18BP	SRR5950249	272.44030535599524
IL18BP	SRR5950250	272.3741373688597
IL18BP	SRR5950251	272.4205751886587
IL18BP	SRR5950252	272.43996627436997
IL18BP	SRR5950253	272.4216383213507
IL18BP	SRR5950254	272.35076603401416
IL18BP	SRR5950255	272.29160429450906
IL18BP	SRR5950256	272.1765951127158
IL18BP	SRR5950257	272.17730629614715
IL18BP	SRR5950258	272.4205751886587
IL18BP	SRR5950259	272.4388367116218
IL18BP	SRR5950260	272.4205751886587
IL18BP	SRR5950261	272.4216383213507
IL18BP	SRR5950262	272.3957577685959
IL18BP	SRR5950263	272.3072818524252
IL18BP	SRR5950264	272.4388367116218
IL18BP	SRR5950265	272.37226593173807
IL18BP	SRR5950266	272.2544003752391
IL18BP	SRR5950267	272.4205751886587
IL18BP	SRR5950268	272.401356752169
IL18BP	SRR5950269	272.401356752169
IL18BP	SRR5950270	272.3400110327859
IL18BP	SRR5950271	272.44030535599524
IL18BP	SRR5950272	272.44030535599524
IL18BP	SRR5950273	272.4205751886587
IL18BP	SRR5950274	272.3783374062036
IL18BP	SRR5950275	272.401356752169
IL18BP	SRR5950276	272.4216383213507
IL18BP	SRR5950277	272.36794115808163
IL18BP	SRR5950278	272.2959199040549
IL18BP	SRR5950279	272.40922422888235
IL18BP	SRR5950280	272.43512960196614
IL18BP	SRR5950281	272.401356752169
IL18BP	SRR5950282	272.30736372893494
IL18BP	SRR5950283	272.4216383213507
IL18BP	SRR5950284	271.6675990351961
IL18BP	SRR5950285	272.36391035888505
IL18BP	SRR5950286	272.41200717308953
IL18BP	SRR5950287	272.29286009542517
IL18BP	SRR5950288	272.37187988325707
IL18BP	SRR5950289	272.2799302549895
IL18BP	SRR5950290	272.4367568486224
IL18BP	SRR5950291	272.4216383213507
IL18BP	SRR5950292	272.3957577685959
IL18BP	SRR5950293	272.33301452247605
IL18BP	SRR5950294	272.44030535599524
IL18BP	SRR5950295	272.4388367116218
IL18BP	SRR5950296	272.41200717308953
IL18BP	SRR5950297	272.35076603401416
IL18BP	SRR5950298	272.4367568486224
IL18BP	SRR5950299	272.37497775634824
IL18BP	SRR5950300	272.41200717308953
IL18BP	SRR5950301	272.4216383213507
IL18BP	SRR5950302	272.40566246081255
IL18BP	SRR5950303	272.3783374062036
IL18BP	SRR5950304	272.3475007863171
IL18BP	SRR5950305	272.40566246081255
IL18BP	SRR5950306	272.40922422888235
IL18BP	SRR5950307	272.3757222467017
IL18BP	SRR5950308	272.3992817014486
IL18BP	SRR5950309	272.401356752169
IL18BP	SRR5950310	272.41200717308953
IL18BP	SRR5950311	272.4367568486224
IL18BP	SRR5950312	272.4205751886587
IL18BP	SRR5950313	272.3957577685959
IL18BP	SRR5950314	272.4367568486224
IL18BP	SRR5950315	272.4216383213507
IL18BP	SRR5950316	272.4388367116218
IL18BP	SRR5950317	272.37497775634824
IL18BP	SRR5950318	272.34106701166655
IL18BP	SRR5950319	272.3760970795373
IL18BP	SRR5950320	272.37226593173807
IL18BP	SRR5950321	272.1955498321551
IL18BP	SRR5950322	272.36794115808163
IL18BP	SRR5950323	272.39426270490424
IL18BP	SRR5950324	272.4367568486224
IL18BP	SRR5950325	272.3992817014486
IL18BP	SRR5950326	272.36747915538837
IL18BP	SRR5950327	272.4216383213507
IL18BP	SRR5950328	272.4216383213507
IL18BP	SRR5950329	272.41200717308953
IL18BP	SRR5950330	272.3760970795373
IL18BP	SRR5950331	272.33301452247605
IL18BP	SRR5950332	272.36391035888505
IL18BP	SRR5950333	272.4367568486224
IL18BP	SRR5950334	272.43512960196614
IL18BP	SRR5950335	272.43512960196614
IL18BP	SRR5950336	271.9752029235064
IL18BP	SRR5950337	272.2959199040549
IL18BP	SRR5950338	272.1491302095035
IL18BP	SRR5950339	272.44030535599524
IL18BP	SRR5950340	272.3741373688597
IL18BP	SRR5950341	272.39426270490424
IL18BP	SRR5950342	272.4388367116218
IL18BP	SRR5950343	272.3992817014486
IL18BP	SRR5950344	272.37226593173807
IL18BP	SRR5950345	272.39426270490424
IL18BP	SRR5950346	272.4205751886587
IL18BP	SRR5950347	272.40566246081255
IL18BP	SRR5950348	272.3757222467017
IL18BP	SRR5950349	272.43996627436997
IL18BP	SRR5950350	272.4205751886587
IL18BP	SRR5950351	272.3072818524252
IL18BP	SRR5950352	272.4388367116218
IL18BP	SRR5950353	272.40922422888235
IL18BP	SRR5950354	272.4388367116218
IL18BP	SRR5950355	272.43996627436997
IL18BP	SRR5950356	272.2791163444675
IL18BP	SRR5950357	272.4388367116218
IL18BP	SRR5950358	272.3757222467017
IL18BP	SRR5950359	272.3992817014486
IL18BP	SRR5950360	272.4388367116218
IL18BP	SRR5950361	272.4388367116218
IL18BP	SRR5950362	272.36794115808163
IL18BP	SRR5950363	272.34106701166655
IL18BP	SRR5950364	272.3760970795373
IL18BP	SRR5950365	272.4216383213507
IL18BP	SRR5950366	272.4367568486224
IL18BP	SRR5950367	272.20251461356804
IL18BP	SRR5950368	272.40922422888235
IL18BP	SRR5950369	272.44030535599524
IL18BP	SRR5950370	272.44030535599524
IL18BP	SRR5950371	272.4216383213507
IL18BP	SRR5950372	272.43512960196614
IL18BP	SRR5950373	272.41200717308953
IL18BP	SRR5950374	272.40922422888235
IL18BP	SRR5950375	272.4367568486224
IL18BP	SRR5950376	272.43996627436997
IL18BP	SRR5950377	272.3400110327859
IL18BP	SRR5950378	272.41200717308953
IL18BP	SRR5950379	272.40922422888235
IL18BP	SRR5950380	272.39426270490424
IL18BP	SRR5950381	272.39426270490424
IL18BP	SRR5950382	272.29160429450906
IL18BP	SRR5950383	272.43996627436997
IL18BP	SRR5950384	272.4367568486224
IL18BP	SRR5950385	272.29286009542517
IL18BP	SRR5950386	272.43512960196614
IL18BP	SRR5950387	272.43996627436997
IL18BP	SRR5950388	272.3741373688597
IL18BP	SRR5950389	272.1604421968378
IL18BP	SRR5950390	272.39426270490424
IL18BP	SRR5950391	272.44030535599524
IL18BP	SRR5950392	272.28861068685046
IL18BP	SRR5950393	272.37497775634824
IL18BP	SRR5950394	272.401356752169
IL18BP	SRR5950395	272.40922422888235
IL18BP	SRR5950396	272.44030535599524
IL18BP	SRR5950397	272.43996627436997
IL18BP	SRR5950398	272.43996627436997
IL18BP	SRR5950399	272.3957577685959
IL18BP	SRR5950400	272.3992817014486
IL18BP	SRR5950401	272.4367568486224
IL18BP	SRR5950402	272.4367568486224
IL18BP	SRR5950403	272.4216383213507
IL18BP	SRR5950404	272.43512960196614
IL18BP	SRR5950405	272.1096029418087
IL18BP	SRR5950406	272.3275812178699
IL18BP	SRR5950407	272.4216383213507
IL18BP	SRR5950408	272.3542257364693
IL18BP	SRR5950409	272.3741373688597
IL18BP	SRR5950410	272.44030535599524
IL18BP	SRR5950411	272.4388367116218
IL18BP	SRR5950412	272.43512960196614
IL18BP	SRR5950413	272.32971907985603
IL18BP	SRR5950414	272.43512960196614
IL18BP	SRR5950415	272.3957577685959
IL18BP	SRR5950416	272.401356752169
IL18BP	SRR5950417	272.3992817014486
IL18BP	SRR5950418	272.37226593173807
IL18BP	SRR5950419	272.4388367116218
IL18BP	SRR5950420	272.40566246081255
IL18BP	SRR5950421	272.37497775634824
IL18BP	SRR5950422	272.36703725559937
IL18BP	SRR5950423	272.41200717308953
IL18BP	SRR5950424	272.4367568486224
IL18BP	SRR5950425	272.4388367116218
IL18BP	SRR5950426	272.3757222467017
IL18BP	SRR5950427	272.43512960196614
IL18BP	SRR5950428	272.41200717308953
IL18BP	SRR5950429	272.4388367116218
IL18BP	SRR5950430	272.401356752169
IL18BP	SRR5950431	272.40566246081255
IL18BP	SRR5950432	272.43512960196614
IL18BP	SRR5950433	272.4216383213507
IL18BP	SRR5950434	272.3757222467017
IL18BP	SRR5950435	272.41200717308953
IL18BP	SRR5950436	272.4388367116218
IL18BP	SRR5950437	272.40566246081255
IL18BP	SRR5950438	272.4367568486224
IL18BP	SRR5950439	272.43996627436997
IL18BP	SRR5950440	271.4439912803895
IL18BP	SRR5950441	272.36391035888505
IL18BP	SRR5950442	272.4205751886587
IL18BP	SRR5950443	272.3783374062036
IL18BP	SRR5950444	272.4216383213507
IL18BP	SRR5950445	272.43512960196614
IL18BP	SRR5950446	272.39426270490424
IL18BP	SRR5950447	272.3400110327859
IL18BP	SRR5950448	272.4205751886587
IL18BP	SRR5950449	272.43512960196614
IL18BP	SRR5950450	272.4388367116218
IL18BP	SRR5950451	272.44030535599524
IL18BP	SRR5950452	272.36747915538837
IL18BP	SRR5950453	272.4367568486224
IL18BP	SRR5950454	272.36703725559937
IL18BP	SRR5950455	272.4367568486224
IL18BP	SRR5950456	272.41200717308953
IL18BP	SRR5950457	272.39426270490424
IL18BP	SRR5950458	272.44030535599524
IL18BP	SRR5950459	272.40566246081255
IL18BP	SRR5950460	272.40566246081255
IL18BP	SRR5950461	272.4205751886587
IL18BP	SRR5950462	272.31368399533926
IL18BP	SRR5950463	272.3783374062036
IL18BP	SRR5950464	272.36794115808163
IL18BP	SRR5950465	271.3051624903729
IL18BP	SRR5950466	272.43512960196614
IL18BP	SRR5950467	272.40922422888235
IL18BP	SRR5950468	272.4205751886587
IL18BP	SRR5950469	272.39426270490424
IL18BP	SRR5950470	272.4388367116218
IL18BP	SRR5963912	272.44030535599524
IL18BP	SRR5963913	272.37187988325707
IL18BP	SRR5963914	272.44030535599524
IL18BP	SRR5963915	272.37226593173807
IL18BP	SRR5963916	272.3145480111102
IL18BP	SRR5963917	272.401356752169
IL18BP	SRR5963918	272.40566246081255
IL18BP	SRR5963919	272.43512960196614
IL18BP	SRR5963920	272.40922422888235
IL18BP	SRR5963921	272.4367568486224
IL18BP	SRR5963922	272.3992817014486
IL18BP	SRR5963923	272.40566246081255
IL18BP	SRR5963924	272.43512960196614
IL18BP	SRR5963925	272.37187988325707
IL18BP	SRR5963926	272.37187988325707
IL18BP	SRR5963927	272.4388367116218
IL18BP	SRR5963928	272.36391035888505
IL18BP	SRR5963929	272.4216383213507
IL18BP	SRR5963930	272.32971907985603
IL18BP	SRR5963931	272.43996627436997
IL18BP	SRR5963932	272.41200717308953
IL18BP	SRR5963933	272.3957577685959
IL18BP	SRR5963934	272.34106701166655
IL18BP	SRR5963935	272.44030535599524
IL18BP	SRR5963936	272.36794115808163
IL18BP	SRR5963937	272.29286009542517
IL18BP	SRR5963938	272.4205751886587
IL18BP	SRR5963939	272.43512960196614
IL18BP	SRR5963940	272.43512960196614
IL18BP	SRR5963941	272.44030535599524
IL18BP	SRR5963942	272.44030535599524
IL18BP	SRR5963943	272.4367568486224
IL18BP	SRR5963944	272.44030535599524
IL18BP	SRR5963945	272.43996627436997
IL18BP	SRR5963946	272.4216383213507
IL18BP	SRR5963947	272.4216383213507
IL18BP	SRR5963948	272.4216383213507
IL18BP	SRR6467548	1.0098009573572508
IL18BP	SRR6467549	1.0166962857042838
IL18BP	SRR6467550	1.0094837492205468
IL18BP	SRR6467551	1.0165120289381493
IL18BP	SRR6467552	1.0165938972287623
IL18BP	SRR6467553	1.0319322215162512
IL18BP	SRR6467554	1.022575385288971
IL18BP	SRR6467555	1.0144266845639887
IL18BP	SRR6467556	1.011851581781421
IL18BP	SRR6467557	11.125859721723186
IL18BP	SRR6467558	1.0202923005984328
IL18BP	SRR6467559	34.07453866703805
IL18BP	SRR6467560	59.60396810805265
IL18BP	SRR6467561	4.029882222164404
IL18BP	SRR6467562	221.83976985068435
IL18BP	SRR6467563	1.006198701649288
IL18BP	SRR6467564	1.007316154609257
IL18BP	SRR6467565	1.0097140318888853
IL18BP	SRR6467566	1.0276080890484358
IL18BP	SRR6467567	1.0110992213354526
IL18BP	SRR6467568	152.62365858160936
IL18BP	SRR6467569	88.27645332785133
IL18BP	SRR6467570	373.6158064162601
IL18BP	SRR6467571	173.12456659247047
IL18BP	SRR6467572	97.59961021480892
IL18BP	SRR6467573	50.3414848863529
IL18BP	SRR6467574	275
IL18BP	SRR6467575	351.00932518070346
IL18BP	SRR6467576	1.0047192251993753
IL18BP	SRR6467577	156.22473276827142
IL18BP	SRR6467578	219.14019435080692
IL18BP	SRR6467579	17.18173896722493
IL18BP	SRR6467580	235.2329652198895
IL18BP	SRR6467581	430.83409430961945
IL18BP	SRR6467582	643.0106702140434
IL18BP	SRR6467583	206
IL18BP	SRR6467584	248.90935533968656
IL18BP	SRR6467585	231.0653816817205
IL18BP	SRR6467586	397.9282524592132
IL18BP	SRR6467587	628.9350217739448
IL18BP	SRR6467588	1184.918805107135
IL18BP	SRR6467589	391
IL18BP	SRR6467590	275.7723012808421
IL18BP	SRR6467591	128.3420363198671
IL18BP	SRR6467592	177.37012781768286
IL18BP	SRR6467593	362.6498366337131
IL18BP	SRR6467594	655.6392467327485
IL18BP	SRR6467595	273.59850165004076
IL18BP	SRR6467596	671
IL18BP	SRR6467597	695.5693813430858
IL18BP	SRR6467598	583.0919574087844
IL18BP	SRR6467599	97.36670137211024
IL18BP	SRR6467600	204.98390491096558
IL18BP	SRR6467601	193.07078913857833
IL18BP	SRR6467602	373.39355048964126
IL18BP	SRR6467603	220
IL18BP	SRR6467604	136.57894185547963
IL18BP	SRR6467605	266.9590307653213
IL18BP	SRR6467606	164
IL18BP	SRR6467607	417
IL18BP	SRR6467608	458.20096603289426
IL18BP	SRR6467609	345.06208652497344
IL18BP	SRR6467610	150.49719404852448
IL18BP	SRR6467611	323.33937036938255
IL18BP	SRR6467612	111.64442123091568
IL18BP	SRR6467613	405
IL18BP	SRR6467614	301
IL18BP	SRR6467615	32.409733180297266
IL18BP	SRR6467616	256.51357328608555
IL18BP	SRR6467617	240.60391730958656
IL18BP	SRR6467618	287
IL18BP	SRR6467619	285.72059505448493
IL18BP	SRR6467620	72.18921127870544
IL18BP	SRR6467621	348.7777796267641
IL18BP	SRR6467622	70.03972238227811
IL18BP	SRR6467623	417.90288191184356
IL18BP	SRR6467624	136.02447468810547
IL18BP	SRR6467625	195
IL18BP	SRR6467626	432
IL18BP	SRR6467627	63.63332057666036
IL18BP	SRR6467628	422
IL18BP	SRR6467629	210.81267141604843
IL18BP	SRR6467630	196.14112746892607
IL18BP	SRR6467631	193.17372482509856
IL18BP	SRR6467632	242.73357420028958
IL18BP	SRR6467633	247
IL18BP	SRR6467634	87.35015686900977
IL18BP	SRR6467635	232.81767423050331
IL18BP	SRR6467636	197.981160811009
IL18BP	SRR6467637	420
IL18BP	SRR6467638	191
IL18BP	SRR6467639	178.56960141297563
IL18BP	SRR6467640	78.61114448378345
IL18BP	SRR6467641	22.204803705149835
IL18BP	SRR6467642	796.6120455387453
IL18BP	SRR6467643	1.0125162691935943
IL18BP	SRR6467644	901
IL18BP	SRR6467645	614.2185969071325
IL18BP	SRR6467646	155
IL18BP	SRR6467647	443.46179746933177
IL18BP	SRR6467648	77.44703094396854
IL18BP	SRR6467649	369.9488843342118
IL18BP	SRR6467650	537.9288184248575
IL18BP	SRR6467651	191.5618002621106
IL18BP	SRR6467652	493.0887207443824
IL18BP	SRR6467653	215.1200785131052
IL18BP	SRR6467654	297.10913828167776
IL18BP	SRR6467655	86
IL18BP	SRR6467656	231.33347103515092
IL18BP	SRR6467657	560
IL18BP	SRR6467658	480
IL18BP	SRR6467659	753.1383077098825
IL18BP	SRR6467660	186.26682635378833
IL18BP	SRR6467661	181.79675267666056
IL18BP	SRR6467662	178.9750780997259
IL18BP	SRR6467663	334.9379950101864
IL18BP	SRR6467664	249.73997394008634
IL18BP	SRR6467665	557
IL18BP	SRR6467666	345
IL18BP	SRR6467667	523.3615905896376
IL18BP	SRR6467668	409.43845599245276
IL18BP	SRR6467669	402
IL18BP	SRR6467670	1003
IL18BP	SRR6467671	362.7747026610786
IL18BP	SRR6467672	99.87727671123902
IL18BP	SRR6467673	110.0460348179715
IL18BP	SRR6467674	208.3069621110578
IL18BP	SRR6467675	57.493329325628594
IL18BP	SRR6467676	691.59998387893
IL18BP	SRR6467677	344
IL18BP	SRR6467678	294
IL18BP	SRR6467679	301
IL18BP	SRR6467680	164.74889149351952
IL18BP	SRR6467681	452
IL18BP	SRR6467682	224.34049070150184
IL18BP	SRR6467683	197.18383113428922
IL18BP	SRR6467684	178.46478220599806
IL18BP	SRR6467685	81.12827386428997
IL18BP	SRR6467686	65.09562905936023
IL18BP	SRR6467687	112.50272115239007
IL18BP	SRR6467688	416.41009410906355
IL18BP	SRR6467689	224.20909512092223
IL18BP	SRR6467690	72.39484223491168
IL18BP	SRR6467691	152.84564011439608
IL18BP	SRR6467692	143.15447597270838
IL18BP	SRR6467693	261.70468473205113
IL18BP	SRR6467694	9.068365070834618
IL18BP	SRR6467695	68.31077255150274
IL18BP	SRR6467696	363.7772707766092
IL18BP	SRR6467697	102
IL18BP	SRR6467698	72.33811667199112
IL18BP	SRR6467699	178
IL18BP	SRR6467700	925.9334988394486
IL18BP	SRR6467701	445
IL18BP	SRR6467702	71.00369726636535
IL18BP	SRR6467703	1.0123945241480405
IL18BP	SRR6467704	284.79757659548784
IL18BP	SRR6467705	151.98637001223395
IL18BP	SRR6467706	1.0184483735704168
IL18BP	SRR6467707	289
IL18BP	SRR6467708	142.24512777693013
IL18BP	SRR6467709	511
IL18BP	SRR6467710	307.27633948862825
IL18BP	SRR6467711	345.4712030881633
IL18BP	SRR6467712	174.95401112970157
IL18BP	SRR6467713	903.1673199847002
IL18BP	SRR6467714	1.0059866023975144
IL18BP	SRR6467715	333
IL18BP	SRR6467716	345
IL18BP	SRR6467717	128.56011586023754
IL18BP	SRR6467718	82.249267651617
IL18BP	SRR6467719	308.1226750330697
IL18BP	SRR6467720	197
IL18BP	SRR6467721	702.1361912176536
IL18BP	SRR6467722	460
IL18BP	SRR6467723	399
IL18BP	SRR6467724	301
IL18BP	SRR6467725	150
IL18BP	SRR6467726	241.71366876870374
IL18BP	SRR6467727	185.43327370302694
IL18BP	SRR6467728	386
IL18BP	SRR6467729	428.9550880519634
IL18BP	SRR6467730	451.96734062405847
IL18BP	SRR6467731	66.65309216896222
IL18BP	SRR6467732	599.0453441815062
IL18BP	SRR6467733	178.3072728471378
IL18BP	SRR6467734	647.1186916775675
IL18BP	SRR6467735	361.97904283737154
IL18BP	SRR6467736	319.97507037993233
IL18BP	SRR6467737	54.33637539475615
IL18BP	SRR6467738	109.03923501541307
IL18BP	SRR6467739	419
IL18BP	SRR6467740	44.23757083221686
IL18BP	SRR6467741	248.4989736972498
IL18BP	SRR6467742	286
IL18BP	SRR6467743	258
IL18BP	SRR6467744	484
IL18BP	SRR6467745	334.1553963832814
IL18BP	SRR6467746	337.6733374609365
IL18BP	SRR6467747	623.939654002511
IL18BP	SRR6467748	531.4309457846018
IL18BP	SRR6467749	112
IL18BP	SRR6467750	16.03796270734736
IL18BP	SRR6467751	1.015116940806616
IL18BP	SRR6467752	49.404738301768994
IL18BP	SRR6467753	553.4830746041245
IL18BP	SRR6467754	347.28010713184534
IL18BP	SRR6467755	194.13134905295115
IL18BP	SRR6467756	172.2167899872199
IL18BP	SRR6467757	302
IL18BP	SRR6467758	325
IL18BP	SRR6467759	177.0001869343799
IL18BP	SRR6467760	461.54154868574295
IL18BP	SRR6467761	947.4903881762992
IL18BP	SRR6467762	269.34468720796065
IL18BP	SRR6467763	477.46740576527185
IL18BP	SRR6467764	497.4103645667447
IL18BP	SRR6467765	580.7310360034159
IL18BP	SRR6467766	153.24468500068718
IL18BP	SRR6467767	36.24540926385229
IL18BP	SRR6467768	126.56132750892911
IL18BP	SRR6467769	1.017985195307651
IL18BP	SRR6467770	90
IL18BP	SRR6467771	528.0051468694041
IL18BP	SRR6467772	1.0071624573529558
IL18BP	SRR6467773	140.5534266763211
IL18BP	SRR6868540	117.7023509973596
IL18BP	SRR6868541	178.7786438420359
IL18BP	SRR6868542	31.430866557513948
IL18BP	SRR6868543	210.1228690492273
IL18BP	SRR6868544	706.495194141121
IL18BP	SRR6868545	279.74517656504867
IL18BP	SRR6868546	262.04331389016676
IL18BP	SRR6868557	88.9651294447724
IL18BP	SRR6868558	1.0490872194289762
IL18BP	SRR6868559	124.93590620052278
IL18BP	SRR6868560	352.4809325139258
IL18BP	SRR6868569	1.0617761523220262
IL18BP	SRR6868570	292.1250790978246
IL18BP	SRR6868571	77.28312931259151
IL18BP	SRR6868572	364.2305006129613
IL18BP	SRR6868573	285.233091317165
IL18BP	SRR6868574	311.7646611918607
IL18BP	SRR6868575	298.50938433812655
IL18BP	SRR6868576	500.838525046144
IL18BP	SRR6868577	122.83084657466785
IL18BP	SRR6868578	307.7025788166866
IL18BP	SRR6868579	116.89761248481032
IL18BP	SRR6868580	175.87097546137716
IL18BP	SRR6868581	92.02077599319024
IL18BP	SRR6868582	67.1330099799505
IL18BP	SRR6868585	276.98067247337167
IL18BP	SRR6868586	93.2363410746834
IL18BP	SRR6868587	162.1726123731109
IL18BP	SRR6868588	561.0021750908438
IL18BP	SRR6868589	521.6850230917795
IL18BP	SRR6868590	167.189492849314
IL18BP	SRR6868591	219.82612963115358
IL18BP	SRR6868604	88.21194863014686
IL18BP	SRR6868605	161.99465213834551
IL18BP	SRR6868606	211.24055714760334
IL18BP	SRR6868607	1.0342544525714972
IL18BP	SRR6868608	53.25715201010303
IL18BP	SRR6868609	107.52057786572469
IL18BP	SRR6868610	87.26986421675686
IL18BP	SRR6868620	292.26026093437827
IL18BP	SRR6868621	429.1667089402712
IL18BP	SRR6868622	251.8984515643852
IL18BP	SRR6868623	25.314312597337615
IL18BP	SRR6868636	141.94592486694313
IL18BP	SRR6868637	402.13463087713376
IL18BP	SRR6868638	1.0461253585775165
IL18BP	SRR6868639	407.3322584450069
IL18BP	SRR6868650	149.70240066765098
IL18BP	SRR6868651	416.725152793331
IL18BP	SRR6868652	82.43262281087165
IL18BP	SRR6868653	337.22220328796584
IL18BP	SRR6868654	280.14849964728705
IL18BP	SRR6868655	151.09398735396167
IL18BP	SRR6868665	164.33658316809772
IL18BP	SRR6868666	480.87269185479767
IL18BP	SRR6868667	439.99980412118754
IL18BP	SRR6868668	519.8457766618935
IL18BP	SRR6868669	524.973629921525
IL18BP	SRR6868670	216.77906913384572
IL18BP	SRR6868671	207.9614285947909
IL18BP	SRR6868683	294.69186656048714
IL18BP	SRR6868684	510.88660563485274
IL18BP	SRR6868685	268.60509402489953
IL18BP	SRR6868686	193.9735750467577
IL18BP	SRR6868687	72.97999498836225
IL18BP	SRR6868688	245.40477642208958
IL18BP	SRR6868689	496.1422897316203
IL18BP	SRR6868698	506.0551499848422
IL18BP	SRR6868699	485.4007888738785
IL18BP	SRR6868700	398.29354956648916
IL18BP	SRR6868701	296.0728708058393
IL18BP	SRR6868702	632.8222502022006
IL18BP	SRR6868713	380.94095354564183
IL18BP	SRR6868714	315.70849844424214
IL18BP	SRR6868715	548.5145745323913
IL18BP	SRR6868716	784.2172206826924
IL18BP	SRR6868717	296.00366130377233
IL18BP	SRR6868718	1138.4242167781413
IL18BP	SRR6868719	1473.3842186607253
IL18BP	SRR6868720	1128.6834477445734
IL18BP	SRR6868721	565.2837733435294
IL18BP	SRR6868722	584.6392456491934
IL18BP	SRR6868723	298.7094864089734
IL18BP	SRR6868724	671.4433616264387
IL18BP	SRR6868725	716.9830991635852
IL18BP	SRR6868726	1356.2644958198155
IL18BP	SRR6868741	799.3798689090128
IL18BP	SRR7632756	492.0412626998518
IL18BP	SRR7632757	277.5027713469928
IL18BP	SRR7632758	13.138578960648907
IL18BP	SRR7632759	203.91155513789525
IL18BP	SRR7632760	172.43256659653505
IL18BP	SRR7632761	346.4498539837333
IL18BP	SRR7632762	1.0487026522067118
IL18BP	SRR7632763	497.0259450483184
IL18BP	SRR7632764	974.8106603629656
IL18BP	SRR7632765	413.08270898370336
IL18BP	SRR7632766	119.62001233426464
IL18BP	SRR7632767	660.5635890088695
IL18BP	SRR7632768	137.19106266759093
IL18BP	SRR7632769	905.2878297563997
IL18BP	SRR7632770	633.1960105664773
IL18BP	SRR7632771	168.26983119337777
IL18BP	SRR7632772	91.73825843608337
IL18BP	SRR7632773	299.61314384763705
IL18BP	SRR7632774	832.2469819377816
IL18BP	SRR7632775	197.34980566998772
IL18BP	SRR7632776	20.75918964821439
IL18BP	SRR7632777	211.99872897228525
IL18BP	SRR7632778	249.03277715270508
IL18BP	SRR7632779	1076.5051018192396
IL18BP	SRR7632780	208.77189316133754
IL18BP	SRR7632781	46.70801960929553
IL18BP	SRR7632782	110.49223025923928
IL18BP	SRR7632783	1148.386371861474
IL18BP	SRR7632784	286.47635032274525
IL18BP	SRR7632785	739.2833699884179
IL18BP	SRR7632786	45.8316003762894
IL18BP	SRR7632787	152.5917604690863
IL18BP	SRR7632788	788.7842581319268
IL18BP	SRR7632789	128.2939360503653
IL18BP	SRR7632790	150.46617367361827
IL18BP	SRR7632791	133.74451689473258
IL18BP	SRR7632792	424.0970724155092
IL18BP	SRR7632793	263.15660900401144
IL18BP	SRR7632794	416.8774862805359
IL18BP	SRR7632795	946.0434834632937
IL18BP	SRR7632796	120.03289691950577
IL18BP	SRR7632797	44.877270053311875
IL18BP	SRR7632798	607.46121117409
IL18BP	SRR7632799	246.35944890415908
IL18BP	SRR7632800	324.817411063005
IL18BP	SRR7632801	409.1419493811575
IL18BP	SRR7632802	155.25467514204712
IL18BP	SRR7632803	524.3043674258765
IL18BP	SRR7632804	669.0549509042247
IL18BP	SRR7632805	1553.793249963015
IL18BP	SRR7632806	393.80888158576954
IL18BP	SRR7632807	412.5555035184152
IL18BP	SRR7632808	248.0221253288929
IL18BP	SRR7632809	174.10569637818207
IL18BP	SRR7632810	210.8773821069368
IL18BP	SRR7632811	342.312018827209
IL18BP	SRR7632812	1003.1506147184544
IL18BP	SRR7632813	795.9029398303271
IL18BP	SRR7632814	365.287994073361
IL18BP	SRR7632815	203.58498276446073
IL18BP	SRR7632816	1.0754074903933615
IL18BP	SRR7632817	58.3337916859278
IL18BP	SRR7632818	1333.1959862786907
IL18BP	SRR7632819	417.0181737380522
IL18BP	SRR7632820	1600.9407819608098
IL18BP	SRR7632821	620.0685499571814
IL18BP	SRR7632822	302.7472584210558
IL18BP	SRR7632823	453.6636441928674
IL18BP	SRR7632824	377.71838940242696
IL18BP	SRR7632825	246.69085860031694
IL18BP	SRR7632826	609.392989711474
IL18BP	SRR7632827	53.80704493661456
IL18BP	SRR7632828	213.4372155928841
IL18BP	SRR7632829	65.94019431593267
IL18BP	SRR7632830	42.99268826173821
IL18BP	SRR7632831	179.6496126136672
IL18BP	SRR7632832	378.4531005265223
IL18BP	SRR7632833	208.23618812437587
IL18BP	SRR7632834	122.48726064926412
IL18BP	SRR7632835	32.190889413527046
IL18BP	SRR7632836	91.34345083023568
IL18BP	SRR7632837	692.4223247036417
IL18BP	SRR7632838	45.10919784644288
IL18BP	SRR7632839	342.89639907375306
IL18BP	SRR7632840	82.45870842820268
IL18BP	SRR7632841	1.1191732546509214
IL18BP	SRR7632842	470.8881764836203
IL18BP	SRR7632843	591.3847542652229
IL18BP	SRR7632844	62.38453154781904
IL18BP	SRR7632845	406.022762897328
IL18BP	SRR7632846	218.33219404673434
IL18BP	SRR7632847	125.90043259493436
IL18BP	SRR7632848	174.58489724456823
IL18BP	SRR7632849	143.61459569306317
IL18BP	SRR7632850	210.68525954377435
IL18BP	SRR7632851	207.08169431685732
IL18BP	SRR7632852	325.4096322432934
IL18BP	SRR7632853	166.84133799049474
IL18BP	SRR7632854	332.1796464790966
IL18BP	SRR7632855	508
IL18BP	SRR7632856	256.650325262997
IL18BP	SRR7632857	41.8774373489121
IL18BP	SRR7632858	60.15595570643057
IL18BP	SRR7632859	43.667504641837446
IL18BP	SRR7632860	1.0755034509256032
IL18BP	SRR7632861	94.89678216121492
IL18BP	SRR7632862	105.59918298364957
IL18BP	SRR7632863	1.1276773456759084
IL18BP	SRR7632864	1.121531795981538
IL18BP	SRR7632865	721.0372281612528
IL18BP	SRR7632866	268.5165417548422
IL18BP	SRR7632867	144.47631680755245
IL18BP	SRR7632868	40.00054168711926
IL18BP	SRR7632869	219.23040089521632
IL18BP	SRR7632870	173.6648860797182
IL18BP	SRR7632871	80.92683366405262
IL18BP	SRR7632872	104.26061811210894
IL18BP	SRR7632873	261.0862826085884
IL18BP	SRR7632874	140.3722029306637
IL18BP	SRR7632875	239.39469463830414
IL18BP	SRR7632876	417.8288918511209
IL18BP	SRR7632877	85.37307257996945
IL18BP	SRR7632878	145.14070332244347
IL18BP	SRR7632879	333.75496563904903
IL18BP	SRR7632880	350.03961280971106
IL18BP	SRR7632881	32.44284590542849
IL18BP	SRR7632882	30.7194645296472
IL18BP	SRR7632883	86.9199203712255
IL18BP	SRR7632884	35.15038336013689
IL18BP	SRR7632885	478.3883250410047
IL18BP	SRR7632886	164.14110163619102
IL18BP	SRR7632887	311.12047200028434
IL18BP	SRR7632888	60.21107421478335
IL18BP	SRR7632889	20.68452327732724
IL18BP	SRR7632890	1.1021455850880635
IL18BP	SRR7632891	1.0472249706717598
IL18BP	SRR7632892	233.35232702736687
IL18BP	SRR7632893	147.42909252361724
IL18BP	SRR7632894	60.74363731730893
IL18BP	SRR7632895	167.93078106735086
IL18BP	SRR7632896	83.86901664729879
IL18BP	SRR7632897	193.7892603699594
IL18BP	SRR7632898	219.82061244488995
IL18BP	SRR7632899	123.85363642044203
IL18BP	SRR7632900	162.07774756262341
IL18BP	SRR7632901	304.9283676780849
IL18BP	SRR7632902	105.4287389681261
IL18BP	SRR7632903	626.7648129723169
IL18BP	SRR7632904	56.84252798272775
IL18BP	SRR7632905	1.0931788245138465
IL18BP	SRR7632906	95.54882166613851
IL18BP	SRR7632907	116.13577696715554
IL18BP	SRR7632908	401.6150035388813
IL18BP	SRR7632909	1216.1880464216188
IL18BP	SRR7632910	182.713387217104
IL18BP	SRR7632911	193.47954839028895
IL18BP	SRR7632912	526.110853183777
IL18BP	SRR7632913	86.82675642425413
IL18BP	SRR7632914	18.56329850070724
IL18BP	SRR7632915	168.23954465151652
IL18BP	SRR7632916	203.99276406127052
IL18BP	SRR7632917	1.0525477213847285
IL18BP	SRR7632918	222.62185673935878
IL18BP	SRR7632919	415.5910852691098
IL18BP	SRR7632920	460.2824715449701
IL18BP	SRR7632921	212.558652683855
IL18BP	SRR7632922	225.9495064616485
IL18BP	SRR7632923	63.6582230430677
IL18BP	SRR7632924	52.507258901917886
IL18BP	SRR7632925	160.44368380586167
IL18BP	SRR7632926	301.4777455377454
IL18BP	SRR7632927	106.14465756114824
IL18BP	SRR7632928	523.7364119571237
IL18BP	SRR7632929	118.6609131584548
IL18BP	SRR7632930	869.7822117772572
IL18BP	SRR7632931	1042.7502797072498
IL18BP	SRR7632932	67.69977308208192
IL18BP	SRR7632933	221.61797108938757
IL18BP	SRR7632934	548.4125178917593
IL18BP	SRR7632935	304.043945280435
IL18BP	SRR7632936	346.161718103378
IL18BP	SRR7632937	444.3281488328367
IL18BP	SRR7632938	525.7010418652316
IL18BP	SRR7632939	54.49338877533424
IL18BP	SRR7632940	204.3249533730038
IL18BP	SRR7632941	221.68153432609722
IL18BP	SRR7632942	58.00909111005572
IL18BP	SRR7632943	898
IL18BP	SRR7632944	115.08226753944963
IL18BP	SRR7632945	1342
IL18BP	SRR8928966	293.57450908199235
IL18BP	SRR8928967	148.48612157451174
IL18BP	SRR8928968	328.70974682501776
IL18BP	SRR8928969	446.6778869340191
IL18BP	SRR8928970	598.692744028763
IL18BP	SRR8928971	273.0838332002955
IL18BP	SRR8928972	343.4602426217395
IL18BP	SRR8928973	319.89707190797543
IL18BP	SRR8928974	170.3394332329348
IL18BP	SRR8928975	224.07877970606876
IL18BP	SRR8928976	509.4507551136001
IL18BP	SRR8928977	267.09993841599754
IL18BP	SRR8928978	374.85066807272204
IL18BP	SRR8928979	268.0834517138609
IL18BP	SRR8928980	314.8688283648712
IL18BP	SRR8928981	493.71972650303576
IL18BP	SRR8928982	528.9758065566464
IL18BP	SRR8928983	515.981859628297
IL18BP	SRR8928984	667.700415966661
IL18BP	SRR8928985	191.15778927632596
IL18BP	SRR8928986	200.79359380953326
IL18BP	SRR8928987	257
IL18BP	SRR8928988	1757
IL18BP	SRR8928989	310.2899520193841
IL18BP	SRR8928990	285.9905218781291
IL18BP	SRR8928991	180.1403122468333
IL18BP	SRR9835604	9.12832828344006
IL18BP	SRR9835605	83.45887081865816
IL18BP	SRR9835606	343.7295370772909
IL18BP	SRR9835607	757.7366297541662
IL18BP	SRR9835608	53.77104462323455
IL18BP	SRR9835609	441
IL18BP	SRR9835610	359.6488360781333
IL18BP	SRR9835611	175.18904402254523
IL18BP	SRR9835612	532.4117125441601
IL18BP	SRR9835613	93.5493846439484
IL18BP	SRR9835614	322.1528079399417
IL18BP	SRR9835615	124.69467948973072
IL18BP	SRR9835616	25.18478469090922
IL18BP	SRR9835617	1.0229877020749545
IL18BP	SRR9835618	54.28750965320413
IL18BP	SRR9835619	921
IL18BP	SRR9835620	162.7597030646579
IL18BP	SRR9835621	328.12428028184587
IL18BP	SRR9835622	620.6920225919786
IL18BP	SRR9835623	271.048769415269
IL18BP	SRR9835624	82.7751083876572
IL18BP	SRR9835625	893.7421500421285
IL18BP	SRR9835626	583.35095782879
IL18BP	SRR9835627	207.42282437192608
IL18BP	SRR9835628	320.2720188508974
IL18BP	SRR9835629	104.04208429767371
IL18BP	SRR9835630	62.26635161139252
IL18BP	SRR9835631	1.0803218233387206
IL18BP	SRR9835632	384.8736655538588
IL18BP	SRR9835633	171.25548148549098
IL18BP	SRR9835634	554.4153221826931
IL18BP	SRR9835635	82.80131388480282
IL18BP	SRR9835636	265.5250584258048
IL18BP	SRR9835637	619.7330807989127
IL18BP	SRR9835638	183.73908942117453
IL18BP	SRR9835639	295.00558832557886
IL18BP	SRR9835640	49.81132580525576
IL18BP	SRR9835641	245.9309665765505
IL18BP	SRR9835642	392.24030973886903
IL18BP	SRR9835643	126.48090192346092
IL18BP	SRR9835644	490.5782220716337
IL18BP	SRR9835645	61.748436807523895
IL18BP	SRR9835646	38.34917663688373
IL18BP	SRR9835647	597.4323783261851
IL18BP	SRR9835648	49.428992268219275
IL18BP	SRR9835649	380.27012253328473
IL18BP	SRR9835650	348.3165205509441
IL18BP	SRR9835651	569.4097016827496
IL18BP	SRR9835652	164.51420186297543
IL18BP	SRR9835653	317.87623196604216
IL18BP	SRR9835654	40.40184275501465
IL18BP	SRR9835655	427.16708932398114
IL18BP	SRR9835656	310.819958335485
IL18BP	SRR9835657	499.29431185732045
IL18BP	SRR9835658	339.68206485228905
IL18BP	SRR9835659	322.88676341906046
IL18BP	SRR9835660	696.1383564877394
IL18BP	SRR9835661	353.41194508948894
IL18BP	SRR9835662	60.71499071870638
IL18BP	SRR9835663	403.879763286154
IL18BP	SRR9835664	889.5329117317885
IL18BP	SRR9835665	795.2252733874903
IL18BP	SRR9835666	867
IL18BP	SRR9835667	80.65733289359656
IL18BP	SRR9835668	353
IL18BP	SRR9835669	1863.98464344582
IL18BP	SRR9835670	161.1594414600841
IL18BP	SRR9835671	277.6487770073061
IL18BP	SRR9835672	590.016762398675
IL18BP	SRR9835673	161.5629180990074
IL18BP	SRR9835674	1163.5410957896895
IL18BP	SRR9835675	403.1350253876825
IL18BP	SRR9835676	62.062187022890946
IL18BP	SRR9835677	360.9460563935272
IL18BP	SRR9835678	707.1439184433027
IL18BP	SRR9835679	889.2300826116619
IL18BP	SRR9835680	26.628040806850525
IL18BP	SRR9835681	273.82026133525056
IL18BP	SRR9835682	81.63557325135685
IL18BP	SRR9835683	538.3326080776767
IL18BP	SRR9835684	248.04215252060757
IL18BP	SRR9835685	179.89622415500423
IL18BP	SRR9835686	135.77370816281686
IL18BP	SRR9835687	398.8387532073468
IL18BP	SRR9835688	633
IL18BP	SRR9835689	901.4901834355072
IL18BP	SRR9835690	127.2541168197139
IL18BP	SRR9835691	269.3519563975698
IL18BP	SRR9835692	140.4667650577716
IL18BP	SRR9835693	625.4818738465799
IL18BP	SRR9835694	178.79814870837595
IL18BP	SRR9835695	661.3491729690812
IL18BP	SRR9835696	269.5742902140763
IL18BP	SRR9835697	354.77117382242574
IL18BP	SRR9835698	928.8637209021391
IL18BP	SRR9835699	732.1525221142675
IL18BP	SRR9835700	543.1882340451359
IL18BP	SRR9835701	380.05800382978174
IL18BP	SRR9835702	400
IL18BP	SRR9835703	381.4051855181264
IL18BP	SRR9835704	166.75585669792525
IL18BP	SRR9835705	432.70236810636396
IL18BP	SRR9835706	1.0786425861503106
IL18BP	SRR9835707	648.700003009196
IL18BP	SRR9835708	866.8707542122103
IL18BP	SRR9835709	531.1911357172876
IL18BP	SRR9835710	858.0580994677674
IL18BP	SRR9835711	352.12670390298535
IL18BP	SRR9835712	265.6639855266271
IL18BP	SRR9835713	485.92466392179426
IL18BP	SRR9835714	609.9415217868828
IL18BP	SRR9835715	591.9309282704165
IL18BP	SRR9835716	566.661869885301
IL18BP	SRR9835717	570.9487120788395
IL18BP	SRR9835718	271.1142088138466
IL18BP	SRR9835719	159.34952515139045
IL18BP	SRR9835720	197.2194757666963
IL18BP	SRR9835721	200.9200940563536
IL18BP	SRR9835722	41.933794323336585
IL18BP	SRR9835723	536
IL18BP	SRR9835724	690.7375418372287
IL18BP	SRR9835725	1.0273956002434441
IL18BP	SRR9835726	565.4068215303226
IL18BP	SRR9835727	127.85958699776411
IL18BP	SRR9835728	135.2768202705476
IL18BP	SRR9835729	207.66875145678426
IL18BP	SRR9835730	711.7158651596844
IL18BP	SRR9835731	204.94711460005385
IL18BP	SRR9835732	75.35275594283982
IL18BP	SRR9835733	147.65627387843213
IL18BP	SRR9835734	168.42891359934328
IL18BP	SRR9835735	332.5979544055025
IL18BP	SRR9835736	285.376741184024
IL18BP	SRR9835737	909.89483945337
IL18BP	SRR9835738	706.2579194461977
IL18BP	SRR9835739	334.8229795792939
IL18BP	SRR9835740	293.52800738840807
IL18BP	SRR9835741	439.3059049197156
IL18BP	SRR9835742	1.0186862015904543
IL18BP	SRR9835743	95.1475016148083
IL18BP	SRR9835744	584.3787401028773
IL18BP	SRR9835745	1787.0269244587157
IL18BP	SRR9835746	317.389369868861
IL18BP	SRR9835747	559.9219842963216
IL18BP	SRR9835748	286.45883894418125
IL18BP	SRR9835749	400
IL18BP	SRR9835750	561.6220803911308
IL18BP	SRR9835751	1085.6677199558017
IL18BP	SRR9835752	16.647272196071423
IL18BP	SRR9835753	83.87054434899582
IL18BP	SRR9835754	909.2401518958036
IL18BP	SRR9835755	183.60946659659203
IL18BP	SRR9835756	1.0464063323203885
IL18BP	SRR9835757	240.95935913468574
IL18BP	SRR9835758	421.401071989973
IL18BP	SRR9835759	644.1656551959896
IL18BP	SRR9835760	1115
IL18BP	SRR9835761	371.06676550946423
IL18BP	SRR9835762	412.2871248143665
IL18BP	SRR9835763	174.50435228257027
IL18BP	SRR9835764	334.8661216055509
IL18BP	SRR9835765	148.97429612742542
IL18BP	SRR9835766	209.2602612224703
IL18BP	SRR9835767	54.95924044201775
IL18BP	SRR9835768	592
IL18BP	SRR9835769	1357
IL18BP	SRR9835770	167.2631428916658
IL18BP	SRR9835771	662.5673214617208
IL18BP	SRR9835772	106.31329632386684
IL18BP	SRR9835773	423
IL18BP	SRR9835774	38.299460005270205
IL18BP	SRR9835775	415.078819221949
IL18BP	SRR9835776	348.09975870644723
IL18BP	SRR9835777	802.9604739523553
IL18BP	SRR9835778	524.1648935435159
IL18BP	SRR9835779	279.94547505757964
IL18BP	SRR9835780	214.33084673627738
IL18BP	SRR9835781	214.27173942834526
IL18BP	SRR9835782	566.7970290345565
IL18BP	SRR9835783	890
IL18BP	SRR9835784	208.8400433371503
IL18BP	SRR9835785	9.395067135639723
IL18BP	SRR9835786	242.31013635992124
IL18BP	SRR9835787	479.3424000445183
IL18BP	SRR9835788	149.2460648581896
IL18BP	SRR9835789	606
IL18BP	SRR9835790	123.87173069497902
IL18BP	SRR9835791	92.44135237183369
IL18BP	SRR9835792	483.4984811211994
IL18BP	SRR9835793	575.1372963638187
IL18BP	SRR9835794	555.0998783227834
IL18BP	SRR9835795	1.0567801380566075
IL18BP	SRR9835796	653.6911996713949
IL18BP	SRR9835797	819
IL18BP	SRR9835798	712.0992150910898
IL18BP	SRR9835799	332.65223556193655
IL18BP	SRR9835800	473.5383899257639
IL18BP	SRR9835801	281.4007644097755
IL18BP	SRR9835802	444.75721747024534
IL18BP	SRR9867812	89
IL18BP	SRR9867813	57.78955006761794
IL18BP	SRR9867814	242.7536398849624
IL18BP	SRR9867815	218
IL18BP	SRR9867816	173.09341653818456
IL18BP	SRR9867817	163.6263778295067
IL18BP	SRR9867818	126.03594104103541
IL18BP	SRR9867819	42.73098473326755
IL18BP	SRR9867820	158.3700391625852
IL18BP	SRR9867821	240
IL18BP	SRR9867822	218.8367813011543
IL18BP	SRR9867823	390.0701847673613
IL18BP	SRR9867824	212.3882440155703
IL18BP	SRR9867825	137.4769729321914
IL18BP	SRR9867826	168.27905017717296
IL18BP	SRR9867827	325
IL18BP	SRR9867828	350.1616490330703
IL18BP	SRR9867829	142.71038897999196
IL18BP	SRR9867830	108.21729499718943
IL18BP	SRR9867831	206.56981543003891
IL18BP	SRR9879292	620.0733825146025
IL18BP	SRR9879293	53.81026985750589
IL18BP	SRR9879294	1.0204975926045814
IL18BP	SRR9879295	1.0201804361038371
IL18BP	SRR9879296	46.57574838290534
IL18BP	SRR9879297	1.0160326211514135
IL18BP	SRR9879298	1.0114727203258032
IL18BP	SRR9879299	36.16821691603336
IL18BP	SRR9879300	1.0154291543241525
IL18BP	SRR9879301	123.29677234725595
IL18BP	SRR9879302	714.0394602051023
IL18BP	SRR9879303	675.7292790777115
IL18BP	SRR9879304	323.4578498358993
IL18BP	SRR9879305	129.42356152123386
IL18BP	SRR9879306	388
IL18BP	SRR9879307	373.5319869132924
IL18BP	SRR9879308	98.176483034324
IL18BP	SRR9879309	126.43423624582891
IL18BP	T50_307	81.50488097116562
IL18BP	T50_313	82.38784566561094
IL18BP	T50_317	70.2359419559903
IL18BP	T50_324	36.437274823288384
IL18BP	T50_427	81.38907542331886
IL18BP	T50_428	195.52095007390682
IL18BP	T50_431	180.10707803649748
IL18BP	T50_436	193.6733605231204
IL18BP	T50_476	359.9811993011528
IL18BP	UN_307	156.0497129582173
IL18BP	UN_313	133.91809379620182
IL18BP	UN_317	220.83015596433302
IL18BP	UN_324	103.24099711312502
IL18BP	UN_427	140.26013643028014
IL18BP	UN_428	285.0435658826223
IL18BP	UN_431	144.5301523094659
IL18BP	UN_436	197.6836912837703
IL18BP	UN_476	325.29623272530426
