Gene	sample	counts
LINC01534	CM317	6.298168232039871
LINC01534	CMCD140	27.250700508046044
LINC01534	CMCD147	1.0387377232738804
LINC01534	CMCD152	55
LINC01534	CMCD154	55.53366095107782
LINC01534	CMCD159	1.0826308846263835
LINC01534	CMCD161	41.125613523138234
LINC01534	CMCD174	1.0883603953024104
LINC01534	CMCD196	20.177469565283456
LINC01534	CMCD198	5.13964282824957
LINC01534	CMCD203	56.178029518879264
LINC01534	CMCD211	91.37745603368438
LINC01534	CMCD227	55.71207364476888
LINC01534	CMCD240	58.31726660054419
LINC01534	CMCD259	90
LINC01534	CMCD270	19.09824633063448
LINC01534	CMCD275	37.31187060103591
LINC01534	CMCD282	59.74978916996251
LINC01534	CMCD286	55.22553118760175
LINC01534	CMCD287	50
LINC01534	CMCD294	22.28374469690101
LINC01534	CMCD327	61.30999586382228
LINC01534	CMCD335	59.2746271618797
LINC01534	CMCD337	25.165894221868186
LINC01534	CMCD357	19.386984813796246
LINC01534	CMCD398	35.203195883622065
LINC01534	CMCD403	24.17116696228843
LINC01534	CMCD422	49.10225455199904
LINC01534	CMCD426	4.439984110419656
LINC01534	CMCD71	21.132838752673365
LINC01534	CMCD72	1.1440405671509037
LINC01534	CMCD76	16.036274625299654
LINC01534	CMCD88	38.00683851579418
LINC01534	CMSA256	57
LINC01534	CMSA316	35.28050993183884
LINC01534	CMUC110	64
LINC01534	CMUC192	19.24992307042678
LINC01534	CMUC199	17.45231040058801
LINC01534	CMUC200	34.07916760009102
LINC01534	CMUC208	45.10995456004392
LINC01534	CMUC231	62
LINC01534	CMUC234	56
LINC01534	CMUC285	27.294479346107106
LINC01534	CMUC291	13.08528769961405
LINC01534	CMUC295	25.022503215686342
LINC01534	CMUC299	21.061192538244832
LINC01534	CMUC301	28.015119439706172
LINC01534	CMUC307	43.118381558907366
LINC01534	CMUC313	18.731159631965994
LINC01534	CMUC314	7.372220306341788
LINC01534	CMUC323	16.37190594510714
LINC01534	CMUC324	53.04770681725505
LINC01534	CMUC331	25.224491970388478
LINC01534	CMUC333	16.36296806401798
LINC01534	CMUC334	5.073818890596464
LINC01534	CMUC346	19.20356676493802
LINC01534	CMUC352	18.107152078670886
LINC01534	CMUC360	55.069322379634265
LINC01534	CMUC363	17.434124415270567
LINC01534	CMUC365	17.111243375165934
LINC01534	CMUC366	36.117897607589136
LINC01534	CMUC368	75
LINC01534	CMUC377	37.150173020471314
LINC01534	CMUC379	1.0664515526402574
LINC01534	CMUC380	39.68981035826686
LINC01534	CMUC383	43.59271426141013
LINC01534	CMUC394	51.370532255072554
LINC01534	CMUC419	4.096884207958048
LINC01534	CMUC427	101
LINC01534	CMUC428	35.21849757799014
LINC01534	CMUC431	35.06410950483989
LINC01534	CMUC435	45.21993572941126
LINC01534	CMUC439	12.075815289642858
LINC01534	CMUC89	47
LINC01534	CS219	28.06853092467659
LINC01534	CS256	35.07935074284299
LINC01534	CS257	5.449899929390864
LINC01534	CS259	42.06422776397471
LINC01534	CS261	7.1592034474617146
LINC01534	CS266	19.65437304016004
LINC01534	CS270	14.176111063141644
LINC01534	CS277	51.89360520411626
LINC01534	CS288	14.1248516826592
LINC01534	CS290	19.15077181771857
LINC01534	CS292	10.136016438843358
LINC01534	CS293	12.191860654121598
LINC01534	CS301	12.30601776782547
LINC01534	CS306	12.443853550474369
LINC01534	CS308	8.203211358778066
LINC01534	CS315	16.42533768868855
LINC01534	CS317	40.62588557050586
LINC01534	CS322	27.35553033446757
LINC01534	CS327	25.11713543919777
LINC01534	CS328	9.479005018156464
LINC01534	CS330	1.0732794536999326
LINC01534	CS331	1.0183441621534113
LINC01534	CS335	22.199431053097634
LINC01534	CS338	22.647907978276887
LINC01534	CS339	3.492631274692255
LINC01534	CS343	52.412428876576506
LINC01534	CS344	15.205277207373337
LINC01534	CS350	1.021809713154857
LINC01534	CS351	45.36976152499642
LINC01534	CS361	6.138926145094225
LINC01534	CS388	7.231970941153948
LINC01534	CS396	17.1800167664425
LINC01534	CS405	12.287180305284023
LINC01534	CS415	19.30652980850146
LINC01534	CS424	12.423021094166586
LINC01534	IM293	25.1319167574208
LINC01534	IM296	1.064463289332191
LINC01534	IM297	6.566931458815088
LINC01534	IM300	72
LINC01534	IM305	28.276735493161027
LINC01534	IM309	1.0649644397817766
LINC01534	IM310	36.48158418706486
LINC01534	IM311	37.456160779298514
LINC01534	IM316	24.120823880096637
LINC01534	IM320	9.408792192534884
LINC01534	IM330	15.151780021629898
LINC01534	IM332	37.04725483821482
LINC01534	IM340	13.696642784243753
LINC01534	IM348	7.243972386849296
LINC01534	IM354	14.099847394668252
LINC01534	IM356	36.28679307670624
LINC01534	IM364	7.117692452884958
LINC01534	IM372	23.496029952733515
LINC01534	IM374	48.183157061188375
LINC01534	IM376	6.084477207512815
LINC01534	IM381	27.332408128533782
LINC01534	IM382	1.0307681061453446
LINC01534	IM385	42
LINC01534	IM390	67.80595868719499
LINC01534	IM397	15.166890066724031
LINC01534	IM404	42.12039140123614
LINC01534	IM409	38.214904177318736
LINC01534	IM412	48
LINC01534	IM421	20.311154494921734
LINC01534	IM425	46.2881487160212
LINC01534	IM432	3.1179813299625203
LINC01534	IM438	81
LINC01534	IM442	3.1226652880461705
LINC01534	IM445	9.10158719520434
LINC01534	IM448	23.50162340256171
LINC01534	IM449	23.191424229351625
LINC01534	IM451	24.122703177087622
LINC01534	IMSA256	24.09733181389785
LINC01534	IMSA276	47
LINC01534	IMSA286	24
LINC01534	IMSA343	30.3719918008597
LINC01534	IS_238	34
LINC01534	IS238	107.9458057903808
LINC01534	IS243	48
LINC01534	IS253	62
LINC01534	IS283	56
LINC01534	IS322	11.113445054767359
LINC01534	IS399	11.076340811167583
LINC01534	IS418	1.0908267191361551
LINC01534	IS430	7.573103500794206
LINC01534	IS437	12.949899286780324
LINC01534	IS444	8.293451522613246
LINC01534	R276CMSA	1.061719097392973
LINC01534	R286CMSA	27
LINC01534	R292CMSA	34.141008391723254
LINC01534	R292IMSA	31.136057500471487
LINC01534	R308CMSA	9.60454158078879
LINC01534	R316IMSA	15.288809189390024
LINC01534	R347CMSA	19.142958462389082
LINC01534	R347IMSA	12.746377761634527
LINC01534	R371CMSA	36.14329830048256
LINC01534	SRR10104064	9.985063745261968
LINC01534	SRR10104065	49.28700538663259
LINC01534	SRR10104066	19.35605060474026
LINC01534	SRR10104067	14.322800050628679
LINC01534	SRR10104068	30.139675782468647
LINC01534	SRR10104069	29.332260826604074
LINC01534	SRR10104070	17.49963849752129
LINC01534	SRR10104071	2.321210581704469
LINC01534	SRR10104072	5.3494374229785775
LINC01534	SRR10104073	15.669810586872947
LINC01534	SRR10104074	10.958223428367958
LINC01534	SRR10104075	6.906060417223485
LINC01534	SRR10104076	11.304202341556353
LINC01534	SRR10104077	7.705444443607177
LINC01534	SRR10104078	11.455699597770744
LINC01534	SRR10104079	5.447535678654669
LINC01534	SRR10104080	6.729108972215196
LINC01534	SRR10104081	28.44363403132307
LINC01534	SRR10104082	7.575760082914493
LINC01534	SRR10104083	12.758386068403876
LINC01534	SRR10104084	14.949854295011454
LINC01534	SRR10104085	19.422129215255744
LINC01534	SRR10104086	8.198276070405983
LINC01534	SRR10104087	30.096000238141958
LINC01534	SRR10104088	35.318972206043604
LINC01534	SRR10104089	4.5389824514384705
LINC01534	SRR10104090	24.63128466563738
LINC01534	SRR10104091	18.757553996258974
LINC01534	SRR10104092	34.43295210876162
LINC01534	SRR10104093	19.651655247788682
LINC01534	SRR10104094	12.408269392497644
LINC01534	SRR10104095	17.919047290960375
LINC01534	SRR10104096	5.728592875799145
LINC01534	SRR10104097	15.94681391608642
LINC01534	SRR10104098	31.922615117432493
LINC01534	SRR10104099	11.522248168874043
LINC01534	SRR10104100	12.348769233362653
LINC01534	SRR10104101	55.30668871988334
LINC01534	SRR10104102	10.153169306923228
LINC01534	SRR10104103	18.93746111379822
LINC01534	SRR10104104	22.340947369586146
LINC01534	SRR10104105	8.646681510616565
LINC01534	SRR10104106	11.304558697538386
LINC01534	SRR10104107	25.239390174907253
LINC01534	SRR10104108	52.3565752295564
LINC01534	SRR10104109	8.947171998153426
LINC01534	SRR10104110	7.139140167366739
LINC01534	SRR10104111	12.392522645663906
LINC01534	SRR10104112	3.559863430173723
LINC01534	SRR10104113	13.465912311757016
LINC01534	SRR10104114	12.900867303748086
LINC01534	SRR10104115	6.865332023873881
LINC01534	SRR10104116	16.74767511713186
LINC01534	SRR10104117	19.738124061673364
LINC01534	SRR10104118	8.00346995526034
LINC01534	SRR10104119	4.759275302881335
LINC01534	SRR10104120	46.21817467693141
LINC01534	SRR10104121	16.22662074759019
LINC01534	SRR10104122	6.536993457667797
LINC01534	SRR10104123	6.4922884762192306
LINC01534	SRR10104124	15.62979162463162
LINC01534	SRR10104125	3.2994247056806296
LINC01534	SRR10104126	14.552366047651358
LINC01534	SRR10104127	7.11502946029948
LINC01534	SRR10104128	9.258990285088618
LINC01534	SRR10104129	13.341844952848765
LINC01534	SRR10104130	13.534909938499004
LINC01534	SRR10104131	32.36252948653249
LINC01534	SRR10104132	51.36788529397992
LINC01534	SRR10104133	3.4913052822663455
LINC01534	SRR10104134	15.451603782457523
LINC01534	SRR10104135	5.504030401601585
LINC01534	SRR10104136	19.28530868969664
LINC01534	SRR10104137	18.831586456702663
LINC01534	SRR10104138	5.9775073318308545
LINC01534	SRR10104139	48.54512202552571
LINC01534	SRR10104140	10.280756712134318
LINC01534	SRR10104141	14.833231044294248
LINC01534	SRR10104142	10.513197704930992
LINC01534	SRR10104143	48.39256321471519
LINC01534	SRR10104144	12.713582057296648
LINC01534	SRR10104145	12.74811443864356
LINC01534	SRR10104146	28.269405654078515
LINC01534	SRR10104147	62.10598705441874
LINC01534	SRR10104148	11.568123018294834
LINC01534	SRR10104149	11.51419489005728
LINC01534	SRR10104150	35.406947637127075
LINC01534	SRR10104151	38.29092726058626
LINC01534	SRR10104152	55.30919212765781
LINC01534	SRR10104153	14.32508674372372
LINC01534	SRR10104154	16.488408776377668
LINC01534	SRR10104155	16.318118879378105
LINC01534	SRR10104156	71.28816985009361
LINC01534	SRR10104157	14.684817119405245
LINC01534	SRR10104158	23.471857517733344
LINC01534	SRR10104159	41.51661914578955
LINC01534	SRR10104160	10.12180724436152
LINC01534	SRR10104161	123.21232898987611
LINC01534	SRR10104162	17.345745904516797
LINC01534	SRR10104163	6.180592869669951
LINC01534	SRR10104164	11.215980885117485
LINC01534	SRR10104165	8.306183140779577
LINC01534	SRR10104166	4.162985050304661
LINC01534	SRR10104167	8.180655572826884
LINC01534	SRR10104168	10.286191551057959
LINC01534	SRR10104169	15.370314076618383
LINC01534	SRR10104170	13.390807994157889
LINC01534	SRR10104171	22.527503798440954
LINC01534	SRR10104172	16.541494905743868
LINC01534	SRR10104173	12.724664101315645
LINC01534	SRR10104174	18.608954643812055
LINC01534	SRR10104175	9.202299360077944
LINC01534	SRR10104176	10.224911721264801
LINC01534	SRR10104177	5.126650696321408
LINC01534	SRR10104178	9.345732629874899
LINC01534	SRR10104179	5.173225136948821
LINC01534	SRR10104180	11.241452019733401
LINC01534	SRR10104181	6.160599185118394
LINC01534	SRR10104182	5.175671929434245
LINC01534	SRR10104183	7.33353691743367
LINC01534	SRR10104184	7.148914555804751
LINC01534	SRR10104185	12.763283929003045
LINC01534	SRR10104186	11.362397864831694
LINC01534	SRR10104187	6.461899073425905
LINC01534	SRR10104188	4.21546217154157
LINC01534	SRR10104189	6.357337558981208
LINC01534	SRR10104190	5.728471203487709
LINC01534	SRR10104191	5.687707926460206
LINC01534	SRR10104192	9.234476694965034
LINC01534	SRR10104193	6.23905439448741
LINC01534	SRR10104194	7.300159334201183
LINC01534	SRR10104195	5.209370848775765
LINC01534	SRR10104196	8.325187594903678
LINC01534	SRR10104197	22.37021112037195
LINC01534	SRR10104198	6.1550755444514715
LINC01534	SRR10104199	14.06965621577933
LINC01534	SRR10104200	5.176708309464183
LINC01534	SRR10104201	10.262034008940276
LINC01534	SRR10104202	8.52925215974594
LINC01534	SRR10104203	4.090546957819302
LINC01534	SRR10104204	9.282113591473488
LINC01534	SRR10104205	10.268650017331543
LINC01534	SRR10104206	9.25889473149359
LINC01534	SRR10104207	15.49083014726089
LINC01534	SRR10104208	8.141080935369766
LINC01534	SRR10104209	11.254791368915354
LINC01534	SRR10104210	8.210439469783651
LINC01534	SRR10104211	14.26268268029728
LINC01534	SRR10104212	9.168788813684646
LINC01534	SRR10104213	6.353529020225964
LINC01534	SRR10104214	11.329718829573196
LINC01534	SRR10104215	21.22499484545781
LINC01534	SRR10104216	11.667041876552217
LINC01534	SRR10104217	4.09965563310568
LINC01534	SRR10104218	20.209084696683206
LINC01534	SRR10104219	6.380098911915059
LINC01534	SRR10104220	9.31605227375175
LINC01534	SRR10104221	11.959599963339484
LINC01534	SRR10104222	9.343246217093368
LINC01534	SRR10104223	2.3532654514939266
LINC01534	SRR10104224	8.203080853867542
LINC01534	SRR10104225	11.345581558986087
LINC01534	SRR10104226	5.194446780363066
LINC01534	SRR10104227	16.124079236038458
LINC01534	SRR10104228	3.3567361687470254
LINC01534	SRR10104229	7.260174426385763
LINC01534	SRR10104230	9.91048693195315
LINC01534	SRR10104231	8.608684097082373
LINC01534	SRR10104232	24.374770769798943
LINC01534	SRR10104233	2.1436267417054062
LINC01534	SRR10104234	17.397100545384752
LINC01534	SRR10104235	7.305224367740558
LINC01534	SRR10104236	45.41885444790801
LINC01534	SRR10104237	22.406801921330374
LINC01534	SRR10104238	4.281213633020862
LINC01534	SRR10104239	11.672962486870517
LINC01534	SRR10104240	8.579049638948531
LINC01534	SRR10104241	3.120179554103979
LINC01534	SRR10104242	26.5961409974438
LINC01534	SRR10104243	12.80768227375188
LINC01534	SRR10104244	12.474138619634136
LINC01534	SRR10104245	21.85637600518327
LINC01534	SRR10104246	8.846401655922602
LINC01534	SRR10104247	13.733574460345382
LINC01534	SRR10104248	18.25945809710992
LINC01534	SRR10104249	16.434906630633623
LINC01534	SRR10104250	2.306027095352472
LINC01534	SRR10104251	20.93209495703758
LINC01534	SRR10104252	1.1796947867396619
LINC01534	SRR10104253	7.6732976283191645
LINC01534	SRR10104254	32.15363750498752
LINC01534	SRR10104255	5.154978774695958
LINC01534	SRR10104256	2.058769087326201
LINC01534	SRR10104257	22.82537648041211
LINC01534	SRR10104258	34.01615821689226
LINC01534	SRR10224277	1.0244173062905177
LINC01534	SRR10224278	3.2779905211500324
LINC01534	SRR10224279	1.089250843220296
LINC01534	SRR10224280	1.0227917534671278
LINC01534	SRR10224281	12.193323117722047
LINC01534	SRR10224282	2.1003514564198853
LINC01534	SRR10224283	1.042245924204279
LINC01534	SRR10224284	1.1092008744415571
LINC01534	SRR10224285	1.1279661106950958
LINC01534	SRR10224286	4.10168971163115
LINC01534	SRR10224287	12.405640925516495
LINC01534	SRR10224288	1.0962707234129587
LINC01534	SRR10224289	1.0935047184878017
LINC01534	SRR10224290	1.095529172881304
LINC01534	SRR10224291	7.218479449929092
LINC01534	SRR10224292	4.047432762131191
LINC01534	SRR10224293	10.306192603558113
LINC01534	SRR10224294	1.0580047935764523
LINC01534	SRR10224295	6.51647016004924
LINC01534	SRR10224296	11.601952494226603
LINC01534	SRR10224297	1.1274808217665389
LINC01534	SRR10224298	8.26577921621625
LINC01534	SRR10318388	12.088029912966203
LINC01534	SRR10318389	19.089364838852756
LINC01534	SRR10318390	21.258346439164164
LINC01534	SRR10318391	21.248884947424745
LINC01534	SRR10318392	18.24939587956124
LINC01534	SRR10318393	35.098292890288995
LINC01534	SRR10318394	15.19766900582605
LINC01534	SRR10318395	45.19876078383023
LINC01534	SRR10318396	20.158985823481256
LINC01534	SRR10318397	19.110570492071485
LINC01534	SRR10318398	37.126717657147736
LINC01534	SRR10318399	10.501074458020174
LINC01534	SRR10318400	24.354615491620407
LINC01534	SRR10318401	16.05768606107196
LINC01534	SRR10318402	38.15993118390844
LINC01534	SRR10318403	12.057710089853545
LINC01534	SRR10318404	28.048335054605943
LINC01534	SRR10318405	27.06488962215939
LINC01534	SRR10318406	40.18133133307471
LINC01534	SRR10318407	24.235499300170936
LINC01534	SRR10318408	19.057051273498406
LINC01534	SRR10318409	25.078813148486077
LINC01534	SRR10318410	9.036499430211693
LINC01534	SRR10318411	23.083641225679667
LINC01534	SRR10318412	66.31851662169487
LINC01534	SRR10318413	24.09160036637351
LINC01534	SRR10318414	29.17094400406227
LINC01534	SRR10318415	21.136039272196296
LINC01534	SRR10318416	17.16832641418955
LINC01534	SRR10318417	48.34351591243472
LINC01534	SRR10318418	9.033723799105067
LINC01534	SRR10318419	14.05577244599056
LINC01534	SRR10318420	79.14228433142982
LINC01534	SRR10318421	32.15179583831611
LINC01534	SRR10318422	24.05008386220361
LINC01534	SRR10318423	34.05002135412689
LINC01534	SRR10318424	35.0730389657136
LINC01534	SRR10318425	53.343599239069455
LINC01534	SRR10318426	9.858072851016365
LINC01534	SRR10318427	9.972164013931403
LINC01534	SRR10318428	32.04218914776933
LINC01534	SRR10318429	36.14341486111858
LINC01534	SRR10318430	14.120396138531566
LINC01534	SRR10318431	28.144203464205674
LINC01534	SRR10318432	47.078905466147106
LINC01534	SRR10318433	1.2750020383966563
LINC01534	SRR10318434	20.06093877454671
LINC01534	SRR10318435	32.19004763225184
LINC01534	SRR10318436	26.07107041581816
LINC01534	SRR10318437	105.0756040012104
LINC01534	SRR10318438	19.023947731146382
LINC01534	SRR10318439	16.065604598853245
LINC01534	SRR10318440	51.80242756287559
LINC01534	SRR10318441	22.060739906301034
LINC01534	SRR10318442	20.572660816116866
LINC01534	SRR10318443	27.061500215904466
LINC01534	SRR10318444	38.32259874078304
LINC01534	SRR10318445	9.108448563986856
LINC01534	SRR10318446	22.0868958198144
LINC01534	SRR10318447	11.114694780360836
LINC01534	SRR10318448	19.131335749248546
LINC01534	SRR10318449	43.08973358644814
LINC01534	SRR10318450	24.124504819971857
LINC01534	SRR10318451	30
LINC01534	SRR10318452	26.16267411923139
LINC01534	SRR10318453	29.57431669380234
LINC01534	SRR10318454	28.13302710337271
LINC01534	SRR10318455	46.276798699512035
LINC01534	SRR10318456	20.131211845560077
LINC01534	SRR10318457	19.029374242940516
LINC01534	SRR10318458	6.076158370427516
LINC01534	SRR10318459	15.096687356183413
LINC01534	SRR10318460	10.039666308583417
LINC01534	SRR10318461	23.080813144412588
LINC01534	SRR10318462	30.199996480800696
LINC01534	SRR10318463	19.058793898836207
LINC01534	SRR10318464	26.161081874478892
LINC01534	SRR10318465	29.026103730196155
LINC01534	SRR10318466	15.140556141916118
LINC01534	SRR10318467	18.091097114338663
LINC01534	SRR10318468	21.20442055478929
LINC01534	SRR10318469	13.045676994667986
LINC01534	SRR10318470	30
LINC01534	SRR10318471	16
LINC01534	SRR10318472	11.048400856861079
LINC01534	SRR10318473	19.073621845715337
LINC01534	SRR10318474	16.06684816052852
LINC01534	SRR10318475	11.043970627006429
LINC01534	SRR10318476	11.039324845422573
LINC01534	SRR10318495	21.022685282705428
LINC01534	SRR10318496	6.052832689734824
LINC01534	SRR10318497	14.076584427231573
LINC01534	SRR10318498	46.04140591686287
LINC01534	SRR10318499	30.030164695573102
LINC01534	SRR10318500	20.11461553446734
LINC01534	SRR10318501	43.20751840504363
LINC01534	SRR10318502	22.011879559769135
LINC01534	SRR10318503	41.073843766944584
LINC01534	SRR10318504	22.145309765273108
LINC01534	SRR10318505	39.02105921959074
LINC01534	SRR10318506	9.107277978304499
LINC01534	SRR10318507	13.155665373731603
LINC01534	SRR10318508	10.309684455084222
LINC01534	SRR10318509	22.15055906083882
LINC01534	SRR10318510	22.174415725191775
LINC01534	SRR10318511	21.026468544951264
LINC01534	SRR10318512	22.16757664952116
LINC01534	SRR10318513	19.062806614001342
LINC01534	SRR10318514	34.156320512076945
LINC01534	SRR10318515	10.119306087919657
LINC01534	SRR10318516	14.082955301135224
LINC01534	SRR10318517	33.08672183607333
LINC01534	SRR10318518	18.12911635664373
LINC01534	SRR10318519	17.08022682838938
LINC01534	SRR10318520	77.15256414636592
LINC01534	SRR10318521	45.16286630903684
LINC01534	SRR10318522	61.08331416921148
LINC01534	SRR10318523	25.05667910203071
LINC01534	SRR10318524	12.092095471399864
LINC01534	SRR10318525	36.2231426471451
LINC01534	SRR10318526	12.078194366202917
LINC01534	SRR10318527	19.006839131127048
LINC01534	SRR10318528	54.13695803761111
LINC01534	SRR10318529	14.031740297137198
LINC01534	SRR10318530	29.195469601159147
LINC01534	SRR10318531	46.410226957308794
LINC01534	SRR10318532	9.074283279586961
LINC01534	SRR10318533	17.394242176160333
LINC01534	SRR10318534	30.52699681908446
LINC01534	SRR10318535	16.24796172333538
LINC01534	SRR10318536	21.085165337160618
LINC01534	SRR10318537	13.14093954181704
LINC01534	SRR10318538	22.040297403042217
LINC01534	SRR10318539	12.086600224300406
LINC01534	SRR10318540	32.17440728433477
LINC01534	SRR10318541	14.099266849319733
LINC01534	SRR10318542	19.152647682100543
LINC01534	SRR10318543	20.20015725098208
LINC01534	SRR10318544	17.04212915253686
LINC01534	SRR10318545	28.24165748814102
LINC01534	SRR10318546	28.040336650715386
LINC01534	SRR10318547	18.07115485838414
LINC01534	SRR10318548	9.04355908908221
LINC01534	SRR10318549	13.089378248122207
LINC01534	SRR10318568	17.053592940970532
LINC01534	SRR10318569	33.02723755235042
LINC01534	SRR10318570	20.212711918416108
LINC01534	SRR10318571	30.024761411227654
LINC01534	SRR10318572	18.085517423596745
LINC01534	SRR10318573	23.033837974850545
LINC01534	SRR10318574	39.09479876674988
LINC01534	SRR10318575	30.140912128695266
LINC01534	SRR10318576	23.09906284084163
LINC01534	SRR10318577	32.09270806922261
LINC01534	SRR10318578	20.018002572549072
LINC01534	SRR10318579	16.050440415031087
LINC01534	SRR10318580	33.045071599737355
LINC01534	SRR10318581	24
LINC01534	SRR10875803	141.9512664340742
LINC01534	SRR10875804	137.6222673098122
LINC01534	SRR10875805	129.85167971481877
LINC01534	SRR10875806	183.84908060183477
LINC01534	SRR10875807	117.20425321702147
LINC01534	SRR10875808	138.15788907824287
LINC01534	SRR10875809	102.42627507661723
LINC01534	SRR10875810	126.51049471784879
LINC01534	SRR10875812	136
LINC01534	SRR10875813	93.1062674471493
LINC01534	SRR10875814	85.33977302686786
LINC01534	SRR10875815	144
LINC01534	SRR10875816	108
LINC01534	SRR10875817	127.36032027379585
LINC01534	SRR10875818	132.2059910614691
LINC01534	SRR10875819	123
LINC01534	SRR10875820	107.29080020867357
LINC01534	SRR10875821	102.34553420721328
LINC01534	SRR10875822	97.42141527200282
LINC01534	SRR10875823	78
LINC01534	SRR10875824	130.9017730686198
LINC01534	SRR10875825	102.17920199606507
LINC01534	SRR10875826	105.22910179600662
LINC01534	SRR10875827	87.36465285784581
LINC01534	SRR10875829	132.92577450500167
LINC01534	SRR10875830	107
LINC01534	SRR10875831	60.21430496821753
LINC01534	SRR10875832	62
LINC01534	SRR10875834	75.25022174402737
LINC01534	SRR10875835	60
LINC01534	SRR10875836	104.06443436718908
LINC01534	SRR10875837	101.94333103605327
LINC01534	SRR10875838	132
LINC01534	SRR10875839	59.09269234660235
LINC01534	SRR10875840	96.65793243933034
LINC01534	SRR10875841	74.28243446298498
LINC01534	SRR10875842	107.42752570386021
LINC01534	SRR10875843	41.34725225795166
LINC01534	SRR10875844	64.79012518745331
LINC01534	SRR10875845	74.73961901741265
LINC01534	SRR10875846	57.66009959044992
LINC01534	SRR10875847	48.17305818321588
LINC01534	SRR10875848	139
LINC01534	SRR10875849	137.43131627508603
LINC01534	SRR10875850	138.02483460998937
LINC01534	SRR10875851	95.83693892947811
LINC01534	SRR10875852	150.07329896720967
LINC01534	SRR10875853	81.17757741264947
LINC01534	SRR10875854	115.72181305149795
LINC01534	SRR10875855	86.00648388689302
LINC01534	SRR10875856	155.57402774275985
LINC01534	SRR10875857	106.46556244327829
LINC01534	SRR10875858	105.16898074946906
LINC01534	SRR10875859	76
LINC01534	SRR10875860	157.93081412693832
LINC01534	SRR10875861	118.01712587811107
LINC01534	SRR10875862	103.18324970043929
LINC01534	SRR10875863	84.45478745456941
LINC01534	SRR10875864	128
LINC01534	SRR10875865	119.68836717085159
LINC01534	SRR10875866	171.08057731632417
LINC01534	SRR10875867	118.78458855972754
LINC01534	SRR10875868	140.61050650420094
LINC01534	SRR10875869	76
LINC01534	SRR10875870	84.2614915245474
LINC01534	SRR10875871	88.01583656289178
LINC01534	SRR10875872	68.21818640844339
LINC01534	SRR10875873	116.49494343315247
LINC01534	SRR10875874	89.93000720045838
LINC01534	SRR10875875	188.23727579204936
LINC01534	SRR10875876	115
LINC01534	SRR10875877	104.69909193261097
LINC01534	SRR10875878	64.50678217387691
LINC01534	SRR10875879	153
LINC01534	SRR10875880	106.42371695115287
LINC01534	SRR10875881	101.04109485201228
LINC01534	SRR10875882	77
LINC01534	SRR10875883	58.37339146019894
LINC01534	SRR10875884	141.83763733526138
LINC01534	SRR10875885	50.09158500691413
LINC01534	SRR10875886	68.5116993050337
LINC01534	SRR10875887	125
LINC01534	SRR10875888	40.100637071932695
LINC01534	SRR10875889	56.12501555475104
LINC01534	SRR10875890	64.14030807913043
LINC01534	SRR10875891	91
LINC01534	SRR10875892	162.88389814572383
LINC01534	SRR10875893	66
LINC01534	SRR10875894	60.14668796943148
LINC01534	SRR10875895	46
LINC01534	SRR10875896	52.52413207379734
LINC01534	SRR10875897	52.1327589712253
LINC01534	SRR10875898	98.36318539698281
LINC01534	SRR10875899	93.19188948113447
LINC01534	SRR10875900	58.21666108283573
LINC01534	SRR10875901	46.100846431875006
LINC01534	SRR10875902	54.24896087777338
LINC01534	SRR12430469	102
LINC01534	SRR12430470	122.13587839096662
LINC01534	SRR12430471	84.3904239765459
LINC01534	SRR12430472	164.20856852709392
LINC01534	SRR12430473	99
LINC01534	SRR12430474	149.13501484115417
LINC01534	SRR12430475	167.06546747748502
LINC01534	SRR12430476	87
LINC01534	SRR12765534	68
LINC01534	SRR12765535	16.04204695082343
LINC01534	SRR12765536	32.14851536574213
LINC01534	SRR12765537	18.075204180594582
LINC01534	SRR12765538	27.92359368616858
LINC01534	SRR12765539	10.31033395135802
LINC01534	SRR12765540	21.0656268464777
LINC01534	SRR12765541	8.075878324295905
LINC01534	SRR12765542	61
LINC01534	SRR12765543	10.162479978865845
LINC01534	SRR12765544	9.103722584486851
LINC01534	SRR12765545	7.064967991666648
LINC01534	SRR12765546	18.54312057686851
LINC01534	SRR12765547	26.20919436245232
LINC01534	SRR12765548	21.429276092874296
LINC01534	SRR12765549	11.083696104794337
LINC01534	SRR12765550	6.2403770093099284
LINC01534	SRR12765551	7.094979433145808
LINC01534	SRR12765552	17.704263014736604
LINC01534	SRR12765553	4.177297250375519
LINC01534	SRR12765554	11.350176790770027
LINC01534	SRR12765555	23.476420628417454
LINC01534	SRR12765556	13.199735073379335
LINC01534	SRR12765557	28.29365318281058
LINC01534	SRR12765558	12.617942881244407
LINC01534	SRR12765559	49.09341965395447
LINC01534	SRR12765560	21.398049728661803
LINC01534	SRR12765561	41.11640030161147
LINC01534	SRR12765562	14.216768219528868
LINC01534	SRR12765563	18.131310101757222
LINC01534	SRR12765564	23.047997034611797
LINC01534	SRR12765565	27.114831234434767
LINC01534	SRR12765566	20.141934992332143
LINC01534	SRR12765567	22.290813095800747
LINC01534	SRR12765568	17.174743623931672
LINC01534	SRR12765569	26.29848305677347
LINC01534	SRR12765570	7.04984647313022
LINC01534	SRR12765571	57.63706364102066
LINC01534	SRR12765572	25.16460022437437
LINC01534	SRR12765573	10.342120344840696
LINC01534	SRR12765574	36.24984480598303
LINC01534	SRR12765575	11.263334843790588
LINC01534	SRR12765576	23.57119722806559
LINC01534	SRR12765577	3.1369156865084307
LINC01534	SRR12765578	32.48322087979412
LINC01534	SRR12765579	14.117366082340876
LINC01534	SRR12765580	34.385715779373534
LINC01534	SRR12765581	14.222599198504549
LINC01534	SRR12765582	44.04424155350722
LINC01534	SRR12765583	18.157395182349116
LINC01534	SRR12765584	20.248365424494754
LINC01534	SRR12765585	21.23091722011249
LINC01534	SRR12765586	11.058043373265152
LINC01534	SRR12765587	6.070324506184866
LINC01534	SRR12765588	19.132068240401438
LINC01534	SRR12765589	6.108695597320522
LINC01534	SRR12765590	8.234437690706832
LINC01534	SRR12765591	17.471565936874118
LINC01534	SRR12765592	22.363731143845317
LINC01534	SRR12765593	28.234075325151952
LINC01534	SRR12765594	17.394941128658584
LINC01534	SRR12765595	14.16404483597498
LINC01534	SRR12765596	10.044103046586365
LINC01534	SRR12765597	29.234349514263105
LINC01534	SRR12765598	15.107628215173026
LINC01534	SRR12765599	28.085784845070012
LINC01534	SRR12765600	12.51590464848855
LINC01534	SRR12765601	10.217876140571718
LINC01534	SRR12765602	22.190550936409803
LINC01534	SRR12765603	12.117893371427614
LINC01534	SRR12765604	29.235991337250788
LINC01534	SRR12765605	24.184211823565832
LINC01534	SRR12765606	21.278694675135128
LINC01534	SRR12765607	25.214830470696178
LINC01534	SRR12765608	25.221414379651755
LINC01534	SRR12765609	15.07207599214087
LINC01534	SRR12765610	33.288979476177865
LINC01534	SRR12765611	16.088135589137636
LINC01534	SRR12765612	34.15434191864455
LINC01534	SRR12765613	12.071267862094441
LINC01534	SRR12765614	28.13092609991291
LINC01534	SRR12765615	26.238125748036257
LINC01534	SRR12765616	17.104095469828085
LINC01534	SRR12765617	39.33108818132997
LINC01534	SRR12765618	10.231825824178566
LINC01534	SRR12765619	24.522312250609048
LINC01534	SRR12765620	13.104004040209219
LINC01534	SRR12765621	39.10076479860723
LINC01534	SRR12765622	16.349372385562493
LINC01534	SRR12765623	35
LINC01534	SRR12765624	15.059437894368244
LINC01534	SRR12765625	15.123815677226913
LINC01534	SRR12765626	26.128780180999907
LINC01534	SRR12765627	12.006479759874074
LINC01534	SRR12765628	8.332833210223495
LINC01534	SRR12765629	9.289734097648447
LINC01534	SRR12765630	39.068518410260175
LINC01534	SRR12765631	23.13769185514283
LINC01534	SRR12765632	48.31527879473868
LINC01534	SRR12765633	12.231767791477782
LINC01534	SRR12765634	25.136018374664467
LINC01534	SRR12765635	20.46229414269848
LINC01534	SRR12765636	30.366128506039285
LINC01534	SRR12765637	8.283226933723066
LINC01534	SRR12765638	76
LINC01534	SRR12765639	9.27848248305199
LINC01534	SRR12765640	48.241647760193274
LINC01534	SRR12765641	13.244376564179928
LINC01534	SRR12765642	36.0881111888699
LINC01534	SRR12765643	8.111827027031328
LINC01534	SRR12765644	27.09652462058268
LINC01534	SRR12765645	7.199745996903061
LINC01534	SRR12765646	33.2249584918646
LINC01534	SRR12765647	7.203080010318334
LINC01534	SRR12765648	43.510478859984175
LINC01534	SRR12765649	9.44518212416971
LINC01534	SRR12765650	9.162246954654842
LINC01534	SRR12765651	25.705492773011226
LINC01534	SRR12765652	23.243447151599348
LINC01534	SRR12774664	28.14851668047981
LINC01534	SRR12774665	24.321726241030213
LINC01534	SRR12774666	62.66064050575772
LINC01534	SRR12774667	31.462744174858955
LINC01534	SRR12774668	8.424835585191428
LINC01534	SRR12774669	26.478722592374634
LINC01534	SRR12774670	24.12492021465585
LINC01534	SRR12774671	18.870162412144524
LINC01534	SRR12774672	46.28450050099935
LINC01534	SRR12774673	33.46907060202464
LINC01534	SRR12774674	16.387525893847858
LINC01534	SRR12774675	18.618917295609318
LINC01534	SRR12774676	30.196311838528118
LINC01534	SRR12774677	27.293844380176658
LINC01534	SRR12774678	19.831326819732638
LINC01534	SRR12774679	30.697897339156725
LINC01534	SRR12774680	25.35122122655865
LINC01534	SRR12774681	49.42658889983824
LINC01534	SRR12774682	29.307087425107795
LINC01534	SRR12774683	66.47068967249422
LINC01534	SRR12774684	32.16915716469549
LINC01534	SRR12774685	57.41999350276982
LINC01534	SRR12774686	18.323563338806245
LINC01534	SRR12774687	9.2637822477547
LINC01534	SRR1609360	9.443730813372719
LINC01534	SRR1609361	7.181359529299297
LINC01534	SRR1609362	6.408593125333298
LINC01534	SRR1609363	34.2507333192538
LINC01534	SRR1609364	29.2484976529804
LINC01534	SRR1609365	23.329281325327806
LINC01534	SRR1609366	24.136466966268017
LINC01534	SRR1609367	33.088197975347704
LINC01534	SRR1609368	27.150013831499443
LINC01534	SRR1609369	43.03870553098051
LINC01534	SRR1609370	64.1335569658763
LINC01534	SRR1609371	19.572172794341608
LINC01534	SRR1609372	55.03960209587211
LINC01534	SRR1609373	42.314892151277924
LINC01534	SRR1609374	31.0814659672204
LINC01534	SRR1609375	27.176193899627414
LINC01534	SRR1609376	14.22523789481386
LINC01534	SRR1609377	34.17972948748896
LINC01534	SRR1609378	17.295916309948115
LINC01534	SRR1609379	42.07564483443104
LINC01534	SRR1609380	13.206248980576818
LINC01534	SRR1609381	29.020881105096205
LINC01534	SRR1609382	13.185452766123818
LINC01534	SRR1609383	9.093861707009474
LINC01534	SRR1609384	17.16390611849924
LINC01534	SRR1609385	15.110046255881576
LINC01534	SRR1609386	21.138704775942514
LINC01534	SRR1609387	24.17739330327285
LINC01534	SRR1609388	16.202817514639296
LINC01534	SRR1609389	50.126120121522106
LINC01534	SRR1609390	23.294954315727434
LINC01534	SRR1609391	5.318126408589828
LINC01534	SRR1609392	27.416843701434704
LINC01534	SRR1609393	16.71649618687328
LINC01534	SRR1609394	13.360080559680043
LINC01534	SRR1609395	38.2083052308672
LINC01534	SRR1609396	59.06373484188668
LINC01534	SRR1609397	14.203434190506252
LINC01534	SRR1609398	47.21668817139535
LINC01534	SRR1609399	52.198085718205
LINC01534	SRR1609400	35.07673098077446
LINC01534	SRR1609401	22.234511727093047
LINC01534	SRR1609402	58.25893799285077
LINC01534	SRR1609403	33.104588003783164
LINC01534	SRR1609404	13.155294965152688
LINC01534	SRR1609405	33.21782884123893
LINC01534	SRR1609406	20.078728829372835
LINC01534	SRR1609407	39.08961462842137
LINC01534	SRR1609408	40.31139268583701
LINC01534	SRR1609409	19.353172624847637
LINC01534	SRR1609410	43
LINC01534	SRR1609411	6.315386986346455
LINC01534	SRR1609412	26
LINC01534	SRR1609413	57.625972806437794
LINC01534	SRR1609414	21.034037112083777
LINC01534	SRR1609415	47.008458164271744
LINC01534	SRR1609416	17.044674885249897
LINC01534	SRR1609417	9.060398559775226
LINC01534	SRR1609418	20.028811893368133
LINC01534	SRR1609419	25.121856227414824
LINC01534	SRR1609420	18.08410845801668
LINC01534	SRR1609421	16.103056472265436
LINC01534	SRR1609422	8.131901700453705
LINC01534	SRR1609423	8.431083554827444
LINC01534	SRR1609424	6.472472468737352
LINC01534	SRR1609425	19.030795482361512
LINC01534	SRR1609426	33.15576812012363
LINC01534	SRR1609427	23.118297424672743
LINC01534	SRR1609428	43.37110157656822
LINC01534	SRR1609429	20.025208138048825
LINC01534	SRR1609430	15.061483677893287
LINC01534	SRR1609431	7.0512724901656965
LINC01534	SRR1609432	37.05556803795424
LINC01534	SRR1609433	16.131597965955915
LINC01534	SRR1609434	15.225049916597976
LINC01534	SRR1609435	38.17017663584187
LINC01534	SRR1609436	21.068043258134697
LINC01534	SRR1609437	6.1287289468714
LINC01534	SRR1609438	8.258266781157143
LINC01534	SRR1609439	7.102909505115104
LINC01534	SRR1609440	65.16395615797875
LINC01534	SRR1609441	22.049877609787025
LINC01534	SRR1609442	19.13685249962234
LINC01534	SRR1609443	6.05178374745879
LINC01534	SRR1609444	24.012959519748147
LINC01534	SRR1609445	13.045600885435535
LINC01534	SRR1609446	13.143041803623817
LINC01534	SRR1609447	3.7015090010720786
LINC01534	SRR1609448	23.20292370722767
LINC01534	SRR1609449	34.08425830507372
LINC01534	SRR1609450	29.059236264665973
LINC01534	SRR1609451	14.180051043671332
LINC01534	SRR1609452	2.5265411318526665
LINC01534	SRR1609453	16.02930720221252
LINC01534	SRR1609454	7.112069033119601
LINC01534	SRR1609455	2.5032475961486096
LINC01534	SRR1609456	19.091818452020036
LINC01534	SRR1609457	8.052546465789781
LINC01534	SRR1609458	2.481000753077414
LINC01534	SRR1609459	20.077833071911922
LINC01534	SRR1609460	7.067490754676158
LINC01534	SRR1609461	18.0302772614025
LINC01534	SRR1609462	28.10343783043644
LINC01534	SRR1609463	19.12225622365195
LINC01534	SRR1609464	7.077761371853881
LINC01534	SRR1609465	23.274791440529782
LINC01534	SRR1609466	3.3647989227715627
LINC01534	SRR1609467	14.167240731702893
LINC01534	SRR1609468	38.06328905405162
LINC01534	SRR1609469	20.003599218839042
LINC01534	SRR1609470	15.072390141294289
LINC01534	SRR1609471	22.046340732716452
LINC01534	SRR1609472	4.348309465645981
LINC01534	SRR1609473	3.172459798195932
LINC01534	SRR1609474	30.07659171416844
LINC01534	SRR1609475	8.174150233403271
LINC01534	SRR1609476	47.665460628019446
LINC01534	SRR1609477	18.10158707465788
LINC01534	SRR1609478	4.09199273176543
LINC01534	SRR1609479	11.114275080285449
LINC01534	SRR1609480	14
LINC01534	SRR1609481	10.104258199753009
LINC01534	SRR1609482	17.0618131328851
LINC01534	SRR1609483	24.108543305546387
LINC01534	SRR1609484	11.086910223716071
LINC01534	SRR1609485	16.01440205803926
LINC01534	SRR1609486	15.048663851446177
LINC01534	SRR1609487	41.15955779741944
LINC01534	SRR1609488	26.037455461378574
LINC01534	SRR1609489	42.09207717692935
LINC01534	SRR1609490	7.114748256132206
LINC01534	SRR1609491	32.11284242397277
LINC01534	SRR1609492	58
LINC01534	SRR1609493	25.111745623573388
LINC01534	SRR1609494	28.16617652455757
LINC01534	SRR1609495	15.033486309308314
LINC01534	SRR1609496	38.031364454221695
LINC01534	SRR1609497	31.027903987451065
LINC01534	SRR1609498	30.01079862809534
LINC01534	SRR1609499	46.09648257918939
LINC01534	SRR1609500	30.05178755850637
LINC01534	SRR1609501	34.04364581004781
LINC01534	SRR1609502	13.168045486541427
LINC01534	SRR1609503	3.7715473792185645
LINC01534	SRR1609504	50
LINC01534	SRR1609505	56
LINC01534	SRR1609506	22.4332547028329
LINC01534	SRR1609507	23.139032243584637
LINC01534	SRR1609508	29.01565941969568
LINC01534	SRR1609509	21.132882467683363
LINC01534	SRR1609510	9.050432972384309
LINC01534	SRR1609511	10.369754458452368
LINC01534	SRR1609512	29.095862726633626
LINC01534	SRR1609513	29.09281987299932
LINC01534	SRR1609514	6.297472827773036
LINC01534	SRR1609515	21.041608403554342
LINC01534	SRR1609516	12.050136120396388
LINC01534	SRR1609517	10.22496948951921
LINC01534	SRR1609518	28.0453828161117
LINC01534	SRR1609519	32.053722870568244
LINC01534	SRR1609520	8.631601955514578
LINC01534	SRR1609521	24.03880127722858
LINC01534	SRR1609522	10.240545069445746
LINC01534	SRR1609523	22.10415094733372
LINC01534	SRR1609524	15.250742551341494
LINC01534	SRR1609525	16.088300417707362
LINC01534	SRR1609526	12.244475680168915
LINC01534	SRR1609527	30
LINC01534	SRR1609528	7.060584303147371
LINC01534	SRR1609529	7.177310974849971
LINC01534	SRR1609530	28.13426798593206
LINC01534	SRR1609531	24.091056176434176
LINC01534	SRR1609532	7.0504420792757045
LINC01534	SRR1609533	11.42049297389495
LINC01534	SRR1609534	15.019365345332679
LINC01534	SRR1609535	11.486561914671798
LINC01534	SRR1609536	10.107618801660179
LINC01534	SRR1609537	50.19216360685497
LINC01534	SRR1609538	19
LINC01534	SRR1609539	10.061942931737347
LINC01534	SRR1609540	40
LINC01534	SRR1609541	2.2004992123545497
LINC01534	SRR1609542	34.079628680556304
LINC01534	SRR1609543	29.05834773072679
LINC01534	SRR1609544	19.111071115031784
LINC01534	SRR1609545	75.95483810802128
LINC01534	SRR1609546	17
LINC01534	SRR1609547	24.124100628169874
LINC01534	SRR1609548	6.107983542482682
LINC01534	SRR1609549	19.203222814432102
LINC01534	SRR1609550	31
LINC01534	SRR1609551	12.13573322600102
LINC01534	SRR1609552	8.035715585220796
LINC01534	SRR1609553	15.039167039831296
LINC01534	SRR1609554	21.189845819633604
LINC01534	SRR1609555	17.058457416237935
LINC01534	SRR1609556	14.310361037800615
LINC01534	SRR1609557	13.081956235675348
LINC01534	SRR1609558	9.038649234355058
LINC01534	SRR1609559	5.212484149227493
LINC01534	SRR1609560	11.078338354131008
LINC01534	SRR1609561	18.045710875684172
LINC01534	SRR1609562	42.041526181108615
LINC01534	SRR1609563	36.160720133493584
LINC01534	SRR1609564	22.019802829803982
LINC01534	SRR1609565	19.47093126175103
LINC01534	SRR1609566	23.077046889161668
LINC01534	SRR1609567	2.5162226369445913
LINC01534	SRR1609568	50
LINC01534	SRR1609569	49
LINC01534	SRR1609570	8.14213236257896
LINC01534	SRR1609571	16.386816003108624
LINC01534	SRR1609572	10.132366280807227
LINC01534	SRR1609573	8.158647055422565
LINC01534	SRR1609574	15.076640864139097
LINC01534	SRR1609575	2.1465064432834318
LINC01534	SRR1609576	40.159349845687316
LINC01534	SRR1609577	24.100832911234587
LINC01534	SRR1609578	18.031794123293224
LINC01534	SRR1609579	18.120624888991845
LINC01534	SRR1609580	15.115181135402882
LINC01534	SRR1609581	12.50165086936467
LINC01534	SRR1609582	22.18211653612968
LINC01534	SRR1609583	14.50063779966253
LINC01534	SRR1609584	28.056335740012074
LINC01534	SRR1609585	22.019433901038333
LINC01534	SRR1609586	15.091569494994049
LINC01534	SRR1609587	8.096039254047739
LINC01534	SRR1609588	14.187673640600957
LINC01534	SRR1609589	17.044674885249897
LINC01534	SRR1609590	23.00656066622075
LINC01534	SRR1609591	24.078499963318034
LINC01534	SRR1609592	10.068449730033533
LINC01534	SRR1609593	17.094110603466984
LINC01534	SRR1609594	16.40532961123553
LINC01534	SRR1609595	18.43751177329305
LINC01534	SRR1609596	38.09986150820565
LINC01534	SRR1609597	29.122052745614333
LINC01534	SRR1609598	13.357981917961165
LINC01534	SRR1609599	13.275831597002991
LINC01534	SRR1609600	8.246997615462055
LINC01534	SRR1609601	7.197146168698529
LINC01534	SRR1609602	2.326432767798385
LINC01534	SRR1609603	39
LINC01534	SRR1609604	6.041988670307474
LINC01534	SRR1609605	15.113497127934135
LINC01534	SRR1609606	7.112580874525227
LINC01534	SRR1609607	14.069608005930805
LINC01534	SRR1609608	15.29966430146139
LINC01534	SRR1609609	12.38901435939518
LINC01534	SRR1609610	28
LINC01534	SRR1609611	14.239889028196432
LINC01534	SRR1609612	27.063234540441773
LINC01534	SRR1609613	54.044570540209776
LINC01534	SRR1609614	18.20464463794771
LINC01534	SRR1609615	25.07923333619937
LINC01534	SRR1609616	54
LINC01534	SRR1609617	42
LINC01534	SRR1609618	16.051200127009043
LINC01534	SRR1609619	11.0399967330433
LINC01534	SRR1609620	14.175608006809554
LINC01534	SRR1609621	13.110827700765082
LINC01534	SRR1609622	7.2772191618550925
LINC01534	SRR1609623	20.380026060095016
LINC01534	SRR1609624	7.398996598744685
LINC01534	SRR1609625	25.038650319658572
LINC01534	SRR1609626	5.0383937118009605
LINC01534	SRR1609627	11.059392708054215
LINC01534	SRR1609628	46.0877000833042
LINC01534	SRR1609629	9.144494760455109
LINC01534	SRR1609630	34.094913272328704
LINC01534	SRR1609631	32
LINC01534	SRR1609632	36
LINC01534	SRR1609633	26.09319598551453
LINC01534	SRR1609634	23.191103666633563
LINC01534	SRR1609635	6.14958304234865
LINC01534	SRR1609636	9.30173427701801
LINC01534	SRR1609637	43.174386166566975
LINC01534	SRR1609638	14.340501717581407
LINC01534	SRR1609639	38.21024165189548
LINC01534	SRR1609640	23.004139101664897
LINC01534	SRR1609641	35.006298632968324
LINC01534	SRR1609642	46
LINC01534	SRR1609643	7.082412686646079
LINC01534	SRR1609644	43.044958617358496
LINC01534	SRR1609645	19.06021733551152
LINC01534	SRR1609646	17.039814340278152
LINC01534	SRR1609647	21.43400749554524
LINC01534	SRR1609648	18.065375341643463
LINC01534	SRR1609649	23.186930924703375
LINC01534	SRR1609650	11.081756210557373
LINC01534	SRR1609651	26.08826033964025
LINC01534	SRR1609652	33.116504141586574
LINC01534	SRR1609653	18.91451400277849
LINC01534	SRR1609654	8.274863764707767
LINC01534	SRR1609655	14.095631772360925
LINC01534	SRR1609656	16.229012931900527
LINC01534	SRR1609657	16.20561487179403
LINC01534	SRR1609658	18.36089331172832
LINC01534	SRR1609659	19.151357401967175
LINC01534	SRR1609660	16.062757602759813
LINC01534	SRR1609661	24.035309191148393
LINC01534	SRR1609662	38.17768542131037
LINC01534	SRR1609663	13.034561700704485
LINC01534	SRR1609664	23.16601803124926
LINC01534	SRR1609665	45
LINC01534	SRR1609666	17.282784972963828
LINC01534	SRR1609667	39.112447321342664
LINC01534	SRR1609668	3.3778546780256553
LINC01534	SRR1609669	26.500262037572863
LINC01534	SRR1746771	45.13527914036599
LINC01534	SRR1746772	60.30790703780338
LINC01534	SRR1746773	90.90963932117452
LINC01534	SRR1746774	42.82979378876656
LINC01534	SRR1746775	42.19018449698304
LINC01534	SRR1746776	36.535345892095805
LINC01534	SRR1746777	46.34375502967833
LINC01534	SRR1746778	32.8493998865022
LINC01534	SRR1746779	54.59796821894236
LINC01534	SRR1746780	73.97295831119796
LINC01534	SRR1746781	41.82517497156073
LINC01534	SRR1746782	27.120540100120188
LINC01534	SRR1746783	57
LINC01534	SRR1746784	41.866701609737035
LINC01534	SRR1782685	7.1129835907488355
LINC01534	SRR1782686	10.241060513820852
LINC01534	SRR1782687	8.097729177083925
LINC01534	SRR1782688	15.251327758271078
LINC01534	SRR1782689	8.143009926760685
LINC01534	SRR1782690	15.303916552250765
LINC01534	SRR1782691	24.041430046805093
LINC01534	SRR1782692	23.19014879903934
LINC01534	SRR1782693	6.0530793895423365
LINC01534	SRR1782694	14.225161749050454
LINC01534	SRR1782695	29.020881105096205
LINC01534	SRR1782696	26.087638566352556
LINC01534	SRR1782697	23.202999912678717
LINC01534	SRR1782698	64.1335569658763
LINC01534	SRR1782699	18.435740022590895
LINC01534	SRR1782700	15.113555655947627
LINC01534	SRR1782701	23.14338124552532
LINC01534	SRR1782702	19.202661951030294
LINC01534	SRR1782703	52.20236598697099
LINC01534	SRR1782704	13.205972943114283
LINC01534	SRR1782705	16.387293228758836
LINC01534	SRR1782706	30.07659171416844
LINC01534	SRR1782707	28.106867094102427
LINC01534	SRR1782708	6.3164013356097835
LINC01534	SRR1782709	11.543278281629723
LINC01534	SRR1782710	26
LINC01534	SRR1782711	7.078477483407662
LINC01534	SRR1782712	13.15371570040393
LINC01534	SRR1782713	8.17410408353635
LINC01534	SRR1782714	4.348221635511598
LINC01534	SRR1782715	50.12390927216723
LINC01534	SRR1782716	15.223819654545354
LINC01534	SRR1782717	55.045395920584035
LINC01534	SRR1782718	23.32969234314944
LINC01534	SRR1782719	15.10902716686782
LINC01534	SRR1782720	17.295612620388432
LINC01534	SRR1782721	3.364586359319047
LINC01534	SRR1782722	43.03798444293856
LINC01534	SRR1782723	35.07673098077446
LINC01534	SRR1782724	13.144687946954472
LINC01534	SRR1782725	6.411448964575792
LINC01534	SRR1782726	24.178459712002002
LINC01534	SRR1782727	58
LINC01534	SRR1782728	19.575796528806496
LINC01534	SRR1782729	57.179075625478
LINC01534	SRR1782730	15.020487090789707
LINC01534	SRR1782731	12.38521961661649
LINC01534	SRR1782732	6.475400644207891
LINC01534	SRR1782733	7.067603066077212
LINC01534	SRR1782734	21.131012155464184
LINC01534	SRR1782735	38.17397196520262
LINC01534	SRR1782736	6.109592458588762
LINC01534	SRR1782737	25.040520371528302
LINC01534	SRR1782738	9.447051091921479
LINC01534	SRR1782739	9.094081119126729
LINC01534	SRR1782740	18.208425500823783
LINC01534	SRR1782741	8.434469249527346
LINC01534	SRR1782742	31
LINC01534	SRR1782743	29.05834773072679
LINC01534	SRR1782744	35.17561213536799
LINC01534	SRR1782745	23.276634255350125
LINC01534	SRR1782746	8.159172608187117
LINC01534	SRR1782747	7.051094943362336
LINC01534	SRR1782748	14.204986510445572
LINC01534	SRR1782749	16.202889466194414
LINC01534	SRR1782750	20.027316121052944
LINC01534	SRR1782751	27.418052994805674
LINC01534	SRR1782752	19.12634398189646
LINC01534	SRR1782753	22.021078457873916
LINC01534	SRR1782754	16.13296452296331
LINC01534	SRR1782755	34.09132459887538
LINC01534	SRR1782756	16.724197048574272
LINC01534	SRR1782757	37.053302002731044
LINC01534	SRR1782758	21.036251290954457
LINC01534	SRR1782759	9.039866656710235
LINC01534	SRR1782760	13.184681239196639
LINC01534	SRR1782761	3.3700527725870133
LINC01534	SRR1782762	5.321381269547373
LINC01534	SRR1782763	27.1476109883143
LINC01534	SRR1782764	59.0679046206538
LINC01534	SRR1782765	33.105600261956155
LINC01534	SRR1782766	22.234890773535014
LINC01534	SRR1782767	17.164192675795473
LINC01534	SRR1782768	27.17435082908998
LINC01534	SRR1782769	29.247517578651447
LINC01534	SRR1782770	47.21832498847978
LINC01534	SRR1782771	21.139303438963573
LINC01534	SRR1782772	34.182532242159795
LINC01534	SRR1782773	58.252805925509115
LINC01534	SRR1782774	31.07914477130739
LINC01534	SRR1782775	18.360551115332814
LINC01534	SRR1782776	15.219101782320738
LINC01534	SRR1782777	47.008458164271744
LINC01534	SRR1782778	46.084258206361
LINC01534	SRR1782779	7.1974549730218325
LINC01534	SRR1782780	13.167685316996058
LINC01534	SRR1782781	8.275998787272277
LINC01534	SRR1782782	12.246340651224273
LINC01534	SRR1782783	10.063318507933232
LINC01534	SRR1782784	19.06356949131121
LINC01534	SRR1782785	19.020524779590627
LINC01534	SRR1782786	6.150516481408263
LINC01534	SRR1782787	30
LINC01534	SRR1782788	33.12246381886605
LINC01534	SRR1782789	14.238273780286784
LINC01534	SRR1782790	17.095095873193202
LINC01534	SRR1782791	19.11257734659193
LINC01534	SRR1782792	6.0410862601228645
LINC01534	SRR1782793	10.369712333325635
LINC01534	SRR1782794	18.12320033380016
LINC01534	SRR1782795	13.275831597002991
LINC01534	SRR1782796	8.636821532905616
LINC01534	SRR1782797	16.405804839957067
LINC01534	SRR1782798	20.38600070656362
LINC01534	SRR1782799	28.0453828161117
LINC01534	SRR1782800	18.031794123293224
LINC01534	SRR1782801	24.133522123325697
LINC01534	SRR1782802	42.309865841492545
LINC01534	SRR1782803	40.146670216078476
LINC01534	SRR1782804	33.08919297110828
LINC01534	SRR1782805	42.07564483443104
LINC01534	SRR1782806	53.14090539517982
LINC01534	SRR1782807	6.2110925534261074
LINC01534	SRR1782808	7.184091089033235
LINC01534	SRR1782809	12.16101529674302
LINC01534	SRR1782810	21.349538593335097
LINC01534	SRR1782811	24.07426597747731
LINC01534	SRR1782812	18.226021050895383
LINC01534	SRR1782813	19.118877240976786
LINC01534	SRR1782814	19.246176808627233
LINC01534	SRR1782815	5.310606674472955
LINC01534	SRR1782816	24.012959519748147
LINC01534	SRR1782817	29.100517425846782
LINC01534	SRR1782818	14.187332177762107
LINC01534	SRR1782819	13.359777548373673
LINC01534	SRR1782820	14.498228535249428
LINC01534	SRR1782821	13.03513662498205
LINC01534	SRR1782822	11.08645396479933
LINC01534	SRR1782823	17.064361805967394
LINC01534	SRR1782824	18.102291845561584
LINC01534	SRR1782825	28.162670060586965
LINC01534	SRR1782826	9.061352315963072
LINC01534	SRR1782827	10.132807415847052
LINC01534	SRR1782828	25
LINC01534	SRR1782829	14
LINC01534	SRR1782830	7.2752834883919775
LINC01534	SRR1782831	2.146800613916077
LINC01534	SRR1782832	8.260617837374225
LINC01534	SRR1782833	4.092228585893908
LINC01534	SRR1782834	20.003599218839042
LINC01534	SRR1782835	8.919837905560946
LINC01534	SRR1782836	46.170450706511254
LINC01534	SRR1782837	8.220962646177162
LINC01534	SRR1782838	16.207710859919494
LINC01534	SRR1782839	12.164703918251556
LINC01534	SRR1782840	13.108234736639208
LINC01534	SRR1782841	7.103960049447581
LINC01534	SRR1782842	33
LINC01534	SRR1782843	14.338082488581774
LINC01534	SRR1782844	35.006298632968324
LINC01534	SRR1782845	20.375925380378792
LINC01534	SRR1782846	11.059636504424589
LINC01534	SRR1782847	3.70121069342926
LINC01534	SRR1782848	7.40150231966364
LINC01534	SRR1782849	2.4807645009329224
LINC01534	SRR1782850	2.5034916459072765
LINC01534	SRR1782851	2.5269394263025196
LINC01534	SRR1782852	1.2639231424855961
LINC01534	SRR1782853	2.5168670642066315
LINC01534	SRR1782854	23.07532347151528
LINC01534	SRR1782855	27.06488962215939
LINC01534	SRR1782856	24.1270443214738
LINC01534	SRR1782857	19.132745976135467
LINC01534	SRR1782858	22.02212077675361
LINC01534	SRR1782859	19.030795482361512
LINC01534	SRR1782860	22.049877609787025
LINC01534	SRR1782861	16.02974564436455
LINC01534	SRR1782862	18.082902372643574
LINC01534	SRR1782863	65.16972383926895
LINC01534	SRR1782864	23.29680562298374
LINC01534	SRR1782865	15.063542745268505
LINC01534	SRR1782866	13.045676994667986
LINC01534	SRR1782867	8.132317110837938
LINC01534	SRR1782868	11.0399967330433
LINC01534	SRR1782869	21.0719208324352
LINC01534	SRR1782870	34.08425830507372
LINC01534	SRR1782871	23.120731006272464
LINC01534	SRR1782872	17.045947894207295
LINC01534	SRR1782873	33.15227829676121
LINC01534	SRR1782874	16.103065818718065
LINC01534	SRR1782875	29.149432827812355
LINC01534	SRR1782876	16.062979632780923
LINC01534	SRR1782877	18.060935839320038
LINC01534	SRR1782878	5.039141220861394
LINC01534	SRR1782879	16.229799863910333
LINC01534	SRR1782880	12.050834196214804
LINC01534	SRR1782881	24.099868454993313
LINC01534	SRR1782882	18.06352935978395
LINC01534	SRR1782883	32.057634159566504
LINC01534	SRR1782884	49.03528186723152
LINC01534	SRR1782885	39
LINC01534	SRR1782886	16.08879235899313
LINC01534	SRR1782887	42.03780540235305
LINC01534	SRR1782888	16.051908108209254
LINC01534	SRR1782889	25.107860621856165
LINC01534	SRR1782890	24.03710430687223
LINC01534	SRR1782891	54.03888205776535
LINC01534	SRR1782892	30.05495100414848
LINC01534	SRR1782893	40.154993359400706
LINC01534	SRR1782894	10.111916788251682
LINC01534	SRR1782895	24.088002129647087
LINC01534	SRR1782896	42.09008493616509
LINC01534	SRR1782897	15.041295892642104
LINC01534	SRR1782898	34.077083578761766
LINC01534	SRR1782899	50.18812866773551
LINC01534	SRR1782900	38.038208614392595
LINC01534	SRR1782901	16.015726060349966
LINC01534	SRR1782902	28
LINC01534	SRR1782903	38.097016171280025
LINC01534	SRR1782904	46
LINC01534	SRR1782905	22.04591020701998
LINC01534	SRR1782906	13.0825332504159
LINC01534	SRR1782907	15.073263299155593
LINC01534	SRR1782908	25.076254337801426
LINC01534	SRR1782909	31.106168847880536
LINC01534	SRR1782910	50
LINC01534	SRR1782911	10.069060376635987
LINC01534	SRR1782912	47.69039614193747
LINC01534	SRR1782913	40
LINC01534	SRR1782914	18.048650711513606
LINC01534	SRR1782915	49
LINC01534	SRR1782916	7.07399079822012
LINC01534	SRR1782917	31.100151184349333
LINC01534	SRR1782918	47.05077182319786
LINC01534	SRR1782919	47
LINC01534	SRR1782920	31.03117018542554
LINC01534	SRR1782921	46.09599406922359
LINC01534	SRR1782922	5.931845613151942
LINC01534	SRR1782923	45.25092713445
LINC01534	SRR1782924	39.199934502605586
LINC01534	SRR1782925	58.2020099919285
LINC01534	SRR1782926	56.411094257954
LINC01534	SRR1782927	43.12207836510471
LINC01534	SRR1782928	54.38696402578976
LINC01534	SRR1782929	28.24147365668228
LINC01534	SRR1782930	33.0936880476385
LINC01534	SRR1782931	25.066730455078023
LINC01534	SRR1782932	22.08210139659165
LINC01534	SRR1782933	10.649351792796356
LINC01534	SRR1782934	43.251613551421556
LINC01534	SRR1782935	29.130359705080725
LINC01534	SRR1782936	7.176630607279313
LINC01534	SRR1782937	19.14927986270889
LINC01534	SRR1782938	3.7723422534445548
LINC01534	SRR1782939	22.104304725466402
LINC01534	SRR1782940	17.04519607015202
LINC01534	SRR1782941	15.117185739198833
LINC01534	SRR1782942	41.161204967920796
LINC01534	SRR1782943	8.036915950729991
LINC01534	SRR1782944	34.04389478275407
LINC01534	SRR1782945	15.078737612786389
LINC01534	SRR1782946	29.0605180001627
LINC01534	SRR1782947	28.05843117257088
LINC01534	SRR1782948	19
LINC01534	SRR1782949	17.041608061410788
LINC01534	SRR1782950	45
LINC01534	SRR1782951	29.095649940296163
LINC01534	SRR1782952	76.47496702760584
LINC01534	SRR1782953	21.040036994551915
LINC01534	SRR1782954	3.3783247718222307
LINC01534	SRR1782955	9.304578308227436
LINC01534	SRR1782956	63.95550346760769
LINC01534	SRR1782957	26.50211111208861
LINC01534	SRR1782958	38.20802822456932
LINC01534	SRR1782959	3.1737497034953797
LINC01534	SRR1782960	56
LINC01534	SRR1782961	42.1527147988926
LINC01534	SRR1782962	23.167785130023116
LINC01534	SRR1782963	14.09648967632034
LINC01534	SRR1782964	40.01439817079379
LINC01534	SRR1782965	39.11932610004809
LINC01534	SRR1782966	49
LINC01534	SRR1782967	23.09247579623685
LINC01534	SRR1782968	48.05018636356297
LINC01534	SRR1782969	7.083848777878919
LINC01534	SRR1782970	14.175106176515577
LINC01534	SRR1782971	17.28554477498692
LINC01534	SRR1782972	38.21288370300099
LINC01534	SRR1782973	18.9227018801955
LINC01534	SRR1782974	45
LINC01534	SRR1782975	5.197356737240148
LINC01534	SRR1782976	25.24488140480449
LINC01534	SRR1782977	23.008278948206428
LINC01534	SRR1782978	18.300614409519614
LINC01534	SRR1782979	13.108978950231
LINC01534	SRR1782980	38.06559757410807
LINC01534	SRR1782981	24.295292561103796
LINC01534	SRR1782982	30.174167900247483
LINC01534	SRR1782983	43.041198804026294
LINC01534	SRR1782984	23.008278948206428
LINC01534	SRR1782985	24.163940181190156
LINC01534	SRR1782986	38.113575716036024
LINC01534	SRR1782987	62.07814522795135
LINC01534	SRR1782988	36
LINC01534	SRR1782989	13.560273337855696
LINC01534	SRR1782990	15.201177848614611
LINC01534	SRR1782991	43.177749961038245
LINC01534	SRR1782992	8.019580264193312
LINC01534	SRR1782993	21.436403312377532
LINC01534	SRR1782994	50
LINC01534	SRR1782995	23.190934063482167
LINC01534	SRR1782996	32
LINC01534	SRR1782997	36.16182584078987
LINC01534	SRR1782998	26.0945377326478
LINC01534	SRR1782999	13.277057613433854
LINC01534	SRR1783000	33.12868921575872
LINC01534	SRR1783001	9.14718419498187
LINC01534	SRR1783002	6.339913992934763
LINC01534	SRR1783003	31
LINC01534	SRR1783004	38.174460252760426
LINC01534	SRR1783005	7.111178370286578
LINC01534	SRR1783006	10.237799351824243
LINC01534	SRR1813867	13.627248688886043
LINC01534	SRR1813868	31.584868871805945
LINC01534	SRR1813869	28.282516402519896
LINC01534	SRR1813870	39.38720896542572
LINC01534	SRR1813871	21.925523890331682
LINC01534	SRR1813872	29.24525691198126
LINC01534	SRR1813873	33.234440288398766
LINC01534	SRR1813874	24.244281664371286
LINC01534	SRR1813875	42
LINC01534	SRR1813876	21.112008632111372
LINC01534	SRR1813877	32.56291598885007
LINC01534	SRR1813878	25.01800095266914
LINC01534	SRR1813879	30
LINC01534	SRR1813880	63
LINC01534	SRR1813881	18.355628755196427
LINC01534	SRR1813882	55.85723631006452
LINC01534	SRR1813883	23.01898374860787
LINC01534	SRR1813884	36.45965756377217
LINC01534	SRR1813885	19
LINC01534	SRR1813886	14.017645696634178
LINC01534	SRR1813887	16.168581045799964
LINC01534	SRR1928188	41.33531441256922
LINC01534	SRR1928189	31.226700088076004
LINC01534	SRR1928190	22.19349388907725
LINC01534	SRR1928191	42.47554598688846
LINC01534	SRR1928192	27.348269504530275
LINC01534	SRR1928193	44.67602640220698
LINC01534	SRR2046996	86.73858730913969
LINC01534	SRR2046997	48.53353803715259
LINC01534	SRR2046998	29.587052488981197
LINC01534	SRR2046999	101.77555297837941
LINC01534	SRR2047000	77.82376718179098
LINC01534	SRR2047001	80.75519765878613
LINC01534	SRR2047002	27.508754816963158
LINC01534	SRR2047003	30.71339805547273
LINC01534	SRR2047004	104.82672628210254
LINC01534	SRR2047005	96.78185494755547
LINC01534	SRR2047006	41.62376711878499
LINC01534	SRR2047007	9.236556424612356
LINC01534	SRR2047008	64.80111616263395
LINC01534	SRR2047009	42.77743509915993
LINC01534	SRR2313973	23.291737673655437
LINC01534	SRR2313974	10.07407242569519
LINC01534	SRR2313975	11.112729603347084
LINC01534	SRR2313976	2.0293311252435475
LINC01534	SRR2313977	9.078227577991363
LINC01534	SRR2313978	12.315845069423988
LINC01534	SRR2313979	13.134569872795993
LINC01534	SRR2313980	26.151745146164433
LINC01534	SRR2313981	18.064520297663904
LINC01534	SRR2313982	14.184108098207538
LINC01534	SRR2313983	13.218221559364268
LINC01534	SRR2313984	29.158325709007546
LINC01534	SRR2313985	10.189547489838953
LINC01534	SRR2313986	14.086639680274475
LINC01534	SRR2313987	20.06666108425865
LINC01534	SRR2313988	10.090381299656352
LINC01534	SRR2313989	23.243559797311143
LINC01534	SRR2313990	9.139154339061381
LINC01534	SRR2313991	4.066040299203976
LINC01534	SRR2313992	13.190920506714416
LINC01534	SRR2313993	15.155509326594938
LINC01534	SRR2313994	12.255527386936642
LINC01534	SRR2313995	20.082674400482905
LINC01534	SRR2313996	12.054424335436115
LINC01534	SRR2313997	14.170676328258146
LINC01534	SRR2313998	9.21684566483571
LINC01534	SRR2313999	8.074360740925847
LINC01534	SRR2314000	6.051228275599245
LINC01534	SRR2314001	10.137250295317555
LINC01534	SRR2314002	6.0645366570358
LINC01534	SRR2314003	13.28205375847683
LINC01534	SRR2314004	15.119030382409397
LINC01534	SRR2314005	18.171062396022272
LINC01534	SRR2314006	16.300593632054586
LINC01534	SRR2314007	13.07823454954715
LINC01534	SRR2314008	23.030323449959205
LINC01534	SRR2314009	14.115120162036844
LINC01534	SRR2314010	18.1183411011932
LINC01534	SRR2314011	21.148253611572553
LINC01534	SRR2314012	25.181363871373488
LINC01534	SRR2314013	18.208001908576666
LINC01534	SRR2314014	15.17162689325889
LINC01534	SRR2314015	21.163117031872417
LINC01534	SRR2314016	24.07753640078658
LINC01534	SRR2314017	6.115883895738891
LINC01534	SRR2314018	10.37183848807375
LINC01534	SRR2314019	25.084513618911505
LINC01534	SRR2314020	6.099381783458286
LINC01534	SRR2314021	16.08054925339776
LINC01534	SRR2314022	23.280971384116285
LINC01534	SRR2314023	19.184677029192045
LINC01534	SRR2314024	9.116521324725358
LINC01534	SRR2314025	33.160272240706085
LINC01534	SRR2314026	13.285129798740348
LINC01534	SRR2314027	15.110760304440133
LINC01534	SRR2314028	14.040130467078713
LINC01534	SRR2314029	35.08197070057267
LINC01534	SRR2314030	28.13231747827052
LINC01534	SRR2314031	30.51830722514588
LINC01534	SRR2314032	5.086436921397665
LINC01534	SRR2314033	13.312857474408114
LINC01534	SRR2314034	7.205308504515459
LINC01534	SRR2314035	5.23428088992687
LINC01534	SRR2314036	14.241924936579242
LINC01534	SRR2314037	8.106560567919363
LINC01534	SRR2314038	17.097418195297234
LINC01534	SRR2314039	19.204742319782202
LINC01534	SRR2314040	6.234966225451089
LINC01534	SRR2314041	23.17275445585469
LINC01534	SRR2314042	28.114024816729458
LINC01534	SRR2314043	13.115660333987734
LINC01534	SRR2314044	16.067830746206166
LINC01534	SRR2314045	16.119859665484448
LINC01534	SRR3493774	58
LINC01534	SRR3493775	49
LINC01534	SRR3493776	40.43811609246288
LINC01534	SRR3493777	39.0251668288136
LINC01534	SRR3493778	45
LINC01534	SRR3493779	40.133994589846374
LINC01534	SRR3493780	11.54795674308081
LINC01534	SRR3493781	36
LINC01534	SRR3493782	30.247974312581956
LINC01534	SRR3493783	47.12143450088564
LINC01534	SRR3493784	16.33073079683158
LINC01534	SRR3493785	27.022285270104888
LINC01534	SRR3493786	11.447318304811711
LINC01534	SRR3493787	46
LINC01534	SRR3493788	21
LINC01534	SRR3493789	20.364297480194775
LINC01534	SRR3493790	31
LINC01534	SRR3493791	25.036014866710165
LINC01534	SRR3493792	33.02376125752327
LINC01534	SRR3493793	38.363387144828145
LINC01534	SRR3493794	36.111398966215965
LINC01534	SRR3493795	53.19108507730086
LINC01534	SRR3493796	23.186685199949572
LINC01534	SRR3493797	49
LINC01534	SRR3493798	49.53844749538136
LINC01534	SRR3493799	50
LINC01534	SRR3493800	46.328205844463106
LINC01534	SRR3493801	23.205434235025315
LINC01534	SRR3493802	30
LINC01534	SRR3493803	70
LINC01534	SRR3493804	63.04536240072624
LINC01534	SRR3493805	38.088996760621754
LINC01534	SRR3493806	49
LINC01534	SRR3493807	42
LINC01534	SRR3493808	40.07748637706047
LINC01534	SRR3493809	67.2164557855292
LINC01534	SRR3493810	26
LINC01534	SRR3493811	28
LINC01534	SRR3493812	25.01800095266914
LINC01534	SRR3493813	38.06844056448523
LINC01534	SRR3493814	33
LINC01534	SRR3493815	31.082439075332694
LINC01534	SRR3493816	44
LINC01534	SRR3493817	29.081442680525168
LINC01534	SRR3493818	32.11044420380297
LINC01534	SRR3493819	31
LINC01534	SRR3493820	8.974994077099215
LINC01534	SRR3493821	39.448544298424295
LINC01534	SRR3493822	31
LINC01534	SRR3493823	48.781644431007635
LINC01534	SRR3493824	59.14718445258009
LINC01534	SRR3493825	19.024529437421393
LINC01534	SRR3493826	27.019441028882675
LINC01534	SRR3493827	29
LINC01534	SRR3493828	55
LINC01534	SRR3493829	40.093680800654475
LINC01534	SRR3493830	47.818481981029414
LINC01534	SRR3493831	17.075087407224753
LINC01534	SRR3493832	37.00665855485222
LINC01534	SRR3493833	72.57837734250292
LINC01534	SRR3493834	39
LINC01534	SRR3493835	33.166688523371874
LINC01534	SRR3493836	73
LINC01534	SRR3493837	39.0251668288136
LINC01534	SRR3493838	22
LINC01534	SRR3493839	44.359093394655496
LINC01534	SRR3493840	55.03354550369175
LINC01534	SRR3493841	70.1513169040761
LINC01534	SRR3493846	14.318589263340845
LINC01534	SRR3493847	11.40289228220519
LINC01534	SRR3493848	43.00773832050394
LINC01534	SRR3493849	68.72924393836716
LINC01534	SRR3493850	79
LINC01534	SRR3714631	40
LINC01534	SRR3714632	53.29323177764369
LINC01534	SRR3714633	15.17057246427582
LINC01534	SRR3714634	21.131390634763815
LINC01534	SRR3714635	44
LINC01534	SRR3714636	92
LINC01534	SRR3714637	73
LINC01534	SRR3714638	43
LINC01534	SRR3714639	72.49192059162593
LINC01534	SRR3714640	44.46630446389489
LINC01534	SRR3714641	41.03329776437012
LINC01534	SRR3714642	44.49350260351296
LINC01534	SRR3714643	48.168364017110605
LINC01534	SRR3714644	31.85958378898579
LINC01534	SRR3714645	28.175486104255388
LINC01534	SRR3714646	29.00521886731661
LINC01534	SRR3714648	64.00411675941251
LINC01534	SRR3714649	63.69717520132569
LINC01534	SRR3714650	23.153235976357767
LINC01534	SRR3714651	43.531076556578476
LINC01534	SRR3714652	29.92230716447743
LINC01534	SRR3714653	50
LINC01534	SRR3714654	37
LINC01534	SRR3714655	27.014579459716668
LINC01534	SRR3714656	23.762253855716697
LINC01534	SRR3714657	38.03076178164736
LINC01534	SRR3714658	49.604195067322955
LINC01534	SRR3714659	67.25192983896792
LINC01534	SRR3714660	24
LINC01534	SRR3714661	19
LINC01534	SRR3714662	21.226517832409485
LINC01534	SRR3714663	39.02105921959074
LINC01534	SRR3714664	63.09373161793903
LINC01534	SRR3714665	35
LINC01534	SRR3714666	43
LINC01534	SRR3714667	48.6197140987936
LINC01534	SRR3714668	25
LINC01534	SRR3714669	34.38856812997755
LINC01534	SRR3714670	24.3162939510121
LINC01534	SRR3714671	41.04122508394991
LINC01534	SRR3714672	59.14802148918833
LINC01534	SRR3714673	66.26986300413705
LINC01534	SRR3714674	45.644632353394144
LINC01534	SRR3714675	59.49428182652698
LINC01534	SRR3714676	47
LINC01534	SRR3714677	46.100846431875006
LINC01534	SRR3714678	73.4772933665455
LINC01534	SRR3714679	29.039608375526768
LINC01534	SRR3714680	28.039866851468364
LINC01534	SRR3714681	44.14335746771913
LINC01534	SRR3714682	76.79073019859202
LINC01534	SRR3714683	36.06882791933273
LINC01534	SRR3714684	60.125099639466725
LINC01534	SRR3714685	57.090407346945966
LINC01534	SRR3714686	33.444727206136406
LINC01534	SRR3714688	30.21645560727055
LINC01534	SRR3714689	95.64262080307039
LINC01534	SRR3714690	55.80345867808844
LINC01534	SRR3714691	62
LINC01534	SRR3714692	61.11755435987997
LINC01534	SRR3714693	62.561879393570486
LINC01534	SRR3714694	39.0488672231907
LINC01534	SRR3714695	102.87690424092742
LINC01534	SRR3714696	72
LINC01534	SRR3714697	26.232477670675745
LINC01534	SRR3714698	11.142008918180375
LINC01534	SRR3714699	57.463722056951916
LINC01534	SRR3714700	27.430785110956865
LINC01534	SRR3714701	33.46322289721713
LINC01534	SRR3714702	72.1964763420012
LINC01534	SRR3714703	27.02430347294125
LINC01534	SRR3714704	53.4664938865409
LINC01534	SRR3714705	51.02013395072337
LINC01534	SRR3714706	6.2091750973012125
LINC01534	SRR3714707	37.017214569405425
LINC01534	SRR3714708	21.482709892349533
LINC01534	SRR3714709	49.64912841855054
LINC01534	SRR3714710	66.47304869136937
LINC01534	SRR3714711	90.50978898907114
LINC01534	SRR3714712	38
LINC01534	SRR3714713	50
LINC01534	SRR3714714	34
LINC01534	SRR3714715	39.1793088226765
LINC01534	SRR3714716	41
LINC01534	SRR3714717	57
LINC01534	SRR3714718	25
LINC01534	SRR3714719	55.58377703290349
LINC01534	SRR3714720	30.787258659725243
LINC01534	SRR3714721	33.12365799018558
LINC01534	SRR3714723	63.842241801619814
LINC01534	SRR3714724	38.105397030755896
LINC01534	SRR3714725	16.1966214763741
LINC01534	SRR3714726	24.823596104831818
LINC01534	SRR3714727	33.76535933804375
LINC01534	SRR3714728	22.177590250069834
LINC01534	SRR3714729	21.541995420873242
LINC01534	SRR3714730	28.894910278643323
LINC01534	SRR3714731	58.01043773463322
LINC01534	SRR3714732	32.58999461672573
LINC01534	SRR3714734	84.08578159702053
LINC01534	SRR3714735	67.04057953731707
LINC01534	SRR3714736	71.83943800572247
LINC01534	SRR3714737	39
LINC01534	SRR3714738	40.602199371543925
LINC01534	SRR3714739	28.407718591126706
LINC01534	SRR3714740	29.357239560192298
LINC01534	SRR3714741	19.018204122709292
LINC01534	SRR3714744	76.22015315096915
LINC01534	SRR3714745	9.362206326186714
LINC01534	SRR3714746	29.242315604878943
LINC01534	SRR3714747	59.648033581501444
LINC01534	SRR3714748	48.1731870296326
LINC01534	SRR3714749	15.308663536412137
LINC01534	SRR3714750	42.27980374759207
LINC01534	SRR3714751	23.01898374860787
LINC01534	SRR3714752	51
LINC01534	SRR3714753	12.090783720878504
LINC01534	SRR3714754	31
LINC01534	SRR3714755	36.52638168347093
LINC01534	SRR3714756	14.299876439231525
LINC01534	SRR3714757	36.28482506985998
LINC01534	SRR3714758	38.58655310711368
LINC01534	SRR3714759	43.99066372747123
LINC01534	SRR3714760	43.02774804202525
LINC01534	SRR3714761	28.003491954086176
LINC01534	SRR3714762	40.9032964451069
LINC01534	SRR3714764	42
LINC01534	SRR3714765	45.208562288022044
LINC01534	SRR3714766	63
LINC01534	SRR3714767	37.345057680530175
LINC01534	SRR3714768	39
LINC01534	SRR5176628	23.156599906167088
LINC01534	SRR5176629	30.170486409269305
LINC01534	SRR5176630	28.06215233456908
LINC01534	SRR5176631	23.219775036741837
LINC01534	SRR5176632	36.101101258582965
LINC01534	SRR5176633	19.121474488254623
LINC01534	SRR5176634	10.395854398178583
LINC01534	SRR5176635	17.10357248397995
LINC01534	SRR5176636	16.415126830151387
LINC01534	SRR5176637	7.2067449417459315
LINC01534	SRR5176638	3.367417394937783
LINC01534	SRR5176639	70
LINC01534	SRR5176640	5.219912573562423
LINC01534	SRR5176641	13.189377062575943
LINC01534	SRR5176642	18.03431742390164
LINC01534	SRR5176643	28.048335054605943
LINC01534	SRR5176644	47.008458164271744
LINC01534	SRR5176645	8.305063240401257
LINC01534	SRR5176646	17.31203422182643
LINC01534	SRR5176647	29.16787360492327
LINC01534	SRR5176648	13.036508787821626
LINC01534	SRR5176649	10.066452728062618
LINC01534	SRR5176650	8.19040600558767
LINC01534	SRR5176651	63.99951429048766
LINC01534	SRR5176652	24.13212412647891
LINC01534	SRR5176653	50.133460910156046
LINC01534	SRR5176654	42.3391749862091
LINC01534	SRR5176655	54.06402411413765
LINC01534	SRR5176656	6.418127104979833
LINC01534	SRR5176657	15.117461502517237
LINC01534	SRR5176658	26.042141186389436
LINC01534	SRR5176659	46.098664453895104
LINC01534	SRR5176660	19.021373366035228
LINC01534	SRR5176661	38.20400662359036
LINC01534	SRR5176662	58.0429650366195
LINC01534	SRR5176663	38.238395143635685
LINC01534	SRR5176664	19
LINC01534	SRR5176665	18.15670612647119
LINC01534	SRR5176666	39.14796628670553
LINC01534	SRR5176667	8.627461021591369
LINC01534	SRR5176668	31.134041113568887
LINC01534	SRR5176669	32.301631603389204
LINC01534	SRR5176670	29.185408429441267
LINC01534	SRR5176671	38.067802750291506
LINC01534	SRR5176672	19.10401411228466
LINC01534	SRR5176673	36.17103484719349
LINC01534	SRR5176674	64.14705990305045
LINC01534	SRR5176675	52.21725652171769
LINC01534	SRR5176676	15.273231822561192
LINC01534	SRR5176677	15.0216089200261
LINC01534	SRR5176678	12.265576767650042
LINC01534	SRR5176679	5.0442180350247945
LINC01534	SRR5176680	30.084251048819137
LINC01534	SRR5176681	55.059413835657075
LINC01534	SRR5176682	22.21370870155548
LINC01534	SRR5176683	40.17980648976652
LINC01534	SRR5176684	34.089349770499794
LINC01534	SRR5176685	65.19118857087534
LINC01534	SRR5176686	32.136352997717616
LINC01534	SRR5176687	15.06630218265223
LINC01534	SRR5176688	14.182795160877824
LINC01534	SRR5176689	8.058640627175823
LINC01534	SRR5176690	6.150471492718065
LINC01534	SRR5176691	29.026103730196155
LINC01534	SRR5176692	23.22236227874503
LINC01534	SRR5176693	18.130587299073063
LINC01534	SRR5176694	58
LINC01534	SRR5176695	18.24889672601382
LINC01534	SRR5176696	3.3828203659331524
LINC01534	SRR5176697	18.48796743617628
LINC01534	SRR5176698	2.328955541935926
LINC01534	SRR5176699	15.363683566311908
LINC01534	SRR5176700	4.354988211879502
LINC01534	SRR5176701	8.271423234977034
LINC01534	SRR5176702	17
LINC01534	SRR5176703	18.400296491756183
LINC01534	SRR5176704	25.108968071340136
LINC01534	SRR5176705	24.04894555873494
LINC01534	SRR5176706	6.161238738923578
LINC01534	SRR5176707	14.270616807277248
LINC01534	SRR5176708	15.142503162741383
LINC01534	SRR5176709	58.275556142700616
LINC01534	SRR5176710	30
LINC01534	SRR5176711	32.06087767697299
LINC01534	SRR5176712	11.136938251005683
LINC01534	SRR5176713	15.129872299796848
LINC01534	SRR5176714	3.179321259144203
LINC01534	SRR5176715	42.05293708990253
LINC01534	SRR5176716	19.03732673396625
LINC01534	SRR5176717	9.057850177809268
LINC01534	SRR5176718	19.162808807125092
LINC01534	SRR5176719	29.06752530595999
LINC01534	SRR5176720	36
LINC01534	SRR5176721	50
LINC01534	SRR5176722	8.15516060093976
LINC01534	SRR5176723	23.214648061079895
LINC01534	SRR5176724	28.148873217200393
LINC01534	SRR5176725	19.230467368022733
LINC01534	SRR5176726	26
LINC01534	SRR5176727	29.016546648329633
LINC01534	SRR5176728	4.097499733384523
LINC01534	SRR5176729	25.04679481477435
LINC01534	SRR5176730	27.17224604851226
LINC01534	SRR5176731	41.18611819601254
LINC01534	SRR5176732	56
LINC01534	SRR5176733	21.04661425092681
LINC01534	SRR5176734	6.483886675354655
LINC01534	SRR5176735	22.051226094176542
LINC01534	SRR5176736	16.030994550824186
LINC01534	SRR5176737	38.11009083220185
LINC01534	SRR5176738	6.063838366619325
LINC01534	SRR5176739	6.0468547948239415
LINC01534	SRR5176740	28.114024816729458
LINC01534	SRR5176741	7.286193130495574
LINC01534	SRR5176742	7.072042832184483
LINC01534	SRR5176743	7.080240121436587
LINC01534	SRR5176744	7.092145956749976
LINC01534	SRR5176745	24.212458815051367
LINC01534	SRR5176746	28.06215233456908
LINC01534	SRR5176747	32
LINC01534	SRR5176748	43.054197496804974
LINC01534	SRR5176749	15.242519234569805
LINC01534	SRR5176750	23.36590559445614
LINC01534	SRR5176751	25.08902785161077
LINC01534	SRR5176752	43.19231631051656
LINC01534	SRR5176753	34.08877862361761
LINC01534	SRR5176754	15.078276555585608
LINC01534	SRR5176755	23.010700948549317
LINC01534	SRR5176756	7.198670265470645
LINC01534	SRR5176757	8.443599970862572
LINC01534	SRR5176758	20.218810351697524
LINC01534	SRR5176759	14.376654460675583
LINC01534	SRR5176760	14.07960573032301
LINC01534	SRR5176761	16.09288954679866
LINC01534	SRR5176762	2.1480636393565242
LINC01534	SRR5176763	13.096612133579338
LINC01534	SRR5176764	35.025201333736796
LINC01534	SRR5176765	20.03302884002545
LINC01534	SRR5176766	17.047742260997513
LINC01534	SRR5176767	16.016087837638988
LINC01534	SRR5176768	23.34192834023369
LINC01534	SRR5176769	18.051898763696617
LINC01534	SRR5176770	22.05055184167359
LINC01534	SRR5176771	15.03619174966536
LINC01534	SRR5176772	18.11157132357255
LINC01534	SRR5176773	14.10362889087868
LINC01534	SRR5176774	38.231792140766046
LINC01534	SRR5176775	13.120262514562953
LINC01534	SRR5176776	23.186685199949572
LINC01534	SRR5176777	29.283666230739676
LINC01534	SRR5176778	47.26192703378474
LINC01534	SRR5176779	24.120901668751934
LINC01534	SRR5176780	17.05081018875296
LINC01534	SRR5176781	30.185543804999575
LINC01534	SRR5176782	7.056063768744148
LINC01534	SRR5176783	11.0997230268567
LINC01534	SRR5176784	20.080773397802915
LINC01534	SRR5176785	20.034525039004244
LINC01534	SRR5176786	14
LINC01534	SRR5176787	9.067476889559556
LINC01534	SRR5176788	10.264449971198472
LINC01534	SRR5176789	14.195293666513807
LINC01534	SRR5176790	43.40087607389558
LINC01534	SRR5176791	19.164809461390536
LINC01534	SRR5176792	39
LINC01534	SRR5176793	11.097725869655672
LINC01534	SRR5176794	12.053573377831194
LINC01534	SRR5176795	26.107476720627776
LINC01534	SRR5176796	22.48924226666019
LINC01534	SRR5176797	16.11049660261758
LINC01534	SRR5176798	38.19802125242334
LINC01534	SRR5176799	42
LINC01534	SRR5176800	19.14733165644515
LINC01534	SRR5176801	14.236066826901224
LINC01534	SRR5176802	8.110676119584415
LINC01534	SRR5176803	17.06847650211319
LINC01534	SRR5176804	20.4225288153522
LINC01534	SRR5176805	26.099233730237966
LINC01534	SRR5176806	7.205321222597995
LINC01534	SRR5176807	24.01548727926991
LINC01534	SRR5176808	20.007199085396895
LINC01534	SRR5176809	34.04898021872582
LINC01534	SRR5176810	45
LINC01534	SRR5176811	49
LINC01534	SRR5176812	31.03348779827944
LINC01534	SRR5176813	38.04104955918125
LINC01534	SRR5176814	46
LINC01534	SRR5176815	20.27534134478128
LINC01534	SRR5176816	23.322553416199217
LINC01534	SRR5176817	33.16995408281383
LINC01534	SRR5176818	29.070978457700754
LINC01534	SRR5176819	18.945451940386913
LINC01534	SRR5176820	8.17649839468251
LINC01534	SRR5176821	7.062737348549245
LINC01534	SRR5176822	19.547819702827056
LINC01534	SRR5176823	13.048493530812628
LINC01534	SRR5176824	35.19530943976528
LINC01534	SRR5176825	22.02376553426283
LINC01534	SRR5176826	10.080601963585892
LINC01534	SRR5176827	31.11599319190255
LINC01534	SRR5176828	18.07085208687854
LINC01534	SRR5176829	17.04519607015202
LINC01534	SRR5176830	23.008278948206428
LINC01534	SRR5176831	22.1118017869523
LINC01534	SRR5176832	16.15715207622603
LINC01534	SRR5176833	31.176077881648343
LINC01534	SRR5176834	29.110251816490177
LINC01534	SRR5176835	34.1185296809273
LINC01534	SRR5176836	40.033015214970206
LINC01534	SRR5176837	6.3051918797230755
LINC01534	SRR5176838	14.345221141545835
LINC01534	SRR5176839	11.442758558945526
LINC01534	SRR5176840	30.013957758977373
LINC01534	SRR5176841	10.134982253253716
LINC01534	SRR5176842	34.20865376576683
LINC01534	SRR5176843	27.20563460885824
LINC01534	SRR5176844	31.08938120414417
LINC01534	SRR5176845	14.201710846054182
LINC01534	SRR5176846	24.106409640004074
LINC01534	SRR5176847	9.17830969127825
LINC01534	SRR5176848	15.126273724244752
LINC01534	SRR5176849	17.326845216074684
LINC01534	SRR5176850	13.175260382457752
LINC01534	SRR5176851	43.044958617358496
LINC01534	SRR5176852	26.570423189435235
LINC01534	SRR5176853	35.085663655845735
LINC01534	SRR5176854	11.510469655524274
LINC01534	SRR5176855	46.104289547736506
LINC01534	SRR5176856	33.52033892756198
LINC01534	SRR5176857	25.08665295331619
LINC01534	SRR5176858	13.088981853510134
LINC01534	SRR5176859	18.031623881658543
LINC01534	SRR5176860	54
LINC01534	SRR5176861	21.040036994551915
LINC01534	SRR5176862	15.086560958324055
LINC01534	SRR5176863	42.102796387014884
LINC01534	SRR5176864	9.043229808357774
LINC01534	SRR5176865	30.057195706502736
LINC01534	SRR5176866	40
LINC01534	SRR5176867	50.210273842252626
LINC01534	SRR5176868	9.311347873704168
LINC01534	SRR5176869	27.066083391652427
LINC01534	SRR5176870	29.130359705080725
LINC01534	SRR5176871	24.081325446784085
LINC01534	SRR5176872	7.133032548002387
LINC01534	SRR5861974	14.182607148629252
LINC01534	SRR5861975	13.117301045294594
LINC01534	SRR5861976	7.27971040266448
LINC01534	SRR5861977	33
LINC01534	SRR5861978	33.159258310847434
LINC01534	SRR5861979	6.0558720182463395
LINC01534	SRR5861980	57
LINC01534	SRR5861981	20.395631842783832
LINC01534	SRR5861982	7.399975877459769
LINC01534	SRR5861983	25.040520371528302
LINC01534	SRR5861984	5.040072847405549
LINC01534	SRR5861985	7.118093345438936
LINC01534	SRR5861986	46.09114221730951
LINC01534	SRR5861987	23.28846161764377
LINC01534	SRR5861988	9.153579726971788
LINC01534	SRR5861989	20.24649655071217
LINC01534	SRR5861990	34.101480958141146
LINC01534	SRR5861991	32
LINC01534	SRR5861992	36
LINC01534	SRR5861993	26.096049413976697
LINC01534	SRR5861994	66
LINC01534	SRR5861995	23.199410492190175
LINC01534	SRR5861996	43.17761071503682
LINC01534	SRR5861997	14.354749076322735
LINC01534	SRR5861998	38.21658974808674
LINC01534	SRR5861999	12.320911735672775
LINC01534	SRR5862000	35.01259839944456
LINC01534	SRR5862001	46
LINC01534	SRR5862002	43.04645081696826
LINC01534	SRR5862003	17.04101731628741
LINC01534	SRR5862004	20.11019923415182
LINC01534	SRR5862005	35.18372109650157
LINC01534	SRR5862006	18.067350885620836
LINC01534	SRR5862007	23.192890502570343
LINC01534	SRR5862008	50.19918730710914
LINC01534	SRR5862009	26.09179114185609
LINC01534	SRR5862010	18.9227018801955
LINC01534	SRR5862011	8.284099172063943
LINC01534	SRR5862012	14.097741491035412
LINC01534	SRR5862013	18.37171265531779
LINC01534	SRR5862014	18.08738850020351
LINC01534	SRR5862015	30
LINC01534	SRR5862016	31.129097144088135
LINC01534	SRR5862017	19.15564877224736
LINC01534	SRR5862018	16.063688133547807
LINC01534	SRR5862019	13.1025394851254
LINC01534	SRR5862020	36.12109441353149
LINC01534	SRR5862021	19.113055103583136
LINC01534	SRR5862022	38.18274861786956
LINC01534	SRR5862023	23.172113745662045
LINC01534	SRR5862024	13.034918228981764
LINC01534	SRR5862025	45
LINC01534	SRR5862026	18.138084712529857
LINC01534	SRR5862027	40.021599199580244
LINC01534	SRR5862028	3.378761069489482
LINC01534	SRR5862029	26.52637492429808
LINC01534	SRR5862030	17.046469118034953
LINC01534	SRR5862031	9.062154338972388
LINC01534	SRR5862032	2.1466323358189947
LINC01534	SRR5862033	20.029972181444105
LINC01534	SRR5862034	3.7365484874978576
LINC01534	SRR5862035	16.105256913003732
LINC01534	SRR5862036	8.138748313812604
LINC01534	SRR5862037	8.43437165877803
LINC01534	SRR5862038	6.47456703772601
LINC01534	SRR5862039	19.032798787054034
LINC01534	SRR5862040	31.199048567338565
LINC01534	SRR5862041	23.12277065486675
LINC01534	SRR5862042	43.37891938950208
LINC01534	SRR5862043	49
LINC01534	SRR5862044	20.027316121052944
LINC01534	SRR5862045	15.062417784370822
LINC01534	SRR5862046	7.054493720021477
LINC01534	SRR5862047	16.139273207712325
LINC01534	SRR5862048	2.4941467585371466
LINC01534	SRR5862049	15.231478801523455
LINC01534	SRR5862050	21.068773604426994
LINC01534	SRR5862051	38.177562300257435
LINC01534	SRR5862052	23.079476128463064
LINC01534	SRR5862053	65.17081573772019
LINC01534	SRR5862054	19.494303990628367
LINC01534	SRR5862055	6.135827532032615
LINC01534	SRR5862056	8.26119093602698
LINC01534	SRR5862057	19.14546363029313
LINC01534	SRR5862058	22.049877609787025
LINC01534	SRR5862059	14.386684630810032
LINC01534	SRR5862060	6.054498884669181
LINC01534	SRR5862061	13.0462944828376
LINC01534	SRR5862062	24.012959519748147
LINC01534	SRR5862063	13.155316901169009
LINC01534	SRR5862064	11.02130875369163
LINC01534	SRR5862065	34.08562232810616
LINC01534	SRR5862066	23.207556199073803
LINC01534	SRR5862067	3.702089317441633
LINC01534	SRR5862068	20.094404921287047
LINC01534	SRR5862069	29.06168097738028
LINC01534	SRR5862070	14.185855288692055
LINC01534	SRR5862071	2.5034916459072765
LINC01534	SRR5862072	2.5269225883172357
LINC01534	SRR5862073	16.02974564436455
LINC01534	SRR5862074	19.09553466801773
LINC01534	SRR5862075	8.054265496280122
LINC01534	SRR5862076	2.48134123863581
LINC01534	SRR5862077	20.078481578881103
LINC01534	SRR5862078	8.619513040223973
LINC01534	SRR5862079	7.0707186591292945
LINC01534	SRR5862080	8.14660976936827
LINC01534	SRR5862081	18.03107253510382
LINC01534	SRR5862082	28.10506588925401
LINC01534	SRR5862083	49
LINC01534	SRR5862084	19.12952155592204
LINC01534	SRR5862085	70
LINC01534	SRR5862086	16.395764519562167
LINC01534	SRR5862087	7.0822753780475
LINC01534	SRR5862088	3.365163946440384
LINC01534	SRR5862089	14.17154295147283
LINC01534	SRR5862090	38.06495980754697
LINC01534	SRR5862091	10.138010382273869
LINC01534	SRR5862092	8.164193722597094
LINC01534	SRR5862093	20.003599218839042
LINC01534	SRR5862094	15.074185121063985
LINC01534	SRR5862095	4.349326159834714
LINC01534	SRR5862096	22.04755674128106
LINC01534	SRR5862097	15.078737612786389
LINC01534	SRR5862098	47.69039614193747
LINC01534	SRR5862099	8.179020498578218
LINC01534	SRR5862100	30.078838032793936
LINC01534	SRR5862101	3.174447028155748
LINC01534	SRR5862102	18.104078417977444
LINC01534	SRR5862103	4.093214251145866
LINC01534	SRR5862104	40.16534880096581
LINC01534	SRR5862105	11.121071237174302
LINC01534	SRR5862106	24.10207220838646
LINC01534	SRR5862107	14
LINC01534	SRR5862108	18.123258780368595
LINC01534	SRR5862109	18.03241921475616
LINC01534	SRR5862110	15.118644540478899
LINC01534	SRR5862111	14.203672164627994
LINC01534	SRR5862112	17.063087421840088
LINC01534	SRR5862113	22.190832007925884
LINC01534	SRR5862114	24.111414406088812
LINC01534	SRR5862115	13.085864861297747
LINC01534	SRR5862116	6.152914223084641
LINC01534	SRR5862117	24.07819498239225
LINC01534	SRR5862118	11.090908211550003
LINC01534	SRR5862119	41.16696491021099
LINC01534	SRR5862120	16.01440205803926
LINC01534	SRR5862121	26.037455461378574
LINC01534	SRR5862122	28.05710315185743
LINC01534	SRR5862123	42.09522089141159
LINC01534	SRR5862124	25.07923333619937
LINC01534	SRR5862125	58
LINC01534	SRR5862126	22.019802829803982
LINC01534	SRR5862127	32.11875279405193
LINC01534	SRR5862128	29.107132038666315
LINC01534	SRR5862129	15.096373173552672
LINC01534	SRR5862130	28.172693939434037
LINC01534	SRR5862131	15.034007461218426
LINC01534	SRR5862132	38.03420488784324
LINC01534	SRR5862133	31.027903987451065
LINC01534	SRR5862134	23.004139101664897
LINC01534	SRR5862135	8.099966829732518
LINC01534	SRR5862136	30.01079862809534
LINC01534	SRR5862137	46.099436822678584
LINC01534	SRR5862138	30.052990205488708
LINC01534	SRR5862139	34.04493576265481
LINC01534	SRR5862140	19.06164087849849
LINC01534	SRR5862141	15.064255744635382
LINC01534	SRR5862142	17.04566229943769
LINC01534	SRR5862143	23.008278948206428
LINC01534	SRR5862144	23.128346203274326
LINC01534	SRR5862145	24.078598405059424
LINC01534	SRR5862146	13.1738541812565
LINC01534	SRR5862147	10.07162457352956
LINC01534	SRR5862148	50
LINC01534	SRR5862149	17.096664101106512
LINC01534	SRR5862150	19.0456630674455
LINC01534	SRR5862151	18.216838379426473
LINC01534	SRR5862152	16.38215517138629
LINC01534	SRR5862153	22.447584838732375
LINC01534	SRR5862154	56
LINC01534	SRR5862155	23.142883249660187
LINC01534	SRR5862156	18.45490077532448
LINC01534	SRR5862157	16.412522187257185
LINC01534	SRR5862158	29.01565941969568
LINC01534	SRR5862159	9.052527165979996
LINC01534	SRR5862160	10.378044312625647
LINC01534	SRR5862161	38.10335661971328
LINC01534	SRR5862162	29.09448560372397
LINC01534	SRR5862163	29.098035797937342
LINC01534	SRR5862164	6.300193922485762
LINC01534	SRR5862165	29.124536421810745
LINC01534	SRR5862166	12.05103610419323
LINC01534	SRR5862167	21.04382337942816
LINC01534	SRR5862168	28.04624037603563
LINC01534	SRR5862169	33.11985479301302
LINC01534	SRR5862170	12.130134726903256
LINC01534	SRR5862171	24.04036968187
LINC01534	SRR5862172	32.055240062406796
LINC01534	SRR5862173	10.247845088007479
LINC01534	SRR5862174	13.365649209988606
LINC01534	SRR5862175	22.106172207231623
LINC01534	SRR5862176	15.257023958781891
LINC01534	SRR5862177	8.254946265856166
LINC01534	SRR5862178	7.199745996903061
LINC01534	SRR5862179	16.089635243368836
LINC01534	SRR5862180	2.32682130380257
LINC01534	SRR5862181	12.250640606962442
LINC01534	SRR5862182	7.0639283962676
LINC01534	SRR5862183	28.136758158423778
LINC01534	SRR5862184	7.187065684506908
LINC01534	SRR5862185	39
LINC01534	SRR5862186	6.043490119618857
LINC01534	SRR5862187	7.051850697986633
LINC01534	SRR5862188	11.427495847777651
LINC01534	SRR5862189	15.121497861365441
LINC01534	SRR5862190	15.019824601171239
LINC01534	SRR5862191	10.115110461819635
LINC01534	SRR5862192	11.49228128308724
LINC01534	SRR5862193	31.110394535997354
LINC01534	SRR5862194	14.072627811650252
LINC01534	SRR5862195	10.062679805579082
LINC01534	SRR5862196	40
LINC01534	SRR5862197	19
LINC01534	SRR5862198	2.201252719478003
LINC01534	SRR5862199	34.083216122821575
LINC01534	SRR5862200	29.061406600463467
LINC01534	SRR5862201	76.397391488005
LINC01534	SRR5862202	15.317753699034974
LINC01534	SRR5862203	12.401786270254345
LINC01534	SRR5862204	28
LINC01534	SRR5862205	17
LINC01534	SRR5862206	14.248839340748527
LINC01534	SRR5862207	24.126306597414693
LINC01534	SRR5862208	6.113564226815643
LINC01534	SRR5862209	19.211405043411567
LINC01534	SRR5862210	31
LINC01534	SRR5862211	9.289591464550368
LINC01534	SRR5862212	32.2809899902879
LINC01534	SRR5862213	8.036599759184291
LINC01534	SRR5862214	15.040480768591479
LINC01534	SRR5862215	27.064062068648674
LINC01534	SRR5862216	17.060538939095323
LINC01534	SRR5862217	13.083691189354935
LINC01534	SRR5862218	54.0486069458825
LINC01534	SRR5862219	14.321238143906275
LINC01534	SRR5862220	9.040180033373396
LINC01534	SRR5862221	54
LINC01534	SRR5862222	25.08076708415269
LINC01534	SRR5862223	5.214920711651501
LINC01534	SRR5862224	11.084094741731429
LINC01534	SRR5862225	18.047229035983182
LINC01534	SRR5862226	42.045370565410856
LINC01534	SRR5862227	42
LINC01534	SRR5862228	29.25801151428033
LINC01534	SRR5862229	24.140072442613324
LINC01534	SRR5862230	30.156969954921806
LINC01534	SRR5862231	28.05710315185743
LINC01534	SRR5862232	23.34119046565239
LINC01534	SRR5862233	33.090204758538434
LINC01534	SRR5862234	27.155920747895948
LINC01534	SRR5862235	43.03870553098051
LINC01534	SRR5862236	64.13551801481593
LINC01534	SRR5862237	19.583228442444245
LINC01534	SRR5862238	55.045395920584035
LINC01534	SRR5862239	42.3210400749302
LINC01534	SRR5862240	31.083787336495657
LINC01534	SRR5862241	18.11064005017153
LINC01534	SRR5862242	27.184520372505446
LINC01534	SRR5862243	34.18728812691747
LINC01534	SRR5862244	33.46407476566959
LINC01534	SRR5862245	17.304492497636513
LINC01534	SRR5862246	42.079123468899155
LINC01534	SRR5862247	30.164232808870516
LINC01534	SRR5862248	29.020881105096205
LINC01534	SRR5862249	13.192718363684236
LINC01534	SRR5862250	9.094767061439315
LINC01534	SRR5862251	17.17141604238279
LINC01534	SRR5862252	36.09080648749592
LINC01534	SRR5862253	15.114333231979586
LINC01534	SRR5862254	21.14595944901269
LINC01534	SRR5862255	24.186096059226074
LINC01534	SRR5862256	63.972120464275605
LINC01534	SRR5862257	16.213331245602546
LINC01534	SRR5862258	50.1276528569474
LINC01534	SRR5862259	23.30853379730862
LINC01534	SRR5862260	5.320567597902658
LINC01534	SRR5862261	27.4377291326152
LINC01534	SRR5862262	27.261451125492012
LINC01534	SRR5862263	16.72036350330333
LINC01534	SRR5862264	38.214904177318736
LINC01534	SRR5862265	59.069952272854096
LINC01534	SRR5862266	29.157378282113147
LINC01534	SRR5862267	5.2743721105983665
LINC01534	SRR5862268	47.2268224427221
LINC01534	SRR5862269	52.2016597148627
LINC01534	SRR5862270	35.077690418211354
LINC01534	SRR5862271	29.170052054475246
LINC01534	SRR5862272	22.243013381233414
LINC01534	SRR5862273	33.109397763875656
LINC01534	SRR5862274	58.26328915533482
LINC01534	SRR5862275	24.307113555288904
LINC01534	SRR5862276	17.291253770712117
LINC01534	SRR5862277	13.161302683777507
LINC01534	SRR5949109	1.1543930374941627
LINC01534	SRR5949110	1.1528629477900991
LINC01534	SRR5949111	1.1543861423812125
LINC01534	SRR5949112	1.1544080735423528
LINC01534	SRR5949113	1.1538715423531325
LINC01534	SRR5949114	1.1544080735423528
LINC01534	SRR5949115	1.1543930374941627
LINC01534	SRR5949116	1.154328975937927
LINC01534	SRR5949117	1.1544080735423528
LINC01534	SRR5949118	1.1542881659876676
LINC01534	SRR5949119	1.1544066367558048
LINC01534	SRR5949120	1.1542612816136126
LINC01534	SRR5949121	1.1542612816136126
LINC01534	SRR5949122	1.1542193125787963
LINC01534	SRR5949123	1.154119770897195
LINC01534	SRR5949124	1.1536303593625774
LINC01534	SRR5949125	1.1538715423531325
LINC01534	SRR5949126	1.1542193125787963
LINC01534	SRR5949127	1.1542612816136126
LINC01534	SRR5949128	1.1542612816136126
LINC01534	SRR5949129	1.1544066367558048
LINC01534	SRR5949130	1.1543861423812125
LINC01534	SRR5949131	1.1541454974839138
LINC01534	SRR5949132	1.1543930374941627
LINC01534	SRR5949133	1.154243037085462
LINC01534	SRR5949134	1.1544080735423528
LINC01534	SRR5949135	1.1543244711383844
LINC01534	SRR5949136	1.1544018504729736
LINC01534	SRR5949137	1.1537285180296166
LINC01534	SRR5949138	1.154127700715507
LINC01534	SRR5949139	1.1542342444976637
LINC01534	SRR5949140	1.1543861423812125
LINC01534	SRR5949141	1.1544066367558048
LINC01534	SRR5949142	1.1543861423812125
LINC01534	SRR5949143	1.1544080735423528
LINC01534	SRR5949144	1.154243037085462
LINC01534	SRR5949145	1.1542881659876676
LINC01534	SRR5949146	1.1542763738511965
LINC01534	SRR5949147	1.1542763738511965
LINC01534	SRR5949148	1.1535426695350546
LINC01534	SRR5949149	1.1542881659876676
LINC01534	SRR5949150	1.1544066367558048
LINC01534	SRR5949151	1.1540843659274789
LINC01534	SRR5949152	1.1521642390280358
LINC01534	SRR5949153	1.1542129775631536
LINC01534	SRR5949154	1.1532523441137337
LINC01534	SRR5949155	1.1542881659876676
LINC01534	SRR5949156	1.1544066367558048
LINC01534	SRR5949157	1.1543930374941627
LINC01534	SRR5949158	1.1544080735423528
LINC01534	SRR5949159	1.1533709738650642
LINC01534	SRR5949160	1.1543930374941627
LINC01534	SRR5949161	1.1543861423812125
LINC01534	SRR5949162	1.1543930374941627
LINC01534	SRR5949163	1.1544066367558048
LINC01534	SRR5949164	1.1544080735423528
LINC01534	SRR5949165	1.154328975937927
LINC01534	SRR5949166	1.1544066367558048
LINC01534	SRR5949167	1.1542881659876676
LINC01534	SRR5949168	1.1543244711383844
LINC01534	SRR5949169	1.1496389762158161
LINC01534	SRR5949170	1.1544080735423528
LINC01534	SRR5949171	1.1541360045743105
LINC01534	SRR5949172	1.1541312616794417
LINC01534	SRR5949173	1.1543930374941627
LINC01534	SRR5949174	1.1543244711383844
LINC01534	SRR5949175	1.1544080735423528
LINC01534	SRR5949176	1.1542612816136126
LINC01534	SRR5949177	1.153448318699057
LINC01534	SRR5949178	1.1542129775631536
LINC01534	SRR5949179	1.1543861423812125
LINC01534	SRR5949180	1.1544080735423528
LINC01534	SRR5949181	1.1544018504729736
LINC01534	SRR5949182	1.154243037085462
LINC01534	SRR5949183	1.1544066367558048
LINC01534	SRR5949184	1.154328975937927
LINC01534	SRR5949185	1.1541312616794417
LINC01534	SRR5949186	1.1537962707798937
LINC01534	SRR5949187	1.1543861423812125
LINC01534	SRR5949188	1.1543244711383844
LINC01534	SRR5949189	1.1542612816136126
LINC01534	SRR5949190	1.1542881659876676
LINC01534	SRR5949191	1.1541360045743105
LINC01534	SRR5949192	1.1544018504729736
LINC01534	SRR5949193	1.1544066367558048
LINC01534	SRR5949194	1.1543930374941627
LINC01534	SRR5949195	1.154328975937927
LINC01534	SRR5949196	1.1541454974839138
LINC01534	SRR5949197	1.153987572083333
LINC01534	SRR5949198	1.153664101949279
LINC01534	SRR5949199	1.1542193125787963
LINC01534	SRR5949200	1.1544066367558048
LINC01534	SRR5949201	1.1543244711383844
LINC01534	SRR5949202	1.1543861423812125
LINC01534	SRR5949203	1.1543930374941627
LINC01534	SRR5949204	1.1544080735423528
LINC01534	SRR5949205	1.1544080735423528
LINC01534	SRR5949206	1.154328975937927
LINC01534	SRR5949207	1.1543930374941627
LINC01534	SRR5949208	1.1542881659876676
LINC01534	SRR5949209	1.1543930374941627
LINC01534	SRR5949210	1.1543244711383844
LINC01534	SRR5949211	1.153987572083333
LINC01534	SRR5949212	1.1543244711383844
LINC01534	SRR5949213	1.1542193125787963
LINC01534	SRR5949214	1.1540843659274789
LINC01534	SRR5949215	1.1542612816136126
LINC01534	SRR5949216	1.1543861423812125
LINC01534	SRR5949217	1.1543861423812125
LINC01534	SRR5949218	1.154243037085462
LINC01534	SRR5949219	1.1542612816136126
LINC01534	SRR5949220	1.1541312616794417
LINC01534	SRR5949221	1.1540843659274789
LINC01534	SRR5949222	1.1542612816136126
LINC01534	SRR5949223	1.153448318699057
LINC01534	SRR5949224	1.1542881659876676
LINC01534	SRR5949225	1.1544018504729736
LINC01534	SRR5949226	1.1541312616794417
LINC01534	SRR5949227	1.1544018504729736
LINC01534	SRR5949228	1.1541312616794417
LINC01534	SRR5949229	1.154127700715507
LINC01534	SRR5949230	1.1544018504729736
LINC01534	SRR5949231	1.1540286696356532
LINC01534	SRR5949232	1.1531855179973023
LINC01534	SRR5949233	1.1534681238443258
LINC01534	SRR5949234	1.1542763738511965
LINC01534	SRR5949235	1.1541312616794417
LINC01534	SRR5949236	1.1524349692227331
LINC01534	SRR5949237	1.1540286696356532
LINC01534	SRR5949238	1.1537962707798937
LINC01534	SRR5949239	1.152631812552955
LINC01534	SRR5949240	1.1544066367558048
LINC01534	SRR5949241	1.1542881659876676
LINC01534	SRR5949242	1.1543244711383844
LINC01534	SRR5949243	1.1542129775631536
LINC01534	SRR5949244	1.1542193125787963
LINC01534	SRR5949245	1.1542342444976637
LINC01534	SRR5949246	1.1543244711383844
LINC01534	SRR5949247	1.1542763738511965
LINC01534	SRR5949248	1.154328975937927
LINC01534	SRR5949249	1.1543244711383844
LINC01534	SRR5949250	1.1544080735423528
LINC01534	SRR5949251	1.1541312616794417
LINC01534	SRR5949252	1.1543930374941627
LINC01534	SRR5949253	1.1539534513664238
LINC01534	SRR5949254	1.154099487946561
LINC01534	SRR5949255	1.1543244711383844
LINC01534	SRR5949256	1.1542342444976637
LINC01534	SRR5949257	1.1544066367558048
LINC01534	SRR5949258	1.1544066367558048
LINC01534	SRR5949259	1.154243037085462
LINC01534	SRR5949260	1.1544080735423528
LINC01534	SRR5949261	1.1544080735423528
LINC01534	SRR5949262	1.1542193125787963
LINC01534	SRR5949263	1.154328975937927
LINC01534	SRR5949264	1.1542612816136126
LINC01534	SRR5949265	1.1543930374941627
LINC01534	SRR5949266	1.1537626724135772
LINC01534	SRR5949267	1.1537779842987672
LINC01534	SRR5949268	1.1544018504729736
LINC01534	SRR5949269	1.1542612816136126
LINC01534	SRR5949270	1.1543244711383844
LINC01534	SRR5949271	1.154119770897195
LINC01534	SRR5949272	1.1544080735423528
LINC01534	SRR5949273	1.1544080735423528
LINC01534	SRR5949274	1.154328975937927
LINC01534	SRR5949275	1.154099487946561
LINC01534	SRR5949276	1.154328975937927
LINC01534	SRR5949277	1.1537779842987672
LINC01534	SRR5949278	1.1543861423812125
LINC01534	SRR5949279	1.1543861423812125
LINC01534	SRR5949280	1.1539394876265088
LINC01534	SRR5949281	1.1543244711383844
LINC01534	SRR5949282	1.1544080735423528
LINC01534	SRR5949283	1.154043329391819
LINC01534	SRR5949284	1.1544080735423528
LINC01534	SRR5949285	1.15317802952035
LINC01534	SRR5949286	1.1537626724135772
LINC01534	SRR5949287	1.1544080735423528
LINC01534	SRR5949288	1.1543861423812125
LINC01534	SRR5949289	1.1542342444976637
LINC01534	SRR5949290	1.1544080735423528
LINC01534	SRR5949291	1.1543244711383844
LINC01534	SRR5949292	1.1542763738511965
LINC01534	SRR5949293	1.1544080735423528
LINC01534	SRR5949294	1.1544066367558048
LINC01534	SRR5949295	1.1543861423812125
LINC01534	SRR5949296	1.154328975937927
LINC01534	SRR5949297	1.1543930374941627
LINC01534	SRR5949298	1.1541360045743105
LINC01534	SRR5949299	1.1542763738511965
LINC01534	SRR5949300	1.1544066367558048
LINC01534	SRR5949301	1.1544066367558048
LINC01534	SRR5949302	1.1542342444976637
LINC01534	SRR5949303	1.1541454974839138
LINC01534	SRR5949304	1.1543930374941627
LINC01534	SRR5949305	1.1537652995205527
LINC01534	SRR5949306	1.1543930374941627
LINC01534	SRR5949307	1.1542763738511965
LINC01534	SRR5949308	1.154328975937927
LINC01534	SRR5949309	1.154119770897195
LINC01534	SRR5949310	1.154119770897195
LINC01534	SRR5949311	1.1542763738511965
LINC01534	SRR5949312	1.1540148338403267
LINC01534	SRR5949313	1.1543244711383844
LINC01534	SRR5949314	1.1544066367558048
LINC01534	SRR5949315	1.1543244711383844
LINC01534	SRR5949316	1.1543861423812125
LINC01534	SRR5949317	1.1538444146289202
LINC01534	SRR5949318	1.1537833054890896
LINC01534	SRR5949319	1.1543930374941627
LINC01534	SRR5949320	1.1544080735423528
LINC01534	SRR5949321	1.154328975937927
LINC01534	SRR5949322	1.1541312616794417
LINC01534	SRR5949323	1.1543244711383844
LINC01534	SRR5949324	1.1544080735423528
LINC01534	SRR5949325	1.1543861423812125
LINC01534	SRR5949326	1.1542881659876676
LINC01534	SRR5949327	1.1537250692562184
LINC01534	SRR5949328	1.1543930374941627
LINC01534	SRR5949329	1.1544018504729736
LINC01534	SRR5949330	1.1543861423812125
LINC01534	SRR5949331	1.1544018504729736
LINC01534	SRR5949332	1.1544080735423528
LINC01534	SRR5949333	1.154243037085462
LINC01534	SRR5949334	1.1540148338403267
LINC01534	SRR5949335	1.1544066367558048
LINC01534	SRR5949336	1.154328975937927
LINC01534	SRR5949337	1.1544018504729736
LINC01534	SRR5949338	1.1543861423812125
LINC01534	SRR5949339	1.1543861423812125
LINC01534	SRR5949340	1.1541454974839138
LINC01534	SRR5949341	1.154243037085462
LINC01534	SRR5949342	1.1543930374941627
LINC01534	SRR5949343	1.1542612816136126
LINC01534	SRR5949344	1.1543930374941627
LINC01534	SRR5949345	1.1544018504729736
LINC01534	SRR5949346	1.1537070312898285
LINC01534	SRR5949347	1.1539830975965506
LINC01534	SRR5949348	1.1532222126984653
LINC01534	SRR5949349	1.1543861423812125
LINC01534	SRR5949350	1.1543244711383844
LINC01534	SRR5949351	1.1543244711383844
LINC01534	SRR5949352	1.154328975937927
LINC01534	SRR5949353	1.1543861423812125
LINC01534	SRR5949354	1.154118135098547
LINC01534	SRR5949355	1.1542763738511965
LINC01534	SRR5949356	1.1513016641508953
LINC01534	SRR5949357	1.1542763738511965
LINC01534	SRR5949358	1.1542881659876676
LINC01534	SRR5949359	1.1543861423812125
LINC01534	SRR5949360	1.154243037085462
LINC01534	SRR5949361	1.1542342444976637
LINC01534	SRR5949362	1.1524373005233322
LINC01534	SRR5949363	1.1544018504729736
LINC01534	SRR5949364	1.1541344162995835
LINC01534	SRR5949365	1.1539534513664238
LINC01534	SRR5949366	1.151926209413139
LINC01534	SRR5949367	1.1544080735423528
LINC01534	SRR5949368	1.1532936707463863
LINC01534	SRR5949369	1.1544066367558048
LINC01534	SRR5949370	1.1543930374941627
LINC01534	SRR5949371	1.154127700715507
LINC01534	SRR5949372	1.1543244711383844
LINC01534	SRR5949373	1.1544066367558048
LINC01534	SRR5949374	1.1541360045743105
LINC01534	SRR5949375	1.1544066367558048
LINC01534	SRR5949376	1.1544080735423528
LINC01534	SRR5949377	1.1543861423812125
LINC01534	SRR5949378	1.1544080735423528
LINC01534	SRR5949379	1.1543861423812125
LINC01534	SRR5949380	1.1535503567545762
LINC01534	SRR5949381	1.154099487946561
LINC01534	SRR5949382	1.1543861423812125
LINC01534	SRR5949383	1.1542193125787963
LINC01534	SRR5949384	1.1544066367558048
LINC01534	SRR5949385	1.1542129775631536
LINC01534	SRR5949386	1.1544080735423528
LINC01534	SRR5949387	1.1525536382806347
LINC01534	SRR5949388	1.1540976154898277
LINC01534	SRR5949389	1.1544080735423528
LINC01534	SRR5949390	1.1543244711383844
LINC01534	SRR5949391	1.154127700715507
LINC01534	SRR5949392	1.1544080735423528
LINC01534	SRR5949393	1.154127700715507
LINC01534	SRR5949394	1.154043329391819
LINC01534	SRR5949395	1.1543244711383844
LINC01534	SRR5949396	1.153448318699057
LINC01534	SRR5949397	1.1544066367558048
LINC01534	SRR5949398	1.1544018504729736
LINC01534	SRR5949399	1.1542881659876676
LINC01534	SRR5949400	1.148920661344423
LINC01534	SRR5949401	1.1544080735423528
LINC01534	SRR5949402	1.154328975937927
LINC01534	SRR5949403	1.1542612816136126
LINC01534	SRR5949404	1.154127700715507
LINC01534	SRR5949405	1.1543861423812125
LINC01534	SRR5949406	1.1544066367558048
LINC01534	SRR5949407	1.1543861423812125
LINC01534	SRR5949408	1.1543861423812125
LINC01534	SRR5949409	1.154328975937927
LINC01534	SRR5949410	1.1543244711383844
LINC01534	SRR5949411	1.1544080735423528
LINC01534	SRR5949412	1.1542193125787963
LINC01534	SRR5949413	1.154328975937927
LINC01534	SRR5949414	1.1543861423812125
LINC01534	SRR5949415	1.1543930374941627
LINC01534	SRR5949416	1.1542763738511965
LINC01534	SRR5949417	1.154243037085462
LINC01534	SRR5949418	1.1543861423812125
LINC01534	SRR5949419	1.1543930374941627
LINC01534	SRR5949420	1.1542612816136126
LINC01534	SRR5949421	1.154243037085462
LINC01534	SRR5949422	1.1542763738511965
LINC01534	SRR5949423	1.1542763738511965
LINC01534	SRR5949424	1.1544080735423528
LINC01534	SRR5949425	1.1542763738511965
LINC01534	SRR5949426	1.1544018504729736
LINC01534	SRR5949427	1.1542763738511965
LINC01534	SRR5949428	1.1544080735423528
LINC01534	SRR5949429	1.1540148338403267
LINC01534	SRR5949430	1.1543244711383844
LINC01534	SRR5949431	1.1543244711383844
LINC01534	SRR5949432	1.1543244711383844
LINC01534	SRR5949433	1.1542881659876676
LINC01534	SRR5949434	1.1542881659876676
LINC01534	SRR5949435	1.154099487946561
LINC01534	SRR5949436	1.1543930374941627
LINC01534	SRR5949437	1.1540843659274789
LINC01534	SRR5949438	1.1539394876265088
LINC01534	SRR5949439	1.1544066367558048
LINC01534	SRR5949440	1.1544018504729736
LINC01534	SRR5949441	1.1544018504729736
LINC01534	SRR5949442	1.1541454974839138
LINC01534	SRR5949443	1.1541312616794417
LINC01534	SRR5949444	1.1540976154898277
LINC01534	SRR5949445	1.1544080735423528
LINC01534	SRR5949446	1.1543930374941627
LINC01534	SRR5949447	1.1542763738511965
LINC01534	SRR5949448	1.1544080735423528
LINC01534	SRR5949449	1.1544080735423528
LINC01534	SRR5949450	1.1543244711383844
LINC01534	SRR5949451	1.154243037085462
LINC01534	SRR5949452	1.1543244711383844
LINC01534	SRR5949453	1.1542881659876676
LINC01534	SRR5949454	1.1543861423812125
LINC01534	SRR5949455	1.1542763738511965
LINC01534	SRR5949456	1.1544066367558048
LINC01534	SRR5949457	1.1544018504729736
LINC01534	SRR5949458	1.1544066367558048
LINC01534	SRR5949459	1.154328975937927
LINC01534	SRR5949460	1.154127700715507
LINC01534	SRR5949461	1.1537652995205527
LINC01534	SRR5949462	1.1543930374941627
LINC01534	SRR5949463	1.154119770897195
LINC01534	SRR5949464	1.154043329391819
LINC01534	SRR5949465	1.1535426695350546
LINC01534	SRR5949466	1.1543244711383844
LINC01534	SRR5949467	1.1536303593625774
LINC01534	SRR5949468	1.1543930374941627
LINC01534	SRR5949469	1.1544018504729736
LINC01534	SRR5949470	1.1543861423812125
LINC01534	SRR5949471	1.1542612816136126
LINC01534	SRR5949472	1.154328975937927
LINC01534	SRR5949473	1.154328975937927
LINC01534	SRR5949474	1.1542881659876676
LINC01534	SRR5949475	1.1544080735423528
LINC01534	SRR5949476	1.1543861423812125
LINC01534	SRR5949477	1.1544018504729736
LINC01534	SRR5949478	1.154328975937927
LINC01534	SRR5949479	1.1538444146289202
LINC01534	SRR5949480	1.1542612816136126
LINC01534	SRR5949481	1.1544018504729736
LINC01534	SRR5949482	1.1542129775631536
LINC01534	SRR5949483	1.1538715423531325
LINC01534	SRR5949484	1.1543930374941627
LINC01534	SRR5949485	1.154099487946561
LINC01534	SRR5949486	1.1542881659876676
LINC01534	SRR5949487	1.1542612816136126
LINC01534	SRR5949488	1.153987572083333
LINC01534	SRR5949489	1.1541344162995835
LINC01534	SRR5949490	1.1541360045743105
LINC01534	SRR5949491	1.1542881659876676
LINC01534	SRR5949492	1.1541360045743105
LINC01534	SRR5949493	1.154243037085462
LINC01534	SRR5949494	1.1544080735423528
LINC01534	SRR5949495	1.154043329391819
LINC01534	SRR5949496	1.154243037085462
LINC01534	SRR5949497	1.1542612816136126
LINC01534	SRR5949498	1.1543244711383844
LINC01534	SRR5949499	1.1543930374941627
LINC01534	SRR5949500	1.1539304288892793
LINC01534	SRR5949501	1.1541014455850918
LINC01534	SRR5949502	1.1538715423531325
LINC01534	SRR5949503	1.1541360045743105
LINC01534	SRR5949504	1.1543861423812125
LINC01534	SRR5949505	1.1543861423812125
LINC01534	SRR5949506	1.1543861423812125
LINC01534	SRR5949507	1.1544018504729736
LINC01534	SRR5949508	1.154243037085462
LINC01534	SRR5949509	1.1543930374941627
LINC01534	SRR5949510	1.1543861423812125
LINC01534	SRR5949511	1.1536505416463956
LINC01534	SRR5949512	1.154328975937927
LINC01534	SRR5949513	1.1544080735423528
LINC01534	SRR5949514	1.1542193125787963
LINC01534	SRR5949515	1.1543930374941627
LINC01534	SRR5949516	1.1543244711383844
LINC01534	SRR5949517	1.1543861423812125
LINC01534	SRR5949518	1.1538715423531325
LINC01534	SRR5949519	1.154127700715507
LINC01534	SRR5949520	1.1544018504729736
LINC01534	SRR5949521	1.1537652995205527
LINC01534	SRR5949522	1.154328975937927
LINC01534	SRR5949523	1.1544018504729736
LINC01534	SRR5949524	1.1542881659876676
LINC01534	SRR5949525	1.1542129775631536
LINC01534	SRR5949526	1.1537070312898285
LINC01534	SRR5949527	1.1541360045743105
LINC01534	SRR5949528	1.1530313538581225
LINC01534	SRR5949529	1.1541014455850918
LINC01534	SRR5949530	1.1542612816136126
LINC01534	SRR5949531	1.1542342444976637
LINC01534	SRR5949532	1.1544018504729736
LINC01534	SRR5949533	1.1544080735423528
LINC01534	SRR5949534	1.1541454974839138
LINC01534	SRR5949535	1.1543861423812125
LINC01534	SRR5949536	1.1543244711383844
LINC01534	SRR5949537	1.1543930374941627
LINC01534	SRR5949538	1.1544080735423528
LINC01534	SRR5949539	1.154243037085462
LINC01534	SRR5949540	1.154118135098547
LINC01534	SRR5949541	1.1542612816136126
LINC01534	SRR5949542	1.154118135098547
LINC01534	SRR5949543	1.1542881659876676
LINC01534	SRR5949544	1.154127700715507
LINC01534	SRR5949545	1.1539394876265088
LINC01534	SRR5949546	1.1541360045743105
LINC01534	SRR5949547	1.1544080735423528
LINC01534	SRR5949548	1.1542881659876676
LINC01534	SRR5949549	1.1539534513664238
LINC01534	SRR5949550	1.1535522984622077
LINC01534	SRR5949551	1.154328975937927
LINC01534	SRR5949552	1.154043329391819
LINC01534	SRR5949553	1.1544066367558048
LINC01534	SRR5949554	1.1543861423812125
LINC01534	SRR5949555	1.1452054817287791
LINC01534	SRR5949556	1.154099487946561
LINC01534	SRR5949557	1.1542881659876676
LINC01534	SRR5949558	1.154043329391819
LINC01534	SRR5949559	1.1543930374941627
LINC01534	SRR5949560	1.1544018504729736
LINC01534	SRR5949561	1.1537430923754213
LINC01534	SRR5949562	1.154043329391819
LINC01534	SRR5949563	1.1542763738511965
LINC01534	SRR5949564	1.1543244711383844
LINC01534	SRR5949565	1.1544066367558048
LINC01534	SRR5949566	1.1543861423812125
LINC01534	SRR5949567	1.1525839843466772
LINC01534	SRR5949568	1.154118135098547
LINC01534	SRR5949569	1.1541344162995835
LINC01534	SRR5949570	1.1542612816136126
LINC01534	SRR5949571	1.1539394876265088
LINC01534	SRR5949572	1.154243037085462
LINC01534	SRR5949573	1.154127700715507
LINC01534	SRR5949574	1.1542881659876676
LINC01534	SRR5949575	1.154243037085462
LINC01534	SRR5949576	1.1542129775631536
LINC01534	SRR5949577	1.1544066367558048
LINC01534	SRR5949578	1.1543244711383844
LINC01534	SRR5949579	1.1543861423812125
LINC01534	SRR5949580	1.1543930374941627
LINC01534	SRR5949581	1.1544080735423528
LINC01534	SRR5949582	1.1541312616794417
LINC01534	SRR5949583	1.1544066367558048
LINC01534	SRR5949584	1.1536496989510014
LINC01534	SRR5949585	1.154328975937927
LINC01534	SRR5949586	1.1543861423812125
LINC01534	SRR5949587	1.1542881659876676
LINC01534	SRR5949588	1.153006792126308
LINC01534	SRR5949589	1.1544080735423528
LINC01534	SRR5949590	1.1541360045743105
LINC01534	SRR5949591	1.1543930374941627
LINC01534	SRR5949592	1.154243037085462
LINC01534	SRR5949593	1.1544080735423528
LINC01534	SRR5949594	1.154243037085462
LINC01534	SRR5949595	1.154328975937927
LINC01534	SRR5949596	1.1542763738511965
LINC01534	SRR5949597	1.1538444146289202
LINC01534	SRR5949598	1.154243037085462
LINC01534	SRR5949599	1.1541344162995835
LINC01534	SRR5949600	1.1543244711383844
LINC01534	SRR5949601	1.154243037085462
LINC01534	SRR5949602	1.1544080735423528
LINC01534	SRR5949603	1.1543244711383844
LINC01534	SRR5949604	1.1543861423812125
LINC01534	SRR5949605	1.154243037085462
LINC01534	SRR5949606	1.1540286696356532
LINC01534	SRR5949607	1.1544018504729736
LINC01534	SRR5949608	1.1537626724135772
LINC01534	SRR5950246	1.1537070312898285
LINC01534	SRR5950247	1.154043329391819
LINC01534	SRR5950248	1.1543244711383844
LINC01534	SRR5950249	1.1544080735423528
LINC01534	SRR5950250	1.154127700715507
LINC01534	SRR5950251	1.1543244711383844
LINC01534	SRR5950252	1.1544066367558048
LINC01534	SRR5950253	1.154328975937927
LINC01534	SRR5950254	1.1540286696356532
LINC01534	SRR5950255	1.1537779842987672
LINC01534	SRR5950256	1.1532906572572703
LINC01534	SRR5950257	1.1532936707463863
LINC01534	SRR5950258	1.1543244711383844
LINC01534	SRR5950259	1.1544018504729736
LINC01534	SRR5950260	1.1543244711383844
LINC01534	SRR5950261	1.154328975937927
LINC01534	SRR5950262	1.1542193125787963
LINC01534	SRR5950263	1.1538444146289202
LINC01534	SRR5950264	1.1544018504729736
LINC01534	SRR5950265	1.154119770897195
LINC01534	SRR5950266	1.153620340573047
LINC01534	SRR5950267	1.1543244711383844
LINC01534	SRR5950268	1.154243037085462
LINC01534	SRR5950269	1.154243037085462
LINC01534	SRR5950270	1.1539830975965506
LINC01534	SRR5950271	1.1544080735423528
LINC01534	SRR5950272	1.1544080735423528
LINC01534	SRR5950273	1.1543244711383844
LINC01534	SRR5950274	1.1541454974839138
LINC01534	SRR5950275	1.154243037085462
LINC01534	SRR5950276	1.154328975937927
LINC01534	SRR5950277	1.1541014455850918
LINC01534	SRR5950278	1.1537962707798937
LINC01534	SRR5950279	1.1542763738511965
LINC01534	SRR5950280	1.1543861423812125
LINC01534	SRR5950281	1.154243037085462
LINC01534	SRR5950282	1.1538447615632836
LINC01534	SRR5950283	1.154328975937927
LINC01534	SRR5950284	1.1511338942169325
LINC01534	SRR5950285	1.1540843659274789
LINC01534	SRR5950286	1.1542881659876676
LINC01534	SRR5950287	1.1537833054890896
LINC01534	SRR5950288	1.154118135098547
LINC01534	SRR5950289	1.1537285180296166
LINC01534	SRR5950290	1.1543930374941627
LINC01534	SRR5950291	1.154328975937927
LINC01534	SRR5950292	1.1542193125787963
LINC01534	SRR5950293	1.1539534513664238
LINC01534	SRR5950294	1.1544080735423528
LINC01534	SRR5950295	1.1544018504729736
LINC01534	SRR5950296	1.1542881659876676
LINC01534	SRR5950297	1.1540286696356532
LINC01534	SRR5950298	1.1543930374941627
LINC01534	SRR5950299	1.1541312616794417
LINC01534	SRR5950300	1.1542881659876676
LINC01534	SRR5950301	1.154328975937927
LINC01534	SRR5950302	1.1542612816136126
LINC01534	SRR5950303	1.1541454974839138
LINC01534	SRR5950304	1.1540148338403267
LINC01534	SRR5950305	1.1542612816136126
LINC01534	SRR5950306	1.1542763738511965
LINC01534	SRR5950307	1.1541344162995835
LINC01534	SRR5950308	1.1542342444976637
LINC01534	SRR5950309	1.154243037085462
LINC01534	SRR5950310	1.1542881659876676
LINC01534	SRR5950311	1.1543930374941627
LINC01534	SRR5950312	1.1543244711383844
LINC01534	SRR5950313	1.1542193125787963
LINC01534	SRR5950314	1.1543930374941627
LINC01534	SRR5950315	1.154328975937927
LINC01534	SRR5950316	1.1544018504729736
LINC01534	SRR5950317	1.1541312616794417
LINC01534	SRR5950318	1.153987572083333
LINC01534	SRR5950319	1.1541360045743105
LINC01534	SRR5950320	1.154119770897195
LINC01534	SRR5950321	1.1533709738650642
LINC01534	SRR5950322	1.1541014455850918
LINC01534	SRR5950323	1.1542129775631536
LINC01534	SRR5950324	1.1543930374941627
LINC01534	SRR5950325	1.1542342444976637
LINC01534	SRR5950326	1.154099487946561
LINC01534	SRR5950327	1.154328975937927
LINC01534	SRR5950328	1.154328975937927
LINC01534	SRR5950329	1.1542881659876676
LINC01534	SRR5950330	1.1541360045743105
LINC01534	SRR5950331	1.1539534513664238
LINC01534	SRR5950332	1.1540843659274789
LINC01534	SRR5950333	1.1543930374941627
LINC01534	SRR5950334	1.1543861423812125
LINC01534	SRR5950335	1.1543861423812125
LINC01534	SRR5950336	1.1524373005233322
LINC01534	SRR5950337	1.1537962707798937
LINC01534	SRR5950338	1.1531742805487435
LINC01534	SRR5950339	1.1544080735423528
LINC01534	SRR5950340	1.154127700715507
LINC01534	SRR5950341	1.1542129775631536
LINC01534	SRR5950342	1.1544018504729736
LINC01534	SRR5950343	1.1542342444976637
LINC01534	SRR5950344	1.154119770897195
LINC01534	SRR5950345	1.1542129775631536
LINC01534	SRR5950346	1.1543244711383844
LINC01534	SRR5950347	1.1542612816136126
LINC01534	SRR5950348	1.1541344162995835
LINC01534	SRR5950349	1.1544066367558048
LINC01534	SRR5950350	1.1543244711383844
LINC01534	SRR5950351	1.1538444146289202
LINC01534	SRR5950352	1.1544018504729736
LINC01534	SRR5950353	1.1542763738511965
LINC01534	SRR5950354	1.1544018504729736
LINC01534	SRR5950355	1.1544066367558048
LINC01534	SRR5950356	1.1537250692562184
LINC01534	SRR5950357	1.1544018504729736
LINC01534	SRR5950358	1.1541344162995835
LINC01534	SRR5950359	1.1542342444976637
LINC01534	SRR5950360	1.1544018504729736
LINC01534	SRR5950361	1.1544018504729736
LINC01534	SRR5950362	1.1541014455850918
LINC01534	SRR5950363	1.153987572083333
LINC01534	SRR5950364	1.1541360045743105
LINC01534	SRR5950365	1.154328975937927
LINC01534	SRR5950366	1.1543930374941627
LINC01534	SRR5950367	1.153400485650712
LINC01534	SRR5950368	1.1542763738511965
LINC01534	SRR5950369	1.1544080735423528
LINC01534	SRR5950370	1.1544080735423528
LINC01534	SRR5950371	1.154328975937927
LINC01534	SRR5950372	1.1543861423812125
LINC01534	SRR5950373	1.1542881659876676
LINC01534	SRR5950374	1.1542763738511965
LINC01534	SRR5950375	1.1543930374941627
LINC01534	SRR5950376	1.1544066367558048
LINC01534	SRR5950377	1.1539830975965506
LINC01534	SRR5950378	1.1542881659876676
LINC01534	SRR5950379	1.1542763738511965
LINC01534	SRR5950380	1.1542129775631536
LINC01534	SRR5950381	1.1542129775631536
LINC01534	SRR5950382	1.1537779842987672
LINC01534	SRR5950383	1.1544066367558048
LINC01534	SRR5950384	1.1543930374941627
LINC01534	SRR5950385	1.1537833054890896
LINC01534	SRR5950386	1.1543861423812125
LINC01534	SRR5950387	1.1544066367558048
LINC01534	SRR5950388	1.154127700715507
LINC01534	SRR5950389	1.1532222126984653
LINC01534	SRR5950390	1.1542129775631536
LINC01534	SRR5950391	1.1544080735423528
LINC01534	SRR5950392	1.1537652995205527
LINC01534	SRR5950393	1.1541312616794417
LINC01534	SRR5950394	1.154243037085462
LINC01534	SRR5950395	1.1542763738511965
LINC01534	SRR5950396	1.1544080735423528
LINC01534	SRR5950397	1.1544066367558048
LINC01534	SRR5950398	1.1544066367558048
LINC01534	SRR5950399	1.1542193125787963
LINC01534	SRR5950400	1.1542342444976637
LINC01534	SRR5950401	1.1543930374941627
LINC01534	SRR5950402	1.1543930374941627
LINC01534	SRR5950403	1.154328975937927
LINC01534	SRR5950404	1.1543861423812125
LINC01534	SRR5950405	1.153006792126308
LINC01534	SRR5950406	1.1539304288892793
LINC01534	SRR5950407	1.154328975937927
LINC01534	SRR5950408	1.154043329391819
LINC01534	SRR5950409	1.154127700715507
LINC01534	SRR5950410	1.1544080735423528
LINC01534	SRR5950411	1.1544018504729736
LINC01534	SRR5950412	1.1543861423812125
LINC01534	SRR5950413	1.1539394876265088
LINC01534	SRR5950414	1.1543861423812125
LINC01534	SRR5950415	1.1542193125787963
LINC01534	SRR5950416	1.154243037085462
LINC01534	SRR5950417	1.1542342444976637
LINC01534	SRR5950418	1.154119770897195
LINC01534	SRR5950419	1.1544018504729736
LINC01534	SRR5950420	1.1542612816136126
LINC01534	SRR5950421	1.1541312616794417
LINC01534	SRR5950422	1.1540976154898277
LINC01534	SRR5950423	1.1542881659876676
LINC01534	SRR5950424	1.1543930374941627
LINC01534	SRR5950425	1.1544018504729736
LINC01534	SRR5950426	1.1541344162995835
LINC01534	SRR5950427	1.1543861423812125
LINC01534	SRR5950428	1.1542881659876676
LINC01534	SRR5950429	1.1544018504729736
LINC01534	SRR5950430	1.154243037085462
LINC01534	SRR5950431	1.1542612816136126
LINC01534	SRR5950432	1.1543861423812125
LINC01534	SRR5950433	1.154328975937927
LINC01534	SRR5950434	1.1541344162995835
LINC01534	SRR5950435	1.1542881659876676
LINC01534	SRR5950436	1.1544018504729736
LINC01534	SRR5950437	1.1542612816136126
LINC01534	SRR5950438	1.1543930374941627
LINC01534	SRR5950439	1.1544066367558048
LINC01534	SRR5950440	1.150186403730464
LINC01534	SRR5950441	1.1540843659274789
LINC01534	SRR5950442	1.1543244711383844
LINC01534	SRR5950443	1.1541454974839138
LINC01534	SRR5950444	1.154328975937927
LINC01534	SRR5950445	1.1543861423812125
LINC01534	SRR5950446	1.1542129775631536
LINC01534	SRR5950447	1.1539830975965506
LINC01534	SRR5950448	1.1543244711383844
LINC01534	SRR5950449	1.1543861423812125
LINC01534	SRR5950450	1.1544018504729736
LINC01534	SRR5950451	1.1544080735423528
LINC01534	SRR5950452	1.154099487946561
LINC01534	SRR5950453	1.1543930374941627
LINC01534	SRR5950454	1.1540976154898277
LINC01534	SRR5950455	1.1543930374941627
LINC01534	SRR5950456	1.1542881659876676
LINC01534	SRR5950457	1.1542129775631536
LINC01534	SRR5950458	1.1544080735423528
LINC01534	SRR5950459	1.1542612816136126
LINC01534	SRR5950460	1.1542612816136126
LINC01534	SRR5950461	1.1543244711383844
LINC01534	SRR5950462	1.1538715423531325
LINC01534	SRR5950463	1.1541454974839138
LINC01534	SRR5950464	1.1541014455850918
LINC01534	SRR5950465	1.1495981461456477
LINC01534	SRR5950466	1.1543861423812125
LINC01534	SRR5950467	1.1542763738511965
LINC01534	SRR5950468	1.1543244711383844
LINC01534	SRR5950469	1.1542129775631536
LINC01534	SRR5950470	1.1544018504729736
LINC01534	SRR5963912	1.1544080735423528
LINC01534	SRR5963913	1.154118135098547
LINC01534	SRR5963914	1.1544080735423528
LINC01534	SRR5963915	1.154119770897195
LINC01534	SRR5963916	1.1538752034369077
LINC01534	SRR5963917	1.154243037085462
LINC01534	SRR5963918	1.1542612816136126
LINC01534	SRR5963919	1.1543861423812125
LINC01534	SRR5963920	1.1542763738511965
LINC01534	SRR5963921	1.1543930374941627
LINC01534	SRR5963922	1.1542342444976637
LINC01534	SRR5963923	1.1542612816136126
LINC01534	SRR5963924	1.1543861423812125
LINC01534	SRR5963925	1.154118135098547
LINC01534	SRR5963926	1.154118135098547
LINC01534	SRR5963927	1.1544018504729736
LINC01534	SRR5963928	1.1540843659274789
LINC01534	SRR5963929	1.154328975937927
LINC01534	SRR5963930	1.1539394876265088
LINC01534	SRR5963931	1.1544066367558048
LINC01534	SRR5963932	1.1542881659876676
LINC01534	SRR5963933	1.1542193125787963
LINC01534	SRR5963934	1.153987572083333
LINC01534	SRR5963935	1.1544080735423528
LINC01534	SRR5963936	1.1541014455850918
LINC01534	SRR5963937	1.1537833054890896
LINC01534	SRR5963938	1.1543244711383844
LINC01534	SRR5963939	1.1543861423812125
LINC01534	SRR5963940	1.1543861423812125
LINC01534	SRR5963941	1.1544080735423528
LINC01534	SRR5963942	1.1544080735423528
LINC01534	SRR5963943	1.1543930374941627
LINC01534	SRR5963944	1.1544080735423528
LINC01534	SRR5963945	1.1544066367558048
LINC01534	SRR5963946	1.154328975937927
LINC01534	SRR5963947	1.154328975937927
LINC01534	SRR5963948	1.154328975937927
LINC01534	SRR6467548	36.35283446486103
LINC01534	SRR6467549	33.55097742824137
LINC01534	SRR6467550	35.33193122271914
LINC01534	SRR6467551	44.72652927327857
LINC01534	SRR6467552	27.44803522517658
LINC01534	SRR6467553	14.447051101227517
LINC01534	SRR6467554	12.270904623467652
LINC01534	SRR6467555	23.33181374497174
LINC01534	SRR6467556	29.343695871661215
LINC01534	SRR6467557	21.240277650562447
LINC01534	SRR6467558	18.36526141077179
LINC01534	SRR6467559	27.059192470883154
LINC01534	SRR6467560	29.296865680229267
LINC01534	SRR6467561	31.231587221774127
LINC01534	SRR6467562	50.18999317888786
LINC01534	SRR6467563	54.334729889061556
LINC01534	SRR6467564	31.226800792886966
LINC01534	SRR6467565	40.38856127555542
LINC01534	SRR6467566	13.358905157629668
LINC01534	SRR6467567	30.332976640063578
LINC01534	SRR6467568	41.168223696355156
LINC01534	SRR6467569	21.308109423964115
LINC01534	SRR6467570	66.58499520289784
LINC01534	SRR6467571	58.04176221019241
LINC01534	SRR6467572	22.135994069338107
LINC01534	SRR6467573	30.204890931811743
LINC01534	SRR6467574	46
LINC01534	SRR6467575	47.4491433061863
LINC01534	SRR6467576	29.136857530781885
LINC01534	SRR6467577	39.056183192067856
LINC01534	SRR6467578	27.266291463003625
LINC01534	SRR6467579	20.21381054967639
LINC01534	SRR6467580	58.09397116766502
LINC01534	SRR6467581	57.6165355663563
LINC01534	SRR6467582	38.5994692222193
LINC01534	SRR6467583	75
LINC01534	SRR6467584	21.0770018634412
LINC01534	SRR6467585	29.064827884493145
LINC01534	SRR6467586	49.74103155740165
LINC01534	SRR6467587	48.987401193447965
LINC01534	SRR6467588	50.11404720847846
LINC01534	SRR6467589	43
LINC01534	SRR6467590	53.148843519580474
LINC01534	SRR6467591	26.27474759304366
LINC01534	SRR6467592	28.217974880085908
LINC01534	SRR6467593	27.123394983684914
LINC01534	SRR6467594	39.69116516095114
LINC01534	SRR6467595	37.08111560824729
LINC01534	SRR6467596	34
LINC01534	SRR6467597	43.31384425945955
LINC01534	SRR6467598	88.53696899305162
LINC01534	SRR6467599	35.132314928081016
LINC01534	SRR6467600	35.168807215116644
LINC01534	SRR6467601	32.17846485642972
LINC01534	SRR6467602	48.343969058284046
LINC01534	SRR6467603	23
LINC01534	SRR6467604	25.10642313519846
LINC01534	SRR6467605	33.118977500960916
LINC01534	SRR6467606	37
LINC01534	SRR6467607	90
LINC01534	SRR6467608	26.068326295088077
LINC01534	SRR6467609	26.004678984490752
LINC01534	SRR6467610	17.17082079748266
LINC01534	SRR6467611	55.946761285287565
LINC01534	SRR6467612	68.3947805738943
LINC01534	SRR6467613	63
LINC01534	SRR6467614	66
LINC01534	SRR6467615	25.32010404710724
LINC01534	SRR6467616	32.3166706502155
LINC01534	SRR6467617	29.19461758149795
LINC01534	SRR6467618	43
LINC01534	SRR6467619	51.714134851490485
LINC01534	SRR6467620	38.09986150820565
LINC01534	SRR6467621	30.15369852680957
LINC01534	SRR6467622	21.316437246780296
LINC01534	SRR6467623	43.08277133111789
LINC01534	SRR6467624	31.005578789200513
LINC01534	SRR6467625	31
LINC01534	SRR6467626	36
LINC01534	SRR6467627	38.38200288750942
LINC01534	SRR6467628	45
LINC01534	SRR6467629	43.73706875851627
LINC01534	SRR6467630	41.02952156237739
LINC01534	SRR6467631	37.03330475921579
LINC01534	SRR6467632	27.19421785646398
LINC01534	SRR6467633	44
LINC01534	SRR6467634	30.1207437479344
LINC01534	SRR6467635	53.636476848040004
LINC01534	SRR6467636	6.060647779928847
LINC01534	SRR6467637	36
LINC01534	SRR6467638	44
LINC01534	SRR6467639	36.11520028577035
LINC01534	SRR6467640	14.2929353606879
LINC01534	SRR6467641	25.232731483124812
LINC01534	SRR6467642	73.34971725517356
LINC01534	SRR6467643	19.237809114678292
LINC01534	SRR6467644	53
LINC01534	SRR6467645	53.92231880012162
LINC01534	SRR6467646	43
LINC01534	SRR6467647	73.78352376419414
LINC01534	SRR6467648	34.19739028694715
LINC01534	SRR6467649	32.16946820297494
LINC01534	SRR6467650	28.153283954945813
LINC01534	SRR6467651	35.1029476920098
LINC01534	SRR6467652	48.0086381252137
LINC01534	SRR6467653	29.288649187230284
LINC01534	SRR6467654	47.176113173104234
LINC01534	SRR6467655	63
LINC01534	SRR6467656	84.72707375361495
LINC01534	SRR6467657	39
LINC01534	SRR6467658	52
LINC01534	SRR6467659	42.76495122642866
LINC01534	SRR6467660	26.178040460532415
LINC01534	SRR6467661	44.92274969616323
LINC01534	SRR6467662	53.69252342991776
LINC01534	SRR6467663	25.070209207349283
LINC01534	SRR6467664	42.48154195888067
LINC01534	SRR6467665	38
LINC01534	SRR6467666	60
LINC01534	SRR6467667	53.36711468353199
LINC01534	SRR6467668	31.82913792167477
LINC01534	SRR6467669	35
LINC01534	SRR6467670	35
LINC01534	SRR6467671	59.05634694482675
LINC01534	SRR6467672	15.132920713824095
LINC01534	SRR6467673	27.259109542066337
LINC01534	SRR6467674	31.195728625327497
LINC01534	SRR6467675	15.129823506744367
LINC01534	SRR6467676	37.164062945635195
LINC01534	SRR6467677	34
LINC01534	SRR6467678	78
LINC01534	SRR6467679	49
LINC01534	SRR6467680	29.311152474307157
LINC01534	SRR6467681	46
LINC01534	SRR6467682	53.318591960446625
LINC01534	SRR6467683	15.167987010329941
LINC01534	SRR6467684	28.073111807685088
LINC01534	SRR6467685	27.380792429197864
LINC01534	SRR6467686	55.08091689638174
LINC01534	SRR6467687	59.24699516309299
LINC01534	SRR6467688	45.93492644848183
LINC01534	SRR6467689	31.308477246615265
LINC01534	SRR6467690	39.21387287724382
LINC01534	SRR6467691	28.155775810546647
LINC01534	SRR6467692	62.06697559655888
LINC01534	SRR6467693	59.478337439102525
LINC01534	SRR6467694	19.14432626065086
LINC01534	SRR6467695	35.159956460332296
LINC01534	SRR6467696	35.09539532538716
LINC01534	SRR6467697	33
LINC01534	SRR6467698	36.16905833599556
LINC01534	SRR6467699	34
LINC01534	SRR6467700	39.24678880481179
LINC01534	SRR6467701	50
LINC01534	SRR6467702	16.229416518026365
LINC01534	SRR6467703	32.3966247727373
LINC01534	SRR6467704	41.11514310005282
LINC01534	SRR6467705	34.22209655904606
LINC01534	SRR6467706	17.313622350697084
LINC01534	SRR6467707	60
LINC01534	SRR6467708	21.036251290954457
LINC01534	SRR6467709	36
LINC01534	SRR6467710	39.035105016470695
LINC01534	SRR6467711	39.05326643605324
LINC01534	SRR6467712	26.293666412556302
LINC01534	SRR6467713	59.793244889537014
LINC01534	SRR6467714	33.19755787911797
LINC01534	SRR6467715	43
LINC01534	SRR6467716	29
LINC01534	SRR6467717	19.233403160193017
LINC01534	SRR6467718	33.50896089510322
LINC01534	SRR6467719	46.16821840886386
LINC01534	SRR6467720	51
LINC01534	SRR6467721	34.055107705278495
LINC01534	SRR6467722	54
LINC01534	SRR6467723	30
LINC01534	SRR6467724	29
LINC01534	SRR6467725	50
LINC01534	SRR6467726	72.5938741186536
LINC01534	SRR6467727	65.15223130106352
LINC01534	SRR6467728	63
LINC01534	SRR6467729	25.173420660326492
LINC01534	SRR6467730	44.0943746950301
LINC01534	SRR6467731	27.26717406912091
LINC01534	SRR6467732	20.486220496773203
LINC01534	SRR6467733	24.041430046805093
LINC01534	SRR6467734	45.585696504085924
LINC01534	SRR6467735	26.21575240604919
LINC01534	SRR6467736	20.124218262888824
LINC01534	SRR6467737	32.199333567262904
LINC01534	SRR6467738	44.01583798787317
LINC01534	SRR6467739	40
LINC01534	SRR6467740	31.16737944997097
LINC01534	SRR6467741	55.110659489309434
LINC01534	SRR6467742	34
LINC01534	SRR6467743	31
LINC01534	SRR6467744	39
LINC01534	SRR6467745	46.021401897098634
LINC01534	SRR6467746	28.22344313106335
LINC01534	SRR6467747	21.806233679907375
LINC01534	SRR6467748	32.32317022661263
LINC01534	SRR6467749	44
LINC01534	SRR6467750	32.07592541469472
LINC01534	SRR6467751	23.34768963855217
LINC01534	SRR6467752	31.256058925608958
LINC01534	SRR6467753	37.91891256302295
LINC01534	SRR6467754	48.418861090497664
LINC01534	SRR6467755	44.7307255882376
LINC01534	SRR6467756	59.07436400724403
LINC01534	SRR6467757	48
LINC01534	SRR6467758	56
LINC01534	SRR6467759	33.18753505019624
LINC01534	SRR6467760	30.231979171555214
LINC01534	SRR6467761	21.07764634714225
LINC01534	SRR6467762	39.19568209369576
LINC01534	SRR6467763	32.5981762972274
LINC01534	SRR6467764	52.00199265925058
LINC01534	SRR6467765	49.06175993821962
LINC01534	SRR6467766	14.208116490129937
LINC01534	SRR6467767	23.15678925190563
LINC01534	SRR6467768	19.237321781357224
LINC01534	SRR6467769	14.251792734307115
LINC01534	SRR6467770	49
LINC01534	SRR6467771	43.89591482287207
LINC01534	SRR6467772	26.186223891176855
LINC01534	SRR6467773	20.079060953760155
LINC01534	SRR6868540	20.293508792648208
LINC01534	SRR6868541	30.823904110695842
LINC01534	SRR6868542	20.953911038342632
LINC01534	SRR6868543	33.49784868900725
LINC01534	SRR6868544	53.41547116901486
LINC01534	SRR6868545	10.247076064653797
LINC01534	SRR6868546	36.56418333351164
LINC01534	SRR6868557	23.30039104505944
LINC01534	SRR6868558	6.294523316573858
LINC01534	SRR6868559	25.81320376043859
LINC01534	SRR6868560	33.329142615929946
LINC01534	SRR6868569	10.617761523220262
LINC01534	SRR6868570	33.706739895902835
LINC01534	SRR6868571	30.286631757637213
LINC01534	SRR6868572	72.84610012259226
LINC01534	SRR6868573	11.450963520032174
LINC01534	SRR6868574	49.598923371432384
LINC01534	SRR6868575	41.03221777843664
LINC01534	SRR6868576	31.492888998844755
LINC01534	SRR6868577	24.772607712538054
LINC01534	SRR6868578	32.49664198724082
LINC01534	SRR6868579	17.743387609301568
LINC01534	SRR6868580	35.37634563878276
LINC01534	SRR6868581	21.71276736917972
LINC01534	SRR6868582	18.59067968675552
LINC01534	SRR6868585	27.59586035712559
LINC01534	SRR6868586	9.535534882638075
LINC01534	SRR6868587	10.599517148569339
LINC01534	SRR6868588	53.38081737848244
LINC01534	SRR6868589	38.41866449125507
LINC01534	SRR6868590	14.448474690681458
LINC01534	SRR6868591	37.481874637569966
LINC01534	SRR6868604	12.909065653192224
LINC01534	SRR6868605	25.795326773621895
LINC01534	SRR6868606	34.33959795995522
LINC01534	SRR6868607	27.924870219430424
LINC01534	SRR6868608	30.72528000582867
LINC01534	SRR6868609	16.702225687879565
LINC01534	SRR6868610	25.973173874034778
LINC01534	SRR6868620	29.327154211408203
LINC01534	SRR6868621	32.69841591925876
LINC01534	SRR6868622	43.00705270611455
LINC01534	SRR6868623	11.60239327377974
LINC01534	SRR6868636	15.6558005367952
LINC01534	SRR6868637	11.284390152164468
LINC01534	SRR6868638	10.461253585775166
LINC01534	SRR6868639	41.44075085916944
LINC01534	SRR6868650	15.594000069546977
LINC01534	SRR6868651	27.781676852888737
LINC01534	SRR6868652	21.63856348785381
LINC01534	SRR6868653	24.451156733870636
LINC01534	SRR6868654	23.34570830394059
LINC01534	SRR6868655	32.081600054608295
LINC01534	SRR6868665	32.46154729246375
LINC01534	SRR6868666	49.501600632111526
LINC01534	SRR6868667	45.51722111598492
LINC01534	SRR6868668	50.37265277731527
LINC01534	SRR6868669	81.61778123540023
LINC01534	SRR6868670	26.461294823849713
LINC01534	SRR6868671	21.30336585605175
LINC01534	SRR6868683	39.49478624006529
LINC01534	SRR6868684	19.29790359256899
LINC01534	SRR6868685	14.298370024139137
LINC01534	SRR6868686	37.38032435796893
LINC01534	SRR6868687	10.278872533572148
LINC01534	SRR6868688	24.643157464979705
LINC01534	SRR6868689	20.292118189432323
LINC01534	SRR6868698	21.382611971190517
LINC01534	SRR6868699	83.58561302185045
LINC01534	SRR6868700	56.89907850949845
LINC01534	SRR6868701	34.35657886484142
LINC01534	SRR6868702	66.50679699577267
LINC01534	SRR6868713	39.407684849549156
LINC01534	SRR6868714	24.441948266651004
LINC01534	SRR6868715	40.33195400973465
LINC01534	SRR6868716	48.32147187775255
LINC01534	SRR6868717	38.38955334315136
LINC01534	SRR6868718	100.39014257302833
LINC01534	SRR6868719	158.2560887480589
LINC01534	SRR6868720	52.263169441422804
LINC01534	SRR6868721	52.58453705521204
LINC01534	SRR6868722	25.419097636921453
LINC01534	SRR6868723	64.22763700943797
LINC01534	SRR6868724	73.7073163890677
LINC01534	SRR6868725	119.49718319393085
LINC01534	SRR6868726	104.2509294643465
LINC01534	SRR6868741	24.346594992152674
LINC01534	SRR7632756	25.207031900607163
LINC01534	SRR7632757	9.250092378233095
LINC01534	SRR7632758	14.149238880698823
LINC01534	SRR7632759	6.179138034481674
LINC01534	SRR7632760	4.081244179799646
LINC01534	SRR7632761	24.170920045376743
LINC01534	SRR7632762	3.1461079566201353
LINC01534	SRR7632763	13.213368682266132
LINC01534	SRR7632764	7.259228321851872
LINC01534	SRR7632765	24.063070426235146
LINC01534	SRR7632766	8.249656023052733
LINC01534	SRR7632767	42.09965210678683
LINC01534	SRR7632768	9.146070844506061
LINC01534	SRR7632769	6.068968691104356
LINC01534	SRR7632770	12.099286826111031
LINC01534	SRR7632771	7.1822488924002705
LINC01534	SRR7632772	9.173825843608338
LINC01534	SRR7632773	22.11909115653696
LINC01534	SRR7632774	9.057101375380936
LINC01534	SRR7632775	10.225378532123717
LINC01534	SRR7632776	8.303675859285756
LINC01534	SRR7632777	6.144890694848848
LINC01534	SRR7632778	22.091617328062547
LINC01534	SRR7632779	3.078660920360075
LINC01534	SRR7632780	22.0816425459107
LINC01534	SRR7632781	4.246183600845049
LINC01534	SRR7632782	5.0684509293229025
LINC01534	SRR7632783	14.102990531632136
LINC01534	SRR7632784	21.18311041118891
LINC01534	SRR7632785	17.12236687984074
LINC01534	SRR7632786	10.416272812793045
LINC01534	SRR7632787	12.04671793176997
LINC01534	SRR7632788	29.065747758355624
LINC01534	SRR7632789	10.182058416695657
LINC01534	SRR7632790	25.246002294231253
LINC01534	SRR7632791	6.269274229440589
LINC01534	SRR7632792	16.117703464722442
LINC01534	SRR7632793	19.230675273370068
LINC01534	SRR7632794	6.041702699717912
LINC01534	SRR7632795	34.10973323197453
LINC01534	SRR7632796	11.189507339953927
LINC01534	SRR7632797	2.301398464272404
LINC01534	SRR7632798	23.13180108775508
LINC01534	SRR7632799	5.153963366195796
LINC01534	SRR7632800	15.22581614357836
LINC01534	SRR7632801	33.173671571445205
LINC01534	SRR7632802	11.385342843750122
LINC01534	SRR7632803	12.288383611543981
LINC01534	SRR7632804	6.24312551388079
LINC01534	SRR7632805	19.058793898836207
LINC01534	SRR7632806	29.133820321396218
LINC01534	SRR7632807	12.104317951640544
LINC01534	SRR7632808	9.073980194959496
LINC01534	SRR7632809	5.244147481270544
LINC01534	SRR7632810	19.079382190627616
LINC01534	SRR7632811	15.102000830612162
LINC01534	SRR7632812	14.100510648652975
LINC01534	SRR7632813	11.06818247551656
LINC01534	SRR7632814	14.049538233590809
LINC01534	SRR7632815	6.047078695974081
LINC01534	SRR7632816	4.301629961573446
LINC01534	SRR7632817	4.1666994061377
LINC01534	SRR7632818	15.081402559713696
LINC01534	SRR7632819	20.04895066048328
LINC01534	SRR7632820	13.089452934270772
LINC01534	SRR7632821	15.025893779253185
LINC01534	SRR7632822	15.187989552895774
LINC01534	SRR7632823	17.062570688669794
LINC01534	SRR7632824	18.08226332245661
LINC01534	SRR7632825	17.047742260997513
LINC01534	SRR7632826	19.012260762755346
LINC01534	SRR7632827	7.385280677574547
LINC01534	SRR7632828	12.313685514974082
LINC01534	SRR7632829	13.188038863186534
LINC01534	SRR7632830	12.583225832703866
LINC01534	SRR7632831	13.120477325717268
LINC01534	SRR7632832	7.10233700720015
LINC01534	SRR7632833	4.206791679280321
LINC01534	SRR7632834	4.117218845353416
LINC01534	SRR7632835	2.220061338863934
LINC01534	SRR7632836	12.179126777364758
LINC01534	SRR7632837	9.057850177809268
LINC01534	SRR7632838	5.126045209823055
LINC01534	SRR7632839	11.126431828351869
LINC01534	SRR7632840	5.153669276762668
LINC01534	SRR7632841	4.476693018603686
LINC01534	SRR7632842	23.04346395558142
LINC01534	SRR7632843	5.187585563730026
LINC01534	SRR7632844	4.158968769854602
LINC01534	SRR7632845	17.085116260531127
LINC01534	SRR7632846	6.298044059040413
LINC01534	SRR7632847	8.188646022434755
LINC01534	SRR7632848	15.137418836234238
LINC01534	SRR7632849	9.102333529842031
LINC01534	SRR7632850	11.142008918180375
LINC01534	SRR7632851	12.12185527708433
LINC01534	SRR7632852	45.05671831060985
LINC01534	SRR7632853	19.096297721803612
LINC01534	SRR7632854	15.099074839958938
LINC01534	SRR7632855	66
LINC01534	SRR7632856	19.122965411752716
LINC01534	SRR7632857	6.442682669063401
LINC01534	SRR7632858	2.0743433002217437
LINC01534	SRR7632859	7.277917440306241
LINC01534	SRR7632860	3.2265103527768098
LINC01534	SRR7632861	5.272043453400829
LINC01534	SRR7632862	5.176430538414194
LINC01534	SRR7632863	6.766064074055451
LINC01534	SRR7632864	4.486127183926152
LINC01534	SRR7632865	30.0432178400522
LINC01534	SRR7632866	20.113598633321512
LINC01534	SRR7632867	15.154858406386621
LINC01534	SRR7632868	13.333513895706421
LINC01534	SRR7632869	8.195529005428646
LINC01534	SRR7632870	39.14988761334688
LINC01534	SRR7632871	9.458980558136021
LINC01534	SRR7632872	7.225983433512501
LINC01534	SRR7632873	20.08356020066065
LINC01534	SRR7632874	26.06912340140897
LINC01534	SRR7632875	29.047891818036902
LINC01534	SRR7632876	13.183921344816921
LINC01534	SRR7632877	5.20567515731521
LINC01534	SRR7632878	21.464470209657133
LINC01534	SRR7632879	19.04307611754334
LINC01534	SRR7632880	6.105342083890309
LINC01534	SRR7632881	18.249100821803527
LINC01534	SRR7632882	10.2398215098824
LINC01534	SRR7632883	14.316222178790083
LINC01534	SRR7632884	7.23684363296936
LINC01534	SRR7632885	17.085297322893023
LINC01534	SRR7632886	8.258671780437284
LINC01534	SRR7632887	5.050657012991628
LINC01534	SRR7632888	6.228731815322416
LINC01534	SRR7632889	8.273809310930895
LINC01534	SRR7632890	6.612873510528381
LINC01534	SRR7632891	4.188899882687039
LINC01534	SRR7632892	23.134066903575164
LINC01534	SRR7632893	4.152932183763865
LINC01534	SRR7632894	10.473040916777402
LINC01534	SRR7632895	26.30241149247664
LINC01534	SRR7632896	10.227928859426681
LINC01534	SRR7632897	12.049073183624419
LINC01534	SRR7632898	20.074941775789036
LINC01534	SRR7632899	12.083281601994344
LINC01534	SRR7632900	28.187434358717116
LINC01534	SRR7632901	15.095463746439847
LINC01534	SRR7632902	8.350791205396126
LINC01534	SRR7632903	13.057600270256604
LINC01534	SRR7632904	8.421115256700409
LINC01534	SRR7632905	4.372715298055386
LINC01534	SRR7632906	5.08238413117758
LINC01534	SRR7632907	9.249752147826548
LINC01534	SRR7632908	35.14131280965211
LINC01534	SRR7632909	7.024188386923541
LINC01534	SRR7632910	4.152576982206909
LINC01534	SRR7632911	12.15578314493962
LINC01534	SRR7632912	12.187896212751589
LINC01534	SRR7632913	4.235451532890446
LINC01534	SRR7632914	14.438121056105631
LINC01534	SRR7632915	3.134898347543786
LINC01534	SRR7632916	7.139746742144468
LINC01534	SRR7632917	8.420381771077828
LINC01534	SRR7632918	8.207257391312766
LINC01534	SRR7632919	6.052297358288007
LINC01534	SRR7632920	11.127708103284993
LINC01534	SRR7632921	13.158392785191023
LINC01534	SRR7632922	7.0609220769265155
LINC01534	SRR7632923	11.114927832916583
LINC01534	SRR7632924	4.118216384464148
LINC01534	SRR7632925	8.280964325463827
LINC01534	SRR7632926	9.166553073782799
LINC01534	SRR7632927	14.288703902462263
LINC01534	SRR7632928	29.096467330951317
LINC01534	SRR7632929	12.490622437732084
LINC01534	SRR7632930	16.01440205803926
LINC01534	SRR7632931	23.01656087645561
LINC01534	SRR7632932	9.231787238465715
LINC01534	SRR7632933	13.27665264590801
LINC01534	SRR7632934	18.079533556871187
LINC01534	SRR7632935	13.131466075234735
LINC01534	SRR7632936	8.16900809683488
LINC01534	SRR7632937	14.202269597396608
LINC01534	SRR7632938	5.133799236965152
LINC01534	SRR7632939	15.422657200566295
LINC01534	SRR7632940	26.16969846156699
LINC01534	SRR7632941	4.086295563614695
LINC01534	SRR7632942	13.466396150548649
LINC01534	SRR7632943	42
LINC01534	SRR7632944	8.147417170934487
LINC01534	SRR7632945	22
LINC01534	SRR8928966	17.150400874205737
LINC01534	SRR8928967	23.39164928913541
LINC01534	SRR8928968	12.099745281902495
LINC01534	SRR8928969	24.19925346820871
LINC01534	SRR8928970	16.15359848981485
LINC01534	SRR8928971	27.207614377889218
LINC01534	SRR8928972	27.392534687623396
LINC01534	SRR8928973	24.14317523833777
LINC01534	SRR8928974	1.084964542884935
LINC01534	SRR8928975	32.30903335296806
LINC01534	SRR8928976	6.250929510596321
LINC01534	SRR8928977	4.077861655206069
LINC01534	SRR8928978	8.148927566798305
LINC01534	SRR8928979	2.038657427481832
LINC01534	SRR8928980	48.75388310165747
LINC01534	SRR8928981	31.363343281955142
LINC01534	SRR8928982	8.091408130885604
LINC01534	SRR8928983	63.12011098365575
LINC01534	SRR8928984	14.078020818574176
LINC01534	SRR8928985	1.0167967514698188
LINC01534	SRR8928986	21.189273718593963
LINC01534	SRR8928987	44
LINC01534	SRR8928988	72
LINC01534	SRR8928989	13.225473364760633
LINC01534	SRR8928990	8.084537720936511
LINC01534	SRR8928991	18.319353787813558
LINC01534	SRR9835604	14.199621774240095
LINC01534	SRR9835605	33.182442614647215
LINC01534	SRR9835606	25.05317325636231
LINC01534	SRR9835607	5.044851063609628
LINC01534	SRR9835608	23.334604270460275
LINC01534	SRR9835609	32
LINC01534	SRR9835610	43.198044556870755
LINC01534	SRR9835611	35.03780880450905
LINC01534	SRR9835612	17.04519607015202
LINC01534	SRR9835613	35.20675766170101
LINC01534	SRR9835614	23.227318440810844
LINC01534	SRR9835615	8.312978632648715
LINC01534	SRR9835616	14.103479426909162
LINC01534	SRR9835617	18.41377863734918
LINC01534	SRR9835618	18.095836551068043
LINC01534	SRR9835619	30
LINC01534	SRR9835620	36.168822903257315
LINC01534	SRR9835621	19.12380774648795
LINC01534	SRR9835622	13.03553520790908
LINC01534	SRR9835623	45.008098242387845
LINC01534	SRR9835624	26.569787877519595
LINC01534	SRR9835625	17.05231936107316
LINC01534	SRR9835626	9.067631468841295
LINC01534	SRR9835627	20.04085259632136
LINC01534	SRR9835628	16.114315413881627
LINC01534	SRR9835629	8.16016347432735
LINC01534	SRR9835630	8.442895133748138
LINC01534	SRR9835631	6.481930940032323
LINC01534	SRR9835632	19.043228243550306
LINC01534	SRR9835633	31.22894074147188
LINC01534	SRR9835634	23.14256335789826
LINC01534	SRR9835635	43.420201183494164
LINC01534	SRR9835636	20.039627051004135
LINC01534	SRR9835637	15.06644442785039
LINC01534	SRR9835638	7.066888054660559
LINC01534	SRR9835639	16.164689771264594
LINC01534	SRR9835640	15.248365042425233
LINC01534	SRR9835641	21.0797971351329
LINC01534	SRR9835642	38.21828658994109
LINC01534	SRR9835643	23.08778368444128
LINC01534	SRR9835644	65.20978411995131
LINC01534	SRR9835645	19.5536716557159
LINC01534	SRR9835646	19.174588318441867
LINC01534	SRR9835647	22.052873025463207
LINC01534	SRR9835648	14.416789411563954
LINC01534	SRR9835649	6.068140253190713
LINC01534	SRR9835650	13.049322095568511
LINC01534	SRR9835651	24.017280914562377
LINC01534	SRR9835652	13.201756939621484
LINC01534	SRR9835653	34.093980715600736
LINC01534	SRR9835654	23.231059584133423
LINC01534	SRR9835655	20.1019806740697
LINC01534	SRR9835656	29.076705779771178
LINC01534	SRR9835657	14.20756171951725
LINC01534	SRR9835658	16.03219185143547
LINC01534	SRR9835659	19.111677585551867
LINC01534	SRR9835660	8.059488931840688
LINC01534	SRR9835661	20.08022415281187
LINC01534	SRR9835662	7.083415583849077
LINC01534	SRR9835663	8.159187137094019
LINC01534	SRR9835664	18.03107253510382
LINC01534	SRR9835665	28.114024816729458
LINC01534	SRR9835666	49
LINC01534	SRR9835667	19.156116562229183
LINC01534	SRR9835668	70
LINC01534	SRR9835669	16.422772188949956
LINC01534	SRR9835670	7.095069749815024
LINC01534	SRR9835671	14.186433861687172
LINC01534	SRR9835672	38.06559757410807
LINC01534	SRR9835673	8.180400916405437
LINC01534	SRR9835674	20.009305172651583
LINC01534	SRR9835675	15.079863792556703
LINC01534	SRR9835676	4.355241194588839
LINC01534	SRR9835677	22.05781455738222
LINC01534	SRR9835678	15.088419312446003
LINC01534	SRR9835679	48.22288951256301
LINC01534	SRR9835680	8.193243325184776
LINC01534	SRR9835681	30.090138608269292
LINC01534	SRR9835682	3.1806067500528643
LINC01534	SRR9835683	18.112125131585383
LINC01534	SRR9835684	4.0998702895968195
LINC01534	SRR9835685	40.200273554190886
LINC01534	SRR9835686	11.145602908887952
LINC01534	SRR9835687	24.111158884071344
LINC01534	SRR9835688	14
LINC01534	SRR9835689	18.130528828870535
LINC01534	SRR9835690	18.036016557124803
LINC01534	SRR9835691	15.132132381885942
LINC01534	SRR9835692	14.250251527600016
LINC01534	SRR9835693	17.067723684417107
LINC01534	SRR9835694	22.223498709515656
LINC01534	SRR9835695	24.122158284586547
LINC01534	SRR9835696	11.106056900205392
LINC01534	SRR9835697	41.20571707285965
LINC01534	SRR9835698	16.014891739692054
LINC01534	SRR9835699	26.040992578619637
LINC01534	SRR9835700	28.061384784619566
LINC01534	SRR9835701	42.11724580699428
LINC01534	SRR9835702	58
LINC01534	SRR9835703	22.02339653910441
LINC01534	SRR9835704	32.1457073152627
LINC01534	SRR9835705	29.114544489755346
LINC01534	SRR9835706	15.10099620610435
LINC01534	SRR9835707	38.04104955918125
LINC01534	SRR9835708	31.03117018542554
LINC01534	SRR9835709	23.008278948206428
LINC01534	SRR9835710	8.114024581255483
LINC01534	SRR9835711	30.01079862809534
LINC01534	SRR9835712	46.115257864999414
LINC01534	SRR9835713	30.057195706502736
LINC01534	SRR9835714	34.05256443473566
LINC01534	SRR9835715	15.074641636767824
LINC01534	SRR9835716	17.050003164690473
LINC01534	SRR9835717	24.082195237068802
LINC01534	SRR9835718	13.200317283071183
LINC01534	SRR9835719	10.085412984265218
LINC01534	SRR9835720	17.105770857315495
LINC01534	SRR9835721	18.265463096032146
LINC01534	SRR9835722	22.501060368619633
LINC01534	SRR9835723	56
LINC01534	SRR9835724	23.15883886626277
LINC01534	SRR9835725	18.493120804381995
LINC01534	SRR9835726	29.020881105096205
LINC01534	SRR9835727	9.06091561401478
LINC01534	SRR9835728	10.405909251580585
LINC01534	SRR9835729	38.12276596791209
LINC01534	SRR9835730	29.111086163090054
LINC01534	SRR9835731	6.306065064617042
LINC01534	SRR9835732	29.13639896456473
LINC01534	SRR9835733	12.053573377831194
LINC01534	SRR9835734	21.05361419991791
LINC01534	SRR9835735	28.050429889620695
LINC01534	SRR9835736	12.143691114213787
LINC01534	SRR9835737	24.05008386220361
LINC01534	SRR9835738	32.05709705287706
LINC01534	SRR9835739	10.270643545377112
LINC01534	SRR9835740	13.388996828243176
LINC01534	SRR9835741	22.116086746530303
LINC01534	SRR9835742	15.280293023856816
LINC01534	SRR9835743	8.273695792592026
LINC01534	SRR9835744	16.093046199046533
LINC01534	SRR9835745	12.267919389876766
LINC01534	SRR9835746	7.075559200898176
LINC01534	SRR9835747	28.14688610466249
LINC01534	SRR9835748	7.212992347515355
LINC01534	SRR9835749	39
LINC01534	SRR9835750	6.049789016780583
LINC01534	SRR9835751	7.05633615570159
LINC01534	SRR9835752	11.444999634799105
LINC01534	SRR9835753	15.157327291987196
LINC01534	SRR9835754	15.020487090789707
LINC01534	SRR9835755	10.144169425226078
LINC01534	SRR9835756	11.510469655524274
LINC01534	SRR9835757	31.123917221563573
LINC01534	SRR9835758	14.08022674906831
LINC01534	SRR9835759	10.065088362437338
LINC01534	SRR9835760	40
LINC01534	SRR9835761	19.00341925789709
LINC01534	SRR9835762	2.204743982964527
LINC01534	SRR9835763	34.09855159544477
LINC01534	SRR9835764	29.075202175332265
LINC01534	SRR9835765	77.70705359960807
LINC01534	SRR9835766	15.386783913416933
LINC01534	SRR9835767	12.443601609513452
LINC01534	SRR9835768	28
LINC01534	SRR9835769	17
LINC01534	SRR9835770	14.278560978556836
LINC01534	SRR9835771	24.12991762531305
LINC01534	SRR9835772	19.23764409669971
LINC01534	SRR9835773	31
LINC01534	SRR9835774	9.316084866146806
LINC01534	SRR9835775	8.040267684686663
LINC01534	SRR9835776	15.047540001719621
LINC01534	SRR9835777	27.066083391652427
LINC01534	SRR9835778	17.070504195861627
LINC01534	SRR9835779	13.090975452332861
LINC01534	SRR9835780	54.08348469046252
LINC01534	SRR9835781	14.353130870798248
LINC01534	SRR9835782	9.044633442040794
LINC01534	SRR9835783	54
LINC01534	SRR9835784	25.10096674725364
LINC01534	SRR9835785	5.219481742022068
LINC01534	SRR9835786	11.105881249829723
LINC01534	SRR9835787	18.050550629291482
LINC01534	SRR9835788	42.06936056405345
LINC01534	SRR9835789	42
LINC01534	SRR9835790	11.077959655648531
LINC01534	SRR9835791	10.271261374648187
LINC01534	SRR9835792	59.5686013701683
LINC01534	SRR9835793	33.06538463415682
LINC01534	SRR9835794	47.008458164271744
LINC01534	SRR9835795	6.340680828339646
LINC01534	SRR9835796	31.17604183048191
LINC01534	SRR9835797	26
LINC01534	SRR9835798	25.038650319658572
LINC01534	SRR9835799	21.041255863857433
LINC01534	SRR9835800	19.02162665663745
LINC01534	SRR9835801	36.180098281256846
LINC01534	SRR9835802	11.043632939441759
LINC01534	SRR9867812	48
LINC01534	SRR9867813	9.572502158439782
LINC01534	SRR9867814	32.30189562985387
LINC01534	SRR9867815	42
LINC01534	SRR9867816	44.02375911953827
LINC01534	SRR9867817	23.375196832786674
LINC01534	SRR9867818	48.01369182515635
LINC01534	SRR9867819	28.139916775566434
LINC01534	SRR9867820	35.08197070057267
LINC01534	SRR9867821	24
LINC01534	SRR9867822	33.43339714323191
LINC01534	SRR9867823	53.00953792992346
LINC01534	SRR9867824	42.76759862429573
LINC01534	SRR9867825	22.44522007056186
LINC01534	SRR9867826	14.995162887074818
LINC01534	SRR9867827	55
LINC01534	SRR9867828	24.359071237083153
LINC01534	SRR9867829	9.868271578403698
LINC01534	SRR9867830	27.054323749297357
LINC01534	SRR9867831	35.11686862310662
LINC01534	SRR9879292	245.2449129461899
LINC01534	SRR9879293	69.03959151529057
LINC01534	SRR9879294	53.06587481543823
LINC01534	SRR9879295	53.04938267739953
LINC01534	SRR9879296	76.95123645871317
LINC01534	SRR9879297	92.45896852477864
LINC01534	SRR9879298	140.59470812528664
LINC01534	SRR9879299	202.94388380663165
LINC01534	SRR9879300	124.89778598187074
LINC01534	SRR9879301	238.5742424280237
LINC01534	SRR9879302	129.45757918732733
LINC01534	SRR9879303	172.95451785917615
LINC01534	SRR9879304	93.57900058145515
LINC01534	SRR9879305	98.07879271531004
LINC01534	SRR9879306	192
LINC01534	SRR9879307	178.951516742979
LINC01534	SRR9879308	82.99455266819142
LINC01534	SRR9879309	94.0670717668967
LINC01534	T50_307	31.193226050693017
LINC01534	T50_313	13.222740662382002
LINC01534	T50_317	17.304507438432395
LINC01534	T50_324	22.26722350312068
LINC01534	T50_427	8.138907542331886
LINC01534	T50_428	9.070559539511141
LINC01534	T50_431	24.148435043999662
LINC01534	T50_436	29.252747162346314
LINC01534	T50_476	15.125260474838354
LINC01534	UN_307	14.186337541656117
LINC01534	UN_313	11.159841149683484
LINC01534	UN_317	28.233992543385046
LINC01534	UN_324	11.244068992518567
LINC01534	UN_427	10.090657297142455
LINC01534	UN_428	13.140306228631527
LINC01534	UN_431	16.171205852807375
LINC01534	UN_436	13.11167340147456
LINC01534	UN_476	12.122840971129353
