Gene	sample	counts
MKRN4P	CM317	1.0496947053399786
MKRN4P	CMCD140	1.0092852040017053
MKRN4P	CMCD147	1.0387377232738804
MKRN4P	CMCD152	2
MKRN4P	CMCD154	1.0097029263832331
MKRN4P	CMCD159	1.0826308846263835
MKRN4P	CMCD161	1.0030637444667863
MKRN4P	CMCD174	32.65081185907231
MKRN4P	CMCD196	1.0088734782641728
MKRN4P	CMCD198	1.027928565649914
MKRN4P	CMCD203	1.0031790985514153
MKRN4P	CMCD211	1.6031132637488488
MKRN4P	CMCD227	0.8192952006583658
MKRN4P	CMCD240	0.9256708984213363
MKRN4P	CMCD259	1
MKRN4P	CMCD270	1.005170859507078
MKRN4P	CMCD275	1.0084289351631328
MKRN4P	CMCD282	1.0127082910163139
MKRN4P	CMCD286	0.9360259523322331
MKRN4P	CMCD287	1
MKRN4P	CMCD294	1.061130699852429
MKRN4P	CMCD327	1.0050818994069226
MKRN4P	CMCD335	1.0046546976589779
MKRN4P	CMCD337	1.0066357688747274
MKRN4P	CMCD357	1.0203676217787498
MKRN4P	CMCD398	1.0058055966749162
MKRN4P	CMCD403	4.028527827048072
MKRN4P	CMCD422	1.002086827591817
MKRN4P	CMCD426	1.109996027604914
MKRN4P	CMCD71	1.0063256548892079
MKRN4P	CMCD72	1.1440405671509037
MKRN4P	CMCD76	1.0022671640812284
MKRN4P	CMCD88	1.000179960941952
MKRN4P	CMSA256	3
MKRN4P	CMSA316	1.0080145694811098
MKRN4P	CMUC110	3
MKRN4P	CMUC192	1.0131538458119358
MKRN4P	CMUC199	1.0266064941522361
MKRN4P	CMUC200	2.004656917652413
MKRN4P	CMUC208	1.0024434346676425
MKRN4P	CMUC231	1
MKRN4P	CMUC234	1
MKRN4P	CMUC285	1.0109066424484112
MKRN4P	CMUC291	1.0065605922780039
MKRN4P	CMUC295	1.0009001286274537
MKRN4P	CMUC299	1.0029139303926111
MKRN4P	CMUC301	2.0010799599790126
MKRN4P	CMUC307	1.0027530595094736
MKRN4P	CMUC313	1.0406199795536664
MKRN4P	CMUC314	1.0531743294773983
MKRN4P	CMUC323	1.0232441215691963
MKRN4P	CMUC324	1.0009001286274537
MKRN4P	CMUC331	1.008979678815539
MKRN4P	CMUC333	1.0226855040011238
MKRN4P	CMUC334	1.0147637781192929
MKRN4P	CMUC346	1.0107140402598958
MKRN4P	CMUC352	1.0059528932594937
MKRN4P	CMUC360	1.0012604069024411
MKRN4P	CMUC363	1.0255367303100333
MKRN4P	CMUC365	1.0065437279509373
MKRN4P	CMUC366	1.0032749335441427
MKRN4P	CMUC368	2
MKRN4P	CMUC377	1.0040587302830086
MKRN4P	CMUC379	1.0664515526402574
MKRN4P	CMUC380	1.0176874450837656
MKRN4P	CMUC383	1.0137840525909332
MKRN4P	CMUC394	1.007265338334756
MKRN4P	CMUC419	1.024221051989512
MKRN4P	CMUC427	1
MKRN4P	CMUC428	1.0062427879425755
MKRN4P	CMUC431	1.0018317001382826
MKRN4P	CMUC435	1.0048874606535836
MKRN4P	CMUC439	1.0063179408035714
MKRN4P	CMUC89	2
MKRN4P	CS219	1.002447533024164
MKRN4P	CS256	1.0022671640812284
MKRN4P	CS257	1.089979985878173
MKRN4P	CS259	1.0015292324755884
MKRN4P	CS261	1.0227433496373879
MKRN4P	CS266	1.0344406863242126
MKRN4P	CS270	1.0125793616529746
MKRN4P	CS277	4.717600473101478
MKRN4P	CS288	1.0089179773327999
MKRN4P	CS290	1.007935358827293
MKRN4P	CS292	1.0136016438843358
MKRN4P	CS293	1.0159883878434666
MKRN4P	CS301	1.0255014806521223
MKRN4P	CS306	1.0369877958728642
MKRN4P	CS308	3.0762042595417745
MKRN4P	CS315	1.0265836055430344
MKRN4P	CS317	1.0691022518554174
MKRN4P	CS322	1.0131677901654654
MKRN4P	CS327	1.0046854175679107
MKRN4P	CS328	1.0532227797951625
MKRN4P	CS330	1.0732794536999326
MKRN4P	CS331	1.0183441621534113
MKRN4P	CS335	1.5135975718021115
MKRN4P	CS338	1.0294503626489493
MKRN4P	CS339	1.1642104248974183
MKRN4P	CS343	1.0079313245495483
MKRN4P	CS344	2.027370294316445
MKRN4P	CS350	1.021809713154857
MKRN4P	CS351	1.0082169227776983
MKRN4P	CS361	1.0231543575157043
MKRN4P	CS388	1.0331387058791355
MKRN4P	CS396	1.010589221555441
MKRN4P	CS405	1.023931692107002
MKRN4P	CS415	1.0725849893611923
MKRN4P	CS424	1.0352517578472156
MKRN4P	IM293	1.005276670296832
MKRN4P	IM296	1.064463289332191
MKRN4P	IM297	1.0944885764691814
MKRN4P	IM300	1
MKRN4P	IM305	1.0098834104700367
MKRN4P	IM309	1.0649644397817766
MKRN4P	IM310	1.0133773385295795
MKRN4P	IM311	1.0123286697107707
MKRN4P	IM316	1.00503432833736
MKRN4P	IM320	1.0454213547260982
MKRN4P	IM330	1.01011866810866
MKRN4P	IM332	1.0290904121726339
MKRN4P	IM340	1.0535879064802887
MKRN4P	IM348	1.034853198121328
MKRN4P	IM354	2.014263913524036
MKRN4P	IM356	1.007966474352951
MKRN4P	IM364	4.067252830219976
MKRN4P	IM372	0.9790012480305632
MKRN4P	IM374	1.0474599361127908
MKRN4P	IM376	1.014079534585469
MKRN4P	IM381	1.0123114121679178
MKRN4P	IM382	1.0307681061453446
MKRN4P	IM385	1
MKRN4P	IM390	1.0273630104120455
MKRN4P	IM397	1.0111260044482688
MKRN4P	IM404	1.0028664619341938
MKRN4P	IM409	1.0056553730873352
MKRN4P	IM412	1
MKRN4P	IM421	1.0155577247460867
MKRN4P	IM425	1.0520033799095727
MKRN4P	IM432	1.0393271099875068
MKRN4P	IM438	1
MKRN4P	IM442	1.0408884293487235
MKRN4P	IM445	1.0112874661338156
MKRN4P	IM448	1.021809713154857
MKRN4P	IM449	2.016645585161011
MKRN4P	IM451	1.005112632378651
MKRN4P	IMSA256	1.0040554922457436
MKRN4P	IMSA276	1
MKRN4P	IMSA286	1
MKRN4P	IMSA343	1.0123997266953233
MKRN4P	IS_238	2
MKRN4P	IS238	0.5115914966368759
MKRN4P	IS243	1
MKRN4P	IS253	2
MKRN4P	IS283	3
MKRN4P	IS322	1.0103131867970327
MKRN4P	IS399	1.0069400737425076
MKRN4P	IS418	1.0908267191361551
MKRN4P	IS430	1.0818719286848866
MKRN4P	IS437	1.0791582738983603
MKRN4P	IS444	1.0366814403266558
MKRN4P	R276CMSA	1.061719097392973
MKRN4P	R286CMSA	2
MKRN4P	R292CMSA	1.0041473056389194
MKRN4P	R292IMSA	1.073657155188672
MKRN4P	R308CMSA	1.06717128675431
MKRN4P	R316IMSA	1.0192539459593348
MKRN4P	R347CMSA	1.063497692354949
MKRN4P	R347IMSA	1.0621981468028772
MKRN4P	R371CMSA	1.003980508346738
MKRN4P	SRR10104064	1.1094515272513297
MKRN4P	SRR10104065	1.0058572527884204
MKRN4P	SRR10104066	1.0187395055126454
MKRN4P	SRR10104067	1.023057146473477
MKRN4P	SRR10104068	2.009311718831243
MKRN4P	SRR10104069	1.0114572698828992
MKRN4P	SRR10104070	1.0293904998541934
MKRN4P	SRR10104071	1.1606052908522344
MKRN4P	SRR10104072	1.0698874845957154
MKRN4P	SRR10104073	1.044654039124863
MKRN4P	SRR10104074	1.095822342836796
MKRN4P	SRR10104075	1.1510100695372476
MKRN4P	SRR10104076	1.0276547583233047
MKRN4P	SRR10104077	1.100777777658168
MKRN4P	SRR10104078	1.0414272361609767
MKRN4P	SRR10104079	1.0895071357309336
MKRN4P	SRR10104080	1.121518162035866
MKRN4P	SRR10104081	1.0158440725472526
MKRN4P	SRR10104082	1.0822514404163561
MKRN4P	SRR10104083	1.0631988390336564
MKRN4P	SRR10104084	1.067846735357961
MKRN4P	SRR10104085	1.0222173271187234
MKRN4P	SRR10104086	1.024784508800748
MKRN4P	SRR10104087	1.0032000079380652
MKRN4P	SRR10104088	1.0091134916012459
MKRN4P	SRR10104089	1.1347456128596176
MKRN4P	SRR10104090	1.0263035277348909
MKRN4P	SRR10104091	1.0420863331254986
MKRN4P	SRR10104092	1.0127338855518124
MKRN4P	SRR10104093	1.034297644620457
MKRN4P	SRR10104094	1.0340224493748036
MKRN4P	SRR10104095	1.0540616053506102
MKRN4P	SRR10104096	1.145718575159829
MKRN4P	SRR10104097	1.0631209277390947
MKRN4P	SRR10104098	1.0297617779816932
MKRN4P	SRR10104099	1.0474771062612767
MKRN4P	SRR10104100	1.0290641027802212
MKRN4P	SRR10104101	1.0055761585433334
MKRN4P	SRR10104102	1.0153169306923229
MKRN4P	SRR10104103	1.05208117298879
MKRN4P	SRR10104104	1.0154976077084612
MKRN4P	SRR10104105	1.0808351888270706
MKRN4P	SRR10104106	1.1304558697538387
MKRN4P	SRR10104107	1.00957560699629
MKRN4P	SRR10104108	2.0137144319060156
MKRN4P	SRR10104109	1.1183964997691782
MKRN4P	SRR10104110	1.1898566945611233
MKRN4P	SRR10104111	1.0327102204719922
MKRN4P	SRR10104112	1.186621143391241
MKRN4P	SRR10104113	1.0358394085966935
MKRN4P	SRR10104114	1.1728061185225533
MKRN4P	SRR10104115	1.14422200397898
MKRN4P	SRR10104116	1.0467296948207412
MKRN4P	SRR10104117	1.038848634824914
MKRN4P	SRR10104118	1.143352850751477
MKRN4P	SRR10104119	1.1898188257203337
MKRN4P	SRR10104120	1.0270705483762537
MKRN4P	SRR10104121	1.0817747165060128
MKRN4P	SRR10104122	1.0894989096112995
MKRN4P	SRR10104123	1.082048079369872
MKRN4P	SRR10104124	1.1164136874736872
MKRN4P	SRR10104125	1.0998082352268765
MKRN4P	SRR10104126	1.0394547176893827
MKRN4P	SRR10104127	1.1858382433832468
MKRN4P	SRR10104128	1.0287766983431799
MKRN4P	SRR10104129	1.026295765603751
MKRN4P	SRR10104130	1.041146918346077
MKRN4P	SRR10104131	1.0113290464541402
MKRN4P	SRR10104132	1.007213437136861
MKRN4P	SRR10104133	1.1637684274221152
MKRN4P	SRR10104134	1.0301069188305016
MKRN4P	SRR10104135	1.100806080320317
MKRN4P	SRR10104136	1.015016246826139
MKRN4P	SRR10104137	1.107740379806039
MKRN4P	SRR10104138	1.195501466366171
MKRN4P	SRR10104139	1.011356708865119
MKRN4P	SRR10104140	1.1423063013482577
MKRN4P	SRR10104141	1.059516503163875
MKRN4P	SRR10104142	1.0513197704930992
MKRN4P	SRR10104143	1.0081784003065664
MKRN4P	SRR10104144	1.0594651714413874
MKRN4P	SRR10104145	1.0623428698869635
MKRN4P	SRR10104146	1.009621630502804
MKRN4P	SRR10104147	1.001709468619657
MKRN4P	SRR10104148	1.0516475471177122
MKRN4P	SRR10104149	1.0467449900052073
MKRN4P	SRR10104150	1.0116270753464878
MKRN4P	SRR10104151	1.0076559805417438
MKRN4P	SRR10104152	1.0056216750483238
MKRN4P	SRR10104153	1.1019297495172091
MKRN4P	SRR10104154	1.0305255485236042
MKRN4P	SRR10104155	1.0878745919585404
MKRN4P	SRR10104156	1.0040587302830086
MKRN4P	SRR10104157	1.048915508528946
MKRN4P	SRR10104158	1.020515544249276
MKRN4P	SRR10104159	1.0126004669704767
MKRN4P	SRR10104160	1.1246452493735022
MKRN4P	SRR10104161	1.0017262519502124
MKRN4P	SRR10104162	1.0203379943833408
MKRN4P	SRR10104163	1.0300988116116585
MKRN4P	SRR10104164	1.0196346259197715
MKRN4P	SRR10104165	1.0382728925974472
MKRN4P	SRR10104166	1.0407462625761652
MKRN4P	SRR10104167	1.0225819466033605
MKRN4P	SRR10104168	1.028619155105796
MKRN4P	SRR10104169	1.0246876051078921
MKRN4P	SRR10104170	1.0300621533967607
MKRN4P	SRR10104171	1.0239774453836796
MKRN4P	SRR10104172	1.0338434316089917
MKRN4P	SRR10104173	1.0603886751096372
MKRN4P	SRR10104174	1.0338308135451142
MKRN4P	SRR10104175	1.0224777066753272
MKRN4P	SRR10104176	1.02249117212648
MKRN4P	SRR10104177	1.0253301392642815
MKRN4P	SRR10104178	1.0384147366527665
MKRN4P	SRR10104179	1.0346450273897643
MKRN4P	SRR10104180	1.0219501836121274
MKRN4P	SRR10104181	1.0267665308530658
MKRN4P	SRR10104182	1.035134385886849
MKRN4P	SRR10104183	1.0476481310619528
MKRN4P	SRR10104184	1.0212735079721074
MKRN4P	SRR10104185	1.063606994083587
MKRN4P	SRR10104186	1.0329452604392448
MKRN4P	SRR10104187	1.0769831789043174
MKRN4P	SRR10104188	1.0538655428853925
MKRN4P	SRR10104189	1.0595562598302013
MKRN4P	SRR10104190	1.1456942406975419
MKRN4P	SRR10104191	1.1375415852920412
MKRN4P	SRR10104192	1.026052966107226
MKRN4P	SRR10104193	1.039842399081235
MKRN4P	SRR10104194	1.0428799048858834
MKRN4P	SRR10104195	1.041874169755153
MKRN4P	SRR10104196	1.0406484493629597
MKRN4P	SRR10104197	1.016827778198725
MKRN4P	SRR10104198	1.025845924075245
MKRN4P	SRR10104199	1.0822812473676409
MKRN4P	SRR10104200	1.0353416618928366
MKRN4P	SRR10104201	1.0262034008940275
MKRN4P	SRR10104202	1.0661565199682426
MKRN4P	SRR10104203	1.0226367394548255
MKRN4P	SRR10104204	1.0313459546081654
MKRN4P	SRR10104205	1.0268650017331544
MKRN4P	SRR10104206	1.0287660812770658
MKRN4P	SRR10104207	1.0327220098173928
MKRN4P	SRR10104208	1.0176351169212208
MKRN4P	SRR10104209	1.0231628517195777
MKRN4P	SRR10104210	1.0263049337229564
MKRN4P	SRR10104211	1.0187630485926629
MKRN4P	SRR10104212	1.0187543126316272
MKRN4P	SRR10104213	1.058921503370994
MKRN4P	SRR10104214	1.0299744390521086
MKRN4P	SRR10104215	1.0107140402598958
MKRN4P	SRR10104216	1.060640170595656
MKRN4P	SRR10104217	1.02491390827642
MKRN4P	SRR10104218	1.0636360366675373
MKRN4P	SRR10104219	1.0633498186525099
MKRN4P	SRR10104220	1.03511691930575
MKRN4P	SRR10104221	1.0872363603035893
MKRN4P	SRR10104222	1.0381384685659298
MKRN4P	SRR10104223	1.1766327257469633
MKRN4P	SRR10104224	1.0253851067334427
MKRN4P	SRR10104225	1.0314165053623716
MKRN4P	SRR10104226	1.0388893560726131
MKRN4P	SRR10104227	1.074938615735897
MKRN4P	SRR10104228	1.1189120562490085
MKRN4P	SRR10104229	1.0371677751979662
MKRN4P	SRR10104230	1.101165214661461
MKRN4P	SRR10104231	1.0760855121352966
MKRN4P	SRR10104232	1.0597726421651714
MKRN4P	SRR10104233	1.0718133708527031
MKRN4P	SRR10104234	1.0233588556108677
MKRN4P	SRR10104235	1.043603481105794
MKRN4P	SRR10104236	1.0093078766201782
MKRN4P	SRR10104237	1.0184909964241078
MKRN4P	SRR10104238	1.0703034082552154
MKRN4P	SRR10104239	1.0611784078973197
MKRN4P	SRR10104240	1.0723812048685664
MKRN4P	SRR10104241	1.0400598513679928
MKRN4P	SRR10104242	1.063845639897752
MKRN4P	SRR10104243	1.06730685614599
MKRN4P	SRR10104244	1.039511551636178
MKRN4P	SRR10104245	1.040779809770632
MKRN4P	SRR10104246	1.1058002069903252
MKRN4P	SRR10104247	1.0564288046419525
MKRN4P	SRR10104248	1.0740857704182307
MKRN4P	SRR10104249	1.0271816644146015
MKRN4P	SRR10104250	1.153013547676236
MKRN4P	SRR10104251	1.0466047478518792
MKRN4P	SRR10104252	1.1796947867396619
MKRN4P	SRR10104253	1.0961853754741664
MKRN4P	SRR10104254	1.0372141130641137
MKRN4P	SRR10104255	1.0309957549391915
MKRN4P	SRR10104256	1.0293845436631004
MKRN4P	SRR10104257	1.037517112746005
MKRN4P	SRR10104258	1.0307926732391595
MKRN4P	SRR10224277	1.0244173062905177
MKRN4P	SRR10224278	1.0926635070500108
MKRN4P	SRR10224279	1.089250843220296
MKRN4P	SRR10224280	1.0227917534671278
MKRN4P	SRR10224281	4.064441039240682
MKRN4P	SRR10224282	2.1003514564198853
MKRN4P	SRR10224283	3.126737772612837
MKRN4P	SRR10224284	1.1092008744415571
MKRN4P	SRR10224285	1.1279661106950958
MKRN4P	SRR10224286	1.0254224279077875
MKRN4P	SRR10224287	1.033803410459708
MKRN4P	SRR10224288	1.0962707234129587
MKRN4P	SRR10224289	1.0935047184878017
MKRN4P	SRR10224290	1.095529172881304
MKRN4P	SRR10224291	1.0312113499898703
MKRN4P	SRR10224292	1.0118581905327977
MKRN4P	SRR10224293	1.0306192603558113
MKRN4P	SRR10224294	1.0580047935764523
MKRN4P	SRR10224295	1.0860783600082067
MKRN4P	SRR10224296	1.0547229540206002
MKRN4P	SRR10224297	1.1274808217665389
MKRN4P	SRR10224298	1.0332224020270313
MKRN4P	SRR10318388	1.007335826080517
MKRN4P	SRR10318389	2.009406825142395
MKRN4P	SRR10318390	2.0246044227775393
MKRN4P	SRR10318391	2.023703328326166
MKRN4P	SRR10318392	1.0138553266422912
MKRN4P	SRR10318393	3.0084251048819137
MKRN4P	SRR10318394	2.026355867443473
MKRN4P	SRR10318395	1.0044169063073385
MKRN4P	SRR10318396	1.0079492911740628
MKRN4P	SRR10318397	1.0058194995827097
MKRN4P	SRR10318398	1.0034248015445335
MKRN4P	SRR10318399	1.0501074458020174
MKRN4P	SRR10318400	2.0295512909683673
MKRN4P	SRR10318401	3.010816136450992
MKRN4P	SRR10318402	1.0042087153660115
MKRN4P	SRR10318403	1.004809174154462
MKRN4P	SRR10318404	1.0017262519502124
MKRN4P	SRR10318405	1.0024033193392368
MKRN4P	SRR10318406	2.0090665666537353
MKRN4P	SRR10318407	2.0196249416809113
MKRN4P	SRR10318408	2.0060053972103584
MKRN4P	SRR10318409	1.003152525939443
MKRN4P	SRR10318410	3.012166476737231
MKRN4P	SRR10318411	3.010909725088652
MKRN4P	SRR10318412	2.0096520188392386
MKRN4P	SRR10318413	2.0076333638644592
MKRN4P	SRR10318414	4.023578483318934
MKRN4P	SRR10318415	3.0194341817423282
MKRN4P	SRR10318416	1.009901553775856
MKRN4P	SRR10318417	1.0071565815090566
MKRN4P	SRR10318418	1.003747088789452
MKRN4P	SRR10318419	2.0079674922843656
MKRN4P	SRR10318420	1.0018010674864533
MKRN4P	SRR10318421	1.0047436199473785
MKRN4P	SRR10318422	2.004173655183634
MKRN4P	SRR10318423	3.004413648893549
MKRN4P	SRR10318424	1.002086827591817
MKRN4P	SRR10318425	1.0064830045107445
MKRN4P	SRR10318426	1.0953414278907072
MKRN4P	SRR10318427	1.108018223770156
MKRN4P	SRR10318428	2.002636821735583
MKRN4P	SRR10318429	2.0079674922843656
MKRN4P	SRR10318430	2.0171994483616524
MKRN4P	SRR10318431	1.0051501237216312
MKRN4P	SRR10318432	2.0033576794105152
MKRN4P	SRR10318433	1.2750020383966563
MKRN4P	SRR10318434	1.0030469387273355
MKRN4P	SRR10318435	2.01187797701574
MKRN4P	SRR10318436	1.0027334775314678
MKRN4P	SRR10318437	1.0007200381067656
MKRN4P	SRR10318438	3.0037812207073236
MKRN4P	SRR10318439	2.0082005748566556
MKRN4P	SRR10318440	2.031467747563749
MKRN4P	SRR10318441	2.00552180966373
MKRN4P	SRR10318442	1.0286330408058433
MKRN4P	SRR10318443	2.004555571548479
MKRN4P	SRR10318444	2.0169788810938445
MKRN4P	SRR10318445	1.012049840442984
MKRN4P	SRR10318446	2.0078996199831276
MKRN4P	SRR10318447	1.0104267982146213
MKRN4P	SRR10318448	1.0069124078551868
MKRN4P	SRR10318449	1.002086827591817
MKRN4P	SRR10318450	2.0103754016643216
MKRN4P	SRR10318451	2
MKRN4P	SRR10318452	2.01251339378703
MKRN4P	SRR10318453	2.039608047848437
MKRN4P	SRR10318454	6.0285058078655815
MKRN4P	SRR10318455	1.0060173630328704
MKRN4P	SRR10318456	1.0065605922780039
MKRN4P	SRR10318457	1.001546012786343
MKRN4P	SRR10318458	1.0126930617379193
MKRN4P	SRR10318459	2.012891647491122
MKRN4P	SRR10318460	2.0079332617166834
MKRN4P	SRR10318461	2.0070272299489207
MKRN4P	SRR10318462	2.013333098720046
MKRN4P	SRR10318463	2.0061888314564427
MKRN4P	SRR10318464	4.024781826842906
MKRN4P	SRR10318465	1.0009001286274537
MKRN4P	SRR10318466	3.0281112283832234
MKRN4P	SRR10318467	6.0303657047795545
MKRN4P	SRR10318468	3.0292029363984705
MKRN4P	SRR10318469	3.0105408449233813
MKRN4P	SRR10318470	7
MKRN4P	SRR10318471	4
MKRN4P	SRR10318472	5.022000389482309
MKRN4P	SRR10318473	5.019374169925088
MKRN4P	SRR10318474	2.008356020066065
MKRN4P	SRR10318475	5.019986648639287
MKRN4P	SRR10318476	3.0107249578425197
MKRN4P	SRR10318495	5.005401257787007
MKRN4P	SRR10318496	4.035221793156549
MKRN4P	SRR10318497	5.027351581154133
MKRN4P	SRR10318498	5.004500643137268
MKRN4P	SRR10318499	2.0020109797048735
MKRN4P	SRR10318500	5.028653883616835
MKRN4P	SRR10318501	5.0241300470980965
MKRN4P	SRR10318502	5.0026998999475305
MKRN4P	SRR10318503	6.01080640491872
MKRN4P	SRR10318504	4.026419957322384
MKRN4P	SRR10318505	4.002159919958025
MKRN4P	SRR10318506	3.0357593261014997
MKRN4P	SRR10318507	1.0119742595178156
MKRN4P	SRR10318508	4.123873782033689
MKRN4P	SRR10318509	1.0068435936744917
MKRN4P	SRR10318510	2.015855975017434
MKRN4P	SRR10318511	6.007562441414647
MKRN4P	SRR10318512	1.00761712043278
MKRN4P	SRR10318513	3.0099168337896858
MKRN4P	SRR10318514	7.03218363483937
MKRN4P	SRR10318515	5.059653043959829
MKRN4P	SRR10318516	8.047403029220128
MKRN4P	SRR10318517	5.013139672132322
MKRN4P	SRR10318518	5.035865654623259
MKRN4P	SRR10318519	5.023596125996876
MKRN4P	SRR10318520	6.0118881153012405
MKRN4P	SRR10318521	11.039811764431228
MKRN4P	SRR10318522	8.010926448421177
MKRN4P	SRR10318523	2.004534328162457
MKRN4P	SRR10318524	6.046047735699932
MKRN4P	SRR10318525	4.024793627460567
MKRN4P	SRR10318526	10.065161971835764
MKRN4P	SRR10318527	5.001799771349224
MKRN4P	SRR10318528	7.017753819690329
MKRN4P	SRR10318529	3.006801492243685
MKRN4P	SRR10318530	3.02022099322336
MKRN4P	SRR10318531	2.0178359546655997
MKRN4P	SRR10318532	2.016507395463769
MKRN4P	SRR10318533	4.092762864978901
MKRN4P	SRR10318534	2.035133121272297
MKRN4P	SRR10318535	5.077488038542306
MKRN4P	SRR10318536	3.012166476737231
MKRN4P	SRR10318537	1.0108415032166953
MKRN4P	SRR10318538	5.009158500691413
MKRN4P	SRR10318539	1.0072166853583673
MKRN4P	SRR10318540	2.010900455270923
MKRN4P	SRR10318541	2.0141809784742475
MKRN4P	SRR10318542	3.0241022655948226
MKRN4P	SRR10318543	2.020015725098208
MKRN4P	SRR10318544	1.0024781854433447
MKRN4P	SRR10318545	2.0172612491529303
MKRN4P	SRR10318546	3.00432178400522
MKRN4P	SRR10318547	5.019765238440039
MKRN4P	SRR10318548	5.024199493934562
MKRN4P	SRR10318549	1.0068752498555544
MKRN4P	SRR10318568	1.003152525939443
MKRN4P	SRR10318569	1.000825380374255
MKRN4P	SRR10318570	4.042542383683221
MKRN4P	SRR10318571	5.004126901871276
MKRN4P	SRR10318572	3.0142529039327908
MKRN4P	SRR10318573	8.011769730382797
MKRN4P	SRR10318574	2.004861475217943
MKRN4P	SRR10318575	3.0140912128695265
MKRN4P	SRR10318576	4.01722832014637
MKRN4P	SRR10318577	5.014485635816032
MKRN4P	SRR10318578	6.005400771764722
MKRN4P	SRR10318579	7.022067681576101
MKRN4P	SRR10318580	4.0054632242105885
MKRN4P	SRR10318581	5
MKRN4P	SRR10875803	9.733801126907945
MKRN4P	SRR10875804	1.6580996061423157
MKRN4P	SRR10875805	1.0388134377185503
MKRN4P	SRR10875806	9.494553458310715
MKRN4P	SRR10875807	14.410359002092806
MKRN4P	SRR10875808	18.178669615558274
MKRN4P	SRR10875809	1.896782871789208
MKRN4P	SRR10875810	6.325524735892439
MKRN4P	SRR10875812	12
MKRN4P	SRR10875813	6.4769577354538646
MKRN4P	SRR10875814	18.07195193510143
MKRN4P	SRR10875815	14
MKRN4P	SRR10875816	13
MKRN4P	SRR10875817	3.0689233800914666
MKRN4P	SRR10875818	2.889748438502057
MKRN4P	SRR10875819	25
MKRN4P	SRR10875820	3.100890179441433
MKRN4P	SRR10875821	5.685863011511849
MKRN4P	SRR10875822	1.0201195316440086
MKRN4P	SRR10875823	17
MKRN4P	SRR10875824	3.0161698863737283
MKRN4P	SRR10875825	6.010541293886181
MKRN4P	SRR10875826	2.5254984431041585
MKRN4P	SRR10875827	7.014680156469372
MKRN4P	SRR10875829	4.505958457796666
MKRN4P	SRR10875830	6
MKRN4P	SRR10875831	12.042860993643506
MKRN4P	SRR10875832	18
MKRN4P	SRR10875834	23.076734668168392
MKRN4P	SRR10875835	7
MKRN4P	SRR10875836	5.625104560388599
MKRN4P	SRR10875837	7.224330545862042
MKRN4P	SRR10875838	8
MKRN4P	SRR10875839	2.215975962997588
MKRN4P	SRR10875840	8.122515331036162
MKRN4P	SRR10875841	10.038166819322296
MKRN4P	SRR10875842	2.0792424329779395
MKRN4P	SRR10875843	15.987604206407974
MKRN4P	SRR10875844	1.5997561774679832
MKRN4P	SRR10875845	8.104296038032697
MKRN4P	SRR10875846	3.203338866136107
MKRN4P	SRR10875847	3.5126188258594913
MKRN4P	SRR10875848	13
MKRN4P	SRR10875849	6.727407090388827
MKRN4P	SRR10875850	2.000359921883904
MKRN4P	SRR10875851	10.454938792306702
MKRN4P	SRR10875852	5.647919853604665
MKRN4P	SRR10875853	10.021923137364132
MKRN4P	SRR10875854	3.3542554507680564
MKRN4P	SRR10875855	10.933027612740638
MKRN4P	SRR10875856	2.020441918737141
MKRN4P	SRR10875857	2.3144687487669193
MKRN4P	SRR10875858	9.306989446855669
MKRN4P	SRR10875859	12
MKRN4P	SRR10875860	1.9578200098380785
MKRN4P	SRR10875861	6.490941923296109
MKRN4P	SRR10875862	2.3187247123694226
MKRN4P	SRR10875863	2.010828272727843
MKRN4P	SRR10875864	10
MKRN4P	SRR10875865	3.371503300587369
MKRN4P	SRR10875866	1.4812171196218542
MKRN4P	SRR10875867	2.8738206909611503
MKRN4P	SRR10875868	0.6140196790576461
MKRN4P	SRR10875869	7
MKRN4P	SRR10875870	3.370459660981896
MKRN4P	SRR10875871	24.00431906260685
MKRN4P	SRR10875872	8.745921334415819
MKRN4P	SRR10875873	4.017067014936292
MKRN4P	SRR10875874	2.9198054285863106
MKRN4P	SRR10875875	4.927677376755219
MKRN4P	SRR10875876	7
MKRN4P	SRR10875877	4.026888151254268
MKRN4P	SRR10875878	12.09502165760192
MKRN4P	SRR10875879	7
MKRN4P	SRR10875880	11.043970627006429
MKRN4P	SRR10875881	16.32202301455583
MKRN4P	SRR10875882	13
MKRN4P	SRR10875883	8.051502270372268
MKRN4P	SRR10875884	7.77192533343898
MKRN4P	SRR10875885	3.005495100414848
MKRN4P	SRR10875886	18.13544981603833
MKRN4P	SRR10875887	3
MKRN4P	SRR10875888	10.282214633828897
MKRN4P	SRR10875889	2.0044648412411084
MKRN4P	SRR10875890	19.041653960991848
MKRN4P	SRR10875891	6
MKRN4P	SRR10875892	0.99319450088856
MKRN4P	SRR10875893	5
MKRN4P	SRR10875894	3.1110355846257662
MKRN4P	SRR10875895	4
MKRN4P	SRR10875896	12.120953555491694
MKRN4P	SRR10875897	25.0638264284737
MKRN4P	SRR10875898	9.457998595863732
MKRN4P	SRR10875899	3.584303441582095
MKRN4P	SRR10875900	6.0224132154657655
MKRN4P	SRR10875901	12.026307764836957
MKRN4P	SRR10875902	10.04610386625433
MKRN4P	SRR12430469	1
MKRN4P	SRR12430470	1.6963316443189809
MKRN4P	SRR12430471	1.940009746587262
MKRN4P	SRR12430472	0.9602840264742334
MKRN4P	SRR12430473	1
MKRN4P	SRR12430474	0.6778864310961553
MKRN4P	SRR12430475	0.6500601847372958
MKRN4P	SRR12430476	1
MKRN4P	SRR12765534	1
MKRN4P	SRR12765535	1.0026279344264644
MKRN4P	SRR12765536	1.0046411051794415
MKRN4P	SRR12765537	3.012534030099097
MKRN4P	SRR12765538	2.0684143471235985
MKRN4P	SRR12765539	1.031033395135802
MKRN4P	SRR12765540	2.006250175855019
MKRN4P	SRR12765541	1.0094847905369881
MKRN4P	SRR12765542	1
MKRN4P	SRR12765543	2.032495995773169
MKRN4P	SRR12765544	3.0345741948289504
MKRN4P	SRR12765545	2.018562283333328
MKRN4P	SRR12765546	1.0301733653815839
MKRN4P	SRR12765547	2.0160918740347937
MKRN4P	SRR12765548	1.0204417187083
MKRN4P	SRR12765549	5.038043683997425
MKRN4P	SRR12765550	1.040062834884988
MKRN4P	SRR12765551	2.0271369808988022
MKRN4P	SRR12765552	2.0828544723219533
MKRN4P	SRR12765553	4.177297250375519
MKRN4P	SRR12765554	1.031834253706366
MKRN4P	SRR12765555	3.0621418210979288
MKRN4P	SRR12765556	1.015364236413795
MKRN4P	SRR12765557	2.020975227343613
MKRN4P	SRR12765558	1.0514952401037005
MKRN4P	SRR12765559	1.0019065235500912
MKRN4P	SRR12765560	1.0189547489838953
MKRN4P	SRR12765561	1.0028390317466211
MKRN4P	SRR12765562	2.030966888504124
MKRN4P	SRR12765563	3.021885016959537
MKRN4P	SRR12765564	3.0062604827754513
MKRN4P	SRR12765565	4.017012034731077
MKRN4P	SRR12765566	3.0212902488498217
MKRN4P	SRR12765567	1.0132187770818522
MKRN4P	SRR12765568	1.010279036701863
MKRN4P	SRR12765569	1.0114801175682104
MKRN4P	SRR12765570	1.0071209247328885
MKRN4P	SRR12765571	3.033529665316877
MKRN4P	SRR12765572	2.01316801794995
MKRN4P	SRR12765573	3.102636103452209
MKRN4P	SRR12765574	1.0069401334995287
MKRN4P	SRR12765575	1.0239395312536899
MKRN4P	SRR12765576	1.0248346620898081
MKRN4P	SRR12765577	1.0456385621694768
MKRN4P	SRR12765578	4.060402609974265
MKRN4P	SRR12765579	4.0335331663831075
MKRN4P	SRR12765580	2.022689163492561
MKRN4P	SRR12765581	1.015899942750325
MKRN4P	SRR12765582	2.0020109797048735
MKRN4P	SRR12765583	1.0087441767971732
MKRN4P	SRR12765584	1.0124182712247378
MKRN4P	SRR12765585	2.0219921162011896
MKRN4P	SRR12765586	1.005276670296832
MKRN4P	SRR12765587	1.011720751030811
MKRN4P	SRR12765588	2.0139019200422563
MKRN4P	SRR12765589	2.0362318657735075
MKRN4P	SRR12765590	2.058609422676708
MKRN4P	SRR12765591	3.083217518271903
MKRN4P	SRR12765592	1.0165332338111508
MKRN4P	SRR12765593	1.0083598330411412
MKRN4P	SRR12765594	2.0464636621951278
MKRN4P	SRR12765595	2.023434976567854
MKRN4P	SRR12765596	3.0132309139759093
MKRN4P	SRR12765597	1.0080810177332105
MKRN4P	SRR12765598	2.014350428689737
MKRN4P	SRR12765599	5.015318722333931
MKRN4P	SRR12765600	1.0429920540407125
MKRN4P	SRR12765601	1.0217876140571718
MKRN4P	SRR12765602	3.025984218601337
MKRN4P	SRR12765603	2.0196488952379354
MKRN4P	SRR12765604	1.0081376323189926
MKRN4P	SRR12765605	1.0076754926485763
MKRN4P	SRR12765606	4.053084700025739
MKRN4P	SRR12765607	1.008593218827847
MKRN4P	SRR12765608	1.0088565751860703
MKRN4P	SRR12765609	1.0048050661427248
MKRN4P	SRR12765610	1.0087569538235717
MKRN4P	SRR12765611	2.0110169486422045
MKRN4P	SRR12765612	1.0045394681954278
MKRN4P	SRR12765613	5.02969494253935
MKRN4P	SRR12765614	2.0093518642794934
MKRN4P	SRR12765615	2.018317365233558
MKRN4P	SRR12765616	5.030616314655319
MKRN4P	SRR12765617	2.0169788810938445
MKRN4P	SRR12765618	1.0231825824178566
MKRN4P	SRR12765619	2.0435260208840873
MKRN4P	SRR12765620	2.016000621570649
MKRN4P	SRR12765621	2.0051674255696015
MKRN4P	SRR12765622	1.0218357740976558
MKRN4P	SRR12765623	3
MKRN4P	SRR12765624	4.015850105164866
MKRN4P	SRR12765625	2.0165087569635882
MKRN4P	SRR12765626	1.0049530838846117
MKRN4P	SRR12765627	3.0016199399685184
MKRN4P	SRR12765628	3.124812453833811
MKRN4P	SRR12765629	2.064385355032988
MKRN4P	SRR12765630	2.003513764628727
MKRN4P	SRR12765631	2.0119732047950287
MKRN4P	SRR12765632	1.0065683082237227
MKRN4P	SRR12765633	1.0193139826231485
MKRN4P	SRR12765634	3.016322204959736
MKRN4P	SRR12765635	2.0462294142698476
MKRN4P	SRR12765636	1.0122042835346428
MKRN4P	SRR12765637	2.0708067334307665
MKRN4P	SRR12765638	1
MKRN4P	SRR12765639	3.0928274943506633
MKRN4P	SRR12765640	1.00503432833736
MKRN4P	SRR12765641	3.0563945917338295
MKRN4P	SRR12765642	3.007342599072492
MKRN4P	SRR12765643	1.013978378378916
MKRN4P	SRR12765644	2.0071499718950134
MKRN4P	SRR12765645	1.0285351424147229
MKRN4P	SRR12765646	2.0136338479917937
MKRN4P	SRR12765647	6.174068580272857
MKRN4P	SRR12765648	8.094972811159847
MKRN4P	SRR12765649	1.0494646804633012
MKRN4P	SRR12765650	3.054082318218281
MKRN4P	SRR12765651	1.028219710920449
MKRN4P	SRR12765652	4.042338635060756
MKRN4P	SRR12774664	2.0106083343199863
MKRN4P	SRR12774665	1.0134052600429255
MKRN4P	SRR12774666	12.127865904340203
MKRN4P	SRR12774667	11.164199545917693
MKRN4P	SRR12774668	1.0531044481489285
MKRN4P	SRR12774669	1.0184124073990244
MKRN4P	SRR12774670	1.0489095745502544
MKRN4P	SRR12774671	1.0483423562302514
MKRN4P	SRR12774672	12.074217521999831
MKRN4P	SRR12774673	7.099499824671892
MKRN4P	SRR12774674	1.0242203683654911
MKRN4P	SRR12774675	1.0343842942005177
MKRN4P	SRR12774676	1.0065437279509373
MKRN4P	SRR12774677	1.010883125191728
MKRN4P	SRR12774678	10.43754043143823
MKRN4P	SRR12774679	3.0697897339156723
MKRN4P	SRR12774680	10.14048849062346
MKRN4P	SRR12774681	21.182823814216388
MKRN4P	SRR12774682	1.010589221555441
MKRN4P	SRR12774683	2.014263323408916
MKRN4P	SRR12774684	1.005286161396734
MKRN4P	SRR12774685	1.0073683070661372
MKRN4P	SRR12774686	1.0179757410447914
MKRN4P	SRR12774687	1.029309138639411
MKRN4P	SRR1609360	1.0493034237080798
MKRN4P	SRR1609361	1.025908504185614
MKRN4P	SRR1609362	1.0680988542222165
MKRN4P	SRR1609363	8.058996075118541
MKRN4P	SRR1609364	1.0085688845855312
MKRN4P	SRR1609365	2.028633158724157
MKRN4P	SRR1609366	2.0113722471890014
MKRN4P	SRR1609367	4.01069066367851
MKRN4P	SRR1609368	1.0055560678333126
MKRN4P	SRR1609369	1.0009001286274537
MKRN4P	SRR1609370	1.002086827591817
MKRN4P	SRR1609371	2.0602287151938534
MKRN4P	SRR1609372	5.003600190533828
MKRN4P	SRR1609373	8.059979457386271
MKRN4P	SRR1609374	1.0026279344264644
MKRN4P	SRR1609375	1.0065256999862005
MKRN4P	SRR1609376	9.144795789523195
MKRN4P	SRR1609377	1.005286161396734
MKRN4P	SRR1609378	1.017406841761654
MKRN4P	SRR1609379	1.0018010674864533
MKRN4P	SRR1609380	8.126922449585734
MKRN4P	SRR1609381	1.0007200381067656
MKRN4P	SRR1609382	1.01426559739414
MKRN4P	SRR1609383	1.0104290785566081
MKRN4P	SRR1609384	10.096415363823084
MKRN4P	SRR1609385	1.0073364170587717
MKRN4P	SRR1609386	1.006604989330596
MKRN4P	SRR1609387	4.029565550545475
MKRN4P	SRR1609388	3.038028283994868
MKRN4P	SRR1609389	7.017656817013095
MKRN4P	SRR1609390	1.0128241006838015
MKRN4P	SRR1609391	1.0636252817179657
MKRN4P	SRR1609392	6.092631933652156
MKRN4P	SRR1609393	1.04478101167958
MKRN4P	SRR1609394	2.055397009181545
MKRN4P	SRR1609395	1.0054817166017682
MKRN4P	SRR1609396	1.0010802515574013
MKRN4P	SRR1609397	1.0145310136075893
MKRN4P	SRR1609398	3.0138311598762986
MKRN4P	SRR1609399	3.0114280222041345
MKRN4P	SRR1609400	1.002192313736413
MKRN4P	SRR1609401	1.0106596239587748
MKRN4P	SRR1609402	2.008928896305199
MKRN4P	SRR1609403	1.0031693334479748
MKRN4P	SRR1609404	1.0119457665502067
MKRN4P	SRR1609405	1.0066008739769374
MKRN4P	SRR1609406	1.0039364414686416
MKRN4P	SRR1609407	2.0045956219703265
MKRN4P	SRR1609408	2.0155696342918508
MKRN4P	SRR1609409	1.0185880328867178
MKRN4P	SRR1609410	3
MKRN4P	SRR1609411	1.0525644977244093
MKRN4P	SRR1609412	3
MKRN4P	SRR1609413	6.723030160751076
MKRN4P	SRR1609414	1.001620814861132
MKRN4P	SRR1609415	5.000899804709761
MKRN4P	SRR1609416	1.0026279344264644
MKRN4P	SRR1609417	1.0067109510861363
MKRN4P	SRR1609418	6.00864356801044
MKRN4P	SRR1609419	1.004874249096593
MKRN4P	SRR1609420	2.009345384224076
MKRN4P	SRR1609421	10.064410295165898
MKRN4P	SRR1609422	1.016487712556713
MKRN4P	SRR1609423	1.0538854443534305
MKRN4P	SRR1609424	1.0787454114562254
MKRN4P	SRR1609425	1.001620814861132
MKRN4P	SRR1609426	2.0094404921287046
MKRN4P	SRR1609427	1.0051433662901192
MKRN4P	SRR1609428	12.1035632306702
MKRN4P	SRR1609429	1.0012604069024411
MKRN4P	SRR1609430	3.0122967355786576
MKRN4P	SRR1609431	7.0512724901656965
MKRN4P	SRR1609432	1.001501838863628
MKRN4P	SRR1609433	2.0164497457444894
MKRN4P	SRR1609434	1.0150033277731985
MKRN4P	SRR1609435	8.035826660177236
MKRN4P	SRR1609436	1.0032401551492713
MKRN4P	SRR1609437	1.0214548244785666
MKRN4P	SRR1609438	1.032283347644643
MKRN4P	SRR1609439	1.0147013578735862
MKRN4P	SRR1609440	9.02270162187398
MKRN4P	SRR1609441	3.006801492243685
MKRN4P	SRR1609442	1.0072027631380178
MKRN4P	SRR1609443	1.0086306245764651
MKRN4P	SRR1609444	1.0005399799895063
MKRN4P	SRR1609445	1.0035077604181182
MKRN4P	SRR1609446	1.0110032156633706
MKRN4P	SRR1609447	1.2338363336906928
MKRN4P	SRR1609448	1.0088227698794638
MKRN4P	SRR1609449	1.0024781854433447
MKRN4P	SRR1609450	5.01021314908034
MKRN4P	SRR1609451	1.0128607888336665
MKRN4P	SRR1609452	1.2632705659263332
MKRN4P	SRR1609453	6.010990200829696
MKRN4P	SRR1609454	1.0160098618742288
MKRN4P	SRR1609455	1.2516237980743048
MKRN4P	SRR1609456	3.014497650318953
MKRN4P	SRR1609457	2.0131366164474453
MKRN4P	SRR1609458	2.481000753077414
MKRN4P	SRR1609459	2.007783307191192
MKRN4P	SRR1609460	2.0192830727646167
MKRN4P	SRR1609461	10.016820700779167
MKRN4P	SRR1609462	1.003694208229873
MKRN4P	SRR1609463	2.012869076173889
MKRN4P	SRR1609464	1.0111087674076973
MKRN4P	SRR1609465	2.023894907872155
MKRN4P	SRR1609466	1.1215996409238542
MKRN4P	SRR1609467	1.0119457665502067
MKRN4P	SRR1609468	1.0016655014224112
MKRN4P	SRR1609469	1.000179960941952
MKRN4P	SRR1609470	1.0048260094196193
MKRN4P	SRR1609471	2.004212793883314
MKRN4P	SRR1609472	1.0870773664114952
MKRN4P	SRR1609473	1.057486599398644
MKRN4P	SRR1609474	10.025530571389481
MKRN4P	SRR1609475	1.0217687791754089
MKRN4P	SRR1609476	0.9533092125603889
MKRN4P	SRR1609477	1.0056437263698823
MKRN4P	SRR1609478	1.0229981829413575
MKRN4P	SRR1609479	2.020777287324627
MKRN4P	SRR1609480	1
MKRN4P	SRR1609481	3.0312774599259025
MKRN4P	SRR1609482	3.0109081999209
MKRN4P	SRR1609483	1.0045226377310994
MKRN4P	SRR1609484	1.0079009294287338
MKRN4P	SRR1609485	2.0018002572549074
MKRN4P	SRR1609486	4.0129770270523135
MKRN4P	SRR1609487	6.023349921573576
MKRN4P	SRR1609488	1.0014405946684066
MKRN4P	SRR1609489	6.013153882418479
MKRN4P	SRR1609490	1.0163926080188865
MKRN4P	SRR1609491	1.0035263257491491
MKRN4P	SRR1609492	1
MKRN4P	SRR1609493	6.0268189496576126
MKRN4P	SRR1609494	1.005934875877056
MKRN4P	SRR1609495	1.0022324206205542
MKRN4P	SRR1609496	11.009079184116807
MKRN4P	SRR1609497	5.004500643137268
MKRN4P	SRR1609498	3.0010798628095343
MKRN4P	SRR1609499	2.0041948947473647
MKRN4P	SRR1609500	1.0017262519502124
MKRN4P	SRR1609501	1.001283700295524
MKRN4P	SRR1609502	1.012926575887802
MKRN4P	SRR1609503	1.2571824597395216
MKRN4P	SRR1609504	2
MKRN4P	SRR1609505	1
MKRN4P	SRR1609506	2.0393867911666272
MKRN4P	SRR1609507	5.030224400779269
MKRN4P	SRR1609508	10.005399799895061
MKRN4P	SRR1609509	2.012655473112701
MKRN4P	SRR1609510	1.0056036635982566
MKRN4P	SRR1609511	4.147901783380948
MKRN4P	SRR1609512	1.0033056112632286
MKRN4P	SRR1609513	3.009602055827516
MKRN4P	SRR1609514	1.0495788046288395
MKRN4P	SRR1609515	5.009906762751034
MKRN4P	SRR1609516	1.0041780100330324
MKRN4P	SRR1609517	8.179975591615367
MKRN4P	SRR1609518	2.003241629722264
MKRN4P	SRR1609519	5.008394198526288
MKRN4P	SRR1609520	1.0789502444393222
MKRN4P	SRR1609521	1.001616719884524
MKRN4P	SRR1609522	2.048109013889149
MKRN4P	SRR1609523	1.0047341339697147
MKRN4P	SRR1609524	1.016716170089433
MKRN4P	SRR1609525	1.0055187761067101
MKRN4P	SRR1609526	1.0203729733474096
MKRN4P	SRR1609527	8
MKRN4P	SRR1609528	1.0086549004496244
MKRN4P	SRR1609529	1.0253301392642815
MKRN4P	SRR1609530	1.0047952852118593
MKRN4P	SRR1609531	1.003794007351424
MKRN4P	SRR1609532	6.043236067950604
MKRN4P	SRR1609533	1.03822663399045
MKRN4P	SRR1609534	6.007746138133071
MKRN4P	SRR1609535	3.1326987040013994
MKRN4P	SRR1609536	1.0107618801660179
MKRN4P	SRR1609537	1.0038432721370993
MKRN4P	SRR1609538	8
MKRN4P	SRR1609539	1.0061942931737347
MKRN4P	SRR1609540	1
MKRN4P	SRR1609541	1.1002496061772749
MKRN4P	SRR1609542	1.002342020016362
MKRN4P	SRR1609543	1.002011990714717
MKRN4P	SRR1609544	1.0058458481595676
MKRN4P	SRR1609545	0.4196399895470789
MKRN4P	SRR1609546	2
MKRN4P	SRR1609547	1.005170859507078
MKRN4P	SRR1609548	5.089986285402235
MKRN4P	SRR1609549	1.0106959376016895
MKRN4P	SRR1609550	2
MKRN4P	SRR1609551	1.0113111021667518
MKRN4P	SRR1609552	1.0044644481525995
MKRN4P	SRR1609553	2.005222271977506
MKRN4P	SRR1609554	1.0090402771254097
MKRN4P	SRR1609555	6.020632029260447
MKRN4P	SRR1609556	3.06650593667156
MKRN4P	SRR1609557	1.0063043258211806
MKRN4P	SRR1609558	3.0128830781183527
MKRN4P	SRR1609559	1.0424968298454986
MKRN4P	SRR1609560	7.04985167990155
MKRN4P	SRR1609561	1.0025394930935652
MKRN4P	SRR1609562	1.0009887185978241
MKRN4P	SRR1609563	1.0044644481525995
MKRN4P	SRR1609564	1.0009001286274537
MKRN4P	SRR1609565	7.173500991171432
MKRN4P	SRR1609566	2.006699729492319
MKRN4P	SRR1609567	1.2581113184722956
MKRN4P	SRR1609568	1
MKRN4P	SRR1609569	1
MKRN4P	SRR1609570	1.01776654532237
MKRN4P	SRR1609571	4.096704000777156
MKRN4P	SRR1609572	1.0132366280807228
MKRN4P	SRR1609573	1.0198308819278206
MKRN4P	SRR1609574	4.020437563770426
MKRN4P	SRR1609575	1.0732532216417159
MKRN4P	SRR1609576	1.0039837461421828
MKRN4P	SRR1609577	1.004201371301441
MKRN4P	SRR1609578	1.0017663401829568
MKRN4P	SRR1609579	1.006701382721769
MKRN4P	SRR1609580	1.007678742360192
MKRN4P	SRR1609581	4.16721695645489
MKRN4P	SRR1609582	4.033112097478123
MKRN4P	SRR1609583	4.143039371332151
MKRN4P	SRR1609584	2.004023981429434
MKRN4P	SRR1609585	1.0008833591381059
MKRN4P	SRR1609586	1.077969249642432
MKRN4P	SRR1609587	1.0120049067559673
MKRN4P	SRR1609588	4.053621040171702
MKRN4P	SRR1609589	7.018395540985251
MKRN4P	SRR1609590	2.0005704927148478
MKRN4P	SRR1609591	1.0032708318049182
MKRN4P	SRR1609592	4.027379892013413
MKRN4P	SRR1609593	5.027679589254996
MKRN4P	SRR1609594	1.0253331007022206
MKRN4P	SRR1609595	2.0486124192547837
MKRN4P	SRR1609596	2.0052558688529287
MKRN4P	SRR1609597	1.0042087153660115
MKRN4P	SRR1609598	1.0275370706123974
MKRN4P	SRR1609599	1.0212178151540763
MKRN4P	SRR1609600	1.0308747019327569
MKRN4P	SRR1609601	1.028163738385504
MKRN4P	SRR1609602	1.1632163838991925
MKRN4P	SRR1609603	1
MKRN4P	SRR1609604	1.0069981117179123
MKRN4P	SRR1609605	1.007566475195609
MKRN4P	SRR1609606	1.0160829820750323
MKRN4P	SRR1609607	1.0049720004236289
MKRN4P	SRR1609608	1.019977620097426
MKRN4P	SRR1609609	1.0324178632829317
MKRN4P	SRR1609610	1
MKRN4P	SRR1609611	1.0171349305854593
MKRN4P	SRR1609612	9.021078180147258
MKRN4P	SRR1609613	1.000825380374255
MKRN4P	SRR1609614	1.0113691465526504
MKRN4P	SRR1609615	7.022185334135823
MKRN4P	SRR1609616	1
MKRN4P	SRR1609617	5
MKRN4P	SRR1609618	1.0032000079380652
MKRN4P	SRR1609619	2.0072721332806
MKRN4P	SRR1609620	1.0125434290578252
MKRN4P	SRR1609621	1.0085252077511602
MKRN4P	SRR1609622	1.0396027374078705
MKRN4P	SRR1609623	1.019001303004751
MKRN4P	SRR1609624	2.466332199581562
MKRN4P	SRR1609625	3.0046380383590288
MKRN4P	SRR1609626	1.007678742360192
MKRN4P	SRR1609627	2.0107986741916752
MKRN4P	SRR1609628	5.009532617750456
MKRN4P	SRR1609629	2.0321099467678017
MKRN4P	SRR1609630	7.019540967832381
MKRN4P	SRR1609631	1
MKRN4P	SRR1609632	1
MKRN4P	SRR1609633	1.003584460981328
MKRN4P	SRR1609634	2.016617710142049
MKRN4P	SRR1609635	2.0498610141162166
MKRN4P	SRR1609636	1.033526030779779
MKRN4P	SRR1609637	2.0081109844914873
MKRN4P	SRR1609638	5.121607756279074
MKRN4P	SRR1609639	8.044261400399048
MKRN4P	SRR1609640	1.000179960941952
MKRN4P	SRR1609641	1.000179960941952
MKRN4P	SRR1609642	1
MKRN4P	SRR1609643	1.0117732409494398
MKRN4P	SRR1609644	1.0010455492408952
MKRN4P	SRR1609645	2.0063386668959495
MKRN4P	SRR1609646	1.002342020016362
MKRN4P	SRR1609647	1.0206670235973925
MKRN4P	SRR1609648	1.003631963424637
MKRN4P	SRR1609649	1.0081274315088424
MKRN4P	SRR1609650	1.007432382777943
MKRN4P	SRR1609651	5.01697314223851
MKRN4P	SRR1609652	1.0035304285329265
MKRN4P	SRR1609653	1.0508063334876938
MKRN4P	SRR1609654	1.034357970588471
MKRN4P	SRR1609655	1.0068308408829232
MKRN4P	SRR1609656	1.014313308243783
MKRN4P	SRR1609657	1.0128509294871268
MKRN4P	SRR1609658	1.020049628429351
MKRN4P	SRR1609659	1.0079661790509038
MKRN4P	SRR1609660	4.015689400689953
MKRN4P	SRR1609661	1.0014712162978496
MKRN4P	SRR1609662	2.0093518642794934
MKRN4P	SRR1609663	1.0026585923618834
MKRN4P	SRR1609664	1.0072181752717069
MKRN4P	SRR1609665	8
MKRN4P	SRR1609666	1.016634410174343
MKRN4P	SRR1609667	1.002883264649812
MKRN4P	SRR1609668	1.1259515593418852
MKRN4P	SRR1609669	5.096204237994781
MKRN4P	SRR1746771	4.050601974135409
MKRN4P	SRR1746772	0.5855136605611979
MKRN4P	SRR1746773	0.7575803276764543
MKRN4P	SRR1746774	4.818351801236238
MKRN4P	SRR1746775	0.46877982774425603
MKRN4P	SRR1746776	2.4356897261397203
MKRN4P	SRR1746777	4.990865926273051
MKRN4P	SRR1746778	5.38514752237741
MKRN4P	SRR1746779	0.5934561762928517
MKRN4P	SRR1746780	0.528378273651414
MKRN4P	SRR1746781	5.136424996507458
MKRN4P	SRR1746782	4.017857792610398
MKRN4P	SRR1746783	7
MKRN4P	SRR1746784	0.9968262288032627
MKRN4P	SRR1782685	1.0161405129641194
MKRN4P	SRR1782686	2.0482121027641704
MKRN4P	SRR1782687	1.0122161471354907
MKRN4P	SRR1782688	1.0167551838847384
MKRN4P	SRR1782689	1.0178762408450857
MKRN4P	SRR1782690	1.0202611034833844
MKRN4P	SRR1782691	1.0017262519502124
MKRN4P	SRR1782692	2.016534678177334
MKRN4P	SRR1782693	1.0088465649237228
MKRN4P	SRR1782694	9.14474683867529
MKRN4P	SRR1782695	1.0007200381067656
MKRN4P	SRR1782696	5.016853570452414
MKRN4P	SRR1782697	1.0088260831599443
MKRN4P	SRR1782698	1.002086827591817
MKRN4P	SRR1782699	2.0484155580656553
MKRN4P	SRR1782700	1.0075703770631752
MKRN4P	SRR1782701	5.031169835983765
MKRN4P	SRR1782702	1.0106664184752785
MKRN4P	SRR1782703	3.011674960786788
MKRN4P	SRR1782704	8.126752580378021
MKRN4P	SRR1782705	4.096823307189709
MKRN4P	SRR1782706	10.025530571389481
MKRN4P	SRR1782707	1.0038166819322296
MKRN4P	SRR1782708	1.0527335559349638
MKRN4P	SRR1782709	1.0493889346936112
MKRN4P	SRR1782710	3
MKRN4P	SRR1782711	1.0112110690582374
MKRN4P	SRR1782712	1.0118242846464562
MKRN4P	SRR1782713	1.0217630104420437
MKRN4P	SRR1782714	1.0870554088778994
MKRN4P	SRR1782715	7.017347298103412
MKRN4P	SRR1782716	1.0149213103030237
MKRN4P	SRR1782717	5.004126901871276
MKRN4P	SRR1782718	2.028668899404299
MKRN4P	SRR1782719	1.007268477791188
MKRN4P	SRR1782720	1.0173889776699079
MKRN4P	SRR1782721	1.1215287864396823
MKRN4P	SRR1782722	1.0008833591381059
MKRN4P	SRR1782723	1.002192313736413
MKRN4P	SRR1782724	1.011129842073421
MKRN4P	SRR1782725	1.0685748274292985
MKRN4P	SRR1782726	4.029743285333667
MKRN4P	SRR1782727	1
MKRN4P	SRR1782728	2.060610160927
MKRN4P	SRR1782729	6.670892156305767
MKRN4P	SRR1782730	6.008194836315883
MKRN4P	SRR1782731	1.032101634718041
MKRN4P	SRR1782732	1.079233440701315
MKRN4P	SRR1782733	2.0193151617363463
MKRN4P	SRR1782734	2.0124773481394462
MKRN4P	SRR1782735	8.03662567688476
MKRN4P	SRR1782736	5.091327048823969
MKRN4P	SRR1782737	3.0048624445833965
MKRN4P	SRR1782738	1.049672343546831
MKRN4P	SRR1782739	1.0104534576807476
MKRN4P	SRR1782740	1.0115791944902102
MKRN4P	SRR1782741	1.0543086561909183
MKRN4P	SRR1782742	2
MKRN4P	SRR1782743	5.010059953573585
MKRN4P	SRR1782744	1.0050174895819426
MKRN4P	SRR1782745	2.0240551526391415
MKRN4P	SRR1782746	1.0198965760233896
MKRN4P	SRR1782747	7.051094943362336
MKRN4P	SRR1782748	1.014641893603255
MKRN4P	SRR1782749	3.038041774911453
MKRN4P	SRR1782750	1.0013658060526471
MKRN4P	SRR1782751	6.092900665512372
MKRN4P	SRR1782752	2.013299366515417
MKRN4P	SRR1782753	1.0009581117215416
MKRN4P	SRR1782754	2.0166205653704137
MKRN4P	SRR1782755	7.018802123297872
MKRN4P	SRR1782756	1.045262315535892
MKRN4P	SRR1782757	1.0014405946684066
MKRN4P	SRR1782758	1.0017262519502124
MKRN4P	SRR1782759	3.013288885570078
MKRN4P	SRR1782760	1.0142062491689723
MKRN4P	SRR1782761	1.123350924195671
MKRN4P	SRR1782762	1.0642762539094746
MKRN4P	SRR1782763	1.0054670736412705
MKRN4P	SRR1782764	1.0011509257737932
MKRN4P	SRR1782765	1.0032000079380652
MKRN4P	SRR1782766	1.0106768533425006
MKRN4P	SRR1782767	10.096583926938512
MKRN4P	SRR1782768	1.0064574381144438
MKRN4P	SRR1782769	1.0085350889190154
MKRN4P	SRR1782770	3.0139356375625392
MKRN4P	SRR1782771	1.0066334970935034
MKRN4P	SRR1782772	1.005368595357641
MKRN4P	SRR1782773	2.008717445707211
MKRN4P	SRR1782774	1.002553057138948
MKRN4P	SRR1782775	1.0200306175184897
MKRN4P	SRR1782776	1.0146067854880492
MKRN4P	SRR1782777	5.000899804709761
MKRN4P	SRR1782778	5.009158500691413
MKRN4P	SRR1782779	1.0282078532888332
MKRN4P	SRR1782780	1.0128988705381583
MKRN4P	SRR1782781	1.0344998484090346
MKRN4P	SRR1782782	1.0205283876020228
MKRN4P	SRR1782783	1.0063318507933232
MKRN4P	SRR1782784	2.00669152540118
MKRN4P	SRR1782785	2.0021605031148026
MKRN4P	SRR1782786	2.050172160469421
MKRN4P	SRR1782787	8
MKRN4P	SRR1782788	1.0037110248141228
MKRN4P	SRR1782789	1.0170195557347703
MKRN4P	SRR1782790	5.027969374468588
MKRN4P	SRR1782791	1.0059251235048385
MKRN4P	SRR1782792	1.0068477100204776
MKRN4P	SRR1782793	4.147884933330254
MKRN4P	SRR1782794	1.0068444629888977
MKRN4P	SRR1782795	1.0212178151540763
MKRN4P	SRR1782796	1.079602691613202
MKRN4P	SRR1782797	1.0253628024973167
MKRN4P	SRR1782798	1.0193000353281811
MKRN4P	SRR1782799	2.003241629722264
MKRN4P	SRR1782800	1.0017663401829568
MKRN4P	SRR1782801	2.011126843610475
MKRN4P	SRR1782802	8.0590220650462
MKRN4P	SRR1782803	2.0073335108039236
MKRN4P	SRR1782804	4.010811269225246
MKRN4P	SRR1782805	1.0018010674864533
MKRN4P	SRR1782806	1.0026585923618834
MKRN4P	SRR1782807	2.0703641844753693
MKRN4P	SRR1782808	10.262987270047478
MKRN4P	SRR1782809	1.0134179413952518
MKRN4P	SRR1782810	1.016644694920719
MKRN4P	SRR1782811	1.0030944157282213
MKRN4P	SRR1782812	1.0125567250497436
MKRN4P	SRR1782813	1.006256696893515
MKRN4P	SRR1782814	1.0129566741382754
MKRN4P	SRR1782815	4.248485339578364
MKRN4P	SRR1782816	1.0005399799895063
MKRN4P	SRR1782817	1.0034661181326476
MKRN4P	SRR1782818	4.053523479360602
MKRN4P	SRR1782819	1.027675196028744
MKRN4P	SRR1782820	4.142351010071265
MKRN4P	SRR1782821	1.0027028173063115
MKRN4P	SRR1782822	1.0078594513453938
MKRN4P	SRR1782823	3.011357965758952
MKRN4P	SRR1782824	1.0056828803089768
MKRN4P	SRR1782825	1.005809645020963
MKRN4P	SRR1782826	1.0068169239958968
MKRN4P	SRR1782827	1.0132807415847052
MKRN4P	SRR1782828	4
MKRN4P	SRR1782829	1
MKRN4P	SRR1782830	1.0393262126274254
MKRN4P	SRR1782831	1.0734003069580385
MKRN4P	SRR1782832	1.0325772296717781
MKRN4P	SRR1782833	1.023057146473477
MKRN4P	SRR1782834	1.000179960941952
MKRN4P	SRR1782835	1.1149797381951183
MKRN4P	SRR1782836	0.5562704904398946
MKRN4P	SRR1782837	1.0276203307721452
MKRN4P	SRR1782838	1.0129819287449684
MKRN4P	SRR1782839	1.013725326520963
MKRN4P	SRR1782840	1.0083257489722468
MKRN4P	SRR1782841	1.0148514356353688
MKRN4P	SRR1782842	2
MKRN4P	SRR1782843	5.120743745922063
MKRN4P	SRR1782844	1.000179960941952
MKRN4P	SRR1782845	1.0187962690189396
MKRN4P	SRR1782846	2.0108430008044706
MKRN4P	SRR1782847	1.2337368978097534
MKRN4P	SRR1782848	2.4671674398878802
MKRN4P	SRR1782849	2.4807645009329224
MKRN4P	SRR1782850	1.2517458229536382
MKRN4P	SRR1782851	1.2634697131512598
MKRN4P	SRR1782852	1.2639231424855961
MKRN4P	SRR1782853	1.2584335321033158
MKRN4P	SRR1782854	2.0065498670882853
MKRN4P	SRR1782855	9.021629874053131
MKRN4P	SRR1782856	1.0052935133947416
MKRN4P	SRR1782857	1.0069866303229194
MKRN4P	SRR1782858	1.0010054898524368
MKRN4P	SRR1782859	1.001620814861132
MKRN4P	SRR1782860	3.006801492243685
MKRN4P	SRR1782861	6.011154616636706
MKRN4P	SRR1782862	2.009211374738175
MKRN4P	SRR1782863	9.023500223898779
MKRN4P	SRR1782864	1.0129045923036408
MKRN4P	SRR1782865	3.012708549053701
MKRN4P	SRR1782866	1.0035136149744603
MKRN4P	SRR1782867	1.0165396388547423
MKRN4P	SRR1782868	2.0072721332806
MKRN4P	SRR1782869	1.0034248015445335
MKRN4P	SRR1782870	1.0024781854433447
MKRN4P	SRR1782871	1.0052491741857592
MKRN4P	SRR1782872	1.0027028173063115
MKRN4P	SRR1782873	2.009228987682498
MKRN4P	SRR1782874	10.064416136698789
MKRN4P	SRR1782875	1.0051528561314607
MKRN4P	SRR1782876	4.015744908195231
MKRN4P	SRR1782877	4.013541297626675
MKRN4P	SRR1782878	1.0078282441722788
MKRN4P	SRR1782879	1.0143624914943958
MKRN4P	SRR1782880	1.0042361830179003
MKRN4P	SRR1782881	1.0041611856247215
MKRN4P	SRR1782882	1.003529408876886
MKRN4P	SRR1782883	5.009005337432267
MKRN4P	SRR1782884	7.0050402667473595
MKRN4P	SRR1782885	1
MKRN4P	SRR1782886	1.0055495224370705
MKRN4P	SRR1782887	1.0009001286274537
MKRN4P	SRR1782888	1.0032442567630784
MKRN4P	SRR1782889	1.0043144248742466
MKRN4P	SRR1782890	1.001546012786343
MKRN4P	SRR1782891	1.0007200381067656
MKRN4P	SRR1782892	1.0018317001382826
MKRN4P	SRR1782893	1.0038748339850176
MKRN4P	SRR1782894	1.011191678825168
MKRN4P	SRR1782895	1.0036667554019618
MKRN4P	SRR1782896	6.012869276595013
MKRN4P	SRR1782897	2.005506119018947
MKRN4P	SRR1782898	1.0022671640812284
MKRN4P	SRR1782899	1.0037625733547102
MKRN4P	SRR1782900	11.011060388376805
MKRN4P	SRR1782901	2.0019657575437457
MKRN4P	SRR1782902	1
MKRN4P	SRR1782903	2.005106114277896
MKRN4P	SRR1782904	1
MKRN4P	SRR1782905	2.004173655183634
MKRN4P	SRR1782906	1.0063487115704537
MKRN4P	SRR1782907	1.0048842199437062
MKRN4P	SRR1782908	6.018301041072343
MKRN4P	SRR1782909	5.017124007722667
MKRN4P	SRR1782910	1
MKRN4P	SRR1782911	4.027624150654395
MKRN4P	SRR1782912	0.9538079228387495
MKRN4P	SRR1782913	1
MKRN4P	SRR1782914	1.0027028173063115
MKRN4P	SRR1782915	1
MKRN4P	SRR1782916	1.0105701140314456
MKRN4P	SRR1782917	1.0032306833661075
MKRN4P	SRR1782918	1.0010802515574013
MKRN4P	SRR1782919	1
MKRN4P	SRR1782920	5.005027449262184
MKRN4P	SRR1782921	2.004173655183634
MKRN4P	SRR1782922	1.1863691226303883
MKRN4P	SRR1782923	3.0167284756300004
MKRN4P	SRR1782924	2.010253051415671
MKRN4P	SRR1782925	1.0034829308953188
MKRN4P	SRR1782926	1.0073409688920356
MKRN4P	SRR1782927	5.014195158733106
MKRN4P	SRR1782928	1.0071660004775882
MKRN4P	SRR1782929	5.043120295836122
MKRN4P	SRR1782930	1.0028390317466211
MKRN4P	SRR1782931	2.005338436406242
MKRN4P	SRR1782932	1.003731881663257
MKRN4P	SRR1782933	1.0649351792796355
MKRN4P	SRR1782934	1.005851477940036
MKRN4P	SRR1782935	1.004495162244163
MKRN4P	SRR1782936	1.0252329438970447
MKRN4P	SRR1782937	1.0078568348794155
MKRN4P	SRR1782938	1.2574474178148516
MKRN4P	SRR1782939	1.0047411238848365
MKRN4P	SRR1782940	7.0186101465331845
MKRN4P	SRR1782941	1.0078123826132555
MKRN4P	SRR1782942	6.023590970915238
MKRN4P	SRR1782943	1.004614493841249
MKRN4P	SRR1782944	1.0012910230221785
MKRN4P	SRR1782945	4.020996696743037
MKRN4P	SRR1782946	1.002086827591817
MKRN4P	SRR1782947	2.004173655183634
MKRN4P	SRR1782948	8
MKRN4P	SRR1782949	1.002447533024164
MKRN4P	SRR1782950	8
MKRN4P	SRR1782951	3.009894821409948
MKRN4P	SRR1782952	0.4225136299867726
MKRN4P	SRR1782953	5.009532617750456
MKRN4P	SRR1782954	1.126108257274077
MKRN4P	SRR1782955	1.033842034247493
MKRN4P	SRR1782956	7.10616705195641
MKRN4P	SRR1782957	5.09655982924781
MKRN4P	SRR1782958	8.043795415698805
MKRN4P	SRR1782959	1.0579165678317932
MKRN4P	SRR1782960	1
MKRN4P	SRR1782961	1.0036360666403
MKRN4P	SRR1782962	1.007295005653179
MKRN4P	SRR1782963	1.0068921197371672
MKRN4P	SRR1782964	2.0007199085396894
MKRN4P	SRR1782965	1.0030596435909767
MKRN4P	SRR1782966	7
MKRN4P	SRR1782967	1.0040206867929065
MKRN4P	SRR1782968	1.0010455492408952
MKRN4P	SRR1782969	1.0119783968398457
MKRN4P	SRR1782970	1.012507584036827
MKRN4P	SRR1782971	1.0167967514698188
MKRN4P	SRR1782972	1.0056022027105522
MKRN4P	SRR1782973	1.0512612155664167
MKRN4P	SRR1782974	1
MKRN4P	SRR1782975	1.0394713474480297
MKRN4P	SRR1782976	2.0195905123843594
MKRN4P	SRR1782977	1.0003599542698447
MKRN4P	SRR1782978	1.0167008005288674
MKRN4P	SRR1782979	1.0083829961716155
MKRN4P	SRR1782980	1.0017262519502124
MKRN4P	SRR1782981	7.0861269969886065
MKRN4P	SRR1782982	1.0058055966749162
MKRN4P	SRR1782983	1.0009581117215416
MKRN4P	SRR1782984	2.0007199085396894
MKRN4P	SRR1782985	1.0068308408829232
MKRN4P	SRR1782986	1.0029888346325269
MKRN4P	SRR1782987	1.0012604069024411
MKRN4P	SRR1782988	1
MKRN4P	SRR1782989	1.0430979490658228
MKRN4P	SRR1782990	2.0268237131486146
MKRN4P	SRR1782991	2.0082674400482907
MKRN4P	SRR1782992	1.002447533024164
MKRN4P	SRR1782993	1.0207811101132158
MKRN4P	SRR1782994	2
MKRN4P	SRR1782995	1.0083014810209638
MKRN4P	SRR1782996	1
MKRN4P	SRR1782997	1.004495162244163
MKRN4P	SRR1782998	1.0036360666403
MKRN4P	SRR1782999	3.0639363723308892
MKRN4P	SRR1783000	1.0038996732048098
MKRN4P	SRR1783001	2.0327075988848597
MKRN4P	SRR1783002	1.056652332155794
MKRN4P	SRR1783003	1
MKRN4P	SRR1783004	2.009182118566338
MKRN4P	SRR1783005	1.015882624326654
MKRN4P	SRR1783006	3.071339805547273
MKRN4P	SRR1813867	1.0482498991450804
MKRN4P	SRR1813868	1.0188667378001919
MKRN4P	SRR1813869	2.0201797430371355
MKRN4P	SRR1813870	0.6251937931019956
MKRN4P	SRR1813871	0.562192920264915
MKRN4P	SRR1813872	0.8355787689137504
MKRN4P	SRR1813873	0.5632955981084536
MKRN4P	SRR1813874	1.010178402682137
MKRN4P	SRR1813875	2
MKRN4P	SRR1813876	1.0053337443862558
MKRN4P	SRR1813877	0.5427152664808346
MKRN4P	SRR1813878	1.0007200381067656
MKRN4P	SRR1813879	1
MKRN4P	SRR1813880	1
MKRN4P	SRR1813881	1.0197571530664682
MKRN4P	SRR1813882	0.6495027477914479
MKRN4P	SRR1813883	1.000825380374255
MKRN4P	SRR1813884	1.012768265660338
MKRN4P	SRR1813885	2
MKRN4P	SRR1813886	1.0012604069024411
MKRN4P	SRR1813887	1.0105363153624978
MKRN4P	SRR1928188	1.0081784003065664
MKRN4P	SRR1928189	5.036564530334839
MKRN4P	SRR1928190	1.0087951767762386
MKRN4P	SRR1928191	6.067935140984066
MKRN4P	SRR1928192	1.0128988705381583
MKRN4P	SRR1928193	1.015364236413795
MKRN4P	SRR2046996	1.00858822452488
MKRN4P	SRR2046997	1.0111153757740123
MKRN4P	SRR2046998	2.0404863785504275
MKRN4P	SRR2046999	2.015357484720384
MKRN4P	SRR2047000	1.0106982750881945
MKRN4P	SRR2047001	1.0094399707348267
MKRN4P	SRR2047002	15.282641564979532
MKRN4P	SRR2047003	23.54693850919576
MKRN4P	SRR2047004	22.17488440582938
MKRN4P	SRR2047005	24.19546373688887
MKRN4P	SRR2047006	2.030427664330975
MKRN4P	SRR2047007	16.420544754866413
MKRN4P	SRR2047008	2.025034880082311
MKRN4P	SRR2047009	24.444248628091387
MKRN4P	SRR2313973	1.0126842466806711
MKRN4P	SRR2313974	1.0074072425695189
MKRN4P	SRR2313975	1.0102481457588257
MKRN4P	SRR2313976	1.0146655626217738
MKRN4P	SRR2313977	1.0086919531101515
MKRN4P	SRR2313978	1.026320422451999
MKRN4P	SRR2313979	1.0103515286766147
MKRN4P	SRR2313980	1.005836351775555
MKRN4P	SRR2313981	1.003584460981328
MKRN4P	SRR2313982	2.0263011568867912
MKRN4P	SRR2313983	1.0167862737972515
MKRN4P	SRR2313984	1.0054595072071568
MKRN4P	SRR2313985	1.0189547489838953
MKRN4P	SRR2313986	1.006188548591034
MKRN4P	SRR2313987	1.0033330542129326
MKRN4P	SRR2313988	1.0090381299656352
MKRN4P	SRR2313989	1.0105895564048322
MKRN4P	SRR2313990	2.0309231864580846
MKRN4P	SRR2313991	1.016510074800994
MKRN4P	SRR2313992	1.014686192824186
MKRN4P	SRR2313993	1.0103672884396626
MKRN4P	SRR2313994	1.0212939489113868
MKRN4P	SRR2313995	1.0041337200241454
MKRN4P	SRR2313996	1.004535361286343
MKRN4P	SRR2313997	1.0121911663041532
MKRN4P	SRR2313998	1.0240939627595231
MKRN4P	SRR2313999	1.009295092615731
MKRN4P	SRR2314000	1.0085380459332074
MKRN4P	SRR2314001	1.0137250295317557
MKRN4P	SRR2314002	1.0107561095059667
MKRN4P	SRR2314003	1.0216964429597561
MKRN4P	SRR2314004	2.015870717654586
MKRN4P	SRR2314005	3.028510399337045
MKRN4P	SRR2314006	3.0563613060102344
MKRN4P	SRR2314007	1.0060180422728575
MKRN4P	SRR2314008	1.0013184108677915
MKRN4P	SRR2314009	1.0082228687169175
MKRN4P	SRR2314010	2.0131490112436885
MKRN4P	SRR2314011	1.0070596957891693
MKRN4P	SRR2314012	1.0072545548549394
MKRN4P	SRR2314013	1.0115556615875927
MKRN4P	SRR2314014	1.011441792883926
MKRN4P	SRR2314015	1.0077674777082104
MKRN4P	SRR2314016	1.0032306833661075
MKRN4P	SRR2314017	1.0193139826231485
MKRN4P	SRR2314018	1.037183848807375
MKRN4P	SRR2314019	1.00338054475646
MKRN4P	SRR2314020	1.016563630576381
MKRN4P	SRR2314021	1.00503432833736
MKRN4P	SRR2314022	1.0122161471354907
MKRN4P	SRR2314023	1.0097198436416865
MKRN4P	SRR2314024	1.012946813858373
MKRN4P	SRR2314025	2.009713469133702
MKRN4P	SRR2314026	1.0219330614415651
MKRN4P	SRR2314027	1.007384020296009
MKRN4P	SRR2314028	1.0028664619341938
MKRN4P	SRR2314029	1.002342020016362
MKRN4P	SRR2314030	2.009451248447894
MKRN4P	SRR2314031	1.0172769075048627
MKRN4P	SRR2314032	1.017287384279533
MKRN4P	SRR2314033	1.024065959569855
MKRN4P	SRR2314034	1.0293297863593514
MKRN4P	SRR2314035	1.046856177985374
MKRN4P	SRR2314036	1.017280352612803
MKRN4P	SRR2314037	1.0133200709899204
MKRN4P	SRR2314038	1.0057304820763078
MKRN4P	SRR2314039	2.0215518231349687
MKRN4P	SRR2314040	1.0391610375751816
MKRN4P	SRR2314041	1.00751106329803
MKRN4P	SRR2314042	1.004072314883195
MKRN4P	SRR2314043	1.0088969487682873
MKRN4P	SRR2314044	1.0042394216378854
MKRN4P	SRR2314045	1.007491229092778
MKRN4P	SRR3493774	1
MKRN4P	SRR3493775	1
MKRN4P	SRR3493776	0.91904809301052
MKRN4P	SRR3493777	1.0006453033029128
MKRN4P	SRR3493778	1
MKRN4P	SRR3493779	1.0033498647461594
MKRN4P	SRR3493780	1.0498142493709828
MKRN4P	SRR3493781	1
MKRN4P	SRR3493782	2.016531620838797
MKRN4P	SRR3493783	1.0025837127848007
MKRN4P	SRR3493784	1.0206706748019738
MKRN4P	SRR3493785	2.00165076074851
MKRN4P	SRR3493786	1.0406653004374282
MKRN4P	SRR3493787	1
MKRN4P	SRR3493788	2
MKRN4P	SRR3493789	1.0182148740097388
MKRN4P	SRR3493790	1
MKRN4P	SRR3493791	1.0014405946684066
MKRN4P	SRR3493792	1.0007200381067656
MKRN4P	SRR3493793	1.0095628196007407
MKRN4P	SRR3493794	1.0030944157282213
MKRN4P	SRR3493795	1.0036053788169974
MKRN4P	SRR3493796	1.0081167478238944
MKRN4P	SRR3493797	1
MKRN4P	SRR3493798	1.010988724395538
MKRN4P	SRR3493799	1
MKRN4P	SRR3493800	1.0071349096622415
MKRN4P	SRR3493801	1.0089319232619702
MKRN4P	SRR3493802	1
MKRN4P	SRR3493803	2
MKRN4P	SRR3493804	1.0007200381067656
MKRN4P	SRR3493805	1.002342020016362
MKRN4P	SRR3493806	1
MKRN4P	SRR3493807	1
MKRN4P	SRR3493808	1.0019371594265116
MKRN4P	SRR3493809	1.0032306833661075
MKRN4P	SRR3493810	1
MKRN4P	SRR3493811	1
MKRN4P	SRR3493812	1.0007200381067656
MKRN4P	SRR3493813	1.0018010674864533
MKRN4P	SRR3493814	1
MKRN4P	SRR3493815	0.740058073222207
MKRN4P	SRR3493816	1
MKRN4P	SRR3493817	2.0056167365879425
MKRN4P	SRR3493818	1.0034513813688428
MKRN4P	SRR3493819	1
MKRN4P	SRR3493820	1.1218742596374018
MKRN4P	SRR3493821	1.0115011358570332
MKRN4P	SRR3493822	1
MKRN4P	SRR3493823	0.7868007166291554
MKRN4P	SRR3493824	1.5565048540152655
MKRN4P	SRR3493825	1.0012910230221785
MKRN4P	SRR3493826	1.0007200381067656
MKRN4P	SRR3493827	1
MKRN4P	SRR3493828	1
MKRN4P	SRR3493829	1.002342020016362
MKRN4P	SRR3493830	0.6210192465068755
MKRN4P	SRR3493831	1.0044169063073385
MKRN4P	SRR3493832	1.000179960941952
MKRN4P	SRR3493833	0.6422865251548932
MKRN4P	SRR3493834	1
MKRN4P	SRR3493835	1.0050511673749054
MKRN4P	SRR3493836	1
MKRN4P	SRR3493837	1.0006453033029128
MKRN4P	SRR3493838	1
MKRN4P	SRR3493839	1.0081612135148976
MKRN4P	SRR3493840	1.0191397315498472
MKRN4P	SRR3493841	1.00216167005823
MKRN4P	SRR3493846	1.0227563759529175
MKRN4P	SRR3493847	1.0366265711095628
MKRN4P	SRR3493848	1.000179960941952
MKRN4P	SRR3493849	0.6191823778231276
MKRN4P	SRR3493850	1
MKRN4P	SRR3714631	1
MKRN4P	SRR3714632	1.005532675049881
MKRN4P	SRR3714633	1.0113714976183878
MKRN4P	SRR3714634	1.006256696893515
MKRN4P	SRR3714635	2
MKRN4P	SRR3714636	1
MKRN4P	SRR3714637	1
MKRN4P	SRR3714638	1
MKRN4P	SRR3714639	0.5753327031081422
MKRN4P	SRR3714640	1.4822101487964965
MKRN4P	SRR3714641	3.1564075203361632
MKRN4P	SRR3714642	0.5854408237304336
MKRN4P	SRR3714643	0.6509238380690622
MKRN4P	SRR3714644	0.7409205532322277
MKRN4P	SRR3714645	1.0062673608662638
MKRN4P	SRR3714646	1.000179960941952
MKRN4P	SRR3714648	2.723579436570745
MKRN4P	SRR3714649	0.950704107482473
MKRN4P	SRR3714650	2.0133248675093713
MKRN4P	SRR3714651	1.6122620946880917
MKRN4P	SRR3714652	4.40033928889374
MKRN4P	SRR3714653	1
MKRN4P	SRR3714654	1
MKRN4P	SRR3714655	6.003239879937037
MKRN4P	SRR3714656	2.0367646162042883
MKRN4P	SRR3714657	0.5592759085536376
MKRN4P	SRR3714658	3.8753277396346055
MKRN4P	SRR3714659	1.0426655788987276
MKRN4P	SRR3714660	1
MKRN4P	SRR3714661	1
MKRN4P	SRR3714662	1.0107865634480706
MKRN4P	SRR3714663	1.0005399799895063
MKRN4P	SRR3714664	0.8886441072949159
MKRN4P	SRR3714665	1
MKRN4P	SRR3714666	1
MKRN4P	SRR3714667	0.7758465015764936
MKRN4P	SRR3714668	3
MKRN4P	SRR3714669	1.5631167331807976
MKRN4P	SRR3714670	1.0131789146255041
MKRN4P	SRR3714671	1.0010054898524368
MKRN4P	SRR3714672	2.0050176775996045
MKRN4P	SRR3714673	1.2272196852617974
MKRN4P	SRR3714674	1.3424891868645337
MKRN4P	SRR3714675	0.7436785228315872
MKRN4P	SRR3714676	2
MKRN4P	SRR3714677	1.002192313736413
MKRN4P	SRR3714678	0.5608953692102709
MKRN4P	SRR3714679	2.0027316121052943
MKRN4P	SRR3714680	1.0014238161238702
MKRN4P	SRR3714681	1.0032581242663439
MKRN4P	SRR3714682	3.7007580818598558
MKRN4P	SRR3714683	1.0019118866481316
MKRN4P	SRR3714684	2.918694157255666
MKRN4P	SRR3714685	1.0015860938060694
MKRN4P	SRR3714686	0.6825454531864573
MKRN4P	SRR3714688	1.0072151869090182
MKRN4P	SRR3714689	0.7651409664245631
MKRN4P	SRR3714690	0.78596420673364
MKRN4P	SRR3714691	8
MKRN4P	SRR3714692	0.7275899328557139
MKRN4P	SRR3714693	0.6727083805760267
MKRN4P	SRR3714694	0.8308269621955467
MKRN4P	SRR3714695	0.9104150817781187
MKRN4P	SRR3714696	1
MKRN4P	SRR3714697	1.008941448872144
MKRN4P	SRR3714698	1.0129099016527614
MKRN4P	SRR3714699	4.104551575496565
MKRN4P	SRR3714700	0.8067877973810842
MKRN4P	SRR3714701	0.743627175493714
MKRN4P	SRR3714702	2.887859053680048
MKRN4P	SRR3714703	6.005400771764722
MKRN4P	SRR3714704	0.7225201876559582
MKRN4P	SRR3714705	1.7901801386218725
MKRN4P	SRR3714706	1.0348625162168688
MKRN4P	SRR3714707	1.000465258632579
MKRN4P	SRR3714708	1.0229861853499778
MKRN4P	SRR3714709	0.8865915789026881
MKRN4P	SRR3714710	1.5826916355087948
MKRN4P	SRR3714711	1.340885762801054
MKRN4P	SRR3714712	1
MKRN4P	SRR3714713	2
MKRN4P	SRR3714714	6
MKRN4P	SRR3714715	1.0045976621199102
MKRN4P	SRR3714716	1
MKRN4P	SRR3714717	1
MKRN4P	SRR3714718	1
MKRN4P	SRR3714719	0.5293693050752714
MKRN4P	SRR3714720	1.6203820347223812
MKRN4P	SRR3714721	1.1829877853637707
MKRN4P	SRR3714723	0.6080213504916173
MKRN4P	SRR3714724	1.0027736060725236
MKRN4P	SRR3714725	1.0122888422733813
MKRN4P	SRR3714726	0.6054535635324834
MKRN4P	SRR3714727	0.9379266482789932
MKRN4P	SRR3714728	1.0080722840940834
MKRN4P	SRR3714729	2.0516186115117376
MKRN4P	SRR3714730	0.8026363966289812
MKRN4P	SRR3714731	3.0005398828258563
MKRN4P	SRR3714732	2.7158328847271442
MKRN4P	SRR3714734	0.5355782267326148
MKRN4P	SRR3714735	2.0315327132520324
MKRN4P	SRR3714736	0.8353423023921218
MKRN4P	SRR3714737	1
MKRN4P	SRR3714738	0.9022710971454205
MKRN4P	SRR3714739	0.6763742521696835
MKRN4P	SRR3714740	0.7725589357945342
MKRN4P	SRR3714741	2.001916223443083
MKRN4P	SRR3714744	0.9409895450736933
MKRN4P	SRR3714745	1.0402451473540792
MKRN4P	SRR3714746	1.008355710513067
MKRN4P	SRR3714747	0.5522966072361245
MKRN4P	SRR3714748	0.6338577240741132
MKRN4P	SRR3714749	2.0411551381882846
MKRN4P	SRR3714750	1.3862230736915433
MKRN4P	SRR3714751	1.000825380374255
MKRN4P	SRR3714752	1
MKRN4P	SRR3714753	1.0075653100732087
MKRN4P	SRR3714754	1
MKRN4P	SRR3714755	1.378354025791356
MKRN4P	SRR3714756	1.0214197456593945
MKRN4P	SRR3714757	2.9027860055887986
MKRN4P	SRR3714758	7.529083533095352
MKRN4P	SRR3714759	0.5236983777079908
MKRN4P	SRR3714760	1.0006453033029128
MKRN4P	SRR3714761	1.000124712645935
MKRN4P	SRR3714762	1.8592407475048591
MKRN4P	SRR3714764	1
MKRN4P	SRR3714765	0.8529917412834348
MKRN4P	SRR3714766	4
MKRN4P	SRR3714767	1.3580020974738245
MKRN4P	SRR3714768	10
MKRN4P	SRR5176628	5.03404345786241
MKRN4P	SRR5176629	1.0056828803089768
MKRN4P	SRR5176630	7.01553808364227
MKRN4P	SRR5176631	2.0191108727601597
MKRN4P	SRR5176632	1.0028083682939712
MKRN4P	SRR5176633	1.0063933941186642
MKRN4P	SRR5176634	4.158341759271433
MKRN4P	SRR5176635	5.030462495288221
MKRN4P	SRR5176636	4.103781707537847
MKRN4P	SRR5176637	1.0295349916779901
MKRN4P	SRR5176638	1.122472464979261
MKRN4P	SRR5176639	7
MKRN4P	SRR5176640	1.0439825147124846
MKRN4P	SRR5176641	1.0145674663519957
MKRN4P	SRR5176642	1.0019065235500912
MKRN4P	SRR5176643	2.0034525039004247
MKRN4P	SRR5176644	5.000899804709761
MKRN4P	SRR5176645	1.038132905050157
MKRN4P	SRR5176646	1.018354954225084
MKRN4P	SRR5176647	1.0057887449973542
MKRN4P	SRR5176648	1.0028083682939712
MKRN4P	SRR5176649	1.0066452728062618
MKRN4P	SRR5176650	1.0238007506984588
MKRN4P	SRR5176651	7.111057143387518
MKRN4P	SRR5176652	1.0055051719366213
MKRN4P	SRR5176653	7.018684527421846
MKRN4P	SRR5176654	8.064604759277925
MKRN4P	SRR5176655	1.00118563174329
MKRN4P	SRR5176656	1.069687850829972
MKRN4P	SRR5176657	1.0798186787512312
MKRN4P	SRR5176658	1.001620814861132
MKRN4P	SRR5176659	5.010724397162511
MKRN4P	SRR5176660	2.002249828003708
MKRN4P	SRR5176661	8.042948762861128
MKRN4P	SRR5176662	6.771679254272275
MKRN4P	SRR5176663	1.0062735564114655
MKRN4P	SRR5176664	8
MKRN4P	SRR5176665	2.017411791830132
MKRN4P	SRR5176666	7.026558051459968
MKRN4P	SRR5176667	1.0784326276989211
MKRN4P	SRR5176668	5.021619534446595
MKRN4P	SRR5176669	1.0094259876059126
MKRN4P	SRR5176670	8.051147152949314
MKRN4P	SRR5176671	1.0017842829024082
MKRN4P	SRR5176672	3.0164232808870515
MKRN4P	SRR5176673	1.0047509679775968
MKRN4P	SRR5176674	1.0022978109851632
MKRN4P	SRR5176675	3.012534030099097
MKRN4P	SRR5176676	1.0182154548374127
MKRN4P	SRR5176677	6.00864356801044
MKRN4P	SRR5176678	1.0221313973041704
MKRN4P	SRR5176679	1.008843607004959
MKRN4P	SRR5176680	10.028083682939712
MKRN4P	SRR5176681	5.005401257787007
MKRN4P	SRR5176682	4.038856127555541
MKRN4P	SRR5176683	1.004495162244163
MKRN4P	SRR5176684	1.0026279344264644
MKRN4P	SRR5176685	9.026472263659661
MKRN4P	SRR5176686	1.0042610311786755
MKRN4P	SRR5176687	3.0132604365304463
MKRN4P	SRR5176688	1.0130567972055589
MKRN4P	SRR5176689	2.0146601567939557
MKRN4P	SRR5176690	1.0250785821196775
MKRN4P	SRR5176691	1.0009001286274537
MKRN4P	SRR5176692	1.0096679251628273
MKRN4P	SRR5176693	1.0072548499485035
MKRN4P	SRR5176694	1
MKRN4P	SRR5176695	1.0138275958896568
MKRN4P	SRR5176696	1.1276067886443841
MKRN4P	SRR5176697	2.054218604019587
MKRN4P	SRR5176698	1.164477770967963
MKRN4P	SRR5176699	1.0242455710874605
MKRN4P	SRR5176700	1.0887470529698755
MKRN4P	SRR5176701	1.0339279043721292
MKRN4P	SRR5176702	2
MKRN4P	SRR5176703	1.0222386939864545
MKRN4P	SRR5176704	2.008717445707211
MKRN4P	SRR5176705	1.0020393982806224
MKRN4P	SRR5176706	2.0537462463078593
MKRN4P	SRR5176707	1.0193297719483747
MKRN4P	SRR5176708	1.0095002108494255
MKRN4P	SRR5176709	2.0095019359551936
MKRN4P	SRR5176710	8
MKRN4P	SRR5176711	5.00951213702703
MKRN4P	SRR5176712	2.024897863819215
MKRN4P	SRR5176713	1.0086581533197898
MKRN4P	SRR5176714	1.0597737530480678
MKRN4P	SRR5176715	1.0012604069024411
MKRN4P	SRR5176716	1.001964564945592
MKRN4P	SRR5176717	1.006427797534363
MKRN4P	SRR5176718	1.0085688845855312
MKRN4P	SRR5176719	5.011642294131033
MKRN4P	SRR5176720	1
MKRN4P	SRR5176721	2
MKRN4P	SRR5176722	1.01939507511747
MKRN4P	SRR5176723	1.0093325243947782
MKRN4P	SRR5176724	1.0053169006142997
MKRN4P	SRR5176725	1.0121298614748808
MKRN4P	SRR5176726	3
MKRN4P	SRR5176727	10.005705740803322
MKRN4P	SRR5176728	1.0243749333461307
MKRN4P	SRR5176729	3.0056153777729224
MKRN4P	SRR5176730	1.0063794832782318
MKRN4P	SRR5176731	6.027236809172567
MKRN4P	SRR5176732	1
MKRN4P	SRR5176733	5.01109863117305
MKRN4P	SRR5176734	1.0806477792257758
MKRN4P	SRR5176735	3.0069853764786196
MKRN4P	SRR5176736	6.01162295655907
MKRN4P	SRR5176737	2.005794254326413
MKRN4P	SRR5176738	1.0106397277698875
MKRN4P	SRR5176739	1.0078091324706568
MKRN4P	SRR5176740	1.004072314883195
MKRN4P	SRR5176741	1.0408847329279391
MKRN4P	SRR5176742	1.010291833169212
MKRN4P	SRR5176743	2.022925748981882
MKRN4P	SRR5176744	1.0131637081071394
MKRN4P	SRR5176745	4.035409802508561
MKRN4P	SRR5176746	2.00443945246922
MKRN4P	SRR5176747	1
MKRN4P	SRR5176748	1.0012604069024411
MKRN4P	SRR5176749	1.0161679489713202
MKRN4P	SRR5176750	2.0318178777787947
MKRN4P	SRR5176751	7.0249277984510154
MKRN4P	SRR5176752	2.008944944675189
MKRN4P	SRR5176753	1.002611135988753
MKRN4P	SRR5176754	1.0052184370390407
MKRN4P	SRR5176755	2.000930517265158
MKRN4P	SRR5176756	1.0283814664958064
MKRN4P	SRR5176757	1.0554499963578214
MKRN4P	SRR5176758	7.076583623094133
MKRN4P	SRR5176759	5.13451945024128
MKRN4P	SRR5176760	1.0056861235945007
MKRN4P	SRR5176761	1.0058055966749162
MKRN4P	SRR5176762	1.0740318196782621
MKRN4P	SRR5176763	2.014863405166052
MKRN4P	SRR5176764	1.0007200381067656
MKRN4P	SRR5176765	1.0016514420012725
MKRN4P	SRR5176766	7.019658578057799
MKRN4P	SRR5176767	2.0020109797048735
MKRN4P	SRR5176768	1.0148664495753779
MKRN4P	SRR5176769	1.002883264649812
MKRN4P	SRR5176770	2.0045956219703265
MKRN4P	SRR5176771	1.002412783311024
MKRN4P	SRR5176772	1.0061984068651417
MKRN4P	SRR5176773	1.0074020636341914
MKRN4P	SRR5176774	8.04879834542443
MKRN4P	SRR5176775	1.0092509626586887
MKRN4P	SRR5176776	1.0081167478238944
MKRN4P	SRR5176777	1.0097815941634372
MKRN4P	SRR5176778	3.0167187468373236
MKRN4P	SRR5176779	1.0050375695313305
MKRN4P	SRR5176780	1.0029888346325269
MKRN4P	SRR5176781	1.006184793499986
MKRN4P	SRR5176782	6.048054658923555
MKRN4P	SRR5176783	1.0090657297142456
MKRN4P	SRR5176784	2.008077339780291
MKRN4P	SRR5176785	6.010357511701273
MKRN4P	SRR5176786	1
MKRN4P	SRR5176787	1.007497432173284
MKRN4P	SRR5176788	2.0528899942396945
MKRN4P	SRR5176789	1.013949547608129
MKRN4P	SRR5176790	12.111872392715046
MKRN4P	SRR5176791	1.0086741821784493
MKRN4P	SRR5176792	1
MKRN4P	SRR5176793	7.062189189780883
MKRN4P	SRR5176794	1.0044644481525995
MKRN4P	SRR5176795	1.0041337200241454
MKRN4P	SRR5176796	2.044476569696381
MKRN4P	SRR5176797	10.069060376635987
MKRN4P	SRR5176798	2.0104221711801755
MKRN4P	SRR5176799	5
MKRN4P	SRR5176800	2.015508595415279
MKRN4P	SRR5176801	4.067447664828921
MKRN4P	SRR5176802	1.0138345149480519
MKRN4P	SRR5176803	3.01208408860821
MKRN4P	SRR5176804	1.02112644076761
MKRN4P	SRR5176805	5.019083409661148
MKRN4P	SRR5176806	1.0293316032282849
MKRN4P	SRR5176807	1.0006453033029128
MKRN4P	SRR5176808	1.0003599542698447
MKRN4P	SRR5176809	1.0014405946684066
MKRN4P	SRR5176810	8
MKRN4P	SRR5176811	1
MKRN4P	SRR5176812	5.005401257787007
MKRN4P	SRR5176813	11.011882767131414
MKRN4P	SRR5176814	1
MKRN4P	SRR5176815	2.027534134478128
MKRN4P	SRR5176816	2.028048123147758
MKRN4P	SRR5176817	2.0103002474432623
MKRN4P	SRR5176818	1.002447533024164
MKRN4P	SRR5176819	1.052525107799273
MKRN4P	SRR5176820	1.0220622993353137
MKRN4P	SRR5176821	7.062737348549245
MKRN4P	SRR5176822	7.201828311567862
MKRN4P	SRR5176823	1.0037302716009715
MKRN4P	SRR5176824	1.0055802697075793
MKRN4P	SRR5176825	1.0010802515574013
MKRN4P	SRR5176826	4.0322407854343565
MKRN4P	SRR5176827	5.018708579339121
MKRN4P	SRR5176828	1.0039362270488077
MKRN4P	SRR5176829	1.0026585923618834
MKRN4P	SRR5176830	1.0003599542698447
MKRN4P	SRR5176831	1.0050818994069226
MKRN4P	SRR5176832	2.0196440095282537
MKRN4P	SRR5176833	2.0113598633321512
MKRN4P	SRR5176834	1.0038017867755233
MKRN4P	SRR5176835	7.02440316960268
MKRN4P	SRR5176836	2.00165076074851
MKRN4P	SRR5176837	1.0508653132871792
MKRN4P	SRR5176838	3.073975958902679
MKRN4P	SRR5176839	1.040250778085957
MKRN4P	SRR5176840	3.001395775897737
MKRN4P	SRR5176841	1.0134982253253717
MKRN4P	SRR5176842	1.0061368754637303
MKRN4P	SRR5176843	1.0076160966243792
MKRN4P	SRR5176844	1.002883264649812
MKRN4P	SRR5176845	1.0144079175752987
MKRN4P	SRR5176846	1.0044337350001697
MKRN4P	SRR5176847	2.039624375839611
MKRN4P	SRR5176848	1.0084182482829835
MKRN4P	SRR5176849	1.0192261891808638
MKRN4P	SRR5176850	1.0134815678813656
MKRN4P	SRR5176851	1.0010455492408952
MKRN4P	SRR5176852	5.109696767199083
MKRN4P	SRR5176853	1.002447533024164
MKRN4P	SRR5176854	3.1392189969611657
MKRN4P	SRR5176855	2.004534328162457
MKRN4P	SRR5176856	1.015767846289757
MKRN4P	SRR5176857	6.020796708795886
MKRN4P	SRR5176858	1.0068447579623179
MKRN4P	SRR5176859	10.017568823143636
MKRN4P	SRR5176860	1
MKRN4P	SRR5176861	1.0019065235500912
MKRN4P	SRR5176862	4.023082922219748
MKRN4P	SRR5176863	6.014685198144984
MKRN4P	SRR5176864	3.014409936119258
MKRN4P	SRR5176865	1.0019065235500912
MKRN4P	SRR5176866	1
MKRN4P	SRR5176867	1.0042054768450526
MKRN4P	SRR5176868	1.0345942081893522
MKRN4P	SRR5176869	9.022027797217476
MKRN4P	SRR5176870	1.004495162244163
MKRN4P	SRR5176871	1.0033885602826702
MKRN4P	SRR5176872	1.0190046497146266
MKRN4P	SRR5861974	1.0130433677592323
MKRN4P	SRR5861975	1.0090231573303534
MKRN4P	SRR5861976	1.0399586289520686
MKRN4P	SRR5861977	2
MKRN4P	SRR5861978	2.0096520188392386
MKRN4P	SRR5861979	1.0093120030410565
MKRN4P	SRR5861980	13
MKRN4P	SRR5861981	1.0197815921391915
MKRN4P	SRR5861982	2.4666586258199232
MKRN4P	SRR5861983	3.0048624445833965
MKRN4P	SRR5861984	1.0080145694811098
MKRN4P	SRR5861985	1.016870477919848
MKRN4P	SRR5861986	5.009906762751034
MKRN4P	SRR5861987	2.025083618925545
MKRN4P	SRR5861988	2.034128828215953
MKRN4P	SRR5861989	2.024649655071217
MKRN4P	SRR5861990	7.020893138440824
MKRN4P	SRR5861991	1
MKRN4P	SRR5861992	1
MKRN4P	SRR5861993	1.003694208229873
MKRN4P	SRR5861994	14
MKRN4P	SRR5861995	2.0173400427991455
MKRN4P	SRR5861996	2.0082609634900845
MKRN4P	SRR5861997	5.126696098686691
MKRN4P	SRR5861998	8.045597841702472
MKRN4P	SRR5861999	7.187198512475786
MKRN4P	SRR5862000	1.0003599542698447
MKRN4P	SRR5862001	1
MKRN4P	SRR5862002	1.0010802515574013
MKRN4P	SRR5862003	1.002412783311024
MKRN4P	SRR5862004	3.016529885122773
MKRN4P	SRR5862005	1.0052491741857592
MKRN4P	SRR5862006	1.0037417158678243
MKRN4P	SRR5862007	1.008386543590015
MKRN4P	SRR5862008	1.0039837461421828
MKRN4P	SRR5862009	5.017652142664632
MKRN4P	SRR5862010	1.0512612155664167
MKRN4P	SRR5862011	1.0355123965079929
MKRN4P	SRR5862012	1.006981535073958
MKRN4P	SRR5862013	1.0206507030732106
MKRN4P	SRR5862014	13.063113916813647
MKRN4P	SRR5862015	8
MKRN4P	SRR5862016	5.020822120014215
MKRN4P	SRR5862017	1.0081920406445979
MKRN4P	SRR5862018	4.015922033386952
MKRN4P	SRR5862019	1.0078876527019538
MKRN4P	SRR5862020	7.023546135964455
MKRN4P	SRR5862021	1.0059502686096389
MKRN4P	SRR5862022	2.009618348308924
MKRN4P	SRR5862023	1.0074832063331325
MKRN4P	SRR5862024	1.0026860176139818
MKRN4P	SRR5862025	8
MKRN4P	SRR5862026	2.0153427458366506
MKRN4P	SRR5862027	2.0010799599790126
MKRN4P	SRR5862028	1.1262536898298274
MKRN4P	SRR5862029	5.1012259469804
MKRN4P	SRR5862030	1.0027334775314678
MKRN4P	SRR5862031	1.0069060376635988
MKRN4P	SRR5862032	1.0733161679094974
MKRN4P	SRR5862033	6.008991654433231
MKRN4P	SRR5862034	1.2455161624992859
MKRN4P	SRR5862035	10.065785570627332
MKRN4P	SRR5862036	1.0173435392265755
MKRN4P	SRR5862037	1.0542964573472537
MKRN4P	SRR5862038	1.0790945062876685
MKRN4P	SRR5862039	1.0017262519502124
MKRN4P	SRR5862040	1.0064209215270505
MKRN4P	SRR5862041	1.0053378545594238
MKRN4P	SRR5862042	12.105744945907558
MKRN4P	SRR5862043	1
MKRN4P	SRR5862044	1.0013658060526471
MKRN4P	SRR5862045	3.012483556874164
MKRN4P	SRR5862046	7.054493720021477
MKRN4P	SRR5862047	2.0174091509640406
MKRN4P	SRR5862048	2.4941467585371466
MKRN4P	SRR5862049	1.0154319201015636
MKRN4P	SRR5862050	1.0032749335441427
MKRN4P	SRR5862051	8.037381536896303
MKRN4P	SRR5862052	2.0069109676924404
MKRN4P	SRR5862053	9.02365140983818
MKRN4P	SRR5862054	7.1821119965472935
MKRN4P	SRR5862055	1.022637922005436
MKRN4P	SRR5862056	1.0326488670033724
MKRN4P	SRR5862057	1.0076559805417438
MKRN4P	SRR5862058	3.006801492243685
MKRN4P	SRR5862059	8.220962646177162
MKRN4P	SRR5862060	1.0090831474448634
MKRN4P	SRR5862061	1.0035611140644307
MKRN4P	SRR5862062	1.0005399799895063
MKRN4P	SRR5862063	1.0119474539360775
MKRN4P	SRR5862064	1.0019371594265116
MKRN4P	SRR5862065	1.0025183037678282
MKRN4P	SRR5862066	1.0090241825684263
MKRN4P	SRR5862067	1.2340297724805442
MKRN4P	SRR5862068	2.0094404921287046
MKRN4P	SRR5862069	5.010634651272462
MKRN4P	SRR5862070	1.0132753777637182
MKRN4P	SRR5862071	1.2517458229536382
MKRN4P	SRR5862072	1.2634612941586179
MKRN4P	SRR5862073	6.011154616636706
MKRN4P	SRR5862074	3.0150844212659575
MKRN4P	SRR5862075	2.0135663740700305
MKRN4P	SRR5862076	2.48134123863581
MKRN4P	SRR5862077	2.00784815788811
MKRN4P	SRR5862078	1.0774391300279966
MKRN4P	SRR5862079	2.0202053311797985
MKRN4P	SRR5862080	1.0183262211710338
MKRN4P	SRR5862081	10.017262519502122
MKRN4P	SRR5862082	1.0037523531876433
MKRN4P	SRR5862083	1
MKRN4P	SRR5862084	2.0136338479917937
MKRN4P	SRR5862085	7
MKRN4P	SRR5862086	4.098941129890542
MKRN4P	SRR5862087	1.0117536254353572
MKRN4P	SRR5862088	1.121721315480128
MKRN4P	SRR5862089	1.0122530679623452
MKRN4P	SRR5862090	1.001709468619657
MKRN4P	SRR5862091	1.013801038227387
MKRN4P	SRR5862092	1.0205242153246368
MKRN4P	SRR5862093	1.000179960941952
MKRN4P	SRR5862094	1.004945674737599
MKRN4P	SRR5862095	1.0873315399586785
MKRN4P	SRR5862096	2.00432334011646
MKRN4P	SRR5862097	4.020996696743037
MKRN4P	SRR5862098	0.9538079228387495
MKRN4P	SRR5862099	1.0223775623222773
MKRN4P	SRR5862100	10.026279344264644
MKRN4P	SRR5862101	1.0581490093852495
MKRN4P	SRR5862102	1.0057821343320803
MKRN4P	SRR5862103	1.0233035627864664
MKRN4P	SRR5862104	1.0041337200241454
MKRN4P	SRR5862105	2.0220129522135095
MKRN4P	SRR5862106	1.0042530086827692
MKRN4P	SRR5862107	1
MKRN4P	SRR5862108	1.0068477100204776
MKRN4P	SRR5862109	1.0018010674864533
MKRN4P	SRR5862110	1.0079096360319266
MKRN4P	SRR5862111	4.05819204703657
MKRN4P	SRR5862112	3.0111330744423683
MKRN4P	SRR5862113	4.034696728713797
MKRN4P	SRR5862114	1.0046422669203672
MKRN4P	SRR5862115	2.013209978661192
MKRN4P	SRR5862116	2.0509714076948806
MKRN4P	SRR5862117	1.0032581242663439
MKRN4P	SRR5862118	1.008264382868182
MKRN4P	SRR5862119	6.02443388929917
MKRN4P	SRR5862120	2.0018002572549074
MKRN4P	SRR5862121	1.0014405946684066
MKRN4P	SRR5862122	2.0040787965612448
MKRN4P	SRR5862123	6.01360298448737
MKRN4P	SRR5862124	6.019016000687849
MKRN4P	SRR5862125	1
MKRN4P	SRR5862126	1.0009001286274537
MKRN4P	SRR5862127	1.0037110248141228
MKRN4P	SRR5862128	13.048024706988349
MKRN4P	SRR5862129	1.0783123695394767
MKRN4P	SRR5862130	1.0061676406940727
MKRN4P	SRR5862131	1.0022671640812284
MKRN4P	SRR5862132	11.009901414901991
MKRN4P	SRR5862133	5.004500643137268
MKRN4P	SRR5862134	1.000179960941952
MKRN4P	SRR5862135	1.0124958537165647
MKRN4P	SRR5862136	3.0010798628095343
MKRN4P	SRR5862137	2.00432334011646
MKRN4P	SRR5862138	1.0017663401829568
MKRN4P	SRR5862139	1.0013216400780827
MKRN4P	SRR5862140	2.0064885135261568
MKRN4P	SRR5862141	1.0042837163090255
MKRN4P	SRR5862142	7.018802123297872
MKRN4P	SRR5862143	2.0007199085396894
MKRN4P	SRR5862144	1.0055802697075793
MKRN4P	SRR5862145	1.0032749335441427
MKRN4P	SRR5862146	1.0133733985581923
MKRN4P	SRR5862147	4.028649829411823
MKRN4P	SRR5862148	2
MKRN4P	SRR5862149	5.028430617972504
MKRN4P	SRR5862150	4.009613277356947
MKRN4P	SRR5862151	1.012046576634804
MKRN4P	SRR5862152	1.0238846982116432
MKRN4P	SRR5862153	2.0406895307938524
MKRN4P	SRR5862154	1
MKRN4P	SRR5862155	5.031061576013084
MKRN4P	SRR5862156	2.050544530591609
MKRN4P	SRR5862157	1.025782636703574
MKRN4P	SRR5862158	10.005399799895061
MKRN4P	SRR5862159	1.005836351775555
MKRN4P	SRR5862160	4.151217725050259
MKRN4P	SRR5862161	2.005439822090173
MKRN4P	SRR5862162	3.0097743727990314
MKRN4P	SRR5862163	1.00338054475646
MKRN4P	SRR5862164	1.0500323204142936
MKRN4P	SRR5862165	1.0042943593727842
MKRN4P	SRR5862166	1.0042530086827692
MKRN4P	SRR5862167	5.010434137959086
MKRN4P	SRR5862168	2.003302884002545
MKRN4P	SRR5862169	1.003631963424637
MKRN4P	SRR5862170	2.0216891211505423
MKRN4P	SRR5862171	1.0016820700779165
MKRN4P	SRR5862172	5.008631259751061
MKRN4P	SRR5862173	2.049569017601496
MKRN4P	SRR5862174	1.0281268623068158
MKRN4P	SRR5862175	1.0048260094196193
MKRN4P	SRR5862176	1.0171349305854593
MKRN4P	SRR5862177	1.0318682832320207
MKRN4P	SRR5862178	1.0285351424147229
MKRN4P	SRR5862179	1.0056022027105522
MKRN4P	SRR5862180	1.163410651901285
MKRN4P	SRR5862181	1.0208867172468703
MKRN4P	SRR5862182	1.0091326280382285
MKRN4P	SRR5862183	1.0048842199437062
MKRN4P	SRR5862184	1.0267236692152724
MKRN4P	SRR5862185	1
MKRN4P	SRR5862186	1.0072483532698095
MKRN4P	SRR5862187	6.044443455417114
MKRN4P	SRR5862188	1.0388632588888775
MKRN4P	SRR5862189	1.0080998574243627
MKRN4P	SRR5862190	6.0079298404684955
MKRN4P	SRR5862191	1.0115110461819634
MKRN4P	SRR5862192	3.1342585317510654
MKRN4P	SRR5862193	5.017805570322154
MKRN4P	SRR5862194	1.0051877008321608
MKRN4P	SRR5862195	1.0062679805579082
MKRN4P	SRR5862196	1
MKRN4P	SRR5862197	8
MKRN4P	SRR5862198	1.1006263597390016
MKRN4P	SRR5862199	1.002447533024164
MKRN4P	SRR5862200	1.002117468981499
MKRN4P	SRR5862201	0.42208503584533147
MKRN4P	SRR5862202	1.0211835799356648
MKRN4P	SRR5862203	1.033482189187862
MKRN4P	SRR5862204	1
MKRN4P	SRR5862205	2
MKRN4P	SRR5862206	1.0177742386248947
MKRN4P	SRR5862207	1.0052627748922789
MKRN4P	SRR5862208	5.094636855679703
MKRN4P	SRR5862209	1.0111265812321877
MKRN4P	SRR5862210	2
MKRN4P	SRR5862211	1.0321768293944853
MKRN4P	SRR5862212	1.0087809371964969
MKRN4P	SRR5862213	1.0045749698980364
MKRN4P	SRR5862214	2.0053974358121973
MKRN4P	SRR5862215	9.021354022882893
MKRN4P	SRR5862216	6.021366684386584
MKRN4P	SRR5862217	1.0064377837965335
MKRN4P	SRR5862218	1.0009001286274537
MKRN4P	SRR5862219	3.068836745122773
MKRN4P	SRR5862220	3.0133933444577985
MKRN4P	SRR5862221	1
MKRN4P	SRR5862222	7.022614783562752
MKRN4P	SRR5862223	1.0429841423303001
MKRN4P	SRR5862224	7.053514835647273
MKRN4P	SRR5862225	1.0026238353323988
MKRN4P	SRR5862226	1.0010802515574013
MKRN4P	SRR5862227	5
MKRN4P	SRR5862228	1.0088969487682873
MKRN4P	SRR5862229	2.01167270355111
MKRN4P	SRR5862230	1.0052323318307268
MKRN4P	SRR5862231	7.014275787964357
MKRN4P	SRR5862232	2.029668736143686
MKRN4P	SRR5862233	4.010933910125871
MKRN4P	SRR5862234	1.0057748425146649
MKRN4P	SRR5862235	1.0009001286274537
MKRN4P	SRR5862236	1.002117468981499
MKRN4P	SRR5862237	2.06139246762571
MKRN4P	SRR5862238	5.004126901871276
MKRN4P	SRR5862239	8.061150490462897
MKRN4P	SRR5862240	1.0027028173063115
MKRN4P	SRR5862241	6.036880016723843
MKRN4P	SRR5862242	1.0068340878705722
MKRN4P	SRR5862243	1.0055084743211022
MKRN4P	SRR5862244	1.014062871686957
MKRN4P	SRR5862245	1.0179113233903831
MKRN4P	SRR5862246	1.0018838921166466
MKRN4P	SRR5862247	1.0054744269623506
MKRN4P	SRR5862248	1.0007200381067656
MKRN4P	SRR5862249	1.014824489514172
MKRN4P	SRR5862250	1.0105296734932572
MKRN4P	SRR5862251	10.100832966107523
MKRN4P	SRR5862252	1.0025224024304422
MKRN4P	SRR5862253	1.0076222154653056
MKRN4P	SRR5862254	1.0069504499529853
MKRN4P	SRR5862255	4.031016009871013
MKRN4P	SRR5862256	7.108013384919511
MKRN4P	SRR5862257	3.0399996085504775
MKRN4P	SRR5862258	7.017871399972637
MKRN4P	SRR5862259	1.0134145129264618
MKRN4P	SRR5862260	1.0641135195805316
MKRN4P	SRR5862261	6.097273140581156
MKRN4P	SRR5862262	1.0096833750182226
MKRN4P	SRR5862263	1.045022718956458
MKRN4P	SRR5862264	1.0056553730873352
MKRN4P	SRR5862265	1.00118563174329
MKRN4P	SRR5862266	1.0054268373142463
MKRN4P	SRR5862267	1.0548744221196733
MKRN4P	SRR5862268	3.014478028258858
MKRN4P	SRR5862269	3.011634214319002
MKRN4P	SRR5862270	1.00221972623461
MKRN4P	SRR5862271	8.046910911579378
MKRN4P	SRR5862272	1.011046062783337
MKRN4P	SRR5862273	1.0033150837538076
MKRN4P	SRR5862274	2.0090789363908557
MKRN4P	SRR5862275	7.089574786959263
MKRN4P	SRR5862276	1.0171325747477717
MKRN4P	SRR5862277	1.012407898752116
MKRN4P	SRR5949109	1.1543930374941627
MKRN4P	SRR5949110	1.1528629477900991
MKRN4P	SRR5949111	1.1543861423812125
MKRN4P	SRR5949112	1.1544080735423528
MKRN4P	SRR5949113	1.1538715423531325
MKRN4P	SRR5949114	1.1544080735423528
MKRN4P	SRR5949115	1.1543930374941627
MKRN4P	SRR5949116	1.154328975937927
MKRN4P	SRR5949117	1.1544080735423528
MKRN4P	SRR5949118	1.1542881659876676
MKRN4P	SRR5949119	1.1544066367558048
MKRN4P	SRR5949120	1.1542612816136126
MKRN4P	SRR5949121	1.1542612816136126
MKRN4P	SRR5949122	1.1542193125787963
MKRN4P	SRR5949123	1.154119770897195
MKRN4P	SRR5949124	1.1536303593625774
MKRN4P	SRR5949125	1.1538715423531325
MKRN4P	SRR5949126	1.1542193125787963
MKRN4P	SRR5949127	1.1542612816136126
MKRN4P	SRR5949128	1.1542612816136126
MKRN4P	SRR5949129	1.1544066367558048
MKRN4P	SRR5949130	1.1543861423812125
MKRN4P	SRR5949131	1.1541454974839138
MKRN4P	SRR5949132	1.1543930374941627
MKRN4P	SRR5949133	1.154243037085462
MKRN4P	SRR5949134	1.1544080735423528
MKRN4P	SRR5949135	1.1543244711383844
MKRN4P	SRR5949136	1.1544018504729736
MKRN4P	SRR5949137	1.1537285180296166
MKRN4P	SRR5949138	1.154127700715507
MKRN4P	SRR5949139	1.1542342444976637
MKRN4P	SRR5949140	1.1543861423812125
MKRN4P	SRR5949141	1.1544066367558048
MKRN4P	SRR5949142	1.1543861423812125
MKRN4P	SRR5949143	1.1544080735423528
MKRN4P	SRR5949144	1.154243037085462
MKRN4P	SRR5949145	1.1542881659876676
MKRN4P	SRR5949146	1.1542763738511965
MKRN4P	SRR5949147	1.1542763738511965
MKRN4P	SRR5949148	1.1535426695350546
MKRN4P	SRR5949149	1.1542881659876676
MKRN4P	SRR5949150	1.1544066367558048
MKRN4P	SRR5949151	1.1540843659274789
MKRN4P	SRR5949152	1.1521642390280358
MKRN4P	SRR5949153	1.1542129775631536
MKRN4P	SRR5949154	1.1532523441137337
MKRN4P	SRR5949155	1.1542881659876676
MKRN4P	SRR5949156	1.1544066367558048
MKRN4P	SRR5949157	1.1543930374941627
MKRN4P	SRR5949158	1.1544080735423528
MKRN4P	SRR5949159	1.1533709738650642
MKRN4P	SRR5949160	1.1543930374941627
MKRN4P	SRR5949161	1.1543861423812125
MKRN4P	SRR5949162	1.1543930374941627
MKRN4P	SRR5949163	1.1544066367558048
MKRN4P	SRR5949164	1.1544080735423528
MKRN4P	SRR5949165	1.154328975937927
MKRN4P	SRR5949166	1.1544066367558048
MKRN4P	SRR5949167	1.1542881659876676
MKRN4P	SRR5949168	1.1543244711383844
MKRN4P	SRR5949169	1.1496389762158161
MKRN4P	SRR5949170	1.1544080735423528
MKRN4P	SRR5949171	1.1541360045743105
MKRN4P	SRR5949172	1.1541312616794417
MKRN4P	SRR5949173	1.1543930374941627
MKRN4P	SRR5949174	1.1543244711383844
MKRN4P	SRR5949175	1.1544080735423528
MKRN4P	SRR5949176	1.1542612816136126
MKRN4P	SRR5949177	1.153448318699057
MKRN4P	SRR5949178	1.1542129775631536
MKRN4P	SRR5949179	1.1543861423812125
MKRN4P	SRR5949180	1.1544080735423528
MKRN4P	SRR5949181	1.1544018504729736
MKRN4P	SRR5949182	1.154243037085462
MKRN4P	SRR5949183	1.1544066367558048
MKRN4P	SRR5949184	1.154328975937927
MKRN4P	SRR5949185	1.1541312616794417
MKRN4P	SRR5949186	1.1537962707798937
MKRN4P	SRR5949187	1.1543861423812125
MKRN4P	SRR5949188	1.1543244711383844
MKRN4P	SRR5949189	1.1542612816136126
MKRN4P	SRR5949190	1.1542881659876676
MKRN4P	SRR5949191	1.1541360045743105
MKRN4P	SRR5949192	1.1544018504729736
MKRN4P	SRR5949193	1.1544066367558048
MKRN4P	SRR5949194	1.1543930374941627
MKRN4P	SRR5949195	1.154328975937927
MKRN4P	SRR5949196	1.1541454974839138
MKRN4P	SRR5949197	1.153987572083333
MKRN4P	SRR5949198	1.153664101949279
MKRN4P	SRR5949199	1.1542193125787963
MKRN4P	SRR5949200	1.1544066367558048
MKRN4P	SRR5949201	1.1543244711383844
MKRN4P	SRR5949202	1.1543861423812125
MKRN4P	SRR5949203	1.1543930374941627
MKRN4P	SRR5949204	1.1544080735423528
MKRN4P	SRR5949205	1.1544080735423528
MKRN4P	SRR5949206	1.154328975937927
MKRN4P	SRR5949207	1.1543930374941627
MKRN4P	SRR5949208	1.1542881659876676
MKRN4P	SRR5949209	1.1543930374941627
MKRN4P	SRR5949210	1.1543244711383844
MKRN4P	SRR5949211	1.153987572083333
MKRN4P	SRR5949212	1.1543244711383844
MKRN4P	SRR5949213	1.1542193125787963
MKRN4P	SRR5949214	1.1540843659274789
MKRN4P	SRR5949215	1.1542612816136126
MKRN4P	SRR5949216	1.1543861423812125
MKRN4P	SRR5949217	1.1543861423812125
MKRN4P	SRR5949218	1.154243037085462
MKRN4P	SRR5949219	1.1542612816136126
MKRN4P	SRR5949220	1.1541312616794417
MKRN4P	SRR5949221	1.1540843659274789
MKRN4P	SRR5949222	1.1542612816136126
MKRN4P	SRR5949223	1.153448318699057
MKRN4P	SRR5949224	1.1542881659876676
MKRN4P	SRR5949225	1.1544018504729736
MKRN4P	SRR5949226	1.1541312616794417
MKRN4P	SRR5949227	1.1544018504729736
MKRN4P	SRR5949228	1.1541312616794417
MKRN4P	SRR5949229	1.154127700715507
MKRN4P	SRR5949230	1.1544018504729736
MKRN4P	SRR5949231	1.1540286696356532
MKRN4P	SRR5949232	1.1531855179973023
MKRN4P	SRR5949233	1.1534681238443258
MKRN4P	SRR5949234	1.1542763738511965
MKRN4P	SRR5949235	1.1541312616794417
MKRN4P	SRR5949236	1.1524349692227331
MKRN4P	SRR5949237	1.1540286696356532
MKRN4P	SRR5949238	1.1537962707798937
MKRN4P	SRR5949239	1.152631812552955
MKRN4P	SRR5949240	1.1544066367558048
MKRN4P	SRR5949241	1.1542881659876676
MKRN4P	SRR5949242	1.1543244711383844
MKRN4P	SRR5949243	1.1542129775631536
MKRN4P	SRR5949244	1.1542193125787963
MKRN4P	SRR5949245	1.1542342444976637
MKRN4P	SRR5949246	1.1543244711383844
MKRN4P	SRR5949247	1.1542763738511965
MKRN4P	SRR5949248	1.154328975937927
MKRN4P	SRR5949249	1.1543244711383844
MKRN4P	SRR5949250	1.1544080735423528
MKRN4P	SRR5949251	1.1541312616794417
MKRN4P	SRR5949252	1.1543930374941627
MKRN4P	SRR5949253	1.1539534513664238
MKRN4P	SRR5949254	1.154099487946561
MKRN4P	SRR5949255	1.1543244711383844
MKRN4P	SRR5949256	1.1542342444976637
MKRN4P	SRR5949257	1.1544066367558048
MKRN4P	SRR5949258	1.1544066367558048
MKRN4P	SRR5949259	1.154243037085462
MKRN4P	SRR5949260	1.1544080735423528
MKRN4P	SRR5949261	1.1544080735423528
MKRN4P	SRR5949262	1.1542193125787963
MKRN4P	SRR5949263	1.154328975937927
MKRN4P	SRR5949264	1.1542612816136126
MKRN4P	SRR5949265	1.1543930374941627
MKRN4P	SRR5949266	1.1537626724135772
MKRN4P	SRR5949267	1.1537779842987672
MKRN4P	SRR5949268	1.1544018504729736
MKRN4P	SRR5949269	1.1542612816136126
MKRN4P	SRR5949270	1.1543244711383844
MKRN4P	SRR5949271	1.154119770897195
MKRN4P	SRR5949272	1.1544080735423528
MKRN4P	SRR5949273	1.1544080735423528
MKRN4P	SRR5949274	1.154328975937927
MKRN4P	SRR5949275	1.154099487946561
MKRN4P	SRR5949276	1.154328975937927
MKRN4P	SRR5949277	1.1537779842987672
MKRN4P	SRR5949278	1.1543861423812125
MKRN4P	SRR5949279	1.1543861423812125
MKRN4P	SRR5949280	1.1539394876265088
MKRN4P	SRR5949281	1.1543244711383844
MKRN4P	SRR5949282	1.1544080735423528
MKRN4P	SRR5949283	1.154043329391819
MKRN4P	SRR5949284	1.1544080735423528
MKRN4P	SRR5949285	1.15317802952035
MKRN4P	SRR5949286	1.1537626724135772
MKRN4P	SRR5949287	1.1544080735423528
MKRN4P	SRR5949288	1.1543861423812125
MKRN4P	SRR5949289	1.1542342444976637
MKRN4P	SRR5949290	1.1544080735423528
MKRN4P	SRR5949291	1.1543244711383844
MKRN4P	SRR5949292	1.1542763738511965
MKRN4P	SRR5949293	1.1544080735423528
MKRN4P	SRR5949294	1.1544066367558048
MKRN4P	SRR5949295	1.1543861423812125
MKRN4P	SRR5949296	1.154328975937927
MKRN4P	SRR5949297	1.1543930374941627
MKRN4P	SRR5949298	1.1541360045743105
MKRN4P	SRR5949299	1.1542763738511965
MKRN4P	SRR5949300	1.1544066367558048
MKRN4P	SRR5949301	1.1544066367558048
MKRN4P	SRR5949302	1.1542342444976637
MKRN4P	SRR5949303	1.1541454974839138
MKRN4P	SRR5949304	1.1543930374941627
MKRN4P	SRR5949305	1.1537652995205527
MKRN4P	SRR5949306	1.1543930374941627
MKRN4P	SRR5949307	1.1542763738511965
MKRN4P	SRR5949308	1.154328975937927
MKRN4P	SRR5949309	1.154119770897195
MKRN4P	SRR5949310	1.154119770897195
MKRN4P	SRR5949311	1.1542763738511965
MKRN4P	SRR5949312	1.1540148338403267
MKRN4P	SRR5949313	1.1543244711383844
MKRN4P	SRR5949314	1.1544066367558048
MKRN4P	SRR5949315	1.1543244711383844
MKRN4P	SRR5949316	1.1543861423812125
MKRN4P	SRR5949317	1.1538444146289202
MKRN4P	SRR5949318	1.1537833054890896
MKRN4P	SRR5949319	1.1543930374941627
MKRN4P	SRR5949320	1.1544080735423528
MKRN4P	SRR5949321	1.154328975937927
MKRN4P	SRR5949322	1.1541312616794417
MKRN4P	SRR5949323	1.1543244711383844
MKRN4P	SRR5949324	1.1544080735423528
MKRN4P	SRR5949325	1.1543861423812125
MKRN4P	SRR5949326	1.1542881659876676
MKRN4P	SRR5949327	1.1537250692562184
MKRN4P	SRR5949328	1.1543930374941627
MKRN4P	SRR5949329	1.1544018504729736
MKRN4P	SRR5949330	1.1543861423812125
MKRN4P	SRR5949331	1.1544018504729736
MKRN4P	SRR5949332	1.1544080735423528
MKRN4P	SRR5949333	1.154243037085462
MKRN4P	SRR5949334	1.1540148338403267
MKRN4P	SRR5949335	1.1544066367558048
MKRN4P	SRR5949336	1.154328975937927
MKRN4P	SRR5949337	1.1544018504729736
MKRN4P	SRR5949338	1.1543861423812125
MKRN4P	SRR5949339	1.1543861423812125
MKRN4P	SRR5949340	1.1541454974839138
MKRN4P	SRR5949341	1.154243037085462
MKRN4P	SRR5949342	1.1543930374941627
MKRN4P	SRR5949343	1.1542612816136126
MKRN4P	SRR5949344	1.1543930374941627
MKRN4P	SRR5949345	1.1544018504729736
MKRN4P	SRR5949346	1.1537070312898285
MKRN4P	SRR5949347	1.1539830975965506
MKRN4P	SRR5949348	1.1532222126984653
MKRN4P	SRR5949349	1.1543861423812125
MKRN4P	SRR5949350	1.1543244711383844
MKRN4P	SRR5949351	1.1543244711383844
MKRN4P	SRR5949352	1.154328975937927
MKRN4P	SRR5949353	1.1543861423812125
MKRN4P	SRR5949354	1.154118135098547
MKRN4P	SRR5949355	1.1542763738511965
MKRN4P	SRR5949356	1.1513016641508953
MKRN4P	SRR5949357	1.1542763738511965
MKRN4P	SRR5949358	1.1542881659876676
MKRN4P	SRR5949359	1.1543861423812125
MKRN4P	SRR5949360	1.154243037085462
MKRN4P	SRR5949361	1.1542342444976637
MKRN4P	SRR5949362	1.1524373005233322
MKRN4P	SRR5949363	1.1544018504729736
MKRN4P	SRR5949364	1.1541344162995835
MKRN4P	SRR5949365	1.1539534513664238
MKRN4P	SRR5949366	1.151926209413139
MKRN4P	SRR5949367	1.1544080735423528
MKRN4P	SRR5949368	1.1532936707463863
MKRN4P	SRR5949369	1.1544066367558048
MKRN4P	SRR5949370	1.1543930374941627
MKRN4P	SRR5949371	1.154127700715507
MKRN4P	SRR5949372	1.1543244711383844
MKRN4P	SRR5949373	1.1544066367558048
MKRN4P	SRR5949374	1.1541360045743105
MKRN4P	SRR5949375	1.1544066367558048
MKRN4P	SRR5949376	1.1544080735423528
MKRN4P	SRR5949377	1.1543861423812125
MKRN4P	SRR5949378	1.1544080735423528
MKRN4P	SRR5949379	1.1543861423812125
MKRN4P	SRR5949380	1.1535503567545762
MKRN4P	SRR5949381	1.154099487946561
MKRN4P	SRR5949382	1.1543861423812125
MKRN4P	SRR5949383	1.1542193125787963
MKRN4P	SRR5949384	1.1544066367558048
MKRN4P	SRR5949385	1.1542129775631536
MKRN4P	SRR5949386	1.1544080735423528
MKRN4P	SRR5949387	1.1525536382806347
MKRN4P	SRR5949388	1.1540976154898277
MKRN4P	SRR5949389	1.1544080735423528
MKRN4P	SRR5949390	1.1543244711383844
MKRN4P	SRR5949391	1.154127700715507
MKRN4P	SRR5949392	1.1544080735423528
MKRN4P	SRR5949393	1.154127700715507
MKRN4P	SRR5949394	1.154043329391819
MKRN4P	SRR5949395	1.1543244711383844
MKRN4P	SRR5949396	1.153448318699057
MKRN4P	SRR5949397	1.1544066367558048
MKRN4P	SRR5949398	1.1544018504729736
MKRN4P	SRR5949399	1.1542881659876676
MKRN4P	SRR5949400	1.148920661344423
MKRN4P	SRR5949401	1.1544080735423528
MKRN4P	SRR5949402	1.154328975937927
MKRN4P	SRR5949403	1.1542612816136126
MKRN4P	SRR5949404	1.154127700715507
MKRN4P	SRR5949405	1.1543861423812125
MKRN4P	SRR5949406	1.1544066367558048
MKRN4P	SRR5949407	1.1543861423812125
MKRN4P	SRR5949408	1.1543861423812125
MKRN4P	SRR5949409	1.154328975937927
MKRN4P	SRR5949410	1.1543244711383844
MKRN4P	SRR5949411	1.1544080735423528
MKRN4P	SRR5949412	1.1542193125787963
MKRN4P	SRR5949413	1.154328975937927
MKRN4P	SRR5949414	1.1543861423812125
MKRN4P	SRR5949415	1.1543930374941627
MKRN4P	SRR5949416	1.1542763738511965
MKRN4P	SRR5949417	1.154243037085462
MKRN4P	SRR5949418	1.1543861423812125
MKRN4P	SRR5949419	1.1543930374941627
MKRN4P	SRR5949420	1.1542612816136126
MKRN4P	SRR5949421	1.154243037085462
MKRN4P	SRR5949422	1.1542763738511965
MKRN4P	SRR5949423	1.1542763738511965
MKRN4P	SRR5949424	1.1544080735423528
MKRN4P	SRR5949425	1.1542763738511965
MKRN4P	SRR5949426	1.1544018504729736
MKRN4P	SRR5949427	1.1542763738511965
MKRN4P	SRR5949428	1.1544080735423528
MKRN4P	SRR5949429	1.1540148338403267
MKRN4P	SRR5949430	1.1543244711383844
MKRN4P	SRR5949431	1.1543244711383844
MKRN4P	SRR5949432	1.1543244711383844
MKRN4P	SRR5949433	1.1542881659876676
MKRN4P	SRR5949434	1.1542881659876676
MKRN4P	SRR5949435	1.154099487946561
MKRN4P	SRR5949436	1.1543930374941627
MKRN4P	SRR5949437	1.1540843659274789
MKRN4P	SRR5949438	1.1539394876265088
MKRN4P	SRR5949439	1.1544066367558048
MKRN4P	SRR5949440	1.1544018504729736
MKRN4P	SRR5949441	1.1544018504729736
MKRN4P	SRR5949442	1.1541454974839138
MKRN4P	SRR5949443	1.1541312616794417
MKRN4P	SRR5949444	1.1540976154898277
MKRN4P	SRR5949445	1.1544080735423528
MKRN4P	SRR5949446	1.1543930374941627
MKRN4P	SRR5949447	1.1542763738511965
MKRN4P	SRR5949448	1.1544080735423528
MKRN4P	SRR5949449	1.1544080735423528
MKRN4P	SRR5949450	1.1543244711383844
MKRN4P	SRR5949451	1.154243037085462
MKRN4P	SRR5949452	1.1543244711383844
MKRN4P	SRR5949453	1.1542881659876676
MKRN4P	SRR5949454	1.1543861423812125
MKRN4P	SRR5949455	1.1542763738511965
MKRN4P	SRR5949456	1.1544066367558048
MKRN4P	SRR5949457	1.1544018504729736
MKRN4P	SRR5949458	1.1544066367558048
MKRN4P	SRR5949459	1.154328975937927
MKRN4P	SRR5949460	1.154127700715507
MKRN4P	SRR5949461	1.1537652995205527
MKRN4P	SRR5949462	1.1543930374941627
MKRN4P	SRR5949463	1.154119770897195
MKRN4P	SRR5949464	1.154043329391819
MKRN4P	SRR5949465	1.1535426695350546
MKRN4P	SRR5949466	1.1543244711383844
MKRN4P	SRR5949467	1.1536303593625774
MKRN4P	SRR5949468	1.1543930374941627
MKRN4P	SRR5949469	1.1544018504729736
MKRN4P	SRR5949470	1.1543861423812125
MKRN4P	SRR5949471	1.1542612816136126
MKRN4P	SRR5949472	1.154328975937927
MKRN4P	SRR5949473	1.154328975937927
MKRN4P	SRR5949474	1.1542881659876676
MKRN4P	SRR5949475	1.1544080735423528
MKRN4P	SRR5949476	1.1543861423812125
MKRN4P	SRR5949477	1.1544018504729736
MKRN4P	SRR5949478	1.154328975937927
MKRN4P	SRR5949479	1.1538444146289202
MKRN4P	SRR5949480	1.1542612816136126
MKRN4P	SRR5949481	1.1544018504729736
MKRN4P	SRR5949482	1.1542129775631536
MKRN4P	SRR5949483	1.1538715423531325
MKRN4P	SRR5949484	1.1543930374941627
MKRN4P	SRR5949485	1.154099487946561
MKRN4P	SRR5949486	1.1542881659876676
MKRN4P	SRR5949487	1.1542612816136126
MKRN4P	SRR5949488	1.153987572083333
MKRN4P	SRR5949489	1.1541344162995835
MKRN4P	SRR5949490	1.1541360045743105
MKRN4P	SRR5949491	1.1542881659876676
MKRN4P	SRR5949492	1.1541360045743105
MKRN4P	SRR5949493	1.154243037085462
MKRN4P	SRR5949494	1.1544080735423528
MKRN4P	SRR5949495	1.154043329391819
MKRN4P	SRR5949496	1.154243037085462
MKRN4P	SRR5949497	1.1542612816136126
MKRN4P	SRR5949498	1.1543244711383844
MKRN4P	SRR5949499	1.1543930374941627
MKRN4P	SRR5949500	1.1539304288892793
MKRN4P	SRR5949501	1.1541014455850918
MKRN4P	SRR5949502	1.1538715423531325
MKRN4P	SRR5949503	1.1541360045743105
MKRN4P	SRR5949504	1.1543861423812125
MKRN4P	SRR5949505	1.1543861423812125
MKRN4P	SRR5949506	1.1543861423812125
MKRN4P	SRR5949507	1.1544018504729736
MKRN4P	SRR5949508	1.154243037085462
MKRN4P	SRR5949509	1.1543930374941627
MKRN4P	SRR5949510	1.1543861423812125
MKRN4P	SRR5949511	1.1536505416463956
MKRN4P	SRR5949512	1.154328975937927
MKRN4P	SRR5949513	1.1544080735423528
MKRN4P	SRR5949514	1.1542193125787963
MKRN4P	SRR5949515	1.1543930374941627
MKRN4P	SRR5949516	1.1543244711383844
MKRN4P	SRR5949517	1.1543861423812125
MKRN4P	SRR5949518	1.1538715423531325
MKRN4P	SRR5949519	1.154127700715507
MKRN4P	SRR5949520	1.1544018504729736
MKRN4P	SRR5949521	1.1537652995205527
MKRN4P	SRR5949522	1.154328975937927
MKRN4P	SRR5949523	1.1544018504729736
MKRN4P	SRR5949524	1.1542881659876676
MKRN4P	SRR5949525	1.1542129775631536
MKRN4P	SRR5949526	1.1537070312898285
MKRN4P	SRR5949527	1.1541360045743105
MKRN4P	SRR5949528	1.1530313538581225
MKRN4P	SRR5949529	1.1541014455850918
MKRN4P	SRR5949530	1.1542612816136126
MKRN4P	SRR5949531	1.1542342444976637
MKRN4P	SRR5949532	1.1544018504729736
MKRN4P	SRR5949533	1.1544080735423528
MKRN4P	SRR5949534	1.1541454974839138
MKRN4P	SRR5949535	1.1543861423812125
MKRN4P	SRR5949536	1.1543244711383844
MKRN4P	SRR5949537	1.1543930374941627
MKRN4P	SRR5949538	1.1544080735423528
MKRN4P	SRR5949539	1.154243037085462
MKRN4P	SRR5949540	1.154118135098547
MKRN4P	SRR5949541	1.1542612816136126
MKRN4P	SRR5949542	1.154118135098547
MKRN4P	SRR5949543	1.1542881659876676
MKRN4P	SRR5949544	1.154127700715507
MKRN4P	SRR5949545	1.1539394876265088
MKRN4P	SRR5949546	1.1541360045743105
MKRN4P	SRR5949547	1.1544080735423528
MKRN4P	SRR5949548	1.1542881659876676
MKRN4P	SRR5949549	1.1539534513664238
MKRN4P	SRR5949550	1.1535522984622077
MKRN4P	SRR5949551	1.154328975937927
MKRN4P	SRR5949552	1.154043329391819
MKRN4P	SRR5949553	1.1544066367558048
MKRN4P	SRR5949554	1.1543861423812125
MKRN4P	SRR5949555	1.1452054817287791
MKRN4P	SRR5949556	1.154099487946561
MKRN4P	SRR5949557	1.1542881659876676
MKRN4P	SRR5949558	1.154043329391819
MKRN4P	SRR5949559	1.1543930374941627
MKRN4P	SRR5949560	1.1544018504729736
MKRN4P	SRR5949561	1.1537430923754213
MKRN4P	SRR5949562	1.154043329391819
MKRN4P	SRR5949563	1.1542763738511965
MKRN4P	SRR5949564	1.1543244711383844
MKRN4P	SRR5949565	1.1544066367558048
MKRN4P	SRR5949566	1.1543861423812125
MKRN4P	SRR5949567	1.1525839843466772
MKRN4P	SRR5949568	1.154118135098547
MKRN4P	SRR5949569	1.1541344162995835
MKRN4P	SRR5949570	1.1542612816136126
MKRN4P	SRR5949571	1.1539394876265088
MKRN4P	SRR5949572	1.154243037085462
MKRN4P	SRR5949573	1.154127700715507
MKRN4P	SRR5949574	1.1542881659876676
MKRN4P	SRR5949575	1.154243037085462
MKRN4P	SRR5949576	1.1542129775631536
MKRN4P	SRR5949577	1.1544066367558048
MKRN4P	SRR5949578	1.1543244711383844
MKRN4P	SRR5949579	1.1543861423812125
MKRN4P	SRR5949580	1.1543930374941627
MKRN4P	SRR5949581	1.1544080735423528
MKRN4P	SRR5949582	1.1541312616794417
MKRN4P	SRR5949583	1.1544066367558048
MKRN4P	SRR5949584	1.1536496989510014
MKRN4P	SRR5949585	1.154328975937927
MKRN4P	SRR5949586	1.1543861423812125
MKRN4P	SRR5949587	1.1542881659876676
MKRN4P	SRR5949588	1.153006792126308
MKRN4P	SRR5949589	1.1544080735423528
MKRN4P	SRR5949590	1.1541360045743105
MKRN4P	SRR5949591	1.1543930374941627
MKRN4P	SRR5949592	1.154243037085462
MKRN4P	SRR5949593	1.1544080735423528
MKRN4P	SRR5949594	1.154243037085462
MKRN4P	SRR5949595	1.154328975937927
MKRN4P	SRR5949596	1.1542763738511965
MKRN4P	SRR5949597	1.1538444146289202
MKRN4P	SRR5949598	1.154243037085462
MKRN4P	SRR5949599	1.1541344162995835
MKRN4P	SRR5949600	1.1543244711383844
MKRN4P	SRR5949601	1.154243037085462
MKRN4P	SRR5949602	1.1544080735423528
MKRN4P	SRR5949603	1.1543244711383844
MKRN4P	SRR5949604	1.1543861423812125
MKRN4P	SRR5949605	1.154243037085462
MKRN4P	SRR5949606	1.1540286696356532
MKRN4P	SRR5949607	1.1544018504729736
MKRN4P	SRR5949608	1.1537626724135772
MKRN4P	SRR5950246	1.1537070312898285
MKRN4P	SRR5950247	1.154043329391819
MKRN4P	SRR5950248	1.1543244711383844
MKRN4P	SRR5950249	1.1544080735423528
MKRN4P	SRR5950250	1.154127700715507
MKRN4P	SRR5950251	1.1543244711383844
MKRN4P	SRR5950252	1.1544066367558048
MKRN4P	SRR5950253	1.154328975937927
MKRN4P	SRR5950254	1.1540286696356532
MKRN4P	SRR5950255	1.1537779842987672
MKRN4P	SRR5950256	1.1532906572572703
MKRN4P	SRR5950257	1.1532936707463863
MKRN4P	SRR5950258	1.1543244711383844
MKRN4P	SRR5950259	1.1544018504729736
MKRN4P	SRR5950260	1.1543244711383844
MKRN4P	SRR5950261	1.154328975937927
MKRN4P	SRR5950262	1.1542193125787963
MKRN4P	SRR5950263	1.1538444146289202
MKRN4P	SRR5950264	1.1544018504729736
MKRN4P	SRR5950265	1.154119770897195
MKRN4P	SRR5950266	1.153620340573047
MKRN4P	SRR5950267	1.1543244711383844
MKRN4P	SRR5950268	1.154243037085462
MKRN4P	SRR5950269	1.154243037085462
MKRN4P	SRR5950270	1.1539830975965506
MKRN4P	SRR5950271	1.1544080735423528
MKRN4P	SRR5950272	1.1544080735423528
MKRN4P	SRR5950273	1.1543244711383844
MKRN4P	SRR5950274	1.1541454974839138
MKRN4P	SRR5950275	1.154243037085462
MKRN4P	SRR5950276	1.154328975937927
MKRN4P	SRR5950277	1.1541014455850918
MKRN4P	SRR5950278	1.1537962707798937
MKRN4P	SRR5950279	1.1542763738511965
MKRN4P	SRR5950280	1.1543861423812125
MKRN4P	SRR5950281	1.154243037085462
MKRN4P	SRR5950282	1.1538447615632836
MKRN4P	SRR5950283	1.154328975937927
MKRN4P	SRR5950284	1.1511338942169325
MKRN4P	SRR5950285	1.1540843659274789
MKRN4P	SRR5950286	1.1542881659876676
MKRN4P	SRR5950287	1.1537833054890896
MKRN4P	SRR5950288	1.154118135098547
MKRN4P	SRR5950289	1.1537285180296166
MKRN4P	SRR5950290	1.1543930374941627
MKRN4P	SRR5950291	1.154328975937927
MKRN4P	SRR5950292	1.1542193125787963
MKRN4P	SRR5950293	1.1539534513664238
MKRN4P	SRR5950294	1.1544080735423528
MKRN4P	SRR5950295	1.1544018504729736
MKRN4P	SRR5950296	1.1542881659876676
MKRN4P	SRR5950297	1.1540286696356532
MKRN4P	SRR5950298	1.1543930374941627
MKRN4P	SRR5950299	1.1541312616794417
MKRN4P	SRR5950300	1.1542881659876676
MKRN4P	SRR5950301	1.154328975937927
MKRN4P	SRR5950302	1.1542612816136126
MKRN4P	SRR5950303	1.1541454974839138
MKRN4P	SRR5950304	1.1540148338403267
MKRN4P	SRR5950305	1.1542612816136126
MKRN4P	SRR5950306	1.1542763738511965
MKRN4P	SRR5950307	1.1541344162995835
MKRN4P	SRR5950308	1.1542342444976637
MKRN4P	SRR5950309	1.154243037085462
MKRN4P	SRR5950310	1.1542881659876676
MKRN4P	SRR5950311	1.1543930374941627
MKRN4P	SRR5950312	1.1543244711383844
MKRN4P	SRR5950313	1.1542193125787963
MKRN4P	SRR5950314	1.1543930374941627
MKRN4P	SRR5950315	1.154328975937927
MKRN4P	SRR5950316	1.1544018504729736
MKRN4P	SRR5950317	1.1541312616794417
MKRN4P	SRR5950318	1.153987572083333
MKRN4P	SRR5950319	1.1541360045743105
MKRN4P	SRR5950320	1.154119770897195
MKRN4P	SRR5950321	1.1533709738650642
MKRN4P	SRR5950322	1.1541014455850918
MKRN4P	SRR5950323	1.1542129775631536
MKRN4P	SRR5950324	1.1543930374941627
MKRN4P	SRR5950325	1.1542342444976637
MKRN4P	SRR5950326	1.154099487946561
MKRN4P	SRR5950327	1.154328975937927
MKRN4P	SRR5950328	1.154328975937927
MKRN4P	SRR5950329	1.1542881659876676
MKRN4P	SRR5950330	1.1541360045743105
MKRN4P	SRR5950331	1.1539534513664238
MKRN4P	SRR5950332	1.1540843659274789
MKRN4P	SRR5950333	1.1543930374941627
MKRN4P	SRR5950334	1.1543861423812125
MKRN4P	SRR5950335	1.1543861423812125
MKRN4P	SRR5950336	1.1524373005233322
MKRN4P	SRR5950337	1.1537962707798937
MKRN4P	SRR5950338	1.1531742805487435
MKRN4P	SRR5950339	1.1544080735423528
MKRN4P	SRR5950340	1.154127700715507
MKRN4P	SRR5950341	1.1542129775631536
MKRN4P	SRR5950342	1.1544018504729736
MKRN4P	SRR5950343	1.1542342444976637
MKRN4P	SRR5950344	1.154119770897195
MKRN4P	SRR5950345	1.1542129775631536
MKRN4P	SRR5950346	1.1543244711383844
MKRN4P	SRR5950347	1.1542612816136126
MKRN4P	SRR5950348	1.1541344162995835
MKRN4P	SRR5950349	1.1544066367558048
MKRN4P	SRR5950350	1.1543244711383844
MKRN4P	SRR5950351	1.1538444146289202
MKRN4P	SRR5950352	1.1544018504729736
MKRN4P	SRR5950353	1.1542763738511965
MKRN4P	SRR5950354	1.1544018504729736
MKRN4P	SRR5950355	1.1544066367558048
MKRN4P	SRR5950356	1.1537250692562184
MKRN4P	SRR5950357	1.1544018504729736
MKRN4P	SRR5950358	1.1541344162995835
MKRN4P	SRR5950359	1.1542342444976637
MKRN4P	SRR5950360	1.1544018504729736
MKRN4P	SRR5950361	1.1544018504729736
MKRN4P	SRR5950362	1.1541014455850918
MKRN4P	SRR5950363	1.153987572083333
MKRN4P	SRR5950364	1.1541360045743105
MKRN4P	SRR5950365	1.154328975937927
MKRN4P	SRR5950366	1.1543930374941627
MKRN4P	SRR5950367	1.153400485650712
MKRN4P	SRR5950368	1.1542763738511965
MKRN4P	SRR5950369	1.1544080735423528
MKRN4P	SRR5950370	1.1544080735423528
MKRN4P	SRR5950371	1.154328975937927
MKRN4P	SRR5950372	1.1543861423812125
MKRN4P	SRR5950373	1.1542881659876676
MKRN4P	SRR5950374	1.1542763738511965
MKRN4P	SRR5950375	1.1543930374941627
MKRN4P	SRR5950376	1.1544066367558048
MKRN4P	SRR5950377	1.1539830975965506
MKRN4P	SRR5950378	1.1542881659876676
MKRN4P	SRR5950379	1.1542763738511965
MKRN4P	SRR5950380	1.1542129775631536
MKRN4P	SRR5950381	1.1542129775631536
MKRN4P	SRR5950382	1.1537779842987672
MKRN4P	SRR5950383	1.1544066367558048
MKRN4P	SRR5950384	1.1543930374941627
MKRN4P	SRR5950385	1.1537833054890896
MKRN4P	SRR5950386	1.1543861423812125
MKRN4P	SRR5950387	1.1544066367558048
MKRN4P	SRR5950388	1.154127700715507
MKRN4P	SRR5950389	1.1532222126984653
MKRN4P	SRR5950390	1.1542129775631536
MKRN4P	SRR5950391	1.1544080735423528
MKRN4P	SRR5950392	1.1537652995205527
MKRN4P	SRR5950393	1.1541312616794417
MKRN4P	SRR5950394	1.154243037085462
MKRN4P	SRR5950395	1.1542763738511965
MKRN4P	SRR5950396	1.1544080735423528
MKRN4P	SRR5950397	1.1544066367558048
MKRN4P	SRR5950398	1.1544066367558048
MKRN4P	SRR5950399	1.1542193125787963
MKRN4P	SRR5950400	1.1542342444976637
MKRN4P	SRR5950401	1.1543930374941627
MKRN4P	SRR5950402	1.1543930374941627
MKRN4P	SRR5950403	1.154328975937927
MKRN4P	SRR5950404	1.1543861423812125
MKRN4P	SRR5950405	1.153006792126308
MKRN4P	SRR5950406	1.1539304288892793
MKRN4P	SRR5950407	1.154328975937927
MKRN4P	SRR5950408	1.154043329391819
MKRN4P	SRR5950409	1.154127700715507
MKRN4P	SRR5950410	1.1544080735423528
MKRN4P	SRR5950411	1.1544018504729736
MKRN4P	SRR5950412	1.1543861423812125
MKRN4P	SRR5950413	1.1539394876265088
MKRN4P	SRR5950414	1.1543861423812125
MKRN4P	SRR5950415	1.1542193125787963
MKRN4P	SRR5950416	1.154243037085462
MKRN4P	SRR5950417	1.1542342444976637
MKRN4P	SRR5950418	1.154119770897195
MKRN4P	SRR5950419	1.1544018504729736
MKRN4P	SRR5950420	1.1542612816136126
MKRN4P	SRR5950421	1.1541312616794417
MKRN4P	SRR5950422	1.1540976154898277
MKRN4P	SRR5950423	1.1542881659876676
MKRN4P	SRR5950424	1.1543930374941627
MKRN4P	SRR5950425	1.1544018504729736
MKRN4P	SRR5950426	1.1541344162995835
MKRN4P	SRR5950427	1.1543861423812125
MKRN4P	SRR5950428	1.1542881659876676
MKRN4P	SRR5950429	1.1544018504729736
MKRN4P	SRR5950430	1.154243037085462
MKRN4P	SRR5950431	1.1542612816136126
MKRN4P	SRR5950432	1.1543861423812125
MKRN4P	SRR5950433	1.154328975937927
MKRN4P	SRR5950434	1.1541344162995835
MKRN4P	SRR5950435	1.1542881659876676
MKRN4P	SRR5950436	1.1544018504729736
MKRN4P	SRR5950437	1.1542612816136126
MKRN4P	SRR5950438	1.1543930374941627
MKRN4P	SRR5950439	1.1544066367558048
MKRN4P	SRR5950440	1.150186403730464
MKRN4P	SRR5950441	1.1540843659274789
MKRN4P	SRR5950442	1.1543244711383844
MKRN4P	SRR5950443	1.1541454974839138
MKRN4P	SRR5950444	1.154328975937927
MKRN4P	SRR5950445	1.1543861423812125
MKRN4P	SRR5950446	1.1542129775631536
MKRN4P	SRR5950447	1.1539830975965506
MKRN4P	SRR5950448	1.1543244711383844
MKRN4P	SRR5950449	1.1543861423812125
MKRN4P	SRR5950450	1.1544018504729736
MKRN4P	SRR5950451	1.1544080735423528
MKRN4P	SRR5950452	1.154099487946561
MKRN4P	SRR5950453	1.1543930374941627
MKRN4P	SRR5950454	1.1540976154898277
MKRN4P	SRR5950455	1.1543930374941627
MKRN4P	SRR5950456	1.1542881659876676
MKRN4P	SRR5950457	1.1542129775631536
MKRN4P	SRR5950458	1.1544080735423528
MKRN4P	SRR5950459	1.1542612816136126
MKRN4P	SRR5950460	1.1542612816136126
MKRN4P	SRR5950461	1.1543244711383844
MKRN4P	SRR5950462	1.1538715423531325
MKRN4P	SRR5950463	1.1541454974839138
MKRN4P	SRR5950464	1.1541014455850918
MKRN4P	SRR5950465	1.1495981461456477
MKRN4P	SRR5950466	1.1543861423812125
MKRN4P	SRR5950467	1.1542763738511965
MKRN4P	SRR5950468	1.1543244711383844
MKRN4P	SRR5950469	1.1542129775631536
MKRN4P	SRR5950470	1.1544018504729736
MKRN4P	SRR5963912	1.1544080735423528
MKRN4P	SRR5963913	1.154118135098547
MKRN4P	SRR5963914	1.1544080735423528
MKRN4P	SRR5963915	1.154119770897195
MKRN4P	SRR5963916	1.1538752034369077
MKRN4P	SRR5963917	1.154243037085462
MKRN4P	SRR5963918	1.1542612816136126
MKRN4P	SRR5963919	1.1543861423812125
MKRN4P	SRR5963920	1.1542763738511965
MKRN4P	SRR5963921	1.1543930374941627
MKRN4P	SRR5963922	1.1542342444976637
MKRN4P	SRR5963923	1.1542612816136126
MKRN4P	SRR5963924	1.1543861423812125
MKRN4P	SRR5963925	1.154118135098547
MKRN4P	SRR5963926	1.154118135098547
MKRN4P	SRR5963927	1.1544018504729736
MKRN4P	SRR5963928	1.1540843659274789
MKRN4P	SRR5963929	1.154328975937927
MKRN4P	SRR5963930	1.1539394876265088
MKRN4P	SRR5963931	1.1544066367558048
MKRN4P	SRR5963932	1.1542881659876676
MKRN4P	SRR5963933	1.1542193125787963
MKRN4P	SRR5963934	1.153987572083333
MKRN4P	SRR5963935	1.1544080735423528
MKRN4P	SRR5963936	1.1541014455850918
MKRN4P	SRR5963937	1.1537833054890896
MKRN4P	SRR5963938	1.1543244711383844
MKRN4P	SRR5963939	1.1543861423812125
MKRN4P	SRR5963940	1.1543861423812125
MKRN4P	SRR5963941	1.1544080735423528
MKRN4P	SRR5963942	1.1544080735423528
MKRN4P	SRR5963943	1.1543930374941627
MKRN4P	SRR5963944	1.1544080735423528
MKRN4P	SRR5963945	1.1544066367558048
MKRN4P	SRR5963946	1.154328975937927
MKRN4P	SRR5963947	1.154328975937927
MKRN4P	SRR5963948	1.154328975937927
MKRN4P	SRR6467548	1.0098009573572508
MKRN4P	SRR6467549	1.0166962857042838
MKRN4P	SRR6467550	1.0094837492205468
MKRN4P	SRR6467551	3.0495360868144483
MKRN4P	SRR6467552	1.0165938972287623
MKRN4P	SRR6467553	1.0319322215162512
MKRN4P	SRR6467554	2.045150770577942
MKRN4P	SRR6467555	3.043280053691966
MKRN4P	SRR6467556	3.0355547453442635
MKRN4P	SRR6467557	1.011441792883926
MKRN4P	SRR6467558	2.0405846011968656
MKRN4P	SRR6467559	1.002192313736413
MKRN4P	SRR6467560	1.0102367475941127
MKRN4P	SRR6467561	2.014941111082202
MKRN4P	SRR6467562	1.0037998635777572
MKRN4P	SRR6467563	1.006198701649288
MKRN4P	SRR6467564	1.007316154609257
MKRN4P	SRR6467565	1.0097140318888853
MKRN4P	SRR6467566	1.0276080890484358
MKRN4P	SRR6467567	1.0110992213354526
MKRN4P	SRR6467568	5.020515084921361
MKRN4P	SRR6467569	1.0146718773316246
MKRN4P	SRR6467570	0.9247916000402479
MKRN4P	SRR6467571	2.001440076213531
MKRN4P	SRR6467572	1.0061815486062775
MKRN4P	SRR6467573	1.006829697727058
MKRN4P	SRR6467574	1
MKRN4P	SRR6467575	0.5716764253757385
MKRN4P	SRR6467576	3.0141576755981263
MKRN4P	SRR6467577	2.0028811893368133
MKRN4P	SRR6467578	1.009862646777912
MKRN4P	SRR6467579	2.0213810549676388
MKRN4P	SRR6467580	0.9523601830764757
MKRN4P	SRR6467581	0.8599482920351685
MKRN4P	SRR6467582	0.941450468834617
MKRN4P	SRR6467583	1
MKRN4P	SRR6467584	1.0036667554019618
MKRN4P	SRR6467585	0.7266206971123287
MKRN4P	SRR6467586	0.7005779092591782
MKRN4P	SRR6467587	0.7901193740878704
MKRN4P	SRR6467588	1.1136454935217435
MKRN4P	SRR6467589	1
MKRN4P	SRR6467590	1.0028083682939712
MKRN4P	SRR6467591	1.010567215117064
MKRN4P	SRR6467592	1.0077848171459254
MKRN4P	SRR6467593	1.0045701845809227
MKRN4P	SRR6467594	0.7350215770546508
MKRN4P	SRR6467595	1.002192313736413
MKRN4P	SRR6467596	3
MKRN4P	SRR6467597	2.547873191732915
MKRN4P	SRR6467598	0.8943128181116325
MKRN4P	SRR6467599	3.0113412795498014
MKRN4P	SRR6467600	1.004823063289047
MKRN4P	SRR6467601	3.0167310802902865
MKRN4P	SRR6467602	0.6361048560300533
MKRN4P	SRR6467603	2
MKRN4P	SRR6467604	1.0042569254079385
MKRN4P	SRR6467605	2.007210757633995
MKRN4P	SRR6467606	1
MKRN4P	SRR6467607	1
MKRN4P	SRR6467608	2.0052558688529287
MKRN4P	SRR6467609	2.000359921883904
MKRN4P	SRR6467610	1.0100482822048622
MKRN4P	SRR6467611	1.645492978979046
MKRN4P	SRR6467612	1.0058055966749162
MKRN4P	SRR6467613	4
MKRN4P	SRR6467614	2
MKRN4P	SRR6467615	1.0128041618842896
MKRN4P	SRR6467616	1.0098959578192344
MKRN4P	SRR6467617	1.0067109510861363
MKRN4P	SRR6467618	2
MKRN4P	SRR6467619	2.585706742574524
MKRN4P	SRR6467620	1.0026279344264644
MKRN4P	SRR6467621	1.0051232842269857
MKRN4P	SRR6467622	2.0301368806457423
MKRN4P	SRR6467623	1.4360923777039296
MKRN4P	SRR6467624	3.0005398828258563
MKRN4P	SRR6467625	2
MKRN4P	SRR6467626	2
MKRN4P	SRR6467627	2.020105415132075
MKRN4P	SRR6467628	2
MKRN4P	SRR6467629	0.8747413751703255
MKRN4P	SRR6467630	1.0007200381067656
MKRN4P	SRR6467631	2.0018002572549074
MKRN4P	SRR6467632	1.0071932539431103
MKRN4P	SRR6467633	1
MKRN4P	SRR6467634	1.0040247915978133
MKRN4P	SRR6467635	1.1788236669898902
MKRN4P	SRR6467636	2.020215926642949
MKRN4P	SRR6467637	3
MKRN4P	SRR6467638	1
MKRN4P	SRR6467639	2.0064000158761304
MKRN4P	SRR6467640	1.02092395433485
MKRN4P	SRR6467641	1.0093092593249926
MKRN4P	SRR6467642	2.558711067040938
MKRN4P	SRR6467643	3.0375488075807833
MKRN4P	SRR6467644	1
MKRN4P	SRR6467645	0.6197967678174899
MKRN4P	SRR6467646	1
MKRN4P	SRR6467647	0.7606548841669499
MKRN4P	SRR6467648	4.023222386699665
MKRN4P	SRR6467649	2.0105917626859338
MKRN4P	SRR6467650	1.0054744269623506
MKRN4P	SRR6467651	1.0029413626288513
MKRN4P	SRR6467652	2.000359921883904
MKRN4P	SRR6467653	2.0199068404986402
MKRN4P	SRR6467654	2.007494177578904
MKRN4P	SRR6467655	1
MKRN4P	SRR6467656	0.9519895927372466
MKRN4P	SRR6467657	1
MKRN4P	SRR6467658	1
MKRN4P	SRR6467659	2.375830623690481
MKRN4P	SRR6467660	2.013695420040955
MKRN4P	SRR6467661	0.7019179640025505
MKRN4P	SRR6467662	2.6846261714958883
MKRN4P	SRR6467663	1.0028083682939712
MKRN4P	SRR6467664	0.643659726649707
MKRN4P	SRR6467665	2
MKRN4P	SRR6467666	1
MKRN4P	SRR6467667	0.6064444850401363
MKRN4P	SRR6467668	0.7233894982198812
MKRN4P	SRR6467669	1
MKRN4P	SRR6467670	2
MKRN4P	SRR6467671	0.9374023324575674
MKRN4P	SRR6467672	1.0088613809216063
MKRN4P	SRR6467673	1.0095966497061606
MKRN4P	SRR6467674	1.0063138266234677
MKRN4P	SRR6467675	5.0432745022481225
MKRN4P	SRR6467676	1.1613769670510998
MKRN4P	SRR6467677	2
MKRN4P	SRR6467678	1
MKRN4P	SRR6467679	1
MKRN4P	SRR6467680	2.021458791331528
MKRN4P	SRR6467681	2
MKRN4P	SRR6467682	2.0120223381300613
MKRN4P	SRR6467683	1.0111991340219961
MKRN4P	SRR6467684	3.007833407966259
MKRN4P	SRR6467685	1.0141034233036246
MKRN4P	SRR6467686	1.0014712162978496
MKRN4P	SRR6467687	1.3313931497324267
MKRN4P	SRR6467688	0.998585357575692
MKRN4P	SRR6467689	2.0199017578461462
MKRN4P	SRR6467690	1.0054839199293288
MKRN4P	SRR6467691	2.011126843610475
MKRN4P	SRR6467692	1.0010802515574013
MKRN4P	SRR6467693	0.9913056239850421
MKRN4P	SRR6467694	2.0151922379632485
MKRN4P	SRR6467695	1.0045701845809227
MKRN4P	SRR6467696	1.3498228971302755
MKRN4P	SRR6467697	3
MKRN4P	SRR6467698	1.0046960648887655
MKRN4P	SRR6467699	3
MKRN4P	SRR6467700	3.633961926371462
MKRN4P	SRR6467701	1
MKRN4P	SRR6467702	2.0286770647532957
MKRN4P	SRR6467703	2.024789048296081
MKRN4P	SRR6467704	1.0028083682939712
MKRN4P	SRR6467705	1.0065322517366486
MKRN4P	SRR6467706	1.0184483735704168
MKRN4P	SRR6467707	4
MKRN4P	SRR6467708	1.0017262519502124
MKRN4P	SRR6467709	2
MKRN4P	SRR6467710	1.0009001286274537
MKRN4P	SRR6467711	1.0013658060526471
MKRN4P	SRR6467712	2.0225897240427924
MKRN4P	SRR6467713	0.48220358781884687
MKRN4P	SRR6467714	2.0119732047950287
MKRN4P	SRR6467715	1
MKRN4P	SRR6467716	1
MKRN4P	SRR6467717	1.012284376852264
MKRN4P	SRR6467718	1.0154230574273704
MKRN4P	SRR6467719	1.003656921931823
MKRN4P	SRR6467720	1
MKRN4P	SRR6467721	1.001620814861132
MKRN4P	SRR6467722	1
MKRN4P	SRR6467723	3
MKRN4P	SRR6467724	2
MKRN4P	SRR6467725	1
MKRN4P	SRR6467726	0.7977348804247648
MKRN4P	SRR6467727	2.004684040032724
MKRN4P	SRR6467728	3
MKRN4P	SRR6467729	1.0069368264130596
MKRN4P	SRR6467730	4.008579517730009
MKRN4P	SRR6467731	1.0098953358933669
MKRN4P	SRR6467732	0.7064213964404553
MKRN4P	SRR6467733	1.0017262519502124
MKRN4P	SRR6467734	0.9909934022627375
MKRN4P	SRR6467735	2.016596338926861
MKRN4P	SRR6467736	1.0062109131444412
MKRN4P	SRR6467737	2.0124583479539315
MKRN4P	SRR6467738	1.0003599542698447
MKRN4P	SRR6467739	1
MKRN4P	SRR6467740	2.0107986741916752
MKRN4P	SRR6467741	3.0060359721441507
MKRN4P	SRR6467742	1
MKRN4P	SRR6467743	1
MKRN4P	SRR6467744	1
MKRN4P	SRR6467745	1.000465258632579
MKRN4P	SRR6467746	2.015960223647382
MKRN4P	SRR6467747	1.4068537858004757
MKRN4P	SRR6467748	0.9506814772533128
MKRN4P	SRR6467749	1
MKRN4P	SRR6467750	1.00237266920921
MKRN4P	SRR6467751	1.015116940806616
MKRN4P	SRR6467752	2.016519930684449
MKRN4P	SRR6467753	2.6609763202121366
MKRN4P	SRR6467754	0.8348079498361667
MKRN4P	SRR6467755	1.7892290235295039
MKRN4P	SRR6467756	2.0025208138048822
MKRN4P	SRR6467757	3
MKRN4P	SRR6467758	1
MKRN4P	SRR6467759	1.0056828803089768
MKRN4P	SRR6467760	1.0077326390518404
MKRN4P	SRR6467761	1.0036974451020118
MKRN4P	SRR6467762	1.0050174895819426
MKRN4P	SRR6467763	0.9587698910949234
MKRN4P	SRR6467764	0.565239050644028
MKRN4P	SRR6467765	2.0025208138048822
MKRN4P	SRR6467766	1.0148654635807097
MKRN4P	SRR6467767	2.0136338479917937
MKRN4P	SRR6467768	1.012490620071433
MKRN4P	SRR6467769	1.017985195307651
MKRN4P	SRR6467770	2
MKRN4P	SRR6467771	1.254168994939202
MKRN4P	SRR6467772	1.0071624573529558
MKRN4P	SRR6467773	1.0039530476880079
MKRN4P	SRR6868540	7.102728077426873
MKRN4P	SRR6868541	1.0274634703565282
MKRN4P	SRR6868542	2.095391103834263
MKRN4P	SRR6868543	1.0150863239093106
MKRN4P	SRR6868544	1.0078390786606577
MKRN4P	SRR6868545	2.0494152129307595
MKRN4P	SRR6868546	1.0156717592642122
MKRN4P	SRR6868557	1.0591086838663382
MKRN4P	SRR6868558	1.0490872194289762
MKRN4P	SRR6868559	1.0325281504175436
MKRN4P	SRR6868560	1.0099740186645438
MKRN4P	SRR6868569	1.0617761523220262
MKRN4P	SRR6868570	1.0214163604819042
MKRN4P	SRR6868571	1.0443666123323176
MKRN4P	SRR6868572	1.0117513905915592
MKRN4P	SRR6868573	2.081993367278577
MKRN4P	SRR6868574	1.0122229259475997
MKRN4P	SRR6868575	4.103221777843664
MKRN4P	SRR6868576	1.0158996451240243
MKRN4P	SRR6868577	1.0321919880224188
MKRN4P	SRR6868578	1.0155200621012757
MKRN4P	SRR6868579	1.0437286829000922
MKRN4P	SRR6868580	2.0215054650733006
MKRN4P	SRR6868581	4.1357652131770894
MKRN4P	SRR6868582	1.0328155381530846
MKRN4P	SRR6868585	2.0441378042315255
MKRN4P	SRR6868586	2.11900775169735
MKRN4P	SRR6868587	1.059951714856934
MKRN4P	SRR6868588	1.0071852335562725
MKRN4P	SRR6868589	1.0110174866119757
MKRN4P	SRR6868590	1.032033906477247
MKRN4P	SRR6868591	1.0130236388532423
MKRN4P	SRR6868604	1.075755471099352
MKRN4P	SRR6868605	1.0318130709448758
MKRN4P	SRR6868606	1.0405938775744006
MKRN4P	SRR6868607	1.0342544525714972
MKRN4P	SRR6868608	1.024176000194289
MKRN4P	SRR6868609	1.0438891054924728
MKRN4P	SRR6868610	1.038926954961391
MKRN4P	SRR6868620	1.011281179703731
MKRN4P	SRR6868621	2.0436509949536723
MKRN4P	SRR6868622	1.0239774453836796
MKRN4P	SRR6868623	2.1095260497781347
MKRN4P	SRR6868636	1.0437200357863465
MKRN4P	SRR6868637	1.0258536501967699
MKRN4P	SRR6868638	1.0461253585775165
MKRN4P	SRR6868639	1.0107500209553522
MKRN4P	SRR6868650	1.039600004636465
MKRN4P	SRR6868651	1.0289509945514346
MKRN4P	SRR6868652	2.060815570271791
MKRN4P	SRR6868653	1.0187981972446098
MKRN4P	SRR6868654	1.0150307958235039
MKRN4P	SRR6868655	3.1046709730266095
MKRN4P	SRR6868665	2.0288467057789843
MKRN4P	SRR6868666	3.0307102427823382
MKRN4P	SRR6868667	5.057469012887213
MKRN4P	SRR6868668	1.0074530555463053
MKRN4P	SRR6868669	1.0076269288321016
MKRN4P	SRR6868670	1.0177421086096043
MKRN4P	SRR6868671	1.0144459931453216
MKRN4P	SRR6868683	1.0126868266683406
MKRN4P	SRR6868684	1.0156791364509994
MKRN4P	SRR6868685	1.0213121445813669
MKRN4P	SRR6868686	1.010279036701863
MKRN4P	SRR6868687	1.0278872533572148
MKRN4P	SRR6868688	1.0267982277074879
MKRN4P	SRR6868689	1.0146059094716162
MKRN4P	SRR6868698	1.0182196176757388
MKRN4P	SRR6868699	1.0070555785765116
MKRN4P	SRR6868700	1.0160549733839008
MKRN4P	SRR6868701	1.0104876136718064
MKRN4P	SRR6868702	2.015357484720384
MKRN4P	SRR6868713	3.0313603730422427
MKRN4P	SRR6868714	1.0184145111104586
MKRN4P	SRR6868715	1.0082988502433663
MKRN4P	SRR6868716	2.013394661573023
MKRN4P	SRR6868717	1.010251403767141
MKRN4P	SRR6868718	3.0117042771908498
MKRN4P	SRR6868719	2.003241629722264
MKRN4P	SRR6868720	1.0050609507965924
MKRN4P	SRR6868721	1.011241097215616
MKRN4P	SRR6868722	1.0167639054768582
MKRN4P	SRR6868723	2.0389726034742215
MKRN4P	SRR6868724	2.0193785312073342
MKRN4P	SRR6868725	2.008356020066065
MKRN4P	SRR6868726	2.004825566622048
MKRN4P	SRR6868741	1.0144414580063614
MKRN4P	SRR7632756	1.0082812760242865
MKRN4P	SRR7632757	1.0277880420258994
MKRN4P	SRR7632758	1.010659920049916
MKRN4P	SRR7632759	3.089569017240837
MKRN4P	SRR7632760	1.0203110449499115
MKRN4P	SRR7632761	6.042730011344186
MKRN4P	SRR7632762	1.0487026522067118
MKRN4P	SRR7632763	1.0164129755589333
MKRN4P	SRR7632764	1.0370326174074103
MKRN4P	SRR7632765	1.0026279344264644
MKRN4P	SRR7632766	1.0312070028815916
MKRN4P	SRR7632767	1.00237266920921
MKRN4P	SRR7632768	1.016230093834007
MKRN4P	SRR7632769	2.0229895637014517
MKRN4P	SRR7632770	1.0082739021759193
MKRN4P	SRR7632771	5.130177780285908
MKRN4P	SRR7632772	2.038627965246297
MKRN4P	SRR7632773	1.0054132343880438
MKRN4P	SRR7632774	6.03806758358729
MKRN4P	SRR7632775	1.0225378532123717
MKRN4P	SRR7632776	1.0379594824107194
MKRN4P	SRR7632777	1.0241484491414745
MKRN4P	SRR7632778	1.0041644240028431
MKRN4P	SRR7632779	1.0262203067866917
MKRN4P	SRR7632780	1.0037110248141228
MKRN4P	SRR7632781	1.0615459002112622
MKRN4P	SRR7632782	1.0136901858645806
MKRN4P	SRR7632783	1.0073564665451527
MKRN4P	SRR7632784	1.008719543389948
MKRN4P	SRR7632785	1.0071980517553376
MKRN4P	SRR7632786	5.208136406396522
MKRN4P	SRR7632787	12.04671793176997
MKRN4P	SRR7632788	1.0022671640812284
MKRN4P	SRR7632789	5.091029208347829
MKRN4P	SRR7632790	2.0196801835385005
MKRN4P	SRR7632791	3.1346371147202947
MKRN4P	SRR7632792	1.0073564665451527
MKRN4P	SRR7632793	1.0121408038615827
MKRN4P	SRR7632794	1.0069504499529853
MKRN4P	SRR7632795	1.003227447999251
MKRN4P	SRR7632796	1.0172279399958117
MKRN4P	SRR7632797	1.150699232136202
MKRN4P	SRR7632798	1.0057304820763078
MKRN4P	SRR7632799	1.0307926732391595
MKRN4P	SRR7632800	1.0150544095718905
MKRN4P	SRR7632801	1.0052627748922789
MKRN4P	SRR7632802	1.0350311676136474
MKRN4P	SRR7632803	1.024031967628665
MKRN4P	SRR7632804	3.121562756940395
MKRN4P	SRR7632805	1.0030944157282213
MKRN4P	SRR7632806	1.004614493841249
MKRN4P	SRR7632807	9.078238463730408
MKRN4P	SRR7632808	2.016440043324333
MKRN4P	SRR7632809	5.244147481270544
MKRN4P	SRR7632810	1.0041780100330324
MKRN4P	SRR7632811	10.068000553741442
MKRN4P	SRR7632812	1.007179332046641
MKRN4P	SRR7632813	1.0061984068651417
MKRN4P	SRR7632814	1.0035384452564864
MKRN4P	SRR7632815	1.0078464493290136
MKRN4P	SRR7632816	3.2262224711800846
MKRN4P	SRR7632817	4.1666994061377
MKRN4P	SRR7632818	5.0271341865712325
MKRN4P	SRR7632819	1.002447533024164
MKRN4P	SRR7632820	7.048166964607339
MKRN4P	SRR7632821	1.0017262519502124
MKRN4P	SRR7632822	2.0250652737194366
MKRN4P	SRR7632823	1.003680628745282
MKRN4P	SRR7632824	21.095973876199377
MKRN4P	SRR7632825	1.0028083682939712
MKRN4P	SRR7632826	9.005807729726216
MKRN4P	SRR7632827	1.055040096796364
MKRN4P	SRR7632828	1.0261404595811736
MKRN4P	SRR7632829	8.115716223499405
MKRN4P	SRR7632830	1.0486021527253222
MKRN4P	SRR7632831	1.009267486593636
MKRN4P	SRR7632832	3.043858717371493
MKRN4P	SRR7632833	1.0516979198200802
MKRN4P	SRR7632834	3.0879141340150618
MKRN4P	SRR7632835	1.110030669431967
MKRN4P	SRR7632836	1.014927231447063
MKRN4P	SRR7632837	1.006427797534363
MKRN4P	SRR7632838	1.025209041964611
MKRN4P	SRR7632839	2.0229876051548854
MKRN4P	SRR7632840	1.0307338553525334
MKRN4P	SRR7632841	1.1191732546509214
MKRN4P	SRR7632842	2.0037794743983843
MKRN4P	SRR7632843	1.037517112746005
MKRN4P	SRR7632844	6.2384531547819035
MKRN4P	SRR7632845	1.0050068388547722
MKRN4P	SRR7632846	1.049674009840069
MKRN4P	SRR7632847	1.0235807528043444
MKRN4P	SRR7632848	14.12825758048529
MKRN4P	SRR7632849	1.0113703922046702
MKRN4P	SRR7632850	5.064549508263807
MKRN4P	SRR7632851	11.111700670660637
MKRN4P	SRR7632852	1.0012604069024411
MKRN4P	SRR7632853	1.0050683011475585
MKRN4P	SRR7632854	1.006604989330596
MKRN4P	SRR7632855	8
MKRN4P	SRR7632856	2.012943727552918
MKRN4P	SRR7632857	1.0737804448439001
MKRN4P	SRR7632858	1.0371716501108719
MKRN4P	SRR7632859	2.07940498294464
MKRN4P	SRR7632860	1.0755034509256032
MKRN4P	SRR7632861	1.0544086906801657
MKRN4P	SRR7632862	1.0352861076828388
MKRN4P	SRR7632863	1.1276773456759084
MKRN4P	SRR7632864	1.121531795981538
MKRN4P	SRR7632865	1.0014405946684066
MKRN4P	SRR7632866	1.0056799316660756
MKRN4P	SRR7632867	1.0103238937591081
MKRN4P	SRR7632868	1.02565491505434
MKRN4P	SRR7632869	1.0244411256785808
MKRN4P	SRR7632870	6.023059632822596
MKRN4P	SRR7632871	1.0509978397928912
MKRN4P	SRR7632872	2.064566695289286
MKRN4P	SRR7632873	8.03342408026426
MKRN4P	SRR7632874	2.0053171847237667
MKRN4P	SRR7632875	2.003302884002545
MKRN4P	SRR7632876	1.014147795755148
MKRN4P	SRR7632877	1.041135031463042
MKRN4P	SRR7632878	1.022117629031292
MKRN4P	SRR7632879	1.0022671640812284
MKRN4P	SRR7632880	1.0175570139817183
MKRN4P	SRR7632881	4.055355738178561
MKRN4P	SRR7632882	1.02398215098824
MKRN4P	SRR7632883	1.022587298485006
MKRN4P	SRR7632884	1.0338348047099086
MKRN4P	SRR7632885	10.050174895819426
MKRN4P	SRR7632886	1.0323339725546605
MKRN4P	SRR7632887	1.0101314025983257
MKRN4P	SRR7632888	1.0381219692204027
MKRN4P	SRR7632889	1.034226163866362
MKRN4P	SRR7632890	1.1021455850880635
MKRN4P	SRR7632891	2.0944499413435196
MKRN4P	SRR7632892	1.0058289958076159
MKRN4P	SRR7632893	1.0382330459409663
MKRN4P	SRR7632894	1.04730409167774
MKRN4P	SRR7632895	1.0116312112491015
MKRN4P	SRR7632896	1.022792885942668
MKRN4P	SRR7632897	1.0040894319687015
MKRN4P	SRR7632898	5.018735443947259
MKRN4P	SRR7632899	1.0069401334995287
MKRN4P	SRR7632900	1.006694084239897
MKRN4P	SRR7632901	3.0190927492879696
MKRN4P	SRR7632902	1.0438489006745157
MKRN4P	SRR7632903	1.0044307900197387
MKRN4P	SRR7632904	1.052639407087551
MKRN4P	SRR7632905	1.0931788245138465
MKRN4P	SRR7632906	1.016476826235516
MKRN4P	SRR7632907	1.0277502386473942
MKRN4P	SRR7632908	2.0080750176944067
MKRN4P	SRR7632909	1.0034554838462202
MKRN4P	SRR7632910	1.0381442455517274
MKRN4P	SRR7632911	3.038945786234905
MKRN4P	SRR7632912	2.031316035458598
MKRN4P	SRR7632913	1.0588628832226115
MKRN4P	SRR7632914	1.0312943611504022
MKRN4P	SRR7632915	3.134898347543786
MKRN4P	SRR7632916	1.0199638203063526
MKRN4P	SRR7632917	3.1576431641541856
MKRN4P	SRR7632918	1.0259071739140957
MKRN4P	SRR7632919	1.0087162263813345
MKRN4P	SRR7632920	1.011609827571363
MKRN4P	SRR7632921	1.0121840603993095
MKRN4P	SRR7632922	1.008703153846645
MKRN4P	SRR7632923	1.0104479848105985
MKRN4P	SRR7632924	2.059108192232074
MKRN4P	SRR7632925	1.0351205406829784
MKRN4P	SRR7632926	6.111035382521867
MKRN4P	SRR7632927	2.0412434146374663
MKRN4P	SRR7632928	3.009979379063929
MKRN4P	SRR7632929	1.0408852031443403
MKRN4P	SRR7632930	1.0009001286274537
MKRN4P	SRR7632931	1.0007200381067656
MKRN4P	SRR7632932	1.0257541376073018
MKRN4P	SRR7632933	1.0212809727621546
MKRN4P	SRR7632934	1.0044185309372882
MKRN4P	SRR7632935	1.0101127750180565
MKRN4P	SRR7632936	1.02112601210436
MKRN4P	SRR7632937	1.0144478283854719
MKRN4P	SRR7632938	1.0267598473930304
MKRN4P	SRR7632939	1.0281771467044196
MKRN4P	SRR7632940	1.0065268639064227
MKRN4P	SRR7632941	1.0215738909036738
MKRN4P	SRR7632942	6.2152597617916845
MKRN4P	SRR7632943	2
MKRN4P	SRR7632944	1.0184271463668109
MKRN4P	SRR7632945	1
MKRN4P	SRR8928966	1.0088471102473964
MKRN4P	SRR8928967	1.0170282299624092
MKRN4P	SRR8928968	1.0083121068252079
MKRN4P	SRR8928969	1.0083022278420297
MKRN4P	SRR8928970	1.0095999056134282
MKRN4P	SRR8928971	1.0076894214033043
MKRN4P	SRR8928972	1.0535590264470536
MKRN4P	SRR8928973	14.083518889030364
MKRN4P	SRR8928974	1.084964542884935
MKRN4P	SRR8928975	1.0422268823538081
MKRN4P	SRR8928976	1.0418215850993868
MKRN4P	SRR8928977	1.0194654138015173
MKRN4P	SRR8928978	1.018615945849788
MKRN4P	SRR8928979	1.019328713740916
MKRN4P	SRR8928980	1.0157058979511975
MKRN4P	SRR8928981	1.011720751030811
MKRN4P	SRR8928982	12.137112196328406
MKRN4P	SRR8928983	6.0114391413005475
MKRN4P	SRR8928984	1.005572915612441
MKRN4P	SRR8928985	14.235154520577465
MKRN4P	SRR8928986	1.0090130342187602
MKRN4P	SRR8928987	1
MKRN4P	SRR8928988	15
MKRN4P	SRR8928989	1.0173441049815872
MKRN4P	SRR8928990	1.010567215117064
MKRN4P	SRR8928991	10.177418771007531
MKRN4P	SRR9835604	1.0142586981600068
MKRN4P	SRR9835605	2.0110571281604375
MKRN4P	SRR9835606	3.0063807907634774
MKRN4P	SRR9835607	1.0089702127219256
MKRN4P	SRR9835608	2.029096023518285
MKRN4P	SRR9835609	1
MKRN4P	SRR9835610	2.009211374738175
MKRN4P	SRR9835611	1.0010802515574013
MKRN4P	SRR9835612	1.0026585923618834
MKRN4P	SRR9835613	1.005907361762886
MKRN4P	SRR9835614	1.0098834104700367
MKRN4P	SRR9835615	1.0391223290810894
MKRN4P	SRR9835616	1.0073913876363687
MKRN4P	SRR9835617	1.0229877020749545
MKRN4P	SRR9835618	13.069215286882477
MKRN4P	SRR9835619	8
MKRN4P	SRR9835620	7.032826675633366
MKRN4P	SRR9835621	1.0065161971835763
MKRN4P	SRR9835622	1.0027334775314678
MKRN4P	SRR9835623	8.001439687535616
MKRN4P	SRR9835624	5.109574591830691
MKRN4P	SRR9835625	1.0030776094748917
MKRN4P	SRR9835626	1.007514607649033
MKRN4P	SRR9835627	6.012255778896408
MKRN4P	SRR9835628	10.071447133676017
MKRN4P	SRR9835629	1.0200204342909187
MKRN4P	SRR9835630	1.0553618917185172
MKRN4P	SRR9835631	1.0803218233387206
MKRN4P	SRR9835632	1.002275170713174
MKRN4P	SRR9835633	1.0073851852087703
MKRN4P	SRR9835634	1.0061984068651417
MKRN4P	SRR9835635	12.117265446556512
MKRN4P	SRR9835636	1.0019813525502068
MKRN4P	SRR9835637	3.013288885570078
MKRN4P	SRR9835638	7.066888054660559
MKRN4P	SRR9835639	2.0205862214080743
MKRN4P	SRR9835640	1.0165576694950156
MKRN4P	SRR9835641	1.0037998635777572
MKRN4P	SRR9835642	8.045955071566544
MKRN4P	SRR9835643	2.0076333638644592
MKRN4P	SRR9835644	9.029047031993258
MKRN4P	SRR9835645	7.203984294211121
MKRN4P	SRR9835646	1.0091888588653615
MKRN4P	SRR9835647	3.00720995801771
MKRN4P	SRR9835648	8.238165378036546
MKRN4P	SRR9835649	1.011356708865119
MKRN4P	SRR9835650	1.003794007351424
MKRN4P	SRR9835651	1.0007200381067656
MKRN4P	SRR9835652	1.0155197645862681
MKRN4P	SRR9835653	1.0027641386941393
MKRN4P	SRR9835654	1.0100460688753663
MKRN4P	SRR9835655	2.01019806740697
MKRN4P	SRR9835656	5.0132251344433065
MKRN4P	SRR9835657	1.014825837108375
MKRN4P	SRR9835658	6.0120719442883015
MKRN4P	SRR9835659	3.017633302981874
MKRN4P	SRR9835660	2.014872232960172
MKRN4P	SRR9835661	2.008022415281187
MKRN4P	SRR9835662	2.0238330239568794
MKRN4P	SRR9835663	1.0198983921367524
MKRN4P	SRR9835664	10.017262519502122
MKRN4P	SRR9835665	1.004072314883195
MKRN4P	SRR9835666	1
MKRN4P	SRR9835667	2.016433322339914
MKRN4P	SRR9835668	7
MKRN4P	SRR9835669	4.105693047237489
MKRN4P	SRR9835670	1.0135813928307178
MKRN4P	SRR9835671	1.0133167044062266
MKRN4P	SRR9835672	1.0017262519502124
MKRN4P	SRR9835673	1.0225501145506797
MKRN4P	SRR9835674	1.000465258632579
MKRN4P	SRR9835675	1.0053242528371136
MKRN4P	SRR9835676	1.0888102986472097
MKRN4P	SRR9835677	2.0052558688529287
MKRN4P	SRR9835678	4.023578483318934
MKRN4P	SRR9835679	0.9644577902512602
MKRN4P	SRR9835680	1.024155415648097
MKRN4P	SRR9835681	10.03004620275643
MKRN4P	SRR9835682	1.0602022500176214
MKRN4P	SRR9835683	1.0062291739769658
MKRN4P	SRR9835684	1.0249675723992049
MKRN4P	SRR9835685	1.0050068388547722
MKRN4P	SRR9835686	2.0264732561614456
MKRN4P	SRR9835687	1.0046316201696393
MKRN4P	SRR9835688	1
MKRN4P	SRR9835689	1.0072516016039186
MKRN4P	SRR9835690	1.0020009198402668
MKRN4P	SRR9835691	1.0088088254590628
MKRN4P	SRR9835692	4.071500436457147
MKRN4P	SRR9835693	3.0119512384265485
MKRN4P	SRR9835694	4.040636129002847
MKRN4P	SRR9835695	1.0050899285244395
MKRN4P	SRR9835696	1.0096415363823084
MKRN4P	SRR9835697	6.0301049374916555
MKRN4P	SRR9835698	2.0018614674615067
MKRN4P	SRR9835699	1.0015766376392168
MKRN4P	SRR9835700	2.004384627472826
MKRN4P	SRR9835701	6.016749400999183
MKRN4P	SRR9835702	1
MKRN4P	SRR9835703	1.0010634790502007
MKRN4P	SRR9835704	1.0045533536019593
MKRN4P	SRR9835705	13.051347529890329
MKRN4P	SRR9835706	1.0786425861503106
MKRN4P	SRR9835707	11.011882767131414
MKRN4P	SRR9835708	5.005027449262184
MKRN4P	SRR9835709	1.0003599542698447
MKRN4P	SRR9835710	1.0142530726569354
MKRN4P	SRR9835711	3.0010798628095343
MKRN4P	SRR9835712	2.0050112115217136
MKRN4P	SRR9835713	1.0019065235500912
MKRN4P	SRR9835714	1.001546012786343
MKRN4P	SRR9835715	1.0049761091178548
MKRN4P	SRR9835716	7.02058953840196
MKRN4P	SRR9835717	1.0034248015445335
MKRN4P	SRR9835718	1.0154090217747063
MKRN4P	SRR9835719	4.034165193706087
MKRN4P	SRR9835720	5.031109075681028
MKRN4P	SRR9835721	1.0147479497795637
MKRN4P	SRR9835722	2.0455509426017846
MKRN4P	SRR9835723	1
MKRN4P	SRR9835724	5.034530188317993
MKRN4P	SRR9835725	2.0547912004868882
MKRN4P	SRR9835726	10.007200381067657
MKRN4P	SRR9835727	1.0067684015571978
MKRN4P	SRR9835728	4.162363700632234
MKRN4P	SRR9835729	2.006461366732215
MKRN4P	SRR9835730	1.003830557347933
MKRN4P	SRR9835731	1.0510108441028403
MKRN4P	SRR9835732	1.0047034125711976
MKRN4P	SRR9835733	1.0044644481525995
MKRN4P	SRR9835734	5.012765285694741
MKRN4P	SRR9835735	2.0036021349729065
MKRN4P	SRR9835736	2.0239485190356312
MKRN4P	SRR9835737	1.002086827591817
MKRN4P	SRR9835738	5.008921414512041
MKRN4P	SRR9835739	2.0541287090754223
MKRN4P	SRR9835740	1.0299228329417829
MKRN4P	SRR9835741	1.005276670296832
MKRN4P	SRR9835742	1.0186862015904543
MKRN4P	SRR9835743	1.0342119740740032
MKRN4P	SRR9835744	1.0058153874404083
MKRN4P	SRR9835745	1.022326615823064
MKRN4P	SRR9835746	1.0107941715568822
MKRN4P	SRR9835747	1.0052459323093745
MKRN4P	SRR9835748	1.0304274782164793
MKRN4P	SRR9835749	1
MKRN4P	SRR9835750	1.0082981694634305
MKRN4P	SRR9835751	6.048288133458506
MKRN4P	SRR9835752	1.040454512254464
MKRN4P	SRR9835753	1.0104884861324797
MKRN4P	SRR9835754	6.008194836315883
MKRN4P	SRR9835755	1.014416942522608
MKRN4P	SRR9835756	3.1392189969611657
MKRN4P	SRR9835757	5.019986648639287
MKRN4P	SRR9835758	1.0057304820763078
MKRN4P	SRR9835759	1.0065088362437338
MKRN4P	SRR9835760	1
MKRN4P	SRR9835761	8.001439687535616
MKRN4P	SRR9835762	1.1023719914822634
MKRN4P	SRR9835763	1.0028985763366107
MKRN4P	SRR9835764	1.0025931784597333
MKRN4P	SRR9835765	0.4293207381193816
MKRN4P	SRR9835766	1.0257855942277956
MKRN4P	SRR9835767	1.0369668007927877
MKRN4P	SRR9835768	1
MKRN4P	SRR9835769	2
MKRN4P	SRR9835770	1.0198972127540598
MKRN4P	SRR9835771	1.0054132343880438
MKRN4P	SRR9835772	1.012507584036827
MKRN4P	SRR9835773	2
MKRN4P	SRR9835774	1.0351205406829784
MKRN4P	SRR9835775	1.0050334605858329
MKRN4P	SRR9835776	2.0063386668959495
MKRN4P	SRR9835777	9.022027797217476
MKRN4P	SRR9835778	6.024883833833516
MKRN4P	SRR9835779	1.0069981117179123
MKRN4P	SRR9835780	1.001546012786343
MKRN4P	SRR9835781	3.075670900885339
MKRN4P	SRR9835782	3.0148778140135986
MKRN4P	SRR9835783	1
MKRN4P	SRR9835784	7.02827068923102
MKRN4P	SRR9835785	1.0438963484044135
MKRN4P	SRR9835786	7.06737897716437
MKRN4P	SRR9835787	1.0028083682939712
MKRN4P	SRR9835788	1.0016514420012725
MKRN4P	SRR9835789	5
MKRN4P	SRR9835790	2.0141744828451875
MKRN4P	SRR9835791	8.217009099718549
MKRN4P	SRR9835792	6.949670159852968
MKRN4P	SRR9835793	1.0019813525502068
MKRN4P	SRR9835794	5.000899804709761
MKRN4P	SRR9835795	1.0567801380566075
MKRN4P	SRR9835796	2.0113575374504458
MKRN4P	SRR9835797	3
MKRN4P	SRR9835798	4.006184051145372
MKRN4P	SRR9835799	1.001964564945592
MKRN4P	SRR9835800	2.0022764901723633
MKRN4P	SRR9835801	1.0050027300349125
MKRN4P	SRR9835802	2.0079332617166834
MKRN4P	SRR9867812	4
MKRN4P	SRR9867813	1.0636113509377536
MKRN4P	SRR9867814	4.89422661058392
MKRN4P	SRR9867815	1
MKRN4P	SRR9867816	7.003779859926543
MKRN4P	SRR9867817	2.032625811546667
MKRN4P	SRR9867818	5.00142623178712
MKRN4P	SRR9867819	2.0844382796715877
MKRN4P	SRR9867820	6.014052120098172
MKRN4P	SRR9867821	7
MKRN4P	SRR9867822	2.0262664935292065
MKRN4P	SRR9867823	2.000359921883904
MKRN4P	SRR9867824	2.1746236588624948
MKRN4P	SRR9867825	7.014131272050581
MKRN4P	SRR9867826	3.3322584193499596
MKRN4P	SRR9867827	7
MKRN4P	SRR9867828	1.0149613015451313
MKRN4P	SRR9867829	3.036391254893446
MKRN4P	SRR9867830	1.002011990714717
MKRN4P	SRR9867831	2.7542642057338522
MKRN4P	SRR9879292	2.1418769689623574
MKRN4P	SRR9879293	1.015288110518979
MKRN4P	SRR9879294	2.040995185209163
MKRN4P	SRR9879295	2.0403608722076743
MKRN4P	SRR9879296	3.0375488075807833
MKRN4P	SRR9879297	3.048097863454241
MKRN4P	SRR9879298	4.045890881303213
MKRN4P	SRR9879299	4.018690768448152
MKRN4P	SRR9879300	1.0154291543241525
MKRN4P	SRR9879301	3.007238349933072
MKRN4P	SRR9879302	3.034162012202984
MKRN4P	SRR9879303	2.011099044874141
MKRN4P	SRR9879304	1.0171630497984254
MKRN4P	SRR9879305	3.0333647231539187
MKRN4P	SRR9879306	2
MKRN4P	SRR9879307	8.595924385033927
MKRN4P	SRR9879308	1.012128691075505
MKRN4P	SRR9879309	7.080317229766419
MKRN4P	T50_307	2.012466196818904
MKRN4P	T50_313	1.0171338971063077
MKRN4P	T50_317	1.017912202260729
MKRN4P	T50_324	1.0121465228691218
MKRN4P	T50_427	1.0173634427914857
MKRN4P	T50_428	1.007839948834571
MKRN4P	T50_431	1.006184793499986
MKRN4P	T50_436	1.0087154193912522
MKRN4P	T50_476	2.016701396645114
MKRN4P	UN_307	3.0399294732120254
MKRN4P	UN_313	1.0145310136075893
MKRN4P	UN_317	2.016713753098932
MKRN4P	UN_324	1.0221880902289606
MKRN4P	UN_427	1.0090657297142456
MKRN4P	UN_428	1.0107927868178097
MKRN4P	UN_431	1.010700365800461
MKRN4P	UN_436	1.0085902616518891
MKRN4P	UN_476	2.0204734951882255
