Gene	sample	counts
MORN3	CM317	1.0496947053399786
MORN3	CMCD140	22.20427448803752
MORN3	CMCD147	1.0387377232738804
MORN3	CMCD152	63
MORN3	CMCD154	14.135840969365264
MORN3	CMCD159	11.908939730890218
MORN3	CMCD161	97.29718321327826
MORN3	CMCD174	26.120649487257847
MORN3	CMCD196	10.088734782641728
MORN3	CMCD198	18.50271418169845
MORN3	CMCD203	8.025432788411322
MORN3	CMCD211	39.276274961846795
MORN3	CMCD227	36.868284029626466
MORN3	CMCD240	25.918785155797416
MORN3	CMCD259	80
MORN3	CMCD270	12.062050314084937
MORN3	CMCD275	20.168578703262657
MORN3	CMCD282	24.30499898439153
MORN3	CMCD286	12.16833738031903
MORN3	CMCD287	4
MORN3	CMCD294	2.122261399704858
MORN3	CMCD327	38.193112177463064
MORN3	CMCD335	31.144295627428317
MORN3	CMCD337	10.066357688747274
MORN3	CMCD357	9.183308596008748
MORN3	CMCD398	34.19739028694715
MORN3	CMCD403	27.192562832574488
MORN3	CMCD422	30.062604827754516
MORN3	CMCD426	1.109996027604914
MORN3	CMCD71	15.094884823338118
MORN3	CMCD72	1.1440405671509037
MORN3	CMCD76	3.006801492243685
MORN3	CMCD88	13.002339492245376
MORN3	CMSA256	41
MORN3	CMSA316	15.120218542216646
MORN3	CMUC110	37
MORN3	CMUC192	5.065769229059679
MORN3	CMUC199	13.345884423979069
MORN3	CMUC200	46.107109106005495
MORN3	CMUC208	38.092850517370415
MORN3	CMUC231	13
MORN3	CMUC234	59
MORN3	CMUC285	19.207226206519817
MORN3	CMUC291	12.078727107336046
MORN3	CMUC295	11.009901414901991
MORN3	CMUC299	12.034967164711333
MORN3	CMUC301	22.011879559769135
MORN3	CMUC307	13.035789773623158
MORN3	CMUC313	14.568679713751328
MORN3	CMUC314	2.1063486589547966
MORN3	CMUC323	3.069732364707589
MORN3	CMUC324	40.036005145098144
MORN3	CMUC331	55.493882334854646
MORN3	CMUC333	8.18148403200899
MORN3	CMUC334	4.059055112477171
MORN3	CMUC346	28.299993127277084
MORN3	CMUC352	15.089293398892403
MORN3	CMUC360	20.025208138048825
MORN3	CMUC363	14.357514224340466
MORN3	CMUC365	13.085068463362186
MORN3	CMUC366	38.12444747467742
MORN3	CMUC368	53
MORN3	CMUC377	30.121761908490257
MORN3	CMUC379	1.0664515526402574
MORN3	CMUC380	5.088437225418828
MORN3	CMUC383	81.10272420727466
MORN3	CMUC394	75.54490037510669
MORN3	CMUC419	15.363315779842681
MORN3	CMUC427	123
MORN3	CMUC428	22.13734133473666
MORN3	CMUC431	44.080594806084434
MORN3	CMUC435	22.10752413437884
MORN3	CMUC439	13.082133230446429
MORN3	CMUC89	23
MORN3	CS219	19.046503127459115
MORN3	CS256	22.049877609787025
MORN3	CS257	1.089979985878173
MORN3	CS259	56.085637018632944
MORN3	CS261	30.682300489121634
MORN3	CS266	6.206644117945276
MORN3	CS270	17.213849148100568
MORN3	CS277	33.966723406330644
MORN3	CS288	13.1159337053264
MORN3	CS290	12.095224305927518
MORN3	CS292	10.136016438843358
MORN3	CS293	11.175872266278132
MORN3	CS301	12.30601776782547
MORN3	CS306	12.443853550474369
MORN3	CS308	28.71123975572323
MORN3	CS315	5.132918027715172
MORN3	CS317	33.14216980751794
MORN3	CS322	37.48720823612222
MORN3	CS327	16.074966681086572
MORN3	CS328	16.8515644767226
MORN3	CS330	31.125104157298043
MORN3	CS331	3.0550324864602336
MORN3	CS335	15.135975718021115
MORN3	CS338	6.176702175893697
MORN3	CS339	1.1642104248974183
MORN3	CS343	54.428291525675604
MORN3	CS344	3.0410554414746676
MORN3	CS350	7.152667992083999
MORN3	CS351	52.42727998444031
MORN3	CS361	6.138926145094225
MORN3	CS388	8.265109647033084
MORN3	CS396	18.19060598799794
MORN3	CS405	15.35897538160503
MORN3	CS415	1.0725849893611923
MORN3	CS424	4.141007031388862
MORN3	IM293	20.10553340593664
MORN3	IM296	60.674407491934886
MORN3	IM297	29.5511915646679
MORN3	IM300	17
MORN3	IM305	4.039533641880147
MORN3	IM309	4.259857759127106
MORN3	IM310	31.414697494416963
MORN3	IM311	10.123286697107707
MORN3	IM316	11.05537761171096
MORN3	IM320	4.181685418904393
MORN3	IM330	18.182136025955877
MORN3	IM332	19.552717831280045
MORN3	IM340	17.91099441016491
MORN3	IM348	5.1742659906066395
MORN3	IM354	12.085583481144216
MORN3	IM356	32.254927179294434
MORN3	IM364	3.050439622664982
MORN3	IM372	18.6010237125807
MORN3	IM374	30.376338147270932
MORN3	IM376	11.15487488044016
MORN3	IM381	52.64019343273173
MORN3	IM382	18.553825910616204
MORN3	IM385	15
MORN3	IM390	18.492534187416815
MORN3	IM397	9.100134040034419
MORN3	IM404	21.06019570061807
MORN3	IM409	28.158350446445386
MORN3	IM412	39
MORN3	IM421	2.0311154494921735
MORN3	IM425	45.236145336111626
MORN3	IM432	3.1179813299625203
MORN3	IM438	64
MORN3	IM442	1.0408884293487235
MORN3	IM445	6.067724796802894
MORN3	IM448	14.305335984167998
MORN3	IM449	37.307943325478696
MORN3	IM451	16.081802118058416
MORN3	IMSA256	11.04461041470318
MORN3	IMSA276	20
MORN3	IMSA286	11
MORN3	IMSA343	35.433990434336316
MORN3	IS_238	18
MORN3	IS238	62.92575408633573
MORN3	IS243	14
MORN3	IS253	18
MORN3	IS283	31
MORN3	IS322	25.25782966992582
MORN3	IS399	6.041640442455045
MORN3	IS418	1.0908267191361551
MORN3	IS430	1.0818719286848866
MORN3	IS437	1.0791582738983603
MORN3	IS444	1.0366814403266558
MORN3	R276CMSA	13.80234826610865
MORN3	R286CMSA	14
MORN3	R292CMSA	36.149303003001094
MORN3	R292IMSA	8.589257241509376
MORN3	R308CMSA	2.13434257350862
MORN3	R316IMSA	5.096269729796674
MORN3	R347CMSA	10.634976923549491
MORN3	R347IMSA	2.1243962936057543
MORN3	R371CMSA	14.055727116854332
MORN3	SRR10104064	17.751224436021275
MORN3	SRR10104065	80.46858022307363
MORN3	SRR10104066	19.35605060474026
MORN3	SRR10104067	16.368914343575632
MORN3	SRR10104068	25.11639648539054
MORN3	SRR10104069	57.65306438332525
MORN3	SRR10104070	16.470247997667094
MORN3	SRR10104071	5.803026454261172
MORN3	SRR10104072	2.1397749691914307
MORN3	SRR10104073	10.44654039124863
MORN3	SRR10104074	24.108091542409507
MORN3	SRR10104075	5.755050347686238
MORN3	SRR10104076	5.138273791616523
MORN3	SRR10104077	5.50388888829084
MORN3	SRR10104078	13.538554070092697
MORN3	SRR10104079	33.77472120765894
MORN3	SRR10104080	1.121518162035866
MORN3	SRR10104081	48.76051548226812
MORN3	SRR10104082	20.562777367910765
MORN3	SRR10104083	13.821584907437533
MORN3	SRR10104084	13.882007559653493
MORN3	SRR10104085	43.95534506610511
MORN3	SRR10104086	16.396552140811966
MORN3	SRR10104087	22.070400174637435
MORN3	SRR10104088	22.20049681522741
MORN3	SRR10104089	5.673728064298087
MORN3	SRR10104090	25.65758819337227
MORN3	SRR10104091	8.336690665003989
MORN3	SRR10104092	19.241943825484434
MORN3	SRR10104093	55.852072809504676
MORN3	SRR10104094	46.53101022186616
MORN3	SRR10104095	8.432492842804882
MORN3	SRR10104096	2.291437150319658
MORN3	SRR10104097	10.631209277390946
MORN3	SRR10104098	10.297617779816933
MORN3	SRR10104099	1.0474771062612767
MORN3	SRR10104100	2.0581282055604424
MORN3	SRR10104101	16.089218536693334
MORN3	SRR10104102	40.61267722769291
MORN3	SRR10104103	16.83329876782064
MORN3	SRR10104104	10.154976077084612
MORN3	SRR10104105	8.646681510616565
MORN3	SRR10104106	11.304558697538386
MORN3	SRR10104107	72.68944370373289
MORN3	SRR10104108	31.212573694543238
MORN3	SRR10104109	24.60472299492192
MORN3	SRR10104110	1.1898566945611233
MORN3	SRR10104111	25.817755511799803
MORN3	SRR10104112	2.373242286782482
MORN3	SRR10104113	16.573430537547097
MORN3	SRR10104114	25.801734607496172
MORN3	SRR10104115	9.15377603183184
MORN3	SRR10104116	1.0467296948207412
MORN3	SRR10104117	13.50503225272388
MORN3	SRR10104118	5.716764253757385
MORN3	SRR10104119	9.51855060576267
MORN3	SRR10104120	22.595552064277577
MORN3	SRR10104121	2.1635494330120255
MORN3	SRR10104122	1.0894989096112995
MORN3	SRR10104123	5.4102403968493595
MORN3	SRR10104124	31.25958324926324
MORN3	SRR10104125	1.0998082352268765
MORN3	SRR10104126	41.57818870757531
MORN3	SRR10104127	1.1858382433832468
MORN3	SRR10104128	5.1438834917159
MORN3	SRR10104129	28.73628143690503
MORN3	SRR10104130	13.534909938499004
MORN3	SRR10104131	69.78170420533567
MORN3	SRR10104132	95.68527652800181
MORN3	SRR10104133	5.818842137110575
MORN3	SRR10104134	1.0301069188305016
MORN3	SRR10104135	1.100806080320317
MORN3	SRR10104136	22.33035743017506
MORN3	SRR10104137	5.538701899030196
MORN3	SRR10104138	1.195501466366171
MORN3	SRR10104139	48.54512202552571
MORN3	SRR10104140	1.1423063013482577
MORN3	SRR10104141	16.952264050622
MORN3	SRR10104142	13.667157016410288
MORN3	SRR10104143	45.36802801379549
MORN3	SRR10104144	26.486629286034685
MORN3	SRR10104145	42.49371479547854
MORN3	SRR10104146	19.182810979553278
MORN3	SRR10104147	57.097439711320455
MORN3	SRR10104148	10.516475471177122
MORN3	SRR10104149	16.747919840083316
MORN3	SRR10104150	13.151151979504341
MORN3	SRR10104151	22.16843157191836
MORN3	SRR10104152	19.10681182591815
MORN3	SRR10104153	20.936665240826976
MORN3	SRR10104154	1.0305255485236042
MORN3	SRR10104155	23.933241023087888
MORN3	SRR10104156	118.478930173395
MORN3	SRR10104157	19.929394662049976
MORN3	SRR10104158	31.63598187172755
MORN3	SRR10104159	37.46621727790764
MORN3	SRR10104160	8.997161994988017
MORN3	SRR10104161	145.25030653278077
MORN3	SRR10104162	16.325407910133453
MORN3	SRR10104163	28.842766725126438
MORN3	SRR10104164	25.490865647994287
MORN3	SRR10104165	35.301278348313204
MORN3	SRR10104166	10.407462625761653
MORN3	SRR10104167	10.225819466033606
MORN3	SRR10104168	25.715478877644898
MORN3	SRR10104169	31.76531575834466
MORN3	SRR10104170	8.240497227174085
MORN3	SRR10104171	37.88716547919615
MORN3	SRR10104172	5.169217158044958
MORN3	SRR10104173	1.0603886751096372
MORN3	SRR10104174	38.251740101169226
MORN3	SRR10104175	46.01149680038972
MORN3	SRR10104176	31.69722633592088
MORN3	SRR10104177	5.126650696321408
MORN3	SRR10104178	10.384147366527666
MORN3	SRR10104179	8.277160219118114
MORN3	SRR10104180	45.98775826254573
MORN3	SRR10104181	8.214132246824526
MORN3	SRR10104182	8.281075087094791
MORN3	SRR10104183	35.6200364561064
MORN3	SRR10104184	67.40405152615908
MORN3	SRR10104185	47.862314733761416
MORN3	SRR10104186	25.82363151098112
MORN3	SRR10104187	30.15552900932089
MORN3	SRR10104188	13.700252057510102
MORN3	SRR10104189	8.47645007864161
MORN3	SRR10104190	2.2913884813950838
MORN3	SRR10104191	2.2750831705840824
MORN3	SRR10104192	5.13026483053613
MORN3	SRR10104193	32.235114371518286
MORN3	SRR10104194	10.428799048858833
MORN3	SRR10104195	13.544364206816988
MORN3	SRR10104196	8.325187594903678
MORN3	SRR10104197	37.62262779335282
MORN3	SRR10104198	8.20676739260196
MORN3	SRR10104199	20.563343699985175
MORN3	SRR10104200	35.201616504356444
MORN3	SRR10104201	16.41925441430444
MORN3	SRR10104202	20.25697387939661
MORN3	SRR10104203	25.565918486370638
MORN3	SRR10104204	5.156729773040826
MORN3	SRR10104205	31.832815053727785
MORN3	SRR10104206	28.805450275757842
MORN3	SRR10104207	5.163610049086964
MORN3	SRR10104208	48.8464856122186
MORN3	SRR10104209	10.231628517195777
MORN3	SRR10104210	16.420878939567302
MORN3	SRR10104211	43.806811089484505
MORN3	SRR10104212	22.4125948778958
MORN3	SRR10104213	13.765979543822922
MORN3	SRR10104214	19.569514341990065
MORN3	SRR10104215	75.80355301949218
MORN3	SRR10104216	39.24368631203928
MORN3	SRR10104217	31.772331156569024
MORN3	SRR10104218	5.318180183337686
MORN3	SRR10104219	2.1266996373050198
MORN3	SRR10104220	10.351169193057498
MORN3	SRR10104221	10.872363603035893
MORN3	SRR10104222	25.953461714148244
MORN3	SRR10104223	1.1766327257469633
MORN3	SRR10104224	2.0507702134668855
MORN3	SRR10104225	22.691163117972174
MORN3	SRR10104226	13.50556162894397
MORN3	SRR10104227	33.32309708781281
MORN3	SRR10104228	5.594560281245043
MORN3	SRR10104229	5.185838875989831
MORN3	SRR10104230	2.202330429322922
MORN3	SRR10104231	1.0760855121352966
MORN3	SRR10104232	32.852951907120314
MORN3	SRR10104233	30.010774383875688
MORN3	SRR10104234	34.794201090769505
MORN3	SRR10104235	22.959276584327466
MORN3	SRR10104236	31.28854417522552
MORN3	SRR10104237	48.88756782835718
MORN3	SRR10104238	5.351517041276077
MORN3	SRR10104239	8.489427263178557
MORN3	SRR10104240	20.37524289250276
MORN3	SRR10104241	29.1216758383038
MORN3	SRR10104242	8.510765119182016
MORN3	SRR10104243	8.53845484916792
MORN3	SRR10104244	8.316092413089423
MORN3	SRR10104245	8.326238478165056
MORN3	SRR10104246	30.962405795729108
MORN3	SRR10104247	1.0564288046419525
MORN3	SRR10104248	48.33385966882038
MORN3	SRR10104249	13.353361637389817
MORN3	SRR10104250	1.153013547676236
MORN3	SRR10104251	1.0466047478518792
MORN3	SRR10104252	1.1796947867396619
MORN3	SRR10104253	1.0961853754741664
MORN3	SRR10104254	10.372141130641136
MORN3	SRR10104255	19.588919343844637
MORN3	SRR10104256	22.64645996058821
MORN3	SRR10104257	41.500684509840205
MORN3	SRR10104258	1.0307926732391595
MORN3	SRR10224277	11.268590369195696
MORN3	SRR10224278	12.019298577550119
MORN3	SRR10224279	11.981759275423258
MORN3	SRR10224280	82.84613203083735
MORN3	SRR10224281	24.386646235444093
MORN3	SRR10224282	13.652284466729254
MORN3	SRR10224283	11.46470516624707
MORN3	SRR10224284	12.20120961885713
MORN3	SRR10224285	12.407627217646052
MORN3	SRR10224286	15.381336418616812
MORN3	SRR10224287	16.54085456735533
MORN3	SRR10224288	12.058977957542547
MORN3	SRR10224289	14.215561340341422
MORN3	SRR10224290	12.050820901694344
MORN3	SRR10224291	30.936340499696108
MORN3	SRR10224292	29.343887525451134
MORN3	SRR10224293	22.67362372782785
MORN3	SRR10224294	21.160095871529048
MORN3	SRR10224295	16.291175400123098
MORN3	SRR10224296	17.930290218350205
MORN3	SRR10224297	12.402289039431928
MORN3	SRR10224298	18.598003236486566
MORN3	SRR10318388	16.11737321728827
MORN3	SRR10318389	1.0047034125711976
MORN3	SRR10318390	13.159928748054005
MORN3	SRR10318391	13.154071634120081
MORN3	SRR10318392	16.22168522627666
MORN3	SRR10318393	13.036508787821626
MORN3	SRR10318394	6.0790676023304195
MORN3	SRR10318395	9.039752156766045
MORN3	SRR10318396	1.0079492911740628
MORN3	SRR10318397	39.226960483725684
MORN3	SRR10318398	53.18151448186027
MORN3	SRR10318399	16.80171913283228
MORN3	SRR10318400	39.57625017388317
MORN3	SRR10318401	10.036053788169975
MORN3	SRR10318402	36.15151375317642
MORN3	SRR10318403	10.04809174154462
MORN3	SRR10318404	43.074228833859124
MORN3	SRR10318405	16.03845310942779
MORN3	SRR10318406	23.10426551651796
MORN3	SRR10318407	23.22568682933048
MORN3	SRR10318408	49.147132231653785
MORN3	SRR10318409	13.04098283721276
MORN3	SRR10318410	29.117609275126565
MORN3	SRR10318411	26.09455095076832
MORN3	SRR10318412	39.18821436736515
MORN3	SRR10318413	10.038166819322296
MORN3	SRR10318414	16.094313933275735
MORN3	SRR10318415	6.0388683634846565
MORN3	SRR10318416	26.257440398172253
MORN3	SRR10318417	39.2791066788532
MORN3	SRR10318418	19.071194686999586
MORN3	SRR10318419	19.075691176701476
MORN3	SRR10318420	19.034220282242615
MORN3	SRR10318421	16.075897919158056
MORN3	SRR10318422	29.0605180001627
MORN3	SRR10318423	109.16036257646562
MORN3	SRR10318424	26.054257517387246
MORN3	SRR10318425	43.278769193962006
MORN3	SRR10318426	1.0953414278907072
MORN3	SRR10318427	1.108018223770156
MORN3	SRR10318428	102.13447790851474
MORN3	SRR10318429	53.21113854553569
MORN3	SRR10318430	23.197793656159
MORN3	SRR10318431	59.303857299576244
MORN3	SRR10318432	23.038613313220925
MORN3	SRR10318433	1.2750020383966563
MORN3	SRR10318434	29.08836122309273
MORN3	SRR10318435	13.07720685060231
MORN3	SRR10318436	46.12573996644751
MORN3	SRR10318437	33.02376125752327
MORN3	SRR10318438	102.128561504049
MORN3	SRR10318439	3.0123008622849836
MORN3	SRR10318440	16.25174198050999
MORN3	SRR10318441	36.09939257394714
MORN3	SRR10318442	9.25769736725259
MORN3	SRR10318443	36.082000287872624
MORN3	SRR10318444	29.246193775860743
MORN3	SRR10318445	16.192797447087745
MORN3	SRR10318446	10.039498099915637
MORN3	SRR10318447	16.16682877143394
MORN3	SRR10318448	23.158985380669293
MORN3	SRR10318449	39.08138627608087
MORN3	SRR10318450	13.06744011081809
MORN3	SRR10318451	33
MORN3	SRR10318452	29.181444209911938
MORN3	SRR10318453	13.257452311014841
MORN3	SRR10318454	6.0285058078655815
MORN3	SRR10318455	6.036104178197222
MORN3	SRR10318456	23.15089362239409
MORN3	SRR10318457	36.05565646030834
MORN3	SRR10318458	29.36809879039966
MORN3	SRR10318459	16.103133179928975
MORN3	SRR10318460	1.0039666308583417
MORN3	SRR10318461	10.035136149744604
MORN3	SRR10318462	13.086665141680301
MORN3	SRR10318463	3.009283247184664
MORN3	SRR10318464	6.037172740264359
MORN3	SRR10318465	36.03240463058833
MORN3	SRR10318466	1.0093704094610745
MORN3	SRR10318467	1.0050609507965924
MORN3	SRR10318468	9.08760880919541
MORN3	SRR10318469	33.11594929415719
MORN3	SRR10318470	29
MORN3	SRR10318471	29
MORN3	SRR10318472	10.044000778964618
MORN3	SRR10318473	16.061997343760282
MORN3	SRR10318474	16.06684816052852
MORN3	SRR10318475	1.0039973297278573
MORN3	SRR10318476	23.082224676792652
MORN3	SRR10318495	6.006481509344408
MORN3	SRR10318496	16.140887172626197
MORN3	SRR10318497	10.054703162308266
MORN3	SRR10318498	23.020702958431436
MORN3	SRR10318499	46.04625253321209
MORN3	SRR10318500	39.22350029221131
MORN3	SRR10318501	16.07721615071391
MORN3	SRR10318502	66.03563867930741
MORN3	SRR10318503	29.05223095710715
MORN3	SRR10318504	1.006604989330596
MORN3	SRR10318505	29.01565941969568
MORN3	SRR10318506	3.0357593261014997
MORN3	SRR10318507	10.119742595178156
MORN3	SRR10318508	1.0309684455084223
MORN3	SRR10318509	26.177933435536787
MORN3	SRR10318510	23.18234371270049
MORN3	SRR10318511	29.036551800170795
MORN3	SRR10318512	36.27421633558008
MORN3	SRR10318513	10.033056112632286
MORN3	SRR10318514	3.0137929863597304
MORN3	SRR10318515	3.035791826375897
MORN3	SRR10318516	16.094806058440255
MORN3	SRR10318517	6.015767606558787
MORN3	SRR10318518	10.071731309246518
MORN3	SRR10318519	19.089665278788132
MORN3	SRR10318520	36.071328691807444
MORN3	SRR10318521	13.047050267055088
MORN3	SRR10318522	53.0723877207903
MORN3	SRR10318523	26.05894626611194
MORN3	SRR10318524	9.069071603549897
MORN3	SRR10318525	23.14256335789826
MORN3	SRR10318526	16.10425915493722
MORN3	SRR10318527	9.003239588428603
MORN3	SRR10318528	26.065942758849793
MORN3	SRR10318529	13.02947313305597
MORN3	SRR10318530	23.155027614712427
MORN3	SRR10318531	6.053507863996799
MORN3	SRR10318532	10.082536977318846
MORN3	SRR10318533	6.139144297468353
MORN3	SRR10318534	26.456730576539865
MORN3	SRR10318535	13.201468900209996
MORN3	SRR10318536	13.052721399194667
MORN3	SRR10318537	29.314403593284165
MORN3	SRR10318538	10.018317001382826
MORN3	SRR10318539	19.137117021808976
MORN3	SRR10318540	33.17985751197023
MORN3	SRR10318541	16.11344782779398
MORN3	SRR10318542	6.048204531189645
MORN3	SRR10318543	10.10007862549104
MORN3	SRR10318544	10.024781854433446
MORN3	SRR10318545	29.250288112717485
MORN3	SRR10318546	13.018727730689287
MORN3	SRR10318547	10.039530476880078
MORN3	SRR10318548	1.0048398987869123
MORN3	SRR10318549	16.11000399768887
MORN3	SRR10318568	19.059897992849418
MORN3	SRR10318569	16.01320608598808
MORN3	SRR10318570	3.031906787762416
MORN3	SRR10318571	26.021459889730632
MORN3	SRR10318572	1.0047509679775968
MORN3	SRR10318573	26.03825162374409
MORN3	SRR10318574	46.11181393001268
MORN3	SRR10318575	6.028182425739053
MORN3	SRR10318576	6.025842480219556
MORN3	SRR10318577	36.10429657787544
MORN3	SRR10318578	26.023403344313795
MORN3	SRR10318579	16.050440415031087
MORN3	SRR10318580	33.045071599737355
MORN3	SRR10318581	16
MORN3	SRR10875803	25.145652911178857
MORN3	SRR10875804	25.42419396084884
MORN3	SRR10875805	24.41211578638593
MORN3	SRR10875806	24.167954257518186
MORN3	SRR10875807	11.528287201674244
MORN3	SRR10875808	8.180401327001224
MORN3	SRR10875809	27.18722116231198
MORN3	SRR10875810	39.76044119703819
MORN3	SRR10875812	23
MORN3	SRR10875813	14.573154904771195
MORN3	SRR10875814	1.0039973297278573
MORN3	SRR10875815	20
MORN3	SRR10875816	9
MORN3	SRR10875817	6.9050776052058
MORN3	SRR10875818	5.779496877004114
MORN3	SRR10875819	24
MORN3	SRR10875820	14.884272861318877
MORN3	SRR10875821	19.90052054029147
MORN3	SRR10875822	14.791733208838124
MORN3	SRR10875823	1
MORN3	SRR10875824	23.52612511371508
MORN3	SRR10875825	1.0017568823143634
MORN3	SRR10875826	33.67331257472212
MORN3	SRR10875827	33.79800439026152
MORN3	SRR10875829	22.52979228898333
MORN3	SRR10875830	5
MORN3	SRR10875831	1.0035717494702923
MORN3	SRR10875832	7
MORN3	SRR10875834	11.036699189124013
MORN3	SRR10875835	2
MORN3	SRR10875836	15.937796254434364
MORN3	SRR10875837	22.475695031570798
MORN3	SRR10875838	8
MORN3	SRR10875839	12.557197123653
MORN3	SRR10875840	7.310263797932547
MORN3	SRR10875841	3.0114500457966886
MORN3	SRR10875842	38.119444604595564
MORN3	SRR10875843	13.78241741931722
MORN3	SRR10875844	13.597927508477857
MORN3	SRR10875845	0.9004773375591886
MORN3	SRR10875846	5.338898110226844
MORN3	SRR10875847	0.5018026894084987
MORN3	SRR10875848	45
MORN3	SRR10875849	42.28655885387262
MORN3	SRR10875850	14.002519453187329
MORN3	SRR10875851	4.35622449679446
MORN3	SRR10875852	43.56966744209313
MORN3	SRR10875853	1.002192313736413
MORN3	SRR10875854	14.25558566576424
MORN3	SRR10875855	33.527951345737954
MORN3	SRR10875856	35.694473897689484
MORN3	SRR10875857	12.150960931026326
MORN3	SRR10875858	12.099086280912369
MORN3	SRR10875859	5
MORN3	SRR10875860	54.16635360552017
MORN3	SRR10875861	41.30599405733887
MORN3	SRR10875862	11.013942383754756
MORN3	SRR10875863	1.0054141363639215
MORN3	SRR10875864	1
MORN3	SRR10875865	32.029281355580004
MORN3	SRR10875866	42.214687909222846
MORN3	SRR10875867	34.4858482915338
MORN3	SRR10875868	48.50755464555404
MORN3	SRR10875869	6
MORN3	SRR10875870	6.740919321963792
MORN3	SRR10875871	11.001979570361472
MORN3	SRR10875872	5.247552800649491
MORN3	SRR10875873	27.31605570156679
MORN3	SRR10875874	15.766949314366078
MORN3	SRR10875875	22.667315933074008
MORN3	SRR10875876	5
MORN3	SRR10875877	16.912930235267925
MORN3	SRR10875878	1.0079184714668268
MORN3	SRR10875879	11
MORN3	SRR10875880	1.0039973297278573
MORN3	SRR10875881	3.886195955846626
MORN3	SRR10875882	2
MORN3	SRR10875883	1.0064377837965335
MORN3	SRR10875884	3.88596266671949
MORN3	SRR10875885	9.016485301244543
MORN3	SRR10875886	25.18812474449768
MORN3	SRR10875887	9
MORN3	SRR10875888	1.0282214633828897
MORN3	SRR10875889	1.0022324206205542
MORN3	SRR10875890	1.002192313736413
MORN3	SRR10875891	1
MORN3	SRR10875892	27.80944602487968
MORN3	SRR10875893	15
MORN3	SRR10875894	6.2220711692515325
MORN3	SRR10875895	1
MORN3	SRR10875896	1.0100794629576413
MORN3	SRR10875897	11.028083628528428
MORN3	SRR10875898	30.265595506763944
MORN3	SRR10875899	16.12936548711943
MORN3	SRR10875900	1.003735535910961
MORN3	SRR10875901	1.002192313736413
MORN3	SRR10875902	1.0046103866254328
MORN3	SRR12430469	5
MORN3	SRR12430470	24.596808842625222
MORN3	SRR12430471	23.280116959047145
MORN3	SRR12430472	26.887952741278536
MORN3	SRR12430473	1
MORN3	SRR12430474	12.201955759730795
MORN3	SRR12430475	9.750902771059437
MORN3	SRR12430476	14
MORN3	SRR12765534	94
MORN3	SRR12765535	23.060442491808683
MORN3	SRR12765536	29.134592050203807
MORN3	SRR12765537	20.08356020066065
MORN3	SRR12765538	7.239450214932595
MORN3	SRR12765539	3.0931001854074056
MORN3	SRR12765540	48.15000422052045
MORN3	SRR12765541	32.30351329718362
MORN3	SRR12765542	153
MORN3	SRR12765543	14.227471970412182
MORN3	SRR12765544	26.2996430218509
MORN3	SRR12765545	3.027843424999992
MORN3	SRR12765546	5.15086682690792
MORN3	SRR12765547	11.088505307191365
MORN3	SRR12765548	2.0408834374166
MORN3	SRR12765549	2.01521747359897
MORN3	SRR12765550	8.320502679079905
MORN3	SRR12765551	2.0271369808988022
MORN3	SRR12765552	4.165708944643907
MORN3	SRR12765553	6.265945875563278
MORN3	SRR12765554	7.222839775944562
MORN3	SRR12765555	10.207139403659763
MORN3	SRR12765556	11.169006600551745
MORN3	SRR12765557	14.14682659140529
MORN3	SRR12765558	2.102990480207401
MORN3	SRR12765559	5.009532617750456
MORN3	SRR12765560	1.0189547489838953
MORN3	SRR12765561	20.056780634932423
MORN3	SRR12765562	2.030966888504124
MORN3	SRR12765563	26.189670146982653
MORN3	SRR12765564	17.03547606906089
MORN3	SRR12765565	26.110578225752
MORN3	SRR12765566	16.113547993865716
MORN3	SRR12765567	8.105750216654817
MORN3	SRR12765568	6.061674220211178
MORN3	SRR12765569	1.0114801175682104
MORN3	SRR12765570	10.071209247328886
MORN3	SRR12765571	2.022353110211251
MORN3	SRR12765572	8.0526720717998
MORN3	SRR12765573	1.0342120344840695
MORN3	SRR12765574	36.24984480598303
MORN3	SRR12765575	17.406972031312726
MORN3	SRR12765576	5.124173310449041
MORN3	SRR12765577	3.1369156865084307
MORN3	SRR12765578	13.196308482416361
MORN3	SRR12765579	13.108982790745099
MORN3	SRR12765580	16.181513307940488
MORN3	SRR12765581	8.1271995420026
MORN3	SRR12765582	25.02513724631092
MORN3	SRR12765583	5.043720883985865
MORN3	SRR12765584	14.173855797146329
MORN3	SRR12765585	6.065976348603568
MORN3	SRR12765586	60.31660021780992
MORN3	SRR12765587	5.0586037551540555
MORN3	SRR12765588	55.382302801162055
MORN3	SRR12765589	5.090579664433768
MORN3	SRR12765590	4.117218845353416
MORN3	SRR12765591	26.721218491689825
MORN3	SRR12765592	1.0165332338111508
MORN3	SRR12765593	32.26751465731652
MORN3	SRR12765594	8.185854648780511
MORN3	SRR12765595	25.292937207098177
MORN3	SRR12765596	37.16318127236955
MORN3	SRR12765597	43.34748376252805
MORN3	SRR12765598	8.057401714758948
MORN3	SRR12765599	8.02450995573429
MORN3	SRR12765600	2.085984108081425
MORN3	SRR12765601	8.174300912457374
MORN3	SRR12765602	2.017322812400891
MORN3	SRR12765603	1.0098244476189677
MORN3	SRR12765604	2.016275264637985
MORN3	SRR12765605	13.099781404431491
MORN3	SRR12765606	1.0132711750064347
MORN3	SRR12765607	16.137491501245552
MORN3	SRR12765608	7.0619960263024915
MORN3	SRR12765609	35.16817731499537
MORN3	SRR12765610	1.0087569538235717
MORN3	SRR12765611	17.093644063458736
MORN3	SRR12765612	51.23151287796682
MORN3	SRR12765613	16.09502381612592
MORN3	SRR12765614	48.22444474270784
MORN3	SRR12765615	8.073269460934233
MORN3	SRR12765616	5.030616314655319
MORN3	SRR12765617	11.093383846016144
MORN3	SRR12765618	13.301373571432135
MORN3	SRR12765619	28.609364292377226
MORN3	SRR12765620	16.128004972565193
MORN3	SRR12765621	28.07234395797442
MORN3	SRR12765622	20.43671548195312
MORN3	SRR12765623	45
MORN3	SRR12765624	11.043587789203379
MORN3	SRR12765625	6.049526270890765
MORN3	SRR12765626	40.19812335538447
MORN3	SRR12765627	8.00431983991605
MORN3	SRR12765628	1.0416041512779368
MORN3	SRR12765629	11.354119452681434
MORN3	SRR12765630	22.038651410915996
MORN3	SRR12765631	19.113745445552773
MORN3	SRR12765632	10.065683082237227
MORN3	SRR12765633	10.193139826231485
MORN3	SRR12765634	17.092492494771836
MORN3	SRR12765635	17.392950021293707
MORN3	SRR12765636	8.097634268277142
MORN3	SRR12765637	1.0354033667153832
MORN3	SRR12765638	69
MORN3	SRR12765639	5.154712490584439
MORN3	SRR12765640	54.27185373021744
MORN3	SRR12765641	1.0187981972446098
MORN3	SRR12765642	28.06853092467659
MORN3	SRR12765643	10.13978378378916
MORN3	SRR12765644	17.060774761107613
MORN3	SRR12765645	2.0570702848294458
MORN3	SRR12765646	84.57262161565534
MORN3	SRR12765647	6.174068580272857
MORN3	SRR12765648	8.094972811159847
MORN3	SRR12765649	2.0989293609266024
MORN3	SRR12765650	8.144219515248748
MORN3	SRR12765651	1.028219710920449
MORN3	SRR12765652	26.275201127894913
MORN3	SRR12774664	21.111387510359855
MORN3	SRR12774665	11.14745786047218
MORN3	SRR12774666	31.33032025287886
MORN3	SRR12774667	26.38810801762364
MORN3	SRR12774668	1.0531044481489285
MORN3	SRR12774669	1.0184124073990244
MORN3	SRR12774670	1.0489095745502544
MORN3	SRR12774671	5.241711781151257
MORN3	SRR12774672	36.22265256599949
MORN3	SRR12774673	19.27007095268085
MORN3	SRR12774674	10.242203683654912
MORN3	SRR12774675	12.412611530406211
MORN3	SRR12774676	14.091612191313121
MORN3	SRR12774677	3.0326493755751844
MORN3	SRR12774678	25.050097035451753
MORN3	SRR12774679	68.55863739078335
MORN3	SRR12774680	1.0140488490623458
MORN3	SRR12774681	16.139294334641058
MORN3	SRR12774682	28.296498203552353
MORN3	SRR12774683	74.52774296612988
MORN3	SRR12774684	29.15329868050529
MORN3	SRR12774685	46.338942125042315
MORN3	SRR12774686	1.0179757410447914
MORN3	SRR12774687	11.322400525033522
MORN3	SRR1609360	1.0493034237080798
MORN3	SRR1609361	11.284993546041752
MORN3	SRR1609362	11.74908739644438
MORN3	SRR1609363	7.051621565728723
MORN3	SRR1609364	7.059982192098718
MORN3	SRR1609365	31.443813960224436
MORN3	SRR1609366	18.102350224701013
MORN3	SRR1609367	52.13897862782063
MORN3	SRR1609368	1.0055560678333126
MORN3	SRR1609369	20.018002572549072
MORN3	SRR1609370	31.064691655346333
MORN3	SRR1609371	13.391486648760047
MORN3	SRR1609372	111.07992422985099
MORN3	SRR1609373	9.067476889559556
MORN3	SRR1609374	15.039419016396968
MORN3	SRR1609375	20.130513999724013
MORN3	SRR1609376	1.016088421058133
MORN3	SRR1609377	15.079292420951012
MORN3	SRR1609378	20.348136835233078
MORN3	SRR1609379	18.03241921475616
MORN3	SRR1609380	1.0158653061982168
MORN3	SRR1609381	18.012960685921783
MORN3	SRR1609382	7.09985918175898
MORN3	SRR1609383	1.0104290785566081
MORN3	SRR1609384	22.212113800410783
MORN3	SRR1609385	24.17607400941052
MORN3	SRR1609386	9.059444903975363
MORN3	SRR1609387	46.34000383127296
MORN3	SRR1609388	13.164789230644429
MORN3	SRR1609389	26.065582463191497
MORN3	SRR1609390	18.23083381230843
MORN3	SRR1609391	1.0636252817179657
MORN3	SRR1609392	1.0154386556086927
MORN3	SRR1609393	9.40302910511622
MORN3	SRR1609394	1.0276985045907725
MORN3	SRR1609395	37.202823514265425
MORN3	SRR1609396	72.0777781121329
MORN3	SRR1609397	7.101717095253126
MORN3	SRR1609398	22.101428505759525
MORN3	SRR1609399	31.118089562776056
MORN3	SRR1609400	65.14250039286685
MORN3	SRR1609401	4.042638495835099
MORN3	SRR1609402	4.017857792610398
MORN3	SRR1609403	15.047540001719621
MORN3	SRR1609404	1.0119457665502067
MORN3	SRR1609405	13.085811361700186
MORN3	SRR1609406	9.035427973217775
MORN3	SRR1609407	11.025275920836796
MORN3	SRR1609408	13.101202622897029
MORN3	SRR1609409	11.204468361753895
MORN3	SRR1609410	48
MORN3	SRR1609411	1.0525644977244093
MORN3	SRR1609412	13
MORN3	SRR1609413	102.76631817148073
MORN3	SRR1609414	15.024312222916983
MORN3	SRR1609415	35.006298632968324
MORN3	SRR1609416	78.20497888526423
MORN3	SRR1609417	28.187906630411817
MORN3	SRR1609418	68.09796043745165
MORN3	SRR1609419	4.019496996386372
MORN3	SRR1609420	18.08410845801668
MORN3	SRR1609421	7.045087206616128
MORN3	SRR1609422	4.065950850226852
MORN3	SRR1609423	4.215541777413722
MORN3	SRR1609424	1.0787454114562254
MORN3	SRR1609425	11.017828963472454
MORN3	SRR1609426	9.042482214579172
MORN3	SRR1609427	31.159444354993695
MORN3	SRR1609428	1.0086302692225169
MORN3	SRR1609429	33.04159342778056
MORN3	SRR1609430	50.20494559297763
MORN3	SRR1609431	9.065921773070182
MORN3	SRR1609432	15.022527582954421
MORN3	SRR1609433	26.213846694678363
MORN3	SRR1609434	13.19504326105158
MORN3	SRR1609435	9.04030499269939
MORN3	SRR1609436	31.10044480962741
MORN3	SRR1609437	11.236003069264234
MORN3	SRR1609438	7.225983433512501
MORN3	SRR1609439	4.058805431494345
MORN3	SRR1609440	37.09332888992636
MORN3	SRR1609441	28.063480594274395
MORN3	SRR1609442	7.0504193419661245
MORN3	SRR1609443	18.15535124237637
MORN3	SRR1609444	28.015119439706172
MORN3	SRR1609445	33.1157560937979
MORN3	SRR1609446	2.022006431326741
MORN3	SRR1609447	4.935345334762771
MORN3	SRR1609448	2.0176455397589277
MORN3	SRR1609449	18.044607337980203
MORN3	SRR1609450	11.022468927976748
MORN3	SRR1609451	68.87453364068932
MORN3	SRR1609452	1.2632705659263332
MORN3	SRR1609453	52.0952484071907
MORN3	SRR1609454	1.0160098618742288
MORN3	SRR1609455	1.2516237980743048
MORN3	SRR1609456	22.106316102338987
MORN3	SRR1609457	15.09852462335584
MORN3	SRR1609458	1.240500376538707
MORN3	SRR1609459	15.05837480393394
MORN3	SRR1609460	7.067490754676158
MORN3	SRR1609461	15.025231051168749
MORN3	SRR1609462	22.081272581057206
MORN3	SRR1609463	41.263816061564725
MORN3	SRR1609464	13.144413976300065
MORN3	SRR1609465	9.107527085424698
MORN3	SRR1609466	10.094396768314688
MORN3	SRR1609467	22.262806864104547
MORN3	SRR1609468	28.046634039827513
MORN3	SRR1609469	33.00593871108442
MORN3	SRR1609470	2.0096520188392386
MORN3	SRR1609471	35.07372389295799
MORN3	SRR1609472	1.0870773664114952
MORN3	SRR1609473	1.057486599398644
MORN3	SRR1609474	35.089356999863185
MORN3	SRR1609475	15.326531687631132
MORN3	SRR1609476	122.02357920772978
MORN3	SRR1609477	13.07336844280847
MORN3	SRR1609478	7.160987280589502
MORN3	SRR1609479	2.020777287324627
MORN3	SRR1609480	31
MORN3	SRR1609481	20.208516399506017
MORN3	SRR1609482	13.0472688663239
MORN3	SRR1609483	31.14020176966408
MORN3	SRR1609484	26.20542416514708
MORN3	SRR1609485	18.016202315294166
MORN3	SRR1609486	24.07786216231388
MORN3	SRR1609487	33.128424568654665
MORN3	SRR1609488	28.040336650715386
MORN3	SRR1609489	20.043846274728264
MORN3	SRR1609490	20.32785216037773
MORN3	SRR1609491	18.063473863484685
MORN3	SRR1609492	33
MORN3	SRR1609493	15.067047374144032
MORN3	SRR1609494	1.005934875877056
MORN3	SRR1609495	44.09822650730438
MORN3	SRR1609496	44.03631673646723
MORN3	SRR1609497	46.04140591686287
MORN3	SRR1609498	28.01007871955565
MORN3	SRR1609499	7.014682131615777
MORN3	SRR1609500	35.06041881825743
MORN3	SRR1609501	22.028241406501525
MORN3	SRR1609502	18.232678365980437
MORN3	SRR1609503	1.2571824597395216
MORN3	SRR1609504	61
MORN3	SRR1609505	76
MORN3	SRR1609506	2.0393867911666272
MORN3	SRR1609507	22.132987363428786
MORN3	SRR1609508	15.008099699842592
MORN3	SRR1609509	22.139210204239713
MORN3	SRR1609510	15.08405495397385
MORN3	SRR1609511	2.073950891690474
MORN3	SRR1609512	50.165280563161424
MORN3	SRR1609513	35.11202398465435
MORN3	SRR1609514	1.0495788046288395
MORN3	SRR1609515	20.039627051004135
MORN3	SRR1609516	1.0041780100330324
MORN3	SRR1609517	11.24746643847113
MORN3	SRR1609518	22.035657926944907
MORN3	SRR1609519	48.08058430585236
MORN3	SRR1609520	1.0789502444393222
MORN3	SRR1609521	46.07436911468811
MORN3	SRR1609522	11.26459957639032
MORN3	SRR1609523	9.042607205727432
MORN3	SRR1609524	1.016716170089433
MORN3	SRR1609525	4.022075104426841
MORN3	SRR1609526	15.305594600211144
MORN3	SRR1609527	33
MORN3	SRR1609528	11.095203904945869
MORN3	SRR1609529	4.101320557057126
MORN3	SRR1609530	20.095905704237186
MORN3	SRR1609531	13.049322095568511
MORN3	SRR1609532	22.158532249152213
MORN3	SRR1609533	4.1529065359618
MORN3	SRR1609534	33.04260375973189
MORN3	SRR1609535	18.796192224008397
MORN3	SRR1609536	13.139904442158233
MORN3	SRR1609537	4.015373088548397
MORN3	SRR1609538	13
MORN3	SRR1609539	9.055748638563612
MORN3	SRR1609540	39
MORN3	SRR1609541	4.400998424709099
MORN3	SRR1609542	15.035130300245429
MORN3	SRR1609543	50.100599535735846
MORN3	SRR1609544	46.26890901534011
MORN3	SRR1609545	49.51751876655531
MORN3	SRR1609546	22
MORN3	SRR1609547	11.056879454577858
MORN3	SRR1609548	9.161975313724023
MORN3	SRR1609549	7.074871563211826
MORN3	SRR1609550	18
MORN3	SRR1609551	13.147044328167771
MORN3	SRR1609552	2.008928896305199
MORN3	SRR1609553	9.023500223898779
MORN3	SRR1609554	11.099443048379507
MORN3	SRR1609555	33.11347616093246
MORN3	SRR1609556	15.332529683357802
MORN3	SRR1609557	2.012608651642361
MORN3	SRR1609558	20.085887187455686
MORN3	SRR1609559	9.382471468609488
MORN3	SRR1609560	18.128190034032556
MORN3	SRR1609561	18.045710875684172
MORN3	SRR1609562	18.017796934760835
MORN3	SRR1609563	2.008928896305199
MORN3	SRR1609564	81.07291041882375
MORN3	SRR1609565	9.223072702934699
MORN3	SRR1609566	2.006699729492319
MORN3	SRR1609567	1.2581113184722956
MORN3	SRR1609568	83
MORN3	SRR1609569	105
MORN3	SRR1609570	7.1243658172565905
MORN3	SRR1609571	15.362640002914334
MORN3	SRR1609572	15.198549421210842
MORN3	SRR1609573	15.297463228917309
MORN3	SRR1609574	39.19926624676165
MORN3	SRR1609575	1.0732532216417159
MORN3	SRR1609576	9.035853715279645
MORN3	SRR1609577	63.26468639199079
MORN3	SRR1609578	13.02296242237844
MORN3	SRR1609579	39.261353926149
MORN3	SRR1609580	9.06910868124173
MORN3	SRR1609581	4.16721695645489
MORN3	SRR1609582	13.107614316803902
MORN3	SRR1609583	1.0357598428330377
MORN3	SRR1609584	46.09255157287698
MORN3	SRR1609585	24.021200619314545
MORN3	SRR1609586	1.077969249642432
MORN3	SRR1609587	2.0240098135119347
MORN3	SRR1609588	4.053621040171702
MORN3	SRR1609589	20.052558688529288
MORN3	SRR1609590	48.01369182515635
MORN3	SRR1609591	15.049062477073772
MORN3	SRR1609592	7.047914811023474
MORN3	SRR1609593	9.049823260658991
MORN3	SRR1609594	13.329330309128869
MORN3	SRR1609595	4.097224838509567
MORN3	SRR1609596	18.04730281967636
MORN3	SRR1609597	15.063130730490172
MORN3	SRR1609598	18.49566727102315
MORN3	SRR1609599	20.424356303081524
MORN3	SRR1609600	22.67924344252065
MORN3	SRR1609601	9.253473645469537
MORN3	SRR1609602	12.795380222891119
MORN3	SRR1609603	52
MORN3	SRR1609604	13.090975452332861
MORN3	SRR1609605	18.13619655352096
MORN3	SRR1609606	2.0321659641500647
MORN3	SRR1609607	11.054692004659918
MORN3	SRR1609608	2.039955240194852
MORN3	SRR1609609	11.35659649611225
MORN3	SRR1609610	35
MORN3	SRR1609611	13.222754097610972
MORN3	SRR1609612	18.042156360294516
MORN3	SRR1609613	22.018158368233614
MORN3	SRR1609614	20.227382931053008
MORN3	SRR1609615	35.11092667067911
MORN3	SRR1609616	65
MORN3	SRR1609617	15
MORN3	SRR1609618	7.0224000555664565
MORN3	SRR1609619	22.0799934660866
MORN3	SRR1609620	9.112890861520427
MORN3	SRR1609621	1.0085252077511602
MORN3	SRR1609622	11.435630111486574
MORN3	SRR1609623	22.41802866610452
MORN3	SRR1609624	1.233166099790781
MORN3	SRR1609625	46.071116588171776
MORN3	SRR1609626	15.115181135402882
MORN3	SRR1609627	24.129584090300103
MORN3	SRR1609628	7.013345664850639
MORN3	SRR1609629	15.240824600758513
MORN3	SRR1609630	7.019540967832381
MORN3	SRR1609631	24
MORN3	SRR1609632	52
MORN3	SRR1609633	41.14696290023445
MORN3	SRR1609634	4.033235420284098
MORN3	SRR1609635	13.324096591755408
MORN3	SRR1609636	4.134104123119116
MORN3	SRR1609637	57.23116305800739
MORN3	SRR1609638	4.097286205023259
MORN3	SRR1609639	11.06085942554869
MORN3	SRR1609640	50.0089980470976
MORN3	SRR1609641	4.000719843767808
MORN3	SRR1609642	70
MORN3	SRR1609643	18.211918337089916
MORN3	SRR1609644	46.04809526508118
MORN3	SRR1609645	13.041201334823672
MORN3	SRR1609646	22.051524440359962
MORN3	SRR1609647	7.144669165181747
MORN3	SRR1609648	9.032687670821732
MORN3	SRR1609649	22.178803493194533
MORN3	SRR1609650	20.14864765555886
MORN3	SRR1609651	11.037340912924721
MORN3	SRR1609652	26.09179114185609
MORN3	SRR1609653	2.1016126669753876
MORN3	SRR1609654	1.034357970588471
MORN3	SRR1609655	2.0136616817658464
MORN3	SRR1609656	26.372146014338355
MORN3	SRR1609657	9.11565836538414
MORN3	SRR1609658	1.020049628429351
MORN3	SRR1609659	7.055763253356327
MORN3	SRR1609660	9.035301151552396
MORN3	SRR1609661	20.029424325956995
MORN3	SRR1609662	18.084166778515442
MORN3	SRR1609663	31.08241636321839
MORN3	SRR1609664	15.108272629075604
MORN3	SRR1609665	9
MORN3	SRR1609666	11.182978511917772
MORN3	SRR1609667	44.12686364459173
MORN3	SRR1609668	2.2519031186837704
MORN3	SRR1609669	28.538743732770776
MORN3	SRR1746771	10.994491072653254
MORN3	SRR1746772	11.710273211223958
MORN3	SRR1746773	5.303062293735181
MORN3	SRR1746774	12.848938136629966
MORN3	SRR1746775	23.438991387212802
MORN3	SRR1746776	11.366552055318694
MORN3	SRR1746777	12.833655238987845
MORN3	SRR1746778	17.770986823845455
MORN3	SRR1746779	8.308386468099926
MORN3	SRR1746780	25.36215713526787
MORN3	SRR1746781	4.402649997006392
MORN3	SRR1746782	3.0133933444577985
MORN3	SRR1746783	11
MORN3	SRR1746784	9.968262288032626
MORN3	SRR1782685	4.064562051856478
MORN3	SRR1782686	12.289272616585022
MORN3	SRR1782687	4.048864588541963
MORN3	SRR1782688	2.033510367769477
MORN3	SRR1782689	8.143009926760685
MORN3	SRR1782690	4.081044413933538
MORN3	SRR1782691	45.07768133775955
MORN3	SRR1782692	6.049604034532002
MORN3	SRR1782693	18.15923816862701
MORN3	SRR1782694	2.0321659641500647
MORN3	SRR1782695	18.012960685921783
MORN3	SRR1782696	12.040448569085795
MORN3	SRR1782697	4.035304332639777
MORN3	SRR1782698	30.062604827754516
MORN3	SRR1782699	6.145246674196966
MORN3	SRR1782700	18.136266787137153
MORN3	SRR1782701	22.137147278328566
MORN3	SRR1782702	8.085331347802228
MORN3	SRR1782703	30.11674960786788
MORN3	SRR1782704	1.0158440725472526
MORN3	SRR1782705	16.387293228758836
MORN3	SRR1782706	34.08680394272423
MORN3	SRR1782707	22.08396700250905
MORN3	SRR1782708	1.0527335559349638
MORN3	SRR1782709	2.0987778693872223
MORN3	SRR1782710	14
MORN3	SRR1782711	14.156954966815324
MORN3	SRR1782712	2.0236485692929125
MORN3	SRR1782713	16.3482081670727
MORN3	SRR1782714	2.174110817755799
MORN3	SRR1782715	26.06443282152696
MORN3	SRR1782716	14.20889834424233
MORN3	SRR1782717	106.08749031967105
MORN3	SRR1782718	30.430033491064485
MORN3	SRR1782719	24.17444346698851
MORN3	SRR1782720	20.347779553398155
MORN3	SRR1782721	11.215287864396823
MORN3	SRR1782722	20.017667182762118
MORN3	SRR1782723	63.138115765394026
MORN3	SRR1782724	4.044519368293684
MORN3	SRR1782725	12.822897929151583
MORN3	SRR1782726	45.33461196000375
MORN3	SRR1782727	32
MORN3	SRR1782728	14.424271126488998
MORN3	SRR1782729	97.2044285633126
MORN3	SRR1782730	32.04370579368471
MORN3	SRR1782731	12.38521961661649
MORN3	SRR1782732	1.079233440701315
MORN3	SRR1782733	8.077260646945385
MORN3	SRR1782734	22.137250829533908
MORN3	SRR1782735	10.04578209610595
MORN3	SRR1782736	10.182654097647937
MORN3	SRR1782737	45.07293666875095
MORN3	SRR1782738	2.099344687093662
MORN3	SRR1782739	2.020906915361495
MORN3	SRR1782740	20.231583889804206
MORN3	SRR1782741	6.32585193714551
MORN3	SRR1782742	18
MORN3	SRR1782743	12.024143888576603
MORN3	SRR1782744	10.050174895819426
MORN3	SRR1782745	10.120275763195707
MORN3	SRR1782746	16.318345216374233
MORN3	SRR1782747	10.072992776231908
MORN3	SRR1782748	8.11713514882604
MORN3	SRR1782749	14.177528282920113
MORN3	SRR1782750	32.04370579368471
MORN3	SRR1782751	2.030966888504124
MORN3	SRR1782752	41.27263701356605
MORN3	SRR1782753	24.022994681316998
MORN3	SRR1782754	26.216067349815376
MORN3	SRR1782755	8.021488140911854
MORN3	SRR1782756	10.45262315535892
MORN3	SRR1782757	16.023049514694506
MORN3	SRR1782758	16.027620031203398
MORN3	SRR1782759	20.088592570467185
MORN3	SRR1782760	8.113649993351778
MORN3	SRR1782761	2.246701848391342
MORN3	SRR1782762	1.0642762539094746
MORN3	SRR1782763	2.010934147282541
MORN3	SRR1782764	69.07941387839173
MORN3	SRR1782765	16.051200127009043
MORN3	SRR1782766	6.064061120055004
MORN3	SRR1782767	22.21248463926473
MORN3	SRR1782768	20.129148762288875
MORN3	SRR1782769	8.068280711352124
MORN3	SRR1782770	22.10219467545862
MORN3	SRR1782771	10.066334970935033
MORN3	SRR1782772	16.085897525722256
MORN3	SRR1782773	6.026152337121633
MORN3	SRR1782774	16.04084891422317
MORN3	SRR1782775	2.0400612350369793
MORN3	SRR1782776	10.146067854880492
MORN3	SRR1782777	34.00611867202637
MORN3	SRR1782778	8.01465360110626
MORN3	SRR1782779	10.282078532888333
MORN3	SRR1782780	18.23217966968685
MORN3	SRR1782781	1.0344998484090346
MORN3	SRR1782782	16.328454201632365
MORN3	SRR1782783	10.063318507933232
MORN3	SRR1782784	14.046840677808259
MORN3	SRR1782785	18.019444528033226
MORN3	SRR1782786	14.351205123285947
MORN3	SRR1782787	32
MORN3	SRR1782788	26.096486645167193
MORN3	SRR1782789	14.238273780286784
MORN3	SRR1782790	10.055938748937177
MORN3	SRR1782791	45.26663055771773
MORN3	SRR1782792	14.095867940286684
MORN3	SRR1782793	4.147884933330254
MORN3	SRR1782794	38.260089593578115
MORN3	SRR1782795	20.424356303081524
MORN3	SRR1782796	2.159205383226404
MORN3	SRR1782797	14.355079234962435
MORN3	SRR1782798	2.0386000706563623
MORN3	SRR1782799	22.035657926944907
MORN3	SRR1782800	14.024728762561397
MORN3	SRR1782801	18.100141592494275
MORN3	SRR1782802	10.073777581307748
MORN3	SRR1782803	10.036667554019619
MORN3	SRR1782804	51.137843682621885
MORN3	SRR1782805	18.03241921475616
MORN3	SRR1782806	96.25522486674082
MORN3	SRR1782807	6.2110925534261074
MORN3	SRR1782808	4.105194908018991
MORN3	SRR1782809	18.241522945114532
MORN3	SRR1782810	4.066578779682876
MORN3	SRR1782811	8.02475532582577
MORN3	SRR1782812	8.100453800397949
MORN3	SRR1782813	4.02502678757406
MORN3	SRR1782814	20.25913348276551
MORN3	SRR1782815	1.062121334894591
MORN3	SRR1782816	28.015119439706172
MORN3	SRR1782817	49.169839788499736
MORN3	SRR1782818	6.080285219040904
MORN3	SRR1782819	18.498153528517395
MORN3	SRR1782820	1.0355877525178163
MORN3	SRR1782821	30.081084519189346
MORN3	SRR1782822	26.204345734980237
MORN3	SRR1782823	14.053003840208444
MORN3	SRR1782824	14.079560324325676
MORN3	SRR1782825	2.011619290041926
MORN3	SRR1782826	28.19087387188511
MORN3	SRR1782827	16.212491865355283
MORN3	SRR1782828	10
MORN3	SRR1782829	30
MORN3	SRR1782830	12.471914551529105
MORN3	SRR1782831	1.0734003069580385
MORN3	SRR1782832	8.260617837374225
MORN3	SRR1782833	8.184457171787816
MORN3	SRR1782834	32.00575875014246
MORN3	SRR1782835	2.2299594763902366
MORN3	SRR1782836	63.414835910147985
MORN3	SRR1782837	12.331443969265742
MORN3	SRR1782838	10.129819287449685
MORN3	SRR1782839	22.301957183461184
MORN3	SRR1782840	2.0166514979444936
MORN3	SRR1782841	6.089108613812212
MORN3	SRR1782842	14
MORN3	SRR1782843	6.1448924951064745
MORN3	SRR1782844	6.0010797656517125
MORN3	SRR1782845	22.413517918416673
MORN3	SRR1782846	24.130116009653648
MORN3	SRR1782847	7.40242138685852
MORN3	SRR1782848	1.2335837199439401
MORN3	SRR1782849	2.4807645009329224
MORN3	SRR1782850	1.2517458229536382
MORN3	SRR1782851	1.2634697131512598
MORN3	SRR1782852	1.2639231424855961
MORN3	SRR1782853	1.2584335321033158
MORN3	SRR1782854	4.013099734176571
MORN3	SRR1782855	18.043259748106262
MORN3	SRR1782856	12.0635221607369
MORN3	SRR1782857	8.055893042583355
MORN3	SRR1782858	77.07742271863764
MORN3	SRR1782859	12.019449778333586
MORN3	SRR1782860	28.063480594274395
MORN3	SRR1782861	51.094814241411996
MORN3	SRR1782862	18.082902372643574
MORN3	SRR1782863	36.094000895595116
MORN3	SRR1782864	18.232282661465536
MORN3	SRR1782865	49.20757296787711
MORN3	SRR1782866	32.11243567918273
MORN3	SRR1782867	6.099237833128454
MORN3	SRR1782868	22.0799934660866
MORN3	SRR1782869	30.102744046336003
MORN3	SRR1782870	18.044607337980203
MORN3	SRR1782871	30.157475225572778
MORN3	SRR1782872	75.20271129797337
MORN3	SRR1782873	10.046144938412489
MORN3	SRR1782874	8.051532909359032
MORN3	SRR1782875	14.072139985840447
MORN3	SRR1782876	10.039362270488077
MORN3	SRR1782877	18.060935839320038
MORN3	SRR1782878	16.12525190675646
MORN3	SRR1782879	26.373424778854293
MORN3	SRR1782880	2.0084723660358006
MORN3	SRR1782881	61.25383232310801
MORN3	SRR1782882	10.035294088768861
MORN3	SRR1782883	47.08465017186331
MORN3	SRR1782884	59.04248224829917
MORN3	SRR1782885	51
MORN3	SRR1782886	6.033297134622424
MORN3	SRR1782887	18.016202315294166
MORN3	SRR1782888	8.025954054104627
MORN3	SRR1782889	14.060401948239452
MORN3	SRR1782890	20.03092025572686
MORN3	SRR1782891	22.015840838348844
MORN3	SRR1782892	34.06227780470161
MORN3	SRR1782893	10.038748339850176
MORN3	SRR1782894	14.156683503552353
MORN3	SRR1782895	14.051334575627466
MORN3	SRR1782896	20.042897588650042
MORN3	SRR1782897	10.027530595094737
MORN3	SRR1782898	16.036274625299654
MORN3	SRR1782899	6.022575440128262
MORN3	SRR1782900	43.04323606365478
MORN3	SRR1782901	18.017691817893713
MORN3	SRR1782902	34
MORN3	SRR1782903	18.045955028501066
MORN3	SRR1782904	67
MORN3	SRR1782905	34.07095213812178
MORN3	SRR1782906	4.025394846281815
MORN3	SRR1782907	4.019536879774825
MORN3	SRR1782908	24.073204164289372
MORN3	SRR1782909	16.054796824712536
MORN3	SRR1782910	79
MORN3	SRR1782911	8.05524830130879
MORN3	SRR1782912	117.31837450916618
MORN3	SRR1782913	38
MORN3	SRR1782914	18.048650711513606
MORN3	SRR1782915	100
MORN3	SRR1782916	6.063420684188674
MORN3	SRR1782917	34.10984323444766
MORN3	SRR1782918	65.07021635123108
MORN3	SRR1782919	24
MORN3	SRR1782920	45.04524704335966
MORN3	SRR1782921	8.016694620734537
MORN3	SRR1782922	2.3727382452607766
MORN3	SRR1782923	6.033456951260001
MORN3	SRR1782924	26.133289668403723
MORN3	SRR1782925	8.02786344716255
MORN3	SRR1782926	4.0293638755681425
MORN3	SRR1782927	24.068136761918907
MORN3	SRR1782928	4.028664001910353
MORN3	SRR1782929	6.051744355003346
MORN3	SRR1782930	53.150468682570924
MORN3	SRR1782931	36.09609185531235
MORN3	SRR1782932	16.059710106612112
MORN3	SRR1782933	4.259740717118542
MORN3	SRR1782934	10.058514779400362
MORN3	SRR1782935	6.0269709734649775
MORN3	SRR1782936	6.1513976633822685
MORN3	SRR1782937	8.062854679035324
MORN3	SRR1782938	1.2574474178148516
MORN3	SRR1782939	10.047411238848365
MORN3	SRR1782940	20.053171847237667
MORN3	SRR1782941	10.078123826132556
MORN3	SRR1782942	32.12581851154794
MORN3	SRR1782943	4.018457975364996
MORN3	SRR1782944	22.02840250648793
MORN3	SRR1782945	38.199468619058855
MORN3	SRR1782946	49.10225455199904
MORN3	SRR1782947	45.093907241631776
MORN3	SRR1782948	14
MORN3	SRR1782949	22.053845726531605
MORN3	SRR1782950	10
MORN3	SRR1782951	34.11214130931274
MORN3	SRR1782952	47.321526558518535
MORN3	SRR1782953	20.038130471001825
MORN3	SRR1782954	4.504433029096308
MORN3	SRR1782955	6.2030522054849575
MORN3	SRR1782956	2.0303334434161173
MORN3	SRR1782957	28.540735043787734
MORN3	SRR1782958	12.065693123548206
MORN3	SRR1782959	2.1158331356635864
MORN3	SRR1782960	73
MORN3	SRR1782961	6.0218163998418
MORN3	SRR1782962	16.116720090450865
MORN3	SRR1782963	4.027568478948669
MORN3	SRR1782964	49.01763775922239
MORN3	SRR1782965	43.131564674412
MORN3	SRR1782966	41
MORN3	SRR1782967	24.096496483029757
MORN3	SRR1782968	45.04704971584029
MORN3	SRR1782969	18.215611143117222
MORN3	SRR1782970	10.12507584036827
MORN3	SRR1782971	12.201561017637827
MORN3	SRR1782972	36.201679297579886
MORN3	SRR1782973	4.205044862265667
MORN3	SRR1782974	43
MORN3	SRR1782975	6.236828084688178
MORN3	SRR1782976	2.0195905123843594
MORN3	SRR1782977	49.01763775922239
MORN3	SRR1782978	6.100204803173205
MORN3	SRR1782979	2.016765992343231
MORN3	SRR1782980	28.048335054605943
MORN3	SRR1782981	4.049215426850632
MORN3	SRR1782982	22.127723126848153
MORN3	SRR1782983	45.043115027469376
MORN3	SRR1782984	47.0169178506827
MORN3	SRR1782985	4.027323363531693
MORN3	SRR1782986	32.09564270824086
MORN3	SRR1782987	4.0050416276097645
MORN3	SRR1782988	51
MORN3	SRR1782989	6.258587694394937
MORN3	SRR1782990	6.080471139445844
MORN3	SRR1782991	55.22735460132799
MORN3	SRR1782992	14.034265462338295
MORN3	SRR1782993	8.166248880905727
MORN3	SRR1782994	59
MORN3	SRR1782995	22.182632582461203
MORN3	SRR1782996	24
MORN3	SRR1782997	4.017980648976652
MORN3	SRR1782998	41.1490787322523
MORN3	SRR1782999	8.170496992882372
MORN3	SRR1783000	12.046796078457715
MORN3	SRR1783001	16.261660791078878
MORN3	SRR1783002	1.056652332155794
MORN3	SRR1783003	30
MORN3	SRR1783004	18.082639067097045
MORN3	SRR1783005	2.031765248653308
MORN3	SRR1783006	8.190239481459395
MORN3	SRR1813867	14.675498588031124
MORN3	SRR1813868	14.264134329202685
MORN3	SRR1813869	15.151348072778516
MORN3	SRR1813870	21.256588965467852
MORN3	SRR1813871	15.179208847152704
MORN3	SRR1813872	15.040417840447507
MORN3	SRR1813873	13.519094354602888
MORN3	SRR1813874	21.213746456324877
MORN3	SRR1813875	27
MORN3	SRR1813876	19.10134114333886
MORN3	SRR1813877	11.939735862578361
MORN3	SRR1813878	16.01152060970825
MORN3	SRR1813879	32
MORN3	SRR1813880	15
MORN3	SRR1813881	15.296357295997021
MORN3	SRR1813882	11.691049460246061
MORN3	SRR1813883	19.015682227110847
MORN3	SRR1813884	19.242597047546422
MORN3	SRR1813885	18
MORN3	SRR1813886	14.017645696634178
MORN3	SRR1813887	15.158044730437467
MORN3	SRR1928188	21.171746406437894
MORN3	SRR1928189	9.065816154602711
MORN3	SRR1928190	5.043975883881193
MORN3	SRR1928191	19.21512794644954
MORN3	SRR1928192	5.064494352690792
MORN3	SRR1928193	17.261192019034514
MORN3	SRR2046996	9.07729402072392
MORN3	SRR2046997	14.155615260836171
MORN3	SRR2046998	20.404863785504276
MORN3	SRR2046999	13.099823650682497
MORN3	SRR2047000	15.160474126322919
MORN3	SRR2047001	17.160479502492052
MORN3	SRR2047002	7.131899396990448
MORN3	SRR2047003	7.16645954627697
MORN3	SRR2047004	17.13513794995907
MORN3	SRR2047005	13.105876190814804
MORN3	SRR2047006	29.44120113279914
MORN3	SRR2047007	2.0525680943583016
MORN3	SRR2047008	1.0125174400411554
MORN3	SRR2047009	2.0370207190076157
MORN3	SRR2313973	12.152210960168054
MORN3	SRR2313974	31.229624519655086
MORN3	SRR2313975	1.0102481457588257
MORN3	SRR2313976	5.073327813108869
MORN3	SRR2313977	1.0086919531101515
MORN3	SRR2313978	9.236883802067991
MORN3	SRR2313979	42.434764204417824
MORN3	SRR2313980	5.029181758877775
MORN3	SRR2313981	35.12545613434648
MORN3	SRR2313982	60.789034706603736
MORN3	SRR2313983	23.386084297336783
MORN3	SRR2313984	60.327570432429404
MORN3	SRR2313985	31.587597218500754
MORN3	SRR2313986	53.3279930753248
MORN3	SRR2313987	20.06666108425865
MORN3	SRR2313988	23.20787698920961
MORN3	SRR2313989	5.0529477820241615
MORN3	SRR2313990	1.0154615932290423
MORN3	SRR2313991	23.379731720422864
MORN3	SRR2313992	20.29372385648372
MORN3	SRR2313993	20.207345768793253
MORN3	SRR2313994	1.0212939489113868
MORN3	SRR2313995	35.14468020084509
MORN3	SRR2313996	57.25851559332155
MORN3	SRR2313997	5.060955831520766
MORN3	SRR2313998	12.289127553114279
MORN3	SRR2313999	38.35321351939778
MORN3	SRR2314000	16.13660873493132
MORN3	SRR2314001	1.0137250295317557
MORN3	SRR2314002	20.215122190119335
MORN3	SRR2314003	27.585803959913413
MORN3	SRR2314004	12.095224305927518
MORN3	SRR2314005	5.047517332228408
MORN3	SRR2314006	1.0187871020034116
MORN3	SRR2314007	9.054162380455718
MORN3	SRR2314008	12.015820930413499
MORN3	SRR2314009	1.0082228687169175
MORN3	SRR2314010	27.177511651789796
MORN3	SRR2314011	20.141193915783386
MORN3	SRR2314012	38.2756730844877
MORN3	SRR2314013	20.231113231751852
MORN3	SRR2314014	38.434788129589194
MORN3	SRR2314015	12.093209732498524
MORN3	SRR2314016	42.135688701376516
MORN3	SRR2314017	12.231767791477782
MORN3	SRR2314018	12.446206185688501
MORN3	SRR2314019	53.17916887209239
MORN3	SRR2314020	1.016563630576381
MORN3	SRR2314021	42.21144179016912
MORN3	SRR2314022	1.0122161471354907
MORN3	SRR2314023	23.223556403758792
MORN3	SRR2314024	9.116521324725358
MORN3	SRR2314025	60.29140407401107
MORN3	SRR2314026	16.350928983065042
MORN3	SRR2314027	9.06645618266408
MORN3	SRR2314028	27.077394472223233
MORN3	SRR2314029	46.107732920752646
MORN3	SRR2314030	60.28353745343682
MORN3	SRR2314031	35.60469176267019
MORN3	SRR2314032	9.155586458515797
MORN3	SRR2314033	5.1203297978492746
MORN3	SRR2314034	9.263968077234162
MORN3	SRR2314035	1.046856177985374
MORN3	SRR2314036	12.207364231353635
MORN3	SRR2314037	31.412922200687532
MORN3	SRR2314038	35.20056687267078
MORN3	SRR2314039	20.215518231349687
MORN3	SRR2314040	1.0391610375751816
MORN3	SRR2314041	5.037555316490151
MORN3	SRR2314042	60.24433889299169
MORN3	SRR2314043	27.240217616743756
MORN3	SRR2314044	35.14837975732599
MORN3	SRR2314045	16.119859665484448
MORN3	SRR3493774	20
MORN3	SRR3493775	16
MORN3	SRR3493776	56.98098176665224
MORN3	SRR3493777	20.012906066058257
MORN3	SRR3493778	9
MORN3	SRR3493779	6.020099188476957
MORN3	SRR3493780	1.0498142493709828
MORN3	SRR3493781	6
MORN3	SRR3493782	23.190113639646167
MORN3	SRR3493783	13.033588266202411
MORN3	SRR3493784	1.0206706748019738
MORN3	SRR3493785	20.016507607485103
MORN3	SRR3493786	1.0406653004374282
MORN3	SRR3493787	34
MORN3	SRR3493788	6
MORN3	SRR3493789	13.236793362126603
MORN3	SRR3493790	13
MORN3	SRR3493791	13.018727730689287
MORN3	SRR3493792	23.01656087645561
MORN3	SRR3493793	2.0191256392014814
MORN3	SRR3493794	6.018566494369328
MORN3	SRR3493795	16.05768606107196
MORN3	SRR3493796	13.105517721710628
MORN3	SRR3493797	30
MORN3	SRR3493798	2.021977448791076
MORN3	SRR3493799	37
MORN3	SRR3493800	16.114158554595864
MORN3	SRR3493801	13.116115002405612
MORN3	SRR3493802	16
MORN3	SRR3493803	9
MORN3	SRR3493804	16.01152060970825
MORN3	SRR3493805	20.046840400327238
MORN3	SRR3493806	16
MORN3	SRR3493807	27
MORN3	SRR3493808	20.038743188530233
MORN3	SRR3493809	16.05169093385772
MORN3	SRR3493810	20
MORN3	SRR3493811	27
MORN3	SRR3493812	20.014400762135313
MORN3	SRR3493813	6.01080640491872
MORN3	SRR3493814	34
MORN3	SRR3493815	40.703194027221386
MORN3	SRR3493816	41
MORN3	SRR3493817	23.06459247076134
MORN3	SRR3493818	6.020708288213056
MORN3	SRR3493819	13
MORN3	SRR3493820	25.803107971660243
MORN3	SRR3493821	1.0115011358570332
MORN3	SRR3493822	23
MORN3	SRR3493823	15.736014332583109
MORN3	SRR3493824	21.012815529206087
MORN3	SRR3493825	23.02969352951011
MORN3	SRR3493826	27.019441028882675
MORN3	SRR3493827	55
MORN3	SRR3493828	59
MORN3	SRR3493829	2.004684040032724
MORN3	SRR3493830	32.29300081835753
MORN3	SRR3493831	2.008833812614677
MORN3	SRR3493832	2.000359921883904
MORN3	SRR3493833	17.341736179182114
MORN3	SRR3493834	6
MORN3	SRR3493835	6.0303070042494324
MORN3	SRR3493836	16
MORN3	SRR3493837	2.0012906066058256
MORN3	SRR3493838	16
MORN3	SRR3493839	2.0163224270297953
MORN3	SRR3493840	48.91870711439266
MORN3	SRR3493841	94.20319698547362
MORN3	SRR3493846	2.045512751905835
MORN3	SRR3493847	2.0732531422191256
MORN3	SRR3493848	27.004858945432705
MORN3	SRR3493849	22.90974797945572
MORN3	SRR3493850	48
MORN3	SRR3714631	10
MORN3	SRR3714632	14.077457450698335
MORN3	SRR3714633	20.227429952367757
MORN3	SRR3714634	10.062566968935151
MORN3	SRR3714635	22
MORN3	SRR3714636	15
MORN3	SRR3714637	24
MORN3	SRR3714638	2
MORN3	SRR3714639	23.58864082743383
MORN3	SRR3714640	4.44663044638949
MORN3	SRR3714641	29.670230691159933
MORN3	SRR3714642	13.465138945799975
MORN3	SRR3714643	29.2915727131078
MORN3	SRR3714644	13.336569958180098
MORN3	SRR3714645	7.043871526063847
MORN3	SRR3714646	23.004139101664897
MORN3	SRR3714648	60.59964246369908
MORN3	SRR3714649	132.14787094006374
MORN3	SRR3714650	24.159898410112454
MORN3	SRR3714651	12.091965710160688
MORN3	SRR3714652	29.042239306698683
MORN3	SRR3714653	13
MORN3	SRR3714654	27
MORN3	SRR3714655	1.0005399799895063
MORN3	SRR3714656	2.941993334517305
MORN3	SRR3714657	6.152034994090014
MORN3	SRR3714658	7.750655479269211
MORN3	SRR3714659	19.810645999075824
MORN3	SRR3714660	3
MORN3	SRR3714661	9
MORN3	SRR3714662	10.107865634480707
MORN3	SRR3714663	8.00431983991605
MORN3	SRR3714664	14.218305716718655
MORN3	SRR3714665	4
MORN3	SRR3714666	12
MORN3	SRR3714667	8.275696016815932
MORN3	SRR3714668	16
MORN3	SRR3714669	28.136101197254355
MORN3	SRR3714670	12.15814697550605
MORN3	SRR3714671	15.015082347786551
MORN3	SRR3714672	9.02257954919822
MORN3	SRR3714673	13.499416537879771
MORN3	SRR3714674	24.83604995699387
MORN3	SRR3714675	14.873570456631745
MORN3	SRR3714676	24
MORN3	SRR3714677	3.0065769412092394
MORN3	SRR3714678	30.8492453065649
MORN3	SRR3714679	9.012292254473824
MORN3	SRR3714680	7.009966712867091
MORN3	SRR3714681	51.16616433758354
MORN3	SRR3714682	6.4763266432547475
MORN3	SRR3714683	7.013383206536921
MORN3	SRR3714684	51.369017167699724
MORN3	SRR3714685	17.026963594703183
MORN3	SRR3714686	15.015999970102062
MORN3	SRR3714688	1.0072151869090182
MORN3	SRR3714689	46.67359895189835
MORN3	SRR3714690	6.28771365386912
MORN3	SRR3714691	4
MORN3	SRR3714692	10.913848992835709
MORN3	SRR3714693	6.727083805760267
MORN3	SRR3714694	7.47744265975992
MORN3	SRR3714695	11.835396063115544
MORN3	SRR3714696	55
MORN3	SRR3714697	16.143063181954304
MORN3	SRR3714698	2.025819803305523
MORN3	SRR3714699	34.47823323417115
MORN3	SRR3714700	0.8067877973810842
MORN3	SRR3714701	1.487254350987428
MORN3	SRR3714702	12.514055899280208
MORN3	SRR3714703	1.0009001286274537
MORN3	SRR3714704	36.84852957045387
MORN3	SRR3714705	53.70540415865618
MORN3	SRR3714706	1.0348625162168688
MORN3	SRR3714707	34.01581879350769
MORN3	SRR3714708	1.0229861853499778
MORN3	SRR3714709	25.711155788177958
MORN3	SRR3714710	5.275638785029316
MORN3	SRR3714711	31.510815425824767
MORN3	SRR3714712	4
MORN3	SRR3714713	15
MORN3	SRR3714714	19
MORN3	SRR3714715	52.239078430235324
MORN3	SRR3714716	31
MORN3	SRR3714717	17
MORN3	SRR3714718	5
MORN3	SRR3714719	22.76288011823667
MORN3	SRR3714720	20.254775434029764
MORN3	SRR3714721	13.012865639001477
MORN3	SRR3714723	25.536896720647924
MORN3	SRR3714724	16.044377697160378
MORN3	SRR3714725	9.11059958046043
MORN3	SRR3714726	5.4490820717923505
MORN3	SRR3714727	11.255119779347918
MORN3	SRR3714728	1.0080722840940834
MORN3	SRR3714729	1.0258093057558688
MORN3	SRR3714730	2.4079091898869436
MORN3	SRR3714731	25.0044990235488
MORN3	SRR3714732	11.406498115854005
MORN3	SRR3714734	11.782720988117527
MORN3	SRR3714735	27.087102843360434
MORN3	SRR3714736	40.93177281721397
MORN3	SRR3714737	5
MORN3	SRR3714738	15.338608651472148
MORN3	SRR3714739	6.763742521696835
MORN3	SRR3714740	10.043266165328944
MORN3	SRR3714741	6.0057486703292495
MORN3	SRR3714744	18.819790901473866
MORN3	SRR3714745	5.201225736770397
MORN3	SRR3714746	9.075201394617602
MORN3	SRR3714747	20.434974467736605
MORN3	SRR3714748	27.88973985926098
MORN3	SRR3714749	11.226353260035566
MORN3	SRR3714750	62.380038316119446
MORN3	SRR3714751	14.011555325239572
MORN3	SRR3714752	28
MORN3	SRR3714753	16.12104496117134
MORN3	SRR3714754	1
MORN3	SRR3714755	18.607779348183303
MORN3	SRR3714756	20.42839491318789
MORN3	SRR3714757	22.496591543313187
MORN3	SRR3714758	6.587948091458433
MORN3	SRR3714759	6.80807891020388
MORN3	SRR3714760	8.005162426423302
MORN3	SRR3714761	14.001745977043088
MORN3	SRR3714762	2.7888611212572885
MORN3	SRR3714764	15
MORN3	SRR3714765	22.177785273369306
MORN3	SRR3714766	4
MORN3	SRR3714767	16.97502621842281
MORN3	SRR3714768	8
MORN3	SRR5176628	21.142982523022123
MORN3	SRR5176629	14.079560324325676
MORN3	SRR5176630	7.01553808364227
MORN3	SRR5176631	2.0191108727601597
MORN3	SRR5176632	11.030892051233684
MORN3	SRR5176633	47.30048952357723
MORN3	SRR5176634	1.0395854398178583
MORN3	SRR5176635	7.042647493403509
MORN3	SRR5176636	14.363235976382464
MORN3	SRR5176637	7.2067449417459315
MORN3	SRR5176638	7.8573072548548275
MORN3	SRR5176639	47
MORN3	SRR5176640	7.307877602987393
MORN3	SRR5176641	16.23307946163193
MORN3	SRR5176642	11.020971759051003
MORN3	SRR5176643	21.036251290954457
MORN3	SRR5176644	35.006298632968324
MORN3	SRR5176645	1.038132905050157
MORN3	SRR5176646	9.165194588025756
MORN3	SRR5176647	11.063676194970895
MORN3	SRR5176648	30.084251048819137
MORN3	SRR5176649	7.046516909643832
MORN3	SRR5176650	14.333210509778421
MORN3	SRR5176651	1.0158653061982168
MORN3	SRR5176652	9.049546547429593
MORN3	SRR5176653	26.069399673281143
MORN3	SRR5176654	7.056529164368184
MORN3	SRR5176655	21.024898266609085
MORN3	SRR5176656	9.62719065746975
MORN3	SRR5176657	1.0798186787512312
MORN3	SRR5176658	28.0453828161117
MORN3	SRR5176659	4.008579517730009
MORN3	SRR5176660	16.017998624029666
MORN3	SRR5176661	7.037580167503488
MORN3	SRR5176662	109.31425081896673
MORN3	SRR5176663	37.23212158722422
MORN3	SRR5176664	11
MORN3	SRR5176665	11.095764855065726
MORN3	SRR5176666	18.06829213232563
MORN3	SRR5176667	2.1568652553978422
MORN3	SRR5176668	37.1599845549048
MORN3	SRR5176669	4.0377039504236505
MORN3	SRR5176670	23.14704806472928
MORN3	SRR5176671	28.049959921267426
MORN3	SRR5176672	21.11496296620936
MORN3	SRR5176673	1.0047509679775968
MORN3	SRR5176674	30.0689343295549
MORN3	SRR5176675	30.125340300990974
MORN3	SRR5176676	1.0182154548374127
MORN3	SRR5176677	33.04753962405742
MORN3	SRR5176678	14.309839562258384
MORN3	SRR5176679	14.123810498069425
MORN3	SRR5176680	35.098292890288995
MORN3	SRR5176681	118.12746968377336
MORN3	SRR5176682	11.10685435077774
MORN3	SRR5176683	7.031466135709141
MORN3	SRR5176684	14.036791081970502
MORN3	SRR5176685	37.1088304172675
MORN3	SRR5176686	16.068176498858808
MORN3	SRR5176687	52.22984756652773
MORN3	SRR5176688	21.274192741316735
MORN3	SRR5176689	14.102621097557691
MORN3	SRR5176690	9.225707239077098
MORN3	SRR5176691	16.01440205803926
MORN3	SRR5176692	1.0096679251628273
MORN3	SRR5176693	40.29019399794014
MORN3	SRR5176694	33
MORN3	SRR5176695	18.24889672601382
MORN3	SRR5176696	1.1276067886443841
MORN3	SRR5176697	2.054218604019587
MORN3	SRR5176698	10.480299938711667
MORN3	SRR5176699	1.0242455710874605
MORN3	SRR5176700	1.0887470529698755
MORN3	SRR5176701	4.135711617488517
MORN3	SRR5176702	21
MORN3	SRR5176703	1.0222386939864545
MORN3	SRR5176704	21.091533179925715
MORN3	SRR5176705	47.095851719189255
MORN3	SRR5176706	11.295604354693227
MORN3	SRR5176707	11.212627491432123
MORN3	SRR5176708	16.15200337359081
MORN3	SRR5176709	2.0095019359551936
MORN3	SRR5176710	33
MORN3	SRR5176711	49.093218942864894
MORN3	SRR5176712	1.0124489319096075
MORN3	SRR5176713	7.060607073238528
MORN3	SRR5176714	1.0597737530480678
MORN3	SRR5176715	16.020166510439058
MORN3	SRR5176716	9.017681084510327
MORN3	SRR5176717	14.089989165481082
MORN3	SRR5176718	4.034275538342125
MORN3	SRR5176719	9.02095612943586
MORN3	SRR5176720	54
MORN3	SRR5176721	63
MORN3	SRR5176722	2.03879015023494
MORN3	SRR5176723	21.19598301229034
MORN3	SRR5176724	18.095704211057395
MORN3	SRR5176725	4.048519445899523
MORN3	SRR5176726	11
MORN3	SRR5176727	14.007988037124651
MORN3	SRR5176728	4.097499733384523
MORN3	SRR5176729	47.08797425177578
MORN3	SRR5176730	1.0063794832782318
MORN3	SRR5176731	33.14980245044912
MORN3	SRR5176732	80
MORN3	SRR5176733	18.03995507222298
MORN3	SRR5176734	1.0806477792257758
MORN3	SRR5176735	28.06519684713378
MORN3	SRR5176736	54.104606609031634
MORN3	SRR5176737	16.046354034611305
MORN3	SRR5176738	16.1702356443182
MORN3	SRR5176739	11.085900457177225
MORN3	SRR5176740	21.08551861254709
MORN3	SRR5176741	9.367962596351454
MORN3	SRR5176742	9.092626498522906
MORN3	SRR5176743	4.045851497963764
MORN3	SRR5176744	11.144800789178534
MORN3	SRR5176745	47.416065179475595
MORN3	SRR5176746	47.10432713302667
MORN3	SRR5176747	23
MORN3	SRR5176748	47.05923912441474
MORN3	SRR5176749	11.177847438684523
MORN3	SRR5176750	30.47726816668192
MORN3	SRR5176751	35.12463899225508
MORN3	SRR5176752	59.26387586791807
MORN3	SRR5176753	16.04177817582005
MORN3	SRR5176754	1.0052184370390407
MORN3	SRR5176755	49.022797672996376
MORN3	SRR5176756	9.255433198462258
MORN3	SRR5176757	2.110899992715643
MORN3	SRR5176758	11.120345693433638
MORN3	SRR5176759	2.053807780096512
MORN3	SRR5176760	9.051175112350506
MORN3	SRR5176761	2.0116111933498324
MORN3	SRR5176762	1.0740318196782621
MORN3	SRR5176763	21.156065754243546
MORN3	SRR5176764	2.001440076213531
MORN3	SRR5176765	33.05449758604199
MORN3	SRR5176766	18.050550629291482
MORN3	SRR5176767	16.016087837638988
MORN3	SRR5176768	16.237863193206046
MORN3	SRR5176769	16.046132234396993
MORN3	SRR5176770	35.08042338448072
MORN3	SRR5176771	44.10616246568505
MORN3	SRR5176772	11.06818247551656
MORN3	SRR5176773	1.0074020636341914
MORN3	SRR5176774	9.054898138602484
MORN3	SRR5176775	21.19427021583246
MORN3	SRR5176776	14.113634469534523
MORN3	SRR5176777	4.039126376653749
MORN3	SRR5176778	21.117031227861265
MORN3	SRR5176779	30.151127085939915
MORN3	SRR5176780	82.2450844398672
MORN3	SRR5176781	37.22883735949948
MORN3	SRR5176782	21.168191306232444
MORN3	SRR5176783	26.235708972570382
MORN3	SRR5176784	14.05654137846204
MORN3	SRR5176785	71.12256388846507
MORN3	SRR5176786	30
MORN3	SRR5176787	28.20992810085195
MORN3	SRR5176788	9.238004974078624
MORN3	SRR5176789	7.097646833256904
MORN3	SRR5176790	1.0093226993929205
MORN3	SRR5176791	4.034696728713797
MORN3	SRR5176792	54
MORN3	SRR5176793	16.14214671949916
MORN3	SRR5176794	1.0044644481525995
MORN3	SRR5176795	42.1736162410141
MORN3	SRR5176796	1.0222382848481906
MORN3	SRR5176797	4.027624150654395
MORN3	SRR5176798	16.083377369441404
MORN3	SRR5176799	14
MORN3	SRR5176800	42.325680503720854
MORN3	SRR5176801	2.0337238324144606
MORN3	SRR5176802	1.0138345149480519
MORN3	SRR5176803	11.04430832489677
MORN3	SRR5176804	21.44365525611981
MORN3	SRR5176805	9.034350137390065
MORN3	SRR5176806	2.0586632064565697
MORN3	SRR5176807	28.01806849248156
MORN3	SRR5176808	33.01187849090488
MORN3	SRR5176809	21.03025248803654
MORN3	SRR5176810	7
MORN3	SRR5176811	111
MORN3	SRR5176812	47.05077182319786
MORN3	SRR5176813	44.04753106852566
MORN3	SRR5176814	73
MORN3	SRR5176815	1.013767067239064
MORN3	SRR5176816	7.098168431017152
MORN3	SRR5176817	7.0360508660514185
MORN3	SRR5176818	52.12727171725653
MORN3	SRR5176819	1.052525107799273
MORN3	SRR5176820	14.30887219069439
MORN3	SRR5176821	7.062737348549245
MORN3	SRR5176822	7.201828311567862
MORN3	SRR5176823	33.12309896283205
MORN3	SRR5176824	7.039061887953056
MORN3	SRR5176825	23.024845785820233
MORN3	SRR5176826	4.0322407854343565
MORN3	SRR5176827	14.052384022149539
MORN3	SRR5176828	7.027553589341655
MORN3	SRR5176829	21.055830439599553
MORN3	SRR5176830	52.01871762203193
MORN3	SRR5176831	7.035573295848459
MORN3	SRR5176832	26.2553721238673
MORN3	SRR5176833	23.130638428319738
MORN3	SRR5176834	52.19769291232721
MORN3	SRR5176835	4.013944668344389
MORN3	SRR5176836	52.042919779461265
MORN3	SRR5176837	1.0508653132871792
MORN3	SRR5176838	14.345221141545835
MORN3	SRR5176839	2.080501556171914
MORN3	SRR5176840	28.013027241712216
MORN3	SRR5176841	11.148480478579089
MORN3	SRR5176842	14.085916256492224
MORN3	SRR5176843	18.137089739238824
MORN3	SRR5176844	14.040365705097368
MORN3	SRR5176845	72.02296214784621
MORN3	SRR5176846	66.2926265100112
MORN3	SRR5176847	14.277370630877277
MORN3	SRR5176848	23.19361971050862
MORN3	SRR5176849	18.34607140525555
MORN3	SRR5176850	1.0134815678813656
MORN3	SRR5176851	18.018819886336114
MORN3	SRR5176852	28.61430189631487
MORN3	SRR5176853	68.16643224564315
MORN3	SRR5176854	16.742501317126216
MORN3	SRR5176855	4.009068656324914
MORN3	SRR5176856	18.283821233215626
MORN3	SRR5176857	23.079720717050897
MORN3	SRR5176858	1.0068447579623179
MORN3	SRR5176859	14.024596352401089
MORN3	SRR5176860	68
MORN3	SRR5176861	14.026691329701277
MORN3	SRR5176862	40.23082922219748
MORN3	SRR5176863	18.04405559443495
MORN3	SRR5176864	18.086459616715548
MORN3	SRR5176865	35.06672832425319
MORN3	SRR5176866	40
MORN3	SRR5176867	2.008410953690105
MORN3	SRR5176868	1.0345942081893522
MORN3	SRR5176869	16.039160528386624
MORN3	SRR5176870	14.062932271418282
MORN3	SRR5176871	14.047439843957383
MORN3	SRR5176872	1.0190046497146266
MORN3	SRR5861974	8.104346942073859
MORN3	SRR5861975	1.0090231573303534
MORN3	SRR5861976	10.399586289520686
MORN3	SRR5861977	12
MORN3	SRR5861978	8.038608075356954
MORN3	SRR5861979	28.260736085149585
MORN3	SRR5861980	58
MORN3	SRR5861981	21.415413434923025
MORN3	SRR5861982	1.2333293129099616
MORN3	SRR5861983	46.07455748361208
MORN3	SRR5861984	15.120218542216646
MORN3	SRR5861985	1.016870477919848
MORN3	SRR5861986	5.009906762751034
MORN3	SRR5861987	8.10033447570218
MORN3	SRR5861988	15.255966211619649
MORN3	SRR5861989	1.0123248275356085
MORN3	SRR5861990	5.014923670314874
MORN3	SRR5861991	24
MORN3	SRR5861992	53
MORN3	SRR5861993	42.155156745654665
MORN3	SRR5861994	42
MORN3	SRR5861995	3.0260100641987187
MORN3	SRR5861996	58.23956794121246
MORN3	SRR5861997	3.0760176592120145
MORN3	SRR5861998	10.056997302128089
MORN3	SRR5861999	17.454624958869765
MORN3	SRR5862000	3.0010798628095343
MORN3	SRR5862001	71
MORN3	SRR5862002	46.049691571640466
MORN3	SRR5862003	21.050668449531504
MORN3	SRR5862004	40.22039846830364
MORN3	SRR5862005	8.041993393486074
MORN3	SRR5862006	8.029933726942595
MORN3	SRR5862007	21.176117415390312
MORN3	SRR5862008	3.0119512384265485
MORN3	SRR5862009	10.035304285329264
MORN3	SRR5862010	1.0512612155664167
MORN3	SRR5862011	1.0355123965079929
MORN3	SRR5862012	1.006981535073958
MORN3	SRR5862013	1.0206507030732106
MORN3	SRR5862014	17.08253358352554
MORN3	SRR5862015	33
MORN3	SRR5862016	37.154083688105196
MORN3	SRR5862017	5.04096020322299
MORN3	SRR5862018	8.031844066773903
MORN3	SRR5862019	21.16564070674103
MORN3	SRR5862020	15.05045600563812
MORN3	SRR5862021	46.27371235604338
MORN3	SRR5862022	17.081755960625856
MORN3	SRR5862023	15.112248094996987
MORN3	SRR5862024	30.080580528419453
MORN3	SRR5862025	8
MORN3	SRR5862026	12.092056475019904
MORN3	SRR5862027	51.027538979464815
MORN3	SRR5862028	1.1262536898298274
MORN3	SRR5862029	28.56686530309024
MORN3	SRR5862030	80.21867820251742
MORN3	SRR5862031	28.193369054580764
MORN3	SRR5862032	1.0733161679094974
MORN3	SRR5862033	69.10340402598216
MORN3	SRR5862034	1.2455161624992859
MORN3	SRR5862035	5.032892785313666
MORN3	SRR5862036	3.0520306176797263
MORN3	SRR5862037	3.1628893720417617
MORN3	SRR5862038	1.0790945062876685
MORN3	SRR5862039	10.017262519502122
MORN3	SRR5862040	35.22473225344677
MORN3	SRR5862041	30.160135636782712
MORN3	SRR5862042	1.0088120788256298
MORN3	SRR5862043	19
MORN3	SRR5862044	33.045071599737355
MORN3	SRR5862045	51.21222046686079
MORN3	SRR5862046	8.062278537167403
MORN3	SRR5862047	26.22631896253253
MORN3	SRR5862048	1.2470733792685733
MORN3	SRR5862049	12.185183041218764
MORN3	SRR5862050	30.098248006324276
MORN3	SRR5862051	8.037381536896303
MORN3	SRR5862052	1.0034554838462202
MORN3	SRR5862053	37.097233573779185
MORN3	SRR5862054	8.20812799605405
MORN3	SRR5862055	10.22637922005436
MORN3	SRR5862056	5.163244335016862
MORN3	SRR5862057	5.038279902708719
MORN3	SRR5862058	28.063480594274395
MORN3	SRR5862059	12.331443969265742
MORN3	SRR5862060	17.15441350656268
MORN3	SRR5862061	33.117516764126215
MORN3	SRR5862062	28.015119439706172
MORN3	SRR5862063	1.0119474539360775
MORN3	SRR5862064	15.029057391397675
MORN3	SRR5862065	17.04281116405308
MORN3	SRR5862066	1.0090241825684263
MORN3	SRR5862067	3.702089317441633
MORN3	SRR5862068	24.11328590554446
MORN3	SRR5862069	10.021269302544924
MORN3	SRR5862070	69.91600106569656
MORN3	SRR5862071	1.2517458229536382
MORN3	SRR5862072	1.2634612941586179
MORN3	SRR5862073	53.09853244695757
MORN3	SRR5862074	21.105590948861703
MORN3	SRR5862075	15.101747805525227
MORN3	SRR5862076	1.240670619317905
MORN3	SRR5862077	15.058861184160826
MORN3	SRR5862078	3.23231739008399
MORN3	SRR5862079	5.0505133279494965
MORN3	SRR5862080	5.091631105855169
MORN3	SRR5862081	15.025893779253185
MORN3	SRR5862082	21.07879941694051
MORN3	SRR5862083	108
MORN3	SRR5862084	42.28631080782767
MORN3	SRR5862085	46
MORN3	SRR5862086	15.371029237089534
MORN3	SRR5862087	12.141043505224285
MORN3	SRR5862088	8.973770523841024
MORN3	SRR5862089	21.257314427209245
MORN3	SRR5862090	28.047865121350398
MORN3	SRR5862091	15.207015573410805
MORN3	SRR5862092	15.30786322986955
MORN3	SRR5862093	33.00593871108442
MORN3	SRR5862094	1.004945674737599
MORN3	SRR5862095	1.0873315399586785
MORN3	SRR5862096	35.07565845203805
MORN3	SRR5862097	40.20996696743037
MORN3	SRR5862098	126.85645373755368
MORN3	SRR5862099	15.33566343483416
MORN3	SRR5862100	35.09197770492626
MORN3	SRR5862101	1.0581490093852495
MORN3	SRR5862102	12.069385611984965
MORN3	SRR5862103	5.116517813932332
MORN3	SRR5862104	8.033069760193163
MORN3	SRR5862105	1.0110064761067548
MORN3	SRR5862106	65.27644556438
MORN3	SRR5862107	30
MORN3	SRR5862108	40.2739084008191
MORN3	SRR5862109	12.02161280983744
MORN3	SRR5862110	8.063277088255413
MORN3	SRR5862111	3.043644035277427
MORN3	SRR5862112	12.044532297769473
MORN3	SRR5862113	12.104090186141391
MORN3	SRR5862114	30.139268007611015
MORN3	SRR5862115	21.138704775942514
MORN3	SRR5862116	12.305828446169283
MORN3	SRR5862117	5.016290621331719
MORN3	SRR5862118	26.214873954572735
MORN3	SRR5862119	33.13438639114543
MORN3	SRR5862120	17.015302186666712
MORN3	SRR5862121	28.040336650715386
MORN3	SRR5862122	46.09381232090863
MORN3	SRR5862123	19.04307611754334
MORN3	SRR5862124	24.076064002751394
MORN3	SRR5862125	33
MORN3	SRR5862126	24.02160308705889
MORN3	SRR5862127	17.063087421840088
MORN3	SRR5862128	3.0110826246896187
MORN3	SRR5862129	1.0783123695394767
MORN3	SRR5862130	1.0061676406940727
MORN3	SRR5862131	44.09975521957405
MORN3	SRR5862132	44.039605659607965
MORN3	SRR5862133	46.04140591686287
MORN3	SRR5862134	51.009178008039555
MORN3	SRR5862135	1.0124958537165647
MORN3	SRR5862136	28.01007871955565
MORN3	SRR5862137	5.010808350291151
MORN3	SRR5862138	35.061821906403495
MORN3	SRR5862139	21.027754441639736
MORN3	SRR5862140	12.03893108115694
MORN3	SRR5862141	51.2184695317603
MORN3	SRR5862142	19.051034334665655
MORN3	SRR5862143	49.01763775922239
MORN3	SRR5862144	12.066963236490952
MORN3	SRR5862145	15.049124003162138
MORN3	SRR5862146	17.227347775489267
MORN3	SRR5862147	5.03581228676478
MORN3	SRR5862148	62
MORN3	SRR5862149	8.045488988756006
MORN3	SRR5862150	49.1177626476226
MORN3	SRR5862151	19.228884956061275
MORN3	SRR5862152	5.119423491058217
MORN3	SRR5862153	1.0203447653969262
MORN3	SRR5862154	78
MORN3	SRR5862155	21.130458619254952
MORN3	SRR5862156	3.0758167958874134
MORN3	SRR5862157	12.30939164044289
MORN3	SRR5862158	15.008099699842592
MORN3	SRR5862159	15.087545276633326
MORN3	SRR5862160	1.0378044312625647
MORN3	SRR5862161	17.04623848776647
MORN3	SRR5862162	35.11403434932203
MORN3	SRR5862163	51.17240778257947
MORN3	SRR5862164	1.0500323204142936
MORN3	SRR5862165	15.064415390591764
MORN3	SRR5862166	1.0042530086827692
MORN3	SRR5862167	19.039649724244526
MORN3	SRR5862168	21.034680282026724
MORN3	SRR5862169	26.09443104904056
MORN3	SRR5862170	26.281958574957052
MORN3	SRR5862171	46.07737522358416
MORN3	SRR5862172	49.0845863455604
MORN3	SRR5862173	10.247845088007479
MORN3	SRR5862174	17.47815665921587
MORN3	SRR5862175	8.038608075356954
MORN3	SRR5862176	1.0171349305854593
MORN3	SRR5862177	21.669233947872435
MORN3	SRR5862178	8.228281139317783
MORN3	SRR5862179	3.016806608131657
MORN3	SRR5862180	11.63410651901285
MORN3	SRR5862181	15.313300758703054
MORN3	SRR5862182	10.091326280382285
MORN3	SRR5862183	19.09280017893042
MORN3	SRR5862184	3.0801710076458173
MORN3	SRR5862185	53
MORN3	SRR5862186	12.086980239237715
MORN3	SRR5862187	21.155552093959898
MORN3	SRR5862188	3.116589776666632
MORN3	SRR5862189	17.137697576214165
MORN3	SRR5862190	33.04361412257673
MORN3	SRR5862191	12.138132554183562
MORN3	SRR5862192	17.760798346589368
MORN3	SRR5862193	15.053416710966461
MORN3	SRR5862194	10.051877008321608
MORN3	SRR5862195	8.050143844463266
MORN3	SRR5862196	40
MORN3	SRR5862197	12
MORN3	SRR5862198	3.3018790792170045
MORN3	SRR5862199	15.036712995362459
MORN3	SRR5862200	51.107990918056444
MORN3	SRR5862201	51.07228933728511
MORN3	SRR5862202	1.0211835799356648
MORN3	SRR5862203	10.33482189187862
MORN3	SRR5862204	35
MORN3	SRR5862205	21
MORN3	SRR5862206	12.213290863498738
MORN3	SRR5862207	10.052627748922788
MORN3	SRR5862208	8.151418969087523
MORN3	SRR5862209	5.055632906160938
MORN3	SRR5862210	17
MORN3	SRR5862211	1.0321768293944853
MORN3	SRR5862212	5.0439046859824845
MORN3	SRR5862213	1.0045749698980364
MORN3	SRR5862214	8.02158974324879
MORN3	SRR5862215	17.040335376556573
MORN3	SRR5862216	33.117516764126215
MORN3	SRR5862217	1.0064377837965335
MORN3	SRR5862218	21.018902701176525
MORN3	SRR5862219	15.344183725613865
MORN3	SRR5862220	19.084824514899392
MORN3	SRR5862221	67
MORN3	SRR5862222	35.113073917813765
MORN3	SRR5862223	8.343873138642401
MORN3	SRR5862224	17.12996460085766
MORN3	SRR5862225	17.044605200650782
MORN3	SRR5862226	17.018364276475822
MORN3	SRR5862227	15
MORN3	SRR5862228	5.044484743841436
MORN3	SRR5862229	17.099217980184438
MORN3	SRR5862230	15.078484977460903
MORN3	SRR5862231	8.016315186244979
MORN3	SRR5862232	30.44503104215529
MORN3	SRR5862233	53.14487430916779
MORN3	SRR5862234	1.0057748425146649
MORN3	SRR5862235	19.01710244392162
MORN3	SRR5862236	30.063524069444966
MORN3	SRR5862237	12.36835480575426
MORN3	SRR5862238	115.09491874303934
MORN3	SRR5862239	8.061150490462897
MORN3	SRR5862240	15.040542259594673
MORN3	SRR5862241	19.1167867196255
MORN3	SRR5862242	19.12984766954087
MORN3	SRR5862243	15.082627114816534
MORN3	SRR5862244	19.267194562052186
MORN3	SRR5862245	19.34031514441728
MORN3	SRR5862246	17.03202616598299
MORN3	SRR5862247	37.20255379760697
MORN3	SRR5862248	17.012240647815016
MORN3	SRR5862249	5.0741224475708595
MORN3	SRR5862250	1.0105296734932572
MORN3	SRR5862251	21.2117492288258
MORN3	SRR5862252	12.030268829165307
MORN3	SRR5862253	24.18293317116734
MORN3	SRR5862254	8.055603599623883
MORN3	SRR5862255	46.35668411351664
MORN3	SRR5862256	1.0154304835599302
MORN3	SRR5862257	12.15999843420191
MORN3	SRR5862258	26.06637948561265
MORN3	SRR5862259	17.228046719749848
MORN3	SRR5862260	1.0641135195805316
MORN3	SRR5862261	1.0162121900968593
MORN3	SRR5862262	30.29050125054668
MORN3	SRR5862263	8.360181751651664
MORN3	SRR5862264	37.2092488042314
MORN3	SRR5862265	74.08773674900344
MORN3	SRR5862266	12.065122047770958
MORN3	SRR5862267	5.2743721105983665
MORN3	SRR5862268	21.101346197812003
MORN3	SRR5862269	30.116342143190018
MORN3	SRR5862270	67.14872165771887
MORN3	SRR5862271	24.140732734738137
MORN3	SRR5862272	3.0331381883500113
MORN3	SRR5862273	15.049726256307116
MORN3	SRR5862274	3.0136184045862837
MORN3	SRR5862275	1.0127963981370376
MORN3	SRR5862276	10.171325747477717
MORN3	SRR5862277	1.012407898752116
MORN3	SRR5949109	10.389537337447464
MORN3	SRR5949110	10.375766530110893
MORN3	SRR5949111	10.389475281430913
MORN3	SRR5949112	10.389672661881175
MORN3	SRR5949113	10.384843881178192
MORN3	SRR5949114	10.389672661881175
MORN3	SRR5949115	10.389537337447464
MORN3	SRR5949116	10.388960783441341
MORN3	SRR5949117	10.389672661881175
MORN3	SRR5949118	10.388593493889008
MORN3	SRR5949119	10.389659730802244
MORN3	SRR5949120	10.388351534522513
MORN3	SRR5949121	10.388351534522513
MORN3	SRR5949122	10.387973813209166
MORN3	SRR5949123	10.387077938074757
MORN3	SRR5949124	10.382673234263196
MORN3	SRR5949125	10.384843881178192
MORN3	SRR5949126	10.387973813209166
MORN3	SRR5949127	10.388351534522513
MORN3	SRR5949128	10.388351534522513
MORN3	SRR5949129	10.389659730802244
MORN3	SRR5949130	10.389475281430913
MORN3	SRR5949131	10.387309477355224
MORN3	SRR5949132	10.389537337447464
MORN3	SRR5949133	10.388187333769158
MORN3	SRR5949134	10.389672661881175
MORN3	SRR5949135	10.38892024024546
MORN3	SRR5949136	10.389616654256763
MORN3	SRR5949137	10.38355666226655
MORN3	SRR5949138	10.387149306439564
MORN3	SRR5949139	10.388108200478973
MORN3	SRR5949140	10.389475281430913
MORN3	SRR5949141	10.389659730802244
MORN3	SRR5949142	10.389475281430913
MORN3	SRR5949143	10.389672661881175
MORN3	SRR5949144	10.388187333769158
MORN3	SRR5949145	10.388593493889008
MORN3	SRR5949146	10.388487364660769
MORN3	SRR5949147	10.388487364660769
MORN3	SRR5949148	10.381884025815491
MORN3	SRR5949149	10.388593493889008
MORN3	SRR5949150	10.389659730802244
MORN3	SRR5949151	10.38675929334731
MORN3	SRR5949152	10.369478151252322
MORN3	SRR5949153	10.387916798068382
MORN3	SRR5949154	10.379271097023603
MORN3	SRR5949155	10.388593493889008
MORN3	SRR5949156	10.389659730802244
MORN3	SRR5949157	10.389537337447464
MORN3	SRR5949158	10.389672661881175
MORN3	SRR5949159	10.380338764785577
MORN3	SRR5949160	10.389537337447464
MORN3	SRR5949161	10.389475281430913
MORN3	SRR5949162	10.389537337447464
MORN3	SRR5949163	10.389659730802244
MORN3	SRR5949164	10.389672661881175
MORN3	SRR5949165	10.388960783441341
MORN3	SRR5949166	10.389659730802244
MORN3	SRR5949167	10.388593493889008
MORN3	SRR5949168	10.38892024024546
MORN3	SRR5949169	10.346750785942346
MORN3	SRR5949170	10.389672661881175
MORN3	SRR5949171	10.387224041168794
MORN3	SRR5949172	10.387181355114976
MORN3	SRR5949173	10.389537337447464
MORN3	SRR5949174	10.38892024024546
MORN3	SRR5949175	10.389672661881175
MORN3	SRR5949176	10.388351534522513
MORN3	SRR5949177	10.381034868291513
MORN3	SRR5949178	10.387916798068382
MORN3	SRR5949179	10.389475281430913
MORN3	SRR5949180	10.389672661881175
MORN3	SRR5949181	10.389616654256763
MORN3	SRR5949182	10.388187333769158
MORN3	SRR5949183	10.389659730802244
MORN3	SRR5949184	10.388960783441341
MORN3	SRR5949185	10.387181355114976
MORN3	SRR5949186	10.384166437019044
MORN3	SRR5949187	10.389475281430913
MORN3	SRR5949188	10.38892024024546
MORN3	SRR5949189	10.388351534522513
MORN3	SRR5949190	10.388593493889008
MORN3	SRR5949191	10.387224041168794
MORN3	SRR5949192	10.389616654256763
MORN3	SRR5949193	10.389659730802244
MORN3	SRR5949194	10.389537337447464
MORN3	SRR5949195	10.388960783441341
MORN3	SRR5949196	10.387309477355224
MORN3	SRR5949197	10.385888148749997
MORN3	SRR5949198	10.382976917543512
MORN3	SRR5949199	10.387973813209166
MORN3	SRR5949200	10.389659730802244
MORN3	SRR5949201	10.38892024024546
MORN3	SRR5949202	10.389475281430913
MORN3	SRR5949203	10.389537337447464
MORN3	SRR5949204	10.389672661881175
MORN3	SRR5949205	10.389672661881175
MORN3	SRR5949206	10.388960783441341
MORN3	SRR5949207	10.389537337447464
MORN3	SRR5949208	10.388593493889008
MORN3	SRR5949209	10.389537337447464
MORN3	SRR5949210	10.38892024024546
MORN3	SRR5949211	10.385888148749997
MORN3	SRR5949212	10.38892024024546
MORN3	SRR5949213	10.387973813209166
MORN3	SRR5949214	10.38675929334731
MORN3	SRR5949215	10.388351534522513
MORN3	SRR5949216	10.389475281430913
MORN3	SRR5949217	10.389475281430913
MORN3	SRR5949218	10.388187333769158
MORN3	SRR5949219	10.388351534522513
MORN3	SRR5949220	10.387181355114976
MORN3	SRR5949221	10.38675929334731
MORN3	SRR5949222	10.388351534522513
MORN3	SRR5949223	10.381034868291513
MORN3	SRR5949224	10.388593493889008
MORN3	SRR5949225	10.389616654256763
MORN3	SRR5949226	10.387181355114976
MORN3	SRR5949227	10.389616654256763
MORN3	SRR5949228	10.387181355114976
MORN3	SRR5949229	10.387149306439564
MORN3	SRR5949230	10.389616654256763
MORN3	SRR5949231	10.386258026720878
MORN3	SRR5949232	10.37866966197572
MORN3	SRR5949233	10.381213114598934
MORN3	SRR5949234	10.388487364660769
MORN3	SRR5949235	10.387181355114976
MORN3	SRR5949236	10.371914723004597
MORN3	SRR5949237	10.386258026720878
MORN3	SRR5949238	10.384166437019044
MORN3	SRR5949239	10.373686312976595
MORN3	SRR5949240	10.389659730802244
MORN3	SRR5949241	10.388593493889008
MORN3	SRR5949242	10.38892024024546
MORN3	SRR5949243	10.387916798068382
MORN3	SRR5949244	10.387973813209166
MORN3	SRR5949245	10.388108200478973
MORN3	SRR5949246	10.38892024024546
MORN3	SRR5949247	10.388487364660769
MORN3	SRR5949248	10.388960783441341
MORN3	SRR5949249	10.38892024024546
MORN3	SRR5949250	10.389672661881175
MORN3	SRR5949251	10.387181355114976
MORN3	SRR5949252	10.389537337447464
MORN3	SRR5949253	10.385581062297815
MORN3	SRR5949254	10.386895391519047
MORN3	SRR5949255	10.38892024024546
MORN3	SRR5949256	10.388108200478973
MORN3	SRR5949257	10.389659730802244
MORN3	SRR5949258	10.389659730802244
MORN3	SRR5949259	10.388187333769158
MORN3	SRR5949260	10.389672661881175
MORN3	SRR5949261	10.389672661881175
MORN3	SRR5949262	10.387973813209166
MORN3	SRR5949263	10.388960783441341
MORN3	SRR5949264	10.388351534522513
MORN3	SRR5949265	10.389537337447464
MORN3	SRR5949266	10.383864051722195
MORN3	SRR5949267	10.384001858688904
MORN3	SRR5949268	10.389616654256763
MORN3	SRR5949269	10.388351534522513
MORN3	SRR5949270	10.38892024024546
MORN3	SRR5949271	10.387077938074757
MORN3	SRR5949272	10.389672661881175
MORN3	SRR5949273	10.389672661881175
MORN3	SRR5949274	10.388960783441341
MORN3	SRR5949275	10.386895391519047
MORN3	SRR5949276	10.388960783441341
MORN3	SRR5949277	10.384001858688904
MORN3	SRR5949278	10.389475281430913
MORN3	SRR5949279	10.389475281430913
MORN3	SRR5949280	10.385455388638578
MORN3	SRR5949281	10.38892024024546
MORN3	SRR5949282	10.389672661881175
MORN3	SRR5949283	10.386389964526371
MORN3	SRR5949284	10.389672661881175
MORN3	SRR5949285	10.37860226568315
MORN3	SRR5949286	10.383864051722195
MORN3	SRR5949287	10.389672661881175
MORN3	SRR5949288	10.389475281430913
MORN3	SRR5949289	10.388108200478973
MORN3	SRR5949290	10.389672661881175
MORN3	SRR5949291	10.38892024024546
MORN3	SRR5949292	10.388487364660769
MORN3	SRR5949293	10.389672661881175
MORN3	SRR5949294	10.389659730802244
MORN3	SRR5949295	10.389475281430913
MORN3	SRR5949296	10.388960783441341
MORN3	SRR5949297	10.389537337447464
MORN3	SRR5949298	10.387224041168794
MORN3	SRR5949299	10.388487364660769
MORN3	SRR5949300	10.389659730802244
MORN3	SRR5949301	10.389659730802244
MORN3	SRR5949302	10.388108200478973
MORN3	SRR5949303	10.387309477355224
MORN3	SRR5949304	10.389537337447464
MORN3	SRR5949305	10.383887695684974
MORN3	SRR5949306	10.389537337447464
MORN3	SRR5949307	10.388487364660769
MORN3	SRR5949308	10.388960783441341
MORN3	SRR5949309	10.387077938074757
MORN3	SRR5949310	10.387077938074757
MORN3	SRR5949311	10.388487364660769
MORN3	SRR5949312	10.38613350456294
MORN3	SRR5949313	10.38892024024546
MORN3	SRR5949314	10.389659730802244
MORN3	SRR5949315	10.38892024024546
MORN3	SRR5949316	10.389475281430913
MORN3	SRR5949317	10.384599731660282
MORN3	SRR5949318	10.384049749401806
MORN3	SRR5949319	10.389537337447464
MORN3	SRR5949320	10.389672661881175
MORN3	SRR5949321	10.388960783441341
MORN3	SRR5949322	10.387181355114976
MORN3	SRR5949323	10.38892024024546
MORN3	SRR5949324	10.389672661881175
MORN3	SRR5949325	10.389475281430913
MORN3	SRR5949326	10.388593493889008
MORN3	SRR5949327	10.383525623305966
MORN3	SRR5949328	10.389537337447464
MORN3	SRR5949329	10.389616654256763
MORN3	SRR5949330	10.389475281430913
MORN3	SRR5949331	10.389616654256763
MORN3	SRR5949332	10.389672661881175
MORN3	SRR5949333	10.388187333769158
MORN3	SRR5949334	10.38613350456294
MORN3	SRR5949335	10.389659730802244
MORN3	SRR5949336	10.388960783441341
MORN3	SRR5949337	10.389616654256763
MORN3	SRR5949338	10.389475281430913
MORN3	SRR5949339	10.389475281430913
MORN3	SRR5949340	10.387309477355224
MORN3	SRR5949341	10.388187333769158
MORN3	SRR5949342	10.389537337447464
MORN3	SRR5949343	10.388351534522513
MORN3	SRR5949344	10.389537337447464
MORN3	SRR5949345	10.389616654256763
MORN3	SRR5949346	10.383363281608457
MORN3	SRR5949347	10.385847878368955
MORN3	SRR5949348	10.378999914286187
MORN3	SRR5949349	10.389475281430913
MORN3	SRR5949350	10.38892024024546
MORN3	SRR5949351	10.38892024024546
MORN3	SRR5949352	10.388960783441341
MORN3	SRR5949353	10.389475281430913
MORN3	SRR5949354	10.387063215886922
MORN3	SRR5949355	10.388487364660769
MORN3	SRR5949356	10.361714977358059
MORN3	SRR5949357	10.388487364660769
MORN3	SRR5949358	10.388593493889008
MORN3	SRR5949359	10.389475281430913
MORN3	SRR5949360	10.388187333769158
MORN3	SRR5949361	10.388108200478973
MORN3	SRR5949362	10.371935704709989
MORN3	SRR5949363	10.389616654256763
MORN3	SRR5949364	10.38720974669625
MORN3	SRR5949365	10.385581062297815
MORN3	SRR5949366	10.367335884718251
MORN3	SRR5949367	10.389672661881175
MORN3	SRR5949368	10.379643036717477
MORN3	SRR5949369	10.389659730802244
MORN3	SRR5949370	10.389537337447464
MORN3	SRR5949371	10.387149306439564
MORN3	SRR5949372	10.38892024024546
MORN3	SRR5949373	10.389659730802244
MORN3	SRR5949374	10.387224041168794
MORN3	SRR5949375	10.389659730802244
MORN3	SRR5949376	10.389672661881175
MORN3	SRR5949377	10.389475281430913
MORN3	SRR5949378	10.389672661881175
MORN3	SRR5949379	10.389475281430913
MORN3	SRR5949380	10.381953210791186
MORN3	SRR5949381	10.386895391519047
MORN3	SRR5949382	10.389475281430913
MORN3	SRR5949383	10.387973813209166
MORN3	SRR5949384	10.389659730802244
MORN3	SRR5949385	10.387916798068382
MORN3	SRR5949386	10.389672661881175
MORN3	SRR5949387	10.372982744525713
MORN3	SRR5949388	10.38687853940845
MORN3	SRR5949389	10.389672661881175
MORN3	SRR5949390	10.38892024024546
MORN3	SRR5949391	10.387149306439564
MORN3	SRR5949392	10.389672661881175
MORN3	SRR5949393	10.387149306439564
MORN3	SRR5949394	10.386389964526371
MORN3	SRR5949395	10.38892024024546
MORN3	SRR5949396	10.381034868291513
MORN3	SRR5949397	10.389659730802244
MORN3	SRR5949398	10.389616654256763
MORN3	SRR5949399	10.388593493889008
MORN3	SRR5949400	642.2466496915324
MORN3	SRR5949401	10.389672661881175
MORN3	SRR5949402	10.388960783441341
MORN3	SRR5949403	10.388351534522513
MORN3	SRR5949404	10.387149306439564
MORN3	SRR5949405	10.389475281430913
MORN3	SRR5949406	10.389659730802244
MORN3	SRR5949407	10.389475281430913
MORN3	SRR5949408	10.389475281430913
MORN3	SRR5949409	10.388960783441341
MORN3	SRR5949410	10.38892024024546
MORN3	SRR5949411	10.389672661881175
MORN3	SRR5949412	10.387973813209166
MORN3	SRR5949413	10.388960783441341
MORN3	SRR5949414	10.389475281430913
MORN3	SRR5949415	10.389537337447464
MORN3	SRR5949416	10.388487364660769
MORN3	SRR5949417	10.388187333769158
MORN3	SRR5949418	10.389475281430913
MORN3	SRR5949419	10.389537337447464
MORN3	SRR5949420	10.388351534522513
MORN3	SRR5949421	10.388187333769158
MORN3	SRR5949422	10.388487364660769
MORN3	SRR5949423	10.388487364660769
MORN3	SRR5949424	10.389672661881175
MORN3	SRR5949425	10.388487364660769
MORN3	SRR5949426	10.389616654256763
MORN3	SRR5949427	10.388487364660769
MORN3	SRR5949428	10.389672661881175
MORN3	SRR5949429	10.38613350456294
MORN3	SRR5949430	10.38892024024546
MORN3	SRR5949431	10.38892024024546
MORN3	SRR5949432	10.38892024024546
MORN3	SRR5949433	10.388593493889008
MORN3	SRR5949434	10.388593493889008
MORN3	SRR5949435	10.386895391519047
MORN3	SRR5949436	10.389537337447464
MORN3	SRR5949437	10.38675929334731
MORN3	SRR5949438	10.385455388638578
MORN3	SRR5949439	10.389659730802244
MORN3	SRR5949440	10.389616654256763
MORN3	SRR5949441	10.389616654256763
MORN3	SRR5949442	10.387309477355224
MORN3	SRR5949443	10.387181355114976
MORN3	SRR5949444	10.38687853940845
MORN3	SRR5949445	10.389672661881175
MORN3	SRR5949446	10.389537337447464
MORN3	SRR5949447	10.388487364660769
MORN3	SRR5949448	10.389672661881175
MORN3	SRR5949449	10.389672661881175
MORN3	SRR5949450	10.38892024024546
MORN3	SRR5949451	10.388187333769158
MORN3	SRR5949452	10.38892024024546
MORN3	SRR5949453	10.388593493889008
MORN3	SRR5949454	10.389475281430913
MORN3	SRR5949455	10.388487364660769
MORN3	SRR5949456	10.389659730802244
MORN3	SRR5949457	10.389616654256763
MORN3	SRR5949458	10.389659730802244
MORN3	SRR5949459	10.388960783441341
MORN3	SRR5949460	10.387149306439564
MORN3	SRR5949461	10.383887695684974
MORN3	SRR5949462	10.389537337447464
MORN3	SRR5949463	10.387077938074757
MORN3	SRR5949464	10.386389964526371
MORN3	SRR5949465	10.381884025815491
MORN3	SRR5949466	10.38892024024546
MORN3	SRR5949467	10.382673234263196
MORN3	SRR5949468	10.389537337447464
MORN3	SRR5949469	10.389616654256763
MORN3	SRR5949470	10.389475281430913
MORN3	SRR5949471	10.388351534522513
MORN3	SRR5949472	10.388960783441341
MORN3	SRR5949473	10.388960783441341
MORN3	SRR5949474	10.388593493889008
MORN3	SRR5949475	10.389672661881175
MORN3	SRR5949476	10.389475281430913
MORN3	SRR5949477	10.389616654256763
MORN3	SRR5949478	10.388960783441341
MORN3	SRR5949479	10.384599731660282
MORN3	SRR5949480	10.388351534522513
MORN3	SRR5949481	10.389616654256763
MORN3	SRR5949482	10.387916798068382
MORN3	SRR5949483	10.384843881178192
MORN3	SRR5949484	10.389537337447464
MORN3	SRR5949485	10.386895391519047
MORN3	SRR5949486	10.388593493889008
MORN3	SRR5949487	10.388351534522513
MORN3	SRR5949488	10.385888148749997
MORN3	SRR5949489	10.38720974669625
MORN3	SRR5949490	10.387224041168794
MORN3	SRR5949491	10.388593493889008
MORN3	SRR5949492	10.387224041168794
MORN3	SRR5949493	10.388187333769158
MORN3	SRR5949494	10.389672661881175
MORN3	SRR5949495	10.386389964526371
MORN3	SRR5949496	10.388187333769158
MORN3	SRR5949497	10.388351534522513
MORN3	SRR5949498	10.38892024024546
MORN3	SRR5949499	10.389537337447464
MORN3	SRR5949500	10.385373860003513
MORN3	SRR5949501	10.386913010265825
MORN3	SRR5949502	10.384843881178192
MORN3	SRR5949503	10.387224041168794
MORN3	SRR5949504	10.389475281430913
MORN3	SRR5949505	10.389475281430913
MORN3	SRR5949506	10.389475281430913
MORN3	SRR5949507	10.389616654256763
MORN3	SRR5949508	10.388187333769158
MORN3	SRR5949509	10.389537337447464
MORN3	SRR5949510	10.389475281430913
MORN3	SRR5949511	10.38285487481756
MORN3	SRR5949512	10.388960783441341
MORN3	SRR5949513	10.389672661881175
MORN3	SRR5949514	10.387973813209166
MORN3	SRR5949515	10.389537337447464
MORN3	SRR5949516	10.38892024024546
MORN3	SRR5949517	10.389475281430913
MORN3	SRR5949518	10.384843881178192
MORN3	SRR5949519	10.387149306439564
MORN3	SRR5949520	10.389616654256763
MORN3	SRR5949521	10.383887695684974
MORN3	SRR5949522	10.388960783441341
MORN3	SRR5949523	10.389616654256763
MORN3	SRR5949524	10.388593493889008
MORN3	SRR5949525	10.387916798068382
MORN3	SRR5949526	10.383363281608457
MORN3	SRR5949527	10.387224041168794
MORN3	SRR5949528	10.377282184723104
MORN3	SRR5949529	10.386913010265825
MORN3	SRR5949530	10.388351534522513
MORN3	SRR5949531	10.388108200478973
MORN3	SRR5949532	10.389616654256763
MORN3	SRR5949533	10.389672661881175
MORN3	SRR5949534	10.387309477355224
MORN3	SRR5949535	10.389475281430913
MORN3	SRR5949536	10.38892024024546
MORN3	SRR5949537	10.389537337447464
MORN3	SRR5949538	10.389672661881175
MORN3	SRR5949539	10.388187333769158
MORN3	SRR5949540	10.387063215886922
MORN3	SRR5949541	10.388351534522513
MORN3	SRR5949542	10.387063215886922
MORN3	SRR5949543	10.388593493889008
MORN3	SRR5949544	10.387149306439564
MORN3	SRR5949545	10.385455388638578
MORN3	SRR5949546	10.387224041168794
MORN3	SRR5949547	10.389672661881175
MORN3	SRR5949548	10.388593493889008
MORN3	SRR5949549	10.385581062297815
MORN3	SRR5949550	10.38197068615987
MORN3	SRR5949551	10.388960783441341
MORN3	SRR5949552	10.386389964526371
MORN3	SRR5949553	10.389659730802244
MORN3	SRR5949554	10.389475281430913
MORN3	SRR5949555	10.306849335559011
MORN3	SRR5949556	10.386895391519047
MORN3	SRR5949557	10.388593493889008
MORN3	SRR5949558	10.386389964526371
MORN3	SRR5949559	10.389537337447464
MORN3	SRR5949560	10.389616654256763
MORN3	SRR5949561	10.383687831378792
MORN3	SRR5949562	10.386389964526371
MORN3	SRR5949563	10.388487364660769
MORN3	SRR5949564	10.38892024024546
MORN3	SRR5949565	10.389659730802244
MORN3	SRR5949566	10.389475281430913
MORN3	SRR5949567	10.373255859120096
MORN3	SRR5949568	10.387063215886922
MORN3	SRR5949569	10.38720974669625
MORN3	SRR5949570	10.388351534522513
MORN3	SRR5949571	10.385455388638578
MORN3	SRR5949572	10.388187333769158
MORN3	SRR5949573	10.387149306439564
MORN3	SRR5949574	10.388593493889008
MORN3	SRR5949575	10.388187333769158
MORN3	SRR5949576	10.387916798068382
MORN3	SRR5949577	10.389659730802244
MORN3	SRR5949578	10.38892024024546
MORN3	SRR5949579	10.389475281430913
MORN3	SRR5949580	10.389537337447464
MORN3	SRR5949581	10.389672661881175
MORN3	SRR5949582	10.387181355114976
MORN3	SRR5949583	10.389659730802244
MORN3	SRR5949584	10.382847290559013
MORN3	SRR5949585	10.388960783441341
MORN3	SRR5949586	10.389475281430913
MORN3	SRR5949587	10.388593493889008
MORN3	SRR5949588	10.377061129136774
MORN3	SRR5949589	10.389672661881175
MORN3	SRR5949590	10.387224041168794
MORN3	SRR5949591	10.389537337447464
MORN3	SRR5949592	10.388187333769158
MORN3	SRR5949593	10.389672661881175
MORN3	SRR5949594	10.388187333769158
MORN3	SRR5949595	10.388960783441341
MORN3	SRR5949596	10.388487364660769
MORN3	SRR5949597	10.384599731660282
MORN3	SRR5949598	10.388187333769158
MORN3	SRR5949599	10.38720974669625
MORN3	SRR5949600	10.38892024024546
MORN3	SRR5949601	10.388187333769158
MORN3	SRR5949602	10.389672661881175
MORN3	SRR5949603	10.38892024024546
MORN3	SRR5949604	10.389475281430913
MORN3	SRR5949605	10.388187333769158
MORN3	SRR5949606	10.386258026720878
MORN3	SRR5949607	10.389616654256763
MORN3	SRR5949608	10.383864051722195
MORN3	SRR5950246	10.383363281608457
MORN3	SRR5950247	10.386389964526371
MORN3	SRR5950248	10.38892024024546
MORN3	SRR5950249	10.389672661881175
MORN3	SRR5950250	10.387149306439564
MORN3	SRR5950251	10.38892024024546
MORN3	SRR5950252	10.389659730802244
MORN3	SRR5950253	10.388960783441341
MORN3	SRR5950254	10.386258026720878
MORN3	SRR5950255	10.384001858688904
MORN3	SRR5950256	10.379615915315433
MORN3	SRR5950257	10.379643036717477
MORN3	SRR5950258	10.38892024024546
MORN3	SRR5950259	10.389616654256763
MORN3	SRR5950260	10.38892024024546
MORN3	SRR5950261	10.388960783441341
MORN3	SRR5950262	10.387973813209166
MORN3	SRR5950263	10.384599731660282
MORN3	SRR5950264	10.389616654256763
MORN3	SRR5950265	10.387077938074757
MORN3	SRR5950266	10.382583065157423
MORN3	SRR5950267	10.38892024024546
MORN3	SRR5950268	10.388187333769158
MORN3	SRR5950269	10.388187333769158
MORN3	SRR5950270	10.385847878368955
MORN3	SRR5950271	10.389672661881175
MORN3	SRR5950272	10.389672661881175
MORN3	SRR5950273	10.38892024024546
MORN3	SRR5950274	10.387309477355224
MORN3	SRR5950275	10.388187333769158
MORN3	SRR5950276	10.388960783441341
MORN3	SRR5950277	10.386913010265825
MORN3	SRR5950278	10.384166437019044
MORN3	SRR5950279	10.388487364660769
MORN3	SRR5950280	10.389475281430913
MORN3	SRR5950281	10.388187333769158
MORN3	SRR5950282	221.53819422015047
MORN3	SRR5950283	10.388960783441341
MORN3	SRR5950284	10.360205047952393
MORN3	SRR5950285	10.38675929334731
MORN3	SRR5950286	10.388593493889008
MORN3	SRR5950287	10.384049749401806
MORN3	SRR5950288	10.387063215886922
MORN3	SRR5950289	10.38355666226655
MORN3	SRR5950290	10.389537337447464
MORN3	SRR5950291	10.388960783441341
MORN3	SRR5950292	10.387973813209166
MORN3	SRR5950293	10.385581062297815
MORN3	SRR5950294	10.389672661881175
MORN3	SRR5950295	10.389616654256763
MORN3	SRR5950296	10.388593493889008
MORN3	SRR5950297	10.386258026720878
MORN3	SRR5950298	10.389537337447464
MORN3	SRR5950299	10.387181355114976
MORN3	SRR5950300	10.388593493889008
MORN3	SRR5950301	10.388960783441341
MORN3	SRR5950302	10.388351534522513
MORN3	SRR5950303	10.387309477355224
MORN3	SRR5950304	10.38613350456294
MORN3	SRR5950305	10.388351534522513
MORN3	SRR5950306	10.388487364660769
MORN3	SRR5950307	10.38720974669625
MORN3	SRR5950308	10.388108200478973
MORN3	SRR5950309	10.388187333769158
MORN3	SRR5950310	10.388593493889008
MORN3	SRR5950311	10.389537337447464
MORN3	SRR5950312	10.38892024024546
MORN3	SRR5950313	10.387973813209166
MORN3	SRR5950314	10.389537337447464
MORN3	SRR5950315	10.388960783441341
MORN3	SRR5950316	10.389616654256763
MORN3	SRR5950317	10.387181355114976
MORN3	SRR5950318	10.385888148749997
MORN3	SRR5950319	10.387224041168794
MORN3	SRR5950320	10.387077938074757
MORN3	SRR5950321	10.380338764785577
MORN3	SRR5950322	10.386913010265825
MORN3	SRR5950323	10.387916798068382
MORN3	SRR5950324	10.389537337447464
MORN3	SRR5950325	10.388108200478973
MORN3	SRR5950326	10.386895391519047
MORN3	SRR5950327	10.388960783441341
MORN3	SRR5950328	10.388960783441341
MORN3	SRR5950329	10.388593493889008
MORN3	SRR5950330	10.387224041168794
MORN3	SRR5950331	10.385581062297815
MORN3	SRR5950332	10.38675929334731
MORN3	SRR5950333	10.389537337447464
MORN3	SRR5950334	10.389475281430913
MORN3	SRR5950335	10.389475281430913
MORN3	SRR5950336	10.371935704709989
MORN3	SRR5950337	10.384166437019044
MORN3	SRR5950338	10.378568524938691
MORN3	SRR5950339	10.389672661881175
MORN3	SRR5950340	10.387149306439564
MORN3	SRR5950341	10.387916798068382
MORN3	SRR5950342	10.389616654256763
MORN3	SRR5950343	10.388108200478973
MORN3	SRR5950344	10.387077938074757
MORN3	SRR5950345	10.387916798068382
MORN3	SRR5950346	10.38892024024546
MORN3	SRR5950347	10.388351534522513
MORN3	SRR5950348	10.38720974669625
MORN3	SRR5950349	10.389659730802244
MORN3	SRR5950350	10.38892024024546
MORN3	SRR5950351	10.384599731660282
MORN3	SRR5950352	10.389616654256763
MORN3	SRR5950353	10.388487364660769
MORN3	SRR5950354	10.389616654256763
MORN3	SRR5950355	10.389659730802244
MORN3	SRR5950356	10.383525623305966
MORN3	SRR5950357	10.389616654256763
MORN3	SRR5950358	10.38720974669625
MORN3	SRR5950359	10.388108200478973
MORN3	SRR5950360	10.389616654256763
MORN3	SRR5950361	10.389616654256763
MORN3	SRR5950362	10.386913010265825
MORN3	SRR5950363	10.385888148749997
MORN3	SRR5950364	10.387224041168794
MORN3	SRR5950365	10.388960783441341
MORN3	SRR5950366	10.389537337447464
MORN3	SRR5950367	10.380604370856409
MORN3	SRR5950368	10.388487364660769
MORN3	SRR5950369	10.389672661881175
MORN3	SRR5950370	10.389672661881175
MORN3	SRR5950371	10.388960783441341
MORN3	SRR5950372	10.389475281430913
MORN3	SRR5950373	10.388593493889008
MORN3	SRR5950374	10.388487364660769
MORN3	SRR5950375	10.389537337447464
MORN3	SRR5950376	10.389659730802244
MORN3	SRR5950377	10.385847878368955
MORN3	SRR5950378	10.388593493889008
MORN3	SRR5950379	10.388487364660769
MORN3	SRR5950380	10.387916798068382
MORN3	SRR5950381	10.387916798068382
MORN3	SRR5950382	10.384001858688904
MORN3	SRR5950383	10.389659730802244
MORN3	SRR5950384	10.389537337447464
MORN3	SRR5950385	10.384049749401806
MORN3	SRR5950386	10.389475281430913
MORN3	SRR5950387	10.389659730802244
MORN3	SRR5950388	10.387149306439564
MORN3	SRR5950389	10.378999914286187
MORN3	SRR5950390	10.387916798068382
MORN3	SRR5950391	10.389672661881175
MORN3	SRR5950392	10.383887695684974
MORN3	SRR5950393	10.387181355114976
MORN3	SRR5950394	10.388187333769158
MORN3	SRR5950395	10.388487364660769
MORN3	SRR5950396	10.389672661881175
MORN3	SRR5950397	10.389659730802244
MORN3	SRR5950398	10.389659730802244
MORN3	SRR5950399	10.387973813209166
MORN3	SRR5950400	10.388108200478973
MORN3	SRR5950401	10.389537337447464
MORN3	SRR5950402	10.389537337447464
MORN3	SRR5950403	10.388960783441341
MORN3	SRR5950404	10.389475281430913
MORN3	SRR5950405	10.377061129136774
MORN3	SRR5950406	10.385373860003513
MORN3	SRR5950407	10.388960783441341
MORN3	SRR5950408	10.386389964526371
MORN3	SRR5950409	10.387149306439564
MORN3	SRR5950410	10.389672661881175
MORN3	SRR5950411	10.389616654256763
MORN3	SRR5950412	10.389475281430913
MORN3	SRR5950413	10.385455388638578
MORN3	SRR5950414	10.389475281430913
MORN3	SRR5950415	10.387973813209166
MORN3	SRR5950416	10.388187333769158
MORN3	SRR5950417	10.388108200478973
MORN3	SRR5950418	10.387077938074757
MORN3	SRR5950419	10.389616654256763
MORN3	SRR5950420	10.388351534522513
MORN3	SRR5950421	10.387181355114976
MORN3	SRR5950422	10.38687853940845
MORN3	SRR5950423	10.388593493889008
MORN3	SRR5950424	10.389537337447464
MORN3	SRR5950425	10.389616654256763
MORN3	SRR5950426	10.38720974669625
MORN3	SRR5950427	10.389475281430913
MORN3	SRR5950428	10.388593493889008
MORN3	SRR5950429	10.389616654256763
MORN3	SRR5950430	10.388187333769158
MORN3	SRR5950431	10.388351534522513
MORN3	SRR5950432	10.389475281430913
MORN3	SRR5950433	10.388960783441341
MORN3	SRR5950434	10.38720974669625
MORN3	SRR5950435	10.388593493889008
MORN3	SRR5950436	10.389616654256763
MORN3	SRR5950437	10.388351534522513
MORN3	SRR5950438	10.389537337447464
MORN3	SRR5950439	10.389659730802244
MORN3	SRR5950440	10.351677633574177
MORN3	SRR5950441	10.38675929334731
MORN3	SRR5950442	10.38892024024546
MORN3	SRR5950443	10.387309477355224
MORN3	SRR5950444	10.388960783441341
MORN3	SRR5950445	10.389475281430913
MORN3	SRR5950446	10.387916798068382
MORN3	SRR5950447	10.385847878368955
MORN3	SRR5950448	10.38892024024546
MORN3	SRR5950449	10.389475281430913
MORN3	SRR5950450	10.389616654256763
MORN3	SRR5950451	10.389672661881175
MORN3	SRR5950452	10.386895391519047
MORN3	SRR5950453	10.389537337447464
MORN3	SRR5950454	10.38687853940845
MORN3	SRR5950455	10.389537337447464
MORN3	SRR5950456	10.388593493889008
MORN3	SRR5950457	10.387916798068382
MORN3	SRR5950458	10.389672661881175
MORN3	SRR5950459	10.388351534522513
MORN3	SRR5950460	10.388351534522513
MORN3	SRR5950461	10.38892024024546
MORN3	SRR5950462	10.384843881178192
MORN3	SRR5950463	10.387309477355224
MORN3	SRR5950464	10.386913010265825
MORN3	SRR5950465	10.34638331531083
MORN3	SRR5950466	10.389475281430913
MORN3	SRR5950467	10.388487364660769
MORN3	SRR5950468	10.38892024024546
MORN3	SRR5950469	10.387916798068382
MORN3	SRR5950470	10.389616654256763
MORN3	SRR5963912	10.389672661881175
MORN3	SRR5963913	10.387063215886922
MORN3	SRR5963914	10.389672661881175
MORN3	SRR5963915	10.387077938074757
MORN3	SRR5963916	10.38487683093217
MORN3	SRR5963917	10.388187333769158
MORN3	SRR5963918	10.388351534522513
MORN3	SRR5963919	10.389475281430913
MORN3	SRR5963920	10.388487364660769
MORN3	SRR5963921	10.389537337447464
MORN3	SRR5963922	10.388108200478973
MORN3	SRR5963923	10.388351534522513
MORN3	SRR5963924	10.389475281430913
MORN3	SRR5963925	10.387063215886922
MORN3	SRR5963926	10.387063215886922
MORN3	SRR5963927	10.389616654256763
MORN3	SRR5963928	10.38675929334731
MORN3	SRR5963929	10.388960783441341
MORN3	SRR5963930	10.385455388638578
MORN3	SRR5963931	10.389659730802244
MORN3	SRR5963932	10.388593493889008
MORN3	SRR5963933	10.387973813209166
MORN3	SRR5963934	10.385888148749997
MORN3	SRR5963935	10.389672661881175
MORN3	SRR5963936	10.386913010265825
MORN3	SRR5963937	10.384049749401806
MORN3	SRR5963938	10.38892024024546
MORN3	SRR5963939	10.389475281430913
MORN3	SRR5963940	10.389475281430913
MORN3	SRR5963941	10.389672661881175
MORN3	SRR5963942	10.389672661881175
MORN3	SRR5963943	10.389537337447464
MORN3	SRR5963944	10.389672661881175
MORN3	SRR5963945	10.389659730802244
MORN3	SRR5963946	10.388960783441341
MORN3	SRR5963947	10.388960783441341
MORN3	SRR5963948	10.388960783441341
MORN3	SRR6467548	1.0098009573572508
MORN3	SRR6467549	1.0166962857042838
MORN3	SRR6467550	1.0094837492205468
MORN3	SRR6467551	1.0165120289381493
MORN3	SRR6467552	1.0165938972287623
MORN3	SRR6467553	1.0319322215162512
MORN3	SRR6467554	1.022575385288971
MORN3	SRR6467555	1.0144266845639887
MORN3	SRR6467556	1.011851581781421
MORN3	SRR6467557	1.011441792883926
MORN3	SRR6467558	1.0202923005984328
MORN3	SRR6467559	1.002192313736413
MORN3	SRR6467560	1.0102367475941127
MORN3	SRR6467561	7.052293888787706
MORN3	SRR6467562	1.0037998635777572
MORN3	SRR6467563	1.006198701649288
MORN3	SRR6467564	1.007316154609257
MORN3	SRR6467565	1.0097140318888853
MORN3	SRR6467566	1.0276080890484358
MORN3	SRR6467567	1.0110992213354526
MORN3	SRR6467568	16.065648271748355
MORN3	SRR6467569	1.0146718773316246
MORN3	SRR6467570	22.194998400965947
MORN3	SRR6467571	13.009360495387954
MORN3	SRR6467572	1.0061815486062775
MORN3	SRR6467573	3.0204890931811743
MORN3	SRR6467574	29
MORN3	SRR6467575	47.4491433061863
MORN3	SRR6467576	1.0047192251993753
MORN3	SRR6467577	1.0014405946684066
MORN3	SRR6467578	6.059175880667472
MORN3	SRR6467579	1.0106905274838194
MORN3	SRR6467580	12.380682379994184
MORN3	SRR6467581	50.73694923007495
MORN3	SRR6467582	8.473054219511553
MORN3	SRR6467583	24
MORN3	SRR6467584	1.0036667554019618
MORN3	SRR6467585	5.0863448797863
MORN3	SRR6467586	28.723694279626304
MORN3	SRR6467587	16.59250685584528
MORN3	SRR6467588	21.159264376913125
MORN3	SRR6467589	6
MORN3	SRR6467590	12.033700419527655
MORN3	SRR6467591	7.073970505819447
MORN3	SRR6467592	1.0077848171459254
MORN3	SRR6467593	32.14624590658953
MORN3	SRR6467594	8.820258924655809
MORN3	SRR6467595	10.021923137364132
MORN3	SRR6467596	9
MORN3	SRR6467597	20.38298553386332
MORN3	SRR6467598	44.71564090558163
MORN3	SRR6467599	1.0037804265166004
MORN3	SRR6467600	10.04823063289047
MORN3	SRR6467601	18.10038648174172
MORN3	SRR6467602	27.988613665322344
MORN3	SRR6467603	18
MORN3	SRR6467604	3.012770776223815
MORN3	SRR6467605	10.036053788169975
MORN3	SRR6467606	36
MORN3	SRR6467607	15
MORN3	SRR6467608	1.0026279344264644
MORN3	SRR6467609	10.001799609419521
MORN3	SRR6467610	1.0100482822048622
MORN3	SRR6467611	87.21112788588944
MORN3	SRR6467612	16.09288954679866
MORN3	SRR6467613	32
MORN3	SRR6467614	22
MORN3	SRR6467615	1.0128041618842896
MORN3	SRR6467616	22.217711072023157
MORN3	SRR6467617	13.08724236411977
MORN3	SRR6467618	18
MORN3	SRR6467619	14.221387084159883
MORN3	SRR6467620	16.04204695082343
MORN3	SRR6467621	1.0051232842269857
MORN3	SRR6467622	10.150684403228713
MORN3	SRR6467623	25.849662798670735
MORN3	SRR6467624	15.00269941412928
MORN3	SRR6467625	13
MORN3	SRR6467626	29
MORN3	SRR6467627	1.0100527075660375
MORN3	SRR6467628	33
MORN3	SRR6467629	6.1231896261922785
MORN3	SRR6467630	15.010800571601486
MORN3	SRR6467631	10.009001286274536
MORN3	SRR6467632	12.086319047317323
MORN3	SRR6467633	10
MORN3	SRR6467634	1.0040247915978133
MORN3	SRR6467635	11.198824836403958
MORN3	SRR6467636	1.0101079633214745
MORN3	SRR6467637	36
MORN3	SRR6467638	19
MORN3	SRR6467639	21.067200166699372
MORN3	SRR6467640	59.213589351421305
MORN3	SRR6467641	4.03723703729997
MORN3	SRR6467642	79.32004307826908
MORN3	SRR6467643	9.11264642274235
MORN3	SRR6467644	30
MORN3	SRR6467645	45.24516405067676
MORN3	SRR6467646	12
MORN3	SRR6467647	35.75077955584664
MORN3	SRR6467648	1.0058055966749162
MORN3	SRR6467649	1.0052958813429669
MORN3	SRR6467650	16.08759083139761
MORN3	SRR6467651	13.038237714175068
MORN3	SRR6467652	1.000179960941952
MORN3	SRR6467653	1.0099534202493201
MORN3	SRR6467654	26.09742430852575
MORN3	SRR6467655	1
MORN3	SRR6467656	25.703719003905658
MORN3	SRR6467657	7
MORN3	SRR6467658	32
MORN3	SRR6467659	46.72466893257946
MORN3	SRR6467660	1.0068477100204776
MORN3	SRR6467661	11.230687424040807
MORN3	SRR6467662	8.053878514487664
MORN3	SRR6467663	6.0168502097638275
MORN3	SRR6467664	17.378812619542092
MORN3	SRR6467665	9
MORN3	SRR6467666	6
MORN3	SRR6467667	54.580003653612266
MORN3	SRR6467668	9.404063476858456
MORN3	SRR6467669	22
MORN3	SRR6467670	19
MORN3	SRR6467671	44.99531195796324
MORN3	SRR6467672	6.053168285529638
MORN3	SRR6467673	3.0287899491184818
MORN3	SRR6467674	1.0063138266234677
MORN3	SRR6467675	1.0086549004496244
MORN3	SRR6467676	10.452392703459898
MORN3	SRR6467677	6
MORN3	SRR6467678	39
MORN3	SRR6467679	6
MORN3	SRR6467680	6.064376373994584
MORN3	SRR6467681	9
MORN3	SRR6467682	18.108201043170553
MORN3	SRR6467683	29.324774886637886
MORN3	SRR6467684	3.007833407966259
MORN3	SRR6467685	1.0141034233036246
MORN3	SRR6467686	1.0014712162978496
MORN3	SRR6467687	4.659876024063494
MORN3	SRR6467688	20.970292509089532
MORN3	SRR6467689	1.0099508789230731
MORN3	SRR6467690	21.115162318515907
MORN3	SRR6467691	16.0890147488838
MORN3	SRR6467692	35.03780880450905
MORN3	SRR6467693	37.6696137114316
MORN3	SRR6467694	3.022788356944873
MORN3	SRR6467695	27.123394983684914
MORN3	SRR6467696	22.272077802649545
MORN3	SRR6467697	1
MORN3	SRR6467698	16.075137038220248
MORN3	SRR6467699	1
MORN3	SRR6467700	23.25735632877736
MORN3	SRR6467701	18
MORN3	SRR6467702	1.0143385323766478
MORN3	SRR6467703	1.0123945241480405
MORN3	SRR6467704	26.073017575643252
MORN3	SRR6467705	1.0065322517366486
MORN3	SRR6467706	6.110690241422501
MORN3	SRR6467707	1
MORN3	SRR6467708	12.020715023402547
MORN3	SRR6467709	35
MORN3	SRR6467710	1.0009001286274537
MORN3	SRR6467711	3.0040974181579414
MORN3	SRR6467712	1.0112948620213962
MORN3	SRR6467713	46.773748018428144
MORN3	SRR6467714	1.0059866023975144
MORN3	SRR6467715	16
MORN3	SRR6467716	44
MORN3	SRR6467717	1.012284376852264
MORN3	SRR6467718	3.0462691722821114
MORN3	SRR6467719	16.058510750909168
MORN3	SRR6467720	33
MORN3	SRR6467721	1.001620814861132
MORN3	SRR6467722	22
MORN3	SRR6467723	13
MORN3	SRR6467724	27
MORN3	SRR6467725	35
MORN3	SRR6467726	43.0776835429373
MORN3	SRR6467727	19.044498380310877
MORN3	SRR6467728	30
MORN3	SRR6467729	1.0069368264130596
MORN3	SRR6467730	12.025738553190026
MORN3	SRR6467731	3.029686007680101
MORN3	SRR6467732	2.119264189321366
MORN3	SRR6467733	1.0017262519502124
MORN3	SRR6467734	11.89192082715285
MORN3	SRR6467735	9.074683525170874
MORN3	SRR6467736	1.0062109131444412
MORN3	SRR6467737	22.137041827493245
MORN3	SRR6467738	1.0003599542698447
MORN3	SRR6467739	21
MORN3	SRR6467740	1.0053993370958376
MORN3	SRR6467741	24.048287777153206
MORN3	SRR6467742	1
MORN3	SRR6467743	4
MORN3	SRR6467744	30
MORN3	SRR6467745	27.012561983079635
MORN3	SRR6467746	1.007980111823691
MORN3	SRR6467747	23.21308746570785
MORN3	SRR6467748	19.964311022319567
MORN3	SRR6467749	15
MORN3	SRR6467750	1.00237266920921
MORN3	SRR6467751	1.015116940806616
MORN3	SRR6467752	6.049559792053347
MORN3	SRR6467753	15.96585792127282
MORN3	SRR6467754	20.035390796068
MORN3	SRR6467755	24.1545918176483
MORN3	SRR6467756	1.0012604069024411
MORN3	SRR6467757	16
MORN3	SRR6467758	36
MORN3	SRR6467759	12.068194563707722
MORN3	SRR6467760	38.29384028396994
MORN3	SRR6467761	24.088738682448284
MORN3	SRR6467762	18.09031481247497
MORN3	SRR6467763	5.75261934656954
MORN3	SRR6467764	23.17480107640515
MORN3	SRR6467765	13.016385289731735
MORN3	SRR6467766	9.133789172226388
MORN3	SRR6467767	1.0068169239958968
MORN3	SRR6467768	1.012490620071433
MORN3	SRR6467769	1.017985195307651
MORN3	SRR6467770	10
MORN3	SRR6467771	10.033351959513617
MORN3	SRR6467772	1.0071624573529558
MORN3	SRR6467773	1.0039530476880079
MORN3	SRR6868540	12.176105275588924
MORN3	SRR6868541	6.164780822139169
MORN3	SRR6868542	1.0476955519171316
MORN3	SRR6868543	12.181035886911728
MORN3	SRR6868544	31.24301143848039
MORN3	SRR6868545	15.370614096980695
MORN3	SRR6868546	5.078358796321061
MORN3	SRR6868557	13.768412890262397
MORN3	SRR6868558	1.0490872194289762
MORN3	SRR6868559	4.130112601670175
MORN3	SRR6868560	21.20945439195542
MORN3	SRR6868569	1.0617761523220262
MORN3	SRR6868570	6.128498162891425
MORN3	SRR6868571	1.0443666123323176
MORN3	SRR6868572	19.223276421239625
MORN3	SRR6868573	5.204983418196442
MORN3	SRR6868574	12.146675111371195
MORN3	SRR6868575	13.335470777991908
MORN3	SRR6868576	32.50878864396878
MORN3	SRR6868577	13.418495844291446
MORN3	SRR6868578	19.29488117992424
MORN3	SRR6868579	1.0437286829000922
MORN3	SRR6868580	15.161290988049755
MORN3	SRR6868581	1.0339413032942724
MORN3	SRR6868582	15.492233072296267
MORN3	SRR6868585	12.264826825389152
MORN3	SRR6868586	1.059503875848675
MORN3	SRR6868587	1.059951714856934
MORN3	SRR6868588	70.50296634893907
MORN3	SRR6868589	12.132209839343709
MORN3	SRR6868590	1.032033906477247
MORN3	SRR6868591	43.56001647068942
MORN3	SRR6868604	1.075755471099352
MORN3	SRR6868605	4.127252283779503
MORN3	SRR6868606	2.081187755148801
MORN3	SRR6868607	1.0342544525714972
MORN3	SRR6868608	1.024176000194289
MORN3	SRR6868609	13.570558371402146
MORN3	SRR6868610	1.038926954961391
MORN3	SRR6868620	7.0789682579261175
MORN3	SRR6868621	12.261905969722033
MORN3	SRR6868622	33.79125569766143
MORN3	SRR6868623	2.1095260497781347
MORN3	SRR6868636	9.393480322077119
MORN3	SRR6868637	5.129268250983849
MORN3	SRR6868638	1.0461253585775165
MORN3	SRR6868639	34.365500712481975
MORN3	SRR6868650	1.039600004636465
MORN3	SRR6868651	22.636921880131563
MORN3	SRR6868652	1.0304077851358955
MORN3	SRR6868653	4.075192788978439
MORN3	SRR6868654	7.1052155707645275
MORN3	SRR6868655	6.209341946053219
MORN3	SRR6868665	1.0144233528894921
MORN3	SRR6868666	6.0614204855646765
MORN3	SRR6868667	28.321826472168393
MORN3	SRR6868668	40.29812222185221
MORN3	SRR6868669	25.19067322080254
MORN3	SRR6868670	12.212905303315251
MORN3	SRR6868671	21.30336585605175
MORN3	SRR6868683	20.253736533366812
MORN3	SRR6868684	40.62716545803998
MORN3	SRR6868685	1.0213121445813669
MORN3	SRR6868686	15.154185550527945
MORN3	SRR6868687	3.0836617600716445
MORN3	SRR6868688	12.321578732489852
MORN3	SRR6868689	13.18987682313101
MORN3	SRR6868698	27.491929677244947
MORN3	SRR6868699	55.38805682170813
MORN3	SRR6868700	42.67430888212384
MORN3	SRR6868701	41.42999216054406
MORN3	SRR6868702	33.25339849788634
MORN3	SRR6868713	12.12544149216897
MORN3	SRR6868714	9.165730599994127
MORN3	SRR6868715	12.099586202920396
MORN3	SRR6868716	55.36835319325813
MORN3	SRR6868717	6.061508422602847
MORN3	SRR6868718	28.10923992044793
MORN3	SRR6868719	70.11345704027926
MORN3	SRR6868720	24.121462819118218
MORN3	SRR6868721	26.29226852760602
MORN3	SRR6868722	35.586736691690035
MORN3	SRR6868723	40.77945206948443
MORN3	SRR6868724	46.44570621776869
MORN3	SRR6868725	68.28410468224621
MORN3	SRR6868726	128.30883626381106
MORN3	SRR6868741	8.115531664050891
MORN3	SRR7632756	56.46375145736004
MORN3	SRR7632757	1.0277880420258994
MORN3	SRR7632758	9.095939280449244
MORN3	SRR7632759	25.746408477006977
MORN3	SRR7632760	5.101555224749558
MORN3	SRR7632761	29.206528388163562
MORN3	SRR7632762	1.0487026522067118
MORN3	SRR7632763	33.5416281934448
MORN3	SRR7632764	30.073945904814895
MORN3	SRR7632765	21.055186622955755
MORN3	SRR7632766	25.780175072039793
MORN3	SRR7632767	37.08778876074078
MORN3	SRR7632768	25.40575234585017
MORN3	SRR7632769	45.51726518328267
MORN3	SRR7632770	9.074465119583273
MORN3	SRR7632771	13.33846222874336
MORN3	SRR7632772	37.7146173570565
MORN3	SRR7632773	9.048719109492394
MORN3	SRR7632774	1.0063445972645484
MORN3	SRR7632775	25.56344633030929
MORN3	SRR7632776	1.0379594824107194
MORN3	SRR7632777	5.120742245707373
MORN3	SRR7632778	33.137425992093824
MORN3	SRR7632779	5.1311015339334585
MORN3	SRR7632780	45.166996116635524
MORN3	SRR7632781	1.0615459002112622
MORN3	SRR7632782	5.0684509293229025
MORN3	SRR7632783	45.33104099453186
MORN3	SRR7632784	33.28774493186829
MORN3	SRR7632785	13.09357467281939
MORN3	SRR7632786	9.37464553151374
MORN3	SRR7632787	21.081756380597447
MORN3	SRR7632788	9.020404476731056
MORN3	SRR7632789	1.0182058416695656
MORN3	SRR7632790	29.285362661308255
MORN3	SRR7632791	1.0448790382400983
MORN3	SRR7632792	33.24276339599003
MORN3	SRR7632793	1.0121408038615827
MORN3	SRR7632794	29.201563048636572
MORN3	SRR7632795	5.0161372399962545
MORN3	SRR7632796	1.0172279399958117
MORN3	SRR7632797	1.150699232136202
MORN3	SRR7632798	1.0057304820763078
MORN3	SRR7632799	1.0307926732391595
MORN3	SRR7632800	9.135489686147016
MORN3	SRR7632801	25.13156937230697
MORN3	SRR7632802	1.0350311676136474
MORN3	SRR7632803	29.69692706123129
MORN3	SRR7632804	9.364688270821185
MORN3	SRR7632805	33.1021157190313
MORN3	SRR7632806	37.170736272126206
MORN3	SRR7632807	17.147783764824105
MORN3	SRR7632808	5.0411001083108316
MORN3	SRR7632809	9.43946546628698
MORN3	SRR7632810	9.037602090297291
MORN3	SRR7632811	5.034000276870721
MORN3	SRR7632812	13.093331316606333
MORN3	SRR7632813	13.080579289246844
MORN3	SRR7632814	33.116768693464046
MORN3	SRR7632815	29.22754703054139
MORN3	SRR7632816	1.0754074903933615
MORN3	SRR7632817	1.041674851534425
MORN3	SRR7632818	33.17908563137013
MORN3	SRR7632819	37.09055872189407
MORN3	SRR7632820	21.144500893822016
MORN3	SRR7632821	17.029346283153608
MORN3	SRR7632822	5.062663184298591
MORN3	SRR7632823	21.07729320365092
MORN3	SRR7632824	25.114254614523066
MORN3	SRR7632825	21.058975734173398
MORN3	SRR7632826	5.003226516514564
MORN3	SRR7632827	1.055040096796364
MORN3	SRR7632828	5.130702297905867
MORN3	SRR7632829	1.0144645279374256
MORN3	SRR7632830	1.0486021527253222
MORN3	SRR7632831	5.04633743296818
MORN3	SRR7632832	21.30701102160045
MORN3	SRR7632833	5.2584895991004
MORN3	SRR7632834	5.14652355669177
MORN3	SRR7632835	1.110030669431967
MORN3	SRR7632836	1.014927231447063
MORN3	SRR7632837	5.032138987671815
MORN3	SRR7632838	1.025209041964611
MORN3	SRR7632839	21.241369854126294
MORN3	SRR7632840	1.0307338553525334
MORN3	SRR7632841	1.1191732546509214
MORN3	SRR7632842	21.039684481183034
MORN3	SRR7632843	30.087996269634147
MORN3	SRR7632844	1.0397421924636505
MORN3	SRR7632845	5.025034194273861
MORN3	SRR7632846	1.049674009840069
MORN3	SRR7632847	33.77816484254336
MORN3	SRR7632848	5.045806278744746
MORN3	SRR7632849	5.056851961023351
MORN3	SRR7632850	1.0129099016527614
MORN3	SRR7632851	1.0101546064236944
MORN3	SRR7632852	37.046635055390325
MORN3	SRR7632853	17.086161119508496
MORN3	SRR7632854	5.033024946652979
MORN3	SRR7632855	92
MORN3	SRR7632856	9.05824677398813
MORN3	SRR7632857	5.368902224219501
MORN3	SRR7632858	1.0371716501108719
MORN3	SRR7632859	1.03970249147232
MORN3	SRR7632860	1.0755034509256032
MORN3	SRR7632861	1.0544086906801657
MORN3	SRR7632862	1.0352861076828388
MORN3	SRR7632863	1.1276773456759084
MORN3	SRR7632864	1.121531795981538
MORN3	SRR7632865	56.08067330143077
MORN3	SRR7632866	25.14199829165189
MORN3	SRR7632867	1.0103238937591081
MORN3	SRR7632868	1.02565491505434
MORN3	SRR7632869	29.708792644678844
MORN3	SRR7632870	41.15757415762107
MORN3	SRR7632871	17.86696327647915
MORN3	SRR7632872	1.032283347644643
MORN3	SRR7632873	13.054314130429422
MORN3	SRR7632874	1.0026585923618834
MORN3	SRR7632875	5.008257210006363
MORN3	SRR7632876	1.014147795755148
MORN3	SRR7632877	5.20567515731521
MORN3	SRR7632878	1.022117629031292
MORN3	SRR7632879	29.065747758355624
MORN3	SRR7632880	5.087785069908591
MORN3	SRR7632881	5.069194672723202
MORN3	SRR7632882	17.40769656680008
MORN3	SRR7632883	5.11293649242503
MORN3	SRR7632884	9.304513242389177
MORN3	SRR7632885	17.085297322893023
MORN3	SRR7632886	13.420341643210588
MORN3	SRR7632887	21.21275945456484
MORN3	SRR7632888	5.190609846102013
MORN3	SRR7632889	1.034226163866362
MORN3	SRR7632890	1.1021455850880635
MORN3	SRR7632891	1.0472249706717598
MORN3	SRR7632892	1.0058289958076159
MORN3	SRR7632893	13.497029597232563
MORN3	SRR7632894	1.04730409167774
MORN3	SRR7632895	17.197730591234727
MORN3	SRR7632896	1.022792885942668
MORN3	SRR7632897	1.0040894319687015
MORN3	SRR7632898	5.018735443947259
MORN3	SRR7632899	13.090221735493873
MORN3	SRR7632900	9.060246758159073
MORN3	SRR7632901	13.082735246914535
MORN3	SRR7632902	1.0438489006745157
MORN3	SRR7632903	29.128492910572422
MORN3	SRR7632904	5.263197035437755
MORN3	SRR7632905	1.0931788245138465
MORN3	SRR7632906	5.08238413117758
MORN3	SRR7632907	46.248760739132734
MORN3	SRR7632908	76.30685067238745
MORN3	SRR7632909	29.100209031540384
MORN3	SRR7632910	1.0381442455517274
MORN3	SRR7632911	41.5322590785437
MORN3	SRR7632912	48.751584851006356
MORN3	SRR7632913	1.0588628832226115
MORN3	SRR7632914	1.0312943611504022
MORN3	SRR7632915	9.404695042631358
MORN3	SRR7632916	29.578950788884224
MORN3	SRR7632917	5.262738606923643
MORN3	SRR7632918	1.0259071739140957
MORN3	SRR7632919	21.183040754008022
MORN3	SRR7632920	1.011609827571363
MORN3	SRR7632921	9.109656543593784
MORN3	SRR7632922	13.113141000006387
MORN3	SRR7632923	1.0104479848105985
MORN3	SRR7632924	1.029554096116037
MORN3	SRR7632925	9.316084866146806
MORN3	SRR7632926	1.0185058970869778
MORN3	SRR7632927	21.433055853693396
MORN3	SRR7632928	72.2395050975343
MORN3	SRR7632929	17.695048453453786
MORN3	SRR7632930	92.08281183372574
MORN3	SRR7632931	29.020881105096205
MORN3	SRR7632932	46.158936192328575
MORN3	SRR7632933	1.0212809727621546
MORN3	SRR7632934	68.30046010373559
MORN3	SRR7632935	13.131466075234735
MORN3	SRR7632936	5.1056300605218
MORN3	SRR7632937	5.072239141927359
MORN3	SRR7632938	9.240838626537274
MORN3	SRR7632939	1.0281771467044196
MORN3	SRR7632940	45.29370887578902
MORN3	SRR7632941	29.62564283620654
MORN3	SRR7632942	17.609902658409773
MORN3	SRR7632943	100
MORN3	SRR7632944	9.165844317301298
MORN3	SRR7632945	72
MORN3	SRR8928966	11.09731821272136
MORN3	SRR8928967	6.102169379774455
MORN3	SRR8928968	17.141305816028535
MORN3	SRR8928969	39.323786885839155
MORN3	SRR8928970	42.40319603576398
MORN3	SRR8928971	26.199924956485912
MORN3	SRR8928972	6.321354158682322
MORN3	SRR8928973	17.101415793822586
MORN3	SRR8928974	6.509787257309609
MORN3	SRR8928975	6.25336129412285
MORN3	SRR8928976	6.250929510596321
MORN3	SRR8928977	15.29198120702276
MORN3	SRR8928978	15.279239187746823
MORN3	SRR8928979	23.444560416041067
MORN3	SRR8928980	14.219882571316763
MORN3	SRR8928981	15.175811265462166
MORN3	SRR8928982	13.148538212689106
MORN3	SRR8928983	35.06672832425319
MORN3	SRR8928984	21.117031227861265
MORN3	SRR8928985	25.419918786745473
MORN3	SRR8928986	17.15322158171892
MORN3	SRR8928987	23
MORN3	SRR8928988	91
MORN3	SRR8928989	14.24281746974222
MORN3	SRR8928990	32.338150883746046
MORN3	SRR8928991	13.23064440230979
MORN3	SRR9835604	7.099810887120047
MORN3	SRR9835605	7.038699948561531
MORN3	SRR9835606	44.09358493119767
MORN3	SRR9835607	13.116612765385034
MORN3	SRR9835608	7.101836082313997
MORN3	SRR9835609	22
MORN3	SRR9835610	54.24870711793072
MORN3	SRR9835611	2.0021605031148026
MORN3	SRR9835612	20.053171847237667
MORN3	SRR9835613	7.041351532340202
MORN3	SRR9835614	20.197668209400735
MORN3	SRR9835615	1.0391223290810894
MORN3	SRR9835616	1.0073913876363687
MORN3	SRR9835617	1.0229877020749545
MORN3	SRR9835618	15.079863792556703
MORN3	SRR9835619	31
MORN3	SRR9835620	13.060963826176252
MORN3	SRR9835621	44.28671267607736
MORN3	SRR9835622	28.076537370881095
MORN3	SRR9835623	7.0012597265936645
MORN3	SRR9835624	26.569787877519595
MORN3	SRR9835625	76.23389832009177
MORN3	SRR9835626	26.195379798874853
MORN3	SRR9835627	65.13277093804442
MORN3	SRR9835628	5.0357235668380085
MORN3	SRR9835629	2.0400408685818374
MORN3	SRR9835630	2.1107237834370345
MORN3	SRR9835631	1.0803218233387206
MORN3	SRR9835632	9.020476536418567
MORN3	SRR9835633	33.243711111889425
MORN3	SRR9835634	28.17355539222397
MORN3	SRR9835635	1.0097721205463759
MORN3	SRR9835636	31.061421929056408
MORN3	SRR9835637	48.212622169121246
MORN3	SRR9835638	7.066888054660559
MORN3	SRR9835639	24.247034656896894
MORN3	SRR9835640	11.18213436444517
MORN3	SRR9835641	28.106396180177203
MORN3	SRR9835642	7.040210687620726
MORN3	SRR9835643	1.0038166819322296
MORN3	SRR9835644	35.11296067997378
MORN3	SRR9835645	7.203984294211121
MORN3	SRR9835646	5.045944294326807
MORN3	SRR9835647	26.062486302820155
MORN3	SRR9835648	11.32747739480025
MORN3	SRR9835649	15.170350632976785
MORN3	SRR9835650	31.117614227894144
MORN3	SRR9835651	26.018720990775908
MORN3	SRR9835652	1.0155197645862681
MORN3	SRR9835653	15.04146208041209
MORN3	SRR9835654	1.0100460688753663
MORN3	SRR9835655	22.112178741476672
MORN3	SRR9835656	9.023805241997952
MORN3	SRR9835657	65.96367941204437
MORN3	SRR9835658	50.100599535735846
MORN3	SRR9835659	20.11755535321249
MORN3	SRR9835660	13.096669514241118
MORN3	SRR9835661	13.052145699327715
MORN3	SRR9835662	5.059582559892198
MORN3	SRR9835663	5.099491960683762
MORN3	SRR9835664	13.02244127535276
MORN3	SRR9835665	20.0814462976639
MORN3	SRR9835666	102
MORN3	SRR9835667	39.32044978562833
MORN3	SRR9835668	44
MORN3	SRR9835669	13.343502403521839
MORN3	SRR9835670	11.149395321137895
MORN3	SRR9835671	20.266334088124534
MORN3	SRR9835672	26.04488255070552
MORN3	SRR9835673	13.293151489158834
MORN3	SRR9835674	31.01442301760995
MORN3	SRR9835675	1.0053242528371136
MORN3	SRR9835676	1.0888102986472097
MORN3	SRR9835677	33.08672183607333
MORN3	SRR9835678	37.21810097070014
MORN3	SRR9835679	121.52168157165879
MORN3	SRR9835680	13.314020403425262
MORN3	SRR9835681	33.099152469096225
MORN3	SRR9835682	1.0602022500176214
MORN3	SRR9835683	11.068520913746623
MORN3	SRR9835684	5.124837861996024
MORN3	SRR9835685	7.035047871983405
MORN3	SRR9835686	1.0132366280807228
MORN3	SRR9835687	61.282528830348
MORN3	SRR9835688	28
MORN3	SRR9835689	37.26830925934499
MORN3	SRR9835690	11.022010118242935
MORN3	SRR9835691	7.061661778213439
MORN3	SRR9835692	2.0357502182285736
MORN3	SRR9835693	11.043821207564012
MORN3	SRR9835694	11.111749354757828
MORN3	SRR9835695	28.142517998684305
MORN3	SRR9835696	24.231396873175402
MORN3	SRR9835697	31.15554217704022
MORN3	SRR9835698	15.013961005961301
MORN3	SRR9835699	26.040992578619637
MORN3	SRR9835700	44.096461804402175
MORN3	SRR9835701	18.05024820299755
MORN3	SRR9835702	31
MORN3	SRR9835703	22.02339653910441
MORN3	SRR9835704	15.068300304029389
MORN3	SRR9835705	2.0078996199831276
MORN3	SRR9835706	1.0786425861503106
MORN3	SRR9835707	41.04429031385346
MORN3	SRR9835708	44.04424155350722
MORN3	SRR9835709	48.01727780495255
MORN3	SRR9835710	1.0142530726569354
MORN3	SRR9835711	26.009358811015964
MORN3	SRR9835712	5.012528028804284
MORN3	SRR9835713	33.06291527715301
MORN3	SRR9835714	20.03092025572686
MORN3	SRR9835715	48.23885323765703
MORN3	SRR9835716	18.052944527319323
MORN3	SRR9835717	13.044522420078934
MORN3	SRR9835718	15.231135326620594
MORN3	SRR9835719	5.042706492132609
MORN3	SRR9835720	7.043552705953439
MORN3	SRR9835721	18.265463096032146
MORN3	SRR9835722	1.0227754713008923
MORN3	SRR9835723	74
MORN3	SRR9835724	20.138120753271973
MORN3	SRR9835725	2.0547912004868882
MORN3	SRR9835726	13.009360495387954
MORN3	SRR9835727	13.087989220243571
MORN3	SRR9835728	1.0405909251580585
MORN3	SRR9835729	15.048460250491614
MORN3	SRR9835730	48.18386675270078
MORN3	SRR9835731	1.0510108441028403
MORN3	SRR9835732	13.06114436342557
MORN3	SRR9835733	1.0044644481525995
MORN3	SRR9835734	18.045955028501066
MORN3	SRR9835735	20.03602134972907
MORN3	SRR9835736	24.287382228427575
MORN3	SRR9835737	44.09182041403996
MORN3	SRR9835738	46.08207701351078
MORN3	SRR9835739	9.243579190839402
MORN3	SRR9835740	15.448842494126742
MORN3	SRR9835741	7.036936692077824
MORN3	SRR9835742	1.0186862015904543
MORN3	SRR9835743	20.684239481480066
MORN3	SRR9835744	2.0116307748808167
MORN3	SRR9835745	13.29024600569983
MORN3	SRR9835746	9.09714754401194
MORN3	SRR9835747	18.094426781568743
MORN3	SRR9835748	2.0608549564329586
MORN3	SRR9835749	50
MORN3	SRR9835750	11.091279864097734
MORN3	SRR9835751	20.160960444861686
MORN3	SRR9835752	2.080909024508928
MORN3	SRR9835753	15.157327291987196
MORN3	SRR9835754	31.04233998763206
MORN3	SRR9835755	11.158586367748686
MORN3	SRR9835756	15.696094984805828
MORN3	SRR9835757	13.051965286462144
MORN3	SRR9835758	9.05157433868677
MORN3	SRR9835759	7.045561853706136
MORN3	SRR9835760	37
MORN3	SRR9835761	11.001979570361472
MORN3	SRR9835762	2.204743982964527
MORN3	SRR9835763	13.03768149237594
MORN3	SRR9835764	48.1244725660672
MORN3	SRR9835765	49.37188488372888
MORN3	SRR9835766	1.0257855942277956
MORN3	SRR9835767	9.33270120713509
MORN3	SRR9835768	33
MORN3	SRR9835769	20
MORN3	SRR9835770	11.218869340294658
MORN3	SRR9835771	9.048719109492394
MORN3	SRR9835772	5.062537920184135
MORN3	SRR9835773	15
MORN3	SRR9835774	1.0351205406829784
MORN3	SRR9835775	1.0050334605858329
MORN3	SRR9835776	7.022185334135823
MORN3	SRR9835777	15.036712995362459
MORN3	SRR9835778	31.128566474806497
MORN3	SRR9835779	1.0069981117179123
MORN3	SRR9835780	20.03092025572686
MORN3	SRR9835781	13.327907237169802
MORN3	SRR9835782	18.08926688408159
MORN3	SRR9835783	63
MORN3	SRR9835784	33.13327610637481
MORN3	SRR9835785	7.307274438830895
MORN3	SRR9835786	15.144383522495078
MORN3	SRR9835787	15.042125524409569
MORN3	SRR9835788	15.024771630019087
MORN3	SRR9835789	13
MORN3	SRR9835790	22.155919311297062
MORN3	SRR9835791	9.244135237183368
MORN3	SRR9835792	103.25224237495839
MORN3	SRR9835793	9.017832172951861
MORN3	SRR9835794	33.00593871108442
MORN3	SRR9835795	1.0567801380566075
MORN3	SRR9835796	22.124932911954904
MORN3	SRR9835797	11
MORN3	SRR9835798	26.040196332444914
MORN3	SRR9835799	13.025539344292696
MORN3	SRR9835800	15.017073676292725
MORN3	SRR9835801	1.0050027300349125
MORN3	SRR9835802	20.079332617166834
MORN3	SRR9867812	6
MORN3	SRR9867813	8.508890807502029
MORN3	SRR9867814	0.9788453221167839
MORN3	SRR9867815	15
MORN3	SRR9867816	33.017819339653705
MORN3	SRR9867817	8.130503246186668
MORN3	SRR9867818	1.0002852463574239
MORN3	SRR9867819	25.013259356059052
MORN3	SRR9867820	1.002342020016362
MORN3	SRR9867821	1
MORN3	SRR9867822	4.052532987058413
MORN3	SRR9867823	4.000719843767808
MORN3	SRR9867824	2.8994982118166592
MORN3	SRR9867825	7.715544399255639
MORN3	SRR9867826	16.661292096749797
MORN3	SRR9867827	11
MORN3	SRR9867828	1.0149613015451313
MORN3	SRR9867829	0.7590978137233615
MORN3	SRR9867830	1.002011990714717
MORN3	SRR9867831	4.131396308600778
MORN3	SRR9879292	47.12129331717186
MORN3	SRR9879293	2.030576221037958
MORN3	SRR9879294	1.0204975926045814
MORN3	SRR9879295	1.0201804361038371
MORN3	SRR9879296	1.0125162691935943
MORN3	SRR9879297	1.0160326211514135
MORN3	SRR9879298	7.080309042280622
MORN3	SRR9879299	17.079435765904645
MORN3	SRR9879300	3.0462874629724572
MORN3	SRR9879301	25.0603195827756
MORN3	SRR9879302	8.091098699207958
MORN3	SRR9879303	14.077693314118989
MORN3	SRR9879304	3.0514891493952763
MORN3	SRR9879305	5.055607871923198
MORN3	SRR9879306	24
MORN3	SRR9879307	27.35066849783522
MORN3	SRR9879308	6.07277214645303
MORN3	SRR9879309	1.0114738899666313
MORN3	T50_307	1.006233098409452
MORN3	T50_313	1.0171338971063077
MORN3	T50_317	3.0537366067821874
MORN3	T50_324	8.097172182952974
MORN3	T50_427	1.0173634427914857
MORN3	T50_428	13.101919334849425
MORN3	T50_431	3.0185543804999577
MORN3	T50_436	1.0087154193912522
MORN3	T50_476	24.200416759741366
MORN3	UN_307	1.0133098244040084
MORN3	UN_313	1.0145310136075893
MORN3	UN_317	1.008356876549466
MORN3	UN_324	1.0221880902289606
MORN3	UN_427	1.0090657297142456
MORN3	UN_428	1.0107927868178097
MORN3	UN_431	6.064202194802765
MORN3	UN_436	12.10308313982267
MORN3	UN_476	22.22520844707048
