Gene	sample	counts
PLEKHH2	CM317	18.894504696119615
PLEKHH2	CMCD140	106.98423162418077
PLEKHH2	CMCD147	44.665722100776854
PLEKHH2	CMCD152	328
PLEKHH2	CMCD154	106.01880727023948
PLEKHH2	CMCD159	15.15683238476937
PLEKHH2	CMCD161	69.21139836820825
PLEKHH2	CMCD174	1.0883603953024104
PLEKHH2	CMCD196	18.15972260875511
PLEKHH2	CMCD198	6.167571393899483
PLEKHH2	CMCD203	1320.1836936936627
PLEKHH2	CMCD211	852.8562563143876
PLEKHH2	CMCD227	261.3551690100187
PLEKHH2	CMCD240	603.5374257707113
PLEKHH2	CMCD259	208
PLEKHH2	CMCD270	47.243030396832665
PLEKHH2	CMCD275	78.65745694272435
PLEKHH2	CMCD282	7.088958037114196
PLEKHH2	CMCD286	332.28921307794275
PLEKHH2	CMCD287	526
PLEKHH2	CMCD294	8.489045598819432
PLEKHH2	CMCD327	48.24393117153229
PLEKHH2	CMCD335	66.30721004549254
PLEKHH2	CMCD337	108.71666303847057
PLEKHH2	CMCD357	11.224043839566248
PLEKHH2	CMCD398	96.55733728079194
PLEKHH2	CMCD403	40.285278270480724
PLEKHH2	CMCD422	183.38188944930255
PLEKHH2	CMCD426	17.759936441678622
PLEKHH2	CMCD71	95.60093721447474
PLEKHH2	CMCD72	1.1440405671509037
PLEKHH2	CMCD76	192.43529550359585
PLEKHH2	CMCD88	137.02465464904742
PLEKHH2	CMSA256	644
PLEKHH2	CMSA316	349.7810556099451
PLEKHH2	CMUC110	505
PLEKHH2	CMUC192	15.197307687179038
PLEKHH2	CMUC199	10.26606494152236
PLEKHH2	CMUC200	137.3189988591903
PLEKHH2	CMUC208	113.27610811744361
PLEKHH2	CMUC231	878
PLEKHH2	CMUC234	312
PLEKHH2	CMUC285	12.130879709380936
PLEKHH2	CMUC291	39.25586309884215
PLEKHH2	CMUC295	281.2529361443145
PLEKHH2	CMUC299	161.46914279321038
PLEKHH2	CMUC301	222.11987555767038
PLEKHH2	CMUC307	191.52583436630945
PLEKHH2	CMUC313	216.44895574716259
PLEKHH2	CMUC314	24.22300957798016
PLEKHH2	CMUC323	17.39515006667634
PLEKHH2	CMUC324	161.14492070902003
PLEKHH2	CMUC331	31.27837004328171
PLEKHH2	CMUC333	253.62600499227872
PLEKHH2	CMUC334	36.53149601229455
PLEKHH2	CMUC346	165.75710260262292
PLEKHH2	CMUC352	81.48218435401898
PLEKHH2	CMUC360	150.1890610353662
PLEKHH2	CMUC363	23.58734479713077
PLEKHH2	CMUC365	60.392623677056235
PLEKHH2	CMUC366	331.08072806956704
PLEKHH2	CMUC368	77
PLEKHH2	CMUC377	90.36528572547077
PLEKHH2	CMUC379	19.19612794752463
PLEKHH2	CMUC380	12.212249341005188
PLEKHH2	CMUC383	32.44108968290986
PLEKHH2	CMUC394	78.56669639011096
PLEKHH2	CMUC419	11.266431571884633
PLEKHH2	CMUC427	191
PLEKHH2	CMUC428	78.48693745952089
PLEKHH2	CMUC431	82.15019941133917
PLEKHH2	CMUC435	46.224823190064846
PLEKHH2	CMUC439	215.35203933196428
PLEKHH2	CMUC89	282
PLEKHH2	CS219	62.15174704749816
PLEKHH2	CS256	138.31286864320953
PLEKHH2	CS257	1.089979985878173
PLEKHH2	CS259	23.03517234693853
PLEKHH2	CS261	16.363893594198206
PLEKHH2	CS266	1.0344406863242126
PLEKHH2	CS270	25.314484041324363
PLEKHH2	CS277	67.93344681266129
PLEKHH2	CS288	34.303211229315195
PLEKHH2	CS290	13.103159664754811
PLEKHH2	CS292	7.095211507190351
PLEKHH2	CS293	6.095930327060799
PLEKHH2	CS301	8.204011845216979
PLEKHH2	CS306	11.406865754601505
PLEKHH2	CS308	14.355619877861615
PLEKHH2	CS315	39.0101770106353
PLEKHH2	CS317	89.80458915585506
PLEKHH2	CS322	11.144845691820121
PLEKHH2	CS327	99.46385633922317
PLEKHH2	CS328	96.89649574115496
PLEKHH2	CS330	32.19838361099798
PLEKHH2	CS331	35.642045675369395
PLEKHH2	CS335	56.003110156678126
PLEKHH2	CS338	14.412305077085291
PLEKHH2	CS339	10.477893824076766
PLEKHH2	CS343	34.269665034684635
PLEKHH2	CS344	136.84749486636002
PLEKHH2	CS350	166.5549832442417
PLEKHH2	CS351	15.123253841665473
PLEKHH2	CS361	46.04194608820669
PLEKHH2	CS388	22.72905152934098
PLEKHH2	CS396	43.45533652688397
PLEKHH2	CS405	55.292311373778105
PLEKHH2	CS415	23.59686976594623
PLEKHH2	CS424	13.458272852013803
PLEKHH2	IM293	75.3957502722624
PLEKHH2	IM296	4.257853157328764
PLEKHH2	IM297	31.740168717606263
PLEKHH2	IM300	355
PLEKHH2	IM305	41.4052198292715
PLEKHH2	IM309	29.819004313889746
PLEKHH2	IM310	34.4548295100057
PLEKHH2	IM311	26.32054541248004
PLEKHH2	IM316	73.36750596862727
PLEKHH2	IM320	2.0908427094521964
PLEKHH2	IM330	58.58688275030228
PLEKHH2	IM332	246.98169892143213
PLEKHH2	IM340	118.00184552579235
PLEKHH2	IM348	26.906183151154526
PLEKHH2	IM354	166.17677286573297
PLEKHH2	IM356	136.0754740376484
PLEKHH2	IM364	107.78220000082936
PLEKHH2	IM372	57.76107363380323
PLEKHH2	IM374	38.75601763617326
PLEKHH2	IM376	36.506863245076886
PLEKHH2	IM381	43.529390723220466
PLEKHH2	IM382	1.0307681061453446
PLEKHH2	IM385	543
PLEKHH2	IM390	11.300993114532499
PLEKHH2	IM397	28.311528124551526
PLEKHH2	IM404	229.65641978293036
PLEKHH2	IM409	237.33466804861112
PLEKHH2	IM412	36
PLEKHH2	IM421	27.42005856814434
PLEKHH2	IM425	304.0289767938665
PLEKHH2	IM432	7.275289769912547
PLEKHH2	IM438	153
PLEKHH2	IM442	99.92528921747746
PLEKHH2	IM445	81.91428475683907
PLEKHH2	IM448	47.00324680512342
PLEKHH2	IM449	124.02370348740216
PLEKHH2	IM451	225.14522965281782
PLEKHH2	IMSA256	124.50288103847221
PLEKHH2	IMSA276	1173
PLEKHH2	IMSA286	137
PLEKHH2	IMSA343	47.5827871546802
PLEKHH2	IS_238	137
PLEKHH2	IS238	195.42795171528658
PLEKHH2	IS243	229
PLEKHH2	IS253	343
PLEKHH2	IS283	100
PLEKHH2	IS322	47.484719779460534
PLEKHH2	IS399	173.19369268371128
PLEKHH2	IS418	59.99546955248853
PLEKHH2	IS430	27.046798217122163
PLEKHH2	IS437	18.345690656272126
PLEKHH2	IS444	79.8244709051525
PLEKHH2	R276CMSA	2.123438194785946
PLEKHH2	R286CMSA	112
PLEKHH2	R292CMSA	50.20736528194597
PLEKHH2	R292IMSA	1.073657155188672
PLEKHH2	R308CMSA	37.35099503640085
PLEKHH2	R316IMSA	96.82912486613682
PLEKHH2	R347CMSA	55.30188000245735
PLEKHH2	R347IMSA	14.87077405524028
PLEKHH2	R371CMSA	111.44183642648791
PLEKHH2	SRR10104064	18.860675963272605
PLEKHH2	SRR10104065	76.44515121191995
PLEKHH2	SRR10104066	40.74958022050581
PLEKHH2	SRR10104067	43.991457298359514
PLEKHH2	SRR10104068	56.2607281272748
PLEKHH2	SRR10104069	55.63014984355945
PLEKHH2	SRR10104070	16.470247997667094
PLEKHH2	SRR10104071	4.642421163408938
PLEKHH2	SRR10104072	23.53752466110574
PLEKHH2	SRR10104073	37.60754540849507
PLEKHH2	SRR10104074	25.203913885246305
PLEKHH2	SRR10104075	17.26515104305871
PLEKHH2	SRR10104076	24.663714199759315
PLEKHH2	SRR10104077	12.108555554239848
PLEKHH2	SRR10104078	33.32567155715125
PLEKHH2	SRR10104079	27.23767839327334
PLEKHH2	SRR10104080	6.729108972215196
PLEKHH2	SRR10104081	39.61791882934285
PLEKHH2	SRR10104082	12.987017284996274
PLEKHH2	SRR10104083	27.643169814875066
PLEKHH2	SRR10104084	22.42478144251718
PLEKHH2	SRR10104085	42.933127738986386
PLEKHH2	SRR10104086	21.520474684815706
PLEKHH2	SRR10104087	100.32000079380653
PLEKHH2	SRR10104088	97.88400868532085
PLEKHH2	SRR10104089	11.347456128596175
PLEKHH2	SRR10104090	34.894319942986286
PLEKHH2	SRR10104091	20.84172666250997
PLEKHH2	SRR10104092	58.73856536200512
PLEKHH2	SRR10104093	26.891738760131883
PLEKHH2	SRR10104094	7.238157145623625
PLEKHH2	SRR10104095	31.621848160518304
PLEKHH2	SRR10104096	10.31146717643846
PLEKHH2	SRR10104097	29.76738597669465
PLEKHH2	SRR10104098	29.863091561469105
PLEKHH2	SRR10104099	21.99701923148681
PLEKHH2	SRR10104100	26.75566667228575
PLEKHH2	SRR10104101	178.99255622071334
PLEKHH2	SRR10104102	37.56672643561595
PLEKHH2	SRR10104103	39.97908457357402
PLEKHH2	SRR10104104	62.960851677924595
PLEKHH2	SRR10104105	29.182550098330903
PLEKHH2	SRR10104106	6.782735218523032
PLEKHH2	SRR10104107	100.95756069962901
PLEKHH2	SRR10104108	73.50057676456956
PLEKHH2	SRR10104109	14.539154496999316
PLEKHH2	SRR10104110	10.708710251050109
PLEKHH2	SRR10104111	40.27569859840769
PLEKHH2	SRR10104112	11.86621143391241
PLEKHH2	SRR10104113	21.752627580530564
PLEKHH2	SRR10104114	11.728061185225533
PLEKHH2	SRR10104115	28.605550099474506
PLEKHH2	SRR10104116	15.700945422311117
PLEKHH2	SRR10104117	16.621578157198623
PLEKHH2	SRR10104118	6.860117104508863
PLEKHH2	SRR10104119	16.657463560084672
PLEKHH2	SRR10104120	20.54141096752507
PLEKHH2	SRR10104121	8.654197732048102
PLEKHH2	SRR10104122	18.521481463392092
PLEKHH2	SRR10104123	24.887105825507053
PLEKHH2	SRR10104124	25.677514811894802
PLEKHH2	SRR10104125	9.89827411704189
PLEKHH2	SRR10104126	29.104732095302715
PLEKHH2	SRR10104127	5.929191216916234
PLEKHH2	SRR10104128	45.266174727099916
PLEKHH2	SRR10104129	32.84146449932003
PLEKHH2	SRR10104130	29.152113713690163
PLEKHH2	SRR10104131	73.82702039115223
PLEKHH2	SRR10104132	91.65642277945436
PLEKHH2	SRR10104133	10.473915846799036
PLEKHH2	SRR10104134	36.05374215906755
PLEKHH2	SRR10104135	14.310479044164122
PLEKHH2	SRR10104136	55.82589357543765
PLEKHH2	SRR10104137	33.23221139418117
PLEKHH2	SRR10104138	13.15051613002788
PLEKHH2	SRR10104139	81.91989341807464
PLEKHH2	SRR10104140	17.134594520223864
PLEKHH2	SRR10104141	27.547429082260745
PLEKHH2	SRR10104142	28.385633803313677
PLEKHH2	SRR10104143	64.52341761962025
PLEKHH2	SRR10104144	24.36769894315191
PLEKHH2	SRR10104145	13.810457308530523
PLEKHH2	SRR10104146	63.60616272167666
PLEKHH2	SRR10104147	91.1555616443888
PLEKHH2	SRR10104148	31.549426413531368
PLEKHH2	SRR10104149	25.121879760124973
PLEKHH2	SRR10104150	68.79064112356117
PLEKHH2	SRR10104151	91.69669422929867
PLEKHH2	SRR10104152	128.71957440618544
PLEKHH2	SRR10104153	15.427016493240929
PLEKHH2	SRR10104154	36.06839419832615
PLEKHH2	SRR10104155	14.142369695461024
PLEKHH2	SRR10104156	50.20293651415043
PLEKHH2	SRR10104157	16.782648136463138
PLEKHH2	SRR10104158	52.04629275671307
PLEKHH2	SRR10104159	52.65522428246479
PLEKHH2	SRR10104160	11.246452493735022
PLEKHH2	SRR10104161	133.22959150937822
PLEKHH2	SRR10104162	31.630477825883567
PLEKHH2	SRR10104163	42.234051276078
PLEKHH2	SRR10104164	59.13880830334674
PLEKHH2	SRR10104165	56.06673620026215
PLEKHH2	SRR10104166	33.30388040243729
PLEKHH2	SRR10104167	70.55815431563188
PLEKHH2	SRR10104168	45.259242824655026
PLEKHH2	SRR10104169	27.66656533791309
PLEKHH2	SRR10104170	50.473045516441275
PLEKHH2	SRR10104171	58.366714386869745
PLEKHH2	SRR10104172	38.25220696953269
PLEKHH2	SRR10104173	32.87204892839875
PLEKHH2	SRR10104174	37.21790928762411
PLEKHH2	SRR10104175	25.56194266688318
PLEKHH2	SRR10104176	38.85466454080624
PLEKHH2	SRR10104177	90.22905225525678
PLEKHH2	SRR10104178	25.960368416319167
PLEKHH2	SRR10104179	16.55432043823623
PLEKHH2	SRR10104180	47.00970844615786
PLEKHH2	SRR10104181	56.47215919691862
PLEKHH2	SRR10104182	38.29997227781341
PLEKHH2	SRR10104183	57.620647208407405
PLEKHH2	SRR10104184	45.95730785874483
PLEKHH2	SRR10104185	42.54427976334348
PLEKHH2	SRR10104186	64.04260614723317
PLEKHH2	SRR10104187	22.61664675699067
PLEKHH2	SRR10104188	60.07033594446737
PLEKHH2	SRR10104189	26.48890649575503
PLEKHH2	SRR10104190	20.622496332555755
PLEKHH2	SRR10104191	20.47574853525674
PLEKHH2	SRR10104192	44.120277542610715
PLEKHH2	SRR10104193	33.27495677059952
PLEKHH2	SRR10104194	50.0582354345224
PLEKHH2	SRR10104195	37.507470111185505
PLEKHH2	SRR10104196	36.42269572770359
PLEKHH2	SRR10104197	39.65628334975027
PLEKHH2	SRR10104198	72.8350606093424
PLEKHH2	SRR10104199	15.151937463146972
PLEKHH2	SRR10104200	28.989566532999426
PLEKHH2	SRR10104201	16.41925441430444
PLEKHH2	SRR10104202	30.918539079079036
PLEKHH2	SRR10104203	43.973379796557495
PLEKHH2	SRR10104204	30.940378638244958
PLEKHH2	SRR10104205	26.698490045062016
PLEKHH2	SRR10104206	60.69719879534688
PLEKHH2	SRR10104207	27.883494265069604
PLEKHH2	SRR10104208	46.811215378376154
PLEKHH2	SRR10104209	39.90335121706353
PLEKHH2	SRR10104210	60.55199108965442
PLEKHH2	SRR10104211	96.78248961630297
PLEKHH2	SRR10104212	42.78768113052835
PLEKHH2	SRR10104213	44.47470314158175
PLEKHH2	SRR10104214	49.43877307450121
PLEKHH2	SRR10104215	64.68569857663333
PLEKHH2	SRR10104216	10.60640170595656
PLEKHH2	SRR10104217	42.021470239333226
PLEKHH2	SRR10104218	44.67271354003656
PLEKHH2	SRR10104219	30.83714474092279
PLEKHH2	SRR10104220	19.667221466809245
PLEKHH2	SRR10104221	18.48301812516102
PLEKHH2	SRR10104222	93.43246217093368
PLEKHH2	SRR10104223	4.706530902987853
PLEKHH2	SRR10104224	34.86309362893706
PLEKHH2	SRR10104225	41.256660214494865
PLEKHH2	SRR10104226	63.372250720429406
PLEKHH2	SRR10104227	44.07248324517179
PLEKHH2	SRR10104228	13.426944674988102
PLEKHH2	SRR10104229	25.929194379949156
PLEKHH2	SRR10104230	7.708156502630228
PLEKHH2	SRR10104231	17.217368194164745
PLEKHH2	SRR10104232	45.57022361310237
PLEKHH2	SRR10104233	49.30341505922434
PLEKHH2	SRR10104234	57.30809591420859
PLEKHH2	SRR10104235	24.00288006543326
PLEKHH2	SRR10104236	55.511933214109796
PLEKHH2	SRR10104237	42.77662184981253
PLEKHH2	SRR10104238	48.1636533714847
PLEKHH2	SRR10104239	13.795319302665156
PLEKHH2	SRR10104240	22.520005302239895
PLEKHH2	SRR10104241	42.64245390608771
PLEKHH2	SRR10104242	57.44766455447861
PLEKHH2	SRR10104243	46.96150167042356
PLEKHH2	SRR10104244	23.908765687632094
PLEKHH2	SRR10104245	61.40600877646729
PLEKHH2	SRR10104246	9.952201862912927
PLEKHH2	SRR10104247	43.313580990320055
PLEKHH2	SRR10104248	50.48203120965684
PLEKHH2	SRR10104249	20.54363328829203
PLEKHH2	SRR10104250	3.4590406430287075
PLEKHH2	SRR10104251	28.258328192000736
PLEKHH2	SRR10104252	4.7187791469586475
PLEKHH2	SRR10104253	27.40463438685416
PLEKHH2	SRR10104254	45.637420974821
PLEKHH2	SRR10104255	47.42580472720281
PLEKHH2	SRR10104256	40.14599720286091
PLEKHH2	SRR10104257	42.53820162258621
PLEKHH2	SRR10104258	35.04695089013142
PLEKHH2	SRR10224277	1.0244173062905177
PLEKHH2	SRR10224278	1.0926635070500108
PLEKHH2	SRR10224279	1.089250843220296
PLEKHH2	SRR10224280	1.0227917534671278
PLEKHH2	SRR10224281	6.096661558861023
PLEKHH2	SRR10224282	1.0501757282099426
PLEKHH2	SRR10224283	1.042245924204279
PLEKHH2	SRR10224284	1.1092008744415571
PLEKHH2	SRR10224285	1.1279661106950958
PLEKHH2	SRR10224286	1.0254224279077875
PLEKHH2	SRR10224287	1.033803410459708
PLEKHH2	SRR10224288	1.0962707234129587
PLEKHH2	SRR10224289	1.0935047184878017
PLEKHH2	SRR10224290	1.095529172881304
PLEKHH2	SRR10224291	1.0312113499898703
PLEKHH2	SRR10224292	9.10672371479518
PLEKHH2	SRR10224293	3.091857781067434
PLEKHH2	SRR10224294	1.0580047935764523
PLEKHH2	SRR10224295	1.0860783600082067
PLEKHH2	SRR10224296	3.164168862061801
PLEKHH2	SRR10224297	1.1274808217665389
PLEKHH2	SRR10224298	1.0332224020270313
PLEKHH2	SRR10318388	132.96832904262823
PLEKHH2	SRR10318389	119.55970609597252
PLEKHH2	SRR10318390	54.664319414993564
PLEKHH2	SRR10318391	72.85331981974198
PLEKHH2	SRR10318392	71.98372819160268
PLEKHH2	SRR10318393	197.55324855391234
PLEKHH2	SRR10318394	124.62088584777361
PLEKHH2	SRR10318395	143.6316176019494
PLEKHH2	SRR10318396	37.294123773440326
PLEKHH2	SRR10318397	104.60522795660182
PLEKHH2	SRR10318398	93.3185065436416
PLEKHH2	SRR10318399	23.102363807644384
PLEKHH2	SRR10318400	27.39894242807296
PLEKHH2	SRR10318401	76.2740087900918
PLEKHH2	SRR10318402	37.15572246854243
PLEKHH2	SRR10318403	76.36549723573911
PLEKHH2	SRR10318404	87.15018391966846
PLEKHH2	SRR10318405	220.52873025463208
PLEKHH2	SRR10318406	104.47146146599424
PLEKHH2	SRR10318407	31.304186596054127
PLEKHH2	SRR10318408	60.18016191631076
PLEKHH2	SRR10318409	128.4035233202487
PLEKHH2	SRR10318410	77.31227290292226
PLEKHH2	SRR10318411	61.221831076802594
PLEKHH2	SRR10318412	75.36195070647145
PLEKHH2	SRR10318413	90.34350137390065
PLEKHH2	SRR10318414	72.42441269974081
PLEKHH2	SRR10318415	29.187863756842503
PLEKHH2	SRR10318416	32.31684972082739
PLEKHH2	SRR10318417	74.52958703167019
PLEKHH2	SRR10318418	170.6370050942068
PLEKHH2	SRR10318419	70.2788622299528
PLEKHH2	SRR10318420	151.27196119045445
PLEKHH2	SRR10318421	63.29884805668485
PLEKHH2	SRR10318422	148.30885048358894
PLEKHH2	SRR10318423	174.25599163582586
PLEKHH2	SRR10318424	72.15025158661084
PLEKHH2	SRR10318425	47.304701212004986
PLEKHH2	SRR10318426	14.239438562579194
PLEKHH2	SRR10318427	7.756127566391091
PLEKHH2	SRR10318428	58.076467830331914
PLEKHH2	SRR10318429	93.370488391223
PLEKHH2	SRR10318430	52.447185657402954
PLEKHH2	SRR10318431	155.79826917685284
PLEKHH2	SRR10318432	196.32905258223047
PLEKHH2	SRR10318433	6.375010191983281
PLEKHH2	SRR10318434	58.17672244618546
PLEKHH2	SRR10318435	61.36227829898007
PLEKHH2	SRR10318436	196.53576159616767
PLEKHH2	SRR10318437	260.1872099077591
PLEKHH2	SRR10318438	282.3554347464884
PLEKHH2	SRR10318439	41.16811178456144
PLEKHH2	SRR10318440	29.45628233967436
PLEKHH2	SRR10318441	85.23467691070854
PLEKHH2	SRR10318442	43.20258771384542
PLEKHH2	SRR10318443	95.21638964855275
PLEKHH2	SRR10318444	84.71311300594147
PLEKHH2	SRR10318445	107.27728308695632
PLEKHH2	SRR10318446	145.57272244877674
PLEKHH2	SRR10318447	22.22938956072167
PLEKHH2	SRR10318448	70.48386854986308
PLEKHH2	SRR10318449	107.22329055232444
PLEKHH2	SRR10318450	267.37992842135475
PLEKHH2	SRR10318451	306
PLEKHH2	SRR10318452	103.64443978003204
PLEKHH2	SRR10318453	31.613924741650777
PLEKHH2	SRR10318454	74.35157163034216
PLEKHH2	SRR10318455	120.72208356394444
PLEKHH2	SRR10318456	64.41987790579225
PLEKHH2	SRR10318457	131.2025276750109
PLEKHH2	SRR10318458	46.583880839944285
PLEKHH2	SRR10318459	115.7412697307395
PLEKHH2	SRR10318460	57.22609795892548
PLEKHH2	SRR10318461	127.44622910175647
PLEKHH2	SRR10318462	51.33999401736118
PLEKHH2	SRR10318463	112.34657456156079
PLEKHH2	SRR10318464	61.37792285935432
PLEKHH2	SRR10318465	257.2313330572556
PLEKHH2	SRR10318466	29.271741874371163
PLEKHH2	SRR10318467	40.2024380318637
PLEKHH2	SRR10318468	85.82741653129
PLEKHH2	SRR10318469	119.41812018196079
PLEKHH2	SRR10318470	254
PLEKHH2	SRR10318471	149
PLEKHH2	SRR10318472	78.34320607592402
PLEKHH2	SRR10318473	85.3293608887265
PLEKHH2	SRR10318474	181.75621981597885
PLEKHH2	SRR10318475	145.5796128105393
PLEKHH2	SRR10318476	202.72214716139635
PLEKHH2	SRR10318495	299.322995215663
PLEKHH2	SRR10318496	75.6604086216853
PLEKHH2	SRR10318497	114.62361605031424
PLEKHH2	SRR10318498	155.13951993725533
PLEKHH2	SRR10318499	178.17897719373374
PLEKHH2	SRR10318500	65.37250048701885
PLEKHH2	SRR10318501	79.38125474414993
PLEKHH2	SRR10318502	111.05993777883519
PLEKHH2	SRR10318503	165.2971761352648
PLEKHH2	SRR10318504	98.64728895439839
PLEKHH2	SRR10318505	313.16901373671544
PLEKHH2	SRR10318506	37.44103168858516
PLEKHH2	SRR10318507	76.910043723354
PLEKHH2	SRR10318508	6.185810673050533
PLEKHH2	SRR10318509	92.62961061805325
PLEKHH2	SRR10318510	101.80072673838042
PLEKHH2	SRR10318511	113.14242597997585
PLEKHH2	SRR10318512	101.76932916371078
PLEKHH2	SRR10318513	148.48923046695782
PLEKHH2	SRR10318514	122.56091477862903
PLEKHH2	SRR10318515	20.238612175839314
PLEKHH2	SRR10318516	92.54513483603147
PLEKHH2	SRR10318517	145.38105049183736
PLEKHH2	SRR10318518	68.48777290287633
PLEKHH2	SRR10318519	123.58046469952318
PLEKHH2	SRR10318520	130.25757583152688
PLEKHH2	SRR10318521	101.36554438250492
PLEKHH2	SRR10318522	154.21033413210768
PLEKHH2	SRR10318523	184.41715819094603
PLEKHH2	SRR10318524	81.62164443194908
PLEKHH2	SRR10318525	56.34711078444794
PLEKHH2	SRR10318526	84.54736056342041
PLEKHH2	SRR10318527	202.07271076250862
PLEKHH2	SRR10318528	208.52754207079835
PLEKHH2	SRR10318529	181.41035669870234
PLEKHH2	SRR10318530	105.70773476281761
PLEKHH2	SRR10318531	50.44589886664
PLEKHH2	SRR10318532	88.72632540040584
PLEKHH2	SRR10318533	7.162335013713078
PLEKHH2	SRR10318534	21.368897773359123
PLEKHH2	SRR10318535	73.1158277550092
PLEKHH2	SRR10318536	95.38527176334564
PLEKHH2	SRR10318537	81.87816176055233
PLEKHH2	SRR10318538	156.28574522157209
PLEKHH2	SRR10318539	134.9670358380212
PLEKHH2	SRR10318540	230.24810212852069
PLEKHH2	SRR10318541	124.87922066540335
PLEKHH2	SRR10318542	67.5382839316177
PLEKHH2	SRR10318543	46.46036167725878
PLEKHH2	SRR10318544	169.41881333992524
PLEKHH2	SRR10318545	90.77675621188185
PLEKHH2	SRR10318546	130.18727730689287
PLEKHH2	SRR10318547	99.39135172111277
PLEKHH2	SRR10318548	70.33879291508386
PLEKHH2	SRR10318549	57.3918892417666
PLEKHH2	SRR10318568	86.2711172307921
PLEKHH2	SRR10318569	130.10729944865318
PLEKHH2	SRR10318570	63.67004254301074
PLEKHH2	SRR10318571	201.16590145522528
PLEKHH2	SRR10318572	93.4418400219165
PLEKHH2	SRR10318573	163.2398082565495
PLEKHH2	SRR10318574	211.51288563549295
PLEKHH2	SRR10318575	131.61531629530265
PLEKHH2	SRR10318576	86.37040888314696
PLEKHH2	SRR10318577	75.21728453724049
PLEKHH2	SRR10318578	122.10981569254935
PLEKHH2	SRR10318579	104.32786269770207
PLEKHH2	SRR10318580	79.10789867815913
PLEKHH2	SRR10318581	130
PLEKHH2	SRR10875803	13.789551596452922
PLEKHH2	SRR10875804	19.344495404993683
PLEKHH2	SRR10875805	14.543388128059703
PLEKHH2	SRR10875806	27.620519151449358
PLEKHH2	SRR10875807	14.410359002092806
PLEKHH2	SRR10875808	8.180401327001224
PLEKHH2	SRR10875809	4.425826700841485
PLEKHH2	SRR10875810	36.14585563367108
PLEKHH2	SRR10875812	11
PLEKHH2	SRR10875813	2.428859150795199
PLEKHH2	SRR10875814	22.087941254012858
PLEKHH2	SRR10875815	13
PLEKHH2	SRR10875816	6
PLEKHH2	SRR10875817	16.111847745480198
PLEKHH2	SRR10875818	13.003867973259256
PLEKHH2	SRR10875819	13
PLEKHH2	SRR10875820	9.302670538324298
PLEKHH2	SRR10875821	17.057589034535546
PLEKHH2	SRR10875822	24.99292852527821
PLEKHH2	SRR10875823	7
PLEKHH2	SRR10875824	32.57463477283626
PLEKHH2	SRR10875825	7.012298176200544
PLEKHH2	SRR10875826	24.413151616673535
PLEKHH2	SRR10875827	14.667058508981414
PLEKHH2	SRR10875829	9.762909991892776
PLEKHH2	SRR10875830	23
PLEKHH2	SRR10875831	14.05000449258409
PLEKHH2	SRR10875832	17
PLEKHH2	SRR10875834	10.033362899203649
PLEKHH2	SRR10875835	22
PLEKHH2	SRR10875836	20.62538338809153
PLEKHH2	SRR10875837	23.27839842555547
PLEKHH2	SRR10875838	14
PLEKHH2	SRR10875839	14.773173086650587
PLEKHH2	SRR10875840	12.183772996554245
PLEKHH2	SRR10875841	25.095417048305737
PLEKHH2	SRR10875842	32.574798116654385
PLEKHH2	SRR10875843	31.42391171604326
PLEKHH2	SRR10875844	19.197074129615796
PLEKHH2	SRR10875845	10.805728050710263
PLEKHH2	SRR10875846	15.482804519657849
PLEKHH2	SRR10875847	25.591937159833435
PLEKHH2	SRR10875848	13
PLEKHH2	SRR10875849	40.36444254233296
PLEKHH2	SRR10875850	33.00593871108442
PLEKHH2	SRR10875851	6.9699591948711355
PLEKHH2	SRR10875852	21.784833721046564
PLEKHH2	SRR10875853	16.03507701978261
PLEKHH2	SRR10875854	11.739894077688197
PLEKHH2	SRR10875855	14.57737015032085
PLEKHH2	SRR10875856	36.36795453726853
PLEKHH2	SRR10875857	19.094367177327083
PLEKHH2	SRR10875858	10.237688391541235
PLEKHH2	SRR10875859	16
PLEKHH2	SRR10875860	54.16635360552017
PLEKHH2	SRR10875861	3.540513776343332
PLEKHH2	SRR10875862	6.376492959015912
PLEKHH2	SRR10875863	5.027070681819608
PLEKHH2	SRR10875864	18
PLEKHH2	SRR10875865	27.814902229845792
PLEKHH2	SRR10875866	18.51521399527318
PLEKHH2	SRR10875867	18.200864376087285
PLEKHH2	SRR10875868	7.982255827749398
PLEKHH2	SRR10875869	12
PLEKHH2	SRR10875870	15.504114440516721
PLEKHH2	SRR10875871	11.001979570361472
PLEKHH2	SRR10875872	8.745921334415819
PLEKHH2	SRR10875873	24.102402089617755
PLEKHH2	SRR10875874	13.43110497149703
PLEKHH2	SRR10875875	33.50820616193549
PLEKHH2	SRR10875876	12
PLEKHH2	SRR10875877	15.302174974766217
PLEKHH2	SRR10875878	4.031673885867307
PLEKHH2	SRR10875879	19
PLEKHH2	SRR10875880	9.035975967550716
PLEKHH2	SRR10875881	17.099262205725154
PLEKHH2	SRR10875882	35
PLEKHH2	SRR10875883	14.090128973151469
PLEKHH2	SRR10875884	20.40130400027732
PLEKHH2	SRR10875885	12.021980401659391
PLEKHH2	SRR10875886	29.218224703617313
PLEKHH2	SRR10875887	18
PLEKHH2	SRR10875888	4.112885853531559
PLEKHH2	SRR10875889	15.033486309308314
PLEKHH2	SRR10875890	8.017538509891304
PLEKHH2	SRR10875891	21
PLEKHH2	SRR10875892	20.85708451865976
PLEKHH2	SRR10875893	10
PLEKHH2	SRR10875894	14.51816606158691
PLEKHH2	SRR10875895	7
PLEKHH2	SRR10875896	2.0201589259152826
PLEKHH2	SRR10875897	8.020424457111584
PLEKHH2	SRR10875898	16.078597612968345
PLEKHH2	SRR10875899	15.233289626723904
PLEKHH2	SRR10875900	14.052297502753452
PLEKHH2	SRR10875901	3.0065769412092394
PLEKHH2	SRR10875902	5.023051933127165
PLEKHH2	SRR12430469	2092
PLEKHH2	SRR12430470	1430.007576160901
PLEKHH2	SRR12430471	1189.2259746579916
PLEKHH2	SRR12430472	1244.5280983106065
PLEKHH2	SRR12430473	1322
PLEKHH2	SRR12430474	1144.9501821214062
PLEKHH2	SRR12430475	1225.3634482298025
PLEKHH2	SRR12430476	1233
PLEKHH2	SRR12765534	175
PLEKHH2	SRR12765535	59.1550481311614
PLEKHH2	SRR12765536	88.40841725579085
PLEKHH2	SRR12765537	78.32588478257652
PLEKHH2	SRR12765538	36.19725107466298
PLEKHH2	SRR12765539	20.62066790271604
PLEKHH2	SRR12765540	107.33438440824351
PLEKHH2	SRR12765541	42.3983612025535
PLEKHH2	SRR12765542	160
PLEKHH2	SRR12765543	25.406199947164612
PLEKHH2	SRR12765544	74.8528301391141
PLEKHH2	SRR12765545	39.3619645249999
PLEKHH2	SRR12765546	40.17676124988177
PLEKHH2	SRR12765547	71.57126152823517
PLEKHH2	SRR12765548	32.6541349986656
PLEKHH2	SRR12765549	53.40326305037271
PLEKHH2	SRR12765550	40.562450560514534
PLEKHH2	SRR12765551	43.58344508932424
PLEKHH2	SRR12765552	66.6513431143025
PLEKHH2	SRR12765553	17.753513314095954
PLEKHH2	SRR12765554	69.13289499832652
PLEKHH2	SRR12765555	34.7042739724432
PLEKHH2	SRR12765556	68.02940383972427
PLEKHH2	SRR12765557	101.04876136718065
PLEKHH2	SRR12765558	39.95681912394062
PLEKHH2	SRR12765559	240.45756565202188
PLEKHH2	SRR12765560	86.6111536636311
PLEKHH2	SRR12765561	211.59903569853708
PLEKHH2	SRR12765562	68.03739076488816
PLEKHH2	SRR12765563	145.05048081405778
PLEKHH2	SRR12765564	183.38188944930255
PLEKHH2	SRR12765565	155.65921634582924
PLEKHH2	SRR12765566	109.7735457082102
PLEKHH2	SRR12765567	63.83278295615668
PLEKHH2	SRR12765568	116.18208922071425
PLEKHH2	SRR12765569	56.64288658381978
PLEKHH2	SRR12765570	95.67648784962441
PLEKHH2	SRR12765571	16.17882488169001
PLEKHH2	SRR12765572	55.362120493623614
PLEKHH2	SRR12765573	22.75266475864953
PLEKHH2	SRR12765574	69.47886921146748
PLEKHH2	SRR12765575	16.383032500059038
PLEKHH2	SRR12765576	39.968551821502516
PLEKHH2	SRR12765577	15.684578432542153
PLEKHH2	SRR12765578	86.28355546195313
PLEKHH2	SRR12765579	79.66228003606638
PLEKHH2	SRR12765580	115.29328231907597
PLEKHH2	SRR12765581	56.890396794018194
PLEKHH2	SRR12765582	289.29058656735424
PLEKHH2	SRR12765583	70.61209237580212
PLEKHH2	SRR12765584	116.42810119084484
PLEKHH2	SRR12765585	63.69275166033747
PLEKHH2	SRR12765586	105.55405038116736
PLEKHH2	SRR12765587	26.304739526801086
PLEKHH2	SRR12765588	176.21641800369744
PLEKHH2	SRR12765589	33.59782578526287
PLEKHH2	SRR12765590	40.14288374219581
PLEKHH2	SRR12765591	52.41469781062235
PLEKHH2	SRR12765592	39.64479611863488
PLEKHH2	SRR12765593	73.6102678120033
PLEKHH2	SRR12765594	66.51006902134165
PLEKHH2	SRR12765595	76.89052910957847
PLEKHH2	SRR12765596	71.31313163076318
PLEKHH2	SRR12765597	117.94547907478562
PLEKHH2	SRR12765598	138.99017957959182
PLEKHH2	SRR12765599	137.4197329919497
PLEKHH2	SRR12765600	51.10661064799492
PLEKHH2	SRR12765601	41.89329217634405
PLEKHH2	SRR12765602	91.78818796424055
PLEKHH2	SRR12765603	65.6385890952329
PLEKHH2	SRR12765604	169.36712222959076
PLEKHH2	SRR12765605	137.04386700020638
PLEKHH2	SRR12765606	129.69871040082364
PLEKHH2	SRR12765607	54.46403381670374
PLEKHH2	SRR12765608	138.2133508004916
PLEKHH2	SRR12765609	150.7207599214087
PLEKHH2	SRR12765610	147.27851525824144
PLEKHH2	SRR12765611	185.0135592750828
PLEKHH2	SRR12765612	145.65822288833704
PLEKHH2	SRR12765613	79.46918009212173
PLEKHH2	SRR12765614	78.36472270690024
PLEKHH2	SRR12765615	107.97997903999537
PLEKHH2	SRR12765616	99.60620303017531
PLEKHH2	SRR12765617	156.31586328477295
PLEKHH2	SRR12765618	16.370921318685706
PLEKHH2	SRR12765619	72.5451737413851
PLEKHH2	SRR12765620	88.70402734910856
PLEKHH2	SRR12765621	261.674349036833
PLEKHH2	SRR12765622	74.59401150912888
PLEKHH2	SRR12765623	234
PLEKHH2	SRR12765624	125.49531578640205
PLEKHH2	SRR12765625	58.478753951944064
PLEKHH2	SRR12765626	82.40615287853817
PLEKHH2	SRR12765627	112.06047775882469
PLEKHH2	SRR12765628	69.78747813562177
PLEKHH2	SRR12765629	77.41445081373705
PLEKHH2	SRR12765630	162.28461493492688
PLEKHH2	SRR12765631	60.35919614385086
PLEKHH2	SRR12765632	36.23645909605401
PLEKHH2	SRR12765633	39.753245322302796
PLEKHH2	SRR12765634	98.53319202868471
PLEKHH2	SRR12765635	20.46229414269848
PLEKHH2	SRR12765636	53.64682702733607
PLEKHH2	SRR12765637	35.203714468323035
PLEKHH2	SRR12765638	381
PLEKHH2	SRR12765639	48.45429741149373
PLEKHH2	SRR12765640	192.9665910407731
PLEKHH2	SRR12765641	91.69183775201489
PLEKHH2	SRR12765642	242.59230299184767
PLEKHH2	SRR12765643	50.6989189189458
PLEKHH2	SRR12765644	184.65779741434122
PLEKHH2	SRR12765645	31.88458941485641
PLEKHH2	SRR12765646	68.46355083172098
PLEKHH2	SRR12765647	75.11783439331977
PLEKHH2	SRR12765648	73.8666269018336
PLEKHH2	SRR12765649	53.52269870362836
PLEKHH2	SRR12765650	86.53233234951796
PLEKHH2	SRR12765651	130.58390328689703
PLEKHH2	SRR12765652	90.95261928886701
PLEKHH2	SRR12774664	8.042433337279945
PLEKHH2	SRR12774665	7.093836820300479
PLEKHH2	SRR12774666	16.170487872453606
PLEKHH2	SRR12774667	14.208981240258883
PLEKHH2	SRR12774668	1.0531044481489285
PLEKHH2	SRR12774669	2.0368248147980488
PLEKHH2	SRR12774670	1.0489095745502544
PLEKHH2	SRR12774671	2.096684712460503
PLEKHH2	SRR12774672	1.006184793499986
PLEKHH2	SRR12774673	3.0426427820022397
PLEKHH2	SRR12774674	4.0968814734619645
PLEKHH2	SRR12774675	4.137537176802071
PLEKHH2	SRR12774676	5.032718639754687
PLEKHH2	SRR12774677	3.0326493755751844
PLEKHH2	SRR12774678	3.131262129431469
PLEKHH2	SRR12774679	5.116316223192787
PLEKHH2	SRR12774680	11.154537339685806
PLEKHH2	SRR12774681	7.060941271405462
PLEKHH2	SRR12774682	10.105892215554412
PLEKHH2	SRR12774683	10.071316617044578
PLEKHH2	SRR12774684	6.031716968380405
PLEKHH2	SRR12774685	9.066314763595235
PLEKHH2	SRR12774686	4.0719029641791655
PLEKHH2	SRR12774687	6.1758548318364666
PLEKHH2	SRR1609360	71.35263281214944
PLEKHH2	SRR1609361	65.6581442678793
PLEKHH2	SRR1609362	16.021482813333247
PLEKHH2	SRR1609363	310.2713488920638
PLEKHH2	SRR1609364	199.69663914793517
PLEKHH2	SRR1609365	47.67287923001769
PLEKHH2	SRR1609366	102.57998460663907
PLEKHH2	SRR1609367	159.42495388122077
PLEKHH2	SRR1609368	265.4668019079946
PLEKHH2	SRR1609369	251.22593228549087
PLEKHH2	SRR1609370	212.44240744946524
PLEKHH2	SRR1609371	21.632401509535462
PLEKHH2	SRR1609372	373.26857421382357
PLEKHH2	SRR1609373	305.27172194850505
PLEKHH2	SRR1609374	297.78049652465995
PLEKHH2	SRR1609375	203.3181913972125
PLEKHH2	SRR1609376	67.06183578983676
PLEKHH2	SRR1609377	177.93565056722193
PLEKHH2	SRR1609378	46.80071472103608
PLEKHH2	SRR1609379	182.3277942825345
PLEKHH2	SRR1609380	55.872591840901926
PLEKHH2	SRR1609381	234.16848891698316
PLEKHH2	SRR1609382	64.91299823322495
PLEKHH2	SRR1609383	37.3858759065945
PLEKHH2	SRR1609384	95.91594595631929
PLEKHH2	SRR1609385	101.74097812293594
PLEKHH2	SRR1609386	250.64464234331837
PLEKHH2	SRR1609387	137.00522871854616
PLEKHH2	SRR1609388	125.57183573845454
PLEKHH2	SRR1609389	251.63312301004098
PLEKHH2	SRR1609390	121.53889208205618
PLEKHH2	SRR1609391	59.56301577620608
PLEKHH2	SRR1609392	97.4821109384345
PLEKHH2	SRR1609393	39.701678443824044
PLEKHH2	SRR1609394	115.10223251416652
PLEKHH2	SRR1609395	175.95930040530945
PLEKHH2	SRR1609396	377.40725483714033
PLEKHH2	SRR1609397	108.55481845601207
PLEKHH2	SRR1609398	256.1756485894854
PLEKHH2	SRR1609399	127.48378627330835
PLEKHH2	SRR1609400	164.35953945277174
PLEKHH2	SRR1609401	177.87609381674437
PLEKHH2	SRR1609402	268.19200765674407
PLEKHH2	SRR1609403	191.60534268856318
PLEKHH2	SRR1609404	86.01539015676757
PLEKHH2	SRR1609405	224.47199489685704
PLEKHH2	SRR1609406	159.62589419351403
PLEKHH2	SRR1609407	132.30331105004157
PLEKHH2	SRR1609408	194.5024697091636
PLEKHH2	SRR1609409	115.10044771619911
PLEKHH2	SRR1609410	160
PLEKHH2	SRR1609411	38.94488641580314
PLEKHH2	SRR1609412	464
PLEKHH2	SRR1609413	375.529256121953
PLEKHH2	SRR1609414	215.3484751951434
PLEKHH2	SRR1609415	508.09142015851165
PLEKHH2	SRR1609416	139.36528288527856
PLEKHH2	SRR1609417	166.10730692921248
PLEKHH2	SRR1609418	380.5474259739945
PLEKHH2	SRR1609419	177.86274209009696
PLEKHH2	SRR1609420	196.91584765395942
PLEKHH2	SRR1609421	223.42990855268292
PLEKHH2	SRR1609422	86.40145556732062
PLEKHH2	SRR1609423	65.34089754991268
PLEKHH2	SRR1609424	42.07107104679279
PLEKHH2	SRR1609425	547.8865857290393
PLEKHH2	SRR1609426	222.04317438022187
PLEKHH2	SRR1609427	184.94637939738195
PLEKHH2	SRR1609428	106.91480853758678
PLEKHH2	SRR1609429	342.4310591606349
PLEKHH2	SRR1609430	121.49596833500586
PLEKHH2	SRR1609431	186.35505866866484
PLEKHH2	SRR1609432	451.67732932749624
PLEKHH2	SRR1609433	132.07745834626405
PLEKHH2	SRR1609434	117.74038602169102
PLEKHH2	SRR1609435	386.72415802102944
PLEKHH2	SRR1609436	282.9137237520945
PLEKHH2	SRR1609437	79.6734763093282
PLEKHH2	SRR1609438	119.74486832677859
PLEKHH2	SRR1609439	115.67595479758883
PLEKHH2	SRR1609440	342.8626616312112
PLEKHH2	SRR1609441	252.57132534846954
PLEKHH2	SRR1609442	193.3829305224994
PLEKHH2	SRR1609443	212.82106178563413
PLEKHH2	SRR1609444	426.23003147552964
PLEKHH2	SRR1609445	261.91552546912885
PLEKHH2	SRR1609446	150.6394791338422
PLEKHH2	SRR1609447	35.781253677030094
PLEKHH2	SRR1609448	270.3645023276963
PLEKHH2	SRR1609449	157.3890751146051
PLEKHH2	SRR1609450	425.86811767182894
PLEKHH2	SRR1609451	163.07058700222032
PLEKHH2	SRR1609452	6.316352829631666
PLEKHH2	SRR1609453	327.5989659452184
PLEKHH2	SRR1609454	86.36083825930945
PLEKHH2	SRR1609455	22.529228365337488
PLEKHH2	SRR1609456	187.9036868698814
PLEKHH2	SRR1609457	185.20856871316496
PLEKHH2	SRR1609458	39.696012049238625
PLEKHH2	SRR1609459	243.94567182372984
PLEKHH2	SRR1609460	266.54536560492943
PLEKHH2	SRR1609461	303.50966723360875
PLEKHH2	SRR1609462	234.86444472579026
PLEKHH2	SRR1609463	119.7657100323464
PLEKHH2	SRR1609464	102.12198550817743
PLEKHH2	SRR1609465	226.67622968168138
PLEKHH2	SRR1609466	30.283190304944068
PLEKHH2	SRR1609467	227.6877974737965
PLEKHH2	SRR1609468	448.7461446372402
PLEKHH2	SRR1609469	146.026274297525
PLEKHH2	SRR1609470	243.16789427954785
PLEKHH2	SRR1609471	202.4254921822147
PLEKHH2	SRR1609472	97.83696297703456
PLEKHH2	SRR1609473	38.06951757835118
PLEKHH2	SRR1609474	267.6816662560991
PLEKHH2	SRR1609475	85.82857745073433
PLEKHH2	SRR1609476	426.12921801449386
PLEKHH2	SRR1609477	140.7901216917835
PLEKHH2	SRR1609478	43.98892186647837
PLEKHH2	SRR1609479	144.48557604371084
PLEKHH2	SRR1609480	284
PLEKHH2	SRR1609481	98.01130453760418
PLEKHH2	SRR1609482	336.21808232450053
PLEKHH2	SRR1609483	254.14422734596815
PLEKHH2	SRR1609484	123.97181431973425
PLEKHH2	SRR1609485	376.33844836392257
PLEKHH2	SRR1609486	304.98625405597585
PLEKHH2	SRR1609487	201.78222237271478
PLEKHH2	SRR1609488	436.6280992754253
PLEKHH2	SRR1609489	357.7826560038995
PLEKHH2	SRR1609490	154.49167641887075
PLEKHH2	SRR1609491	258.90979204328045
PLEKHH2	SRR1609492	320
PLEKHH2	SRR1609493	302.3454173078236
PLEKHH2	SRR1609494	174.0267335267307
PLEKHH2	SRR1609495	155.3460251961859
PLEKHH2	SRR1609496	587.4844982796877
PLEKHH2	SRR1609497	544.4896699733348
PLEKHH2	SRR1609498	380.136782622541
PLEKHH2	SRR1609499	473.9920926077518
PLEKHH2	SRR1609500	248.42811048365263
PLEKHH2	SRR1609501	358.45956470579756
PLEKHH2	SRR1609502	94.20217155756559
PLEKHH2	SRR1609503	10.057459677916173
PLEKHH2	SRR1609504	467
PLEKHH2	SRR1609505	809
PLEKHH2	SRR1609506	106.04811314066463
PLEKHH2	SRR1609507	110.66493681714392
PLEKHH2	SRR1609508	253.13661493734506
PLEKHH2	SRR1609509	129.81627801576923
PLEKHH2	SRR1609510	116.65002497739776
PLEKHH2	SRR1609511	37.33111605042853
PLEKHH2	SRR1609512	372.2263817786578
PLEKHH2	SRR1609513	124.39688497420399
PLEKHH2	SRR1609514	90.26377719808019
PLEKHH2	SRR1609515	226.44778567634674
PLEKHH2	SRR1609516	345.43723545136316
PLEKHH2	SRR1609517	82.8222528651056
PLEKHH2	SRR1609518	307.49759016236754
PLEKHH2	SRR1609519	189.31730070429367
PLEKHH2	SRR1609520	23.73690537766509
PLEKHH2	SRR1609521	291.4704654863965
PLEKHH2	SRR1609522	45.05839830556128
PLEKHH2	SRR1609523	300.4155060569447
PLEKHH2	SRR1609524	92.5211714781384
PLEKHH2	SRR1609525	197.0816801169152
PLEKHH2	SRR1609526	27.55007028038006
PLEKHH2	SRR1609527	365
PLEKHH2	SRR1609528	178.53191737958352
PLEKHH2	SRR1609529	125.09027699024236
PLEKHH2	SRR1609530	280.3378845741087
PLEKHH2	SRR1609531	244.92573779374746
PLEKHH2	SRR1609532	103.74221916648537
PLEKHH2	SRR1609533	165.07803480448155
PLEKHH2	SRR1609534	317.4092542980306
PLEKHH2	SRR1609535	65.78667278402939
PLEKHH2	SRR1609536	162.7326627067289
PLEKHH2	SRR1609537	371.4220106907268
PLEKHH2	SRR1609538	516
PLEKHH2	SRR1609539	153.9477268555814
PLEKHH2	SRR1609540	348
PLEKHH2	SRR1609541	34.107737791495524
PLEKHH2	SRR1609542	444.0375148672483
PLEKHH2	SRR1609543	403.8108322580309
PLEKHH2	SRR1609544	76.44428446012714
PLEKHH2	SRR1609545	178.7666355470556
PLEKHH2	SRR1609546	380
PLEKHH2	SRR1609547	315.6236498852225
PLEKHH2	SRR1609548	77.36779153811396
PLEKHH2	SRR1609549	109.15516126098247
PLEKHH2	SRR1609550	421
PLEKHH2	SRR1609551	87.9840658885074
PLEKHH2	SRR1609552	190.8482451489939
PLEKHH2	SRR1609553	569.4831252416118
PLEKHH2	SRR1609554	154.3831624001877
PLEKHH2	SRR1609555	401.37546861736314
PLEKHH2	SRR1609556	149.23662225134927
PLEKHH2	SRR1609557	304.9102107238177
PLEKHH2	SRR1609558	220.94475906201254
PLEKHH2	SRR1609559	119.88713543223234
PLEKHH2	SRR1609560	304.15074390432403
PLEKHH2	SRR1609561	453.1478508782915
PLEKHH2	SRR1609562	219.21652937292347
PLEKHH2	SRR1609563	282.25450993088043
PLEKHH2	SRR1609564	442.39785685333453
PLEKHH2	SRR1609565	74.80936747935922
PLEKHH2	SRR1609566	228.76376916212433
PLEKHH2	SRR1609567	5.0324452738891825
PLEKHH2	SRR1609568	236
PLEKHH2	SRR1609569	508
PLEKHH2	SRR1609570	58.0126930833751
PLEKHH2	SRR1609571	35.84616000680011
PLEKHH2	SRR1609572	201.63408898806384
PLEKHH2	SRR1609573	32.63458822169026
PLEKHH2	SRR1609574	144.73575229573535
PLEKHH2	SRR1609575	56.88242074701095
PLEKHH2	SRR1609576	260.03179025082534
PLEKHH2	SRR1609577	207.86968385939832
PLEKHH2	SRR1609578	420.7418628768419
PLEKHH2	SRR1609579	79.52940923501976
PLEKHH2	SRR1609580	118.90609159850267
PLEKHH2	SRR1609581	158.35424434528582
PLEKHH2	SRR1609582	438.60094060074596
PLEKHH2	SRR1609583	122.21966145429846
PLEKHH2	SRR1609584	282.56738138155015
PLEKHH2	SRR1609585	358.31624257144193
PLEKHH2	SRR1609586	88.39347847067944
PLEKHH2	SRR1609587	124.47660353098398
PLEKHH2	SRR1609588	227.00277824961532
PLEKHH2	SRR1609589	312.8199155410569
PLEKHH2	SRR1609590	256.0730230675005
PLEKHH2	SRR1609591	224.73266632430165
PLEKHH2	SRR1609592	185.25947503261702
PLEKHH2	SRR1609593	208.1459349951568
PLEKHH2	SRR1609594	76.89998255266654
PLEKHH2	SRR1609595	146.47578797671702
PLEKHH2	SRR1609596	399.0459179017329
PLEKHH2	SRR1609597	277.16160544101916
PLEKHH2	SRR1609598	122.27691140287529
PLEKHH2	SRR1609599	73.52768269109349
PLEKHH2	SRR1609600	94.84047257781363
PLEKHH2	SRR1609601	154.2245607578256
PLEKHH2	SRR1609602	23.26432767798385
PLEKHH2	SRR1609603	558
PLEKHH2	SRR1609604	130.90975452332862
PLEKHH2	SRR1609605	118.89284407308186
PLEKHH2	SRR1609606	76.20622365562743
PLEKHH2	SRR1609607	422.08824017792415
PLEKHH2	SRR1609608	106.0776724901323
PLEKHH2	SRR1609609	87.75551837904919
PLEKHH2	SRR1609610	604
PLEKHH2	SRR1609611	75.267984863324
PLEKHH2	SRR1609612	291.6815278247613
PLEKHH2	SRR1609613	507.41846784974734
PLEKHH2	SRR1609614	124.398405025976
PLEKHH2	SRR1609615	168.53244801925976
PLEKHH2	SRR1609616	1046
PLEKHH2	SRR1609617	340
PLEKHH2	SRR1609618	354.129602802137
PLEKHH2	SRR1609619	148.53813786276442
PLEKHH2	SRR1609620	27.338672584561284
PLEKHH2	SRR1609621	176.49191135645304
PLEKHH2	SRR1609622	56.138547820025
PLEKHH2	SRR1609623	93.74811987643707
PLEKHH2	SRR1609624	43.16081349267733
PLEKHH2	SRR1609625	400.61840511453715
PLEKHH2	SRR1609626	144.09806015750746
PLEKHH2	SRR1609627	335.8033785900098
PLEKHH2	SRR1609628	746.4203600448179
PLEKHH2	SRR1609629	108.7178821520774
PLEKHH2	SRR1609630	366.018921894117
PLEKHH2	SRR1609631	427
PLEKHH2	SRR1609632	431
PLEKHH2	SRR1609633	246.88177740140668
PLEKHH2	SRR1609634	194.60360902870772
PLEKHH2	SRR1609635	29.72298470468514
PLEKHH2	SRR1609636	39.2739891696316
PLEKHH2	SRR1609637	142.5758798988956
PLEKHH2	SRR1609638	128.04019390697687
PLEKHH2	SRR1609639	294.62107378961514
PLEKHH2	SRR1609640	405.07288418149056
PLEKHH2	SRR1609641	246.0442703917202
PLEKHH2	SRR1609642	524
PLEKHH2	SRR1609643	289.3671469115398
PLEKHH2	SRR1609644	499.5217290712067
PLEKHH2	SRR1609645	372.1758227091986
PLEKHH2	SRR1609646	214.50119228350144
PLEKHH2	SRR1609647	94.9220331945575
PLEKHH2	SRR1609648	289.0460054662954
PLEKHH2	SRR1609649	207.67425089082155
PLEKHH2	SRR1609650	161.1891812444709
PLEKHH2	SRR1609651	268.9097604239841
PLEKHH2	SRR1609652	283.9991112748182
PLEKHH2	SRR1609653	126.09676001852326
PLEKHH2	SRR1609654	16.549727529415534
PLEKHH2	SRR1609655	195.3251831312871
PLEKHH2	SRR1609656	66.94467834408968
PLEKHH2	SRR1609657	98.2465401602513
PLEKHH2	SRR1609658	60.1829280773317
PLEKHH2	SRR1609659	194.53747255682444
PLEKHH2	SRR1609660	182.7138677313929
PLEKHH2	SRR1609661	470.69147165998936
PLEKHH2	SRR1609662	198.92583456366984
PLEKHH2	SRR1609663	316.84011518635515
PLEKHH2	SRR1609664	463.3203606249852
PLEKHH2	SRR1609665	318
PLEKHH2	SRR1609666	108.77988188865469
PLEKHH2	SRR1609667	379.08987403762893
PLEKHH2	SRR1609668	86.69827006932516
PLEKHH2	SRR1609669	233.406154100161
PLEKHH2	SRR1746771	667.770668307466
PLEKHH2	SRR1746772	659.2883817919088
PLEKHH2	SRR1746773	350.0021113865219
PLEKHH2	SRR1746774	515.5636427322775
PLEKHH2	SRR1746775	431.2774415247155
PLEKHH2	SRR1746776	490.38553152946366
PLEKHH2	SRR1746777	278.06253017807
PLEKHH2	SRR1746778	352.72716271572034
PLEKHH2	SRR1746779	746.5678697764075
PLEKHH2	SRR1746780	518.8674647256886
PLEKHH2	SRR1746781	256.0874748258718
PLEKHH2	SRR1746782	322.43308785698446
PLEKHH2	SRR1746783	524
PLEKHH2	SRR1746784	598.0957372819576
PLEKHH2	SRR1782685	76.21053847230895
PLEKHH2	SRR1782686	45.06066626081175
PLEKHH2	SRR1782687	124.50258609766534
PLEKHH2	SRR1782688	92.5247217335112
PLEKHH2	SRR1782689	58.01894572816988
PLEKHH2	SRR1782690	106.10715476227197
PLEKHH2	SRR1782691	291.50233931751177
PLEKHH2	SRR1782692	194.59559644411272
PLEKHH2	SRR1782693	212.8666251989055
PLEKHH2	SRR1782694	67.06147681695214
PLEKHH2	SRR1782695	234.16848891698316
PLEKHH2	SRR1782696	268.9033513762494
PLEKHH2	SRR1782697	270.3653902868651
PLEKHH2	SRR1782698	212.44240744946524
PLEKHH2	SRR1782699	146.46171240169434
PLEKHH2	SRR1782700	118.89330449345466
PLEKHH2	SRR1782701	110.68573639164283
PLEKHH2	SRR1782702	109.15197319533009
PLEKHH2	SRR1782703	127.4942400066407
PLEKHH2	SRR1782704	55.87142399009889
PLEKHH2	SRR1782705	35.84720393790995
PLEKHH2	SRR1782706	267.6816662560991
PLEKHH2	SRR1782707	234.8931035721417
PLEKHH2	SRR1782708	38.951141569593666
PLEKHH2	SRR1782709	67.16089182039111
PLEKHH2	SRR1782710	464
PLEKHH2	SRR1782711	102.13231797488199
PLEKHH2	SRR1782712	86.00506419494877
PLEKHH2	SRR1782713	85.82809287713167
PLEKHH2	SRR1782714	97.83498679901095
PLEKHH2	SRR1782715	251.6220245462795
PLEKHH2	SRR1782716	117.73087199515074
PLEKHH2	SRR1782717	373.30786687959716
PLEKHH2	SRR1782718	47.673719136001026
PLEKHH2	SRR1782719	101.73411625690999
PLEKHH2	SRR1782720	46.79989297281576
PLEKHH2	SRR1782721	30.28127723387142
PLEKHH2	SRR1782722	251.2217231436646
PLEKHH2	SRR1782723	164.35953945277174
PLEKHH2	SRR1782724	150.6583464689397
PLEKHH2	SRR1782725	16.02862241143948
PLEKHH2	SRR1782726	137.01127170134467
PLEKHH2	SRR1782727	320
PLEKHH2	SRR1782728	21.636406689733498
PLEKHH2	SRR1782729	372.616976159365
PLEKHH2	SRR1782730	317.43296051868913
PLEKHH2	SRR1782731	87.72863895103347
PLEKHH2	SRR1782732	42.09010418735129
PLEKHH2	SRR1782733	266.5496013491977
PLEKHH2	SRR1782734	129.80478895499428
PLEKHH2	SRR1782735	386.7626107000791
PLEKHH2	SRR1782736	77.38817114212432
PLEKHH2	SRR1782737	400.64832594445284
PLEKHH2	SRR1782738	71.3777193611845
PLEKHH2	SRR1782739	37.38677793418766
PLEKHH2	SRR1782740	124.42424092229585
PLEKHH2	SRR1782741	65.36713668383693
PLEKHH2	SRR1782742	421
PLEKHH2	SRR1782743	425.8550960537547
PLEKHH2	SRR1782744	203.0135328955524
PLEKHH2	SRR1782745	226.69417709558383
PLEKHH2	SRR1782746	32.636690432748466
PLEKHH2	SRR1782747	186.3503663602903
PLEKHH2	SRR1782748	108.5666826155483
PLEKHH2	SRR1782749	125.57239336300671
PLEKHH2	SRR1782750	342.4671056700053
PLEKHH2	SRR1782751	97.48641064819795
PLEKHH2	SRR1782752	119.79131230766731
PLEKHH2	SRR1782753	358.3430039963119
PLEKHH2	SRR1782754	132.0886470317621
PLEKHH2	SRR1782755	365.9803964291034
PLEKHH2	SRR1782756	39.7199679903639
PLEKHH2	SRR1782757	451.6497081954514
PLEKHH2	SRR1782758	215.37114416929563
PLEKHH2	SRR1782759	220.97451827513905
PLEKHH2	SRR1782760	64.90919994681423
PLEKHH2	SRR1782761	11.23350924195671
PLEKHH2	SRR1782762	59.59947021893057
PLEKHH2	SRR1782763	265.4433074412954
PLEKHH2	SRR1782764	377.43389901672003
PLEKHH2	SRR1782765	191.61120151617047
PLEKHH2	SRR1782766	177.8791261882801
PLEKHH2	SRR1782767	95.91754730591587
PLEKHH2	SRR1782768	203.30440249911763
PLEKHH2	SRR1782769	199.68994760596507
PLEKHH2	SRR1782770	256.18452919281583
PLEKHH2	SRR1782771	250.65174077628234
PLEKHH2	SRR1782772	177.95024137830248
PLEKHH2	SRR1782773	268.16377900191264
PLEKHH2	SRR1782774	297.75825797026755
PLEKHH2	SRR1782775	60.181806433590886
PLEKHH2	SRR1782776	50.73033927440246
PLEKHH2	SRR1782777	508.09142015851165
PLEKHH2	SRR1782778	746.3646166030206
PLEKHH2	SRR1782779	154.231177993325
PLEKHH2	SRR1782780	94.19959496004873
PLEKHH2	SRR1782781	16.551997574544554
PLEKHH2	SRR1782782	27.554266465254614
PLEKHH2	SRR1782783	153.96877317137844
PLEKHH2	SRR1782784	372.24127796191885
PLEKHH2	SRR1782785	643.6946017514091
PLEKHH2	SRR1782786	29.727496326806605
PLEKHH2	SRR1782787	365
PLEKHH2	SRR1782788	284.05022002239673
PLEKHH2	SRR1782789	75.259447124373
PLEKHH2	SRR1782790	208.15793210299955
PLEKHH2	SRR1782791	76.45030938636772
PLEKHH2	SRR1782792	130.89020230266206
PLEKHH2	SRR1782793	37.33096439997229
PLEKHH2	SRR1782794	79.54071257612293
PLEKHH2	SRR1782795	73.52768269109349
PLEKHH2	SRR1782796	23.751259215490446
PLEKHH2	SRR1782797	76.90221018729876
PLEKHH2	SRR1782798	45.868501589768144
PLEKHH2	SRR1782799	307.49759016236754
PLEKHH2	SRR1782800	420.7418628768419
PLEKHH2	SRR1782801	102.56746902413421
PLEKHH2	SRR1782802	305.2354607136248
PLEKHH2	SRR1782803	170.62334841833353
PLEKHH2	SRR1782804	159.42974795170352
PLEKHH2	SRR1782805	182.3277942825345
PLEKHH2	SRR1782806	129.34295841468295
PLEKHH2	SRR1782807	23.809188121466747
PLEKHH2	SRR1782808	73.89350834434184
PLEKHH2	SRR1782809	97.28812237394416
PLEKHH2	SRR1782810	105.73104827175477
PLEKHH2	SRR1782811	112.34657456156079
PLEKHH2	SRR1782812	88.09243507932769
PLEKHH2	SRR1782813	156.97604471538835
PLEKHH2	SRR1782814	144.8528044017734
PLEKHH2	SRR1782815	15.931820023418865
PLEKHH2	SRR1782816	426.23003147552964
PLEKHH2	SRR1782817	372.28592982721227
PLEKHH2	SRR1782818	226.9973148441937
PLEKHH2	SRR1782819	122.29334832742055
PLEKHH2	SRR1782820	122.19935479710233
PLEKHH2	SRR1782821	316.85409026879444
PLEKHH2	SRR1782822	123.96671251548344
PLEKHH2	SRR1782823	336.26830617641633
PLEKHH2	SRR1782824	140.79560324325675
PLEKHH2	SRR1782825	174.0050685886266
PLEKHH2	SRR1782826	166.12479245932298
PLEKHH2	SRR1782827	201.64286757535632
PLEKHH2	SRR1782828	648
PLEKHH2	SRR1782829	284
PLEKHH2	SRR1782830	56.12361548188097
PLEKHH2	SRR1782831	56.890216268776044
PLEKHH2	SRR1782832	119.77895864192625
PLEKHH2	SRR1782833	43.991457298359514
PLEKHH2	SRR1782834	146.026274297525
PLEKHH2	SRR1782835	11.149797381951183
PLEKHH2	SRR1782836	497.8620889437057
PLEKHH2	SRR1782837	67.82294183096158
PLEKHH2	SRR1782838	98.25924708826194
PLEKHH2	SRR1782839	85.15292742776089
PLEKHH2	SRR1782840	176.4570060701432
PLEKHH2	SRR1782841	115.69306366243204
PLEKHH2	SRR1782842	301
PLEKHH2	SRR1782843	128.01859364805156
PLEKHH2	SRR1782844	246.0442703917202
PLEKHH2	SRR1782845	93.72925674974245
PLEKHH2	SRR1782846	335.8107811343466
PLEKHH2	SRR1782847	35.77837003648285
PLEKHH2	SRR1782848	43.1754301980379
PLEKHH2	SRR1782849	39.69223201492676
PLEKHH2	SRR1782850	22.531424813165486
PLEKHH2	SRR1782851	6.317348565756299
PLEKHH2	SRR1782852	12.639231424855963
PLEKHH2	SRR1782853	5.033734128413263
PLEKHH2	SRR1782854	228.74668484806452
PLEKHH2	SRR1782855	291.6993659277179
PLEKHH2	SRR1782856	315.6621632059489
PLEKHH2	SRR1782857	193.3414330220005
PLEKHH2	SRR1782858	442.44442651477704
PLEKHH2	SRR1782859	547.8865857290393
PLEKHH2	SRR1782860	252.57132534846954
PLEKHH2	SRR1782861	327.60792660670046
PLEKHH2	SRR1782862	196.9027147243411
PLEKHH2	SRR1782863	342.89300850815357
PLEKHH2	SRR1782864	121.5485510764369
PLEKHH2	SRR1782865	121.51257814516593
PLEKHH2	SRR1782866	261.91705350833416
PLEKHH2	SRR1782867	86.4058693026531
PLEKHH2	SRR1782868	148.53813786276442
PLEKHH2	SRR1782869	282.9657940355584
PLEKHH2	SRR1782870	157.3890751146051
PLEKHH2	SRR1782871	184.96584805017972
PLEKHH2	SRR1782872	139.3756916055773
PLEKHH2	SRR1782873	222.019803138916
PLEKHH2	SRR1782874	223.43003823471312
PLEKHH2	SRR1782875	221.13362834892132
PLEKHH2	SRR1782876	182.71639332288302
PLEKHH2	SRR1782877	258.8734136969206
PLEKHH2	SRR1782878	144.11943891663586
PLEKHH2	SRR1782879	66.94792443863012
PLEKHH2	SRR1782880	345.4572469581577
PLEKHH2	SRR1782881	207.86136542431734
PLEKHH2	SRR1782882	289.0164697565432
PLEKHH2	SRR1782883	189.34040175493968
PLEKHH2	SRR1782884	382.2750545567845
PLEKHH2	SRR1782885	558
PLEKHH2	SRR1782886	197.08770639766584
PLEKHH2	SRR1782887	219.19712816941234
PLEKHH2	SRR1782888	354.14522263736666
PLEKHH2	SRR1782889	278.1950956901663
PLEKHH2	SRR1782890	470.72662600958114
PLEKHH2	SRR1782891	507.3650593201302
PLEKHH2	SRR1782892	248.4542616342941
PLEKHH2	SRR1782893	260.0035820021196
PLEKHH2	SRR1782894	162.80186029085206
PLEKHH2	SRR1782895	244.89468831807872
PLEKHH2	SRR1782896	357.7657219574033
PLEKHH2	SRR1782897	569.5637378013811
PLEKHH2	SRR1782898	444.0043536879842
PLEKHH2	SRR1782899	371.3921521412428
PLEKHH2	SRR1782900	587.5902225433804
PLEKHH2	SRR1782901	376.36956241822423
PLEKHH2	SRR1782902	604
PLEKHH2	SRR1782903	399.01611674130135
PLEKHH2	SRR1782904	524
PLEKHH2	SRR1782905	202.42153917354707
PLEKHH2	SRR1782906	304.9236596058475
PLEKHH2	SRR1782907	243.18198122637693
PLEKHH2	SRR1782908	244.74424233694194
PLEKHH2	SRR1782909	208.71235872126294
PLEKHH2	SRR1782910	236
PLEKHH2	SRR1782911	185.27071093010215
PLEKHH2	SRR1782912	426.352141508921
PLEKHH2	SRR1782913	348
PLEKHH2	SRR1782914	453.2216734224528
PLEKHH2	SRR1782915	508
PLEKHH2	SRR1782916	138.44810562230805
PLEKHH2	SRR1782917	218.70428897381143
PLEKHH2	SRR1782918	217.2344145879561
PLEKHH2	SRR1782919	540
PLEKHH2	SRR1782920	544.5469864797257
PLEKHH2	SRR1782921	473.98706945092954
PLEKHH2	SRR1782922	16.609167716825436
PLEKHH2	SRR1782923	368.04087402686
PLEKHH2	SRR1782924	118.60493003352458
PLEKHH2	SRR1782925	454.57776769557944
PLEKHH2	SRR1782926	374.7308404278373
PLEKHH2	SRR1782927	258.73247019062825
PLEKHH2	SRR1782928	261.8631601241729
PLEKHH2	SRR1782929	287.45785686265896
PLEKHH2	SRR1782930	156.4428889524729
PLEKHH2	SRR1782931	257.68598907820206
PLEKHH2	SRR1782932	164.61202859277412
PLEKHH2	SRR1782933	12.779222151355627
PLEKHH2	SRR1782934	219.27562219092786
PLEKHH2	SRR1782935	294.31708253753976
PLEKHH2	SRR1782936	125.07841915543946
PLEKHH2	SRR1782937	194.51636913172717
PLEKHH2	SRR1782938	10.059579342518813
PLEKHH2	SRR1782939	300.4175960415661
PLEKHH2	SRR1782940	312.8294808169076
PLEKHH2	SRR1782941	118.92186114836416
PLEKHH2	SRR1782942	201.7902975256605
PLEKHH2	SRR1782943	190.87675382983727
PLEKHH2	SRR1782944	358.46218624193995
PLEKHH2	SRR1782945	144.75588108274934
PLEKHH2	SRR1782946	403.8409915195023
PLEKHH2	SRR1782947	282.58848538089245
PLEKHH2	SRR1782948	516
PLEKHH2	SRR1782949	214.52377206717108
PLEKHH2	SRR1782950	318
PLEKHH2	SRR1782951	124.40898595161119
PLEKHH2	SRR1782952	179.99080637436512
PLEKHH2	SRR1782953	226.43087432232062
PLEKHH2	SRR1782954	86.71033581010393
PLEKHH2	SRR1782955	39.28599730140473
PLEKHH2	SRR1782956	75.12233740639634
PLEKHH2	SRR1782957	233.42244017954968
PLEKHH2	SRR1782958	294.6040070999687
PLEKHH2	SRR1782959	38.084996441944554
PLEKHH2	SRR1782960	809
PLEKHH2	SRR1782961	316.14536099169453
PLEKHH2	SRR1782962	463.35570260046234
PLEKHH2	SRR1782963	195.33707122901043
PLEKHH2	SRR1782964	432.1555002445729
PLEKHH2	SRR1782965	379.15654527738917
PLEKHH2	SRR1782966	477
PLEKHH2	SRR1782967	325.30270252090173
PLEKHH2	SRR1782968	299.3126192230277
PLEKHH2	SRR1782969	289.42582149619585
PLEKHH2	SRR1782970	27.337704768994328
PLEKHH2	SRR1782971	108.79725240727063
PLEKHH2	SRR1782972	175.98038547434666
PLEKHH2	SRR1782973	126.15134586797
PLEKHH2	SRR1782974	338
PLEKHH2	SRR1782975	62.36828084688178
PLEKHH2	SRR1782976	241.34106622993093
PLEKHH2	SRR1782977	405.1457814792871
PLEKHH2	SRR1782978	75.23585923913619
PLEKHH2	SRR1782979	126.04787452145193
PLEKHH2	SRR1782980	448.7733608736951
PLEKHH2	SRR1782981	145.77175536662276
PLEKHH2	SRR1782982	105.60958765086619
PLEKHH2	SRR1782983	499.4780977490493
PLEKHH2	SRR1782984	256.09214829308024
PLEKHH2	SRR1782985	209.42081490364802
PLEKHH2	SRR1782986	323.96539358630616
PLEKHH2	SRR1782987	307.3869449190494
PLEKHH2	SRR1782988	431
PLEKHH2	SRR1782989	30.249840522908862
PLEKHH2	SRR1782990	117.55577536261966
PLEKHH2	SRR1782991	142.58698824342864
PLEKHH2	SRR1782992	423.0328589361972
PLEKHH2	SRR1782993	94.93264324052907
PLEKHH2	SRR1782994	467
PLEKHH2	SRR1782995	207.71010509031854
PLEKHH2	SRR1782996	427
PLEKHH2	SRR1782997	282.2631405906098
PLEKHH2	SRR1782998	246.8944723935138
PLEKHH2	SRR1782999	157.28206711298566
PLEKHH2	SRR1783000	256.9983163404313
PLEKHH2	SRR1783001	108.74985654034
PLEKHH2	SRR1783002	71.85235858659398
PLEKHH2	SRR1783003	181
PLEKHH2	SRR1783004	198.9090297380675
PLEKHH2	SRR1783005	86.35002306776559
PLEKHH2	SRR1783006	106.47311325897213
PLEKHH2	SRR1813867	64.99149374699498
PLEKHH2	SRR1813868	84.56593923741592
PLEKHH2	SRR1813869	120.20069471070956
PLEKHH2	SRR1813870	300.71821448205986
PLEKHH2	SRR1813871	368.79855569378424
PLEKHH2	SRR1813872	173.80038393406008
PLEKHH2	SRR1813873	375.1548683402301
PLEKHH2	SRR1813874	116.17051630844574
PLEKHH2	SRR1813875	149
PLEKHH2	SRR1813876	81.43203329528671
PLEKHH2	SRR1813877	384.5137663016713
PLEKHH2	SRR1813878	278.20017059368087
PLEKHH2	SRR1813879	266
PLEKHH2	SRR1813880	263
PLEKHH2	SRR1813881	104.01522961277975
PLEKHH2	SRR1813882	459.8479454363451
PLEKHH2	SRR1813883	169.13948928324913
PLEKHH2	SRR1813884	230.91116457055705
PLEKHH2	SRR1813885	82
PLEKHH2	SRR1813886	231.2911539944639
PLEKHH2	SRR1813887	210.19155359539954
PLEKHH2	SRR1928188	2735.1880000317146
PLEKHH2	SRR1928189	2434.6752939638613
PLEKHH2	SRR1928190	3136.3442045973256
PLEKHH2	SRR1928191	1398.6590499968272
PLEKHH2	SRR1928192	2094.6748642729112
PLEKHH2	SRR1928193	3036.954431113661
PLEKHH2	SRR2046996	1.00858822452488
PLEKHH2	SRR2046997	5.0555768788700615
PLEKHH2	SRR2046998	4.080972757100855
PLEKHH2	SRR2046999	1.007678742360192
PLEKHH2	SRR2047000	2.021396550176389
PLEKHH2	SRR2047001	3.0283199122044797
PLEKHH2	SRR2047002	2.037685541997271
PLEKHH2	SRR2047003	2.0475598703648488
PLEKHH2	SRR2047004	4.031797164696251
PLEKHH2	SRR2047005	2.016288644740739
PLEKHH2	SRR2047006	1.0152138321654876
PLEKHH2	SRR2047007	3.078852141537452
PLEKHH2	SRR2047008	5.062587200205777
PLEKHH2	SRR2047009	4.0740414380152314
PLEKHH2	SRR2313973	181.27048015584012
PLEKHH2	SRR2313974	133.985163261746
PLEKHH2	SRR2313975	87.89158868101785
PLEKHH2	SRR2313976	22.322642377679024
PLEKHH2	SRR2313977	106.92134702967607
PLEKHH2	SRR2313978	74.92139083899593
PLEKHH2	SRR2313979	186.91503280517375
PLEKHH2	SRR2313980	104.60698058465773
PLEKHH2	SRR2313981	123.44088870070334
PLEKHH2	SRR2313982	120.56491883476407
PLEKHH2	SRR2313983	69.1414666182131
PLEKHH2	SRR2313984	200.08644193422418
PLEKHH2	SRR2313985	88.64906316159889
PLEKHH2	SRR2313986	132.8168884140165
PLEKHH2	SRR2313987	168.55995310777269
PLEKHH2	SRR2313988	83.75016478714772
PLEKHH2	SRR2313989	73.77303761755276
PLEKHH2	SRR2313990	92.40700498384284
PLEKHH2	SRR2313991	95.55194703129345
PLEKHH2	SRR2313992	85.23364019723162
PLEKHH2	SRR2313993	47.48726255666414
PLEKHH2	SRR2313994	62.29893088359459
PLEKHH2	SRR2313995	82.3389650419799
PLEKHH2	SRR2313996	50.22676806431715
PLEKHH2	SRR2313997	104.25569012932779
PLEKHH2	SRR2313998	80.90342305800233
PLEKHH2	SRR2313999	149.3756737071282
PLEKHH2	SRR2314000	96.81965240958792
PLEKHH2	SRR2314001	63.8646768605006
PLEKHH2	SRR2314002	89.95729374603104
PLEKHH2	SRR2314003	142.0158055714061
PLEKHH2	SRR2314004	145.14269167113022
PLEKHH2	SRR2314005	78.74127038276318
PLEKHH2	SRR2314006	55.01450350818422
PLEKHH2	SRR2314007	121.72818311501577
PLEKHH2	SRR2314008	286.37706550818837
PLEKHH2	SRR2314009	105.86340121527633
PLEKHH2	SRR2314010	85.55883297785677
PLEKHH2	SRR2314011	235.6519688146656
PLEKHH2	SRR2314012	144.03740134425635
PLEKHH2	SRR2314013	43.49689344826648
PLEKHH2	SRR2314014	48.54920605842845
PLEKHH2	SRR2314015	102.79228272623746
PLEKHH2	SRR2314016	334.07581756091383
PLEKHH2	SRR2314017	88.68031648821393
PLEKHH2	SRR2314018	73.64005326532363
PLEKHH2	SRR2314019	139.46989572114796
PLEKHH2	SRR2314020	54.89443605112458
PLEKHH2	SRR2314021	179.90114477238743
PLEKHH2	SRR2314022	115.39264077344593
PLEKHH2	SRR2314023	292.8187546560891
PLEKHH2	SRR2314024	58.75091520378564
PLEKHH2	SRR2314025	135.6556591665249
PLEKHH2	SRR2314026	22.482527351714435
PLEKHH2	SRR2314027	93.68671388752882
PLEKHH2	SRR2314028	122.34970835597164
PLEKHH2	SRR2314029	167.39111734273243
PLEKHH2	SRR2314030	111.52454428885812
PLEKHH2	SRR2314031	128.1768903456127
PLEKHH2	SRR2314032	46.795219676858515
PLEKHH2	SRR2314033	14.336923433977969
PLEKHH2	SRR2314034	72.05308504515459
PLEKHH2	SRR2314035	41.87424711941496
PLEKHH2	SRR2314036	34.5875319888353
PLEKHH2	SRR2314037	68.90576482731458
PLEKHH2	SRR2314038	246.4039681086954
PLEKHH2	SRR2314039	108.15302253772082
PLEKHH2	SRR2314040	49.87972980360871
PLEKHH2	SRR2314041	108.81119483618724
PLEKHH2	SRR2314042	159.64749806642797
PLEKHH2	SRR2314043	149.31674841770652
PLEKHH2	SRR2314044	220.93267276033478
PLEKHH2	SRR2314045	163.21357911303005
PLEKHH2	SRR3493774	294
PLEKHH2	SRR3493775	223
PLEKHH2	SRR3493776	359.3478043671133
PLEKHH2	SRR3493777	260.16777885875734
PLEKHH2	SRR3493778	245
PLEKHH2	SRR3493779	197.6599233549934
PLEKHH2	SRR3493780	95.53309669275943
PLEKHH2	SRR3493781	418
PLEKHH2	SRR3493782	240.97552869023625
PLEKHH2	SRR3493783	259.6691816112634
PLEKHH2	SRR3493784	123.50115165103882
PLEKHH2	SRR3493785	216.1782821608391
PLEKHH2	SRR3493786	112.39185244724226
PLEKHH2	SRR3493787	264
PLEKHH2	SRR3493788	209
PLEKHH2	SRR3493789	132.36793362126602
PLEKHH2	SRR3493790	347
PLEKHH2	SRR3493791	189.27227239232886
PLEKHH2	SRR3493792	203.14616773567343
PLEKHH2	SRR3493793	197.87431264174518
PLEKHH2	SRR3493794	264.8169257522504
PLEKHH2	SRR3493795	210.75712955156945
PLEKHH2	SRR3493796	153.23374566923195
PLEKHH2	SRR3493797	226
PLEKHH2	SRR3493798	33.362627905052754
PLEKHH2	SRR3493799	268
PLEKHH2	SRR3493800	69.49230876669466
PLEKHH2	SRR3493801	101.90212424945899
PLEKHH2	SRR3493802	177
PLEKHH2	SRR3493803	274
PLEKHH2	SRR3493804	126.09072480145248
PLEKHH2	SRR3493805	180.42156360294516
PLEKHH2	SRR3493806	332
PLEKHH2	SRR3493807	291
PLEKHH2	SRR3493808	390.75549217633954
PLEKHH2	SRR3493809	169.54598548887216
PLEKHH2	SRR3493810	248
PLEKHH2	SRR3493811	282
PLEKHH2	SRR3493812	215.15480819295462
PLEKHH2	SRR3493813	130.23413877323893
PLEKHH2	SRR3493814	318
PLEKHH2	SRR3493815	217.57707352732885
PLEKHH2	SRR3493816	110
PLEKHH2	SRR3493817	205.5757155002641
PLEKHH2	SRR3493818	335.1527613771935
PLEKHH2	SRR3493819	284
PLEKHH2	SRR3493820	47.11871890477088
PLEKHH2	SRR3493821	94.06960563470409
PLEKHH2	SRR3493822	230
PLEKHH2	SRR3493823	198.27378059054718
PLEKHH2	SRR3493824	171.99378636868684
PLEKHH2	SRR3493825	173.2233469828369
PLEKHH2	SRR3493826	186.1339270878584
PLEKHH2	SRR3493827	244
PLEKHH2	SRR3493828	214
PLEKHH2	SRR3493829	167.39111734273243
PLEKHH2	SRR3493830	319.82491195104086
PLEKHH2	SRR3493831	189.83479529208697
PLEKHH2	SRR3493832	291.05236863410806
PLEKHH2	SRR3493833	263.33747531350616
PLEKHH2	SRR3493834	267
PLEKHH2	SRR3493835	181.91426129485788
PLEKHH2	SRR3493836	174
PLEKHH2	SRR3493837	398.2568307145593
PLEKHH2	SRR3493838	197
PLEKHH2	SRR3493839	152.23234324074954
PLEKHH2	SRR3493840	182.42601194742264
PLEKHH2	SRR3493841	408.88196138375787
PLEKHH2	SRR3493846	106.36666309910342
PLEKHH2	SRR3493847	111.95566967983278
PLEKHH2	SRR3493848	218.03923148534554
PLEKHH2	SRR3493849	232.81257406149598
PLEKHH2	SRR3493850	212
PLEKHH2	SRR3714631	1986
PLEKHH2	SRR3714632	221.2171885109738
PLEKHH2	SRR3714633	90.01206328803653
PLEKHH2	SRR3714634	504.134605143651
PLEKHH2	SRR3714635	1654
PLEKHH2	SRR3714636	2965
PLEKHH2	SRR3714637	294
PLEKHH2	SRR3714638	203
PLEKHH2	SRR3714639	1511.3990110650896
PLEKHH2	SRR3714640	210.47384112910248
PLEKHH2	SRR3714641	558.6841310995009
PLEKHH2	SRR3714642	210.1732557192257
PLEKHH2	SRR3714643	1314.8661528995056
PLEKHH2	SRR3714644	224.49892762936497
PLEKHH2	SRR3714645	63.39484373457462
PLEKHH2	SRR3714646	219.0394114462875
PLEKHH2	SRR3714648	1664.1070357447252
PLEKHH2	SRR3714649	328.94362118893565
PLEKHH2	SRR3714650	329.17861583778216
PLEKHH2	SRR3714651	434.5046345184407
PLEKHH2	SRR3714652	307.14368236478305
PLEKHH2	SRR3714653	207
PLEKHH2	SRR3714654	232
PLEKHH2	SRR3714655	137.07397725856234
PLEKHH2	SRR3714656	322.71403807859053
PLEKHH2	SRR3714657	337.2433728578435
PLEKHH2	SRR3714658	464.26426320822577
PLEKHH2	SRR3714659	838.8244582240262
PLEKHH2	SRR3714660	123
PLEKHH2	SRR3714661	471
PLEKHH2	SRR3714662	544.8139576985101
PLEKHH2	SRR3714663	227.1225754576179
PLEKHH2	SRR3714664	295.918487729207
PLEKHH2	SRR3714665	259
PLEKHH2	SRR3714666	366
PLEKHH2	SRR3714667	330.76922517211176
PLEKHH2	SRR3714668	255
PLEKHH2	SRR3714669	2576.797934648545
PLEKHH2	SRR3714670	279.63738043663915
PLEKHH2	SRR3714671	295.29661950646886
PLEKHH2	SRR3714672	974.4385913134078
PLEKHH2	SRR3714673	516.6594874952167
PLEKHH2	SRR3714674	279.90899546125524
PLEKHH2	SRR3714675	1712.6916380811454
PLEKHH2	SRR3714676	344
PLEKHH2	SRR3714677	109.23896219726903
PLEKHH2	SRR3714678	233.3324735914727
PLEKHH2	SRR3714679	112.15297027789649
PLEKHH2	SRR3714680	188.26767743128758
PLEKHH2	SRR3714681	692.2481057437773
PLEKHH2	SRR3714682	418.1856632501637
PLEKHH2	SRR3714683	235.4492933623109
PLEKHH2	SRR3714684	830.6603571549625
PLEKHH2	SRR3714685	680.0769576943212
PLEKHH2	SRR3714686	600.6399988040824
PLEKHH2	SRR3714688	286.0491130821612
PLEKHH2	SRR3714689	1763.6499276086179
PLEKHH2	SRR3714690	305.74007641938596
PLEKHH2	SRR3714691	274
PLEKHH2	SRR3714692	969.8773804966667
PLEKHH2	SRR3714693	287.9191868865394
PLEKHH2	SRR3714694	325.6841691806543
PLEKHH2	SRR3714695	365.9868628748037
PLEKHH2	SRR3714696	817
PLEKHH2	SRR3714697	502.45284153832773
PLEKHH2	SRR3714698	223.85308826526025
PLEKHH2	SRR3714699	1690.2543387894857
PLEKHH2	SRR3714700	193.6290713714602
PLEKHH2	SRR3714701	398.5841660646307
PLEKHH2	SRR3714702	2688.596778976125
PLEKHH2	SRR3714703	144.12961852235333
PLEKHH2	SRR3714704	232.65150042521853
PLEKHH2	SRR3714705	895.0900693109363
PLEKHH2	SRR3714706	84.85872632978324
PLEKHH2	SRR3714707	446.20750535013025
PLEKHH2	SRR3714708	196.41334758719574
PLEKHH2	SRR3714709	738.5307852259392
PLEKHH2	SRR3714710	671.5888173342319
PLEKHH2	SRR3714711	426.4016725707351
PLEKHH2	SRR3714712	389
PLEKHH2	SRR3714713	791
PLEKHH2	SRR3714714	804
PLEKHH2	SRR3714715	794.6367507368489
PLEKHH2	SRR3714716	391
PLEKHH2	SRR3714717	856
PLEKHH2	SRR3714718	320
PLEKHH2	SRR3714719	509.25327148241104
PLEKHH2	SRR3714720	729.9821066424328
PLEKHH2	SRR3714721	611.6046850330694
PLEKHH2	SRR3714723	999.5871002082188
PLEKHH2	SRR3714724	152.42158812302358
PLEKHH2	SRR3714725	227.76498951151078
PLEKHH2	SRR3714726	239.15415759533093
PLEKHH2	SRR3714727	746.5896120300786
PLEKHH2	SRR3714728	92.74265013665567
PLEKHH2	SRR3714729	128.2261632194836
PLEKHH2	SRR3714730	369.21274244933136
PLEKHH2	SRR3714731	1584.285058132052
PLEKHH2	SRR3714732	833.7606956112332
PLEKHH2	SRR3714734	1986.995221178001
PLEKHH2	SRR3714735	629.0979635370461
PLEKHH2	SRR3714736	778.5390258294575
PLEKHH2	SRR3714737	515
PLEKHH2	SRR3714738	313.0880707094609
PLEKHH2	SRR3714739	593.856593404982
PLEKHH2	SRR3714740	363.10269982343107
PLEKHH2	SRR3714741	188.18012500364983
PLEKHH2	SRR3714744	2154.8660582187576
PLEKHH2	SRR3714745	22.885393241789746
PLEKHH2	SRR3714746	1320.9459807721178
PLEKHH2	SRR3714747	1323.8549675449904
PLEKHH2	SRR3714748	934.3062852852428
PLEKHH2	SRR3714749	238.81515116802933
PLEKHH2	SRR3714750	781.1367020251846
PLEKHH2	SRR3714751	427.35243741980696
PLEKHH2	SRR3714752	1559
PLEKHH2	SRR3714753	637.7888412763411
PLEKHH2	SRR3714754	122
PLEKHH2	SRR3714755	1405.2319292942873
PLEKHH2	SRR3714756	10.214197456593945
PLEKHH2	SRR3714757	598.6996136526897
PLEKHH2	SRR3714758	257.8711110085158
PLEKHH2	SRR3714759	652.5281786241566
PLEKHH2	SRR3714760	660.4259001799225
PLEKHH2	SRR3714761	824.1027632202504
PLEKHH2	SRR3714762	347.6780197834087
PLEKHH2	SRR3714764	771
PLEKHH2	SRR3714765	120.27183552096432
PLEKHH2	SRR3714766	448
PLEKHH2	SRR3714767	741.4691452207082
PLEKHH2	SRR3714768	429
PLEKHH2	SRR5176628	110.74895607297302
PLEKHH2	SRR5176629	136.77287172202085
PLEKHH2	SRR5176630	239.5305145700718
PLEKHH2	SRR5176631	194.8441992213554
PLEKHH2	SRR5176632	181.5083146612088
PLEKHH2	SRR5176633	76.4858979530185
PLEKHH2	SRR5176634	37.425075833442904
PLEKHH2	SRR5176635	208.26114730493234
PLEKHH2	SRR5176636	35.90808994095616
PLEKHH2	SRR5176637	154.4302487516985
PLEKHH2	SRR5176638	30.30675655444005
PLEKHH2	SRR5176639	490
PLEKHH2	SRR5176640	120.05798919193573
PLEKHH2	SRR5176641	94.3547743707356
PLEKHH2	SRR5176642	420.8007398910383
PLEKHH2	SRR5176643	307.5299593487152
PLEKHH2	SRR5176644	508.09142015851165
PLEKHH2	SRR5176645	16.610126480802514
PLEKHH2	SRR5176646	108.963980102084
PLEKHH2	SRR5176647	221.2735238994179
PLEKHH2	SRR5176648	316.8874443808949
PLEKHH2	SRR5176649	154.01672673935803
PLEKHH2	SRR5176650	85.99926305867054
PLEKHH2	SRR5176651	75.17403265866804
PLEKHH2	SRR5176652	315.7286239880991
PLEKHH2	SRR5176653	251.66997376898334
PLEKHH2	SRR5176654	305.4469052576514
PLEKHH2	SRR5176655	507.60111529384795
PLEKHH2	SRR5176656	16.04531776244958
PLEKHH2	SRR5176657	88.54513165760096
PLEKHH2	SRR5176658	436.70667527945363
PLEKHH2	SRR5176659	746.5979351772141
PLEKHH2	SRR5176660	643.7233197031923
PLEKHH2	SRR5176661	387.0669092126918
PLEKHH2	SRR5176662	378.2466554886371
PLEKHH2	SRR5176663	176.09787237200646
PLEKHH2	SRR5176664	516
PLEKHH2	SRR5176665	277.39412137664317
PLEKHH2	SRR5176666	219.83088760996185
PLEKHH2	SRR5176667	142.35310685625757
PLEKHH2	SRR5176668	290.24960909101316
PLEKHH2	SRR5176669	75.70694907044344
PLEKHH2	SRR5176670	154.9845826942743
PLEKHH2	SRR5176671	448.7993587402788
PLEKHH2	SRR5176672	188.02371784195955
PLEKHH2	SRR5176673	282.3350220017047
PLEKHH2	SRR5176674	212.48713592885463
PLEKHH2	SRR5176675	127.53060727419512
PLEKHH2	SRR5176676	92.65760639020456
PLEKHH2	SRR5176677	317.4566685098849
PLEKHH2	SRR5176678	27.597547727212596
PLEKHH2	SRR5176679	144.26463580170912
PLEKHH2	SRR5176680	267.74983433449034
PLEKHH2	SRR5176681	373.4029338309107
PLEKHH2	SRR5176682	439.22560387166516
PLEKHH2	SRR5176683	260.1642470212382
PLEKHH2	SRR5176684	444.1641749509238
PLEKHH2	SRR5176685	343.00594601906715
PLEKHH2	SRR5176686	259.09934604409824
PLEKHH2	SRR5176687	121.53483760672799
PLEKHH2	SRR5176688	227.9377793712507
PLEKHH2	SRR5176689	185.34873442504394
PLEKHH2	SRR5176690	79.95612940533485
PLEKHH2	SRR5176691	234.21063009882417
PLEKHH2	SRR5176692	270.59100394363776
PLEKHH2	SRR5176693	79.57313314593178
PLEKHH2	SRR5176694	320
PLEKHH2	SRR5176695	124.7007942944278
PLEKHH2	SRR5176696	86.82572272561758
PLEKHH2	SRR5176697	146.87663018740045
PLEKHH2	SRR5176698	23.28955541935926
PLEKHH2	SRR5176699	106.52153939309589
PLEKHH2	SRR5176700	97.9872347672888
PLEKHH2	SRR5176701	119.935636907167
PLEKHH2	SRR5176702	380
PLEKHH2	SRR5176703	60.31208294520082
PLEKHH2	SRR5176704	145.6320148137728
PLEKHH2	SRR5176705	291.5934648996611
PLEKHH2	SRR5176706	29.77932057146396
PLEKHH2	SRR5176707	75.43040312417973
PLEKHH2	SRR5176708	119.12102488023221
PLEKHH2	SRR5176709	268.2685084500184
PLEKHH2	SRR5176710	365
PLEKHH2	SRR5176711	189.35955877962172
PLEKHH2	SRR5176712	144.78019726307386
PLEKHH2	SRR5176713	119.0216620917352
PLEKHH2	SRR5176714	38.151855109730434
PLEKHH2	SRR5176715	219.2760291116346
PLEKHH2	SRR5176716	548.0746170252388
PLEKHH2	SRR5176717	116.74562451398612
PLEKHH2	SRR5176718	193.64522584042197
PLEKHH2	SRR5176719	425.9895950011378
PLEKHH2	SRR5176720	431
PLEKHH2	SRR5176721	467
PLEKHH2	SRR5176722	86.64858138498496
PLEKHH2	SRR5176723	207.9225000253243
PLEKHH2	SRR5176724	280.4834152713896
PLEKHH2	SRR5176725	109.31002503928713
PLEKHH2	SRR5176726	464
PLEKHH2	SRR5176727	253.14435524232405
PLEKHH2	SRR5176728	44.048122133883616
PLEKHH2	SRR5176729	400.7487170363896
PLEKHH2	SRR5176730	265.68418358545324
PLEKHH2	SRR5176731	201.912433107281
PLEKHH2	SRR5176732	809
PLEKHH2	SRR5176733	226.50165812902188
PLEKHH2	SRR5176734	42.14526338980526
PLEKHH2	SRR5176735	252.58677162420403
PLEKHH2	SRR5176736	327.6334511324693
PLEKHH2	SRR5176737	399.1530566109562
PLEKHH2	SRR5176738	213.24498255944624
PLEKHH2	SRR5176739	131.01518722118539
PLEKHH2	SRR5176740	234.9529216826676
PLEKHH2	SRR5176741	56.207775578108716
PLEKHH2	SRR5176742	178.82165447095048
PLEKHH2	SRR5176743	267.0261988656084
PLEKHH2	SRR5176744	102.32953451882108
PLEKHH2	SRR5176745	137.20393328529107
PLEKHH2	SRR5176746	282.62596279816
PLEKHH2	SRR5176747	427
PLEKHH2	SRR5176748	499.6289430443182
PLEKHH2	SRR5176749	117.87548208067315
PLEKHH2	SRR5176750	47.74772012780168
PLEKHH2	SRR5176751	168.59826716282436
PLEKHH2	SRR5176752	142.6350910719384
PLEKHH2	SRR5176753	157.40994835023423
PLEKHH2	SRR5176754	243.26286176344783
PLEKHH2	SRR5176755	256.11910620994024
PLEKHH2	SRR5176756	65.81641385573161
PLEKHH2	SRR5176757	65.43789977418493
PLEKHH2	SRR5176758	179.94741213010795
PLEKHH2	SRR5176759	128.362986256032
PLEKHH2	SRR5176760	422.3881719096903
PLEKHH2	SRR5176761	197.13789694828355
PLEKHH2	SRR5176762	56.9236864429479
PLEKHH2	SRR5176763	180.33027476236165
PLEKHH2	SRR5176764	246.17712937426435
PLEKHH2	SRR5176765	342.5647931644352
PLEKHH2	SRR5176766	312.87621090771904
PLEKHH2	SRR5176767	376.37806418451623
PLEKHH2	SRR5176768	121.78397394904533
PLEKHH2	SRR5176769	453.30323562171503
PLEKHH2	SRR5176770	202.464157819003
PLEKHH2	SRR5176771	155.37398141320872
PLEKHH2	SRR5176772	140.86777696111986
PLEKHH2	SRR5176773	195.43600034503314
PLEKHH2	SRR5176774	294.78723940116976
PLEKHH2	SRR5176775	323.96955901343904
PLEKHH2	SRR5176776	463.7337039989914
PLEKHH2	SRR5176777	199.93675564436055
PLEKHH2	SRR5176778	256.42109348117253
PLEKHH2	SRR5176779	254.27450509142662
PLEKHH2	SRR5176780	139.41544801392124
PLEKHH2	SRR5176781	166.02049092749766
PLEKHH2	SRR5176782	103.82493831152104
PLEKHH2	SRR5176783	124.1150847548522
PLEKHH2	SRR5176784	243.9813967833054
PLEKHH2	SRR5176785	380.6559757410807
PLEKHH2	SRR5176786	284
PLEKHH2	SRR5176787	166.23707630859187
PLEKHH2	SRR5176788	45.16357987327328
PLEKHH2	SRR5176789	27.376637785419486
PLEKHH2	SRR5176790	106.98820613564958
PLEKHH2	SRR5176791	194.67411716044072
PLEKHH2	SRR5176792	558
PLEKHH2	SRR5176793	304.68301933054664
PLEKHH2	SRR5176794	345.53577016449424
PLEKHH2	SRR5176795	247.01689512593973
PLEKHH2	SRR5176796	106.31278162421182
PLEKHH2	SRR5176797	223.5331403613189
PLEKHH2	SRR5176798	199.03179494683738
PLEKHH2	SRR5176799	340
PLEKHH2	SRR5176800	119.9227614272091
PLEKHH2	SRR5176801	227.77706923041958
PLEKHH2	SRR5176802	124.70164533861036
PLEKHH2	SRR5176803	336.34938989458345
PLEKHH2	SRR5176804	93.94363255062012
PLEKHH2	SRR5176805	269.0228707578375
PLEKHH2	SRR5176806	125.57845559385076
PLEKHH2	SRR5176807	426.2748992070409
PLEKHH2	SRR5176808	146.05255332339732
PLEKHH2	SRR5176809	358.5157328912896
PLEKHH2	SRR5176810	318
PLEKHH2	SRR5176811	508
PLEKHH2	SRR5176812	544.5876568472263
PLEKHH2	SRR5176813	587.6341076641946
PLEKHH2	SRR5176814	524
PLEKHH2	SRR5176815	180.4505379685534
PLEKHH2	SRR5176816	227.14138979254886
PLEKHH2	SRR5176817	222.1381773424805
PLEKHH2	SRR5176818	403.9863558087381
PLEKHH2	SRR5176819	126.30301293591276
PLEKHH2	SRR5176820	32.70599357873004
PLEKHH2	SRR5176821	186.6580584973729
PLEKHH2	SRR5176822	75.10478096349343
PLEKHH2	SRR5176823	261.97360088785354
PLEKHH2	SRR5176824	203.12721448093103
PLEKHH2	SRR5176825	358.3867300575497
PLEKHH2	SRR5176826	185.48307612998042
PLEKHH2	SRR5176827	208.77827690050745
PLEKHH2	SRR5176828	289.1336333900566
PLEKHH2	SRR5176829	214.56893876544305
PLEKHH2	SRR5176830	405.1457814792871
PLEKHH2	SRR5176831	300.5194879226699
PLEKHH2	SRR5176832	132.28668262410062
PLEKHH2	SRR5176833	239.351823736526
PLEKHH2	SRR5176834	372.41046289371917
PLEKHH2	SRR5176835	366.2724509864255
PLEKHH2	SRR5176836	432.3565643216782
PLEKHH2	SRR5176837	90.37441694269741
PLEKHH2	SRR5176838	149.6001633332637
PLEKHH2	SRR5176839	165.39987371566716
PLEKHH2	SRR5176840	380.17679828038007
PLEKHH2	SRR5176841	163.17321427738483
PLEKHH2	SRR5176842	178.08622695708027
PLEKHH2	SRR5176843	203.5384515181246
PLEKHH2	SRR5176844	297.8563296009942
PLEKHH2	SRR5176845	163.3196747296231
PLEKHH2	SRR5176846	207.91778314503514
PLEKHH2	SRR5176847	109.11990410741919
PLEKHH2	SRR5176848	101.85024307658134
PLEKHH2	SRR5176849	46.884404702319735
PLEKHH2	SRR5176850	86.14593326991607
PLEKHH2	SRR5176851	251.26243285946472
PLEKHH2	SRR5176852	234.02411193771803
PLEKHH2	SRR5176853	164.4013954159629
PLEKHH2	SRR5176854	65.92359893618448
PLEKHH2	SRR5176855	474.072368610421
PLEKHH2	SRR5176856	118.84483801590156
PLEKHH2	SRR5176857	244.84573282436602
PLEKHH2	SRR5176858	305.07396166258235
PLEKHH2	SRR5176859	303.5323353412521
PLEKHH2	SRR5176860	1046
PLEKHH2	SRR5176861	215.4099025632696
PLEKHH2	SRR5176862	144.83098519991094
PLEKHH2	SRR5176863	357.8737692896265
PLEKHH2	SRR5176864	221.05672864874558
PLEKHH2	SRR5176865	248.47281784042264
PLEKHH2	SRR5176866	348
PLEKHH2	SRR5176867	371.55602643266946
PLEKHH2	SRR5176868	75.5253771978227
PLEKHH2	SRR5176869	291.7122321100317
PLEKHH2	SRR5176870	277.24066477938896
PLEKHH2	SRR5176871	224.75903750331813
PLEKHH2	SRR5176872	86.61539522574327
PLEKHH2	SRR5861974	27.35217092949927
PLEKHH2	SRR5861975	176.57905253281183
PLEKHH2	SRR5861976	56.1577659634117
PLEKHH2	SRR5861977	301
PLEKHH2	SRR5861978	222.06654808173585
PLEKHH2	SRR5861979	240.21625672377147
PLEKHH2	SRR5861980	478
PLEKHH2	SRR5861981	93.81990647680563
PLEKHH2	SRR5861982	43.166525951848655
PLEKHH2	SRR5861983	400.64832594445284
PLEKHH2	SRR5861984	144.14608343579872
PLEKHH2	SRR5861985	86.43399062318709
PLEKHH2	SRR5861986	746.4761076499041
PLEKHH2	SRR5861987	226.80936531966103
PLEKHH2	SRR5861988	108.8258923095535
PLEKHH2	SRR5861989	180.1938193013383
PLEKHH2	SRR5861990	366.0894279329858
PLEKHH2	SRR5861991	427
PLEKHH2	SRR5861992	431
PLEKHH2	SRR5861993	246.90877522454875
PLEKHH2	SRR5861994	583
PLEKHH2	SRR5861995	194.67331413011755
PLEKHH2	SRR5861996	142.586528407796
PLEKHH2	SRR5861997	128.16740246716728
PLEKHH2	SRR5861998	294.670020952353
PLEKHH2	SRR5861999	109.86146297641558
PLEKHH2	SRR5862000	246.0885487503818
PLEKHH2	SRR5862001	524
PLEKHH2	SRR5862002	499.5390455271433
PLEKHH2	SRR5862003	214.51633562855912
PLEKHH2	SRR5862004	87.47936666856042
PLEKHH2	SRR5862005	203.06033318552338
PLEKHH2	SRR5862006	289.0776141699334
PLEKHH2	SRR5862007	207.72762797954306
PLEKHH2	SRR5862008	371.47398607260766
PLEKHH2	SRR5862009	268.9461548468243
PLEKHH2	SRR5862010	126.15134586797
PLEKHH2	SRR5862011	16.568198344127886
PLEKHH2	SRR5862012	195.35441780434786
PLEKHH2	SRR5862013	60.21839148131942
PLEKHH2	SRR5862014	302.46132992006983
PLEKHH2	SRR5862015	365
PLEKHH2	SRR5862016	290.20351853682166
PLEKHH2	SRR5862017	194.5810638444074
PLEKHH2	SRR5862018	182.7244525191063
PLEKHH2	SRR5862019	323.53193651732715
PLEKHH2	SRR5862020	314.05284865098207
PLEKHH2	SRR5862021	76.45222041433254
PLEKHH2	SRR5862022	198.95221648258348
PLEKHH2	SRR5862023	463.4422749132409
PLEKHH2	SRR5862024	316.84878156601826
PLEKHH2	SRR5862025	318
PLEKHH2	SRR5862026	277.10962755253945
PLEKHH2	SRR5862027	432.2332713554667
PLEKHH2	SRR5862028	86.7215341168967
PLEKHH2	SRR5862029	233.63614837170232
PLEKHH2	SRR5862030	139.379953376874
PLEKHH2	SRR5862031	166.1394962144938
PLEKHH2	SRR5862032	56.88575689920336
PLEKHH2	SRR5862033	380.569471447438
PLEKHH2	SRR5862034	36.11996871247929
PLEKHH2	SRR5862035	223.46043966792678
PLEKHH2	SRR5862036	86.47420083425892
PLEKHH2	SRR5862037	65.36638035552974
PLEKHH2	SRR5862038	42.08468574521907
PLEKHH2	SRR5862039	547.9442598167661
PLEKHH2	SRR5862040	208.32913075609946
PLEKHH2	SRR5862041	184.982165238934
PLEKHH2	SRR5862042	106.93408035551677
PLEKHH2	SRR5862043	374
PLEKHH2	SRR5862044	342.4671056700053
PLEKHH2	SRR5862045	121.50350346059129
PLEKHH2	SRR5862046	186.4401911719962
PLEKHH2	SRR5862047	132.14029938814468
PLEKHH2	SRR5862048	28.682687723177185
PLEKHH2	SRR5862049	117.79010273178137
PLEKHH2	SRR5862050	282.9235312594482
PLEKHH2	SRR5862051	386.79898646313455
PLEKHH2	SRR5862052	228.78785031693818
PLEKHH2	SRR5862053	342.89875357385085
PLEKHH2	SRR5862054	74.89916796399321
PLEKHH2	SRR5862055	79.76575791642401
PLEKHH2	SRR5862056	119.7872685723912
PLEKHH2	SRR5862057	193.4699482640148
PLEKHH2	SRR5862058	252.57132534846954
PLEKHH2	SRR5862059	134.618263331151
PLEKHH2	SRR5862060	212.9165441108662
PLEKHH2	SRR5862061	261.92945077081646
PLEKHH2	SRR5862062	426.23003147552964
PLEKHH2	SRR5862063	150.78017063647556
PLEKHH2	SRR5862064	186.36031165333117
PLEKHH2	SRR5862065	157.39537369154905
PLEKHH2	SRR5862066	270.4184809283382
PLEKHH2	SRR5862067	35.78686340193578
PLEKHH2	SRR5862068	258.21310323853857
PLEKHH2	SRR5862069	425.9039453581593
PLEKHH2	SRR5862070	163.13733581995862
PLEKHH2	SRR5862071	22.531424813165486
PLEKHH2	SRR5862072	6.317306470793089
PLEKHH2	SRR5862073	327.60792660670046
PLEKHH2	SRR5862074	187.94026225891133
PLEKHH2	SRR5862075	185.2481064144428
PLEKHH2	SRR5862076	39.70145981817296
PLEKHH2	SRR5862077	243.95355118340538
PLEKHH2	SRR5862078	142.22196516369556
PLEKHH2	SRR5862079	266.6671037157334
PLEKHH2	SRR5862080	58.044594606748916
PLEKHH2	SRR5862081	303.5230543409143
PLEKHH2	SRR5862082	234.87805064590853
PLEKHH2	SRR5862083	508
PLEKHH2	SRR5862084	119.81121395551172
PLEKHH2	SRR5862085	490
PLEKHH2	SRR5862086	35.86573488654224
PLEKHH2	SRR5862087	102.18711616897107
PLEKHH2	SRR5862088	30.286475517963456
PLEKHH2	SRR5862089	227.75694029152763
PLEKHH2	SRR5862090	448.76584194160637
PLEKHH2	SRR5862091	201.74640660725
PLEKHH2	SRR5862092	32.65677489038838
PLEKHH2	SRR5862093	146.026274297525
PLEKHH2	SRR5862094	243.19685328649896
PLEKHH2	SRR5862095	97.85983859628107
PLEKHH2	SRR5862096	202.43665735176248
PLEKHH2	SRR5862097	144.75588108274934
PLEKHH2	SRR5862098	426.352141508921
PLEKHH2	SRR5862099	85.8797152350713
PLEKHH2	SRR5862100	267.701658491866
PLEKHH2	SRR5862101	38.09336433786898
PLEKHH2	SRR5862102	140.80949880649123
PLEKHH2	SRR5862103	44.00205319981806
PLEKHH2	SRR5862104	260.0706334862536
PLEKHH2	SRR5862105	144.57392608326595
PLEKHH2	SRR5862106	207.88037279733322
PLEKHH2	SRR5862107	284
PLEKHH2	SRR5862108	79.54096909161773
PLEKHH2	SRR5862109	420.7564483443104
PLEKHH2	SRR5862110	118.93333705176734
PLEKHH2	SRR5862111	227.2587546340479
PLEKHH2	SRR5862112	336.24319331273114
PLEKHH2	SRR5862113	438.7732692476254
PLEKHH2	SRR5862114	254.17449353085289
PLEKHH2	SRR5862115	180.18229309017667
PLEKHH2	SRR5862116	29.73908541157577
PLEKHH2	SRR5862117	112.36490991783052
PLEKHH2	SRR5862118	124.0165190927864
PLEKHH2	SRR5862119	201.81853529152218
PLEKHH2	SRR5862120	376.33844836392257
PLEKHH2	SRR5862121	436.6280992754253
PLEKHH2	SRR5862122	282.57511031513553
PLEKHH2	SRR5862123	357.80937757699854
PLEKHH2	SRR5862124	244.77331736130583
PLEKHH2	SRR5862125	320
PLEKHH2	SRR5862126	358.3222460486284
PLEKHH2	SRR5862127	258.9574444020437
PLEKHH2	SRR5862128	387.425964376731
PLEKHH2	SRR5862129	88.42161430223709
PLEKHH2	SRR5862130	174.0670018400746
PLEKHH2	SRR5862131	155.3514104325904
PLEKHH2	SRR5862132	587.5283755043152
PLEKHH2	SRR5862133	544.4896699733348
PLEKHH2	SRR5862134	405.07288418149056
PLEKHH2	SRR5862135	124.53699000713746
PLEKHH2	SRR5862136	380.136782622541
PLEKHH2	SRR5862137	474.02246993754284
PLEKHH2	SRR5862138	248.43805236537332
PLEKHH2	SRR5862139	358.47314714795357
PLEKHH2	SRR5862140	372.2036192591021
PLEKHH2	SRR5862141	175.74965035407945
PLEKHH2	SRR5862142	312.83803749556233
PLEKHH2	SRR5862143	256.09214829308024
PLEKHH2	SRR5862144	209.1606960991765
PLEKHH2	SRR5862145	224.73358511388793
PLEKHH2	SRR5862146	94.24372606591187
PLEKHH2	SRR5862147	185.3178921529439
PLEKHH2	SRR5862148	467
PLEKHH2	SRR5862149	208.17702758406165
PLEKHH2	SRR5862150	294.7065758857356
PLEKHH2	SRR5862151	124.48172892608089
PLEKHH2	SRR5862152	129.00947197466704
PLEKHH2	SRR5862153	106.11585560128032
PLEKHH2	SRR5862154	809
PLEKHH2	SRR5862155	110.68335467228785
PLEKHH2	SRR5862156	146.61393393730003
PLEKHH2	SRR5862157	76.93369775276805
PLEKHH2	SRR5862158	253.13661493734506
PLEKHH2	SRR5862159	116.6770168059644
PLEKHH2	SRR5862160	37.36095952545233
PLEKHH2	SRR5862161	399.0825245959444
PLEKHH2	SRR5862162	124.40400740902663
PLEKHH2	SRR5862163	372.2541821046467
PLEKHH2	SRR5862164	90.30277955562924
PLEKHH2	SRR5862165	277.18524318688844
PLEKHH2	SRR5862166	345.46303498687257
PLEKHH2	SRR5862167	226.4716230357507
PLEKHH2	SRR5862168	307.50699269439065
PLEKHH2	SRR5862169	284.02784564917226
PLEKHH2	SRR5862170	130.39894831421
PLEKHH2	SRR5862171	291.4894823926737
PLEKHH2	SRR5862172	189.3262616185901
PLEKHH2	SRR5862173	45.09051838723291
PLEKHH2	SRR5862174	122.34709661451109
PLEKHH2	SRR5862175	300.44297681646617
PLEKHH2	SRR5862176	92.5592786832768
PLEKHH2	SRR5862177	94.9318820573459
PLEKHH2	SRR5862178	154.28027136220842
PLEKHH2	SRR5862179	197.09803173126826
PLEKHH2	SRR5862180	23.2682130380257
PLEKHH2	SRR5862181	27.563941365665496
PLEKHH2	SRR5862182	178.61647516276645
PLEKHH2	SRR5862183	280.36269736429404
PLEKHH2	SRR5862184	125.26028764426324
PLEKHH2	SRR5862185	558
PLEKHH2	SRR5862186	130.94228592507525
PLEKHH2	SRR5862187	103.76294598466045
PLEKHH2	SRR5862188	165.17925816333153
PLEKHH2	SRR5862189	118.9557831760748
PLEKHH2	SRR5862190	317.41895990475217
PLEKHH2	SRR5862191	162.85327843529612
PLEKHH2	SRR5862192	65.81942916677237
PLEKHH2	SRR5862193	208.7407117254016
PLEKHH2	SRR5862194	422.17883434950755
PLEKHH2	SRR5862195	153.95900102535995
PLEKHH2	SRR5862196	348
PLEKHH2	SRR5862197	516
PLEKHH2	SRR5862198	34.11941715190905
PLEKHH2	SRR5862199	444.0842571297046
PLEKHH2	SRR5862200	403.85333999954406
PLEKHH2	SRR5862201	179.80822527011122
PLEKHH2	SRR5862202	106.20309231330914
PLEKHH2	SRR5862203	87.84598608096827
PLEKHH2	SRR5862204	604
PLEKHH2	SRR5862205	380
PLEKHH2	SRR5862206	75.31529365824221
PLEKHH2	SRR5862207	315.65251131617555
PLEKHH2	SRR5862208	77.43848020633148
PLEKHH2	SRR5862209	109.20167077307627
PLEKHH2	SRR5862210	421
PLEKHH2	SRR5862211	75.34890854579743
PLEKHH2	SRR5862212	75.65857028973726
PLEKHH2	SRR5862213	190.86924428062693
PLEKHH2	SRR5862214	569.532871770664
PLEKHH2	SRR5862215	291.69044673988014
PLEKHH2	SRR5862216	401.4244456257723
PLEKHH2	SRR5862217	304.95064849034964
PLEKHH2	SRR5862218	507.456365214119
PLEKHH2	SRR5862219	149.35005492930827
PLEKHH2	SRR5862220	220.9821785935719
PLEKHH2	SRR5862221	1046
PLEKHH2	SRR5862222	168.54275480550606
PLEKHH2	SRR5862223	119.94317636798452
PLEKHH2	SRR5862224	304.3087829093538
PLEKHH2	SRR5862225	453.1859735702443
PLEKHH2	SRR5862226	219.2365750910709
PLEKHH2	SRR5862227	340
PLEKHH2	SRR5862228	199.76159585612086
PLEKHH2	SRR5862229	102.59530788110662
PLEKHH2	SRR5862230	136.71159712897884
PLEKHH2	SRR5862231	239.48741618906877
PLEKHH2	SRR5862232	47.69721529937662
PLEKHH2	SRR5862233	159.43462292750337
PLEKHH2	SRR5862234	265.5245584238715
PLEKHH2	SRR5862235	251.22593228549087
PLEKHH2	SRR5862236	212.44890342407777
PLEKHH2	SRR5862237	21.644620910069953
PLEKHH2	SRR5862238	373.30786687959716
PLEKHH2	SRR5862239	305.3160748262822
PLEKHH2	SRR5862240	297.80273673997453
PLEKHH2	SRR5862241	178.08796049335336
PLEKHH2	SRR5862242	203.38048574985558
PLEKHH2	SRR5862243	177.97499995483508
PLEKHH2	SRR5862244	118.64535598737399
PLEKHH2	SRR5862245	46.823920875957626
PLEKHH2	SRR5862246	182.34286836522966
PLEKHH2	SRR5862247	165.90328044878783
PLEKHH2	SRR5862248	234.16848891698316
PLEKHH2	SRR5862249	64.94876732890701
PLEKHH2	SRR5862250	37.38959791925052
PLEKHH2	SRR5862251	95.95791317802147
PLEKHH2	SRR5862252	181.45655483991004
PLEKHH2	SRR5862253	101.76984376199587
PLEKHH2	SRR5862254	250.73066203829333
PLEKHH2	SRR5862255	137.05454433561442
PLEKHH2	SRR5862256	75.14185578343483
PLEKHH2	SRR5862257	125.65331715341975
PLEKHH2	SRR5862258	251.64081734187596
PLEKHH2	SRR5862259	121.6097415511754
PLEKHH2	SRR5862260	59.59035709650977
PLEKHH2	SRR5862261	97.5563702492985
PLEKHH2	SRR5862262	133.2782055024054
PLEKHH2	SRR5862263	39.7108633203454
PLEKHH2	SRR5862264	175.98969029028368
PLEKHH2	SRR5862265	377.44698316722025
PLEKHH2	SRR5862266	221.19390420913422
PLEKHH2	SRR5862267	39.03035361842791
PLEKHH2	SRR5862268	256.2306324020029
PLEKHH2	SRR5862269	127.49251507283775
PLEKHH2	SRR5862270	164.36403510247604
PLEKHH2	SRR5862271	154.90303504790305
PLEKHH2	SRR5862272	177.9441070498673
PLEKHH2	SRR5862273	191.63318099697727
PLEKHH2	SRR5862274	268.21203800817926
PLEKHH2	SRR5862275	145.84268133173342
PLEKHH2	SRR5862276	108.83318549801157
PLEKHH2	SRR5862277	86.05467139392985
PLEKHH2	SRR5949109	1.1543930374941627
PLEKHH2	SRR5949110	1.1528629477900991
PLEKHH2	SRR5949111	1.1543861423812125
PLEKHH2	SRR5949112	1.1544080735423528
PLEKHH2	SRR5949113	1.1538715423531325
PLEKHH2	SRR5949114	1.1544080735423528
PLEKHH2	SRR5949115	1.1543930374941627
PLEKHH2	SRR5949116	1.154328975937927
PLEKHH2	SRR5949117	1.1544080735423528
PLEKHH2	SRR5949118	1.1542881659876676
PLEKHH2	SRR5949119	1.1544066367558048
PLEKHH2	SRR5949120	1.1542612816136126
PLEKHH2	SRR5949121	1.1542612816136126
PLEKHH2	SRR5949122	1.1542193125787963
PLEKHH2	SRR5949123	1.154119770897195
PLEKHH2	SRR5949124	1.1536303593625774
PLEKHH2	SRR5949125	1.1538715423531325
PLEKHH2	SRR5949126	1.1542193125787963
PLEKHH2	SRR5949127	1.1542612816136126
PLEKHH2	SRR5949128	1.1542612816136126
PLEKHH2	SRR5949129	1.1544066367558048
PLEKHH2	SRR5949130	1.1543861423812125
PLEKHH2	SRR5949131	1.1541454974839138
PLEKHH2	SRR5949132	1.1543930374941627
PLEKHH2	SRR5949133	1.154243037085462
PLEKHH2	SRR5949134	1.1544080735423528
PLEKHH2	SRR5949135	1.1543244711383844
PLEKHH2	SRR5949136	1.1544018504729736
PLEKHH2	SRR5949137	1.1537285180296166
PLEKHH2	SRR5949138	1.154127700715507
PLEKHH2	SRR5949139	1.1542342444976637
PLEKHH2	SRR5949140	1.1543861423812125
PLEKHH2	SRR5949141	1.1544066367558048
PLEKHH2	SRR5949142	1.1543861423812125
PLEKHH2	SRR5949143	1.1544080735423528
PLEKHH2	SRR5949144	1.154243037085462
PLEKHH2	SRR5949145	1.1542881659876676
PLEKHH2	SRR5949146	1.1542763738511965
PLEKHH2	SRR5949147	1.1542763738511965
PLEKHH2	SRR5949148	1.1535426695350546
PLEKHH2	SRR5949149	1.1542881659876676
PLEKHH2	SRR5949150	1.1544066367558048
PLEKHH2	SRR5949151	1.1540843659274789
PLEKHH2	SRR5949152	1.1521642390280358
PLEKHH2	SRR5949153	1.1542129775631536
PLEKHH2	SRR5949154	1.1532523441137337
PLEKHH2	SRR5949155	1.1542881659876676
PLEKHH2	SRR5949156	1.1544066367558048
PLEKHH2	SRR5949157	1.1543930374941627
PLEKHH2	SRR5949158	1.1544080735423528
PLEKHH2	SRR5949159	1.1533709738650642
PLEKHH2	SRR5949160	1.1543930374941627
PLEKHH2	SRR5949161	1.1543861423812125
PLEKHH2	SRR5949162	1.1543930374941627
PLEKHH2	SRR5949163	1.1544066367558048
PLEKHH2	SRR5949164	1.1544080735423528
PLEKHH2	SRR5949165	1.154328975937927
PLEKHH2	SRR5949166	1.1544066367558048
PLEKHH2	SRR5949167	1.1542881659876676
PLEKHH2	SRR5949168	1.1543244711383844
PLEKHH2	SRR5949169	1.1496389762158161
PLEKHH2	SRR5949170	1.1544080735423528
PLEKHH2	SRR5949171	1.1541360045743105
PLEKHH2	SRR5949172	1.1541312616794417
PLEKHH2	SRR5949173	1.1543930374941627
PLEKHH2	SRR5949174	1.1543244711383844
PLEKHH2	SRR5949175	1.1544080735423528
PLEKHH2	SRR5949176	1.1542612816136126
PLEKHH2	SRR5949177	1.153448318699057
PLEKHH2	SRR5949178	1.1542129775631536
PLEKHH2	SRR5949179	1.1543861423812125
PLEKHH2	SRR5949180	1.1544080735423528
PLEKHH2	SRR5949181	1.1544018504729736
PLEKHH2	SRR5949182	1.154243037085462
PLEKHH2	SRR5949183	1.1544066367558048
PLEKHH2	SRR5949184	1.154328975937927
PLEKHH2	SRR5949185	1.1541312616794417
PLEKHH2	SRR5949186	1.1537962707798937
PLEKHH2	SRR5949187	1.1543861423812125
PLEKHH2	SRR5949188	1.1543244711383844
PLEKHH2	SRR5949189	1.1542612816136126
PLEKHH2	SRR5949190	1.1542881659876676
PLEKHH2	SRR5949191	1.1541360045743105
PLEKHH2	SRR5949192	1.1544018504729736
PLEKHH2	SRR5949193	1.1544066367558048
PLEKHH2	SRR5949194	1.1543930374941627
PLEKHH2	SRR5949195	1.154328975937927
PLEKHH2	SRR5949196	1.1541454974839138
PLEKHH2	SRR5949197	1.153987572083333
PLEKHH2	SRR5949198	1.153664101949279
PLEKHH2	SRR5949199	1.1542193125787963
PLEKHH2	SRR5949200	1.1544066367558048
PLEKHH2	SRR5949201	1.1543244711383844
PLEKHH2	SRR5949202	1.1543861423812125
PLEKHH2	SRR5949203	1.1543930374941627
PLEKHH2	SRR5949204	1.1544080735423528
PLEKHH2	SRR5949205	1.1544080735423528
PLEKHH2	SRR5949206	1.154328975937927
PLEKHH2	SRR5949207	1.1543930374941627
PLEKHH2	SRR5949208	1.1542881659876676
PLEKHH2	SRR5949209	1.1543930374941627
PLEKHH2	SRR5949210	1.1543244711383844
PLEKHH2	SRR5949211	1.153987572083333
PLEKHH2	SRR5949212	1.1543244711383844
PLEKHH2	SRR5949213	1.1542193125787963
PLEKHH2	SRR5949214	1.1540843659274789
PLEKHH2	SRR5949215	1.1542612816136126
PLEKHH2	SRR5949216	1.1543861423812125
PLEKHH2	SRR5949217	1.1543861423812125
PLEKHH2	SRR5949218	1.154243037085462
PLEKHH2	SRR5949219	1.1542612816136126
PLEKHH2	SRR5949220	1.1541312616794417
PLEKHH2	SRR5949221	1.1540843659274789
PLEKHH2	SRR5949222	1.1542612816136126
PLEKHH2	SRR5949223	1.153448318699057
PLEKHH2	SRR5949224	1.1542881659876676
PLEKHH2	SRR5949225	1.1544018504729736
PLEKHH2	SRR5949226	1.1541312616794417
PLEKHH2	SRR5949227	1.1544018504729736
PLEKHH2	SRR5949228	1.1541312616794417
PLEKHH2	SRR5949229	1.154127700715507
PLEKHH2	SRR5949230	1.1544018504729736
PLEKHH2	SRR5949231	1.1540286696356532
PLEKHH2	SRR5949232	1.1531855179973023
PLEKHH2	SRR5949233	1.1534681238443258
PLEKHH2	SRR5949234	1.1542763738511965
PLEKHH2	SRR5949235	1.1541312616794417
PLEKHH2	SRR5949236	1.1524349692227331
PLEKHH2	SRR5949237	1.1540286696356532
PLEKHH2	SRR5949238	1.1537962707798937
PLEKHH2	SRR5949239	1.152631812552955
PLEKHH2	SRR5949240	1.1544066367558048
PLEKHH2	SRR5949241	1.1542881659876676
PLEKHH2	SRR5949242	1.1543244711383844
PLEKHH2	SRR5949243	1.1542129775631536
PLEKHH2	SRR5949244	1.1542193125787963
PLEKHH2	SRR5949245	1.1542342444976637
PLEKHH2	SRR5949246	1.1543244711383844
PLEKHH2	SRR5949247	1.1542763738511965
PLEKHH2	SRR5949248	1.154328975937927
PLEKHH2	SRR5949249	1.1543244711383844
PLEKHH2	SRR5949250	1.1544080735423528
PLEKHH2	SRR5949251	1.1541312616794417
PLEKHH2	SRR5949252	1.1543930374941627
PLEKHH2	SRR5949253	1.1539534513664238
PLEKHH2	SRR5949254	1.154099487946561
PLEKHH2	SRR5949255	1.1543244711383844
PLEKHH2	SRR5949256	1.1542342444976637
PLEKHH2	SRR5949257	1.1544066367558048
PLEKHH2	SRR5949258	1.1544066367558048
PLEKHH2	SRR5949259	1.154243037085462
PLEKHH2	SRR5949260	1.1544080735423528
PLEKHH2	SRR5949261	1.1544080735423528
PLEKHH2	SRR5949262	1.1542193125787963
PLEKHH2	SRR5949263	1.154328975937927
PLEKHH2	SRR5949264	1.1542612816136126
PLEKHH2	SRR5949265	1.1543930374941627
PLEKHH2	SRR5949266	1.1537626724135772
PLEKHH2	SRR5949267	1.1537779842987672
PLEKHH2	SRR5949268	1.1544018504729736
PLEKHH2	SRR5949269	1.1542612816136126
PLEKHH2	SRR5949270	1.1543244711383844
PLEKHH2	SRR5949271	1.154119770897195
PLEKHH2	SRR5949272	1.1544080735423528
PLEKHH2	SRR5949273	1.1544080735423528
PLEKHH2	SRR5949274	1.154328975937927
PLEKHH2	SRR5949275	1.154099487946561
PLEKHH2	SRR5949276	1.154328975937927
PLEKHH2	SRR5949277	1.1537779842987672
PLEKHH2	SRR5949278	1.1543861423812125
PLEKHH2	SRR5949279	1.1543861423812125
PLEKHH2	SRR5949280	1.1539394876265088
PLEKHH2	SRR5949281	1.1543244711383844
PLEKHH2	SRR5949282	1.1544080735423528
PLEKHH2	SRR5949283	1.154043329391819
PLEKHH2	SRR5949284	1.1544080735423528
PLEKHH2	SRR5949285	1.15317802952035
PLEKHH2	SRR5949286	1.1537626724135772
PLEKHH2	SRR5949287	1.1544080735423528
PLEKHH2	SRR5949288	1.1543861423812125
PLEKHH2	SRR5949289	1.1542342444976637
PLEKHH2	SRR5949290	1.1544080735423528
PLEKHH2	SRR5949291	1.1543244711383844
PLEKHH2	SRR5949292	1.1542763738511965
PLEKHH2	SRR5949293	1.1544080735423528
PLEKHH2	SRR5949294	1.1544066367558048
PLEKHH2	SRR5949295	1.1543861423812125
PLEKHH2	SRR5949296	1.154328975937927
PLEKHH2	SRR5949297	1.1543930374941627
PLEKHH2	SRR5949298	1.1541360045743105
PLEKHH2	SRR5949299	1.1542763738511965
PLEKHH2	SRR5949300	1.1544066367558048
PLEKHH2	SRR5949301	1.1544066367558048
PLEKHH2	SRR5949302	1.1542342444976637
PLEKHH2	SRR5949303	1.1541454974839138
PLEKHH2	SRR5949304	1.1543930374941627
PLEKHH2	SRR5949305	1.1537652995205527
PLEKHH2	SRR5949306	1.1543930374941627
PLEKHH2	SRR5949307	1.1542763738511965
PLEKHH2	SRR5949308	1.154328975937927
PLEKHH2	SRR5949309	1.154119770897195
PLEKHH2	SRR5949310	1.154119770897195
PLEKHH2	SRR5949311	1.1542763738511965
PLEKHH2	SRR5949312	1.1540148338403267
PLEKHH2	SRR5949313	1.1543244711383844
PLEKHH2	SRR5949314	1.1544066367558048
PLEKHH2	SRR5949315	1.1543244711383844
PLEKHH2	SRR5949316	1.1543861423812125
PLEKHH2	SRR5949317	1.1538444146289202
PLEKHH2	SRR5949318	1.1537833054890896
PLEKHH2	SRR5949319	1.1543930374941627
PLEKHH2	SRR5949320	1.1544080735423528
PLEKHH2	SRR5949321	1.154328975937927
PLEKHH2	SRR5949322	1.1541312616794417
PLEKHH2	SRR5949323	1.1543244711383844
PLEKHH2	SRR5949324	1.1544080735423528
PLEKHH2	SRR5949325	1.1543861423812125
PLEKHH2	SRR5949326	1.1542881659876676
PLEKHH2	SRR5949327	1.1537250692562184
PLEKHH2	SRR5949328	1.1543930374941627
PLEKHH2	SRR5949329	1.1544018504729736
PLEKHH2	SRR5949330	1.1543861423812125
PLEKHH2	SRR5949331	1.1544018504729736
PLEKHH2	SRR5949332	1.1544080735423528
PLEKHH2	SRR5949333	1.154243037085462
PLEKHH2	SRR5949334	1.1540148338403267
PLEKHH2	SRR5949335	1.1544066367558048
PLEKHH2	SRR5949336	1.154328975937927
PLEKHH2	SRR5949337	1.1544018504729736
PLEKHH2	SRR5949338	1.1543861423812125
PLEKHH2	SRR5949339	1.1543861423812125
PLEKHH2	SRR5949340	1.1541454974839138
PLEKHH2	SRR5949341	1.154243037085462
PLEKHH2	SRR5949342	1.1543930374941627
PLEKHH2	SRR5949343	1.1542612816136126
PLEKHH2	SRR5949344	1.1543930374941627
PLEKHH2	SRR5949345	1.1544018504729736
PLEKHH2	SRR5949346	1.1537070312898285
PLEKHH2	SRR5949347	1.1539830975965506
PLEKHH2	SRR5949348	1.1532222126984653
PLEKHH2	SRR5949349	1.1543861423812125
PLEKHH2	SRR5949350	1.1543244711383844
PLEKHH2	SRR5949351	1.1543244711383844
PLEKHH2	SRR5949352	1.154328975937927
PLEKHH2	SRR5949353	1.1543861423812125
PLEKHH2	SRR5949354	1.154118135098547
PLEKHH2	SRR5949355	1.1542763738511965
PLEKHH2	SRR5949356	1.1513016641508953
PLEKHH2	SRR5949357	1.1542763738511965
PLEKHH2	SRR5949358	1.1542881659876676
PLEKHH2	SRR5949359	1.1543861423812125
PLEKHH2	SRR5949360	1.154243037085462
PLEKHH2	SRR5949361	1.1542342444976637
PLEKHH2	SRR5949362	1.1524373005233322
PLEKHH2	SRR5949363	1.1544018504729736
PLEKHH2	SRR5949364	1.1541344162995835
PLEKHH2	SRR5949365	1.1539534513664238
PLEKHH2	SRR5949366	1.151926209413139
PLEKHH2	SRR5949367	1.1544080735423528
PLEKHH2	SRR5949368	1.1532936707463863
PLEKHH2	SRR5949369	1.1544066367558048
PLEKHH2	SRR5949370	1.1543930374941627
PLEKHH2	SRR5949371	1.154127700715507
PLEKHH2	SRR5949372	1.1543244711383844
PLEKHH2	SRR5949373	1.1544066367558048
PLEKHH2	SRR5949374	1.1541360045743105
PLEKHH2	SRR5949375	1.1544066367558048
PLEKHH2	SRR5949376	1.1544080735423528
PLEKHH2	SRR5949377	1.1543861423812125
PLEKHH2	SRR5949378	1.1544080735423528
PLEKHH2	SRR5949379	1.1543861423812125
PLEKHH2	SRR5949380	1.1535503567545762
PLEKHH2	SRR5949381	1.154099487946561
PLEKHH2	SRR5949382	1.1543861423812125
PLEKHH2	SRR5949383	1.1542193125787963
PLEKHH2	SRR5949384	1.1544066367558048
PLEKHH2	SRR5949385	1.1542129775631536
PLEKHH2	SRR5949386	1.1544080735423528
PLEKHH2	SRR5949387	1.1525536382806347
PLEKHH2	SRR5949388	1.1540976154898277
PLEKHH2	SRR5949389	1.1544080735423528
PLEKHH2	SRR5949390	1.1543244711383844
PLEKHH2	SRR5949391	1.154127700715507
PLEKHH2	SRR5949392	1.1544080735423528
PLEKHH2	SRR5949393	1.154127700715507
PLEKHH2	SRR5949394	1.154043329391819
PLEKHH2	SRR5949395	1.1543244711383844
PLEKHH2	SRR5949396	1.153448318699057
PLEKHH2	SRR5949397	1.1544066367558048
PLEKHH2	SRR5949398	1.1544018504729736
PLEKHH2	SRR5949399	1.1542881659876676
PLEKHH2	SRR5949400	1.148920661344423
PLEKHH2	SRR5949401	1.1544080735423528
PLEKHH2	SRR5949402	1.154328975937927
PLEKHH2	SRR5949403	1.1542612816136126
PLEKHH2	SRR5949404	1.154127700715507
PLEKHH2	SRR5949405	1.1543861423812125
PLEKHH2	SRR5949406	1.1544066367558048
PLEKHH2	SRR5949407	1.1543861423812125
PLEKHH2	SRR5949408	1.1543861423812125
PLEKHH2	SRR5949409	1.154328975937927
PLEKHH2	SRR5949410	1.1543244711383844
PLEKHH2	SRR5949411	1.1544080735423528
PLEKHH2	SRR5949412	1.1542193125787963
PLEKHH2	SRR5949413	1.154328975937927
PLEKHH2	SRR5949414	1.1543861423812125
PLEKHH2	SRR5949415	1.1543930374941627
PLEKHH2	SRR5949416	1.1542763738511965
PLEKHH2	SRR5949417	1.154243037085462
PLEKHH2	SRR5949418	1.1543861423812125
PLEKHH2	SRR5949419	1.1543930374941627
PLEKHH2	SRR5949420	1.1542612816136126
PLEKHH2	SRR5949421	1.154243037085462
PLEKHH2	SRR5949422	1.1542763738511965
PLEKHH2	SRR5949423	1.1542763738511965
PLEKHH2	SRR5949424	1.1544080735423528
PLEKHH2	SRR5949425	1.1542763738511965
PLEKHH2	SRR5949426	1.1544018504729736
PLEKHH2	SRR5949427	1.1542763738511965
PLEKHH2	SRR5949428	1.1544080735423528
PLEKHH2	SRR5949429	1.1540148338403267
PLEKHH2	SRR5949430	1.1543244711383844
PLEKHH2	SRR5949431	1.1543244711383844
PLEKHH2	SRR5949432	1.1543244711383844
PLEKHH2	SRR5949433	1.1542881659876676
PLEKHH2	SRR5949434	1.1542881659876676
PLEKHH2	SRR5949435	1.154099487946561
PLEKHH2	SRR5949436	1.1543930374941627
PLEKHH2	SRR5949437	1.1540843659274789
PLEKHH2	SRR5949438	1.1539394876265088
PLEKHH2	SRR5949439	1.1544066367558048
PLEKHH2	SRR5949440	1.1544018504729736
PLEKHH2	SRR5949441	1.1544018504729736
PLEKHH2	SRR5949442	1.1541454974839138
PLEKHH2	SRR5949443	1.1541312616794417
PLEKHH2	SRR5949444	1.1540976154898277
PLEKHH2	SRR5949445	1.1544080735423528
PLEKHH2	SRR5949446	1.1543930374941627
PLEKHH2	SRR5949447	1.1542763738511965
PLEKHH2	SRR5949448	1.1544080735423528
PLEKHH2	SRR5949449	1.1544080735423528
PLEKHH2	SRR5949450	1.1543244711383844
PLEKHH2	SRR5949451	1.154243037085462
PLEKHH2	SRR5949452	1.1543244711383844
PLEKHH2	SRR5949453	1.1542881659876676
PLEKHH2	SRR5949454	1.1543861423812125
PLEKHH2	SRR5949455	1.1542763738511965
PLEKHH2	SRR5949456	1.1544066367558048
PLEKHH2	SRR5949457	1.1544018504729736
PLEKHH2	SRR5949458	1.1544066367558048
PLEKHH2	SRR5949459	1.154328975937927
PLEKHH2	SRR5949460	1.154127700715507
PLEKHH2	SRR5949461	1.1537652995205527
PLEKHH2	SRR5949462	1.1543930374941627
PLEKHH2	SRR5949463	1.154119770897195
PLEKHH2	SRR5949464	1.154043329391819
PLEKHH2	SRR5949465	1.1535426695350546
PLEKHH2	SRR5949466	1.1543244711383844
PLEKHH2	SRR5949467	1.1536303593625774
PLEKHH2	SRR5949468	1.1543930374941627
PLEKHH2	SRR5949469	1.1544018504729736
PLEKHH2	SRR5949470	1.1543861423812125
PLEKHH2	SRR5949471	1.1542612816136126
PLEKHH2	SRR5949472	1.154328975937927
PLEKHH2	SRR5949473	1.154328975937927
PLEKHH2	SRR5949474	1.1542881659876676
PLEKHH2	SRR5949475	1.1544080735423528
PLEKHH2	SRR5949476	1.1543861423812125
PLEKHH2	SRR5949477	1.1544018504729736
PLEKHH2	SRR5949478	1.154328975937927
PLEKHH2	SRR5949479	1.1538444146289202
PLEKHH2	SRR5949480	1.1542612816136126
PLEKHH2	SRR5949481	1.1544018504729736
PLEKHH2	SRR5949482	1.1542129775631536
PLEKHH2	SRR5949483	1.1538715423531325
PLEKHH2	SRR5949484	1.1543930374941627
PLEKHH2	SRR5949485	1.154099487946561
PLEKHH2	SRR5949486	1.1542881659876676
PLEKHH2	SRR5949487	1.1542612816136126
PLEKHH2	SRR5949488	1.153987572083333
PLEKHH2	SRR5949489	1.1541344162995835
PLEKHH2	SRR5949490	1.1541360045743105
PLEKHH2	SRR5949491	1.1542881659876676
PLEKHH2	SRR5949492	1.1541360045743105
PLEKHH2	SRR5949493	1.154243037085462
PLEKHH2	SRR5949494	1.1544080735423528
PLEKHH2	SRR5949495	1.154043329391819
PLEKHH2	SRR5949496	1.154243037085462
PLEKHH2	SRR5949497	1.1542612816136126
PLEKHH2	SRR5949498	1.1543244711383844
PLEKHH2	SRR5949499	1.1543930374941627
PLEKHH2	SRR5949500	1.1539304288892793
PLEKHH2	SRR5949501	1.1541014455850918
PLEKHH2	SRR5949502	1.1538715423531325
PLEKHH2	SRR5949503	1.1541360045743105
PLEKHH2	SRR5949504	1.1543861423812125
PLEKHH2	SRR5949505	1.1543861423812125
PLEKHH2	SRR5949506	1.1543861423812125
PLEKHH2	SRR5949507	1.1544018504729736
PLEKHH2	SRR5949508	1.154243037085462
PLEKHH2	SRR5949509	1.1543930374941627
PLEKHH2	SRR5949510	1.1543861423812125
PLEKHH2	SRR5949511	1.1536505416463956
PLEKHH2	SRR5949512	1.154328975937927
PLEKHH2	SRR5949513	1.1544080735423528
PLEKHH2	SRR5949514	1.1542193125787963
PLEKHH2	SRR5949515	1.1543930374941627
PLEKHH2	SRR5949516	1.1543244711383844
PLEKHH2	SRR5949517	1.1543861423812125
PLEKHH2	SRR5949518	1.1538715423531325
PLEKHH2	SRR5949519	1.154127700715507
PLEKHH2	SRR5949520	1.1544018504729736
PLEKHH2	SRR5949521	1.1537652995205527
PLEKHH2	SRR5949522	1.154328975937927
PLEKHH2	SRR5949523	1.1544018504729736
PLEKHH2	SRR5949524	1.1542881659876676
PLEKHH2	SRR5949525	1.1542129775631536
PLEKHH2	SRR5949526	1.1537070312898285
PLEKHH2	SRR5949527	1.1541360045743105
PLEKHH2	SRR5949528	1.1530313538581225
PLEKHH2	SRR5949529	1.1541014455850918
PLEKHH2	SRR5949530	1.1542612816136126
PLEKHH2	SRR5949531	1.1542342444976637
PLEKHH2	SRR5949532	1.1544018504729736
PLEKHH2	SRR5949533	1.1544080735423528
PLEKHH2	SRR5949534	1.1541454974839138
PLEKHH2	SRR5949535	1.1543861423812125
PLEKHH2	SRR5949536	1.1543244711383844
PLEKHH2	SRR5949537	1.1543930374941627
PLEKHH2	SRR5949538	1.1544080735423528
PLEKHH2	SRR5949539	1.154243037085462
PLEKHH2	SRR5949540	1.154118135098547
PLEKHH2	SRR5949541	1.1542612816136126
PLEKHH2	SRR5949542	1.154118135098547
PLEKHH2	SRR5949543	1.1542881659876676
PLEKHH2	SRR5949544	1.154127700715507
PLEKHH2	SRR5949545	1.1539394876265088
PLEKHH2	SRR5949546	1.1541360045743105
PLEKHH2	SRR5949547	1.1544080735423528
PLEKHH2	SRR5949548	1.1542881659876676
PLEKHH2	SRR5949549	1.1539534513664238
PLEKHH2	SRR5949550	1.1535522984622077
PLEKHH2	SRR5949551	1.154328975937927
PLEKHH2	SRR5949552	1.154043329391819
PLEKHH2	SRR5949553	1.1544066367558048
PLEKHH2	SRR5949554	1.1543861423812125
PLEKHH2	SRR5949555	1.1452054817287791
PLEKHH2	SRR5949556	1.154099487946561
PLEKHH2	SRR5949557	1.1542881659876676
PLEKHH2	SRR5949558	1.154043329391819
PLEKHH2	SRR5949559	1.1543930374941627
PLEKHH2	SRR5949560	1.1544018504729736
PLEKHH2	SRR5949561	1.1537430923754213
PLEKHH2	SRR5949562	1.154043329391819
PLEKHH2	SRR5949563	1.1542763738511965
PLEKHH2	SRR5949564	1.1543244711383844
PLEKHH2	SRR5949565	1.1544066367558048
PLEKHH2	SRR5949566	1.1543861423812125
PLEKHH2	SRR5949567	1.1525839843466772
PLEKHH2	SRR5949568	1.154118135098547
PLEKHH2	SRR5949569	1.1541344162995835
PLEKHH2	SRR5949570	1.1542612816136126
PLEKHH2	SRR5949571	1.1539394876265088
PLEKHH2	SRR5949572	1.154243037085462
PLEKHH2	SRR5949573	1.154127700715507
PLEKHH2	SRR5949574	1.1542881659876676
PLEKHH2	SRR5949575	1.154243037085462
PLEKHH2	SRR5949576	1.1542129775631536
PLEKHH2	SRR5949577	1.1544066367558048
PLEKHH2	SRR5949578	1.1543244711383844
PLEKHH2	SRR5949579	1.1543861423812125
PLEKHH2	SRR5949580	1.1543930374941627
PLEKHH2	SRR5949581	1.1544080735423528
PLEKHH2	SRR5949582	1.1541312616794417
PLEKHH2	SRR5949583	1.1544066367558048
PLEKHH2	SRR5949584	1.1536496989510014
PLEKHH2	SRR5949585	1.154328975937927
PLEKHH2	SRR5949586	1.1543861423812125
PLEKHH2	SRR5949587	1.1542881659876676
PLEKHH2	SRR5949588	1.153006792126308
PLEKHH2	SRR5949589	1.1544080735423528
PLEKHH2	SRR5949590	1.1541360045743105
PLEKHH2	SRR5949591	1.1543930374941627
PLEKHH2	SRR5949592	1.154243037085462
PLEKHH2	SRR5949593	1.1544080735423528
PLEKHH2	SRR5949594	1.154243037085462
PLEKHH2	SRR5949595	1.154328975937927
PLEKHH2	SRR5949596	1.1542763738511965
PLEKHH2	SRR5949597	1.1538444146289202
PLEKHH2	SRR5949598	1.154243037085462
PLEKHH2	SRR5949599	1.1541344162995835
PLEKHH2	SRR5949600	1.1543244711383844
PLEKHH2	SRR5949601	1.154243037085462
PLEKHH2	SRR5949602	1.1544080735423528
PLEKHH2	SRR5949603	1.1543244711383844
PLEKHH2	SRR5949604	1.1543861423812125
PLEKHH2	SRR5949605	1.154243037085462
PLEKHH2	SRR5949606	1.1540286696356532
PLEKHH2	SRR5949607	1.1544018504729736
PLEKHH2	SRR5949608	1.1537626724135772
PLEKHH2	SRR5950246	1.1537070312898285
PLEKHH2	SRR5950247	1.154043329391819
PLEKHH2	SRR5950248	1.1543244711383844
PLEKHH2	SRR5950249	1.1544080735423528
PLEKHH2	SRR5950250	1.154127700715507
PLEKHH2	SRR5950251	1.1543244711383844
PLEKHH2	SRR5950252	1.1544066367558048
PLEKHH2	SRR5950253	1.154328975937927
PLEKHH2	SRR5950254	1.1540286696356532
PLEKHH2	SRR5950255	1.1537779842987672
PLEKHH2	SRR5950256	1.1532906572572703
PLEKHH2	SRR5950257	1.1532936707463863
PLEKHH2	SRR5950258	1.1543244711383844
PLEKHH2	SRR5950259	1.1544018504729736
PLEKHH2	SRR5950260	1.1543244711383844
PLEKHH2	SRR5950261	1.154328975937927
PLEKHH2	SRR5950262	1.1542193125787963
PLEKHH2	SRR5950263	1.1538444146289202
PLEKHH2	SRR5950264	1.1544018504729736
PLEKHH2	SRR5950265	1.154119770897195
PLEKHH2	SRR5950266	1.153620340573047
PLEKHH2	SRR5950267	1.1543244711383844
PLEKHH2	SRR5950268	1.154243037085462
PLEKHH2	SRR5950269	1.154243037085462
PLEKHH2	SRR5950270	1.1539830975965506
PLEKHH2	SRR5950271	1.1544080735423528
PLEKHH2	SRR5950272	1.1544080735423528
PLEKHH2	SRR5950273	1.1543244711383844
PLEKHH2	SRR5950274	1.1541454974839138
PLEKHH2	SRR5950275	1.154243037085462
PLEKHH2	SRR5950276	1.154328975937927
PLEKHH2	SRR5950277	1.1541014455850918
PLEKHH2	SRR5950278	1.1537962707798937
PLEKHH2	SRR5950279	1.1542763738511965
PLEKHH2	SRR5950280	1.1543861423812125
PLEKHH2	SRR5950281	1.154243037085462
PLEKHH2	SRR5950282	1.1538447615632836
PLEKHH2	SRR5950283	1.154328975937927
PLEKHH2	SRR5950284	1.1511338942169325
PLEKHH2	SRR5950285	1.1540843659274789
PLEKHH2	SRR5950286	1.1542881659876676
PLEKHH2	SRR5950287	1.1537833054890896
PLEKHH2	SRR5950288	1.154118135098547
PLEKHH2	SRR5950289	1.1537285180296166
PLEKHH2	SRR5950290	1.1543930374941627
PLEKHH2	SRR5950291	1.154328975937927
PLEKHH2	SRR5950292	1.1542193125787963
PLEKHH2	SRR5950293	1.1539534513664238
PLEKHH2	SRR5950294	1.1544080735423528
PLEKHH2	SRR5950295	1.1544018504729736
PLEKHH2	SRR5950296	1.1542881659876676
PLEKHH2	SRR5950297	1.1540286696356532
PLEKHH2	SRR5950298	1.1543930374941627
PLEKHH2	SRR5950299	1.1541312616794417
PLEKHH2	SRR5950300	1.1542881659876676
PLEKHH2	SRR5950301	1.154328975937927
PLEKHH2	SRR5950302	1.1542612816136126
PLEKHH2	SRR5950303	1.1541454974839138
PLEKHH2	SRR5950304	1.1540148338403267
PLEKHH2	SRR5950305	1.1542612816136126
PLEKHH2	SRR5950306	1.1542763738511965
PLEKHH2	SRR5950307	1.1541344162995835
PLEKHH2	SRR5950308	1.1542342444976637
PLEKHH2	SRR5950309	1.154243037085462
PLEKHH2	SRR5950310	1.1542881659876676
PLEKHH2	SRR5950311	1.1543930374941627
PLEKHH2	SRR5950312	1.1543244711383844
PLEKHH2	SRR5950313	1.1542193125787963
PLEKHH2	SRR5950314	1.1543930374941627
PLEKHH2	SRR5950315	1.154328975937927
PLEKHH2	SRR5950316	1.1544018504729736
PLEKHH2	SRR5950317	1.1541312616794417
PLEKHH2	SRR5950318	1.153987572083333
PLEKHH2	SRR5950319	1.1541360045743105
PLEKHH2	SRR5950320	1.154119770897195
PLEKHH2	SRR5950321	1.1533709738650642
PLEKHH2	SRR5950322	1.1541014455850918
PLEKHH2	SRR5950323	1.1542129775631536
PLEKHH2	SRR5950324	1.1543930374941627
PLEKHH2	SRR5950325	1.1542342444976637
PLEKHH2	SRR5950326	1.154099487946561
PLEKHH2	SRR5950327	1.154328975937927
PLEKHH2	SRR5950328	1.154328975937927
PLEKHH2	SRR5950329	1.1542881659876676
PLEKHH2	SRR5950330	1.1541360045743105
PLEKHH2	SRR5950331	1.1539534513664238
PLEKHH2	SRR5950332	1.1540843659274789
PLEKHH2	SRR5950333	1.1543930374941627
PLEKHH2	SRR5950334	1.1543861423812125
PLEKHH2	SRR5950335	1.1543861423812125
PLEKHH2	SRR5950336	1.1524373005233322
PLEKHH2	SRR5950337	1.1537962707798937
PLEKHH2	SRR5950338	1.1531742805487435
PLEKHH2	SRR5950339	1.1544080735423528
PLEKHH2	SRR5950340	1.154127700715507
PLEKHH2	SRR5950341	1.1542129775631536
PLEKHH2	SRR5950342	1.1544018504729736
PLEKHH2	SRR5950343	1.1542342444976637
PLEKHH2	SRR5950344	1.154119770897195
PLEKHH2	SRR5950345	1.1542129775631536
PLEKHH2	SRR5950346	1.1543244711383844
PLEKHH2	SRR5950347	1.1542612816136126
PLEKHH2	SRR5950348	1.1541344162995835
PLEKHH2	SRR5950349	1.1544066367558048
PLEKHH2	SRR5950350	1.1543244711383844
PLEKHH2	SRR5950351	1.1538444146289202
PLEKHH2	SRR5950352	1.1544018504729736
PLEKHH2	SRR5950353	1.1542763738511965
PLEKHH2	SRR5950354	1.1544018504729736
PLEKHH2	SRR5950355	1.1544066367558048
PLEKHH2	SRR5950356	1.1537250692562184
PLEKHH2	SRR5950357	1.1544018504729736
PLEKHH2	SRR5950358	1.1541344162995835
PLEKHH2	SRR5950359	1.1542342444976637
PLEKHH2	SRR5950360	1.1544018504729736
PLEKHH2	SRR5950361	1.1544018504729736
PLEKHH2	SRR5950362	1.1541014455850918
PLEKHH2	SRR5950363	1.153987572083333
PLEKHH2	SRR5950364	1.1541360045743105
PLEKHH2	SRR5950365	1.154328975937927
PLEKHH2	SRR5950366	1.1543930374941627
PLEKHH2	SRR5950367	1.153400485650712
PLEKHH2	SRR5950368	1.1542763738511965
PLEKHH2	SRR5950369	1.1544080735423528
PLEKHH2	SRR5950370	1.1544080735423528
PLEKHH2	SRR5950371	1.154328975937927
PLEKHH2	SRR5950372	1.1543861423812125
PLEKHH2	SRR5950373	1.1542881659876676
PLEKHH2	SRR5950374	1.1542763738511965
PLEKHH2	SRR5950375	1.1543930374941627
PLEKHH2	SRR5950376	1.1544066367558048
PLEKHH2	SRR5950377	1.1539830975965506
PLEKHH2	SRR5950378	1.1542881659876676
PLEKHH2	SRR5950379	1.1542763738511965
PLEKHH2	SRR5950380	1.1542129775631536
PLEKHH2	SRR5950381	1.1542129775631536
PLEKHH2	SRR5950382	1.1537779842987672
PLEKHH2	SRR5950383	1.1544066367558048
PLEKHH2	SRR5950384	1.1543930374941627
PLEKHH2	SRR5950385	1.1537833054890896
PLEKHH2	SRR5950386	1.1543861423812125
PLEKHH2	SRR5950387	1.1544066367558048
PLEKHH2	SRR5950388	1.154127700715507
PLEKHH2	SRR5950389	1.1532222126984653
PLEKHH2	SRR5950390	1.1542129775631536
PLEKHH2	SRR5950391	1.1544080735423528
PLEKHH2	SRR5950392	1.1537652995205527
PLEKHH2	SRR5950393	1.1541312616794417
PLEKHH2	SRR5950394	1.154243037085462
PLEKHH2	SRR5950395	1.1542763738511965
PLEKHH2	SRR5950396	1.1544080735423528
PLEKHH2	SRR5950397	1.1544066367558048
PLEKHH2	SRR5950398	1.1544066367558048
PLEKHH2	SRR5950399	1.1542193125787963
PLEKHH2	SRR5950400	1.1542342444976637
PLEKHH2	SRR5950401	1.1543930374941627
PLEKHH2	SRR5950402	1.1543930374941627
PLEKHH2	SRR5950403	1.154328975937927
PLEKHH2	SRR5950404	1.1543861423812125
PLEKHH2	SRR5950405	1.153006792126308
PLEKHH2	SRR5950406	1.1539304288892793
PLEKHH2	SRR5950407	1.154328975937927
PLEKHH2	SRR5950408	1.154043329391819
PLEKHH2	SRR5950409	1.154127700715507
PLEKHH2	SRR5950410	1.1544080735423528
PLEKHH2	SRR5950411	1.1544018504729736
PLEKHH2	SRR5950412	1.1543861423812125
PLEKHH2	SRR5950413	1.1539394876265088
PLEKHH2	SRR5950414	1.1543861423812125
PLEKHH2	SRR5950415	1.1542193125787963
PLEKHH2	SRR5950416	1.154243037085462
PLEKHH2	SRR5950417	1.1542342444976637
PLEKHH2	SRR5950418	1.154119770897195
PLEKHH2	SRR5950419	1.1544018504729736
PLEKHH2	SRR5950420	1.1542612816136126
PLEKHH2	SRR5950421	1.1541312616794417
PLEKHH2	SRR5950422	1.1540976154898277
PLEKHH2	SRR5950423	1.1542881659876676
PLEKHH2	SRR5950424	1.1543930374941627
PLEKHH2	SRR5950425	1.1544018504729736
PLEKHH2	SRR5950426	1.1541344162995835
PLEKHH2	SRR5950427	1.1543861423812125
PLEKHH2	SRR5950428	1.1542881659876676
PLEKHH2	SRR5950429	1.1544018504729736
PLEKHH2	SRR5950430	1.154243037085462
PLEKHH2	SRR5950431	1.1542612816136126
PLEKHH2	SRR5950432	1.1543861423812125
PLEKHH2	SRR5950433	1.154328975937927
PLEKHH2	SRR5950434	1.1541344162995835
PLEKHH2	SRR5950435	1.1542881659876676
PLEKHH2	SRR5950436	1.1544018504729736
PLEKHH2	SRR5950437	1.1542612816136126
PLEKHH2	SRR5950438	1.1543930374941627
PLEKHH2	SRR5950439	1.1544066367558048
PLEKHH2	SRR5950440	1.150186403730464
PLEKHH2	SRR5950441	1.1540843659274789
PLEKHH2	SRR5950442	1.1543244711383844
PLEKHH2	SRR5950443	1.1541454974839138
PLEKHH2	SRR5950444	1.154328975937927
PLEKHH2	SRR5950445	1.1543861423812125
PLEKHH2	SRR5950446	1.1542129775631536
PLEKHH2	SRR5950447	1.1539830975965506
PLEKHH2	SRR5950448	1.1543244711383844
PLEKHH2	SRR5950449	1.1543861423812125
PLEKHH2	SRR5950450	1.1544018504729736
PLEKHH2	SRR5950451	1.1544080735423528
PLEKHH2	SRR5950452	1.154099487946561
PLEKHH2	SRR5950453	1.1543930374941627
PLEKHH2	SRR5950454	1.1540976154898277
PLEKHH2	SRR5950455	1.1543930374941627
PLEKHH2	SRR5950456	1.1542881659876676
PLEKHH2	SRR5950457	1.1542129775631536
PLEKHH2	SRR5950458	1.1544080735423528
PLEKHH2	SRR5950459	1.1542612816136126
PLEKHH2	SRR5950460	1.1542612816136126
PLEKHH2	SRR5950461	1.1543244711383844
PLEKHH2	SRR5950462	1.1538715423531325
PLEKHH2	SRR5950463	1.1541454974839138
PLEKHH2	SRR5950464	1.1541014455850918
PLEKHH2	SRR5950465	1.1495981461456477
PLEKHH2	SRR5950466	1.1543861423812125
PLEKHH2	SRR5950467	1.1542763738511965
PLEKHH2	SRR5950468	1.1543244711383844
PLEKHH2	SRR5950469	1.1542129775631536
PLEKHH2	SRR5950470	1.1544018504729736
PLEKHH2	SRR5963912	1.1544080735423528
PLEKHH2	SRR5963913	1.154118135098547
PLEKHH2	SRR5963914	1.1544080735423528
PLEKHH2	SRR5963915	1.154119770897195
PLEKHH2	SRR5963916	1.1538752034369077
PLEKHH2	SRR5963917	1.154243037085462
PLEKHH2	SRR5963918	1.1542612816136126
PLEKHH2	SRR5963919	1.1543861423812125
PLEKHH2	SRR5963920	1.1542763738511965
PLEKHH2	SRR5963921	1.1543930374941627
PLEKHH2	SRR5963922	1.1542342444976637
PLEKHH2	SRR5963923	1.1542612816136126
PLEKHH2	SRR5963924	1.1543861423812125
PLEKHH2	SRR5963925	1.154118135098547
PLEKHH2	SRR5963926	1.154118135098547
PLEKHH2	SRR5963927	1.1544018504729736
PLEKHH2	SRR5963928	1.1540843659274789
PLEKHH2	SRR5963929	1.154328975937927
PLEKHH2	SRR5963930	1.1539394876265088
PLEKHH2	SRR5963931	1.1544066367558048
PLEKHH2	SRR5963932	1.1542881659876676
PLEKHH2	SRR5963933	1.1542193125787963
PLEKHH2	SRR5963934	1.153987572083333
PLEKHH2	SRR5963935	1.1544080735423528
PLEKHH2	SRR5963936	1.1541014455850918
PLEKHH2	SRR5963937	1.1537833054890896
PLEKHH2	SRR5963938	1.1543244711383844
PLEKHH2	SRR5963939	1.1543861423812125
PLEKHH2	SRR5963940	1.1543861423812125
PLEKHH2	SRR5963941	1.1544080735423528
PLEKHH2	SRR5963942	1.1544080735423528
PLEKHH2	SRR5963943	1.1543930374941627
PLEKHH2	SRR5963944	1.1544080735423528
PLEKHH2	SRR5963945	1.1544066367558048
PLEKHH2	SRR5963946	1.154328975937927
PLEKHH2	SRR5963947	1.154328975937927
PLEKHH2	SRR5963948	1.154328975937927
PLEKHH2	SRR6467548	290.82267571888826
PLEKHH2	SRR6467549	123.02025057021835
PLEKHH2	SRR6467550	263.4752585465627
PLEKHH2	SRR6467551	75.22189014142306
PLEKHH2	SRR6467552	44.73013147806554
PLEKHH2	SRR6467553	30.957966645487538
PLEKHH2	SRR6467554	32.72241232924707
PLEKHH2	SRR6467555	89.26954824163101
PLEKHH2	SRR6467556	43.50961801660111
PLEKHH2	SRR6467557	43.49199709400882
PLEKHH2	SRR6467558	71.42046104189029
PLEKHH2	SRR6467559	410.8988486319294
PLEKHH2	SRR6467560	94.9622542738466
PLEKHH2	SRR6467561	198.47169944159688
PLEKHH2	SRR6467562	281.063961801772
PLEKHH2	SRR6467563	112.69425458472026
PLEKHH2	SRR6467564	80.58529236874057
PLEKHH2	SRR6467565	85.82569271055526
PLEKHH2	SRR6467566	23.634986048114026
PLEKHH2	SRR6467567	84.93233459217801
PLEKHH2	SRR6467568	551.2525563243654
PLEKHH2	SRR6467569	204.96371922098814
PLEKHH2	SRR6467570	548.401418823867
PLEKHH2	SRR6467571	578.4161820257106
PLEKHH2	SRR6467572	347.13263426916575
PLEKHH2	SRR6467573	443.0050669999056
PLEKHH2	SRR6467574	317
PLEKHH2	SRR6467575	806.0637597797913
PLEKHH2	SRR6467576	357.6800441709776
PLEKHH2	SRR6467577	563.811054798313
PLEKHH2	SRR6467578	352.4420637254913
PLEKHH2	SRR6467579	173.83877072721694
PLEKHH2	SRR6467580	383.80115377981974
PLEKHH2	SRR6467581	610.5632873449697
PLEKHH2	SRR6467582	571.4604345826125
PLEKHH2	SRR6467583	403
PLEKHH2	SRR6467584	328.19902901644156
PLEKHH2	SRR6467585	510.8143500699671
PLEKHH2	SRR6467586	536.6426784925304
PLEKHH2	SRR6467587	342.91180835413576
PLEKHH2	SRR6467588	373.62806307654495
PLEKHH2	SRR6467589	368
PLEKHH2	SRR6467590	383.07279668829705
PLEKHH2	SRR6467591	197.06060694782744
PLEKHH2	SRR6467592	396.05943313834865
PLEKHH2	SRR6467593	495.25310099839487
PLEKHH2	SRR6467594	662.2544409262402
PLEKHH2	SRR6467595	383.8396561610462
PLEKHH2	SRR6467596	689
PLEKHH2	SRR6467597	715.1030758130381
PLEKHH2	SRR6467598	832.6052336619299
PLEKHH2	SRR6467599	522.9696022151488
PLEKHH2	SRR6467600	346.6639568347212
PLEKHH2	SRR6467601	689.8258403597122
PLEKHH2	SRR6467602	657.096316279045
PLEKHH2	SRR6467603	236
PLEKHH2	SRR6467604	593.5158429160916
PLEKHH2	SRR6467605	433.5575236489429
PLEKHH2	SRR6467606	418
PLEKHH2	SRR6467607	755
PLEKHH2	SRR6467608	476.2482688525706
PLEKHH2	SRR6467609	448.0806225019945
PLEKHH2	SRR6467610	392.90878177769144
PLEKHH2	SRR6467611	399.03204740241864
PLEKHH2	SRR6467612	358.0667924162701
PLEKHH2	SRR6467613	392
PLEKHH2	SRR6467614	586
PLEKHH2	SRR6467615	255.22664879484097
PLEKHH2	SRR6467616	371.6417124774783
PLEKHH2	SRR6467617	325.167637200822
PLEKHH2	SRR6467618	649
PLEKHH2	SRR6467619	851.9903716783057
PLEKHH2	SRR6467620	460.2062219017472
PLEKHH2	SRR6467621	458.3362176075055
PLEKHH2	SRR6467622	155.3054713693993
PLEKHH2	SRR6467623	594.542244369427
PLEKHH2	SRR6467624	208.03743187592602
PLEKHH2	SRR6467625	330
PLEKHH2	SRR6467626	474
PLEKHH2	SRR6467627	292.9152851941509
PLEKHH2	SRR6467628	622
PLEKHH2	SRR6467629	494.2288769712339
PLEKHH2	SRR6467630	558.4017812635752
PLEKHH2	SRR6467631	335.30154309019696
PLEKHH2	SRR6467632	322.3018412617953
PLEKHH2	SRR6467633	652
PLEKHH2	SRR6467634	269.078644148214
PLEKHH2	SRR6467635	872.9189254060137
PLEKHH2	SRR6467636	308.0829288130497
PLEKHH2	SRR6467637	971
PLEKHH2	SRR6467638	582
PLEKHH2	SRR6467639	481.5360038102713
PLEKHH2	SRR6467640	132.7201140635305
PLEKHH2	SRR6467641	293.7089944635728
PLEKHH2	SRR6467642	455.45056993328694
PLEKHH2	SRR6467643	367.54340571727477
PLEKHH2	SRR6467644	570
PLEKHH2	SRR6467645	640.8698579232846
PLEKHH2	SRR6467646	398
PLEKHH2	SRR6467647	528.6551444960302
PLEKHH2	SRR6467648	369.1306539796942
PLEKHH2	SRR6467649	270.4245920812581
PLEKHH2	SRR6467650	640.4872099750173
PLEKHH2	SRR6467651	499.46479858916797
PLEKHH2	SRR6467652	522.0939396116989
PLEKHH2	SRR6467653	325.2050013202811
PLEKHH2	SRR6467654	580.1658173203032
PLEKHH2	SRR6467655	1678
PLEKHH2	SRR6467656	1135.7235841355352
PLEKHH2	SRR6467657	536
PLEKHH2	SRR6467658	506
PLEKHH2	SRR6467659	901.2317499199224
PLEKHH2	SRR6467660	262.78725231534463
PLEKHH2	SRR6467661	515.9097035418746
PLEKHH2	SRR6467662	687.2642999029474
PLEKHH2	SRR6467663	380.0643715834151
PLEKHH2	SRR6467664	409.3675861492137
PLEKHH2	SRR6467665	354
PLEKHH2	SRR6467666	354
PLEKHH2	SRR6467667	584.0060390936512
PLEKHH2	SRR6467668	711.0918767501432
PLEKHH2	SRR6467669	705
PLEKHH2	SRR6467670	634
PLEKHH2	SRR6467671	740.5478426414783
PLEKHH2	SRR6467672	470.12940350946855
PLEKHH2	SRR6467673	273.6006920703695
PLEKHH2	SRR6467674	358.2477222779545
PLEKHH2	SRR6467675	288.4753015285926
PLEKHH2	SRR6467676	486.03626071088524
PLEKHH2	SRR6467677	536
PLEKHH2	SRR6467678	580
PLEKHH2	SRR6467679	594
PLEKHH2	SRR6467680	715.5964121313609
PLEKHH2	SRR6467681	755
PLEKHH2	SRR6467682	469.80721595336934
PLEKHH2	SRR6467683	176.9598484538493
PLEKHH2	SRR6467684	345.9008419161198
PLEKHH2	SRR6467685	259.6104763657279
PLEKHH2	SRR6467686	723.0622181670475
PLEKHH2	SRR6467687	493.2811619758641
PLEKHH2	SRR6467688	1283.182184484764
PLEKHH2	SRR6467689	314.09472334507575
PLEKHH2	SRR6467690	430.34711772975277
PLEKHH2	SRR6467691	701.8832684200557
PLEKHH2	SRR6467692	767.8285529445268
PLEKHH2	SRR6467693	406.4353058338673
PLEKHH2	SRR6467694	366.76498730931127
PLEKHH2	SRR6467695	352.6041347879039
PLEKHH2	SRR6467696	441.3920873616001
PLEKHH2	SRR6467697	263
PLEKHH2	SRR6467698	349.6342305812904
PLEKHH2	SRR6467699	445
PLEKHH2	SRR6467700	360.48902309604904
PLEKHH2	SRR6467701	608
PLEKHH2	SRR6467702	376.31959551173634
PLEKHH2	SRR6467703	216.65242816768065
PLEKHH2	SRR6467704	512.4350761982193
PLEKHH2	SRR6467705	273.77677247236846
PLEKHH2	SRR6467706	103.88173410418251
PLEKHH2	SRR6467707	591
PLEKHH2	SRR6467708	437.75437210224277
PLEKHH2	SRR6467709	733
PLEKHH2	SRR6467710	382.3438491356873
PLEKHH2	SRR6467711	583.7962649286933
PLEKHH2	SRR6467712	275.0722024698198
PLEKHH2	SRR6467713	709.3214776815238
PLEKHH2	SRR6467714	438.61015864531623
PLEKHH2	SRR6467715	659
PLEKHH2	SRR6467716	510
PLEKHH2	SRR6467717	214.60428789267996
PLEKHH2	SRR6467718	299.5498019410743
PLEKHH2	SRR6467719	471.71875330795683
PLEKHH2	SRR6467720	652
PLEKHH2	SRR6467721	304.4927277177842
PLEKHH2	SRR6467722	617
PLEKHH2	SRR6467723	378
PLEKHH2	SRR6467724	305
PLEKHH2	SRR6467725	770
PLEKHH2	SRR6467726	598.3011603185736
PLEKHH2	SRR6467727	479.119485567821
PLEKHH2	SRR6467728	665
PLEKHH2	SRR6467729	403.7816673916369
PLEKHH2	SRR6467730	436.93516743257095
PLEKHH2	SRR6467731	317.1071354705172
PLEKHH2	SRR6467732	414.66935971054727
PLEKHH2	SRR6467733	399.6887745281347
PLEKHH2	SRR6467734	402.34332131867143
PLEKHH2	SRR6467735	355.92925382059093
PLEKHH2	SRR6467736	634.9190861941424
PLEKHH2	SRR6467737	263.63204358196504
PLEKHH2	SRR6467738	191.06875126554033
PLEKHH2	SRR6467739	651
PLEKHH2	SRR6467740	423.2731209173477
PLEKHH2	SRR6467741	433.8711919794724
PLEKHH2	SRR6467742	518
PLEKHH2	SRR6467743	588
PLEKHH2	SRR6467744	789
PLEKHH2	SRR6467745	408.1898255220923
PLEKHH2	SRR6467746	312.4738346653442
PLEKHH2	SRR6467747	536.7147192828816
PLEKHH2	SRR6467748	699.7015672584382
PLEKHH2	SRR6467749	415
PLEKHH2	SRR6467750	420.9965210678683
PLEKHH2	SRR6467751	179.67569852277103
PLEKHH2	SRR6467752	383.13878683004526
PLEKHH2	SRR6467753	443.7178013953738
PLEKHH2	SRR6467754	576.8522933367911
PLEKHH2	SRR6467755	569.869443994147
PLEKHH2	SRR6467756	160.2016651043906
PLEKHH2	SRR6467757	476
PLEKHH2	SRR6467758	661
PLEKHH2	SRR6467759	304.72191273362
PLEKHH2	SRR6467760	188.44600350269417
PLEKHH2	SRR6467761	288.0611667442774
PLEKHH2	SRR6467762	411.0521532390145
PLEKHH2	SRR6467763	790.0263902622169
PLEKHH2	SRR6467764	486.10558355386416
PLEKHH2	SRR6467765	775.9768153493919
PLEKHH2	SRR6467766	315.62315917360075
PLEKHH2	SRR6467767	292.983724882806
PLEKHH2	SRR6467768	271.347486179144
PLEKHH2	SRR6467769	211.74092062399143
PLEKHH2	SRR6467770	758
PLEKHH2	SRR6467771	517.3447104124209
PLEKHH2	SRR6467772	313.2275242367693
PLEKHH2	SRR6467773	350.3796136431147
PLEKHH2	SRR6868540	6.088052637794462
PLEKHH2	SRR6868541	5.137317351782641
PLEKHH2	SRR6868542	4.190782207668526
PLEKHH2	SRR6868543	11.165949563002417
PLEKHH2	SRR6868544	16.125425258570523
PLEKHH2	SRR6868545	3.074122819396139
PLEKHH2	SRR6868546	14.219404629698971
PLEKHH2	SRR6868557	10.591086838663381
PLEKHH2	SRR6868558	5.245436097144881
PLEKHH2	SRR6868559	11.35780965459298
PLEKHH2	SRR6868560	7.069818130651806
PLEKHH2	SRR6868569	1.0617761523220262
PLEKHH2	SRR6868570	15.321245407228563
PLEKHH2	SRR6868571	3.133099836996953
PLEKHH2	SRR6868572	5.058756952957795
PLEKHH2	SRR6868573	4.163986734557154
PLEKHH2	SRR6868574	3.0366687778427988
PLEKHH2	SRR6868575	5.12902722230458
PLEKHH2	SRR6868576	11.174896096364268
PLEKHH2	SRR6868577	1.0321919880224188
PLEKHH2	SRR6868578	10.155200621012758
PLEKHH2	SRR6868579	2.0874573658001845
PLEKHH2	SRR6868580	7.075269127756552
PLEKHH2	SRR6868581	1.0339413032942724
PLEKHH2	SRR6868582	7.229708767071592
PLEKHH2	SRR6868585	3.066206706347288
PLEKHH2	SRR6868586	1.059503875848675
PLEKHH2	SRR6868587	1.059951714856934
PLEKHH2	SRR6868588	29.2083717731319
PLEKHH2	SRR6868589	9.099157379507782
PLEKHH2	SRR6868590	5.160169532386235
PLEKHH2	SRR6868591	12.156283666238908
PLEKHH2	SRR6868604	2.151510942198704
PLEKHH2	SRR6868605	3.0954392128346275
PLEKHH2	SRR6868606	3.1217816327232017
PLEKHH2	SRR6868607	4.137017810285989
PLEKHH2	SRR6868608	2.048352000388578
PLEKHH2	SRR6868609	3.1316673164774183
PLEKHH2	SRR6868610	7.272488684729738
PLEKHH2	SRR6868620	3.0338435391111935
PLEKHH2	SRR6868621	8.17460397981469
PLEKHH2	SRR6868622	2.0479548907673593
PLEKHH2	SRR6868623	4.2190520995562695
PLEKHH2	SRR6868636	7.306040250504426
PLEKHH2	SRR6868637	2.0517073003935398
PLEKHH2	SRR6868638	1.0461253585775165
PLEKHH2	SRR6868639	1.0107500209553522
PLEKHH2	SRR6868650	1.039600004636465
PLEKHH2	SRR6868651	2.057901989102869
PLEKHH2	SRR6868652	6.182446710815373
PLEKHH2	SRR6868653	12.225578366935318
PLEKHH2	SRR6868654	10.15030795823504
PLEKHH2	SRR6868655	9.314012919079827
PLEKHH2	SRR6868665	5.07211676444746
PLEKHH2	SRR6868666	5.051183737970564
PLEKHH2	SRR6868667	16.183900841239083
PLEKHH2	SRR6868668	16.119248888740884
PLEKHH2	SRR6868669	2.015253857664203
PLEKHH2	SRR6868670	9.159678977486438
PLEKHH2	SRR6868671	3.0433379794359645
PLEKHH2	SRR6868683	4.050747306673363
PLEKHH2	SRR6868684	6.094074818705997
PLEKHH2	SRR6868685	6.127872867488202
PLEKHH2	SRR6868686	9.092511330316766
PLEKHH2	SRR6868687	3.0836617600716445
PLEKHH2	SRR6868688	10.267982277074877
PLEKHH2	SRR6868689	3.043817728414848
PLEKHH2	SRR6868698	1.0182196176757388
PLEKHH2	SRR6868699	7.049389050035581
PLEKHH2	SRR6868700	25.401374334597524
PLEKHH2	SRR6868701	3.0314628410154194
PLEKHH2	SRR6868702	12.092144908322306
PLEKHH2	SRR6868713	7.073174203765234
PLEKHH2	SRR6868714	4.073658044441834
PLEKHH2	SRR6868715	8.06639080194693
PLEKHH2	SRR6868716	11.073670638651626
PLEKHH2	SRR6868717	1.010251403767141
PLEKHH2	SRR6868718	31.12094419763878
PLEKHH2	SRR6868719	14.02269140805585
PLEKHH2	SRR6868720	10.050609507965925
PLEKHH2	SRR6868721	18.20233974988109
PLEKHH2	SRR6868722	3.0502917164305745
PLEKHH2	SRR6868723	9.175376715633996
PLEKHH2	SRR6868724	6.058135593622003
PLEKHH2	SRR6868725	5.020890050165162
PLEKHH2	SRR6868726	16.038604532976382
PLEKHH2	SRR6868741	5.072207290031807
PLEKHH2	SRR7632756	170.3995356481044
PLEKHH2	SRR7632757	148.00147805172952
PLEKHH2	SRR7632758	203.1426439300331
PLEKHH2	SRR7632759	52.52267329309423
PLEKHH2	SRR7632760	67.34052896669417
PLEKHH2	SRR7632761	138.98279026091626
PLEKHH2	SRR7632762	33.55848487061478
PLEKHH2	SRR7632763	115.8710792137184
PLEKHH2	SRR7632764	53.92569610518533
PLEKHH2	SRR7632765	410.07482518042394
PLEKHH2	SRR7632766	48.46672913543481
PLEKHH2	SRR7632767	250.59316730230256
PLEKHH2	SRR7632768	64.02249591154244
PLEKHH2	SRR7632769	55.63221300178993
PLEKHH2	SRR7632770	179.47275458731363
PLEKHH2	SRR7632771	58.484026695259345
PLEKHH2	SRR7632772	112.12453808854634
PLEKHH2	SRR7632773	230.239630674862
PLEKHH2	SRR7632774	260.64325069151806
PLEKHH2	SRR7632775	164.62859436719182
PLEKHH2	SRR7632776	67.46736635669677
PLEKHH2	SRR7632777	116.7529232021281
PLEKHH2	SRR7632778	382.58664554508323
PLEKHH2	SRR7632779	51.31101533933458
PLEKHH2	SRR7632780	172.6382962680291
PLEKHH2	SRR7632781	39.2771983078167
PLEKHH2	SRR7632782	49.67081910736445
PLEKHH2	SRR7632783	144.05197471595682
PLEKHH2	SRR7632784	270.3368376285061
PLEKHH2	SRR7632785	164.17328243612005
PLEKHH2	SRR7632786	86.45506434618227
PLEKHH2	SRR7632787	259.0044355330544
PLEKHH2	SRR7632788	259.5871954970381
PLEKHH2	SRR7632789	233.16913774233055
PLEKHH2	SRR7632790	193.88929761969604
PLEKHH2	SRR7632791	67.91713748560639
PLEKHH2	SRR7632792	177.29473811194686
PLEKHH2	SRR7632793	180.1610630873617
PLEKHH2	SRR7632794	188.29973414120823
PLEKHH2	SRR7632795	239.771360071821
PLEKHH2	SRR7632796	154.61864687936335
PLEKHH2	SRR7632797	37.97307466049466
PLEKHH2	SRR7632798	344.96555535217357
PLEKHH2	SRR7632799	50.50884098871881
PLEKHH2	SRR7632800	98.46027772847339
PLEKHH2	SRR7632801	313.64198576639103
PLEKHH2	SRR7632802	46.57640254261413
PLEKHH2	SRR7632803	172.03737056161575
PLEKHH2	SRR7632804	76.99854800452974
PLEKHH2	SRR7632805	190.58793898836205
PLEKHH2	SRR7632806	244.12132200342347
PLEKHH2	SRR7632807	119.02579319113201
PLEKHH2	SRR7632808	186.52070400750077
PLEKHH2	SRR7632809	45.09966833892668
PLEKHH2	SRR7632810	304.2659370400088
PLEKHH2	SRR7632811	149.00640819537333
PLEKHH2	SRR7632812	163.16305179155583
PLEKHH2	SRR7632813	242.49381605449918
PLEKHH2	SRR7632814	174.61568947462862
PLEKHH2	SRR7632815	91.71402688894023
PLEKHH2	SRR7632816	48.39333706770127
PLEKHH2	SRR7632817	113.54255881725231
PLEKHH2	SRR7632818	144.7814645732515
PLEKHH2	SRR7632819	220.53845726531608
PLEKHH2	SRR7632820	205.40372296855674
PLEKHH2	SRR7632821	321.55412687601813
PLEKHH2	SRR7632822	120.49138378630647
PLEKHH2	SRR7632823	185.68091631787715
PLEKHH2	SRR7632824	203.9277474699273
PLEKHH2	SRR7632825	168.47180587338718
PLEKHH2	SRR7632826	246.15874461251656
PLEKHH2	SRR7632827	53.80704493661456
PLEKHH2	SRR7632828	104.6663268772797
PLEKHH2	SRR7632829	182.6036150287366
PLEKHH2	SRR7632830	53.478709788991424
PLEKHH2	SRR7632831	129.1862382839854
PLEKHH2	SRR7632832	157.26603373086047
PLEKHH2	SRR7632833	31.550937594602402
PLEKHH2	SRR7632834	77.19785335037655
PLEKHH2	SRR7632835	21.090582719207376
PLEKHH2	SRR7632836	160.35850256863597
PLEKHH2	SRR7632837	84.5399349928865
PLEKHH2	SRR7632838	98.42006802860266
PLEKHH2	SRR7632839	68.7815785752661
PLEKHH2	SRR7632840	90.70457927102295
PLEKHH2	SRR7632841	33.575197639527644
PLEKHH2	SRR7632842	327.6179440641358
PLEKHH2	SRR7632843	36.31309894611018
PLEKHH2	SRR7632844	69.6627268950646
PLEKHH2	SRR7632845	217.08147719263079
PLEKHH2	SRR7632846	53.53337450184352
PLEKHH2	SRR7632847	99.2873330220214
PLEKHH2	SRR7632848	174.58489724456823
PLEKHH2	SRR7632849	87.9892241218063
PLEKHH2	SRR7632850	229.93054767517683
PLEKHH2	SRR7632851	188.89891140123083
PLEKHH2	SRR7632852	273.3440910843664
PLEKHH2	SRR7632853	195.98831872377392
PLEKHH2	SRR7632854	170.1162431968707
PLEKHH2	SRR7632855	577
PLEKHH2	SRR7632856	115.74426433429277
PLEKHH2	SRR7632857	15.032926227814603
PLEKHH2	SRR7632858	54.970097455876214
PLEKHH2	SRR7632859	39.50869467594816
PLEKHH2	SRR7632860	10.755034509256033
PLEKHH2	SRR7632861	33.741078101765304
PLEKHH2	SRR7632862	140.79891064486608
PLEKHH2	SRR7632863	28.191933641897712
PLEKHH2	SRR7632864	40.375144655335376
PLEKHH2	SRR7632865	323.46531207789536
PLEKHH2	SRR7632866	186.050787358224
PLEKHH2	SRR7632867	145.48664070131156
PLEKHH2	SRR7632868	127.18120946673817
PLEKHH2	SRR7632869	53.270938535286206
PLEKHH2	SRR7632870	442.6948830124608
PLEKHH2	SRR7632871	28.376941674408062
PLEKHH2	SRR7632872	130.06770180322502
PLEKHH2	SRR7632873	313.3035391303061
PLEKHH2	SRR7632874	430.140536123248
PLEKHH2	SRR7632875	417.68865131453066
PLEKHH2	SRR7632876	88.23085823069786
PLEKHH2	SRR7632877	38.52199616413255
PLEKHH2	SRR7632878	107.32235104828567
PLEKHH2	SRR7632879	278.6302716145815
PLEKHH2	SRR7632880	96.66791632826323
PLEKHH2	SRR7632881	237.23831068344586
PLEKHH2	SRR7632882	63.48689336127088
PLEKHH2	SRR7632883	58.28747601364534
PLEKHH2	SRR7632884	83.7406191815026
PLEKHH2	SRR7632885	239.19416252050235
PLEKHH2	SRR7632886	54.71370054539701
PLEKHH2	SRR7632887	66.6686725714895
PLEKHH2	SRR7632888	72.66853784542818
PLEKHH2	SRR7632889	47.57440353785265
PLEKHH2	SRR7632890	56.209424839491234
PLEKHH2	SRR7632891	27.22784923746575
PLEKHH2	SRR7632892	231.34066903575163
PLEKHH2	SRR7632893	75.79101235369055
PLEKHH2	SRR7632894	105.77771325945176
PLEKHH2	SRR7632895	200.3029798273221
PLEKHH2	SRR7632896	125.80352497094817
PLEKHH2	SRR7632897	178.72791889042887
PLEKHH2	SRR7632898	453.69368413283223
PLEKHH2	SRR7632899	226.56153003739396
PLEKHH2	SRR7632900	381.53705792692097
PLEKHH2	SRR7632901	245.55287694208818
PLEKHH2	SRR7632902	55.32399173574934
PLEKHH2	SRR7632903	203.89945037400696
PLEKHH2	SRR7632904	21.05278814175102
PLEKHH2	SRR7632905	21.86357649027693
PLEKHH2	SRR7632906	70.13690101025061
PLEKHH2	SRR7632907	89.4142707623233
PLEKHH2	SRR7632908	145.58543878284448
PLEKHH2	SRR7632909	83.28680515923627
PLEKHH2	SRR7632910	42.56391406762082
PLEKHH2	SRR7632911	166.1290363141748
PLEKHH2	SRR7632912	90.39356357790763
PLEKHH2	SRR7632913	40.23678956245923
PLEKHH2	SRR7632914	109.31720228194263
PLEKHH2	SRR7632915	78.37245868859465
PLEKHH2	SRR7632916	122.3956584367623
PLEKHH2	SRR7632917	78.94107910385465
PLEKHH2	SRR7632918	145.6788186958016
PLEKHH2	SRR7632919	149.2900015044375
PLEKHH2	SRR7632920	158.82274292870397
PLEKHH2	SRR7632921	109.31587852312542
PLEKHH2	SRR7632922	62.539595538492
PLEKHH2	SRR7632923	133.379133994999
PLEKHH2	SRR7632924	93.68942274655937
PLEKHH2	SRR7632925	41.40482162731914
PLEKHH2	SRR7632926	80.46196586987124
PLEKHH2	SRR7632927	106.14465756114824
PLEKHH2	SRR7632928	284.9447145513853
PLEKHH2	SRR7632929	67.65753820438212
PLEKHH2	SRR7632930	440.39605659607963
PLEKHH2	SRR7632931	318.22897211795146
PLEKHH2	SRR7632932	87.18910169662065
PLEKHH2	SRR7632933	100.08553533069116
PLEKHH2	SRR7632934	129.56999049091016
PLEKHH2	SRR7632935	86.86969865155287
PLEKHH2	SRR7632936	117.4294913920014
PLEKHH2	SRR7632937	152.1671742578208
PLEKHH2	SRR7632938	79.06050824926335
PLEKHH2	SRR7632939	119.26854901771267
PLEKHH2	SRR7632940	109.71142816580007
PLEKHH2	SRR7632941	46.992398981568996
PLEKHH2	SRR7632942	129.4845783706601
PLEKHH2	SRR7632943	259
PLEKHH2	SRR7632944	206.74071071246263
PLEKHH2	SRR7632945	160
PLEKHH2	SRR8928966	85.75200437102869
PLEKHH2	SRR8928967	50.85141149812046
PLEKHH2	SRR8928968	137.13044652822828
PLEKHH2	SRR8928969	215.77667675819433
PLEKHH2	SRR8928970	169.61278414305593
PLEKHH2	SRR8928971	194.48405833083774
PLEKHH2	SRR8928972	17.91050344959991
PLEKHH2	SRR8928973	92.5488384136281
PLEKHH2	SRR8928974	15.18950360038909
PLEKHH2	SRR8928975	151.1228979413022
PLEKHH2	SRR8928976	77.09479729735462
PLEKHH2	SRR8928977	44.85647820726676
PLEKHH2	SRR8928978	118.15944971857543
PLEKHH2	SRR8928979	27.52187527100473
PLEKHH2	SRR8928980	222.4395916513122
PLEKHH2	SRR8928981	216.50824072059356
PLEKHH2	SRR8928982	97.09689757062725
PLEKHH2	SRR8928983	138.26310024991258
PLEKHH2	SRR8928984	183.0142706414643
PLEKHH2	SRR8928985	198.27536653661468
PLEKHH2	SRR8928986	82.73906880593833
PLEKHH2	SRR8928987	943
PLEKHH2	SRR8928988	470
PLEKHH2	SRR8928989	102.7517546031403
PLEKHH2	SRR8928990	91.96161657565281
PLEKHH2	SRR8928991	63.099996380246694
PLEKHH2	SRR9835604	27.384984850320183
PLEKHH2	SRR9835605	222.22181266172834
PLEKHH2	SRR9835606	400.85077210179696
PLEKHH2	SRR9835607	144.28274041923538
PLEKHH2	SRR9835608	227.2587546340479
PLEKHH2	SRR9835609	427
PLEKHH2	SRR9835610	142.6540076064104
PLEKHH2	SRR9835611	246.26574188312074
PLEKHH2	SRR9835612	214.56893876544305
PLEKHH2	SRR9835613	203.19328707610296
PLEKHH2	SRR9835614	208.03598255682755
PLEKHH2	SRR9835615	16.62595726529743
PLEKHH2	SRR9835616	195.43392920145553
PLEKHH2	SRR9835617	60.35627442242231
PLEKHH2	SRR9835618	302.60260010397116
PLEKHH2	SRR9835619	365
PLEKHH2	SRR9835620	314.4678213533205
PLEKHH2	SRR9835621	76.4952309859518
PLEKHH2	SRR9835622	316.8637788999438
PLEKHH2	SRR9835623	318.0572275795407
PLEKHH2	SRR9835624	234.01851630584565
PLEKHH2	SRR9835625	139.42778771700995
PLEKHH2	SRR9835626	166.23991026209043
PLEKHH2	SRR9835627	380.77619933010584
PLEKHH2	SRR9835628	223.5861263676076
PLEKHH2	SRR9835629	86.7017369147281
PLEKHH2	SRR9835630	65.43243728654808
PLEKHH2	SRR9835631	42.1325511102101
PLEKHH2	SRR9835632	548.2445183801062
PLEKHH2	SRR9835633	208.52873333821546
PLEKHH2	SRR9835634	185.1405068631861
PLEKHH2	SRR9835635	107.03584477791586
PLEKHH2	SRR9835636	342.6776225721707
PLEKHH2	SRR9835637	121.53598505132648
PLEKHH2	SRR9835638	186.76775573031478
PLEKHH2	SRR9835639	132.34839750222886
PLEKHH2	SRR9835640	117.9206896614218
PLEKHH2	SRR9835641	283.07156152892753
PLEKHH2	SRR9835642	387.21158781913994
PLEKHH2	SRR9835643	228.87020348054833
PLEKHH2	SRR9835644	343.1037872157438
PLEKHH2	SRR9835645	75.1272647824874
PLEKHH2	SRR9835646	193.7642609021494
PLEKHH2	SRR9835647	252.60563647348766
PLEKHH2	SRR9835648	134.89995806534844
PLEKHH2	SRR9835649	213.3962655705401
PLEKHH2	SRR9835650	261.9902359187217
PLEKHH2	SRR9835651	426.3067362334822
PLEKHH2	SRR9835652	151.31244492335395
PLEKHH2	SRR9835653	157.43396977497986
PLEKHH2	SRR9835654	270.69234645859814
PLEKHH2	SRR9835655	258.31045166179564
PLEKHH2	SRR9835656	426.12413642768104
PLEKHH2	SRR9835657	163.38695977444837
PLEKHH2	SRR9835658	327.65792096371246
PLEKHH2	SRR9835659	188.0991425525368
PLEKHH2	SRR9835660	185.3682454323358
PLEKHH2	SRR9835661	243.97472345666424
PLEKHH2	SRR9835662	267.1459591623081
PLEKHH2	SRR9835663	58.13420835179489
PLEKHH2	SRR9835664	303.5230543409143
PLEKHH2	SRR9835665	234.9529216826676
PLEKHH2	SRR9835666	508
PLEKHH2	SRR9835667	119.97778267922489
PLEKHH2	SRR9835668	490
PLEKHH2	SRR9835669	35.92481416332803
PLEKHH2	SRR9835670	102.3717206759025
PLEKHH2	SRR9835671	227.996258491401
PLEKHH2	SRR9835672	448.7733608736951
PLEKHH2	SRR9835673	32.72160366562175
PLEKHH2	SRR9835674	146.06792776035655
PLEKHH2	SRR9835675	243.28846918658147
PLEKHH2	SRR9835676	97.99292687824887
PLEKHH2	SRR9835677	202.53084275414582
PLEKHH2	SRR9835678	144.84882539948163
PLEKHH2	SRR9835679	431.11263224231334
PLEKHH2	SRR9835680	86.02905491444015
PLEKHH2	SRR9835681	267.80223361359674
PLEKHH2	SRR9835682	38.16728100063437
PLEKHH2	SRR9835683	140.87208435677522
PLEKHH2	SRR9835684	44.07360561316581
PLEKHH2	SRR9835685	260.296771263386
PLEKHH2	SRR9835686	144.89283781554337
PLEKHH2	SRR9835687	207.95874537511534
PLEKHH2	SRR9835688	284
PLEKHH2	SRR9835689	79.57287652670958
PLEKHH2	SRR9835690	420.8403863329121
PLEKHH2	SRR9835691	119.03944140416941
PLEKHH2	SRR9835692	228.00402444160025
PLEKHH2	SRR9835693	336.33455495763127
PLEKHH2	SRR9835694	439.41917902905953
PLEKHH2	SRR9835695	254.2877519166832
PLEKHH2	SRR9835696	124.18590897502393
PLEKHH2	SRR9835697	202.00851540597046
PLEKHH2	SRR9835698	376.34995588276325
PLEKHH2	SRR9835699	436.68741401069855
PLEKHH2	SRR9835700	282.6182324736685
PLEKHH2	SRR9835701	357.9965893594514
PLEKHH2	SRR9835702	320
PLEKHH2	SRR9835703	358.3807254999718
PLEKHH2	SRR9835704	259.1747652293055
PLEKHH2	SRR9835705	387.5246266567436
PLEKHH2	SRR9835706	88.44869206432547
PLEKHH2	SRR9835707	587.6341076641946
PLEKHH2	SRR9835708	544.5469864797257
PLEKHH2	SRR9835709	405.1457814792871
PLEKHH2	SRR9835710	124.75312793680307
PLEKHH2	SRR9835711	380.136782622541
PLEKHH2	SRR9835712	474.18515152488527
PLEKHH2	SRR9835713	248.47281784042264
PLEKHH2	SRR9835714	358.5534725775108
PLEKHH2	SRR9835715	175.8708190956246
PLEKHH2	SRR9835716	312.91770514020163
PLEKHH2	SRR9835717	224.76715554597547
PLEKHH2	SRR9835718	94.43303902504769
PLEKHH2	SRR9835719	185.57159891048002
PLEKHH2	SRR9835720	208.28791573319455
PLEKHH2	SRR9835721	124.81399782288634
PLEKHH2	SRR9835722	106.3686490152928
PLEKHH2	SRR9835723	809
PLEKHH2	SRR9835724	110.75966414299586
PLEKHH2	SRR9835725	146.91757083481252
PLEKHH2	SRR9835726	253.1821696410117
PLEKHH2	SRR9835727	116.78513458063495
PLEKHH2	SRR9835728	37.461273305690106
PLEKHH2	SRR9835729	399.2858119797108
PLEKHH2	SRR9835730	372.42113677608313
PLEKHH2	SRR9835731	90.38693259284426
PLEKHH2	SRR9835732	277.2981418696506
PLEKHH2	SRR9835733	345.53577016449424
PLEKHH2	SRR9835734	226.57699091340226
PLEKHH2	SRR9835735	307.5529277183412
PLEKHH2	SRR9835736	130.5446794777982
PLEKHH2	SRR9835737	291.6072668292188
PLEKHH2	SRR9835738	189.33722946855514
PLEKHH2	SRR9835739	45.1908315996593
PLEKHH2	SRR9835740	122.56081712007214
PLEKHH2	SRR9835741	300.5777244187528
PLEKHH2	SRR9835742	92.70044434473135
PLEKHH2	SRR9835743	95.1475016148083
PLEKHH2	SRR9835744	197.13981593832003
PLEKHH2	SRR9835745	27.602818627222725
PLEKHH2	SRR9835746	178.91056836556814
PLEKHH2	SRR9835747	280.4636151143155
PLEKHH2	SRR9835748	125.71215234241046
PLEKHH2	SRR9835749	558
PLEKHH2	SRR9835750	131.07876203024597
PLEKHH2	SRR9835751	103.82894629103768
PLEKHH2	SRR9835752	165.43226744845978
PLEKHH2	SRR9835753	119.2376413636326
PLEKHH2	SRR9835754	317.43296051868913
PLEKHH2	SRR9835755	163.32112774613987
PLEKHH2	SRR9835756	65.92359893618448
PLEKHH2	SRR9835757	208.8314445833943
PLEKHH2	SRR9835758	422.40680247204926
PLEKHH2	SRR9835759	153.99585194529126
PLEKHH2	SRR9835760	348
PLEKHH2	SRR9835761	516.0928598460473
PLEKHH2	SRR9835762	34.173531735950164
PLEKHH2	SRR9835763	444.28406931711856
PLEKHH2	SRR9835764	404.0450509192725
PLEKHH2	SRR9835765	182.89063443885655
PLEKHH2	SRR9835766	106.68170179969074
PLEKHH2	SRR9835767	88.14217806738695
PLEKHH2	SRR9835768	604
PLEKHH2	SRR9835769	380
PLEKHH2	SRR9835770	75.47239374380042
PLEKHH2	SRR9835771	315.6997555978457
PLEKHH2	SRR9835772	109.35081907597731
PLEKHH2	SRR9835773	421
PLEKHH2	SRR9835774	75.56379946985743
PLEKHH2	SRR9835775	190.95635751130825
PLEKHH2	SRR9835776	569.8001813984497
PLEKHH2	SRR9835777	291.7122321100317
PLEKHH2	SRR9835778	401.65892225556775
PLEKHH2	SRR9835779	305.12042785052745
PLEKHH2	SRR9835780	507.78382848267586
PLEKHH2	SRR9835781	149.68265050975316
PLEKHH2	SRR9835782	221.09103969433056
PLEKHH2	SRR9835783	1046
PLEKHH2	SRR9835784	168.67849654154446
PLEKHH2	SRR9835785	120.04808006650755
PLEKHH2	SRR9835786	304.90692158623426
PLEKHH2	SRR9835787	453.269382468875
PLEKHH2	SRR9835788	219.3616657982787
PLEKHH2	SRR9835789	340
PLEKHH2	SRR9835790	336.3671386351463
PLEKHH2	SRR9835791	83.19721713465032
PLEKHH2	SRR9835792	388.1887189289301
PLEKHH2	SRR9835793	308.6102565854637
PLEKHH2	SRR9835794	508.09142015851165
PLEKHH2	SRR9835795	39.10086510809448
PLEKHH2	SRR9835796	239.35154695660304
PLEKHH2	SRR9835797	464
PLEKHH2	SRR9835798	400.61840511453715
PLEKHH2	SRR9835799	215.4223814633023
PLEKHH2	SRR9835800	643.7318915904148
PLEKHH2	SRR9835801	282.4057671398104
PLEKHH2	SRR9835802	148.58706136703458
PLEKHH2	SRR9867812	265
PLEKHH2	SRR9867813	29.072043592298595
PLEKHH2	SRR9867814	18.598061120218894
PLEKHH2	SRR9867815	57
PLEKHH2	SRR9867816	154.08315691838396
PLEKHH2	SRR9867817	33.53832589052001
PLEKHH2	SRR9867818	109.03109185295921
PLEKHH2	SRR9867819	10.422191398357938
PLEKHH2	SRR9867820	16.03747232026179
PLEKHH2	SRR9867821	175
PLEKHH2	SRR9867822	17.223265194998255
PLEKHH2	SRR9867823	37.00665855485222
PLEKHH2	SRR9867824	21.746236588624946
PLEKHH2	SRR9867825	32.265003851432674
PLEKHH2	SRR9867826	12.773657274174845
PLEKHH2	SRR9867827	75
PLEKHH2	SRR9867828	1.0149613015451313
PLEKHH2	SRR9867829	50.10045570574186
PLEKHH2	SRR9867830	26.05231175858264
PLEKHH2	SRR9867831	64.72520883474553
PLEKHH2	SRR9879292	107.62931769035846
PLEKHH2	SRR9879293	38.5809481997212
PLEKHH2	SRR9879294	40.819903704183254
PLEKHH2	SRR9879295	36.72649569973814
PLEKHH2	SRR9879296	29.362971806614237
PLEKHH2	SRR9879297	34.54510911914806
PLEKHH2	SRR9879298	60.68836321954819
PLEKHH2	SRR9879299	107.49997805598805
PLEKHH2	SRR9879300	52.80231602485593
PLEKHH2	SRR9879301	88.2123249313701
PLEKHH2	SRR9879302	72.81988829287162
PLEKHH2	SRR9879303	112.62154651295191
PLEKHH2	SRR9879304	52.89247858951813
PLEKHH2	SRR9879305	33.367011954693105
PLEKHH2	SRR9879306	87
PLEKHH2	SRR9879307	75.8004241225719
PLEKHH2	SRR9879308	41.49727633409571
PLEKHH2	SRR9879309	31.35569058896557
PLEKHH2	T50_307	218.3525823548511
PLEKHH2	T50_313	113.91899647590648
PLEKHH2	T50_317	130.2927618893733
PLEKHH2	T50_324	107.28753142412691
PLEKHH2	T50_427	4.069453771165943
PLEKHH2	T50_428	3.0235198465037136
PLEKHH2	T50_431	2.012369586999972
PLEKHH2	T50_436	2.0174308387825044
PLEKHH2	T50_476	55.45928840774063
PLEKHH2	UN_307	245.22097750577004
PLEKHH2	UN_313	148.12152798670806
PLEKHH2	UN_317	237.97222286567396
PLEKHH2	UN_324	103.24099711312502
PLEKHH2	UN_427	2.018131459428491
PLEKHH2	UN_428	13.140306228631527
PLEKHH2	UN_431	8.085602926403688
PLEKHH2	UN_436	4.034361046607557
PLEKHH2	UN_476	59.60396810805265
