Gene	sample	counts
PRELID1P4	CM317	4.198778821359914
PRELID1P4	CMCD140	1.0092852040017053
PRELID1P4	CMCD147	1.0387377232738804
PRELID1P4	CMCD152	4
PRELID1P4	CMCD154	1.0097029263832331
PRELID1P4	CMCD159	1.0826308846263835
PRELID1P4	CMCD161	3.0091912334003585
PRELID1P4	CMCD174	1.0883603953024104
PRELID1P4	CMCD196	7.062114347849209
PRELID1P4	CMCD198	1.027928565649914
PRELID1P4	CMCD203	4.012716394205661
PRELID1P4	CMCD211	10.420236214367517
PRELID1P4	CMCD227	3.2771808026334632
PRELID1P4	CMCD240	8.331038085792027
PRELID1P4	CMCD259	7
PRELID1P4	CMCD270	4.020683438028312
PRELID1P4	CMCD275	1.0084289351631328
PRELID1P4	CMCD282	1.0127082910163139
PRELID1P4	CMCD286	6.552181666325631
PRELID1P4	CMCD287	7
PRELID1P4	CMCD294	1.061130699852429
PRELID1P4	CMCD327	3.015245698220768
PRELID1P4	CMCD335	4.018618790635911
PRELID1P4	CMCD337	1.0066357688747274
PRELID1P4	CMCD357	1.0203676217787498
PRELID1P4	CMCD398	4.023222386699665
PRELID1P4	CMCD403	1.007131956762018
PRELID1P4	CMCD422	1.002086827591817
PRELID1P4	CMCD426	1.109996027604914
PRELID1P4	CMCD71	3.0189769646676234
PRELID1P4	CMCD72	1.1440405671509037
PRELID1P4	CMCD76	5.011335820406142
PRELID1P4	CMCD88	5.000899804709761
PRELID1P4	CMSA256	4
PRELID1P4	CMSA316	16.128233111697757
PRELID1P4	CMUC110	6
PRELID1P4	CMUC192	2.0263076916238716
PRELID1P4	CMUC199	1.0266064941522361
PRELID1P4	CMUC200	1.0023284588262065
PRELID1P4	CMUC208	1.0024434346676425
PRELID1P4	CMUC231	6
PRELID1P4	CMUC234	3
PRELID1P4	CMUC285	1.0109066424484112
PRELID1P4	CMUC291	3.0196817768340116
PRELID1P4	CMUC295	8.00720102901963
PRELID1P4	CMUC299	5.014569651963055
PRELID1P4	CMUC301	7.003779859926543
PRELID1P4	CMUC307	5.013765297547368
PRELID1P4	CMUC313	1.0406199795536664
PRELID1P4	CMUC314	1.0531743294773983
PRELID1P4	CMUC323	1.0232441215691963
PRELID1P4	CMUC324	3.002700385882361
PRELID1P4	CMUC331	4.035918715262156
PRELID1P4	CMUC333	2.0453710080022476
PRELID1P4	CMUC334	3.0442913343578786
PRELID1P4	CMUC346	1.0107140402598958
PRELID1P4	CMUC352	1.0059528932594937
PRELID1P4	CMUC360	1.0012604069024411
PRELID1P4	CMUC363	1.0255367303100333
PRELID1P4	CMUC365	2.0130874559018745
PRELID1P4	CMUC366	4.013099734176571
PRELID1P4	CMUC368	1
PRELID1P4	CMUC377	2.0081174605660173
PRELID1P4	CMUC379	1.0664515526402574
PRELID1P4	CMUC380	1.0176874450837656
PRELID1P4	CMUC383	1.0137840525909332
PRELID1P4	CMUC394	1.007265338334756
PRELID1P4	CMUC419	1.024221051989512
PRELID1P4	CMUC427	7
PRELID1P4	CMUC428	3.0187283638277265
PRELID1P4	CMUC431	4.00732680055313
PRELID1P4	CMUC435	1.0048874606535836
PRELID1P4	CMUC439	6.037907644821429
PRELID1P4	CMUC89	5
PRELID1P4	CS219	10.02447533024164
PRELID1P4	CS256	2.004534328162457
PRELID1P4	CS257	1.089979985878173
PRELID1P4	CS259	4.006116929902354
PRELID1P4	CS261	1.0227433496373879
PRELID1P4	CS266	1.0344406863242126
PRELID1P4	CS270	1.0125793616529746
PRELID1P4	CS277	20.757442081646506
PRELID1P4	CS288	1.0089179773327999
PRELID1P4	CS290	2.015870717654586
PRELID1P4	CS292	1.0136016438843358
PRELID1P4	CS293	1.0159883878434666
PRELID1P4	CS301	5.127507403260612
PRELID1P4	CS306	1.0369877958728642
PRELID1P4	CS308	1.0254014198472583
PRELID1P4	CS315	1.0265836055430344
PRELID1P4	CS317	1.0691022518554174
PRELID1P4	CS322	1.0131677901654654
PRELID1P4	CS327	1.0046854175679107
PRELID1P4	CS328	1.0532227797951625
PRELID1P4	CS330	1.0732794536999326
PRELID1P4	CS331	3.0550324864602336
PRELID1P4	CS335	0.5045325239340371
PRELID1P4	CS338	1.0294503626489493
PRELID1P4	CS339	1.1642104248974183
PRELID1P4	CS343	1.0079313245495483
PRELID1P4	CS344	8.10948117726578
PRELID1P4	CS350	1.021809713154857
PRELID1P4	CS351	1.0082169227776983
PRELID1P4	CS361	1.0231543575157043
PRELID1P4	CS388	5.165693529395677
PRELID1P4	CS396	3.0317676646663236
PRELID1P4	CS405	1.023931692107002
PRELID1P4	CS415	1.0725849893611923
PRELID1P4	CS424	1.0352517578472156
PRELID1P4	IM293	2.010553340593664
PRELID1P4	IM296	1.064463289332191
PRELID1P4	IM297	1.0944885764691814
PRELID1P4	IM300	7
PRELID1P4	IM305	1.0098834104700367
PRELID1P4	IM309	1.0649644397817766
PRELID1P4	IM310	5.0668866926478975
PRELID1P4	IM311	1.0123286697107707
PRELID1P4	IM316	1.00503432833736
PRELID1P4	IM320	1.0454213547260982
PRELID1P4	IM330	2.02023733621732
PRELID1P4	IM332	1.0290904121726339
PRELID1P4	IM340	1.0535879064802887
PRELID1P4	IM348	1.034853198121328
PRELID1P4	IM354	2.014263913524036
PRELID1P4	IM356	1.007966474352951
PRELID1P4	IM364	1.016813207554994
PRELID1P4	IM372	4.895006240152816
PRELID1P4	IM374	1.0474599361127908
PRELID1P4	IM376	1.014079534585469
PRELID1P4	IM381	1.0123114121679178
PRELID1P4	IM382	2.0615362122906893
PRELID1P4	IM385	13
PRELID1P4	IM390	1.0273630104120455
PRELID1P4	IM397	1.0111260044482688
PRELID1P4	IM404	2.0057329238683876
PRELID1P4	IM409	6.033932238524011
PRELID1P4	IM412	1
PRELID1P4	IM421	1.0155577247460867
PRELID1P4	IM425	1.0520033799095727
PRELID1P4	IM432	5.196635549937533
PRELID1P4	IM438	6
PRELID1P4	IM442	1.0408884293487235
PRELID1P4	IM445	6.067724796802894
PRELID1P4	IM448	2.043619426309714
PRELID1P4	IM449	7.058259548063537
PRELID1P4	IM451	8.040901059029208
PRELID1P4	IMSA256	2.0081109844914873
PRELID1P4	IMSA276	4
PRELID1P4	IMSA286	1
PRELID1P4	IMSA343	1.0123997266953233
PRELID1P4	IS_238	5
PRELID1P4	IS238	2.0463659865475035
PRELID1P4	IS243	6
PRELID1P4	IS253	2
PRELID1P4	IS283	1
PRELID1P4	IS322	1.0103131867970327
PRELID1P4	IS399	1.0069400737425076
PRELID1P4	IS418	4.363306876544621
PRELID1P4	IS430	1.0818719286848866
PRELID1P4	IS437	1.0791582738983603
PRELID1P4	IS444	1.0366814403266558
PRELID1P4	R276CMSA	1.061719097392973
PRELID1P4	R286CMSA	6
PRELID1P4	R292CMSA	6.024883833833516
PRELID1P4	R292IMSA	1.073657155188672
PRELID1P4	R308CMSA	1.06717128675431
PRELID1P4	R316IMSA	1.0192539459593348
PRELID1P4	R347CMSA	1.063497692354949
PRELID1P4	R347IMSA	1.0621981468028772
PRELID1P4	R371CMSA	1.003980508346738
PRELID1P4	SRR10104064	1.1094515272513297
PRELID1P4	SRR10104065	1.0058572527884204
PRELID1P4	SRR10104066	1.0187395055126454
PRELID1P4	SRR10104067	1.023057146473477
PRELID1P4	SRR10104068	1.0046558594156214
PRELID1P4	SRR10104069	1.0114572698828992
PRELID1P4	SRR10104070	1.0293904998541934
PRELID1P4	SRR10104071	1.1606052908522344
PRELID1P4	SRR10104072	1.0698874845957154
PRELID1P4	SRR10104073	1.044654039124863
PRELID1P4	SRR10104074	1.095822342836796
PRELID1P4	SRR10104075	1.1510100695372476
PRELID1P4	SRR10104076	1.0276547583233047
PRELID1P4	SRR10104077	1.100777777658168
PRELID1P4	SRR10104078	1.0414272361609767
PRELID1P4	SRR10104079	1.0895071357309336
PRELID1P4	SRR10104080	1.121518162035866
PRELID1P4	SRR10104081	1.0158440725472526
PRELID1P4	SRR10104082	1.0822514404163561
PRELID1P4	SRR10104083	1.0631988390336564
PRELID1P4	SRR10104084	1.067846735357961
PRELID1P4	SRR10104085	2.0444346542374467
PRELID1P4	SRR10104086	1.024784508800748
PRELID1P4	SRR10104087	2.0064000158761304
PRELID1P4	SRR10104088	1.0091134916012459
PRELID1P4	SRR10104089	1.1347456128596176
PRELID1P4	SRR10104090	1.0263035277348909
PRELID1P4	SRR10104091	1.0420863331254986
PRELID1P4	SRR10104092	1.0127338855518124
PRELID1P4	SRR10104093	1.034297644620457
PRELID1P4	SRR10104094	1.0340224493748036
PRELID1P4	SRR10104095	1.0540616053506102
PRELID1P4	SRR10104096	1.145718575159829
PRELID1P4	SRR10104097	1.0631209277390947
PRELID1P4	SRR10104098	1.0297617779816932
PRELID1P4	SRR10104099	1.0474771062612767
PRELID1P4	SRR10104100	1.0290641027802212
PRELID1P4	SRR10104101	3.0167284756300004
PRELID1P4	SRR10104102	1.0153169306923229
PRELID1P4	SRR10104103	1.05208117298879
PRELID1P4	SRR10104104	1.0154976077084612
PRELID1P4	SRR10104105	1.0808351888270706
PRELID1P4	SRR10104106	1.1304558697538387
PRELID1P4	SRR10104107	1.00957560699629
PRELID1P4	SRR10104108	1.0068572159530078
PRELID1P4	SRR10104109	1.1183964997691782
PRELID1P4	SRR10104110	1.1898566945611233
PRELID1P4	SRR10104111	2.0654204409439845
PRELID1P4	SRR10104112	1.186621143391241
PRELID1P4	SRR10104113	1.0358394085966935
PRELID1P4	SRR10104114	1.1728061185225533
PRELID1P4	SRR10104115	1.14422200397898
PRELID1P4	SRR10104116	1.0467296948207412
PRELID1P4	SRR10104117	1.038848634824914
PRELID1P4	SRR10104118	1.143352850751477
PRELID1P4	SRR10104119	1.1898188257203337
PRELID1P4	SRR10104120	1.0270705483762537
PRELID1P4	SRR10104121	1.0817747165060128
PRELID1P4	SRR10104122	1.0894989096112995
PRELID1P4	SRR10104123	1.082048079369872
PRELID1P4	SRR10104124	1.1164136874736872
PRELID1P4	SRR10104125	1.0998082352268765
PRELID1P4	SRR10104126	1.0394547176893827
PRELID1P4	SRR10104127	1.1858382433832468
PRELID1P4	SRR10104128	1.0287766983431799
PRELID1P4	SRR10104129	1.026295765603751
PRELID1P4	SRR10104130	1.041146918346077
PRELID1P4	SRR10104131	1.0113290464541402
PRELID1P4	SRR10104132	1.007213437136861
PRELID1P4	SRR10104133	1.1637684274221152
PRELID1P4	SRR10104134	1.0301069188305016
PRELID1P4	SRR10104135	1.100806080320317
PRELID1P4	SRR10104136	1.015016246826139
PRELID1P4	SRR10104137	1.107740379806039
PRELID1P4	SRR10104138	1.195501466366171
PRELID1P4	SRR10104139	1.011356708865119
PRELID1P4	SRR10104140	1.1423063013482577
PRELID1P4	SRR10104141	1.059516503163875
PRELID1P4	SRR10104142	3.1539593114792974
PRELID1P4	SRR10104143	3.0245352009196993
PRELID1P4	SRR10104144	3.178395514324162
PRELID1P4	SRR10104145	1.0623428698869635
PRELID1P4	SRR10104146	1.009621630502804
PRELID1P4	SRR10104147	1.001709468619657
PRELID1P4	SRR10104148	1.0516475471177122
PRELID1P4	SRR10104149	1.0467449900052073
PRELID1P4	SRR10104150	1.0116270753464878
PRELID1P4	SRR10104151	1.0076559805417438
PRELID1P4	SRR10104152	1.0056216750483238
PRELID1P4	SRR10104153	1.1019297495172091
PRELID1P4	SRR10104154	1.0305255485236042
PRELID1P4	SRR10104155	1.0878745919585404
PRELID1P4	SRR10104156	1.0040587302830086
PRELID1P4	SRR10104157	1.048915508528946
PRELID1P4	SRR10104158	2.041031088498552
PRELID1P4	SRR10104159	1.0126004669704767
PRELID1P4	SRR10104160	1.1246452493735022
PRELID1P4	SRR10104161	3.0051787558506367
PRELID1P4	SRR10104162	1.0203379943833408
PRELID1P4	SRR10104163	1.0300988116116585
PRELID1P4	SRR10104164	1.0196346259197715
PRELID1P4	SRR10104165	1.0382728925974472
PRELID1P4	SRR10104166	1.0407462625761652
PRELID1P4	SRR10104167	1.0225819466033605
PRELID1P4	SRR10104168	1.028619155105796
PRELID1P4	SRR10104169	1.0246876051078921
PRELID1P4	SRR10104170	1.0300621533967607
PRELID1P4	SRR10104171	1.0239774453836796
PRELID1P4	SRR10104172	1.0338434316089917
PRELID1P4	SRR10104173	1.0603886751096372
PRELID1P4	SRR10104174	1.0338308135451142
PRELID1P4	SRR10104175	1.0224777066753272
PRELID1P4	SRR10104176	1.02249117212648
PRELID1P4	SRR10104177	1.0253301392642815
PRELID1P4	SRR10104178	1.0384147366527665
PRELID1P4	SRR10104179	1.0346450273897643
PRELID1P4	SRR10104180	1.0219501836121274
PRELID1P4	SRR10104181	1.0267665308530658
PRELID1P4	SRR10104182	2.070268771773698
PRELID1P4	SRR10104183	1.0476481310619528
PRELID1P4	SRR10104184	1.0212735079721074
PRELID1P4	SRR10104185	1.063606994083587
PRELID1P4	SRR10104186	1.0329452604392448
PRELID1P4	SRR10104187	1.0769831789043174
PRELID1P4	SRR10104188	1.0538655428853925
PRELID1P4	SRR10104189	1.0595562598302013
PRELID1P4	SRR10104190	1.1456942406975419
PRELID1P4	SRR10104191	1.1375415852920412
PRELID1P4	SRR10104192	1.026052966107226
PRELID1P4	SRR10104193	1.039842399081235
PRELID1P4	SRR10104194	1.0428799048858834
PRELID1P4	SRR10104195	1.041874169755153
PRELID1P4	SRR10104196	1.0406484493629597
PRELID1P4	SRR10104197	1.016827778198725
PRELID1P4	SRR10104198	1.025845924075245
PRELID1P4	SRR10104199	2.1645624947352817
PRELID1P4	SRR10104200	1.0353416618928366
PRELID1P4	SRR10104201	1.0262034008940275
PRELID1P4	SRR10104202	1.0661565199682426
PRELID1P4	SRR10104203	1.0226367394548255
PRELID1P4	SRR10104204	1.0313459546081654
PRELID1P4	SRR10104205	1.0268650017331544
PRELID1P4	SRR10104206	1.0287660812770658
PRELID1P4	SRR10104207	1.0327220098173928
PRELID1P4	SRR10104208	1.0176351169212208
PRELID1P4	SRR10104209	1.0231628517195777
PRELID1P4	SRR10104210	1.0263049337229564
PRELID1P4	SRR10104211	1.0187630485926629
PRELID1P4	SRR10104212	1.0187543126316272
PRELID1P4	SRR10104213	1.058921503370994
PRELID1P4	SRR10104214	1.0299744390521086
PRELID1P4	SRR10104215	1.0107140402598958
PRELID1P4	SRR10104216	1.060640170595656
PRELID1P4	SRR10104217	1.02491390827642
PRELID1P4	SRR10104218	1.0636360366675373
PRELID1P4	SRR10104219	1.0633498186525099
PRELID1P4	SRR10104220	1.03511691930575
PRELID1P4	SRR10104221	1.0872363603035893
PRELID1P4	SRR10104222	1.0381384685659298
PRELID1P4	SRR10104223	1.1766327257469633
PRELID1P4	SRR10104224	1.0253851067334427
PRELID1P4	SRR10104225	1.0314165053623716
PRELID1P4	SRR10104226	1.0388893560726131
PRELID1P4	SRR10104227	1.074938615735897
PRELID1P4	SRR10104228	1.1189120562490085
PRELID1P4	SRR10104229	1.0371677751979662
PRELID1P4	SRR10104230	1.101165214661461
PRELID1P4	SRR10104231	1.0760855121352966
PRELID1P4	SRR10104232	1.0597726421651714
PRELID1P4	SRR10104233	1.0718133708527031
PRELID1P4	SRR10104234	1.0233588556108677
PRELID1P4	SRR10104235	1.043603481105794
PRELID1P4	SRR10104236	1.0093078766201782
PRELID1P4	SRR10104237	1.0184909964241078
PRELID1P4	SRR10104238	1.0703034082552154
PRELID1P4	SRR10104239	1.0611784078973197
PRELID1P4	SRR10104240	1.0723812048685664
PRELID1P4	SRR10104241	1.0400598513679928
PRELID1P4	SRR10104242	1.063845639897752
PRELID1P4	SRR10104243	1.06730685614599
PRELID1P4	SRR10104244	1.039511551636178
PRELID1P4	SRR10104245	1.040779809770632
PRELID1P4	SRR10104246	1.1058002069903252
PRELID1P4	SRR10104247	1.0564288046419525
PRELID1P4	SRR10104248	1.0740857704182307
PRELID1P4	SRR10104249	1.0271816644146015
PRELID1P4	SRR10104250	1.153013547676236
PRELID1P4	SRR10104251	1.0466047478518792
PRELID1P4	SRR10104252	1.1796947867396619
PRELID1P4	SRR10104253	1.0961853754741664
PRELID1P4	SRR10104254	1.0372141130641137
PRELID1P4	SRR10104255	1.0309957549391915
PRELID1P4	SRR10104256	1.0293845436631004
PRELID1P4	SRR10104257	1.037517112746005
PRELID1P4	SRR10104258	1.0307926732391595
PRELID1P4	SRR10224277	1.0244173062905177
PRELID1P4	SRR10224278	1.0926635070500108
PRELID1P4	SRR10224279	1.089250843220296
PRELID1P4	SRR10224280	1.0227917534671278
PRELID1P4	SRR10224281	1.0161102598101706
PRELID1P4	SRR10224282	1.0501757282099426
PRELID1P4	SRR10224283	1.042245924204279
PRELID1P4	SRR10224284	1.1092008744415571
PRELID1P4	SRR10224285	1.1279661106950958
PRELID1P4	SRR10224286	1.0254224279077875
PRELID1P4	SRR10224287	1.033803410459708
PRELID1P4	SRR10224288	1.0962707234129587
PRELID1P4	SRR10224289	1.0935047184878017
PRELID1P4	SRR10224290	1.095529172881304
PRELID1P4	SRR10224291	1.0312113499898703
PRELID1P4	SRR10224292	1.0118581905327977
PRELID1P4	SRR10224293	1.0306192603558113
PRELID1P4	SRR10224294	1.0580047935764523
PRELID1P4	SRR10224295	1.0860783600082067
PRELID1P4	SRR10224296	1.0547229540206002
PRELID1P4	SRR10224297	1.1274808217665389
PRELID1P4	SRR10224298	1.0332224020270313
PRELID1P4	SRR10318388	3.0220074782415507
PRELID1P4	SRR10318389	1.0047034125711976
PRELID1P4	SRR10318390	4.0492088455550785
PRELID1P4	SRR10318391	2.023703328326166
PRELID1P4	SRR10318392	1.0138553266422912
PRELID1P4	SRR10318393	3.0084251048819137
PRELID1P4	SRR10318394	5.065889668608683
PRELID1P4	SRR10318395	2.008833812614677
PRELID1P4	SRR10318396	5.039746455870314
PRELID1P4	SRR10318397	6.034916997496259
PRELID1P4	SRR10318398	3.0102744046336003
PRELID1P4	SRR10318399	2.100214891604035
PRELID1P4	SRR10318400	4.059102581936735
PRELID1P4	SRR10318401	2.007210757633995
PRELID1P4	SRR10318402	2.008417430732023
PRELID1P4	SRR10318403	2.009618348308924
PRELID1P4	SRR10318404	4.0069050078008495
PRELID1P4	SRR10318405	6.01441991603542
PRELID1P4	SRR10318406	1.0045332833268676
PRELID1P4	SRR10318407	6.058874825042734
PRELID1P4	SRR10318408	5.015013493025896
PRELID1P4	SRR10318409	4.012610103757772
PRELID1P4	SRR10318410	4.016221968982975
PRELID1P4	SRR10318411	1.0036365750295506
PRELID1P4	SRR10318412	3.014478028258858
PRELID1P4	SRR10318413	6.022900091593377
PRELID1P4	SRR10318414	1.0058946208297335
PRELID1P4	SRR10318415	3.0194341817423282
PRELID1P4	SRR10318416	3.029704661327568
PRELID1P4	SRR10318417	1.0071565815090566
PRELID1P4	SRR10318418	3.0112412663683554
PRELID1P4	SRR10318419	5.0199187307109145
PRELID1P4	SRR10318420	2.0036021349729065
PRELID1P4	SRR10318421	5.023718099736893
PRELID1P4	SRR10318422	5.010434137959086
PRELID1P4	SRR10318423	9.013240946680648
PRELID1P4	SRR10318424	5.010434137959086
PRELID1P4	SRR10318425	9.058347040596699
PRELID1P4	SRR10318426	1.0953414278907072
PRELID1P4	SRR10318427	1.108018223770156
PRELID1P4	SRR10318428	2.002636821735583
PRELID1P4	SRR10318429	1.0039837461421828
PRELID1P4	SRR10318430	3.025799172542478
PRELID1P4	SRR10318431	3.0154503711648935
PRELID1P4	SRR10318432	3.0050365191157726
PRELID1P4	SRR10318433	1.2750020383966563
PRELID1P4	SRR10318434	6.018281632364013
PRELID1P4	SRR10318435	3.0178169655236102
PRELID1P4	SRR10318436	1.0027334775314678
PRELID1P4	SRR10318437	4.002880152427062
PRELID1P4	SRR10318438	3.0037812207073236
PRELID1P4	SRR10318439	3.0123008622849836
PRELID1P4	SRR10318440	5.078669368909372
PRELID1P4	SRR10318441	4.01104361932746
PRELID1P4	SRR10318442	2.0572660816116866
PRELID1P4	SRR10318443	1.0022777857742395
PRELID1P4	SRR10318444	2.0169788810938445
PRELID1P4	SRR10318445	2.024099680885968
PRELID1P4	SRR10318446	2.0078996199831276
PRELID1P4	SRR10318447	3.031280394643864
PRELID1P4	SRR10318448	1.0069124078551868
PRELID1P4	SRR10318449	1.002086827591817
PRELID1P4	SRR10318450	1.0051877008321608
PRELID1P4	SRR10318451	2
PRELID1P4	SRR10318452	4.02502678757406
PRELID1P4	SRR10318453	3.059412071772656
PRELID1P4	SRR10318454	2.0095019359551936
PRELID1P4	SRR10318455	2.0120347260657407
PRELID1P4	SRR10318456	3.0196817768340116
PRELID1P4	SRR10318457	4.006184051145372
PRELID1P4	SRR10318458	2.0253861234758386
PRELID1P4	SRR10318459	3.0193374712366827
PRELID1P4	SRR10318460	2.0079332617166834
PRELID1P4	SRR10318461	2.0070272299489207
PRELID1P4	SRR10318462	4.026666197440092
PRELID1P4	SRR10318463	2.0061888314564427
PRELID1P4	SRR10318464	2.012390913421453
PRELID1P4	SRR10318465	1.0009001286274537
PRELID1P4	SRR10318466	1.0093704094610745
PRELID1P4	SRR10318467	3.0151828523897772
PRELID1P4	SRR10318468	3.0292029363984705
PRELID1P4	SRR10318469	7.024595304821223
PRELID1P4	SRR10318470	2
PRELID1P4	SRR10318471	2
PRELID1P4	SRR10318472	6.026400467378771
PRELID1P4	SRR10318473	2.0077496679700353
PRELID1P4	SRR10318474	2.008356020066065
PRELID1P4	SRR10318475	8.031978637822858
PRELID1P4	SRR10318476	2.0071499718950134
PRELID1P4	SRR10318495	3.003240754672204
PRELID1P4	SRR10318496	4.035221793156549
PRELID1P4	SRR10318497	4.021881264923307
PRELID1P4	SRR10318498	4.003600514509815
PRELID1P4	SRR10318499	3.0030164695573105
PRELID1P4	SRR10318500	1.005730776723367
PRELID1P4	SRR10318501	1.0048260094196193
PRELID1P4	SRR10318502	2.0010799599790126
PRELID1P4	SRR10318503	3.00540320245936
PRELID1P4	SRR10318504	4.026419957322384
PRELID1P4	SRR10318505	2.0010799599790126
PRELID1P4	SRR10318506	3.0357593261014997
PRELID1P4	SRR10318507	1.0119742595178156
PRELID1P4	SRR10318508	3.0929053365252663
PRELID1P4	SRR10318509	6.041061562046951
PRELID1P4	SRR10318510	4.031711950034868
PRELID1P4	SRR10318511	8.010083255219529
PRELID1P4	SRR10318512	1.00761712043278
PRELID1P4	SRR10318513	2.006611222526457
PRELID1P4	SRR10318514	3.0137929863597304
PRELID1P4	SRR10318515	6.071583652751794
PRELID1P4	SRR10318516	1.005925378652516
PRELID1P4	SRR10318517	6.015767606558787
PRELID1P4	SRR10318518	2.0143462618493038
PRELID1P4	SRR10318519	3.0141576755981263
PRELID1P4	SRR10318520	2.0039627051004136
PRELID1P4	SRR10318521	2.00723850262386
PRELID1P4	SRR10318522	4.0054632242105885
PRELID1P4	SRR10318523	2.004534328162457
PRELID1P4	SRR10318524	2.0153492452333106
PRELID1P4	SRR10318525	3.0185952205954254
PRELID1P4	SRR10318526	5.032580985917882
PRELID1P4	SRR10318527	5.001799771349224
PRELID1P4	SRR10318528	3.007608779867284
PRELID1P4	SRR10318529	3.006801492243685
PRELID1P4	SRR10318530	4.0269613242978135
PRELID1P4	SRR10318531	4.0356719093311995
PRELID1P4	SRR10318532	1.0082536977318846
PRELID1P4	SRR10318533	1.0231907162447254
PRELID1P4	SRR10318534	2.035133121272297
PRELID1P4	SRR10318535	2.0309952154169224
PRELID1P4	SRR10318536	2.0081109844914873
PRELID1P4	SRR10318537	2.0216830064333906
PRELID1P4	SRR10318538	3.005495100414848
PRELID1P4	SRR10318539	2.0144333707167346
PRELID1P4	SRR10318540	3.016350682906385
PRELID1P4	SRR10318541	1.0070904892371237
PRELID1P4	SRR10318542	2.016068177063215
PRELID1P4	SRR10318543	2.020015725098208
PRELID1P4	SRR10318544	2.0049563708866893
PRELID1P4	SRR10318545	1.0086306245764651
PRELID1P4	SRR10318546	2.0028811893368133
PRELID1P4	SRR10318547	4.015812190752031
PRELID1P4	SRR10318548	3.014519696360737
PRELID1P4	SRR10318549	2.013750499711109
PRELID1P4	SRR10318568	3.009457577818329
PRELID1P4	SRR10318569	6.004952282245531
PRELID1P4	SRR10318570	3.031906787762416
PRELID1P4	SRR10318571	3.0024761411227656
PRELID1P4	SRR10318572	3.0142529039327908
PRELID1P4	SRR10318573	4.0058848651913985
PRELID1P4	SRR10318574	2.004861475217943
PRELID1P4	SRR10318575	1.0046970709565088
PRELID1P4	SRR10318576	6.025842480219556
PRELID1P4	SRR10318577	2.005794254326413
PRELID1P4	SRR10318578	3.002700385882361
PRELID1P4	SRR10318579	4.012610103757772
PRELID1P4	SRR10318580	6.008194836315883
PRELID1P4	SRR10318581	4
PRELID1P4	SRR10875803	3.2446003756359816
PRELID1P4	SRR10875804	4.421598949712842
PRELID1P4	SRR10875805	1.5582201565778253
PRELID1P4	SRR10875806	0.8631412234827924
PRELID1P4	SRR10875807	3.8427624005580814
PRELID1P4	SRR10875808	2.726800442333741
PRELID1P4	SRR10875809	3.1613047863153465
PRELID1P4	SRR10875810	3.614585563367108
PRELID1P4	SRR10875812	4
PRELID1P4	SRR10875813	2.428859150795199
PRELID1P4	SRR10875814	1.0039973297278573
PRELID1P4	SRR10875815	1
PRELID1P4	SRR10875816	1
PRELID1P4	SRR10875817	0.7672308450228666
PRELID1P4	SRR10875818	0.7224371096255142
PRELID1P4	SRR10875819	4
PRELID1P4	SRR10875820	1.2403560717765731
PRELID1P4	SRR10875821	1.8952876705039496
PRELID1P4	SRR10875822	3.57041836075403
PRELID1P4	SRR10875823	2
PRELID1P4	SRR10875824	3.0161698863737283
PRELID1P4	SRR10875825	1.0017568823143634
PRELID1P4	SRR10875826	2.5254984431041585
PRELID1P4	SRR10875827	2.550792784170681
PRELID1P4	SRR10875829	3.754965381497222
PRELID1P4	SRR10875830	4
PRELID1P4	SRR10875831	4.014286997881169
PRELID1P4	SRR10875832	1
PRELID1P4	SRR10875834	2.0066725798407297
PRELID1P4	SRR10875835	7
PRELID1P4	SRR10875836	3.750069706925733
PRELID1P4	SRR10875837	3.2108135759386855
PRELID1P4	SRR10875838	3
PRELID1P4	SRR10875839	2.215975962997588
PRELID1P4	SRR10875840	0.8122515331036163
PRELID1P4	SRR10875841	4.0152667277289185
PRELID1P4	SRR10875842	1.386161621985293
PRELID1P4	SRR10875843	0.5512966967726888
PRELID1P4	SRR10875844	2.3996342662019745
PRELID1P4	SRR10875845	0.9004773375591886
PRELID1P4	SRR10875846	5.338898110226844
PRELID1P4	SRR10875847	3.5126188258594913
PRELID1P4	SRR10875848	2
PRELID1P4	SRR10875849	2.8831744673094972
PRELID1P4	SRR10875850	1.000179960941952
PRELID1P4	SRR10875851	2.6137346980766756
PRELID1P4	SRR10875852	1.61369138674419
PRELID1P4	SRR10875853	2.004384627472826
PRELID1P4	SRR10875854	0.8385638626920141
PRELID1P4	SRR10875855	2.1866055225481276
PRELID1P4	SRR10875856	2.020441918737141
PRELID1P4	SRR10875857	2.893085935958649
PRELID1P4	SRR10875858	0.9306989446855669
PRELID1P4	SRR10875859	1
PRELID1P4	SRR10875860	2.6104266797841045
PRELID1P4	SRR10875861	1.1801712587811106
PRELID1P4	SRR10875862	1.7390435342770667
PRELID1P4	SRR10875863	1.0054141363639215
PRELID1P4	SRR10875864	4
PRELID1P4	SRR10875865	6.743006601174738
PRELID1P4	SRR10875866	1.4812171196218542
PRELID1P4	SRR10875867	2.8738206909611503
PRELID1P4	SRR10875868	1.2280393581152922
PRELID1P4	SRR10875869	2
PRELID1P4	SRR10875870	1.3481838643927584
PRELID1P4	SRR10875871	2.000359921883904
PRELID1P4	SRR10875872	0.583061422294388
PRELID1P4	SRR10875873	2.4102402089617754
PRELID1P4	SRR10875874	1.7518832571517864
PRELID1P4	SRR10875875	1.9710709507020876
PRELID1P4	SRR10875876	3
PRELID1P4	SRR10875877	2.4161328907525608
PRELID1P4	SRR10875878	1.0079184714668268
PRELID1P4	SRR10875879	1
PRELID1P4	SRR10875880	2.0079946594557145
PRELID1P4	SRR10875881	0.7772391911693253
PRELID1P4	SRR10875882	3
PRELID1P4	SRR10875883	1.0064377837965335
PRELID1P4	SRR10875884	2.9144720000396176
PRELID1P4	SRR10875885	1.0018317001382826
PRELID1P4	SRR10875886	1.0075249897799072
PRELID1P4	SRR10875887	3
PRELID1P4	SRR10875888	1.0282214633828897
PRELID1P4	SRR10875889	1.0022324206205542
PRELID1P4	SRR10875890	2.004384627472826
PRELID1P4	SRR10875891	4
PRELID1P4	SRR10875892	6.95236150621992
PRELID1P4	SRR10875893	4
PRELID1P4	SRR10875894	1.5555177923128831
PRELID1P4	SRR10875895	1
PRELID1P4	SRR10875896	1.0100794629576413
PRELID1P4	SRR10875897	1.002553057138948
PRELID1P4	SRR10875898	2.8373995787591197
PRELID1P4	SRR10875899	2.6882275811865712
PRELID1P4	SRR10875900	3.0112066077328827
PRELID1P4	SRR10875901	1.002192313736413
PRELID1P4	SRR10875902	2.0092207732508656
PRELID1P4	SRR12430469	7
PRELID1P4	SRR12430470	9.329824043754396
PRELID1P4	SRR12430471	5.820029239761786
PRELID1P4	SRR12430472	6.721988185319634
PRELID1P4	SRR12430473	7
PRELID1P4	SRR12430474	2.7115457243846213
PRELID1P4	SRR12430475	1.9501805542118873
PRELID1P4	SRR12430476	3
PRELID1P4	SRR12765534	1
PRELID1P4	SRR12765535	2.0052558688529287
PRELID1P4	SRR12765536	1.0046411051794415
PRELID1P4	SRR12765537	1.0041780100330324
PRELID1P4	SRR12765538	1.0342071735617993
PRELID1P4	SRR12765539	2.062066790271604
PRELID1P4	SRR12765540	2.006250175855019
PRELID1P4	SRR12765541	1.0094847905369881
PRELID1P4	SRR12765542	4
PRELID1P4	SRR12765543	1.0162479978865846
PRELID1P4	SRR12765544	2.0230494632193
PRELID1P4	SRR12765545	1.009281141666664
PRELID1P4	SRR12765546	1.0301733653815839
PRELID1P4	SRR12765547	2.0160918740347937
PRELID1P4	SRR12765548	2.0408834374166
PRELID1P4	SRR12765549	1.007608736799485
PRELID1P4	SRR12765550	1.040062834884988
PRELID1P4	SRR12765551	1.0135684904494011
PRELID1P4	SRR12765552	1.0414272361609767
PRELID1P4	SRR12765553	1.0443243125938797
PRELID1P4	SRR12765554	1.031834253706366
PRELID1P4	SRR12765555	1.0207139403659764
PRELID1P4	SRR12765556	3.046092709241385
PRELID1P4	SRR12765557	1.0104876136718064
PRELID1P4	SRR12765558	3.1544857203111016
PRELID1P4	SRR12765559	1.0019065235500912
PRELID1P4	SRR12765560	1.0189547489838953
PRELID1P4	SRR12765561	1.0028390317466211
PRELID1P4	SRR12765562	1.015483444252062
PRELID1P4	SRR12765563	1.007295005653179
PRELID1P4	SRR12765564	6.012520965550903
PRELID1P4	SRR12765565	2.0085060173655385
PRELID1P4	SRR12765566	2.0141934992332144
PRELID1P4	SRR12765567	2.0264375541637043
PRELID1P4	SRR12765568	1.010279036701863
PRELID1P4	SRR12765569	1.0114801175682104
PRELID1P4	SRR12765570	5.035604623664443
PRELID1P4	SRR12765571	2.022353110211251
PRELID1P4	SRR12765572	2.01316801794995
PRELID1P4	SRR12765573	3.102636103452209
PRELID1P4	SRR12765574	1.0069401334995287
PRELID1P4	SRR12765575	2.0478790625073797
PRELID1P4	SRR12765576	1.0248346620898081
PRELID1P4	SRR12765577	1.0456385621694768
PRELID1P4	SRR12765578	1.0151006524935662
PRELID1P4	SRR12765579	2.0167665831915538
PRELID1P4	SRR12765580	1.0113445817462805
PRELID1P4	SRR12765581	3.0476998282509746
PRELID1P4	SRR12765582	2.0020109797048735
PRELID1P4	SRR12765583	1.0087441767971732
PRELID1P4	SRR12765584	2.0248365424494756
PRELID1P4	SRR12765585	1.0109960581005948
PRELID1P4	SRR12765586	3.0158300108904963
PRELID1P4	SRR12765587	2.023441502061622
PRELID1P4	SRR12765588	3.020852880063385
PRELID1P4	SRR12765589	4.072463731547015
PRELID1P4	SRR12765590	1.029304711338354
PRELID1P4	SRR12765591	1.0277391727573009
PRELID1P4	SRR12765592	1.0165332338111508
PRELID1P4	SRR12765593	1.0083598330411412
PRELID1P4	SRR12765594	2.0464636621951278
PRELID1P4	SRR12765595	2.023434976567854
PRELID1P4	SRR12765596	2.0088206093172727
PRELID1P4	SRR12765597	3.0242430531996316
PRELID1P4	SRR12765598	7.0502265004140785
PRELID1P4	SRR12765599	2.0061274889335725
PRELID1P4	SRR12765600	1.0429920540407125
PRELID1P4	SRR12765601	1.0217876140571718
PRELID1P4	SRR12765602	1.0086614062004455
PRELID1P4	SRR12765603	1.0098244476189677
PRELID1P4	SRR12765604	2.016275264637985
PRELID1P4	SRR12765605	1.0076754926485763
PRELID1P4	SRR12765606	1.0132711750064347
PRELID1P4	SRR12765607	4.034372875311388
PRELID1P4	SRR12765608	1.0088565751860703
PRELID1P4	SRR12765609	3.0144151984281744
PRELID1P4	SRR12765610	2.0175139076471433
PRELID1P4	SRR12765611	1.0055084743211022
PRELID1P4	SRR12765612	1.0045394681954278
PRELID1P4	SRR12765613	1.00593898850787
PRELID1P4	SRR12765614	3.01402779641924
PRELID1P4	SRR12765615	3.0274760478503375
PRELID1P4	SRR12765616	1.0061232629310637
PRELID1P4	SRR12765617	2.0169788810938445
PRELID1P4	SRR12765618	1.0231825824178566
PRELID1P4	SRR12765619	1.0217630104420437
PRELID1P4	SRR12765620	1.0080003107853246
PRELID1P4	SRR12765621	1.0025837127848007
PRELID1P4	SRR12765622	1.0218357740976558
PRELID1P4	SRR12765623	2
PRELID1P4	SRR12765624	2.007925052582433
PRELID1P4	SRR12765625	1.0082543784817941
PRELID1P4	SRR12765626	2.0099061677692234
PRELID1P4	SRR12765627	1.0005399799895063
PRELID1P4	SRR12765628	3.124812453833811
PRELID1P4	SRR12765629	1.032192677516494
PRELID1P4	SRR12765630	1.0017568823143634
PRELID1P4	SRR12765631	1.0059866023975144
PRELID1P4	SRR12765632	1.0065683082237227
PRELID1P4	SRR12765633	1.0193139826231485
PRELID1P4	SRR12765634	2.010881469973157
PRELID1P4	SRR12765635	3.0693441214047716
PRELID1P4	SRR12765636	2.0244085670692855
PRELID1P4	SRR12765637	3.10621010014615
PRELID1P4	SRR12765638	3
PRELID1P4	SRR12765639	2.0618849962337755
PRELID1P4	SRR12765640	1.00503432833736
PRELID1P4	SRR12765641	1.0187981972446098
PRELID1P4	SRR12765642	3.007342599072492
PRELID1P4	SRR12765643	3.041935135136748
PRELID1P4	SRR12765644	1.0035749859475067
PRELID1P4	SRR12765645	2.0570702848294458
PRELID1P4	SRR12765646	2.0136338479917937
PRELID1P4	SRR12765647	2.0580228600909525
PRELID1P4	SRR12765648	2.023743202789962
PRELID1P4	SRR12765649	1.0494646804633012
PRELID1P4	SRR12765650	2.036054878812187
PRELID1P4	SRR12765651	1.028219710920449
PRELID1P4	SRR12765652	1.010584658765189
PRELID1P4	SRR12774664	1.0053041671599932
PRELID1P4	SRR12774665	1.0134052600429255
PRELID1P4	SRR12774666	1.0106554920283504
PRELID1P4	SRR12774667	3.0447816943411894
PRELID1P4	SRR12774668	1.0531044481489285
PRELID1P4	SRR12774669	1.0184124073990244
PRELID1P4	SRR12774670	1.0489095745502544
PRELID1P4	SRR12774671	1.0483423562302514
PRELID1P4	SRR12774672	3.0185543804999577
PRELID1P4	SRR12774673	1.0142142606674132
PRELID1P4	SRR12774674	2.0484407367309823
PRELID1P4	SRR12774675	1.0343842942005177
PRELID1P4	SRR12774676	1.0065437279509373
PRELID1P4	SRR12774677	2.021766250383456
PRELID1P4	SRR12774678	1.043754043143823
PRELID1P4	SRR12774679	1.0232632446385574
PRELID1P4	SRR12774680	1.0140488490623458
PRELID1P4	SRR12774681	2.017411791830132
PRELID1P4	SRR12774682	2.021178443110882
PRELID1P4	SRR12774683	1.007131661704458
PRELID1P4	SRR12774684	1.005286161396734
PRELID1P4	SRR12774685	1.0073683070661372
PRELID1P4	SRR12774686	1.0179757410447914
PRELID1P4	SRR12774687	1.029309138639411
PRELID1P4	SRR1609360	1.0493034237080798
PRELID1P4	SRR1609361	1.025908504185614
PRELID1P4	SRR1609362	1.0680988542222165
PRELID1P4	SRR1609363	1.0073745093898177
PRELID1P4	SRR1609364	2.0171377691710624
PRELID1P4	SRR1609365	2.028633158724157
PRELID1P4	SRR1609366	2.0113722471890014
PRELID1P4	SRR1609367	1.0026726659196274
PRELID1P4	SRR1609368	1.0055560678333126
PRELID1P4	SRR1609369	1.0009001286274537
PRELID1P4	SRR1609370	4.008347310367268
PRELID1P4	SRR1609371	1.0301143575969267
PRELID1P4	SRR1609372	2.001440076213531
PRELID1P4	SRR1609373	2.014994864346568
PRELID1P4	SRR1609374	1.0026279344264644
PRELID1P4	SRR1609375	1.0065256999862005
PRELID1P4	SRR1609376	1.016088421058133
PRELID1P4	SRR1609377	2.010572322793468
PRELID1P4	SRR1609378	1.017406841761654
PRELID1P4	SRR1609379	2.0036021349729065
PRELID1P4	SRR1609380	1.0158653061982168
PRELID1P4	SRR1609381	1.0007200381067656
PRELID1P4	SRR1609382	1.01426559739414
PRELID1P4	SRR1609383	2.0208581571132163
PRELID1P4	SRR1609384	1.0096415363823084
PRELID1P4	SRR1609385	1.0073364170587717
PRELID1P4	SRR1609386	2.013209978661192
PRELID1P4	SRR1609387	1.0073913876363687
PRELID1P4	SRR1609388	1.012676094664956
PRELID1P4	SRR1609389	2.0050448048608844
PRELID1P4	SRR1609390	1.0128241006838015
PRELID1P4	SRR1609391	1.0636252817179657
PRELID1P4	SRR1609392	2.0308773112173855
PRELID1P4	SRR1609393	2.08956202335916
PRELID1P4	SRR1609394	2.055397009181545
PRELID1P4	SRR1609395	2.0109634332035364
PRELID1P4	SRR1609396	1.0010802515574013
PRELID1P4	SRR1609397	4.058124054430357
PRELID1P4	SRR1609398	1.0046103866254328
PRELID1P4	SRR1609399	1.0038093407347115
PRELID1P4	SRR1609400	1.002192313736413
PRELID1P4	SRR1609401	3.0319788718763245
PRELID1P4	SRR1609402	2.008928896305199
PRELID1P4	SRR1609403	2.0063386668959495
PRELID1P4	SRR1609404	2.0238915331004135
PRELID1P4	SRR1609405	2.013201747953875
PRELID1P4	SRR1609406	3.011809324405925
PRELID1P4	SRR1609407	4.009191243940653
PRELID1P4	SRR1609408	2.0155696342918508
PRELID1P4	SRR1609409	2.0371760657734357
PRELID1P4	SRR1609410	1
PRELID1P4	SRR1609411	1.0525644977244093
PRELID1P4	SRR1609412	1
PRELID1P4	SRR1609413	1.9208657602145933
PRELID1P4	SRR1609414	4.006483259444528
PRELID1P4	SRR1609415	1.000179960941952
PRELID1P4	SRR1609416	2.0052558688529287
PRELID1P4	SRR1609417	2.0134219021722726
PRELID1P4	SRR1609418	1.0014405946684066
PRELID1P4	SRR1609419	1.004874249096593
PRELID1P4	SRR1609420	2.009345384224076
PRELID1P4	SRR1609421	3.0193230885497693
PRELID1P4	SRR1609422	2.032975425113426
PRELID1P4	SRR1609423	2.107770888706861
PRELID1P4	SRR1609424	2.1574908229124508
PRELID1P4	SRR1609425	2.003241629722264
PRELID1P4	SRR1609426	1.0047202460643523
PRELID1P4	SRR1609427	1.0051433662901192
PRELID1P4	SRR1609428	1.0086302692225169
PRELID1P4	SRR1609429	3.0037812207073236
PRELID1P4	SRR1609430	1.0040989118595525
PRELID1P4	SRR1609431	5.036623207261212
PRELID1P4	SRR1609432	2.003003677727256
PRELID1P4	SRR1609433	2.0164497457444894
PRELID1P4	SRR1609434	1.0150033277731985
PRELID1P4	SRR1609435	1.0044783325221545
PRELID1P4	SRR1609436	1.0032401551492713
PRELID1P4	SRR1609437	1.0214548244785666
PRELID1P4	SRR1609438	1.032283347644643
PRELID1P4	SRR1609439	5.073506789367931
PRELID1P4	SRR1609440	2.0050448048608844
PRELID1P4	SRR1609441	1.0022671640812284
PRELID1P4	SRR1609442	1.0072027631380178
PRELID1P4	SRR1609443	1.0086306245764651
PRELID1P4	SRR1609444	2.0010799599790126
PRELID1P4	SRR1609445	1.0035077604181182
PRELID1P4	SRR1609446	1.0110032156633706
PRELID1P4	SRR1609447	1.2338363336906928
PRELID1P4	SRR1609448	2.0176455397589277
PRELID1P4	SRR1609449	1.0024781854433447
PRELID1P4	SRR1609450	1.002042629816068
PRELID1P4	SRR1609451	1.0128607888336665
PRELID1P4	SRR1609452	1.2632705659263332
PRELID1P4	SRR1609453	2.003663400276565
PRELID1P4	SRR1609454	1.0160098618742288
PRELID1P4	SRR1609455	1.2516237980743048
PRELID1P4	SRR1609456	1.0048325501063176
PRELID1P4	SRR1609457	2.0131366164474453
PRELID1P4	SRR1609458	1.240500376538707
PRELID1P4	SRR1609459	2.007783307191192
PRELID1P4	SRR1609460	1.0096415363823084
PRELID1P4	SRR1609461	2.003364140155833
PRELID1P4	SRR1609462	3.0110826246896187
PRELID1P4	SRR1609463	1.0064345380869446
PRELID1P4	SRR1609464	2.0222175348153946
PRELID1P4	SRR1609465	1.0119474539360775
PRELID1P4	SRR1609466	1.1215996409238542
PRELID1P4	SRR1609467	2.0238915331004135
PRELID1P4	SRR1609468	2.0033310028448224
PRELID1P4	SRR1609469	4.000719843767808
PRELID1P4	SRR1609470	1.0048260094196193
PRELID1P4	SRR1609471	2.004212793883314
PRELID1P4	SRR1609472	1.0870773664114952
PRELID1P4	SRR1609473	1.057486599398644
PRELID1P4	SRR1609474	1.002553057138948
PRELID1P4	SRR1609475	1.0217687791754089
PRELID1P4	SRR1609476	3.8132368502415557
PRELID1P4	SRR1609477	1.0056437263698823
PRELID1P4	SRR1609478	1.0229981829413575
PRELID1P4	SRR1609479	2.020777287324627
PRELID1P4	SRR1609480	3
PRELID1P4	SRR1609481	1.0104258199753007
PRELID1P4	SRR1609482	2.0072721332806
PRELID1P4	SRR1609483	3.0135679131932984
PRELID1P4	SRR1609484	1.0079009294287338
PRELID1P4	SRR1609485	1.0009001286274537
PRELID1P4	SRR1609486	2.0064885135261568
PRELID1P4	SRR1609487	2.007783307191192
PRELID1P4	SRR1609488	1.0014405946684066
PRELID1P4	SRR1609489	4.008769254945652
PRELID1P4	SRR1609490	1.0163926080188865
PRELID1P4	SRR1609491	1.0035263257491491
PRELID1P4	SRR1609492	2
PRELID1P4	SRR1609493	3.0134094748288063
PRELID1P4	SRR1609494	1.005934875877056
PRELID1P4	SRR1609495	1.0022324206205542
PRELID1P4	SRR1609496	2.00165076074851
PRELID1P4	SRR1609497	2.0018002572549074
PRELID1P4	SRR1609498	2.0007199085396894
PRELID1P4	SRR1609499	1.0020974473736823
PRELID1P4	SRR1609500	2.0034525039004247
PRELID1P4	SRR1609501	1.001283700295524
PRELID1P4	SRR1609502	2.025853151775604
PRELID1P4	SRR1609503	1.2571824597395216
PRELID1P4	SRR1609504	2
PRELID1P4	SRR1609505	2
PRELID1P4	SRR1609506	2.0393867911666272
PRELID1P4	SRR1609507	1.006044880155854
PRELID1P4	SRR1609508	4.002159919958025
PRELID1P4	SRR1609509	2.012655473112701
PRELID1P4	SRR1609510	1.0056036635982566
PRELID1P4	SRR1609511	1.036975445845237
PRELID1P4	SRR1609512	3.0099168337896858
PRELID1P4	SRR1609513	2.0064013705516772
PRELID1P4	SRR1609514	2.099157609257679
PRELID1P4	SRR1609515	1.0019813525502068
PRELID1P4	SRR1609516	1.0041780100330324
PRELID1P4	SRR1609517	1.022496948951921
PRELID1P4	SRR1609518	1.001620814861132
PRELID1P4	SRR1609519	1.0016788397052576
PRELID1P4	SRR1609520	1.0789502444393222
PRELID1P4	SRR1609521	4.006466879538096
PRELID1P4	SRR1609522	3.072163520833724
PRELID1P4	SRR1609523	1.0047341339697147
PRELID1P4	SRR1609524	5.083580850447165
PRELID1P4	SRR1609525	2.0110375522134203
PRELID1P4	SRR1609526	1.0203729733474096
PRELID1P4	SRR1609527	2
PRELID1P4	SRR1609528	1.0086549004496244
PRELID1P4	SRR1609529	2.050660278528563
PRELID1P4	SRR1609530	1.0047952852118593
PRELID1P4	SRR1609531	3.011382022054272
PRELID1P4	SRR1609532	1.0072060113251007
PRELID1P4	SRR1609533	1.03822663399045
PRELID1P4	SRR1609534	1.0012910230221785
PRELID1P4	SRR1609535	2.0884658026675997
PRELID1P4	SRR1609536	2.0215237603320357
PRELID1P4	SRR1609537	2.0076865442741987
PRELID1P4	SRR1609538	1
PRELID1P4	SRR1609539	2.0123885863474693
PRELID1P4	SRR1609540	1
PRELID1P4	SRR1609541	1.1002496061772749
PRELID1P4	SRR1609542	1.002342020016362
PRELID1P4	SRR1609543	1.002011990714717
PRELID1P4	SRR1609544	1.0058458481595676
PRELID1P4	SRR1609545	0.8392799790941577
PRELID1P4	SRR1609546	1
PRELID1P4	SRR1609547	1.005170859507078
PRELID1P4	SRR1609548	2.035994514160894
PRELID1P4	SRR1609549	1.0106959376016895
PRELID1P4	SRR1609550	3
PRELID1P4	SRR1609551	1.0113111021667518
PRELID1P4	SRR1609552	2.008928896305199
PRELID1P4	SRR1609553	2.005222271977506
PRELID1P4	SRR1609554	1.0090402771254097
PRELID1P4	SRR1609555	1.0034386715434078
PRELID1P4	SRR1609556	1.0221686455571868
PRELID1P4	SRR1609557	2.012608651642361
PRELID1P4	SRR1609558	2.0085887187455684
PRELID1P4	SRR1609559	2.0849936596909973
PRELID1P4	SRR1609560	3.021365005672093
PRELID1P4	SRR1609561	4.010157972374261
PRELID1P4	SRR1609562	1.0009887185978241
PRELID1P4	SRR1609563	2.008928896305199
PRELID1P4	SRR1609564	1.0009001286274537
PRELID1P4	SRR1609565	1.0247858558816332
PRELID1P4	SRR1609566	3.0100495942384784
PRELID1P4	SRR1609567	1.2581113184722956
PRELID1P4	SRR1609568	1
PRELID1P4	SRR1609569	3
PRELID1P4	SRR1609570	2.03553309064474
PRELID1P4	SRR1609571	1.024176000194289
PRELID1P4	SRR1609572	1.0132366280807228
PRELID1P4	SRR1609573	1.0198308819278206
PRELID1P4	SRR1609574	2.010218781885213
PRELID1P4	SRR1609575	1.0732532216417159
PRELID1P4	SRR1609576	2.0079674922843656
PRELID1P4	SRR1609577	2.008402742602882
PRELID1P4	SRR1609578	2.0035326803659137
PRELID1P4	SRR1609579	2.013402765443538
PRELID1P4	SRR1609580	1.007678742360192
PRELID1P4	SRR1609581	1.0418042391137226
PRELID1P4	SRR1609582	2.0165560487390617
PRELID1P4	SRR1609583	1.0357598428330377
PRELID1P4	SRR1609584	2.004023981429434
PRELID1P4	SRR1609585	2.0017667182762118
PRELID1P4	SRR1609586	1.077969249642432
PRELID1P4	SRR1609587	2.0240098135119347
PRELID1P4	SRR1609588	2.026810520085851
PRELID1P4	SRR1609589	1.0026279344264644
PRELID1P4	SRR1609590	2.0005704927148478
PRELID1P4	SRR1609591	1.0032708318049182
PRELID1P4	SRR1609592	2.0136899460067066
PRELID1P4	SRR1609593	3.0166077535529974
PRELID1P4	SRR1609594	1.0253331007022206
PRELID1P4	SRR1609595	2.0486124192547837
PRELID1P4	SRR1609596	3.0078838032793933
PRELID1P4	SRR1609597	2.008417430732023
PRELID1P4	SRR1609598	3.0826112118371918
PRELID1P4	SRR1609599	1.0212178151540763
PRELID1P4	SRR1609600	1.0308747019327569
PRELID1P4	SRR1609601	2.056327476771008
PRELID1P4	SRR1609602	1.1632163838991925
PRELID1P4	SRR1609603	3
PRELID1P4	SRR1609604	1.0069981117179123
PRELID1P4	SRR1609605	1.007566475195609
PRELID1P4	SRR1609606	1.0160829820750323
PRELID1P4	SRR1609607	2.0099440008472578
PRELID1P4	SRR1609608	1.019977620097426
PRELID1P4	SRR1609609	1.0324178632829317
PRELID1P4	SRR1609610	3
PRELID1P4	SRR1609611	2.0342698611709187
PRELID1P4	SRR1609612	1.002342020016362
PRELID1P4	SRR1609613	1.000825380374255
PRELID1P4	SRR1609614	1.0113691465526504
PRELID1P4	SRR1609615	2.0063386668959495
PRELID1P4	SRR1609616	4
PRELID1P4	SRR1609617	1
PRELID1P4	SRR1609618	2.0064000158761304
PRELID1P4	SRR1609619	2.0072721332806
PRELID1P4	SRR1609620	1.0125434290578252
PRELID1P4	SRR1609621	2.0170504155023203
PRELID1P4	SRR1609622	1.0396027374078705
PRELID1P4	SRR1609623	3.0570039090142527
PRELID1P4	SRR1609624	1.233166099790781
PRELID1P4	SRR1609625	1.001546012786343
PRELID1P4	SRR1609626	1.007678742360192
PRELID1P4	SRR1609627	2.0107986741916752
PRELID1P4	SRR1609628	2.0038130471001825
PRELID1P4	SRR1609629	2.0321099467678017
PRELID1P4	SRR1609630	3.0083747004995915
PRELID1P4	SRR1609631	5
PRELID1P4	SRR1609632	1
PRELID1P4	SRR1609633	2.007168921962656
PRELID1P4	SRR1609634	1.0083088550710244
PRELID1P4	SRR1609635	1.0249305070581083
PRELID1P4	SRR1609636	3.1005780923393367
PRELID1P4	SRR1609637	2.0081109844914873
PRELID1P4	SRR1609638	1.0243215512558148
PRELID1P4	SRR1609639	2.011065350099762
PRELID1P4	SRR1609640	1.000179960941952
PRELID1P4	SRR1609641	1.000179960941952
PRELID1P4	SRR1609642	2
PRELID1P4	SRR1609643	3.0353197228483197
PRELID1P4	SRR1609644	1.0010455492408952
PRELID1P4	SRR1609645	1.0031693334479748
PRELID1P4	SRR1609646	1.002342020016362
PRELID1P4	SRR1609647	1.0206670235973925
PRELID1P4	SRR1609648	2.007263926849274
PRELID1P4	SRR1609649	1.0081274315088424
PRELID1P4	SRR1609650	2.014864765555886
PRELID1P4	SRR1609651	1.003394628447702
PRELID1P4	SRR1609652	1.0035304285329265
PRELID1P4	SRR1609653	2.1016126669753876
PRELID1P4	SRR1609654	1.034357970588471
PRELID1P4	SRR1609655	1.0068308408829232
PRELID1P4	SRR1609656	1.014313308243783
PRELID1P4	SRR1609657	2.0257018589742537
PRELID1P4	SRR1609658	1.020049628429351
PRELID1P4	SRR1609659	2.0159323581018076
PRELID1P4	SRR1609660	4.015689400689953
PRELID1P4	SRR1609661	2.0029424325956993
PRELID1P4	SRR1609662	1.0046759321397467
PRELID1P4	SRR1609663	1.0026585923618834
PRELID1P4	SRR1609664	2.0144363505434137
PRELID1P4	SRR1609665	1
PRELID1P4	SRR1609666	2.033268820348686
PRELID1P4	SRR1609667	1.002883264649812
PRELID1P4	SRR1609668	1.1259515593418852
PRELID1P4	SRR1609669	1.0192408475989563
PRELID1P4	SRR1746771	6.943889098517844
PRELID1P4	SRR1746772	4.098595623928385
PRELID1P4	SRR1746773	2.272740983029363
PRELID1P4	SRR1746774	1.6061172670787458
PRELID1P4	SRR1746775	3.2814587942097924
PRELID1P4	SRR1746776	4.0594828768995335
PRELID1P4	SRR1746777	2.8519233864417433
PRELID1P4	SRR1746778	1.615544256713223
PRELID1P4	SRR1746779	3.5607370577571107
PRELID1P4	SRR1746780	4.227026189211312
PRELID1P4	SRR1746781	5.136424996507458
PRELID1P4	SRR1746782	1.0044644481525995
PRELID1P4	SRR1746783	4
PRELID1P4	SRR1746784	4.984131144016313
PRELID1P4	SRR1782685	1.0161405129641194
PRELID1P4	SRR1782686	3.0723181541462554
PRELID1P4	SRR1782687	2.0244322942709814
PRELID1P4	SRR1782688	5.083775919423693
PRELID1P4	SRR1782689	2.0357524816901713
PRELID1P4	SRR1782690	1.0202611034833844
PRELID1P4	SRR1782691	4.0069050078008495
PRELID1P4	SRR1782692	1.008267339088667
PRELID1P4	SRR1782693	1.0088465649237228
PRELID1P4	SRR1782694	1.0160829820750323
PRELID1P4	SRR1782695	1.0007200381067656
PRELID1P4	SRR1782696	1.0033707140904828
PRELID1P4	SRR1782697	2.0176521663198885
PRELID1P4	SRR1782698	4.008347310367268
PRELID1P4	SRR1782699	2.0484155580656553
PRELID1P4	SRR1782700	1.0075703770631752
PRELID1P4	SRR1782701	1.006233967196753
PRELID1P4	SRR1782702	1.0106664184752785
PRELID1P4	SRR1782703	1.003891653595596
PRELID1P4	SRR1782704	1.0158440725472526
PRELID1P4	SRR1782705	1.0242058267974272
PRELID1P4	SRR1782706	1.002553057138948
PRELID1P4	SRR1782707	3.0114500457966886
PRELID1P4	SRR1782708	1.0527335559349638
PRELID1P4	SRR1782709	2.0987778693872223
PRELID1P4	SRR1782710	1
PRELID1P4	SRR1782711	2.022422138116475
PRELID1P4	SRR1782712	2.0236485692929125
PRELID1P4	SRR1782713	1.0217630104420437
PRELID1P4	SRR1782714	1.0870554088778994
PRELID1P4	SRR1782715	2.0049563708866893
PRELID1P4	SRR1782716	1.0149213103030237
PRELID1P4	SRR1782717	2.00165076074851
PRELID1P4	SRR1782718	2.028668899404299
PRELID1P4	SRR1782719	1.007268477791188
PRELID1P4	SRR1782720	1.0173889776699079
PRELID1P4	SRR1782721	1.1215287864396823
PRELID1P4	SRR1782722	1.0008833591381059
PRELID1P4	SRR1782723	1.002192313736413
PRELID1P4	SRR1782724	1.011129842073421
PRELID1P4	SRR1782725	1.0685748274292985
PRELID1P4	SRR1782726	1.0074358213334167
PRELID1P4	SRR1782727	2
PRELID1P4	SRR1782728	1.0303050804635
PRELID1P4	SRR1782729	1.9059691875159332
PRELID1P4	SRR1782730	1.0013658060526471
PRELID1P4	SRR1782731	1.032101634718041
PRELID1P4	SRR1782732	2.15846688140263
PRELID1P4	SRR1782733	1.0096575808681731
PRELID1P4	SRR1782734	2.0124773481394462
PRELID1P4	SRR1782735	1.004578209610595
PRELID1P4	SRR1782736	2.0365308195295873
PRELID1P4	SRR1782737	1.001620814861132
PRELID1P4	SRR1782738	1.049672343546831
PRELID1P4	SRR1782739	2.020906915361495
PRELID1P4	SRR1782740	1.0115791944902102
PRELID1P4	SRR1782741	2.1086173123818366
PRELID1P4	SRR1782742	3
PRELID1P4	SRR1782743	1.002011990714717
PRELID1P4	SRR1782744	2.010034979163885
PRELID1P4	SRR1782745	1.0120275763195707
PRELID1P4	SRR1782746	1.0198965760233896
PRELID1P4	SRR1782747	5.036496388115954
PRELID1P4	SRR1782748	4.05856757441302
PRELID1P4	SRR1782749	1.0126805916371509
PRELID1P4	SRR1782750	3.0040974181579414
PRELID1P4	SRR1782751	2.030966888504124
PRELID1P4	SRR1782752	1.0066496832577085
PRELID1P4	SRR1782753	2.001916223443083
PRELID1P4	SRR1782754	2.0166205653704137
PRELID1P4	SRR1782755	3.0080580528419456
PRELID1P4	SRR1782756	2.090524631071784
PRELID1P4	SRR1782757	2.0028811893368133
PRELID1P4	SRR1782758	4.0069050078008495
PRELID1P4	SRR1782759	2.0088592570467187
PRELID1P4	SRR1782760	1.0142062491689723
PRELID1P4	SRR1782761	1.123350924195671
PRELID1P4	SRR1782762	1.0642762539094746
PRELID1P4	SRR1782763	1.0054670736412705
PRELID1P4	SRR1782764	1.0011509257737932
PRELID1P4	SRR1782765	2.0064000158761304
PRELID1P4	SRR1782766	3.032030560027502
PRELID1P4	SRR1782767	1.0096583926938514
PRELID1P4	SRR1782768	1.0064574381144438
PRELID1P4	SRR1782769	2.017070177838031
PRELID1P4	SRR1782770	1.0046452125208463
PRELID1P4	SRR1782771	2.0132669941870067
PRELID1P4	SRR1782772	2.010737190715282
PRELID1P4	SRR1782773	2.008717445707211
PRELID1P4	SRR1782774	1.002553057138948
PRELID1P4	SRR1782775	1.0200306175184897
PRELID1P4	SRR1782776	1.0146067854880492
PRELID1P4	SRR1782777	1.000179960941952
PRELID1P4	SRR1782778	2.003663400276565
PRELID1P4	SRR1782779	2.0564157065776665
PRELID1P4	SRR1782780	2.0257977410763166
PRELID1P4	SRR1782781	1.0344998484090346
PRELID1P4	SRR1782782	1.0205283876020228
PRELID1P4	SRR1782783	2.0126637015866464
PRELID1P4	SRR1782784	1.00334576270059
PRELID1P4	SRR1782785	2.0021605031148026
PRELID1P4	SRR1782786	1.0250860802347106
PRELID1P4	SRR1782787	2
PRELID1P4	SRR1782788	1.0037110248141228
PRELID1P4	SRR1782789	2.0340391114695406
PRELID1P4	SRR1782790	3.016781624681153
PRELID1P4	SRR1782791	1.0059251235048385
PRELID1P4	SRR1782792	1.0068477100204776
PRELID1P4	SRR1782793	1.0369712333325636
PRELID1P4	SRR1782794	2.0136889259777955
PRELID1P4	SRR1782795	1.0212178151540763
PRELID1P4	SRR1782796	1.079602691613202
PRELID1P4	SRR1782797	1.0253628024973167
PRELID1P4	SRR1782798	1.0193000353281811
PRELID1P4	SRR1782799	1.001620814861132
PRELID1P4	SRR1782800	2.0035326803659137
PRELID1P4	SRR1782801	2.011126843610475
PRELID1P4	SRR1782802	2.01475551626155
PRELID1P4	SRR1782803	1.0036667554019618
PRELID1P4	SRR1782804	1.0027028173063115
PRELID1P4	SRR1782805	2.0036021349729065
PRELID1P4	SRR1782806	1.0026585923618834
PRELID1P4	SRR1782807	2.0703641844753693
PRELID1P4	SRR1782808	1.0262987270047477
PRELID1P4	SRR1782809	2.0268358827905035
PRELID1P4	SRR1782810	1.016644694920719
PRELID1P4	SRR1782811	1.0030944157282213
PRELID1P4	SRR1782812	2.025113450099487
PRELID1P4	SRR1782813	2.01251339378703
PRELID1P4	SRR1782814	1.0129566741382754
PRELID1P4	SRR1782815	1.062121334894591
PRELID1P4	SRR1782816	2.0010799599790126
PRELID1P4	SRR1782817	3.010398354397943
PRELID1P4	SRR1782818	2.026761739680301
PRELID1P4	SRR1782819	3.0830255880862323
PRELID1P4	SRR1782820	1.0355877525178163
PRELID1P4	SRR1782821	1.0027028173063115
PRELID1P4	SRR1782822	1.0078594513453938
PRELID1P4	SRR1782823	2.007571977172635
PRELID1P4	SRR1782824	1.0056828803089768
PRELID1P4	SRR1782825	1.005809645020963
PRELID1P4	SRR1782826	2.0136338479917937
PRELID1P4	SRR1782827	1.0132807415847052
PRELID1P4	SRR1782828	2
PRELID1P4	SRR1782829	3
PRELID1P4	SRR1782830	1.0393262126274254
PRELID1P4	SRR1782831	1.0734003069580385
PRELID1P4	SRR1782832	1.0325772296717781
PRELID1P4	SRR1782833	1.023057146473477
PRELID1P4	SRR1782834	4.000719843767808
PRELID1P4	SRR1782835	1.1149797381951183
PRELID1P4	SRR1782836	1.1125409808797893
PRELID1P4	SRR1782837	2.0552406615442904
PRELID1P4	SRR1782838	2.025963857489937
PRELID1P4	SRR1782839	1.013725326520963
PRELID1P4	SRR1782840	2.0166514979444936
PRELID1P4	SRR1782841	5.074257178176843
PRELID1P4	SRR1782842	2
PRELID1P4	SRR1782843	1.0241487491844126
PRELID1P4	SRR1782844	1.000179960941952
PRELID1P4	SRR1782845	3.056388807056819
PRELID1P4	SRR1782846	2.0108430008044706
PRELID1P4	SRR1782847	1.2337368978097534
PRELID1P4	SRR1782848	1.2335837199439401
PRELID1P4	SRR1782849	1.2403822504664612
PRELID1P4	SRR1782850	1.2517458229536382
PRELID1P4	SRR1782851	1.2634697131512598
PRELID1P4	SRR1782852	1.2639231424855961
PRELID1P4	SRR1782853	1.2584335321033158
PRELID1P4	SRR1782854	3.009824800632428
PRELID1P4	SRR1782855	1.0024033193392368
PRELID1P4	SRR1782856	1.0052935133947416
PRELID1P4	SRR1782857	1.0069866303229194
PRELID1P4	SRR1782858	1.0010054898524368
PRELID1P4	SRR1782859	2.003241629722264
PRELID1P4	SRR1782860	1.0022671640812284
PRELID1P4	SRR1782861	2.0037182055455687
PRELID1P4	SRR1782862	2.009211374738175
PRELID1P4	SRR1782863	2.005222271977506
PRELID1P4	SRR1782864	1.0129045923036408
PRELID1P4	SRR1782865	1.0042361830179003
PRELID1P4	SRR1782866	1.0035136149744603
PRELID1P4	SRR1782867	2.0330792777094846
PRELID1P4	SRR1782868	2.0072721332806
PRELID1P4	SRR1782869	1.0034248015445335
PRELID1P4	SRR1782870	1.0024781854433447
PRELID1P4	SRR1782871	1.0052491741857592
PRELID1P4	SRR1782872	2.005405634612623
PRELID1P4	SRR1782873	1.004614493841249
PRELID1P4	SRR1782874	3.0193248410096367
PRELID1P4	SRR1782875	1.0051528561314607
PRELID1P4	SRR1782876	4.015744908195231
PRELID1P4	SRR1782877	1.0033853244066688
PRELID1P4	SRR1782878	1.0078282441722788
PRELID1P4	SRR1782879	1.0143624914943958
PRELID1P4	SRR1782880	1.0042361830179003
PRELID1P4	SRR1782881	2.008322371249443
PRELID1P4	SRR1782882	2.007058817753772
PRELID1P4	SRR1782883	1.0018010674864533
PRELID1P4	SRR1782884	1.0007200381067656
PRELID1P4	SRR1782885	3
PRELID1P4	SRR1782886	2.011099044874141
PRELID1P4	SRR1782887	1.0009001286274537
PRELID1P4	SRR1782888	2.0064885135261568
PRELID1P4	SRR1782889	2.008628849748493
PRELID1P4	SRR1782890	2.003092025572686
PRELID1P4	SRR1782891	1.0007200381067656
PRELID1P4	SRR1782892	2.003663400276565
PRELID1P4	SRR1782893	2.0077496679700353
PRELID1P4	SRR1782894	2.022383357650336
PRELID1P4	SRR1782895	3.011000266205886
PRELID1P4	SRR1782896	4.008579517730009
PRELID1P4	SRR1782897	2.005506119018947
PRELID1P4	SRR1782898	1.0022671640812284
PRELID1P4	SRR1782899	2.0075251467094204
PRELID1P4	SRR1782900	2.0020109797048735
PRELID1P4	SRR1782901	1.0009828787718729
PRELID1P4	SRR1782902	3
PRELID1P4	SRR1782903	3.007659171416844
PRELID1P4	SRR1782904	2
PRELID1P4	SRR1782905	2.004173655183634
PRELID1P4	SRR1782906	2.0126974231409074
PRELID1P4	SRR1782907	1.0048842199437062
PRELID1P4	SRR1782908	2.0061003470241143
PRELID1P4	SRR1782909	2.006849603089067
PRELID1P4	SRR1782910	1
PRELID1P4	SRR1782911	2.0138120753271975
PRELID1P4	SRR1782912	3.815231691354998
PRELID1P4	SRR1782913	1
PRELID1P4	SRR1782914	4.010811269225246
PRELID1P4	SRR1782915	3
PRELID1P4	SRR1782916	2.021140228062891
PRELID1P4	SRR1782917	1.0032306833661075
PRELID1P4	SRR1782918	1.0010802515574013
PRELID1P4	SRR1782919	1
PRELID1P4	SRR1782920	2.0020109797048735
PRELID1P4	SRR1782921	1.002086827591817
PRELID1P4	SRR1782922	1.1863691226303883
PRELID1P4	SRR1782923	1.0055761585433334
PRELID1P4	SRR1782924	1.0051265257078354
PRELID1P4	SRR1782925	4.013931723581275
PRELID1P4	SRR1782926	2.0146819377840712
PRELID1P4	SRR1782927	1.0028390317466211
PRELID1P4	SRR1782928	1.0071660004775882
PRELID1P4	SRR1782929	1.0086240591672244
PRELID1P4	SRR1782930	2.0056780634932423
PRELID1P4	SRR1782931	3.008007654609363
PRELID1P4	SRR1782932	1.003731881663257
PRELID1P4	SRR1782933	1.0649351792796355
PRELID1P4	SRR1782934	2.011702955880072
PRELID1P4	SRR1782935	2.008990324488326
PRELID1P4	SRR1782936	2.0504658877940893
PRELID1P4	SRR1782937	2.015713669758831
PRELID1P4	SRR1782938	1.2574474178148516
PRELID1P4	SRR1782939	1.0047411238848365
PRELID1P4	SRR1782940	1.0026585923618834
PRELID1P4	SRR1782941	1.0078123826132555
PRELID1P4	SRR1782942	2.0078636569717463
PRELID1P4	SRR1782943	2.009228987682498
PRELID1P4	SRR1782944	1.0012910230221785
PRELID1P4	SRR1782945	2.0104983483715184
PRELID1P4	SRR1782946	1.002086827591817
PRELID1P4	SRR1782947	2.004173655183634
PRELID1P4	SRR1782948	1
PRELID1P4	SRR1782949	1.002447533024164
PRELID1P4	SRR1782950	1
PRELID1P4	SRR1782951	2.006596547606632
PRELID1P4	SRR1782952	0.8450272599735452
PRELID1P4	SRR1782953	1.0019065235500912
PRELID1P4	SRR1782954	1.126108257274077
PRELID1P4	SRR1782955	3.1015261027424788
PRELID1P4	SRR1782956	1.0151667217080587
PRELID1P4	SRR1782957	1.019311965849562
PRELID1P4	SRR1782958	2.010948853924701
PRELID1P4	SRR1782959	1.0579165678317932
PRELID1P4	SRR1782960	2
PRELID1P4	SRR1782961	4.0145442665612
PRELID1P4	SRR1782962	2.014590011306358
PRELID1P4	SRR1782963	1.0068921197371672
PRELID1P4	SRR1782964	1.0003599542698447
PRELID1P4	SRR1782965	1.0030596435909767
PRELID1P4	SRR1782966	3
PRELID1P4	SRR1782967	1.0040206867929065
PRELID1P4	SRR1782968	2.0020910984817903
PRELID1P4	SRR1782969	3.035935190519537
PRELID1P4	SRR1782970	1.012507584036827
PRELID1P4	SRR1782971	2.0335935029396377
PRELID1P4	SRR1782972	2.0112044054211045
PRELID1P4	SRR1782973	2.1025224311328334
PRELID1P4	SRR1782974	2
PRELID1P4	SRR1782975	1.0394713474480297
PRELID1P4	SRR1782976	1.0097952561921797
PRELID1P4	SRR1782977	1.0003599542698447
PRELID1P4	SRR1782978	1.0167008005288674
PRELID1P4	SRR1782979	1.0083829961716155
PRELID1P4	SRR1782980	2.0034525039004247
PRELID1P4	SRR1782981	1.012303856712658
PRELID1P4	SRR1782982	1.0058055966749162
PRELID1P4	SRR1782983	1.0009581117215416
PRELID1P4	SRR1782984	2.0007199085396894
PRELID1P4	SRR1782985	1.0068308408829232
PRELID1P4	SRR1782986	1.0029888346325269
PRELID1P4	SRR1782987	3.0037812207073236
PRELID1P4	SRR1782988	1
PRELID1P4	SRR1782989	3.1292938471974683
PRELID1P4	SRR1782990	1.0134118565743073
PRELID1P4	SRR1782991	2.0082674400482907
PRELID1P4	SRR1782992	1.002447533024164
PRELID1P4	SRR1782993	1.0207811101132158
PRELID1P4	SRR1782994	2
PRELID1P4	SRR1782995	1.0083014810209638
PRELID1P4	SRR1782996	5
PRELID1P4	SRR1782997	2.008990324488326
PRELID1P4	SRR1782998	2.0072721332806
PRELID1P4	SRR1782999	1.0213121241102965
PRELID1P4	SRR1783000	1.0038996732048098
PRELID1P4	SRR1783001	2.0327075988848597
PRELID1P4	SRR1783002	1.056652332155794
PRELID1P4	SRR1783003	2
PRELID1P4	SRR1783004	1.004591059283169
PRELID1P4	SRR1783005	1.015882624326654
PRELID1P4	SRR1783006	1.0237799351824244
PRELID1P4	SRR1813867	1.0482498991450804
PRELID1P4	SRR1813868	1.0188667378001919
PRELID1P4	SRR1813869	1.0100898715185678
PRELID1P4	SRR1813870	4.376356551713969
PRELID1P4	SRR1813871	2.810964601324575
PRELID1P4	SRR1813872	4.177893844568752
PRELID1P4	SRR1813873	3.379773588650722
PRELID1P4	SRR1813874	1.010178402682137
PRELID1P4	SRR1813875	6
PRELID1P4	SRR1813876	7.03733621070379
PRELID1P4	SRR1813877	1.0854305329616691
PRELID1P4	SRR1813878	2.001440076213531
PRELID1P4	SRR1813879	1
PRELID1P4	SRR1813880	4
PRELID1P4	SRR1813881	3.0592714591994046
PRELID1P4	SRR1813882	2.5980109911657916
PRELID1P4	SRR1813883	4.00330152149702
PRELID1P4	SRR1813884	1.012768265660338
PRELID1P4	SRR1813885	1
PRELID1P4	SRR1813886	6.007562441414647
PRELID1P4	SRR1813887	3.0316089460874935
PRELID1P4	SRR1928188	2.0163568006131327
PRELID1P4	SRR1928189	3.0219387182009037
PRELID1P4	SRR1928190	5.043975883881193
PRELID1P4	SRR1928191	1.0113225234973442
PRELID1P4	SRR1928192	2.0257977410763166
PRELID1P4	SRR1928193	5.076821182068975
PRELID1P4	SRR2046996	1.00858822452488
PRELID1P4	SRR2046997	2.0222307515480247
PRELID1P4	SRR2046998	1.0202431892752137
PRELID1P4	SRR2046999	1.007678742360192
PRELID1P4	SRR2047000	2.021396550176389
PRELID1P4	SRR2047001	1.0094399707348267
PRELID1P4	SRR2047002	1.0188427709986354
PRELID1P4	SRR2047003	2.0475598703648488
PRELID1P4	SRR2047004	1.0079492911740628
PRELID1P4	SRR2047005	2.016288644740739
PRELID1P4	SRR2047006	1.0152138321654876
PRELID1P4	SRR2047007	1.0262840471791508
PRELID1P4	SRR2047008	2.025034880082311
PRELID1P4	SRR2047009	1.0185103595038079
PRELID1P4	SRR2313973	1.0126842466806711
PRELID1P4	SRR2313974	2.0148144851390377
PRELID1P4	SRR2313975	1.0102481457588257
PRELID1P4	SRR2313976	2.0293311252435475
PRELID1P4	SRR2313977	5.043459765550758
PRELID1P4	SRR2313978	2.052640844903998
PRELID1P4	SRR2313979	2.0207030573532294
PRELID1P4	SRR2313980	1.005836351775555
PRELID1P4	SRR2313981	1.003584460981328
PRELID1P4	SRR2313982	2.0263011568867912
PRELID1P4	SRR2313983	1.0167862737972515
PRELID1P4	SRR2313984	1.0054595072071568
PRELID1P4	SRR2313985	1.0189547489838953
PRELID1P4	SRR2313986	2.012377097182068
PRELID1P4	SRR2313987	2.0066661084258652
PRELID1P4	SRR2313988	1.0090381299656352
PRELID1P4	SRR2313989	4.042358225619329
PRELID1P4	SRR2313990	3.0463847796871266
PRELID1P4	SRR2313991	1.016510074800994
PRELID1P4	SRR2313992	1.014686192824186
PRELID1P4	SRR2313993	1.0103672884396626
PRELID1P4	SRR2313994	1.0212939489113868
PRELID1P4	SRR2313995	1.0041337200241454
PRELID1P4	SRR2313996	1.004535361286343
PRELID1P4	SRR2313997	4.048764665216613
PRELID1P4	SRR2313998	1.0240939627595231
PRELID1P4	SRR2313999	3.0278852778471927
PRELID1P4	SRR2314000	2.017076091866415
PRELID1P4	SRR2314001	5.068625147658778
PRELID1P4	SRR2314002	1.0107561095059667
PRELID1P4	SRR2314003	1.0216964429597561
PRELID1P4	SRR2314004	2.015870717654586
PRELID1P4	SRR2314005	3.028510399337045
PRELID1P4	SRR2314006	3.0563613060102344
PRELID1P4	SRR2314007	2.012036084545715
PRELID1P4	SRR2314008	1.0013184108677915
PRELID1P4	SRR2314009	2.016445737433835
PRELID1P4	SRR2314010	2.0131490112436885
PRELID1P4	SRR2314011	1.0070596957891693
PRELID1P4	SRR2314012	1.0072545548549394
PRELID1P4	SRR2314013	1.0115556615875927
PRELID1P4	SRR2314014	1.011441792883926
PRELID1P4	SRR2314015	1.0077674777082104
PRELID1P4	SRR2314016	1.0032306833661075
PRELID1P4	SRR2314017	1.0193139826231485
PRELID1P4	SRR2314018	1.037183848807375
PRELID1P4	SRR2314019	1.00338054475646
PRELID1P4	SRR2314020	2.033127261152762
PRELID1P4	SRR2314021	1.00503432833736
PRELID1P4	SRR2314022	2.0244322942709814
PRELID1P4	SRR2314023	1.0097198436416865
PRELID1P4	SRR2314024	1.012946813858373
PRELID1P4	SRR2314025	2.009713469133702
PRELID1P4	SRR2314026	1.0219330614415651
PRELID1P4	SRR2314027	2.014768040592018
PRELID1P4	SRR2314028	1.0028664619341938
PRELID1P4	SRR2314029	3.007026060049086
PRELID1P4	SRR2314030	4.018902496895788
PRELID1P4	SRR2314031	2.0345538150097253
PRELID1P4	SRR2314032	2.034574768559066
PRELID1P4	SRR2314033	1.024065959569855
PRELID1P4	SRR2314034	1.0293297863593514
PRELID1P4	SRR2314035	1.046856177985374
PRELID1P4	SRR2314036	1.017280352612803
PRELID1P4	SRR2314037	1.0133200709899204
PRELID1P4	SRR2314038	4.022921928305231
PRELID1P4	SRR2314039	1.0107759115674844
PRELID1P4	SRR2314040	1.0391610375751816
PRELID1P4	SRR2314041	1.00751106329803
PRELID1P4	SRR2314042	1.004072314883195
PRELID1P4	SRR2314043	2.0177938975365746
PRELID1P4	SRR2314044	2.0084788432757708
PRELID1P4	SRR2314045	1.007491229092778
PRELID1P4	SRR3493774	2
PRELID1P4	SRR3493775	2
PRELID1P4	SRR3493776	1.83809618602104
PRELID1P4	SRR3493777	1.0006453033029128
PRELID1P4	SRR3493778	3
PRELID1P4	SRR3493779	2.006699729492319
PRELID1P4	SRR3493780	1.0498142493709828
PRELID1P4	SRR3493781	1
PRELID1P4	SRR3493782	4.033063241677594
PRELID1P4	SRR3493783	1.0025837127848007
PRELID1P4	SRR3493784	1.0206706748019738
PRELID1P4	SRR3493785	1.000825380374255
PRELID1P4	SRR3493786	1.0406653004374282
PRELID1P4	SRR3493787	2
PRELID1P4	SRR3493788	2
PRELID1P4	SRR3493789	3.0546446220292163
PRELID1P4	SRR3493790	5
PRELID1P4	SRR3493791	1.0014405946684066
PRELID1P4	SRR3493792	2.001440076213531
PRELID1P4	SRR3493793	1.0095628196007407
PRELID1P4	SRR3493794	1.0030944157282213
PRELID1P4	SRR3493795	1.0036053788169974
PRELID1P4	SRR3493796	1.0081167478238944
PRELID1P4	SRR3493797	3
PRELID1P4	SRR3493798	1.010988724395538
PRELID1P4	SRR3493799	1
PRELID1P4	SRR3493800	2.014269819324483
PRELID1P4	SRR3493801	1.0089319232619702
PRELID1P4	SRR3493802	4
PRELID1P4	SRR3493803	3
PRELID1P4	SRR3493804	2.001440076213531
PRELID1P4	SRR3493805	1.002342020016362
PRELID1P4	SRR3493806	1
PRELID1P4	SRR3493807	2
PRELID1P4	SRR3493808	5.009685797132558
PRELID1P4	SRR3493809	1.0032306833661075
PRELID1P4	SRR3493810	4
PRELID1P4	SRR3493811	2
PRELID1P4	SRR3493812	2.001440076213531
PRELID1P4	SRR3493813	2.0036021349729065
PRELID1P4	SRR3493814	1
PRELID1P4	SRR3493815	0.740058073222207
PRELID1P4	SRR3493816	2
PRELID1P4	SRR3493817	1.0028083682939712
PRELID1P4	SRR3493818	2.0069027627376856
PRELID1P4	SRR3493819	2
PRELID1P4	SRR3493820	4.487497038549607
PRELID1P4	SRR3493821	1.0115011358570332
PRELID1P4	SRR3493822	1
PRELID1P4	SRR3493823	2.360402149887466
PRELID1P4	SRR3493824	3.113009708030531
PRELID1P4	SRR3493825	1.0012910230221785
PRELID1P4	SRR3493826	3.002160114320297
PRELID1P4	SRR3493827	3
PRELID1P4	SRR3493828	2
PRELID1P4	SRR3493829	2.004684040032724
PRELID1P4	SRR3493830	1.242038493013751
PRELID1P4	SRR3493831	1.0044169063073385
PRELID1P4	SRR3493832	4.000719843767808
PRELID1P4	SRR3493833	0.6422865251548932
PRELID1P4	SRR3493834	5
PRELID1P4	SRR3493835	1.0050511673749054
PRELID1P4	SRR3493836	3
PRELID1P4	SRR3493837	3.0019359099087386
PRELID1P4	SRR3493838	1
PRELID1P4	SRR3493839	1.0081612135148976
PRELID1P4	SRR3493840	1.0191397315498472
PRELID1P4	SRR3493841	3.00648501017469
PRELID1P4	SRR3493846	1.0227563759529175
PRELID1P4	SRR3493847	2.0732531422191256
PRELID1P4	SRR3493848	2.000359921883904
PRELID1P4	SRR3493849	1.2383647556462551
PRELID1P4	SRR3493850	2
PRELID1P4	SRR3714631	3
PRELID1P4	SRR3714632	4.022130700199524
PRELID1P4	SRR3714633	7.079600483328716
PRELID1P4	SRR3714634	8.05005357514812
PRELID1P4	SRR3714635	8
PRELID1P4	SRR3714636	3
PRELID1P4	SRR3714637	4
PRELID1P4	SRR3714638	9
PRELID1P4	SRR3714639	4.027328921756996
PRELID1P4	SRR3714640	15.563206562363213
PRELID1P4	SRR3714641	6.944096544739558
PRELID1P4	SRR3714642	9.952494003417373
PRELID1P4	SRR3714643	4.556466866483436
PRELID1P4	SRR3714644	8.891046638786731
PRELID1P4	SRR3714645	5.031336804331319
PRELID1P4	SRR3714646	9.001619648477568
PRELID1P4	SRR3714648	6.808948591426862
PRELID1P4	SRR3714649	4.753520537412365
PRELID1P4	SRR3714650	11.073286771301541
PRELID1P4	SRR3714651	3.2245241893761833
PRELID1P4	SRR3714652	8.80067857778748
PRELID1P4	SRR3714653	14
PRELID1P4	SRR3714654	14
PRELID1P4	SRR3714655	15.008099699842592
PRELID1P4	SRR3714656	8.147058464817153
PRELID1P4	SRR3714657	11.185518171072752
PRELID1P4	SRR3714658	9.300786575123054
PRELID1P4	SRR3714659	6.255993473392365
PRELID1P4	SRR3714660	8
PRELID1P4	SRR3714661	7
PRELID1P4	SRR3714662	2.021573126896141
PRELID1P4	SRR3714663	10.005399799895061
PRELID1P4	SRR3714664	10.66372928753899
PRELID1P4	SRR3714665	6
PRELID1P4	SRR3714666	1
PRELID1P4	SRR3714667	1.5516930031529872
PRELID1P4	SRR3714668	15
PRELID1P4	SRR3714669	7.034025299313589
PRELID1P4	SRR3714670	7.092252402378529
PRELID1P4	SRR3714671	12.012065878229242
PRELID1P4	SRR3714672	3.0075265163994067
PRELID1P4	SRR3714673	7.363318111570783
PRELID1P4	SRR3714674	4.027467560593601
PRELID1P4	SRR3714675	3.718392614157936
PRELID1P4	SRR3714676	2
PRELID1P4	SRR3714677	22.048230902201087
PRELID1P4	SRR3714678	6.730744430523251
PRELID1P4	SRR3714679	4.0054632242105885
PRELID1P4	SRR3714680	20.028476322477403
PRELID1P4	SRR3714681	12.039097491196125
PRELID1P4	SRR3714682	2.7755685613948917
PRELID1P4	SRR3714683	11.021030753129446
PRELID1P4	SRR3714684	4.669910651609066
PRELID1P4	SRR3714685	20.03172187612139
PRELID1P4	SRR3714686	6.825454531864573
PRELID1P4	SRR3714688	4.028860747636073
PRELID1P4	SRR3714689	0.7651409664245631
PRELID1P4	SRR3714690	12.57542730773824
PRELID1P4	SRR3714691	7
PRELID1P4	SRR3714692	5.8207194628457115
PRELID1P4	SRR3714693	4.036250283456161
PRELID1P4	SRR3714694	15.785712281715387
PRELID1P4	SRR3714695	6.372905572446831
PRELID1P4	SRR3714696	4
PRELID1P4	SRR3714697	3.026824346616432
PRELID1P4	SRR3714698	1.0129099016527614
PRELID1P4	SRR3714699	7.388192835893817
PRELID1P4	SRR3714700	6.4543023790486735
PRELID1P4	SRR3714701	4.461763052962284
PRELID1P4	SRR3714702	7.700957476480128
PRELID1P4	SRR3714703	11.009901414901991
PRELID1P4	SRR3714704	3.612600938279791
PRELID1P4	SRR3714705	12.531260970353108
PRELID1P4	SRR3714706	3.1045875486506063
PRELID1P4	SRR3714707	16.007444138121265
PRELID1P4	SRR3714708	1.0229861853499778
PRELID1P4	SRR3714709	1.7731831578053763
PRELID1P4	SRR3714710	15.826916355087947
PRELID1P4	SRR3714711	2.681771525602108
PRELID1P4	SRR3714712	14
PRELID1P4	SRR3714713	3
PRELID1P4	SRR3714714	13
PRELID1P4	SRR3714715	11.05057428331901
PRELID1P4	SRR3714716	8
PRELID1P4	SRR3714717	3
PRELID1P4	SRR3714718	4
PRELID1P4	SRR3714719	7.411170271053799
PRELID1P4	SRR3714720	4.861146104167144
PRELID1P4	SRR3714721	7.097926712182623
PRELID1P4	SRR3714723	12.160427009832345
PRELID1P4	SRR3714724	5.013868030362618
PRELID1P4	SRR3714725	1.0122888422733813
PRELID1P4	SRR3714726	6.659989198857317
PRELID1P4	SRR3714727	4.689633241394966
PRELID1P4	SRR3714728	10.080722840940833
PRELID1P4	SRR3714729	2.0516186115117376
PRELID1P4	SRR3714730	5.618454776402869
PRELID1P4	SRR3714731	9.001619648477568
PRELID1P4	SRR3714732	1.0863331538908576
PRELID1P4	SRR3714734	7.4980951742566075
PRELID1P4	SRR3714735	12.866373850596206
PRELID1P4	SRR3714736	10.024107628705462
PRELID1P4	SRR3714737	8
PRELID1P4	SRR3714738	4.511355485727103
PRELID1P4	SRR3714739	14.203859295563353
PRELID1P4	SRR3714740	23.949327009630558
PRELID1P4	SRR3714741	10.009581117215417
PRELID1P4	SRR3714744	2.82296863522108
PRELID1P4	SRR3714745	1.0402451473540792
PRELID1P4	SRR3714746	3.0250671315392013
PRELID1P4	SRR3714747	9.389042323014117
PRELID1P4	SRR3714748	3.803146344444679
PRELID1P4	SRR3714749	3.0617327072824274
PRELID1P4	SRR3714750	6.931115368457716
PRELID1P4	SRR3714751	5.004126901871276
PRELID1P4	SRR3714752	5
PRELID1P4	SRR3714753	6.045391860439252
PRELID1P4	SRR3714754	9
PRELID1P4	SRR3714755	6.202593116061101
PRELID1P4	SRR3714756	2.042839491318789
PRELID1P4	SRR3714757	5.805572011177597
PRELID1P4	SRR3714758	19.7638442743753
PRELID1P4	SRR3714759	6.80807891020388
PRELID1P4	SRR3714760	4.002581213211651
PRELID1P4	SRR3714761	6.000748275875609
PRELID1P4	SRR3714762	12.085064858781584
PRELID1P4	SRR3714764	5
PRELID1P4	SRR3714765	5.9709421889840435
PRELID1P4	SRR3714766	13
PRELID1P4	SRR3714767	4.753007341158386
PRELID1P4	SRR3714768	9
PRELID1P4	SRR5176628	1.006808691572482
PRELID1P4	SRR5176629	3.0170486409269306
PRELID1P4	SRR5176630	2.00443945246922
PRELID1P4	SRR5176631	1.0095554363800798
PRELID1P4	SRR5176632	1.0028083682939712
PRELID1P4	SRR5176633	1.0063933941186642
PRELID1P4	SRR5176634	1.0395854398178583
PRELID1P4	SRR5176635	3.0182774971729325
PRELID1P4	SRR5176636	1.0259454268844617
PRELID1P4	SRR5176637	2.0590699833559802
PRELID1P4	SRR5176638	1.122472464979261
PRELID1P4	SRR5176639	1
PRELID1P4	SRR5176640	2.087965029424969
PRELID1P4	SRR5176641	2.0291349327039914
PRELID1P4	SRR5176642	2.0038130471001825
PRELID1P4	SRR5176643	1.0017262519502124
PRELID1P4	SRR5176644	1.000179960941952
PRELID1P4	SRR5176645	1.038132905050157
PRELID1P4	SRR5176646	2.036709908450168
PRELID1P4	SRR5176647	1.0057887449973542
PRELID1P4	SRR5176648	1.0028083682939712
PRELID1P4	SRR5176649	2.0132905456125236
PRELID1P4	SRR5176650	1.0238007506984588
PRELID1P4	SRR5176651	1.0158653061982168
PRELID1P4	SRR5176652	1.0055051719366213
PRELID1P4	SRR5176653	2.005338436406242
PRELID1P4	SRR5176654	2.0161511898194813
PRELID1P4	SRR5176655	1.00118563174329
PRELID1P4	SRR5176656	1.069687850829972
PRELID1P4	SRR5176657	1.0798186787512312
PRELID1P4	SRR5176658	1.001620814861132
PRELID1P4	SRR5176659	2.0042897588650046
PRELID1P4	SRR5176660	2.002249828003708
PRELID1P4	SRR5176661	1.005368595357641
PRELID1P4	SRR5176662	1.9347655012206502
PRELID1P4	SRR5176663	2.012547112822931
PRELID1P4	SRR5176664	1
PRELID1P4	SRR5176665	3.0261176877451983
PRELID1P4	SRR5176666	2.007588014702848
PRELID1P4	SRR5176667	1.0784326276989211
PRELID1P4	SRR5176668	2.008647813778638
PRELID1P4	SRR5176669	1.0094259876059126
PRELID1P4	SRR5176670	1.0063933941186642
PRELID1P4	SRR5176671	2.0035685658048163
PRELID1P4	SRR5176672	1.0054744269623506
PRELID1P4	SRR5176673	2.0095019359551936
PRELID1P4	SRR5176674	4.009191243940653
PRELID1P4	SRR5176675	1.0041780100330324
PRELID1P4	SRR5176676	5.091077274187064
PRELID1P4	SRR5176677	1.0014405946684066
PRELID1P4	SRR5176678	1.0221313973041704
PRELID1P4	SRR5176679	1.008843607004959
PRELID1P4	SRR5176680	1.0028083682939712
PRELID1P4	SRR5176681	2.0021605031148026
PRELID1P4	SRR5176682	2.0194280637777706
PRELID1P4	SRR5176683	2.008990324488326
PRELID1P4	SRR5176684	1.0026279344264644
PRELID1P4	SRR5176685	2.0058827252577025
PRELID1P4	SRR5176686	1.0042610311786755
PRELID1P4	SRR5176687	1.0044201455101487
PRELID1P4	SRR5176688	2.0261135944111177
PRELID1P4	SRR5176689	2.0146601567939557
PRELID1P4	SRR5176690	1.0250785821196775
PRELID1P4	SRR5176691	1.0009001286274537
PRELID1P4	SRR5176692	2.0193358503256547
PRELID1P4	SRR5176693	2.014509699897007
PRELID1P4	SRR5176694	2
PRELID1P4	SRR5176695	1.0138275958896568
PRELID1P4	SRR5176696	1.1276067886443841
PRELID1P4	SRR5176697	2.054218604019587
PRELID1P4	SRR5176698	1.164477770967963
PRELID1P4	SRR5176699	1.0242455710874605
PRELID1P4	SRR5176700	1.0887470529698755
PRELID1P4	SRR5176701	1.0339279043721292
PRELID1P4	SRR5176702	1
PRELID1P4	SRR5176703	1.0222386939864545
PRELID1P4	SRR5176704	1.0043587228536055
PRELID1P4	SRR5176705	4.0081575931224895
PRELID1P4	SRR5176706	1.0268731231539296
PRELID1P4	SRR5176707	2.0386595438967494
PRELID1P4	SRR5176708	1.0095002108494255
PRELID1P4	SRR5176709	2.0095019359551936
PRELID1P4	SRR5176710	2
PRELID1P4	SRR5176711	1.001902427405406
PRELID1P4	SRR5176712	2.024897863819215
PRELID1P4	SRR5176713	1.0086581533197898
PRELID1P4	SRR5176714	1.0597737530480678
PRELID1P4	SRR5176715	1.0012604069024411
PRELID1P4	SRR5176716	2.003929129891184
PRELID1P4	SRR5176717	1.006427797534363
PRELID1P4	SRR5176718	1.0085688845855312
PRELID1P4	SRR5176719	1.0023284588262065
PRELID1P4	SRR5176720	1
PRELID1P4	SRR5176721	2
PRELID1P4	SRR5176722	2.03879015023494
PRELID1P4	SRR5176723	1.0093325243947782
PRELID1P4	SRR5176724	1.0053169006142997
PRELID1P4	SRR5176725	1.0121298614748808
PRELID1P4	SRR5176726	1
PRELID1P4	SRR5176727	4.0022822963213285
PRELID1P4	SRR5176728	1.0243749333461307
PRELID1P4	SRR5176729	1.0018717925909741
PRELID1P4	SRR5176730	1.0063794832782318
PRELID1P4	SRR5176731	2.0090789363908557
PRELID1P4	SRR5176732	2
PRELID1P4	SRR5176733	1.00221972623461
PRELID1P4	SRR5176734	2.1612955584515516
PRELID1P4	SRR5176735	1.0023284588262065
PRELID1P4	SRR5176736	2.0038743188530233
PRELID1P4	SRR5176737	3.0086913814896197
PRELID1P4	SRR5176738	1.0106397277698875
PRELID1P4	SRR5176739	1.0078091324706568
PRELID1P4	SRR5176740	3.012216944649585
PRELID1P4	SRR5176741	1.0408847329279391
PRELID1P4	SRR5176742	1.010291833169212
PRELID1P4	SRR5176743	1.011462874490941
PRELID1P4	SRR5176744	2.026327416214279
PRELID1P4	SRR5176745	1.0088524506271404
PRELID1P4	SRR5176746	2.00443945246922
PRELID1P4	SRR5176747	5
PRELID1P4	SRR5176748	1.0012604069024411
PRELID1P4	SRR5176749	1.0161679489713202
PRELID1P4	SRR5176750	2.0318178777787947
PRELID1P4	SRR5176751	2.0071222281288614
PRELID1P4	SRR5176752	2.008944944675189
PRELID1P4	SRR5176753	1.002611135988753
PRELID1P4	SRR5176754	1.0052184370390407
PRELID1P4	SRR5176755	2.000930517265158
PRELID1P4	SRR5176756	1.0283814664958064
PRELID1P4	SRR5176757	2.110899992715643
PRELID1P4	SRR5176758	2.021881035169752
PRELID1P4	SRR5176759	1.026903890048256
PRELID1P4	SRR5176760	2.0113722471890014
PRELID1P4	SRR5176761	2.0116111933498324
PRELID1P4	SRR5176762	1.0740318196782621
PRELID1P4	SRR5176763	1.007431702583026
PRELID1P4	SRR5176764	1.0007200381067656
PRELID1P4	SRR5176765	3.0049543260038174
PRELID1P4	SRR5176766	1.0028083682939712
PRELID1P4	SRR5176767	1.0010054898524368
PRELID1P4	SRR5176768	1.0148664495753779
PRELID1P4	SRR5176769	4.011533058599248
PRELID1P4	SRR5176770	2.0045956219703265
PRELID1P4	SRR5176771	1.002412783311024
PRELID1P4	SRR5176772	1.0061984068651417
PRELID1P4	SRR5176773	1.0074020636341914
PRELID1P4	SRR5176774	2.0121995863561075
PRELID1P4	SRR5176775	2.0185019253173775
PRELID1P4	SRR5176776	2.0162334956477888
PRELID1P4	SRR5176777	2.0195631883268743
PRELID1P4	SRR5176778	1.005572915612441
PRELID1P4	SRR5176779	3.0151127085939917
PRELID1P4	SRR5176780	2.0059776692650537
PRELID1P4	SRR5176781	1.006184793499986
PRELID1P4	SRR5176782	1.0080091098205926
PRELID1P4	SRR5176783	1.0090657297142456
PRELID1P4	SRR5176784	2.008077339780291
PRELID1P4	SRR5176785	1.0017262519502124
PRELID1P4	SRR5176786	3
PRELID1P4	SRR5176787	2.014994864346568
PRELID1P4	SRR5176788	3.0793349913595414
PRELID1P4	SRR5176789	1.013949547608129
PRELID1P4	SRR5176790	1.0093226993929205
PRELID1P4	SRR5176791	2.0173483643568986
PRELID1P4	SRR5176792	3
PRELID1P4	SRR5176793	3.0266525099060924
PRELID1P4	SRR5176794	1.0044644481525995
PRELID1P4	SRR5176795	2.0082674400482907
PRELID1P4	SRR5176796	2.044476569696381
PRELID1P4	SRR5176797	3.020718112990796
PRELID1P4	SRR5176798	1.0052110855900878
PRELID1P4	SRR5176799	1
PRELID1P4	SRR5176800	1.0077542977076395
PRELID1P4	SRR5176801	2.0337238324144606
PRELID1P4	SRR5176802	2.0276690298961038
PRELID1P4	SRR5176803	2.00805605907214
PRELID1P4	SRR5176804	3.06337932230283
PRELID1P4	SRR5176805	1.0038166819322296
PRELID1P4	SRR5176806	2.0586632064565697
PRELID1P4	SRR5176807	2.0012906066058256
PRELID1P4	SRR5176808	4.001439817079379
PRELID1P4	SRR5176809	1.0014405946684066
PRELID1P4	SRR5176810	1
PRELID1P4	SRR5176811	3
PRELID1P4	SRR5176812	2.0021605031148026
PRELID1P4	SRR5176813	2.0021605031148026
PRELID1P4	SRR5176814	2
PRELID1P4	SRR5176815	2.027534134478128
PRELID1P4	SRR5176816	1.014024061573879
PRELID1P4	SRR5176817	1.0051501237216312
PRELID1P4	SRR5176818	1.002447533024164
PRELID1P4	SRR5176819	2.105050215598546
PRELID1P4	SRR5176820	1.0220622993353137
PRELID1P4	SRR5176821	5.04481239182089
PRELID1P4	SRR5176822	1.0288326159382661
PRELID1P4	SRR5176823	1.0037302716009715
PRELID1P4	SRR5176824	2.0111605394151586
PRELID1P4	SRR5176825	2.0021605031148026
PRELID1P4	SRR5176826	2.0161203927171782
PRELID1P4	SRR5176827	2.0074834317356487
PRELID1P4	SRR5176828	2.0078724540976154
PRELID1P4	SRR5176829	1.0026585923618834
PRELID1P4	SRR5176830	1.0003599542698447
PRELID1P4	SRR5176831	1.0050818994069226
PRELID1P4	SRR5176832	2.0196440095282537
PRELID1P4	SRR5176833	3.017039794998227
PRELID1P4	SRR5176834	3.01140536032657
PRELID1P4	SRR5176835	3.0104585012582916
PRELID1P4	SRR5176836	1.000825380374255
PRELID1P4	SRR5176837	2.1017306265743585
PRELID1P4	SRR5176838	1.0246586529675596
PRELID1P4	SRR5176839	1.040250778085957
PRELID1P4	SRR5176840	2.000930517265158
PRELID1P4	SRR5176841	2.0269964506507434
PRELID1P4	SRR5176842	2.0122737509274606
PRELID1P4	SRR5176843	1.0076160966243792
PRELID1P4	SRR5176844	1.002883264649812
PRELID1P4	SRR5176845	1.0144079175752987
PRELID1P4	SRR5176846	2.0088674700003395
PRELID1P4	SRR5176847	2.039624375839611
PRELID1P4	SRR5176848	1.0084182482829835
PRELID1P4	SRR5176849	1.0192261891808638
PRELID1P4	SRR5176850	2.026963135762731
PRELID1P4	SRR5176851	1.0010455492408952
PRELID1P4	SRR5176852	1.0219393534398167
PRELID1P4	SRR5176853	1.002447533024164
PRELID1P4	SRR5176854	2.092812664640777
PRELID1P4	SRR5176855	1.0022671640812284
PRELID1P4	SRR5176856	1.015767846289757
PRELID1P4	SRR5176857	2.0069322362652953
PRELID1P4	SRR5176858	2.0136895159246357
PRELID1P4	SRR5176859	2.003513764628727
PRELID1P4	SRR5176860	4
PRELID1P4	SRR5176861	4.007626094200365
PRELID1P4	SRR5176862	2.011541461109874
PRELID1P4	SRR5176863	4.009790132096656
PRELID1P4	SRR5176864	2.009606624079505
PRELID1P4	SRR5176865	2.0038130471001825
PRELID1P4	SRR5176866	1
PRELID1P4	SRR5176867	2.008410953690105
PRELID1P4	SRR5176868	2.0691884163787044
PRELID1P4	SRR5176869	1.002447533024164
PRELID1P4	SRR5176870	2.008990324488326
PRELID1P4	SRR5176871	1.0033885602826702
PRELID1P4	SRR5176872	1.0190046497146266
PRELID1P4	SRR5861974	1.0130433677592323
PRELID1P4	SRR5861975	2.018046314660707
PRELID1P4	SRR5861976	1.0399586289520686
PRELID1P4	SRR5861977	2
PRELID1P4	SRR5861978	1.0048260094196193
PRELID1P4	SRR5861979	1.0093120030410565
PRELID1P4	SRR5861980	2
PRELID1P4	SRR5861981	3.0593447764175745
PRELID1P4	SRR5861982	1.2333293129099616
PRELID1P4	SRR5861983	1.001620814861132
PRELID1P4	SRR5861984	1.0080145694811098
PRELID1P4	SRR5861985	1.016870477919848
PRELID1P4	SRR5861986	2.0039627051004136
PRELID1P4	SRR5861987	1.0125418094627725
PRELID1P4	SRR5861988	2.034128828215953
PRELID1P4	SRR5861989	2.024649655071217
PRELID1P4	SRR5861990	3.0089542021889244
PRELID1P4	SRR5861991	5
PRELID1P4	SRR5861992	1
PRELID1P4	SRR5861993	2.007388416459746
PRELID1P4	SRR5861994	1
PRELID1P4	SRR5861995	1.0086700213995727
PRELID1P4	SRR5861996	2.0082609634900845
PRELID1P4	SRR5861997	1.025339219737338
PRELID1P4	SRR5861998	2.011399460425618
PRELID1P4	SRR5861999	1.026742644639398
PRELID1P4	SRR5862000	1.0003599542698447
PRELID1P4	SRR5862001	2
PRELID1P4	SRR5862002	1.0010802515574013
PRELID1P4	SRR5862003	1.002412783311024
PRELID1P4	SRR5862004	1.005509961707591
PRELID1P4	SRR5862005	2.0104983483715184
PRELID1P4	SRR5862006	2.0074834317356487
PRELID1P4	SRR5862007	1.008386543590015
PRELID1P4	SRR5862008	2.0079674922843656
PRELID1P4	SRR5862009	1.0035304285329265
PRELID1P4	SRR5862010	2.1025224311328334
PRELID1P4	SRR5862011	1.0355123965079929
PRELID1P4	SRR5862012	1.006981535073958
PRELID1P4	SRR5862013	1.0206507030732106
PRELID1P4	SRR5862014	2.0097098333559456
PRELID1P4	SRR5862015	2
PRELID1P4	SRR5862016	2.0083288480056862
PRELID1P4	SRR5862017	2.0163840812891958
PRELID1P4	SRR5862018	4.015922033386952
PRELID1P4	SRR5862019	2.0157753054039076
PRELID1P4	SRR5862020	1.003363733709208
PRELID1P4	SRR5862021	1.0059502686096389
PRELID1P4	SRR5862022	1.004809174154462
PRELID1P4	SRR5862023	2.014966412666265
PRELID1P4	SRR5862024	1.0026860176139818
PRELID1P4	SRR5862025	1
PRELID1P4	SRR5862026	3.023014118754976
PRELID1P4	SRR5862027	1.0005399799895063
PRELID1P4	SRR5862028	1.1262536898298274
PRELID1P4	SRR5862029	1.02024518939608
PRELID1P4	SRR5862030	2.0054669550629356
PRELID1P4	SRR5862031	2.0138120753271975
PRELID1P4	SRR5862032	1.0733161679094974
PRELID1P4	SRR5862033	1.0014986090722051
PRELID1P4	SRR5862034	1.2455161624992859
PRELID1P4	SRR5862035	3.0197356711882
PRELID1P4	SRR5862036	2.034687078453151
PRELID1P4	SRR5862037	2.1085929146945075
PRELID1P4	SRR5862038	2.158189012575337
PRELID1P4	SRR5862039	2.0034525039004247
PRELID1P4	SRR5862040	1.0064209215270505
PRELID1P4	SRR5862041	1.0053378545594238
PRELID1P4	SRR5862042	1.0088120788256298
PRELID1P4	SRR5862043	3
PRELID1P4	SRR5862044	3.0040974181579414
PRELID1P4	SRR5862045	1.0041611856247215
PRELID1P4	SRR5862046	5.038924085729627
PRELID1P4	SRR5862047	2.0174091509640406
PRELID1P4	SRR5862048	1.2470733792685733
PRELID1P4	SRR5862049	1.0154319201015636
PRELID1P4	SRR5862050	1.0032749335441427
PRELID1P4	SRR5862051	1.004672692112038
PRELID1P4	SRR5862052	3.0103664515386606
PRELID1P4	SRR5862053	2.0052558688529287
PRELID1P4	SRR5862054	1.0260159995067561
PRELID1P4	SRR5862055	1.022637922005436
PRELID1P4	SRR5862056	1.0326488670033724
PRELID1P4	SRR5862057	1.0076559805417438
PRELID1P4	SRR5862058	1.0022671640812284
PRELID1P4	SRR5862059	1.0276203307721452
PRELID1P4	SRR5862060	1.0090831474448634
PRELID1P4	SRR5862061	1.0035611140644307
PRELID1P4	SRR5862062	2.0010799599790126
PRELID1P4	SRR5862063	1.0119474539360775
PRELID1P4	SRR5862064	1.0019371594265116
PRELID1P4	SRR5862065	1.0025183037678282
PRELID1P4	SRR5862066	2.0180483651368526
PRELID1P4	SRR5862067	1.2340297724805442
PRELID1P4	SRR5862068	1.0047202460643523
PRELID1P4	SRR5862069	1.0021269302544924
PRELID1P4	SRR5862070	1.0132753777637182
PRELID1P4	SRR5862071	1.2517458229536382
PRELID1P4	SRR5862072	1.2634612941586179
PRELID1P4	SRR5862073	2.0037182055455687
PRELID1P4	SRR5862074	1.0050281404219858
PRELID1P4	SRR5862075	2.0135663740700305
PRELID1P4	SRR5862076	1.240670619317905
PRELID1P4	SRR5862077	2.00784815788811
PRELID1P4	SRR5862078	1.0774391300279966
PRELID1P4	SRR5862079	1.0101026655898993
PRELID1P4	SRR5862080	2.0366524423420675
PRELID1P4	SRR5862081	2.0034525039004247
PRELID1P4	SRR5862082	3.0112570595629298
PRELID1P4	SRR5862083	3
PRELID1P4	SRR5862084	1.0068169239958968
PRELID1P4	SRR5862085	1
PRELID1P4	SRR5862086	1.0247352824726355
PRELID1P4	SRR5862087	2.0235072508707144
PRELID1P4	SRR5862088	1.121721315480128
PRELID1P4	SRR5862089	2.0245061359246903
PRELID1P4	SRR5862090	2.003418937239314
PRELID1P4	SRR5862091	1.013801038227387
PRELID1P4	SRR5862092	1.0205242153246368
PRELID1P4	SRR5862093	4.000719843767808
PRELID1P4	SRR5862094	1.004945674737599
PRELID1P4	SRR5862095	1.0873315399586785
PRELID1P4	SRR5862096	2.00432334011646
PRELID1P4	SRR5862097	2.0104983483715184
PRELID1P4	SRR5862098	3.815231691354998
PRELID1P4	SRR5862099	1.0223775623222773
PRELID1P4	SRR5862100	1.0026279344264644
PRELID1P4	SRR5862101	1.0581490093852495
PRELID1P4	SRR5862102	1.0057821343320803
PRELID1P4	SRR5862103	1.0233035627864664
PRELID1P4	SRR5862104	2.0082674400482907
PRELID1P4	SRR5862105	2.0220129522135095
PRELID1P4	SRR5862106	2.0085060173655385
PRELID1P4	SRR5862107	3
PRELID1P4	SRR5862108	2.013695420040955
PRELID1P4	SRR5862109	2.0036021349729065
PRELID1P4	SRR5862110	1.0079096360319266
PRELID1P4	SRR5862111	2.029096023518285
PRELID1P4	SRR5862112	2.0074220496282456
PRELID1P4	SRR5862113	2.0173483643568986
PRELID1P4	SRR5862114	3.0139268007611015
PRELID1P4	SRR5862115	1.006604989330596
PRELID1P4	SRR5862116	1.0254857038474403
PRELID1P4	SRR5862117	1.0032581242663439
PRELID1P4	SRR5862118	1.008264382868182
PRELID1P4	SRR5862119	2.00814462976639
PRELID1P4	SRR5862120	1.0009001286274537
PRELID1P4	SRR5862121	1.0014405946684066
PRELID1P4	SRR5862122	2.0040787965612448
PRELID1P4	SRR5862123	4.009068656324914
PRELID1P4	SRR5862124	2.0063386668959495
PRELID1P4	SRR5862125	2
PRELID1P4	SRR5862126	2.0018002572549074
PRELID1P4	SRR5862127	1.0037110248141228
PRELID1P4	SRR5862128	2.007388416459746
PRELID1P4	SRR5862129	1.0783123695394767
PRELID1P4	SRR5862130	1.0061676406940727
PRELID1P4	SRR5862131	1.0022671640812284
PRELID1P4	SRR5862132	2.0018002572549074
PRELID1P4	SRR5862133	2.0018002572549074
PRELID1P4	SRR5862134	1.000179960941952
PRELID1P4	SRR5862135	2.0249917074331294
PRELID1P4	SRR5862136	2.0007199085396894
PRELID1P4	SRR5862137	1.00216167005823
PRELID1P4	SRR5862138	2.0035326803659137
PRELID1P4	SRR5862139	1.0013216400780827
PRELID1P4	SRR5862140	1.0032442567630784
PRELID1P4	SRR5862141	1.0042837163090255
PRELID1P4	SRR5862142	1.0026860176139818
PRELID1P4	SRR5862143	2.0007199085396894
PRELID1P4	SRR5862144	5.027901348537897
PRELID1P4	SRR5862145	1.0032749335441427
PRELID1P4	SRR5862146	2.0267467971163846
PRELID1P4	SRR5862147	2.0143249147059117
PRELID1P4	SRR5862148	2
PRELID1P4	SRR5862149	3.017058370783502
PRELID1P4	SRR5862150	1.0024033193392368
PRELID1P4	SRR5862151	1.012046576634804
PRELID1P4	SRR5862152	1.0238846982116432
PRELID1P4	SRR5862153	2.0406895307938524
PRELID1P4	SRR5862154	2
PRELID1P4	SRR5862155	1.0062123152026168
PRELID1P4	SRR5862156	2.050544530591609
PRELID1P4	SRR5862157	1.025782636703574
PRELID1P4	SRR5862158	4.002159919958025
PRELID1P4	SRR5862159	1.005836351775555
PRELID1P4	SRR5862160	1.0378044312625647
PRELID1P4	SRR5862161	3.008159733135259
PRELID1P4	SRR5862162	2.0065162485326877
PRELID1P4	SRR5862163	3.0101416342693805
PRELID1P4	SRR5862164	2.1000646408285872
PRELID1P4	SRR5862165	2.0085887187455684
PRELID1P4	SRR5862166	1.0042530086827692
PRELID1P4	SRR5862167	1.002086827591817
PRELID1P4	SRR5862168	1.0016514420012725
PRELID1P4	SRR5862169	1.003631963424637
PRELID1P4	SRR5862170	1.0108445605752712
PRELID1P4	SRR5862171	4.006728280311666
PRELID1P4	SRR5862172	1.0017262519502124
PRELID1P4	SRR5862173	3.074353526402244
PRELID1P4	SRR5862174	3.0843805869204477
PRELID1P4	SRR5862175	1.0048260094196193
PRELID1P4	SRR5862176	5.085674652927297
PRELID1P4	SRR5862177	1.0318682832320207
PRELID1P4	SRR5862178	2.0570702848294458
PRELID1P4	SRR5862179	2.0112044054211045
PRELID1P4	SRR5862180	1.163410651901285
PRELID1P4	SRR5862181	1.0208867172468703
PRELID1P4	SRR5862182	1.0091326280382285
PRELID1P4	SRR5862183	1.0048842199437062
PRELID1P4	SRR5862184	2.0534473384305447
PRELID1P4	SRR5862185	3
PRELID1P4	SRR5862186	1.0072483532698095
PRELID1P4	SRR5862187	1.0074072425695189
PRELID1P4	SRR5862188	1.0388632588888775
PRELID1P4	SRR5862189	1.0080998574243627
PRELID1P4	SRR5862190	1.0013216400780827
PRELID1P4	SRR5862191	2.023022092363927
PRELID1P4	SRR5862192	2.0895056878340434
PRELID1P4	SRR5862193	2.0071222281288614
PRELID1P4	SRR5862194	2.0103754016643216
PRELID1P4	SRR5862195	2.0125359611158165
PRELID1P4	SRR5862196	1
PRELID1P4	SRR5862197	1
PRELID1P4	SRR5862198	1.1006263597390016
PRELID1P4	SRR5862199	1.002447533024164
PRELID1P4	SRR5862200	1.002117468981499
PRELID1P4	SRR5862201	0.8441700716906629
PRELID1P4	SRR5862202	1.0211835799356648
PRELID1P4	SRR5862203	1.033482189187862
PRELID1P4	SRR5862204	3
PRELID1P4	SRR5862205	1
PRELID1P4	SRR5862206	2.0355484772497894
PRELID1P4	SRR5862207	1.0052627748922789
PRELID1P4	SRR5862208	2.0378547422718807
PRELID1P4	SRR5862209	1.0111265812321877
PRELID1P4	SRR5862210	3
PRELID1P4	SRR5862211	2.0643536587889706
PRELID1P4	SRR5862212	1.0087809371964969
PRELID1P4	SRR5862213	2.009149939796073
PRELID1P4	SRR5862214	2.0053974358121973
PRELID1P4	SRR5862215	1.00237266920921
PRELID1P4	SRR5862216	1.0035611140644307
PRELID1P4	SRR5862217	2.012875567593067
PRELID1P4	SRR5862218	1.0009001286274537
PRELID1P4	SRR5862219	1.022945581707591
PRELID1P4	SRR5862220	2.008928896305199
PRELID1P4	SRR5862221	4
PRELID1P4	SRR5862222	2.006461366732215
PRELID1P4	SRR5862223	2.0859682846606002
PRELID1P4	SRR5862224	3.022934929563117
PRELID1P4	SRR5862225	4.010495341329595
PRELID1P4	SRR5862226	1.0010802515574013
PRELID1P4	SRR5862227	1
PRELID1P4	SRR5862228	2.0177938975365746
PRELID1P4	SRR5862229	2.01167270355111
PRELID1P4	SRR5862230	3.0156969954921804
PRELID1P4	SRR5862231	2.0040787965612448
PRELID1P4	SRR5862232	2.029668736143686
PRELID1P4	SRR5862233	1.0027334775314678
PRELID1P4	SRR5862234	1.0057748425146649
PRELID1P4	SRR5862235	1.0009001286274537
PRELID1P4	SRR5862236	4.008469875925996
PRELID1P4	SRR5862237	1.030696233812855
PRELID1P4	SRR5862238	2.00165076074851
PRELID1P4	SRR5862239	2.015287622615724
PRELID1P4	SRR5862240	1.0027028173063115
PRELID1P4	SRR5862241	1.0061466694539738
PRELID1P4	SRR5862242	1.0068340878705722
PRELID1P4	SRR5862243	2.0110169486422045
PRELID1P4	SRR5862244	1.014062871686957
PRELID1P4	SRR5862245	1.0179113233903831
PRELID1P4	SRR5862246	2.0037677842332933
PRELID1P4	SRR5862247	1.0054744269623506
PRELID1P4	SRR5862248	1.0007200381067656
PRELID1P4	SRR5862249	1.014824489514172
PRELID1P4	SRR5862250	2.0210593469865143
PRELID1P4	SRR5862251	1.0100832966107522
PRELID1P4	SRR5862252	1.0025224024304422
PRELID1P4	SRR5862253	1.0076222154653056
PRELID1P4	SRR5862254	2.0139008999059707
PRELID1P4	SRR5862255	1.0077540024677532
PRELID1P4	SRR5862256	1.0154304835599302
PRELID1P4	SRR5862257	1.0133332028501592
PRELID1P4	SRR5862258	2.005106114277896
PRELID1P4	SRR5862259	1.0134145129264618
PRELID1P4	SRR5862260	1.0641135195805316
PRELID1P4	SRR5862261	2.0324243801937185
PRELID1P4	SRR5862262	1.0096833750182226
PRELID1P4	SRR5862263	2.090045437912916
PRELID1P4	SRR5862264	2.0113107461746704
PRELID1P4	SRR5862265	1.00118563174329
PRELID1P4	SRR5862266	1.0054268373142463
PRELID1P4	SRR5862267	1.0548744221196733
PRELID1P4	SRR5862268	1.0048260094196193
PRELID1P4	SRR5862269	1.0038780714396673
PRELID1P4	SRR5862270	1.00221972623461
PRELID1P4	SRR5862271	1.0058638639474222
PRELID1P4	SRR5862272	3.0331381883500113
PRELID1P4	SRR5862273	2.0066301675076152
PRELID1P4	SRR5862274	2.0090789363908557
PRELID1P4	SRR5862275	1.0127963981370376
PRELID1P4	SRR5862276	2.0342651494955435
PRELID1P4	SRR5862277	2.024815797504232
PRELID1P4	SRR5949109	1.1543930374941627
PRELID1P4	SRR5949110	1.1528629477900991
PRELID1P4	SRR5949111	1.1543861423812125
PRELID1P4	SRR5949112	1.1544080735423528
PRELID1P4	SRR5949113	1.1538715423531325
PRELID1P4	SRR5949114	1.1544080735423528
PRELID1P4	SRR5949115	1.1543930374941627
PRELID1P4	SRR5949116	1.154328975937927
PRELID1P4	SRR5949117	1.1544080735423528
PRELID1P4	SRR5949118	1.1542881659876676
PRELID1P4	SRR5949119	1.1544066367558048
PRELID1P4	SRR5949120	1.1542612816136126
PRELID1P4	SRR5949121	1.1542612816136126
PRELID1P4	SRR5949122	1.1542193125787963
PRELID1P4	SRR5949123	1.154119770897195
PRELID1P4	SRR5949124	1.1536303593625774
PRELID1P4	SRR5949125	1.1538715423531325
PRELID1P4	SRR5949126	1.1542193125787963
PRELID1P4	SRR5949127	1.1542612816136126
PRELID1P4	SRR5949128	1.1542612816136126
PRELID1P4	SRR5949129	1.1544066367558048
PRELID1P4	SRR5949130	1.1543861423812125
PRELID1P4	SRR5949131	1.1541454974839138
PRELID1P4	SRR5949132	1.1543930374941627
PRELID1P4	SRR5949133	1.154243037085462
PRELID1P4	SRR5949134	1.1544080735423528
PRELID1P4	SRR5949135	1.1543244711383844
PRELID1P4	SRR5949136	1.1544018504729736
PRELID1P4	SRR5949137	1.1537285180296166
PRELID1P4	SRR5949138	1.154127700715507
PRELID1P4	SRR5949139	1.1542342444976637
PRELID1P4	SRR5949140	1.1543861423812125
PRELID1P4	SRR5949141	1.1544066367558048
PRELID1P4	SRR5949142	1.1543861423812125
PRELID1P4	SRR5949143	1.1544080735423528
PRELID1P4	SRR5949144	1.154243037085462
PRELID1P4	SRR5949145	1.1542881659876676
PRELID1P4	SRR5949146	1.1542763738511965
PRELID1P4	SRR5949147	1.1542763738511965
PRELID1P4	SRR5949148	1.1535426695350546
PRELID1P4	SRR5949149	1.1542881659876676
PRELID1P4	SRR5949150	1.1544066367558048
PRELID1P4	SRR5949151	1.1540843659274789
PRELID1P4	SRR5949152	1.1521642390280358
PRELID1P4	SRR5949153	1.1542129775631536
PRELID1P4	SRR5949154	1.1532523441137337
PRELID1P4	SRR5949155	1.1542881659876676
PRELID1P4	SRR5949156	1.1544066367558048
PRELID1P4	SRR5949157	1.1543930374941627
PRELID1P4	SRR5949158	1.1544080735423528
PRELID1P4	SRR5949159	1.1533709738650642
PRELID1P4	SRR5949160	1.1543930374941627
PRELID1P4	SRR5949161	1.1543861423812125
PRELID1P4	SRR5949162	1.1543930374941627
PRELID1P4	SRR5949163	1.1544066367558048
PRELID1P4	SRR5949164	1.1544080735423528
PRELID1P4	SRR5949165	1.154328975937927
PRELID1P4	SRR5949166	1.1544066367558048
PRELID1P4	SRR5949167	1.1542881659876676
PRELID1P4	SRR5949168	1.1543244711383844
PRELID1P4	SRR5949169	1.1496389762158161
PRELID1P4	SRR5949170	1.1544080735423528
PRELID1P4	SRR5949171	1.1541360045743105
PRELID1P4	SRR5949172	1.1541312616794417
PRELID1P4	SRR5949173	1.1543930374941627
PRELID1P4	SRR5949174	1.1543244711383844
PRELID1P4	SRR5949175	1.1544080735423528
PRELID1P4	SRR5949176	1.1542612816136126
PRELID1P4	SRR5949177	1.153448318699057
PRELID1P4	SRR5949178	1.1542129775631536
PRELID1P4	SRR5949179	1.1543861423812125
PRELID1P4	SRR5949180	1.1544080735423528
PRELID1P4	SRR5949181	1.1544018504729736
PRELID1P4	SRR5949182	1.154243037085462
PRELID1P4	SRR5949183	1.1544066367558048
PRELID1P4	SRR5949184	1.154328975937927
PRELID1P4	SRR5949185	1.1541312616794417
PRELID1P4	SRR5949186	1.1537962707798937
PRELID1P4	SRR5949187	1.1543861423812125
PRELID1P4	SRR5949188	1.1543244711383844
PRELID1P4	SRR5949189	1.1542612816136126
PRELID1P4	SRR5949190	1.1542881659876676
PRELID1P4	SRR5949191	1.1541360045743105
PRELID1P4	SRR5949192	1.1544018504729736
PRELID1P4	SRR5949193	1.1544066367558048
PRELID1P4	SRR5949194	1.1543930374941627
PRELID1P4	SRR5949195	1.154328975937927
PRELID1P4	SRR5949196	1.1541454974839138
PRELID1P4	SRR5949197	1.153987572083333
PRELID1P4	SRR5949198	1.153664101949279
PRELID1P4	SRR5949199	1.1542193125787963
PRELID1P4	SRR5949200	1.1544066367558048
PRELID1P4	SRR5949201	1.1543244711383844
PRELID1P4	SRR5949202	1.1543861423812125
PRELID1P4	SRR5949203	1.1543930374941627
PRELID1P4	SRR5949204	1.1544080735423528
PRELID1P4	SRR5949205	1.1544080735423528
PRELID1P4	SRR5949206	1.154328975937927
PRELID1P4	SRR5949207	1.1543930374941627
PRELID1P4	SRR5949208	1.1542881659876676
PRELID1P4	SRR5949209	1.1543930374941627
PRELID1P4	SRR5949210	1.1543244711383844
PRELID1P4	SRR5949211	1.153987572083333
PRELID1P4	SRR5949212	1.1543244711383844
PRELID1P4	SRR5949213	1.1542193125787963
PRELID1P4	SRR5949214	1.1540843659274789
PRELID1P4	SRR5949215	1.1542612816136126
PRELID1P4	SRR5949216	1.1543861423812125
PRELID1P4	SRR5949217	1.1543861423812125
PRELID1P4	SRR5949218	1.154243037085462
PRELID1P4	SRR5949219	1.1542612816136126
PRELID1P4	SRR5949220	1.1541312616794417
PRELID1P4	SRR5949221	1.1540843659274789
PRELID1P4	SRR5949222	1.1542612816136126
PRELID1P4	SRR5949223	1.153448318699057
PRELID1P4	SRR5949224	1.1542881659876676
PRELID1P4	SRR5949225	1.1544018504729736
PRELID1P4	SRR5949226	1.1541312616794417
PRELID1P4	SRR5949227	1.1544018504729736
PRELID1P4	SRR5949228	1.1541312616794417
PRELID1P4	SRR5949229	1.154127700715507
PRELID1P4	SRR5949230	1.1544018504729736
PRELID1P4	SRR5949231	1.1540286696356532
PRELID1P4	SRR5949232	1.1531855179973023
PRELID1P4	SRR5949233	1.1534681238443258
PRELID1P4	SRR5949234	1.1542763738511965
PRELID1P4	SRR5949235	1.1541312616794417
PRELID1P4	SRR5949236	1.1524349692227331
PRELID1P4	SRR5949237	1.1540286696356532
PRELID1P4	SRR5949238	1.1537962707798937
PRELID1P4	SRR5949239	1.152631812552955
PRELID1P4	SRR5949240	1.1544066367558048
PRELID1P4	SRR5949241	1.1542881659876676
PRELID1P4	SRR5949242	1.1543244711383844
PRELID1P4	SRR5949243	1.1542129775631536
PRELID1P4	SRR5949244	1.1542193125787963
PRELID1P4	SRR5949245	1.1542342444976637
PRELID1P4	SRR5949246	1.1543244711383844
PRELID1P4	SRR5949247	1.1542763738511965
PRELID1P4	SRR5949248	1.154328975937927
PRELID1P4	SRR5949249	1.1543244711383844
PRELID1P4	SRR5949250	1.1544080735423528
PRELID1P4	SRR5949251	1.1541312616794417
PRELID1P4	SRR5949252	1.1543930374941627
PRELID1P4	SRR5949253	1.1539534513664238
PRELID1P4	SRR5949254	1.154099487946561
PRELID1P4	SRR5949255	1.1543244711383844
PRELID1P4	SRR5949256	1.1542342444976637
PRELID1P4	SRR5949257	1.1544066367558048
PRELID1P4	SRR5949258	1.1544066367558048
PRELID1P4	SRR5949259	1.154243037085462
PRELID1P4	SRR5949260	1.1544080735423528
PRELID1P4	SRR5949261	1.1544080735423528
PRELID1P4	SRR5949262	1.1542193125787963
PRELID1P4	SRR5949263	1.154328975937927
PRELID1P4	SRR5949264	1.1542612816136126
PRELID1P4	SRR5949265	1.1543930374941627
PRELID1P4	SRR5949266	1.1537626724135772
PRELID1P4	SRR5949267	1.1537779842987672
PRELID1P4	SRR5949268	1.1544018504729736
PRELID1P4	SRR5949269	1.1542612816136126
PRELID1P4	SRR5949270	1.1543244711383844
PRELID1P4	SRR5949271	1.154119770897195
PRELID1P4	SRR5949272	1.1544080735423528
PRELID1P4	SRR5949273	1.1544080735423528
PRELID1P4	SRR5949274	1.154328975937927
PRELID1P4	SRR5949275	1.154099487946561
PRELID1P4	SRR5949276	1.154328975937927
PRELID1P4	SRR5949277	1.1537779842987672
PRELID1P4	SRR5949278	1.1543861423812125
PRELID1P4	SRR5949279	1.1543861423812125
PRELID1P4	SRR5949280	1.1539394876265088
PRELID1P4	SRR5949281	1.1543244711383844
PRELID1P4	SRR5949282	1.1544080735423528
PRELID1P4	SRR5949283	1.154043329391819
PRELID1P4	SRR5949284	1.1544080735423528
PRELID1P4	SRR5949285	1.15317802952035
PRELID1P4	SRR5949286	1.1537626724135772
PRELID1P4	SRR5949287	1.1544080735423528
PRELID1P4	SRR5949288	1.1543861423812125
PRELID1P4	SRR5949289	1.1542342444976637
PRELID1P4	SRR5949290	1.1544080735423528
PRELID1P4	SRR5949291	1.1543244711383844
PRELID1P4	SRR5949292	1.1542763738511965
PRELID1P4	SRR5949293	1.1544080735423528
PRELID1P4	SRR5949294	1.1544066367558048
PRELID1P4	SRR5949295	1.1543861423812125
PRELID1P4	SRR5949296	1.154328975937927
PRELID1P4	SRR5949297	1.1543930374941627
PRELID1P4	SRR5949298	1.1541360045743105
PRELID1P4	SRR5949299	1.1542763738511965
PRELID1P4	SRR5949300	1.1544066367558048
PRELID1P4	SRR5949301	1.1544066367558048
PRELID1P4	SRR5949302	1.1542342444976637
PRELID1P4	SRR5949303	1.1541454974839138
PRELID1P4	SRR5949304	1.1543930374941627
PRELID1P4	SRR5949305	1.1537652995205527
PRELID1P4	SRR5949306	1.1543930374941627
PRELID1P4	SRR5949307	1.1542763738511965
PRELID1P4	SRR5949308	1.154328975937927
PRELID1P4	SRR5949309	1.154119770897195
PRELID1P4	SRR5949310	1.154119770897195
PRELID1P4	SRR5949311	1.1542763738511965
PRELID1P4	SRR5949312	1.1540148338403267
PRELID1P4	SRR5949313	1.1543244711383844
PRELID1P4	SRR5949314	1.1544066367558048
PRELID1P4	SRR5949315	1.1543244711383844
PRELID1P4	SRR5949316	1.1543861423812125
PRELID1P4	SRR5949317	1.1538444146289202
PRELID1P4	SRR5949318	1.1537833054890896
PRELID1P4	SRR5949319	1.1543930374941627
PRELID1P4	SRR5949320	1.1544080735423528
PRELID1P4	SRR5949321	1.154328975937927
PRELID1P4	SRR5949322	1.1541312616794417
PRELID1P4	SRR5949323	1.1543244711383844
PRELID1P4	SRR5949324	1.1544080735423528
PRELID1P4	SRR5949325	1.1543861423812125
PRELID1P4	SRR5949326	1.1542881659876676
PRELID1P4	SRR5949327	1.1537250692562184
PRELID1P4	SRR5949328	1.1543930374941627
PRELID1P4	SRR5949329	1.1544018504729736
PRELID1P4	SRR5949330	1.1543861423812125
PRELID1P4	SRR5949331	1.1544018504729736
PRELID1P4	SRR5949332	1.1544080735423528
PRELID1P4	SRR5949333	1.154243037085462
PRELID1P4	SRR5949334	1.1540148338403267
PRELID1P4	SRR5949335	1.1544066367558048
PRELID1P4	SRR5949336	1.154328975937927
PRELID1P4	SRR5949337	1.1544018504729736
PRELID1P4	SRR5949338	1.1543861423812125
PRELID1P4	SRR5949339	1.1543861423812125
PRELID1P4	SRR5949340	1.1541454974839138
PRELID1P4	SRR5949341	1.154243037085462
PRELID1P4	SRR5949342	1.1543930374941627
PRELID1P4	SRR5949343	1.1542612816136126
PRELID1P4	SRR5949344	1.1543930374941627
PRELID1P4	SRR5949345	1.1544018504729736
PRELID1P4	SRR5949346	1.1537070312898285
PRELID1P4	SRR5949347	1.1539830975965506
PRELID1P4	SRR5949348	1.1532222126984653
PRELID1P4	SRR5949349	1.1543861423812125
PRELID1P4	SRR5949350	1.1543244711383844
PRELID1P4	SRR5949351	1.1543244711383844
PRELID1P4	SRR5949352	1.154328975937927
PRELID1P4	SRR5949353	1.1543861423812125
PRELID1P4	SRR5949354	1.154118135098547
PRELID1P4	SRR5949355	1.1542763738511965
PRELID1P4	SRR5949356	1.1513016641508953
PRELID1P4	SRR5949357	1.1542763738511965
PRELID1P4	SRR5949358	1.1542881659876676
PRELID1P4	SRR5949359	1.1543861423812125
PRELID1P4	SRR5949360	1.154243037085462
PRELID1P4	SRR5949361	1.1542342444976637
PRELID1P4	SRR5949362	1.1524373005233322
PRELID1P4	SRR5949363	1.1544018504729736
PRELID1P4	SRR5949364	1.1541344162995835
PRELID1P4	SRR5949365	1.1539534513664238
PRELID1P4	SRR5949366	1.151926209413139
PRELID1P4	SRR5949367	1.1544080735423528
PRELID1P4	SRR5949368	1.1532936707463863
PRELID1P4	SRR5949369	1.1544066367558048
PRELID1P4	SRR5949370	1.1543930374941627
PRELID1P4	SRR5949371	1.154127700715507
PRELID1P4	SRR5949372	1.1543244711383844
PRELID1P4	SRR5949373	1.1544066367558048
PRELID1P4	SRR5949374	1.1541360045743105
PRELID1P4	SRR5949375	1.1544066367558048
PRELID1P4	SRR5949376	1.1544080735423528
PRELID1P4	SRR5949377	1.1543861423812125
PRELID1P4	SRR5949378	1.1544080735423528
PRELID1P4	SRR5949379	1.1543861423812125
PRELID1P4	SRR5949380	1.1535503567545762
PRELID1P4	SRR5949381	1.154099487946561
PRELID1P4	SRR5949382	1.1543861423812125
PRELID1P4	SRR5949383	1.1542193125787963
PRELID1P4	SRR5949384	1.1544066367558048
PRELID1P4	SRR5949385	1.1542129775631536
PRELID1P4	SRR5949386	1.1544080735423528
PRELID1P4	SRR5949387	1.1525536382806347
PRELID1P4	SRR5949388	1.1540976154898277
PRELID1P4	SRR5949389	1.1544080735423528
PRELID1P4	SRR5949390	1.1543244711383844
PRELID1P4	SRR5949391	1.154127700715507
PRELID1P4	SRR5949392	1.1544080735423528
PRELID1P4	SRR5949393	1.154127700715507
PRELID1P4	SRR5949394	1.154043329391819
PRELID1P4	SRR5949395	1.1543244711383844
PRELID1P4	SRR5949396	1.153448318699057
PRELID1P4	SRR5949397	1.1544066367558048
PRELID1P4	SRR5949398	1.1544018504729736
PRELID1P4	SRR5949399	1.1542881659876676
PRELID1P4	SRR5949400	1.148920661344423
PRELID1P4	SRR5949401	1.1544080735423528
PRELID1P4	SRR5949402	1.154328975937927
PRELID1P4	SRR5949403	1.1542612816136126
PRELID1P4	SRR5949404	1.154127700715507
PRELID1P4	SRR5949405	1.1543861423812125
PRELID1P4	SRR5949406	1.1544066367558048
PRELID1P4	SRR5949407	1.1543861423812125
PRELID1P4	SRR5949408	1.1543861423812125
PRELID1P4	SRR5949409	1.154328975937927
PRELID1P4	SRR5949410	1.1543244711383844
PRELID1P4	SRR5949411	1.1544080735423528
PRELID1P4	SRR5949412	1.1542193125787963
PRELID1P4	SRR5949413	1.154328975937927
PRELID1P4	SRR5949414	1.1543861423812125
PRELID1P4	SRR5949415	1.1543930374941627
PRELID1P4	SRR5949416	1.1542763738511965
PRELID1P4	SRR5949417	1.154243037085462
PRELID1P4	SRR5949418	1.1543861423812125
PRELID1P4	SRR5949419	1.1543930374941627
PRELID1P4	SRR5949420	1.1542612816136126
PRELID1P4	SRR5949421	1.154243037085462
PRELID1P4	SRR5949422	1.1542763738511965
PRELID1P4	SRR5949423	1.1542763738511965
PRELID1P4	SRR5949424	1.1544080735423528
PRELID1P4	SRR5949425	1.1542763738511965
PRELID1P4	SRR5949426	1.1544018504729736
PRELID1P4	SRR5949427	1.1542763738511965
PRELID1P4	SRR5949428	1.1544080735423528
PRELID1P4	SRR5949429	1.1540148338403267
PRELID1P4	SRR5949430	1.1543244711383844
PRELID1P4	SRR5949431	1.1543244711383844
PRELID1P4	SRR5949432	1.1543244711383844
PRELID1P4	SRR5949433	1.1542881659876676
PRELID1P4	SRR5949434	1.1542881659876676
PRELID1P4	SRR5949435	1.154099487946561
PRELID1P4	SRR5949436	1.1543930374941627
PRELID1P4	SRR5949437	1.1540843659274789
PRELID1P4	SRR5949438	1.1539394876265088
PRELID1P4	SRR5949439	1.1544066367558048
PRELID1P4	SRR5949440	1.1544018504729736
PRELID1P4	SRR5949441	1.1544018504729736
PRELID1P4	SRR5949442	1.1541454974839138
PRELID1P4	SRR5949443	1.1541312616794417
PRELID1P4	SRR5949444	1.1540976154898277
PRELID1P4	SRR5949445	1.1544080735423528
PRELID1P4	SRR5949446	1.1543930374941627
PRELID1P4	SRR5949447	1.1542763738511965
PRELID1P4	SRR5949448	1.1544080735423528
PRELID1P4	SRR5949449	1.1544080735423528
PRELID1P4	SRR5949450	1.1543244711383844
PRELID1P4	SRR5949451	1.154243037085462
PRELID1P4	SRR5949452	1.1543244711383844
PRELID1P4	SRR5949453	1.1542881659876676
PRELID1P4	SRR5949454	1.1543861423812125
PRELID1P4	SRR5949455	1.1542763738511965
PRELID1P4	SRR5949456	1.1544066367558048
PRELID1P4	SRR5949457	1.1544018504729736
PRELID1P4	SRR5949458	1.1544066367558048
PRELID1P4	SRR5949459	1.154328975937927
PRELID1P4	SRR5949460	1.154127700715507
PRELID1P4	SRR5949461	1.1537652995205527
PRELID1P4	SRR5949462	1.1543930374941627
PRELID1P4	SRR5949463	1.154119770897195
PRELID1P4	SRR5949464	1.154043329391819
PRELID1P4	SRR5949465	1.1535426695350546
PRELID1P4	SRR5949466	1.1543244711383844
PRELID1P4	SRR5949467	1.1536303593625774
PRELID1P4	SRR5949468	1.1543930374941627
PRELID1P4	SRR5949469	1.1544018504729736
PRELID1P4	SRR5949470	1.1543861423812125
PRELID1P4	SRR5949471	1.1542612816136126
PRELID1P4	SRR5949472	1.154328975937927
PRELID1P4	SRR5949473	1.154328975937927
PRELID1P4	SRR5949474	1.1542881659876676
PRELID1P4	SRR5949475	1.1544080735423528
PRELID1P4	SRR5949476	1.1543861423812125
PRELID1P4	SRR5949477	1.1544018504729736
PRELID1P4	SRR5949478	1.154328975937927
PRELID1P4	SRR5949479	1.1538444146289202
PRELID1P4	SRR5949480	1.1542612816136126
PRELID1P4	SRR5949481	1.1544018504729736
PRELID1P4	SRR5949482	1.1542129775631536
PRELID1P4	SRR5949483	1.1538715423531325
PRELID1P4	SRR5949484	1.1543930374941627
PRELID1P4	SRR5949485	1.154099487946561
PRELID1P4	SRR5949486	1.1542881659876676
PRELID1P4	SRR5949487	1.1542612816136126
PRELID1P4	SRR5949488	1.153987572083333
PRELID1P4	SRR5949489	1.1541344162995835
PRELID1P4	SRR5949490	1.1541360045743105
PRELID1P4	SRR5949491	1.1542881659876676
PRELID1P4	SRR5949492	1.1541360045743105
PRELID1P4	SRR5949493	1.154243037085462
PRELID1P4	SRR5949494	1.1544080735423528
PRELID1P4	SRR5949495	1.154043329391819
PRELID1P4	SRR5949496	1.154243037085462
PRELID1P4	SRR5949497	1.1542612816136126
PRELID1P4	SRR5949498	1.1543244711383844
PRELID1P4	SRR5949499	1.1543930374941627
PRELID1P4	SRR5949500	1.1539304288892793
PRELID1P4	SRR5949501	1.1541014455850918
PRELID1P4	SRR5949502	1.1538715423531325
PRELID1P4	SRR5949503	1.1541360045743105
PRELID1P4	SRR5949504	1.1543861423812125
PRELID1P4	SRR5949505	1.1543861423812125
PRELID1P4	SRR5949506	1.1543861423812125
PRELID1P4	SRR5949507	1.1544018504729736
PRELID1P4	SRR5949508	1.154243037085462
PRELID1P4	SRR5949509	1.1543930374941627
PRELID1P4	SRR5949510	1.1543861423812125
PRELID1P4	SRR5949511	1.1536505416463956
PRELID1P4	SRR5949512	1.154328975937927
PRELID1P4	SRR5949513	1.1544080735423528
PRELID1P4	SRR5949514	1.1542193125787963
PRELID1P4	SRR5949515	1.1543930374941627
PRELID1P4	SRR5949516	1.1543244711383844
PRELID1P4	SRR5949517	1.1543861423812125
PRELID1P4	SRR5949518	1.1538715423531325
PRELID1P4	SRR5949519	1.154127700715507
PRELID1P4	SRR5949520	1.1544018504729736
PRELID1P4	SRR5949521	1.1537652995205527
PRELID1P4	SRR5949522	1.154328975937927
PRELID1P4	SRR5949523	1.1544018504729736
PRELID1P4	SRR5949524	1.1542881659876676
PRELID1P4	SRR5949525	1.1542129775631536
PRELID1P4	SRR5949526	1.1537070312898285
PRELID1P4	SRR5949527	1.1541360045743105
PRELID1P4	SRR5949528	1.1530313538581225
PRELID1P4	SRR5949529	1.1541014455850918
PRELID1P4	SRR5949530	1.1542612816136126
PRELID1P4	SRR5949531	1.1542342444976637
PRELID1P4	SRR5949532	1.1544018504729736
PRELID1P4	SRR5949533	1.1544080735423528
PRELID1P4	SRR5949534	1.1541454974839138
PRELID1P4	SRR5949535	1.1543861423812125
PRELID1P4	SRR5949536	1.1543244711383844
PRELID1P4	SRR5949537	1.1543930374941627
PRELID1P4	SRR5949538	1.1544080735423528
PRELID1P4	SRR5949539	1.154243037085462
PRELID1P4	SRR5949540	1.154118135098547
PRELID1P4	SRR5949541	1.1542612816136126
PRELID1P4	SRR5949542	1.154118135098547
PRELID1P4	SRR5949543	1.1542881659876676
PRELID1P4	SRR5949544	1.154127700715507
PRELID1P4	SRR5949545	1.1539394876265088
PRELID1P4	SRR5949546	1.1541360045743105
PRELID1P4	SRR5949547	1.1544080735423528
PRELID1P4	SRR5949548	1.1542881659876676
PRELID1P4	SRR5949549	1.1539534513664238
PRELID1P4	SRR5949550	1.1535522984622077
PRELID1P4	SRR5949551	1.154328975937927
PRELID1P4	SRR5949552	1.154043329391819
PRELID1P4	SRR5949553	1.1544066367558048
PRELID1P4	SRR5949554	1.1543861423812125
PRELID1P4	SRR5949555	1.1452054817287791
PRELID1P4	SRR5949556	1.154099487946561
PRELID1P4	SRR5949557	1.1542881659876676
PRELID1P4	SRR5949558	1.154043329391819
PRELID1P4	SRR5949559	1.1543930374941627
PRELID1P4	SRR5949560	1.1544018504729736
PRELID1P4	SRR5949561	1.1537430923754213
PRELID1P4	SRR5949562	1.154043329391819
PRELID1P4	SRR5949563	1.1542763738511965
PRELID1P4	SRR5949564	1.1543244711383844
PRELID1P4	SRR5949565	1.1544066367558048
PRELID1P4	SRR5949566	1.1543861423812125
PRELID1P4	SRR5949567	1.1525839843466772
PRELID1P4	SRR5949568	1.154118135098547
PRELID1P4	SRR5949569	1.1541344162995835
PRELID1P4	SRR5949570	1.1542612816136126
PRELID1P4	SRR5949571	1.1539394876265088
PRELID1P4	SRR5949572	1.154243037085462
PRELID1P4	SRR5949573	1.154127700715507
PRELID1P4	SRR5949574	1.1542881659876676
PRELID1P4	SRR5949575	1.154243037085462
PRELID1P4	SRR5949576	1.1542129775631536
PRELID1P4	SRR5949577	1.1544066367558048
PRELID1P4	SRR5949578	1.1543244711383844
PRELID1P4	SRR5949579	1.1543861423812125
PRELID1P4	SRR5949580	1.1543930374941627
PRELID1P4	SRR5949581	1.1544080735423528
PRELID1P4	SRR5949582	1.1541312616794417
PRELID1P4	SRR5949583	1.1544066367558048
PRELID1P4	SRR5949584	1.1536496989510014
PRELID1P4	SRR5949585	1.154328975937927
PRELID1P4	SRR5949586	1.1543861423812125
PRELID1P4	SRR5949587	1.1542881659876676
PRELID1P4	SRR5949588	1.153006792126308
PRELID1P4	SRR5949589	1.1544080735423528
PRELID1P4	SRR5949590	1.1541360045743105
PRELID1P4	SRR5949591	1.1543930374941627
PRELID1P4	SRR5949592	1.154243037085462
PRELID1P4	SRR5949593	1.1544080735423528
PRELID1P4	SRR5949594	1.154243037085462
PRELID1P4	SRR5949595	1.154328975937927
PRELID1P4	SRR5949596	1.1542763738511965
PRELID1P4	SRR5949597	1.1538444146289202
PRELID1P4	SRR5949598	1.154243037085462
PRELID1P4	SRR5949599	1.1541344162995835
PRELID1P4	SRR5949600	1.1543244711383844
PRELID1P4	SRR5949601	1.154243037085462
PRELID1P4	SRR5949602	1.1544080735423528
PRELID1P4	SRR5949603	1.1543244711383844
PRELID1P4	SRR5949604	1.1543861423812125
PRELID1P4	SRR5949605	1.154243037085462
PRELID1P4	SRR5949606	1.1540286696356532
PRELID1P4	SRR5949607	1.1544018504729736
PRELID1P4	SRR5949608	1.1537626724135772
PRELID1P4	SRR5950246	1.1537070312898285
PRELID1P4	SRR5950247	1.154043329391819
PRELID1P4	SRR5950248	1.1543244711383844
PRELID1P4	SRR5950249	1.1544080735423528
PRELID1P4	SRR5950250	1.154127700715507
PRELID1P4	SRR5950251	1.1543244711383844
PRELID1P4	SRR5950252	1.1544066367558048
PRELID1P4	SRR5950253	1.154328975937927
PRELID1P4	SRR5950254	1.1540286696356532
PRELID1P4	SRR5950255	1.1537779842987672
PRELID1P4	SRR5950256	1.1532906572572703
PRELID1P4	SRR5950257	1.1532936707463863
PRELID1P4	SRR5950258	1.1543244711383844
PRELID1P4	SRR5950259	1.1544018504729736
PRELID1P4	SRR5950260	1.1543244711383844
PRELID1P4	SRR5950261	1.154328975937927
PRELID1P4	SRR5950262	1.1542193125787963
PRELID1P4	SRR5950263	1.1538444146289202
PRELID1P4	SRR5950264	1.1544018504729736
PRELID1P4	SRR5950265	1.154119770897195
PRELID1P4	SRR5950266	1.153620340573047
PRELID1P4	SRR5950267	1.1543244711383844
PRELID1P4	SRR5950268	1.154243037085462
PRELID1P4	SRR5950269	1.154243037085462
PRELID1P4	SRR5950270	1.1539830975965506
PRELID1P4	SRR5950271	1.1544080735423528
PRELID1P4	SRR5950272	1.1544080735423528
PRELID1P4	SRR5950273	1.1543244711383844
PRELID1P4	SRR5950274	1.1541454974839138
PRELID1P4	SRR5950275	1.154243037085462
PRELID1P4	SRR5950276	1.154328975937927
PRELID1P4	SRR5950277	1.1541014455850918
PRELID1P4	SRR5950278	1.1537962707798937
PRELID1P4	SRR5950279	1.1542763738511965
PRELID1P4	SRR5950280	1.1543861423812125
PRELID1P4	SRR5950281	1.154243037085462
PRELID1P4	SRR5950282	1.1538447615632836
PRELID1P4	SRR5950283	1.154328975937927
PRELID1P4	SRR5950284	1.1511338942169325
PRELID1P4	SRR5950285	1.1540843659274789
PRELID1P4	SRR5950286	1.1542881659876676
PRELID1P4	SRR5950287	1.1537833054890896
PRELID1P4	SRR5950288	1.154118135098547
PRELID1P4	SRR5950289	1.1537285180296166
PRELID1P4	SRR5950290	1.1543930374941627
PRELID1P4	SRR5950291	1.154328975937927
PRELID1P4	SRR5950292	1.1542193125787963
PRELID1P4	SRR5950293	1.1539534513664238
PRELID1P4	SRR5950294	1.1544080735423528
PRELID1P4	SRR5950295	1.1544018504729736
PRELID1P4	SRR5950296	1.1542881659876676
PRELID1P4	SRR5950297	1.1540286696356532
PRELID1P4	SRR5950298	1.1543930374941627
PRELID1P4	SRR5950299	1.1541312616794417
PRELID1P4	SRR5950300	1.1542881659876676
PRELID1P4	SRR5950301	1.154328975937927
PRELID1P4	SRR5950302	1.1542612816136126
PRELID1P4	SRR5950303	1.1541454974839138
PRELID1P4	SRR5950304	1.1540148338403267
PRELID1P4	SRR5950305	1.1542612816136126
PRELID1P4	SRR5950306	1.1542763738511965
PRELID1P4	SRR5950307	1.1541344162995835
PRELID1P4	SRR5950308	1.1542342444976637
PRELID1P4	SRR5950309	1.154243037085462
PRELID1P4	SRR5950310	1.1542881659876676
PRELID1P4	SRR5950311	1.1543930374941627
PRELID1P4	SRR5950312	1.1543244711383844
PRELID1P4	SRR5950313	1.1542193125787963
PRELID1P4	SRR5950314	1.1543930374941627
PRELID1P4	SRR5950315	1.154328975937927
PRELID1P4	SRR5950316	1.1544018504729736
PRELID1P4	SRR5950317	1.1541312616794417
PRELID1P4	SRR5950318	1.153987572083333
PRELID1P4	SRR5950319	1.1541360045743105
PRELID1P4	SRR5950320	1.154119770897195
PRELID1P4	SRR5950321	1.1533709738650642
PRELID1P4	SRR5950322	1.1541014455850918
PRELID1P4	SRR5950323	1.1542129775631536
PRELID1P4	SRR5950324	1.1543930374941627
PRELID1P4	SRR5950325	1.1542342444976637
PRELID1P4	SRR5950326	1.154099487946561
PRELID1P4	SRR5950327	1.154328975937927
PRELID1P4	SRR5950328	1.154328975937927
PRELID1P4	SRR5950329	1.1542881659876676
PRELID1P4	SRR5950330	1.1541360045743105
PRELID1P4	SRR5950331	1.1539534513664238
PRELID1P4	SRR5950332	1.1540843659274789
PRELID1P4	SRR5950333	1.1543930374941627
PRELID1P4	SRR5950334	1.1543861423812125
PRELID1P4	SRR5950335	1.1543861423812125
PRELID1P4	SRR5950336	1.1524373005233322
PRELID1P4	SRR5950337	1.1537962707798937
PRELID1P4	SRR5950338	1.1531742805487435
PRELID1P4	SRR5950339	1.1544080735423528
PRELID1P4	SRR5950340	1.154127700715507
PRELID1P4	SRR5950341	1.1542129775631536
PRELID1P4	SRR5950342	1.1544018504729736
PRELID1P4	SRR5950343	1.1542342444976637
PRELID1P4	SRR5950344	1.154119770897195
PRELID1P4	SRR5950345	1.1542129775631536
PRELID1P4	SRR5950346	1.1543244711383844
PRELID1P4	SRR5950347	1.1542612816136126
PRELID1P4	SRR5950348	1.1541344162995835
PRELID1P4	SRR5950349	1.1544066367558048
PRELID1P4	SRR5950350	1.1543244711383844
PRELID1P4	SRR5950351	1.1538444146289202
PRELID1P4	SRR5950352	1.1544018504729736
PRELID1P4	SRR5950353	1.1542763738511965
PRELID1P4	SRR5950354	1.1544018504729736
PRELID1P4	SRR5950355	1.1544066367558048
PRELID1P4	SRR5950356	1.1537250692562184
PRELID1P4	SRR5950357	1.1544018504729736
PRELID1P4	SRR5950358	1.1541344162995835
PRELID1P4	SRR5950359	1.1542342444976637
PRELID1P4	SRR5950360	1.1544018504729736
PRELID1P4	SRR5950361	1.1544018504729736
PRELID1P4	SRR5950362	1.1541014455850918
PRELID1P4	SRR5950363	1.153987572083333
PRELID1P4	SRR5950364	1.1541360045743105
PRELID1P4	SRR5950365	1.154328975937927
PRELID1P4	SRR5950366	1.1543930374941627
PRELID1P4	SRR5950367	1.153400485650712
PRELID1P4	SRR5950368	1.1542763738511965
PRELID1P4	SRR5950369	1.1544080735423528
PRELID1P4	SRR5950370	1.1544080735423528
PRELID1P4	SRR5950371	1.154328975937927
PRELID1P4	SRR5950372	1.1543861423812125
PRELID1P4	SRR5950373	1.1542881659876676
PRELID1P4	SRR5950374	1.1542763738511965
PRELID1P4	SRR5950375	1.1543930374941627
PRELID1P4	SRR5950376	1.1544066367558048
PRELID1P4	SRR5950377	1.1539830975965506
PRELID1P4	SRR5950378	1.1542881659876676
PRELID1P4	SRR5950379	1.1542763738511965
PRELID1P4	SRR5950380	1.1542129775631536
PRELID1P4	SRR5950381	1.1542129775631536
PRELID1P4	SRR5950382	1.1537779842987672
PRELID1P4	SRR5950383	1.1544066367558048
PRELID1P4	SRR5950384	1.1543930374941627
PRELID1P4	SRR5950385	1.1537833054890896
PRELID1P4	SRR5950386	1.1543861423812125
PRELID1P4	SRR5950387	1.1544066367558048
PRELID1P4	SRR5950388	1.154127700715507
PRELID1P4	SRR5950389	1.1532222126984653
PRELID1P4	SRR5950390	1.1542129775631536
PRELID1P4	SRR5950391	1.1544080735423528
PRELID1P4	SRR5950392	1.1537652995205527
PRELID1P4	SRR5950393	1.1541312616794417
PRELID1P4	SRR5950394	1.154243037085462
PRELID1P4	SRR5950395	1.1542763738511965
PRELID1P4	SRR5950396	1.1544080735423528
PRELID1P4	SRR5950397	1.1544066367558048
PRELID1P4	SRR5950398	1.1544066367558048
PRELID1P4	SRR5950399	1.1542193125787963
PRELID1P4	SRR5950400	1.1542342444976637
PRELID1P4	SRR5950401	1.1543930374941627
PRELID1P4	SRR5950402	1.1543930374941627
PRELID1P4	SRR5950403	1.154328975937927
PRELID1P4	SRR5950404	1.1543861423812125
PRELID1P4	SRR5950405	1.153006792126308
PRELID1P4	SRR5950406	1.1539304288892793
PRELID1P4	SRR5950407	1.154328975937927
PRELID1P4	SRR5950408	1.154043329391819
PRELID1P4	SRR5950409	1.154127700715507
PRELID1P4	SRR5950410	1.1544080735423528
PRELID1P4	SRR5950411	1.1544018504729736
PRELID1P4	SRR5950412	1.1543861423812125
PRELID1P4	SRR5950413	1.1539394876265088
PRELID1P4	SRR5950414	1.1543861423812125
PRELID1P4	SRR5950415	1.1542193125787963
PRELID1P4	SRR5950416	1.154243037085462
PRELID1P4	SRR5950417	1.1542342444976637
PRELID1P4	SRR5950418	1.154119770897195
PRELID1P4	SRR5950419	1.1544018504729736
PRELID1P4	SRR5950420	1.1542612816136126
PRELID1P4	SRR5950421	1.1541312616794417
PRELID1P4	SRR5950422	1.1540976154898277
PRELID1P4	SRR5950423	1.1542881659876676
PRELID1P4	SRR5950424	1.1543930374941627
PRELID1P4	SRR5950425	1.1544018504729736
PRELID1P4	SRR5950426	1.1541344162995835
PRELID1P4	SRR5950427	1.1543861423812125
PRELID1P4	SRR5950428	1.1542881659876676
PRELID1P4	SRR5950429	1.1544018504729736
PRELID1P4	SRR5950430	1.154243037085462
PRELID1P4	SRR5950431	1.1542612816136126
PRELID1P4	SRR5950432	1.1543861423812125
PRELID1P4	SRR5950433	1.154328975937927
PRELID1P4	SRR5950434	1.1541344162995835
PRELID1P4	SRR5950435	1.1542881659876676
PRELID1P4	SRR5950436	1.1544018504729736
PRELID1P4	SRR5950437	1.1542612816136126
PRELID1P4	SRR5950438	1.1543930374941627
PRELID1P4	SRR5950439	1.1544066367558048
PRELID1P4	SRR5950440	1.150186403730464
PRELID1P4	SRR5950441	1.1540843659274789
PRELID1P4	SRR5950442	1.1543244711383844
PRELID1P4	SRR5950443	1.1541454974839138
PRELID1P4	SRR5950444	1.154328975937927
PRELID1P4	SRR5950445	1.1543861423812125
PRELID1P4	SRR5950446	1.1542129775631536
PRELID1P4	SRR5950447	1.1539830975965506
PRELID1P4	SRR5950448	1.1543244711383844
PRELID1P4	SRR5950449	1.1543861423812125
PRELID1P4	SRR5950450	1.1544018504729736
PRELID1P4	SRR5950451	1.1544080735423528
PRELID1P4	SRR5950452	1.154099487946561
PRELID1P4	SRR5950453	1.1543930374941627
PRELID1P4	SRR5950454	1.1540976154898277
PRELID1P4	SRR5950455	1.1543930374941627
PRELID1P4	SRR5950456	1.1542881659876676
PRELID1P4	SRR5950457	1.1542129775631536
PRELID1P4	SRR5950458	1.1544080735423528
PRELID1P4	SRR5950459	1.1542612816136126
PRELID1P4	SRR5950460	1.1542612816136126
PRELID1P4	SRR5950461	1.1543244711383844
PRELID1P4	SRR5950462	1.1538715423531325
PRELID1P4	SRR5950463	1.1541454974839138
PRELID1P4	SRR5950464	1.1541014455850918
PRELID1P4	SRR5950465	1.1495981461456477
PRELID1P4	SRR5950466	1.1543861423812125
PRELID1P4	SRR5950467	1.1542763738511965
PRELID1P4	SRR5950468	1.1543244711383844
PRELID1P4	SRR5950469	1.1542129775631536
PRELID1P4	SRR5950470	1.1544018504729736
PRELID1P4	SRR5963912	1.1544080735423528
PRELID1P4	SRR5963913	1.154118135098547
PRELID1P4	SRR5963914	1.1544080735423528
PRELID1P4	SRR5963915	1.154119770897195
PRELID1P4	SRR5963916	1.1538752034369077
PRELID1P4	SRR5963917	1.154243037085462
PRELID1P4	SRR5963918	1.1542612816136126
PRELID1P4	SRR5963919	1.1543861423812125
PRELID1P4	SRR5963920	1.1542763738511965
PRELID1P4	SRR5963921	1.1543930374941627
PRELID1P4	SRR5963922	1.1542342444976637
PRELID1P4	SRR5963923	1.1542612816136126
PRELID1P4	SRR5963924	1.1543861423812125
PRELID1P4	SRR5963925	1.154118135098547
PRELID1P4	SRR5963926	1.154118135098547
PRELID1P4	SRR5963927	1.1544018504729736
PRELID1P4	SRR5963928	1.1540843659274789
PRELID1P4	SRR5963929	1.154328975937927
PRELID1P4	SRR5963930	1.1539394876265088
PRELID1P4	SRR5963931	1.1544066367558048
PRELID1P4	SRR5963932	1.1542881659876676
PRELID1P4	SRR5963933	1.1542193125787963
PRELID1P4	SRR5963934	1.153987572083333
PRELID1P4	SRR5963935	1.1544080735423528
PRELID1P4	SRR5963936	1.1541014455850918
PRELID1P4	SRR5963937	1.1537833054890896
PRELID1P4	SRR5963938	1.1543244711383844
PRELID1P4	SRR5963939	1.1543861423812125
PRELID1P4	SRR5963940	1.1543861423812125
PRELID1P4	SRR5963941	1.1544080735423528
PRELID1P4	SRR5963942	1.1544080735423528
PRELID1P4	SRR5963943	1.1543930374941627
PRELID1P4	SRR5963944	1.1544080735423528
PRELID1P4	SRR5963945	1.1544066367558048
PRELID1P4	SRR5963946	1.154328975937927
PRELID1P4	SRR5963947	1.154328975937927
PRELID1P4	SRR5963948	1.154328975937927
PRELID1P4	SRR6467548	4.039203829429003
PRELID1P4	SRR6467549	2.0333925714085677
PRELID1P4	SRR6467550	2.0189674984410937
PRELID1P4	SRR6467551	3.0495360868144483
PRELID1P4	SRR6467552	3.0497816916862863
PRELID1P4	SRR6467553	2.0638644430325024
PRELID1P4	SRR6467554	3.067726155866913
PRELID1P4	SRR6467555	1.0144266845639887
PRELID1P4	SRR6467556	2.023703163562842
PRELID1P4	SRR6467557	1.011441792883926
PRELID1P4	SRR6467558	2.0405846011968656
PRELID1P4	SRR6467559	2.004384627472826
PRELID1P4	SRR6467560	2.0204734951882255
PRELID1P4	SRR6467561	1.007470555541101
PRELID1P4	SRR6467562	3.0113995907332716
PRELID1P4	SRR6467563	2.012397403298576
PRELID1P4	SRR6467564	4.029264618437028
PRELID1P4	SRR6467565	2.0194280637777706
PRELID1P4	SRR6467566	5.138040445242179
PRELID1P4	SRR6467567	3.0332976640063576
PRELID1P4	SRR6467568	3.0123090509528163
PRELID1P4	SRR6467569	2.029343754663249
PRELID1P4	SRR6467570	1.8495832000804957
PRELID1P4	SRR6467571	2.001440076213531
PRELID1P4	SRR6467572	2.012363097212555
PRELID1P4	SRR6467573	3.0204890931811743
PRELID1P4	SRR6467574	1
PRELID1P4	SRR6467575	0.5716764253757385
PRELID1P4	SRR6467576	2.0094384503987506
PRELID1P4	SRR6467577	4.0057623786736265
PRELID1P4	SRR6467578	3.029587940333736
PRELID1P4	SRR6467579	3.0320715824514584
PRELID1P4	SRR6467580	2.857080549229427
PRELID1P4	SRR6467581	2.579844876105506
PRELID1P4	SRR6467582	1.882900937669234
PRELID1P4	SRR6467583	1
PRELID1P4	SRR6467584	2.0073335108039236
PRELID1P4	SRR6467585	0.7266206971123287
PRELID1P4	SRR6467586	2.1017337277775345
PRELID1P4	SRR6467587	0.7901193740878704
PRELID1P4	SRR6467588	5.011404720847846
PRELID1P4	SRR6467589	4
PRELID1P4	SRR6467590	1.0028083682939712
PRELID1P4	SRR6467591	2.021134430234128
PRELID1P4	SRR6467592	1.0077848171459254
PRELID1P4	SRR6467593	2.0091403691618455
PRELID1P4	SRR6467594	2.940086308218603
PRELID1P4	SRR6467595	1.002192313736413
PRELID1P4	SRR6467596	1
PRELID1P4	SRR6467597	3.397164255643886
PRELID1P4	SRR6467598	0.8943128181116325
PRELID1P4	SRR6467599	4.0151217060664015
PRELID1P4	SRR6467600	6.028938379734282
PRELID1P4	SRR6467601	1.0055770267634287
PRELID1P4	SRR6467602	0.6361048560300533
PRELID1P4	SRR6467603	5
PRELID1P4	SRR6467604	4.017027701631754
PRELID1P4	SRR6467605	2.007210757633995
PRELID1P4	SRR6467606	1
PRELID1P4	SRR6467607	1
PRELID1P4	SRR6467608	4.0105117377058574
PRELID1P4	SRR6467609	1.000179960941952
PRELID1P4	SRR6467610	2.0200965644097244
PRELID1P4	SRR6467611	3.290985957958092
PRELID1P4	SRR6467612	1.0058055966749162
PRELID1P4	SRR6467613	3
PRELID1P4	SRR6467614	4
PRELID1P4	SRR6467615	2.025608323768579
PRELID1P4	SRR6467616	2.0197919156384687
PRELID1P4	SRR6467617	2.0134219021722726
PRELID1P4	SRR6467618	2
PRELID1P4	SRR6467619	3.2321334282181553
PRELID1P4	SRR6467620	2.0052558688529287
PRELID1P4	SRR6467621	1.0051232842269857
PRELID1P4	SRR6467622	1.0150684403228711
PRELID1P4	SRR6467623	2.8721847554078592
PRELID1P4	SRR6467624	4.000719843767808
PRELID1P4	SRR6467625	5
PRELID1P4	SRR6467626	8
PRELID1P4	SRR6467627	1.0100527075660375
PRELID1P4	SRR6467628	2
PRELID1P4	SRR6467629	2.6242241255109766
PRELID1P4	SRR6467630	1.0007200381067656
PRELID1P4	SRR6467631	1.0009001286274537
PRELID1P4	SRR6467632	1.0071932539431103
PRELID1P4	SRR6467633	3
PRELID1P4	SRR6467634	4.016099166391253
PRELID1P4	SRR6467635	2.3576473339797803
PRELID1P4	SRR6467636	2.020215926642949
PRELID1P4	SRR6467637	2
PRELID1P4	SRR6467638	2
PRELID1P4	SRR6467639	3.009600023814196
PRELID1P4	SRR6467640	5.10461977167425
PRELID1P4	SRR6467641	1.0093092593249926
PRELID1P4	SRR6467642	3.411614756054584
PRELID1P4	SRR6467643	1.0125162691935943
PRELID1P4	SRR6467644	6
PRELID1P4	SRR6467645	1.2395935356349799
PRELID1P4	SRR6467646	3
PRELID1P4	SRR6467647	3.0426195366677997
PRELID1P4	SRR6467648	5.02902798337458
PRELID1P4	SRR6467649	1.0052958813429669
PRELID1P4	SRR6467650	2.010948853924701
PRELID1P4	SRR6467651	5.014706813144257
PRELID1P4	SRR6467652	2.000359921883904
PRELID1P4	SRR6467653	1.0099534202493201
PRELID1P4	SRR6467654	1.003747088789452
PRELID1P4	SRR6467655	3
PRELID1P4	SRR6467656	0.9519895927372466
PRELID1P4	SRR6467657	1
PRELID1P4	SRR6467658	2
PRELID1P4	SRR6467659	0.7919435412301603
PRELID1P4	SRR6467660	7.047933970143342
PRELID1P4	SRR6467661	2.1057538920076513
PRELID1P4	SRR6467662	2.6846261714958883
PRELID1P4	SRR6467663	6.0168502097638275
PRELID1P4	SRR6467664	1.9309791799491214
PRELID1P4	SRR6467665	4
PRELID1P4	SRR6467666	2
PRELID1P4	SRR6467667	1.8193334551204088
PRELID1P4	SRR6467668	2.8935579928795248
PRELID1P4	SRR6467669	5
PRELID1P4	SRR6467670	3
PRELID1P4	SRR6467671	2.8122069973727024
PRELID1P4	SRR6467672	2.0177227618432125
PRELID1P4	SRR6467673	1.0095966497061606
PRELID1P4	SRR6467674	1.0063138266234677
PRELID1P4	SRR6467675	1.0086549004496244
PRELID1P4	SRR6467676	4.645507868204399
PRELID1P4	SRR6467677	2
PRELID1P4	SRR6467678	6
PRELID1P4	SRR6467679	1
PRELID1P4	SRR6467680	3.032188186997292
PRELID1P4	SRR6467681	4
PRELID1P4	SRR6467682	1.0060111690650306
PRELID1P4	SRR6467683	1.0111991340219961
PRELID1P4	SRR6467684	2.005222271977506
PRELID1P4	SRR6467685	3.0423102699108737
PRELID1P4	SRR6467686	1.0014712162978496
PRELID1P4	SRR6467687	3.9941794491972806
PRELID1P4	SRR6467688	0.998585357575692
PRELID1P4	SRR6467689	4.0398035156922925
PRELID1P4	SRR6467690	1.0054839199293288
PRELID1P4	SRR6467691	3.016690265415712
PRELID1P4	SRR6467692	1.0010802515574013
PRELID1P4	SRR6467693	2.9739168719551263
PRELID1P4	SRR6467694	2.0151922379632485
PRELID1P4	SRR6467695	3.013710553742768
PRELID1P4	SRR6467696	1.3498228971302755
PRELID1P4	SRR6467697	2
PRELID1P4	SRR6467698	2.009392129777531
PRELID1P4	SRR6467699	3
PRELID1P4	SRR6467700	2.1803771558228773
PRELID1P4	SRR6467701	3
PRELID1P4	SRR6467702	2.0286770647532957
PRELID1P4	SRR6467703	1.0123945241480405
PRELID1P4	SRR6467704	6.0168502097638275
PRELID1P4	SRR6467705	1.0065322517366486
PRELID1P4	SRR6467706	1.0184483735704168
PRELID1P4	SRR6467707	7
PRELID1P4	SRR6467708	2.0034525039004247
PRELID1P4	SRR6467709	4
PRELID1P4	SRR6467710	4.003600514509815
PRELID1P4	SRR6467711	1.0013658060526471
PRELID1P4	SRR6467712	3.0338845860641888
PRELID1P4	SRR6467713	1.9288143512753875
PRELID1P4	SRR6467714	5.029933011987572
PRELID1P4	SRR6467715	3
PRELID1P4	SRR6467716	6
PRELID1P4	SRR6467717	4.049137507409056
PRELID1P4	SRR6467718	2.0308461148547408
PRELID1P4	SRR6467719	1.003656921931823
PRELID1P4	SRR6467720	4
PRELID1P4	SRR6467721	3.0048624445833965
PRELID1P4	SRR6467722	1
PRELID1P4	SRR6467723	4
PRELID1P4	SRR6467724	8
PRELID1P4	SRR6467725	1
PRELID1P4	SRR6467726	1.5954697608495296
PRELID1P4	SRR6467727	1.002342020016362
PRELID1P4	SRR6467728	1
PRELID1P4	SRR6467729	3.020810479239179
PRELID1P4	SRR6467730	2.0042897588650046
PRELID1P4	SRR6467731	2.0197906717867338
PRELID1P4	SRR6467732	2.119264189321366
PRELID1P4	SRR6467733	1.0017262519502124
PRELID1P4	SRR6467734	1.981986804525475
PRELID1P4	SRR6467735	2.016596338926861
PRELID1P4	SRR6467736	2.0124218262888824
PRELID1P4	SRR6467737	1.0062291739769658
PRELID1P4	SRR6467738	2.0007199085396894
PRELID1P4	SRR6467739	1
PRELID1P4	SRR6467740	2.0107986741916752
PRELID1P4	SRR6467741	5.010059953573585
PRELID1P4	SRR6467742	3
PRELID1P4	SRR6467743	3
PRELID1P4	SRR6467744	1
PRELID1P4	SRR6467745	4.001861034530316
PRELID1P4	SRR6467746	5.039900559118455
PRELID1P4	SRR6467747	4.220561357401428
PRELID1P4	SRR6467748	5.7040888635198765
PRELID1P4	SRR6467749	3
PRELID1P4	SRR6467750	5.011863346046051
PRELID1P4	SRR6467751	1.015116940806616
PRELID1P4	SRR6467752	5.041299826711122
PRELID1P4	SRR6467753	2.6609763202121366
PRELID1P4	SRR6467754	3.3392317993446667
PRELID1P4	SRR6467755	2.6838435352942556
PRELID1P4	SRR6467756	3.0037812207073236
PRELID1P4	SRR6467757	2
PRELID1P4	SRR6467758	4
PRELID1P4	SRR6467759	5.028414401544884
PRELID1P4	SRR6467760	1.0077326390518404
PRELID1P4	SRR6467761	1.0036974451020118
PRELID1P4	SRR6467762	5.025087447909713
PRELID1P4	SRR6467763	0.9587698910949234
PRELID1P4	SRR6467764	3.9566733545081965
PRELID1P4	SRR6467765	4.0050416276097645
PRELID1P4	SRR6467766	2.0297309271614195
PRELID1P4	SRR6467767	2.0136338479917937
PRELID1P4	SRR6467768	2.024981240142866
PRELID1P4	SRR6467769	2.035970390615302
PRELID1P4	SRR6467770	2
PRELID1P4	SRR6467771	1.254168994939202
PRELID1P4	SRR6467772	1.0071624573529558
PRELID1P4	SRR6467773	2.0079060953760157
PRELID1P4	SRR6868540	1.0146754396324102
PRELID1P4	SRR6868541	1.0274634703565282
PRELID1P4	SRR6868542	1.0476955519171316
PRELID1P4	SRR6868543	1.0150863239093106
PRELID1P4	SRR6868544	1.0078390786606577
PRELID1P4	SRR6868545	2.0494152129307595
PRELID1P4	SRR6868546	1.0156717592642122
PRELID1P4	SRR6868557	1.0591086838663382
PRELID1P4	SRR6868558	1.0490872194289762
PRELID1P4	SRR6868559	1.0325281504175436
PRELID1P4	SRR6868560	1.0099740186645438
PRELID1P4	SRR6868569	1.0617761523220262
PRELID1P4	SRR6868570	1.0214163604819042
PRELID1P4	SRR6868571	1.0443666123323176
PRELID1P4	SRR6868572	1.0117513905915592
PRELID1P4	SRR6868573	1.0409966836392885
PRELID1P4	SRR6868574	3.0366687778427988
PRELID1P4	SRR6868575	2.051610888921832
PRELID1P4	SRR6868576	1.0158996451240243
PRELID1P4	SRR6868577	1.0321919880224188
PRELID1P4	SRR6868578	1.0155200621012757
PRELID1P4	SRR6868579	1.0437286829000922
PRELID1P4	SRR6868580	1.0107527325366503
PRELID1P4	SRR6868581	1.0339413032942724
PRELID1P4	SRR6868582	1.0328155381530846
PRELID1P4	SRR6868585	1.0220689021157627
PRELID1P4	SRR6868586	1.059503875848675
PRELID1P4	SRR6868587	1.059951714856934
PRELID1P4	SRR6868588	1.0071852335562725
PRELID1P4	SRR6868589	1.0110174866119757
PRELID1P4	SRR6868590	1.032033906477247
PRELID1P4	SRR6868591	1.0130236388532423
PRELID1P4	SRR6868604	1.075755471099352
PRELID1P4	SRR6868605	1.0318130709448758
PRELID1P4	SRR6868606	1.0405938775744006
PRELID1P4	SRR6868607	1.0342544525714972
PRELID1P4	SRR6868608	1.024176000194289
PRELID1P4	SRR6868609	1.0438891054924728
PRELID1P4	SRR6868610	3.116780864884173
PRELID1P4	SRR6868620	1.011281179703731
PRELID1P4	SRR6868621	2.0436509949536723
PRELID1P4	SRR6868622	1.0239774453836796
PRELID1P4	SRR6868623	1.0547630248890674
PRELID1P4	SRR6868636	1.0437200357863465
PRELID1P4	SRR6868637	1.0258536501967699
PRELID1P4	SRR6868638	1.0461253585775165
PRELID1P4	SRR6868639	1.0107500209553522
PRELID1P4	SRR6868650	1.039600004636465
PRELID1P4	SRR6868651	1.0289509945514346
PRELID1P4	SRR6868652	1.0304077851358955
PRELID1P4	SRR6868653	1.0187981972446098
PRELID1P4	SRR6868654	2.0300615916470077
PRELID1P4	SRR6868655	1.0348903243422032
PRELID1P4	SRR6868665	1.0144233528894921
PRELID1P4	SRR6868666	1.0102367475941127
PRELID1P4	SRR6868667	1.0114938025774427
PRELID1P4	SRR6868668	1.0074530555463053
PRELID1P4	SRR6868669	1.0076269288321016
PRELID1P4	SRR6868670	1.0177421086096043
PRELID1P4	SRR6868671	1.0144459931453216
PRELID1P4	SRR6868683	1.0126868266683406
PRELID1P4	SRR6868684	1.0156791364509994
PRELID1P4	SRR6868685	1.0213121445813669
PRELID1P4	SRR6868686	1.010279036701863
PRELID1P4	SRR6868687	1.0278872533572148
PRELID1P4	SRR6868688	1.0267982277074879
PRELID1P4	SRR6868689	1.0146059094716162
PRELID1P4	SRR6868698	1.0182196176757388
PRELID1P4	SRR6868699	1.0070555785765116
PRELID1P4	SRR6868700	1.0160549733839008
PRELID1P4	SRR6868701	1.0104876136718064
PRELID1P4	SRR6868702	1.007678742360192
PRELID1P4	SRR6868713	1.0104534576807476
PRELID1P4	SRR6868714	1.0184145111104586
PRELID1P4	SRR6868715	1.0082988502433663
PRELID1P4	SRR6868716	1.0066973307865115
PRELID1P4	SRR6868717	1.010251403767141
PRELID1P4	SRR6868718	1.0039014257302832
PRELID1P4	SRR6868719	1.001620814861132
PRELID1P4	SRR6868720	1.0050609507965924
PRELID1P4	SRR6868721	1.011241097215616
PRELID1P4	SRR6868722	1.0167639054768582
PRELID1P4	SRR6868723	1.0194863017371107
PRELID1P4	SRR6868724	1.0096892656036671
PRELID1P4	SRR6868725	1.0041780100330324
PRELID1P4	SRR6868726	1.002412783311024
PRELID1P4	SRR6868741	1.0144414580063614
PRELID1P4	SRR7632756	1.0082812760242865
PRELID1P4	SRR7632757	1.0277880420258994
PRELID1P4	SRR7632758	2.021319840099832
PRELID1P4	SRR7632759	1.029856339080279
PRELID1P4	SRR7632760	3.0609331348497344
PRELID1P4	SRR7632761	2.0142433371147286
PRELID1P4	SRR7632762	2.0974053044134235
PRELID1P4	SRR7632763	1.0164129755589333
PRELID1P4	SRR7632764	1.0370326174074103
PRELID1P4	SRR7632765	2.0052558688529287
PRELID1P4	SRR7632766	1.0312070028815916
PRELID1P4	SRR7632767	2.00474533841842
PRELID1P4	SRR7632768	4.064920375336028
PRELID1P4	SRR7632769	3.034484345552178
PRELID1P4	SRR7632770	2.0165478043518386
PRELID1P4	SRR7632771	1.0260355560571814
PRELID1P4	SRR7632772	1.0193139826231485
PRELID1P4	SRR7632773	3.016239703164131
PRELID1P4	SRR7632774	3.019033791793645
PRELID1P4	SRR7632775	2.0450757064247433
PRELID1P4	SRR7632776	1.0379594824107194
PRELID1P4	SRR7632777	4.096593796565898
PRELID1P4	SRR7632778	2.0083288480056862
PRELID1P4	SRR7632779	1.0262203067866917
PRELID1P4	SRR7632780	2.0074220496282456
PRELID1P4	SRR7632781	1.0615459002112622
PRELID1P4	SRR7632782	2.027380371729161
PRELID1P4	SRR7632783	1.0073564665451527
PRELID1P4	SRR7632784	2.017439086779896
PRELID1P4	SRR7632785	1.0071980517553376
PRELID1P4	SRR7632786	2.083254562558609
PRELID1P4	SRR7632787	1.0038931609808308
PRELID1P4	SRR7632788	4.009068656324914
PRELID1P4	SRR7632789	2.0364116833391313
PRELID1P4	SRR7632790	1.0098400917692503
PRELID1P4	SRR7632791	2.0897580764801966
PRELID1P4	SRR7632792	2.0147129330903053
PRELID1P4	SRR7632793	2.0242816077231653
PRELID1P4	SRR7632794	2.0139008999059707
PRELID1P4	SRR7632795	2.006454895998502
PRELID1P4	SRR7632796	2.0344558799916235
PRELID1P4	SRR7632797	3.4520976964086056
PRELID1P4	SRR7632798	2.0114609641526155
PRELID1P4	SRR7632799	1.0307926732391595
PRELID1P4	SRR7632800	1.0150544095718905
PRELID1P4	SRR7632801	1.0052627748922789
PRELID1P4	SRR7632802	1.0350311676136474
PRELID1P4	SRR7632803	1.024031967628665
PRELID1P4	SRR7632804	1.0405209189801317
PRELID1P4	SRR7632805	4.012377662912885
PRELID1P4	SRR7632806	5.0230724692062445
PRELID1P4	SRR7632807	1.008693162636712
PRELID1P4	SRR7632808	2.016440043324333
PRELID1P4	SRR7632809	2.097658992508218
PRELID1P4	SRR7632810	5.020890050165162
PRELID1P4	SRR7632811	4.027200221496576
PRELID1P4	SRR7632812	1.007179332046641
PRELID1P4	SRR7632813	3.0185952205954254
PRELID1P4	SRR7632814	1.0035384452564864
PRELID1P4	SRR7632815	1.0078464493290136
PRELID1P4	SRR7632816	2.150814980786723
PRELID1P4	SRR7632817	1.041674851534425
PRELID1P4	SRR7632818	2.0108536746284926
PRELID1P4	SRR7632819	2.004895066048328
PRELID1P4	SRR7632820	1.0068809949439055
PRELID1P4	SRR7632821	3.0051787558506367
PRELID1P4	SRR7632822	2.0250652737194366
PRELID1P4	SRR7632823	2.007361257490564
PRELID1P4	SRR7632824	3.013710553742768
PRELID1P4	SRR7632825	3.0084251048819137
PRELID1P4	SRR7632826	3.0019359099087386
PRELID1P4	SRR7632827	2.110080193592728
PRELID1P4	SRR7632828	1.0261404595811736
PRELID1P4	SRR7632829	1.0144645279374256
PRELID1P4	SRR7632830	1.0486021527253222
PRELID1P4	SRR7632831	2.018534973187272
PRELID1P4	SRR7632832	2.0292391449143286
PRELID1P4	SRR7632833	3.1550937594602404
PRELID1P4	SRR7632834	1.029304711338354
PRELID1P4	SRR7632835	1.110030669431967
PRELID1P4	SRR7632836	1.014927231447063
PRELID1P4	SRR7632837	2.012855595068726
PRELID1P4	SRR7632838	2.050418083929222
PRELID1P4	SRR7632839	1.0114938025774427
PRELID1P4	SRR7632840	3.0922015660576005
PRELID1P4	SRR7632841	1.1191732546509214
PRELID1P4	SRR7632842	4.007558948796769
PRELID1P4	SRR7632843	1.037517112746005
PRELID1P4	SRR7632844	2.079484384927301
PRELID1P4	SRR7632845	3.0150205165643165
PRELID1P4	SRR7632846	1.049674009840069
PRELID1P4	SRR7632847	1.0235807528043444
PRELID1P4	SRR7632848	2.0183225114978987
PRELID1P4	SRR7632849	2.0227407844093404
PRELID1P4	SRR7632850	2.025819803305523
PRELID1P4	SRR7632851	1.0101546064236944
PRELID1P4	SRR7632852	3.0037812207073236
PRELID1P4	SRR7632853	1.0050683011475585
PRELID1P4	SRR7632854	4.026419957322384
PRELID1P4	SRR7632855	4
PRELID1P4	SRR7632856	1.006471863776459
PRELID1P4	SRR7632857	1.0737804448439001
PRELID1P4	SRR7632858	1.0371716501108719
PRELID1P4	SRR7632859	1.03970249147232
PRELID1P4	SRR7632860	1.0755034509256032
PRELID1P4	SRR7632861	1.0544086906801657
PRELID1P4	SRR7632862	1.0352861076828388
PRELID1P4	SRR7632863	1.1276773456759084
PRELID1P4	SRR7632864	1.121531795981538
PRELID1P4	SRR7632865	2.0028811893368133
PRELID1P4	SRR7632866	1.0056799316660756
PRELID1P4	SRR7632867	2.0206477875182163
PRELID1P4	SRR7632868	1.02565491505434
PRELID1P4	SRR7632869	1.0244411256785808
PRELID1P4	SRR7632870	1.0038432721370993
PRELID1P4	SRR7632871	1.0509978397928912
PRELID1P4	SRR7632872	4.129133390578572
PRELID1P4	SRR7632873	2.008356020066065
PRELID1P4	SRR7632874	4.0106343694475335
PRELID1P4	SRR7632875	2.003302884002545
PRELID1P4	SRR7632876	2.028295591510296
PRELID1P4	SRR7632877	1.041135031463042
PRELID1P4	SRR7632878	1.022117629031292
PRELID1P4	SRR7632879	2.004534328162457
PRELID1P4	SRR7632880	1.0175570139817183
PRELID1P4	SRR7632881	2.0276778690892807
PRELID1P4	SRR7632882	2.04796430197648
PRELID1P4	SRR7632883	1.022587298485006
PRELID1P4	SRR7632884	1.0338348047099086
PRELID1P4	SRR7632885	2.010034979163885
PRELID1P4	SRR7632886	1.0323339725546605
PRELID1P4	SRR7632887	1.0101314025983257
PRELID1P4	SRR7632888	2.0762439384408053
PRELID1P4	SRR7632889	2.068452327732724
PRELID1P4	SRR7632890	1.1021455850880635
PRELID1P4	SRR7632891	2.0944499413435196
PRELID1P4	SRR7632892	1.0058289958076159
PRELID1P4	SRR7632893	1.0382330459409663
PRELID1P4	SRR7632894	1.04730409167774
PRELID1P4	SRR7632895	2.023262422498203
PRELID1P4	SRR7632896	2.045585771885336
PRELID1P4	SRR7632897	4.016357727874806
PRELID1P4	SRR7632898	1.003747088789452
PRELID1P4	SRR7632899	2.0138802669990574
PRELID1P4	SRR7632900	2.013388168479794
PRELID1P4	SRR7632901	1.0063642497626564
PRELID1P4	SRR7632902	1.0438489006745157
PRELID1P4	SRR7632903	2.0088615800394773
PRELID1P4	SRR7632904	1.052639407087551
PRELID1P4	SRR7632905	1.0931788245138465
PRELID1P4	SRR7632906	1.016476826235516
PRELID1P4	SRR7632907	1.0277502386473942
PRELID1P4	SRR7632908	4.016150035388813
PRELID1P4	SRR7632909	3.0103664515386606
PRELID1P4	SRR7632910	1.0381442455517274
PRELID1P4	SRR7632911	1.0129819287449684
PRELID1P4	SRR7632912	2.031316035458598
PRELID1P4	SRR7632913	1.0588628832226115
PRELID1P4	SRR7632914	2.0625887223008044
PRELID1P4	SRR7632915	2.0899322316958573
PRELID1P4	SRR7632916	2.039927640612705
PRELID1P4	SRR7632917	1.0525477213847285
PRELID1P4	SRR7632918	1.0259071739140957
PRELID1P4	SRR7632919	1.0087162263813345
PRELID1P4	SRR7632920	2.023219655142726
PRELID1P4	SRR7632921	2.024368120798619
PRELID1P4	SRR7632922	1.008703153846645
PRELID1P4	SRR7632923	4.041791939242394
PRELID1P4	SRR7632924	1.029554096116037
PRELID1P4	SRR7632925	1.0351205406829784
PRELID1P4	SRR7632926	3.0555176912609334
PRELID1P4	SRR7632927	4.082486829274933
PRELID1P4	SRR7632928	2.0066529193759526
PRELID1P4	SRR7632929	1.0408852031443403
PRELID1P4	SRR7632930	1.0009001286274537
PRELID1P4	SRR7632931	1.0007200381067656
PRELID1P4	SRR7632932	1.0257541376073018
PRELID1P4	SRR7632933	1.0212809727621546
PRELID1P4	SRR7632934	2.0088370618745763
PRELID1P4	SRR7632935	1.0101127750180565
PRELID1P4	SRR7632936	1.02112601210436
PRELID1P4	SRR7632937	1.0144478283854719
PRELID1P4	SRR7632938	1.0267598473930304
PRELID1P4	SRR7632939	1.0281771467044196
PRELID1P4	SRR7632940	4.026107455625691
PRELID1P4	SRR7632941	1.0215738909036738
PRELID1P4	SRR7632942	1.0358766269652808
PRELID1P4	SRR7632943	1
PRELID1P4	SRR7632944	1.0184271463668109
PRELID1P4	SRR7632945	1
PRELID1P4	SRR8928966	1.0088471102473964
PRELID1P4	SRR8928967	1.0170282299624092
PRELID1P4	SRR8928968	1.0083121068252079
PRELID1P4	SRR8928969	1.0083022278420297
PRELID1P4	SRR8928970	1.0095999056134282
PRELID1P4	SRR8928971	1.0076894214033043
PRELID1P4	SRR8928972	1.0535590264470536
PRELID1P4	SRR8928973	1.0059656349307404
PRELID1P4	SRR8928974	1.084964542884935
PRELID1P4	SRR8928975	1.0422268823538081
PRELID1P4	SRR8928976	1.0418215850993868
PRELID1P4	SRR8928977	1.0194654138015173
PRELID1P4	SRR8928978	1.018615945849788
PRELID1P4	SRR8928979	1.019328713740916
PRELID1P4	SRR8928980	1.0157058979511975
PRELID1P4	SRR8928981	1.011720751030811
PRELID1P4	SRR8928982	2.022852032721401
PRELID1P4	SRR8928983	2.0038130471001825
PRELID1P4	SRR8928984	1.005572915612441
PRELID1P4	SRR8928985	1.0167967514698188
PRELID1P4	SRR8928986	2.0180260684375204
PRELID1P4	SRR8928987	6
PRELID1P4	SRR8928988	4
PRELID1P4	SRR8928989	1.0173441049815872
PRELID1P4	SRR8928990	1.010567215117064
PRELID1P4	SRR8928991	1.0177418771007531
PRELID1P4	SRR9835604	1.0142586981600068
PRELID1P4	SRR9835605	1.0055285640802187
PRELID1P4	SRR9835606	1.0021269302544924
PRELID1P4	SRR9835607	1.0089702127219256
PRELID1P4	SRR9835608	1.0145480117591426
PRELID1P4	SRR9835609	5
PRELID1P4	SRR9835610	2.009211374738175
PRELID1P4	SRR9835611	1.0010802515574013
PRELID1P4	SRR9835612	1.0026585923618834
PRELID1P4	SRR9835613	2.011814723525772
PRELID1P4	SRR9835614	1.0098834104700367
PRELID1P4	SRR9835615	1.0391223290810894
PRELID1P4	SRR9835616	1.0073913876363687
PRELID1P4	SRR9835617	1.0229877020749545
PRELID1P4	SRR9835618	2.010648505674227
PRELID1P4	SRR9835619	2
PRELID1P4	SRR9835620	1.0046895250904808
PRELID1P4	SRR9835621	1.0065161971835763
PRELID1P4	SRR9835622	1.0027334775314678
PRELID1P4	SRR9835623	1.000179960941952
PRELID1P4	SRR9835624	1.0219149183661382
PRELID1P4	SRR9835625	2.0061552189497833
PRELID1P4	SRR9835626	2.015029215298066
PRELID1P4	SRR9835627	1.002042629816068
PRELID1P4	SRR9835628	3.0214341401028055
PRELID1P4	SRR9835629	2.0400408685818374
PRELID1P4	SRR9835630	2.1107237834370345
PRELID1P4	SRR9835631	2.1606436466774412
PRELID1P4	SRR9835632	2.004550341426348
PRELID1P4	SRR9835633	1.0073851852087703
PRELID1P4	SRR9835634	1.0061984068651417
PRELID1P4	SRR9835635	1.0097721205463759
PRELID1P4	SRR9835636	3.0059440576506202
PRELID1P4	SRR9835637	1.0044296285233594
PRELID1P4	SRR9835638	5.0477771819004
PRELID1P4	SRR9835639	2.0205862214080743
PRELID1P4	SRR9835640	1.0165576694950156
PRELID1P4	SRR9835641	1.0037998635777572
PRELID1P4	SRR9835642	1.005744383945818
PRELID1P4	SRR9835643	3.0114500457966886
PRELID1P4	SRR9835644	2.006454895998502
PRELID1P4	SRR9835645	1.0291406134587315
PRELID1P4	SRR9835646	1.0091888588653615
PRELID1P4	SRR9835647	1.0024033193392368
PRELID1P4	SRR9835648	1.0297706722545683
PRELID1P4	SRR9835649	1.011356708865119
PRELID1P4	SRR9835650	1.003794007351424
PRELID1P4	SRR9835651	2.001440076213531
PRELID1P4	SRR9835652	1.0155197645862681
PRELID1P4	SRR9835653	1.0027641386941393
PRELID1P4	SRR9835654	2.0200921377507326
PRELID1P4	SRR9835655	1.005099033703485
PRELID1P4	SRR9835656	1.0026450268886613
PRELID1P4	SRR9835657	1.014825837108375
PRELID1P4	SRR9835658	2.004023981429434
PRELID1P4	SRR9835659	1.0058777676606245
PRELID1P4	SRR9835660	2.014872232960172
PRELID1P4	SRR9835661	2.008022415281187
PRELID1P4	SRR9835662	1.0119165119784397
PRELID1P4	SRR9835663	2.0397967842735047
PRELID1P4	SRR9835664	2.0034525039004247
PRELID1P4	SRR9835665	3.012216944649585
PRELID1P4	SRR9835666	3
PRELID1P4	SRR9835667	1.008216661169957
PRELID1P4	SRR9835668	1
PRELID1P4	SRR9835669	1.0264232618093723
PRELID1P4	SRR9835670	2.0271627856614356
PRELID1P4	SRR9835671	2.026633408812453
PRELID1P4	SRR9835672	2.0034525039004247
PRELID1P4	SRR9835673	1.0225501145506797
PRELID1P4	SRR9835674	4.001861034530316
PRELID1P4	SRR9835675	1.0053242528371136
PRELID1P4	SRR9835676	1.0888102986472097
PRELID1P4	SRR9835677	2.0052558688529287
PRELID1P4	SRR9835678	2.011789241659467
PRELID1P4	SRR9835679	3.857831161005041
PRELID1P4	SRR9835680	1.024155415648097
PRELID1P4	SRR9835681	1.003004620275643
PRELID1P4	SRR9835682	1.0602022500176214
PRELID1P4	SRR9835683	1.0062291739769658
PRELID1P4	SRR9835684	1.0249675723992049
PRELID1P4	SRR9835685	2.0100136777095443
PRELID1P4	SRR9835686	2.0264732561614456
PRELID1P4	SRR9835687	2.0092632403392785
PRELID1P4	SRR9835688	3
PRELID1P4	SRR9835689	2.014503203207837
PRELID1P4	SRR9835690	2.0040018396805337
PRELID1P4	SRR9835691	1.0088088254590628
PRELID1P4	SRR9835692	2.0357502182285736
PRELID1P4	SRR9835693	2.0079674922843656
PRELID1P4	SRR9835694	2.0203180645014234
PRELID1P4	SRR9835695	3.0152697855733184
PRELID1P4	SRR9835696	1.0096415363823084
PRELID1P4	SRR9835697	2.010034979163885
PRELID1P4	SRR9835698	1.0009307337307534
PRELID1P4	SRR9835699	1.0015766376392168
PRELID1P4	SRR9835700	2.004384627472826
PRELID1P4	SRR9835701	4.011166267332789
PRELID1P4	SRR9835702	2
PRELID1P4	SRR9835703	2.0021269581004013
PRELID1P4	SRR9835704	1.0045533536019593
PRELID1P4	SRR9835705	2.0078996199831276
PRELID1P4	SRR9835706	1.0786425861503106
PRELID1P4	SRR9835707	2.0021605031148026
PRELID1P4	SRR9835708	2.0020109797048735
PRELID1P4	SRR9835709	1.0003599542698447
PRELID1P4	SRR9835710	2.028506145313871
PRELID1P4	SRR9835711	2.0007199085396894
PRELID1P4	SRR9835712	1.0025056057608568
PRELID1P4	SRR9835713	2.0038130471001825
PRELID1P4	SRR9835714	1.001546012786343
PRELID1P4	SRR9835715	1.0049761091178548
PRELID1P4	SRR9835716	1.0029413626288513
PRELID1P4	SRR9835717	1.0034248015445335
PRELID1P4	SRR9835718	2.0308180435494125
PRELID1P4	SRR9835719	2.0170825968530437
PRELID1P4	SRR9835720	3.018665445408617
PRELID1P4	SRR9835721	1.0147479497795637
PRELID1P4	SRR9835722	2.0455509426017846
PRELID1P4	SRR9835723	2
PRELID1P4	SRR9835724	1.0069060376635988
PRELID1P4	SRR9835725	2.0547912004868882
PRELID1P4	SRR9835726	4.002880152427062
PRELID1P4	SRR9835727	1.0067684015571978
PRELID1P4	SRR9835728	1.0405909251580585
PRELID1P4	SRR9835729	3.0096920500983226
PRELID1P4	SRR9835730	3.0114916720437988
PRELID1P4	SRR9835731	2.1020216882056806
PRELID1P4	SRR9835732	2.009406825142395
PRELID1P4	SRR9835733	1.0044644481525995
PRELID1P4	SRR9835734	1.002553057138948
PRELID1P4	SRR9835735	1.0018010674864533
PRELID1P4	SRR9835736	1.0119742595178156
PRELID1P4	SRR9835737	4.008347310367268
PRELID1P4	SRR9835738	1.0017842829024082
PRELID1P4	SRR9835739	3.0811930636131337
PRELID1P4	SRR9835740	3.0897684988253484
PRELID1P4	SRR9835741	1.005276670296832
PRELID1P4	SRR9835742	5.093431007952272
PRELID1P4	SRR9835743	1.0342119740740032
PRELID1P4	SRR9835744	2.0116307748808167
PRELID1P4	SRR9835745	1.022326615823064
PRELID1P4	SRR9835746	1.0107941715568822
PRELID1P4	SRR9835747	1.0052459323093745
PRELID1P4	SRR9835748	2.0608549564329586
PRELID1P4	SRR9835749	3
PRELID1P4	SRR9835750	1.0082981694634305
PRELID1P4	SRR9835751	1.0080480222430843
PRELID1P4	SRR9835752	1.040454512254464
PRELID1P4	SRR9835753	1.0104884861324797
PRELID1P4	SRR9835754	1.0013658060526471
PRELID1P4	SRR9835755	2.028833885045216
PRELID1P4	SRR9835756	2.092812664640777
PRELID1P4	SRR9835757	2.0079946594557145
PRELID1P4	SRR9835758	2.0114609641526155
PRELID1P4	SRR9835759	2.0130176724874675
PRELID1P4	SRR9835760	1
PRELID1P4	SRR9835761	1.000179960941952
PRELID1P4	SRR9835762	1.1023719914822634
PRELID1P4	SRR9835763	1.0028985763366107
PRELID1P4	SRR9835764	1.0025931784597333
PRELID1P4	SRR9835765	0.8586414762387632
PRELID1P4	SRR9835766	1.0257855942277956
PRELID1P4	SRR9835767	1.0369668007927877
PRELID1P4	SRR9835768	3
PRELID1P4	SRR9835769	1
PRELID1P4	SRR9835770	2.0397944255081195
PRELID1P4	SRR9835771	1.0054132343880438
PRELID1P4	SRR9835772	1.012507584036827
PRELID1P4	SRR9835773	3
PRELID1P4	SRR9835774	2.070241081365957
PRELID1P4	SRR9835775	2.0100669211716657
PRELID1P4	SRR9835776	2.0063386668959495
PRELID1P4	SRR9835777	1.002447533024164
PRELID1P4	SRR9835778	1.0041473056389194
PRELID1P4	SRR9835779	2.0139962234358246
PRELID1P4	SRR9835780	1.001546012786343
PRELID1P4	SRR9835781	1.0252236336284462
PRELID1P4	SRR9835782	2.0099185426757322
PRELID1P4	SRR9835783	4
PRELID1P4	SRR9835784	2.008077339780291
PRELID1P4	SRR9835785	2.087792696808827
PRELID1P4	SRR9835786	3.0288767044990155
PRELID1P4	SRR9835787	4.011233473175885
PRELID1P4	SRR9835788	1.0016514420012725
PRELID1P4	SRR9835789	1
PRELID1P4	SRR9835790	2.0141744828451875
PRELID1P4	SRR9835791	1.0271261374648186
PRELID1P4	SRR9835792	1.9856200456722768
PRELID1P4	SRR9835793	3.0059440576506202
PRELID1P4	SRR9835794	1.000179960941952
PRELID1P4	SRR9835795	1.0567801380566075
PRELID1P4	SRR9835796	3.017036306175669
PRELID1P4	SRR9835797	1
PRELID1P4	SRR9835798	2.003092025572686
PRELID1P4	SRR9835799	4.007858259782368
PRELID1P4	SRR9835800	2.0022764901723633
PRELID1P4	SRR9835801	2.010005460069825
PRELID1P4	SRR9835802	2.0079332617166834
PRELID1P4	SRR9867812	9
PRELID1P4	SRR9867813	1.772685584896256
PRELID1P4	SRR9867814	8.809607899051056
PRELID1P4	SRR9867815	5
PRELID1P4	SRR9867816	4.002159919958025
PRELID1P4	SRR9867817	11.17944196350667
PRELID1P4	SRR9867818	4.0011409854296955
PRELID1P4	SRR9867819	1.0422191398357938
PRELID1P4	SRR9867820	3.007026060049086
PRELID1P4	SRR9867821	3
PRELID1P4	SRR9867822	24.315197922350478
PRELID1P4	SRR9867823	5.000899804709761
PRELID1P4	SRR9867824	6.523870976587483
PRELID1P4	SRR9867825	1.4028262544101162
PRELID1P4	SRR9867826	6.664516838699919
PRELID1P4	SRR9867827	3
PRELID1P4	SRR9867828	6.089767809270788
PRELID1P4	SRR9867829	3.7954890686168072
PRELID1P4	SRR9867830	5.010059953573585
PRELID1P4	SRR9867831	6.197094462901168
PRELID1P4	SRR9879292	1.606407726721768
PRELID1P4	SRR9879293	2.030576221037958
PRELID1P4	SRR9879294	1.0204975926045814
PRELID1P4	SRR9879295	1.0201804361038371
PRELID1P4	SRR9879296	1.0125162691935943
PRELID1P4	SRR9879297	1.0160326211514135
PRELID1P4	SRR9879298	1.0114727203258032
PRELID1P4	SRR9879299	1.004672692112038
PRELID1P4	SRR9879300	1.0154291543241525
PRELID1P4	SRR9879301	4.009651133244096
PRELID1P4	SRR9879302	1.0113873374009947
PRELID1P4	SRR9879303	2.011099044874141
PRELID1P4	SRR9879304	1.0171630497984254
PRELID1P4	SRR9879305	2.022243148769279
PRELID1P4	SRR9879306	1
PRELID1P4	SRR9879307	1.562895342733441
PRELID1P4	SRR9879308	1.012128691075505
PRELID1P4	SRR9879309	5.057369449833156
PRELID1P4	T50_307	2.012466196818904
PRELID1P4	T50_313	4.068535588425231
PRELID1P4	T50_317	1.017912202260729
PRELID1P4	T50_324	4.048586091476487
PRELID1P4	T50_427	1.0173634427914857
PRELID1P4	T50_428	2.015679897669142
PRELID1P4	T50_431	3.0185543804999577
PRELID1P4	T50_436	5.043577096956261
PRELID1P4	T50_476	1.008350698322557
PRELID1P4	UN_307	1.0133098244040084
PRELID1P4	UN_313	2.0290620272151787
PRELID1P4	UN_317	8.066855012395727
PRELID1P4	UN_324	1.0221880902289606
PRELID1P4	UN_427	1.0090657297142456
PRELID1P4	UN_428	1.0107927868178097
PRELID1P4	UN_431	2.021400731600922
PRELID1P4	UN_436	2.0171805233037783
PRELID1P4	UN_476	3.0307102427823382
