Gene	sample	counts
RNU6-669P	CM317	1.0496947053399786
RNU6-669P	CMCD140	1.0092852040017053
RNU6-669P	CMCD147	1.0387377232738804
RNU6-669P	CMCD152	1
RNU6-669P	CMCD154	1.0097029263832331
RNU6-669P	CMCD159	1.0826308846263835
RNU6-669P	CMCD161	1.0030637444667863
RNU6-669P	CMCD174	1.0883603953024104
RNU6-669P	CMCD196	1.0088734782641728
RNU6-669P	CMCD198	1.027928565649914
RNU6-669P	CMCD203	1.0031790985514153
RNU6-669P	CMCD211	0.8015566318744244
RNU6-669P	CMCD227	0.8192952006583658
RNU6-669P	CMCD240	0.9256708984213363
RNU6-669P	CMCD259	1
RNU6-669P	CMCD270	1.005170859507078
RNU6-669P	CMCD275	1.0084289351631328
RNU6-669P	CMCD282	1.0127082910163139
RNU6-669P	CMCD286	0.9360259523322331
RNU6-669P	CMCD287	1
RNU6-669P	CMCD294	1.061130699852429
RNU6-669P	CMCD327	1.0050818994069226
RNU6-669P	CMCD335	1.0046546976589779
RNU6-669P	CMCD337	1.0066357688747274
RNU6-669P	CMCD357	1.0203676217787498
RNU6-669P	CMCD398	1.0058055966749162
RNU6-669P	CMCD403	1.007131956762018
RNU6-669P	CMCD422	1.002086827591817
RNU6-669P	CMCD426	1.109996027604914
RNU6-669P	CMCD71	1.0063256548892079
RNU6-669P	CMCD72	1.1440405671509037
RNU6-669P	CMCD76	1.0022671640812284
RNU6-669P	CMCD88	1.000179960941952
RNU6-669P	CMSA256	1
RNU6-669P	CMSA316	1.0080145694811098
RNU6-669P	CMUC110	1
RNU6-669P	CMUC192	1.0131538458119358
RNU6-669P	CMUC199	1.0266064941522361
RNU6-669P	CMUC200	1.0023284588262065
RNU6-669P	CMUC208	1.0024434346676425
RNU6-669P	CMUC231	1
RNU6-669P	CMUC234	1
RNU6-669P	CMUC285	1.0109066424484112
RNU6-669P	CMUC291	1.0065605922780039
RNU6-669P	CMUC295	1.0009001286274537
RNU6-669P	CMUC299	1.0029139303926111
RNU6-669P	CMUC301	1.0005399799895063
RNU6-669P	CMUC307	1.0027530595094736
RNU6-669P	CMUC313	1.0406199795536664
RNU6-669P	CMUC314	1.0531743294773983
RNU6-669P	CMUC323	1.0232441215691963
RNU6-669P	CMUC324	1.0009001286274537
RNU6-669P	CMUC331	1.008979678815539
RNU6-669P	CMUC333	1.0226855040011238
RNU6-669P	CMUC334	1.0147637781192929
RNU6-669P	CMUC346	1.0107140402598958
RNU6-669P	CMUC352	1.0059528932594937
RNU6-669P	CMUC360	1.0012604069024411
RNU6-669P	CMUC363	1.0255367303100333
RNU6-669P	CMUC365	1.0065437279509373
RNU6-669P	CMUC366	1.0032749335441427
RNU6-669P	CMUC368	1
RNU6-669P	CMUC377	1.0040587302830086
RNU6-669P	CMUC379	1.0664515526402574
RNU6-669P	CMUC380	1.0176874450837656
RNU6-669P	CMUC383	1.0137840525909332
RNU6-669P	CMUC394	1.007265338334756
RNU6-669P	CMUC419	1.024221051989512
RNU6-669P	CMUC427	1
RNU6-669P	CMUC428	1.0062427879425755
RNU6-669P	CMUC431	1.0018317001382826
RNU6-669P	CMUC435	1.0048874606535836
RNU6-669P	CMUC439	1.0063179408035714
RNU6-669P	CMUC89	1
RNU6-669P	CS219	1.002447533024164
RNU6-669P	CS256	1.0022671640812284
RNU6-669P	CS257	1.089979985878173
RNU6-669P	CS259	1.0015292324755884
RNU6-669P	CS261	1.0227433496373879
RNU6-669P	CS266	1.0344406863242126
RNU6-669P	CS270	1.0125793616529746
RNU6-669P	CS277	5.661120567721774
RNU6-669P	CS288	1.0089179773327999
RNU6-669P	CS290	1.007935358827293
RNU6-669P	CS292	1.0136016438843358
RNU6-669P	CS293	1.0159883878434666
RNU6-669P	CS301	1.0255014806521223
RNU6-669P	CS306	1.0369877958728642
RNU6-669P	CS308	1.0254014198472583
RNU6-669P	CS315	1.0265836055430344
RNU6-669P	CS317	1.0691022518554174
RNU6-669P	CS322	1.0131677901654654
RNU6-669P	CS327	1.0046854175679107
RNU6-669P	CS328	1.0532227797951625
RNU6-669P	CS330	1.0732794536999326
RNU6-669P	CS331	1.0183441621534113
RNU6-669P	CS335	0.5045325239340371
RNU6-669P	CS338	1.0294503626489493
RNU6-669P	CS339	1.1642104248974183
RNU6-669P	CS343	1.0079313245495483
RNU6-669P	CS344	1.0136851471582224
RNU6-669P	CS350	1.021809713154857
RNU6-669P	CS351	1.0082169227776983
RNU6-669P	CS361	1.0231543575157043
RNU6-669P	CS388	1.0331387058791355
RNU6-669P	CS396	1.010589221555441
RNU6-669P	CS405	1.023931692107002
RNU6-669P	CS415	1.0725849893611923
RNU6-669P	CS424	1.0352517578472156
RNU6-669P	IM293	1.005276670296832
RNU6-669P	IM296	1.064463289332191
RNU6-669P	IM297	1.0944885764691814
RNU6-669P	IM300	1
RNU6-669P	IM305	1.0098834104700367
RNU6-669P	IM309	1.0649644397817766
RNU6-669P	IM310	1.0133773385295795
RNU6-669P	IM311	1.0123286697107707
RNU6-669P	IM316	1.00503432833736
RNU6-669P	IM320	1.0454213547260982
RNU6-669P	IM330	1.01011866810866
RNU6-669P	IM332	1.0290904121726339
RNU6-669P	IM340	1.0535879064802887
RNU6-669P	IM348	1.034853198121328
RNU6-669P	IM354	1.007131956762018
RNU6-669P	IM356	1.007966474352951
RNU6-669P	IM364	1.016813207554994
RNU6-669P	IM372	0.9790012480305632
RNU6-669P	IM374	1.0474599361127908
RNU6-669P	IM376	1.014079534585469
RNU6-669P	IM381	1.0123114121679178
RNU6-669P	IM382	1.0307681061453446
RNU6-669P	IM385	1
RNU6-669P	IM390	1.0273630104120455
RNU6-669P	IM397	1.0111260044482688
RNU6-669P	IM404	1.0028664619341938
RNU6-669P	IM409	1.0056553730873352
RNU6-669P	IM412	3
RNU6-669P	IM421	1.0155577247460867
RNU6-669P	IM425	1.0520033799095727
RNU6-669P	IM432	1.0393271099875068
RNU6-669P	IM438	1
RNU6-669P	IM442	1.0408884293487235
RNU6-669P	IM445	1.0112874661338156
RNU6-669P	IM448	1.021809713154857
RNU6-669P	IM449	1.0083227925805054
RNU6-669P	IM451	1.005112632378651
RNU6-669P	IMSA256	1.0040554922457436
RNU6-669P	IMSA276	1
RNU6-669P	IMSA286	1
RNU6-669P	IMSA343	1.0123997266953233
RNU6-669P	IS_238	1
RNU6-669P	IS238	0.5115914966368759
RNU6-669P	IS243	1
RNU6-669P	IS253	1
RNU6-669P	IS283	1
RNU6-669P	IS322	1.0103131867970327
RNU6-669P	IS399	1.0069400737425076
RNU6-669P	IS418	1.0908267191361551
RNU6-669P	IS430	1.0818719286848866
RNU6-669P	IS437	1.0791582738983603
RNU6-669P	IS444	1.0366814403266558
RNU6-669P	R276CMSA	1.061719097392973
RNU6-669P	R286CMSA	1
RNU6-669P	R292CMSA	1.0041473056389194
RNU6-669P	R292IMSA	1.073657155188672
RNU6-669P	R308CMSA	1.06717128675431
RNU6-669P	R316IMSA	1.0192539459593348
RNU6-669P	R347CMSA	1.063497692354949
RNU6-669P	R347IMSA	1.0621981468028772
RNU6-669P	R371CMSA	1.003980508346738
RNU6-669P	SRR10104064	1.1094515272513297
RNU6-669P	SRR10104065	1.0058572527884204
RNU6-669P	SRR10104066	1.0187395055126454
RNU6-669P	SRR10104067	1.023057146473477
RNU6-669P	SRR10104068	1.0046558594156214
RNU6-669P	SRR10104069	1.0114572698828992
RNU6-669P	SRR10104070	1.0293904998541934
RNU6-669P	SRR10104071	1.1606052908522344
RNU6-669P	SRR10104072	1.0698874845957154
RNU6-669P	SRR10104073	1.044654039124863
RNU6-669P	SRR10104074	1.095822342836796
RNU6-669P	SRR10104075	1.1510100695372476
RNU6-669P	SRR10104076	1.0276547583233047
RNU6-669P	SRR10104077	1.100777777658168
RNU6-669P	SRR10104078	1.0414272361609767
RNU6-669P	SRR10104079	1.0895071357309336
RNU6-669P	SRR10104080	1.121518162035866
RNU6-669P	SRR10104081	1.0158440725472526
RNU6-669P	SRR10104082	1.0822514404163561
RNU6-669P	SRR10104083	1.0631988390336564
RNU6-669P	SRR10104084	1.067846735357961
RNU6-669P	SRR10104085	1.0222173271187234
RNU6-669P	SRR10104086	1.024784508800748
RNU6-669P	SRR10104087	1.0032000079380652
RNU6-669P	SRR10104088	1.0091134916012459
RNU6-669P	SRR10104089	1.1347456128596176
RNU6-669P	SRR10104090	1.0263035277348909
RNU6-669P	SRR10104091	1.0420863331254986
RNU6-669P	SRR10104092	1.0127338855518124
RNU6-669P	SRR10104093	1.034297644620457
RNU6-669P	SRR10104094	1.0340224493748036
RNU6-669P	SRR10104095	1.0540616053506102
RNU6-669P	SRR10104096	1.145718575159829
RNU6-669P	SRR10104097	1.0631209277390947
RNU6-669P	SRR10104098	1.0297617779816932
RNU6-669P	SRR10104099	1.0474771062612767
RNU6-669P	SRR10104100	1.0290641027802212
RNU6-669P	SRR10104101	1.0055761585433334
RNU6-669P	SRR10104102	1.0153169306923229
RNU6-669P	SRR10104103	1.05208117298879
RNU6-669P	SRR10104104	1.0154976077084612
RNU6-669P	SRR10104105	1.0808351888270706
RNU6-669P	SRR10104106	1.1304558697538387
RNU6-669P	SRR10104107	1.00957560699629
RNU6-669P	SRR10104108	1.0068572159530078
RNU6-669P	SRR10104109	1.1183964997691782
RNU6-669P	SRR10104110	1.1898566945611233
RNU6-669P	SRR10104111	1.0327102204719922
RNU6-669P	SRR10104112	1.186621143391241
RNU6-669P	SRR10104113	1.0358394085966935
RNU6-669P	SRR10104114	1.1728061185225533
RNU6-669P	SRR10104115	1.14422200397898
RNU6-669P	SRR10104116	1.0467296948207412
RNU6-669P	SRR10104117	1.038848634824914
RNU6-669P	SRR10104118	1.143352850751477
RNU6-669P	SRR10104119	1.1898188257203337
RNU6-669P	SRR10104120	1.0270705483762537
RNU6-669P	SRR10104121	1.0817747165060128
RNU6-669P	SRR10104122	1.0894989096112995
RNU6-669P	SRR10104123	1.082048079369872
RNU6-669P	SRR10104124	1.1164136874736872
RNU6-669P	SRR10104125	1.0998082352268765
RNU6-669P	SRR10104126	1.0394547176893827
RNU6-669P	SRR10104127	1.1858382433832468
RNU6-669P	SRR10104128	1.0287766983431799
RNU6-669P	SRR10104129	1.026295765603751
RNU6-669P	SRR10104130	1.041146918346077
RNU6-669P	SRR10104131	1.0113290464541402
RNU6-669P	SRR10104132	1.007213437136861
RNU6-669P	SRR10104133	1.1637684274221152
RNU6-669P	SRR10104134	1.0301069188305016
RNU6-669P	SRR10104135	1.100806080320317
RNU6-669P	SRR10104136	1.015016246826139
RNU6-669P	SRR10104137	1.107740379806039
RNU6-669P	SRR10104138	1.195501466366171
RNU6-669P	SRR10104139	1.011356708865119
RNU6-669P	SRR10104140	1.1423063013482577
RNU6-669P	SRR10104141	1.059516503163875
RNU6-669P	SRR10104142	1.0513197704930992
RNU6-669P	SRR10104143	1.0081784003065664
RNU6-669P	SRR10104144	1.0594651714413874
RNU6-669P	SRR10104145	1.0623428698869635
RNU6-669P	SRR10104146	1.009621630502804
RNU6-669P	SRR10104147	1.001709468619657
RNU6-669P	SRR10104148	1.0516475471177122
RNU6-669P	SRR10104149	1.0467449900052073
RNU6-669P	SRR10104150	1.0116270753464878
RNU6-669P	SRR10104151	1.0076559805417438
RNU6-669P	SRR10104152	1.0056216750483238
RNU6-669P	SRR10104153	1.1019297495172091
RNU6-669P	SRR10104154	1.0305255485236042
RNU6-669P	SRR10104155	1.0878745919585404
RNU6-669P	SRR10104156	1.0040587302830086
RNU6-669P	SRR10104157	1.048915508528946
RNU6-669P	SRR10104158	1.020515544249276
RNU6-669P	SRR10104159	1.0126004669704767
RNU6-669P	SRR10104160	1.1246452493735022
RNU6-669P	SRR10104161	1.0017262519502124
RNU6-669P	SRR10104162	1.0203379943833408
RNU6-669P	SRR10104163	1.0300988116116585
RNU6-669P	SRR10104164	1.0196346259197715
RNU6-669P	SRR10104165	1.0382728925974472
RNU6-669P	SRR10104166	1.0407462625761652
RNU6-669P	SRR10104167	1.0225819466033605
RNU6-669P	SRR10104168	1.028619155105796
RNU6-669P	SRR10104169	1.0246876051078921
RNU6-669P	SRR10104170	1.0300621533967607
RNU6-669P	SRR10104171	1.0239774453836796
RNU6-669P	SRR10104172	1.0338434316089917
RNU6-669P	SRR10104173	1.0603886751096372
RNU6-669P	SRR10104174	1.0338308135451142
RNU6-669P	SRR10104175	1.0224777066753272
RNU6-669P	SRR10104176	1.02249117212648
RNU6-669P	SRR10104177	1.0253301392642815
RNU6-669P	SRR10104178	1.0384147366527665
RNU6-669P	SRR10104179	1.0346450273897643
RNU6-669P	SRR10104180	1.0219501836121274
RNU6-669P	SRR10104181	1.0267665308530658
RNU6-669P	SRR10104182	1.035134385886849
RNU6-669P	SRR10104183	1.0476481310619528
RNU6-669P	SRR10104184	1.0212735079721074
RNU6-669P	SRR10104185	1.063606994083587
RNU6-669P	SRR10104186	1.0329452604392448
RNU6-669P	SRR10104187	1.0769831789043174
RNU6-669P	SRR10104188	1.0538655428853925
RNU6-669P	SRR10104189	1.0595562598302013
RNU6-669P	SRR10104190	1.1456942406975419
RNU6-669P	SRR10104191	1.1375415852920412
RNU6-669P	SRR10104192	1.026052966107226
RNU6-669P	SRR10104193	1.039842399081235
RNU6-669P	SRR10104194	1.0428799048858834
RNU6-669P	SRR10104195	1.041874169755153
RNU6-669P	SRR10104196	1.0406484493629597
RNU6-669P	SRR10104197	1.016827778198725
RNU6-669P	SRR10104198	1.025845924075245
RNU6-669P	SRR10104199	1.0822812473676409
RNU6-669P	SRR10104200	1.0353416618928366
RNU6-669P	SRR10104201	1.0262034008940275
RNU6-669P	SRR10104202	1.0661565199682426
RNU6-669P	SRR10104203	1.0226367394548255
RNU6-669P	SRR10104204	1.0313459546081654
RNU6-669P	SRR10104205	1.0268650017331544
RNU6-669P	SRR10104206	1.0287660812770658
RNU6-669P	SRR10104207	1.0327220098173928
RNU6-669P	SRR10104208	1.0176351169212208
RNU6-669P	SRR10104209	1.0231628517195777
RNU6-669P	SRR10104210	1.0263049337229564
RNU6-669P	SRR10104211	1.0187630485926629
RNU6-669P	SRR10104212	1.0187543126316272
RNU6-669P	SRR10104213	1.058921503370994
RNU6-669P	SRR10104214	1.0299744390521086
RNU6-669P	SRR10104215	1.0107140402598958
RNU6-669P	SRR10104216	1.060640170595656
RNU6-669P	SRR10104217	1.02491390827642
RNU6-669P	SRR10104218	1.0636360366675373
RNU6-669P	SRR10104219	1.0633498186525099
RNU6-669P	SRR10104220	1.03511691930575
RNU6-669P	SRR10104221	1.0872363603035893
RNU6-669P	SRR10104222	1.0381384685659298
RNU6-669P	SRR10104223	1.1766327257469633
RNU6-669P	SRR10104224	1.0253851067334427
RNU6-669P	SRR10104225	1.0314165053623716
RNU6-669P	SRR10104226	1.0388893560726131
RNU6-669P	SRR10104227	1.074938615735897
RNU6-669P	SRR10104228	1.1189120562490085
RNU6-669P	SRR10104229	1.0371677751979662
RNU6-669P	SRR10104230	1.101165214661461
RNU6-669P	SRR10104231	1.0760855121352966
RNU6-669P	SRR10104232	1.0597726421651714
RNU6-669P	SRR10104233	1.0718133708527031
RNU6-669P	SRR10104234	1.0233588556108677
RNU6-669P	SRR10104235	1.043603481105794
RNU6-669P	SRR10104236	1.0093078766201782
RNU6-669P	SRR10104237	1.0184909964241078
RNU6-669P	SRR10104238	1.0703034082552154
RNU6-669P	SRR10104239	1.0611784078973197
RNU6-669P	SRR10104240	1.0723812048685664
RNU6-669P	SRR10104241	1.0400598513679928
RNU6-669P	SRR10104242	1.063845639897752
RNU6-669P	SRR10104243	1.06730685614599
RNU6-669P	SRR10104244	1.039511551636178
RNU6-669P	SRR10104245	1.040779809770632
RNU6-669P	SRR10104246	1.1058002069903252
RNU6-669P	SRR10104247	1.0564288046419525
RNU6-669P	SRR10104248	1.0740857704182307
RNU6-669P	SRR10104249	1.0271816644146015
RNU6-669P	SRR10104250	1.153013547676236
RNU6-669P	SRR10104251	1.0466047478518792
RNU6-669P	SRR10104252	1.1796947867396619
RNU6-669P	SRR10104253	1.0961853754741664
RNU6-669P	SRR10104254	1.0372141130641137
RNU6-669P	SRR10104255	1.0309957549391915
RNU6-669P	SRR10104256	1.0293845436631004
RNU6-669P	SRR10104257	1.037517112746005
RNU6-669P	SRR10104258	1.0307926732391595
RNU6-669P	SRR10224277	1.0244173062905177
RNU6-669P	SRR10224278	1.0926635070500108
RNU6-669P	SRR10224279	1.089250843220296
RNU6-669P	SRR10224280	1.0227917534671278
RNU6-669P	SRR10224281	1.0161102598101706
RNU6-669P	SRR10224282	1.0501757282099426
RNU6-669P	SRR10224283	1.042245924204279
RNU6-669P	SRR10224284	1.1092008744415571
RNU6-669P	SRR10224285	1.1279661106950958
RNU6-669P	SRR10224286	1.0254224279077875
RNU6-669P	SRR10224287	1.033803410459708
RNU6-669P	SRR10224288	1.0962707234129587
RNU6-669P	SRR10224289	1.0935047184878017
RNU6-669P	SRR10224290	1.095529172881304
RNU6-669P	SRR10224291	1.0312113499898703
RNU6-669P	SRR10224292	1.0118581905327977
RNU6-669P	SRR10224293	1.0306192603558113
RNU6-669P	SRR10224294	1.0580047935764523
RNU6-669P	SRR10224295	1.0860783600082067
RNU6-669P	SRR10224296	1.0547229540206002
RNU6-669P	SRR10224297	1.1274808217665389
RNU6-669P	SRR10224298	1.0332224020270313
RNU6-669P	SRR10318388	1.007335826080517
RNU6-669P	SRR10318389	1.0047034125711976
RNU6-669P	SRR10318390	1.0123022113887696
RNU6-669P	SRR10318391	1.011851664163083
RNU6-669P	SRR10318392	1.0138553266422912
RNU6-669P	SRR10318393	1.0028083682939712
RNU6-669P	SRR10318394	1.0131779337217366
RNU6-669P	SRR10318395	1.0044169063073385
RNU6-669P	SRR10318396	1.0079492911740628
RNU6-669P	SRR10318397	1.0058194995827097
RNU6-669P	SRR10318398	1.0034248015445335
RNU6-669P	SRR10318399	1.0501074458020174
RNU6-669P	SRR10318400	1.0147756454841836
RNU6-669P	SRR10318401	1.0036053788169974
RNU6-669P	SRR10318402	1.0042087153660115
RNU6-669P	SRR10318403	1.004809174154462
RNU6-669P	SRR10318404	1.0017262519502124
RNU6-669P	SRR10318405	1.0024033193392368
RNU6-669P	SRR10318406	1.0045332833268676
RNU6-669P	SRR10318407	1.0098124708404557
RNU6-669P	SRR10318408	1.0030026986051792
RNU6-669P	SRR10318409	1.003152525939443
RNU6-669P	SRR10318410	1.0040554922457436
RNU6-669P	SRR10318411	1.0036365750295506
RNU6-669P	SRR10318412	1.0048260094196193
RNU6-669P	SRR10318413	1.0038166819322296
RNU6-669P	SRR10318414	1.0058946208297335
RNU6-669P	SRR10318415	1.006478060580776
RNU6-669P	SRR10318416	1.009901553775856
RNU6-669P	SRR10318417	1.0071565815090566
RNU6-669P	SRR10318418	1.003747088789452
RNU6-669P	SRR10318419	1.0039837461421828
RNU6-669P	SRR10318420	1.0018010674864533
RNU6-669P	SRR10318421	1.0047436199473785
RNU6-669P	SRR10318422	1.002086827591817
RNU6-669P	SRR10318423	1.0014712162978496
RNU6-669P	SRR10318424	1.002086827591817
RNU6-669P	SRR10318425	1.0064830045107445
RNU6-669P	SRR10318426	1.0953414278907072
RNU6-669P	SRR10318427	1.108018223770156
RNU6-669P	SRR10318428	1.0013184108677915
RNU6-669P	SRR10318429	1.0039837461421828
RNU6-669P	SRR10318430	1.0085997241808262
RNU6-669P	SRR10318431	1.0051501237216312
RNU6-669P	SRR10318432	1.0016788397052576
RNU6-669P	SRR10318433	1.2750020383966563
RNU6-669P	SRR10318434	1.0030469387273355
RNU6-669P	SRR10318435	1.00593898850787
RNU6-669P	SRR10318436	1.0027334775314678
RNU6-669P	SRR10318437	1.0007200381067656
RNU6-669P	SRR10318438	1.0012604069024411
RNU6-669P	SRR10318439	1.0041002874283278
RNU6-669P	SRR10318440	1.0157338737818744
RNU6-669P	SRR10318441	1.002760904831865
RNU6-669P	SRR10318442	1.0286330408058433
RNU6-669P	SRR10318443	1.0022777857742395
RNU6-669P	SRR10318444	1.0084894405469222
RNU6-669P	SRR10318445	1.012049840442984
RNU6-669P	SRR10318446	1.0039498099915638
RNU6-669P	SRR10318447	1.0104267982146213
RNU6-669P	SRR10318448	1.0069124078551868
RNU6-669P	SRR10318449	1.002086827591817
RNU6-669P	SRR10318450	1.0051877008321608
RNU6-669P	SRR10318451	1
RNU6-669P	SRR10318452	1.006256696893515
RNU6-669P	SRR10318453	1.0198040239242185
RNU6-669P	SRR10318454	1.0047509679775968
RNU6-669P	SRR10318455	1.0060173630328704
RNU6-669P	SRR10318456	1.0065605922780039
RNU6-669P	SRR10318457	1.001546012786343
RNU6-669P	SRR10318458	1.0126930617379193
RNU6-669P	SRR10318459	1.006445823745561
RNU6-669P	SRR10318460	1.0039666308583417
RNU6-669P	SRR10318461	1.0035136149744603
RNU6-669P	SRR10318462	1.006666549360023
RNU6-669P	SRR10318463	1.0030944157282213
RNU6-669P	SRR10318464	1.0061954567107265
RNU6-669P	SRR10318465	1.0009001286274537
RNU6-669P	SRR10318466	1.0093704094610745
RNU6-669P	SRR10318467	1.0050609507965924
RNU6-669P	SRR10318468	1.0097343121328235
RNU6-669P	SRR10318469	1.0035136149744603
RNU6-669P	SRR10318470	1
RNU6-669P	SRR10318471	1
RNU6-669P	SRR10318472	1.0044000778964617
RNU6-669P	SRR10318473	1.0038748339850176
RNU6-669P	SRR10318474	1.0041780100330324
RNU6-669P	SRR10318475	1.0039973297278573
RNU6-669P	SRR10318476	1.0035749859475067
RNU6-669P	SRR10318495	1.0010802515574013
RNU6-669P	SRR10318496	1.0088054482891373
RNU6-669P	SRR10318497	1.0054703162308267
RNU6-669P	SRR10318498	1.0009001286274537
RNU6-669P	SRR10318499	1.0010054898524368
RNU6-669P	SRR10318500	1.005730776723367
RNU6-669P	SRR10318501	1.0048260094196193
RNU6-669P	SRR10318502	1.0005399799895063
RNU6-669P	SRR10318503	1.0018010674864533
RNU6-669P	SRR10318504	1.006604989330596
RNU6-669P	SRR10318505	1.0005399799895063
RNU6-669P	SRR10318506	1.0119197753671667
RNU6-669P	SRR10318507	1.0119742595178156
RNU6-669P	SRR10318508	1.0309684455084223
RNU6-669P	SRR10318509	1.0068435936744917
RNU6-669P	SRR10318510	1.007927987508717
RNU6-669P	SRR10318511	1.0012604069024411
RNU6-669P	SRR10318512	1.00761712043278
RNU6-669P	SRR10318513	1.0033056112632286
RNU6-669P	SRR10318514	1.0045976621199102
RNU6-669P	SRR10318515	1.0119306087919657
RNU6-669P	SRR10318516	1.005925378652516
RNU6-669P	SRR10318517	1.0026279344264644
RNU6-669P	SRR10318518	1.0071731309246519
RNU6-669P	SRR10318519	1.0047192251993753
RNU6-669P	SRR10318520	1.0019813525502068
RNU6-669P	SRR10318521	1.00361925131193
RNU6-669P	SRR10318522	1.0013658060526471
RNU6-669P	SRR10318523	1.0022671640812284
RNU6-669P	SRR10318524	1.0076746226166553
RNU6-669P	SRR10318525	1.0061984068651417
RNU6-669P	SRR10318526	1.0065161971835763
RNU6-669P	SRR10318527	1.0003599542698447
RNU6-669P	SRR10318528	1.0025362599557612
RNU6-669P	SRR10318529	1.0022671640812284
RNU6-669P	SRR10318530	1.0067403310744534
RNU6-669P	SRR10318531	1.0089179773327999
RNU6-669P	SRR10318532	1.0082536977318846
RNU6-669P	SRR10318533	1.0231907162447254
RNU6-669P	SRR10318534	1.0175665606361486
RNU6-669P	SRR10318535	1.0154976077084612
RNU6-669P	SRR10318536	1.0040554922457436
RNU6-669P	SRR10318537	1.0108415032166953
RNU6-669P	SRR10318538	1.0018317001382826
RNU6-669P	SRR10318539	1.0072166853583673
RNU6-669P	SRR10318540	1.0054502276354615
RNU6-669P	SRR10318541	1.0070904892371237
RNU6-669P	SRR10318542	1.0080340885316075
RNU6-669P	SRR10318543	1.010007862549104
RNU6-669P	SRR10318544	1.0024781854433447
RNU6-669P	SRR10318545	1.0086306245764651
RNU6-669P	SRR10318546	1.0014405946684066
RNU6-669P	SRR10318547	2.0079060953760157
RNU6-669P	SRR10318548	1.0048398987869123
RNU6-669P	SRR10318549	1.0068752498555544
RNU6-669P	SRR10318568	1.003152525939443
RNU6-669P	SRR10318569	1.000825380374255
RNU6-669P	SRR10318570	1.0106355959208053
RNU6-669P	SRR10318571	1.000825380374255
RNU6-669P	SRR10318572	1.0047509679775968
RNU6-669P	SRR10318573	1.0014712162978496
RNU6-669P	SRR10318574	1.0024307376089714
RNU6-669P	SRR10318575	1.0046970709565088
RNU6-669P	SRR10318576	1.0043070800365925
RNU6-669P	SRR10318577	1.0028971271632066
RNU6-669P	SRR10318578	1.0009001286274537
RNU6-669P	SRR10318579	1.003152525939443
RNU6-669P	SRR10318580	1.0013658060526471
RNU6-669P	SRR10318581	2
RNU6-669P	SRR10875803	0.8111500939089954
RNU6-669P	SRR10875804	0.5526998687141053
RNU6-669P	SRR10875805	0.5194067188592751
RNU6-669P	SRR10875806	0.8631412234827924
RNU6-669P	SRR10875807	0.9606906001395203
RNU6-669P	SRR10875808	0.9089334807779137
RNU6-669P	SRR10875809	0.6322609572630693
RNU6-669P	SRR10875810	1.807292781683554
RNU6-669P	SRR10875812	1
RNU6-669P	SRR10875813	0.8096197169317331
RNU6-669P	SRR10875814	1.0039973297278573
RNU6-669P	SRR10875815	1
RNU6-669P	SRR10875816	1
RNU6-669P	SRR10875817	0.7672308450228666
RNU6-669P	SRR10875818	0.7224371096255142
RNU6-669P	SRR10875819	1
RNU6-669P	SRR10875820	0.6201780358882866
RNU6-669P	SRR10875821	0.9476438352519748
RNU6-669P	SRR10875822	0.5100597658220043
RNU6-669P	SRR10875823	1
RNU6-669P	SRR10875824	0.6032339772747456
RNU6-669P	SRR10875825	1.0017568823143634
RNU6-669P	SRR10875826	0.8418328143680529
RNU6-669P	SRR10875827	0.6376981960426702
RNU6-669P	SRR10875829	0.7509930762994443
RNU6-669P	SRR10875830	1
RNU6-669P	SRR10875831	1.0035717494702923
RNU6-669P	SRR10875832	1
RNU6-669P	SRR10875834	1.0033362899203648
RNU6-669P	SRR10875835	1
RNU6-669P	SRR10875836	1.8750348534628665
RNU6-669P	SRR10875837	0.8027033939846714
RNU6-669P	SRR10875838	1
RNU6-669P	SRR10875839	0.7386586543325293
RNU6-669P	SRR10875840	0.8122515331036163
RNU6-669P	SRR10875841	1.0038166819322296
RNU6-669P	SRR10875842	0.6930808109926465
RNU6-669P	SRR10875843	1.1025933935453776
RNU6-669P	SRR10875844	0.7998780887339916
RNU6-669P	SRR10875845	0.9004773375591886
RNU6-669P	SRR10875846	0.5338898110226844
RNU6-669P	SRR10875847	0.5018026894084987
RNU6-669P	SRR10875848	1
RNU6-669P	SRR10875849	0.9610581557698323
RNU6-669P	SRR10875850	1.000179960941952
RNU6-669P	SRR10875851	0.8712448993588919
RNU6-669P	SRR10875852	0.806845693372095
RNU6-669P	SRR10875853	1.002192313736413
RNU6-669P	SRR10875854	0.8385638626920141
RNU6-669P	SRR10875855	0.7288685075160425
RNU6-669P	SRR10875856	0.6734806395790469
RNU6-669P	SRR10875857	0.5786171871917298
RNU6-669P	SRR10875858	0.9306989446855669
RNU6-669P	SRR10875859	1
RNU6-669P	SRR10875860	0.6526066699460261
RNU6-669P	SRR10875861	0.5900856293905553
RNU6-669P	SRR10875862	0.5796811780923556
RNU6-669P	SRR10875863	1.0054141363639215
RNU6-669P	SRR10875864	1
RNU6-669P	SRR10875865	0.8428758251468422
RNU6-669P	SRR10875866	0.7406085598109271
RNU6-669P	SRR10875867	0.9579402303203833
RNU6-669P	SRR10875868	0.6140196790576461
RNU6-669P	SRR10875869	1
RNU6-669P	SRR10875870	0.6740919321963792
RNU6-669P	SRR10875871	1.000179960941952
RNU6-669P	SRR10875872	0.583061422294388
RNU6-669P	SRR10875873	0.8034134029872585
RNU6-669P	SRR10875874	0.5839610857172621
RNU6-669P	SRR10875875	0.9855354753510438
RNU6-669P	SRR10875876	1
RNU6-669P	SRR10875877	0.8053776302508535
RNU6-669P	SRR10875878	1.0079184714668268
RNU6-669P	SRR10875879	1
RNU6-669P	SRR10875880	1.0039973297278573
RNU6-669P	SRR10875881	0.7772391911693253
RNU6-669P	SRR10875882	1
RNU6-669P	SRR10875883	1.0064377837965335
RNU6-669P	SRR10875884	0.9714906666798725
RNU6-669P	SRR10875885	1.0018317001382826
RNU6-669P	SRR10875886	1.0075249897799072
RNU6-669P	SRR10875887	1
RNU6-669P	SRR10875888	1.0282214633828897
RNU6-669P	SRR10875889	1.0022324206205542
RNU6-669P	SRR10875890	1.002192313736413
RNU6-669P	SRR10875891	1
RNU6-669P	SRR10875892	0.99319450088856
RNU6-669P	SRR10875893	1
RNU6-669P	SRR10875894	0.5185059307709611
RNU6-669P	SRR10875895	1
RNU6-669P	SRR10875896	1.0100794629576413
RNU6-669P	SRR10875897	1.002553057138948
RNU6-669P	SRR10875898	0.9457998595863732
RNU6-669P	SRR10875899	0.8960758603955238
RNU6-669P	SRR10875900	1.003735535910961
RNU6-669P	SRR10875901	1.002192313736413
RNU6-669P	SRR10875902	1.0046103866254328
RNU6-669P	SRR12430469	1
RNU6-669P	SRR12430470	0.8481658221594904
RNU6-669P	SRR12430471	0.970004873293631
RNU6-669P	SRR12430472	0.9602840264742334
RNU6-669P	SRR12430473	1
RNU6-669P	SRR12430474	0.6778864310961553
RNU6-669P	SRR12430475	0.6500601847372958
RNU6-669P	SRR12430476	1
RNU6-669P	SRR12765534	1
RNU6-669P	SRR12765535	1.0026279344264644
RNU6-669P	SRR12765536	1.0046411051794415
RNU6-669P	SRR12765537	1.0041780100330324
RNU6-669P	SRR12765538	1.0342071735617993
RNU6-669P	SRR12765539	1.031033395135802
RNU6-669P	SRR12765540	1.0031250879275095
RNU6-669P	SRR12765541	1.0094847905369881
RNU6-669P	SRR12765542	1
RNU6-669P	SRR12765543	1.0162479978865846
RNU6-669P	SRR12765544	1.01152473160965
RNU6-669P	SRR12765545	1.009281141666664
RNU6-669P	SRR12765546	1.0301733653815839
RNU6-669P	SRR12765547	1.0080459370173969
RNU6-669P	SRR12765548	1.0204417187083
RNU6-669P	SRR12765549	1.007608736799485
RNU6-669P	SRR12765550	1.040062834884988
RNU6-669P	SRR12765551	2.0271369808988022
RNU6-669P	SRR12765552	1.0414272361609767
RNU6-669P	SRR12765553	1.0443243125938797
RNU6-669P	SRR12765554	1.031834253706366
RNU6-669P	SRR12765555	1.0207139403659764
RNU6-669P	SRR12765556	1.015364236413795
RNU6-669P	SRR12765557	1.0104876136718064
RNU6-669P	SRR12765558	1.0514952401037005
RNU6-669P	SRR12765559	1.0019065235500912
RNU6-669P	SRR12765560	1.0189547489838953
RNU6-669P	SRR12765561	1.0028390317466211
RNU6-669P	SRR12765562	1.015483444252062
RNU6-669P	SRR12765563	1.007295005653179
RNU6-669P	SRR12765564	1.002086827591817
RNU6-669P	SRR12765565	1.0042530086827692
RNU6-669P	SRR12765566	1.0070967496166072
RNU6-669P	SRR12765567	1.0132187770818522
RNU6-669P	SRR12765568	1.010279036701863
RNU6-669P	SRR12765569	1.0114801175682104
RNU6-669P	SRR12765570	1.0071209247328885
RNU6-669P	SRR12765571	1.0111765551056255
RNU6-669P	SRR12765572	1.006584008974975
RNU6-669P	SRR12765573	1.0342120344840695
RNU6-669P	SRR12765574	1.0069401334995287
RNU6-669P	SRR12765575	1.0239395312536899
RNU6-669P	SRR12765576	1.0248346620898081
RNU6-669P	SRR12765577	1.0456385621694768
RNU6-669P	SRR12765578	1.0151006524935662
RNU6-669P	SRR12765579	1.0083832915957769
RNU6-669P	SRR12765580	1.0113445817462805
RNU6-669P	SRR12765581	1.015899942750325
RNU6-669P	SRR12765582	1.0010054898524368
RNU6-669P	SRR12765583	1.0087441767971732
RNU6-669P	SRR12765584	1.0124182712247378
RNU6-669P	SRR12765585	1.0109960581005948
RNU6-669P	SRR12765586	1.005276670296832
RNU6-669P	SRR12765587	1.011720751030811
RNU6-669P	SRR12765588	1.0069509600211282
RNU6-669P	SRR12765589	1.0181159328867537
RNU6-669P	SRR12765590	1.029304711338354
RNU6-669P	SRR12765591	1.0277391727573009
RNU6-669P	SRR12765592	1.0165332338111508
RNU6-669P	SRR12765593	1.0083598330411412
RNU6-669P	SRR12765594	1.0232318310975639
RNU6-669P	SRR12765595	1.011717488283927
RNU6-669P	SRR12765596	1.0044103046586363
RNU6-669P	SRR12765597	1.0080810177332105
RNU6-669P	SRR12765598	1.0071752143448685
RNU6-669P	SRR12765599	1.0030637444667863
RNU6-669P	SRR12765600	1.0429920540407125
RNU6-669P	SRR12765601	1.0217876140571718
RNU6-669P	SRR12765602	1.0086614062004455
RNU6-669P	SRR12765603	1.0098244476189677
RNU6-669P	SRR12765604	1.0081376323189926
RNU6-669P	SRR12765605	1.0076754926485763
RNU6-669P	SRR12765606	1.0132711750064347
RNU6-669P	SRR12765607	1.008593218827847
RNU6-669P	SRR12765608	1.0088565751860703
RNU6-669P	SRR12765609	1.0048050661427248
RNU6-669P	SRR12765610	1.0087569538235717
RNU6-669P	SRR12765611	1.0055084743211022
RNU6-669P	SRR12765612	1.0045394681954278
RNU6-669P	SRR12765613	1.00593898850787
RNU6-669P	SRR12765614	1.0046759321397467
RNU6-669P	SRR12765615	1.009158682616779
RNU6-669P	SRR12765616	1.0061232629310637
RNU6-669P	SRR12765617	1.0084894405469222
RNU6-669P	SRR12765618	1.0231825824178566
RNU6-669P	SRR12765619	1.0217630104420437
RNU6-669P	SRR12765620	1.0080003107853246
RNU6-669P	SRR12765621	1.0025837127848007
RNU6-669P	SRR12765622	1.0218357740976558
RNU6-669P	SRR12765623	1
RNU6-669P	SRR12765624	1.0039625262912164
RNU6-669P	SRR12765625	1.0082543784817941
RNU6-669P	SRR12765626	1.0049530838846117
RNU6-669P	SRR12765627	1.0005399799895063
RNU6-669P	SRR12765628	1.0416041512779368
RNU6-669P	SRR12765629	1.032192677516494
RNU6-669P	SRR12765630	1.0017568823143634
RNU6-669P	SRR12765631	1.0059866023975144
RNU6-669P	SRR12765632	1.0065683082237227
RNU6-669P	SRR12765633	1.0193139826231485
RNU6-669P	SRR12765634	1.0054407349865786
RNU6-669P	SRR12765635	1.0231147071349238
RNU6-669P	SRR12765636	1.0122042835346428
RNU6-669P	SRR12765637	1.0354033667153832
RNU6-669P	SRR12765638	1
RNU6-669P	SRR12765639	1.0309424981168878
RNU6-669P	SRR12765640	1.00503432833736
RNU6-669P	SRR12765641	1.0187981972446098
RNU6-669P	SRR12765642	1.002447533024164
RNU6-669P	SRR12765643	1.013978378378916
RNU6-669P	SRR12765644	1.0035749859475067
RNU6-669P	SRR12765645	1.0285351424147229
RNU6-669P	SRR12765646	1.0068169239958968
RNU6-669P	SRR12765647	1.0290114300454762
RNU6-669P	SRR12765648	1.011871601394981
RNU6-669P	SRR12765649	1.0494646804633012
RNU6-669P	SRR12765650	1.0180274394060935
RNU6-669P	SRR12765651	1.028219710920449
RNU6-669P	SRR12765652	1.010584658765189
RNU6-669P	SRR12774664	1.0053041671599932
RNU6-669P	SRR12774665	1.0134052600429255
RNU6-669P	SRR12774666	1.0106554920283504
RNU6-669P	SRR12774667	1.014927231447063
RNU6-669P	SRR12774668	1.0531044481489285
RNU6-669P	SRR12774669	1.0184124073990244
RNU6-669P	SRR12774670	1.0489095745502544
RNU6-669P	SRR12774671	1.0483423562302514
RNU6-669P	SRR12774672	1.006184793499986
RNU6-669P	SRR12774673	1.0142142606674132
RNU6-669P	SRR12774674	1.0242203683654911
RNU6-669P	SRR12774675	1.0343842942005177
RNU6-669P	SRR12774676	1.0065437279509373
RNU6-669P	SRR12774677	1.010883125191728
RNU6-669P	SRR12774678	1.043754043143823
RNU6-669P	SRR12774679	1.0232632446385574
RNU6-669P	SRR12774680	1.0140488490623458
RNU6-669P	SRR12774681	1.008705895915066
RNU6-669P	SRR12774682	1.010589221555441
RNU6-669P	SRR12774683	1.007131661704458
RNU6-669P	SRR12774684	1.005286161396734
RNU6-669P	SRR12774685	1.0073683070661372
RNU6-669P	SRR12774686	1.0179757410447914
RNU6-669P	SRR12774687	1.029309138639411
RNU6-669P	SRR1609360	1.0493034237080798
RNU6-669P	SRR1609361	1.025908504185614
RNU6-669P	SRR1609362	1.0680988542222165
RNU6-669P	SRR1609363	1.0073745093898177
RNU6-669P	SRR1609364	1.0085688845855312
RNU6-669P	SRR1609365	1.0143165793620785
RNU6-669P	SRR1609366	1.0056861235945007
RNU6-669P	SRR1609367	1.0026726659196274
RNU6-669P	SRR1609368	1.0055560678333126
RNU6-669P	SRR1609369	1.0009001286274537
RNU6-669P	SRR1609370	1.002086827591817
RNU6-669P	SRR1609371	1.0301143575969267
RNU6-669P	SRR1609372	1.0007200381067656
RNU6-669P	SRR1609373	1.007497432173284
RNU6-669P	SRR1609374	1.0026279344264644
RNU6-669P	SRR1609375	1.0065256999862005
RNU6-669P	SRR1609376	1.016088421058133
RNU6-669P	SRR1609377	1.005286161396734
RNU6-669P	SRR1609378	1.017406841761654
RNU6-669P	SRR1609379	1.0018010674864533
RNU6-669P	SRR1609380	1.0158653061982168
RNU6-669P	SRR1609381	1.0007200381067656
RNU6-669P	SRR1609382	1.01426559739414
RNU6-669P	SRR1609383	3.0312872356698244
RNU6-669P	SRR1609384	1.0096415363823084
RNU6-669P	SRR1609385	1.0073364170587717
RNU6-669P	SRR1609386	1.006604989330596
RNU6-669P	SRR1609387	1.0073913876363687
RNU6-669P	SRR1609388	1.012676094664956
RNU6-669P	SRR1609389	1.0025224024304422
RNU6-669P	SRR1609390	1.0128241006838015
RNU6-669P	SRR1609391	1.0636252817179657
RNU6-669P	SRR1609392	1.0154386556086927
RNU6-669P	SRR1609393	1.04478101167958
RNU6-669P	SRR1609394	1.0276985045907725
RNU6-669P	SRR1609395	1.0054817166017682
RNU6-669P	SRR1609396	1.0010802515574013
RNU6-669P	SRR1609397	1.0145310136075893
RNU6-669P	SRR1609398	1.0046103866254328
RNU6-669P	SRR1609399	1.0038093407347115
RNU6-669P	SRR1609400	1.002192313736413
RNU6-669P	SRR1609401	1.0106596239587748
RNU6-669P	SRR1609402	1.0044644481525995
RNU6-669P	SRR1609403	1.0031693334479748
RNU6-669P	SRR1609404	1.0119457665502067
RNU6-669P	SRR1609405	1.0066008739769374
RNU6-669P	SRR1609406	1.0039364414686416
RNU6-669P	SRR1609407	1.0022978109851632
RNU6-669P	SRR1609408	1.0077848171459254
RNU6-669P	SRR1609409	1.0185880328867178
RNU6-669P	SRR1609410	1
RNU6-669P	SRR1609411	1.0525644977244093
RNU6-669P	SRR1609412	1
RNU6-669P	SRR1609413	0.9604328801072967
RNU6-669P	SRR1609414	1.001620814861132
RNU6-669P	SRR1609415	1.000179960941952
RNU6-669P	SRR1609416	1.0026279344264644
RNU6-669P	SRR1609417	1.0067109510861363
RNU6-669P	SRR1609418	1.0014405946684066
RNU6-669P	SRR1609419	1.004874249096593
RNU6-669P	SRR1609420	1.004672692112038
RNU6-669P	SRR1609421	1.0064410295165898
RNU6-669P	SRR1609422	1.016487712556713
RNU6-669P	SRR1609423	1.0538854443534305
RNU6-669P	SRR1609424	1.0787454114562254
RNU6-669P	SRR1609425	1.001620814861132
RNU6-669P	SRR1609426	1.0047202460643523
RNU6-669P	SRR1609427	1.0051433662901192
RNU6-669P	SRR1609428	1.0086302692225169
RNU6-669P	SRR1609429	1.0012604069024411
RNU6-669P	SRR1609430	1.0040989118595525
RNU6-669P	SRR1609431	1.0073246414522423
RNU6-669P	SRR1609432	1.001501838863628
RNU6-669P	SRR1609433	1.0082248728722447
RNU6-669P	SRR1609434	1.0150033277731985
RNU6-669P	SRR1609435	1.0044783325221545
RNU6-669P	SRR1609436	1.0032401551492713
RNU6-669P	SRR1609437	1.0214548244785666
RNU6-669P	SRR1609438	1.032283347644643
RNU6-669P	SRR1609439	1.0147013578735862
RNU6-669P	SRR1609440	1.0025224024304422
RNU6-669P	SRR1609441	1.0022671640812284
RNU6-669P	SRR1609442	1.0072027631380178
RNU6-669P	SRR1609443	1.0086306245764651
RNU6-669P	SRR1609444	1.0005399799895063
RNU6-669P	SRR1609445	1.0035077604181182
RNU6-669P	SRR1609446	1.0110032156633706
RNU6-669P	SRR1609447	1.2338363336906928
RNU6-669P	SRR1609448	1.0088227698794638
RNU6-669P	SRR1609449	1.0024781854433447
RNU6-669P	SRR1609450	1.002042629816068
RNU6-669P	SRR1609451	1.0128607888336665
RNU6-669P	SRR1609452	1.2632705659263332
RNU6-669P	SRR1609453	1.0018317001382826
RNU6-669P	SRR1609454	1.0160098618742288
RNU6-669P	SRR1609455	1.2516237980743048
RNU6-669P	SRR1609456	1.0048325501063176
RNU6-669P	SRR1609457	1.0065683082237227
RNU6-669P	SRR1609458	1.240500376538707
RNU6-669P	SRR1609459	1.003891653595596
RNU6-669P	SRR1609460	1.0096415363823084
RNU6-669P	SRR1609461	1.0016820700779165
RNU6-669P	SRR1609462	1.003694208229873
RNU6-669P	SRR1609463	1.0064345380869446
RNU6-669P	SRR1609464	1.0111087674076973
RNU6-669P	SRR1609465	1.0119474539360775
RNU6-669P	SRR1609466	1.1215996409238542
RNU6-669P	SRR1609467	1.0119457665502067
RNU6-669P	SRR1609468	1.0016655014224112
RNU6-669P	SRR1609469	1.000179960941952
RNU6-669P	SRR1609470	1.0048260094196193
RNU6-669P	SRR1609471	1.002106396941657
RNU6-669P	SRR1609472	1.0870773664114952
RNU6-669P	SRR1609473	1.057486599398644
RNU6-669P	SRR1609474	1.002553057138948
RNU6-669P	SRR1609475	1.0217687791754089
RNU6-669P	SRR1609476	0.9533092125603889
RNU6-669P	SRR1609477	1.0056437263698823
RNU6-669P	SRR1609478	1.0229981829413575
RNU6-669P	SRR1609479	1.0103886436623135
RNU6-669P	SRR1609480	1
RNU6-669P	SRR1609481	1.0104258199753007
RNU6-669P	SRR1609482	1.0036360666403
RNU6-669P	SRR1609483	1.0045226377310994
RNU6-669P	SRR1609484	1.0079009294287338
RNU6-669P	SRR1609485	1.0009001286274537
RNU6-669P	SRR1609486	1.0032442567630784
RNU6-669P	SRR1609487	1.003891653595596
RNU6-669P	SRR1609488	1.0014405946684066
RNU6-669P	SRR1609489	1.002192313736413
RNU6-669P	SRR1609490	1.0163926080188865
RNU6-669P	SRR1609491	1.0035263257491491
RNU6-669P	SRR1609492	1
RNU6-669P	SRR1609493	1.0044698249429356
RNU6-669P	SRR1609494	1.005934875877056
RNU6-669P	SRR1609495	1.0022324206205542
RNU6-669P	SRR1609496	1.000825380374255
RNU6-669P	SRR1609497	1.0009001286274537
RNU6-669P	SRR1609498	1.0003599542698447
RNU6-669P	SRR1609499	1.0020974473736823
RNU6-669P	SRR1609500	1.0017262519502124
RNU6-669P	SRR1609501	1.001283700295524
RNU6-669P	SRR1609502	1.012926575887802
RNU6-669P	SRR1609503	1.2571824597395216
RNU6-669P	SRR1609504	1
RNU6-669P	SRR1609505	1
RNU6-669P	SRR1609506	1.0196933955833136
RNU6-669P	SRR1609507	1.006044880155854
RNU6-669P	SRR1609508	1.0005399799895063
RNU6-669P	SRR1609509	1.0063277365563505
RNU6-669P	SRR1609510	1.0056036635982566
RNU6-669P	SRR1609511	1.036975445845237
RNU6-669P	SRR1609512	1.0033056112632286
RNU6-669P	SRR1609513	1.0032006852758386
RNU6-669P	SRR1609514	1.0495788046288395
RNU6-669P	SRR1609515	1.0019813525502068
RNU6-669P	SRR1609516	1.0041780100330324
RNU6-669P	SRR1609517	1.022496948951921
RNU6-669P	SRR1609518	1.001620814861132
RNU6-669P	SRR1609519	1.0016788397052576
RNU6-669P	SRR1609520	1.0789502444393222
RNU6-669P	SRR1609521	1.001616719884524
RNU6-669P	SRR1609522	1.0240545069445746
RNU6-669P	SRR1609523	1.0047341339697147
RNU6-669P	SRR1609524	1.016716170089433
RNU6-669P	SRR1609525	1.0055187761067101
RNU6-669P	SRR1609526	1.0203729733474096
RNU6-669P	SRR1609527	1
RNU6-669P	SRR1609528	1.0086549004496244
RNU6-669P	SRR1609529	1.0253301392642815
RNU6-669P	SRR1609530	1.0047952852118593
RNU6-669P	SRR1609531	1.003794007351424
RNU6-669P	SRR1609532	1.0072060113251007
RNU6-669P	SRR1609533	1.03822663399045
RNU6-669P	SRR1609534	1.0012910230221785
RNU6-669P	SRR1609535	1.0442329013337999
RNU6-669P	SRR1609536	1.0107618801660179
RNU6-669P	SRR1609537	1.0038432721370993
RNU6-669P	SRR1609538	1
RNU6-669P	SRR1609539	1.0061942931737347
RNU6-669P	SRR1609540	1
RNU6-669P	SRR1609541	1.1002496061772749
RNU6-669P	SRR1609542	2.004684040032724
RNU6-669P	SRR1609543	1.002011990714717
RNU6-669P	SRR1609544	1.0058458481595676
RNU6-669P	SRR1609545	0.4196399895470789
RNU6-669P	SRR1609546	1
RNU6-669P	SRR1609547	1.005170859507078
RNU6-669P	SRR1609548	1.017997257080447
RNU6-669P	SRR1609549	1.0106959376016895
RNU6-669P	SRR1609550	1
RNU6-669P	SRR1609551	1.0113111021667518
RNU6-669P	SRR1609552	1.0044644481525995
RNU6-669P	SRR1609553	1.002611135988753
RNU6-669P	SRR1609554	1.0090402771254097
RNU6-669P	SRR1609555	1.0034386715434078
RNU6-669P	SRR1609556	1.0221686455571868
RNU6-669P	SRR1609557	1.0063043258211806
RNU6-669P	SRR1609558	1.0042943593727842
RNU6-669P	SRR1609559	1.0424968298454986
RNU6-669P	SRR1609560	1.0071216685573643
RNU6-669P	SRR1609561	1.0025394930935652
RNU6-669P	SRR1609562	1.0009887185978241
RNU6-669P	SRR1609563	1.0044644481525995
RNU6-669P	SRR1609564	1.0009001286274537
RNU6-669P	SRR1609565	1.0247858558816332
RNU6-669P	SRR1609566	1.0033498647461594
RNU6-669P	SRR1609567	1.2581113184722956
RNU6-669P	SRR1609568	1
RNU6-669P	SRR1609569	1
RNU6-669P	SRR1609570	1.01776654532237
RNU6-669P	SRR1609571	1.024176000194289
RNU6-669P	SRR1609572	1.0132366280807228
RNU6-669P	SRR1609573	1.0198308819278206
RNU6-669P	SRR1609574	1.0051093909426065
RNU6-669P	SRR1609575	1.0732532216417159
RNU6-669P	SRR1609576	1.0039837461421828
RNU6-669P	SRR1609577	1.004201371301441
RNU6-669P	SRR1609578	1.0017663401829568
RNU6-669P	SRR1609579	1.006701382721769
RNU6-669P	SRR1609580	1.007678742360192
RNU6-669P	SRR1609581	1.0418042391137226
RNU6-669P	SRR1609582	1.0082780243695308
RNU6-669P	SRR1609583	1.0357598428330377
RNU6-669P	SRR1609584	1.002011990714717
RNU6-669P	SRR1609585	1.0008833591381059
RNU6-669P	SRR1609586	1.077969249642432
RNU6-669P	SRR1609587	1.0120049067559673
RNU6-669P	SRR1609588	1.0134052600429255
RNU6-669P	SRR1609589	1.0026279344264644
RNU6-669P	SRR1609590	1.0002852463574239
RNU6-669P	SRR1609591	1.0032708318049182
RNU6-669P	SRR1609592	1.0068449730033533
RNU6-669P	SRR1609593	1.005535917850999
RNU6-669P	SRR1609594	1.0253331007022206
RNU6-669P	SRR1609595	1.0243062096273918
RNU6-669P	SRR1609596	1.0026279344264644
RNU6-669P	SRR1609597	1.0042087153660115
RNU6-669P	SRR1609598	1.0275370706123974
RNU6-669P	SRR1609599	2.0424356303081526
RNU6-669P	SRR1609600	1.0308747019327569
RNU6-669P	SRR1609601	1.028163738385504
RNU6-669P	SRR1609602	1.1632163838991925
RNU6-669P	SRR1609603	1
RNU6-669P	SRR1609604	1.0069981117179123
RNU6-669P	SRR1609605	1.007566475195609
RNU6-669P	SRR1609606	1.0160829820750323
RNU6-669P	SRR1609607	1.0049720004236289
RNU6-669P	SRR1609608	1.019977620097426
RNU6-669P	SRR1609609	1.0324178632829317
RNU6-669P	SRR1609610	1
RNU6-669P	SRR1609611	1.0171349305854593
RNU6-669P	SRR1609612	1.002342020016362
RNU6-669P	SRR1609613	1.000825380374255
RNU6-669P	SRR1609614	1.0113691465526504
RNU6-669P	SRR1609615	1.0031693334479748
RNU6-669P	SRR1609616	1
RNU6-669P	SRR1609617	1
RNU6-669P	SRR1609618	1.0032000079380652
RNU6-669P	SRR1609619	1.0036360666403
RNU6-669P	SRR1609620	1.0125434290578252
RNU6-669P	SRR1609621	1.0085252077511602
RNU6-669P	SRR1609622	1.0396027374078705
RNU6-669P	SRR1609623	1.019001303004751
RNU6-669P	SRR1609624	1.233166099790781
RNU6-669P	SRR1609625	1.001546012786343
RNU6-669P	SRR1609626	1.007678742360192
RNU6-669P	SRR1609627	1.0053993370958376
RNU6-669P	SRR1609628	1.0019065235500912
RNU6-669P	SRR1609629	1.0160549733839008
RNU6-669P	SRR1609630	1.0027915668331973
RNU6-669P	SRR1609631	1
RNU6-669P	SRR1609632	1
RNU6-669P	SRR1609633	1.003584460981328
RNU6-669P	SRR1609634	1.0083088550710244
RNU6-669P	SRR1609635	1.0249305070581083
RNU6-669P	SRR1609636	1.033526030779779
RNU6-669P	SRR1609637	1.0040554922457436
RNU6-669P	SRR1609638	1.0243215512558148
RNU6-669P	SRR1609639	1.005532675049881
RNU6-669P	SRR1609640	1.000179960941952
RNU6-669P	SRR1609641	1.000179960941952
RNU6-669P	SRR1609642	1
RNU6-669P	SRR1609643	1.0117732409494398
RNU6-669P	SRR1609644	1.0010455492408952
RNU6-669P	SRR1609645	1.0031693334479748
RNU6-669P	SRR1609646	1.002342020016362
RNU6-669P	SRR1609647	1.0206670235973925
RNU6-669P	SRR1609648	1.003631963424637
RNU6-669P	SRR1609649	1.0081274315088424
RNU6-669P	SRR1609650	1.007432382777943
RNU6-669P	SRR1609651	1.003394628447702
RNU6-669P	SRR1609652	1.0035304285329265
RNU6-669P	SRR1609653	1.0508063334876938
RNU6-669P	SRR1609654	1.034357970588471
RNU6-669P	SRR1609655	1.0068308408829232
RNU6-669P	SRR1609656	1.014313308243783
RNU6-669P	SRR1609657	1.0128509294871268
RNU6-669P	SRR1609658	1.020049628429351
RNU6-669P	SRR1609659	1.0079661790509038
RNU6-669P	SRR1609660	1.0039223501724883
RNU6-669P	SRR1609661	1.0014712162978496
RNU6-669P	SRR1609662	1.0046759321397467
RNU6-669P	SRR1609663	1.0026585923618834
RNU6-669P	SRR1609664	1.0072181752717069
RNU6-669P	SRR1609665	1
RNU6-669P	SRR1609666	1.016634410174343
RNU6-669P	SRR1609667	1.002883264649812
RNU6-669P	SRR1609668	1.1259515593418852
RNU6-669P	SRR1609669	1.0192408475989563
RNU6-669P	SRR1746771	0.578657424876487
RNU6-669P	SRR1746772	0.5855136605611979
RNU6-669P	SRR1746773	0.7575803276764543
RNU6-669P	SRR1746774	0.5353724223595819
RNU6-669P	SRR1746775	0.46877982774425603
RNU6-669P	SRR1746776	1.6237931507598136
RNU6-669P	SRR1746777	0.7129808466104358
RNU6-669P	SRR1746778	0.538514752237741
RNU6-669P	SRR1746779	1.1869123525857035
RNU6-669P	SRR1746780	0.528378273651414
RNU6-669P	SRR1746781	0.7337749995010655
RNU6-669P	SRR1746782	1.0044644481525995
RNU6-669P	SRR1746783	1
RNU6-669P	SRR1746784	0.9968262288032627
RNU6-669P	SRR1782685	1.0161405129641194
RNU6-669P	SRR1782686	1.0241060513820852
RNU6-669P	SRR1782687	1.0122161471354907
RNU6-669P	SRR1782688	1.0167551838847384
RNU6-669P	SRR1782689	1.0178762408450857
RNU6-669P	SRR1782690	1.0202611034833844
RNU6-669P	SRR1782691	1.0017262519502124
RNU6-669P	SRR1782692	1.008267339088667
RNU6-669P	SRR1782693	1.0088465649237228
RNU6-669P	SRR1782694	1.0160829820750323
RNU6-669P	SRR1782695	1.0007200381067656
RNU6-669P	SRR1782696	1.0033707140904828
RNU6-669P	SRR1782697	1.0088260831599443
RNU6-669P	SRR1782698	1.002086827591817
RNU6-669P	SRR1782699	1.0242077790328277
RNU6-669P	SRR1782700	1.0075703770631752
RNU6-669P	SRR1782701	1.006233967196753
RNU6-669P	SRR1782702	1.0106664184752785
RNU6-669P	SRR1782703	1.003891653595596
RNU6-669P	SRR1782704	1.0158440725472526
RNU6-669P	SRR1782705	1.0242058267974272
RNU6-669P	SRR1782706	1.002553057138948
RNU6-669P	SRR1782707	1.0038166819322296
RNU6-669P	SRR1782708	1.0527335559349638
RNU6-669P	SRR1782709	1.0493889346936112
RNU6-669P	SRR1782710	1
RNU6-669P	SRR1782711	1.0112110690582374
RNU6-669P	SRR1782712	1.0118242846464562
RNU6-669P	SRR1782713	1.0217630104420437
RNU6-669P	SRR1782714	1.0870554088778994
RNU6-669P	SRR1782715	1.0024781854433447
RNU6-669P	SRR1782716	1.0149213103030237
RNU6-669P	SRR1782717	1.000825380374255
RNU6-669P	SRR1782718	1.0143344497021496
RNU6-669P	SRR1782719	1.007268477791188
RNU6-669P	SRR1782720	1.0173889776699079
RNU6-669P	SRR1782721	1.1215287864396823
RNU6-669P	SRR1782722	1.0008833591381059
RNU6-669P	SRR1782723	1.002192313736413
RNU6-669P	SRR1782724	1.011129842073421
RNU6-669P	SRR1782725	1.0685748274292985
RNU6-669P	SRR1782726	1.0074358213334167
RNU6-669P	SRR1782727	1
RNU6-669P	SRR1782728	1.0303050804635
RNU6-669P	SRR1782729	0.9529845937579666
RNU6-669P	SRR1782730	1.0013658060526471
RNU6-669P	SRR1782731	1.032101634718041
RNU6-669P	SRR1782732	1.079233440701315
RNU6-669P	SRR1782733	1.0096575808681731
RNU6-669P	SRR1782734	1.0062386740697231
RNU6-669P	SRR1782735	1.004578209610595
RNU6-669P	SRR1782736	1.0182654097647936
RNU6-669P	SRR1782737	1.001620814861132
RNU6-669P	SRR1782738	1.049672343546831
RNU6-669P	SRR1782739	3.0313603730422427
RNU6-669P	SRR1782740	1.0115791944902102
RNU6-669P	SRR1782741	1.0543086561909183
RNU6-669P	SRR1782742	1
RNU6-669P	SRR1782743	1.002011990714717
RNU6-669P	SRR1782744	1.0050174895819426
RNU6-669P	SRR1782745	1.0120275763195707
RNU6-669P	SRR1782746	1.0198965760233896
RNU6-669P	SRR1782747	1.0072992776231908
RNU6-669P	SRR1782748	1.014641893603255
RNU6-669P	SRR1782749	1.0126805916371509
RNU6-669P	SRR1782750	1.0013658060526471
RNU6-669P	SRR1782751	1.015483444252062
RNU6-669P	SRR1782752	1.0066496832577085
RNU6-669P	SRR1782753	1.0009581117215416
RNU6-669P	SRR1782754	1.0083102826852068
RNU6-669P	SRR1782755	1.0026860176139818
RNU6-669P	SRR1782756	1.045262315535892
RNU6-669P	SRR1782757	1.0014405946684066
RNU6-669P	SRR1782758	1.0017262519502124
RNU6-669P	SRR1782759	1.0044296285233594
RNU6-669P	SRR1782760	1.0142062491689723
RNU6-669P	SRR1782761	1.123350924195671
RNU6-669P	SRR1782762	1.0642762539094746
RNU6-669P	SRR1782763	1.0054670736412705
RNU6-669P	SRR1782764	1.0011509257737932
RNU6-669P	SRR1782765	1.0032000079380652
RNU6-669P	SRR1782766	1.0106768533425006
RNU6-669P	SRR1782767	1.0096583926938514
RNU6-669P	SRR1782768	1.0064574381144438
RNU6-669P	SRR1782769	1.0085350889190154
RNU6-669P	SRR1782770	1.0046452125208463
RNU6-669P	SRR1782771	1.0066334970935034
RNU6-669P	SRR1782772	1.005368595357641
RNU6-669P	SRR1782773	1.0043587228536055
RNU6-669P	SRR1782774	1.002553057138948
RNU6-669P	SRR1782775	1.0200306175184897
RNU6-669P	SRR1782776	1.0146067854880492
RNU6-669P	SRR1782777	1.000179960941952
RNU6-669P	SRR1782778	1.0018317001382826
RNU6-669P	SRR1782779	1.0282078532888332
RNU6-669P	SRR1782780	1.0128988705381583
RNU6-669P	SRR1782781	1.0344998484090346
RNU6-669P	SRR1782782	1.0205283876020228
RNU6-669P	SRR1782783	1.0063318507933232
RNU6-669P	SRR1782784	1.00334576270059
RNU6-669P	SRR1782785	1.0010802515574013
RNU6-669P	SRR1782786	1.0250860802347106
RNU6-669P	SRR1782787	1
RNU6-669P	SRR1782788	1.0037110248141228
RNU6-669P	SRR1782789	1.0170195557347703
RNU6-669P	SRR1782790	1.0055938748937177
RNU6-669P	SRR1782791	1.0059251235048385
RNU6-669P	SRR1782792	1.0068477100204776
RNU6-669P	SRR1782793	1.0369712333325636
RNU6-669P	SRR1782794	1.0068444629888977
RNU6-669P	SRR1782795	2.0424356303081526
RNU6-669P	SRR1782796	1.079602691613202
RNU6-669P	SRR1782797	1.0253628024973167
RNU6-669P	SRR1782798	1.0193000353281811
RNU6-669P	SRR1782799	1.001620814861132
RNU6-669P	SRR1782800	1.0017663401829568
RNU6-669P	SRR1782801	1.0055634218052374
RNU6-669P	SRR1782802	1.007377758130775
RNU6-669P	SRR1782803	1.0036667554019618
RNU6-669P	SRR1782804	1.0027028173063115
RNU6-669P	SRR1782805	1.0018010674864533
RNU6-669P	SRR1782806	1.0026585923618834
RNU6-669P	SRR1782807	1.0351820922376846
RNU6-669P	SRR1782808	1.0262987270047477
RNU6-669P	SRR1782809	1.0134179413952518
RNU6-669P	SRR1782810	1.016644694920719
RNU6-669P	SRR1782811	1.0030944157282213
RNU6-669P	SRR1782812	1.0125567250497436
RNU6-669P	SRR1782813	1.006256696893515
RNU6-669P	SRR1782814	1.0129566741382754
RNU6-669P	SRR1782815	1.062121334894591
RNU6-669P	SRR1782816	1.0005399799895063
RNU6-669P	SRR1782817	1.0034661181326476
RNU6-669P	SRR1782818	1.0133808698401505
RNU6-669P	SRR1782819	1.027675196028744
RNU6-669P	SRR1782820	1.0355877525178163
RNU6-669P	SRR1782821	1.0027028173063115
RNU6-669P	SRR1782822	1.0078594513453938
RNU6-669P	SRR1782823	1.0037859885863174
RNU6-669P	SRR1782824	1.0056828803089768
RNU6-669P	SRR1782825	1.005809645020963
RNU6-669P	SRR1782826	1.0068169239958968
RNU6-669P	SRR1782827	1.0132807415847052
RNU6-669P	SRR1782828	2
RNU6-669P	SRR1782829	1
RNU6-669P	SRR1782830	1.0393262126274254
RNU6-669P	SRR1782831	1.0734003069580385
RNU6-669P	SRR1782832	1.0325772296717781
RNU6-669P	SRR1782833	1.023057146473477
RNU6-669P	SRR1782834	1.000179960941952
RNU6-669P	SRR1782835	1.1149797381951183
RNU6-669P	SRR1782836	0.5562704904398946
RNU6-669P	SRR1782837	1.0276203307721452
RNU6-669P	SRR1782838	1.0129819287449684
RNU6-669P	SRR1782839	1.013725326520963
RNU6-669P	SRR1782840	1.0083257489722468
RNU6-669P	SRR1782841	1.0148514356353688
RNU6-669P	SRR1782842	1
RNU6-669P	SRR1782843	1.0241487491844126
RNU6-669P	SRR1782844	1.000179960941952
RNU6-669P	SRR1782845	1.0187962690189396
RNU6-669P	SRR1782846	1.0054215004022353
RNU6-669P	SRR1782847	1.2337368978097534
RNU6-669P	SRR1782848	1.2335837199439401
RNU6-669P	SRR1782849	1.2403822504664612
RNU6-669P	SRR1782850	1.2517458229536382
RNU6-669P	SRR1782851	1.2634697131512598
RNU6-669P	SRR1782852	1.2639231424855961
RNU6-669P	SRR1782853	1.2584335321033158
RNU6-669P	SRR1782854	1.0032749335441427
RNU6-669P	SRR1782855	1.0024033193392368
RNU6-669P	SRR1782856	1.0052935133947416
RNU6-669P	SRR1782857	1.0069866303229194
RNU6-669P	SRR1782858	1.0010054898524368
RNU6-669P	SRR1782859	1.001620814861132
RNU6-669P	SRR1782860	1.0022671640812284
RNU6-669P	SRR1782861	1.0018591027727843
RNU6-669P	SRR1782862	1.0046056873690874
RNU6-669P	SRR1782863	1.002611135988753
RNU6-669P	SRR1782864	1.0129045923036408
RNU6-669P	SRR1782865	1.0042361830179003
RNU6-669P	SRR1782866	1.0035136149744603
RNU6-669P	SRR1782867	1.0165396388547423
RNU6-669P	SRR1782868	1.0036360666403
RNU6-669P	SRR1782869	1.0034248015445335
RNU6-669P	SRR1782870	1.0024781854433447
RNU6-669P	SRR1782871	1.0052491741857592
RNU6-669P	SRR1782872	1.0027028173063115
RNU6-669P	SRR1782873	1.004614493841249
RNU6-669P	SRR1782874	1.006441613669879
RNU6-669P	SRR1782875	1.0051528561314607
RNU6-669P	SRR1782876	1.0039362270488077
RNU6-669P	SRR1782877	1.0033853244066688
RNU6-669P	SRR1782878	1.0078282441722788
RNU6-669P	SRR1782879	1.0143624914943958
RNU6-669P	SRR1782880	1.0042361830179003
RNU6-669P	SRR1782881	1.0041611856247215
RNU6-669P	SRR1782882	1.003529408876886
RNU6-669P	SRR1782883	1.0018010674864533
RNU6-669P	SRR1782884	1.0007200381067656
RNU6-669P	SRR1782885	1
RNU6-669P	SRR1782886	1.0055495224370705
RNU6-669P	SRR1782887	1.0009001286274537
RNU6-669P	SRR1782888	1.0032442567630784
RNU6-669P	SRR1782889	1.0043144248742466
RNU6-669P	SRR1782890	1.001546012786343
RNU6-669P	SRR1782891	1.0007200381067656
RNU6-669P	SRR1782892	1.0018317001382826
RNU6-669P	SRR1782893	1.0038748339850176
RNU6-669P	SRR1782894	1.011191678825168
RNU6-669P	SRR1782895	1.0036667554019618
RNU6-669P	SRR1782896	1.0021448794325023
RNU6-669P	SRR1782897	1.0027530595094736
RNU6-669P	SRR1782898	2.004534328162457
RNU6-669P	SRR1782899	1.0037625733547102
RNU6-669P	SRR1782900	1.0010054898524368
RNU6-669P	SRR1782901	1.0009828787718729
RNU6-669P	SRR1782902	1
RNU6-669P	SRR1782903	1.002553057138948
RNU6-669P	SRR1782904	1
RNU6-669P	SRR1782905	1.002086827591817
RNU6-669P	SRR1782906	1.0063487115704537
RNU6-669P	SRR1782907	1.0048842199437062
RNU6-669P	SRR1782908	1.0030501735120572
RNU6-669P	SRR1782909	1.0034248015445335
RNU6-669P	SRR1782910	1
RNU6-669P	SRR1782911	1.0069060376635988
RNU6-669P	SRR1782912	0.9538079228387495
RNU6-669P	SRR1782913	1
RNU6-669P	SRR1782914	1.0027028173063115
RNU6-669P	SRR1782915	1
RNU6-669P	SRR1782916	1.0105701140314456
RNU6-669P	SRR1782917	1.0032306833661075
RNU6-669P	SRR1782918	1.0010802515574013
RNU6-669P	SRR1782919	1
RNU6-669P	SRR1782920	1.0010054898524368
RNU6-669P	SRR1782921	1.002086827591817
RNU6-669P	SRR1782922	1.1863691226303883
RNU6-669P	SRR1782923	1.0055761585433334
RNU6-669P	SRR1782924	1.0051265257078354
RNU6-669P	SRR1782925	1.0034829308953188
RNU6-669P	SRR1782926	1.0073409688920356
RNU6-669P	SRR1782927	1.0028390317466211
RNU6-669P	SRR1782928	1.0071660004775882
RNU6-669P	SRR1782929	1.0086240591672244
RNU6-669P	SRR1782930	1.0028390317466211
RNU6-669P	SRR1782931	1.002669218203121
RNU6-669P	SRR1782932	1.003731881663257
RNU6-669P	SRR1782933	1.0649351792796355
RNU6-669P	SRR1782934	1.005851477940036
RNU6-669P	SRR1782935	1.004495162244163
RNU6-669P	SRR1782936	1.0252329438970447
RNU6-669P	SRR1782937	1.0078568348794155
RNU6-669P	SRR1782938	1.2574474178148516
RNU6-669P	SRR1782939	1.0047411238848365
RNU6-669P	SRR1782940	1.0026585923618834
RNU6-669P	SRR1782941	1.0078123826132555
RNU6-669P	SRR1782942	1.0039318284858731
RNU6-669P	SRR1782943	1.004614493841249
RNU6-669P	SRR1782944	1.0012910230221785
RNU6-669P	SRR1782945	1.0052491741857592
RNU6-669P	SRR1782946	1.002086827591817
RNU6-669P	SRR1782947	1.002086827591817
RNU6-669P	SRR1782948	1
RNU6-669P	SRR1782949	1.002447533024164
RNU6-669P	SRR1782950	1
RNU6-669P	SRR1782951	1.003298273803316
RNU6-669P	SRR1782952	0.4225136299867726
RNU6-669P	SRR1782953	1.0019065235500912
RNU6-669P	SRR1782954	1.126108257274077
RNU6-669P	SRR1782955	1.033842034247493
RNU6-669P	SRR1782956	1.0151667217080587
RNU6-669P	SRR1782957	1.019311965849562
RNU6-669P	SRR1782958	1.0054744269623506
RNU6-669P	SRR1782959	1.0579165678317932
RNU6-669P	SRR1782960	1
RNU6-669P	SRR1782961	1.0036360666403
RNU6-669P	SRR1782962	1.007295005653179
RNU6-669P	SRR1782963	1.0068921197371672
RNU6-669P	SRR1782964	1.0003599542698447
RNU6-669P	SRR1782965	1.0030596435909767
RNU6-669P	SRR1782966	2
RNU6-669P	SRR1782967	1.0040206867929065
RNU6-669P	SRR1782968	1.0010455492408952
RNU6-669P	SRR1782969	1.0119783968398457
RNU6-669P	SRR1782970	1.012507584036827
RNU6-669P	SRR1782971	1.0167967514698188
RNU6-669P	SRR1782972	1.0056022027105522
RNU6-669P	SRR1782973	1.0512612155664167
RNU6-669P	SRR1782974	1
RNU6-669P	SRR1782975	1.0394713474480297
RNU6-669P	SRR1782976	1.0097952561921797
RNU6-669P	SRR1782977	1.0003599542698447
RNU6-669P	SRR1782978	1.0167008005288674
RNU6-669P	SRR1782979	1.0083829961716155
RNU6-669P	SRR1782980	1.0017262519502124
RNU6-669P	SRR1782981	1.012303856712658
RNU6-669P	SRR1782982	1.0058055966749162
RNU6-669P	SRR1782983	1.0009581117215416
RNU6-669P	SRR1782984	1.0003599542698447
RNU6-669P	SRR1782985	1.0068308408829232
RNU6-669P	SRR1782986	1.0029888346325269
RNU6-669P	SRR1782987	1.0012604069024411
RNU6-669P	SRR1782988	1
RNU6-669P	SRR1782989	1.0430979490658228
RNU6-669P	SRR1782990	1.0134118565743073
RNU6-669P	SRR1782991	1.0041337200241454
RNU6-669P	SRR1782992	1.002447533024164
RNU6-669P	SRR1782993	1.0207811101132158
RNU6-669P	SRR1782994	1
RNU6-669P	SRR1782995	1.0083014810209638
RNU6-669P	SRR1782996	1
RNU6-669P	SRR1782997	1.004495162244163
RNU6-669P	SRR1782998	1.0036360666403
RNU6-669P	SRR1782999	1.0213121241102965
RNU6-669P	SRR1783000	1.0038996732048098
RNU6-669P	SRR1783001	1.0163537994424299
RNU6-669P	SRR1783002	1.056652332155794
RNU6-669P	SRR1783003	1
RNU6-669P	SRR1783004	1.004591059283169
RNU6-669P	SRR1783005	1.015882624326654
RNU6-669P	SRR1783006	1.0237799351824244
RNU6-669P	SRR1813867	1.0482498991450804
RNU6-669P	SRR1813868	1.0188667378001919
RNU6-669P	SRR1813869	1.0100898715185678
RNU6-669P	SRR1813870	3.7511627586119736
RNU6-669P	SRR1813871	1.686578760794745
RNU6-669P	SRR1813872	2.506736306741251
RNU6-669P	SRR1813873	2.816477990542268
RNU6-669P	SRR1813874	1.010178402682137
RNU6-669P	SRR1813875	9
RNU6-669P	SRR1813876	2.0106674887725116
RNU6-669P	SRR1813877	1.0854305329616691
RNU6-669P	SRR1813878	2.001440076213531
RNU6-669P	SRR1813879	3
RNU6-669P	SRR1813880	1
RNU6-669P	SRR1813881	1.0197571530664682
RNU6-669P	SRR1813882	1.2990054955828958
RNU6-669P	SRR1813883	4.00330152149702
RNU6-669P	SRR1813884	3.0383047969810137
RNU6-669P	SRR1813885	3
RNU6-669P	SRR1813886	3.0037812207073236
RNU6-669P	SRR1813887	1.0105363153624978
RNU6-669P	SRR1928188	1.0081784003065664
RNU6-669P	SRR1928189	1.0073129060669679
RNU6-669P	SRR1928190	1.0087951767762386
RNU6-669P	SRR1928191	1.0113225234973442
RNU6-669P	SRR1928192	1.0128988705381583
RNU6-669P	SRR1928193	1.015364236413795
RNU6-669P	SRR2046996	1.00858822452488
RNU6-669P	SRR2046997	1.0111153757740123
RNU6-669P	SRR2046998	1.0202431892752137
RNU6-669P	SRR2046999	1.007678742360192
RNU6-669P	SRR2047000	1.0106982750881945
RNU6-669P	SRR2047001	1.0094399707348267
RNU6-669P	SRR2047002	1.0188427709986354
RNU6-669P	SRR2047003	1.0237799351824244
RNU6-669P	SRR2047004	1.0079492911740628
RNU6-669P	SRR2047005	1.0081443223703694
RNU6-669P	SRR2047006	1.0152138321654876
RNU6-669P	SRR2047007	1.0262840471791508
RNU6-669P	SRR2047008	1.0125174400411554
RNU6-669P	SRR2047009	1.0185103595038079
RNU6-669P	SRR2313973	1.0126842466806711
RNU6-669P	SRR2313974	1.0074072425695189
RNU6-669P	SRR2313975	1.0102481457588257
RNU6-669P	SRR2313976	1.0146655626217738
RNU6-669P	SRR2313977	1.0086919531101515
RNU6-669P	SRR2313978	1.026320422451999
RNU6-669P	SRR2313979	1.0103515286766147
RNU6-669P	SRR2313980	1.005836351775555
RNU6-669P	SRR2313981	2.007168921962656
RNU6-669P	SRR2313982	1.0131505784433956
RNU6-669P	SRR2313983	1.0167862737972515
RNU6-669P	SRR2313984	1.0054595072071568
RNU6-669P	SRR2313985	1.0189547489838953
RNU6-669P	SRR2313986	1.006188548591034
RNU6-669P	SRR2313987	1.0033330542129326
RNU6-669P	SRR2313988	1.0090381299656352
RNU6-669P	SRR2313989	1.0105895564048322
RNU6-669P	SRR2313990	1.0154615932290423
RNU6-669P	SRR2313991	1.016510074800994
RNU6-669P	SRR2313992	1.014686192824186
RNU6-669P	SRR2313993	1.0103672884396626
RNU6-669P	SRR2313994	1.0212939489113868
RNU6-669P	SRR2313995	1.0041337200241454
RNU6-669P	SRR2313996	1.004535361286343
RNU6-669P	SRR2313997	1.0121911663041532
RNU6-669P	SRR2313998	1.0240939627595231
RNU6-669P	SRR2313999	1.009295092615731
RNU6-669P	SRR2314000	1.0085380459332074
RNU6-669P	SRR2314001	1.0137250295317557
RNU6-669P	SRR2314002	1.0107561095059667
RNU6-669P	SRR2314003	1.0216964429597561
RNU6-669P	SRR2314004	1.007935358827293
RNU6-669P	SRR2314005	1.0095034664456817
RNU6-669P	SRR2314006	1.0187871020034116
RNU6-669P	SRR2314007	1.0060180422728575
RNU6-669P	SRR2314008	1.0013184108677915
RNU6-669P	SRR2314009	1.0082228687169175
RNU6-669P	SRR2314010	1.0065745056218443
RNU6-669P	SRR2314011	1.0070596957891693
RNU6-669P	SRR2314012	1.0072545548549394
RNU6-669P	SRR2314013	1.0115556615875927
RNU6-669P	SRR2314014	1.011441792883926
RNU6-669P	SRR2314015	1.0077674777082104
RNU6-669P	SRR2314016	1.0032306833661075
RNU6-669P	SRR2314017	1.0193139826231485
RNU6-669P	SRR2314018	1.037183848807375
RNU6-669P	SRR2314019	1.00338054475646
RNU6-669P	SRR2314020	1.016563630576381
RNU6-669P	SRR2314021	1.00503432833736
RNU6-669P	SRR2314022	1.0122161471354907
RNU6-669P	SRR2314023	1.0097198436416865
RNU6-669P	SRR2314024	1.012946813858373
RNU6-669P	SRR2314025	1.004856734566851
RNU6-669P	SRR2314026	1.0219330614415651
RNU6-669P	SRR2314027	1.007384020296009
RNU6-669P	SRR2314028	1.0028664619341938
RNU6-669P	SRR2314029	1.002342020016362
RNU6-669P	SRR2314030	1.004725624223947
RNU6-669P	SRR2314031	1.0172769075048627
RNU6-669P	SRR2314032	1.017287384279533
RNU6-669P	SRR2314033	1.024065959569855
RNU6-669P	SRR2314034	1.0293297863593514
RNU6-669P	SRR2314035	1.046856177985374
RNU6-669P	SRR2314036	1.017280352612803
RNU6-669P	SRR2314037	1.0133200709899204
RNU6-669P	SRR2314038	1.0057304820763078
RNU6-669P	SRR2314039	1.0107759115674844
RNU6-669P	SRR2314040	1.0391610375751816
RNU6-669P	SRR2314041	1.00751106329803
RNU6-669P	SRR2314042	1.004072314883195
RNU6-669P	SRR2314043	1.0088969487682873
RNU6-669P	SRR2314044	3.012718264913656
RNU6-669P	SRR2314045	1.007491229092778
RNU6-669P	SRR3493774	2
RNU6-669P	SRR3493775	2
RNU6-669P	SRR3493776	1.83809618602104
RNU6-669P	SRR3493777	3.0019359099087386
RNU6-669P	SRR3493778	2
RNU6-669P	SRR3493779	1.0033498647461594
RNU6-669P	SRR3493780	4.199256997483931
RNU6-669P	SRR3493781	5
RNU6-669P	SRR3493782	4.033063241677594
RNU6-669P	SRR3493783	1.0025837127848007
RNU6-669P	SRR3493784	4.082682699207895
RNU6-669P	SRR3493785	2.00165076074851
RNU6-669P	SRR3493786	3.121995901312285
RNU6-669P	SRR3493787	2
RNU6-669P	SRR3493788	4
RNU6-669P	SRR3493789	3.0546446220292163
RNU6-669P	SRR3493790	1
RNU6-669P	SRR3493791	2.0028811893368133
RNU6-669P	SRR3493792	2.001440076213531
RNU6-669P	SRR3493793	3.028688458802222
RNU6-669P	SRR3493794	1.0030944157282213
RNU6-669P	SRR3493795	2.007210757633995
RNU6-669P	SRR3493796	2.0162334956477888
RNU6-669P	SRR3493797	2
RNU6-669P	SRR3493798	1.010988724395538
RNU6-669P	SRR3493799	1
RNU6-669P	SRR3493800	1.0071349096622415
RNU6-669P	SRR3493801	6.053591539571821
RNU6-669P	SRR3493802	1
RNU6-669P	SRR3493803	2
RNU6-669P	SRR3493804	3.002160114320297
RNU6-669P	SRR3493805	2.004684040032724
RNU6-669P	SRR3493806	7
RNU6-669P	SRR3493807	5
RNU6-669P	SRR3493808	4.0077486377060465
RNU6-669P	SRR3493809	2.006461366732215
RNU6-669P	SRR3493810	1
RNU6-669P	SRR3493811	1
RNU6-669P	SRR3493812	2.001440076213531
RNU6-669P	SRR3493813	1.0018010674864533
RNU6-669P	SRR3493814	2
RNU6-669P	SRR3493815	0.740058073222207
RNU6-669P	SRR3493816	1
RNU6-669P	SRR3493817	1.0028083682939712
RNU6-669P	SRR3493818	5.017256906844214
RNU6-669P	SRR3493819	3
RNU6-669P	SRR3493820	1.1218742596374018
RNU6-669P	SRR3493821	1.0115011358570332
RNU6-669P	SRR3493822	3
RNU6-669P	SRR3493823	2.360402149887466
RNU6-669P	SRR3493824	4.669514562045797
RNU6-669P	SRR3493825	4.005164092088714
RNU6-669P	SRR3493826	3.002160114320297
RNU6-669P	SRR3493827	1
RNU6-669P	SRR3493828	1
RNU6-669P	SRR3493829	1.002342020016362
RNU6-669P	SRR3493830	0.6210192465068755
RNU6-669P	SRR3493831	1.0044169063073385
RNU6-669P	SRR3493832	1.000179960941952
RNU6-669P	SRR3493833	0.6422865251548932
RNU6-669P	SRR3493834	2
RNU6-669P	SRR3493835	2.010102334749811
RNU6-669P	SRR3493836	2
RNU6-669P	SRR3493837	1.0006453033029128
RNU6-669P	SRR3493838	1
RNU6-669P	SRR3493839	1.0081612135148976
RNU6-669P	SRR3493840	1.0191397315498472
RNU6-669P	SRR3493841	1.00216167005823
RNU6-669P	SRR3493846	2.045512751905835
RNU6-669P	SRR3493847	1.0366265711095628
RNU6-669P	SRR3493848	1.000179960941952
RNU6-669P	SRR3493849	0.6191823778231276
RNU6-669P	SRR3493850	3
RNU6-669P	SRR3714631	1
RNU6-669P	SRR3714632	1.005532675049881
RNU6-669P	SRR3714633	1.0113714976183878
RNU6-669P	SRR3714634	1.006256696893515
RNU6-669P	SRR3714635	1
RNU6-669P	SRR3714636	1
RNU6-669P	SRR3714637	1
RNU6-669P	SRR3714638	2
RNU6-669P	SRR3714639	0.5753327031081422
RNU6-669P	SRR3714640	4.44663044638949
RNU6-669P	SRR3714641	1.8938445122016978
RNU6-669P	SRR3714642	1.1708816474608672
RNU6-669P	SRR3714643	0.6509238380690622
RNU6-669P	SRR3714644	2.963682212928911
RNU6-669P	SRR3714645	1.0062673608662638
RNU6-669P	SRR3714646	7.0012597265936645
RNU6-669P	SRR3714648	0.6808948591426862
RNU6-669P	SRR3714649	0.950704107482473
RNU6-669P	SRR3714650	1.0066624337546857
RNU6-669P	SRR3714651	1.6122620946880917
RNU6-669P	SRR3714652	0.880067857778748
RNU6-669P	SRR3714653	1
RNU6-669P	SRR3714654	1
RNU6-669P	SRR3714655	2.0010799599790126
RNU6-669P	SRR3714656	9.278594362708425
RNU6-669P	SRR3714657	2.796379542768188
RNU6-669P	SRR3714658	0.7750655479269212
RNU6-669P	SRR3714659	0.5213327894493638
RNU6-669P	SRR3714660	2
RNU6-669P	SRR3714661	1
RNU6-669P	SRR3714662	2.021573126896141
RNU6-669P	SRR3714663	1.0005399799895063
RNU6-669P	SRR3714664	0.8886441072949159
RNU6-669P	SRR3714665	5
RNU6-669P	SRR3714666	1
RNU6-669P	SRR3714667	1.0344620021019915
RNU6-669P	SRR3714668	1
RNU6-669P	SRR3714669	0.7815583665903988
RNU6-669P	SRR3714670	1.0131789146255041
RNU6-669P	SRR3714671	2.0020109797048735
RNU6-669P	SRR3714672	1.0025088387998022
RNU6-669P	SRR3714673	0.6136098426308987
RNU6-669P	SRR3714674	1.3424891868645337
RNU6-669P	SRR3714675	0.7436785228315872
RNU6-669P	SRR3714676	1
RNU6-669P	SRR3714677	2.004384627472826
RNU6-669P	SRR3714678	1.1217907384205419
RNU6-669P	SRR3714679	1.0013658060526471
RNU6-669P	SRR3714680	1.0014238161238702
RNU6-669P	SRR3714681	1.0032581242663439
RNU6-669P	SRR3714682	3.7007580818598558
RNU6-669P	SRR3714683	1.0019118866481316
RNU6-669P	SRR3714684	0.5837388314511333
RNU6-669P	SRR3714685	1.0015860938060694
RNU6-669P	SRR3714686	0.6825454531864573
RNU6-669P	SRR3714688	7.050506308363128
RNU6-669P	SRR3714689	0.7651409664245631
RNU6-669P	SRR3714690	3.14385682693456
RNU6-669P	SRR3714691	1
RNU6-669P	SRR3714692	0.7275899328557139
RNU6-669P	SRR3714693	1.3454167611520533
RNU6-669P	SRR3714694	1.6616539243910935
RNU6-669P	SRR3714695	0.9104150817781187
RNU6-669P	SRR3714696	1
RNU6-669P	SRR3714697	1.008941448872144
RNU6-669P	SRR3714698	1.0129099016527614
RNU6-669P	SRR3714699	0.8209103150993131
RNU6-669P	SRR3714700	0.8067877973810842
RNU6-669P	SRR3714701	1.487254350987428
RNU6-669P	SRR3714702	0.962619684560016
RNU6-669P	SRR3714703	2.0018002572549074
RNU6-669P	SRR3714704	0.7225201876559582
RNU6-669P	SRR3714705	0.8950900693109363
RNU6-669P	SRR3714706	2.0697250324337375
RNU6-669P	SRR3714707	1.000465258632579
RNU6-669P	SRR3714708	1.0229861853499778
RNU6-669P	SRR3714709	0.8865915789026881
RNU6-669P	SRR3714710	0.5275638785029315
RNU6-669P	SRR3714711	0.670442881400527
RNU6-669P	SRR3714712	1
RNU6-669P	SRR3714713	1
RNU6-669P	SRR3714714	1
RNU6-669P	SRR3714715	1.0045976621199102
RNU6-669P	SRR3714716	1
RNU6-669P	SRR3714717	1
RNU6-669P	SRR3714718	1
RNU6-669P	SRR3714719	0.5293693050752714
RNU6-669P	SRR3714720	0.8101910173611906
RNU6-669P	SRR3714721	0.5914938926818853
RNU6-669P	SRR3714723	0.6080213504916173
RNU6-669P	SRR3714724	1.0027736060725236
RNU6-669P	SRR3714725	1.0122888422733813
RNU6-669P	SRR3714726	3.6327213811949
RNU6-669P	SRR3714727	0.9379266482789932
RNU6-669P	SRR3714728	1.0080722840940834
RNU6-669P	SRR3714729	3.077427917267606
RNU6-669P	SRR3714730	2.4079091898869436
RNU6-669P	SRR3714731	1.000179960941952
RNU6-669P	SRR3714732	1.0863331538908576
RNU6-669P	SRR3714734	0.5355782267326148
RNU6-669P	SRR3714735	0.6771775710840109
RNU6-669P	SRR3714736	0.8353423023921218
RNU6-669P	SRR3714737	1
RNU6-669P	SRR3714738	0.9022710971454205
RNU6-669P	SRR3714739	2.705497008678734
RNU6-669P	SRR3714740	0.7725589357945342
RNU6-669P	SRR3714741	1.0009581117215416
RNU6-669P	SRR3714744	0.9409895450736933
RNU6-669P	SRR3714745	1.0402451473540792
RNU6-669P	SRR3714746	1.008355710513067
RNU6-669P	SRR3714747	0.5522966072361245
RNU6-669P	SRR3714748	1.2677154481482265
RNU6-669P	SRR3714749	1.0205775690941423
RNU6-669P	SRR3714750	0.6931115368457716
RNU6-669P	SRR3714751	1.000825380374255
RNU6-669P	SRR3714752	1
RNU6-669P	SRR3714753	1.0075653100732087
RNU6-669P	SRR3714754	2
RNU6-669P	SRR3714755	0.689177012895678
RNU6-669P	SRR3714756	1.0214197456593945
RNU6-669P	SRR3714757	0.7256965013971997
RNU6-669P	SRR3714758	3.764541766547676
RNU6-669P	SRR3714759	1.0473967554159815
RNU6-669P	SRR3714760	1.0006453033029128
RNU6-669P	SRR3714761	1.000124712645935
RNU6-669P	SRR3714762	0.9296203737524296
RNU6-669P	SRR3714764	1
RNU6-669P	SRR3714765	2.5589752238503047
RNU6-669P	SRR3714766	3
RNU6-669P	SRR3714767	0.6790010487369122
RNU6-669P	SRR3714768	1
RNU6-669P	SRR5176628	1.006808691572482
RNU6-669P	SRR5176629	1.0056828803089768
RNU6-669P	SRR5176630	1.00221972623461
RNU6-669P	SRR5176631	1.0095554363800798
RNU6-669P	SRR5176632	2.0056167365879425
RNU6-669P	SRR5176633	1.0063933941186642
RNU6-669P	SRR5176634	1.0395854398178583
RNU6-669P	SRR5176635	1.006092499057644
RNU6-669P	SRR5176636	1.0259454268844617
RNU6-669P	SRR5176637	1.0295349916779901
RNU6-669P	SRR5176638	1.122472464979261
RNU6-669P	SRR5176639	1
RNU6-669P	SRR5176640	1.0439825147124846
RNU6-669P	SRR5176641	1.0145674663519957
RNU6-669P	SRR5176642	1.0019065235500912
RNU6-669P	SRR5176643	1.0017262519502124
RNU6-669P	SRR5176644	1.000179960941952
RNU6-669P	SRR5176645	1.038132905050157
RNU6-669P	SRR5176646	1.018354954225084
RNU6-669P	SRR5176647	1.0057887449973542
RNU6-669P	SRR5176648	1.0028083682939712
RNU6-669P	SRR5176649	1.0066452728062618
RNU6-669P	SRR5176650	1.0238007506984588
RNU6-669P	SRR5176651	1.0158653061982168
RNU6-669P	SRR5176652	1.0055051719366213
RNU6-669P	SRR5176653	1.002669218203121
RNU6-669P	SRR5176654	1.0080755949097406
RNU6-669P	SRR5176655	1.00118563174329
RNU6-669P	SRR5176656	1.069687850829972
RNU6-669P	SRR5176657	1.0798186787512312
RNU6-669P	SRR5176658	1.001620814861132
RNU6-669P	SRR5176659	1.0021448794325023
RNU6-669P	SRR5176660	1.001124914001854
RNU6-669P	SRR5176661	1.005368595357641
RNU6-669P	SRR5176662	0.9673827506103251
RNU6-669P	SRR5176663	1.0062735564114655
RNU6-669P	SRR5176664	1
RNU6-669P	SRR5176665	1.008705895915066
RNU6-669P	SRR5176666	1.003794007351424
RNU6-669P	SRR5176667	1.0784326276989211
RNU6-669P	SRR5176668	1.004323906889319
RNU6-669P	SRR5176669	1.0094259876059126
RNU6-669P	SRR5176670	1.0063933941186642
RNU6-669P	SRR5176671	1.0017842829024082
RNU6-669P	SRR5176672	1.0054744269623506
RNU6-669P	SRR5176673	1.0047509679775968
RNU6-669P	SRR5176674	1.0022978109851632
RNU6-669P	SRR5176675	1.0041780100330324
RNU6-669P	SRR5176676	1.0182154548374127
RNU6-669P	SRR5176677	1.0014405946684066
RNU6-669P	SRR5176678	1.0221313973041704
RNU6-669P	SRR5176679	1.008843607004959
RNU6-669P	SRR5176680	1.0028083682939712
RNU6-669P	SRR5176681	1.0010802515574013
RNU6-669P	SRR5176682	1.0097140318888853
RNU6-669P	SRR5176683	1.004495162244163
RNU6-669P	SRR5176684	2.0052558688529287
RNU6-669P	SRR5176685	1.0029413626288513
RNU6-669P	SRR5176686	1.0042610311786755
RNU6-669P	SRR5176687	1.0044201455101487
RNU6-669P	SRR5176688	1.0130567972055589
RNU6-669P	SRR5176689	1.0073300783969779
RNU6-669P	SRR5176690	1.0250785821196775
RNU6-669P	SRR5176691	1.0009001286274537
RNU6-669P	SRR5176692	1.0096679251628273
RNU6-669P	SRR5176693	1.0072548499485035
RNU6-669P	SRR5176694	1
RNU6-669P	SRR5176695	1.0138275958896568
RNU6-669P	SRR5176696	1.1276067886443841
RNU6-669P	SRR5176697	1.0271093020097934
RNU6-669P	SRR5176698	1.164477770967963
RNU6-669P	SRR5176699	1.0242455710874605
RNU6-669P	SRR5176700	1.0887470529698755
RNU6-669P	SRR5176701	1.0339279043721292
RNU6-669P	SRR5176702	1
RNU6-669P	SRR5176703	1.0222386939864545
RNU6-669P	SRR5176704	1.0043587228536055
RNU6-669P	SRR5176705	1.0020393982806224
RNU6-669P	SRR5176706	1.0268731231539296
RNU6-669P	SRR5176707	1.0193297719483747
RNU6-669P	SRR5176708	1.0095002108494255
RNU6-669P	SRR5176709	1.0047509679775968
RNU6-669P	SRR5176710	1
RNU6-669P	SRR5176711	1.001902427405406
RNU6-669P	SRR5176712	1.0124489319096075
RNU6-669P	SRR5176713	1.0086581533197898
RNU6-669P	SRR5176714	1.0597737530480678
RNU6-669P	SRR5176715	1.0012604069024411
RNU6-669P	SRR5176716	1.001964564945592
RNU6-669P	SRR5176717	1.006427797534363
RNU6-669P	SRR5176718	1.0085688845855312
RNU6-669P	SRR5176719	1.0023284588262065
RNU6-669P	SRR5176720	1
RNU6-669P	SRR5176721	1
RNU6-669P	SRR5176722	1.01939507511747
RNU6-669P	SRR5176723	1.0093325243947782
RNU6-669P	SRR5176724	1.0053169006142997
RNU6-669P	SRR5176725	1.0121298614748808
RNU6-669P	SRR5176726	1
RNU6-669P	SRR5176727	1.0005705740803321
RNU6-669P	SRR5176728	1.0243749333461307
RNU6-669P	SRR5176729	1.0018717925909741
RNU6-669P	SRR5176730	1.0063794832782318
RNU6-669P	SRR5176731	1.0045394681954278
RNU6-669P	SRR5176732	1
RNU6-669P	SRR5176733	1.00221972623461
RNU6-669P	SRR5176734	1.0806477792257758
RNU6-669P	SRR5176735	1.0023284588262065
RNU6-669P	SRR5176736	1.0019371594265116
RNU6-669P	SRR5176737	1.0028971271632066
RNU6-669P	SRR5176738	1.0106397277698875
RNU6-669P	SRR5176739	1.0078091324706568
RNU6-669P	SRR5176740	1.004072314883195
RNU6-669P	SRR5176741	1.0408847329279391
RNU6-669P	SRR5176742	1.010291833169212
RNU6-669P	SRR5176743	1.011462874490941
RNU6-669P	SRR5176744	1.0131637081071394
RNU6-669P	SRR5176745	1.0088524506271404
RNU6-669P	SRR5176746	1.00221972623461
RNU6-669P	SRR5176747	1
RNU6-669P	SRR5176748	1.0012604069024411
RNU6-669P	SRR5176749	1.0161679489713202
RNU6-669P	SRR5176750	1.0159089388893974
RNU6-669P	SRR5176751	1.0035611140644307
RNU6-669P	SRR5176752	1.0044724723375944
RNU6-669P	SRR5176753	1.002611135988753
RNU6-669P	SRR5176754	1.0052184370390407
RNU6-669P	SRR5176755	1.000465258632579
RNU6-669P	SRR5176756	1.0283814664958064
RNU6-669P	SRR5176757	1.0554499963578214
RNU6-669P	SRR5176758	1.010940517584876
RNU6-669P	SRR5176759	1.026903890048256
RNU6-669P	SRR5176760	1.0056861235945007
RNU6-669P	SRR5176761	1.0058055966749162
RNU6-669P	SRR5176762	1.0740318196782621
RNU6-669P	SRR5176763	1.007431702583026
RNU6-669P	SRR5176764	1.0007200381067656
RNU6-669P	SRR5176765	1.0016514420012725
RNU6-669P	SRR5176766	1.0028083682939712
RNU6-669P	SRR5176767	1.0010054898524368
RNU6-669P	SRR5176768	1.0148664495753779
RNU6-669P	SRR5176769	1.002883264649812
RNU6-669P	SRR5176770	1.0022978109851632
RNU6-669P	SRR5176771	1.002412783311024
RNU6-669P	SRR5176772	1.0061984068651417
RNU6-669P	SRR5176773	1.0074020636341914
RNU6-669P	SRR5176774	1.0060997931780538
RNU6-669P	SRR5176775	1.0092509626586887
RNU6-669P	SRR5176776	1.0081167478238944
RNU6-669P	SRR5176777	1.0097815941634372
RNU6-669P	SRR5176778	1.005572915612441
RNU6-669P	SRR5176779	1.0050375695313305
RNU6-669P	SRR5176780	1.0029888346325269
RNU6-669P	SRR5176781	1.006184793499986
RNU6-669P	SRR5176782	1.0080091098205926
RNU6-669P	SRR5176783	1.0090657297142456
RNU6-669P	SRR5176784	1.0040386698901456
RNU6-669P	SRR5176785	1.0017262519502124
RNU6-669P	SRR5176786	1
RNU6-669P	SRR5176787	1.007497432173284
RNU6-669P	SRR5176788	1.0264449971198473
RNU6-669P	SRR5176789	1.013949547608129
RNU6-669P	SRR5176790	1.0093226993929205
RNU6-669P	SRR5176791	1.0086741821784493
RNU6-669P	SRR5176792	1
RNU6-669P	SRR5176793	1.0088841699686975
RNU6-669P	SRR5176794	1.0044644481525995
RNU6-669P	SRR5176795	1.0041337200241454
RNU6-669P	SRR5176796	1.0222382848481906
RNU6-669P	SRR5176797	1.0069060376635988
RNU6-669P	SRR5176798	1.0052110855900878
RNU6-669P	SRR5176799	1
RNU6-669P	SRR5176800	1.0077542977076395
RNU6-669P	SRR5176801	1.0168619162072303
RNU6-669P	SRR5176802	1.0138345149480519
RNU6-669P	SRR5176803	1.00402802953607
RNU6-669P	SRR5176804	1.02112644076761
RNU6-669P	SRR5176805	1.0038166819322296
RNU6-669P	SRR5176806	1.0293316032282849
RNU6-669P	SRR5176807	1.0006453033029128
RNU6-669P	SRR5176808	1.0003599542698447
RNU6-669P	SRR5176809	1.0014405946684066
RNU6-669P	SRR5176810	1
RNU6-669P	SRR5176811	1
RNU6-669P	SRR5176812	1.0010802515574013
RNU6-669P	SRR5176813	1.0010802515574013
RNU6-669P	SRR5176814	1
RNU6-669P	SRR5176815	1.013767067239064
RNU6-669P	SRR5176816	1.014024061573879
RNU6-669P	SRR5176817	1.0051501237216312
RNU6-669P	SRR5176818	1.002447533024164
RNU6-669P	SRR5176819	1.052525107799273
RNU6-669P	SRR5176820	1.0220622993353137
RNU6-669P	SRR5176821	1.008962478364178
RNU6-669P	SRR5176822	1.0288326159382661
RNU6-669P	SRR5176823	1.0037302716009715
RNU6-669P	SRR5176824	1.0055802697075793
RNU6-669P	SRR5176825	1.0010802515574013
RNU6-669P	SRR5176826	1.0080601963585891
RNU6-669P	SRR5176827	1.0037417158678243
RNU6-669P	SRR5176828	1.0039362270488077
RNU6-669P	SRR5176829	1.0026585923618834
RNU6-669P	SRR5176830	1.0003599542698447
RNU6-669P	SRR5176831	1.0050818994069226
RNU6-669P	SRR5176832	1.0098220047641269
RNU6-669P	SRR5176833	1.0056799316660756
RNU6-669P	SRR5176834	1.0038017867755233
RNU6-669P	SRR5176835	1.0034861670860973
RNU6-669P	SRR5176836	1.000825380374255
RNU6-669P	SRR5176837	1.0508653132871792
RNU6-669P	SRR5176838	1.0246586529675596
RNU6-669P	SRR5176839	1.040250778085957
RNU6-669P	SRR5176840	1.000465258632579
RNU6-669P	SRR5176841	1.0134982253253717
RNU6-669P	SRR5176842	1.0061368754637303
RNU6-669P	SRR5176843	1.0076160966243792
RNU6-669P	SRR5176844	1.002883264649812
RNU6-669P	SRR5176845	1.0144079175752987
RNU6-669P	SRR5176846	1.0044337350001697
RNU6-669P	SRR5176847	1.0198121879198054
RNU6-669P	SRR5176848	1.0084182482829835
RNU6-669P	SRR5176849	1.0192261891808638
RNU6-669P	SRR5176850	1.0134815678813656
RNU6-669P	SRR5176851	1.0010455492408952
RNU6-669P	SRR5176852	1.0219393534398167
RNU6-669P	SRR5176853	1.002447533024164
RNU6-669P	SRR5176854	1.0464063323203885
RNU6-669P	SRR5176855	1.0022671640812284
RNU6-669P	SRR5176856	1.015767846289757
RNU6-669P	SRR5176857	1.0034661181326476
RNU6-669P	SRR5176858	1.0068447579623179
RNU6-669P	SRR5176859	1.0017568823143634
RNU6-669P	SRR5176860	1
RNU6-669P	SRR5176861	1.0019065235500912
RNU6-669P	SRR5176862	1.005770730554937
RNU6-669P	SRR5176863	1.002447533024164
RNU6-669P	SRR5176864	1.0048033120397526
RNU6-669P	SRR5176865	1.0019065235500912
RNU6-669P	SRR5176866	1
RNU6-669P	SRR5176867	1.0042054768450526
RNU6-669P	SRR5176868	1.0345942081893522
RNU6-669P	SRR5176869	1.002447533024164
RNU6-669P	SRR5176870	1.004495162244163
RNU6-669P	SRR5176871	1.0033885602826702
RNU6-669P	SRR5176872	1.0190046497146266
RNU6-669P	SRR5861974	1.0130433677592323
RNU6-669P	SRR5861975	1.0090231573303534
RNU6-669P	SRR5861976	1.0399586289520686
RNU6-669P	SRR5861977	1
RNU6-669P	SRR5861978	1.0048260094196193
RNU6-669P	SRR5861979	1.0093120030410565
RNU6-669P	SRR5861980	1
RNU6-669P	SRR5861981	1.0197815921391915
RNU6-669P	SRR5861982	1.2333293129099616
RNU6-669P	SRR5861983	1.001620814861132
RNU6-669P	SRR5861984	1.0080145694811098
RNU6-669P	SRR5861985	1.016870477919848
RNU6-669P	SRR5861986	1.0019813525502068
RNU6-669P	SRR5861987	1.0125418094627725
RNU6-669P	SRR5861988	1.0170644141079765
RNU6-669P	SRR5861989	1.0123248275356085
RNU6-669P	SRR5861990	1.002984734062975
RNU6-669P	SRR5861991	1
RNU6-669P	SRR5861992	1
RNU6-669P	SRR5861993	1.003694208229873
RNU6-669P	SRR5861994	1
RNU6-669P	SRR5861995	1.0086700213995727
RNU6-669P	SRR5861996	1.0041304817450423
RNU6-669P	SRR5861997	1.025339219737338
RNU6-669P	SRR5861998	1.005699730212809
RNU6-669P	SRR5861999	1.026742644639398
RNU6-669P	SRR5862000	1.0003599542698447
RNU6-669P	SRR5862001	1
RNU6-669P	SRR5862002	1.0010802515574013
RNU6-669P	SRR5862003	1.002412783311024
RNU6-669P	SRR5862004	1.005509961707591
RNU6-669P	SRR5862005	1.0052491741857592
RNU6-669P	SRR5862006	1.0037417158678243
RNU6-669P	SRR5862007	1.008386543590015
RNU6-669P	SRR5862008	1.0039837461421828
RNU6-669P	SRR5862009	1.0035304285329265
RNU6-669P	SRR5862010	1.0512612155664167
RNU6-669P	SRR5862011	1.0355123965079929
RNU6-669P	SRR5862012	1.006981535073958
RNU6-669P	SRR5862013	1.0206507030732106
RNU6-669P	SRR5862014	1.0048549166779728
RNU6-669P	SRR5862015	1
RNU6-669P	SRR5862016	1.0041644240028431
RNU6-669P	SRR5862017	1.0081920406445979
RNU6-669P	SRR5862018	1.003980508346738
RNU6-669P	SRR5862019	1.0078876527019538
RNU6-669P	SRR5862020	1.003363733709208
RNU6-669P	SRR5862021	1.0059502686096389
RNU6-669P	SRR5862022	1.004809174154462
RNU6-669P	SRR5862023	1.0074832063331325
RNU6-669P	SRR5862024	1.0026860176139818
RNU6-669P	SRR5862025	1
RNU6-669P	SRR5862026	1.0076713729183253
RNU6-669P	SRR5862027	1.0005399799895063
RNU6-669P	SRR5862028	1.1262536898298274
RNU6-669P	SRR5862029	1.02024518939608
RNU6-669P	SRR5862030	1.0027334775314678
RNU6-669P	SRR5862031	1.0069060376635988
RNU6-669P	SRR5862032	1.0733161679094974
RNU6-669P	SRR5862033	1.0014986090722051
RNU6-669P	SRR5862034	1.2455161624992859
RNU6-669P	SRR5862035	1.0065785570627332
RNU6-669P	SRR5862036	1.0173435392265755
RNU6-669P	SRR5862037	1.0542964573472537
RNU6-669P	SRR5862038	1.0790945062876685
RNU6-669P	SRR5862039	1.0017262519502124
RNU6-669P	SRR5862040	1.0064209215270505
RNU6-669P	SRR5862041	1.0053378545594238
RNU6-669P	SRR5862042	1.0088120788256298
RNU6-669P	SRR5862043	1
RNU6-669P	SRR5862044	1.0013658060526471
RNU6-669P	SRR5862045	1.0041611856247215
RNU6-669P	SRR5862046	1.0077848171459254
RNU6-669P	SRR5862047	1.0087045754820203
RNU6-669P	SRR5862048	1.2470733792685733
RNU6-669P	SRR5862049	1.0154319201015636
RNU6-669P	SRR5862050	1.0032749335441427
RNU6-669P	SRR5862051	1.004672692112038
RNU6-669P	SRR5862052	1.0034554838462202
RNU6-669P	SRR5862053	1.0026279344264644
RNU6-669P	SRR5862054	1.0260159995067561
RNU6-669P	SRR5862055	1.022637922005436
RNU6-669P	SRR5862056	1.0326488670033724
RNU6-669P	SRR5862057	1.0076559805417438
RNU6-669P	SRR5862058	1.0022671640812284
RNU6-669P	SRR5862059	1.0276203307721452
RNU6-669P	SRR5862060	1.0090831474448634
RNU6-669P	SRR5862061	1.0035611140644307
RNU6-669P	SRR5862062	1.0005399799895063
RNU6-669P	SRR5862063	1.0119474539360775
RNU6-669P	SRR5862064	1.0019371594265116
RNU6-669P	SRR5862065	1.0025183037678282
RNU6-669P	SRR5862066	1.0090241825684263
RNU6-669P	SRR5862067	1.2340297724805442
RNU6-669P	SRR5862068	1.0047202460643523
RNU6-669P	SRR5862069	1.0021269302544924
RNU6-669P	SRR5862070	1.0132753777637182
RNU6-669P	SRR5862071	1.2517458229536382
RNU6-669P	SRR5862072	1.2634612941586179
RNU6-669P	SRR5862073	1.0018591027727843
RNU6-669P	SRR5862074	1.0050281404219858
RNU6-669P	SRR5862075	1.0067831870350152
RNU6-669P	SRR5862076	1.240670619317905
RNU6-669P	SRR5862077	1.003924078944055
RNU6-669P	SRR5862078	1.0774391300279966
RNU6-669P	SRR5862079	1.0101026655898993
RNU6-669P	SRR5862080	1.0183262211710338
RNU6-669P	SRR5862081	1.0017262519502124
RNU6-669P	SRR5862082	1.0037523531876433
RNU6-669P	SRR5862083	1
RNU6-669P	SRR5862084	1.0068169239958968
RNU6-669P	SRR5862085	1
RNU6-669P	SRR5862086	1.0247352824726355
RNU6-669P	SRR5862087	1.0117536254353572
RNU6-669P	SRR5862088	1.121721315480128
RNU6-669P	SRR5862089	1.0122530679623452
RNU6-669P	SRR5862090	1.001709468619657
RNU6-669P	SRR5862091	1.013801038227387
RNU6-669P	SRR5862092	1.0205242153246368
RNU6-669P	SRR5862093	1.000179960941952
RNU6-669P	SRR5862094	1.004945674737599
RNU6-669P	SRR5862095	1.0873315399586785
RNU6-669P	SRR5862096	1.00216167005823
RNU6-669P	SRR5862097	1.0052491741857592
RNU6-669P	SRR5862098	0.9538079228387495
RNU6-669P	SRR5862099	1.0223775623222773
RNU6-669P	SRR5862100	1.0026279344264644
RNU6-669P	SRR5862101	1.0581490093852495
RNU6-669P	SRR5862102	1.0057821343320803
RNU6-669P	SRR5862103	1.0233035627864664
RNU6-669P	SRR5862104	1.0041337200241454
RNU6-669P	SRR5862105	1.0110064761067548
RNU6-669P	SRR5862106	1.0042530086827692
RNU6-669P	SRR5862107	1
RNU6-669P	SRR5862108	1.0068477100204776
RNU6-669P	SRR5862109	1.0018010674864533
RNU6-669P	SRR5862110	1.0079096360319266
RNU6-669P	SRR5862111	1.0145480117591426
RNU6-669P	SRR5862112	1.0037110248141228
RNU6-669P	SRR5862113	1.0086741821784493
RNU6-669P	SRR5862114	1.0046422669203672
RNU6-669P	SRR5862115	1.006604989330596
RNU6-669P	SRR5862116	1.0254857038474403
RNU6-669P	SRR5862117	1.0032581242663439
RNU6-669P	SRR5862118	1.008264382868182
RNU6-669P	SRR5862119	1.004072314883195
RNU6-669P	SRR5862120	1.0009001286274537
RNU6-669P	SRR5862121	1.0014405946684066
RNU6-669P	SRR5862122	1.0020393982806224
RNU6-669P	SRR5862123	1.0022671640812284
RNU6-669P	SRR5862124	1.0031693334479748
RNU6-669P	SRR5862125	1
RNU6-669P	SRR5862126	1.0009001286274537
RNU6-669P	SRR5862127	1.0037110248141228
RNU6-669P	SRR5862128	1.003694208229873
RNU6-669P	SRR5862129	1.0783123695394767
RNU6-669P	SRR5862130	1.0061676406940727
RNU6-669P	SRR5862131	1.0022671640812284
RNU6-669P	SRR5862132	1.0009001286274537
RNU6-669P	SRR5862133	1.0009001286274537
RNU6-669P	SRR5862134	1.000179960941952
RNU6-669P	SRR5862135	1.0124958537165647
RNU6-669P	SRR5862136	1.0003599542698447
RNU6-669P	SRR5862137	1.00216167005823
RNU6-669P	SRR5862138	1.0017663401829568
RNU6-669P	SRR5862139	1.0013216400780827
RNU6-669P	SRR5862140	1.0032442567630784
RNU6-669P	SRR5862141	1.0042837163090255
RNU6-669P	SRR5862142	1.0026860176139818
RNU6-669P	SRR5862143	1.0003599542698447
RNU6-669P	SRR5862144	1.0055802697075793
RNU6-669P	SRR5862145	1.0032749335441427
RNU6-669P	SRR5862146	1.0133733985581923
RNU6-669P	SRR5862147	1.0071624573529558
RNU6-669P	SRR5862148	1
RNU6-669P	SRR5862149	1.0056861235945007
RNU6-669P	SRR5862150	1.0024033193392368
RNU6-669P	SRR5862151	1.012046576634804
RNU6-669P	SRR5862152	1.0238846982116432
RNU6-669P	SRR5862153	1.0203447653969262
RNU6-669P	SRR5862154	1
RNU6-669P	SRR5862155	1.0062123152026168
RNU6-669P	SRR5862156	1.0252722652958044
RNU6-669P	SRR5862157	1.025782636703574
RNU6-669P	SRR5862158	1.0005399799895063
RNU6-669P	SRR5862159	1.005836351775555
RNU6-669P	SRR5862160	1.0378044312625647
RNU6-669P	SRR5862161	1.0027199110450864
RNU6-669P	SRR5862162	1.0032581242663439
RNU6-669P	SRR5862163	1.00338054475646
RNU6-669P	SRR5862164	1.0500323204142936
RNU6-669P	SRR5862165	1.0042943593727842
RNU6-669P	SRR5862166	1.0042530086827692
RNU6-669P	SRR5862167	1.002086827591817
RNU6-669P	SRR5862168	1.0016514420012725
RNU6-669P	SRR5862169	1.003631963424637
RNU6-669P	SRR5862170	1.0108445605752712
RNU6-669P	SRR5862171	1.0016820700779165
RNU6-669P	SRR5862172	1.0017262519502124
RNU6-669P	SRR5862173	1.024784508800748
RNU6-669P	SRR5862174	1.0281268623068158
RNU6-669P	SRR5862175	1.0048260094196193
RNU6-669P	SRR5862176	1.0171349305854593
RNU6-669P	SRR5862177	1.0318682832320207
RNU6-669P	SRR5862178	1.0285351424147229
RNU6-669P	SRR5862179	1.0056022027105522
RNU6-669P	SRR5862180	1.163410651901285
RNU6-669P	SRR5862181	1.0208867172468703
RNU6-669P	SRR5862182	1.0091326280382285
RNU6-669P	SRR5862183	1.0048842199437062
RNU6-669P	SRR5862184	1.0267236692152724
RNU6-669P	SRR5862185	1
RNU6-669P	SRR5862186	1.0072483532698095
RNU6-669P	SRR5862187	1.0074072425695189
RNU6-669P	SRR5862188	1.0388632588888775
RNU6-669P	SRR5862189	1.0080998574243627
RNU6-669P	SRR5862190	1.0013216400780827
RNU6-669P	SRR5862191	1.0115110461819634
RNU6-669P	SRR5862192	1.0447528439170217
RNU6-669P	SRR5862193	1.0035611140644307
RNU6-669P	SRR5862194	1.0051877008321608
RNU6-669P	SRR5862195	1.0062679805579082
RNU6-669P	SRR5862196	1
RNU6-669P	SRR5862197	1
RNU6-669P	SRR5862198	1.1006263597390016
RNU6-669P	SRR5862199	2.004895066048328
RNU6-669P	SRR5862200	1.002117468981499
RNU6-669P	SRR5862201	0.42208503584533147
RNU6-669P	SRR5862202	1.0211835799356648
RNU6-669P	SRR5862203	1.033482189187862
RNU6-669P	SRR5862204	1
RNU6-669P	SRR5862205	1
RNU6-669P	SRR5862206	1.0177742386248947
RNU6-669P	SRR5862207	1.0052627748922789
RNU6-669P	SRR5862208	1.0189273711359403
RNU6-669P	SRR5862209	1.0111265812321877
RNU6-669P	SRR5862210	1
RNU6-669P	SRR5862211	1.0321768293944853
RNU6-669P	SRR5862212	1.0087809371964969
RNU6-669P	SRR5862213	1.0045749698980364
RNU6-669P	SRR5862214	1.0026987179060987
RNU6-669P	SRR5862215	1.00237266920921
RNU6-669P	SRR5862216	1.0035611140644307
RNU6-669P	SRR5862217	1.0064377837965335
RNU6-669P	SRR5862218	1.0009001286274537
RNU6-669P	SRR5862219	1.022945581707591
RNU6-669P	SRR5862220	1.0044644481525995
RNU6-669P	SRR5862221	1
RNU6-669P	SRR5862222	1.0032306833661075
RNU6-669P	SRR5862223	1.0429841423303001
RNU6-669P	SRR5862224	1.007644976521039
RNU6-669P	SRR5862225	1.0026238353323988
RNU6-669P	SRR5862226	1.0010802515574013
RNU6-669P	SRR5862227	1
RNU6-669P	SRR5862228	1.0088969487682873
RNU6-669P	SRR5862229	1.005836351775555
RNU6-669P	SRR5862230	1.0052323318307268
RNU6-669P	SRR5862231	1.0020393982806224
RNU6-669P	SRR5862232	1.014834368071843
RNU6-669P	SRR5862233	1.0027334775314678
RNU6-669P	SRR5862234	1.0057748425146649
RNU6-669P	SRR5862235	1.0009001286274537
RNU6-669P	SRR5862236	1.002117468981499
RNU6-669P	SRR5862237	1.030696233812855
RNU6-669P	SRR5862238	1.000825380374255
RNU6-669P	SRR5862239	1.007643811307862
RNU6-669P	SRR5862240	1.0027028173063115
RNU6-669P	SRR5862241	1.0061466694539738
RNU6-669P	SRR5862242	1.0068340878705722
RNU6-669P	SRR5862243	1.0055084743211022
RNU6-669P	SRR5862244	1.014062871686957
RNU6-669P	SRR5862245	1.0179113233903831
RNU6-669P	SRR5862246	1.0018838921166466
RNU6-669P	SRR5862247	1.0054744269623506
RNU6-669P	SRR5862248	1.0007200381067656
RNU6-669P	SRR5862249	1.014824489514172
RNU6-669P	SRR5862250	3.0315890204797715
RNU6-669P	SRR5862251	1.0100832966107522
RNU6-669P	SRR5862252	2.0050448048608844
RNU6-669P	SRR5862253	1.0076222154653056
RNU6-669P	SRR5862254	1.0069504499529853
RNU6-669P	SRR5862255	1.0077540024677532
RNU6-669P	SRR5862256	1.0154304835599302
RNU6-669P	SRR5862257	1.0133332028501592
RNU6-669P	SRR5862258	1.002553057138948
RNU6-669P	SRR5862259	1.0134145129264618
RNU6-669P	SRR5862260	1.0641135195805316
RNU6-669P	SRR5862261	1.0162121900968593
RNU6-669P	SRR5862262	1.0096833750182226
RNU6-669P	SRR5862263	1.045022718956458
RNU6-669P	SRR5862264	1.0056553730873352
RNU6-669P	SRR5862265	1.00118563174329
RNU6-669P	SRR5862266	1.0054268373142463
RNU6-669P	SRR5862267	1.0548744221196733
RNU6-669P	SRR5862268	1.0048260094196193
RNU6-669P	SRR5862269	1.0038780714396673
RNU6-669P	SRR5862270	1.00221972623461
RNU6-669P	SRR5862271	1.0058638639474222
RNU6-669P	SRR5862272	1.011046062783337
RNU6-669P	SRR5862273	1.0033150837538076
RNU6-669P	SRR5862274	1.0045394681954278
RNU6-669P	SRR5862275	1.0127963981370376
RNU6-669P	SRR5862276	1.0171325747477717
RNU6-669P	SRR5862277	1.012407898752116
RNU6-669P	SRR5949109	1.1543930374941627
RNU6-669P	SRR5949110	1.1528629477900991
RNU6-669P	SRR5949111	1.1543861423812125
RNU6-669P	SRR5949112	1.1544080735423528
RNU6-669P	SRR5949113	1.1538715423531325
RNU6-669P	SRR5949114	1.1544080735423528
RNU6-669P	SRR5949115	1.1543930374941627
RNU6-669P	SRR5949116	1.154328975937927
RNU6-669P	SRR5949117	1.1544080735423528
RNU6-669P	SRR5949118	1.1542881659876676
RNU6-669P	SRR5949119	1.1544066367558048
RNU6-669P	SRR5949120	1.1542612816136126
RNU6-669P	SRR5949121	1.1542612816136126
RNU6-669P	SRR5949122	1.1542193125787963
RNU6-669P	SRR5949123	1.154119770897195
RNU6-669P	SRR5949124	1.1536303593625774
RNU6-669P	SRR5949125	1.1538715423531325
RNU6-669P	SRR5949126	1.1542193125787963
RNU6-669P	SRR5949127	1.1542612816136126
RNU6-669P	SRR5949128	1.1542612816136126
RNU6-669P	SRR5949129	1.1544066367558048
RNU6-669P	SRR5949130	1.1543861423812125
RNU6-669P	SRR5949131	1.1541454974839138
RNU6-669P	SRR5949132	1.1543930374941627
RNU6-669P	SRR5949133	1.154243037085462
RNU6-669P	SRR5949134	1.1544080735423528
RNU6-669P	SRR5949135	1.1543244711383844
RNU6-669P	SRR5949136	1.1544018504729736
RNU6-669P	SRR5949137	1.1537285180296166
RNU6-669P	SRR5949138	1.154127700715507
RNU6-669P	SRR5949139	1.1542342444976637
RNU6-669P	SRR5949140	1.1543861423812125
RNU6-669P	SRR5949141	1.1544066367558048
RNU6-669P	SRR5949142	1.1543861423812125
RNU6-669P	SRR5949143	1.1544080735423528
RNU6-669P	SRR5949144	1.154243037085462
RNU6-669P	SRR5949145	1.1542881659876676
RNU6-669P	SRR5949146	1.1542763738511965
RNU6-669P	SRR5949147	1.1542763738511965
RNU6-669P	SRR5949148	1.1535426695350546
RNU6-669P	SRR5949149	1.1542881659876676
RNU6-669P	SRR5949150	1.1544066367558048
RNU6-669P	SRR5949151	1.1540843659274789
RNU6-669P	SRR5949152	1.1521642390280358
RNU6-669P	SRR5949153	1.1542129775631536
RNU6-669P	SRR5949154	1.1532523441137337
RNU6-669P	SRR5949155	1.1542881659876676
RNU6-669P	SRR5949156	1.1544066367558048
RNU6-669P	SRR5949157	1.1543930374941627
RNU6-669P	SRR5949158	1.1544080735423528
RNU6-669P	SRR5949159	1.1533709738650642
RNU6-669P	SRR5949160	1.1543930374941627
RNU6-669P	SRR5949161	1.1543861423812125
RNU6-669P	SRR5949162	1.1543930374941627
RNU6-669P	SRR5949163	1.1544066367558048
RNU6-669P	SRR5949164	1.1544080735423528
RNU6-669P	SRR5949165	1.154328975937927
RNU6-669P	SRR5949166	1.1544066367558048
RNU6-669P	SRR5949167	1.1542881659876676
RNU6-669P	SRR5949168	1.1543244711383844
RNU6-669P	SRR5949169	1.1496389762158161
RNU6-669P	SRR5949170	1.1544080735423528
RNU6-669P	SRR5949171	1.1541360045743105
RNU6-669P	SRR5949172	1.1541312616794417
RNU6-669P	SRR5949173	1.1543930374941627
RNU6-669P	SRR5949174	1.1543244711383844
RNU6-669P	SRR5949175	1.1544080735423528
RNU6-669P	SRR5949176	1.1542612816136126
RNU6-669P	SRR5949177	1.153448318699057
RNU6-669P	SRR5949178	1.1542129775631536
RNU6-669P	SRR5949179	1.1543861423812125
RNU6-669P	SRR5949180	1.1544080735423528
RNU6-669P	SRR5949181	1.1544018504729736
RNU6-669P	SRR5949182	1.154243037085462
RNU6-669P	SRR5949183	1.1544066367558048
RNU6-669P	SRR5949184	1.154328975937927
RNU6-669P	SRR5949185	1.1541312616794417
RNU6-669P	SRR5949186	1.1537962707798937
RNU6-669P	SRR5949187	1.1543861423812125
RNU6-669P	SRR5949188	1.1543244711383844
RNU6-669P	SRR5949189	1.1542612816136126
RNU6-669P	SRR5949190	1.1542881659876676
RNU6-669P	SRR5949191	1.1541360045743105
RNU6-669P	SRR5949192	1.1544018504729736
RNU6-669P	SRR5949193	1.1544066367558048
RNU6-669P	SRR5949194	1.1543930374941627
RNU6-669P	SRR5949195	1.154328975937927
RNU6-669P	SRR5949196	1.1541454974839138
RNU6-669P	SRR5949197	1.153987572083333
RNU6-669P	SRR5949198	1.153664101949279
RNU6-669P	SRR5949199	1.1542193125787963
RNU6-669P	SRR5949200	1.1544066367558048
RNU6-669P	SRR5949201	1.1543244711383844
RNU6-669P	SRR5949202	1.1543861423812125
RNU6-669P	SRR5949203	1.1543930374941627
RNU6-669P	SRR5949204	1.1544080735423528
RNU6-669P	SRR5949205	1.1544080735423528
RNU6-669P	SRR5949206	1.154328975937927
RNU6-669P	SRR5949207	1.1543930374941627
RNU6-669P	SRR5949208	1.1542881659876676
RNU6-669P	SRR5949209	1.1543930374941627
RNU6-669P	SRR5949210	1.1543244711383844
RNU6-669P	SRR5949211	1.153987572083333
RNU6-669P	SRR5949212	1.1543244711383844
RNU6-669P	SRR5949213	1.1542193125787963
RNU6-669P	SRR5949214	1.1540843659274789
RNU6-669P	SRR5949215	1.1542612816136126
RNU6-669P	SRR5949216	1.1543861423812125
RNU6-669P	SRR5949217	1.1543861423812125
RNU6-669P	SRR5949218	1.154243037085462
RNU6-669P	SRR5949219	1.1542612816136126
RNU6-669P	SRR5949220	1.1541312616794417
RNU6-669P	SRR5949221	1.1540843659274789
RNU6-669P	SRR5949222	1.1542612816136126
RNU6-669P	SRR5949223	1.153448318699057
RNU6-669P	SRR5949224	1.1542881659876676
RNU6-669P	SRR5949225	1.1544018504729736
RNU6-669P	SRR5949226	1.1541312616794417
RNU6-669P	SRR5949227	1.1544018504729736
RNU6-669P	SRR5949228	1.1541312616794417
RNU6-669P	SRR5949229	1.154127700715507
RNU6-669P	SRR5949230	1.1544018504729736
RNU6-669P	SRR5949231	1.1540286696356532
RNU6-669P	SRR5949232	1.1531855179973023
RNU6-669P	SRR5949233	1.1534681238443258
RNU6-669P	SRR5949234	1.1542763738511965
RNU6-669P	SRR5949235	1.1541312616794417
RNU6-669P	SRR5949236	1.1524349692227331
RNU6-669P	SRR5949237	1.1540286696356532
RNU6-669P	SRR5949238	1.1537962707798937
RNU6-669P	SRR5949239	1.152631812552955
RNU6-669P	SRR5949240	1.1544066367558048
RNU6-669P	SRR5949241	1.1542881659876676
RNU6-669P	SRR5949242	1.1543244711383844
RNU6-669P	SRR5949243	1.1542129775631536
RNU6-669P	SRR5949244	1.1542193125787963
RNU6-669P	SRR5949245	1.1542342444976637
RNU6-669P	SRR5949246	1.1543244711383844
RNU6-669P	SRR5949247	1.1542763738511965
RNU6-669P	SRR5949248	1.154328975937927
RNU6-669P	SRR5949249	1.1543244711383844
RNU6-669P	SRR5949250	1.1544080735423528
RNU6-669P	SRR5949251	1.1541312616794417
RNU6-669P	SRR5949252	1.1543930374941627
RNU6-669P	SRR5949253	1.1539534513664238
RNU6-669P	SRR5949254	1.154099487946561
RNU6-669P	SRR5949255	1.1543244711383844
RNU6-669P	SRR5949256	1.1542342444976637
RNU6-669P	SRR5949257	1.1544066367558048
RNU6-669P	SRR5949258	1.1544066367558048
RNU6-669P	SRR5949259	1.154243037085462
RNU6-669P	SRR5949260	1.1544080735423528
RNU6-669P	SRR5949261	1.1544080735423528
RNU6-669P	SRR5949262	1.1542193125787963
RNU6-669P	SRR5949263	1.154328975937927
RNU6-669P	SRR5949264	1.1542612816136126
RNU6-669P	SRR5949265	1.1543930374941627
RNU6-669P	SRR5949266	1.1537626724135772
RNU6-669P	SRR5949267	1.1537779842987672
RNU6-669P	SRR5949268	1.1544018504729736
RNU6-669P	SRR5949269	1.1542612816136126
RNU6-669P	SRR5949270	1.1543244711383844
RNU6-669P	SRR5949271	1.154119770897195
RNU6-669P	SRR5949272	1.1544080735423528
RNU6-669P	SRR5949273	1.1544080735423528
RNU6-669P	SRR5949274	1.154328975937927
RNU6-669P	SRR5949275	1.154099487946561
RNU6-669P	SRR5949276	1.154328975937927
RNU6-669P	SRR5949277	1.1537779842987672
RNU6-669P	SRR5949278	1.1543861423812125
RNU6-669P	SRR5949279	1.1543861423812125
RNU6-669P	SRR5949280	1.1539394876265088
RNU6-669P	SRR5949281	1.1543244711383844
RNU6-669P	SRR5949282	1.1544080735423528
RNU6-669P	SRR5949283	1.154043329391819
RNU6-669P	SRR5949284	1.1544080735423528
RNU6-669P	SRR5949285	1.15317802952035
RNU6-669P	SRR5949286	1.1537626724135772
RNU6-669P	SRR5949287	1.1544080735423528
RNU6-669P	SRR5949288	1.1543861423812125
RNU6-669P	SRR5949289	1.1542342444976637
RNU6-669P	SRR5949290	1.1544080735423528
RNU6-669P	SRR5949291	1.1543244711383844
RNU6-669P	SRR5949292	1.1542763738511965
RNU6-669P	SRR5949293	1.1544080735423528
RNU6-669P	SRR5949294	1.1544066367558048
RNU6-669P	SRR5949295	1.1543861423812125
RNU6-669P	SRR5949296	1.154328975937927
RNU6-669P	SRR5949297	1.1543930374941627
RNU6-669P	SRR5949298	1.1541360045743105
RNU6-669P	SRR5949299	1.1542763738511965
RNU6-669P	SRR5949300	1.1544066367558048
RNU6-669P	SRR5949301	1.1544066367558048
RNU6-669P	SRR5949302	1.1542342444976637
RNU6-669P	SRR5949303	1.1541454974839138
RNU6-669P	SRR5949304	1.1543930374941627
RNU6-669P	SRR5949305	1.1537652995205527
RNU6-669P	SRR5949306	1.1543930374941627
RNU6-669P	SRR5949307	1.1542763738511965
RNU6-669P	SRR5949308	1.154328975937927
RNU6-669P	SRR5949309	1.154119770897195
RNU6-669P	SRR5949310	1.154119770897195
RNU6-669P	SRR5949311	1.1542763738511965
RNU6-669P	SRR5949312	1.1540148338403267
RNU6-669P	SRR5949313	1.1543244711383844
RNU6-669P	SRR5949314	1.1544066367558048
RNU6-669P	SRR5949315	1.1543244711383844
RNU6-669P	SRR5949316	1.1543861423812125
RNU6-669P	SRR5949317	1.1538444146289202
RNU6-669P	SRR5949318	1.1537833054890896
RNU6-669P	SRR5949319	1.1543930374941627
RNU6-669P	SRR5949320	1.1544080735423528
RNU6-669P	SRR5949321	1.154328975937927
RNU6-669P	SRR5949322	1.1541312616794417
RNU6-669P	SRR5949323	1.1543244711383844
RNU6-669P	SRR5949324	1.1544080735423528
RNU6-669P	SRR5949325	1.1543861423812125
RNU6-669P	SRR5949326	1.1542881659876676
RNU6-669P	SRR5949327	1.1537250692562184
RNU6-669P	SRR5949328	1.1543930374941627
RNU6-669P	SRR5949329	1.1544018504729736
RNU6-669P	SRR5949330	1.1543861423812125
RNU6-669P	SRR5949331	1.1544018504729736
RNU6-669P	SRR5949332	1.1544080735423528
RNU6-669P	SRR5949333	1.154243037085462
RNU6-669P	SRR5949334	1.1540148338403267
RNU6-669P	SRR5949335	1.1544066367558048
RNU6-669P	SRR5949336	1.154328975937927
RNU6-669P	SRR5949337	1.1544018504729736
RNU6-669P	SRR5949338	1.1543861423812125
RNU6-669P	SRR5949339	1.1543861423812125
RNU6-669P	SRR5949340	1.1541454974839138
RNU6-669P	SRR5949341	1.154243037085462
RNU6-669P	SRR5949342	1.1543930374941627
RNU6-669P	SRR5949343	1.1542612816136126
RNU6-669P	SRR5949344	1.1543930374941627
RNU6-669P	SRR5949345	1.1544018504729736
RNU6-669P	SRR5949346	1.1537070312898285
RNU6-669P	SRR5949347	1.1539830975965506
RNU6-669P	SRR5949348	1.1532222126984653
RNU6-669P	SRR5949349	1.1543861423812125
RNU6-669P	SRR5949350	1.1543244711383844
RNU6-669P	SRR5949351	1.1543244711383844
RNU6-669P	SRR5949352	1.154328975937927
RNU6-669P	SRR5949353	1.1543861423812125
RNU6-669P	SRR5949354	1.154118135098547
RNU6-669P	SRR5949355	1.1542763738511965
RNU6-669P	SRR5949356	1.1513016641508953
RNU6-669P	SRR5949357	1.1542763738511965
RNU6-669P	SRR5949358	1.1542881659876676
RNU6-669P	SRR5949359	1.1543861423812125
RNU6-669P	SRR5949360	1.154243037085462
RNU6-669P	SRR5949361	1.1542342444976637
RNU6-669P	SRR5949362	1.1524373005233322
RNU6-669P	SRR5949363	1.1544018504729736
RNU6-669P	SRR5949364	1.1541344162995835
RNU6-669P	SRR5949365	1.1539534513664238
RNU6-669P	SRR5949366	1.151926209413139
RNU6-669P	SRR5949367	1.1544080735423528
RNU6-669P	SRR5949368	1.1532936707463863
RNU6-669P	SRR5949369	1.1544066367558048
RNU6-669P	SRR5949370	1.1543930374941627
RNU6-669P	SRR5949371	1.154127700715507
RNU6-669P	SRR5949372	1.1543244711383844
RNU6-669P	SRR5949373	1.1544066367558048
RNU6-669P	SRR5949374	1.1541360045743105
RNU6-669P	SRR5949375	1.1544066367558048
RNU6-669P	SRR5949376	1.1544080735423528
RNU6-669P	SRR5949377	1.1543861423812125
RNU6-669P	SRR5949378	1.1544080735423528
RNU6-669P	SRR5949379	1.1543861423812125
RNU6-669P	SRR5949380	1.1535503567545762
RNU6-669P	SRR5949381	1.154099487946561
RNU6-669P	SRR5949382	1.1543861423812125
RNU6-669P	SRR5949383	1.1542193125787963
RNU6-669P	SRR5949384	1.1544066367558048
RNU6-669P	SRR5949385	1.1542129775631536
RNU6-669P	SRR5949386	1.1544080735423528
RNU6-669P	SRR5949387	1.1525536382806347
RNU6-669P	SRR5949388	1.1540976154898277
RNU6-669P	SRR5949389	1.1544080735423528
RNU6-669P	SRR5949390	1.1543244711383844
RNU6-669P	SRR5949391	1.154127700715507
RNU6-669P	SRR5949392	1.1544080735423528
RNU6-669P	SRR5949393	1.154127700715507
RNU6-669P	SRR5949394	1.154043329391819
RNU6-669P	SRR5949395	1.1543244711383844
RNU6-669P	SRR5949396	1.153448318699057
RNU6-669P	SRR5949397	1.1544066367558048
RNU6-669P	SRR5949398	1.1544018504729736
RNU6-669P	SRR5949399	1.1542881659876676
RNU6-669P	SRR5949400	1.148920661344423
RNU6-669P	SRR5949401	1.1544080735423528
RNU6-669P	SRR5949402	1.154328975937927
RNU6-669P	SRR5949403	1.1542612816136126
RNU6-669P	SRR5949404	1.154127700715507
RNU6-669P	SRR5949405	1.1543861423812125
RNU6-669P	SRR5949406	1.1544066367558048
RNU6-669P	SRR5949407	1.1543861423812125
RNU6-669P	SRR5949408	1.1543861423812125
RNU6-669P	SRR5949409	1.154328975937927
RNU6-669P	SRR5949410	1.1543244711383844
RNU6-669P	SRR5949411	1.1544080735423528
RNU6-669P	SRR5949412	1.1542193125787963
RNU6-669P	SRR5949413	1.154328975937927
RNU6-669P	SRR5949414	1.1543861423812125
RNU6-669P	SRR5949415	1.1543930374941627
RNU6-669P	SRR5949416	1.1542763738511965
RNU6-669P	SRR5949417	1.154243037085462
RNU6-669P	SRR5949418	1.1543861423812125
RNU6-669P	SRR5949419	1.1543930374941627
RNU6-669P	SRR5949420	1.1542612816136126
RNU6-669P	SRR5949421	1.154243037085462
RNU6-669P	SRR5949422	1.1542763738511965
RNU6-669P	SRR5949423	1.1542763738511965
RNU6-669P	SRR5949424	1.1544080735423528
RNU6-669P	SRR5949425	1.1542763738511965
RNU6-669P	SRR5949426	1.1544018504729736
RNU6-669P	SRR5949427	1.1542763738511965
RNU6-669P	SRR5949428	1.1544080735423528
RNU6-669P	SRR5949429	1.1540148338403267
RNU6-669P	SRR5949430	1.1543244711383844
RNU6-669P	SRR5949431	1.1543244711383844
RNU6-669P	SRR5949432	1.1543244711383844
RNU6-669P	SRR5949433	1.1542881659876676
RNU6-669P	SRR5949434	1.1542881659876676
RNU6-669P	SRR5949435	1.154099487946561
RNU6-669P	SRR5949436	1.1543930374941627
RNU6-669P	SRR5949437	1.1540843659274789
RNU6-669P	SRR5949438	1.1539394876265088
RNU6-669P	SRR5949439	1.1544066367558048
RNU6-669P	SRR5949440	1.1544018504729736
RNU6-669P	SRR5949441	1.1544018504729736
RNU6-669P	SRR5949442	1.1541454974839138
RNU6-669P	SRR5949443	1.1541312616794417
RNU6-669P	SRR5949444	1.1540976154898277
RNU6-669P	SRR5949445	1.1544080735423528
RNU6-669P	SRR5949446	1.1543930374941627
RNU6-669P	SRR5949447	1.1542763738511965
RNU6-669P	SRR5949448	1.1544080735423528
RNU6-669P	SRR5949449	1.1544080735423528
RNU6-669P	SRR5949450	1.1543244711383844
RNU6-669P	SRR5949451	1.154243037085462
RNU6-669P	SRR5949452	1.1543244711383844
RNU6-669P	SRR5949453	1.1542881659876676
RNU6-669P	SRR5949454	1.1543861423812125
RNU6-669P	SRR5949455	1.1542763738511965
RNU6-669P	SRR5949456	1.1544066367558048
RNU6-669P	SRR5949457	1.1544018504729736
RNU6-669P	SRR5949458	1.1544066367558048
RNU6-669P	SRR5949459	1.154328975937927
RNU6-669P	SRR5949460	1.154127700715507
RNU6-669P	SRR5949461	1.1537652995205527
RNU6-669P	SRR5949462	1.1543930374941627
RNU6-669P	SRR5949463	1.154119770897195
RNU6-669P	SRR5949464	1.154043329391819
RNU6-669P	SRR5949465	1.1535426695350546
RNU6-669P	SRR5949466	1.1543244711383844
RNU6-669P	SRR5949467	1.1536303593625774
RNU6-669P	SRR5949468	1.1543930374941627
RNU6-669P	SRR5949469	1.1544018504729736
RNU6-669P	SRR5949470	1.1543861423812125
RNU6-669P	SRR5949471	1.1542612816136126
RNU6-669P	SRR5949472	1.154328975937927
RNU6-669P	SRR5949473	1.154328975937927
RNU6-669P	SRR5949474	1.1542881659876676
RNU6-669P	SRR5949475	1.1544080735423528
RNU6-669P	SRR5949476	1.1543861423812125
RNU6-669P	SRR5949477	1.1544018504729736
RNU6-669P	SRR5949478	1.154328975937927
RNU6-669P	SRR5949479	1.1538444146289202
RNU6-669P	SRR5949480	1.1542612816136126
RNU6-669P	SRR5949481	1.1544018504729736
RNU6-669P	SRR5949482	1.1542129775631536
RNU6-669P	SRR5949483	1.1538715423531325
RNU6-669P	SRR5949484	1.1543930374941627
RNU6-669P	SRR5949485	1.154099487946561
RNU6-669P	SRR5949486	1.1542881659876676
RNU6-669P	SRR5949487	1.1542612816136126
RNU6-669P	SRR5949488	1.153987572083333
RNU6-669P	SRR5949489	1.1541344162995835
RNU6-669P	SRR5949490	1.1541360045743105
RNU6-669P	SRR5949491	1.1542881659876676
RNU6-669P	SRR5949492	1.1541360045743105
RNU6-669P	SRR5949493	1.154243037085462
RNU6-669P	SRR5949494	1.1544080735423528
RNU6-669P	SRR5949495	1.154043329391819
RNU6-669P	SRR5949496	1.154243037085462
RNU6-669P	SRR5949497	1.1542612816136126
RNU6-669P	SRR5949498	1.1543244711383844
RNU6-669P	SRR5949499	1.1543930374941627
RNU6-669P	SRR5949500	1.1539304288892793
RNU6-669P	SRR5949501	1.1541014455850918
RNU6-669P	SRR5949502	1.1538715423531325
RNU6-669P	SRR5949503	1.1541360045743105
RNU6-669P	SRR5949504	1.1543861423812125
RNU6-669P	SRR5949505	1.1543861423812125
RNU6-669P	SRR5949506	1.1543861423812125
RNU6-669P	SRR5949507	1.1544018504729736
RNU6-669P	SRR5949508	1.154243037085462
RNU6-669P	SRR5949509	1.1543930374941627
RNU6-669P	SRR5949510	1.1543861423812125
RNU6-669P	SRR5949511	1.1536505416463956
RNU6-669P	SRR5949512	1.154328975937927
RNU6-669P	SRR5949513	1.1544080735423528
RNU6-669P	SRR5949514	1.1542193125787963
RNU6-669P	SRR5949515	1.1543930374941627
RNU6-669P	SRR5949516	1.1543244711383844
RNU6-669P	SRR5949517	1.1543861423812125
RNU6-669P	SRR5949518	1.1538715423531325
RNU6-669P	SRR5949519	1.154127700715507
RNU6-669P	SRR5949520	1.1544018504729736
RNU6-669P	SRR5949521	1.1537652995205527
RNU6-669P	SRR5949522	1.154328975937927
RNU6-669P	SRR5949523	1.1544018504729736
RNU6-669P	SRR5949524	1.1542881659876676
RNU6-669P	SRR5949525	1.1542129775631536
RNU6-669P	SRR5949526	1.1537070312898285
RNU6-669P	SRR5949527	1.1541360045743105
RNU6-669P	SRR5949528	1.1530313538581225
RNU6-669P	SRR5949529	1.1541014455850918
RNU6-669P	SRR5949530	1.1542612816136126
RNU6-669P	SRR5949531	1.1542342444976637
RNU6-669P	SRR5949532	1.1544018504729736
RNU6-669P	SRR5949533	1.1544080735423528
RNU6-669P	SRR5949534	1.1541454974839138
RNU6-669P	SRR5949535	1.1543861423812125
RNU6-669P	SRR5949536	1.1543244711383844
RNU6-669P	SRR5949537	1.1543930374941627
RNU6-669P	SRR5949538	1.1544080735423528
RNU6-669P	SRR5949539	1.154243037085462
RNU6-669P	SRR5949540	1.154118135098547
RNU6-669P	SRR5949541	1.1542612816136126
RNU6-669P	SRR5949542	1.154118135098547
RNU6-669P	SRR5949543	1.1542881659876676
RNU6-669P	SRR5949544	1.154127700715507
RNU6-669P	SRR5949545	1.1539394876265088
RNU6-669P	SRR5949546	1.1541360045743105
RNU6-669P	SRR5949547	1.1544080735423528
RNU6-669P	SRR5949548	1.1542881659876676
RNU6-669P	SRR5949549	1.1539534513664238
RNU6-669P	SRR5949550	1.1535522984622077
RNU6-669P	SRR5949551	1.154328975937927
RNU6-669P	SRR5949552	1.154043329391819
RNU6-669P	SRR5949553	1.1544066367558048
RNU6-669P	SRR5949554	1.1543861423812125
RNU6-669P	SRR5949555	1.1452054817287791
RNU6-669P	SRR5949556	1.154099487946561
RNU6-669P	SRR5949557	1.1542881659876676
RNU6-669P	SRR5949558	1.154043329391819
RNU6-669P	SRR5949559	1.1543930374941627
RNU6-669P	SRR5949560	1.1544018504729736
RNU6-669P	SRR5949561	1.1537430923754213
RNU6-669P	SRR5949562	1.154043329391819
RNU6-669P	SRR5949563	1.1542763738511965
RNU6-669P	SRR5949564	1.1543244711383844
RNU6-669P	SRR5949565	1.1544066367558048
RNU6-669P	SRR5949566	1.1543861423812125
RNU6-669P	SRR5949567	1.1525839843466772
RNU6-669P	SRR5949568	1.154118135098547
RNU6-669P	SRR5949569	1.1541344162995835
RNU6-669P	SRR5949570	1.1542612816136126
RNU6-669P	SRR5949571	1.1539394876265088
RNU6-669P	SRR5949572	1.154243037085462
RNU6-669P	SRR5949573	1.154127700715507
RNU6-669P	SRR5949574	1.1542881659876676
RNU6-669P	SRR5949575	1.154243037085462
RNU6-669P	SRR5949576	1.1542129775631536
RNU6-669P	SRR5949577	1.1544066367558048
RNU6-669P	SRR5949578	1.1543244711383844
RNU6-669P	SRR5949579	1.1543861423812125
RNU6-669P	SRR5949580	1.1543930374941627
RNU6-669P	SRR5949581	1.1544080735423528
RNU6-669P	SRR5949582	1.1541312616794417
RNU6-669P	SRR5949583	1.1544066367558048
RNU6-669P	SRR5949584	1.1536496989510014
RNU6-669P	SRR5949585	1.154328975937927
RNU6-669P	SRR5949586	1.1543861423812125
RNU6-669P	SRR5949587	1.1542881659876676
RNU6-669P	SRR5949588	1.153006792126308
RNU6-669P	SRR5949589	1.1544080735423528
RNU6-669P	SRR5949590	1.1541360045743105
RNU6-669P	SRR5949591	1.1543930374941627
RNU6-669P	SRR5949592	1.154243037085462
RNU6-669P	SRR5949593	1.1544080735423528
RNU6-669P	SRR5949594	1.154243037085462
RNU6-669P	SRR5949595	1.154328975937927
RNU6-669P	SRR5949596	1.1542763738511965
RNU6-669P	SRR5949597	1.1538444146289202
RNU6-669P	SRR5949598	1.154243037085462
RNU6-669P	SRR5949599	1.1541344162995835
RNU6-669P	SRR5949600	1.1543244711383844
RNU6-669P	SRR5949601	1.154243037085462
RNU6-669P	SRR5949602	1.1544080735423528
RNU6-669P	SRR5949603	1.1543244711383844
RNU6-669P	SRR5949604	1.1543861423812125
RNU6-669P	SRR5949605	1.154243037085462
RNU6-669P	SRR5949606	1.1540286696356532
RNU6-669P	SRR5949607	1.1544018504729736
RNU6-669P	SRR5949608	1.1537626724135772
RNU6-669P	SRR5950246	1.1537070312898285
RNU6-669P	SRR5950247	1.154043329391819
RNU6-669P	SRR5950248	1.1543244711383844
RNU6-669P	SRR5950249	1.1544080735423528
RNU6-669P	SRR5950250	1.154127700715507
RNU6-669P	SRR5950251	1.1543244711383844
RNU6-669P	SRR5950252	1.1544066367558048
RNU6-669P	SRR5950253	1.154328975937927
RNU6-669P	SRR5950254	1.1540286696356532
RNU6-669P	SRR5950255	1.1537779842987672
RNU6-669P	SRR5950256	1.1532906572572703
RNU6-669P	SRR5950257	1.1532936707463863
RNU6-669P	SRR5950258	1.1543244711383844
RNU6-669P	SRR5950259	1.1544018504729736
RNU6-669P	SRR5950260	1.1543244711383844
RNU6-669P	SRR5950261	1.154328975937927
RNU6-669P	SRR5950262	1.1542193125787963
RNU6-669P	SRR5950263	1.1538444146289202
RNU6-669P	SRR5950264	1.1544018504729736
RNU6-669P	SRR5950265	1.154119770897195
RNU6-669P	SRR5950266	1.153620340573047
RNU6-669P	SRR5950267	1.1543244711383844
RNU6-669P	SRR5950268	1.154243037085462
RNU6-669P	SRR5950269	1.154243037085462
RNU6-669P	SRR5950270	1.1539830975965506
RNU6-669P	SRR5950271	1.1544080735423528
RNU6-669P	SRR5950272	1.1544080735423528
RNU6-669P	SRR5950273	1.1543244711383844
RNU6-669P	SRR5950274	1.1541454974839138
RNU6-669P	SRR5950275	1.154243037085462
RNU6-669P	SRR5950276	1.154328975937927
RNU6-669P	SRR5950277	1.1541014455850918
RNU6-669P	SRR5950278	1.1537962707798937
RNU6-669P	SRR5950279	1.1542763738511965
RNU6-669P	SRR5950280	1.1543861423812125
RNU6-669P	SRR5950281	1.154243037085462
RNU6-669P	SRR5950282	1.1538447615632836
RNU6-669P	SRR5950283	1.154328975937927
RNU6-669P	SRR5950284	1.1511338942169325
RNU6-669P	SRR5950285	1.1540843659274789
RNU6-669P	SRR5950286	1.1542881659876676
RNU6-669P	SRR5950287	1.1537833054890896
RNU6-669P	SRR5950288	1.154118135098547
RNU6-669P	SRR5950289	1.1537285180296166
RNU6-669P	SRR5950290	1.1543930374941627
RNU6-669P	SRR5950291	1.154328975937927
RNU6-669P	SRR5950292	1.1542193125787963
RNU6-669P	SRR5950293	1.1539534513664238
RNU6-669P	SRR5950294	1.1544080735423528
RNU6-669P	SRR5950295	1.1544018504729736
RNU6-669P	SRR5950296	1.1542881659876676
RNU6-669P	SRR5950297	1.1540286696356532
RNU6-669P	SRR5950298	1.1543930374941627
RNU6-669P	SRR5950299	1.1541312616794417
RNU6-669P	SRR5950300	1.1542881659876676
RNU6-669P	SRR5950301	1.154328975937927
RNU6-669P	SRR5950302	1.1542612816136126
RNU6-669P	SRR5950303	1.1541454974839138
RNU6-669P	SRR5950304	1.1540148338403267
RNU6-669P	SRR5950305	1.1542612816136126
RNU6-669P	SRR5950306	1.1542763738511965
RNU6-669P	SRR5950307	1.1541344162995835
RNU6-669P	SRR5950308	1.1542342444976637
RNU6-669P	SRR5950309	1.154243037085462
RNU6-669P	SRR5950310	1.1542881659876676
RNU6-669P	SRR5950311	1.1543930374941627
RNU6-669P	SRR5950312	1.1543244711383844
RNU6-669P	SRR5950313	1.1542193125787963
RNU6-669P	SRR5950314	1.1543930374941627
RNU6-669P	SRR5950315	1.154328975937927
RNU6-669P	SRR5950316	1.1544018504729736
RNU6-669P	SRR5950317	1.1541312616794417
RNU6-669P	SRR5950318	1.153987572083333
RNU6-669P	SRR5950319	1.1541360045743105
RNU6-669P	SRR5950320	1.154119770897195
RNU6-669P	SRR5950321	1.1533709738650642
RNU6-669P	SRR5950322	1.1541014455850918
RNU6-669P	SRR5950323	1.1542129775631536
RNU6-669P	SRR5950324	1.1543930374941627
RNU6-669P	SRR5950325	1.1542342444976637
RNU6-669P	SRR5950326	1.154099487946561
RNU6-669P	SRR5950327	1.154328975937927
RNU6-669P	SRR5950328	1.154328975937927
RNU6-669P	SRR5950329	1.1542881659876676
RNU6-669P	SRR5950330	1.1541360045743105
RNU6-669P	SRR5950331	1.1539534513664238
RNU6-669P	SRR5950332	1.1540843659274789
RNU6-669P	SRR5950333	1.1543930374941627
RNU6-669P	SRR5950334	1.1543861423812125
RNU6-669P	SRR5950335	1.1543861423812125
RNU6-669P	SRR5950336	1.1524373005233322
RNU6-669P	SRR5950337	1.1537962707798937
RNU6-669P	SRR5950338	1.1531742805487435
RNU6-669P	SRR5950339	1.1544080735423528
RNU6-669P	SRR5950340	1.154127700715507
RNU6-669P	SRR5950341	1.1542129775631536
RNU6-669P	SRR5950342	1.1544018504729736
RNU6-669P	SRR5950343	1.1542342444976637
RNU6-669P	SRR5950344	1.154119770897195
RNU6-669P	SRR5950345	1.1542129775631536
RNU6-669P	SRR5950346	1.1543244711383844
RNU6-669P	SRR5950347	1.1542612816136126
RNU6-669P	SRR5950348	1.1541344162995835
RNU6-669P	SRR5950349	1.1544066367558048
RNU6-669P	SRR5950350	1.1543244711383844
RNU6-669P	SRR5950351	1.1538444146289202
RNU6-669P	SRR5950352	1.1544018504729736
RNU6-669P	SRR5950353	1.1542763738511965
RNU6-669P	SRR5950354	1.1544018504729736
RNU6-669P	SRR5950355	1.1544066367558048
RNU6-669P	SRR5950356	1.1537250692562184
RNU6-669P	SRR5950357	1.1544018504729736
RNU6-669P	SRR5950358	1.1541344162995835
RNU6-669P	SRR5950359	1.1542342444976637
RNU6-669P	SRR5950360	1.1544018504729736
RNU6-669P	SRR5950361	1.1544018504729736
RNU6-669P	SRR5950362	1.1541014455850918
RNU6-669P	SRR5950363	1.153987572083333
RNU6-669P	SRR5950364	1.1541360045743105
RNU6-669P	SRR5950365	1.154328975937927
RNU6-669P	SRR5950366	1.1543930374941627
RNU6-669P	SRR5950367	1.153400485650712
RNU6-669P	SRR5950368	1.1542763738511965
RNU6-669P	SRR5950369	1.1544080735423528
RNU6-669P	SRR5950370	1.1544080735423528
RNU6-669P	SRR5950371	1.154328975937927
RNU6-669P	SRR5950372	1.1543861423812125
RNU6-669P	SRR5950373	1.1542881659876676
RNU6-669P	SRR5950374	1.1542763738511965
RNU6-669P	SRR5950375	1.1543930374941627
RNU6-669P	SRR5950376	1.1544066367558048
RNU6-669P	SRR5950377	1.1539830975965506
RNU6-669P	SRR5950378	1.1542881659876676
RNU6-669P	SRR5950379	1.1542763738511965
RNU6-669P	SRR5950380	1.1542129775631536
RNU6-669P	SRR5950381	1.1542129775631536
RNU6-669P	SRR5950382	1.1537779842987672
RNU6-669P	SRR5950383	1.1544066367558048
RNU6-669P	SRR5950384	1.1543930374941627
RNU6-669P	SRR5950385	1.1537833054890896
RNU6-669P	SRR5950386	1.1543861423812125
RNU6-669P	SRR5950387	1.1544066367558048
RNU6-669P	SRR5950388	1.154127700715507
RNU6-669P	SRR5950389	1.1532222126984653
RNU6-669P	SRR5950390	1.1542129775631536
RNU6-669P	SRR5950391	1.1544080735423528
RNU6-669P	SRR5950392	1.1537652995205527
RNU6-669P	SRR5950393	1.1541312616794417
RNU6-669P	SRR5950394	1.154243037085462
RNU6-669P	SRR5950395	1.1542763738511965
RNU6-669P	SRR5950396	1.1544080735423528
RNU6-669P	SRR5950397	1.1544066367558048
RNU6-669P	SRR5950398	1.1544066367558048
RNU6-669P	SRR5950399	1.1542193125787963
RNU6-669P	SRR5950400	1.1542342444976637
RNU6-669P	SRR5950401	1.1543930374941627
RNU6-669P	SRR5950402	1.1543930374941627
RNU6-669P	SRR5950403	1.154328975937927
RNU6-669P	SRR5950404	1.1543861423812125
RNU6-669P	SRR5950405	1.153006792126308
RNU6-669P	SRR5950406	1.1539304288892793
RNU6-669P	SRR5950407	1.154328975937927
RNU6-669P	SRR5950408	1.154043329391819
RNU6-669P	SRR5950409	1.154127700715507
RNU6-669P	SRR5950410	1.1544080735423528
RNU6-669P	SRR5950411	1.1544018504729736
RNU6-669P	SRR5950412	1.1543861423812125
RNU6-669P	SRR5950413	1.1539394876265088
RNU6-669P	SRR5950414	1.1543861423812125
RNU6-669P	SRR5950415	1.1542193125787963
RNU6-669P	SRR5950416	1.154243037085462
RNU6-669P	SRR5950417	1.1542342444976637
RNU6-669P	SRR5950418	1.154119770897195
RNU6-669P	SRR5950419	1.1544018504729736
RNU6-669P	SRR5950420	1.1542612816136126
RNU6-669P	SRR5950421	1.1541312616794417
RNU6-669P	SRR5950422	1.1540976154898277
RNU6-669P	SRR5950423	1.1542881659876676
RNU6-669P	SRR5950424	1.1543930374941627
RNU6-669P	SRR5950425	1.1544018504729736
RNU6-669P	SRR5950426	1.1541344162995835
RNU6-669P	SRR5950427	1.1543861423812125
RNU6-669P	SRR5950428	1.1542881659876676
RNU6-669P	SRR5950429	1.1544018504729736
RNU6-669P	SRR5950430	1.154243037085462
RNU6-669P	SRR5950431	1.1542612816136126
RNU6-669P	SRR5950432	1.1543861423812125
RNU6-669P	SRR5950433	1.154328975937927
RNU6-669P	SRR5950434	1.1541344162995835
RNU6-669P	SRR5950435	1.1542881659876676
RNU6-669P	SRR5950436	1.1544018504729736
RNU6-669P	SRR5950437	1.1542612816136126
RNU6-669P	SRR5950438	1.1543930374941627
RNU6-669P	SRR5950439	1.1544066367558048
RNU6-669P	SRR5950440	1.150186403730464
RNU6-669P	SRR5950441	1.1540843659274789
RNU6-669P	SRR5950442	1.1543244711383844
RNU6-669P	SRR5950443	1.1541454974839138
RNU6-669P	SRR5950444	1.154328975937927
RNU6-669P	SRR5950445	1.1543861423812125
RNU6-669P	SRR5950446	1.1542129775631536
RNU6-669P	SRR5950447	1.1539830975965506
RNU6-669P	SRR5950448	1.1543244711383844
RNU6-669P	SRR5950449	1.1543861423812125
RNU6-669P	SRR5950450	1.1544018504729736
RNU6-669P	SRR5950451	1.1544080735423528
RNU6-669P	SRR5950452	1.154099487946561
RNU6-669P	SRR5950453	1.1543930374941627
RNU6-669P	SRR5950454	1.1540976154898277
RNU6-669P	SRR5950455	1.1543930374941627
RNU6-669P	SRR5950456	1.1542881659876676
RNU6-669P	SRR5950457	1.1542129775631536
RNU6-669P	SRR5950458	1.1544080735423528
RNU6-669P	SRR5950459	1.1542612816136126
RNU6-669P	SRR5950460	1.1542612816136126
RNU6-669P	SRR5950461	1.1543244711383844
RNU6-669P	SRR5950462	1.1538715423531325
RNU6-669P	SRR5950463	1.1541454974839138
RNU6-669P	SRR5950464	1.1541014455850918
RNU6-669P	SRR5950465	1.1495981461456477
RNU6-669P	SRR5950466	1.1543861423812125
RNU6-669P	SRR5950467	1.1542763738511965
RNU6-669P	SRR5950468	1.1543244711383844
RNU6-669P	SRR5950469	1.1542129775631536
RNU6-669P	SRR5950470	1.1544018504729736
RNU6-669P	SRR5963912	1.1544080735423528
RNU6-669P	SRR5963913	1.154118135098547
RNU6-669P	SRR5963914	1.1544080735423528
RNU6-669P	SRR5963915	1.154119770897195
RNU6-669P	SRR5963916	1.1538752034369077
RNU6-669P	SRR5963917	1.154243037085462
RNU6-669P	SRR5963918	1.1542612816136126
RNU6-669P	SRR5963919	1.1543861423812125
RNU6-669P	SRR5963920	1.1542763738511965
RNU6-669P	SRR5963921	1.1543930374941627
RNU6-669P	SRR5963922	1.1542342444976637
RNU6-669P	SRR5963923	1.1542612816136126
RNU6-669P	SRR5963924	1.1543861423812125
RNU6-669P	SRR5963925	1.154118135098547
RNU6-669P	SRR5963926	1.154118135098547
RNU6-669P	SRR5963927	1.1544018504729736
RNU6-669P	SRR5963928	1.1540843659274789
RNU6-669P	SRR5963929	1.154328975937927
RNU6-669P	SRR5963930	1.1539394876265088
RNU6-669P	SRR5963931	1.1544066367558048
RNU6-669P	SRR5963932	1.1542881659876676
RNU6-669P	SRR5963933	1.1542193125787963
RNU6-669P	SRR5963934	1.153987572083333
RNU6-669P	SRR5963935	1.1544080735423528
RNU6-669P	SRR5963936	1.1541014455850918
RNU6-669P	SRR5963937	1.1537833054890896
RNU6-669P	SRR5963938	1.1543244711383844
RNU6-669P	SRR5963939	1.1543861423812125
RNU6-669P	SRR5963940	1.1543861423812125
RNU6-669P	SRR5963941	1.1544080735423528
RNU6-669P	SRR5963942	1.1544080735423528
RNU6-669P	SRR5963943	1.1543930374941627
RNU6-669P	SRR5963944	1.1544080735423528
RNU6-669P	SRR5963945	1.1544066367558048
RNU6-669P	SRR5963946	1.154328975937927
RNU6-669P	SRR5963947	1.154328975937927
RNU6-669P	SRR5963948	1.154328975937927
RNU6-669P	SRR6467548	1.0098009573572508
RNU6-669P	SRR6467549	1.0166962857042838
RNU6-669P	SRR6467550	1.0094837492205468
RNU6-669P	SRR6467551	1.0165120289381493
RNU6-669P	SRR6467552	1.0165938972287623
RNU6-669P	SRR6467553	1.0319322215162512
RNU6-669P	SRR6467554	1.022575385288971
RNU6-669P	SRR6467555	1.0144266845639887
RNU6-669P	SRR6467556	1.011851581781421
RNU6-669P	SRR6467557	1.011441792883926
RNU6-669P	SRR6467558	1.0202923005984328
RNU6-669P	SRR6467559	1.002192313736413
RNU6-669P	SRR6467560	1.0102367475941127
RNU6-669P	SRR6467561	1.007470555541101
RNU6-669P	SRR6467562	1.0037998635777572
RNU6-669P	SRR6467563	1.006198701649288
RNU6-669P	SRR6467564	1.007316154609257
RNU6-669P	SRR6467565	1.0097140318888853
RNU6-669P	SRR6467566	1.0276080890484358
RNU6-669P	SRR6467567	1.0110992213354526
RNU6-669P	SRR6467568	1.0041030169842722
RNU6-669P	SRR6467569	1.0146718773316246
RNU6-669P	SRR6467570	1.8495832000804957
RNU6-669P	SRR6467571	1.0007200381067656
RNU6-669P	SRR6467572	1.0061815486062775
RNU6-669P	SRR6467573	1.006829697727058
RNU6-669P	SRR6467574	1
RNU6-669P	SRR6467575	1.143352850751477
RNU6-669P	SRR6467576	1.0047192251993753
RNU6-669P	SRR6467577	1.0014405946684066
RNU6-669P	SRR6467578	1.009862646777912
RNU6-669P	SRR6467579	1.0106905274838194
RNU6-669P	SRR6467580	0.9523601830764757
RNU6-669P	SRR6467581	0.8599482920351685
RNU6-669P	SRR6467582	0.941450468834617
RNU6-669P	SRR6467583	1
RNU6-669P	SRR6467584	1.0036667554019618
RNU6-669P	SRR6467585	1.4532413942246574
RNU6-669P	SRR6467586	0.7005779092591782
RNU6-669P	SRR6467587	0.7901193740878704
RNU6-669P	SRR6467588	0.5568227467608717
RNU6-669P	SRR6467589	1
RNU6-669P	SRR6467590	3.0084251048819137
RNU6-669P	SRR6467591	1.010567215117064
RNU6-669P	SRR6467592	1.0077848171459254
RNU6-669P	SRR6467593	2.0091403691618455
RNU6-669P	SRR6467594	0.7350215770546508
RNU6-669P	SRR6467595	1.002192313736413
RNU6-669P	SRR6467596	1
RNU6-669P	SRR6467597	0.8492910639109715
RNU6-669P	SRR6467598	0.8943128181116325
RNU6-669P	SRR6467599	1.0037804265166004
RNU6-669P	SRR6467600	2.009646126578094
RNU6-669P	SRR6467601	1.0055770267634287
RNU6-669P	SRR6467602	0.6361048560300533
RNU6-669P	SRR6467603	1
RNU6-669P	SRR6467604	1.0042569254079385
RNU6-669P	SRR6467605	1.0036053788169974
RNU6-669P	SRR6467606	1
RNU6-669P	SRR6467607	1
RNU6-669P	SRR6467608	1.0026279344264644
RNU6-669P	SRR6467609	1.000179960941952
RNU6-669P	SRR6467610	1.0100482822048622
RNU6-669P	SRR6467611	0.822746489489523
RNU6-669P	SRR6467612	1.0058055966749162
RNU6-669P	SRR6467613	2
RNU6-669P	SRR6467614	1
RNU6-669P	SRR6467615	1.0128041618842896
RNU6-669P	SRR6467616	1.0098959578192344
RNU6-669P	SRR6467617	1.0067109510861363
RNU6-669P	SRR6467618	1
RNU6-669P	SRR6467619	0.646426685643631
RNU6-669P	SRR6467620	1.0026279344264644
RNU6-669P	SRR6467621	1.0051232842269857
RNU6-669P	SRR6467622	1.0150684403228711
RNU6-669P	SRR6467623	0.7180461888519648
RNU6-669P	SRR6467624	1.000179960941952
RNU6-669P	SRR6467625	1
RNU6-669P	SRR6467626	1
RNU6-669P	SRR6467627	1.0100527075660375
RNU6-669P	SRR6467628	1
RNU6-669P	SRR6467629	0.8747413751703255
RNU6-669P	SRR6467630	1.0007200381067656
RNU6-669P	SRR6467631	1.0009001286274537
RNU6-669P	SRR6467632	1.0071932539431103
RNU6-669P	SRR6467633	1
RNU6-669P	SRR6467634	1.0040247915978133
RNU6-669P	SRR6467635	0.5894118334949451
RNU6-669P	SRR6467636	1.0101079633214745
RNU6-669P	SRR6467637	1
RNU6-669P	SRR6467638	1
RNU6-669P	SRR6467639	1.0032000079380652
RNU6-669P	SRR6467640	1.02092395433485
RNU6-669P	SRR6467641	1.0093092593249926
RNU6-669P	SRR6467642	0.852903689013646
RNU6-669P	SRR6467643	1.0125162691935943
RNU6-669P	SRR6467644	1
RNU6-669P	SRR6467645	0.6197967678174899
RNU6-669P	SRR6467646	2
RNU6-669P	SRR6467647	0.7606548841669499
RNU6-669P	SRR6467648	1.0058055966749162
RNU6-669P	SRR6467649	1.0052958813429669
RNU6-669P	SRR6467650	1.0054744269623506
RNU6-669P	SRR6467651	2.0058827252577025
RNU6-669P	SRR6467652	1.000179960941952
RNU6-669P	SRR6467653	1.0099534202493201
RNU6-669P	SRR6467654	1.003747088789452
RNU6-669P	SRR6467655	1
RNU6-669P	SRR6467656	0.9519895927372466
RNU6-669P	SRR6467657	1
RNU6-669P	SRR6467658	1
RNU6-669P	SRR6467659	0.7919435412301603
RNU6-669P	SRR6467660	1.0068477100204776
RNU6-669P	SRR6467661	0.7019179640025505
RNU6-669P	SRR6467662	0.8948753904986294
RNU6-669P	SRR6467663	1.0028083682939712
RNU6-669P	SRR6467664	0.643659726649707
RNU6-669P	SRR6467665	1
RNU6-669P	SRR6467666	1
RNU6-669P	SRR6467667	0.6064444850401363
RNU6-669P	SRR6467668	0.7233894982198812
RNU6-669P	SRR6467669	1
RNU6-669P	SRR6467670	1
RNU6-669P	SRR6467671	0.9374023324575674
RNU6-669P	SRR6467672	1.0088613809216063
RNU6-669P	SRR6467673	1.0095966497061606
RNU6-669P	SRR6467674	1.0063138266234677
RNU6-669P	SRR6467675	1.0086549004496244
RNU6-669P	SRR6467676	0.5806884835255499
RNU6-669P	SRR6467677	1
RNU6-669P	SRR6467678	1
RNU6-669P	SRR6467679	1
RNU6-669P	SRR6467680	1.010729395665764
RNU6-669P	SRR6467681	1
RNU6-669P	SRR6467682	1.0060111690650306
RNU6-669P	SRR6467683	1.0111991340219961
RNU6-669P	SRR6467684	1.002611135988753
RNU6-669P	SRR6467685	1.0141034233036246
RNU6-669P	SRR6467686	1.0014712162978496
RNU6-669P	SRR6467687	0.6656965748662134
RNU6-669P	SRR6467688	0.998585357575692
RNU6-669P	SRR6467689	1.0099508789230731
RNU6-669P	SRR6467690	1.0054839199293288
RNU6-669P	SRR6467691	1.0055634218052374
RNU6-669P	SRR6467692	1.0010802515574013
RNU6-669P	SRR6467693	0.9913056239850421
RNU6-669P	SRR6467694	1.0075961189816243
RNU6-669P	SRR6467695	1.0045701845809227
RNU6-669P	SRR6467696	0.6749114485651377
RNU6-669P	SRR6467697	2
RNU6-669P	SRR6467698	1.0046960648887655
RNU6-669P	SRR6467699	1
RNU6-669P	SRR6467700	0.7267923852742925
RNU6-669P	SRR6467701	1
RNU6-669P	SRR6467702	1.0143385323766478
RNU6-669P	SRR6467703	1.0123945241480405
RNU6-669P	SRR6467704	1.0028083682939712
RNU6-669P	SRR6467705	1.0065322517366486
RNU6-669P	SRR6467706	1.0184483735704168
RNU6-669P	SRR6467707	1
RNU6-669P	SRR6467708	1.0017262519502124
RNU6-669P	SRR6467709	1
RNU6-669P	SRR6467710	1.0009001286274537
RNU6-669P	SRR6467711	1.0013658060526471
RNU6-669P	SRR6467712	1.0112948620213962
RNU6-669P	SRR6467713	0.48220358781884687
RNU6-669P	SRR6467714	1.0059866023975144
RNU6-669P	SRR6467715	1
RNU6-669P	SRR6467716	1
RNU6-669P	SRR6467717	1.012284376852264
RNU6-669P	SRR6467718	1.0154230574273704
RNU6-669P	SRR6467719	1.003656921931823
RNU6-669P	SRR6467720	1
RNU6-669P	SRR6467721	1.001620814861132
RNU6-669P	SRR6467722	1
RNU6-669P	SRR6467723	1
RNU6-669P	SRR6467724	1
RNU6-669P	SRR6467725	1
RNU6-669P	SRR6467726	0.7977348804247648
RNU6-669P	SRR6467727	1.002342020016362
RNU6-669P	SRR6467728	1
RNU6-669P	SRR6467729	1.0069368264130596
RNU6-669P	SRR6467730	1.0021448794325023
RNU6-669P	SRR6467731	1.0098953358933669
RNU6-669P	SRR6467732	0.7064213964404553
RNU6-669P	SRR6467733	1.0017262519502124
RNU6-669P	SRR6467734	0.9909934022627375
RNU6-669P	SRR6467735	1.0082981694634305
RNU6-669P	SRR6467736	1.0062109131444412
RNU6-669P	SRR6467737	1.0062291739769658
RNU6-669P	SRR6467738	3.0010798628095343
RNU6-669P	SRR6467739	1
RNU6-669P	SRR6467740	1.0053993370958376
RNU6-669P	SRR6467741	1.002011990714717
RNU6-669P	SRR6467742	1
RNU6-669P	SRR6467743	1
RNU6-669P	SRR6467744	1
RNU6-669P	SRR6467745	1.000465258632579
RNU6-669P	SRR6467746	1.007980111823691
RNU6-669P	SRR6467747	0.7034268929002379
RNU6-669P	SRR6467748	0.9506814772533128
RNU6-669P	SRR6467749	1
RNU6-669P	SRR6467750	1.00237266920921
RNU6-669P	SRR6467751	1.015116940806616
RNU6-669P	SRR6467752	1.0082599653422244
RNU6-669P	SRR6467753	0.6652440800530341
RNU6-669P	SRR6467754	0.8348079498361667
RNU6-669P	SRR6467755	0.8946145117647519
RNU6-669P	SRR6467756	1.0012604069024411
RNU6-669P	SRR6467757	1
RNU6-669P	SRR6467758	1
RNU6-669P	SRR6467759	1.0056828803089768
RNU6-669P	SRR6467760	1.0077326390518404
RNU6-669P	SRR6467761	1.0036974451020118
RNU6-669P	SRR6467762	1.0050174895819426
RNU6-669P	SRR6467763	0.9587698910949234
RNU6-669P	SRR6467764	0.565239050644028
RNU6-669P	SRR6467765	1.0012604069024411
RNU6-669P	SRR6467766	1.0148654635807097
RNU6-669P	SRR6467767	1.0068169239958968
RNU6-669P	SRR6467768	1.012490620071433
RNU6-669P	SRR6467769	1.017985195307651
RNU6-669P	SRR6467770	1
RNU6-669P	SRR6467771	0.627084497469601
RNU6-669P	SRR6467772	2.0143249147059117
RNU6-669P	SRR6467773	1.0039530476880079
RNU6-669P	SRR6868540	1.0146754396324102
RNU6-669P	SRR6868541	1.0274634703565282
RNU6-669P	SRR6868542	1.0476955519171316
RNU6-669P	SRR6868543	1.0150863239093106
RNU6-669P	SRR6868544	1.0078390786606577
RNU6-669P	SRR6868545	1.0247076064653797
RNU6-669P	SRR6868546	1.0156717592642122
RNU6-669P	SRR6868557	1.0591086838663382
RNU6-669P	SRR6868558	1.0490872194289762
RNU6-669P	SRR6868559	1.0325281504175436
RNU6-669P	SRR6868560	1.0099740186645438
RNU6-669P	SRR6868569	1.0617761523220262
RNU6-669P	SRR6868570	1.0214163604819042
RNU6-669P	SRR6868571	1.0443666123323176
RNU6-669P	SRR6868572	1.0117513905915592
RNU6-669P	SRR6868573	1.0409966836392885
RNU6-669P	SRR6868574	1.0122229259475997
RNU6-669P	SRR6868575	1.025805444460916
RNU6-669P	SRR6868576	1.0158996451240243
RNU6-669P	SRR6868577	1.0321919880224188
RNU6-669P	SRR6868578	1.0155200621012757
RNU6-669P	SRR6868579	1.0437286829000922
RNU6-669P	SRR6868580	1.0107527325366503
RNU6-669P	SRR6868581	1.0339413032942724
RNU6-669P	SRR6868582	1.0328155381530846
RNU6-669P	SRR6868585	1.0220689021157627
RNU6-669P	SRR6868586	1.059503875848675
RNU6-669P	SRR6868587	1.059951714856934
RNU6-669P	SRR6868588	1.0071852335562725
RNU6-669P	SRR6868589	1.0110174866119757
RNU6-669P	SRR6868590	1.032033906477247
RNU6-669P	SRR6868591	1.0130236388532423
RNU6-669P	SRR6868604	1.075755471099352
RNU6-669P	SRR6868605	1.0318130709448758
RNU6-669P	SRR6868606	1.0405938775744006
RNU6-669P	SRR6868607	1.0342544525714972
RNU6-669P	SRR6868608	1.024176000194289
RNU6-669P	SRR6868609	1.0438891054924728
RNU6-669P	SRR6868610	1.038926954961391
RNU6-669P	SRR6868620	1.011281179703731
RNU6-669P	SRR6868621	1.0218254974768362
RNU6-669P	SRR6868622	1.0239774453836796
RNU6-669P	SRR6868623	1.0547630248890674
RNU6-669P	SRR6868636	1.0437200357863465
RNU6-669P	SRR6868637	1.0258536501967699
RNU6-669P	SRR6868638	1.0461253585775165
RNU6-669P	SRR6868639	1.0107500209553522
RNU6-669P	SRR6868650	1.039600004636465
RNU6-669P	SRR6868651	1.0289509945514346
RNU6-669P	SRR6868652	1.0304077851358955
RNU6-669P	SRR6868653	1.0187981972446098
RNU6-669P	SRR6868654	1.0150307958235039
RNU6-669P	SRR6868655	1.0348903243422032
RNU6-669P	SRR6868665	1.0144233528894921
RNU6-669P	SRR6868666	1.0102367475941127
RNU6-669P	SRR6868667	1.0114938025774427
RNU6-669P	SRR6868668	1.0074530555463053
RNU6-669P	SRR6868669	1.0076269288321016
RNU6-669P	SRR6868670	1.0177421086096043
RNU6-669P	SRR6868671	1.0144459931453216
RNU6-669P	SRR6868683	1.0126868266683406
RNU6-669P	SRR6868684	1.0156791364509994
RNU6-669P	SRR6868685	1.0213121445813669
RNU6-669P	SRR6868686	1.010279036701863
RNU6-669P	SRR6868687	1.0278872533572148
RNU6-669P	SRR6868688	1.0267982277074879
RNU6-669P	SRR6868689	1.0146059094716162
RNU6-669P	SRR6868698	1.0182196176757388
RNU6-669P	SRR6868699	1.0070555785765116
RNU6-669P	SRR6868700	1.0160549733839008
RNU6-669P	SRR6868701	1.0104876136718064
RNU6-669P	SRR6868702	1.007678742360192
RNU6-669P	SRR6868713	1.0104534576807476
RNU6-669P	SRR6868714	1.0184145111104586
RNU6-669P	SRR6868715	1.0082988502433663
RNU6-669P	SRR6868716	1.0066973307865115
RNU6-669P	SRR6868717	1.010251403767141
RNU6-669P	SRR6868718	1.0039014257302832
RNU6-669P	SRR6868719	1.001620814861132
RNU6-669P	SRR6868720	1.0050609507965924
RNU6-669P	SRR6868721	1.011241097215616
RNU6-669P	SRR6868722	1.0167639054768582
RNU6-669P	SRR6868723	1.0194863017371107
RNU6-669P	SRR6868724	1.0096892656036671
RNU6-669P	SRR6868725	1.0041780100330324
RNU6-669P	SRR6868726	1.002412783311024
RNU6-669P	SRR6868741	1.0144414580063614
RNU6-669P	SRR7632756	1.0082812760242865
RNU6-669P	SRR7632757	1.0277880420258994
RNU6-669P	SRR7632758	1.010659920049916
RNU6-669P	SRR7632759	1.029856339080279
RNU6-669P	SRR7632760	1.0203110449499115
RNU6-669P	SRR7632761	1.0071216685573643
RNU6-669P	SRR7632762	1.0487026522067118
RNU6-669P	SRR7632763	1.0164129755589333
RNU6-669P	SRR7632764	1.0370326174074103
RNU6-669P	SRR7632765	1.0026279344264644
RNU6-669P	SRR7632766	1.0312070028815916
RNU6-669P	SRR7632767	1.00237266920921
RNU6-669P	SRR7632768	1.016230093834007
RNU6-669P	SRR7632769	1.0114947818507258
RNU6-669P	SRR7632770	1.0082739021759193
RNU6-669P	SRR7632771	1.0260355560571814
RNU6-669P	SRR7632772	1.0193139826231485
RNU6-669P	SRR7632773	1.0054132343880438
RNU6-669P	SRR7632774	1.0063445972645484
RNU6-669P	SRR7632775	1.0225378532123717
RNU6-669P	SRR7632776	1.0379594824107194
RNU6-669P	SRR7632777	1.0241484491414745
RNU6-669P	SRR7632778	1.0041644240028431
RNU6-669P	SRR7632779	1.0262203067866917
RNU6-669P	SRR7632780	1.0037110248141228
RNU6-669P	SRR7632781	1.0615459002112622
RNU6-669P	SRR7632782	1.0136901858645806
RNU6-669P	SRR7632783	1.0073564665451527
RNU6-669P	SRR7632784	1.008719543389948
RNU6-669P	SRR7632785	1.0071980517553376
RNU6-669P	SRR7632786	1.0416272812793046
RNU6-669P	SRR7632787	1.0038931609808308
RNU6-669P	SRR7632788	1.0022671640812284
RNU6-669P	SRR7632789	1.0182058416695656
RNU6-669P	SRR7632790	1.0098400917692503
RNU6-669P	SRR7632791	1.0448790382400983
RNU6-669P	SRR7632792	1.0073564665451527
RNU6-669P	SRR7632793	1.0121408038615827
RNU6-669P	SRR7632794	1.0069504499529853
RNU6-669P	SRR7632795	1.003227447999251
RNU6-669P	SRR7632796	1.0172279399958117
RNU6-669P	SRR7632797	1.150699232136202
RNU6-669P	SRR7632798	1.0057304820763078
RNU6-669P	SRR7632799	1.0307926732391595
RNU6-669P	SRR7632800	1.0150544095718905
RNU6-669P	SRR7632801	1.0052627748922789
RNU6-669P	SRR7632802	1.0350311676136474
RNU6-669P	SRR7632803	1.024031967628665
RNU6-669P	SRR7632804	1.0405209189801317
RNU6-669P	SRR7632805	1.0030944157282213
RNU6-669P	SRR7632806	1.004614493841249
RNU6-669P	SRR7632807	1.008693162636712
RNU6-669P	SRR7632808	1.0082200216621664
RNU6-669P	SRR7632809	1.048829496254109
RNU6-669P	SRR7632810	1.0041780100330324
RNU6-669P	SRR7632811	1.006800055374144
RNU6-669P	SRR7632812	1.007179332046641
RNU6-669P	SRR7632813	1.0061984068651417
RNU6-669P	SRR7632814	1.0035384452564864
RNU6-669P	SRR7632815	1.0078464493290136
RNU6-669P	SRR7632816	1.0754074903933615
RNU6-669P	SRR7632817	1.041674851534425
RNU6-669P	SRR7632818	1.0054268373142463
RNU6-669P	SRR7632819	2.004895066048328
RNU6-669P	SRR7632820	1.0068809949439055
RNU6-669P	SRR7632821	1.0017262519502124
RNU6-669P	SRR7632822	1.0125326368597183
RNU6-669P	SRR7632823	1.003680628745282
RNU6-669P	SRR7632824	1.0045701845809227
RNU6-669P	SRR7632825	1.0028083682939712
RNU6-669P	SRR7632826	1.0006453033029128
RNU6-669P	SRR7632827	1.055040096796364
RNU6-669P	SRR7632828	1.0261404595811736
RNU6-669P	SRR7632829	1.0144645279374256
RNU6-669P	SRR7632830	1.0486021527253222
RNU6-669P	SRR7632831	1.009267486593636
RNU6-669P	SRR7632832	1.0146195724571643
RNU6-669P	SRR7632833	1.0516979198200802
RNU6-669P	SRR7632834	1.029304711338354
RNU6-669P	SRR7632835	1.110030669431967
RNU6-669P	SRR7632836	1.014927231447063
RNU6-669P	SRR7632837	1.006427797534363
RNU6-669P	SRR7632838	1.025209041964611
RNU6-669P	SRR7632839	1.0114938025774427
RNU6-669P	SRR7632840	1.0307338553525334
RNU6-669P	SRR7632841	1.1191732546509214
RNU6-669P	SRR7632842	1.0018897371991922
RNU6-669P	SRR7632843	1.037517112746005
RNU6-669P	SRR7632844	1.0397421924636505
RNU6-669P	SRR7632845	1.0050068388547722
RNU6-669P	SRR7632846	1.049674009840069
RNU6-669P	SRR7632847	1.0235807528043444
RNU6-669P	SRR7632848	1.0091612557489493
RNU6-669P	SRR7632849	1.0113703922046702
RNU6-669P	SRR7632850	1.0129099016527614
RNU6-669P	SRR7632851	1.0101546064236944
RNU6-669P	SRR7632852	1.0012604069024411
RNU6-669P	SRR7632853	1.0050683011475585
RNU6-669P	SRR7632854	1.006604989330596
RNU6-669P	SRR7632855	1
RNU6-669P	SRR7632856	1.006471863776459
RNU6-669P	SRR7632857	1.0737804448439001
RNU6-669P	SRR7632858	1.0371716501108719
RNU6-669P	SRR7632859	1.03970249147232
RNU6-669P	SRR7632860	1.0755034509256032
RNU6-669P	SRR7632861	1.0544086906801657
RNU6-669P	SRR7632862	1.0352861076828388
RNU6-669P	SRR7632863	1.1276773456759084
RNU6-669P	SRR7632864	1.121531795981538
RNU6-669P	SRR7632865	1.0014405946684066
RNU6-669P	SRR7632866	1.0056799316660756
RNU6-669P	SRR7632867	1.0103238937591081
RNU6-669P	SRR7632868	1.02565491505434
RNU6-669P	SRR7632869	1.0244411256785808
RNU6-669P	SRR7632870	1.0038432721370993
RNU6-669P	SRR7632871	1.0509978397928912
RNU6-669P	SRR7632872	1.032283347644643
RNU6-669P	SRR7632873	1.0041780100330324
RNU6-669P	SRR7632874	1.0026585923618834
RNU6-669P	SRR7632875	1.0016514420012725
RNU6-669P	SRR7632876	1.014147795755148
RNU6-669P	SRR7632877	1.041135031463042
RNU6-669P	SRR7632878	1.022117629031292
RNU6-669P	SRR7632879	1.0022671640812284
RNU6-669P	SRR7632880	1.0175570139817183
RNU6-669P	SRR7632881	1.0138389345446404
RNU6-669P	SRR7632882	1.02398215098824
RNU6-669P	SRR7632883	1.022587298485006
RNU6-669P	SRR7632884	1.0338348047099086
RNU6-669P	SRR7632885	1.0050174895819426
RNU6-669P	SRR7632886	1.0323339725546605
RNU6-669P	SRR7632887	1.0101314025983257
RNU6-669P	SRR7632888	1.0381219692204027
RNU6-669P	SRR7632889	1.034226163866362
RNU6-669P	SRR7632890	1.1021455850880635
RNU6-669P	SRR7632891	1.0472249706717598
RNU6-669P	SRR7632892	1.0058289958076159
RNU6-669P	SRR7632893	1.0382330459409663
RNU6-669P	SRR7632894	1.04730409167774
RNU6-669P	SRR7632895	1.0116312112491015
RNU6-669P	SRR7632896	1.022792885942668
RNU6-669P	SRR7632897	1.0040894319687015
RNU6-669P	SRR7632898	1.003747088789452
RNU6-669P	SRR7632899	1.0069401334995287
RNU6-669P	SRR7632900	1.006694084239897
RNU6-669P	SRR7632901	1.0063642497626564
RNU6-669P	SRR7632902	1.0438489006745157
RNU6-669P	SRR7632903	1.0044307900197387
RNU6-669P	SRR7632904	1.052639407087551
RNU6-669P	SRR7632905	1.0931788245138465
RNU6-669P	SRR7632906	1.016476826235516
RNU6-669P	SRR7632907	1.0277502386473942
RNU6-669P	SRR7632908	1.0040375088472033
RNU6-669P	SRR7632909	1.0034554838462202
RNU6-669P	SRR7632910	1.0381442455517274
RNU6-669P	SRR7632911	1.0129819287449684
RNU6-669P	SRR7632912	1.015658017729299
RNU6-669P	SRR7632913	1.0588628832226115
RNU6-669P	SRR7632914	1.0312943611504022
RNU6-669P	SRR7632915	1.0449661158479286
RNU6-669P	SRR7632916	1.0199638203063526
RNU6-669P	SRR7632917	1.0525477213847285
RNU6-669P	SRR7632918	1.0259071739140957
RNU6-669P	SRR7632919	1.0087162263813345
RNU6-669P	SRR7632920	1.011609827571363
RNU6-669P	SRR7632921	1.0121840603993095
RNU6-669P	SRR7632922	1.008703153846645
RNU6-669P	SRR7632923	1.0104479848105985
RNU6-669P	SRR7632924	1.029554096116037
RNU6-669P	SRR7632925	1.0351205406829784
RNU6-669P	SRR7632926	1.0185058970869778
RNU6-669P	SRR7632927	1.0206217073187331
RNU6-669P	SRR7632928	1.0033264596879763
RNU6-669P	SRR7632929	1.0408852031443403
RNU6-669P	SRR7632930	1.0009001286274537
RNU6-669P	SRR7632931	1.0007200381067656
RNU6-669P	SRR7632932	1.0257541376073018
RNU6-669P	SRR7632933	1.0212809727621546
RNU6-669P	SRR7632934	1.0044185309372882
RNU6-669P	SRR7632935	1.0101127750180565
RNU6-669P	SRR7632936	1.02112601210436
RNU6-669P	SRR7632937	1.0144478283854719
RNU6-669P	SRR7632938	1.0267598473930304
RNU6-669P	SRR7632939	1.0281771467044196
RNU6-669P	SRR7632940	1.0065268639064227
RNU6-669P	SRR7632941	1.0215738909036738
RNU6-669P	SRR7632942	3.1076298808958422
RNU6-669P	SRR7632943	1
RNU6-669P	SRR7632944	1.0184271463668109
RNU6-669P	SRR7632945	1
RNU6-669P	SRR8928966	1.0088471102473964
RNU6-669P	SRR8928967	1.0170282299624092
RNU6-669P	SRR8928968	4.0332484273008316
RNU6-669P	SRR8928969	1.0083022278420297
RNU6-669P	SRR8928970	1.0095999056134282
RNU6-669P	SRR8928971	1.0076894214033043
RNU6-669P	SRR8928972	1.0535590264470536
RNU6-669P	SRR8928973	1.0059656349307404
RNU6-669P	SRR8928974	1.084964542884935
RNU6-669P	SRR8928975	1.0422268823538081
RNU6-669P	SRR8928976	1.0418215850993868
RNU6-669P	SRR8928977	1.0194654138015173
RNU6-669P	SRR8928978	1.018615945849788
RNU6-669P	SRR8928979	1.019328713740916
RNU6-669P	SRR8928980	1.0157058979511975
RNU6-669P	SRR8928981	1.011720751030811
RNU6-669P	SRR8928982	1.0114260163607005
RNU6-669P	SRR8928983	1.0019065235500912
RNU6-669P	SRR8928984	1.005572915612441
RNU6-669P	SRR8928985	1.0167967514698188
RNU6-669P	SRR8928986	1.0090130342187602
RNU6-669P	SRR8928987	1
RNU6-669P	SRR8928988	1
RNU6-669P	SRR8928989	1.0173441049815872
RNU6-669P	SRR8928990	1.010567215117064
RNU6-669P	SRR8928991	1.0177418771007531
RNU6-669P	SRR9835604	1.0142586981600068
RNU6-669P	SRR9835605	1.0055285640802187
RNU6-669P	SRR9835606	1.0021269302544924
RNU6-669P	SRR9835607	1.0089702127219256
RNU6-669P	SRR9835608	1.0145480117591426
RNU6-669P	SRR9835609	1
RNU6-669P	SRR9835610	1.0046056873690874
RNU6-669P	SRR9835611	1.0010802515574013
RNU6-669P	SRR9835612	1.0026585923618834
RNU6-669P	SRR9835613	1.005907361762886
RNU6-669P	SRR9835614	1.0098834104700367
RNU6-669P	SRR9835615	1.0391223290810894
RNU6-669P	SRR9835616	1.0073913876363687
RNU6-669P	SRR9835617	1.0229877020749545
RNU6-669P	SRR9835618	1.0053242528371136
RNU6-669P	SRR9835619	1
RNU6-669P	SRR9835620	1.0046895250904808
RNU6-669P	SRR9835621	1.0065161971835763
RNU6-669P	SRR9835622	1.0027334775314678
RNU6-669P	SRR9835623	1.000179960941952
RNU6-669P	SRR9835624	1.0219149183661382
RNU6-669P	SRR9835625	1.0030776094748917
RNU6-669P	SRR9835626	1.007514607649033
RNU6-669P	SRR9835627	1.002042629816068
RNU6-669P	SRR9835628	1.0071447133676017
RNU6-669P	SRR9835629	1.0200204342909187
RNU6-669P	SRR9835630	1.0553618917185172
RNU6-669P	SRR9835631	1.0803218233387206
RNU6-669P	SRR9835632	1.002275170713174
RNU6-669P	SRR9835633	1.0073851852087703
RNU6-669P	SRR9835634	1.0061984068651417
RNU6-669P	SRR9835635	1.0097721205463759
RNU6-669P	SRR9835636	1.0019813525502068
RNU6-669P	SRR9835637	1.0044296285233594
RNU6-669P	SRR9835638	1.0095554363800798
RNU6-669P	SRR9835639	1.0102931107040372
RNU6-669P	SRR9835640	1.0165576694950156
RNU6-669P	SRR9835641	1.0037998635777572
RNU6-669P	SRR9835642	1.005744383945818
RNU6-669P	SRR9835643	1.0038166819322296
RNU6-669P	SRR9835644	1.003227447999251
RNU6-669P	SRR9835645	1.0291406134587315
RNU6-669P	SRR9835646	1.0091888588653615
RNU6-669P	SRR9835647	1.0024033193392368
RNU6-669P	SRR9835648	1.0297706722545683
RNU6-669P	SRR9835649	1.011356708865119
RNU6-669P	SRR9835650	1.003794007351424
RNU6-669P	SRR9835651	1.0007200381067656
RNU6-669P	SRR9835652	1.0155197645862681
RNU6-669P	SRR9835653	1.0027641386941393
RNU6-669P	SRR9835654	1.0100460688753663
RNU6-669P	SRR9835655	1.005099033703485
RNU6-669P	SRR9835656	1.0026450268886613
RNU6-669P	SRR9835657	1.014825837108375
RNU6-669P	SRR9835658	1.002011990714717
RNU6-669P	SRR9835659	1.0058777676606245
RNU6-669P	SRR9835660	1.007436116480086
RNU6-669P	SRR9835661	1.0040112076405936
RNU6-669P	SRR9835662	1.0119165119784397
RNU6-669P	SRR9835663	1.0198983921367524
RNU6-669P	SRR9835664	1.0017262519502124
RNU6-669P	SRR9835665	1.004072314883195
RNU6-669P	SRR9835666	1
RNU6-669P	SRR9835667	1.008216661169957
RNU6-669P	SRR9835668	1
RNU6-669P	SRR9835669	1.0264232618093723
RNU6-669P	SRR9835670	1.0135813928307178
RNU6-669P	SRR9835671	1.0133167044062266
RNU6-669P	SRR9835672	1.0017262519502124
RNU6-669P	SRR9835673	1.0225501145506797
RNU6-669P	SRR9835674	1.000465258632579
RNU6-669P	SRR9835675	1.0053242528371136
RNU6-669P	SRR9835676	1.0888102986472097
RNU6-669P	SRR9835677	1.0026279344264644
RNU6-669P	SRR9835678	1.0058946208297335
RNU6-669P	SRR9835679	0.9644577902512602
RNU6-669P	SRR9835680	1.024155415648097
RNU6-669P	SRR9835681	1.003004620275643
RNU6-669P	SRR9835682	1.0602022500176214
RNU6-669P	SRR9835683	1.0062291739769658
RNU6-669P	SRR9835684	1.0249675723992049
RNU6-669P	SRR9835685	1.0050068388547722
RNU6-669P	SRR9835686	1.0132366280807228
RNU6-669P	SRR9835687	1.0046316201696393
RNU6-669P	SRR9835688	1
RNU6-669P	SRR9835689	1.0072516016039186
RNU6-669P	SRR9835690	1.0020009198402668
RNU6-669P	SRR9835691	1.0088088254590628
RNU6-669P	SRR9835692	1.0178751091142868
RNU6-669P	SRR9835693	1.0039837461421828
RNU6-669P	SRR9835694	1.0101590322507117
RNU6-669P	SRR9835695	1.0050899285244395
RNU6-669P	SRR9835696	1.0096415363823084
RNU6-669P	SRR9835697	1.0050174895819426
RNU6-669P	SRR9835698	1.0009307337307534
RNU6-669P	SRR9835699	1.0015766376392168
RNU6-669P	SRR9835700	1.002192313736413
RNU6-669P	SRR9835701	1.0027915668331973
RNU6-669P	SRR9835702	1
RNU6-669P	SRR9835703	1.0010634790502007
RNU6-669P	SRR9835704	1.0045533536019593
RNU6-669P	SRR9835705	1.0039498099915638
RNU6-669P	SRR9835706	1.0786425861503106
RNU6-669P	SRR9835707	1.0010802515574013
RNU6-669P	SRR9835708	1.0010054898524368
RNU6-669P	SRR9835709	1.0003599542698447
RNU6-669P	SRR9835710	1.0142530726569354
RNU6-669P	SRR9835711	1.0003599542698447
RNU6-669P	SRR9835712	1.0025056057608568
RNU6-669P	SRR9835713	1.0019065235500912
RNU6-669P	SRR9835714	1.001546012786343
RNU6-669P	SRR9835715	1.0049761091178548
RNU6-669P	SRR9835716	1.0029413626288513
RNU6-669P	SRR9835717	1.0034248015445335
RNU6-669P	SRR9835718	1.0154090217747063
RNU6-669P	SRR9835719	1.0085412984265218
RNU6-669P	SRR9835720	1.0062218151362057
RNU6-669P	SRR9835721	1.0147479497795637
RNU6-669P	SRR9835722	1.0227754713008923
RNU6-669P	SRR9835723	1
RNU6-669P	SRR9835724	1.0069060376635988
RNU6-669P	SRR9835725	1.0273956002434441
RNU6-669P	SRR9835726	1.0007200381067656
RNU6-669P	SRR9835727	1.0067684015571978
RNU6-669P	SRR9835728	1.0405909251580585
RNU6-669P	SRR9835729	1.0032306833661075
RNU6-669P	SRR9835730	1.003830557347933
RNU6-669P	SRR9835731	1.0510108441028403
RNU6-669P	SRR9835732	1.0047034125711976
RNU6-669P	SRR9835733	1.0044644481525995
RNU6-669P	SRR9835734	1.002553057138948
RNU6-669P	SRR9835735	1.0018010674864533
RNU6-669P	SRR9835736	1.0119742595178156
RNU6-669P	SRR9835737	1.002086827591817
RNU6-669P	SRR9835738	1.0017842829024082
RNU6-669P	SRR9835739	1.0270643545377112
RNU6-669P	SRR9835740	1.0299228329417829
RNU6-669P	SRR9835741	1.005276670296832
RNU6-669P	SRR9835742	1.0186862015904543
RNU6-669P	SRR9835743	1.0342119740740032
RNU6-669P	SRR9835744	1.0058153874404083
RNU6-669P	SRR9835745	1.022326615823064
RNU6-669P	SRR9835746	1.0107941715568822
RNU6-669P	SRR9835747	1.0052459323093745
RNU6-669P	SRR9835748	1.0304274782164793
RNU6-669P	SRR9835749	1
RNU6-669P	SRR9835750	1.0082981694634305
RNU6-669P	SRR9835751	1.0080480222430843
RNU6-669P	SRR9835752	1.040454512254464
RNU6-669P	SRR9835753	1.0104884861324797
RNU6-669P	SRR9835754	1.0013658060526471
RNU6-669P	SRR9835755	1.014416942522608
RNU6-669P	SRR9835756	1.0464063323203885
RNU6-669P	SRR9835757	1.0039973297278573
RNU6-669P	SRR9835758	1.0057304820763078
RNU6-669P	SRR9835759	1.0065088362437338
RNU6-669P	SRR9835760	1
RNU6-669P	SRR9835761	1.000179960941952
RNU6-669P	SRR9835762	1.1023719914822634
RNU6-669P	SRR9835763	2.0057971526732215
RNU6-669P	SRR9835764	1.0025931784597333
RNU6-669P	SRR9835765	0.4293207381193816
RNU6-669P	SRR9835766	1.0257855942277956
RNU6-669P	SRR9835767	1.0369668007927877
RNU6-669P	SRR9835768	1
RNU6-669P	SRR9835769	1
RNU6-669P	SRR9835770	1.0198972127540598
RNU6-669P	SRR9835771	1.0054132343880438
RNU6-669P	SRR9835772	1.012507584036827
RNU6-669P	SRR9835773	1
RNU6-669P	SRR9835774	1.0351205406829784
RNU6-669P	SRR9835775	1.0050334605858329
RNU6-669P	SRR9835776	1.0031693334479748
RNU6-669P	SRR9835777	1.002447533024164
RNU6-669P	SRR9835778	1.0041473056389194
RNU6-669P	SRR9835779	1.0069981117179123
RNU6-669P	SRR9835780	1.001546012786343
RNU6-669P	SRR9835781	1.0252236336284462
RNU6-669P	SRR9835782	1.0049592713378661
RNU6-669P	SRR9835783	1
RNU6-669P	SRR9835784	1.0040386698901456
RNU6-669P	SRR9835785	1.0438963484044135
RNU6-669P	SRR9835786	1.0096255681663386
RNU6-669P	SRR9835787	1.0028083682939712
RNU6-669P	SRR9835788	1.0016514420012725
RNU6-669P	SRR9835789	1
RNU6-669P	SRR9835790	1.0070872414225938
RNU6-669P	SRR9835791	1.0271261374648186
RNU6-669P	SRR9835792	0.9928100228361384
RNU6-669P	SRR9835793	1.0019813525502068
RNU6-669P	SRR9835794	1.000179960941952
RNU6-669P	SRR9835795	1.0567801380566075
RNU6-669P	SRR9835796	1.0056787687252229
RNU6-669P	SRR9835797	1
RNU6-669P	SRR9835798	1.001546012786343
RNU6-669P	SRR9835799	1.001964564945592
RNU6-669P	SRR9835800	1.0011382450861817
RNU6-669P	SRR9835801	1.0050027300349125
RNU6-669P	SRR9835802	1.0039666308583417
RNU6-669P	SRR9867812	12
RNU6-669P	SRR9867813	1.772685584896256
RNU6-669P	SRR9867814	3.9153812884671355
RNU6-669P	SRR9867815	7
RNU6-669P	SRR9867816	4.002159919958025
RNU6-669P	SRR9867817	9.146816151960003
RNU6-669P	SRR9867818	1.0002852463574239
RNU6-669P	SRR9867819	1.0422191398357938
RNU6-669P	SRR9867820	1.002342020016362
RNU6-669P	SRR9867821	11
RNU6-669P	SRR9867822	1.0131332467646033
RNU6-669P	SRR9867823	1.000179960941952
RNU6-669P	SRR9867824	2.8994982118166592
RNU6-669P	SRR9867825	2.1042393816151743
RNU6-669P	SRR9867826	3.3322584193499596
RNU6-669P	SRR9867827	2
RNU6-669P	SRR9867828	1.0149613015451313
RNU6-669P	SRR9867829	1.518195627446723
RNU6-669P	SRR9867830	1.002011990714717
RNU6-669P	SRR9867831	0.68856605143346306
RNU6-669P	SRR9879292	0.5354692422405893
RNU6-669P	SRR9879293	1.015288110518979
RNU6-669P	SRR9879294	1.0204975926045814
RNU6-669P	SRR9879295	1.0201804361038371
RNU6-669P	SRR9879296	1.0125162691935943
RNU6-669P	SRR9879297	1.0160326211514135
RNU6-669P	SRR9879298	1.0114727203258032
RNU6-669P	SRR9879299	1.004672692112038
RNU6-669P	SRR9879300	1.0154291543241525
RNU6-669P	SRR9879301	1.002412783311024
RNU6-669P	SRR9879302	1.0113873374009947
RNU6-669P	SRR9879303	1.0055495224370705
RNU6-669P	SRR9879304	1.0171630497984254
RNU6-669P	SRR9879305	1.0111215743846396
RNU6-669P	SRR9879306	1
RNU6-669P	SRR9879307	0.7814476713667206
RNU6-669P	SRR9879308	1.012128691075505
RNU6-669P	SRR9879309	1.0114738899666313
RNU6-669P	T50_307	1.006233098409452
RNU6-669P	T50_313	1.0171338971063077
RNU6-669P	T50_317	1.017912202260729
RNU6-669P	T50_324	1.0121465228691218
RNU6-669P	T50_427	1.0173634427914857
RNU6-669P	T50_428	1.007839948834571
RNU6-669P	T50_431	1.006184793499986
RNU6-669P	T50_436	1.0087154193912522
RNU6-669P	T50_476	1.008350698322557
RNU6-669P	UN_307	1.0133098244040084
RNU6-669P	UN_313	1.0145310136075893
RNU6-669P	UN_317	1.008356876549466
RNU6-669P	UN_324	1.0221880902289606
RNU6-669P	UN_427	1.0090657297142456
RNU6-669P	UN_428	1.0107927868178097
RNU6-669P	UN_431	1.010700365800461
RNU6-669P	UN_436	1.0085902616518891
RNU6-669P	UN_476	1.0102367475941127
