Gene	sample	counts
RP11-407N17.4	CM317	1.0496947053399786
RP11-407N17.4	CMCD140	4.037140816006821
RP11-407N17.4	CMCD147	1.0387377232738804
RP11-407N17.4	CMCD152	4
RP11-407N17.4	CMCD154	1.0097029263832331
RP11-407N17.4	CMCD159	1.0826308846263835
RP11-407N17.4	CMCD161	1.0030637444667863
RP11-407N17.4	CMCD174	1.0883603953024104
RP11-407N17.4	CMCD196	3.0266204347925183
RP11-407N17.4	CMCD198	1.027928565649914
RP11-407N17.4	CMCD203	1.0031790985514153
RP11-407N17.4	CMCD211	8.015566318744245
RP11-407N17.4	CMCD227	8.192952006583658
RP11-407N17.4	CMCD240	12.033721679477372
RP11-407N17.4	CMCD259	11
RP11-407N17.4	CMCD270	1.005170859507078
RP11-407N17.4	CMCD275	1.0084289351631328
RP11-407N17.4	CMCD282	1.0127082910163139
RP11-407N17.4	CMCD286	4.680129761661165
RP11-407N17.4	CMCD287	8
RP11-407N17.4	CMCD294	1.061130699852429
RP11-407N17.4	CMCD327	1.0050818994069226
RP11-407N17.4	CMCD335	4.018618790635911
RP11-407N17.4	CMCD337	1.0066357688747274
RP11-407N17.4	CMCD357	1.0203676217787498
RP11-407N17.4	CMCD398	1.0058055966749162
RP11-407N17.4	CMCD403	1.007131956762018
RP11-407N17.4	CMCD422	1.002086827591817
RP11-407N17.4	CMCD426	1.109996027604914
RP11-407N17.4	CMCD71	1.0063256548892079
RP11-407N17.4	CMCD72	1.1440405671509037
RP11-407N17.4	CMCD76	7.015870148568599
RP11-407N17.4	CMCD88	5.000899804709761
RP11-407N17.4	CMSA256	2
RP11-407N17.4	CMSA316	1.0080145694811098
RP11-407N17.4	CMUC110	3
RP11-407N17.4	CMUC192	2.0263076916238716
RP11-407N17.4	CMUC199	1.0266064941522361
RP11-407N17.4	CMUC200	3.0069853764786196
RP11-407N17.4	CMUC208	1.0024434346676425
RP11-407N17.4	CMUC231	8
RP11-407N17.4	CMUC234	6
RP11-407N17.4	CMUC285	3.032719927345234
RP11-407N17.4	CMUC291	3.0196817768340116
RP11-407N17.4	CMUC295	1.0009001286274537
RP11-407N17.4	CMUC299	2.0058278607852222
RP11-407N17.4	CMUC301	4.002159919958025
RP11-407N17.4	CMUC307	5.013765297547368
RP11-407N17.4	CMUC313	1.0406199795536664
RP11-407N17.4	CMUC314	1.0531743294773983
RP11-407N17.4	CMUC323	1.0232441215691963
RP11-407N17.4	CMUC324	3.002700385882361
RP11-407N17.4	CMUC331	1.008979678815539
RP11-407N17.4	CMUC333	1.0226855040011238
RP11-407N17.4	CMUC334	3.0442913343578786
RP11-407N17.4	CMUC346	1.0107140402598958
RP11-407N17.4	CMUC352	1.0059528932594937
RP11-407N17.4	CMUC360	1.0012604069024411
RP11-407N17.4	CMUC363	1.0255367303100333
RP11-407N17.4	CMUC365	1.0065437279509373
RP11-407N17.4	CMUC366	1.0032749335441427
RP11-407N17.4	CMUC368	8
RP11-407N17.4	CMUC377	5.0202936514150425
RP11-407N17.4	CMUC379	1.0664515526402574
RP11-407N17.4	CMUC380	1.0176874450837656
RP11-407N17.4	CMUC383	11.151624578500266
RP11-407N17.4	CMUC394	1.007265338334756
RP11-407N17.4	CMUC419	1.024221051989512
RP11-407N17.4	CMUC427	5
RP11-407N17.4	CMUC428	3.0187283638277265
RP11-407N17.4	CMUC431	3.005495100414848
RP11-407N17.4	CMUC435	4.019549842614334
RP11-407N17.4	CMUC439	1.0063179408035714
RP11-407N17.4	CMUC89	8
RP11-407N17.4	CS219	2.004895066048328
RP11-407N17.4	CS256	1.0022671640812284
RP11-407N17.4	CS257	1.089979985878173
RP11-407N17.4	CS259	1.0015292324755884
RP11-407N17.4	CS261	3.0682300489121634
RP11-407N17.4	CS266	1.0344406863242126
RP11-407N17.4	CS270	3.0377380849589235
RP11-407N17.4	CS277	2.830560283860887
RP11-407N17.4	CS288	1.0089179773327999
RP11-407N17.4	CS290	3.0238060764818795
RP11-407N17.4	CS292	1.0136016438843358
RP11-407N17.4	CS293	1.0159883878434666
RP11-407N17.4	CS301	3.0765044419563674
RP11-407N17.4	CS306	1.0369877958728642
RP11-407N17.4	CS308	1.0254014198472583
RP11-407N17.4	CS315	1.0265836055430344
RP11-407N17.4	CS317	1.0691022518554174
RP11-407N17.4	CS322	6.079006740992793
RP11-407N17.4	CS327	7.032797922975376
RP11-407N17.4	CS328	1.0532227797951625
RP11-407N17.4	CS330	1.0732794536999326
RP11-407N17.4	CS331	1.0183441621534113
RP11-407N17.4	CS335	0.5045325239340371
RP11-407N17.4	CS338	1.0294503626489493
RP11-407N17.4	CS339	1.1642104248974183
RP11-407N17.4	CS343	1.0079313245495483
RP11-407N17.4	CS344	1.0136851471582224
RP11-407N17.4	CS350	1.021809713154857
RP11-407N17.4	CS351	7.057518459443888
RP11-407N17.4	CS361	1.0231543575157043
RP11-407N17.4	CS388	1.0331387058791355
RP11-407N17.4	CS396	3.0317676646663236
RP11-407N17.4	CS405	1.023931692107002
RP11-407N17.4	CS415	1.0725849893611923
RP11-407N17.4	CS424	1.0352517578472156
RP11-407N17.4	IM293	1.005276670296832
RP11-407N17.4	IM296	1.064463289332191
RP11-407N17.4	IM297	1.0944885764691814
RP11-407N17.4	IM300	4
RP11-407N17.4	IM305	5.049417052350184
RP11-407N17.4	IM309	1.0649644397817766
RP11-407N17.4	IM310	3.040132015588738
RP11-407N17.4	IM311	5.0616433485538534
RP11-407N17.4	IM316	1.00503432833736
RP11-407N17.4	IM320	1.0454213547260982
RP11-407N17.4	IM330	3.03035600432598
RP11-407N17.4	IM332	1.0290904121726339
RP11-407N17.4	IM340	1.0535879064802887
RP11-407N17.4	IM348	1.034853198121328
RP11-407N17.4	IM354	4.028527827048072
RP11-407N17.4	IM356	1.007966474352951
RP11-407N17.4	IM364	1.016813207554994
RP11-407N17.4	IM372	0.9790012480305632
RP11-407N17.4	IM374	1.0474599361127908
RP11-407N17.4	IM376	7.098556742098284
RP11-407N17.4	IM381	1.0123114121679178
RP11-407N17.4	IM382	1.0307681061453446
RP11-407N17.4	IM385	1
RP11-407N17.4	IM390	1.0273630104120455
RP11-407N17.4	IM397	1.0111260044482688
RP11-407N17.4	IM404	1.0028664619341938
RP11-407N17.4	IM409	1.0056553730873352
RP11-407N17.4	IM412	6
RP11-407N17.4	IM421	1.0155577247460867
RP11-407N17.4	IM425	1.0520033799095727
RP11-407N17.4	IM432	1.0393271099875068
RP11-407N17.4	IM438	7
RP11-407N17.4	IM442	1.0408884293487235
RP11-407N17.4	IM445	1.0112874661338156
RP11-407N17.4	IM448	1.021809713154857
RP11-407N17.4	IM449	3.024968377741516
RP11-407N17.4	IM451	1.005112632378651
RP11-407N17.4	IMSA256	4.016221968982975
RP11-407N17.4	IMSA276	5
RP11-407N17.4	IMSA286	3
RP11-407N17.4	IMSA343	1.0123997266953233
RP11-407N17.4	IS_238	1
RP11-407N17.4	IS238	6.13909795964251
RP11-407N17.4	IS243	7
RP11-407N17.4	IS253	4
RP11-407N17.4	IS283	4
RP11-407N17.4	IS322	4.041252747188131
RP11-407N17.4	IS399	1.0069400737425076
RP11-407N17.4	IS418	1.0908267191361551
RP11-407N17.4	IS430	1.0818719286848866
RP11-407N17.4	IS437	1.0791582738983603
RP11-407N17.4	IS444	1.0366814403266558
RP11-407N17.4	R276CMSA	1.061719097392973
RP11-407N17.4	R286CMSA	1
RP11-407N17.4	R292CMSA	2.008294611277839
RP11-407N17.4	R292IMSA	1.073657155188672
RP11-407N17.4	R308CMSA	1.06717128675431
RP11-407N17.4	R316IMSA	1.0192539459593348
RP11-407N17.4	R347CMSA	1.063497692354949
RP11-407N17.4	R347IMSA	1.0621981468028772
RP11-407N17.4	R371CMSA	1.003980508346738
RP11-407N17.4	SRR10104064	2.2189030545026593
RP11-407N17.4	SRR10104065	3.017571758365261
RP11-407N17.4	SRR10104066	1.0187395055126454
RP11-407N17.4	SRR10104067	2.046114292946954
RP11-407N17.4	SRR10104068	1.0046558594156214
RP11-407N17.4	SRR10104069	3.034371809648697
RP11-407N17.4	SRR10104070	1.0293904998541934
RP11-407N17.4	SRR10104071	1.1606052908522344
RP11-407N17.4	SRR10104072	1.0698874845957154
RP11-407N17.4	SRR10104073	2.089308078249726
RP11-407N17.4	SRR10104074	1.095822342836796
RP11-407N17.4	SRR10104075	3.4530302086117426
RP11-407N17.4	SRR10104076	3.0829642749699144
RP11-407N17.4	SRR10104077	1.100777777658168
RP11-407N17.4	SRR10104078	2.0828544723219533
RP11-407N17.4	SRR10104079	1.0895071357309336
RP11-407N17.4	SRR10104080	1.121518162035866
RP11-407N17.4	SRR10104081	2.0316881450945052
RP11-407N17.4	SRR10104082	1.0822514404163561
RP11-407N17.4	SRR10104083	1.0631988390336564
RP11-407N17.4	SRR10104084	1.067846735357961
RP11-407N17.4	SRR10104085	1.0222173271187234
RP11-407N17.4	SRR10104086	1.024784508800748
RP11-407N17.4	SRR10104087	1.0032000079380652
RP11-407N17.4	SRR10104088	1.0091134916012459
RP11-407N17.4	SRR10104089	1.1347456128596176
RP11-407N17.4	SRR10104090	1.0263035277348909
RP11-407N17.4	SRR10104091	1.0420863331254986
RP11-407N17.4	SRR10104092	1.0127338855518124
RP11-407N17.4	SRR10104093	4.137190578481828
RP11-407N17.4	SRR10104094	1.0340224493748036
RP11-407N17.4	SRR10104095	2.1081232107012204
RP11-407N17.4	SRR10104096	1.145718575159829
RP11-407N17.4	SRR10104097	2.1262418554781894
RP11-407N17.4	SRR10104098	1.0297617779816932
RP11-407N17.4	SRR10104099	2.0949542125225533
RP11-407N17.4	SRR10104100	1.0290641027802212
RP11-407N17.4	SRR10104101	2.0111523170866668
RP11-407N17.4	SRR10104102	3.0459507920769684
RP11-407N17.4	SRR10104103	1.05208117298879
RP11-407N17.4	SRR10104104	1.0154976077084612
RP11-407N17.4	SRR10104105	1.0808351888270706
RP11-407N17.4	SRR10104106	1.1304558697538387
RP11-407N17.4	SRR10104107	3.02872682098887
RP11-407N17.4	SRR10104108	1.0068572159530078
RP11-407N17.4	SRR10104109	1.1183964997691782
RP11-407N17.4	SRR10104110	1.1898566945611233
RP11-407N17.4	SRR10104111	1.0327102204719922
RP11-407N17.4	SRR10104112	1.186621143391241
RP11-407N17.4	SRR10104113	1.0358394085966935
RP11-407N17.4	SRR10104114	2.3456122370451067
RP11-407N17.4	SRR10104115	1.14422200397898
RP11-407N17.4	SRR10104116	1.0467296948207412
RP11-407N17.4	SRR10104117	2.077697269649828
RP11-407N17.4	SRR10104118	1.143352850751477
RP11-407N17.4	SRR10104119	1.1898188257203337
RP11-407N17.4	SRR10104120	2.0541410967525073
RP11-407N17.4	SRR10104121	1.0817747165060128
RP11-407N17.4	SRR10104122	1.0894989096112995
RP11-407N17.4	SRR10104123	1.082048079369872
RP11-407N17.4	SRR10104124	2.2328273749473744
RP11-407N17.4	SRR10104125	1.0998082352268765
RP11-407N17.4	SRR10104126	1.0394547176893827
RP11-407N17.4	SRR10104127	1.1858382433832468
RP11-407N17.4	SRR10104128	2.0575533966863597
RP11-407N17.4	SRR10104129	1.026295765603751
RP11-407N17.4	SRR10104130	1.041146918346077
RP11-407N17.4	SRR10104131	1.0113290464541402
RP11-407N17.4	SRR10104132	2.014426874273722
RP11-407N17.4	SRR10104133	1.1637684274221152
RP11-407N17.4	SRR10104134	1.0301069188305016
RP11-407N17.4	SRR10104135	2.201612160640634
RP11-407N17.4	SRR10104136	2.030032493652278
RP11-407N17.4	SRR10104137	1.107740379806039
RP11-407N17.4	SRR10104138	1.195501466366171
RP11-407N17.4	SRR10104139	1.011356708865119
RP11-407N17.4	SRR10104140	1.1423063013482577
RP11-407N17.4	SRR10104141	1.059516503163875
RP11-407N17.4	SRR10104142	1.0513197704930992
RP11-407N17.4	SRR10104143	1.0081784003065664
RP11-407N17.4	SRR10104144	1.0594651714413874
RP11-407N17.4	SRR10104145	1.0623428698869635
RP11-407N17.4	SRR10104146	3.0288648915084124
RP11-407N17.4	SRR10104147	3.0051284058589713
RP11-407N17.4	SRR10104148	2.1032950942354245
RP11-407N17.4	SRR10104149	1.0467449900052073
RP11-407N17.4	SRR10104150	1.0116270753464878
RP11-407N17.4	SRR10104151	2.0153119610834875
RP11-407N17.4	SRR10104152	4.022486700193295
RP11-407N17.4	SRR10104153	1.1019297495172091
RP11-407N17.4	SRR10104154	1.0305255485236042
RP11-407N17.4	SRR10104155	2.175749183917081
RP11-407N17.4	SRR10104156	6.024352381698051
RP11-407N17.4	SRR10104157	1.048915508528946
RP11-407N17.4	SRR10104158	1.020515544249276
RP11-407N17.4	SRR10104159	2.0252009339409534
RP11-407N17.4	SRR10104160	2.2492904987470044
RP11-407N17.4	SRR10104161	2.0034525039004247
RP11-407N17.4	SRR10104162	4.081351977533363
RP11-407N17.4	SRR10104163	1.0300988116116585
RP11-407N17.4	SRR10104164	1.0196346259197715
RP11-407N17.4	SRR10104165	2.0765457851948943
RP11-407N17.4	SRR10104166	1.0407462625761652
RP11-407N17.4	SRR10104167	2.045163893206721
RP11-407N17.4	SRR10104168	2.057238310211592
RP11-407N17.4	SRR10104169	2.0493752102157843
RP11-407N17.4	SRR10104170	1.0300621533967607
RP11-407N17.4	SRR10104171	1.0239774453836796
RP11-407N17.4	SRR10104172	1.0338434316089917
RP11-407N17.4	SRR10104173	1.0603886751096372
RP11-407N17.4	SRR10104174	2.0676616270902284
RP11-407N17.4	SRR10104175	3.0674331200259815
RP11-407N17.4	SRR10104176	1.02249117212648
RP11-407N17.4	SRR10104177	1.0253301392642815
RP11-407N17.4	SRR10104178	1.0384147366527665
RP11-407N17.4	SRR10104179	1.0346450273897643
RP11-407N17.4	SRR10104180	2.043900367224255
RP11-407N17.4	SRR10104181	1.0267665308530658
RP11-407N17.4	SRR10104182	1.035134385886849
RP11-407N17.4	SRR10104183	1.0476481310619528
RP11-407N17.4	SRR10104184	2.0425470159442147
RP11-407N17.4	SRR10104185	3.190820982250761
RP11-407N17.4	SRR10104186	1.0329452604392448
RP11-407N17.4	SRR10104187	2.1539663578086348
RP11-407N17.4	SRR10104188	2.107731085770785
RP11-407N17.4	SRR10104189	1.0595562598302013
RP11-407N17.4	SRR10104190	1.1456942406975419
RP11-407N17.4	SRR10104191	1.1375415852920412
RP11-407N17.4	SRR10104192	1.026052966107226
RP11-407N17.4	SRR10104193	1.039842399081235
RP11-407N17.4	SRR10104194	1.0428799048858834
RP11-407N17.4	SRR10104195	1.041874169755153
RP11-407N17.4	SRR10104196	3.1219453480888792
RP11-407N17.4	SRR10104197	3.0504833345961746
RP11-407N17.4	SRR10104198	1.025845924075245
RP11-407N17.4	SRR10104199	1.0822812473676409
RP11-407N17.4	SRR10104200	1.0353416618928366
RP11-407N17.4	SRR10104201	2.052406801788055
RP11-407N17.4	SRR10104202	2.132313039936485
RP11-407N17.4	SRR10104203	1.0226367394548255
RP11-407N17.4	SRR10104204	1.0313459546081654
RP11-407N17.4	SRR10104205	1.0268650017331544
RP11-407N17.4	SRR10104206	1.0287660812770658
RP11-407N17.4	SRR10104207	1.0327220098173928
RP11-407N17.4	SRR10104208	4.070540467684883
RP11-407N17.4	SRR10104209	2.0463257034391553
RP11-407N17.4	SRR10104210	1.0263049337229564
RP11-407N17.4	SRR10104211	2.0375260971853257
RP11-407N17.4	SRR10104212	3.0562629378948816
RP11-407N17.4	SRR10104213	1.058921503370994
RP11-407N17.4	SRR10104214	1.0299744390521086
RP11-407N17.4	SRR10104215	1.0107140402598958
RP11-407N17.4	SRR10104216	1.060640170595656
RP11-407N17.4	SRR10104217	6.14948344965852
RP11-407N17.4	SRR10104218	1.0636360366675373
RP11-407N17.4	SRR10104219	4.2533992746100395
RP11-407N17.4	SRR10104220	1.03511691930575
RP11-407N17.4	SRR10104221	1.0872363603035893
RP11-407N17.4	SRR10104222	1.0381384685659298
RP11-407N17.4	SRR10104223	1.1766327257469633
RP11-407N17.4	SRR10104224	1.0253851067334427
RP11-407N17.4	SRR10104225	4.1256660214494865
RP11-407N17.4	SRR10104226	1.0388893560726131
RP11-407N17.4	SRR10104227	1.074938615735897
RP11-407N17.4	SRR10104228	1.1189120562490085
RP11-407N17.4	SRR10104229	1.0371677751979662
RP11-407N17.4	SRR10104230	1.101165214661461
RP11-407N17.4	SRR10104231	1.0760855121352966
RP11-407N17.4	SRR10104232	1.0597726421651714
RP11-407N17.4	SRR10104233	1.0718133708527031
RP11-407N17.4	SRR10104234	10.233588556108678
RP11-407N17.4	SRR10104235	1.043603481105794
RP11-407N17.4	SRR10104236	1.0093078766201782
RP11-407N17.4	SRR10104237	4.073963985696431
RP11-407N17.4	SRR10104238	1.0703034082552154
RP11-407N17.4	SRR10104239	1.0611784078973197
RP11-407N17.4	SRR10104240	3.2171436146056993
RP11-407N17.4	SRR10104241	1.0400598513679928
RP11-407N17.4	SRR10104242	1.063845639897752
RP11-407N17.4	SRR10104243	1.06730685614599
RP11-407N17.4	SRR10104244	3.118534654908534
RP11-407N17.4	SRR10104245	1.040779809770632
RP11-407N17.4	SRR10104246	2.2116004139806504
RP11-407N17.4	SRR10104247	1.0564288046419525
RP11-407N17.4	SRR10104248	1.0740857704182307
RP11-407N17.4	SRR10104249	1.0271816644146015
RP11-407N17.4	SRR10104250	1.153013547676236
RP11-407N17.4	SRR10104251	1.0466047478518792
RP11-407N17.4	SRR10104252	1.1796947867396619
RP11-407N17.4	SRR10104253	1.0961853754741664
RP11-407N17.4	SRR10104254	1.0372141130641137
RP11-407N17.4	SRR10104255	1.0309957549391915
RP11-407N17.4	SRR10104256	1.0293845436631004
RP11-407N17.4	SRR10104257	1.037517112746005
RP11-407N17.4	SRR10104258	1.0307926732391595
RP11-407N17.4	SRR10224277	6.146503837743107
RP11-407N17.4	SRR10224278	1.0926635070500108
RP11-407N17.4	SRR10224279	1.089250843220296
RP11-407N17.4	SRR10224280	1.0227917534671278
RP11-407N17.4	SRR10224281	2.032220519620341
RP11-407N17.4	SRR10224282	1.0501757282099426
RP11-407N17.4	SRR10224283	1.042245924204279
RP11-407N17.4	SRR10224284	1.1092008744415571
RP11-407N17.4	SRR10224285	1.1279661106950958
RP11-407N17.4	SRR10224286	1.0254224279077875
RP11-407N17.4	SRR10224287	1.033803410459708
RP11-407N17.4	SRR10224288	1.0962707234129587
RP11-407N17.4	SRR10224289	1.0935047184878017
RP11-407N17.4	SRR10224290	1.095529172881304
RP11-407N17.4	SRR10224291	1.0312113499898703
RP11-407N17.4	SRR10224292	1.0118581905327977
RP11-407N17.4	SRR10224293	9.275573343202302
RP11-407N17.4	SRR10224294	1.0580047935764523
RP11-407N17.4	SRR10224295	1.0860783600082067
RP11-407N17.4	SRR10224296	1.0547229540206002
RP11-407N17.4	SRR10224297	1.1274808217665389
RP11-407N17.4	SRR10224298	1.0332224020270313
RP11-407N17.4	SRR10318388	3.0220074782415507
RP11-407N17.4	SRR10318389	3.014110237713593
RP11-407N17.4	SRR10318390	3.036906634166309
RP11-407N17.4	SRR10318391	4.047406656652332
RP11-407N17.4	SRR10318392	4.055421306569165
RP11-407N17.4	SRR10318393	3.0084251048819137
RP11-407N17.4	SRR10318394	1.0131779337217366
RP11-407N17.4	SRR10318395	2.008833812614677
RP11-407N17.4	SRR10318396	4.031797164696251
RP11-407N17.4	SRR10318397	7.040736497078968
RP11-407N17.4	SRR10318398	6.020548809267201
RP11-407N17.4	SRR10318399	4.20042978320807
RP11-407N17.4	SRR10318400	3.044326936452551
RP11-407N17.4	SRR10318401	3.010816136450992
RP11-407N17.4	SRR10318402	1.0042087153660115
RP11-407N17.4	SRR10318403	2.009618348308924
RP11-407N17.4	SRR10318404	6.010357511701273
RP11-407N17.4	SRR10318405	2.0048066386784735
RP11-407N17.4	SRR10318406	3.0135998499806034
RP11-407N17.4	SRR10318407	3.029437412521367
RP11-407N17.4	SRR10318408	4.012010794420717
RP11-407N17.4	SRR10318409	3.009457577818329
RP11-407N17.4	SRR10318410	1.0040554922457436
RP11-407N17.4	SRR10318411	3.010909725088652
RP11-407N17.4	SRR10318412	4.019304037678477
RP11-407N17.4	SRR10318413	5.019083409661148
RP11-407N17.4	SRR10318414	2.011789241659467
RP11-407N17.4	SRR10318415	5.03239030290388
RP11-407N17.4	SRR10318416	2.019803107551712
RP11-407N17.4	SRR10318417	4.0286263260362265
RP11-407N17.4	SRR10318418	8.029976710315616
RP11-407N17.4	SRR10318419	7.02788622299528
RP11-407N17.4	SRR10318420	5.009005337432267
RP11-407N17.4	SRR10318421	3.0142308598421357
RP11-407N17.4	SRR10318422	3.0062604827754513
RP11-407N17.4	SRR10318423	8.011769730382797
RP11-407N17.4	SRR10318424	5.010434137959086
RP11-407N17.4	SRR10318425	1.0064830045107445
RP11-407N17.4	SRR10318426	2.1906828557814144
RP11-407N17.4	SRR10318427	1.108018223770156
RP11-407N17.4	SRR10318428	5.006592054338958
RP11-407N17.4	SRR10318429	3.0119512384265485
RP11-407N17.4	SRR10318430	3.025799172542478
RP11-407N17.4	SRR10318431	1.0051501237216312
RP11-407N17.4	SRR10318432	2.0033576794105152
RP11-407N17.4	SRR10318433	1.2750020383966563
RP11-407N17.4	SRR10318434	3.0091408161820064
RP11-407N17.4	SRR10318435	5.02969494253935
RP11-407N17.4	SRR10318436	5.013667387657339
RP11-407N17.4	SRR10318437	4.002880152427062
RP11-407N17.4	SRR10318438	6.007562441414647
RP11-407N17.4	SRR10318439	6.024601724569967
RP11-407N17.4	SRR10318440	5.078669368909372
RP11-407N17.4	SRR10318441	4.01104361932746
RP11-407N17.4	SRR10318442	1.0286330408058433
RP11-407N17.4	SRR10318443	2.004555571548479
RP11-407N17.4	SRR10318444	1.0084894405469222
RP11-407N17.4	SRR10318445	5.060249202214921
RP11-407N17.4	SRR10318446	5.019749049957818
RP11-407N17.4	SRR10318447	6.062560789287728
RP11-407N17.4	SRR10318448	2.0138248157103735
RP11-407N17.4	SRR10318449	3.0062604827754513
RP11-407N17.4	SRR10318450	2.0103754016643216
RP11-407N17.4	SRR10318451	2
RP11-407N17.4	SRR10318452	3.0187700906805452
RP11-407N17.4	SRR10318453	4.079216095696874
RP11-407N17.4	SRR10318454	1.0047509679775968
RP11-407N17.4	SRR10318455	3.018052089098611
RP11-407N17.4	SRR10318456	6.039363553668023
RP11-407N17.4	SRR10318457	2.003092025572686
RP11-407N17.4	SRR10318458	3.038079185213758
RP11-407N17.4	SRR10318459	6.0386749424733654
RP11-407N17.4	SRR10318460	6.02379978515005
RP11-407N17.4	SRR10318461	2.0070272299489207
RP11-407N17.4	SRR10318462	2.013333098720046
RP11-407N17.4	SRR10318463	5.015472078641107
RP11-407N17.4	SRR10318464	8.049563653685812
RP11-407N17.4	SRR10318465	4.003600514509815
RP11-407N17.4	SRR10318466	5.046852047305372
RP11-407N17.4	SRR10318467	8.04048760637274
RP11-407N17.4	SRR10318468	4.038937248531294
RP11-407N17.4	SRR10318469	2.0070272299489207
RP11-407N17.4	SRR10318470	5
RP11-407N17.4	SRR10318471	5
RP11-407N17.4	SRR10318472	5.022000389482309
RP11-407N17.4	SRR10318473	1.0038748339850176
RP11-407N17.4	SRR10318474	2.008356020066065
RP11-407N17.4	SRR10318475	4.015989318911429
RP11-407N17.4	SRR10318476	4.014299943790027
RP11-407N17.4	SRR10318495	5.005401257787007
RP11-407N17.4	SRR10318496	2.0176108965782746
RP11-407N17.4	SRR10318497	5.027351581154133
RP11-407N17.4	SRR10318498	5.004500643137268
RP11-407N17.4	SRR10318499	3.0030164695573105
RP11-407N17.4	SRR10318500	1.005730776723367
RP11-407N17.4	SRR10318501	3.014478028258858
RP11-407N17.4	SRR10318502	4.002159919958025
RP11-407N17.4	SRR10318503	9.01620960737808
RP11-407N17.4	SRR10318504	1.006604989330596
RP11-407N17.4	SRR10318505	2.0010799599790126
RP11-407N17.4	SRR10318506	1.0119197753671667
RP11-407N17.4	SRR10318507	1.0119742595178156
RP11-407N17.4	SRR10318508	1.0309684455084223
RP11-407N17.4	SRR10318509	2.0136871873489834
RP11-407N17.4	SRR10318510	8.063423900069736
RP11-407N17.4	SRR10318511	5.006302034512206
RP11-407N17.4	SRR10318512	4.03046848173112
RP11-407N17.4	SRR10318513	5.016528056316143
RP11-407N17.4	SRR10318514	1.0045976621199102
RP11-407N17.4	SRR10318515	3.035791826375897
RP11-407N17.4	SRR10318516	4.023701514610064
RP11-407N17.4	SRR10318517	1.0026279344264644
RP11-407N17.4	SRR10318518	7.050211916472563
RP11-407N17.4	SRR10318519	6.028315351196253
RP11-407N17.4	SRR10318520	1.0019813525502068
RP11-407N17.4	SRR10318521	3.0108577539357895
RP11-407N17.4	SRR10318522	2.0027316121052943
RP11-407N17.4	SRR10318523	7.015870148568599
RP11-407N17.4	SRR10318524	2.0153492452333106
RP11-407N17.4	SRR10318525	5.030992034325709
RP11-407N17.4	SRR10318526	2.0130323943671526
RP11-407N17.4	SRR10318527	3.0010798628095343
RP11-407N17.4	SRR10318528	2.0050725199115225
RP11-407N17.4	SRR10318529	4.009068656324914
RP11-407N17.4	SRR10318530	4.0269613242978135
RP11-407N17.4	SRR10318531	2.0178359546655997
RP11-407N17.4	SRR10318532	2.016507395463769
RP11-407N17.4	SRR10318533	1.0231907162447254
RP11-407N17.4	SRR10318534	2.035133121272297
RP11-407N17.4	SRR10318535	3.0464928231253836
RP11-407N17.4	SRR10318536	3.012166476737231
RP11-407N17.4	SRR10318537	3.032524509650086
RP11-407N17.4	SRR10318538	5.009158500691413
RP11-407N17.4	SRR10318539	5.036083426791836
RP11-407N17.4	SRR10318540	3.016350682906385
RP11-407N17.4	SRR10318541	2.0141809784742475
RP11-407N17.4	SRR10318542	3.0241022655948226
RP11-407N17.4	SRR10318543	2.020015725098208
RP11-407N17.4	SRR10318544	2.0049563708866893
RP11-407N17.4	SRR10318545	3.025891873729395
RP11-407N17.4	SRR10318546	6.00864356801044
RP11-407N17.4	SRR10318547	2.0079060953760157
RP11-407N17.4	SRR10318548	4.019359595147649
RP11-407N17.4	SRR10318549	3.020625749566663
RP11-407N17.4	SRR10318568	6.018915155636658
RP11-407N17.4	SRR10318569	1.000825380374255
RP11-407N17.4	SRR10318570	1.0106355959208053
RP11-407N17.4	SRR10318571	5.004126901871276
RP11-407N17.4	SRR10318572	4.019003871910387
RP11-407N17.4	SRR10318573	5.007356081489249
RP11-407N17.4	SRR10318574	4.009722950435886
RP11-407N17.4	SRR10318575	3.0140912128695265
RP11-407N17.4	SRR10318576	5.021535400182962
RP11-407N17.4	SRR10318577	2.005794254326413
RP11-407N17.4	SRR10318578	8.00720102901963
RP11-407N17.4	SRR10318579	3.009457577818329
RP11-407N17.4	SRR10318580	2.0027316121052943
RP11-407N17.4	SRR10318581	6
RP11-407N17.4	SRR10875803	18.656452159906895
RP11-407N17.4	SRR10875804	14.922896455280842
RP11-407N17.4	SRR10875805	16.10160828463753
RP11-407N17.4	SRR10875806	23.304813034035394
RP11-407N17.4	SRR10875807	23.05657440334849
RP11-407N17.4	SRR10875808	14.542935692446619
RP11-407N17.4	SRR10875809	15.174262974313663
RP11-407N17.4	SRR10875810	30.72397728862042
RP11-407N17.4	SRR10875812	42
RP11-407N17.4	SRR10875813	21.05011264022506
RP11-407N17.4	SRR10875814	11.043970627006429
RP11-407N17.4	SRR10875815	24
RP11-407N17.4	SRR10875816	18
RP11-407N17.4	SRR10875817	19.948001970594532
RP11-407N17.4	SRR10875818	20.95067617913991
RP11-407N17.4	SRR10875819	21
RP11-407N17.4	SRR10875820	21.086053220201745
RP11-407N17.4	SRR10875821	21.79580821079542
RP11-407N17.4	SRR10875822	12.241434379728103
RP11-407N17.4	SRR10875823	19
RP11-407N17.4	SRR10875824	13.87438147731915
RP11-407N17.4	SRR10875825	16.028110117029815
RP11-407N17.4	SRR10875826	17.67848910172911
RP11-407N17.4	SRR10875827	22.319436861493454
RP11-407N17.4	SRR10875829	33.04369535717555
RP11-407N17.4	SRR10875830	24
RP11-407N17.4	SRR10875831	26.0928654862276
RP11-407N17.4	SRR10875832	13
RP11-407N17.4	SRR10875834	2.0066725798407297
RP11-407N17.4	SRR10875835	23
RP11-407N17.4	SRR10875836	45.00083648310879
RP11-407N17.4	SRR10875837	12.04055090977007
RP11-407N17.4	SRR10875838	11
RP11-407N17.4	SRR10875839	25.853052901638527
RP11-407N17.4	SRR10875840	13.808276062761477
RP11-407N17.4	SRR10875841	21.08015032057682
RP11-407N17.4	SRR10875842	21.485505140772045
RP11-407N17.4	SRR10875843	43.55243904504241
RP11-407N17.4	SRR10875844	31.99512354935966
RP11-407N17.4	SRR10875845	41.421957527722675
RP11-407N17.4	SRR10875846	28.83004979522496
RP11-407N17.4	SRR10875847	11.039659166986972
RP11-407N17.4	SRR10875848	8
RP11-407N17.4	SRR10875849	31.71491914040447
RP11-407N17.4	SRR10875850	37.00665855485222
RP11-407N17.4	SRR10875851	22.65236738333119
RP11-407N17.4	SRR10875852	11.29583970720933
RP11-407N17.4	SRR10875853	19.041653960991848
RP11-407N17.4	SRR10875854	20.12553270460834
RP11-407N17.4	SRR10875855	27.697003285609615
RP11-407N17.4	SRR10875856	27.612706222740925
RP11-407N17.4	SRR10875857	15.044046866984976
RP11-407N17.4	SRR10875858	22.336774672453604
RP11-407N17.4	SRR10875859	21
RP11-407N17.4	SRR10875860	41.76682687654567
RP11-407N17.4	SRR10875861	27.734024581356103
RP11-407N17.4	SRR10875862	11.013942383754756
RP11-407N17.4	SRR10875863	22.119111000006274
RP11-407N17.4	SRR10875864	22
RP11-407N17.4	SRR10875865	44.67241873278264
RP11-407N17.4	SRR10875866	14.812171196218541
RP11-407N17.4	SRR10875867	31.612027600572652
RP11-407N17.4	SRR10875868	19.648629729844675
RP11-407N17.4	SRR10875869	35
RP11-407N17.4	SRR10875870	9.437287050749308
RP11-407N17.4	SRR10875871	23.004139101664897
RP11-407N17.4	SRR10875872	16.908781246537252
RP11-407N17.4	SRR10875873	16.87168146273243
RP11-407N17.4	SRR10875874	16.934871485800603
RP11-407N17.4	SRR10875875	22.667315933074008
RP11-407N17.4	SRR10875876	19
RP11-407N17.4	SRR10875877	24.96670653777646
RP11-407N17.4	SRR10875878	17.134614014936055
RP11-407N17.4	SRR10875879	22
RP11-407N17.4	SRR10875880	30.119919891835718
RP11-407N17.4	SRR10875881	21.762697352741107
RP11-407N17.4	SRR10875882	46
RP11-407N17.4	SRR10875883	26.16738237870987
RP11-407N17.4	SRR10875884	22.344285333637067
RP11-407N17.4	SRR10875885	26.04762420359535
RP11-407N17.4	SRR10875886	37.27842462185657
RP11-407N17.4	SRR10875887	12
RP11-407N17.4	SRR10875888	4.112885853531559
RP11-407N17.4	SRR10875889	29.064740197996073
RP11-407N17.4	SRR10875890	39.08550023572011
RP11-407N17.4	SRR10875891	44
RP11-407N17.4	SRR10875892	26.81625152399112
RP11-407N17.4	SRR10875893	61
RP11-407N17.4	SRR10875894	33.18437956934151
RP11-407N17.4	SRR10875895	60
RP11-407N17.4	SRR10875896	25.25198657394103
RP11-407N17.4	SRR10875897	57.14552425692004
RP11-407N17.4	SRR10875898	52.9647921368369
RP11-407N17.4	SRR10875899	17.921517207910476
RP11-407N17.4	SRR10875900	26.097123933684983
RP11-407N17.4	SRR10875901	30.065769412092394
RP11-407N17.4	SRR10875902	28.129090825512122
RP11-407N17.4	SRR12430469	1
RP11-407N17.4	SRR12430470	3.3926632886379617
RP11-407N17.4	SRR12430471	6.790034113055417
RP11-407N17.4	SRR12430472	1.9205680529484668
RP11-407N17.4	SRR12430473	4
RP11-407N17.4	SRR12430474	2.7115457243846213
RP11-407N17.4	SRR12430475	1.3001203694745915
RP11-407N17.4	SRR12430476	4
RP11-407N17.4	SRR12765534	2
RP11-407N17.4	SRR12765535	3.0078838032793933
RP11-407N17.4	SRR12765536	4.018564420717766
RP11-407N17.4	SRR12765537	4.01671204013213
RP11-407N17.4	SRR12765538	2.0684143471235985
RP11-407N17.4	SRR12765539	2.062066790271604
RP11-407N17.4	SRR12765540	2.006250175855019
RP11-407N17.4	SRR12765541	1.0094847905369881
RP11-407N17.4	SRR12765542	2
RP11-407N17.4	SRR12765543	1.0162479978865846
RP11-407N17.4	SRR12765544	2.0230494632193
RP11-407N17.4	SRR12765545	4.037124566666656
RP11-407N17.4	SRR12765546	1.0301733653815839
RP11-407N17.4	SRR12765547	3.0241378110521904
RP11-407N17.4	SRR12765548	3.0613251561248997
RP11-407N17.4	SRR12765549	1.007608736799485
RP11-407N17.4	SRR12765550	2.080125669769976
RP11-407N17.4	SRR12765551	1.0135684904494011
RP11-407N17.4	SRR12765552	1.0414272361609767
RP11-407N17.4	SRR12765553	1.0443243125938797
RP11-407N17.4	SRR12765554	4.127337014825464
RP11-407N17.4	SRR12765555	1.0207139403659764
RP11-407N17.4	SRR12765556	2.03072847282759
RP11-407N17.4	SRR12765557	3.0314628410154194
RP11-407N17.4	SRR12765558	1.0514952401037005
RP11-407N17.4	SRR12765559	3.0057195706502737
RP11-407N17.4	SRR12765560	2.0379094979677905
RP11-407N17.4	SRR12765561	3.0085170952398634
RP11-407N17.4	SRR12765562	1.015483444252062
RP11-407N17.4	SRR12765563	3.021885016959537
RP11-407N17.4	SRR12765564	2.004173655183634
RP11-407N17.4	SRR12765565	2.0085060173655385
RP11-407N17.4	SRR12765566	2.0141934992332144
RP11-407N17.4	SRR12765567	3.0396563312455562
RP11-407N17.4	SRR12765568	3.030837110105589
RP11-407N17.4	SRR12765569	2.022960235136421
RP11-407N17.4	SRR12765570	4.028483698931554
RP11-407N17.4	SRR12765571	2.022353110211251
RP11-407N17.4	SRR12765572	1.006584008974975
RP11-407N17.4	SRR12765573	4.136848137936278
RP11-407N17.4	SRR12765574	2.0138802669990574
RP11-407N17.4	SRR12765575	1.0239395312536899
RP11-407N17.4	SRR12765576	2.0496693241796162
RP11-407N17.4	SRR12765577	2.0912771243389536
RP11-407N17.4	SRR12765578	4.060402609974265
RP11-407N17.4	SRR12765579	3.025149874787331
RP11-407N17.4	SRR12765580	1.0113445817462805
RP11-407N17.4	SRR12765581	1.015899942750325
RP11-407N17.4	SRR12765582	4.004021959409747
RP11-407N17.4	SRR12765583	3.0262325303915194
RP11-407N17.4	SRR12765584	2.0248365424494756
RP11-407N17.4	SRR12765585	1.0109960581005948
RP11-407N17.4	SRR12765586	2.010553340593664
RP11-407N17.4	SRR12765587	2.023441502061622
RP11-407N17.4	SRR12765588	2.0139019200422563
RP11-407N17.4	SRR12765589	2.0362318657735075
RP11-407N17.4	SRR12765590	2.058609422676708
RP11-407N17.4	SRR12765591	3.083217518271903
RP11-407N17.4	SRR12765592	2.0330664676223016
RP11-407N17.4	SRR12765593	3.0250794991234238
RP11-407N17.4	SRR12765594	3.0696954932926914
RP11-407N17.4	SRR12765595	5.058587441419635
RP11-407N17.4	SRR12765596	3.0132309139759093
RP11-407N17.4	SRR12765597	1.0080810177332105
RP11-407N17.4	SRR12765598	4.028700857379474
RP11-407N17.4	SRR12765599	2.0061274889335725
RP11-407N17.4	SRR12765600	4.17196821616285
RP11-407N17.4	SRR12765601	3.0653628421715156
RP11-407N17.4	SRR12765602	2.017322812400891
RP11-407N17.4	SRR12765603	2.0196488952379354
RP11-407N17.4	SRR12765604	1.0081376323189926
RP11-407N17.4	SRR12765605	5.038377463242881
RP11-407N17.4	SRR12765606	2.0265423500128694
RP11-407N17.4	SRR12765607	1.008593218827847
RP11-407N17.4	SRR12765608	1.0088565751860703
RP11-407N17.4	SRR12765609	3.0144151984281744
RP11-407N17.4	SRR12765610	1.0087569538235717
RP11-407N17.4	SRR12765611	2.0110169486422045
RP11-407N17.4	SRR12765612	2.0090789363908557
RP11-407N17.4	SRR12765613	1.00593898850787
RP11-407N17.4	SRR12765614	1.0046759321397467
RP11-407N17.4	SRR12765615	3.0274760478503375
RP11-407N17.4	SRR12765616	1.0061232629310637
RP11-407N17.4	SRR12765617	1.0084894405469222
RP11-407N17.4	SRR12765618	2.0463651648357133
RP11-407N17.4	SRR12765619	1.0217630104420437
RP11-407N17.4	SRR12765620	4.032001243141298
RP11-407N17.4	SRR12765621	1.0025837127848007
RP11-407N17.4	SRR12765622	2.0436715481953116
RP11-407N17.4	SRR12765623	3
RP11-407N17.4	SRR12765624	4.015850105164866
RP11-407N17.4	SRR12765625	2.0165087569635882
RP11-407N17.4	SRR12765626	3.0148592516538355
RP11-407N17.4	SRR12765627	1.0005399799895063
RP11-407N17.4	SRR12765628	1.0416041512779368
RP11-407N17.4	SRR12765629	2.064385355032988
RP11-407N17.4	SRR12765630	1.0017568823143634
RP11-407N17.4	SRR12765631	1.0059866023975144
RP11-407N17.4	SRR12765632	1.0065683082237227
RP11-407N17.4	SRR12765633	4.077255930492594
RP11-407N17.4	SRR12765634	4.021762939946314
RP11-407N17.4	SRR12765635	2.0462294142698476
RP11-407N17.4	SRR12765636	3.0366128506039285
RP11-407N17.4	SRR12765637	1.0354033667153832
RP11-407N17.4	SRR12765638	2
RP11-407N17.4	SRR12765639	4.123769992467551
RP11-407N17.4	SRR12765640	2.01006865667472
RP11-407N17.4	SRR12765641	1.0187981972446098
RP11-407N17.4	SRR12765642	4.009790132096656
RP11-407N17.4	SRR12765643	4.055913513515664
RP11-407N17.4	SRR12765644	3.0107249578425197
RP11-407N17.4	SRR12765645	2.0570702848294458
RP11-407N17.4	SRR12765646	3.0204507719876905
RP11-407N17.4	SRR12765647	3.0870342901364287
RP11-407N17.4	SRR12765648	3.0356148041849425
RP11-407N17.4	SRR12765649	2.0989293609266024
RP11-407N17.4	SRR12765650	1.0180274394060935
RP11-407N17.4	SRR12765651	2.056439421840898
RP11-407N17.4	SRR12765652	2.021169317530378
RP11-407N17.4	SRR12774664	2.0106083343199863
RP11-407N17.4	SRR12774665	1.0134052600429255
RP11-407N17.4	SRR12774666	1.0106554920283504
RP11-407N17.4	SRR12774667	2.029854462894126
RP11-407N17.4	SRR12774668	1.0531044481489285
RP11-407N17.4	SRR12774669	3.055237222197073
RP11-407N17.4	SRR12774670	6.293457447301527
RP11-407N17.4	SRR12774671	2.096684712460503
RP11-407N17.4	SRR12774672	3.0185543804999577
RP11-407N17.4	SRR12774673	1.0142142606674132
RP11-407N17.4	SRR12774674	1.0242203683654911
RP11-407N17.4	SRR12774675	2.0687685884010354
RP11-407N17.4	SRR12774676	1.0065437279509373
RP11-407N17.4	SRR12774677	3.0326493755751844
RP11-407N17.4	SRR12774678	1.043754043143823
RP11-407N17.4	SRR12774679	1.0232632446385574
RP11-407N17.4	SRR12774680	2.0280976981246917
RP11-407N17.4	SRR12774681	2.017411791830132
RP11-407N17.4	SRR12774682	1.010589221555441
RP11-407N17.4	SRR12774683	2.014263323408916
RP11-407N17.4	SRR12774684	4.021144645586936
RP11-407N17.4	SRR12774685	2.0147366141322745
RP11-407N17.4	SRR12774686	2.0359514820895828
RP11-407N17.4	SRR12774687	4.117236554557644
RP11-407N17.4	SRR1609360	2.0986068474161597
RP11-407N17.4	SRR1609361	2.051817008371228
RP11-407N17.4	SRR1609362	1.0680988542222165
RP11-407N17.4	SRR1609363	1.0073745093898177
RP11-407N17.4	SRR1609364	1.0085688845855312
RP11-407N17.4	SRR1609365	5.071582896810392
RP11-407N17.4	SRR1609366	5.028430617972504
RP11-407N17.4	SRR1609367	3.0080179977588823
RP11-407N17.4	SRR1609368	2.0111121356666253
RP11-407N17.4	SRR1609369	4.003600514509815
RP11-407N17.4	SRR1609370	4.008347310367268
RP11-407N17.4	SRR1609371	1.0301143575969267
RP11-407N17.4	SRR1609372	1.0007200381067656
RP11-407N17.4	SRR1609373	1.007497432173284
RP11-407N17.4	SRR1609374	1.0026279344264644
RP11-407N17.4	SRR1609375	5.032628499931003
RP11-407N17.4	SRR1609376	3.0482652631743985
RP11-407N17.4	SRR1609377	2.010572322793468
RP11-407N17.4	SRR1609378	1.017406841761654
RP11-407N17.4	SRR1609379	1.0018010674864533
RP11-407N17.4	SRR1609380	1.0158653061982168
RP11-407N17.4	SRR1609381	4.002880152427062
RP11-407N17.4	SRR1609382	3.0427967921824197
RP11-407N17.4	SRR1609383	4.0417163142264325
RP11-407N17.4	SRR1609384	3.0289246091469253
RP11-407N17.4	SRR1609385	3.022009251176315
RP11-407N17.4	SRR1609386	4.026419957322384
RP11-407N17.4	SRR1609387	2.0147827752727374
RP11-407N17.4	SRR1609388	2.025352189329912
RP11-407N17.4	SRR1609389	1.0025224024304422
RP11-407N17.4	SRR1609390	2.025648201367603
RP11-407N17.4	SRR1609391	1.0636252817179657
RP11-407N17.4	SRR1609392	3.046315966826078
RP11-407N17.4	SRR1609393	1.04478101167958
RP11-407N17.4	SRR1609394	1.0276985045907725
RP11-407N17.4	SRR1609395	1.0054817166017682
RP11-407N17.4	SRR1609396	1.0010802515574013
RP11-407N17.4	SRR1609397	1.0145310136075893
RP11-407N17.4	SRR1609398	4.018441546501731
RP11-407N17.4	SRR1609399	2.007618681469423
RP11-407N17.4	SRR1609400	3.0065769412092394
RP11-407N17.4	SRR1609401	3.0319788718763245
RP11-407N17.4	SRR1609402	3.0133933444577985
RP11-407N17.4	SRR1609403	3.0095080003439243
RP11-407N17.4	SRR1609404	1.0119457665502067
RP11-407N17.4	SRR1609405	3.019802621930812
RP11-407N17.4	SRR1609406	4.015745765874566
RP11-407N17.4	SRR1609407	3.00689343295549
RP11-407N17.4	SRR1609408	1.0077848171459254
RP11-407N17.4	SRR1609409	1.0185880328867178
RP11-407N17.4	SRR1609410	3
RP11-407N17.4	SRR1609411	2.1051289954488186
RP11-407N17.4	SRR1609412	2
RP11-407N17.4	SRR1609413	0.9604328801072967
RP11-407N17.4	SRR1609414	3.0048624445833965
RP11-407N17.4	SRR1609415	4.000719843767808
RP11-407N17.4	SRR1609416	2.0052558688529287
RP11-407N17.4	SRR1609417	1.0067109510861363
RP11-407N17.4	SRR1609418	1.0014405946684066
RP11-407N17.4	SRR1609419	6.029245494579557
RP11-407N17.4	SRR1609420	3.0140180763361135
RP11-407N17.4	SRR1609421	1.0064410295165898
RP11-407N17.4	SRR1609422	1.016487712556713
RP11-407N17.4	SRR1609423	1.0538854443534305
RP11-407N17.4	SRR1609424	1.0787454114562254
RP11-407N17.4	SRR1609425	4.006483259444528
RP11-407N17.4	SRR1609426	1.0047202460643523
RP11-407N17.4	SRR1609427	2.0102867325802385
RP11-407N17.4	SRR1609428	3.02589080766755
RP11-407N17.4	SRR1609429	2.0025208138048822
RP11-407N17.4	SRR1609430	2.008197823719105
RP11-407N17.4	SRR1609431	2.0146492829044846
RP11-407N17.4	SRR1609432	1.001501838863628
RP11-407N17.4	SRR1609433	2.0164497457444894
RP11-407N17.4	SRR1609434	4.060013311092794
RP11-407N17.4	SRR1609435	1.0044783325221545
RP11-407N17.4	SRR1609436	1.0032401551492713
RP11-407N17.4	SRR1609437	1.0214548244785666
RP11-407N17.4	SRR1609438	1.032283347644643
RP11-407N17.4	SRR1609439	1.0147013578735862
RP11-407N17.4	SRR1609440	3.0075672072913266
RP11-407N17.4	SRR1609441	1.0022671640812284
RP11-407N17.4	SRR1609442	1.0072027631380178
RP11-407N17.4	SRR1609443	1.0086306245764651
RP11-407N17.4	SRR1609444	1.0005399799895063
RP11-407N17.4	SRR1609445	5.0175388020905904
RP11-407N17.4	SRR1609446	1.0110032156633706
RP11-407N17.4	SRR1609447	1.2338363336906928
RP11-407N17.4	SRR1609448	4.035291079517855
RP11-407N17.4	SRR1609449	1.0024781854433447
RP11-407N17.4	SRR1609450	3.006127889448204
RP11-407N17.4	SRR1609451	2.025721577667333
RP11-407N17.4	SRR1609452	1.2632705659263332
RP11-407N17.4	SRR1609453	2.003663400276565
RP11-407N17.4	SRR1609454	2.0320197237484576
RP11-407N17.4	SRR1609455	1.2516237980743048
RP11-407N17.4	SRR1609456	1.0048325501063176
RP11-407N17.4	SRR1609457	1.0065683082237227
RP11-407N17.4	SRR1609458	1.240500376538707
RP11-407N17.4	SRR1609459	1.003891653595596
RP11-407N17.4	SRR1609460	2.0192830727646167
RP11-407N17.4	SRR1609461	5.008410350389584
RP11-407N17.4	SRR1609462	3.0110826246896187
RP11-407N17.4	SRR1609463	1.0064345380869446
RP11-407N17.4	SRR1609464	3.0333263022230916
RP11-407N17.4	SRR1609465	1.0119474539360775
RP11-407N17.4	SRR1609466	1.1215996409238542
RP11-407N17.4	SRR1609467	1.0119457665502067
RP11-407N17.4	SRR1609468	2.0033310028448224
RP11-407N17.4	SRR1609469	2.000359921883904
RP11-407N17.4	SRR1609470	2.0096520188392386
RP11-407N17.4	SRR1609471	1.002106396941657
RP11-407N17.4	SRR1609472	1.0870773664114952
RP11-407N17.4	SRR1609473	2.114973198797288
RP11-407N17.4	SRR1609474	1.002553057138948
RP11-407N17.4	SRR1609475	1.0217687791754089
RP11-407N17.4	SRR1609476	2.859927637681167
RP11-407N17.4	SRR1609477	3.0169311791096467
RP11-407N17.4	SRR1609478	2.045996365882715
RP11-407N17.4	SRR1609479	2.020777287324627
RP11-407N17.4	SRR1609480	1
RP11-407N17.4	SRR1609481	3.0312774599259025
RP11-407N17.4	SRR1609482	2.0072721332806
RP11-407N17.4	SRR1609483	1.0045226377310994
RP11-407N17.4	SRR1609484	3.0237027882862013
RP11-407N17.4	SRR1609485	1.0009001286274537
RP11-407N17.4	SRR1609486	1.0032442567630784
RP11-407N17.4	SRR1609487	3.011674960786788
RP11-407N17.4	SRR1609488	4.0057623786736265
RP11-407N17.4	SRR1609489	2.004384627472826
RP11-407N17.4	SRR1609490	1.0163926080188865
RP11-407N17.4	SRR1609491	1.0035263257491491
RP11-407N17.4	SRR1609492	2
RP11-407N17.4	SRR1609493	2.008939649885871
RP11-407N17.4	SRR1609494	2.011869751754112
RP11-407N17.4	SRR1609495	2.0044648412411084
RP11-407N17.4	SRR1609496	6.004952282245531
RP11-407N17.4	SRR1609497	2.0018002572549074
RP11-407N17.4	SRR1609498	6.002159725619069
RP11-407N17.4	SRR1609499	2.0041948947473647
RP11-407N17.4	SRR1609500	1.0017262519502124
RP11-407N17.4	SRR1609501	2.002567400591048
RP11-407N17.4	SRR1609502	1.012926575887802
RP11-407N17.4	SRR1609503	1.2571824597395216
RP11-407N17.4	SRR1609504	2
RP11-407N17.4	SRR1609505	3
RP11-407N17.4	SRR1609506	1.0196933955833136
RP11-407N17.4	SRR1609507	3.0181346404675615
RP11-407N17.4	SRR1609508	3.0016199399685184
RP11-407N17.4	SRR1609509	1.0063277365563505
RP11-407N17.4	SRR1609510	1.0056036635982566
RP11-407N17.4	SRR1609511	1.036975445845237
RP11-407N17.4	SRR1609512	3.0099168337896858
RP11-407N17.4	SRR1609513	3.009602055827516
RP11-407N17.4	SRR1609514	1.0495788046288395
RP11-407N17.4	SRR1609515	1.0019813525502068
RP11-407N17.4	SRR1609516	1.0041780100330324
RP11-407N17.4	SRR1609517	1.022496948951921
RP11-407N17.4	SRR1609518	2.003241629722264
RP11-407N17.4	SRR1609519	2.0033576794105152
RP11-407N17.4	SRR1609520	2.1579004888786444
RP11-407N17.4	SRR1609521	3.0048501596535724
RP11-407N17.4	SRR1609522	1.0240545069445746
RP11-407N17.4	SRR1609523	6.028404803818288
RP11-407N17.4	SRR1609524	1.016716170089433
RP11-407N17.4	SRR1609525	1.0055187761067101
RP11-407N17.4	SRR1609526	1.0203729733474096
RP11-407N17.4	SRR1609527	5
RP11-407N17.4	SRR1609528	1.0086549004496244
RP11-407N17.4	SRR1609529	2.050660278528563
RP11-407N17.4	SRR1609530	2.0095905704237187
RP11-407N17.4	SRR1609531	2.007588014702848
RP11-407N17.4	SRR1609532	1.0072060113251007
RP11-407N17.4	SRR1609533	2.0764532679809
RP11-407N17.4	SRR1609534	1.0012910230221785
RP11-407N17.4	SRR1609535	2.0884658026675997
RP11-407N17.4	SRR1609536	2.0215237603320357
RP11-407N17.4	SRR1609537	1.0038432721370993
RP11-407N17.4	SRR1609538	2
RP11-407N17.4	SRR1609539	1.0061942931737347
RP11-407N17.4	SRR1609540	1
RP11-407N17.4	SRR1609541	1.1002496061772749
RP11-407N17.4	SRR1609542	3.007026060049086
RP11-407N17.4	SRR1609543	4.008047962858868
RP11-407N17.4	SRR1609544	4.02338339263827
RP11-407N17.4	SRR1609545	28.955159278748443
RP11-407N17.4	SRR1609546	3
RP11-407N17.4	SRR1609547	1.005170859507078
RP11-407N17.4	SRR1609548	2.035994514160894
RP11-407N17.4	SRR1609549	1.0106959376016895
RP11-407N17.4	SRR1609550	3
RP11-407N17.4	SRR1609551	3.033933306500255
RP11-407N17.4	SRR1609552	2.008928896305199
RP11-407N17.4	SRR1609553	1.002611135988753
RP11-407N17.4	SRR1609554	1.0090402771254097
RP11-407N17.4	SRR1609555	2.0068773430868156
RP11-407N17.4	SRR1609556	3.06650593667156
RP11-407N17.4	SRR1609557	1.0063043258211806
RP11-407N17.4	SRR1609558	2.0085887187455684
RP11-407N17.4	SRR1609559	1.0424968298454986
RP11-407N17.4	SRR1609560	2.0142433371147286
RP11-407N17.4	SRR1609561	1.0025394930935652
RP11-407N17.4	SRR1609562	3.002966155793472
RP11-407N17.4	SRR1609563	3.0133933444577985
RP11-407N17.4	SRR1609564	2.0018002572549074
RP11-407N17.4	SRR1609565	1.0247858558816332
RP11-407N17.4	SRR1609566	2.006699729492319
RP11-407N17.4	SRR1609567	1.2581113184722956
RP11-407N17.4	SRR1609568	2
RP11-407N17.4	SRR1609569	5
RP11-407N17.4	SRR1609570	1.01776654532237
RP11-407N17.4	SRR1609571	2.048352000388578
RP11-407N17.4	SRR1609572	1.0132366280807228
RP11-407N17.4	SRR1609573	1.0198308819278206
RP11-407N17.4	SRR1609574	1.0051093909426065
RP11-407N17.4	SRR1609575	1.0732532216417159
RP11-407N17.4	SRR1609576	1.0039837461421828
RP11-407N17.4	SRR1609577	2.008402742602882
RP11-407N17.4	SRR1609578	1.0017663401829568
RP11-407N17.4	SRR1609579	1.006701382721769
RP11-407N17.4	SRR1609580	3.0230362270805764
RP11-407N17.4	SRR1609581	4.16721695645489
RP11-407N17.4	SRR1609582	2.0165560487390617
RP11-407N17.4	SRR1609583	2.0715196856660754
RP11-407N17.4	SRR1609584	2.004023981429434
RP11-407N17.4	SRR1609585	2.0017667182762118
RP11-407N17.4	SRR1609586	1.077969249642432
RP11-407N17.4	SRR1609587	1.0120049067559673
RP11-407N17.4	SRR1609588	1.0134052600429255
RP11-407N17.4	SRR1609589	3.0078838032793933
RP11-407N17.4	SRR1609590	1.0002852463574239
RP11-407N17.4	SRR1609591	2.0065416636098363
RP11-407N17.4	SRR1609592	1.0068449730033533
RP11-407N17.4	SRR1609593	1.005535917850999
RP11-407N17.4	SRR1609594	1.0253331007022206
RP11-407N17.4	SRR1609595	2.0486124192547837
RP11-407N17.4	SRR1609596	2.0052558688529287
RP11-407N17.4	SRR1609597	2.008417430732023
RP11-407N17.4	SRR1609598	1.0275370706123974
RP11-407N17.4	SRR1609599	1.0212178151540763
RP11-407N17.4	SRR1609600	1.0308747019327569
RP11-407N17.4	SRR1609601	2.056327476771008
RP11-407N17.4	SRR1609602	1.1632163838991925
RP11-407N17.4	SRR1609603	3
RP11-407N17.4	SRR1609604	2.0139962234358246
RP11-407N17.4	SRR1609605	1.007566475195609
RP11-407N17.4	SRR1609606	1.0160829820750323
RP11-407N17.4	SRR1609607	1.0049720004236289
RP11-407N17.4	SRR1609608	1.019977620097426
RP11-407N17.4	SRR1609609	1.0324178632829317
RP11-407N17.4	SRR1609610	3
RP11-407N17.4	SRR1609611	2.0342698611709187
RP11-407N17.4	SRR1609612	2.004684040032724
RP11-407N17.4	SRR1609613	2.00165076074851
RP11-407N17.4	SRR1609614	1.0113691465526504
RP11-407N17.4	SRR1609615	2.0063386668959495
RP11-407N17.4	SRR1609616	4
RP11-407N17.4	SRR1609617	4
RP11-407N17.4	SRR1609618	2.0064000158761304
RP11-407N17.4	SRR1609619	2.0072721332806
RP11-407N17.4	SRR1609620	1.0125434290578252
RP11-407N17.4	SRR1609621	3.0255756232534807
RP11-407N17.4	SRR1609622	1.0396027374078705
RP11-407N17.4	SRR1609623	2.038002606009502
RP11-407N17.4	SRR1609624	1.233166099790781
RP11-407N17.4	SRR1609625	2.003092025572686
RP11-407N17.4	SRR1609626	1.007678742360192
RP11-407N17.4	SRR1609627	2.0107986741916752
RP11-407N17.4	SRR1609628	2.0038130471001825
RP11-407N17.4	SRR1609629	2.0321099467678017
RP11-407N17.4	SRR1609630	3.0083747004995915
RP11-407N17.4	SRR1609631	1
RP11-407N17.4	SRR1609632	2
RP11-407N17.4	SRR1609633	4.014337843925312
RP11-407N17.4	SRR1609634	1.0083088550710244
RP11-407N17.4	SRR1609635	2.0498610141162166
RP11-407N17.4	SRR1609636	1.033526030779779
RP11-407N17.4	SRR1609637	2.0081109844914873
RP11-407N17.4	SRR1609638	1.0243215512558148
RP11-407N17.4	SRR1609639	3.016598025149643
RP11-407N17.4	SRR1609640	2.000359921883904
RP11-407N17.4	SRR1609641	5.000899804709761
RP11-407N17.4	SRR1609642	3
RP11-407N17.4	SRR1609643	2.0235464818988795
RP11-407N17.4	SRR1609644	1.0010455492408952
RP11-407N17.4	SRR1609645	2.0063386668959495
RP11-407N17.4	SRR1609646	3.007026060049086
RP11-407N17.4	SRR1609647	3.0620010707921774
RP11-407N17.4	SRR1609648	3.0108958902739107
RP11-407N17.4	SRR1609649	3.0243822945265273
RP11-407N17.4	SRR1609650	2.014864765555886
RP11-407N17.4	SRR1609651	1.003394628447702
RP11-407N17.4	SRR1609652	1.0035304285329265
RP11-407N17.4	SRR1609653	1.0508063334876938
RP11-407N17.4	SRR1609654	2.068715941176942
RP11-407N17.4	SRR1609655	1.0068308408829232
RP11-407N17.4	SRR1609656	1.014313308243783
RP11-407N17.4	SRR1609657	1.0128509294871268
RP11-407N17.4	SRR1609658	2.040099256858702
RP11-407N17.4	SRR1609659	2.0159323581018076
RP11-407N17.4	SRR1609660	1.0039223501724883
RP11-407N17.4	SRR1609661	3.004413648893549
RP11-407N17.4	SRR1609662	2.0093518642794934
RP11-407N17.4	SRR1609663	1.0026585923618834
RP11-407N17.4	SRR1609664	2.0144363505434137
RP11-407N17.4	SRR1609665	1
RP11-407N17.4	SRR1609666	1.016634410174343
RP11-407N17.4	SRR1609667	1.002883264649812
RP11-407N17.4	SRR1609668	1.1259515593418852
RP11-407N17.4	SRR1609669	1.0192408475989563
RP11-407N17.4	SRR1746771	6.3652316736413574
RP11-407N17.4	SRR1746772	6.440650266173177
RP11-407N17.4	SRR1746773	6.8182229490880895
RP11-407N17.4	SRR1746774	1.0707448447191639
RP11-407N17.4	SRR1746775	5.156578105186816
RP11-407N17.4	SRR1746776	2.4356897261397203
RP11-407N17.4	SRR1746777	13.546636085598282
RP11-407N17.4	SRR1746778	5.923662274615151
RP11-407N17.4	SRR1746779	8.901842644392776
RP11-407N17.4	SRR1746780	3.170269641908484
RP11-407N17.4	SRR1746781	2.201324998503196
RP11-407N17.4	SRR1746782	6.026786688915597
RP11-407N17.4	SRR1746783	4
RP11-407N17.4	SRR1746784	7.974609830426101
RP11-407N17.4	SRR1782685	1.0161405129641194
RP11-407N17.4	SRR1782686	1.0241060513820852
RP11-407N17.4	SRR1782687	1.0122161471354907
RP11-407N17.4	SRR1782688	1.0167551838847384
RP11-407N17.4	SRR1782689	1.0178762408450857
RP11-407N17.4	SRR1782690	1.0202611034833844
RP11-407N17.4	SRR1782691	3.0051787558506367
RP11-407N17.4	SRR1782692	1.008267339088667
RP11-407N17.4	SRR1782693	1.0088465649237228
RP11-407N17.4	SRR1782694	3.048248946225097
RP11-407N17.4	SRR1782695	4.002880152427062
RP11-407N17.4	SRR1782696	1.0033707140904828
RP11-407N17.4	SRR1782697	4.035304332639777
RP11-407N17.4	SRR1782698	4.008347310367268
RP11-407N17.4	SRR1782699	2.0484155580656553
RP11-407N17.4	SRR1782700	1.0075703770631752
RP11-407N17.4	SRR1782701	3.018701901590259
RP11-407N17.4	SRR1782702	1.0106664184752785
RP11-407N17.4	SRR1782703	2.007783307191192
RP11-407N17.4	SRR1782704	1.0158440725472526
RP11-407N17.4	SRR1782705	2.0484116535948544
RP11-407N17.4	SRR1782706	1.002553057138948
RP11-407N17.4	SRR1782707	3.0114500457966886
RP11-407N17.4	SRR1782708	2.1054671118699275
RP11-407N17.4	SRR1782709	3.1481668040808337
RP11-407N17.4	SRR1782710	2
RP11-407N17.4	SRR1782711	3.0336332071747125
RP11-407N17.4	SRR1782712	1.0118242846464562
RP11-407N17.4	SRR1782713	1.0217630104420437
RP11-407N17.4	SRR1782714	1.0870554088778994
RP11-407N17.4	SRR1782715	1.0024781854433447
RP11-407N17.4	SRR1782716	4.059685241212095
RP11-407N17.4	SRR1782717	1.000825380374255
RP11-407N17.4	SRR1782718	5.0716722485107475
RP11-407N17.4	SRR1782719	3.0218054333735638
RP11-407N17.4	SRR1782720	1.0173889776699079
RP11-407N17.4	SRR1782721	1.1215287864396823
RP11-407N17.4	SRR1782722	4.0035334365524236
RP11-407N17.4	SRR1782723	3.0065769412092394
RP11-407N17.4	SRR1782724	1.011129842073421
RP11-407N17.4	SRR1782725	1.0685748274292985
RP11-407N17.4	SRR1782726	2.0148716426668334
RP11-407N17.4	SRR1782727	2
RP11-407N17.4	SRR1782728	1.0303050804635
RP11-407N17.4	SRR1782729	0.9529845937579666
RP11-407N17.4	SRR1782730	1.0013658060526471
RP11-407N17.4	SRR1782731	1.032101634718041
RP11-407N17.4	SRR1782732	1.079233440701315
RP11-407N17.4	SRR1782733	2.0193151617363463
RP11-407N17.4	SRR1782734	1.0062386740697231
RP11-407N17.4	SRR1782735	1.004578209610595
RP11-407N17.4	SRR1782736	2.0365308195295873
RP11-407N17.4	SRR1782737	2.003241629722264
RP11-407N17.4	SRR1782738	2.099344687093662
RP11-407N17.4	SRR1782739	4.04181383072299
RP11-407N17.4	SRR1782740	1.0115791944902102
RP11-407N17.4	SRR1782741	1.0543086561909183
RP11-407N17.4	SRR1782742	3
RP11-407N17.4	SRR1782743	3.0060359721441507
RP11-407N17.4	SRR1782744	1.0050174895819426
RP11-407N17.4	SRR1782745	1.0120275763195707
RP11-407N17.4	SRR1782746	1.0198965760233896
RP11-407N17.4	SRR1782747	2.0145985552463817
RP11-407N17.4	SRR1782748	1.014641893603255
RP11-407N17.4	SRR1782749	2.0253611832743017
RP11-407N17.4	SRR1782750	2.0027316121052943
RP11-407N17.4	SRR1782751	3.046450332756186
RP11-407N17.4	SRR1782752	1.0066496832577085
RP11-407N17.4	SRR1782753	2.001916223443083
RP11-407N17.4	SRR1782754	2.0166205653704137
RP11-407N17.4	SRR1782755	3.0080580528419456
RP11-407N17.4	SRR1782756	1.045262315535892
RP11-407N17.4	SRR1782757	1.0014405946684066
RP11-407N17.4	SRR1782758	3.0051787558506367
RP11-407N17.4	SRR1782759	2.0088592570467187
RP11-407N17.4	SRR1782760	3.042618747506917
RP11-407N17.4	SRR1782761	1.123350924195671
RP11-407N17.4	SRR1782762	1.0642762539094746
RP11-407N17.4	SRR1782763	2.010934147282541
RP11-407N17.4	SRR1782764	1.0011509257737932
RP11-407N17.4	SRR1782765	3.009600023814196
RP11-407N17.4	SRR1782766	3.032030560027502
RP11-407N17.4	SRR1782767	3.028975178081554
RP11-407N17.4	SRR1782768	5.032287190572219
RP11-407N17.4	SRR1782769	1.0085350889190154
RP11-407N17.4	SRR1782770	4.018580850083385
RP11-407N17.4	SRR1782771	4.026533988374013
RP11-407N17.4	SRR1782772	2.010737190715282
RP11-407N17.4	SRR1782773	3.0130761685608163
RP11-407N17.4	SRR1782774	1.002553057138948
RP11-407N17.4	SRR1782775	2.0400612350369793
RP11-407N17.4	SRR1782776	4.058427141952197
RP11-407N17.4	SRR1782777	4.000719843767808
RP11-407N17.4	SRR1782778	2.003663400276565
RP11-407N17.4	SRR1782779	2.0564157065776665
RP11-407N17.4	SRR1782780	1.0128988705381583
RP11-407N17.4	SRR1782781	2.0689996968180693
RP11-407N17.4	SRR1782782	1.0205283876020228
RP11-407N17.4	SRR1782783	1.0063318507933232
RP11-407N17.4	SRR1782784	2.00669152540118
RP11-407N17.4	SRR1782785	4.004321006229605
RP11-407N17.4	SRR1782786	2.050172160469421
RP11-407N17.4	SRR1782787	5
RP11-407N17.4	SRR1782788	1.0037110248141228
RP11-407N17.4	SRR1782789	2.0340391114695406
RP11-407N17.4	SRR1782790	1.0055938748937177
RP11-407N17.4	SRR1782791	4.023700494019354
RP11-407N17.4	SRR1782792	2.013695420040955
RP11-407N17.4	SRR1782793	1.0369712333325636
RP11-407N17.4	SRR1782794	1.0068444629888977
RP11-407N17.4	SRR1782795	1.0212178151540763
RP11-407N17.4	SRR1782796	2.159205383226404
RP11-407N17.4	SRR1782797	1.0253628024973167
RP11-407N17.4	SRR1782798	1.0193000353281811
RP11-407N17.4	SRR1782799	2.003241629722264
RP11-407N17.4	SRR1782800	1.0017663401829568
RP11-407N17.4	SRR1782801	5.027817109026187
RP11-407N17.4	SRR1782802	1.007377758130775
RP11-407N17.4	SRR1782803	2.0073335108039236
RP11-407N17.4	SRR1782804	3.0081084519189347
RP11-407N17.4	SRR1782805	1.0018010674864533
RP11-407N17.4	SRR1782806	2.0053171847237667
RP11-407N17.4	SRR1782807	1.0351820922376846
RP11-407N17.4	SRR1782808	1.0262987270047477
RP11-407N17.4	SRR1782809	2.0268358827905035
RP11-407N17.4	SRR1782810	2.033289389841438
RP11-407N17.4	SRR1782811	2.0061888314564427
RP11-407N17.4	SRR1782812	1.0125567250497436
RP11-407N17.4	SRR1782813	3.0187700906805452
RP11-407N17.4	SRR1782814	2.025913348276551
RP11-407N17.4	SRR1782815	1.062121334894591
RP11-407N17.4	SRR1782816	1.0005399799895063
RP11-407N17.4	SRR1782817	3.010398354397943
RP11-407N17.4	SRR1782818	1.0133808698401505
RP11-407N17.4	SRR1782819	1.027675196028744
RP11-407N17.4	SRR1782820	2.0711755050356326
RP11-407N17.4	SRR1782821	1.0027028173063115
RP11-407N17.4	SRR1782822	3.0235783540361814
RP11-407N17.4	SRR1782823	2.007571977172635
RP11-407N17.4	SRR1782824	3.0170486409269306
RP11-407N17.4	SRR1782825	2.011619290041926
RP11-407N17.4	SRR1782826	1.0068169239958968
RP11-407N17.4	SRR1782827	1.0132807415847052
RP11-407N17.4	SRR1782828	2
RP11-407N17.4	SRR1782829	1
RP11-407N17.4	SRR1782830	1.0393262126274254
RP11-407N17.4	SRR1782831	1.0734003069580385
RP11-407N17.4	SRR1782832	1.0325772296717781
RP11-407N17.4	SRR1782833	2.046114292946954
RP11-407N17.4	SRR1782834	2.000359921883904
RP11-407N17.4	SRR1782835	1.1149797381951183
RP11-407N17.4	SRR1782836	3.8938934330792625
RP11-407N17.4	SRR1782837	2.0552406615442904
RP11-407N17.4	SRR1782838	1.0129819287449684
RP11-407N17.4	SRR1782839	1.013725326520963
RP11-407N17.4	SRR1782840	3.0249772469167406
RP11-407N17.4	SRR1782841	1.0148514356353688
RP11-407N17.4	SRR1782842	4
RP11-407N17.4	SRR1782843	1.0241487491844126
RP11-407N17.4	SRR1782844	5.000899804709761
RP11-407N17.4	SRR1782845	2.037592538037879
RP11-407N17.4	SRR1782846	2.0108430008044706
RP11-407N17.4	SRR1782847	1.2337368978097534
RP11-407N17.4	SRR1782848	1.2335837199439401
RP11-407N17.4	SRR1782849	1.2403822504664612
RP11-407N17.4	SRR1782850	1.2517458229536382
RP11-407N17.4	SRR1782851	1.2634697131512598
RP11-407N17.4	SRR1782852	1.2639231424855961
RP11-407N17.4	SRR1782853	1.2584335321033158
RP11-407N17.4	SRR1782854	2.0065498670882853
RP11-407N17.4	SRR1782855	2.0048066386784735
RP11-407N17.4	SRR1782856	1.0052935133947416
RP11-407N17.4	SRR1782857	1.0069866303229194
RP11-407N17.4	SRR1782858	2.0020109797048735
RP11-407N17.4	SRR1782859	4.006483259444528
RP11-407N17.4	SRR1782860	1.0022671640812284
RP11-407N17.4	SRR1782861	2.0037182055455687
RP11-407N17.4	SRR1782862	3.013817062107262
RP11-407N17.4	SRR1782863	3.007833407966259
RP11-407N17.4	SRR1782864	2.0258091846072817
RP11-407N17.4	SRR1782865	2.0084723660358006
RP11-407N17.4	SRR1782866	5.017568074872302
RP11-407N17.4	SRR1782867	1.0165396388547423
RP11-407N17.4	SRR1782868	2.0072721332806
RP11-407N17.4	SRR1782869	1.0034248015445335
RP11-407N17.4	SRR1782870	1.0024781854433447
RP11-407N17.4	SRR1782871	2.0104983483715184
RP11-407N17.4	SRR1782872	2.005405634612623
RP11-407N17.4	SRR1782873	1.004614493841249
RP11-407N17.4	SRR1782874	1.006441613669879
RP11-407N17.4	SRR1782875	4.020611424525843
RP11-407N17.4	SRR1782876	1.0039362270488077
RP11-407N17.4	SRR1782877	2.0067706488133377
RP11-407N17.4	SRR1782878	1.0078282441722788
RP11-407N17.4	SRR1782879	1.0143624914943958
RP11-407N17.4	SRR1782880	1.0042361830179003
RP11-407N17.4	SRR1782881	2.008322371249443
RP11-407N17.4	SRR1782882	3.010588226630658
RP11-407N17.4	SRR1782883	2.0036021349729065
RP11-407N17.4	SRR1782884	2.001440076213531
RP11-407N17.4	SRR1782885	3
RP11-407N17.4	SRR1782886	1.0055495224370705
RP11-407N17.4	SRR1782887	3.002700385882361
RP11-407N17.4	SRR1782888	2.0064885135261568
RP11-407N17.4	SRR1782889	1.0043144248742466
RP11-407N17.4	SRR1782890	3.0046380383590288
RP11-407N17.4	SRR1782891	2.001440076213531
RP11-407N17.4	SRR1782892	1.0018317001382826
RP11-407N17.4	SRR1782893	1.0038748339850176
RP11-407N17.4	SRR1782894	2.022383357650336
RP11-407N17.4	SRR1782895	2.0073335108039236
RP11-407N17.4	SRR1782896	2.0042897588650046
RP11-407N17.4	SRR1782897	1.0027530595094736
RP11-407N17.4	SRR1782898	3.006801492243685
RP11-407N17.4	SRR1782899	1.0037625733547102
RP11-407N17.4	SRR1782900	6.006032939114621
RP11-407N17.4	SRR1782901	1.0009828787718729
RP11-407N17.4	SRR1782902	3
RP11-407N17.4	SRR1782903	2.005106114277896
RP11-407N17.4	SRR1782904	3
RP11-407N17.4	SRR1782905	1.002086827591817
RP11-407N17.4	SRR1782906	1.0063487115704537
RP11-407N17.4	SRR1782907	2.0097684398874125
RP11-407N17.4	SRR1782908	1.0030501735120572
RP11-407N17.4	SRR1782909	3.0102744046336003
RP11-407N17.4	SRR1782910	2
RP11-407N17.4	SRR1782911	1.0069060376635988
RP11-407N17.4	SRR1782912	2.8614237685162482
RP11-407N17.4	SRR1782913	1
RP11-407N17.4	SRR1782914	1.0027028173063115
RP11-407N17.4	SRR1782915	5
RP11-407N17.4	SRR1782916	2.021140228062891
RP11-407N17.4	SRR1782917	3.0096920500983226
RP11-407N17.4	SRR1782918	2.0021605031148026
RP11-407N17.4	SRR1782919	3
RP11-407N17.4	SRR1782920	2.0020109797048735
RP11-407N17.4	SRR1782921	2.004173655183634
RP11-407N17.4	SRR1782922	1.1863691226303883
RP11-407N17.4	SRR1782923	1.0055761585433334
RP11-407N17.4	SRR1782924	2.010253051415671
RP11-407N17.4	SRR1782925	4.013931723581275
RP11-407N17.4	SRR1782926	5.0367048444601785
RP11-407N17.4	SRR1782927	4.011356126986485
RP11-407N17.4	SRR1782928	3.0214980014327644
RP11-407N17.4	SRR1782929	1.0086240591672244
RP11-407N17.4	SRR1782930	1.0028390317466211
RP11-407N17.4	SRR1782931	2.005338436406242
RP11-407N17.4	SRR1782932	1.003731881663257
RP11-407N17.4	SRR1782933	1.0649351792796355
RP11-407N17.4	SRR1782934	3.0175544338201084
RP11-407N17.4	SRR1782935	1.004495162244163
RP11-407N17.4	SRR1782936	2.0504658877940893
RP11-407N17.4	SRR1782937	2.015713669758831
RP11-407N17.4	SRR1782938	1.2574474178148516
RP11-407N17.4	SRR1782939	6.028446743309019
RP11-407N17.4	SRR1782940	3.0079757770856506
RP11-407N17.4	SRR1782941	3.0234371478397666
RP11-407N17.4	SRR1782942	3.011795485457619
RP11-407N17.4	SRR1782943	2.009228987682498
RP11-407N17.4	SRR1782944	2.002582046044357
RP11-407N17.4	SRR1782945	1.0052491741857592
RP11-407N17.4	SRR1782946	4.008347310367268
RP11-407N17.4	SRR1782947	2.004173655183634
RP11-407N17.4	SRR1782948	2
RP11-407N17.4	SRR1782949	3.007342599072492
RP11-407N17.4	SRR1782950	1
RP11-407N17.4	SRR1782951	3.009894821409948
RP11-407N17.4	SRR1782952	29.15344046908731
RP11-407N17.4	SRR1782953	1.0019065235500912
RP11-407N17.4	SRR1782954	1.126108257274077
RP11-407N17.4	SRR1782955	1.033842034247493
RP11-407N17.4	SRR1782956	1.0151667217080587
RP11-407N17.4	SRR1782957	1.019311965849562
RP11-407N17.4	SRR1782958	3.0164232808870515
RP11-407N17.4	SRR1782959	2.1158331356635864
RP11-407N17.4	SRR1782960	3
RP11-407N17.4	SRR1782961	5.0181803332015
RP11-407N17.4	SRR1782962	2.014590011306358
RP11-407N17.4	SRR1782963	1.0068921197371672
RP11-407N17.4	SRR1782964	3.0010798628095343
RP11-407N17.4	SRR1782965	1.0030596435909767
RP11-407N17.4	SRR1782966	1
RP11-407N17.4	SRR1782967	3.0120620603787196
RP11-407N17.4	SRR1782968	2.0020910984817903
RP11-407N17.4	SRR1782969	2.0239567936796914
RP11-407N17.4	SRR1782970	1.012507584036827
RP11-407N17.4	SRR1782971	1.0167967514698188
RP11-407N17.4	SRR1782972	1.0056022027105522
RP11-407N17.4	SRR1782973	1.0512612155664167
RP11-407N17.4	SRR1782974	1
RP11-407N17.4	SRR1782975	2.0789426948960594
RP11-407N17.4	SRR1782976	2.0195905123843594
RP11-407N17.4	SRR1782977	2.0007199085396894
RP11-407N17.4	SRR1782978	1.0167008005288674
RP11-407N17.4	SRR1782979	4.033531984686462
RP11-407N17.4	SRR1782980	2.0034525039004247
RP11-407N17.4	SRR1782981	1.012303856712658
RP11-407N17.4	SRR1782982	1.0058055966749162
RP11-407N17.4	SRR1782983	1.0009581117215416
RP11-407N17.4	SRR1782984	1.0003599542698447
RP11-407N17.4	SRR1782985	2.0136616817658464
RP11-407N17.4	SRR1782986	4.011955338530107
RP11-407N17.4	SRR1782987	5.006302034512206
RP11-407N17.4	SRR1782988	2
RP11-407N17.4	SRR1782989	1.0430979490658228
RP11-407N17.4	SRR1782990	1.0134118565743073
RP11-407N17.4	SRR1782991	2.0082674400482907
RP11-407N17.4	SRR1782992	5.01223766512082
RP11-407N17.4	SRR1782993	3.0623433303396475
RP11-407N17.4	SRR1782994	2
RP11-407N17.4	SRR1782995	3.024904443062891
RP11-407N17.4	SRR1782996	1
RP11-407N17.4	SRR1782997	3.0134854867324887
RP11-407N17.4	SRR1782998	4.0145442665612
RP11-407N17.4	SRR1782999	2.042624248220593
RP11-407N17.4	SRR1783000	2.0077993464096195
RP11-407N17.4	SRR1783001	2.0327075988848597
RP11-407N17.4	SRR1783002	1.056652332155794
RP11-407N17.4	SRR1783003	3
RP11-407N17.4	SRR1783004	2.009182118566338
RP11-407N17.4	SRR1783005	2.031765248653308
RP11-407N17.4	SRR1783006	1.0237799351824244
RP11-407N17.4	SRR1813867	2.0964997982901608
RP11-407N17.4	SRR1813868	3.0566002134005754
RP11-407N17.4	SRR1813869	4.040359486074271
RP11-407N17.4	SRR1813870	5.62674413791796
RP11-407N17.4	SRR1813871	10.681665485033385
RP11-407N17.4	SRR1813872	8.355787689137504
RP11-407N17.4	SRR1813873	3.9430691867591756
RP11-407N17.4	SRR1813874	5.050892013410684
RP11-407N17.4	SRR1813875	8
RP11-407N17.4	SRR1813876	1.0053337443862558
RP11-407N17.4	SRR1813877	4.070364498606259
RP11-407N17.4	SRR1813878	3.002160114320297
RP11-407N17.4	SRR1813879	7
RP11-407N17.4	SRR1813880	2
RP11-407N17.4	SRR1813881	1.0197571530664682
RP11-407N17.4	SRR1813882	1.9485082433743437
RP11-407N17.4	SRR1813883	14.011555325239572
RP11-407N17.4	SRR1813884	2.025536531320676
RP11-407N17.4	SRR1813885	6
RP11-407N17.4	SRR1813886	4.0050416276097645
RP11-407N17.4	SRR1813887	1.0105363153624978
RP11-407N17.4	SRR1928188	2.0163568006131327
RP11-407N17.4	SRR1928189	1.0073129060669679
RP11-407N17.4	SRR1928190	2.0175903535524773
RP11-407N17.4	SRR1928191	1.0113225234973442
RP11-407N17.4	SRR1928192	1.0128988705381583
RP11-407N17.4	SRR1928193	2.03072847282759
RP11-407N17.4	SRR2046996	5.0429411226244
RP11-407N17.4	SRR2046997	8.088923006192099
RP11-407N17.4	SRR2046998	3.060729567825641
RP11-407N17.4	SRR2046999	9.06910868124173
RP11-407N17.4	SRR2047000	3.0320948252645836
RP11-407N17.4	SRR2047001	9.08495973661344
RP11-407N17.4	SRR2047002	4.075371083994542
RP11-407N17.4	SRR2047003	5.118899675912122
RP11-407N17.4	SRR2047004	4.031797164696251
RP11-407N17.4	SRR2047005	5.040721611851848
RP11-407N17.4	SRR2047006	5.076069160827438
RP11-407N17.4	SRR2047007	5.131420235895754
RP11-407N17.4	SRR2047008	4.050069760164622
RP11-407N17.4	SRR2047009	5.0925517975190395
RP11-407N17.4	SRR2313973	2.0253684933613423
RP11-407N17.4	SRR2313974	1.0074072425695189
RP11-407N17.4	SRR2313975	1.0102481457588257
RP11-407N17.4	SRR2313976	2.0293311252435475
RP11-407N17.4	SRR2313977	2.017383906220303
RP11-407N17.4	SRR2313978	1.026320422451999
RP11-407N17.4	SRR2313979	1.0103515286766147
RP11-407N17.4	SRR2313980	4.02334540710222
RP11-407N17.4	SRR2313981	4.014337843925312
RP11-407N17.4	SRR2313982	2.0263011568867912
RP11-407N17.4	SRR2313983	1.0167862737972515
RP11-407N17.4	SRR2313984	1.0054595072071568
RP11-407N17.4	SRR2313985	3.056864246951686
RP11-407N17.4	SRR2313986	1.006188548591034
RP11-407N17.4	SRR2313987	2.0066661084258652
RP11-407N17.4	SRR2313988	1.0090381299656352
RP11-407N17.4	SRR2313989	5.0529477820241615
RP11-407N17.4	SRR2313990	2.0309231864580846
RP11-407N17.4	SRR2313991	3.0495302244029823
RP11-407N17.4	SRR2313992	2.029372385648372
RP11-407N17.4	SRR2313993	4.0414691537586505
RP11-407N17.4	SRR2313994	2.0425878978227736
RP11-407N17.4	SRR2313995	3.012401160072436
RP11-407N17.4	SRR2313996	2.009070722572686
RP11-407N17.4	SRR2313997	3.03657349891246
RP11-407N17.4	SRR2313998	2.0481879255190463
RP11-407N17.4	SRR2313999	1.009295092615731
RP11-407N17.4	SRR2314000	1.0085380459332074
RP11-407N17.4	SRR2314001	1.0137250295317557
RP11-407N17.4	SRR2314002	2.0215122190119335
RP11-407N17.4	SRR2314003	1.0216964429597561
RP11-407N17.4	SRR2314004	2.015870717654586
RP11-407N17.4	SRR2314005	1.0095034664456817
RP11-407N17.4	SRR2314006	2.037574204006823
RP11-407N17.4	SRR2314007	4.02407216909143
RP11-407N17.4	SRR2314008	3.0039552326033747
RP11-407N17.4	SRR2314009	3.024668606150752
RP11-407N17.4	SRR2314010	1.0065745056218443
RP11-407N17.4	SRR2314011	4.028238783156677
RP11-407N17.4	SRR2314012	1.0072545548549394
RP11-407N17.4	SRR2314013	6.069333969525556
RP11-407N17.4	SRR2314014	2.022883585767852
RP11-407N17.4	SRR2314015	1.0077674777082104
RP11-407N17.4	SRR2314016	3.0096920500983226
RP11-407N17.4	SRR2314017	3.0579419478694456
RP11-407N17.4	SRR2314018	2.07436769761475
RP11-407N17.4	SRR2314019	2.00676108951292
RP11-407N17.4	SRR2314020	3.049690891729143
RP11-407N17.4	SRR2314021	3.0151029850120796
RP11-407N17.4	SRR2314022	2.0244322942709814
RP11-407N17.4	SRR2314023	4.038879374566746
RP11-407N17.4	SRR2314024	4.051787255433492
RP11-407N17.4	SRR2314025	4.019426938267404
RP11-407N17.4	SRR2314026	2.0438661228831303
RP11-407N17.4	SRR2314027	1.007384020296009
RP11-407N17.4	SRR2314028	7.0200652335393565
RP11-407N17.4	SRR2314029	3.007026060049086
RP11-407N17.4	SRR2314030	3.014176872671841
RP11-407N17.4	SRR2314031	1.0172769075048627
RP11-407N17.4	SRR2314032	1.017287384279533
RP11-407N17.4	SRR2314033	3.0721978787095647
RP11-407N17.4	SRR2314034	4.117319145437405
RP11-407N17.4	SRR2314035	2.093712355970748
RP11-407N17.4	SRR2314036	1.017280352612803
RP11-407N17.4	SRR2314037	3.039960212969761
RP11-407N17.4	SRR2314038	2.0114609641526155
RP11-407N17.4	SRR2314039	1.0107759115674844
RP11-407N17.4	SRR2314040	3.1174831127255445
RP11-407N17.4	SRR2314041	5.037555316490151
RP11-407N17.4	SRR2314042	2.00814462976639
RP11-407N17.4	SRR2314043	1.0088969487682873
RP11-407N17.4	SRR2314044	2.0084788432757708
RP11-407N17.4	SRR2314045	1.007491229092778
RP11-407N17.4	SRR3493774	12
RP11-407N17.4	SRR3493775	9
RP11-407N17.4	SRR3493776	6.43333665107364
RP11-407N17.4	SRR3493777	4.002581213211651
RP11-407N17.4	SRR3493778	6
RP11-407N17.4	SRR3493779	8.026798917969275
RP11-407N17.4	SRR3493780	4.199256997483931
RP11-407N17.4	SRR3493781	2
RP11-407N17.4	SRR3493782	5.041329052096993
RP11-407N17.4	SRR3493783	3.0077511383544024
RP11-407N17.4	SRR3493784	5.103353374009869
RP11-407N17.4	SRR3493785	10.008253803742551
RP11-407N17.4	SRR3493786	6.24399180262457
RP11-407N17.4	SRR3493787	12
RP11-407N17.4	SRR3493788	5
RP11-407N17.4	SRR3493789	3.0546446220292163
RP11-407N17.4	SRR3493790	7
RP11-407N17.4	SRR3493791	3.00432178400522
RP11-407N17.4	SRR3493792	7.0050402667473595
RP11-407N17.4	SRR3493793	4.038251278402963
RP11-407N17.4	SRR3493794	7.021660910097549
RP11-407N17.4	SRR3493795	5.018026894084987
RP11-407N17.4	SRR3493796	4.0324669912955775
RP11-407N17.4	SRR3493797	5
RP11-407N17.4	SRR3493798	1.010988724395538
RP11-407N17.4	SRR3493799	9
RP11-407N17.4	SRR3493800	5.035674548311207
RP11-407N17.4	SRR3493801	6.053591539571821
RP11-407N17.4	SRR3493802	9
RP11-407N17.4	SRR3493803	1
RP11-407N17.4	SRR3493804	3.002160114320297
RP11-407N17.4	SRR3493805	3.007026060049086
RP11-407N17.4	SRR3493806	4
RP11-407N17.4	SRR3493807	6
RP11-407N17.4	SRR3493808	5.009685797132558
RP11-407N17.4	SRR3493809	3.0096920500983226
RP11-407N17.4	SRR3493810	5
RP11-407N17.4	SRR3493811	8
RP11-407N17.4	SRR3493812	3.002160114320297
RP11-407N17.4	SRR3493813	2.0036021349729065
RP11-407N17.4	SRR3493814	9
RP11-407N17.4	SRR3493815	6.660522658999863
RP11-407N17.4	SRR3493816	6
RP11-407N17.4	SRR3493817	3.0084251048819137
RP11-407N17.4	SRR3493818	3.010354144106528
RP11-407N17.4	SRR3493819	11
RP11-407N17.4	SRR3493820	1.1218742596374018
RP11-407N17.4	SRR3493821	7.080507950999232
RP11-407N17.4	SRR3493822	4
RP11-407N17.4	SRR3493823	6.294405733033243
RP11-407N17.4	SRR3493824	2.3347572810228985
RP11-407N17.4	SRR3493825	8.010328184177428
RP11-407N17.4	SRR3493826	7.0050402667473595
RP11-407N17.4	SRR3493827	7
RP11-407N17.4	SRR3493828	8
RP11-407N17.4	SRR3493829	1.002342020016362
RP11-407N17.4	SRR3493830	6.83121171157563
RP11-407N17.4	SRR3493831	3.0132507189220155
RP11-407N17.4	SRR3493832	7.0012597265936645
RP11-407N17.4	SRR3493833	5.7805787263940385
RP11-407N17.4	SRR3493834	8
RP11-407N17.4	SRR3493835	5.025255836874527
RP11-407N17.4	SRR3493836	8
RP11-407N17.4	SRR3493837	6.003871819817477
RP11-407N17.4	SRR3493838	5
RP11-407N17.4	SRR3493839	1.0081612135148976
RP11-407N17.4	SRR3493840	1.0191397315498472
RP11-407N17.4	SRR3493841	7.01513169040761
RP11-407N17.4	SRR3493846	2.045512751905835
RP11-407N17.4	SRR3493847	3.1098797133286884
RP11-407N17.4	SRR3493848	5.000899804709761
RP11-407N17.4	SRR3493849	6.811006156054404
RP11-407N17.4	SRR3493850	4
RP11-407N17.4	SRR3714631	10
RP11-407N17.4	SRR3714632	5.027663375249405
RP11-407N17.4	SRR3714633	6.068228985710328
RP11-407N17.4	SRR3714634	6.0375401813610905
RP11-407N17.4	SRR3714635	19
RP11-407N17.4	SRR3714636	4
RP11-407N17.4	SRR3714637	4
RP11-407N17.4	SRR3714638	8
RP11-407N17.4	SRR3714639	6.328659734189564
RP11-407N17.4	SRR3714640	12.598786264770219
RP11-407N17.4	SRR3714641	8.206659552874024
RP11-407N17.4	SRR3714642	10.537934827147806
RP11-407N17.4	SRR3714643	11.065705247174057
RP11-407N17.4	SRR3714644	7.409205532322277
RP11-407N17.4	SRR3714645	5.031336804331319
RP11-407N17.4	SRR3714646	7.0012597265936645
RP11-407N17.4	SRR3714648	6.128053732284176
RP11-407N17.4	SRR3714649	14.260561612237096
RP11-407N17.4	SRR3714650	14.093274072565597
RP11-407N17.4	SRR3714651	8.061310473440459
RP11-407N17.4	SRR3714652	8.80067857778748
RP11-407N17.4	SRR3714653	5
RP11-407N17.4	SRR3714654	7
RP11-407N17.4	SRR3714655	8.00431983991605
RP11-407N17.4	SRR3714656	14.031045133851764
RP11-407N17.4	SRR3714657	5.033483176982739
RP11-407N17.4	SRR3714658	3.8753277396346055
RP11-407N17.4	SRR3714659	5.734660683943001
RP11-407N17.4	SRR3714660	15
RP11-407N17.4	SRR3714661	5
RP11-407N17.4	SRR3714662	3.032359690344212
RP11-407N17.4	SRR3714663	7.003779859926543
RP11-407N17.4	SRR3714664	9.775085180244075
RP11-407N17.4	SRR3714665	6
RP11-407N17.4	SRR3714666	6
RP11-407N17.4	SRR3714667	11.120466522596407
RP11-407N17.4	SRR3714668	6
RP11-407N17.4	SRR3714669	6.25246693272319
RP11-407N17.4	SRR3714670	3.0395367438765124
RP11-407N17.4	SRR3714671	7.007038428967057
RP11-407N17.4	SRR3714672	8.020070710398418
RP11-407N17.4	SRR3714673	2.4544393705235947
RP11-407N17.4	SRR3714674	5.369956747458135
RP11-407N17.4	SRR3714675	4.462071136989524
RP11-407N17.4	SRR3714676	9
RP11-407N17.4	SRR3714677	10.021923137364132
RP11-407N17.4	SRR3714678	6.730744430523251
RP11-407N17.4	SRR3714679	3.0040974181579414
RP11-407N17.4	SRR3714680	3.0042714483716106
RP11-407N17.4	SRR3714681	2.0065162485326877
RP11-407N17.4	SRR3714682	2.7755685613948917
RP11-407N17.4	SRR3714683	1.0019118866481316
RP11-407N17.4	SRR3714684	4.669910651609066
RP11-407N17.4	SRR3714685	8.012688750448556
RP11-407N17.4	SRR3714686	4.777818172305201
RP11-407N17.4	SRR3714688	4.028860747636073
RP11-407N17.4	SRR3714689	2.295422899273689
RP11-407N17.4	SRR3714690	14.14735572120552
RP11-407N17.4	SRR3714691	6
RP11-407N17.4	SRR3714692	9.458669127124281
RP11-407N17.4	SRR3714693	3.3635419028801334
RP11-407N17.4	SRR3714694	10.800750508542107
RP11-407N17.4	SRR3714695	3.641660327112475
RP11-407N17.4	SRR3714696	4
RP11-407N17.4	SRR3714697	1.008941448872144
RP11-407N17.4	SRR3714698	2.025819803305523
RP11-407N17.4	SRR3714699	18.8809372472842
RP11-407N17.4	SRR3714700	10.488241365954094
RP11-407N17.4	SRR3714701	5.949017403949712
RP11-407N17.4	SRR3714702	2.887859053680048
RP11-407N17.4	SRR3714703	6.005400771764722
RP11-407N17.4	SRR3714704	4.335121125935749
RP11-407N17.4	SRR3714705	11.636170901042172
RP11-407N17.4	SRR3714706	1.0348625162168688
RP11-407N17.4	SRR3714707	6.002791551795474
RP11-407N17.4	SRR3714708	3.0689585560499335
RP11-407N17.4	SRR3714709	4.432957894513441
RP11-407N17.4	SRR3714710	5.275638785029316
RP11-407N17.4	SRR3714711	3.3522144070026347
RP11-407N17.4	SRR3714712	5
RP11-407N17.4	SRR3714713	5
RP11-407N17.4	SRR3714714	9
RP11-407N17.4	SRR3714715	4.018390648479641
RP11-407N17.4	SRR3714716	1
RP11-407N17.4	SRR3714717	8
RP11-407N17.4	SRR3714718	19
RP11-407N17.4	SRR3714719	11.1167554065807
RP11-407N17.4	SRR3714720	8.912101190973097
RP11-407N17.4	SRR3714721	7.097926712182623
RP11-407N17.4	SRR3714723	4.8641708039329385
RP11-407N17.4	SRR3714724	6.016641636435142
RP11-407N17.4	SRR3714725	11.135177265007194
RP11-407N17.4	SRR3714726	7.870896325922283
RP11-407N17.4	SRR3714727	8.441339834510938
RP11-407N17.4	SRR3714728	8.064578272752668
RP11-407N17.4	SRR3714729	1.0258093057558688
RP11-407N17.4	SRR3714730	7.223727569660831
RP11-407N17.4	SRR3714731	5.000899804709761
RP11-407N17.4	SRR3714732	15.751830731417437
RP11-407N17.4	SRR3714734	2.677891133663074
RP11-407N17.4	SRR3714735	12.189196279512196
RP11-407N17.4	SRR3714736	9.188765326313339
RP11-407N17.4	SRR3714737	4
RP11-407N17.4	SRR3714738	6.315897680017944
RP11-407N17.4	SRR3714739	7.440116773866518
RP11-407N17.4	SRR3714740	6.180471486356273
RP11-407N17.4	SRR3714741	5.004790558607708
RP11-407N17.4	SRR3714744	2.82296863522108
RP11-407N17.4	SRR3714745	1.0402451473540792
RP11-407N17.4	SRR3714746	3.0250671315392013
RP11-407N17.4	SRR3714747	10.493635537486366
RP11-407N17.4	SRR3714748	10.141723585185812
RP11-407N17.4	SRR3714749	2.0411551381882846
RP11-407N17.4	SRR3714750	3.465557684228858
RP11-407N17.4	SRR3714751	8.00660304299404
RP11-407N17.4	SRR3714752	6
RP11-407N17.4	SRR3714753	4.030261240292835
RP11-407N17.4	SRR3714754	9
RP11-407N17.4	SRR3714755	4.135062077374068
RP11-407N17.4	SRR3714756	3.0642592369781836
RP11-407N17.4	SRR3714757	5.805572011177597
RP11-407N17.4	SRR3714758	7.529083533095352
RP11-407N17.4	SRR3714759	5.760682154787899
RP11-407N17.4	SRR3714760	9.005807729726216
RP11-407N17.4	SRR3714761	4.00049885058374
RP11-407N17.4	SRR3714762	4.648101868762148
RP11-407N17.4	SRR3714764	2
RP11-407N17.4	SRR3714765	14.500859601818393
RP11-407N17.4	SRR3714766	8
RP11-407N17.4	SRR3714767	6.790010487369123
RP11-407N17.4	SRR3714768	6
RP11-407N17.4	SRR5176628	3.020426074717446
RP11-407N17.4	SRR5176629	3.0170486409269306
RP11-407N17.4	SRR5176630	1.00221972623461
RP11-407N17.4	SRR5176631	1.0095554363800798
RP11-407N17.4	SRR5176632	3.0084251048819137
RP11-407N17.4	SRR5176633	4.025573576474657
RP11-407N17.4	SRR5176634	1.0395854398178583
RP11-407N17.4	SRR5176635	1.006092499057644
RP11-407N17.4	SRR5176636	2.0518908537689233
RP11-407N17.4	SRR5176637	2.0590699833559802
RP11-407N17.4	SRR5176638	1.122472464979261
RP11-407N17.4	SRR5176639	3
RP11-407N17.4	SRR5176640	1.0439825147124846
RP11-407N17.4	SRR5176641	1.0145674663519957
RP11-407N17.4	SRR5176642	1.0019065235500912
RP11-407N17.4	SRR5176643	2.0034525039004247
RP11-407N17.4	SRR5176644	4.000719843767808
RP11-407N17.4	SRR5176645	2.076265810100314
RP11-407N17.4	SRR5176646	1.018354954225084
RP11-407N17.4	SRR5176647	4.023154979989417
RP11-407N17.4	SRR5176648	1.0028083682939712
RP11-407N17.4	SRR5176649	1.0066452728062618
RP11-407N17.4	SRR5176650	1.0238007506984588
RP11-407N17.4	SRR5176651	1.0158653061982168
RP11-407N17.4	SRR5176652	1.0055051719366213
RP11-407N17.4	SRR5176653	1.002669218203121
RP11-407N17.4	SRR5176654	1.0080755949097406
RP11-407N17.4	SRR5176655	2.00237126348658
RP11-407N17.4	SRR5176656	1.069687850829972
RP11-407N17.4	SRR5176657	1.0798186787512312
RP11-407N17.4	SRR5176658	4.006483259444528
RP11-407N17.4	SRR5176659	2.0042897588650046
RP11-407N17.4	SRR5176660	4.004499656007416
RP11-407N17.4	SRR5176661	1.005368595357641
RP11-407N17.4	SRR5176662	0.9673827506103251
RP11-407N17.4	SRR5176663	1.0062735564114655
RP11-407N17.4	SRR5176664	2
RP11-407N17.4	SRR5176665	3.0261176877451983
RP11-407N17.4	SRR5176666	3.011382022054272
RP11-407N17.4	SRR5176667	1.0784326276989211
RP11-407N17.4	SRR5176668	1.004323906889319
RP11-407N17.4	SRR5176669	1.0094259876059126
RP11-407N17.4	SRR5176670	2.0127867882373285
RP11-407N17.4	SRR5176671	2.0035685658048163
RP11-407N17.4	SRR5176672	1.0054744269623506
RP11-407N17.4	SRR5176673	3.0142529039327908
RP11-407N17.4	SRR5176674	4.009191243940653
RP11-407N17.4	SRR5176675	2.008356020066065
RP11-407N17.4	SRR5176676	1.0182154548374127
RP11-407N17.4	SRR5176677	1.0014405946684066
RP11-407N17.4	SRR5176678	1.0221313973041704
RP11-407N17.4	SRR5176679	1.008843607004959
RP11-407N17.4	SRR5176680	1.0028083682939712
RP11-407N17.4	SRR5176681	1.0010802515574013
RP11-407N17.4	SRR5176682	2.0194280637777706
RP11-407N17.4	SRR5176683	1.004495162244163
RP11-407N17.4	SRR5176684	3.0078838032793933
RP11-407N17.4	SRR5176685	3.008824087886554
RP11-407N17.4	SRR5176686	1.0042610311786755
RP11-407N17.4	SRR5176687	2.0088402910202974
RP11-407N17.4	SRR5176688	1.0130567972055589
RP11-407N17.4	SRR5176689	1.0073300783969779
RP11-407N17.4	SRR5176690	1.0250785821196775
RP11-407N17.4	SRR5176691	4.003600514509815
RP11-407N17.4	SRR5176692	4.038671700651309
RP11-407N17.4	SRR5176693	1.0072548499485035
RP11-407N17.4	SRR5176694	2
RP11-407N17.4	SRR5176695	1.0138275958896568
RP11-407N17.4	SRR5176696	1.1276067886443841
RP11-407N17.4	SRR5176697	2.054218604019587
RP11-407N17.4	SRR5176698	1.164477770967963
RP11-407N17.4	SRR5176699	1.0242455710874605
RP11-407N17.4	SRR5176700	1.0887470529698755
RP11-407N17.4	SRR5176701	1.0339279043721292
RP11-407N17.4	SRR5176702	3
RP11-407N17.4	SRR5176703	2.044477387972909
RP11-407N17.4	SRR5176704	4.017434891414422
RP11-407N17.4	SRR5176705	3.0061181948418674
RP11-407N17.4	SRR5176706	2.0537462463078593
RP11-407N17.4	SRR5176707	2.0386595438967494
RP11-407N17.4	SRR5176708	1.0095002108494255
RP11-407N17.4	SRR5176709	3.0142529039327908
RP11-407N17.4	SRR5176710	5
RP11-407N17.4	SRR5176711	2.003804854810812
RP11-407N17.4	SRR5176712	2.024897863819215
RP11-407N17.4	SRR5176713	3.0259744599593694
RP11-407N17.4	SRR5176714	2.1195475060961355
RP11-407N17.4	SRR5176715	3.0037812207073236
RP11-407N17.4	SRR5176716	4.007858259782368
RP11-407N17.4	SRR5176717	1.006427797534363
RP11-407N17.4	SRR5176718	1.0085688845855312
RP11-407N17.4	SRR5176719	3.0069853764786196
RP11-407N17.4	SRR5176720	2
RP11-407N17.4	SRR5176721	2
RP11-407N17.4	SRR5176722	1.01939507511747
RP11-407N17.4	SRR5176723	3.0279975731843343
RP11-407N17.4	SRR5176724	2.0106338012285994
RP11-407N17.4	SRR5176725	1.0121298614748808
RP11-407N17.4	SRR5176726	2
RP11-407N17.4	SRR5176727	3.0017117222409966
RP11-407N17.4	SRR5176728	2.0487498666922614
RP11-407N17.4	SRR5176729	2.0037435851819483
RP11-407N17.4	SRR5176730	2.0127589665564636
RP11-407N17.4	SRR5176731	3.0136184045862837
RP11-407N17.4	SRR5176732	3
RP11-407N17.4	SRR5176733	1.00221972623461
RP11-407N17.4	SRR5176734	1.0806477792257758
RP11-407N17.4	SRR5176735	1.0023284588262065
RP11-407N17.4	SRR5176736	2.0038743188530233
RP11-407N17.4	SRR5176737	2.005794254326413
RP11-407N17.4	SRR5176738	1.0106397277698875
RP11-407N17.4	SRR5176739	2.0156182649413137
RP11-407N17.4	SRR5176740	3.012216944649585
RP11-407N17.4	SRR5176741	1.0408847329279391
RP11-407N17.4	SRR5176742	1.010291833169212
RP11-407N17.4	SRR5176743	2.022925748981882
RP11-407N17.4	SRR5176744	3.0394911243214184
RP11-407N17.4	SRR5176745	2.0177049012542807
RP11-407N17.4	SRR5176746	2.00443945246922
RP11-407N17.4	SRR5176747	1
RP11-407N17.4	SRR5176748	1.0012604069024411
RP11-407N17.4	SRR5176749	4.064671795885281
RP11-407N17.4	SRR5176750	5.079544694446987
RP11-407N17.4	SRR5176751	2.0071222281288614
RP11-407N17.4	SRR5176752	2.008944944675189
RP11-407N17.4	SRR5176753	1.002611135988753
RP11-407N17.4	SRR5176754	2.0104368740780814
RP11-407N17.4	SRR5176755	1.000465258632579
RP11-407N17.4	SRR5176756	2.056762932991613
RP11-407N17.4	SRR5176757	1.0554499963578214
RP11-407N17.4	SRR5176758	3.0328215527546285
RP11-407N17.4	SRR5176759	1.026903890048256
RP11-407N17.4	SRR5176760	1.0056861235945007
RP11-407N17.4	SRR5176761	1.0058055966749162
RP11-407N17.4	SRR5176762	1.0740318196782621
RP11-407N17.4	SRR5176763	3.022295107749078
RP11-407N17.4	SRR5176764	5.003600190533828
RP11-407N17.4	SRR5176765	2.003302884002545
RP11-407N17.4	SRR5176766	3.0084251048819137
RP11-407N17.4	SRR5176767	1.0010054898524368
RP11-407N17.4	SRR5176768	2.0297328991507557
RP11-407N17.4	SRR5176769	1.002883264649812
RP11-407N17.4	SRR5176770	1.0022978109851632
RP11-407N17.4	SRR5176771	2.004825566622048
RP11-407N17.4	SRR5176772	3.0185952205954254
RP11-407N17.4	SRR5176773	1.0074020636341914
RP11-407N17.4	SRR5176774	3.0182993795341613
RP11-407N17.4	SRR5176775	2.0185019253173775
RP11-407N17.4	SRR5176776	2.0162334956477888
RP11-407N17.4	SRR5176777	1.0097815941634372
RP11-407N17.4	SRR5176778	4.022291662449764
RP11-407N17.4	SRR5176779	1.0050375695313305
RP11-407N17.4	SRR5176780	2.0059776692650537
RP11-407N17.4	SRR5176781	2.012369586999972
RP11-407N17.4	SRR5176782	1.0080091098205926
RP11-407N17.4	SRR5176783	3.0271971891427367
RP11-407N17.4	SRR5176784	1.0040386698901456
RP11-407N17.4	SRR5176785	1.0017262519502124
RP11-407N17.4	SRR5176786	1
RP11-407N17.4	SRR5176787	1.007497432173284
RP11-407N17.4	SRR5176788	1.0264449971198473
RP11-407N17.4	SRR5176789	1.013949547608129
RP11-407N17.4	SRR5176790	3.0279680981787616
RP11-407N17.4	SRR5176791	2.0173483643568986
RP11-407N17.4	SRR5176792	3
RP11-407N17.4	SRR5176793	2.017768339937395
RP11-407N17.4	SRR5176794	1.0044644481525995
RP11-407N17.4	SRR5176795	4.016534880096581
RP11-407N17.4	SRR5176796	1.0222382848481906
RP11-407N17.4	SRR5176797	1.0069060376635988
RP11-407N17.4	SRR5176798	2.0104221711801755
RP11-407N17.4	SRR5176799	4
RP11-407N17.4	SRR5176800	1.0077542977076395
RP11-407N17.4	SRR5176801	1.0168619162072303
RP11-407N17.4	SRR5176802	1.0138345149480519
RP11-407N17.4	SRR5176803	2.00805605907214
RP11-407N17.4	SRR5176804	2.04225288153522
RP11-407N17.4	SRR5176805	1.0038166819322296
RP11-407N17.4	SRR5176806	2.0586632064565697
RP11-407N17.4	SRR5176807	1.0006453033029128
RP11-407N17.4	SRR5176808	2.0007199085396894
RP11-407N17.4	SRR5176809	2.0028811893368133
RP11-407N17.4	SRR5176810	1
RP11-407N17.4	SRR5176811	5
RP11-407N17.4	SRR5176812	2.0021605031148026
RP11-407N17.4	SRR5176813	6.006481509344408
RP11-407N17.4	SRR5176814	3
RP11-407N17.4	SRR5176815	2.027534134478128
RP11-407N17.4	SRR5176816	1.014024061573879
RP11-407N17.4	SRR5176817	1.0051501237216312
RP11-407N17.4	SRR5176818	4.009790132096656
RP11-407N17.4	SRR5176819	1.052525107799273
RP11-407N17.4	SRR5176820	1.0220622993353137
RP11-407N17.4	SRR5176821	2.017924956728356
RP11-407N17.4	SRR5176822	1.0288326159382661
RP11-407N17.4	SRR5176823	5.018651358004857
RP11-407N17.4	SRR5176824	1.0055802697075793
RP11-407N17.4	SRR5176825	2.0021605031148026
RP11-407N17.4	SRR5176826	1.0080601963585891
RP11-407N17.4	SRR5176827	3.0112251476034726
RP11-407N17.4	SRR5176828	3.0118086811464235
RP11-407N17.4	SRR5176829	3.0079757770856506
RP11-407N17.4	SRR5176830	2.0007199085396894
RP11-407N17.4	SRR5176831	6.030491396441536
RP11-407N17.4	SRR5176832	2.0196440095282537
RP11-407N17.4	SRR5176833	2.0113598633321512
RP11-407N17.4	SRR5176834	3.01140536032657
RP11-407N17.4	SRR5176835	3.0104585012582916
RP11-407N17.4	SRR5176836	3.0024761411227656
RP11-407N17.4	SRR5176837	1.0508653132871792
RP11-407N17.4	SRR5176838	3.073975958902679
RP11-407N17.4	SRR5176839	2.080501556171914
RP11-407N17.4	SRR5176840	6.002791551795474
RP11-407N17.4	SRR5176841	2.0269964506507434
RP11-407N17.4	SRR5176842	2.0122737509274606
RP11-407N17.4	SRR5176843	5.038080483121896
RP11-407N17.4	SRR5176844	1.002883264649812
RP11-407N17.4	SRR5176845	2.0288158351505974
RP11-407N17.4	SRR5176846	2.0088674700003395
RP11-407N17.4	SRR5176847	2.039624375839611
RP11-407N17.4	SRR5176848	3.0252547448489504
RP11-407N17.4	SRR5176849	1.0192261891808638
RP11-407N17.4	SRR5176850	1.0134815678813656
RP11-407N17.4	SRR5176851	4.004182196963581
RP11-407N17.4	SRR5176852	1.0219393534398167
RP11-407N17.4	SRR5176853	3.007342599072492
RP11-407N17.4	SRR5176854	2.092812664640777
RP11-407N17.4	SRR5176855	2.004534328162457
RP11-407N17.4	SRR5176856	1.015767846289757
RP11-407N17.4	SRR5176857	1.0034661181326476
RP11-407N17.4	SRR5176858	1.0068447579623179
RP11-407N17.4	SRR5176859	5.008784411571818
RP11-407N17.4	SRR5176860	4
RP11-407N17.4	SRR5176861	3.0057195706502737
RP11-407N17.4	SRR5176862	1.005770730554937
RP11-407N17.4	SRR5176863	2.004895066048328
RP11-407N17.4	SRR5176864	2.009606624079505
RP11-407N17.4	SRR5176865	1.0019065235500912
RP11-407N17.4	SRR5176866	1
RP11-407N17.4	SRR5176867	1.0042054768450526
RP11-407N17.4	SRR5176868	1.0345942081893522
RP11-407N17.4	SRR5176869	2.004895066048328
RP11-407N17.4	SRR5176870	2.008990324488326
RP11-407N17.4	SRR5176871	2.0067771205653404
RP11-407N17.4	SRR5176872	2.038009299429253
RP11-407N17.4	SRR5861974	1.0130433677592323
RP11-407N17.4	SRR5861975	3.02706947199106
RP11-407N17.4	SRR5861976	1.0399586289520686
RP11-407N17.4	SRR5861977	4
RP11-407N17.4	SRR5861978	1.0048260094196193
RP11-407N17.4	SRR5861979	2.018624006082113
RP11-407N17.4	SRR5861980	4
RP11-407N17.4	SRR5861981	2.039563184278383
RP11-407N17.4	SRR5861982	1.2333293129099616
RP11-407N17.4	SRR5861983	2.003241629722264
RP11-407N17.4	SRR5861984	1.0080145694811098
RP11-407N17.4	SRR5861985	2.033740955839696
RP11-407N17.4	SRR5861986	2.0039627051004136
RP11-407N17.4	SRR5861987	1.0125418094627725
RP11-407N17.4	SRR5861988	2.034128828215953
RP11-407N17.4	SRR5861989	2.024649655071217
RP11-407N17.4	SRR5861990	3.0089542021889244
RP11-407N17.4	SRR5861991	1
RP11-407N17.4	SRR5861992	2
RP11-407N17.4	SRR5861993	4.014776832919492
RP11-407N17.4	SRR5861994	5
RP11-407N17.4	SRR5861995	1.0086700213995727
RP11-407N17.4	SRR5861996	2.0082609634900845
RP11-407N17.4	SRR5861997	1.025339219737338
RP11-407N17.4	SRR5861998	3.017099190638427
RP11-407N17.4	SRR5861999	3.0802279339181937
RP11-407N17.4	SRR5862000	5.001799771349224
RP11-407N17.4	SRR5862001	3
RP11-407N17.4	SRR5862002	1.0010802515574013
RP11-407N17.4	SRR5862003	3.007238349933072
RP11-407N17.4	SRR5862004	2.011019923415182
RP11-407N17.4	SRR5862005	1.0052491741857592
RP11-407N17.4	SRR5862006	3.0112251476034726
RP11-407N17.4	SRR5862007	3.0251596307700446
RP11-407N17.4	SRR5862008	1.0039837461421828
RP11-407N17.4	SRR5862009	1.0035304285329265
RP11-407N17.4	SRR5862010	1.0512612155664167
RP11-407N17.4	SRR5862011	2.0710247930159857
RP11-407N17.4	SRR5862012	1.006981535073958
RP11-407N17.4	SRR5862013	2.041301406146421
RP11-407N17.4	SRR5862014	1.0048549166779728
RP11-407N17.4	SRR5862015	5
RP11-407N17.4	SRR5862016	1.0041644240028431
RP11-407N17.4	SRR5862017	2.0163840812891958
RP11-407N17.4	SRR5862018	1.003980508346738
RP11-407N17.4	SRR5862019	2.0157753054039076
RP11-407N17.4	SRR5862020	3.010091201127624
RP11-407N17.4	SRR5862021	4.0238010744385555
RP11-407N17.4	SRR5862022	2.009618348308924
RP11-407N17.4	SRR5862023	2.014966412666265
RP11-407N17.4	SRR5862024	1.0026860176139818
RP11-407N17.4	SRR5862025	1
RP11-407N17.4	SRR5862026	3.023014118754976
RP11-407N17.4	SRR5862027	3.0016199399685184
RP11-407N17.4	SRR5862028	1.1262536898298274
RP11-407N17.4	SRR5862029	1.02024518939608
RP11-407N17.4	SRR5862030	2.0054669550629356
RP11-407N17.4	SRR5862031	1.0069060376635988
RP11-407N17.4	SRR5862032	1.0733161679094974
RP11-407N17.4	SRR5862033	1.0014986090722051
RP11-407N17.4	SRR5862034	1.2455161624992859
RP11-407N17.4	SRR5862035	1.0065785570627332
RP11-407N17.4	SRR5862036	1.0173435392265755
RP11-407N17.4	SRR5862037	1.0542964573472537
RP11-407N17.4	SRR5862038	1.0790945062876685
RP11-407N17.4	SRR5862039	4.0069050078008495
RP11-407N17.4	SRR5862040	2.012841843054101
RP11-407N17.4	SRR5862041	2.0106757091188476
RP11-407N17.4	SRR5862042	3.0264362364768895
RP11-407N17.4	SRR5862043	2
RP11-407N17.4	SRR5862044	2.0027316121052943
RP11-407N17.4	SRR5862045	2.008322371249443
RP11-407N17.4	SRR5862046	2.0155696342918508
RP11-407N17.4	SRR5862047	2.0174091509640406
RP11-407N17.4	SRR5862048	1.2470733792685733
RP11-407N17.4	SRR5862049	4.061727680406254
RP11-407N17.4	SRR5862050	1.0032749335441427
RP11-407N17.4	SRR5862051	1.004672692112038
RP11-407N17.4	SRR5862052	2.0069109676924404
RP11-407N17.4	SRR5862053	3.0078838032793933
RP11-407N17.4	SRR5862054	1.0260159995067561
RP11-407N17.4	SRR5862055	1.022637922005436
RP11-407N17.4	SRR5862056	1.0326488670033724
RP11-407N17.4	SRR5862057	1.0076559805417438
RP11-407N17.4	SRR5862058	1.0022671640812284
RP11-407N17.4	SRR5862059	2.0552406615442904
RP11-407N17.4	SRR5862060	1.0090831474448634
RP11-407N17.4	SRR5862061	5.017805570322154
RP11-407N17.4	SRR5862062	1.0005399799895063
RP11-407N17.4	SRR5862063	1.0119474539360775
RP11-407N17.4	SRR5862064	2.0038743188530233
RP11-407N17.4	SRR5862065	1.0025183037678282
RP11-407N17.4	SRR5862066	4.036096730273705
RP11-407N17.4	SRR5862067	1.2340297724805442
RP11-407N17.4	SRR5862068	2.0094404921287046
RP11-407N17.4	SRR5862069	3.0063807907634774
RP11-407N17.4	SRR5862070	2.0265507555274365
RP11-407N17.4	SRR5862071	1.2517458229536382
RP11-407N17.4	SRR5862072	1.2634612941586179
RP11-407N17.4	SRR5862073	2.0037182055455687
RP11-407N17.4	SRR5862074	1.0050281404219858
RP11-407N17.4	SRR5862075	1.0067831870350152
RP11-407N17.4	SRR5862076	1.240670619317905
RP11-407N17.4	SRR5862077	1.003924078944055
RP11-407N17.4	SRR5862078	1.0774391300279966
RP11-407N17.4	SRR5862079	2.0202053311797985
RP11-407N17.4	SRR5862080	1.0183262211710338
RP11-407N17.4	SRR5862081	5.008631259751061
RP11-407N17.4	SRR5862082	3.0112570595629298
RP11-407N17.4	SRR5862083	5
RP11-407N17.4	SRR5862084	1.0068169239958968
RP11-407N17.4	SRR5862085	3
RP11-407N17.4	SRR5862086	2.049470564945271
RP11-407N17.4	SRR5862087	3.0352608763060713
RP11-407N17.4	SRR5862088	1.121721315480128
RP11-407N17.4	SRR5862089	1.0122530679623452
RP11-407N17.4	SRR5862090	2.003418937239314
RP11-407N17.4	SRR5862091	1.013801038227387
RP11-407N17.4	SRR5862092	1.0205242153246368
RP11-407N17.4	SRR5862093	2.000359921883904
RP11-407N17.4	SRR5862094	2.009891349475198
RP11-407N17.4	SRR5862095	1.0873315399586785
RP11-407N17.4	SRR5862096	1.00216167005823
RP11-407N17.4	SRR5862097	1.0052491741857592
RP11-407N17.4	SRR5862098	2.8614237685162482
RP11-407N17.4	SRR5862099	1.0223775623222773
RP11-407N17.4	SRR5862100	1.0026279344264644
RP11-407N17.4	SRR5862101	2.116298018770499
RP11-407N17.4	SRR5862102	3.017346402996241
RP11-407N17.4	SRR5862103	2.046607125572933
RP11-407N17.4	SRR5862104	1.0041337200241454
RP11-407N17.4	SRR5862105	2.0220129522135095
RP11-407N17.4	SRR5862106	2.0085060173655385
RP11-407N17.4	SRR5862107	1
RP11-407N17.4	SRR5862108	1.0068477100204776
RP11-407N17.4	SRR5862109	1.0018010674864533
RP11-407N17.4	SRR5862110	3.02372890809578
RP11-407N17.4	SRR5862111	1.0145480117591426
RP11-407N17.4	SRR5862112	2.0074220496282456
RP11-407N17.4	SRR5862113	2.0173483643568986
RP11-407N17.4	SRR5862114	1.0046422669203672
RP11-407N17.4	SRR5862115	3.019814967991788
RP11-407N17.4	SRR5862116	2.0509714076948806
RP11-407N17.4	SRR5862117	2.0065162485326877
RP11-407N17.4	SRR5862118	3.0247931486045463
RP11-407N17.4	SRR5862119	3.012216944649585
RP11-407N17.4	SRR5862120	1.0009001286274537
RP11-407N17.4	SRR5862121	4.0057623786736265
RP11-407N17.4	SRR5862122	2.0040787965612448
RP11-407N17.4	SRR5862123	2.004534328162457
RP11-407N17.4	SRR5862124	1.0031693334479748
RP11-407N17.4	SRR5862125	2
RP11-407N17.4	SRR5862126	2.0018002572549074
RP11-407N17.4	SRR5862127	1.0037110248141228
RP11-407N17.4	SRR5862128	2.007388416459746
RP11-407N17.4	SRR5862129	1.0783123695394767
RP11-407N17.4	SRR5862130	2.0123352813881454
RP11-407N17.4	SRR5862131	2.004534328162457
RP11-407N17.4	SRR5862132	6.005400771764722
RP11-407N17.4	SRR5862133	2.0018002572549074
RP11-407N17.4	SRR5862134	2.000359921883904
RP11-407N17.4	SRR5862135	1.0124958537165647
RP11-407N17.4	SRR5862136	6.002159725619069
RP11-407N17.4	SRR5862137	2.00432334011646
RP11-407N17.4	SRR5862138	1.0017663401829568
RP11-407N17.4	SRR5862139	2.0026432801561653
RP11-407N17.4	SRR5862140	2.0064885135261568
RP11-407N17.4	SRR5862141	3.0128511489270764
RP11-407N17.4	SRR5862142	3.0080580528419456
RP11-407N17.4	SRR5862143	1.0003599542698447
RP11-407N17.4	SRR5862144	2.0111605394151586
RP11-407N17.4	SRR5862145	2.0065498670882853
RP11-407N17.4	SRR5862146	1.0133733985581923
RP11-407N17.4	SRR5862147	1.0071624573529558
RP11-407N17.4	SRR5862148	2
RP11-407N17.4	SRR5862149	1.0056861235945007
RP11-407N17.4	SRR5862150	2.0048066386784735
RP11-407N17.4	SRR5862151	1.012046576634804
RP11-407N17.4	SRR5862152	2.0477693964232864
RP11-407N17.4	SRR5862153	1.0203447653969262
RP11-407N17.4	SRR5862154	3
RP11-407N17.4	SRR5862155	3.0186369456078506
RP11-407N17.4	SRR5862156	2.050544530591609
RP11-407N17.4	SRR5862157	1.025782636703574
RP11-407N17.4	SRR5862158	3.0016199399685184
RP11-407N17.4	SRR5862159	1.005836351775555
RP11-407N17.4	SRR5862160	1.0378044312625647
RP11-407N17.4	SRR5862161	2.005439822090173
RP11-407N17.4	SRR5862162	3.0097743727990314
RP11-407N17.4	SRR5862163	3.0101416342693805
RP11-407N17.4	SRR5862164	1.0500323204142936
RP11-407N17.4	SRR5862165	2.0085887187455684
RP11-407N17.4	SRR5862166	1.0042530086827692
RP11-407N17.4	SRR5862167	1.002086827591817
RP11-407N17.4	SRR5862168	2.003302884002545
RP11-407N17.4	SRR5862169	1.003631963424637
RP11-407N17.4	SRR5862170	1.0108445605752712
RP11-407N17.4	SRR5862171	3.00504621023375
RP11-407N17.4	SRR5862172	2.0034525039004247
RP11-407N17.4	SRR5862173	1.024784508800748
RP11-407N17.4	SRR5862174	1.0281268623068158
RP11-407N17.4	SRR5862175	6.028956056517716
RP11-407N17.4	SRR5862176	1.0171349305854593
RP11-407N17.4	SRR5862177	1.0318682832320207
RP11-407N17.4	SRR5862178	2.0570702848294458
RP11-407N17.4	SRR5862179	1.0056022027105522
RP11-407N17.4	SRR5862180	1.163410651901285
RP11-407N17.4	SRR5862181	1.0208867172468703
RP11-407N17.4	SRR5862182	1.0091326280382285
RP11-407N17.4	SRR5862183	2.0097684398874125
RP11-407N17.4	SRR5862184	2.0534473384305447
RP11-407N17.4	SRR5862185	3
RP11-407N17.4	SRR5862186	2.014496706539619
RP11-407N17.4	SRR5862187	1.0074072425695189
RP11-407N17.4	SRR5862188	2.077726517777755
RP11-407N17.4	SRR5862189	1.0080998574243627
RP11-407N17.4	SRR5862190	1.0013216400780827
RP11-407N17.4	SRR5862191	2.023022092363927
RP11-407N17.4	SRR5862192	2.0895056878340434
RP11-407N17.4	SRR5862193	3.010683342193292
RP11-407N17.4	SRR5862194	1.0051877008321608
RP11-407N17.4	SRR5862195	1.0062679805579082
RP11-407N17.4	SRR5862196	1
RP11-407N17.4	SRR5862197	2
RP11-407N17.4	SRR5862198	1.1006263597390016
RP11-407N17.4	SRR5862199	3.007342599072492
RP11-407N17.4	SRR5862200	4.008469875925996
RP11-407N17.4	SRR5862201	29.123867473327874
RP11-407N17.4	SRR5862202	1.0211835799356648
RP11-407N17.4	SRR5862203	1.033482189187862
RP11-407N17.4	SRR5862204	3
RP11-407N17.4	SRR5862205	3
RP11-407N17.4	SRR5862206	2.0355484772497894
RP11-407N17.4	SRR5862207	1.0052627748922789
RP11-407N17.4	SRR5862208	2.0378547422718807
RP11-407N17.4	SRR5862209	1.0111265812321877
RP11-407N17.4	SRR5862210	3
RP11-407N17.4	SRR5862211	1.0321768293944853
RP11-407N17.4	SRR5862212	1.0087809371964969
RP11-407N17.4	SRR5862213	2.009149939796073
RP11-407N17.4	SRR5862214	1.0026987179060987
RP11-407N17.4	SRR5862215	2.00474533841842
RP11-407N17.4	SRR5862216	2.0071222281288614
RP11-407N17.4	SRR5862217	1.0064377837965335
RP11-407N17.4	SRR5862218	2.0018002572549074
RP11-407N17.4	SRR5862219	3.068836745122773
RP11-407N17.4	SRR5862220	2.008928896305199
RP11-407N17.4	SRR5862221	4
RP11-407N17.4	SRR5862222	2.006461366732215
RP11-407N17.4	SRR5862223	1.0429841423303001
RP11-407N17.4	SRR5862224	2.015289953042078
RP11-407N17.4	SRR5862225	1.0026238353323988
RP11-407N17.4	SRR5862226	3.003240754672204
RP11-407N17.4	SRR5862227	4
RP11-407N17.4	SRR5862228	1.0088969487682873
RP11-407N17.4	SRR5862229	5.029181758877775
RP11-407N17.4	SRR5862230	3.0156969954921804
RP11-407N17.4	SRR5862231	1.0020393982806224
RP11-407N17.4	SRR5862232	5.074171840359215
RP11-407N17.4	SRR5862233	3.008200432594403
RP11-407N17.4	SRR5862234	2.0115496850293297
RP11-407N17.4	SRR5862235	4.003600514509815
RP11-407N17.4	SRR5862236	4.008469875925996
RP11-407N17.4	SRR5862237	1.030696233812855
RP11-407N17.4	SRR5862238	1.000825380374255
RP11-407N17.4	SRR5862239	1.007643811307862
RP11-407N17.4	SRR5862240	1.0027028173063115
RP11-407N17.4	SRR5862241	3.0184400083619214
RP11-407N17.4	SRR5862242	5.03417043935286
RP11-407N17.4	SRR5862243	2.0110169486422045
RP11-407N17.4	SRR5862244	1.014062871686957
RP11-407N17.4	SRR5862245	1.0179113233903831
RP11-407N17.4	SRR5862246	1.0018838921166466
RP11-407N17.4	SRR5862247	2.010948853924701
RP11-407N17.4	SRR5862248	4.002880152427062
RP11-407N17.4	SRR5862249	3.044473468542516
RP11-407N17.4	SRR5862250	4.042118693973029
RP11-407N17.4	SRR5862251	3.030249889832257
RP11-407N17.4	SRR5862252	3.0075672072913266
RP11-407N17.4	SRR5862253	3.0228666463959173
RP11-407N17.4	SRR5862254	4.027801799811941
RP11-407N17.4	SRR5862255	2.0155080049355063
RP11-407N17.4	SRR5862256	1.0154304835599302
RP11-407N17.4	SRR5862257	2.0266664057003183
RP11-407N17.4	SRR5862258	1.002553057138948
RP11-407N17.4	SRR5862259	2.0268290258529236
RP11-407N17.4	SRR5862260	1.0641135195805316
RP11-407N17.4	SRR5862261	3.048636570290578
RP11-407N17.4	SRR5862262	1.0096833750182226
RP11-407N17.4	SRR5862263	1.045022718956458
RP11-407N17.4	SRR5862264	1.0056553730873352
RP11-407N17.4	SRR5862265	1.00118563174329
RP11-407N17.4	SRR5862266	4.021707349256985
RP11-407N17.4	SRR5862267	1.0548744221196733
RP11-407N17.4	SRR5862268	4.019304037678477
RP11-407N17.4	SRR5862269	2.0077561428793347
RP11-407N17.4	SRR5862270	3.00665917870383
RP11-407N17.4	SRR5862271	2.0117277278948444
RP11-407N17.4	SRR5862272	3.0331381883500113
RP11-407N17.4	SRR5862273	3.0099452512614233
RP11-407N17.4	SRR5862274	3.0136184045862837
RP11-407N17.4	SRR5862275	1.0127963981370376
RP11-407N17.4	SRR5862276	1.0171325747477717
RP11-407N17.4	SRR5862277	1.012407898752116
RP11-407N17.4	SRR5949109	1.1543930374941627
RP11-407N17.4	SRR5949110	1.1528629477900991
RP11-407N17.4	SRR5949111	1.1543861423812125
RP11-407N17.4	SRR5949112	1.1544080735423528
RP11-407N17.4	SRR5949113	1.1538715423531325
RP11-407N17.4	SRR5949114	1.1544080735423528
RP11-407N17.4	SRR5949115	1.1543930374941627
RP11-407N17.4	SRR5949116	1.154328975937927
RP11-407N17.4	SRR5949117	1.1544080735423528
RP11-407N17.4	SRR5949118	1.1542881659876676
RP11-407N17.4	SRR5949119	1.1544066367558048
RP11-407N17.4	SRR5949120	1.1542612816136126
RP11-407N17.4	SRR5949121	1.1542612816136126
RP11-407N17.4	SRR5949122	1.1542193125787963
RP11-407N17.4	SRR5949123	1.154119770897195
RP11-407N17.4	SRR5949124	1.1536303593625774
RP11-407N17.4	SRR5949125	1.1538715423531325
RP11-407N17.4	SRR5949126	1.1542193125787963
RP11-407N17.4	SRR5949127	1.1542612816136126
RP11-407N17.4	SRR5949128	1.1542612816136126
RP11-407N17.4	SRR5949129	1.1544066367558048
RP11-407N17.4	SRR5949130	1.1543861423812125
RP11-407N17.4	SRR5949131	1.1541454974839138
RP11-407N17.4	SRR5949132	1.1543930374941627
RP11-407N17.4	SRR5949133	1.154243037085462
RP11-407N17.4	SRR5949134	1.1544080735423528
RP11-407N17.4	SRR5949135	1.1543244711383844
RP11-407N17.4	SRR5949136	1.1544018504729736
RP11-407N17.4	SRR5949137	1.1537285180296166
RP11-407N17.4	SRR5949138	1.154127700715507
RP11-407N17.4	SRR5949139	1.1542342444976637
RP11-407N17.4	SRR5949140	1.1543861423812125
RP11-407N17.4	SRR5949141	1.1544066367558048
RP11-407N17.4	SRR5949142	1.1543861423812125
RP11-407N17.4	SRR5949143	1.1544080735423528
RP11-407N17.4	SRR5949144	1.154243037085462
RP11-407N17.4	SRR5949145	1.1542881659876676
RP11-407N17.4	SRR5949146	1.1542763738511965
RP11-407N17.4	SRR5949147	1.1542763738511965
RP11-407N17.4	SRR5949148	1.1535426695350546
RP11-407N17.4	SRR5949149	1.1542881659876676
RP11-407N17.4	SRR5949150	1.1544066367558048
RP11-407N17.4	SRR5949151	1.1540843659274789
RP11-407N17.4	SRR5949152	1.1521642390280358
RP11-407N17.4	SRR5949153	1.1542129775631536
RP11-407N17.4	SRR5949154	1.1532523441137337
RP11-407N17.4	SRR5949155	1.1542881659876676
RP11-407N17.4	SRR5949156	1.1544066367558048
RP11-407N17.4	SRR5949157	1.1543930374941627
RP11-407N17.4	SRR5949158	1.1544080735423528
RP11-407N17.4	SRR5949159	1.1533709738650642
RP11-407N17.4	SRR5949160	1.1543930374941627
RP11-407N17.4	SRR5949161	1.1543861423812125
RP11-407N17.4	SRR5949162	1.1543930374941627
RP11-407N17.4	SRR5949163	1.1544066367558048
RP11-407N17.4	SRR5949164	1.1544080735423528
RP11-407N17.4	SRR5949165	1.154328975937927
RP11-407N17.4	SRR5949166	1.1544066367558048
RP11-407N17.4	SRR5949167	1.1542881659876676
RP11-407N17.4	SRR5949168	1.1543244711383844
RP11-407N17.4	SRR5949169	1.1496389762158161
RP11-407N17.4	SRR5949170	1.1544080735423528
RP11-407N17.4	SRR5949171	1.1541360045743105
RP11-407N17.4	SRR5949172	1.1541312616794417
RP11-407N17.4	SRR5949173	1.1543930374941627
RP11-407N17.4	SRR5949174	1.1543244711383844
RP11-407N17.4	SRR5949175	1.1544080735423528
RP11-407N17.4	SRR5949176	1.1542612816136126
RP11-407N17.4	SRR5949177	1.153448318699057
RP11-407N17.4	SRR5949178	1.1542129775631536
RP11-407N17.4	SRR5949179	1.1543861423812125
RP11-407N17.4	SRR5949180	1.1544080735423528
RP11-407N17.4	SRR5949181	1.1544018504729736
RP11-407N17.4	SRR5949182	1.154243037085462
RP11-407N17.4	SRR5949183	1.1544066367558048
RP11-407N17.4	SRR5949184	1.154328975937927
RP11-407N17.4	SRR5949185	1.1541312616794417
RP11-407N17.4	SRR5949186	1.1537962707798937
RP11-407N17.4	SRR5949187	1.1543861423812125
RP11-407N17.4	SRR5949188	1.1543244711383844
RP11-407N17.4	SRR5949189	1.1542612816136126
RP11-407N17.4	SRR5949190	1.1542881659876676
RP11-407N17.4	SRR5949191	1.1541360045743105
RP11-407N17.4	SRR5949192	1.1544018504729736
RP11-407N17.4	SRR5949193	1.1544066367558048
RP11-407N17.4	SRR5949194	1.1543930374941627
RP11-407N17.4	SRR5949195	1.154328975937927
RP11-407N17.4	SRR5949196	1.1541454974839138
RP11-407N17.4	SRR5949197	1.153987572083333
RP11-407N17.4	SRR5949198	1.153664101949279
RP11-407N17.4	SRR5949199	1.1542193125787963
RP11-407N17.4	SRR5949200	1.1544066367558048
RP11-407N17.4	SRR5949201	1.1543244711383844
RP11-407N17.4	SRR5949202	1.1543861423812125
RP11-407N17.4	SRR5949203	1.1543930374941627
RP11-407N17.4	SRR5949204	1.1544080735423528
RP11-407N17.4	SRR5949205	1.1544080735423528
RP11-407N17.4	SRR5949206	1.154328975937927
RP11-407N17.4	SRR5949207	1.1543930374941627
RP11-407N17.4	SRR5949208	1.1542881659876676
RP11-407N17.4	SRR5949209	1.1543930374941627
RP11-407N17.4	SRR5949210	1.1543244711383844
RP11-407N17.4	SRR5949211	1.153987572083333
RP11-407N17.4	SRR5949212	1.1543244711383844
RP11-407N17.4	SRR5949213	1.1542193125787963
RP11-407N17.4	SRR5949214	1.1540843659274789
RP11-407N17.4	SRR5949215	1.1542612816136126
RP11-407N17.4	SRR5949216	1.1543861423812125
RP11-407N17.4	SRR5949217	1.1543861423812125
RP11-407N17.4	SRR5949218	1.154243037085462
RP11-407N17.4	SRR5949219	1.1542612816136126
RP11-407N17.4	SRR5949220	1.1541312616794417
RP11-407N17.4	SRR5949221	1.1540843659274789
RP11-407N17.4	SRR5949222	1.1542612816136126
RP11-407N17.4	SRR5949223	1.153448318699057
RP11-407N17.4	SRR5949224	1.1542881659876676
RP11-407N17.4	SRR5949225	1.1544018504729736
RP11-407N17.4	SRR5949226	1.1541312616794417
RP11-407N17.4	SRR5949227	1.1544018504729736
RP11-407N17.4	SRR5949228	1.1541312616794417
RP11-407N17.4	SRR5949229	1.154127700715507
RP11-407N17.4	SRR5949230	1.1544018504729736
RP11-407N17.4	SRR5949231	1.1540286696356532
RP11-407N17.4	SRR5949232	1.1531855179973023
RP11-407N17.4	SRR5949233	1.1534681238443258
RP11-407N17.4	SRR5949234	1.1542763738511965
RP11-407N17.4	SRR5949235	1.1541312616794417
RP11-407N17.4	SRR5949236	1.1524349692227331
RP11-407N17.4	SRR5949237	1.1540286696356532
RP11-407N17.4	SRR5949238	1.1537962707798937
RP11-407N17.4	SRR5949239	1.152631812552955
RP11-407N17.4	SRR5949240	1.1544066367558048
RP11-407N17.4	SRR5949241	1.1542881659876676
RP11-407N17.4	SRR5949242	1.1543244711383844
RP11-407N17.4	SRR5949243	1.1542129775631536
RP11-407N17.4	SRR5949244	1.1542193125787963
RP11-407N17.4	SRR5949245	1.1542342444976637
RP11-407N17.4	SRR5949246	1.1543244711383844
RP11-407N17.4	SRR5949247	1.1542763738511965
RP11-407N17.4	SRR5949248	1.154328975937927
RP11-407N17.4	SRR5949249	1.1543244711383844
RP11-407N17.4	SRR5949250	1.1544080735423528
RP11-407N17.4	SRR5949251	1.1541312616794417
RP11-407N17.4	SRR5949252	1.1543930374941627
RP11-407N17.4	SRR5949253	1.1539534513664238
RP11-407N17.4	SRR5949254	1.154099487946561
RP11-407N17.4	SRR5949255	1.1543244711383844
RP11-407N17.4	SRR5949256	1.1542342444976637
RP11-407N17.4	SRR5949257	1.1544066367558048
RP11-407N17.4	SRR5949258	1.1544066367558048
RP11-407N17.4	SRR5949259	1.154243037085462
RP11-407N17.4	SRR5949260	1.1544080735423528
RP11-407N17.4	SRR5949261	1.1544080735423528
RP11-407N17.4	SRR5949262	1.1542193125787963
RP11-407N17.4	SRR5949263	1.154328975937927
RP11-407N17.4	SRR5949264	1.1542612816136126
RP11-407N17.4	SRR5949265	1.1543930374941627
RP11-407N17.4	SRR5949266	1.1537626724135772
RP11-407N17.4	SRR5949267	1.1537779842987672
RP11-407N17.4	SRR5949268	1.1544018504729736
RP11-407N17.4	SRR5949269	1.1542612816136126
RP11-407N17.4	SRR5949270	1.1543244711383844
RP11-407N17.4	SRR5949271	1.154119770897195
RP11-407N17.4	SRR5949272	1.1544080735423528
RP11-407N17.4	SRR5949273	1.1544080735423528
RP11-407N17.4	SRR5949274	1.154328975937927
RP11-407N17.4	SRR5949275	1.154099487946561
RP11-407N17.4	SRR5949276	1.154328975937927
RP11-407N17.4	SRR5949277	1.1537779842987672
RP11-407N17.4	SRR5949278	1.1543861423812125
RP11-407N17.4	SRR5949279	1.1543861423812125
RP11-407N17.4	SRR5949280	1.1539394876265088
RP11-407N17.4	SRR5949281	1.1543244711383844
RP11-407N17.4	SRR5949282	1.1544080735423528
RP11-407N17.4	SRR5949283	1.154043329391819
RP11-407N17.4	SRR5949284	1.1544080735423528
RP11-407N17.4	SRR5949285	1.15317802952035
RP11-407N17.4	SRR5949286	1.1537626724135772
RP11-407N17.4	SRR5949287	1.1544080735423528
RP11-407N17.4	SRR5949288	1.1543861423812125
RP11-407N17.4	SRR5949289	1.1542342444976637
RP11-407N17.4	SRR5949290	1.1544080735423528
RP11-407N17.4	SRR5949291	1.1543244711383844
RP11-407N17.4	SRR5949292	1.1542763738511965
RP11-407N17.4	SRR5949293	1.1544080735423528
RP11-407N17.4	SRR5949294	1.1544066367558048
RP11-407N17.4	SRR5949295	1.1543861423812125
RP11-407N17.4	SRR5949296	1.154328975937927
RP11-407N17.4	SRR5949297	1.1543930374941627
RP11-407N17.4	SRR5949298	1.1541360045743105
RP11-407N17.4	SRR5949299	1.1542763738511965
RP11-407N17.4	SRR5949300	1.1544066367558048
RP11-407N17.4	SRR5949301	1.1544066367558048
RP11-407N17.4	SRR5949302	1.1542342444976637
RP11-407N17.4	SRR5949303	1.1541454974839138
RP11-407N17.4	SRR5949304	1.1543930374941627
RP11-407N17.4	SRR5949305	1.1537652995205527
RP11-407N17.4	SRR5949306	1.1543930374941627
RP11-407N17.4	SRR5949307	1.1542763738511965
RP11-407N17.4	SRR5949308	1.154328975937927
RP11-407N17.4	SRR5949309	1.154119770897195
RP11-407N17.4	SRR5949310	1.154119770897195
RP11-407N17.4	SRR5949311	1.1542763738511965
RP11-407N17.4	SRR5949312	1.1540148338403267
RP11-407N17.4	SRR5949313	1.1543244711383844
RP11-407N17.4	SRR5949314	1.1544066367558048
RP11-407N17.4	SRR5949315	1.1543244711383844
RP11-407N17.4	SRR5949316	1.1543861423812125
RP11-407N17.4	SRR5949317	1.1538444146289202
RP11-407N17.4	SRR5949318	1.1537833054890896
RP11-407N17.4	SRR5949319	1.1543930374941627
RP11-407N17.4	SRR5949320	1.1544080735423528
RP11-407N17.4	SRR5949321	1.154328975937927
RP11-407N17.4	SRR5949322	1.1541312616794417
RP11-407N17.4	SRR5949323	1.1543244711383844
RP11-407N17.4	SRR5949324	1.1544080735423528
RP11-407N17.4	SRR5949325	1.1543861423812125
RP11-407N17.4	SRR5949326	1.1542881659876676
RP11-407N17.4	SRR5949327	1.1537250692562184
RP11-407N17.4	SRR5949328	1.1543930374941627
RP11-407N17.4	SRR5949329	1.1544018504729736
RP11-407N17.4	SRR5949330	1.1543861423812125
RP11-407N17.4	SRR5949331	1.1544018504729736
RP11-407N17.4	SRR5949332	1.1544080735423528
RP11-407N17.4	SRR5949333	1.154243037085462
RP11-407N17.4	SRR5949334	1.1540148338403267
RP11-407N17.4	SRR5949335	1.1544066367558048
RP11-407N17.4	SRR5949336	1.154328975937927
RP11-407N17.4	SRR5949337	1.1544018504729736
RP11-407N17.4	SRR5949338	1.1543861423812125
RP11-407N17.4	SRR5949339	1.1543861423812125
RP11-407N17.4	SRR5949340	1.1541454974839138
RP11-407N17.4	SRR5949341	1.154243037085462
RP11-407N17.4	SRR5949342	1.1543930374941627
RP11-407N17.4	SRR5949343	1.1542612816136126
RP11-407N17.4	SRR5949344	1.1543930374941627
RP11-407N17.4	SRR5949345	1.1544018504729736
RP11-407N17.4	SRR5949346	1.1537070312898285
RP11-407N17.4	SRR5949347	1.1539830975965506
RP11-407N17.4	SRR5949348	1.1532222126984653
RP11-407N17.4	SRR5949349	1.1543861423812125
RP11-407N17.4	SRR5949350	1.1543244711383844
RP11-407N17.4	SRR5949351	1.1543244711383844
RP11-407N17.4	SRR5949352	1.154328975937927
RP11-407N17.4	SRR5949353	1.1543861423812125
RP11-407N17.4	SRR5949354	1.154118135098547
RP11-407N17.4	SRR5949355	1.1542763738511965
RP11-407N17.4	SRR5949356	1.1513016641508953
RP11-407N17.4	SRR5949357	1.1542763738511965
RP11-407N17.4	SRR5949358	1.1542881659876676
RP11-407N17.4	SRR5949359	1.1543861423812125
RP11-407N17.4	SRR5949360	1.154243037085462
RP11-407N17.4	SRR5949361	1.1542342444976637
RP11-407N17.4	SRR5949362	1.1524373005233322
RP11-407N17.4	SRR5949363	1.1544018504729736
RP11-407N17.4	SRR5949364	1.1541344162995835
RP11-407N17.4	SRR5949365	1.1539534513664238
RP11-407N17.4	SRR5949366	1.151926209413139
RP11-407N17.4	SRR5949367	1.1544080735423528
RP11-407N17.4	SRR5949368	1.1532936707463863
RP11-407N17.4	SRR5949369	1.1544066367558048
RP11-407N17.4	SRR5949370	1.1543930374941627
RP11-407N17.4	SRR5949371	1.154127700715507
RP11-407N17.4	SRR5949372	1.1543244711383844
RP11-407N17.4	SRR5949373	1.1544066367558048
RP11-407N17.4	SRR5949374	1.1541360045743105
RP11-407N17.4	SRR5949375	1.1544066367558048
RP11-407N17.4	SRR5949376	1.1544080735423528
RP11-407N17.4	SRR5949377	1.1543861423812125
RP11-407N17.4	SRR5949378	1.1544080735423528
RP11-407N17.4	SRR5949379	1.1543861423812125
RP11-407N17.4	SRR5949380	1.1535503567545762
RP11-407N17.4	SRR5949381	1.154099487946561
RP11-407N17.4	SRR5949382	1.1543861423812125
RP11-407N17.4	SRR5949383	1.1542193125787963
RP11-407N17.4	SRR5949384	1.1544066367558048
RP11-407N17.4	SRR5949385	1.1542129775631536
RP11-407N17.4	SRR5949386	1.1544080735423528
RP11-407N17.4	SRR5949387	1.1525536382806347
RP11-407N17.4	SRR5949388	1.1540976154898277
RP11-407N17.4	SRR5949389	1.1544080735423528
RP11-407N17.4	SRR5949390	1.1543244711383844
RP11-407N17.4	SRR5949391	1.154127700715507
RP11-407N17.4	SRR5949392	1.1544080735423528
RP11-407N17.4	SRR5949393	1.154127700715507
RP11-407N17.4	SRR5949394	1.154043329391819
RP11-407N17.4	SRR5949395	1.1543244711383844
RP11-407N17.4	SRR5949396	1.153448318699057
RP11-407N17.4	SRR5949397	1.1544066367558048
RP11-407N17.4	SRR5949398	1.1544018504729736
RP11-407N17.4	SRR5949399	1.1542881659876676
RP11-407N17.4	SRR5949400	1.148920661344423
RP11-407N17.4	SRR5949401	1.1544080735423528
RP11-407N17.4	SRR5949402	1.154328975937927
RP11-407N17.4	SRR5949403	1.1542612816136126
RP11-407N17.4	SRR5949404	1.154127700715507
RP11-407N17.4	SRR5949405	1.1543861423812125
RP11-407N17.4	SRR5949406	1.1544066367558048
RP11-407N17.4	SRR5949407	1.1543861423812125
RP11-407N17.4	SRR5949408	1.1543861423812125
RP11-407N17.4	SRR5949409	1.154328975937927
RP11-407N17.4	SRR5949410	1.1543244711383844
RP11-407N17.4	SRR5949411	1.1544080735423528
RP11-407N17.4	SRR5949412	1.1542193125787963
RP11-407N17.4	SRR5949413	1.154328975937927
RP11-407N17.4	SRR5949414	1.1543861423812125
RP11-407N17.4	SRR5949415	1.1543930374941627
RP11-407N17.4	SRR5949416	1.1542763738511965
RP11-407N17.4	SRR5949417	1.154243037085462
RP11-407N17.4	SRR5949418	1.1543861423812125
RP11-407N17.4	SRR5949419	1.1543930374941627
RP11-407N17.4	SRR5949420	1.1542612816136126
RP11-407N17.4	SRR5949421	1.154243037085462
RP11-407N17.4	SRR5949422	1.1542763738511965
RP11-407N17.4	SRR5949423	1.1542763738511965
RP11-407N17.4	SRR5949424	1.1544080735423528
RP11-407N17.4	SRR5949425	1.1542763738511965
RP11-407N17.4	SRR5949426	1.1544018504729736
RP11-407N17.4	SRR5949427	1.1542763738511965
RP11-407N17.4	SRR5949428	1.1544080735423528
RP11-407N17.4	SRR5949429	1.1540148338403267
RP11-407N17.4	SRR5949430	1.1543244711383844
RP11-407N17.4	SRR5949431	1.1543244711383844
RP11-407N17.4	SRR5949432	1.1543244711383844
RP11-407N17.4	SRR5949433	1.1542881659876676
RP11-407N17.4	SRR5949434	1.1542881659876676
RP11-407N17.4	SRR5949435	1.154099487946561
RP11-407N17.4	SRR5949436	1.1543930374941627
RP11-407N17.4	SRR5949437	1.1540843659274789
RP11-407N17.4	SRR5949438	1.1539394876265088
RP11-407N17.4	SRR5949439	1.1544066367558048
RP11-407N17.4	SRR5949440	1.1544018504729736
RP11-407N17.4	SRR5949441	1.1544018504729736
RP11-407N17.4	SRR5949442	1.1541454974839138
RP11-407N17.4	SRR5949443	1.1541312616794417
RP11-407N17.4	SRR5949444	1.1540976154898277
RP11-407N17.4	SRR5949445	1.1544080735423528
RP11-407N17.4	SRR5949446	1.1543930374941627
RP11-407N17.4	SRR5949447	1.1542763738511965
RP11-407N17.4	SRR5949448	1.1544080735423528
RP11-407N17.4	SRR5949449	1.1544080735423528
RP11-407N17.4	SRR5949450	1.1543244711383844
RP11-407N17.4	SRR5949451	1.154243037085462
RP11-407N17.4	SRR5949452	1.1543244711383844
RP11-407N17.4	SRR5949453	1.1542881659876676
RP11-407N17.4	SRR5949454	1.1543861423812125
RP11-407N17.4	SRR5949455	1.1542763738511965
RP11-407N17.4	SRR5949456	1.1544066367558048
RP11-407N17.4	SRR5949457	1.1544018504729736
RP11-407N17.4	SRR5949458	1.1544066367558048
RP11-407N17.4	SRR5949459	1.154328975937927
RP11-407N17.4	SRR5949460	1.154127700715507
RP11-407N17.4	SRR5949461	1.1537652995205527
RP11-407N17.4	SRR5949462	1.1543930374941627
RP11-407N17.4	SRR5949463	1.154119770897195
RP11-407N17.4	SRR5949464	1.154043329391819
RP11-407N17.4	SRR5949465	1.1535426695350546
RP11-407N17.4	SRR5949466	1.1543244711383844
RP11-407N17.4	SRR5949467	1.1536303593625774
RP11-407N17.4	SRR5949468	1.1543930374941627
RP11-407N17.4	SRR5949469	1.1544018504729736
RP11-407N17.4	SRR5949470	1.1543861423812125
RP11-407N17.4	SRR5949471	1.1542612816136126
RP11-407N17.4	SRR5949472	1.154328975937927
RP11-407N17.4	SRR5949473	1.154328975937927
RP11-407N17.4	SRR5949474	1.1542881659876676
RP11-407N17.4	SRR5949475	1.1544080735423528
RP11-407N17.4	SRR5949476	1.1543861423812125
RP11-407N17.4	SRR5949477	1.1544018504729736
RP11-407N17.4	SRR5949478	1.154328975937927
RP11-407N17.4	SRR5949479	1.1538444146289202
RP11-407N17.4	SRR5949480	1.1542612816136126
RP11-407N17.4	SRR5949481	1.1544018504729736
RP11-407N17.4	SRR5949482	1.1542129775631536
RP11-407N17.4	SRR5949483	1.1538715423531325
RP11-407N17.4	SRR5949484	1.1543930374941627
RP11-407N17.4	SRR5949485	1.154099487946561
RP11-407N17.4	SRR5949486	1.1542881659876676
RP11-407N17.4	SRR5949487	1.1542612816136126
RP11-407N17.4	SRR5949488	1.153987572083333
RP11-407N17.4	SRR5949489	1.1541344162995835
RP11-407N17.4	SRR5949490	1.1541360045743105
RP11-407N17.4	SRR5949491	1.1542881659876676
RP11-407N17.4	SRR5949492	1.1541360045743105
RP11-407N17.4	SRR5949493	1.154243037085462
RP11-407N17.4	SRR5949494	1.1544080735423528
RP11-407N17.4	SRR5949495	1.154043329391819
RP11-407N17.4	SRR5949496	1.154243037085462
RP11-407N17.4	SRR5949497	1.1542612816136126
RP11-407N17.4	SRR5949498	1.1543244711383844
RP11-407N17.4	SRR5949499	1.1543930374941627
RP11-407N17.4	SRR5949500	1.1539304288892793
RP11-407N17.4	SRR5949501	1.1541014455850918
RP11-407N17.4	SRR5949502	1.1538715423531325
RP11-407N17.4	SRR5949503	1.1541360045743105
RP11-407N17.4	SRR5949504	1.1543861423812125
RP11-407N17.4	SRR5949505	1.1543861423812125
RP11-407N17.4	SRR5949506	1.1543861423812125
RP11-407N17.4	SRR5949507	1.1544018504729736
RP11-407N17.4	SRR5949508	1.154243037085462
RP11-407N17.4	SRR5949509	1.1543930374941627
RP11-407N17.4	SRR5949510	1.1543861423812125
RP11-407N17.4	SRR5949511	1.1536505416463956
RP11-407N17.4	SRR5949512	1.154328975937927
RP11-407N17.4	SRR5949513	1.1544080735423528
RP11-407N17.4	SRR5949514	1.1542193125787963
RP11-407N17.4	SRR5949515	1.1543930374941627
RP11-407N17.4	SRR5949516	1.1543244711383844
RP11-407N17.4	SRR5949517	1.1543861423812125
RP11-407N17.4	SRR5949518	1.1538715423531325
RP11-407N17.4	SRR5949519	1.154127700715507
RP11-407N17.4	SRR5949520	1.1544018504729736
RP11-407N17.4	SRR5949521	1.1537652995205527
RP11-407N17.4	SRR5949522	1.154328975937927
RP11-407N17.4	SRR5949523	1.1544018504729736
RP11-407N17.4	SRR5949524	1.1542881659876676
RP11-407N17.4	SRR5949525	1.1542129775631536
RP11-407N17.4	SRR5949526	1.1537070312898285
RP11-407N17.4	SRR5949527	1.1541360045743105
RP11-407N17.4	SRR5949528	1.1530313538581225
RP11-407N17.4	SRR5949529	1.1541014455850918
RP11-407N17.4	SRR5949530	1.1542612816136126
RP11-407N17.4	SRR5949531	1.1542342444976637
RP11-407N17.4	SRR5949532	1.1544018504729736
RP11-407N17.4	SRR5949533	1.1544080735423528
RP11-407N17.4	SRR5949534	1.1541454974839138
RP11-407N17.4	SRR5949535	1.1543861423812125
RP11-407N17.4	SRR5949536	1.1543244711383844
RP11-407N17.4	SRR5949537	1.1543930374941627
RP11-407N17.4	SRR5949538	1.1544080735423528
RP11-407N17.4	SRR5949539	1.154243037085462
RP11-407N17.4	SRR5949540	1.154118135098547
RP11-407N17.4	SRR5949541	1.1542612816136126
RP11-407N17.4	SRR5949542	1.154118135098547
RP11-407N17.4	SRR5949543	1.1542881659876676
RP11-407N17.4	SRR5949544	1.154127700715507
RP11-407N17.4	SRR5949545	1.1539394876265088
RP11-407N17.4	SRR5949546	1.1541360045743105
RP11-407N17.4	SRR5949547	1.1544080735423528
RP11-407N17.4	SRR5949548	1.1542881659876676
RP11-407N17.4	SRR5949549	1.1539534513664238
RP11-407N17.4	SRR5949550	1.1535522984622077
RP11-407N17.4	SRR5949551	1.154328975937927
RP11-407N17.4	SRR5949552	1.154043329391819
RP11-407N17.4	SRR5949553	1.1544066367558048
RP11-407N17.4	SRR5949554	1.1543861423812125
RP11-407N17.4	SRR5949555	1.1452054817287791
RP11-407N17.4	SRR5949556	1.154099487946561
RP11-407N17.4	SRR5949557	1.1542881659876676
RP11-407N17.4	SRR5949558	1.154043329391819
RP11-407N17.4	SRR5949559	1.1543930374941627
RP11-407N17.4	SRR5949560	1.1544018504729736
RP11-407N17.4	SRR5949561	1.1537430923754213
RP11-407N17.4	SRR5949562	1.154043329391819
RP11-407N17.4	SRR5949563	1.1542763738511965
RP11-407N17.4	SRR5949564	1.1543244711383844
RP11-407N17.4	SRR5949565	1.1544066367558048
RP11-407N17.4	SRR5949566	1.1543861423812125
RP11-407N17.4	SRR5949567	1.1525839843466772
RP11-407N17.4	SRR5949568	1.154118135098547
RP11-407N17.4	SRR5949569	1.1541344162995835
RP11-407N17.4	SRR5949570	1.1542612816136126
RP11-407N17.4	SRR5949571	1.1539394876265088
RP11-407N17.4	SRR5949572	1.154243037085462
RP11-407N17.4	SRR5949573	1.154127700715507
RP11-407N17.4	SRR5949574	1.1542881659876676
RP11-407N17.4	SRR5949575	1.154243037085462
RP11-407N17.4	SRR5949576	1.1542129775631536
RP11-407N17.4	SRR5949577	1.1544066367558048
RP11-407N17.4	SRR5949578	1.1543244711383844
RP11-407N17.4	SRR5949579	1.1543861423812125
RP11-407N17.4	SRR5949580	1.1543930374941627
RP11-407N17.4	SRR5949581	1.1544080735423528
RP11-407N17.4	SRR5949582	1.1541312616794417
RP11-407N17.4	SRR5949583	1.1544066367558048
RP11-407N17.4	SRR5949584	1.1536496989510014
RP11-407N17.4	SRR5949585	1.154328975937927
RP11-407N17.4	SRR5949586	1.1543861423812125
RP11-407N17.4	SRR5949587	1.1542881659876676
RP11-407N17.4	SRR5949588	1.153006792126308
RP11-407N17.4	SRR5949589	1.1544080735423528
RP11-407N17.4	SRR5949590	1.1541360045743105
RP11-407N17.4	SRR5949591	1.1543930374941627
RP11-407N17.4	SRR5949592	1.154243037085462
RP11-407N17.4	SRR5949593	1.1544080735423528
RP11-407N17.4	SRR5949594	1.154243037085462
RP11-407N17.4	SRR5949595	1.154328975937927
RP11-407N17.4	SRR5949596	1.1542763738511965
RP11-407N17.4	SRR5949597	1.1538444146289202
RP11-407N17.4	SRR5949598	1.154243037085462
RP11-407N17.4	SRR5949599	1.1541344162995835
RP11-407N17.4	SRR5949600	1.1543244711383844
RP11-407N17.4	SRR5949601	1.154243037085462
RP11-407N17.4	SRR5949602	1.1544080735423528
RP11-407N17.4	SRR5949603	1.1543244711383844
RP11-407N17.4	SRR5949604	1.1543861423812125
RP11-407N17.4	SRR5949605	1.154243037085462
RP11-407N17.4	SRR5949606	1.1540286696356532
RP11-407N17.4	SRR5949607	1.1544018504729736
RP11-407N17.4	SRR5949608	1.1537626724135772
RP11-407N17.4	SRR5950246	1.1537070312898285
RP11-407N17.4	SRR5950247	1.154043329391819
RP11-407N17.4	SRR5950248	1.1543244711383844
RP11-407N17.4	SRR5950249	1.1544080735423528
RP11-407N17.4	SRR5950250	1.154127700715507
RP11-407N17.4	SRR5950251	1.1543244711383844
RP11-407N17.4	SRR5950252	1.1544066367558048
RP11-407N17.4	SRR5950253	1.154328975937927
RP11-407N17.4	SRR5950254	1.1540286696356532
RP11-407N17.4	SRR5950255	1.1537779842987672
RP11-407N17.4	SRR5950256	1.1532906572572703
RP11-407N17.4	SRR5950257	1.1532936707463863
RP11-407N17.4	SRR5950258	1.1543244711383844
RP11-407N17.4	SRR5950259	1.1544018504729736
RP11-407N17.4	SRR5950260	1.1543244711383844
RP11-407N17.4	SRR5950261	1.154328975937927
RP11-407N17.4	SRR5950262	1.1542193125787963
RP11-407N17.4	SRR5950263	1.1538444146289202
RP11-407N17.4	SRR5950264	1.1544018504729736
RP11-407N17.4	SRR5950265	1.154119770897195
RP11-407N17.4	SRR5950266	1.153620340573047
RP11-407N17.4	SRR5950267	1.1543244711383844
RP11-407N17.4	SRR5950268	1.154243037085462
RP11-407N17.4	SRR5950269	1.154243037085462
RP11-407N17.4	SRR5950270	1.1539830975965506
RP11-407N17.4	SRR5950271	1.1544080735423528
RP11-407N17.4	SRR5950272	1.1544080735423528
RP11-407N17.4	SRR5950273	1.1543244711383844
RP11-407N17.4	SRR5950274	1.1541454974839138
RP11-407N17.4	SRR5950275	1.154243037085462
RP11-407N17.4	SRR5950276	1.154328975937927
RP11-407N17.4	SRR5950277	1.1541014455850918
RP11-407N17.4	SRR5950278	1.1537962707798937
RP11-407N17.4	SRR5950279	1.1542763738511965
RP11-407N17.4	SRR5950280	1.1543861423812125
RP11-407N17.4	SRR5950281	1.154243037085462
RP11-407N17.4	SRR5950282	1.1538447615632836
RP11-407N17.4	SRR5950283	1.154328975937927
RP11-407N17.4	SRR5950284	1.1511338942169325
RP11-407N17.4	SRR5950285	1.1540843659274789
RP11-407N17.4	SRR5950286	1.1542881659876676
RP11-407N17.4	SRR5950287	1.1537833054890896
RP11-407N17.4	SRR5950288	1.154118135098547
RP11-407N17.4	SRR5950289	1.1537285180296166
RP11-407N17.4	SRR5950290	1.1543930374941627
RP11-407N17.4	SRR5950291	1.154328975937927
RP11-407N17.4	SRR5950292	1.1542193125787963
RP11-407N17.4	SRR5950293	1.1539534513664238
RP11-407N17.4	SRR5950294	1.1544080735423528
RP11-407N17.4	SRR5950295	1.1544018504729736
RP11-407N17.4	SRR5950296	1.1542881659876676
RP11-407N17.4	SRR5950297	1.1540286696356532
RP11-407N17.4	SRR5950298	1.1543930374941627
RP11-407N17.4	SRR5950299	1.1541312616794417
RP11-407N17.4	SRR5950300	1.1542881659876676
RP11-407N17.4	SRR5950301	1.154328975937927
RP11-407N17.4	SRR5950302	1.1542612816136126
RP11-407N17.4	SRR5950303	1.1541454974839138
RP11-407N17.4	SRR5950304	1.1540148338403267
RP11-407N17.4	SRR5950305	1.1542612816136126
RP11-407N17.4	SRR5950306	1.1542763738511965
RP11-407N17.4	SRR5950307	1.1541344162995835
RP11-407N17.4	SRR5950308	1.1542342444976637
RP11-407N17.4	SRR5950309	1.154243037085462
RP11-407N17.4	SRR5950310	1.1542881659876676
RP11-407N17.4	SRR5950311	1.1543930374941627
RP11-407N17.4	SRR5950312	1.1543244711383844
RP11-407N17.4	SRR5950313	1.1542193125787963
RP11-407N17.4	SRR5950314	1.1543930374941627
RP11-407N17.4	SRR5950315	1.154328975937927
RP11-407N17.4	SRR5950316	1.1544018504729736
RP11-407N17.4	SRR5950317	1.1541312616794417
RP11-407N17.4	SRR5950318	1.153987572083333
RP11-407N17.4	SRR5950319	1.1541360045743105
RP11-407N17.4	SRR5950320	1.154119770897195
RP11-407N17.4	SRR5950321	1.1533709738650642
RP11-407N17.4	SRR5950322	1.1541014455850918
RP11-407N17.4	SRR5950323	1.1542129775631536
RP11-407N17.4	SRR5950324	1.1543930374941627
RP11-407N17.4	SRR5950325	1.1542342444976637
RP11-407N17.4	SRR5950326	1.154099487946561
RP11-407N17.4	SRR5950327	1.154328975937927
RP11-407N17.4	SRR5950328	1.154328975937927
RP11-407N17.4	SRR5950329	1.1542881659876676
RP11-407N17.4	SRR5950330	1.1541360045743105
RP11-407N17.4	SRR5950331	1.1539534513664238
RP11-407N17.4	SRR5950332	1.1540843659274789
RP11-407N17.4	SRR5950333	1.1543930374941627
RP11-407N17.4	SRR5950334	1.1543861423812125
RP11-407N17.4	SRR5950335	1.1543861423812125
RP11-407N17.4	SRR5950336	1.1524373005233322
RP11-407N17.4	SRR5950337	1.1537962707798937
RP11-407N17.4	SRR5950338	1.1531742805487435
RP11-407N17.4	SRR5950339	1.1544080735423528
RP11-407N17.4	SRR5950340	1.154127700715507
RP11-407N17.4	SRR5950341	1.1542129775631536
RP11-407N17.4	SRR5950342	1.1544018504729736
RP11-407N17.4	SRR5950343	1.1542342444976637
RP11-407N17.4	SRR5950344	1.154119770897195
RP11-407N17.4	SRR5950345	1.1542129775631536
RP11-407N17.4	SRR5950346	1.1543244711383844
RP11-407N17.4	SRR5950347	1.1542612816136126
RP11-407N17.4	SRR5950348	1.1541344162995835
RP11-407N17.4	SRR5950349	1.1544066367558048
RP11-407N17.4	SRR5950350	1.1543244711383844
RP11-407N17.4	SRR5950351	1.1538444146289202
RP11-407N17.4	SRR5950352	1.1544018504729736
RP11-407N17.4	SRR5950353	1.1542763738511965
RP11-407N17.4	SRR5950354	1.1544018504729736
RP11-407N17.4	SRR5950355	1.1544066367558048
RP11-407N17.4	SRR5950356	1.1537250692562184
RP11-407N17.4	SRR5950357	1.1544018504729736
RP11-407N17.4	SRR5950358	1.1541344162995835
RP11-407N17.4	SRR5950359	1.1542342444976637
RP11-407N17.4	SRR5950360	1.1544018504729736
RP11-407N17.4	SRR5950361	1.1544018504729736
RP11-407N17.4	SRR5950362	1.1541014455850918
RP11-407N17.4	SRR5950363	1.153987572083333
RP11-407N17.4	SRR5950364	1.1541360045743105
RP11-407N17.4	SRR5950365	1.154328975937927
RP11-407N17.4	SRR5950366	1.1543930374941627
RP11-407N17.4	SRR5950367	1.153400485650712
RP11-407N17.4	SRR5950368	1.1542763738511965
RP11-407N17.4	SRR5950369	1.1544080735423528
RP11-407N17.4	SRR5950370	1.1544080735423528
RP11-407N17.4	SRR5950371	1.154328975937927
RP11-407N17.4	SRR5950372	1.1543861423812125
RP11-407N17.4	SRR5950373	1.1542881659876676
RP11-407N17.4	SRR5950374	1.1542763738511965
RP11-407N17.4	SRR5950375	1.1543930374941627
RP11-407N17.4	SRR5950376	1.1544066367558048
RP11-407N17.4	SRR5950377	1.1539830975965506
RP11-407N17.4	SRR5950378	1.1542881659876676
RP11-407N17.4	SRR5950379	1.1542763738511965
RP11-407N17.4	SRR5950380	1.1542129775631536
RP11-407N17.4	SRR5950381	1.1542129775631536
RP11-407N17.4	SRR5950382	1.1537779842987672
RP11-407N17.4	SRR5950383	1.1544066367558048
RP11-407N17.4	SRR5950384	1.1543930374941627
RP11-407N17.4	SRR5950385	1.1537833054890896
RP11-407N17.4	SRR5950386	1.1543861423812125
RP11-407N17.4	SRR5950387	1.1544066367558048
RP11-407N17.4	SRR5950388	1.154127700715507
RP11-407N17.4	SRR5950389	1.1532222126984653
RP11-407N17.4	SRR5950390	1.1542129775631536
RP11-407N17.4	SRR5950391	1.1544080735423528
RP11-407N17.4	SRR5950392	1.1537652995205527
RP11-407N17.4	SRR5950393	1.1541312616794417
RP11-407N17.4	SRR5950394	1.154243037085462
RP11-407N17.4	SRR5950395	1.1542763738511965
RP11-407N17.4	SRR5950396	1.1544080735423528
RP11-407N17.4	SRR5950397	1.1544066367558048
RP11-407N17.4	SRR5950398	1.1544066367558048
RP11-407N17.4	SRR5950399	1.1542193125787963
RP11-407N17.4	SRR5950400	1.1542342444976637
RP11-407N17.4	SRR5950401	1.1543930374941627
RP11-407N17.4	SRR5950402	1.1543930374941627
RP11-407N17.4	SRR5950403	1.154328975937927
RP11-407N17.4	SRR5950404	1.1543861423812125
RP11-407N17.4	SRR5950405	1.153006792126308
RP11-407N17.4	SRR5950406	1.1539304288892793
RP11-407N17.4	SRR5950407	1.154328975937927
RP11-407N17.4	SRR5950408	1.154043329391819
RP11-407N17.4	SRR5950409	1.154127700715507
RP11-407N17.4	SRR5950410	1.1544080735423528
RP11-407N17.4	SRR5950411	1.1544018504729736
RP11-407N17.4	SRR5950412	1.1543861423812125
RP11-407N17.4	SRR5950413	1.1539394876265088
RP11-407N17.4	SRR5950414	1.1543861423812125
RP11-407N17.4	SRR5950415	1.1542193125787963
RP11-407N17.4	SRR5950416	1.154243037085462
RP11-407N17.4	SRR5950417	1.1542342444976637
RP11-407N17.4	SRR5950418	1.154119770897195
RP11-407N17.4	SRR5950419	1.1544018504729736
RP11-407N17.4	SRR5950420	1.1542612816136126
RP11-407N17.4	SRR5950421	1.1541312616794417
RP11-407N17.4	SRR5950422	1.1540976154898277
RP11-407N17.4	SRR5950423	1.1542881659876676
RP11-407N17.4	SRR5950424	1.1543930374941627
RP11-407N17.4	SRR5950425	1.1544018504729736
RP11-407N17.4	SRR5950426	1.1541344162995835
RP11-407N17.4	SRR5950427	1.1543861423812125
RP11-407N17.4	SRR5950428	1.1542881659876676
RP11-407N17.4	SRR5950429	1.1544018504729736
RP11-407N17.4	SRR5950430	1.154243037085462
RP11-407N17.4	SRR5950431	1.1542612816136126
RP11-407N17.4	SRR5950432	1.1543861423812125
RP11-407N17.4	SRR5950433	1.154328975937927
RP11-407N17.4	SRR5950434	1.1541344162995835
RP11-407N17.4	SRR5950435	1.1542881659876676
RP11-407N17.4	SRR5950436	1.1544018504729736
RP11-407N17.4	SRR5950437	1.1542612816136126
RP11-407N17.4	SRR5950438	1.1543930374941627
RP11-407N17.4	SRR5950439	1.1544066367558048
RP11-407N17.4	SRR5950440	1.150186403730464
RP11-407N17.4	SRR5950441	1.1540843659274789
RP11-407N17.4	SRR5950442	1.1543244711383844
RP11-407N17.4	SRR5950443	1.1541454974839138
RP11-407N17.4	SRR5950444	1.154328975937927
RP11-407N17.4	SRR5950445	1.1543861423812125
RP11-407N17.4	SRR5950446	1.1542129775631536
RP11-407N17.4	SRR5950447	1.1539830975965506
RP11-407N17.4	SRR5950448	1.1543244711383844
RP11-407N17.4	SRR5950449	1.1543861423812125
RP11-407N17.4	SRR5950450	1.1544018504729736
RP11-407N17.4	SRR5950451	1.1544080735423528
RP11-407N17.4	SRR5950452	1.154099487946561
RP11-407N17.4	SRR5950453	1.1543930374941627
RP11-407N17.4	SRR5950454	1.1540976154898277
RP11-407N17.4	SRR5950455	1.1543930374941627
RP11-407N17.4	SRR5950456	1.1542881659876676
RP11-407N17.4	SRR5950457	1.1542129775631536
RP11-407N17.4	SRR5950458	1.1544080735423528
RP11-407N17.4	SRR5950459	1.1542612816136126
RP11-407N17.4	SRR5950460	1.1542612816136126
RP11-407N17.4	SRR5950461	1.1543244711383844
RP11-407N17.4	SRR5950462	1.1538715423531325
RP11-407N17.4	SRR5950463	1.1541454974839138
RP11-407N17.4	SRR5950464	1.1541014455850918
RP11-407N17.4	SRR5950465	1.1495981461456477
RP11-407N17.4	SRR5950466	1.1543861423812125
RP11-407N17.4	SRR5950467	1.1542763738511965
RP11-407N17.4	SRR5950468	1.1543244711383844
RP11-407N17.4	SRR5950469	1.1542129775631536
RP11-407N17.4	SRR5950470	1.1544018504729736
RP11-407N17.4	SRR5963912	1.1544080735423528
RP11-407N17.4	SRR5963913	1.154118135098547
RP11-407N17.4	SRR5963914	1.1544080735423528
RP11-407N17.4	SRR5963915	1.154119770897195
RP11-407N17.4	SRR5963916	1.1538752034369077
RP11-407N17.4	SRR5963917	1.154243037085462
RP11-407N17.4	SRR5963918	1.1542612816136126
RP11-407N17.4	SRR5963919	1.1543861423812125
RP11-407N17.4	SRR5963920	1.1542763738511965
RP11-407N17.4	SRR5963921	1.1543930374941627
RP11-407N17.4	SRR5963922	1.1542342444976637
RP11-407N17.4	SRR5963923	1.1542612816136126
RP11-407N17.4	SRR5963924	1.1543861423812125
RP11-407N17.4	SRR5963925	1.154118135098547
RP11-407N17.4	SRR5963926	1.154118135098547
RP11-407N17.4	SRR5963927	1.1544018504729736
RP11-407N17.4	SRR5963928	1.1540843659274789
RP11-407N17.4	SRR5963929	1.154328975937927
RP11-407N17.4	SRR5963930	1.1539394876265088
RP11-407N17.4	SRR5963931	1.1544066367558048
RP11-407N17.4	SRR5963932	1.1542881659876676
RP11-407N17.4	SRR5963933	1.1542193125787963
RP11-407N17.4	SRR5963934	1.153987572083333
RP11-407N17.4	SRR5963935	1.1544080735423528
RP11-407N17.4	SRR5963936	1.1541014455850918
RP11-407N17.4	SRR5963937	1.1537833054890896
RP11-407N17.4	SRR5963938	1.1543244711383844
RP11-407N17.4	SRR5963939	1.1543861423812125
RP11-407N17.4	SRR5963940	1.1543861423812125
RP11-407N17.4	SRR5963941	1.1544080735423528
RP11-407N17.4	SRR5963942	1.1544080735423528
RP11-407N17.4	SRR5963943	1.1543930374941627
RP11-407N17.4	SRR5963944	1.1544080735423528
RP11-407N17.4	SRR5963945	1.1544066367558048
RP11-407N17.4	SRR5963946	1.154328975937927
RP11-407N17.4	SRR5963947	1.154328975937927
RP11-407N17.4	SRR5963948	1.154328975937927
RP11-407N17.4	SRR6467548	3.0294028720717527
RP11-407N17.4	SRR6467549	3.0500888571128515
RP11-407N17.4	SRR6467550	3.0284512476616405
RP11-407N17.4	SRR6467551	4.066048115752597
RP11-407N17.4	SRR6467552	2.0331877944575245
RP11-407N17.4	SRR6467553	2.0638644430325024
RP11-407N17.4	SRR6467554	4.090301541155884
RP11-407N17.4	SRR6467555	1.0144266845639887
RP11-407N17.4	SRR6467556	6.071109490688527
RP11-407N17.4	SRR6467557	3.0343253786517783
RP11-407N17.4	SRR6467558	3.0608769017952984
RP11-407N17.4	SRR6467559	5.010961568682066
RP11-407N17.4	SRR6467560	2.0204734951882255
RP11-407N17.4	SRR6467561	3.0224116666233027
RP11-407N17.4	SRR6467562	4.015199454311029
RP11-407N17.4	SRR6467563	7.043390911545016
RP11-407N17.4	SRR6467564	1.007316154609257
RP11-407N17.4	SRR6467565	3.029142095666656
RP11-407N17.4	SRR6467566	4.110432356193743
RP11-407N17.4	SRR6467567	2.022198442670905
RP11-407N17.4	SRR6467568	6.024618101905633
RP11-407N17.4	SRR6467569	3.0440156319948732
RP11-407N17.4	SRR6467570	3.6991664001609914
RP11-407N17.4	SRR6467571	4.002880152427062
RP11-407N17.4	SRR6467572	3.018544645818833
RP11-407N17.4	SRR6467573	2.013659395454116
RP11-407N17.4	SRR6467574	6
RP11-407N17.4	SRR6467575	6.2884406791331235
RP11-407N17.4	SRR6467576	1.0047192251993753
RP11-407N17.4	SRR6467577	8.011524757347253
RP11-407N17.4	SRR6467578	3.029587940333736
RP11-407N17.4	SRR6467579	5.053452637419097
RP11-407N17.4	SRR6467580	3.809440732305903
RP11-407N17.4	SRR6467581	2.579844876105506
RP11-407N17.4	SRR6467582	5.648702813007702
RP11-407N17.4	SRR6467583	1
RP11-407N17.4	SRR6467584	2.0073335108039236
RP11-407N17.4	SRR6467585	5.0863448797863
RP11-407N17.4	SRR6467586	4.203467455555069
RP11-407N17.4	SRR6467587	1.5802387481757407
RP11-407N17.4	SRR6467588	13.920568669021794
RP11-407N17.4	SRR6467589	8
RP11-407N17.4	SRR6467590	7.019658578057799
RP11-407N17.4	SRR6467591	5.052836075585319
RP11-407N17.4	SRR6467592	3.023354451437776
RP11-407N17.4	SRR6467593	5.022850922904613
RP11-407N17.4	SRR6467594	5.880172616437206
RP11-407N17.4	SRR6467595	5.010961568682066
RP11-407N17.4	SRR6467596	8
RP11-407N17.4	SRR6467597	2.547873191732915
RP11-407N17.4	SRR6467598	2.6829384543348977
RP11-407N17.4	SRR6467599	4.0151217060664015
RP11-407N17.4	SRR6467600	4.019292253156188
RP11-407N17.4	SRR6467601	2.0111540535268575
RP11-407N17.4	SRR6467602	2.544419424120213
RP11-407N17.4	SRR6467603	4
RP11-407N17.4	SRR6467604	3.012770776223815
RP11-407N17.4	SRR6467605	2.007210757633995
RP11-407N17.4	SRR6467606	4
RP11-407N17.4	SRR6467607	4
RP11-407N17.4	SRR6467608	1.0026279344264644
RP11-407N17.4	SRR6467609	4.000719843767808
RP11-407N17.4	SRR6467610	2.0200965644097244
RP11-407N17.4	SRR6467611	4.936478936937138
RP11-407N17.4	SRR6467612	3.017416790024748
RP11-407N17.4	SRR6467613	4
RP11-407N17.4	SRR6467614	1
RP11-407N17.4	SRR6467615	4.051216647537158
RP11-407N17.4	SRR6467616	4.039583831276937
RP11-407N17.4	SRR6467617	3.0201328532584086
RP11-407N17.4	SRR6467618	6
RP11-407N17.4	SRR6467619	6.464266856436311
RP11-407N17.4	SRR6467620	3.0078838032793933
RP11-407N17.4	SRR6467621	3.015369852680957
RP11-407N17.4	SRR6467622	1.0150684403228711
RP11-407N17.4	SRR6467623	2.8721847554078592
RP11-407N17.4	SRR6467624	4.000719843767808
RP11-407N17.4	SRR6467625	5
RP11-407N17.4	SRR6467626	3
RP11-407N17.4	SRR6467627	4.04021083026415
RP11-407N17.4	SRR6467628	5
RP11-407N17.4	SRR6467629	4.373706875851627
RP11-407N17.4	SRR6467630	3.002160114320297
RP11-407N17.4	SRR6467631	7.0063009003921755
RP11-407N17.4	SRR6467632	5.035966269715551
RP11-407N17.4	SRR6467633	5
RP11-407N17.4	SRR6467634	7.028173541184694
RP11-407N17.4	SRR6467635	1.7682355004848354
RP11-407N17.4	SRR6467636	3.0303238899644236
RP11-407N17.4	SRR6467637	1
RP11-407N17.4	SRR6467638	6
RP11-407N17.4	SRR6467639	2.0064000158761304
RP11-407N17.4	SRR6467640	11.23016349768335
RP11-407N17.4	SRR6467641	3.027927777974978
RP11-407N17.4	SRR6467642	1.705807378027292
RP11-407N17.4	SRR6467643	2.0250325383871886
RP11-407N17.4	SRR6467644	5
RP11-407N17.4	SRR6467645	2.4791870712699597
RP11-407N17.4	SRR6467646	5
RP11-407N17.4	SRR6467647	5.324584189168649
RP11-407N17.4	SRR6467648	2.0116111933498324
RP11-407N17.4	SRR6467649	3.0158876440289006
RP11-407N17.4	SRR6467650	3.0164232808870515
RP11-407N17.4	SRR6467651	4.011765450515405
RP11-407N17.4	SRR6467652	6.0010797656517125
RP11-407N17.4	SRR6467653	4.0398136809972804
RP11-407N17.4	SRR6467654	2.007494177578904
RP11-407N17.4	SRR6467655	3
RP11-407N17.4	SRR6467656	7.615916741897973
RP11-407N17.4	SRR6467657	5
RP11-407N17.4	SRR6467658	1
RP11-407N17.4	SRR6467659	1.5838870824603206
RP11-407N17.4	SRR6467660	1.0068477100204776
RP11-407N17.4	SRR6467661	7.019179640025504
RP11-407N17.4	SRR6467662	4.474376952493147
RP11-407N17.4	SRR6467663	3.0084251048819137
RP11-407N17.4	SRR6467664	5.7929375398473635
RP11-407N17.4	SRR6467665	3
RP11-407N17.4	SRR6467666	7
RP11-407N17.4	SRR6467667	4.245111395280953
RP11-407N17.4	SRR6467668	4.340336989319288
RP11-407N17.4	SRR6467669	3
RP11-407N17.4	SRR6467670	3
RP11-407N17.4	SRR6467671	4.687011662287837
RP11-407N17.4	SRR6467672	3.026584142764819
RP11-407N17.4	SRR6467673	3.0287899491184818
RP11-407N17.4	SRR6467674	3.018941479870403
RP11-407N17.4	SRR6467675	4.034619601798497
RP11-407N17.4	SRR6467676	6.968261802306598
RP11-407N17.4	SRR6467677	5
RP11-407N17.4	SRR6467678	3
RP11-407N17.4	SRR6467679	6
RP11-407N17.4	SRR6467680	2.021458791331528
RP11-407N17.4	SRR6467681	7
RP11-407N17.4	SRR6467682	3.018033507195092
RP11-407N17.4	SRR6467683	3.0335974020659884
RP11-407N17.4	SRR6467684	2.005222271977506
RP11-407N17.4	SRR6467685	3.0423102699108737
RP11-407N17.4	SRR6467686	1.0014712162978496
RP11-407N17.4	SRR6467687	7.3226623235283475
RP11-407N17.4	SRR6467688	4.99292678787846
RP11-407N17.4	SRR6467689	4.0398035156922925
RP11-407N17.4	SRR6467690	2.0109678398586577
RP11-407N17.4	SRR6467691	5.027817109026187
RP11-407N17.4	SRR6467692	5.005401257787007
RP11-407N17.4	SRR6467693	5.947833743910253
RP11-407N17.4	SRR6467694	2.0151922379632485
RP11-407N17.4	SRR6467695	5.022850922904613
RP11-407N17.4	SRR6467696	2.699645794260551
RP11-407N17.4	SRR6467697	5
RP11-407N17.4	SRR6467698	2.009392129777531
RP11-407N17.4	SRR6467699	3
RP11-407N17.4	SRR6467700	0.7267923852742925
RP11-407N17.4	SRR6467701	6
RP11-407N17.4	SRR6467702	4.057354129506591
RP11-407N17.4	SRR6467703	4.049578096592162
RP11-407N17.4	SRR6467704	4.011233473175885
RP11-407N17.4	SRR6467705	3.019596755209946
RP11-407N17.4	SRR6467706	1.0184483735704168
RP11-407N17.4	SRR6467707	2
RP11-407N17.4	SRR6467708	2.0034525039004247
RP11-407N17.4	SRR6467709	5
RP11-407N17.4	SRR6467710	3.002700385882361
RP11-407N17.4	SRR6467711	2.0027316121052943
RP11-407N17.4	SRR6467712	2.0225897240427924
RP11-407N17.4	SRR6467713	4.339832290369622
RP11-407N17.4	SRR6467714	2.0119732047950287
RP11-407N17.4	SRR6467715	5
RP11-407N17.4	SRR6467716	5
RP11-407N17.4	SRR6467717	4.049137507409056
RP11-407N17.4	SRR6467718	2.0308461148547408
RP11-407N17.4	SRR6467719	3.010970765795469
RP11-407N17.4	SRR6467720	11
RP11-407N17.4	SRR6467721	3.0048624445833965
RP11-407N17.4	SRR6467722	4
RP11-407N17.4	SRR6467723	2
RP11-407N17.4	SRR6467724	7
RP11-407N17.4	SRR6467725	3
RP11-407N17.4	SRR6467726	4.786409282548589
RP11-407N17.4	SRR6467727	5.011710100081809
RP11-407N17.4	SRR6467728	3
RP11-407N17.4	SRR6467729	3.020810479239179
RP11-407N17.4	SRR6467730	4.008579517730009
RP11-407N17.4	SRR6467731	5.049476679466835
RP11-407N17.4	SRR6467732	5.6513711715236425
RP11-407N17.4	SRR6467733	3.0051787558506367
RP11-407N17.4	SRR6467734	3.96397360905095
RP11-407N17.4	SRR6467735	3.0248945083902914
RP11-407N17.4	SRR6467736	3.0186327394333237
RP11-407N17.4	SRR6467737	3.018687521930897
RP11-407N17.4	SRR6467738	4.001439817079379
RP11-407N17.4	SRR6467739	3
RP11-407N17.4	SRR6467740	1.0053993370958376
RP11-407N17.4	SRR6467741	2.004023981429434
RP11-407N17.4	SRR6467742	4
RP11-407N17.4	SRR6467743	4
RP11-407N17.4	SRR6467744	5
RP11-407N17.4	SRR6467745	8.003722069060633
RP11-407N17.4	SRR6467746	1.007980111823691
RP11-407N17.4	SRR6467747	4.220561357401428
RP11-407N17.4	SRR6467748	5.7040888635198765
RP11-407N17.4	SRR6467749	1
RP11-407N17.4	SRR6467750	5.011863346046051
RP11-407N17.4	SRR6467751	2.030233881613232
RP11-407N17.4	SRR6467752	3.0247798960266734
RP11-407N17.4	SRR6467753	7.317684880583376
RP11-407N17.4	SRR6467754	1.6696158996723334
RP11-407N17.4	SRR6467755	4.473072558823759
RP11-407N17.4	SRR6467756	3.0037812207073236
RP11-407N17.4	SRR6467757	6
RP11-407N17.4	SRR6467758	5
RP11-407N17.4	SRR6467759	5.028414401544884
RP11-407N17.4	SRR6467760	1.0077326390518404
RP11-407N17.4	SRR6467761	1.0036974451020118
RP11-407N17.4	SRR6467762	5.025087447909713
RP11-407N17.4	SRR6467763	1.9175397821898468
RP11-407N17.4	SRR6467764	7.913346709016393
RP11-407N17.4	SRR6467765	3.0037812207073236
RP11-407N17.4	SRR6467766	5.074327317903549
RP11-407N17.4	SRR6467767	2.0136338479917937
RP11-407N17.4	SRR6467768	6.074943720428598
RP11-407N17.4	SRR6467769	5.089925976538256
RP11-407N17.4	SRR6467770	1
RP11-407N17.4	SRR6467771	3.135422487348005
RP11-407N17.4	SRR6467772	6.0429747441177355
RP11-407N17.4	SRR6467773	6.023718286128046
RP11-407N17.4	SRR6868540	1.0146754396324102
RP11-407N17.4	SRR6868541	2.0549269407130564
RP11-407N17.4	SRR6868542	1.0476955519171316
RP11-407N17.4	SRR6868543	1.0150863239093106
RP11-407N17.4	SRR6868544	1.0078390786606577
RP11-407N17.4	SRR6868545	2.0494152129307595
RP11-407N17.4	SRR6868546	3.0470152777926365
RP11-407N17.4	SRR6868557	1.0591086838663382
RP11-407N17.4	SRR6868558	1.0490872194289762
RP11-407N17.4	SRR6868559	1.0325281504175436
RP11-407N17.4	SRR6868560	1.0099740186645438
RP11-407N17.4	SRR6868569	1.0617761523220262
RP11-407N17.4	SRR6868570	1.0214163604819042
RP11-407N17.4	SRR6868571	1.0443666123323176
RP11-407N17.4	SRR6868572	3.0352541717746773
RP11-407N17.4	SRR6868573	2.081993367278577
RP11-407N17.4	SRR6868574	1.0122229259475997
RP11-407N17.4	SRR6868575	1.025805444460916
RP11-407N17.4	SRR6868576	4.063598580496097
RP11-407N17.4	SRR6868577	1.0321919880224188
RP11-407N17.4	SRR6868578	2.0310401242025513
RP11-407N17.4	SRR6868579	1.0437286829000922
RP11-407N17.4	SRR6868580	3.0322581976099507
RP11-407N17.4	SRR6868581	2.0678826065885447
RP11-407N17.4	SRR6868582	2.065631076306169
RP11-407N17.4	SRR6868585	1.0220689021157627
RP11-407N17.4	SRR6868586	3.178511627546025
RP11-407N17.4	SRR6868587	1.059951714856934
RP11-407N17.4	SRR6868588	2.014370467112545
RP11-407N17.4	SRR6868589	2.0220349732239513
RP11-407N17.4	SRR6868590	5.160169532386235
RP11-407N17.4	SRR6868591	2.0260472777064846
RP11-407N17.4	SRR6868604	1.075755471099352
RP11-407N17.4	SRR6868605	1.0318130709448758
RP11-407N17.4	SRR6868606	3.1217816327232017
RP11-407N17.4	SRR6868607	1.0342544525714972
RP11-407N17.4	SRR6868608	1.024176000194289
RP11-407N17.4	SRR6868609	1.0438891054924728
RP11-407N17.4	SRR6868610	2.077853909922782
RP11-407N17.4	SRR6868620	3.0338435391111935
RP11-407N17.4	SRR6868621	2.0436509949536723
RP11-407N17.4	SRR6868622	1.0239774453836796
RP11-407N17.4	SRR6868623	1.0547630248890674
RP11-407N17.4	SRR6868636	2.087440071572693
RP11-407N17.4	SRR6868637	1.0258536501967699
RP11-407N17.4	SRR6868638	2.092250717155033
RP11-407N17.4	SRR6868639	2.0215000419107043
RP11-407N17.4	SRR6868650	4.15840001854586
RP11-407N17.4	SRR6868651	1.0289509945514346
RP11-407N17.4	SRR6868652	2.060815570271791
RP11-407N17.4	SRR6868653	1.0187981972446098
RP11-407N17.4	SRR6868654	2.0300615916470077
RP11-407N17.4	SRR6868655	1.0348903243422032
RP11-407N17.4	SRR6868665	1.0144233528894921
RP11-407N17.4	SRR6868666	3.0307102427823382
RP11-407N17.4	SRR6868667	2.0229876051548854
RP11-407N17.4	SRR6868668	2.0149061110926105
RP11-407N17.4	SRR6868669	4.030507715328406
RP11-407N17.4	SRR6868670	1.0177421086096043
RP11-407N17.4	SRR6868671	2.028891986290643
RP11-407N17.4	SRR6868683	2.0253736533366813
RP11-407N17.4	SRR6868684	1.0156791364509994
RP11-407N17.4	SRR6868685	2.0426242891627338
RP11-407N17.4	SRR6868686	3.030837110105589
RP11-407N17.4	SRR6868687	1.0278872533572148
RP11-407N17.4	SRR6868688	1.0267982277074879
RP11-407N17.4	SRR6868689	3.043817728414848
RP11-407N17.4	SRR6868698	1.0182196176757388
RP11-407N17.4	SRR6868699	5.035277892882558
RP11-407N17.4	SRR6868700	2.0321099467678017
RP11-407N17.4	SRR6868701	3.0314628410154194
RP11-407N17.4	SRR6868702	3.0230362270805764
RP11-407N17.4	SRR6868713	2.020906915361495
RP11-407N17.4	SRR6868714	2.036829022220917
RP11-407N17.4	SRR6868715	2.0165977004867326
RP11-407N17.4	SRR6868716	4.026789323146046
RP11-407N17.4	SRR6868717	2.020502807534282
RP11-407N17.4	SRR6868718	3.0117042771908498
RP11-407N17.4	SRR6868719	4.006483259444528
RP11-407N17.4	SRR6868720	3.0151828523897772
RP11-407N17.4	SRR6868721	2.022482194431232
RP11-407N17.4	SRR6868722	3.0502917164305745
RP11-407N17.4	SRR6868723	3.058458905211332
RP11-407N17.4	SRR6868724	1.0096892656036671
RP11-407N17.4	SRR6868725	3.012534030099097
RP11-407N17.4	SRR6868726	2.004825566622048
RP11-407N17.4	SRR6868741	2.028882916012723
RP11-407N17.4	SRR7632756	1.0082812760242865
RP11-407N17.4	SRR7632757	3.083364126077698
RP11-407N17.4	SRR7632758	2.021319840099832
RP11-407N17.4	SRR7632759	3.089569017240837
RP11-407N17.4	SRR7632760	3.0609331348497344
RP11-407N17.4	SRR7632761	2.0142433371147286
RP11-407N17.4	SRR7632762	1.0487026522067118
RP11-407N17.4	SRR7632763	2.0328259511178666
RP11-407N17.4	SRR7632764	1.0370326174074103
RP11-407N17.4	SRR7632765	3.0078838032793933
RP11-407N17.4	SRR7632766	2.0624140057631832
RP11-407N17.4	SRR7632767	1.00237266920921
RP11-407N17.4	SRR7632768	1.016230093834007
RP11-407N17.4	SRR7632769	2.0229895637014517
RP11-407N17.4	SRR7632770	2.0165478043518386
RP11-407N17.4	SRR7632771	1.0260355560571814
RP11-407N17.4	SRR7632772	1.0193139826231485
RP11-407N17.4	SRR7632773	2.0108264687760875
RP11-407N17.4	SRR7632774	3.019033791793645
RP11-407N17.4	SRR7632775	1.0225378532123717
RP11-407N17.4	SRR7632776	2.075918964821439
RP11-407N17.4	SRR7632777	2.048296898282949
RP11-407N17.4	SRR7632778	5.020822120014215
RP11-407N17.4	SRR7632779	2.0524406135733835
RP11-407N17.4	SRR7632780	3.0111330744423683
RP11-407N17.4	SRR7632781	1.0615459002112622
RP11-407N17.4	SRR7632782	2.027380371729161
RP11-407N17.4	SRR7632783	2.0147129330903053
RP11-407N17.4	SRR7632784	1.008719543389948
RP11-407N17.4	SRR7632785	2.014396103510675
RP11-407N17.4	SRR7632786	1.0416272812793046
RP11-407N17.4	SRR7632787	4.015572643923323
RP11-407N17.4	SRR7632788	2.004534328162457
RP11-407N17.4	SRR7632789	1.0182058416695656
RP11-407N17.4	SRR7632790	1.0098400917692503
RP11-407N17.4	SRR7632791	1.0448790382400983
RP11-407N17.4	SRR7632792	2.0147129330903053
RP11-407N17.4	SRR7632793	2.0242816077231653
RP11-407N17.4	SRR7632794	2.0139008999059707
RP11-407N17.4	SRR7632795	4.012909791997004
RP11-407N17.4	SRR7632796	2.0344558799916235
RP11-407N17.4	SRR7632797	1.150699232136202
RP11-407N17.4	SRR7632798	2.0114609641526155
RP11-407N17.4	SRR7632799	1.0307926732391595
RP11-407N17.4	SRR7632800	4.060217638287562
RP11-407N17.4	SRR7632801	4.0210510995691156
RP11-407N17.4	SRR7632802	1.0350311676136474
RP11-407N17.4	SRR7632803	3.0720959028859953
RP11-407N17.4	SRR7632804	1.0405209189801317
RP11-407N17.4	SRR7632805	2.0061888314564427
RP11-407N17.4	SRR7632806	3.0138434815237467
RP11-407N17.4	SRR7632807	2.017386325273424
RP11-407N17.4	SRR7632808	1.0082200216621664
RP11-407N17.4	SRR7632809	4.195317985016436
RP11-407N17.4	SRR7632810	2.008356020066065
RP11-407N17.4	SRR7632811	3.0204001661224322
RP11-407N17.4	SRR7632812	1.007179332046641
RP11-407N17.4	SRR7632813	3.0185952205954254
RP11-407N17.4	SRR7632814	3.010615335769459
RP11-407N17.4	SRR7632815	1.0078464493290136
RP11-407N17.4	SRR7632816	1.0754074903933615
RP11-407N17.4	SRR7632817	2.08334970306885
RP11-407N17.4	SRR7632818	2.0108536746284926
RP11-407N17.4	SRR7632819	3.007342599072492
RP11-407N17.4	SRR7632820	2.013761989887811
RP11-407N17.4	SRR7632821	4.0069050078008495
RP11-407N17.4	SRR7632822	1.0125326368597183
RP11-407N17.4	SRR7632823	4.014722514981128
RP11-407N17.4	SRR7632824	3.013710553742768
RP11-407N17.4	SRR7632825	3.0084251048819137
RP11-407N17.4	SRR7632826	3.0019359099087386
RP11-407N17.4	SRR7632827	2.110080193592728
RP11-407N17.4	SRR7632828	1.0261404595811736
RP11-407N17.4	SRR7632829	3.043393583812277
RP11-407N17.4	SRR7632830	1.0486021527253222
RP11-407N17.4	SRR7632831	3.027802459780908
RP11-407N17.4	SRR7632832	2.0292391449143286
RP11-407N17.4	SRR7632833	1.0516979198200802
RP11-407N17.4	SRR7632834	2.058609422676708
RP11-407N17.4	SRR7632835	1.110030669431967
RP11-407N17.4	SRR7632836	1.014927231447063
RP11-407N17.4	SRR7632837	1.006427797534363
RP11-407N17.4	SRR7632838	1.025209041964611
RP11-407N17.4	SRR7632839	2.0229876051548854
RP11-407N17.4	SRR7632840	2.0614677107050667
RP11-407N17.4	SRR7632841	1.1191732546509214
RP11-407N17.4	SRR7632842	4.007558948796769
RP11-407N17.4	SRR7632843	2.07503422549201
RP11-407N17.4	SRR7632844	1.0397421924636505
RP11-407N17.4	SRR7632845	2.0100136777095443
RP11-407N17.4	SRR7632846	1.049674009840069
RP11-407N17.4	SRR7632847	2.0471615056086887
RP11-407N17.4	SRR7632848	3.0274837672468475
RP11-407N17.4	SRR7632849	2.0227407844093404
RP11-407N17.4	SRR7632850	2.025819803305523
RP11-407N17.4	SRR7632851	3.0304638192710827
RP11-407N17.4	SRR7632852	3.0037812207073236
RP11-407N17.4	SRR7632853	4.020273204590234
RP11-407N17.4	SRR7632854	1.006604989330596
RP11-407N17.4	SRR7632855	1
RP11-407N17.4	SRR7632856	2.012943727552918
RP11-407N17.4	SRR7632857	2.1475608896878002
RP11-407N17.4	SRR7632858	1.0371716501108719
RP11-407N17.4	SRR7632859	1.03970249147232
RP11-407N17.4	SRR7632860	1.0755034509256032
RP11-407N17.4	SRR7632861	2.1088173813603315
RP11-407N17.4	SRR7632862	2.0705722153656776
RP11-407N17.4	SRR7632863	1.1276773456759084
RP11-407N17.4	SRR7632864	1.121531795981538
RP11-407N17.4	SRR7632865	3.00432178400522
RP11-407N17.4	SRR7632866	1.0056799316660756
RP11-407N17.4	SRR7632867	1.0103238937591081
RP11-407N17.4	SRR7632868	1.02565491505434
RP11-407N17.4	SRR7632869	1.0244411256785808
RP11-407N17.4	SRR7632870	1.0038432721370993
RP11-407N17.4	SRR7632871	1.0509978397928912
RP11-407N17.4	SRR7632872	2.064566695289286
RP11-407N17.4	SRR7632873	1.0041780100330324
RP11-407N17.4	SRR7632874	2.0053171847237667
RP11-407N17.4	SRR7632875	2.003302884002545
RP11-407N17.4	SRR7632876	2.028295591510296
RP11-407N17.4	SRR7632877	1.041135031463042
RP11-407N17.4	SRR7632878	2.044235258062584
RP11-407N17.4	SRR7632879	6.01360298448737
RP11-407N17.4	SRR7632880	4.070228055926873
RP11-407N17.4	SRR7632881	2.0276778690892807
RP11-407N17.4	SRR7632882	3.07194645296472
RP11-407N17.4	SRR7632883	1.022587298485006
RP11-407N17.4	SRR7632884	3.1015044141297254
RP11-407N17.4	SRR7632885	1.0050174895819426
RP11-407N17.4	SRR7632886	1.0323339725546605
RP11-407N17.4	SRR7632887	3.030394207794977
RP11-407N17.4	SRR7632888	2.0762439384408053
RP11-407N17.4	SRR7632889	2.068452327732724
RP11-407N17.4	SRR7632890	2.204291170176127
RP11-407N17.4	SRR7632891	1.0472249706717598
RP11-407N17.4	SRR7632892	1.0058289958076159
RP11-407N17.4	SRR7632893	2.0764660918819327
RP11-407N17.4	SRR7632894	1.04730409167774
RP11-407N17.4	SRR7632895	2.023262422498203
RP11-407N17.4	SRR7632896	2.045585771885336
RP11-407N17.4	SRR7632897	3.0122682959061047
RP11-407N17.4	SRR7632898	2.007494177578904
RP11-407N17.4	SRR7632899	1.0069401334995287
RP11-407N17.4	SRR7632900	2.013388168479794
RP11-407N17.4	SRR7632901	4.0254569990506255
RP11-407N17.4	SRR7632902	2.0876978013490315
RP11-407N17.4	SRR7632903	2.0088615800394773
RP11-407N17.4	SRR7632904	1.052639407087551
RP11-407N17.4	SRR7632905	2.186357649027693
RP11-407N17.4	SRR7632906	1.016476826235516
RP11-407N17.4	SRR7632907	1.0277502386473942
RP11-407N17.4	SRR7632908	2.0080750176944067
RP11-407N17.4	SRR7632909	4.013821935384881
RP11-407N17.4	SRR7632910	1.0381442455517274
RP11-407N17.4	SRR7632911	2.025963857489937
RP11-407N17.4	SRR7632912	2.031316035458598
RP11-407N17.4	SRR7632913	1.0588628832226115
RP11-407N17.4	SRR7632914	2.0625887223008044
RP11-407N17.4	SRR7632915	1.0449661158479286
RP11-407N17.4	SRR7632916	2.039927640612705
RP11-407N17.4	SRR7632917	3.1576431641541856
RP11-407N17.4	SRR7632918	2.0518143478281914
RP11-407N17.4	SRR7632919	3.0261486791440033
RP11-407N17.4	SRR7632920	2.023219655142726
RP11-407N17.4	SRR7632921	1.0121840603993095
RP11-407N17.4	SRR7632922	1.008703153846645
RP11-407N17.4	SRR7632923	3.0313439544317955
RP11-407N17.4	SRR7632924	2.059108192232074
RP11-407N17.4	SRR7632925	2.070241081365957
RP11-407N17.4	SRR7632926	1.0185058970869778
RP11-407N17.4	SRR7632927	1.0206217073187331
RP11-407N17.4	SRR7632928	4.013305838751905
RP11-407N17.4	SRR7632929	3.122655609433021
RP11-407N17.4	SRR7632930	4.003600514509815
RP11-407N17.4	SRR7632931	6.004320228640594
RP11-407N17.4	SRR7632932	3.0772624128219053
RP11-407N17.4	SRR7632933	2.042561945524309
RP11-407N17.4	SRR7632934	4.017674123749153
RP11-407N17.4	SRR7632935	2.020225550036113
RP11-407N17.4	SRR7632936	2.04225202420872
RP11-407N17.4	SRR7632937	2.0288956567709437
RP11-407N17.4	SRR7632938	1.0267598473930304
RP11-407N17.4	SRR7632939	1.0281771467044196
RP11-407N17.4	SRR7632940	1.0065268639064227
RP11-407N17.4	SRR7632941	2.0431477818073476
RP11-407N17.4	SRR7632942	1.0358766269652808
RP11-407N17.4	SRR7632943	5
RP11-407N17.4	SRR7632944	2.0368542927336217
RP11-407N17.4	SRR7632945	5
RP11-407N17.4	SRR8928966	2.0176942204947927
RP11-407N17.4	SRR8928967	4.068112919849637
RP11-407N17.4	SRR8928968	5.041560534126039
RP11-407N17.4	SRR8928969	1.0083022278420297
RP11-407N17.4	SRR8928970	1.0095999056134282
RP11-407N17.4	SRR8928971	2.0153788428066086
RP11-407N17.4	SRR8928972	1.0535590264470536
RP11-407N17.4	SRR8928973	2.011931269861481
RP11-407N17.4	SRR8928974	1.084964542884935
RP11-407N17.4	SRR8928975	1.0422268823538081
RP11-407N17.4	SRR8928976	1.0418215850993868
RP11-407N17.4	SRR8928977	12.233584965618208
RP11-407N17.4	SRR8928978	9.167543512648093
RP11-407N17.4	SRR8928979	1.019328713740916
RP11-407N17.4	SRR8928980	1.0157058979511975
RP11-407N17.4	SRR8928981	3.035162253092433
RP11-407N17.4	SRR8928982	1.0114260163607005
RP11-407N17.4	SRR8928983	6.0114391413005475
RP11-407N17.4	SRR8928984	2.011145831224882
RP11-407N17.4	SRR8928985	1.0167967514698188
RP11-407N17.4	SRR8928986	2.0180260684375204
RP11-407N17.4	SRR8928987	2
RP11-407N17.4	SRR8928988	14
RP11-407N17.4	SRR8928989	3.0520323149447615
RP11-407N17.4	SRR8928990	2.021134430234128
RP11-407N17.4	SRR8928991	1.0177418771007531
RP11-407N17.4	SRR9835604	1.0142586981600068
RP11-407N17.4	SRR9835605	1.0055285640802187
RP11-407N17.4	SRR9835606	2.004253860508985
RP11-407N17.4	SRR9835607	1.0089702127219256
RP11-407N17.4	SRR9835608	1.0145480117591426
RP11-407N17.4	SRR9835609	1
RP11-407N17.4	SRR9835610	2.009211374738175
RP11-407N17.4	SRR9835611	5.005401257787007
RP11-407N17.4	SRR9835612	3.0079757770856506
RP11-407N17.4	SRR9835613	1.005907361762886
RP11-407N17.4	SRR9835614	3.02965023141011
RP11-407N17.4	SRR9835615	2.0782446581621787
RP11-407N17.4	SRR9835616	1.0073913876363687
RP11-407N17.4	SRR9835617	2.045975404149909
RP11-407N17.4	SRR9835618	1.0053242528371136
RP11-407N17.4	SRR9835619	5
RP11-407N17.4	SRR9835620	3.014068575271443
RP11-407N17.4	SRR9835621	4.026064788734305
RP11-407N17.4	SRR9835622	1.0027334775314678
RP11-407N17.4	SRR9835623	1.000179960941952
RP11-407N17.4	SRR9835624	1.0219149183661382
RP11-407N17.4	SRR9835625	2.0061552189497833
RP11-407N17.4	SRR9835626	1.007514607649033
RP11-407N17.4	SRR9835627	1.002042629816068
RP11-407N17.4	SRR9835628	1.0071447133676017
RP11-407N17.4	SRR9835629	1.0200204342909187
RP11-407N17.4	SRR9835630	1.0553618917185172
RP11-407N17.4	SRR9835631	1.0803218233387206
RP11-407N17.4	SRR9835632	4.009100682852696
RP11-407N17.4	SRR9835633	2.0147703704175406
RP11-407N17.4	SRR9835634	2.0123968137302835
RP11-407N17.4	SRR9835635	3.029316361639128
RP11-407N17.4	SRR9835636	2.0039627051004136
RP11-407N17.4	SRR9835637	2.0088592570467187
RP11-407N17.4	SRR9835638	2.0191108727601597
RP11-407N17.4	SRR9835639	2.0205862214080743
RP11-407N17.4	SRR9835640	4.066230677980062
RP11-407N17.4	SRR9835641	1.0037998635777572
RP11-407N17.4	SRR9835642	1.005744383945818
RP11-407N17.4	SRR9835643	2.0076333638644592
RP11-407N17.4	SRR9835644	3.009682343997753
RP11-407N17.4	SRR9835645	1.0291406134587315
RP11-407N17.4	SRR9835646	1.0091888588653615
RP11-407N17.4	SRR9835647	1.0024033193392368
RP11-407N17.4	SRR9835648	2.0595413445091366
RP11-407N17.4	SRR9835649	1.011356708865119
RP11-407N17.4	SRR9835650	5.01897003675712
RP11-407N17.4	SRR9835651	1.0007200381067656
RP11-407N17.4	SRR9835652	1.0155197645862681
RP11-407N17.4	SRR9835653	1.0027641386941393
RP11-407N17.4	SRR9835654	4.040184275501465
RP11-407N17.4	SRR9835655	2.01019806740697
RP11-407N17.4	SRR9835656	3.007935080665984
RP11-407N17.4	SRR9835657	2.02965167421675
RP11-407N17.4	SRR9835658	2.004023981429434
RP11-407N17.4	SRR9835659	1.0058777676606245
RP11-407N17.4	SRR9835660	1.007436116480086
RP11-407N17.4	SRR9835661	1.0040112076405936
RP11-407N17.4	SRR9835662	2.0238330239568794
RP11-407N17.4	SRR9835663	1.0198983921367524
RP11-407N17.4	SRR9835664	5.008631259751061
RP11-407N17.4	SRR9835665	3.012216944649585
RP11-407N17.4	SRR9835666	5
RP11-407N17.4	SRR9835667	1.008216661169957
RP11-407N17.4	SRR9835668	3
RP11-407N17.4	SRR9835669	2.0528465236187445
RP11-407N17.4	SRR9835670	3.040744178492153
RP11-407N17.4	SRR9835671	1.0133167044062266
RP11-407N17.4	SRR9835672	2.0034525039004247
RP11-407N17.4	SRR9835673	1.0225501145506797
RP11-407N17.4	SRR9835674	2.000930517265158
RP11-407N17.4	SRR9835675	2.010648505674227
RP11-407N17.4	SRR9835676	1.0888102986472097
RP11-407N17.4	SRR9835677	1.0026279344264644
RP11-407N17.4	SRR9835678	1.0058946208297335
RP11-407N17.4	SRR9835679	2.8933733707537805
RP11-407N17.4	SRR9835680	1.024155415648097
RP11-407N17.4	SRR9835681	1.003004620275643
RP11-407N17.4	SRR9835682	2.1204045000352427
RP11-407N17.4	SRR9835683	3.018687521930897
RP11-407N17.4	SRR9835684	2.0499351447984098
RP11-407N17.4	SRR9835685	1.0050068388547722
RP11-407N17.4	SRR9835686	2.0264732561614456
RP11-407N17.4	SRR9835687	2.0092632403392785
RP11-407N17.4	SRR9835688	1
RP11-407N17.4	SRR9835689	1.0072516016039186
RP11-407N17.4	SRR9835690	1.0020009198402668
RP11-407N17.4	SRR9835691	3.026426476377188
RP11-407N17.4	SRR9835692	1.0178751091142868
RP11-407N17.4	SRR9835693	2.0079674922843656
RP11-407N17.4	SRR9835694	2.0203180645014234
RP11-407N17.4	SRR9835695	1.0050899285244395
RP11-407N17.4	SRR9835696	3.0289246091469253
RP11-407N17.4	SRR9835697	3.0150524687458278
RP11-407N17.4	SRR9835698	1.0009307337307534
RP11-407N17.4	SRR9835699	4.006306550556867
RP11-407N17.4	SRR9835700	2.004384627472826
RP11-407N17.4	SRR9835701	2.0055831336663945
RP11-407N17.4	SRR9835702	2
RP11-407N17.4	SRR9835703	2.0021269581004013
RP11-407N17.4	SRR9835704	1.0045533536019593
RP11-407N17.4	SRR9835705	2.0078996199831276
RP11-407N17.4	SRR9835706	1.0786425861503106
RP11-407N17.4	SRR9835707	6.006481509344408
RP11-407N17.4	SRR9835708	2.0020109797048735
RP11-407N17.4	SRR9835709	2.0007199085396894
RP11-407N17.4	SRR9835710	1.0142530726569354
RP11-407N17.4	SRR9835711	6.002159725619069
RP11-407N17.4	SRR9835712	2.0050112115217136
RP11-407N17.4	SRR9835713	1.0019065235500912
RP11-407N17.4	SRR9835714	2.003092025572686
RP11-407N17.4	SRR9835715	3.0149283273535645
RP11-407N17.4	SRR9835716	3.008824087886554
RP11-407N17.4	SRR9835717	2.006849603089067
RP11-407N17.4	SRR9835718	1.0154090217747063
RP11-407N17.4	SRR9835719	1.0085412984265218
RP11-407N17.4	SRR9835720	1.0062218151362057
RP11-407N17.4	SRR9835721	1.0147479497795637
RP11-407N17.4	SRR9835722	1.0227754713008923
RP11-407N17.4	SRR9835723	3
RP11-407N17.4	SRR9835724	3.020718112990796
RP11-407N17.4	SRR9835725	2.0547912004868882
RP11-407N17.4	SRR9835726	3.002160114320297
RP11-407N17.4	SRR9835727	1.0067684015571978
RP11-407N17.4	SRR9835728	1.0405909251580585
RP11-407N17.4	SRR9835729	2.006461366732215
RP11-407N17.4	SRR9835730	3.0114916720437988
RP11-407N17.4	SRR9835731	1.0510108441028403
RP11-407N17.4	SRR9835732	2.009406825142395
RP11-407N17.4	SRR9835733	1.0044644481525995
RP11-407N17.4	SRR9835734	1.002553057138948
RP11-407N17.4	SRR9835735	2.0036021349729065
RP11-407N17.4	SRR9835736	1.0119742595178156
RP11-407N17.4	SRR9835737	3.0062604827754513
RP11-407N17.4	SRR9835738	2.0035685658048163
RP11-407N17.4	SRR9835739	1.0270643545377112
RP11-407N17.4	SRR9835740	1.0299228329417829
RP11-407N17.4	SRR9835741	6.031660021780993
RP11-407N17.4	SRR9835742	1.0186862015904543
RP11-407N17.4	SRR9835743	1.0342119740740032
RP11-407N17.4	SRR9835744	1.0058153874404083
RP11-407N17.4	SRR9835745	1.022326615823064
RP11-407N17.4	SRR9835746	1.0107941715568822
RP11-407N17.4	SRR9835747	2.010491864618749
RP11-407N17.4	SRR9835748	2.0608549564329586
RP11-407N17.4	SRR9835749	3
RP11-407N17.4	SRR9835750	2.016596338926861
RP11-407N17.4	SRR9835751	1.0080480222430843
RP11-407N17.4	SRR9835752	2.080909024508928
RP11-407N17.4	SRR9835753	1.0104884861324797
RP11-407N17.4	SRR9835754	1.0013658060526471
RP11-407N17.4	SRR9835755	2.028833885045216
RP11-407N17.4	SRR9835756	2.092812664640777
RP11-407N17.4	SRR9835757	3.0119919891835716
RP11-407N17.4	SRR9835758	1.0057304820763078
RP11-407N17.4	SRR9835759	1.0065088362437338
RP11-407N17.4	SRR9835760	1
RP11-407N17.4	SRR9835761	2.000359921883904
RP11-407N17.4	SRR9835762	1.1023719914822634
RP11-407N17.4	SRR9835763	3.0086957290098324
RP11-407N17.4	SRR9835764	4.010372713838933
RP11-407N17.4	SRR9835765	29.62313093023733
RP11-407N17.4	SRR9835766	1.0257855942277956
RP11-407N17.4	SRR9835767	1.0369668007927877
RP11-407N17.4	SRR9835768	3
RP11-407N17.4	SRR9835769	3
RP11-407N17.4	SRR9835770	2.0397944255081195
RP11-407N17.4	SRR9835771	1.0054132343880438
RP11-407N17.4	SRR9835772	1.012507584036827
RP11-407N17.4	SRR9835773	3
RP11-407N17.4	SRR9835774	1.0351205406829784
RP11-407N17.4	SRR9835775	2.0100669211716657
RP11-407N17.4	SRR9835776	1.0031693334479748
RP11-407N17.4	SRR9835777	2.004895066048328
RP11-407N17.4	SRR9835778	2.008294611277839
RP11-407N17.4	SRR9835779	1.0069981117179123
RP11-407N17.4	SRR9835780	2.003092025572686
RP11-407N17.4	SRR9835781	3.075670900885339
RP11-407N17.4	SRR9835782	2.0099185426757322
RP11-407N17.4	SRR9835783	4
RP11-407N17.4	SRR9835784	2.008077339780291
RP11-407N17.4	SRR9835785	1.0438963484044135
RP11-407N17.4	SRR9835786	2.0192511363326773
RP11-407N17.4	SRR9835787	1.0028083682939712
RP11-407N17.4	SRR9835788	3.0049543260038174
RP11-407N17.4	SRR9835789	4
RP11-407N17.4	SRR9835790	2.0141744828451875
RP11-407N17.4	SRR9835791	1.0271261374648186
RP11-407N17.4	SRR9835792	0.9928100228361384
RP11-407N17.4	SRR9835793	4.007925410200827
RP11-407N17.4	SRR9835794	4.000719843767808
RP11-407N17.4	SRR9835795	2.113560276113215
RP11-407N17.4	SRR9835796	2.0113575374504458
RP11-407N17.4	SRR9835797	2
RP11-407N17.4	SRR9835798	2.003092025572686
RP11-407N17.4	SRR9835799	3.005893694836776
RP11-407N17.4	SRR9835800	4.004552980344727
RP11-407N17.4	SRR9835801	3.015008190104737
RP11-407N17.4	SRR9835802	2.0079332617166834
RP11-407N17.4	SRR9867812	8
RP11-407N17.4	SRR9867813	15.245096030107801
RP11-407N17.4	SRR9867814	9.78845322116784
RP11-407N17.4	SRR9867815	39
RP11-407N17.4	SRR9867816	27.014579459716668
RP11-407N17.4	SRR9867817	3.048938717320001
RP11-407N17.4	SRR9867818	23.00656066622075
RP11-407N17.4	SRR9867819	18.75994451704429
RP11-407N17.4	SRR9867820	30.070260600490858
RP11-407N17.4	SRR9867821	23
RP11-407N17.4	SRR9867822	12.157598961175239
RP11-407N17.4	SRR9867823	22.003959140722944
RP11-407N17.4	SRR9867824	23.195985694533274
RP11-407N17.4	SRR9867825	18.23674130733151
RP11-407N17.4	SRR9867826	12.773657274174845
RP11-407N17.4	SRR9867827	35
RP11-407N17.4	SRR9867828	8.11969041236105
RP11-407N17.4	SRR9867829	28.845716921487735
RP11-407N17.4	SRR9867830	20.04023981429434
RP11-407N17.4	SRR9867831	15.148453131536188
RP11-407N17.4	SRR9879292	9.102977118090019
RP11-407N17.4	SRR9879293	4.061152442075916
RP11-407N17.4	SRR9879294	3.061492777813744
RP11-407N17.4	SRR9879295	3.0605413083115116
RP11-407N17.4	SRR9879296	3.0375488075807833
RP11-407N17.4	SRR9879297	4.064130484605654
RP11-407N17.4	SRR9879298	3.0344181609774092
RP11-407N17.4	SRR9879299	2.009345384224076
RP11-407N17.4	SRR9879300	1.0154291543241525
RP11-407N17.4	SRR9879301	4.009651133244096
RP11-407N17.4	SRR9879302	8.091098699207958
RP11-407N17.4	SRR9879303	8.044396179496564
RP11-407N17.4	SRR9879304	3.0514891493952763
RP11-407N17.4	SRR9879305	1.0111215743846396
RP11-407N17.4	SRR9879306	10
RP11-407N17.4	SRR9879307	5.470133699567044
RP11-407N17.4	SRR9879308	3.036386073226515
RP11-407N17.4	SRR9879309	1.0114738899666313
RP11-407N17.4	T50_307	10.06233098409452
RP11-407N17.4	T50_313	5.08566948553154
RP11-407N17.4	T50_317	7.125385415825104
RP11-407N17.4	T50_324	9.109318705822096
RP11-407N17.4	T50_427	7.1215440995404
RP11-407N17.4	T50_428	2.015679897669142
RP11-407N17.4	T50_431	14.086587108999803
RP11-407N17.4	T50_436	5.043577096956261
RP11-407N17.4	T50_476	6.050104189935341
RP11-407N17.4	UN_307	8.106478595232067
RP11-407N17.4	UN_313	6.0871860816455365
RP11-407N17.4	UN_317	9.075211888945192
RP11-407N17.4	UN_324	10.221880902289605
RP11-407N17.4	UN_427	11.0997230268567
RP11-407N17.4	UN_428	7.075549507724668
RP11-407N17.4	UN_431	9.096303292204148
RP11-407N17.4	UN_436	7.060131831563225
RP11-407N17.4	UN_476	8.081893980752902
