Gene	sample	counts
RP11-545A16.3	CM317	1.0496947053399786
RP11-545A16.3	CMCD140	1.0092852040017053
RP11-545A16.3	CMCD147	1.0387377232738804
RP11-545A16.3	CMCD152	4
RP11-545A16.3	CMCD154	4.0388117055329325
RP11-545A16.3	CMCD159	1.0826308846263835
RP11-545A16.3	CMCD161	1.0030637444667863
RP11-545A16.3	CMCD174	1.0883603953024104
RP11-545A16.3	CMCD196	1.0088734782641728
RP11-545A16.3	CMCD198	1.027928565649914
RP11-545A16.3	CMCD203	5.0158954927570765
RP11-545A16.3	CMCD211	4.809339791246546
RP11-545A16.3	CMCD227	4.096476003291829
RP11-545A16.3	CMCD240	18.513417968426726
RP11-545A16.3	CMCD259	3
RP11-545A16.3	CMCD270	2.010341719014156
RP11-545A16.3	CMCD275	1.0084289351631328
RP11-545A16.3	CMCD282	1.0127082910163139
RP11-545A16.3	CMCD286	14.040389284983496
RP11-545A16.3	CMCD287	7
RP11-545A16.3	CMCD294	1.061130699852429
RP11-545A16.3	CMCD327	1.0050818994069226
RP11-545A16.3	CMCD335	4.018618790635911
RP11-545A16.3	CMCD337	1.0066357688747274
RP11-545A16.3	CMCD357	1.0203676217787498
RP11-545A16.3	CMCD398	1.0058055966749162
RP11-545A16.3	CMCD403	1.007131956762018
RP11-545A16.3	CMCD422	5.010434137959086
RP11-545A16.3	CMCD426	1.109996027604914
RP11-545A16.3	CMCD71	1.0063256548892079
RP11-545A16.3	CMCD72	1.1440405671509037
RP11-545A16.3	CMCD76	13.02947313305597
RP11-545A16.3	CMCD88	2.000359921883904
RP11-545A16.3	CMSA256	10
RP11-545A16.3	CMSA316	1.0080145694811098
RP11-545A16.3	CMUC110	4
RP11-545A16.3	CMUC192	1.0131538458119358
RP11-545A16.3	CMUC199	1.0266064941522361
RP11-545A16.3	CMUC200	2.004656917652413
RP11-545A16.3	CMUC208	1.0024434346676425
RP11-545A16.3	CMUC231	24
RP11-545A16.3	CMUC234	6
RP11-545A16.3	CMUC285	1.0109066424484112
RP11-545A16.3	CMUC291	1.0065605922780039
RP11-545A16.3	CMUC295	5.004500643137268
RP11-545A16.3	CMUC299	1.0029139303926111
RP11-545A16.3	CMUC301	6.003239879937037
RP11-545A16.3	CMUC307	3.0082591785284207
RP11-545A16.3	CMUC313	6.243719877321998
RP11-545A16.3	CMUC314	1.0531743294773983
RP11-545A16.3	CMUC323	1.0232441215691963
RP11-545A16.3	CMUC324	1.0009001286274537
RP11-545A16.3	CMUC331	1.008979678815539
RP11-545A16.3	CMUC333	5.11342752000562
RP11-545A16.3	CMUC334	2.0295275562385857
RP11-545A16.3	CMUC346	1.0107140402598958
RP11-545A16.3	CMUC352	1.0059528932594937
RP11-545A16.3	CMUC360	1.0012604069024411
RP11-545A16.3	CMUC363	1.0255367303100333
RP11-545A16.3	CMUC365	3.019631183852812
RP11-545A16.3	CMUC366	3.009824800632428
RP11-545A16.3	CMUC368	3
RP11-545A16.3	CMUC377	1.0040587302830086
RP11-545A16.3	CMUC379	1.0664515526402574
RP11-545A16.3	CMUC380	1.0176874450837656
RP11-545A16.3	CMUC383	1.0137840525909332
RP11-545A16.3	CMUC394	1.007265338334756
RP11-545A16.3	CMUC419	1.024221051989512
RP11-545A16.3	CMUC427	1
RP11-545A16.3	CMUC428	1.0062427879425755
RP11-545A16.3	CMUC431	5.009158500691413
RP11-545A16.3	CMUC435	1.0048874606535836
RP11-545A16.3	CMUC439	2.012635881607143
RP11-545A16.3	CMUC89	5
RP11-545A16.3	CS219	2.004895066048328
RP11-545A16.3	CS256	3.006801492243685
RP11-545A16.3	CS257	1.089979985878173
RP11-545A16.3	CS259	1.0015292324755884
RP11-545A16.3	CS261	1.0227433496373879
RP11-545A16.3	CS266	1.0344406863242126
RP11-545A16.3	CS270	1.0125793616529746
RP11-545A16.3	CS277	11.322241135443548
RP11-545A16.3	CS288	1.0089179773327999
RP11-545A16.3	CS290	1.007935358827293
RP11-545A16.3	CS292	1.0136016438843358
RP11-545A16.3	CS293	1.0159883878434666
RP11-545A16.3	CS301	1.0255014806521223
RP11-545A16.3	CS306	1.0369877958728642
RP11-545A16.3	CS308	1.0254014198472583
RP11-545A16.3	CS315	1.0265836055430344
RP11-545A16.3	CS317	1.0691022518554174
RP11-545A16.3	CS322	1.0131677901654654
RP11-545A16.3	CS327	6.0281125054074645
RP11-545A16.3	CS328	1.0532227797951625
RP11-545A16.3	CS330	1.0732794536999326
RP11-545A16.3	CS331	1.0183441621534113
RP11-545A16.3	CS335	2.0181300957361485
RP11-545A16.3	CS338	1.0294503626489493
RP11-545A16.3	CS339	1.1642104248974183
RP11-545A16.3	CS343	1.0079313245495483
RP11-545A16.3	CS344	5.068425735791112
RP11-545A16.3	CS350	9.196287418393712
RP11-545A16.3	CS351	1.0082169227776983
RP11-545A16.3	CS361	2.0463087150314085
RP11-545A16.3	CS388	5.165693529395677
RP11-545A16.3	CS396	1.010589221555441
RP11-545A16.3	CS405	1.023931692107002
RP11-545A16.3	CS415	10.725849893611922
RP11-545A16.3	CS424	1.0352517578472156
RP11-545A16.3	IM293	1.005276670296832
RP11-545A16.3	IM296	1.064463289332191
RP11-545A16.3	IM297	1.0944885764691814
RP11-545A16.3	IM300	6
RP11-545A16.3	IM305	1.0098834104700367
RP11-545A16.3	IM309	1.0649644397817766
RP11-545A16.3	IM310	5.0668866926478975
RP11-545A16.3	IM311	8.098629357686166
RP11-545A16.3	IM316	1.00503432833736
RP11-545A16.3	IM320	1.0454213547260982
RP11-545A16.3	IM330	1.01011866810866
RP11-545A16.3	IM332	21.610898655625313
RP11-545A16.3	IM340	1.0535879064802887
RP11-545A16.3	IM348	1.034853198121328
RP11-545A16.3	IM354	4.028527827048072
RP11-545A16.3	IM356	1.007966474352951
RP11-545A16.3	IM364	1.016813207554994
RP11-545A16.3	IM372	5.874007488183379
RP11-545A16.3	IM374	1.0474599361127908
RP11-545A16.3	IM376	1.014079534585469
RP11-545A16.3	IM381	1.0123114121679178
RP11-545A16.3	IM382	1.0307681061453446
RP11-545A16.3	IM385	4
RP11-545A16.3	IM390	1.0273630104120455
RP11-545A16.3	IM397	3.0333780133448065
RP11-545A16.3	IM404	1.0028664619341938
RP11-545A16.3	IM409	1.0056553730873352
RP11-545A16.3	IM412	3
RP11-545A16.3	IM421	3.04667317423826
RP11-545A16.3	IM425	1.0520033799095727
RP11-545A16.3	IM432	1.0393271099875068
RP11-545A16.3	IM438	3
RP11-545A16.3	IM442	4.163553717394894
RP11-545A16.3	IM445	4.045149864535262
RP11-545A16.3	IM448	1.021809713154857
RP11-545A16.3	IM449	1.0083227925805054
RP11-545A16.3	IM451	5.025563161893254
RP11-545A16.3	IMSA256	3.012166476737231
RP11-545A16.3	IMSA276	6
RP11-545A16.3	IMSA286	4
RP11-545A16.3	IMSA343	1.0123997266953233
RP11-545A16.3	IS_238	9
RP11-545A16.3	IS238	6.650689456279386
RP11-545A16.3	IS243	23
RP11-545A16.3	IS253	10
RP11-545A16.3	IS283	1
RP11-545A16.3	IS322	1.0103131867970327
RP11-545A16.3	IS399	2.013880147485015
RP11-545A16.3	IS418	1.0908267191361551
RP11-545A16.3	IS430	7.573103500794206
RP11-545A16.3	IS437	1.0791582738983603
RP11-545A16.3	IS444	2.0733628806533115
RP11-545A16.3	R276CMSA	1.061719097392973
RP11-545A16.3	R286CMSA	3
RP11-545A16.3	R292CMSA	1.0041473056389194
RP11-545A16.3	R292IMSA	1.073657155188672
RP11-545A16.3	R308CMSA	1.06717128675431
RP11-545A16.3	R316IMSA	2.0385078919186697
RP11-545A16.3	R347CMSA	1.063497692354949
RP11-545A16.3	R347IMSA	1.0621981468028772
RP11-545A16.3	R371CMSA	1.003980508346738
RP11-545A16.3	SRR10104064	1.1094515272513297
RP11-545A16.3	SRR10104065	1.0058572527884204
RP11-545A16.3	SRR10104066	1.0187395055126454
RP11-545A16.3	SRR10104067	1.023057146473477
RP11-545A16.3	SRR10104068	1.0046558594156214
RP11-545A16.3	SRR10104069	1.0114572698828992
RP11-545A16.3	SRR10104070	1.0293904998541934
RP11-545A16.3	SRR10104071	1.1606052908522344
RP11-545A16.3	SRR10104072	1.0698874845957154
RP11-545A16.3	SRR10104073	1.044654039124863
RP11-545A16.3	SRR10104074	1.095822342836796
RP11-545A16.3	SRR10104075	1.1510100695372476
RP11-545A16.3	SRR10104076	1.0276547583233047
RP11-545A16.3	SRR10104077	1.100777777658168
RP11-545A16.3	SRR10104078	1.0414272361609767
RP11-545A16.3	SRR10104079	1.0895071357309336
RP11-545A16.3	SRR10104080	1.121518162035866
RP11-545A16.3	SRR10104081	1.0158440725472526
RP11-545A16.3	SRR10104082	1.0822514404163561
RP11-545A16.3	SRR10104083	1.0631988390336564
RP11-545A16.3	SRR10104084	1.067846735357961
RP11-545A16.3	SRR10104085	1.0222173271187234
RP11-545A16.3	SRR10104086	1.024784508800748
RP11-545A16.3	SRR10104087	1.0032000079380652
RP11-545A16.3	SRR10104088	1.0091134916012459
RP11-545A16.3	SRR10104089	1.1347456128596176
RP11-545A16.3	SRR10104090	1.0263035277348909
RP11-545A16.3	SRR10104091	1.0420863331254986
RP11-545A16.3	SRR10104092	1.0127338855518124
RP11-545A16.3	SRR10104093	1.034297644620457
RP11-545A16.3	SRR10104094	1.0340224493748036
RP11-545A16.3	SRR10104095	1.0540616053506102
RP11-545A16.3	SRR10104096	1.145718575159829
RP11-545A16.3	SRR10104097	1.0631209277390947
RP11-545A16.3	SRR10104098	1.0297617779816932
RP11-545A16.3	SRR10104099	1.0474771062612767
RP11-545A16.3	SRR10104100	1.0290641027802212
RP11-545A16.3	SRR10104101	1.0055761585433334
RP11-545A16.3	SRR10104102	1.0153169306923229
RP11-545A16.3	SRR10104103	1.05208117298879
RP11-545A16.3	SRR10104104	1.0154976077084612
RP11-545A16.3	SRR10104105	1.0808351888270706
RP11-545A16.3	SRR10104106	1.1304558697538387
RP11-545A16.3	SRR10104107	1.00957560699629
RP11-545A16.3	SRR10104108	1.0068572159530078
RP11-545A16.3	SRR10104109	1.1183964997691782
RP11-545A16.3	SRR10104110	1.1898566945611233
RP11-545A16.3	SRR10104111	1.0327102204719922
RP11-545A16.3	SRR10104112	1.186621143391241
RP11-545A16.3	SRR10104113	1.0358394085966935
RP11-545A16.3	SRR10104114	1.1728061185225533
RP11-545A16.3	SRR10104115	1.14422200397898
RP11-545A16.3	SRR10104116	1.0467296948207412
RP11-545A16.3	SRR10104117	1.038848634824914
RP11-545A16.3	SRR10104118	1.143352850751477
RP11-545A16.3	SRR10104119	1.1898188257203337
RP11-545A16.3	SRR10104120	1.0270705483762537
RP11-545A16.3	SRR10104121	1.0817747165060128
RP11-545A16.3	SRR10104122	1.0894989096112995
RP11-545A16.3	SRR10104123	1.082048079369872
RP11-545A16.3	SRR10104124	1.1164136874736872
RP11-545A16.3	SRR10104125	1.0998082352268765
RP11-545A16.3	SRR10104126	1.0394547176893827
RP11-545A16.3	SRR10104127	1.1858382433832468
RP11-545A16.3	SRR10104128	1.0287766983431799
RP11-545A16.3	SRR10104129	1.026295765603751
RP11-545A16.3	SRR10104130	1.041146918346077
RP11-545A16.3	SRR10104131	1.0113290464541402
RP11-545A16.3	SRR10104132	1.007213437136861
RP11-545A16.3	SRR10104133	1.1637684274221152
RP11-545A16.3	SRR10104134	1.0301069188305016
RP11-545A16.3	SRR10104135	1.100806080320317
RP11-545A16.3	SRR10104136	1.015016246826139
RP11-545A16.3	SRR10104137	1.107740379806039
RP11-545A16.3	SRR10104138	1.195501466366171
RP11-545A16.3	SRR10104139	1.011356708865119
RP11-545A16.3	SRR10104140	1.1423063013482577
RP11-545A16.3	SRR10104141	1.059516503163875
RP11-545A16.3	SRR10104142	1.0513197704930992
RP11-545A16.3	SRR10104143	1.0081784003065664
RP11-545A16.3	SRR10104144	1.0594651714413874
RP11-545A16.3	SRR10104145	1.0623428698869635
RP11-545A16.3	SRR10104146	1.009621630502804
RP11-545A16.3	SRR10104147	1.001709468619657
RP11-545A16.3	SRR10104148	1.0516475471177122
RP11-545A16.3	SRR10104149	1.0467449900052073
RP11-545A16.3	SRR10104150	1.0116270753464878
RP11-545A16.3	SRR10104151	1.0076559805417438
RP11-545A16.3	SRR10104152	1.0056216750483238
RP11-545A16.3	SRR10104153	1.1019297495172091
RP11-545A16.3	SRR10104154	1.0305255485236042
RP11-545A16.3	SRR10104155	1.0878745919585404
RP11-545A16.3	SRR10104156	1.0040587302830086
RP11-545A16.3	SRR10104157	1.048915508528946
RP11-545A16.3	SRR10104158	1.020515544249276
RP11-545A16.3	SRR10104159	1.0126004669704767
RP11-545A16.3	SRR10104160	1.1246452493735022
RP11-545A16.3	SRR10104161	1.0017262519502124
RP11-545A16.3	SRR10104162	1.0203379943833408
RP11-545A16.3	SRR10104163	1.0300988116116585
RP11-545A16.3	SRR10104164	1.0196346259197715
RP11-545A16.3	SRR10104165	1.0382728925974472
RP11-545A16.3	SRR10104166	1.0407462625761652
RP11-545A16.3	SRR10104167	1.0225819466033605
RP11-545A16.3	SRR10104168	1.028619155105796
RP11-545A16.3	SRR10104169	1.0246876051078921
RP11-545A16.3	SRR10104170	1.0300621533967607
RP11-545A16.3	SRR10104171	1.0239774453836796
RP11-545A16.3	SRR10104172	1.0338434316089917
RP11-545A16.3	SRR10104173	1.0603886751096372
RP11-545A16.3	SRR10104174	1.0338308135451142
RP11-545A16.3	SRR10104175	1.0224777066753272
RP11-545A16.3	SRR10104176	1.02249117212648
RP11-545A16.3	SRR10104177	1.0253301392642815
RP11-545A16.3	SRR10104178	1.0384147366527665
RP11-545A16.3	SRR10104179	1.0346450273897643
RP11-545A16.3	SRR10104180	1.0219501836121274
RP11-545A16.3	SRR10104181	1.0267665308530658
RP11-545A16.3	SRR10104182	1.035134385886849
RP11-545A16.3	SRR10104183	1.0476481310619528
RP11-545A16.3	SRR10104184	1.0212735079721074
RP11-545A16.3	SRR10104185	1.063606994083587
RP11-545A16.3	SRR10104186	1.0329452604392448
RP11-545A16.3	SRR10104187	1.0769831789043174
RP11-545A16.3	SRR10104188	1.0538655428853925
RP11-545A16.3	SRR10104189	1.0595562598302013
RP11-545A16.3	SRR10104190	1.1456942406975419
RP11-545A16.3	SRR10104191	1.1375415852920412
RP11-545A16.3	SRR10104192	2.052105932214452
RP11-545A16.3	SRR10104193	1.039842399081235
RP11-545A16.3	SRR10104194	1.0428799048858834
RP11-545A16.3	SRR10104195	1.041874169755153
RP11-545A16.3	SRR10104196	1.0406484493629597
RP11-545A16.3	SRR10104197	1.016827778198725
RP11-545A16.3	SRR10104198	1.025845924075245
RP11-545A16.3	SRR10104199	1.0822812473676409
RP11-545A16.3	SRR10104200	1.0353416618928366
RP11-545A16.3	SRR10104201	1.0262034008940275
RP11-545A16.3	SRR10104202	1.0661565199682426
RP11-545A16.3	SRR10104203	1.0226367394548255
RP11-545A16.3	SRR10104204	2.0626919092163307
RP11-545A16.3	SRR10104205	1.0268650017331544
RP11-545A16.3	SRR10104206	1.0287660812770658
RP11-545A16.3	SRR10104207	1.0327220098173928
RP11-545A16.3	SRR10104208	1.0176351169212208
RP11-545A16.3	SRR10104209	1.0231628517195777
RP11-545A16.3	SRR10104210	1.0263049337229564
RP11-545A16.3	SRR10104211	1.0187630485926629
RP11-545A16.3	SRR10104212	1.0187543126316272
RP11-545A16.3	SRR10104213	1.058921503370994
RP11-545A16.3	SRR10104214	1.0299744390521086
RP11-545A16.3	SRR10104215	1.0107140402598958
RP11-545A16.3	SRR10104216	2.121280341191312
RP11-545A16.3	SRR10104217	1.02491390827642
RP11-545A16.3	SRR10104218	1.0636360366675373
RP11-545A16.3	SRR10104219	1.0633498186525099
RP11-545A16.3	SRR10104220	1.03511691930575
RP11-545A16.3	SRR10104221	1.0872363603035893
RP11-545A16.3	SRR10104222	1.0381384685659298
RP11-545A16.3	SRR10104223	1.1766327257469633
RP11-545A16.3	SRR10104224	1.0253851067334427
RP11-545A16.3	SRR10104225	1.0314165053623716
RP11-545A16.3	SRR10104226	1.0388893560726131
RP11-545A16.3	SRR10104227	1.074938615735897
RP11-545A16.3	SRR10104228	1.1189120562490085
RP11-545A16.3	SRR10104229	1.0371677751979662
RP11-545A16.3	SRR10104230	1.101165214661461
RP11-545A16.3	SRR10104231	1.0760855121352966
RP11-545A16.3	SRR10104232	1.0597726421651714
RP11-545A16.3	SRR10104233	1.0718133708527031
RP11-545A16.3	SRR10104234	1.0233588556108677
RP11-545A16.3	SRR10104235	1.043603481105794
RP11-545A16.3	SRR10104236	1.0093078766201782
RP11-545A16.3	SRR10104237	1.0184909964241078
RP11-545A16.3	SRR10104238	1.0703034082552154
RP11-545A16.3	SRR10104239	1.0611784078973197
RP11-545A16.3	SRR10104240	1.0723812048685664
RP11-545A16.3	SRR10104241	1.0400598513679928
RP11-545A16.3	SRR10104242	1.063845639897752
RP11-545A16.3	SRR10104243	1.06730685614599
RP11-545A16.3	SRR10104244	1.039511551636178
RP11-545A16.3	SRR10104245	1.040779809770632
RP11-545A16.3	SRR10104246	1.1058002069903252
RP11-545A16.3	SRR10104247	1.0564288046419525
RP11-545A16.3	SRR10104248	1.0740857704182307
RP11-545A16.3	SRR10104249	1.0271816644146015
RP11-545A16.3	SRR10104250	1.153013547676236
RP11-545A16.3	SRR10104251	1.0466047478518792
RP11-545A16.3	SRR10104252	1.1796947867396619
RP11-545A16.3	SRR10104253	1.0961853754741664
RP11-545A16.3	SRR10104254	1.0372141130641137
RP11-545A16.3	SRR10104255	1.0309957549391915
RP11-545A16.3	SRR10104256	1.0293845436631004
RP11-545A16.3	SRR10104257	1.037517112746005
RP11-545A16.3	SRR10104258	1.0307926732391595
RP11-545A16.3	SRR10224277	1.0244173062905177
RP11-545A16.3	SRR10224278	1.0926635070500108
RP11-545A16.3	SRR10224279	1.089250843220296
RP11-545A16.3	SRR10224280	1.0227917534671278
RP11-545A16.3	SRR10224281	1.0161102598101706
RP11-545A16.3	SRR10224282	1.0501757282099426
RP11-545A16.3	SRR10224283	1.042245924204279
RP11-545A16.3	SRR10224284	1.1092008744415571
RP11-545A16.3	SRR10224285	1.1279661106950958
RP11-545A16.3	SRR10224286	1.0254224279077875
RP11-545A16.3	SRR10224287	1.033803410459708
RP11-545A16.3	SRR10224288	1.0962707234129587
RP11-545A16.3	SRR10224289	1.0935047184878017
RP11-545A16.3	SRR10224290	1.095529172881304
RP11-545A16.3	SRR10224291	1.0312113499898703
RP11-545A16.3	SRR10224292	4.047432762131191
RP11-545A16.3	SRR10224293	1.0306192603558113
RP11-545A16.3	SRR10224294	1.0580047935764523
RP11-545A16.3	SRR10224295	1.0860783600082067
RP11-545A16.3	SRR10224296	1.0547229540206002
RP11-545A16.3	SRR10224297	1.1274808217665389
RP11-545A16.3	SRR10224298	1.0332224020270313
RP11-545A16.3	SRR10318388	4.029343304322068
RP11-545A16.3	SRR10318389	4.01881365028479
RP11-545A16.3	SRR10318390	2.0246044227775393
RP11-545A16.3	SRR10318391	5.059258320815416
RP11-545A16.3	SRR10318392	4.055421306569165
RP11-545A16.3	SRR10318393	2.0056167365879425
RP11-545A16.3	SRR10318394	6.0790676023304195
RP11-545A16.3	SRR10318395	8.035335250458708
RP11-545A16.3	SRR10318396	2.0158985823481257
RP11-545A16.3	SRR10318397	5.029097497913549
RP11-545A16.3	SRR10318398	5.017124007722667
RP11-545A16.3	SRR10318399	2.100214891604035
RP11-545A16.3	SRR10318400	2.0295512909683673
RP11-545A16.3	SRR10318401	6.021632272901984
RP11-545A16.3	SRR10318402	1.0042087153660115
RP11-545A16.3	SRR10318403	4.019236696617848
RP11-545A16.3	SRR10318404	7.012083763651486
RP11-545A16.3	SRR10318405	2.0048066386784735
RP11-545A16.3	SRR10318406	2.0090665666537353
RP11-545A16.3	SRR10318407	1.0098124708404557
RP11-545A16.3	SRR10318408	2.0060053972103584
RP11-545A16.3	SRR10318409	7.022067681576101
RP11-545A16.3	SRR10318410	6.024332953474462
RP11-545A16.3	SRR10318411	15.05454862544326
RP11-545A16.3	SRR10318412	6.028956056517716
RP11-545A16.3	SRR10318413	4.0152667277289185
RP11-545A16.3	SRR10318414	7.041262345808135
RP11-545A16.3	SRR10318415	10.06478060580776
RP11-545A16.3	SRR10318416	9.089113983982704
RP11-545A16.3	SRR10318417	7.050096070563396
RP11-545A16.3	SRR10318418	9.033723799105067
RP11-545A16.3	SRR10318419	10.039837461421829
RP11-545A16.3	SRR10318420	7.012607472405174
RP11-545A16.3	SRR10318421	5.023718099736893
RP11-545A16.3	SRR10318422	7.01460779314272
RP11-545A16.3	SRR10318423	5.007356081489249
RP11-545A16.3	SRR10318424	7.01460779314272
RP11-545A16.3	SRR10318425	6.038898027064466
RP11-545A16.3	SRR10318426	3.2860242836721216
RP11-545A16.3	SRR10318427	1.108018223770156
RP11-545A16.3	SRR10318428	8.010547286942332
RP11-545A16.3	SRR10318429	4.015934984568731
RP11-545A16.3	SRR10318430	4.034398896723305
RP11-545A16.3	SRR10318431	1.0051501237216312
RP11-545A16.3	SRR10318432	5.008394198526288
RP11-545A16.3	SRR10318433	1.2750020383966563
RP11-545A16.3	SRR10318434	9.02742244854602
RP11-545A16.3	SRR10318435	4.02375595403148
RP11-545A16.3	SRR10318436	2.0054669550629356
RP11-545A16.3	SRR10318437	5.003600190533828
RP11-545A16.3	SRR10318438	9.011343662121972
RP11-545A16.3	SRR10318439	12.049203449139934
RP11-545A16.3	SRR10318440	12.188806485382493
RP11-545A16.3	SRR10318441	9.024848143486786
RP11-545A16.3	SRR10318442	5.143165204029216
RP11-545A16.3	SRR10318443	17.038722358162072
RP11-545A16.3	SRR10318444	6.050936643281533
RP11-545A16.3	SRR10318445	3.0361495213289524
RP11-545A16.3	SRR10318446	7.0276486699409455
RP11-545A16.3	SRR10318447	9.093841183931593
RP11-545A16.3	SRR10318448	5.034562039275934
RP11-545A16.3	SRR10318449	4.008347310367268
RP11-545A16.3	SRR10318450	7.036313905825126
RP11-545A16.3	SRR10318451	8
RP11-545A16.3	SRR10318452	10.062566968935151
RP11-545A16.3	SRR10318453	5.099020119621093
RP11-545A16.3	SRR10318454	7.033256775843178
RP11-545A16.3	SRR10318455	2.0120347260657407
RP11-545A16.3	SRR10318456	5.032802961390019
RP11-545A16.3	SRR10318457	8.012368102290743
RP11-545A16.3	SRR10318458	5.063465308689596
RP11-545A16.3	SRR10318459	1.006445823745561
RP11-545A16.3	SRR10318460	12.0475995703001
RP11-545A16.3	SRR10318461	6.0210816898467625
RP11-545A16.3	SRR10318462	6.039999296160139
RP11-545A16.3	SRR10318463	16.04951065165154
RP11-545A16.3	SRR10318464	17.105322764082352
RP11-545A16.3	SRR10318465	5.004500643137268
RP11-545A16.3	SRR10318466	5.046852047305372
RP11-545A16.3	SRR10318467	9.045548557169331
RP11-545A16.3	SRR10318468	6.058405872796941
RP11-545A16.3	SRR10318469	10.035136149744604
RP11-545A16.3	SRR10318470	16
RP11-545A16.3	SRR10318471	17
RP11-545A16.3	SRR10318472	10.044000778964618
RP11-545A16.3	SRR10318473	11.042623173835194
RP11-545A16.3	SRR10318474	6.025068060198194
RP11-545A16.3	SRR10318475	10.039973297278573
RP11-545A16.3	SRR10318476	9.032174873527559
RP11-545A16.3	SRR10318495	6.006481509344408
RP11-545A16.3	SRR10318496	6.052832689734824
RP11-545A16.3	SRR10318497	3.01641094869248
RP11-545A16.3	SRR10318498	18.016202315294166
RP11-545A16.3	SRR10318499	6.006032939114621
RP11-545A16.3	SRR10318500	2.011461553446734
RP11-545A16.3	SRR10318501	9.043434084776573
RP11-545A16.3	SRR10318502	5.0026998999475305
RP11-545A16.3	SRR10318503	4.007204269945813
RP11-545A16.3	SRR10318504	8.052839914644768
RP11-545A16.3	SRR10318505	2.0010799599790126
RP11-545A16.3	SRR10318506	6.071518652202999
RP11-545A16.3	SRR10318507	5.059871297589078
RP11-545A16.3	SRR10318508	2.0619368910168445
RP11-545A16.3	SRR10318509	4.027374374697967
RP11-545A16.3	SRR10318510	10.07927987508717
RP11-545A16.3	SRR10318511	6.007562441414647
RP11-545A16.3	SRR10318512	7.05331984302946
RP11-545A16.3	SRR10318513	13.04297294642197
RP11-545A16.3	SRR10318514	7.03218363483937
RP11-545A16.3	SRR10318515	5.059653043959829
RP11-545A16.3	SRR10318516	7.041477650567612
RP11-545A16.3	SRR10318517	3.0078838032793933
RP11-545A16.3	SRR10318518	7.050211916472563
RP11-545A16.3	SRR10318519	3.0141576755981263
RP11-545A16.3	SRR10318520	11.021794878052274
RP11-545A16.3	SRR10318521	7.025334759183509
RP11-545A16.3	SRR10318522	5.006829030263236
RP11-545A16.3	SRR10318523	10.022671640812284
RP11-545A16.3	SRR10318524	3.023023867849966
RP11-545A16.3	SRR10318525	3.0185952205954254
RP11-545A16.3	SRR10318526	9.058645774652188
RP11-545A16.3	SRR10318527	8.002879634158758
RP11-545A16.3	SRR10318528	10.025362599557614
RP11-545A16.3	SRR10318529	3.006801492243685
RP11-545A16.3	SRR10318530	10.067403310744535
RP11-545A16.3	SRR10318531	7.0624258413296
RP11-545A16.3	SRR10318532	5.041268488659423
RP11-545A16.3	SRR10318533	3.0695721487341765
RP11-545A16.3	SRR10318534	7.122965924453041
RP11-545A16.3	SRR10318535	7.108483253959228
RP11-545A16.3	SRR10318536	5.020277461228718
RP11-545A16.3	SRR10318537	5.054207516083477
RP11-545A16.3	SRR10318538	8.01465360110626
RP11-545A16.3	SRR10318539	3.0216500560751016
RP11-545A16.3	SRR10318540	8.043601821083692
RP11-545A16.3	SRR10318541	4.028361956948495
RP11-545A16.3	SRR10318542	6.048204531189645
RP11-545A16.3	SRR10318543	2.020015725098208
RP11-545A16.3	SRR10318544	12.029738225320136
RP11-545A16.3	SRR10318545	7.060414372035255
RP11-545A16.3	SRR10318546	11.015846541352474
RP11-545A16.3	SRR10318547	8.031624381504063
RP11-545A16.3	SRR10318548	11.053238886656036
RP11-545A16.3	SRR10318549	12.082502998266651
RP11-545A16.3	SRR10318568	8.025220207515543
RP11-545A16.3	SRR10318569	12.009904564491062
RP11-545A16.3	SRR10318570	2.0212711918416106
RP11-545A16.3	SRR10318571	7.005777662619786
RP11-545A16.3	SRR10318572	5.023754839887984
RP11-545A16.3	SRR10318573	9.013240946680648
RP11-545A16.3	SRR10318574	5.012153688044857
RP11-545A16.3	SRR10318575	11.051667780521598
RP11-545A16.3	SRR10318576	9.038763720329333
RP11-545A16.3	SRR10318577	3.0086913814896197
RP11-545A16.3	SRR10318578	9.008101157647083
RP11-545A16.3	SRR10318579	11.034677785333873
RP11-545A16.3	SRR10318580	11.015023866579119
RP11-545A16.3	SRR10318581	9
RP11-545A16.3	SRR10875803	0.8111500939089954
RP11-545A16.3	SRR10875804	1.1053997374282105
RP11-545A16.3	SRR10875805	0.5194067188592751
RP11-545A16.3	SRR10875806	0.8631412234827924
RP11-545A16.3	SRR10875807	1.9213812002790407
RP11-545A16.3	SRR10875808	0.9089334807779137
RP11-545A16.3	SRR10875809	1.2645219145261386
RP11-545A16.3	SRR10875810	0.903646390841777
RP11-545A16.3	SRR10875812	1
RP11-545A16.3	SRR10875813	0.8096197169317331
RP11-545A16.3	SRR10875814	1.0039973297278573
RP11-545A16.3	SRR10875815	1
RP11-545A16.3	SRR10875816	1
RP11-545A16.3	SRR10875817	0.7672308450228666
RP11-545A16.3	SRR10875818	0.7224371096255142
RP11-545A16.3	SRR10875819	1
RP11-545A16.3	SRR10875820	0.6201780358882866
RP11-545A16.3	SRR10875821	0.9476438352519748
RP11-545A16.3	SRR10875822	0.5100597658220043
RP11-545A16.3	SRR10875823	1
RP11-545A16.3	SRR10875824	1.8097019318242369
RP11-545A16.3	SRR10875825	1.0017568823143634
RP11-545A16.3	SRR10875826	0.8418328143680529
RP11-545A16.3	SRR10875827	0.6376981960426702
RP11-545A16.3	SRR10875829	0.7509930762994443
RP11-545A16.3	SRR10875830	1
RP11-545A16.3	SRR10875831	1.0035717494702923
RP11-545A16.3	SRR10875832	1
RP11-545A16.3	SRR10875834	1.0033362899203648
RP11-545A16.3	SRR10875835	1
RP11-545A16.3	SRR10875836	0.9375174267314332
RP11-545A16.3	SRR10875837	0.8027033939846714
RP11-545A16.3	SRR10875838	1
RP11-545A16.3	SRR10875839	0.7386586543325293
RP11-545A16.3	SRR10875840	1.6245030662072326
RP11-545A16.3	SRR10875841	1.0038166819322296
RP11-545A16.3	SRR10875842	0.6930808109926465
RP11-545A16.3	SRR10875843	1.6538900903180662
RP11-545A16.3	SRR10875844	0.7998780887339916
RP11-545A16.3	SRR10875845	0.9004773375591886
RP11-545A16.3	SRR10875846	0.5338898110226844
RP11-545A16.3	SRR10875847	2.007210757633995
RP11-545A16.3	SRR10875848	1
RP11-545A16.3	SRR10875849	0.9610581557698323
RP11-545A16.3	SRR10875850	1.000179960941952
RP11-545A16.3	SRR10875851	0.8712448993588919
RP11-545A16.3	SRR10875852	0.806845693372095
RP11-545A16.3	SRR10875853	1.002192313736413
RP11-545A16.3	SRR10875854	0.8385638626920141
RP11-545A16.3	SRR10875855	1.457737015032085
RP11-545A16.3	SRR10875856	0.6734806395790469
RP11-545A16.3	SRR10875857	1.1572343743834597
RP11-545A16.3	SRR10875858	1.8613978893711338
RP11-545A16.3	SRR10875859	1
RP11-545A16.3	SRR10875860	0.6526066699460261
RP11-545A16.3	SRR10875861	0.5900856293905553
RP11-545A16.3	SRR10875862	1.7390435342770667
RP11-545A16.3	SRR10875863	1.0054141363639215
RP11-545A16.3	SRR10875864	1
RP11-545A16.3	SRR10875865	0.8428758251468422
RP11-545A16.3	SRR10875866	1.4812171196218542
RP11-545A16.3	SRR10875867	0.9579402303203833
RP11-545A16.3	SRR10875868	0.6140196790576461
RP11-545A16.3	SRR10875869	1
RP11-545A16.3	SRR10875870	0.6740919321963792
RP11-545A16.3	SRR10875871	1.000179960941952
RP11-545A16.3	SRR10875872	1.166122844588776
RP11-545A16.3	SRR10875873	0.8034134029872585
RP11-545A16.3	SRR10875874	0.5839610857172621
RP11-545A16.3	SRR10875875	0.9855354753510438
RP11-545A16.3	SRR10875876	1
RP11-545A16.3	SRR10875877	0.8053776302508535
RP11-545A16.3	SRR10875878	1.0079184714668268
RP11-545A16.3	SRR10875879	1
RP11-545A16.3	SRR10875880	1.0039973297278573
RP11-545A16.3	SRR10875881	0.7772391911693253
RP11-545A16.3	SRR10875882	2
RP11-545A16.3	SRR10875883	1.0064377837965335
RP11-545A16.3	SRR10875884	0.9714906666798725
RP11-545A16.3	SRR10875885	1.0018317001382826
RP11-545A16.3	SRR10875886	1.0075249897799072
RP11-545A16.3	SRR10875887	1
RP11-545A16.3	SRR10875888	1.0282214633828897
RP11-545A16.3	SRR10875889	1.0022324206205542
RP11-545A16.3	SRR10875890	1.002192313736413
RP11-545A16.3	SRR10875891	1
RP11-545A16.3	SRR10875892	0.99319450088856
RP11-545A16.3	SRR10875893	1
RP11-545A16.3	SRR10875894	0.5185059307709611
RP11-545A16.3	SRR10875895	1
RP11-545A16.3	SRR10875896	1.0100794629576413
RP11-545A16.3	SRR10875897	1.002553057138948
RP11-545A16.3	SRR10875898	0.9457998595863732
RP11-545A16.3	SRR10875899	0.8960758603955238
RP11-545A16.3	SRR10875900	1.003735535910961
RP11-545A16.3	SRR10875901	1.002192313736413
RP11-545A16.3	SRR10875902	1.0046103866254328
RP11-545A16.3	SRR12430469	7
RP11-545A16.3	SRR12430470	7.633492399435414
RP11-545A16.3	SRR12430471	4.850024366468155
RP11-545A16.3	SRR12430472	29.768804820701234
RP11-545A16.3	SRR12430473	13
RP11-545A16.3	SRR12430474	10.846182897538485
RP11-545A16.3	SRR12430475	9.750902771059437
RP11-545A16.3	SRR12430476	7
RP11-545A16.3	SRR12765534	3
RP11-545A16.3	SRR12765535	2.0052558688529287
RP11-545A16.3	SRR12765536	3.0139233155383245
RP11-545A16.3	SRR12765537	10.041780100330325
RP11-545A16.3	SRR12765538	1.0342071735617993
RP11-545A16.3	SRR12765539	6.186200370814811
RP11-545A16.3	SRR12765540	2.006250175855019
RP11-545A16.3	SRR12765541	8.075878324295905
RP11-545A16.3	SRR12765542	2
RP11-545A16.3	SRR12765543	3.0487439936597536
RP11-545A16.3	SRR12765544	1.01152473160965
RP11-545A16.3	SRR12765545	4.037124566666656
RP11-545A16.3	SRR12765546	2.0603467307631678
RP11-545A16.3	SRR12765547	4.0321837480695875
RP11-545A16.3	SRR12765548	3.0613251561248997
RP11-545A16.3	SRR12765549	2.01521747359897
RP11-545A16.3	SRR12765550	2.080125669769976
RP11-545A16.3	SRR12765551	4.0542739617976045
RP11-545A16.3	SRR12765552	2.0828544723219533
RP11-545A16.3	SRR12765553	3.132972937781639
RP11-545A16.3	SRR12765554	2.063668507412732
RP11-545A16.3	SRR12765555	3.0621418210979288
RP11-545A16.3	SRR12765556	7.107549654896565
RP11-545A16.3	SRR12765557	6.062925682030839
RP11-545A16.3	SRR12765558	6.308971440622203
RP11-545A16.3	SRR12765559	3.0057195706502737
RP11-545A16.3	SRR12765560	1.0189547489838953
RP11-545A16.3	SRR12765561	5.014195158733106
RP11-545A16.3	SRR12765562	2.030966888504124
RP11-545A16.3	SRR12765563	1.007295005653179
RP11-545A16.3	SRR12765564	2.004173655183634
RP11-545A16.3	SRR12765565	3.0127590260483075
RP11-545A16.3	SRR12765566	1.0070967496166072
RP11-545A16.3	SRR12765567	3.0396563312455562
RP11-545A16.3	SRR12765568	3.030837110105589
RP11-545A16.3	SRR12765569	3.034440352704631
RP11-545A16.3	SRR12765570	3.0213627741986655
RP11-545A16.3	SRR12765571	12.134118661267507
RP11-545A16.3	SRR12765572	4.0263360358999
RP11-545A16.3	SRR12765573	2.068424068968139
RP11-545A16.3	SRR12765574	5.034700667497644
RP11-545A16.3	SRR12765575	3.071818593761069
RP11-545A16.3	SRR12765576	2.0496693241796162
RP11-545A16.3	SRR12765577	2.0912771243389536
RP11-545A16.3	SRR12765578	2.0302013049871324
RP11-545A16.3	SRR12765579	5.041916457978885
RP11-545A16.3	SRR12765580	1.0113445817462805
RP11-545A16.3	SRR12765581	5.079499713751624
RP11-545A16.3	SRR12765582	5.005027449262184
RP11-545A16.3	SRR12765583	1.0087441767971732
RP11-545A16.3	SRR12765584	4.049673084898951
RP11-545A16.3	SRR12765585	6.065976348603568
RP11-545A16.3	SRR12765586	1.005276670296832
RP11-545A16.3	SRR12765587	4.046883004123244
RP11-545A16.3	SRR12765588	2.0139019200422563
RP11-545A16.3	SRR12765589	1.0181159328867537
RP11-545A16.3	SRR12765590	3.0879141340150618
RP11-545A16.3	SRR12765591	1.0277391727573009
RP11-545A16.3	SRR12765592	1.0165332338111508
RP11-545A16.3	SRR12765593	4.033439332164565
RP11-545A16.3	SRR12765594	1.0232318310975639
RP11-545A16.3	SRR12765595	2.023434976567854
RP11-545A16.3	SRR12765596	2.0088206093172727
RP11-545A16.3	SRR12765597	6.048486106399263
RP11-545A16.3	SRR12765598	4.028700857379474
RP11-545A16.3	SRR12765599	5.015318722333931
RP11-545A16.3	SRR12765600	2.085984108081425
RP11-545A16.3	SRR12765601	2.0435752281143436
RP11-545A16.3	SRR12765602	3.025984218601337
RP11-545A16.3	SRR12765603	2.0196488952379354
RP11-545A16.3	SRR12765604	3.024412896956978
RP11-545A16.3	SRR12765605	3.023026477945729
RP11-545A16.3	SRR12765606	4.053084700025739
RP11-545A16.3	SRR12765607	3.0257796564835413
RP11-545A16.3	SRR12765608	1.0088565751860703
RP11-545A16.3	SRR12765609	5.024025330713624
RP11-545A16.3	SRR12765610	9.078812584412145
RP11-545A16.3	SRR12765611	1.0055084743211022
RP11-545A16.3	SRR12765612	2.0090789363908557
RP11-545A16.3	SRR12765613	3.0178169655236102
RP11-545A16.3	SRR12765614	2.0093518642794934
RP11-545A16.3	SRR12765615	2.018317365233558
RP11-545A16.3	SRR12765616	3.018369788793191
RP11-545A16.3	SRR12765617	2.0169788810938445
RP11-545A16.3	SRR12765618	6.139095494507139
RP11-545A16.3	SRR12765619	5.108815052210218
RP11-545A16.3	SRR12765620	2.016000621570649
RP11-545A16.3	SRR12765621	10.025837127848009
RP11-545A16.3	SRR12765622	3.0655073222929676
RP11-545A16.3	SRR12765623	20
RP11-545A16.3	SRR12765624	2.007925052582433
RP11-545A16.3	SRR12765625	5.041271892408971
RP11-545A16.3	SRR12765626	5.024765419423058
RP11-545A16.3	SRR12765627	7.003779859926543
RP11-545A16.3	SRR12765628	1.0416041512779368
RP11-545A16.3	SRR12765629	1.032192677516494
RP11-545A16.3	SRR12765630	6.010541293886181
RP11-545A16.3	SRR12765631	1.0059866023975144
RP11-545A16.3	SRR12765632	4.026273232894891
RP11-545A16.3	SRR12765633	1.0193139826231485
RP11-545A16.3	SRR12765634	1.0054407349865786
RP11-545A16.3	SRR12765635	2.0462294142698476
RP11-545A16.3	SRR12765636	2.0244085670692855
RP11-545A16.3	SRR12765637	3.10621010014615
RP11-545A16.3	SRR12765638	13
RP11-545A16.3	SRR12765639	2.0618849962337755
RP11-545A16.3	SRR12765640	1.00503432833736
RP11-545A16.3	SRR12765641	7.131587380712269
RP11-545A16.3	SRR12765642	6.014685198144984
RP11-545A16.3	SRR12765643	4.055913513515664
RP11-545A16.3	SRR12765644	12.042899831370079
RP11-545A16.3	SRR12765645	5.142675712073615
RP11-545A16.3	SRR12765646	4.027267695983587
RP11-545A16.3	SRR12765647	5.145057150227381
RP11-545A16.3	SRR12765648	5.059358006974905
RP11-545A16.3	SRR12765649	4.197858721853205
RP11-545A16.3	SRR12765650	3.054082318218281
RP11-545A16.3	SRR12765651	4.112878843681796
RP11-545A16.3	SRR12765652	5.052923293825945
RP11-545A16.3	SRR12774664	1.0053041671599932
RP11-545A16.3	SRR12774665	1.0134052600429255
RP11-545A16.3	SRR12774666	1.0106554920283504
RP11-545A16.3	SRR12774667	2.029854462894126
RP11-545A16.3	SRR12774668	1.0531044481489285
RP11-545A16.3	SRR12774669	1.0184124073990244
RP11-545A16.3	SRR12774670	1.0489095745502544
RP11-545A16.3	SRR12774671	1.0483423562302514
RP11-545A16.3	SRR12774672	1.006184793499986
RP11-545A16.3	SRR12774673	1.0142142606674132
RP11-545A16.3	SRR12774674	1.0242203683654911
RP11-545A16.3	SRR12774675	1.0343842942005177
RP11-545A16.3	SRR12774676	1.0065437279509373
RP11-545A16.3	SRR12774677	1.010883125191728
RP11-545A16.3	SRR12774678	1.043754043143823
RP11-545A16.3	SRR12774679	1.0232632446385574
RP11-545A16.3	SRR12774680	1.0140488490623458
RP11-545A16.3	SRR12774681	1.008705895915066
RP11-545A16.3	SRR12774682	1.010589221555441
RP11-545A16.3	SRR12774683	1.007131661704458
RP11-545A16.3	SRR12774684	1.005286161396734
RP11-545A16.3	SRR12774685	1.0073683070661372
RP11-545A16.3	SRR12774686	1.0179757410447914
RP11-545A16.3	SRR12774687	1.029309138639411
RP11-545A16.3	SRR1609360	1.0493034237080798
RP11-545A16.3	SRR1609361	1.025908504185614
RP11-545A16.3	SRR1609362	1.0680988542222165
RP11-545A16.3	SRR1609363	4.029498037559271
RP11-545A16.3	SRR1609364	4.034275538342125
RP11-545A16.3	SRR1609365	2.028633158724157
RP11-545A16.3	SRR1609366	3.017058370783502
RP11-545A16.3	SRR1609367	3.0080179977588823
RP11-545A16.3	SRR1609368	1.0055560678333126
RP11-545A16.3	SRR1609369	2.0018002572549074
RP11-545A16.3	SRR1609370	4.008347310367268
RP11-545A16.3	SRR1609371	1.0301143575969267
RP11-545A16.3	SRR1609372	3.002160114320297
RP11-545A16.3	SRR1609373	4.029989728693136
RP11-545A16.3	SRR1609374	2.0052558688529287
RP11-545A16.3	SRR1609375	3.019577099958602
RP11-545A16.3	SRR1609376	8.128707368465063
RP11-545A16.3	SRR1609377	2.010572322793468
RP11-545A16.3	SRR1609378	1.017406841761654
RP11-545A16.3	SRR1609379	1.0018010674864533
RP11-545A16.3	SRR1609380	5.079326530991084
RP11-545A16.3	SRR1609381	2.001440076213531
RP11-545A16.3	SRR1609382	1.01426559739414
RP11-545A16.3	SRR1609383	6.062574471339649
RP11-545A16.3	SRR1609384	2.0192830727646167
RP11-545A16.3	SRR1609385	1.0073364170587717
RP11-545A16.3	SRR1609386	3.019814967991788
RP11-545A16.3	SRR1609387	3.0221741629091063
RP11-545A16.3	SRR1609388	1.012676094664956
RP11-545A16.3	SRR1609389	2.0050448048608844
RP11-545A16.3	SRR1609390	3.038472302051405
RP11-545A16.3	SRR1609391	1.0636252817179657
RP11-545A16.3	SRR1609392	1.0154386556086927
RP11-545A16.3	SRR1609393	1.04478101167958
RP11-545A16.3	SRR1609394	2.055397009181545
RP11-545A16.3	SRR1609395	1.0054817166017682
RP11-545A16.3	SRR1609396	3.003240754672204
RP11-545A16.3	SRR1609397	4.058124054430357
RP11-545A16.3	SRR1609398	2.0092207732508656
RP11-545A16.3	SRR1609399	1.0038093407347115
RP11-545A16.3	SRR1609400	3.0065769412092394
RP11-545A16.3	SRR1609401	1.0106596239587748
RP11-545A16.3	SRR1609402	2.008928896305199
RP11-545A16.3	SRR1609403	1.0031693334479748
RP11-545A16.3	SRR1609404	1.0119457665502067
RP11-545A16.3	SRR1609405	3.019802621930812
RP11-545A16.3	SRR1609406	5.019682207343209
RP11-545A16.3	SRR1609407	1.0022978109851632
RP11-545A16.3	SRR1609408	6.046708902875552
RP11-545A16.3	SRR1609409	1.0185880328867178
RP11-545A16.3	SRR1609410	1
RP11-545A16.3	SRR1609411	3.1576934931732277
RP11-545A16.3	SRR1609412	1
RP11-545A16.3	SRR1609413	3.8417315204291866
RP11-545A16.3	SRR1609414	1.001620814861132
RP11-545A16.3	SRR1609415	4.000719843767808
RP11-545A16.3	SRR1609416	4.0105117377058574
RP11-545A16.3	SRR1609417	1.0067109510861363
RP11-545A16.3	SRR1609418	1.0014405946684066
RP11-545A16.3	SRR1609419	3.0146227472897786
RP11-545A16.3	SRR1609420	1.004672692112038
RP11-545A16.3	SRR1609421	2.0128820590331795
RP11-545A16.3	SRR1609422	2.032975425113426
RP11-545A16.3	SRR1609423	1.0538854443534305
RP11-545A16.3	SRR1609424	1.0787454114562254
RP11-545A16.3	SRR1609425	4.006483259444528
RP11-545A16.3	SRR1609426	2.0094404921287046
RP11-545A16.3	SRR1609427	1.0051433662901192
RP11-545A16.3	SRR1609428	5.043151346112584
RP11-545A16.3	SRR1609429	2.0025208138048822
RP11-545A16.3	SRR1609430	2.008197823719105
RP11-545A16.3	SRR1609431	3.021973924356727
RP11-545A16.3	SRR1609432	6.0090110331817685
RP11-545A16.3	SRR1609433	2.0164497457444894
RP11-545A16.3	SRR1609434	3.0450099833195954
RP11-545A16.3	SRR1609435	1.0044783325221545
RP11-545A16.3	SRR1609436	2.0064803102985427
RP11-545A16.3	SRR1609437	2.0429096489571332
RP11-545A16.3	SRR1609438	1.032283347644643
RP11-545A16.3	SRR1609439	3.0441040736207587
RP11-545A16.3	SRR1609440	2.0050448048608844
RP11-545A16.3	SRR1609441	2.004534328162457
RP11-545A16.3	SRR1609442	2.0144055262760356
RP11-545A16.3	SRR1609443	3.025891873729395
RP11-545A16.3	SRR1609444	3.0016199399685184
RP11-545A16.3	SRR1609445	2.0070155208362364
RP11-545A16.3	SRR1609446	1.0110032156633706
RP11-545A16.3	SRR1609447	1.2338363336906928
RP11-545A16.3	SRR1609448	5.044113849397319
RP11-545A16.3	SRR1609449	1.0024781854433447
RP11-545A16.3	SRR1609450	3.006127889448204
RP11-545A16.3	SRR1609451	3.0385823665009997
RP11-545A16.3	SRR1609452	1.2632705659263332
RP11-545A16.3	SRR1609453	2.003663400276565
RP11-545A16.3	SRR1609454	1.0160098618742288
RP11-545A16.3	SRR1609455	1.2516237980743048
RP11-545A16.3	SRR1609456	3.014497650318953
RP11-545A16.3	SRR1609457	3.0197049246711676
RP11-545A16.3	SRR1609458	1.240500376538707
RP11-545A16.3	SRR1609459	2.007783307191192
RP11-545A16.3	SRR1609460	3.0289246091469253
RP11-545A16.3	SRR1609461	1.0016820700779165
RP11-545A16.3	SRR1609462	1.003694208229873
RP11-545A16.3	SRR1609463	4.025738152347778
RP11-545A16.3	SRR1609464	1.0111087674076973
RP11-545A16.3	SRR1609465	5.0597372696803875
RP11-545A16.3	SRR1609466	1.1215996409238542
RP11-545A16.3	SRR1609467	2.0238915331004135
RP11-545A16.3	SRR1609468	3.0049965042672335
RP11-545A16.3	SRR1609469	1.000179960941952
RP11-545A16.3	SRR1609470	2.0096520188392386
RP11-545A16.3	SRR1609471	2.004212793883314
RP11-545A16.3	SRR1609472	1.0870773664114952
RP11-545A16.3	SRR1609473	1.057486599398644
RP11-545A16.3	SRR1609474	2.005106114277896
RP11-545A16.3	SRR1609475	1.0217687791754089
RP11-545A16.3	SRR1609476	6.6731644879227225
RP11-545A16.3	SRR1609477	2.0112874527397646
RP11-545A16.3	SRR1609478	1.0229981829413575
RP11-545A16.3	SRR1609479	2.020777287324627
RP11-545A16.3	SRR1609480	2
RP11-545A16.3	SRR1609481	1.0104258199753007
RP11-545A16.3	SRR1609482	1.0036360666403
RP11-545A16.3	SRR1609483	3.0135679131932984
RP11-545A16.3	SRR1609484	3.0237027882862013
RP11-545A16.3	SRR1609485	1.0009001286274537
RP11-545A16.3	SRR1609486	1.0032442567630784
RP11-545A16.3	SRR1609487	4.015566614382384
RP11-545A16.3	SRR1609488	3.00432178400522
RP11-545A16.3	SRR1609489	2.004384627472826
RP11-545A16.3	SRR1609490	2.032785216037773
RP11-545A16.3	SRR1609491	1.0035263257491491
RP11-545A16.3	SRR1609492	3
RP11-545A16.3	SRR1609493	2.008939649885871
RP11-545A16.3	SRR1609494	1.005934875877056
RP11-545A16.3	SRR1609495	2.0044648412411084
RP11-545A16.3	SRR1609496	3.0024761411227656
RP11-545A16.3	SRR1609497	1.0009001286274537
RP11-545A16.3	SRR1609498	3.0010798628095343
RP11-545A16.3	SRR1609499	2.0041948947473647
RP11-545A16.3	SRR1609500	5.008631259751061
RP11-545A16.3	SRR1609501	3.0038511008865716
RP11-545A16.3	SRR1609502	1.012926575887802
RP11-545A16.3	SRR1609503	1.2571824597395216
RP11-545A16.3	SRR1609504	3
RP11-545A16.3	SRR1609505	4
RP11-545A16.3	SRR1609506	5.098466977916568
RP11-545A16.3	SRR1609507	3.0181346404675615
RP11-545A16.3	SRR1609508	9.004859819905555
RP11-545A16.3	SRR1609509	5.031638682781753
RP11-545A16.3	SRR1609510	2.011207327196513
RP11-545A16.3	SRR1609511	2.073950891690474
RP11-545A16.3	SRR1609512	2.006611222526457
RP11-545A16.3	SRR1609513	3.009602055827516
RP11-545A16.3	SRR1609514	2.099157609257679
RP11-545A16.3	SRR1609515	1.0019813525502068
RP11-545A16.3	SRR1609516	6.025068060198194
RP11-545A16.3	SRR1609517	3.067490846855763
RP11-545A16.3	SRR1609518	3.0048624445833965
RP11-545A16.3	SRR1609519	4.0067153588210305
RP11-545A16.3	SRR1609520	1.0789502444393222
RP11-545A16.3	SRR1609521	1.001616719884524
RP11-545A16.3	SRR1609522	1.0240545069445746
RP11-545A16.3	SRR1609523	3.014202401909144
RP11-545A16.3	SRR1609524	2.033432340178866
RP11-545A16.3	SRR1609525	2.0110375522134203
RP11-545A16.3	SRR1609526	2.0407459466948192
RP11-545A16.3	SRR1609527	3
RP11-545A16.3	SRR1609528	1.0086549004496244
RP11-545A16.3	SRR1609529	1.0253301392642815
RP11-545A16.3	SRR1609530	4.019181140847437
RP11-545A16.3	SRR1609531	4.015176029405696
RP11-545A16.3	SRR1609532	1.0072060113251007
RP11-545A16.3	SRR1609533	2.0764532679809
RP11-545A16.3	SRR1609534	3.0038730690665356
RP11-545A16.3	SRR1609535	2.0884658026675997
RP11-545A16.3	SRR1609536	1.0107618801660179
RP11-545A16.3	SRR1609537	2.0076865442741987
RP11-545A16.3	SRR1609538	2
RP11-545A16.3	SRR1609539	2.0123885863474693
RP11-545A16.3	SRR1609540	2
RP11-545A16.3	SRR1609541	1.1002496061772749
RP11-545A16.3	SRR1609542	3.007026060049086
RP11-545A16.3	SRR1609543	1.002011990714717
RP11-545A16.3	SRR1609544	1.0058458481595676
RP11-545A16.3	SRR1609545	2.5178399372824734
RP11-545A16.3	SRR1609546	3
RP11-545A16.3	SRR1609547	3.0155125785212342
RP11-545A16.3	SRR1609548	1.017997257080447
RP11-545A16.3	SRR1609549	3.0320878128050683
RP11-545A16.3	SRR1609550	4
RP11-545A16.3	SRR1609551	3.033933306500255
RP11-545A16.3	SRR1609552	1.0044644481525995
RP11-545A16.3	SRR1609553	2.005222271977506
RP11-545A16.3	SRR1609554	1.0090402771254097
RP11-545A16.3	SRR1609555	2.0068773430868156
RP11-545A16.3	SRR1609556	1.0221686455571868
RP11-545A16.3	SRR1609557	1.0063043258211806
RP11-545A16.3	SRR1609558	1.0042943593727842
RP11-545A16.3	SRR1609559	3.127490489536496
RP11-545A16.3	SRR1609560	4.028486674229457
RP11-545A16.3	SRR1609561	1.0025394930935652
RP11-545A16.3	SRR1609562	2.0019774371956482
RP11-545A16.3	SRR1609563	2.008928896305199
RP11-545A16.3	SRR1609564	2.0018002572549074
RP11-545A16.3	SRR1609565	3.0743575676448995
RP11-545A16.3	SRR1609566	5.016749323730797
RP11-545A16.3	SRR1609567	2.5162226369445913
RP11-545A16.3	SRR1609568	2
RP11-545A16.3	SRR1609569	4
RP11-545A16.3	SRR1609570	3.05329963596711
RP11-545A16.3	SRR1609571	1.024176000194289
RP11-545A16.3	SRR1609572	1.0132366280807228
RP11-545A16.3	SRR1609573	1.0198308819278206
RP11-545A16.3	SRR1609574	2.010218781885213
RP11-545A16.3	SRR1609575	1.0732532216417159
RP11-545A16.3	SRR1609576	3.0119512384265485
RP11-545A16.3	SRR1609577	2.008402742602882
RP11-545A16.3	SRR1609578	7.012364381280698
RP11-545A16.3	SRR1609579	2.013402765443538
RP11-545A16.3	SRR1609580	4.030714969440768
RP11-545A16.3	SRR1609581	2.083608478227445
RP11-545A16.3	SRR1609582	1.0082780243695308
RP11-545A16.3	SRR1609583	1.0357598428330377
RP11-545A16.3	SRR1609584	1.002011990714717
RP11-545A16.3	SRR1609585	3.002650077414318
RP11-545A16.3	SRR1609586	2.155938499284864
RP11-545A16.3	SRR1609587	4.048019627023869
RP11-545A16.3	SRR1609588	1.0134052600429255
RP11-545A16.3	SRR1609589	3.0078838032793933
RP11-545A16.3	SRR1609590	3.000855739072272
RP11-545A16.3	SRR1609591	5.016354159024591
RP11-545A16.3	SRR1609592	3.02053491901006
RP11-545A16.3	SRR1609593	9.049823260658991
RP11-545A16.3	SRR1609594	3.075999302106662
RP11-545A16.3	SRR1609595	2.0486124192547837
RP11-545A16.3	SRR1609596	2.0052558688529287
RP11-545A16.3	SRR1609597	6.025252292196069
RP11-545A16.3	SRR1609598	1.0275370706123974
RP11-545A16.3	SRR1609599	2.0424356303081526
RP11-545A16.3	SRR1609600	2.0617494038655138
RP11-545A16.3	SRR1609601	2.056327476771008
RP11-545A16.3	SRR1609602	1.1632163838991925
RP11-545A16.3	SRR1609603	3
RP11-545A16.3	SRR1609604	2.0139962234358246
RP11-545A16.3	SRR1609605	6.045398851173654
RP11-545A16.3	SRR1609606	3.048248946225097
RP11-545A16.3	SRR1609607	3.014916001270887
RP11-545A16.3	SRR1609608	5.09988810048713
RP11-545A16.3	SRR1609609	1.0324178632829317
RP11-545A16.3	SRR1609610	3
RP11-545A16.3	SRR1609611	2.0342698611709187
RP11-545A16.3	SRR1609612	3.007026060049086
RP11-545A16.3	SRR1609613	3.0024761411227656
RP11-545A16.3	SRR1609614	1.0113691465526504
RP11-545A16.3	SRR1609615	4.012677333791899
RP11-545A16.3	SRR1609616	4
RP11-545A16.3	SRR1609617	3
RP11-545A16.3	SRR1609618	3.009600023814196
RP11-545A16.3	SRR1609619	4.0145442665612
RP11-545A16.3	SRR1609620	2.0250868581156505
RP11-545A16.3	SRR1609621	1.0085252077511602
RP11-545A16.3	SRR1609622	1.0396027374078705
RP11-545A16.3	SRR1609623	2.038002606009502
RP11-545A16.3	SRR1609624	1.233166099790781
RP11-545A16.3	SRR1609625	3.0046380383590288
RP11-545A16.3	SRR1609626	1.007678742360192
RP11-545A16.3	SRR1609627	2.0107986741916752
RP11-545A16.3	SRR1609628	4.007626094200365
RP11-545A16.3	SRR1609629	1.0160549733839008
RP11-545A16.3	SRR1609630	2.0055831336663945
RP11-545A16.3	SRR1609631	2
RP11-545A16.3	SRR1609632	4
RP11-545A16.3	SRR1609633	1.003584460981328
RP11-545A16.3	SRR1609634	5.041544275355123
RP11-545A16.3	SRR1609635	1.0249305070581083
RP11-545A16.3	SRR1609636	1.033526030779779
RP11-545A16.3	SRR1609637	3.012166476737231
RP11-545A16.3	SRR1609638	1.0243215512558148
RP11-545A16.3	SRR1609639	1.005532675049881
RP11-545A16.3	SRR1609640	1.000179960941952
RP11-545A16.3	SRR1609641	1.000179960941952
RP11-545A16.3	SRR1609642	2
RP11-545A16.3	SRR1609643	1.0117732409494398
RP11-545A16.3	SRR1609644	2.0020910984817903
RP11-545A16.3	SRR1609645	1.0031693334479748
RP11-545A16.3	SRR1609646	2.004684040032724
RP11-545A16.3	SRR1609647	1.0206670235973925
RP11-545A16.3	SRR1609648	3.0108958902739107
RP11-545A16.3	SRR1609649	3.0243822945265273
RP11-545A16.3	SRR1609650	1.007432382777943
RP11-545A16.3	SRR1609651	4.013578513790808
RP11-545A16.3	SRR1609652	2.007060857065853
RP11-545A16.3	SRR1609653	1.0508063334876938
RP11-545A16.3	SRR1609654	2.068715941176942
RP11-545A16.3	SRR1609655	2.0136616817658464
RP11-545A16.3	SRR1609656	1.014313308243783
RP11-545A16.3	SRR1609657	1.0128509294871268
RP11-545A16.3	SRR1609658	1.020049628429351
RP11-545A16.3	SRR1609659	5.03983089525452
RP11-545A16.3	SRR1609660	4.015689400689953
RP11-545A16.3	SRR1609661	2.0029424325956993
RP11-545A16.3	SRR1609662	3.01402779641924
RP11-545A16.3	SRR1609663	4.0106343694475335
RP11-545A16.3	SRR1609664	2.0144363505434137
RP11-545A16.3	SRR1609665	7
RP11-545A16.3	SRR1609666	1.016634410174343
RP11-545A16.3	SRR1609667	1.002883264649812
RP11-545A16.3	SRR1609668	1.1259515593418852
RP11-545A16.3	SRR1609669	3.057722542796869
RP11-545A16.3	SRR1746771	1.157314849752974
RP11-545A16.3	SRR1746772	2.9275683028059896
RP11-545A16.3	SRR1746773	0.7575803276764543
RP11-545A16.3	SRR1746774	1.6061172670787458
RP11-545A16.3	SRR1746775	1.8751193109770241
RP11-545A16.3	SRR1746776	2.4356897261397203
RP11-545A16.3	SRR1746777	0.7129808466104358
RP11-545A16.3	SRR1746778	2.154059008950964
RP11-545A16.3	SRR1746779	1.1869123525857035
RP11-545A16.3	SRR1746780	1.056756547302828
RP11-545A16.3	SRR1746781	0.7337749995010655
RP11-545A16.3	SRR1746782	2.008928896305199
RP11-545A16.3	SRR1746783	5
RP11-545A16.3	SRR1746784	0.9968262288032627
RP11-545A16.3	SRR1782685	3.048421538892358
RP11-545A16.3	SRR1782686	1.0241060513820852
RP11-545A16.3	SRR1782687	4.048864588541963
RP11-545A16.3	SRR1782688	2.033510367769477
RP11-545A16.3	SRR1782689	3.053628722535257
RP11-545A16.3	SRR1782690	5.101305517416922
RP11-545A16.3	SRR1782691	1.0017262519502124
RP11-545A16.3	SRR1782692	5.041336695443334
RP11-545A16.3	SRR1782693	3.0265396947711682
RP11-545A16.3	SRR1782694	8.128663856600259
RP11-545A16.3	SRR1782695	2.001440076213531
RP11-545A16.3	SRR1782696	4.013482856361931
RP11-545A16.3	SRR1782697	5.044130415799721
RP11-545A16.3	SRR1782698	4.008347310367268
RP11-545A16.3	SRR1782699	2.0484155580656553
RP11-545A16.3	SRR1782700	6.045422262379051
RP11-545A16.3	SRR1782701	3.018701901590259
RP11-545A16.3	SRR1782702	3.031999255425836
RP11-545A16.3	SRR1782703	1.003891653595596
RP11-545A16.3	SRR1782704	5.079220362736263
RP11-545A16.3	SRR1782705	1.0242058267974272
RP11-545A16.3	SRR1782706	2.005106114277896
RP11-545A16.3	SRR1782707	1.0038166819322296
RP11-545A16.3	SRR1782708	3.1582006678048917
RP11-545A16.3	SRR1782709	1.0493889346936112
RP11-545A16.3	SRR1782710	1
RP11-545A16.3	SRR1782711	1.0112110690582374
RP11-545A16.3	SRR1782712	1.0118242846464562
RP11-545A16.3	SRR1782713	1.0217630104420437
RP11-545A16.3	SRR1782714	1.0870554088778994
RP11-545A16.3	SRR1782715	2.0049563708866893
RP11-545A16.3	SRR1782716	3.044763930909071
RP11-545A16.3	SRR1782717	3.0024761411227656
RP11-545A16.3	SRR1782718	2.028668899404299
RP11-545A16.3	SRR1782719	1.007268477791188
RP11-545A16.3	SRR1782720	1.0173889776699079
RP11-545A16.3	SRR1782721	1.1215287864396823
RP11-545A16.3	SRR1782722	2.0017667182762118
RP11-545A16.3	SRR1782723	3.0065769412092394
RP11-545A16.3	SRR1782724	1.011129842073421
RP11-545A16.3	SRR1782725	1.0685748274292985
RP11-545A16.3	SRR1782726	3.0223074640002503
RP11-545A16.3	SRR1782727	3
RP11-545A16.3	SRR1782728	1.0303050804635
RP11-545A16.3	SRR1782729	3.8119383750318665
RP11-545A16.3	SRR1782730	3.0040974181579414
RP11-545A16.3	SRR1782731	1.032101634718041
RP11-545A16.3	SRR1782732	1.079233440701315
RP11-545A16.3	SRR1782733	3.0289727426045197
RP11-545A16.3	SRR1782734	5.031193370348615
RP11-545A16.3	SRR1782735	1.004578209610595
RP11-545A16.3	SRR1782736	1.0182654097647936
RP11-545A16.3	SRR1782737	3.0048624445833965
RP11-545A16.3	SRR1782738	1.049672343546831
RP11-545A16.3	SRR1782739	6.062720746084485
RP11-545A16.3	SRR1782740	1.0115791944902102
RP11-545A16.3	SRR1782741	1.0543086561909183
RP11-545A16.3	SRR1782742	4
RP11-545A16.3	SRR1782743	3.0060359721441507
RP11-545A16.3	SRR1782744	3.0150524687458278
RP11-545A16.3	SRR1782745	5.0601378815978535
RP11-545A16.3	SRR1782746	1.0198965760233896
RP11-545A16.3	SRR1782747	3.0218978328695725
RP11-545A16.3	SRR1782748	4.05856757441302
RP11-545A16.3	SRR1782749	1.0126805916371509
RP11-545A16.3	SRR1782750	2.0027316121052943
RP11-545A16.3	SRR1782751	1.015483444252062
RP11-545A16.3	SRR1782752	4.026598733030834
RP11-545A16.3	SRR1782753	3.0028743351646248
RP11-545A16.3	SRR1782754	2.0166205653704137
RP11-545A16.3	SRR1782755	2.0053720352279636
RP11-545A16.3	SRR1782756	1.045262315535892
RP11-545A16.3	SRR1782757	6.00864356801044
RP11-545A16.3	SRR1782758	1.0017262519502124
RP11-545A16.3	SRR1782759	1.0044296285233594
RP11-545A16.3	SRR1782760	1.0142062491689723
RP11-545A16.3	SRR1782761	1.123350924195671
RP11-545A16.3	SRR1782762	1.0642762539094746
RP11-545A16.3	SRR1782763	1.0054670736412705
RP11-545A16.3	SRR1782764	3.00345277732138
RP11-545A16.3	SRR1782765	1.0032000079380652
RP11-545A16.3	SRR1782766	1.0106768533425006
RP11-545A16.3	SRR1782767	2.0193167853877028
RP11-545A16.3	SRR1782768	3.019372314343331
RP11-545A16.3	SRR1782769	4.034140355676062
RP11-545A16.3	SRR1782770	2.0092904250416925
RP11-545A16.3	SRR1782771	3.0199004912805103
RP11-545A16.3	SRR1782772	2.010737190715282
RP11-545A16.3	SRR1782773	2.008717445707211
RP11-545A16.3	SRR1782774	2.005106114277896
RP11-545A16.3	SRR1782775	1.0200306175184897
RP11-545A16.3	SRR1782776	1.0146067854880492
RP11-545A16.3	SRR1782777	4.000719843767808
RP11-545A16.3	SRR1782778	4.00732680055313
RP11-545A16.3	SRR1782779	2.0564157065776665
RP11-545A16.3	SRR1782780	1.0128988705381583
RP11-545A16.3	SRR1782781	2.0689996968180693
RP11-545A16.3	SRR1782782	2.0410567752040456
RP11-545A16.3	SRR1782783	2.0126637015866464
RP11-545A16.3	SRR1782784	1.00334576270059
RP11-545A16.3	SRR1782785	3.003240754672204
RP11-545A16.3	SRR1782786	1.0250860802347106
RP11-545A16.3	SRR1782787	3
RP11-545A16.3	SRR1782788	2.0074220496282456
RP11-545A16.3	SRR1782789	2.0340391114695406
RP11-545A16.3	SRR1782790	9.050344874043459
RP11-545A16.3	SRR1782791	1.0059251235048385
RP11-545A16.3	SRR1782792	2.013695420040955
RP11-545A16.3	SRR1782793	2.073942466665127
RP11-545A16.3	SRR1782794	2.0136889259777955
RP11-545A16.3	SRR1782795	2.0424356303081526
RP11-545A16.3	SRR1782796	1.079602691613202
RP11-545A16.3	SRR1782797	3.0760884074919503
RP11-545A16.3	SRR1782798	1.0193000353281811
RP11-545A16.3	SRR1782799	3.0048624445833965
RP11-545A16.3	SRR1782800	7.012364381280698
RP11-545A16.3	SRR1782801	3.016690265415712
RP11-545A16.3	SRR1782802	4.0295110325231
RP11-545A16.3	SRR1782803	3.011000266205886
RP11-545A16.3	SRR1782804	3.0081084519189347
RP11-545A16.3	SRR1782805	1.0018010674864533
RP11-545A16.3	SRR1782806	2.0053171847237667
RP11-545A16.3	SRR1782807	1.0351820922376846
RP11-545A16.3	SRR1782808	1.0262987270047477
RP11-545A16.3	SRR1782809	1.0134179413952518
RP11-545A16.3	SRR1782810	2.033289389841438
RP11-545A16.3	SRR1782811	1.0030944157282213
RP11-545A16.3	SRR1782812	3.0376701751492305
RP11-545A16.3	SRR1782813	4.02502678757406
RP11-545A16.3	SRR1782814	1.0129566741382754
RP11-545A16.3	SRR1782815	1.062121334894591
RP11-545A16.3	SRR1782816	3.0016199399685184
RP11-545A16.3	SRR1782817	2.0069322362652953
RP11-545A16.3	SRR1782818	1.0133808698401505
RP11-545A16.3	SRR1782819	1.027675196028744
RP11-545A16.3	SRR1782820	1.0355877525178163
RP11-545A16.3	SRR1782821	4.010811269225246
RP11-545A16.3	SRR1782822	3.0235783540361814
RP11-545A16.3	SRR1782823	1.0037859885863174
RP11-545A16.3	SRR1782824	2.0113657606179536
RP11-545A16.3	SRR1782825	1.005809645020963
RP11-545A16.3	SRR1782826	1.0068169239958968
RP11-545A16.3	SRR1782827	1.0132807415847052
RP11-545A16.3	SRR1782828	4
RP11-545A16.3	SRR1782829	2
RP11-545A16.3	SRR1782830	1.0393262126274254
RP11-545A16.3	SRR1782831	1.0734003069580385
RP11-545A16.3	SRR1782832	1.0325772296717781
RP11-545A16.3	SRR1782833	1.023057146473477
RP11-545A16.3	SRR1782834	1.000179960941952
RP11-545A16.3	SRR1782835	1.1149797381951183
RP11-545A16.3	SRR1782836	1.1125409808797893
RP11-545A16.3	SRR1782837	1.0276203307721452
RP11-545A16.3	SRR1782838	1.0129819287449684
RP11-545A16.3	SRR1782839	1.013725326520963
RP11-545A16.3	SRR1782840	1.0083257489722468
RP11-545A16.3	SRR1782841	3.044554306906106
RP11-545A16.3	SRR1782842	1
RP11-545A16.3	SRR1782843	1.0241487491844126
RP11-545A16.3	SRR1782844	1.000179960941952
RP11-545A16.3	SRR1782845	2.037592538037879
RP11-545A16.3	SRR1782846	2.0108430008044706
RP11-545A16.3	SRR1782847	1.2337368978097534
RP11-545A16.3	SRR1782848	1.2335837199439401
RP11-545A16.3	SRR1782849	1.2403822504664612
RP11-545A16.3	SRR1782850	1.2517458229536382
RP11-545A16.3	SRR1782851	1.2634697131512598
RP11-545A16.3	SRR1782852	1.2639231424855961
RP11-545A16.3	SRR1782853	2.5168670642066315
RP11-545A16.3	SRR1782854	5.016374667720713
RP11-545A16.3	SRR1782855	3.00720995801771
RP11-545A16.3	SRR1782856	3.015880540184225
RP11-545A16.3	SRR1782857	2.0139732606458387
RP11-545A16.3	SRR1782858	2.0020109797048735
RP11-545A16.3	SRR1782859	4.006483259444528
RP11-545A16.3	SRR1782860	2.004534328162457
RP11-545A16.3	SRR1782861	2.0037182055455687
RP11-545A16.3	SRR1782862	1.0046056873690874
RP11-545A16.3	SRR1782863	2.005222271977506
RP11-545A16.3	SRR1782864	3.0387137769109223
RP11-545A16.3	SRR1782865	2.0084723660358006
RP11-545A16.3	SRR1782866	2.0070272299489207
RP11-545A16.3	SRR1782867	2.0330792777094846
RP11-545A16.3	SRR1782868	4.0145442665612
RP11-545A16.3	SRR1782869	2.006849603089067
RP11-545A16.3	SRR1782870	1.0024781854433447
RP11-545A16.3	SRR1782871	1.0052491741857592
RP11-545A16.3	SRR1782872	4.010811269225246
RP11-545A16.3	SRR1782873	2.009228987682498
RP11-545A16.3	SRR1782874	2.012883227339758
RP11-545A16.3	SRR1782875	4.020611424525843
RP11-545A16.3	SRR1782876	4.015744908195231
RP11-545A16.3	SRR1782877	2.0067706488133377
RP11-545A16.3	SRR1782878	1.0078282441722788
RP11-545A16.3	SRR1782879	1.0143624914943958
RP11-545A16.3	SRR1782880	6.025417098107402
RP11-545A16.3	SRR1782881	2.008322371249443
RP11-545A16.3	SRR1782882	3.010588226630658
RP11-545A16.3	SRR1782883	4.007204269945813
RP11-545A16.3	SRR1782884	2.001440076213531
RP11-545A16.3	SRR1782885	3
RP11-545A16.3	SRR1782886	2.011099044874141
RP11-545A16.3	SRR1782887	2.0018002572549074
RP11-545A16.3	SRR1782888	3.009732770289235
RP11-545A16.3	SRR1782889	4.017257699496986
RP11-545A16.3	SRR1782890	2.003092025572686
RP11-545A16.3	SRR1782891	3.002160114320297
RP11-545A16.3	SRR1782892	5.009158500691413
RP11-545A16.3	SRR1782893	3.011624501955053
RP11-545A16.3	SRR1782894	1.011191678825168
RP11-545A16.3	SRR1782895	4.014667021607847
RP11-545A16.3	SRR1782896	2.0042897588650046
RP11-545A16.3	SRR1782897	2.005506119018947
RP11-545A16.3	SRR1782898	3.006801492243685
RP11-545A16.3	SRR1782899	2.0075251467094204
RP11-545A16.3	SRR1782900	3.0030164695573105
RP11-545A16.3	SRR1782901	1.0009828787718729
RP11-545A16.3	SRR1782902	3
RP11-545A16.3	SRR1782903	2.005106114277896
RP11-545A16.3	SRR1782904	2
RP11-545A16.3	SRR1782905	2.004173655183634
RP11-545A16.3	SRR1782906	1.0063487115704537
RP11-545A16.3	SRR1782907	2.0097684398874125
RP11-545A16.3	SRR1782908	3.0091505205361715
RP11-545A16.3	SRR1782909	2.006849603089067
RP11-545A16.3	SRR1782910	2
RP11-545A16.3	SRR1782911	3.020718112990796
RP11-545A16.3	SRR1782912	6.676655459871246
RP11-545A16.3	SRR1782913	2
RP11-545A16.3	SRR1782914	1.0027028173063115
RP11-545A16.3	SRR1782915	4
RP11-545A16.3	SRR1782916	1.0105701140314456
RP11-545A16.3	SRR1782917	3.0096920500983226
RP11-545A16.3	SRR1782918	4.004321006229605
RP11-545A16.3	SRR1782919	3
RP11-545A16.3	SRR1782920	1.0010054898524368
RP11-545A16.3	SRR1782921	2.004173655183634
RP11-545A16.3	SRR1782922	1.1863691226303883
RP11-545A16.3	SRR1782923	3.0167284756300004
RP11-545A16.3	SRR1782924	3.0153795771235066
RP11-545A16.3	SRR1782925	2.0069658617906376
RP11-545A16.3	SRR1782926	4.0293638755681425
RP11-545A16.3	SRR1782927	2.0056780634932423
RP11-545A16.3	SRR1782928	3.0214980014327644
RP11-545A16.3	SRR1782929	1.0086240591672244
RP11-545A16.3	SRR1782930	3.0085170952398634
RP11-545A16.3	SRR1782931	2.005338436406242
RP11-545A16.3	SRR1782932	1.003731881663257
RP11-545A16.3	SRR1782933	1.0649351792796355
RP11-545A16.3	SRR1782934	7.0409603455802525
RP11-545A16.3	SRR1782935	4.017980648976652
RP11-545A16.3	SRR1782936	1.0252329438970447
RP11-545A16.3	SRR1782937	5.039284174397077
RP11-545A16.3	SRR1782938	1.2574474178148516
RP11-545A16.3	SRR1782939	3.0142233716545097
RP11-545A16.3	SRR1782940	3.0079757770856506
RP11-545A16.3	SRR1782941	4.031249530453022
RP11-545A16.3	SRR1782942	4.015727313943493
RP11-545A16.3	SRR1782943	1.004614493841249
RP11-545A16.3	SRR1782944	3.0038730690665356
RP11-545A16.3	SRR1782945	2.0104983483715184
RP11-545A16.3	SRR1782946	1.002086827591817
RP11-545A16.3	SRR1782947	1.002086827591817
RP11-545A16.3	SRR1782948	2
RP11-545A16.3	SRR1782949	2.004895066048328
RP11-545A16.3	SRR1782950	7
RP11-545A16.3	SRR1782951	3.009894821409948
RP11-545A16.3	SRR1782952	2.5350817799206355
RP11-545A16.3	SRR1782953	1.0019065235500912
RP11-545A16.3	SRR1782954	1.126108257274077
RP11-545A16.3	SRR1782955	1.033842034247493
RP11-545A16.3	SRR1782956	2.0303334434161173
RP11-545A16.3	SRR1782957	3.057935897548686
RP11-545A16.3	SRR1782958	1.0054744269623506
RP11-545A16.3	SRR1782959	1.0579165678317932
RP11-545A16.3	SRR1782960	4
RP11-545A16.3	SRR1782961	2.0072721332806
RP11-545A16.3	SRR1782962	2.014590011306358
RP11-545A16.3	SRR1782963	2.0137842394743344
RP11-545A16.3	SRR1782964	2.0007199085396894
RP11-545A16.3	SRR1782965	1.0030596435909767
RP11-545A16.3	SRR1782966	4
RP11-545A16.3	SRR1782967	1.0040206867929065
RP11-545A16.3	SRR1782968	2.0020910984817903
RP11-545A16.3	SRR1782969	1.0119783968398457
RP11-545A16.3	SRR1782970	2.025015168073654
RP11-545A16.3	SRR1782971	1.0167967514698188
RP11-545A16.3	SRR1782972	1.0056022027105522
RP11-545A16.3	SRR1782973	1.0512612155664167
RP11-545A16.3	SRR1782974	1
RP11-545A16.3	SRR1782975	2.0789426948960594
RP11-545A16.3	SRR1782976	2.0195905123843594
RP11-545A16.3	SRR1782977	1.0003599542698447
RP11-545A16.3	SRR1782978	2.0334016010577347
RP11-545A16.3	SRR1782979	1.0083829961716155
RP11-545A16.3	SRR1782980	3.0051787558506367
RP11-545A16.3	SRR1782981	2.024607713425316
RP11-545A16.3	SRR1782982	2.0116111933498324
RP11-545A16.3	SRR1782983	2.001916223443083
RP11-545A16.3	SRR1782984	3.0010798628095343
RP11-545A16.3	SRR1782985	4.027323363531693
RP11-545A16.3	SRR1782986	2.0059776692650537
RP11-545A16.3	SRR1782987	3.0037812207073236
RP11-545A16.3	SRR1782988	4
RP11-545A16.3	SRR1782989	1.0430979490658228
RP11-545A16.3	SRR1782990	2.0268237131486146
RP11-545A16.3	SRR1782991	3.012401160072436
RP11-545A16.3	SRR1782992	3.007342599072492
RP11-545A16.3	SRR1782993	1.0207811101132158
RP11-545A16.3	SRR1782994	3
RP11-545A16.3	SRR1782995	3.024904443062891
RP11-545A16.3	SRR1782996	2
RP11-545A16.3	SRR1782997	2.008990324488326
RP11-545A16.3	SRR1782998	1.0036360666403
RP11-545A16.3	SRR1782999	3.0639363723308892
RP11-545A16.3	SRR1783000	2.0077993464096195
RP11-545A16.3	SRR1783001	1.0163537994424299
RP11-545A16.3	SRR1783002	3.1699569964673815
RP11-545A16.3	SRR1783003	1
RP11-545A16.3	SRR1783004	3.013773177849507
RP11-545A16.3	SRR1783005	1.015882624326654
RP11-545A16.3	SRR1783006	3.071339805547273
RP11-545A16.3	SRR1813867	2.0964997982901608
RP11-545A16.3	SRR1813868	1.0188667378001919
RP11-545A16.3	SRR1813869	8.080718972148542
RP11-545A16.3	SRR1813870	1.8755813793059868
RP11-545A16.3	SRR1813871	10.681665485033385
RP11-545A16.3	SRR1813872	11.698102764792505
RP11-545A16.3	SRR1813873	3.9430691867591756
RP11-545A16.3	SRR1813874	1.010178402682137
RP11-545A16.3	SRR1813875	14
RP11-545A16.3	SRR1813876	8.042669955090046
RP11-545A16.3	SRR1813877	10.854305329616691
RP11-545A16.3	SRR1813878	8.005760304854125
RP11-545A16.3	SRR1813879	7
RP11-545A16.3	SRR1813880	7
RP11-545A16.3	SRR1813881	2.0395143061329364
RP11-545A16.3	SRR1813882	5.845524730123031
RP11-545A16.3	SRR1813883	3.0024761411227656
RP11-545A16.3	SRR1813884	2.025536531320676
RP11-545A16.3	SRR1813885	14
RP11-545A16.3	SRR1813886	6.007562441414647
RP11-545A16.3	SRR1813887	3.0316089460874935
RP11-545A16.3	SRR1928188	1.0081784003065664
RP11-545A16.3	SRR1928189	1.0073129060669679
RP11-545A16.3	SRR1928190	1.0087951767762386
RP11-545A16.3	SRR1928191	1.0113225234973442
RP11-545A16.3	SRR1928192	2.0257977410763166
RP11-545A16.3	SRR1928193	2.03072847282759
RP11-545A16.3	SRR2046996	1.00858822452488
RP11-545A16.3	SRR2046997	1.0111153757740123
RP11-545A16.3	SRR2046998	1.0202431892752137
RP11-545A16.3	SRR2046999	1.007678742360192
RP11-545A16.3	SRR2047000	1.0106982750881945
RP11-545A16.3	SRR2047001	1.0094399707348267
RP11-545A16.3	SRR2047002	1.0188427709986354
RP11-545A16.3	SRR2047003	1.0237799351824244
RP11-545A16.3	SRR2047004	1.0079492911740628
RP11-545A16.3	SRR2047005	1.0081443223703694
RP11-545A16.3	SRR2047006	1.0152138321654876
RP11-545A16.3	SRR2047007	1.0262840471791508
RP11-545A16.3	SRR2047008	1.0125174400411554
RP11-545A16.3	SRR2047009	1.0185103595038079
RP11-545A16.3	SRR2313973	1.0126842466806711
RP11-545A16.3	SRR2313974	1.0074072425695189
RP11-545A16.3	SRR2313975	2.0204962915176514
RP11-545A16.3	SRR2313976	3.0439966878653215
RP11-545A16.3	SRR2313977	2.017383906220303
RP11-545A16.3	SRR2313978	2.052640844903998
RP11-545A16.3	SRR2313979	1.0103515286766147
RP11-545A16.3	SRR2313980	4.02334540710222
RP11-545A16.3	SRR2313981	2.007168921962656
RP11-545A16.3	SRR2313982	1.0131505784433956
RP11-545A16.3	SRR2313983	1.0167862737972515
RP11-545A16.3	SRR2313984	6.032757043242941
RP11-545A16.3	SRR2313985	2.0379094979677905
RP11-545A16.3	SRR2313986	1.006188548591034
RP11-545A16.3	SRR2313987	1.0033330542129326
RP11-545A16.3	SRR2313988	3.0271143898969055
RP11-545A16.3	SRR2313989	5.0529477820241615
RP11-545A16.3	SRR2313990	1.0154615932290423
RP11-545A16.3	SRR2313991	2.033020149601988
RP11-545A16.3	SRR2313992	4.058744771296744
RP11-545A16.3	SRR2313993	2.0207345768793252
RP11-545A16.3	SRR2313994	3.0638818467341604
RP11-545A16.3	SRR2313995	5.020668600120726
RP11-545A16.3	SRR2313996	4.018141445145372
RP11-545A16.3	SRR2313997	4.048764665216613
RP11-545A16.3	SRR2313998	5.120469813797616
RP11-545A16.3	SRR2313999	1.009295092615731
RP11-545A16.3	SRR2314000	1.0085380459332074
RP11-545A16.3	SRR2314001	10.137250295317555
RP11-545A16.3	SRR2314002	1.0107561095059667
RP11-545A16.3	SRR2314003	1.0216964429597561
RP11-545A16.3	SRR2314004	2.015870717654586
RP11-545A16.3	SRR2314005	3.028510399337045
RP11-545A16.3	SRR2314006	2.037574204006823
RP11-545A16.3	SRR2314007	4.02407216909143
RP11-545A16.3	SRR2314008	2.002636821735583
RP11-545A16.3	SRR2314009	5.041114343584587
RP11-545A16.3	SRR2314010	5.0328725281092215
RP11-545A16.3	SRR2314011	2.0141193915783386
RP11-545A16.3	SRR2314012	1.0072545548549394
RP11-545A16.3	SRR2314013	4.046222646350371
RP11-545A16.3	SRR2314014	4.045767171535704
RP11-545A16.3	SRR2314015	6.046604866249262
RP11-545A16.3	SRR2314016	6.019384100196645
RP11-545A16.3	SRR2314017	1.0193139826231485
RP11-545A16.3	SRR2314018	3.1115515464221253
RP11-545A16.3	SRR2314019	3.0101416342693805
RP11-545A16.3	SRR2314020	10.16563630576381
RP11-545A16.3	SRR2314021	1.00503432833736
RP11-545A16.3	SRR2314022	1.0122161471354907
RP11-545A16.3	SRR2314023	1.0097198436416865
RP11-545A16.3	SRR2314024	5.064734069291865
RP11-545A16.3	SRR2314025	7.033997141967958
RP11-545A16.3	SRR2314026	4.087732245766261
RP11-545A16.3	SRR2314027	7.051688142072062
RP11-545A16.3	SRR2314028	5.014332309670968
RP11-545A16.3	SRR2314029	5.011710100081809
RP11-545A16.3	SRR2314030	3.014176872671841
RP11-545A16.3	SRR2314031	1.0172769075048627
RP11-545A16.3	SRR2314032	2.034574768559066
RP11-545A16.3	SRR2314033	2.04813191913971
RP11-545A16.3	SRR2314034	1.0293297863593514
RP11-545A16.3	SRR2314035	2.093712355970748
RP11-545A16.3	SRR2314036	3.0518410578384088
RP11-545A16.3	SRR2314037	3.039960212969761
RP11-545A16.3	SRR2314038	3.0171914462289235
RP11-545A16.3	SRR2314039	3.032327734702453
RP11-545A16.3	SRR2314040	2.0783220751503633
RP11-545A16.3	SRR2314041	9.06759956968227
RP11-545A16.3	SRR2314042	1.004072314883195
RP11-545A16.3	SRR2314043	3.0266908463048616
RP11-545A16.3	SRR2314044	2.0084788432757708
RP11-545A16.3	SRR2314045	1.007491229092778
RP11-545A16.3	SRR3493774	4
RP11-545A16.3	SRR3493775	2
RP11-545A16.3	SRR3493776	2.75714427903156
RP11-545A16.3	SRR3493777	5.003226516514564
RP11-545A16.3	SRR3493778	4
RP11-545A16.3	SRR3493779	3.0100495942384784
RP11-545A16.3	SRR3493780	3.1494427481129486
RP11-545A16.3	SRR3493781	4
RP11-545A16.3	SRR3493782	2.016531620838797
RP11-545A16.3	SRR3493783	6.015502276708805
RP11-545A16.3	SRR3493784	6.124024048811843
RP11-545A16.3	SRR3493785	4.00330152149702
RP11-545A16.3	SRR3493786	3.121995901312285
RP11-545A16.3	SRR3493787	10
RP11-545A16.3	SRR3493788	7
RP11-545A16.3	SRR3493789	3.0546446220292163
RP11-545A16.3	SRR3493790	4
RP11-545A16.3	SRR3493791	8.011524757347253
RP11-545A16.3	SRR3493792	10.007200381067657
RP11-545A16.3	SRR3493793	5.047814098003704
RP11-545A16.3	SRR3493794	10.030944157282214
RP11-545A16.3	SRR3493795	6.021632272901984
RP11-545A16.3	SRR3493796	4.0324669912955775
RP11-545A16.3	SRR3493797	5
RP11-545A16.3	SRR3493798	2.021977448791076
RP11-545A16.3	SRR3493799	2
RP11-545A16.3	SRR3493800	7.04994436763569
RP11-545A16.3	SRR3493801	3.0267957697859105
RP11-545A16.3	SRR3493802	2
RP11-545A16.3	SRR3493803	6
RP11-545A16.3	SRR3493804	5.003600190533828
RP11-545A16.3	SRR3493805	5.011710100081809
RP11-545A16.3	SRR3493806	5
RP11-545A16.3	SRR3493807	3
RP11-545A16.3	SRR3493808	2.0038743188530233
RP11-545A16.3	SRR3493809	2.006461366732215
RP11-545A16.3	SRR3493810	3
RP11-545A16.3	SRR3493811	3
RP11-545A16.3	SRR3493812	7.0050402667473595
RP11-545A16.3	SRR3493813	5.009005337432267
RP11-545A16.3	SRR3493814	6
RP11-545A16.3	SRR3493815	7.40058073222207
RP11-545A16.3	SRR3493816	3
RP11-545A16.3	SRR3493817	5.014041841469856
RP11-545A16.3	SRR3493818	2.0069027627376856
RP11-545A16.3	SRR3493819	8
RP11-545A16.3	SRR3493820	1.1218742596374018
RP11-545A16.3	SRR3493821	11.126512494427365
RP11-545A16.3	SRR3493822	6
RP11-545A16.3	SRR3493823	3.1472028665166216
RP11-545A16.3	SRR3493824	11.673786405114491
RP11-545A16.3	SRR3493825	8.010328184177428
RP11-545A16.3	SRR3493826	6.004320228640594
RP11-545A16.3	SRR3493827	4
RP11-545A16.3	SRR3493828	2
RP11-545A16.3	SRR3493829	4.009368080065448
RP11-545A16.3	SRR3493830	6.83121171157563
RP11-545A16.3	SRR3493831	2.008833812614677
RP11-545A16.3	SRR3493832	2.000359921883904
RP11-545A16.3	SRR3493833	4.496005676084252
RP11-545A16.3	SRR3493834	8
RP11-545A16.3	SRR3493835	3.0151535021247162
RP11-545A16.3	SRR3493836	8
RP11-545A16.3	SRR3493837	5.003226516514564
RP11-545A16.3	SRR3493838	3
RP11-545A16.3	SRR3493839	5.040806067574488
RP11-545A16.3	SRR3493840	1.0191397315498472
RP11-545A16.3	SRR3493841	13.02810171075699
RP11-545A16.3	SRR3493846	2.045512751905835
RP11-545A16.3	SRR3493847	1.0366265711095628
RP11-545A16.3	SRR3493848	2.000359921883904
RP11-545A16.3	SRR3493849	2.4767295112925103
RP11-545A16.3	SRR3493850	1
RP11-545A16.3	SRR3714631	7
RP11-545A16.3	SRR3714632	3.016598025149643
RP11-545A16.3	SRR3714633	1.0113714976183878
RP11-545A16.3	SRR3714634	2.01251339378703
RP11-545A16.3	SRR3714635	4
RP11-545A16.3	SRR3714636	10
RP11-545A16.3	SRR3714637	1
RP11-545A16.3	SRR3714638	11
RP11-545A16.3	SRR3714639	14.383317577703556
RP11-545A16.3	SRR3714640	13.339891339168467
RP11-545A16.3	SRR3714641	3.7876890244033956
RP11-545A16.3	SRR3714642	4.098085766113035
RP11-545A16.3	SRR3714643	7.811086056828747
RP11-545A16.3	SRR3714644	9.63196719201896
RP11-545A16.3	SRR3714645	2.0125347217325276
RP11-545A16.3	SRR3714646	8.001439687535616
RP11-545A16.3	SRR3714648	2.0426845774280586
RP11-545A16.3	SRR3714649	0.950704107482473
RP11-545A16.3	SRR3714650	1.0066624337546857
RP11-545A16.3	SRR3714651	13.70422780484878
RP11-545A16.3	SRR3714652	12.320950008902471
RP11-545A16.3	SRR3714653	13
RP11-545A16.3	SRR3714654	6
RP11-545A16.3	SRR3714655	2.0010799599790126
RP11-545A16.3	SRR3714656	3.8472220528303223
RP11-545A16.3	SRR3714657	11.74479407962639
RP11-545A16.3	SRR3714658	2.3251966437807634
RP11-545A16.3	SRR3714659	4.17066231559491
RP11-545A16.3	SRR3714660	10
RP11-545A16.3	SRR3714661	6
RP11-545A16.3	SRR3714662	2.021573126896141
RP11-545A16.3	SRR3714663	8.00431983991605
RP11-545A16.3	SRR3714664	7.997796965654243
RP11-545A16.3	SRR3714665	10
RP11-545A16.3	SRR3714666	7
RP11-545A16.3	SRR3714667	3.62061700735697
RP11-545A16.3	SRR3714668	2
RP11-545A16.3	SRR3714669	8.597142032494387
RP11-545A16.3	SRR3714670	1.0131789146255041
RP11-545A16.3	SRR3714671	1.0010054898524368
RP11-545A16.3	SRR3714672	10.025088387998023
RP11-545A16.3	SRR3714673	12.885806695248872
RP11-545A16.3	SRR3714674	4.698712154025867
RP11-545A16.3	SRR3714675	5.205749659821111
RP11-545A16.3	SRR3714676	4
RP11-545A16.3	SRR3714677	3.0065769412092394
RP11-545A16.3	SRR3714678	1.1217907384205419
RP11-545A16.3	SRR3714679	4.0054632242105885
RP11-545A16.3	SRR3714680	3.0042714483716106
RP11-545A16.3	SRR3714681	1.0032581242663439
RP11-545A16.3	SRR3714682	6.4763266432547475
RP11-545A16.3	SRR3714683	3.0057356599443947
RP11-545A16.3	SRR3714684	4.086171820157933
RP11-545A16.3	SRR3714685	5.007930469030348
RP11-545A16.3	SRR3714686	10.23818179779686
RP11-545A16.3	SRR3714688	3.021645560727055
RP11-545A16.3	SRR3714689	4.590845798547378
RP11-545A16.3	SRR3714690	15.7192841346728
RP11-545A16.3	SRR3714691	12
RP11-545A16.3	SRR3714692	6.548309395701425
RP11-545A16.3	SRR3714693	4.036250283456161
RP11-545A16.3	SRR3714694	8.308269621955468
RP11-545A16.3	SRR3714695	1.8208301635562374
RP11-545A16.3	SRR3714696	7
RP11-545A16.3	SRR3714697	2.017882897744288
RP11-545A16.3	SRR3714698	2.025819803305523
RP11-545A16.3	SRR3714699	3.2836412603972525
RP11-545A16.3	SRR3714700	4.840726784286505
RP11-545A16.3	SRR3714701	9.667153281418281
RP11-545A16.3	SRR3714702	7.700957476480128
RP11-545A16.3	SRR3714703	4.003600514509815
RP11-545A16.3	SRR3714704	2.8900807506238326
RP11-545A16.3	SRR3714705	5.370540415865618
RP11-545A16.3	SRR3714706	1.0348625162168688
RP11-545A16.3	SRR3714707	4.001861034530316
RP11-545A16.3	SRR3714708	1.0229861853499778
RP11-545A16.3	SRR3714709	1.7731831578053763
RP11-545A16.3	SRR3714710	7.913458177543974
RP11-545A16.3	SRR3714711	5.363543051204216
RP11-545A16.3	SRR3714712	5
RP11-545A16.3	SRR3714713	6
RP11-545A16.3	SRR3714714	11
RP11-545A16.3	SRR3714715	4.018390648479641
RP11-545A16.3	SRR3714716	2
RP11-545A16.3	SRR3714717	4
RP11-545A16.3	SRR3714718	3
RP11-545A16.3	SRR3714719	6.352431660903256
RP11-545A16.3	SRR3714720	10.532483225695477
RP11-545A16.3	SRR3714721	4.731951141455083
RP11-545A16.3	SRR3714723	5.4721921544245555
RP11-545A16.3	SRR3714724	2.0055472121450473
RP11-545A16.3	SRR3714725	1.0122888422733813
RP11-545A16.3	SRR3714726	14.5308855247796
RP11-545A16.3	SRR3714727	7.5034131862319455
RP11-545A16.3	SRR3714728	3.02421685228225
RP11-545A16.3	SRR3714729	2.0516186115117376
RP11-545A16.3	SRR3714730	14.447455139321661
RP11-545A16.3	SRR3714731	2.000359921883904
RP11-545A16.3	SRR3714732	2.7158328847271442
RP11-545A16.3	SRR3714734	8.033673400989223
RP11-545A16.3	SRR3714735	0.6771775710840109
RP11-545A16.3	SRR3714736	3.3413692095684873
RP11-545A16.3	SRR3714737	6
RP11-545A16.3	SRR3714738	9.924982068599626
RP11-545A16.3	SRR3714739	11.49836228688462
RP11-545A16.3	SRR3714740	4.6353536147672045
RP11-545A16.3	SRR3714741	4.003832446886166
RP11-545A16.3	SRR3714744	7.527916360589546
RP11-545A16.3	SRR3714745	1.0402451473540792
RP11-545A16.3	SRR3714746	3.0250671315392013
RP11-545A16.3	SRR3714747	6.075262679597369
RP11-545A16.3	SRR3714748	4.437004068518792
RP11-545A16.3	SRR3714749	5.102887845470712
RP11-545A16.3	SRR3714750	10.396673052686575
RP11-545A16.3	SRR3714751	3.0024761411227656
RP11-545A16.3	SRR3714752	4
RP11-545A16.3	SRR3714753	1.0075653100732087
RP11-545A16.3	SRR3714754	9
RP11-545A16.3	SRR3714755	6.202593116061101
RP11-545A16.3	SRR3714756	1.0214197456593945
RP11-545A16.3	SRR3714757	7.9826615153691955
RP11-545A16.3	SRR3714758	4.705677208184595
RP11-545A16.3	SRR3714759	8.379174043327852
RP11-545A16.3	SRR3714760	3.0019359099087386
RP11-545A16.3	SRR3714761	2.00024942529187
RP11-545A16.3	SRR3714762	6.507342616267007
RP11-545A16.3	SRR3714764	7
RP11-545A16.3	SRR3714765	6.823933930267478
RP11-545A16.3	SRR3714766	9
RP11-545A16.3	SRR3714767	7.469011536106035
RP11-545A16.3	SRR3714768	2
RP11-545A16.3	SRR5176628	3.020426074717446
RP11-545A16.3	SRR5176629	1.0056828803089768
RP11-545A16.3	SRR5176630	1.00221972623461
RP11-545A16.3	SRR5176631	5.0477771819004
RP11-545A16.3	SRR5176632	4.011233473175885
RP11-545A16.3	SRR5176633	1.0063933941186642
RP11-545A16.3	SRR5176634	2.0791708796357167
RP11-545A16.3	SRR5176635	9.054832491518798
RP11-545A16.3	SRR5176636	1.0259454268844617
RP11-545A16.3	SRR5176637	2.0590699833559802
RP11-545A16.3	SRR5176638	1.122472464979261
RP11-545A16.3	SRR5176639	2
RP11-545A16.3	SRR5176640	3.131947544137454
RP11-545A16.3	SRR5176641	1.0145674663519957
RP11-545A16.3	SRR5176642	7.013345664850639
RP11-545A16.3	SRR5176643	3.0051787558506367
RP11-545A16.3	SRR5176644	4.000719843767808
RP11-545A16.3	SRR5176645	2.076265810100314
RP11-545A16.3	SRR5176646	1.018354954225084
RP11-545A16.3	SRR5176647	4.023154979989417
RP11-545A16.3	SRR5176648	4.011233473175885
RP11-545A16.3	SRR5176649	2.0132905456125236
RP11-545A16.3	SRR5176650	1.0238007506984588
RP11-545A16.3	SRR5176651	2.0317306123964336
RP11-545A16.3	SRR5176652	3.0165155158098638
RP11-545A16.3	SRR5176653	2.005338436406242
RP11-545A16.3	SRR5176654	4.0323023796389625
RP11-545A16.3	SRR5176655	3.0035568952298695
RP11-545A16.3	SRR5176656	1.069687850829972
RP11-545A16.3	SRR5176657	2.1596373575024623
RP11-545A16.3	SRR5176658	3.0048624445833965
RP11-545A16.3	SRR5176659	4.008579517730009
RP11-545A16.3	SRR5176660	3.0033747420055623
RP11-545A16.3	SRR5176661	1.005368595357641
RP11-545A16.3	SRR5176662	3.8695310024413003
RP11-545A16.3	SRR5176663	1.0062735564114655
RP11-545A16.3	SRR5176664	2
RP11-545A16.3	SRR5176665	1.008705895915066
RP11-545A16.3	SRR5176666	1.003794007351424
RP11-545A16.3	SRR5176667	2.1568652553978422
RP11-545A16.3	SRR5176668	3.0129717206679567
RP11-545A16.3	SRR5176669	1.0094259876059126
RP11-545A16.3	SRR5176670	1.0063933941186642
RP11-545A16.3	SRR5176671	3.0053528487072243
RP11-545A16.3	SRR5176672	3.0164232808870515
RP11-545A16.3	SRR5176673	2.0095019359551936
RP11-545A16.3	SRR5176674	4.009191243940653
RP11-545A16.3	SRR5176675	1.0041780100330324
RP11-545A16.3	SRR5176676	2.0364309096748254
RP11-545A16.3	SRR5176677	3.00432178400522
RP11-545A16.3	SRR5176678	2.0442627946083407
RP11-545A16.3	SRR5176679	1.008843607004959
RP11-545A16.3	SRR5176680	2.0056167365879425
RP11-545A16.3	SRR5176681	3.003240754672204
RP11-545A16.3	SRR5176682	1.0097140318888853
RP11-545A16.3	SRR5176683	3.0134854867324887
RP11-545A16.3	SRR5176684	3.0078838032793933
RP11-545A16.3	SRR5176685	2.0058827252577025
RP11-545A16.3	SRR5176686	1.0042610311786755
RP11-545A16.3	SRR5176687	2.0088402910202974
RP11-545A16.3	SRR5176688	2.0261135944111177
RP11-545A16.3	SRR5176689	3.021990235190934
RP11-545A16.3	SRR5176690	2.050157164239355
RP11-545A16.3	SRR5176691	2.0018002572549074
RP11-545A16.3	SRR5176692	5.048339625814137
RP11-545A16.3	SRR5176693	2.014509699897007
RP11-545A16.3	SRR5176694	3
RP11-545A16.3	SRR5176695	1.0138275958896568
RP11-545A16.3	SRR5176696	1.1276067886443841
RP11-545A16.3	SRR5176697	2.054218604019587
RP11-545A16.3	SRR5176698	1.164477770967963
RP11-545A16.3	SRR5176699	5.1212278554373025
RP11-545A16.3	SRR5176700	1.0887470529698755
RP11-545A16.3	SRR5176701	1.0339279043721292
RP11-545A16.3	SRR5176702	3
RP11-545A16.3	SRR5176703	1.0222386939864545
RP11-545A16.3	SRR5176704	2.008717445707211
RP11-545A16.3	SRR5176705	1.0020393982806224
RP11-545A16.3	SRR5176706	1.0268731231539296
RP11-545A16.3	SRR5176707	2.0386595438967494
RP11-545A16.3	SRR5176708	6.057001265096553
RP11-545A16.3	SRR5176709	2.0095019359551936
RP11-545A16.3	SRR5176710	3
RP11-545A16.3	SRR5176711	4.007609709621624
RP11-545A16.3	SRR5176712	2.024897863819215
RP11-545A16.3	SRR5176713	4.034632613279159
RP11-545A16.3	SRR5176714	1.0597737530480678
RP11-545A16.3	SRR5176715	2.0025208138048822
RP11-545A16.3	SRR5176716	4.007858259782368
RP11-545A16.3	SRR5176717	2.012855595068726
RP11-545A16.3	SRR5176718	2.0171377691710624
RP11-545A16.3	SRR5176719	3.0069853764786196
RP11-545A16.3	SRR5176720	4
RP11-545A16.3	SRR5176721	3
RP11-545A16.3	SRR5176722	2.03879015023494
RP11-545A16.3	SRR5176723	3.0279975731843343
RP11-545A16.3	SRR5176724	4.021267602457199
RP11-545A16.3	SRR5176725	3.0363895844246422
RP11-545A16.3	SRR5176726	1
RP11-545A16.3	SRR5176727	9.00513516672299
RP11-545A16.3	SRR5176728	1.0243749333461307
RP11-545A16.3	SRR5176729	3.0056153777729224
RP11-545A16.3	SRR5176730	1.0063794832782318
RP11-545A16.3	SRR5176731	4.018157872781711
RP11-545A16.3	SRR5176732	4
RP11-545A16.3	SRR5176733	1.00221972623461
RP11-545A16.3	SRR5176734	1.0806477792257758
RP11-545A16.3	SRR5176735	2.004656917652413
RP11-545A16.3	SRR5176736	2.0038743188530233
RP11-545A16.3	SRR5176737	2.005794254326413
RP11-545A16.3	SRR5176738	3.0319191833096624
RP11-545A16.3	SRR5176739	2.0156182649413137
RP11-545A16.3	SRR5176740	1.004072314883195
RP11-545A16.3	SRR5176741	1.0408847329279391
RP11-545A16.3	SRR5176742	1.010291833169212
RP11-545A16.3	SRR5176743	3.034388623472823
RP11-545A16.3	SRR5176744	1.0131637081071394
RP11-545A16.3	SRR5176745	3.026557351881421
RP11-545A16.3	SRR5176746	1.00221972623461
RP11-545A16.3	SRR5176747	2
RP11-545A16.3	SRR5176748	2.0025208138048822
RP11-545A16.3	SRR5176749	3.048503846913961
RP11-545A16.3	SRR5176750	2.0318178777787947
RP11-545A16.3	SRR5176751	4.014244456257723
RP11-545A16.3	SRR5176752	3.013417417012783
RP11-545A16.3	SRR5176753	1.002611135988753
RP11-545A16.3	SRR5176754	2.0104368740780814
RP11-545A16.3	SRR5176755	3.001395775897737
RP11-545A16.3	SRR5176756	1.0283814664958064
RP11-545A16.3	SRR5176757	1.0554499963578214
RP11-545A16.3	SRR5176758	2.021881035169752
RP11-545A16.3	SRR5176759	1.026903890048256
RP11-545A16.3	SRR5176760	3.017058370783502
RP11-545A16.3	SRR5176761	2.0116111933498324
RP11-545A16.3	SRR5176762	1.0740318196782621
RP11-545A16.3	SRR5176763	1.007431702583026
RP11-545A16.3	SRR5176764	1.0007200381067656
RP11-545A16.3	SRR5176765	2.003302884002545
RP11-545A16.3	SRR5176766	3.0084251048819137
RP11-545A16.3	SRR5176767	1.0010054898524368
RP11-545A16.3	SRR5176768	3.0445993487261336
RP11-545A16.3	SRR5176769	1.002883264649812
RP11-545A16.3	SRR5176770	2.0045956219703265
RP11-545A16.3	SRR5176771	2.004825566622048
RP11-545A16.3	SRR5176772	2.0123968137302835
RP11-545A16.3	SRR5176773	2.0148041272683828
RP11-545A16.3	SRR5176774	1.0060997931780538
RP11-545A16.3	SRR5176775	3.027752887976066
RP11-545A16.3	SRR5176776	2.0162334956477888
RP11-545A16.3	SRR5176777	4.039126376653749
RP11-545A16.3	SRR5176778	2.011145831224882
RP11-545A16.3	SRR5176779	3.0151127085939917
RP11-545A16.3	SRR5176780	4.011955338530107
RP11-545A16.3	SRR5176781	1.006184793499986
RP11-545A16.3	SRR5176782	1.0080091098205926
RP11-545A16.3	SRR5176783	3.0271971891427367
RP11-545A16.3	SRR5176784	2.008077339780291
RP11-545A16.3	SRR5176785	1.0017262519502124
RP11-545A16.3	SRR5176786	2
RP11-545A16.3	SRR5176787	1.007497432173284
RP11-545A16.3	SRR5176788	1.0264449971198473
RP11-545A16.3	SRR5176789	2.027899095216258
RP11-545A16.3	SRR5176790	5.046613496964603
RP11-545A16.3	SRR5176791	5.043370910892246
RP11-545A16.3	SRR5176792	3
RP11-545A16.3	SRR5176793	4.03553667987479
RP11-545A16.3	SRR5176794	6.026786688915597
RP11-545A16.3	SRR5176795	1.0041337200241454
RP11-545A16.3	SRR5176796	5.111191424240953
RP11-545A16.3	SRR5176797	2.0138120753271975
RP11-545A16.3	SRR5176798	3.0156332567702635
RP11-545A16.3	SRR5176799	3
RP11-545A16.3	SRR5176800	4.031017190830558
RP11-545A16.3	SRR5176801	1.0168619162072303
RP11-545A16.3	SRR5176802	4.0553380597922075
RP11-545A16.3	SRR5176803	1.00402802953607
RP11-545A16.3	SRR5176804	2.04225288153522
RP11-545A16.3	SRR5176805	4.0152667277289185
RP11-545A16.3	SRR5176806	1.0293316032282849
RP11-545A16.3	SRR5176807	3.0019359099087386
RP11-545A16.3	SRR5176808	1.0003599542698447
RP11-545A16.3	SRR5176809	3.00432178400522
RP11-545A16.3	SRR5176810	7
RP11-545A16.3	SRR5176811	4
RP11-545A16.3	SRR5176812	1.0010802515574013
RP11-545A16.3	SRR5176813	3.003240754672204
RP11-545A16.3	SRR5176814	2
RP11-545A16.3	SRR5176815	3.041301201717192
RP11-545A16.3	SRR5176816	5.070120307869394
RP11-545A16.3	SRR5176817	2.0103002474432623
RP11-545A16.3	SRR5176818	1.002447533024164
RP11-545A16.3	SRR5176819	1.052525107799273
RP11-545A16.3	SRR5176820	1.0220622993353137
RP11-545A16.3	SRR5176821	3.0268874350925334
RP11-545A16.3	SRR5176822	3.0864978478147984
RP11-545A16.3	SRR5176823	2.007460543201943
RP11-545A16.3	SRR5176824	3.016740809122738
RP11-545A16.3	SRR5176825	3.003240754672204
RP11-545A16.3	SRR5176826	3.0241805890757676
RP11-545A16.3	SRR5176827	2.0074834317356487
RP11-545A16.3	SRR5176828	3.0118086811464235
RP11-545A16.3	SRR5176829	2.0053171847237667
RP11-545A16.3	SRR5176830	1.0003599542698447
RP11-545A16.3	SRR5176831	3.015245698220768
RP11-545A16.3	SRR5176832	2.0196440095282537
RP11-545A16.3	SRR5176833	1.0056799316660756
RP11-545A16.3	SRR5176834	2.0076035735510467
RP11-545A16.3	SRR5176835	2.0069723341721946
RP11-545A16.3	SRR5176836	2.00165076074851
RP11-545A16.3	SRR5176837	2.1017306265743585
RP11-545A16.3	SRR5176838	1.0246586529675596
RP11-545A16.3	SRR5176839	2.080501556171914
RP11-545A16.3	SRR5176840	3.001395775897737
RP11-545A16.3	SRR5176841	1.0134982253253717
RP11-545A16.3	SRR5176842	2.0122737509274606
RP11-545A16.3	SRR5176843	3.0228482898731377
RP11-545A16.3	SRR5176844	2.005766529299624
RP11-545A16.3	SRR5176845	3.043223752725896
RP11-545A16.3	SRR5176846	2.0088674700003395
RP11-545A16.3	SRR5176847	1.0198121879198054
RP11-545A16.3	SRR5176848	1.0084182482829835
RP11-545A16.3	SRR5176849	1.0192261891808638
RP11-545A16.3	SRR5176850	1.0134815678813656
RP11-545A16.3	SRR5176851	2.0020910984817903
RP11-545A16.3	SRR5176852	3.06581806031945
RP11-545A16.3	SRR5176853	3.007342599072492
RP11-545A16.3	SRR5176854	2.092812664640777
RP11-545A16.3	SRR5176855	2.004534328162457
RP11-545A16.3	SRR5176856	3.047303538869271
RP11-545A16.3	SRR5176857	3.010398354397943
RP11-545A16.3	SRR5176858	1.0068447579623179
RP11-545A16.3	SRR5176859	1.0017568823143634
RP11-545A16.3	SRR5176860	4
RP11-545A16.3	SRR5176861	1.0019065235500912
RP11-545A16.3	SRR5176862	2.011541461109874
RP11-545A16.3	SRR5176863	2.004895066048328
RP11-545A16.3	SRR5176864	1.0048033120397526
RP11-545A16.3	SRR5176865	5.009532617750456
RP11-545A16.3	SRR5176866	2
RP11-545A16.3	SRR5176867	2.008410953690105
RP11-545A16.3	SRR5176868	2.0691884163787044
RP11-545A16.3	SRR5176869	3.007342599072492
RP11-545A16.3	SRR5176870	6.0269709734649775
RP11-545A16.3	SRR5176871	5.016942801413351
RP11-545A16.3	SRR5176872	1.0190046497146266
RP11-545A16.3	SRR5861974	2.0260867355184646
RP11-545A16.3	SRR5861975	1.0090231573303534
RP11-545A16.3	SRR5861976	1.0399586289520686
RP11-545A16.3	SRR5861977	1
RP11-545A16.3	SRR5861978	2.0096520188392386
RP11-545A16.3	SRR5861979	3.0279360091231697
RP11-545A16.3	SRR5861980	3
RP11-545A16.3	SRR5861981	2.039563184278383
RP11-545A16.3	SRR5861982	1.2333293129099616
RP11-545A16.3	SRR5861983	3.0048624445833965
RP11-545A16.3	SRR5861984	1.0080145694811098
RP11-545A16.3	SRR5861985	1.016870477919848
RP11-545A16.3	SRR5861986	4.007925410200827
RP11-545A16.3	SRR5861987	5.062709047313862
RP11-545A16.3	SRR5861988	1.0170644141079765
RP11-545A16.3	SRR5861989	3.0369744826068255
RP11-545A16.3	SRR5861990	2.00596946812595
RP11-545A16.3	SRR5861991	2
RP11-545A16.3	SRR5861992	4
RP11-545A16.3	SRR5861993	1.003694208229873
RP11-545A16.3	SRR5861994	4
RP11-545A16.3	SRR5861995	5.043350106997864
RP11-545A16.3	SRR5861996	3.012391445235127
RP11-545A16.3	SRR5861997	1.025339219737338
RP11-545A16.3	SRR5861998	1.005699730212809
RP11-545A16.3	SRR5861999	2.053485289278796
RP11-545A16.3	SRR5862000	1.0003599542698447
RP11-545A16.3	SRR5862001	2
RP11-545A16.3	SRR5862002	2.0021605031148026
RP11-545A16.3	SRR5862003	2.004825566622048
RP11-545A16.3	SRR5862004	1.005509961707591
RP11-545A16.3	SRR5862005	3.0157475225572776
RP11-545A16.3	SRR5862006	3.0112251476034726
RP11-545A16.3	SRR5862007	3.0251596307700446
RP11-545A16.3	SRR5862008	2.0079674922843656
RP11-545A16.3	SRR5862009	4.014121714131706
RP11-545A16.3	SRR5862010	1.0512612155664167
RP11-545A16.3	SRR5862011	2.0710247930159857
RP11-545A16.3	SRR5862012	2.013963070147916
RP11-545A16.3	SRR5862013	1.0206507030732106
RP11-545A16.3	SRR5862014	5.0242745833898645
RP11-545A16.3	SRR5862015	3
RP11-545A16.3	SRR5862016	3.012493272008529
RP11-545A16.3	SRR5862017	5.04096020322299
RP11-545A16.3	SRR5862018	4.015922033386952
RP11-545A16.3	SRR5862019	3.023662958105861
RP11-545A16.3	SRR5862020	5.01681866854604
RP11-545A16.3	SRR5862021	1.0059502686096389
RP11-545A16.3	SRR5862022	3.0144275224633863
RP11-545A16.3	SRR5862023	2.014966412666265
RP11-545A16.3	SRR5862024	4.010744070455927
RP11-545A16.3	SRR5862025	7
RP11-545A16.3	SRR5862026	1.0076713729183253
RP11-545A16.3	SRR5862027	2.0010799599790126
RP11-545A16.3	SRR5862028	1.1262536898298274
RP11-545A16.3	SRR5862029	3.0607355681882398
RP11-545A16.3	SRR5862030	4.010933910125871
RP11-545A16.3	SRR5862031	1.0069060376635988
RP11-545A16.3	SRR5862032	1.0733161679094974
RP11-545A16.3	SRR5862033	1.0014986090722051
RP11-545A16.3	SRR5862034	2.4910323249985717
RP11-545A16.3	SRR5862035	2.0131571141254665
RP11-545A16.3	SRR5862036	2.034687078453151
RP11-545A16.3	SRR5862037	1.0542964573472537
RP11-545A16.3	SRR5862038	1.0790945062876685
RP11-545A16.3	SRR5862039	4.0069050078008495
RP11-545A16.3	SRR5862040	2.012841843054101
RP11-545A16.3	SRR5862041	1.0053378545594238
RP11-545A16.3	SRR5862042	5.04406039412815
RP11-545A16.3	SRR5862043	3
RP11-545A16.3	SRR5862044	2.0027316121052943
RP11-545A16.3	SRR5862045	2.008322371249443
RP11-545A16.3	SRR5862046	3.023354451437776
RP11-545A16.3	SRR5862047	2.0174091509640406
RP11-545A16.3	SRR5862048	1.2470733792685733
RP11-545A16.3	SRR5862049	3.046295760304691
RP11-545A16.3	SRR5862050	2.0065498670882853
RP11-545A16.3	SRR5862051	1.004672692112038
RP11-545A16.3	SRR5862052	5.0172774192311005
RP11-545A16.3	SRR5862053	2.0052558688529287
RP11-545A16.3	SRR5862054	3.0780479985202684
RP11-545A16.3	SRR5862055	2.045275844010872
RP11-545A16.3	SRR5862056	1.0326488670033724
RP11-545A16.3	SRR5862057	2.0153119610834875
RP11-545A16.3	SRR5862058	2.004534328162457
RP11-545A16.3	SRR5862059	2.0552406615442904
RP11-545A16.3	SRR5862060	3.0272494423345906
RP11-545A16.3	SRR5862061	2.0071222281288614
RP11-545A16.3	SRR5862062	3.0016199399685184
RP11-545A16.3	SRR5862063	1.0119474539360775
RP11-545A16.3	SRR5862064	2.0038743188530233
RP11-545A16.3	SRR5862065	1.0025183037678282
RP11-545A16.3	SRR5862066	5.0451209128421315
RP11-545A16.3	SRR5862067	1.2340297724805442
RP11-545A16.3	SRR5862068	8.037761968514818
RP11-545A16.3	SRR5862069	3.0063807907634774
RP11-545A16.3	SRR5862070	3.0398261332911547
RP11-545A16.3	SRR5862071	1.2517458229536382
RP11-545A16.3	SRR5862072	1.2634612941586179
RP11-545A16.3	SRR5862073	2.0037182055455687
RP11-545A16.3	SRR5862074	3.0150844212659575
RP11-545A16.3	SRR5862075	3.0203495611050455
RP11-545A16.3	SRR5862076	1.240670619317905
RP11-545A16.3	SRR5862077	2.00784815788811
RP11-545A16.3	SRR5862078	2.1548782600559933
RP11-545A16.3	SRR5862079	3.0303079967696975
RP11-545A16.3	SRR5862080	3.054978663513101
RP11-545A16.3	SRR5862081	1.0017262519502124
RP11-545A16.3	SRR5862082	1.0037523531876433
RP11-545A16.3	SRR5862083	4
RP11-545A16.3	SRR5862084	4.027267695983587
RP11-545A16.3	SRR5862085	2
RP11-545A16.3	SRR5862086	1.0247352824726355
RP11-545A16.3	SRR5862087	1.0117536254353572
RP11-545A16.3	SRR5862088	1.121721315480128
RP11-545A16.3	SRR5862089	2.0245061359246903
RP11-545A16.3	SRR5862090	3.0051284058589713
RP11-545A16.3	SRR5862091	1.013801038227387
RP11-545A16.3	SRR5862092	1.0205242153246368
RP11-545A16.3	SRR5862093	1.000179960941952
RP11-545A16.3	SRR5862094	2.009891349475198
RP11-545A16.3	SRR5862095	1.0873315399586785
RP11-545A16.3	SRR5862096	2.00432334011646
RP11-545A16.3	SRR5862097	2.0104983483715184
RP11-545A16.3	SRR5862098	6.676655459871246
RP11-545A16.3	SRR5862099	1.0223775623222773
RP11-545A16.3	SRR5862100	2.0052558688529287
RP11-545A16.3	SRR5862101	1.0581490093852495
RP11-545A16.3	SRR5862102	2.0115642686641606
RP11-545A16.3	SRR5862103	1.0233035627864664
RP11-545A16.3	SRR5862104	3.012401160072436
RP11-545A16.3	SRR5862105	2.0220129522135095
RP11-545A16.3	SRR5862106	2.0085060173655385
RP11-545A16.3	SRR5862107	2
RP11-545A16.3	SRR5862108	2.013695420040955
RP11-545A16.3	SRR5862109	7.012607472405174
RP11-545A16.3	SRR5862110	4.0316385441277065
RP11-545A16.3	SRR5862111	1.0145480117591426
RP11-545A16.3	SRR5862112	1.0037110248141228
RP11-545A16.3	SRR5862113	1.0086741821784493
RP11-545A16.3	SRR5862114	3.0139268007611015
RP11-545A16.3	SRR5862115	1.006604989330596
RP11-545A16.3	SRR5862116	1.0254857038474403
RP11-545A16.3	SRR5862117	1.0032581242663439
RP11-545A16.3	SRR5862118	3.0247931486045463
RP11-545A16.3	SRR5862119	4.01628925953278
RP11-545A16.3	SRR5862120	1.0009001286274537
RP11-545A16.3	SRR5862121	3.00432178400522
RP11-545A16.3	SRR5862122	1.0020393982806224
RP11-545A16.3	SRR5862123	2.004534328162457
RP11-545A16.3	SRR5862124	3.0095080003439243
RP11-545A16.3	SRR5862125	3
RP11-545A16.3	SRR5862126	3.002700385882361
RP11-545A16.3	SRR5862127	1.0037110248141228
RP11-545A16.3	SRR5862128	7.02585945760911
RP11-545A16.3	SRR5862129	2.1566247390789535
RP11-545A16.3	SRR5862130	1.0061676406940727
RP11-545A16.3	SRR5862131	2.004534328162457
RP11-545A16.3	SRR5862132	3.002700385882361
RP11-545A16.3	SRR5862133	1.0009001286274537
RP11-545A16.3	SRR5862134	1.000179960941952
RP11-545A16.3	SRR5862135	4.049983414866259
RP11-545A16.3	SRR5862136	3.0010798628095343
RP11-545A16.3	SRR5862137	2.00432334011646
RP11-545A16.3	SRR5862138	5.008831700914785
RP11-545A16.3	SRR5862139	3.0039649202342478
RP11-545A16.3	SRR5862140	1.0032442567630784
RP11-545A16.3	SRR5862141	2.008567432618051
RP11-545A16.3	SRR5862142	3.0080580528419456
RP11-545A16.3	SRR5862143	3.0010798628095343
RP11-545A16.3	SRR5862144	1.0055802697075793
RP11-545A16.3	SRR5862145	5.016374667720713
RP11-545A16.3	SRR5862146	1.0133733985581923
RP11-545A16.3	SRR5862147	3.0214873720588677
RP11-545A16.3	SRR5862148	3
RP11-545A16.3	SRR5862149	9.051175112350506
RP11-545A16.3	SRR5862150	3.00720995801771
RP11-545A16.3	SRR5862151	1.012046576634804
RP11-545A16.3	SRR5862152	1.0238846982116432
RP11-545A16.3	SRR5862153	5.101723826984631
RP11-545A16.3	SRR5862154	4
RP11-545A16.3	SRR5862155	3.0186369456078506
RP11-545A16.3	SRR5862156	2.050544530591609
RP11-545A16.3	SRR5862157	3.0773479101107224
RP11-545A16.3	SRR5862158	9.004859819905555
RP11-545A16.3	SRR5862159	2.01167270355111
RP11-545A16.3	SRR5862160	2.0756088625251294
RP11-545A16.3	SRR5862161	2.005439822090173
RP11-545A16.3	SRR5862162	3.0097743727990314
RP11-545A16.3	SRR5862163	2.00676108951292
RP11-545A16.3	SRR5862164	2.1000646408285872
RP11-545A16.3	SRR5862165	6.025766156236705
RP11-545A16.3	SRR5862166	6.025518052096615
RP11-545A16.3	SRR5862167	1.002086827591817
RP11-545A16.3	SRR5862168	3.0049543260038174
RP11-545A16.3	SRR5862169	2.007263926849274
RP11-545A16.3	SRR5862170	2.0216891211505423
RP11-545A16.3	SRR5862171	1.0016820700779165
RP11-545A16.3	SRR5862172	4.0069050078008495
RP11-545A16.3	SRR5862173	1.024784508800748
RP11-545A16.3	SRR5862174	1.0281268623068158
RP11-545A16.3	SRR5862175	3.014478028258858
RP11-545A16.3	SRR5862176	2.0342698611709187
RP11-545A16.3	SRR5862177	2.0637365664640415
RP11-545A16.3	SRR5862178	2.0570702848294458
RP11-545A16.3	SRR5862179	2.0112044054211045
RP11-545A16.3	SRR5862180	1.163410651901285
RP11-545A16.3	SRR5862181	2.0417734344937406
RP11-545A16.3	SRR5862182	1.0091326280382285
RP11-545A16.3	SRR5862183	4.019536879774825
RP11-545A16.3	SRR5862184	1.0267236692152724
RP11-545A16.3	SRR5862185	3
RP11-545A16.3	SRR5862186	2.014496706539619
RP11-545A16.3	SRR5862187	1.0074072425695189
RP11-545A16.3	SRR5862188	2.077726517777755
RP11-545A16.3	SRR5862189	6.048599144546176
RP11-545A16.3	SRR5862190	3.0039649202342478
RP11-545A16.3	SRR5862191	1.0115110461819634
RP11-545A16.3	SRR5862192	2.0895056878340434
RP11-545A16.3	SRR5862193	2.0071222281288614
RP11-545A16.3	SRR5862194	3.015563102496482
RP11-545A16.3	SRR5862195	2.0125359611158165
RP11-545A16.3	SRR5862196	2
RP11-545A16.3	SRR5862197	2
RP11-545A16.3	SRR5862198	1.1006263597390016
RP11-545A16.3	SRR5862199	3.007342599072492
RP11-545A16.3	SRR5862200	1.002117468981499
RP11-545A16.3	SRR5862201	2.532510215071989
RP11-545A16.3	SRR5862202	5.1059178996783245
RP11-545A16.3	SRR5862203	1.033482189187862
RP11-545A16.3	SRR5862204	3
RP11-545A16.3	SRR5862205	3
RP11-545A16.3	SRR5862206	2.0355484772497894
RP11-545A16.3	SRR5862207	3.0157883246768367
RP11-545A16.3	SRR5862208	1.0189273711359403
RP11-545A16.3	SRR5862209	3.033379743696563
RP11-545A16.3	SRR5862210	4
RP11-545A16.3	SRR5862211	2.0643536587889706
RP11-545A16.3	SRR5862212	1.0087809371964969
RP11-545A16.3	SRR5862213	1.0045749698980364
RP11-545A16.3	SRR5862214	2.0053974358121973
RP11-545A16.3	SRR5862215	3.0071180076276307
RP11-545A16.3	SRR5862216	2.0071222281288614
RP11-545A16.3	SRR5862217	1.0064377837965335
RP11-545A16.3	SRR5862218	3.002700385882361
RP11-545A16.3	SRR5862219	1.022945581707591
RP11-545A16.3	SRR5862220	1.0044644481525995
RP11-545A16.3	SRR5862221	4
RP11-545A16.3	SRR5862222	4.01292273346443
RP11-545A16.3	SRR5862223	3.1289524269909004
RP11-545A16.3	SRR5862224	4.030579906084156
RP11-545A16.3	SRR5862225	1.0026238353323988
RP11-545A16.3	SRR5862226	2.0021605031148026
RP11-545A16.3	SRR5862227	3
RP11-545A16.3	SRR5862228	4.035587795073149
RP11-545A16.3	SRR5862229	3.0175090553266655
RP11-545A16.3	SRR5862230	1.0052323318307268
RP11-545A16.3	SRR5862231	1.0020393982806224
RP11-545A16.3	SRR5862232	2.029668736143686
RP11-545A16.3	SRR5862233	3.008200432594403
RP11-545A16.3	SRR5862234	1.0057748425146649
RP11-545A16.3	SRR5862235	2.0018002572549074
RP11-545A16.3	SRR5862236	4.008469875925996
RP11-545A16.3	SRR5862237	1.030696233812855
RP11-545A16.3	SRR5862238	3.0024761411227656
RP11-545A16.3	SRR5862239	4.030575245231448
RP11-545A16.3	SRR5862240	2.005405634612623
RP11-545A16.3	SRR5862241	4.024586677815895
RP11-545A16.3	SRR5862242	3.0205022636117165
RP11-545A16.3	SRR5862243	2.0110169486422045
RP11-545A16.3	SRR5862244	3.0421886150608715
RP11-545A16.3	SRR5862245	1.0179113233903831
RP11-545A16.3	SRR5862246	1.0018838921166466
RP11-545A16.3	SRR5862247	1.0054744269623506
RP11-545A16.3	SRR5862248	2.001440076213531
RP11-545A16.3	SRR5862249	1.014824489514172
RP11-545A16.3	SRR5862250	6.063178040959543
RP11-545A16.3	SRR5862251	2.0201665932215045
RP11-545A16.3	SRR5862252	4.010089609721769
RP11-545A16.3	SRR5862253	1.0076222154653056
RP11-545A16.3	SRR5862254	3.020851349858956
RP11-545A16.3	SRR5862255	3.0232620074032592
RP11-545A16.3	SRR5862256	2.0308609671198603
RP11-545A16.3	SRR5862257	1.0133332028501592
RP11-545A16.3	SRR5862258	2.005106114277896
RP11-545A16.3	SRR5862259	3.0402435387793854
RP11-545A16.3	SRR5862260	1.0641135195805316
RP11-545A16.3	SRR5862261	1.0162121900968593
RP11-545A16.3	SRR5862262	2.019366750036445
RP11-545A16.3	SRR5862263	1.045022718956458
RP11-545A16.3	SRR5862264	1.0056553730873352
RP11-545A16.3	SRR5862265	3.0035568952298695
RP11-545A16.3	SRR5862266	4.021707349256985
RP11-545A16.3	SRR5862267	1.0548744221196733
RP11-545A16.3	SRR5862268	2.0096520188392386
RP11-545A16.3	SRR5862269	1.0038780714396673
RP11-545A16.3	SRR5862270	3.00665917870383
RP11-545A16.3	SRR5862271	1.0058638639474222
RP11-545A16.3	SRR5862272	1.011046062783337
RP11-545A16.3	SRR5862273	1.0033150837538076
RP11-545A16.3	SRR5862274	2.0090789363908557
RP11-545A16.3	SRR5862275	2.025592796274075
RP11-545A16.3	SRR5862276	1.0171325747477717
RP11-545A16.3	SRR5862277	1.012407898752116
RP11-545A16.3	SRR5949109	1.1543930374941627
RP11-545A16.3	SRR5949110	1.1528629477900991
RP11-545A16.3	SRR5949111	1.1543861423812125
RP11-545A16.3	SRR5949112	1.1544080735423528
RP11-545A16.3	SRR5949113	1.1538715423531325
RP11-545A16.3	SRR5949114	1.1544080735423528
RP11-545A16.3	SRR5949115	1.1543930374941627
RP11-545A16.3	SRR5949116	1.154328975937927
RP11-545A16.3	SRR5949117	1.1544080735423528
RP11-545A16.3	SRR5949118	1.1542881659876676
RP11-545A16.3	SRR5949119	1.1544066367558048
RP11-545A16.3	SRR5949120	1.1542612816136126
RP11-545A16.3	SRR5949121	1.1542612816136126
RP11-545A16.3	SRR5949122	1.1542193125787963
RP11-545A16.3	SRR5949123	1.154119770897195
RP11-545A16.3	SRR5949124	1.1536303593625774
RP11-545A16.3	SRR5949125	1.1538715423531325
RP11-545A16.3	SRR5949126	1.1542193125787963
RP11-545A16.3	SRR5949127	1.1542612816136126
RP11-545A16.3	SRR5949128	1.1542612816136126
RP11-545A16.3	SRR5949129	1.1544066367558048
RP11-545A16.3	SRR5949130	1.1543861423812125
RP11-545A16.3	SRR5949131	1.1541454974839138
RP11-545A16.3	SRR5949132	1.1543930374941627
RP11-545A16.3	SRR5949133	1.154243037085462
RP11-545A16.3	SRR5949134	1.1544080735423528
RP11-545A16.3	SRR5949135	1.1543244711383844
RP11-545A16.3	SRR5949136	1.1544018504729736
RP11-545A16.3	SRR5949137	1.1537285180296166
RP11-545A16.3	SRR5949138	1.154127700715507
RP11-545A16.3	SRR5949139	1.1542342444976637
RP11-545A16.3	SRR5949140	1.1543861423812125
RP11-545A16.3	SRR5949141	1.1544066367558048
RP11-545A16.3	SRR5949142	1.1543861423812125
RP11-545A16.3	SRR5949143	1.1544080735423528
RP11-545A16.3	SRR5949144	1.154243037085462
RP11-545A16.3	SRR5949145	1.1542881659876676
RP11-545A16.3	SRR5949146	1.1542763738511965
RP11-545A16.3	SRR5949147	1.1542763738511965
RP11-545A16.3	SRR5949148	1.1535426695350546
RP11-545A16.3	SRR5949149	1.1542881659876676
RP11-545A16.3	SRR5949150	1.1544066367558048
RP11-545A16.3	SRR5949151	1.1540843659274789
RP11-545A16.3	SRR5949152	1.1521642390280358
RP11-545A16.3	SRR5949153	1.1542129775631536
RP11-545A16.3	SRR5949154	1.1532523441137337
RP11-545A16.3	SRR5949155	1.1542881659876676
RP11-545A16.3	SRR5949156	1.1544066367558048
RP11-545A16.3	SRR5949157	1.1543930374941627
RP11-545A16.3	SRR5949158	1.1544080735423528
RP11-545A16.3	SRR5949159	1.1533709738650642
RP11-545A16.3	SRR5949160	1.1543930374941627
RP11-545A16.3	SRR5949161	1.1543861423812125
RP11-545A16.3	SRR5949162	1.1543930374941627
RP11-545A16.3	SRR5949163	1.1544066367558048
RP11-545A16.3	SRR5949164	1.1544080735423528
RP11-545A16.3	SRR5949165	1.154328975937927
RP11-545A16.3	SRR5949166	1.1544066367558048
RP11-545A16.3	SRR5949167	1.1542881659876676
RP11-545A16.3	SRR5949168	1.1543244711383844
RP11-545A16.3	SRR5949169	1.1496389762158161
RP11-545A16.3	SRR5949170	1.1544080735423528
RP11-545A16.3	SRR5949171	1.1541360045743105
RP11-545A16.3	SRR5949172	1.1541312616794417
RP11-545A16.3	SRR5949173	1.1543930374941627
RP11-545A16.3	SRR5949174	1.1543244711383844
RP11-545A16.3	SRR5949175	1.1544080735423528
RP11-545A16.3	SRR5949176	1.1542612816136126
RP11-545A16.3	SRR5949177	1.153448318699057
RP11-545A16.3	SRR5949178	1.1542129775631536
RP11-545A16.3	SRR5949179	1.1543861423812125
RP11-545A16.3	SRR5949180	1.1544080735423528
RP11-545A16.3	SRR5949181	1.1544018504729736
RP11-545A16.3	SRR5949182	1.154243037085462
RP11-545A16.3	SRR5949183	1.1544066367558048
RP11-545A16.3	SRR5949184	1.154328975937927
RP11-545A16.3	SRR5949185	1.1541312616794417
RP11-545A16.3	SRR5949186	1.1537962707798937
RP11-545A16.3	SRR5949187	1.1543861423812125
RP11-545A16.3	SRR5949188	1.1543244711383844
RP11-545A16.3	SRR5949189	1.1542612816136126
RP11-545A16.3	SRR5949190	1.1542881659876676
RP11-545A16.3	SRR5949191	1.1541360045743105
RP11-545A16.3	SRR5949192	1.1544018504729736
RP11-545A16.3	SRR5949193	1.1544066367558048
RP11-545A16.3	SRR5949194	1.1543930374941627
RP11-545A16.3	SRR5949195	1.154328975937927
RP11-545A16.3	SRR5949196	1.1541454974839138
RP11-545A16.3	SRR5949197	1.153987572083333
RP11-545A16.3	SRR5949198	1.153664101949279
RP11-545A16.3	SRR5949199	1.1542193125787963
RP11-545A16.3	SRR5949200	1.1544066367558048
RP11-545A16.3	SRR5949201	1.1543244711383844
RP11-545A16.3	SRR5949202	1.1543861423812125
RP11-545A16.3	SRR5949203	1.1543930374941627
RP11-545A16.3	SRR5949204	1.1544080735423528
RP11-545A16.3	SRR5949205	1.1544080735423528
RP11-545A16.3	SRR5949206	1.154328975937927
RP11-545A16.3	SRR5949207	1.1543930374941627
RP11-545A16.3	SRR5949208	1.1542881659876676
RP11-545A16.3	SRR5949209	1.1543930374941627
RP11-545A16.3	SRR5949210	1.1543244711383844
RP11-545A16.3	SRR5949211	1.153987572083333
RP11-545A16.3	SRR5949212	1.1543244711383844
RP11-545A16.3	SRR5949213	1.1542193125787963
RP11-545A16.3	SRR5949214	1.1540843659274789
RP11-545A16.3	SRR5949215	1.1542612816136126
RP11-545A16.3	SRR5949216	1.1543861423812125
RP11-545A16.3	SRR5949217	1.1543861423812125
RP11-545A16.3	SRR5949218	1.154243037085462
RP11-545A16.3	SRR5949219	1.1542612816136126
RP11-545A16.3	SRR5949220	1.1541312616794417
RP11-545A16.3	SRR5949221	1.1540843659274789
RP11-545A16.3	SRR5949222	1.1542612816136126
RP11-545A16.3	SRR5949223	1.153448318699057
RP11-545A16.3	SRR5949224	1.1542881659876676
RP11-545A16.3	SRR5949225	1.1544018504729736
RP11-545A16.3	SRR5949226	1.1541312616794417
RP11-545A16.3	SRR5949227	1.1544018504729736
RP11-545A16.3	SRR5949228	1.1541312616794417
RP11-545A16.3	SRR5949229	1.154127700715507
RP11-545A16.3	SRR5949230	1.1544018504729736
RP11-545A16.3	SRR5949231	1.1540286696356532
RP11-545A16.3	SRR5949232	1.1531855179973023
RP11-545A16.3	SRR5949233	1.1534681238443258
RP11-545A16.3	SRR5949234	1.1542763738511965
RP11-545A16.3	SRR5949235	1.1541312616794417
RP11-545A16.3	SRR5949236	1.1524349692227331
RP11-545A16.3	SRR5949237	1.1540286696356532
RP11-545A16.3	SRR5949238	1.1537962707798937
RP11-545A16.3	SRR5949239	1.152631812552955
RP11-545A16.3	SRR5949240	1.1544066367558048
RP11-545A16.3	SRR5949241	1.1542881659876676
RP11-545A16.3	SRR5949242	1.1543244711383844
RP11-545A16.3	SRR5949243	1.1542129775631536
RP11-545A16.3	SRR5949244	1.1542193125787963
RP11-545A16.3	SRR5949245	1.1542342444976637
RP11-545A16.3	SRR5949246	1.1543244711383844
RP11-545A16.3	SRR5949247	1.1542763738511965
RP11-545A16.3	SRR5949248	1.154328975937927
RP11-545A16.3	SRR5949249	1.1543244711383844
RP11-545A16.3	SRR5949250	1.1544080735423528
RP11-545A16.3	SRR5949251	1.1541312616794417
RP11-545A16.3	SRR5949252	1.1543930374941627
RP11-545A16.3	SRR5949253	1.1539534513664238
RP11-545A16.3	SRR5949254	1.154099487946561
RP11-545A16.3	SRR5949255	1.1543244711383844
RP11-545A16.3	SRR5949256	1.1542342444976637
RP11-545A16.3	SRR5949257	1.1544066367558048
RP11-545A16.3	SRR5949258	1.1544066367558048
RP11-545A16.3	SRR5949259	1.154243037085462
RP11-545A16.3	SRR5949260	1.1544080735423528
RP11-545A16.3	SRR5949261	1.1544080735423528
RP11-545A16.3	SRR5949262	1.1542193125787963
RP11-545A16.3	SRR5949263	1.154328975937927
RP11-545A16.3	SRR5949264	1.1542612816136126
RP11-545A16.3	SRR5949265	1.1543930374941627
RP11-545A16.3	SRR5949266	1.1537626724135772
RP11-545A16.3	SRR5949267	1.1537779842987672
RP11-545A16.3	SRR5949268	1.1544018504729736
RP11-545A16.3	SRR5949269	1.1542612816136126
RP11-545A16.3	SRR5949270	1.1543244711383844
RP11-545A16.3	SRR5949271	1.154119770897195
RP11-545A16.3	SRR5949272	1.1544080735423528
RP11-545A16.3	SRR5949273	1.1544080735423528
RP11-545A16.3	SRR5949274	1.154328975937927
RP11-545A16.3	SRR5949275	1.154099487946561
RP11-545A16.3	SRR5949276	1.154328975937927
RP11-545A16.3	SRR5949277	1.1537779842987672
RP11-545A16.3	SRR5949278	1.1543861423812125
RP11-545A16.3	SRR5949279	1.1543861423812125
RP11-545A16.3	SRR5949280	1.1539394876265088
RP11-545A16.3	SRR5949281	1.1543244711383844
RP11-545A16.3	SRR5949282	1.1544080735423528
RP11-545A16.3	SRR5949283	1.154043329391819
RP11-545A16.3	SRR5949284	1.1544080735423528
RP11-545A16.3	SRR5949285	1.15317802952035
RP11-545A16.3	SRR5949286	1.1537626724135772
RP11-545A16.3	SRR5949287	1.1544080735423528
RP11-545A16.3	SRR5949288	1.1543861423812125
RP11-545A16.3	SRR5949289	1.1542342444976637
RP11-545A16.3	SRR5949290	1.1544080735423528
RP11-545A16.3	SRR5949291	1.1543244711383844
RP11-545A16.3	SRR5949292	1.1542763738511965
RP11-545A16.3	SRR5949293	1.1544080735423528
RP11-545A16.3	SRR5949294	1.1544066367558048
RP11-545A16.3	SRR5949295	1.1543861423812125
RP11-545A16.3	SRR5949296	1.154328975937927
RP11-545A16.3	SRR5949297	1.1543930374941627
RP11-545A16.3	SRR5949298	1.1541360045743105
RP11-545A16.3	SRR5949299	1.1542763738511965
RP11-545A16.3	SRR5949300	1.1544066367558048
RP11-545A16.3	SRR5949301	1.1544066367558048
RP11-545A16.3	SRR5949302	1.1542342444976637
RP11-545A16.3	SRR5949303	1.1541454974839138
RP11-545A16.3	SRR5949304	1.1543930374941627
RP11-545A16.3	SRR5949305	1.1537652995205527
RP11-545A16.3	SRR5949306	1.1543930374941627
RP11-545A16.3	SRR5949307	1.1542763738511965
RP11-545A16.3	SRR5949308	1.154328975937927
RP11-545A16.3	SRR5949309	1.154119770897195
RP11-545A16.3	SRR5949310	1.154119770897195
RP11-545A16.3	SRR5949311	1.1542763738511965
RP11-545A16.3	SRR5949312	1.1540148338403267
RP11-545A16.3	SRR5949313	1.1543244711383844
RP11-545A16.3	SRR5949314	1.1544066367558048
RP11-545A16.3	SRR5949315	1.1543244711383844
RP11-545A16.3	SRR5949316	1.1543861423812125
RP11-545A16.3	SRR5949317	1.1538444146289202
RP11-545A16.3	SRR5949318	1.1537833054890896
RP11-545A16.3	SRR5949319	1.1543930374941627
RP11-545A16.3	SRR5949320	1.1544080735423528
RP11-545A16.3	SRR5949321	1.154328975937927
RP11-545A16.3	SRR5949322	1.1541312616794417
RP11-545A16.3	SRR5949323	1.1543244711383844
RP11-545A16.3	SRR5949324	1.1544080735423528
RP11-545A16.3	SRR5949325	1.1543861423812125
RP11-545A16.3	SRR5949326	1.1542881659876676
RP11-545A16.3	SRR5949327	1.1537250692562184
RP11-545A16.3	SRR5949328	1.1543930374941627
RP11-545A16.3	SRR5949329	1.1544018504729736
RP11-545A16.3	SRR5949330	1.1543861423812125
RP11-545A16.3	SRR5949331	1.1544018504729736
RP11-545A16.3	SRR5949332	1.1544080735423528
RP11-545A16.3	SRR5949333	1.154243037085462
RP11-545A16.3	SRR5949334	1.1540148338403267
RP11-545A16.3	SRR5949335	1.1544066367558048
RP11-545A16.3	SRR5949336	1.154328975937927
RP11-545A16.3	SRR5949337	1.1544018504729736
RP11-545A16.3	SRR5949338	1.1543861423812125
RP11-545A16.3	SRR5949339	1.1543861423812125
RP11-545A16.3	SRR5949340	1.1541454974839138
RP11-545A16.3	SRR5949341	1.154243037085462
RP11-545A16.3	SRR5949342	1.1543930374941627
RP11-545A16.3	SRR5949343	1.1542612816136126
RP11-545A16.3	SRR5949344	1.1543930374941627
RP11-545A16.3	SRR5949345	1.1544018504729736
RP11-545A16.3	SRR5949346	1.1537070312898285
RP11-545A16.3	SRR5949347	1.1539830975965506
RP11-545A16.3	SRR5949348	1.1532222126984653
RP11-545A16.3	SRR5949349	1.1543861423812125
RP11-545A16.3	SRR5949350	1.1543244711383844
RP11-545A16.3	SRR5949351	1.1543244711383844
RP11-545A16.3	SRR5949352	1.154328975937927
RP11-545A16.3	SRR5949353	1.1543861423812125
RP11-545A16.3	SRR5949354	1.154118135098547
RP11-545A16.3	SRR5949355	1.1542763738511965
RP11-545A16.3	SRR5949356	1.1513016641508953
RP11-545A16.3	SRR5949357	1.1542763738511965
RP11-545A16.3	SRR5949358	1.1542881659876676
RP11-545A16.3	SRR5949359	1.1543861423812125
RP11-545A16.3	SRR5949360	1.154243037085462
RP11-545A16.3	SRR5949361	1.1542342444976637
RP11-545A16.3	SRR5949362	1.1524373005233322
RP11-545A16.3	SRR5949363	1.1544018504729736
RP11-545A16.3	SRR5949364	1.1541344162995835
RP11-545A16.3	SRR5949365	1.1539534513664238
RP11-545A16.3	SRR5949366	1.151926209413139
RP11-545A16.3	SRR5949367	1.1544080735423528
RP11-545A16.3	SRR5949368	1.1532936707463863
RP11-545A16.3	SRR5949369	1.1544066367558048
RP11-545A16.3	SRR5949370	1.1543930374941627
RP11-545A16.3	SRR5949371	1.154127700715507
RP11-545A16.3	SRR5949372	1.1543244711383844
RP11-545A16.3	SRR5949373	1.1544066367558048
RP11-545A16.3	SRR5949374	1.1541360045743105
RP11-545A16.3	SRR5949375	1.1544066367558048
RP11-545A16.3	SRR5949376	1.1544080735423528
RP11-545A16.3	SRR5949377	1.1543861423812125
RP11-545A16.3	SRR5949378	1.1544080735423528
RP11-545A16.3	SRR5949379	1.1543861423812125
RP11-545A16.3	SRR5949380	1.1535503567545762
RP11-545A16.3	SRR5949381	1.154099487946561
RP11-545A16.3	SRR5949382	1.1543861423812125
RP11-545A16.3	SRR5949383	1.1542193125787963
RP11-545A16.3	SRR5949384	1.1544066367558048
RP11-545A16.3	SRR5949385	1.1542129775631536
RP11-545A16.3	SRR5949386	1.1544080735423528
RP11-545A16.3	SRR5949387	1.1525536382806347
RP11-545A16.3	SRR5949388	1.1540976154898277
RP11-545A16.3	SRR5949389	1.1544080735423528
RP11-545A16.3	SRR5949390	1.1543244711383844
RP11-545A16.3	SRR5949391	1.154127700715507
RP11-545A16.3	SRR5949392	1.1544080735423528
RP11-545A16.3	SRR5949393	1.154127700715507
RP11-545A16.3	SRR5949394	1.154043329391819
RP11-545A16.3	SRR5949395	1.1543244711383844
RP11-545A16.3	SRR5949396	1.153448318699057
RP11-545A16.3	SRR5949397	1.1544066367558048
RP11-545A16.3	SRR5949398	1.1544018504729736
RP11-545A16.3	SRR5949399	1.1542881659876676
RP11-545A16.3	SRR5949400	1.148920661344423
RP11-545A16.3	SRR5949401	1.1544080735423528
RP11-545A16.3	SRR5949402	1.154328975937927
RP11-545A16.3	SRR5949403	1.1542612816136126
RP11-545A16.3	SRR5949404	1.154127700715507
RP11-545A16.3	SRR5949405	1.1543861423812125
RP11-545A16.3	SRR5949406	1.1544066367558048
RP11-545A16.3	SRR5949407	1.1543861423812125
RP11-545A16.3	SRR5949408	1.1543861423812125
RP11-545A16.3	SRR5949409	1.154328975937927
RP11-545A16.3	SRR5949410	1.1543244711383844
RP11-545A16.3	SRR5949411	1.1544080735423528
RP11-545A16.3	SRR5949412	1.1542193125787963
RP11-545A16.3	SRR5949413	1.154328975937927
RP11-545A16.3	SRR5949414	1.1543861423812125
RP11-545A16.3	SRR5949415	1.1543930374941627
RP11-545A16.3	SRR5949416	1.1542763738511965
RP11-545A16.3	SRR5949417	1.154243037085462
RP11-545A16.3	SRR5949418	1.1543861423812125
RP11-545A16.3	SRR5949419	1.1543930374941627
RP11-545A16.3	SRR5949420	1.1542612816136126
RP11-545A16.3	SRR5949421	1.154243037085462
RP11-545A16.3	SRR5949422	1.1542763738511965
RP11-545A16.3	SRR5949423	1.1542763738511965
RP11-545A16.3	SRR5949424	1.1544080735423528
RP11-545A16.3	SRR5949425	1.1542763738511965
RP11-545A16.3	SRR5949426	1.1544018504729736
RP11-545A16.3	SRR5949427	1.1542763738511965
RP11-545A16.3	SRR5949428	1.1544080735423528
RP11-545A16.3	SRR5949429	1.1540148338403267
RP11-545A16.3	SRR5949430	1.1543244711383844
RP11-545A16.3	SRR5949431	1.1543244711383844
RP11-545A16.3	SRR5949432	1.1543244711383844
RP11-545A16.3	SRR5949433	1.1542881659876676
RP11-545A16.3	SRR5949434	1.1542881659876676
RP11-545A16.3	SRR5949435	1.154099487946561
RP11-545A16.3	SRR5949436	1.1543930374941627
RP11-545A16.3	SRR5949437	1.1540843659274789
RP11-545A16.3	SRR5949438	1.1539394876265088
RP11-545A16.3	SRR5949439	1.1544066367558048
RP11-545A16.3	SRR5949440	1.1544018504729736
RP11-545A16.3	SRR5949441	1.1544018504729736
RP11-545A16.3	SRR5949442	1.1541454974839138
RP11-545A16.3	SRR5949443	1.1541312616794417
RP11-545A16.3	SRR5949444	1.1540976154898277
RP11-545A16.3	SRR5949445	1.1544080735423528
RP11-545A16.3	SRR5949446	1.1543930374941627
RP11-545A16.3	SRR5949447	1.1542763738511965
RP11-545A16.3	SRR5949448	1.1544080735423528
RP11-545A16.3	SRR5949449	1.1544080735423528
RP11-545A16.3	SRR5949450	1.1543244711383844
RP11-545A16.3	SRR5949451	1.154243037085462
RP11-545A16.3	SRR5949452	1.1543244711383844
RP11-545A16.3	SRR5949453	1.1542881659876676
RP11-545A16.3	SRR5949454	1.1543861423812125
RP11-545A16.3	SRR5949455	1.1542763738511965
RP11-545A16.3	SRR5949456	1.1544066367558048
RP11-545A16.3	SRR5949457	1.1544018504729736
RP11-545A16.3	SRR5949458	1.1544066367558048
RP11-545A16.3	SRR5949459	1.154328975937927
RP11-545A16.3	SRR5949460	1.154127700715507
RP11-545A16.3	SRR5949461	1.1537652995205527
RP11-545A16.3	SRR5949462	1.1543930374941627
RP11-545A16.3	SRR5949463	1.154119770897195
RP11-545A16.3	SRR5949464	1.154043329391819
RP11-545A16.3	SRR5949465	1.1535426695350546
RP11-545A16.3	SRR5949466	1.1543244711383844
RP11-545A16.3	SRR5949467	1.1536303593625774
RP11-545A16.3	SRR5949468	1.1543930374941627
RP11-545A16.3	SRR5949469	1.1544018504729736
RP11-545A16.3	SRR5949470	1.1543861423812125
RP11-545A16.3	SRR5949471	1.1542612816136126
RP11-545A16.3	SRR5949472	1.154328975937927
RP11-545A16.3	SRR5949473	1.154328975937927
RP11-545A16.3	SRR5949474	1.1542881659876676
RP11-545A16.3	SRR5949475	1.1544080735423528
RP11-545A16.3	SRR5949476	1.1543861423812125
RP11-545A16.3	SRR5949477	1.1544018504729736
RP11-545A16.3	SRR5949478	1.154328975937927
RP11-545A16.3	SRR5949479	1.1538444146289202
RP11-545A16.3	SRR5949480	1.1542612816136126
RP11-545A16.3	SRR5949481	1.1544018504729736
RP11-545A16.3	SRR5949482	1.1542129775631536
RP11-545A16.3	SRR5949483	1.1538715423531325
RP11-545A16.3	SRR5949484	1.1543930374941627
RP11-545A16.3	SRR5949485	1.154099487946561
RP11-545A16.3	SRR5949486	1.1542881659876676
RP11-545A16.3	SRR5949487	1.1542612816136126
RP11-545A16.3	SRR5949488	1.153987572083333
RP11-545A16.3	SRR5949489	1.1541344162995835
RP11-545A16.3	SRR5949490	1.1541360045743105
RP11-545A16.3	SRR5949491	1.1542881659876676
RP11-545A16.3	SRR5949492	1.1541360045743105
RP11-545A16.3	SRR5949493	1.154243037085462
RP11-545A16.3	SRR5949494	1.1544080735423528
RP11-545A16.3	SRR5949495	1.154043329391819
RP11-545A16.3	SRR5949496	1.154243037085462
RP11-545A16.3	SRR5949497	1.1542612816136126
RP11-545A16.3	SRR5949498	1.1543244711383844
RP11-545A16.3	SRR5949499	1.1543930374941627
RP11-545A16.3	SRR5949500	1.1539304288892793
RP11-545A16.3	SRR5949501	1.1541014455850918
RP11-545A16.3	SRR5949502	1.1538715423531325
RP11-545A16.3	SRR5949503	1.1541360045743105
RP11-545A16.3	SRR5949504	1.1543861423812125
RP11-545A16.3	SRR5949505	1.1543861423812125
RP11-545A16.3	SRR5949506	1.1543861423812125
RP11-545A16.3	SRR5949507	1.1544018504729736
RP11-545A16.3	SRR5949508	1.154243037085462
RP11-545A16.3	SRR5949509	1.1543930374941627
RP11-545A16.3	SRR5949510	1.1543861423812125
RP11-545A16.3	SRR5949511	1.1536505416463956
RP11-545A16.3	SRR5949512	1.154328975937927
RP11-545A16.3	SRR5949513	1.1544080735423528
RP11-545A16.3	SRR5949514	1.1542193125787963
RP11-545A16.3	SRR5949515	1.1543930374941627
RP11-545A16.3	SRR5949516	1.1543244711383844
RP11-545A16.3	SRR5949517	1.1543861423812125
RP11-545A16.3	SRR5949518	1.1538715423531325
RP11-545A16.3	SRR5949519	1.154127700715507
RP11-545A16.3	SRR5949520	1.1544018504729736
RP11-545A16.3	SRR5949521	1.1537652995205527
RP11-545A16.3	SRR5949522	1.154328975937927
RP11-545A16.3	SRR5949523	1.1544018504729736
RP11-545A16.3	SRR5949524	1.1542881659876676
RP11-545A16.3	SRR5949525	1.1542129775631536
RP11-545A16.3	SRR5949526	1.1537070312898285
RP11-545A16.3	SRR5949527	1.1541360045743105
RP11-545A16.3	SRR5949528	1.1530313538581225
RP11-545A16.3	SRR5949529	1.1541014455850918
RP11-545A16.3	SRR5949530	1.1542612816136126
RP11-545A16.3	SRR5949531	1.1542342444976637
RP11-545A16.3	SRR5949532	1.1544018504729736
RP11-545A16.3	SRR5949533	1.1544080735423528
RP11-545A16.3	SRR5949534	1.1541454974839138
RP11-545A16.3	SRR5949535	1.1543861423812125
RP11-545A16.3	SRR5949536	1.1543244711383844
RP11-545A16.3	SRR5949537	1.1543930374941627
RP11-545A16.3	SRR5949538	1.1544080735423528
RP11-545A16.3	SRR5949539	1.154243037085462
RP11-545A16.3	SRR5949540	1.154118135098547
RP11-545A16.3	SRR5949541	1.1542612816136126
RP11-545A16.3	SRR5949542	1.154118135098547
RP11-545A16.3	SRR5949543	1.1542881659876676
RP11-545A16.3	SRR5949544	1.154127700715507
RP11-545A16.3	SRR5949545	1.1539394876265088
RP11-545A16.3	SRR5949546	1.1541360045743105
RP11-545A16.3	SRR5949547	1.1544080735423528
RP11-545A16.3	SRR5949548	1.1542881659876676
RP11-545A16.3	SRR5949549	1.1539534513664238
RP11-545A16.3	SRR5949550	1.1535522984622077
RP11-545A16.3	SRR5949551	1.154328975937927
RP11-545A16.3	SRR5949552	1.154043329391819
RP11-545A16.3	SRR5949553	1.1544066367558048
RP11-545A16.3	SRR5949554	1.1543861423812125
RP11-545A16.3	SRR5949555	1.1452054817287791
RP11-545A16.3	SRR5949556	1.154099487946561
RP11-545A16.3	SRR5949557	1.1542881659876676
RP11-545A16.3	SRR5949558	1.154043329391819
RP11-545A16.3	SRR5949559	1.1543930374941627
RP11-545A16.3	SRR5949560	1.1544018504729736
RP11-545A16.3	SRR5949561	1.1537430923754213
RP11-545A16.3	SRR5949562	1.154043329391819
RP11-545A16.3	SRR5949563	1.1542763738511965
RP11-545A16.3	SRR5949564	1.1543244711383844
RP11-545A16.3	SRR5949565	1.1544066367558048
RP11-545A16.3	SRR5949566	1.1543861423812125
RP11-545A16.3	SRR5949567	1.1525839843466772
RP11-545A16.3	SRR5949568	1.154118135098547
RP11-545A16.3	SRR5949569	1.1541344162995835
RP11-545A16.3	SRR5949570	1.1542612816136126
RP11-545A16.3	SRR5949571	1.1539394876265088
RP11-545A16.3	SRR5949572	1.154243037085462
RP11-545A16.3	SRR5949573	1.154127700715507
RP11-545A16.3	SRR5949574	1.1542881659876676
RP11-545A16.3	SRR5949575	1.154243037085462
RP11-545A16.3	SRR5949576	1.1542129775631536
RP11-545A16.3	SRR5949577	1.1544066367558048
RP11-545A16.3	SRR5949578	1.1543244711383844
RP11-545A16.3	SRR5949579	1.1543861423812125
RP11-545A16.3	SRR5949580	1.1543930374941627
RP11-545A16.3	SRR5949581	1.1544080735423528
RP11-545A16.3	SRR5949582	1.1541312616794417
RP11-545A16.3	SRR5949583	1.1544066367558048
RP11-545A16.3	SRR5949584	1.1536496989510014
RP11-545A16.3	SRR5949585	1.154328975937927
RP11-545A16.3	SRR5949586	1.1543861423812125
RP11-545A16.3	SRR5949587	1.1542881659876676
RP11-545A16.3	SRR5949588	1.153006792126308
RP11-545A16.3	SRR5949589	1.1544080735423528
RP11-545A16.3	SRR5949590	1.1541360045743105
RP11-545A16.3	SRR5949591	1.1543930374941627
RP11-545A16.3	SRR5949592	1.154243037085462
RP11-545A16.3	SRR5949593	1.1544080735423528
RP11-545A16.3	SRR5949594	1.154243037085462
RP11-545A16.3	SRR5949595	1.154328975937927
RP11-545A16.3	SRR5949596	1.1542763738511965
RP11-545A16.3	SRR5949597	1.1538444146289202
RP11-545A16.3	SRR5949598	1.154243037085462
RP11-545A16.3	SRR5949599	1.1541344162995835
RP11-545A16.3	SRR5949600	1.1543244711383844
RP11-545A16.3	SRR5949601	1.154243037085462
RP11-545A16.3	SRR5949602	1.1544080735423528
RP11-545A16.3	SRR5949603	1.1543244711383844
RP11-545A16.3	SRR5949604	1.1543861423812125
RP11-545A16.3	SRR5949605	1.154243037085462
RP11-545A16.3	SRR5949606	1.1540286696356532
RP11-545A16.3	SRR5949607	1.1544018504729736
RP11-545A16.3	SRR5949608	1.1537626724135772
RP11-545A16.3	SRR5950246	1.1537070312898285
RP11-545A16.3	SRR5950247	1.154043329391819
RP11-545A16.3	SRR5950248	1.1543244711383844
RP11-545A16.3	SRR5950249	1.1544080735423528
RP11-545A16.3	SRR5950250	1.154127700715507
RP11-545A16.3	SRR5950251	1.1543244711383844
RP11-545A16.3	SRR5950252	1.1544066367558048
RP11-545A16.3	SRR5950253	1.154328975937927
RP11-545A16.3	SRR5950254	1.1540286696356532
RP11-545A16.3	SRR5950255	1.1537779842987672
RP11-545A16.3	SRR5950256	1.1532906572572703
RP11-545A16.3	SRR5950257	1.1532936707463863
RP11-545A16.3	SRR5950258	1.1543244711383844
RP11-545A16.3	SRR5950259	1.1544018504729736
RP11-545A16.3	SRR5950260	1.1543244711383844
RP11-545A16.3	SRR5950261	1.154328975937927
RP11-545A16.3	SRR5950262	1.1542193125787963
RP11-545A16.3	SRR5950263	1.1538444146289202
RP11-545A16.3	SRR5950264	1.1544018504729736
RP11-545A16.3	SRR5950265	1.154119770897195
RP11-545A16.3	SRR5950266	1.153620340573047
RP11-545A16.3	SRR5950267	1.1543244711383844
RP11-545A16.3	SRR5950268	1.154243037085462
RP11-545A16.3	SRR5950269	1.154243037085462
RP11-545A16.3	SRR5950270	1.1539830975965506
RP11-545A16.3	SRR5950271	1.1544080735423528
RP11-545A16.3	SRR5950272	1.1544080735423528
RP11-545A16.3	SRR5950273	1.1543244711383844
RP11-545A16.3	SRR5950274	1.1541454974839138
RP11-545A16.3	SRR5950275	1.154243037085462
RP11-545A16.3	SRR5950276	1.154328975937927
RP11-545A16.3	SRR5950277	1.1541014455850918
RP11-545A16.3	SRR5950278	1.1537962707798937
RP11-545A16.3	SRR5950279	1.1542763738511965
RP11-545A16.3	SRR5950280	1.1543861423812125
RP11-545A16.3	SRR5950281	1.154243037085462
RP11-545A16.3	SRR5950282	1.1538447615632836
RP11-545A16.3	SRR5950283	1.154328975937927
RP11-545A16.3	SRR5950284	1.1511338942169325
RP11-545A16.3	SRR5950285	1.1540843659274789
RP11-545A16.3	SRR5950286	1.1542881659876676
RP11-545A16.3	SRR5950287	1.1537833054890896
RP11-545A16.3	SRR5950288	1.154118135098547
RP11-545A16.3	SRR5950289	1.1537285180296166
RP11-545A16.3	SRR5950290	1.1543930374941627
RP11-545A16.3	SRR5950291	1.154328975937927
RP11-545A16.3	SRR5950292	1.1542193125787963
RP11-545A16.3	SRR5950293	1.1539534513664238
RP11-545A16.3	SRR5950294	1.1544080735423528
RP11-545A16.3	SRR5950295	1.1544018504729736
RP11-545A16.3	SRR5950296	1.1542881659876676
RP11-545A16.3	SRR5950297	1.1540286696356532
RP11-545A16.3	SRR5950298	1.1543930374941627
RP11-545A16.3	SRR5950299	1.1541312616794417
RP11-545A16.3	SRR5950300	1.1542881659876676
RP11-545A16.3	SRR5950301	1.154328975937927
RP11-545A16.3	SRR5950302	1.1542612816136126
RP11-545A16.3	SRR5950303	1.1541454974839138
RP11-545A16.3	SRR5950304	1.1540148338403267
RP11-545A16.3	SRR5950305	1.1542612816136126
RP11-545A16.3	SRR5950306	1.1542763738511965
RP11-545A16.3	SRR5950307	1.1541344162995835
RP11-545A16.3	SRR5950308	1.1542342444976637
RP11-545A16.3	SRR5950309	1.154243037085462
RP11-545A16.3	SRR5950310	1.1542881659876676
RP11-545A16.3	SRR5950311	1.1543930374941627
RP11-545A16.3	SRR5950312	1.1543244711383844
RP11-545A16.3	SRR5950313	1.1542193125787963
RP11-545A16.3	SRR5950314	1.1543930374941627
RP11-545A16.3	SRR5950315	1.154328975937927
RP11-545A16.3	SRR5950316	1.1544018504729736
RP11-545A16.3	SRR5950317	1.1541312616794417
RP11-545A16.3	SRR5950318	1.153987572083333
RP11-545A16.3	SRR5950319	1.1541360045743105
RP11-545A16.3	SRR5950320	1.154119770897195
RP11-545A16.3	SRR5950321	1.1533709738650642
RP11-545A16.3	SRR5950322	1.1541014455850918
RP11-545A16.3	SRR5950323	1.1542129775631536
RP11-545A16.3	SRR5950324	1.1543930374941627
RP11-545A16.3	SRR5950325	1.1542342444976637
RP11-545A16.3	SRR5950326	1.154099487946561
RP11-545A16.3	SRR5950327	1.154328975937927
RP11-545A16.3	SRR5950328	1.154328975937927
RP11-545A16.3	SRR5950329	1.1542881659876676
RP11-545A16.3	SRR5950330	1.1541360045743105
RP11-545A16.3	SRR5950331	1.1539534513664238
RP11-545A16.3	SRR5950332	1.1540843659274789
RP11-545A16.3	SRR5950333	1.1543930374941627
RP11-545A16.3	SRR5950334	1.1543861423812125
RP11-545A16.3	SRR5950335	1.1543861423812125
RP11-545A16.3	SRR5950336	1.1524373005233322
RP11-545A16.3	SRR5950337	1.1537962707798937
RP11-545A16.3	SRR5950338	1.1531742805487435
RP11-545A16.3	SRR5950339	1.1544080735423528
RP11-545A16.3	SRR5950340	1.154127700715507
RP11-545A16.3	SRR5950341	1.1542129775631536
RP11-545A16.3	SRR5950342	1.1544018504729736
RP11-545A16.3	SRR5950343	1.1542342444976637
RP11-545A16.3	SRR5950344	1.154119770897195
RP11-545A16.3	SRR5950345	1.1542129775631536
RP11-545A16.3	SRR5950346	1.1543244711383844
RP11-545A16.3	SRR5950347	1.1542612816136126
RP11-545A16.3	SRR5950348	1.1541344162995835
RP11-545A16.3	SRR5950349	1.1544066367558048
RP11-545A16.3	SRR5950350	1.1543244711383844
RP11-545A16.3	SRR5950351	1.1538444146289202
RP11-545A16.3	SRR5950352	1.1544018504729736
RP11-545A16.3	SRR5950353	1.1542763738511965
RP11-545A16.3	SRR5950354	1.1544018504729736
RP11-545A16.3	SRR5950355	1.1544066367558048
RP11-545A16.3	SRR5950356	1.1537250692562184
RP11-545A16.3	SRR5950357	1.1544018504729736
RP11-545A16.3	SRR5950358	1.1541344162995835
RP11-545A16.3	SRR5950359	1.1542342444976637
RP11-545A16.3	SRR5950360	1.1544018504729736
RP11-545A16.3	SRR5950361	1.1544018504729736
RP11-545A16.3	SRR5950362	1.1541014455850918
RP11-545A16.3	SRR5950363	1.153987572083333
RP11-545A16.3	SRR5950364	1.1541360045743105
RP11-545A16.3	SRR5950365	1.154328975937927
RP11-545A16.3	SRR5950366	1.1543930374941627
RP11-545A16.3	SRR5950367	1.153400485650712
RP11-545A16.3	SRR5950368	1.1542763738511965
RP11-545A16.3	SRR5950369	1.1544080735423528
RP11-545A16.3	SRR5950370	1.1544080735423528
RP11-545A16.3	SRR5950371	1.154328975937927
RP11-545A16.3	SRR5950372	1.1543861423812125
RP11-545A16.3	SRR5950373	1.1542881659876676
RP11-545A16.3	SRR5950374	1.1542763738511965
RP11-545A16.3	SRR5950375	1.1543930374941627
RP11-545A16.3	SRR5950376	1.1544066367558048
RP11-545A16.3	SRR5950377	1.1539830975965506
RP11-545A16.3	SRR5950378	1.1542881659876676
RP11-545A16.3	SRR5950379	1.1542763738511965
RP11-545A16.3	SRR5950380	1.1542129775631536
RP11-545A16.3	SRR5950381	1.1542129775631536
RP11-545A16.3	SRR5950382	1.1537779842987672
RP11-545A16.3	SRR5950383	1.1544066367558048
RP11-545A16.3	SRR5950384	1.1543930374941627
RP11-545A16.3	SRR5950385	1.1537833054890896
RP11-545A16.3	SRR5950386	1.1543861423812125
RP11-545A16.3	SRR5950387	1.1544066367558048
RP11-545A16.3	SRR5950388	1.154127700715507
RP11-545A16.3	SRR5950389	1.1532222126984653
RP11-545A16.3	SRR5950390	1.1542129775631536
RP11-545A16.3	SRR5950391	1.1544080735423528
RP11-545A16.3	SRR5950392	1.1537652995205527
RP11-545A16.3	SRR5950393	1.1541312616794417
RP11-545A16.3	SRR5950394	1.154243037085462
RP11-545A16.3	SRR5950395	1.1542763738511965
RP11-545A16.3	SRR5950396	1.1544080735423528
RP11-545A16.3	SRR5950397	1.1544066367558048
RP11-545A16.3	SRR5950398	1.1544066367558048
RP11-545A16.3	SRR5950399	1.1542193125787963
RP11-545A16.3	SRR5950400	1.1542342444976637
RP11-545A16.3	SRR5950401	1.1543930374941627
RP11-545A16.3	SRR5950402	1.1543930374941627
RP11-545A16.3	SRR5950403	1.154328975937927
RP11-545A16.3	SRR5950404	1.1543861423812125
RP11-545A16.3	SRR5950405	1.153006792126308
RP11-545A16.3	SRR5950406	1.1539304288892793
RP11-545A16.3	SRR5950407	1.154328975937927
RP11-545A16.3	SRR5950408	1.154043329391819
RP11-545A16.3	SRR5950409	1.154127700715507
RP11-545A16.3	SRR5950410	1.1544080735423528
RP11-545A16.3	SRR5950411	1.1544018504729736
RP11-545A16.3	SRR5950412	1.1543861423812125
RP11-545A16.3	SRR5950413	1.1539394876265088
RP11-545A16.3	SRR5950414	1.1543861423812125
RP11-545A16.3	SRR5950415	1.1542193125787963
RP11-545A16.3	SRR5950416	1.154243037085462
RP11-545A16.3	SRR5950417	1.1542342444976637
RP11-545A16.3	SRR5950418	1.154119770897195
RP11-545A16.3	SRR5950419	1.1544018504729736
RP11-545A16.3	SRR5950420	1.1542612816136126
RP11-545A16.3	SRR5950421	1.1541312616794417
RP11-545A16.3	SRR5950422	1.1540976154898277
RP11-545A16.3	SRR5950423	1.1542881659876676
RP11-545A16.3	SRR5950424	1.1543930374941627
RP11-545A16.3	SRR5950425	1.1544018504729736
RP11-545A16.3	SRR5950426	1.1541344162995835
RP11-545A16.3	SRR5950427	1.1543861423812125
RP11-545A16.3	SRR5950428	1.1542881659876676
RP11-545A16.3	SRR5950429	1.1544018504729736
RP11-545A16.3	SRR5950430	1.154243037085462
RP11-545A16.3	SRR5950431	1.1542612816136126
RP11-545A16.3	SRR5950432	1.1543861423812125
RP11-545A16.3	SRR5950433	1.154328975937927
RP11-545A16.3	SRR5950434	1.1541344162995835
RP11-545A16.3	SRR5950435	1.1542881659876676
RP11-545A16.3	SRR5950436	1.1544018504729736
RP11-545A16.3	SRR5950437	1.1542612816136126
RP11-545A16.3	SRR5950438	1.1543930374941627
RP11-545A16.3	SRR5950439	1.1544066367558048
RP11-545A16.3	SRR5950440	1.150186403730464
RP11-545A16.3	SRR5950441	1.1540843659274789
RP11-545A16.3	SRR5950442	1.1543244711383844
RP11-545A16.3	SRR5950443	1.1541454974839138
RP11-545A16.3	SRR5950444	1.154328975937927
RP11-545A16.3	SRR5950445	1.1543861423812125
RP11-545A16.3	SRR5950446	1.1542129775631536
RP11-545A16.3	SRR5950447	1.1539830975965506
RP11-545A16.3	SRR5950448	1.1543244711383844
RP11-545A16.3	SRR5950449	1.1543861423812125
RP11-545A16.3	SRR5950450	1.1544018504729736
RP11-545A16.3	SRR5950451	1.1544080735423528
RP11-545A16.3	SRR5950452	1.154099487946561
RP11-545A16.3	SRR5950453	1.1543930374941627
RP11-545A16.3	SRR5950454	1.1540976154898277
RP11-545A16.3	SRR5950455	1.1543930374941627
RP11-545A16.3	SRR5950456	1.1542881659876676
RP11-545A16.3	SRR5950457	1.1542129775631536
RP11-545A16.3	SRR5950458	1.1544080735423528
RP11-545A16.3	SRR5950459	1.1542612816136126
RP11-545A16.3	SRR5950460	1.1542612816136126
RP11-545A16.3	SRR5950461	1.1543244711383844
RP11-545A16.3	SRR5950462	1.1538715423531325
RP11-545A16.3	SRR5950463	1.1541454974839138
RP11-545A16.3	SRR5950464	1.1541014455850918
RP11-545A16.3	SRR5950465	1.1495981461456477
RP11-545A16.3	SRR5950466	1.1543861423812125
RP11-545A16.3	SRR5950467	1.1542763738511965
RP11-545A16.3	SRR5950468	1.1543244711383844
RP11-545A16.3	SRR5950469	1.1542129775631536
RP11-545A16.3	SRR5950470	1.1544018504729736
RP11-545A16.3	SRR5963912	1.1544080735423528
RP11-545A16.3	SRR5963913	1.154118135098547
RP11-545A16.3	SRR5963914	1.1544080735423528
RP11-545A16.3	SRR5963915	1.154119770897195
RP11-545A16.3	SRR5963916	1.1538752034369077
RP11-545A16.3	SRR5963917	1.154243037085462
RP11-545A16.3	SRR5963918	1.1542612816136126
RP11-545A16.3	SRR5963919	1.1543861423812125
RP11-545A16.3	SRR5963920	1.1542763738511965
RP11-545A16.3	SRR5963921	1.1543930374941627
RP11-545A16.3	SRR5963922	1.1542342444976637
RP11-545A16.3	SRR5963923	1.1542612816136126
RP11-545A16.3	SRR5963924	1.1543861423812125
RP11-545A16.3	SRR5963925	1.154118135098547
RP11-545A16.3	SRR5963926	1.154118135098547
RP11-545A16.3	SRR5963927	1.1544018504729736
RP11-545A16.3	SRR5963928	1.1540843659274789
RP11-545A16.3	SRR5963929	1.154328975937927
RP11-545A16.3	SRR5963930	1.1539394876265088
RP11-545A16.3	SRR5963931	1.1544066367558048
RP11-545A16.3	SRR5963932	1.1542881659876676
RP11-545A16.3	SRR5963933	1.1542193125787963
RP11-545A16.3	SRR5963934	1.153987572083333
RP11-545A16.3	SRR5963935	1.1544080735423528
RP11-545A16.3	SRR5963936	1.1541014455850918
RP11-545A16.3	SRR5963937	1.1537833054890896
RP11-545A16.3	SRR5963938	1.1543244711383844
RP11-545A16.3	SRR5963939	1.1543861423812125
RP11-545A16.3	SRR5963940	1.1543861423812125
RP11-545A16.3	SRR5963941	1.1544080735423528
RP11-545A16.3	SRR5963942	1.1544080735423528
RP11-545A16.3	SRR5963943	1.1543930374941627
RP11-545A16.3	SRR5963944	1.1544080735423528
RP11-545A16.3	SRR5963945	1.1544066367558048
RP11-545A16.3	SRR5963946	1.154328975937927
RP11-545A16.3	SRR5963947	1.154328975937927
RP11-545A16.3	SRR5963948	1.154328975937927
RP11-545A16.3	SRR6467548	12.117611488287011
RP11-545A16.3	SRR6467549	2.0333925714085677
RP11-545A16.3	SRR6467550	5.047418746102735
RP11-545A16.3	SRR6467551	9.148608260443345
RP11-545A16.3	SRR6467552	4.066375588915049
RP11-545A16.3	SRR6467553	4.127728886065005
RP11-545A16.3	SRR6467554	8.180603082311768
RP11-545A16.3	SRR6467555	4.057706738255955
RP11-545A16.3	SRR6467556	10.118515817814211
RP11-545A16.3	SRR6467557	2.022883585767852
RP11-545A16.3	SRR6467558	6.121753803590597
RP11-545A16.3	SRR6467559	12.026307764836957
RP11-545A16.3	SRR6467560	4.040946990376451
RP11-545A16.3	SRR6467561	9.067234999869909
RP11-545A16.3	SRR6467562	4.015199454311029
RP11-545A16.3	SRR6467563	5.03099350824644
RP11-545A16.3	SRR6467564	3.021948463827771
RP11-545A16.3	SRR6467565	8.077712255111082
RP11-545A16.3	SRR6467566	1.0276080890484358
RP11-545A16.3	SRR6467567	2.022198442670905
RP11-545A16.3	SRR6467568	4.016412067937089
RP11-545A16.3	SRR6467569	5.073359386658122
RP11-545A16.3	SRR6467570	10.172707600442726
RP11-545A16.3	SRR6467571	5.003600190533828
RP11-545A16.3	SRR6467572	3.018544645818833
RP11-545A16.3	SRR6467573	9.061467279543523
RP11-545A16.3	SRR6467574	4
RP11-545A16.3	SRR6467575	10.290175656763294
RP11-545A16.3	SRR6467576	6.028315351196253
RP11-545A16.3	SRR6467577	7.010084162678846
RP11-545A16.3	SRR6467578	9.088763821001208
RP11-545A16.3	SRR6467579	2.0213810549676388
RP11-545A16.3	SRR6467580	17.142483295376564
RP11-545A16.3	SRR6467581	3.439793168140674
RP11-545A16.3	SRR6467582	3.765801875338468
RP11-545A16.3	SRR6467583	12
RP11-545A16.3	SRR6467584	3.011000266205886
RP11-545A16.3	SRR6467585	7.266206971123286
RP11-545A16.3	SRR6467586	2.1017337277775345
RP11-545A16.3	SRR6467587	4.740716244527222
RP11-545A16.3	SRR6467588	3.897759227326102
RP11-545A16.3	SRR6467589	10
RP11-545A16.3	SRR6467590	8.02246694635177
RP11-545A16.3	SRR6467591	7.073970505819447
RP11-545A16.3	SRR6467592	5.038924085729627
RP11-545A16.3	SRR6467593	2.0091403691618455
RP11-545A16.3	SRR6467594	2.205064731163952
RP11-545A16.3	SRR6467595	6.013153882418479
RP11-545A16.3	SRR6467596	5
RP11-545A16.3	SRR6467597	6.794328511287772
RP11-545A16.3	SRR6467598	1.788625636223265
RP11-545A16.3	SRR6467599	11.041584691682605
RP11-545A16.3	SRR6467600	3.014469189867141
RP11-545A16.3	SRR6467601	3.0167310802902865
RP11-545A16.3	SRR6467602	5.088838848240426
RP11-545A16.3	SRR6467603	3
RP11-545A16.3	SRR6467604	4.017027701631754
RP11-545A16.3	SRR6467605	5.018026894084987
RP11-545A16.3	SRR6467606	9
RP11-545A16.3	SRR6467607	5
RP11-545A16.3	SRR6467608	2.0052558688529287
RP11-545A16.3	SRR6467609	5.000899804709761
RP11-545A16.3	SRR6467610	7.070337975434036
RP11-545A16.3	SRR6467611	10.695704363363799
RP11-545A16.3	SRR6467612	4.023222386699665
RP11-545A16.3	SRR6467613	2
RP11-545A16.3	SRR6467614	3
RP11-545A16.3	SRR6467615	4.051216647537158
RP11-545A16.3	SRR6467616	8.079167662553875
RP11-545A16.3	SRR6467617	5.033554755430681
RP11-545A16.3	SRR6467618	8
RP11-545A16.3	SRR6467619	7.110693542079941
RP11-545A16.3	SRR6467620	3.0078838032793933
RP11-545A16.3	SRR6467621	5.025616421134929
RP11-545A16.3	SRR6467622	5.075342201614356
RP11-545A16.3	SRR6467623	3.590230944259824
RP11-545A16.3	SRR6467624	7.0012597265936645
RP11-545A16.3	SRR6467625	5
RP11-545A16.3	SRR6467626	9
RP11-545A16.3	SRR6467627	3.0301581226981127
RP11-545A16.3	SRR6467628	4
RP11-545A16.3	SRR6467629	18.369568878576835
RP11-545A16.3	SRR6467630	5.003600190533828
RP11-545A16.3	SRR6467631	6.005400771764722
RP11-545A16.3	SRR6467632	5.035966269715551
RP11-545A16.3	SRR6467633	5
RP11-545A16.3	SRR6467634	8.032198332782507
RP11-545A16.3	SRR6467635	7.662353835434287
RP11-545A16.3	SRR6467636	6.060647779928847
RP11-545A16.3	SRR6467637	2
RP11-545A16.3	SRR6467638	13
RP11-545A16.3	SRR6467639	4.012800031752261
RP11-545A16.3	SRR6467640	1.02092395433485
RP11-545A16.3	SRR6467641	7.065164815274948
RP11-545A16.3	SRR6467642	3.411614756054584
RP11-545A16.3	SRR6467643	3.0375488075807833
RP11-545A16.3	SRR6467644	1
RP11-545A16.3	SRR6467645	5.578170910357409
RP11-545A16.3	SRR6467646	5
RP11-545A16.3	SRR6467647	2.2819646525008497
RP11-545A16.3	SRR6467648	8.04644477339933
RP11-545A16.3	SRR6467649	1.0052958813429669
RP11-545A16.3	SRR6467650	1.0054744269623506
RP11-545A16.3	SRR6467651	8.02353090103081
RP11-545A16.3	SRR6467652	9.001619648477568
RP11-545A16.3	SRR6467653	2.0199068404986402
RP11-545A16.3	SRR6467654	5.018735443947259
RP11-545A16.3	SRR6467655	19
RP11-545A16.3	SRR6467656	7.615916741897973
RP11-545A16.3	SRR6467657	8
RP11-545A16.3	SRR6467658	5
RP11-545A16.3	SRR6467659	3.1677741649206412
RP11-545A16.3	SRR6467660	3.0205431300614323
RP11-545A16.3	SRR6467661	8.423015568030605
RP11-545A16.3	SRR6467662	8.053878514487664
RP11-545A16.3	SRR6467663	2.0056167365879425
RP11-545A16.3	SRR6467664	6.4365972664970705
RP11-545A16.3	SRR6467665	3
RP11-545A16.3	SRR6467666	5
RP11-545A16.3	SRR6467667	1.8193334551204088
RP11-545A16.3	SRR6467668	3.616947491099406
RP11-545A16.3	SRR6467669	8
RP11-545A16.3	SRR6467670	9
RP11-545A16.3	SRR6467671	1.8748046649151349
RP11-545A16.3	SRR6467672	6.053168285529638
RP11-545A16.3	SRR6467673	3.0287899491184818
RP11-545A16.3	SRR6467674	10.063138266234677
RP11-545A16.3	SRR6467675	5.0432745022481225
RP11-545A16.3	SRR6467676	3.484130901153299
RP11-545A16.3	SRR6467677	6
RP11-545A16.3	SRR6467678	11
RP11-545A16.3	SRR6467679	12
RP11-545A16.3	SRR6467680	5.05364697832882
RP11-545A16.3	SRR6467681	6
RP11-545A16.3	SRR6467682	2.0120223381300613
RP11-545A16.3	SRR6467683	3.0335974020659884
RP11-545A16.3	SRR6467684	8.020889087910025
RP11-545A16.3	SRR6467685	4.056413693214498
RP11-545A16.3	SRR6467686	3.004413648893549
RP11-545A16.3	SRR6467687	9.985448622993202
RP11-545A16.3	SRR6467688	5.991512145454152
RP11-545A16.3	SRR6467689	7.069656152461511
RP11-545A16.3	SRR6467690	3.0164517597879867
RP11-545A16.3	SRR6467691	4.02225368722095
RP11-545A16.3	SRR6467692	2.0021605031148026
RP11-545A16.3	SRR6467693	7.930444991880337
RP11-545A16.3	SRR6467694	5.037980594908122
RP11-545A16.3	SRR6467695	5.022850922904613
RP11-545A16.3	SRR6467696	4.049468691390826
RP11-545A16.3	SRR6467697	11
RP11-545A16.3	SRR6467698	3.0140881946662965
RP11-545A16.3	SRR6467699	7
RP11-545A16.3	SRR6467700	4.3607543116457546
RP11-545A16.3	SRR6467701	15
RP11-545A16.3	SRR6467702	5.071692661883239
RP11-545A16.3	SRR6467703	9.111550717332365
RP11-545A16.3	SRR6467704	5.014041841469856
RP11-545A16.3	SRR6467705	11.071854769103135
RP11-545A16.3	SRR6467706	2.0368967471408337
RP11-545A16.3	SRR6467707	12
RP11-545A16.3	SRR6467708	6.010357511701273
RP11-545A16.3	SRR6467709	5
RP11-545A16.3	SRR6467710	4.003600514509815
RP11-545A16.3	SRR6467711	8.010926448421177
RP11-545A16.3	SRR6467712	5.056474310106982
RP11-545A16.3	SRR6467713	2.4110179390942346
RP11-545A16.3	SRR6467714	4.0239464095900574
RP11-545A16.3	SRR6467715	7
RP11-545A16.3	SRR6467716	2
RP11-545A16.3	SRR6467717	6.073706261113585
RP11-545A16.3	SRR6467718	7.107961401991593
RP11-545A16.3	SRR6467719	1.003656921931823
RP11-545A16.3	SRR6467720	4
RP11-545A16.3	SRR6467721	6.009724889166793
RP11-545A16.3	SRR6467722	11
RP11-545A16.3	SRR6467723	7
RP11-545A16.3	SRR6467724	4
RP11-545A16.3	SRR6467725	4
RP11-545A16.3	SRR6467726	2.3932046412742944
RP11-545A16.3	SRR6467727	2.004684040032724
RP11-545A16.3	SRR6467728	7
RP11-545A16.3	SRR6467729	3.020810479239179
RP11-545A16.3	SRR6467730	8.017159035460018
RP11-545A16.3	SRR6467731	2.0197906717867338
RP11-545A16.3	SRR6467732	6.357792567964098
RP11-545A16.3	SRR6467733	5.008631259751061
RP11-545A16.3	SRR6467734	17.837881240729274
RP11-545A16.3	SRR6467735	6.049789016780583
RP11-545A16.3	SRR6467736	4.024843652577765
RP11-545A16.3	SRR6467737	6.037375043861794
RP11-545A16.3	SRR6467738	4.001439817079379
RP11-545A16.3	SRR6467739	6
RP11-545A16.3	SRR6467740	13.07019138224589
RP11-545A16.3	SRR6467741	4.008047962858868
RP11-545A16.3	SRR6467742	3
RP11-545A16.3	SRR6467743	5
RP11-545A16.3	SRR6467744	6
RP11-545A16.3	SRR6467745	7.003256810428054
RP11-545A16.3	SRR6467746	2.015960223647382
RP11-545A16.3	SRR6467747	4.923988250301665
RP11-545A16.3	SRR6467748	10.457496249786441
RP11-545A16.3	SRR6467749	9
RP11-545A16.3	SRR6467750	4.00949067683684
RP11-545A16.3	SRR6467751	5.07558470403308
RP11-545A16.3	SRR6467752	6.049559792053347
RP11-545A16.3	SRR6467753	7.98292896063641
RP11-545A16.3	SRR6467754	10.852503347870167
RP11-545A16.3	SRR6467755	6.262301582353263
RP11-545A16.3	SRR6467756	8.010083255219529
RP11-545A16.3	SRR6467757	4
RP11-545A16.3	SRR6467758	9
RP11-545A16.3	SRR6467759	11.062511683398744
RP11-545A16.3	SRR6467760	1.0077326390518404
RP11-545A16.3	SRR6467761	1.0036974451020118
RP11-545A16.3	SRR6467762	3.0150524687458278
RP11-545A16.3	SRR6467763	9.587698910949234
RP11-545A16.3	SRR6467764	6.217629557084309
RP11-545A16.3	SRR6467765	5.006302034512206
RP11-545A16.3	SRR6467766	3.0445963907421296
RP11-545A16.3	SRR6467767	2.0136338479917937
RP11-545A16.3	SRR6467768	4.049962480285732
RP11-545A16.3	SRR6467769	4.071940781230604
RP11-545A16.3	SRR6467770	5
RP11-545A16.3	SRR6467771	1.254168994939202
RP11-545A16.3	SRR6467772	7.050137201470691
RP11-545A16.3	SRR6467773	6.023718286128046
RP11-545A16.3	SRR6868540	1.0146754396324102
RP11-545A16.3	SRR6868541	1.0274634703565282
RP11-545A16.3	SRR6868542	1.0476955519171316
RP11-545A16.3	SRR6868543	1.0150863239093106
RP11-545A16.3	SRR6868544	1.0078390786606577
RP11-545A16.3	SRR6868545	1.0247076064653797
RP11-545A16.3	SRR6868546	1.0156717592642122
RP11-545A16.3	SRR6868557	1.0591086838663382
RP11-545A16.3	SRR6868558	1.0490872194289762
RP11-545A16.3	SRR6868559	1.0325281504175436
RP11-545A16.3	SRR6868560	1.0099740186645438
RP11-545A16.3	SRR6868569	1.0617761523220262
RP11-545A16.3	SRR6868570	1.0214163604819042
RP11-545A16.3	SRR6868571	1.0443666123323176
RP11-545A16.3	SRR6868572	1.0117513905915592
RP11-545A16.3	SRR6868573	1.0409966836392885
RP11-545A16.3	SRR6868574	1.0122229259475997
RP11-545A16.3	SRR6868575	1.025805444460916
RP11-545A16.3	SRR6868576	1.0158996451240243
RP11-545A16.3	SRR6868577	1.0321919880224188
RP11-545A16.3	SRR6868578	1.0155200621012757
RP11-545A16.3	SRR6868579	1.0437286829000922
RP11-545A16.3	SRR6868580	1.0107527325366503
RP11-545A16.3	SRR6868581	1.0339413032942724
RP11-545A16.3	SRR6868582	1.0328155381530846
RP11-545A16.3	SRR6868585	1.0220689021157627
RP11-545A16.3	SRR6868586	1.059503875848675
RP11-545A16.3	SRR6868587	1.059951714856934
RP11-545A16.3	SRR6868588	1.0071852335562725
RP11-545A16.3	SRR6868589	1.0110174866119757
RP11-545A16.3	SRR6868590	1.032033906477247
RP11-545A16.3	SRR6868591	1.0130236388532423
RP11-545A16.3	SRR6868604	1.075755471099352
RP11-545A16.3	SRR6868605	1.0318130709448758
RP11-545A16.3	SRR6868606	1.0405938775744006
RP11-545A16.3	SRR6868607	1.0342544525714972
RP11-545A16.3	SRR6868608	1.024176000194289
RP11-545A16.3	SRR6868609	1.0438891054924728
RP11-545A16.3	SRR6868610	1.038926954961391
RP11-545A16.3	SRR6868620	1.011281179703731
RP11-545A16.3	SRR6868621	1.0218254974768362
RP11-545A16.3	SRR6868622	1.0239774453836796
RP11-545A16.3	SRR6868623	1.0547630248890674
RP11-545A16.3	SRR6868636	1.0437200357863465
RP11-545A16.3	SRR6868637	1.0258536501967699
RP11-545A16.3	SRR6868638	1.0461253585775165
RP11-545A16.3	SRR6868639	1.0107500209553522
RP11-545A16.3	SRR6868650	1.039600004636465
RP11-545A16.3	SRR6868651	1.0289509945514346
RP11-545A16.3	SRR6868652	1.0304077851358955
RP11-545A16.3	SRR6868653	1.0187981972446098
RP11-545A16.3	SRR6868654	1.0150307958235039
RP11-545A16.3	SRR6868655	1.0348903243422032
RP11-545A16.3	SRR6868665	1.0144233528894921
RP11-545A16.3	SRR6868666	1.0102367475941127
RP11-545A16.3	SRR6868667	1.0114938025774427
RP11-545A16.3	SRR6868668	1.0074530555463053
RP11-545A16.3	SRR6868669	1.0076269288321016
RP11-545A16.3	SRR6868670	1.0177421086096043
RP11-545A16.3	SRR6868671	1.0144459931453216
RP11-545A16.3	SRR6868683	1.0126868266683406
RP11-545A16.3	SRR6868684	1.0156791364509994
RP11-545A16.3	SRR6868685	1.0213121445813669
RP11-545A16.3	SRR6868686	1.010279036701863
RP11-545A16.3	SRR6868687	2.0557745067144295
RP11-545A16.3	SRR6868688	1.0267982277074879
RP11-545A16.3	SRR6868689	1.0146059094716162
RP11-545A16.3	SRR6868698	1.0182196176757388
RP11-545A16.3	SRR6868699	1.0070555785765116
RP11-545A16.3	SRR6868700	1.0160549733839008
RP11-545A16.3	SRR6868701	1.0104876136718064
RP11-545A16.3	SRR6868702	1.007678742360192
RP11-545A16.3	SRR6868713	1.0104534576807476
RP11-545A16.3	SRR6868714	1.0184145111104586
RP11-545A16.3	SRR6868715	1.0082988502433663
RP11-545A16.3	SRR6868716	1.0066973307865115
RP11-545A16.3	SRR6868717	1.010251403767141
RP11-545A16.3	SRR6868718	1.0039014257302832
RP11-545A16.3	SRR6868719	1.001620814861132
RP11-545A16.3	SRR6868720	1.0050609507965924
RP11-545A16.3	SRR6868721	1.011241097215616
RP11-545A16.3	SRR6868722	1.0167639054768582
RP11-545A16.3	SRR6868723	1.0194863017371107
RP11-545A16.3	SRR6868724	1.0096892656036671
RP11-545A16.3	SRR6868725	1.0041780100330324
RP11-545A16.3	SRR6868726	1.002412783311024
RP11-545A16.3	SRR6868741	1.0144414580063614
RP11-545A16.3	SRR7632756	1.0082812760242865
RP11-545A16.3	SRR7632757	4.111152168103597
RP11-545A16.3	SRR7632758	3.031979760149748
RP11-545A16.3	SRR7632759	1.029856339080279
RP11-545A16.3	SRR7632760	1.0203110449499115
RP11-545A16.3	SRR7632761	4.028486674229457
RP11-545A16.3	SRR7632762	1.0487026522067118
RP11-545A16.3	SRR7632763	2.0328259511178666
RP11-545A16.3	SRR7632764	2.0740652348148205
RP11-545A16.3	SRR7632765	5.013139672132322
RP11-545A16.3	SRR7632766	2.0624140057631832
RP11-545A16.3	SRR7632767	3.0071180076276307
RP11-545A16.3	SRR7632768	1.016230093834007
RP11-545A16.3	SRR7632769	2.0229895637014517
RP11-545A16.3	SRR7632770	2.0165478043518386
RP11-545A16.3	SRR7632771	3.0781066681715448
RP11-545A16.3	SRR7632772	3.0579419478694456
RP11-545A16.3	SRR7632773	2.0108264687760875
RP11-545A16.3	SRR7632774	2.012689194529097
RP11-545A16.3	SRR7632775	3.0676135596371146
RP11-545A16.3	SRR7632776	3.1138784472321586
RP11-545A16.3	SRR7632777	1.0241484491414745
RP11-545A16.3	SRR7632778	4.0166576960113725
RP11-545A16.3	SRR7632779	2.0524406135733835
RP11-545A16.3	SRR7632780	5.018555124070614
RP11-545A16.3	SRR7632781	1.0615459002112622
RP11-545A16.3	SRR7632782	1.0136901858645806
RP11-545A16.3	SRR7632783	4.029425866180611
RP11-545A16.3	SRR7632784	3.0261586301698444
RP11-545A16.3	SRR7632785	3.0215941552660133
RP11-545A16.3	SRR7632786	2.083254562558609
RP11-545A16.3	SRR7632787	3.0116794829424927
RP11-545A16.3	SRR7632788	5.011335820406142
RP11-545A16.3	SRR7632789	2.0364116833391313
RP11-545A16.3	SRR7632790	3.0295202753077506
RP11-545A16.3	SRR7632791	3.1346371147202947
RP11-545A16.3	SRR7632792	2.0147129330903053
RP11-545A16.3	SRR7632793	3.0364224115847476
RP11-545A16.3	SRR7632794	1.0069504499529853
RP11-545A16.3	SRR7632795	2.006454895998502
RP11-545A16.3	SRR7632796	1.0172279399958117
RP11-545A16.3	SRR7632797	1.150699232136202
RP11-545A16.3	SRR7632798	1.0057304820763078
RP11-545A16.3	SRR7632799	1.0307926732391595
RP11-545A16.3	SRR7632800	4.060217638287562
RP11-545A16.3	SRR7632801	5.026313874461394
RP11-545A16.3	SRR7632802	1.0350311676136474
RP11-545A16.3	SRR7632803	1.024031967628665
RP11-545A16.3	SRR7632804	2.0810418379602633
RP11-545A16.3	SRR7632805	1.0030944157282213
RP11-545A16.3	SRR7632806	3.0138434815237467
RP11-545A16.3	SRR7632807	2.017386325273424
RP11-545A16.3	SRR7632808	2.016440043324333
RP11-545A16.3	SRR7632809	2.097658992508218
RP11-545A16.3	SRR7632810	1.0041780100330324
RP11-545A16.3	SRR7632811	3.0204001661224322
RP11-545A16.3	SRR7632812	3.021537996139923
RP11-545A16.3	SRR7632813	4.024793627460567
RP11-545A16.3	SRR7632814	3.010615335769459
RP11-545A16.3	SRR7632815	2.015692898658027
RP11-545A16.3	SRR7632816	1.0754074903933615
RP11-545A16.3	SRR7632817	2.08334970306885
RP11-545A16.3	SRR7632818	3.0162805119427394
RP11-545A16.3	SRR7632819	3.007342599072492
RP11-545A16.3	SRR7632820	2.013761989887811
RP11-545A16.3	SRR7632821	2.0034525039004247
RP11-545A16.3	SRR7632822	2.0250652737194366
RP11-545A16.3	SRR7632823	3.0110418862358457
RP11-545A16.3	SRR7632824	2.0091403691618455
RP11-545A16.3	SRR7632825	2.0056167365879425
RP11-545A16.3	SRR7632826	3.0019359099087386
RP11-545A16.3	SRR7632827	2.110080193592728
RP11-545A16.3	SRR7632828	2.0522809191623472
RP11-545A16.3	SRR7632829	1.0144645279374256
RP11-545A16.3	SRR7632830	1.0486021527253222
RP11-545A16.3	SRR7632831	7.064872406155452
RP11-545A16.3	SRR7632832	3.043858717371493
RP11-545A16.3	SRR7632833	2.1033958396401604
RP11-545A16.3	SRR7632834	2.058609422676708
RP11-545A16.3	SRR7632835	1.110030669431967
RP11-545A16.3	SRR7632836	1.014927231447063
RP11-545A16.3	SRR7632837	2.012855595068726
RP11-545A16.3	SRR7632838	3.075627125893833
RP11-545A16.3	SRR7632839	2.0229876051548854
RP11-545A16.3	SRR7632840	3.0922015660576005
RP11-545A16.3	SRR7632841	1.1191732546509214
RP11-545A16.3	SRR7632842	4.007558948796769
RP11-545A16.3	SRR7632843	1.037517112746005
RP11-545A16.3	SRR7632844	2.079484384927301
RP11-545A16.3	SRR7632845	1.0050068388547722
RP11-545A16.3	SRR7632846	1.049674009840069
RP11-545A16.3	SRR7632847	3.0707422584130333
RP11-545A16.3	SRR7632848	2.0183225114978987
RP11-545A16.3	SRR7632849	1.0113703922046702
RP11-545A16.3	SRR7632850	5.064549508263807
RP11-545A16.3	SRR7632851	2.0203092128473887
RP11-545A16.3	SRR7632852	1.0012604069024411
RP11-545A16.3	SRR7632853	2.010136602295117
RP11-545A16.3	SRR7632854	3.019814967991788
RP11-545A16.3	SRR7632855	3
RP11-545A16.3	SRR7632856	3.0194155913293765
RP11-545A16.3	SRR7632857	1.0737804448439001
RP11-545A16.3	SRR7632858	1.0371716501108719
RP11-545A16.3	SRR7632859	1.03970249147232
RP11-545A16.3	SRR7632860	1.0755034509256032
RP11-545A16.3	SRR7632861	1.0544086906801657
RP11-545A16.3	SRR7632862	2.0705722153656776
RP11-545A16.3	SRR7632863	2.2553546913518168
RP11-545A16.3	SRR7632864	1.121531795981538
RP11-545A16.3	SRR7632865	2.0028811893368133
RP11-545A16.3	SRR7632866	4.0227197266643024
RP11-545A16.3	SRR7632867	2.0206477875182163
RP11-545A16.3	SRR7632868	1.02565491505434
RP11-545A16.3	SRR7632869	1.0244411256785808
RP11-545A16.3	SRR7632870	4.015373088548397
RP11-545A16.3	SRR7632871	1.0509978397928912
RP11-545A16.3	SRR7632872	4.129133390578572
RP11-545A16.3	SRR7632873	1.0041780100330324
RP11-545A16.3	SRR7632874	4.0106343694475335
RP11-545A16.3	SRR7632875	5.008257210006363
RP11-545A16.3	SRR7632876	1.014147795755148
RP11-545A16.3	SRR7632877	1.041135031463042
RP11-545A16.3	SRR7632878	2.044235258062584
RP11-545A16.3	SRR7632879	2.004534328162457
RP11-545A16.3	SRR7632880	1.0175570139817183
RP11-545A16.3	SRR7632881	6.083033607267843
RP11-545A16.3	SRR7632882	1.02398215098824
RP11-545A16.3	SRR7632883	2.045174596970012
RP11-545A16.3	SRR7632884	2.0676696094198173
RP11-545A16.3	SRR7632885	1.0050174895819426
RP11-545A16.3	SRR7632886	1.0323339725546605
RP11-545A16.3	SRR7632887	5.050657012991628
RP11-545A16.3	SRR7632888	3.114365907661208
RP11-545A16.3	SRR7632889	2.068452327732724
RP11-545A16.3	SRR7632890	1.1021455850880635
RP11-545A16.3	SRR7632891	2.0944499413435196
RP11-545A16.3	SRR7632892	1.0058289958076159
RP11-545A16.3	SRR7632893	1.0382330459409663
RP11-545A16.3	SRR7632894	1.04730409167774
RP11-545A16.3	SRR7632895	4.046524844996406
RP11-545A16.3	SRR7632896	3.0683786578280046
RP11-545A16.3	SRR7632897	2.008178863937403
RP11-545A16.3	SRR7632898	2.007494177578904
RP11-545A16.3	SRR7632899	2.0138802669990574
RP11-545A16.3	SRR7632900	3.020082252719691
RP11-545A16.3	SRR7632901	8.050913998101251
RP11-545A16.3	SRR7632902	4.175395602698063
RP11-545A16.3	SRR7632903	2.0088615800394773
RP11-545A16.3	SRR7632904	3.157918221262653
RP11-545A16.3	SRR7632905	2.186357649027693
RP11-545A16.3	SRR7632906	3.0494304787065483
RP11-545A16.3	SRR7632907	1.0277502386473942
RP11-545A16.3	SRR7632908	4.016150035388813
RP11-545A16.3	SRR7632909	3.0103664515386606
RP11-545A16.3	SRR7632910	2.0762884911034547
RP11-545A16.3	SRR7632911	2.025963857489937
RP11-545A16.3	SRR7632912	2.031316035458598
RP11-545A16.3	SRR7632913	2.117725766445223
RP11-545A16.3	SRR7632914	2.0625887223008044
RP11-545A16.3	SRR7632915	1.0449661158479286
RP11-545A16.3	SRR7632916	1.0199638203063526
RP11-545A16.3	SRR7632917	2.105095442769457
RP11-545A16.3	SRR7632918	3.0777215217422875
RP11-545A16.3	SRR7632919	2.017432452762669
RP11-545A16.3	SRR7632920	1.011609827571363
RP11-545A16.3	SRR7632921	1.0121840603993095
RP11-545A16.3	SRR7632922	5.043515769233226
RP11-545A16.3	SRR7632923	4.041791939242394
RP11-545A16.3	SRR7632924	2.059108192232074
RP11-545A16.3	SRR7632925	1.0351205406829784
RP11-545A16.3	SRR7632926	1.0185058970869778
RP11-545A16.3	SRR7632927	3.0618651219561994
RP11-545A16.3	SRR7632928	3.009979379063929
RP11-545A16.3	SRR7632929	2.0817704062886806
RP11-545A16.3	SRR7632930	1.0009001286274537
RP11-545A16.3	SRR7632931	7.0050402667473595
RP11-545A16.3	SRR7632932	2.0515082752146037
RP11-545A16.3	SRR7632933	4.085123891048618
RP11-545A16.3	SRR7632934	4.017674123749153
RP11-545A16.3	SRR7632935	5.050563875090283
RP11-545A16.3	SRR7632936	4.08450404841744
RP11-545A16.3	SRR7632937	3.043343485156416
RP11-545A16.3	SRR7632938	1.0267598473930304
RP11-545A16.3	SRR7632939	3.084531440113259
RP11-545A16.3	SRR7632940	2.0130537278128453
RP11-545A16.3	SRR7632941	2.0431477818073476
RP11-545A16.3	SRR7632942	1.0358766269652808
RP11-545A16.3	SRR7632943	4
RP11-545A16.3	SRR7632944	3.055281439100433
RP11-545A16.3	SRR7632945	3
RP11-545A16.3	SRR8928966	4.0353884409895855
RP11-545A16.3	SRR8928967	4.068112919849637
RP11-545A16.3	SRR8928968	2.0166242136504158
RP11-545A16.3	SRR8928969	3.0249066835260887
RP11-545A16.3	SRR8928970	1.0095999056134282
RP11-545A16.3	SRR8928971	7.05382594982313
RP11-545A16.3	SRR8928972	1.0535590264470536
RP11-545A16.3	SRR8928973	2.011931269861481
RP11-545A16.3	SRR8928974	1.084964542884935
RP11-545A16.3	SRR8928975	1.0422268823538081
RP11-545A16.3	SRR8928976	1.0418215850993868
RP11-545A16.3	SRR8928977	2.0389308276030347
RP11-545A16.3	SRR8928978	1.018615945849788
RP11-545A16.3	SRR8928979	1.019328713740916
RP11-545A16.3	SRR8928980	1.0157058979511975
RP11-545A16.3	SRR8928981	11.12892826133892
RP11-545A16.3	SRR8928982	1.0114260163607005
RP11-545A16.3	SRR8928983	2.0038130471001825
RP11-545A16.3	SRR8928984	2.011145831224882
RP11-545A16.3	SRR8928985	1.0167967514698188
RP11-545A16.3	SRR8928986	4.036052136875041
RP11-545A16.3	SRR8928987	6
RP11-545A16.3	SRR8928988	1
RP11-545A16.3	SRR8928989	1.0173441049815872
RP11-545A16.3	SRR8928990	4.042268860468256
RP11-545A16.3	SRR8928991	2.0354837542015063
RP11-545A16.3	SRR9835604	2.0285173963200136
RP11-545A16.3	SRR9835605	2.0110571281604375
RP11-545A16.3	SRR9835606	3.0063807907634774
RP11-545A16.3	SRR9835607	1.0089702127219256
RP11-545A16.3	SRR9835608	5.072740058795712
RP11-545A16.3	SRR9835609	2
RP11-545A16.3	SRR9835610	3.013817062107262
RP11-545A16.3	SRR9835611	1.0010802515574013
RP11-545A16.3	SRR9835612	2.0053171847237667
RP11-545A16.3	SRR9835613	3.017722085288658
RP11-545A16.3	SRR9835614	3.02965023141011
RP11-545A16.3	SRR9835615	2.0782446581621787
RP11-545A16.3	SRR9835616	2.0147827752727374
RP11-545A16.3	SRR9835617	1.0229877020749545
RP11-545A16.3	SRR9835618	5.026621264185568
RP11-545A16.3	SRR9835619	3
RP11-545A16.3	SRR9835620	5.0234476254524045
RP11-545A16.3	SRR9835621	1.0065161971835763
RP11-545A16.3	SRR9835622	4.010933910125871
RP11-545A16.3	SRR9835623	7.0012597265936645
RP11-545A16.3	SRR9835624	3.0657447550984145
RP11-545A16.3	SRR9835625	4.012310437899567
RP11-545A16.3	SRR9835626	1.007514607649033
RP11-545A16.3	SRR9835627	1.002042629816068
RP11-545A16.3	SRR9835628	2.0142894267352034
RP11-545A16.3	SRR9835629	2.0400408685818374
RP11-545A16.3	SRR9835630	1.0553618917185172
RP11-545A16.3	SRR9835631	1.0803218233387206
RP11-545A16.3	SRR9835632	4.009100682852696
RP11-545A16.3	SRR9835633	2.0147703704175406
RP11-545A16.3	SRR9835634	1.0061984068651417
RP11-545A16.3	SRR9835635	5.04886060273188
RP11-545A16.3	SRR9835636	2.0039627051004136
RP11-545A16.3	SRR9835637	2.0088592570467187
RP11-545A16.3	SRR9835638	3.0286663091402395
RP11-545A16.3	SRR9835639	2.0205862214080743
RP11-545A16.3	SRR9835640	3.0496730084850467
RP11-545A16.3	SRR9835641	2.0075997271555144
RP11-545A16.3	SRR9835642	1.005744383945818
RP11-545A16.3	SRR9835643	5.019083409661148
RP11-545A16.3	SRR9835644	2.006454895998502
RP11-545A16.3	SRR9835645	3.087421840376195
RP11-545A16.3	SRR9835646	2.018377717730723
RP11-545A16.3	SRR9835647	2.0048066386784735
RP11-545A16.3	SRR9835648	2.0595413445091366
RP11-545A16.3	SRR9835649	3.0340701265953567
RP11-545A16.3	SRR9835650	2.007588014702848
RP11-545A16.3	SRR9835651	3.002160114320297
RP11-545A16.3	SRR9835652	1.0155197645862681
RP11-545A16.3	SRR9835653	1.0027641386941393
RP11-545A16.3	SRR9835654	5.050230344376831
RP11-545A16.3	SRR9835655	8.04079226962788
RP11-545A16.3	SRR9835656	3.007935080665984
RP11-545A16.3	SRR9835657	3.0444775113251246
RP11-545A16.3	SRR9835658	2.004023981429434
RP11-545A16.3	SRR9835659	3.017633302981874
RP11-545A16.3	SRR9835660	3.022308349440258
RP11-545A16.3	SRR9835661	2.008022415281187
RP11-545A16.3	SRR9835662	3.035749535935319
RP11-545A16.3	SRR9835663	3.0596951764102576
RP11-545A16.3	SRR9835664	1.0017262519502124
RP11-545A16.3	SRR9835665	1.004072314883195
RP11-545A16.3	SRR9835666	4
RP11-545A16.3	SRR9835667	4.032866644679828
RP11-545A16.3	SRR9835668	2
RP11-545A16.3	SRR9835669	1.0264232618093723
RP11-545A16.3	SRR9835670	1.0135813928307178
RP11-545A16.3	SRR9835671	2.026633408812453
RP11-545A16.3	SRR9835672	3.0051787558506367
RP11-545A16.3	SRR9835673	1.0225501145506797
RP11-545A16.3	SRR9835674	1.000465258632579
RP11-545A16.3	SRR9835675	2.010648505674227
RP11-545A16.3	SRR9835676	1.0888102986472097
RP11-545A16.3	SRR9835677	2.0052558688529287
RP11-545A16.3	SRR9835678	2.011789241659467
RP11-545A16.3	SRR9835679	6.751204531758821
RP11-545A16.3	SRR9835680	1.024155415648097
RP11-545A16.3	SRR9835681	2.006009240551286
RP11-545A16.3	SRR9835682	1.0602022500176214
RP11-545A16.3	SRR9835683	2.0124583479539315
RP11-545A16.3	SRR9835684	1.0249675723992049
RP11-545A16.3	SRR9835685	3.0150205165643165
RP11-545A16.3	SRR9835686	2.0264732561614456
RP11-545A16.3	SRR9835687	2.0092632403392785
RP11-545A16.3	SRR9835688	2
RP11-545A16.3	SRR9835689	2.014503203207837
RP11-545A16.3	SRR9835690	7.014006438881868
RP11-545A16.3	SRR9835691	4.035235301836251
RP11-545A16.3	SRR9835692	1.0178751091142868
RP11-545A16.3	SRR9835693	1.0039837461421828
RP11-545A16.3	SRR9835694	1.0101590322507117
RP11-545A16.3	SRR9835695	3.0152697855733184
RP11-545A16.3	SRR9835696	3.0289246091469253
RP11-545A16.3	SRR9835697	4.02006995832777
RP11-545A16.3	SRR9835698	1.0009307337307534
RP11-545A16.3	SRR9835699	3.0047299129176506
RP11-545A16.3	SRR9835700	1.002192313736413
RP11-545A16.3	SRR9835701	2.0055831336663945
RP11-545A16.3	SRR9835702	3
RP11-545A16.3	SRR9835703	3.0031904371506015
RP11-545A16.3	SRR9835704	1.0045533536019593
RP11-545A16.3	SRR9835705	7.0276486699409455
RP11-545A16.3	SRR9835706	2.1572851723006212
RP11-545A16.3	SRR9835707	3.003240754672204
RP11-545A16.3	SRR9835708	1.0010054898524368
RP11-545A16.3	SRR9835709	1.0003599542698447
RP11-545A16.3	SRR9835710	4.057012290627742
RP11-545A16.3	SRR9835711	3.0010798628095343
RP11-545A16.3	SRR9835712	2.0050112115217136
RP11-545A16.3	SRR9835713	5.009532617750456
RP11-545A16.3	SRR9835714	3.0046380383590288
RP11-545A16.3	SRR9835715	2.0099522182357097
RP11-545A16.3	SRR9835716	3.008824087886554
RP11-545A16.3	SRR9835717	5.017124007722667
RP11-545A16.3	SRR9835718	1.0154090217747063
RP11-545A16.3	SRR9835719	3.025623895279566
RP11-545A16.3	SRR9835720	9.055996336225851
RP11-545A16.3	SRR9835721	1.0147479497795637
RP11-545A16.3	SRR9835722	5.113877356504462
RP11-545A16.3	SRR9835723	4
RP11-545A16.3	SRR9835724	3.020718112990796
RP11-545A16.3	SRR9835725	2.0547912004868882
RP11-545A16.3	SRR9835726	9.006480342960892
RP11-545A16.3	SRR9835727	2.0135368031143956
RP11-545A16.3	SRR9835728	2.081181850316117
RP11-545A16.3	SRR9835729	2.006461366732215
RP11-545A16.3	SRR9835730	2.007661114695866
RP11-545A16.3	SRR9835731	2.1020216882056806
RP11-545A16.3	SRR9835732	6.028220475427186
RP11-545A16.3	SRR9835733	6.026786688915597
RP11-545A16.3	SRR9835734	1.002553057138948
RP11-545A16.3	SRR9835735	3.00540320245936
RP11-545A16.3	SRR9835736	2.0239485190356312
RP11-545A16.3	SRR9835737	1.002086827591817
RP11-545A16.3	SRR9835738	4.007137131609633
RP11-545A16.3	SRR9835739	1.0270643545377112
RP11-545A16.3	SRR9835740	1.0299228329417829
RP11-545A16.3	SRR9835741	3.0158300108904963
RP11-545A16.3	SRR9835742	2.0373724031809086
RP11-545A16.3	SRR9835743	2.0684239481480065
RP11-545A16.3	SRR9835744	2.0116307748808167
RP11-545A16.3	SRR9835745	2.044653231646128
RP11-545A16.3	SRR9835746	1.0107941715568822
RP11-545A16.3	SRR9835747	4.020983729237498
RP11-545A16.3	SRR9835748	1.0304274782164793
RP11-545A16.3	SRR9835749	3
RP11-545A16.3	SRR9835750	2.016596338926861
RP11-545A16.3	SRR9835751	1.0080480222430843
RP11-545A16.3	SRR9835752	2.080909024508928
RP11-545A16.3	SRR9835753	6.062930916794879
RP11-545A16.3	SRR9835754	3.0040974181579414
RP11-545A16.3	SRR9835755	1.014416942522608
RP11-545A16.3	SRR9835756	2.092812664640777
RP11-545A16.3	SRR9835757	2.0079946594557145
RP11-545A16.3	SRR9835758	3.0171914462289235
RP11-545A16.3	SRR9835759	2.0130176724874675
RP11-545A16.3	SRR9835760	2
RP11-545A16.3	SRR9835761	2.000359921883904
RP11-545A16.3	SRR9835762	1.1023719914822634
RP11-545A16.3	SRR9835763	3.0086957290098324
RP11-545A16.3	SRR9835764	1.0025931784597333
RP11-545A16.3	SRR9835765	2.5759244287162897
RP11-545A16.3	SRR9835766	5.128927971138978
RP11-545A16.3	SRR9835767	1.0369668007927877
RP11-545A16.3	SRR9835768	3
RP11-545A16.3	SRR9835769	3
RP11-545A16.3	SRR9835770	2.0397944255081195
RP11-545A16.3	SRR9835771	3.016239703164131
RP11-545A16.3	SRR9835772	3.037522752110481
RP11-545A16.3	SRR9835773	4
RP11-545A16.3	SRR9835774	2.070241081365957
RP11-545A16.3	SRR9835775	1.0050334605858329
RP11-545A16.3	SRR9835776	2.0063386668959495
RP11-545A16.3	SRR9835777	3.007342599072492
RP11-545A16.3	SRR9835778	2.008294611277839
RP11-545A16.3	SRR9835779	1.0069981117179123
RP11-545A16.3	SRR9835780	3.0046380383590288
RP11-545A16.3	SRR9835781	1.0252236336284462
RP11-545A16.3	SRR9835782	1.0049592713378661
RP11-545A16.3	SRR9835783	4
RP11-545A16.3	SRR9835784	4.016154679560582
RP11-545A16.3	SRR9835785	3.1316890452132404
RP11-545A16.3	SRR9835786	4.0385022726653546
RP11-545A16.3	SRR9835787	1.0028083682939712
RP11-545A16.3	SRR9835788	2.003302884002545
RP11-545A16.3	SRR9835789	3
RP11-545A16.3	SRR9835790	2.0141744828451875
RP11-545A16.3	SRR9835791	3.0813784123944563
RP11-545A16.3	SRR9835792	3.9712400913445536
RP11-545A16.3	SRR9835793	2.0039627051004136
RP11-545A16.3	SRR9835794	4.000719843767808
RP11-545A16.3	SRR9835795	3.170340414169823
RP11-545A16.3	SRR9835796	1.0056787687252229
RP11-545A16.3	SRR9835797	1
RP11-545A16.3	SRR9835798	3.0046380383590288
RP11-545A16.3	SRR9835799	1.001964564945592
RP11-545A16.3	SRR9835800	3.003414735258545
RP11-545A16.3	SRR9835801	2.010005460069825
RP11-545A16.3	SRR9835802	4.015866523433367
RP11-545A16.3	SRR9867812	2
RP11-545A16.3	SRR9867813	5.672593871668019
RP11-545A16.3	SRR9867814	14.68267983175176
RP11-545A16.3	SRR9867815	1
RP11-545A16.3	SRR9867816	1.0005399799895063
RP11-545A16.3	SRR9867817	10.163129057733336
RP11-545A16.3	SRR9867818	3.000855739072272
RP11-545A16.3	SRR9867819	3.1266574195073815
RP11-545A16.3	SRR9867820	1.002342020016362
RP11-545A16.3	SRR9867821	2
RP11-545A16.3	SRR9867822	7.091932727352223
RP11-545A16.3	SRR9867823	1.000179960941952
RP11-545A16.3	SRR9867824	2.1746236588624948
RP11-545A16.3	SRR9867825	2.1042393816151743
RP11-545A16.3	SRR9867826	2.7768820161249663
RP11-545A16.3	SRR9867827	2
RP11-545A16.3	SRR9867828	16.2393808247221
RP11-545A16.3	SRR9867829	2.2772934411700843
RP11-545A16.3	SRR9867830	2.004023981429434
RP11-545A16.3	SRR9867831	2.065698154300389
RP11-545A16.3	SRR9879292	0.5354692422405893
RP11-545A16.3	SRR9879293	1.015288110518979
RP11-545A16.3	SRR9879294	1.0204975926045814
RP11-545A16.3	SRR9879295	1.0201804361038371
RP11-545A16.3	SRR9879296	1.0125162691935943
RP11-545A16.3	SRR9879297	1.0160326211514135
RP11-545A16.3	SRR9879298	1.0114727203258032
RP11-545A16.3	SRR9879299	1.004672692112038
RP11-545A16.3	SRR9879300	1.0154291543241525
RP11-545A16.3	SRR9879301	1.002412783311024
RP11-545A16.3	SRR9879302	1.0113873374009947
RP11-545A16.3	SRR9879303	1.0055495224370705
RP11-545A16.3	SRR9879304	1.0171630497984254
RP11-545A16.3	SRR9879305	1.0111215743846396
RP11-545A16.3	SRR9879306	1
RP11-545A16.3	SRR9879307	0.7814476713667206
RP11-545A16.3	SRR9879308	1.012128691075505
RP11-545A16.3	SRR9879309	2.0229477799332627
RP11-545A16.3	T50_307	1.006233098409452
RP11-545A16.3	T50_313	1.0171338971063077
RP11-545A16.3	T50_317	1.017912202260729
RP11-545A16.3	T50_324	1.0121465228691218
RP11-545A16.3	T50_427	1.0173634427914857
RP11-545A16.3	T50_428	1.007839948834571
RP11-545A16.3	T50_431	1.006184793499986
RP11-545A16.3	T50_436	1.0087154193912522
RP11-545A16.3	T50_476	1.008350698322557
RP11-545A16.3	UN_307	1.0133098244040084
RP11-545A16.3	UN_313	1.0145310136075893
RP11-545A16.3	UN_317	2.016713753098932
RP11-545A16.3	UN_324	1.0221880902289606
RP11-545A16.3	UN_427	1.0090657297142456
RP11-545A16.3	UN_428	1.0107927868178097
RP11-545A16.3	UN_431	1.010700365800461
RP11-545A16.3	UN_436	1.0085902616518891
RP11-545A16.3	UN_476	1.0102367475941127
