Gene	sample	counts
ZSCAN18	CM317	116.51611229273762
ZSCAN18	CMCD140	209.9313224323547
ZSCAN18	CMCD147	176.58541295655965
ZSCAN18	CMCD152	596
ZSCAN18	CMCD154	475.57007832650277
ZSCAN18	CMCD159	102.84993403950644
ZSCAN18	CMCD161	252.7720636056301
ZSCAN18	CMCD174	127.338166250382
ZSCAN18	CMCD196	217.91667130506133
ZSCAN18	CMCD198	102.7928565649914
ZSCAN18	CMCD203	708.2444435772993
ZSCAN18	CMCD211	328.638219068514
ZSCAN18	CMCD227	252.3429218027767
ZSCAN18	CMCD240	334.1671943301024
ZSCAN18	CMCD259	348
ZSCAN18	CMCD270	178.92041299225988
ZSCAN18	CMCD275	207.73636064360537
ZSCAN18	CMCD282	180.26207580090386
ZSCAN18	CMCD286	168.48467141980194
ZSCAN18	CMCD287	277
ZSCAN18	CMCD294	99.74628578612834
ZSCAN18	CMCD327	233.17900066240605
ZSCAN18	CMCD335	275.27538715855997
ZSCAN18	CMCD337	343.26279718628206
ZSCAN18	CMCD357	123.46448223522873
ZSCAN18	CMCD398	242.39914879865478
ZSCAN18	CMCD403	224.59042635793003
ZSCAN18	CMCD422	291.6072668292188
ZSCAN18	CMCD426	113.21959481570121
ZSCAN18	CMCD71	207.3030849071768
ZSCAN18	CMCD72	107.53981331218495
ZSCAN18	CMCD76	133.30153282280338
ZSCAN18	CMCD88	170.03059336013186
ZSCAN18	CMSA256	423
ZSCAN18	CMSA316	452.5985416970183
ZSCAN18	CMUC110	342
ZSCAN18	CMUC192	127.65738457230391
ZSCAN18	CMUC199	135.51205722809516
ZSCAN18	CMUC200	233.5425309065061
ZSCAN18	CMUC208	227.55465966955487
ZSCAN18	CMUC231	656
ZSCAN18	CMUC234	345
ZSCAN18	CMUC285	134.4505834456387
ZSCAN18	CMUC291	169.10217950270464
ZSCAN18	CMUC295	328.2952421898048
ZSCAN18	CMUC299	204.59444180009265
ZSCAN18	CMUC301	200.10799599790124
ZSCAN18	CMUC307	185.50931600925261
ZSCAN18	CMUC313	123.83377756688628
ZSCAN18	CMUC314	119.00869923094601
ZSCAN18	CMUC323	149.39364174910267
ZSCAN18	CMUC324	330.2970424470597
ZSCAN18	CMUC331	197.76001704784565
ZSCAN18	CMUC333	161.58430963217756
ZSCAN18	CMUC334	124.81594470867303
ZSCAN18	CMUC346	258.7427943065333
ZSCAN18	CMUC352	247.46441174183542
ZSCAN18	CMUC360	161.20292551129305
ZSCAN18	CMUC363	152.80497281619498
ZSCAN18	CMUC365	159.0339090162481
ZSCAN18	CMUC366	331.08072806956704
ZSCAN18	CMUC368	358
ZSCAN18	CMUC377	221.8969793925449
ZSCAN18	CMUC379	114.11031613250753
ZSCAN18	CMUC380	126.19324319038695
ZSCAN18	CMUC383	174.37085704564052
ZSCAN18	CMUC394	178.28596488525181
ZSCAN18	CMUC419	133.14873675863657
ZSCAN18	CMUC427	419
ZSCAN18	CMUC428	203.26104316440026
ZSCAN18	CMUC431	302.5531734417614
ZSCAN18	CMUC435	255.24141500601024
ZSCAN18	CMUC439	339.12914605080357
ZSCAN18	CMUC89	269
ZSCAN18	CS219	190.46503127459115
ZSCAN18	CS256	209.47383729297673
ZSCAN18	CS257	106.81803861606093
ZSCAN18	CS259	189.2890249378862
ZSCAN18	CS261	121.70645860684914
ZSCAN18	CS266	137.58061128112027
ZSCAN18	CS270	146.8240074396813
ZSCAN18	CS277	122.65761230063843
ZSCAN18	CS288	141.24851682659198
ZSCAN18	CS290	155.22204525940313
ZSCAN18	CS292	130.7546120610793
ZSCAN18	CS293	138.17442074671143
ZSCAN18	CS301	124.08567915890681
ZSCAN18	CS306	141.03034023870953
ZSCAN18	CS308	123.04817038167099
ZSCAN18	CS315	127.29636708733626
ZSCAN18	CS317	102.63381617812007
ZSCAN18	CS322	161.09367863630902
ZSCAN18	CS327	199.93239809601425
ZSCAN18	CS328	97.94971852095013
ZSCAN18	CS330	140.59960843469116
ZSCAN18	CS331	126.274676107023
ZSCAN18	CS335	57.516707728480235
ZSCAN18	CS338	123.53404351787393
ZSCAN18	CS339	111.76420079015216
ZSCAN18	CS343	224.76868537454925
ZSCAN18	CS344	184.49069678279648
ZSCAN18	CS350	111.3772587338794
ZSCAN18	CS351	212.73377070609433
ZSCAN18	CS361	138.12583826462009
ZSCAN18	CS388	138.44058658780415
ZSCAN18	CS396	192.01195209553381
ZSCAN18	CS405	174.06838765819035
ZSCAN18	CS415	101.89557398931326
ZSCAN18	CS424	116.98344863673536
ZSCAN18	IM293	159.83899057719628
ZSCAN18	IM296	144.76700734917796
ZSCAN18	IM297	98.50397188222632
ZSCAN18	IM300	552
ZSCAN18	IM305	137.34414382392498
ZSCAN18	IM309	93.71687070079635
ZSCAN18	IM310	155.04673279502566
ZSCAN18	IM311	190.3177899056249
ZSCAN18	IM316	161.81052686231493
ZSCAN18	IM320	111.8600849556925
ZSCAN18	IM330	176.7707669190155
ZSCAN18	IM332	90.55995627119178
ZSCAN18	IM340	108.51955436746974
ZSCAN18	IM348	128.32179656704466
ZSCAN18	IM354	248.76159332021845
ZSCAN18	IM356	104.82851333270692
ZSCAN18	IM364	199.2953886807788
ZSCAN18	IM372	94.96312105896463
ZSCAN18	IM374	128.83757214187327
ZSCAN18	IM376	151.0978506532349
ZSCAN18	IM381	153.8713346495235
ZSCAN18	IM382	102.04604250838912
ZSCAN18	IM385	608
ZSCAN18	IM390	104.79102706202863
ZSCAN18	IM397	165.8246647295161
ZSCAN18	IM404	346.991795829231
ZSCAN18	IM409	304.71357804546255
ZSCAN18	IM412	201
ZSCAN18	IM421	115.77358062105388
ZSCAN18	IM425	90.47229067222325
ZSCAN18	IM432	115.36530920861324
ZSCAN18	IM438	325
ZSCAN18	IM442	135.31549581533406
ZSCAN18	IM445	148.6592575216709
ZSCAN18	IM448	150.20602783376398
ZSCAN18	IM449	182.50642545707146
ZSCAN18	IM451	330.6820560525762
ZSCAN18	IMSA256	181.7340440964796
ZSCAN18	IMSA276	377
ZSCAN18	IMSA286	221
ZSCAN18	IMSA343	182.2319508051582
ZSCAN18	IS_238	230
ZSCAN18	IS238	510.0567221469652
ZSCAN18	IS243	266
ZSCAN18	IS253	378
ZSCAN18	IS283	282
ZSCAN18	IS322	235.40297252370863
ZSCAN18	IS399	184.27003349487887
ZSCAN18	IS418	126.53589941979399
ZSCAN18	IS430	101.69596129637934
ZSCAN18	IS437	133.81562596339668
ZSCAN18	IS444	116.10832131658545
ZSCAN18	R276CMSA	113.60394342104811
ZSCAN18	R286CMSA	204
ZSCAN18	R292CMSA	195.80872459958925
ZSCAN18	R292IMSA	136.35445870896135
ZSCAN18	R308CMSA	122.72469797674566
ZSCAN18	R316IMSA	151.8688379479409
ZSCAN18	R347CMSA	99.96878308136522
ZSCAN18	R347IMSA	103.03322023987909
ZSCAN18	R371CMSA	241.95930251156383
ZSCAN18	SRR10104064	134.2436347974109
ZSCAN18	SRR10104065	504.94034089978703
ZSCAN18	SRR10104066	259.77857390572456
ZSCAN18	SRR10104067	153.45857197102157
ZSCAN18	SRR10104068	386.7925058750143
ZSCAN18	SRR10104069	344.90692903006857
ZSCAN18	SRR10104070	154.408574978129
ZSCAN18	SRR10104071	38.29997459812373
ZSCAN18	SRR10104072	87.73077373684866
ZSCAN18	SRR10104073	195.3503053163494
ZSCAN18	SRR10104074	113.96552365502677
ZSCAN18	SRR10104075	57.550503476862374
ZSCAN18	SRR10104076	129.4844995487364
ZSCAN18	SRR10104077	125.48866665303116
ZSCAN18	SRR10104078	108.30843256074158
ZSCAN18	SRR10104079	131.83036342344298
ZSCAN18	SRR10104080	69.5341260462237
ZSCAN18	SRR10104081	189.96284156633624
ZSCAN18	SRR10104082	128.78792140954639
ZSCAN18	SRR10104083	115.88867345466853
ZSCAN18	SRR10104084	194.34810583514889
ZSCAN18	SRR10104085	225.91002929323787
ZSCAN18	SRR10104086	151.6681073025107
ZSCAN18	SRR10104087	393.25440311172156
ZSCAN18	SRR10104088	535.8392640402616
ZSCAN18	SRR10104089	62.41100870727897
ZSCAN18	SRR10104090	179.60311735360588
ZSCAN18	SRR10104091	149.0183456369463
ZSCAN18	SRR10104092	350.40592440092706
ZSCAN18	SRR10104093	193.41365954402545
ZSCAN18	SRR10104094	200.6003551787119
ZSCAN18	SRR10104095	148.62268635443604
ZSCAN18	SRR10104096	60.723084483470934
ZSCAN18	SRR10104097	118.0064229790395
ZSCAN18	SRR10104098	253.32139738349656
ZSCAN18	SRR10104099	149.78922619536255
ZSCAN18	SRR10104100	109.08079489470343
ZSCAN18	SRR10104101	563.1226487842667
ZSCAN18	SRR10104102	281.2427898017734
ZSCAN18	SRR10104103	180.9579617540719
ZSCAN18	SRR10104104	205.13051675710915
ZSCAN18	SRR10104105	112.40685963801533
ZSCAN18	SRR10104106	167.30746872356812
ZSCAN18	SRR10104107	277.63329192397975
ZSCAN18	SRR10104108	505.4423224084099
ZSCAN18	SRR10104109	178.9434399630685
ZSCAN18	SRR10104110	65.44211820086178
ZSCAN18	SRR10104111	195.18223166920652
ZSCAN18	SRR10104112	65.26416288651825
ZSCAN18	SRR10104113	190.5944511817916
ZSCAN18	SRR10104114	82.09642829657872
ZSCAN18	SRR10104115	88.10509430638147
ZSCAN18	SRR10104116	98.39259131314967
ZSCAN18	SRR10104117	100.76831757801665
ZSCAN18	SRR10104118	70.88787674659157
ZSCAN18	SRR10104119	57.11130363457602
ZSCAN18	SRR10104120	204.38703912687447
ZSCAN18	SRR10104121	123.32231768168545
ZSCAN18	SRR10104122	86.07041385929266
ZSCAN18	SRR10104123	165.55335614359038
ZSCAN18	SRR10104124	205.42011849515842
ZSCAN18	SRR10104125	103.3819741113264
ZSCAN18	SRR10104126	148.64202462958173
ZSCAN18	SRR10104127	53.3627209522461
ZSCAN18	SRR10104128	154.316504751477
ZSCAN18	SRR10104129	252.46875833852278
ZSCAN18	SRR10104130	133.26680554829787
ZSCAN18	SRR10104131	221.48106117345668
ZSCAN18	SRR10104132	432.09456453171344
ZSCAN18	SRR10104133	77.97248463728171
ZSCAN18	SRR10104134	187.4794592271513
ZSCAN18	SRR10104135	84.76206818466441
ZSCAN18	SRR10104136	263.9042241747961
ZSCAN18	SRR10104137	122.95918215847034
ZSCAN18	SRR10104138	47.820058654646836
ZSCAN18	SRR10104139	372.17926886236376
ZSCAN18	SRR10104140	57.11531506741288
ZSCAN18	SRR10104141	117.6063318511901
ZSCAN18	SRR10104142	198.69943662319574
ZSCAN18	SRR10104143	432.508533731517
ZSCAN18	SRR10104144	164.21710157341505
ZSCAN18	SRR10104145	141.29160169496612
ZSCAN18	SRR10104146	294.8095161068188
ZSCAN18	SRR10104147	696.1880806906616
ZSCAN18	SRR10104148	102.00981207041809
ZSCAN18	SRR10104149	169.57268838084357
ZSCAN18	SRR10104150	485.58099616631415
ZSCAN18	SRR10104151	402.05473623615575
ZSCAN18	SRR10104152	489.7377557485337
ZSCAN18	SRR10104153	62.80999572248092
ZSCAN18	SRR10104154	177.25039434605995
ZSCAN18	SRR10104155	118.5783305234809
ZSCAN18	SRR10104156	587.3743572155599
ZSCAN18	SRR10104157	169.92431238168928
ZSCAN18	SRR10104158	190.83640677461457
ZSCAN18	SRR10104159	337.1959555011688
ZSCAN18	SRR10104160	88.84697470050668
ZSCAN18	SRR10104161	728.2549851678043
ZSCAN18	SRR10104162	327.52849619705245
ZSCAN18	SRR10104163	147.30413006046717
ZSCAN18	SRR10104164	210.0447329394729
ZSCAN18	SRR10104165	181.69775620455326
ZSCAN18	SRR10104166	159.2341781741533
ZSCAN18	SRR10104167	278.14228947611406
ZSCAN18	SRR10104168	265.38374201729533
ZSCAN18	SRR10104169	304.332218717044
ZSCAN18	SRR10104170	142.14857716875298
ZSCAN18	SRR10104171	326.64880507739383
ZSCAN18	SRR10104172	142.67039356204086
ZSCAN18	SRR10104173	102.85770148563479
ZSCAN18	SRR10104174	208.83382433611305
ZSCAN18	SRR10104175	300.6084457625462
ZSCAN18	SRR10104176	268.9151782692643
ZSCAN18	SRR10104177	204.04069771359204
ZSCAN18	SRR10104178	181.72257891423416
ZSCAN18	SRR10104179	135.5384985880591
ZSCAN18	SRR10104180	188.03883378463144
ZSCAN18	SRR10104181	312.137025379332
ZSCAN18	SRR10104182	186.3241894596328
ZSCAN18	SRR10104183	144.5754420865495
ZSCAN18	SRR10104184	338.04153113876754
ZSCAN18	SRR10104185	263.7745345327296
ZSCAN18	SRR10104186	231.37973833839084
ZSCAN18	SRR10104187	106.62133471152742
ZSCAN18	SRR10104188	161.24142806146503
ZSCAN18	SRR10104189	102.77695720352953
ZSCAN18	SRR10104190	76.7615141267353
ZSCAN18	SRR10104191	118.30432487037228
ZSCAN18	SRR10104192	179.55926906876454
ZSCAN18	SRR10104193	161.17557185759145
ZSCAN18	SRR10104194	128.27422830096364
ZSCAN18	SRR10104195	154.19737712376264
ZSCAN18	SRR10104196	72.84539145540718
ZSCAN18	SRR10104197	393.5123501629065
ZSCAN18	SRR10104198	254.40978917066082
ZSCAN18	SRR10104199	189.39921828933714
ZSCAN18	SRR10104200	67.29720802303439
ZSCAN18	SRR10104201	381.7476651325783
ZSCAN18	SRR10104202	129.00493891615736
ZSCAN18	SRR10104203	293.4967442235349
ZSCAN18	SRR10104204	198.01842328476775
ZSCAN18	SRR10104205	176.62078029810255
ZSCAN18	SRR10104206	215.01211098690675
ZSCAN18	SRR10104207	137.35202730571325
ZSCAN18	SRR10104208	160.7863484735529
ZSCAN18	SRR10104209	338.6669039191802
ZSCAN18	SRR10104210	207.31359661203717
ZSCAN18	SRR10104211	349.43572566728335
ZSCAN18	SRR10104212	335.17016885580534
ZSCAN18	SRR10104213	112.24567935732537
ZSCAN18	SRR10104214	283.24297073932985
ZSCAN18	SRR10104215	464.92845851955207
ZSCAN18	SRR10104216	149.55026405398752
ZSCAN18	SRR10104217	186.53433130630845
ZSCAN18	SRR10104218	74.4545225667276
ZSCAN18	SRR10104219	149.9323244300039
ZSCAN18	SRR10104220	312.6053096303364
ZSCAN18	SRR10104221	89.15338154489433
ZSCAN18	SRR10104222	150.53007794205982
ZSCAN18	SRR10104223	58.83163628734816
ZSCAN18	SRR10104224	141.5031447292151
ZSCAN18	SRR10104225	240.32004574943258
ZSCAN18	SRR10104226	166.2222969716181
ZSCAN18	SRR10104227	122.54300219389228
ZSCAN18	SRR10104228	129.79379852488498
ZSCAN18	SRR10104229	79.8619186902434
ZSCAN18	SRR10104230	168.47827784320356
ZSCAN18	SRR10104231	214.141016914924
ZSCAN18	SRR10104232	180.16134916807914
ZSCAN18	SRR10104233	87.88869640992165
ZSCAN18	SRR10104234	251.74627848027347
ZSCAN18	SRR10104235	189.9358335612545
ZSCAN18	SRR10104236	720.6458239068072
ZSCAN18	SRR10104237	277.02955102735734
ZSCAN18	SRR10104238	108.10064423377676
ZSCAN18	SRR10104239	157.05440436880332
ZSCAN18	SRR10104240	111.52764530633091
ZSCAN18	SRR10104241	323.45861377544577
ZSCAN18	SRR10104242	186.1729869821066
ZSCAN18	SRR10104243	217.73059865378195
ZSCAN18	SRR10104244	187.11207929451203
ZSCAN18	SRR10104245	196.70738404664945
ZSCAN18	SRR10104246	128.2728240108777
ZSCAN18	SRR10104247	194.38290005411926
ZSCAN18	SRR10104248	148.22383631771584
ZSCAN18	SRR10104249	249.60514445274814
ZSCAN18	SRR10104250	29.978352239582133
ZSCAN18	SRR10104251	177.92280713481944
ZSCAN18	SRR10104252	44.82840189610715
ZSCAN18	SRR10104253	82.21390316056248
ZSCAN18	SRR10104254	168.0286863163864
ZSCAN18	SRR10104255	187.64122739893284
ZSCAN18	SRR10104256	174.99537242272706
ZSCAN18	SRR10104257	178.45294339231287
ZSCAN18	SRR10104258	189.66585187600532
ZSCAN18	SRR10224277	160.83351708761128
ZSCAN18	SRR10224278	204.328075818352
ZSCAN18	SRR10224279	169.92313154236618
ZSCAN18	SRR10224280	165.6922640616747
ZSCAN18	SRR10224281	195.09316988355275
ZSCAN18	SRR10224282	172.2288194264306
ZSCAN18	SRR10224283	163.63261010007182
ZSCAN18	SRR10224284	176.3629390362076
ZSCAN18	SRR10224285	175.96271326843492
ZSCAN18	SRR10224286	191.75399401875626
ZSCAN18	SRR10224287	226.40294689067605
ZSCAN18	SRR10224288	180.88466936313822
ZSCAN18	SRR10224289	189.17631629838968
ZSCAN18	SRR10224290	166.5204342779582
ZSCAN18	SRR10224291	268.1149509973663
ZSCAN18	SRR10224292	257.0119803953306
ZSCAN18	SRR10224293	191.6951824261809
ZSCAN18	SRR10224294	194.67288201806724
ZSCAN18	SRR10224295	181.37508612137052
ZSCAN18	SRR10224296	185.63123990762566
ZSCAN18	SRR10224297	171.3770849085139
ZSCAN18	SRR10224298	159.11624991216283
ZSCAN18	SRR10318388	192.40114278137872
ZSCAN18	SRR10318389	192.90305521366994
ZSCAN18	SRR10318390	230.80490419663948
ZSCAN18	SRR10318391	102.1970180804714
ZSCAN18	SRR10318392	69.9560175383181
ZSCAN18	SRR10318393	424.18793978834987
ZSCAN18	SRR10318394	154.00304592570396
ZSCAN18	SRR10318395	79.34893559827974
ZSCAN18	SRR10318396	207.63755398185694
ZSCAN18	SRR10318397	288.6701963802377
ZSCAN18	SRR10318398	286.9794932417366
ZSCAN18	SRR10318399	1.0501074458020174
ZSCAN18	SRR10318400	112.64009664874439
ZSCAN18	SRR10318401	245.88331781016436
ZSCAN18	SRR10318402	315.3215366249276
ZSCAN18	SRR10318403	150.7213761231693
ZSCAN18	SRR10318404	390.67323826058276
ZSCAN18	SRR10318405	284.68254269234325
ZSCAN18	SRR10318406	365.6501151309798
ZSCAN18	SRR10318407	213.07043134733615
ZSCAN18	SRR10318408	126.37834002425258
ZSCAN18	SRR10318409	297.93630020401457
ZSCAN18	SRR10318410	173.70160015851366
ZSCAN18	SRR10318411	128.46548160378248
ZSCAN18	SRR10318412	330.5877570990547
ZSCAN18	SRR10318413	254.9694372107863
ZSCAN18	SRR10318414	146.8606146411411
ZSCAN18	SRR10318415	171.10127029873192
ZSCAN18	SRR10318416	76.75251808696505
ZSCAN18	SRR10318417	223.58876109501057
ZSCAN18	SRR10318418	165.61826965025955
ZSCAN18	SRR10318419	194.77284675158347
ZSCAN18	SRR10318420	382.68800777982517
ZSCAN18	SRR10318421	328.5511637227928
ZSCAN18	SRR10318422	84.17529351771265
ZSCAN18	SRR10318423	488.71795355335064
ZSCAN18	SRR10318424	217.45284158742433
ZSCAN18	SRR10318425	214.38087996078855
ZSCAN18	SRR10318426	1.0953414278907072
ZSCAN18	SRR10318427	1.108018223770156
ZSCAN18	SRR10318428	310.40870736901536
ZSCAN18	SRR10318429	203.80870046686312
ZSCAN18	SRR10318430	163.39315531729383
ZSCAN18	SRR10318431	431.2094030765798
ZSCAN18	SRR10318432	287.48182699540894
ZSCAN18	SRR10318433	1.2750020383966563
ZSCAN18	SRR10318434	67.20414489473148
ZSCAN18	SRR10318435	186.09871287395595
ZSCAN18	SRR10318436	298.8145763043774
ZSCAN18	SRR10318437	545.3924207681873
ZSCAN18	SRR10318438	295.3718200362202
ZSCAN18	SRR10318439	16.065604598853245
ZSCAN18	SRR10318440	25.393346844546862
ZSCAN18	SRR10318441	40.11043619327461
ZSCAN18	SRR10318442	1.0286330408058433
ZSCAN18	SRR10318443	36.082000287872624
ZSCAN18	SRR10318444	82.69613412484762
ZSCAN18	SRR10318445	188.24127032239505
ZSCAN18	SRR10318446	197.77811256833806
ZSCAN18	SRR10318447	15.156401973219321
ZSCAN18	SRR10318448	81.55990503627012
ZSCAN18	SRR10318449	361.75334476064603
ZSCAN18	SRR10318450	132.68477650984522
ZSCAN18	SRR10318451	293
ZSCAN18	SRR10318452	1.006256696893515
ZSCAN18	SRR10318453	123.39628689483045
ZSCAN18	SRR10318454	30.142529039327904
ZSCAN18	SRR10318455	267.6006185667435
ZSCAN18	SRR10318456	27.177135991506102
ZSCAN18	SRR10318457	155.23963198188315
ZSCAN18	SRR10318458	16.20308898780671
ZSCAN18	SRR10318459	107.68970314077501
ZSCAN18	SRR10318460	76.30146394523396
ZSCAN18	SRR10318461	194.6816413050453
ZSCAN18	SRR10318462	104.69332113344241
ZSCAN18	SRR10318463	209.64673288719825
ZSCAN18	SRR10318464	58.359336489222144
ZSCAN18	SRR10318465	406.36545222274617
ZSCAN18	SRR10318466	98.9183001271853
ZSCAN18	SRR10318467	120.6073140955911
ZSCAN18	SRR10318468	50.48671560664117
ZSCAN18	SRR10318469	153.53758309109244
ZSCAN18	SRR10318470	535
ZSCAN18	SRR10318471	220
ZSCAN18	SRR10318472	205.90201596877466
ZSCAN18	SRR10318473	350.35231706077116
ZSCAN18	SRR10318474	114.47629314376569
ZSCAN18	SRR10318475	205.81945259421073
ZSCAN18	SRR10318476	123.43972327154331
ZSCAN18	SRR10318495	471.50879848353605
ZSCAN18	SRR10318496	64.56354869050479
ZSCAN18	SRR10318497	61.33368929008043
ZSCAN18	SRR10318498	373.3357479780402
ZSCAN18	SRR10318499	439.44141004521975
ZSCAN18	SRR10318500	123.70488553697415
ZSCAN18	SRR10318501	206.99415794044157
ZSCAN18	SRR10318502	272.1468745571457
ZSCAN18	SRR10318503	373.6717981724471
ZSCAN18	SRR10318504	218.4332826847393
ZSCAN18	SRR10318505	412.22247175567657
ZSCAN18	SRR10318506	37.44103168858516
ZSCAN18	SRR10318507	135.6045507753873
ZSCAN18	SRR10318508	7.216779118558955
ZSCAN18	SRR10318509	278.8956754478342
ZSCAN18	SRR10318510	204.60938146426955
ZSCAN18	SRR10318511	358.451225671074
ZSCAN18	SRR10318512	137.03592837885807
ZSCAN18	SRR10318513	233.77020742433226
ZSCAN18	SRR10318514	239.0942435845386
ZSCAN18	SRR10318515	76.90672626818939
ZSCAN18	SRR10318516	132.7821499821321
ZSCAN18	SRR10318517	218.57288970496924
ZSCAN18	SRR10318518	137.9827189366773
ZSCAN18	SRR10318519	235.10429869665384
ZSCAN18	SRR10318520	340.6736598670703
ZSCAN18	SRR10318521	307.10749090145055
ZSCAN18	SRR10318522	266.36330441000416
ZSCAN18	SRR10318523	358.81164474107976
ZSCAN18	SRR10318524	192.46585291978116
ZSCAN18	SRR10318525	260.6053873780717
ZSCAN18	SRR10318526	200.2967232395317
ZSCAN18	SRR10318527	307.1105059608423
ZSCAN18	SRR10318528	310.786240586286
ZSCAN18	SRR10318529	233.5282492309262
ZSCAN18	SRR10318530	225.50983416067757
ZSCAN18	SRR10318531	123.0879932346016
ZSCAN18	SRR10318532	168.37836752122473
ZSCAN18	SRR10318533	63.437824407172975
ZSCAN18	SRR10318534	86.49315765407263
ZSCAN18	SRR10318535	143.18516268689302
ZSCAN18	SRR10318536	157.63671228258175
ZSCAN18	SRR10318537	153.6479084889377
ZSCAN18	SRR10318538	211.38648872917764
ZSCAN18	SRR10318539	190.3639535327314
ZSCAN18	SRR10318540	233.26445281142708
ZSCAN18	SRR10318541	221.55990763216724
ZSCAN18	SRR10318542	100.80340885316075
ZSCAN18	SRR10318543	123.22095923099069
ZSCAN18	SRR10318544	269.6666318842597
ZSCAN18	SRR10318545	288.468358628869
ZSCAN18	SRR10318546	376.54166359532087
ZSCAN18	SRR10318547	206.8143278237296
ZSCAN18	SRR10318548	290.39873074941767
ZSCAN18	SRR10318549	171.16879247544423
ZSCAN18	SRR10318568	257.81019916643686
ZSCAN18	SRR10318569	298.245963351528
ZSCAN18	SRR10318570	114.201822339051
ZSCAN18	SRR10318571	337.278153186124
ZSCAN18	SRR10318572	273.2922632899064
ZSCAN18	SRR10318573	366.538465165013
ZSCAN18	SRR10318574	454.10112413686403
ZSCAN18	SRR10318575	290.35745350643106
ZSCAN18	SRR10318576	200.8614160073185
ZSCAN18	SRR10318577	338.97922898116383
ZSCAN18	SRR10318578	268.2412344721576
ZSCAN18	SRR10318579	182.57375972097864
ZSCAN18	SRR10318580	283.38652311289917
ZSCAN18	SRR10318581	295
ZSCAN18	SRR10875803	296.88093437069233
ZSCAN18	SRR10875804	122.69937085453137
ZSCAN18	SRR10875805	195.81633300994673
ZSCAN18	SRR10875806	327.9936649234611
ZSCAN18	SRR10875807	146.0249712212071
ZSCAN18	SRR10875808	214.50830146358763
ZSCAN18	SRR10875809	122.02636475177238
ZSCAN18	SRR10875810	131.02872667205767
ZSCAN18	SRR10875812	127
ZSCAN18	SRR10875813	61.531098486811715
ZSCAN18	SRR10875814	77.30779438904501
ZSCAN18	SRR10875815	15
ZSCAN18	SRR10875816	112
ZSCAN18	SRR10875817	383.6154225114333
ZSCAN18	SRR10875818	122.0918715267119
ZSCAN18	SRR10875819	87
ZSCAN18	SRR10875820	48.37388679928635
ZSCAN18	SRR10875821	139.3036437820403
ZSCAN18	SRR10875822	165.7694238921514
ZSCAN18	SRR10875823	23
ZSCAN18	SRR10875824	148.39555840958744
ZSCAN18	SRR10875825	143.25123417095398
ZSCAN18	SRR10875826	223.08569580753402
ZSCAN18	SRR10875827	233.39753975161727
ZSCAN18	SRR10875829	54.82249456985944
ZSCAN18	SRR10875830	109
ZSCAN18	SRR10875831	199.71077814458815
ZSCAN18	SRR10875832	93
ZSCAN18	SRR10875834	171.5705055763824
ZSCAN18	SRR10875835	14
ZSCAN18	SRR10875836	120.00223062162345
ZSCAN18	SRR10875837	104.35144121800728
ZSCAN18	SRR10875838	229
ZSCAN18	SRR10875839	161.76624529882392
ZSCAN18	SRR10875840	118.58872383312797
ZSCAN18	SRR10875841	109.41601833061301
ZSCAN18	SRR10875842	402.67995118672764
ZSCAN18	SRR10875843	85.45098799976677
ZSCAN18	SRR10875844	38.39414825923159
ZSCAN18	SRR10875845	18.910024088742958
ZSCAN18	SRR10875846	100.37128447226468
ZSCAN18	SRR10875847	73.26319265364081
ZSCAN18	SRR10875848	242
ZSCAN18	SRR10875849	165.30200279241117
ZSCAN18	SRR10875850	109.01961574267277
ZSCAN18	SRR10875851	54.88842865961019
ZSCAN18	SRR10875852	104.88994013837235
ZSCAN18	SRR10875853	140.30692392309783
ZSCAN18	SRR10875854	202.0938909087754
ZSCAN18	SRR10875855	149.41804404078871
ZSCAN18	SRR10875856	386.5778871183729
ZSCAN18	SRR10875857	40.503203103421086
ZSCAN18	SRR10875858	182.4169931583711
ZSCAN18	SRR10875859	168
ZSCAN18	SRR10875860	207.52892104283632
ZSCAN18	SRR10875861	173.48517504082326
ZSCAN18	SRR10875862	31.882464795079557
ZSCAN18	SRR10875863	28.151595818189804
ZSCAN18	SRR10875864	69
ZSCAN18	SRR10875865	120.53124299599843
ZSCAN18	SRR10875866	168.85875163689138
ZSCAN18	SRR10875867	184.88246445183398
ZSCAN18	SRR10875868	404.0249488199311
ZSCAN18	SRR10875869	46
ZSCAN18	SRR10875870	119.9883639309555
ZSCAN18	SRR10875871	160.02879375071234
ZSCAN18	SRR10875872	57.723080807144406
ZSCAN18	SRR10875873	212.9045517916235
ZSCAN18	SRR10875874	114.45637280058338
ZSCAN18	SRR10875875	201.04923697161294
ZSCAN18	SRR10875876	172
ZSCAN18	SRR10875877	186.847610218198
ZSCAN18	SRR10875878	42.33257580160672
ZSCAN18	SRR10875879	109
ZSCAN18	SRR10875880	34.135909210747144
ZSCAN18	SRR10875881	212.1862991892258
ZSCAN18	SRR10875882	124
ZSCAN18	SRR10875883	136.87553859632854
ZSCAN18	SRR10875884	127.2652773350633
ZSCAN18	SRR10875885	75.1373775103712
ZSCAN18	SRR10875886	10.075249897799074
ZSCAN18	SRR10875887	166
ZSCAN18	SRR10875888	1.0282214633828897
ZSCAN18	SRR10875889	49.10938861040716
ZSCAN18	SRR10875890	6.013153882418479
ZSCAN18	SRR10875891	228
ZSCAN18	SRR10875892	239.35987471414296
ZSCAN18	SRR10875893	144
ZSCAN18	SRR10875894	88.66451416183435
ZSCAN18	SRR10875895	73
ZSCAN18	SRR10875896	9.090715166618772
ZSCAN18	SRR10875897	11.028083628528428
ZSCAN18	SRR10875898	190.10577177686102
ZSCAN18	SRR10875899	168.46226175435848
ZSCAN18	SRR10875900	103.38476019882897
ZSCAN18	SRR10875901	57.12496188297555
ZSCAN18	SRR10875902	27.12448043888669
ZSCAN18	SRR12430469	23
ZSCAN18	SRR12430470	150.1253505222298
ZSCAN18	SRR12430471	226.98114035070967
ZSCAN18	SRR12430472	289.0454919687443
ZSCAN18	SRR12430473	112
ZSCAN18	SRR12430474	74.56750742057709
ZSCAN18	SRR12430475	146.91360175062883
ZSCAN18	SRR12430476	31
ZSCAN18	SRR12765534	774
ZSCAN18	SRR12765535	311.81728760663043
ZSCAN18	SRR12765536	330.52692360403626
ZSCAN18	SRR12765537	283.17819882931514
ZSCAN18	SRR12765538	38.26566542178657
ZSCAN18	SRR12765539	31.96203524920986
ZSCAN18	SRR12765540	125.39063599093868
ZSCAN18	SRR12765541	55.52166347953435
ZSCAN18	SRR12765542	655
ZSCAN18	SRR12765543	205.28209557309006
ZSCAN18	SRR12765544	177.01682803168876
ZSCAN18	SRR12765545	140.2900786916663
ZSCAN18	SRR12765546	46.35780144217128
ZSCAN18	SRR12765547	115.92528275700063
ZSCAN18	SRR12765548	72.4513620282893
ZSCAN18	SRR12765549	140.05761441512843
ZSCAN18	SRR12765550	22.88138236746974
ZSCAN18	SRR12765551	116.56037640168113
ZSCAN18	SRR12765552	54.15421628037079
ZSCAN18	SRR12765553	1.0443243125938797
ZSCAN18	SRR12765554	67.06922649091379
ZSCAN18	SRR12765555	117.38210314208727
ZSCAN18	SRR12765556	31.476291328827646
ZSCAN18	SRR12765557	160.66753057381723
ZSCAN18	SRR12765558	1.0514952401037005
ZSCAN18	SRR12765559	295.5624244472769
ZSCAN18	SRR12765560	90.68697265956668
ZSCAN18	SRR12765561	322.914168222412
ZSCAN18	SRR12765562	112.71866231197887
ZSCAN18	SRR12765563	188.36416605714447
ZSCAN18	SRR12765564	265.55300931183154
ZSCAN18	SRR12765565	295.25038455273415
ZSCAN18	SRR12765566	102.72386846089394
ZSCAN18	SRR12765567	110.44084670192187
ZSCAN18	SRR12765568	159.62408779889435
ZSCAN18	SRR12765569	140.59573634198125
ZSCAN18	SRR12765570	226.6022080648999
ZSCAN18	SRR12765571	85.95000718397817
ZSCAN18	SRR12765572	195.2772977411451
ZSCAN18	SRR12765573	88.94223496562999
ZSCAN18	SRR12765574	396.7344125988143
ZSCAN18	SRR12765575	144.37547390677025
ZSCAN18	SRR12765576	150.6506953272018
ZSCAN18	SRR12765577	77.37725360054128
ZSCAN18	SRR12765578	128.91778286668293
ZSCAN18	SRR12765579	216.80240769309202
ZSCAN18	SRR12765580	126.41807271828505
ZSCAN18	SRR12765581	131.0510926147919
ZSCAN18	SRR12765582	194.19506503137274
ZSCAN18	SRR12765583	132.14548716042967
ZSCAN18	SRR12765584	58.72025973103479
ZSCAN18	SRR12765585	147.60542448268683
ZSCAN18	SRR12765586	352.852111274188
ZSCAN18	SRR12765587	79.92593933143407
ZSCAN18	SRR12765588	367.5371004077118
ZSCAN18	SRR12765589	87.55797022826081
ZSCAN18	SRR12765590	27.791227206135556
ZSCAN18	SRR12765591	63.71982871095266
ZSCAN18	SRR12765592	92.50452427681472
ZSCAN18	SRR12765593	246.03979926203846
ZSCAN18	SRR12765594	86.97470564329292
ZSCAN18	SRR12765595	93.0780089221213
ZSCAN18	SRR12765596	136.59980143357456
ZSCAN18	SRR12765597	222.78590491903952
ZSCAN18	SRR12765598	128.91842743614316
ZSCAN18	SRR12765599	241.73836241649548
ZSCAN18	SRR12765600	32.33275367526209
ZSCAN18	SRR12765601	41.89329217634405
ZSCAN18	SRR12765602	215.85354092689536
ZSCAN18	SRR12765603	82.80560470475535
ZSCAN18	SRR12765604	102.83003849653724
ZSCAN18	SRR12765605	247.88817119154976
ZSCAN18	SRR12765606	90.18113457557268
ZSCAN18	SRR12765607	163.39210145011123
ZSCAN18	SRR12765608	120.05393244714236
ZSCAN18	SRR12765609	242.15802094039665
ZSCAN18	SRR12765610	150.30478611971216
ZSCAN18	SRR12765611	165.90889826298186
ZSCAN18	SRR12765612	319.44355088614606
ZSCAN18	SRR12765613	197.1640417475425
ZSCAN18	SRR12765614	350.6319003167716
ZSCAN18	SRR12765615	208.89584730167329
ZSCAN18	SRR12765616	92.56334018965786
ZSCAN18	SRR12765617	183.54507817953984
ZSCAN18	SRR12765618	1.0231825824178566
ZSCAN18	SRR12765619	101.15453803376232
ZSCAN18	SRR12765620	162.28805003643726
ZSCAN18	SRR12765621	342.8836297724019
ZSCAN18	SRR12765622	70.50666841273825
ZSCAN18	SRR12765623	539
ZSCAN18	SRR12765624	171.677591995798
ZSCAN18	SRR12765625	115.94925352540633
ZSCAN18	SRR12765626	273.3472388166144
ZSCAN18	SRR12765627	321.1733335766315
ZSCAN18	SRR12765628	1.0416041512779368
ZSCAN18	SRR12765629	1.032192677516494
ZSCAN18	SRR12765630	294.5165234004229
ZSCAN18	SRR12765631	158.94588317880726
ZSCAN18	SRR12765632	242.58296228191713
ZSCAN18	SRR12765633	73.3906067488667
ZSCAN18	SRR12765634	310.6811871108528
ZSCAN18	SRR12765635	114.58884719911147
ZSCAN18	SRR12765636	160.9404810820082
ZSCAN18	SRR12765637	91.11549627095373
ZSCAN18	SRR12765638	624
ZSCAN18	SRR12765639	28.866389947272857
ZSCAN18	SRR12765640	343.7217402913771
ZSCAN18	SRR12765641	46.86471707325205
ZSCAN18	SRR12765642	287.70244197793505
ZSCAN18	SRR12765643	59.82472432435604
ZSCAN18	SRR12765644	197.70427223165882
ZSCAN18	SRR12765645	21.59923799070918
ZSCAN18	SRR12765646	276.87465409887164
ZSCAN18	SRR12765647	146.11962306645762
ZSCAN18	SRR12765648	112.31774775484287
ZSCAN18	SRR12765649	14.692505526486215
ZSCAN18	SRR12765650	86.53233234951796
ZSCAN18	SRR12765651	74.03181918627233
ZSCAN18	SRR12765652	133.39717495700495
ZSCAN18	SRR12774664	151.80092924115897
ZSCAN18	SRR12774665	147.95716796626712
ZSCAN18	SRR12774666	110.16144863109018
ZSCAN18	SRR12774667	129.91068562522406
ZSCAN18	SRR12774668	1.0531044481489285
ZSCAN18	SRR12774669	31.570784629369758
ZSCAN18	SRR12774670	10.489095745502544
ZSCAN18	SRR12774671	80.72236142972935
ZSCAN18	SRR12774672	282.73792697349603
ZSCAN18	SRR12774673	186.61542396280404
ZSCAN18	SRR12774674	182.31122556905743
ZSCAN18	SRR12774675	121.02296242146056
ZSCAN18	SRR12774676	425.76799692324647
ZSCAN18	SRR12774677	234.52488504448092
ZSCAN18	SRR12774678	48.01268598461586
ZSCAN18	SRR12774679	82.88432281572315
ZSCAN18	SRR12774680	233.23123528433956
ZSCAN18	SRR12774681	325.81200438056635
ZSCAN18	SRR12774682	103.080100598655
ZSCAN18	SRR12774683	352.49608159656026
ZSCAN18	SRR12774684	229.20524479845537
ZSCAN18	SRR12774685	354.5936440872803
ZSCAN18	SRR12774686	181.19968190597285
ZSCAN18	SRR12774687	73.08094884339819
ZSCAN18	SRR1609360	125.91641084496959
ZSCAN18	SRR1609361	198.00034130782348
ZSCAN18	SRR1609362	71.5626232328885
ZSCAN18	SRR1609363	123.90706465494758
ZSCAN18	SRR1609364	237.0136878775998
ZSCAN18	SRR1609365	167.36223559474297
ZSCAN18	SRR1609366	331.87642078618524
ZSCAN18	SRR1609367	393.04768504049395
ZSCAN18	SRR1609368	301.6668203499938
ZSCAN18	SRR1609369	374.33664810666767
ZSCAN18	SRR1609370	433.90359634725684
ZSCAN18	SRR1609371	28.84320201271395
ZSCAN18	SRR1609372	372.2678541757168
ZSCAN18	SRR1609373	130.9746661825269
ZSCAN18	SRR1609374	222.58340144267513
ZSCAN18	SRR1609375	200.29861429725392
ZSCAN18	SRR1609376	84.33533894782502
ZSCAN18	SRR1609377	229.20524479845537
ZSCAN18	SRR1609378	262.4909651745067
ZSCAN18	SRR1609379	272.4898903563153
ZSCAN18	SRR1609380	103.61826123221812
ZSCAN18	SRR1609381	390.2808148616386
ZSCAN18	SRR1609382	200.8245882840397
ZSCAN18	SRR1609383	71.74046457751918
ZSCAN18	SRR1609384	224.14042107687246
ZSCAN18	SRR1609385	171.24719089999118
ZSCAN18	SRR1609386	242.59180242867362
ZSCAN18	SRR1609387	277.0326316000014
ZSCAN18	SRR1609388	127.59718792778446
ZSCAN18	SRR1609389	453.14012589855986
ZSCAN18	SRR1609390	146.85949459915122
ZSCAN18	SRR1609391	92.535399509463
ZSCAN18	SRR1609392	147.23860506326045
ZSCAN18	SRR1609393	114.9259112847538
ZSCAN18	SRR1609394	116.12993101875729
ZSCAN18	SRR1609395	345.88571051100826
ZSCAN18	SRR1609396	551.5952186081281
ZSCAN18	SRR1609397	134.9326248098094
ZSCAN18	SRR1609398	259.1894797493617
ZSCAN18	SRR1609399	403.531354975354
ZSCAN18	SRR1609400	582.273734280856
ZSCAN18	SRR1609401	103.08728164379504
ZSCAN18	SRR1609402	232.03128752325048
ZSCAN18	SRR1609403	393.2423787116061
ZSCAN18	SRR1609404	246.91476703825043
ZSCAN18	SRR1609405	132.87131536495573
ZSCAN18	SRR1609406	117.46056365183108
ZSCAN18	SRR1609407	133.3056088610267
ZSCAN18	SRR1609408	74.57607646879848
ZSCAN18	SRR1609409	220.01501510353103
ZSCAN18	SRR1609410	262
ZSCAN18	SRR1609411	1.0525644977244093
ZSCAN18	SRR1609412	229
ZSCAN18	SRR1609413	689.590807917039
ZSCAN18	SRR1609414	234.37927067750493
ZSCAN18	SRR1609415	351.0631662906252
ZSCAN18	SRR1609416	377.9907312787771
ZSCAN18	SRR1609417	187.24823690202135
ZSCAN18	SRR1609418	277.3990447231486
ZSCAN18	SRR1609419	216.04796355576747
ZSCAN18	SRR1609420	242.12611879900112
ZSCAN18	SRR1609421	150.96615442748845
ZSCAN18	SRR1609422	145.35774289561
ZSCAN18	SRR1609423	157.02893120866113
ZSCAN18	SRR1609424	16.18118117184338
ZSCAN18	SRR1609425	224.3630625288936
ZSCAN18	SRR1609426	332.56240144730066
ZSCAN18	SRR1609427	360.8464684981528
ZSCAN18	SRR1609428	161.38084307560268
ZSCAN18	SRR1609429	155.1953630698784
ZSCAN18	SRR1609430	249.01653014116903
ZSCAN18	SRR1609431	127.93022946443479
ZSCAN18	SRR1609432	244.36644868272526
ZSCAN18	SRR1609433	277.2618400398673
ZSCAN18	SRR1609434	358.2961747039391
ZSCAN18	SRR1609435	283.26288977124756
ZSCAN18	SRR1609436	175.5670271511225
ZSCAN18	SRR1609437	96.01675350098526
ZSCAN18	SRR1609438	105.29290145975358
ZSCAN18	SRR1609439	88.279018135002
ZSCAN18	SRR1609440	367.9257216919723
ZSCAN18	SRR1609441	290.6574775835562
ZSCAN18	SRR1609442	259.8583128896086
ZSCAN18	SRR1609443	146.25144056358744
ZSCAN18	SRR1609444	327.1765734565685
ZSCAN18	SRR1609445	153.53668734397206
ZSCAN18	SRR1609446	105.14433442899053
ZSCAN18	SRR1609447	1.2338363336906928
ZSCAN18	SRR1609448	154.34988379155797
ZSCAN18	SRR1609449	260.64432821526964
ZSCAN18	SRR1609450	193.39422755450113
ZSCAN18	SRR1609451	165.09630857988765
ZSCAN18	SRR1609452	1.2632705659263332
ZSCAN18	SRR1609453	328.6007976453567
ZSCAN18	SRR1609454	151.3854694192601
ZSCAN18	SRR1609455	1.2516237980743048
ZSCAN18	SRR1609456	185.89402176966877
ZSCAN18	SRR1609457	148.97210961711093
ZSCAN18	SRR1609458	1.240500376538707
ZSCAN18	SRR1609459	127.4942400066407
ZSCAN18	SRR1609460	105.00271978376007
ZSCAN18	SRR1609461	183.30781882425876
ZSCAN18	SRR1609462	228.84227947641102
ZSCAN18	SRR1609463	159.01665701773723
ZSCAN18	SRR1609464	100.09976797336203
ZSCAN18	SRR1609465	107.26643011722422
ZSCAN18	SRR1609466	1.1215996409238542
ZSCAN18	SRR1609467	208.46082790934258
ZSCAN18	SRR1609468	262.43636137267174
ZSCAN18	SRR1609469	435.07828300974916
ZSCAN18	SRR1609470	112.54051305499736
ZSCAN18	SRR1609471	261.5497696017725
ZSCAN18	SRR1609472	60.87633251904373
ZSCAN18	SRR1609473	48.644383572337624
ZSCAN18	SRR1609474	245.62549899904226
ZSCAN18	SRR1609475	171.65715490146866
ZSCAN18	SRR1609476	507.16050108212687
ZSCAN18	SRR1609477	186.04408937842823
ZSCAN18	SRR1609478	106.39181102590118
ZSCAN18	SRR1609479	197.02578551415112
ZSCAN18	SRR1609480	225
ZSCAN18	SRR1609481	293.0234877928372
ZSCAN18	SRR1609482	218.7926625275854
ZSCAN18	SRR1609483	158.7145767615137
ZSCAN18	SRR1609484	134.0508236140216
ZSCAN18	SRR1609485	204.18362624000054
ZSCAN18	SRR1609486	158.5125925685664
ZSCAN18	SRR1609487	214.83281386945754
ZSCAN18	SRR1609488	148.21320801092418
ZSCAN18	SRR1609489	252.5524630615761
ZSCAN18	SRR1609490	105.7048312339642
ZSCAN18	SRR1609491	84.29621136292852
ZSCAN18	SRR1609492	346
ZSCAN18	SRR1609493	189.8447969142148
ZSCAN18	SRR1609494	193.13949616839477
ZSCAN18	SRR1609495	484.0782591597277
ZSCAN18	SRR1609496	206.17002835709656
ZSCAN18	SRR1609497	244.2196313850987
ZSCAN18	SRR1609498	290.10438673825496
ZSCAN18	SRR1609499	182.3817354220102
ZSCAN18	SRR1609500	261.4505517590054
ZSCAN18	SRR1609501	231.296534768266
ZSCAN18	SRR1609502	110.40899677177042
ZSCAN18	SRR1609503	1.2571824597395216
ZSCAN18	SRR1609504	449
ZSCAN18	SRR1609505	483
ZSCAN18	SRR1609506	111.14658011858118
ZSCAN18	SRR1609507	180.08203354789782
ZSCAN18	SRR1609508	346.1868330763691
ZSCAN18	SRR1609509	96.60746270940966
ZSCAN18	SRR1609510	176.98624479329317
ZSCAN18	SRR1609511	17.628582579369027
ZSCAN18	SRR1609512	249.8230972045439
ZSCAN18	SRR1609513	300.9602055827516
ZSCAN18	SRR1609514	24.140312506463307
ZSCAN18	SRR1609515	258.5111889579533
ZSCAN18	SRR1609516	107.44704707353446
ZSCAN18	SRR1609517	68.50729557977871
ZSCAN18	SRR1609518	291.47165712458946
ZSCAN18	SRR1609519	316.53051334686137
ZSCAN18	SRR1609520	97.105521999539
ZSCAN18	SRR1609521	310.5011831642025
ZSCAN18	SRR1609522	20.481090138891492
ZSCAN18	SRR1609523	185.87581478439722
ZSCAN18	SRR1609524	64.05311871563427
ZSCAN18	SRR1609525	192.05408623638166
ZSCAN18	SRR1609526	54.07976758741271
ZSCAN18	SRR1609527	343
ZSCAN18	SRR1609528	180.54922718048277
ZSCAN18	SRR1609529	61.519808355856895
ZSCAN18	SRR1609530	158.75765506347378
ZSCAN18	SRR1609531	136.51598499979366
ZSCAN18	SRR1609532	125.90075141563759
ZSCAN18	SRR1609533	58.1406915034652
ZSCAN18	SRR1609534	181.23367516701433
ZSCAN18	SRR1609535	25.061589632011195
ZSCAN18	SRR1609536	57.61342716946302
ZSCAN18	SRR1609537	192.73790825032307
ZSCAN18	SRR1609538	244
ZSCAN18	SRR1609539	94.58226355833105
ZSCAN18	SRR1609540	326
ZSCAN18	SRR1609541	61.613977945927395
ZSCAN18	SRR1609542	182.42624764297787
ZSCAN18	SRR1609543	354.7122447130098
ZSCAN18	SRR1609544	229.3328533803814
ZSCAN18	SRR1609545	135.54371662370647
ZSCAN18	SRR1609546	185
ZSCAN18	SRR1609547	153.79114150458292
ZSCAN18	SRR1609548	48.863868339861455
ZSCAN18	SRR1609549	115.2193368865926
ZSCAN18	SRR1609550	392
ZSCAN18	SRR1609551	177.9907539813483
ZSCAN18	SRR1609552	94.41965812634436
ZSCAN18	SRR1609553	204.53267174170563
ZSCAN18	SRR1609554	47.42489302489426
ZSCAN18	SRR1609555	145.49860737379416
ZSCAN18	SRR1609556	91.9951781001468
ZSCAN18	SRR1609557	97.61151960465452
ZSCAN18	SRR1609558	90.38649234355059
ZSCAN18	SRR1609559	15.63745244768248
ZSCAN18	SRR1609560	153.08249362071936
ZSCAN18	SRR1609561	122.30981815741495
ZSCAN18	SRR1609562	234.23136015189084
ZSCAN18	SRR1609563	127.56698491538013
ZSCAN18	SRR1609564	382.3438491356873
ZSCAN18	SRR1609565	68.66065234406942
ZSCAN18	SRR1609566	221.74032010890124
ZSCAN18	SRR1609567	1.2581113184722956
ZSCAN18	SRR1609568	366
ZSCAN18	SRR1609569	416
ZSCAN18	SRR1609570	41.72842835821717
ZSCAN18	SRR1609571	161.81980803069766
ZSCAN18	SRR1609572	124.62810525392891
ZSCAN18	SRR1609573	104.0227499566377
ZSCAN18	SRR1609574	185.94523732438222
ZSCAN18	SRR1609575	1.0732532216417159
ZSCAN18	SRR1609576	170.6772368441711
ZSCAN18	SRR1609577	460.9284294273615
ZSCAN18	SRR1609578	239.4221553037267
ZSCAN18	SRR1609579	233.55472079145045
ZSCAN18	SRR1609580	80.61429938881537
ZSCAN18	SRR1609581	77.09351369441546
ZSCAN18	SRR1609582	119.98508489997418
ZSCAN18	SRR1609583	47.64495277031973
ZSCAN18	SRR1609584	334.67200489871544
ZSCAN18	SRR1609585	201.1775551867593
ZSCAN18	SRR1609586	1.077969249642432
ZSCAN18	SRR1609587	91.08044160803706
ZSCAN18	SRR1609588	104.38074178442132
ZSCAN18	SRR1609589	173.45463265577834
ZSCAN18	SRR1609590	380.1083936158211
ZSCAN18	SRR1609591	193.63127053834918
ZSCAN18	SRR1609592	79.54075286726491
ZSCAN18	SRR1609593	127.70306156707689
ZSCAN18	SRR1609594	362.9679176485861
ZSCAN18	SRR1609595	65.55559741615308
ZSCAN18	SRR1609596	221.58077350824865
ZSCAN18	SRR1609597	202.85016050393432
ZSCAN18	SRR1609598	132.55228210899926
ZSCAN18	SRR1609599	249.1771468975946
ZSCAN18	SRR1609600	57.72898330823438
ZSCAN18	SRR1609601	186.09763664777623
ZSCAN18	SRR1609602	1.1632163838991925
ZSCAN18	SRR1609603	463
ZSCAN18	SRR1609604	183.27365633266004
ZSCAN18	SRR1609605	149.11983832895012
ZSCAN18	SRR1609606	50.80414910375162
ZSCAN18	SRR1609607	64.31820802711225
ZSCAN18	SRR1609608	27.5393957426305
ZSCAN18	SRR1609609	42.3291323946002
ZSCAN18	SRR1609610	260
ZSCAN18	SRR1609611	127.14186632318243
ZSCAN18	SRR1609612	239.5597427839105
ZSCAN18	SRR1609613	390.3218983459595
ZSCAN18	SRR1609614	185.08055381913502
ZSCAN18	SRR1609615	255.80818002923354
ZSCAN18	SRR1609616	621
ZSCAN18	SRR1609617	416
ZSCAN18	SRR1609618	165.52800130978076
ZSCAN18	SRR1609619	237.8617477937511
ZSCAN18	SRR1609620	85.05364804085733
ZSCAN18	SRR1609621	136.15090304640663
ZSCAN18	SRR1609622	39.50490402149907
ZSCAN18	SRR1609623	169.15421629878864
ZSCAN18	SRR1609624	1.233166099790781
ZSCAN18	SRR1609625	344.53182839850194
ZSCAN18	SRR1609626	252.92736433240822
ZSCAN18	SRR1609627	172.9286859804841
ZSCAN18	SRR1609628	308.5872092534281
ZSCAN18	SRR1609629	145.29586119389782
ZSCAN18	SRR1609630	244.68114230730012
ZSCAN18	SRR1609631	374
ZSCAN18	SRR1609632	552
ZSCAN18	SRR1609633	451.61300744159763
ZSCAN18	SRR1609634	154.27125482586675
ZSCAN18	SRR1609635	78.91964904347434
ZSCAN18	SRR1609636	146.7606963707286
ZSCAN18	SRR1609637	357.44375523948474
ZSCAN18	SRR1609638	88.09165340800007
ZSCAN18	SRR1609639	142.7856398570831
ZSCAN18	SRR1609640	344.0619065640315
ZSCAN18	SRR1609641	274.04930929809484
ZSCAN18	SRR1609642	525
ZSCAN18	SRR1609643	133.55406780532607
ZSCAN18	SRR1609644	425.4443584273805
ZSCAN18	SRR1609645	97.30742534445355
ZSCAN18	SRR1609646	224.52461248366507
ZSCAN18	SRR1609647	115.33537366650535
ZSCAN18	SRR1609648	261.94794245383025
ZSCAN18	SRR1609649	161.3003890414148
ZSCAN18	SRR1609650	97.72094112946047
ZSCAN18	SRR1609651	201.6823203179881
ZSCAN18	SRR1609652	130.45895570928045
ZSCAN18	SRR1609653	58.84515467531085
ZSCAN18	SRR1609654	23.79023332353483
ZSCAN18	SRR1609655	69.4713280209217
ZSCAN18	SRR1609656	201.8483483405128
ZSCAN18	SRR1609657	195.48022939101546
ZSCAN18	SRR1609658	85.68416878806548
ZSCAN18	SRR1609659	270.13493598564224
ZSCAN18	SRR1609660	176.69033363035797
ZSCAN18	SRR1609661	127.18684446982691
ZSCAN18	SRR1609662	256.1923626956354
ZSCAN18	SRR1609663	225.5981832814238
ZSCAN18	SRR1609664	225.61687126086235
ZSCAN18	SRR1609665	426
ZSCAN18	SRR1609666	177.91102178051
ZSCAN18	SRR1609667	326.9399442758387
ZSCAN18	SRR1609668	1.1259515593418852
ZSCAN18	SRR1609669	191.61727934860377
ZSCAN18	SRR1746771	145.82167106887474
ZSCAN18	SRR1746772	86.65602176305728
ZSCAN18	SRR1746773	37.879016383822716
ZSCAN18	SRR1746774	189.52183751529202
ZSCAN18	SRR1746775	211.8884821404037
ZSCAN18	SRR1746776	77.94207123647105
ZSCAN18	SRR1746777	101.95626106529232
ZSCAN18	SRR1746778	169.09363220265067
ZSCAN18	SRR1746779	118.0977790822775
ZSCAN18	SRR1746780	189.68780024085763
ZSCAN18	SRR1746781	89.52054993912998
ZSCAN18	SRR1746782	142.63395163766913
ZSCAN18	SRR1746783	112
ZSCAN18	SRR1746784	14.95239343204894
ZSCAN18	SRR1782685	59.95229026488304
ZSCAN18	SRR1782686	34.819605746990895
ZSCAN18	SRR1782687	94.13610168360063
ZSCAN18	SRR1782688	71.1728628719317
ZSCAN18	SRR1782689	52.92956452394446
ZSCAN18	SRR1782690	40.810444139335374
ZSCAN18	SRR1782691	277.4781717902088
ZSCAN18	SRR1782692	147.20703150694536
ZSCAN18	SRR1782693	139.22082595947373
ZSCAN18	SRR1782694	88.39921944052782
ZSCAN18	SRR1782695	345.24841314683414
ZSCAN18	SRR1782696	185.62358210673935
ZSCAN18	SRR1782697	147.28860814135186
ZSCAN18	SRR1782698	381.79508131248235
ZSCAN18	SRR1782699	72.71875231133076
ZSCAN18	SRR1782700	142.0674231659077
ZSCAN18	SRR1782701	168.04107252185776
ZSCAN18	SRR1782702	114.20530528770648
ZSCAN18	SRR1782703	355.37764537284096
ZSCAN18	SRR1782704	103.61609539981976
ZSCAN18	SRR1782705	152.60666819281664
ZSCAN18	SRR1782706	223.56933174198542
ZSCAN18	SRR1782707	208.79386984190373
ZSCAN18	SRR1782708	1.0527335559349638
ZSCAN18	SRR1782709	31.481668040808337
ZSCAN18	SRR1782710	210
ZSCAN18	SRR1782711	101.12110690582375
ZSCAN18	SRR1782712	224.6249911915133
ZSCAN18	SRR1782713	161.4385556498429
ZSCAN18	SRR1782714	69.57154616818556
ZSCAN18	SRR1782715	396.9813614355645
ZSCAN18	SRR1782716	317.6703701248464
ZSCAN18	SRR1782717	329.27155014312996
ZSCAN18	SRR1782718	157.22183970383318
ZSCAN18	SRR1782719	161.16295644659007
ZSCAN18	SRR1782720	238.06902077475843
ZSCAN18	SRR1782721	2.2430575728793647
ZSCAN18	SRR1782722	331.2923918747131
ZSCAN18	SRR1782723	506.10711843688864
ZSCAN18	SRR1782724	106.16863341770919
ZSCAN18	SRR1782725	78.0059624023388
ZSCAN18	SRR1782726	249.84408369068734
ZSCAN18	SRR1782727	307
ZSCAN18	SRR1782728	42.24250829900349
ZSCAN18	SRR1782729	590.8504481299393
ZSCAN18	SRR1782730	169.23082122289736
ZSCAN18	SRR1782731	53.669285005338125
ZSCAN18	SRR1782732	32.37700322103945
ZSCAN18	SRR1782733	106.01404599115818
ZSCAN18	SRR1782734	97.60515138476313
ZSCAN18	SRR1782735	255.16286524109117
ZSCAN18	SRR1782736	59.05939376635803
ZSCAN18	SRR1782737	306.49596934750645
ZSCAN18	SRR1782738	123.86133653852605
ZSCAN18	SRR1782739	77.80491624141757
ZSCAN18	SRR1782740	172.98004225782594
ZSCAN18	SRR1782741	149.7118291791104
ZSCAN18	SRR1782742	346
ZSCAN18	SRR1782743	179.36014633793434
ZSCAN18	SRR1782744	120.60209874983312
ZSCAN18	SRR1782745	107.27492308987449
ZSCAN18	SRR1782746	104.02945075438572
ZSCAN18	SRR1782747	124.90511042527567
ZSCAN18	SRR1782748	130.8888042748199
ZSCAN18	SRR1782749	124.55971277136956
ZSCAN18	SRR1782750	147.20077348973913
ZSCAN18	SRR1782751	140.13671530678457
ZSCAN18	SRR1782752	149.99080280539857
ZSCAN18	SRR1782753	185.17725066848521
ZSCAN18	SRR1782754	250.06095010593128
ZSCAN18	SRR1782755	222.59629591030395
ZSCAN18	SRR1782756	114.97885470894812
ZSCAN18	SRR1782757	222.31981201638627
ZSCAN18	SRR1782758	213.3676916653952
ZSCAN18	SRR1782759	93.41195545267242
ZSCAN18	SRR1782760	185.59974359792193
ZSCAN18	SRR1782761	49.42744066460953
ZSCAN18	SRR1782762	95.78486285185271
ZSCAN18	SRR1782763	270.4706428095017
ZSCAN18	SRR1782764	480.55244437142073
ZSCAN18	SRR1782765	347.1072027465706
ZSCAN18	SRR1782766	103.08903904093506
ZSCAN18	SRR1782767	205.97031210954566
ZSCAN18	SRR1782768	185.18816861305766
ZSCAN18	SRR1782769	215.8265090286693
ZSCAN18	SRR1782770	235.08697972987804
ZSCAN18	SRR1782771	220.45273586347724
ZSCAN18	SRR1782772	209.11666783438935
ZSCAN18	SRR1782773	211.91969052211076
ZSCAN18	SRR1782774	204.5208236563454
ZSCAN18	SRR1782775	89.76269434162708
ZSCAN18	SRR1782776	104.50449890526907
ZSCAN18	SRR1782777	312.056147813889
ZSCAN18	SRR1782778	276.505549238166
ZSCAN18	SRR1782779	173.7671272058128
ZSCAN18	SRR1782780	109.3930780181211
ZSCAN18	SRR1782781	37.241994542725244
ZSCAN18	SRR1782782	62.25223164372339
ZSCAN18	SRR1782783	96.60785767615903
ZSCAN18	SRR1782784	99.3312305073584
ZSCAN18	SRR1782785	171.18472301631564
ZSCAN18	SRR1782786	84.05705857924626
ZSCAN18	SRR1782787	305
ZSCAN18	SRR1782788	126.46758912657947
ZSCAN18	SRR1782789	124.07638579964197
ZSCAN18	SRR1782790	124.693640486821
ZSCAN18	SRR1782791	209.23242568900642
ZSCAN18	SRR1782792	171.16411070348119
ZSCAN18	SRR1782793	32.14610823330947
ZSCAN18	SRR1782794	213.45102615364632
ZSCAN18	SRR1782795	226.71035496420492
ZSCAN18	SRR1782796	100.4030503200278
ZSCAN18	SRR1782797	321.9639199841575
ZSCAN18	SRR1782798	136.58620473397625
ZSCAN18	SRR1782799	261.4230326787555
ZSCAN18	SRR1782800	218.3850621598846
ZSCAN18	SRR1782801	295.63564601073983
ZSCAN18	SRR1782802	126.92959752447764
ZSCAN18	SRR1782803	283.03402502335325
ZSCAN18	SRR1782804	346.9351747879838
ZSCAN18	SRR1782805	246.44306260166752
ZSCAN18	SRR1782806	327.8693597023359
ZSCAN18	SRR1782807	41.40728368950738
ZSCAN18	SRR1782808	67.73571598231335
ZSCAN18	SRR1782809	299.97171065299455
ZSCAN18	SRR1782810	231.79499044192391
ZSCAN18	SRR1782811	222.68696029166514
ZSCAN18	SRR1782812	268.32753213818205
ZSCAN18	SRR1782813	273.7018215550361
ZSCAN18	SRR1782814	206.64316152420818
ZSCAN18	SRR1782815	67.97576543325383
ZSCAN18	SRR1782816	292.1576741569358
ZSCAN18	SRR1782817	226.78334269797836
ZSCAN18	SRR1782818	104.37822959353551
ZSCAN18	SRR1782819	128.459399503593
ZSCAN18	SRR1782820	56.9573263884799
ZSCAN18	SRR1782821	206.55678036510017
ZSCAN18	SRR1782822	130.0138692235558
ZSCAN18	SRR1782823	200.75719771726347
ZSCAN18	SRR1782824	172.977455413144
ZSCAN18	SRR1782825	179.03411681373143
ZSCAN18	SRR1782826	174.17932785129014
ZSCAN18	SRR1782827	121.59368899016462
ZSCAN18	SRR1782828	304
ZSCAN18	SRR1782829	206
ZSCAN18	SRR1782830	50.92698441874384
ZSCAN18	SRR1782831	9.660602762622347
ZSCAN18	SRR1782832	105.32287742652136
ZSCAN18	SRR1782833	107.4210003797151
ZSCAN18	SRR1782834	382.0687450798257
ZSCAN18	SRR1782835	114.8429130340972
ZSCAN18	SRR1782836	631.9232771397203
ZSCAN18	SRR1782837	131.5354023388346
ZSCAN18	SRR1782838	181.32376524534934
ZSCAN18	SRR1782839	177.40193214116852
ZSCAN18	SRR1782840	131.0823473663921
ZSCAN18	SRR1782841	91.3366292071832
ZSCAN18	SRR1782842	396
ZSCAN18	SRR1782843	91.14923867741271
ZSCAN18	SRR1782844	247.04445035266215
ZSCAN18	SRR1782845	159.95101423597353
ZSCAN18	SRR1782846	161.8728615647599
ZSCAN18	SRR1782847	1.2337368978097534
ZSCAN18	SRR1782848	1.2335837199439401
ZSCAN18	SRR1782849	1.2403822504664612
ZSCAN18	SRR1782850	1.2517458229536382
ZSCAN18	SRR1782851	1.2634697131512598
ZSCAN18	SRR1782852	1.2639231424855961
ZSCAN18	SRR1782853	1.2584335321033158
ZSCAN18	SRR1782854	202.6615365759168
ZSCAN18	SRR1782855	218.5239236159536
ZSCAN18	SRR1782856	146.7728529556323
ZSCAN18	SRR1782857	235.63487149556312
ZSCAN18	SRR1782858	337.3388500802712
ZSCAN18	SRR1782859	205.33226704653208
ZSCAN18	SRR1782860	260.5894626611194
ZSCAN18	SRR1782861	293.5447171124258
ZSCAN18	SRR1782862	220.00864553383013
ZSCAN18	SRR1782863	325.84861919634477
ZSCAN18	SRR1782864	139.78083373790244
ZSCAN18	SRR1782865	225.95314117902757
ZSCAN18	SRR1782866	146.51298778627122
ZSCAN18	SRR1782867	139.2659305230997
ZSCAN18	SRR1782868	216.7853903943048
ZSCAN18	SRR1782869	164.56166745330347
ZSCAN18	SRR1782870	235.582373579186
ZSCAN18	SRR1782871	319.6692373910714
ZSCAN18	SRR1782872	334.90274098030807
ZSCAN18	SRR1782873	296.3612756831684
ZSCAN18	SRR1782874	143.92115075479268
ZSCAN18	SRR1782875	232.1903097663674
ZSCAN18	SRR1782876	165.64947746305327
ZSCAN18	SRR1782877	155.52472528303366
ZSCAN18	SRR1782878	229.78483967127954
ZSCAN18	SRR1782879	186.64269843496885
ZSCAN18	SRR1782880	107.45327158291533
ZSCAN18	SRR1782881	404.67695780676274
ZSCAN18	SRR1782882	236.83294049494512
ZSCAN18	SRR1782883	282.50790103117987
ZSCAN18	SRR1782884	712.5126671320172
ZSCAN18	SRR1782885	406
ZSCAN18	SRR1782886	177.9822654713615
ZSCAN18	SRR1782887	213.19172739764764
ZSCAN18	SRR1782888	155.50285979827714
ZSCAN18	SRR1782889	202.87151382459783
ZSCAN18	SRR1782890	124.19170558550653
ZSCAN18	SRR1782891	345.24841314683414
ZSCAN18	SRR1782892	236.43228123263472
ZSCAN18	SRR1782893	160.61997343760282
ZSCAN18	SRR1782894	65.72745912363592
ZSCAN18	SRR1782895	131.48034495765702
ZSCAN18	SRR1782896	229.491177390043
ZSCAN18	SRR1782897	188.51757518778103
ZSCAN18	SRR1782898	170.38541789380884
ZSCAN18	SRR1782899	178.66973805713843
ZSCAN18	SRR1782900	190.19104307196298
ZSCAN18	SRR1782901	188.18478120911212
ZSCAN18	SRR1782902	235
ZSCAN18	SRR1782903	202.5157175420675
ZSCAN18	SRR1782904	458
ZSCAN18	SRR1782905	236.49249131166886
ZSCAN18	SRR1782906	99.62852244547493
ZSCAN18	SRR1782907	111.54214841375139
ZSCAN18	SRR1782908	213.64968695806817
ZSCAN18	SRR1782909	187.64043788882773
ZSCAN18	SRR1782910	324
ZSCAN18	SRR1782911	83.57320112607869
ZSCAN18	SRR1782912	442.56687619717974
ZSCAN18	SRR1782913	290
ZSCAN18	SRR1782914	119.32163525945107
ZSCAN18	SRR1782915	366
ZSCAN18	SRR1782916	136.42696539424517
ZSCAN18	SRR1782917	260.839977675188
ZSCAN18	SRR1782918	553.597379111243
ZSCAN18	SRR1782919	348
ZSCAN18	SRR1782920	222.22321874724096
ZSCAN18	SRR1782921	170.3547606906089
ZSCAN18	SRR1782922	1.1863691226303883
ZSCAN18	SRR1782923	148.82527146441336
ZSCAN18	SRR1782924	229.1688478613865
ZSCAN18	SRR1782925	214.74534721159824
ZSCAN18	SRR1782926	189.38010215170272
ZSCAN18	SRR1782927	233.66149439696275
ZSCAN18	SRR1782928	143.01757206781753
ZSCAN18	SRR1782929	149.2763607567492
ZSCAN18	SRR1782930	242.68704568268234
ZSCAN18	SRR1782931	242.64595080515525
ZSCAN18	SRR1782932	265.98894864076306
ZSCAN18	SRR1782933	161.8701472505046
ZSCAN18	SRR1782934	253.4745724408891
ZSCAN18	SRR1782935	226.01141150493666
ZSCAN18	SRR1782936	68.690607241102
ZSCAN18	SRR1782937	243.90135404081852
ZSCAN18	SRR1782938	1.2574474178148516
ZSCAN18	SRR1782939	172.81547330819188
ZSCAN18	SRR1782940	163.43335055498702
ZSCAN18	SRR1782941	84.65624013951347
ZSCAN18	SRR1782942	196.77063838323113
ZSCAN18	SRR1782943	96.4429914087599
ZSCAN18	SRR1782944	211.27240585767967
ZSCAN18	SRR1782945	172.90285795995058
ZSCAN18	SRR1782946	314.6552638638306
ZSCAN18	SRR1782947	298.62187462236153
ZSCAN18	SRR1782948	222
ZSCAN18	SRR1782949	205.5017442699536
ZSCAN18	SRR1782950	375
ZSCAN18	SRR1782951	269.887235653092
ZSCAN18	SRR1782952	121.6839254361905
ZSCAN18	SRR1782953	234.44612651072134
ZSCAN18	SRR1782954	14.639407344563
ZSCAN18	SRR1782955	140.60251665765904
ZSCAN18	SRR1782956	104.56217233593004
ZSCAN18	SRR1782957	178.37959402367335
ZSCAN18	SRR1782958	136.74452206687968
ZSCAN18	SRR1782959	58.18541123074863
ZSCAN18	SRR1782960	423
ZSCAN18	SRR1782961	279.0108265260034
ZSCAN18	SRR1782962	206.4954761589017
ZSCAN18	SRR1782963	75.51690898028754
ZSCAN18	SRR1782964	362.1303034456838
ZSCAN18	SRR1782965	290.8872966413832
ZSCAN18	SRR1782966	536
ZSCAN18	SRR1782967	299.19816466428614
ZSCAN18	SRR1782968	310.32412026467756
ZSCAN18	SRR1782969	129.53323479550025
ZSCAN18	SRR1782970	89.10066739524078
ZSCAN18	SRR1782971	166.7546672410503
ZSCAN18	SRR1782972	307.714274029429
ZSCAN18	SRR1782973	67.28071779625067
ZSCAN18	SRR1782974	424
ZSCAN18	SRR1782975	36.381497160681036
ZSCAN18	SRR1782976	121.17543074306155
ZSCAN18	SRR1782977	306.1101460065725
ZSCAN18	SRR1782978	127.08760006610844
ZSCAN18	SRR1782979	108.90536358653446
ZSCAN18	SRR1782980	237.40912171220032
ZSCAN18	SRR1782981	150.83327465018607
ZSCAN18	SRR1782982	207.1959529150327
ZSCAN18	SRR1782983	374.3583337838566
ZSCAN18	SRR1782984	336.1209446346678
ZSCAN18	SRR1782985	148.0041336097897
ZSCAN18	SRR1782986	377.1238018218301
ZSCAN18	SRR1782987	205.25838341500045
ZSCAN18	SRR1782988	481
ZSCAN18	SRR1782989	20.861958981316455
ZSCAN18	SRR1782990	138.83742435068012
ZSCAN18	SRR1782991	317.3062555276299
ZSCAN18	SRR1782992	112.27412369870636
ZSCAN18	SRR1782993	114.32748433268017
ZSCAN18	SRR1782994	394
ZSCAN18	SRR1782995	153.2618251151865
ZSCAN18	SRR1782996	331
ZSCAN18	SRR1782997	124.5574001182762
ZSCAN18	SRR1782998	396.4362463229185
ZSCAN18	SRR1782999	51.065606205514825
ZSCAN18	SRR1783000	166.64734575199842
ZSCAN18	SRR1783001	139.2404705236129
ZSCAN18	SRR1783002	85.58883890461931
ZSCAN18	SRR1783003	671
ZSCAN18	SRR1783004	232.06053469441207
ZSCAN18	SRR1783005	144.25533265438486
ZSCAN18	SRR1783006	150.4956504718164
ZSCAN18	SRR1813867	120.54873840168423
ZSCAN18	SRR1813868	126.33947548722378
ZSCAN18	SRR1813869	142.42267188411805
ZSCAN18	SRR1813870	134.41666551692904
ZSCAN18	SRR1813871	145.04577342834807
ZSCAN18	SRR1813872	148.73302086664756
ZSCAN18	SRR1813873	192.08379895498268
ZSCAN18	SRR1813874	213.14764296593088
ZSCAN18	SRR1813875	151
ZSCAN18	SRR1813876	164.87473407934596
ZSCAN18	SRR1813877	173.12617000738624
ZSCAN18	SRR1813878	146.1051255635878
ZSCAN18	SRR1813879	145
ZSCAN18	SRR1813880	182
ZSCAN18	SRR1813881	118.2918297557103
ZSCAN18	SRR1813882	241.61502217841863
ZSCAN18	SRR1813883	180.14856846736592
ZSCAN18	SRR1813884	144.82586198942832
ZSCAN18	SRR1813885	137
ZSCAN18	SRR1813886	136.171415338732
ZSCAN18	SRR1813887	163.70688308872465
ZSCAN18	SRR1928188	260.11002727909414
ZSCAN18	SRR1928189	181.3163230920542
ZSCAN18	SRR1928190	183.60072217327541
ZSCAN18	SRR1928191	68.76993159781941
ZSCAN18	SRR1928192	1.0128988705381583
ZSCAN18	SRR1928193	124.88980107889678
ZSCAN18	SRR2046996	128.09070451465976
ZSCAN18	SRR2046997	104.14488370472327
ZSCAN18	SRR2046998	90.80164384549401
ZSCAN18	SRR2046999	133.01359399154535
ZSCAN18	SRR2047000	123.30518956075974
ZSCAN18	SRR2047001	155.4537554931633
ZSCAN18	SRR2047002	90.67700661887855
ZSCAN18	SRR2047003	68.59325565722243
ZSCAN18	SRR2047004	186.47061886720164
ZSCAN18	SRR2047005	125.00989597392582
ZSCAN18	SRR2047006	101.52138321654876
ZSCAN18	SRR2047007	69.78731520818225
ZSCAN18	SRR2047008	113.4019532846094
ZSCAN18	SRR2047009	89.62891163633509
ZSCAN18	SRR2313973	593.4329685548732
ZSCAN18	SRR2313974	244.7999599443931
ZSCAN18	SRR2313975	116.17853676226497
ZSCAN18	SRR2313976	83.20257613498545
ZSCAN18	SRR2313977	112.97349874833698
ZSCAN18	SRR2313978	95.44779928803591
ZSCAN18	SRR2313979	300.0744040169546
ZSCAN18	SRR2313980	635.6885743221509
ZSCAN18	SRR2313981	199.71330773528427
ZSCAN18	SRR2313982	240.11668709108477
ZSCAN18	SRR2313983	152.51794106958772
ZSCAN18	SRR2313984	158.86260213873078
ZSCAN18	SRR2313985	155.900076594536
ZSCAN18	SRR2313986	260.6028340850778
ZSCAN18	SRR2313987	451.4998743958197
ZSCAN18	SRR2313988	222.99742672240538
ZSCAN18	SRR2313989	132.38723188903302
ZSCAN18	SRR2313990	121.85539118748507
ZSCAN18	SRR2313991	67.08966493686562
ZSCAN18	SRR2313992	208.01066952895812
ZSCAN18	SRR2313993	124.27517647807849
ZSCAN18	SRR2313994	122.5552738693664
ZSCAN18	SRR2313995	279.1491741667124
ZSCAN18	SRR2313996	255.15198176673113
ZSCAN18	SRR2313997	50.609558315207664
ZSCAN18	SRR2313998	132.1081211959785
ZSCAN18	SRR2313999	297.74205232164064
ZSCAN18	SRR2314000	138.16971229284943
ZSCAN18	SRR2314001	146.99012928210456
ZSCAN18	SRR2314002	61.65612267986398
ZSCAN18	SRR2314003	209.44777080675
ZSCAN18	SRR2314004	44.3491557884009
ZSCAN18	SRR2314005	85.80779464788294
ZSCAN18	SRR2314006	336.1997436611258
ZSCAN18	SRR2314007	156.93881459456577
ZSCAN18	SRR2314008	322.42452829942886
ZSCAN18	SRR2314009	326.6642094642812
ZSCAN18	SRR2314010	198.29517760750332
ZSCAN18	SRR2314011	321.252042956745
ZSCAN18	SRR2314012	326.35047577300037
ZSCAN18	SRR2314013	314.5938107537413
ZSCAN18	SRR2314014	121.37301514607113
ZSCAN18	SRR2314015	162.25056391102189
ZSCAN18	SRR2314016	297.95951295973396
ZSCAN18	SRR2314017	102.950712244938
ZSCAN18	SRR2314018	79.86315635816787
ZSCAN18	SRR2314019	295.99726070315575
ZSCAN18	SRR2314020	78.27539955438134
ZSCAN18	SRR2314021	230.15286118925542
ZSCAN18	SRR2314022	149.8079897760526
ZSCAN18	SRR2314023	437.2086922968503
ZSCAN18	SRR2314024	135.73487305702199
ZSCAN18	SRR2314025	433.0932525983128
ZSCAN18	SRR2314026	153.2899592162348
ZSCAN18	SRR2314027	140.02637882114522
ZSCAN18	SRR2314028	432.2354450936375
ZSCAN18	SRR2314029	251.58784702410685
ZSCAN18	SRR2314030	331.55945599390253
ZSCAN18	SRR2314031	239.0600732636427
ZSCAN18	SRR2314032	144.45480856769368
ZSCAN18	SRR2314033	70.66055121032
ZSCAN18	SRR2314034	154.3994679539027
ZSCAN18	SRR2314035	69.09250774703467
ZSCAN18	SRR2314036	94.60707279299068
ZSCAN18	SRR2314037	180.37097263620583
ZSCAN18	SRR2314038	249.42115955492434
ZSCAN18	SRR2314039	179.91811225901222
ZSCAN18	SRR2314040	48.840568766033535
ZSCAN18	SRR2314041	181.35199139364542
ZSCAN18	SRR2314042	325.31943002215513
ZSCAN18	SRR2314043	143.2633667250968
ZSCAN18	SRR2314044	268.13192557731537
ZSCAN18	SRR2314045	203.51322827674116
ZSCAN18	SRR3493774	303
ZSCAN18	SRR3493775	205
ZSCAN18	SRR3493776	223.32868660155637
ZSCAN18	SRR3493777	235.15164627618452
ZSCAN18	SRR3493778	233
ZSCAN18	SRR3493779	185.6197249780395
ZSCAN18	SRR3493780	71.38736895722683
ZSCAN18	SRR3493781	405
ZSCAN18	SRR3493782	234.92593382771986
ZSCAN18	SRR3493783	273.70535359025064
ZSCAN18	SRR3493784	94.92237275658357
ZSCAN18	SRR3493785	260.21459889730636
ZSCAN18	SRR3493786	31.21995901312285
ZSCAN18	SRR3493787	395
ZSCAN18	SRR3493788	153
ZSCAN18	SRR3493789	33.601090842321376
ZSCAN18	SRR3493790	125
ZSCAN18	SRR3493791	153.2204109842662
ZSCAN18	SRR3493792	185.13320704975166
ZSCAN18	SRR3493793	83.79371402686148
ZSCAN18	SRR3493794	268.82930341516334
ZSCAN18	SRR3493795	253.91216084070035
ZSCAN18	SRR3493796	181.461014608301
ZSCAN18	SRR3493797	268
ZSCAN18	SRR3493798	58.6373460149412
ZSCAN18	SRR3493799	253
ZSCAN18	SRR3493800	113.80624479183328
ZSCAN18	SRR3493801	40.357276930478804
ZSCAN18	SRR3493802	100
ZSCAN18	SRR3493803	190
ZSCAN18	SRR3493804	148.10656563980132
ZSCAN18	SRR3493805	225.52695450368142
ZSCAN18	SRR3493806	205
ZSCAN18	SRR3493807	128
ZSCAN18	SRR3493808	118.22858481232838
ZSCAN18	SRR3493809	188.60736847282823
ZSCAN18	SRR3493810	218
ZSCAN18	SRR3493811	133
ZSCAN18	SRR3493812	143.1029654492675
ZSCAN18	SRR3493813	138.24854731313056
ZSCAN18	SRR3493814	100
ZSCAN18	SRR3493815	245.69928030977272
ZSCAN18	SRR3493816	188
ZSCAN18	SRR3493817	180.50550629291482
ZSCAN18	SRR3493818	58.200180119392876
ZSCAN18	SRR3493819	173
ZSCAN18	SRR3493820	1.1218742596374018
ZSCAN18	SRR3493821	73.83958291756342
ZSCAN18	SRR3493822	215
ZSCAN18	SRR3493823	180.96416482470573
ZSCAN18	SRR3493824	204.68038830300742
ZSCAN18	SRR3493825	133.17170606194975
ZSCAN18	SRR3493826	248.17856945047788
ZSCAN18	SRR3493827	150
ZSCAN18	SRR3493828	188
ZSCAN18	SRR3493829	123.28806846201252
ZSCAN18	SRR3493830	326.0351044161096
ZSCAN18	SRR3493831	128.56536400733933
ZSCAN18	SRR3493832	195.03509238368065
ZSCAN18	SRR3493833	237.64601430731045
ZSCAN18	SRR3493834	188
ZSCAN18	SRR3493835	135.68190759561222
ZSCAN18	SRR3493836	300
ZSCAN18	SRR3493837	150.09679549543694
ZSCAN18	SRR3493838	170
ZSCAN18	SRR3493839	53.43254431628957
ZSCAN18	SRR3493840	196.69396818912048
ZSCAN18	SRR3493841	643.3877921773837
ZSCAN18	SRR3493846	66.47916443693964
ZSCAN18	SRR3493847	1.0366265711095628
ZSCAN18	SRR3493848	285.0512888684563
ZSCAN18	SRR3493849	297.2075413551012
ZSCAN18	SRR3493850	395
ZSCAN18	SRR3714631	144
ZSCAN18	SRR3714632	35.19364362674583
ZSCAN18	SRR3714633	146.64886715466625
ZSCAN18	SRR3714634	93.5818728110969
ZSCAN18	SRR3714635	319
ZSCAN18	SRR3714636	235
ZSCAN18	SRR3714637	71
ZSCAN18	SRR3714638	104
ZSCAN18	SRR3714639	283.06368992920596
ZSCAN18	SRR3714640	129.69338801969343
ZSCAN18	SRR3714641	178.0213841469596
ZSCAN18	SRR3714642	192.61003100731267
ZSCAN18	SRR3714643	147.7597112416771
ZSCAN18	SRR3714644	69.6465320038294
ZSCAN18	SRR3714645	128.80222219088176
ZSCAN18	SRR3714646	168.03023343824793
ZSCAN18	SRR3714648	852.4803636466431
ZSCAN18	SRR3714649	335.59854994131297
ZSCAN18	SRR3714650	162.07265183450437
ZSCAN18	SRR3714651	95.92959463394146
ZSCAN18	SRR3714652	146.09126439127218
ZSCAN18	SRR3714653	203
ZSCAN18	SRR3714654	214
ZSCAN18	SRR3714655	146.0788370784679
ZSCAN18	SRR3714656	73.09721900377612
ZSCAN18	SRR3714657	148.76739167526762
ZSCAN18	SRR3714658	161.2136339687996
ZSCAN18	SRR3714659	127.72653341509411
ZSCAN18	SRR3714660	60
ZSCAN18	SRR3714661	186
ZSCAN18	SRR3714662	85.916857893086
ZSCAN18	SRR3714663	192.10367615798518
ZSCAN18	SRR3714664	161.7332275276747
ZSCAN18	SRR3714665	151
ZSCAN18	SRR3714666	127
ZSCAN18	SRR3714667	55.86094811350754
ZSCAN18	SRR3714668	218
ZSCAN18	SRR3714669	293.86594583798995
ZSCAN18	SRR3714670	141.84504804757057
ZSCAN18	SRR3714671	192.19305405166787
ZSCAN18	SRR3714672	234.58706827915373
ZSCAN18	SRR3714673	169.96992640875894
ZSCAN18	SRR3714674	114.78282547691762
ZSCAN18	SRR3714675	183.68859513940205
ZSCAN18	SRR3714676	319
ZSCAN18	SRR3714677	149.32665474672555
ZSCAN18	SRR3714678	141.34563304098828
ZSCAN18	SRR3714679	175.23901605921324
ZSCAN18	SRR3714680	154.219267683076
ZSCAN18	SRR3714681	230.7493685812591
ZSCAN18	SRR3714682	151.7310813562541
ZSCAN18	SRR3714683	156.29825431710853
ZSCAN18	SRR3714684	280.19463909654394
ZSCAN18	SRR3714685	214.33942407449888
ZSCAN18	SRR3714686	133.0963633713592
ZSCAN18	SRR3714688	76.54835420508539
ZSCAN18	SRR3714689	114.77114496368446
ZSCAN18	SRR3714690	201.20683692381184
ZSCAN18	SRR3714691	170
ZSCAN18	SRR3714692	213.9114402595799
ZSCAN18	SRR3714693	147.99584372672587
ZSCAN18	SRR3714694	127.11652521591864
ZSCAN18	SRR3714695	232.15584585342026
ZSCAN18	SRR3714696	312
ZSCAN18	SRR3714697	150.33227588194944
ZSCAN18	SRR3714698	69.89078321404052
ZSCAN18	SRR3714699	255.30310799588636
ZSCAN18	SRR3714700	109.72314044382746
ZSCAN18	SRR3714701	153.18719815170508
ZSCAN18	SRR3714702	191.5613172274432
ZSCAN18	SRR3714703	95.08551221960809
ZSCAN18	SRR3714704	197.97053141773253
ZSCAN18	SRR3714705	256.8908498922387
ZSCAN18	SRR3714706	22.766975356771113
ZSCAN18	SRR3714707	170.07909396753845
ZSCAN18	SRR3714708	60.35618493564869
ZSCAN18	SRR3714709	156.04011788687313
ZSCAN18	SRR3714710	149.30057761632963
ZSCAN18	SRR3714711	136.7703478057075
ZSCAN18	SRR3714712	129
ZSCAN18	SRR3714713	141
ZSCAN18	SRR3714714	122
ZSCAN18	SRR3714715	182.83677450582363
ZSCAN18	SRR3714716	166
ZSCAN18	SRR3714717	140
ZSCAN18	SRR3714718	112
ZSCAN18	SRR3714719	164.10448457333413
ZSCAN18	SRR3714720	348.3821374653119
ZSCAN18	SRR3714721	204.06539297525043
ZSCAN18	SRR3714723	177.54223434355225
ZSCAN18	SRR3714724	107.29677584976002
ZSCAN18	SRR3714725	84.01997390869064
ZSCAN18	SRR3714726	79.31441682275532
ZSCAN18	SRR3714727	195.08874284203057
ZSCAN18	SRR3714728	100.80722840940834
ZSCAN18	SRR3714729	76.93569793169016
ZSCAN18	SRR3714730	107.55327714828348
ZSCAN18	SRR3714731	430.0773832050394
ZSCAN18	SRR3714732	104.28798277352233
ZSCAN18	SRR3714734	225.47843345443084
ZSCAN18	SRR3714735	171.32592548425475
ZSCAN18	SRR3714736	180.43393731669832
ZSCAN18	SRR3714737	103
ZSCAN18	SRR3714738	195.79282808055626
ZSCAN18	SRR3714739	147.449586972991
ZSCAN18	SRR3714740	209.36347160031875
ZSCAN18	SRR3714741	151.14467486995278
ZSCAN18	SRR3714744	293.5887380629923
ZSCAN18	SRR3714745	85.3001020830345
ZSCAN18	SRR3714746	136.12802091926406
ZSCAN18	SRR3714747	218.7094564655053
ZSCAN18	SRR3714748	155.29514239815774
ZSCAN18	SRR3714749	79.6050503893431
ZSCAN18	SRR3714750	228.72680715910465
ZSCAN18	SRR3714751	122.10069640565912
ZSCAN18	SRR3714752	229
ZSCAN18	SRR3714753	173.3012333325919
ZSCAN18	SRR3714754	163
ZSCAN18	SRR3714755	131.6328094630745
ZSCAN18	SRR3714756	82.73499939841096
ZSCAN18	SRR3714757	119.73992273053794
ZSCAN18	SRR3714758	224.93137055122364
ZSCAN18	SRR3714759	146.6355457582374
ZSCAN18	SRR3714760	132.0851800359845
ZSCAN18	SRR3714761	153.01908103482805
ZSCAN18	SRR3714762	125.498750456578
ZSCAN18	SRR3714764	113
ZSCAN18	SRR3714765	188.5111748236391
ZSCAN18	SRR3714766	215
ZSCAN18	SRR3714767	239.00836915539313
ZSCAN18	SRR3714768	169
ZSCAN18	SRR5176628	165.11662541788706
ZSCAN18	SRR5176629	117.66489699615029
ZSCAN18	SRR5176630	322.71475184754445
ZSCAN18	SRR5176631	139.31865022045102
ZSCAN18	SRR5176632	263.73860086131447
ZSCAN18	SRR5176633	215.36818634139416
ZSCAN18	SRR5176634	1.0395854398178583
ZSCAN18	SRR5176635	111.6762673953985
ZSCAN18	SRR5176636	145.68425061759356
ZSCAN18	SRR5176637	170.90280861854637
ZSCAN18	SRR5176638	1.122472464979261
ZSCAN18	SRR5176639	443
ZSCAN18	SRR5176640	1.0439825147124846
ZSCAN18	SRR5176641	93.3402069043836
ZSCAN18	SRR5176642	226.43087432232062
ZSCAN18	SRR5176643	279.4816242941092
ZSCAN18	SRR5176644	341.06136668120564
ZSCAN18	SRR5176645	3.1143987151504713
ZSCAN18	SRR5176646	162.93679267601345
ZSCAN18	SRR5176647	243.4008762893597
ZSCAN18	SRR5176648	211.59256571002794
ZSCAN18	SRR5176649	77.51168600608216
ZSCAN18	SRR5176650	155.61771410616572
ZSCAN18	SRR5176651	87.36441633304665
ZSCAN18	SRR5176652	138.75971372725374
ZSCAN18	SRR5176653	446.1878021003888
ZSCAN18	SRR5176654	114.92061781971043
ZSCAN18	SRR5176655	381.4517256941934
ZSCAN18	SRR5176656	52.414704690668636
ZSCAN18	SRR5176657	1.0798186787512312
ZSCAN18	SRR5176658	132.21394756166944
ZSCAN18	SRR5176659	297.63702919145317
ZSCAN18	SRR5176660	169.19011046631334
ZSCAN18	SRR5176661	272.45488934192076
ZSCAN18	SRR5176662	694.5808149382134
ZSCAN18	SRR5176663	336.09536784142944
ZSCAN18	SRR5176664	231
ZSCAN18	SRR5176665	155.34070797092016
ZSCAN18	SRR5176666	256.97126588196454
ZSCAN18	SRR5176667	1.0784326276989211
ZSCAN18	SRR5176668	316.3620306701355
ZSCAN18	SRR5176669	168.57413993018739
ZSCAN18	SRR5176670	243.54720137671677
ZSCAN18	SRR5176671	250.44607072560203
ZSCAN18	SRR5176672	170.9306525835996
ZSCAN18	SRR5176673	111.52735744551325
ZSCAN18	SRR5176674	425.9765696686944
ZSCAN18	SRR5176675	394.6419579429817
ZSCAN18	SRR5176676	45.81969546768357
ZSCAN18	SRR5176677	166.23913871495552
ZSCAN18	SRR5176678	34.75246750834179
ZSCAN18	SRR5176679	240.1047784671802
ZSCAN18	SRR5176680	232.65154144420134
ZSCAN18	SRR5176681	362.3910510637793
ZSCAN18	SRR5176682	102.99083125266631
ZSCAN18	SRR5176683	155.69675014784525
ZSCAN18	SRR5176684	167.43886504921957
ZSCAN18	SRR5176685	359.0530078211288
ZSCAN18	SRR5176686	67.28548908897126
ZSCAN18	SRR5176687	236.03873419488494
ZSCAN18	SRR5176688	194.5069050634673
ZSCAN18	SRR5176689	132.9675703484011
ZSCAN18	SRR5176690	78.93105082321517
ZSCAN18	SRR5176691	381.3429490070599
ZSCAN18	SRR5176692	139.33417367247017
ZSCAN18	SRR5176693	220.5888121387223
ZSCAN18	SRR5176694	335
ZSCAN18	SRR5176695	171.33686370535202
ZSCAN18	SRR5176696	1.1276067886443841
ZSCAN18	SRR5176697	47.2470278924505
ZSCAN18	SRR5176698	1.164477770967963
ZSCAN18	SRR5176699	8.193964568699684
ZSCAN18	SRR5176700	40.283640959885396
ZSCAN18	SRR5176701	87.88387187163099
ZSCAN18	SRR5176702	170
ZSCAN18	SRR5176703	68.48999249709246
ZSCAN18	SRR5176704	197.85866840216028
ZSCAN18	SRR5176705	299.6097800859061
ZSCAN18	SRR5176706	61.61238738923578
ZSCAN18	SRR5176707	110.08761537042447
ZSCAN18	SRR5176708	133.25402783212417
ZSCAN18	SRR5176709	218.03096005113852
ZSCAN18	SRR5176710	332
ZSCAN18	SRR5176711	304.5783379312434
ZSCAN18	SRR5176712	183.25325667563894
ZSCAN18	SRR5176713	62.53680550582697
ZSCAN18	SRR5176714	28.613891332297825
ZSCAN18	SRR5176715	220.27728951853706
ZSCAN18	SRR5176716	210.41255863857432
ZSCAN18	SRR5176717	162.03487540303246
ZSCAN18	SRR5176718	247.09937672345512
ZSCAN18	SRR5176719	179.41679412989097
ZSCAN18	SRR5176720	548
ZSCAN18	SRR5176721	442
ZSCAN18	SRR5176722	129.4631745399187
ZSCAN18	SRR5176723	146.35321603724282
ZSCAN18	SRR5176724	142.75499988723055
ZSCAN18	SRR5176725	99.18872642453832
ZSCAN18	SRR5176726	216
ZSCAN18	SRR5176727	335.1911423169113
ZSCAN18	SRR5176728	90.1449941344595
ZSCAN18	SRR5176729	334.62517872538535
ZSCAN18	SRR5176730	289.8372911841308
ZSCAN18	SRR5176731	200.9078936390856
ZSCAN18	SRR5176732	477
ZSCAN18	SRR5176733	245.54383292747946
ZSCAN18	SRR5176734	1.0806477792257758
ZSCAN18	SRR5176735	278.6473115536854
ZSCAN18	SRR5176736	318.6160166976307
ZSCAN18	SRR5176737	207.59970532278376
ZSCAN18	SRR5176738	130.37252488231547
ZSCAN18	SRR5176739	168.3041251225997
ZSCAN18	SRR5176740	214.8714753850037
ZSCAN18	SRR5176741	20.817694658558786
ZSCAN18	SRR5176742	165.68786063975074
ZSCAN18	SRR5176743	89.0087329552028
ZSCAN18	SRR5176744	83.07942406478543
ZSCAN18	SRR5176745	265.3281945149379
ZSCAN18	SRR5176746	324.7191913000137
ZSCAN18	SRR5176747	365
ZSCAN18	SRR5176748	417.525589678318
ZSCAN18	SRR5176749	348.54560649716285
ZSCAN18	SRR5176750	152.3863408334096
ZSCAN18	SRR5176751	242.86178960359226
ZSCAN18	SRR5176752	347.5474754288076
ZSCAN18	SRR5176753	247.64495058922202
ZSCAN18	SRR5176754	95.49575151870886
ZSCAN18	SRR5176755	371.17261095268685
ZSCAN18	SRR5176756	184.08028250274936
ZSCAN18	SRR5176757	140.37484951559023
ZSCAN18	SRR5176758	93.0065276178086
ZSCAN18	SRR5176759	69.8294645232814
ZSCAN18	SRR5176760	46.26156168534703
ZSCAN18	SRR5176761	177.02178501478522
ZSCAN18	SRR5176762	1.0740318196782621
ZSCAN18	SRR5176763	153.12961879261997
ZSCAN18	SRR5176764	262.1886499839726
ZSCAN18	SRR5176765	139.2295504381769
ZSCAN18	SRR5176766	158.44372219044746
ZSCAN18	SRR5176767	189.19003758211056
ZSCAN18	SRR5176768	130.91777199522375
ZSCAN18	SRR5176769	105.30274278823026
ZSCAN18	SRR5176770	248.5698571243205
ZSCAN18	SRR5176771	478.15089763935845
ZSCAN18	SRR5176772	171.0537291670741
ZSCAN18	SRR5176773	51.37750524534376
ZSCAN18	SRR5176774	126.76857394043478
ZSCAN18	SRR5176775	76.70307316206033
ZSCAN18	SRR5176776	211.70451704301783
ZSCAN18	SRR5176777	224.17151390428305
ZSCAN18	SRR5176778	246.3653643250481
ZSCAN18	SRR5176779	142.71533487344894
ZSCAN18	SRR5176780	369.0998911447699
ZSCAN18	SRR5176781	182.11944762349745
ZSCAN18	SRR5176782	108.864983860624
ZSCAN18	SRR5176783	118.06069037656673
ZSCAN18	SRR5176784	111.44829235780617
ZSCAN18	SRR5176785	265.4574567668063
ZSCAN18	SRR5176786	211
ZSCAN18	SRR5176787	173.28955833380485
ZSCAN18	SRR5176788	1.0264449971198473
ZSCAN18	SRR5176789	67.93461968974465
ZSCAN18	SRR5176790	146.35179141197347
ZSCAN18	SRR5176791	258.220590637683
ZSCAN18	SRR5176792	456
ZSCAN18	SRR5176793	137.20824711574286
ZSCAN18	SRR5176794	91.40626478188655
ZSCAN18	SRR5176795	444.83123797069635
ZSCAN18	SRR5176796	94.04592220603354
ZSCAN18	SRR5176797	135.9323150845858
ZSCAN18	SRR5176798	243.26108271280125
ZSCAN18	SRR5176799	408
ZSCAN18	SRR5176800	143.1011102744848
ZSCAN18	SRR5176801	87.4501247938218
ZSCAN18	SRR5176802	74.00991959120778
ZSCAN18	SRR5176803	204.82171802535828
ZSCAN18	SRR5176804	154.1900925559091
ZSCAN18	SRR5176805	186.7099028393947
ZSCAN18	SRR5176806	43.23192733558797
ZSCAN18	SRR5176807	316.2039158437205
ZSCAN18	SRR5176808	427.1537004732237
ZSCAN18	SRR5176809	217.31260904304423
ZSCAN18	SRR5176810	418
ZSCAN18	SRR5176811	408
ZSCAN18	SRR5176812	231.24953810975973
ZSCAN18	SRR5176813	192.20740829902107
ZSCAN18	SRR5176814	520
ZSCAN18	SRR5176815	153.07882715309867
ZSCAN18	SRR5176816	90.24814148007522
ZSCAN18	SRR5176817	322.65318971464364
ZSCAN18	SRR5176818	344.8419513603124
ZSCAN18	SRR5176819	38.9434289885731
ZSCAN18	SRR5176820	86.87529544350166
ZSCAN18	SRR5176821	111.99483509842375
ZSCAN18	SRR5176822	50.41279818097504
ZSCAN18	SRR5176823	138.51477748093404
ZSCAN18	SRR5176824	107.59708885871099
ZSCAN18	SRR5176825	186.20092678967666
ZSCAN18	SRR5176826	61.49167197787394
ZSCAN18	SRR5176827	188.70344258315095
ZSCAN18	SRR5176828	248.97618430810434
ZSCAN18	SRR5176829	210.55830439599552
ZSCAN18	SRR5176830	334.12022472612813
ZSCAN18	SRR5176831	170.86392289917686
ZSCAN18	SRR5176832	265.5831872529654
ZSCAN18	SRR5176833	245.38590332652245
ZSCAN18	SRR5176834	237.90102346579903
ZSCAN18	SRR5176835	231.80530459688845
ZSCAN18	SRR5176836	402.33180291045056
ZSCAN18	SRR5176837	3.1525959398615377
ZSCAN18	SRR5176838	74.80008166663185
ZSCAN18	SRR5176839	38.4892787891804
ZSCAN18	SRR5176840	278.12934189985697
ZSCAN18	SRR5176841	39.52643078768949
ZSCAN18	SRR5176842	215.31329134923828
ZSCAN18	SRR5176843	186.40897787551015
ZSCAN18	SRR5176844	209.6026023118107
ZSCAN18	SRR5176845	150.13237180114422
ZSCAN18	SRR5176846	454.00404822007675
ZSCAN18	SRR5176847	129.5161478658153
ZSCAN18	SRR5176848	156.30482848386245
ZSCAN18	SRR5176849	249.71041634931163
ZSCAN18	SRR5176850	234.11424218059545
ZSCAN18	SRR5176851	365.38162547292677
ZSCAN18	SRR5176852	176.7955081450883
ZSCAN18	SRR5176853	578.4122265549425
ZSCAN18	SRR5176854	5.232031661601943
ZSCAN18	SRR5176855	167.37861640156513
ZSCAN18	SRR5176856	152.36517694346352
ZSCAN18	SRR5176857	220.76254598918248
ZSCAN18	SRR5176858	80.54758063698544
ZSCAN18	SRR5176859	169.29691311112742
ZSCAN18	SRR5176860	619
ZSCAN18	SRR5176861	220.41943518102008
ZSCAN18	SRR5176862	170.98102419433928
ZSCAN18	SRR5176863	240.58740792579934
ZSCAN18	SRR5176864	73.35064177890195
ZSCAN18	SRR5176865	248.47281784042264
ZSCAN18	SRR5176866	315
ZSCAN18	SRR5176867	178.74857487841933
ZSCAN18	SRR5176868	26.899449412923154
ZSCAN18	SRR5176869	226.55314246346106
ZSCAN18	SRR5176870	188.84509050190263
ZSCAN18	SRR5176871	179.606552290598
ZSCAN18	SRR5176872	135.52761841204534
ZSCAN18	SRR5861974	79.01738268522011
ZSCAN18	SRR5861975	129.15496413828524
ZSCAN18	SRR5861976	34.31863475541826
ZSCAN18	SRR5861977	442
ZSCAN18	SRR5861978	323.5539750331174
ZSCAN18	SRR5861979	113.04294434059834
ZSCAN18	SRR5861980	631
ZSCAN18	SRR5861981	162.14527315013146
ZSCAN18	SRR5861982	1.2333293129099616
ZSCAN18	SRR5861983	335.54297297847927
ZSCAN18	SRR5861984	244.94754038390968
ZSCAN18	SRR5861985	144.39560786461843
ZSCAN18	SRR5861986	300.59440576506205
ZSCAN18	SRR5861987	101.25418094627724
ZSCAN18	SRR5861988	138.32076031868482
ZSCAN18	SRR5861989	160.95964757816174
ZSCAN18	SRR5861990	236.70439723886207
ZSCAN18	SRR5861991	365
ZSCAN18	SRR5861992	541
ZSCAN18	SRR5861993	441.6254516211441
ZSCAN18	SRR5861994	506
ZSCAN18	SRR5861995	147.26582312433763
ZSCAN18	SRR5861996	348.4332771655297
ZSCAN18	SRR5861997	82.02713757898705
ZSCAN18	SRR5861998	135.76946357872922
ZSCAN18	SRR5861999	131.42305851384293
ZSCAN18	SRR5862000	266.0957478357787
ZSCAN18	SRR5862001	514
ZSCAN18	SRR5862002	415.4483043963216
ZSCAN18	SRR5862003	216.52116119518118
ZSCAN18	SRR5862004	238.3058609246991
ZSCAN18	SRR5862005	117.61415337973384
ZSCAN18	SRR5862006	253.94665411455952
ZSCAN18	SRR5862007	155.2915277128623
ZSCAN18	SRR5862008	185.73699303630383
ZSCAN18	SRR5862009	193.6813727068548
ZSCAN18	SRR5862010	52.56306077832083
ZSCAN18	SRR5862011	17.60371074063588
ZSCAN18	SRR5862012	63.43983670965935
ZSCAN18	SRR5862013	79.61075483971042
ZSCAN18	SRR5862014	202.98069316895052
ZSCAN18	SRR5862015	334
ZSCAN18	SRR5862016	318.3201224089013
ZSCAN18	SRR5862017	262.12993056759547
ZSCAN18	SRR5862018	169.67270591059872
ZSCAN18	SRR5862019	87.68622578506998
ZSCAN18	SRR5862020	273.9182993026138
ZSCAN18	SRR5862021	221.30905909412053
ZSCAN18	SRR5862022	248.18786601615213
ZSCAN18	SRR5862023	217.6163725679566
ZSCAN18	SRR5862024	217.58286582223406
ZSCAN18	SRR5862025	416
ZSCAN18	SRR5862026	163.2427624127687
ZSCAN18	SRR5862027	401.21653197579195
ZSCAN18	SRR5862028	1.1262536898298274
ZSCAN18	SRR5862029	183.6441340912944
ZSCAN18	SRR5862030	369.0059197315801
ZSCAN18	SRR5862031	180.23618074178415
ZSCAN18	SRR5862032	1.0733161679094974
ZSCAN18	SRR5862033	269.4031258404232
ZSCAN18	SRR5862034	1.2455161624992859
ZSCAN18	SRR5862035	144.94731221703358
ZSCAN18	SRR5862036	138.35872133481428
ZSCAN18	SRR5862037	149.71009694331005
ZSCAN18	SRR5862038	10.790945062876684
ZSCAN18	SRR5862039	216.37287042124584
ZSCAN18	SRR5862040	194.23923785472076
ZSCAN18	SRR5862041	350.8629112412389
ZSCAN18	SRR5862042	155.357060139147
ZSCAN18	SRR5862043	342
ZSCAN18	SRR5862044	148.2021392957918
ZSCAN18	SRR5862045	240.99868454993316
ZSCAN18	SRR5862046	121.94196287465697
ZSCAN18	SRR5862047	269.3241216536994
ZSCAN18	SRR5862048	1.2470733792685733
ZSCAN18	SRR5862049	349.3085805149379
ZSCAN18	SRR5862050	168.55018883541595
ZSCAN18	SRR5862051	275.28031763869836
ZSCAN18	SRR5862052	213.73601805924488
ZSCAN18	SRR5862053	358.9408005246743
ZSCAN18	SRR5862054	62.58697596991213
ZSCAN18	SRR5862055	89.99213713647836
ZSCAN18	SRR5862056	98.10164236532037
ZSCAN18	SRR5862057	251.91399513543593
ZSCAN18	SRR5862058	281.6370731068252
ZSCAN18	SRR5862059	41.10481323088581
ZSCAN18	SRR5862060	139.25347434739115
ZSCAN18	SRR5862061	146.5199226534069
ZSCAN18	SRR5862062	318.17171363666296
ZSCAN18	SRR5862063	99.1708504857356
ZSCAN18	SRR5862064	253.49010133490745
ZSCAN18	SRR5862065	251.63209424572491
ZSCAN18	SRR5862066	147.31753065499024
ZSCAN18	SRR5862067	1.2340297724805442
ZSCAN18	SRR5862068	158.74579887816768
ZSCAN18	SRR5862069	186.3956090273356
ZSCAN18	SRR5862070	158.07095893114004
ZSCAN18	SRR5862071	1.2517458229536382
ZSCAN18	SRR5862072	1.2634612941586179
ZSCAN18	SRR5862073	320.59491288729095
ZSCAN18	SRR5862074	178.89500899511347
ZSCAN18	SRR5862075	141.95642937193713
ZSCAN18	SRR5862076	1.240670619317905
ZSCAN18	SRR5862077	121.47481355223066
ZSCAN18	SRR5862078	1.0774391300279966
ZSCAN18	SRR5862079	98.99006122781013
ZSCAN18	SRR5862080	36.659743962157215
ZSCAN18	SRR5862081	176.30382034323736
ZSCAN18	SRR5862082	220.8255177012815
ZSCAN18	SRR5862083	406
ZSCAN18	SRR5862084	152.02935552338042
ZSCAN18	SRR5862085	440
ZSCAN18	SRR5862086	154.73502765336798
ZSCAN18	SRR5862087	93.08133354005287
ZSCAN18	SRR5862088	1.121721315480128
ZSCAN18	SRR5862089	201.43836052450666
ZSCAN18	SRR5862090	254.4342050293929
ZSCAN18	SRR5862091	118.61472147260427
ZSCAN18	SRR5862092	96.94980045584049
ZSCAN18	SRR5862093	425.0764834003296
ZSCAN18	SRR5862094	105.5192958474479
ZSCAN18	SRR5862095	54.366576997933926
ZSCAN18	SRR5862096	253.54690252473222
ZSCAN18	SRR5862097	178.93435300506516
ZSCAN18	SRR5862098	496.93392779898846
ZSCAN18	SRR5862099	164.60278753388667
ZSCAN18	SRR5862100	237.62282045907207
ZSCAN18	SRR5862101	42.32596037540998
ZSCAN18	SRR5862102	179.0292199111103
ZSCAN18	SRR5862103	100.28374915307371
ZSCAN18	SRR5862104	163.67379636393568
ZSCAN18	SRR5862105	190.0692175080699
ZSCAN18	SRR5862106	450.9096008985634
ZSCAN18	SRR5862107	217
ZSCAN18	SRR5862108	226.54073475460743
ZSCAN18	SRR5862109	232.4178476568572
ZSCAN18	SRR5862110	74.58531306636257
ZSCAN18	SRR5862111	98.41115714063682
ZSCAN18	SRR5862112	210.7793152109658
ZSCAN18	SRR5862113	112.97150840398632
ZSCAN18	SRR5862114	151.70098230497544
ZSCAN18	SRR5862115	162.06340328222595
ZSCAN18	SRR5862116	72.80948497316825
ZSCAN18	SRR5862117	236.76891732685715
ZSCAN18	SRR5862118	128.04957662425912
ZSCAN18	SRR5862119	206.83889686593815
ZSCAN18	SRR5862120	196.1764252109809
ZSCAN18	SRR5862121	141.20312384824533
ZSCAN18	SRR5862122	325.6628044412023
ZSCAN18	SRR5862123	244.55318803581972
ZSCAN18	SRR5862124	226.7162693592423
ZSCAN18	SRR5862125	337
ZSCAN18	SRR5862126	193.17372482509856
ZSCAN18	SRR5862127	78.28945993550158
ZSCAN18	SRR5862128	275.0122130549852
ZSCAN18	SRR5862129	1.0783123695394767
ZSCAN18	SRR5862130	186.14101352840348
ZSCAN18	SRR5862131	474.072368610421
ZSCAN18	SRR5862132	199.1791255968633
ZSCAN18	SRR5862133	236.21243035607907
ZSCAN18	SRR5862134	335.06028691555395
ZSCAN18	SRR5862135	85.04965171219143
ZSCAN18	SRR5862136	281.1011471498264
ZSCAN18	SRR5862137	175.37829226019025
ZSCAN18	SRR5862138	253.4468840662881
ZSCAN18	SRR5862139	223.29472573741242
ZSCAN18	SRR5862140	91.29522736544014
ZSCAN18	SRR5862141	232.9938221836939
ZSCAN18	SRR5862142	166.445878923921
ZSCAN18	SRR5862143	371.1335430341124
ZSCAN18	SRR5862144	141.7868180287687
ZSCAN18	SRR5862145	186.60913763921053
ZSCAN18	SRR5862146	103.36408665293561
ZSCAN18	SRR5862147	73.52285938676577
ZSCAN18	SRR5862148	439
ZSCAN18	SRR5862149	121.68802095493459
ZSCAN18	SRR5862150	232.55757008670292
ZSCAN18	SRR5862151	178.1201974877255
ZSCAN18	SRR5862152	89.07796874441296
ZSCAN18	SRR5862153	104.07516607048646
ZSCAN18	SRR5862154	473
ZSCAN18	SRR5862155	173.0685182148501
ZSCAN18	SRR5862156	59.465791387156656
ZSCAN18	SRR5862157	353.89500966273306
ZSCAN18	SRR5862158	337.1819732564636
ZSCAN18	SRR5862159	169.9863434500688
ZSCAN18	SRR5862160	12.453653175150777
ZSCAN18	SRR5862161	213.5793410526034
ZSCAN18	SRR5862162	291.94811416150606
ZSCAN18	SRR5862163	242.81809183106336
ZSCAN18	SRR5862164	17.85054944704299
ZSCAN18	SRR5862165	195.83740007769293
ZSCAN18	SRR5862166	101.42955387695969
ZSCAN18	SRR5862167	250.5217068979543
ZSCAN18	SRR5862168	283.46735808636015
ZSCAN18	SRR5862169	124.45036346465498
ZSCAN18	SRR5862170	102.0953006181024
ZSCAN18	SRR5862171	301.5063030934529
ZSCAN18	SRR5862172	307.5299593487152
ZSCAN18	SRR5862173	14.346983123210471
ZSCAN18	SRR5862174	125.43147720143153
ZSCAN18	SRR5862175	178.85902967669222
ZSCAN18	SRR5862176	57.97669104337118
ZSCAN18	SRR5862177	51.59341416160104
ZSCAN18	SRR5862178	177.93657963774706
ZSCAN18	SRR5862179	184.02520309603108
ZSCAN18	SRR5862180	1.163410651901285
ZSCAN18	SRR5862181	47.9816757106029
ZSCAN18	SRR5862182	173.5708120225753
ZSCAN18	SRR5862183	151.73751721149964
ZSCAN18	SRR5862184	55.44307813762471
ZSCAN18	SRR5862185	453
ZSCAN18	SRR5862186	176.26846182221666
ZSCAN18	SRR5862187	118.87405462320324
ZSCAN18	SRR5862188	51.94316294444387
ZSCAN18	SRR5862189	142.14207989683513
ZSCAN18	SRR5862190	173.2286437335083
ZSCAN18	SRR5862191	51.58706335528014
ZSCAN18	SRR5862192	19.850304034423413
ZSCAN18	SRR5862193	195.694417242564
ZSCAN18	SRR5862194	58.300886648265326
ZSCAN18	SRR5862195	88.55158228909593
ZSCAN18	SRR5862196	317
ZSCAN18	SRR5862197	236
ZSCAN18	SRR5862198	55.03131798695007
ZSCAN18	SRR5862199	175.4283182792287
ZSCAN18	SRR5862200	345.7305267986171
ZSCAN18	SRR5862201	132.5347012554341
ZSCAN18	SRR5862202	21.44485517864896
ZSCAN18	SRR5862203	37.20535881076303
ZSCAN18	SRR5862204	251
ZSCAN18	SRR5862205	178
ZSCAN18	SRR5862206	120.09736015773758
ZSCAN18	SRR5862207	146.7683651342727
ZSCAN18	SRR5862208	43.81387695884544
ZSCAN18	SRR5862209	109.20167077307627
ZSCAN18	SRR5862210	382
ZSCAN18	SRR5862211	39.22271951699044
ZSCAN18	SRR5862212	176.53666400938695
ZSCAN18	SRR5862213	88.40259735102721
ZSCAN18	SRR5862214	196.5289487095953
ZSCAN18	SRR5862215	232.55045925653675
ZSCAN18	SRR5862216	138.49143374089144
ZSCAN18	SRR5862217	91.58583832548454
ZSCAN18	SRR5862218	381.3429490070599
ZSCAN18	SRR5862219	85.92742886343764
ZSCAN18	SRR5862220	84.37501364481835
ZSCAN18	SRR5862221	609
ZSCAN18	SRR5862222	247.79797879142856
ZSCAN18	SRR5862223	10.429841423303001
ZSCAN18	SRR5862224	146.10852159555066
ZSCAN18	SRR5862225	115.30174106322588
ZSCAN18	SRR5862226	226.2441368519727
ZSCAN18	SRR5862227	406
ZSCAN18	SRR5862228	229.01960737040122
ZSCAN18	SRR5862229	322.8734689199532
ZSCAN18	SRR5862230	127.6645061425023
ZSCAN18	SRR5862231	324.6607650429217
ZSCAN18	SRR5862232	160.34383015535118
ZSCAN18	SRR5862233	383.0441884170207
ZSCAN18	SRR5862234	292.68047917176744
ZSCAN18	SRR5862235	365.32854694902056
ZSCAN18	SRR5862236	423.89568937917403
ZSCAN18	SRR5862237	23.706013377695662
ZSCAN18	SRR5862238	362.29878769548037
ZSCAN18	SRR5862239	124.94783260217488
ZSCAN18	SRR5862240	215.58110572085698
ZSCAN18	SRR5862241	134.8236537068325
ZSCAN18	SRR5862242	193.31214487114985
ZSCAN18	SRR5862243	221.2118643506425
ZSCAN18	SRR5862244	160.22193372653922
ZSCAN18	SRR5862245	254.47783084759578
ZSCAN18	SRR5862246	264.4973475187947
ZSCAN18	SRR5862247	189.0291922689219
ZSCAN18	SRR5862248	381.27433451867773
ZSCAN18	SRR5862249	192.81665300769268
ZSCAN18	SRR5862250	65.68442877706173
ZSCAN18	SRR5862251	217.16790877131174
ZSCAN18	SRR5862252	267.67348144892804
ZSCAN18	SRR5862253	164.24242112084482
ZSCAN18	SRR5862254	234.61945483904557
ZSCAN18	SRR5862255	269.0703186588901
ZSCAN18	SRR5862256	98.49675690531323
ZSCAN18	SRR5862257	120.58665113916895
ZSCAN18	SRR5862258	443.12845125541503
ZSCAN18	SRR5862259	139.8512027838517
ZSCAN18	SRR5862260	86.19319508602305
ZSCAN18	SRR5862261	140.23728223336659
ZSCAN18	SRR5862262	214.05287550386322
ZSCAN18	SRR5862263	108.68236277147163
ZSCAN18	SRR5862264	336.8945499842573
ZSCAN18	SRR5862265	540.6402411413765
ZSCAN18	SRR5862266	248.34042881661887
ZSCAN18	SRR5862267	61.18271648294105
ZSCAN18	SRR5862268	251.2065023549048
ZSCAN18	SRR5862269	393.5202040043496
ZSCAN18	SRR5862270	571.2652439537277
ZSCAN18	SRR5862271	248.4483743950133
ZSCAN18	SRR5862272	96.04937596441701
ZSCAN18	SRR5862273	383.26636199395455
ZSCAN18	SRR5862274	224.01230140758042
ZSCAN18	SRR5862275	152.9322561186927
ZSCAN18	SRR5862276	170.87827255762565
ZSCAN18	SRR5862277	238.92826410549935
ZSCAN18	SRR5949109	105.0497664119688
ZSCAN18	SRR5949110	104.91052824889903
ZSCAN18	SRR5949111	105.04913895669034
ZSCAN18	SRR5949112	105.0511346923541
ZSCAN18	SRR5949113	105.00231035413505
ZSCAN18	SRR5949114	105.0511346923541
ZSCAN18	SRR5949115	105.0497664119688
ZSCAN18	SRR5949116	105.04393681035134
ZSCAN18	SRR5949117	105.0511346923541
ZSCAN18	SRR5949118	105.04022310487775
ZSCAN18	SRR5949119	105.05100394477824
ZSCAN18	SRR5949120	105.03777662683875
ZSCAN18	SRR5949121	105.03777662683875
ZSCAN18	SRR5949122	105.03395744467046
ZSCAN18	SRR5949123	105.02489915164476
ZSCAN18	SRR5949124	104.98036270199454
ZSCAN18	SRR5949125	105.00231035413505
ZSCAN18	SRR5949126	105.03395744467046
ZSCAN18	SRR5949127	105.03777662683875
ZSCAN18	SRR5949128	105.03777662683875
ZSCAN18	SRR5949129	105.05100394477824
ZSCAN18	SRR5949130	105.04913895669034
ZSCAN18	SRR5949131	105.02724027103615
ZSCAN18	SRR5949132	105.0497664119688
ZSCAN18	SRR5949133	105.03611637477704
ZSCAN18	SRR5949134	105.0511346923541
ZSCAN18	SRR5949135	105.04352687359298
ZSCAN18	SRR5949136	105.05056839304059
ZSCAN18	SRR5949137	104.9892951406951
ZSCAN18	SRR5949138	105.02562076511116
ZSCAN18	SRR5949139	105.03531624928739
ZSCAN18	SRR5949140	105.04913895669034
ZSCAN18	SRR5949141	105.05100394477824
ZSCAN18	SRR5949142	105.04913895669034
ZSCAN18	SRR5949143	105.0511346923541
ZSCAN18	SRR5949144	105.03611637477704
ZSCAN18	SRR5949145	105.04022310487775
ZSCAN18	SRR5949146	105.03915002045888
ZSCAN18	SRR5949147	105.03915002045888
ZSCAN18	SRR5949148	104.97238292768996
ZSCAN18	SRR5949149	105.04022310487775
ZSCAN18	SRR5949150	105.05100394477824
ZSCAN18	SRR5949151	105.02167729940058
ZSCAN18	SRR5949152	104.84694575155126
ZSCAN18	SRR5949153	105.03338095824698
ZSCAN18	SRR5949154	104.94596331434977
ZSCAN18	SRR5949155	105.04022310487775
ZSCAN18	SRR5949156	105.05100394477824
ZSCAN18	SRR5949157	105.0497664119688
ZSCAN18	SRR5949158	105.0511346923541
ZSCAN18	SRR5949159	104.95675862172082
ZSCAN18	SRR5949160	105.0497664119688
ZSCAN18	SRR5949161	105.04913895669034
ZSCAN18	SRR5949162	105.0497664119688
ZSCAN18	SRR5949163	105.05100394477824
ZSCAN18	SRR5949164	105.0511346923541
ZSCAN18	SRR5949165	105.04393681035134
ZSCAN18	SRR5949166	105.05100394477824
ZSCAN18	SRR5949167	105.04022310487775
ZSCAN18	SRR5949168	105.04352687359298
ZSCAN18	SRR5949169	104.61714683563928
ZSCAN18	SRR5949170	105.0511346923541
ZSCAN18	SRR5949171	105.02637641626227
ZSCAN18	SRR5949172	105.0259448128292
ZSCAN18	SRR5949173	105.0497664119688
ZSCAN18	SRR5949174	105.04352687359298
ZSCAN18	SRR5949175	105.0511346923541
ZSCAN18	SRR5949176	105.03777662683875
ZSCAN18	SRR5949177	104.96379700161418
ZSCAN18	SRR5949178	105.03338095824698
ZSCAN18	SRR5949179	105.04913895669034
ZSCAN18	SRR5949180	105.0511346923541
ZSCAN18	SRR5949181	105.05056839304059
ZSCAN18	SRR5949182	105.03611637477704
ZSCAN18	SRR5949183	105.05100394477824
ZSCAN18	SRR5949184	105.04393681035134
ZSCAN18	SRR5949185	105.0259448128292
ZSCAN18	SRR5949186	104.99546064097032
ZSCAN18	SRR5949187	105.04913895669034
ZSCAN18	SRR5949188	105.04352687359298
ZSCAN18	SRR5949189	105.03777662683875
ZSCAN18	SRR5949190	105.04022310487775
ZSCAN18	SRR5949191	105.02637641626227
ZSCAN18	SRR5949192	105.05056839304059
ZSCAN18	SRR5949193	105.05100394477824
ZSCAN18	SRR5949194	105.0497664119688
ZSCAN18	SRR5949195	105.04393681035134
ZSCAN18	SRR5949196	105.02724027103615
ZSCAN18	SRR5949197	105.0128690595833
ZSCAN18	SRR5949198	104.9834332773844
ZSCAN18	SRR5949199	105.03395744467046
ZSCAN18	SRR5949200	105.05100394477824
ZSCAN18	SRR5949201	105.04352687359298
ZSCAN18	SRR5949202	105.04913895669034
ZSCAN18	SRR5949203	105.0497664119688
ZSCAN18	SRR5949204	105.0511346923541
ZSCAN18	SRR5949205	105.0511346923541
ZSCAN18	SRR5949206	105.04393681035134
ZSCAN18	SRR5949207	105.0497664119688
ZSCAN18	SRR5949208	105.04022310487775
ZSCAN18	SRR5949209	105.0497664119688
ZSCAN18	SRR5949210	105.04352687359298
ZSCAN18	SRR5949211	105.0128690595833
ZSCAN18	SRR5949212	105.04352687359298
ZSCAN18	SRR5949213	105.03395744467046
ZSCAN18	SRR5949214	105.02167729940058
ZSCAN18	SRR5949215	105.03777662683875
ZSCAN18	SRR5949216	105.04913895669034
ZSCAN18	SRR5949217	105.04913895669034
ZSCAN18	SRR5949218	105.03611637477704
ZSCAN18	SRR5949219	105.03777662683875
ZSCAN18	SRR5949220	105.0259448128292
ZSCAN18	SRR5949221	105.02167729940058
ZSCAN18	SRR5949222	105.03777662683875
ZSCAN18	SRR5949223	104.96379700161418
ZSCAN18	SRR5949224	105.04022310487775
ZSCAN18	SRR5949225	105.05056839304059
ZSCAN18	SRR5949226	105.0259448128292
ZSCAN18	SRR5949227	105.05056839304059
ZSCAN18	SRR5949228	105.0259448128292
ZSCAN18	SRR5949229	105.02562076511116
ZSCAN18	SRR5949230	105.05056839304059
ZSCAN18	SRR5949231	105.01660893684443
ZSCAN18	SRR5949232	104.93988213775451
ZSCAN18	SRR5949233	104.96559926983366
ZSCAN18	SRR5949234	105.03915002045888
ZSCAN18	SRR5949235	105.0259448128292
ZSCAN18	SRR5949236	104.87158219926872
ZSCAN18	SRR5949237	105.01660893684443
ZSCAN18	SRR5949238	104.99546064097032
ZSCAN18	SRR5949239	104.8894949423189
ZSCAN18	SRR5949240	105.05100394477824
ZSCAN18	SRR5949241	105.04022310487775
ZSCAN18	SRR5949242	105.04352687359298
ZSCAN18	SRR5949243	105.03338095824698
ZSCAN18	SRR5949244	105.03395744467046
ZSCAN18	SRR5949245	105.03531624928739
ZSCAN18	SRR5949246	105.04352687359298
ZSCAN18	SRR5949247	105.03915002045888
ZSCAN18	SRR5949248	105.04393681035134
ZSCAN18	SRR5949249	105.04352687359298
ZSCAN18	SRR5949250	105.0511346923541
ZSCAN18	SRR5949251	105.0259448128292
ZSCAN18	SRR5949252	105.0497664119688
ZSCAN18	SRR5949253	105.00976407434457
ZSCAN18	SRR5949254	105.02305340313704
ZSCAN18	SRR5949255	105.04352687359298
ZSCAN18	SRR5949256	105.03531624928739
ZSCAN18	SRR5949257	105.05100394477824
ZSCAN18	SRR5949258	105.05100394477824
ZSCAN18	SRR5949259	105.03611637477704
ZSCAN18	SRR5949260	105.0511346923541
ZSCAN18	SRR5949261	105.0511346923541
ZSCAN18	SRR5949262	105.03395744467046
ZSCAN18	SRR5949263	105.04393681035134
ZSCAN18	SRR5949264	105.03777662683875
ZSCAN18	SRR5949265	105.0497664119688
ZSCAN18	SRR5949266	104.99240318963552
ZSCAN18	SRR5949267	104.99379657118781
ZSCAN18	SRR5949268	105.05056839304059
ZSCAN18	SRR5949269	105.03777662683875
ZSCAN18	SRR5949270	105.04352687359298
ZSCAN18	SRR5949271	105.02489915164476
ZSCAN18	SRR5949272	105.0511346923541
ZSCAN18	SRR5949273	105.0511346923541
ZSCAN18	SRR5949274	105.04393681035134
ZSCAN18	SRR5949275	105.02305340313704
ZSCAN18	SRR5949276	105.04393681035134
ZSCAN18	SRR5949277	104.99379657118781
ZSCAN18	SRR5949278	105.04913895669034
ZSCAN18	SRR5949279	105.04913895669034
ZSCAN18	SRR5949280	105.00849337401229
ZSCAN18	SRR5949281	105.04352687359298
ZSCAN18	SRR5949282	105.0511346923541
ZSCAN18	SRR5949283	105.01794297465554
ZSCAN18	SRR5949284	105.0511346923541
ZSCAN18	SRR5949285	104.93920068635185
ZSCAN18	SRR5949286	104.99240318963552
ZSCAN18	SRR5949287	105.0511346923541
ZSCAN18	SRR5949288	105.04913895669034
ZSCAN18	SRR5949289	105.03531624928739
ZSCAN18	SRR5949290	105.0511346923541
ZSCAN18	SRR5949291	105.04352687359298
ZSCAN18	SRR5949292	105.03915002045888
ZSCAN18	SRR5949293	105.0511346923541
ZSCAN18	SRR5949294	105.05100394477824
ZSCAN18	SRR5949295	105.04913895669034
ZSCAN18	SRR5949296	105.04393681035134
ZSCAN18	SRR5949297	105.0497664119688
ZSCAN18	SRR5949298	105.02637641626227
ZSCAN18	SRR5949299	105.03915002045888
ZSCAN18	SRR5949300	105.05100394477824
ZSCAN18	SRR5949301	105.05100394477824
ZSCAN18	SRR5949302	105.03531624928739
ZSCAN18	SRR5949303	105.02724027103615
ZSCAN18	SRR5949304	105.0497664119688
ZSCAN18	SRR5949305	104.99264225637029
ZSCAN18	SRR5949306	105.0497664119688
ZSCAN18	SRR5949307	105.03915002045888
ZSCAN18	SRR5949308	105.04393681035134
ZSCAN18	SRR5949309	105.02489915164476
ZSCAN18	SRR5949310	105.02489915164476
ZSCAN18	SRR5949311	105.03915002045888
ZSCAN18	SRR5949312	105.01534987946972
ZSCAN18	SRR5949313	105.04352687359298
ZSCAN18	SRR5949314	105.05100394477824
ZSCAN18	SRR5949315	105.04352687359298
ZSCAN18	SRR5949316	105.04913895669034
ZSCAN18	SRR5949317	104.99984173123174
ZSCAN18	SRR5949318	104.99428079950715
ZSCAN18	SRR5949319	105.0497664119688
ZSCAN18	SRR5949320	105.0511346923541
ZSCAN18	SRR5949321	105.04393681035134
ZSCAN18	SRR5949322	105.0259448128292
ZSCAN18	SRR5949323	105.04352687359298
ZSCAN18	SRR5949324	105.0511346923541
ZSCAN18	SRR5949325	105.04913895669034
ZSCAN18	SRR5949326	105.04022310487775
ZSCAN18	SRR5949327	104.98898130231588
ZSCAN18	SRR5949328	105.0497664119688
ZSCAN18	SRR5949329	105.05056839304059
ZSCAN18	SRR5949330	105.04913895669034
ZSCAN18	SRR5949331	105.05056839304059
ZSCAN18	SRR5949332	105.0511346923541
ZSCAN18	SRR5949333	105.03611637477704
ZSCAN18	SRR5949334	105.01534987946972
ZSCAN18	SRR5949335	105.05100394477824
ZSCAN18	SRR5949336	105.04393681035134
ZSCAN18	SRR5949337	105.05056839304059
ZSCAN18	SRR5949338	105.04913895669034
ZSCAN18	SRR5949339	105.04913895669034
ZSCAN18	SRR5949340	105.02724027103615
ZSCAN18	SRR5949341	105.03611637477704
ZSCAN18	SRR5949342	105.0497664119688
ZSCAN18	SRR5949343	105.03777662683875
ZSCAN18	SRR5949344	105.0497664119688
ZSCAN18	SRR5949345	105.05056839304059
ZSCAN18	SRR5949346	104.9873398473744
ZSCAN18	SRR5949347	105.0124618812861
ZSCAN18	SRR5949348	104.94322135556034
ZSCAN18	SRR5949349	105.04913895669034
ZSCAN18	SRR5949350	105.04352687359298
ZSCAN18	SRR5949351	105.04352687359298
ZSCAN18	SRR5949352	105.04393681035134
ZSCAN18	SRR5949353	105.04913895669034
ZSCAN18	SRR5949354	105.02475029396777
ZSCAN18	SRR5949355	105.03915002045888
ZSCAN18	SRR5949356	104.76845143773147
ZSCAN18	SRR5949357	105.03915002045888
ZSCAN18	SRR5949358	105.04022310487775
ZSCAN18	SRR5949359	105.04913895669034
ZSCAN18	SRR5949360	105.03611637477704
ZSCAN18	SRR5949361	105.03531624928739
ZSCAN18	SRR5949362	104.87179434762322
ZSCAN18	SRR5949363	105.05056839304059
ZSCAN18	SRR5949364	105.02623188326208
ZSCAN18	SRR5949365	105.00976407434457
ZSCAN18	SRR5949366	104.82528505659565
ZSCAN18	SRR5949367	105.0511346923541
ZSCAN18	SRR5949368	104.94972403792116
ZSCAN18	SRR5949369	105.05100394477824
ZSCAN18	SRR5949370	105.0497664119688
ZSCAN18	SRR5949371	105.02562076511116
ZSCAN18	SRR5949372	105.04352687359298
ZSCAN18	SRR5949373	105.05100394477824
ZSCAN18	SRR5949374	105.02637641626227
ZSCAN18	SRR5949375	105.05100394477824
ZSCAN18	SRR5949376	105.0511346923541
ZSCAN18	SRR5949377	105.04913895669034
ZSCAN18	SRR5949378	105.0511346923541
ZSCAN18	SRR5949379	105.04913895669034
ZSCAN18	SRR5949380	104.97308246466643
ZSCAN18	SRR5949381	105.02305340313704
ZSCAN18	SRR5949382	105.04913895669034
ZSCAN18	SRR5949383	105.03395744467046
ZSCAN18	SRR5949384	105.05100394477824
ZSCAN18	SRR5949385	105.03338095824698
ZSCAN18	SRR5949386	105.0511346923541
ZSCAN18	SRR5949387	104.88238108353775
ZSCAN18	SRR5949388	105.02288300957433
ZSCAN18	SRR5949389	105.0511346923541
ZSCAN18	SRR5949390	105.04352687359298
ZSCAN18	SRR5949391	105.02562076511116
ZSCAN18	SRR5949392	105.0511346923541
ZSCAN18	SRR5949393	105.02562076511116
ZSCAN18	SRR5949394	105.01794297465554
ZSCAN18	SRR5949395	105.04352687359298
ZSCAN18	SRR5949396	104.96379700161418
ZSCAN18	SRR5949397	105.05100394477824
ZSCAN18	SRR5949398	105.05056839304059
ZSCAN18	SRR5949399	105.04022310487775
ZSCAN18	SRR5949400	104.55178018234248
ZSCAN18	SRR5949401	105.0511346923541
ZSCAN18	SRR5949402	105.04393681035134
ZSCAN18	SRR5949403	105.03777662683875
ZSCAN18	SRR5949404	105.02562076511116
ZSCAN18	SRR5949405	105.04913895669034
ZSCAN18	SRR5949406	105.05100394477824
ZSCAN18	SRR5949407	105.04913895669034
ZSCAN18	SRR5949408	105.04913895669034
ZSCAN18	SRR5949409	105.04393681035134
ZSCAN18	SRR5949410	105.04352687359298
ZSCAN18	SRR5949411	105.0511346923541
ZSCAN18	SRR5949412	105.03395744467046
ZSCAN18	SRR5949413	105.04393681035134
ZSCAN18	SRR5949414	105.04913895669034
ZSCAN18	SRR5949415	105.0497664119688
ZSCAN18	SRR5949416	105.03915002045888
ZSCAN18	SRR5949417	105.03611637477704
ZSCAN18	SRR5949418	105.04913895669034
ZSCAN18	SRR5949419	105.0497664119688
ZSCAN18	SRR5949420	105.03777662683875
ZSCAN18	SRR5949421	105.03611637477704
ZSCAN18	SRR5949422	105.03915002045888
ZSCAN18	SRR5949423	105.03915002045888
ZSCAN18	SRR5949424	105.0511346923541
ZSCAN18	SRR5949425	105.03915002045888
ZSCAN18	SRR5949426	105.05056839304059
ZSCAN18	SRR5949427	105.03915002045888
ZSCAN18	SRR5949428	105.0511346923541
ZSCAN18	SRR5949429	105.01534987946972
ZSCAN18	SRR5949430	105.04352687359298
ZSCAN18	SRR5949431	105.04352687359298
ZSCAN18	SRR5949432	105.04352687359298
ZSCAN18	SRR5949433	105.04022310487775
ZSCAN18	SRR5949434	105.04022310487775
ZSCAN18	SRR5949435	105.02305340313704
ZSCAN18	SRR5949436	105.0497664119688
ZSCAN18	SRR5949437	105.02167729940058
ZSCAN18	SRR5949438	105.00849337401229
ZSCAN18	SRR5949439	105.05100394477824
ZSCAN18	SRR5949440	105.05056839304059
ZSCAN18	SRR5949441	105.05056839304059
ZSCAN18	SRR5949442	105.02724027103615
ZSCAN18	SRR5949443	105.0259448128292
ZSCAN18	SRR5949444	105.02288300957433
ZSCAN18	SRR5949445	105.0511346923541
ZSCAN18	SRR5949446	105.0497664119688
ZSCAN18	SRR5949447	105.03915002045888
ZSCAN18	SRR5949448	105.0511346923541
ZSCAN18	SRR5949449	105.0511346923541
ZSCAN18	SRR5949450	105.04352687359298
ZSCAN18	SRR5949451	105.03611637477704
ZSCAN18	SRR5949452	105.04352687359298
ZSCAN18	SRR5949453	105.04022310487775
ZSCAN18	SRR5949454	105.04913895669034
ZSCAN18	SRR5949455	105.03915002045888
ZSCAN18	SRR5949456	105.05100394477824
ZSCAN18	SRR5949457	105.05056839304059
ZSCAN18	SRR5949458	105.05100394477824
ZSCAN18	SRR5949459	105.04393681035134
ZSCAN18	SRR5949460	105.02562076511116
ZSCAN18	SRR5949461	104.99264225637029
ZSCAN18	SRR5949462	105.0497664119688
ZSCAN18	SRR5949463	105.02489915164476
ZSCAN18	SRR5949464	105.01794297465554
ZSCAN18	SRR5949465	104.97238292768996
ZSCAN18	SRR5949466	105.04352687359298
ZSCAN18	SRR5949467	104.98036270199454
ZSCAN18	SRR5949468	105.0497664119688
ZSCAN18	SRR5949469	105.05056839304059
ZSCAN18	SRR5949470	105.04913895669034
ZSCAN18	SRR5949471	105.03777662683875
ZSCAN18	SRR5949472	105.04393681035134
ZSCAN18	SRR5949473	105.04393681035134
ZSCAN18	SRR5949474	105.04022310487775
ZSCAN18	SRR5949475	105.0511346923541
ZSCAN18	SRR5949476	105.04913895669034
ZSCAN18	SRR5949477	105.05056839304059
ZSCAN18	SRR5949478	105.04393681035134
ZSCAN18	SRR5949479	104.99984173123174
ZSCAN18	SRR5949480	105.03777662683875
ZSCAN18	SRR5949481	105.05056839304059
ZSCAN18	SRR5949482	105.03338095824698
ZSCAN18	SRR5949483	105.00231035413505
ZSCAN18	SRR5949484	105.0497664119688
ZSCAN18	SRR5949485	105.02305340313704
ZSCAN18	SRR5949486	105.04022310487775
ZSCAN18	SRR5949487	105.03777662683875
ZSCAN18	SRR5949488	105.0128690595833
ZSCAN18	SRR5949489	105.02623188326208
ZSCAN18	SRR5949490	105.02637641626227
ZSCAN18	SRR5949491	105.04022310487775
ZSCAN18	SRR5949492	105.02637641626227
ZSCAN18	SRR5949493	105.03611637477704
ZSCAN18	SRR5949494	105.0511346923541
ZSCAN18	SRR5949495	105.01794297465554
ZSCAN18	SRR5949496	105.03611637477704
ZSCAN18	SRR5949497	105.03777662683875
ZSCAN18	SRR5949498	105.04352687359298
ZSCAN18	SRR5949499	105.0497664119688
ZSCAN18	SRR5949500	105.00766902892441
ZSCAN18	SRR5949501	105.02323154824334
ZSCAN18	SRR5949502	105.00231035413505
ZSCAN18	SRR5949503	105.02637641626227
ZSCAN18	SRR5949504	105.04913895669034
ZSCAN18	SRR5949505	105.04913895669034
ZSCAN18	SRR5949506	105.04913895669034
ZSCAN18	SRR5949507	105.05056839304059
ZSCAN18	SRR5949508	105.03611637477704
ZSCAN18	SRR5949509	105.0497664119688
ZSCAN18	SRR5949510	105.04913895669034
ZSCAN18	SRR5949511	104.98219928982199
ZSCAN18	SRR5949512	105.04393681035134
ZSCAN18	SRR5949513	105.0511346923541
ZSCAN18	SRR5949514	105.03395744467046
ZSCAN18	SRR5949515	105.0497664119688
ZSCAN18	SRR5949516	105.04352687359298
ZSCAN18	SRR5949517	105.04913895669034
ZSCAN18	SRR5949518	105.00231035413505
ZSCAN18	SRR5949519	105.02562076511116
ZSCAN18	SRR5949520	105.05056839304059
ZSCAN18	SRR5949521	104.99264225637029
ZSCAN18	SRR5949522	105.04393681035134
ZSCAN18	SRR5949523	105.05056839304059
ZSCAN18	SRR5949524	105.04022310487775
ZSCAN18	SRR5949525	105.03338095824698
ZSCAN18	SRR5949526	104.9873398473744
ZSCAN18	SRR5949527	105.02637641626227
ZSCAN18	SRR5949528	104.92585320108915
ZSCAN18	SRR5949529	105.02323154824334
ZSCAN18	SRR5949530	105.03777662683875
ZSCAN18	SRR5949531	105.03531624928739
ZSCAN18	SRR5949532	105.05056839304059
ZSCAN18	SRR5949533	105.0511346923541
ZSCAN18	SRR5949534	105.02724027103615
ZSCAN18	SRR5949535	105.04913895669034
ZSCAN18	SRR5949536	105.04352687359298
ZSCAN18	SRR5949537	105.0497664119688
ZSCAN18	SRR5949538	105.0511346923541
ZSCAN18	SRR5949539	105.03611637477704
ZSCAN18	SRR5949540	105.02475029396777
ZSCAN18	SRR5949541	105.03777662683875
ZSCAN18	SRR5949542	105.02475029396777
ZSCAN18	SRR5949543	105.04022310487775
ZSCAN18	SRR5949544	105.02562076511116
ZSCAN18	SRR5949545	105.00849337401229
ZSCAN18	SRR5949546	105.02637641626227
ZSCAN18	SRR5949547	105.0511346923541
ZSCAN18	SRR5949548	105.04022310487775
ZSCAN18	SRR5949549	105.00976407434457
ZSCAN18	SRR5949550	104.9732591600609
ZSCAN18	SRR5949551	105.04393681035134
ZSCAN18	SRR5949552	105.01794297465554
ZSCAN18	SRR5949553	105.05100394477824
ZSCAN18	SRR5949554	105.04913895669034
ZSCAN18	SRR5949555	104.21369883731889
ZSCAN18	SRR5949556	105.02305340313704
ZSCAN18	SRR5949557	105.04022310487775
ZSCAN18	SRR5949558	105.01794297465554
ZSCAN18	SRR5949559	105.0497664119688
ZSCAN18	SRR5949560	105.05056839304059
ZSCAN18	SRR5949561	104.99062140616333
ZSCAN18	SRR5949562	105.01794297465554
ZSCAN18	SRR5949563	105.03915002045888
ZSCAN18	SRR5949564	105.04352687359298
ZSCAN18	SRR5949565	105.05100394477824
ZSCAN18	SRR5949566	105.04913895669034
ZSCAN18	SRR5949567	104.88514257554763
ZSCAN18	SRR5949568	105.02475029396777
ZSCAN18	SRR5949569	105.02623188326208
ZSCAN18	SRR5949570	105.03777662683875
ZSCAN18	SRR5949571	105.00849337401229
ZSCAN18	SRR5949572	105.03611637477704
ZSCAN18	SRR5949573	105.02562076511116
ZSCAN18	SRR5949574	105.04022310487775
ZSCAN18	SRR5949575	105.03611637477704
ZSCAN18	SRR5949576	105.03338095824698
ZSCAN18	SRR5949577	105.05100394477824
ZSCAN18	SRR5949578	105.04352687359298
ZSCAN18	SRR5949579	105.04913895669034
ZSCAN18	SRR5949580	105.0497664119688
ZSCAN18	SRR5949581	105.0511346923541
ZSCAN18	SRR5949582	105.0259448128292
ZSCAN18	SRR5949583	105.05100394477824
ZSCAN18	SRR5949584	104.98212260454115
ZSCAN18	SRR5949585	105.04393681035134
ZSCAN18	SRR5949586	105.04913895669034
ZSCAN18	SRR5949587	105.04022310487775
ZSCAN18	SRR5949588	104.92361808349405
ZSCAN18	SRR5949589	105.0511346923541
ZSCAN18	SRR5949590	105.02637641626227
ZSCAN18	SRR5949591	105.0497664119688
ZSCAN18	SRR5949592	105.03611637477704
ZSCAN18	SRR5949593	105.0511346923541
ZSCAN18	SRR5949594	105.03611637477704
ZSCAN18	SRR5949595	105.04393681035134
ZSCAN18	SRR5949596	105.03915002045888
ZSCAN18	SRR5949597	104.99984173123174
ZSCAN18	SRR5949598	105.03611637477704
ZSCAN18	SRR5949599	105.02623188326208
ZSCAN18	SRR5949600	105.04352687359298
ZSCAN18	SRR5949601	105.03611637477704
ZSCAN18	SRR5949602	105.0511346923541
ZSCAN18	SRR5949603	105.04352687359298
ZSCAN18	SRR5949604	105.04913895669034
ZSCAN18	SRR5949605	105.03611637477704
ZSCAN18	SRR5949606	105.01660893684443
ZSCAN18	SRR5949607	105.05056839304059
ZSCAN18	SRR5949608	104.99240318963552
ZSCAN18	SRR5950246	104.9873398473744
ZSCAN18	SRR5950247	105.01794297465554
ZSCAN18	SRR5950248	105.04352687359298
ZSCAN18	SRR5950249	105.0511346923541
ZSCAN18	SRR5950250	105.02562076511116
ZSCAN18	SRR5950251	105.04352687359298
ZSCAN18	SRR5950252	105.05100394477824
ZSCAN18	SRR5950253	105.04393681035134
ZSCAN18	SRR5950254	105.01660893684443
ZSCAN18	SRR5950255	104.99379657118781
ZSCAN18	SRR5950256	104.9494498104116
ZSCAN18	SRR5950257	104.94972403792116
ZSCAN18	SRR5950258	105.04352687359298
ZSCAN18	SRR5950259	105.05056839304059
ZSCAN18	SRR5950260	105.04352687359298
ZSCAN18	SRR5950261	105.04393681035134
ZSCAN18	SRR5950262	105.03395744467046
ZSCAN18	SRR5950263	104.99984173123174
ZSCAN18	SRR5950264	105.05056839304059
ZSCAN18	SRR5950265	105.02489915164476
ZSCAN18	SRR5950266	104.97945099214726
ZSCAN18	SRR5950267	105.04352687359298
ZSCAN18	SRR5950268	105.03611637477704
ZSCAN18	SRR5950269	105.03611637477704
ZSCAN18	SRR5950270	105.0124618812861
ZSCAN18	SRR5950271	105.0511346923541
ZSCAN18	SRR5950272	105.0511346923541
ZSCAN18	SRR5950273	105.04352687359298
ZSCAN18	SRR5950274	105.02724027103615
ZSCAN18	SRR5950275	105.03611637477704
ZSCAN18	SRR5950276	105.04393681035134
ZSCAN18	SRR5950277	105.02323154824334
ZSCAN18	SRR5950278	104.99546064097032
ZSCAN18	SRR5950279	105.03915002045888
ZSCAN18	SRR5950280	105.04913895669034
ZSCAN18	SRR5950281	105.03611637477704
ZSCAN18	SRR5950282	104.99987330225882
ZSCAN18	SRR5950283	105.04393681035134
ZSCAN18	SRR5950284	104.75318437374085
ZSCAN18	SRR5950285	105.02167729940058
ZSCAN18	SRR5950286	105.04022310487775
ZSCAN18	SRR5950287	104.99428079950715
ZSCAN18	SRR5950288	105.02475029396777
ZSCAN18	SRR5950289	104.9892951406951
ZSCAN18	SRR5950290	105.0497664119688
ZSCAN18	SRR5950291	105.04393681035134
ZSCAN18	SRR5950292	105.03395744467046
ZSCAN18	SRR5950293	105.00976407434457
ZSCAN18	SRR5950294	105.0511346923541
ZSCAN18	SRR5950295	105.05056839304059
ZSCAN18	SRR5950296	105.04022310487775
ZSCAN18	SRR5950297	105.01660893684443
ZSCAN18	SRR5950298	105.0497664119688
ZSCAN18	SRR5950299	105.0259448128292
ZSCAN18	SRR5950300	105.04022310487775
ZSCAN18	SRR5950301	105.04393681035134
ZSCAN18	SRR5950302	105.03777662683875
ZSCAN18	SRR5950303	105.02724027103615
ZSCAN18	SRR5950304	105.01534987946972
ZSCAN18	SRR5950305	105.03777662683875
ZSCAN18	SRR5950306	105.03915002045888
ZSCAN18	SRR5950307	105.02623188326208
ZSCAN18	SRR5950308	105.03531624928739
ZSCAN18	SRR5950309	105.03611637477704
ZSCAN18	SRR5950310	105.04022310487775
ZSCAN18	SRR5950311	105.0497664119688
ZSCAN18	SRR5950312	105.04352687359298
ZSCAN18	SRR5950313	105.03395744467046
ZSCAN18	SRR5950314	105.0497664119688
ZSCAN18	SRR5950315	105.04393681035134
ZSCAN18	SRR5950316	105.05056839304059
ZSCAN18	SRR5950317	105.0259448128292
ZSCAN18	SRR5950318	105.0128690595833
ZSCAN18	SRR5950319	105.02637641626227
ZSCAN18	SRR5950320	105.02489915164476
ZSCAN18	SRR5950321	104.95675862172082
ZSCAN18	SRR5950322	105.02323154824334
ZSCAN18	SRR5950323	105.03338095824698
ZSCAN18	SRR5950324	105.0497664119688
ZSCAN18	SRR5950325	105.03531624928739
ZSCAN18	SRR5950326	105.02305340313704
ZSCAN18	SRR5950327	105.04393681035134
ZSCAN18	SRR5950328	105.04393681035134
ZSCAN18	SRR5950329	105.04022310487775
ZSCAN18	SRR5950330	105.02637641626227
ZSCAN18	SRR5950331	105.00976407434457
ZSCAN18	SRR5950332	105.02167729940058
ZSCAN18	SRR5950333	105.0497664119688
ZSCAN18	SRR5950334	105.04913895669034
ZSCAN18	SRR5950335	105.04913895669034
ZSCAN18	SRR5950336	104.87179434762322
ZSCAN18	SRR5950337	104.99546064097032
ZSCAN18	SRR5950338	104.93885952993567
ZSCAN18	SRR5950339	105.0511346923541
ZSCAN18	SRR5950340	105.02562076511116
ZSCAN18	SRR5950341	105.03338095824698
ZSCAN18	SRR5950342	105.05056839304059
ZSCAN18	SRR5950343	105.03531624928739
ZSCAN18	SRR5950344	105.02489915164476
ZSCAN18	SRR5950345	105.03338095824698
ZSCAN18	SRR5950346	105.04352687359298
ZSCAN18	SRR5950347	105.03777662683875
ZSCAN18	SRR5950348	105.02623188326208
ZSCAN18	SRR5950349	105.05100394477824
ZSCAN18	SRR5950350	105.04352687359298
ZSCAN18	SRR5950351	104.99984173123174
ZSCAN18	SRR5950352	105.05056839304059
ZSCAN18	SRR5950353	105.03915002045888
ZSCAN18	SRR5950354	105.05056839304059
ZSCAN18	SRR5950355	105.05100394477824
ZSCAN18	SRR5950356	104.98898130231588
ZSCAN18	SRR5950357	105.05056839304059
ZSCAN18	SRR5950358	105.02623188326208
ZSCAN18	SRR5950359	105.03531624928739
ZSCAN18	SRR5950360	105.05056839304059
ZSCAN18	SRR5950361	105.05056839304059
ZSCAN18	SRR5950362	105.02323154824334
ZSCAN18	SRR5950363	105.0128690595833
ZSCAN18	SRR5950364	105.02637641626227
ZSCAN18	SRR5950365	105.04393681035134
ZSCAN18	SRR5950366	105.0497664119688
ZSCAN18	SRR5950367	104.9594441942148
ZSCAN18	SRR5950368	105.03915002045888
ZSCAN18	SRR5950369	105.0511346923541
ZSCAN18	SRR5950370	105.0511346923541
ZSCAN18	SRR5950371	105.04393681035134
ZSCAN18	SRR5950372	105.04913895669034
ZSCAN18	SRR5950373	105.04022310487775
ZSCAN18	SRR5950374	105.03915002045888
ZSCAN18	SRR5950375	105.0497664119688
ZSCAN18	SRR5950376	105.05100394477824
ZSCAN18	SRR5950377	105.0124618812861
ZSCAN18	SRR5950378	105.04022310487775
ZSCAN18	SRR5950379	105.03915002045888
ZSCAN18	SRR5950380	105.03338095824698
ZSCAN18	SRR5950381	105.03338095824698
ZSCAN18	SRR5950382	104.99379657118781
ZSCAN18	SRR5950383	105.05100394477824
ZSCAN18	SRR5950384	105.0497664119688
ZSCAN18	SRR5950385	104.99428079950715
ZSCAN18	SRR5950386	105.04913895669034
ZSCAN18	SRR5950387	105.05100394477824
ZSCAN18	SRR5950388	105.02562076511116
ZSCAN18	SRR5950389	104.94322135556034
ZSCAN18	SRR5950390	105.03338095824698
ZSCAN18	SRR5950391	105.0511346923541
ZSCAN18	SRR5950392	104.99264225637029
ZSCAN18	SRR5950393	105.0259448128292
ZSCAN18	SRR5950394	105.03611637477704
ZSCAN18	SRR5950395	105.03915002045888
ZSCAN18	SRR5950396	105.0511346923541
ZSCAN18	SRR5950397	105.05100394477824
ZSCAN18	SRR5950398	105.05100394477824
ZSCAN18	SRR5950399	105.03395744467046
ZSCAN18	SRR5950400	105.03531624928739
ZSCAN18	SRR5950401	105.0497664119688
ZSCAN18	SRR5950402	105.0497664119688
ZSCAN18	SRR5950403	105.04393681035134
ZSCAN18	SRR5950404	105.04913895669034
ZSCAN18	SRR5950405	104.92361808349405
ZSCAN18	SRR5950406	105.00766902892441
ZSCAN18	SRR5950407	105.04393681035134
ZSCAN18	SRR5950408	105.01794297465554
ZSCAN18	SRR5950409	105.02562076511116
ZSCAN18	SRR5950410	105.0511346923541
ZSCAN18	SRR5950411	105.05056839304059
ZSCAN18	SRR5950412	105.04913895669034
ZSCAN18	SRR5950413	105.00849337401229
ZSCAN18	SRR5950414	105.04913895669034
ZSCAN18	SRR5950415	105.03395744467046
ZSCAN18	SRR5950416	105.03611637477704
ZSCAN18	SRR5950417	105.03531624928739
ZSCAN18	SRR5950418	105.02489915164476
ZSCAN18	SRR5950419	105.05056839304059
ZSCAN18	SRR5950420	105.03777662683875
ZSCAN18	SRR5950421	105.0259448128292
ZSCAN18	SRR5950422	105.02288300957433
ZSCAN18	SRR5950423	105.04022310487775
ZSCAN18	SRR5950424	105.0497664119688
ZSCAN18	SRR5950425	105.05056839304059
ZSCAN18	SRR5950426	105.02623188326208
ZSCAN18	SRR5950427	105.04913895669034
ZSCAN18	SRR5950428	105.04022310487775
ZSCAN18	SRR5950429	105.05056839304059
ZSCAN18	SRR5950430	105.03611637477704
ZSCAN18	SRR5950431	105.03777662683875
ZSCAN18	SRR5950432	105.04913895669034
ZSCAN18	SRR5950433	105.04393681035134
ZSCAN18	SRR5950434	105.02623188326208
ZSCAN18	SRR5950435	105.04022310487775
ZSCAN18	SRR5950436	105.05056839304059
ZSCAN18	SRR5950437	105.03777662683875
ZSCAN18	SRR5950438	105.0497664119688
ZSCAN18	SRR5950439	105.05100394477824
ZSCAN18	SRR5950440	104.66696273947223
ZSCAN18	SRR5950441	3780.780382778421
ZSCAN18	SRR5950442	105.04352687359298
ZSCAN18	SRR5950443	105.02724027103615
ZSCAN18	SRR5950444	105.04393681035134
ZSCAN18	SRR5950445	105.04913895669034
ZSCAN18	SRR5950446	105.03338095824698
ZSCAN18	SRR5950447	105.0124618812861
ZSCAN18	SRR5950448	105.04352687359298
ZSCAN18	SRR5950449	105.04913895669034
ZSCAN18	SRR5950450	105.05056839304059
ZSCAN18	SRR5950451	105.0511346923541
ZSCAN18	SRR5950452	105.02305340313704
ZSCAN18	SRR5950453	105.0497664119688
ZSCAN18	SRR5950454	105.02288300957433
ZSCAN18	SRR5950455	105.0497664119688
ZSCAN18	SRR5950456	105.04022310487775
ZSCAN18	SRR5950457	105.03338095824698
ZSCAN18	SRR5950458	105.0511346923541
ZSCAN18	SRR5950459	105.03777662683875
ZSCAN18	SRR5950460	105.03777662683875
ZSCAN18	SRR5950461	105.04352687359298
ZSCAN18	SRR5950462	105.00231035413505
ZSCAN18	SRR5950463	105.02724027103615
ZSCAN18	SRR5950464	105.02323154824334
ZSCAN18	SRR5950465	104.61343129925395
ZSCAN18	SRR5950466	105.04913895669034
ZSCAN18	SRR5950467	105.03915002045888
ZSCAN18	SRR5950468	105.04352687359298
ZSCAN18	SRR5950469	105.03338095824698
ZSCAN18	SRR5950470	105.05056839304059
ZSCAN18	SRR5963912	105.0511346923541
ZSCAN18	SRR5963913	105.02475029396777
ZSCAN18	SRR5963914	105.0511346923541
ZSCAN18	SRR5963915	105.02489915164476
ZSCAN18	SRR5963916	105.00264351275861
ZSCAN18	SRR5963917	105.03611637477704
ZSCAN18	SRR5963918	105.03777662683875
ZSCAN18	SRR5963919	105.04913895669034
ZSCAN18	SRR5963920	105.03915002045888
ZSCAN18	SRR5963921	105.0497664119688
ZSCAN18	SRR5963922	105.03531624928739
ZSCAN18	SRR5963923	105.03777662683875
ZSCAN18	SRR5963924	105.04913895669034
ZSCAN18	SRR5963925	105.02475029396777
ZSCAN18	SRR5963926	105.02475029396777
ZSCAN18	SRR5963927	105.05056839304059
ZSCAN18	SRR5963928	105.02167729940058
ZSCAN18	SRR5963929	105.04393681035134
ZSCAN18	SRR5963930	105.00849337401229
ZSCAN18	SRR5963931	105.05100394477824
ZSCAN18	SRR5963932	105.04022310487775
ZSCAN18	SRR5963933	105.03395744467046
ZSCAN18	SRR5963934	105.0128690595833
ZSCAN18	SRR5963935	105.0511346923541
ZSCAN18	SRR5963936	105.02323154824334
ZSCAN18	SRR5963937	104.99428079950715
ZSCAN18	SRR5963938	105.04352687359298
ZSCAN18	SRR5963939	105.04913895669034
ZSCAN18	SRR5963940	105.04913895669034
ZSCAN18	SRR5963941	105.0511346923541
ZSCAN18	SRR5963942	105.0511346923541
ZSCAN18	SRR5963943	105.0497664119688
ZSCAN18	SRR5963944	105.0511346923541
ZSCAN18	SRR5963945	105.05100394477824
ZSCAN18	SRR5963946	105.04393681035134
ZSCAN18	SRR5963947	105.04393681035134
ZSCAN18	SRR5963948	105.04393681035134
ZSCAN18	SRR6467548	116.12711009608385
ZSCAN18	SRR6467549	19.317229428381392
ZSCAN18	SRR6467550	160.50791612606696
ZSCAN18	SRR6467551	37.61094507071153
ZSCAN18	SRR6467552	23.381659636261528
ZSCAN18	SRR6467553	17.542847765776273
ZSCAN18	SRR6467554	1.022575385288971
ZSCAN18	SRR6467555	61.880027758403315
ZSCAN18	SRR6467556	17.20147689028416
ZSCAN18	SRR6467557	76.86957625917839
ZSCAN18	SRR6467558	40.81169202393731
ZSCAN18	SRR6467559	177.38803953134513
ZSCAN18	SRR6467560	133.3512506824229
ZSCAN18	SRR6467561	172.27746499752826
ZSCAN18	SRR6467562	219.83217012352884
ZSCAN18	SRR6467563	168.03518317543111
ZSCAN18	SRR6467564	104.76088007936274
ZSCAN18	SRR6467565	67.65084013655532
ZSCAN18	SRR6467566	1.0276080890484358
ZSCAN18	SRR6467567	94.03222758419709
ZSCAN18	SRR6467568	11.045133186826993
ZSCAN18	SRR6467569	1.0146718773316246
ZSCAN18	SRR6467570	247.84414881078644
ZSCAN18	SRR6467571	217.15624826916815
ZSCAN18	SRR6467572	45.27816968728249
ZSCAN18	SRR6467573	42.28684730453644
ZSCAN18	SRR6467574	263
ZSCAN18	SRR6467575	145.77748847081332
ZSCAN18	SRR6467576	130.6134992759188
ZSCAN18	SRR6467577	172.24778228296594
ZSCAN18	SRR6467578	49.48326969211769
ZSCAN18	SRR6467579	1.0106905274838194
ZSCAN18	SRR6467580	100.95017940610643
ZSCAN18	SRR6467581	201.22790033622945
ZSCAN18	SRR6467582	126.15436282383868
ZSCAN18	SRR6467583	253
ZSCAN18	SRR6467584	7.025667287813733
ZSCAN18	SRR6467585	129.3384840859945
ZSCAN18	SRR6467586	221.3826193259003
ZSCAN18	SRR6467587	169.87566542889212
ZSCAN18	SRR6467588	247.78612230858792
ZSCAN18	SRR6467589	185
ZSCAN18	SRR6467590	73.2050108854599
ZSCAN18	SRR6467591	44.46495746515081
ZSCAN18	SRR6467592	73.56829165165254
ZSCAN18	SRR6467593	26.11882479910399
ZSCAN18	SRR6467594	149.2093801420941
ZSCAN18	SRR6467595	122.2674622758424
ZSCAN18	SRR6467596	118
ZSCAN18	SRR6467597	192.78907150779054
ZSCAN18	SRR6467598	432.84740396603013
ZSCAN18	SRR6467599	89.33645795997744
ZSCAN18	SRR6467600	17.0819920759138
ZSCAN18	SRR6467601	99.55212564957945
ZSCAN18	SRR6467602	194.6480859451963
ZSCAN18	SRR6467603	201
ZSCAN18	SRR6467604	1.0042569254079385
ZSCAN18	SRR6467605	44.15863666794789
ZSCAN18	SRR6467606	223
ZSCAN18	SRR6467607	466
ZSCAN18	SRR6467608	102.26804931149938
ZSCAN18	SRR6467609	82.01475679724007
ZSCAN18	SRR6467610	1.0100482822048622
ZSCAN18	SRR6467611	506.81183752554614
ZSCAN18	SRR6467612	192.10886896490896
ZSCAN18	SRR6467613	261
ZSCAN18	SRR6467614	264
ZSCAN18	SRR6467615	1.0128041618842896
ZSCAN18	SRR6467616	1.0098959578192344
ZSCAN18	SRR6467617	105.70464986404431
ZSCAN18	SRR6467618	151
ZSCAN18	SRR6467619	375.5739043589496
ZSCAN18	SRR6467620	132.34688734429332
ZSCAN18	SRR6467621	107.54819141228748
ZSCAN18	SRR6467622	44.663011374206334
ZSCAN18	SRR6467623	175.9213162687314
ZSCAN18	SRR6467624	237.04265074324263
ZSCAN18	SRR6467625	47
ZSCAN18	SRR6467626	209
ZSCAN18	SRR6467627	52.52274079343395
ZSCAN18	SRR6467628	163
ZSCAN18	SRR6467629	256.2992229249054
ZSCAN18	SRR6467630	165.11880628761634
ZSCAN18	SRR6467631	73.06570938980411
ZSCAN18	SRR6467632	41.29492341166752
ZSCAN18	SRR6467633	179
ZSCAN18	SRR6467634	236.94985081708396
ZSCAN18	SRR6467635	253.44708840282638
ZSCAN18	SRR6467636	12.121295559857694
ZSCAN18	SRR6467637	111
ZSCAN18	SRR6467638	68
ZSCAN18	SRR6467639	112.3584008890633
ZSCAN18	SRR6467640	80.65299239245316
ZSCAN18	SRR6467641	82.7633592646494
ZSCAN18	SRR6467642	328.3679202702537
ZSCAN18	SRR6467643	5.062581345967972
ZSCAN18	SRR6467644	296
ZSCAN18	SRR6467645	332.83086431799205
ZSCAN18	SRR6467646	109
ZSCAN18	SRR6467647	219.82926152424852
ZSCAN18	SRR6467648	73.42380855726887
ZSCAN18	SRR6467649	51.27008994849131
ZSCAN18	SRR6467650	29.158758381908164
ZSCAN18	SRR6467651	86.25295718608122
ZSCAN18	SRR6467652	112.02015562549863
ZSCAN18	SRR6467653	49.48771759221668
ZSCAN18	SRR6467654	166.622016739049
ZSCAN18	SRR6467655	146
ZSCAN18	SRR6467656	334.14834705077357
ZSCAN18	SRR6467657	103
ZSCAN18	SRR6467658	256
ZSCAN18	SRR6467659	258.17359444103226
ZSCAN18	SRR6467660	48.328690080982916
ZSCAN18	SRR6467661	109.49920238439786
ZSCAN18	SRR6467662	188.8187073952108
ZSCAN18	SRR6467663	32.08986778540708
ZSCAN18	SRR6467664	135.8122023230882
ZSCAN18	SRR6467665	45
ZSCAN18	SRR6467666	54
ZSCAN18	SRR6467667	178.29467860180006
ZSCAN18	SRR6467668	81.74301329884658
ZSCAN18	SRR6467669	34
ZSCAN18	SRR6467670	89
ZSCAN18	SRR6467671	242.78720410650996
ZSCAN18	SRR6467672	1.0088613809216063
ZSCAN18	SRR6467673	40.38386598824643
ZSCAN18	SRR6467674	1.0063138266234677
ZSCAN18	SRR6467675	23.199062710341362
ZSCAN18	SRR6467676	168.39966022240947
ZSCAN18	SRR6467677	166
ZSCAN18	SRR6467678	311
ZSCAN18	SRR6467679	180
ZSCAN18	SRR6467680	56.60084615728278
ZSCAN18	SRR6467681	149
ZSCAN18	SRR6467682	73.43881534174724
ZSCAN18	SRR6467683	74.82873591762771
ZSCAN18	SRR6467684	223.58228332549194
ZSCAN18	SRR6467685	1.0141034233036246
ZSCAN18	SRR6467686	141.20744149799683
ZSCAN18	SRR6467687	274.9326854197461
ZSCAN18	SRR6467688	152.78355970908086
ZSCAN18	SRR6467689	54.53734746184595
ZSCAN18	SRR6467690	29.159033677950536
ZSCAN18	SRR6467691	130.72324483468086
ZSCAN18	SRR6467692	190.20524779590625
ZSCAN18	SRR6467693	139.77409298189093
ZSCAN18	SRR6467694	67.50893997176883
ZSCAN18	SRR6467695	89.40674642770212
ZSCAN18	SRR6467696	184.92573690684773
ZSCAN18	SRR6467697	34
ZSCAN18	SRR6467698	182.85468380975533
ZSCAN18	SRR6467699	269
ZSCAN18	SRR6467700	178.06413439220165
ZSCAN18	SRR6467701	148
ZSCAN18	SRR6467702	1.0143385323766478
ZSCAN18	SRR6467703	1.0123945241480405
ZSCAN18	SRR6467704	105.29487867086698
ZSCAN18	SRR6467705	64.41806411114551
ZSCAN18	SRR6467706	20.368967471408336
ZSCAN18	SRR6467707	121
ZSCAN18	SRR6467708	42.072502581908914
ZSCAN18	SRR6467709	145
ZSCAN18	SRR6467710	92.08281183372574
ZSCAN18	SRR6467711	234.31959861631944
ZSCAN18	SRR6467712	1.0112948620213962
ZSCAN18	SRR6467713	274.3738414689239
ZSCAN18	SRR6467714	13.077825831167686
ZSCAN18	SRR6467715	246
ZSCAN18	SRR6467716	19
ZSCAN18	SRR6467717	1.012284376852264
ZSCAN18	SRR6467718	36.55523006738534
ZSCAN18	SRR6467719	175.63996133806904
ZSCAN18	SRR6467720	149
ZSCAN18	SRR6467721	79.12804437402944
ZSCAN18	SRR6467722	229
ZSCAN18	SRR6467723	171
ZSCAN18	SRR6467724	353
ZSCAN18	SRR6467725	243
ZSCAN18	SRR6467726	256.0728966163495
ZSCAN18	SRR6467727	140.32788280229067
ZSCAN18	SRR6467728	273
ZSCAN18	SRR6467729	63.437020064022754
ZSCAN18	SRR6467730	138.2959933616853
ZSCAN18	SRR6467731	1.0098953358933669
ZSCAN18	SRR6467732	194.97230541756568
ZSCAN18	SRR6467733	42.072502581908914
ZSCAN18	SRR6467734	136.75708951225778
ZSCAN18	SRR6467735	1.0082981694634305
ZSCAN18	SRR6467736	1.0062109131444412
ZSCAN18	SRR6467737	140.87208435677522
ZSCAN18	SRR6467738	76.02735652450819
ZSCAN18	SRR6467739	109
ZSCAN18	SRR6467740	108.58312840635047
ZSCAN18	SRR6467741	186.37423027293735
ZSCAN18	SRR6467742	50
ZSCAN18	SRR6467743	95
ZSCAN18	SRR6467744	200
ZSCAN18	SRR6467745	107.04978267368597
ZSCAN18	SRR6467746	1.007980111823691
ZSCAN18	SRR6467747	198.3663837978671
ZSCAN18	SRR6467748	276.648309880714
ZSCAN18	SRR6467749	51
ZSCAN18	SRR6467750	42.09965210678683
ZSCAN18	SRR6467751	1.015116940806616
ZSCAN18	SRR6467752	1.0082599653422244
ZSCAN18	SRR6467753	204.2299325762815
ZSCAN18	SRR6467754	204.52794770986083
ZSCAN18	SRR6467755	152.08446700000783
ZSCAN18	SRR6467756	104.13108231785388
ZSCAN18	SRR6467757	54
ZSCAN18	SRR6467758	36
ZSCAN18	SRR6467759	1.0056828803089768
ZSCAN18	SRR6467760	136.04390627199848
ZSCAN18	SRR6467761	49.18117480999858
ZSCAN18	SRR6467762	86.43150410404706
ZSCAN18	SRR6467763	122.7225460601502
ZSCAN18	SRR6467764	270.18426620784544
ZSCAN18	SRR6467765	126.1588112697076
ZSCAN18	SRR6467766	1.0148654635807097
ZSCAN18	SRR6467767	30.204507719876904
ZSCAN18	SRR6467768	1.012490620071433
ZSCAN18	SRR6467769	3.0539555859229535
ZSCAN18	SRR6467770	215
ZSCAN18	SRR6467771	210.07330665231635
ZSCAN18	SRR6467772	92.65894607647195
ZSCAN18	SRR6467773	114.45064743643289
ZSCAN18	SRR6868540	104.51157028213827
ZSCAN18	SRR6868541	190.0807420159577
ZSCAN18	SRR6868542	94.29259967254184
ZSCAN18	SRR6868543	211.1379553731366
ZSCAN18	SRR6868544	373.908298183104
ZSCAN18	SRR6868545	186.4967843766991
ZSCAN18	SRR6868546	150.3194203711034
ZSCAN18	SRR6868557	91.08334681250508
ZSCAN18	SRR6868558	62.94523316573858
ZSCAN18	SRR6868559	123.90337805010523
ZSCAN18	SRR6868560	145.4362586876943
ZSCAN18	SRR6868569	30.791508417338758
ZSCAN18	SRR6868570	175.6836140028875
ZSCAN18	SRR6868571	67.88382980160064
ZSCAN18	SRR6868572	82.96361402850785
ZSCAN18	SRR6868573	60.37780765107873
ZSCAN18	SRR6868574	176.12678911488234
ZSCAN18	SRR6868575	53.34188311196763
ZSCAN18	SRR6868576	118.86025847951086
ZSCAN18	SRR6868577	107.34796675433157
ZSCAN18	SRR6868578	114.75376701744416
ZSCAN18	SRR6868579	61.57999229110544
ZSCAN18	SRR6868580	104.10753145127498
ZSCAN18	SRR6868581	57.90071298447925
ZSCAN18	SRR6868582	84.69087412855293
ZSCAN18	SRR6868585	144.11171519832254
ZSCAN18	SRR6868586	63.570232550920494
ZSCAN18	SRR6868587	61.47719946170216
ZSCAN18	SRR6868588	206.47297287903586
ZSCAN18	SRR6868589	180.97213010354363
ZSCAN18	SRR6868590	132.10034002908762
ZSCAN18	SRR6868591	140.8102858006007
ZSCAN18	SRR6868604	34.424175075179264
ZSCAN18	SRR6868605	105.24493323637734
ZSCAN18	SRR6868606	107.18116939016326
ZSCAN18	SRR6868607	58.95250379657534
ZSCAN18	SRR6868608	65.5472640124345
ZSCAN18	SRR6868609	100.21335412727738
ZSCAN18	SRR6868610	91.42557203660242
ZSCAN18	SRR6868620	111.24092976741042
ZSCAN18	SRR6868621	176.77581106349265
ZSCAN18	SRR6868622	87.03808285761278
ZSCAN18	SRR6868623	54.847677294231495
ZSCAN18	SRR6868636	61.57948211139445
ZSCAN18	SRR6868637	138.49024277656392
ZSCAN18	SRR6868638	89.96678083766643
ZSCAN18	SRR6868639	271.89175563698973
ZSCAN18	SRR6868650	154.90040069083332
ZSCAN18	SRR6868651	215.05075786124985
ZSCAN18	SRR6868652	78.31099167032806
ZSCAN18	SRR6868653	103.9174161189502
ZSCAN18	SRR6868654	192.85585120646573
ZSCAN18	SRR6868655	104.52392275856252
ZSCAN18	SRR6868665	63.908671232038
ZSCAN18	SRR6868666	211.13948024716956
ZSCAN18	SRR6868667	282.2067709191065
ZSCAN18	SRR6868668	290.1464799973359
ZSCAN18	SRR6868669	224.70080512955866
ZSCAN18	SRR6868670	120.09356881593331
ZSCAN18	SRR6868671	144.05133102663567
ZSCAN18	SRR6868683	190.38512341364805
ZSCAN18	SRR6868684	91.41112228058995
ZSCAN18	SRR6868685	118.47220877143857
ZSCAN18	SRR6868686	155.5829716520869
ZSCAN18	SRR6868687	92.50985280214934
ZSCAN18	SRR6868688	101.65302454304128
ZSCAN18	SRR6868689	92.32913776191707
ZSCAN18	SRR6868698	138.47786800390048
ZSCAN18	SRR6868699	289.0249510514588
ZSCAN18	SRR6868700	207.27521457031577
ZSCAN18	SRR6868701	195.02410943865863
ZSCAN18	SRR6868702	286.18076283029455
ZSCAN18	SRR6868713	216.23703994368
ZSCAN18	SRR6868714	169.0568088443361
ZSCAN18	SRR6868715	267.19919531449204
ZSCAN18	SRR6868716	188.25240085707765
ZSCAN18	SRR6868717	141.43519652739977
ZSCAN18	SRR6868718	360.4006118371717
ZSCAN18	SRR6868719	871.410108929185
ZSCAN18	SRR6868720	403.02944126943356
ZSCAN18	SRR6868721	309.43977574797856
ZSCAN18	SRR6868722	255.20774027469142
ZSCAN18	SRR6868723	202.87777404568502
ZSCAN18	SRR6868724	309.9746045403258
ZSCAN18	SRR6868725	509.1182510867474
ZSCAN18	SRR6868726	592.4259549368152
ZSCAN18	SRR6868741	142.02180412089058
ZSCAN18	SRR7632756	122.00203439893866
ZSCAN18	SRR7632757	9.250092378233095
ZSCAN18	SRR7632758	353.73097201747055
ZSCAN18	SRR7632759	110.19462828158986
ZSCAN18	SRR7632760	115.29514807934
ZSCAN18	SRR7632761	194.3744820315713
ZSCAN18	SRR7632762	118.50339969935843
ZSCAN18	SRR7632763	28.459563315650133
ZSCAN18	SRR7632764	20.740652348148203
ZSCAN18	SRR7632765	228.5991690492339
ZSCAN18	SRR7632766	40.217073112382074
ZSCAN18	SRR7632767	211.50063320314337
ZSCAN18	SRR7632768	183.93764698395526
ZSCAN18	SRR7632769	54.6207182199392
ZSCAN18	SRR7632770	59.488160228379236
ZSCAN18	SRR7632771	35.911244462001356
ZSCAN18	SRR7632772	35.6759893918102
ZSCAN18	SRR7632773	232.2504571436381
ZSCAN18	SRR7632774	109.69156110183577
ZSCAN18	SRR7632775	184.0568135782269
ZSCAN18	SRR7632776	6.227756894464317
ZSCAN18	SRR7632777	28.67615657596129
ZSCAN18	SRR7632778	128.53304627236392
ZSCAN18	SRR7632779	21.550626442520525
ZSCAN18	SRR7632780	273.0093987494414
ZSCAN18	SRR7632781	13.800096702746407
ZSCAN18	SRR7632782	124.68389286134341
ZSCAN18	SRR7632783	68.50023972507037
ZSCAN18	SRR7632784	182.57823735358062
ZSCAN18	SRR7632785	184.3172434712268
ZSCAN18	SRR7632786	1.0416272812793046
ZSCAN18	SRR7632787	183.71244845949207
ZSCAN18	SRR7632788	459.0383611492026
ZSCAN18	SRR7632789	102.83879000862613
ZSCAN18	SRR7632790	245.3911422999278
ZSCAN18	SRR7632791	1.0448790382400983
ZSCAN18	SRR7632792	286.0892364988233
ZSCAN18	SRR7632793	105.26264360160458
ZSCAN18	SRR7632794	13.090355849388809
ZSCAN18	SRR7632795	346.1134695597416
ZSCAN18	SRR7632796	128.17072043947226
ZSCAN18	SRR7632797	1.150699232136202
ZSCAN18	SRR7632798	225.28362798509295
ZSCAN18	SRR7632799	139.1570108872865
ZSCAN18	SRR7632800	110.64093064333608
ZSCAN18	SRR7632801	313.64198576639103
ZSCAN18	SRR7632802	112.81839726988757
ZSCAN18	SRR7632803	37.889182802260606
ZSCAN18	SRR7632804	1.0405209189801317
ZSCAN18	SRR7632805	159.49201210078718
ZSCAN18	SRR7632806	453.08113672240324
ZSCAN18	SRR7632807	75.6519871977534
ZSCAN18	SRR7632808	189.54536407248727
ZSCAN18	SRR7632809	1.048829496254109
ZSCAN18	SRR7632810	150.62670150495487
ZSCAN18	SRR7632811	111.75480614653
ZSCAN18	SRR7632812	73.5240912394048
ZSCAN18	SRR7632813	123.76240404441243
ZSCAN18	SRR7632814	349.23137894925725
ZSCAN18	SRR7632815	162.26327834197116
ZSCAN18	SRR7632816	43.01629961573446
ZSCAN18	SRR7632817	79.1672887166163
ZSCAN18	SRR7632818	191.03109908970683
ZSCAN18	SRR7632819	317.77586796865995
ZSCAN18	SRR7632820	59.40597870169043
ZSCAN18	SRR7632821	365.6300819618275
ZSCAN18	SRR7632822	144.7921670709397
ZSCAN18	SRR7632823	310.1373142822921
ZSCAN18	SRR7632824	178.81349285540423
ZSCAN18	SRR7632825	171.48023097826908
ZSCAN18	SRR7632826	382.2465058617127
ZSCAN18	SRR7632827	9.495360871167275
ZSCAN18	SRR7632828	40.01947792366577
ZSCAN18	SRR7632829	102.46091732168
ZSCAN18	SRR7632830	36.70107534538627
ZSCAN18	SRR7632831	68.63018908836725
ZSCAN18	SRR7632832	140.01750099908867
ZSCAN18	SRR7632833	1.0516979198200802
ZSCAN18	SRR7632834	80.28576748439161
ZSCAN18	SRR7632835	1.110030669431967
ZSCAN18	SRR7632836	124.83604946798876
ZSCAN18	SRR7632837	181.15700355618534
ZSCAN18	SRR7632838	64.5881696437705
ZSCAN18	SRR7632839	103.17236786289915
ZSCAN18	SRR7632840	68.02843445326721
ZSCAN18	SRR7632841	1.1191732546509214
ZSCAN18	SRR7632842	209.39495507463116
ZSCAN18	SRR7632843	129.68963909325063
ZSCAN18	SRR7632844	45.748656468400625
ZSCAN18	SRR7632845	83.41556762494609
ZSCAN18	SRR7632846	1.049674009840069
ZSCAN18	SRR7632847	101.3344945276301
ZSCAN18	SRR7632848	228.07044379926253
ZSCAN18	SRR7632849	146.64870686967717
ZSCAN18	SRR7632850	131.67828721485898
ZSCAN18	SRR7632851	322.2393194491585
ZSCAN18	SRR7632852	353.4449236365617
ZSCAN18	SRR7632853	285.43939752590666
ZSCAN18	SRR7632854	222.4597026420617
ZSCAN18	SRR7632855	434
ZSCAN18	SRR7632856	87.56305214855192
ZSCAN18	SRR7632857	142.81279916423873
ZSCAN18	SRR7632858	53.932925805765336
ZSCAN18	SRR7632859	95.65262921545344
ZSCAN18	SRR7632860	187.13760046105497
ZSCAN18	SRR7632861	66.42774751285044
ZSCAN18	SRR7632862	104.56389687596673
ZSCAN18	SRR7632863	1.1276773456759084
ZSCAN18	SRR7632864	1.121531795981538
ZSCAN18	SRR7632865	554.7980894462972
ZSCAN18	SRR7632866	215.2155053765402
ZSCAN18	SRR7632867	286.9319858275867
ZSCAN18	SRR7632868	85.12935794951022
ZSCAN18	SRR7632869	206.93710738707335
ZSCAN18	SRR7632870	245.94160167358933
ZSCAN18	SRR7632871	184.97561980354885
ZSCAN18	SRR7632872	41.29133390578572
ZSCAN18	SRR7632873	395.6461359530148
ZSCAN18	SRR7632874	523.3877852129032
ZSCAN18	SRR7632875	358.5912162364556
ZSCAN18	SRR7632876	144.008986997231
ZSCAN18	SRR7632877	172.82841522286498
ZSCAN18	SRR7632878	127.7647036289115
ZSCAN18	SRR7632879	181.41035669870234
ZSCAN18	SRR7632880	307.3022182224789
ZSCAN18	SRR7632881	180.463330348946
ZSCAN18	SRR7632882	153.597322648236
ZSCAN18	SRR7632883	196.33676130912116
ZSCAN18	SRR7632884	40.31955738368643
ZSCAN18	SRR7632885	205.0235678747163
ZSCAN18	SRR7632886	173.432107389183
ZSCAN18	SRR7632887	150.50957898715052
ZSCAN18	SRR7632888	65.40168406088536
ZSCAN18	SRR7632889	155.1339245799543
ZSCAN18	SRR7632890	1.1021455850880635
ZSCAN18	SRR7632891	33.51119906149631
ZSCAN18	SRR7632892	311.80698870036093
ZSCAN18	SRR7632893	36.338156607933826
ZSCAN18	SRR7632894	40.84485957543186
ZSCAN18	SRR7632895	75.87234084368262
ZSCAN18	SRR7632896	92.05135973484013
ZSCAN18	SRR7632897	346.410854029202
ZSCAN18	SRR7632898	323.2065625902035
ZSCAN18	SRR7632899	225.55458990389442
ZSCAN18	SRR7632900	299.9948371034893
ZSCAN18	SRR7632901	241.52741994303756
ZSCAN18	SRR7632902	74.11327194789062
ZSCAN18	SRR7632903	166.73551114327663
ZSCAN18	SRR7632904	1.052639407087551
ZSCAN18	SRR7632905	17.490861192221544
ZSCAN18	SRR7632906	21.346013350945835
ZSCAN18	SRR7632907	175.7452908087044
ZSCAN18	SRR7632908	273.09820240643927
ZSCAN18	SRR7632909	353.2163303138695
ZSCAN18	SRR7632910	21.801029156586274
ZSCAN18	SRR7632911	33.42840364858396
ZSCAN18	SRR7632912	127.9729102338917
ZSCAN18	SRR7632913	1.0588628832226115
ZSCAN18	SRR7632914	23.71977030645925
ZSCAN18	SRR7632915	11.494627274327215
ZSCAN18	SRR7632916	30.598914609190576
ZSCAN18	SRR7632917	9.472929492462557
ZSCAN18	SRR7632918	1.0259071739140957
ZSCAN18	SRR7632919	42.366081508016045
ZSCAN18	SRR7632920	9.104488448142266
ZSCAN18	SRR7632921	131.58392785191023
ZSCAN18	SRR7632922	215.86247492318205
ZSCAN18	SRR7632923	94.98211057219625
ZSCAN18	SRR7632924	1.029554096116037
ZSCAN18	SRR7632925	129.3900675853723
ZSCAN18	SRR7632926	1.0185058970869778
ZSCAN18	SRR7632927	15.309325609780997
ZSCAN18	SRR7632928	330.09440523734423
ZSCAN18	SRR7632929	1.0408852031443403
ZSCAN18	SRR7632930	360.3240463058833
ZSCAN18	SRR7632931	262.1886499839726
ZSCAN18	SRR7632932	152.83736650348797
ZSCAN18	SRR7632933	28.59586723734033
ZSCAN18	SRR7632934	272.1974218840051
ZSCAN18	SRR7632935	52.52586430093894
ZSCAN18	SRR7632936	25.528150302609
ZSCAN18	SRR7632937	28.404539194793216
ZSCAN18	SRR7632938	32.85631511657697
ZSCAN18	SRR7632939	62.718805948969596
ZSCAN18	SRR7632940	102.66574011845512
ZSCAN18	SRR7632941	115.43784967211515
ZSCAN18	SRR7632942	52.82970797522932
ZSCAN18	SRR7632943	537
ZSCAN18	SRR7632944	52.95821161107417
ZSCAN18	SRR7632945	460
ZSCAN18	SRR8928966	112.99087634770838
ZSCAN18	SRR8928967	131.1966416651508
ZSCAN18	SRR8928968	183.51280344218782
ZSCAN18	SRR8928969	231.9095124036668
ZSCAN18	SRR8928970	208.98718046197965
ZSCAN18	SRR8928971	147.12265552488245
ZSCAN18	SRR8928972	127.4806422000935
ZSCAN18	SRR8928973	194.15136754163288
ZSCAN18	SRR8928974	103.07163157406882
ZSCAN18	SRR8928975	326.217014176742
ZSCAN18	SRR8928976	113.55855277583316
ZSCAN18	SRR8928977	110.10226469056387
ZSCAN18	SRR8928978	108.99190620592734
ZSCAN18	SRR8928979	159.01527934358288
ZSCAN18	SRR8928980	672.3973044436926
ZSCAN18	SRR8928981	226.62544823090167
ZSCAN18	SRR8928982	176.99955286312257
ZSCAN18	SRR8928983	244.46519174622227
ZSCAN18	SRR8928984	213.18145810983754
ZSCAN18	SRR8928985	222.67848857189034
ZSCAN18	SRR8928986	140.25281175640765
ZSCAN18	SRR8928987	406
ZSCAN18	SRR8928988	318
ZSCAN18	SRR8928989	224.83304720093076
ZSCAN18	SRR8928990	109.1412592326429
ZSCAN18	SRR8928991	137.39515340860166
ZSCAN18	SRR9835604	72.01236756936048
ZSCAN18	SRR9835605	338.8631260950337
ZSCAN18	SRR9835606	351.7465525193268
ZSCAN18	SRR9835607	253.25152339320334
ZSCAN18	SRR9835608	96.38206111711854
ZSCAN18	SRR9835609	384
ZSCAN18	SRR9835610	364.6718645149787
ZSCAN18	SRR9835611	275.29706917828537
ZSCAN18	SRR9835612	221.58754891197626
ZSCAN18	SRR9835613	113.66753187920611
ZSCAN18	SRR9835614	154.51216180191562
ZSCAN18	SRR9835615	5.195611645405447
ZSCAN18	SRR9835616	54.399134932363914
ZSCAN18	SRR9835617	72.63212684732177
ZSCAN18	SRR9835618	207.0967960844454
ZSCAN18	SRR9835619	350
ZSCAN18	SRR9835620	284.3271356006061
ZSCAN18	SRR9835621	227.47266056348826
ZSCAN18	SRR9835622	223.6095654895173
ZSCAN18	SRR9835623	439.07900285351695
ZSCAN18	SRR9835624	187.0104300610033
ZSCAN18	SRR9835625	388.1910348667831
ZSCAN18	SRR9835626	182.36014398447495
ZSCAN18	SRR9835627	278.5678510888669
ZSCAN18	SRR9835628	143.01454929819946
ZSCAN18	SRR9835629	137.70275862927403
ZSCAN18	SRR9835630	148.80602673231095
ZSCAN18	SRR9835631	1.0803218233387206
ZSCAN18	SRR9835632	221.50281272761146
ZSCAN18	SRR9835633	198.45488148612776
ZSCAN18	SRR9835634	369.274815319507
ZSCAN18	SRR9835635	154.49513444359553
ZSCAN18	SRR9835636	147.2912588248804
ZSCAN18	SRR9835637	249.0985478737931
ZSCAN18	SRR9835638	119.12754149284943
ZSCAN18	SRR9835639	279.8511916650183
ZSCAN18	SRR9835640	365.9607610182056
ZSCAN18	SRR9835641	169.64217694464097
ZSCAN18	SRR9835642	286.6371494245581
ZSCAN18	SRR9835643	218.83203666122603
ZSCAN18	SRR9835644	377.2135204477184
ZSCAN18	SRR9835645	54.54445251331278
ZSCAN18	SRR9835646	260.3707255872633
ZSCAN18	SRR9835647	292.70176924705714
ZSCAN18	SRR9835648	30.893120167637047
ZSCAN18	SRR9835649	137.54451240565618
ZSCAN18	SRR9835650	146.5539250733079
ZSCAN18	SRR9835651	333.239772689553
ZSCAN18	SRR9835652	94.44333810652293
ZSCAN18	SRR9835653	260.71867606047624
ZSCAN18	SRR9835654	147.46672605580346
ZSCAN18	SRR9835655	158.80564732515063
ZSCAN18	SRR9835656	189.49991008195698
ZSCAN18	SRR9835657	158.31283058890648
ZSCAN18	SRR9835658	334.67200489871544
ZSCAN18	SRR9835659	181.0579981789124
ZSCAN18	SRR9835660	140.03362019073194
ZSCAN18	SRR9835661	118.47332250159003
ZSCAN18	SRR9835662	94.10823561399489
ZSCAN18	SRR9835663	25.497459803418813
ZSCAN18	SRR9835664	178.3072728471378
ZSCAN18	SRR9835665	226.92034316360204
ZSCAN18	SRR9835666	428
ZSCAN18	SRR9835667	151.23249917549356
ZSCAN18	SRR9835668	465
ZSCAN18	SRR9835669	153.96348927140585
ZSCAN18	SRR9835670	88.18158117627245
ZSCAN18	SRR9835671	205.703290994464
ZSCAN18	SRR9835672	263.4540042629058
ZSCAN18	SRR9835673	92.02951030956116
ZSCAN18	SRR9835674	448.20843586739545
ZSCAN18	SRR9835675	101.53774953654846
ZSCAN18	SRR9835676	43.55241194588838
ZSCAN18	SRR9835677	261.68589088530723
ZSCAN18	SRR9835678	181.06103174935203
ZSCAN18	SRR9835679	534.3096157991981
ZSCAN18	SRR9835680	164.88902191934363
ZSCAN18	SRR9835681	244.73312734725693
ZSCAN18	SRR9835682	31.80606750052864
ZSCAN18	SRR9835683	181.12125131585384
ZSCAN18	SRR9835684	95.32198423312605
ZSCAN18	SRR9835685	164.82112157218265
ZSCAN18	SRR9835686	192.51495933533732
ZSCAN18	SRR9835687	477.20001958057867
ZSCAN18	SRR9835688	223
ZSCAN18	SRR9835689	232.67511997050522
ZSCAN18	SRR9835690	238.47621892198353
ZSCAN18	SRR9835691	67.5901913057572
ZSCAN18	SRR9835692	92.62663492940011
ZSCAN18	SRR9835693	215.8565054205693
ZSCAN18	SRR9835694	109.09717548307685
ZSCAN18	SRR9835695	150.76348927866593
ZSCAN18	SRR9835696	125.19555051140624
ZSCAN18	SRR9835697	211.05367281220794
ZSCAN18	SRR9835698	200.18614674615068
ZSCAN18	SRR9835699	139.21915263185113
ZSCAN18	SRR9835700	340.74538667038047
ZSCAN18	SRR9835701	252.7034748419657
ZSCAN18	SRR9835702	353
ZSCAN18	SRR9835703	197.2095053728895
ZSCAN18	SRR9835704	71.32328810573911
ZSCAN18	SRR9835705	286.12569584759564
ZSCAN18	SRR9835706	1.0786425861503106
ZSCAN18	SRR9835707	203.21929106615246
ZSCAN18	SRR9835708	243.24433403414213
ZSCAN18	SRR9835709	351.1263439487155
ZSCAN18	SRR9835710	79.11173966724097
ZSCAN18	SRR9835711	292.10510664679464
ZSCAN18	SRR9835712	176.4409866139108
ZSCAN18	SRR9835713	261.4976026465738
ZSCAN18	SRR9835714	229.35403692807253
ZSCAN18	SRR9835715	239.18431397004946
ZSCAN18	SRR9835716	167.49120755901816
ZSCAN18	SRR9835717	189.6472874919168
ZSCAN18	SRR9835718	99.51008413392121
ZSCAN18	SRR9835719	65.55518439772392
ZSCAN18	SRR9835720	118.73417418607227
ZSCAN18	SRR9835721	180.62513506076235
ZSCAN18	SRR9835722	100.23199618748745
ZSCAN18	SRR9835723	501
ZSCAN18	SRR9835724	174.19474451580257
ZSCAN18	SRR9835725	51.36978001217221
ZSCAN18	SRR9835726	353.2541734516883
ZSCAN18	SRR9835727	171.15062826472362
ZSCAN18	SRR9835728	1.0405909251580585
ZSCAN18	SRR9835729	218.70428897381143
ZSCAN18	SRR9835730	249.9538087796353
ZSCAN18	SRR9835731	5.255054220514201
ZSCAN18	SRR9835732	198.93127568909713
ZSCAN18	SRR9835733	96.42858702264955
ZSCAN18	SRR9835734	258.6586887418486
ZSCAN18	SRR9835735	294.52951384101726
ZSCAN18	SRR9835736	97.1495289137103
ZSCAN18	SRR9835737	314.6552638638306
ZSCAN18	SRR9835738	320.5709705287706
ZSCAN18	SRR9835739	2.0541287090754223
ZSCAN18	SRR9835740	122.56081712007214
ZSCAN18	SRR9835741	180.94980065342978
ZSCAN18	SRR9835742	48.896937676341814
ZSCAN18	SRR9835743	41.36847896296013
ZSCAN18	SRR9835744	187.08166206391596
ZSCAN18	SRR9835745	37.82608478545336
ZSCAN18	SRR9835746	174.8673916793406
ZSCAN18	SRR9835747	150.78688984640618
ZSCAN18	SRR9835748	46.36923651974157
ZSCAN18	SRR9835749	479
ZSCAN18	SRR9835750	177.46047782556374
ZSCAN18	SRR9835751	115.9255225579547
ZSCAN18	SRR9835752	41.61818049017856
ZSCAN18	SRR9835753	140.45789957241468
ZSCAN18	SRR9835754	175.23901605921324
ZSCAN18	SRR9835755	42.60551158594953
ZSCAN18	SRR9835756	6.278437993922331
ZSCAN18	SRR9835757	198.79147128611572
ZSCAN18	SRR9835758	50.28652410381539
ZSCAN18	SRR9835759	82.53372457198617
ZSCAN18	SRR9835760	331
ZSCAN18	SRR9835761	243.04373050889436
ZSCAN18	SRR9835762	44.094879659290534
ZSCAN18	SRR9835763	176.5101494352435
ZSCAN18	SRR9835764	362.93873060242345
ZSCAN18	SRR9835765	140.81720210315717
ZSCAN18	SRR9835766	10.257855942277956
ZSCAN18	SRR9835767	25.924170019819694
ZSCAN18	SRR9835768	260
ZSCAN18	SRR9835769	180
ZSCAN18	SRR9835770	117.28817946671687
ZSCAN18	SRR9835771	146.7903322206544
ZSCAN18	SRR9835772	105.30078873983
ZSCAN18	SRR9835773	402
ZSCAN18	SRR9835774	28.983375139123396
ZSCAN18	SRR9835775	82.4127437680383
ZSCAN18	SRR9835776	200.63386668959495
ZSCAN18	SRR9835777	238.58251285975103
ZSCAN18	SRR9835778	136.56403356689302
ZSCAN18	SRR9835779	85.59483949602254
ZSCAN18	SRR9835780	401.6199511273235
ZSCAN18	SRR9835781	79.9674434230188
ZSCAN18	SRR9835782	78.38682316435356
ZSCAN18	SRR9835783	649
ZSCAN18	SRR9835784	256.02986082198714
ZSCAN18	SRR9835785	1.0438963484044135
ZSCAN18	SRR9835786	145.38608181595276
ZSCAN18	SRR9835787	112.31453724892478
ZSCAN18	SRR9835788	232.38313454429522
ZSCAN18	SRR9835789	428
ZSCAN18	SRR9835790	167.17648207615056
ZSCAN18	SRR9835791	54.43768528563539
ZSCAN18	SRR9835792	747.5859471956122
ZSCAN18	SRR9835793	328.6498836364678
ZSCAN18	SRR9835794	359.0646059781608
ZSCAN18	SRR9835795	1.0567801380566075
ZSCAN18	SRR9835796	258.45944356238226
ZSCAN18	SRR9835797	227
ZSCAN18	SRR9835798	320.49472409162973
ZSCAN18	SRR9835799	232.45577906737734
ZSCAN18	SRR9835800	178.20260762534033
ZSCAN18	SRR9835801	118.59032214411967
ZSCAN18	SRR9835802	235.9321582517103
ZSCAN18	SRR9867812	1
ZSCAN18	SRR9867813	4.254445403751014
ZSCAN18	SRR9867814	176.1921579810211
ZSCAN18	SRR9867815	115
ZSCAN18	SRR9867816	35.018899299632714
ZSCAN18	SRR9867817	81.30503246186669
ZSCAN18	SRR9867818	35.009983622509836
ZSCAN18	SRR9867819	41.688765593431754
ZSCAN18	SRR9867820	1.002342020016362
ZSCAN18	SRR9867821	1
ZSCAN18	SRR9867822	118.53658987145857
ZSCAN18	SRR9867823	37.00665855485222
ZSCAN18	SRR9867824	97.85806464881226
ZSCAN18	SRR9867825	87.67664090063226
ZSCAN18	SRR9867826	163.836038951373
ZSCAN18	SRR9867827	204
ZSCAN18	SRR9867828	159.34892434258563
ZSCAN18	SRR9867829	0.7590978137233615
ZSCAN18	SRR9867830	1.002011990714717
ZSCAN18	SRR9867831	29.60834021163891
ZSCAN18	SRR9879292	217.40051234967927
ZSCAN18	SRR9879293	1.015288110518979
ZSCAN18	SRR9879294	1.0204975926045814
ZSCAN18	SRR9879295	1.0201804361038371
ZSCAN18	SRR9879296	1.0125162691935943
ZSCAN18	SRR9879297	1.0160326211514135
ZSCAN18	SRR9879298	37.424490652054715
ZSCAN18	SRR9879299	136.63548612723716
ZSCAN18	SRR9879300	25.38572885810381
ZSCAN18	SRR9879301	147.3546791467205
ZSCAN18	SRR9879302	23.26190876022288
ZSCAN18	SRR9879303	57.316322778913026
ZSCAN18	SRR9879304	1.0171630497984254
ZSCAN18	SRR9879305	20.22243148769279
ZSCAN18	SRR9879306	109
ZSCAN18	SRR9879307	152.38229591651051
ZSCAN18	SRR9879308	4.04851476430202
ZSCAN18	SRR9879309	1.0114738899666313
ZSCAN18	T50_307	243.50840981508742
ZSCAN18	T50_313	42.71962367846493
ZSCAN18	T50_317	47.84187350625427
ZSCAN18	T50_324	290.48605206343797
ZSCAN18	T50_427	1.0173634427914857
ZSCAN18	T50_428	3.0235198465037136
ZSCAN18	T50_431	1.006184793499986
ZSCAN18	T50_436	1.0087154193912522
ZSCAN18	T50_476	1.008350698322557
ZSCAN18	UN_307	59.785279639836496
ZSCAN18	UN_313	111.59841149683484
ZSCAN18	UN_317	27.22563566683558
ZSCAN18	UN_324	123.68475891770423
ZSCAN18	UN_427	1.0090657297142456
ZSCAN18	UN_428	2.0215855736356194
ZSCAN18	UN_431	1.010700365800461
ZSCAN18	UN_436	1.0085902616518891
ZSCAN18	UN_476	21.214971699476365
