Gene	Geneid	baseMean	log2FoldChange	lfcSE	stat	pvalue	padj
Abalone shriveling syndrome-associated virus	Abalone shriveling syndrome-associated virus	1.008493563848376	-1.7449136279755105e-5	0.09395028305564904	-1.8572734123025e-4	0.9998518110227653	NA
Abelson murine leukemia virus	Abelson murine leukemia virus	1.3075091847388698	0.05833630487418147	0.09436848527312201	0.6181757045834112	0.5364595233450505	0.9998528482339277
Acinetobacter phage vB_AbaS_TRS1	Acinetobacter phage vB_AbaS_TRS1	1.0103115852348592	0.009555776033380384	0.09385381259993983	0.10181553384637365	0.9189030955010814	NA
Adeno-associated dependoparvovirus A	Adeno-associated dependoparvovirus A	1.0143945654006825	0.001902300613652697	0.09396618108265276	0.020244524058921062	0.9838483100902495	0.9998528482339277
Agrotis segetum nucleopolyhedrovirus B	Agrotis segetum nucleopolyhedrovirus B	1.0098501259722996	-1.7449030599234675e-5	0.09395168425163891	-1.8572344645253436e-4	0.9998518141303483	NA
Alfalfa mosaic virus	Alfalfa mosaic virus	1.0320946273131284	-0.07479029634043097	0.09233779621504756	-0.8099640602884887	0.417960831954371	0.9572651312503336
Ateline alphaherpesvirus 1	Ateline alphaherpesvirus 1	1.0515574042664861	-0.035138119747154015	0.09302404624700411	-0.37773157763803095	0.7056300071818549	0.9998528482339277
Autographa californica multiple nucleopolyhedrovirus	Autographa californica multiple nucleopolyhedrovirus	1.0932785826408344	-0.01972540667554811	0.09209296551329793	-0.21419015627963273	0.8303987721125647	0.9998528482339277
Avian leukosis virus	Avian leukosis virus	1.2174266213735607	0.14267663169970848	0.09462745619358413	1.5077720297989174	0.13161288309089905	0.4153117644201703
Avian myeloblastosis virus	Avian myeloblastosis virus	1.0682524293355913	0.0019022806441291184	0.09398535176930224	0.020240182201993383	0.9838517736811765	0.9998528482339277
Avian sarcoma virus CT10	Avian sarcoma virus CT10	1.4174859170050909	0.20966626722613382	0.09634035418290804	2.1763078307566697	0.02953225039790914	0.09752510596518832
Baboon endogenous virus	Baboon endogenous virus	1.0284327760443508	0.007646072543690328	0.09388504376493449	0.08144079437012619	0.9350914076244572	0.9998528482339277
Bacillus phage vB_BanS-Tsamsa	Bacillus phage vB_BanS-Tsamsa	1.0084983848412874	0.005734140992570846	0.09389165011807303	0.06107189494869781	0.951301951939439	NA
Bacillus virus 1	Bacillus virus 1	1.0112218157739534	0.009555847196660302	0.09385438171416571	0.10181567468807916	0.9189029837066174	NA
Bacillus virus Bcp1	Bacillus virus Bcp1	1.162002970361484	0.2969875083342613	0.09274121811866895	3.2023248600664784	0.0013632316757799968	0.005094181525283146
Bacillus virus SIOphi	Bacillus virus SIOphi	1.014399620721644	0.015269537280755134	0.09379861388296737	0.16279064954847788	0.8706832706398382	0.9998528482339277
Bat associated circovirus 4	Bat associated circovirus 4	1.01438994680831	-1.744906201571203e-5	0.09395366018122168	-1.8571987490487927e-4	0.999851816980031	0.9998528482339277
BeAn 58058 virus	BeAn 58058 virus	225.39436415675814	6.431029051789136	0.09309939616698197	69.07702215656178	0	0
Bombyx mori nucleopolyhedrovirus	Bombyx mori nucleopolyhedrovirus	1.0062295904970757	-1.74490470251313e-5	0.09394965511401374	-1.8572763257039952e-4	0.9998518107903096	NA
Bovine gammaherpesvirus 4	Bovine gammaherpesvirus 4	2.040599910656689	0.04163520235395398	0.09492524014974484	0.43861045058484266	0.6609438233480045	0.9998528482339277
Brazilian marseillevirus	Brazilian marseillevirus	1.0089507726961047	-0.008285019166978283	0.09376843075526187	-0.08835616742485972	0.9295935983158022	NA
Brome mosaic virus	Brome mosaic virus	2.443960123177491	-1.9966108682445796	0.1043419393642208	-19.135266992451783	1.2841975054660105e-81	1.2157069718411567e-80
Cafeteria roenbergensis virus	Cafeteria roenbergensis virus	1.021190093786903	-0.008564156192301655	0.09364577264930252	-0.0914526726622661	0.9271329103260159	0.9998528482339277
Cardiovirus A	Cardiovirus A	1.0356884498907781	0.022852315240724928	0.09377241740067621	0.24369975600693147	0.80746336235137806	0.9998528482339277
Catopsilia pomona nucleopolyhedrovirus	Catopsilia pomona nucleopolyhedrovirus	1.0777785526827754	0.059273114706772975	0.09277412483141628	0.6388970503842598	0.5228899069783794	0.9998528482339277
Caviid betaherpesvirus 2	Caviid betaherpesvirus 2	1.0945287486992825	0.09476919350166779	0.09311514063280288	1.017763522211577	0.3087903512837239	0.7830041050408713
Cercopithecine betaherpesvirus 5	Cercopithecine betaherpesvirus 5	1.3286311413229193	0.3230591852390155	0.09973720373219766	3.239104097067481	0.0011990580237781381	0.0046017902534188
Chimeric virus 14	Chimeric virus 14	1.0071396110258795	0.00573419716456782	0.09389123269648615	0.061072764728781974	0.9513012592483537	NA
Choristoneura fumiferana granulovirus	Choristoneura fumiferana granulovirus	2.6033112108059124	0.5577455753716225	0.11054488949851171	5.045421619233982	4.5252237689908537e-7	2.072844436118391e-6
Chrysochromulina ericina virus	Chrysochromulina ericina virus	1.046101746691357	-0.003701818892235752	0.093239786425519	-0.03970213826254103	0.9683305969356705	0.9998528482339277
Citrobacter virus Moon	Citrobacter virus Moon	1.0107677086698912	-0.01484659816668617	0.0934423665919254	-0.15888508294661605	0.873759413481081	NA
Clostridium phage phiCT19406C	Clostridium phage phiCT19406C	1.0089470484347633	-1.7449177739256725e-5	0.0939509014899635	-1.8572655996409751e-4	0.9998518116461256	NA
Clover yellow mosaic virus	Clover yellow mosaic virus	1.008047391015747	0.007646304260102884	0.09387253894222318	0.08145411156727149	0.935080817223487	NA
Columbid alphaherpesvirus 1	Columbid alphaherpesvirus 1	1.5584471510211622	-0.10193652452775016	0.08861926587950515	-1.1502749827148464	0.25003063135309267	0.6455336300388939
Cotesia congregata bracovirus	Cotesia congregata bracovirus	1.022095557600647	-0.006365268683115385	0.09380494978168342	-0.06785642653111129	0.9458999253522868	0.9998528482339277
Cronobacter virus GAP31	Cronobacter virus GAP31	1.007134362574733	-1.744904282228922e-5	0.09395017429362436	-1.8572656148306205e-4	0.9998518116449137	NA
Cyprinid herpesvirus 2	Cyprinid herpesvirus 2	1.0071370385366867	-0.004157152491264481	0.09385868780857448	-0.0442916110199945	0.9646719585502784	NA
Deep-sea thermophilic phage D6E	Deep-sea thermophilic phage D6E	1.1051485583149467	0.20386861145447316	0.09220297570380769	2.2110849449087144	0.02702995529251753	0.09138699170327355
Delftia phage RG-2014	Delftia phage RG-2014	1.0071363108861313	0.0019022655593098335	0.09393054341723646	0.020251831726981827	0.9838424806098615	NA
Drosophila innubila nudivirus	Drosophila innubila nudivirus	1.1344762195463407	0.04536513393926152	0.09357139476965295	0.4848184004410536	0.6278051691384059	0.9998528482339277
Dyokappapapillomavirus 4	Dyokappapapillomavirus 4	1.0080449432126526	0.005734153497886621	0.09389175846800063	0.06107195766112832	0.9513019019953861	NA
Ectocarpus siliculosus virus 1	Ectocarpus siliculosus virus 1	1.0098508417682714	-1.7449008763774908e-5	0.09395438182542659	-1.8571788164384193e-4	0.9998518185704232	NA
Elephant endotheliotropic herpesvirus 4	Elephant endotheliotropic herpesvirus 4	1.010769444798517	-0.00828505955374228	0.09376903255963308	-0.0883560310646624	0.9295937066916374	NA
Elicom virus 1	Elicom virus 1	1.0071391036287607	0.005734179137915388	0.09389123244171071	0.06107257289944793	0.951301412020841	NA
Enterobacteria phage phi80	Enterobacteria phage phi80	1.1751204450762334	0.08028926330062636	0.09718549998862369	0.8261444691854735	0.4087221444373521	0.9514515493459672
Enterobacteria phage YYZ-2008	Enterobacteria phage YYZ-2008	1.006683703924094	-1.744904407703353e-5	0.09395001929783145	-1.8572688124435848e-4	0.999851811389781	NA
Enterococcus virus LY0322	Enterococcus virus LY0322	3.1877276405796806	0.5038397584188213	0.09816047841250823	5.132816858343865	2.854376245358005e-7	1.397660092554609e-6
Enterovirus A	Enterovirus A	1.007593690319855	-1.744904160488767e-5	0.0939503246852963	-1.8572625122197724e-4	0.9998518118924661	NA
Enterovirus C	Enterovirus C	1.0089540232343541	0.0057341298239671976	0.0938922865499422	0.06107136203267517	0.9513023763526909	NA
Equid gammaherpesvirus 2	Equid gammaherpesvirus 2	1.0098531648610678	-1.744912916280255e-5	0.09395116248763195	-1.8572552697365092e-4	0.9998518124703327	NA
Equid gammaherpesvirus 5	Equid gammaherpesvirus 5	1.0320512317447736	-0.004157152476949137	0.0938743381097482	-0.0442842267722732	0.9646778445522367	0.9998528482339277
Erwinia virus Yoloswag	Erwinia virus Yoloswag	1.0066830647947105	-1.7449045885913686e-5	0.09394979585274496	-1.8572734222076408e-4	0.9998518110219751	NA
Escherichia phage HK639	Escherichia phage HK639	1.0284315066041458	-0.041076952529131495	0.09307539703917894	-0.4413298662786328	0.6589742074118352	0.9998528482339277
Escherichia virus 4MG	Escherichia virus 4MG	1.0071350771140435	-1.7449038846751525e-5	0.09395066539411323	-1.8572554833491204e-4	0.9998518124532888	NA
Escherichia virus alpha3	Escherichia virus alpha3	1.0094074885962143	0.00764628788312457	0.09387243412879058	0.08145402805507375	0.935080883635899	NA
Escherichia virus DE3	Escherichia virus DE3	1.1105192397346015	-1.7443960167756523e-5	0.09458443340306842	-1.844273897948901e-4	0.9998528482339277	0.9998528482339277
Escherichia virus EC6	Escherichia virus EC6	1.1096752125934761	-0.46394268093452007	0.0905279000767973	-5.124858530253599	2.977612337959495e-7	1.4094031733008278e-6
Escherichia virus G4	Escherichia virus G4	1.0329805005910448	0.015269428629149609	0.09381878118407569	0.16275449794205343	0.870711735848057	0.9998528482339277
Escherichia virus HY02	Escherichia virus HY02	1.0647521936012316	-0.36441752331482385	0.08842150009522041	-4.121367799939896	3.766295746905429e-5	1.5729823413546205e-4
Escherichia virus ID21	Escherichia virus ID21	1.0075915570203582	0.0019023092628167974	0.09393039937001857	0.020252328059663198	0.983842084674882	NA
Escherichia virus ID52	Escherichia virus ID52	1.0071373681958675	-1.7449044765664488e-5	0.09394993423130663	-1.8572705673965232e-4	0.999851811249756	NA
Escherichia virus ID62	Escherichia virus ID62	1.00668403750757	-1.744904610630505e-5	0.09394976862496708	-1.8572739839263405e-4	0.9998518109771564	NA
Escherichia virus JL1	Escherichia virus JL1	1.0071391036287607	-1.7449044778703435e-5	0.09394993261753477	-1.8572706006865996e-4	0.9998518112470999	NA
Escherichia virus Lambda	Escherichia virus Lambda	5.711114759290214	1.8563181480885365	0.13879923665580288	13.37412361057771	8.565734171048546e-41	5.528792055858607e-40
Escherichia virus M13	Escherichia virus M13	1.1331242524467937	0.015268770480377178	0.09432745832973223	0.16186983886498324	0.8714083546459279	0.9998528482339277
Escherichia virus NC28	Escherichia virus NC28	1.0071371416368478	-1.74490447719606e-5	0.0939499334471314	-1.8572705835688248e-4	0.9998518112484657	NA
Escherichia virus NC29	Escherichia virus NC29	1.008499121069534	0.0019022928411380413	0.09393082500411211	0.020252061461770006	0.9838422973456068	NA
Escherichia virus P1	Escherichia virus P1	1.009857512739606	-1.7449026328105493e-5	0.09395221188111254	-1.85722357981157e-4	0.9998518149988228	NA
Escherichia virus PBECO4	Escherichia virus PBECO4	1.0084982863343497	-0.004157160414145536	0.09385984960212763	-0.04429114719198634	0.964672328268664	NA
Escherichia virus phiX174	Escherichia virus phiX174	1.0234678236711776	-0.006932264953167975	0.09349751207414739	-0.07414384403801465	0.9408959287476779	0.9998528482339277
Escherichia virus RCS47	Escherichia virus RCS47	1.0103135804047394	-0.00828508994085969	0.09377001100651573	-0.08835543317024874	0.9295941818838842	NA
Escherichia virus T4	Escherichia virus T4	1.6795151045224426	0.5115488818850225	0.10732264425946078	4.7664580519309006	1.8749274346501544e-6	8.31999049126006e-6
Escherichia virus Talmos	Escherichia virus Talmos	1.0139407174422463	0.0019022833520588142	0.09393277807581712	0.020251539356404436	0.9838427138399988	0.9998528482339277
Escherichia virus WA45	Escherichia virus WA45	1.0062302297283352	-1.7449047020694364e-5	0.09394965566935251	-1.8572763142533208e-4	0.9998518107912232	NA
Esparto virus	Esparto virus	1.0152960270464526	-0.0025334910143054177	0.09371241465154903	-0.0270347426616388	0.9784320235144393	0.9998528482339277
Faecalibacterium virus Taranis	Faecalibacterium virus Taranis	28.639098306340475	-5.485540910656082	0.1295281303439516	-42.35018984748461	0	0
Fujinami sarcoma virus	Fujinami sarcoma virus	1.0755718053356118	-1.7452658885885286e-5	0.09400867192431017	-1.8564945689198824e-4	0.9998518731654753	0.9998528482339277
Gammapapillomavirus 9	Gammapapillomavirus 9	1.006683703924094	-1.7449044043007446e-5	0.09395002349711977	-1.8572687258074376e-4	0.9998518113966935	NA
Geobacillus phage GBK2	Geobacillus phage GBK2	1.0071377199872145	-1.7449044788513615e-5	0.09394993140693686	-1.8572706256627722e-4	0.999851811245107	NA
Geobacillus virus E2	Geobacillus virus E2	1.1418846957695525	0.3161325390213065	0.09149936535503086	3.4550243905481333	5.502430428476707e-4	0.002232414630981978
Geobacillus virus E3	Geobacillus virus E3	1.3029730580173984	0.5823875845230675	0.09492290196349928	6.135374840805152	8.495863111416028e-10	4.4681946734113925e-9
Geobacillus virus GBSV1	Geobacillus virus GBSV1	1.0125855021221128	0.01906609559682689	0.09375813679731522	0.20335403675996314	0.8388583225120536	0.9998528482339277
Geobacillus virus Tp84	Geobacillus virus Tp84	1.0221084779001741	0.06018152477793685	0.09335274338130785	0.6446679829442171	0.5191423688640491	0.9998528482339277
Gibbon ape leukemia virus	Gibbon ape leukemia virus	1.0103039505914388	-1.7449028600370053e-5	0.09395193118620221	-1.8572293703881436e-4	0.9998518145368016	NA
Hardy-Zuckerman feline sarcoma virus	Hardy-Zuckerman feline sarcoma virus	1.032969767710531	0.009555708548499436	0.0938651038658776	0.1018025672474985	0.9189133878710376	0.9998528482339277
Harvey murine sarcoma virus	Harvey murine sarcoma virus	1.2983431134277963	0.09115374604551048	0.09670296572091602	0.9426158274047091	0.34587744119573594	0.8468033905136982
Hubei mosquito virus 3	Hubei mosquito virus 3	1.0062311585914372	-1.744904701696944e-5	0.09394965613587196	-1.857276304634289e-4	0.9998518107919907	NA
Human alphaherpesvirus 1	Human alphaherpesvirus 1	1.9514022123948302	1.2950354675356384	0.12023452223165247	10.770912076654074	4.722989880955157e-27	2.9159328830244885e-26
Human astrovirus	Human astrovirus	1.0180278804062322	-0.031102281313460635	0.09309323306482226	-0.3340981969312811	0.7383054606186563	0.9998528482339277
Human betaherpesvirus 5	Human betaherpesvirus 5	100.19047455276177	2.6667522312278065	0.14908688350497964	17.887235741558275	1.4828415856363277e-71	1.238608853884462e-70
Human betaherpesvirus 6B	Human betaherpesvirus 6B	1.0094046144895807	-1.7449021176971274e-5	0.09395284824229222	-1.85721045220178e-4	0.9998518160462545	NA
Human betaherpesvirus 7	Human betaherpesvirus 7	1.0089498044859129	-1.7449034291571636e-5	0.09395122810771797	-1.85724387461607e-4	0.9998518133795318	NA
Human coronavirus NL63	Human coronavirus NL63	1.009406132385437	-1.744901537281606e-5	0.09395356531107243	-1.8571956599032534e-4	0.9998518172265092	NA
Human endogenous retrovirus K	Human endogenous retrovirus K	465.5233702173767	8.94468887088805	0.10277375881197244	87.03280851343209	0	0
Human gammaherpesvirus 4	Human gammaherpesvirus 4	10.585762585656756	4.536894054121203	0.15906705951283495	28.521895532714776	6.270025010659154e-179	9.892706127928888e-178
Human immunodeficiency virus 1	Human immunodeficiency virus 1	12.096895768885082	3.5346332924396084	0.15256287721144962	23.16837068784869	9.492406349517278e-119	1.0368628474088103e-117
Human mastadenovirus C	Human mastadenovirus C	4.129156570572419	1.8277317330987972	0.12935711863317736	14.129347904553764	2.5045269071486622e-45	1.6935372419767145e-44
Human polyomavirus 5	Human polyomavirus 5	1.0148464305611349	0.01716886359016123	0.0937820199839126	0.1830720173558469	0.8547415116074335	0.9998528482339277
Human polyomavirus 6	Human polyomavirus 6	1.0066819336083908	-1.744904390332241e-5	0.09395004074896467	-1.8572683698931444e-4	0.9998518114250914	NA
Human respirovirus 3	Human respirovirus 3	1.0093986131995667	-1.7449015413023754e-5	0.09395356035672302	-1.8571957621162314e-4	0.9998518172183537	NA
Ictalurid herpesvirus 2	Ictalurid herpesvirus 2	1.0529152506862773	0.003819462687511644	0.09394115500951511	0.040658034139826986	0.9675685178160437	0.9998528482339277
Indiana vesiculovirus	Indiana vesiculovirus	1.0094047374721018	0.001902292335319144	0.09393195733082074	0.020251811943185902	0.98384249639181	NA
Influenza A virus	Influenza A virus	1.071546609397283	0.051044298764836696	0.09310191471930938	0.5482626100518864	0.5835115969224167	0.9998528482339277
Kallithea virus	Kallithea virus	1.0107680736191726	-1.7449291549427306e-5	0.09395372913158573	-1.857221816601757e-4	0.9998518151395066	NA
Kirsten murine sarcoma virus	Kirsten murine sarcoma virus	1.0238952758286828	0.005734116811382721	0.0939123134764898	0.061058199921975205	0.9513128586356437	0.9998528482339277
Lactobacillus phage JCL1032	Lactobacillus phage JCL1032	1.0066852982000134	0.0038195284080113434	0.09391061246692559	0.04067195716944711	0.9675574180270033	NA
Lactococcus phage 98201	Lactococcus phage 98201	1.0084983081624588	-0.008285026966390609	0.09376987711910162	-0.08835488774148012	0.9295946153777072	NA
Lactococcus phage bIL310	Lactococcus phage bIL310	1.0066835106558083	-1.7449044044533766e-5	0.09395002330843143	-1.8572687297000194e-4	0.999851811396383	NA
Lactococcus phage M6165	Lactococcus phage M6165	1.008042952443715	0.009555739867266539	0.09385335572942145	0.10181564412907801	0.9189030079631195	NA
Lactococcus virus 712	Lactococcus virus 712	1.016189056310584	0.0038194751308313567	0.09393372654740312	0.04066138192552044	0.9675658488765992	0.9998528482339277
Lactococcus virus c2	Lactococcus virus c2	1.0084980569515953	-0.004157160402993111	0.09386005054081331	-0.04429105225322084	0.964672403944576	NA
Lactococcus virus P008	Lactococcus virus P008	1.00713737173954	-0.006365305100063886	0.09374846649068308	-0.06789769836604723	0.9458670709645786	NA
Macaca mulatta papillomavirus 6	Macaca mulatta papillomavirus 6	1.006230259169785	-1.7449047023298712e-5	0.09394965534026846	-1.8572763210361398e-4	0.999851810790682	NA
Macaca mulatta polyomavirus 1	Macaca mulatta polyomavirus 1	5.915851866217601	2.51772668413681	0.13869762423173365	18.15263021326331	1.2239717350408183e-73	1.0862749148487262e-72
Macacine gammaherpesvirus 4	Macacine gammaherpesvirus 4	1.0089453762840512	-1.744908648373143e-5	0.09395063707424514	-1.8572611136146068e-4	0.9998518120040587	NA
Mamastrovirus 1	Mamastrovirus 1	1.1451023864660848	0.20993262014631656	0.09464298317027107	2.2181530327359744	0.026544399887124374	0.09138699170327355
Mason-Pfizer monkey virus	Mason-Pfizer monkey virus	1.0443028929316653	-0.015364415681087257	0.093210562231044	-0.16483556491165657	0.8690734101673603	0.9998528482339277
Megavirus chiliensis	Megavirus chiliensis	1.027073867319359	-0.031102467909634873	0.09310078040482421	-0.3340731170500826	0.7383243853199042	0.9998528482339277
Microbacterium virus Min1	Microbacterium virus Min1	1.0121156499419253	0.005734049876065503	0.09389546835595564	0.06106844107031712	0.9513047026015012	NA
Mocis latipes granulovirus	Mocis latipes granulovirus	1.0691736420062248	0.14773631245331653	0.09400041348701034	1.5716559850423617	0.11603035510036236	0.3744616005511694
Mollivirus sibericum	Mollivirus sibericum	1.1493332114837223	0.22606042764954404	0.09336300681803765	2.421306204181391	0.015464844476395562	0.05630789527302999
Molluscum contagiosum virus	Molluscum contagiosum virus	1.83916184092119	0.11262650397673882	0.09724224517632972	1.1582055080331883	0.24678018110720004	0.6455336300388939
Moloney murine sarcoma virus	Moloney murine sarcoma virus	1.0170997869355347	0.034152574159818656	0.09362471086414806	0.36478162490002186	0.7152744225499061	0.9998528482339277
Moumouvirus	Moumouvirus	1.0134854909054285	-0.016505617642071962	0.09359082848312857	-0.17635934962417174	0.8600116383629015	0.9998528482339277
Mouse mammary tumor virus	Mouse mammary tumor virus	1.0148376430108885	0.0057341144499340035	0.09389770948110873	0.061067671209675774	0.9513053157171061	0.9998528482339277
Murid betaherpesvirus 2	Murid betaherpesvirus 2	1.0075912771672688	0.005734129900953272	0.09389137235693717	0.061071957486726475	0.9513019021342793	NA
Murine astrovirus	Murine astrovirus	1.0062309853741471	0.0019023152609302283	0.09393003974761444	0.020252469455369754	0.983841971880565	NA
Murine leukemia virus	Murine leukemia virus	1.3161149443451499	0.33290253024242	0.09781149333098378	3.4035113758657474	6.6525643081111e-4	0.002624067032643823
Murine leukemia-related retroviruses	Murine leukemia-related retroviruses	1.088227705798723	0.030395778624439488	0.09388218405700566	0.3237651417012523	0.7461158487596357	0.9998528482339277
Murmansk poxvirus	Murmansk poxvirus	1.0098566763594077	-0.012401143651675299	0.09367896472738621	-0.13237917058289111	0.8946843891387386	NA
Mus musculus mobilized endogenous polytropic provirus	Mus musculus mobilized endogenous polytropic provirus	1.8372348122042204	0.5530512279111452	0.10678302159728605	5.179205641856471	2.2283272272752792e-7	1.1300802366896058e-6
Mycoplasma phage phiMFV1	Mycoplasma phage phiMFV1	1.1237390201006074	0.4288284334690083	0.09813942825406946	4.369583572046401	1.2448369356660706e-5	5.3565710565024856e-5
Mythimna unipuncta granulovirus A	Mythimna unipuncta granulovirus A	1.0112247200123918	-0.020598410114163145	0.09350005528135426	-0.22030372123502767	0.8256346222285734	NA
Norwalk virus	Norwalk virus	1.1765136286857625	-0.9013040356898367	0.08807718680415667	-10.233115615896363	1.409115955957962e-24	8.003778629841224e-24
Noumeavirus	Noumeavirus	1.0062308162417744	-0.004157187898359867	0.0938584061295944	-0.04429212118326255	0.9646715518979582	NA
Orpheovirus IHUMI-LCC2	Orpheovirus IHUMI-LCC2	1.0366095853914772	-0.12688336117958857	0.09113890499202242	-1.3921975603140606	0.16386258136396292	0.4653697310736547
Ovine enzootic nasal tumor virus	Ovine enzootic nasal tumor virus	1.0066812234535614	-1.7449044172584483e-5	0.09395000749360724	-1.857269055968068e-4	0.9998518113703506	NA
Oxbow orthohantavirus	Oxbow orthohantavirus	1.2941793140934699	-0.019671314466308463	0.09841093046843788	-0.19988952825334175	0.8415669804149256	0.9998528482339277
Pandoravirus dulcis	Pandoravirus dulcis	1.0968094640939057	0.010629134818857014	0.09219978644667673	0.11528372492494132	0.9082202379767489	0.9998528482339277
Pandoravirus inopinatum	Pandoravirus inopinatum	1.0556734710991502	-0.12305731906143333	0.09110649281511596	-1.3506975766387557	0.17679232889533605	0.48508942703339825
Pandoravirus macleodensis	Pandoravirus macleodensis	1.052018902342457	-0.045956773175745015	0.09224949111829427	-0.49817915111112404	0.6183577760729305	0.9998528482339277
Pandoravirus neocaledonia	Pandoravirus neocaledonia	1.8629262295966484	-0.03005899721475095	0.09479919363166947	-0.3170807267785574	0.7511823487104246	0.9998528482339277
Pandoravirus salinus	Pandoravirus salinus	1.0533693489580978	-0.12860178431761887	0.09075417310643888	-1.4170343898874085	0.15647287315369307	0.45345199975151873
Papiine gammaherpesvirus 1	Papiine gammaherpesvirus 1	1.03252442196558	0.04908389001116082	0.09352298764702656	0.524832356686601	0.5996997360857155	0.9998528482339277
Parvovirus NIH-CQV	Parvovirus NIH-CQV	1.0184796428686058	0.03977024463378159	0.09355665335406133	0.42509263860981356	0.6707691440296442	0.9998528482339277
Pectobacterium virus PP74	Pectobacterium virus PP74	1.007593450604807	-3.2022370208239885e-4	0.09381960654049568	-0.003413185301988872	0.9972766774320941	NA
Pepino mosaic virus	Pepino mosaic virus	2.703825131484947	-2.015029126560197	0.1140312965499787	-17.670842895985412	7.033803605623821e-70	5.548889511103237e-69
Pepper chlorotic spot virus	Pepper chlorotic spot virus	21.407074484579788	-3.7282215054810908	0.14096002680189235	-26.448785446960773	3.7680306051058385e-154	4.4588362160419093e-153
Peridroma alphabaculovirus	Peridroma alphabaculovirus	1.0084952409626613	-1.7449180481339758e-5	0.09395056258801479	-1.857272591102689e-4	0.9998518110882877	NA
Pestivirus A	Pestivirus A	1.0361284231113805	0.001902274445058132	0.0939441025206322	0.020249003333022958	0.9838447368790608	0.9998528482339277
Pestivirus B	Pestivirus B	1.0162006395943477	-1.74489108940201e-5	0.09396648034220036	-1.8569292827054832e-4	0.9998518384803341	0.9998528482339277
Pestivirus G	Pestivirus G	1.0556162330094347	0.001902262202123275	0.09395277852971523	0.020247003142345923	0.9838463324732051	0.9998528482339277
Phaeocystis globosa virus	Phaeocystis globosa virus	1.037993389726673	-0.12312728511213585	0.09133650228639946	-1.3480621879525403	0.1776383817305402	0.48508942703339825
Phaseolus vulgaris alphaendornavirus 1	Phaseolus vulgaris alphaendornavirus 1	22.56873111220162	-4.868437421976007	0.14060057223878597	-34.62601427900166	1.0259643566879246e-262	2.0812419807097896e-261
Primate T-lymphotropic virus 1	Primate T-lymphotropic virus 1	1.0583577483099684	0.1355597719237567	0.09292953028349477	1.458737298146373	0.14463742615856945	0.4369896705216354
Prochlorococcus phage P-SSM3	Prochlorococcus phage P-SSM3	1.0311283233646684	-1.7448835343471867e-5	0.09397581948477922	-1.8567367051582843e-4	0.999851853845799	0.9998528482339277
Propionibacterium phage BruceLethal	Propionibacterium phage BruceLethal	1.078663403870801	0.06202069409959722	0.09367783883270835	0.6620636734623537	0.5079304155142041	0.9998528482339277
Propionibacterium phage Enoki	Propionibacterium phage Enoki	1.0107569920296293	0.009555664813121582	0.09385467994467286	0.10181340790629329	0.9189047829867473	NA
Propionibacterium phage QueenBey	Propionibacterium phage QueenBey	1.1225750131202765	0.1425131796191352	0.09553425476395502	1.4917495297498806	0.13576481937305865	0.4191000945863984
Propionibacterium virus Attacne	Propionibacterium virus Attacne	1.0356642789080888	0.07848833571080402	0.09324393874370546	0.8417526840703355	0.3999264018040343	0.9464924842695479
Propionibacterium virus Lauchelly	Propionibacterium virus Lauchelly	1.114434518671784	0.06887519853359844	0.09451004964713769	0.7287605793325745	0.466148129098532	0.9998528482339277
Propionibacterium virus P1.1	Propionibacterium virus P1.1	1.0302324169711354	0.05464243329017248	0.09344208349668147	0.5847732760808257	0.5587001757351553	0.9998528482339277
Propionibacterium virus P101A	Propionibacterium virus P101A	1.0116657674650784	0.0038194025500464454	0.09391360546797445	0.04066932081900426	0.9675595197913345	NA
Propionibacterium virus PAD20	Propionibacterium virus PAD20	1.0288674427933024	0.04350209857051914	0.09357089919251975	0.4649105538786656	0.6419955123181178	0.9998528482339277
Propionibacterium virus PAS50	Propionibacterium virus PAS50	1.015740879188015	0.007646217843208073	0.093882123914443	0.08144487496018148	0.9350881625646549	0.9998528482339277
Propionibacterium virus PHL025M00	Propionibacterium virus PHL025M00	1.0216254030047418	0.03188756451904725	0.0935087959062669	0.34101139053283613	0.7330950067570103	0.9998528482339277
Propionibacterium virus PHL041M10	Propionibacterium virus PHL041M10	1.0234419000592812	0.039362469080129324	0.09343897156741908	0.4212639375180633	0.6735623605859615	0.9998528482339277
Propionibacterium virus PHL071N05	Propionibacterium virus PHL071N05	1.022529282139572	0.020960127640760304	0.09375248131059559	0.22356877756995922	0.8230928606070552	0.9998528482339277
Propionibacterium virus PHL095N00	Propionibacterium virus PHL095N00	1.033847433370762	0.04722490871744279	0.09354129984521663	0.5048562377857282	0.6136598130101156	0.9998528482339277
Propionibacterium virus PHL114L00	Propionibacterium virus PHL114L00	1.0383736427281345	0.026255869682119362	0.09358886768730901	0.280544794813024	0.7790595633504074	0.9998528482339277
Propionibacterium virus PHL116M00	Propionibacterium virus PHL116M00	1.1004014674130156	0.09421719160231032	0.09396010570761912	1.002736117554946	0.3159881986413136	0.7871986702994129
Propionibacterium virus SKKY	Propionibacterium virus SKKY	1.0175533286681855	0.007646139613403823	0.09388980800783107	0.08143737617150182	0.9350941259230829	0.9998528482339277
Proteus phage VB_PmiS-Isfahan	Proteus phage VB_PmiS-Isfahan	5161.7599691471605	4.71210241512111	0.16623536410481385	28.34596862404115	9.384655428272002e-177	1.3326210708146244e-175
Pseudomonas phage phi3	Pseudomonas phage phi3	1.0062301882361875	-1.7449047022592958e-5	0.09394965542521845	-1.857276319281656e-4	0.999851810790822	NA
Pseudomonas virus B3	Pseudomonas virus B3	1.0112116846087142	0.011462677706924516	0.0938383868685129	0.12215339680749321	0.90277753393125	NA
Pseudomonas virus EL	Pseudomonas virus EL	1.007591392242888	-1.7449041847444928e-5	0.09395029472107089	-1.857263130387127e-4	0.9998518118431435	NA
Pseudomonas virus LKA1	Pseudomonas virus LKA1	2.2832240552428704	1.9112440579478573	0.12371316933753497	15.44899438097234	7.662966731792385e-54	5.440706379572593e-53
Pseudomonas virus M6	Pseudomonas virus M6	1.0071396110258795	0.0057341971645678246	0.09389123269648633	0.061072764728781904	0.9513012592483537	NA
Pseudomonas virus Noxifer	Pseudomonas virus Noxifer	1.0116731126983889	0.0019022637213439466	0.09393682516028662	0.02025045788058165	0.9838435765559413	NA
Pseudomonas virus NP1	Pseudomonas virus NP1	1.0071369297095718	0.005734101753063837	0.0938912313493318	0.061071749413207	0.9513020678436107	NA
Pseudomonas virus PaMx28	Pseudomonas virus PaMx28	1.0080431120161422	-1.744904053359302e-5	0.09395045701645377	-1.857259782199583e-4	0.9998518121102902	NA
Pseudomonas virus PM105	Pseudomonas virus PM105	1.0098526663560194	-1.7449008723619143e-5	0.09395438677761474	-1.857178714275477e-4	0.9998518185785746	NA
Pseudomonas virus PRD1	Pseudomonas virus PRD1	1.0121264980813751	-0.01892803574585198	0.0933519291021095	-0.20275998501485984	0.8393226355553216	0.9998528482339277
Pygoscelis adeliae polyomavirus 1	Pygoscelis adeliae polyomavirus 1	1.0320542823634782	0.00190226043332258	0.09394037838384378	0.02024965692122162	0.9838442154980314	0.9998528482339277
Ralstonia phage p12J	Ralstonia phage p12J	1.00850153470924	0.01146296836136502	0.09383412436637996	0.12216204327337564	0.9027706863323725	NA
Ralstonia virus RSL1	Ralstonia virus RSL1	1.0071342796258567	-1.744903882753253e-5	0.09395066776375248	-1.8572554344594685e-4	0.9998518124571897	NA
Rhodothermus phage RM378	Rhodothermus phage RM378	1.0075915890221634	-1.7449043636217014e-5	0.09395007375345349	-1.8572676890076e-4	0.9998518114794183	NA
Saimiriine gammaherpesvirus 2	Saimiriine gammaherpesvirus 2	1.0759829087533785	0.005734097062612063	0.09392293547238857	0.0610510844212037	0.9513185254120684	0.9998528482339277
Salmonella virus BPS17L1	Salmonella virus BPS17L1	1.0629275824340427	-0.13449974199084633	0.09291648976021098	-1.4475336115037167	0.14774752971873092	0.43708644208457903
Salmonella virus FelixO1	Salmonella virus FelixO1	1.0388863961622448	-0.056919200303334645	0.09329087133979963	-0.610126151528953	0.5417782443048368	0.9998528482339277
Sapporo virus	Sapporo virus	1.0302833975858607	-0.20092885682207057	0.09001281951688357	-2.2322248975256533	0.025600102673181642	0.09088036448979482
Sewage-associated gemycircularvirus 1	Sewage-associated gemycircularvirus 1	1.0062301467478354	-1.7449047022908294e-5	0.09394965538606803	-1.857276320089179e-4	0.9998518107907576	NA
Shamonda orthobunyavirus	Shamonda orthobunyavirus	175.33658914802598	5.462670914613275	0.17348358741718556	31.488113636230548	1.2635275753387243e-217	2.2427614462262357e-216
Shigella virus SFPH2	Shigella virus SFPH2	1.0071391036287607	0.005734179137915394	0.09389123244170654	0.061072572899450714	0.9513014120208387	NA
Simbu orthobunyavirus	Simbu orthobunyavirus	46.354074161766185	2.468802830448914	0.14553761859092904	16.96333122907638	1.533958856020048e-64	1.1464324081834045e-63
Snyder-Theilen feline sarcoma virus	Snyder-Theilen feline sarcoma virus	1.5590984365806475	0.12316142427270778	0.09518174868782871	1.2939605120793178	0.1956790608673927	0.5242722008145239
Spleen focus-forming virus	Spleen focus-forming virus	1.0524537644800138	0.0416376463839494	0.09358768238605251	0.44490519823103036	0.6563882658782544	0.9998528482339277
Spodoptera exigua multiple nucleopolyhedrovirus	Spodoptera exigua multiple nucleopolyhedrovirus	1.1933678292333143	-0.0798290697196782	0.09198107817871462	-0.8678857793401195	0.38545686464253737	0.9277097420210221
Spodoptera litura granulovirus	Spodoptera litura granulovirus	1.0334286075181927	0.013367376038465535	0.09385557448010956	0.1424249557099928	0.8867443515086046	0.9998528482339277
Squirrel monkey retrovirus	Squirrel monkey retrovirus	1.005776672548281	-1.744904816171578e-5	0.09394951471685564	-1.85727922217625e-4	0.9998518105592046	NA
Staphylococcus phage IME-SA4	Staphylococcus phage IME-SA4	1.0157389738815228	0.003819395198491198	0.0939221870341443	0.040665526635391296	0.9675625446095439	0.9998528482339277
Staphylococcus phage SPbeta-like	Staphylococcus phage SPbeta-like	1.0116716729870714	-1.7449025497395995e-5	0.0939523145157668	-1.857221462539675e-4	0.9998518151677567	NA
Staphylococcus phage StB12	Staphylococcus phage StB12	1.0537698367350383	0.07434807462821912	0.09322710834354987	0.7974941618294124	0.4251640921499609	0.9583063664332453
Staphylococcus phage StB20	Staphylococcus phage StB20	1.0275165257627512	0.026628807264177212	0.0937525218345081	0.28403297045366277	0.7763851139310649	0.9998528482339277
Staphylococcus virus Andhra	Staphylococcus virus Andhra	3309.91883245108	12.984856371370432	0.20384951285214	63.69824577794726	0	0
Staphylococcus virus CSA13	Staphylococcus virus CSA13	4.733609824595024	0.6866189293046538	0.1022110598358793	6.717657858231394	1.8466866516278587e-11	1.0085750174275229e-10
Staphylococcus virus SEP9	Staphylococcus virus SEP9	1.027976277470566	0.030395500848834467	0.09368113334565005	0.32445701459103704	0.7455920608302549	0.9998528482339277
Stenotrophomonas phage S1	Stenotrophomonas phage S1	1.1248127104627024	0.007644530064130035	0.0977818529796005	0.07817943545951063	0.937685320068441	0.9998528482339277
Streptococcus phage 20617	Streptococcus phage 20617	1.0075906523232026	-1.744904080032958e-5	0.09395042406401238	-1.857260462011413e-4	0.9998518120560491	NA
Streptococcus phage EJ-1	Streptococcus phage EJ-1	1.0089504062131602	-0.004448212087689742	0.0937294220867333	-0.04745801252859056	0.9621481937535828	NA
Streptococcus phage SpSL1	Streptococcus phage SpSL1	1.0134789825970016	0.011462614099851675	0.0938390869597408	0.12215180764460559	0.9027787924751404	0.9998528482339277
Streptococcus virus DT1	Streptococcus virus DT1	1.0189258707695972	0.005099581550024847	0.0936408673301607	0.0544589311848709	0.9565695281726803	0.9998528482339277
Stx2-converting phage 1717	Stx2-converting phage 1717	1.006683703924094	-1.7449044077036344e-5	0.09395001929783144	-1.8572688124438846e-4	0.999851811389781	NA
Sulfolobus monocaudavirus SMV4	Sulfolobus monocaudavirus SMV4	1.0062308162417744	-1.7449047019913843e-5	0.09394965576583698	-1.8572763122628555e-4	0.999851810791382	NA
Synechococcus phage ACG-2014f	Synechococcus phage ACG-2014f	1.0320535266846602	0.0050996688046807	0.09364414662635034	0.054457955872339744	0.9565703052064031	0.9998528482339277
Synechococcus phage metaG-MbCM1	Synechococcus phage metaG-MbCM1	1.0098580917120306	-1.744908566152697e-5	0.09395073864567292	-1.8572590181898074e-4	0.9998518121712494	NA
Synechococcus phage S-CAM1	Synechococcus phage S-CAM1	1.0062304589795572	-1.7449047022224752e-5	0.09394965546899837	-1.8572763183769854e-4	0.9998518107908941	NA
Synechococcus virus Bellamy	Synechococcus virus Bellamy	1.0166481068345312	-1.744954896742114e-5	0.09395428773843281	-1.8572381726739707e-4	0.9998518138344809	0.9998528482339277
Thermus phage phiYS40	Thermus phage phiYS40	1.0071342796258567	-1.744903882753253e-5	0.09395066776375248	-1.8572554344594685e-4	0.9998518124571897	NA
Thermus phage TMA	Thermus phage TMA	1.008500341448941	0.009555876759758778	0.09385275469798682	0.10181775474261871	0.9189013326434241	NA
Tobacco mosaic virus	Tobacco mosaic virus	27.126557054536597	-3.8442703783856342	0.14275395798542234	-26.92934355472092	9.958840246157074e-160	1.2855957408675494e-158
Tobacco streak virus	Tobacco streak virus	1.021205418467524	-0.02467938210753692	0.09344636247000415	-0.2641021164998144	0.7917012330475092	0.9998528482339277
Tomato mosaic virus	Tomato mosaic virus	596.8888971806871	-8.48570925047293	0.1676033925443415	-50.62969860963842	0	0
Tomato mottle mosaic virus	Tomato mottle mosaic virus	13.498776361823591	-2.939058382636556	0.13127742312762605	-22.388148035014712	5.134850847199515e-111	5.208205859302365e-110
Tupaiid betaherpesvirus 1	Tupaiid betaherpesvirus 1	1.012119533322655	0.0038194685050278003	0.09391279618755889	0.04067037358146285	0.9675586805028166	NA
uncultured crAssphage	uncultured crAssphage	2770.1517885986123	-12.400987218306774	0.1870184890597416	-66.3088835796624	0	0
Vibrio virus pTD1	Vibrio virus pTD1	1.0211737864550685	0.005734084592531868	0.0938956320430107	0.06106870434511011	0.9513044929299449	0.9998528482339277
White clover mosaic virus	White clover mosaic virus	1.0139425446628967	0.0050998940011314	0.09363595020404325	0.05446512787041898	0.9565645912601046	0.9998528482339277
White spot syndrome virus	White spot syndrome virus	1.011663273173982	0.001594264452958223	0.09380215597032478	0.016996032089737725	0.9864397812495039	NA
Woodchuck hepatitis virus	Woodchuck hepatitis virus	3.1432287969561883	1.3014146897368297	0.12668972606301557	10.272456419153555	9.378571406289622e-25	5.548988082054693e-24
Woolly monkey sarcoma virus	Woolly monkey sarcoma virus	1.1295017182021858	0.005733942234367289	0.09438164016804931	0.06075272928249429	0.9515561373048695	0.9998528482339277
Y73 sarcoma virus	Y73 sarcoma virus	1.0741762287773737	0.0057340559654716775	0.0939513727264608	0.06103216801489818	0.9513335904277165	0.9998528482339277
